{
"metadata": {
    "version": {
        "essentia": "2.1-beta3"
    }
},
"lowLevel": {
    "average_loudness": 0.99068403244,
    "barkbands_kurtosis": {
        "kurt": 1.55497598648,
        "max": 3.21562767029,
        "mean": 0.0837611630559,
        "median": -0.238214492798,
        "min": -1.16580569744,
        "skew": 1.41220355034,
        "var": 1.2724930048
    },
    "barkbands_skewness": {
        "kurt": 2.40486288071,
        "max": 2.00972795486,
        "mean": 0.112034834921,
        "median": 0.00167581171263,
        "min": -0.908428788185,
        "skew": 1.40423750877,
        "var": 0.429124832153
    },
    "barkbands_spread": {
        "kurt": 2.47165107727,
        "max": 12.6017551422,
        "mean": 6.36070680618,
        "median": 5.67232084274,
        "min": 4.12610244751,
        "skew": 1.59943187237,
        "var": 4.42451810837
    },
    "dissonance": {
        "kurt": 0.889113664627,
        "max": 0.499974787235,
        "mean": 0.478396445513,
        "median": 0.492699682713,
        "min": 0.397172391415,
        "skew": -1.47830224037,
        "var": 0.000951094843913
    },
    "hfc": {
        "kurt": 0.856234788895,
        "max": 142.21270752,
        "mean": 27.6076889038,
        "median": 1.80552053452,
        "min": 0.000786888122093,
        "skew": 1.52858698368,
        "var": 2049.46850586
    },
    "pitch": {
        "kurt": 3.99081087112,
        "max": 2252.85888672,
        "mean": 788.962585449,
        "median": 558.262512207,
        "min": 282.846343994,
        "skew": 2.11585736275,
        "var": 215031.09375
    },
    "pitch_instantaneous_confidence": {
        "kurt": 0.460969209671,
        "max": 0.83032733202,
        "mean": 0.480796039104,
        "median": 0.443287551403,
        "min": 0.283606469631,
        "skew": 1.23966562748,
        "var": 0.0210009273142
    },
    "pitch_salience": {
        "kurt": 2.27704381943,
        "max": 0.766967892647,
        "mean": 0.689471900463,
        "median": 0.700570106506,
        "min": 0.499610036612,
        "skew": -1.60788547993,
        "var": 0.00430786702782
    },
    "silence_rate_20dB": {
        "kurt": 0,
        "max": 1,
        "mean": 1,
        "median": 1,
        "min": 1,
        "skew": 0,
        "var": 0
    },
    "silence_rate_30dB": {
        "kurt": 0,
        "max": 1,
        "mean": 1,
        "median": 1,
        "min": 1,
        "skew": 0,
        "var": 0
    },
    "silence_rate_60dB": {
        "kurt": -1.98214256763,
        "max": 1,
        "mean": 0.533333361149,
        "median": 1,
        "min": 0,
        "skew": -0.133630782366,
        "var": 0.248888880014
    },
    "spectral_centroid": {
        "kurt": 1.42943477631,
        "max": 1986.17016602,
        "mean": 1644.15112305,
        "median": 1688.41674805,
        "min": 1014.75012207,
        "skew": -1.21283483505,
        "var": 53816.6328125
    },
    "spectral_complexity": {
        "kurt": -1.23671483994,
        "max": 38,
        "mean": 12.1999998093,
        "median": 4,
        "min": 0,
        "skew": 0.6659527421,
        "var": 202.693359375
    },
    "spectral_crest": {
        "kurt": 0.847418308258,
        "max": 19.0097045898,
        "mean": 9.59666919708,
        "median": 8.4245672226,
        "min": 5.1552491188,
        "skew": 1.19613921642,
        "var": 12.5862636566
    },
    "spectral_decrease": {
        "kurt": 0.0237145423889,
        "max": -1.03544282252e-13,
        "mean": -3.60496810181e-09,
        "median": -2.55248655545e-10,
        "min": -1.55535264668e-08,
        "skew": -1.288828969,
        "var": 3.10916115697e-17
    },
    "spectral_energy": {
        "kurt": 0.125039100647,
        "max": 0.0716016218066,
        "mean": 0.0161100756377,
        "median": 0.00112713384442,
        "min": 4.62171726667e-07,
        "skew": 1.32048940659,
        "var": 0.000630427210126
    },
    "spectral_energyband_high": {
        "kurt": -0.442876815796,
        "max": 0.000245214207098,
        "mean": 6.31843722658e-05,
        "median": 4.78584888697e-06,
        "min": 2.01760541607e-09,
        "skew": 1.03775978088,
        "var": 7.29923765874e-09
    },
    "spectral_energyband_low": {
        "kurt": 3.62080526352,
        "max": 7.93173455804e-08,
        "mean": 1.3977389024e-08,
        "median": 4.80713824302e-09,
        "min": 9.45397649055e-10,
        "skew": 2.15745711327,
        "var": 4.44428234787e-16
    },
    "spectral_energyband_middle_high": {
        "kurt": 0.182474851608,
        "max": 0.0709608346224,
        "mean": 0.0155694941059,
        "median": 0.00110902031884,
        "min": 4.31875804452e-07,
        "skew": 1.33671975136,
        "var": 0.000598000304308
    },
    "spectral_energyband_middle_low": {
        "kurt": 1.73482084274,
        "max": 0.00451764557511,
        "mean": 0.000793231534772,
        "median": 1.18018751891e-05,
        "min": 2.8342402203e-08,
        "skew": 1.67496132851,
        "var": 1.73960563643e-06
    },
    "spectral_flatness_db": {
        "kurt": -0.284352779388,
        "max": 0.381283581257,
        "mean": 0.306662678719,
        "median": 0.314949840307,
        "min": 0.185990139842,
        "skew": -0.576898872852,
        "var": 0.00296453922056
    },
    "spectral_flux": {
        "kurt": -1.43980300426,
        "max": 0.179072931409,
        "mean": 0.0669980570674,
        "median": 0.0312372744083,
        "min": 0.00240251095966,
        "skew": 0.513237953186,
        "var": 0.00449741678312
    },
    "spectral_kurtosis": {
        "kurt": 1.68376922607,
        "max": 39.5435943604,
        "mean": 20.1174602509,
        "median": 19.5482234955,
        "min": 10.2653141022,
        "skew": 1.34399521351,
        "var": 48.8766021729
    },
    "spectral_rms": {
        "kurt": -0.780351400375,
        "max": 0.00835794489831,
        "mean": 0.0025789977517,
        "median": 0.00104863848537,
        "min": 2.12343875319e-05,
        "skew": 0.918359935284,
        "var": 9.06591776584e-06
    },
    "spectral_rolloff": {
        "kurt": 2.50609350204,
        "max": 2777.78320312,
        "mean": 2292.56811523,
        "median": 2304.05273438,
        "min": 1593.45703125,
        "skew": -1.02892780304,
        "var": 60579.1289062
    },
    "spectral_skewness": {
        "kurt": 0.489028692245,
        "max": 4.61899709702,
        "mean": 3.36902689934,
        "median": 3.2583668232,
        "min": 2.46196174622,
        "skew": 0.927551925182,
        "var": 0.311635822058
    },
    "spectral_spread": {
        "kurt": 1.59919834137,
        "max": 3702442.5,
        "mean": 2310389.5,
        "median": 2068728.75,
        "min": 1873050.875,
        "skew": 1.76014006138,
        "var": 310900457472
    },
    "spectral_strongpeak": {
        "kurt": 1.6526684761,
        "max": 7.07162475586,
        "mean": 1.42785596848,
        "median": 0.683086276054,
        "min": 0.00551980454475,
        "skew": 1.65741229057,
        "var": 4.07761144638
    },
    "zerocrossingrate": {
        "kurt": 0.641493558884,
        "max": 0.0859375,
        "mean": 0.0713541656733,
        "median": 0.08203125,
        "min": 0.0263671875,
        "skew": -1.37254869938,
        "var": 0.000330984301399
    },
    "barkbands": {
        "kurt": [4.36327505112, -0.583958864212, 6.27247619629, 2.78516674042, 2.20405578613, 4.83499956131, 3.32208299637, 5.50129985809, 5.36936187744, 3.19083595276, 0.414416790009, 1.01540994644, 3.45958518982, 1.67255783081, 2.96530818939, 7.17086219788, -0.309638261795, 1.70013952255, 1.6998333931, -0.33074760437, 1.0529088974, 0.00777983665466, 2.14855909348, 0.48331785202, 1.3464679718, 2.26738882065, 7.9589881897],
        "max": [8.87969864305e-10, 2.96806401678e-09, 2.75668323724e-08, 2.76568300706e-07, 7.00953250998e-07, 9.99443614091e-07, 4.54076689493e-06, 9.24354535528e-05, 0.00267387623899, 0.017475316301, 0.00707856845111, 0.00371923716739, 0.00247032055631, 0.0173929184675, 0.00723330210894, 0.033312048763, 0.00731791369617, 0.0038204556331, 0.00141671707388, 0.000272396719083, 6.06468129263e-05, 1.14736321848e-05, 1.02831763797e-05, 9.78403204499e-06, 6.15122280578e-06, 4.80479727116e-08, 4.41293535047e-09],
        "mean": [1.30457630809e-10, 1.17561294033e-09, 4.36071889709e-09, 4.47708892182e-08, 1.42616201515e-07, 1.69044909626e-07, 7.6013253647e-07, 1.23683330457e-05, 0.000354032352334, 0.00265108654276, 0.00154041463975, 0.000722797063645, 0.000360567792086, 0.00296932808124, 0.00117586215492, 0.00368320080452, 0.00161858857609, 0.000679181073792, 0.000255529244896, 6.62908860249e-05, 1.22126202768e-05, 2.65333892457e-06, 1.65456651757e-06, 2.09320819522e-06, 1.10472194592e-06, 8.16868439557e-09, 5.2139043083e-10],
        "median": [1.27070116582e-11, 7.81451681142e-10, 2.26017338179e-09, 1.58427870822e-09, 5.63708724144e-08, 6.2495374209e-08, 1.25206469193e-07, 8.51465813412e-07, 7.01978251527e-06, 6.16130710114e-05, 8.01383066573e-05, 2.53119960689e-05, 2.49347649515e-05, 0.000344304105965, 6.21370782028e-05, 7.88322213339e-05, 3.17591548082e-05, 2.72753641184e-05, 9.42634960666e-06, 4.07892275689e-06, 1.00340321296e-06, 1.59551731826e-07, 4.07056433005e-08, 5.9084946713e-08, 4.94761387415e-08, 5.51573842156e-10, 5.62227139844e-11],
        "min": [3.72989372678e-13, 5.26136842427e-11, 4.25531332393e-10, 1.39786349163e-10, 3.60735641358e-09, 7.41176453545e-10, 2.51293430509e-09, 2.88207790966e-10, 1.7236923e-08, 7.15505787952e-09, 8.46858760895e-09, 6.51760743153e-08, 3.63774077528e-08, 1.36139760798e-07, 3.32786811441e-08, 6.37544488313e-08, 3.95031918288e-08, 1.8166634419e-08, 7.38870831185e-09, 1.89620852353e-09, 9.04255892387e-10, 3.08597758458e-10, 3.22912911688e-11, 3.74648992385e-11, 2.39510165173e-11, 4.91807939859e-12, 1.72191655465e-12],
        "skew": [2.27034759521, 0.85512316227, 2.66376709938, 1.9126162529, 1.76622307301, 2.3187379837, 2.0526330471, 2.53411364555, 2.51177096367, 2.05620360374, 1.39238023758, 1.47943222523, 2.11579442024, 1.74917244911, 1.97842562199, 2.8569726944, 1.21630585194, 1.75626397133, 1.78641879559, 1.06221318245, 1.53202390671, 1.21946394444, 1.94836962223, 1.46890354156, 1.67120349407, 1.79992711544, 3.00088477135],
        "var": [5.53006751761e-20, 8.47892026019e-19, 4.58682634619e-17, 5.93408455308e-15, 3.74851076557e-14, 6.41580769089e-14, 1.5136015271e-12, 5.74074399129e-10, 4.86336602989e-07, 2.37162130361e-05, 6.03960324952e-06, 1.24437679005e-06, 4.63758624392e-07, 2.72457455139e-05, 4.05080118071e-06, 7.1213748015e-05, 6.88020782036e-06, 1.35590130412e-06, 2.00708555553e-07, 8.14425948903e-09, 3.48450851506e-10, 1.44110418043e-11, 1.03856376624e-11, 1.17968967928e-11, 3.58576688307e-12, 1.86119806815e-16, 1.18280189471e-18],
        "cov": [[5.9250721095e-20, 1.73233734425e-19, 4.79709644372e-19, 7.59761670317e-18, 1.6689164606e-17, 7.16043106992e-18, 5.21543960572e-17, 1.43801101093e-15, 7.29482460223e-14, 1.36806974711e-13, 2.79477043721e-13, 1.60948958696e-13, 6.41065502007e-14, 5.08621790518e-13, 2.22085411584e-13, 4.09906863227e-13, 2.00188417275e-13, 1.06033332613e-13, 3.937152118e-14, 8.5258617996e-15, 2.02334698814e-15, 6.32399774739e-16, 2.98955355354e-16, 3.6906773994e-16, 1.99452462747e-16, 1.62726175426e-18, 1.07696240342e-19], [1.73233734425e-19, 9.08455760627e-19, 1.45185148793e-18, 3.62228279763e-17, 1.01648281479e-16, 3.44716998544e-17, 1.48408894151e-16, 9.08076155367e-15, 2.83484471791e-13, 3.76655548114e-13, 1.30247971696e-12, 9.75353044858e-13, 3.64650231668e-13, 3.17841261123e-12, 1.13756801288e-12, 5.72339875146e-12, 1.53612636934e-12, 6.8410256843e-13, 2.62469164241e-13, 4.45443208957e-14, 1.03951449296e-14, 2.91311359461e-15, 2.01081492393e-15, 2.44407905271e-15, 1.21685949637e-15, 8.14791845801e-18, 3.10852276999e-19], [4.79709644372e-19, 1.45185148793e-18, 4.91445670496e-17, 5.09693764499e-16, 1.17525207333e-15, 9.13678240698e-16, 6.07566526318e-15, 5.48507535236e-14, 4.80027215893e-12, 2.51138242147e-11, 1.40749200489e-11, 1.92035081413e-12, 4.2277015222e-12, 3.00350508353e-11, 1.21905627953e-11, 1.14760232567e-11, 1.22375321682e-11, 6.52218123259e-12, 2.39797266245e-12, 4.19409000802e-13, 1.10676184471e-13, 1.7605357886e-14, 1.63972585103e-14, 1.62354176191e-14, 1.04637850915e-14, 8.41639862009e-17, 7.55025565002e-18], [7.59761670317e-18, 3.62228279763e-17, 5.09693764499e-16, 6.3579478867e-15, 1.46413846216e-14, 1.12886257755e-14, 7.00542122684e-14, 1.01425107462e-12, 5.54340011394e-11, 2.7772806277e-10, 1.90524276911e-10, 5.32988271573e-11, 5.43335584857e-11, 4.10225353686e-10, 1.56515911343e-10, 3.46806222629e-10, 1.90148521928e-10, 8.91274692938e-11, 3.29215751882e-11, 6.04231942258e-12, 1.50088014933e-12, 2.62382590698e-13, 2.29839449339e-13, 2.51109327559e-13, 1.46670178715e-13, 1.10583380577e-15, 7.81416613553e-17], [1.6689164606e-17, 1.01648281479e-16, 1.17525207333e-15, 1.46413846216e-14, 4.01626160714e-14, 3.15257192639e-14, 1.67198476201e-13, 1.4812142398e-12, 1.2394378579e-10, 6.61637744592e-10, 4.03515665326e-10, 1.45389034145e-10, 1.32595295854e-10, 1.01901387328e-09, 4.06184891277e-10, 1.12899045668e-09, 4.36654767899e-10, 2.33022240392e-10, 8.97020652202e-11, 1.48052108767e-11, 3.34714873006e-12, 6.87731393102e-13, 6.22186276025e-13, 6.36804790757e-13, 3.67997489035e-13, 2.64488049483e-15, 1.93467910276e-16], [7.16043106992e-18, 3.44716998544e-17, 9.13678240698e-16, 1.12886257755e-14, 3.15257192639e-14, 6.87407962041e-14, 3.18376157686e-13, 2.9378498332e-12, 7.4560149721e-11, 1.22963750293e-09, 4.00342925477e-10, 8.92265705765e-11, 7.37449337707e-11, 6.26820095828e-10, 2.78960798905e-10, 7.19485859779e-10, 4.32810509654e-10, 1.62981614316e-10, 6.56900506213e-11, 1.03666302972e-11, 2.51516667736e-12, 4.55059709532e-13, 3.24452406131e-13, 4.12882591614e-13, 2.27305289391e-13, 1.75393132448e-15, 1.24008508684e-16], [5.21543960572e-17, 1.48408894151e-16, 6.07566526318e-15, 7.00542122684e-14, 1.67198476201e-13, 3.18376157686e-13, 1.62171589092e-12, 1.7877272579e-11, 5.43804279385e-10, 6.36037045254e-09, 2.42361797298e-09, 3.67229330278e-10, 4.7095777278e-10, 3.71459307758e-09, 1.56333668233e-09, 2.40910069671e-09, 2.36696751088e-09, 8.82320438933e-10, 3.38079175766e-10, 5.6934380821e-11, 1.56903569998e-11, 2.37769222713e-12, 1.77433621181e-12, 2.24213573055e-12, 1.31269387721e-12, 1.0755027206e-14, 8.3313313659e-16], [1.43801101093e-15, 9.08076155367e-15, 5.48507535236e-14, 1.01425107462e-12, 1.4812142398e-12, 2.9378498332e-12, 1.7877272579e-11, 6.15079709387e-10, 8.04217759054e-09, 7.111619027e-08, 4.804437026e-08, 1.18444924979e-08, 6.30920871103e-09, 5.55737251773e-08, 1.45191147993e-08, 4.80630184541e-08, 4.9544265579e-08, 1.00475476827e-08, 3.15225689995e-09, 8.4863938099e-10, 2.99211766475e-10, 3.0998772993e-11, 1.74722267904e-11, 4.02395027022e-11, 1.97152728171e-11, 1.61440237806e-13, 5.00970648632e-15], [7.29482460223e-14, 2.83484471791e-13, 4.80027215893e-12, 5.54340011394e-11, 1.2394378579e-10, 7.4560149721e-11, 5.43804279385e-10, 8.04217759054e-09, 5.21074923654e-07, 2.23150459533e-06, 1.61010495958e-06, 3.58034697001e-07, 4.73138044299e-07, 3.44415298059e-06, 1.324422783e-06, 1.96844803213e-06, 1.46769832554e-06, 7.27303756776e-07, 2.63467967443e-07, 4.98041252683e-08, 1.28376154152e-08, 2.13658091219e-09, 1.88632864884e-09, 1.99206606766e-09, 1.21688448207e-09, 9.53000612453e-12, 7.60790193864e-13], [1.36806974711e-13, 3.76655548114e-13, 2.51138242147e-11, 2.7772806277e-10, 6.61637744592e-10, 1.22963750293e-09, 6.36037045254e-09, 7.111619027e-08, 2.23150459533e-06, 2.54102287727e-05, 9.48206707108e-06, 1.07723496967e-06, 1.85913063433e-06, 1.44034320329e-05, 6.02189766141e-06, 7.3678188528e-06, 9.11387633096e-06, 3.3830706343e-06, 1.28629096707e-06, 2.15574260665e-07, 6.14590902615e-08, 8.5170270836e-09, 6.68171162843e-09, 8.36216784705e-09, 5.02223240773e-09, 4.18542735192e-11, 3.45149603342e-12], [2.79477043721e-13, 1.30247971696e-12, 1.40749200489e-11, 1.90524276911e-10, 4.03515665326e-10, 4.00342925477e-10, 2.42361797298e-09, 4.804437026e-08, 1.61010495958e-06, 9.48206707108e-06, 6.47100341666e-06, 1.82582778052e-06, 1.52512632212e-06, 1.18975358419e-05, 4.32971637565e-06, 1.03396714621e-05, 6.48249715596e-06, 2.52005543189e-06, 9.13333224162e-07, 1.76230045668e-07, 4.73307686377e-08, 7.75222108729e-09, 6.15640605162e-09, 7.60883533957e-09, 4.26900381711e-09, 3.27439499126e-11, 2.02502554655e-12], [1.60948958696e-13, 9.75353044858e-13, 1.92035081413e-12, 5.32988271573e-11, 1.45389034145e-10, 8.92265705765e-11, 3.67229330278e-10, 1.18444924979e-08, 3.58034697001e-07, 1.07723496967e-06, 1.82582778052e-06, 1.33326091145e-06, 5.29899352841e-07, 4.61517674921e-06, 1.65109611316e-06, 8.89535476745e-06, 2.3705458716e-06, 1.03929187389e-06, 4.00644012188e-07, 7.50482698209e-08, 1.51831205386e-08, 3.9278096331e-09, 2.95552848861e-09, 3.5523473052e-09, 1.76476866454e-09, 1.1387774404e-11, 3.55467147687e-13], [6.41065502007e-14, 3.64650231668e-13, 4.2277015222e-12, 5.43335584857e-11, 1.32595295854e-10, 7.37449337707e-11, 4.7095777278e-10, 6.30920871103e-09, 4.73138044299e-07, 1.85913063433e-06, 1.52512632212e-06, 5.29899352841e-07, 4.9688424042e-07, 3.7639799757e-06, 1.43121485507e-06, 3.81106656278e-06, 1.60340607636e-06, 8.24019082302e-07, 3.08012886308e-07, 5.44081260045e-08, 1.28117019216e-08, 2.43693998314e-09, 2.23907181685e-09, 2.33825048213e-09, 1.35405697765e-09, 9.82010219669e-12, 6.75396045514e-13], [5.08621790518e-13, 3.17841261123e-12, 3.00350508353e-11, 4.10225353686e-10, 1.01901387328e-09, 6.26820095828e-10, 3.71459307758e-09, 5.55737251773e-08, 3.44415298059e-06, 1.44034320329e-05, 1.18975358419e-05, 4.61517674921e-06, 3.7639799757e-06, 2.91918695439e-05, 1.0955957805e-05, 3.38566169376e-05, 1.30817734316e-05, 6.42940358375e-06, 2.42155988417e-06, 4.14034474261e-07, 9.83579369063e-08, 1.92518854192e-08, 1.74689507304e-08, 1.87248065942e-08, 1.05646114079e-08, 7.51830125933e-11, 4.75539616365e-12], [2.22085411584e-13, 1.13756801288e-12, 1.21905627953e-11, 1.56515911343e-10, 4.06184891277e-10, 2.78960798905e-10, 1.56333668233e-09, 1.45191147993e-08, 1.324422783e-06, 6.02189766141e-06, 4.32971637565e-06, 1.65109611316e-06, 1.43121485507e-06, 1.0955957805e-05, 4.34014418715e-06, 1.19975420603e-05, 4.59658895124e-06, 2.47557113653e-06, 9.45361023241e-07, 1.60288919915e-07, 3.62281653565e-08, 7.60609264461e-09, 6.71220723447e-09, 6.9027050742e-09, 3.97608479474e-09, 2.86219901946e-11, 2.00099897589e-12], [4.09906863227e-13, 5.72339875146e-12, 1.14760232567e-11, 3.46806222629e-10, 1.12899045668e-09, 7.19485859779e-10, 2.40910069671e-09, 4.80630184541e-08, 1.96844803213e-06, 7.3678188528e-06, 1.03396714621e-05, 8.89535476745e-06, 3.81106656278e-06, 3.38566169376e-05, 1.19975420603e-05, 7.63004500186e-05, 1.68208516698e-05, 7.96649783297e-06, 3.18666729981e-06, 4.53289857205e-07, 9.24433081195e-08, 2.48688518667e-08, 2.32398527089e-08, 2.57939092307e-08, 1.27896147006e-08, 7.54825577043e-11, 1.9422553843e-12], [2.00188417275e-13, 1.53612636934e-12, 1.22375321682e-11, 1.90148521928e-10, 4.36654767899e-10, 4.32810509654e-10, 2.36696751088e-09, 4.9544265579e-08, 1.46769832554e-06, 9.11387633096e-06, 6.48249715596e-06, 2.3705458716e-06, 1.60340607636e-06, 1.30817734316e-05, 4.59658895124e-06, 1.68208516698e-05, 7.37165100873e-06, 2.84431121145e-06, 1.05764434011e-06, 1.8740054486e-07, 4.84358757546e-08, 8.36791169689e-09, 7.19914838854e-09, 8.8587981395e-09, 4.74157690888e-09, 3.38052572046e-11, 1.68465588701e-12], [1.06033332613e-13, 6.8410256843e-13, 6.52218123259e-12, 8.91274692938e-11, 2.33022240392e-10, 1.62981614316e-10, 8.82320438933e-10, 1.00475476827e-08, 7.27303756776e-07, 3.3830706343e-06, 2.52005543189e-06, 1.03929187389e-06, 8.24019082302e-07, 6.42940358375e-06, 2.47557113653e-06, 7.96649783297e-06, 2.84431121145e-06, 1.45275134855e-06, 5.55547671865e-07, 9.31962560458e-08, 2.10789856681e-08, 4.36030633821e-09, 3.94769550383e-09, 4.15511802743e-09, 2.338175209e-09, 1.64257930174e-11, 1.04726177817e-12], [3.937152118e-14, 2.62469164241e-13, 2.39797266245e-12, 3.29215751882e-11, 8.97020652202e-11, 6.56900506213e-11, 3.38079175766e-10, 3.15225689995e-09, 2.63467967443e-07, 1.28629096707e-06, 9.13333224162e-07, 4.00644012188e-07, 3.08012886308e-07, 2.42155988417e-06, 9.45361023241e-07, 3.18666729981e-06, 1.05764434011e-06, 5.55547671865e-07, 2.15044877905e-07, 3.43427366545e-08, 7.68174324151e-09, 1.66811897628e-09, 1.51836310192e-09, 1.57607238371e-09, 8.83322637257e-10, 6.12770988465e-12, 3.90224473828e-13], [8.5258617996e-15, 4.45443208957e-14, 4.19409000802e-13, 6.04231942258e-12, 1.48052108767e-11, 1.03666302972e-11, 5.6934380821e-11, 8.4863938099e-10, 4.98041252683e-08, 2.15574260665e-07, 1.76230045668e-07, 7.50482698209e-08, 5.44081260045e-08, 4.14034474261e-07, 1.60288919915e-07, 4.53289857205e-07, 1.8740054486e-07, 9.31962560458e-08, 3.43427366545e-08, 8.72599237312e-09, 1.56660895367e-09, 3.11801251485e-10, 2.4641855223e-10, 2.72492334252e-10, 1.52870702208e-10, 1.10074471239e-12, 6.93407665813e-14], [2.02334698814e-15, 1.03951449296e-14, 1.10676184471e-13, 1.50088014933e-12, 3.34714873006e-12, 2.51516667736e-12, 1.56903569998e-11, 2.99211766475e-10, 1.28376154152e-08, 6.14590902615e-08, 4.73307686377e-08, 1.51831205386e-08, 1.28117019216e-08, 9.83579369063e-08, 3.62281653565e-08, 9.24433081195e-08, 4.84358757546e-08, 2.10789856681e-08, 7.68174324151e-09, 1.56660895367e-09, 3.73340192095e-10, 6.49510792372e-11, 5.42411913995e-11, 6.2631483333e-11, 3.54597497199e-11, 2.64515026636e-13, 1.67710998897e-14], [6.32399774739e-16, 2.91311359461e-15, 1.7605357886e-14, 2.62382590698e-13, 6.87731393102e-13, 4.55059709532e-13, 2.37769222713e-12, 3.0998772993e-11, 2.13658091219e-09, 8.5170270836e-09, 7.75222108729e-09, 3.9278096331e-09, 2.43693998314e-09, 1.92518854192e-08, 7.60609264461e-09, 2.48688518667e-08, 8.36791169689e-09, 4.36030633821e-09, 1.66811897628e-09, 3.11801251485e-10, 6.49510792372e-11, 1.54404024288e-11, 1.20136626341e-11, 1.30250194311e-11, 7.16247200439e-12, 5.06797532272e-14, 3.08146499277e-15], [2.98955355354e-16, 2.01081492393e-15, 1.63972585103e-14, 2.29839449339e-13, 6.22186276025e-13, 3.24452406131e-13, 1.77433621181e-12, 1.74722267904e-11, 1.88632864884e-09, 6.68171162843e-09, 6.15640605162e-09, 2.95552848861e-09, 2.23907181685e-09, 1.74689507304e-08, 6.71220723447e-09, 2.32398527089e-08, 7.19914838854e-09, 3.94769550383e-09, 1.51836310192e-09, 2.4641855223e-10, 5.42411913995e-11, 1.20136626341e-11, 1.11274687381e-11, 1.13735401305e-11, 6.37931591232e-12, 4.37888013881e-14, 2.74345162473e-15], [3.6906773994e-16, 2.44407905271e-15, 1.62354176191e-14, 2.51109327559e-13, 6.36804790757e-13, 4.12882591614e-13, 2.24213573055e-12, 4.02395027022e-11, 1.99206606766e-09, 8.36216784705e-09, 7.60883533957e-09, 3.5523473052e-09, 2.33825048213e-09, 1.87248065942e-08, 6.9027050742e-09, 2.57939092307e-08, 8.8587981395e-09, 4.15511802743e-09, 1.57607238371e-09, 2.72492334252e-10, 6.2631483333e-11, 1.30250194311e-11, 1.13735401305e-11, 1.26395326497e-11, 6.86496345881e-12, 4.74505925817e-14, 2.57637268182e-15], [1.99452462747e-16, 1.21685949637e-15, 1.04637850915e-14, 1.46670178715e-13, 3.67997489035e-13, 2.27305289391e-13, 1.31269387721e-12, 1.97152728171e-11, 1.21688448207e-09, 5.02223240773e-09, 4.26900381711e-09, 1.76476866454e-09, 1.35405697765e-09, 1.05646114079e-08, 3.97608479474e-09, 1.27896147006e-08, 4.74157690888e-09, 2.338175209e-09, 8.83322637257e-10, 1.52870702208e-10, 3.54597497199e-11, 7.16247200439e-12, 6.37931591232e-12, 6.86496345881e-12, 3.84189294961e-12, 2.7158781612e-14, 1.67435395552e-15], [1.62726175426e-18, 8.14791845801e-18, 8.41639862009e-17, 1.10583380577e-15, 2.64488049483e-15, 1.75393132448e-15, 1.0755027206e-14, 1.61440237806e-13, 9.53000612453e-12, 4.18542735192e-11, 3.27439499126e-11, 1.1387774404e-11, 9.82010219669e-12, 7.51830125933e-11, 2.86219901946e-11, 7.54825577043e-11, 3.38052572046e-11, 1.64257930174e-11, 6.12770988465e-12, 1.10074471239e-12, 2.64515026636e-13, 5.06797532272e-14, 4.37888013881e-14, 4.74505925817e-14, 2.7158781612e-14, 1.99414081566e-16, 1.33627992205e-17], [1.07696240342e-19, 3.10852276999e-19, 7.55025565002e-18, 7.81416613553e-17, 1.93467910276e-16, 1.24008508684e-16, 8.3313313659e-16, 5.00970648632e-15, 7.60790193864e-13, 3.45149603342e-12, 2.02502554655e-12, 3.55467147687e-13, 6.75396045514e-13, 4.75539616365e-12, 2.00099897589e-12, 1.9422553843e-12, 1.68465588701e-12, 1.04726177817e-12, 3.90224473828e-13, 6.93407665813e-14, 1.67710998897e-14, 3.08146499277e-15, 2.74345162473e-15, 2.57637268182e-15, 1.67435395552e-15, 1.33627992205e-17, 1.26728774433e-18]]
    },
    "mfcc": {
        "kurt": [-1.33994054794, 2.05834531784, -0.42515206337, -0.35813498497, -1.41082537174, -0.903449058533, 1.9060125351, -0.981108903885, 0.64554476738, 0.0148005485535, -0.365372419357, 1.26220846176, -0.0922522544861],
        "max": [-663.030334473, 100.104003906, -23.5806083679, -17.6264457703, 8.58195495605, 12.1572341919, 20.1699676514, 15.5532855988, 23.9502716064, 13.0222759247, 4.5133934021, 19.3799304962, 14.6448669434],
        "mean": [-875.983093262, 43.8561172485, -144.609329224, -52.4184074402, -12.0319957733, -18.3819217682, 6.0700969696, 8.32040500641, 11.2929553986, 0.72080129385, -12.0855455399, -8.3457326889, -10.250161171],
        "median": [-875.717956543, 41.9623794556, -162.585159302, -51.4273147583, -8.24344444275, -11.4396629333, 6.85597610474, 10.9644699097, 11.4796619415, -0.326293945312, -14.8886909485, -11.1097717285, -8.17542457581],
        "min": [-1115.54931641, 8.89246749878, -202.5259552, -79.7920227051, -40.325920105, -52.5438766479, -19.6357955933, -5.11011886597, -8.1522064209, -14.1625900269, -21.65026474, -22.3271656036, -32.9513244629],
        "skew": [0.0232646856457, 1.14188909531, 0.89590471983, 0.267305552959, -0.155854463577, -0.395377844572, -1.11940729618, -0.700885295868, -0.783102691174, -0.0845627710223, 0.942301273346, 1.170971632, -0.244093984365],
        "var": [20732.6738281, 397.864898682, 2996.67993164, 253.29914856, 256.184265137, 358.664550781, 82.9747695923, 50.7377204895, 60.8770637512, 44.1560897827, 56.6951370239, 102.676734924, 143.11138916],
        "cov": [[22213.578125, 307.660217285, -7824.82910156, -2165.88623047, -1868.94433594, -2155.94433594, 350.829620361, 453.045227051, 861.376525879, 206.065429688, -723.74432373, -887.430236816, -1283.37768555], [307.660217285, 426.283843994, -284.045440674, -96.3038406372, -166.660522461, -236.008544922, 17.2944545746, 54.1084060669, 64.9444046021, 50.4643821716, 17.4391727448, -37.5899276733, -126.67804718], [-7824.82910156, -284.045440674, 3210.72851562, 791.97052002, 697.100402832, 705.690734863, -263.286407471, -172.304840088, -359.571136475, -111.611030579, 318.758239746, 362.255096436, 477.693267822], [-2165.88623047, -96.3038406372, 791.97052002, 271.391937256, 175.328964233, 241.110565186, -31.0904407501, -87.3446884155, -105.638656616, -50.2982368469, 71.1176223755, 117.146255493, 143.05116272], [-1868.94433594, -166.660522461, 697.100402832, 175.328964233, 274.483123779, 254.299728394, -42.9283866882, -18.7116889954, -86.2180099487, -32.729133606, 25.2920570374, 51.5602645874, 147.171615601], [-2155.94433594, -236.008544922, 705.690734863, 241.110565186, 254.299728394, 384.283447266, 23.1038341522, -70.9231338501, -99.513343811, -36.7208213806, 21.5302600861, 68.9026641846, 176.53175354], [350.829620361, 17.2944545746, -263.286407471, -31.0904407501, -42.9283866882, 23.1038341522, 88.9015426636, 3.66298794746, 36.9606361389, 30.1280612946, -39.7544059753, -44.7105369568, -46.0644454956], [453.045227051, 54.1084060669, -172.304840088, -87.3446884155, -18.7116889954, -70.9231338501, 3.66298794746, 54.3618431091, 38.6187934875, 28.3517246246, -21.3620014191, -58.6435241699, -53.0664672852], [861.376525879, 64.9444046021, -359.571136475, -105.638656616, -86.2180099487, -99.513343811, 36.9606361389, 38.6187934875, 65.2254257202, 31.8960018158, -35.9945411682, -59.9094963074, -79.9703292847], [206.065429688, 50.4643821716, -111.611030579, -50.2982368469, -32.729133606, -36.7208213806, 30.1280612946, 28.3517246246, 31.8960018158, 47.3100967407, 0.781373560429, -36.9170875549, -50.9744758606], [-723.74432373, 17.4391727448, 318.758239746, 71.1176223755, 25.2920570374, 21.5302600861, -39.7544059753, -21.3620014191, -35.9945411682, 0.781373560429, 60.7447891235, 56.4571723938, 36.144367218], [-887.430236816, -37.5899276733, 362.255096436, 117.146255493, 51.5602645874, 68.9026641846, -44.7105369568, -58.6435241699, -59.9094963074, -36.9170875549, 56.4571723938, 110.010787964, 95.2248458862], [-1283.37768555, -126.67804718, 477.693267822, 143.05116272, 147.171615601, 176.53175354, -46.0644454956, -53.0664672852, -79.9703292847, -50.9744758606, 36.144367218, 95.2248458862, 153.333633423]]
    },
    "sccoeffs": {
        "kurt": [-1.05164456367, -1.09098124504, 0.270721197128, -0.704535484314, -0.979515075684, -0.514326810837],
        "max": [-0.66219073534, -0.598256766796, -0.536668658257, -0.670955717564, -0.574732840061, -0.80222594738],
        "mean": [-0.771175801754, -0.783317327499, -0.759753108025, -0.764930069447, -0.735369622707, -0.842437922955],
        "median": [-0.787041664124, -0.820762097836, -0.752179563046, -0.774296939373, -0.769728183746, -0.835462272167],
        "min": [-0.843787014484, -0.907687842846, -0.88693356514, -0.869037628174, -0.837694644928, -0.888604819775],
        "skew": [0.467603862286, 0.494400680065, 0.736668288708, 0.14973090589, 0.622343719006, -0.26402169466],
        "var": [0.00319620617665, 0.00931341666728, 0.00807257555425, 0.0029403869994, 0.00669411756098, 0.000511322228704],
        "cov": [[0.00342450663447, 0.00419303495437, 0.00441362243146, 0.00207504280843, 0.00366793060675, 0.0010313220555], [0.00419303495437, 0.00997866038233, 0.00676364358515, 0.00428308593109, 0.00729156238958, 0.00143536995165], [0.00441362243146, 0.00676364358515, 0.00864918809384, 0.00313126621768, 0.00566938379779, 0.00136526697315], [0.00207504280843, 0.00428308593109, 0.00313126621768, 0.00315041467547, 0.00435821944848, 0.00103867531288], [0.00366793060675, 0.00729156238958, 0.00566938379779, 0.00435821944848, 0.00717226881534, 0.00133561738767], [0.0010313220555, 0.00143536995165, 0.00136526697315, 0.00103867531288, 0.00133561738767, 0.000547845265828]]
    },
    "scvalleys": {
        "kurt": [-1.3247781992, -0.375422716141, -0.858635663986, -1.15381515026, -1.03069281578, -1.30812585354],
        "max": [-10.8473529816, -7.76413345337, -4.49695730209, -4.83057928085, -6.32933616638, -9.01847362518],
        "mean": [-11.7547540665, -9.5130815506, -7.11380910873, -7.30242204666, -8.61707687378, -11.4437322617],
        "median": [-12.0180368423, -9.53007793427, -6.58531332016, -7.22530984879, -8.64614200592, -11.7849655151],
        "min": [-12.4887809753, -12.1329336166, -10.6311454773, -10.5720300674, -12.0243644714, -14.6670694351],
        "skew": [0.533321321011, -0.505080282688, -0.3860039711, -0.255117923021, -0.351282924414, -0.115423955023],
        "var": [0.330011636019, 1.3308044672, 3.62620925903, 3.3295135498, 2.93663072586, 3.21474719048],
        "cov": [[0.353583872318, 0.426833003759, 0.882739126682, 0.855109572411, 0.802253305912, 0.884054005146], [0.426833003759, 1.42586195469, 1.96319711208, 1.96331584454, 1.89113402367, 1.96125328541], [0.882739126682, 1.96319711208, 3.88522410393, 3.6570930481, 3.40720534325, 3.49025940895], [0.855109572411, 1.96331584454, 3.6570930481, 3.56733584404, 3.33403372765, 3.46211791039], [0.802253305912, 1.89113402367, 3.40720534325, 3.33403372765, 3.14639019966, 3.26322293282], [0.884054005146, 1.96125328541, 3.49025940895, 3.46211791039, 3.26322293282, 3.44437193871]]
    }
},
"rhythm": {
    "bpm": 0,
    "confidence": 0,
    "first_peak_bpm": {
        "kurt": 0,
        "max": 0,
        "mean": 0,
        "median": 0,
        "min": 0,
        "skew": 0,
        "var": 0
    },
    "first_peak_spread": {
        "kurt": 0,
        "max": 0,
        "mean": 0,
        "median": 0,
        "min": 0,
        "skew": 0,
        "var": 0
    },
    "first_peak_weight": {
        "kurt": 0,
        "max": 0,
        "mean": 0,
        "median": 0,
        "min": 0,
        "skew": 0,
        "var": 0
    },
    "onset_rate": 3.14910030365,
    "second_peak_bpm": {
        "kurt": 0,
        "max": 0,
        "mean": 0,
        "median": 0,
        "min": 0,
        "skew": 0,
        "var": 0
    },
    "second_peak_spread": {
        "kurt": 0,
        "max": 0,
        "mean": 0,
        "median": 0,
        "min": 0,
        "skew": 0,
        "var": 0
    },
    "second_peak_weight": {
        "kurt": 0,
        "max": 0,
        "mean": 0,
        "median": 0,
        "min": 0,
        "skew": 0,
        "var": 0
    },
    "beats_position": [],
    "bpm_estimates": [],
    "bpm_intervals": [],
    "onset_times": [0.0348299331963],
    "histogram": [[0, 0, 0, 0, 0, 0, 0, 0, 0, 0, 0, 0, 0, 0, 0, 0, 0, 0, 0, 0, 0, 0, 0, 0, 0, 0, 0, 0, 0, 0, 0, 0, 0, 0, 0, 0, 0, 0, 0, 0, 0, 0, 0, 0, 0, 0, 0, 0, 0, 0, 0, 0, 0, 0, 0, 0, 0, 0, 0, 0, 0, 0, 0, 0, 0, 0, 0, 0, 0, 0, 0, 0, 0, 0, 0, 0, 0, 0, 0, 0, 0, 0, 0, 0, 0, 0, 0, 0, 0, 0, 0, 0, 0, 0, 0, 0, 0, 0, 0, 0, 0, 0, 0, 0, 0, 0, 0, 0, 0, 0, 0, 0, 0, 0, 0, 0, 0, 0, 0, 0, 0, 0, 0, 0, 0, 0, 0, 0, 0, 0, 0, 0, 0, 0, 0, 0, 0, 0, 0, 0, 0, 0, 0, 0, 0, 0, 0, 0, 0, 0, 0, 0, 0, 0, 0, 0, 0, 0, 0, 0, 0, 0, 0, 0, 0, 0, 0, 0, 0, 0, 0, 0, 0, 0, 0, 0, 0, 0, 0, 0, 0, 0, 0, 0, 0, 0, 0, 0, 0, 0, 0, 0, 0, 0, 0, 0, 0, 0, 0, 0, 0, 0, 0, 0, 0, 0, 0, 0, 0, 0, 0, 0, 0, 0, 0, 0, 0, 0, 0, 0, 0, 0, 0, 0, 0, 0, 0, 0, 0, 0, 0, 0, 0, 0, 0, 0, 0, 0, 0, 0, 0, 0, 0, 0, 0, 0, 0, 0, 0, 0]]
},
"sfx": {
    "inharmonicity": {
        "kurt": -0.0280077457428,
        "max": 0.33737808466,
        "mean": 0.100664041936,
        "median": 0.0625605434179,
        "min": 2.68299095296e-06,
        "skew": 0.933667719364,
        "var": 0.00926883611828
    },
    "oddtoevenharmonicenergyratio": {
        "kurt": -0.217915773392,
        "max": 3.90073752403,
        "mean": 1.23676490784,
        "median": 0.749499082565,
        "min": 0.000238119086134,
        "skew": 1.02389895916,
        "var": 1.39501070976
    },
    "pitch_after_max_to_before_max_energy_ratio": 1.21179044247,
    "pitch_centroid": 6.24360990524,
    "pitch_max_to_total": 0.333333343267,
    "pitch_min_to_total": 0.933333337307,
    "tristimulus": {
        "kurt": [0.615487575531, -0.337095499039, 4.919734478],
        "max": [0.984803438187, 0.859471023083, 0.782489418983],
        "mean": [0.237944349647, 0.612373232841, 0.149682432413],
        "median": [0.186665460467, 0.765645802021, 0.129176899791],
        "min": [0, 0.0151966074482, 0],
        "skew": [1.26608538628, -0.961667954922, 2.24447059631],
        "var": [0.0833003520966, 0.0662973076105, 0.0370367839932],
        "cov": [[0.0892503783107, -0.0603004693985, -0.028949899599], [-0.0603004693985, 0.0710328295827, -0.0107323685661], [-0.028949899599, -0.0107323685661, 0.0396822690964]]
    }
},
"tonal": {
    "chords_changes_rate": 0,
    "chords_number_rate": 0.125,
    "chords_strength": {
        "kurt": -2,
        "max": 0.383220255375,
        "mean": 0.383220225573,
        "median": 0.383220255375,
        "min": 0.383220255375,
        "skew": 1,
        "var": 8.881784197e-16
    },
    "key_strength": 0.663829743862,
    "tuning_diatonic_strength": 0.489697694778,
    "tuning_equal_tempered_deviation": 0.203754141927,
    "tuning_frequency": 448.726654053,
    "tuning_nontempered_energy_ratio": 0.860717475414,
    "hpcp": {
        "kurt": [-1.12650585175, -1.18523848057, 0.477286577225, -0.199209213257, -0.0062198638916, -0.163103103638, 0.619440793991, -1.27190589905, -0.48605465889, -0.100587129593, -0.599928617477, -1.27996194363, -1.05666100979, -0.976548910141, -0.561980962753, -0.390554189682, 0.110651016235, 0.516698598862, 0.213711738586, -0.53216791153, -1.1284776926, -1.296007514, -1.2130587101, -0.915277481079, -0.703715801239, -0.83233165741, -0.824541807175, 0.0663957595825, -0.365380525589, -0.359403133392, -1.3405008316, -0.0781810283661, -0.25260591507, -1.14656424522, -0.67470240593, 0.695278644562],
        "max": [0.145835861564, 0.186091989279, 0.144838154316, 0.188294932246, 0.19019959867, 0.452132582664, 0.822219133377, 0.499138951302, 0.408882975578, 0.577453553677, 1, 0.867723345757, 0.823232114315, 0.663839995861, 0.359475016594, 0.29790699482, 0.383295863867, 0.260328292847, 0.101676672697, 0.110813528299, 0.111986227334, 0.209560841322, 0.24687372148, 0.151551857591, 0.136067479849, 0.155008196831, 0.12943507731, 0.175349354744, 0.185423895717, 0.603992700577, 1, 1, 0.79362475872, 1, 1, 0.339780420065],
        "mean": [0.116596214473, 0.116646565497, 0.110489591956, 0.100932613015, 0.0983718410134, 0.16414475441, 0.302271395922, 0.281423658133, 0.170559391379, 0.257135331631, 0.467925667763, 0.455638587475, 0.381003260612, 0.310319393873, 0.17853012681, 0.156955569983, 0.179032221437, 0.129878997803, 0.0718054696918, 0.0674190074205, 0.0750927627087, 0.132455065846, 0.136032372713, 0.0900924578309, 0.0822649151087, 0.0733786299825, 0.0659572333097, 0.0772375464439, 0.087702549994, 0.245069980621, 0.531286716461, 0.575111269951, 0.539785206318, 0.709809839725, 0.512121558189, 0.163179218769],
        "median": [0.123309031129, 0.135641500354, 0.12975102663, 0.102516636252, 0.0986473858356, 0.112116731703, 0.243602499366, 0.265867829323, 0.139192700386, 0.23619915545, 0.47928711772, 0.509319245815, 0.371887117624, 0.256315559149, 0.151870876551, 0.1548178792, 0.183890491724, 0.121817499399, 0.0726378187537, 0.0599722415209, 0.0739251747727, 0.14453445375, 0.142881736159, 0.0865881294012, 0.0821477621794, 0.0582087561488, 0.0510321035981, 0.0638687461615, 0.0809077322483, 0.190834820271, 0.436133444309, 0.593410253525, 0.629911661148, 0.962350487709, 0.502744734287, 0.154826641083],
        "min": [0.0821886956692, 0.0270071420819, 0.0194773189723, 0.025333089754, 0.0114714344963, 0.00505000865087, 0.0117386272177, 0.0813012048602, 0.0327327549458, 0.0642484277487, 0.0227973069996, 0.0145328622311, 0.0165394451469, 0.0135242706165, 0.0184037405998, 0.0248125363141, 0.0512315817177, 0.0661145970225, 0.0490929707885, 0.0416011847556, 0.0500593967736, 0.0195694901049, 0.00413246266544, 0.00700729107484, 0.0112391375005, 0.0158388800919, 0.0255612563342, 0.0218945946544, 0.0241049062461, 0.0421599596739, 0.0955916941166, 0.330859452486, 0.0541749820113, 0.0466154627502, 0.045274335891, 0.0710668116808],
        "skew": [-0.336169779301, -0.485105097294, -1.32010734081, 0.237169280648, 0.106917671859, 0.957392752171, 1.14263606071, 0.192250445485, 0.760722517967, 0.727089941502, 0.0306697525084, -0.222551077604, 0.181967064738, 0.292985826731, 0.338661909103, 0.0936202332377, 0.800704300404, 1.08514261246, 0.557220935822, 0.756290376186, 0.517901837826, -0.410906761885, -0.223088100553, -0.217331469059, -0.390260368586, 0.612549185753, 0.904932677746, 0.955529212952, 0.692564606667, 0.969955921173, 0.272732377052, 0.707439243793, -0.911899983883, -0.768164992332, 0.0145389279351, 1.1096612215],
        "var": [0.000410561886383, 0.00285721197724, 0.00161985051818, 0.00206376053393, 0.00234007043764, 0.0187135636806, 0.0530355423689, 0.0188386905938, 0.0138977030292, 0.0235765855759, 0.0878050848842, 0.087018661201, 0.0663202106953, 0.0406569316983, 0.00980576779693, 0.00593870785087, 0.00914817675948, 0.00338898482732, 0.000205747157452, 0.000468061218271, 0.000525151554029, 0.00471820961684, 0.00723799085245, 0.0021521570161, 0.00141927704681, 0.00192138832062, 0.00137917487882, 0.00207981350832, 0.00236271508038, 0.0315005108714, 0.0938378870487, 0.041358679533, 0.0537923872471, 0.140225172043, 0.0784372389317, 0.00606602896005],
