{
"metadata": {
    "version": {
        "essentia": "2.1-beta3"
    }
},
"lowLevel": {
    "average_loudness": 0.966162145138,
    "barkbands_kurtosis": {
        "kurt": 5.66292095184,
        "max": 18.3259735107,
        "mean": 0.948275744915,
        "median": -0.411556005478,
        "min": -1.71369695663,
        "skew": 2.31958198547,
        "var": 10.9813098907
    },
    "barkbands_skewness": {
        "kurt": 0.5016746521,
        "max": 3.6227991581,
        "mean": 0.399379819632,
        "median": 0.372801661491,
        "min": -4.28788137436,
        "skew": -0.00680232606828,
        "var": 1.53541815281
    },
    "barkbands_spread": {
        "kurt": -0.316314458847,
        "max": 41.2750396729,
        "mean": 17.6461391449,
        "median": 17.8842964172,
        "min": 2.95504045486,
        "skew": 0.172083228827,
        "var": 61.0423736572
    },
    "dissonance": {
        "kurt": 5.11110019684,
        "max": 0.499875575304,
        "mean": 0.472588807344,
        "median": 0.482207238674,
        "min": 0.317919313908,
        "skew": -1.90461230278,
        "var": 0.000788770965301
    },
    "hfc": {
        "kurt": 9.72122573853,
        "max": 1.1597328186,
        "mean": 0.142415806651,
        "median": 0.0833477079868,
        "min": 0.000950690940954,
        "skew": 2.52577209473,
        "var": 0.0240374431014
    },
    "pitch": {
        "kurt": 0.480147123337,
        "max": 4081.45947266,
        "mean": 1033.92028809,
        "median": 581.518188477,
        "min": 85.2528533936,
        "skew": 1.46145677567,
        "var": 1303304.625
    },
    "pitch_instantaneous_confidence": {
        "kurt": -0.664399623871,
        "max": 0.927394330502,
        "mean": 0.436508864164,
        "median": 0.434273064137,
        "min": 0.133500576019,
        "skew": 0.342035144567,
        "var": 0.0281448755413
    },
    "pitch_salience": {
        "kurt": -0.266512393951,
        "max": 0.89916831255,
        "mean": 0.648513734341,
        "median": 0.66552066803,
        "min": 0.232218757272,
        "skew": -0.555879175663,
        "var": 0.0167880896479
    },
    "silence_rate_20dB": {
        "kurt": 0,
        "max": 1,
        "mean": 1,
        "median": 1,
        "min": 1,
        "skew": 0,
        "var": 0
    },
    "silence_rate_30dB": {
        "kurt": 0,
        "max": 1,
        "mean": 1,
        "median": 1,
        "min": 1,
        "skew": 0,
        "var": 0
    },
    "silence_rate_60dB": {
        "kurt": 0,
        "max": 1,
        "mean": 1,
        "median": 1,
        "min": 1,
        "skew": 0,
        "var": 0
    },
    "spectral_centroid": {
        "kurt": -0.782679080963,
        "max": 3027.74536133,
        "mean": 1626.73608398,
        "median": 1514.55297852,
        "min": 805.194885254,
        "skew": 0.464732885361,
        "var": 304497.875
    },
    "spectral_complexity": {
        "kurt": 5.83529281616,
        "max": 3,
        "mean": 0.269607841969,
        "median": 0,
        "min": 0,
        "skew": 2.47518825531,
        "var": 0.383193701506
    },
    "spectral_crest": {
        "kurt": -0.214674472809,
        "max": 23.6882381439,
        "mean": 9.4951505661,
        "median": 7.82686710358,
        "min": 3.21766400337,
        "skew": 0.839401304722,
        "var": 24.2882843018
    },
    "spectral_decrease": {
        "kurt": 3.12618303299,
        "max": -1.72588966773e-13,
        "mean": -2.40988687339e-11,
        "median": -1.14533330736e-11,
        "min": -1.40839298557e-10,
        "skew": -1.98994874954,
        "var": 9.42238083416e-22
    },
    "spectral_energy": {
        "kurt": 2.90150260925,
        "max": 0.000576718419325,
        "mean": 0.000103872225736,
        "median": 5.12299156981e-05,
        "min": 7.37620723612e-07,
        "skew": 1.93515205383,
        "var": 1.63357523064e-08
    },
    "spectral_energyband_high": {
        "kurt": 42.3640022278,
        "max": 4.64957265649e-05,
        "mean": 3.05543790091e-06,
        "median": 1.74466663339e-06,
        "min": 3.93939210142e-08,
        "skew": 5.59090137482,
        "var": 2.10710025816e-11
    },
    "spectral_energyband_low": {
        "kurt": 17.6269874573,
        "max": 2.41745965468e-06,
        "mean": 3.17937917771e-07,
        "median": 2.43418867285e-07,
        "min": 2.82557657272e-08,
        "skew": 3.19483852386,
        "var": 7.33522468569e-14
    },
    "spectral_energyband_middle_high": {
        "kurt": 10.0733337402,
        "max": 0.000405977712944,
        "mean": 4.85692435177e-05,
        "median": 2.81591965177e-05,
        "min": 2.25622173389e-07,
        "skew": 2.73370814323,
        "var": 3.4349081357e-09
    },
    "spectral_energyband_middle_low": {
        "kurt": 5.44504833221,
        "max": 0.000447083293693,
        "mean": 5.33789716428e-05,
        "median": 1.61869429576e-05,
        "min": 3.29849058289e-07,
        "skew": 2.44425272942,
        "var": 7.89950416191e-09
    },
    "spectral_flatness_db": {
        "kurt": 0.452118635178,
        "max": 0.297508358955,
        "mean": 0.173976883292,
        "median": 0.160002440214,
        "min": 0.0822299420834,
        "skew": 1.05000424385,
        "var": 0.00195370893925
    },
    "spectral_flux": {
        "kurt": 0.729905605316,
        "max": 0.019156480208,
        "mean": 0.0065405042842,
        "median": 0.00535745453089,
        "min": 0.00085884850705,
        "skew": 1.12179803848,
        "var": 1.59657156473e-05
    },
    "spectral_kurtosis": {
        "kurt": 10.8665380478,
        "max": 29.591545105,
        "mean": 6.99653339386,
        "median": 5.99474239349,
        "min": 2.534471035,
        "skew": 2.82005786896,
        "var": 15.1351737976
    },
    "spectral_rms": {
        "kurt": 0.617283344269,
        "max": 0.000750101404265,
        "mean": 0.000273018085863,
        "median": 0.000223562121391,
        "min": 2.68259191216e-05,
        "skew": 1.18512654305,
        "var": 2.67998672143e-08
    },
    "spectral_rolloff": {
        "kurt": -0.904470920563,
        "max": 4285.10742188,
        "mean": 2663.25463867,
        "median": 2950.04882812,
        "min": 710.595703125,
        "skew": -0.486105889082,
        "var": 878476.625
    },
    "spectral_skewness": {
        "kurt": 3.77810716629,
        "max": 4.08735990524,
        "mean": 1.9812233448,
        "median": 1.88332247734,
        "min": 1.09311926365,
        "skew": 1.64884889126,
        "var": 0.207550495863
    },
    "spectral_spread": {
        "kurt": 0.185614109039,
        "max": 6549868,
        "mean": 3956292.75,
        "median": 3900637.75,
        "min": 1798050.375,
        "skew": 0.334496974945,
        "var": 887184752640
    },
    "spectral_strongpeak": {
        "kurt": 13.0013179779,
        "max": 1.181681633,
        "mean": 0.141182303429,
        "median": 0.0978014469147,
        "min": 0.000711560540367,
        "skew": 2.98357152939,
        "var": 0.0237867124379
    },
    "zerocrossingrate": {
        "kurt": -0.946805000305,
        "max": 0.142578125,
        "mean": 0.0839748010039,
        "median": 0.082275390625,
        "min": 0.037109375,
        "skew": 0.157016128302,
        "var": 0.000667415268254
    },
    "barkbands": {
        "kurt": [196.805297852, 3.69829416275, 13.1208457947, 9.62659549713, 2.72878599167, 10.2612781525, 11.952334404, 8.8252954483, 6.92499732971, 30.7110557556, 15.7115135193, 17.2646045685, 21.8738498688, 13.3269615173, 34.9702644348, 96.4887695312, 37.8445549011, 18.6489028931, 46.7347183228, 24.4784927368, 119.647651672, 9.97326850891, 23.1095066071, 22.5963745117, 22.1009597778, 8.64155292511, 169.885314941],
        "max": [7.83810278904e-08, 2.22090676516e-07, 1.16755120416e-06, 1.61675859545e-06, 3.33447178491e-06, 7.15242549632e-06, 1.06616171252e-05, 5.12301303388e-05, 0.000393674999941, 0.000176157962414, 0.000106826897536, 0.000103254860733, 6.55017429381e-05, 3.83455553674e-05, 6.7355860665e-05, 7.86763630458e-05, 7.80922855483e-05, 6.71972957207e-05, 0.000119154974527, 3.86020656151e-05, 3.61017409887e-05, 9.76393607743e-07, 4.19655776795e-07, 3.01341884779e-07, 2.53289925922e-07, 6.45866693461e-09, 3.26836058218e-10],
        "mean": [8.68275673582e-10, 4.58311575358e-08, 1.44405575497e-07, 2.55346350286e-07, 7.42211284432e-07, 9.53496112288e-07, 1.37465679018e-06, 6.40916050543e-06, 3.80623532692e-05, 8.3236145656e-06, 6.60910382067e-06, 6.34889011053e-06, 4.25897223977e-06, 4.00258250011e-06, 3.5098155422e-06, 2.89684567178e-06, 4.41036718257e-06, 4.80716016682e-06, 5.99007580604e-06, 3.03933211399e-06, 1.48533638367e-06, 1.17256043097e-07, 3.32043690321e-08, 2.80514402817e-08, 2.25967458078e-08, 8.07533095948e-10, 4.71214170114e-12],
        "median": [3.80024012259e-10, 3.6119836011e-08, 1.04805678802e-07, 1.99400460588e-07, 5.51961704787e-07, 6.27254280516e-07, 1.06630795926e-06, 4.02123350796e-06, 4.12582903664e-06, 2.20333868128e-06, 1.07470873445e-06, 1.11244889922e-06, 1.35566415338e-06, 1.69582153831e-06, 1.38332211463e-06, 1.46575598592e-06, 2.08617689168e-06, 1.890676117e-06, 2.85412397716e-06, 1.82746498467e-06, 8.37056859382e-07, 6.8828910571e-08, 1.65341376146e-08, 1.60750275313e-08, 1.32393633834e-08, 4.52721304889e-10, 6.92114659855e-13],
        "min": [7.83132846766e-12, 4.0567416093e-09, 4.25043733543e-09, 9.66925650658e-09, 4.56942998994e-08, 2.82096763726e-08, 4.3825316709e-08, 6.13008310779e-08, 3.20419957234e-08, 1.00566071026e-08, 5.41899325412e-09, 5.51705436891e-09, 7.95963917e-09, 9.96080373739e-09, 6.82723477752e-09, 1.42687204274e-08, 8.96658658434e-09, 2.42352768964e-08, 9.56907300065e-08, 3.58164840009e-08, 1.2035604513e-08, 3.3160357793e-10, 5.72682012923e-10, 1.69456684795e-10, 3.15415138452e-10, 1.23611511652e-11, 5.25143994858e-15],
        "skew": [14.0612201691, 1.67220425606, 2.8412528038, 2.48248744011, 1.66596615314, 2.45277190208, 2.71204662323, 2.58060073853, 2.70802426338, 5.24022769928, 3.79372811317, 3.90448212624, 4.0656504631, 3.2917265892, 5.54889297485, 8.77842712402, 5.40255022049, 4.15106058121, 6.1904425621, 4.37530517578, 9.89612007141, 2.657299757, 4.3610701561, 4.08258914948, 3.79068207741, 2.60363125801, 12.6780233383],
        "var": [2.97596588776e-17, 1.4734343523e-15, 2.07167436824e-14, 5.30456721029e-14, 4.01091703253e-13, 8.51106945338e-13, 1.80048933662e-12, 5.56542173458e-11, 6.3664549188e-09, 4.66449823211e-10, 2.36407726728e-10, 2.10572184689e-10, 6.19281778635e-11, 3.619868294e-11, 6.22172105502e-11, 4.06346969961e-11, 6.64237276293e-11, 1.00708628936e-10, 1.49872739219e-10, 2.02576445202e-11, 7.58469936163e-12, 1.71008396517e-14, 2.77810924832e-15, 1.41750984899e-15, 8.16364690031e-16, 9.18221661734e-19, 5.52724922683e-22],
        "cov": [[2.99062584432e-17, 2.30266965502e-17, 3.95560051941e-17, 1.19049587382e-17, -6.94062635098e-17, -1.29370756636e-16, 1.08943438764e-16, -2.09303048288e-15, -1.05630353301e-14, -2.57833822177e-15, -2.17856789331e-15, -1.84501436549e-15, -1.46827634517e-15, -1.42559435495e-15, -1.17297239003e-15, -5.71076071665e-16, -8.81531858042e-16, -1.47629224146e-15, -1.04499005274e-15, -5.14761086167e-16, -3.08092299756e-16, -2.05527482306e-17, -6.93073914384e-18, -7.52405718566e-18, -4.78738803167e-18, -3.84214812435e-21, 1.23802635941e-19], [2.30266965502e-17, 1.4806926835e-15, 1.36992110279e-15, -1.88191345001e-16, -2.80242036445e-15, -2.90752656529e-15, -4.92936541127e-15, -2.52022202071e-14, -1.96933317093e-13, 1.97024289278e-15, -6.54439212037e-15, -3.6095685631e-14, 9.97134893508e-15, -2.72607288034e-14, -1.63956762528e-14, -2.03511151345e-14, -3.9821810671e-14, -1.72111707753e-14, -1.21513999831e-14, 2.42328635262e-16, -5.59371791576e-15, -4.71678025854e-16, -6.54917272139e-17, -9.89276712099e-17, -6.42311238127e-17, -3.44490822549e-18, 7.68510307292e-20], [3.95560051941e-17, 1.36992110279e-15, 2.0818795906e-14, 1.7358525709e-14, 1.46093684703e-14, 9.10106323935e-15, 4.55091363154e-15, -8.89290607841e-14, -1.13038235456e-12, 1.03603276403e-13, -1.61424191614e-13, -1.23751188333e-13, -4.98863984518e-14, -9.2851724573e-14, -3.16418000471e-14, -6.24508311817e-14, 1.67255413756e-14, 1.9411351053e-13, -9.12241880343e-14, -3.61546662292e-14, -2.71285323714e-14, 1.15018709787e-16, -5.05688463329e-16, -3.93654671179e-16, -3.12998155768e-16, -7.38444067879e-18, 1.65207717264e-19], [1.19049587382e-17, -1.88191345001e-16, 1.7358525709e-14, 5.3306978379e-14, 5.30590755523e-14, 3.07364336348e-14, 6.05068363577e-14, 2.75281794565e-14, 2.73691036197e-13, -1.79194360088e-13, 8.65731301209e-14, 1.65473551202e-13, 1.32021861976e-13, 2.63375560646e-14, 1.12935526274e-13, 9.62425871962e-14, 2.40787180776e-13, 2.45720653026e-13, 8.22559454903e-14, 2.66545513688e-14, 3.1976140892e-14, 2.80456081671e-15, 2.90944250088e-16, 7.8576334841e-16, 6.27384651477e-16, 1.74355693774e-17, 6.74202153185e-20], [-6.94062635098e-17, -2.80242036445e-15, 1.46093684703e-14, 5.30590755523e-14, 4.03067526187e-13, 1.59383248786e-13, 2.21568111623e-13, 1.40667235889e-13, -3.55622683265e-14, -8.52774285649e-13, 6.31637049522e-13, 7.52631789357e-13, 6.90179575817e-13, 4.55904736706e-13, 6.97675641217e-13, 6.01130310893e-13, 1.92325062126e-12, 1.51402469121e-12, 1.10150929176e-12, 4.76171727916e-13, 2.85224616278e-13, 2.38330558224e-14, 4.82210393509e-15, 5.04008913462e-15, 3.04198669292e-15, 1.14563813389e-16, -1.44613375704e-19], [-1.29370756636e-16, -2.90752656529e-15, 9.10106323935e-15, 3.07364336348e-14, 1.59383248786e-13, 8.55299609349e-13, 4.79550589776e-13, 7.64513506755e-14, 1.10596219682e-11, 1.39429863055e-12, 3.2399029206e-12, 2.64065592309e-12, 2.15715661479e-12, 9.35257405375e-13, 9.15756836681e-13, 1.14675294e-12, 2.00741940432e-12, 2.40537906433e-12, 1.30946338842e-12, 6.71714799668e-13, 4.38228609217e-13, 3.75576848267e-14, 9.90143822374e-15, 7.19567533e-15, 6.2410628457e-15, 1.9097903631e-16, 3.90184041772e-19], [1.08943438764e-16, -4.92936541127e-15, 4.55091363154e-15, 6.05068363577e-14, 2.21568111623e-13, 4.79550589776e-13, 1.80935876091e-12, 1.63810013731e-12, 9.93207512762e-12, 2.9797024223e-12, 6.36771321436e-12, 6.10741839047e-12, 2.22541841725e-12, 1.73316124907e-12, 1.83921237615e-12, 1.72882346459e-12, 2.64829759684e-12, 1.53604418681e-12, 6.55505814559e-13, 1.17654833359e-12, 7.66960876319e-13, 6.83021889915e-14, 2.07118613845e-14, 1.64190475858e-14, 1.0762661514e-14, 4.26309485361e-16, 1.13028595537e-18], [-2.09303048288e-15, -2.52022202071e-14, -8.89290607841e-14, 2.75281794565e-14, 1.40667235889e-13, 7.64513506755e-14, 1.63810013731e-12, 5.59283765134e-11, 1.78876038981e-10, 2.60665469244e-12, 4.22594901781e-12, 2.20558554059e-11, 9.71956976709e-12, 1.62063210074e-11, 1.7682531871e-12, 2.14672138572e-12, 4.60216370221e-12, -6.48357886476e-13, -4.61942246607e-12, 7.60366650285e-13, 1.44021643569e-12, 1.36416255354e-13, 2.44238985725e-14, 3.79789380283e-14, 3.15937393977e-14, 4.68345692361e-16, 5.40571836085e-19], [-1.05630353301e-14, -1.96933317093e-13, -1.13038235456e-12, 2.73691036197e-13, -3.55622683265e-14, 1.10596219682e-11, 9.93207512762e-12, 1.78876038981e-10, 6.39781694289e-09, 5.67275948438e-10, 7.14906911448e-10, 7.57333251666e-10, 2.97480762246e-10, 1.25519775129e-10, 2.77038756519e-11, -4.30759507924e-12, -2.76669780835e-11, -5.59631715968e-11, -4.21265938799e-11, -1.73834731332e-11, 6.71882688374e-12, 5.89200522681e-14, -1.08861013194e-13, -7.89859578567e-14, -8.44493745766e-14, -2.41609562523e-15, 1.88040083446e-16], [-2.57833822177e-15, 1.97024289278e-15, 1.03603276403e-13, -1.79194360088e-13, -8.52774285649e-13, 1.39429863055e-12, 2.9797024223e-12, 2.60665469244e-12, 5.67275948438e-10, 4.68747651805e-10, 8.30789256834e-11, 1.34779687411e-10, 4.11005361689e-11, 3.3132510624e-11, 7.81782694137e-11, 3.0538467588e-11, 7.78013937996e-13, -5.1959716911e-12, -2.6628974633e-12, 6.8870295751e-12, 3.91335618424e-12, -8.22887629348e-14, -2.42148389827e-14, -3.5351082684e-14, -2.25094838331e-14, -9.32518900423e-16, 2.096521688e-17], [-2.17856789331e-15, -6.54439212037e-15, -1.61424191614e-13, 8.65731301209e-14, 6.31637049522e-13, 3.2399029206e-12, 6.36771321436e-12, 4.22594901781e-12, 7.14906911448e-10, 8.30789256834e-11, 2.3757229517e-10, 1.43418318888e-10, 5.4457969384e-11, 1.70056538296e-11, 5.33903520353e-12, 5.18923966297e-12, 5.33295759983e-12, 3.91893462126e-12, -5.33986646133e-13, 2.03094854302e-12, 3.7102859847e-12, 2.34793169065e-13, 3.63177234597e-15, 2.82642273708e-14, 1.70421790202e-15, 8.5768274544e-16, 2.99135806459e-17], [-1.84501436549e-15, -3.6095685631e-14, -1.23751188333e-13, 1.65473551202e-13, 7.52631789357e-13, 2.64065592309e-12, 6.10741839047e-12, 2.20558554059e-11, 7.57333251666e-10, 1.34779687411e-10, 1.43418318888e-10, 2.11609479939e-10, 5.48821578461e-11, 3.19848106334e-11, 4.27801301328e-11, 1.60974324148e-11, 1.23614790279e-11, 1.01385887533e-11, -1.37506130614e-12, 6.12460386226e-12, 6.63218134925e-12, 3.24936312666e-13, 2.0402494459e-14, 5.0134182694e-14, 2.57872590875e-14, 1.40656226578e-15, 1.21654693459e-17], [-1.46827634517e-15, 9.97134893508e-15, -4.98863984518e-14, 1.32021861976e-13, 6.90179575817e-13, 2.15715661479e-12, 2.22541841725e-12, 9.71956976709e-12, 2.97480762246e-10, 4.11005361689e-11, 5.4457969384e-11, 5.48821578461e-11, 6.2233246334e-11, 2.68621496574e-11, 2.05863139036e-11, 1.90812053658e-11, 2.21403780726e-11, 2.05532500741e-11, 7.96434099226e-12, 8.76778163961e-12, 7.20351642919e-12, 3.55566297976e-13, 7.28553298962e-14, 7.09898177569e-14, 6.21142677223e-14, 2.47819944565e-15, 1.91298255234e-17], [-1.42559435495e-15, -2.72607288034e-14, -9.2851724573e-14, 2.63375560646e-14, 4.55904736706e-13, 9.35257405375e-13, 1.73316124907e-12, 1.62063210074e-11, 1.25519775129e-10, 3.3132510624e-11, 1.70056538296e-11, 3.19848106334e-11, 2.68621496574e-11, 3.6377002105e-11, 2.91418104925e-11, 2.27663443653e-11, 2.50391547774e-11, 2.54068727862e-11, 1.23655669038e-11, 1.1041619008e-11, 7.89480199964e-12, 3.44457643832e-13, 9.12163953311e-14, 9.83994312355e-14, 7.87108754368e-14, 2.55426554541e-15, 3.69189236228e-18], [-1.17297239003e-15, -1.63956762528e-14, -3.16418000471e-14, 1.12935526274e-13, 6.97675641217e-13, 9.15756836681e-13, 1.83921237615e-12, 1.7682531871e-12, 2.77038756519e-11, 7.81782694137e-11, 5.33903520353e-12, 4.27801301328e-11, 2.05863139036e-11, 2.91418104925e-11, 6.2523701494e-11, 3.35084633651e-11, 3.07501281382e-11, 3.09916363406e-11, 1.42159964356e-11, 1.45938539031e-11, 1.11115908141e-11, 4.33319938091e-13, 1.12483136141e-13, 1.16334757582e-13, 9.28585076128e-14, 2.89095584799e-15, -3.21983093325e-18], [-5.71076071665e-16, -2.03511151345e-14, -6.24508311817e-14, 9.62425871962e-14, 6.01130310893e-13, 1.14675294e-12, 1.72882346459e-12, 2.14672138572e-12, -4.30759507924e-12, 3.0538467588e-11, 5.18923966297e-12, 1.60974324148e-11, 1.90812053658e-11, 2.27663443653e-11, 3.35084633651e-11, 4.08348702075e-11, 3.34139799163e-11, 3.43441282358e-11, 2.13387987835e-11, 1.83634652623e-11, 1.50334987514e-11, 5.17579902548e-13, 1.27133126617e-13, 1.48943466068e-13, 1.21122607929e-13, 3.14585156698e-15, -2.35895553204e-18], [-8.81531858042e-16, -3.9821810671e-14, 1.67255413756e-14, 2.40787180776e-13, 1.92325062126e-12, 2.00741940432e-12, 2.64829759684e-12, 4.60216370221e-12, -2.76669780835e-11, 7.78013937996e-13, 5.33295759983e-12, 1.23614790279e-11, 2.21403780726e-11, 2.50391547774e-11, 3.07501281382e-11, 3.34139799163e-11, 6.67509381103e-11, 5.68328231698e-11, 2.74807485795e-11, 1.93407494881e-11, 1.18049381034e-11, 6.73619742885e-13, 2.06280047839e-13, 1.90103439717e-13, 1.2214776174e-13, 4.71370870532e-15, -2.72317432268e-18], [-1.47629224146e-15, -1.72111707753e-14, 1.9411351053e-13, 2.45720653026e-13, 1.51402469121e-12, 2.40537906433e-12, 1.53604418681e-12, -6.48357886476e-13, -5.59631715968e-11, -5.1959716911e-12, 3.91893462126e-12, 1.01385887533e-11, 2.05532500741e-11, 2.54068727862e-11, 3.09916363406e-11, 3.43441282358e-11, 5.68328231698e-11, 1.01204725156e-10, 3.55118469353e-11, 2.50003507479e-11, 1.34709379068e-11, 7.56703673246e-13, 2.60021089946e-13, 1.9371419887e-13, 1.42539788566e-13, 5.86737477926e-15, -6.50949865767e-18], [-1.04499005274e-15, -1.21513999831e-14, -9.12241880343e-14, 8.22559454903e-14, 1.10150929176e-12, 1.30946338842e-12, 6.55505814559e-13, -4.61942246607e-12, -4.21265938799e-11, -2.6628974633e-12, -5.33986646133e-13, -1.37506130614e-12, 7.96434099226e-12, 1.23655669038e-11, 1.42159964356e-11, 2.13387987835e-11, 2.74807485795e-11, 3.55118469353e-11, 1.5061103753e-10, 1.36830512198e-11, 8.09019257836e-12, 3.69039461533e-13, 1.36162714675e-13, 1.12133108246e-13, 9.16514314529e-14, 2.98789559243e-15, -8.4705362677e-18], [-5.14761086167e-16, 2.42328635262e-16, -3.61546662292e-14, 2.66545513688e-14, 4.76171727916e-13, 6.71714799668e-13, 1.17654833359e-12, 7.60366650285e-13, -1.73834731332e-11, 6.8870295751e-12, 2.03094854302e-12, 6.12460386226e-12, 8.76778163961e-12, 1.1041619008e-11, 1.45938539031e-11, 1.83634652623e-11, 1.93407494881e-11, 2.50003507479e-11, 1.36830512198e-11, 2.03574362229e-11, 9.42918659819e-12, 4.33541142439e-13, 1.53045097754e-13, 1.21448234499e-13, 8.72303124915e-14, 2.51276029572e-15, -3.96958020264e-18], [-3.08092299756e-16, -5.59371791576e-15, -2.71285323714e-14, 3.1976140892e-14, 2.85224616278e-13, 4.38228609217e-13, 7.66960876319e-13, 1.44021643569e-12, 6.71882688374e-12, 3.91335618424e-12, 3.7102859847e-12, 6.63218134925e-12, 7.20351642919e-12, 7.89480199964e-12, 1.11115908141e-11, 1.50334987514e-11, 1.18049381034e-11, 1.34709379068e-11, 8.09019257836e-12, 9.42918659819e-12, 7.62206270322e-12, 2.53968097637e-13, 6.25378384061e-14, 7.47067270784e-14, 5.89225120518e-14, 1.27158438926e-15, -1.98343559307e-18], [-2.05527482306e-17, -4.71678025854e-16, 1.15018709787e-16, 2.80456081671e-15, 2.38330558224e-14, 3.75576848267e-14, 6.83021889915e-14, 1.36416255354e-13, 5.89200522681e-14, -8.22887629348e-14, 2.34793169065e-13, 3.24936312666e-13, 3.55566297976e-13, 3.44457643832e-13, 4.33319938091e-13, 5.17579902548e-13, 6.73619742885e-13, 7.56703673246e-13, 3.69039461533e-13, 4.33541142439e-13, 2.53968097637e-13, 1.71850804664e-14, 4.80561008603e-15, 3.72247983374e-15, 2.84849535689e-15, 9.39490960961e-17, -5.16922225385e-20], [-6.93073914384e-18, -6.54917272139e-17, -5.05688463329e-16, 2.90944250088e-16, 4.82210393509e-15, 9.90143822374e-15, 2.07118613845e-14, 2.44238985725e-14, -1.08861013194e-13, -2.42148389827e-14, 3.63177234597e-15, 2.0402494459e-14, 7.28553298962e-14, 9.12163953311e-14, 1.12483136141e-13, 1.27133126617e-13, 2.06280047839e-13, 2.60021089946e-13, 1.36162714675e-13, 1.53045097754e-13, 6.25378384061e-14, 4.80561008603e-15, 2.79179433613e-15, 1.54066039271e-15, 9.07464406997e-16, 3.18154111493e-17, -2.46828206782e-20], [-7.52405718566e-18, -9.89276712099e-17, -3.93654671179e-16, 7.8576334841e-16, 5.04008913462e-15, 7.19567533e-15, 1.64190475858e-14, 3.79789380283e-14, -7.89859578567e-14, -3.5351082684e-14, 2.82642273708e-14, 5.0134182694e-14, 7.09898177569e-14, 9.83994312355e-14, 1.16334757582e-13, 1.48943466068e-13, 1.90103439717e-13, 1.9371419887e-13, 1.12133108246e-13, 1.21448234499e-13, 7.47067270784e-14, 3.72247983374e-15, 1.54066039271e-15, 1.42449268273e-15, 8.69539883212e-16, 2.47668860357e-17, -3.54807943892e-20], [-4.78738803167e-18, -6.42311238127e-17, -3.12998155768e-16, 6.27384651477e-16, 3.04198669292e-15, 6.2410628457e-15, 1.0762661514e-14, 3.15937393977e-14, -8.44493745766e-14, -2.25094838331e-14, 1.70421790202e-15, 2.57872590875e-14, 6.21142677223e-14, 7.87108754368e-14, 9.28585076128e-14, 1.21122607929e-13, 1.2214776174e-13, 1.42539788566e-13, 9.16514314529e-14, 8.72303124915e-14, 5.89225120518e-14, 2.84849535689e-15, 9.07464406997e-16, 8.69539883212e-16, 8.20386190706e-16, 1.93244809739e-17, -1.83428884109e-20], [-3.84214812435e-21, -3.44490822549e-18, -7.38444067879e-18, 1.74355693774e-17, 1.14563813389e-16, 1.9097903631e-16, 4.26309485361e-16, 4.68345692361e-16, -2.41609562523e-15, -9.32518900423e-16, 8.5768274544e-16, 1.40656226578e-15, 2.47819944565e-15, 2.55426554541e-15, 2.89095584799e-15, 3.14585156698e-15, 4.71370870532e-15, 5.86737477926e-15, 2.98789559243e-15, 2.51276029572e-15, 1.27158438926e-15, 9.39490960961e-17, 3.18154111493e-17, 2.47668860357e-17, 1.93244809739e-17, 9.22744892119e-19, 1.36845304194e-22], [1.23802635941e-19, 7.68510307292e-20, 1.65207717264e-19, 6.74202153185e-20, -1.44613375704e-19, 3.90184041772e-19, 1.13028595537e-18, 5.40571836085e-19, 1.88040083446e-16, 2.096521688e-17, 2.99135806459e-17, 1.21654693459e-17, 1.91298255234e-17, 3.69189236228e-18, -3.21983093325e-18, -2.35895553204e-18, -2.72317432268e-18, -6.50949865767e-18, -8.4705362677e-18, -3.96958020264e-18, -1.98343559307e-18, -5.16922225385e-20, -2.46828206782e-20, -3.54807943892e-20, -1.83428884109e-20, 1.36845304194e-22, 5.55447691874e-22]]
    },
    "mfcc": {
        "kurt": [0.843717813492, -0.295300722122, 0.613105297089, -0.19565987587, -0.502374887466, 0.511591911316, -0.209829092026, -0.222964763641, 0.373378515244, -0.00368356704712, 0.0332968235016, -0.335729598999, -0.0157017707825],
        "max": [-830.659240723, 127.09702301, 27.0460853577, 44.7099647522, 6.05592346191, -0.00244140625, 34.3912277222, 15.8306522369, 28.3602638245, 38.3328704834, 22.6132621765, 22.1083393097, 11.2174911499],
        "mean": [-940.454101562, 87.0359573364, -60.4526596069, 4.42469215393, -21.248216629, -28.6573085785, 2.55592131615, -12.3305892944, -0.668140232563, 5.203810215, -2.61067581177, 0.326414227486, -9.68975257874],
        "median": [-936.924255371, 85.9669494629, -64.1430206299, 6.71423912048, -19.4872016907, -29.3913154602, 0.93461227417, -13.0628509521, -0.910041809082, 3.85049819946, -3.44254684448, 0.530544281006, -9.75066757202],
        "min": [-1096.94787598, 43.8160209656, -119.523986816, -46.8707351685, -58.8779678345, -55.0878868103, -15.9174041748, -35.294631958, -24.1571655273, -22.956199646, -29.9056453705, -17.0420455933, -29.7895927429],
        "skew": [-0.501695752144, 0.152792170644, 0.568245172501, -0.590454757214, -0.380441188812, 0.238460212946, 0.480441212654, 0.225364595652, 0.319007217884, 0.302481472492, 0.260512202978, 0.0935717970133, -0.125898823142],
        "var": [1593.98754883, 272.512817383, 577.233459473, 377.270172119, 219.644165039, 89.8045043945, 99.6419830322, 93.3721923828, 74.0924301147, 119.795799255, 79.8596572876, 56.9469337463, 57.5021820068],
        "cov": [[1601.83972168, 366.854522705, -899.336853027, -301.97164917, -307.73550415, -59.6040153503, 103.000465393, 66.4849700928, 85.2886428833, -132.878967285, -123.186737061, -40.728351593, -80.3043746948], [366.854522705, 273.855255127, -158.415878296, -261.670684814, -154.924911499, -23.5994930267, 72.5593032837, 71.2039489746, 48.0660057068, 5.21462202072, -30.8611373901, -35.6076698303, -39.5852737427], [-899.336853027, -158.415878296, 580.076965332, 161.743652344, 132.487823486, 31.8393478394, -52.6690254211, -27.577796936, -34.1370124817, 87.1771316528, 75.6725845337, 20.1601963043, 37.3228759766], [-301.97164917, -261.670684814, 161.743652344, 379.128662109, 208.866516113, -10.0155572891, -77.6844482422, -59.8994560242, -70.4313583374, -49.1325416565, 16.8206253052, 36.0034141541, 43.6217575073], [-307.73550415, -154.924911499, 132.487823486, 208.866516113, 220.726165771, 28.7365665436, -61.5788002014, -29.3285427094, -61.7426528931, -32.3187294006, 9.8276052475, 18.4104995728, 45.7231712341], [-59.6040153503, -23.5994930267, 31.8393478394, -10.0155572891, 28.7365665436, 90.2468948364, 9.15390205383, -34.4017982483, 6.79514551163, 11.9891548157, 4.97219705582, 11.3108091354, 16.8208999634], [103.000465393, 72.5593032837, -52.6690254211, -77.6844482422, -61.5788002014, 9.15390205383, 100.132835388, 53.7340774536, -2.75314426422, 1.22166657448, -12.4458713531, -16.3369026184, -4.33744859695], [66.4849700928, 71.2039489746, -27.577796936, -59.8994560242, -29.3285427094, -34.4017982483, 53.7340774536, 93.8321533203, 0.291254580021, -17.7328014374, -7.93394231796, -17.4753799438, -8.82134342194], [85.2886428833, 48.0660057068, -34.1370124817, -70.4313583374, -61.7426528931, 6.79514551163, -2.75314426422, 0.291254580021, 74.4574127197, 45.5223693848, 2.58748841286, 0.82052719593, -22.1878013611], [-132.878967285, 5.21462202072, 87.1771316528, -49.1325416565, -32.3187294006, 11.9891548157, 1.22166657448, -17.7328014374, 45.5223693848, 120.385932922, 53.1019325256, -7.8685965538, -13.1729431152], [-123.186737061, -30.8611373901, 75.6725845337, 16.8206253052, 9.8276052475, 4.97219705582, -12.4458713531, -7.93394231796, 2.58748841286, 53.1019325256, 80.2530517578, 26.1631393433, -9.29062461853], [-40.728351593, -35.6076698303, 20.1601963043, 36.0034141541, 18.4104995728, 11.3108091354, -16.3369026184, -17.4753799438, 0.82052719593, -7.8685965538, 26.1631393433, 57.2274627686, 20.1209220886], [-80.3043746948, -39.5852737427, 37.3228759766, 43.6217575073, 45.7231712341, 16.8208999634, -4.33744859695, -8.82134342194, -22.1878013611, -13.1729431152, -9.29062461853, 20.1209220886, 57.785446167]]
    },
    "sccoeffs": {
        "kurt": [0.152147769928, -0.741524457932, -0.643427371979, 2.04058694839, 0.793214559555, 0.824320316315],
        "max": [-0.639815151691, -0.655013203621, -0.66534358263, -0.681507647038, -0.76576924324, -0.712309122086],
        "mean": [-0.772258162498, -0.803473353386, -0.824463129044, -0.84386330843, -0.846970260143, -0.804592907429],
        "median": [-0.773470878601, -0.814937233925, -0.841725349426, -0.850868999958, -0.852593541145, -0.807602405548],
        "min": [-0.895986258984, -0.94448786974, -0.934483468533, -0.915779232979, -0.906642436981, -0.867362380028],
        "skew": [0.176514476538, 0.352319806814, 0.569010972977, 1.05117499828, 0.809814095497, 0.637681245804],
        "var": [0.0017173794331, 0.00350870052353, 0.00384079176001, 0.00129862071481, 0.00051687809173, 0.000686105922796],
        "cov": [[0.00172583945096, -0.0004004969378, -0.000237827189267, -0.000156953785336, 0.000144155143062, 4.39655086666e-05], [-0.0004004969378, 0.00352598470636, 0.00172649987508, 0.000911757349968, -8.20298373583e-05, 0.000146747697727], [-0.000237827189267, 0.00172649987508, 0.00385971204378, 0.00108946452383, -0.000122184515931, 0.000178389323992], [-0.000156953785336, 0.000911757349968, 0.00108946452383, 0.00130501785316, -1.99844307645e-05, 0.000156741240062], [0.000144155143062, -8.20298373583e-05, -0.000122184515931, -1.99844307645e-05, 0.000519424269442, 4.04461752623e-05], [4.39655086666e-05, 0.000146747697727, 0.000178389323992, 0.000156741240062, 4.04461752623e-05, 0.000689485750627]]
    },
    "scvalleys": {
        "kurt": [0.0931656360626, 0.186278104782, -0.369010686874, 0.503092765808, 0.694805145264, 0.286737680435],
        "max": [-8.72020816803, -7.38542509079, -6.25173473358, -6.71460580826, -7.39648914337, -10.6705245972],
        "mean": [-10.0499362946, -8.53424072266, -8.55234146118, -8.93034553528, -9.15240097046, -12.2724485397],
        "median": [-10.0417146683, -8.49214172363, -8.60752487183, -8.83578300476, -9.09234046936, -12.3202953339],
        "min": [-10.989109993, -10.025270462, -10.8475961685, -11.0577602386, -11.1648874283, -14.2295885086],
        "skew": [0.193216264248, -0.247215718031, -0.184229016304, -0.398147165775, -0.361267805099, 0.149824336171],
        "var": [0.137857213616, 0.235680371523, 0.801521837711, 0.565941095352, 0.35131046176, 0.383495956659],
        "cov": [[0.138536319137, 0.00186903460417, 0.0261086244136, 0.0194126684219, 0.0161091461778, 0.0143663641065], [0.00186903460417, 0.236841365695, 0.282571673393, 0.241301819682, 0.177013456821, 0.150226026773], [0.0261086244136, 0.282571673393, 0.805470228195, 0.543197631836, 0.333104997873, 0.19550165534], [0.0194126684219, 0.241301819682, 0.543197631836, 0.568728983402, 0.354917109013, 0.279594004154], [0.0161091461778, 0.177013456821, 0.333104997873, 0.354917109013, 0.353041052818, 0.261702865362], [0.0143663641065, 0.150226026773, 0.19550165534, 0.279594004154, 0.261702865362, 0.385385096073]]
    }
},
"rhythm": {
    "beats_loudness": {
        "kurt": -0.258454084396,
        "max": 0.000345873762853,
        "mean": 0.000112801018986,
        "median": 5.34012033313e-05,
        "min": 2.21432783292e-05,
        "skew": 1.09144937992,
        "var": 1.2363158497e-08
    },
    "bpm": 118.546424866,
    "confidence": 0,
    "first_peak_bpm": {
        "kurt": 0,
        "max": 117,
        "mean": 117,
        "median": 117,
        "min": 117,
        "skew": 0,
        "var": 0
    },
    "first_peak_spread": {
        "kurt": 0,
        "max": 0.400000035763,
        "mean": 0.400000035763,
        "median": 0.400000035763,
        "min": 0.400000035763,
        "skew": 0,
        "var": 0
    },
    "first_peak_weight": {
        "kurt": 0,
        "max": 0.428571432829,
        "mean": 0.428571432829,
        "median": 0.428571432829,
        "min": 0.428571432829,
        "skew": 0,
        "var": 0
    },
    "onset_rate": 6.36838436127,
    "second_peak_bpm": {
        "kurt": 0,
        "max": 112,
        "mean": 112,
        "median": 112,
        "min": 112,
        "skew": 0,
        "var": 0
    },
    "second_peak_spread": {
        "kurt": 0,
        "max": 0,
        "mean": 0,
        "median": 0,
        "min": 0,
        "skew": 0,
        "var": 0
    },
    "second_peak_weight": {
        "kurt": 0,
        "max": 0.285714298487,
        "mean": 0.285714298487,
        "median": 0.285714298487,
        "min": 0.285714298487,
        "skew": 0,
        "var": 0
    },
    "beats_loudness_band_ratio": {
        "kurt": [0.23233962059, 0.0154056549072, -1.77263355255, -0.728801012039, -0.779278278351, -0.0276100635529],
        "max": [0.0300986468792, 0.102283336222, 0.713676631451, 0.277498990297, 0.816951274872, 0.399006992579],
        "mean": [0.0125653231516, 0.0327092036605, 0.348246127367, 0.136790305376, 0.349787145853, 0.160520538688],
        "median": [0.0110447015613, 0.0208274591714, 0.339050590992, 0.118333831429, 0.266306787729, 0.111666470766],
        "min": [0.000370907073375, 0.00241670222022, 0.0509389564395, 0.0418195389211, 0.0893078148365, 0.0656357631087],
        "skew": [0.752858638763, 1.23243641853, 0.0901918411255, 0.770789921284, 0.713926494122, 1.23984265327],
        "var": [6.80509401718e-05, 0.00105026131496, 0.0688801035285, 0.0058999969624, 0.0579725429416, 0.0124370511621],
        "cov": [[7.77724999352e-05, 4.7905217798e-05, 7.25959325791e-05, -0.000417159462813, -0.000129100313643, 8.95061675692e-05], [4.7905217798e-05, 0.0012002986623, -0.00552568910643, -0.000616179779172, 0.000369971152395, 0.0040068551898], [7.25959325791e-05, -0.00552568910643, 0.0787201151252, 0.01347404439, -0.0600256696343, -0.0227906219661], [-0.000417159462813, -0.000616179779172, 0.01347404439, 0.00674285367131, -0.0144174387679, -0.00268881232478], [-0.000129100313643, 0.000369971152395, -0.0600256696343, -0.0144174387679, 0.0662543326616, 0.00629040272906], [8.95061675692e-05, 0.0040068551898, -0.0227906219661, -0.00268881232478, 0.00629040272906, 0.0142137724906]]
    },
    "beats_position": [0.510838985443, 1.04489791393, 1.57895684242, 2.08979582787, 2.60063481331, 3.11147379875, 3.61070299149, 4.1099319458],
    "bpm_estimates": [117.453842163, 117.453842163, 117.453842163, 120.185279846, 120.185333252],
    "bpm_intervals": [0.53405892849, 0.53405892849, 0.510838985443, 0.510838985443, 0.510838985443, 0.499229192734, 0.499228954315],
    "onset_times": [0.0232199542224, 0.232199549675, 0.406349211931, 0.522448956966, 0.684988677502, 0.766258478165, 0.847528338432, 1.04489791393, 1.1261677742, 1.369977355, 1.60217690468, 1.86920630932, 1.97369611263, 2.13623571396, 2.31038546562, 2.3916554451, 2.49614500999, 2.5890250206, 2.84444451332, 2.97215414047, 3.13469386101, 3.3785033226, 3.49460315704, 3.80807256699, 3.86612248421, 4.09832191467, 4.20281171799, 4.37696123123, 4.48145103455, 4.56272125244],
    "histogram": [[0, 0, 0, 0, 0, 0, 0, 0, 0, 0, 0, 0, 0, 0, 0, 0, 0, 0, 0, 0, 0, 0, 0, 0, 0, 0, 0, 0, 0, 0, 0, 0, 0, 0, 0, 0, 0, 0, 0, 0, 0, 0, 0, 0, 0, 0, 0, 0, 0, 0, 0, 0, 0, 0, 0, 0, 0, 0, 0, 0, 0, 0, 0, 0, 0, 0, 0, 0, 0, 0, 0, 0, 0, 0, 0, 0, 0, 0, 0, 0, 0, 0, 0, 0, 0, 0, 0, 0, 0, 0, 0, 0, 0, 0, 0, 0, 0, 0, 0, 0, 0, 0, 0, 0, 0, 0, 0, 0, 0, 0, 0, 0, 0.285714298487, 0, 0, 0, 0, 0.428571432829, 0, 0, 0.285714298487, 0, 0, 0, 0, 0, 0, 0, 0, 0, 0, 0, 0, 0, 0, 0, 0, 0, 0, 0, 0, 0, 0, 0, 0, 0, 0, 0, 0, 0, 0, 0, 0, 0, 0, 0, 0, 0, 0, 0, 0, 0, 0, 0, 0, 0, 0, 0, 0, 0, 0, 0, 0, 0, 0, 0, 0, 0, 0, 0, 0, 0, 0, 0, 0, 0, 0, 0, 0, 0, 0, 0, 0, 0, 0, 0, 0, 0, 0, 0, 0, 0, 0, 0, 0, 0, 0, 0, 0, 0, 0, 0, 0, 0, 0, 0, 0, 0, 0, 0, 0, 0, 0, 0, 0, 0, 0, 0, 0, 0, 0, 0, 0, 0, 0, 0, 0, 0, 0, 0, 0, 0, 0, 0, 0, 0, 0, 0, 0, 0]]
},
"sfx": {
    "inharmonicity": {
        "kurt": -0.179578781128,
        "max": 0.413328319788,
        "mean": 0.0977683886886,
        "median": 0.0576495751739,
        "min": 0,
        "skew": 0.965587973595,
        "var": 0.0117473406717
    },
    "oddtoevenharmonicenergyratio": {
        "kurt": 118.00630188,
        "max": 73.2047958374,
        "mean": 1.54977357388,
        "median": 0.314797520638,
        "min": 0,
        "skew": 10.2132663727,
        "var": 33.2247505188
    },
    "pitch_after_max_to_before_max_energy_ratio": 0.0844871029258,
    "pitch_centroid": 121.204322815,
    "pitch_max_to_total": 0.936274528503,
    "pitch_min_to_total": 0.29411765933,
    "tristimulus": {
        "kurt": [-1.29894149303, -0.751254558563, -0.829806566238],
        "max": [1, 0.868091583252, 0.921237468719],
        "mean": [0.39272454381, 0.310718506575, 0.296556890011],
        "median": [0.21043074131, 0.26623904705, 0.275203108788],
        "min": [0, 0, 0],
        "skew": [0.544459044933, 0.441733539104, 0.491455495358],
        "var": [0.139116957784, 0.0548375733197, 0.064001865685],
        "cov": [[0.139802262187, -0.0652963668108, -0.0745058730245], [-0.0652963668108, 0.0551077090204, 0.0101886484772], [-0.0745058730245, 0.0101886484772, 0.0643171519041]]
    }
},
"tonal": {
    "chords_changes_rate": 0.126213595271,
    "chords_number_rate": 0.0485436879098,
    "chords_strength": {
        "kurt": -0.961118459702,
        "max": 0.651557087898,
        "mean": 0.475960284472,
        "median": 0.476926535368,
        "min": 0.335834622383,
        "skew": 0.330044239759,
        "var": 0.00767749268562
    },
    "key_strength": 0.295324891806,
    "tuning_diatonic_strength": 0.385596632957,
    "tuning_equal_tempered_deviation": 0.230607241392,
    "tuning_frequency": 453.416503906,
    "tuning_nontempered_energy_ratio": 0.880492269993,
    "hpcp": {
        "kurt": [2.49497699738, 1.15225505829, 1.7695069313, 2.78709125519, 2.68211460114, 2.35648536682, 2.2921333313, 0.103717803955, -0.860412836075, -0.689984798431, 1.54507732391, 0.684377908707, 0.709594488144, 1.4625415802, 0.374357461929, 0.330974340439, 0.448810815811, 0.317672729492, 0.360635757446, 0.235580682755, 0.15858912468, 1.33801460266, 1.90444087982, 1.34844684601, 0.0992586612701, -0.00800514221191, 0.120331048965, -0.76012969017, -0.520458459854, 1.3517127037, 2.03340673447, 3.62819290161, 2.5998878479, 0.856867551804, 1.62631750107, 1.11108446121],
        "max": [1, 0.742371439934, 0.740509569645, 0.984702706337, 1, 1, 0.943754792213, 0.903941631317, 1, 1, 1, 0.85311216116, 1, 0.939555704594, 0.91129130125, 1, 1, 1, 1, 1, 1, 1, 1, 1, 1, 1, 1, 1, 1, 1, 1, 1, 1, 0.863304793835, 0.811300218105, 0.849481999874],
