{
"metadata": {
    "version": {
        "essentia": "2.1-beta3"
    }
},
"lowLevel": {
    "average_loudness": 0.977969944477,
    "barkbands_kurtosis": {
        "kurt": 62.0917053223,
        "max": 342.792663574,
        "mean": 8.42705059052,
        "median": -0.0341070890427,
        "min": -1.84325122833,
        "skew": 7.41158914566,
        "var": 1113.14526367
    },
    "barkbands_skewness": {
        "kurt": 10.7354192734,
        "max": 3.27006721497,
        "mean": -1.05574297905,
        "median": -0.549276709557,
        "min": -17.9218597412,
        "skew": -2.55512905121,
        "var": 7.13793039322
    },
    "barkbands_spread": {
        "kurt": -1.13019835949,
        "max": 38.4057159424,
        "mean": 15.7664642334,
        "median": 16.8853874207,
        "min": 0.508713185787,
        "skew": -0.0501661263406,
        "var": 83.0946884155
    },
    "dissonance": {
        "kurt": 7.68106937408,
        "max": 0.499763995409,
        "mean": 0.476744681597,
        "median": 0.485537350178,
        "min": 0.335230231285,
        "skew": -2.50012469292,
        "var": 0.000720554555301
    },
    "hfc": {
        "kurt": 5.19693374634,
        "max": 9.78321743011,
        "mean": 1.11170434952,
        "median": 0.222704410553,
        "min": 0.00211886293255,
        "skew": 2.31583738327,
        "var": 3.3904030323
    },
    "pitch": {
        "kurt": -1.45419335365,
        "max": 3809.13745117,
        "mean": 1483.56982422,
        "median": 692.61151123,
        "min": 86.8618392944,
        "skew": 0.545143246651,
        "var": 1596602.125
    },
    "pitch_instantaneous_confidence": {
        "kurt": -1.34507620335,
        "max": 0.998041391373,
        "mean": 0.534809947014,
        "median": 0.492672473192,
        "min": 0.149305224419,
        "skew": 0.312986135483,
        "var": 0.0741370692849
    },
    "pitch_salience": {
        "kurt": 0.650545597076,
        "max": 0.913223803043,
        "mean": 0.641681730747,
        "median": 0.670553386211,
        "min": 0.117143183947,
        "skew": -0.862944245338,
        "var": 0.0227310154587
    },
    "silence_rate_20dB": {
        "kurt": 0,
        "max": 1,
        "mean": 1,
        "median": 1,
        "min": 1,
        "skew": 0,
        "var": 0
    },
    "silence_rate_30dB": {
        "kurt": 0,
        "max": 1,
        "mean": 1,
        "median": 1,
        "min": 1,
        "skew": 0,
        "var": 0
    },
    "silence_rate_60dB": {
        "kurt": 65.6808242798,
        "max": 1,
        "mean": 0.98584908247,
        "median": 1,
        "min": 0,
        "skew": -8.22683143616,
        "var": 0.0139507055283
    },
    "spectral_centroid": {
        "kurt": -0.854893684387,
        "max": 3475.50805664,
        "mean": 2021.5526123,
        "median": 2025.25708008,
        "min": 605.609619141,
        "skew": 0.0992301702499,
        "var": 526428.0625
    },
    "spectral_complexity": {
        "kurt": 10.6677322388,
        "max": 11,
        "mean": 1.02830183506,
        "median": 0,
        "min": 0,
        "skew": 2.91712665558,
        "var": 2.88599920273
    },
    "spectral_crest": {
        "kurt": -0.924136400223,
        "max": 26.7702274323,
        "mean": 11.9983005524,
        "median": 10.4106369019,
        "min": 2.83829116821,
        "skew": 0.556323349476,
        "var": 50.5919723511
    },
    "spectral_decrease": {
        "kurt": 11.7729120255,
        "max": -4.34659198825e-13,
        "mean": -1.11453214713e-10,
        "median": -3.12118039747e-11,
        "min": -1.34999578183e-09,
        "skew": -3.05358242989,
        "var": 3.64424726306e-20
    },
    "spectral_energy": {
        "kurt": 8.2068567276,
        "max": 0.00559240672737,
        "mean": 0.000521484704223,
        "median": 0.000137830560561,
        "min": 1.83269264653e-06,
        "skew": 2.60692977905,
        "var": 7.22869344827e-07
    },
    "spectral_energyband_high": {
        "kurt": 16.5894165039,
        "max": 4.4725547923e-05,
        "mean": 5.55811993763e-06,
        "median": 3.96999575969e-06,
        "min": 1.62791327085e-08,
        "skew": 3.37650513649,
        "var": 3.63317882723e-11
    },
    "spectral_energyband_low": {
        "kurt": 1.69173240662,
        "max": 2.68060784947e-06,
        "mean": 7.04713443156e-07,
        "median": 5.68900190956e-07,
        "min": 8.57452917558e-08,
        "skew": 1.3734858036,
        "var": 2.44133543676e-13
    },
    "spectral_energyband_middle_high": {
        "kurt": 3.52630138397,
        "max": 0.00295743276365,
        "mean": 0.000388562883018,
        "median": 7.08436346031e-05,
        "min": 5.619929766e-07,
        "skew": 2.06452941895,
        "var": 3.9862692347e-07
    },
    "spectral_energyband_middle_low": {
        "kurt": 27.377571106,
        "max": 0.003031227272,
        "mean": 0.000129648251459,
        "median": 2.25795629376e-05,
        "min": 9.61341470429e-07,
        "skew": 5.14569616318,
        "var": 1.64201964026e-07
    },
    "spectral_flatness_db": {
        "kurt": -0.329488992691,
        "max": 0.422403693199,
        "mean": 0.201339304447,
        "median": 0.181425273418,
        "min": 0.0933674201369,
        "skew": 0.773112773895,
        "var": 0.00589310610667
    },
    "spectral_flux": {
        "kurt": -0.20982837677,
        "max": 0.0518960431218,
        "mean": 0.0152865611017,
        "median": 0.00815565418452,
        "min": 0.0012935170671,
        "skew": 1.04745745659,
        "var": 0.000189907063032
    },
    "spectral_kurtosis": {
        "kurt": 5.2166557312,
        "max": 37.1521072388,
        "mean": 8.64646911621,
        "median": 6.87746906281,
        "min": 2.42306137085,
        "skew": 2.02213597298,
        "var": 29.4564285278
    },
    "spectral_rms": {
        "kurt": 1.11240291595,
        "max": 0.00233580963686,
        "mean": 0.000540695502423,
        "median": 0.000366691616364,
        "min": 4.22846642323e-05,
        "skew": 1.32814538479,
        "var": 2.16414022702e-07
    },
    "spectral_rolloff": {
        "kurt": 0.438987731934,
        "max": 4565.0390625,
        "mean": 2908.40429688,
        "median": 3111.54785156,
        "min": 645.99609375,
        "skew": -1.00680303574,
        "var": 695043.75
    },
    "spectral_skewness": {
        "kurt": 2.79622888565,
        "max": 4.34183835983,
        "mean": 2.07524347305,
        "median": 1.92440390587,
        "min": 1.23362016678,
        "skew": 1.69737648964,
        "var": 0.362076848745
    },
    "spectral_spread": {
        "kurt": 0.381558418274,
        "max": 7853599,
        "mean": 3745061.75,
        "median": 3633077.5,
        "min": 1448514.75,
        "skew": 0.520824790001,
        "var": 1.22160336077e+12
    },
    "spectral_strongpeak": {
        "kurt": 17.2221107483,
        "max": 6.38859272003,
        "mean": 0.462484568357,
        "median": 0.150428459048,
        "min": 0.00135768787004,
        "skew": 3.5547580719,
        "var": 0.635854542255
    },
    "zerocrossingrate": {
        "kurt": -0.6849193573,
        "max": 0.15966796875,
        "mean": 0.100705705583,
        "median": 0.10400390625,
        "min": 0.02783203125,
        "skew": -0.169494897127,
        "var": 0.000992960645817
    },
    "barkbands": {
        "kurt": [158.004684448, 1.0560965538, 2.61740255356, 5.73927688599, 3.1580657959, 39.4473609924, 25.4317951202, 6.15941905975, 27.983587265, 25.3901634216, 44.4393539429, 28.4345302582, 51.9567832947, 47.5588989258, 67.8293762207, 31.1907157898, 87.9750595093, 32.2333602905, 8.96706867218, 13.8638458252, 40.1080055237, 44.4494552612, 30.1751403809, 15.5435848236, 12.9865646362, 26.1980895996, 195.044342041],
        "max": [4.54175932418e-08, 1.07139203465e-06, 1.13409350888e-06, 2.01093052965e-06, 3.45194803231e-06, 8.18961325422e-06, 2.52085883403e-05, 0.000182867763215, 0.00289602880366, 0.000460506620584, 0.000963118101936, 0.00171926105395, 0.00056461134227, 0.000193731553736, 0.000254579179455, 0.000100098077382, 0.000683872436639, 0.00120403931942, 0.00282767019235, 5.27320262336e-05, 3.61212078133e-05, 4.06838444178e-06, 7.21999640518e-06, 6.46468777177e-07, 5.76608385927e-07, 3.54446534345e-08, 2.80257661522e-09],
        "mean": [1.35097855125e-09, 2.85535321609e-07, 2.50379798672e-07, 3.8423209503e-07, 8.87671433247e-07, 6.94466677942e-07, 2.00082854462e-06, 2.10513444472e-05, 9.87784078461e-05, 1.83654246939e-05, 2.45682113018e-05, 5.19444874953e-05, 1.40651318361e-05, 6.58182671032e-06, 7.41473559174e-06, 7.64915148466e-06, 1.70195162355e-05, 4.84453521494e-05, 0.000192166509805, 5.29399130755e-06, 2.9250593343e-06, 3.03289994008e-07, 2.7386641932e-07, 7.02394373775e-08, 6.13824440165e-08, 2.91558643895e-09, 2.842654237e-11],
        "median": [7.33286598109e-10, 2.03795110565e-07, 1.91245646874e-07, 2.64208665612e-07, 7.42298311707e-07, 4.69231281386e-07, 1.01234900285e-06, 7.71441045799e-06, 2.97579117614e-06, 3.16716113957e-06, 1.25490805658e-06, 1.16213050205e-06, 1.45074068314e-06, 1.51827953232e-06, 3.09699726131e-06, 4.45328441856e-06, 4.5713190957e-06, 5.7307033785e-06, 4.21506592829e-06, 2.60747947323e-06, 2.16810576603e-06, 2.1986562615e-07, 3.85064851116e-08, 4.16715053575e-08, 3.49931177368e-08, 1.88176896287e-09, 1.95048794824e-12],
        "min": [9.44839866068e-12, 8.81098038974e-09, 3.83939946502e-09, 5.90039084258e-09, 4.93958154379e-08, 5.79984416049e-08, 5.13825710868e-08, 2.38504576089e-08, 2.0138561041e-08, 1.28714683356e-08, 1.18987522058e-08, 1.98415861519e-08, 3.09428429546e-08, 1.15933982414e-08, 1.17465468463e-08, 8.10547895469e-09, 1.72637069085e-08, 1.85334307901e-08, 7.90976883991e-08, 3.88441208088e-08, 6.41750741437e-09, 1.70758046592e-10, 1.00902279587e-10, 1.10208751847e-10, 2.14781595287e-11, 2.28018829946e-13, 8.8279577943e-15],
        "skew": [11.897187233, 1.29219174385, 1.57193827629, 2.24113798141, 1.55156636238, 4.98086929321, 4.5051407814, 2.38473415375, 5.23353290558, 5.0145368576, 6.59143686295, 5.24145460129, 6.84930419922, 6.15728139877, 8.03311061859, 4.90367889404, 8.55717563629, 5.21422529221, 3.07309556007, 3.32694220543, 4.94781351089, 5.31223344803, 5.31723356247, 3.54370641708, 2.93104743958, 4.05153656006, 13.8448934555],
        "var": [1.051356402e-17, 6.16547286315e-14, 4.44945322991e-14, 1.32414505792e-13, 3.53114103712e-13, 6.1362487357e-13, 9.47497722642e-12, 9.89735848833e-10, 1.49014226736e-07, 4.11536227318e-09, 1.34241471272e-08, 4.84541580192e-08, 3.36737682183e-09, 3.65545455017e-10, 6.23418261458e-10, 1.43975983913e-10, 3.30107519098e-09, 1.93192697395e-08, 2.63032006842e-07, 5.37230468445e-11, 1.18309459451e-11, 1.45457430822e-13, 8.35812484761e-13, 8.67236207706e-15, 5.40406003909e-15, 1.43675167808e-17, 3.75595024997e-20],
        "cov": [[1.05633908986e-17, -3.48127298774e-17, -6.61083274948e-17, -7.36896826543e-17, -6.98667516481e-17, -2.25919701249e-16, -5.02140295253e-16, -3.80075584246e-15, -2.25614730213e-14, -4.99715472859e-15, 3.04654224787e-15, -2.99071578863e-14, -9.49803115931e-15, -1.00912540721e-15, -4.35105239598e-15, -2.17527229987e-15, -3.45697460356e-15, 1.32205054873e-14, -9.2686058481e-14, -1.83382781311e-15, -8.75737993864e-16, -7.92828463458e-17, -1.81697368388e-16, -2.52961244634e-17, -1.83983381272e-17, -3.85864969903e-19, 5.80900871754e-19], [-3.48127298774e-17, 6.19469346696e-14, 2.47225403669e-14, 1.47168078234e-14, 9.79454690096e-16, 1.97970149795e-15, -9.36205696029e-15, 4.04166934295e-13, 3.88549609154e-12, -9.29798339017e-13, 7.73210109221e-13, 2.05852045479e-12, 8.48595987316e-13, 1.86827116277e-13, 5.68052332603e-13, 1.69014772338e-13, 3.26228519025e-13, 4.52191181635e-13, 1.05542519169e-11, -1.70135274955e-14, 9.04685397776e-14, 1.04134289828e-14, -4.26982108931e-15, 3.86019510898e-15, 1.13379817501e-15, -2.68179481933e-17, -8.8183264242e-19], [-6.61083274948e-17, 2.47225403669e-14, 4.47054062335e-14, 3.36374062827e-14, 9.06025615657e-16, -5.16011031511e-15, 1.34447018948e-13, 1.73555126434e-13, -4.37220572247e-13, -1.03303541936e-12, -7.56533128244e-13, -1.08718568002e-12, -1.55843464219e-13, -1.7752692491e-13, 1.5831554004e-13, 1.50559455853e-13, -4.45706161865e-13, -2.94830972787e-13, 1.23958759923e-11, -8.94859951113e-14, 6.1678675947e-14, 2.94513673398e-16, 8.95180417559e-15, 1.20821870151e-15, 7.79141350708e-16, -5.95019403448e-17, -2.8805293042e-18], [-7.36896826543e-17, 1.47168078234e-14, 3.36374062827e-14, 1.33042055562e-13, 1.90420036916e-14, 2.45606711001e-15, 2.75434595921e-13, -1.08583498096e-12, 3.76456109124e-13, 6.03284186929e-13, -2.90489615869e-12, 1.73416402766e-12, 1.70451164034e-13, -1.87805039532e-13, 3.82221272861e-13, 5.61561918928e-13, -1.55249402743e-12, -3.75072932782e-12, 2.5827274347e-11, -1.430497024e-13, 1.09854521855e-13, -9.00975478171e-15, 5.22537606717e-14, -4.13889944182e-16, -1.6403281391e-16, -6.86145722543e-17, -3.59717273752e-18], [-6.98667516481e-17, 9.79454690096e-16, 9.06025615657e-16, 1.90420036916e-14, 3.54787623976e-13, 1.30406698894e-13, 8.44147410935e-14, 2.55173117879e-12, 3.43922355872e-11, 4.15657785968e-12, 1.37027745379e-13, 2.38592635232e-11, 5.40308076058e-12, 1.04805975096e-12, 2.07692218458e-12, 1.00304573675e-12, -1.09376505249e-12, -2.61371870328e-12, 1.02683172295e-12, 1.78470468791e-14, 1.4613881123e-13, 1.99865945056e-14, 3.08500275293e-14, 1.38977957848e-15, 1.22942332431e-15, 1.40029779539e-16, -2.46308474986e-18], [-2.25919701249e-16, 1.97970149795e-15, -5.16011031511e-15, 2.45606711001e-15, 1.30406698894e-13, 6.16533029057e-13, 2.6467201911e-13, 5.48079897439e-12, 4.68528583986e-11, 5.90534045275e-12, 2.62007429641e-11, 5.01295012445e-11, 9.89281746799e-12, 4.79947765558e-12, 2.34307473597e-12, 1.25247154228e-12, -1.71475615825e-12, -1.3855340486e-11, -2.66618446071e-11, 1.00339841416e-13, 1.93664420438e-13, 3.38955175505e-14, 1.5112301059e-14, 5.03838321026e-15, 5.51762598149e-15, 1.42569951939e-16, -4.27769009156e-18], [-5.02140295253e-16, -9.36205696029e-15, 1.34447018948e-13, 2.75434595921e-13, 8.44147410935e-14, 2.6467201911e-13, 9.51988227832e-12, 1.23379396977e-11, 1.08158627887e-10, -4.52962212009e-13, -6.99286505437e-12, 3.90675304607e-11, 1.43802452585e-11, 9.39354930646e-13, 7.46238921351e-12, 6.22682114204e-12, -6.60297077432e-12, 1.48243604892e-11, 4.45269626725e-10, 2.56664654807e-12, 2.01767357162e-12, 1.49738064287e-13, 5.98073673919e-13, 4.24206263378e-14, 5.48906657161e-14, 2.58716197574e-15, -2.03272852654e-18], [-3.80075584246e-15, 4.04166934295e-13, 1.73555126434e-13, -1.08583498096e-12, 2.55173117879e-12, 5.48079897439e-12, 1.23379396977e-11, 9.94426541112e-10, 6.49636067163e-10, 2.9155194925e-10, 1.13249368217e-10, 1.49738255129e-09, 2.52193849137e-10, 7.03632152543e-11, 1.10161692268e-10, 8.2563580972e-11, 3.55629969917e-11, -2.52931064981e-10, -4.44837583435e-10, 3.52703907747e-11, 1.61830982642e-11, 3.29150617352e-12, 1.24274364671e-12, 4.94355424652e-13, 3.79720153975e-13, 3.15114111833e-14, -1.55551843586e-16], [-2.25614730213e-14, 3.88549609154e-12, -4.37220572247e-13, 3.76456109124e-13, 3.43922355872e-11, 4.68528583986e-11, 1.08158627887e-10, 6.49636067163e-10, 1.49720449372e-07, 9.00512286961e-09, 9.10790554087e-09, 5.47032286136e-08, 1.53173616013e-08, 3.15592885158e-09, 6.1728036016e-09, 1.83115667074e-09, -7.35889904568e-10, -3.65206420661e-09, -1.36366837822e-08, -5.41491781969e-11, 1.97236307148e-11, -1.75925300803e-12, -1.26009584711e-11, 7.68834269253e-13, 1.54706813766e-12, 5.03814011181e-14, 3.56605317717e-15], [-4.99715472859e-15, -9.29798339017e-13, -1.03303541936e-12, 6.03284186929e-13, 4.15657785968e-12, 5.90534045275e-12, -4.52962212009e-13, 2.9155194925e-10, 9.00512286961e-09, 4.13486622719e-09, 1.67025060449e-09, 5.29400390192e-09, 1.59015944856e-09, 6.77003120231e-10, 5.60510360348e-10, 3.39095501678e-10, 3.096087553e-10, -4.31738561568e-10, -1.78183279242e-09, 1.46415782276e-10, 1.76602100999e-11, 1.04237365267e-13, -9.25791995149e-13, 7.20327592604e-14, -6.43625565916e-15, -4.28469414083e-15, 3.68602136517e-16], [3.04654224787e-15, 7.73210109221e-13, -7.56533128244e-13, -2.90489615869e-12, 1.37027745379e-13, 2.62007429641e-11, -6.99286505437e-12, 1.13249368217e-10, 9.10790554087e-09, 1.67025060449e-09, 1.34877691238e-08, 9.26925824984e-09, 1.64358804344e-09, 1.48585310722e-09, 2.31260399719e-10, 1.0356390745e-10, -1.85763043836e-10, -8.60452653573e-10, -3.77302189492e-09, -1.6562712573e-12, -7.80267257056e-12, 2.43621464148e-12, -2.40536865599e-12, 1.95610048341e-13, 1.89197331304e-13, 1.61132890207e-14, 2.83475219438e-16], [-2.99071578863e-14, 2.05852045479e-12, -1.08718568002e-12, 1.73416402766e-12, 2.38592635232e-11, 5.01295012445e-11, 3.90675304607e-11, 1.49738255129e-09, 5.47032286136e-08, 5.29400390192e-09, 9.26925824984e-09, 4.8683798326e-08, 1.10129922959e-08, 2.97800228921e-09, 4.34624869428e-09, 1.56799584428e-09, -3.35384969796e-10, -2.07857042689e-09, -9.44882039278e-09, 2.93678033281e-11, -1.93589762276e-11, 2.88678965715e-13, -5.73859232703e-12, 7.51007600292e-13, -6.3086282075e-14, -2.91775152352e-15, 2.68547200773e-15], [-9.49803115931e-15, 8.48595987316e-13, -1.55843464219e-13, 1.70451164034e-13, 5.40308076058e-12, 9.89281746799e-12, 1.43802452585e-11, 2.52193849137e-10, 1.53173616013e-08, 1.59015944856e-09, 1.64358804344e-09, 1.10129922959e-08, 3.38333583372e-09, 7.16567749581e-10, 1.31618049792e-09, 5.21341025905e-10, -6.49680170772e-11, -5.35926136802e-10, -1.95478122578e-09, 1.37288210314e-11, -1.32400243113e-12, 1.13485738547e-13, -1.35503782674e-12, 1.13176334352e-13, -1.06591748401e-15, -4.8942569544e-16, 7.38674457532e-16], [-1.00912540721e-15, 1.86827116277e-13, -1.7752692491e-13, -1.87805039532e-13, 1.04805975096e-12, 4.79947765558e-12, 9.39354930646e-13, 7.03632152543e-11, 3.15592885158e-09, 6.77003120231e-10, 1.48585310722e-09, 2.97800228921e-09, 7.16567749581e-10, 3.67277902535e-10, 2.11902009828e-10, 9.88718482087e-11, -7.40050468823e-12, -1.97175276107e-10, -7.61841312258e-10, 1.06541849995e-11, -1.65441759684e-12, 4.172274234e-13, -5.27161268197e-13, 7.77915126521e-14, 3.2731284317e-14, 9.89015150972e-16, 1.69305819e-16], [-4.35105239598e-15, 5.68052332603e-13, 1.5831554004e-13, 3.82221272861e-13, 2.07692218458e-12, 2.34307473597e-12, 7.46238921351e-12, 1.10161692268e-10, 6.1728036016e-09, 5.60510360348e-10, 2.31260399719e-10, 4.34624869428e-09, 1.31618049792e-09, 2.11902009828e-10, 6.26372842483e-10, 2.12799389221e-10, -1.99931043943e-12, -1.71862732379e-10, -4.82263007306e-10, 1.25551314137e-11, 3.27367343303e-12, 2.8955017637e-13, -1.69528968771e-13, 1.55182331286e-13, 5.50213391829e-14, 3.5084983472e-15, 3.30376757217e-16], [-2.17527229987e-15, 1.69014772338e-13, 1.50559455853e-13, 5.61561918928e-13, 1.00304573675e-12, 1.25247154228e-12, 6.22682114204e-12, 8.2563580972e-11, 1.83115667074e-09, 3.39095501678e-10, 1.0356390745e-10, 1.56799584428e-09, 5.21341025905e-10, 9.88718482087e-11, 2.12799389221e-10, 1.44658340862e-10, 1.52050993324e-11, -1.3106871144e-10, 1.50288219369e-11, 1.77777705751e-11, 3.5869994041e-12, 2.23775181328e-13, -2.83586630741e-14, 4.42607003836e-14, 4.03514468204e-14, 1.220895926e-15, 7.3189628813e-17], [-3.45697460356e-15, 3.26228519025e-13, -4.45706161865e-13, -1.55249402743e-12, -1.09376505249e-12, -1.71475615825e-12, -6.60297077432e-12, 3.55629969917e-11, -7.35889904568e-10, 3.096087553e-10, -1.85763043836e-10, -3.35384969796e-10, -6.49680170772e-11, -7.40050468823e-12, -1.99931043943e-12, 1.52050993324e-11, 3.31672000975e-09, 3.52108758817e-10, -1.62435587203e-09, 1.32903861527e-11, 7.19252522124e-12, 3.06457116628e-13, -2.31475038789e-12, -1.15448408754e-13, -6.60201941402e-14, -5.60311278169e-15, -7.40723761103e-17], [1.32205054873e-14, 4.52191181635e-13, -2.94830972787e-13, -3.75072932782e-12, -2.61371870328e-12, -1.3855340486e-11, 1.48243604892e-11, -2.52931064981e-10, -3.65206420661e-09, -4.31738561568e-10, -8.60452653573e-10, -2.07857042689e-09, -5.35926136802e-10, -1.97175276107e-10, -1.71862732379e-10, -1.3106871144e-10, 3.52108758817e-10, 1.94108302765e-08, 7.80685960322e-10, 4.24717587488e-11, 8.63119384992e-12, 3.99239842575e-12, -6.75550761164e-12, 2.59211516184e-13, -2.05594445819e-14, 5.68607796481e-14, 2.42635975873e-16], [-9.2686058481e-14, 1.05542519169e-11, 1.23958759923e-11, 2.5827274347e-11, 1.02683172295e-12, -2.66618446071e-11, 4.45269626725e-10, -4.44837583435e-10, -1.36366837822e-08, -1.78183279242e-09, -3.77302189492e-09, -9.44882039278e-09, -1.95478122578e-09, -7.61841312258e-10, -4.82263007306e-10, 1.50288219369e-11, -1.62435587203e-09, 7.80685960322e-10, 2.64278583018e-07, 9.42606659393e-10, 3.21881965526e-10, 2.29377523919e-11, 1.80533588079e-10, 7.2371297323e-12, 9.33492606131e-12, 4.47207673454e-13, 5.30604149231e-16], [-1.83382781311e-15, -1.70135274955e-14, -8.94859951113e-14, -1.430497024e-13, 1.78470468791e-14, 1.00339841416e-13, 2.56664654807e-12, 3.52703907747e-11, -5.41491781969e-11, 1.46415782276e-10, -1.6562712573e-12, 2.93678033281e-11, 1.37288210314e-11, 1.06541849995e-11, 1.25551314137e-11, 1.77777705751e-11, 1.32903861527e-11, 4.24717587488e-11, 9.42606659393e-10, 5.39776591479e-11, 1.34786140582e-11, 1.30571627729e-12, 1.79067557223e-12, 2.47056417208e-13, 1.65053721016e-13, 1.14020595808e-14, -2.24422123838e-17], [-8.75737993864e-16, 9.04685397776e-14, 6.1678675947e-14, 1.09854521855e-13, 1.4613881123e-13, 1.93664420438e-13, 2.01767357162e-12, 1.61830982642e-11, 1.97236307148e-11, 1.76602100999e-11, -7.80267257056e-12, -1.93589762276e-11, -1.32400243113e-12, -1.65441759684e-12, 3.27367343303e-12, 3.5869994041e-12, 7.19252522124e-12, 8.63119384992e-12, 3.21881965526e-10, 1.34786140582e-11, 1.18870165447e-11, 6.80267257455e-13, 5.35999033786e-13, 1.51046072893e-13, 1.27313700489e-13, 5.70071554117e-15, -2.04277083005e-17], [-7.92828463458e-17, 1.04134289828e-14, 2.94513673398e-16, -9.00975478171e-15, 1.99865945056e-14, 3.38955175505e-14, 1.49738064287e-13, 3.29150617352e-12, -1.75925300803e-12, 1.04237365267e-13, 2.43621464148e-12, 2.88678965715e-13, 1.13485738547e-13, 4.172274234e-13, 2.8955017637e-13, 2.23775181328e-13, 3.06457116628e-13, 3.99239842575e-12, 2.29377523919e-11, 1.30571627729e-12, 6.80267257455e-13, 1.46146807221e-13, 7.29166347527e-14, 2.02452326279e-14, 1.40689165572e-14, 1.0308928834e-15, -1.2144259401e-18], [-1.81697368388e-16, -4.26982108931e-15, 8.95180417559e-15, 5.22537606717e-14, 3.08500275293e-14, 1.5112301059e-14, 5.98073673919e-13, 1.24274364671e-12, -1.26009584711e-11, -9.25791995149e-13, -2.40536865599e-12, -5.73859232703e-12, -1.35503782674e-12, -5.27161268197e-13, -1.69528968771e-13, -2.83586630741e-14, -2.31475038789e-12, -6.75550761164e-12, 1.80533588079e-10, 1.79067557223e-12, 5.35999033786e-13, 7.29166347527e-14, 8.39773671608e-13, 2.22042013004e-14, 1.52339688715e-14, 8.10289981491e-16, -1.667498094e-18], [-2.52961244634e-17, 3.86019510898e-15, 1.20821870151e-15, -4.13889944182e-16, 1.38977957848e-15, 5.03838321026e-15, 4.24206263378e-14, 4.94355424652e-13, 7.68834269253e-13, 7.20327592604e-14, 1.95610048341e-13, 7.51007600292e-13, 1.13176334352e-13, 7.77915126521e-14, 1.55182331286e-13, 4.42607003836e-14, -1.15448408754e-13, 2.59211516184e-13, 7.2371297323e-12, 2.47056417208e-13, 1.51046072893e-13, 2.02452326279e-14, 2.22042013004e-14, 8.71346350379e-15, 4.9049403692e-15, 2.17369062466e-16, -6.75528834565e-19], [-1.83983381272e-17, 1.13379817501e-15, 7.79141350708e-16, -1.6403281391e-16, 1.22942332431e-15, 5.51762598149e-15, 5.48906657161e-14, 3.79720153975e-13, 1.54706813766e-12, -6.43625565916e-15, 1.89197331304e-13, -6.3086282075e-14, -1.06591748401e-15, 3.2731284317e-14, 5.50213391829e-14, 4.03514468204e-14, -6.60201941402e-14, -2.05594445819e-14, 9.33492606131e-12, 1.65053721016e-13, 1.27313700489e-13, 1.40689165572e-14, 1.52339688715e-14, 4.9049403692e-15, 5.42967177431e-15, 1.94156878935e-16, -3.68244601138e-19], [-3.85864969903e-19, -2.68179481933e-17, -5.95019403448e-17, -6.86145722543e-17, 1.40029779539e-16, 1.42569951939e-16, 2.58716197574e-15, 3.15114111833e-14, 5.03814011181e-14, -4.28469414083e-15, 1.61132890207e-14, -2.91775152352e-15, -4.8942569544e-16, 9.89015150972e-16, 3.5084983472e-15, 1.220895926e-15, -5.60311278169e-15, 5.68607796481e-14, 4.47207673454e-13, 1.14020595808e-14, 5.70071554117e-15, 1.0308928834e-15, 8.10289981491e-16, 2.17369062466e-16, 1.94156878935e-16, 1.44356086344e-17, 1.46226678398e-20], [5.80900871754e-19, -8.8183264242e-19, -2.8805293042e-18, -3.59717273752e-18, -2.46308474986e-18, -4.27769009156e-18, -2.03272852654e-18, -1.55551843586e-16, 3.56605317717e-15, 3.68602136517e-16, 2.83475219438e-16, 2.68547200773e-15, 7.38674457532e-16, 1.69305819e-16, 3.30376757217e-16, 7.3189628813e-17, -7.40723761103e-17, 2.42635975873e-16, 5.30604149231e-16, -2.24422123838e-17, -2.04277083005e-17, -1.2144259401e-18, -1.667498094e-18, -6.75528834565e-19, -3.68244601138e-19, 1.46226678398e-20, 3.77375078901e-20]]
    },
    "mfcc": {
        "kurt": [0.910032510757, 0.936433315277, 3.29135227203, 1.41618347168, -0.0875420570374, -0.91809630394, 0.440848112106, 0.598360061646, -0.28773856163, 0.9353992939, 0.660992622375, 0.727036952972, 0.676004886627],
        "max": [-801.721923828, 142.848602295, 39.1594581604, 74.8998718262, 39.2036476135, 9.92887115479, 36.1212997437, 40.1674919128, 39.5075416565, 41.7840957642, 39.6728935242, 38.4922790527, 17.4753456116],
        "mean": [-913.452758789, 85.3145599365, -67.0575408936, 19.0447292328, -14.7074403763, -27.6626014709, 3.82734489441, -3.30559659004, 6.05372095108, 6.16839838028, 3.56423926353, 1.88757812977, -5.91452646255],
        "median": [-907.576293945, 81.6647109985, -71.4579391479, 23.5591163635, -15.2470321655, -25.4157600403, 2.36226844788, -3.73557853699, 6.81409072876, 4.31876373291, 2.44964408875, 3.63817977905, -5.83421516418],
        "min": [-1070.77868652, 40.1109657288, -125.180099487, -61.8130264282, -61.3099746704, -64.9576721191, -34.8414306641, -30.7278137207, -29.6003189087, -28.2466506958, -28.8953304291, -34.0801048279, -41.5743675232],
        "skew": [-0.773456811905, 0.894765377045, 1.31486153603, -1.101334095, 0.118139743805, -0.0901864618063, 0.18805988133, 0.546190261841, -0.0354075022042, 0.396352797747, 0.503074765205, -0.312037348747, -0.285294294357],
        "var": [2310.41601562, 362.459716797, 737.428222656, 622.877258301, 349.798980713, 299.54977417, 123.720649719, 143.537689209, 169.53855896, 119.79019928, 127.84387207, 131.6875, 94.9858932495],
        "cov": [[2321.3659668, 306.538085938, -1142.61108398, -313.537780762, -689.53704834, -268.144683838, 202.114959717, 173.077255249, 149.649398804, 136.018692017, 74.9978942871, -84.048210144, -34.8918991089], [306.538085938, 364.17755127, -154.035873413, -388.47277832, -141.963623047, 97.2152786255, 74.0136108398, -9.68342018127, 73.7479553223, -4.92840766907, -43.9281005859, 49.8309822083, -6.45488929749], [-1142.61108398, -154.035873413, 740.923156738, 200.200454712, 281.611907959, 117.441085815, -103.091850281, -70.3188476562, -91.6229629517, -38.7570266724, -17.8516197205, 21.0045337677, 47.3225288391], [-313.537780762, -388.47277832, 200.200454712, 625.829284668, 196.240768433, -230.995193481, -107.682014465, 55.6024513245, -77.7851104736, 15.1216030121, 96.8402175903, -53.3360519409, -17.4123859406], [-689.53704834, -141.963623047, 281.611907959, 196.240768433, 351.456787109, 83.6223068237, -102.575820923, -49.8399772644, -24.7324886322, -58.4423141479, -21.9431781769, 44.3557243347, 5.35214281082], [-268.144683838, 97.2152786255, 117.441085815, -230.995193481, 83.6223068237, 300.969451904, 19.9397354126, -115.852005005, 21.6107387543, -46.5814056396, -108.150390625, 52.1726264954, 55.1556625366], [202.114959717, 74.0136108398, -103.091850281, -107.682014465, -102.575820923, 19.9397354126, 124.306999207, 37.7374382019, -30.9267101288, 30.9220581055, 2.98048901558, -35.5882301331, 0.017510401085], [173.077255249, -9.68342018127, -70.3188476562, 55.6024513245, -49.8399772644, -115.852005005, 37.7374382019, 144.217956543, -5.98279905319, 20.0479564667, 62.8032188416, -40.8665008545, -28.7894229889], [149.649398804, 73.7479553223, -91.6229629517, -77.7851104736, -24.7324886322, 21.6107387543, -30.9267101288, -5.98279905319, 170.342071533, -18.168926239, -46.470375061, 63.8692092896, -23.2792682648], [136.018692017, -4.92840766907, -38.7570266724, 15.1216030121, -58.4423141479, -46.5814056396, 30.9220581055, 20.0479564667, -18.168926239, 120.357925415, 31.4424667358, -70.7854690552, 22.5757045746], [74.9978942871, -43.9281005859, -17.8516197205, 96.8402175903, -21.9431781769, -108.150390625, 2.98048901558, 62.8032188416, -46.470375061, 31.4424667358, 128.449768066, -20.281085968, -33.9229240417], [-84.048210144, 49.8309822083, 21.0045337677, -53.3360519409, 44.3557243347, 52.1726264954, -35.5882301331, -40.8665008545, 63.8692092896, -70.7854690552, -20.281085968, 132.31161499, 6.08923959732], [-34.8918991089, -6.45488929749, 47.3225288391, -17.4123859406, 5.35214281082, 55.1556625366, 0.017510401085, -28.7894229889, -23.2792682648, 22.5757045746, -33.9229240417, 6.08923959732, 95.4360656738]]
    },
    "sccoeffs": {
        "kurt": [0.162606477737, -0.748595476151, 2.819835186, 3.72707414627, 0.0607149600983, 0.522274971008],
        "max": [-0.698189258575, -0.553255140781, -0.579730451107, -0.617462217808, -0.573292732239, -0.683362364769],
        "mean": [-0.79482036829, -0.77199447155, -0.828235685825, -0.834889471531, -0.797711789608, -0.784486174583],
        "median": [-0.796545624733, -0.77587044239, -0.844310760498, -0.840620160103, -0.827268719673, -0.782657980919],
        "min": [-0.901672959328, -0.913884937763, -0.928240358829, -0.919093132019, -0.893920838833, -0.890783905983],
        "skew": [0.092036113143, 0.252987295389, 1.55252742767, 1.45614397526, 1.07377696037, -0.16532099247],
        "var": [0.00109322962817, 0.00593516603112, 0.00417384924367, 0.00188788969535, 0.00574839115143, 0.00107797642704],
        "cov": [[0.00109841080848, -0.000122924961033, 3.89230335713e-05, 5.15032411386e-07, -0.000100069351902, -0.000189573547686], [-0.000122924961033, 0.00596329476684, 0.00230168132111, 0.00134111905936, 0.00162033457309, 0.000643022591248], [3.89230335713e-05, 0.00230168132111, 0.00419363053516, 0.00164140842389, 0.000519788649399, 0.000470675295219], [5.15032411386e-07, 0.00134111905936, 0.00164140842389, 0.00189683702774, 0.000411152490415, 0.000304978981148], [-0.000100069351902, 0.00162033457309, 0.000519788649399, 0.000411152490415, 0.00577563466504, 0.000656232121401], [-0.000189573547686, 0.000643022591248, 0.000470675295219, 0.000304978981148, 0.000656232121401, 0.00108308531344]]
    },
    "scvalleys": {
        "kurt": [-0.456781387329, -0.465756416321, 0.757048368454, 1.33806800842, 2.45257949829, 2.02577161789],
        "max": [-8.7784280777, -7.49909639359, -5.39414215088, -6.54749393463, -7.21682357788, -9.97927570343],
        "mean": [-9.50973510742, -8.52288341522, -8.47539424896, -8.7084980011, -8.89132213593, -12.0540008545],
        "median": [-9.495262146, -8.49850559235, -8.55003643036, -8.65039157867, -8.83216571808, -12.0327110291],
        "min": [-10.3855667114, -9.79969215393, -10.7856092453, -10.9375724792, -11.1248950958, -14.8989334106],
        "skew": [-0.154813602567, -0.261363744736, 0.299512654543, -0.439698785543, -1.11632287502, -0.746421515942],
        "var": [0.124020762742, 0.227291435003, 0.861659288406, 0.518056750298, 0.39040312171, 0.577922344208],
        "cov": [[0.124608539045, 0.0114987697452, 0.00226942799054, 0.00257096393034, 0.0197729449719, 0.0278576351702], [0.0114987697452, 0.228368639946, 0.247881129384, 0.161258012056, 0.150509253144, 0.192834883928], [0.00226942799054, 0.247881129384, 0.865742981434, 0.544917166233, 0.348604291677, 0.392882555723], [0.00257096393034, 0.161258012056, 0.544917166233, 0.520511984825, 0.278288900852, 0.29268720746], [0.0197729449719, 0.150509253144, 0.348604291677, 0.278288900852, 0.392253398895, 0.363521426916], [0.0278576351702, 0.192834883928, 0.392882555723, 0.29268720746, 0.363521426916, 0.580661296844]]
    }
},
"rhythm": {
    "beats_loudness": {
        "kurt": -1.08967196941,
        "max": 0.00510676018894,
        "mean": 0.00183994451072,
        "median": 0.00115887552965,
        "min": 2.02254832402e-05,
        "skew": 0.653401136398,
        "var": 3.53377254214e-06
    },
    "bpm": 87.0283813477,
    "confidence": 0,
    "first_peak_bpm": {
        "kurt": 0,
        "max": 88,
        "mean": 88,
        "median": 88,
        "min": 88,
        "skew": 0,
        "var": 0
    },
    "first_peak_spread": {
        "kurt": 0,
        "max": 0.399999976158,
        "mean": 0.399999976158,
        "median": 0.399999976158,
        "min": 0.399999976158,
        "skew": 0,
        "var": 0
    },
    "first_peak_weight": {
        "kurt": 0,
        "max": 0.600000023842,
        "mean": 0.600000023842,
        "median": 0.600000023842,
        "min": 0.600000023842,
        "skew": 0,
        "var": 0
    },
    "onset_rate": 5.71566104889,
    "second_peak_bpm": {
        "kurt": 0,
        "max": 0,
        "mean": 0,
        "median": 0,
        "min": 0,
        "skew": 0,
        "var": 0
    },
    "second_peak_spread": {
        "kurt": 0,
        "max": 0,
        "mean": 0,
        "median": 0,
        "min": 0,
        "skew": 0,
        "var": 0
    },
    "second_peak_weight": {
        "kurt": 0,
        "max": 0,
        "mean": 0,
        "median": 0,
        "min": 0,
        "skew": 0,
        "var": 0
    },
    "beats_loudness_band_ratio": {
        "kurt": [-1.5002168417, 0.375811338425, -1.40580093861, -0.615234851837, -1.48586368561, 0.94473361969],
        "max": [0.0134361954406, 0.0192168466747, 0.756816744804, 0.396946519613, 0.523148417473, 0.965407013893],
        "mean": [0.00490589579567, 0.0049284985289, 0.425814509392, 0.148161128163, 0.207067236304, 0.215307667851],
        "median": [0.000919404090382, 0.000965132610872, 0.437100291252, 0.104100629687, 0.124389998615, 0.0687680691481],
        "min": [0.00028659554664, 0.000673442613333, 0.0141815897077, 0.00564071908593, 0.00906174909323, 0.00405581854284],
        "skew": [0.700476169586, 1.41590631008, -0.187166675925, 0.816945075989, 0.497935384512, 1.65343618393],
        "var": [3.63671097148e-05, 4.59897019027e-05, 0.0719471499324, 0.0175978522748, 0.042848944664, 0.116635739803],
        "cov": [[4.36405316577e-05, 4.19762800448e-05, 0.000114701550046, -0.000256670842646, 0.00064138986636, -0.00056810042588], [4.19762800448e-05, 5.51876437385e-05, -0.000464972283226, -0.00012496074487, 0.000891278206836, -0.000385181454476], [0.000114701550046, -0.000464972283226, 0.0863365828991, 0.0205783490092, -0.0187505036592, -0.0880138650537], [-0.000256670842646, -0.00012496074487, 0.0205783490092, 0.0211174227297, -0.011728907004, -0.0299697816372], [0.00064138986636, 0.000891278206836, -0.0187505036592, -0.011728907004, 0.0514187328517, -0.0214591138065], [-0.00056810042588, -0.000385181454476, -0.0880138650537, -0.0299697816372, -0.0214591138065, 0.139962881804]]
    },
    "beats_position": [0.684988677502, 1.38158726692, 2.06657600403, 2.73995471001, 3.42494320869, 4.13315200806],
    "bpm_estimates": [86.1328201294, 87.5926818848, 89.1029052734, 87.5927124023, 84.7207794189],
    "bpm_intervals": [0.69659858942, 0.684988737106, 0.673378705978, 0.684988498688, 0.708208799362],
    "onset_times": [0.0232199542224, 0.139319732785, 0.197369620204, 0.325079351664, 0.545668959618, 0.731428563595, 0.917188227177, 1.01006805897, 1.2190476656, 1.32353746891, 1.60217690468, 1.91564631462, 1.97369611263, 2.08979582787, 2.18267583847, 2.32199549675, 2.48453521729, 2.69351482391, 3.01859402657, 3.28562355042, 3.5178232193, 3.62231302261, 3.88934230804, 3.97061228752, 4.15637207031, 4.42340135574, 4.71365070343, 4.88780021667],
    "histogram": [[0, 0, 0, 0, 0, 0, 0, 0, 0, 0, 0, 0, 0, 0, 0, 0, 0, 0, 0, 0, 0, 0, 0, 0, 0, 0, 0, 0, 0, 0, 0, 0, 0, 0, 0, 0, 0, 0, 0, 0, 0, 0, 0, 0, 0, 0, 0, 0, 0, 0, 0, 0, 0, 0, 0, 0, 0, 0, 0, 0, 0, 0, 0, 0, 0, 0, 0, 0, 0, 0, 0, 0, 0, 0, 0, 0, 0, 0, 0, 0, 0, 0, 0, 0, 0, 0.20000000298, 0.20000000298, 0, 0.40000000596, 0.20000000298, 0, 0, 0, 0, 0, 0, 0, 0, 0, 0, 0, 0, 0, 0, 0, 0, 0, 0, 0, 0, 0, 0, 0, 0, 0, 0, 0, 0, 0, 0, 0, 0, 0, 0, 0, 0, 0, 0, 0, 0, 0, 0, 0, 0, 0, 0, 0, 0, 0, 0, 0, 0, 0, 0, 0, 0, 0, 0, 0, 0, 0, 0, 0, 0, 0, 0, 0, 0, 0, 0, 0, 0, 0, 0, 0, 0, 0, 0, 0, 0, 0, 0, 0, 0, 0, 0, 0, 0, 0, 0, 0, 0, 0, 0, 0, 0, 0, 0, 0, 0, 0, 0, 0, 0, 0, 0, 0, 0, 0, 0, 0, 0, 0, 0, 0, 0, 0, 0, 0, 0, 0, 0, 0, 0, 0, 0, 0, 0, 0, 0, 0, 0, 0, 0, 0, 0, 0, 0, 0, 0, 0, 0, 0, 0, 0, 0, 0, 0, 0, 0, 0, 0, 0, 0, 0, 0, 0, 0, 0, 0]]
},
"sfx": {
    "inharmonicity": {
        "kurt": 0.820767402649,
        "max": 0.404024720192,
        "mean": 0.0723251998425,
        "median": 0.0189477838576,
        "min": 0,
        "skew": 1.33754897118,
        "var": 0.00921404827386
    },
    "oddtoevenharmonicenergyratio": {
        "kurt": 187.921035767,
        "max": 137.556716919,
        "mean": 1.64560842514,
        "median": 0.168128490448,
        "min": 0,
        "skew": 13.4822750092,
        "var": 91.8206787109
    },
    "pitch_after_max_to_before_max_energy_ratio": 18.3364334106,
    "pitch_centroid": 80.8828353882,
    "pitch_max_to_total": 0.00943396240473,
    "pitch_min_to_total": 0.92924529314,
    "tristimulus": {
        "kurt": [-1.67067813873, -0.26704788208, -0.628779888153],
        "max": [1, 0.895668625832, 0.988390684128],
        "mean": [0.510396063328, 0.261598497629, 0.228005751967],
        "median": [0.462453305721, 0.230263292789, 0.116876251996],
        "min": [0, 0, 0],
        "skew": [0.0981755182147, 0.743651866913, 0.796597659588],
        "var": [0.156447947025, 0.0590431876481, 0.0674795135856],
        "cov": [[0.157189413905, -0.074356533587, -0.0828328579664], [-0.074356533587, 0.0593230128288, 0.0150335785002], [-0.0828328579664, 0.0150335785002, 0.0677993223071]]
    }
},
"tonal": {
    "chords_changes_rate": 0.196261689067,
    "chords_number_rate": 0.0747663527727,
    "chords_strength": {
        "kurt": -0.919645547867,
        "max": 0.640669584274,
        "mean": 0.44254386425,
        "median": 0.431089311838,
        "min": 0.288904190063,
        "skew": 0.283890724182,
        "var": 0.00713397888467
    },
    "key_strength": 0.583790659904,
    "tuning_diatonic_strength": 0.390443474054,
    "tuning_equal_tempered_deviation": 0.288502305746,
    "tuning_frequency": 434.946166992,
    "tuning_nontempered_energy_ratio": 0.906696081161,
    "hpcp": {
        "kurt": [0.573984622955, 1.09828710556, 3.12747430801, 1.86780357361, 1.22216749191, 1.59804153442, 1.44661188126, 1.06554079056, 1.07358407974, -0.424828052521, -0.748360395432, -0.926780462265, 0.0199375152588, 0.0031430721283, -1.17212307453, -1.18934440613, 0.443233728409, -0.0898914337158, 0.811613321304, 1.34861755371, 1.30743217468, 1.37399482727, 0.993751764297, 1.60889434814, 1.08383798599, 2.47150611877, 1.51155567169, 1.11345767975, 1.37125253677, 0.767774105072, 0.754360198975, 0.90283370018, 1.45985746384, -0.0735576152802, -0.352020978928, -0.442265510559],
        "max": [1, 1, 1, 0.94470512867, 1, 1, 1, 1, 1, 1, 1, 1, 1, 1, 1, 1, 1, 0.972577154636, 1, 1, 1, 1, 1, 1, 1, 1, 1, 1, 1, 1, 1, 1, 0.961568593979, 1, 1, 1],
        "mean": [0.262486547232, 0.242435842752, 0.184149414301, 0.168660223484, 0.188000559807, 0.202487513423, 0.213951691985, 0.225282743573, 0.222515642643, 0.242808654904, 0.317168027163, 0.329529166222, 0.278029084206, 0.295627564192, 0.392998337746, 0.366705447435, 0.269460231066, 0.256144881248, 0.249795675278, 0.238664656878, 0.236549437046, 0.235015138984, 0.225116878748, 0.225331097841, 0.2270308882, 0.22315569222, 0.235984534025, 0.2442894876, 0.229928940535, 0.244966223836, 0.262397795916, 0.243388026953, 0.240667819977, 0.305921941996, 0.319135457277, 0.264952510595],
