{
"metadata": {
    "version": {
        "essentia": "2.1-beta3"
    }
},
"lowLevel": {
    "average_loudness": 0.535329163074,
    "barkbands_kurtosis": {
        "kurt": 11.5319910049,
        "max": 19.0675621033,
        "mean": 0.47036871314,
        "median": -0.413435935974,
        "min": -1.71365082264,
        "skew": 2.77110385895,
        "var": 5.83523273468
    },
    "barkbands_skewness": {
        "kurt": 0.858963012695,
        "max": 3.93072485924,
        "mean": -0.152963653207,
        "median": -0.35030823946,
        "min": -2.95822048187,
        "skew": 0.819039583206,
        "var": 1.11602401733
    },
    "barkbands_spread": {
        "kurt": 0.298835992813,
        "max": 46.0585479736,
        "mean": 17.9146175385,
        "median": 16.7294406891,
        "min": 2.72186040878,
        "skew": 0.54976439476,
        "var": 65.9053421021
    },
    "dissonance": {
        "kurt": 27.6628723145,
        "max": 0.5,
        "mean": 0.479950547218,
        "median": 0.487682729959,
        "min": 0.225122094154,
        "skew": -4.18630313873,
        "var": 0.00067437265534
    },
    "hfc": {
        "kurt": 69.8528442383,
        "max": 8.40143108368,
        "mean": 0.349248021841,
        "median": 0.165250778198,
        "min": 2.17449232878e-05,
        "skew": 7.08566570282,
        "var": 0.420951962471
    },
    "pitch": {
        "kurt": -0.287346124649,
        "max": 4024.08666992,
        "mean": 1219.12084961,
        "median": 686.607055664,
        "min": 75.1150436401,
        "skew": 1.07378160954,
        "var": 1325776.625
    },
    "pitch_instantaneous_confidence": {
        "kurt": 0.0674822330475,
        "max": 0.88839828968,
        "mean": 0.371211320162,
        "median": 0.327674686909,
        "min": 0.126174628735,
        "skew": 0.913759350777,
        "var": 0.0306378509849
    },
    "pitch_salience": {
        "kurt": 1.61932373047,
        "max": 0.916790008545,
        "mean": 0.71764087677,
        "median": 0.765520393848,
        "min": 0.190649554133,
        "skew": -1.34976494312,
        "var": 0.0175157003105
    },
    "silence_rate_20dB": {
        "kurt": 0,
        "max": 1,
        "mean": 1,
        "median": 1,
        "min": 1,
        "skew": 0,
        "var": 0
    },
    "silence_rate_30dB": {
        "kurt": 0,
        "max": 1,
        "mean": 1,
        "median": 1,
        "min": 1,
        "skew": 0,
        "var": 0
    },
    "silence_rate_60dB": {
        "kurt": 156.677597046,
        "max": 1,
        "mean": 0.993814408779,
        "median": 1,
        "min": 0,
        "skew": -12.5968208313,
        "var": 0.00614721421152
    },
    "spectral_centroid": {
        "kurt": -0.654651880264,
        "max": 3163.00268555,
        "mean": 1895.47241211,
        "median": 1955.4197998,
        "min": 592.270507812,
        "skew": -0.184052571654,
        "var": 269015.09375
    },
    "spectral_complexity": {
        "kurt": 17.9211196899,
        "max": 9,
        "mean": 0.44123712182,
        "median": 0,
        "min": 0,
        "skew": 3.70527100563,
        "var": 1.10428738594
    },
    "spectral_crest": {
        "kurt": 1.78527116776,
        "max": 24.2518367767,
        "mean": 7.78751564026,
        "median": 6.3362827301,
        "min": 2.39200973511,
        "skew": 1.44274187088,
        "var": 18.3134117126
    },
    "spectral_decrease": {
        "kurt": 105.560264587,
        "max": -3.15416307778e-15,
        "mean": -5.6401192744e-11,
        "median": -1.6257526575e-11,
        "min": -2.10769868225e-09,
        "skew": -8.85202217102,
        "var": 2.06987957307e-20
    },
    "spectral_energy": {
        "kurt": 102.828926086,
        "max": 0.00871697440743,
        "mean": 0.000244548980845,
        "median": 7.77486202423e-05,
        "min": 1.38768703195e-08,
        "skew": 8.71876621246,
        "var": 3.59205444056e-07
    },
    "spectral_energyband_high": {
        "kurt": 109.666381836,
        "max": 0.000228427408729,
        "mean": 8.40639586386e-06,
        "median": 4.73877071272e-06,
        "min": 6.43383513133e-10,
        "skew": 8.55411815643,
        "var": 2.14821063715e-10
    },
    "spectral_energyband_low": {
        "kurt": 46.9065895081,
        "max": 1.71252904693e-05,
        "mean": 6.50581284845e-07,
        "median": 3.24489519699e-07,
        "min": 1.27074406553e-09,
        "skew": 6.40337610245,
        "var": 2.4155751184e-12
    },
    "spectral_energyband_middle_high": {
        "kurt": 166.686340332,
        "max": 0.00842693075538,
        "mean": 0.000156217211043,
        "median": 5.4124462622e-05,
        "min": 7.91141996359e-09,
        "skew": 11.9295082092,
        "var": 2.681525757e-07
    },
    "spectral_energyband_middle_low": {
        "kurt": 46.7122688293,
        "max": 0.0030380776152,
        "mean": 9.41181715461e-05,
        "median": 1.25820388348e-05,
        "min": 4.24220480966e-09,
        "skew": 5.89206647873,
        "var": 6.8404986564e-08
    },
    "spectral_flatness_db": {
        "kurt": 1.427754879,
        "max": 0.343417465687,
        "mean": 0.171376392245,
        "median": 0.161788403988,
        "min": 0.0460395179689,
        "skew": 1.14847064018,
        "var": 0.00197145552374
    },
    "spectral_flux": {
        "kurt": 11.2573404312,
        "max": 0.0665044933558,
        "mean": 0.00923451781273,
        "median": 0.00709314225242,
        "min": 0.00140950607602,
        "skew": 2.75126862526,
        "var": 5.5553529819e-05
    },
    "spectral_kurtosis": {
        "kurt": 13.4295158386,
        "max": 30.8482131958,
        "mean": 6.93158912659,
        "median": 6.213722229,
        "min": 1.70737791061,
        "skew": 2.84433531761,
        "var": 9.59100914001
    },
    "spectral_rms": {
        "kurt": 14.0683040619,
        "max": 0.00291622453369,
        "mean": 0.000374983559595,
        "median": 0.000275412981864,
        "min": 3.67945790458e-06,
        "skew": 2.88201212883,
        "var": 9.79716148208e-08
    },
    "spectral_rolloff": {
        "kurt": 0.458379983902,
        "max": 4715.77148438,
        "mean": 3057.13598633,
        "median": 3251.51367188,
        "min": 689.0625,
        "skew": -1.0086992979,
        "var": 706182.75
    },
    "spectral_skewness": {
        "kurt": 4.49025630951,
        "max": 4.17246818542,
        "mean": 1.8980795145,
        "median": 1.81888353825,
        "min": 0.851895809174,
        "skew": 1.58246076107,
        "var": 0.167180597782
    },
    "spectral_spread": {
        "kurt": 106.137260437,
        "max": 19940534,
        "mean": 3732979,
        "median": 3633248.25,
        "min": 1407857.625,
        "skew": 7.40674161911,
        "var": 1.14923719885e+12
    },
    "spectral_strongpeak": {
        "kurt": 44.4626541138,
        "max": 2.73339366913,
        "mean": 0.157633304596,
        "median": 0.0767248645425,
        "min": 0,
        "skew": 4.86916351318,
        "var": 0.0471710413694
    },
    "zerocrossingrate": {
        "kurt": -0.107719421387,
        "max": 0.13818359375,
        "mean": 0.0944929942489,
        "median": 0.10009765625,
        "min": 0.01416015625,
        "skew": -0.775926947594,
        "var": 0.000510742305778
    },
    "barkbands": {
        "kurt": [49.1649703979, 115.492576599, 52.029914856, 58.1061782837, 25.9856262207, 76.5770263672, 29.6780128479, 24.1268348694, 27.3846416473, 214.336303711, 72.5031967163, 40.5343322754, 31.157409668, 47.4757385254, 5.43266391754, 225.17024231, 52.5654373169, 98.1234512329, 47.6079292297, 76.8541259766, 63.379524231, 26.3379974365, 80.446395874, 94.9149093628, 113.778961182, 103.202957153, 236.842422485],
        "max": [1.03241069027e-08, 4.60025967186e-06, 1.22163037304e-05, 9.98235555016e-06, 1.1833481949e-05, 2.37699932768e-05, 2.71214048553e-05, 0.000113537345896, 0.00157739990391, 0.00755237136036, 0.000295953446766, 0.000877163198311, 0.000178319372935, 0.000147131097037, 8.60265572555e-05, 0.000684694969095, 0.000280203239527, 0.000461094838101, 0.00018162856577, 0.000205033225939, 7.54063003114e-05, 4.55399731436e-06, 1.40672534599e-06, 3.34985975314e-06, 1.7053494048e-06, 6.73222260161e-08, 7.71547770118e-10],
        "mean": [6.66386112957e-10, 9.92161588442e-08, 3.49834039071e-07, 4.32608572964e-07, 1.10496273464e-06, 1.28722149384e-06, 1.79560004199e-06, 7.23503853806e-06, 5.81869790039e-05, 6.09502458246e-05, 7.58850001148e-06, 2.20017991523e-05, 7.86877171777e-06, 6.78425385559e-06, 1.00953302535e-05, 1.17198787848e-05, 1.20589829748e-05, 1.28012388814e-05, 9.64140963333e-06, 8.40282700665e-06, 3.62504329132e-06, 3.40803779864e-07, 5.57588037964e-08, 7.45827790638e-08, 4.52697896947e-08, 2.21091056574e-09, 9.5650596818e-12],
        "median": [4.19560830522e-10, 4.54285711271e-08, 1.27649315118e-07, 2.68748749477e-07, 7.59353213198e-07, 8.72182283729e-07, 1.02797889667e-06, 2.32145612244e-06, 2.13560360862e-06, 1.79634503183e-06, 1.41451596392e-06, 2.04265347747e-06, 2.25670487453e-06, 2.69557654065e-06, 4.42375812781e-06, 4.71559269499e-06, 4.93946481583e-06, 4.56893758383e-06, 5.10634617967e-06, 4.51518008049e-06, 2.05239030038e-06, 2.20990770572e-07, 2.81508985012e-08, 2.69656954544e-08, 2.02484251588e-08, 1.182316689e-09, 1.26291555338e-12],
        "min": [1.11502291775e-11, 4.17789192131e-10, 4.32321706212e-10, 5.54025436639e-10, 1.35216360331e-09, 1.42766742872e-09, 4.92224039306e-10, 6.4868749261e-11, 2.39840591831e-10, 5.80044956511e-10, 4.9508702693e-10, 5.26737098383e-10, 8.68335459092e-10, 4.23744012101e-10, 9.78796044215e-10, 1.57749324714e-09, 2.68406380455e-10, 1.22289089965e-09, 7.53804574316e-10, 4.96495622393e-10, 1.90254145771e-10, 1.08067638172e-10, 2.39774866628e-11, 2.50705428639e-11, 2.87125063309e-11, 8.56977509789e-12, 3.78717366915e-15],
        "skew": [5.09209251404, 10.1730718613, 6.86382293701, 6.83770799637, 4.08305215836, 7.00754308701, 4.40394735336, 3.96737027168, 4.61277961731, 13.9905500412, 7.80275535583, 5.83176231384, 5.12799263, 6.24380111694, 2.1926856041, 13.9001636505, 6.49084424973, 8.90848445892, 6.14014530182, 6.9796628952, 6.49912118912, 3.80257844925, 7.40075683594, 9.20327568054, 9.80119419098, 8.56237030029, 13.9090909958],
        "var": [6.16151173558e-19, 1.09923897242e-13, 1.2902603248e-12, 6.71808691576e-13, 1.37966623803e-12, 2.7790805681e-12, 6.20321415762e-12, 1.37185596216e-10, 2.74381637411e-08, 1.90076775652e-07, 6.42442210541e-10, 6.55903464875e-09, 3.54805462788e-10, 2.14573275814e-10, 1.76632056204e-10, 1.43426104326e-09, 6.43152309188e-10, 1.09076403465e-09, 3.0476851598e-10, 2.05538960851e-10, 3.29455455972e-11, 1.7095218741e-13, 1.00643472235e-14, 6.46262963934e-14, 1.36212681149e-14, 1.97849856558e-17, 1.72616599527e-21],
        "cov": [[6.17424256219e-19, -3.63388259951e-18, -2.82400453742e-17, 3.2751382556e-17, 2.34486033304e-17, 8.5737045498e-17, 1.05972245709e-16, 3.79587968554e-16, -1.3981528168e-15, 2.62588887266e-14, 2.12589057021e-16, -3.03767349528e-16, -4.0030863114e-17, 3.12869247942e-16, 3.21544982904e-16, 1.60650248716e-15, -1.36737666876e-16, -8.3651512739e-16, -2.96714132646e-16, -4.00519032801e-17, -1.3210906857e-16, -1.03044312545e-17, -1.64081634937e-18, 1.19498523115e-17, 9.13539757429e-18, 2.92848329075e-19, 1.64740709185e-20], [-3.63388259951e-18, 1.10151010492e-13, 1.54348755999e-13, 1.20794108223e-13, 2.11019434348e-13, -4.73983331899e-15, -3.43265929461e-14, -2.13810211398e-13, -1.25831636777e-12, -1.74947957596e-12, -7.77549614864e-14, -5.25471701741e-13, -2.42918396986e-13, -1.81111974918e-13, -2.62555033053e-13, -2.80164075533e-13, -4.1223141979e-13, -4.00261123074e-13, -3.09997524612e-13, -2.25932431943e-13, -8.46634248846e-15, -6.77807029931e-15, -1.25223000406e-15, -2.08541311559e-15, -5.69551729997e-16, -4.09617787928e-17, -3.59732188852e-19], [-2.82400453742e-17, 1.54348755999e-13, 1.2929261611e-12, 3.78369861484e-13, 3.17991780911e-13, -3.96309809243e-14, -1.10839024862e-13, 9.68444725455e-13, -8.32101575143e-12, -1.41766017328e-11, -1.22172096658e-12, -4.45771154364e-12, -1.3356185732e-12, -1.02935455298e-12, -1.18995720395e-12, -1.12922973923e-12, -1.56278771391e-13, -8.95890458173e-13, -6.01841547519e-13, -8.44905579962e-13, -1.01436898161e-13, -2.38351310531e-14, -2.67009115996e-15, -2.87397707256e-15, -7.66253320899e-16, -1.47911593167e-16, -1.59902005039e-18], [3.2751382556e-17, 1.20794108223e-13, 3.78369861484e-13, 6.73196741408e-13, 4.93883850917e-13, 1.28759290963e-14, -3.8183032311e-14, -9.94466417851e-14, -6.41590730197e-12, -9.35752603876e-12, -8.86952078623e-13, -3.20868223484e-12, -1.13044870773e-12, -7.4055101244e-13, -7.88123093263e-13, -9.51207862476e-13, -6.51654240551e-13, -1.38587719859e-12, -9.11584935141e-13, -8.07456532192e-13, -1.08755350916e-13, -1.11691068856e-14, -3.81864475479e-15, -5.44366052344e-15, -1.79428471525e-15, -1.88983148753e-16, -1.02862307995e-18], [2.34486033304e-17, 2.11019434348e-13, 3.17991780911e-13, 4.93883850917e-13, 1.38251682238e-12, 6.78589346173e-13, 5.84571020062e-13, 1.81983291284e-12, 1.26455035679e-11, 1.04883489047e-11, 1.40077316066e-12, 2.17146960135e-12, 7.06407968145e-13, 3.36339246385e-13, 1.00438049804e-12, 1.49046367696e-12, 9.71543592104e-13, 6.64829953242e-13, 3.38218575325e-13, 6.47186351819e-13, 6.06608621841e-13, 2.72909627975e-14, 8.09951200076e-15, 3.79241892068e-14, 2.45689292478e-14, 8.90366941078e-16, -2.97450561671e-20], [8.5737045498e-17, -4.73983331899e-15, -3.96309809243e-14, 1.28759290963e-14, 6.78589346173e-13, 2.78482250281e-12, 2.31027024768e-12, 7.59114732879e-12, 3.85214186938e-11, 4.20353786501e-11, 6.16771651113e-12, 1.17790568965e-11, 4.2047853914e-12, 3.06637983234e-12, 5.0919845597e-12, 9.91008837492e-12, 5.64838757364e-12, 3.96283873771e-12, 2.81254360079e-12, 5.145177253e-12, 2.16133231104e-12, 1.42830286986e-13, 4.50352984614e-14, 1.98349542628e-13, 1.03707976451e-13, 4.59359308065e-15, 2.92916628344e-18], [1.05972245709e-16, -3.43265929461e-14, -1.10839024862e-13, -3.8183032311e-14, 5.84571020062e-13, 2.31027024768e-12, 6.21603072834e-12, 1.32541946168e-11, 7.30188687292e-11, 1.74101330574e-10, 7.36128952933e-12, 9.77540444425e-12, 8.28837953132e-12, 5.47015948163e-12, 1.01588164964e-11, 2.06824696258e-11, 1.03844970817e-11, 9.73893361789e-12, 5.95620471347e-12, 8.23298547392e-12, 2.99416784769e-12, 2.30995317275e-13, 6.86642650832e-14, 2.39121602293e-13, 1.25962581294e-13, 5.68566927141e-15, 8.11143317555e-18], [3.79587968554e-16, -2.13810211398e-13, 9.68444725455e-13, -9.94466417851e-14, 1.81983291284e-12, 7.59114732879e-12, 1.32541946168e-11, 1.37469036154e-10, 5.21457710345e-10, 3.95201427139e-10, 5.10880851512e-11, 2.93650381789e-10, 4.76219549905e-11, 2.96099880726e-11, 4.81975674649e-11, 2.69326713709e-11, 5.77951020375e-11, 5.35319497064e-11, 3.7237400663e-11, 4.18962191329e-11, 1.66437783694e-11, 1.4143599486e-12, 3.23321935631e-13, 1.05456973449e-12, 5.66164140309e-13, 2.2455029779e-14, 3.51297154142e-17], [-1.3981528168e-15, -1.25831636777e-12, -8.32101575143e-12, -6.41590730197e-12, 1.26455035679e-11, 3.85214186938e-11, 7.30188687292e-11, 5.21457710345e-10, 2.74948543932e-08, 6.78860434533e-09, 1.72297864864e-09, 6.65870736327e-09, 1.76583803135e-09, 7.81369191571e-10, 4.8484000148e-10, 9.0107962758e-11, 3.53915147189e-10, 3.03480990338e-10, 1.85672990871e-10, 3.14288789438e-10, 1.41011438637e-10, 1.26347708337e-11, 3.24834430188e-12, 2.14909817373e-12, 1.15331604943e-12, 5.32989214016e-14, 1.21869554616e-15], [2.62588887266e-14, -1.74947957596e-12, -1.41766017328e-11, -9.35752603876e-12, 1.04883489047e-11, 4.20353786501e-11, 1.74101330574e-10, 3.95201427139e-10, 6.78860434533e-09, 1.90469492622e-07, 6.77360445511e-10, 2.8608950764e-09, 3.04008085372e-09, 3.97258537177e-09, 2.51012033381e-09, 1.03442729937e-08, 6.24045215503e-09, 3.37076055956e-09, 1.19075471705e-09, 5.34928656926e-10, 1.63135838172e-10, 2.06637606331e-11, 7.66963836191e-12, 7.24650721373e-12, 2.15573457522e-12, 1.05956632086e-13, 7.45419656176e-15], [2.12589057021e-16, -7.77549614864e-14, -1.22172096658e-12, -8.86952078623e-13, 1.40077316066e-12, 6.16771651113e-12, 7.36128952933e-12, 5.10880851512e-11, 1.72297864864e-09, 6.77360445511e-10, 6.43769593189e-10, 7.38002881029e-10, 1.01679324682e-10, 7.71613745121e-11, 4.5624188455e-11, 3.95154881039e-11, 9.45214115311e-11, 1.18029072627e-10, 6.42485994962e-11, 6.27253110563e-11, 2.81518159478e-11, 1.78404708541e-12, 5.47850989834e-13, 9.36671205008e-13, 4.37512981573e-13, 1.67981236289e-14, 2.20598904973e-16], [-3.03767349528e-16, -5.25471701741e-13, -4.45771154364e-12, -3.20868223484e-12, 2.17146960135e-12, 1.17790568965e-11, 9.77540444425e-12, 2.93650381789e-10, 6.65870736327e-09, 2.8608950764e-09, 7.38002881029e-10, 6.57258647507e-09, 7.14942882674e-10, 4.93373619737e-10, 1.26207128082e-10, 1.7281187592e-10, 1.43539319319e-10, 1.73611736098e-10, 4.51839780868e-11, 1.34173616662e-10, 6.0850456618e-11, 5.87352085371e-12, 1.45234508014e-12, 4.56618900677e-13, 2.20630236086e-13, 3.12454801073e-14, 4.47391367795e-16], [-4.0030863114e-17, -2.42918396986e-13, -1.3356185732e-12, -1.13044870773e-12, 7.06407968145e-13, 4.2047853914e-12, 8.28837953132e-12, 4.76219549905e-11, 1.76583803135e-09, 3.04008085372e-09, 1.01679324682e-10, 7.14942882674e-10, 3.55538515295e-10, 1.22255927604e-10, 9.53744999643e-11, 2.09357864378e-10, 8.93255261425e-11, 6.95146579188e-11, 3.08038247687e-11, 4.39795040663e-11, 1.37669381103e-11, 1.26384818409e-12, 4.09935188008e-13, 3.2016246208e-13, 1.29107391011e-13, 1.05787045925e-14, 1.71993428072e-16], [3.12869247942e-16, -1.81111974918e-13, -1.02935455298e-12, -7.4055101244e-13, 3.36339246385e-13, 3.06637983234e-12, 5.47015948163e-12, 2.96099880726e-11, 7.81369191571e-10, 3.97258537177e-09, 7.71613745121e-11, 4.93373619737e-10, 1.22255927604e-10, 2.15016601746e-10, 9.57306109384e-11, 2.12840189917e-10, 2.02324532128e-10, 1.67177147126e-10, 7.68534264006e-11, 8.10298217413e-11, 2.99787208946e-11, 2.8954813807e-12, 6.38705234535e-13, 7.40118198932e-13, 3.52421569575e-13, 1.62328223102e-14, 1.79916878663e-16], [3.21544982904e-16, -2.62555033053e-13, -1.18995720395e-12, -7.88123093263e-13, 1.00438049804e-12, 5.0919845597e-12, 1.01588164964e-11, 4.81975674649e-11, 4.8484000148e-10, 2.51012033381e-09, 4.5624188455e-11, 1.26207128082e-10, 9.53744999643e-11, 9.57306109384e-11, 1.7699700039e-10, 2.19840423643e-10, 1.55432278159e-10, 1.57216364927e-10, 6.85920625854e-11, 6.31157903719e-11, 2.22177120451e-11, 2.47380002767e-12, 4.93917786445e-13, 8.11077225348e-13, 4.13372867837e-13, 2.05333830722e-14, 1.13808617343e-16], [1.60650248716e-15, -2.80164075533e-13, -1.12922973923e-12, -9.51207862476e-13, 1.49046367696e-12, 9.91008837492e-12, 2.06824696258e-11, 2.69326713709e-11, 9.0107962758e-11, 1.03442729937e-08, 3.95154881039e-11, 1.7281187592e-10, 2.09357864378e-10, 2.12840189917e-10, 2.19840423643e-10, 1.43722445056e-09, 3.35511701754e-10, 2.50714810024e-10, 1.05846990894e-10, 8.94657473105e-11, 3.85963760952e-11, 2.88924092984e-12, 7.95522447829e-13, 1.52828574448e-12, 5.53216272705e-13, 2.25315066897e-14, 3.41163245344e-16], [-1.36737666876e-16, -4.1223141979e-13, -1.56278771391e-13, -6.51654240551e-13, 9.71543592104e-13, 5.64838757364e-12, 1.03844970817e-11, 5.77951020375e-11, 3.53915147189e-10, 6.24045215503e-09, 9.45214115311e-11, 1.43539319319e-10, 8.93255261425e-11, 2.02324532128e-10, 1.55432278159e-10, 3.35511701754e-10, 6.44481135126e-10, 4.80427586602e-10, 1.77368703058e-10, 1.54603024827e-10, 6.31203006529e-11, 4.56557187889e-12, 1.15760970688e-12, 1.852455472e-12, 7.95761893879e-13, 2.83166705687e-14, 2.79695017274e-16], [-8.3651512739e-16, -4.00261123074e-13, -8.95890458173e-13, -1.38587719859e-12, 6.64829953242e-13, 3.96283873771e-12, 9.73893361789e-12, 5.35319497064e-11, 3.03480990338e-10, 3.37076055956e-09, 1.18029072627e-10, 1.73611736098e-10, 6.95146579188e-11, 1.67177147126e-10, 1.57216364927e-10, 2.50714810024e-10, 4.80427586602e-10, 1.09301767637e-09, 3.53885448723e-10, 2.45143516597e-10, 9.22785389768e-11, 5.6347530808e-12, 1.76065564038e-12, 2.48001922817e-12, 1.12378118963e-12, 3.55926361518e-14, 1.86947728581e-16], [-2.96714132646e-16, -3.09997524612e-13, -6.01841547519e-13, -9.11584935141e-13, 3.38218575325e-13, 2.81254360079e-12, 5.95620471347e-12, 3.7237400663e-11, 1.85672990871e-10, 1.19075471705e-09, 6.42485994962e-11, 4.51839780868e-11, 3.08038247687e-11, 7.68534264006e-11, 6.85920625854e-11, 1.05846990894e-10, 1.77368703058e-10, 3.53885448723e-10, 3.05398206724e-10, 1.72124578479e-10, 6.10625924824e-11, 4.09139519139e-12, 1.02972535013e-12, 1.45033778823e-12, 7.27284714657e-13, 2.52371941975e-14, 7.34175600851e-17], [-4.00519032801e-17, -2.25932431943e-13, -8.44905579962e-13, -8.07456532192e-13, 6.47186351819e-13, 5.145177253e-12, 8.23298547392e-12, 4.18962191329e-11, 3.14288789438e-10, 5.34928656926e-10, 6.27253110563e-11, 1.34173616662e-10, 4.39795040663e-11, 8.10298217413e-11, 6.31157903719e-11, 8.94657473105e-11, 1.54603024827e-10, 2.45143516597e-10, 1.72124578479e-10, 2.05963635036e-10, 6.94765356357e-11, 3.88822828101e-12, 1.06255520875e-12, 1.75108918251e-12, 8.63255918571e-13, 3.52384239139e-14, 3.78473875383e-17], [-1.3210906857e-16, -8.46634248846e-15, -1.01436898161e-13, -1.08755350916e-13, 6.06608621841e-13, 2.16133231104e-12, 2.99416784769e-12, 1.66437783694e-11, 1.41011438637e-10, 1.63135838172e-10, 2.81518159478e-11, 6.0850456618e-11, 1.37669381103e-11, 2.99787208946e-11, 2.22177120451e-11, 3.85963760952e-11, 6.31203006529e-11, 9.22785389768e-11, 6.10625924824e-11, 6.94765356357e-11, 3.30136126769e-11, 1.75186254392e-12, 4.20212421717e-13, 6.49753796773e-13, 3.29791261574e-13, 1.33904863651e-14, 1.4502289318e-17], [-1.03044312545e-17, -6.77807029931e-15, -2.38351310531e-14, -1.11691068856e-14, 2.72909627975e-14, 1.42830286986e-13, 2.30995317275e-13, 1.4143599486e-12, 1.26347708337e-11, 2.06637606331e-11, 1.78404708541e-12, 5.87352085371e-12, 1.26384818409e-12, 2.8954813807e-12, 2.47380002767e-12, 2.88924092984e-12, 4.56557187889e-12, 5.6347530808e-12, 4.09139519139e-12, 3.88822828101e-12, 1.75186254392e-12, 1.71305393373e-13, 2.8501422007e-14, 3.88640671294e-14, 2.11431197393e-14, 8.72735367945e-16, 1.35832196927e-18], [-1.64081634937e-18, -1.25223000406e-15, -2.67009115996e-15, -3.81864475479e-15, 8.09951200076e-15, 4.50352984614e-14, 6.86642650832e-14, 3.23321935631e-13, 3.24834430188e-12, 7.66963836191e-12, 5.47850989834e-13, 1.45234508014e-12, 4.09935188008e-13, 6.38705234535e-13, 4.93917786445e-13, 7.95522447829e-13, 1.15760970688e-12, 1.76065564038e-12, 1.02972535013e-12, 1.06255520875e-12, 4.20212421717e-13, 2.8501422007e-14, 1.00851410353e-14, 1.65888776918e-14, 6.54877763346e-15, 2.84402296999e-16, 4.89878640932e-19], [1.19498523115e-17, -2.08541311559e-15, -2.87397707256e-15, -5.44366052344e-15, 3.79241892068e-14, 1.98349542628e-13, 2.39121602293e-13, 1.05456973449e-12, 2.14909817373e-12, 7.24650721373e-12, 9.36671205008e-13, 4.56618900677e-13, 3.2016246208e-13, 7.40118198932e-13, 8.11077225348e-13, 1.52828574448e-12, 1.852455472e-12, 2.48001922817e-12, 1.45033778823e-12, 1.75108918251e-12, 6.49753796773e-13, 3.88640671294e-14, 1.65888776918e-14, 6.47598226672e-14, 2.63659604674e-14, 8.06784800337e-16, 4.0525840031e-19], [9.13539757429e-18, -5.69551729997e-16, -7.66253320899e-16, -1.79428471525e-15, 2.45689292478e-14, 1.03707976451e-13, 1.25962581294e-13, 5.66164140309e-13, 1.15331604943e-12, 2.15573457522e-12, 4.37512981573e-13, 2.20630236086e-13, 1.29107391011e-13, 3.52421569575e-13, 4.13372867837e-13, 5.53216272705e-13, 7.95761893879e-13, 1.12378118963e-12, 7.27284714657e-13, 8.63255918571e-13, 3.29791261574e-13, 2.11431197393e-14, 6.54877763346e-15, 2.63659604674e-14, 1.36494107846e-14, 4.0767253706e-16, 1.61983005345e-19], [2.92848329075e-19, -4.09617787928e-17, -1.47911593167e-16, -1.88983148753e-16, 8.90366941078e-16, 4.59359308065e-15, 5.68566927141e-15, 2.2455029779e-14, 5.32989214016e-14, 1.05956632086e-13, 1.67981236289e-14, 3.12454801073e-14, 1.05787045925e-14, 1.62328223102e-14, 2.05333830722e-14, 2.25315066897e-14, 2.83166705687e-14, 3.55926361518e-14, 2.52371941975e-14, 3.52384239139e-14, 1.33904863651e-14, 8.72735367945e-16, 2.84402296999e-16, 8.06784800337e-16, 4.0767253706e-16, 1.98258632673e-17, 6.85669639129e-21], [1.64740709185e-20, -3.59732188852e-19, -1.59902005039e-18, -1.02862307995e-18, -2.97450561671e-20, 2.92916628344e-18, 8.11143317555e-18, 3.51297154142e-17, 1.21869554616e-15, 7.45419656176e-15, 2.20598904973e-16, 4.47391367795e-16, 1.71993428072e-16, 1.79916878663e-16, 1.13808617343e-16, 3.41163245344e-16, 2.79695017274e-16, 1.86947728581e-16, 7.34175600851e-17, 3.78473875383e-17, 1.4502289318e-17, 1.35832196927e-18, 4.89878640932e-19, 4.0525840031e-19, 1.61983005345e-19, 6.85669639129e-21, 1.72973240387e-21]]
    },
    "mfcc": {
        "kurt": [0.526307344437, 1.28399372101, 0.143810987473, 1.12874794006, -0.4317882061, 0.449039936066, 0.578493118286, 0.300539255142, -0.159938335419, -0.183444976807, -0.374734163284, -0.141609668732, 0.115833997726],
        "max": [-768.399902344, 133.106201172, 4.15863037109, 54.7214698792, 30.2000465393, 25.7671279907, 35.1624832153, 23.6891117096, 34.8892860413, 21.9018878937, 12.9578361511, 19.9928779602, 14.7734680176],
        "mean": [-914.337646484, 82.6532669067, -75.9517974854, 13.288974762, -16.1956100464, -23.5780677795, 2.20150661469, -13.3656425476, 3.80173110962, -0.250924050808, -8.50453567505, -1.92239451408, -8.53376102448],
        "median": [-912.959289551, 80.5147247314, -79.4541168213, 16.3748512268, -14.8798179626, -24.5128936768, 1.18523025513, -13.6787834167, 3.24822616577, -0.306907653809, -8.50770759583, -1.41802215576, -8.59228134155],
        "min": [-1138.42004395, 1.14440917969e-05, -145.998596191, -59.4481582642, -65.1795196533, -58.8341789246, -17.8933448792, -48.5364837646, -20.1139373779, -19.8202056885, -31.6650447845, -23.6921043396, -32.9743041992],
        "skew": [-0.28225928545, 0.206517621875, 0.510622382164, -0.954718291759, -0.228763863444, 0.20834608376, 0.494023412466, 0.0473848432302, 0.331634372473, 0.0737893208861, 0.0381365381181, -0.176585838199, -0.111606746912],
        "var": [2195.57666016, 261.861633301, 635.780334473, 315.333007812, 334.087768555, 147.980331421, 81.6545639038, 99.3543777466, 105.962669373, 60.0944099426, 67.8490982056, 57.948223114, 64.103767395],
        "cov": [[2200.11279297, 328.656921387, -1005.08325195, -318.187683105, -608.266540527, -169.082077026, 47.5121231079, 44.993598938, 250.607421875, 2.35822415352, 27.6310005188, -27.1583518982, -156.299606323], [328.656921387, 262.402679443, -72.4936218262, -174.502563477, -132.804885864, -26.585062027, 26.2821884155, 46.5469322205, 44.6659660339, 21.4380531311, 28.1096839905, -2.38874006271, -42.9066772461], [-1005.08325195, -72.4936218262, 637.093933105, 162.279983521, 250.589187622, 60.4810905457, -13.4371299744, 0.660856366158, -106.905540466, 20.0003376007, 2.76315784454, 10.3304328918, 60.2224235535], [-318.187683105, -174.502563477, 162.279983521, 315.984527588, 184.606872559, 3.1757774353, -24.7469291687, -38.8224449158, -29.699432373, -11.40807724, -21.9692955017, 2.07837200165, 31.0618400574], [-608.266540527, -132.804885864, 250.589187622, 184.606872559, 334.778015137, 80.8685760498, -43.8130187988, -22.0025062561, -77.76171875, -24.829334259, -36.5394973755, 9.99153900146, 59.1488838196], [-169.082077026, -26.585062027, 60.4810905457, 3.1757774353, 80.8685760498, 148.286071777, 22.9842166901, -36.2949676514, -27.8313045502, -21.9663906097, -3.13385558128, 7.1737203598, 25.5569076538], [47.5121231079, 26.2821884155, -13.4371299744, -24.7469291687, -43.8130187988, 22.9842166901, 81.8232727051, 26.6244850159, -8.34276580811, 5.08203697205, 4.20367670059, -3.99659347534, -10.5232801437], [44.993598938, 46.5469322205, 0.660856366158, -38.8224449158, -22.0025062561, -36.2949676514, 26.6244850159, 99.5596618652, 34.4942245483, 3.83452296257, 5.59360837936, -15.6864147186, -29.1311168671], [250.607421875, 44.6659660339, -106.905540466, -29.699432373, -77.76171875, -27.8313045502, -8.34276580811, 34.4942245483, 106.181602478, 24.4763050079, -6.06462955475, -14.0340995789, -35.6299514771], [2.35822415352, 21.4380531311, 20.0003376007, -11.40807724, -24.829334259, -21.9663906097, 5.08203697205, 3.83452296257, 24.4763050079, 60.2185707092, 19.2493724823, -7.38611793518, -5.61935091019], [27.6310005188, 28.1096839905, 2.76315784454, -21.9692955017, -36.5394973755, -3.13385558128, 4.20367670059, 5.59360837936, -6.06462955475, 19.2493724823, 67.9892807007, 21.0453090668, -9.0752696991], [-27.1583518982, -2.38874006271, 10.3304328918, 2.07837200165, 9.99153900146, 7.1737203598, -3.99659347534, -15.6864147186, -14.0340995789, -7.38611793518, 21.0453090668, 58.0679512024, 26.0856723785], [-156.299606323, -42.9066772461, 60.2224235535, 31.0618400574, 59.1488838196, 25.5569076538, -10.5232801437, -29.1311168671, -35.6299514771, -5.61935091019, -9.0752696991, 26.0856723785, 64.2362136841]]
    },
    "sccoeffs": {
        "kurt": [0.897067070007, 0.246833562851, 1.0379447937, 0.938355922699, 2.52769994736, 1.1861166954],
        "max": [-0.599807739258, -0.620450556278, -0.517497062683, -0.709185898304, -0.720782160759, -0.678983330727],
        "mean": [-0.774269998074, -0.82900851965, -0.824979603291, -0.849299371243, -0.845278561115, -0.791405975819],
        "median": [-0.776085853577, -0.842404723167, -0.855360090733, -0.856652200222, -0.849397361279, -0.793091773987],
        "min": [-0.969965100288, -0.946923732758, -0.961257874966, -0.944156646729, -0.911092221737, -0.925428450108],
        "skew": [0.339193016291, 0.803789019585, 1.27778697014, 0.935385525227, 1.06472456455, 0.245569139719],
        "var": [0.00210421229713, 0.00321604288183, 0.00608049705625, 0.00138721242547, 0.000697972252965, 0.000943223247305],
        "cov": [[0.00210855994374, 0.000311669107759, 0.000410669163102, 0.000171902225702, 0.000120551994769, 0.000145278812852], [0.000311669107759, 0.00322268763557, 0.00184792268556, 0.000599279417656, 0.000193711588508, 0.000118967087474], [0.000410669163102, 0.00184792268556, 0.00609306013212, 0.00167454173788, 0.000538383261301, 0.000250450975727], [0.000171902225702, 0.000599279417656, 0.00167454173788, 0.00139007857069, 0.000311944924761, 0.000102143807453], [0.000120551994769, 0.000193711588508, 0.000538383261301, 0.000311944924761, 0.000699414347764, 0.000112715526484], [0.000145278812852, 0.000118967087474, 0.000250450975727, 0.000102143807453, 0.000112715526484, 0.000945172039792]]
    },
    "scvalleys": {
        "kurt": [0.784762859344, 5.44784069061, 0.495911836624, 1.5927605629, 4.81763315201, 0.542566537857],
        "max": [-8.47880172729, -6.23228359222, -6.23706054688, -6.35062837601, -6.48487663269, -9.12907409668],
        "mean": [-9.8059835434, -8.45404624939, -8.34034252167, -8.40634441376, -8.67669296265, -11.9208211899],
        "median": [-9.79211616516, -8.44009876251, -8.37874126434, -8.33806324005, -8.65813922882, -11.8684387207],
        "min": [-11.658082962, -12.4865789413, -12.0305204391, -12.0340547562, -12.9938659668, -14.7048187256],
        "skew": [-0.230714708567, -0.68408614397, 0.000524515344296, -0.596803367138, -0.833056330681, -0.206002235413],
        "var": [0.174452736974, 0.308670938015, 0.574453175068, 0.431461423635, 0.375510811806, 0.544780671597],
        "cov": [[0.174813181162, 0.0177396479994, 0.0050938022323, 0.00399997318164, -0.00838973931968, -0.00916852615774], [0.0177396479994, 0.309308677912, 0.298459887505, 0.222495317459, 0.210722818971, 0.252043426037], [0.0050938022323, 0.298459887505, 0.575640082359, 0.382559329271, 0.325917929411, 0.373604118824], [0.00399997318164, 0.222495317459, 0.382559329271, 0.432352870703, 0.306114047766, 0.327050715685], [-0.00838973931968, 0.210722818971, 0.325917929411, 0.306114047766, 0.376286655664, 0.359176754951], [-0.00916852615774, 0.252043426037, 0.373604118824, 0.327050715685, 0.359176754951, 0.545906245708]]
    }
},
"rhythm": {
    "beats_loudness": {
        "kurt": 4.24463891983,
        "max": 0.00141980254557,
        "mean": 0.000238625289057,
        "median": 6.5073116275e-05,
        "min": 7.69251437305e-06,
        "skew": 2.27523779869,
        "var": 1.29673225047e-07
    },
    "bpm": 128.825515747,
    "confidence": 1.80696845055,
    "first_peak_bpm": {
        "kurt": 0,
        "max": 129,
        "mean": 129,
        "median": 129,
        "min": 129,
        "skew": 0,
        "var": 0
    },
    "first_peak_spread": {
        "kurt": 0,
        "max": 0.375,
        "mean": 0.375,
        "median": 0.375,
        "min": 0.375,
        "skew": 0,
        "var": 0
    },
    "first_peak_weight": {
        "kurt": 0,
        "max": 0.25,
        "mean": 0.25,
        "median": 0.25,
        "min": 0.25,
        "skew": 0,
        "var": 0
    },
    "onset_rate": 6.32709026337,
    "second_peak_bpm": {
        "kurt": 0,
        "max": 108,
        "mean": 108,
        "median": 108,
        "min": 108,
        "skew": 0,
        "var": 0
    },
    "second_peak_spread": {
        "kurt": 0,
        "max": 0.571428596973,
        "mean": 0.571428596973,
        "median": 0.571428596973,
        "min": 0.571428596973,
        "skew": 0,
        "var": 0
    },
    "second_peak_weight": {
        "kurt": 0,
        "max": 0.15000000596,
        "mean": 0.15000000596,
        "median": 0.15000000596,
        "min": 0.15000000596,
        "skew": 0,
        "var": 0
    },
    "beats_loudness_band_ratio": {
        "kurt": [12.3433551788, 9.59495353699, 0.427176713943, 2.94728326797, -1.13379609585, 2.2591047287],
        "max": [0.19784258306, 0.270662844181, 0.777317762375, 0.61745351553, 0.711348354816, 0.599532902241],
        "mean": [0.021068032831, 0.0425493381917, 0.224264889956, 0.200753286481, 0.335204988718, 0.200422152877],
        "median": [0.00718994578347, 0.023854771629, 0.114532507956, 0.14835332334, 0.357852756977, 0.180388554931],
        "min": [0.000716013426427, 0.00107581471093, 0.0329083614051, 0.0610020421445, 0.0516364723444, 0.0225242655724],
        "skew": [3.58341240883, 3.05251693726, 1.3368421793, 1.72988581657, 0.11857265234, 1.20313060284],
        "var": [0.00174263736699, 0.00321084260941, 0.0527406148612, 0.0164440907538, 0.0368006005883, 0.0162498075515],
        "cov": [[0.00182976922952, 0.000284870329779, 0.0007146660937, -0.00170140399132, -0.00110984162893, 0.0001832809794], [0.000284870329779, 0.00337138469331, -0.00246866536327, -0.00105436856393, -0.000464215874672, 0.000639794510789], [0.0007146660937, -0.00246866536327, 0.0553776435554, 0.000761877861805, -0.0351744294167, -0.0168974138796], [-0.00170140399132, -0.00105436856393, 0.000761877861805, 0.0172662958503, -0.00827831402421, -0.00693032052368], [-0.00110984162893, -0.000464215874672, -0.0351744294167, -0.00827831402421, 0.0386406295002, 0.00506037846208], [0.0001832809794, 0.000639794510789, -0.0168974138796, -0.00693032052368, 0.00506037846208, 0.0170622970909]]
    },
    "beats_position": [0.476009070873, 0.952018141747, 1.42802715302, 1.88081634045, 2.34521532059, 2.80961441994, 3.27401351929, 3.73841261864, 4.20281171799, 4.71365070343, 5.22448968887, 5.75854873657, 6.31582736969, 6.84988641739, 7.37233543396, 7.94122457504, 8.47528362274, 9.05578231812, 9.63628101349, 10.1935596466, 10.7508392334],
    "bpm_estimates": [126.048019409, 126.048034668, 132.511993408, 129.199249268, 129.19921875, 129.19921875, 129.19921875, 129.19921875],
    "bpm_intervals": [0.476009070873, 0.476009011269, 0.452789187431, 0.464398980141, 0.46439909935, 0.46439909935, 0.46439909935, 0.46439909935, 0.510838985443, 0.510838985443, 0.534059047699, 0.557278633118, 0.534059047699, 0.522449016571, 0.568889141083, 0.534059047699, 0.580498695374, 0.580498695374, 0.557278633118, 0.557279586792],
    "onset_times": [0.0116099771112, 0.0928798168898, 0.197369620204, 0.325079351664, 0.452789127827, 0.557278931141, 0.801088452339, 0.905578255653, 1.16099774837, 1.26548755169, 1.48607707024, 1.69505667686, 1.79954648018, 1.91564631462, 2.11301589012, 2.36843538284, 2.49614500999, 2.86766433716, 3.14630389214, 3.25079369545, 3.32045340538, 3.3785033226, 3.49460315704, 3.58748292923, 3.7151927948, 3.79646253586, 3.86612248421, 4.00544214249, 4.15637207031, 4.53950119019, 4.59755086899, 4.80653047562, 5.00390005112, 5.05034017563, 5.24770975113, 5.66566896439, 5.8282084465, 5.99074840546, 6.18811798096, 6.43192720413, 6.68734693527, 6.87310647964, 6.98920631409, 7.16335582733, 7.38394546509, 7.50004529953, 7.70902490616, 7.80190467834, 7.87156438828, 7.98766422272, 8.26630401611, 8.35918331146, 8.498503685, 8.66104316711, 8.76553249359, 9.0906124115, 9.29959201813, 9.33442211151, 9.42730140686, 9.64789104462, 9.9613609314, 10.0658502579, 10.2051696777, 10.3328800201, 10.4257593155, 10.5534696579, 10.7624492645, 10.866938591, 11.0526981354, 11.1223583221, 11.2268476486],
    "histogram": [[0, 0, 0, 0, 0, 0, 0, 0, 0, 0, 0, 0, 0, 0, 0, 0, 0, 0, 0, 0, 0, 0, 0, 0, 0, 0, 0, 0, 0, 0, 0, 0, 0, 0, 0, 0, 0, 0, 0, 0, 0, 0, 0, 0, 0, 0, 0, 0, 0, 0, 0, 0, 0, 0, 0, 0, 0, 0, 0, 0, 0, 0, 0, 0, 0, 0, 0, 0, 0, 0, 0, 0, 0, 0, 0, 0, 0, 0, 0, 0, 0, 0, 0, 0, 0, 0, 0, 0, 0, 0, 0, 0, 0, 0, 0, 0, 0, 0, 0, 0, 0, 0, 0, 0.10000000149, 0, 0.0500000007451, 0, 0, 0.15000000596, 0, 0, 0, 0.15000000596, 0, 0, 0.0500000007451, 0, 0.10000000149, 0, 0, 0, 0, 0, 0, 0, 0, 0.10000000149, 0, 0, 0.25, 0, 0, 0, 0.0500000007451, 0, 0, 0, 0, 0, 0, 0, 0, 0, 0, 0, 0, 0, 0, 0, 0, 0, 0, 0, 0, 0, 0, 0, 0, 0, 0, 0, 0, 0, 0, 0, 0, 0, 0, 0, 0, 0, 0, 0, 0, 0, 0, 0, 0, 0, 0, 0, 0, 0, 0, 0, 0, 0, 0, 0, 0, 0, 0, 0, 0, 0, 0, 0, 0, 0, 0, 0, 0, 0, 0, 0, 0, 0, 0, 0, 0, 0, 0, 0, 0, 0, 0, 0, 0, 0, 0, 0, 0, 0, 0, 0, 0, 0, 0, 0, 0, 0, 0, 0, 0, 0, 0, 0, 0, 0, 0, 0, 0, 0, 0, 0, 0, 0, 0, 0, 0]]
},
"sfx": {
    "inharmonicity": {
        "kurt": -0.0954263210297,
        "max": 0.424690455198,
        "mean": 0.087759591639,
        "median": 0.0371278300881,
        "min": 0,
        "skew": 1.02028799057,
        "var": 0.0106288446113
    },
    "oddtoevenharmonicenergyratio": {
        "kurt": 68.5513763428,
        "max": 42.2869873047,
        "mean": 1.28485476971,
        "median": 0.3679921031,
        "min": 0,
        "skew": 7.60789442062,
        "var": 13.2081670761
    },
    "pitch_after_max_to_before_max_energy_ratio": 0.185795858502,
    "pitch_centroid": 274.67401123,
    "pitch_max_to_total": 0.907216489315,
    "pitch_min_to_total": 0.913402080536,
    "tristimulus": {
        "kurt": [-1.32698941231, -0.559340715408, -0.861418008804],
        "max": [1, 0.93590939045, 0.937365531921],
        "mean": [0.410815536976, 0.323692023754, 0.265492379665],
        "median": [0.292341083288, 0.285773068666, 0.168489545584],
        "min": [0, 0, 0],
        "skew": [0.478386700153, 0.523766875267, 0.711211383343],
        "var": [0.13590836525, 0.0602486394346, 0.078583791852],
        "cov": [[0.136189162731, -0.0589081458747, -0.0772811099887], [-0.0589081458747, 0.0603731200099, -0.00146498379763], [-0.0772811099887, -0.00146498379763, 0.0787461549044]]
    }
},
"tonal": {
    "chords_changes_rate": 0.185185179114,
    "chords_number_rate": 0.037037037313,
    "chords_strength": {
        "kurt": -0.812075614929,
        "max": 0.654287993908,
        "mean": 0.456150233746,
        "median": 0.453912824392,
        "min": 0.266382217407,
        "skew": -0.0948542430997,
        "var": 0.00893857050687
    },
    "key_strength": 0.568130254745,
    "tuning_diatonic_strength": 0.528728246689,
    "tuning_equal_tempered_deviation": 0.216060340405,
    "tuning_frequency": 456.04309082,
    "tuning_nontempered_energy_ratio": 0.897857129574,
    "hpcp": {
