{
"metadata": {
    "version": {
        "essentia": "2.1-beta3"
    }
},
"lowLevel": {
    "average_loudness": 0.99068403244,
    "barkbands_kurtosis": {
        "kurt": 4.58714437485,
        "max": 76.9328613281,
        "mean": 16.244134903,
        "median": 11.6311454773,
        "min": 1.74599170685,
        "skew": 2.06269264221,
        "var": 239.856903076
    },
    "barkbands_skewness": {
        "kurt": 0.74932718277,
        "max": 6.99892902374,
        "mean": 2.63879752159,
        "median": 2.20947933197,
        "min": 0.888729214668,
        "skew": 1.16527116299,
        "var": 2.22577524185
    },
    "barkbands_spread": {
        "kurt": 8.20862483978,
        "max": 20.7802410126,
        "mean": 5.11903524399,
        "median": 4.5340089798,
        "min": 1.54111206532,
        "skew": 2.55887889862,
        "var": 12.7914772034
    },
    "dissonance": {
        "kurt": 1.2623591423,
        "max": 0.498238384724,
        "mean": 0.410895526409,
        "median": 0.419871091843,
        "min": 0.212035089731,
        "skew": -0.906527876854,
        "var": 0.00364162237383
    },
    "hfc": {
        "kurt": -0.121187448502,
        "max": 13.2424612045,
        "mean": 2.78755044937,
        "median": 0.453784883022,
        "min": 2.38575958065e-05,
        "skew": 1.13299119473,
        "var": 14.6871337891
    },
    "pitch": {
        "kurt": -0.178755044937,
        "max": 543.72253418,
        "mean": 364.11126709,
        "median": 400.528808594,
        "min": 150.153549194,
        "skew": -0.86259996891,
        "var": 8636.13867188
    },
    "pitch_instantaneous_confidence": {
        "kurt": -0.649406909943,
        "max": 0.94048333168,
        "mean": 0.61283582449,
        "median": 0.634189128876,
        "min": 0.112291753292,
        "skew": -0.420040994883,
        "var": 0.0420403331518
    },
    "pitch_salience": {
        "kurt": -0.522604703903,
        "max": 0.935416579247,
        "mean": 0.54195857048,
        "median": 0.569354653358,
        "min": 0.226156115532,
        "skew": -0.172976613045,
        "var": 0.0285798087716
    },
    "silence_rate_20dB": {
        "kurt": 0,
        "max": 1,
        "mean": 1,
        "median": 1,
        "min": 1,
        "skew": 0,
        "var": 0
    },
    "silence_rate_30dB": {
        "kurt": 0,
        "max": 1,
        "mean": 1,
        "median": 1,
        "min": 1,
        "skew": 0,
        "var": 0
    },
    "silence_rate_60dB": {
        "kurt": -1.94999945164,
        "max": 1,
        "mean": 0.555555582047,
        "median": 1,
        "min": 0,
        "skew": -0.223607137799,
        "var": 0.246913507581
    },
    "spectral_centroid": {
        "kurt": 2.00844097137,
        "max": 964.528137207,
        "mean": 510.845275879,
        "median": 486.338653564,
        "min": 272.513885498,
        "skew": 1.30594563484,
        "var": 19791.171875
    },
    "spectral_complexity": {
        "kurt": -0.353130578995,
        "max": 14,
        "mean": 3.72222232819,
        "median": 1.5,
        "min": 0,
        "skew": 0.927008569241,
        "var": 16.3672828674
    },
    "spectral_crest": {
        "kurt": -0.987502574921,
        "max": 24.7125911713,
        "mean": 14.8949365616,
        "median": 14.092130661,
        "min": 4.22313261032,
        "skew": -0.0039394069463,
        "var": 30.6495437622
    },
    "spectral_decrease": {
        "kurt": 1.40507268906,
        "max": -5.98029570607e-15,
        "mean": -1.26469623662e-09,
        "median": -1.82663537074e-10,
        "min": -7.051248474e-09,
        "skew": -1.47178721428,
        "var": 3.14859351851e-18
    },
    "spectral_energy": {
        "kurt": 1.31819963455,
        "max": 0.0278141330928,
        "mean": 0.00502608716488,
        "median": 0.000730573199689,
        "min": 2.47350051552e-08,
        "skew": 1.45184767246,
        "var": 4.95151834912e-05
    },
    "spectral_energyband_high": {
        "kurt": 2.06308364868,
        "max": 0.000184286473086,
        "mean": 3.20502294926e-05,
        "median": 3.16399746225e-06,
        "min": 8.02056532301e-10,
        "skew": 1.87046897411,
        "var": 3.1069495865e-09
    },
    "spectral_energyband_low": {
        "kurt": 7.70726966858,
        "max": 8.08815966593e-05,
        "mean": 1.6172616597e-05,
        "median": 1.43728939292e-05,
        "min": 2.3117403547e-09,
        "skew": 2.59102535248,
        "var": 2.38886355142e-10
    },
    "spectral_energyband_middle_high": {
        "kurt": 3.57699537277,
        "max": 0.00527083454654,
        "mean": 0.000741470197681,
        "median": 2.00319700525e-05,
        "min": 4.90983076418e-09,
        "skew": 2.04837656021,
        "var": 1.68521592059e-06
    },
    "spectral_energyband_middle_low": {
        "kurt": 2.32642173767,
        "max": 0.02633106336,
        "mean": 0.00431986898184,
        "median": 0.000593437696807,
        "min": 1.68781255638e-08,
        "skew": 1.71055722237,
        "var": 4.0553684812e-05
    },
    "spectral_flatness_db": {
        "kurt": 2.64528083801,
        "max": 0.349305212498,
        "mean": 0.259095728397,
        "median": 0.26502597332,
        "min": 0.052118241787,
        "skew": -1.22104883194,
        "var": 0.00335519341752
    },
    "spectral_flux": {
        "kurt": 0.507772684097,
        "max": 0.152000516653,
        "mean": 0.0428656637669,
        "median": 0.0323297418654,
        "min": 0.00439736898988,
        "skew": 1.02999734879,
        "var": 0.00149821129162
    },
    "spectral_kurtosis": {
        "kurt": 0.910213470459,
        "max": 34.7915534973,
        "mean": 13.9707727432,
        "median": 14.118429184,
        "min": 1.08536243439,
        "skew": 0.735779047012,
        "var": 45.7070732117
    },
    "spectral_rms": {
        "kurt": -0.819341182709,
        "max": 0.0052091977559,
        "mean": 0.00162088521756,
        "median": 0.000834388541989,
        "min": 4.91240371048e-06,
        "skew": 0.767588555813,
        "var": 2.2762314984e-06
    },
    "spectral_rolloff": {
        "kurt": 0.0501744747162,
        "max": 1141.25976562,
        "mean": 585.583496094,
        "median": 462.963867188,
        "min": 279.931640625,
        "skew": 1.02512717247,
        "var": 46388.9921875
    },
    "spectral_skewness": {
        "kurt": -0.0637402534485,
        "max": 4.91281557083,
        "mean": 3.12840414047,
        "median": 3.12075567245,
        "min": 1.48243248463,
        "skew": 0.061403632164,
        "var": 0.525284528732
    },
    "spectral_spread": {
        "kurt": 18.1719398499,
        "max": 32881760,
        "mean": 4723975.5,
        "median": 3529426.5,
        "min": 2337335.5,
        "skew": 4.31578588486,
        "var": 2.96438349169e+13
    },
    "spectral_strongpeak": {
        "kurt": 1.14326095581,
        "max": 2.27164196968,
        "mean": 0.47308576107,
        "median": 0.13353548944,
        "min": 4.77833818877e-05,
        "skew": 1.50505292416,
        "var": 0.375632435083
    },
    "zerocrossingrate": {
        "kurt": 2.80587911606,
        "max": 0.044921875,
        "mean": 0.023708768189,
        "median": 0.023681640625,
        "min": 0.00341796875,
        "skew": 0.37798088789,
        "var": 4.62458447146e-05
    },
    "barkbands": {
        "kurt": [8.69437789917, 7.38768768311, 4.98875045776, 10.4195203781, 11.0045204163, 16.4674491882, 1.90936613083, 8.00939273834, 2.93601512909, 6.36039638519, 2.83834123611, 1.46054506302, 5.30749893188, 8.02883529663, 6.29314517975, 3.50171709061, 20.2939109802, 9.72055339813, 2.09451055527, 3.32165718079, 3.97431850433, 5.21292114258, 13.7396755219, 2.97688150406, 6.49386119843, 2.6423330307, 28.0324134827],
        "max": [4.90250499752e-07, 5.83696601097e-05, 1.56015739776e-05, 3.83894548577e-05, 0.000285994698061, 0.0171390566975, 0.0165153052658, 0.000723639968783, 0.00117172580212, 0.00431796163321, 0.000259949505562, 0.00031778140692, 0.00115512823686, 0.000323904154357, 0.000167871752637, 0.000141046228237, 1.27957146105e-05, 1.46266456795e-05, 4.23946175943e-06, 2.01389284484e-05, 0.000149184474139, 7.15128917363e-05, 6.47289880362e-06, 2.87372444063e-07, 7.50636104385e-07, 3.51714852798e-08, 8.93450025075e-09],
        "mean": [8.04584701086e-08, 1.17889103421e-05, 2.88297815132e-06, 4.55096414953e-06, 3.5663430026e-05, 0.00114359124564, 0.00274294544943, 6.99815500411e-05, 0.000186986813787, 0.000482790434035, 3.76347234123e-05, 6.05659697612e-05, 0.000142126169521, 3.19446116919e-05, 1.85380413313e-05, 1.82848853001e-05, 9.03839861621e-07, 1.41125735809e-06, 7.53638630613e-07, 3.20640310747e-06, 1.99945825443e-05, 8.72509644978e-06, 5.89049363953e-07, 4.64689406954e-08, 1.01414670439e-07, 6.30421048697e-09, 4.38744041098e-10],
        "median": [5.40230757906e-08, 1.1014498341e-05, 1.75451771156e-06, 2.42822193286e-06, 1.62834840012e-05, 0.000125581136672, 0.000218914326979, 1.11051285785e-05, 2.1124500563e-05, 1.43328870763e-05, 2.87875491267e-06, 3.05787511934e-06, 3.41651048075e-06, 8.43212546897e-07, 6.18446279077e-07, 1.93899518308e-06, 1.20889254163e-07, 1.47366336023e-07, 1.09983048446e-07, 7.15792452866e-07, 1.60061654242e-06, 5.24764004695e-07, 3.85257976632e-08, 1.07544479988e-08, 2.45387727915e-08, 2.45093456641e-09, 8.6459381321e-11],
        "min": [6.90347445875e-10, 1.12472831049e-09, 6.13056605481e-10, 4.2999481753e-10, 2.39366282351e-09, 2.8528261975e-09, 2.8632471949e-09, 3.86427778665e-09, 3.73642716767e-09, 1.34776623195e-09, 8.20555845493e-10, 8.11314460059e-10, 3.75300734934e-10, 5.15585629746e-10, 3.59175356124e-10, 2.0459514638e-10, 2.59175764183e-10, 2.02208680355e-10, 1.89175161647e-10, 3.07085828988e-10, 1.42670320002e-10, 1.02439251526e-10, 1.02928582324e-10, 9.93927926074e-11, 1.00391084334e-10, 4.07321294749e-11, 4.44768354091e-13],
        "skew": [2.83066940308, 2.50760221481, 2.14726066589, 3.29890775681, 3.24650764465, 4.04024410248, 1.8302744627, 2.94885349274, 2.11751890182, 2.66417956352, 1.8475061655, 1.60273551941, 2.332467556, 2.92325520515, 2.61837339401, 2.18639540672, 4.3742814064, 2.99338841438, 1.85428881645, 1.87769699097, 2.25233197212, 2.3252248764, 3.47691249847, 1.89972817898, 2.37444233894, 1.7600389719, 5.37260627747],
        "var": [8.9658208768e-15, 1.28637794861e-10, 1.03036303448e-11, 5.96438592959e-11, 3.00217273264e-09, 9.93176581687e-06, 2.39587698161e-05, 2.40464128609e-08, 1.27904812075e-07, 1.10810844944e-06, 3.93621668593e-09, 8.38487590471e-09, 6.7263400183e-08, 4.99029617629e-09, 1.47113832227e-09, 1.35027466985e-09, 4.89481545574e-12, 8.38606788178e-12, 1.48365326101e-12, 2.14202024174e-11, 1.45190837131e-09, 2.61488275477e-10, 1.42351104862e-12, 4.76579064366e-15, 2.38385090205e-14, 7.15263208024e-17, 2.16024420823e-18],
        "cov": [[9.22198735697e-15, 6.24037768075e-13, 7.05110137487e-14, 6.31132678671e-13, 2.05342362038e-12, 6.67610133842e-11, -1.2490984809e-11, 1.88159926008e-12, 3.04430287403e-12, 8.24791970833e-12, 5.15030963569e-14, -4.84570825306e-13, -2.66884019225e-12, 8.56867067535e-14, 2.59572772348e-13, 3.85103868282e-13, -4.04420200535e-15, -3.88187364672e-15, 1.26070384872e-14, 5.89757997416e-15, 3.75876277802e-13, 2.48396951879e-14, -8.79446939382e-16, 1.03672671695e-15, 1.6771422821e-15, 1.37048673551e-16, -1.57145076164e-17], [6.24037768075e-13, 1.32313160428e-10, 2.69986134144e-11, 4.42253768329e-11, 2.61501348353e-10, 1.60225965828e-08, 3.53923113039e-09, 9.76831948662e-11, 2.65984706482e-10, -1.58068735878e-09, -1.30755918246e-11, -9.18486814383e-11, 1.69569913666e-10, 2.00998020311e-11, 1.26380517163e-10, 2.06225328481e-10, 3.66448798389e-12, 1.09907417369e-13, 2.134800366e-12, 1.80530666371e-12, 2.63377705062e-11, -1.40434690786e-12, 1.16418506779e-12, 2.03970724317e-13, 5.62958913427e-13, 5.17046190476e-15, -1.71111613834e-15], [7.05110137487e-14, 2.69986134144e-11, 1.05980198575e-11, 5.64757181992e-12, 5.41253535047e-11, 2.40877717772e-09, 2.32163710479e-09, 4.84186891969e-11, -2.51466295703e-11, -4.37262559494e-10, 9.86893466254e-12, -3.93274128541e-11, 1.42888006982e-10, 1.98402527046e-11, 2.79348679605e-11, 4.81650032358e-11, 9.12755765067e-13, 2.10921926626e-12, 7.44772028338e-13, 9.25079240641e-13, 2.96566352205e-12, 8.40336480956e-12, 1.14587050785e-12, 7.09643254533e-14, 1.3097110744e-13, 6.02065936711e-16, -2.63994970429e-16], [6.31132678671e-13, 4.42253768329e-11, 5.64757181992e-12, 6.1347968372e-11, 2.8480348635e-10, 4.9887645126e-09, -5.92692339652e-09, -7.62324439685e-11, -4.21818163732e-10, -1.64791102986e-09, -1.04802583278e-10, -1.83567827605e-10, -3.90905946501e-10, -6.0324946427e-11, -1.33173489597e-11, -1.38731187996e-11, -1.45797046311e-12, -2.94265653511e-12, -6.35695760354e-13, -4.09423189796e-12, -4.38301651917e-11, -2.32671538286e-11, -1.3327226692e-12, -3.40417188253e-14, 1.40572478313e-14, -1.11088423972e-15, -8.10346997397e-16], [2.05342362038e-12, 2.61501348353e-10, 5.41253535047e-11, 2.8480348635e-10, 3.08794900761e-09, 2.69781814666e-08, -4.94033116638e-08, -6.40167530097e-10, -3.38746319883e-09, -1.30321513581e-08, -7.54578788342e-10, -1.26821120272e-09, -2.94668556222e-09, -3.6672720416e-10, -1.19427259748e-10, -1.58719010157e-10, -1.20820766586e-11, -2.09336506463e-11, -4.76106220421e-12, -4.07916027345e-11, -3.0546240537e-10, -1.6118446855e-10, -8.80979924428e-12, -4.50755887694e-13, -3.02054578181e-13, -7.41077121544e-14, -9.07620705752e-15], [6.67610133842e-11, 1.60225965828e-08, 2.40877717772e-09, 4.9887645126e-09, 2.69781814666e-08, 1.02155299828e-05, 2.06742083719e-06, 1.40733604326e-07, 2.61648978039e-07, -1.69153011598e-07, 4.28875388536e-08, 4.58664644043e-08, 1.52725618818e-07, 1.41549278965e-07, 9.70775744236e-08, 7.60773488651e-08, 2.31950569862e-09, 2.47018672184e-09, 2.09302175591e-09, 4.79474460136e-09, 5.70063889427e-08, 9.64820490168e-09, 6.28648300083e-10, 1.07969584662e-10, 3.92052862397e-10, 6.24107232908e-12, -6.84619123003e-14], [-1.2490984809e-11, 3.53923113039e-09, 2.32163710479e-09, -5.92692339652e-09, -4.94033116638e-08, 2.06742083719e-06, 2.46433064603e-05, 2.34552288703e-07, 1.44935029311e-07, 1.3009499753e-06, 1.74739341219e-07, 2.03585486247e-07, 8.43071063628e-07, 1.74195477598e-07, 5.81001451394e-08, 2.19896207909e-08, 2.63220778507e-09, 8.42026004477e-09, 2.59302224137e-09, 1.83063146864e-08, 1.25375535731e-07, 5.48229763808e-08, 4.19402113039e-09, 1.36964287134e-10, 4.29976720895e-10, 1.43103610559e-11, 1.86813658618e-13], [1.88159926008e-12, 9.76831948662e-11, 4.84186891969e-11, -7.62324439685e-11, -6.40167530097e-10, 1.40733604326e-07, 2.34552288703e-07, 2.47334526193e-08, 3.10198018383e-08, 8.6621341211e-08, 8.16448686436e-09, 6.18335738167e-09, 2.15768025669e-08, 8.9334815101e-09, 3.30882965471e-09, 3.27427729374e-09, 7.75350825211e-11, 3.26508597936e-10, 1.4095132006e-10, 3.75266873132e-10, 3.90748811085e-09, 2.06249528567e-09, 1.33863406471e-10, 9.61646300784e-12, 1.517145784e-11, 9.3469568023e-13, 1.52271400919e-14], [3.04430287403e-12, 2.65984706482e-10, -2.51466295703e-11, -4.21818163732e-10, -3.38746319883e-09, 2.61648978039e-07, 1.44935029311e-07, 3.10198018383e-08, 1.31559247052e-07, 3.28562009599e-07, 1.60077071598e-08, 2.76085110329e-08, 3.69315991122e-08, 1.13120117717e-08, 8.26027335421e-09, 9.55536716418e-09, 4.41942510365e-10, 4.09221379005e-10, 3.10994868746e-10, 5.44316092199e-10, 5.79125902789e-09, 2.74670952649e-09, 1.14666089124e-10, 1.65146733094e-11, 2.50576937671e-11, 2.59888551651e-12, -1.24423244602e-14], [8.24791970833e-12, -1.58068735878e-09, -4.37262559494e-10, -1.64791102986e-09, -1.30321513581e-08, -1.69153011598e-07, 1.3009499753e-06, 8.6621341211e-08, 3.28562009599e-07, 1.13976864213e-06, 4.94820326935e-08, 7.72385888581e-08, 1.22401658587e-07, 2.83094774289e-08, 1.23434436006e-08, 1.40174796215e-08, 7.28840432451e-10, 1.3321916903e-09, 7.17066406253e-10, 1.91983784426e-09, 1.88119422262e-08, 9.96586191349e-09, 3.90309007336e-10, 4.17858074531e-11, 4.1349090818e-11, 6.43945183634e-12, -4.98744146297e-14], [5.15030963569e-14, -1.30755918246e-11, 9.86893466254e-12, -1.04802583278e-10, -7.54578788342e-10, 4.28875388536e-08, 1.74739341219e-07, 8.16448686436e-09, 1.60077071598e-08, 4.94820326935e-08, 4.04867961379e-09, 4.51336168439e-09, 1.3296061141e-08, 3.49750117756e-09, 1.52896617589e-09, 1.3941935384e-09, 7.63888466371e-11, 1.49728771048e-10, 6.38892827531e-11, 2.24975899021e-10, 1.77623071806e-09, 9.46515754663e-10, 5.78506825777e-11, 3.8573124729e-12, 6.67432125193e-12, 4.30985108713e-13, 3.39639840707e-15], [-4.84570825306e-13, -9.18486814383e-11, -3.93274128541e-11, -1.83567827605e-10, -1.26821120272e-09, 4.58664644043e-08, 2.03585486247e-07, 6.18335738167e-09, 2.76085110329e-08, 7.72385888581e-08, 4.51336168439e-09, 8.62444338168e-09, 1.32689672583e-08, 3.13240522409e-09, 1.92610305483e-09, 1.75779502065e-09, 1.23103582883e-10, 1.23547783115e-10, 7.73117958541e-11, 2.20362755821e-10, 1.7883922121e-09, 8.52171555543e-10, 4.33606310579e-11, 3.50858144621e-12, 6.93543876842e-12, 5.96486185098e-13, -4.30734168426e-15], [-2.66884019225e-12, 1.69569913666e-10, 1.42888006982e-10, -3.90905946501e-10, -2.94668556222e-09, 1.52725618818e-07, 8.43071063628e-07, 2.15768025669e-08, 3.69315991122e-08, 1.22401658587e-07, 1.3296061141e-08, 1.32689672583e-08, 6.91852122259e-08, 1.13870486373e-08, 4.49299486505e-09, 4.27413127113e-09, 2.40434228083e-10, 5.62669355553e-10, 1.73236924805e-10, 1.07724351661e-09, 4.71757877207e-09, 3.19601234366e-09, 2.14404285992e-10, 1.20958200053e-11, 2.67571260287e-11, 1.33230644399e-12, 1.63183014871e-14], [8.56867067535e-14, 2.00998020311e-11, 1.98402527046e-11, -6.0324946427e-11, -3.6672720416e-10, 1.41549278965e-07, 1.74195477598e-07, 8.9334815101e-09, 1.13120117717e-08, 2.83094774289e-08, 3.49750117756e-09, 3.13240522409e-09, 1.13870486373e-08, 5.13287590209e-09, 2.2609998318e-09, 1.52605650339e-09, 6.60263996255e-11, 1.80596287924e-10, 7.54536086389e-11, 2.23383825326e-10, 2.17214890519e-09, 9.77367631272e-10, 6.68861216413e-11, 4.09537464705e-12, 9.77246148587e-12, 3.45178448541e-13, 7.49498119818e-15], [2.59572772348e-13, 1.26380517163e-10, 2.79348679605e-11, -1.33173489597e-11, -1.19427259748e-10, 9.70775744236e-08, 5.81001451394e-08, 3.30882965471e-09, 8.26027335421e-09, 1.23434436006e-08, 1.52896617589e-09, 1.92610305483e-09, 4.49299486505e-09, 2.2609998318e-09, 1.5131709219e-09, 1.21188836744e-09, 6.57702434181e-11, 7.41791419956e-11, 4.35479499683e-11, 9.08121564058e-11, 9.31598576059e-10, 3.65774688316e-10, 2.49894844401e-11, 2.04018312661e-12, 5.40042750102e-12, 1.91231538525e-13, 1.76097990915e-15], [3.85103868282e-13, 2.06225328481e-10, 4.81650032358e-11, -1.38731187996e-11, -1.58719010157e-10, 7.60773488651e-08, 2.19896207909e-08, 3.27427729374e-09, 9.55536716418e-09, 1.40174796215e-08, 1.3941935384e-09, 1.75779502065e-09, 4.27413127113e-09, 1.52605650339e-09, 1.21188836744e-09, 1.38885392076e-09, 5.21771341411e-11, 4.80118722557e-11, 3.43067865782e-11, 6.40344582914e-11, 6.32636165676e-10, 2.65819727341e-10, 1.78254286332e-11, 2.06280955858e-12, 4.33147007844e-12, 2.1533576517e-13, 1.25650508522e-15], [-4.04420200535e-15, 3.66448798389e-12, 9.12755765067e-13, -1.45797046311e-12, -1.20820766586e-11, 2.31950569862e-09, 2.63220778507e-09, 7.75350825211e-11, 4.41942510365e-10, 7.28840432451e-10, 7.63888466371e-11, 1.23103582883e-10, 2.40434228083e-10, 6.60263996255e-11, 6.57702434181e-11, 5.21771341411e-11, 5.03466756133e-12, 3.19912737794e-12, 2.05582469451e-12, 4.22635103997e-12, 2.51153264852e-11, 1.49183634196e-11, 9.63151325188e-13, 7.43528434893e-14, 1.89695495098e-13, 9.67736328084e-15, -1.10067696331e-17], [-3.88187364672e-15, 1.09907417369e-13, 2.10921926626e-12, -2.94265653511e-12, -2.09336506463e-11, 2.47018672184e-09, 8.42026004477e-09, 3.26508597936e-10, 4.09221379005e-10, 1.3321916903e-09, 1.49728771048e-10, 1.23547783115e-10, 5.62669355553e-10, 1.80596287924e-10, 7.41791419956e-11, 4.80118722557e-11, 3.19912737794e-12, 8.62566962301e-12, 2.88291699541e-12, 9.49096790742e-12, 7.50752168766e-11, 4.52829579389e-11, 3.27837691889e-12, 1.57257006353e-13, 3.22490217039e-13, 1.3351045123e-14, 4.10021941758e-16], [1.26070384872e-14, 2.134800366e-12, 7.44772028338e-13, -6.35695760354e-13, -4.76106220421e-12, 2.09302175591e-09, 2.59302224137e-09, 1.4095132006e-10, 3.10994868746e-10, 7.17066406253e-10, 6.38892827531e-11, 7.73117958541e-11, 1.73236924805e-10, 7.54536086389e-11, 4.35479499683e-11, 3.43067865782e-11, 2.05582469451e-12, 2.88291699541e-12, 1.52604339755e-12, 3.3324684158e-12, 3.24626714399e-11, 1.5737399231e-11, 1.02742380576e-12, 7.28941917678e-14, 1.58394971401e-13, 7.74377086841e-15, 5.28368134451e-17], [5.89757997416e-15, 1.80530666371e-12, 9.25079240641e-13, -4.09423189796e-12, -4.07916027345e-11, 4.79474460136e-09, 1.83063146864e-08, 3.75266873132e-10, 5.44316092199e-10, 1.91983784426e-09, 2.24975899021e-10, 2.20362755821e-10, 1.07724351661e-09, 2.23383825326e-10, 9.08121564058e-11, 6.40344582914e-11, 4.22635103997e-12, 9.49096790742e-12, 3.3324684158e-12, 2.20322076555e-11, 1.26496146891e-10, 5.73297798123e-11, 3.81656988999e-12, 2.13456503992e-13, 5.5274448213e-13, 2.39648151855e-14, -4.05618683995e-18], [3.75876277802e-13, 2.63377705062e-11, 2.96566352205e-12, -4.38301651917e-11, -3.0546240537e-10, 5.70063889427e-08, 1.25375535731e-07, 3.90748811085e-09, 5.79125902789e-09, 1.88119422262e-08, 1.77623071806e-09, 1.7883922121e-09, 4.71757877207e-09, 2.17214890519e-09, 9.31598576059e-10, 6.32636165676e-10, 2.51153264852e-11, 7.50752168766e-11, 3.24626714399e-11, 1.26496146891e-10, 1.49339152156e-09, 5.02273278524e-10, 3.29166416346e-11, 1.90166068656e-12, 4.27134889958e-12, 1.64293058325e-13, 1.78086453699e-15], [2.48396951879e-14, -1.40434690786e-12, 8.40336480956e-12, -2.32671538286e-11, -1.6118446855e-10, 9.64820490168e-09, 5.48229763808e-08, 2.06249528567e-09, 2.74670952649e-09, 9.96586191349e-09, 9.46515754663e-10, 8.52171555543e-10, 3.19601234366e-09, 9.77367631272e-10, 3.65774688316e-10, 2.65819727341e-10, 1.49183634196e-11, 4.52829579389e-11, 1.5737399231e-11, 5.73297798123e-11, 5.02273278524e-10, 2.68959382543e-10, 1.85563335531e-11, 9.46456888556e-13, 1.72105385499e-12, 8.63378650257e-14, 1.87301049846e-15], [-8.79446939382e-16, 1.16418506779e-12, 1.14587050785e-12, -1.3327226692e-12, -8.80979924428e-12, 6.28648300083e-10, 4.19402113039e-09, 1.33863406471e-10, 1.14666089124e-10, 3.90309007336e-10, 5.78506825777e-11, 4.33606310579e-11, 2.14404285992e-10, 6.68861216413e-11, 2.49894844401e-11, 1.78254286332e-11, 9.63151325188e-13, 3.27837691889e-12, 1.02742380576e-12, 3.81656988999e-12, 3.29166416346e-11, 1.85563335531e-11, 1.46418283314e-12, 6.17993408726e-14, 1.24461313651e-13, 5.05290728421e-15, 1.98676104111e-16], [1.03672671695e-15, 2.03970724317e-13, 7.09643254533e-14, -3.40417188253e-14, -4.50755887694e-13, 1.07969584662e-10, 1.36964287134e-10, 9.61646300784e-12, 1.65146733094e-11, 4.17858074531e-11, 3.8573124729e-12, 3.50858144621e-12, 1.20958200053e-11, 4.09537464705e-12, 2.04018312661e-12, 2.06280955858e-12, 7.43528434893e-14, 1.57257006353e-13, 7.28941917678e-14, 2.13456503992e-13, 1.90166068656e-12, 9.46456888556e-13, 6.17993408726e-14, 4.90195584861e-15, 8.8584636859e-15, 4.64233294462e-16, 5.00333180238e-18], [1.6771422821e-15, 5.62958913427e-13, 1.3097110744e-13, 1.40572478313e-14, -3.02054578181e-13, 3.92052862397e-10, 4.29976720895e-10, 1.517145784e-11, 2.50576937671e-11, 4.1349090818e-11, 6.67432125193e-12, 6.93543876842e-12, 2.67571260287e-11, 9.77246148587e-12, 5.40042750102e-12, 4.33147007844e-12, 1.89695495098e-13, 3.22490217039e-13, 1.58394971401e-13, 5.5274448213e-13, 4.27134889958e-12, 1.72105385499e-12, 1.24461313651e-13, 8.8584636859e-15, 2.45196099075e-14, 8.33586299217e-16, 7.461511578e-18], [1.37048673551e-16, 5.17046190476e-15, 6.02065936711e-16, -1.11088423972e-15, -7.41077121544e-14, 6.24107232908e-12, 1.43103610559e-11, 9.3469568023e-13, 2.59888551651e-12, 6.43945183634e-12, 4.30985108713e-13, 5.96486185098e-13, 1.33230644399e-12, 3.45178448541e-13, 1.91231538525e-13, 2.1533576517e-13, 9.67736328084e-15, 1.3351045123e-14, 7.74377086841e-15, 2.39648151855e-14, 1.64293058325e-13, 8.63378650257e-14, 5.05290728421e-15, 4.64233294462e-16, 8.33586299217e-16, 7.35699267539e-17, 1.83488139968e-18], [-1.57145076164e-17, -1.71111613834e-15, -2.63994970429e-16, -8.10346997397e-16, -9.07620705752e-15, -6.84619123003e-14, 1.86813658618e-13, 1.52271400919e-14, -1.24423244602e-14, -4.98744146297e-14, 3.39639840707e-15, -4.30734168426e-15, 1.63183014871e-14, 7.49498119818e-15, 1.76097990915e-15, 1.25650508522e-15, -1.10067696331e-17, 4.10021941758e-16, 5.28368134451e-17, -4.05618683995e-18, 1.78086453699e-15, 1.87301049846e-15, 1.98676104111e-16, 5.00333180238e-18, 7.461511578e-18, 1.83488139968e-18, 2.2219655304e-18]]
    },
    "mfcc": {
        "kurt": [-0.495615005493, 18.2004432678, -1.21296226978, 0.577281951904, -0.830382585526, -1.19271957874, -0.810776948929, -0.372321844101, 0.0420906543732, 0.0930490493774, -0.60452747345, 0.0118086338043, -1.04733002186],
        "max": [-723.852539062, 196.79548645, 58.0924415588, 48.4273986816, -6.103515625e-05, 28.9843902588, 3.06393814087, -5.34057617188e-05, 23.597114563, 14.9794559479, 25.1247901917, 26.3207416534, 25.4608306885],
        "mean": [-882.096191406, 154.540527344, 6.76781892776, -2.26168560982, -40.914932251, 4.85022497177, -15.4714355469, -26.2191123962, 4.6854763031, -7.18926000595, -3.52808380127, 5.57758998871, 10.2554140091],
        "median": [-881.633789062, 158.933853149, 18.2540149689, -2.7601890564, -27.9794750214, 4.71809005737, -14.3614006042, -24.9567337036, 2.88761901855, -8.37427139282, -7.08764839172, 5.03352165222, 9.46475601196],
        "min": [-1138.42004395, 1.14440917969e-05, -55.5217323303, -35.8912239075, -99.4594802856, -18.4869232178, -42.2353744507, -52.7304000854, -7.96859741211, -22.3579826355, -26.7920513153, -9.54991912842, -5.36220550537],
        "skew": [-0.129197970033, -3.89361262321, -0.399244576693, 0.652185201645, -0.662818849087, 0.0538339950144, -0.364798694849, -0.138117939234, 0.749319374561, 0.579536914825, 0.536159873009, 0.469915241003, 0.0459173582494],
        "var": [9447.42480469, 868.961669922, 1215.69970703, 389.06463623, 841.547119141, 206.101119995, 158.210540771, 165.539611816, 56.5122756958, 62.895401001, 166.72517395, 73.454788208, 73.7037658691],
        "cov": [[9717.35058594, 1301.10375977, -2922.09277344, -728.256896973, -2407.5612793, 1025.16687012, -1012.71173096, -815.786132812, 346.121063232, -296.942199707, 840.837585449, 164.118850708, 397.266265869], [1301.10375977, 893.789123535, 41.0438041687, -44.5580940247, -174.918380737, 21.9649200439, -89.3964004517, -195.349777222, 31.55834198, -52.3496818542, -59.3203544617, 7.39759540558, 36.7368850708], [-2922.09277344, 41.0438041687, 1250.43408203, 396.313171387, 874.162841797, -395.25213623, 314.006011963, 171.520217896, -140.644302368, 77.8745574951, -344.404937744, -49.7589874268, -127.47555542], [-728.256896973, -44.5580940247, 396.313171387, 400.180786133, 355.490325928, -130.081008911, 47.2609176636, -18.4111270905, -42.6170806885, 14.6448726654, -99.5599517822, -42.768245697, -63.5338935852], [-2407.5612793, -174.918380737, 874.162841797, 355.490325928, 865.591369629, -273.617950439, 224.582397461, 155.064437866, -91.5591964722, 68.0612411499, -282.636932373, -103.012413025, -139.551681519], [1025.16687012, 21.9649200439, -395.25213623, -130.081008911, -273.617950439, 211.989715576, -82.018913269, -78.603729248, 48.3633613586, -51.6182937622, 111.957122803, 41.5135002136, 47.8847808838], [-1012.71173096, -89.3964004517, 314.006011963, 47.2609176636, 224.582397461, -82.018913269, 162.73085022, 106.056480408, -32.5372467041, 25.0943756104, -98.1305465698, 6.84018135071, -35.8710327148], [-815.786132812, -195.349777222, 171.520217896, -18.4111270905, 155.064437866, -78.603729248, 106.056480408, 170.269302368, -15.3531980515, 43.4908027649, -44.3059692383, -23.8107032776, -28.807598114], [346.121063232, 31.55834198, -140.644302368, -42.6170806885, -91.5591964722, 48.3633613586, -32.5372467041, -15.3531980515, 58.1269111633, 16.4485626221, 17.0215873718, -8.05799388885, 3.3117442131], [-296.942199707, -52.3496818542, 77.8745574951, 14.6448726654, 68.0612411499, -51.6182937622, 25.0943756104, 43.4908027649, 16.4485626221, 64.6924133301, -11.9997148514, -12.4369573593, -11.5278549194], [840.837585449, -59.3203544617, -344.404937744, -99.5599517822, -282.636932373, 111.957122803, -98.1305465698, -44.3059692383, 17.0215873718, -11.9997148514, 171.488754272, 59.817199707, 64.5191040039], [164.118850708, 7.39759540558, -49.7589874268, -42.768245697, -103.012413025, 41.5135002136, 6.84018135071, -23.8107032776, -8.05799388885, -12.4369573593, 59.817199707, 75.5534973145, 45.7645797729], [397.266265869, 36.7368850708, -127.47555542, -63.5338935852, -139.551681519, 47.8847808838, -35.8710327148, -28.807598114, 3.3117442131, -11.5278549194, 64.5191040039, 45.7645797729, 75.8095932007]]
    },
    "sccoeffs": {
        "kurt": [1.67323493958, -0.651532173157, 0.627091407776, 0.217944860458, 0.0169146060944, 0.178962469101],
        "max": [-0.623705804348, -0.375271081924, -0.569078922272, -0.602509140968, -0.769464373589, -0.621078372002],
        "mean": [-0.766486108303, -0.666226089001, -0.785831689835, -0.802745044231, -0.853748559952, -0.766560614109],
        "median": [-0.760283350945, -0.649724960327, -0.802792549133, -0.817266345024, -0.859361469746, -0.789588928223],
        "min": [-0.969134151936, -0.971493005753, -0.941885352135, -0.951921582222, -0.947030723095, -0.96862834692],
        "skew": [-0.510446667671, -0.0382603630424, 0.655544579029, 0.59366029501, 0.128968805075, -0.154152363539],
        "var": [0.00407417444512, 0.0190932750702, 0.00624026916921, 0.00549098756164, 0.00132533616852, 0.00561590306461],
        "cov": [[0.0041905795224, 0.00205540866591, 0.000380812911317, 0.000411095737945, 0.000381333433324, 0.000559157284442], [0.00205540866591, 0.0196387972683, 0.00667176581919, 0.00857355538756, 0.0034557543695, 0.00821693427861], [0.000380812911317, 0.00667176581919, 0.00641856249422, 0.004147504922, 0.00187287479639, 0.00396065972745], [0.000411095737945, 0.00857355538756, 0.004147504922, 0.00564787304029, 0.00214207055978, 0.00451134797186], [0.000381333433324, 0.0034557543695, 0.00187287479639, 0.00214207055978, 0.0013632029295, 0.0020318464376], [0.000559157284442, 0.00821693427861, 0.00396065972745, 0.00451134797186, 0.0020318464376, 0.00577635737136]]
    },
    "scvalleys": {
        "kurt": [7.58696651459, 3.06696510315, 0.705509901047, 0.0818619728088, 0.885439157486, -0.954811811447],
        "max": [-6.81828308105, -5.19435977936, -5.5438990593, -6.56426239014, -8.08987522125, -10.2704811096],
        "mean": [-7.98203086853, -7.01382875443, -7.72316551208, -8.72381782532, -10.0429954529, -11.8200559616],
        "median": [-7.94145154953, -7.18761730194, -7.90958881378, -9.05842590332, -10.1014251709, -11.7565593719],
        "min": [-11.044303894, -10.7754011154, -11.5251197815, -12.4717254639, -13.1488904953, -13.8192167282],
        "skew": [-2.02487063408, -1.02276325226, -0.455955147743, -0.212213590741, -0.366864353418, -0.122047163546],
        "var": [0.496208310127, 1.04177701473, 1.47764027119, 1.67738747597, 0.994255304337, 0.853746771812],
        "cov": [[0.51038569212, 0.400308459997, 0.324864208698, 0.409443706274, 0.367158025503, 0.271923005581], [0.400308459997, 1.07154202461, 1.01517820358, 1.16825294495, 0.897991299629, 0.739188373089], [0.324864208698, 1.01517820358, 1.51985859871, 1.53038752079, 1.10113596916, 0.951046645641], [0.409443706274, 1.16825294495, 1.53038752079, 1.72531282902, 1.22662913799, 1.11722278595], [0.367158025503, 0.897991299629, 1.10113596916, 1.22662913799, 1.02266252041, 0.871846139431], [0.271923005581, 0.739188373089, 0.951046645641, 1.11722278595, 0.871846139431, 0.878139555454]]
    }
},
"rhythm": {
    "bpm": 0,
    "confidence": 0,
    "first_peak_bpm": {
        "kurt": 0,
        "max": 0,
        "mean": 0,
        "median": 0,
        "min": 0,
        "skew": 0,
        "var": 0
    },
    "first_peak_spread": {
        "kurt": 0,
        "max": 0,
        "mean": 0,
        "median": 0,
        "min": 0,
        "skew": 0,
        "var": 0
    },
    "first_peak_weight": {
        "kurt": 0,
        "max": 0,
        "mean": 0,
        "median": 0,
        "min": 0,
        "skew": 0,
        "var": 0
    },
    "onset_rate": 3.77417683601,
    "second_peak_bpm": {
        "kurt": 0,
        "max": 0,
        "mean": 0,
        "median": 0,
        "min": 0,
        "skew": 0,
        "var": 0
    },
    "second_peak_spread": {
        "kurt": 0,
        "max": 0,
        "mean": 0,
        "median": 0,
        "min": 0,
        "skew": 0,
        "var": 0
    },
    "second_peak_weight": {
        "kurt": 0,
        "max": 0,
        "mean": 0,
        "median": 0,
        "min": 0,
        "skew": 0,
        "var": 0
    },
    "beats_position": [],
    "bpm_estimates": [],
    "bpm_intervals": [],
    "onset_times": [0.0116099771112, 0.31346938014, 0.557278931141],
    "histogram": [[0, 0, 0, 0, 0, 0, 0, 0, 0, 0, 0, 0, 0, 0, 0, 0, 0, 0, 0, 0, 0, 0, 0, 0, 0, 0, 0, 0, 0, 0, 0, 0, 0, 0, 0, 0, 0, 0, 0, 0, 0, 0, 0, 0, 0, 0, 0, 0, 0, 0, 0, 0, 0, 0, 0, 0, 0, 0, 0, 0, 0, 0, 0, 0, 0, 0, 0, 0, 0, 0, 0, 0, 0, 0, 0, 0, 0, 0, 0, 0, 0, 0, 0, 0, 0, 0, 0, 0, 0, 0, 0, 0, 0, 0, 0, 0, 0, 0, 0, 0, 0, 0, 0, 0, 0, 0, 0, 0, 0, 0, 0, 0, 0, 0, 0, 0, 0, 0, 0, 0, 0, 0, 0, 0, 0, 0, 0, 0, 0, 0, 0, 0, 0, 0, 0, 0, 0, 0, 0, 0, 0, 0, 0, 0, 0, 0, 0, 0, 0, 0, 0, 0, 0, 0, 0, 0, 0, 0, 0, 0, 0, 0, 0, 0, 0, 0, 0, 0, 0, 0, 0, 0, 0, 0, 0, 0, 0, 0, 0, 0, 0, 0, 0, 0, 0, 0, 0, 0, 0, 0, 0, 0, 0, 0, 0, 0, 0, 0, 0, 0, 0, 0, 0, 0, 0, 0, 0, 0, 0, 0, 0, 0, 0, 0, 0, 0, 0, 0, 0, 0, 0, 0, 0, 0, 0, 0, 0, 0, 0, 0, 0, 0, 0, 0, 0, 0, 0, 0, 0, 0, 0, 0, 0, 0, 0, 0, 0, 0, 0, 0]]
},
"sfx": {
    "inharmonicity": {
        "kurt": 6.14600944519,
        "max": 0.223946869373,
        "mean": 0.0297229364514,
        "median": 0.00858116708696,
        "min": 0.000194801410544,
        "skew": 2.48511505127,
        "var": 0.00226626638323
    },
    "oddtoevenharmonicenergyratio": {
        "kurt": 8.19072437286,
        "max": 4.86402130127,
        "mean": 0.536339998245,
        "median": 0.0543327704072,
        "min": 0.00282860617153,
        "skew": 2.84246635437,
        "var": 1.04118454456
    },
    "pitch_after_max_to_before_max_energy_ratio": 0.0721855908632,
    "pitch_centroid": 16.968164444,
    "pitch_max_to_total": 0.944444417953,
    "pitch_min_to_total": 0.361111104488,
    "tristimulus": {
        "kurt": [0.10435628891, -0.364399909973, 4.89842605591],
        "max": [0.823512732983, 0.719465136528, 0.530806362629],
        "mean": [0.5576851964, 0.3178563416, 0.124458394945],
        "median": [0.648772418499, 0.250525683165, 0.0930363237858],
        "min": [0, 0.0837708860636, 0.0267827566713],
        "skew": [-0.985874593258, 0.69884544611, 2.15001821518],
        "var": [0.0513861626387, 0.027980549261, 0.0106709720567],
        "cov": [[0.0528543405235, -0.0353292413056, -0.0175251029432], [-0.0353292413056, 0.0287799928337, 0.00654924707487], [-0.0175251029432, 0.00654924707487, 0.0109758572653]]
    }
},
"tonal": {
    "chords_changes_rate": 0,
    "chords_number_rate": 0.0526315793395,
    "chords_strength": {
        "kurt": 0,
        "max": 0.411787986755,
        "mean": 0.411787986755,
        "median": 0.411787986755,
        "min": 0.411787986755,
        "skew": 0,
        "var": 0
    },
    "key_strength": 0.382412105799,
    "tuning_diatonic_strength": 0.393524259329,
    "tuning_equal_tempered_deviation": 0.221399262547,
    "tuning_frequency": 447.432556152,
    "tuning_nontempered_energy_ratio": 0.853672921658,
    "hpcp": {
        "kurt": [-0.519012212753, 0.200272321701, 10.608338356, 1.94171285629, 3.89332866669, 4.90772438049, 0.237276554108, 10.1722097397, 6.60316562653, 7.79210758209, 6.95977592468, 13.4759674072, 2.69426345825, 4.78168153763, 4.10103225708, 3.83454418182, 3.033618927, 3.9169588089, 5.19168663025, 4.35176801682, 2.44001722336, 0.107148885727, 5.82754421234, 2.61556100845, 4.18813037872, -0.869546175003, -0.400182008743, 0.49708199501, -0.00981521606445, -0.68604683876, 0.693382740021, -0.523968696594, 0.854271888733, -0.566683769226, 0.293147087097, -0.137453794479],
        "max": [1, 1, 0.754458606243, 0.140972033143, 0.388663500547, 0.507752895355, 0.184663102031, 0.579180240631, 1, 1, 0.81542134285, 1, 0.271357536316, 0.570390343666, 0.642552375793, 0.404874026775, 0.334635257721, 0.614506185055, 0.908253133297, 0.873136401176, 0.99766176939, 1, 1, 0.773389279842, 1, 0.482466608286, 0.71903693676, 0.956614673138, 0.58920186758, 0.533977746964, 1, 1, 0.99078720808, 1, 1, 0.794439733028],
        "mean": [0.327679812908, 0.241358578205, 0.0793025121093, 0.0327258892357, 0.0597644113004, 0.0697899609804, 0.0440394841135, 0.0646034702659, 0.115334458649, 0.116493441164, 0.101983845234, 0.0806352198124, 0.0541509278119, 0.0881763771176, 0.0977019295096, 0.0693031102419, 0.0720602348447, 0.108693741262, 0.126733899117, 0.131839796901, 0.199712797999, 0.243040055037, 0.162186056376, 0.125647440553, 0.148400172591, 0.153161749244, 0.210981324315, 0.216030925512, 0.151090204716, 0.159168362617, 0.285394340754, 0.319160282612, 0.259557038546, 0.284476786852, 0.271852076054, 0.26362028718],
        "median": [0.139720827341, 0.0998119786382, 0.0125295771286, 0.0177843365818, 0.0141867576167, 0.01025021635, 0.00755518348888, 0.0150934709236, 0.0235579553992, 0.0371594130993, 0.0339807905257, 0.0196311306208, 0.0263030100614, 0.0253416933119, 0.024581193924, 0.021229442209, 0.0499787852168, 0.0576673187315, 0.0377091653645, 0.0353779606521, 0.0788798332214, 0.059477198869, 0.0937934443355, 0.0211777836084, 0.0373006425798, 0.0841138288379, 0.172154247761, 0.0572748333216, 0.0269577559084, 0.0621796771884, 0.218691512942, 0.168608486652, 0.179622381926, 0.0710608363152, 0.115876510739, 0.253823250532],
        "min": [0, 0, 0, 0, 0, 0, 0, 0, 0, 0, 0, 0, 0, 0, 0, 0, 0, 0, 0, 0, 0, 0, 0, 0, 0, 0, 0, 0, 0, 0, 0, 0, 0, 0, 0, 0],
        "skew": [0.942172110081, 1.20966339111, 3.36681461334, 1.43235206604, 2.19625735283, 2.37763261795, 1.30000758171, 3.27521204948, 2.78626871109, 2.93835711479, 2.78789162636, 3.89410734177, 1.89345681667, 2.30208230019, 2.222260952, 2.31120491028, 1.69556629658, 2.22953867912, 2.54321265221, 2.23256349564, 1.69929170609, 1.22712731361, 2.44375014305, 1.93909084797, 2.43675899506, 0.726185023785, 0.983612835407, 1.41935050488, 1.23641860485, 0.923506915569, 1.22888970375, 0.986267030239, 1.23680722713, 1.01692020893, 1.33919227123, 0.742939472198],
        "var": [0.121388949454, 0.0931939631701, 0.0283943638206, 0.00126357225236, 0.0100556584075, 0.0161699689925, 0.00369166652672, 0.0167664475739, 0.0603361614048, 0.0554212518036, 0.0378516763449, 0.04778213799, 0.00500289304182, 0.0195838455111, 0.0272248797119, 0.0134466951713, 0.00662575755268, 0.0254426151514, 0.0530697666109, 0.0478247106075, 0.0656710192561, 0.0983354449272, 0.0551373325288, 0.0446615926921, 0.0879170075059, 0.025541331619, 0.0565054230392, 0.0896915793419, 0.0415013469756, 0.0310750193894, 0.0901962593198, 0.120938278735, 0.0700463280082, 0.12505865097, 0.117775842547, 0.051157310605],
