{
"metadata": {
    "version": {
        "essentia": "2.1-beta3"
    }
},
"lowLevel": {
    "average_loudness": 0.0955789461732,
    "barkbands_kurtosis": {
        "kurt": 46.6701011658,
        "max": 46.0297241211,
        "mean": 0.624293029308,
        "median": -0.629200816154,
        "min": -1.71566855907,
        "skew": 5.86094141006,
        "var": 17.6075401306
    },
    "barkbands_skewness": {
        "kurt": 3.0466632843,
        "max": 6.15570306778,
        "mean": 0.108147501945,
        "median": -0.232019156218,
        "min": -2.14391374588,
        "skew": 1.4286481142,
        "var": 1.2563303709
    },
    "barkbands_spread": {
        "kurt": -0.729482412338,
        "max": 39.8185386658,
        "mean": 22.6274108887,
        "median": 24.976398468,
        "min": 1.01502454281,
        "skew": -0.594272732735,
        "var": 94.4204559326
    },
    "dissonance": {
        "kurt": 22.9891910553,
        "max": 0.499999970198,
        "mean": 0.479110181332,
        "median": 0.488035202026,
        "min": 0.174613013864,
        "skew": -3.68032550812,
        "var": 0.000725544290617
    },
    "hfc": {
        "kurt": 61.3070907593,
        "max": 1.93524587154,
        "mean": 0.0473378822207,
        "median": 0.00871340557933,
        "min": 1.06009758838e-06,
        "skew": 6.77058410645,
        "var": 0.0228138417006
    },
    "pitch": {
        "kurt": -1.26828718185,
        "max": 4268.99365234,
        "mean": 1355.09204102,
        "median": 424.23059082,
        "min": 70.5456924438,
        "skew": 0.80178976059,
        "var": 2184865.75
    },
    "pitch_instantaneous_confidence": {
        "kurt": 1.27810525894,
        "max": 0.936716973782,
        "mean": 0.318459033966,
        "median": 0.254204243422,
        "min": 0.123741269112,
        "skew": 1.43852043152,
        "var": 0.030196044594
    },
    "pitch_salience": {
        "kurt": 3.53288507462,
        "max": 0.911520063877,
        "mean": 0.715077757835,
        "median": 0.757574081421,
        "min": 0.153674647212,
        "skew": -1.85617244244,
        "var": 0.0127834044397
    },
    "silence_rate_20dB": {
        "kurt": 0,
        "max": 1,
        "mean": 1,
        "median": 1,
        "min": 1,
        "skew": 0,
        "var": 0
    },
    "silence_rate_30dB": {
        "kurt": 0,
        "max": 1,
        "mean": 1,
        "median": 1,
        "min": 1,
        "skew": 0,
        "var": 0
    },
    "silence_rate_60dB": {
        "kurt": 0,
        "max": 1,
        "mean": 1,
        "median": 1,
        "min": 1,
        "skew": 0,
        "var": 0
    },
    "spectral_centroid": {
        "kurt": -1.14644634724,
        "max": 3055.26635742,
        "mean": 1815.53393555,
        "median": 1983.43334961,
        "min": 400.744873047,
        "skew": -0.396866470575,
        "var": 478593.875
    },
    "spectral_complexity": {
        "kurt": 27.7380771637,
        "max": 7,
        "mean": 0.189999997616,
        "median": 0,
        "min": 0,
        "skew": 4.91915559769,
        "var": 0.53788626194
    },
    "spectral_crest": {
        "kurt": 2.54524040222,
        "max": 24.1469135284,
        "mean": 6.79705953598,
        "median": 4.93517303467,
        "min": 2.42941808701,
        "skew": 1.75116693974,
        "var": 19.4279899597
    },
    "spectral_decrease": {
        "kurt": 42.1980171204,
        "max": -9.93073140238e-17,
        "mean": -1.4994776254e-11,
        "median": -8.45206500275e-13,
        "min": -5.78488867919e-10,
        "skew": -5.79731035233,
        "var": 2.6852601051e-21
    },
    "spectral_energy": {
        "kurt": 42.6488723755,
        "max": 0.00235591735691,
        "mean": 6.08874361205e-05,
        "median": 3.97612984671e-06,
        "min": 4.7096304634e-10,
        "skew": 5.8205165863,
        "var": 4.36028528839e-08
    },
    "spectral_energyband_high": {
        "kurt": 53.1384239197,
        "max": 4.93122115586e-06,
        "mean": 4.49045245432e-07,
        "median": 3.86589078971e-07,
        "min": 4.27965926586e-11,
        "skew": 5.25279426575,
        "var": 1.12630601189e-13
    },
    "spectral_energyband_low": {
        "kurt": 479.239196777,
        "max": 3.25248925037e-06,
        "mean": 4.39101732752e-08,
        "median": 2.59781138823e-08,
        "min": 1.07067722743e-11,
        "skew": 19.8112411499,
        "var": 1.51303022032e-14
    },
    "spectral_energyband_middle_high": {
        "kurt": 119.433654785,
        "max": 0.00171067728661,
        "mean": 2.28083354159e-05,
        "median": 2.45041110247e-06,
        "min": 3.74890785082e-10,
        "skew": 9.56093406677,
        "var": 1.00058361596e-08
    },
    "spectral_energyband_middle_low": {
        "kurt": 54.4044685364,
        "max": 0.00199561286718,
        "mean": 3.96988798457e-05,
        "median": 9.95151594907e-07,
        "min": 4.60448276729e-11,
        "skew": 6.41907930374,
        "var": 2.18527294038e-08
    },
    "spectral_flatness_db": {
        "kurt": 2.49871587753,
        "max": 0.417965263128,
        "mean": 0.148626446724,
        "median": 0.121033161879,
        "min": 0.0523973479867,
        "skew": 1.84016859531,
        "var": 0.00394988711923
    },
    "spectral_flux": {
        "kurt": 12.1025629044,
        "max": 0.0305082947016,
        "mean": 0.00291325547732,
        "median": 0.00130991230253,
        "min": 0.000144506659126,
        "skew": 3.34599351883,
        "var": 1.86619145097e-05
    },
    "spectral_kurtosis": {
        "kurt": 9.98725128174,
        "max": 41.7401008606,
        "mean": 5.87797021866,
        "median": 3.63893175125,
        "min": 1.56812477112,
        "skew": 3.06492304802,
        "var": 37.4078369141
    },
    "spectral_rms": {
        "kurt": 12.188041687,
        "max": 0.00151606590953,
        "mean": 0.000136971313623,
        "median": 6.22828374617e-05,
        "min": 6.77846685448e-07,
        "skew": 3.34549665451,
        "var": 4.06411473364e-08
    },
    "spectral_rolloff": {
        "kurt": -0.57657456398,
        "max": 4888.03710938,
        "mean": 3065.48999023,
        "median": 3617.578125,
        "min": 387.59765625,
        "skew": -0.972945511341,
        "var": 1393553.5
    },
    "spectral_skewness": {
        "kurt": 3.99546337128,
        "max": 4.96050071716,
        "mean": 1.85883700848,
        "median": 1.58428788185,
        "min": 0.964024960995,
        "skew": 2.09074926376,
        "var": 0.503744125366
    },
    "spectral_spread": {
        "kurt": 17.0324077606,
        "max": 20748624,
        "mean": 5396144,
        "median": 5773349,
        "min": 1488394,
        "skew": 0.306250482798,
        "var": 1.83851627315e+12
    },
    "spectral_strongpeak": {
        "kurt": 36.6984634399,
        "max": 1.11422502995,
        "mean": 0.0466935038567,
        "median": 0.0158587880433,
        "min": 2.15151321754e-05,
        "skew": 5.17601013184,
        "var": 0.00932943727821
    },
    "zerocrossingrate": {
        "kurt": -0.81118273735,
        "max": 0.158203125,
        "mean": 0.09888818115,
        "median": 0.111328125,
        "min": 0.009765625,
        "skew": -0.702443599701,
        "var": 0.00121433800086
    },
    "barkbands": {
        "kurt": [402.829498291, 402.516082764, 411.968322754, 206.466842651, 167.272705078, 282.680755615, 76.6699295044, 124.795257568, 50.8367424011, 138.431106567, 71.5224227905, 91.1546554565, 83.6644592285, 218.343017578, 167.407058716, 180.684906006, 403.543579102, 13.9505405426, 29.1687011719, 26.620174408, 116.713439941, 434.297058105, 40.4651985168, 34.35414505, 5.13077449799, 6.81110095978, 256.483856201],
        "max": [2.34757657758e-09, 4.45366737267e-07, 1.34031040488e-06, 2.8606059459e-06, 2.2363890821e-05, 0.00174138951115, 0.000983364647254, 0.000287618750008, 0.000189456055523, 0.00132425653283, 4.06614781241e-05, 2.38687207457e-05, 0.000129506239318, 0.000487990066176, 5.68135874346e-05, 2.00534723263e-05, 1.13637752293e-05, 2.31316630561e-06, 4.27608665632e-06, 3.16723412652e-06, 3.12873407893e-06, 1.72522845787e-06, 1.44276896208e-07, 7.32473708354e-08, 3.09876533322e-08, 1.26513299836e-09, 3.20822285405e-10],
        "mean": [1.58436510439e-11, 3.85185616736e-09, 1.76138357233e-08, 7.36230418852e-08, 4.77890125694e-07, 1.09662705654e-05, 1.6816691641e-05, 3.43642614098e-06, 4.14315172748e-06, 1.51955791807e-05, 8.03597345111e-07, 4.67089137146e-07, 2.1230796392e-06, 3.44851059708e-06, 7.35838625587e-07, 4.26322515068e-07, 3.02836582478e-07, 3.51378645291e-07, 4.54448723985e-07, 3.74529406599e-07, 1.85050424761e-07, 5.52541550292e-08, 1.39532829735e-08, 8.28687873877e-09, 5.94235416429e-09, 2.73940953255e-10, 6.14171690935e-12],
        "median": [1.94148820284e-12, 1.76544967534e-09, 9.6625019097e-09, 3.97457249335e-08, 2.27303161182e-07, 1.7134973973e-07, 1.37230301789e-07, 1.15402229994e-07, 1.64240930189e-07, 1.38623420298e-07, 9.66686357629e-08, 9.07885038259e-08, 1.17132096022e-07, 1.46371718301e-07, 1.6275254211e-07, 2.07002671004e-07, 2.14900211404e-07, 2.85588839688e-07, 3.7592803892e-07, 3.14401916057e-07, 1.51989070218e-07, 4.42706280523e-08, 1.22872112485e-08, 7.34682670256e-09, 5.17361442576e-09, 2.39380182343e-10, 3.7799568163e-12],
        "min": [2.5511183945e-15, 8.64237229958e-13, 3.82368789409e-12, 4.33280061135e-12, 8.66205111111e-12, 3.89849697663e-12, 3.65632784466e-12, 7.59040139769e-12, 1.33598184598e-11, 1.9069140364e-11, 1.16182046622e-11, 3.13410131181e-11, 7.1967092008e-11, 5.072593387e-11, 2.3522080117e-11, 8.15742959293e-12, 3.03799797818e-11, 8.94253768258e-11, 3.96604624142e-11, 9.40213965711e-12, 1.85640010308e-11, 3.68666295408e-12, 4.45438434402e-12, 4.61242372421e-12, 1.46848180317e-12, 2.82190259658e-13, 6.27916196415e-15],
        "skew": [17.7059669495, 18.9733104706, 18.35090065, 11.6643590927, 10.6452493668, 14.9676303864, 7.81351613998, 10.0175590515, 6.51886129379, 10.452706337, 7.65300655365, 8.26870441437, 8.08903980255, 13.6551465988, 10.9482097626, 10.9922151566, 16.8200263977, 2.87312889099, 3.8714902401, 4.0773973465, 7.71765947342, 17.4104156494, 3.93248343468, 3.72337293625, 1.61004757881, 1.97776985168, 13.9692420959],
        "var": [8.6981805728e-21, 3.4619110057e-16, 2.8454195685e-15, 1.84236425351e-14, 1.23584096515e-12, 5.97991967055e-09, 5.44032152661e-09, 3.0204175272e-10, 2.63165350622e-10, 6.39312291995e-09, 9.98365019128e-12, 2.35243877329e-12, 8.15743583793e-11, 5.97091209809e-10, 8.3760455169e-12, 9.46656273336e-13, 1.92841267043e-13, 6.53926308177e-14, 1.13656378417e-13, 8.27315104444e-14, 2.59001025108e-14, 4.22310891633e-15, 8.62443255892e-17, 2.71578036198e-17, 1.26350357914e-17, 2.34440821679e-20, 2.08388690032e-22],
        "cov": [[8.70688777966e-21, 6.60466702791e-19, 1.71927360329e-18, 3.85342626025e-18, 7.61898856866e-17, 9.9043858984e-16, 2.72955731978e-15, 2.80818818237e-16, 3.45461064049e-16, 9.87329555407e-16, 9.96691823808e-17, 3.77865897633e-17, 3.21013522669e-16, 2.08672959008e-16, 5.71964490113e-17, 2.71873968334e-17, 1.56535876254e-18, 2.45259423853e-18, 4.94134123292e-18, 5.63753738188e-18, 3.15109677384e-18, 4.37351534661e-19, 2.68848384767e-20, -1.18816546305e-20, -1.96128352178e-20, -4.19134420718e-22, 4.99564129016e-22], [6.60466702791e-19, 3.46537642925e-16, 8.41938149956e-16, 1.91926485013e-15, 1.05691424376e-14, 4.63132814434e-14, 3.03953856442e-13, 2.63577256131e-14, 3.89353635867e-14, 1.98394784352e-14, 1.03917017406e-14, 3.01822572469e-15, 2.17273065045e-14, 3.64678346386e-15, 3.13184778302e-15, 1.57385709622e-15, 1.43153941451e-16, 3.44699396141e-16, 4.81053674729e-16, 2.19220266207e-16, 2.73650246055e-16, 4.92641376615e-17, 4.82855556999e-18, -1.96815157009e-18, -1.77602501755e-18, -5.29144626729e-20, 9.50953166261e-21], [1.71927360329e-18, 8.41938149956e-16, 2.84826792855e-15, 4.79114318681e-15, 2.70300088871e-14, 1.65883366071e-13, 7.35493046675e-13, 8.18610790591e-14, 1.20169743297e-13, 1.1476538849e-13, 3.64383748327e-14, 1.05978416079e-14, 7.54208978257e-14, 2.11327537501e-14, 8.21758500548e-15, 5.13923984681e-15, 8.54051197557e-16, 1.17744387696e-15, 1.71704971002e-15, 7.29439627885e-16, 5.9620039237e-16, 1.50406647827e-16, 1.5055884906e-17, -4.76288239243e-18, -4.96427026591e-18, -1.47951540614e-19, 2.96963914514e-20], [3.85342626025e-18, 1.91926485013e-15, 4.79114318681e-15, 1.84420841364e-14, 7.23957027139e-14, 7.69688241094e-13, 2.13175722734e-12, 2.50590780765e-13, 4.75167160393e-13, 4.14375863267e-13, 6.27871506956e-14, 4.03179348089e-14, 1.66479460426e-13, 1.32180345228e-13, 2.74029862929e-14, 1.42680362154e-14, 1.74347756149e-15, 2.6461792081e-15, 3.30872626186e-15, 1.82426671696e-15, 1.83153955361e-15, 4.58000190761e-16, 6.06076425958e-17, 1.03020986052e-17, 1.01340543822e-18, 4.56410344661e-19, 1.54569088912e-19], [7.61898856866e-17, 1.05691424376e-14, 2.70300088871e-14, 7.23957027139e-14, 1.23707803983e-12, 2.0171394069e-11, 3.45002151847e-11, 5.00455406283e-12, 7.93544917277e-12, 1.93600430826e-11, 1.36862461468e-12, 6.30251059675e-13, 4.38528597116e-12, 5.7958412375e-12, 9.52580354006e-13, 3.19384032025e-13, 7.18503693499e-14, 2.61429824322e-14, 4.37860298963e-14, 7.44763747743e-14, 3.63978121189e-14, 9.8666505806e-15, 6.12009203539e-16, -3.30062296235e-16, -3.79204368508e-16, -8.76699779924e-18, 3.71411870534e-18], [9.9043858984e-16, 4.63132814434e-14, 1.65883366071e-13, 7.69688241094e-13, 2.0171394069e-11, 5.98590554901e-09, 1.60741386868e-09, 2.34382679931e-10, 4.72952843555e-10, 1.13344278407e-09, 5.17514781029e-11, 2.34806358385e-11, 1.16467668843e-10, 4.91320373275e-10, 5.99260849277e-11, 1.27294633168e-11, 2.98418429724e-12, 1.69854018003e-12, 1.63497069616e-12, 2.82530314248e-12, 7.937359537e-13, 2.35326027328e-13, -4.26186363829e-15, -3.11513611944e-14, -2.60429749462e-14, -7.85979024174e-16, 3.00331704484e-16], [2.72955731978e-15, 3.03953856442e-13, 7.35493046675e-13, 2.13175722734e-12, 3.45002151847e-11, 1.60741386868e-09, 5.44576739259e-09, 7.64491858707e-10, 5.55413104397e-10, 1.25832888553e-09, 1.47028306197e-10, 6.10586164962e-11, 4.21415458085e-10, 6.90612178555e-10, 1.15723701455e-10, 4.84367233822e-11, 6.22207927542e-12, 3.79308476989e-12, 7.95940830606e-12, 9.03845314565e-12, 5.73083290892e-12, 2.99772928919e-13, 3.87624875503e-14, -3.71859390069e-14, -2.99005374768e-14, -9.98316208007e-16, 2.66976711692e-16], [2.80818818237e-16, 2.63577256131e-14, 8.18610790591e-14, 2.50590780765e-13, 5.00455406283e-12, 2.34382679931e-10, 7.64491858707e-10, 3.02344094205e-10, 1.27217306134e-10, 5.11629794087e-10, 3.97625821158e-11, 1.05580596349e-11, 6.79623857192e-11, 2.5926286118e-10, 2.74230534114e-11, 1.19480649333e-11, 2.35019078851e-12, 1.50182741677e-12, 2.32291833338e-12, 2.36150096873e-12, 1.45250153051e-12, 1.10309344666e-13, 1.18716741285e-14, -7.12401634266e-15, -6.39976166814e-15, -2.4301338199e-16, 5.62229500745e-17], [3.45461064049e-16, 3.89353635867e-14, 1.20169743297e-13, 4.75167160393e-13, 7.93544917277e-12, 4.72952843555e-10, 5.55413104397e-10, 1.27217306134e-10, 2.63428778791e-10, 5.8541937964e-10, 2.48502590033e-11, 1.72861308601e-11, 7.21070148035e-11, 1.71676936556e-10, 2.49030882721e-11, 6.74065447556e-12, 2.78203111589e-12, 7.12427241766e-13, 9.18726358011e-13, 1.72500837399e-12, 6.83918199851e-13, 1.61263729692e-13, 1.13241223852e-14, -8.36746579143e-15, -8.28748216429e-15, -2.22212370388e-16, 9.17553337022e-17], [9.87329555407e-16, 1.98394784352e-14, 1.1476538849e-13, 4.14375863267e-13, 1.93600430826e-11, 1.13344278407e-09, 1.25832888553e-09, 5.11629794087e-10, 5.8541937964e-10, 6.39952224546e-09, 1.06471477468e-10, 3.72073552524e-11, 2.10717124305e-10, 1.11295173078e-09, 9.74777064622e-11, 2.38628960342e-11, 1.33268968777e-11, 4.78382914879e-12, 6.95682964361e-12, 9.97787009266e-12, 3.42781532325e-12, 2.43321075094e-12, 1.65841448105e-13, -2.91787739261e-14, -3.16787544005e-14, -6.45650652286e-16, 2.29538834805e-16], [9.96691823808e-17, 1.03917017406e-14, 3.64383748327e-14, 6.27871506956e-14, 1.36862461468e-12, 5.17514781029e-11, 1.47028306197e-10, 3.97625821158e-11, 2.48502590033e-11, 1.06471477468e-10, 9.99364393323e-12, 2.34689698231e-12, 1.73646270973e-11, 4.18371726152e-11, 5.04705739007e-12, 2.06166767686e-12, 4.42788926185e-13, 2.60293848107e-13, 4.50540131461e-13, 4.76419359692e-13, 2.60163174641e-13, 2.07250242765e-14, 2.08762323631e-15, -1.39051141495e-15, -1.14871813098e-15, -4.43916732766e-17, 1.13204869794e-17], [3.77865897633e-17, 3.01822572469e-15, 1.05978416079e-14, 4.03179348089e-14, 6.30251059675e-13, 2.34806358385e-11, 6.10586164962e-11, 1.05580596349e-11, 1.72861308601e-11, 3.72073552524e-11, 2.34689698231e-12, 2.35479344357e-12, 6.86777631292e-12, 1.15941032816e-11, 1.39940999327e-12, 6.85696291414e-13, 1.44114931035e-13, 5.13184296219e-14, 1.08508376438e-13, 1.65170692878e-13, 7.97427987358e-14, 6.83915958602e-15, 1.35027097074e-16, -7.2636802172e-16, -6.11440262096e-16, -1.94467349597e-17, 6.0823872571e-18], [3.21013522669e-16, 2.17273065045e-14, 7.54208978257e-14, 1.66479460426e-13, 4.38528597116e-12, 1.16467668843e-10, 4.21415458085e-10, 6.79623857192e-11, 7.21070148035e-11, 2.10717124305e-10, 1.73646270973e-11, 6.86777631292e-12, 8.16560152828e-11, 7.08334363386e-11, 1.54410234599e-11, 5.00501983608e-12, 8.59383582092e-13, 3.11427478857e-13, 7.65583614299e-13, 9.43894485142e-13, 4.0967896393e-13, 2.11080762922e-14, 3.15132848202e-15, -5.03812232412e-15, -3.93583303359e-15, -1.40012388894e-16, 3.73193485225e-17], [2.08672959008e-16, 3.64678346386e-15, 2.11327537501e-14, 1.32180345228e-13, 5.7958412375e-12, 4.91320373275e-10, 6.90612178555e-10, 2.5926286118e-10, 1.71676936556e-10, 1.11295173078e-09, 4.18371726152e-11, 1.15941032816e-11, 7.08334363386e-11, 5.97688898374e-10, 3.03849306826e-11, 1.45629688864e-11, 4.2152787337e-12, 2.12367948747e-12, 3.35706571049e-12, 3.79827376149e-12, 1.82396675888e-12, 7.21523914834e-13, 5.2427507458e-14, -6.83638936476e-15, -5.73768979987e-15, -1.37118633179e-16, 5.51428937313e-17], [5.71964490113e-17, 3.13184778302e-15, 8.21758500548e-15, 2.74029862929e-14, 9.52580354006e-13, 5.99260849277e-11, 1.15723701455e-10, 2.74230534114e-11, 2.49030882721e-11, 9.74777064622e-11, 5.04705739007e-12, 1.39940999327e-12, 1.54410234599e-11, 3.03849306826e-11, 8.38443030282e-12, 1.50380467627e-12, 3.73530199826e-13, 1.91442239665e-13, 2.78889650089e-13, 3.26388005165e-13, 1.7583899831e-13, 2.98711623741e-14, 3.48912140974e-15, -1.17851092671e-15, -1.09946602383e-15, -3.25325304182e-17, 1.55281090828e-17], [2.71873968334e-17, 1.57385709622e-15, 5.13923984681e-15, 1.42680362154e-14, 3.19384032025e-13, 1.27294633168e-11, 4.84367233822e-11, 1.19480649333e-11, 6.74065447556e-12, 2.38628960342e-11, 2.06166767686e-12, 6.85696291414e-13, 5.00501983608e-12, 1.45629688864e-11, 1.50380467627e-12, 9.47603866035e-13, 1.43604285364e-13, 8.93375746102e-14, 1.76952514599e-13, 1.51513187847e-13, 1.02399012392e-13, 1.20306842356e-14, 1.36325664756e-15, 9.88304394376e-18, -7.8532203101e-17, -1.83649233392e-18, 3.15803723277e-18], [1.56535876254e-18, 1.43153941451e-16, 8.54051197557e-16, 1.74347756149e-15, 7.18503693499e-14, 2.98418429724e-12, 6.22207927542e-12, 2.35019078851e-12, 2.78203111589e-12, 1.33268968777e-11, 4.42788926185e-13, 1.44114931035e-13, 8.59383582092e-13, 4.2152787337e-12, 3.73530199826e-13, 1.43604285364e-13, 1.9303430924e-13, 3.86939456442e-14, 4.02944245624e-14, 5.92990757951e-14, 1.98494886706e-14, 5.03407604773e-15, 7.28685874441e-16, 2.88905785891e-16, 1.51522044635e-16, 8.23331079418e-18, 8.21124357999e-19], [2.45259423853e-18, 3.44699396141e-16, 1.17744387696e-15, 2.6461792081e-15, 2.61429824322e-14, 1.69854018003e-12, 3.79308476989e-12, 1.50182741677e-12, 7.12427241766e-13, 4.78382914879e-12, 2.60293848107e-13, 5.13184296219e-14, 3.11427478857e-13, 2.12367948747e-12, 1.91442239665e-13, 8.93375746102e-14, 3.86939456442e-14, 6.54580895238e-14, 5.24779330234e-14, 3.78873093922e-14, 2.16747548864e-14, 5.94426673614e-15, 1.05559130535e-15, 5.18423233114e-16, 3.17707447197e-16, 1.28361779922e-17, 4.25550691699e-19], [4.94134123292e-18, 4.81053674729e-16, 1.71704971002e-15, 3.30872626186e-15, 4.37860298963e-14, 1.63497069616e-12, 7.95940830606e-12, 2.32291833338e-12, 9.18726358011e-13, 6.95682964361e-12, 4.50540131461e-13, 1.08508376438e-13, 7.65583614299e-13, 3.35706571049e-12, 2.78889650089e-13, 1.76952514599e-13, 4.02944245624e-14, 5.24779330234e-14, 1.13770145106e-13, 6.69552575275e-14, 3.76651089332e-14, 9.41180489935e-15, 1.48089946542e-15, 5.97578038519e-16, 3.74242714201e-16, 1.54825794075e-17, 6.34437500263e-19], [5.63753738188e-18, 2.19220266207e-16, 7.29439627885e-16, 1.82426671696e-15, 7.44763747743e-14, 2.82530314248e-12, 9.03845314565e-12, 2.36150096873e-12, 1.72500837399e-12, 9.97787009266e-12, 4.76419359692e-13, 1.65170692878e-13, 9.43894485142e-13, 3.79827376149e-12, 3.26388005165e-13, 1.51513187847e-13, 5.92990757951e-14, 3.78873093922e-14, 6.69552575275e-14, 8.28143231616e-14, 2.92020605559e-14, 8.86579390902e-15, 1.22417119065e-15, 3.45367122801e-16, 2.13186096135e-16, 9.18656448544e-18, 6.74629689239e-19], [3.15109677384e-18, 2.73650246055e-16, 5.9620039237e-16, 1.83153955361e-15, 3.63978121189e-14, 7.937359537e-13, 5.73083290892e-12, 1.45250153051e-12, 6.83918199851e-13, 3.42781532325e-12, 2.60163174641e-13, 7.97427987358e-14, 4.0967896393e-13, 1.82396675888e-12, 1.7583899831e-13, 1.02399012392e-13, 1.98494886706e-14, 2.16747548864e-14, 3.76651089332e-14, 2.92020605559e-14, 2.59260284953e-14, 4.99119881642e-15, 7.36279207176e-16, 2.16910394125e-16, 1.38879694085e-16, 5.23376405512e-18, 3.99566725611e-19], [4.37351534661e-19, 4.92641376615e-17, 1.50406647827e-16, 4.58000190761e-16, 9.8666505806e-15, 2.35326027328e-13, 2.99772928919e-13, 1.10309344666e-13, 1.61263729692e-13, 2.43321075094e-12, 2.07250242765e-14, 6.83915958602e-15, 2.11080762922e-14, 7.21523914834e-13, 2.98711623741e-14, 1.20306842356e-14, 5.03407604773e-15, 5.94426673614e-15, 9.41180489935e-15, 8.86579390902e-15, 4.99119881642e-15, 4.22733603426e-15, 4.35488754941e-16, 9.86315802553e-17, 4.87024158511e-17, 1.95676460178e-18, 4.19203114474e-20], [2.68848384767e-20, 4.82855556999e-18, 1.5055884906e-17, 6.06076425958e-17, 6.12009203539e-16, -4.26186363829e-15, 3.87624875503e-14, 1.18716741285e-14, 1.13241223852e-14, 1.65841448105e-13, 2.08762323631e-15, 1.35027097074e-16, 3.15132848202e-15, 5.2427507458e-14, 3.48912140974e-15, 1.36325664756e-15, 7.28685874441e-16, 1.05559130535e-15, 1.48089946542e-15, 1.22417119065e-15, 7.36279207176e-16, 4.35488754941e-16, 8.63306567753e-17, 2.61199185985e-17, 1.51811217051e-17, 5.65789781227e-19, 8.96456827296e-21], [-1.18816546305e-20, -1.96815157009e-18, -4.76288239243e-18, 1.03020986052e-17, -3.30062296235e-16, -3.11513611944e-14, -3.71859390069e-14, -7.12401634266e-15, -8.36746579143e-15, -2.91787739261e-14, -1.39051141495e-15, -7.2636802172e-16, -5.03812232412e-15, -6.83638936476e-15, -1.17851092671e-15, 9.88304394376e-18, 2.88905785891e-16, 5.18423233114e-16, 5.97578038519e-16, 3.45367122801e-16, 2.16910394125e-16, 9.86315802553e-17, 2.61199185985e-17, 2.71849897378e-17, 1.27246972067e-17, 4.51986892938e-19, -6.6945595249e-23], [-1.96128352178e-20, -1.77602501755e-18, -4.96427026591e-18, 1.01340543822e-18, -3.79204368508e-16, -2.60429749462e-14, -2.99005374768e-14, -6.39976166814e-15, -8.28748216429e-15, -3.16787544005e-14, -1.14871813098e-15, -6.11440262096e-16, -3.93583303359e-15, -5.73768979987e-15, -1.09946602383e-15, -7.8532203101e-17, 1.51522044635e-16, 3.17707447197e-16, 3.74242714201e-16, 2.13186096135e-16, 1.38879694085e-16, 4.87024158511e-17, 1.51811217051e-17, 1.27246972067e-17, 1.2647683383e-17, 3.73747704507e-19, -1.59686783064e-21], [-4.19134420718e-22, -5.29144626729e-20, -1.47951540614e-19, 4.56410344661e-19, -8.76699779924e-18, -7.85979024174e-16, -9.98316208007e-16, -2.4301338199e-16, -2.22212370388e-16, -6.45650652286e-16, -4.43916732766e-17, -1.94467349597e-17, -1.40012388894e-16, -1.37118633179e-16, -3.25325304182e-17, -1.83649233392e-18, 8.23331079418e-18, 1.28361779922e-17, 1.54825794075e-17, 9.18656448544e-18, 5.23376405512e-18, 1.95676460178e-18, 5.65789781227e-19, 4.51986892938e-19, 3.73747704507e-19, 2.34675501867e-20, 1.5142841408e-22], [4.99564129016e-22, 9.50953166261e-21, 2.96963914514e-20, 1.54569088912e-19, 3.71411870534e-18, 3.00331704484e-16, 2.66976711692e-16, 5.62229500745e-17, 9.17553337022e-17, 2.29538834805e-16, 1.13204869794e-17, 6.0823872571e-18, 3.73193485225e-17, 5.51428937313e-17, 1.55281090828e-17, 3.15803723277e-18, 8.21124357999e-19, 4.25550691699e-19, 6.34437500263e-19, 6.74629689239e-19, 3.99566725611e-19, 4.19203114474e-20, 8.96456827296e-21, -6.6945595249e-23, -1.59686783064e-21, 1.5142841408e-22, 2.08597290099e-22]]
    },
    "mfcc": {
        "kurt": [2.43966770172, 0.897799730301, 1.28289222717, 0.523711442947, 0.576283454895, 0.888950586319, 2.03639364243, 3.55583381653, 0.906771421432, 1.15598106384, 0.413527011871, 1.14966583252, 0.918611049652],
        "max": [-850.773620605, 164.290985107, 6.88064575195, 32.1819343567, 12.2726898193, 2.28881835938e-05, 8.99109268188, 6.89555549622, 12.0507164001, 26.406709671, 13.2108268738, 12.3572463989, 19.208114624],
        "mean": [-1018.19268799, 61.2411575317, -31.9351787567, -0.55197262764, -13.8485412598, -25.2762031555, -8.31796646118, -15.8006095886, -10.7208356857, -3.29166078568, -9.22795581818, -8.7066822052, -7.63494634628],
        "median": [-1030.8347168, 48.985118866, -31.1997642517, 6.84778213501, -9.03858184814, -23.827583313, -6.80434799194, -13.6197280884, -10.5631217957, -3.81771469116, -9.70317840576, -8.81563949585, -7.66550064087],
        "min": [-1138.42004395, 1.14440917969e-05, -98.922088623, -70.9072952271, -66.1496429443, -60.9467124939, -45.4909210205, -62.333770752, -38.3679885864, -19.9342193604, -29.2280025482, -38.2866630554, -30.341091156],
        "skew": [1.57647871971, 1.34062314034, -0.535520851612, -1.17260050774, -1.12001395226, -0.815670669079, -1.20129275322, -1.69034743309, -0.280156910419, 0.658145368099, 0.388997972012, -0.0909363478422, 0.0396589115262],
        "var": [1558.71679688, 966.604736328, 197.576370239, 458.606323242, 239.733154297, 70.8915710449, 74.0676879883, 108.576850891, 40.1417121887, 37.5940933228, 32.9164428711, 31.5628089905, 32.6433410645],
        "cov": [[1560.27697754, 1115.0177002, -342.906097412, -681.659790039, -512.593383789, -205.974105835, -215.896026611, -320.39276123, -63.2861747742, 85.4971084595, 49.3162307739, 5.92807579041, -33.4034500122], [1115.0177002, 967.57232666, -126.022949219, -605.435302734, -419.481414795, -177.315353394, -190.937896729, -239.938476562, -74.6867294312, 70.3149414062, 40.4540367126, -5.45502233505, -20.3911628723], [-342.906097412, -126.022949219, 197.774154663, 113.866905212, 74.2564926147, 21.9337863922, 21.0247478485, 56.8205909729, -12.2148942947, -25.5168876648, -10.871837616, -9.58665370941, 6.80626726151], [-681.659790039, -605.435302734, 113.866905212, 459.065368652, 290.40802002, 108.849266052, 119.308662415, 142.618011475, 34.2964286804, -66.6146316528, -39.0950164795, 1.04747879505, 9.03119945526], [-512.593383789, -419.481414795, 74.2564926147, 290.40802002, 239.973129272, 98.4364929199, 80.8907470703, 107.110321045, 22.5316028595, -43.5961151123, -31.5194644928, -2.87716674805, 8.41717624664], [-205.974105835, -177.315353394, 21.9337863922, 108.849266052, 98.4364929199, 70.9625320435, 48.5142860413, 39.7968444824, 13.0978336334, -16.3859329224, -12.0783233643, -2.76627206802, -0.932218372822], [-215.896026611, -190.937896729, 21.0247478485, 119.308662415, 80.8907470703, 48.5142860413, 74.1418304443, 67.7177352905, 14.3389186859, -14.0366563797, -11.0692987442, -5.20106601715, -4.21322965622], [-320.39276123, -239.938476562, 56.8205909729, 142.618011475, 107.110321045, 39.7968444824, 67.7177352905, 108.685539246, 33.6260185242, -19.0051803589, -13.1871805191, -9.89947986603, -5.10898590088], [-63.2861747742, -74.6867294312, -12.2148942947, 34.2964286804, 22.5316028595, 13.0978336334, 14.3389186859, 33.6260185242, 40.181892395, 9.02001571655, -4.2286362648, -3.5886349678, -6.93477582932], [85.4971084595, 70.3149414062, -25.5168876648, -66.6146316528, -43.5961151123, -16.3859329224, -14.0366563797, -19.0051803589, 9.02001571655, 37.6317253113, 19.2166366577, -2.21901750565, -2.39823436737], [49.3162307739, 40.4540367126, -10.871837616, -39.0950164795, -31.5194644928, -12.0783233643, -11.0692987442, -13.1871805191, -4.2286362648, 19.2166366577, 32.9493904114, 13.1604537964, 0.803666234016], [5.92807579041, -5.45502233505, -9.58665370941, 1.04747879505, -2.87716674805, -2.76627206802, -5.20106601715, -9.89947986603, -3.5886349678, -2.21901750565, 13.1604537964, 31.5944023132, 18.6256885529], [-33.4034500122, -20.3911628723, 6.80626726151, 9.03119945526, 8.41717624664, -0.932218372822, -4.21322965622, -5.10898590088, -6.93477582932, -2.39823436737, 0.803666234016, 18.6256885529, 32.6760177612]]
    },
    "sccoeffs": {
        "kurt": [0.690101861954, 3.87448787689, 2.50349092484, 3.66583347321, 2.78528928757, 5.28603458405],
        "max": [-0.56582146883, -0.536475479603, -0.562406659126, -0.682603001595, -0.801975846291, -0.732909023762],
        "mean": [-0.713683545589, -0.849164068699, -0.855057299137, -0.868743479252, -0.880211770535, -0.851368010044],
        "median": [-0.718644201756, -0.867751002312, -0.875150918961, -0.879192948341, -0.880895674229, -0.853967130184],
        "min": [-0.975059866905, -0.964996576309, -0.974453806877, -0.925324976444, -0.915405511856, -0.902443349361],
        "skew": [0.202896669507, 1.81848108768, 1.56764113903, 1.79995512962, 0.865803837776, 1.5609433651],
        "var": [0.00215538172051, 0.00400999886915, 0.00379944662564, 0.00135846773628, 0.000162146956427, 0.000265681126621],
        "cov": [[0.00215753912926, 0.000638491881546, 0.000701680313796, 0.000532922334969, 6.47157867206e-05, 9.69820903265e-05], [0.000638491881546, 0.00401401286945, 0.00218692002818, 0.00138325802982, 0.000138929943205, 0.000273853715044], [0.000701680313796, 0.00218692002818, 0.0038032499142, 0.00161677307915, 0.000168512517121, 0.000244734837906], [0.000532922334969, 0.00138325802982, 0.00161677307915, 0.00135982758366, 0.00014276058937, 0.000224105155212], [6.47157867206e-05, 0.000138929943205, 0.000168512517121, 0.00014276058937, 0.000162309268489, 5.47155905224e-05], [9.69820903265e-05, 0.000273853715044, 0.000244734837906, 0.000224105155212, 5.47155905224e-05, 0.000265947077423]]
    },
    "scvalleys": {
        "kurt": [4.89795780182, 2.29779911041, 2.26289701462, 5.57861423492, 53.3623085022, 41.3892669678],
        "max": [-8.60883903503, -5.94063854218, -6.84857940674, -7.34700155258, -9.11247634888, -11.1583957672],
        "mean": [-11.4517593384, -9.22161483765, -9.53565502167, -9.77103328705, -9.97399425507, -12.1932001114],
        "median": [-11.4136753082, -9.49279403687, -9.73195934296, -9.89144706726, -9.95378494263, -12.1554260254],
        "min": [-14.949962616, -14.03926754, -13.596405983, -14.0721282959, -14.6491575241, -16.305305481],
        "skew": [-0.126609921455, 1.16406559944, 1.04413974285, 0.677246391773, -4.18214797974, -3.64049983025],
        "var": [0.254780173302, 0.747400999069, 0.520738661289, 0.319016009569, 0.105729199946, 0.100936241448],
        "cov": [[0.255035221577, 0.153073579073, 0.121644288301, 0.0924576893449, 0.0309883393347, 0.0119057996199], [0.153073579073, 0.74814915657, 0.547497749329, 0.389673501253, 0.0636304914951, -0.0215817503631], [0.121644288301, 0.547497749329, 0.521259903908, 0.342684745789, 0.0741968974471, -0.000624155509286], [0.0924576893449, 0.389673501253, 0.342684745789, 0.319335371256, 0.0930370241404, 0.0348479375243], [0.0309883393347, 0.0636304914951, 0.0741968974471, 0.0930370241404, 0.105835035443, 0.0793274641037], [0.0119057996199, -0.0215817503631, -0.000624155509286, 0.0348479375243, 0.0793274641037, 0.101037278771]]
    }
},
"rhythm": {
    "beats_loudness": {
        "kurt": 7.57204055786,
        "max": 0.00111919420306,
        "mean": 9.74253780441e-05,
        "median": 3.73542229681e-06,
        "min": 1.71639669588e-06,
        "skew": 3.01973176003,
        "var": 7.32161851147e-08
    },
    "bpm": 129.585281372,
    "confidence": 0.756807744503,
    "first_peak_bpm": {
        "kurt": 0,
        "max": 129,
        "mean": 129,
        "median": 129,
        "min": 129,
        "skew": 0,
        "var": 0
    },
    "first_peak_spread": {
        "kurt": 0,
        "max": 0.33333337307,
        "mean": 0.33333337307,
        "median": 0.33333337307,
        "min": 0.33333337307,
        "skew": 0,
        "var": 0
    },
    "first_peak_weight": {
        "kurt": 0,
        "max": 0.409090906382,
        "mean": 0.409090906382,
        "median": 0.409090906382,
        "min": 0.409090906382,
        "skew": 0,
        "var": 0
    },
    "onset_rate": 1.59639108181,
    "second_peak_bpm": {
        "kurt": 0,
        "max": 103,
        "mean": 103,
        "median": 103,
        "min": 103,
        "skew": 0,
        "var": 0
    },
    "second_peak_spread": {
        "kurt": 0,
        "max": 0.571428537369,
        "mean": 0.571428537369,
        "median": 0.571428537369,
        "min": 0.571428537369,
        "skew": 0,
        "var": 0
    },
    "second_peak_weight": {
        "kurt": 0,
        "max": 0.0681818202138,
        "mean": 0.0681818202138,
        "median": 0.0681818202138,
        "min": 0.0681818202138,
        "skew": 0,
        "var": 0
    },
    "beats_loudness_band_ratio": {
        "kurt": [14.8198795319, 25.5674819946, 1.5037112236, 4.30101394653, -0.873269796371, -0.992120742798],
        "max": [0.246695712209, 0.919429898262, 0.827623188496, 0.816361427307, 0.458057045937, 0.515547096729],
        "mean": [0.0329277701676, 0.11857522279, 0.219716608524, 0.200199842453, 0.254255563021, 0.221661582589],
        "median": [0.0256411917508, 0.0916563943028, 0.144939556718, 0.138507783413, 0.281012147665, 0.232518330216],
        "min": [0.000212196930079, 0.0178137384355, 0.0474783778191, 0.0092424210161, 0.00255954125896, 0.000698211370036],
        "skew": [3.4118077755, 4.81057405472, 1.58376276493, 2.06864619255, -0.468622565269, -0.161172747612],
        "var": [0.00163524702657, 0.0179648995399, 0.0370081104338, 0.026327341795, 0.0175044145435, 0.0210170708597],
        "cov": [[0.00167241168674, 0.00021167905652, -0.00251602660865, -0.00174941576552, 0.0012665479444, 0.0013888903195], [0.00021167905652, 0.0183731932193, -0.00182788306847, -0.00675268610939, -0.00466521503404, -0.00311663979664], [-0.00251602660865, -0.00182788306847, 0.0378492027521, 0.00855849310756, -0.0192743353546, -0.0212345197797], [-0.00174941576552, -0.00675268610939, 0.00855849310756, 0.0269256904721, -0.0114860320464, -0.0149334548041], [0.0012665479444, -0.00466521503404, -0.0192743353546, -0.0114860320464, 0.0179022420198, 0.0146299479529], [0.0013888903195, -0.00311663979664, -0.0212345197797, -0.0149334548041, 0.0146299479529, 0.021494731307]]
    },
    "beats_position": [0.592108845711, 1.20743763447, 1.79954648018, 2.39165520668, 2.97215414047, 3.55265307426, 4.12154197693, 4.69043064117, 5.27092981339, 5.8282084465, 6.3622674942, 6.88471651077, 7.40716552734, 7.94122457504, 8.47528362274, 8.98612213135, 9.50857162476, 10.0194101334, 10.4838094711, 10.9365987778, 11.3893871307, 11.8537864685, 12.3181858063, 12.782585144, 13.2469835281, 13.722992897, 14.1990022659, 14.66340065, 15.1277999878, 15.5921993256, 16.0565986633, 16.50938797, 16.9621772766, 17.426574707, 17.9025840759, 18.3669834137, 18.8313827515, 19.2957820892, 19.760181427, 20.2245807648, 20.6889801025, 21.153377533, 21.6061668396, 22.0589561462, 22.523355484],
    "bpm_estimates": [129.199157715, 132.511962891, 132.512237549, 129.199157715, 129.199157715, 129.199157715, 129.199417114, 126.047935486, 126.047935486, 129.199417114, 129.199157715, 129.199157715, 129.199157715, 132.511962891, 132.511962891, 129.199676514, 126.047935486, 129.199157715, 129.199157715, 129.199157715, 129.199157715, 129.199157715, 129.199157715, 129.199676514, 132.511962891, 132.511962891, 129.199157715],
    "bpm_intervals": [0.615328788757, 0.592108845711, 0.592108726501, 0.580498933792, 0.580498933792, 0.568888902664, 0.568888664246, 0.580499172211, 0.557278633118, 0.534059047699, 0.522449016571, 0.522449016571, 0.534059047699, 0.534059047699, 0.510838508606, 0.522449493408, 0.510838508606, 0.464399337769, 0.452789306641, 0.452788352966, 0.464399337769, 0.464399337769, 0.464399337769, 0.464398384094, 0.476009368896, 0.476009368896, 0.464398384094, 0.464399337769, 0.464399337769, 0.464399337769, 0.452789306641, 0.452789306641, 0.46439743042, 0.476009368896, 0.464399337769, 0.464399337769, 0.464399337769, 0.464399337769, 0.464399337769, 0.464399337769, 0.46439743042, 0.452789306641, 0.452789306641, 0.464399337769],
    "onset_times": [0.0464399084449, 0.441179126501, 1.05650794506, 1.10294783115, 1.2190476656, 1.93886625767, 2.18267583847, 2.3916554451, 3.5178232193, 3.76163268089, 3.99383211136, 4.63238096237, 5.9675283432, 6.00235843658, 6.06040811539, 7.50004529953, 7.63936519623, 8.35918331146, 8.45206356049, 8.73070335388, 9.75238132477, 10.7276191711, 11.354557991, 11.6215877533, 11.8537864685, 12.051156044, 13.2237644196, 14.9072113037, 15.5341501236, 15.8127889633, 16.4397277832, 18.575963974, 19.3770523071, 19.9227218628, 21.5829486847, 21.7222671509, 22.3724269867],
    "histogram": [[0, 0, 0, 0, 0, 0, 0, 0, 0, 0, 0, 0, 0, 0, 0, 0, 0, 0, 0, 0, 0, 0, 0, 0, 0, 0, 0, 0, 0, 0, 0, 0, 0, 0, 0, 0, 0, 0, 0, 0, 0, 0, 0, 0, 0, 0, 0, 0, 0, 0, 0, 0, 0, 0, 0, 0, 0, 0, 0, 0, 0, 0, 0, 0, 0, 0, 0, 0, 0, 0, 0, 0, 0, 0, 0, 0, 0, 0, 0, 0, 0, 0, 0, 0, 0, 0, 0, 0, 0, 0, 0, 0, 0, 0, 0, 0, 0, 0, 0.0227272734046, 0, 0, 0.0454545468092, 0, 0.0681818202138, 0, 0.0454545468092, 0, 0, 0.0227272734046, 0, 0, 0, 0.0681818202138, 0, 0, 0.0681818202138, 0, 0.0454545468092, 0, 0, 0, 0, 0, 0, 0, 0, 0.0681818202138, 0, 0, 0.409090906382, 0, 0, 0, 0.136363640428, 0, 0, 0, 0, 0, 0, 0, 0, 0, 0, 0, 0, 0, 0, 0, 0, 0, 0, 0, 0, 0, 0, 0, 0, 0, 0, 0, 0, 0, 0, 0, 0, 0, 0, 0, 0, 0, 0, 0, 0, 0, 0, 0, 0, 0, 0, 0, 0, 0, 0, 0, 0, 0, 0, 0, 0, 0, 0, 0, 0, 0, 0, 0, 0, 0, 0, 0, 0, 0, 0, 0, 0, 0, 0, 0, 0, 0, 0, 0, 0, 0, 0, 0, 0, 0, 0, 0, 0, 0, 0, 0, 0, 0, 0, 0, 0, 0, 0, 0, 0, 0, 0, 0, 0, 0, 0, 0, 0, 0, 0, 0, 0, 0, 0, 0, 0]]
},
"sfx": {
    "inharmonicity": {
        "kurt": -0.587235689163,
        "max": 0.432820498943,
        "mean": 0.0904072746634,
        "median": 0.053961135447,
        "min": 0,
        "skew": 0.811567783356,
        "var": 0.0100165251642
    },
    "oddtoevenharmonicenergyratio": {
        "kurt": 185.012390137,
        "max": 109.852867126,
        "mean": 1.4364798069,
        "median": 0.382728248835,
        "min": 0,
        "skew": 11.8288984299,
        "var": 30.6897830963
    },
    "pitch_after_max_to_before_max_energy_ratio": 7.5081152916,
    "pitch_centroid": 567.990356445,
    "pitch_max_to_total": 0.323000013828,
    "pitch_min_to_total": 0.880999982357,
    "tristimulus": {
        "kurt": [-1.56100738049, -0.17623090744, -1.40999424458],
        "max": [1, 0.870021939278, 0.967470824718],
        "mean": [0.458440154791, 0.232837021351, 0.308722853661],
        "median": [0.29573816061, 0.212812900543, 0.176341623068],
        "min": [0, 0, 0],
        "skew": [0.402743279934, 0.70753878355, 0.415507525206],
        "var": [0.157490357757, 0.0454436503351, 0.0932677835226],
        "cov": [[0.157647997141, -0.0548875555396, -0.102759666741], [-0.0548875555396, 0.0454891398549, 0.00939856655896], [-0.102759666741, 0.00939856655896, 0.0933611467481]]
    }
},
"tonal": {
    "chords_changes_rate": 0.101796403527,
    "chords_number_rate": 0.0219560880214,
    "chords_strength": {
        "kurt": -0.366747140884,
        "max": 0.585082173347,
        "mean": 0.382538259029,
        "median": 0.381262362003,
        "min": 0.216326996684,
