{
"metadata": {
    "version": {
        "essentia": "2.1-beta3"
    }
},
"lowLevel": {
    "average_loudness": 0.989719748497,
    "barkbands_kurtosis": {
        "kurt": 0.786464214325,
        "max": 19.4974765778,
        "mean": 2.93657398224,
        "median": 1.31285238266,
        "min": -1.80174291134,
        "skew": 1.08152627945,
        "var": 19.0064563751
    },
    "barkbands_skewness": {
        "kurt": -0.799375534058,
        "max": 4.21000623703,
        "mean": 0.370642662048,
        "median": 0.578460037708,
        "min": -3.46615195274,
        "skew": -0.250359326601,
        "var": 3.12804269791
    },
    "barkbands_spread": {
        "kurt": -0.410492181778,
        "max": 37.1432037354,
        "mean": 13.9036722183,
        "median": 13.6593151093,
        "min": 2.48577737808,
        "skew": 0.468907386065,
        "var": 55.1978721619
    },
    "dissonance": {
        "kurt": 1.0903429985,
        "max": 0.499988496304,
        "mean": 0.463131546974,
        "median": 0.472742438316,
        "min": 0.345698565245,
        "skew": -1.23786473274,
        "var": 0.00118939916138
    },
    "hfc": {
        "kurt": 9.76520347595,
        "max": 671.960510254,
        "mean": 43.9480705261,
        "median": 0.277765452862,
        "min": 0.000162088908837,
        "skew": 3.21913099289,
        "var": 15590.9960938
    },
    "pitch": {
        "kurt": -1.49814200401,
        "max": 3731.5847168,
        "mean": 1308.78808594,
        "median": 464.995910645,
        "min": 92.2791824341,
        "skew": 0.658230125904,
        "var": 1878905.75
    },
    "pitch_instantaneous_confidence": {
        "kurt": -0.97057390213,
        "max": 0.835881769657,
        "mean": 0.503724813461,
        "median": 0.496963977814,
        "min": 0.183485865593,
        "skew": 0.11136662215,
        "var": 0.0264309607446
    },
    "pitch_salience": {
        "kurt": 0.0898003578186,
        "max": 0.906414985657,
        "mean": 0.652223289013,
        "median": 0.703548491001,
        "min": 0.19114908576,
        "skew": -1.00088584423,
        "var": 0.0233040563762
    },
    "silence_rate_20dB": {
        "kurt": 11.1911325455,
        "max": 1,
        "mean": 0.937984466553,
        "median": 1,
        "min": 0,
        "skew": -3.63196659088,
        "var": 0.0581695362926
    },
    "silence_rate_30dB": {
        "kurt": 2.74002361298,
        "max": 1,
        "mean": 0.868217051029,
        "median": 1,
        "min": 0,
        "skew": -2.17715358734,
        "var": 0.114416256547
    },
    "silence_rate_60dB": {
        "kurt": -0.522380590439,
        "max": 1,
        "mean": 0.759689927101,
        "median": 1,
        "min": 0,
        "skew": -1.21557188034,
        "var": 0.182561069727
    },
    "spectral_centroid": {
        "kurt": -1.13196003437,
        "max": 3290.84838867,
        "mean": 1580.21557617,
        "median": 1262.06848145,
        "min": 542.946411133,
        "skew": 0.547619342804,
        "var": 717175.8125
    },
    "spectral_complexity": {
        "kurt": 2.54468822479,
        "max": 58,
        "mean": 8,
        "median": 0,
        "min": 0,
        "skew": 1.98170030117,
        "var": 244.170547485
    },
    "spectral_crest": {
        "kurt": -0.552131175995,
        "max": 24.0363960266,
        "mean": 10.9385089874,
        "median": 9.26615428925,
        "min": 4.20313882828,
        "skew": 0.788469672203,
        "var": 26.5749969482
    },
    "spectral_decrease": {
        "kurt": 6.74810314178,
        "max": -2.74324139115e-14,
        "mean": -1.07875361977e-08,
        "median": -2.46701565426e-11,
        "min": -1.17524329823e-07,
        "skew": -2.82736253738,
        "var": 7.99166162493e-16
    },
    "spectral_energy": {
        "kurt": 6.8234539032,
        "max": 0.4847047925,
        "mean": 0.0447008572519,
        "median": 0.000123278659885,
        "min": 1.18238325797e-07,
        "skew": 2.83887457848,
        "var": 0.0138187948614
    },
    "spectral_energyband_high": {
        "kurt": 17.1756649017,
        "max": 0.0222321730107,
        "mean": 0.000956146453973,
        "median": 2.63114088739e-06,
        "min": 2.49022713561e-09,
        "skew": 4.12727355957,
        "var": 1.19151773106e-05
    },
    "spectral_energyband_low": {
        "kurt": 70.2052536011,
        "max": 0.00043293449562,
        "mean": 1.17437193694e-05,
        "median": 4.66226097728e-08,
        "min": 6.11775075043e-10,
        "skew": 7.73072814941,
        "var": 1.83654957908e-09
    },
    "spectral_energyband_middle_high": {
        "kurt": 22.5677452087,
        "max": 0.284524738789,
        "mean": 0.0118701113388,
        "median": 8.98784419405e-05,
        "min": 7.56264384449e-08,
        "skew": 4.37002801895,
        "var": 0.00143263838254
    },
    "spectral_energyband_middle_low": {
        "kurt": 7.41805362701,
        "max": 0.377768605947,
        "mean": 0.0324651673436,
        "median": 2.34958388319e-05,
        "min": 4.11486276164e-08,
        "skew": 2.91350388527,
        "var": 0.00728547619656
    },
    "spectral_flatness_db": {
        "kurt": -0.308039426804,
        "max": 0.391775161028,
        "mean": 0.235505595803,
        "median": 0.225896030664,
        "min": 0.0878373011947,
        "skew": 0.400270849466,
        "var": 0.00366554991342
    },
    "spectral_flux": {
        "kurt": 5.65720176697,
        "max": 0.662718236446,
        "mean": 0.0700209587812,
        "median": 0.00832807272673,
        "min": 0.000573895755224,
        "skew": 2.50634264946,
        "var": 0.0196051634848
    },
    "spectral_kurtosis": {
        "kurt": 9.38951396942,
        "max": 48.2227363586,
        "mean": 9.82015705109,
        "median": 8.28938865662,
        "min": 1.99815797806,
        "skew": 2.46124982834,
        "var": 42.2828330994
    },
    "spectral_rms": {
        "kurt": 3.50717496872,
        "max": 0.0217458661646,
        "mean": 0.00302894948982,
        "median": 0.000346802349668,
        "min": 1.07403193397e-05,
        "skew": 2.18863892555,
        "var": 3.4436070564e-05
    },
    "spectral_rolloff": {
        "kurt": -1.3284252882,
        "max": 4565.0390625,
        "mean": 2406.87792969,
        "median": 2627.05078125,
        "min": 495.263671875,
        "skew": -0.310119003057,
        "var": 1273702
    },
    "spectral_skewness": {
        "kurt": 4.29184389114,
        "max": 5.54971694946,
        "mean": 2.00621938705,
        "median": 1.86095666885,
        "min": 0.798443973064,
        "skew": 1.64096713066,
        "var": 0.509441256523
    },
    "spectral_spread": {
        "kurt": 13.6421260834,
        "max": 9102910,
        "mean": 2886739.75,
        "median": 2711052.25,
        "min": 1486348.5,
        "skew": 2.86230778694,
        "var": 963204153344
    },
    "spectral_strongpeak": {
        "kurt": 8.58598804474,
        "max": 11.7338294983,
        "mean": 1.0554151535,
        "median": 0.160124361515,
        "min": 0.000889966206159,
        "skew": 3.00127983093,
        "var": 5.30176591873
    },
    "zerocrossingrate": {
        "kurt": -1.10374581814,
        "max": 0.15869140625,
        "mean": 0.0785527229309,
        "median": 0.0712890625,
        "min": 0.02099609375,
        "skew": 0.324333101511,
        "var": 0.00143971981015
    },
    "barkbands": {
        "kurt": [27.8510971069, 46.3966140747, 13.3969669342, 69.9299163818, 49.8543357849, 20.8736419678, 10.4829473495, 24.1104736328, 24.7626743317, 78.4010314941, 15.6526832581, 30.5564308167, 15.1263332367, 39.4831504822, 14.4585380554, 24.9127483368, 24.2385406494, 13.0415496826, 18.7147979736, 33.4136161804, 15.6592464447, 20.3785991669, 25.7796230316, 22.2058353424, 25.0824623108, 30.7082939148, 19.8725337982],
        "max": [1.45527383211e-06, 4.60159862996e-05, 6.46207263344e-05, 0.00070867856266, 0.00727996975183, 0.0244593136013, 0.373529583216, 0.0328085236251, 0.086123213172, 0.121494740248, 0.0102531649172, 0.0357754901052, 0.0280031748116, 0.015759056434, 0.012342271395, 0.0293190013617, 0.0371274612844, 0.0214037466794, 0.0329989269376, 0.0311956610531, 0.00741742923856, 0.002367898589, 0.000565163907595, 0.00013796769781, 6.31492075627e-05, 2.49866639024e-06, 9.31327832632e-08],
        "mean": [4.94408034513e-08, 1.26977136006e-06, 3.79111270377e-06, 1.86619181477e-05, 0.00020295662398, 0.00104496721178, 0.0255144275725, 0.00129389518406, 0.00339177041315, 0.00210427702405, 0.000569384777918, 0.00130612880457, 0.00138211122248, 0.000494110805448, 0.000718532013707, 0.00117495434824, 0.00139312655665, 0.00116895302199, 0.00145498616621, 0.000968224427197, 0.000359724275768, 0.000105715080281, 2.07758275792e-05, 5.62703417017e-06, 2.40178701461e-06, 8.25351449407e-08, 4.13866008131e-09],
        "median": [3.41782019353e-10, 3.38715899773e-09, 1.10442934798e-08, 3.86108709449e-08, 2.22211909318e-07, 1.33794617341e-06, 8.82049789652e-06, 3.01876298181e-06, 3.52802726411e-06, 1.62404262483e-06, 1.26253951294e-06, 2.99736529996e-06, 2.29506713367e-06, 8.47979492846e-07, 2.26234283218e-06, 4.61254967377e-06, 6.2379940573e-06, 1.31773012981e-05, 1.08158710646e-05, 3.70047882825e-06, 7.39802146654e-07, 1.33654438628e-07, 2.97637825497e-08, 7.95488919181e-09, 3.97063359969e-09, 1.08024575396e-10, 5.16466990702e-12],
        "min": [9.88163457311e-12, 4.08493308623e-11, 1.82842421759e-10, 1.61619009842e-10, 1.62793778458e-09, 6.8004260001e-09, 1.86699100624e-09, 1.2319406828e-08, 7.4471695477e-09, 1.01363895055e-08, 3.15107406834e-09, 2.55766585688e-09, 2.98586955161e-09, 1.10817188759e-09, 2.85111623199e-09, 2.78482703564e-09, 7.18786186127e-09, 3.68859676136e-09, 7.20914528074e-09, 3.97270305541e-09, 6.34955976686e-10, 1.85043452783e-10, 1.8885056019e-10, 8.18859841045e-11, 2.66485340739e-11, 3.45323812947e-12, 1.10445384934e-13],
        "skew": [5.13699865341, 6.32654094696, 3.53985571861, 7.71477365494, 6.41750049591, 4.53399324417, 3.35174918175, 4.756336689, 4.71166801453, 8.57035160065, 4.01180887222, 5.23863220215, 3.88469958305, 5.82204294205, 3.80137968063, 4.75180196762, 4.72495508194, 3.66326236725, 4.2227063179, 5.31434631348, 4.04514694214, 4.4648733139, 4.84569311142, 4.72022724152, 4.9959526062, 5.44163370132, 4.40049219131],
        "var": [3.85596841458e-14, 2.62879856772e-11, 1.0644116144e-10, 4.93794249934e-09, 6.19244929112e-07, 1.4430092051e-05, 0.00542556028813, 2.06235836231e-05, 0.000133797933813, 0.000142163567943, 3.32285890181e-06, 2.14094197872e-05, 2.09466143133e-05, 3.36946754942e-06, 5.00472560816e-06, 1.62575433933e-05, 2.61177665379e-05, 1.42318140206e-05, 2.56530074694e-05, 1.41399277709e-05, 1.71111958025e-06, 1.53263243874e-07, 5.85447867962e-09, 4.96393204319e-10, 9.76963301924e-11, 1.27710152566e-13, 2.00682063418e-16],
        "cov": [[3.88609331075e-14, 8.26510518012e-13, 1.56970497798e-12, 1.10300969747e-11, 7.38021796454e-11, 4.67602179199e-10, 1.01101518268e-08, 4.75435579794e-10, 9.07502073488e-10, 5.81410697365e-10, 2.10218772945e-10, 4.13428152823e-10, 5.22211440757e-10, 2.04404868032e-10, 2.40189784728e-10, 4.36093355871e-10, 3.83552301031e-10, 2.98384456032e-10, 4.53835802272e-10, 2.95554025698e-10, 1.18853274444e-10, 3.39698755236e-11, 6.40308899652e-12, 1.60579232203e-12, 6.78776804729e-13, 1.93049396591e-14, 1.44657684336e-15], [8.26510518012e-13, 2.64933613242e-11, 3.90977701603e-11, 3.28325727716e-10, 1.67781144533e-09, 1.03914032934e-08, 1.81590351644e-07, 1.28304300517e-08, 3.31613989601e-08, 3.35193099943e-08, 5.06432407121e-09, 1.34737927482e-08, 1.23328058876e-08, 4.81454165424e-09, 7.180662287e-09, 1.3824498879e-08, 1.20563354855e-08, 9.6343795164e-09, 1.13605604923e-08, 1.01160448907e-08, 3.35482530645e-09, 9.90314497074e-10, 1.97054622619e-10, 4.70077657355e-11, 2.01467939553e-11, 5.54993280066e-13, 1.86366662391e-14], [1.56970497798e-12, 3.90977701603e-11, 1.07272732364e-10, 5.44225609023e-10, 5.38792788163e-09, 1.95255829283e-08, 5.45335865354e-07, 3.08055518872e-08, 4.66524952003e-08, 2.23513918485e-08, 1.19969323364e-08, 1.82820993899e-08, 2.5481623922e-08, 1.14773675008e-08, 1.23545493835e-08, 2.00079313117e-08, 2.93683370955e-08, 2.1532304828e-08, 3.10980077245e-08, 1.58074886514e-08, 6.92822910153e-09, 2.2854473869e-09, 3.79861864186e-10, 1.07647030179e-10, 4.85802231776e-11, 1.68380608935e-12, 7.53896863557e-14], [1.10300969747e-11, 3.28325727716e-10, 5.44225609023e-10, 4.97652008491e-09, 2.37087611765e-08, 1.01862383417e-07, 2.8422896321e-06, 1.60538846217e-07, 2.94606223861e-07, 2.48350488619e-07, 7.02325593238e-08, 1.30616584215e-07, 1.49414120187e-07, 6.16352622274e-08, 7.17827077779e-08, 1.26042706938e-07, 1.59470531003e-07, 1.09813200311e-07, 1.34012822173e-07, 1.02426334081e-07, 3.88691141495e-08, 1.2016827533e-08, 2.13554018913e-09, 5.73036174067e-10, 2.45502729257e-10, 6.77240988983e-12, 2.81971061084e-13], [7.38021796454e-11, 1.67781144533e-09, 5.38792788163e-09, 2.37087611765e-08, 6.24082758804e-07, 8.6483873929e-07, 4.03383855883e-05, 2.97909150504e-06, 4.54755900137e-06, 1.76958735665e-06, 1.08811627797e-06, 1.55856150741e-06, 1.87822922726e-06, 1.09348377464e-06, 1.17548631806e-06, 1.43739316627e-06, 1.99653663913e-06, 1.70388352672e-06, 2.63364881903e-06, 1.43790123275e-06, 7.02413274212e-07, 2.32782241483e-07, 3.78436233461e-08, 1.19386935893e-08, 5.72997427284e-09, 2.20307966314e-10, 5.90619653879e-12], [4.67602179199e-10, 1.03914032934e-08, 1.95255829283e-08, 1.01862383417e-07, 8.6483873929e-07, 1.45428275573e-05, 0.000135311769554, 6.36482081973e-06, 1.87039659068e-05, 2.05779506359e-05, 2.87939064947e-06, 9.55387076829e-06, 9.68500171439e-06, 2.47160846811e-06, 4.42167765868e-06, 9.28118151933e-06, 8.06701245892e-06, 6.55610301692e-06, 8.28269639896e-06, 6.78890501149e-06, 2.00989484256e-06, 5.49223614144e-07, 1.36883258506e-07, 2.84812902152e-08, 1.18502256896e-08, 3.36278949131e-10, 2.78153888811e-11], [1.01101518268e-08, 1.81590351644e-07, 5.45335865354e-07, 2.8422896321e-06, 4.03383855883e-05, 0.000135311769554, 0.00546794757247, 0.000166384401382, 0.000307004578644, 0.000132643981487, 9.4572234957e-05, 0.000143520912388, 0.000285587040707, 8.91182353371e-05, 0.000112626337796, 0.000143679411849, 0.00021740354714, 0.000182653195225, 0.000246514216997, 0.000167341786437, 7.36519868951e-05, 2.05108335649e-05, 3.68515588889e-06, 1.13932355816e-06, 4.83437702314e-07, 1.63458917513e-08, 9.51587586506e-10], [4.75435579794e-10, 1.28304300517e-08, 3.08055518872e-08, 1.60538846217e-07, 2.97909150504e-06, 6.36482081973e-06, 0.000166384401382, 2.07847060665e-05, 2.76269292954e-05, 1.51249178089e-05, 6.01477131568e-06, 7.73053852754e-06, 8.26154064271e-06, 4.38018787463e-06, 6.09048174738e-06, 8.1378439063e-06, 7.17397915651e-06, 7.31177078706e-06, 9.33698447625e-06, 5.6667431636e-06, 2.62117896455e-06, 8.67936364557e-07, 1.45163923548e-07, 4.11439629033e-08, 2.03433128121e-08, 7.77394204565e-10, 1.97127973667e-11], [9.07502073488e-10, 3.31613989601e-08, 4.66524952003e-08, 2.94606223861e-07, 4.54755900137e-06, 1.87039659068e-05, 0.000307004578644, 2.76269292954e-05, 0.000134843226988, 9.5443414466e-05, 1.18273246699e-05, 4.64649347123e-05, 2.92392996926e-05, 1.49520510604e-05, 2.08470482903e-05, 4.20687028964e-05, 2.91858159471e-05, 2.55060967902e-05, 3.6738205381e-05, 2.91780470434e-05, 9.70582641457e-06, 2.84082148028e-06, 6.05066304615e-07, 1.59255947096e-07, 6.97143249795e-08, 2.39065123253e-09, 4.63038253573e-11], [5.81410697365e-10, 3.35193099943e-08, 2.23513918485e-08, 2.48350488619e-07, 1.76958735665e-06, 2.05779506359e-05, 0.000132643981487, 1.51249178089e-05, 9.5443414466e-05, 0.000143274213769, 6.317910902e-06, 4.48949613201e-05, 2.47430380114e-05, 8.30827048048e-06, 1.89024576684e-05, 3.71960413759e-05, 3.04120931105e-05, 2.48005308094e-05, 2.30117730098e-05, 3.62970095011e-05, 9.25440235733e-06, 2.5477941108e-06, 6.49276330478e-07, 1.52508022211e-07, 6.37634727241e-08, 1.87450899247e-09, 2.44801644234e-11], [2.10218772945e-10, 5.06432407121e-09, 1.19969323364e-08, 7.02325593238e-08, 1.08811627797e-06, 2.87939064947e-06, 9.4572234957e-05, 6.01477131568e-06, 1.18273246699e-05, 6.317910902e-06, 3.34881883646e-06, 4.7513053687e-06, 5.434889772e-06, 2.55062855103e-06, 2.96488337881e-06, 4.16980174123e-06, 5.45331886315e-06, 4.80786593471e-06, 5.96268182562e-06, 4.15092608819e-06, 1.72564432432e-06, 5.32661601937e-07, 9.80133023631e-08, 2.90829209604e-08, 1.30864510339e-08, 4.69551952875e-10, 1.61894456174e-11], [4.13428152823e-10, 1.34737927482e-08, 1.82820993899e-08, 1.30616584215e-07, 1.55856150741e-06, 9.55387076829e-06, 0.000143520912388, 7.73053852754e-06, 4.64649347123e-05, 4.48949613201e-05, 4.7513053687e-06, 2.15766813199e-05, 1.2098786101e-05, 6.42129452899e-06, 7.92535320215e-06, 1.66771187651e-05, 1.49250909089e-05, 1.1106679267e-05, 1.54283989104e-05, 1.44804125739e-05, 4.44122952103e-06, 1.33109119815e-06, 2.98341689131e-07, 7.81436924058e-08, 3.39627845847e-08, 1.10644315932e-09, 2.54068693167e-11], [5.22211440757e-10, 1.23328058876e-08, 2.5481623922e-08, 1.49414120187e-07, 1.87822922726e-06, 9.68500171439e-06, 0.000285587040707, 8.26154064271e-06, 2.92392996926e-05, 2.47430380114e-05, 5.434889772e-06, 1.2098786101e-05, 2.1110259695e-05, 4.89260446557e-06, 8.59932151798e-06, 1.36398430186e-05, 1.47557848322e-05, 1.3698479961e-05, 1.63915410667e-05, 1.39315425258e-05, 5.21063248016e-06, 1.33320190798e-06, 2.67631975248e-07, 7.83226070666e-08, 3.19279038763e-08, 1.0215194246e-09, 5.62838144147e-11], [2.04404868032e-10, 4.81454165424e-09, 1.14773675008e-08, 6.16352622274e-08, 1.09348377464e-06, 2.47160846811e-06, 8.91182353371e-05, 4.38018787463e-06, 1.49520510604e-05, 8.30827048048e-06, 2.55062855103e-06, 6.42129452899e-06, 4.89260446557e-06, 3.39579150932e-06, 2.98078748528e-06, 5.20183129993e-06, 6.12711619397e-06, 4.38377719547e-06, 7.6836477092e-06, 4.79640357298e-06, 1.96633550331e-06, 6.38449648704e-07, 1.17551820722e-07, 3.49368640684e-08, 1.59686273093e-08, 5.79064685091e-10, 1.44034601954e-11], [2.40189784728e-10, 7.180662287e-09, 1.23545493835e-08, 7.17827077779e-08, 1.17548631806e-06, 4.42167765868e-06, 0.000112626337796, 6.09048174738e-06, 2.08470482903e-05, 1.89024576684e-05, 2.96488337881e-06, 7.92535320215e-06, 8.59932151798e-06, 2.98078748528e-06, 5.04382524014e-06, 7.89456953498e-06, 7.70447513787e-06, 7.12075734555e-06, 8.49646130519e-06, 7.46476280256e-06, 2.64714412879e-06, 7.43276871162e-07, 1.49606108835e-07, 4.0735304907e-08, 1.75439662797e-08, 5.95995697239e-10, 2.04312330943e-11], [4.36093355871e-10, 1.3824498879e-08, 2.00079313117e-08, 1.26042706938e-07, 1.43739316627e-06, 9.28118151933e-06, 0.000143679411849, 8.1378439063e-06, 4.20687028964e-05, 3.71960413759e-05, 4.16980174123e-06, 1.66771187651e-05, 1.36398430186e-05, 5.20183129993e-06, 7.89456953498e-06, 1.63845561474e-05, 1.37492434078e-05, 1.1507927411e-05, 1.5727844584e-05, 1.25833039419e-05, 4.06164599553e-06, 1.16161947972e-06, 2.46775385904e-07, 6.4316814985e-08, 2.7472442099e-08, 9.02668106928e-10, 2.59608654019e-11], [3.83552301031e-10, 1.20563354855e-08, 2.93683370955e-08, 1.59470531003e-07, 1.99653663913e-06, 8.06701245892e-06, 0.00021740354714, 7.17397915651e-06, 2.91858159471e-05, 3.04120931105e-05, 5.45331886315e-06, 1.49250909089e-05, 1.47557848322e-05, 6.12711619397e-06, 7.70447513787e-06, 1.37492434078e-05, 2.63218116743e-05, 1.77782094397e-05, 2.31614812947e-05, 1.5033992895e-05, 5.03242154082e-06, 1.65839060173e-06, 3.14952558256e-07, 8.90682869681e-08, 3.8548531478e-08, 1.38240652259e-09, 3.83571403806e-11], [2.98384456032e-10, 9.6343795164e-09, 2.1532304828e-08, 1.09813200311e-07, 1.70388352672e-06, 6.55610301692e-06, 0.000182653195225, 7.31177078706e-06, 2.55060967902e-05, 2.48005308094e-05, 4.80786593471e-06, 1.1106679267e-05, 1.3698479961e-05, 4.38377719547e-06, 7.12075734555e-06, 1.1507927411e-05, 1.77782094397e-05, 1.43429997479e-05, 1.68729038705e-05, 1.20529575725e-05, 4.19649677497e-06, 1.26597240069e-06, 2.41930763423e-07, 6.81661518342e-08, 2.92021891113e-08, 1.03252673078e-09, 3.51345827432e-11], [4.53835802272e-10, 1.13605604923e-08, 3.10980077245e-08, 1.34012822173e-07, 2.63364881903e-06, 8.28269639896e-06, 0.000246514216997, 9.33698447625e-06, 3.6738205381e-05, 2.30117730098e-05, 5.96268182562e-06, 1.54283989104e-05, 1.63915410667e-05, 7.6836477092e-06, 8.49646130519e-06, 1.5727844584e-05, 2.31614812947e-05, 1.68729038705e-05, 2.58534219029e-05, 1.41937498483e-05, 5.47387162442e-06, 1.77334300133e-06, 3.17044879239e-07, 9.35013986236e-08, 4.1684366181e-08, 1.54552748377e-09, 4.47605390252e-11], [2.95554025698e-10, 1.01160448907e-08, 1.58074886514e-08, 1.02426334081e-07, 1.43790123275e-06, 6.78890501149e-06, 0.000167341786437, 5.6667431636e-06, 2.91780470434e-05, 3.62970095011e-05, 4.15092608819e-06, 1.44804125739e-05, 1.39315425258e-05, 4.79640357298e-06, 7.46476280256e-06, 1.25833039419e-05, 1.5033992895e-05, 1.20529575725e-05, 1.41937498483e-05, 1.42503959069e-05, 4.64745608042e-06, 1.3178523659e-06, 2.80079945014e-07, 7.75626389782e-08, 3.29274278954e-08, 1.08068365368e-09, 3.35881045199e-11], [1.18853274444e-10, 3.35482530645e-09, 6.92822910153e-09, 3.88691141495e-08, 7.02413274212e-07, 2.00989484256e-06, 7.36519868951e-05, 2.62117896455e-06, 9.70582641457e-06, 9.25440235733e-06, 1.72564432432e-06, 4.44122952103e-06, 5.21063248016e-06, 1.96633550331e-06, 2.64714412879e-06, 4.06164599553e-06, 5.03242154082e-06, 4.19649677497e-06, 5.47387162442e-06, 4.64745608042e-06, 1.72448767444e-06, 4.96728830512e-07, 9.69571303244e-08, 2.85173111791e-08, 1.23772361249e-08, 4.24064089399e-10, 1.40963863846e-11], [3.39698755236e-11, 9.90314497074e-10, 2.2854473869e-09, 1.2016827533e-08, 2.32782241483e-07, 5.49223614144e-07, 2.05108335649e-05, 8.67936364557e-07, 2.84082148028e-06, 2.5477941108e-06, 5.32661601937e-07, 1.33109119815e-06, 1.33320190798e-06, 6.38449648704e-07, 7.43276871162e-07, 1.16161947972e-06, 1.65839060173e-06, 1.26597240069e-06, 1.77334300133e-06, 1.3178523659e-06, 4.96728830512e-07, 1.5446060786e-07, 2.89927264419e-08, 8.56169624086e-09, 3.82488263284e-09, 1.36061009681e-10, 3.71071359404e-12], [6.40308899652e-12, 1.97054622619e-10, 3.79861864186e-10, 2.13554018913e-09, 3.78436233461e-08, 1.36883258506e-07, 3.68515588889e-06, 1.45163923548e-07, 6.05066304615e-07, 6.49276330478e-07, 9.80133023631e-08, 2.98341689131e-07, 2.67631975248e-07, 1.17551820722e-07, 1.49606108835e-07, 2.46775385904e-07, 3.14952558256e-07, 2.41930763423e-07, 3.17044879239e-07, 2.80079945014e-07, 9.69571303244e-08, 2.89927264419e-08, 5.90021675961e-09, 1.67348823688e-09, 7.31657734399e-10, 2.50689087544e-11, 7.07691934568e-13], [1.60579232203e-12, 4.70077657355e-11, 1.07647030179e-10, 5.73036174067e-10, 1.19386935893e-08, 2.84812902152e-08, 1.13932355816e-06, 4.11439629033e-08, 1.59255947096e-07, 1.52508022211e-07, 2.90829209604e-08, 7.81436924058e-08, 7.83226070666e-08, 3.49368640684e-08, 4.0735304907e-08, 6.4316814985e-08, 8.90682869681e-08, 6.81661518342e-08, 9.35013986236e-08, 7.75626389782e-08, 2.85173111791e-08, 8.56169624086e-09, 1.67348823688e-09, 5.00271268855e-10, 2.1995191779e-10, 7.66807103925e-12, 2.17232061874e-13], [6.78776804729e-13, 2.01467939553e-11, 4.85802231776e-11, 2.45502729257e-10, 5.72997427284e-09, 1.18502256896e-08, 4.83437702314e-07, 2.03433128121e-08, 6.97143249795e-08, 6.37634727241e-08, 1.30864510339e-08, 3.39627845847e-08, 3.19279038763e-08, 1.59686273093e-08, 1.75439662797e-08, 2.7472442099e-08, 3.8548531478e-08, 2.92021891113e-08, 4.1684366181e-08, 3.29274278954e-08, 1.23772361249e-08, 3.82488263284e-09, 7.31657734399e-10, 2.1995191779e-10, 9.84595807663e-11, 3.4932235056e-12, 9.02622567618e-14], [1.93049396591e-14, 5.54993280066e-13, 1.68380608935e-12, 6.77240988983e-12, 2.20307966314e-10, 3.36278949131e-10, 1.63458917513e-08, 7.77394204565e-10, 2.39065123253e-09, 1.87450899247e-09, 4.69551952875e-10, 1.10644315932e-09, 1.0215194246e-09, 5.79064685091e-10, 5.95995697239e-10, 9.02668106928e-10, 1.38240652259e-09, 1.03252673078e-09, 1.54552748377e-09, 1.08068365368e-09, 4.24064089399e-10, 1.36061009681e-10, 2.50689087544e-11, 7.66807103925e-12, 3.4932235056e-12, 1.28707889615e-13, 3.01954264916e-15], [1.44657684336e-15, 1.86366662391e-14, 7.53896863557e-14, 2.81971061084e-13, 5.90619653879e-12, 2.78153888811e-11, 9.51587586506e-10, 1.97127973667e-11, 4.63038253573e-11, 2.44801644234e-11, 1.61894456174e-11, 2.54068693167e-11, 5.62838144147e-11, 1.44034601954e-11, 2.04312330943e-11, 2.59608654019e-11, 3.83571403806e-11, 3.51345827432e-11, 4.47605390252e-11, 3.35881045199e-11, 1.40963863846e-11, 3.71071359404e-12, 7.07691934568e-13, 2.17232061874e-13, 9.02622567618e-14, 3.01954264916e-15, 2.02249894934e-16]]
    },
    "mfcc": {
        "kurt": [0.242287158966, -0.426961421967, -0.707475423813, -0.656979322433, -0.727348566055, 0.489236831665, -0.730918884277, -0.112852573395, -0.543913602829, -0.472838878632, 0.457410573959, 1.16974592209, 0.316627025604],
        "max": [-457.022460938, 196.489227295, 18.1959533691, 65.1667861938, 19.9615020752, -1.97931671143, 16.7041358948, 20.7733249664, 18.4920692444, 19.5775775909, 22.6656684875, 22.8143405914, 31.0264396667],
        "mean": [-882.00579834, 79.8930511475, -75.153213501, 3.7882361412, -29.9144115448, -43.7441520691, -19.6491928101, -11.6448326111, -10.3339128494, -3.36923122406, 1.54439771175, 4.17569684982, 6.49107694626],
        "median": [-927.532714844, 80.2931671143, -85.3965301514, 2.74956130981, -23.6903495789, -41.8588371277, -20.9331359863, -11.9298210144, -11.0757064819, -4.06768035889, 3.05219650269, 5.56220245361, 6.96599578857],
        "min": [-1132.46777344, -38.8412857056, -154.448318481, -62.3923416138, -90.6533279419, -84.2954864502, -53.271446228, -44.9620132446, -38.5899658203, -25.5653305054, -29.8778743744, -30.5504417419, -29.0548019409],
        "skew": [1.02333009243, -0.043051995337, 0.383179664612, 0.0573604777455, -0.366897970438, -0.422976344824, -0.00598178431392, -0.00572183728218, 0.0336079075933, 0.018204793334, -0.714546024799, -0.938718438148, -0.486876636744],
        "var": [28051.8261719, 2176.46923828, 1503.62683105, 719.165710449, 740.924926758, 222.268661499, 233.984390259, 164.301223755, 132.398544312, 87.437286377, 91.5120162964, 100.101074219, 128.157348633],
        "cov": [[28270.9804688, 4543.69140625, -3733.40234375, -47.8328399658, -2774.54248047, 176.386016846, -1364.85522461, -1199.58032227, -570.191833496, -494.120635986, -315.427124023, -5.25336456299, 141.083236694], [4543.69140625, 2193.47290039, -400.416778564, -483.262695312, -582.882324219, -3.15170097351, -243.829071045, -345.645233154, -166.196166992, -121.482421875, -191.718475342, 11.2433595657, 35.5055465698], [-3733.40234375, -400.416778564, 1515.37390137, 54.9077148438, 562.146484375, 246.466552734, 155.526016235, 193.427047729, 142.965713501, 28.8746166229, -12.3013095856, 28.1560211182, -73.2956466675], [-47.8328399658, -483.262695312, 54.9077148438, 724.784179688, 370.546539307, 61.9626541138, 29.4265041351, 59.6574630737, 23.8777484894, -34.6498947144, 12.733335495, -49.8927955627, -57.808757782], [-2774.54248047, -582.882324219, 562.146484375, 370.546539307, 746.713378906, 101.156616211, 243.179840088, 172.661376953, -2.05215644836, 19.3729095459, -23.7845535278, -100.528038025, -164.295379639], [176.386016846, -3.15170097351, 246.466552734, 61.9626541138, 101.156616211, 224.005142212, 26.1225204468, -1.26529192924, 31.3731575012, -5.23256635666, -14.1887817383, 0.693797111511, -41.7361907959], [-1364.85522461, -243.829071045, 155.526016235, 29.4265041351, 243.179840088, 26.1225204468, 235.812393188, 62.2912826538, -36.579826355, 16.9988193512, -10.3880224228, -18.2031364441, -68.9324417114], [-1199.58032227, -345.645233154, 193.427047729, 59.6574630737, 172.661376953, -1.26529192924, 62.2912826538, 165.584823608, 45.7109336853, 2.95072197914, 9.1551656723, -41.4046974182, -40.610206604], [-570.191833496, -166.196166992, 142.965713501, 23.8777484894, -2.05215644836, 31.3731575012, -36.579826355, 45.7109336853, 133.432907104, 37.0221633911, 12.1328630447, 3.50217032433, 15.4109373093], [-494.120635986, -121.482421875, 28.8746166229, -34.6498947144, 19.3729095459, -5.23256635666, 16.9988193512, 2.95072197914, 37.0221633911, 88.1203918457, 46.8083152771, 3.36533355713, 15.1084575653], [-315.427124023, -191.718475342, -12.3013095856, 12.733335495, -23.7845535278, -14.1887817383, -10.3880224228, 9.1551656723, 12.1328630447, 46.8083152771, 92.2269515991, 44.6192092896, 52.2422103882], [-5.25336456299, 11.2433595657, 28.1560211182, -49.8927955627, -100.528038025, 0.693797111511, -18.2031364441, -41.4046974182, 3.50217032433, 3.36533355713, 44.6192092896, 100.883110046, 73.0456390381], [141.083236694, 35.5055465698, -73.2956466675, -57.808757782, -164.295379639, -41.7361907959, -68.9324417114, -40.610206604, 15.4109373093, 15.1084575653, 52.2422103882, 73.0456390381, 129.158584595]]
    },
    "sccoeffs": {
        "kurt": [-0.181453704834, 0.296473503113, 2.2885351181, 2.257853508, -0.0349278450012, -1.13003134727],
        "max": [-0.37890625, -0.198942884803, -0.456952542067, -0.553876340389, -0.610305845737, -0.664194703102],
        "mean": [-0.736153304577, -0.712161123753, -0.793984293938, -0.810376405716, -0.800319731236, -0.776193261147],
        "median": [-0.765688896179, -0.786488652229, -0.814991593361, -0.828692138195, -0.806264102459, -0.782936513424],
        "min": [-0.915568232536, -0.916714012623, -0.925016880035, -0.908573567867, -0.897902905941, -0.880968689919],
        "skew": [0.751315712929, 1.15749180317, 1.36155998707, 1.42003965378, 0.513170480728, 0.165351003408],
        "var": [0.0134481908754, 0.0293427873403, 0.00748994154856, 0.00456593139097, 0.00297289481387, 0.00326332170516],
        "cov": [[0.0135532552376, 0.0103124696761, 0.00572669878602, 0.00487808929756, 0.00407709600404, 0.00255236797966], [0.0103124696761, 0.0295720286667, 0.0103827267885, 0.00873381923884, 0.0053227818571, 0.00648851878941], [0.00572669878602, 0.0103827267885, 0.00754845654592, 0.00415156735107, 0.00230891699903, 0.00300858309492], [0.00487808929756, 0.00873381923884, 0.00415156735107, 0.00460160290822, 0.00253264303319, 0.002853958169], [0.00407709600404, 0.0053227818571, 0.00230891699903, 0.00253264303319, 0.00299612060189, 0.00213419366628], [0.00255236797966, 0.00648851878941, 0.00300858309492, 0.002853958169, 0.00213419366628, 0.00328881642781]]
    },
    "scvalleys": {
        "kurt": [-0.0885479450226, -0.450568675995, -0.621914625168, -0.420086145401, 0.12252664566, 0.728214025497],
        "max": [-6.15558958054, -3.24032378197, -3.70206165314, -4.40017747879, -4.49092626572, -7.22972202301],
        "mean": [-10.4002456665, -7.83068990707, -8.15079402924, -8.45715522766, -8.58139133453, -12.0037927628],
        "median": [-10.8432273865, -8.2871465683, -8.55563735962, -8.69476127625, -8.7949886322, -12.3136663437],
        "min": [-12.4487886429, -10.8147449493, -11.2377691269, -11.6027765274, -12.0765562057, -14.5424547195],
        "skew": [0.978176891804, 0.720562458038, 0.569876432419, 0.483234256506, 0.690415620804, 1.10986340046],
        "var": [2.52620911598, 3.22873997688, 3.83253788948, 3.34682059288, 2.72737550735, 2.98357439041],
        "cov": [[2.54594516754, 2.52683973312, 2.47592616081, 2.31662774086, 1.96935415268, 2.24947571754], [2.52683973312, 3.25396442413, 3.35000300407, 3.05741047859, 2.50662279129, 2.62985491753], [2.47592616081, 3.35000300407, 3.86247968674, 3.46786785126, 2.80345582962, 2.82977104187], [2.31662774086, 3.05741047859, 3.46786785126, 3.37296772003, 2.81569576263, 2.82038140297], [1.96935415268, 2.50662279129, 2.80345582962, 2.81569576263, 2.74868321419, 2.7251124382], [2.24947571754, 2.62985491753, 2.82977104187, 2.82038140297, 2.7251124382, 3.00688362122]]
    }
},
"rhythm": {
    "beats_loudness": {
        "kurt": 0.249997377396,
        "max": 0.461288809776,
        "mean": 0.0924099013209,
        "median": 0.000156679860083,
        "min": 3.08523631247e-05,
        "skew": 1.49999809265,
        "var": 0.0340179279447
    },
    "bpm": 110.579277039,
    "confidence": 0,
    "first_peak_bpm": {
        "kurt": 0,
        "max": 112,
        "mean": 112,
        "median": 112,
        "min": 112,
        "skew": 0,
        "var": 0
    },
    "first_peak_spread": {
        "kurt": 0,
        "max": 0.5,
        "mean": 0.5,
        "median": 0.5,
        "min": 0.5,
        "skew": 0,
        "var": 0
    },
    "first_peak_weight": {
        "kurt": 0,
        "max": 0.5,
        "mean": 0.5,
        "median": 0.5,
        "min": 0.5,
        "skew": 0,
        "var": 0
    },
    "onset_rate": 2.36137366295,
    "second_peak_bpm": {
        "kurt": 0,
        "max": 0,
        "mean": 0,
        "median": 0,
        "min": 0,
        "skew": 0,
        "var": 0
    },
    "second_peak_spread": {
        "kurt": 0,
        "max": 0,
        "mean": 0,
        "median": 0,
        "min": 0,
        "skew": 0,
        "var": 0
    },
    "second_peak_weight": {
        "kurt": 0,
        "max": 0,
        "mean": 0,
        "median": 0,
        "min": 0,
        "skew": 0,
        "var": 0
    },
    "beats_loudness_band_ratio": {
        "kurt": [0.166057348251, -1.80892038345, -1.7777878046, -0.705368518829, -1.20737981796, -0.898685932159],
        "max": [0.093125410378, 0.104245983064, 0.798835217953, 0.425326496363, 0.395272284746, 0.37498870492],
        "mean": [0.0232164468616, 0.0522156581283, 0.412754386663, 0.196998268366, 0.20261028409, 0.132167205215],
        "median": [0.0101383300498, 0.0257554072887, 0.224824011326, 0.191252887249, 0.191854506731, 0.0529043823481],
        "min": [5.57059029234e-05, 0.0123342424631, 0.13769698143, 0.0668983533978, 0.0778786614537, 0.0138771794736],
        "skew": [1.43680357933, 0.378883838654, 0.399422049522, 0.752895772457, 0.421070367098, 0.829036951065],
        "var": [0.00124289304949, 0.00168172304984, 0.0829861015081, 0.0166817642748, 0.0144218476489, 0.0192368999124],
        "cov": [[0.00155361625366, 0.0011197142303, -0.00666665425524, 0.00500045251101, 0.000430858635809, -0.00176204263698], [0.0011197142303, 0.00210215384141, -0.00785058736801, 0.00534574687481, 0.000654211151414, -0.00144567713141], [-0.00666665425524, -0.00785058736801, 0.10373262316, -0.0196511894464, -0.0373138710856, -0.0301321502775], [0.00500045251101, 0.00534574687481, -0.0196511894464, 0.0208522044122, -0.00168392714113, -0.0103356875479], [0.000430858635809, 0.000654211151414, -0.0373138710856, -0.00168392714113, 0.0180273093283, 0.0192041806877], [-0.00176204263698, -0.00144567713141, -0.0301321502775, -0.0103356875479, 0.0192041806877, 0.0240461248904]]
    },
    "beats_position": [0.522448956966, 1.05650794506, 1.60217678547, 2.15945577621, 2.69351458549],
    "bpm_estimates": [112.347137451, 109.956802368, 107.666000366, 112.347175598],
    "bpm_intervals": [0.534058988094, 0.545668840408, 0.557278990746, 0.53405880928],
    "onset_times": [0.0580498874187, 0.650158703327, 0.940408170223, 1.2190476656, 1.55573701859, 2.17106580734, 2.72834467888],
    "histogram": [[0, 0, 0, 0, 0, 0, 0, 0, 0, 0, 0, 0, 0, 0, 0, 0, 0, 0, 0, 0, 0, 0, 0, 0, 0, 0, 0, 0, 0, 0, 0, 0, 0, 0, 0, 0, 0, 0, 0, 0, 0, 0, 0, 0, 0, 0, 0, 0, 0, 0, 0, 0, 0, 0, 0, 0, 0, 0, 0, 0, 0, 0, 0, 0, 0, 0, 0, 0, 0, 0, 0, 0, 0, 0, 0, 0, 0, 0, 0, 0, 0, 0, 0, 0, 0, 0, 0, 0, 0, 0, 0, 0, 0, 0, 0, 0, 0, 0, 0, 0, 0, 0, 0, 0, 0, 0, 0, 0, 0.25, 0, 0.25, 0, 0.5, 0, 0, 0, 0, 0, 0, 0, 0, 0, 0, 0, 0, 0, 0, 0, 0, 0, 0, 0, 0, 0, 0, 0, 0, 0, 0, 0, 0, 0, 0, 0, 0, 0, 0, 0, 0, 0, 0, 0, 0, 0, 0, 0, 0, 0, 0, 0, 0, 0, 0, 0, 0, 0, 0, 0, 0, 0, 0, 0, 0, 0, 0, 0, 0, 0, 0, 0, 0, 0, 0, 0, 0, 0, 0, 0, 0, 0, 0, 0, 0, 0, 0, 0, 0, 0, 0, 0, 0, 0, 0, 0, 0, 0, 0, 0, 0, 0, 0, 0, 0, 0, 0, 0, 0, 0, 0, 0, 0, 0, 0, 0, 0, 0, 0, 0, 0, 0, 0, 0, 0, 0, 0, 0, 0, 0, 0, 0, 0, 0, 0, 0, 0, 0, 0, 0, 0, 0]]
},
"sfx": {
    "inharmonicity": {
        "kurt": 0.543062925339,
        "max": 0.398436099291,
        "mean": 0.0807921811938,
        "median": 0.024873226881,
        "min": 0,
        "skew": 1.33487355709,
        "var": 0.0121477395296
    },
    "oddtoevenharmonicenergyratio": {
        "kurt": 31.6827392578,
        "max": 39.9801712036,
        "mean": 1.99156725407,
        "median": 0.238168731332,
        "min": 0,
        "skew": 5.110247612,
        "var": 23.8083591461
    },
    "pitch_after_max_to_before_max_energy_ratio": 12.5547227859,
    "pitch_centroid": 58.4345626831,
    "pitch_max_to_total": 0.0155038759112,
    "pitch_min_to_total": 0.294573634863,
    "tristimulus": {
        "kurt": [-1.70747375488, -1.27221000195, -0.733017683029],
        "max": [1, 0.816944718361, 0.930898249149],
        "mean": [0.460855871439, 0.272067695856, 0.267076432705],
        "median": [0.369390040636, 0.226303711534, 0.295519769192],
        "min": [0, 0, 0],
        "skew": [0.246208891273, 0.370549350977, 0.466320991516],
        "var": [0.184316247702, 0.0636453703046, 0.0595736727118],
        "cov": [[0.185756221414, -0.0949298515916, -0.0908263921738], [-0.0949298515916, 0.0641425997019, 0.0307872332633], [-0.0908263921738, 0.0307872332633, 0.0600390918553]]
    }
},
"tonal": {
    "chords_changes_rate": 0.0615384615958,
    "chords_number_rate": 0.0769230797887,
    "chords_strength": {
        "kurt": -0.628651380539,
        "max": 0.64438700676,
        "mean": 0.514407992363,
        "median": 0.522813796997,
        "min": 0.377680659294,
        "skew": -0.327453970909,
        "var": 0.00411338824779
    },
    "key_strength": 0.340061068535,
    "tuning_diatonic_strength": 0.405621349812,
    "tuning_equal_tempered_deviation": 0.239800304174,
    "tuning_frequency": 456.570251465,
    "tuning_nontempered_energy_ratio": 0.890950798988,
    "hpcp": {
        "kurt": [1.31901502609, -0.144750833511, 0.0175094604492, 0.140413284302, 1.2623963356, 2.93744277954, 3.86374473572, 8.08627414703, 8.1206111908, 3.50675058365, 1.36044025421, 1.11097764969, 0.624930858612, 1.86236619949, 3.05347394943, 1.1090836525, 3.42989635468, 2.13134384155, 2.45898246765, 1.74521684647, 1.58494758606, 1.1791472435, 1.86236619949, 1.0906791687, 0.220619916916, 0.145025491714, 0.735813379288, 1.64319515228, 2.3626036644, 0.617180347443, -0.234872817993, -0.0766952037811, -0.331075668335, -0.113741636276, 0.584161996841, -0.139248371124],
        "max": [1, 1, 1, 1, 1, 1, 1, 0.926107406616, 1, 0.913788557053, 1, 1, 1, 1, 0.924531340599, 0.607627034187, 1, 1, 1, 1, 1, 0.981289863586, 1, 0.953177392483, 1, 1, 1, 0.970063984394, 0.978870630264, 1, 1, 1, 1, 1, 1, 0.852218985558],
        "mean": [0.277473598719, 0.330467700958, 0.344524115324, 0.317506790161, 0.251653790474, 0.194839730859, 0.170583248138, 0.13575796783, 0.132762163877, 0.165536865592, 0.203804194927, 0.238788694143, 0.252030164003, 0.237387865782, 0.189168140292, 0.162098094821, 0.191426664591, 0.209041684866, 0.207825273275, 0.208164468408, 0.201733872294, 0.225770309567, 0.23595944047, 0.239044934511, 0.298578411341, 0.302224785089, 0.248870328069, 0.224717319012, 0.216432392597, 0.259017914534, 0.300431489944, 0.312093824148, 0.338021397591, 0.32106512785, 0.27324911952, 0.251003861427],
        "median": [0.199090406299, 0.226808741689, 0.256511151791, 0.194458320737, 0.163774996996, 0.116077244282, 0.0942801684141, 0.0920922979712, 0.0567250847816, 0.0736136212945, 0.104203350842, 0.126150891185, 0.192744359374, 0.153096079826, 0.131889432669, 0.118350014091, 0.108258597553, 0.144548341632, 0.14814285934, 0.12625361979, 0.123409859836, 0.107204526663, 0.130974441767, 0.138063207269, 0.20214164257, 0.211873680353, 0.191636309028, 0.13787406683, 0.143868476152, 0.170685365796, 0.199086889625, 0.217707425356, 0.244693651795, 0.222655460238, 0.184305816889, 0.190818056464],
