{
"metadata": {
    "version": {
        "essentia": "2.1-beta3"
    }
},
"lowLevel": {
    "average_loudness": 0.00481313560158,
    "barkbands_kurtosis": {
        "kurt": 289.224731445,
        "max": 1625.99157715,
        "mean": 7.3375916481,
        "median": -1.19511723518,
        "min": -1.79100859165,
        "skew": 16.4030036926,
        "var": 7034.49951172
    },
    "barkbands_skewness": {
        "kurt": 9.70142173767,
        "max": 12.3662033081,
        "mean": -0.106380142272,
        "median": -0.300336152315,
        "min": -6.3759894371,
        "skew": 1.48022019863,
        "var": 2.36243486404
    },
    "barkbands_spread": {
        "kurt": 0.0211532115936,
        "max": 44.7876625061,
        "mean": 23.6974449158,
        "median": 26.4386405945,
        "min": 0.0196708682925,
        "skew": -0.893233656883,
        "var": 87.2659988403
    },
    "dissonance": {
        "kurt": 10.0059700012,
        "max": 0.499902784824,
        "mean": 0.475012391806,
        "median": 0.482386529446,
        "min": 0.298166662455,
        "skew": -3.06890249252,
        "var": 0.000852579600178
    },
    "hfc": {
        "kurt": 113.179878235,
        "max": 7186.63037109,
        "mean": 64.2854919434,
        "median": 0.14764136076,
        "min": 0.00578862521797,
        "skew": 10.5179891586,
        "var": 325996.0625
    },
    "pitch": {
        "kurt": 0.619040489197,
        "max": 4115.43457031,
        "mean": 1002.03747559,
        "median": 413.249725342,
        "min": 80.6356201172,
        "skew": 1.5397567749,
        "var": 1357932.625
    },
    "pitch_instantaneous_confidence": {
        "kurt": 0.533402442932,
        "max": 1.00059401989,
        "mean": 0.535341560841,
        "median": 0.550074875355,
        "min": 0.176159977913,
        "skew": 0.325345277786,
        "var": 0.0224207658321
    },
    "pitch_salience": {
        "kurt": 7.19565105438,
        "max": 0.97678232193,
        "mean": 0.672047078609,
        "median": 0.690010666847,
        "min": 0.0396016091108,
        "skew": -2.09895777702,
        "var": 0.0141868581995
    },
    "silence_rate_20dB": {
        "kurt": 81.4138870239,
        "max": 1,
        "mean": 0.988425910473,
        "median": 1,
        "min": 0,
        "skew": -9.13308429718,
        "var": 0.0114399632439
    },
    "silence_rate_30dB": {
        "kurt": 23.8363800049,
        "max": 1,
        "mean": 0.965277791023,
        "median": 1,
        "min": 0,
        "skew": -5.08293581009,
        "var": 0.0335164144635
    },
    "silence_rate_60dB": {
        "kurt": 2.19045162201,
        "max": 1,
        "mean": 0.857638895512,
        "median": 1,
        "min": 0,
        "skew": -2.0470688343,
        "var": 0.122093856335
    },
    "spectral_centroid": {
        "kurt": 1.01886224747,
        "max": 3918.38134766,
        "mean": 1770.51477051,
        "median": 1768.40576172,
        "min": 482.782043457,
        "skew": 0.614409267902,
        "var": 436732.125
    },
    "spectral_complexity": {
        "kurt": 7.49904060364,
        "max": 40,
        "mean": 2.93171286583,
        "median": 0,
        "min": 0,
        "skew": 2.86238217354,
        "var": 56.5820274353
    },
    "spectral_crest": {
        "kurt": 3.31733989716,
        "max": 26.9026508331,
        "mean": 8.82988357544,
        "median": 7.12680864334,
        "min": 3.22900438309,
        "skew": 1.89576041698,
        "var": 21.3305931091
    },
    "spectral_decrease": {
        "kurt": 100.941764832,
        "max": -7.2623314697e-13,
        "mean": -4.30223678904e-09,
        "median": -1.83736584974e-11,
        "min": -3.40044408631e-07,
        "skew": -9.73944950104,
        "var": 7.69909115099e-16
    },
    "spectral_energy": {
        "kurt": 106.722915649,
        "max": 1.93525576591,
        "mean": 0.0220685228705,
        "median": 8.33901794977e-05,
        "min": 3.26601912093e-06,
        "skew": 10.1033849716,
        "var": 0.0242802612484
    },
    "spectral_energyband_high": {
        "kurt": 106.637733459,
        "max": 0.0093329269439,
        "mean": 0.000105917948531,
        "median": 1.21447965284e-06,
        "min": 4.04276754296e-08,
        "skew": 9.35267829895,
        "var": 3.66292425724e-07
    },
    "spectral_energyband_low": {
        "kurt": 270.270782471,
        "max": 0.000465073622763,
        "mean": 5.64103720535e-06,
        "median": 1.38639609304e-06,
        "min": 5.28837240665e-09,
        "skew": 14.4087715149,
        "var": 4.52053450228e-10
    },
    "spectral_energyband_middle_high": {
        "kurt": 112.679443359,
        "max": 1.93268764019,
        "mean": 0.017276134342,
        "median": 4.92502003908e-05,
        "min": 1.81521750164e-06,
        "skew": 10.4930820465,
        "var": 0.023697456345
    },
    "spectral_energyband_middle_low": {
        "kurt": 51.1295776367,
        "max": 0.264034301043,
        "mean": 0.00469631608576,
        "median": 2.19146895688e-05,
        "min": 1.36069411383e-06,
        "skew": 6.56168985367,
        "var": 0.000459585920908
    },
    "spectral_flatness_db": {
        "kurt": 10.3365468979,
        "max": 0.681722998619,
        "mean": 0.182224005461,
        "median": 0.158923536539,
        "min": 0.0911913365126,
        "skew": 2.7620716095,
        "var": 0.00555273285136
    },
    "spectral_flux": {
        "kurt": 76.7961349487,
        "max": 1.42732942104,
        "mean": 0.0335597097874,
        "median": 0.0049216998741,
        "min": 0.000740432704333,
        "skew": 7.74292421341,
        "var": 0.0114661576226
    },
    "spectral_kurtosis": {
        "kurt": 13.3637199402,
        "max": 49.3004264832,
        "mean": 9.09580516815,
        "median": 8.23003387451,
        "min": 0.42591047287,
        "skew": 3.0444085598,
        "var": 33.1532325745
    },
    "spectral_rms": {
        "kurt": 50.2637329102,
        "max": 0.0434517487884,
        "mean": 0.00145302212331,
        "median": 0.000285230198642,
        "min": 5.64478541492e-05,
        "skew": 6.50995111465,
        "var": 1.94189760805e-05
    },
    "spectral_rolloff": {
        "kurt": 2.62792778015,
        "max": 4629.63867188,
        "mean": 2998.11914062,
        "median": 3273.046875,
        "min": 430.6640625,
        "skew": -1.78692603111,
        "var": 683752.375
    },
    "spectral_skewness": {
        "kurt": 3.53613185883,
        "max": 5.44040441513,
        "mean": 2.04970598221,
        "median": 2.08456754684,
        "min": 0.622127711773,
        "skew": 1.17683517933,
        "var": 0.369131505489
    },
    "spectral_spread": {
        "kurt": 120.347549438,
        "max": 23287720,
        "mean": 3671977.5,
        "median": 3889631.5,
        "min": 1220440.5,
        "skew": 6.35418367386,
        "var": 1.18516678656e+12
    },
    "spectral_strongpeak": {
        "kurt": 140.399963379,
        "max": 216.095397949,
        "mean": 2.0083220005,
        "median": 0.1443361938,
        "min": 0.00251771556213,
        "skew": 11.5860261917,
        "var": 240.517059326
    },
    "zerocrossingrate": {
        "kurt": 0.538005113602,
        "max": 0.1796875,
        "mean": 0.0887309908867,
        "median": 0.08935546875,
        "min": 0.021484375,
        "skew": 0.142547637224,
        "var": 0.000902907049749
    },
    "barkbands": {
        "kurt": [116.706222534, 9.58113479614, 155.924209595, 291.373931885, 401.264434814, 295.757019043, 89.8420181274, 137.81652832, 73.1796188354, 264.40725708, 133.542022705, 206.536529541, 129.09614563, 116.932151794, 107.987091064, 400.062774658, 453.961425781, 342.162567139, 348.215698242, 159.032104492, 178.563293457, 236.630874634, 254.013427734, 297.399261475, 184.537994385, 151.167724609, 228.389007568],
        "max": [1.59284979873e-06, 1.61463121913e-05, 0.000217229186092, 0.000279610278085, 0.00454317638651, 0.0625841170549, 0.256717890501, 0.141785025597, 0.00943264644593, 0.0156447961926, 0.011538987048, 0.0243620518595, 0.00853030011058, 0.00723700365052, 0.0105990637094, 0.0418084003031, 0.0229483935982, 0.0239010229707, 1.60569834709, 1.73707556725, 0.00271634361707, 0.000593932461925, 0.000494861218613, 0.000150791398482, 0.00202648178674, 1.68063911588e-06, 8.19441879685e-07],
        "mean": [3.49111566322e-08, 1.24319115002e-06, 3.09399797516e-06, 2.15570730688e-06, 1.99351579795e-05, 0.000346308457665, 0.00296914787032, 0.00120475376025, 0.000138835341204, 8.69599316502e-05, 0.000105822291516, 0.000157159403898, 8.95347839105e-05, 9.63603961281e-05, 0.000130054657348, 0.00016736361431, 0.000137415787322, 0.000150147097884, 0.00570728816092, 0.0105116926134, 2.38266238739e-05, 4.63614424007e-06, 2.77537355942e-06, 9.13666667657e-07, 1.10215432869e-05, 1.36961011421e-08, 3.98338562135e-09],
        "median": [8.82833450788e-09, 3.13428756726e-07, 6.45735951821e-07, 3.51112987573e-07, 9.49557261265e-07, 3.96238374378e-06, 8.88378781383e-06, 3.22020468957e-06, 1.26556085434e-06, 2.72761667475e-06, 4.94096696002e-07, 4.98011672789e-07, 5.84369331591e-07, 5.67442111787e-06, 9.30505279939e-07, 7.21100605006e-07, 1.4605884644e-05, 2.36325058722e-06, 1.26937420646e-05, 1.42701014738e-06, 4.36408839732e-07, 1.15251744148e-07, 3.32380984958e-08, 1.52831791667e-08, 9.5057846039e-09, 7.68732966172e-10, 3.10672217119e-11],
        "min": [6.79395012471e-11, 2.0103216869e-09, 8.18839884786e-10, 2.83299605996e-09, 2.103262986e-08, 4.14840393148e-08, 3.40218889505e-07, 1.82716320296e-07, 4.26529638275e-08, 1.3735618154e-07, 1.02541832803e-08, 1.081091483e-08, 3.25947802082e-08, 2.25851081836e-07, 4.50678783182e-08, 1.49252148418e-08, 3.81255574666e-07, 1.7249729467e-07, 4.43507900627e-07, 3.87635736843e-08, 1.3832877066e-08, 3.99767641213e-09, 1.38477174172e-09, 1.11501685662e-09, 8.14958989181e-10, 8.43659170302e-11, 4.2085167816e-12],
        "skew": [8.73079299927, 3.06817889214, 11.0338602066, 16.1935005188, 18.8938446045, 15.5911369324, 8.81220149994, 10.8270750046, 7.74132061005, 15.5988092422, 10.6339387894, 13.9911546707, 10.052321434, 9.28715324402, 9.35679721832, 19.0635852814, 19.2719764709, 16.4768371582, 17.9170227051, 12.5667457581, 12.5927715302, 13.8493280411, 15.2516307831, 15.332400322, 13.2785739899, 11.6869707108, 14.6845588684],
        "var": [8.19696144728e-15, 6.11815025725e-12, 1.40052136555e-10, 2.17224307986e-10, 3.67148658142e-08, 8.03211969469e-06, 0.00031171439332, 7.14683847036e-05, 4.77295884593e-07, 6.2932781475e-07, 5.00786313751e-07, 2.14658052755e-06, 2.45215943551e-07, 1.86783580602e-07, 5.21054516867e-07, 3.19043488162e-06, 8.35257992549e-07, 1.06051220428e-06, 0.00542235327885, 0.0153520647436, 2.55108716374e-08, 8.47808490079e-10, 6.53764820058e-10, 4.56522354642e-11, 1.61148445699e-08, 1.2755888434e-14, 2.17006029438e-15],
        "cov": [[8.20646007475e-15, 5.78451166361e-15, 1.43479696982e-13, 8.98500498721e-14, 7.86312692475e-13, -3.46190198904e-12, 2.6316160362e-10, 6.42552330787e-12, 3.13047569638e-12, 1.28265549224e-11, 7.57159352577e-12, 8.51433723872e-13, 5.19974037785e-12, 1.66879574395e-12, 4.52243320917e-12, 5.14594616918e-12, 1.37147476535e-12, 1.25416083768e-12, -4.04577066293e-11, -1.77642858756e-10, 2.33308923396e-12, 2.90980781137e-13, 1.18166408733e-13, 8.91929149353e-14, -1.70841354843e-13, 4.37646730193e-16, -5.80627585755e-17], [5.78451166361e-15, 6.12523963842e-12, 2.22041742631e-12, 3.32939079951e-12, 7.87932479679e-12, -2.02829253393e-10, 5.44596634455e-09, -3.20328347181e-10, 4.25287235983e-11, 1.88295920522e-10, 1.07447210851e-10, -1.27975885097e-11, 6.38493008465e-11, -1.38255405388e-11, 2.67960154933e-12, -5.18799447846e-11, 5.58133088358e-11, 1.14593633194e-10, -5.03559860476e-10, -1.15638920661e-08, 1.98874423873e-11, 1.8450360597e-12, -8.02057096953e-13, 3.712814561e-13, -9.46446133271e-12, -3.97397492721e-15, -3.20180359886e-15], [1.43479696982e-13, 2.22041742631e-12, 1.40214423405e-10, 1.15582460269e-10, 2.38328273783e-10, 8.8470908377e-10, 2.51978509169e-08, 4.41997869416e-08, 6.05931471664e-10, 4.3087189372e-10, 1.1936048816e-09, 5.94320015423e-09, 1.72689840205e-09, 8.4388834809e-10, 1.15557996505e-09, 2.0288648539e-09, 1.31619704025e-09, 1.04853237204e-09, -5.65843150113e-09, -2.40287700848e-08, 1.65117877704e-10, 2.13866320486e-11, -4.98126767699e-13, 2.72173733204e-12, -2.28102189914e-11, -8.5116706096e-15, -3.13392428429e-15], [8.98500498721e-14, 3.32939079951e-12, 1.15582460269e-10, 2.17476023301e-10, 3.41871891907e-10, 2.14754636296e-09, 5.57041666127e-08, 7.76476127839e-08, 1.35018074499e-09, 1.5731755898e-09, 2.03103622809e-09, 1.23524639406e-08, 3.35752581293e-09, 2.09421835429e-09, 2.12886130946e-09, 2.51921461469e-09, 1.85934878605e-09, 1.74366998618e-09, 1.49234473668e-08, 1.53975605599e-08, 2.36642788698e-10, 5.00079075372e-11, 5.845640378e-12, 5.1253033935e-12, 2.87733083887e-11, 3.47607108841e-14, 1.85185356362e-14], [7.86312692475e-13, 7.87932479679e-12, 2.38328273783e-10, 3.41871891907e-10, 3.67574095606e-08, 2.56943422983e-07, 7.94405139004e-07, 1.39317208436e-07, 1.38155140661e-08, 1.37367131003e-08, 1.43975551481e-08, 2.14202025006e-08, 1.47453684818e-08, 1.15642588838e-08, 3.50717712649e-08, 3.11011348231e-07, 1.15550285784e-07, 1.16233422887e-07, 3.74863077468e-07, -6.5589318865e-08, 3.68822816732e-09, 1.16860388033e-09, 1.61441207625e-10, 1.25134305695e-10, -1.07250375248e-10, 1.80346135161e-13, 5.60929984915e-14], [-3.46190198904e-12, -2.02829253393e-10, 8.8470908377e-10, 2.14754636296e-09, 2.56943422983e-07, 8.04142655397e-06, 9.88868578133e-06, 2.05558058042e-06, 1.69767176317e-07, 8.90711078227e-08, 1.52751709948e-07, 3.00117477536e-07, 2.75697857433e-07, 2.6205898962e-07, 3.85899937783e-07, 2.43902650254e-06, 1.62280548466e-06, 1.83267604825e-06, 2.34574076785e-06, -2.48562241723e-06, 2.39073187913e-08, 7.24939486219e-09, 7.81272158079e-10, 9.27128263051e-10, -3.5890777017e-09, -9.73044344751e-13, 2.80159250833e-13], [2.6316160362e-10, 5.44596634455e-09, 2.51978509169e-08, 5.57041666127e-08, 7.94405139004e-07, 9.88868578133e-06, 0.000312075600959, 1.23957624965e-05, 5.69316716792e-06, 8.53200072015e-06, 6.36637105345e-06, 2.62200887846e-06, 5.47600393475e-06, 2.63914171228e-06, 4.50761035609e-06, 4.7348435146e-06, 1.97026702153e-06, 2.27429313782e-06, -1.05634653664e-05, -2.98950526485e-05, 1.16210749468e-07, 5.07180750731e-08, 1.01193080582e-08, 1.93758675771e-09, -3.20143485055e-08, -1.81678266181e-11, 3.71024782078e-12], [6.42552330787e-12, -3.20328347181e-10, 4.41997869416e-08, 7.76476127839e-08, 1.39317208436e-07, 2.05558058042e-06, 1.23957624965e-05, 7.15511996532e-05, 1.54154326992e-06, 4.25762181067e-07, 2.44434090746e-06, 8.53344772622e-06, 2.19734397433e-06, 1.87636646842e-06, 2.56713769886e-06, 1.44506066135e-06, 1.65483709225e-06, 1.80708991593e-06, -3.63862636732e-06, -1.1963689758e-05, 1.00010147719e-07, 1.70785323661e-08, -7.42554906452e-10, 2.08472905605e-09, -1.30362014517e-08, -9.30429344681e-12, -3.58839938016e-13], [3.13047569638e-12, 4.25287235983e-11, 6.05931471664e-10, 1.35018074499e-09, 1.38155140661e-08, 1.69767176317e-07, 5.69316716792e-06, 1.54154326992e-06, 4.77848971059e-07, 2.10866858197e-07, 2.94379333354e-07, 2.24435552809e-07, 1.31233036882e-07, 1.11421002202e-07, 1.79313659032e-07, 8.27845312301e-08, 9.44086977483e-08, 1.39800974353e-07, -5.31115915692e-07, -1.38671589411e-06, 2.37102559808e-09, 1.24176091632e-09, 1.52146670263e-10, 4.18315451722e-11, -1.46961520731e-09, -1.33143886541e-12, -2.44895195702e-13], [1.28265549224e-11, 1.88295920522e-10, 4.3087189372e-10, 1.5731755898e-09, 1.37367131003e-08, 8.90711078227e-08, 8.53200072015e-06, 4.25762181067e-07, 2.10866858197e-07, 6.3005705897e-07, 3.62840921753e-07, 1.24635860743e-07, 1.44933039792e-07, 6.57537810866e-08, 1.5728527103e-07, 5.17230382968e-08, 3.71227351081e-08, 5.98004348262e-08, -3.45741057117e-07, -8.46726379677e-07, 3.02285663167e-09, 2.34942687527e-09, 7.36643857024e-10, 1.03048791722e-10, -8.63289606468e-10, -4.87258562491e-13, -2.39260159943e-14], [7.57159352577e-12, 1.07447210851e-10, 1.1936048816e-09, 2.03103622809e-09, 1.43975551481e-08, 1.52751709948e-07, 6.36637105345e-06, 2.44434090746e-06, 2.94379333354e-07, 3.62840921753e-07, 5.0136657137e-07, 5.07621564338e-07, 1.42829549077e-07, 9.95679911853e-08, 1.22104367506e-07, 5.96286255927e-08, 1.12867915902e-07, 1.68595505556e-07, -3.15153158681e-07, -1.0467449556e-06, 7.53439799439e-09, 2.58130938846e-09, 5.03116492911e-10, 1.46523432276e-10, -1.06880815309e-09, -6.94384870784e-13, -9.83039943393e-14], [8.51433723872e-13, -1.27975885097e-11, 5.94320015423e-09, 1.23524639406e-08, 2.14202025006e-08, 3.00117477536e-07, 2.62200887846e-06, 8.53344772622e-06, 2.24435552809e-07, 1.24635860743e-07, 5.07621564338e-07, 2.14906776819e-06, 2.6216358151e-07, 2.39161437321e-07, 1.79537892109e-07, 1.95197330299e-07, 2.45096117624e-07, 3.5727151726e-07, -3.36248490385e-07, -1.47796549754e-06, 1.98428491416e-08, 4.36616609534e-09, 2.27732777081e-10, 4.5282091965e-10, -1.64128188818e-09, -9.81724575765e-13, -3.39598683376e-14], [5.19974037785e-12, 6.38493008465e-11, 1.72689840205e-09, 3.35752581293e-09, 1.47453684818e-08, 2.75697857433e-07, 5.47600393475e-06, 2.19734397433e-06, 1.31233036882e-07, 1.44933039792e-07, 1.42829549077e-07, 2.6216358151e-07, 2.45500103802e-07, 1.692883842e-07, 1.19848195368e-07, 8.62296616333e-08, 6.90907455692e-08, 7.37265182238e-08, -2.63472259121e-07, -8.60897159782e-07, 4.86241757969e-09, 1.16946985429e-09, 1.4688707195e-10, 1.06509204234e-10, -8.96499485759e-10, -5.55947974289e-13, 4.97348269881e-14], [1.66879574395e-12, -1.38255405388e-11, 8.4388834809e-10, 2.09421835429e-09, 1.15642588838e-08, 2.6205898962e-07, 2.63914171228e-06, 1.87636646842e-06, 1.11421002202e-07, 6.57537810866e-08, 9.95679911853e-08, 2.39161437321e-07, 1.692883842e-07, 1.8700001192e-07, 1.31541284532e-07, 9.83321299941e-08, 6.19386852918e-08, 7.23498558841e-08, -2.42568717113e-07, -8.5484327883e-07, 3.55003182406e-09, 9.09273767391e-10, 2.63110540299e-11, 8.0375622824e-11, -8.87453277532e-10, -7.25218008476e-13, -1.15642806203e-13], [4.52243320917e-12, 2.67960154933e-12, 1.15557996505e-09, 2.12886130946e-09, 3.50717712649e-08, 3.85899937783e-07, 4.50761035609e-06, 2.56713769886e-06, 1.79313659032e-07, 1.5728527103e-07, 1.22104367506e-07, 1.79537892109e-07, 1.19848195368e-07, 1.31541284532e-07, 5.21658250818e-07, 4.13557330603e-07, 1.362357267e-07, 1.3023741019e-07, -1.39033851099e-08, -1.14685349217e-06, 5.75457370644e-09, 2.1007804385e-09, 2.08632097709e-10, 1.48468001782e-10, -1.13836251536e-09, -7.34058864041e-13, -1.54314007319e-13], [5.14594616918e-12, -5.18799447846e-11, 2.0288648539e-09, 2.51921461469e-09, 3.11011348231e-07, 2.43902650254e-06, 4.7348435146e-06, 1.44506066135e-06, 8.27845312301e-08, 5.17230382968e-08, 5.96286255927e-08, 1.95197330299e-07, 8.62296616333e-08, 9.83321299941e-08, 4.13557330603e-07, 3.19413175021e-06, 7.25512904864e-07, 7.24535482277e-07, 3.45088369613e-06, -6.61540525471e-07, 3.66140788799e-08, 1.20606022946e-08, 1.68390323907e-09, 1.16984311127e-09, -8.55779502817e-10, 2.53522485123e-12, 3.33724774161e-13], [1.37147476535e-12, 5.58133088358e-11, 1.31619704025e-09, 1.85934878605e-09, 1.15550285784e-07, 1.62280548466e-06, 1.97026702153e-06, 1.65483709225e-06, 9.44086977483e-08, 3.71227351081e-08, 1.12867915902e-07, 2.45096117624e-07, 6.90907455692e-08, 6.19386852918e-08, 1.362357267e-07, 7.25512904864e-07, 8.36225808598e-07, 9.10940855192e-07, 5.39888287676e-06, -2.98381024777e-07, 2.85361210217e-08, 5.88967541404e-09, 1.93503568724e-09, 1.11981546258e-09, 8.98639163083e-10, 5.39943133607e-12, 6.09691333878e-13], [1.25416083768e-12, 1.14593633194e-10, 1.04853237204e-09, 1.74366998618e-09, 1.16233422887e-07, 1.83267604825e-06, 2.27429313782e-06, 1.80708991593e-06, 1.39800974353e-07, 5.98004348262e-08, 1.68595505556e-07, 3.5727151726e-07, 7.37265182238e-08, 7.23498558841e-08, 1.3023741019e-07, 7.24535482277e-07, 9.10940855192e-07, 1.06174104531e-06, 4.74041462439e-06, 1.45770127347e-06, 2.81934990909e-08, 5.35184474515e-09, 1.6912689027e-09, 1.0862049038e-09, 1.49282408657e-09, 5.00892339758e-12, 7.61725860339e-13], [-4.04577066293e-11, -5.03559860476e-10, -5.65843150113e-09, 1.49234473668e-08, 3.74863077468e-07, 2.34574076785e-06, -1.05634653664e-05, -3.63862636732e-06, -5.31115915692e-07, -3.45741057117e-07, -3.15153158681e-07, -3.36248490385e-07, -2.63472259121e-07, -2.42568717113e-07, -1.39033851099e-08, 3.45088369613e-06, 5.39888287676e-06, 4.74041462439e-06, 0.0054286364466, 0.00146319996566, 6.34388970866e-06, 9.01027078726e-07, 7.74759200795e-07, 3.21038811535e-07, 5.57331441087e-06, 5.78691539133e-09, 1.82500636825e-09], [-1.77642858756e-10, -1.15638920661e-08, -2.40287700848e-08, 1.53975605599e-08, -6.5589318865e-08, -2.48562241723e-06, -2.98950526485e-05, -1.1963689758e-05, -1.38671589411e-06, -8.46726379677e-07, -1.0467449556e-06, -1.47796549754e-06, -8.60897159782e-07, -8.5484327883e-07, -1.14685349217e-06, -6.61540525471e-07, -2.98381024777e-07, 1.45770127347e-06, 0.00146319996566, 0.0153698539361, 1.45354533743e-06, 4.73119797562e-07, 8.9152564442e-07, 1.15506360032e-07, 1.27859530039e-05, 9.51227629997e-09, 4.57411530874e-09], [2.33308923396e-12, 1.98874423873e-11, 1.65117877704e-10, 2.36642788698e-10, 3.68822816732e-09, 2.39073187913e-08, 1.16210749468e-07, 1.00010147719e-07, 2.37102559808e-09, 3.02285663167e-09, 7.53439799439e-09, 1.98428491416e-08, 4.86241757969e-09, 3.55003182406e-09, 5.75457370644e-09, 3.66140788799e-08, 2.85361210217e-08, 2.81934990909e-08, 6.34388970866e-06, 1.45354533743e-06, 2.55404319915e-08, 3.55427709486e-09, 1.62517121982e-09, 9.04168240279e-10, 4.19965795473e-09, 8.83477839497e-12, 1.28067315867e-12], [2.90980781137e-13, 1.8450360597e-12, 2.13866320486e-11, 5.00079075372e-11, 1.16860388033e-09, 7.24939486219e-09, 5.07180750731e-08, 1.70785323661e-08, 1.24176091632e-09, 2.34942687527e-09, 2.58130938846e-09, 4.36616609534e-09, 1.16946985429e-09, 9.09273767391e-10, 2.1007804385e-09, 1.20606022946e-08, 5.88967541404e-09, 5.35184474515e-09, 9.01027078726e-07, 4.73119797562e-07, 3.55427709486e-09, 8.48790870922e-10, 3.18837262148e-10, 1.10449240032e-10, 7.9951967269e-10, 1.29865822956e-12, 2.74725961381e-13], [1.18166408733e-13, -8.02057096953e-13, -4.98126767699e-13, 5.845640378e-12, 1.61441207625e-10, 7.81272158079e-10, 1.01193080582e-08, -7.42554906452e-10, 1.52146670263e-10, 7.36643857024e-10, 5.03116492911e-10, 2.27732777081e-10, 1.4688707195e-10, 2.63110540299e-11, 2.08632097709e-10, 1.68390323907e-09, 1.93503568724e-09, 1.6912689027e-09, 7.74759200795e-07, 8.9152564442e-07, 1.62517121982e-09, 3.18837262148e-10, 6.54522380739e-10, 8.33873109451e-11, 7.76942066238e-10, 1.35320509138e-12, 2.68054540153e-13], [8.91929149353e-14, 3.712814561e-13, 2.72173733204e-12, 5.1253033935e-12, 1.25134305695e-10, 9.27128263051e-10, 1.93758675771e-09, 2.08472905605e-09, 4.18315451722e-11, 1.03048791722e-10, 1.46523432276e-10, 4.5282091965e-10, 1.06509204234e-10, 8.0375622824e-11, 1.48468001782e-10, 1.16984311127e-09, 1.11981546258e-09, 1.0862049038e-09, 3.21038811535e-07, 1.15506360032e-07, 9.04168240279e-10, 1.10449240032e-10, 8.33873109451e-11, 4.57051341218e-11, 2.69153754839e-10, 5.22383622904e-13, 8.59711675222e-14], [-1.70841354843e-13, -9.46446133271e-12, -2.28102189914e-11, 2.87733083887e-11, -1.07250375248e-10, -3.5890777017e-09, -3.20143485055e-08, -1.30362014517e-08, -1.46961520731e-09, -8.63289606468e-10, -1.06880815309e-09, -1.64128188818e-09, -8.96499485759e-10, -8.87453277532e-10, -1.13836251536e-09, -8.55779502817e-10, 8.98639163083e-10, 1.49282408657e-09, 5.57331441087e-06, 1.27859530039e-05, 4.19965795473e-09, 7.9951967269e-10, 7.76942066238e-10, 2.69153754839e-10, 1.6133517633e-08, 1.24697040887e-11, 5.84139334125e-12], [4.37646730193e-16, -3.97397492721e-15, -8.5116706096e-15, 3.47607108841e-14, 1.80346135161e-13, -9.73044344751e-13, -1.81678266181e-11, -9.30429344681e-12, -1.33143886541e-12, -4.87258562491e-13, -6.94384870784e-13, -9.81724575765e-13, -5.55947974289e-13, -7.25218008476e-13, -7.34058864041e-13, 2.53522485123e-12, 5.39943133607e-12, 5.00892339758e-12, 5.78691539133e-09, 9.51227629997e-09, 8.83477839497e-12, 1.29865822956e-12, 1.35320509138e-12, 5.22383622904e-13, 1.24697040887e-11, 1.27706691589e-14, 4.51332950912e-15], [-5.80627585755e-17, -3.20180359886e-15, -3.13392428429e-15, 1.85185356362e-14, 5.60929984915e-14, 2.80159250833e-13, 3.71024782078e-12, -3.58839938016e-13, -2.44895195702e-13, -2.39260159943e-14, -9.83039943393e-14, -3.39598683376e-14, 4.97348269881e-14, -1.15642806203e-13, -1.54314007319e-13, 3.33724774161e-13, 6.09691333878e-13, 7.61725860339e-13, 1.82500636825e-09, 4.57411530874e-09, 1.28067315867e-12, 2.74725961381e-13, 2.68054540153e-13, 8.59711675222e-14, 5.84139334125e-12, 4.51332950912e-15, 2.17257471169e-15]]
    },
    "mfcc": {
        "kurt": [1.34157133102, 4.06635093689, 0.880795240402, 1.25148105621, 1.37912273407, 0.730293750763, 1.87356519699, 3.05294752121, 1.8432507515, 2.17376279831, 1.25619220734, 4.43569087982, -0.0456514358521],
        "max": [-580.651062012, 188.473724365, -4.18968200684, 91.8019790649, 29.6376075745, 5.75282287598, 50.1377334595, 24.2079906464, 17.0223045349, 42.9442062378, 31.8678627014, 35.2974853516, 30.9139671326],
        "mean": [-893.577575684, 100.304206848, -55.5342102051, 28.4134902954, -4.2526011467, -35.4680633545, -10.3487911224, -8.4176197052, -11.1876363754, 3.90723967552, 9.76595306396, 0.753145456314, -1.41563141346],
        "median": [-919.019836426, 97.0809555054, -47.3124351501, 27.8680839539, 0.688537597656, -34.2091331482, -9.06776809692, -6.89473724365, -10.2415733337, 3.78874206543, 10.7504844666, 0.463676452637, -2.66998291016],
        "min": [-1049.98242188, -55.575756073, -149.566070557, -40.9979782104, -74.7254333496, -92.9138183594, -64.1746520996, -67.6693115234, -55.7678833008, -24.1549682617, -30.6419086456, -48.0386505127, -25.7277870178],
        "skew": [1.30788612366, -0.724604010582, -1.07357633114, -0.335336655378, -1.22955322266, -0.420997262001, -0.357861787081, -1.3428542614, -0.762143969536, 0.497015237808, -0.81016087532, -0.433028906584, 0.542702078819],
        "var": [7763.87109375, 1126.83056641, 787.805603027, 415.790740967, 353.58392334, 232.483093262, 189.773895264, 169.343154907, 101.185554504, 64.3089447021, 89.8408203125, 68.6445541382, 113.288520813],
        "cov": [[7772.8671875, 492.797790527, -2044.1776123, -43.8778686523, -1297.81311035, -121.188819885, -129.782958984, -601.573913574, -233.037155151, -27.5759124756, -340.765930176, 133.686248779, 562.988525391], [492.797790527, 1128.13623047, -222.055099487, -469.614074707, -74.4811782837, -136.849014282, -202.230651855, -135.12046814, -73.7830123901, -12.6938123703, 113.639015198, 146.077407837, 35.3978767395], [-2044.1776123, -222.055099487, 788.718505859, 97.4453811646, 354.211975098, 97.1691589355, 75.6114654541, 224.036529541, 75.9879608154, -5.42173862457, 76.0139160156, -60.9171867371, -142.605224609], [-43.8778686523, -469.614074707, 97.4453811646, 416.272521973, 56.47265625, 123.692260742, 144.736434937, 72.9892959595, 72.5373077393, -12.1693458557, -73.7993240356, -77.3180389404, -24.5492286682], [-1297.81311035, -74.4811782837, 354.211975098, 56.47265625, 353.993621826, 15.6874780655, 33.361125946, 106.303718567, 39.153553009, 27.5800762177, 61.2474517822, -19.9953155518, -112.197158813], [-121.188819885, -136.849014282, 97.1691589355, 123.692260742, 15.6874780655, 232.752487183, 90.2936782837, 79.926612854, 78.1682510376, -25.7922687531, -21.0390720367, -18.9435577393, 21.8404026031], [-129.782958984, -202.230651855, 75.6114654541, 144.736434937, 33.361125946, 90.2936782837, 189.993789673, 91.6805725098, 50.4781913757, -8.36996364594, -36.9099464417, -21.7092533112, -4.44440889359], [-601.573913574, -135.12046814, 224.036529541, 72.9892959595, 106.303718567, 79.926612854, 91.6805725098, 169.539382935, 73.1921157837, -11.7783756256, 22.9024085999, -22.5375576019, -43.058052063], [-233.037155151, -73.7830123901, 75.9879608154, 72.5373077393, 39.153553009, 78.1682510376, 50.4781913757, 73.1921157837, 101.30280304, 3.31532001495, -2.78639912605, -4.16792726517, -17.1806354523], [-27.5759124756, -12.6938123703, -5.42173862457, -12.1693458557, 27.5800762177, -25.7922687531, -8.36996364594, -11.7783756256, 3.31532001495, 64.3834609985, 21.0582466125, 1.83241164684, 6.77233076096], [-340.765930176, 113.639015198, 76.0139160156, -73.7993240356, 61.2474517822, -21.0390720367, -36.9099464417, 22.9024085999, -2.78639912605, 21.0582466125, 89.9449234009, 32.5828208923, -23.2670841217], [133.686248779, 146.077407837, -60.9171867371, -77.3180389404, -19.9953155518, -18.9435577393, -21.7092533112, -22.5375576019, -4.16792726517, 1.83241164684, 32.5828208923, 68.7240982056, 23.0041160583], [562.988525391, 35.3978767395, -142.605224609, -24.5492286682, -112.197158813, 21.8404026031, -4.44440889359, -43.058052063, -17.1806354523, 6.77233076096, -23.2670841217, 23.0041160583, 113.419792175]]
    },
    "sccoeffs": {
        "kurt": [3.64046478271, 6.03859615326, 8.71494007111, 4.45718669891, 20.5953960419, 0.162181377411],
        "max": [-0.446864396334, -0.218868538737, -0.461317628622, -0.496478587389, -0.302272468805, -0.663341760635],
        "mean": [-0.789516150951, -0.760296940804, -0.819392621517, -0.803226113319, -0.775796353817, -0.818403542042],
        "median": [-0.799129724503, -0.787825345993, -0.830709218979, -0.811285555363, -0.78490459919, -0.827995061874],
        "min": [-0.925804555416, -0.903761863708, -0.937622845173, -0.930154561996, -0.868106007576, -0.914395272732],
        "skew": [1.32557404041, 2.45299339294, 2.39138102531, 1.45355463028, 3.54812979698, 0.87420630455],
        "var": [0.00458791479468, 0.0131781864911, 0.0035038695205, 0.0026375176385, 0.00387028418481, 0.0020974369254],
        "cov": [[0.00459323078394, 0.00447867950425, 0.0015349801397, 0.00140384119004, 0.0011560296407, 0.00113398581743], [0.00447867950425, 0.0131934564561, 0.00427195057273, 0.00345653202385, 0.00138789392076, 0.00185777258594], [0.0015349801397, 0.00427195057273, 0.00350792962126, 0.00193299935199, 0.000953475187998, 0.000562779197935], [0.00140384119004, 0.00345653202385, 0.00193299935199, 0.00264057400636, 0.00128868233878, 0.000127349645481], [0.0011560296407, 0.00138789392076, 0.000953475187998, 0.00128868233878, 0.00387476873584, 0.000156807145686], [0.00113398581743, 0.00185777258594, 0.000562779197935, 0.000127349645481, 0.000156807145686, 0.00209986721165]]
    },
    "scvalleys": {
        "kurt": [0.718252182007, 1.39918470383, 0.551223278046, 0.283169269562, 0.35609960556, 4.10158586502],
        "max": [-6.73066091537, -4.31468200684, -4.8271446228, -5.2191286087, -5.22144126892, -7.59559631348],
        "mean": [-8.97040271759, -7.89397335052, -8.6431312561, -8.8538274765, -8.88442325592, -11.6569986343],
        "median": [-9.00158786774, -8.08412742615, -8.85889720917, -9.19911766052, -9.14469814301, -11.8278751373],
        "min": [-10.9391946793, -9.91595077515, -10.5997343063, -10.9027957916, -10.9020738602, -13.057510376],
        "skew": [0.383668094873, 1.1824940443, 0.898810386658, 0.942248106003, 0.905793488026, 1.75183010101],
        "var": [0.333055257797, 0.897178411484, 1.22735965252, 1.45554196835, 1.26106488705, 0.696392118931],
        "cov": [[0.33344116807, 0.205181121826, 0.28962379694, 0.267524689436, 0.287620097399, 0.212017402053], [0.205181121826, 0.898218035698, 0.893230259418, 0.950943589211, 0.690905570984, 0.399030059576], [0.28962379694, 0.893230259418, 1.22878181934, 1.21135663986, 0.973141074181, 0.564814269543], [0.267524689436, 0.950943589211, 1.21135663986, 1.45722854137, 1.16468250751, 0.65122795105], [0.287620097399, 0.690905570984, 0.973141074181, 1.16468250751, 1.26252615452, 0.80972379446], [0.212017402053, 0.399030059576, 0.564814269543, 0.65122795105, 0.80972379446, 0.697199046612]]
    }
},
"rhythm": {
    "beats_loudness": {
        "kurt": 15.5543861389,
        "max": 1.39711308479,
        "mean": 0.090446844697,
        "median": 0.000154841138283,
        "min": 1.65596011357e-05,
        "skew": 4.1070523262,
        "var": 0.0845250785351
    },
    "bpm": 68.826133728,
    "confidence": 0.930780589581,
    "first_peak_bpm": {
        "kurt": 0,
        "max": 66,
        "mean": 66,
        "median": 66,
        "min": 66,
        "skew": 0,
        "var": 0
    },
    "first_peak_spread": {
        "kurt": 0,
        "max": 0.571428537369,
        "mean": 0.571428537369,
        "median": 0.571428537369,
        "min": 0.571428537369,
        "skew": 0,
        "var": 0
    },
    "first_peak_weight": {
        "kurt": 0,
        "max": 0.285714298487,
        "mean": 0.285714298487,
        "median": 0.285714298487,
        "min": 0.285714298487,
        "skew": 0,
        "var": 0
    },
    "onset_rate": 1.99680328369,
    "second_peak_bpm": {
        "kurt": 0,
        "max": 71,
        "mean": 71,
        "median": 71,
        "min": 71,
        "skew": 0,
        "var": 0
    },
    "second_peak_spread": {
        "kurt": 0,
        "max": 0.285714268684,
        "mean": 0.285714268684,
        "median": 0.285714268684,
        "min": 0.285714268684,
        "skew": 0,
        "var": 0
    },
    "second_peak_weight": {
        "kurt": 0,
        "max": 0.238095253706,
        "mean": 0.238095253706,
        "median": 0.238095253706,
        "min": 0.238095253706,
        "skew": 0,
        "var": 0
    },
    "beats_loudness_band_ratio": {
        "kurt": [1.50134563446, 5.07631206512, -0.305962085724, -0.0809371471405, -0.729943275452, 7.86294555664],
        "max": [0.139668434858, 0.442464113235, 0.926556169987, 0.265570104122, 0.60951757431, 0.999390363693],
        "mean": [0.0309247858822, 0.0960244834423, 0.352490991354, 0.0926903262734, 0.265804827213, 0.205596923828],
        "median": [0.0138227362186, 0.0600188970566, 0.276441961527, 0.0630861222744, 0.299560427666, 0.194127142429],
        "min": [1.00288764315e-06, 1.99230748876e-06, 7.82156075729e-06, 1.40445799843e-05, 0.000620206817985, 0.00274133402854],
        "skew": [1.58495187759, 2.27151966095, 0.869274675846, 1.12981462479, 0.000921249273233, 2.55914950371],
        "var": [0.00167614675593, 0.00938191823661, 0.0696132704616, 0.00647540250793, 0.0249402821064, 0.0411482490599],
        "cov": [[0.00175596331246, 0.000356723379809, -0.00297826249152, 5.00630667375e-05, 0.000855874735862, -0.000401138182497], [0.000356723379809, 0.00982867646962, -0.000876293634064, -0.000644974992611, -0.00227701291442, -0.00526615045965], [-0.00297826249152, -0.000876293634064, 0.0729281827807, 0.000930994632654, -0.027829863131, -0.0381197705865], [5.00630667375e-05, -0.000644974992611, 0.000930994632654, 0.00678375503048, -0.00102742540184, -0.005311653018], [0.000855874735862, -0.00227701291442, -0.027829863131, -0.00102742540184, 0.0261279139668, 0.00293415389024], [-0.000401138182497, -0.00526615045965, -0.0381197705865, -0.005311653018, 0.00293415389024, 0.043107688427]]
    },
    "beats_position": [0.777868449688, 1.72988653183, 2.57741498947, 3.43655323982, 4.27247142792, 5.10838985443, 5.95591831207, 6.78022670746, 7.65097475052, 8.51011276245, 9.42730140686, 10.3328800201, 11.2384576797, 12.1324262619, 13.0031747818, 13.9087524414, 14.7795009613, 15.6618595123, 16.50938797, 17.3336963654, 18.2276649475, 19.1100215912],
    "bpm_estimates": [63.0240135193, 70.7940826416, 69.8374176025, 71.7773590088, 71.7773361206, 70.7940826416, 72.7882919312, 68.9062728882, 69.8374404907, 65.4172973633, 66.2559814453, 66.2560501099, 67.1164550781, 68.9062347412, 66.2560501099, 68.9062347412, 67.9995651245, 70.7940826416, 72.7882919312, 67.1164550781, 67.9997177124],
    "bpm_intervals": [0.952018082142, 0.847528457642, 0.859138250351, 0.835918188095, 0.835918426514, 0.847528457642, 0.824308395386, 0.87074804306, 0.859138011932, 0.917188644409, 0.905578613281, 0.905577659607, 0.893968582153, 0.870748519897, 0.905577659607, 0.870748519897, 0.882358551025, 0.847528457642, 0.824308395386, 0.893968582153, 0.882356643677],
    "onset_times": [0.406349211931, 0.766258478165, 1.78793644905, 3.26240372658, 3.81968259811, 3.94739222527, 4.29569149017, 5.24770975113, 6.25777769089, 6.46675729752, 6.84988641739, 7.37233543396, 7.60453510284, 7.70902490616, 7.9644446373, 8.18503379822, 8.48689365387, 8.8119726181, 10.2399997711, 11.1339683533, 11.2384576797, 11.656416893, 11.8537864685, 11.993106842, 12.2020864487, 12.387845993, 12.9451246262, 13.2005443573, 14.2338323593, 14.5705213547, 14.7330608368, 15.0233106613, 15.4993200302, 15.6966896057, 15.870839119, 16.3584575653, 18.1463947296, 18.2392749786, 18.4250335693, 19.1332435608],
    "histogram": [[0, 0, 0, 0, 0, 0, 0, 0, 0, 0, 0, 0, 0, 0, 0, 0, 0, 0, 0, 0, 0, 0, 0, 0, 0, 0, 0, 0, 0, 0, 0, 0, 0, 0, 0, 0, 0, 0, 0, 0, 0, 0, 0, 0, 0, 0, 0, 0, 0, 0, 0, 0, 0, 0, 0, 0, 0, 0, 0, 0, 0, 0, 0, 0.047619048506, 0, 0.047619048506, 0.142857149243, 0.095238097012, 0.095238097012, 0.142857149243, 0.095238097012, 0.142857149243, 0.095238097012, 0.095238097012, 0, 0, 0, 0, 0, 0, 0, 0, 0, 0, 0, 0, 0, 0, 0, 0, 0, 0, 0, 0, 0, 0, 0, 0, 0, 0, 0, 0, 0, 0, 0, 0, 0, 0, 0, 0, 0, 0, 0, 0, 0, 0, 0, 0, 0, 0, 0, 0, 0, 0, 0, 0, 0, 0, 0, 0, 0, 0, 0, 0, 0, 0, 0, 0, 0, 0, 0, 0, 0, 0, 0, 0, 0, 0, 0, 0, 0, 0, 0, 0, 0, 0, 0, 0, 0, 0, 0, 0, 0, 0, 0, 0, 0, 0, 0, 0, 0, 0, 0, 0, 0, 0, 0, 0, 0, 0, 0, 0, 0, 0, 0, 0, 0, 0, 0, 0, 0, 0, 0, 0, 0, 0, 0, 0, 0, 0, 0, 0, 0, 0, 0, 0, 0, 0, 0, 0, 0, 0, 0, 0, 0, 0, 0, 0, 0, 0, 0, 0, 0, 0, 0, 0, 0, 0, 0, 0, 0, 0, 0, 0, 0, 0, 0, 0, 0, 0, 0, 0, 0, 0, 0, 0, 0, 0, 0, 0]]
},
"sfx": {
    "inharmonicity": {
        "kurt": -0.882083654404,
        "max": 0.419946759939,
        "mean": 0.118881292641,
        "median": 0.108670249581,
        "min": 0,
        "skew": 0.4500195086,
        "var": 0.0108766779304
    },
    "oddtoevenharmonicenergyratio": {
        "kurt": 35.8804740906,
        "max": 22.0544471741,
        "mean": 1.29028344154,
        "median": 0.842411279678,
        "min": 0,
        "skew": 4.18684387207,
        "var": 2.77484679222
    },
    "pitch_after_max_to_before_max_energy_ratio": 0.794961035252,
    "pitch_centroid": 447.416595459,
    "pitch_max_to_total": 0.625,
    "pitch_min_to_total": 0.226851850748,
    "tristimulus": {
        "kurt": [-0.621777296066, 0.380413293839, -1.20457983017],
        "max": [1, 0.922268927097, 0.964977920055],
        "mean": [0.376437246799, 0.285829693079, 0.337733089924],
        "median": [0.225345268846, 0.241610810161, 0.437045425177],
        "min": [0, 0, 0],
        "skew": [0.936628997326, 1.10395145416, 0.0913018211722],
        "var": [0.116898722947, 0.0624145306647, 0.0723082721233],
        "cov": [[0.117034181952, -0.0535642504692, -0.0634696409106], [-0.0535642504692, 0.0624868534505, -0.00892250332981], [-0.0634696409106, -0.00892250332981, 0.0723920613527]]
    }
},
"tonal": {
    "chords_changes_rate": 0.0415704399347,
    "chords_number_rate": 0.0115473438054,
    "chords_strength": {
        "kurt": -0.0395731925964,
        "max": 0.572852015495,
        "mean": 0.42863163352,
        "median": 0.424423754215,
        "min": 0.320373833179,
        "skew": 0.424958378077,
        "var": 0.00308746169321
    },
    "key_strength": 0.615611493587,
    "tuning_diatonic_strength": 0.444153606892,
    "tuning_equal_tempered_deviation": 0.166529387236,
    "tuning_frequency": 437.718536377,
    "tuning_nontempered_energy_ratio": 0.847017049789,
    "hpcp": {
