{
"metadata": {
    "version": {
        "essentia": "2.1-beta3"
    }
},
"lowLevel": {
    "average_loudness": 0.967855036259,
    "barkbands_kurtosis": {
        "kurt": 11.3932352066,
        "max": 100.361961365,
        "mean": 8.85708427429,
        "median": 4.18422603607,
        "min": -1.37390768528,
        "skew": 2.98092961311,
        "var": 166.62940979
    },
    "barkbands_skewness": {
        "kurt": 2.31891727448,
        "max": 8.14381504059,
        "mean": 1.87551748753,
        "median": 1.52246904373,
        "min": -0.61462688446,
        "skew": 1.41382753849,
        "var": 1.97567331791
    },
    "barkbands_spread": {
        "kurt": 3.23229503632,
        "max": 39.9288864136,
        "mean": 8.21117782593,
        "median": 6.02504396439,
        "min": 0.462484151125,
        "skew": 1.79148483276,
        "var": 48.8171920776
    },
    "dissonance": {
        "kurt": 1.74623298645,
        "max": 0.499993592501,
        "mean": 0.440791845322,
        "median": 0.456715583801,
        "min": 0.203333392739,
        "skew": -1.32708930969,
        "var": 0.00262457644567
    },
    "hfc": {
        "kurt": 4.17276191711,
        "max": 220.727035522,
        "mean": 24.7482242584,
        "median": 1.50459551811,
        "min": 0.00091372517636,
        "skew": 2.03018021584,
        "var": 1650.18933105
    },
    "pitch": {
        "kurt": 41.3238868713,
        "max": 4209.94482422,
        "mean": 453.905792236,
        "median": 408.980194092,
        "min": 57.2976837158,
        "skew": 6.11423873901,
        "var": 213054.34375
    },
    "pitch_instantaneous_confidence": {
        "kurt": -0.943375349045,
        "max": 0.950862646103,
        "mean": 0.519760966301,
        "median": 0.506005764008,
        "min": 0.136906564236,
        "skew": 0.112075187266,
        "var": 0.0378148965538
    },
    "pitch_salience": {
        "kurt": 0.576922178268,
        "max": 0.827855288982,
        "mean": 0.607689797878,
        "median": 0.623735368252,
        "min": 0.12728074193,
        "skew": -0.838895022869,
        "var": 0.0153427422047
    },
    "silence_rate_20dB": {
        "kurt": 0,
        "max": 1,
        "mean": 1,
        "median": 1,
        "min": 1,
        "skew": 0,
        "var": 0
    },
    "silence_rate_30dB": {
        "kurt": 5.44801998138,
        "max": 1,
        "mean": 0.903296709061,
        "median": 1,
        "min": 0,
        "skew": -2.72910833359,
        "var": 0.0873515307903
    },
    "silence_rate_60dB": {
        "kurt": -1.97884738445,
        "max": 1,
        "mean": 0.463736265898,
        "median": 0,
        "min": 0,
        "skew": 0.145437940955,
        "var": 0.248684942722
    },
    "spectral_centroid": {
        "kurt": -0.0470476150513,
        "max": 1470.39648438,
        "mean": 673.867431641,
        "median": 672.904846191,
        "min": 131.57572937,
        "skew": 0.206564381719,
        "var": 51088.8710938
    },
    "spectral_complexity": {
        "kurt": 1.03842639923,
        "max": 50,
        "mean": 9.89230728149,
        "median": 5,
        "min": 0,
        "skew": 1.26045298576,
        "var": 134.131393433
    },
    "spectral_crest": {
        "kurt": -0.439148187637,
        "max": 25.3568496704,
        "mean": 11.9822950363,
        "median": 11.202958107,
        "min": 3.84942102432,
        "skew": 0.570271790028,
        "var": 22.841178894
    },
    "spectral_decrease": {
        "kurt": 4.11675024033,
        "max": -3.3781907393e-13,
        "mean": -7.36116145816e-09,
        "median": -8.28998258928e-10,
        "min": -6.80394620645e-08,
        "skew": -1.99174082279,
        "var": 1.361829e-16
    },
    "spectral_energy": {
        "kurt": 4.04495573044,
        "max": 0.273835271597,
        "mean": 0.0300274547189,
        "median": 0.00325904530473,
        "min": 1.35788195621e-06,
        "skew": 1.98411822319,
        "var": 0.00227153743617
    },
    "spectral_energyband_high": {
        "kurt": 23.9976444244,
        "max": 0.00314720789902,
        "mean": 0.000136721180752,
        "median": 4.54182645626e-06,
        "min": 6.6404859389e-09,
        "skew": 4.45875263214,
        "var": 1.29174125618e-07
    },
    "spectral_energyband_low": {
        "kurt": 65.0840530396,
        "max": 0.000893197197001,
        "mean": 2.74190006166e-05,
        "median": 8.73508543009e-06,
        "min": 1.96887057768e-07,
        "skew": 7.39783382416,
        "var": 5.68237146226e-09
    },
    "spectral_energyband_middle_high": {
        "kurt": 8.04632091522,
        "max": 0.167888492346,
        "mean": 0.0133960982785,
        "median": 0.000223875671509,
        "min": 3.7395463437e-07,
        "skew": 2.63676595688,
        "var": 0.000658815144561
    },
    "spectral_energyband_middle_low": {
        "kurt": 10.262342453,
        "max": 0.234382763505,
        "mean": 0.0182558596134,
        "median": 0.00256444397382,
        "min": 4.05472775356e-07,
        "skew": 2.80511689186,
        "var": 0.00102599069942
    },
    "spectral_flatness_db": {
        "kurt": -0.274550914764,
        "max": 0.462519466877,
        "mean": 0.245502278209,
        "median": 0.252028167248,
        "min": 0.102630525827,
        "skew": 0.0498409643769,
        "var": 0.00450905924663
    },
    "spectral_flux": {
        "kurt": -0.458479404449,
        "max": 0.435214728117,
        "mean": 0.098834104836,
        "median": 0.0573913343251,
        "min": 0.0010783795733,
        "skew": 0.770537912846,
        "var": 0.00975237041712
    },
    "spectral_kurtosis": {
        "kurt": 13.6472873688,
        "max": 111.299362183,
        "mean": 16.7356185913,
        "median": 14.4496612549,
        "min": 2.15452051163,
        "skew": 2.53812146187,
        "var": 119.57964325
    },
    "spectral_rms": {
        "kurt": -0.259046077728,
        "max": 0.0163449179381,
        "mean": 0.00368326460011,
        "median": 0.0017831310397,
        "min": 3.6397290387e-05,
        "skew": 0.955207407475,
        "var": 1.57286267495e-05
    },
    "spectral_rolloff": {
        "kurt": 5.10457420349,
        "max": 3488.37890625,
        "mean": 924.886291504,
        "median": 861.328125,
        "min": 107.666015625,
        "skew": 1.68901836872,
        "var": 219564.40625
    },
    "spectral_skewness": {
        "kurt": 2.4260840416,
        "max": 8.40930652618,
        "mean": 3.19004511833,
        "median": 3.11239099503,
        "min": 1.19725608826,
        "skew": 0.906884968281,
        "var": 0.836537659168
    },
    "spectral_spread": {
        "kurt": 9.97860336304,
        "max": 11075842,
        "mean": 2949177,
        "median": 2694404,
        "min": 940593.0625,
        "skew": 2.12232971191,
        "var": 1.07871895552e+12
    },
    "spectral_strongpeak": {
        "kurt": 3.76490449905,
        "max": 9.80098056793,
        "mean": 1.29211449623,
        "median": 0.336564660072,
        "min": 0,
        "skew": 1.90837645531,
        "var": 3.3582906723
    },
    "zerocrossingrate": {
        "kurt": 1.35912942886,
        "max": 0.0947265625,
        "mean": 0.036985963583,
        "median": 0.0361328125,
        "min": 0.00927734375,
        "skew": 0.75765478611,
        "var": 0.000154677574756
    },
    "barkbands": {
        "kurt": [45.6266098022, 52.889339447, 107.843856812, 96.3542404175, 40.2477149963, 87.8484039307, 100.202827454, 40.4070243835, 46.7495880127, 14.9311027527, 21.87915802, 32.6997299194, 15.5173797607, 130.987030029, 23.6457309723, 15.6919822693, 150.710922241, 153.266281128, 46.2811546326, 49.4113388062, 25.6705932617, 13.9569034576, 17.8434848785, 15.2120437622, 78.1692047119, 76.4727096558, 54.5883483887],
        "max": [1.57929880515e-05, 0.000363158353139, 0.000468262645882, 0.000411534652812, 0.0043128002435, 0.0727483034134, 0.228312805295, 0.101701542735, 0.168152585626, 0.153326794505, 0.0350486189127, 0.0405665338039, 0.0260783433914, 0.0177054125816, 0.0105373542756, 0.0103615969419, 0.0055368244648, 0.0080532412976, 0.00352043192834, 0.0030517342966, 0.00160997756757, 0.00049507356016, 5.93292570557e-05, 1.82369512913e-05, 2.14867304749e-05, 6.6250368036e-07, 3.29561906653e-08],
        "mean": [6.51664379347e-07, 1.19417945825e-05, 1.00314600786e-05, 1.07708037831e-05, 0.000178295056685, 0.00208003516309, 0.00459927693009, 0.00326890428551, 0.00502403592691, 0.00832501798868, 0.00173897587229, 0.00147408130579, 0.00144330994226, 0.000315997487633, 0.000467674341053, 0.00055393850198, 9.90008775261e-05, 0.000130284854094, 0.000111341360025, 8.23133668746e-05, 6.94666450727e-05, 2.76038808806e-05, 2.84559928332e-06, 1.11168503736e-06, 5.61579042824e-07, 1.62477764576e-08, 1.04720188077e-09],
        "median": [1.87479912483e-07, 3.08852213493e-06, 2.3924103516e-06, 3.03189312945e-06, 3.31675473717e-05, 0.000334773765644, 0.000189286569366, 0.00014061195543, 9.63055790635e-05, 5.98977349e-05, 3.5610384657e-05, 1.73566786543e-05, 2.07662633329e-05, 4.97034488944e-06, 3.73515831598e-06, 6.73475369695e-06, 5.4616007219e-06, 2.58579166257e-06, 3.27094971908e-06, 2.15459976971e-06, 1.68928011135e-06, 5.00575254136e-07, 7.4617780399e-08, 7.13950427667e-08, 2.4044078728e-08, 8.67132643467e-10, 7.47696141112e-11],
        "min": [2.33706221042e-10, 4.68421710309e-08, 8.58288906613e-09, 3.65817687253e-09, 1.84254513869e-08, 2.72316089678e-08, 5.16845446441e-08, 1.30927002573e-08, 3.58512579623e-08, 3.26530376071e-08, 1.11782325618e-08, 2.62106301108e-08, 1.27214265788e-08, 1.43078100479e-08, 2.57910848234e-08, 1.81824706402e-08, 1.1129593247e-08, 1.31052422248e-08, 1.10804583286e-08, 2.13058859444e-09, 2.88812351812e-09, 6.923039364e-10, 4.93192264805e-10, 3.35056593581e-10, 2.47900450168e-10, 1.60508585589e-11, 4.54830834454e-13],
        "skew": [6.09881973267, 6.64496946335, 9.67338275909, 8.37227344513, 5.74194431305, 7.52329206467, 8.80455970764, 5.50832271576, 6.16188716888, 3.55346298218, 4.18181800842, 5.01258039474, 3.65963697433, 9.8932094574, 4.36940193176, 3.83578920364, 10.5686187744, 10.9134597778, 6.14217090607, 6.14029455185, 4.57072973251, 3.46916913986, 3.81924819946, 3.59771823883, 7.11853694916, 7.35057830811, 5.99946403503],
        "var": [2.52729239446e-12, 1.0933528527e-09, 1.2123128057e-09, 8.11663791733e-10, 2.11975958564e-07, 2.53853031609e-05, 0.000262763962382, 8.46240800456e-05, 0.000250798999332, 0.000393939873902, 1.67944090208e-05, 1.59977753356e-05, 1.2171823073e-05, 1.27414250528e-06, 1.50608559579e-06, 2.05738342629e-06, 1.14713593291e-07, 2.45972074708e-07, 1.22764276966e-07, 6.99502322732e-08, 3.48211415258e-08, 4.3997516741e-09, 4.65191808685e-11, 6.01982743167e-12, 2.37628254747e-12, 2.38274603227e-15, 6.95464838585e-18],
        "cov": [[2.53285912209e-12, 2.57651972674e-11, 1.2247247487e-11, 7.73037363289e-12, -5.29817075628e-12, 2.01075667228e-09, 2.51136356155e-09, 6.27906449058e-10, -4.72201555635e-10, 3.51198070625e-09, -1.04760880526e-10, 2.74959804925e-10, 2.67833977219e-10, 4.71960040493e-11, 1.79671472145e-10, 1.59674620748e-10, 6.57219001443e-11, 2.65489730894e-11, 5.71184384512e-11, 3.49604373229e-11, 3.07892010498e-11, 7.04485211486e-12, 9.21677556324e-13, 2.82437159597e-13, 2.52852968598e-13, 8.11709301662e-15, 7.37224654763e-16], [2.57651972674e-11, 1.09576103746e-09, 7.20587312042e-10, 5.0344139968e-10, 1.69118261062e-10, 3.43905171007e-08, 1.06411263801e-07, 1.93172304819e-08, 6.9672019265e-08, 1.55301933091e-07, 1.36005962048e-08, 2.25612755145e-08, 2.34192754078e-08, 5.27650412252e-09, 7.67025198911e-09, 9.3511047794e-09, 2.54618837126e-09, 2.58602161907e-09, 3.96380972489e-09, 2.99441804685e-09, 2.12570716585e-09, 6.47989328861e-10, 6.19781517774e-11, 2.31980042814e-11, 1.4144882314e-11, 4.47698844143e-13, 2.94480423119e-14], [1.2247247487e-11, 7.20587312042e-10, 1.21498311412e-09, 7.79674824702e-10, 1.6519847712e-09, 2.73127032102e-08, 1.32011265919e-07, 1.09915205826e-08, 2.92859922979e-08, 2.79402485148e-07, 1.67258935591e-08, 2.4908294094e-08, 2.88122929959e-08, 7.21716286733e-09, 1.66282561054e-08, 1.92836235868e-08, 6.69570132672e-09, 3.53547813248e-09, 7.53272999532e-09, 4.32877911294e-09, 3.08932102122e-09, 9.19913090147e-10, 1.10668335607e-10, 4.35975630597e-11, 3.31742723569e-11, 9.66139603216e-13, 2.26305231472e-14], [7.73037363289e-12, 5.0344139968e-10, 7.79674824702e-10, 8.1345158387e-10, 2.79818079818e-09, 3.81075899725e-08, 1.2729270793e-07, 7.89536791501e-09, 3.28400702188e-08, 1.93971374074e-07, 2.09840962384e-08, 3.06312735177e-08, 3.11434469324e-08, 7.52017914607e-09, 1.29508981317e-08, 1.69977507625e-08, 4.73239358811e-09, 3.22142401643e-09, 6.11576478349e-09, 4.11287004454e-09, 2.61539878643e-09, 8.5846879605e-10, 9.39656893961e-11, 3.91630373964e-11, 2.57591517561e-11, 7.3238144065e-13, 2.40671316833e-14], [-5.29817075628e-12, 1.69118261062e-10, 1.6519847712e-09, 2.79818079818e-09, 2.12442870406e-07, 9.2125219453e-07, 6.86625753588e-07, 2.43224240748e-09, 5.51798905235e-07, 7.31528700726e-07, 2.85684507162e-07, 3.4876403987e-08, 3.36593927841e-07, 5.1965379555e-08, 1.70047272263e-07, 2.72888797781e-07, 5.07650241843e-08, 1.65995395207e-08, 2.47080258475e-08, 1.75570988858e-08, 2.33513386405e-08, 7.00999347458e-09, 4.68873495585e-10, 2.89477025683e-10, 1.63016725119e-10, 5.09745544386e-12, 9.42523511495e-14], [2.01075667228e-09, 3.43905171007e-08, 2.73127032102e-08, 3.81075899725e-08, 9.2125219453e-07, 2.54412170761e-05, 1.60189138114e-05, -2.56716475633e-07, 4.86370072394e-06, 3.00715728372e-05, 3.3638352761e-06, 4.52051881439e-06, 6.7845594458e-06, 1.11235681288e-06, 2.18036120714e-06, 3.427647016e-06, 5.39828306501e-07, 2.29855629641e-07, 3.82971052204e-07, 3.1557695479e-07, 3.62432786005e-07, 1.31131784542e-07, 9.85395764985e-09, 4.27895763266e-09, 2.31818475527e-09, 7.00615537808e-11, 3.81800971047e-12], [2.51136356155e-09, 1.06411263801e-07, 1.32011265919e-07, 1.2729270793e-07, 6.86625753588e-07, 1.60189138114e-05, 0.000263342750259, 4.73920226796e-06, 3.80356414098e-06, 8.93877368071e-05, 1.30598091346e-05, 9.30778969632e-06, 2.02218943741e-05, 7.49672153688e-06, 8.97334030014e-06, 1.13046189654e-05, 2.56831390288e-06, 3.68244513993e-06, 3.70059274246e-06, 3.20431286127e-06, 1.66922427525e-06, 4.55737477978e-07, 5.02282837544e-08, 2.20224354308e-08, 1.07592699194e-08, 3.75951131337e-10, 9.37829414821e-12], [6.27906449058e-10, 1.93172304819e-08, 1.09915205826e-08, 7.89536791501e-09, 2.43224240748e-09, -2.56716475633e-07, 4.73920226796e-06, 8.48104755278e-05, 5.4504169384e-05, 5.5088503359e-06, 1.39183139254e-05, 3.69248959942e-06, 2.58087965221e-07, 1.23355061987e-06, 1.27458724819e-06, 6.02135230565e-07, 2.00330234179e-07, 1.1947705616e-06, 5.21153140198e-07, 1.25871224554e-07, 1.07050752263e-07, 4.58019897565e-08, 1.2947255712e-08, 4.12675493777e-09, 9.38245148241e-10, 2.66327168652e-11, 6.59241151252e-12], [-4.72201555635e-10, 6.9672019265e-08, 2.92859922979e-08, 3.28400702188e-08, 5.51798905235e-07, 4.86370072394e-06, 3.80356414098e-06, 5.4504169384e-05, 0.000251351419138, 3.05593530356e-05, 1.32673003463e-05, 6.76316585668e-06, 6.86496696289e-06, 8.4114276433e-07, 2.08740129892e-06, 2.49788263318e-06, 6.02562579388e-07, 1.34508059091e-06, 1.32876982661e-06, 3.29174326907e-07, 3.66826498066e-07, 1.68201410133e-07, 2.77357585787e-08, 9.50269107847e-09, 3.39286643225e-09, 1.21579094015e-10, 1.01106336844e-11], [3.51198070625e-09, 1.55301933091e-07, 2.79402485148e-07, 1.93971374074e-07, 7.31528700726e-07, 3.00715728372e-05, 8.93877368071e-05, 5.5088503359e-06, 3.05593530356e-05, 0.000394807575503, 1.88555550267e-05, 4.52714084531e-05, 3.16315708915e-05, 5.12736687597e-06, 1.24452499222e-05, 1.31726119434e-05, 3.29069803229e-06, 1.9633039301e-06, 3.92276615457e-06, 2.70172131422e-06, 2.25177268476e-06, 9.04619980702e-07, 7.54321902718e-08, 2.92270190272e-08, 1.93849256647e-08, 5.73738390131e-10, 2.05828062927e-11], [-1.04760880526e-10, 1.36005962048e-08, 1.67258935591e-08, 2.09840962384e-08, 2.85684507162e-07, 3.3638352761e-06, 1.30598091346e-05, 1.39183139254e-05, 1.32673003463e-05, 1.88555550267e-05, 1.68314018083e-05, 4.01340366807e-06, 5.33753473064e-06, 2.10447365134e-06, 1.85321334811e-06, 2.36935716202e-06, 3.26820639884e-07, 3.99073542212e-07, 4.91492357924e-07, 4.54335918221e-07, 2.87392367682e-07, 1.10815598475e-07, 1.16191802846e-08, 4.61943461261e-09, 2.29717200817e-09, 6.68760533062e-11, 2.95542908722e-12], [2.74959804925e-10, 2.25612755145e-08, 2.4908294094e-08, 3.06312735177e-08, 3.4876403987e-08, 4.52051881439e-06, 9.30778969632e-06, 3.69248959942e-06, 6.76316585668e-06, 4.52714084531e-05, 4.01340366807e-06, 1.60330127983e-05, 5.53279551241e-06, 1.11368456146e-06, 1.92932861864e-06, 1.81504628927e-06, 4.18043896389e-07, 6.88943259775e-07, 5.69554572394e-07, 4.20250302113e-07, 3.72765896373e-07, 1.68445723148e-07, 1.30526673914e-08, 4.8689567933e-09, 3.00968250322e-09, 8.02341110218e-11, 4.15261184813e-12], [2.67833977219e-10, 2.34192754078e-08, 2.88122929959e-08, 3.11434469324e-08, 3.36593927841e-07, 6.7845594458e-06, 2.02218943741e-05, 2.58087965221e-07, 6.86496696289e-06, 3.16315708915e-05, 5.33753473064e-06, 5.53279551241e-06, 1.21986331578e-05, 1.61709169788e-06, 2.37726089836e-06, 2.97190922538e-06, 5.00100099998e-07, 4.36653891711e-07, 5.31554519512e-07, 5.26644555521e-07, 4.28600003488e-07, 1.36143953e-07, 1.3629076534e-08, 4.88421303402e-09, 2.79320855334e-09, 8.37181296509e-11, 3.35522603624e-12], [4.71960040493e-11, 5.27650412252e-09, 7.21716286733e-09, 7.52017914607e-09, 5.1965379555e-08, 1.11235681288e-06, 7.49672153688e-06, 1.23355061987e-06, 8.4114276433e-07, 5.12736687597e-06, 2.10447365134e-06, 1.11368456146e-06, 1.61709169788e-06, 1.27694897856e-06, 6.68376856083e-07, 7.8996714592e-07, 1.31832706529e-07, 1.78937611395e-07, 1.79575096126e-07, 1.64663433111e-07, 1.14016259545e-07, 2.98963200862e-08, 3.58146334811e-09, 1.24957999503e-09, 6.78629707984e-10, 2.01429151137e-11, 6.23403292963e-13], [1.79671472145e-10, 7.67025198911e-09, 1.66282561054e-08, 1.29508981317e-08, 1.70047272263e-07, 2.18036120714e-06, 8.97334030014e-06, 1.27458724819e-06, 2.08740129892e-06, 1.24452499222e-05, 1.85321334811e-06, 1.92932861864e-06, 2.37726089836e-06, 6.68376856083e-07, 1.50940297772e-06, 1.36434084652e-06, 3.01784154999e-07, 3.68326880107e-07, 2.80871375935e-07, 2.1742037859e-07, 1.59036048331e-07, 4.9208104258e-08, 5.93737059518e-09, 2.09696593423e-09, 1.34273103747e-09, 4.09351892661e-11, 1.10608733544e-12], [1.59674620748e-10, 9.3511047794e-09, 1.92836235868e-08, 1.69977507625e-08, 2.72888797781e-07, 3.427647016e-06, 1.13046189654e-05, 6.02135230565e-07, 2.49788263318e-06, 1.31726119434e-05, 2.36935716202e-06, 1.81504628927e-06, 2.97190922538e-06, 7.8996714592e-07, 1.36434084652e-06, 2.06191521102e-06, 3.35089112014e-07, 2.42831987407e-07, 3.24821542108e-07, 2.60550592657e-07, 2.06586733498e-07, 6.63233521436e-08, 7.0184671408e-09, 2.65051824933e-09, 1.62242708157e-09, 5.10631710526e-11, 1.50997118455e-12], [6.57219001443e-11, 2.54618837126e-09, 6.69570132672e-09, 4.73239358811e-09, 5.07650241843e-08, 5.39828306501e-07, 2.56831390288e-06, 2.00330234179e-07, 6.02562579388e-07, 3.29069803229e-06, 3.26820639884e-07, 4.18043896389e-07, 5.00100099998e-07, 1.31832706529e-07, 3.01784154999e-07, 3.35089112014e-07, 1.14966269393e-07, 7.70190808908e-08, 8.94942857599e-08, 6.05372889595e-08, 4.54758435353e-08, 1.23730323764e-08, 1.62408053672e-09, 5.92212168193e-10, 4.45338765864e-10, 1.40068295504e-11, 2.93002465823e-13], [2.65489730894e-11, 2.58602161907e-09, 3.53547813248e-09, 3.22142401643e-09, 1.65995395207e-08, 2.29855629641e-07, 3.68244513993e-06, 1.1947705616e-06, 1.34508059091e-06, 1.9633039301e-06, 3.99073542212e-07, 6.88943259775e-07, 4.36653891711e-07, 1.78937611395e-07, 3.68326880107e-07, 2.42831987407e-07, 7.70190808908e-08, 2.46513877755e-07, 9.01972185829e-08, 6.67032580282e-08, 3.87596585938e-08, 1.13567768523e-08, 1.42398215441e-09, 5.38675992701e-10, 2.98350538719e-10, 9.7420752021e-12, 2.91328837139e-13], [5.71184384512e-11, 3.96380972489e-09, 7.53272999532e-09, 6.11576478349e-09, 2.47080258475e-08, 3.82971052204e-07, 3.70059274246e-06, 5.21153140198e-07, 1.32876982661e-06, 3.92276615457e-06, 4.91492357924e-07, 5.69554572394e-07, 5.31554519512e-07, 1.79575096126e-07, 2.80871375935e-07, 3.24821542108e-07, 8.94942857599e-08, 9.01972185829e-08, 1.23034695321e-07, 7.95980810153e-08, 4.89702074447e-08, 1.49723522469e-08, 1.81198567262e-09, 6.83230139131e-10, 4.23411083972e-10, 1.35303365734e-11, 3.75060388563e-13], [3.49604373229e-11, 2.99441804685e-09, 4.32877911294e-09, 4.11287004454e-09, 1.75570988858e-08, 3.1557695479e-07, 3.20431286127e-06, 1.25871224554e-07, 3.29174326907e-07, 2.70172131422e-06, 4.54335918221e-07, 4.20250302113e-07, 5.26644555521e-07, 1.64663433111e-07, 2.1742037859e-07, 2.60550592657e-07, 6.05372889595e-08, 6.67032580282e-08, 7.95980810153e-08, 7.010430636e-08, 4.09797742407e-08, 1.24487069542e-08, 1.33558197835e-09, 5.1434373427e-10, 2.97676328032e-10, 9.67005035074e-12, 2.87906688507e-13], [3.07892010498e-11, 2.12570716585e-09, 3.08932102122e-09, 2.61539878643e-09, 2.33513386405e-08, 3.62432786005e-07, 1.66922427525e-06, 1.07050752263e-07, 3.66826498066e-07, 2.25177268476e-06, 2.87392367682e-07, 3.72765896373e-07, 4.28600003488e-07, 1.14016259545e-07, 1.59036048331e-07, 2.06586733498e-07, 4.54758435353e-08, 3.87596585938e-08, 4.89702074447e-08, 4.09797742407e-08, 3.48978410614e-08, 1.05004422934e-08, 9.89468285084e-10, 3.74024866634e-10, 2.26396013048e-10, 7.34176261452e-12, 2.54828466271e-13], [7.04485211486e-12, 6.47989328861e-10, 9.19913090147e-10, 8.5846879605e-10, 7.00999347458e-09, 1.31131784542e-07, 4.55737477978e-07, 4.58019897565e-08, 1.68201410133e-07, 9.04619980702e-07, 1.10815598475e-07, 1.68445723148e-07, 1.36143953e-07, 2.98963200862e-08, 4.9208104258e-08, 6.63233521436e-08, 1.23730323764e-08, 1.13567768523e-08, 1.49723522469e-08, 1.24487069542e-08, 1.05004422934e-08, 4.40944258884e-09, 3.21317944474e-10, 1.29183649888e-10, 7.67226976395e-11, 2.39940576088e-12, 8.96577327355e-14], [9.21677556324e-13, 6.19781517774e-11, 1.10668335607e-10, 9.39656893961e-11, 4.68873495585e-10, 9.85395764985e-09, 5.02282837544e-08, 1.2947255712e-08, 2.77357585787e-08, 7.54321902718e-08, 1.16191802846e-08, 1.30526673914e-08, 1.3629076534e-08, 3.58146334811e-09, 5.93737059518e-09, 7.0184671408e-09, 1.62408053672e-09, 1.42398215441e-09, 1.81198567262e-09, 1.33558197835e-09, 9.89468285084e-10, 3.21317944474e-10, 4.66216475148e-11, 1.42159626085e-11, 8.23798061017e-12, 2.61659048378e-13, 8.61428611006e-15], [2.82437159597e-13, 2.31980042814e-11, 4.35975630597e-11, 3.91630373964e-11, 2.89477025683e-10, 4.27895763266e-09, 2.20224354308e-08, 4.12675493777e-09, 9.50269107847e-09, 2.92270190272e-08, 4.61943461261e-09, 4.8689567933e-09, 4.88421303402e-09, 1.24957999503e-09, 2.09696593423e-09, 2.65051824933e-09, 5.92212168193e-10, 5.38675992701e-10, 6.83230139131e-10, 5.1434373427e-10, 3.74024866634e-10, 1.29183649888e-10, 1.42159626085e-11, 6.03308679056e-12, 3.18972409249e-12, 9.49837065012e-14, 3.17602648045e-15], [2.52852968598e-13, 1.4144882314e-11, 3.31742723569e-11, 2.57591517561e-11, 1.63016725119e-10, 2.31818475527e-09, 1.07592699194e-08, 9.38245148241e-10, 3.39286643225e-09, 1.93849256647e-08, 2.29717200817e-09, 3.00968250322e-09, 2.79320855334e-09, 6.78629707984e-10, 1.34273103747e-09, 1.62242708157e-09, 4.45338765864e-10, 2.98350538719e-10, 4.23411083972e-10, 2.97676328032e-10, 2.26396013048e-10, 7.67226976395e-11, 8.23798061017e-12, 3.18972409249e-12, 2.38151664188e-12, 6.67549511762e-14, 1.87530574599e-15], [8.11709301662e-15, 4.47698844143e-13, 9.66139603216e-13, 7.3238144065e-13, 5.09745544386e-12, 7.00615537808e-11, 3.75951131337e-10, 2.66327168652e-11, 1.21579094015e-10, 5.73738390131e-10, 6.68760533062e-11, 8.02341110218e-11, 8.37181296509e-11, 2.01429151137e-11, 4.09351892661e-11, 5.10631710526e-11, 1.40068295504e-11, 9.7420752021e-12, 1.35303365734e-11, 9.67005035074e-12, 7.34176261452e-12, 2.39940576088e-12, 2.61659048378e-13, 9.49837065012e-14, 6.67549511762e-14, 2.38799446017e-15, 6.16649977943e-17], [7.37224654763e-16, 2.94480423119e-14, 2.26305231472e-14, 2.40671316833e-14, 9.42523511495e-14, 3.81800971047e-12, 9.37829414821e-12, 6.59241151252e-12, 1.01106336844e-11, 2.05828062927e-11, 2.95542908722e-12, 4.15261184813e-12, 3.35522603624e-12, 6.23403292963e-13, 1.10608733544e-12, 1.50997118455e-12, 2.93002465823e-13, 2.91328837139e-13, 3.75060388563e-13, 2.87906688507e-13, 2.54828466271e-13, 8.96577327355e-14, 8.61428611006e-15, 3.17602648045e-15, 1.87530574599e-15, 6.16649977943e-17, 6.96996694362e-18]]
    },
    "mfcc": {
        "kurt": [-1.19727635384, -0.345218896866, -1.23931026459, -0.253460645676, -1.07113409042, 0.0705070495605, -0.626756668091, 0.449583768845, 0.818742513657, -0.326905727386, 0.0618438720703, 0.578036785126, 0.294797182083],
        "max": [-525.117980957, 209.78604126, 74.1045837402, 72.8773117065, 32.905506134, 21.8297729492, 25.6795730591, 66.9249572754, 25.4265480042, 39.6474227905, 46.941570282, 32.1280822754, 37.7407836914],
        "mean": [-813.235595703, 150.594024658, -34.8146247864, -5.72590351105, -34.1131820679, -19.4201564789, -13.3868646622, -11.3911132812, -0.280924379826, -4.9424290657, -3.11138534546, 2.10258865356, 3.2157201767],
        "median": [-832.478393555, 149.144470215, -27.98412323, -8.66788864136, -35.942073822, -18.9285125732, -13.4651489258, -12.4237327576, 0.670890808105, -4.8422088623, -3.40871047974, 1.51234436035, 3.52835273743],
        "min": [-1085.27941895, 53.6236991882, -126.407188416, -54.8848419189, -94.1566772461, -65.6833572388, -52.8349990845, -54.7005691528, -43.4982070923, -43.4411239624, -46.2773857117, -24.4190368652, -32.0280342102],
        "skew": [0.185023576021, -0.153784364462, 0.00243465299718, 0.50300526619, 0.0947656333447, -0.230265304446, -0.114409349859, 0.476085692644, -0.727754771709, 0.11365314573, 0.191220417619, 0.236794143915, -0.00746437720954],
        "var": [19166.7050781, 685.405517578, 2043.51940918, 678.511291504, 950.682739258, 210.719329834, 268.803344727, 337.131134033, 127.532142639, 253.903564453, 232.497344971, 81.0752716064, 110.208198547],
        "cov": [[19208.9238281, 847.983764648, -5696.31201172, -2068.46826172, -3647.68603516, -366.83996582, -1053.58435059, -623.493164062, 42.1935577393, -606.717712402, -61.5784339905, -259.870880127, 235.373748779], [847.983764648, 686.915222168, -127.475776672, -133.08972168, -247.111114502, -157.347335815, -211.173858643, -157.277648926, -48.3653106689, -176.729766846, -120.042427063, 30.320930481, -18.8871040344], [-5696.31201172, -127.475776672, 2048.02050781, 817.820739746, 1133.76293945, 135.315719604, 275.358093262, 109.775802612, -15.4332466125, 115.226364136, -80.2302703857, 47.3511657715, -75.0078353882], [-2068.46826172, -133.08972168, 817.820739746, 680.00579834, 569.790283203, 46.628326416, 169.804840088, -3.83662843704, 0.0190302636474, 52.190284729, -41.5918769836, 4.44049596786, -40.5725288391], [-3647.68603516, -247.111114502, 1133.76293945, 569.790283203, 952.776794434, 132.286148071, 234.68913269, 136.04826355, 11.1906499863, 129.726715088, 15.9666719437, 50.2709236145, -26.6766395569], [-366.83996582, -157.347335815, 135.315719604, 46.628326416, 132.286148071, 211.18347168, 44.9698295593, -24.0440559387, 63.520866394, 0.32722350955, -41.8852348328, -16.2005691528, 56.5918617249], [-1053.58435059, -211.173858643, 275.358093262, 169.804840088, 234.68913269, 44.9698295593, 269.39541626, 180.904922485, -9.04566860199, 176.510101318, 107.872917175, 10.472650528, -16.6183242798], [-623.493164062, -157.277648926, 109.775802612, -3.83662843704, 136.04826355, -24.0440559387, 180.904922485, 337.873718262, -34.2751541138, 196.156158447, 185.920715332, 20.919916153, -51.4961166382], [42.1935577393, -48.3653106689, -15.4332466125, 0.0190302636474, 11.1906499863, 63.520866394, -9.04566860199, -34.2751541138, 127.813049316, -9.20630645752, -32.1979980469, 2.57555866241, 29.9966373444], [-606.717712402, -176.729766846, 115.226364136, 52.190284729, 129.726715088, 0.32722350955, 176.510101318, 196.156158447, -9.20630645752, 254.46282959, 172.483123779, 34.1476593018, -14.2066354752], [-61.5784339905, -120.042427063, -80.2302703857, -41.5918769836, 15.9666719437, -41.8852348328, 107.872917175, 185.920715332, -32.1979980469, 172.483123779, 233.00944519, 38.5841293335, -23.5868759155], [-259.870880127, 30.320930481, 47.3511657715, 4.44049596786, 50.2709236145, -16.2005691528, 10.472650528, 20.919916153, 2.57555866241, 34.1476593018, 38.5841293335, 81.2538528442, 14.4769735336], [235.373748779, -18.8871040344, -75.0078353882, -40.5725288391, -26.6766395569, 56.5918617249, -16.6183242798, -51.4961166382, 29.9966373444, -14.2066354752, -23.5868759155, 14.4769735336, 110.450950623]]
    },
    "sccoeffs": {
        "kurt": [0.412023544312, 0.7245054245, -0.425829648972, -0.21750831604, 1.68307352066, -0.963903188705],
        "max": [-0.424822866917, -0.189597383142, -0.390214294195, -0.483635574579, -0.514669775963, -0.646721363068],
        "mean": [-0.737532973289, -0.686352610588, -0.733724951744, -0.778147339821, -0.808289587498, -0.790692090988],
        "median": [-0.759392499924, -0.702044725418, -0.765014886856, -0.789750695229, -0.812733709812, -0.798598825932],
        "min": [-0.906139969826, -0.940849483013, -0.913860917091, -0.940890014172, -0.908695399761, -0.910908222198],
        "skew": [0.919780910015, 0.881049215794, 0.655921638012, 0.569981873035, 0.821352481842, 0.268959850073],
        "var": [0.00937634706497, 0.0189669318497, 0.0123899783939, 0.00632282020524, 0.00284638744779, 0.00331853167154],
        "cov": [[0.00939699914306, 0.00245032715611, 0.00169843668118, 0.00177486380562, 0.00150873628445, 0.00194820202887], [0.00245032715611, 0.0190087091178, 0.00894158426672, 0.00638569332659, 0.00462039420381, 0.00338390795514], [0.00169843668118, 0.00894158426672, 0.0124172689393, 0.00690294802189, 0.00306727085263, 0.00445446232334], [0.00177486380562, 0.00638569332659, 0.00690294802189, 0.00633674720302, 0.00253156619146, 0.00334028759971], [0.00150873628445, 0.00462039420381, 0.00306727085263, 0.00253156619146, 0.00285265711136, 0.00143827521242], [0.00194820202887, 0.00338390795514, 0.00445446232334, 0.00334028759971, 0.00143827521242, 0.00332584115677]]
    },
    "scvalleys": {
        "kurt": [0.170601606369, -0.999187231064, -1.30617284775, -1.22710239887, -0.82451415062, -1.09729361534],
        "max": [-5.65170860291, -3.60882902145, -3.74571847916, -4.49173498154, -5.35360050201, -8.12788105011],
        "mean": [-7.84676504135, -6.40744876862, -6.94010543823, -7.88897609711, -8.89592266083, -11.2469062805],
        "median": [-7.93538570404, -6.30980300903, -7.04896831512, -8.29809570312, -9.13585090637, -11.4718112946],
        "min": [-9.94107818604, -9.7496843338, -10.5595560074, -10.6608734131, -11.8195943832, -13.6474752426],
        "skew": [0.273065537214, -0.268718838692, -0.0143673261628, 0.280658185482, 0.355222731829, 0.24497513473],
        "var": [0.507361531258, 2.1461315155, 3.2083067894, 2.76028823853, 2.01970934868, 1.75242090225],
        "cov": [[0.508479058743, 0.385467022657, 0.394385993481, 0.380590707064, 0.435714304447, 0.34922888875], [0.385467022657, 2.15085864067, 2.36827301979, 2.11760830879, 1.72053277493, 1.6319630146], [0.394385993481, 2.36827301979, 3.21537351608, 2.81647372246, 2.28829503059, 2.17657232285], [0.380590707064, 2.11760830879, 2.81647372246, 2.76636815071, 2.21361541748, 2.07178449631], [0.435714304447, 1.72053277493, 2.28829503059, 2.21361541748, 2.02415800095, 1.83410322666], [0.34922888875, 1.6319630146, 2.17657232285, 2.07178449631, 1.83410322666, 1.75628089905]]
    }
},
"rhythm": {
    "beats_loudness": {
        "kurt": -0.984905719757,
        "max": 0.186222597957,
        "mean": 0.0756559744477,
        "median": 0.076198130846,
        "min": 1.51333679241e-05,
        "skew": 0.281551271677,
        "var": 0.00341948284768
    },
    "bpm": 107.933105469,
    "confidence": 2.62212181091,
    "first_peak_bpm": {
        "kurt": 0,
        "max": 108,
        "mean": 108,
        "median": 108,
        "min": 108,
        "skew": 0,
        "var": 0
    },
    "first_peak_spread": {
        "kurt": 0,
        "max": 0.600000023842,
        "mean": 0.600000023842,
        "median": 0.600000023842,
        "min": 0.600000023842,
        "skew": 0,
        "var": 0
    },
    "first_peak_weight": {
        "kurt": 0,
        "max": 0.25,
        "mean": 0.25,
        "median": 0.25,
        "min": 0.25,
        "skew": 0,
        "var": 0
    },
    "onset_rate": 3.03651022911,
    "second_peak_bpm": {
        "kurt": 0,
        "max": 99,
        "mean": 99,
        "median": 99,
        "min": 99,
        "skew": 0,
        "var": 0
    },
    "second_peak_spread": {
        "kurt": 0,
        "max": 0.399999976158,
        "mean": 0.399999976158,
        "median": 0.399999976158,
        "min": 0.399999976158,
        "skew": 0,
        "var": 0
    },
    "second_peak_weight": {
        "kurt": 0,
        "max": 0.1875,
        "mean": 0.1875,
        "median": 0.1875,
        "min": 0.1875,
        "skew": 0,
        "var": 0
    },
    "beats_loudness_band_ratio": {
        "kurt": [3.93764257431, 2.96903753281, -1.05102777481, -1.33166766167, 1.34955453873, 1.86007261276],
        "max": [0.301563262939, 0.650833785534, 0.953463017941, 0.824680924416, 0.183903902769, 0.0421749427915],
        "mean": [0.0333854071796, 0.123911559582, 0.44418373704, 0.438886791468, 0.0509149245918, 0.0115263983607],
        "median": [0.000537713174708, 0.0387893207371, 0.337646245956, 0.528381764889, 0.0331391841173, 0.00750293722376],
        "min": [4.13663583458e-05, 0.000233493003179, 0.154803797603, 0.011018756777, 0.00347698060796, 0.00179705605842],
        "skew": [2.41777396202, 2.04440736771, 0.521968722343, -0.320312768221, 1.50024974346, 1.51273488998],
        "var": [0.00792325288057, 0.0311109945178, 0.059647012502, 0.0714641138911, 0.0025423374027, 0.000108118641947],
        "cov": [[0.00841845665127, 0.00782690756023, -0.0064963651821, -0.012299830094, -0.000479739217553, 0.00030853858334], [0.00782690756023, 0.0330554321408, -0.0106047745794, -0.0309579018503, -0.0034455889836, -0.000454450026155], [-0.0064963651821, -0.0106047745794, 0.0633749514818, -0.0287592150271, -0.00428832648322, -0.0010162050603], [-0.012299830094, -0.0309579018503, -0.0287592150271, 0.0759306177497, 0.0041430266574, 0.000524867675267], [-0.000479739217553, -0.0034455889836, -0.00428832648322, 0.0041430266574, 0.00270123360679, 0.000289858027827], [0.00030853858334, -0.000454450026155, -0.0010162050603, 0.000524867675267, 0.000289858027827, 0.000114876056614]]
    },
    "beats_position": [0.626938760281, 1.27709746361, 1.86920630932, 2.46131515503, 3.06503391266, 3.66875267029, 4.28408145905, 4.85297060013, 5.42185926437, 5.9675283432, 6.52480697632, 7.07047605515, 7.63936471939, 8.19664382935, 8.73070240021, 9.287981987, 9.84526062012],
    "bpm_estimates": [105.468704224, 105.468788147, 109.956756592, 107.666069031, 109.956756592, 105.468788147, 107.665977478, 112.347229004, 107.665885925, 107.666069031],
    "bpm_intervals": [0.650158703327, 0.592108845711, 0.592108845711, 0.603718757629, 0.603718757629, 0.615328788757, 0.568889141083, 0.568888664246, 0.545669078827, 0.557278633118, 0.545669078827, 0.568888664246, 0.557279109955, 0.534058570862, 0.557279586792, 0.557278633118],
    "onset_times": [0.127709746361, 0.522448956966, 1.11455786228, 1.23065757751, 1.52090704441, 1.79954648018, 2.08979582787, 2.97215414047, 3.26240372658, 3.5758728981, 3.94739222527, 4.37696123123, 4.56272125244, 4.82975053787, 5.20126962662, 5.46829938889, 5.74693870544, 6.06040811539, 6.31582784653, 6.47836732864, 6.73378705978, 7.00081634521, 7.2910656929, 7.59292507172, 8.16181373596, 8.42884349823, 8.68426322937, 8.92807292938, 9.42730140686, 9.58984088898, 9.83365058899, 10.0194101334],
    "histogram": [[0, 0, 0, 0, 0, 0, 0, 0, 0, 0, 0, 0, 0, 0, 0, 0, 0, 0, 0, 0, 0, 0, 0, 0, 0, 0, 0, 0, 0, 0, 0, 0, 0, 0, 0, 0, 0, 0, 0, 0, 0, 0, 0, 0, 0, 0, 0, 0, 0, 0, 0, 0, 0, 0, 0, 0, 0, 0, 0, 0, 0, 0, 0, 0, 0, 0, 0, 0, 0, 0, 0, 0, 0, 0, 0, 0, 0, 0, 0, 0, 0, 0, 0, 0, 0, 0, 0, 0, 0, 0, 0, 0, 0.0625, 0, 0, 0, 0, 0, 0.0625, 0.125, 0, 0.125, 0, 0, 0, 0.1875, 0, 0, 0.25, 0, 0.125, 0, 0.0625, 0, 0, 0, 0, 0, 0, 0, 0, 0, 0, 0, 0, 0, 0, 0, 0, 0, 0, 0, 0, 0, 0, 0, 0, 0, 0, 0, 0, 0, 0, 0, 0, 0, 0, 0, 0, 0, 0, 0, 0, 0, 0, 0, 0, 0, 0, 0, 0, 0, 0, 0, 0, 0, 0, 0, 0, 0, 0, 0, 0, 0, 0, 0, 0, 0, 0, 0, 0, 0, 0, 0, 0, 0, 0, 0, 0, 0, 0, 0, 0, 0, 0, 0, 0, 0, 0, 0, 0, 0, 0, 0, 0, 0, 0, 0, 0, 0, 0, 0, 0, 0, 0, 0, 0, 0, 0, 0, 0, 0, 0, 0, 0, 0, 0, 0, 0, 0, 0, 0, 0, 0, 0, 0, 0, 0, 0, 0, 0, 0, 0, 0, 0, 0, 0, 0, 0, 0]]
},
"sfx": {
    "inharmonicity": {
        "kurt": 1.86145401001,
        "max": 0.392927795649,
        "mean": 0.0739448145032,
        "median": 0.0428010858595,
        "min": 0,
        "skew": 1.51298856735,
        "var": 0.00741428649053
    },
    "oddtoevenharmonicenergyratio": {
        "kurt": 29.3817253113,
        "max": 37.9674949646,
        "mean": 1.82661211491,
        "median": 0.387640148401,
        "min": 0,
        "skew": 4.959877491,
        "var": 18.6270008087
    },
    "pitch_after_max_to_before_max_energy_ratio": 0.737388193607,
    "pitch_centroid": 212.572814941,
    "pitch_max_to_total": 0.309890121222,
    "pitch_min_to_total": 0.0461538471282,
    "tristimulus": {
        "kurt": [-1.04468464851, -1.03627729416, 3.5798163414],
        "max": [1, 0.916633188725, 0.898972511292],
        "mean": [0.40390971303, 0.412503749132, 0.183586135507],
        "median": [0.353279083967, 0.403064876795, 0.136032655835],
        "min": [0, 0, 0],
        "skew": [0.310804784298, 0.172531872988, 1.75594317913],
        "var": [0.0757514312863, 0.052655428648, 0.0218408629298],
        "cov": [[0.0759182795882, -0.0534003898501, -0.0225179176778], [-0.0534003898501, 0.0527714081109, 0.000628954963759], [-0.0225179176778, 0.000628954963759, 0.0218889694661]]
    }
},
"tonal": {
    "chords_changes_rate": 0.118421055377,
    "chords_number_rate": 0.039473682642,
    "chords_strength": {
        "kurt": -0.312880516052,
        "max": 0.66908288002,
        "mean": 0.425592541695,
        "median": 0.423639237881,
        "min": 0.217858180404,
        "skew": 0.170067876577,
        "var": 0.00890811998397
    },
    "key_strength": 0.660746455193,
    "tuning_diatonic_strength": 0.584452986717,
    "tuning_equal_tempered_deviation": 0.234152719378,
    "tuning_frequency": 438.224517822,
    "tuning_nontempered_energy_ratio": 0.903637647629,
    "hpcp": {
        "kurt": [5.10121536255, 4.38988113403, 3.76241111755, 2.53096580505, 2.98858261108, 3.93468523026, 3.96830463409, 6.21346187592, 4.53721284866, 2.59478855133, 5.17625617981, 7.25146865845, 4.93687677383, 4.46868944168, 2.25431251526, 2.82910776138, 2.25551462173, 1.88442850113, 2.04178237915, 1.28282213211, 2.05329465866, 2.97387838364, 3.31839036942, 2.23788547516, 1.84789991379, 3.16227674484, 3.91304683685, 2.96204328537, 6.76529312134, 3.08948802948, 1.96215009689, 1.46861600876, 0.0721025466919, -0.408126354218, 0.273050785065, 1.29383993149],
        "max": [1, 1, 1, 1, 1, 1, 1, 1, 1, 1, 1, 1, 1, 1, 1, 1, 1, 1, 1, 1, 1, 1, 1, 1, 1, 1, 1, 0.863090693951, 1, 1, 1, 1, 1, 1, 1, 1],
