{
"metadata": {
    "version": {
        "essentia": "2.1-beta3"
    }
},
"lowLevel": {
    "average_loudness": 0.99068403244,
    "barkbands_kurtosis": {
        "kurt": 2.25851678848,
        "max": 39.5642967224,
        "mean": 6.57747364044,
        "median": 4.55213022232,
        "min": -1.68600583076,
        "skew": 1.51582980156,
        "var": 85.5066986084
    },
    "barkbands_skewness": {
        "kurt": -0.712425470352,
        "max": 3.86629271507,
        "mean": 1.220312953,
        "median": 1.18828082085,
        "min": -1.16868937016,
        "skew": 0.0310999043286,
        "var": 1.42785608768
    },
    "barkbands_spread": {
        "kurt": -1.47187721729,
        "max": 54.7925796509,
        "mean": 19.6283168793,
        "median": 6.55025482178,
        "min": 0.898156225681,
        "skew": 0.479522168636,
        "var": 378.40637207
    },
    "dissonance": {
        "kurt": 1.23471307755,
        "max": 0.499785035849,
        "mean": 0.466151088476,
        "median": 0.481042027473,
        "min": 0.35598757863,
        "skew": -1.29619109631,
        "var": 0.00115815654863
    },
    "hfc": {
        "kurt": 1.80398321152,
        "max": 11.2720489502,
        "mean": 1.75592970848,
        "median": 0.00640661641955,
        "min": 0.000454358989373,
        "skew": 1.84994602203,
        "var": 12.0009250641
    },
    "pitch": {
        "kurt": -0.74116563797,
        "max": 4293.97460938,
        "mean": 1451.50964355,
        "median": 731.68737793,
        "min": 77.3483810425,
        "skew": 1.05693304539,
        "var": 2139281.25
    },
    "pitch_instantaneous_confidence": {
        "kurt": -0.503423690796,
        "max": 0.811072289944,
        "mean": 0.386565923691,
        "median": 0.344198048115,
        "min": 0.143056690693,
        "skew": 0.701253354549,
        "var": 0.0264185201377
    },
    "pitch_salience": {
        "kurt": 2.89731645584,
        "max": 0.827957391739,
        "mean": 0.739790320396,
        "median": 0.754438102245,
        "min": 0.474694043398,
        "skew": -1.47803556919,
        "var": 0.00479887472466
    },
    "silence_rate_20dB": {
        "kurt": 0,
        "max": 1,
        "mean": 1,
        "median": 1,
        "min": 1,
        "skew": 0,
        "var": 0
    },
    "silence_rate_30dB": {
        "kurt": 0,
        "max": 1,
        "mean": 1,
        "median": 1,
        "min": 1,
        "skew": 0,
        "var": 0
    },
    "silence_rate_60dB": {
        "kurt": -0.0297322273254,
        "max": 1,
        "mean": 0.787234067917,
        "median": 1,
        "min": 0,
        "skew": -1.40366339684,
        "var": 0.167496666312
    },
    "spectral_centroid": {
        "kurt": 0.629271268845,
        "max": 3216.80908203,
        "mean": 1180.33398438,
        "median": 881.09552002,
        "min": 428.270507812,
        "skew": 1.22960448265,
        "var": 505607.21875
    },
    "spectral_complexity": {
        "kurt": 0.23663854599,
        "max": 12,
        "mean": 2.36170220375,
        "median": 0,
        "min": 0,
        "skew": 1.34303760529,
        "var": 14.9968299866
    },
    "spectral_crest": {
        "kurt": -0.163939714432,
        "max": 19.2695026398,
        "mean": 8.53278923035,
        "median": 8.07465553284,
        "min": 3.13056588173,
        "skew": 0.639208972454,
        "var": 16.1612815857
    },
    "spectral_decrease": {
        "kurt": 1.75597286224,
        "max": -6.48973808178e-14,
        "mean": -5.10692432787e-10,
        "median": -3.80957114812e-12,
        "min": -3.10835268635e-09,
        "skew": -1.83838915825,
        "var": 9.94650668792e-19
    },
    "spectral_energy": {
        "kurt": 1.75078964233,
        "max": 0.0126963118091,
        "mean": 0.00208673719317,
        "median": 1.49592760863e-05,
        "min": 2.86147951556e-07,
        "skew": 1.83778250217,
        "var": 1.66259396792e-05
    },
    "spectral_energyband_high": {
        "kurt": 6.1562204361,
        "max": 1.94890617422e-05,
        "mean": 2.13312387132e-06,
        "median": 1.13865162632e-07,
        "min": 3.67526382661e-08,
        "skew": 2.70481967926,
        "var": 2.26675588022e-11
    },
    "spectral_energyband_low": {
        "kurt": 5.859375,
        "max": 4.15345084548e-06,
        "mean": 5.87637430272e-07,
        "median": 2.26799102165e-07,
        "min": 1.65136082586e-08,
        "skew": 2.23977565765,
        "var": 6.66904194629e-13
    },
    "spectral_energyband_middle_high": {
        "kurt": 5.01158905029,
        "max": 0.0105019193143,
        "mean": 0.00111470778938,
        "median": 5.27515396698e-07,
        "min": 7.71646710973e-08,
        "skew": 2.40996837616,
        "var": 5.92490869167e-06
    },
    "spectral_energyband_middle_low": {
        "kurt": 4.92929172516,
        "max": 0.00972054991871,
        "mean": 0.00107869971544,
        "median": 1.36060980367e-05,
        "min": 5.57646302468e-08,
        "skew": 2.31032919884,
        "var": 4.69959468319e-06
    },
    "spectral_flatness_db": {
        "kurt": -1.32437670231,
        "max": 0.436995029449,
        "mean": 0.201961860061,
        "median": 0.191963046789,
        "min": 0.0479572601616,
        "skew": 0.419679135084,
        "var": 0.0177262704819
    },
    "spectral_flux": {
        "kurt": -0.639154672623,
        "max": 0.0765440613031,
        "mean": 0.0197104085237,
        "median": 0.00328108551912,
        "min": 0.000385831866879,
        "skew": 1.033244133,
        "var": 0.00071990059223
    },
    "spectral_kurtosis": {
        "kurt": -0.395495653152,
        "max": 56.510345459,
        "mean": 17.0277843475,
        "median": 9.13365459442,
        "min": 2.31911230087,
        "skew": 0.980714559555,
        "var": 292.698730469
    },
    "spectral_rms": {
        "kurt": 0.399382829666,
        "max": 0.00351946661249,
        "mean": 0.000784836767707,
        "median": 0.000120807351777,
        "min": 1.67083435372e-05,
        "skew": 1.41000401974,
        "var": 1.41987266034e-06
    },
    "spectral_rolloff": {
        "kurt": -1.21588790417,
        "max": 5447.90039062,
        "mean": 2069.02026367,
        "median": 1012.06054688,
        "min": 236.865234375,
        "skew": 0.665267765522,
        "var": 2620689.75
    },
    "spectral_skewness": {
        "kurt": -1.27298510075,
        "max": 6.02119779587,
        "mean": 3.02664780617,
        "median": 2.68725252151,
        "min": 1.11117970943,
        "skew": 0.451558500528,
        "var": 2.69034409523
    },
    "spectral_spread": {
        "kurt": -1.69522035122,
        "max": 9519734,
        "mean": 5266680,
        "median": 4982492.5,
        "min": 835256.75,
        "skew": 0.0047395019792,
        "var": 9.45035411456e+12
    },
    "spectral_strongpeak": {
        "kurt": 7.7271566391,
        "max": 2.26654839516,
        "mean": 0.233830556273,
        "median": 0.0168591439724,
        "min": 0.000351333874278,
        "skew": 2.68829989433,
        "var": 0.202780395746
    },
    "zerocrossingrate": {
        "kurt": -1.0228202343,
        "max": 0.15283203125,
        "mean": 0.0666971430182,
        "median": 0.0419921875,
        "min": 0.0244140625,
        "skew": 0.693678438663,
        "var": 0.00157290999778
    },
    "barkbands": {
        "kurt": [10.4735212326, 6.82829093933, 3.89810276031, 5.5002117157, 13.3581638336, 18.709985733, 23.4373588562, 25.6665706635, 5.0708694458, 7.15528488159, 4.96246099472, 6.05057907104, 8.18015384674, 15.5765857697, 20.0160198212, 6.65682983398, 12.3850727081, 24.9427032471, 4.33673667908, 5.36013507843, 5.14001274109, 6.52003097534, 8.6076631546, 1.36552238464, 12.0239315033, 29.6164588928, 29.6429672241],
        "max": [5.79402161804e-08, 9.1599059715e-07, 1.67032271747e-06, 3.73035595658e-06, 1.86024226423e-05, 6.46233384032e-05, 8.82929598447e-05, 0.00246176449582, 0.00713539635763, 0.00677432119846, 0.00312602054328, 0.00142207159661, 0.000305623136228, 0.000287844566628, 0.000288678187644, 7.04490321368e-06, 1.9493425043e-06, 7.7796221376e-07, 4.80358039567e-07, 8.03699265362e-07, 1.30183605052e-06, 1.75134318852e-05, 1.01003558939e-06, 2.43554829638e-08, 5.57780737154e-08, 3.37276828688e-09, 3.48106321546e-09],
        "mean": [7.17656378768e-09, 1.12795511598e-07, 2.4287277256e-07, 4.79908294437e-07, 1.71395754478e-06, 4.47074580734e-06, 6.70825465932e-06, 0.000112661480671, 0.000763837888371, 0.000649320078082, 0.000344432453858, 0.00013662566198, 2.6918558433e-05, 1.97262361326e-05, 1.62100786838e-05, 7.01420105997e-07, 1.54734848934e-07, 7.58946754331e-08, 1.01212137338e-07, 1.39007994449e-07, 1.79327628302e-07, 1.81928010079e-06, 8.98854608522e-08, 5.39682476486e-09, 5.78356518233e-09, 2.74204270401e-10, 1.53799653568e-10],
        "median": [3.87303167315e-09, 3.29620313266e-08, 6.61964421056e-08, 8.4303735548e-08, 4.42491455033e-07, 5.63359094485e-07, 1.98356678993e-06, 2.65963399215e-06, 6.13068039002e-07, 1.78964043585e-07, 1.11661918822e-07, 7.60487566254e-08, 2.8873383684e-08, 4.01872490841e-08, 2.47926230657e-08, 2.00036183173e-08, 2.5879174359e-08, 4.18578416372e-08, 6.13452115772e-08, 5.65284636878e-08, 4.87572613395e-08, 2.22171951947e-08, 3.94445365259e-09, 1.86181181583e-09, 2.18280882258e-09, 1.42981251838e-10, 9.48442713256e-12],
        "min": [8.2325734771e-12, 1.75035730354e-09, 3.37464900468e-09, 1.47346701507e-09, 5.71857761145e-09, 1.53377865963e-09, 2.95477198264e-09, 2.68127831049e-09, 2.78571832268e-09, 1.29310118169e-09, 2.66484434519e-09, 9.73397473736e-10, 1.12662434937e-09, 2.73545719409e-09, 3.19288639972e-09, 6.72574307359e-09, 2.61190202799e-09, 1.00290167282e-08, 1.84320150254e-08, 2.57447645424e-08, 1.54950789977e-08, 6.81524081614e-09, 1.86977278105e-09, 8.21504586579e-10, 6.95447643917e-10, 6.03940508714e-11, 2.77689459968e-12],
        "skew": [3.07376170158, 2.75208735466, 2.02483773232, 2.36577057838, 3.49221801758, 4.10636758804, 4.51379108429, 5.04033660889, 2.40973854065, 2.7357237339, 2.47312068939, 2.61593532562, 2.8625433445, 3.9087972641, 4.2677116394, 2.67243409157, 3.51037287712, 4.73558855057, 1.97762203217, 2.35411310196, 2.33381128311, 2.76894235611, 3.06393241882, 1.75532329082, 3.43000435829, 5.30747270584, 5.32407569885],
        "var": [1.10493257595e-16, 4.15083955705e-14, 1.31205213794e-13, 6.39081561109e-13, 1.09550059996e-11, 1.15383258503e-10, 1.8956189396e-10, 1.54252418838e-07, 2.71898738902e-06, 2.20342599278e-06, 6.1170231902e-07, 1.01069261405e-07, 3.8004701608e-09, 2.72953482039e-09, 2.29071051017e-09, 2.499673862e-12, 1.317932715e-13, 1.36716835159e-14, 8.62722284426e-15, 2.78769893183e-14, 7.57379930798e-14, 1.86591003065e-11, 4.82929905646e-14, 5.11870976664e-17, 1.02972273385e-16, 2.45972598298e-19, 2.83630099082e-19],
        "cov": [[1.12895290832e-16, 5.76954109742e-16, 6.41656177256e-17, 6.41773094273e-16, 3.82648785636e-15, 9.90463492608e-15, 1.11240735319e-14, 3.93644887737e-13, -5.35184201643e-13, -1.94170417592e-12, -9.69227302583e-13, -3.36737500948e-13, -6.32278449974e-14, 1.39406740749e-14, -4.02127095999e-14, -1.62431453125e-15, -3.03708957194e-16, -1.88007366798e-17, -1.10916853478e-16, -6.10265607724e-18, -1.92523071493e-16, -2.50298214738e-15, -1.25396570691e-16, -5.83139667101e-18, -7.76455581286e-18, -2.28477547397e-19, -2.64658323992e-19], [5.76954109742e-16, 4.24107499336e-14, 2.44934755529e-14, 3.40830540332e-14, 5.86995797564e-14, 4.47169021646e-13, 3.13486378783e-13, 3.49808480793e-11, 8.758180986e-11, -7.32522896507e-12, -1.06629314753e-11, -2.10872747215e-12, 3.74359858434e-13, 3.2116733318e-12, -1.08004310519e-13, 2.61412388149e-15, 1.35508934413e-15, 1.1795062963e-15, 2.22071328815e-15, 9.65558775783e-15, 1.67287465483e-14, 1.43855847373e-13, 5.26411029093e-15, 1.9887617594e-16, 1.60133087456e-16, 1.91388314524e-18, 3.63540585261e-18], [6.41656177256e-17, 2.44934755529e-14, 1.34057492212e-13, 2.24433129416e-13, 5.00374698273e-13, 1.47418047821e-12, 2.32046738595e-12, 3.57062747425e-11, 1.14598061943e-11, -5.86149323523e-11, -2.25377928126e-11, -1.68699082481e-11, -1.94910320522e-12, 9.56752038705e-13, -2.13583079174e-12, -6.89426882011e-14, -1.66306567449e-14, 7.68773720373e-16, 2.08564668493e-15, 4.20672729913e-15, 8.86361279918e-15, 2.60829362666e-14, 1.17331649716e-15, -8.84244361942e-17, 2.38738380236e-16, -8.07557655036e-18, -5.82341148297e-18], [6.41773094273e-16, 3.40830540332e-14, 2.24433129416e-13, 6.52974636167e-13, 9.37932348975e-13, 2.10711591404e-12, 3.03952479505e-12, 1.1659838893e-11, -2.06396025271e-10, -2.39793102041e-10, -1.25979310317e-10, -5.19318130165e-11, -9.1630045565e-12, -5.6134372324e-12, -6.45471436717e-12, -2.38651573546e-13, -4.32747608093e-14, -2.53690751098e-15, -3.41528978289e-16, -1.0868043424e-14, -2.87506021594e-15, -5.3276708132e-13, -2.79639880723e-14, -1.05273828663e-15, -7.19167341696e-16, -4.14883818231e-17, -3.9314137583e-17], [3.82648785636e-15, 5.86995797564e-14, 5.00374698273e-13, 9.37932348975e-13, 1.11931583793e-11, 3.270344065e-11, 3.9064793067e-11, 7.41049110964e-10, 9.60272195094e-10, 8.4347619167e-11, -1.24252275135e-10, -1.737097792e-11, 5.81409139583e-12, 3.63367079481e-11, -7.59414232887e-12, -3.765165805e-14, -4.83247712408e-14, -6.95116614076e-15, 1.75664113111e-14, 8.28220887597e-14, 8.41054182137e-14, 2.55133002398e-12, 6.83488503425e-14, 3.11120262548e-15, 4.44518952016e-15, 3.13462356293e-16, 3.58660484345e-16], [9.90463492608e-15, 4.47169021646e-13, 1.47418047821e-12, 2.10711591404e-12, 3.270344065e-11, 1.17891585383e-10, 1.36074249091e-10, 2.86079493428e-09, 4.94206275903e-09, 1.03361019743e-09, -1.41607336968e-10, 1.28122762399e-10, 7.40645808572e-11, 1.60522428683e-10, 6.0727521102e-12, 1.6419478624e-12, 2.64043208955e-13, 1.88685279559e-14, 1.36841262605e-13, 4.41118116427e-13, 4.32384840822e-13, 1.04650272822e-11, 3.15247556792e-13, 1.64786024724e-14, 1.82044270202e-14, 1.07994530253e-15, 1.22345830654e-15], [1.11240735319e-14, 3.13486378783e-13, 2.32046738595e-12, 3.03952479505e-12, 3.9064793067e-11, 1.36074249091e-10, 1.93682805905e-10, 3.23969984173e-09, 5.07951103401e-09, 1.40886835531e-09, 7.58669183032e-10, 2.73597533518e-10, 1.0296750258e-10, 1.81034742752e-10, -1.36809476508e-12, 1.51318226612e-12, 8.45343828032e-14, 1.04893829354e-13, 1.9118994582e-13, 5.5869339103e-13, 9.88288769398e-13, 1.38991223045e-11, 4.2545941813e-13, 2.16909687911e-14, 3.09070836686e-14, 1.73908738972e-15, 1.95601718619e-15], [3.93644887737e-13, 3.49808480793e-11, 3.57062747425e-11, 1.1659838893e-11, 7.41049110964e-10, 2.86079493428e-09, 3.23969984173e-09, 1.57605740014e-07, 3.8343935671e-07, 9.38692750196e-08, 1.49417012096e-08, 1.3221534978e-08, 4.25489110611e-09, 1.50237138286e-08, 8.13216216589e-10, 4.48411342779e-11, 6.78932344372e-12, 3.23947986491e-12, 1.31014461432e-11, 3.93807347843e-11, 4.70815157694e-11, 9.37777411281e-10, 3.42412209697e-11, 1.13982543022e-12, 1.28749897028e-12, 6.69874380033e-14, 7.44438758142e-14], [-5.35184201643e-13, 8.758180986e-11, 1.14598061943e-11, -2.06396025271e-10, 9.60272195094e-10, 4.94206275903e-09, 5.07951103401e-09, 3.8343935671e-07, 2.77809567706e-06, 1.68902954556e-06, 8.9808344228e-07, 3.48340620349e-07, 7.87743417163e-08, 6.5379360592e-08, 4.59513138651e-08, 2.10165040926e-09, 3.80301290459e-10, 1.02679670322e-10, 1.15563912606e-10, 2.65362870566e-10, 2.94985674776e-10, 5.30457899828e-09, 2.55958088058e-10, 1.08618643593e-11, 1.04450033692e-11, 2.40034039737e-13, 2.78972808396e-13], [-1.94170417592e-12, -7.32522896507e-12, -5.86149323523e-11, -2.39793102041e-10, 8.4347619167e-11, 1.03361019743e-09, 1.40886835531e-09, 9.38692750196e-08, 1.68902954556e-06, 2.25132657761e-06, 9.67441906141e-07, 3.92128043813e-07, 6.71631141813e-08, 3.37431593778e-08, 4.46391617004e-08, 1.64871183372e-09, 3.09997277848e-10, 9.21548601318e-11, 9.53759710098e-11, 1.58846533149e-10, 2.31823601982e-10, 5.30423127643e-09, 2.57348004018e-10, 9.26223247405e-12, 1.11992056254e-11, 4.86353578938e-13, 5.37766391747e-13], [-9.69227302583e-13, -1.06629314753e-11, -2.25377928126e-11, -1.25979310317e-10, -1.24252275135e-10, -1.41607336968e-10, 7.58669183032e-10, 1.49417012096e-08, 8.9808344228e-07, 9.67441906141e-07, 6.25000211585e-07, 2.07345792091e-07, 3.65044208195e-08, 1.56108406202e-08, 2.53939447248e-08, 9.12938447062e-10, 1.9159444864e-10, 6.86716308818e-11, 4.59887093684e-11, 8.94191318213e-11, 1.54898843752e-10, 2.21777596288e-09, 1.40779138347e-10, 4.87456732964e-12, 5.01998269342e-12, 1.82195011573e-13, 2.03065374845e-13], [-3.36737500948e-13, -2.10872747215e-12, -1.68699082481e-11, -5.19318130165e-11, -1.737097792e-11, 1.28122762399e-10, 2.73597533518e-10, 1.3221534978e-08, 3.48340620349e-07, 3.92128043813e-07, 2.07345792091e-07, 1.03266422968e-07, 1.66237814625e-08, 9.3425809311e-09, 1.36132625173e-08, 3.94231342016e-10, 9.50405379396e-11, 2.83758624237e-11, 1.66778726246e-11, 3.5511930202e-11, 3.94756484445e-11, 8.01662958239e-10, 4.18772273802e-11, 1.90077099026e-12, 1.31109598005e-12, 7.16359006077e-14, 8.08246021109e-14], [-6.32278449974e-14, 3.74359858434e-13, -1.94910320522e-12, -9.1630045565e-12, 5.81409139583e-12, 7.40645808572e-11, 1.0296750258e-10, 4.25489110611e-09, 7.87743417163e-08, 6.71631141813e-08, 3.65044208195e-08, 1.66237814625e-08, 3.88308896149e-09, 1.46432754811e-09, 2.78786549401e-09, 8.37483971061e-11, 2.07634465177e-11, 6.00718910379e-12, 4.02739777292e-12, 8.05437400803e-12, 6.77506228203e-12, 1.19329601755e-10, 5.85748767198e-12, 3.91978143737e-13, 2.68809334601e-13, 3.8982137593e-15, 4.98132198874e-15], [1.39406740749e-14, 3.2116733318e-12, 9.56752038705e-13, -5.6134372324e-12, 3.63367079481e-11, 1.60522428683e-10, 1.81034742752e-10, 1.50237138286e-08, 6.5379360592e-08, 3.37431593778e-08, 1.56108406202e-08, 9.3425809311e-09, 1.46432754811e-09, 2.7888724663e-09, 9.8770280843e-10, 3.50398911275e-11, 5.97837231109e-12, 1.76503831082e-12, 2.62068925588e-12, 6.48358970678e-12, 7.74330165959e-12, 1.61701305124e-10, 6.62341318944e-12, 2.31746940431e-13, 2.3306879972e-13, 7.73709031955e-15, 8.925668974e-15], [-4.02127095999e-14, -1.08004310519e-13, -2.13583079174e-12, -6.45471436717e-12, -7.59414232887e-12, 6.0727521102e-12, -1.36809476508e-12, 8.13216216589e-10, 4.59513138651e-08, 4.46391617004e-08, 2.53939447248e-08, 1.36132625173e-08, 2.78786549401e-09, 9.8770280843e-10, 2.34050845371e-09, 5.56398885299e-11, 1.66984429756e-11, 5.04881076183e-12, 2.29405318526e-12, 5.06086015109e-12, 2.83636092044e-12, 5.56118345818e-11, 3.09631270276e-12, 2.52313198546e-13, 8.23744081301e-14, 2.23273755611e-15, 2.94398180455e-15], [-1.62431453125e-15, 2.61412388149e-15, -6.89426882011e-14, -2.38651573546e-13, -3.765165805e-14, 1.6419478624e-12, 1.51318226612e-12, 4.48411342779e-11, 2.10165040926e-09, 1.64871183372e-09, 9.12938447062e-10, 3.94231342016e-10, 8.37483971061e-11, 3.50398911275e-11, 5.56398885299e-11, 2.5540147254e-12, 4.76851793729e-13, 1.03190127612e-13, 8.47917859515e-14, 1.88473788985e-13, 1.66391531629e-13, 2.98671222303e-12, 1.66832869676e-13, 9.56367621273e-15, 6.32376714267e-15, 1.16105638347e-16, 1.42597665798e-16], [-3.03708957194e-16, 1.35508934413e-15, -1.66306567449e-14, -4.32747608093e-14, -4.83247712408e-14, 2.64043208955e-13, 8.45343828032e-14, 6.78932344372e-12, 3.80301290459e-10, 3.09997277848e-10, 1.9159444864e-10, 9.50405379396e-11, 2.07634465177e-11, 5.97837231109e-12, 1.66984429756e-11, 4.76851793729e-13, 1.34658343504e-13, 3.65195815754e-14, 1.74205844249e-14, 4.06712322512e-14, 2.15786149528e-14, 3.05909459005e-13, 2.16523898285e-14, 1.91316346005e-15, 3.78856211497e-16, 8.4239023063e-18, 1.28186591341e-17], [-1.88007366798e-17, 1.1795062963e-15, 7.68773720373e-16, -2.53690751098e-15, -6.95116614076e-15, 1.88685279559e-14, 1.04893829354e-13, 3.23947986491e-12, 1.02679670322e-10, 9.21548601318e-11, 6.86716308818e-11, 2.83758624237e-11, 6.00718910379e-12, 1.76503831082e-12, 5.04881076183e-12, 1.03190127612e-13, 3.65195815754e-14, 1.39688938246e-14, 6.07134581867e-15, 1.30627811763e-14, 1.26796757975e-14, 1.2646966265e-13, 9.74939496268e-15, 5.7671413472e-16, 2.51361950477e-16, 6.4993512195e-18, 8.06249717051e-18], [-1.10916853478e-16, 2.22071328815e-15, 2.08564668493e-15, -3.41528978289e-16, 1.75664113111e-14, 1.36841262605e-13, 1.9118994582e-13, 1.31014461432e-11, 1.15563912606e-10, 9.53759710098e-11, 4.59887093684e-11, 1.66778726246e-11, 4.02739777292e-12, 2.62068925588e-12, 2.29405318526e-12, 8.47917859515e-14, 1.74205844249e-14, 6.07134581867e-15, 8.81477118538e-15, 1.24659134808e-14, 1.70178659982e-14, 2.82865094195e-13, 1.25706939975e-14, 5.11182160206e-16, 7.18044917162e-16, 1.11923492579e-17, 1.24367060047e-17], [-6.10265607724e-18, 9.65558775783e-15, 4.20672729913e-15, -1.0868043424e-14, 8.28220887597e-14, 4.41118116427e-13, 5.5869339103e-13, 3.93807347843e-11, 2.65362870566e-10, 1.58846533149e-10, 8.94191318213e-11, 3.5511930202e-11, 8.05437400803e-12, 6.48358970678e-12, 5.06086015109e-12, 1.88473788985e-13, 4.06712322512e-14, 1.30627811763e-14, 1.24659134808e-14, 2.84830108989e-14, 3.06159381159e-14, 4.90451592099e-13, 2.35603230718e-14, 1.0601083203e-15, 9.17616838024e-16, 2.45706390897e-17, 2.81051619948e-17], [-1.92523071493e-16, 1.67287465483e-14, 8.86361279918e-15, -2.87506021594e-15, 8.41054182137e-14, 4.32384840822e-13, 9.88288769398e-13, 4.70815157694e-11, 2.94985674776e-10, 2.31823601982e-10, 1.54898843752e-10, 3.94756484445e-11, 6.77506228203e-12, 7.74330165959e-12, 2.83636092044e-12, 1.66391531629e-13, 2.15786149528e-14, 1.26796757975e-14, 1.70178659982e-14, 3.06159381159e-14, 7.73844760515e-14, 9.26489137146e-13, 5.16559586989e-14, 1.40542671224e-15, 2.12912869776e-15, 7.27936276752e-17, 8.01146128477e-17], [-2.50298214738e-15, 1.43855847373e-13, 2.60829362666e-14, -5.3276708132e-13, 2.55133002398e-12, 1.04650272822e-11, 1.38991223045e-11, 9.37777411281e-10, 5.30457899828e-09, 5.30423127643e-09, 2.21777596288e-09, 8.01662958239e-10, 1.19329601755e-10, 1.61701305124e-10, 5.56118345818e-11, 2.98671222303e-12, 3.05909459005e-13, 1.2646966265e-13, 2.82865094195e-13, 4.90451592099e-13, 9.26489137146e-13, 1.90647324316e-11, 8.74632885648e-13, 2.39805090119e-14, 3.92767754626e-14, 1.54944846541e-15, 1.70382509049e-15], [-1.25396570691e-16, 5.26411029093e-15, 1.17331649716e-15, -2.79639880723e-14, 6.83488503425e-14, 3.15247556792e-13, 4.2545941813e-13, 3.42412209697e-11, 2.55958088058e-10, 2.57348004018e-10, 1.40779138347e-10, 4.18772273802e-11, 5.85748767198e-12, 6.62341318944e-12, 3.09631270276e-12, 1.66832869676e-13, 2.16523898285e-14, 9.74939496268e-15, 1.25706939975e-14, 2.35603230718e-14, 5.16559586989e-14, 8.74632885648e-13, 4.93428370808e-14, 1.2493472333e-15, 1.81780745547e-15, 7.77124340267e-17, 8.48754012324e-17], [-5.83139667101e-18, 1.9887617594e-16, -8.84244361942e-17, -1.05273828663e-15, 3.11120262548e-15, 1.64786024724e-14, 2.16909687911e-14, 1.13982543022e-12, 1.08618643593e-11, 9.26223247405e-12, 4.87456732964e-12, 1.90077099026e-12, 3.91978143737e-13, 2.31746940431e-13, 2.52313198546e-13, 9.56367621273e-15, 1.91316346005e-15, 5.7671413472e-16, 5.11182160206e-16, 1.0601083203e-15, 1.40542671224e-15, 2.39805090119e-14, 1.2493472333e-15, 5.2299860731e-17, 4.97873293989e-17, 1.72204383116e-18, 1.92704834507e-18], [-7.76455581286e-18, 1.60133087456e-16, 2.38738380236e-16, -7.19167341696e-16, 4.44518952016e-15, 1.82044270202e-14, 3.09070836686e-14, 1.28749897028e-12, 1.04450033692e-11, 1.11992056254e-11, 5.01998269342e-12, 1.31109598005e-12, 2.68809334601e-13, 2.3306879972e-13, 8.23744081301e-14, 6.32376714267e-15, 3.78856211497e-16, 2.51361950477e-16, 7.18044917162e-16, 9.17616838024e-16, 2.12912869776e-15, 3.92767754626e-14, 1.81780745547e-15, 4.97873293989e-17, 1.05210802794e-16, 2.45215728037e-18, 2.70326284457e-18], [-2.28477547397e-19, 1.91388314524e-18, -8.07557655036e-18, -4.14883818231e-17, 3.13462356293e-16, 1.07994530253e-15, 1.73908738972e-15, 6.69874380033e-14, 2.40034039737e-13, 4.86353578938e-13, 1.82195011573e-13, 7.16359006077e-14, 3.8982137593e-15, 7.73709031955e-15, 2.23273755611e-15, 1.16105638347e-16, 8.4239023063e-18, 6.4993512195e-18, 1.11923492579e-17, 2.45706390897e-17, 7.27936276752e-17, 1.54944846541e-15, 7.77124340267e-17, 1.72204383116e-18, 2.45215728037e-18, 2.5131982982e-19, 2.68415714376e-19], [-2.64658323992e-19, 3.63540585261e-18, -5.82341148297e-18, -3.9314137583e-17, 3.58660484345e-16, 1.22345830654e-15, 1.95601718619e-15, 7.44438758142e-14, 2.78972808396e-13, 5.37766391747e-13, 2.03065374845e-13, 8.08246021109e-14, 4.98132198874e-15, 8.925668974e-15, 2.94398180455e-15, 1.42597665798e-16, 1.28186591341e-17, 8.06249717051e-18, 1.24367060047e-17, 2.81051619948e-17, 8.01146128477e-17, 1.70382509049e-15, 8.48754012324e-17, 1.92704834507e-18, 2.70326284457e-18, 2.68415714376e-19, 2.89795955067e-19]]
    },
    "mfcc": {
        "kurt": [-1.35413730145, -1.65538716316, 0.131971120834, -1.16000461578, -1.15520095825, -0.680750370026, -0.721517801285, -0.389654159546, -0.721970081329, -0.263469219208, 0.503882884979, -0.208314657211, 0.740030765533],
        "max": [-827.519226074, 185.086273193, 54.140537262, 33.5337562561, 24.9742774963, 32.4116592407, 15.9220466614, 21.3589878082, 25.8535957336, 17.218957901, 35.2559318542, 7.10552978516, 9.05089569092],
        "mean": [-1008.48071289, 93.7388305664, 0.180857717991, -26.6468067169, -33.4118843079, -3.46820402145, -2.89458608627, -0.292265146971, 3.22724270821, 1.30660653114, 2.77211809158, -12.4415273666, -4.95211601257],
        "median": [-1037.89147949, 108.171699524, 15.0269775391, 3.88972854614, -16.9823265076, -2.56273651123, -0.163005828857, 2.04370880127, 0.669548034668, 1.57886505127, -0.900096893311, -9.35269165039, -5.18314361572],
        "min": [-1121.9855957, 7.57358932495, -102.255371094, -115.708869934, -106.191864014, -37.3332176208, -28.0974731445, -22.5205383301, -19.4051513672, -13.8902893066, -20.1063899994, -43.1941261292, -22.3753929138],
        "skew": [0.422416120768, -0.0900681987405, -1.09082019329, -0.64606910944, -0.434567332268, -0.133422315121, -0.401455521584, -0.169426858425, 0.238531127572, 0.109929926693, 0.837661445141, -0.736998438835, -0.45905944705],
        "var": [10334.5742188, 3361.62597656, 1460.84436035, 2434.38623047, 1429.77075195, 263.315246582, 106.9402771, 91.3060760498, 136.846755981, 50.8247795105, 127.811668396, 155.307800293, 34.5989570618],
        "cov": [[10559.2382812, 5608.12060547, -3078.15209961, -4840.54248047, -3770.53808594, 574.317016602, -687.824462891, -104.088699341, 631.221496582, 54.4012832642, 640.535461426, -970.930358887, 107.890899658], [5608.12060547, 3434.70483398, -1167.42114258, -2407.32617188, -1987.48083496, 46.128704071, -420.756866455, -203.359802246, 178.543609619, 42.0740394592, 327.613311768, -408.757995605, 25.4021587372], [-3078.15209961, -1167.42114258, 1492.60192871, 1698.15698242, 1101.80688477, -437.176086426, 127.668380737, -136.879119873, -345.784667969, 13.3575344086, -143.159866333, 399.511169434, -75.6241912842], [-4840.54248047, -2407.32617188, 1698.15698242, 2487.30761719, 1797.12487793, -394.449676514, 283.269134521, -18.5419406891, -348.448760986, 4.12841510773, -259.268249512, 518.089294434, -59.4514122009], [-3770.53808594, -1987.48083496, 1101.80688477, 1797.12487793, 1460.8527832, -194.821517944, 239.479293823, 45.7315292358, -219.363708496, -22.5992622375, -261.265930176, 362.859375, -12.8636922836], [574.317016602, 46.128704071, -437.176086426, -394.449676514, -194.821517944, 269.039489746, 16.3155708313, 92.9306564331, 143.774612427, -8.20010089874, 55.1708259583, -122.430641174, 22.6345081329], [-687.824462891, -420.756866455, 127.668380737, 283.269134521, 239.479293823, 16.3155708313, 109.265060425, 48.5807800293, -7.46695995331, 12.6744594574, -21.8224945068, 71.7052307129, -18.5401153564], [-104.088699341, -203.359802246, -136.879119873, -18.5419406891, 45.7315292358, 92.9306564331, 48.5807800293, 93.2909927368, 80.8302383423, 9.03141212463, -2.57020807266, -21.6710128784, 10.0197658539], [631.221496582, 178.543609619, -345.784667969, -348.448760986, -219.363708496, 143.774612427, -7.46695995331, 80.8302383423, 139.821685791, 26.7943534851, 53.3104934692, -93.7620391846, 16.2538738251], [54.4012832642, 42.0740394592, 13.3575344086, 4.12841510773, -22.5992622375, -8.20010089874, 12.6744594574, 9.03141212463, 26.7943534851, 51.9296646118, 49.653175354, 13.6515846252, -9.62417316437], [640.535461426, 327.613311768, -143.159866333, -259.268249512, -261.265930176, 55.1708259583, -21.8224945068, -2.57020807266, 53.3104934692, 49.653175354, 130.590179443, -34.4774627686, -13.4398365021], [-970.930358887, -408.757995605, 399.511169434, 518.089294434, 362.859375, -122.430641174, 71.7052307129, -21.6710128784, -93.7620391846, 13.6515846252, -34.4774627686, 158.684051514, -13.9027309418], [107.890899658, 25.4021587372, -75.6241912842, -59.4514122009, -12.8636922836, 22.6345081329, -18.5401153564, 10.0197658539, 16.2538738251, -9.62417316437, -13.4398365021, -13.9027309418, 35.351108551]]
    },
    "sccoeffs": {
        "kurt": [-0.932372570038, 0.269689321518, 0.091135263443, -1.30598282814, 3.22317934036, -0.773452758789],
        "max": [-0.649643659592, -0.503501951694, -0.627096414566, -0.679380893707, -0.775766313076, -0.680657744408],
        "mean": [-0.804839372635, -0.803647816181, -0.834461152554, -0.829171717167, -0.880860030651, -0.811668336391],
        "median": [-0.813288867474, -0.843202829361, -0.856651008129, -0.868044495583, -0.889922201633, -0.84227758646],
        "min": [-0.910240709782, -0.92884016037, -0.925750017166, -0.920546472073, -0.915501534939, -0.88367587328],
        "skew": [0.232360854745, 1.11569535732, 1.02469241619, 0.563308596611, 1.89291238785, 0.855830013752],
        "var": [0.00444641243666, 0.0126360869035, 0.00568662304431, 0.00659590074793, 0.00093547522556, 0.00417013932019],
        "cov": [[0.00454307347536, 0.00224089226685, 0.00167206709739, 0.00195001473185, 0.00041514087934, 0.00146586971823], [0.00224089226685, 0.0129107842222, 0.00694932090119, 0.00829588808119, 0.00185617420357, 0.00643617054448], [0.00167206709739, 0.00694932090119, 0.00581024540588, 0.00521876290441, 0.00119160942268, 0.00433206791058], [0.00195001473185, 0.00829588808119, 0.00521876290441, 0.00673928996548, 0.00174752669409, 0.00491417804733], [0.00041514087934, 0.00185617420357, 0.00119160942268, 0.00174752669409, 0.000955811643507, 0.00130439188797], [0.00146586971823, 0.00643617054448, 0.00433206791058, 0.00491417804733, 0.00130439188797, 0.00426079472527]]
    },
    "scvalleys": {
        "kurt": [1.18339920044, -1.52021408081, -1.25004804134, -0.917273044586, -0.378427028656, 0.16863822937],
        "max": [-8.32354068756, -5.98880577087, -4.36425113678, -7.39198589325, -10.0482654572, -11.672618866],
        "mean": [-9.80238342285, -8.88084793091, -8.64984893799, -10.1083850861, -10.8095760345, -12.6078824997],
        "median": [-9.71158027649, -8.35591030121, -9.56538772583, -10.7903833389, -10.8368988037, -12.7569513321],
        "min": [-11.9124555588, -11.3417930603, -11.8904972076, -11.9246864319, -11.5151367188, -13.2925777435],
        "skew": [-0.550927460194, -0.0844862684608, 0.478189259768, 0.744693160057, 0.390673071146, 0.967315375805],
        "var": [0.439285516739, 2.64005661011, 5.2839846611, 2.13772916794, 0.104681968689, 0.128192916512],
        "cov": [[0.448835194111, 0.716196238995, 0.649751067162, 0.364082306623, 0.0675373598933, 0.0648140385747], [0.716196238995, 2.69744896889, 3.14174580574, 1.84549450874, 0.309607684612, 0.34021961689], [0.649751067162, 3.14174580574, 5.39885425568, 3.35454916954, 0.585349977016, 0.705857217312], [0.364082306623, 1.84549450874, 3.35454916954, 2.18420147896, 0.377008736134, 0.460001409054], [0.0675373598933, 0.309607684612, 0.585349977016, 0.377008736134, 0.106957666576, 0.0987166538835], [0.0648140385747, 0.34021961689, 0.705857217312, 0.460001409054, 0.0987166538835, 0.130979731679]]
    }
},
"rhythm": {
    "beats_loudness": {
        "kurt": -2,
        "max": 0.0126028582454,
        "mean": 0.012478550896,
        "median": 0.012478550896,
        "min": 0.0123542435467,
        "skew": 0,
        "var": 1.54523167595e-08
    },
    "bpm": 184.570343018,
    "confidence": 0,
    "first_peak_bpm": {
        "kurt": 0,
        "max": 185,
        "mean": 185,
        "median": 185,
        "min": 185,
        "skew": 0,
        "var": 0
    },
    "first_peak_spread": {
        "kurt": 0,
        "max": 0,
        "mean": 0,
        "median": 0,
        "min": 0,
        "skew": 0,
        "var": 0
    },
    "first_peak_weight": {
        "kurt": 0,
        "max": 1,
        "mean": 1,
        "median": 1,
        "min": 1,
        "skew": 0,
        "var": 0
    },
    "onset_rate": 2.81255984306,
    "second_peak_bpm": {
        "kurt": 0,
        "max": 0,
        "mean": 0,
        "median": 0,
        "min": 0,
        "skew": 0,
        "var": 0
    },
    "second_peak_spread": {
        "kurt": 0,
        "max": 0,
        "mean": 0,
        "median": 0,
        "min": 0,
        "skew": 0,
        "var": 0
    },
    "second_peak_weight": {
        "kurt": 0,
        "max": 0,
        "mean": 0,
        "median": 0,
        "min": 0,
        "skew": 0,
        "var": 0
    },
    "beats_loudness_band_ratio": {
        "kurt": [-2, -2, -2, -2, -2, -1.99999988079],
        "max": [2.06791737583e-05, 0.000454391702078, 0.436199039221, 0.804425358772, 0.0267348140478, 0.001408771961],
        "mean": [1.71483879967e-05, 0.000262585148448, 0.361372858286, 0.716472148895, 0.015827158466, 0.000833439466078],
        "median": [1.71483879967e-05, 0.000262585148448, 0.361372858286, 0.716472148895, 0.015827158466, 0.000833439466078],
        "min": [1.36176022352e-05, 7.07785802661e-05, 0.286546677351, 0.628518939018, 0.00491950428113, 0.000258107000263],
        "skew": [0, -1.22916418377e-07, 0, 0, 2.62807219542e-07, 1.45744976976e-07],
        "var": [1.24664480128e-11, 3.67897570186e-08, 0.0055989571847, 0.00773576693609, 0.000118976931844, 3.31007441901e-07],
        "cov": [[2.49328960256e-11, -1.35445565874e-09, 5.28390444288e-07, -6.21087906438e-07, 7.70251844529e-08, -4.06275102449e-09], [-1.35445565874e-09, 7.35795140372e-08, -2.87043039862e-05, 3.37400051649e-05, -4.1843195504e-06, 2.2070508976e-07], [5.28390444288e-07, -2.87043039862e-05, 0.0111979143694, -0.0131624052301, 0.00163235631771, -8.60998625285e-05], [-6.21087906438e-07, 3.37400051649e-05, -0.0131624052301, 0.0154715338722, -0.00191872648429, 0.0001012046705], [7.70251844529e-08, -4.1843195504e-06, 0.00163235631771, -0.00191872648429, 0.000237953863689, -1.25510559883e-05], [-4.06275102449e-09, 2.2070508976e-07, -8.60998625285e-05, 0.0001012046705, -1.25510559883e-05, 6.62014883801e-07]]
    },
    "beats_position": [0.348299324512, 0.673378646374],
    "bpm_estimates": [184.570343018],
    "bpm_intervals": [0.325079321861],
    "onset_times": [0.0232199542224, 0.348299324512, 0.603718817234],
    "histogram": [[0, 0, 0, 0, 0, 0, 0, 0, 0, 0, 0, 0, 0, 0, 0, 0, 0, 0, 0, 0, 0, 0, 0, 0, 0, 0, 0, 0, 0, 0, 0, 0, 0, 0, 0, 0, 0, 0, 0, 0, 0, 0, 0, 0, 0, 0, 0, 0, 0, 0, 0, 0, 0, 0, 0, 0, 0, 0, 0, 0, 0, 0, 0, 0, 0, 0, 0, 0, 0, 0, 0, 0, 0, 0, 0, 0, 0, 0, 0, 0, 0, 0, 0, 0, 0, 0, 0, 0, 0, 0, 0, 0, 0, 0, 0, 0, 0, 0, 0, 0, 0, 0, 0, 0, 0, 0, 0, 0, 0, 0, 0, 0, 0, 0, 0, 0, 0, 0, 0, 0, 0, 0, 0, 0, 0, 0, 0, 0, 0, 0, 0, 0, 0, 0, 0, 0, 0, 0, 0, 0, 0, 0, 0, 0, 0, 0, 0, 0, 0, 0, 0, 0, 0, 0, 0, 0, 0, 0, 0, 0, 0, 0, 0, 0, 0, 0, 0, 0, 0, 0, 0, 0, 0, 0, 0, 0, 0, 0, 0, 0, 0, 0, 0, 0, 0, 1, 0, 0, 0, 0, 0, 0, 0, 0, 0, 0, 0, 0, 0, 0, 0, 0, 0, 0, 0, 0, 0, 0, 0, 0, 0, 0, 0, 0, 0, 0, 0, 0, 0, 0, 0, 0, 0, 0, 0, 0, 0, 0, 0, 0, 0, 0, 0, 0, 0, 0, 0, 0, 0, 0, 0, 0, 0, 0, 0, 0, 0, 0, 0, 0]]
},
"sfx": {
    "inharmonicity": {
        "kurt": 7.4650182724,
        "max": 0.338905096054,
        "mean": 0.0343959443271,
        "median": 0.00216018245555,
        "min": 0,
        "skew": 2.64862394333,
        "var": 0.00458709616214
    },
    "oddtoevenharmonicenergyratio": {
        "kurt": 18.5316009521,
        "max": 4.13566350937,
        "mean": 0.260597199202,
        "median": 0.0244927480817,
        "min": 0,
        "skew": 4.15898609161,
        "var": 0.486367046833
    },
    "pitch_after_max_to_before_max_energy_ratio": 4.87097454071,
    "pitch_centroid": 16.6032276154,
    "pitch_max_to_total": 0.0425531901419,
    "pitch_min_to_total": 0.808510661125,
    "tristimulus": {
        "kurt": [-0.326324224472, 5.27116584778, 1.28507709503],
        "max": [1, 0.943332850933, 0.701512336731],
        "mean": [0.695936024189, 0.17412674427, 0.129937201738],
        "median": [0.788338899612, 0.133046135306, 0.0156167428941],
        "min": [0, 0, 0],
        "skew": [-0.94671612978, 1.96087694168, 1.63200891018],
        "var": [0.097989782691, 0.032822329551, 0.0419165641069],
        "cov": [[0.100119993091, -0.0454140231013, -0.054705966264], [-0.0454140231013, 0.0335358604789, 0.011878172867], [-0.054705966264, 0.011878172867, 0.042827796191]]
    }
},
"tonal": {
    "chords_changes_rate": 0.0416666679084,
    "chords_number_rate": 0.0833333358169,
    "chords_strength": {
        "kurt": 6.8043346405,
        "max": 0.452262222767,
        "mean": 0.394532591105,
        "median": 0.394644409418,
        "min": 0.348855316639,
        "skew": 0.946186125278,
        "var": 0.000258031795966
    },
    "key_strength": 0.499650746584,
    "tuning_diatonic_strength": 0.374387681484,
    "tuning_equal_tempered_deviation": 0.291975528002,
    "tuning_frequency": 437.213165283,
    "tuning_nontempered_energy_ratio": 0.910481214523,
    "hpcp": {
        "kurt": [0.0808689594269, -1.08582699299, -1.14202857018, 2.54382228851, -0.829178571701, -0.0785436630249, -1.06050157547, -1.08369755745, -0.358196258545, 0.093186378479, 1.28278017044, -0.254565954208, 0.983600378036, 0.0772974491119, 0.896547555923, 0.381055355072, 0.217377901077, -1.06531608105, 0.797818183899, 0.465721607208, 6.50330543518, -0.0167772769928, 0.188649654388, -0.987910509109, -0.504415750504, 0.889186859131, 0.270759820938, -0.877523422241, 0.392974376678, -0.513693332672, -0.0177237987518, 0.546462774277, -0.919584989548, -0.499283790588, 1.54073286057, 0.0452566146851],
        "max": [1, 0.619635879993, 0.639170825481, 1, 0.808031737804, 1, 0.711622655392, 0.671117663383, 0.818955898285, 0.704882025719, 1, 0.913719296455, 1, 0.895805954933, 1, 1, 1, 1, 1, 0.603637874126, 1, 0.64355891943, 1, 1, 1, 0.784413695335, 0.599539399147, 0.474520564079, 0.857841491699, 0.799949347973, 1, 1, 0.592881321907, 0.561806380749, 0.845533668995, 0.909702777863],
        "mean": [0.335231751204, 0.304389178753, 0.295955091715, 0.291875898838, 0.339676141739, 0.331589668989, 0.26625174284, 0.26555544138, 0.275968044996, 0.251075655222, 0.286952227354, 0.302838385105, 0.287996411324, 0.28165319562, 0.280741125345, 0.294225424528, 0.330342084169, 0.393783777952, 0.305565029383, 0.206533655524, 0.189445912838, 0.19694583118, 0.283673673868, 0.410564988852, 0.355569005013, 0.212334081531, 0.205628588796, 0.244138613343, 0.266283422709, 0.268030315638, 0.324402421713, 0.338146924973, 0.275619238615, 0.234342202544, 0.228841587901, 0.306120365858],
        "median": [0.218601822853, 0.304161131382, 0.338452994823, 0.244982391596, 0.281002283096, 0.291226685047, 0.212989896536, 0.240370750427, 0.227656081319, 0.175625562668, 0.256973087788, 0.249160408974, 0.210778459907, 0.231681123376, 0.15679435432, 0.202157482505, 0.228635728359, 0.389050245285, 0.242701694369, 0.189402103424, 0.10966322571, 0.129885971546, 0.166215389967, 0.33979922533, 0.197171330452, 0.166517883539, 0.167018502951, 0.22871786356, 0.163570165634, 0.212840527296, 0.258485913277, 0.288501918316, 0.255488276482, 0.214677304029, 0.174210637808, 0.235409587622],
