{
"metadata": {
    "version": {
        "essentia": "2.1-beta3"
    }
},
"lowLevel": {
    "average_loudness": 0.954836010933,
    "barkbands_kurtosis": {
        "kurt": 4.9903678894,
        "max": 33.0060768127,
        "mean": 3.79567360878,
        "median": 1.65338039398,
        "min": -1.66778147221,
        "skew": 2.20582222939,
        "var": 48.1386833191
    },
    "barkbands_skewness": {
        "kurt": 0.28533577919,
        "max": 4.79021644592,
        "mean": 1.41983413696,
        "median": 1.17937147617,
        "min": -0.509510576725,
        "skew": 0.772106707096,
        "var": 1.2587403059
    },
    "barkbands_spread": {
        "kurt": -0.404569387436,
        "max": 42.9670257568,
        "mean": 16.0544834137,
        "median": 14.3750610352,
        "min": 2.70800542831,
        "skew": 0.602524638176,
        "var": 93.343170166
    },
    "dissonance": {
        "kurt": 10.3657922745,
        "max": 0.499924063683,
        "mean": 0.458110511303,
        "median": 0.471176356077,
        "min": 0.24043469131,
        "skew": -2.97458052635,
        "var": 0.00212618452497
    },
    "hfc": {
        "kurt": 0.909858703613,
        "max": 359.752227783,
        "mean": 57.914024353,
        "median": 1.27835869789,
        "min": 7.82265487942e-06,
        "skew": 1.43728947639,
        "var": 8209.09375
    },
    "pitch": {
        "kurt": 11.2893762589,
        "max": 4392.01708984,
        "mean": 586.816162109,
        "median": 428.722442627,
        "min": 113.323738098,
        "skew": 3.46833348274,
        "var": 632900.875
    },
    "pitch_instantaneous_confidence": {
        "kurt": -0.879417896271,
        "max": 0.760745167732,
        "mean": 0.435511797667,
        "median": 0.431317746639,
        "min": 0.0836891531944,
        "skew": 0.0378766097128,
        "var": 0.0263899732381
    },
    "pitch_salience": {
        "kurt": -0.330664396286,
        "max": 0.927781999111,
        "mean": 0.646317124367,
        "median": 0.653290212154,
        "min": 0.392103940248,
        "skew": -0.17402343452,
        "var": 0.0113270292059
    },
    "silence_rate_20dB": {
        "kurt": 0,
        "max": 1,
        "mean": 1,
        "median": 1,
        "min": 1,
        "skew": 0,
        "var": 0
    },
    "silence_rate_30dB": {
        "kurt": -0.777172327042,
        "max": 1,
        "mean": 0.741935491562,
        "median": 1,
        "min": 0,
        "skew": -1.10581827164,
        "var": 0.191467031837
    },
    "silence_rate_60dB": {
        "kurt": -1.97720885277,
        "max": 1,
        "mean": 0.537634432316,
        "median": 1,
        "min": 0,
        "skew": -0.150965675712,
        "var": 0.248583704233
    },
    "spectral_centroid": {
        "kurt": 0.00561571121216,
        "max": 2636.02172852,
        "mean": 994.060058594,
        "median": 817.098571777,
        "min": 391.875488281,
        "skew": 0.885468959808,
        "var": 251665.875
    },
    "spectral_complexity": {
        "kurt": -1.29787921906,
        "max": 63,
        "mean": 20.51612854,
        "median": 6,
        "min": 0,
        "skew": 0.711400151253,
        "var": 540.378723145
    },
    "spectral_crest": {
        "kurt": -0.806704282761,
        "max": 20.9188499451,
        "mean": 10.7311868668,
        "median": 9.74916648865,
        "min": 3.61496829987,
        "skew": 0.402133673429,
        "var": 19.76512146
    },
    "spectral_decrease": {
        "kurt": -1.00418448448,
        "max": -2.92478697918e-15,
        "mean": -1.0528446559e-08,
        "median": -6.28848639828e-10,
        "min": -3.82139440092e-08,
        "skew": -0.864714443684,
        "var": 1.98541187644e-16
    },
    "spectral_energy": {
        "kurt": -0.907204866409,
        "max": 0.172313824296,
        "mean": 0.0449897348881,
        "median": 0.00254965270869,
        "min": 1.17483995865e-08,
        "skew": 0.906226813793,
        "var": 0.00371908629313
    },
    "spectral_energyband_high": {
        "kurt": 4.09009361267,
        "max": 0.0148780746385,
        "mean": 0.00158801942598,
        "median": 3.39743382938e-05,
        "min": 3.02903313543e-10,
        "skew": 2.08313465118,
        "var": 8.92524440133e-06
    },
    "spectral_energyband_low": {
        "kurt": 7.54312992096,
        "max": 0.00143721583299,
        "mean": 0.00016484457592,
        "median": 5.71085220145e-05,
        "min": 3.35090843961e-09,
        "skew": 2.52340006828,
        "var": 5.97224882881e-08
    },
    "spectral_energyband_middle_high": {
        "kurt": 1.67175769806,
        "max": 0.148800298572,
        "mean": 0.0225541256368,
        "median": 0.000476938352222,
        "min": 1.82627368783e-09,
        "skew": 1.63984405994,
        "var": 0.0013533430174
    },
    "spectral_energyband_middle_low": {
        "kurt": 0.320315361023,
        "max": 0.109149642289,
        "mean": 0.0213123373687,
        "median": 0.00165733811446,
        "min": 4.4111931885e-09,
        "skew": 1.27303469181,
        "var": 0.00093616952654
    },
    "spectral_flatness_db": {
        "kurt": -0.672023534775,
        "max": 0.283125281334,
        "mean": 0.187034934759,
        "median": 0.191565826535,
        "min": 0.0884837657213,
        "skew": -0.131239935756,
        "var": 0.00241824495606
    },
    "spectral_flux": {
        "kurt": -0.995782852173,
        "max": 0.331071376801,
        "mean": 0.102581769228,
        "median": 0.035819452256,
        "min": 0.000157288028277,
        "skew": 0.778473734856,
        "var": 0.0116404015571
    },
    "spectral_kurtosis": {
        "kurt": 2.61918926239,
        "max": 30.1753997803,
        "mean": 7.38657188416,
        "median": 5.13321876526,
        "min": 0.409814834595,
        "skew": 1.48436486721,
        "var": 27.8949546814
    },
    "spectral_rms": {
        "kurt": -1.3551504612,
        "max": 0.0129657639191,
        "mean": 0.00461274245754,
        "median": 0.00157717021648,
        "min": 3.38553581969e-06,
        "skew": 0.647734761238,
        "var": 2.2615033231e-05
    },
    "spectral_rolloff": {
        "kurt": -0.7641248703,
        "max": 4995.703125,
        "mean": 1752.52514648,
        "median": 1184.32617188,
        "min": 387.59765625,
        "skew": 0.623152792454,
        "var": 1379769.125
    },
    "spectral_skewness": {
        "kurt": -0.446769237518,
        "max": 4.12402582169,
        "mean": 2.00569486618,
        "median": 1.73227059841,
        "min": 0.696907818317,
        "skew": 0.592706799507,
        "var": 0.488963097334
    },
    "spectral_spread": {
        "kurt": 28.748342514,
        "max": 24016522,
        "mean": 4075099.75,
        "median": 3572571.75,
        "min": 1702488.5,
        "skew": 4.9490904808,
        "var": 8.02626627174e+12
    },
    "spectral_strongpeak": {
        "kurt": 1.00256681442,
        "max": 8.54052829742,
        "mean": 1.47416031361,
        "median": 0.362672299147,
        "min": 4.99965208292e-05,
        "skew": 1.33998417854,
        "var": 3.64697241783
    },
    "zerocrossingrate": {
        "kurt": 12.9018163681,
        "max": 0.259765625,
        "mean": 0.0532384067774,
        "median": 0.04150390625,
        "min": 0.02392578125,
        "skew": 3.05626511574,
        "var": 0.00119755056221
    },
    "barkbands": {
        "kurt": [11.0914516449, 13.1885528564, 5.77220058441, 11.3887548447, 39.0873565674, 21.2723503113, 3.3814997673, 7.59341430664, 15.4072055817, 4.14465761185, 44.4262962341, 8.78483295441, 27.7322998047, 1.92979431152, 4.85850095749, 6.43684196472, 1.78102874756, 1.55231523514, 9.95317840576, 5.48049640656, 1.97231769562, 11.9520597458, 9.18393230438, 13.7471065521, 13.0838623047, 17.1534175873, 6.1231470108],
        "max": [4.86823955725e-06, 0.000348518486135, 0.000737595022656, 0.000824462156743, 0.0139091750607, 0.0640568584204, 0.104602359235, 0.00706043466926, 0.0248940177262, 0.0571402087808, 0.0488824248314, 0.0110065462068, 0.0372450873256, 0.00417332537472, 0.0105696888641, 0.0191562399268, 0.0106313340366, 0.0157216712832, 0.0315721780062, 0.014814437367, 0.00489709246904, 0.00264780246653, 0.000319265818689, 0.000119494266983, 4.83502662973e-05, 2.34187950809e-06, 2.38486190796e-08],
        "mean": [5.49817514184e-07, 3.35688528139e-05, 9.0041437943e-05, 7.44275093894e-05, 0.000543000234757, 0.00401749322191, 0.0133371734992, 0.000750120030716, 0.00169363548048, 0.00678580487147, 0.00222035543993, 0.00101457734127, 0.00199485686608, 0.000659208162688, 0.00113039114513, 0.00201565772295, 0.00152835284825, 0.00214526895434, 0.00254925759509, 0.00151490909047, 0.000659007695504, 0.000194865482626, 2.59436073975e-05, 7.95905179984e-06, 3.23307722283e-06, 1.36987779342e-07, 2.55201615396e-09],
        "median": [2.89620714966e-07, 1.51509711941e-05, 2.41938960244e-05, 1.78820046131e-05, 0.000111974120955, 0.000622681807727, 0.00067814491922, 0.000134749439894, 8.20440181997e-05, 0.000329255999532, 7.74372310843e-05, 3.18694947055e-05, 5.3720887081e-05, 1.5647679902e-05, 1.24165280795e-05, 2.81332359009e-05, 2.04162206501e-05, 1.79344788194e-05, 1.56275054906e-05, 1.52264592543e-05, 1.26019522213e-05, 5.46642695554e-06, 7.73280817157e-07, 1.92498603724e-07, 7.40565582191e-08, 2.74707767645e-09, 8.92705076527e-11],
        "min": [4.79268222331e-11, 5.76587333434e-10, 1.45771084092e-09, 1.18521836789e-09, 9.7859376158e-10, 6.61552701509e-10, 8.78272010674e-10, 5.60209711953e-10, 1.34173117061e-10, 6.61065854834e-11, 3.22210175208e-11, 7.02853122925e-11, 7.82899023388e-11, 1.12903797422e-10, 1.23296831078e-10, 1.73715569707e-10, 5.49884894563e-11, 2.87824986067e-10, 2.36175273782e-10, 2.50938325674e-10, 1.21679652465e-10, 3.34078494035e-11, 8.52025828363e-12, 6.79950280108e-12, 5.72076327282e-12, 3.4450359232e-12, 3.49507358818e-12],
        "skew": [3.00285744667, 3.36811900139, 2.33179736137, 3.09862661362, 6.2894411087, 4.05352973938, 2.01745176315, 2.61522126198, 3.88464522362, 2.22008538246, 6.09525728226, 2.74033308029, 4.73705482483, 1.68877530098, 2.26210784912, 2.39856600761, 1.69664812088, 1.65950942039, 2.86109876633, 2.38067865372, 1.76034593582, 3.17748713493, 2.90156888962, 3.55035853386, 3.55507397652, 4.07164907455, 2.47825288773],
        "var": [5.96657976932e-13, 3.09099967843e-09, 1.91013445061e-08, 1.74165943889e-08, 3.63700905837e-06, 7.87126482464e-05, 0.000565975089557, 1.62118612934e-06, 1.76821322384e-05, 0.000158598064445, 3.31533155986e-05, 3.52436836693e-06, 2.40472327278e-05, 1.15346074381e-06, 4.49562185167e-06, 1.353249354e-05, 7.04763897375e-06, 1.46702332131e-05, 2.74980648101e-05, 9.11831375561e-06, 1.41745636029e-06, 1.84823718996e-07, 3.17367687686e-09, 3.88062748602e-10, 6.83912648736e-11, 1.46166499043e-13, 2.26259540132e-17],
        "cov": [[6.03143349067e-13, 9.46844165572e-12, 3.02940693364e-11, 3.21879224663e-11, -1.85194186375e-11, 3.67410130098e-10, 9.5615071416e-09, 1.56031840226e-10, -5.16367469616e-11, 3.59303087283e-10, 2.4401047849e-10, 1.29336038407e-11, 1.70515157549e-10, 1.34721012124e-10, 4.10030037701e-10, 2.12859521675e-10, 3.41902339773e-10, 4.36138625215e-10, 2.14789949715e-10, 2.934515686e-10, 1.4224657563e-10, 3.45708600635e-11, 6.16229723499e-12, 2.33801736652e-12, 1.2451756206e-12, 4.13652741075e-14, 5.59286961226e-16], [9.46844165572e-12, 3.12459746965e-09, 5.9155649268e-09, 3.72374997504e-09, 1.33264528301e-08, 1.06759472374e-07, 7.76206832143e-07, 2.73136020468e-08, 7.9909156625e-08, 2.65854197323e-07, 6.55961827078e-08, 3.08726804121e-08, 2.51930334372e-08, 2.33413164352e-08, 6.39754986764e-08, 1.21551693155e-07, 6.46579039199e-08, 8.67673577432e-08, 8.04900821549e-08, 4.81248640938e-08, 2.81273599967e-08, 4.3292085472e-09, 7.04218461323e-10, 1.42093711797e-10, 5.46803609336e-11, 1.9358570736e-12, 6.35067560063e-14], [3.02940693364e-11, 5.9155649268e-09, 1.93089686462e-08, 1.31593749231e-08, 6.46473523602e-08, 3.18901612673e-07, 1.68483131802e-06, 6.385435114e-08, 2.28158157256e-07, 9.03666602881e-07, 1.33452218165e-07, 8.19193033408e-08, 1.48325185023e-07, 6.21929316935e-08, 1.17767633867e-07, 2.96146566825e-07, 2.03181372171e-07, 2.31391680927e-07, 2.81410564185e-07, 1.6067291142e-07, 8.05606319432e-08, 1.77787224942e-08, 2.61267518731e-09, 7.23942406022e-10, 2.92374763289e-10, 1.16149589946e-11, 2.30367564217e-13], [3.21879224663e-11, 3.72374997504e-09, 1.31593749231e-08, 1.760590429e-08, 6.89712464919e-08, 3.61974770158e-07, 1.3290515426e-06, 6.51112159744e-08, 1.7792132212e-07, 7.50975175379e-07, 8.5500538205e-08, 6.91732537916e-08, 9.68218074604e-08, 4.85305342579e-08, 5.70623157614e-08, 1.8354654685e-07, 1.52431610445e-07, 1.73431999428e-07, 1.87151940167e-07, 1.28829270807e-07, 5.75229783806e-08, 1.37168170156e-08, 2.23504659225e-09, 6.66359356583e-10, 3.05522079858e-10, 1.26131908737e-11, 2.06275521295e-13], [-1.85194186375e-11, 1.33264528301e-08, 6.46473523602e-08, 6.89712464919e-08, 3.67654160982e-06, 3.43942770087e-06, 2.64393770522e-06, 9.50377511799e-07, 2.19121420741e-06, 6.88764316692e-07, 1.84724433439e-06, 6.37750417809e-07, 1.55513987465e-07, 2.48895872801e-07, 1.4912170343e-07, 1.94563895661e-07, 3.31717473046e-07, 3.98719663508e-07, 2.55702417462e-07, 1.44077262121e-07, 9.28306818082e-08, 1.37428601832e-08, 2.69168975997e-09, 6.81703637984e-10, 2.92162072313e-10, 8.64243832749e-12, 1.41510035027e-12], [3.67410130098e-10, 1.06759472374e-07, 3.18901612673e-07, 3.61974770158e-07, 3.43942770087e-06, 7.95682208263e-05, 4.41456722911e-05, 5.33645516043e-06, 4.12505823988e-06, 2.78636562143e-05, 8.3326431195e-06, 4.45976820629e-06, 9.47729586187e-06, 5.12135102326e-06, 5.19519062436e-06, 1.46050824696e-05, 7.05973116055e-06, 9.74844988377e-06, 1.30088938022e-05, 5.92185779169e-06, 3.14684371006e-06, 7.75489581883e-07, 9.31050934128e-08, 2.19062137319e-08, 7.24410353925e-09, 2.28305513383e-10, 1.05956259391e-11], [9.5615071416e-09, 7.76206832143e-07, 1.68483131802e-06, 1.3290515426e-06, 2.64393770522e-06, 4.41456722911e-05, 0.000572126940824, 1.64037646755e-05, 2.78637489828e-05, 7.00951641193e-05, 2.33810606005e-05, 1.16512264867e-05, 2.32772381423e-05, 1.30869148052e-05, 3.50203736161e-05, 4.74917760585e-05, 3.63577892131e-05, 4.42224263679e-05, 4.25775833719e-05, 2.74687499768e-05, 1.5462119336e-05, 3.44058798873e-06, 5.40677262961e-07, 1.52482328986e-07, 6.85060967953e-08, 2.47379183804e-09, 4.619998481e-11], [1.56031840226e-10, 2.73136020468e-08, 6.385435114e-08, 6.51112159744e-08, 9.50377511799e-07, 5.33645516043e-06, 1.64037646755e-05, 1.63880770288e-06, 3.49915922015e-06, 5.41633562534e-06, 1.93483629118e-06, 1.24758128095e-06, 1.78696677722e-06, 7.62580327773e-07, 1.35899256293e-06, 1.80230028946e-06, 1.97122903955e-06, 2.29102283811e-06, 2.92584627459e-06, 1.77842662197e-06, 8.357243928e-07, 2.27829133337e-07, 3.34905685406e-08, 9.82998926702e-09, 3.88596799183e-09, 1.56422277908e-10, 2.42653401712e-12], [-5.16367469616e-11, 7.9909156625e-08, 2.28158157256e-07, 1.7792132212e-07, 2.19121420741e-06, 4.12505823988e-06, 2.78637489828e-05, 3.49915922015e-06, 1.78743284778e-05, 2.52420868492e-05, 3.12680458592e-06, 3.77498508897e-06, 2.22816515816e-06, 1.45677438468e-06, 3.20955882671e-06, 5.24577353644e-06, 6.40546704744e-06, 7.25909239918e-06, 6.38028450339e-06, 5.66959579373e-06, 2.49129084295e-06, 5.95245467139e-07, 1.01849266798e-07, 2.80518595019e-08, 1.19155059153e-08, 4.94526031236e-10, 6.46838312079e-12], [3.59303087283e-10, 2.65854197323e-07, 9.03666602881e-07, 7.50975175379e-07, 6.88764316692e-07, 2.78636562143e-05, 7.00951641193e-05, 5.41633562534e-06, 2.52420868492e-05, 0.000160321957082, 2.49829427048e-05, 1.50009773279e-05, 3.86421888834e-05, 7.55771452532e-06, 1.43629476952e-05, 2.87478142127e-05, 2.43811282417e-05, 3.70540183212e-05, 4.85450182168e-05, 3.20231556543e-05, 1.08188614831e-05, 3.91461526306e-06, 5.25678558461e-07, 1.65845932543e-07, 6.65497950081e-08, 3.14045034422e-09, 4.24180239544e-11], [2.4401047849e-10, 6.55961827078e-08, 1.33452218165e-07, 8.5500538205e-08, 1.84724433439e-06, 8.3326431195e-06, 2.33810606005e-05, 1.93483629118e-06, 3.12680458592e-06, 2.49829427048e-05, 3.35136792273e-05, 8.32548630569e-06, 8.95508856047e-06, 4.10194934375e-06, 4.10275060858e-06, 6.82768450133e-06, 7.557855497e-06, 1.39351104735e-05, 1.41103810165e-05, 7.16669546819e-06, 3.17726016874e-06, 8.93265848845e-07, 1.03394313555e-07, 3.11020116328e-08, 1.15779172916e-08, 5.22680621007e-10, 1.00019601976e-11], [1.29336038407e-11, 3.08726804121e-08, 8.19193033408e-08, 6.91732537916e-08, 6.37750417809e-07, 4.45976820629e-06, 1.16512264867e-05, 1.24758128095e-06, 3.77498508897e-06, 1.50009773279e-05, 8.32548630569e-06, 3.56267673851e-06, 5.42361340194e-06, 1.53796122504e-06, 1.74082447302e-06, 3.37158348884e-06, 3.45609123542e-06, 5.82754728384e-06, 6.68645270707e-06, 3.8076814235e-06, 1.59798378263e-06, 5.10896484229e-07, 5.92175766201e-08, 2.00634691083e-08, 8.1794579998e-09, 3.6668021397e-10, 5.3116404504e-12], [1.70515157549e-10, 2.51930334372e-08, 1.48325185023e-07, 9.68218074604e-08, 1.55513987465e-07, 9.47729586187e-06, 2.32772381423e-05, 1.78696677722e-06, 2.22816515816e-06, 3.86421888834e-05, 8.95508856047e-06, 5.42361340194e-06, 2.43086142291e-05, 2.89733497993e-06, 5.89957562624e-06, 7.7853046605e-06, 7.63338266552e-06, 1.19488031487e-05, 2.34250528592e-05, 1.1338150216e-05, 3.98894053433e-06, 1.8872185592e-06, 1.88536418477e-07, 7.90962317865e-08, 3.13805017527e-08, 1.4507325341e-09, 1.75730922869e-11], [1.34721012124e-10, 2.33413164352e-08, 6.21929316935e-08, 4.85305342579e-08, 2.48895872801e-07, 5.12135102326e-06, 1.30869148052e-05, 7.62580327773e-07, 1.45677438468e-06, 7.55771452532e-06, 4.10194934375e-06, 1.53796122504e-06, 2.89733497993e-06, 1.16599835565e-06, 1.31381341362e-06, 2.76795481113e-06, 2.23071901928e-06, 3.29020849676e-06, 4.01398392569e-06, 2.1240980459e-06, 9.64814830695e-07, 2.79155813132e-07, 3.51373898866e-08, 1.07672244454e-08, 4.33440883185e-09, 1.81984052827e-10, 3.45959654154e-12], [4.10030037701e-10, 6.39754986764e-08, 1.17767633867e-07, 5.70623157614e-08, 1.4912170343e-07, 5.19519062436e-06, 3.50203736161e-05, 1.35899256293e-06, 3.20955882671e-06, 1.43629476952e-05, 4.10275060858e-06, 1.74082447302e-06, 5.89957562624e-06, 1.31381341362e-06, 4.54448718301e-06, 5.41613053429e-06, 4.20998185291e-06, 6.12233725406e-06, 7.96706717665e-06, 4.78184801977e-06, 2.03603735827e-06, 6.75105923165e-07, 8.80101183043e-08, 2.82090812931e-08, 1.13874270014e-08, 4.7508097456e-10, 6.34087574114e-12], [2.12859521675e-10, 1.21551693155e-07, 2.96146566825e-07, 1.8354654685e-07, 1.94563895661e-07, 1.46050824696e-05, 4.74917760585e-05, 1.80230028946e-06, 5.24577353644e-06, 2.87478142127e-05, 6.82768450133e-06, 3.37158348884e-06, 7.7853046605e-06, 2.76795481113e-06, 5.41613053429e-06, 1.36795861181e-05, 7.11235861672e-06, 1.06375473479e-05, 1.20384302136e-05, 7.08094694346e-06, 3.28934993377e-06, 8.40551990677e-07, 1.19600713333e-07, 3.32910232714e-08, 1.32437278921e-08, 5.5133586585e-10, 9.70151303042e-12], [3.41902339773e-10, 6.46579039199e-08, 2.03181372171e-07, 1.52431610445e-07, 3.31717473046e-07, 7.05973116055e-06, 3.63577892131e-05, 1.97122903955e-06, 6.40546704744e-06, 2.43811282417e-05, 7.557855497e-06, 3.45609123542e-06, 7.63338266552e-06, 2.23071901928e-06, 4.20998185291e-06, 7.11235861672e-06, 7.12424389349e-06, 8.75838122738e-06, 1.13059104478e-05, 6.89614671501e-06, 2.89868557957e-06, 9.0979426659e-07, 1.22608369679e-07, 3.97066663993e-08, 1.64297837557e-08, 7.04332980828e-10, 9.79969404236e-12], [4.36138625215e-10, 8.67673577432e-08, 2.31391680927e-07, 1.73431999428e-07, 3.98719663508e-07, 9.74844988377e-06, 4.42224263679e-05, 2.29102283811e-06, 7.25909239918e-06, 3.70540183212e-05, 1.39351104735e-05, 5.82754728384e-06, 1.19488031487e-05, 3.29020849676e-06, 6.12233725406e-06, 1.06375473479e-05, 8.75838122738e-06, 1.48296921907e-05, 1.64326611412e-05, 1.03981628854e-05, 4.30402997154e-06, 1.3292009271e-06, 1.81390078069e-07, 5.68678402146e-08, 2.35443362584e-08, 1.04060993156e-09, 1.39683568531e-11], [2.14789949715e-10, 8.04900821549e-08, 2.81410564185e-07, 1.87151940167e-07, 2.55702417462e-07, 1.30088938022e-05, 4.25775833719e-05, 2.92584627459e-06, 6.38028450339e-06, 4.85450182168e-05, 1.41103810165e-05, 6.68645270707e-06, 2.34250528592e-05, 4.01398392569e-06, 7.96706717665e-06, 1.20384302136e-05, 1.13059104478e-05, 1.64326611412e-05, 2.77969575109e-05, 1.41025284393e-05, 5.42651105206e-06, 2.15393606595e-06, 2.5028182904e-07, 9.10862709702e-08, 3.59160843288e-08, 1.63902658112e-09, 2.16261383801e-11], [2.934515686e-10, 4.81248640938e-08, 1.6067291142e-07, 1.28829270807e-07, 1.44077262121e-07, 5.92185779169e-06, 2.74687499768e-05, 1.77842662197e-06, 5.66959579373e-06, 3.20231556543e-05, 7.16669546819e-06, 3.8076814235e-06, 1.1338150216e-05, 2.1240980459e-06, 4.78184801977e-06, 7.08094694346e-06, 6.89614671501e-06, 1.03981628854e-05, 1.41025284393e-05, 9.21742503124e-06, 3.33067396241e-06, 1.22575318073e-06, 1.65520063433e-07, 5.5307214808e-08, 2.28391563439e-08, 1.0373639725e-09, 1.25342574861e-11], [1.4224657563e-10, 2.81273599967e-08, 8.05606319432e-08, 5.75229783806e-08, 9.28306818082e-08, 3.14684371006e-06, 1.5462119336e-05, 8.357243928e-07, 2.49129084295e-06, 1.08188614831e-05, 3.17726016874e-06, 1.59798378263e-06, 3.98894053433e-06, 9.64814830695e-07, 2.03603735827e-06, 3.28934993377e-06, 2.89868557957e-06, 4.30402997154e-06, 5.42651105206e-06, 3.33067396241e-06, 1.43286354159e-06, 4.51483799679e-07, 6.17310504936e-08, 2.00577563447e-08, 8.26082047212e-09, 3.60653756859e-10, 4.68655799932e-12], [3.45708600635e-11, 4.3292085472e-09, 1.77787224942e-08, 1.37168170156e-08, 1.37428601832e-08, 7.75489581883e-07, 3.44058798873e-06, 2.27829133337e-07, 5.95245467139e-07, 3.91461526306e-06, 8.93265848845e-07, 5.10896484229e-07, 1.8872185592e-06, 2.79155813132e-07, 6.75105923165e-07, 8.40551990677e-07, 9.0979426659e-07, 1.3292009271e-06, 2.15393606595e-06, 1.22575318073e-06, 4.51483799679e-07, 1.86832679105e-07, 2.2540962874e-08, 8.30259772044e-09, 3.39098638058e-09, 1.54357068793e-10, 1.81652718041e-12], [6.16229723499e-12, 7.04218461323e-10, 2.61267518731e-09, 2.23504659225e-09, 2.69168975997e-09, 9.31050934128e-08, 5.40677262961e-07, 3.34905685406e-08, 1.01849266798e-07, 5.25678558461e-07, 1.03394313555e-07, 5.92175766201e-08, 1.88536418477e-07, 3.51373898866e-08, 8.80101183043e-08, 1.19600713333e-07, 1.22608369679e-07, 1.81390078069e-07, 2.5028182904e-07, 1.65520063433e-07, 6.17310504936e-08, 2.2540962874e-08, 3.20817328259e-09, 1.05491182456e-09, 4.36252978187e-10, 1.9804862611e-11, 2.34085293467e-13], [2.33801736652e-12, 1.42093711797e-10, 7.23942406022e-10, 6.66359356583e-10, 6.81703637984e-10, 2.19062137319e-08, 1.52482328986e-07, 9.82998926702e-09, 2.80518595019e-08, 1.65845932543e-07, 3.11020116328e-08, 2.00634691083e-08, 7.90962317865e-08, 1.07672244454e-08, 2.82090812931e-08, 3.32910232714e-08, 3.97066663993e-08, 5.68678402146e-08, 9.10862709702e-08, 5.5307214808e-08, 2.00577563447e-08, 8.30259772044e-09, 1.05491182456e-09, 3.92280846695e-10, 1.63033642142e-10, 7.47444640903e-12, 8.34402262995e-14], [1.2451756206e-12, 5.46803609336e-11, 2.92374763289e-10, 3.05522079858e-10, 2.92162072313e-10, 7.24410353925e-09, 6.85060967953e-08, 3.88596799183e-09, 1.19155059153e-08, 6.65497950081e-08, 1.15779172916e-08, 8.1794579998e-09, 3.13805017527e-08, 4.33440883185e-09, 1.13874270014e-08, 1.32437278921e-08, 1.64297837557e-08, 2.35443362584e-08, 3.59160843288e-08, 2.28391563439e-08, 8.26082047212e-09, 3.39098638058e-09, 4.36252978187e-10, 1.63033642142e-10, 6.91346424553e-11, 3.15314809853e-12, 3.47014592354e-14], [4.13652741075e-14, 1.9358570736e-12, 1.16149589946e-11, 1.26131908737e-11, 8.64243832749e-12, 2.28305513383e-10, 2.47379183804e-09, 1.56422277908e-10, 4.94526031236e-10, 3.14045034422e-09, 5.22680621007e-10, 3.6668021397e-10, 1.4507325341e-09, 1.81984052827e-10, 4.7508097456e-10, 5.5133586585e-10, 7.04332980828e-10, 1.04060993156e-09, 1.63902658112e-09, 1.0373639725e-09, 3.60653756859e-10, 1.54357068793e-10, 1.9804862611e-11, 7.47444640903e-12, 3.15314809853e-12, 1.47755275354e-13, 1.60545311922e-15], [5.59286961226e-16, 6.35067560063e-14, 2.30367564217e-13, 2.06275521295e-13, 1.41510035027e-12, 1.05956259391e-11, 4.619998481e-11, 2.42653401712e-12, 6.46838312079e-12, 4.24180239544e-11, 1.00019601976e-11, 5.3116404504e-12, 1.75730922869e-11, 3.45959654154e-12, 6.34087574114e-12, 9.70151303042e-12, 9.79969404236e-12, 1.39683568531e-11, 2.16261383801e-11, 1.25342574861e-11, 4.68655799932e-12, 1.81652718041e-12, 2.34085293467e-13, 8.34402262995e-14, 3.47014592354e-14, 1.60545311922e-15, 2.28718880442e-17]]
    },
    "mfcc": {
        "kurt": [-0.284961700439, 0.568509340286, -1.12144374847, -0.897686958313, -0.505508422852, -0.772731304169, -0.535529851913, -0.71265745163, -0.152002573013, -0.0941019058228, -0.0711166858673, 0.571595668793, -0.01429271698],
        "max": [-496.080963135, 196.915527344, 30.3216285706, 73.1230926514, 0.925689697266, 6.93981170654, 16.7084541321, 9.74366188049, 11.8563499451, 3.75147247314, 22.0872306824, 12.8084373474, 24.8039855957],
        "mean": [-732.412536621, 131.02897644, -50.5585517883, 27.7216320038, -34.1071128845, -13.9685134888, -13.4624052048, -12.4366254807, -3.71443462372, -8.15134429932, -2.95372390747, -1.080062747, 3.69158482552],
        "median": [-791.317871094, 136.416137695, -46.7209968567, 29.868976593, -38.0636482239, -14.9695205688, -16.1790523529, -11.7758388519, -2.45864105225, -7.74946212769, -2.8937702179, -0.792373657227, 2.9380569458],
        "min": [-1138.26757812, 0.214061737061, -111.164398193, -15.39610672, -76.4176635742, -37.6607627869, -34.4497833252, -36.1504364014, -27.8386516571, -26.7163677216, -20.7090606689, -17.7091598511, -12.1868858337],
        "skew": [-0.139799103141, -0.748118937016, 0.0534741766751, 0.00279588275589, -0.0593500249088, 0.0978969335556, 0.504485249519, -0.0651813149452, -0.487450927496, -0.38427656889, 0.116469763219, -0.395294606686, 0.497521400452],
        "var": [23822.5644531, 1675.8145752, 1255.10119629, 420.056671143, 272.55645752, 99.0855407715, 159.440063477, 100.579971313, 68.0356369019, 41.3630905151, 68.6946105957, 33.3004722595, 59.3852500916],
        "cov": [[24081.5058594, 442.871612549, -4802.18261719, -376.464599609, -1647.41625977, -637.826965332, -194.012359619, 117.572151184, -356.157775879, -124.319450378, -72.7883529663, 141.954605103, 340.678222656], [442.871612549, 1694.02990723, -9.23017692566, -63.1208610535, -204.979202271, -49.2214584351, -18.5039176941, -142.831665039, 57.5174674988, 8.69034099579, 43.2112464905, 47.9581680298, 32.8198547363], [-4802.18261719, -9.23017692566, 1268.74353027, 288.241607666, 379.67590332, 73.6745910645, 0.313586354256, -67.3687820435, 50.6711273193, 37.5938911438, 31.4283103943, -45.2873535156, -124.30607605], [-376.464599609, -63.1208610535, 288.241607666, 424.622497559, 160.747695923, -16.2142086029, -87.4275360107, -13.492685318, 18.824098587, -10.9585800171, 3.98252677917, -29.1286067963, -42.1959915161], [-1647.41625977, -204.979202271, 379.67590332, 160.747695923, 275.519012451, 41.5500450134, -47.0733757019, -24.019153595, 21.6868572235, -1.07298076153, -34.7656517029, -13.0151290894, -13.8693666458], [-637.826965332, -49.2214584351, 73.6745910645, -16.2142086029, 41.5500450134, 100.16255188, 55.2220458984, 30.0035209656, 16.137348175, -7.97414541245, -2.79192185402, -19.75639534, -4.68709993362], [-194.012359619, -18.5039176941, 0.313586354256, -87.4275360107, -47.0733757019, 55.2220458984, 161.173110962, 64.1162109375, 15.9206857681, 14.5144720078, 15.4767093658, -18.5614204407, -23.9829998016], [117.572151184, -142.831665039, -67.3687820435, -13.492685318, -24.019153595, 30.0035209656, 64.1162109375, 101.673233032, 34.2593536377, 2.35005736351, 19.1799507141, -12.5359334946, -14.7447757721], [-356.157775879, 57.5174674988, 50.6711273193, 18.824098587, 21.6868572235, 16.137348175, 15.9206857681, 34.2593536377, 68.7751541138, 23.7192230225, 10.9182901382, 2.32781744003, 3.26460671425], [-124.319450378, 8.69034099579, 37.5938911438, -10.9585800171, -1.07298076153, -7.97414541245, 14.5144720078, 2.35005736351, 23.7192230225, 41.8126907349, 19.241815567, 10.1984519958, 7.9126367569], [-72.7883529663, 43.2112464905, 31.4283103943, 3.98252677917, -34.7656517029, -2.79192185402, 15.4767093658, 19.1799507141, 10.9182901382, 19.241815567, 69.4412918091, 14.7485904694, -14.1012706757], [141.954605103, 47.9581680298, -45.2873535156, -29.1286067963, -13.0151290894, -19.75639534, -18.5614204407, -12.5359334946, 2.32781744003, 10.1984519958, 14.7485904694, 33.662437439, 22.84649086], [340.678222656, 32.8198547363, -124.30607605, -42.1959915161, -13.8693666458, -4.68709993362, -23.9829998016, -14.7447757721, 3.26460671425, 7.9126367569, -14.1012706757, 22.84649086, 60.0307388306]]
    },
    "sccoeffs": {
        "kurt": [1.77636623383, -0.632789134979, -0.402384281158, -0.769414424896, -0.498094558716, 0.280199289322],
        "max": [-0.437544792891, -0.404650837183, -0.524375617504, -0.624225795269, -0.696995079517, -0.655576884747],
        "mean": [-0.720531105995, -0.679082810879, -0.760963499546, -0.795615315437, -0.816408455372, -0.747238874435],
        "median": [-0.723962247372, -0.696253597736, -0.784509122372, -0.803048014641, -0.829946696758, -0.757139742374],
        "min": [-0.919613480568, -0.970916807652, -0.958732843399, -0.957546770573, -0.948911547661, -0.933982551098],
        "skew": [0.773902416229, 0.109560914338, 0.457449942827, 0.123076289892, 0.0819145739079, -0.450829803944],
        "var": [0.00647277850658, 0.017075445503, 0.00840944796801, 0.00484986277297, 0.00265516084619, 0.00318908435293],
        "cov": [[0.00654313480482, 0.00344967120327, 0.0024447417818, 0.00158776144963, 0.00160049262922, 0.00163238006644], [0.00344967120327, 0.0172610487789, 0.0077723111026, 0.00668196007609, 0.00478882296011, 0.00523287383839], [0.0024447417818, 0.0077723111026, 0.00850085448474, 0.00495555391535, 0.0035790244583, 0.00386987789534], [0.00158776144963, 0.00668196007609, 0.00495555391535, 0.00490257889032, 0.00274616316892, 0.00305135292001], [0.00160049262922, 0.00478882296011, 0.0035790244583, 0.00274616316892, 0.00268402136862, 0.00241817673668], [0.00163238006644, 0.00523287383839, 0.00386987789534, 0.00305135292001, 0.00241817673668, 0.00322374841198]]
    },
    "scvalleys": {
        "kurt": [4.28835535049, 2.44422912598, 1.40148019791, 0.920142412186, 0.871031284332, 1.31167554855],
        "max": [-5.37511634827, -3.68805480003, -4.08703660965, -4.57572126389, -4.68579435349, -7.39436244965],
        "mean": [-7.2381901741, -6.02003717422, -6.55406618118, -7.17012643814, -7.47946929932, -10.3097000122],
        "median": [-7.09626817703, -5.98499727249, -6.50369644165, -7.78073692322, -8.01240539551, -10.7133960724],
        "min": [-11.5195055008, -11.6537389755, -13.146238327, -12.963388443, -13.2910833359, -15.5687437057],
        "skew": [-1.60803306103, -1.14229285717, -0.927603721619, -0.637645065784, -0.42839333415, -0.431691676378],
        "var": [1.13919317722, 1.96661174297, 3.3542766571, 3.28041148186, 3.39445614815, 2.35789608955],
        "cov": [[1.15157568455, 1.27474582195, 1.60443758965, 1.59341657162, 1.57708370686, 1.21925210953], [1.27474582195, 1.98798799515, 2.36767983437, 2.31411457062, 2.2766149044, 1.76941263676], [1.60443758965, 2.36767983437, 3.39073610306, 3.23319745064, 3.11396288872, 2.44118309021], [1.59341657162, 2.31411457062, 3.23319745064, 3.31606817245, 3.26848101616, 2.60145831108], [1.57708370686, 2.2766149044, 3.11396288872, 3.26848101616, 3.43135237694, 2.76685738564], [1.21925210953, 1.76941263676, 2.44118309021, 2.60145831108, 2.76685738564, 2.38352537155]]
    }
},
"rhythm": {
    "beats_loudness": {
        "kurt": -2,
        "max": 0.155096694827,
        "mean": 0.0792096629739,
        "median": 0.0792096629739,
        "min": 0.00332262506709,
        "skew": -1.66489698472e-07,
        "var": 0.00575884245336
    },
    "bpm": 86.1328201294,
    "confidence": 0,
    "first_peak_bpm": {
        "kurt": 0,
        "max": 86,
        "mean": 86,
        "median": 86,
        "min": 86,
        "skew": 0,
        "var": 0
    },
    "first_peak_spread": {
        "kurt": 0,
        "max": 0,
        "mean": 0,
        "median": 0,
        "min": 0,
        "skew": 0,
        "var": 0
    },
    "first_peak_weight": {
        "kurt": 0,
        "max": 1,
        "mean": 1,
        "median": 1,
        "min": 1,
        "skew": 0,
        "var": 0
    },
    "onset_rate": 2.34759283066,
    "second_peak_bpm": {
        "kurt": 0,
        "max": 0,
        "mean": 0,
        "median": 0,
        "min": 0,
        "skew": 0,
        "var": 0
    },
    "second_peak_spread": {
        "kurt": 0,
        "max": 0,
        "mean": 0,
        "median": 0,
        "min": 0,
        "skew": 0,
        "var": 0
    },
    "second_peak_weight": {
        "kurt": 0,
        "max": 0,
        "mean": 0,
        "median": 0,
        "min": 0,
        "skew": 0,
        "var": 0
    },
    "beats_loudness_band_ratio": {
        "kurt": [-1.99999988079, -1.99999988079, -1.99999988079, -1.99999988079, -2, -2],
        "max": [0.0218645185232, 0.1644307971, 0.622575104237, 0.220354244113, 0.168927147985, 0.130744382739],
        "mean": [0.0126494131982, 0.0961235016584, 0.580432713032, 0.178780347109, 0.100893303752, 0.0676626861095],
        "median": [0.0126494131982, 0.0961235016584, 0.580432713032, 0.178780347109, 0.100893303752, 0.0676626861095],
        "min": [0.00343430717476, 0.0278162099421, 0.538290321827, 0.137206465006, 0.0328594632447, 0.00458099460229],
        "skew": [-1.45281120467e-07, 0, 0, 5.56917541417e-07, 0, 1.73912724222e-07],
        "var": [8.49181742524e-05, 0.00466588651761, 0.00177598115988, 0.00172838824801, 0.00462860381231, 0.00397930014879],
        "cov": [[0.000169836348505, 0.00125891785137, 0.000776693224907, 0.000766215613112, -0.00125387823209, -0.00116260896903], [0.00125891785137, 0.00933177303523, 0.00575726572424, 0.00567959994078, -0.00929441582412, -0.00861787982285], [0.000776693224907, 0.00575726572424, 0.00355196231976, 0.00350404623896, -0.00573421781883, -0.0053168265149], [0.000766215613112, 0.00567959994078, 0.00350404623896, 0.00345677649602, -0.0056568630971, -0.00524510256946], [-0.00125387823209, -0.00929441582412, -0.00573421781883, -0.0056568630971, 0.00925720762461, 0.0085833799094], [-0.00116260896903, -0.00861787982285, -0.0053168265149, -0.00524510256946, 0.0085833799094, 0.00795860029757]]
    },
    "beats_position": [0.684988677502, 1.38158726692],
    "bpm_estimates": [86.1328201294],
    "bpm_intervals": [0.69659858942],
    "onset_times": [0.0464399084449, 0.812698423862, 1.23065757751, 1.369977355, 1.92725622654],
    "histogram": [[0, 0, 0, 0, 0, 0, 0, 0, 0, 0, 0, 0, 0, 0, 0, 0, 0, 0, 0, 0, 0, 0, 0, 0, 0, 0, 0, 0, 0, 0, 0, 0, 0, 0, 0, 0, 0, 0, 0, 0, 0, 0, 0, 0, 0, 0, 0, 0, 0, 0, 0, 0, 0, 0, 0, 0, 0, 0, 0, 0, 0, 0, 0, 0, 0, 0, 0, 0, 0, 0, 0, 0, 0, 0, 0, 0, 0, 0, 0, 0, 0, 0, 0, 0, 0, 0, 1, 0, 0, 0, 0, 0, 0, 0, 0, 0, 0, 0, 0, 0, 0, 0, 0, 0, 0, 0, 0, 0, 0, 0, 0, 0, 0, 0, 0, 0, 0, 0, 0, 0, 0, 0, 0, 0, 0, 0, 0, 0, 0, 0, 0, 0, 0, 0, 0, 0, 0, 0, 0, 0, 0, 0, 0, 0, 0, 0, 0, 0, 0, 0, 0, 0, 0, 0, 0, 0, 0, 0, 0, 0, 0, 0, 0, 0, 0, 0, 0, 0, 0, 0, 0, 0, 0, 0, 0, 0, 0, 0, 0, 0, 0, 0, 0, 0, 0, 0, 0, 0, 0, 0, 0, 0, 0, 0, 0, 0, 0, 0, 0, 0, 0, 0, 0, 0, 0, 0, 0, 0, 0, 0, 0, 0, 0, 0, 0, 0, 0, 0, 0, 0, 0, 0, 0, 0, 0, 0, 0, 0, 0, 0, 0, 0, 0, 0, 0, 0, 0, 0, 0, 0, 0, 0, 0, 0, 0, 0, 0, 0, 0, 0]]
},
"sfx": {
    "inharmonicity": {
        "kurt": 1.44408941269,
        "max": 0.313958764076,
        "mean": 0.0651203244925,
        "median": 0.0285950731486,
        "min": 0,
        "skew": 1.37417173386,
        "var": 0.00537590775639
    },
    "oddtoevenharmonicenergyratio": {
        "kurt": 23.3244075775,
        "max": 13.2450294495,
        "mean": 0.984348893166,
        "median": 0.316698729992,
        "min": 0,
        "skew": 4.22023153305,
        "var": 3.15886235237
    },
    "pitch_after_max_to_before_max_energy_ratio": 0.502794027328,
    "pitch_centroid": 50.5802001953,
    "pitch_max_to_total": 0.903225779533,
    "pitch_min_to_total": 0.569892466068,
    "tristimulus": {
        "kurt": [-0.289994478226, -0.362104654312, -0.146225452423],
        "max": [1, 0.783345341682, 0.745161414146],
        "mean": [0.386353641748, 0.341075778008, 0.272570550442],
        "median": [0.368275612593, 0.341945618391, 0.289258599281],
        "min": [0, 0, 0],
        "skew": [0.403147757053, 0.0477180965245, 0.311578691006],
        "var": [0.0586350746453, 0.0251110196114, 0.0261264685541],
        "cov": [[0.0592724122107, -0.029122967273, -0.0301494579762], [-0.029122967273, 0.0253839641809, 0.00373900355771], [-0.0301494579762, 0.00373900355771, 0.0264104530215]]
    }
},
"tonal": {
    "chords_changes_rate": 0.0425531901419,
    "chords_number_rate": 0.0638297870755,
    "chords_strength": {
        "kurt": 1.89253044128,
        "max": 0.623591482639,
        "mean": 0.558115363121,
        "median": 0.560859024525,
        "min": 0.453125953674,
        "skew": -0.932776987553,
        "var": 0.001031667809
    },
    "key_strength": 0.720473527908,
    "tuning_diatonic_strength": 0.648183703423,
    "tuning_equal_tempered_deviation": 0.232303857803,
    "tuning_frequency": 450.544708252,
    "tuning_nontempered_energy_ratio": 0.824838161469,
    "hpcp": {
        "kurt": [-1.694663167, -1.01413798332, 0.82005739212, 6.14243125916, -0.703403949738, 8.19629096985, 4.83402490616, 9.05482673645, 4.03819799423, 6.72639465332, 7.36532211304, 11.5889759064, 8.42311763763, 2.71467113495, 4.10082149506, 4.13432693481, 5.00859737396, 12.2828292847, 2.75424861908, 6.07904720306, 2.2418885231, 1.09847545624, -0.0221407413483, 1.69519472122, 2.62890672684, 6.97772026062, 16.09425354, 7.67703723907, 3.25920391083, 4.87985944748, -0.330917358398, 4.0506439209, 1.99441385269, 7.19653701782, 0.824557065964, -0.869026422501],
        "max": [1, 1, 0.973942518234, 1, 0.351733356714, 1, 0.79719722271, 0.775609493256, 0.555757164955, 0.600381553173, 0.565477788448, 0.832825005054, 1, 0.780576765537, 0.8848913908, 1, 0.952261686325, 1, 0.635565519333, 1, 1, 1, 1, 1, 0.884706199169, 1, 1, 0.735672950745, 0.76312315464, 1, 0.597693800926, 1, 0.747720420361, 1, 0.895201027393, 1],
        "mean": [0.526356816292, 0.37326541543, 0.232476338744, 0.172778248787, 0.118796259165, 0.133601054549, 0.13311342895, 0.118159107864, 0.113814644516, 0.109937667847, 0.11893055588, 0.135397344828, 0.152884557843, 0.153669536114, 0.164608240128, 0.175594732165, 0.141509070992, 0.110259778798, 0.120749868453, 0.154356941581, 0.189157947898, 0.251018881798, 0.283996403217, 0.22596809268, 0.180821791291, 0.16496412456, 0.124377898872, 0.11189956218, 0.16375374794, 0.212797448039, 0.214396491647, 0.205470740795, 0.179011076689, 0.175749227405, 0.230018734932, 0.403885930777],
        "median": [0.625538647175, 0.262663662434, 0.0967283025384, 0.0887522026896, 0.078021787107, 0.0550910905004, 0.0620015673339, 0.0737490653992, 0.081828519702, 0.0716079100966, 0.0986514091492, 0.0985236093402, 0.086226940155, 0.0866753086448, 0.0808435454965, 0.088465385139, 0.0648169294, 0.0679638907313, 0.0562960617244, 0.0796570554376, 0.0828189924359, 0.105965748429, 0.149888053536, 0.117284402251, 0.0917593166232, 0.0891690030694, 0.0797433555126, 0.0478587374091, 0.093518614769, 0.179859861732, 0.170113503933, 0.113085620105, 0.111143268645, 0.120741561055, 0.157793283463, 0.385246247053],
