{
"metadata": {
    "version": {
        "essentia": "2.1-beta3"
    }
},
"lowLevel": {
    "average_loudness": 0.99068403244,
    "barkbands_kurtosis": {
        "kurt": 15.5998268127,
        "max": 49.3903808594,
        "mean": 4.81952571869,
        "median": 2.5411798954,
        "min": -1.14259326458,
        "skew": 3.99073052406,
        "var": 94.0974960327
    },
    "barkbands_skewness": {
        "kurt": 1.86704015732,
        "max": 5.63231945038,
        "mean": 0.371954083443,
        "median": 0.648407161236,
        "min": -2.45546579361,
        "skew": 0.510564923286,
        "var": 2.95560956001
    },
    "barkbands_spread": {
        "kurt": 1.98913478851,
        "max": 28.9850883484,
        "mean": 10.4512662888,
        "median": 11.0739841461,
        "min": 1.70690953732,
        "skew": 1.0380833149,
        "var": 33.7298126221
    },
    "dissonance": {
        "kurt": 5.62313175201,
        "max": 0.498359709978,
        "mean": 0.441950172186,
        "median": 0.482481956482,
        "min": 0.0920612961054,
        "skew": -2.61257863045,
        "var": 0.0103907911107
    },
    "hfc": {
        "kurt": 3.01579856873,
        "max": 192.528717041,
        "mean": 28.1523685455,
        "median": 0.873632669449,
        "min": 1.78697909803e-08,
        "skew": 2.07334518433,
        "var": 2993.6105957
    },
    "pitch": {
        "kurt": 0.348586320877,
        "max": 3969.90234375,
        "mean": 1017.25701904,
        "median": 457.678039551,
        "min": 113.608009338,
        "skew": 1.44903075695,
        "var": 1397576.25
    },
    "pitch_instantaneous_confidence": {
        "kurt": 0.930366277695,
        "max": 0.71793627739,
        "mean": 0.378823250532,
        "median": 0.351465523243,
        "min": 0.225698888302,
        "skew": 0.995561301708,
        "var": 0.0132928630337
    },
    "pitch_salience": {
        "kurt": 0.977835655212,
        "max": 0.984393894672,
        "mean": 0.746469020844,
        "median": 0.731360793114,
        "min": 0.644001722336,
        "skew": 1.067684412,
        "var": 0.00668652169406
    },
    "silence_rate_20dB": {
        "kurt": 0,
        "max": 1,
        "mean": 1,
        "median": 1,
        "min": 1,
        "skew": 0,
        "var": 0
    },
    "silence_rate_30dB": {
        "kurt": 3.14285707474,
        "max": 1,
        "mean": 0.875,
        "median": 1,
        "min": 0,
        "skew": -2.26778674126,
        "var": 0.109375
    },
    "silence_rate_60dB": {
        "kurt": -1.8857139349,
        "max": 1,
        "mean": 0.583333313465,
        "median": 1,
        "min": 0,
        "skew": -0.338061600924,
        "var": 0.243055567145
    },
    "spectral_centroid": {
        "kurt": 0.715558290482,
        "max": 7776.63720703,
        "mean": 2266.72558594,
        "median": 1064.8034668,
        "min": 450.983001709,
        "skew": 1.5864212513,
        "var": 6336179.5
    },
    "spectral_complexity": {
        "kurt": 0.378197908401,
        "max": 53,
        "mean": 11.75,
        "median": 1.5,
        "min": 0,
        "skew": 1.32838451862,
        "var": 275.854156494
    },
    "spectral_crest": {
        "kurt": 1.83667850494,
        "max": 15.916226387,
        "mean": 8.77797794342,
        "median": 8.22888755798,
        "min": 5.13365316391,
        "skew": 1.41212010384,
        "var": 6.87444639206
    },
    "spectral_decrease": {
        "kurt": 1.24775075912,
        "max": -1.79385903156e-19,
        "mean": -5.93847060415e-09,
        "median": -2.09633893578e-10,
        "min": -3.29815712519e-08,
        "skew": -1.64462637901,
        "var": 1.05483156974e-16
    },
    "spectral_energy": {
        "kurt": 1.42774343491,
        "max": 0.14194278419,
        "mean": 0.0249666366726,
        "median": 0.000870448187925,
        "min": 2.2978867073e-12,
        "skew": 1.68942892551,
        "var": 0.00190529192332
    },
    "spectral_energyband_high": {
        "kurt": 7.14030361176,
        "max": 0.00237134261988,
        "mean": 0.000227019074373,
        "median": 6.70451299811e-06,
        "min": 1.93730123089e-12,
        "skew": 2.8716032505,
        "var": 3.21694045624e-07
    },
    "spectral_energyband_low": {
        "kurt": 9.38377285004,
        "max": 0.000151306478074,
        "mean": 1.60184827109e-05,
        "median": 2.60894512394e-06,
        "min": 4.34114232226e-16,
        "skew": 3.09564495087,
        "var": 1.08261954956e-09
    },
    "spectral_energyband_middle_high": {
        "kurt": 2.44428777695,
        "max": 0.1220067963,
        "mean": 0.0179708469659,
        "median": 0.00019061731291,
        "min": 3.35307953278e-13,
        "skew": 1.93589293957,
        "var": 0.00116224505473
    },
    "spectral_energyband_middle_low": {
        "kurt": 0.00217723846436,
        "max": 0.0401077903807,
        "mean": 0.00809815526009,
        "median": 0.000250638724538,
        "min": 2.62405724862e-14,
        "skew": 1.28368318081,
        "var": 0.000163723729202
    },
    "spectral_flatness_db": {
        "kurt": -1.07708930969,
        "max": 0.305523604155,
        "mean": 0.194604039192,
        "median": 0.180417776108,
        "min": 0.0893953591585,
        "skew": 0.286073088646,
        "var": 0.00405131373554
    },
    "spectral_flux": {
        "kurt": -0.910590171814,
        "max": 0.233995094895,
        "mean": 0.0711477324367,
        "median": 0.0288938097656,
        "min": 1.04142338841e-06,
        "skew": 0.843314886093,
        "var": 0.00663163000718
    },
    "spectral_kurtosis": {
        "kurt": -0.197691917419,
        "max": 25.4407997131,
        "mean": 9.16698169708,
        "median": 7.77553272247,
        "min": 0.0537867546082,
        "skew": 0.69288110733,
        "var": 49.5669212341
    },
    "spectral_rms": {
        "kurt": -0.172732830048,
        "max": 0.0117677850649,
        "mean": 0.00300876866095,
        "median": 0.000897259567864,
        "min": 4.73480810115e-08,
        "skew": 1.15354418755,
        "var": 1.53050077643e-05
    },
    "spectral_rolloff": {
        "kurt": 0.576309680939,
        "max": 10594.3359375,
        "mean": 3211.13867188,
        "median": 1378.125,
        "min": 495.263671875,
        "skew": 1.50708687305,
        "var": 11470035
    },
    "spectral_skewness": {
        "kurt": -0.726451873779,
        "max": 3.93850564957,
        "mean": 2.21216678619,
        "median": 2.24330234528,
        "min": 0.438756793737,
        "skew": -0.321398884058,
        "var": 1.02011573315
    },
    "spectral_spread": {
        "kurt": -0.409290790558,
        "max": 19616256,
        "mean": 6944248.5,
        "median": 3378030.5,
        "min": 1575536.75,
        "skew": 1.14678871632,
        "var": 4.35902773985e+13
    },
    "spectral_strongpeak": {
        "kurt": 3.54688882828,
        "max": 8.74287223816,
        "mean": 1.31684815884,
        "median": 0.298731982708,
        "min": 2.49081585935e-05,
        "skew": 2.11165070534,
        "var": 5.13346338272
    },
    "zerocrossingrate": {
        "kurt": -0.0639567375183,
        "max": 0.36865234375,
        "mean": 0.119099937379,
        "median": 0.050048828125,
        "min": 0.02978515625,
        "skew": 1.29794049263,
        "var": 0.0149611001834
    },
    "barkbands": {
        "kurt": [16.2948551178, 5.65900325775, 4.72237682343, 11.1779098511, 0.804534912109, 0.44443821907, 2.30099487305, 1.78936767578, 3.44929027557, 1.48462295532, 3.11445760727, 5.05915260315, 6.8958158493, 3.07081842422, 8.77662086487, 9.60626411438, 6.56325912476, 6.37426757812, 6.25746440887, 5.87167549133, 12.6757116318, 6.41855335236, 5.0449886322, 6.02705764771, 6.33608436584, 6.18124771118, 2.84918165207],
        "max": [8.29537725622e-07, 2.19038847717e-05, 4.46618396381e-05, 0.000168282247614, 0.000813367718365, 0.0037050312385, 0.0127777541056, 0.0134830474854, 0.00785219017416, 0.0504426583648, 0.0204760301858, 0.0125080216676, 0.027190187946, 0.00335398479365, 0.00192091288045, 0.00237428187393, 0.00342010217719, 0.00927739590406, 0.00891886744648, 0.00217024888843, 0.00139702053275, 0.000184005053598, 3.46930719388e-05, 1.11358995127e-05, 5.22636037203e-06, 2.04889246902e-07, 8.91889406773e-09],
        "mean": [6.08082473263e-08, 3.03714205074e-06, 6.31493139736e-06, 1.5347790395e-05, 0.000142175718793, 0.000743257114664, 0.00200012139976, 0.00214371900074, 0.00115711835679, 0.00823645293713, 0.00290567148477, 0.00144957832526, 0.00286626257002, 0.000454396911664, 0.000160121315275, 0.000205623975489, 0.000346761924447, 0.000884320877958, 0.000896567769814, 0.000217365624849, 0.000107154824946, 1.95927441382e-05, 3.90466402678e-06, 1.20310767215e-06, 5.17165688052e-07, 2.16950208909e-08, 1.46733558637e-09],
        "median": [7.12278458437e-09, 1.28057251914e-06, 9.29581176479e-07, 7.51156562728e-07, 8.91952731763e-06, 5.3956577176e-05, 5.01291615365e-05, 4.2756601033e-05, 3.48734356521e-05, 5.66444177821e-05, 3.92256806663e-05, 1.73930275196e-05, 5.6505210523e-05, 1.22429037219e-05, 2.33093055613e-06, 5.71775717617e-06, 2.54822498391e-06, 4.11024984714e-06, 8.41205746838e-06, 3.425501518e-06, 3.75215859094e-06, 1.04159948933e-06, 1.31981039431e-07, 3.77432733956e-08, 1.64562550253e-08, 1.13390163925e-09, 3.89536666812e-11],
        "min": [1.25926628959e-19, 8.92357018517e-17, 9.7803072845e-18, 9.8952464129e-16, 4.16498890362e-15, 4.1039813556e-15, 2.35933022996e-15, 2.62542859496e-15, 4.55694958832e-15, 2.86316575578e-15, 4.86886947114e-15, 6.37268033075e-15, 4.43185340992e-15, 1.3470515732e-14, 1.43760871263e-14, 3.04442343731e-14, 4.80046368325e-14, 5.22016207116e-14, 5.33168412306e-14, 1.89727435016e-14, 2.58699904895e-14, 1.44664499564e-13, 2.30035066516e-13, 5.33222663072e-13, 5.48769742755e-13, 2.67876744549e-14, 3.42340833958e-14],
        "skew": [4.14789390564, 2.5997004509, 2.4166662693, 3.34182357788, 1.57733285427, 1.35265517235, 1.81335818768, 1.79102051258, 1.91490328312, 1.73674714565, 2.03326177597, 2.40384292603, 2.69772601128, 2.18660283089, 3.15339159966, 3.19788050652, 2.73066520691, 2.79192781448, 2.82020711899, 2.65498566628, 3.63548517227, 2.76934218407, 2.56191492081, 2.754560709, 2.7455098629, 2.78059911728, 1.98263204098],
        "var": [2.74783315676e-14, 3.01035411876e-11, 1.42836756312e-10, 1.27603871913e-09, 6.37313277707e-08, 1.30813043597e-06, 1.17413655971e-05, 1.53815344675e-05, 3.73997477254e-06, 0.000228889111895, 2.91939413728e-05, 9.36775268201e-06, 3.95299684897e-05, 9.50231651586e-07, 1.95991830765e-07, 2.78069194337e-07, 6.77131765769e-07, 5.49566675545e-06, 6.00540579399e-06, 2.88233820811e-07, 8.64288622893e-08, 2.07988137824e-09, 8.84334341866e-11, 8.96086937291e-12, 1.65248489805e-12, 2.86971797914e-15, 6.5309710256e-18],
        "cov": [[2.86730410465e-14, 7.06927246776e-13, 1.46434253612e-12, 5.70211889858e-12, 2.42927015309e-11, 1.00976484119e-10, 4.29230179178e-10, 4.04685562838e-10, 1.0178052845e-10, 1.62379742985e-09, 5.30635646534e-10, 2.13846260144e-10, 4.18033302418e-10, 9.67668375984e-11, 4.07864089724e-11, 4.41614279867e-11, 1.19183954372e-10, 3.17320753007e-10, 3.01399155633e-10, 5.18707056474e-11, 4.72917885408e-11, 4.94270553306e-12, 1.07677950757e-12, 3.80293019298e-13, 1.78648233901e-13, 6.96054025439e-15, 2.71232364037e-16], [7.06927246776e-13, 3.14123935197e-11, 6.33984600928e-11, 1.79239692533e-10, 1.06228670305e-09, 4.35636327012e-09, 1.58559743113e-08, 8.50552250853e-09, 4.05489641864e-09, 5.72298546331e-08, 2.60138914854e-08, 1.01166230948e-08, 2.92407982272e-08, 4.65080551848e-09, 2.31161978448e-09, 2.62649901828e-09, 4.34733582466e-09, 1.2752729539e-08, 1.34030013754e-08, 2.75198863697e-09, 1.51750445543e-09, 2.42180803189e-10, 5.00961251648e-11, 1.63286623805e-11, 6.92800114152e-12, 2.92774945997e-13, 8.84310359043e-15], [1.46434253612e-12, 6.33984600928e-11, 1.49047052478e-10, 4.0122788425e-10, 2.50957588044e-09, 1.17621894447e-08, 3.87094303278e-08, 2.63808495049e-08, 1.10898694672e-08, 1.38233914981e-07, 6.01387384336e-08, 2.19704379134e-08, 6.57732854847e-08, 1.00164934125e-08, 5.04845809601e-09, 5.86975357209e-09, 9.57475343455e-09, 2.72061750906e-08, 2.8757236592e-08, 5.9879390335e-09, 3.24549720432e-09, 5.38672717543e-10, 1.083225315e-10, 3.54421665627e-11, 1.48016598978e-11, 6.31291080608e-13, 2.15621604908e-14], [5.70211889858e-12, 1.79239692533e-10, 4.0122788425e-10, 1.3315186731e-09, 6.5985226172e-09, 3.0379222693e-08, 1.09113273083e-07, 8.51842258953e-08, 3.19058308662e-08, 4.15648969465e-07, 1.59588822157e-07, 6.55754419654e-08, 1.55476371333e-07, 2.7997176133e-08, 1.25034267384e-08, 1.42105580636e-08, 2.9378270483e-08, 8.06768909456e-08, 8.06364539585e-08, 1.5635157169e-08, 1.07734638988e-08, 1.41957834376e-09, 2.99787222824e-10, 1.00544739201e-10, 4.49014055104e-11, 1.81446979837e-12, 6.66521213764e-14], [2.42927015309e-11, 1.06228670305e-09, 2.50957588044e-09, 6.5985226172e-09, 6.65022596991e-08, 2.65250889697e-07, 8.2866347384e-07, 7.13049871592e-07, 3.94512596813e-07, 3.53060931957e-06, 1.26463567085e-06, 6.66193216148e-07, 1.32340858272e-06, 2.29407248753e-07, 9.29412422579e-08, 1.12330901914e-07, 1.77015607505e-07, 5.01785621054e-07, 5.17525336363e-07, 1.21668776387e-07, 5.4845941122e-08, 1.00483443788e-08, 2.11264072902e-09, 6.48818943016e-10, 2.77663503301e-10, 1.1511371717e-11, 3.7233652034e-13], [1.00976484119e-10, 4.35636327012e-09, 1.17621894447e-08, 3.0379222693e-08, 2.65250889697e-07, 1.36500568715e-06, 3.49826996171e-06, 3.24093866766e-06, 1.65429662502e-06, 1.67038924701e-05, 5.6691806094e-06, 2.63140032075e-06, 5.65208665648e-06, 8.99885719718e-07, 3.86528597573e-07, 4.97479163641e-07, 7.7517944419e-07, 2.03803074328e-06, 2.11412384488e-06, 4.94907510529e-07, 2.26899032896e-07, 4.37284910504e-08, 8.6011722189e-09, 2.72943245783e-09, 1.12703579802e-09, 4.77654686637e-11, 1.71432518788e-12], [4.29230179178e-10, 1.58559743113e-08, 3.87094303278e-08, 1.09113273083e-07, 8.2866347384e-07, 3.49826996171e-06, 1.22518595163e-05, 1.10392320494e-05, 4.77604817206e-06, 4.28767998528e-05, 1.65079800354e-05, 7.40714176573e-06, 1.67412490555e-05, 2.89226295536e-06, 1.23412871744e-06, 1.42001522363e-06, 2.56877183347e-06, 7.16830209058e-06, 7.32484522814e-06, 1.56607359258e-06, 8.87610838163e-07, 1.36527987138e-07, 2.85842567394e-08, 9.15016773462e-09, 3.98983601713e-09, 1.63695196287e-10, 5.99905455173e-12], [4.04685562838e-10, 8.50552250853e-09, 2.63808495049e-08, 8.51842258953e-08, 7.13049871592e-07, 3.24093866766e-06, 1.10392320494e-05, 1.60502968356e-05, 5.42945008419e-06, 4.0455332055e-05, 1.14024869617e-05, 5.10705012857e-06, 7.86133023212e-06, 1.6944517256e-06, 5.33228728727e-07, 6.40948769615e-07, 1.82154292361e-06, 4.20672813561e-06, 3.85454904972e-06, 7.74933482717e-07, 6.61874196339e-07, 7.66410224173e-08, 1.56623460867e-08, 5.32037613965e-09, 2.49338349967e-09, 9.48463044215e-11, 4.93541405661e-12], [1.0178052845e-10, 4.05489641864e-09, 1.10898694672e-08, 3.19058308662e-08, 3.94512596813e-07, 1.65429662502e-06, 4.77604817206e-06, 5.42945008419e-06, 3.9025821934e-06, 2.23426468438e-05, 7.79661968409e-06, 5.32333842784e-06, 7.82877395977e-06, 1.42019302984e-06, 3.69950384993e-07, 4.72212207114e-07, 8.39732365421e-07, 2.23086385631e-06, 2.17293791138e-06, 6.14173245594e-07, 2.41120233113e-07, 4.56050486264e-08, 1.04882760255e-08, 2.84544654505e-09, 1.33922262169e-09, 4.98692094564e-11, 1.93087754986e-12], [1.62379742985e-09, 5.72298546331e-08, 1.38233914981e-07, 4.15648969465e-07, 3.53060931957e-06, 1.67038924701e-05, 4.28767998528e-05, 4.0455332055e-05, 2.23426468438e-05, 0.000238840817474, 7.42923439248e-05, 3.94161397708e-05, 7.0238194894e-05, 1.25764872791e-05, 4.89498006573e-06, 6.3615811996e-06, 1.08377198558e-05, 2.83712106466e-05, 2.83635399683e-05, 6.58092540107e-06, 3.25850601257e-06, 5.66982805594e-07, 1.16026505736e-07, 3.68100749881e-08, 1.58381219251e-08, 6.48791242952e-10, 2.20652385252e-11], [5.30635646534e-10, 2.60138914854e-08, 6.01387384336e-08, 1.59588822157e-07, 1.26463567085e-06, 5.6691806094e-06, 1.65079800354e-05, 1.14024869617e-05, 7.79661968409e-06, 7.42923439248e-05, 3.04632430925e-05, 1.44195919347e-05, 3.3787011489e-05, 5.23277185493e-06, 2.28004682867e-06, 2.76472064797e-06, 4.20040259996e-06, 1.19270671348e-05, 1.25888755065e-05, 2.89720787805e-06, 1.29865054532e-06, 2.45482596029e-07, 5.046584306e-08, 1.56378590077e-08, 6.56634968621e-09, 2.76267619892e-10, 8.93252399131e-12], [2.13846260144e-10, 1.01166230948e-08, 2.19704379134e-08, 6.55754419654e-08, 6.66193216148e-07, 2.63140032075e-06, 7.40714176573e-06, 5.10705012857e-06, 5.32333842784e-06, 3.94161397708e-05, 1.44195919347e-05, 9.77504623734e-06, 1.57568410941e-05, 2.84307884613e-06, 9.21139701404e-07, 1.14363308512e-06, 1.80458391696e-06, 5.23091375726e-06, 5.26935718881e-06, 1.36686878704e-06, 5.26147289293e-07, 1.0158202457e-07, 2.32153887225e-08, 6.58319221358e-09, 2.98124525067e-09, 1.16831530561e-10, 3.50179889426e-12], [4.18033302418e-10, 2.92407982272e-08, 6.57732854847e-08, 1.55476371333e-07, 1.32340858272e-06, 5.65208665648e-06, 1.67412490555e-05, 7.86133023212e-06, 7.82877395977e-06, 7.0238194894e-05, 3.3787011489e-05, 1.57568410941e-05, 4.12486624555e-05, 5.93792628933e-06, 2.72107786259e-06, 3.24606003232e-06, 4.35178799307e-06, 1.30844446176e-05, 1.42988546941e-05, 3.38248264597e-06, 1.29734246457e-06, 2.79317902141e-07, 5.74649945406e-08, 1.73611010013e-08, 7.10648562219e-09, 3.06101144432e-10, 9.0471727332e-12], [9.67668375984e-11, 4.65080551848e-09, 1.00164934125e-08, 2.7997176133e-08, 2.29407248753e-07, 8.99885719718e-07, 2.89226295536e-06, 1.6944517256e-06, 1.42019302984e-06, 1.25764872791e-05, 5.23277185493e-06, 2.84307884613e-06, 5.93792628933e-06, 9.91546016849e-07, 4.01198320787e-07, 4.73686270652e-07, 7.36769663945e-07, 2.17862839236e-06, 2.26844463214e-06, 5.27794497884e-07, 2.34320154391e-07, 4.24150066181e-08, 9.18860276755e-09, 2.77824674377e-09, 1.20551146843e-09, 4.95333288275e-11, 1.50882626705e-12], [4.07864089724e-11, 2.31161978448e-09, 5.04845809601e-09, 1.25034267384e-08, 9.29412422579e-08, 3.86528597573e-07, 1.23412871744e-06, 5.33228728727e-07, 3.69950384993e-07, 4.89498006573e-06, 2.28004682867e-06, 9.21139701404e-07, 2.72107786259e-06, 4.01198320787e-07, 2.04513213475e-07, 2.40253370976e-07, 3.37486369517e-07, 1.01142677522e-06, 1.09784696178e-06, 2.41875994789e-07, 1.06977338987e-07, 2.07629042848e-08, 4.19914858441e-09, 1.32986877066e-09, 5.41022560085e-10, 2.36120810404e-11, 6.95278199164e-13], [4.41614279867e-11, 2.62649901828e-09, 5.86975357209e-09, 1.42105580636e-08, 1.12330901914e-07, 4.97479163641e-07, 1.42001522363e-06, 6.40948769615e-07, 4.72212207114e-07, 6.3615811996e-06, 2.76472064797e-06, 1.14363308512e-06, 3.24606003232e-06, 4.73686270652e-07, 2.40253370976e-07, 2.90159164251e-07, 3.95411916543e-07, 1.16421904295e-06, 1.26671136513e-06, 2.85548253487e-07, 1.19362482565e-07, 2.45886244699e-08, 4.89917351132e-09, 1.54864565616e-09, 6.21652673782e-10, 2.73441720655e-11, 7.97987706729e-13], [1.19183954372e-10, 4.34733582466e-09, 9.57475343455e-09, 2.9378270483e-08, 1.77015607505e-07, 7.7517944419e-07, 2.56877183347e-06, 1.82154292361e-06, 8.39732365421e-07, 1.08377198558e-05, 4.20040259996e-06, 1.80458391696e-06, 4.35178799307e-06, 7.36769663945e-07, 3.37486369517e-07, 3.95411916543e-07, 7.06572279796e-07, 1.97754411602e-06, 2.02411911232e-06, 4.18032499283e-07, 2.43010163103e-07, 3.69717803039e-08, 7.6752284528e-09, 2.51383269756e-09, 1.08740283444e-09, 4.50230096261e-11, 1.5241398638e-12], [3.17320753007e-10, 1.2752729539e-08, 2.72061750906e-08, 8.06768909456e-08, 5.01785621054e-07, 2.03803074328e-06, 7.16830209058e-06, 4.20672813561e-06, 2.23086385631e-06, 2.83712106466e-05, 1.19270671348e-05, 5.23091375726e-06, 1.30844446176e-05, 2.17862839236e-06, 1.01142677522e-06, 1.16421904295e-06, 1.97754411602e-06, 5.73460874875e-06, 5.94570565227e-06, 1.24474627228e-06, 6.80693744926e-07, 1.07377125858e-07, 2.2570507241e-08, 7.27741067408e-09, 3.13501558047e-09, 1.30581767621e-10, 4.19443386274e-12], [3.01399155633e-10, 1.34030013754e-08, 2.8757236592e-08, 8.06364539585e-08, 5.17525336363e-07, 2.11412384488e-06, 7.32484522814e-06, 3.85454904972e-06, 2.17293791138e-06, 2.83635399683e-05, 1.25888755065e-05, 5.26935718881e-06, 1.42988546941e-05, 2.26844463214e-06, 1.09784696178e-06, 1.26671136513e-06, 2.02411911232e-06, 5.94570565227e-06, 6.26651035418e-06, 1.32661716634e-06, 6.84211840962e-07, 1.14547972885e-07, 2.37588704266e-08, 7.63002194759e-09, 3.22622062399e-09, 1.36514882731e-10, 4.27911872602e-12], [5.18707056474e-11, 2.75198863697e-09, 5.9879390335e-09, 1.5635157169e-08, 1.21668776387e-07, 4.94907510529e-07, 1.56607359258e-06, 7.74933482717e-07, 6.14173245594e-07, 6.58092540107e-06, 2.89720787805e-06, 1.36686878704e-06, 3.38248264597e-06, 5.27794497884e-07, 2.41875994789e-07, 2.85548253487e-07, 4.18032499283e-07, 1.24474627228e-06, 1.32661716634e-06, 3.00765719885e-07, 1.31862776698e-07, 2.49953728826e-08, 5.21805088027e-09, 1.61543101118e-09, 6.76454448012e-10, 2.87308146024e-11, 8.60450924921e-13], [4.72917885408e-11, 1.51750445543e-09, 3.24549720432e-09, 1.07734638988e-08, 5.4845941122e-08, 2.26899032896e-07, 8.87610838163e-07, 6.61874196339e-07, 2.41120233113e-07, 3.25850601257e-06, 1.29865054532e-06, 5.26147289293e-07, 1.29734246457e-06, 2.34320154391e-07, 1.06977338987e-07, 1.19362482565e-07, 2.43010163103e-07, 6.80693744926e-07, 6.84211840962e-07, 1.31862776698e-07, 9.01866386016e-08, 1.18884653233e-08, 2.5238013901e-09, 8.45456704646e-10, 3.76752740117e-10, 1.52913619267e-11, 5.41603600076e-13], [4.94270553306e-12, 2.42180803189e-10, 5.38672717543e-10, 1.41957834376e-09, 1.00483443788e-08, 4.37284910504e-08, 1.36527987138e-07, 7.66410224173e-08, 4.56050486264e-08, 5.66982805594e-07, 2.45482596029e-07, 1.0158202457e-07, 2.79317902141e-07, 4.24150066181e-08, 2.07629042848e-08, 2.45886244699e-08, 3.69717803039e-08, 1.07377125858e-07, 1.14547972885e-07, 2.49953728826e-08, 1.18884653233e-08, 2.17031104199e-09, 4.39928565799e-10, 1.40421896333e-10, 5.80661213556e-11, 2.49378490948e-12, 7.77084085556e-14], [1.07677950757e-12, 5.00961251648e-11, 1.083225315e-10, 2.99787222824e-10, 2.11264072902e-09, 8.6011722189e-09, 2.85842567394e-08, 1.56623460867e-08, 1.04882760255e-08, 1.16026505736e-07, 5.046584306e-08, 2.32153887225e-08, 5.74649945406e-08, 9.18860276755e-09, 4.19914858441e-09, 4.89917351132e-09, 7.6752284528e-09, 2.2570507241e-08, 2.37588704266e-08, 5.21805088027e-09, 2.5238013901e-09, 4.39928565799e-10, 9.22783655044e-11, 2.90038913026e-11, 1.23226298956e-11, 5.17782377304e-13, 1.61172514408e-14], [3.80293019298e-13, 1.63286623805e-11, 3.54421665627e-11, 1.00544739201e-10, 6.48818943016e-10, 2.72943245783e-09, 9.15016773462e-09, 5.32037613965e-09, 2.84544654505e-09, 3.68100749881e-08, 1.56378590077e-08, 6.58319221358e-09, 1.73611010013e-08, 2.77824674377e-09, 1.32986877066e-09, 1.54864565616e-09, 2.51383269756e-09, 7.27741067408e-09, 7.63002194759e-09, 1.61543101118e-09, 8.45456704646e-10, 1.40421896333e-10, 2.90038913026e-11, 9.35047178574e-12, 3.95936105083e-12, 1.6710794532e-13, 5.32894727491e-15], [1.78648233901e-13, 6.92800114152e-12, 1.48016598978e-11, 4.49014055104e-11, 2.77663503301e-10, 1.12703579802e-09, 3.98983601713e-09, 2.49338349967e-09, 1.33922262169e-09, 1.58381219251e-08, 6.56634968621e-09, 2.98124525067e-09, 7.10648562219e-09, 1.20551146843e-09, 5.41022560085e-10, 6.21652673782e-10, 1.08740283444e-09, 3.13501558047e-09, 3.22622062399e-09, 6.76454448012e-10, 3.76752740117e-10, 5.80661213556e-11, 1.23226298956e-11, 3.95936105083e-12, 1.72433204867e-12, 7.11178823622e-14, 2.32924213737e-15], [6.96054025439e-15, 2.92774945997e-13, 6.31291080608e-13, 1.81446979837e-12, 1.1511371717e-11, 4.77654686637e-11, 1.63695196287e-10, 9.48463044215e-11, 4.98692094564e-11, 6.48791242952e-10, 2.76267619892e-10, 1.16831530561e-10, 3.06101144432e-10, 4.95333288275e-11, 2.36120810404e-11, 2.73441720655e-11, 4.50230096261e-11, 1.30581767621e-10, 1.36514882731e-10, 2.87308146024e-11, 1.52913619267e-11, 2.49378490948e-12, 5.17782377304e-13, 1.6710794532e-13, 7.11178823622e-14, 2.99448826162e-15, 9.86241157774e-17], [2.71232364037e-16, 8.84310359043e-15, 2.15621604908e-14, 6.66521213764e-14, 3.7233652034e-13, 1.71432518788e-12, 5.99905455173e-12, 4.93541405661e-12, 1.93087754986e-12, 2.20652385252e-11, 8.93252399131e-12, 3.50179889426e-12, 9.0471727332e-12, 1.50882626705e-12, 6.95278199164e-13, 7.97987706729e-13, 1.5241398638e-12, 4.19443386274e-12, 4.27911872602e-12, 8.60450924921e-13, 5.41603600076e-13, 7.77084085556e-14, 1.61172514408e-14, 5.32894727491e-15, 2.32924213737e-15, 9.86241157774e-17, 6.81492599987e-18]]
    },
    "mfcc": {
        "kurt": [-1.13147974014, -0.828466176987, -1.36589443684, 0.419286727905, -1.22317624092, -0.899317264557, -0.357521772385, 0.654688119888, -0.667733430862, -1.05153381824, 0.062748670578, 2.91160392761, -0.953473567963],
        "max": [-538.246582031, 177.688262939, 2.64349365234, 33.5483283997, -6.103515625e-05, 2.28881835938e-05, 25.5393447876, 11.5557041168, 4.93789291382, -2.28881835938e-05, 17.9073753357, 16.3609256744, 9.30773162842],
        "mean": [-855.71484375, 108.47844696, -48.8821907043, -6.06618833542, -43.5546302795, -15.2085762024, -3.35994696617, -9.09868049622, -8.98739910126, -10.6190652847, 0.868703842163, 1.5353423357, 0.00651224469766],
        "median": [-824.034423828, 126.016952515, -53.6554031372, -4.22830963135, -48.7268295288, -13.0911064148, -2.67028808594e-05, -4.092420578, -10.6874732971, -11.9760246277, 0.735534667969, 0.469024658203, -3.81469726562e-05],
        "min": [-1138.42004395, 1.14440917969e-05, -104.427108765, -35.7261734009, -87.9256896973, -42.7020683289, -31.8360481262, -46.0474243164, -27.156879425, -26.4836158752, -12.4666137695, -9.35500144958, -8.48052978516],
        "skew": [-0.0591291040182, -0.815713584423, 0.0281525105238, 0.14370277524, 0.21908056736, -0.514215409756, -0.139270827174, -1.22557473183, -0.319825947285, -0.093850389123, 0.238882496953, 1.04018175602, 0.221011951566],
        "var": [38551.0664062, 3925.33959961, 1374.12658691, 238.382446289, 841.321716309, 162.239639282, 201.896652222, 200.101074219, 69.9363479614, 60.6549110413, 47.4949989319, 22.028465271, 23.8163547516],
        "cov": [[40227.1992188, 10617.1386719, -7185.24853516, -265.415496826, -5120.37353516, -1855.9161377, -149.823730469, 15.0928478241, -1173.94311523, -1245.13964844, 210.477096558, -119.419319153, -261.167785645], [10617.1386719, 4096.00634766, -1853.40368652, -220.661682129, -1726.2364502, -484.844268799, -181.110122681, -228.767944336, -249.413375854, -364.373352051, 143.752670288, 50.5005455017, 11.8201665878], [-7185.24853516, -1853.40368652, 1433.87121582, 161.1900177, 918.497802734, 295.845458984, 38.3392219543, 11.6372852325, 207.404144287, 232.094451904, -23.8950557709, 40.8727111816, 38.7023887634], [-265.415496826, -220.661682129, 161.1900177, 248.746902466, 156.077026367, -14.9704341888, 42.8961334229, 26.4928188324, 19.0864467621, 48.8098449707, -14.8542585373, -1.45004367828, -19.8707389832], [-5120.37353516, -1726.2364502, 918.497802734, 156.077026367, 877.900878906, 228.826858521, 24.4609966278, -2.89439296722, 148.96206665, 191.123245239, -77.1237258911, -8.76816558838, 23.1326694489], [-1855.9161377, -484.844268799, 295.845458984, -14.9704341888, 228.826858521, 169.293533325, 73.9153518677, 49.6534729004, 62.8881149292, 48.3560943604, 23.4115848541, 11.7512454987, 14.7757635117], [-149.823730469, -181.110122681, 38.3392219543, 42.8961334229, 24.4609966278, 73.9153518677, 210.674758911, 163.401672363, -6.46686124802, -16.4047298431, 34.1431465149, 12.7492704391, -30.3267269135], [15.0928478241, -228.767944336, 11.6372852325, 26.4928188324, -2.89439296722, 49.6534729004, 163.401672363, 208.801116943, 2.12099385262, -22.9685535431, 27.0414772034, -6.16246318817, -32.5749969482], [-1173.94311523, -249.413375854, 207.404144287, 19.0864467621, 148.96206665, 62.8881149292, -6.46686124802, 2.12099385262, 72.9770584106, 39.381275177, -5.05569458008, 8.63021659851, 18.2342987061], [-1245.13964844, -364.373352051, 232.094451904, 48.8098449707, 191.123245239, 48.3560943604, -16.4047298431, -22.9685535431, 39.381275177, 63.2920837402, -10.3346414566, -3.19855356216, 6.61221790314], [210.477096558, 143.752670288, -23.8950557709, -14.8542585373, -77.1237258911, 23.4115848541, 34.1431465149, 27.0414772034, -5.05569458008, -10.3346414566, 49.5600013733, 12.5466403961, 1.09330654144], [-119.419319153, 50.5005455017, 40.8727111816, -1.45004367828, -8.76816558838, 11.7512454987, 12.7492704391, -6.16246318817, 8.63021659851, -3.19855356216, 12.5466403961, 22.9862251282, -0.259478807449], [-261.167785645, 11.8201665878, 38.7023887634, -19.8707389832, 23.1326694489, 14.7757635117, -30.3267269135, -32.5749969482, 18.2342987061, 6.61221790314, 1.09330654144, -0.259478807449, 24.8518486023]]
    },
    "sccoeffs": {
        "kurt": [-0.939214944839, -1.12962305546, -1.1574562788, -1.17779433727, -0.415357589722, -1.22719812393],
        "max": [-0.561484098434, -0.625904560089, -0.573049783707, -0.561949133873, -0.720237672329, -0.715311586857],
        "mean": [-0.750033438206, -0.801041305065, -0.804641008377, -0.774013340473, -0.847293376923, -0.804666996002],
        "median": [-0.750423908234, -0.789919257164, -0.829131007195, -0.743854284286, -0.848704874516, -0.785317480564],
        "min": [-0.907981812954, -0.969508469105, -0.979858934879, -0.970249652863, -0.966483175755, -0.932680368423],
        "skew": [0.0844374522567, -0.0886537134647, 0.237790167332, -0.0338896401227, 0.253441900015, -0.573993563652],
        "var": [0.0101988026872, 0.0103708831593, 0.0144635634497, 0.0146263726056, 0.00383050274104, 0.00587635114789],
        "cov": [[0.0106422286481, 0.00901372451335, 0.0114169474691, 0.0105770500377, 0.00570367416367, 0.0071331798099], [0.00901372451335, 0.0108217904344, 0.0115372976288, 0.00959132984281, 0.00542694469914, 0.00723289279267], [0.0114169474691, 0.0115372976288, 0.0150924148038, 0.011533388868, 0.00651801424101, 0.00830165762454], [0.0105770500377, 0.00959132984281, 0.011533388868, 0.0152623020113, 0.00665647443384, 0.00871899630874], [0.00570367416367, 0.00542694469914, 0.00651801424101, 0.00665647443384, 0.00399704650044, 0.0041768415831], [0.0071331798099, 0.00723289279267, 0.00830165762454, 0.00871899630874, 0.0041768415831, 0.00613184459507]]
    },
    "scvalleys": {
        "kurt": [0.477629899979, 0.00966763496399, -0.0556578636169, 0.0695564746857, 0.0848252773285, 0.0250954627991],
        "max": [-6.53072547913, -4.13513088226, -3.81835627556, -5.07600688934, -5.27887153625, -8.42443275452],
        "mean": [-10.4557323456, -8.3241147995, -8.4597196579, -9.52991390228, -9.91746425629, -11.9737215042],
        "median": [-8.65605545044, -6.65894031525, -6.85473108292, -8.09441184998, -8.61806869507, -11.3995552063],
        "min": [-20.1189937592, -18.1059608459, -18.0239505768, -17.8015174866, -17.9292430878, -17.3949871063],
        "skew": [-1.43476319313, -1.22542595863, -1.16480660439, -1.20814669132, -1.12212693691, -1.01923394203],
        "var": [17.7249279022, 21.8659820557, 21.8866405487, 16.2480754852, 15.3069810867, 7.18203210831],
        "cov": [[18.4955768585, 20.2115592957, 20.1205329895, 17.3868961334, 16.7637119293, 11.3959474564], [20.2115592957, 22.8166770935, 22.6092987061, 19.5018405914, 18.7050228119, 12.6372652054], [20.1205329895, 22.6092987061, 22.8382320404, 19.4472980499, 18.7750873566, 12.7529335022], [17.3868961334, 19.5018405914, 19.4472980499, 16.9545135498, 16.2940921783, 11.0649290085], [16.7637119293, 18.7050228119, 18.7750873566, 16.2940921783, 15.9725027084, 10.8574590683], [11.3959474564, 12.6372652054, 12.7529335022, 11.0649290085, 10.8574590683, 7.4942946434]]
    }
},
"rhythm": {
    "bpm": 0,
    "confidence": 0,
    "first_peak_bpm": {
        "kurt": 0,
        "max": 0,
        "mean": 0,
        "median": 0,
        "min": 0,
        "skew": 0,
        "var": 0
    },
    "first_peak_spread": {
        "kurt": 0,
        "max": 0,
        "mean": 0,
        "median": 0,
        "min": 0,
        "skew": 0,
        "var": 0
    },
    "first_peak_weight": {
        "kurt": 0,
        "max": 0,
        "mean": 0,
        "median": 0,
        "min": 0,
        "skew": 0,
        "var": 0
    },
    "onset_rate": 1.92500758171,
    "second_peak_bpm": {
        "kurt": 0,
        "max": 0,
        "mean": 0,
        "median": 0,
        "min": 0,
        "skew": 0,
        "var": 0
    },
    "second_peak_spread": {
        "kurt": 0,
        "max": 0,
        "mean": 0,
        "median": 0,
        "min": 0,
        "skew": 0,
        "var": 0
    },
    "second_peak_weight": {
        "kurt": 0,
        "max": 0,
        "mean": 0,
        "median": 0,
        "min": 0,
        "skew": 0,
        "var": 0
    },
    "beats_position": [],
    "bpm_estimates": [],
    "bpm_intervals": [],
    "onset_times": [0.0348299331963],
    "histogram": [[0, 0, 0, 0, 0, 0, 0, 0, 0, 0, 0, 0, 0, 0, 0, 0, 0, 0, 0, 0, 0, 0, 0, 0, 0, 0, 0, 0, 0, 0, 0, 0, 0, 0, 0, 0, 0, 0, 0, 0, 0, 0, 0, 0, 0, 0, 0, 0, 0, 0, 0, 0, 0, 0, 0, 0, 0, 0, 0, 0, 0, 0, 0, 0, 0, 0, 0, 0, 0, 0, 0, 0, 0, 0, 0, 0, 0, 0, 0, 0, 0, 0, 0, 0, 0, 0, 0, 0, 0, 0, 0, 0, 0, 0, 0, 0, 0, 0, 0, 0, 0, 0, 0, 0, 0, 0, 0, 0, 0, 0, 0, 0, 0, 0, 0, 0, 0, 0, 0, 0, 0, 0, 0, 0, 0, 0, 0, 0, 0, 0, 0, 0, 0, 0, 0, 0, 0, 0, 0, 0, 0, 0, 0, 0, 0, 0, 0, 0, 0, 0, 0, 0, 0, 0, 0, 0, 0, 0, 0, 0, 0, 0, 0, 0, 0, 0, 0, 0, 0, 0, 0, 0, 0, 0, 0, 0, 0, 0, 0, 0, 0, 0, 0, 0, 0, 0, 0, 0, 0, 0, 0, 0, 0, 0, 0, 0, 0, 0, 0, 0, 0, 0, 0, 0, 0, 0, 0, 0, 0, 0, 0, 0, 0, 0, 0, 0, 0, 0, 0, 0, 0, 0, 0, 0, 0, 0, 0, 0, 0, 0, 0, 0, 0, 0, 0, 0, 0, 0, 0, 0, 0, 0, 0, 0, 0, 0, 0, 0, 0, 0]]
},
"sfx": {
    "inharmonicity": {
        "kurt": 1.6559882164,
        "max": 0.325133085251,
        "mean": 0.0728818923235,
        "median": 0.0363431870937,
        "min": 0,
        "skew": 1.57901799679,
        "var": 0.0083526680246
    },
    "oddtoevenharmonicenergyratio": {
        "kurt": 9.1509885788,
        "max": 8.19183254242,
        "mean": 0.986694872379,
        "median": 0.355919837952,
        "min": 0,
        "skew": 2.99404883385,
        "var": 3.07148241997
    },
    "pitch_after_max_to_before_max_energy_ratio": 2.83290433884,
    "pitch_centroid": 15.6944561005,
    "pitch_max_to_total": 0.708333313465,
    "pitch_min_to_total": 0.208333328366,
    "tristimulus": {
        "kurt": [-1.30064845085, -1.42798769474, 0.959443807602],
        "max": [1, 0.728513002396, 1],
        "mean": [0.424620956182, 0.332420438528, 0.242958649993],
        "median": [0.233544737101, 0.345894038677, 0.16369356215],
        "min": [0, 0, 0],
        "skew": [0.531757473946, 0.0200768969953, 1.33253157139],
        "var": [0.137775361538, 0.0670358538628, 0.0711445063353],
        "cov": [[0.143765598536, -0.0697391554713, -0.0740264356136], [-0.0697391554713, 0.0699504539371, -0.000211319376831], [-0.0740264356136, -0.000211319376831, 0.0742377489805]]
    }
},
"tonal": {
    "chords_changes_rate": 0,
    "chords_number_rate": 0.0769230797887,
    "chords_strength": {
        "kurt": -2,
        "max": 0.225118473172,
        "mean": 0.225118458271,
        "median": 0.225118473172,
        "min": 0.225118473172,
        "skew": 1,
        "var": 2.22044604925e-16
    },
    "key_strength": 0.532105982304,
    "tuning_diatonic_strength": 0.40158072114,
    "tuning_equal_tempered_deviation": 0.176934301853,
    "tuning_frequency": 448.726654053,
    "tuning_nontempered_energy_ratio": 0.80550378561,
    "hpcp": {
        "kurt": [-1.44182407856, -0.490551233292, 5.53886413574, 0.483257055283, 4.16462945938, 0.174373626709, -0.737124204636, -0.490136623383, -0.595389604568, -0.891936540604, 2.12525987625, 3.83619737625, 0.0352630615234, 0.469802379608, 0.558421611786, 4.1671128273, 0.343368768692, -0.101381063461, 0.346933603287, 5.57344436646, 4.20643234253, -0.771446228027, -1.68179929256, -1.36292076111, -0.366138458252, 4.52826595306, 5.81173992157, 0.618343114853, -0.78964138031, -0.253783464432, 0.0766570568085, -1.06802129745, -0.244445085526, -1.88765764236, -1.42201316357, -1.17455911636],
        "max": [1, 0.992766737938, 0.890528440475, 0.555006325245, 0.70686507225, 0.386199682951, 0.634065210819, 0.756406247616, 0.436273992062, 0.337487518787, 0.339330196381, 0.351577043533, 0.436387002468, 0.47301876545, 0.394179821014, 0.539194881916, 0.418786585331, 0.480484306812, 0.459712803364, 0.520708858967, 0.608588993549, 0.992559492588, 1, 0.598267555237, 0.276689499617, 0.739748358727, 1, 0.432661473751, 0.316718459129, 0.598626732826, 0.911717176437, 0.569318473339, 0.849319279194, 1, 0.770440280437, 0.743742525578],
        "mean": [0.404341578484, 0.315820991993, 0.1804394871, 0.166828498244, 0.137169018388, 0.106462918222, 0.202911108732, 0.244723066688, 0.15378177166, 0.115627333522, 0.0913542434573, 0.0880666896701, 0.120834603906, 0.12474398315, 0.108312137425, 0.10532926023, 0.118528842926, 0.149562820792, 0.131432250142, 0.0875347033143, 0.103928633034, 0.285237193108, 0.381223857403, 0.217900276184, 0.0990078002214, 0.138194978237, 0.160818576813, 0.120948843658, 0.101045049727, 0.174753680825, 0.251996308565, 0.190387621522, 0.303329616785, 0.477822035551, 0.318470478058, 0.258980333805],
        "median": [0.271093815565, 0.188531607389, 0.124762892723, 0.128857001662, 0.0620350539684, 0.0869962498546, 0.146680235863, 0.176335453987, 0.130215033889, 0.048177395016, 0.0741443186998, 0.0697314664721, 0.0689772740006, 0.061043202877, 0.0702060833573, 0.0761703923345, 0.113117806613, 0.138468518853, 0.10905983299, 0.0398288704455, 0.0283345561475, 0.0501347817481, 0.0927606374025, 0.133573949337, 0.103898636997, 0.0664457082748, 0.0908545553684, 0.0619972571731, 0.0375339947641, 0.0527322366834, 0.186358958483, 0.159665390849, 0.289237111807, 0.142981350422, 0.250845164061, 0.213945105672],
        "min": [0, 0, 0, 0, 0, 0, 0, 0, 0, 0, 0, 0, 0, 0, 0, 0, 0, 0, 0, 0, 0, 0, 0, 0, 0, 0, 0, 0, 0, 0, 0, 0, 0, 0, 0, 0],
        "skew": [0.522714436054, 0.855742514133, 2.4876203537, 1.23787915707, 2.1446583271, 1.11398935318, 0.759851634502, 0.781862735748, 0.737987995148, 0.71055740118, 1.53036546707, 1.98187243938, 1.18985557556, 1.35500073433, 1.3532999754, 2.15391230583, 1.12373936176, 0.898353397846, 1.12516856194, 2.52978777885, 2.2081797123, 0.889097630978, 0.491902202368, 0.572535693645, 0.541515052319, 2.29858279228, 2.62353587151, 1.41606616974, 0.788616538048, 1.04700565338, 1.15540766716, 0.61887383461, 0.676075100899, 0.177261710167, 0.335772335529, 0.520215690136],
        "var": [0.173995047808, 0.0985394716263, 0.0481210164726, 0.028030898422, 0.0339027680457, 0.0141800986603, 0.0423905476928, 0.0570543557405, 0.0214686412364, 0.0132460705936, 0.00777327781543, 0.00747385527939, 0.0217554233968, 0.0252802558243, 0.0162028335035, 0.0196614470333, 0.0157531853765, 0.0212794635445, 0.0185664463788, 0.0178426224738, 0.0264711212367, 0.122679591179, 0.185351863503, 0.0524942241609, 0.00641905982047, 0.036838863045, 0.0660182163119, 0.0201591756195, 0.0112283080816, 0.0429390221834, 0.0884224250913, 0.0384874977171, 0.0585813112557, 0.204418212175, 0.0757656618953, 0.0643834322691],
