{
"metadata": {
    "version": {
        "essentia": "2.1-beta3"
    }
},
"lowLevel": {
    "average_loudness": 0.735261082649,
    "barkbands_kurtosis": {
        "kurt": 47.4006538391,
        "max": 241.270874023,
        "mean": 11.1961841583,
        "median": 4.96065473557,
        "min": -0.985741853714,
        "skew": 6.33540534973,
        "var": 597.273681641
    },
    "barkbands_skewness": {
        "kurt": 10.2508678436,
        "max": 11.9708375931,
        "mean": 1.70358264446,
        "median": 1.46689689159,
        "min": -2.14469122887,
        "skew": 2.25505042076,
        "var": 2.8669090271
    },
    "barkbands_spread": {
        "kurt": 4.20101547241,
        "max": 47.1393165588,
        "mean": 7.16168260574,
        "median": 5.13361263275,
        "min": 0.11734226346,
        "skew": 1.5736631155,
        "var": 43.0786514282
    },
    "dissonance": {
        "kurt": 1.14187908173,
        "max": 0.499257445335,
        "mean": 0.41573420167,
        "median": 0.443403214216,
        "min": 0.152943089604,
        "skew": -1.30867540836,
        "var": 0.0057841478847
    },
    "hfc": {
        "kurt": 30.2619743347,
        "max": 5.11499452591,
        "mean": 0.212008669972,
        "median": 0.011575945653,
        "min": 4.6525526487e-11,
        "skew": 4.76590299606,
        "var": 0.2786026299
    },
    "pitch": {
        "kurt": 93.8215179443,
        "max": 4452.66357422,
        "mean": 370.378509521,
        "median": 368.552215576,
        "min": 70.394317627,
        "skew": 8.78996276855,
        "var": 135807.125
    },
    "pitch_instantaneous_confidence": {
        "kurt": -1.24236524105,
        "max": 0.976008355618,
        "mean": 0.542957723141,
        "median": 0.55660700798,
        "min": 0.139160037041,
        "skew": -0.0867597535253,
        "var": 0.0520813204348
    },
    "pitch_salience": {
        "kurt": 0.0523889064789,
        "max": 0.924156785011,
        "mean": 0.572171866894,
        "median": 0.594439387321,
        "min": 0.0898577421904,
        "skew": -0.613783061504,
        "var": 0.0224632900208
    },
    "silence_rate_20dB": {
        "kurt": 0,
        "max": 1,
        "mean": 1,
        "median": 1,
        "min": 1,
        "skew": 0,
        "var": 0
    },
    "silence_rate_30dB": {
        "kurt": 0,
        "max": 1,
        "mean": 1,
        "median": 1,
        "min": 1,
        "skew": 0,
        "var": 0
    },
    "silence_rate_60dB": {
        "kurt": 56.0164108276,
        "max": 1,
        "mean": 0.98360657692,
        "median": 1,
        "min": 0,
        "skew": -7.61688137054,
        "var": 0.0161247216165
    },
    "spectral_centroid": {
        "kurt": 147.363525391,
        "max": 4883.47412109,
        "mean": 588.564208984,
        "median": 548.944580078,
        "min": 299.353546143,
        "skew": 10.4311342239,
        "var": 86327.6171875
    },
    "spectral_complexity": {
        "kurt": 4.73659992218,
        "max": 6,
        "mean": 0.740983605385,
        "median": 0,
        "min": 0,
        "skew": 2.1331281662,
        "var": 1.5296254158
    },
    "spectral_crest": {
        "kurt": -0.766800165176,
        "max": 26.3655471802,
        "mean": 13.0716400146,
        "median": 12.3595485687,
        "min": 3.92936849594,
        "skew": 0.446234971285,
        "var": 31.3277988434
    },
    "spectral_decrease": {
        "kurt": 18.5205936432,
        "max": -1.40616584387e-21,
        "mean": -8.41646474736e-11,
        "median": -5.41017404487e-12,
        "min": -1.41417899613e-09,
        "skew": -3.99686956406,
        "var": 3.85055450889e-20
    },
    "spectral_energy": {
        "kurt": 18.543182373,
        "max": 0.00560916680843,
        "mean": 0.000336886616424,
        "median": 2.15001564356e-05,
        "min": 9.52721059731e-15,
        "skew": 3.99887347221,
        "var": 6.18228398253e-07
    },
    "spectral_energyband_high": {
        "kurt": 115.052574158,
        "max": 5.02170660184e-05,
        "mean": 6.31990531019e-07,
        "median": 1.13339133634e-08,
        "min": 6.18913252625e-15,
        "skew": 9.93075084686,
        "var": 1.36833756131e-11
    },
    "spectral_energyband_low": {
        "kurt": 6.20743465424,
        "max": 1.22746791931e-06,
        "mean": 2.17104201283e-07,
        "median": 1.70980442249e-07,
        "min": 2.97654153929e-16,
        "skew": 2.04034233093,
        "var": 3.21434298991e-14
    },
    "spectral_energyband_middle_high": {
        "kurt": 155.388336182,
        "max": 0.00493865739554,
        "mean": 6.60266814521e-05,
        "median": 8.3989345967e-07,
        "min": 2.57769384146e-15,
        "skew": 11.3060359955,
        "var": 1.08922549202e-07
    },
    "spectral_energyband_middle_low": {
        "kurt": 22.6091308594,
        "max": 0.0053524565883,
        "mean": 0.000282880442683,
        "median": 1.87895639101e-05,
        "min": 4.47458706914e-16,
        "skew": 4.31410741806,
        "var": 4.49666629265e-07
    },
    "spectral_flatness_db": {
        "kurt": -1.08187627792,
        "max": 0.529184997082,
        "mean": 0.270642101765,
        "median": 0.272090017796,
        "min": 0.0586117655039,
        "skew": 0.201598986983,
        "var": 0.0113586597145
    },
    "spectral_flux": {
        "kurt": 6.5229845047,
        "max": 0.0679942518473,
        "mean": 0.00804488454014,
        "median": 0.00340548506938,
        "min": 1.38215436891e-05,
        "skew": 2.24023151398,
        "var": 0.000116461713333
    },
    "spectral_kurtosis": {
        "kurt": 3.7736082077,
        "max": 188.015411377,
        "mean": 32.1948204041,
        "median": 21.1613750458,
        "min": 1.22747945786,
        "skew": 1.74796247482,
        "var": 894.049499512
    },
    "spectral_rms": {
        "kurt": 3.7007651329,
        "max": 0.00233930721879,
        "mean": 0.000350568327121,
        "median": 0.000144830119098,
        "min": 3.04874392398e-09,
        "skew": 1.87866997719,
        "var": 2.05771598871e-07
    },
    "spectral_rolloff": {
        "kurt": 126.178924561,
        "max": 8570.21484375,
        "mean": 784.938598633,
        "median": 710.595703125,
        "min": 301.46484375,
        "skew": 9.81629562378,
        "var": 311305.75
    },
    "spectral_skewness": {
        "kurt": 0.297317028046,
        "max": 11.1702699661,
        "mean": 4.14744186401,
        "median": 3.57895684242,
        "min": 1.04161226749,
        "skew": 0.948445081711,
        "var": 3.63751292229
    },
    "spectral_spread": {
        "kurt": 11.8447551727,
        "max": 14788683,
        "mean": 2670552,
        "median": 2250891.25,
        "min": 676325.625,
        "skew": 2.46465706825,
        "var": 2.74666749952e+12
    },
    "spectral_strongpeak": {
        "kurt": 22.4258289337,
        "max": 2.28947138786,
        "mean": 0.140551552176,
        "median": 0.0447050891817,
        "min": 2.37844218987e-07,
        "skew": 3.75723075867,
        "var": 0.0587948709726
    },
    "zerocrossingrate": {
        "kurt": 151.994506836,
        "max": 0.47265625,
        "mean": 0.0349193140864,
        "median": 0.03125,
        "min": 0.01611328125,
        "skew": 11.4537162781,
        "var": 0.000918280566111
    },
    "barkbands": {
        "kurt": [14.3253269196, 3.24639797211, 12.3530521393, 9.04350948334, 8.46704864502, 31.5091285706, 34.5217933655, 45.3016166687, 33.0702552795, 133.670166016, 123.732437134, 193.91557312, 99.2213821411, 44.1000785828, 128.395599365, 28.6256828308, 57.3753318787, 52.702671051, 61.7923355103, 39.2795753479, 185.946365356, 227.614898682, 150.723739624, 111.926452637, 205.757949829, 45.2173271179, 55.7832221985],
        "max": [1.02433084237e-08, 3.26164979469e-07, 7.70350311541e-07, 1.4995971469e-06, 1.41030122904e-05, 0.000935100601055, 0.00448170304298, 0.000643417530227, 0.00117500592023, 0.00423186924309, 0.000170743456692, 0.000268786214292, 0.000377842603484, 7.47312515159e-05, 0.000287275819574, 0.000116926581541, 2.50136472459e-05, 1.51466610987e-05, 8.13682527223e-06, 1.46524434967e-05, 4.93163606734e-05, 7.69149755797e-06, 1.71949955075e-06, 2.89232190198e-07, 1.86595272567e-08, 4.13120787579e-10, 4.37491765037e-10],
        "mean": [1.03381436745e-09, 5.87635788918e-08, 8.86035849135e-08, 1.69303135067e-07, 1.3137340602e-06, 4.08871455875e-05, 0.000145777725265, 2.18302811845e-05, 4.43900462415e-05, 5.98234473728e-05, 2.60744241132e-06, 3.31755336447e-06, 5.28221335117e-06, 1.87097134585e-06, 3.41819236382e-06, 4.1055800466e-06, 5.43565363387e-07, 3.4804602933e-07, 1.68433444969e-07, 3.55525770601e-07, 4.48061996394e-07, 6.05818186727e-08, 1.67363438663e-08, 3.77507713978e-09, 1.91627408386e-10, 1.66910200938e-11, 1.21904639161e-11],
        "median": [6.81109280087e-10, 4.26546122867e-08, 5.85151802568e-08, 8.10855382838e-08, 3.85231487599e-07, 2.23790743803e-06, 2.3577877073e-06, 6.32105184195e-07, 1.19929086395e-06, 3.010346461e-07, 1.05296322772e-07, 7.77398696528e-08, 3.23014859305e-08, 1.96029290578e-08, 1.63638773643e-08, 1.43547866926e-08, 1.19270797683e-08, 7.59483587132e-09, 7.19348980383e-09, 5.49297851649e-09, 6.85245904464e-09, 1.70473557493e-09, 2.4003701804e-10, 1.25405852369e-10, 3.89415374946e-11, 4.3047874293e-12, 3.80028555283e-13],
        "min": [1.17295547584e-16, 1.44876012373e-16, 6.70271464843e-17, 5.43265293324e-17, 1.47535695827e-16, 9.78995651178e-17, 2.99697792968e-17, 7.76816629079e-17, 3.24776684913e-17, 4.9108369626e-17, 1.74791105105e-17, 1.07584243706e-17, 9.09253638367e-18, 7.42153261551e-17, 1.22810989385e-16, 1.18645149002e-16, 4.64295286686e-16, 7.38396683665e-16, 4.9150214377e-16, 1.13124193545e-15, 2.18531281666e-15, 1.2238763173e-15, 5.20443300814e-16, 1.02798830155e-15, 5.22727748673e-16, 4.14989962047e-17, 7.22952546649e-18],
        "skew": [3.18852972984, 1.61661958694, 2.69346880913, 2.82334208488, 2.71918201447, 4.83757686615, 5.57757377625, 6.13621902466, 5.15753221512, 10.4900751114, 10.8085384369, 12.9083051682, 9.20368862152, 6.34714984894, 11.0493535995, 5.20233345032, 7.23933696747, 6.91216659546, 7.36720132828, 6.07201814651, 12.7845563889, 14.4793310165, 11.8506383896, 10.2598295212, 13.6957416534, 6.04868412018, 6.79136371613],
        "var": [1.61946030371e-18, 2.59271194737e-15, 8.4238493866e-15, 5.98517817339e-14, 4.57495152872e-12, 9.44478451004e-09, 2.82269638774e-07, 4.33052438353e-09, 1.60625344137e-08, 8.7623931222e-08, 1.94657151509e-10, 2.8830757226e-10, 8.46132663934e-10, 6.43657280253e-11, 5.03596997437e-10, 2.43007142187e-10, 5.84927505737e-12, 2.43830606747e-12, 5.45058681349e-13, 2.69525048981e-12, 1.00250398261e-11, 2.20201976228e-13, 1.45074161966e-14, 6.13717510175e-16, 1.36319013397e-18, 1.70130695604e-21, 1.7242606122e-21],
        "cov": [[1.62478755365e-18, 3.28785454451e-18, 1.07384843548e-17, -1.55466131131e-17, -6.33576409381e-17, -5.12958197714e-15, 7.04983573824e-15, -2.46437523268e-15, -3.05841764979e-15, 1.28408638381e-15, 1.34432458438e-17, -6.58070431694e-16, -8.52913844068e-16, 3.00298511381e-16, 2.42541743457e-16, 4.89685999252e-16, 3.71908410512e-17, -7.17055013579e-17, -2.19583017992e-17, -1.47029500997e-16, -1.3398871409e-16, -1.63721079316e-17, -4.77724059351e-18, -1.32998027994e-18, -6.01861008091e-20, -4.51794347667e-22, -1.03899651825e-22], [3.28785454451e-18, 2.60124051036e-15, 1.29914133565e-15, 1.73333720068e-15, 1.48402594873e-14, 2.24604446912e-13, 7.01749530881e-13, 1.72393363148e-14, 3.273438378e-13, -5.71483778269e-13, 2.82467488459e-15, 4.62917769709e-14, 1.62201710261e-14, -1.72941952507e-14, 3.06710884311e-15, 1.5302578752e-15, -3.26753250854e-15, -5.11699549106e-15, -1.493987395e-15, -2.8341885469e-15, -9.42970270553e-15, -3.36952803382e-16, -1.15106682099e-16, -5.69235455836e-17, -1.65295677582e-18, 1.63775479883e-19, 1.60227262796e-19], [1.07384843548e-17, 1.29914133565e-15, 8.45155922243e-15, 4.6289105429e-15, 7.51122220791e-15, -9.27787686088e-13, -4.35190251891e-12, -2.45296540241e-13, -9.61339514938e-13, -5.65595964161e-13, -5.48154119209e-14, -8.06116512517e-14, -1.15457109476e-13, -7.48031668617e-14, -9.17050452503e-14, -1.31586337963e-13, -1.21035866673e-14, -8.03085659226e-15, -4.39212205898e-15, -8.26434376526e-15, -1.11464394369e-14, -3.88248165756e-16, -2.09123937878e-16, -8.20684333069e-17, -3.83386054363e-18, -1.35655707604e-19, -1.25636547057e-19], [-1.55466131131e-17, 1.73333720068e-15, 4.6289105429e-15, 6.00486660721e-14, 1.58786829171e-13, 1.25591843782e-12, -1.04477919372e-11, 1.814443127e-12, 7.69132912741e-13, -2.68445937137e-13, -7.06928209005e-14, -1.15916363964e-13, -2.53692656075e-13, -3.27858806727e-14, -1.84310574615e-13, 7.1769542078e-14, 3.91705338141e-14, -6.64754082807e-15, -5.01881929028e-15, -2.63049757893e-14, -1.62430273631e-14, -2.90237956959e-15, -9.11375581631e-16, -2.49745573385e-16, -1.05190730429e-17, -4.3497209793e-19, -4.0573325368e-19], [-6.33576409381e-17, 1.48402594873e-14, 7.51122220791e-15, 1.58786829171e-13, 4.59000068856e-12, 6.6546705646e-11, 4.72126678031e-11, 1.60324878373e-11, 6.47413095356e-11, 1.846212766e-11, 1.08381175128e-12, 1.46787584258e-12, 3.6643019348e-12, 4.55794364924e-13, -5.26688230789e-13, 3.88164674014e-12, 6.25949650186e-13, -4.469308021e-14, -8.07810154895e-15, -8.13332487839e-14, -1.65284520554e-13, -1.95316903791e-14, -3.48344501844e-15, -1.3442138646e-15, -3.58369465662e-18, 3.7731868457e-18, 3.61981680679e-18], [-5.12958197714e-15, 2.24604446912e-13, -9.27787686088e-13, 1.25591843782e-12, 6.6546705646e-11, 9.47585299116e-09, 1.21184982049e-08, 1.12865072843e-09, 1.60490043477e-09, 8.86019868584e-10, 1.23489010684e-10, 1.82456882936e-10, 1.86604134922e-10, 1.32570524003e-10, 2.05737787917e-10, 4.81025830279e-10, 5.06128125521e-11, 4.03470399452e-12, 4.5802771298e-12, 4.74402765335e-12, -1.22759268029e-12, -7.16579573456e-14, -3.37965976548e-14, 1.00141842383e-14, 1.52044446911e-15, 9.24338891493e-16, 9.60549549988e-16], [7.04983573824e-15, 7.01749530881e-13, -4.35190251891e-12, -1.04477919372e-11, 4.72126678031e-11, 1.21184982049e-08, 2.83198147599e-07, 1.93575644403e-08, 8.67981952979e-09, 1.60660391657e-08, 1.1549594614e-09, 3.75886566317e-09, 5.78143755092e-09, 1.57512625165e-09, 2.17467110986e-09, 3.29500049467e-09, 1.25935845086e-10, 1.70667494026e-10, 9.94406987309e-11, 1.93278601457e-10, 2.63716742888e-10, 2.14590706316e-11, 1.05391884456e-11, 2.65715292651e-12, 1.50271193601e-13, 1.29169136324e-14, 1.26744589216e-14], [-2.46437523268e-15, 1.72393363148e-14, -2.45296540241e-13, 1.814443127e-12, 1.60324878373e-11, 1.12865072843e-09, 1.93575644403e-08, 4.34476943312e-09, 3.00390379238e-09, 8.49587178386e-10, 1.19536144871e-10, 1.74411915466e-10, 3.15797110684e-10, 1.05612907308e-10, 1.57859031402e-10, 2.4647206498e-10, 1.43525582044e-11, 4.94179350219e-12, 6.25432691748e-12, 6.83688869407e-12, 6.86133832042e-12, 6.87340484008e-13, 3.34959409385e-13, 7.22280511767e-14, 5.53043904888e-15, 6.40839716904e-16, 6.31751318078e-16], [-3.05841764979e-15, 3.273438378e-13, -9.61339514938e-13, 7.69132912741e-13, 6.47413095356e-11, 1.60490043477e-09, 8.67981952979e-09, 3.00390379238e-09, 1.61153721479e-08, 2.78461897985e-09, 1.12839224076e-10, 2.74859746074e-10, 3.75837590216e-11, 1.24183149874e-10, 5.87319359813e-11, 1.72727068759e-10, 9.76022734855e-12, 1.11818150225e-11, 7.7723790945e-12, 1.44025607413e-11, 2.4135240681e-11, 1.85661490522e-13, 1.72950995431e-13, 7.95098036889e-14, 1.40940141434e-15, 4.43556293777e-16, 3.84334873539e-16], [1.28408638381e-15, -5.71483778269e-13, -5.65595964161e-13, -2.68445937137e-13, 1.846212766e-11, 8.86019868584e-10, 1.60660391657e-08, 8.49587178386e-10, 2.78461897985e-09, 8.79121628827e-08, 2.97293767382e-09, 1.14672449314e-09, 4.02202893213e-09, 1.05423669794e-09, 4.92954832509e-09, 1.47947876172e-09, 1.86710216732e-10, 3.06051073373e-10, 1.30125368814e-10, 2.51244441918e-10, 6.31813046326e-10, 1.20821810889e-10, 2.7751646467e-11, 5.57763470826e-12, 1.43702459871e-13, 3.5488611612e-15, 1.95164713146e-15], [1.34432458438e-17, 2.82467488459e-15, -5.48154119209e-14, -7.06928209005e-14, 1.08381175128e-12, 1.23489010684e-10, 1.1549594614e-09, 1.19536144871e-10, 1.12839224076e-10, 2.97293767382e-09, 1.95297472638e-10, 5.37229566389e-11, 1.96423322052e-10, 4.10630765502e-11, 3.05181019344e-10, 7.81156389573e-11, 1.29969134413e-11, 1.31006022003e-11, 6.61214962991e-12, 9.48308445659e-12, 1.33908995004e-11, 5.42030743206e-12, 1.20381710243e-12, 2.29438836636e-13, 7.34441092741e-15, 1.79070547165e-16, 9.9854530395e-17], [-6.58070431694e-16, 4.62917769709e-14, -8.06116512517e-14, -1.15916363964e-13, 1.46787584258e-12, 1.82456882936e-10, 3.75886566317e-09, 1.74411915466e-10, 2.74859746074e-10, 1.14672449314e-09, 5.37229566389e-11, 2.89255952524e-10, 9.54977694145e-11, 4.9150333109e-11, 9.75349176424e-11, 1.08696385226e-10, 9.00135087994e-12, 9.25689819936e-12, 4.85106442863e-12, 9.39922792376e-12, 1.39206120589e-11, 1.18175597346e-12, 3.32199437229e-13, 8.87928849913e-14, 2.90779973342e-15, 2.12953003255e-16, 1.77679996998e-16], [-8.52913844068e-16, 1.62201710261e-14, -1.15457109476e-13, -2.53692656075e-13, 3.6643019348e-12, 1.86604134922e-10, 5.78143755092e-09, 3.15797110684e-10, 3.75837590216e-11, 4.02202893213e-09, 1.96423322052e-10, 9.54977694145e-11, 8.48915993057e-10, 1.36365141401e-10, 3.44531875252e-10, 2.63633337383e-10, 1.57541410473e-11, 3.10270732717e-11, 1.20110935087e-11, 3.37955531615e-11, 2.72035345639e-11, 8.33101469755e-12, 2.81313362362e-12, 5.83450985008e-13, 3.05901781499e-14, 4.45563311876e-16, 2.53116579227e-16], [3.00298511381e-16, -1.72941952507e-14, -7.48031668617e-14, -3.27858806727e-14, 4.55794364924e-13, 1.32570524003e-10, 1.57512625165e-09, 1.05612907308e-10, 1.24183149874e-10, 1.05423669794e-09, 4.10630765502e-11, 4.9150333109e-11, 1.36365141401e-10, 6.4577454495e-11, 7.54584381091e-11, 9.39332778227e-11, 7.58629877667e-12, 9.06901637121e-12, 4.79381118135e-12, 8.63319832289e-12, 1.37883402612e-11, 9.99379398681e-13, 3.95122248722e-13, 1.09505903423e-13, 5.52060287878e-15, 1.31329149749e-16, 9.87884467866e-17], [2.42541743457e-16, 3.06710884311e-15, -9.17050452503e-14, -1.84310574615e-13, -5.26688230789e-13, 2.05737787917e-10, 2.17467110986e-09, 1.57859031402e-10, 5.87319359813e-11, 4.92954832509e-09, 3.05181019344e-10, 9.75349176424e-11, 3.44531875252e-10, 7.54584381091e-11, 5.05253561212e-10, 1.40857464581e-10, 1.84676978571e-11, 2.16906926448e-11, 1.0812843676e-11, 1.69041274034e-11, 2.25088905847e-11, 9.02152224452e-12, 2.03812032355e-12, 3.83414437352e-13, 1.23086194625e-14, 3.46272680431e-16, 2.16720261698e-16], [4.89685999252e-16, 1.5302578752e-15, -1.31586337963e-13, 7.1769542078e-14, 3.88164674014e-12, 4.81025830279e-10, 3.29500049467e-09, 2.4647206498e-10, 1.72727068759e-10, 1.47947876172e-09, 7.81156389573e-11, 1.08696385226e-10, 2.63633337383e-10, 9.39332778227e-11, 1.40857464581e-10, 2.4380653052e-10, 2.65168911134e-11, 1.23597330287e-11, 6.03852818443e-12, 1.15494272132e-11, 1.1026657018e-11, 1.7755663476e-12, 6.86346433246e-13, 1.58201698811e-13, 9.19738359095e-15, 2.95862043971e-16, 2.47871751218e-16], [3.71908410512e-17, -3.26753250854e-15, -1.21035866673e-14, 3.91705338141e-14, 6.25949650186e-13, 5.06128125521e-11, 1.25935845086e-10, 1.43525582044e-11, 9.76022734855e-12, 1.86710216732e-10, 1.29969134413e-11, 9.00135087994e-12, 1.57541410473e-11, 7.58629877667e-12, 1.84676978571e-11, 2.65168911134e-11, 5.86851617648e-12, 1.13663624953e-12, 6.59433607979e-13, 6.68296852319e-13, 1.01315353676e-12, 1.80692686833e-13, 3.98827801026e-14, 9.524400142e-15, 4.25546229267e-16, 2.41887513076e-17, 2.13528320606e-17], [-7.17055013579e-17, -5.11699549106e-15, -8.03085659226e-15, -6.64754082807e-15, -4.469308021e-14, 4.03470399452e-12, 1.70667494026e-10, 4.94179350219e-12, 1.11818150225e-11, 3.06051073373e-10, 1.31006022003e-11, 9.25689819936e-12, 3.10270732717e-11, 9.06901637121e-12, 2.16906926448e-11, 1.23597330287e-11, 1.13663624953e-12, 2.4463267783e-12, 9.92286331228e-13, 2.16730344609e-12, 2.76036311864e-12, 4.65187404656e-13, 1.40253314605e-13, 3.28309191085e-14, 1.37642430412e-15, 2.10146822806e-17, 1.04387529783e-17], [-2.19583017992e-17, -1.493987395e-15, -4.39212205898e-15, -5.01881929028e-15, -8.07810154895e-15, 4.5802771298e-12, 9.94406987309e-11, 6.25432691748e-12, 7.7723790945e-12, 1.30125368814e-10, 6.61214962991e-12, 4.85106442863e-12, 1.20110935087e-11, 4.79381118135e-12, 1.0812843676e-11, 6.03852818443e-12, 6.59433607979e-13, 9.92286331228e-13, 5.46851626482e-13, 9.40580079101e-13, 1.63166301217e-12, 1.71182986948e-13, 4.73555792019e-14, 1.26534270935e-14, 5.16914402737e-16, 9.3242313276e-18, 5.2086003937e-18], [-1.47029500997e-16, -2.8341885469e-15, -8.26434376526e-15, -2.63049757893e-14, -8.13332487839e-14, 4.74402765335e-12, 1.93278601457e-10, 6.83688869407e-12, 1.44025607413e-11, 2.51244441918e-10, 9.48308445659e-12, 9.39922792376e-12, 3.37955531615e-11, 8.63319832289e-12, 1.69041274034e-11, 1.15494272132e-11, 6.68296852319e-13, 2.16730344609e-12, 9.40580079101e-13, 2.70411644465e-12, 2.78203978951e-12, 4.12472817403e-13, 1.32633609499e-13, 3.03781251456e-14, 1.35645158486e-15, 2.1722020966e-17, 1.21518522987e-17], [-1.3398871409e-16, -9.42970270553e-15, -1.11464394369e-14, -1.62430273631e-14, -1.65284520554e-13, -1.22759268029e-12, 2.63716742888e-10, 6.86133832042e-12, 2.4135240681e-11, 6.31813046326e-10, 1.33908995004e-11, 1.39206120589e-11, 2.72035345639e-11, 1.37883402612e-11, 2.25088905847e-11, 1.1026657018e-11, 1.01315353676e-12, 2.76036311864e-12, 1.63166301217e-12, 2.78203978951e-12, 1.00580169193e-11, 5.99356068248e-13, 1.46271300736e-13, 4.503274381e-14, 1.22543994012e-15, 1.92236360767e-17, 7.67677871497e-18], [-1.63721079316e-17, -3.36952803382e-16, -3.88248165756e-16, -2.90237956959e-15, -1.95316903791e-14, -7.16579573456e-14, 2.14590706316e-11, 6.87340484008e-13, 1.85661490522e-13, 1.20821810889e-10, 5.42030743206e-12, 1.18175597346e-12, 8.33101469755e-12, 9.99379398681e-13, 9.02152224452e-12, 1.7755663476e-12, 1.80692686833e-13, 4.65187404656e-13, 1.71182986948e-13, 4.12472817403e-13, 5.99356068248e-13, 2.20926318147e-13, 5.29344194075e-14, 9.79741326046e-15, 3.08919162732e-16, 5.81555409433e-18, 2.69885562626e-18], [-4.77724059351e-18, -1.15106682099e-16, -2.09123937878e-16, -9.11375581631e-16, -3.48344501844e-15, -3.37965976548e-14, 1.05391884456e-11, 3.34959409385e-13, 1.72950995431e-13, 2.7751646467e-11, 1.20381710243e-12, 3.32199437229e-13, 2.81313362362e-12, 3.95122248722e-13, 2.03812032355e-12, 6.86346433246e-13, 3.98827801026e-14, 1.40253314605e-13, 4.73555792019e-14, 1.32633609499e-13, 1.46271300736e-13, 5.29344194075e-14, 1.45551380329e-14, 2.83192294552e-15, 1.12580618092e-16, 1.68498417517e-18, 7.70739391022e-19], [-1.32998027994e-18, -5.69235455836e-17, -8.20684333069e-17, -2.49745573385e-16, -1.3442138646e-15, 1.00141842383e-14, 2.65715292651e-12, 7.22280511767e-14, 7.95098036889e-14, 5.57763470826e-12, 2.29438836636e-13, 8.87928849913e-14, 5.83450985008e-13, 1.09505903423e-13, 3.83414437352e-13, 1.58201698811e-13, 9.524400142e-15, 3.28309191085e-14, 1.26534270935e-14, 3.03781251456e-14, 4.503274381e-14, 9.79741326046e-15, 2.83192294552e-15, 6.15736360265e-16, 2.54639891882e-17, 3.15574340923e-19, 1.17490717954e-19], [-6.01861008091e-20, -1.65295677582e-18, -3.83386054363e-18, -1.05190730429e-17, -3.58369465662e-18, 1.52044446911e-15, 1.50271193601e-13, 5.53043904888e-15, 1.40940141434e-15, 1.43702459871e-13, 7.34441092741e-15, 2.90779973342e-15, 3.05901781499e-14, 5.52060287878e-15, 1.23086194625e-14, 9.19738359095e-15, 4.25546229267e-16, 1.37642430412e-15, 5.16914402737e-16, 1.35645158486e-15, 1.22543994012e-15, 3.08919162732e-16, 1.12580618092e-16, 2.54639891882e-17, 1.36767438347e-18, 1.45468224862e-20, 5.81573199955e-21], [-4.51794347667e-22, 1.63775479883e-19, -1.35655707604e-19, -4.3497209793e-19, 3.7731868457e-18, 9.24338891493e-16, 1.29169136324e-14, 6.40839716904e-16, 4.43556293777e-16, 3.5488611612e-15, 1.79070547165e-16, 2.12953003255e-16, 4.45563311876e-16, 1.31329149749e-16, 3.46272680431e-16, 2.95862043971e-16, 2.41887513076e-17, 2.10146822806e-17, 9.3242313276e-18, 2.1722020966e-17, 1.92236360767e-17, 5.81555409433e-18, 1.68498417517e-18, 3.15574340923e-19, 1.45468224862e-20, 1.70690334987e-21, 1.67667652239e-21], [-1.03899651825e-22, 1.60227262796e-19, -1.25636547057e-19, -4.0573325368e-19, 3.61981680679e-18, 9.60549549988e-16, 1.26744589216e-14, 6.31751318078e-16, 3.84334873539e-16, 1.95164713146e-15, 9.9854530395e-17, 1.77679996998e-16, 2.53116579227e-16, 9.87884467866e-17, 2.16720261698e-16, 2.47871751218e-16, 2.13528320606e-17, 1.04387529783e-17, 5.2086003937e-18, 1.21518522987e-17, 7.67677871497e-18, 2.69885562626e-18, 7.70739391022e-19, 1.17490717954e-19, 5.81573199955e-21, 1.67667652239e-21, 1.72993253473e-21]]
    },
    "mfcc": {
        "kurt": [0.0389301776886, -1.12520027161, 1.90363931656, -1.03977715969, -0.880570888519, -1.29747509956, -1.07872128487, 0.0308864116669, 0.506025791168, 1.02612257004, 0.871966838837, 0.614929914474, 0.946852684021],
        "max": [-806.847351074, 174.394165039, 60.660068512, 23.4508399963, 11.2968292236, 8.13639068604, 10.0927009583, 14.8716602325, 23.3174629211, 31.4043579102, 20.8627128601, 26.357126236, 34.5564079285],
        "mean": [-1030.26757812, 96.2315750122, 17.4630661011, -12.1974687576, -22.2185134888, -21.4202880859, -18.5132408142, -12.6532049179, -2.59472370148, -2.55617547035, -5.59211301804, -1.73464119434, 1.14915013313],
        "median": [-1041.93676758, 104.492805481, 29.6618690491, -6.72690963745, -20.9021720886, -20.3123092651, -15.1778182983, -8.11493682861, -1.87041473389, -2.77305603027, -4.67700576782, -1.92079925537, -0.444984436035],
        "min": [-1138.42004395, 1.14440917969e-05, -109.936080933, -74.7851333618, -82.4190826416, -56.8192100525, -57.540473938, -65.5461578369, -27.7003250122, -24.9281845093, -38.6698188782, -21.0828094482, -26.10638237],
        "skew": [0.810347318649, -0.20425529778, -1.57226002216, -0.377286016941, -0.320238918066, -0.101690001786, -0.380763947964, -0.791383624077, -0.224728643894, 0.402840167284, -0.511826515198, 0.474931269884, 0.628386318684],
        "var": [5503.50537109, 2082.45092773, 1184.06542969, 528.602355957, 437.321868896, 300.141876221, 296.4453125, 230.730529785, 73.0372009277, 70.2789077759, 85.199760437, 60.6001281738, 83.1239700317],
        "cov": [[5521.60888672, 2877.36157227, -1825.80114746, -1413.58825684, -1227.41662598, -888.598815918, -912.933166504, -808.461425781, 47.7407684326, 103.719238281, -155.331832886, 125.230056763, 254.655532837], [2877.36157227, 2089.30126953, -433.10244751, -885.472045898, -792.892028809, -693.112976074, -672.605834961, -501.036376953, -39.8091850281, 41.6041069031, -60.8822517395, 65.5403213501, 144.042495728], [-1825.80114746, -433.10244751, 1187.96032715, 430.622344971, 228.820159912, 87.131439209, 133.789520264, 190.402801514, -104.43296814, -51.8222045898, 89.1139907837, -49.2854309082, -89.9680862427], [-1413.58825684, -885.472045898, 430.622344971, 530.341186523, 385.140899658, 295.749023438, 298.676361084, 218.720779419, -22.6821937561, -46.9621772766, 34.0128593445, -35.4671630859, -81.5048599243], [-1227.41662598, -792.892028809, 228.820159912, 385.140899658, 438.760437012, 316.332366943, 266.628936768, 210.981216431, 7.08780622482, -52.9465675354, -11.1287059784, -27.3920440674, -40.6829795837], [-888.598815918, -693.112976074, 87.131439209, 295.749023438, 316.332366943, 301.129180908, 262.998779297, 188.879730225, 23.1446170807, -34.6396179199, -14.3600511551, -33.5635986328, -38.1369972229], [-912.933166504, -672.605834961, 133.789520264, 298.676361084, 266.628936768, 262.998779297, 297.420471191, 229.649703979, 42.320980072, -24.7444515228, -5.65418434143, -42.767074585, -74.8199539185], [-808.461425781, -501.036376953, 190.402801514, 218.720779419, 210.981216431, 188.879730225, 229.649703979, 231.489517212, 55.452457428, -23.9519462585, -6.88304758072, -39.2372589111, -68.0303421021], [47.7407684326, -39.8091850281, -104.43296814, -22.6821937561, 7.08780622482, 23.1446170807, 42.320980072, 55.452457428, 73.2774505615, 26.2675056458, -13.4736089706, -6.3055472374, -15.3785705566], [103.719238281, 41.6041069031, -51.8222045898, -46.9621772766, -52.9465675354, -34.6396179199, -24.7444515228, -23.9519462585, 26.2675056458, 70.5100860596, 47.0069885254, 14.1177768707, -0.91093224287], [-155.331832886, -60.8822517395, 89.1139907837, 34.0128593445, -11.1287059784, -14.3600511551, -5.65418434143, -6.88304758072, -13.4736089706, 47.0069885254, 85.4800186157, 37.8900032043, 1.33675599098], [125.230056763, 65.5403213501, -49.2854309082, -35.4671630859, -27.3920440674, -33.5635986328, -42.767074585, -39.2372589111, -6.3055472374, 14.1177768707, 37.8900032043, 60.7994689941, 45.154838562], [254.655532837, 144.042495728, -89.9680862427, -81.5048599243, -40.6829795837, -38.1369972229, -74.8199539185, -68.0303421021, -15.3785705566, -0.91093224287, 1.33675599098, 45.154838562, 83.3973999023]]
    },
    "sccoeffs": {
        "kurt": [-0.115582942963, 1.43413305283, 0.0204029083252, 0.427122592926, 1.58971643448, 0.604814529419],
        "max": [-0.63594943285, -0.414617806673, -0.5118688941, -0.693221569061, -0.695571541786, -0.649011909962],
        "mean": [-0.794026553631, -0.790588974953, -0.803842127323, -0.858020722866, -0.864550471306, -0.826389849186],
        "median": [-0.799687862396, -0.812300920486, -0.819638133049, -0.865997374058, -0.879020690918, -0.835141837597],
        "min": [-0.983642458916, -0.970697343349, -0.95258641243, -0.950158834457, -0.948215186596, -0.939576268196],
        "skew": [0.302978992462, 1.11204123497, 0.77282756567, 0.841983020306, 1.35951423645, 0.880066394806],
        "var": [0.00316764926538, 0.00968858785927, 0.00817681103945, 0.002201348776, 0.00204099412076, 0.00220190058462],
        "cov": [[0.003178069368, 0.00185215473175, 0.00200965092517, 0.00101241702214, 0.000721571967006, 0.00105347298086], [0.00185215473175, 0.00972045771778, 0.00380288250744, 0.00266721588559, 0.00194699538406, 0.00201697577722], [0.00200965092517, 0.00380288250744, 0.0082037076354, 0.00319647672586, 0.00263079628348, 0.00311175524257], [0.00101241702214, 0.00266721588559, 0.00319647672586, 0.00220859004185, 0.00144764909055, 0.00161948893219], [0.000721571967006, 0.00194699538406, 0.00263079628348, 0.00144764909055, 0.0020477080252, 0.00168437568936], [0.00105347298086, 0.00201697577722, 0.00311175524257, 0.00161948893219, 0.00168437568936, 0.00220914371312]]
    },
    "scvalleys": {
        "kurt": [58.136844635, 5.07815074921, 12.8538246155, 8.18168067932, 10.8456926346, 13.4127998352],
        "max": [-8.87462329865, -5.80173873901, -6.94227027893, -6.79955625534, -8.51541137695, -11.1397323608],
        "mean": [-10.0534543991, -8.73046302795, -9.71107578278, -10.6366090775, -11.7900304794, -14.2502317429],
        "median": [-9.93507862091, -8.82096195221, -9.8655872345, -10.9691638947, -11.9458494186, -14.3763055801],
        "min": [-19.0574512482, -19.7963199615, -20.7782802582, -20.5465373993, -19.6905708313, -20.2774658203],
        "skew": [-6.07453680038, -0.999795496464, -1.66483724117, -0.65795814991, -0.942405223846, -0.717594146729],
        "var": [0.623286128044, 2.79322528839, 1.90500724316, 1.99066984653, 1.11013948917, 0.594077765942],
        "cov": [[0.625336408615, 0.805910825729, 0.715918660164, 0.666440725327, 0.517130196095, 0.350359648466], [0.805910825729, 2.80241346359, 2.06822419167, 1.92426073551, 1.35700953007, 0.947460353374], [0.715918660164, 2.06822419167, 1.91127371788, 1.82388627529, 1.31897568703, 0.879326045513], [0.666440725327, 1.92426073551, 1.82388627529, 1.99721813202, 1.42223370075, 0.941434562206], [0.517130196095, 1.35700953007, 1.31897568703, 1.42223370075, 1.11379122734, 0.737131953239], [0.350359648466, 0.947460353374, 0.879326045513, 0.941434562206, 0.737131953239, 0.596031963825]]
    }
},
"rhythm": {
    "beats_loudness": {
        "kurt": 2.56918239594,
        "max": 0.00327843241394,
        "mean": 0.000566167465877,
        "median": 9.71948975348e-05,
        "min": 5.67187669276e-07,
        "skew": 1.97361028194,
        "var": 9.95773007162e-07
    },
    "bpm": 89.6298599243,
    "confidence": 3.13685536385,
    "first_peak_bpm": {
        "kurt": 0,
        "max": 89,
        "mean": 89,
        "median": 89,
        "min": 89,
        "skew": 0,
        "var": 0
    },
    "first_peak_spread": {
        "kurt": 0,
        "max": 0.444444417953,
        "mean": 0.444444417953,
        "median": 0.444444417953,
        "min": 0.444444417953,
        "skew": 0,
        "var": 0
    },
    "first_peak_weight": {
        "kurt": 0,
        "max": 0.555555582047,
        "mean": 0.555555582047,
        "median": 0.555555582047,
        "min": 0.555555582047,
        "skew": 0,
        "var": 0
    },
    "onset_rate": 2.2727856636,
    "second_peak_bpm": {
        "kurt": 0,
        "max": 0,
        "mean": 0,
        "median": 0,
        "min": 0,
        "skew": 0,
        "var": 0
    },
    "second_peak_spread": {
        "kurt": 0,
        "max": 0,
        "mean": 0,
        "median": 0,
        "min": 0,
        "skew": 0,
        "var": 0
    },
    "second_peak_weight": {
        "kurt": 0,
        "max": 0,
        "mean": 0,
        "median": 0,
        "min": 0,
        "skew": 0,
        "var": 0
    },
    "beats_loudness_band_ratio": {
        "kurt": [-1.84230971336, -1.39756584167, -1.18954634666, -0.26976275444, -1.30112338066, -0.0749180316925],
        "max": [0.281667411327, 0.655809640884, 0.934131443501, 0.293014168739, 0.050567522645, 0.0236037485301],
        "mean": [0.121145412326, 0.33870267868, 0.497414261103, 0.0971079915762, 0.0214191526175, 0.00689982157201],
        "median": [0.100323200226, 0.368897378445, 0.414309203625, 0.0589806810021, 0.0160431936383, 0.0048078102991],
        "min": [7.38114977139e-05, 0.0145150497556, 0.0857079103589, 0.00356929237023, 0.000323770422256, 0.000102331548987],
        "skew": [0.125125676394, -0.126034840941, 0.398747444153, 1.01020431519, 0.487690836191, 1.09826922417],
        "var": [0.0150098372251, 0.0501909032464, 0.0810547098517, 0.00849553383887, 0.000358391000191, 5.86433634453e-05],
        "cov": [[0.016677595675, 0.0101493839175, -0.0296439267695, 0.00247866567224, 0.00201619695872, 0.000320872175507], [0.0101493839175, 0.0557676702738, -0.0591675899923, -0.00967878103256, -0.000397599680582, -0.000650193251204], [-0.0296439267695, -0.0591675899923, 0.0900607928634, 0.00192185514607, -0.00264604319818, -0.000152314009028], [0.00247866567224, -0.00967878103256, 0.00192185514607, 0.00943948142231, 0.000861632463057, 0.000730392755941], [0.00201619695872, -0.000397599680582, -0.00264604319818, 0.000861632463057, 0.000398212228902, 8.76135163708e-05], [0.000320872175507, -0.000650193251204, -0.000152314009028, 0.000730392755941, 8.76135163708e-05, 6.5159292717e-05]]
    },
    "beats_position": [0.673378646374, 1.34675729275, 2.02013611794, 2.70512461662, 3.36689329147, 4.04027223587, 4.7020406723, 5.36380958557, 6.03718805313, 6.6989569664],
    "bpm_estimates": [89.1029129028, 89.1028900146, 87.5927124023, 90.6661224365, 89.1028747559, 90.6661529541, 90.6660919189, 89.102935791, 90.6660919189],
    "bpm_intervals": [0.673378646374, 0.673378825188, 0.684988498688, 0.66176867485, 0.673378944397, 0.661768436432, 0.661768913269, 0.67337846756, 0.661768913269],
    "onset_times": [0.243809521198, 0.661768734455, 0.882358253002, 1.10294783115, 1.31192743778, 1.54412698746, 1.62539684772, 1.97369611263, 2.41487526894, 2.68190479279, 2.96054410934, 3.41333341599, 4.17959165573, 4.96907043457, 5.31736946106, 6.24616765976],
    "histogram": [[0, 0, 0, 0, 0, 0, 0, 0, 0, 0, 0, 0, 0, 0, 0, 0, 0, 0, 0, 0, 0, 0, 0, 0, 0, 0, 0, 0, 0, 0, 0, 0, 0, 0, 0, 0, 0, 0, 0, 0, 0, 0, 0, 0, 0, 0, 0, 0, 0, 0, 0, 0, 0, 0, 0, 0, 0, 0, 0, 0, 0, 0, 0, 0, 0, 0, 0, 0, 0, 0, 0, 0, 0, 0, 0, 0, 0, 0, 0, 0, 0, 0, 0, 0, 0, 0, 0, 0, 0.111111111939, 0.444444447756, 0, 0.444444447756, 0, 0, 0, 0, 0, 0, 0, 0, 0, 0, 0, 0, 0, 0, 0, 0, 0, 0, 0, 0, 0, 0, 0, 0, 0, 0, 0, 0, 0, 0, 0, 0, 0, 0, 0, 0, 0, 0, 0, 0, 0, 0, 0, 0, 0, 0, 0, 0, 0, 0, 0, 0, 0, 0, 0, 0, 0, 0, 0, 0, 0, 0, 0, 0, 0, 0, 0, 0, 0, 0, 0, 0, 0, 0, 0, 0, 0, 0, 0, 0, 0, 0, 0, 0, 0, 0, 0, 0, 0, 0, 0, 0, 0, 0, 0, 0, 0, 0, 0, 0, 0, 0, 0, 0, 0, 0, 0, 0, 0, 0, 0, 0, 0, 0, 0, 0, 0, 0, 0, 0, 0, 0, 0, 0, 0, 0, 0, 0, 0, 0, 0, 0, 0, 0, 0, 0, 0, 0, 0, 0, 0, 0, 0, 0, 0, 0, 0, 0, 0, 0, 0, 0, 0, 0, 0, 0, 0, 0]]
},
"sfx": {
    "inharmonicity": {
        "kurt": 1.01957607269,
        "max": 0.391063541174,
        "mean": 0.0772393494844,
        "median": 0.0468695983291,
        "min": 0,
        "skew": 1.23587346077,
        "var": 0.00739833153784
    },
    "oddtoevenharmonicenergyratio": {
        "kurt": 27.4940166473,
        "max": 40.8174552917,
        "mean": 2.03850674629,
        "median": 0.413232862949,
        "min": 0,
        "skew": 4.92929506302,
        "var": 29.0624866486
    },
    "pitch_after_max_to_before_max_energy_ratio": 0.238120839,
    "pitch_centroid": 160.546691895,
    "pitch_max_to_total": 0.996721327305,
    "pitch_min_to_total": 0.0229508187622,
    "tristimulus": {
        "kurt": [-1.2159705162, -0.756234645844, -0.220341444016],
        "max": [1, 0.927399516106, 0.727011859417],
        "mean": [0.428438037634, 0.385522246361, 0.186039865017],
        "median": [0.338523358107, 0.361024707556, 0.124492183328],
        "min": [0, 0, 0],
        "skew": [0.410253822803, 0.368278682232, 0.891175687313],
        "var": [0.0923454985023, 0.0551693700254, 0.0274836048484],
        "cov": [[0.0926492661238, -0.0602130442858, -0.0324361845851], [-0.0602130442858, 0.0553508512676, 0.00486218323931], [-0.0324361845851, 0.00486218323931, 0.027574012056]]
    }
},
"tonal": {
    "chords_changes_rate": 0.0849673226476,
    "chords_number_rate": 0.0522875823081,
    "chords_strength": {
        "kurt": -0.493020772934,
        "max": 0.684096515179,
        "mean": 0.453584223986,
        "median": 0.443534135818,
        "min": 0.249981582165,
        "skew": 0.336096405983,
        "var": 0.00986067578197
    },
    "key_strength": 0.378395199776,
    "tuning_diatonic_strength": 0.377744942904,
    "tuning_equal_tempered_deviation": 0.235740497708,
    "tuning_frequency": 436.708374023,
    "tuning_nontempered_energy_ratio": 0.887719273567,
    "hpcp": {
        "kurt": [0.630625486374, 0.47905755043, 1.32233762741, 3.62065982819, 1.81972503662, 1.2554101944, 4.11125040054, 12.019616127, 4.61513566971, 14.569475174, 14.2085990906, 10.1348838806, 10.3977327347, 12.4466505051, 8.97598266602, 4.97573280334, 6.43921661377, 9.23823165894, 7.94818305969, 4.89842844009, 5.44940567017, 6.02803707123, 3.17973470688, 3.78104829788, 4.43029117584, 7.99851036072, 4.35597038269, 2.36571121216, 0.736767530441, 0.00979733467102, -0.253446578979, 0.0081524848938, 1.85021018982, 3.27451324463, 1.90107250214, 0.337907314301],
        "max": [1, 1, 1, 1, 1, 1, 1, 1, 0.685962677002, 1, 1, 0.843819439411, 1, 1, 1, 1, 1, 1, 1, 1, 1, 1, 1, 1, 1, 1, 1, 1, 1, 1, 1, 1, 1, 1, 1, 1],
        "mean": [0.256910473108, 0.247507661581, 0.208950608969, 0.163787573576, 0.190776929259, 0.202604308724, 0.142855212092, 0.0978576764464, 0.0922078117728, 0.0923702120781, 0.0824338048697, 0.086540967226, 0.1023529917, 0.0929716601968, 0.102556347847, 0.139294922352, 0.141262277961, 0.120024852455, 0.128448069096, 0.154614210129, 0.150276258588, 0.142406433821, 0.152915403247, 0.176134735346, 0.163174599409, 0.125647202134, 0.150795862079, 0.203216433525, 0.238712832332, 0.270067662001, 0.282195359468, 0.245026484132, 0.190100371838, 0.163138911128, 0.196963727474, 0.250677257776],
