{
"metadata": {
    "version": {
        "essentia": "2.1-beta3"
    }
},
"lowLevel": {
    "average_loudness": 0.984365344048,
    "barkbands_kurtosis": {
        "kurt": 6.8350725174,
        "max": 15.7323322296,
        "mean": 1.53170800209,
        "median": 0.748330831528,
        "min": -1.59167850018,
        "skew": 2.18928527832,
        "var": 7.00011539459
    },
    "barkbands_skewness": {
        "kurt": 0.195875406265,
        "max": 3.27040982246,
        "mean": 0.802166759968,
        "median": 0.766937255859,
        "min": -1.00010406971,
        "skew": 0.45105355978,
        "var": 0.605296492577
    },
    "barkbands_spread": {
        "kurt": 10.5579452515,
        "max": 74.2432632446,
        "mean": 14.4212198257,
        "median": 12.6995172501,
        "min": 1.69812858105,
        "skew": 2.69962382317,
        "var": 128.172225952
    },
    "dissonance": {
        "kurt": 9.5143289566,
        "max": 0.499664366245,
        "mean": 0.459813416004,
        "median": 0.47379219532,
        "min": 0.252851009369,
        "skew": -2.72294735909,
        "var": 0.00172427250072
    },
    "hfc": {
        "kurt": 11.0490055084,
        "max": 572.893920898,
        "mean": 33.3575706482,
        "median": 0.00242763804272,
        "min": 2.8544005545e-05,
        "skew": 3.37344551086,
        "var": 10210.5898438
    },
    "pitch": {
        "kurt": 1.50499773026,
        "max": 1605.72900391,
        "mean": 447.68762207,
        "median": 522.735839844,
        "min": 88.072517395,
        "skew": 0.994808018208,
        "var": 86863.3359375
    },
    "pitch_instantaneous_confidence": {
        "kurt": -0.644376039505,
        "max": 0.863573670387,
        "mean": 0.427203476429,
        "median": 0.368839800358,
        "min": 0.152230024338,
        "skew": 0.700326859951,
        "var": 0.0328876934946
    },
    "pitch_salience": {
        "kurt": -0.203830480576,
        "max": 0.832836329937,
        "mean": 0.666062712669,
        "median": 0.685016691685,
        "min": 0.413322627544,
        "skew": -0.535076022148,
        "var": 0.00782836787403
    },
    "silence_rate_20dB": {
        "kurt": 116.008163452,
        "max": 1,
        "mean": 0.991735517979,
        "median": 1,
        "min": 0,
        "skew": -10.8631839752,
        "var": 0.00819616485387
    },
    "silence_rate_30dB": {
        "kurt": 5.19343566895,
        "max": 1,
        "mean": 0.900826454163,
        "median": 1,
        "min": 0,
        "skew": -2.68205499649,
        "var": 0.0893381237984
    },
    "silence_rate_60dB": {
        "kurt": 0.72222161293,
        "max": 1,
        "mean": 0.818181812763,
        "median": 1,
        "min": 0,
        "skew": -1.64991676807,
        "var": 0.148760393262
    },
    "spectral_centroid": {
        "kurt": 5.34046554565,
        "max": 3249.53710938,
        "mean": 960.494018555,
        "median": 899.615539551,
        "min": 293.857269287,
        "skew": 1.59243535995,
        "var": 208501.765625
    },
    "spectral_complexity": {
        "kurt": 4.67576408386,
        "max": 55,
        "mean": 6.14049577713,
        "median": 0,
        "min": 0,
        "skew": 2.45287799835,
        "var": 206.533966064
    },
    "spectral_crest": {
        "kurt": 0.0602385997772,
        "max": 19.0259246826,
        "mean": 8.92843723297,
        "median": 8.11516666412,
        "min": 3.76299333572,
        "skew": 0.905450165272,
        "var": 12.1462287903
    },
    "spectral_decrease": {
        "kurt": 9.41652679443,
        "max": -1.15263938531e-14,
        "mean": -5.85887072191e-09,
        "median": -5.98251537285e-13,
        "min": -8.17090608507e-08,
        "skew": -3.19733858109,
        "var": 2.94209006234e-16
    },
    "spectral_energy": {
        "kurt": 9.41988182068,
        "max": 0.359599143267,
        "mean": 0.0251383390278,
        "median": 2.57021883954e-06,
        "min": 4.60922002787e-08,
        "skew": 3.19947266579,
        "var": 0.00544242979959
    },
    "spectral_energyband_high": {
        "kurt": 51.7343521118,
        "max": 0.0194384772331,
        "mean": 0.000465811521281,
        "median": 2.66313584518e-08,
        "min": 1.36828548492e-10,
        "skew": 6.76231145859,
        "var": 4.58793238067e-06
    },
    "spectral_energyband_low": {
        "kurt": 67.7430038452,
        "max": 0.000989300198853,
        "mean": 2.16495282075e-05,
        "median": 5.56104673421e-08,
        "min": 1.02326280782e-08,
        "skew": 7.8023686409,
        "var": 1.02630188792e-08
    },
    "spectral_energyband_middle_high": {
        "kurt": 10.1129217148,
        "max": 0.244162231684,
        "mean": 0.015048192814,
        "median": 6.78806827636e-07,
        "min": 4.43462555566e-09,
        "skew": 3.25920128822,
        "var": 0.00199512927793
    },
    "spectral_energyband_middle_low": {
        "kurt": 22.7923851013,
        "max": 0.242193982005,
        "mean": 0.00968190468848,
        "median": 1.23331392388e-06,
        "min": 2.27172094469e-08,
        "skew": 4.63092041016,
        "var": 0.00118789682165
    },
    "spectral_flatness_db": {
        "kurt": -0.993650913239,
        "max": 0.361896157265,
        "mean": 0.191477671266,
        "median": 0.163875862956,
        "min": 0.0776340812445,
        "skew": 0.493437826633,
        "var": 0.00536065548658
    },
    "spectral_flux": {
        "kurt": 2.92666006088,
        "max": 0.472770273685,
        "mean": 0.0578399971128,
        "median": 0.00150994944852,
        "min": 0.000162709809956,
        "skew": 2.11283779144,
        "var": 0.0154971508309
    },
    "spectral_kurtosis": {
        "kurt": 7.24765300751,
        "max": 67.040802002,
        "mean": 12.6117954254,
        "median": 9.32476806641,
        "min": -1.15470707417,
        "skew": 2.41440963745,
        "var": 123.764404297
    },
    "spectral_rms": {
        "kurt": 5.02028942108,
        "max": 0.0187304150313,
        "mean": 0.00194293330424,
        "median": 5.00752503285e-05,
        "min": 6.70581857776e-06,
        "skew": 2.51036310196,
        "var": 2.07502216654e-05
    },
    "spectral_rolloff": {
        "kurt": 22.1112480164,
        "max": 9237.74414062,
        "mean": 1582.4239502,
        "median": 1378.125,
        "min": 301.46484375,
        "skew": 4.30186605453,
        "var": 1495507.625
    },
    "spectral_skewness": {
        "kurt": 1.72684717178,
        "max": 6.37571954727,
        "mean": 2.74536061287,
        "median": 2.5276556015,
        "min": 0.37355157733,
        "skew": 1.1821167469,
        "var": 1.09939694405
    },
    "spectral_spread": {
        "kurt": 4.32438278198,
        "max": 16224038,
        "mean": 4431311.5,
        "median": 3535300,
        "min": 1202315.375,
        "skew": 1.84500336647,
        "var": 7.19560323891e+12
    },
    "spectral_strongpeak": {
        "kurt": 12.8801908493,
        "max": 10.60060215,
        "mean": 0.636853456497,
        "median": 0.0106447897851,
        "min": 0,
        "skew": 3.54775738716,
        "var": 3.06543898582
    },
    "zerocrossingrate": {
        "kurt": 2.53130865097,
        "max": 0.134765625,
        "mean": 0.0540176257491,
        "median": 0.05224609375,
        "min": 0.00439453125,
        "skew": 0.985505759716,
        "var": 0.000426986487582
    },
    "barkbands": {
        "kurt": [66.3802642822, 60.6926422119, 47.3789405823, 103.044441223, 31.1325492859, 17.8843307495, 69.7601013184, 45.9550437927, 25.8910179138, 22.7777080536, 44.3680343628, 53.4993400574, 29.0817337036, 51.8058509827, 18.7223758698, 20.647233963, 27.7080917358, 26.4073047638, 28.2745933533, 55.4320869446, 24.0522232056, 43.959564209, 63.0708236694, 32.0648460388, 57.2948417664, 24.0552635193, 27.7991542816],
        "max": [2.39425503423e-06, 0.000215958309127, 0.000340706377756, 0.00103964365553, 0.000809501274489, 0.00100433733314, 0.00736086443067, 0.0702110081911, 0.207308486104, 0.00400817487389, 0.0163103658706, 0.163946986198, 0.0762746557593, 0.0908340811729, 0.0477364324033, 0.0299421977252, 0.0172146763653, 0.0110240746289, 0.0191884227097, 0.0269561354071, 0.00507255876437, 0.00118832546286, 0.000209559730138, 5.24432944076e-05, 1.6145500922e-05, 3.38145866863e-07, 2.57326178144e-08],
        "mean": [4.48332855285e-08, 4.06876188208e-06, 8.93812830327e-06, 1.61791886057e-05, 2.79246341961e-05, 5.09803467139e-05, 0.000162616357557, 0.00187081890181, 0.00749556161463, 0.000169279781403, 0.000486579810968, 0.00434683728963, 0.00264280848205, 0.00212857406586, 0.00212957430631, 0.00123493757565, 0.000557627354283, 0.00037794598029, 0.00061754923081, 0.000587218964938, 0.000182866700925, 3.26332556142e-05, 4.61508261651e-06, 1.7854562202e-06, 3.87278817016e-07, 1.28064945315e-08, 9.45323375134e-10],
        "median": [8.09333045027e-10, 1.05521955618e-08, 3.30901883672e-08, 1.88183406635e-08, 8.50542036801e-08, 4.27977084883e-08, 8.91222953214e-08, 1.47818965957e-07, 2.62287727537e-07, 2.59358863275e-08, 7.07638747599e-08, 2.50448806582e-07, 8.66616858275e-08, 6.00128231554e-08, 4.46918164698e-08, 7.54509414946e-08, 3.28117337745e-08, 1.30800126286e-08, 6.81382106293e-09, 4.40502878618e-09, 7.30673566096e-09, 3.07929481913e-09, 4.75215145013e-10, 2.25166929546e-09, 1.49472670352e-10, 1.04014305849e-11, 8.67865891999e-13],
        "min": [1.80171415981e-12, 9.73791824954e-10, 1.90053217608e-09, 3.34590133377e-10, 2.50385667755e-09, 1.13872522522e-09, 2.82053241873e-10, 2.82721468459e-09, 6.76353750784e-10, 3.65299485106e-10, 1.90683760448e-10, 1.46323703154e-10, 2.27539292963e-10, 1.06193207006e-10, 1.18688336936e-10, 1.29468685772e-10, 8.0883667819e-11, 1.60532226401e-10, 2.15622849437e-11, 1.97488154302e-11, 8.77339242922e-11, 2.97085966938e-11, 4.8159371456e-12, 4.44811331865e-12, 3.37258606459e-12, 1.18445422741e-12, 3.12718872065e-14],
        "skew": [7.82784414291, 7.49296522141, 6.63151359558, 9.99241638184, 5.17975473404, 4.12066745758, 7.87240839005, 6.33041715622, 5.02441310883, 4.37909555435, 6.19058895111, 6.74163007736, 5.30632781982, 6.95687532425, 4.23141431808, 4.3099770546, 5.06410121918, 5.00017023087, 5.11145973206, 7.07122850418, 4.88568687439, 6.26016139984, 7.44667053223, 5.33366727829, 7.02909612656, 4.60959100723, 4.98311853409],
        "var": [6.16394820385e-14, 5.30850363667e-10, 1.55050972062e-09, 9.2486320824e-09, 1.01864605639e-08, 2.45399771615e-08, 5.57379280508e-07, 6.30814174656e-05, 0.00086911622202, 2.87904327934e-07, 3.48624848812e-06, 0.000313574186293, 0.000117793286336, 0.000104777842353, 5.55335718673e-05, 1.79109501914e-05, 5.16072759638e-06, 2.32334764405e-06, 6.58967655909e-06, 8.58146268001e-06, 5.51882635591e-07, 1.91267570671e-08, 4.76000405758e-10, 4.35549409039e-11, 2.95419136202e-12, 2.07374333092e-15, 1.1435444405e-17],
        "cov": [[6.21531499228e-14, 5.29699244536e-12, 5.39913339731e-12, 4.59989511759e-12, 1.95864435781e-11, 1.23509006841e-11, 9.34468127878e-12, 9.39697875069e-10, 6.40543218466e-09, 1.56754435821e-11, 2.10339471535e-11, 1.34013200537e-09, 1.00497510314e-09, 2.06146336112e-10, 7.86128995234e-10, 4.04335925852e-10, 4.90590068569e-10, 2.79712614182e-10, 4.1554215624e-10, 4.21745888213e-10, 1.00679083126e-10, 2.20396166595e-11, 3.09133708215e-12, 7.51238210094e-13, 2.43322831502e-13, 7.96074936928e-15, 5.483369428e-16], [5.29699244536e-12, 5.3527410282e-10, 6.29696295107e-10, 1.10277720289e-09, 1.96275440345e-09, 1.27263966032e-09, 6.33818997287e-10, 7.74927784164e-08, 6.29699911769e-07, 1.67682179253e-09, 2.59487031862e-09, 1.09902238421e-07, 8.98266634408e-08, 1.78533738904e-08, 6.71226416671e-08, 3.15290584751e-08, 4.45681394012e-08, 2.36861215086e-08, 3.36881811336e-08, 2.97820950124e-08, 7.3418986446e-09, 1.57708279769e-09, 2.04792266478e-10, 5.01570139588e-11, 1.78703423587e-11, 6.40241928484e-13, 4.012730835e-14], [5.39913339731e-12, 6.29696295107e-10, 1.5634306072e-09, 3.25798166223e-09, 2.65692157164e-09, 1.80087167401e-09, 2.36157271516e-09, 7.52391287051e-08, 9.54128722697e-07, 5.1278545854e-09, 7.61774110458e-09, 2.13494359969e-07, 1.68733222949e-07, 6.95467576861e-08, 1.52506757445e-07, 1.01703300004e-07, 5.26413010959e-08, 4.37050147184e-08, 6.95818087593e-08, 7.47941797385e-08, 1.51392729464e-08, 3.46738460166e-09, 5.37960287428e-10, 1.38215189294e-10, 4.78698712614e-11, 1.26216073183e-12, 7.61325478029e-14], [4.59989511759e-12, 1.10277720289e-09, 3.25798166223e-09, 9.32570376477e-09, 4.42852599036e-09, 3.47024653458e-09, 2.25840901535e-09, 5.6361173506e-08, 1.64389393831e-06, 8.72783445516e-09, 1.55793991041e-08, 1.94666640141e-07, 3.13970161869e-07, 1.31745110821e-07, 2.34788700482e-07, 1.39782045494e-07, 6.77682479022e-08, 5.35695932058e-08, 9.01234358253e-08, 7.18272445965e-08, 1.25743326862e-08, 3.36916561317e-09, 4.32769015069e-10, 1.23665619411e-10, 5.5581966113e-11, 1.53144023071e-12, 6.26006340407e-14], [1.95864435781e-11, 1.96275440345e-09, 2.65692157164e-09, 4.42852599036e-09, 1.02713482164e-08, 7.35452987399e-09, 9.12982933698e-09, 3.13979512612e-07, 2.51310871136e-06, 1.78884906887e-08, 3.12026742222e-08, 8.99228041362e-07, 4.96228324209e-07, 3.1849771176e-07, 4.89257956815e-07, 2.20659686079e-07, 1.7847065692e-07, 1.14877870772e-07, 1.54538113861e-07, 1.36886043833e-07, 4.47135484194e-08, 7.19635817603e-09, 1.09659714642e-09, 3.29353405659e-10, 8.82384373901e-11, 3.2511727685e-12, 2.01449994923e-13], [1.23509006841e-11, 1.27263966032e-09, 1.80087167401e-09, 3.47024653458e-09, 7.35452987399e-09, 2.47444766899e-08, 6.43865263328e-08, 4.20629362452e-07, 1.97999452212e-06, 4.01552959772e-08, 1.14641480309e-07, 1.41867587899e-06, 7.70989572629e-07, 1.79850275117e-07, 3.66554758102e-07, 2.64249223392e-07, 1.35255078249e-07, 1.0872806655e-07, 1.59730163318e-07, 1.2210509226e-07, 3.97605965929e-08, 7.18687376278e-09, 9.11158870576e-10, 2.90653640045e-10, 7.85014206417e-11, 3.0633952406e-12, 2.67346230874e-13], [9.34468127878e-12, 6.33818997287e-10, 2.36157271516e-09, 2.25840901535e-09, 9.12982933698e-09, 6.43865263328e-08, 5.62024126793e-07, 1.36594383093e-06, 2.83698341264e-06, 3.29953110167e-07, 1.12987129341e-06, 2.85534088107e-06, 6.84093379277e-07, 3.86626680893e-07, 9.60940496952e-07, 1.27386294935e-06, 2.04372540225e-07, 1.78762704195e-07, 2.19053646333e-07, 2.49319043633e-07, 7.44668184893e-08, 1.17194689508e-08, 2.02673122729e-09, 6.77413458661e-10, 1.48423717761e-10, 4.96015338178e-12, 4.95903936405e-13], [9.39697875069e-10, 7.74927784164e-08, 7.52391287051e-08, 5.6361173506e-08, 3.13979512612e-07, 4.20629362452e-07, 1.36594383093e-06, 6.36070981272e-05, 0.000114779759315, 1.27233829517e-06, 2.27478381021e-06, 4.51297564723e-05, 2.0991466954e-05, 6.44590409138e-06, 2.89659947157e-05, 1.78476384463e-05, 1.35708114612e-05, 5.24461211171e-06, 7.8645607573e-06, 7.41477424526e-06, 1.97964027393e-06, 4.20816405722e-07, 5.55735866214e-08, 1.60733915067e-08, 4.56167148499e-09, 1.65894700754e-10, 1.12430308119e-11], [6.40543218466e-09, 6.29699911769e-07, 9.54128722697e-07, 1.64389393831e-06, 2.51310871136e-06, 1.97999452212e-06, 2.83698341264e-06, 0.000114779759315, 0.000876358826645, 4.42505961473e-06, 7.79537094786e-06, 0.000196359032998, 0.000190032209503, 5.30132601853e-05, 0.0001305056212, 7.48441161704e-05, 5.85075613344e-05, 3.66809399566e-05, 6.09091403021e-05, 5.91893185629e-05, 1.43674487845e-05, 3.04663672068e-06, 4.21307078113e-07, 1.13244183808e-07, 3.61714533881e-08, 1.11769027367e-09, 7.43483261068e-11], [1.56754435821e-11, 1.67682179253e-09, 5.1278545854e-09, 8.72783445516e-09, 1.78884906887e-08, 4.01552959772e-08, 3.29953110167e-07, 1.27233829517e-06, 4.42505961473e-06, 2.90303518113e-07, 8.08015613529e-07, 3.60813646694e-06, 1.3450987808e-06, 1.05072433598e-06, 1.60179229169e-06, 1.31228921418e-06, 3.35033035981e-07, 2.67781331331e-07, 3.788100571e-07, 4.06076310355e-07, 1.35758511988e-07, 1.84707911188e-08, 3.31235061601e-09, 1.17794429766e-09, 2.52635357079e-10, 8.00150744273e-12, 5.89615704351e-13], [2.10339471535e-11, 2.59487031862e-09, 7.61774110458e-09, 1.55793991041e-08, 3.12026742222e-08, 1.14641480309e-07, 1.12987129341e-06, 2.27478381021e-06, 7.79537094786e-06, 8.08015613529e-07, 3.51530047737e-06, 1.16349365271e-05, 4.02620298701e-06, 5.22860500496e-06, 3.63365779776e-06, 3.18601064464e-06, 5.95876883835e-07, 4.97472910865e-07, 6.53496670111e-07, 6.5806875682e-07, 2.90147568194e-07, 3.38816121825e-08, 5.72994185433e-09, 3.45714235017e-09, 4.56817139671e-10, 1.60373849617e-11, 1.13932105937e-12], [1.34013200537e-09, 1.09902238421e-07, 2.13494359969e-07, 1.94666640141e-07, 8.99228041362e-07, 1.41867587899e-06, 2.85534088107e-06, 4.51297564723e-05, 0.000196359032998, 3.60813646694e-06, 1.16349365271e-05, 0.000316187302815, 7.87383105489e-05, 4.48509017588e-05, 5.53593745281e-05, 3.97526273446e-05, 2.12420254684e-05, 1.99205460376e-05, 2.56828552665e-05, 2.83105928247e-05, 8.50623837323e-06, 1.23173060729e-06, 2.10558852132e-07, 5.95007350057e-08, 1.42953098248e-08, 4.78595330033e-10, 3.89682799917e-11], [1.00497510314e-09, 8.98266634408e-08, 1.68733222949e-07, 3.13970161869e-07, 4.96228324209e-07, 7.70989572629e-07, 6.84093379277e-07, 2.0991466954e-05, 0.000190032209503, 1.3450987808e-06, 4.02620298701e-06, 7.87383105489e-05, 0.000118774900329, 3.2541960536e-05, 4.82139766973e-05, 2.75608526863e-05, 1.13490032163e-05, 9.57747306529e-06, 2.23313927563e-05, 1.9005181457e-05, 5.66761400478e-06, 1.09087181954e-06, 1.38614268508e-07, 4.7071459619e-08, 1.25334178591e-08, 3.73834907474e-10, 2.68583610213e-11], [2.06146336112e-10, 1.78533738904e-08, 6.95467576861e-08, 1.31745110821e-07, 3.1849771176e-07, 1.79850275117e-07, 3.86626680893e-07, 6.44590409138e-06, 5.30132601853e-05, 1.05072433598e-06, 5.22860500496e-06, 4.48509017588e-05, 3.2541960536e-05, 0.000105650993646, 4.2879335524e-05, 1.31878541652e-05, 3.44763611793e-06, 2.93921448247e-06, 4.6165346248e-06, 4.16525153923e-06, 2.58345312432e-06, 3.20123149322e-07, 4.49036861028e-08, 3.74763367006e-08, 3.97219590553e-09, 1.47942921802e-10, 7.65164147321e-12], [7.86128995234e-10, 6.71226416671e-08, 1.52506757445e-07, 2.34788700482e-07, 4.89257956815e-07, 3.66554758102e-07, 9.60940496952e-07, 2.89659947157e-05, 0.0001305056212, 1.60179229169e-06, 3.63365779776e-06, 5.53593745281e-05, 4.82139766973e-05, 4.2879335524e-05, 5.59963518754e-05, 2.58225663856e-05, 1.038398932e-05, 7.0982946454e-06, 1.24261341625e-05, 1.27405428429e-05, 4.12791769122e-06, 6.70538327086e-07, 1.02601497076e-07, 3.49354181139e-08, 8.28936119746e-09, 2.624730433e-10, 1.59099799307e-11], [4.04335925852e-10, 3.15290584751e-08, 1.01703300004e-07, 1.39782045494e-07, 2.20659686079e-07, 2.64249223392e-07, 1.27386294935e-06, 1.78476384463e-05, 7.48441161704e-05, 1.31228921418e-06, 3.18601064464e-06, 3.97526273446e-05, 2.75608526863e-05, 1.31878541652e-05, 2.58225663856e-05, 1.80602073669e-05, 5.92823471379e-06, 4.98012968819e-06, 8.72713462741e-06, 1.00008501249e-05, 2.6366237762e-06, 4.68657191277e-07, 7.73427117906e-08, 2.33485550893e-08, 6.21613205354e-09, 1.63056471103e-10, 1.14106866317e-11], [4.90590068569e-10, 4.45681394012e-08, 5.26413010959e-08, 6.77682479022e-08, 1.7847065692e-07, 1.35255078249e-07, 2.04372540225e-07, 1.35708114612e-05, 5.85075613344e-05, 3.35033035981e-07, 5.95876883835e-07, 2.12420254684e-05, 1.13490032163e-05, 3.44763611793e-06, 1.038398932e-05, 5.92823471379e-06, 5.20373396284e-06, 2.83189092443e-06, 4.20155402026e-06, 4.21268077844e-06, 1.11331621611e-06, 2.10340047602e-07, 2.99798657011e-08, 7.92103360681e-09, 2.37381359014e-09, 7.95018911814e-11, 5.45759531317e-12], [2.79712614182e-10, 2.36861215086e-08, 4.37050147184e-08, 5.35695932058e-08, 1.14877870772e-07, 1.0872806655e-07, 1.78762704195e-07, 5.24461211171e-06, 3.66809399566e-05, 2.67781331331e-07, 4.97472910865e-07, 1.99205460376e-05, 9.57747306529e-06, 2.93921448247e-06, 7.0982946454e-06, 4.98012968819e-06, 2.83189092443e-06, 2.34270896726e-06, 3.60197168447e-06, 4.02878049499e-06, 9.92212108031e-07, 1.86646076372e-07, 2.97906534996e-08, 7.73139063881e-09, 2.29686158981e-09, 6.51689952003e-11, 4.74961563135e-12], [4.1554215624e-10, 3.36881811336e-08, 6.95818087593e-08, 9.01234358253e-08, 1.54538113861e-07, 1.59730163318e-07, 2.19053646333e-07, 7.8645607573e-06, 6.09091403021e-05, 3.788100571e-07, 6.53496670111e-07, 2.56828552665e-05, 2.23313927563e-05, 4.6165346248e-06, 1.24261341625e-05, 8.72713462741e-06, 4.20155402026e-06, 3.60197168447e-06, 6.64459093969e-06, 7.15013993613e-06, 1.72828231371e-06, 3.48689241036e-07, 5.20629654943e-08, 1.40069449373e-08, 4.22049906135e-09, 1.14284776087e-10, 8.36708567015e-12], [4.21745888213e-10, 2.97820950124e-08, 7.47941797385e-08, 7.18272445965e-08, 1.36886043833e-07, 1.2210509226e-07, 2.49319043633e-07, 7.41477424526e-06, 5.91893185629e-05, 4.06076310355e-07, 6.5806875682e-07, 2.83105928247e-05, 1.9005181457e-05, 4.16525153923e-06, 1.27405428429e-05, 1.00008501249e-05, 4.21268077844e-06, 4.02878049499e-06, 7.15013993613e-06, 8.65297533892e-06, 1.98300722332e-06, 3.96152358917e-07, 6.34527310694e-08, 1.64552709236e-08, 4.91562168747e-09, 1.23731483392e-10, 9.34106177825e-12], [1.00679083126e-10, 7.3418986446e-09, 1.51392729464e-08, 1.25743326862e-08, 4.47135484194e-08, 3.97605965929e-08, 7.44668184893e-08, 1.97964027393e-06, 1.43674487845e-05, 1.35758511988e-07, 2.90147568194e-07, 8.50623837323e-06, 5.66761400478e-06, 2.58345312432e-06, 4.12791769122e-06, 2.6366237762e-06, 1.11331621611e-06, 9.92212108031e-07, 1.72828231371e-06, 1.98300722332e-06, 5.56481666081e-07, 9.28511099119e-08, 1.4971581308e-08, 4.45951320316e-09, 1.1377897513e-09, 3.15409226515e-11, 2.34357693842e-12], [2.20396166595e-11, 1.57708279769e-09, 3.46738460166e-09, 3.36916561317e-09, 7.19635817603e-09, 7.18687376278e-09, 1.17194689508e-08, 4.20816405722e-07, 3.04663672068e-06, 1.84707911188e-08, 3.38816121825e-08, 1.23173060729e-06, 1.09087181954e-06, 3.20123149322e-07, 6.70538327086e-07, 4.68657191277e-07, 2.10340047602e-07, 1.86646076372e-07, 3.48689241036e-07, 3.96152358917e-07, 9.28511099119e-08, 1.92861460135e-08, 2.92562174486e-09, 7.95618182448e-10, 2.33121133508e-10, 6.1128944788e-12, 4.51471677968e-13], [3.09133708215e-12, 2.04792266478e-10, 5.37960287428e-10, 4.32769015069e-10, 1.09659714642e-09, 9.11158870576e-10, 2.02673122729e-09, 5.55735866214e-08, 4.21307078113e-07, 3.31235061601e-09, 5.72994185433e-09, 2.10558852132e-07, 1.38614268508e-07, 4.49036861028e-08, 1.02601497076e-07, 7.73427117906e-08, 2.99798657011e-08, 2.97906534996e-08, 5.20629654943e-08, 6.34527310694e-08, 1.4971581308e-08, 2.92562174486e-09, 4.79967066092e-10, 1.29194058229e-10, 3.69890611196e-11, 9.30126743855e-13, 6.91494048979e-14], [7.51238210094e-13, 5.01570139588e-11, 1.38215189294e-10, 1.23665619411e-10, 3.29353405659e-10, 2.90653640045e-10, 6.77413458661e-10, 1.60733915067e-08, 1.13244183808e-07, 1.17794429766e-09, 3.45714235017e-09, 5.95007350057e-08, 4.7071459619e-08, 3.74763367006e-08, 3.49354181139e-08, 2.33485550893e-08, 7.92103360681e-09, 7.73139063881e-09, 1.40069449373e-08, 1.64552709236e-08, 4.45951320316e-09, 7.95618182448e-10, 1.29194058229e-10, 4.39179005662e-11, 1.02695230791e-11, 2.63931942707e-13, 1.91219652959e-14], [2.43322831502e-13, 1.78703423587e-11, 4.78698712614e-11, 5.5581966113e-11, 8.82384373901e-11, 7.85014206417e-11, 1.48423717761e-10, 4.56167148499e-09, 3.61714533881e-08, 2.52635357079e-10, 4.56817139671e-10, 1.42953098248e-08, 1.25334178591e-08, 3.97219590553e-09, 8.28936119746e-09, 6.21613205354e-09, 2.37381359014e-09, 2.29686158981e-09, 4.22049906135e-09, 4.91562168747e-09, 1.1377897513e-09, 2.33121133508e-10, 3.69890611196e-11, 1.02695230791e-11, 2.97880947339e-12, 7.43906414876e-14, 5.38008731261e-15], [7.96074936928e-15, 6.40241928484e-13, 1.26216073183e-12, 1.53144023071e-12, 3.2511727685e-12, 3.0633952406e-12, 4.96015338178e-12, 1.65894700754e-10, 1.11769027367e-09, 8.00150744273e-12, 1.60373849617e-11, 4.78595330033e-10, 3.73834907474e-10, 1.47942921802e-10, 2.624730433e-10, 1.63056471103e-10, 7.95018911814e-11, 6.51689952003e-11, 1.14284776087e-10, 1.23731483392e-10, 3.15409226515e-11, 6.1128944788e-12, 9.30126743855e-13, 2.63931942707e-13, 7.43906414876e-14, 2.09102470887e-15, 1.48058315155e-16], [5.483369428e-16, 4.012730835e-14, 7.61325478029e-14, 6.26006340407e-14, 2.01449994923e-13, 2.67346230874e-13, 4.95903936405e-13, 1.12430308119e-11, 7.43483261068e-11, 5.89615704351e-13, 1.13932105937e-12, 3.89682799917e-11, 2.68583610213e-11, 7.65164147321e-12, 1.59099799307e-11, 1.14106866317e-11, 5.45759531317e-12, 4.74961563135e-12, 8.36708567015e-12, 9.34106177825e-12, 2.34357693842e-12, 4.51471677968e-13, 6.91494048979e-14, 1.91219652959e-14, 5.38008731261e-15, 1.48058315155e-16, 1.15307397475e-17]]
    },
    "mfcc": {
        "kurt": [0.848836183548, -0.859674453735, -0.0310385227203, -0.480662822723, -0.295558691025, 1.73363828659, 2.40739822388, -0.288724422455, 0.891783952713, 0.925471305847, 1.27339887619, 0.0381240844727, 1.23497581482],
        "max": [-497.62802124, 195.271148682, 59.049533844, 23.8219566345, 26.8287849426, 23.3303604126, 17.1523323059, 9.58036994934, 23.6244697571, 23.409614563, 28.8354606628, 30.5177059174, 15.9494056702],
        "mean": [-987.39050293, 72.035484314, -20.2344493866, -16.0613498688, -12.6992464066, -1.16285669804, -7.56115245819, -8.36414051056, -2.06403112411, -1.506483078, -0.423975050449, 3.55593705177, -2.29882264137],
        "median": [-1058.59558105, 59.4673080444, 4.16702270508, -9.9575920105, -6.02398681641, 0.520027160645, -2.5714225769, -4.39797973633, -1.67908477783, -1.56864929199, -0.825061798096, 1.29624176025, -1.82707214355],
        "min": [-1134.35437012, 5.40504074097, -153.481460571, -91.6676559448, -77.3845977783, -42.4302330017, -63.3591308594, -41.6581420898, -25.3614349365, -33.2922973633, -36.9238166809, -12.830291748, -28.5746307373],
        "skew": [1.45657515526, 0.528634548187, -1.09272921085, -0.752430021763, -0.856525182724, -0.996052384377, -1.51712942123, -0.791388690472, -0.102549321949, -0.0677563026547, 0.0557859018445, 0.682412326336, -0.906782150269],
        "var": [32559.0625, 2529.20263672, 2881.88671875, 750.604492188, 526.521362305, 130.303726196, 217.168075562, 116.605491638, 71.7437133789, 103.316123962, 105.617164612, 65.8363342285, 76.3633117676],
        "cov": [[32830.3867188, 5854.21582031, -8768.80273438, -1604.37719727, -3413.89892578, -680.287231445, -1105.9197998, -1000.81677246, 244.095840454, 566.648376465, 161.714508057, 405.415863037, -613.694580078], [5854.21582031, 2550.27954102, -1255.61914062, -831.307800293, -727.642272949, -301.90536499, -524.938537598, -394.020385742, -36.4142036438, -113.946899414, -101.057289124, 54.228225708, -127.057014465], [-8768.80273438, -1255.61914062, 2905.90234375, 740.511169434, 1052.50512695, 153.071578979, 317.598693848, 282.956329346, -145.524108887, -200.247039795, -89.4538421631, -160.907089233, 188.42376709], [-1604.37719727, -831.307800293, 740.511169434, 756.85949707, 402.419586182, 80.9909210205, 220.903015137, 183.345352173, -27.2213401794, 12.3877868652, -6.57403230667, -75.2820892334, 66.4028625488], [-3413.89892578, -727.642272949, 1052.50512695, 402.419586182, 530.909057617, 118.003181458, 168.023101807, 143.304107666, -34.4227218628, -41.5371894836, -30.0892276764, -76.0243148804, 84.0276412964], [-680.287231445, -301.90536499, 153.071578979, 80.9909210205, 118.003181458, 131.389587402, 123.235404968, 36.8245201111, -16.0245609283, 24.8267402649, 33.744228363, -14.0418281555, -7.54450178146], [-1105.9197998, -524.938537598, 317.598693848, 220.903015137, 168.023101807, 123.235404968, 218.977813721, 108.582489014, -13.0967931747, 43.7367477417, 36.2786827087, -24.1260757446, 19.6963577271], [-1000.81677246, -394.020385742, 282.956329346, 183.345352173, 143.304107666, 36.8245201111, 108.582489014, 117.577201843, 28.0760688782, 16.5411167145, -2.50913834572, -15.2541255951, 41.1749763489], [244.095840454, -36.4142036438, -145.524108887, -27.2213401794, -34.4227218628, -16.0245609283, -13.0967931747, 28.0760688782, 72.3415756226, 32.8853912354, -4.05236911774, 6.56011104584, 1.93495666981], [566.648376465, -113.946899414, -200.247039795, 12.3877868652, -41.5371894836, 24.8267402649, 43.7367477417, 16.5411167145, 32.8853912354, 104.177093506, 64.9830627441, 20.3266811371, -2.34938526154], [161.714508057, -101.057289124, -89.4538421631, -6.57403230667, -30.0892276764, 33.744228363, 36.2786827087, -2.50913834572, -4.05236911774, 64.9830627441, 106.497306824, 43.7510986328, -2.21177697182], [405.415863037, 54.228225708, -160.907089233, -75.2820892334, -76.0243148804, -14.0418281555, -24.1260757446, -15.2541255951, 6.56011104584, 20.3266811371, 43.7510986328, 66.3849716187, 17.9962043762], [-613.694580078, -127.057014465, 188.42376709, 66.4028625488, 84.0276412964, -7.54450178146, 19.6963577271, 41.1749763489, 1.93495666981, -2.34938526154, -2.21177697182, 17.9962043762, 76.999671936]]
    },
    "sccoeffs": {
        "kurt": [0.192670106888, 2.59903907776, 2.33657455444, 2.05618810654, 1.62872409821, 0.452100992203],
        "max": [-0.4782730937, -0.2876778543, -0.44162350893, -0.532178461552, -0.640010714531, -0.648852288723],
        "mean": [-0.778304219246, -0.788021147251, -0.806913912296, -0.816779911518, -0.848194777966, -0.820002198219],
        "median": [-0.817640185356, -0.842362582684, -0.836153745651, -0.847558915615, -0.863786578178, -0.8408010602],
        "min": [-0.912145495415, -0.953592121601, -0.933640241623, -0.953798592091, -0.924627959728, -0.89654135704],
        "skew": [1.07541060448, 1.63596117496, 1.68693399429, 1.59048748016, 1.37570095062, 1.19355666637],
        "var": [0.0113197276369, 0.0193439349532, 0.0119861839339, 0.00809081085026, 0.00365963042714, 0.00390176102519],
        "cov": [[0.0114140594378, 0.00693928124383, 0.00500365160406, 0.00418459391221, 0.00363112986088, 0.00250959675759], [0.00693928124383, 0.019505135715, 0.0124849239364, 0.0106984851882, 0.0063102976419, 0.00694691436365], [0.00500365160406, 0.0124849239364, 0.01208606828, 0.00865793321282, 0.00464454619214, 0.00581508828327], [0.00418459391221, 0.0106984851882, 0.00865793321282, 0.00815823394805, 0.00377002521418, 0.00487856986001], [0.00363112986088, 0.0063102976419, 0.00464454619214, 0.00377002521418, 0.00369012728333, 0.00275995931588], [0.00250959675759, 0.00694691436365, 0.00581508828327, 0.00487856986001, 0.00275995931588, 0.00393427582458]]
    },
    "scvalleys": {
        "kurt": [3.13596391678, -0.661222219467, -0.563710927963, -0.254347324371, 1.0990447998, 0.651298046112],
        "max": [-5.96788072586, -4.70505666733, -4.17145061493, -3.9745926857, -4.80438995361, -7.9170050621],
        "mean": [-10.0582265854, -9.10516452789, -9.43527126312, -9.77577877045, -11.0894422531, -13.1043329239],
        "median": [-10.352894783, -9.71737194061, -10.1388101578, -10.4287261963, -11.926199913, -13.7632865906],
        "min": [-11.3382043839, -12.1307287216, -12.7772750854, -13.1404123306, -14.4326028824, -15.5879459381],
        "skew": [1.84421753883, 0.762815833092, 0.804125964642, 0.903146624565, 1.49700760841, 1.32242703438],
        "var": [1.3199505806, 3.8860681057, 5.76257371902, 6.23453855515, 5.29534292221, 3.43716597557],
        "cov": [[1.33095014095, 1.74211323261, 2.08723831177, 2.23490262032, 2.25683617592, 1.82250750065], [1.74211323261, 3.91845202446, 4.5536699295, 4.61382007599, 4.00925302505, 3.31478357315], [2.08723831177, 4.5536699295, 5.81059503555, 5.8648018837, 5.15443706512, 4.17529726028], [2.23490262032, 4.61382007599, 5.8648018837, 6.28649282455, 5.52884483337, 4.44539785385], [2.25683617592, 4.00925302505, 5.15443706512, 5.52884483337, 5.33947086334, 4.19769763947], [1.82250750065, 3.31478357315, 4.17529726028, 4.44539785385, 4.19769763947, 3.46580910683]]
    }
},
"rhythm": {
    "beats_loudness": {
        "kurt": -1.79192328453,
        "max": 0.203881576657,
        "mean": 0.0768955200911,
        "median": 0.000285236368654,
        "min": 8.13565804947e-07,
        "skew": 0.42729216814,
        "var": 0.00890277698636
    },
    "bpm": 120.185317993,
    "confidence": 0,
    "first_peak_bpm": {
        "kurt": 0,
        "max": 120,
        "mean": 120,
        "median": 120,
        "min": 120,
        "skew": 0,
        "var": 0
    },
    "first_peak_spread": {
        "kurt": 0,
        "max": 0,
        "mean": 0,
        "median": 0,
        "min": 0,
        "skew": 0,
        "var": 0
    },
    "first_peak_weight": {
        "kurt": 0,
        "max": 0.5,
        "mean": 0.5,
        "median": 0.5,
        "min": 0.5,
        "skew": 0,
        "var": 0
    },
    "onset_rate": 1.08173084259,
    "second_peak_bpm": {
        "kurt": 0,
        "max": 126,
        "mean": 126,
        "median": 126,
        "min": 126,
        "skew": 0,
        "var": 0
    },
    "second_peak_spread": {
        "kurt": 0,
        "max": 0,
        "mean": 0,
        "median": 0,
        "min": 0,
        "skew": 0,
        "var": 0
    },
    "second_peak_weight": {
        "kurt": 0,
        "max": 0.25,
        "mean": 0.25,
        "median": 0.25,
        "min": 0.25,
        "skew": 0,
        "var": 0
    },
    "beats_loudness_band_ratio": {
        "kurt": [0.163306951523, -0.162912607193, -1.34738051891, -1.13547313213, -1.61324572563, -1.44547796249],
        "max": [0.315231561661, 0.156855612993, 0.58992177248, 0.30962908268, 0.458902597427, 0.0554065443575],
        "mean": [0.0743498429656, 0.0469197444618, 0.413521677256, 0.211805552244, 0.233041137457, 0.0317557938397],
        "median": [0.0127294315025, 0.0295095201582, 0.493457883596, 0.25826972723, 0.313557982445, 0.034572456032],
        "min": [0.000265798938926, 0.0003701892565, 0.187511786819, 0.0380465425551, 0.000901492196135, 0.000213167499169],
        "skew": [1.43980944157, 1.19784545898, -0.405767321587, -0.653955161572, -0.191281199455, -0.280167609453],
        "var": [0.0147527428344, 0.00330193410628, 0.0214785803109, 0.0108255054802, 0.0313364341855, 0.000445013167337],
        "cov": [[0.0184409283102, 0.00846365559846, 0.00784422457218, -0.0128980036825, -0.0199936870486, -0.00238941656426], [0.00846365559846, 0.00412741769105, 0.00303671113215, -0.00537796271965, -0.0093792732805, -0.000969362794422], [0.00784422457218, 0.00303671113215, 0.026848224923, -0.0107363881543, -0.0255114939064, -0.00272497814149], [-0.0128980036825, -0.00537796271965, -0.0107363881543, 0.0135318823159, 0.0136385075748, 0.00269156415015], [-0.0199936870486, -0.0093792732805, -0.0255114939064, 0.0136385075748, 0.0391705445945, 0.00303011061624], [-0.00238941656426, -0.000969362794422, -0.00272497814149, 0.00269156415015, 0.00303011061624, 0.000556266459171]]
    },
    "beats_position": [0.49922901392, 0.99845802784, 1.49768710136, 1.97369611263, 2.40326523781],
    "bpm_estimates": [120.185325623, 120.185310364],
    "bpm_intervals": [0.49922901392, 0.499229073524, 0.476009011269, 0.429569125175],
    "onset_times": [0.626938760281, 1.52090704441, 1.95047616959],
    "histogram": [[0, 0, 0, 0, 0, 0, 0, 0, 0, 0, 0, 0, 0, 0, 0, 0, 0, 0, 0, 0, 0, 0, 0, 0, 0, 0, 0, 0, 0, 0, 0, 0, 0, 0, 0, 0, 0, 0, 0, 0, 0, 0, 0, 0, 0, 0, 0, 0, 0, 0, 0, 0, 0, 0, 0, 0, 0, 0, 0, 0, 0, 0, 0, 0, 0, 0, 0, 0, 0, 0, 0, 0, 0, 0, 0, 0, 0, 0, 0, 0, 0, 0, 0, 0, 0, 0, 0, 0, 0, 0, 0, 0, 0, 0, 0, 0, 0, 0, 0, 0, 0, 0, 0, 0, 0, 0, 0, 0, 0, 0, 0, 0, 0, 0, 0, 0, 0, 0, 0, 0, 0.5, 0, 0, 0, 0, 0, 0.25, 0, 0, 0, 0, 0, 0, 0, 0, 0, 0, 0, 0, 0, 0.25, 0, 0, 0, 0, 0, 0, 0, 0, 0, 0, 0, 0, 0, 0, 0, 0, 0, 0, 0, 0, 0, 0, 0, 0, 0, 0, 0, 0, 0, 0, 0, 0, 0, 0, 0, 0, 0, 0, 0, 0, 0, 0, 0, 0, 0, 0, 0, 0, 0, 0, 0, 0, 0, 0, 0, 0, 0, 0, 0, 0, 0, 0, 0, 0, 0, 0, 0, 0, 0, 0, 0, 0, 0, 0, 0, 0, 0, 0, 0, 0, 0, 0, 0, 0, 0, 0, 0, 0, 0, 0, 0, 0, 0, 0, 0, 0, 0, 0, 0, 0, 0, 0, 0, 0, 0, 0, 0, 0, 0]]
},
"sfx": {
    "inharmonicity": {
        "kurt": 1.03482055664,
        "max": 0.275056838989,
        "mean": 0.0635409355164,
        "median": 0.0345191247761,
        "min": 6.29601127002e-05,
        "skew": 1.34572410583,
        "var": 0.00442482018843
    },
    "oddtoevenharmonicenergyratio": {
        "kurt": 16.312171936,
        "max": 11.087978363,
        "mean": 0.97590225935,
        "median": 0.437796235085,
        "min": 0.000839750922751,
        "skew": 3.65490269661,
        "var": 2.48037695885
    },
    "pitch_after_max_to_before_max_energy_ratio": 0.310793071985,
    "pitch_centroid": 59.1177940369,
    "pitch_max_to_total": 0.727272748947,
    "pitch_min_to_total": 0.933884322643,
    "tristimulus": {
        "kurt": [-0.138971090317, -0.454297304153, 0.00348210334778],
        "max": [0.91803342104, 0.834850311279, 0.894212663174],
        "mean": [0.3381524086, 0.429557770491, 0.232289716601],
        "median": [0.300629496574, 0.433927923441, 0.173062309623],
        "min": [0, 0, 0],
        "skew": [0.634984612465, 0.023595072329, 0.801494836807],
        "var": [0.0473338998854, 0.0318958647549, 0.0390349328518],
        "cov": [[0.0477283485234, -0.0202648900449, -0.0274634603411], [-0.0202648900449, 0.0321616642177, -0.0118967769668], [-0.0274634603411, -0.0118967769668, 0.0393602252007]]
    }
},
"tonal": {
    "chords_changes_rate": 0.24590164423,
    "chords_number_rate": 0.16393442452,
    "chords_strength": {
        "kurt": -1.44058656693,
        "max": 0.490692675114,
        "mean": 0.342575758696,
        "median": 0.31955653429,
        "min": 0.237719655037,
        "skew": 0.353885143995,
        "var": 0.00712138647214
    },
    "key_strength": 0.369418740273,
    "tuning_diatonic_strength": 0.321913063526,
    "tuning_equal_tempered_deviation": 0.237904801965,
    "tuning_frequency": 447.949737549,
    "tuning_nontempered_energy_ratio": 0.929752409458,
    "hpcp": {
        "kurt": [2.12585735321, 0.40908241272, 0.469029188156, -0.37558555603, -0.25107216835, 1.19826030731, 0.58583521843, 2.34708595276, 3.13579416275, 2.76793241501, 1.71672153473, 2.52438497543, 0.452008962631, -0.271151781082, 2.43808746338, 1.08780431747, 0.702378749847, 2.22676944733, 0.128132104874, -0.251398563385, 0.349063873291, 0.908814907074, 2.44515180588, 3.48970317841, 3.82924127579, 6.985039711, 4.78987503052, 7.03839588165, 10.6100978851, 6.96959495544, 8.11108016968, 15.1338844299, 7.54401874542, 10.6121959686, 5.23077869415, 5.18696975708],
        "max": [1, 1, 1, 1, 1, 1, 0.922464311123, 1, 1, 1, 0.990981578827, 1, 1, 1, 1, 1, 1, 0.96941113472, 0.986893832684, 1, 1, 1, 0.951491832733, 1, 1, 1, 0.894744575024, 0.875322401524, 1, 1, 0.883835017681, 0.983944833279, 0.797716379166, 1, 0.975416123867, 1],
        "mean": [0.229370474815, 0.268823713064, 0.280788838863, 0.30359607935, 0.284960269928, 0.245789349079, 0.2302108109, 0.231530249119, 0.205220118165, 0.197251453996, 0.232071235776, 0.25694334507, 0.292563319206, 0.283285111189, 0.245014801621, 0.279582798481, 0.29145950079, 0.240024983883, 0.28775280714, 0.330647796392, 0.276143968105, 0.225503280759, 0.190808877349, 0.187471777201, 0.181915655732, 0.163638114929, 0.146930038929, 0.118467219174, 0.120218224823, 0.134864702821, 0.117753729224, 0.108571395278, 0.117298290133, 0.131859570742, 0.146852299571, 0.169482335448],
        "median": [0.1611905545, 0.128126829863, 0.161935895681, 0.124644488096, 0.0991141498089, 0.142821788788, 0.160333588719, 0.159357488155, 0.167317807674, 0.121288470924, 0.197269082069, 0.208786696196, 0.191655382514, 0.153422668576, 0.159873008728, 0.164443597198, 0.185817763209, 0.166133180261, 0.20412966609, 0.25542974472, 0.176870793104, 0.0814124196768, 0.102749496698, 0.120795242488, 0.100658722222, 0.112699575722, 0.0680687129498, 0.0508655533195, 0.0642649754882, 0.0741864293814, 0.0604503564537, 0.0689959004521, 0.0662885606289, 0.0714675337076, 0.0752002596855, 0.0913217142224],
