{
"metadata": {
    "version": {
        "essentia": "2.1-beta3"
    }
},
"lowLevel": {
    "average_loudness": 0.99068403244,
    "barkbands_kurtosis": {
        "kurt": 9.45126819611,
        "max": 90.2984466553,
        "mean": 9.39815235138,
        "median": 3.54022049904,
        "min": -1.20643174648,
        "skew": 2.93366909027,
        "var": 261.509521484
    },
    "barkbands_skewness": {
        "kurt": 4.15328836441,
        "max": 8.49405384064,
        "mean": 2.04685544968,
        "median": 1.78804767132,
        "min": -0.287698239088,
        "skew": 1.75864720345,
        "var": 2.36210536957
    },
    "barkbands_spread": {
        "kurt": -0.387050628662,
        "max": 37.2187347412,
        "mean": 12.550658226,
        "median": 8.62925815582,
        "min": 1.50335168839,
        "skew": 0.830059885979,
        "var": 101.592407227
    },
    "dissonance": {
        "kurt": 0.854071855545,
        "max": 0.497105389833,
        "mean": 0.431330949068,
        "median": 0.450849503279,
        "min": 0.264257282019,
        "skew": -1.19284629822,
        "var": 0.00315191596746
    },
    "hfc": {
        "kurt": 12.0748357773,
        "max": 370.473175049,
        "mean": 21.7422142029,
        "median": 0.0370110496879,
        "min": 2.43363774644e-05,
        "skew": 3.62902569771,
        "var": 5430.57128906
    },
    "pitch": {
        "kurt": -1.15977025032,
        "max": 710.449035645,
        "mean": 326.31137085,
        "median": 238.032104492,
        "min": 98.3032684326,
        "skew": 0.636618733406,
        "var": 44160.4804688
    },
    "pitch_instantaneous_confidence": {
        "kurt": -0.900552749634,
        "max": 0.98301833868,
        "mean": 0.483405977488,
        "median": 0.450979828835,
        "min": 0.167196333408,
        "skew": 0.44819766283,
        "var": 0.0447517856956
    },
    "pitch_salience": {
        "kurt": -0.0620641708374,
        "max": 0.931492686272,
        "mean": 0.613090515137,
        "median": 0.647234797478,
        "min": 0.260573357344,
        "skew": -0.673975169659,
        "var": 0.0210189018399
    },
    "silence_rate_20dB": {
        "kurt": 27.0322589874,
        "max": 1,
        "mean": 0.96875,
        "median": 1,
        "min": 0,
        "skew": -5.38815927505,
        "var": 0.0302734375
    },
    "silence_rate_30dB": {
        "kurt": 7.88473701477,
        "max": 1,
        "mean": 0.921875,
        "median": 1,
        "min": 0,
        "skew": -3.14400148392,
        "var": 0.072021484375
    },
    "silence_rate_60dB": {
        "kurt": 2.27474451065,
        "max": 1,
        "mean": 0.859375,
        "median": 1,
        "min": 0,
        "skew": -2.06754636765,
        "var": 0.120849609375
    },
    "spectral_centroid": {
        "kurt": -0.552245616913,
        "max": 1671.94580078,
        "mean": 681.014465332,
        "median": 633.900695801,
        "min": 180.184341431,
        "skew": 0.598595321178,
        "var": 156363.984375
    },
    "spectral_complexity": {
        "kurt": 8.71554374695,
        "max": 50,
        "mean": 4.4375,
        "median": 0,
        "min": 0,
        "skew": 3.06312942505,
        "var": 114.43359375
    },
    "spectral_crest": {
        "kurt": 0.0356798171997,
        "max": 25.008890152,
        "mean": 11.7568130493,
        "median": 10.6601858139,
        "min": 3.47372794151,
        "skew": 0.771949350834,
        "var": 25.0601329803
    },
    "spectral_decrease": {
        "kurt": 11.5587711334,
        "max": -1.07102030695e-14,
        "mean": -6.0676517144e-09,
        "median": -1.26102314355e-11,
        "min": -9.94416353706e-08,
        "skew": -3.57049822807,
        "var": 4.09999760083e-16
    },
    "spectral_energy": {
        "kurt": 11.5830163956,
        "max": 0.40891829133,
        "mean": 0.0248727835715,
        "median": 5.2411978686e-05,
        "min": 4.42822987168e-08,
        "skew": 3.57332110405,
        "var": 0.00690398272127
    },
    "spectral_energyband_high": {
        "kurt": 19.1971855164,
        "max": 0.00480536650866,
        "mean": 0.000202628900297,
        "median": 5.80691562391e-07,
        "min": 1.09500808421e-09,
        "skew": 4.44899177551,
        "var": 6.7220935307e-07
    },
    "spectral_energyband_low": {
        "kurt": 20.6515388489,
        "max": 0.000611487193964,
        "mean": 4.39073628513e-05,
        "median": 1.69489851487e-06,
        "min": 3.46173845145e-09,
        "skew": 4.05529737473,
        "var": 8.43860181732e-09
    },
    "spectral_energyband_middle_high": {
        "kurt": 6.9797334671,
        "max": 0.0497833117843,
        "mean": 0.0040336321108,
        "median": 2.56765883933e-06,
        "min": 3.62045549096e-09,
        "skew": 2.94210028648,
        "var": 0.000151709260535
    },
    "spectral_energyband_middle_low": {
        "kurt": 12.685292244,
        "max": 0.358505308628,
        "mean": 0.0206558797508,
        "median": 3.1384453905e-05,
        "min": 2.10717310267e-08,
        "skew": 3.72307562828,
        "var": 0.00515116937459
    },
    "spectral_flatness_db": {
        "kurt": -1.52343475819,
        "max": 0.376900076866,
        "mean": 0.224890053272,
        "median": 0.205630645156,
        "min": 0.0990025997162,
        "skew": 0.240587323904,
        "var": 0.00806327536702
    },
    "spectral_flux": {
        "kurt": 7.00404453278,
        "max": 0.517431855202,
        "mean": 0.0498024709523,
        "median": 0.00459552183747,
        "min": 0.000143569675856,
        "skew": 2.86683225632,
        "var": 0.0151937492192
    },
    "spectral_kurtosis": {
        "kurt": 6.13133049011,
        "max": 69.0555877686,
        "mean": 11.4178218842,
        "median": 5.79740095139,
        "min": 0.784866571426,
        "skew": 2.2891638279,
        "var": 166.374969482
    },
    "spectral_rms": {
        "kurt": 7.65501403809,
        "max": 0.0199736002833,
        "mean": 0.00185670296196,
        "median": 0.000224850780796,
        "min": 6.57284135741e-06,
        "skew": 2.97603559494,
        "var": 2.0818783014e-05
    },
    "spectral_rolloff": {
        "kurt": 2.9268321991,
        "max": 4844.97070312,
        "mean": 1152.36279297,
        "median": 721.362304688,
        "min": 215.33203125,
        "skew": 1.83088707924,
        "var": 1124058.875
    },
    "spectral_skewness": {
        "kurt": 0.285979032516,
        "max": 6.28676366806,
        "mean": 2.57338523865,
        "median": 2.12370610237,
        "min": 0.775135874748,
        "skew": 0.984904050827,
        "var": 1.67624604702
    },
    "spectral_spread": {
        "kurt": 17.077041626,
        "max": 24188936,
        "mean": 5057394,
        "median": 4673245.5,
        "min": 1242661.5,
        "skew": 3.50565075874,
        "var": 1.05289277768e+13
    },
    "spectral_strongpeak": {
        "kurt": 21.6076889038,
        "max": 16.4831409454,
        "mean": 0.787554085255,
        "median": 0.0336202681065,
        "min": 0.000269808399025,
        "skew": 4.51088285446,
        "var": 6.63210964203
    },
    "zerocrossingrate": {
        "kurt": -0.492616176605,
        "max": 0.095703125,
        "mean": 0.0420379638672,
        "median": 0.037109375,
        "min": 0.00927734375,
        "skew": 0.689350008965,
        "var": 0.000588296039496
    },
    "barkbands": {
        "kurt": [44.623374939, 58.1426582336, 18.0075340271, 13.6560344696, 22.0261898041, 12.1582012177, 58.1843452454, 55.7792472839, 17.3723487854, 34.5782089233, 54.2862014771, 21.875825882, 23.9475727081, 13.1624641418, 22.7745094299, 33.5415344238, 23.4268817902, 16.4970378876, 27.2560977936, 20.0172138214, 44.177936554, 23.3964595795, 33.8269233704, 40.9495735168, 49.7333946228, 14.2509269714, 27.5417404175],
        "max": [7.34267359803e-07, 0.00022991244623, 0.000230730409385, 0.000717917806469, 0.00241707847454, 0.00110358197708, 0.0149776237085, 0.159261837602, 0.358255058527, 0.018504222855, 0.0153707982972, 0.0189835131168, 0.00574913946912, 0.00183949363418, 0.0078185275197, 0.0330152921379, 0.00642488896847, 0.00297073577531, 0.00783895328641, 0.00288842455484, 0.00259245792404, 0.00114377448335, 0.000290290714474, 9.31365793804e-05, 3.46572378476e-05, 3.51109292751e-07, 2.84576753273e-08],
        "mean": [2.30651160393e-08, 4.59486182081e-06, 1.78966984095e-05, 5.54867692699e-05, 0.0001347278303, 7.54729626351e-05, 0.000282208697172, 0.00311871478334, 0.0168134067208, 0.000622696708888, 0.000337589503033, 0.000782605842687, 0.000234323524637, 0.000107880121504, 0.000318507722113, 0.00106812221929, 0.000250455224887, 0.000144489604281, 0.000260573811829, 0.00011686563812, 7.01608078089e-05, 4.36551235907e-05, 8.70819803822e-06, 2.77972617369e-06, 8.50352989801e-07, 1.76200920521e-08, 1.15684428703e-09],
        "median": [1.13370346444e-09, 7.00905786744e-08, 3.39600546795e-07, 4.22666857958e-07, 5.80443338549e-06, 1.45263686591e-06, 4.48611262982e-06, 2.87268017019e-06, 1.59018873092e-06, 5.48551270185e-07, 1.77705885562e-07, 2.57789309899e-07, 5.87142636732e-08, 8.51423038739e-08, 8.07571609585e-08, 1.12072356728e-07, 5.75817615811e-08, 4.66966056933e-08, 5.72899558904e-08, 9.33094312927e-08, 3.21517205748e-07, 6.17990991714e-08, 8.34563529395e-09, 5.35869837393e-09, 2.93317103939e-09, 4.73277805835e-11, 8.18823134296e-12],
        "min": [3.66595503953e-11, 1.25901844505e-09, 8.875780666e-10, 2.4793650466e-10, 1.90376714393e-09, 1.83049264635e-09, 1.27290622487e-09, 9.9335017989e-10, 9.29150589801e-10, 4.77989425818e-10, 1.48690823543e-10, 1.03321164124e-10, 1.84652293456e-10, 5.71243538583e-11, 2.41789144262e-10, 3.14835491011e-10, 2.29630606197e-10, 2.74791633892e-10, 3.28441551734e-10, 6.05345551463e-10, 4.41527869821e-10, 1.42591438657e-10, 3.2255500354e-11, 2.86126365656e-11, 1.84444994e-11, 1.55403944921e-12, 4.10094287901e-14],
        "skew": [6.50343036652, 7.727684021, 3.6541852951, 3.49693584442, 4.37986946106, 3.38981795311, 7.73244714737, 7.52021932602, 4.29690027237, 5.72753381729, 7.37867116928, 4.72281599045, 4.80147409439, 3.79829359055, 4.87796974182, 5.62509965897, 4.89159488678, 4.26335287094, 5.26874828339, 4.49299812317, 6.51064729691, 4.76661872864, 5.70230579376, 6.19923496246, 6.98007583618, 3.89057183266, 4.98955631256],
        "var": [9.17846256897e-15, 8.11577693938e-10, 1.24825116909e-09, 1.54988182288e-08, 1.33857255946e-07, 3.80610352124e-08, 3.45108946931e-06, 0.000397583295126, 0.00433508260176, 6.67340873406e-06, 3.73314719582e-06, 1.01606256067e-05, 7.94892798694e-07, 1.48846410752e-07, 1.95417283066e-06, 2.1571164325e-05, 1.12367206384e-06, 3.55119937012e-07, 1.48171761793e-06, 2.25186667535e-07, 1.16238581427e-07, 3.17777839598e-08, 1.67956715202e-09, 1.54579821166e-10, 1.96937136737e-11, 4.17055772174e-15, 1.72355670314e-17],
        "cov": [[9.3241522359e-15, 2.63972827971e-12, 2.5497904569e-12, 7.0887475577e-12, 9.53218840666e-12, 3.95527144023e-12, 1.93322632208e-11, 6.71306177313e-10, 3.98256583267e-09, 5.61639242058e-11, 1.54193203344e-11, 1.56572643739e-10, 7.58574175697e-11, 2.91440899192e-11, 1.100822003e-10, 1.86751974995e-10, 9.17462911199e-11, 3.92139758165e-11, 8.12769018754e-11, 4.04899828943e-11, 3.25951210467e-11, 1.12964420804e-11, 2.22710695372e-12, 5.0370721049e-13, 1.49429581664e-13, 4.46032599893e-15, 3.85406740795e-16], [2.63972827971e-12, 8.24459889248e-10, 7.90976784071e-10, 1.80481918299e-09, 1.45945577845e-09, 5.69139846363e-10, 2.31594055045e-09, 9.8031755158e-08, 8.75789453403e-07, 6.75386013782e-09, 1.34075583968e-10, 2.86275128047e-08, 2.10101429587e-08, 6.834997901e-09, 2.81474985542e-08, 3.37302594744e-08, 2.34252865994e-08, 9.11823683225e-09, 2.13721502718e-08, 1.05024726693e-08, 9.33508115253e-09, 2.65055088988e-09, 5.37497157893e-10, 1.03044454913e-10, 2.99967654882e-11, 1.00495924516e-12, 1.03247895259e-13], [2.5497904569e-12, 7.90976784071e-10, 1.26806465328e-09, 2.29004037955e-09, 1.08618436467e-09, 1.86958309945e-10, -1.20201537612e-09, 4.69479708443e-08, 1.20958929983e-06, 1.27324961685e-09, -3.78815245838e-09, 2.01234708896e-08, 2.06964099192e-08, 5.94861804259e-09, 2.39534578839e-08, 6.15319137864e-08, 2.13130935123e-08, 1.19930785303e-08, 2.64330033417e-08, 1.18141825212e-08, 9.39779365439e-09, 3.38745431705e-09, 7.5410999667e-10, 1.65292404763e-10, 5.55012459602e-11, 1.22875852288e-12, 1.04726855443e-13], [7.0887475577e-12, 1.80481918299e-09, 2.29004037955e-09, 1.57448312166e-08, 1.86849185013e-08, 8.10027778186e-09, -3.58926910415e-09, 8.05080659916e-08, 4.94908090332e-06, 3.41413759486e-08, -7.76789121915e-09, 7.43219601418e-08, 5.3058524685e-08, 1.98244123339e-08, 5.64579636375e-08, 2.05379308227e-07, 6.54620890828e-08, 4.84297366654e-08, 5.40131139815e-08, 3.9739465052e-08, 2.79169167783e-08, 8.11065969941e-09, 1.73315461982e-09, 2.73214312285e-10, 8.52216214264e-11, 3.78000538856e-12, 2.76770902204e-13], [9.53218840666e-12, 1.45945577845e-09, 1.08618436467e-09, 1.86849185013e-08, 1.35981977678e-07, 1.91784206294e-08, -1.67853038135e-08, 2.2853929238e-07, 6.86623388901e-06, 1.41500962059e-07, -1.3029303858e-08, 1.62699620887e-07, 6.38225330363e-08, 2.95037843046e-08, 5.67487141723e-08, 2.3511138636e-07, 7.50392530335e-08, 5.54462538105e-08, 4.5665270676e-08, 4.21466381795e-08, 2.73517812843e-08, 7.98197596907e-09, 1.61642055296e-09, 2.21211465812e-10, 7.01045402285e-11, 4.15321162878e-12, 3.34352039328e-13], [3.95527144023e-12, 5.69139846363e-10, 1.86958309945e-10, 8.10027778186e-09, 1.91784206294e-08, 3.86651777262e-08, 1.65044085065e-07, 3.77248625227e-07, 3.05099547404e-06, 3.02694587617e-07, 2.1234683345e-07, 2.06911124678e-07, 6.33323011812e-08, 2.86966805874e-08, 6.64673578399e-08, 1.55490653242e-07, 4.77007198185e-08, 2.61966413007e-08, 1.77207120089e-08, 1.97072420605e-08, 1.24861276873e-08, 4.44550307677e-09, 6.78517464436e-10, 3.1599461936e-10, 4.49373073474e-11, 2.63288436192e-12, 2.13823086299e-13], [1.93322632208e-11, 2.31594055045e-09, -1.20201537612e-09, -3.58926910415e-09, -1.67853038135e-08, 1.65044085065e-07, 3.50586856257e-06, 2.96152688861e-06, 1.23333143165e-06, 4.35098036178e-06, 3.59521936844e-06, 8.0414366721e-07, 3.76046386918e-07, 1.64797981483e-07, 8.20346485852e-07, 9.7433337487e-07, 2.24646001357e-07, 4.53864323902e-08, 4.27225472777e-08, 4.76778652114e-08, 4.382005514e-08, 2.39328361573e-08, 1.53704227124e-09, 4.16214929189e-09, 2.84638063119e-10, 1.56717017835e-11, 1.43437193546e-12], [6.71306177313e-10, 9.8031755158e-08, 4.69479708443e-08, 8.05080659916e-08, 2.2853929238e-07, 3.77248625227e-07, 2.96152688861e-06, 0.000403894140618, 0.000163820528542, 7.32468606657e-06, 4.21723689215e-06, 5.0064871175e-05, 3.06744868794e-06, 5.09319625053e-06, 2.22606886382e-05, 1.43184552144e-05, 1.54480057972e-05, 1.68319888871e-06, 5.20042340213e-06, 2.63058086603e-06, 1.73288583483e-06, 1.33162006932e-06, 1.27368949165e-07, 5.95298814687e-08, 1.28504149544e-08, 6.16042439283e-10, 3.42292860722e-11], [3.98256583267e-09, 8.75789453403e-07, 1.20958929983e-06, 4.94908090332e-06, 6.86623388901e-06, 3.05099547404e-06, 1.23333143165e-06, 0.000163820528542, 0.00440389337018, 3.05540052068e-05, 1.15798172828e-06, 6.74122566124e-05, 3.93441223423e-05, 1.29423669932e-05, 3.38489335263e-05, 0.000286491354927, 3.6698380427e-05, 3.94524067815e-05, 6.99867014191e-05, 2.88221381197e-05, 1.58123039e-05, 1.05398030428e-05, 2.45989872383e-06, 6.69260316499e-07, 2.38360797766e-07, 3.88751342228e-09, 2.10435127657e-10], [5.61639242058e-11, 6.75386013782e-09, 1.27324961685e-09, 3.41413759486e-08, 1.41500962059e-07, 3.02694587617e-07, 4.35098036178e-06, 7.32468606657e-06, 3.05540052068e-05, 6.77933576299e-06, 4.64918821308e-06, 3.66381686945e-06, 1.06798893285e-06, 5.07364461555e-07, 1.36292942443e-06, 2.20831407205e-06, 7.10405174686e-07, 2.61440220584e-07, 1.98952463393e-07, 2.0943804202e-07, 1.41842207313e-07, 6.22556299845e-08, 7.27465909733e-09, 6.22795282013e-09, 6.646763695e-10, 3.66893460058e-11, 3.39910218028e-12], [1.54193203344e-11, 1.34075583968e-10, -3.78815245838e-09, -7.76789121915e-09, -1.3029303858e-08, 2.1234683345e-07, 3.59521936844e-06, 4.21723689215e-06, 1.15798172828e-06, 4.64918821308e-06, 3.79240350412e-06, 1.21172308809e-06, 4.03407142358e-07, 1.95654052959e-07, 8.4019239921e-07, 9.83248696684e-07, 2.3390431636e-07, 3.2436169306e-08, -7.64369101347e-09, 2.97846316499e-08, 2.36686865662e-08, 2.11198756261e-08, 3.16066922634e-10, 4.17879908454e-09, 2.44609971167e-10, 1.55532912938e-11, 1.38325353775e-12], [1.56572643739e-10, 2.86275128047e-08, 2.01234708896e-08, 7.43219601418e-08, 1.62699620887e-07, 2.06911124678e-07, 8.0414366721e-07, 5.0064871175e-05, 6.74122566124e-05, 3.66381686945e-06, 1.21172308809e-06, 1.03219053926e-05, 1.68772464804e-06, 1.1558015558e-06, 3.40137580679e-06, 3.27088355334e-06, 2.64772324954e-06, 5.5696830259e-07, 1.05178514787e-06, 6.2245845811e-07, 4.39172424649e-07, 2.23090665941e-07, 2.75866831601e-08, 9.55681223047e-09, 2.18042428557e-09, 1.02974059835e-10, 7.71521648651e-12], [7.58574175697e-11, 2.10101429587e-08, 2.06964099192e-08, 5.3058524685e-08, 6.38225330363e-08, 6.33323011812e-08, 3.76046386918e-07, 3.06744868794e-06, 3.93441223423e-05, 1.06798893285e-06, 4.03407142358e-07, 1.68772464804e-06, 8.07510161849e-07, 2.84158346631e-07, 8.2357479414e-07, 2.03957165468e-06, 7.01598196429e-07, 3.5798646536e-07, 7.52550931793e-07, 3.41438862961e-07, 2.62214655322e-07, 1.02777811151e-07, 2.18997904256e-08, 5.50049561454e-09, 1.72417491395e-09, 3.867219045e-11, 3.40135775448e-12], [2.91440899192e-11, 6.834997901e-09, 5.94861804259e-09, 1.98244123339e-08, 2.95037843046e-08, 2.86966805874e-08, 1.64797981483e-07, 5.09319625053e-06, 1.29423669932e-05, 5.07364461555e-07, 1.95654052959e-07, 1.1558015558e-06, 2.84158346631e-07, 1.51209050614e-07, 4.7218637178e-07, 6.09542780694e-07, 3.77250756856e-07, 1.18101084468e-07, 2.18295397758e-07, 1.22843758277e-07, 9.31491399569e-08, 3.70655754978e-08, 5.92806381761e-09, 1.63088320626e-09, 4.09759809417e-10, 1.62017673583e-11, 1.31758319533e-12], [1.100822003e-10, 2.81474985542e-08, 2.39534578839e-08, 5.64579636375e-08, 5.67487141723e-08, 6.64673578399e-08, 8.20346485852e-07, 2.22606886382e-05, 3.38489335263e-05, 1.36292942443e-06, 8.4019239921e-07, 3.40137580679e-06, 8.2357479414e-07, 4.7218637178e-07, 1.98519137484e-06, 1.8266597408e-06, 1.4366700043e-06, 3.52792312697e-07, 8.50524486395e-07, 4.32716717569e-07, 3.54154934712e-07, 1.41567738865e-07, 2.13858424303e-08, 6.39108987954e-09, 1.48449130766e-09, 6.03877226002e-11, 4.80829698973e-12], [1.86751974995e-10, 3.37302594744e-08, 6.15319137864e-08, 2.05379308227e-07, 2.3511138636e-07, 1.55490653242e-07, 9.7433337487e-07, 1.43184552144e-05, 0.000286491354927, 2.20831407205e-06, 9.83248696684e-07, 3.27088355334e-06, 2.03957165468e-06, 6.09542780694e-07, 1.8266597408e-06, 2.19135636144e-05, 1.75195691554e-06, 2.52434961112e-06, 5.09427036377e-06, 1.71895499079e-06, 7.78601645379e-07, 7.80157449753e-07, 1.84955524674e-07, 5.59148709556e-08, 1.99266061429e-08, 2.7328347918e-10, 1.23459480486e-11], [9.17462911199e-11, 2.34252865994e-08, 2.13130935123e-08, 6.54620890828e-08, 7.50392530335e-08, 4.77007198185e-08, 2.24646001357e-07, 1.54480057972e-05, 3.6698380427e-05, 7.10405174686e-07, 2.3390431636e-07, 2.64772324954e-06, 7.01598196429e-07, 3.77250756856e-07, 1.4366700043e-06, 1.75195691554e-06, 1.14150816444e-06, 3.63394406122e-07, 7.278628118e-07, 3.93408896571e-07, 3.07245045406e-07, 1.17653648601e-07, 1.93834495121e-08, 4.88637086349e-09, 1.28245258857e-09, 5.01735111791e-11, 3.92357544024e-12], [3.92139758165e-11, 9.11823683225e-09, 1.19930785303e-08, 4.84297366654e-08, 5.54462538105e-08, 2.61966413007e-08, 4.53864323902e-08, 1.68319888871e-06, 3.94524067815e-05, 2.61440220584e-07, 3.2436169306e-08, 5.5696830259e-07, 3.5798646536e-07, 1.18101084468e-07, 3.52792312697e-07, 2.52434961112e-06, 3.63394406122e-07, 3.607567578e-07, 6.34280524991e-07, 2.70953421477e-07, 1.559135967e-07, 9.51503125179e-08, 2.19491766984e-08, 5.87353188308e-09, 2.06302663841e-09, 3.55641696648e-11, 1.98608620869e-12], [8.12769018754e-11, 2.13721502718e-08, 2.64330033417e-08, 5.40131139815e-08, 4.5665270676e-08, 1.77207120089e-08, 4.27225472777e-08, 5.20042340213e-06, 6.99867014191e-05, 1.98952463393e-07, -7.64369101347e-09, 1.05178514787e-06, 7.52550931793e-07, 2.18295397758e-07, 8.50524486395e-07, 5.09427036377e-06, 7.278628118e-07, 6.34280524991e-07, 1.50523692355e-06, 5.12036876898e-07, 3.07680778633e-07, 2.14730306425e-07, 4.96476708634e-08, 1.41620004612e-08, 5.01009100873e-09, 7.34095076393e-11, 4.27983126369e-12], [4.04899828943e-11, 1.05024726693e-08, 1.18141825212e-08, 3.9739465052e-08, 4.21466381795e-08, 1.97072420605e-08, 4.76778652114e-08, 2.63058086603e-06, 2.88221381197e-05, 2.0943804202e-07, 2.97846316499e-08, 6.2245845811e-07, 3.41438862961e-07, 1.22843758277e-07, 4.32716717569e-07, 1.71895499079e-06, 3.93408896571e-07, 2.70953421477e-07, 5.12036876898e-07, 2.28761052767e-07, 1.51805195969e-07, 7.50126147864e-08, 1.63871280989e-08, 4.20246903943e-09, 1.41769462836e-09, 2.84747243146e-11, 1.86749877715e-12], [3.25951210467e-11, 9.33508115253e-09, 9.39779365439e-09, 2.79169167783e-08, 2.73517812843e-08, 1.24861276873e-08, 4.382005514e-08, 1.73288583483e-06, 1.58123039e-05, 1.41842207313e-07, 2.36686865662e-08, 4.39172424649e-07, 2.62214655322e-07, 9.31491399569e-08, 3.54154934712e-07, 7.78601645379e-07, 3.07245045406e-07, 1.559135967e-07, 3.07680778633e-07, 1.51805195969e-07, 1.18083640643e-07, 4.23497574786e-08, 8.78977335361e-09, 1.96771554606e-09, 6.16288631239e-10, 1.65089400483e-11, 1.35558990248e-12], [1.12964420804e-11, 2.65055088988e-09, 3.38745431705e-09, 8.11065969941e-09, 7.98197596907e-09, 4.44550307677e-09, 2.39328361573e-08, 1.33162006932e-06, 1.05398030428e-05, 6.22556299845e-08, 2.11198756261e-08, 2.23090665941e-07, 1.02777811151e-07, 3.70655754978e-08, 1.41567738865e-07, 7.80157449753e-07, 1.17653648601e-07, 9.51503125179e-08, 2.14730306425e-07, 7.50126147864e-08, 4.23497574786e-08, 3.22821946952e-08, 7.21670900816e-09, 2.13123363402e-09, 7.40845829128e-10, 1.14193836678e-11, 6.20894394926e-13], [2.22710695372e-12, 5.37497157893e-10, 7.5410999667e-10, 1.73315461982e-09, 1.61642055296e-09, 6.78517464436e-10, 1.53704227124e-09, 1.27368949165e-07, 2.45989872383e-06, 7.27465909733e-09, 3.16066922634e-10, 2.75866831601e-08, 2.18997904256e-08, 5.92806381761e-09, 2.13858424303e-08, 1.84955524674e-07, 1.93834495121e-08, 2.19491766984e-08, 4.96476708634e-08, 1.63871280989e-08, 8.78977335361e-09, 7.21670900816e-09, 1.70622693751e-09, 4.97391183796e-10, 1.78330794576e-10, 2.45678304089e-12, 1.28039993972e-13], [5.0370721049e-13, 1.03044454913e-10, 1.65292404763e-10, 2.73214312285e-10, 2.21211465812e-10, 3.1599461936e-10, 4.16214929189e-09, 5.95298814687e-08, 6.69260316499e-07, 6.22795282013e-09, 4.17879908454e-09, 9.55681223047e-09, 5.50049561454e-09, 1.63088320626e-09, 6.39108987954e-09, 5.59148709556e-08, 4.88637086349e-09, 5.87353188308e-09, 1.41620004612e-08, 4.20246903943e-09, 1.96771554606e-09, 2.13123363402e-09, 4.97391183796e-10, 1.57033469561e-10, 5.5201683502e-11, 7.20070053931e-13, 3.40042664165e-14], [1.49429581664e-13, 2.99967654882e-11, 5.55012459602e-11, 8.52216214264e-11, 7.01045402285e-11, 4.49373073474e-11, 2.84638063119e-10, 1.28504149544e-08, 2.38360797766e-07, 6.646763695e-10, 2.44609971167e-10, 2.18042428557e-09, 1.72417491395e-09, 4.09759809417e-10, 1.48449130766e-09, 1.99266061429e-08, 1.28245258857e-09, 2.06302663841e-09, 5.01009100873e-09, 1.41769462836e-09, 6.16288631239e-10, 7.40845829128e-10, 1.78330794576e-10, 5.5201683502e-11, 2.00063125788e-11, 2.43364248025e-13, 1.07976854793e-14], [4.46032599893e-15, 1.00495924516e-12, 1.22875852288e-12, 3.78000538856e-12, 4.15321162878e-12, 2.63288436192e-12, 1.56717017835e-11, 6.16042439283e-10, 3.88751342228e-09, 3.66893460058e-11, 1.55532912938e-11, 1.02974059835e-10, 3.867219045e-11, 1.62017673583e-11, 6.03877226002e-11, 2.7328347918e-10, 5.01735111791e-11, 3.55641696648e-11, 7.34095076393e-11, 2.84747243146e-11, 1.65089400483e-11, 1.14193836678e-11, 2.45678304089e-12, 7.20070053931e-13, 2.43364248025e-13, 4.23675715821e-15, 2.3544233681e-16], [3.85406740795e-16, 1.03247895259e-13, 1.04726855443e-13, 2.76770902204e-13, 3.34352039328e-13, 2.13823086299e-13, 1.43437193546e-12, 3.42292860722e-11, 2.10435127657e-10, 3.39910218028e-12, 1.38325353775e-12, 7.71521648651e-12, 3.40135775448e-12, 1.31758319533e-12, 4.80829698973e-12, 1.23459480486e-11, 3.92357544024e-12, 1.98608620869e-12, 4.27983126369e-12, 1.86749877715e-12, 1.35558990248e-12, 6.20894394926e-13, 1.28039993972e-13, 3.40042664165e-14, 1.07976854793e-14, 2.3544233681e-16, 1.75091470929e-17]]
    },
    "mfcc": {
        "kurt": [1.58689498901, -0.962904930115, 0.232392787933, 1.83583068848, -0.728982448578, -0.560569286346, -0.699519634247, -0.789355993271, -0.56965637207, 1.69652700424, -0.344791173935, -0.570513010025, -0.890073060989],
        "max": [-522.076293945, 208.253387451, 82.6452636719, 39.3367500305, 24.5750923157, 19.7218475342, 14.5797462463, 17.9686698914, 29.483341217, 39.6529464722, 17.5730857849, 15.6904087067, 14.6297111511],
        "mean": [-964.164855957, 100.508277893, 9.58469581604, 6.84976530075, -19.6542320251, -11.8307514191, -13.3596315384, -9.42172908783, 7.49888896942, -6.54547071457, -8.78440666199, -4.27022647858, -10.3877325058],
        "median": [-991.663208008, 104.969863892, 12.8439483643, 10.7667150497, -21.4971656799, -12.0696868896, -12.9536094666, -7.40364360809, 6.98143768311, -4.70067596436, -7.53235244751, -4.04387283325, -6.99642944336],
        "min": [-1136.3137207, 2.51203536987, -107.060928345, -70.9035644531, -65.0575485229, -36.9548912048, -47.7936019897, -32.0591583252, -19.5475463867, -35.8742828369, -28.590637207, -25.696434021, -46.084312439],
        "skew": [1.40521264076, -0.105344101787, -0.583511531353, -1.27501988411, 0.0344633348286, 0.0702607110143, -0.185371235013, 0.0895836576819, 0.0408716835082, 0.504172742367, -0.019871596247, -0.0603784993291, -0.295556634665],
        "var": [22385.6503906, 3044.93774414, 2155.31762695, 557.514282227, 412.928283691, 159.371200562, 170.490890503, 131.852752686, 113.501197815, 162.843460083, 96.5098648071, 104.599227905, 233.38319397],
        "cov": [[22740.9785156, 4095.54003906, -4918.29052734, -1350.1184082, -2258.67529297, -787.898376465, -1162.93225098, -118.024375916, 936.201904297, 249.871994019, -70.836730957, -110.593315125, -409.182220459], [4095.54003906, 3093.27001953, 196.608810425, -358.279205322, -590.698791504, -347.31350708, -381.006988525, -234.343856812, 181.808837891, -279.860534668, -293.897521973, -214.446655273, -498.631713867], [-4918.29052734, 196.608810425, 2189.52905273, 537.905578613, 461.784729004, 75.5075531006, 199.551528931, 25.4136295319, -197.609634399, -114.866516113, -70.0556793213, -122.21105957, -199.745895386], [-1350.1184082, -358.279205322, 537.905578613, 566.363708496, 257.959655762, 78.6059570312, 107.064231873, 44.0840187073, -5.37489128113, 63.5740013123, 52.1575775146, 12.2281141281, 27.912273407], [-2258.67529297, -590.698791504, 461.784729004, 257.959655762, 419.482696533, 167.29107666, 193.390106201, 85.1627807617, -106.821525574, 22.9133930206, 31.9221839905, -11.8100137711, 8.26742458344], [-787.898376465, -347.31350708, 75.5075531006, 78.6059570312, 167.29107666, 161.900909424, 92.5030212402, 43.065700531, -10.640627861, -11.0821609497, 27.6650409698, 21.7045097351, 33.5671653748], [-1162.93225098, -381.006988525, 199.551528931, 107.064231873, 193.390106201, 92.5030212402, 173.197097778, 101.731590271, -61.9670410156, 62.598651886, 56.6554260254, 3.43444156647, 18.0024757385], [-118.024375916, -234.343856812, 25.4136295319, 44.0840187073, 85.1627807617, 43.065700531, 101.731590271, 133.945648193, -11.4760484695, 80.161529541, 55.2691879272, -22.3510932922, -22.3282470703], [936.201904297, 181.808837891, -197.609634399, -5.37489128113, -106.821525574, -10.640627861, -61.9670410156, -11.4760484695, 115.30280304, 16.8927707672, 7.47515869141, 25.76720047, 5.20232057571], [249.871994019, -279.860534668, -114.866516113, 63.5740013123, 22.9133930206, -11.0821609497, 62.598651886, 80.161529541, 16.8927707672, 165.428283691, 104.537406921, 36.1771469116, 46.9840583801], [-70.836730957, -293.897521973, -70.0556793213, 52.1575775146, 31.9221839905, 27.6650409698, 56.6554260254, 55.2691879272, 7.47515869141, 104.537406921, 98.0417709351, 51.955696106, 60.5285453796], [-110.593315125, -214.446655273, -122.21105957, 12.2281141281, -11.8100137711, 21.7045097351, 3.43444156647, -22.3510932922, 25.76720047, 36.1771469116, 51.955696106, 106.259536743, 133.600860596], [-409.182220459, -498.631713867, -199.745895386, 27.912273407, 8.26742458344, 33.5671653748, 18.0024757385, -22.3282470703, 5.20232057571, 46.9840583801, 60.5285453796, 133.600860596, 237.087692261]]
    },
    "sccoeffs": {
        "kurt": [-1.18398058414, 3.63633918762, 2.77929973602, 3.69886541367, 2.96145391464, -0.562676906586],
        "max": [-0.370733737946, -0.282735496759, -0.261797904968, -0.537043511868, -0.65852856636, -0.656370401382],
        "mean": [-0.682324528694, -0.781676769257, -0.774038136005, -0.837085068226, -0.854881763458, -0.809668719769],
        "median": [-0.723686099052, -0.809034943581, -0.835302054882, -0.84655803442, -0.862987518311, -0.81891310215],
        "min": [-0.897299706936, -0.936645150185, -0.918549537659, -0.952719330788, -0.923891067505, -0.938781738281],
        "skew": [0.42093038559, 1.70173966885, 1.64897561073, 1.70587396622, 1.63984191418, 0.278595924377],
        "var": [0.0241369381547, 0.0144130820408, 0.0197884477675, 0.00532993162051, 0.00295580062084, 0.00387109862641],
        "cov": [[0.0245200637728, 0.00880101788789, 0.0121443113312, 0.00243222806603, 0.00334894610569, 0.00235064979643], [0.00880101788789, 0.0146418614313, 0.0123175671324, 0.00649947440252, 0.00468428106979, 0.00434236507863], [0.0121443113312, 0.0123175671324, 0.0201025493443, 0.00785725191236, 0.00551539007574, 0.00452071614563], [0.00243222806603, 0.00649947440252, 0.00785725191236, 0.00541453389451, 0.00328259193338, 0.00324555137195], [0.00334894610569, 0.00468428106979, 0.00551539007574, 0.00328259193338, 0.00300271809101, 0.00235460908152], [0.00235064979643, 0.00434236507863, 0.00452071614563, 0.00324555137195, 0.00235460908152, 0.00393254449591]]
    },
    "scvalleys": {
        "kurt": [0.946986675262, -0.426997184753, 0.0954201221466, 0.158877372742, 1.43369102478, 1.07628107071],
        "max": [-5.89413356781, -5.11483716965, -4.24641561508, -4.79547119141, -5.07967042923, -8.22196865082],
        "mean": [-9.43214797974, -8.49245929718, -9.29268741608, -10.1570415497, -10.6506404877, -12.4409780502],
        "median": [-9.49186992645, -8.3774356842, -9.32797622681, -10.2734470367, -11.0196018219, -12.5907382965],
        "min": [-11.6897001266, -11.7916316986, -12.9143228531, -13.3986005783, -13.331199646, -14.9624595642],
        "skew": [0.612507522106, -0.036397151649, 0.498055994511, 0.736521422863, 1.1353096962, 0.933700501919],
        "var": [1.15272450447, 2.90507268906, 4.53182172775, 4.54749584198, 3.29380178452, 2.41643977165],
        "cov": [[1.17102169991, 1.48585033417, 1.79224085808, 1.85622191429, 1.62569200993, 1.38472354412], [1.48585033417, 2.95118498802, 3.46526956558, 3.44094443321, 2.76177358627, 2.4486951828], [1.79224085808, 3.46526956558, 4.60375547409, 4.45619249344, 3.51204371452, 3.09398794174], [1.85622191429, 3.44094443321, 4.45619249344, 4.61967849731, 3.72558546066, 3.20224118233], [1.62569200993, 2.76177358627, 3.51204371452, 3.72558546066, 3.34608435631, 2.75327253342], [1.38472354412, 2.4486951828, 3.09398794174, 3.20224118233, 2.75327253342, 2.45479607582]]
    }
},
"rhythm": {
    "beats_loudness": {
        "kurt": -2,
        "max": 0.243685603142,
        "mean": 0.121853724122,
        "median": 0.121853724122,
        "min": 2.18435743591e-05,
        "skew": 0,
        "var": 0.0148430066183
    },
    "bpm": 123.046882629,
    "confidence": 0,
    "first_peak_bpm": {
        "kurt": 0,
        "max": 123,
        "mean": 123,
        "median": 123,
        "min": 123,
        "skew": 0,
        "var": 0
    },
    "first_peak_spread": {
        "kurt": 0,
        "max": 0,
        "mean": 0,
        "median": 0,
        "min": 0,
        "skew": 0,
        "var": 0
    },
    "first_peak_weight": {
        "kurt": 0,
        "max": 1,
        "mean": 1,
        "median": 1,
        "min": 1,
        "skew": 0,
        "var": 0
    },
    "onset_rate": 0.689331769943,
    "second_peak_bpm": {
        "kurt": 0,
        "max": 0,
        "mean": 0,
        "median": 0,
        "min": 0,
        "skew": 0,
        "var": 0
    },
    "second_peak_spread": {
        "kurt": 0,
        "max": 0,
        "mean": 0,
        "median": 0,
        "min": 0,
        "skew": 0,
        "var": 0
    },
    "second_peak_weight": {
        "kurt": 0,
        "max": 0,
        "mean": 0,
        "median": 0,
        "min": 0,
        "skew": 0,
        "var": 0
    },
    "beats_loudness_band_ratio": {
        "kurt": [-2, -2, -1.99999988079, -2, -1.99999988079, -2],
        "max": [0.0315308645368, 0.241016417742, 0.851961612701, 0.106660835445, 0.143540754914, 0.138643786311],
        "mean": [0.0167300198227, 0.126630023122, 0.604441046715, 0.0996008813381, 0.0919742137194, 0.0750366747379],
        "median": [0.0167300198227, 0.126630023122, 0.604441046715, 0.0996008813381, 0.0919742137194, 0.0750366747379],
        "min": [0.00192917394452, 0.0122436257079, 0.356920421124, 0.0925409346819, 0.0404076650739, 0.0114295566455],
        "skew": [-1.0518938609e-07, 0, -3.68482915292e-07, 1.61538207522e-06, -2.12249204878e-07, -1.69638468606e-07],
        "var": [0.000219065012061, 0.0130842477083, 0.0612664446235, 4.98428998981e-05, 0.00265910848975, 0.00404586503282],
        "cov": [[0.000438130024122, 0.00338603043929, -0.00732702761889, 0.000208986457437, 0.00152645690832, 0.00188287813216], [0.00338603043929, 0.0261684954166, -0.0566259771585, 0.00161512452178, 0.0117970220745, 0.0145515771583], [-0.00732702761889, -0.0566259771585, 0.122532889247, -0.00349496630952, -0.0255275629461, -0.0314881429076], [0.000208986457437, 0.00161512452178, -0.00349496630952, 9.96857997961e-05, 0.000728114508092, 0.00089812616352], [0.00152645690832, 0.0117970220745, -0.0255275629461, 0.000728114508092, 0.0053182169795, 0.00655999826267], [0.00188287813216, 0.0145515771583, -0.0314881429076, 0.00089812616352, 0.00655999826267, 0.00809173006564]]
    },
    "beats_position": [0.429569154978, 0.917188167572],
    "bpm_estimates": [123.046882629],
    "bpm_intervals": [0.487619012594],
    "onset_times": [0.27863946557],
    "histogram": [[0, 0, 0, 0, 0, 0, 0, 0, 0, 0, 0, 0, 0, 0, 0, 0, 0, 0, 0, 0, 0, 0, 0, 0, 0, 0, 0, 0, 0, 0, 0, 0, 0, 0, 0, 0, 0, 0, 0, 0, 0, 0, 0, 0, 0, 0, 0, 0, 0, 0, 0, 0, 0, 0, 0, 0, 0, 0, 0, 0, 0, 0, 0, 0, 0, 0, 0, 0, 0, 0, 0, 0, 0, 0, 0, 0, 0, 0, 0, 0, 0, 0, 0, 0, 0, 0, 0, 0, 0, 0, 0, 0, 0, 0, 0, 0, 0, 0, 0, 0, 0, 0, 0, 0, 0, 0, 0, 0, 0, 0, 0, 0, 0, 0, 0, 0, 0, 0, 0, 0, 0, 0, 0, 1, 0, 0, 0, 0, 0, 0, 0, 0, 0, 0, 0, 0, 0, 0, 0, 0, 0, 0, 0, 0, 0, 0, 0, 0, 0, 0, 0, 0, 0, 0, 0, 0, 0, 0, 0, 0, 0, 0, 0, 0, 0, 0, 0, 0, 0, 0, 0, 0, 0, 0, 0, 0, 0, 0, 0, 0, 0, 0, 0, 0, 0, 0, 0, 0, 0, 0, 0, 0, 0, 0, 0, 0, 0, 0, 0, 0, 0, 0, 0, 0, 0, 0, 0, 0, 0, 0, 0, 0, 0, 0, 0, 0, 0, 0, 0, 0, 0, 0, 0, 0, 0, 0, 0, 0, 0, 0, 0, 0, 0, 0, 0, 0, 0, 0, 0, 0, 0, 0, 0, 0, 0, 0, 0, 0, 0, 0]]
},
"sfx": {
    "inharmonicity": {
        "kurt": 6.71837997437,
        "max": 0.369783908129,
        "mean": 0.0490419343114,
        "median": 0.0195971224457,
        "min": 0.000101391306089,
        "skew": 2.42455482483,
        "var": 0.0046874997206
    },
    "oddtoevenharmonicenergyratio": {
        "kurt": 6.59038448334,
        "max": 4.82299089432,
        "mean": 0.704227685928,
        "median": 0.366528332233,
        "min": 0.000804028648417,
        "skew": 2.45339345932,
        "var": 0.933232247829
    },
    "pitch_after_max_to_before_max_energy_ratio": 1.77415633202,
    "pitch_centroid": 32.7944641113,
    "pitch_max_to_total": 0.296875,
    "pitch_min_to_total": 0.34375,
    "tristimulus": {
        "kurt": [-0.517712831497, -0.96821141243, -0.310115337372],
        "max": [0.93792206049, 0.687537610531, 0.582711279392],
        "mean": [0.422611474991, 0.349739193916, 0.227649196982],
        "median": [0.420606851578, 0.345068395138, 0.194064080715],
        "min": [0, 0.0493289269507, 0.00936129316688],
        "skew": [0.03125461936, 0.112545959651, 0.574849784374],
        "var": [0.0463867411017, 0.0239016730338, 0.0185366384685],
        "cov": [[0.0471230372787, -0.0262866169214, -0.0208364203572], [-0.0262866169214, 0.0242810640484, 0.00200554635376], [-0.0208364203572, 0.00200554635376, 0.0188308712095]]
    }
},
"tonal": {
    "chords_changes_rate": 0.0606060624123,
    "chords_number_rate": 0.0909090936184,
    "chords_strength": {
        "kurt": -0.645053863525,
        "max": 0.472284585238,
        "mean": 0.434100300074,
        "median": 0.445156365633,
        "min": 0.381898909807,
        "skew": -0.529313504696,
        "var": 0.000600353349
    },
    "key_strength": 0.634309589863,
    "tuning_diatonic_strength": 0.531374633312,
    "tuning_equal_tempered_deviation": 0.224383369088,
    "tuning_frequency": 431.941772461,
    "tuning_nontempered_energy_ratio": 0.864736318588,
    "hpcp": {
        "kurt": [0.816223859787, 0.00329899787903, -0.791187524796, -1.09655892849, -0.038272857666, 2.32104063034, 2.89327812195, 1.76365804672, 1.19922924042, 1.19386386871, 1.90440130234, 5.82000160217, 1.3385887146, 2.35005378723, 6.13624668121, 12.9074716568, 1.12316989899, 1.16911935806, 0.765491247177, 8.52924060822, 2.97810077667, 5.13550662994, 5.71471881866, 4.25004005432, 4.86568498611, 3.67852067947, 2.49027585983, 1.00678396225, 1.9722328186, 4.05005502701, 5.36849117279, 6.46654319763, 4.09252214432, 5.97780799866, 2.52911806107, 9.08428001404],
        "max": [0.723448932171, 1, 1, 1, 1, 1, 1, 0.782306969166, 0.777679622173, 1, 1, 0.880076169968, 0.842521429062, 1, 0.947842955589, 1, 0.922592818737, 1, 0.793895840645, 1, 0.56337082386, 0.764111936092, 1, 1, 1, 0.665563285351, 0.724196016788, 1, 1, 0.913973033428, 1, 0.737230122089, 0.669020652771, 0.681665241718, 0.322716712952, 0.686024367809],
        "mean": [0.143478602171, 0.241390988231, 0.318892627954, 0.335697561502, 0.26015034318, 0.187527149916, 0.174759760499, 0.149628356099, 0.154022336006, 0.198749691248, 0.182719886303, 0.129679873586, 0.153284326196, 0.160842180252, 0.121921002865, 0.121541820467, 0.182971015573, 0.223484396935, 0.168866321445, 0.11925958842, 0.0945886000991, 0.102332219481, 0.140374019742, 0.159003302455, 0.154970794916, 0.118400886655, 0.13357886672, 0.211789742112, 0.18859115243, 0.135289594531, 0.125732988119, 0.102624833584, 0.106991074979, 0.0971870869398, 0.0641745999455, 0.075638897717],
        "median": [0.0491863936186, 0.0879188776016, 0.173746719956, 0.0695460438728, 0.0679401159286, 0.0545017011464, 0.0529082119465, 0.0485351271927, 0.0644458085299, 0.0590833351016, 0.0495003610849, 0.0529007874429, 0.0364618822932, 0.0349885448813, 0.0449929200113, 0.0616049245, 0.0697349607944, 0.0530939884484, 0.0782609209418, 0.0562804564834, 0.0243929922581, 0.0383541248739, 0.032155841589, 0.0880889669061, 0.0543859153986, 0.0698234662414, 0.041635170579, 0.0636575892568, 0.0703587010503, 0.0347668640316, 0.0332571417093, 0.0367582216859, 0.034243516624, 0.0371102541685, 0.0319117419422, 0.0205391887575],
        "min": [0, 0, 0, 0, 0, 0, 0, 0, 0, 0, 0, 0, 0, 0, 0, 0, 0, 0, 0, 0, 0, 0, 0.000148372055264, 0.000346886256011, 0, 0, 0, 0, 0, 0, 0, 0, 0, 0, 0, 0],
