{
"metadata": {
    "version": {
        "essentia": "2.1-beta3"
    }
},
"lowLevel": {
    "average_loudness": 0.978744804859,
    "barkbands_kurtosis": {
        "kurt": 7.80978012085,
        "max": 115.291946411,
        "mean": 16.5043792725,
        "median": 10.0566701889,
        "min": -0.868666172028,
        "skew": 2.51674318314,
        "var": 364.632873535
    },
    "barkbands_skewness": {
        "kurt": 2.5543422699,
        "max": 10.0931863785,
        "mean": 2.70685744286,
        "median": 2.47574186325,
        "min": -0.557230114937,
        "skew": 1.33077096939,
        "var": 2.99942779541
    },
    "barkbands_spread": {
        "kurt": 13.9859485626,
        "max": 40.6592483521,
        "mean": 4.33894014359,
        "median": 2.19458413124,
        "min": 0.309144467115,
        "skew": 3.42201304436,
        "var": 35.3085327148
    },
    "dissonance": {
        "kurt": 0.812505960464,
        "max": 0.498532235622,
        "mean": 0.401409685612,
        "median": 0.413229078054,
        "min": 0.173615708947,
        "skew": -1.10077667236,
        "var": 0.00539600616321
    },
    "hfc": {
        "kurt": 3.05744886398,
        "max": 30.1518859863,
        "mean": 3.89219737053,
        "median": 0.256722062826,
        "min": 6.2688474145e-07,
        "skew": 1.97431755066,
        "var": 45.2187614441
    },
    "pitch": {
        "kurt": -0.425991296768,
        "max": 756.034179688,
        "mean": 372.955322266,
        "median": 430.988372803,
        "min": 148.031036377,
        "skew": -0.324449270964,
        "var": 13464.3115234
    },
    "pitch_instantaneous_confidence": {
        "kurt": -0.337290763855,
        "max": 0.966122210026,
        "mean": 0.658040583134,
        "median": 0.66949814558,
        "min": 0.136887729168,
        "skew": -0.424503415823,
        "var": 0.0333905890584
    },
    "pitch_salience": {
        "kurt": -0.333472728729,
        "max": 0.852463066578,
        "mean": 0.481958240271,
        "median": 0.5096103549,
        "min": 0.0858356133103,
        "skew": -0.281466186047,
        "var": 0.0250013340265
    },
    "silence_rate_20dB": {
        "kurt": 0,
        "max": 1,
        "mean": 1,
        "median": 1,
        "min": 1,
        "skew": 0,
        "var": 0
    },
    "silence_rate_30dB": {
        "kurt": 0,
        "max": 1,
        "mean": 1,
        "median": 1,
        "min": 1,
        "skew": 0,
        "var": 0
    },
    "silence_rate_60dB": {
        "kurt": -1.62705242634,
        "max": 1,
        "mean": 0.646017670631,
        "median": 1,
        "min": 0,
        "skew": -0.610692799091,
        "var": 0.228678688407
    },
    "spectral_centroid": {
        "kurt": 3.01634120941,
        "max": 1081.64624023,
        "mean": 556.343261719,
        "median": 542.308837891,
        "min": 328.511779785,
        "skew": 1.18484640121,
        "var": 13952.1113281
    },
    "spectral_complexity": {
        "kurt": -0.629940271378,
        "max": 11,
        "mean": 3.01769900322,
        "median": 2,
        "min": 0,
        "skew": 0.703876495361,
        "var": 9.57490539551
    },
    "spectral_crest": {
        "kurt": -1.05599629879,
        "max": 26.5523223877,
        "mean": 16.4750270844,
        "median": 16.7836532593,
        "min": 4.87687969208,
        "skew": -0.0806194916368,
        "var": 29.5391254425
    },
    "spectral_decrease": {
        "kurt": 2.85121107101,
        "max": -2.43153830641e-16,
        "mean": -1.99614591523e-09,
        "median": -1.51870363507e-10,
        "min": -1.38490419133e-08,
        "skew": -1.95870125294,
        "var": 1.20499204861e-17
    },
    "spectral_energy": {
        "kurt": 2.84891223907,
        "max": 0.0550043061376,
        "mean": 0.00788694154471,
        "median": 0.0005955050583,
        "min": 9.74580416369e-10,
        "skew": 1.95769369602,
        "var": 0.000187915211427
    },
    "spectral_energyband_high": {
        "kurt": 8.21798801422,
        "max": 1.34372430693e-05,
        "mean": 1.43698650845e-06,
        "median": 2.58400916664e-07,
        "min": 1.64551462734e-11,
        "skew": 2.73328399658,
        "var": 6.04694289433e-12
    },
    "spectral_energyband_low": {
        "kurt": 14.8254032135,
        "max": 1.30024272949e-05,
        "mean": 1.32568823119e-06,
        "median": 5.95756375787e-07,
        "min": 2.76919293052e-10,
        "skew": 3.75651693344,
        "var": 5.18226694196e-12
    },
    "spectral_energyband_middle_high": {
        "kurt": 15.7569828033,
        "max": 0.00678948964924,
        "mean": 0.000502396724187,
        "median": 4.51859959867e-05,
        "min": 2.52968063164e-10,
        "skew": 3.89800977707,
        "var": 1.39026860779e-06
    },
    "spectral_energyband_middle_low": {
        "kurt": 2.92133998871,
        "max": 0.0512719377875,
        "mean": 0.00739914411679,
        "median": 0.000584433728363,
        "min": 4.87361484502e-10,
        "skew": 1.97047543526,
        "var": 0.00016711524222
    },
    "spectral_flatness_db": {
        "kurt": -0.637042284012,
        "max": 0.525459349155,
        "mean": 0.32406821847,
        "median": 0.336449801922,
        "min": 0.0952008217573,
        "skew": -0.329361736774,
        "var": 0.00977717339993
    },
    "spectral_flux": {
        "kurt": 2.36017179489,
        "max": 0.220801860094,
        "mean": 0.0399038270116,
        "median": 0.0190489795059,
        "min": 0.000264532311121,
        "skew": 1.66810512543,
        "var": 0.00242297025397
    },
    "spectral_kurtosis": {
        "kurt": 1.40364360809,
        "max": 128.87701416,
        "mean": 34.0224075317,
        "median": 27.652551651,
        "min": 2.14541816711,
        "skew": 1.32443988323,
        "var": 726.114379883
    },
    "spectral_rms": {
        "kurt": 0.101935625076,
        "max": 0.0073254853487,
        "mean": 0.0017930372851,
        "median": 0.000762220821343,
        "min": 9.75094962996e-07,
        "skew": 1.16285729408,
        "var": 4.47959655503e-06
    },
    "spectral_rolloff": {
        "kurt": 21.8945636749,
        "max": 2950.04882812,
        "mean": 713.454223633,
        "median": 710.595703125,
        "min": 366.064453125,
        "skew": 3.59085679054,
        "var": 96679.109375
    },
    "spectral_skewness": {
        "kurt": 0.0214357376099,
        "max": 9.13768959045,
        "mean": 4.37885570526,
        "median": 4.15459632874,
        "min": 1.34306275845,
        "skew": 0.609538137913,
        "var": 2.9724419117
    },
    "spectral_spread": {
        "kurt": 2.07909679413,
        "max": 8587696,
        "mean": 2492006,
        "median": 1921503.375,
        "min": 685973.75,
        "skew": 1.49281156063,
        "var": 2.27617564262e+12
    },
    "spectral_strongpeak": {
        "kurt": 2.04692220688,
        "max": 4.19996976852,
        "mean": 0.688219606876,
        "median": 0.212133660913,
        "min": 2.50664725172e-05,
        "skew": 1.6651340723,
        "var": 0.920360207558
    },
    "zerocrossingrate": {
        "kurt": 3.31904935837,
        "max": 0.06640625,
        "mean": 0.0282425340265,
        "median": 0.0263671875,
        "min": 0.01513671875,
        "skew": 1.54452610016,
        "var": 7.64018186601e-05
    },
    "barkbands": {
        "kurt": [13.0928592682, 3.43529891968, 24.9336795807, 17.0759410858, 6.04163646698, 33.5869407654, 3.83076286316, 40.6460037231, 23.553899765, 59.2843894958, 30.3060760498, 18.1819496155, 22.341627121, 18.0641708374, 39.1808128357, 5.87642765045, 37.6060256958, 5.16362476349, 10.7087945938, 7.85906887054, 10.583024025, 5.20447731018, 9.37240409851, 4.80973434448, 12.7290849686, 14.9049701691, 16.0338115692],
        "max": [2.15278816995e-08, 4.99738689541e-07, 5.95441679252e-06, 2.86791328108e-05, 0.000220977890422, 0.0153569467366, 0.0498726516962, 0.00533742783591, 0.00630281679332, 0.00507756695151, 0.00627603428438, 0.000668110093102, 0.000333364616381, 7.93530634837e-05, 0.000112457149953, 6.77460193401e-05, 2.94612491416e-05, 1.16794280984e-05, 9.59863609751e-06, 5.75723652219e-06, 6.38976371192e-06, 3.57878502655e-06, 4.61874776647e-07, 8.14462168819e-08, 3.23292503879e-08, 5.34127719831e-09, 5.45899503379e-09],
        "mean": [1.92481830474e-09, 9.05308183974e-08, 4.47038274842e-07, 2.15176237361e-06, 2.51482888416e-05, 0.000643939885776, 0.00615874119103, 0.000183329408173, 0.000347725959728, 0.000202795912628, 0.00024416364613, 3.89114684367e-05, 1.86370016309e-05, 4.65465245725e-06, 4.29976080341e-06, 6.82928475726e-06, 1.28427359414e-06, 1.21438381484e-06, 8.53980736792e-07, 6.40613279757e-07, 6.04649699198e-07, 4.3030058805e-07, 4.4128832144e-08, 9.44433065087e-09, 3.0890874303e-09, 3.65798252799e-10, 3.12613490649e-10],
        "median": [6.99771907087e-10, 5.64300712824e-08, 2.18345562075e-07, 6.4860233806e-07, 2.97311316899e-06, 3.14706776408e-05, 0.000188608697499, 1.17263907669e-05, 2.78781735688e-05, 2.24919676839e-05, 6.90156912242e-06, 3.35912204719e-06, 7.23202617792e-07, 1.95184099994e-07, 2.12126451515e-07, 4.12208862599e-07, 1.54717739065e-07, 1.45307851085e-07, 1.32799357289e-07, 1.24087350173e-07, 1.03820362085e-07, 5.328314856e-08, 8.79417427768e-09, 2.32789032495e-09, 1.1173091341e-09, 6.58343657367e-11, 5.69925140068e-12],
        "min": [1.00916323909e-12, 6.40058145374e-11, 1.50126772125e-10, 9.88731180263e-11, 4.84426283809e-11, 1.16959580909e-10, 1.76032119437e-10, 2.20752739005e-11, 2.38057056706e-11, 8.12362677127e-11, 3.17759915602e-11, 1.14782619173e-11, 7.51088427564e-11, 9.52723230169e-12, 3.63944117898e-12, 1.21066871805e-11, 7.13745512346e-12, 7.53172090667e-12, 1.16119206264e-11, 1.33629635135e-11, 4.23467337585e-12, 4.60533900511e-13, 4.00166282489e-13, 1.43988458851e-13, 3.15879402713e-13, 1.19771854652e-13, 3.09729392097e-15],
        "skew": [3.33450841904, 1.80097997189, 4.45253705978, 3.98826384544, 2.50052332878, 5.33707952499, 2.15930628777, 6.27513313293, 4.47608137131, 6.99537134171, 5.49736356735, 4.08839941025, 4.28818035126, 4.19032239914, 5.83170461655, 2.39454293251, 5.56165313721, 2.29553508759, 3.02620768547, 2.70505833626, 3.16731142998, 2.33123993874, 2.94781494141, 2.26646065712, 3.05966281891, 3.72179818153, 3.89266371727],
        "var": [1.09871389828e-17, 9.53985934032e-15, 5.90565573874e-13, 2.03145104904e-11, 1.99388416888e-09, 3.5728014609e-06, 0.000137418901431, 4.74163044828e-07, 7.29066812255e-07, 2.84256913119e-07, 8.15883140604e-07, 9.78650671613e-09, 2.03260031029e-09, 1.69345315548e-10, 1.79812054135e-10, 1.63185034929e-10, 1.21010215737e-11, 4.81133665894e-12, 2.42392347513e-12, 1.23761797251e-12, 1.37676372039e-12, 5.4581794813e-13, 6.83079259456e-15, 2.41569958439e-16, 2.25384763547e-17, 7.22470041858e-19, 7.56017902564e-19],
        "cov": [[1.10852384675e-17, 1.21618366995e-16, -1.28242392945e-17, -7.53850746848e-16, 5.14077238352e-14, 5.49348760925e-13, 1.95445552104e-11, 3.9140096871e-13, 3.0615381107e-13, 2.41651560958e-13, 1.04556315862e-12, 8.04660157949e-14, 5.32122529904e-14, 1.47284985721e-14, 1.25158316735e-14, 2.21462269774e-14, 6.10775510639e-15, 2.54848666313e-15, 1.7756439553e-15, 1.93005647339e-15, 1.65895193192e-15, 1.0996117135e-15, 1.31924984488e-16, 2.40733811188e-17, 6.58951390627e-18, 8.62903234487e-19, 8.12022165936e-19], [1.21618366995e-16, 9.62503697349e-15, 2.19448076247e-14, 1.31801457227e-13, 7.35587480684e-13, 3.16025434988e-11, 3.92753662926e-10, 2.35397274589e-11, 5.08786719353e-12, 1.00196309583e-11, 2.16923822655e-11, 5.30487166781e-13, 2.12469451755e-12, 4.6382201465e-13, 4.83967087326e-13, 2.2232424777e-13, 8.96182474476e-14, 2.60375793463e-14, 3.33374312585e-14, 4.3672622349e-14, 4.57921732217e-14, 2.11701129852e-14, 3.16117058135e-15, 4.84429153963e-16, 1.83912174256e-16, 3.11555757921e-17, 3.18207878232e-17], [-1.28242392945e-17, 2.19448076247e-14, 5.9583848272e-13, 2.06456509874e-12, 2.9018502011e-12, 5.85388887971e-13, -2.73461947531e-10, 1.70451899123e-11, 2.33502887165e-11, 9.62684792993e-12, -2.2058370755e-11, 2.40101504217e-13, -1.11544540965e-12, 6.78167916789e-13, -2.94332239787e-13, -6.38659101732e-13, 4.62483445095e-14, -6.48079273623e-14, -1.71395033176e-14, 3.71287202372e-14, -9.25515886125e-15, -1.31777870747e-14, 2.92741124607e-16, 5.21506485982e-16, 1.27040436649e-16, 2.30327697103e-17, 1.52345294485e-17], [-7.53850746848e-16, 1.31801457227e-13, 2.06456509874e-12, 2.04958914424e-11, 3.96242864908e-11, 5.058827246e-10, 3.64046615076e-09, 2.37870445563e-10, 1.11118794721e-10, 1.37784089693e-10, -2.03601469018e-10, 3.38321211324e-11, 1.15557745664e-11, 1.67359637433e-12, -4.88833528777e-13, -1.45997818869e-12, 3.64649662462e-13, 2.10305649848e-13, 1.19357106663e-13, 4.06326502393e-13, 8.52887029122e-14, 4.66988449118e-15, -2.93446581291e-15, 1.340740606e-15, 6.94965969267e-16, -4.00986687632e-17, -7.78849971374e-17], [5.14077238352e-14, 7.35587480684e-13, 2.9018502011e-12, 3.96242864908e-11, 2.01168659508e-09, 2.41901485509e-08, 1.30535923404e-07, 1.20765197842e-09, 2.40464910206e-08, 3.8004084324e-09, 1.74014203047e-09, 1.1191415572e-09, 2.51956233654e-10, 9.61973348201e-11, 5.38803793249e-11, 2.22782084447e-10, 4.61417640207e-11, 3.49576201319e-11, 1.57875847812e-11, 1.13911909419e-11, 8.39548569553e-12, 7.94507428598e-12, 7.12118027307e-13, 2.16406008239e-13, 4.19976993991e-14, 4.79909259102e-15, 3.75991403132e-15], [5.49348760925e-13, 3.16025434988e-11, 5.85388887971e-13, 5.058827246e-10, 2.41901485509e-08, 3.60470153282e-06, 5.57456633032e-06, 2.95716574783e-07, 3.18924492149e-07, 1.25188847733e-07, -2.17216711285e-09, 4.97006098499e-08, 1.1646810627e-08, 9.46863121243e-09, 1.72226299888e-09, 3.1102356246e-09, 6.10835895754e-11, 1.14036551035e-10, 2.39691239079e-10, 2.25173407697e-10, 2.19371618093e-10, 3.19089442369e-11, 2.82109253492e-12, 3.70553024029e-12, 8.2234707325e-13, 6.200281716e-13, 6.35348490399e-13], [1.95445552104e-11, 3.92753662926e-10, -2.73461947531e-10, 3.64046615076e-09, 1.30535923404e-07, 5.57456633032e-06, 0.000138645860716, 3.77608421331e-06, 2.06636832445e-06, 3.34402830049e-06, 4.75791739518e-06, 5.22770790212e-07, 3.16332659622e-07, 1.04293270908e-07, 9.52601553195e-08, 8.42688123726e-08, 1.79236838704e-08, 1.21222560878e-08, 1.1883137141e-08, 9.70887104046e-09, 8.68442562307e-09, 4.92675900077e-09, 5.6722493369e-10, 1.04791300637e-10, 3.37931800598e-11, 5.99928700468e-12, 5.8625244416e-12], [3.9140096871e-13, 2.35397274589e-11, 1.70451899123e-11, 2.37870445563e-10, 1.20765197842e-09, 2.95716574783e-07, 3.77608421331e-06, 4.783966574e-07, 3.57930041162e-08, 9.4970232567e-08, 3.18117088227e-07, 7.80111353293e-09, 1.27379831127e-08, 6.22826368257e-09, 3.26534488337e-09, 5.92391302678e-10, 4.73895922504e-10, 4.23130808169e-10, 4.33980101855e-10, 4.92583807077e-10, 5.61944379918e-10, 2.47908332751e-10, 2.46551945526e-11, 4.3635160589e-12, 2.3773246826e-12, 3.48184670115e-13, 3.4696429215e-13], [3.0615381107e-13, 5.08786719353e-12, 2.33502887165e-11, 1.11118794721e-10, 2.40464910206e-08, 3.18924492149e-07, 2.06636832445e-06, 3.57930041162e-08, 7.35576293209e-07, 9.39622921692e-08, 3.06434202457e-08, 1.90531448396e-08, 3.72991992847e-09, 8.49370240807e-10, 2.49651216366e-10, 3.46854389655e-09, 2.51816206776e-10, 8.58771276313e-10, 3.87080895115e-10, 1.41031672451e-10, 1.50664952736e-10, 2.13817311079e-10, 1.29788740519e-11, 3.4252650629e-12, 9.73850557487e-13, 9.08284948989e-14, 6.40319164336e-14], [2.41651560958e-13, 1.00196309583e-11, 9.62684792993e-12, 1.37784089693e-10, 3.8004084324e-09, 1.25188847733e-07, 3.34402830049e-06, 9.4970232567e-08, 9.39622921692e-08, 2.86794914928e-07, 7.16173502724e-08, 1.44621141729e-08, 5.2055462163e-09, 4.03477340427e-09, 5.93446758401e-09, 2.05321959434e-09, 3.93163474e-10, 4.61739563251e-10, 6.17973228145e-10, 2.99669095094e-10, 3.6811423354e-10, 1.74899691952e-10, 2.00707731685e-11, 3.54905449647e-12, 1.22426179437e-12, 1.2798662412e-13, 1.18744098755e-13], [1.04556315862e-12, 2.16923822655e-11, -2.2058370755e-11, -2.03601469018e-10, 1.74014203047e-09, -2.17216711285e-09, 4.75791739518e-06, 3.18117088227e-07, 3.06434202457e-08, 7.16173502724e-08, 8.23167795261e-07, 3.03960412396e-09, 2.52539997803e-08, 5.46543654778e-09, 4.26990354185e-09, 3.49812456779e-10, 8.95883089935e-10, 5.79872649897e-10, 8.06831768063e-10, 5.73445013696e-10, 6.93809731889e-10, 3.49099138486e-10, 5.86917806022e-11, 5.95210295981e-12, 2.53607313101e-12, 3.11977386199e-13, 3.04731066769e-13], [8.04660157949e-14, 5.30487166781e-13, 2.40101504217e-13, 3.38321211324e-11, 1.1191415572e-09, 4.97006098499e-08, 5.22770790212e-07, 7.80111353293e-09, 1.90531448396e-08, 1.44621141729e-08, 3.03960412396e-09, 9.87388659723e-09, 1.08117226283e-09, 3.14742315544e-10, 1.23791116247e-10, 5.59661927912e-10, 1.79725581639e-10, 1.38958136664e-10, 6.48944301074e-11, 6.05102565276e-11, 2.29125156348e-11, 2.95806781847e-11, 1.27189979469e-12, 3.65845645878e-13, 1.19331424625e-13, 3.31537877392e-14, 3.13614999042e-14], [5.32122529904e-14, 2.12469451755e-12, -1.11544540965e-12, 1.15557745664e-11, 2.51956233654e-10, 1.1646810627e-08, 3.16332659622e-07, 1.27379831127e-08, 3.72991992847e-09, 5.2055462163e-09, 2.52539997803e-08, 1.08117226283e-09, 2.05074845994e-09, 1.9904514148e-10, 3.36804417689e-10, 2.14826628708e-10, 5.59788361498e-11, 2.36381626079e-11, 2.7763760041e-11, 2.57495847561e-11, 2.82389545775e-11, 1.50722108405e-11, 2.3509152524e-12, 3.47296274855e-13, 1.30950954832e-13, 2.58649252325e-14, 2.60187735208e-14], [1.47284985721e-14, 4.6382201465e-13, 6.78167916789e-13, 1.67359637433e-12, 9.61973348201e-11, 9.46863121243e-09, 1.04293270908e-07, 6.22826368257e-09, 8.49370240807e-10, 4.03477340427e-09, 5.46543654778e-09, 3.14742315544e-10, 1.9904514148e-10, 1.70857328285e-10, 9.58837315101e-11, 2.54759165152e-11, 1.43189713558e-11, 8.17318348417e-12, 1.21586967924e-11, 9.86577659845e-12, 1.09091962894e-11, 4.65532603786e-12, 5.33524667588e-13, 1.12177635074e-13, 3.82946475366e-14, 6.36725381418e-15, 6.29916422368e-15], [1.25158316735e-14, 4.83967087326e-13, -2.94332239787e-13, -4.88833528777e-13, 5.38803793249e-11, 1.72226299888e-09, 9.52601553195e-08, 3.26534488337e-09, 2.49651216366e-10, 5.93446758401e-09, 4.26990354185e-09, 1.23791116247e-10, 3.36804417689e-10, 9.58837315101e-11, 1.81417519896e-10, 5.82759535073e-11, 1.05591802663e-11, 6.54136944264e-12, 1.41442291907e-11, 8.1757716916e-12, 1.10699669917e-11, 4.78759046296e-12, 6.97191328107e-13, 1.09303984321e-13, 3.85222554539e-14, 4.94857103632e-15, 4.92992868818e-15], [2.21462269774e-14, 2.2232424777e-13, -6.38659101732e-13, -1.45997818869e-12, 2.22782084447e-10, 3.1102356246e-09, 8.42688123726e-08, 5.92391302678e-10, 3.46854389655e-09, 2.05321959434e-09, 3.49812456779e-10, 5.59661927912e-10, 2.14826628708e-10, 2.54759165152e-11, 5.82759535073e-11, 1.64642049993e-10, 2.27894196569e-11, 1.66680939884e-11, 7.547935367e-12, 5.90669527178e-12, 4.68719377547e-12, 4.53798327041e-12, 3.04687481842e-13, 1.03788309056e-13, 2.30102751225e-14, 3.0755258095e-15, 2.78966595409e-15], [6.10775510639e-15, 8.96182474476e-14, 4.62483445095e-14, 3.64649662462e-13, 4.61417640207e-11, 6.10835895754e-11, 1.79236838704e-08, 4.73895922504e-10, 2.51816206776e-10, 3.93163474e-10, 8.95883089935e-10, 1.79725581639e-10, 5.59788361498e-11, 1.43189713558e-11, 1.05591802663e-11, 2.27894196569e-11, 1.22090662233e-11, 3.47695483516e-12, 2.08350849594e-12, 2.26776692043e-12, 1.51897385729e-12, 1.01915969154e-12, 8.32176666986e-14, 2.22798210138e-14, 5.57461647576e-15, 6.9321689917e-16, 6.64213167567e-16], [2.54848666313e-15, 2.60375793463e-14, -6.48079273623e-14, 2.10305649848e-13, 3.49576201319e-11, 1.14036551035e-10, 1.21222560878e-08, 4.23130808169e-10, 8.58771276313e-10, 4.61739563251e-10, 5.79872649897e-10, 1.38958136664e-10, 2.36381626079e-11, 8.17318348417e-12, 6.54136944264e-12, 1.66680939884e-11, 3.47695483516e-12, 4.85429491742e-12, 2.34212692643e-12, 1.52766352086e-12, 1.38760856104e-12, 1.25737549712e-12, 8.78324580493e-14, 1.97518867581e-14, 5.84090754075e-15, 4.77968251339e-16, 3.66823287918e-16], [1.7756439553e-15, 3.33374312585e-14, -1.71395033176e-14, 1.19357106663e-13, 1.57875847812e-11, 2.39691239079e-10, 1.1883137141e-08, 4.33980101855e-10, 3.87080895115e-10, 6.17973228145e-10, 8.06831768063e-10, 6.48944301074e-11, 2.7763760041e-11, 1.21586967924e-11, 1.41442291907e-11, 7.547935367e-12, 2.08350849594e-12, 2.34212692643e-12, 2.44556566838e-12, 1.32110522608e-12, 1.42467309651e-12, 9.13353594145e-13, 9.54001011218e-14, 1.44139003711e-14, 5.05790520212e-15, 5.08885112733e-16, 4.52851818629e-16], [1.93005647339e-15, 4.3672622349e-14, 3.71287202372e-14, 4.06326502393e-13, 1.13911909419e-11, 2.25173407697e-10, 9.70887104046e-09, 4.92583807077e-10, 1.41031672451e-10, 2.99669095094e-10, 5.73445013696e-10, 6.05102565276e-11, 2.57495847561e-11, 9.86577659845e-12, 8.1757716916e-12, 5.90669527178e-12, 2.26776692043e-12, 1.52766352086e-12, 1.32110522608e-12, 1.24866805264e-12, 9.84014736014e-13, 5.63958222569e-13, 5.97829213434e-14, 9.06513718393e-15, 3.97279712789e-15, 5.2147069884e-16, 4.98429443911e-16], [1.65895193192e-15, 4.57921732217e-14, -9.25515886125e-15, 8.52887029122e-14, 8.39548569553e-12, 2.19371618093e-10, 8.68442562307e-09, 5.61944379918e-10, 1.50664952736e-10, 3.6811423354e-10, 6.93809731889e-10, 2.29125156348e-11, 2.82389545775e-11, 1.09091962894e-11, 1.10699669917e-11, 4.68719377547e-12, 1.51897385729e-12, 1.38760856104e-12, 1.42467309651e-12, 9.84014736014e-13, 1.3890562962e-12, 7.52105246572e-13, 8.32593068383e-14, 1.50148363659e-14, 4.99433792052e-15, 5.56334733768e-16, 5.33608892732e-16], [1.0996117135e-15, 2.11701129852e-14, -1.31777870747e-14, 4.66988449118e-15, 7.94507428598e-12, 3.19089442369e-11, 4.92675900077e-09, 2.47908332751e-10, 2.13817311079e-10, 1.74899691952e-10, 3.49099138486e-10, 2.95806781847e-11, 1.50722108405e-11, 4.65532603786e-12, 4.78759046296e-12, 4.53798327041e-12, 1.01915969154e-12, 1.25737549712e-12, 9.13353594145e-13, 5.63958222569e-13, 7.52105246572e-13, 5.50691328476e-13, 4.78353759327e-14, 9.57505610037e-15, 2.86383427653e-15, 3.07907699513e-16, 2.81911226041e-16], [1.31924984488e-16, 3.16117058135e-15, 2.92741124607e-16, -2.93446581291e-15, 7.12118027307e-13, 2.82109253492e-12, 5.6722493369e-10, 2.46551945526e-11, 1.29788740519e-11, 2.00707731685e-11, 5.86917806022e-11, 1.27189979469e-12, 2.3509152524e-12, 5.33524667588e-13, 6.97191328107e-13, 3.04687481842e-13, 8.32176666986e-14, 8.78324580493e-14, 9.54001011218e-14, 5.97829213434e-14, 8.32593068383e-14, 4.78353759327e-14, 6.89178193138e-15, 9.63366358054e-16, 3.15411008528e-16, 3.37520924262e-17, 3.18853906291e-17], [2.40733811188e-17, 4.84429153963e-16, 5.21506485982e-16, 1.340740606e-15, 2.16406008239e-13, 3.70553024029e-12, 1.04791300637e-10, 4.3635160589e-12, 3.4252650629e-12, 3.54905449647e-12, 5.95210295981e-12, 3.65845645878e-13, 3.47296274855e-13, 1.12177635074e-13, 1.09303984321e-13, 1.03788309056e-13, 2.22798210138e-14, 1.97518867581e-14, 1.44139003711e-14, 9.06513718393e-15, 1.50148363659e-14, 9.57505610037e-15, 9.63366358054e-16, 2.4372682196e-16, 5.92896791822e-17, 6.39919577734e-18, 5.88364429363e-18], [6.58951390627e-18, 1.83912174256e-16, 1.27040436649e-16, 6.94965969267e-16, 4.19976993991e-14, 8.2234707325e-13, 3.37931800598e-11, 2.3773246826e-12, 9.73850557487e-13, 1.22426179437e-12, 2.53607313101e-12, 1.19331424625e-13, 1.30950954832e-13, 3.82946475366e-14, 3.85222554539e-14, 2.30102751225e-14, 5.57461647576e-15, 5.84090754075e-15, 5.05790520212e-15, 3.97279712789e-15, 4.99433792052e-15, 2.86383427653e-15, 3.15411008528e-16, 5.92896791822e-17, 2.27397128541e-17, 2.73756540418e-18, 2.60276288168e-18], [8.62903234487e-19, 3.11555757921e-17, 2.30327697103e-17, -4.00986687632e-17, 4.79909259102e-15, 6.200281716e-13, 5.99928700468e-12, 3.48184670115e-13, 9.08284948989e-14, 1.2798662412e-13, 3.11977386199e-13, 3.31537877392e-14, 2.58649252325e-14, 6.36725381418e-15, 4.94857103632e-15, 3.0755258095e-15, 6.9321689917e-16, 4.77968251339e-16, 5.08885112733e-16, 5.2147069884e-16, 5.56334733768e-16, 3.07907699513e-16, 3.37520924262e-17, 6.39919577734e-18, 2.73756540418e-18, 7.28920654768e-19, 7.42174879916e-19], [8.12022165936e-19, 3.18207878232e-17, 1.52345294485e-17, -7.78849971374e-17, 3.75991403132e-15, 6.35348490399e-13, 5.8625244416e-12, 3.4696429215e-13, 6.40319164336e-14, 1.18744098755e-13, 3.04731066769e-13, 3.13614999042e-14, 2.60187735208e-14, 6.29916422368e-15, 4.92992868818e-15, 2.78966595409e-15, 6.64213167567e-16, 3.66823287918e-16, 4.52851818629e-16, 4.98429443911e-16, 5.33608892732e-16, 2.81911226041e-16, 3.18853906291e-17, 5.88364429363e-18, 2.60276288168e-18, 7.42174879916e-19, 7.62768058254e-19]]
    },
    "mfcc": {
        "kurt": [-1.26205801964, -0.283851623535, -0.834128379822, -0.0207984447479, -0.294543266296, -0.0934851169586, -0.459872961044, -0.572777509689, -0.388691425323, -1.00686359406, 0.505812644958, 0.793746471405, 0.516140460968],
        "max": [-781.32220459, 215.903564453, 75.3922729492, 30.2948646545, 19.3536529541, 2.28881835938e-05, 8.84798049927, 13.5075626373, 14.2003669739, 9.32660102844, 8.32822799683, 20.6888980865, 31.1568717957],
        "mean": [-944.804626465, 137.977416992, -3.58241701126, -24.4443359375, -47.8947792053, -35.848941803, -21.8630599976, -14.8831119537, -5.71509456635, -12.2908382416, -7.42492675781, -0.0812570527196, 6.88662910461],
        "median": [-950.033752441, 155.57019043, 4.54241943359, -28.5571975708, -49.3023376465, -36.9626731873, -20.2309646606, -11.428855896, -4.33100891113, -10.5122528076, -6.8220539093, 0.0543823242188, 7.76728820801],
        "min": [-1138.42004395, 1.14440917969e-05, -70.7237243652, -56.0885391235, -95.9862365723, -66.6593933105, -61.7946472168, -57.2669296265, -27.3769302368, -36.8517837524, -35.7361068726, -27.7993125916, -20.2120094299],
        "skew": [-0.156131118536, -0.861871778965, -0.163644000888, 0.672494709492, 0.41776868701, 0.362660855055, -0.470432460308, -0.556149840355, -0.214170530438, -0.371858388186, -0.712869524956, -0.476933032274, -0.4677541852],
        "var": [10846.4443359, 2909.51879883, 1100.98522949, 323.935058594, 577.562194824, 215.359802246, 259.379516602, 259.79095459, 82.1961669922, 119.441711426, 72.4761734009, 60.1254653931, 81.3993682861],
        "cov": [[10943.2880859, 5203.546875, -2799.30444336, -1209.37756348, -2113.69067383, -987.967712402, -1100.3359375, -1221.22558594, -371.984313965, -769.151489258, -151.613845825, -28.3803386688, 208.013763428], [5203.546875, 2935.49658203, -961.971801758, -644.401428223, -1010.34783936, -596.824035645, -555.036193848, -584.563049316, -223.657089233, -393.454620361, -178.162231445, -55.8861999512, 44.9888839722], [-2799.30444336, -961.971801758, 1110.81555176, 344.887878418, 533.608459473, 168.341323853, 263.851593018, 312.284332275, 48.4735145569, 154.644989014, -65.8549423218, -51.3847885132, -129.195327759], [-1209.37756348, -644.401428223, 344.887878418, 326.827331543, 344.291107178, 141.056747437, 131.051422119, 134.541290283, 15.8991146088, 43.5856628418, -11.9871006012, -25.7114124298, -70.751373291], [-2113.69067383, -1010.34783936, 533.608459473, 344.291107178, 582.719055176, 224.210800171, 176.833145142, 224.232254028, 56.983215332, 114.38318634, -2.03797721863, -5.97892141342, -71.5079803467], [-987.967712402, -596.824035645, 168.341323853, 141.056747437, 224.210800171, 217.282669067, 157.215652466, 92.0431060791, 46.2262687683, 93.9432525635, 42.0706443787, 12.884718895, -6.80953121185], [-1100.3359375, -555.036193848, 263.851593018, 131.051422119, 176.833145142, 157.215652466, 261.695404053, 172.310714722, 36.5596961975, 107.476661682, 33.5352630615, -1.04894185066, -19.2574558258], [-1221.22558594, -584.563049316, 312.284332275, 134.541290283, 224.232254028, 92.0431060791, 172.310714722, 262.11050415, 94.9781112671, 73.9849700928, 26.1866855621, -8.50333309174, -44.8624267578], [-371.984313965, -223.657089233, 48.4735145569, 15.8991146088, 56.983215332, 46.2262687683, 36.5596961975, 94.9781112671, 82.9300613403, 43.8349075317, 25.1400032043, 4.24091815948, -11.17598629], [-769.151489258, -393.454620361, 154.644989014, 43.5856628418, 114.38318634, 93.9432525635, 107.476661682, 73.9849700928, 43.8349075317, 120.508155823, 47.8785209656, 5.788397789, 5.65575456619], [-151.613845825, -178.162231445, -65.8549423218, -11.9871006012, -2.03797721863, 42.0706443787, 33.5352630615, 26.1866855621, 25.1400032043, 47.8785209656, 73.1232833862, 35.741771698, 29.2094993591], [-28.3803386688, -55.8861999512, -51.3847885132, -25.7114124298, -5.97892141342, 12.884718895, -1.04894185066, -8.50333309174, 4.24091815948, 5.788397789, 35.741771698, 60.6623001099, 41.3743057251], [208.013763428, 44.9888839722, -129.195327759, -70.751373291, -71.5079803467, -6.80953121185, -19.2574558258, -44.8624267578, -11.17598629, 5.65575456619, 29.2094993591, 41.3743057251, 82.1261520386]]
    },
    "sccoeffs": {
        "kurt": [-0.986989021301, -0.694777011871, 0.626748085022, 0.183322429657, -0.364256858826, -0.794210910797],
        "max": [-0.458099365234, -0.32371032238, -0.498353153467, -0.658695578575, -0.765672504902, -0.737687647343],
        "mean": [-0.707343161106, -0.656200528145, -0.766168653965, -0.819869279861, -0.859732091427, -0.809441626072],
        "median": [-0.723098039627, -0.657609879971, -0.77863907814, -0.822354078293, -0.863352656364, -0.809336185455],
        "min": [-0.888894557953, -0.9085329175, -0.910267829895, -0.911966204643, -0.930264890194, -0.91815829277],
        "skew": [0.272815912962, 0.34831404686, 0.763648629189, 0.669919669628, 0.560918748379, -0.0729829668999],
        "var": [0.011111266911, 0.0183622669429, 0.00670387409627, 0.00309282750823, 0.00140187260695, 0.0017109294422],
        "cov": [[0.0112104741856, 0.00654902076349, 0.00398831022903, 0.00263326824643, 0.00227354397066, 0.00190177280456], [0.00654902076349, 0.0185262151062, 0.00674507999793, 0.0053154216148, 0.00314434734173, 0.00399011885747], [0.00398831022903, 0.00674507999793, 0.00676373019814, 0.00251253624447, 0.00157892215066, 0.00199542567134], [0.00263326824643, 0.0053154216148, 0.00251253624447, 0.00312044215389, 0.00144763593562, 0.00157033547293], [0.00227354397066, 0.00314434734173, 0.00157892215066, 0.00144763593562, 0.00141438934952, 0.00120058713946], [0.00190177280456, 0.00399011885747, 0.00199542567134, 0.00157033547293, 0.00120058713946, 0.00172620557714]]
    },
    "scvalleys": {
        "kurt": [2.34478569031, -0.0937070846558, 0.0844736099243, -0.17787194252, 1.18080186844, 2.05514860153],
        "max": [-8.57622814178, -4.79074764252, -5.45908355713, -7.36387634277, -8.12390613556, -11.1410932541],
        "mean": [-9.86818981171, -7.59164953232, -8.07117366791, -9.75001335144, -10.5019836426, -12.8914279938],
        "median": [-9.68244552612, -7.18363428116, -7.65541028976, -9.68664932251, -10.458067894, -12.7829847336],
        "min": [-13.2430009842, -13.2122135162, -14.0179700851, -14.7072696686, -14.9692020416, -17.2929763794],
        "skew": [-1.5160857439, -0.722807347775, -0.718448221684, -0.513243019581, -0.729717254639, -1.09106194973],
        "var": [0.856446921825, 3.18441987038, 2.90504646301, 2.31995558739, 1.29671299458, 1.12018465996],
        "cov": [[0.864093780518, 1.2861225605, 1.24860882759, 1.10555148125, 0.857118904591, 0.820402443409], [1.2861225605, 3.21285223961, 2.82269597054, 2.49701166153, 1.78337931633, 1.5756790638], [1.24860882759, 2.82269597054, 2.93098449707, 2.46534466743, 1.77936935425, 1.53578209877], [1.10555148125, 2.49701166153, 2.46534466743, 2.34066939354, 1.66308426857, 1.44465887547], [0.857118904591, 1.78337931633, 1.77936935425, 1.66308426857, 1.30829071999, 1.119389534], [0.820402443409, 1.5756790638, 1.53578209877, 1.44465887547, 1.119389534, 1.13018631935]]
    }
},
"rhythm": {
    "beats_loudness": {
        "kurt": -1.5,
        "max": 0.000574701058213,
        "mean": 0.000345422158716,
        "median": 0.000428132567322,
        "min": 3.34328397003e-05,
        "skew": -0.495389014482,
        "var": 5.22490495314e-08
    },
    "bpm": 93.994140625,
    "confidence": 0,
    "first_peak_bpm": {
        "kurt": 0,
        "max": 92,
        "mean": 92,
        "median": 92,
        "min": 92,
        "skew": 0,
        "var": 0
    },
    "first_peak_spread": {
        "kurt": 0,
        "max": 0.5,
        "mean": 0.5,
        "median": 0.5,
        "min": 0.5,
        "skew": 0,
        "var": 0
    },
    "first_peak_weight": {
        "kurt": 0,
        "max": 0.5,
        "mean": 0.5,
        "median": 0.5,
        "min": 0.5,
        "skew": 0,
        "var": 0
    },
    "onset_rate": 3.08326935768,
    "second_peak_bpm": {
        "kurt": 0,
        "max": 0,
        "mean": 0,
        "median": 0,
        "min": 0,
        "skew": 0,
        "var": 0
    },
    "second_peak_spread": {
        "kurt": 0,
        "max": 0,
        "mean": 0,
        "median": 0,
        "min": 0,
        "skew": 0,
        "var": 0
    },
    "second_peak_weight": {
        "kurt": 0,
        "max": 0,
        "mean": 0,
        "median": 0,
        "min": 0,
        "skew": 0,
        "var": 0
    },
    "beats_loudness_band_ratio": {
        "kurt": [-1.50000011921, -1.49999988079, -1.5, -1.49999988079, -1.49999976158, -1.50000035763],
        "max": [0.0272717941552, 0.768891513348, 0.886655449867, 0.343007087708, 0.00826455838978, 0.00222688657232],
        "mean": [0.0117668686435, 0.282104164362, 0.616655409336, 0.14312581718, 0.00361101632006, 0.00117227144074],
        "median": [0.00552090536803, 0.0582202635705, 0.643699347973, 0.0698092356324, 0.00188100582454, 0.000793586659711],
        "min": [0.00250790594146, 0.0192007422447, 0.319611489773, 0.0165611431003, 0.000687484571245, 0.000496340915561],
        "skew": [0.667757034302, 0.700312495232, -0.173061281443, 0.634285092354, 0.639447331429, 0.625908255577],
        "var": [0.000121714394481, 0.118734709918, 0.0539554953575, 0.0204488206655, 1.10651426439e-05, 5.70832469293e-07],
        "cov": [[0.000182571588084, 0.00569009268656, -0.00327122653835, -0.00167756830342, -3.88052649214e-05, -6.78055539538e-06], [0.00569009268656, 0.178102061152, -0.10607790947, -0.0488725751638, -0.00112962443382, -0.000232794118347], [-0.00327122653835, -0.10607790947, 0.0809332430363, 0.0116026829928, 0.000263582274783, 0.000237643020228], [-0.00167756830342, -0.0488725751638, 0.0116026829928, 0.0306732319295, 0.000713505141903, -3.3731921576e-05], [-3.88052649214e-05, -0.00112962443382, 0.000263582274783, 0.000713505141903, 1.65977144206e-05, -8.05308332019e-07], [-6.78055539538e-06, -0.000232794118347, 0.000237643020228, -3.3731921576e-05, -8.05308332019e-07, 8.56248675518e-07]]
    },
    "beats_position": [0.603718817234, 1.23065757751, 1.88081634045],
    "bpm_estimates": [95.703125, 92.2851486206],
    "bpm_intervals": [0.626938760281, 0.650158762932],
    "onset_times": [0.0232199542224, 0.0812698379159, 0.220589563251, 0.905578255653, 1.09133791924, 1.32353746891, 1.8575963974, 1.97369611263],
    "histogram": [[0, 0, 0, 0, 0, 0, 0, 0, 0, 0, 0, 0, 0, 0, 0, 0, 0, 0, 0, 0, 0, 0, 0, 0, 0, 0, 0, 0, 0, 0, 0, 0, 0, 0, 0, 0, 0, 0, 0, 0, 0, 0, 0, 0, 0, 0, 0, 0, 0, 0, 0, 0, 0, 0, 0, 0, 0, 0, 0, 0, 0, 0, 0, 0, 0, 0, 0, 0, 0, 0, 0, 0, 0, 0, 0, 0, 0, 0, 0, 0, 0, 0, 0, 0, 0, 0, 0, 0, 0, 0, 0, 0, 0.5, 0, 0, 0, 0.5, 0, 0, 0, 0, 0, 0, 0, 0, 0, 0, 0, 0, 0, 0, 0, 0, 0, 0, 0, 0, 0, 0, 0, 0, 0, 0, 0, 0, 0, 0, 0, 0, 0, 0, 0, 0, 0, 0, 0, 0, 0, 0, 0, 0, 0, 0, 0, 0, 0, 0, 0, 0, 0, 0, 0, 0, 0, 0, 0, 0, 0, 0, 0, 0, 0, 0, 0, 0, 0, 0, 0, 0, 0, 0, 0, 0, 0, 0, 0, 0, 0, 0, 0, 0, 0, 0, 0, 0, 0, 0, 0, 0, 0, 0, 0, 0, 0, 0, 0, 0, 0, 0, 0, 0, 0, 0, 0, 0, 0, 0, 0, 0, 0, 0, 0, 0, 0, 0, 0, 0, 0, 0, 0, 0, 0, 0, 0, 0, 0, 0, 0, 0, 0, 0, 0, 0, 0, 0, 0, 0, 0, 0, 0, 0, 0, 0, 0, 0, 0, 0, 0, 0, 0]]
},
"sfx": {
    "inharmonicity": {
        "kurt": 4.26603603363,
        "max": 0.437756568193,
        "mean": 0.0581521578133,
        "median": 0.00768198352307,
        "min": 3.44906075043e-05,
        "skew": 2.26638293266,
        "var": 0.0108353365213
    },
    "oddtoevenharmonicenergyratio": {
        "kurt": 14.4409694672,
        "max": 25.1722583771,
        "mean": 1.67260396481,
        "median": 0.135222017765,
        "min": 0.00326679926366,
        "skew": 3.72367501259,
        "var": 17.2782669067
    },
    "pitch_after_max_to_before_max_energy_ratio": 23.2092685699,
    "pitch_centroid": 51.7168083191,
    "pitch_max_to_total": 0.0353982299566,
    "pitch_min_to_total": 0.601769924164,
    "tristimulus": {
        "kurt": [-1.31652629375, -0.688719749451, 8.7740240097],
        "max": [0.915234684944, 0.919561862946, 0.739219963551],
        "mean": [0.501815378666, 0.383486956358, 0.114697635174],
        "median": [0.614452838898, 0.295301407576, 0.07242975384],
        "min": [0, 0.0692539662123, 0.0117286220193],
        "skew": [-0.493964284658, 0.817342042923, 2.80646252632],
        "var": [0.100353173912, 0.0670606195927, 0.0181566029787],
        "cov": [[0.101249180734, -0.0752949267626, -0.025954246521], [-0.0752949267626, 0.0676593706012, 0.00763553893194], [-0.025954246521, 0.00763553893194, 0.018318714574]]
    }
},
"tonal": {
    "chords_changes_rate": 0.140350878239,
    "chords_number_rate": 0.0701754391193,
    "chords_strength": {
        "kurt": -1.46946823597,
        "max": 0.561475157738,
        "mean": 0.491961240768,
        "median": 0.510419666767,
        "min": 0.407367020845,
        "skew": -0.319727778435,
        "var": 0.00290198484436
    },
    "key_strength": 0.43688288331,
    "tuning_diatonic_strength": 0.590317964554,
    "tuning_equal_tempered_deviation": 0.265723109245,
    "tuning_frequency": 446.91595459,
    "tuning_nontempered_energy_ratio": 0.91613650322,
    "hpcp": {
        "kurt": [-0.823853254318, -0.42209649086, -1.08044815063, -0.220992088318, 0.510559558868, 2.08184719086, 7.91242599487, 5.80428600311, 15.7926235199, 19.6844558716, 4.79418945312, 3.53049564362, 7.68066883087, 8.86480808258, 8.34808158875, 22.2688159943, 20.3840484619, 7.67380428314, 9.50286769867, 12.0178804398, 7.23613739014, 21.9077682495, 9.49096107483, 10.8742008209, 2.44616031647, 2.9589343071, 2.87680864334, 5.53023910522, 10.6777896881, 5.78091335297, 4.62300491333, 5.87717151642, 0.716271400452, 4.04480981827, 2.23809576035, -0.811136484146],
        "max": [1, 1, 1, 1, 1, 1, 0.531498908997, 0.159078449011, 0.210619568825, 0.233468785882, 0.118243403733, 0.116042271256, 0.181259542704, 0.25381308794, 0.337554126978, 1, 0.868484675884, 0.198484003544, 0.231322020292, 0.401442110538, 0.55623036623, 1, 0.949906289577, 1, 0.664287507534, 1, 1, 1, 1, 0.54889768362, 0.704723238945, 1, 0.797568261623, 1, 1, 1],
        "mean": [0.327490121126, 0.29817032814, 0.360219866037, 0.305559933186, 0.230283975601, 0.162361443043, 0.0617044866085, 0.0249793082476, 0.0205781850964, 0.0206023622304, 0.0175131093711, 0.0199759416282, 0.0265148822218, 0.0309216678143, 0.0370482653379, 0.0556788928807, 0.0479386113584, 0.0238405745476, 0.0267389528453, 0.0398185588419, 0.0587352663279, 0.069043405354, 0.09349180758, 0.103232473135, 0.128265187144, 0.190044283867, 0.177895858884, 0.139800176024, 0.101155564189, 0.0829093009233, 0.107248395681, 0.146114781499, 0.17227242887, 0.162354469299, 0.199966579676, 0.319653570652],
        "median": [0.123951084912, 0.232170760632, 0.177638962865, 0.209364444017, 0.0594960525632, 0.0345600247383, 0.0211829263717, 0.0109240897, 0.00954551342875, 0.00903431139886, 0.00691154506058, 0.00945701915771, 0.0132761206478, 0.0149432802573, 0.0130623579025, 0.00946264900267, 0.00757744256407, 0.00910867936909, 0.0119020696729, 0.00992424879223, 0.0130717549473, 0.0141771119088, 0.0215817503631, 0.0307346861809, 0.0578257068992, 0.0853319242597, 0.0791038423777, 0.0414875969291, 0.032204426825, 0.0311930719763, 0.0353339873254, 0.047968108207, 0.0477339550853, 0.0613108612597, 0.116321764886, 0.105159401894],
