{
"metadata": {
    "version": {
        "essentia": "2.1-beta3"
    }
},
"lowLevel": {
    "average_loudness": 0.956820249557,
    "barkbands_kurtosis": {
        "kurt": 79.1719436646,
        "max": 261.942901611,
        "mean": 9.35182952881,
        "median": 4.59231138229,
        "min": -1.68476331234,
        "skew": 7.922103405,
        "var": 434.363616943
    },
    "barkbands_skewness": {
        "kurt": 18.5517978668,
        "max": 13.2880468369,
        "mean": 2.01221323013,
        "median": 1.7336332798,
        "min": -0.659462630749,
        "skew": 3.24587321281,
        "var": 2.06656455994
    },
    "barkbands_spread": {
        "kurt": 6.09539699554,
        "max": 51.5839653015,
        "mean": 8.19581794739,
        "median": 5.49261283875,
        "min": 0.179709583521,
        "skew": 2.08922481537,
        "var": 52.0321960449
    },
    "dissonance": {
        "kurt": 7.47448635101,
        "max": 0.499999970198,
        "mean": 0.444525778294,
        "median": 0.459015518427,
        "min": 0.0879991129041,
        "skew": -2.16160774231,
        "var": 0.00275417021476
    },
    "hfc": {
        "kurt": 0.370464086533,
        "max": 47.5216560364,
        "mean": 10.3509578705,
        "median": 4.46736955643,
        "min": 0.000847806571983,
        "skew": 1.24710178375,
        "var": 152.179428101
    },
    "pitch": {
        "kurt": 101.630760193,
        "max": 4808.05029297,
        "mean": 444.319976807,
        "median": 427.079406738,
        "min": 70.955329895,
        "skew": 9.44088840485,
        "var": 144896.921875
    },
    "pitch_instantaneous_confidence": {
        "kurt": -0.656818628311,
        "max": 0.968521714211,
        "mean": 0.515730023384,
        "median": 0.471041500568,
        "min": 0.185289978981,
        "skew": 0.565740227699,
        "var": 0.038711104542
    },
    "pitch_salience": {
        "kurt": 1.6114654541,
        "max": 0.842014253139,
        "mean": 0.618638813496,
        "median": 0.652617633343,
        "min": 0.0825199782848,
        "skew": -1.24340772629,
        "var": 0.0196784064174
    },
    "silence_rate_20dB": {
        "kurt": 0,
        "max": 1,
        "mean": 1,
        "median": 1,
        "min": 1,
        "skew": 0,
        "var": 0
    },
    "silence_rate_30dB": {
        "kurt": 0,
        "max": 1,
        "mean": 1,
        "median": 1,
        "min": 1,
        "skew": 0,
        "var": 0
    },
    "silence_rate_60dB": {
        "kurt": -1.55040717125,
        "max": 1,
        "mean": 0.341067284346,
        "median": 0,
        "min": 0,
        "skew": 0.670512139797,
        "var": 0.224739521742
    },
    "spectral_centroid": {
        "kurt": 7.70934104919,
        "max": 2411.31518555,
        "mean": 731.680603027,
        "median": 681.762756348,
        "min": 323.772399902,
        "skew": 2.09757900238,
        "var": 64879.859375
    },
    "spectral_complexity": {
        "kurt": -0.329307079315,
        "max": 31,
        "mean": 9.04176330566,
        "median": 8,
        "min": 0,
        "skew": 0.601425111294,
        "var": 46.5411758423
    },
    "spectral_crest": {
        "kurt": 0.390260457993,
        "max": 26.6351833344,
        "mean": 11.642783165,
        "median": 10.6954221725,
        "min": 2.8536157608,
        "skew": 0.894797503948,
        "var": 22.1053352356
    },
    "spectral_decrease": {
        "kurt": 0.723765611649,
        "max": -1.63162764007e-13,
        "mean": -3.83199072473e-09,
        "median": -1.91470550526e-09,
        "min": -2.11954489515e-08,
        "skew": -1.24368953705,
        "var": 1.97097039483e-17
    },
    "spectral_energy": {
        "kurt": 0.612431049347,
        "max": 0.0833486542106,
        "mean": 0.015401661396,
        "median": 0.00767642725259,
        "min": 6.92710955263e-07,
        "skew": 1.22396469116,
        "var": 0.000317557045491
    },
    "spectral_energyband_high": {
        "kurt": 22.3500919342,
        "max": 0.000768682453781,
        "mean": 5.39791581105e-05,
        "median": 2.78670795524e-05,
        "min": 2.6716289625e-08,
        "skew": 3.68784713745,
        "var": 5.70193092742e-09
    },
    "spectral_energyband_low": {
        "kurt": 8.42682647705,
        "max": 0.000181165931281,
        "mean": 1.81450814125e-05,
        "median": 7.99210283731e-06,
        "min": 4.72136374441e-09,
        "skew": 2.49111819267,
        "var": 6.21961704361e-10
    },
    "spectral_energyband_middle_high": {
        "kurt": 3.64967489243,
        "max": 0.0345334634185,
        "mean": 0.00445554219186,
        "median": 0.0011164562311,
        "min": 1.26067121187e-07,
        "skew": 2.03504991531,
        "var": 4.71959574497e-05
    },
    "spectral_energyband_middle_low": {
        "kurt": 3.38844490051,
        "max": 0.0824139863253,
        "mean": 0.0112538924441,
        "median": 0.00528706936166,
        "min": 4.6727359404e-07,
        "skew": 1.79034233093,
        "var": 0.000198527690372
    },
    "spectral_flatness_db": {
        "kurt": 0.106657743454,
        "max": 0.494693189859,
        "mean": 0.259524732828,
        "median": 0.259353965521,
        "min": 0.0851092264056,
        "skew": 0.285327941179,
        "var": 0.00573940295726
    },
    "spectral_flux": {
        "kurt": -0.470900297165,
        "max": 0.222918391228,
        "mean": 0.0700292140245,
        "median": 0.0626162216067,
        "min": 0.000777372973971,
        "skew": 0.616041302681,
        "var": 0.00273073418066
    },
    "spectral_kurtosis": {
        "kurt": 14.0712680817,
        "max": 102.366394043,
        "mean": 14.1109781265,
        "median": 11.9345016479,
        "min": 0.225219249725,
        "skew": 2.87374019623,
        "var": 126.496543884
    },
    "spectral_rms": {
        "kurt": -0.969592094421,
        "max": 0.00901752524078,
        "mean": 0.0031250291504,
        "median": 0.0027366396971,
        "min": 2.59964526776e-05,
        "skew": 0.45265519619,
        "var": 5.26021131009e-06
    },
    "spectral_rolloff": {
        "kurt": 10.9050617218,
        "max": 5340.234375,
        "mean": 1060.17199707,
        "median": 904.39453125,
        "min": 387.59765625,
        "skew": 2.75906538963,
        "var": 379353.25
    },
    "spectral_skewness": {
        "kurt": 3.37443161011,
        "max": 8.02033042908,
        "mean": 2.89226293564,
        "median": 2.87123799324,
        "min": 0.652513206005,
        "skew": 1.12916529179,
        "var": 0.951063871384
    },
    "spectral_spread": {
        "kurt": 7.72204017639,
        "max": 12930956,
        "mean": 3250247.75,
        "median": 2883530,
        "min": 1048973.625,
        "skew": 1.97259807587,
        "var": 1.91098204979e+12
    },
    "spectral_strongpeak": {
        "kurt": 3.47489118576,
        "max": 5.39473295212,
        "mean": 0.890279769897,
        "median": 0.581251561642,
        "min": 0.0013975155307,
        "skew": 1.75939786434,
        "var": 0.893843173981
    },
    "zerocrossingrate": {
        "kurt": 2.6292014122,
        "max": 0.1201171875,
        "mean": 0.0400957092643,
        "median": 0.03662109375,
        "min": 0.0166015625,
        "skew": 1.39097881317,
        "var": 0.000234888371779
    },
    "barkbands": {
        "kurt": [34.363986969, 28.0050449371, 5.94038677216, 48.5024147034, 178.27243042, 16.3006896973, 14.4726638794, 16.0646533966, 26.8996009827, 17.2951984406, 19.2860202789, 31.2680473328, 28.6257266998, 26.8590335846, 108.802886963, 13.9741897583, 13.3489646912, 22.1406135559, 34.4556083679, 12.9489917755, 18.1211452484, 25.2725715637, 28.1762561798, 15.7912712097, 31.450843811, 40.5705718994, 20.7741565704],
        "max": [8.53253609989e-08, 1.30581311168e-05, 8.63614550326e-05, 0.000295475649182, 0.00607478944585, 0.0242137331516, 0.0817744135857, 0.0367723740637, 0.0167809221894, 0.0347075797617, 0.0229792259634, 0.0181680209935, 0.00573565252125, 0.00275160348974, 0.00261409510858, 0.000751704967115, 0.000690735469107, 0.000830256554764, 0.00110893149395, 0.000316070625558, 0.000328568537952, 0.000134409187012, 4.72578103654e-05, 1.30859680212e-05, 4.88205068905e-06, 2.70050890094e-07, 1.26213368645e-08],
        "mean": [4.35653113584e-09, 7.58169164783e-07, 9.54971892497e-06, 1.40318179547e-05, 0.000137770766742, 0.00158459227532, 0.00584982987493, 0.00220627454109, 0.000770108541474, 0.00208299304359, 0.0012376884697, 0.000791900267359, 0.000260477652773, 0.000120329314086, 6.55757685308e-05, 5.44283284398e-05, 5.5768450693e-05, 4.61960662506e-05, 4.8129055358e-05, 2.74858375633e-05, 2.64788795903e-05, 7.79280071583e-06, 2.46078366217e-06, 7.99995689249e-07, 2.48420917615e-07, 1.17536185229e-08, 7.11389780417e-10],
        "median": [1.54563484234e-09, 3.15648151172e-07, 3.24095890392e-06, 5.64730271435e-06, 4.82319519506e-05, 0.000489520723931, 0.00178817333654, 0.000178503614734, 0.000160363488249, 0.000451044441434, 0.000131103326567, 0.000130323736812, 3.81690260838e-05, 1.24994412545e-05, 1.74618871824e-05, 2.11581082112e-05, 1.55940979312e-05, 8.21639332571e-06, 1.25884926092e-05, 1.05745702967e-05, 1.38214181788e-05, 2.98956820188e-06, 6.64127355776e-07, 1.99783343646e-07, 7.19133197435e-08, 3.11744963177e-09, 2.00038374754e-10],
        "min": [1.10289587792e-12, 1.32884070414e-09, 2.09961181774e-09, 2.20316778154e-08, 5.01315540191e-08, 4.87871893995e-08, 4.71416043979e-08, 2.01750633977e-08, 2.07728785284e-08, 2.80401373232e-08, 1.73191381236e-08, 8.20780599042e-09, 1.16414566875e-08, 4.96420771157e-09, 3.97368449256e-09, 4.12904066494e-09, 3.37619132651e-09, 7.08183556242e-09, 8.32626589897e-09, 2.09301642684e-08, 9.23934351249e-09, 2.0244652621e-09, 2.86369844504e-10, 7.55288193099e-11, 2.53479997409e-11, 1.37909074351e-12, 8.61471538636e-14],
        "skew": [4.92048597336, 4.13148736954, 2.28493332863, 5.45394134521, 11.4213380814, 3.45329165459, 3.4593667984, 3.65740036964, 4.51981115341, 3.44387769699, 3.85353708267, 4.67001104355, 4.85206413269, 4.66267681122, 8.91630363464, 3.24213266373, 3.31254577637, 4.46869468689, 4.859770298, 3.02733206749, 3.54316115379, 4.2949590683, 4.67044878006, 3.68608784676, 4.68069314957, 5.26810598373, 3.87101888657],
        "var": [6.50280428497e-17, 1.46456458072e-12, 1.97003885427e-10, 5.77840164606e-10, 1.26792144783e-07, 7.53974291001e-06, 0.000113385423901, 2.49416461884e-05, 2.86845488517e-06, 1.48701001308e-05, 7.37883419788e-06, 2.94882443086e-06, 4.03059885912e-07, 9.77136735969e-08, 3.11408534515e-08, 7.85678988535e-09, 9.66905666644e-09, 1.28831922908e-08, 1.02191703988e-08, 1.6008215864e-09, 1.43309708545e-09, 2.02226249635e-10, 2.55411490568e-11, 2.76050081231e-12, 2.33958360497e-13, 5.79922219068e-16, 1.81916848356e-18],
        "cov": [[6.5179271318e-17, 1.0017788787e-15, -5.52282041104e-15, 1.82389317543e-14, 1.60083602732e-14, 2.1399041393e-12, 3.50258398674e-11, 1.70225378932e-11, 1.99777282391e-12, 5.65233797267e-12, 5.68609352311e-12, 2.73619451749e-12, 1.59048100211e-12, 7.91724324989e-13, 2.70431544996e-13, 2.19986626571e-13, 1.82614963732e-13, 2.02590534951e-13, 2.9104461354e-13, 6.82825107221e-14, 6.27818313287e-14, 3.19358492288e-14, 8.98376865792e-15, 5.28099462218e-15, 1.02383233439e-15, 3.42112537667e-17, 2.37035470126e-18], [1.0017788787e-15, 1.46797060185e-12, 6.35362942814e-12, 5.38402178743e-12, 4.12204229083e-11, 7.98900390286e-11, 1.5775134532e-09, 1.23637957511e-11, -5.09198135046e-11, 1.0469140832e-10, 5.22904386457e-10, -7.79635175863e-11, 2.06166750338e-11, 1.23846514641e-11, 2.90884503984e-11, 3.65766236743e-11, 2.34452266629e-11, 7.32968893913e-12, 9.64233727585e-12, -4.20665428489e-13, 2.69236629519e-12, 4.54538804599e-13, 3.88939152152e-13, 2.27830937709e-13, 4.5894142436e-14, 4.97602739754e-16, 9.87135836325e-17], [-5.52282041104e-15, 6.35362942814e-12, 1.97462046714e-10, 1.42427014627e-10, 7.5328931981e-10, 1.77891990027e-09, -1.74226411076e-09, -2.07287054188e-09, -2.30732322137e-09, -4.61712090782e-09, -1.50493995044e-09, -2.09458606015e-09, -7.94691368267e-10, -1.18015694439e-10, 4.70442351741e-10, 2.39823327863e-10, 2.02065503219e-10, -4.28288654541e-11, -5.01813035569e-11, -4.80637335487e-11, -7.87821110432e-12, -1.87145333952e-11, -3.25706562415e-12, -7.58581782459e-13, -2.05269639177e-13, -1.83052815392e-14, -4.44232252539e-16], [1.82389317543e-14, 5.38402178743e-12, 1.42427014627e-10, 5.79183978555e-10, 1.4398530146e-09, 2.30752017494e-09, 1.18604654986e-08, 2.60580481637e-08, 1.66858438178e-09, -6.1620286651e-09, 5.39316546977e-09, 1.96518623596e-09, 1.89242732596e-09, 1.27731580868e-09, 2.13914574942e-09, 6.97147173323e-10, 6.30021479431e-10, 5.97710381189e-10, 5.36085897895e-10, 7.48352213531e-11, 1.10563697087e-10, 2.20357638386e-11, 2.14752243766e-11, 8.79309559193e-12, 1.85390093034e-12, 9.6812803e-14, 2.02397506307e-15], [1.60083602732e-14, 4.12204229083e-11, 7.5328931981e-10, 1.4398530146e-09, 1.27087005808e-07, 1.07802655691e-07, -3.74615325427e-08, 1.20917420077e-07, 4.45694503526e-09, -7.28729290245e-08, -2.49924365647e-08, -2.33858035159e-08, 1.2758045731e-09, -4.24147800215e-10, 1.40901124102e-09, 1.43645095818e-09, 2.07764450089e-09, -2.30688024239e-10, -3.33485739024e-10, -1.85959400656e-10, 7.11752878857e-11, -1.51444662366e-10, -7.19177079e-11, -1.9059216011e-11, -2.82386961037e-12, -1.83364445589e-13, 2.27925673262e-14], [2.1399041393e-12, 7.98900390286e-11, 1.77891990027e-09, 2.30752017494e-09, 1.07802655691e-07, 7.55727705837e-06, 4.73015279567e-06, -5.52698111278e-07, 1.61203189464e-07, 5.43994531199e-07, -3.85473640563e-07, 8.99896463125e-07, -1.72373137985e-08, 8.32171043186e-09, 2.61756198938e-08, 1.4471692289e-08, 2.07047504142e-10, -1.44899798826e-08, -8.52468584611e-09, 7.9184863111e-09, 4.79152273414e-09, 1.17964793489e-09, -1.55543203317e-10, -3.2179210685e-11, -9.26369120302e-11, 1.32599497788e-13, 3.53559385545e-13], [3.50258398674e-11, 1.5775134532e-09, -1.74226411076e-09, 1.18604654986e-08, -3.74615325427e-08, 4.73015279567e-06, 0.000113649111881, 9.9787102954e-06, 1.56839644205e-06, 6.61284639136e-06, 3.19475361721e-06, 1.27831060581e-06, 1.07069490696e-06, 4.74660993177e-07, 1.8832680837e-07, 1.28793871568e-07, 1.00898368771e-07, 7.61927338999e-08, 1.34824418296e-07, 3.69849750825e-08, 2.96266460253e-08, 1.18557519357e-08, 2.56176968527e-09, 2.03214156613e-09, 1.99832705938e-10, 5.34499571339e-12, 2.50455710858e-12], [1.70225378932e-11, 1.23637957511e-11, -2.07287054188e-09, 2.60580481637e-08, 1.20917420077e-07, -5.52698111278e-07, 9.9787102954e-06, 2.49996501225e-05, 2.4111914172e-06, 4.58804424852e-06, 6.34501748209e-06, 2.69527822638e-06, 1.40610302424e-06, 7.64348214943e-07, 1.92540312582e-07, 1.78159268671e-07, 2.35500039025e-07, 2.60688665321e-07, 2.56121438724e-07, 6.19525977186e-08, 4.85280899909e-08, 2.18022169207e-08, 7.04158020781e-09, 3.81061404653e-09, 9.73400693383e-10, 2.85820291046e-11, 1.73315886382e-12], [1.99777282391e-12, -5.09198135046e-11, -2.30732322137e-09, 1.66858438178e-09, 4.45694503526e-09, 1.61203189464e-07, 1.56839644205e-06, 2.4111914172e-06, 2.87512580144e-06, 3.25936730405e-06, 1.90005323475e-06, 1.0128279655e-06, 5.73212787458e-07, 2.50913842592e-07, 1.01447447776e-07, 2.36839525769e-08, 3.65884211817e-08, 1.08327753878e-07, 7.88340983604e-08, 2.81621748144e-08, 3.09832408618e-08, 1.15802887279e-08, 4.51364856602e-09, 1.522749149e-09, 4.34851571418e-10, 1.65323883056e-11, 4.87763150182e-13], [5.65233797267e-12, 1.0469140832e-10, -4.61712090782e-09, -6.1620286651e-09, -7.28729290245e-08, 5.43994531199e-07, 6.61284639136e-06, 4.58804424852e-06, 3.25936730405e-06, 1.49046818478e-05, 4.63323294753e-06, 2.35954644268e-06, 7.72161627083e-07, 3.80325303695e-07, 1.20622587474e-07, 1.03534482321e-07, 1.13496604115e-07, 1.46255885625e-07, 1.70794038468e-07, 5.19654257403e-08, 5.48328351613e-08, 2.18417035569e-08, 5.88278625813e-09, 2.52693843628e-09, 5.38754652002e-10, 1.82320530201e-11, 9.48167542744e-13], [5.68609352311e-12, 5.22904386457e-10, -1.50493995044e-09, 5.39316546977e-09, -2.49924365647e-08, -3.85473640563e-07, 3.19475361721e-06, 6.34501748209e-06, 1.90005323475e-06, 4.63323294753e-06, 7.39599408917e-06, 1.99726264327e-06, 6.35249591596e-07, 3.73282574628e-07, 1.21431668276e-07, 1.21853020119e-07, 1.40491891898e-07, 1.43220574955e-07, 1.38724558951e-07, 5.58414292584e-08, 4.1654971028e-08, 2.08283967851e-08, 6.13362560742e-09, 2.41355069264e-09, 6.75086930801e-10, 2.1165909303e-11, 8.01613875105e-13], [2.73619451749e-12, -7.79635175863e-11, -2.09458606015e-09, 1.96518623596e-09, -2.33858035159e-08, 8.99896463125e-07, 1.27831060581e-06, 2.69527822638e-06, 1.0128279655e-06, 2.35954644268e-06, 1.99726264327e-06, 2.95568224828e-06, 3.57652396588e-07, 2.25945299803e-07, 9.32417449917e-08, 5.75068348496e-08, 7.27159488179e-08, 8.92516496265e-08, 7.48231983039e-08, 3.88026464293e-08, 3.05641698617e-08, 1.49470213984e-08, 4.83874096346e-09, 1.41914080487e-09, 4.16149920079e-10, 1.561915354e-11, 5.06231504199e-13], [1.59048100211e-12, 2.06166750338e-11, -7.94691368267e-10, 1.89242732596e-09, 1.2758045731e-09, -1.72373137985e-08, 1.07069490696e-06, 1.40610302424e-06, 5.73212787458e-07, 7.72161627083e-07, 6.35249591596e-07, 3.57652396588e-07, 4.03997233889e-07, 1.39634479979e-07, 4.02921394027e-08, 1.47859200439e-08, 1.71094072243e-08, 3.12301438044e-08, 3.98819892666e-08, 1.2593148746e-08, 1.24067902618e-08, 4.38502301137e-09, 1.59976587533e-09, 5.95001437009e-10, 1.5664415598e-10, 5.9876006063e-12, 2.23136870851e-13], [7.91724324989e-13, 1.23846514641e-11, -1.18015694439e-10, 1.27731580868e-09, -4.24147800215e-10, 8.32171043186e-09, 4.74660993177e-07, 7.64348214943e-07, 2.50913842592e-07, 3.80325303695e-07, 3.73282574628e-07, 2.25945299803e-07, 1.39634479979e-07, 9.79409122692e-08, 2.29512391314e-08, 9.58599599699e-09, 1.43427696386e-08, 1.67142424345e-08, 1.74737966319e-08, 5.84170400941e-09, 6.12101791475e-09, 2.83452727956e-09, 8.23221879553e-10, 3.12704251382e-10, 7.87577433825e-11, 2.94443115723e-12, 1.06938289062e-13], [2.70431544996e-13, 2.90884503984e-11, 4.70442351741e-10, 2.13914574942e-09, 1.40901124102e-09, 2.61756198938e-08, 1.8832680837e-07, 1.92540312582e-07, 1.01447447776e-07, 1.20622587474e-07, 1.21431668276e-07, 9.32417449917e-08, 4.02921394027e-08, 2.29512391314e-08, 3.12132755198e-08, 8.62610605168e-09, 4.92659912865e-09, 7.47282236091e-09, 7.60429763602e-09, 2.31071517476e-09, 3.0402156348e-09, 9.96666416064e-10, 4.12208850387e-10, 1.38645178671e-10, 3.4800159282e-11, 1.78179649854e-12, 5.23493195407e-14], [2.19986626571e-13, 3.65766236743e-11, 2.39823327863e-10, 6.97147173323e-10, 1.43645095818e-09, 1.4471692289e-08, 1.28793871568e-07, 1.78159268671e-07, 2.36839525769e-08, 1.03534482321e-07, 1.21853020119e-07, 5.75068348496e-08, 1.47859200439e-08, 9.58599599699e-09, 8.62610605168e-09, 7.8750614918e-09, 5.62830493323e-09, 2.74349298834e-09, 4.12117140414e-09, 1.44362322096e-09, 1.36388045302e-09, 4.97021812595e-10, 1.45959147546e-10, 6.71868533031e-11, 1.6998756569e-11, 6.95368838465e-13, 2.86533966584e-14], [1.82614963732e-13, 2.34452266629e-11, 2.02065503219e-10, 6.30021479431e-10, 2.07764450089e-09, 2.07047504142e-10, 1.00898368771e-07, 2.35500039025e-07, 3.65884211817e-08, 1.13496604115e-07, 1.40491891898e-07, 7.27159488179e-08, 1.71094072243e-08, 1.43427696386e-08, 4.92659912865e-09, 5.62830493323e-09, 9.69154267949e-09, 3.67279984204e-09, 4.46175629776e-09, 1.73145930926e-09, 1.38115785475e-09, 6.9185401852e-10, 1.70350858419e-10, 7.10117173397e-11, 2.18693500809e-11, 7.72865983451e-13, 2.41213129928e-14], [2.02590534951e-13, 7.32968893913e-12, -4.28288654541e-11, 5.97710381189e-10, -2.30688024239e-10, -1.44899798826e-08, 7.61927338999e-08, 2.60688665321e-07, 1.08327753878e-07, 1.46255885625e-07, 1.43220574955e-07, 8.92516496265e-08, 3.12301438044e-08, 1.67142424345e-08, 7.47282236091e-09, 2.74349298834e-09, 3.67279984204e-09, 1.29131532134e-08, 6.9473027331e-09, 2.08108996702e-09, 2.00540495321e-09, 7.99098953674e-10, 4.17946427467e-10, 1.23053303658e-10, 3.27632747321e-11, 1.18616249635e-12, 4.34894125107e-14], [2.9104461354e-13, 9.64233727585e-12, -5.01813035569e-11, 5.36085897895e-10, -3.33485739024e-10, -8.52468584611e-09, 1.34824418296e-07, 2.56121438724e-07, 7.88340983604e-08, 1.70794038468e-07, 1.38724558951e-07, 7.48231983039e-08, 3.98819892666e-08, 1.74737966319e-08, 7.60429763602e-09, 4.12117140414e-09, 4.46175629776e-09, 6.9473027331e-09, 1.02429353888e-08, 2.25192664516e-09, 1.91979387942e-09, 7.51277651201e-10, 3.28888083434e-10, 1.17054130278e-10, 3.00271266185e-11, 1.07262115856e-12, 2.92660793061e-14], [6.82825107221e-14, -4.20665428489e-13, -4.80637335487e-11, 7.48352213531e-11, -1.85959400656e-10, 7.9184863111e-09, 3.69849750825e-08, 6.19525977186e-08, 2.81621748144e-08, 5.19654257403e-08, 5.58414292584e-08, 3.88026464293e-08, 1.2593148746e-08, 5.84170400941e-09, 2.31071517476e-09, 1.44362322096e-09, 1.73145930926e-09, 2.08108996702e-09, 2.25192664516e-09, 1.60454438625e-09, 1.08498898754e-09, 4.30359470283e-10, 1.42219083732e-10, 3.97801722118e-11, 1.2034227781e-11, 5.12486266532e-13, 1.39872388642e-14], [6.27818313287e-14, 2.69236629519e-12, -7.87821110432e-12, 1.10563697087e-10, 7.11752878857e-11, 4.79152273414e-09, 2.96266460253e-08, 4.85280899909e-08, 3.09832408618e-08, 5.48328351613e-08, 4.1654971028e-08, 3.05641698617e-08, 1.24067902618e-08, 6.12101791475e-09, 3.0402156348e-09, 1.36388045302e-09, 1.38115785475e-09, 2.00540495321e-09, 1.91979387942e-09, 1.08498898754e-09, 1.43642986394e-09, 4.0020803338e-10, 1.36099423398e-10, 3.48172463083e-11, 1.05905033007e-11, 4.81651936217e-13, 1.48584723898e-14], [3.19358492288e-14, 4.54538804599e-13, -1.87145333952e-11, 2.20357638386e-11, -1.51444662366e-10, 1.17964793489e-09, 1.18557519357e-08, 2.18022169207e-08, 1.15802887279e-08, 2.18417035569e-08, 2.08283967851e-08, 1.49470213984e-08, 4.38502301137e-09, 2.83452727956e-09, 9.96666416064e-10, 4.97021812595e-10, 6.9185401852e-10, 7.99098953674e-10, 7.51277651201e-10, 4.30359470283e-10, 4.0020803338e-10, 2.02696540108e-10, 5.17674132727e-11, 1.53583881723e-11, 4.58167054643e-12, 1.77022784452e-13, 4.70058604738e-15], [8.98376865792e-15, 3.88939152152e-13, -3.25706562415e-12, 2.14752243766e-11, -7.19177079e-11, -1.55543203317e-10, 2.56176968527e-09, 7.04158020781e-09, 4.51364856602e-09, 5.88278625813e-09, 6.13362560742e-09, 4.83874096346e-09, 1.59976587533e-09, 8.23221879553e-10, 4.12208850387e-10, 1.45959147546e-10, 1.70350858419e-10, 4.17946427467e-10, 3.28888083434e-10, 1.42219083732e-10, 1.36099423398e-10, 5.17674132727e-11, 2.56005477234e-11, 6.79728669184e-12, 1.9345378164e-12, 7.69689691214e-14, 1.77631692297e-15], [5.28099462218e-15, 2.27830937709e-13, -7.58581782459e-13, 8.79309559193e-12, -1.9059216011e-11, -3.2179210685e-11, 2.03214156613e-09, 3.81061404653e-09, 1.522749149e-09, 2.52693843628e-09, 2.41355069264e-09, 1.41914080487e-09, 5.95001437009e-10, 3.12704251382e-10, 1.38645178671e-10, 6.71868533031e-11, 7.10117173397e-11, 1.23053303658e-10, 1.17054130278e-10, 3.97801722118e-11, 3.48172463083e-11, 1.53583881723e-11, 6.79728669184e-12, 2.76692059022e-12, 6.7555341746e-13, 2.51204493405e-14, 6.38848607143e-16], [1.02383233439e-15, 4.5894142436e-14, -2.05269639177e-13, 1.85390093034e-12, -2.82386961037e-12, -9.26369120302e-11, 1.99832705938e-10, 9.73400693383e-10, 4.34851571418e-10, 5.38754652002e-10, 6.75086930801e-10, 4.16149920079e-10, 1.5664415598e-10, 7.87577433825e-11, 3.4800159282e-11, 1.6998756569e-11, 2.18693500809e-11, 3.27632747321e-11, 3.00271266185e-11, 1.2034227781e-11, 1.05905033007e-11, 4.58167054643e-12, 1.9345378164e-12, 6.7555341746e-13, 2.34502440253e-13, 8.16909914551e-15, 2.08301363007e-16], [3.42112537667e-17, 4.97602739754e-16, -1.83052815392e-14, 9.6812803e-14, -1.83364445589e-13, 1.32599497788e-13, 5.34499571339e-12, 2.85820291046e-11, 1.65323883056e-11, 1.82320530201e-11, 2.1165909303e-11, 1.561915354e-11, 5.9876006063e-12, 2.94443115723e-12, 1.78179649854e-12, 6.95368838465e-13, 7.72865983451e-13, 1.18616249635e-12, 1.07262115856e-12, 5.12486266532e-13, 4.81651936217e-13, 1.77022784452e-13, 7.69689691214e-14, 2.51204493405e-14, 8.16909914551e-15, 5.81270854339e-16, 1.97699723277e-17], [2.37035470126e-18, 9.87135836325e-17, -4.44232252539e-16, 2.02397506307e-15, 2.27925673262e-14, 3.53559385545e-13, 2.50455710858e-12, 1.73315886382e-12, 4.87763150182e-13, 9.48167542744e-13, 8.01613875105e-13, 5.06231504199e-13, 2.23136870851e-13, 1.06938289062e-13, 5.23493195407e-14, 2.86533966584e-14, 2.41213129928e-14, 4.34894125107e-14, 2.92660793061e-14, 1.39872388642e-14, 1.48584723898e-14, 4.70058604738e-15, 1.77631692297e-15, 6.38848607143e-16, 2.08301363007e-16, 1.97699723277e-17, 1.8233990988e-18]]
    },
    "mfcc": {
        "kurt": [1.04503631592, 0.48908162117, 0.921369552612, -0.785391807556, -0.790797710419, -0.348554372787, -0.245046377182, -0.210656881332, 0.0644638538361, 0.448730707169, -0.405977725983, -0.145626068115, -0.2770652771],
        "max": [-612.729003906, 212.479187012, 55.8035621643, 51.6990509033, -5.50384521484, 4.84336090088, 8.33572769165, 15.8910484314, 21.7272529602, 9.85902404785, 24.1713218689, 30.7784843445, 33.89635849],
        "mean": [-785.276916504, 144.947402954, -46.3952789307, -5.9725689888, -57.6153106689, -27.7189388275, -20.607170105, -19.320274353, -11.3848361969, -16.4557743073, -13.4004440308, 1.61313128471, 3.37346029282],
        "median": [-769.677734375, 146.288391113, -49.3127708435, -7.49102401733, -58.239490509, -27.8381919861, -20.6330814362, -18.9573173523, -11.9413166046, -16.4671363831, -13.4588508606, 0.735261917114, 2.88731765747],
        "min": [-1101.28588867, 42.413860321, -106.91557312, -53.0355644226, -105.26121521, -57.3653678894, -46.3615570068, -57.7590866089, -39.0307884216, -53.8272399902, -42.1512527466, -26.1873779297, -25.1377983093],
        "skew": [-0.990695774555, -0.586349844933, 0.849574625492, 0.106715790927, 0.0937603712082, -0.0277387723327, 0.118869900703, -0.092432141304, 0.0140546262264, -0.106285504997, 0.146418049932, 0.27740252018, 0.196163833141],
        "var": [9384.72070312, 834.251586914, 790.60559082, 474.318084717, 504.618103027, 143.562194824, 105.246078491, 156.706222534, 112.65650177, 89.2942047119, 133.095962524, 95.9536056519, 116.659828186],
        "cov": [[9406.54589844, 980.283630371, -2330.42675781, -691.661560059, -1273.65905762, -142.190536499, -379.103790283, -14.8821144104, -373.143798828, -122.437698364, 144.459594727, 183.971237183, 9.53563976288], [980.283630371, 836.191711426, -177.163955688, -87.7678756714, -237.748321533, -136.868637085, -114.340110779, -179.055831909, -40.1463317871, -79.1406402588, -60.0804595947, -24.9733219147, -18.1774959564], [-2330.42675781, -177.163955688, 792.444213867, 276.354400635, 413.212524414, 55.1593971252, 112.962936401, 16.3937587738, 65.1108703613, 45.2340927124, -51.2422027588, -74.396270752, -36.3473548889], [-691.661560059, -87.7678756714, 276.354400635, 475.421142578, 331.991760254, 98.9664154053, 65.8236694336, 16.9354114532, 57.3839111328, -26.9930000305, -50.7393074036, 36.7713317871, 41.858707428], [-1273.65905762, -237.748321533, 413.212524414, 331.991760254, 505.791656494, 122.407173157, 88.484375, 58.2657279968, 77.6000518799, 21.9093379974, -15.922794342, 34.5238571167, 22.1480426788], [-142.190536499, -136.868637085, 55.1593971252, 98.9664154053, 122.407173157, 143.896072388, 33.9513587952, 24.2266426086, 15.7566137314, 3.91762328148, -3.88528132439, 13.8967065811, 16.8622055054], [-379.103790283, -114.340110779, 112.962936401, 65.8236694336, 88.484375, 33.9513587952, 105.490837097, 61.2702140808, 22.6957817078, 31.3651027679, 7.14031457901, 0.311084359884, -6.54712772369], [-14.8821144104, -179.055831909, 16.3937587738, 16.9354114532, 58.2657279968, 24.2266426086, 61.2702140808, 157.070663452, 29.5870494843, 43.052898407, 35.6935195923, 16.8816833496, 0.532684862614], [-373.143798828, -40.1463317871, 65.1108703613, 57.3839111328, 77.6000518799, 15.7566137314, 22.6957817078, 29.5870494843, 112.918495178, 15.0251321793, -14.8357648849, 6.83980321884, 5.69783067703], [-122.437698364, -79.1406402588, 45.2340927124, -26.9930000305, 21.9093379974, 3.91762328148, 31.3651027679, 43.052898407, 15.0251321793, 89.5018615723, 44.32472229, -12.0228366852, -17.6773986816], [144.459594727, -60.0804595947, -51.2422027588, -50.7393074036, -15.922794342, -3.88528132439, 7.14031457901, 35.6935195923, -14.8357648849, 44.32472229, 133.405487061, 26.3529415131, -31.1107158661], [183.971237183, -24.9733219147, -74.396270752, 36.7713317871, 34.5238571167, 13.8967065811, 0.311084359884, 16.8816833496, 6.83980321884, -12.0228366852, 26.3529415131, 96.1767501831, 50.1112289429], [9.53563976288, -18.1774959564, -36.3473548889, 41.858707428, 22.1480426788, 16.8622055054, -6.54712772369, 0.532684862614, 5.69783067703, -17.6773986816, -31.1107158661, 50.1112289429, 116.931129456]]
    },
    "sccoeffs": {
        "kurt": [-0.0691833496094, -0.182783842087, -0.0355932712555, 0.00508880615234, 0.707015991211, 0.144702672958],
        "max": [-0.361800909042, -0.264321506023, -0.485777825117, -0.598921120167, -0.647210419178, -0.655349254608],
        "mean": [-0.628313839436, -0.65554279089, -0.757694065571, -0.776910543442, -0.819506525993, -0.772530019283],
        "median": [-0.633441925049, -0.675174593925, -0.763811528683, -0.77817094326, -0.821763932705, -0.770830094814],
        "min": [-0.85911411047, -0.913942396641, -0.925080180168, -0.908862292767, -0.919676780701, -0.874257385731],
        "skew": [0.275489211082, 0.460926294327, 0.444724172354, 0.363555490971, 0.388818442822, -0.152954310179],
        "var": [0.00826584920287, 0.0162947811186, 0.00539941340685, 0.00325491069816, 0.00151087029371, 0.00127806398086],
        "cov": [[0.00828507263213, 0.00129412929527, 0.000498868525028, 0.00121555163059, 0.000976363779046, 0.000918920559343], [0.00129412929527, 0.0163326747715, 0.00520992651582, 0.00237911799923, 0.000917907804251, 0.00189318298362], [0.000498868525028, 0.00520992651582, 0.00541197042912, 0.00118968670722, 0.000490912643727, 0.00118397374172], [0.00121555163059, 0.00237911799923, 0.00118968670722, 0.00326248025522, 0.00124047102872, 0.00077414320549], [0.000976363779046, 0.000917907804251, 0.000490912643727, 0.00124047102872, 0.00151438394096, 0.000418049865402], [0.000918920559343, 0.00189318298362, 0.00118397374172, 0.00077414320549, 0.000418049865402, 0.00128103618044]]
    },
    "scvalleys": {
        "kurt": [0.284967899323, 0.954636335373, 0.566357374191, 0.91397190094, 1.10439777374, 0.957840919495],
        "max": [-6.86042165756, -4.27232885361, -4.1240196228, -5.57228326797, -6.65824365616, -8.59941768646],
        "mean": [-8.90463352203, -6.03283309937, -6.36038827896, -7.81020355225, -8.39563655853, -10.8172540665],
        "median": [-8.8009185791, -5.94617319107, -6.19734716415, -7.66973924637, -8.29951190948, -10.7264785767],
        "min": [-11.5919618607, -9.8986787796, -10.6169500351, -11.8280134201, -11.5169038773, -14.5687332153],
        "skew": [-0.608522772789, -0.888365387917, -0.771671533585, -0.856441438198, -1.00844562054, -0.745167970657],
        "var": [0.550738096237, 1.24824714661, 1.66939747334, 1.28476977348, 0.942127227783, 1.06993603706],
        "cov": [[0.552018880844, 0.357151418924, 0.375695824623, 0.383646458387, 0.382704228163, 0.403144061565], [0.357151418924, 1.25115001202, 1.25988030434, 1.08506023884, 0.86277872324, 0.780224442482], [0.375695824623, 1.25988030434, 1.67327976227, 1.34002888203, 1.07968461514, 1.00992929935], [0.383646458387, 1.08506023884, 1.34002888203, 1.28775763512, 0.99293923378, 0.970161676407], [0.382704228163, 0.86277872324, 1.07968461514, 0.99293923378, 0.944318175316, 0.926470935345], [0.403144061565, 0.780224442482, 1.00992929935, 0.970161676407, 0.926470935345, 1.07242429256]]
    }
},
"rhythm": {
    "beats_loudness": {
        "kurt": -1.2090088129,
        "max": 0.0698749870062,
        "mean": 0.0304640009999,
        "median": 0.0230767466128,
        "min": 0.000601212203037,
        "skew": 0.30006095767,
        "var": 0.000521712412592
    },
    "bpm": 96.2981643677,
    "confidence": 3.08893084526,
    "first_peak_bpm": {
        "kurt": 0,
        "max": 96,
        "mean": 96,
        "median": 96,
        "min": 96,
        "skew": 0,
        "var": 0
    },
    "first_peak_spread": {
        "kurt": 0,
        "max": 0.700000047684,
        "mean": 0.700000047684,
        "median": 0.700000047684,
        "min": 0.700000047684,
        "skew": 0,
        "var": 0
    },
    "first_peak_weight": {
        "kurt": 0,
        "max": 0.214285716414,
        "mean": 0.214285716414,
        "median": 0.214285716414,
        "min": 0.214285716414,
        "skew": 0,
        "var": 0
    },
    "onset_rate": 3.50597071648,
    "second_peak_bpm": {
        "kurt": 0,
        "max": 103,
        "mean": 103,
        "median": 103,
        "min": 103,
        "skew": 0,
        "var": 0
    },
    "second_peak_spread": {
        "kurt": 0,
        "max": 0,
        "mean": 0,
        "median": 0,
        "min": 0,
        "skew": 0,
        "var": 0
    },
    "second_peak_weight": {
        "kurt": 0,
        "max": 0.214285716414,
        "mean": 0.214285716414,
        "median": 0.214285716414,
        "min": 0.214285716414,
        "skew": 0,
        "var": 0
    },
    "beats_loudness_band_ratio": {
        "kurt": [6.96476173401, 2.68619251251, -0.896318674088, -0.544027090073, 8.21154499054, 6.62392044067],
        "max": [0.151610434055, 0.499243468046, 0.92135155201, 0.519512653351, 0.208123624325, 0.145276680589],
        "mean": [0.0160817746073, 0.106873519719, 0.652263820171, 0.235688820481, 0.0334711037576, 0.0200696326792],
        "median": [0.000589179981034, 0.0560220070183, 0.644024431705, 0.223522812128, 0.0193114671856, 0.00729463156313],
        "min": [2.89960044029e-05, 0.00287072919309, 0.353162795305, 0.0618762560189, 0.00201039179228, 0.00114053150173],
        "skew": [2.84013938904, 1.82863628864, -0.246004253626, 0.679885804653, 3.04659199715, 2.79183673859],
        "var": [0.00150764372665, 0.0171271022409, 0.0282312799245, 0.0173023138195, 0.00235563796014, 0.00131346122362],
        "cov": [[0.00161533255596, 0.00256014289334, -0.00360653665848, -0.00216492102481, 0.000784983043559, 0.000883648346644], [0.00256014289334, 0.0183504670858, -0.0139643354341, -0.00466145714745, 0.000940166995861, 0.00126710219774], [-0.00360653665848, -0.0139643354341, 0.0302477981895, -0.00448363926262, -0.00519067188725, -0.00404244242236], [-0.00216492102481, -0.00466145714745, -0.00448363926262, 0.0185381937772, -0.00160379416775, -0.00171378429513], [0.000784983043559, 0.000940166995861, -0.00519067188725, -0.00160379416775, 0.00252389768139, 0.00181258760858], [0.000883648346644, 0.00126710219774, -0.00404244242236, -0.00171378429513, 0.00181258760858, 0.00140727986582]]
    },
    "beats_position": [0.626938760281, 1.20743763447, 1.78793644905, 2.36843538284, 2.97215414047, 3.5758728981, 4.17959165573, 4.80653047562, 5.44507932663, 6.06040811539, 6.68734693527, 7.31428575516, 7.95283412933, 8.60299301147, 9.26476192474],
    "bpm_estimates": [99.3840255737, 99.3840255737, 99.3840255737, 95.7031173706, 93.9630508423, 97.5088424683, 95.7031173706, 95.7031173706, 93.9631271362, 92.2851333618],
    "bpm_intervals": [0.580498874187, 0.580498814583, 0.580498933792, 0.603718757629, 0.603718757629, 0.603718757629, 0.626938819885, 0.638548851013, 0.615328788757, 0.626938819885, 0.626938819885, 0.638548374176, 0.650158882141, 0.661768913269],
    "onset_times": [0.18575963378, 0.592108845711, 1.01006805897, 1.20743763447, 1.49768710136, 1.71827661991, 1.95047616959, 2.33360552788, 2.53097510338, 2.67029476166, 2.97215414047, 3.19274377823, 3.47138333321, 3.80807256699, 4.08671188354, 4.12154197693, 4.40018129349, 5.14321994781, 5.24770975113, 5.4334692955, 5.75854873657, 6.22294807434, 6.43192720413, 6.58285713196, 6.84988641739, 7.00081634521, 7.27945566177, 7.56970500946, 7.8831744194, 8.13859367371, 8.17342376709, 8.498503685, 8.893242836, 9.22993183136, 9.5666217804],
    "histogram": [[0, 0, 0, 0, 0, 0, 0, 0, 0, 0, 0, 0, 0, 0, 0, 0, 0, 0, 0, 0, 0, 0, 0, 0, 0, 0, 0, 0, 0, 0, 0, 0, 0, 0, 0, 0, 0, 0, 0, 0, 0, 0, 0, 0, 0, 0, 0, 0, 0, 0, 0, 0, 0, 0, 0, 0, 0, 0, 0, 0, 0, 0, 0, 0, 0, 0, 0, 0, 0, 0, 0, 0, 0, 0, 0, 0, 0, 0, 0, 0, 0, 0, 0, 0, 0, 0, 0, 0, 0, 0, 0, 0.0714285746217, 0.0714285746217, 0, 0.142857149243, 0, 0.214285716414, 0, 0.0714285746217, 0.214285716414, 0, 0, 0, 0.214285716414, 0, 0, 0, 0, 0, 0, 0, 0, 0, 0, 0, 0, 0, 0, 0, 0, 0, 0, 0, 0, 0, 0, 0, 0, 0, 0, 0, 0, 0, 0, 0, 0, 0, 0, 0, 0, 0, 0, 0, 0, 0, 0, 0, 0, 0, 0, 0, 0, 0, 0, 0, 0, 0, 0, 0, 0, 0, 0, 0, 0, 0, 0, 0, 0, 0, 0, 0, 0, 0, 0, 0, 0, 0, 0, 0, 0, 0, 0, 0, 0, 0, 0, 0, 0, 0, 0, 0, 0, 0, 0, 0, 0, 0, 0, 0, 0, 0, 0, 0, 0, 0, 0, 0, 0, 0, 0, 0, 0, 0, 0, 0, 0, 0, 0, 0, 0, 0, 0, 0, 0, 0, 0, 0, 0, 0, 0, 0, 0, 0, 0, 0, 0, 0, 0, 0, 0, 0, 0, 0, 0, 0, 0, 0, 0, 0, 0]]
},
"sfx": {
    "inharmonicity": {
        "kurt": 3.4041390419,
        "max": 0.392207205296,
        "mean": 0.059126611799,
        "median": 0.0237512998283,
        "min": 0,
        "skew": 1.99047589302,
        "var": 0.00678664026782
    },
    "oddtoevenharmonicenergyratio": {
        "kurt": 69.7967834473,
        "max": 31.4411125183,
        "mean": 0.940445363522,
        "median": 0.234780281782,
        "min": 0,
        "skew": 7.62149333954,
        "var": 7.69950199127
    },
    "pitch_after_max_to_before_max_energy_ratio": 1.61957168579,
    "pitch_centroid": 201.100845337,
    "pitch_max_to_total": 0.00928074214607,
    "pitch_min_to_total": 0.781902551651,
    "tristimulus": {
        "kurt": [-0.778002738953, -0.55815410614, 3.30107736588],
        "max": [1, 0.815135955811, 1],
        "mean": [0.455048173666, 0.358385890722, 0.1865657866],
        "median": [0.483215421438, 0.352980673313, 0.129172727466],
        "min": [0, 0, 0],
        "skew": [-0.268453091383, 0.27687817812, 1.67292547226],
        "var": [0.0630826428533, 0.0288080032915, 0.02525668405],
        "cov": [[0.0632293447852, -0.0333944447339, -0.029834875837], [-0.0333944447339, 0.0288749989122, 0.00451945886016], [-0.029834875837, 0.00451945886016, 0.0253154207021]]
    }
},
"tonal": {
    "chords_changes_rate": 0.0787037014961,
    "chords_number_rate": 0.0277777779847,
    "chords_strength": {
        "kurt": 0.422361850739,
        "max": 0.588903367519,
        "mean": 0.378407239914,
        "median": 0.3706176579,
        "min": 0.236931219697,
        "skew": 0.707315325737,
        "var": 0.00519588217139
    },
    "key_strength": 0.175738751888,
    "tuning_diatonic_strength": 0.252386540174,
    "tuning_equal_tempered_deviation": 0.263130337,
    "tuning_frequency": 432.191345215,
    "tuning_nontempered_energy_ratio": 0.904552102089,
    "hpcp": {
        "kurt": [1.02629184723, 0.595636606216, 0.496393680573, 0.752113103867, 2.01025152206, 2.49957466125, 0.991074800491, 0.433584213257, 0.176859378815, 0.796104192734, 1.94395923615, 2.5742931366, 2.25370121002, 2.65730953217, 2.81238651276, 1.49569797516, 4.12737846375, 4.79575061798, 13.6569480896, 16.9568824768, 17.1361713409, 12.9072360992, 6.96304893494, 5.45625209808, 7.86311626434, 7.71650600433, 5.22356796265, 4.79658508301, 5.93567276001, 4.9091258049, 3.33931493759, 0.981725931168, 0.448908805847, 0.892648696899, -0.182018995285, -0.228299379349],
        "max": [1, 1, 1, 1, 1, 1, 1, 1, 1, 1, 1, 1, 1, 1, 1, 1, 1, 0.849660217762, 1, 1, 1, 1, 1, 1, 1, 1, 1, 1, 1, 1, 1, 1, 1, 1, 1, 1],
