{
"metadata": {
    "version": {
        "essentia": "2.1-beta3"
    }
},
"lowLevel": {
    "average_loudness": 0.74284607172,
    "barkbands_kurtosis": {
        "kurt": 23.2676429749,
        "max": 18.817735672,
        "mean": 0.497050523758,
        "median": -0.104999542236,
        "min": -1.62700998783,
        "skew": 3.8155734539,
        "var": 4.91046142578
    },
    "barkbands_skewness": {
        "kurt": 0.770209550858,
        "max": 4.28016853333,
        "mean": 0.492583841085,
        "median": 0.43925434351,
        "min": -2.2507686615,
        "skew": 0.280883252621,
        "var": 0.903424322605
    },
    "barkbands_spread": {
        "kurt": -0.210298299789,
        "max": 54.0523529053,
        "mean": 17.5471324921,
        "median": 14.5885686874,
        "min": 1.18587899208,
        "skew": 0.752691805363,
        "var": 133.192550659
    },
    "dissonance": {
        "kurt": 7.46831893921,
        "max": 0.499970108271,
        "mean": 0.468574553728,
        "median": 0.483453661203,
        "min": 0.243418172002,
        "skew": -2.52224206924,
        "var": 0.00165650085546
    },
    "hfc": {
        "kurt": 18.5018444061,
        "max": 498.311065674,
        "mean": 21.3843822479,
        "median": 0.0108363423496,
        "min": 7.82957044976e-07,
        "skew": 4.07623767853,
        "var": 4311.98779297
    },
    "pitch": {
        "kurt": 6.12310695648,
        "max": 3771.66943359,
        "mean": 742.925048828,
        "median": 612.639038086,
        "min": 79.5146560669,
        "skew": 2.55754160881,
        "var": 606574.875
    },
    "pitch_instantaneous_confidence": {
        "kurt": -0.595365762711,
        "max": 0.991208970547,
        "mean": 0.461937129498,
        "median": 0.405165433884,
        "min": 0.126613616943,
        "skew": 0.649239778519,
        "var": 0.0509219914675
    },
    "pitch_salience": {
        "kurt": 0.223534584045,
        "max": 0.919397890568,
        "mean": 0.641778469086,
        "median": 0.661725521088,
        "min": 0.27509662509,
        "skew": -0.743902027607,
        "var": 0.0133085576817
    },
    "silence_rate_20dB": {
        "kurt": 0,
        "max": 1,
        "mean": 1,
        "median": 1,
        "min": 1,
        "skew": 0,
        "var": 0
    },
    "silence_rate_30dB": {
        "kurt": 12.3740444183,
        "max": 1,
        "mean": 0.942238271236,
        "median": 1,
        "min": 0,
        "skew": -3.79131937027,
        "var": 0.0544249936938
    },
    "silence_rate_60dB": {
        "kurt": -0.371414422989,
        "max": 1,
        "mean": 0.768953084946,
        "median": 1,
        "min": 0,
        "skew": -1.27615582943,
        "var": 0.177664488554
    },
    "spectral_centroid": {
        "kurt": 0.296462059021,
        "max": 2512.38989258,
        "mean": 1274.98620605,
        "median": 1228.31408691,
        "min": 288.074859619,
        "skew": 0.554359972477,
        "var": 202553.34375
    },
    "spectral_complexity": {
        "kurt": 5.19547271729,
        "max": 42,
        "mean": 4.01083040237,
        "median": 0,
        "min": 0,
        "skew": 2.36941027641,
        "var": 69.2163085938
    },
    "spectral_crest": {
        "kurt": 0.225920438766,
        "max": 22.6870956421,
        "mean": 9.12638092041,
        "median": 8.08820056915,
        "min": 2.24668693542,
        "skew": 0.918626070023,
        "var": 18.6571998596
    },
    "spectral_decrease": {
        "kurt": 14.9416046143,
        "max": -6.54226741763e-17,
        "mean": -3.45446116157e-09,
        "median": -1.71667378663e-12,
        "min": -6.7083085753e-08,
        "skew": -3.7540473938,
        "var": 1.02309000266e-16
    },
    "spectral_energy": {
        "kurt": 14.4235610962,
        "max": 0.279884010553,
        "mean": 0.0149775464088,
        "median": 7.19480431144e-06,
        "min": 3.17937093319e-10,
        "skew": 3.71472764015,
        "var": 0.00192443002015
    },
    "spectral_energyband_high": {
        "kurt": 84.918800354,
        "max": 0.00504877185449,
        "mean": 8.28640477266e-05,
        "median": 7.64356187233e-08,
        "min": 3.35212066438e-11,
        "skew": 8.62337875366,
        "var": 1.91846723396e-07
    },
    "spectral_energyband_low": {
        "kurt": 52.9099998474,
        "max": 4.59553411929e-05,
        "mean": 1.23934489693e-06,
        "median": 2.06228193633e-07,
        "min": 8.20303894256e-12,
        "skew": 6.61560583115,
        "var": 1.88694459363e-11
    },
    "spectral_energyband_middle_high": {
        "kurt": 13.0473823547,
        "max": 0.202864974737,
        "mean": 0.0115749677643,
        "median": 4.46322701464e-06,
        "min": 2.66307559338e-10,
        "skew": 3.56608200073,
        "var": 0.00112795759924
    },
    "spectral_energyband_middle_low": {
        "kurt": 71.4640274048,
        "max": 0.227181628346,
        "mean": 0.00412575667724,
        "median": 2.27211194215e-06,
        "min": 1.24323225326e-11,
        "skew": 7.88731956482,
        "var": 0.000409299245803
    },
    "spectral_flatness_db": {
        "kurt": -0.279634952545,
        "max": 0.501732468605,
        "mean": 0.199868559837,
        "median": 0.167939499021,
        "min": 0.0514906644821,
        "skew": 0.838354051113,
        "var": 0.0104118529707
    },
    "spectral_flux": {
        "kurt": 4.69568824768,
        "max": 0.524180531502,
        "mean": 0.0539644323289,
        "median": 0.00217604520731,
        "min": 9.3998372904e-05,
        "skew": 2.29560208321,
        "var": 0.0111468685791
    },
    "spectral_kurtosis": {
        "kurt": 6.45273780823,
        "max": 105.554420471,
        "mean": 14.7520170212,
        "median": 8.58555221558,
        "min": -0.37805390358,
        "skew": 2.35203337669,
        "var": 249.639266968
    },
    "spectral_rms": {
        "kurt": 5.35106563568,
        "max": 0.0165244545788,
        "mean": 0.00166127481498,
        "median": 8.37813859107e-05,
        "min": 5.56940335628e-07,
        "skew": 2.46422863007,
        "var": 1.18524212667e-05
    },
    "spectral_rolloff": {
        "kurt": 0.123379468918,
        "max": 4198.97460938,
        "mean": 2139.32763672,
        "median": 2217.91992188,
        "min": 193.798828125,
        "skew": 0.168236061931,
        "var": 559553.25
    },
    "spectral_skewness": {
        "kurt": 2.58238601685,
        "max": 7.56432580948,
        "mean": 2.71548604965,
        "median": 2.38759064674,
        "min": 0.726937711239,
        "skew": 1.52620303631,
        "var": 1.26983082294
    },
    "spectral_spread": {
        "kurt": 5.074634552,
        "max": 19015448,
        "mean": 4139194.25,
        "median": 3815813.75,
        "min": 958100.5,
        "skew": 1.50392639637,
        "var": 5.73034725376e+12
    },
    "spectral_strongpeak": {
        "kurt": 45.3005905151,
        "max": 30.0420360565,
        "mean": 0.907119691372,
        "median": 0.0247750151902,
        "min": 2.24065388466e-05,
        "skew": 6.19503641129,
        "var": 9.71132564545
    },
    "zerocrossingrate": {
        "kurt": 0.518514156342,
        "max": 0.13427734375,
        "mean": 0.0682712346315,
        "median": 0.06494140625,
        "min": 0.0166015625,
        "skew": 0.800141274929,
        "var": 0.000397672672989
    },
    "barkbands": {
        "kurt": [101.421638489, 44.5152397156, 55.8772544861, 32.9154281616, 228.156845093, 232.275375366, 217.043304443, 110.66809082, 112.000770569, 86.4508895874, 138.998138428, 74.7148132324, 118.229408264, 33.8398551941, 149.633453369, 72.5935440063, 48.6861381531, 62.3028106689, 44.1741485596, 98.1452178955, 161.917022705, 104.560180664, 47.4398231506, 65.0824356079, 40.0512390137, 45.6014595032, 27.590839386],
        "max": [9.65820618148e-07, 6.42843588139e-06, 2.23503957386e-05, 2.4145207135e-05, 0.000652329646982, 0.000634721189272, 0.00220430921763, 0.00914993043989, 0.155246630311, 0.213188841939, 0.127197220922, 0.0508544519544, 0.0424573421478, 0.0400550663471, 0.0470000468194, 0.190092161298, 0.0347272343934, 0.013329198584, 0.00288894842379, 0.0103342160583, 0.00308118667454, 0.00105436367448, 3.85616440326e-05, 2.5357298e-05, 6.45363206786e-06, 1.8759706677e-07, 1.3374873653e-08],
        "mean": [1.39119675779e-08, 1.97282162162e-07, 5.6848841723e-07, 9.10685741928e-07, 5.40869177712e-06, 4.79755590277e-06, 1.7982947611e-05, 0.000121195218526, 0.00212573283352, 0.0034954904113, 0.00148149137385, 0.000889173708856, 0.000715197471436, 0.00123740697745, 0.000596149184275, 0.0029292893596, 0.000828440824989, 0.00028028601082, 6.28361885902e-05, 0.000135188296554, 3.35229342454e-05, 1.47039745571e-05, 8.99767314877e-07, 4.84227371089e-07, 1.97018621861e-07, 5.00395502812e-09, 4.72356376235e-10],
        "median": [7.10747016797e-10, 2.67700990264e-08, 8.34724573906e-08, 1.26540385281e-07, 1.76229633553e-07, 6.3430029229e-08, 5.04054966655e-08, 9.04132235746e-08, 5.68946632029e-07, 7.46097157389e-07, 1.77205336627e-07, 1.77225359721e-07, 4.37415707211e-07, 3.61949474836e-07, 1.32554845322e-07, 5.07268168803e-07, 3.64370379202e-07, 1.58149077834e-07, 9.79492043029e-08, 6.53619878221e-08, 2.18395896923e-08, 9.755677155e-09, 2.733485438e-09, 2.31544894369e-09, 1.78823567065e-09, 1.12011511177e-10, 1.68904582161e-12],
        "min": [2.16654385404e-12, 3.65193986163e-12, 2.45047992314e-12, 1.77634599738e-12, 1.02066705782e-12, 3.48243027297e-14, 1.8321380925e-13, 4.08712641639e-13, 5.44811895251e-12, 1.4076174254e-11, 7.70899316604e-12, 1.47840160253e-11, 4.53475972051e-11, 3.28864609156e-11, 9.10526515296e-12, 9.96506956813e-12, 5.66407337699e-11, 2.77135953075e-11, 4.36235735035e-11, 1.25288460162e-11, 1.57737382184e-11, 2.77127062617e-12, 1.65047608826e-12, 3.20076192113e-12, 1.87654969688e-12, 5.30595641209e-13, 1.90287086625e-14],
        "skew": [9.40025043488, 6.13405323029, 6.91468667984, 5.5215010643, 14.673406601, 14.8390426636, 14.2676820755, 9.63618850708, 9.68782806396, 8.42560100555, 10.9644889832, 8.03286743164, 9.6099319458, 5.52178096771, 11.2238702774, 8.14279079437, 6.53187227249, 7.31188774109, 6.51815700531, 9.340965271, 11.8034067154, 9.31163215637, 6.32079076767, 7.58775520325, 6.02228116989, 5.95286607742, 4.71847677231],
        "var": [5.79246657353e-15, 4.06476339133e-13, 4.72175553864e-12, 8.83013800967e-12, 1.65546210074e-09, 1.55522295042e-09, 1.94136475784e-08, 4.7493520583e-07, 0.000135920039611, 0.000294438767014, 8.14358936623e-05, 2.00615049835e-05, 9.6003195722e-06, 2.32917900576e-05, 1.05641784103e-05, 0.00028827128699, 1.28210895127e-05, 1.56512976446e-06, 1.05306931175e-07, 6.97399229921e-07, 4.37490328409e-08, 6.50849951711e-09, 1.43470044872e-11, 5.42446773263e-12, 6.13110094378e-13, 3.1509847984e-16, 2.15112495557e-18],
        "cov": [[5.81345393238e-15, 2.37890253557e-14, 9.53372512771e-14, 1.2204768988e-13, 2.35652101131e-12, 6.19194203289e-13, 1.58398869108e-12, 4.03383750014e-12, 3.61564139739e-10, 9.54742396253e-10, 7.65213933884e-11, -3.88857739411e-12, 4.74509147252e-11, 1.79691470037e-10, 2.86652507286e-11, 1.77471551344e-10, 7.37652577909e-11, 1.46952675723e-11, 1.16464615729e-11, 3.78598576101e-11, 3.40249204679e-12, 1.47218218519e-12, 9.45156428708e-14, 4.80697770542e-14, 2.75606546997e-14, 6.10899960955e-16, 3.36729411677e-17], [2.37890253557e-14, 4.07949092259e-13, 9.95813024054e-13, 1.29766618458e-12, 8.94938029933e-12, 5.71420168127e-12, 1.92663454635e-11, 6.70736730046e-11, 3.77690589914e-09, 6.38271746567e-09, 1.36969535713e-09, 3.91375820641e-11, 6.9431949079e-10, 1.459597887e-09, 5.63639301898e-10, 2.10522066446e-09, 6.86155410268e-10, 4.14384526692e-10, 1.40877490229e-10, 2.18903339899e-10, 5.03521425943e-11, 1.43690805782e-11, 8.30996729762e-13, 6.48568004857e-13, 2.78222269442e-13, 6.85204549824e-15, 2.21411513971e-16], [9.53372512771e-14, 9.95813024054e-13, 4.73886338156e-12, 4.79661622921e-12, 5.86090898036e-11, 3.54288230697e-11, 5.04246991384e-11, 2.80475725978e-10, 4.05880351551e-09, 1.77481602748e-08, 3.2799813976e-09, 1.93896759759e-10, 1.95588634178e-09, 4.26749879878e-09, 1.97757432652e-09, 3.16738502093e-09, 1.79106263154e-09, 1.2324817833e-09, 4.23006574213e-10, 3.03466557439e-10, 8.46273537358e-11, 2.69654350932e-11, 1.94769959709e-12, 1.42260021038e-12, 4.83982645627e-13, 1.22648829162e-14, 4.27861435009e-16], [1.2204768988e-13, 1.29766618458e-12, 4.79661622921e-12, 8.86213151474e-12, 7.48584250143e-11, 3.06601584399e-11, 5.4556886786e-11, 9.78722436429e-10, 6.38737285286e-09, 2.55753587197e-08, 4.40728475937e-09, 9.18273013184e-10, 3.22055337953e-09, 7.24692528209e-09, 5.14057152401e-09, 5.24395460388e-09, 4.20406820467e-09, 1.97462379781e-09, 5.11422237892e-10, 5.05380459703e-10, 1.53994844654e-10, 6.84872158985e-11, 4.55435645794e-12, 3.52140495583e-12, 6.60898961426e-13, 1.77975987897e-14, 7.62909181883e-16], [2.35652101131e-12, 8.94938029933e-12, 5.86090898036e-11, 7.48584250143e-11, 1.66146008063e-09, 4.50087217496e-10, 2.47813630727e-10, 4.78190731457e-09, 4.96193877098e-08, 2.43549720835e-07, 5.86856607754e-09, 1.84214443699e-09, 2.06115853274e-08, 7.41540162608e-08, 1.72192926584e-08, 4.57451276858e-09, 1.0049365784e-08, 3.87575926908e-09, 3.14063997031e-09, 2.22016560691e-09, 7.18341275352e-10, 1.82258999559e-10, 1.62835404882e-11, 8.88543405519e-12, 1.53028392909e-12, 5.23655622445e-14, 5.33237013505e-15], [6.19194203289e-13, 5.71420168127e-12, 3.54288230697e-11, 3.06601584399e-11, 4.50087217496e-10, 1.56085777636e-09, 1.46594314465e-09, 2.29912000549e-09, 2.78688645494e-08, 7.11756911187e-08, 3.6872030762e-08, 1.11237030698e-09, 2.33763586266e-08, 1.94856735192e-08, 2.30876437968e-08, 1.50413690392e-08, 1.01140420483e-08, 7.17659442984e-09, 5.67421709619e-09, 7.0990141543e-10, 3.97639532412e-10, 1.18703602503e-10, 1.31487494504e-11, 1.21384421611e-11, 2.11713285792e-12, 4.8086866791e-14, 2.4765528136e-15], [1.58398869108e-12, 1.92663454635e-11, 5.04246991384e-11, 5.4556886786e-11, 2.47813630727e-10, 1.46594314465e-09, 1.94839859802e-08, 2.93204838187e-09, 3.62304208856e-09, 2.05227266292e-07, 1.01771456684e-06, 6.14676931576e-09, 1.12514882744e-07, 7.64707550616e-08, 7.81441897857e-08, -4.87461493393e-09, 6.48651266033e-08, 2.62974193532e-08, 2.24240377378e-08, 3.61557050965e-09, 4.6626991157e-09, 9.63032098511e-10, 1.01972132127e-10, 2.04041131213e-10, 1.22366396529e-11, 5.79517553737e-13, 7.97895803654e-15], [4.03383750014e-12, 6.70736730046e-11, 2.80475725978e-10, 9.78722436429e-10, 4.78190731457e-09, 2.29912000549e-09, 2.93204838187e-09, 4.76655998227e-07, 1.43108749739e-07, 8.10933215689e-07, 1.83626440275e-07, 6.03133003096e-07, 4.17105638917e-07, 6.51882146485e-07, 1.09486188649e-06, 5.08841822011e-07, 7.0433094379e-07, 1.32625714855e-07, 3.5313245661e-08, 1.85313293599e-08, 2.59092409749e-08, 1.6793171298e-08, 1.08280551192e-09, 7.49445561166e-10, 5.34158654808e-11, 2.12004437443e-12, 2.4881187605e-13], [3.61564139739e-10, 3.77690589914e-09, 4.05880351551e-09, 6.38737285286e-09, 4.96193877098e-08, 2.78688645494e-08, 3.62304208856e-09, 1.43108749739e-07, 0.000136412505526, 6.83552134433e-05, -2.03981426239e-06, -3.78086269848e-07, 5.40194469068e-06, 2.44691782427e-05, 3.95657707486e-07, 8.58194180182e-05, 7.26035204934e-06, 3.56834516424e-06, 8.41485586989e-07, 5.97375174038e-06, 9.00182101304e-07, 2.5183706498e-07, 1.75608700914e-08, 5.08523623211e-09, 5.37572963921e-09, 1.50226595053e-10, 7.5836368435e-12], [9.54742396253e-10, 6.38271746567e-09, 1.77481602748e-08, 2.55753587197e-08, 2.43549720835e-07, 7.11756911187e-08, 2.05227266292e-07, 8.10933215689e-07, 6.83552134433e-05, 0.000295505567919, 2.25485691772e-05, 1.47902119352e-06, 9.23196330405e-06, 3.27432499034e-05, 6.83843745719e-06, 3.05392422888e-05, 2.38461852859e-05, 6.72691840009e-06, 3.0416986192e-06, 1.11827484943e-05, 6.21348988261e-07, 4.22272080414e-07, 2.52270400125e-08, 1.2703705643e-08, 8.91809737169e-09, 1.73768513467e-10, 7.77672544416e-12], [7.65213933884e-11, 1.36969535713e-09, 3.2799813976e-09, 4.40728475937e-09, 5.86856607754e-09, 3.6872030762e-08, 1.01771456684e-06, 1.83626440275e-07, -2.03981426239e-06, 2.25485691772e-05, 8.17309555714e-05, 1.11566923806e-05, 9.24659434531e-06, 9.54506776907e-06, 6.77267189531e-06, -5.07763218138e-07, 5.00546002513e-06, 2.82268342744e-06, 1.24695429804e-06, 2.391151952e-07, 3.69599206351e-07, 9.2192372847e-08, 7.90142618001e-09, 1.30183295255e-08, 1.31700128581e-09, 4.81736386893e-11, 1.3427231332e-12], [-3.88857739411e-12, 3.91375820641e-11, 1.93896759759e-10, 9.18273013184e-10, 1.84214443699e-09, 1.11237030698e-09, 6.14676931576e-09, 6.03133003096e-07, -3.78086269848e-07, 1.47902119352e-06, 1.11566923806e-05, 2.01341918e-05, 3.41963550454e-06, 2.6305758638e-06, 3.24987422573e-06, 3.14498208809e-07, 1.89129320916e-06, 7.09467713023e-07, 4.27856363672e-08, 3.13784589423e-08, 1.60634087365e-07, 6.14381576725e-08, 2.79929324165e-09, 1.6229230182e-09, 5.24010779213e-10, 1.46961505465e-11, 2.59550172153e-12], [4.74509147252e-11, 6.9431949079e-10, 1.95588634178e-09, 3.22055337953e-09, 2.06115853274e-08, 2.33763586266e-08, 1.12514882744e-07, 4.17105638917e-07, 5.40194469068e-06, 9.23196330405e-06, 9.24659434531e-06, 3.41963550454e-06, 9.63510319707e-06, 9.34576837608e-06, 2.93378116112e-06, 3.60279568667e-06, 2.05820083465e-06, 1.17305319236e-06, 3.78594762651e-07, 1.61189177561e-07, 9.90472273088e-08, 3.0634172532e-08, 2.32405739098e-09, 2.29417418396e-09, 3.82696818679e-10, 1.12886809275e-11, 6.89777662072e-13], [1.79691470037e-10, 1.459597887e-09, 4.26749879878e-09, 7.24692528209e-09, 7.41540162608e-08, 1.94856735192e-08, 7.64707550616e-08, 6.51882146485e-07, 2.44691782427e-05, 3.27432499034e-05, 9.54506776907e-06, 2.6305758638e-06, 9.34576837608e-06, 2.33761802519e-05, 4.16796001446e-06, 1.88566846191e-05, 7.67481651565e-06, 3.26311715071e-06, 4.68628087447e-07, 1.2882885585e-06, 5.32452759217e-07, 1.97482393105e-07, 9.06269104206e-09, 5.01035213318e-09, 1.46851431015e-09, 4.11601239203e-11, 1.80728099586e-12], [2.86652507286e-11, 5.63639301898e-10, 1.97757432652e-09, 5.14057152401e-09, 1.72192926584e-08, 2.30876437968e-08, 7.81441897857e-08, 1.09486188649e-06, 3.95657707486e-07, 6.83843745719e-06, 6.77267189531e-06, 3.24987422573e-06, 2.93378116112e-06, 4.16796001446e-06, 1.06024544948e-05, 3.80991741622e-06, 6.38149640508e-06, 1.26169140913e-06, 2.39766023924e-07, 1.73318994712e-07, 1.54414621534e-07, 5.44271507863e-08, 3.93196541992e-09, 4.45336745258e-09, 4.54730253452e-10, 1.36087582175e-11, 7.22741202823e-13], [1.77471551344e-10, 2.10522066446e-09, 3.16738502093e-09, 5.24395460388e-09, 4.57451276858e-09, 1.50413690392e-08, -4.87461493393e-09, 5.08841822011e-07, 8.58194180182e-05, 3.05392422888e-05, -5.07763218138e-07, 3.14498208809e-07, 3.60279568667e-06, 1.88566846191e-05, 3.80991741622e-06, 0.000289315736154, 2.11445221794e-05, 5.96503923589e-06, 1.05212291146e-06, 5.33352704224e-06, 9.51061281285e-07, 4.98425606565e-07, 4.33272617784e-08, 6.31176844124e-09, 6.48558939886e-09, 1.63445340595e-10, 1.04392093928e-11], [7.37652577909e-11, 6.86155410268e-10, 1.79106263154e-09, 4.20406820467e-09, 1.0049365784e-08, 1.01140420483e-08, 6.48651266033e-08, 7.0433094379e-07, 7.26035204934e-06, 2.38461852859e-05, 5.00546002513e-06, 1.89129320916e-06, 2.05820083465e-06, 7.67481651565e-06, 6.38149640508e-06, 2.11445221794e-05, 1.28675428641e-05, 1.77047411398e-06, 3.63410208593e-07, 1.17478157335e-06, 2.69261107633e-07, 1.37687578672e-07, 6.39101838118e-09, 4.48872494729e-09, 1.13607667718e-09, 2.71962834197e-11, 2.6726405377e-12], [1.46952675723e-11, 4.14384526692e-10, 1.2324817833e-09, 1.97462379781e-09, 3.87575926908e-09, 7.17659442984e-09, 2.62974193532e-08, 1.32625714855e-07, 3.56834516424e-06, 6.72691840009e-06, 2.82268342744e-06, 7.09467713023e-07, 1.17305319236e-06, 3.26311715071e-06, 1.26169140913e-06, 5.96503923589e-06, 1.77047411398e-06, 1.57080046392e-06, 1.98839146037e-07, 2.66928395831e-07, 1.70808078792e-07, 6.54287362067e-08, 2.51314702382e-09, 1.35250544098e-09, 4.52608617252e-10, 1.06968826158e-11, 5.24871866889e-13], [1.16464615729e-11, 1.40877490229e-10, 4.23006574213e-10, 5.11422237892e-10, 3.14063997031e-09, 5.67421709619e-09, 2.24240377378e-08, 3.5313245661e-08, 8.41485586989e-07, 3.0416986192e-06, 1.24695429804e-06, 4.27856363672e-08, 3.78594762651e-07, 4.68628087447e-07, 2.39766023924e-07, 1.05212291146e-06, 3.63410208593e-07, 1.98839146037e-07, 1.05688478413e-07, 1.0369624448e-07, 1.95064604469e-08, 8.59527649055e-09, 5.22747123366e-10, 4.41243236393e-10, 1.19638340901e-10, 2.86616151819e-12, 7.69426094561e-14], [3.78598576101e-11, 2.18903339899e-10, 3.03466557439e-10, 5.05380459703e-10, 2.22016560691e-09, 7.0990141543e-10, 3.61557050965e-09, 1.85313293599e-08, 5.97375174038e-06, 1.11827484943e-05, 2.391151952e-07, 3.13784589423e-08, 1.61189177561e-07, 1.2882885585e-06, 1.73318994712e-07, 5.33352704224e-06, 1.17478157335e-06, 2.66928395831e-07, 1.0369624448e-07, 6.99926033576e-07, 6.24905709401e-08, 3.30815765892e-08, 1.72377190299e-09, 6.19076123698e-10, 5.68629754394e-10, 1.1739943219e-11, 5.89322048192e-13], [3.40249204679e-12, 5.03521425943e-11, 8.46273537358e-11, 1.53994844654e-10, 7.18341275352e-10, 3.97639532412e-10, 4.6626991157e-09, 2.59092409749e-08, 9.00182101304e-07, 6.21348988261e-07, 3.69599206351e-07, 1.60634087365e-07, 9.90472273088e-08, 5.32452759217e-07, 1.54414621534e-07, 9.51061281285e-07, 2.69261107633e-07, 1.70808078792e-07, 1.95064604469e-08, 6.24905709401e-08, 4.39075442671e-08, 1.503284075e-08, 5.22541787618e-10, 2.51094672832e-10, 7.40207548033e-11, 1.97676857522e-12, 1.09024280489e-13], [1.47218218519e-12, 1.43690805782e-11, 2.69654350932e-11, 6.84872158985e-11, 1.82258999559e-10, 1.18703602503e-10, 9.63032098511e-10, 1.6793171298e-08, 2.5183706498e-07, 4.22272080414e-07, 9.2192372847e-08, 6.14381576725e-08, 3.0634172532e-08, 1.97482393105e-07, 5.44271507863e-08, 4.98425606565e-07, 1.37687578672e-07, 6.54287362067e-08, 8.59527649055e-09, 3.30815765892e-08, 1.503284075e-08, 6.53208109824e-09, 2.33030317265e-10, 1.1082301743e-10, 3.57429016939e-11, 8.4576822542e-13, 5.37561328459e-14], [9.45156428708e-14, 8.30996729762e-13, 1.94769959709e-12, 4.55435645794e-12, 1.62835404882e-11, 1.31487494504e-11, 1.01972132127e-10, 1.08280551192e-09, 1.75608700914e-08, 2.52270400125e-08, 7.90142618001e-09, 2.79929324165e-09, 2.32405739098e-09, 9.06269104206e-09, 3.93196541992e-09, 4.33272617784e-08, 6.39101838118e-09, 2.51314702382e-09, 5.22747123366e-10, 1.72377190299e-09, 5.22541787618e-10, 2.33030317265e-10, 1.43989863435e-11, 5.54058405058e-12, 1.72659770595e-12, 4.80612389621e-14, 2.56656276974e-15], [4.80697770542e-14, 6.48568004857e-13, 1.42260021038e-12, 3.52140495583e-12, 8.88543405519e-12, 1.21384421611e-11, 2.04041131213e-10, 7.49445561166e-10, 5.08523623211e-09, 1.2703705643e-08, 1.30183295255e-08, 1.6229230182e-09, 2.29417418396e-09, 5.01035213318e-09, 4.45336745258e-09, 6.31176844124e-09, 4.48872494729e-09, 1.35250544098e-09, 4.41243236393e-10, 6.19076123698e-10, 2.51094672832e-10, 1.1082301743e-10, 5.54058405058e-12, 5.44412171594e-12, 7.98135320855e-13, 2.47305990384e-14, 9.76508709506e-16], [2.75606546997e-14, 2.78222269442e-13, 4.83982645627e-13, 6.60898961426e-13, 1.53028392909e-12, 2.11713285792e-12, 1.22366396529e-11, 5.34158654808e-11, 5.37572963921e-09, 8.91809737169e-09, 1.31700128581e-09, 5.24010779213e-10, 3.82696818679e-10, 1.46851431015e-09, 4.54730253452e-10, 6.48558939886e-09, 1.13607667718e-09, 4.52608617252e-10, 1.19638340901e-10, 5.68629754394e-10, 7.40207548033e-11, 3.57429016939e-11, 1.72659770595e-12, 7.98135320855e-13, 6.15331516209e-13, 1.2662359903e-14, 6.30089545315e-16], [6.10899960955e-16, 6.85204549824e-15, 1.22648829162e-14, 1.77975987897e-14, 5.23655622445e-14, 4.8086866791e-14, 5.79517553737e-13, 2.12004437443e-12, 1.50226595053e-10, 1.73768513467e-10, 4.81736386893e-11, 1.46961505465e-11, 1.12886809275e-11, 4.11601239203e-11, 1.36087582175e-11, 1.63445340595e-10, 2.71962834197e-11, 1.06968826158e-11, 2.86616151819e-12, 1.1739943219e-11, 1.97676857522e-12, 8.4576822542e-13, 4.80612389621e-14, 2.47305990384e-14, 1.2662359903e-14, 3.16240147904e-16, 1.52849659592e-17], [3.36729411677e-17, 2.21411513971e-16, 4.27861435009e-16, 7.62909181883e-16, 5.33237013505e-15, 2.4765528136e-15, 7.97895803654e-15, 2.4881187605e-13, 7.5836368435e-12, 7.77672544416e-12, 1.3427231332e-12, 2.59550172153e-12, 6.89777662072e-13, 1.80728099586e-12, 7.22741202823e-13, 1.04392093928e-11, 2.6726405377e-12, 5.24871866889e-13, 7.69426094561e-14, 5.89322048192e-13, 1.09024280489e-13, 5.37561328459e-14, 2.56656276974e-15, 9.76508709506e-16, 6.30089545315e-16, 1.52849659592e-17, 2.15891885809e-18]]
    },
    "mfcc": {
        "kurt": [-0.267547369003, -0.617570161819, -1.0552700758, -0.418959140778, 0.122963428497, 0.257244110107, 2.06584644318, 0.725885152817, 0.983447313309, 1.60957670212, 2.3998298645, 2.37294864655, 1.85244894028],
        "max": [-590.811828613, 167.49822998, 40.0378761292, 33.365070343, 35.9907264709, 30.8328113556, 32.1311378479, 44.0925216675, 56.4502334595, 34.8996887207, 46.7877845764, 40.4934921265, 34.4389610291],
        "mean": [-971.51385498, 71.1827316284, -50.8597488403, -15.4796667099, -1.42150080204, -5.25512313843, -2.37033629417, 8.31801986694, 7.85089349747, -2.50259423256, -2.25143718719, -5.37993240356, -10.6848306656],
        "median": [-1032.00292969, 62.3410110474, -27.8012962341, -10.4402084351, 3.93505859375, -2.40456390381, -0.132762908936, 6.6794128418, 6.0467338562, -2.0707988739, -3.82251167297, -5.81677246094, -8.63751602173],
        "min": [-1138.42004395, -4.72951507568, -187.876693726, -106.930915833, -71.4691314697, -56.0857963562, -58.9998168945, -34.1346664429, -24.0562591553, -41.32396698, -34.121131897, -38.6345596313, -58.2456474304],
        "skew": [0.925610780716, 0.354136049747, -0.532067120075, -0.619511544704, -0.823052287102, -0.692128300667, -0.95424079895, 0.292885035276, 0.720172643661, -0.0743734315038, 0.884999871254, 0.500946640968, -0.639474987984],
        "var": [21384.7910156, 1582.59399414, 4442.72949219, 1004.8782959, 393.378112793, 256.025115967, 182.499603271, 132.469955444, 208.483337402, 131.852218628, 132.908447266, 98.2163314819, 150.662963867],
        "cov": [[21462.2714844, 3752.41967773, -8989.62207031, -2754.21826172, -2208.53930664, -813.224609375, -659.844543457, 442.583740234, 1061.8392334, -182.415054321, 71.7968902588, -34.3070144653, -552.8828125], [3752.41967773, 1588.32800293, -1724.2331543, -823.895507812, -272.884521484, -329.206665039, -209.394821167, 95.3430709839, 41.5593147278, -200.730712891, -37.691822052, -38.8390846252, -101.849899292], [-8989.62207031, -1724.2331543, 4458.82666016, 1679.71081543, 944.243896484, 434.7315979, 356.651641846, -256.356140137, -508.928161621, 119.850517273, -107.933746338, -86.1920547485, 173.218063354], [-2754.21826172, -823.895507812, 1679.71081543, 1008.51916504, 326.07699585, 137.129302979, 152.193267822, -123.863014221, -170.118164062, 124.758323669, -7.2889623642, -66.2295532227, 36.7287101746], [-2208.53930664, -272.884521484, 944.243896484, 326.07699585, 394.803375244, 88.0261611938, 70.973815918, -20.342004776, -168.642913818, -17.7973213196, -5.68911504745, 2.94597601891, 64.8535308838], [-813.224609375, -329.206665039, 434.7315979, 137.129302979, 88.0261611938, 256.952758789, 125.936408997, -47.1647872925, 1.12627136707, 18.17070961, -40.6675949097, 14.1844139099, 19.0771064758], [-659.844543457, -209.394821167, 356.651641846, 152.193267822, 70.973815918, 125.936408997, 183.160842896, 6.82126760483, -23.6581363678, 19.0905437469, -61.5452270508, -25.1235923767, 10.0491924286], [442.583740234, 95.3430709839, -256.356140137, -123.863014221, -20.342004776, -47.1647872925, 6.82126760483, 132.949905396, 67.0171279907, -8.90266418457, 10.7897663116, -16.3718299866, -45.9941596985], [1061.8392334, 41.5593147278, -508.928161621, -170.118164062, -168.642913818, 1.12627136707, -23.6581363678, 67.0171279907, 209.238708496, 65.2319412231, 26.2371139526, 9.92115211487, -65.2107086182], [-182.415054321, -200.730712891, 119.850517273, 124.758323669, -17.7973213196, 18.17070961, 19.0905437469, -8.90266418457, 65.2319412231, 132.329956055, 54.7776603699, 0.241136685014, -21.8627281189], [71.7968902588, -37.691822052, -107.933746338, -7.2889623642, -5.68911504745, -40.6675949097, -61.5452270508, 10.7897663116, 26.2371139526, 54.7776603699, 133.38999939, 57.9813919067, 9.34433555603], [-34.3070144653, -38.8390846252, -86.1920547485, -66.2295532227, 2.94597601891, 14.1844139099, -25.1235923767, -16.3718299866, 9.92115211487, 0.241136685014, 57.9813919067, 98.5721893311, 61.8271827698], [-552.8828125, -101.849899292, 173.218063354, 36.7287101746, 64.8535308838, 19.0771064758, 10.0491924286, -45.9941596985, -65.2107086182, -21.8627281189, 9.34433555603, 61.8271827698, 151.208847046]]
    },
    "sccoeffs": {
        "kurt": [1.63636541367, 2.50510978699, 2.5343132019, 3.27765226364, 1.43473386765, 2.22811889648],
        "max": [-0.526082456112, -0.322210520506, -0.171600803733, -0.366599202156, -0.347001880407, -0.600711405277],
        "mean": [-0.793972671032, -0.808377146721, -0.778892636299, -0.814996778965, -0.782713055611, -0.844054400921],
        "median": [-0.807804942131, -0.847107827663, -0.830403208733, -0.852377653122, -0.826759278774, -0.862938582897],
        "min": [-0.929904103279, -0.934111058712, -0.942891895771, -0.921723783016, -0.909603238106, -0.914121210575],
        "skew": [1.27095448971, 1.66516458988, 1.61510491371, 1.77805101871, 1.44043064117, 1.50708198547],
        "var": [0.00449300091714, 0.0123390657827, 0.0213064495474, 0.0101187573746, 0.0152129055932, 0.00326198898256],
        "cov": [[0.00450927997008, 0.000818304077256, 0.000433149049059, 0.000492144667078, 0.00116936734412, 0.000639613252133], [0.000818304077256, 0.0123837729916, 0.00880599580705, 0.00765509949997, 0.00873905234039, 0.0040159211494], [0.000433149049059, 0.00880599580705, 0.0213836468756, 0.0126061160117, 0.0141048785299, 0.0059373290278], [0.000492144667078, 0.00765509949997, 0.0126061160117, 0.0101554198191, 0.010268506594, 0.00453626923263], [0.00116936734412, 0.00873905234039, 0.0141048785299, 0.010268506594, 0.0152680249885, 0.00519909150898], [0.000639613252133, 0.0040159211494, 0.0059373290278, 0.00453626923263, 0.00519909150898, 0.00327380769886]]
    },
    "scvalleys": {
        "kurt": [3.03181028366, 1.50955057144, -0.754470825195, -0.665048837662, 0.699999570847, 0.212032556534],
        "max": [-7.1379737854, -5.32421922684, -4.0788640976, -4.67740440369, -5.69029808044, -8.80678749084],
        "mean": [-10.0839385986, -9.60836791992, -8.957239151, -9.18707561493, -10.2708768845, -12.5215969086],
        "median": [-10.0835189819, -9.99500751495, -9.54799079895, -9.92053604126, -10.7306184769, -12.865685463],
        "min": [-14.7345333099, -16.5954418182, -14.2766151428, -14.5613260269, -14.6552991867, -16.2756977081],
        "skew": [0.106813274324, 0.149100869894, 0.51544880867, 0.475901216269, 0.809752762318, 0.705225169659],
        "var": [0.832696199417, 1.99192416668, 4.46312904358, 4.34067487717, 2.26533555984, 1.87900006771],
        "cov": [[0.835713207722, 0.896730363369, 1.07469463348, 1.07351410389, 0.973000764847, 0.820119380951], [0.896730363369, 1.99914133549, 2.64619135857, 2.58589935303, 1.81404948235, 1.54807507992], [1.07469463348, 2.64619135857, 4.47930002213, 4.31810092926, 2.79971933365, 2.45044732094], [1.07351410389, 2.58589935303, 4.31810092926, 4.35640192032, 2.8320286274, 2.49301671982], [0.973000764847, 1.81404948235, 2.79971933365, 2.8320286274, 2.27354311943, 1.98271417618], [0.820119380951, 1.54807507992, 2.45044732094, 2.49301671982, 1.98271417618, 1.88580811024]]
    }
},
"rhythm": {
    "beats_loudness": {
        "kurt": 0.560226917267,
        "max": 0.244288593531,
        "mean": 0.0515618100762,
        "median": 0.0134881436825,
        "min": 3.2932200611e-07,
        "skew": 1.44521796703,
        "var": 0.00596866803244
    },
    "bpm": 142.584732056,
    "confidence": 3.48170399666,
    "first_peak_bpm": {
        "kurt": 0,
        "max": 144,
        "mean": 144,
        "median": 144,
        "min": 144,
        "skew": 0,
        "var": 0
    },
    "first_peak_spread": {
        "kurt": 0,
        "max": 0.25,
        "mean": 0.25,
        "median": 0.25,
        "min": 0.25,
        "skew": 0,
        "var": 0
    },
    "first_peak_weight": {
        "kurt": 0,
        "max": 0.214285716414,
        "mean": 0.214285716414,
        "median": 0.214285716414,
        "min": 0.214285716414,
        "skew": 0,
        "var": 0
    },
    "onset_rate": 1.72080469131,
    "second_peak_bpm": {
        "kurt": 0,
        "max": 157,
        "mean": 157,
        "median": 157,
        "min": 157,
        "skew": 0,
        "var": 0
    },
    "second_peak_spread": {
        "kurt": 0,
        "max": 0.25,
        "mean": 0.25,
        "median": 0.25,
        "min": 0.25,
        "skew": 0,
        "var": 0
    },
    "second_peak_weight": {
        "kurt": 0,
        "max": 0.214285716414,
        "mean": 0.214285716414,
        "median": 0.214285716414,
        "min": 0.214285716414,
        "skew": 0,
        "var": 0
    },
    "beats_loudness_band_ratio": {
        "kurt": [-0.312104940414, -0.535400867462, -0.202880144119, -0.457431316376, -0.753942489624, -0.76555109024],
        "max": [0.72946447134, 0.199095875025, 0.563602387905, 0.848968088627, 0.851968765259, 0.0885569378734],
        "mean": [0.182989925146, 0.049655303359, 0.180427089334, 0.28761395812, 0.329821109772, 0.0309310462326],
        "median": [7.48041275074e-05, 0.000260861270363, 0.11613034457, 0.195791170001, 0.247782960534, 0.0290566384792],
        "min": [3.15265810968e-06, 6.94271875545e-07, 0.0105323540047, 0.0336217433214, 0.0642459094524, 0.000191608516616],
        "skew": [1.09716999531, 1.0518027544, 0.987373709679, 0.920304238796, 0.739439189434, 0.441860109568],
        "var": [0.0678599104285, 0.00505298608914, 0.0264785196632, 0.0665064677596, 0.0607544220984, 0.000724098470528],
        "cov": [[0.0727070495486, 0.015581981279, -0.0170983541757, -0.0377477295697, -0.0357441008091, 0.00420426903293], [0.015581981279, 0.00541391363367, -0.00425673928112, -0.00764413410798, -0.00926881749183, 0.00135037594009], [-0.0170983541757, -0.00425673928112, 0.0283698420972, 0.00484437355772, -0.00561860110611, -0.00147896609269], [-0.0377477295697, -0.00764413410798, 0.00484437355772, 0.0712569281459, -0.0214555449784, -0.00119927816559], [-0.0357441008091, -0.00926881749183, -0.00561860110611, -0.0214555449784, 0.0650940239429, -0.00292614079081], [0.00420426903293, 0.00135037594009, -0.00147896609269, -0.00119927816559, -0.00292614079081, 0.000775819760747]]
    },
    "beats_position": [0.394739210606, 0.743038535118, 1.11455774307, 1.49768710136, 1.82276642323, 2.26394557953, 2.69351458549, 3.15791368484, 3.5758728981, 3.99383211136, 4.38857126236, 4.74848079681, 5.16644001007, 5.54956912994, 5.93269824982],
    "bpm_estimates": [139.674880981, 143.554672241, 143.554672241, 143.554672241],
    "bpm_intervals": [0.348299324512, 0.371519207954, 0.383129358292, 0.325079321861, 0.441179156303, 0.429569005966, 0.46439909935, 0.417959213257, 0.417959213257, 0.394739151001, 0.359909534454, 0.417959213257, 0.383129119873, 0.383129119873],
    "onset_times": [0.0812698379159, 0.406349211931, 0.731428563595, 1.05650794506, 1.75310659409, 2.28716564178, 2.67029476166, 3.81968259811, 4.02866220474, 4.72526073456, 5.53795909882],
    "histogram": [[0, 0, 0, 0, 0, 0, 0, 0, 0, 0, 0, 0, 0, 0, 0, 0, 0, 0, 0, 0, 0, 0, 0, 0, 0, 0, 0, 0, 0, 0, 0, 0, 0, 0, 0, 0, 0, 0, 0, 0, 0, 0, 0, 0, 0, 0, 0, 0, 0, 0, 0, 0, 0, 0, 0, 0, 0, 0, 0, 0, 0, 0, 0, 0, 0, 0, 0, 0, 0, 0, 0, 0, 0, 0, 0, 0, 0, 0, 0, 0, 0, 0, 0, 0, 0, 0, 0, 0, 0, 0, 0, 0, 0, 0, 0, 0, 0, 0, 0, 0, 0, 0, 0, 0, 0, 0, 0, 0, 0, 0, 0, 0, 0, 0, 0, 0, 0, 0, 0, 0, 0, 0, 0, 0, 0, 0, 0, 0, 0, 0.0714285746217, 0, 0, 0, 0, 0, 0, 0.0714285746217, 0, 0, 0, 0.0714285746217, 0, 0, 0, 0.214285716414, 0, 0, 0, 0, 0, 0, 0, 0.0714285746217, 0, 0, 0, 0, 0.214285716414, 0, 0, 0, 0.0714285746217, 0, 0, 0, 0, 0, 0.0714285746217, 0, 0, 0, 0, 0.0714285746217, 0, 0, 0, 0, 0, 0, 0, 0, 0, 0, 0, 0, 0.0714285746217, 0, 0, 0, 0, 0, 0, 0, 0, 0, 0, 0, 0, 0, 0, 0, 0, 0, 0, 0, 0, 0, 0, 0, 0, 0, 0, 0, 0, 0, 0, 0, 0, 0, 0, 0, 0, 0, 0, 0, 0, 0, 0, 0, 0, 0, 0, 0, 0, 0, 0, 0, 0, 0, 0, 0, 0, 0, 0, 0, 0, 0, 0, 0, 0]]
},
"sfx": {
    "inharmonicity": {
        "kurt": 1.34760713577,
        "max": 0.403180480003,
        "mean": 0.074812233448,
        "median": 0.0342021435499,
        "min": 0,
        "skew": 1.47700119019,
        "var": 0.00840470194817
    },
    "oddtoevenharmonicenergyratio": {
        "kurt": 23.5869750977,
        "max": 15.3313102722,
        "mean": 0.893022656441,
        "median": 0.259593844414,
        "min": 0,
        "skew": 4.44697237015,
        "var": 3.65548586845
    },
    "pitch_after_max_to_before_max_energy_ratio": 0.680817961693,
    "pitch_centroid": 146.023178101,
    "pitch_max_to_total": 0.722021639347,
    "pitch_min_to_total": 0.346570402384,
    "tristimulus": {
        "kurt": [-0.626116514206, -0.232804775238, -1.09100425243],
        "max": [1, 0.930439114571, 0.938755810261],
        "mean": [0.371268212795, 0.372991621494, 0.25574016571],
        "median": [0.327425092459, 0.356313794851, 0.109766744077],
        "min": [0, 0, 0],
        "skew": [0.548198342323, 0.210102513433, 0.567887961864],
        "var": [0.0844274237752, 0.0411752797663, 0.065572142601],
        "cov": [[0.0847333222628, -0.0301240347326, -0.0546093173325], [-0.0301240347326, 0.0413244664669, -0.0112004242837], [-0.0546093173325, -0.0112004242837, 0.0658097192645]]
    }
},
"tonal": {
    "chords_changes_rate": 0.158273383975,
    "chords_number_rate": 0.071942448616,
    "chords_strength": {
        "kurt": -0.544389724731,
        "max": 0.645265758038,
        "mean": 0.408610999584,
        "median": 0.392958849669,
        "min": 0.228601008654,
        "skew": 0.336074113846,
        "var": 0.00930762663484
    },
    "key_strength": 0.522273123264,
    "tuning_diatonic_strength": 0.371404200792,
    "tuning_equal_tempered_deviation": 0.21242082119,
    "tuning_frequency": 450.284484863,
    "tuning_nontempered_energy_ratio": 0.880929410458,
    "hpcp": {
        "kurt": [1.2764415741, 2.21099185944, 2.28214979172, 2.77190256119, 2.88958787918, 2.48435926437, 1.54290390015, 0.975463867188, 1.14383268356, 1.03467130661, 0.744362831116, 0.677159786224, 0.693748950958, 0.685420036316, 1.80065250397, 4.01023435593, 5.71547317505, 5.28050804138, 4.27641201019, 3.56393289566, 4.21935796738, 1.90470981598, 0.61092209816, 0.493078231812, 0.799071788788, 1.07901906967, 0.631333589554, -0.645176172256, -0.619896411896, 0.972244501114, 0.323699712753, 0.770953655243, 2.33383607864, 1.30242443085, 1.28737020493, 0.700500011444],
        "max": [1, 1, 1, 1, 1, 1, 1, 1, 1, 1, 1, 1, 1, 1, 1, 1, 0.919771134853, 1, 1, 1, 0.98262655735, 1, 1, 1, 1, 1, 1, 1, 1, 1, 1, 1, 1, 1, 1, 1],
        "mean": [0.229034692049, 0.212907299399, 0.201435983181, 0.186759337783, 0.184547677636, 0.189255014062, 0.21486350894, 0.241224721074, 0.253467589617, 0.250900506973, 0.225986614823, 0.245027557015, 0.276996105909, 0.251714289188, 0.208429425955, 0.171571269631, 0.149543404579, 0.1538644135, 0.164312139153, 0.170802801847, 0.166940659285, 0.224635705352, 0.278051435947, 0.258461534977, 0.263252437115, 0.254671126604, 0.277822762728, 0.354067891836, 0.316674470901, 0.272141635418, 0.285137712955, 0.246559798717, 0.216182798147, 0.223467603326, 0.241348356009, 0.245995476842],
