{
"metadata": {
    "version": {
        "essentia": "2.1-beta3"
    }
},
"lowLevel": {
    "average_loudness": 0.197666600347,
    "barkbands_kurtosis": {
        "kurt": 192.572250366,
        "max": 83.6204986572,
        "mean": -0.281706541777,
        "median": -1.16084694862,
        "min": -1.89060747623,
        "skew": 12.4797735214,
        "var": 21.2809009552
    },
    "barkbands_skewness": {
        "kurt": 12.4966869354,
        "max": 8.48400020599,
        "mean": 0.15369912982,
        "median": 0.0936959609389,
        "min": -4.28966379166,
        "skew": 1.82146823406,
        "var": 0.989085912704
    },
    "barkbands_spread": {
        "kurt": -0.0622932910919,
        "max": 47.8766860962,
        "mean": 26.4620552063,
        "median": 28.1637268066,
        "min": 1.35099947453,
        "skew": -0.533406257629,
        "var": 65.6942520142
    },
    "dissonance": {
        "kurt": 59.210193634,
        "max": 0.5,
        "mean": 0.474544644356,
        "median": 0.482567250729,
        "min": 0.0469752624631,
        "skew": -5.39953565598,
        "var": 0.000867301831022
    },
    "hfc": {
        "kurt": 229.115447998,
        "max": 118.878814697,
        "mean": 0.647349953651,
        "median": 0.0334696285427,
        "min": 1.38423061458e-07,
        "skew": 14.7217874527,
        "var": 42.8946990967
    },
    "pitch": {
        "kurt": -1.12583124638,
        "max": 4202.07763672,
        "mean": 1262.98266602,
        "median": 386.844329834,
        "min": 88.9963760376,
        "skew": 0.850246310234,
        "var": 1932260
    },
    "pitch_instantaneous_confidence": {
        "kurt": 1.12843036652,
        "max": 0.954768002033,
        "mean": 0.388613164425,
        "median": 0.336217403412,
        "min": 0.149122476578,
        "skew": 1.26686441898,
        "var": 0.0304894782603
    },
    "pitch_salience": {
        "kurt": 5.18370437622,
        "max": 0.948172807693,
        "mean": 0.673298716545,
        "median": 0.705314338207,
        "min": 0.0530470833182,
        "skew": -1.98202848434,
        "var": 0.014446169138
    },
    "silence_rate_20dB": {
        "kurt": 0,
        "max": 1,
        "mean": 1,
        "median": 1,
        "min": 1,
        "skew": 0,
        "var": 0
    },
    "silence_rate_30dB": {
        "kurt": 0,
        "max": 1,
        "mean": 1,
        "median": 1,
        "min": 1,
        "skew": 0,
        "var": 0
    },
    "silence_rate_60dB": {
        "kurt": 93.8845214844,
        "max": 1,
        "mean": 0.98988622427,
        "median": 1,
        "min": 0,
        "skew": -9.79207134247,
        "var": 0.0100115258247
    },
    "spectral_centroid": {
        "kurt": 0.642310619354,
        "max": 3855.86450195,
        "mean": 1650.93713379,
        "median": 1620.29418945,
        "min": 410.151977539,
        "skew": 0.610871613026,
        "var": 310390.59375
    },
    "spectral_complexity": {
        "kurt": 135.490219116,
        "max": 46,
        "mean": 0.519595444202,
        "median": 0,
        "min": 0,
        "skew": 10.9140167236,
        "var": 8.99551773071
    },
    "spectral_crest": {
        "kurt": 2.49285316467,
        "max": 24.0855693817,
        "mean": 7.73433542252,
        "median": 6.52408981323,
        "min": 2.78370475769,
        "skew": 1.53767943382,
        "var": 15.3027267456
    },
    "spectral_decrease": {
        "kurt": 206.578582764,
        "max": -1.89516094605e-17,
        "mean": -9.23413359666e-11,
        "median": -4.78119150174e-12,
        "min": -1.47451544308e-08,
        "skew": -14.0663795471,
        "var": 7.72218751848e-19
    },
    "spectral_energy": {
        "kurt": 209.649703979,
        "max": 0.0664342418313,
        "mean": 0.000407233688748,
        "median": 2.10714442801e-05,
        "min": 8.40832403703e-11,
        "skew": 14.15990448,
        "var": 1.52797656483e-05
    },
    "spectral_energyband_high": {
        "kurt": 405.735748291,
        "max": 0.00316484319046,
        "mean": 1.32659497467e-05,
        "median": 7.55645089612e-07,
        "min": 3.56998653729e-12,
        "skew": 18.9671421051,
        "var": 1.80548997974e-08
    },
    "spectral_energyband_low": {
        "kurt": 132.728424072,
        "max": 8.92275056685e-05,
        "mean": 1.14568240406e-06,
        "median": 3.78324301664e-07,
        "min": 1.47214640651e-12,
        "skew": 10.8078546524,
        "var": 3.20485721295e-11
    },
    "spectral_energyband_middle_high": {
        "kurt": 209.508544922,
        "max": 0.0576746277511,
        "mean": 0.000315550976666,
        "median": 9.60988199949e-06,
        "min": 5.47355182012e-11,
        "skew": 14.2170295715,
        "var": 1.23831850942e-05
    },
    "spectral_energyband_middle_low": {
        "kurt": 147.09552002,
        "max": 0.0066803721711,
        "mean": 8.312061982e-05,
        "median": 9.28602366912e-06,
        "min": 2.57299251349e-11,
        "skew": 10.9139986038,
        "var": 1.5879729176e-07
    },
    "spectral_flatness_db": {
        "kurt": 3.77733373642,
        "max": 0.426021128893,
        "mean": 0.165589615703,
        "median": 0.153028264642,
        "min": 0.0713841170073,
        "skew": 1.71104729176,
        "var": 0.00231791939586
    },
    "spectral_flux": {
        "kurt": 82.0211029053,
        "max": 0.200521022081,
        "mean": 0.00680910702795,
        "median": 0.00293600093573,
        "min": 0.00131249241531,
        "skew": 8.53875541687,
        "var": 0.000277186220046
    },
    "spectral_kurtosis": {
        "kurt": 7.23915958405,
        "max": 26.7716655731,
        "mean": 5.81958770752,
        "median": 5.25178146362,
        "min": 0.875353097916,
        "skew": 2.08303666115,
        "var": 9.09555530548
    },
    "spectral_rms": {
        "kurt": 116.265129089,
        "max": 0.0080507081002,
        "mean": 0.000269392243354,
        "median": 0.000143378885696,
        "min": 2.8641304084e-07,
        "skew": 9.92108917236,
        "var": 3.24729285239e-07
    },
    "spectral_rolloff": {
        "kurt": 1.73675012589,
        "max": 5038.76953125,
        "mean": 3035.41870117,
        "median": 3165.38085938,
        "min": 322.998046875,
        "skew": -1.054443717,
        "var": 656910.0625
    },
    "spectral_skewness": {
        "kurt": 2.76705741882,
        "max": 3.75569081306,
        "mean": 1.47180771828,
        "median": 1.47162938118,
        "min": 0.409400820732,
        "skew": 0.770868301392,
        "var": 0.167357414961
    },
    "spectral_spread": {
        "kurt": 48.1450767517,
        "max": 15937011,
        "mean": 3327606.75,
        "median": 3155919.5,
        "min": 1508796.25,
        "skew": 4.44218111038,
        "var": 831547572224
    },
    "spectral_strongpeak": {
        "kurt": 102.319229126,
        "max": 3.83702802658,
        "mean": 0.111335895956,
        "median": 0.0450643673539,
        "min": 2.27435407396e-06,
        "skew": 8.91747379303,
        "var": 0.0770641639829
    },
    "zerocrossingrate": {
        "kurt": 0.602717638016,
        "max": 0.1767578125,
        "mean": 0.0907863602042,
        "median": 0.09130859375,
        "min": 0.0048828125,
        "skew": 0.0179785452783,
        "var": 0.000590211246163
    },
    "barkbands": {
        "kurt": [21.1320838928, 24.2905216217, 99.8118057251, 160.695144653, 110.727775574, 78.7285995483, 125.888946533, 164.281097412, 350.957946777, 397.90524292, 392.033233643, 188.708007812, 280.578704834, 421.832489014, 280.3565979, 278.45010376, 495.364929199, 151.134536743, 213.179977417, 333.059173584, 510.937072754, 331.543945312, 415.756896973, 267.750335693, 389.109558105, 161.597930908, 227.405441284],
        "max": [2.7000002234e-08, 2.18484456127e-06, 3.98652555305e-05, 6.0934566136e-05, 0.000224925868679, 0.00128554808907, 0.00114829675294, 0.000904612708837, 0.00534939952195, 0.0253427624702, 0.0330091975629, 0.00160101836082, 0.00245876493864, 0.00234962580726, 0.00595599971712, 0.00376384146512, 0.00212888419628, 0.0013272507349, 0.00750231556594, 0.00514234276488, 0.00228332704864, 0.000143383920658, 1.97826520889e-05, 6.53079996482e-06, 6.42400118522e-06, 9.60277972695e-08, 3.31104299534e-09],
        "mean": [2.27637619865e-09, 1.65721786516e-07, 5.08809023358e-07, 8.72109467309e-07, 4.07835022997e-06, 1.89707589016e-05, 1.46380152728e-05, 8.33727244753e-06, 2.82600412902e-05, 7.17112416169e-05, 9.15938508115e-05, 9.88613010122e-06, 1.14734257295e-05, 9.68326003203e-06, 2.50424400292e-05, 1.77472957148e-05, 8.71267729963e-06, 1.36405169542e-05, 4.28332168667e-05, 2.10923462873e-05, 7.07471963324e-06, 7.53658241592e-07, 9.39311846082e-08, 3.5352492489e-08, 2.61357637754e-08, 7.32488014688e-10, 2.20855122385e-11],
        "median": [1.39237832375e-09, 1.07235401003e-07, 9.00283438909e-08, 3.15674412832e-07, 1.32533796204e-06, 8.45933413984e-07, 9.03580826161e-07, 7.247879239e-07, 9.23442939893e-07, 4.6068288384e-07, 2.41759551045e-07, 2.75987105169e-07, 2.82553088482e-07, 4.72874148727e-07, 6.09426876963e-07, 7.12431301508e-07, 9.54683400778e-07, 1.69583620391e-06, 1.73146008819e-06, 7.88309876043e-07, 2.61090661979e-07, 4.84331330597e-08, 6.45285336276e-09, 1.7920694928e-09, 6.27463636604e-10, 2.69815367965e-11, 1.48019389714e-12],
        "min": [8.39565758901e-15, 2.67609095691e-13, 6.43552648238e-13, 1.29416182632e-12, 6.54311327342e-12, 7.91051078808e-12, 4.60538811947e-12, 1.81152163582e-12, 1.99447815034e-12, 7.90782370141e-12, 5.64499879133e-12, 3.7861523812e-12, 7.77760494897e-12, 1.79291217289e-12, 3.762918796e-12, 4.75301959249e-12, 1.69908011272e-12, 8.66691701046e-12, 8.53651004051e-12, 2.53060701734e-12, 1.20041303286e-12, 4.85419105085e-13, 1.28526014701e-13, 9.95237353358e-14, 7.30520448278e-14, 6.70017291432e-14, 7.18599374341e-14],
        "skew": [3.7230887413, 3.86364221573, 9.79292488098, 11.9441041946, 9.6441192627, 8.12714004517, 10.3053865433, 12.2046527863, 17.1523838043, 19.4292030334, 19.6877574921, 13.4144020081, 16.1888122559, 19.1960086823, 16.1071777344, 16.2508869171, 20.9889373779, 11.6877632141, 14.3189849854, 17.750421524, 21.524181366, 17.7043075562, 18.9438076019, 15.1691026688, 18.554681778, 11.9879465103, 14.0903282166],
        "var": [8.55655643396e-18, 3.83685291384e-14, 1.04257748268e-11, 1.37902059563e-11, 2.09625858338e-10, 8.90496743011e-09, 5.96795768359e-09, 3.26836713249e-09, 5.51338636967e-08, 1.25692031361e-06, 2.38446546064e-06, 9.25659815465e-09, 1.59744679706e-08, 9.67036495325e-09, 8.64048175231e-08, 4.2078138307e-08, 7.24497573046e-09, 7.45776063127e-09, 1.95563728767e-07, 6.21161078129e-08, 8.22981949256e-09, 5.13204582997e-11, 6.85949452621e-13, 9.86686589637e-14, 7.70294540501e-14, 3.25234579013e-17, 3.02996581496e-20],
        "cov": [[8.5673875369e-18, 1.04099065433e-16, 1.26918755072e-17, 2.17750266996e-16, 2.64229344445e-15, 2.347517932e-15, 5.78806623737e-16, 6.97339440288e-15, 1.79426108303e-13, 9.19682299066e-13, 8.06392035394e-14, 5.19616291726e-14, 7.22032907096e-14, 7.64423043636e-14, 1.7821807669e-13, 1.28510497057e-13, 7.14162141425e-14, 3.70445353266e-14, 2.5953653289e-13, 1.67157832172e-13, 7.54685756162e-14, 4.22558945232e-15, 6.29675822659e-16, 2.09032193622e-16, 8.86162097474e-17, 2.92887759741e-18, 6.70282092563e-20], [1.04099065433e-16, 3.84170980076e-14, 7.12630976907e-14, 2.55000098863e-14, 4.52348662e-13, 1.15906579039e-12, 1.19714015177e-12, 1.8443287262e-12, 8.794685466e-12, 3.04347658187e-11, 9.38115071736e-11, 5.66040833996e-12, 4.74904403996e-12, 4.74598572248e-12, 1.18967223225e-11, 9.22495413391e-12, 2.68680065175e-12, 2.68666751173e-12, 2.50343964309e-11, 1.3168280702e-11, 3.27975233777e-12, 3.90214336538e-13, 3.23580883767e-14, 1.29927899968e-14, 5.32432586315e-15, 2.6408978518e-16, 7.20035494219e-18], [1.26918755072e-17, 7.12630976907e-14, 1.0438972603e-11, 7.56158243659e-12, 3.92356633294e-11, 1.50622778139e-10, 1.21881865711e-10, 9.53564657791e-11, 5.73978711782e-11, 1.20950985338e-10, 1.68459579619e-10, 1.27136643227e-11, 1.6006806991e-11, 4.43304976061e-11, 5.42591839514e-11, 4.62647108124e-11, 1.27414320414e-11, 1.67106814497e-11, 7.75989758561e-11, 3.8833564836e-11, 1.19524867434e-11, 1.46403006905e-12, 2.48576956545e-13, 5.58006840333e-14, 1.65647050655e-14, 5.93389354715e-16, 2.45398994038e-17], [2.17750266996e-16, 2.55000098863e-14, 7.56158243659e-12, 1.38076624787e-11, 2.30553024588e-11, 4.88696375034e-11, 4.7158322386e-11, 8.30836788257e-11, 1.08437453461e-10, 2.22127941041e-10, 2.53700616071e-10, 2.39020869069e-11, 3.54407579672e-11, 3.7180532958e-11, 7.90255222372e-11, 5.6438832774e-11, 1.58228534441e-11, 1.85449849921e-11, 1.11754050458e-10, 4.78919438829e-11, 1.54090126075e-11, 1.20063865534e-12, 2.84357986376e-13, 6.40073795832e-14, 2.71160013659e-14, 1.05496195987e-15, 3.50644343203e-17], [2.64229344445e-15, 4.52348662e-13, 3.92356633294e-11, 2.30553024588e-11, 2.09891215519e-10, 6.36517227814e-10, 4.52572923582e-10, 4.14458883879e-10, 9.8054131481e-10, 4.13690104395e-09, 2.43618103468e-09, 3.2701533148e-10, 4.23212243028e-10, 4.87775819735e-10, 1.06707864767e-09, 7.67662267087e-10, 3.39360428647e-10, 2.59888138787e-10, 1.60091484513e-09, 9.18574105668e-10, 3.56959545256e-10, 2.6022744723e-11, 3.4730809808e-12, 1.11830000555e-12, 5.23435949532e-13, 1.81803611201e-14, 3.92227658891e-16], [2.347517932e-15, 1.15906579039e-12, 1.50622778139e-10, 4.88696375034e-11, 6.36517227814e-10, 8.91624019062e-09, 3.92711640984e-09, 1.53740020714e-09, 5.58890600466e-10, 2.24478524657e-09, 1.75070813402e-09, 1.32761371341e-10, 2.41421965752e-10, 6.91809276532e-10, 1.06619302276e-09, 8.88879303496e-10, 4.5312617547e-10, 1.16979759213e-09, 1.4450137753e-09, 5.60013924122e-10, 2.41625802699e-10, 2.5639620635e-11, 3.42215687212e-12, 1.20304189787e-12, 1.34517321327e-12, 2.48026917066e-14, 6.82671338977e-16], [5.78806623737e-16, 1.19714015177e-12, 1.21881865711e-10, 4.7158322386e-11, 4.52572923582e-10, 3.92711640984e-09, 5.97551208514e-09, 1.66986924288e-09, 9.82163017582e-10, 2.68223976363e-09, 1.47033563103e-09, 2.17316054041e-10, 4.08887868009e-10, 8.02992394799e-10, 9.67613877911e-10, 9.48981115911e-10, 7.36929905987e-10, 1.40858391617e-09, 1.46152834279e-09, 6.17827899951e-10, 2.65286986822e-10, 2.13316551922e-11, 3.22419239744e-12, 9.35436515574e-13, 6.84849529517e-13, 1.70016961393e-14, 7.95225659343e-16], [6.97339440288e-15, 1.8443287262e-12, 9.53564657791e-11, 8.30836788257e-11, 4.14458883879e-10, 1.53740020714e-09, 1.66986924288e-09, 3.27250448962e-09, 4.95345764406e-09, 1.26892434338e-08, 4.83845781218e-08, 2.53396081895e-09, 2.0488690744e-09, 2.34242802932e-09, 5.40078914923e-09, 5.98567817534e-09, 1.20148824223e-09, 1.47012202412e-09, 1.22862253704e-08, 5.51177103958e-09, 1.39732680982e-09, 1.56071863766e-10, 1.6472845657e-11, 6.28980461465e-12, 2.60941030068e-12, 1.04064692519e-13, 5.16803473185e-15], [1.79426108303e-13, 8.794685466e-12, 5.73978711782e-11, 1.08437453461e-10, 9.8054131481e-10, 5.58890600466e-10, 9.82163017582e-10, 4.95345764406e-09, 5.52036532042e-08, 2.43440211989e-07, 1.40831204476e-07, 1.87683664166e-08, 2.37345787468e-08, 2.17089723975e-08, 5.93427245121e-08, 3.92823160666e-08, 1.88166833226e-08, 1.35597044704e-08, 8.94711220667e-08, 5.23062944069e-08, 2.03091925499e-08, 1.37953770629e-09, 1.71109390545e-10, 6.15071049648e-11, 3.05502567688e-11, 1.07578800469e-12, 2.27138830476e-14], [9.19682299066e-13, 3.04347658187e-11, 1.20950985338e-10, 2.22127941041e-10, 4.13690104395e-09, 2.24478524657e-09, 2.68223976363e-09, 1.26892434338e-08, 2.43440211989e-07, 1.2585113609e-06, 3.45490349218e-07, 7.69104246956e-08, 1.12802432284e-07, 9.61089909879e-08, 2.98843445989e-07, 1.71329844534e-07, 8.99107064356e-08, 5.95292881655e-08, 3.87606149843e-07, 2.25198746762e-07, 9.60308241815e-08, 5.74253666841e-09, 7.70252639448e-10, 2.742796823e-10, 1.36662681172e-10, 4.78921980199e-12, 8.13028030316e-14], [8.06392035394e-14, 9.38115071736e-11, 1.68459579619e-10, 2.53700616071e-10, 2.43618103468e-09, 1.75070813402e-09, 1.47033563103e-09, 4.83845781218e-08, 1.40831204476e-07, 3.45490349218e-07, 2.38748384618e-06, 1.03910906546e-07, 6.17977846673e-08, 6.90033274964e-08, 2.06225948318e-07, 2.1000732886e-07, 3.93282029165e-08, 6.08160348747e-08, 5.18840408859e-07, 2.50632098187e-07, 5.00954868698e-08, 7.62468399529e-09, 5.85156090249e-10, 2.5494342748e-10, 1.03468830726e-10, 4.54323948254e-12, 1.46908079777e-13], [5.19616291726e-14, 5.66040833996e-12, 1.27136643227e-11, 2.39020869069e-11, 3.2701533148e-10, 1.32761371341e-10, 2.17316054041e-10, 2.53396081895e-09, 1.87683664166e-08, 7.69104246956e-08, 1.03910906546e-07, 9.26831589254e-09, 1.04983683968e-08, 8.42698444359e-09, 2.14495532447e-08, 1.63809232845e-08, 6.17242523759e-09, 5.14724218803e-09, 3.87386229761e-08, 2.12691038115e-08, 7.0100010241e-09, 5.84980286433e-10, 6.38829752986e-11, 2.3542173419e-11, 1.176214421e-11, 4.7349396539e-13, 1.0950463965e-14], [7.22032907096e-14, 4.74904403996e-12, 1.6006806991e-11, 3.54407579672e-11, 4.23212243028e-10, 2.41421965752e-10, 4.08887868009e-10, 2.0488690744e-09, 2.37345787468e-08, 1.12802432284e-07, 6.17977846673e-08, 1.04983683968e-08, 1.59946900169e-08, 1.01697521515e-08, 2.8649546735e-08, 1.73273093651e-08, 7.87754217413e-09, 5.41121902842e-09, 3.98622539421e-08, 2.16719868718e-08, 8.63188454048e-09, 5.55274104475e-10, 7.17356174462e-11, 2.494400346e-11, 1.35662418799e-11, 5.83279084754e-13, 1.06359013393e-14], [7.64423043636e-14, 4.74598572248e-12, 4.43304976061e-11, 3.7180532958e-11, 4.87775819735e-10, 6.91809276532e-10, 8.02992394799e-10, 2.34242802932e-09, 2.17089723975e-08, 9.61089909879e-08, 6.90033274964e-08, 8.42698444359e-09, 1.01697521515e-08, 9.68260582823e-09, 2.24678124994e-08, 1.63023941013e-08, 7.76779529588e-09, 5.64746116538e-09, 3.79685225482e-08, 2.29745271696e-08, 8.56470006028e-09, 6.22274620721e-10, 7.5031043878e-11, 2.67753631766e-11, 1.3679176715e-11, 4.7628345495e-13, 8.93275525164e-15], [1.7821807669e-13, 1.18967223225e-11, 5.42591839514e-11, 7.90255222372e-11, 1.06707864767e-09, 1.06619302276e-09, 9.67613877911e-10, 5.40078914923e-09, 5.93427245121e-08, 2.98843445989e-07, 2.06225948318e-07, 2.14495532447e-08, 2.8649546735e-08, 2.24678124994e-08, 8.65141913664e-08, 4.59057076796e-08, 2.03840535562e-08, 1.59677213674e-08, 1.11892035193e-07, 5.87924446904e-08, 2.19971312276e-08, 1.56788471095e-09, 1.76467257473e-10, 6.79749936894e-11, 3.12444375927e-11, 1.28481470255e-12, 2.55021477975e-14], [1.28510497057e-13, 9.22495413391e-12, 4.62647108124e-11, 5.6438832774e-11, 7.67662267087e-10, 8.88879303496e-10, 9.48981115911e-10, 5.98567817534e-09, 3.92823160666e-08, 1.71329844534e-07, 2.1000732886e-07, 1.63809232845e-08, 1.73273093651e-08, 1.63023941013e-08, 4.59057076796e-08, 4.21314005905e-08, 1.38599416388e-08, 1.12460547541e-08, 8.38929992142e-08, 4.2393665467e-08, 1.50645593777e-08, 1.10501263695e-09, 1.43534115149e-10, 5.20706498752e-11, 2.46053368652e-11, 8.11195891275e-13, 2.3854975341e-14], [7.14162141425e-14, 2.68680065175e-12, 1.27414320414e-11, 1.58228534441e-11, 3.39360428647e-10, 4.5312617547e-10, 7.36929905987e-10, 1.20148824223e-09, 1.88166833226e-08, 8.99107064356e-08, 3.93282029165e-08, 6.17242523759e-09, 7.87754217413e-09, 7.76779529588e-09, 2.03840535562e-08, 1.38599416388e-08, 7.25414661673e-09, 5.29069943411e-09, 3.11904138073e-08, 1.87857089884e-08, 7.58578710958e-09, 4.95206819995e-10, 6.47695508338e-11, 2.31664097627e-11, 1.1503545512e-11, 3.76362650897e-13, 6.64015427726e-15], [3.70445353266e-14, 2.68666751173e-12, 1.67106814497e-11, 1.85449849921e-11, 2.59888138787e-10, 1.16979759213e-09, 1.40858391617e-09, 1.47012202412e-09, 1.35597044704e-08, 5.95292881655e-08, 6.08160348747e-08, 5.14724218803e-09, 5.41121902842e-09, 5.64746116538e-09, 1.59677213674e-08, 1.12460547541e-08, 5.29069943411e-09, 7.46720107969e-09, 2.78769363149e-08, 1.55325210471e-08, 5.42294165129e-09, 4.2601025485e-10, 4.71627494003e-11, 1.8013139591e-11, 8.40930276802e-12, 2.9895478996e-13, 6.18493420745e-15], [2.5953653289e-13, 2.50343964309e-11, 7.75989758561e-11, 1.11754050458e-10, 1.60091484513e-09, 1.4450137753e-09, 1.46152834279e-09, 1.22862253704e-08, 8.94711220667e-08, 3.87606149843e-07, 5.18840408859e-07, 3.87386229761e-08, 3.98622539421e-08, 3.79685225482e-08, 1.11892035193e-07, 8.38929992142e-08, 3.11904138073e-08, 2.78769363149e-08, 1.95811267645e-07, 1.04710196069e-07, 3.45471491414e-08, 2.89020607447e-09, 3.14028164583e-10, 1.19889126404e-10, 5.63255830865e-11, 2.05957191406e-12, 4.8210987611e-14], [1.67157832172e-13, 1.3168280702e-11, 3.8833564836e-11, 4.78919438829e-11, 9.18574105668e-10, 5.60013924122e-10, 6.17827899951e-10, 5.51177103958e-09, 5.23062944069e-08, 2.25198746762e-07, 2.50632098187e-07, 2.12691038115e-08, 2.16719868718e-08, 2.29745271696e-08, 5.87924446904e-08, 4.2393665467e-08, 1.87857089884e-08, 1.55325210471e-08, 1.04710196069e-07, 6.21947364721e-08, 2.09788577621e-08, 1.73732717101e-09, 1.86133414237e-10, 7.00775756868e-11, 3.47189152428e-11, 1.19513990718e-12, 2.30607142404e-14], [7.54685756162e-14, 3.27975233777e-12, 1.19524867434e-11, 1.54090126075e-11, 3.56959545256e-10, 2.41625802699e-10, 2.65286986822e-10, 1.39732680982e-09, 2.03091925499e-08, 9.60308241815e-08, 5.00954868698e-08, 7.0100010241e-09, 8.63188454048e-09, 8.56470006028e-09, 2.19971312276e-08, 1.50645593777e-08, 7.58578710958e-09, 5.42294165129e-09, 3.45471491414e-08, 2.09788577621e-08, 8.24023693724e-09, 5.60182733533e-10, 7.02959565557e-11, 2.52524320898e-11, 1.31680734025e-11, 4.2176882104e-13, 7.5582638767e-15], [4.22558945232e-15, 3.90214336538e-13, 1.46403006905e-12, 1.20063865534e-12, 2.6022744723e-11, 2.5639620635e-11, 2.13316551922e-11, 1.56071863766e-10, 1.37953770629e-09, 5.74253666841e-09, 7.62468399529e-09, 5.84980286433e-10, 5.55274104475e-10, 6.22274620721e-10, 1.56788471095e-09, 1.10501263695e-09, 4.95206819995e-10, 4.2601025485e-10, 2.89020607447e-09, 1.73732717101e-09, 5.60182733533e-10, 5.13854202244e-11, 5.21888305141e-12, 2.03764088935e-12, 1.02279166039e-12, 3.53330307178e-14, 6.12562263114e-16], [6.29675822659e-16, 3.23580883767e-14, 2.48576956545e-13, 2.84357986376e-13, 3.4730809808e-12, 3.42215687212e-12, 3.22419239744e-12, 1.6472845657e-11, 1.71109390545e-10, 7.70252639448e-10, 5.85156090249e-10, 6.38829752986e-11, 7.17356174462e-11, 7.5031043878e-11, 1.76467257473e-10, 1.43534115149e-10, 6.47695508338e-11, 4.71627494003e-11, 3.14028164583e-10, 1.86133414237e-10, 7.02959565557e-11, 5.21888305141e-12, 6.86817735931e-13, 2.52500494471e-13, 1.32042990366e-13, 4.02749385694e-15, 7.97250571013e-17], [2.09032193622e-16, 1.29927899968e-14, 5.58006840333e-14, 6.40073795832e-14, 1.11830000555e-12, 1.20304189787e-12, 9.35436515574e-13, 6.28980461465e-12, 6.15071049648e-11, 2.742796823e-10, 2.5494342748e-10, 2.3542173419e-11, 2.494400346e-11, 2.67753631766e-11, 6.79749936894e-11, 5.20706498752e-11, 2.31664097627e-11, 1.8013139591e-11, 1.19889126404e-10, 7.00775756868e-11, 2.52524320898e-11, 2.03764088935e-12, 2.52500494471e-13, 9.8793559054e-14, 5.55051779549e-14, 1.5955125523e-15, 3.16410282412e-17], [8.86162097474e-17, 5.32432586315e-15, 1.65647050655e-14, 2.71160013659e-14, 5.23435949532e-13, 1.34517321327e-12, 6.84849529517e-13, 2.60941030068e-12, 3.05502567688e-11, 1.36662681172e-10, 1.03468830726e-10, 1.176214421e-11, 1.35662418799e-11, 1.3679176715e-11, 3.12444375927e-11, 2.46053368652e-11, 1.1503545512e-11, 8.40930276802e-12, 5.63255830865e-11, 3.47189152428e-11, 1.31680734025e-11, 1.02279166039e-12, 1.32042990366e-13, 5.55051779549e-14, 7.71269577067e-14, 1.06404564708e-15, 1.83389200895e-17], [2.92887759741e-18, 2.6408978518e-16, 5.93389354715e-16, 1.05496195987e-15, 1.81803611201e-14, 2.48026917066e-14, 1.70016961393e-14, 1.04064692519e-13, 1.07578800469e-12, 4.78921980199e-12, 4.54323948254e-12, 4.7349396539e-13, 5.83279084754e-13, 4.7628345495e-13, 1.28481470255e-12, 8.11195891275e-13, 3.76362650897e-13, 2.9895478996e-13, 2.05957191406e-12, 1.19513990718e-12, 4.2176882104e-13, 3.53330307178e-14, 4.02749385694e-15, 1.5955125523e-15, 1.06404564708e-15, 3.2564625026e-17, 5.67442591489e-19], [6.70282092563e-20, 7.20035494219e-18, 2.45398994038e-17, 3.50644343203e-17, 3.92227658891e-16, 6.82671338977e-16, 7.95225659343e-16, 5.16803473185e-15, 2.27138830476e-14, 8.13028030316e-14, 1.46908079777e-13, 1.0950463965e-14, 1.06359013393e-14, 8.93275525164e-15, 2.55021477975e-14, 2.3854975341e-14, 6.64015427726e-15, 6.18493420745e-15, 4.8210987611e-14, 2.30607142404e-14, 7.5582638767e-15, 6.12562263114e-16, 7.97250571013e-17, 3.16410282412e-17, 1.83389200895e-17, 5.67442591489e-19, 3.03380121881e-20]]
    },
    "mfcc": {
        "kurt": [10.8176116943, 2.58531713486, 4.31933832169, 1.82931566238, 1.28269910812, 2.40667533875, 2.60570859909, 2.26404476166, 0.666946172714, 0.841467857361, 0.404283285141, 1.44637727737, 0.0573828220367],
        "max": [-591.996154785, 161.138397217, -6.103515625e-05, 102.967185974, 28.6807136536, 11.4651184082, 44.8817520142, 25.3982028961, 23.8964958191, 38.2040481567, 25.9023704529, 36.2037658691, 19.0280532837],
        "mean": [-954.55657959, 86.2751159668, -39.9330101013, 23.7583065033, -5.03123569489, -28.1198558807, -3.5687725544, -10.2555541992, -7.40044975281, 0.0313876420259, -3.27796268463, -7.33993673325, -7.64859867096],
        "median": [-967.704467773, 84.8283157349, -35.4670524597, 23.629322052, -2.19023132324, -26.3286399841, -3.71857833862, -9.1971282959, -7.42600250244, -0.347236633301, -3.54262924194, -7.24672698975, -7.57516098022],
        "min": [-1138.42004395, -10.1946220398, -146.43711853, -33.1503677368, -71.6119918823, -92.9883728027, -55.2554779053, -67.4227905273, -46.8361129761, -35.7346725464, -27.7657527924, -36.8747367859, -35.4752464294],
        "skew": [2.35362696648, 0.0974146127701, -1.73301124573, 0.141246676445, -0.983892917633, -0.894385278225, -0.0453100837767, -0.690416812897, -0.0256688334048, 0.0755288153887, 0.252488344908, 0.252458721399, 0.0625115483999],
        "var": [2468.86547852, 368.346710205, 461.779541016, 257.857513428, 254.973175049, 162.34135437, 148.171798706, 123.835090637, 97.3766784668, 92.9908447266, 69.2113189697, 77.0808105469, 65.3341674805],
        "cov": [[2471.99072266, 329.655273438, -874.078430176, 21.4377670288, -528.431884766, -54.3572273254, 33.0978431702, -187.499862671, 48.2775421143, 20.1488952637, 32.5646324158, -65.6583557129, -43.4020042419], [329.655273438, 368.812988281, -52.4162979126, -139.265884399, -25.1445007324, -73.7962722778, -17.5070915222, -12.7851867676, -38.8845405579, 29.7180976868, 1.10015380383, -14.2844829559, -7.3877620697], [-874.078430176, -52.4162979126, 462.364074707, 37.4870872498, 201.856307983, 27.1466426849, -62.8301315308, 44.6243019104, -35.7351760864, -17.9951496124, -5.65462398529, 9.7834854126, 15.5213975906], [21.4377670288, -139.265884399, 37.4870872498, 258.183929443, 17.981004715, -24.4688358307, -56.336101532, -56.0498962402, 1.9233840704, -45.691368103, 0.193766072392, 12.8938589096, -4.94305324554], [-528.431884766, -25.1445007324, 201.856307983, 17.981004715, 255.295928955, 20.0649261475, -59.4705085754, 34.5268211365, -48.000202179, -25.7269515991, -17.6542129517, 20.7188606262, 22.46833992], [-54.3572273254, -73.7962722778, 27.1466426849, -24.4688358307, 20.0649261475, 162.546844482, 54.904006958, 18.0055236816, 35.3248748779, 4.03406429291, 8.58941459656, -21.0250339508, -12.8829927444], [33.0978431702, -17.5070915222, -62.8301315308, -56.336101532, -59.4705085754, 54.904006958, 148.359359741, 69.1933135986, 38.6616439819, 35.0063323975, -7.18391704559, -15.8483667374, -9.24025630951], [-187.499862671, -12.7851867676, 44.6243019104, -56.0498962402, 34.5268211365, 18.0055236816, 69.1933135986, 123.991844177, 35.2182540894, 18.8923587799, 2.06137943268, -16.0018386841, -6.22277498245], [48.2775421143, -38.8845405579, -35.7351760864, 1.9233840704, -48.000202179, 35.3248748779, 38.6616439819, 35.2182540894, 97.4999389648, 42.4209785461, -2.42924952507, -17.2002716064, -23.0926418304], [20.1488952637, 29.7180976868, -17.9951496124, -45.691368103, -25.7269515991, 4.03406429291, 35.0063323975, 18.8923587799, 42.4209785461, 93.1085510254, 22.9095535278, -30.4795188904, -10.9879589081], [32.5646324158, 1.10015380383, -5.65462398529, 0.193766072392, -17.6542129517, 8.58941459656, -7.18391704559, 2.06137943268, -2.42924952507, 22.9095535278, 69.2989349365, 6.71966600418, -12.0529737473], [-65.6583557129, -14.2844829559, 9.7834854126, 12.8938589096, 20.7188606262, -21.0250339508, -15.8483667374, -16.0018386841, -17.2002716064, -30.4795188904, 6.71966600418, 77.1783828735, 33.8605537415], [-43.4020042419, -7.3877620697, 15.5213975906, -4.94305324554, 22.46833992, -12.8829927444, -9.24025630951, -6.22277498245, -23.0926418304, -10.9879589081, -12.0529737473, 33.8605537415, 65.4168701172]]
    },
    "sccoeffs": {
        "kurt": [2.51777839661, 3.8357257843, 4.44256210327, 3.31816625595, 3.83307790756, 0.980418920517],
        "max": [-0.46302729845, -0.473877519369, -0.555111289024, -0.670000910759, -0.680799722672, -0.645275950432],
        "mean": [-0.770976424217, -0.821669638157, -0.837724089622, -0.856155633926, -0.837217211723, -0.78081536293],
        "median": [-0.778669774532, -0.842444300652, -0.852435529232, -0.865078687668, -0.846037983894, -0.788535892963],
        "min": [-0.90650343895, -0.949133753777, -0.945954620838, -0.947892963886, -0.931904494762, -0.920651078224],
        "skew": [1.06757378578, 1.84504103661, 1.76278066635, 1.64406061172, 1.75151431561, 0.760951220989],
        "var": [0.0034406920895, 0.00615761149675, 0.00368889910169, 0.00153380178381, 0.00128693843726, 0.00146376830526],
        "cov": [[0.00344504741952, 0.00114138843492, 0.000270754069788, 0.000658983306494, 0.000372452836018, 0.000247513031354], [0.00114138843492, 0.00616540620103, 0.00147330958862, 0.00145217438694, 0.00141798437107, 0.00039929774357], [0.000270754069788, 0.00147330958862, 0.00369356852025, 0.00124480656814, 0.00106679194141, 0.00076115509728], [0.000658983306494, 0.00145217438694, 0.00124480656814, 0.00153574324213, 0.000769744627178, 0.000497417000588], [0.000372452836018, 0.00141798437107, 0.00106679194141, 0.000769744627178, 0.00128856743686, 0.000447523780167], [0.000247513031354, 0.00039929774357, 0.00076115509728, 0.000497417000588, 0.000447523780167, 0.00146562117152]]
    },
    "scvalleys": {
        "kurt": [31.3038520813, 16.5869979858, 15.4549503326, 16.6109390259, 17.0596942902, 4.92507600784],
        "max": [-8.05103683472, -5.83050394058, -4.53611469269, -5.05069684982, -5.35129547119, -8.70801067352],
        "mean": [-9.52376747131, -8.63323688507, -9.11204719543, -9.2466468811, -9.36781406403, -12.8393392563],
        "median": [-9.51335334778, -8.679895401, -9.20701408386, -9.35509777069, -9.48754405975, -13.0360927582],
        "min": [-15.464053154, -14.465051651, -14.5297775269, -14.7917642593, -15.3216590881, -17.6022357941],
        "skew": [-2.54365372658, -0.328180730343, 1.81141149998, 1.46108412743, 0.499759346247, 1.10281014442],
        "var": [0.221218064427, 0.319907426834, 0.473969995975, 0.399779111147, 0.369053483009, 0.591038227081],
        "cov": [[0.221498087049, 0.103957012296, 0.125769212842, 0.114447206259, 0.0915515348315, 0.0880171358585], [0.103957012296, 0.320312380791, 0.248412176967, 0.239700078964, 0.199217662215, 0.185665890574], [0.125769212842, 0.248412176967, 0.47456997633, 0.359152287245, 0.280785232782, 0.247396022081], [0.114447206259, 0.239700078964, 0.359152287245, 0.400285154581, 0.297451704741, 0.300305664539], [0.0915515348315, 0.199217662215, 0.280785232782, 0.297451704741, 0.369520634413, 0.340942531824], [0.0880171358585, 0.185665890574, 0.247396022081, 0.300305664539, 0.340942531824, 0.591786384583]]
    }
},
"rhythm": {
    "beats_loudness": {
        "kurt": 8.1435213089,
        "max": 0.0240120701492,
        "mean": 0.00208562007174,
        "median": 7.42346383049e-05,
        "min": 5.22769460076e-06,
        "skew": 3.1325776577,
        "var": 3.3934651583e-05
    },
    "bpm": 91.1365966797,
    "confidence": 1.17471241951,
    "first_peak_bpm": {
        "kurt": 0,
        "max": 92,
        "mean": 92,
        "median": 92,
        "min": 92,
        "skew": 0,
        "var": 0
    },
    "first_peak_spread": {
        "kurt": 0,
        "max": 0.499999940395,
        "mean": 0.499999940395,
        "median": 0.499999940395,
        "min": 0.499999940395,
        "skew": 0,
        "var": 0
    },
    "first_peak_weight": {
        "kurt": 0,
        "max": 0.240000009537,
        "mean": 0.240000009537,
        "median": 0.240000009537,
        "min": 0.240000009537,
        "skew": 0,
        "var": 0
    },
    "onset_rate": 3.05609512329,
    "second_peak_bpm": {
        "kurt": 0,
        "max": 86,
        "mean": 86,
        "median": 86,
        "min": 86,
        "skew": 0,
        "var": 0
    },
    "second_peak_spread": {
        "kurt": 0,
        "max": 0.285714328289,
        "mean": 0.285714328289,
        "median": 0.285714328289,
        "min": 0.285714328289,
        "skew": 0,
        "var": 0
    },
    "second_peak_weight": {
        "kurt": 0,
        "max": 0.199999988079,
        "mean": 0.199999988079,
        "median": 0.199999988079,
        "min": 0.199999988079,
        "skew": 0,
        "var": 0
    },
    "beats_loudness_band_ratio": {
        "kurt": [5.05079078674, 1.56672763824, 0.365978240967, 4.39847183228, 1.80041217804, 1.41742515564],
        "max": [0.24624915421, 0.625047922134, 0.829951345921, 0.746057987213, 0.65712505579, 0.860214710236],
        "mean": [0.0406394228339, 0.165244355798, 0.244359314442, 0.128959432244, 0.23730443418, 0.227425798774],
        "median": [0.0162315983325, 0.133712410927, 0.182272434235, 0.0643523335457, 0.225428730249, 0.165329068899],
        "min": [0.00021082724561, 0.000589976203628, 0.0213224608451, 0.00202464335598, 0.0352082513273, 0.0108728250489],
        "skew": [2.14609980583, 1.53927624226, 1.18684303761, 2.31217241287, 1.22662079334, 1.47878837585],
        "var": [0.00300861848518, 0.0288350451738, 0.0458138920367, 0.0328125841916, 0.021098267287, 0.0450087934732],
        "cov": [[0.00312896305695, 0.000262931484031, -0.000745020341128, -0.00117529707495, 0.000460009323433, -0.00209235306829], [0.000262931484031, 0.0299884453416, 0.0013466142118, -0.0122089209035, 0.00141507957596, -0.0156703833491], [-0.000745020341128, 0.0013466142118, 0.0476464480162, -0.00874081533402, -0.0166136622429, -0.0200636480004], [-0.00117529707495, -0.0122089209035, -0.00874081533402, 0.0341250859201, -0.00335108209401, -0.0100057134405], [0.000460009323433, 0.00141507957596, -0.0166136622429, -0.00335108209401, 0.0219421982765, -0.00289468816482], [-0.00209235306829, -0.0156703833491, -0.0200636480004, -0.0100057134405, -0.00289468816482, 0.0468091443181]]
    },
    "beats_position": [0.731428563595, 1.43963718414, 2.12462592125, 2.85605430603, 3.59909296036, 4.29569149017, 4.99229001999, 5.66566896439, 6.31582736969, 6.97759628296, 7.70902490616, 8.45206356049, 9.10222244263, 9.71755123138, 10.4025392532, 11.0526981354, 11.7028570175, 12.3065757751, 12.9567346573, 13.5836734772, 14.1873922348, 14.8027210236, 15.4412698746, 16.1494789124, 16.8344669342, 17.5310649872],
    "bpm_estimates": [87.5926818848, 89.1028747559, 92.2852020264, 90.6660919189, 92.2851333618, 87.5927734375, 92.2851333618, 92.2851333618, 92.2851333618, 95.7031173706, 93.9630508423, 87.5927734375],
    "bpm_intervals": [0.708208620548, 0.684988737106, 0.731428384781, 0.743038654327, 0.696598529816, 0.696598529816, 0.673378944397, 0.650158405304, 0.661768913269, 0.731428623199, 0.743038654327, 0.650158882141, 0.615328788757, 0.684988021851, 0.650158882141, 0.650158882141, 0.603718757629, 0.650158882141, 0.626938819885, 0.603718757629, 0.615328788757, 0.638548851013, 0.708209037781, 0.684988021851, 0.696598052979],
    "onset_times": [0.150929704309, 0.27863946557, 0.545668959618, 0.615328788757, 0.859138309956, 1.05650794506, 1.369977355, 1.50929701328, 1.84598636627, 1.96208620071, 2.11301589012, 2.5890250206, 2.71673464775, 3.16952371597, 3.47138333321, 3.56426310539, 3.93578219414, 4.09832191467, 4.85297060013, 5.02712011337, 5.35219955444, 5.68888902664, 6.00235843658, 6.46675729752, 6.7570066452, 6.84988641739, 7.00081634521, 7.19818592072, 7.31428575516, 7.44199562073, 7.53487539291, 7.72063493729, 8.32435417175, 8.48689365387, 11.6331968307, 12.3181858063, 12.6780948639, 12.9683446884, 13.3050336838, 13.5952835083, 13.7810430527, 13.9087524414, 14.8375511169, 14.9768705368, 15.2322902679, 15.4412698746, 16.1843090057, 16.4281177521, 16.4977779388, 16.7415866852, 16.8576869965, 17.4265766144, 17.5775051117, 17.9490242004, 18.0302944183, 18.0767345428],
    "histogram": [[0, 0, 0, 0, 0, 0, 0, 0, 0, 0, 0, 0, 0, 0, 0, 0, 0, 0, 0, 0, 0, 0, 0, 0, 0, 0, 0, 0, 0, 0, 0, 0, 0, 0, 0, 0, 0, 0, 0, 0, 0, 0, 0, 0, 0, 0, 0, 0, 0, 0, 0, 0, 0, 0, 0, 0, 0, 0, 0, 0, 0, 0, 0, 0, 0, 0, 0, 0, 0, 0, 0, 0, 0, 0, 0, 0, 0, 0, 0, 0, 0, 0.0799999982119, 0.0799999982119, 0, 0, 0.0799999982119, 0.119999997318, 0, 0.119999997318, 0.0399999991059, 0, 0.0399999991059, 0.20000000298, 0, 0.0399999991059, 0, 0.0399999991059, 0, 0.0799999982119, 0.0799999982119, 0, 0, 0, 0, 0, 0, 0, 0, 0, 0, 0, 0, 0, 0, 0, 0, 0, 0, 0, 0, 0, 0, 0, 0, 0, 0, 0, 0, 0, 0, 0, 0, 0, 0, 0, 0, 0, 0, 0, 0, 0, 0, 0, 0, 0, 0, 0, 0, 0, 0, 0, 0, 0, 0, 0, 0, 0, 0, 0, 0, 0, 0, 0, 0, 0, 0, 0, 0, 0, 0, 0, 0, 0, 0, 0, 0, 0, 0, 0, 0, 0, 0, 0, 0, 0, 0, 0, 0, 0, 0, 0, 0, 0, 0, 0, 0, 0, 0, 0, 0, 0, 0, 0, 0, 0, 0, 0, 0, 0, 0, 0, 0, 0, 0, 0, 0, 0, 0, 0, 0, 0, 0, 0, 0, 0, 0, 0, 0, 0, 0, 0, 0, 0, 0, 0, 0, 0, 0, 0, 0, 0, 0, 0, 0, 0, 0, 0, 0, 0, 0]]
},
"sfx": {
    "inharmonicity": {
        "kurt": -0.269988059998,
        "max": 0.395283520222,
        "mean": 0.0841515958309,
        "median": 0.0480798482895,
        "min": 0,
        "skew": 0.939798355103,
        "var": 0.00908214692026
    },
    "oddtoevenharmonicenergyratio": {
        "kurt": 466.131622314,
        "max": 109.160507202,
        "mean": 0.992226481438,
        "median": 0.278455555439,
        "min": 0,
        "skew": 20.0236473083,
        "var": 19.4623279572
    },
    "pitch_after_max_to_before_max_energy_ratio": 0.230285555124,
    "pitch_centroid": 384.15524292,
    "pitch_max_to_total": 0.744627058506,
    "pitch_min_to_total": 0.308470278978,
    "tristimulus": {
        "kurt": [-1.49769866467, -0.039853811264, -1.52647960186],
        "max": [1, 0.888998448849, 0.975271642208],
        "mean": [0.446897745132, 0.211014166474, 0.342088282108],
        "median": [0.27698418498, 0.207174658775, 0.409848719835],
        "min": [0, 0, 0],
        "skew": [0.461316555738, 0.63903260231, -0.0195278637111],
        "var": [0.156141474843, 0.0349483266473, 0.0815282911062],
        "cov": [[0.156339123845, -0.0548498369753, -0.101488739252], [-0.0548498369753, 0.0349925644696, 0.0198573675007], [-0.101488739252, 0.0198573675007, 0.0816314890981]]
    }
},
"tonal": {
    "chords_changes_rate": 0.111111111939,
    "chords_number_rate": 0.0303030312061,
    "chords_strength": {
        "kurt": -0.451730728149,
        "max": 0.65403264761,
        "mean": 0.44655880332,
        "median": 0.447027564049,
        "min": 0.231067106128,
        "skew": 0.108490601182,
        "var": 0.00759652815759
    },
    "key_strength": 0.403589993715,
    "tuning_diatonic_strength": 0.395121097565,
    "tuning_equal_tempered_deviation": 0.261034578085,
    "tuning_frequency": 433.441375732,
    "tuning_nontempered_energy_ratio": 0.908308804035,
    "hpcp": {
