{
"metadata": {
    "version": {
        "essentia": "2.1-beta3"
    }
},
"lowLevel": {
    "average_loudness": 0.987664759159,
    "barkbands_kurtosis": {
        "kurt": 3.75368118286,
        "max": 4.36388874054,
        "mean": 0.277916103601,
        "median": 0.116522550583,
        "min": -0.968712329865,
        "skew": 1.49619019032,
        "var": 0.727961242199
    },
    "barkbands_skewness": {
        "kurt": 0.0331890583038,
        "max": 1.61406826973,
        "mean": 0.645488321781,
        "median": 0.687879025936,
        "min": -0.541901528835,
        "skew": -0.428407937288,
        "var": 0.164030089974
    },
    "barkbands_spread": {
        "kurt": -1.06533157825,
        "max": 33.5264472961,
        "mean": 18.1695423126,
        "median": 18.4766407013,
        "min": 6.32542610168,
        "skew": 0.16309389472,
        "var": 50.4340744019
    },
    "dissonance": {
        "kurt": 31.1222305298,
        "max": 0.499791771173,
        "mean": 0.472159445286,
        "median": 0.477287441492,
        "min": 0.246265724301,
        "skew": -4.48674058914,
        "var": 0.000817457970697
    },
    "hfc": {
        "kurt": 7.24732971191,
        "max": 18.4232196808,
        "mean": 2.51343822479,
        "median": 1.2111171484,
        "min": 3.48553876393e-05,
        "skew": 2.57553243637,
        "var": 11.1015529633
    },
    "pitch": {
        "kurt": 0.0430293083191,
        "max": 1072.28845215,
        "mean": 360.533111572,
        "median": 319.062835693,
        "min": 81.6587142944,
        "skew": 0.369866520166,
        "var": 33235.3085938
    },
    "pitch_instantaneous_confidence": {
        "kurt": -0.203149318695,
        "max": 0.696477234364,
        "mean": 0.304427176714,
        "median": 0.275093257427,
        "min": 0.142700076103,
        "skew": 0.789335250854,
        "var": 0.0144549626857
    },
    "pitch_salience": {
        "kurt": 0.198826313019,
        "max": 0.825747847557,
        "mean": 0.702430069447,
        "median": 0.71685475111,
        "min": 0.496190369129,
        "skew": -0.811702609062,
        "var": 0.0049196430482
    },
    "silence_rate_20dB": {
        "kurt": 0,
        "max": 1,
        "mean": 1,
        "median": 1,
        "min": 1,
        "skew": 0,
        "var": 0
    },
    "silence_rate_30dB": {
        "kurt": 0,
        "max": 1,
        "mean": 1,
        "median": 1,
        "min": 1,
        "skew": 0,
        "var": 0
    },
    "silence_rate_60dB": {
        "kurt": -0.635969161987,
        "max": 1,
        "mean": 0.752136766911,
        "median": 1,
        "min": 0,
        "skew": -1.16791784763,
        "var": 0.186427041888
    },
    "spectral_centroid": {
        "kurt": 0.120866775513,
        "max": 1248.96557617,
        "mean": 868.841308594,
        "median": 867.507141113,
        "min": 484.039489746,
        "skew": -0.0385740026832,
        "var": 20476.3183594
    },
    "spectral_complexity": {
        "kurt": -0.609222888947,
        "max": 22,
        "mean": 7.31623935699,
        "median": 6,
        "min": 0,
        "skew": 0.655111610889,
        "var": 31.4470062256
    },
    "spectral_crest": {
        "kurt": 0.494977235794,
        "max": 14.5447053909,
        "mean": 6.66320991516,
        "median": 5.94837427139,
        "min": 3.30123090744,
        "skew": 0.905915677547,
        "var": 5.37064981461
    },
    "spectral_decrease": {
        "kurt": 8.1482257843,
        "max": -1.82415558624e-14,
        "mean": -6.97681412642e-10,
        "median": -3.13617437575e-10,
        "min": -5.27492804991e-09,
        "skew": -2.73567485809,
        "var": 9.07898551087e-19
    },
    "spectral_energy": {
        "kurt": 8.04783248901,
        "max": 0.0214642286301,
        "mean": 0.00286118569784,
        "median": 0.00129351636861,
        "min": 7.20093709106e-08,
        "skew": 2.71906137466,
        "var": 1.51703225129e-05
    },
    "spectral_energyband_high": {
        "kurt": 4.87776708603,
        "max": 7.86178425187e-05,
        "mean": 1.69420545717e-05,
        "median": 1.47328282765e-05,
        "min": 2.69311156709e-10,
        "skew": 1.9387755394,
        "var": 1.94916208174e-10
    },
    "spectral_energyband_low": {
        "kurt": 4.00469303131,
        "max": 0.000587120885029,
        "mean": 0.000134053610964,
        "median": 0.000112384885142,
        "min": 1.03005319829e-08,
        "skew": 1.61048698425,
        "var": 9.30584409531e-09
    },
    "spectral_energyband_middle_high": {
        "kurt": 10.4194173813,
        "max": 0.0122765759006,
        "mean": 0.00131524098106,
        "median": 0.000531990546733,
        "min": 5.43112843587e-09,
        "skew": 2.94399642944,
        "var": 3.86868669011e-06
    },
    "spectral_energyband_middle_low": {
        "kurt": 12.2957754135,
        "max": 0.0137182613835,
        "mean": 0.00144329085015,
        "median": 0.000642688071821,
        "min": 5.72978002822e-08,
        "skew": 3.30826044083,
        "var": 4.87319539388e-06
    },
    "spectral_flatness_db": {
        "kurt": -0.495024442673,
        "max": 0.230757623911,
        "mean": 0.157127097249,
        "median": 0.148459210992,
        "min": 0.108991578221,
        "skew": 0.70175909996,
        "var": 0.000943378778175
    },
    "spectral_flux": {
        "kurt": 2.12205886841,
        "max": 0.0977295413613,
        "mean": 0.0296280160546,
        "median": 0.0228475686163,
        "min": 0.000508394732606,
        "skew": 1.51577532291,
        "var": 0.000389163411455
    },
    "spectral_kurtosis": {
        "kurt": 1.42334985733,
        "max": 24.2462520599,
        "mean": 9.47835636139,
        "median": 8.69693374634,
        "min": 4.28446960449,
        "skew": 1.13664317131,
        "var": 14.4516525269
    },
    "spectral_rms": {
        "kurt": 2.0385389328,
        "max": 0.00457610236481,
        "mean": 0.00141461007297,
        "median": 0.00112337316386,
        "min": 8.38170944917e-06,
        "skew": 1.40652275085,
        "var": 7.90279045759e-07
    },
    "spectral_rolloff": {
        "kurt": 4.25090360641,
        "max": 3122.31445312,
        "mean": 1465.36206055,
        "median": 1399.65820312,
        "min": 581.396484375,
        "skew": 1.73329329491,
        "var": 157934.90625
    },
    "spectral_skewness": {
        "kurt": 0.250895738602,
        "max": 3.73108720779,
        "mean": 2.36748147011,
        "median": 2.34809041023,
        "min": 1.61095225811,
        "skew": 0.631196439266,
        "var": 0.188403084874
    },
    "spectral_spread": {
        "kurt": 26.6716747284,
        "max": 10253804,
        "mean": 3211919.5,
        "median": 3173969.25,
        "min": 1652013.625,
        "skew": 3.62283062935,
        "var": 849714675712
    },
    "spectral_strongpeak": {
        "kurt": 1.70661783218,
        "max": 1.74129545689,
        "mean": 0.346651166677,
        "median": 0.158101096749,
        "min": 0.000654161034618,
        "skew": 1.5554265976,
        "var": 0.177254274487
    },
    "zerocrossingrate": {
        "kurt": 4.12154960632,
        "max": 0.076171875,
        "mean": 0.0518579743803,
        "median": 0.0517578125,
        "min": 0.00634765625,
        "skew": -0.955588698387,
        "var": 8.93948890734e-05
    },
    "barkbands": {
        "kurt": [1.91355848312, 3.19853544235, 8.26757335663, 3.51855659485, 4.77160167694, 3.08680868149, 25.874874115, 9.58211898804, 9.04762554169, 13.6834087372, 26.6366252899, 9.24245643616, 14.1250038147, 6.62222766876, 10.9438047409, 4.15142965317, 18.7811279297, 4.38770437241, 0.862463712692, 1.13928556442, 13.7074985504, 1.67398881912, -0.869183778763, -0.111603498459, -0.763492107391, 0.302978277206, 27.4030590057],
        "max": [5.05658272232e-06, 0.00032108760206, 0.000278029212495, 0.000257299980149, 0.00090090802405, 0.000366797554307, 0.00917400978506, 0.004260067828, 0.000804830284324, 0.00165873474907, 0.00415193336084, 0.00488401250914, 0.00150870461948, 0.00101901625749, 0.000199581583729, 8.21513094706e-05, 0.000161799107445, 0.000281499058474, 0.00012575519213, 7.06614955561e-05, 4.98447443533e-05, 4.63517426397e-06, 8.8319166025e-07, 6.75476485412e-07, 2.59264169244e-07, 1.1653067844e-08, 1.47369261239e-09],
        "mean": [1.04439607185e-06, 6.96754432283e-05, 4.20874930569e-05, 5.39222892257e-05, 0.000158751412528, 8.31978322822e-05, 0.000576023885515, 0.000413762318203, 0.00010592424951, 0.000161322226631, 0.000252351077506, 0.000521242851391, 0.000120868913655, 0.000121274249977, 2.83040571958e-05, 1.82342955668e-05, 2.05092183023e-05, 4.92900398967e-05, 3.67825523426e-05, 1.7954629584e-05, 6.71813950248e-06, 1.29316526909e-06, 3.48495831304e-07, 2.09972299103e-07, 9.21442122603e-08, 3.3197966598e-09, 9.83350623152e-11],
        "median": [7.26378516447e-07, 5.92682772549e-05, 2.74062858807e-05, 4.0427687054e-05, 0.000115138886031, 6.6798296757e-05, 0.000169956518221, 8.28049014672e-05, 5.72021890548e-05, 6.36467812001e-05, 6.65323314024e-05, 0.000147093422129, 3.8965488784e-05, 4.04071615776e-05, 1.84322998393e-05, 1.4987391296e-05, 1.55997295224e-05, 3.06243418891e-05, 3.3302942029e-05, 1.53305427375e-05, 5.39822485734e-06, 1.22923404433e-06, 3.4903629853e-07, 1.54951806053e-07, 8.10977880406e-08, 3.07800407384e-09, 4.47855780239e-11],
        "min": [3.95952326482e-10, 3.76181841233e-09, 4.8373358652e-09, 2.46705988971e-09, 1.63928515207e-08, 1.64685198811e-09, 3.15267700834e-09, 4.07291400606e-09, 2.48780374079e-09, 6.08814831882e-10, 1.17643972342e-09, 1.4172453211e-09, 2.76257877685e-10, 9.37234845289e-10, 3.10554498784e-11, 9.36511423966e-11, 1.0470044276e-10, 4.34398461646e-10, 2.19582588223e-10, 2.99246544211e-10, 4.4766933216e-11, 9.60350982765e-12, 5.76758996465e-12, 5.06070923015e-12, 4.58708982257e-12, 2.40883311561e-12, 7.51542518539e-15],
        "skew": [1.34054279327, 1.35663306713, 2.55125117302, 1.85605406761, 1.96848225594, 1.38194572926, 4.83090496063, 3.07658791542, 2.78835988045, 3.63050746918, 4.56035232544, 2.89079666138, 3.69198489189, 2.43649673462, 2.8815536499, 1.81701564789, 3.57054495811, 2.17854404449, 0.911948740482, 1.03997135162, 3.47160506248, 0.887702405453, 0.211446627975, 0.856917262077, 0.444727838039, 0.734970569611, 4.88088512421],
        "var": [1.00450594023e-12, 2.93213675562e-09, 2.16624140847e-09, 2.98006685995e-09, 2.28443841621e-08, 3.87172738314e-09, 1.76582545919e-06, 6.45780119157e-07, 1.79427122049e-08, 8.65933884597e-08, 2.71872437452e-07, 8.18833484573e-07, 6.24108906777e-08, 3.18692059409e-08, 9.21993648095e-10, 2.27164217992e-10, 4.21531365369e-10, 2.92545543346e-09, 6.56057874693e-10, 1.74511391449e-10, 6.12292508362e-11, 6.9709808672e-13, 4.9640677582e-14, 2.9516533396e-14, 4.35203580123e-15, 5.95404025889e-18, 3.87612408334e-20],
        "cov": [[1.01316546298e-12, -3.55198997385e-13, -1.04219128987e-12, 5.95702827344e-12, 2.57299390127e-11, 1.46184297306e-11, 8.32373475701e-11, 1.05220401836e-10, 2.01977219672e-11, 5.91470136757e-11, 1.07627920465e-10, 1.45263315265e-10, 6.09324882217e-11, 2.22384385212e-11, 6.2796794674e-13, 2.37391963726e-12, 2.73067180846e-12, 2.81226929764e-12, 4.92763772494e-12, 3.08822433771e-12, 1.85326016686e-12, 1.90091730334e-13, 8.35552533738e-14, 5.38227943388e-14, 2.78900522604e-14, 7.94316687112e-16, 3.46031090752e-17], [-3.55198997385e-13, 2.95741386935e-09, 1.32313782153e-09, 8.89244122781e-10, 1.97049665474e-09, -1.23651408557e-10, -1.50313161917e-09, -4.75713912707e-09, 8.75207337159e-11, 7.33689997645e-10, 2.53365994851e-09, -4.1955230401e-09, -1.19966356293e-10, -7.63469121257e-10, -7.7307812929e-11, 4.54107480785e-11, 3.57723503597e-11, -2.51336312873e-11, 5.48653136812e-11, 3.60562898982e-11, 7.72658933362e-12, 7.54726316166e-12, 1.37020744143e-12, 1.04029393606e-12, 4.73919135272e-13, 1.11945221092e-14, 5.93598889491e-16], [-1.04219128987e-12, 1.32313782153e-09, 2.18491602588e-09, 4.46503639617e-10, 1.38218314572e-09, 5.07027995977e-11, 1.3586698433e-09, -1.10668940678e-09, -1.9523441197e-10, 1.87216284142e-10, -4.27879315312e-10, -3.7054550539e-09, -9.08686292878e-10, -6.90332291331e-10, -1.7455002721e-11, 2.60904440413e-11, -3.08638253843e-11, 7.67374705446e-12, 8.04132385679e-11, -7.61934786098e-12, 1.40085957157e-12, 1.7250551031e-12, 8.29870514755e-13, -1.93514393962e-13, 2.20173177108e-13, 7.44718990523e-15, -6.98133157805e-17], [5.95702827344e-12, 8.89244122781e-10, 4.46503639617e-10, 3.00575697665e-09, 4.01820710039e-09, 7.0213718173e-10, 2.54392062971e-08, 7.94321231012e-09, 1.79469117345e-09, 3.10555337002e-09, 6.17049833451e-09, 8.5068325717e-09, 1.50342871486e-09, 1.07256614701e-09, 5.27002330664e-10, 2.20387166849e-10, 1.85547854858e-10, 5.8385229984e-10, 5.28156851587e-10, 2.98509134078e-10, 1.30410113264e-10, 1.86325573026e-11, 6.12770554784e-12, 5.09777072985e-12, 1.79347866853e-12, 5.31397198651e-14, 1.88243056363e-15], [2.57299390127e-11, 1.97049665474e-09, 1.38218314572e-09, 4.01820710039e-09, 2.30413199631e-08, 3.13206682812e-09, 5.60916575409e-08, 4.03846804886e-08, 7.56621254538e-09, 1.47880605539e-08, 1.99688585667e-08, 3.42995143399e-08, 8.64730420602e-09, 7.80767095421e-09, 1.37271216616e-09, 8.94362583992e-10, 6.4157568147e-10, 2.5580313423e-09, 1.74339620518e-09, 1.00371655432e-09, 3.69391683908e-10, 5.87944623542e-11, 1.70620757106e-11, 1.2185351686e-11, 4.6744032256e-12, 1.63031290941e-13, 9.48612018201e-15], [1.46184297306e-11, -1.23651408557e-10, 5.07027995977e-11, 7.0213718173e-10, 3.13206682812e-09, 3.90510423998e-09, 2.72818549973e-08, 2.77616170052e-08, 3.98560784376e-09, 6.79384859481e-09, 1.19356000639e-08, 2.63499693176e-08, 7.38608552098e-09, 6.80196343694e-09, 9.89528126105e-10, 4.10654898975e-10, 3.93143656519e-10, 1.65537272778e-09, 7.63000440607e-10, 2.80557493904e-10, 2.08897149578e-10, 2.42538801543e-11, 7.7784905253e-12, 4.9152478962e-12, 1.94278447496e-12, 6.80647487157e-14, 5.30627474401e-15], [8.32373475701e-11, -1.50313161917e-09, 1.3586698433e-09, 2.54392062971e-08, 5.60916575409e-08, 2.72818549973e-08, 1.78104801307e-06, 6.64021911234e-07, 1.09210787969e-07, 2.47115849561e-07, 2.25983768587e-07, 8.29018745208e-07, 1.58094763947e-07, 1.23199598079e-07, 3.05415781554e-08, 1.13187121897e-08, 1.13759783815e-08, 5.18599421184e-08, 1.07950075545e-08, 6.35539088023e-09, 5.1776583021e-09, 5.086973065e-10, 1.00465719077e-10, 8.73921629507e-11, 2.9974314697e-11, 6.89967831133e-13, 4.84163558312e-14], [1.05220401836e-10, -4.75713912707e-09, -1.10668940678e-09, 7.94321231012e-09, 4.03846804886e-08, 2.77616170052e-08, 6.64021911234e-07, 6.5134719307e-07, 7.78820563596e-08, 1.40139363225e-07, 2.60788993955e-07, 5.19715911196e-07, 1.20051922181e-07, 9.73513749614e-08, 1.7140040498e-08, 7.20236803531e-09, 5.760699473e-09, 2.81281735681e-08, 7.3841626147e-09, 3.59574081621e-09, 3.79414766272e-09, 3.33676836162e-10, 7.52916895497e-11, 5.03230443427e-11, 1.83257107406e-11, 5.70127387141e-13, 4.42066020834e-14], [2.01977219672e-11, 8.75207337159e-11, -1.9523441197e-10, 1.79469117345e-09, 7.56621254538e-09, 3.98560784376e-09, 1.09210787969e-07, 7.78820563596e-08, 1.8097390253e-08, 2.63793324962e-08, 5.32081578797e-08, 9.32444805812e-08, 2.48587390672e-08, 1.71028933238e-08, 2.70548916603e-09, 1.13538423108e-09, 1.32113497919e-09, 4.35392832898e-09, 1.33163879923e-09, 6.8181049695e-10, 8.02138910849e-10, 5.83496098661e-11, 1.41533824591e-11, 1.01613552642e-11, 3.48683798848e-12, 1.13309359183e-13, 1.24734376745e-14], [5.91470136757e-11, 7.33689997645e-10, 1.87216284142e-10, 3.10555337002e-09, 1.47880605539e-08, 6.79384859481e-09, 2.47115849561e-07, 1.40139363225e-07, 2.63793324962e-08, 8.73398846579e-08, 1.04245089005e-07, 2.14364092699e-07, 5.91706346142e-08, 3.12992582963e-08, 4.09392342249e-09, 2.05804817632e-09, 3.0766478254e-09, 1.08935882537e-08, 1.85412563081e-09, 1.23939880581e-09, 1.48842338454e-09, 8.99071372906e-11, 2.55068292876e-11, 1.55148047187e-11, 6.77924860346e-12, 1.50935972163e-13, 3.16976974453e-14], [1.07627920465e-10, 2.53365994851e-09, -4.27879315312e-10, 6.17049833451e-09, 1.99688585667e-08, 1.19356000639e-08, 2.25983768587e-07, 2.60788993955e-07, 5.32081578797e-08, 1.04245089005e-07, 2.74216176877e-07, 3.14827360626e-07, 9.39599900107e-08, 4.7696023131e-08, 5.69684077689e-09, 3.27915872234e-09, 3.40749273242e-09, 1.0849554144e-08, 3.44412076636e-09, 1.79980097492e-09, 2.9718314476e-09, 1.62556329508e-10, 4.82139987656e-11, 3.19144780048e-11, 1.32346841819e-11, 3.23857233349e-13, 4.56146859379e-14], [1.45263315265e-10, -4.1955230401e-09, -3.7054550539e-09, 8.5068325717e-09, 3.42995143399e-08, 2.63499693176e-08, 8.29018745208e-07, 5.19715911196e-07, 9.32444805812e-08, 2.14364092699e-07, 3.14827360626e-07, 8.2589235717e-07, 1.86375842759e-07, 1.09550697402e-07, 1.83675155085e-08, 9.0075555903e-09, 1.13278488811e-08, 3.50294762086e-08, 8.08289080112e-09, 3.89472543105e-09, 5.27543253526e-09, 3.80640463593e-10, 8.82000722457e-11, 5.77352818332e-11, 2.0676722487e-11, 5.55895769954e-13, 7.93242560396e-14], [6.09324882217e-11, -1.19966356293e-10, -9.08686292878e-10, 1.50342871486e-09, 8.64730420602e-09, 7.38608552098e-09, 1.58094763947e-07, 1.20051922181e-07, 2.48587390672e-08, 5.91706346142e-08, 9.39599900107e-08, 1.86375842759e-07, 6.29489136372e-08, 2.92903852284e-08, 3.66391850193e-09, 1.7060312052e-09, 2.39743247477e-09, 8.28942692266e-09, 1.92819693545e-09, 7.2877864854e-10, 1.4725014541e-09, 7.43833050709e-11, 2.06541624082e-11, 1.33396063293e-11, 5.09322662171e-12, 1.44447035713e-13, 3.10401017227e-14], [2.22384385212e-11, -7.63469121257e-10, -6.90332291331e-10, 1.07256614701e-09, 7.80767095421e-09, 6.80196343694e-09, 1.23199598079e-07, 9.73513749614e-08, 1.71028933238e-08, 3.12992582963e-08, 4.7696023131e-08, 1.09550697402e-07, 2.92903852284e-08, 3.21439408424e-08, 3.441221752e-09, 1.55765689236e-09, 1.99184579941e-09, 6.79458223019e-09, 1.41761602457e-09, 6.38065600356e-10, 7.07611191864e-10, 4.1620543817e-11, 1.64874884578e-11, 1.07404033584e-11, 4.02515173969e-12, 9.79571919456e-14, 1.51920068593e-14], [6.2796794674e-13, -7.7307812929e-11, -1.7455002721e-11, 5.27002330664e-10, 1.37271216616e-09, 9.89528126105e-10, 3.05415781554e-08, 1.7140040498e-08, 2.70548916603e-09, 4.09392342249e-09, 5.69684077689e-09, 1.83675155085e-08, 3.66391850193e-09, 3.441221752e-09, 9.29941845751e-10, 2.98052776904e-10, 3.11632442074e-10, 1.20920273794e-09, 3.46700917975e-10, 1.9479221014e-10, 1.37777067533e-10, 1.28295030849e-11, 2.75771224433e-12, 2.26716497138e-12, 7.6519004891e-13, 2.36231153183e-14, 1.47957862342e-15], [2.37391963726e-12, 4.54107480785e-11, 2.60904440413e-11, 2.20387166849e-10, 8.94362583992e-10, 4.10654898975e-10, 1.13187121897e-08, 7.20236803531e-09, 1.13538423108e-09, 2.05804817632e-09, 3.27915872234e-09, 9.0075555903e-09, 1.7060312052e-09, 1.55765689236e-09, 2.98052776904e-10, 2.29122526507e-10, 2.16229562033e-10, 5.88823600989e-10, 1.49804404992e-10, 9.16924244865e-11, 5.78810090135e-11, 6.90689736307e-12, 1.67189851373e-12, 1.13573007336e-12, 4.01797627288e-13, 1.3578774166e-14, 3.72947256717e-16], [2.73067180846e-12, 3.57723503597e-11, -3.08638253843e-11, 1.85547854858e-10, 6.4157568147e-10, 3.93143656519e-10, 1.13759783815e-08, 5.760699473e-09, 1.32113497919e-09, 3.0766478254e-09, 3.40749273242e-09, 1.13278488811e-08, 2.39743247477e-09, 1.99184579941e-09, 3.11632442074e-10, 2.16229562033e-10, 4.25165264106e-10, 7.16931958245e-10, 1.19140697308e-10, 9.21283813127e-11, 6.39571520744e-11, 6.10714387048e-12, 1.48495300258e-12, 9.24257306974e-13, 3.29681323474e-13, 9.96687406002e-15, 8.65790333053e-16], [2.81226929764e-12, -2.51336312873e-11, 7.67374705446e-12, 5.8385229984e-10, 2.5580313423e-09, 1.65537272778e-09, 5.18599421184e-08, 2.81281735681e-08, 4.35392832898e-09, 1.08935882537e-08, 1.0849554144e-08, 3.50294762086e-08, 8.28942692266e-09, 6.79458223019e-09, 1.20920273794e-09, 5.88823600989e-10, 7.16931958245e-10, 2.95067503764e-09, 4.86171380931e-10, 2.9826502379e-10, 2.2509190345e-10, 2.08839855131e-11, 4.87653840919e-12, 2.96472525349e-12, 1.12215076641e-12, 2.69240416772e-14, 3.95052016138e-15], [4.92763772494e-12, 5.48653136812e-11, 8.04132385679e-11, 5.28156851587e-10, 1.74339620518e-09, 7.63000440607e-10, 1.07950075545e-08, 7.3841626147e-09, 1.33163879923e-09, 1.85412563081e-09, 3.44412076636e-09, 8.08289080112e-09, 1.92819693545e-09, 1.41761602457e-09, 3.46700917975e-10, 1.49804404992e-10, 1.19140697308e-10, 4.86171380931e-10, 6.61713572825e-10, 2.57915716562e-10, 1.09257339287e-10, 1.53900711619e-11, 3.86077454728e-12, 3.20593486654e-12, 1.18133725458e-12, 4.10685211966e-14, 1.27548381132e-15], [3.08822433771e-12, 3.60562898982e-11, -7.61934786098e-12, 2.98509134078e-10, 1.00371655432e-09, 2.80557493904e-10, 6.35539088023e-09, 3.59574081621e-09, 6.8181049695e-10, 1.23939880581e-09, 1.79980097492e-09, 3.89472543105e-09, 7.2877864854e-10, 6.38065600356e-10, 1.9479221014e-10, 9.16924244865e-11, 9.21283813127e-11, 2.9826502379e-10, 2.57915716562e-10, 1.76015799158e-10, 5.61618251904e-11, 8.10972036053e-12, 1.84778060908e-12, 1.62741846908e-12, 6.23258172502e-13, 2.01598838941e-14, 5.42461604641e-16], [1.85326016686e-12, 7.72658933362e-12, 1.40085957157e-12, 1.30410113264e-10, 3.69391683908e-10, 2.08897149578e-10, 5.1776583021e-09, 3.79414766272e-09, 8.02138910849e-10, 1.48842338454e-09, 2.9718314476e-09, 5.27543253526e-09, 1.4725014541e-09, 7.07611191864e-10, 1.37777067533e-10, 5.78810090135e-11, 6.39571520744e-11, 2.2509190345e-10, 1.09257339287e-10, 5.61618251904e-11, 6.17570924955e-11, 3.91165225211e-12, 9.58829153228e-13, 7.48960951851e-13, 2.98853715212e-13, 9.19048366056e-15, 8.67456023343e-16], [1.90091730334e-13, 7.54726316166e-12, 1.7250551031e-12, 1.86325573026e-11, 5.87944623542e-11, 2.42538801543e-11, 5.086973065e-10, 3.33676836162e-10, 5.83496098661e-11, 8.99071372906e-11, 1.62556329508e-10, 3.80640463593e-10, 7.43833050709e-11, 4.1620543817e-11, 1.28295030849e-11, 6.90689736307e-12, 6.10714387048e-12, 2.08839855131e-11, 1.53900711619e-11, 8.10972036053e-12, 3.91165225211e-12, 7.03107548312e-13, 1.34593955447e-13, 1.02744256245e-13, 3.77115161744e-14, 1.33158788561e-15, 3.71084373186e-17], [8.35552533738e-14, 1.37020744143e-12, 8.29870514755e-13, 6.12770554784e-12, 1.70620757106e-11, 7.7784905253e-12, 1.00465719077e-10, 7.52916895497e-11, 1.41533824591e-11, 2.55068292876e-11, 4.82139987656e-11, 8.82000722457e-11, 2.06541624082e-11, 1.64874884578e-11, 2.75771224433e-12, 1.67189851373e-12, 1.48495300258e-12, 4.87653840919e-12, 3.86077454728e-12, 1.84778060908e-12, 9.58829153228e-13, 1.34593955447e-13, 5.00686121794e-14, 3.18796130174e-14, 1.29263343329e-14, 4.57839783897e-16, 1.78802335506e-17], [5.38227943388e-14, 1.04029393606e-12, -1.93514393962e-13, 5.09777072985e-12, 1.2185351686e-11, 4.9152478962e-12, 8.73921629507e-11, 5.03230443427e-11, 1.01613552642e-11, 1.55148047187e-11, 3.19144780048e-11, 5.77352818332e-11, 1.33396063293e-11, 1.07404033584e-11, 2.26716497138e-12, 1.13573007336e-12, 9.24257306974e-13, 2.96472525349e-12, 3.20593486654e-12, 1.62741846908e-12, 7.48960951851e-13, 1.02744256245e-13, 3.18796130174e-14, 2.97709888697e-14, 1.01707286324e-14, 3.26087752949e-16, 1.11192157384e-17], [2.78900522604e-14, 4.73919135272e-13, 2.20173177108e-13, 1.79347866853e-12, 4.6744032256e-12, 1.94278447496e-12, 2.9974314697e-11, 1.83257107406e-11, 3.48683798848e-12, 6.77924860346e-12, 1.32346841819e-11, 2.0676722487e-11, 5.09322662171e-12, 4.02515173969e-12, 7.6519004891e-13, 4.01797627288e-13, 3.29681323474e-13, 1.12215076641e-12, 1.18133725458e-12, 6.23258172502e-13, 2.98853715212e-13, 3.77115161744e-14, 1.29263343329e-14, 1.01707286324e-14, 4.38955343157e-15, 1.31732906532e-16, 4.58712925973e-18], [7.94316687112e-16, 1.11945221092e-14, 7.44718990523e-15, 5.31397198651e-14, 1.63031290941e-13, 6.80647487157e-14, 6.89967831133e-13, 5.70127387141e-13, 1.13309359183e-13, 1.50935972163e-13, 3.23857233349e-13, 5.55895769954e-13, 1.44447035713e-13, 9.79571919456e-14, 2.36231153183e-14, 1.3578774166e-14, 9.96687406002e-15, 2.69240416772e-14, 4.10685211966e-14, 2.01598838941e-14, 9.19048366056e-15, 1.33158788561e-15, 4.57839783897e-16, 3.26087752949e-16, 1.31732906532e-16, 6.00536805667e-18, 1.26738248236e-19], [3.46031090752e-17, 5.93598889491e-16, -6.98133157805e-17, 1.88243056363e-15, 9.48612018201e-15, 5.30627474401e-15, 4.84163558312e-14, 4.42066020834e-14, 1.24734376745e-14, 3.16976974453e-14, 4.56146859379e-14, 7.93242560396e-14, 3.10401017227e-14, 1.51920068593e-14, 1.47957862342e-15, 3.72947256717e-16, 8.65790333053e-16, 3.95052016138e-15, 1.27548381132e-15, 5.42461604641e-16, 8.67456023343e-16, 3.71084373186e-17, 1.78802335506e-17, 1.11192157384e-17, 4.58712925973e-18, 1.26738248236e-19, 3.90953894891e-20]]
    },
    "mfcc": {
        "kurt": [9.55411529541, 19.318857193, 2.54305028915, -0.855082035065, -0.629969835281, 0.845882892609, 0.554926395416, 0.383630037308, 0.0654826164246, -0.319378614426, -0.289609193802, -0.538464307785, -0.474454402924],
        "max": [-686.420532227, 193.357696533, 15.961151123, 54.9708938599, 11.9095458984, 16.1667175293, 36.0156784058, 20.1384067535, 9.19232559204, 9.03727722168, 23.0019035339, 20.7748260498, 10.8630905151],
        "mean": [-784.769348145, 161.542495728, -49.0337295532, 23.0094032288, -16.6774368286, -6.42676544189, 12.6984891891, -2.6869328022, -8.95112609863, -2.55157518387, 2.85494184494, 3.04588961601, -0.202382400632],
        "median": [-769.732116699, 162.236053467, -49.071811676, 21.9186210632, -16.2801399231, -6.73085021973, 12.6105041504, -2.84836578369, -9.06804656982, -2.56063842773, 1.60746383667, 3.40260696411, -0.746074676514],
        "min": [-1130.09570312, 10.5559806824, -97.5885925293, -12.108165741, -42.0426559448, -18.2395324707, -6.9035949707, -18.5183906555, -31.1585178375, -14.607383728, -11.2968006134, -15.6036682129, -11.7242679596],
        "skew": [-2.60816001892, -3.62436127663, 0.765967667103, 0.00479989638552, -0.138608530164, 0.417889565229, -0.118262164295, 0.215394601226, -0.14709366858, -0.0890253335238, 0.387278467417, 0.0902706310153, 0.0423978194594],
        "var": [4640.03173828, 574.182434082, 292.559448242, 250.469314575, 145.778594971, 32.8513870239, 50.0474891663, 47.8987350464, 51.6577529907, 24.0573749542, 49.2826957703, 59.7613372803, 25.9827404022],
        "cov": [[4680.03173828, 1301.98413086, -939.563049316, -64.1059112549, -559.512634277, -55.6922073364, 24.0995616913, -112.51978302, -212.7293396, -58.9387321472, 99.2775726318, 186.656921387, 41.2613449097], [1301.98413086, 579.132263184, -311.378601074, -65.6225128174, -134.627639771, -25.9256401062, 6.74442243576, -39.3466644287, -51.2117767334, -16.1679649353, 72.8094558716, 75.7726516724, 13.7965097427], [-939.563049316, -311.378601074, 295.081512451, 89.3679199219, 136.168792725, 22.0611133575, 19.6288490295, 41.055267334, 52.4184112549, 18.2172031403, -65.4696502686, -69.9939880371, -15.5440444946], [-64.1059112549, -65.6225128174, 89.3679199219, 252.628540039, 95.3801193237, 23.3256015778, 30.8832740784, 21.9385089874, 43.2332992554, 12.4321374893, -50.8688697815, -76.8631210327, -4.71887779236], [-559.512634277, -134.627639771, 136.168792725, 95.3801193237, 147.035308838, 25.1005630493, 17.9520797729, 31.4440174103, 44.8414459229, 11.4539108276, -26.5110321045, -43.6891593933, -7.82489156723], [-55.6922073364, -25.9256401062, 22.0611133575, 23.3256015778, 25.1005630493, 33.1345901489, 21.0081806183, 21.1338329315, 13.7886228561, -2.94103646278, -9.86700534821, -8.24074077606, -0.461246669292], [24.0995616913, 6.74442243576, 19.6288490295, 30.8832740784, 17.9520797729, 21.0081806183, 50.478931427, 23.7798709869, 10.9191179276, 2.61900258064, -16.8972988129, -10.1818580627, -5.23327970505], [-112.51978302, -39.3466644287, 41.055267334, 21.9385089874, 31.4440174103, 21.1338329315, 23.7798709869, 48.3116531372, 24.3154449463, 0.756680309772, -14.2599830627, -10.676074028, -1.06944918633], [-212.7293396, -51.2117767334, 52.4184112549, 43.2332992554, 44.8414459229, 13.7886228561, 10.9191179276, 24.3154449463, 52.1030769348, 13.1868991852, -10.1027498245, -13.8919706345, -1.08464765549], [-58.9387321472, -16.1679649353, 18.2172031403, 12.4321374893, 11.4539108276, -2.94103646278, 2.61900258064, 0.756680309772, 13.1868991852, 24.2647666931, 0.042290057987, -9.09242916107, 0.115877568722], [99.2775726318, 72.8094558716, -65.4696502686, -50.8688697815, -26.5110321045, -9.86700534821, -16.8972988129, -14.2599830627, -10.1027498245, 0.042290057987, 49.7075462341, 36.1795730591, 9.77490234375], [186.656921387, 75.7726516724, -69.9939880371, -76.8631210327, -43.6891593933, -8.24074077606, -10.1818580627, -10.676074028, -13.8919706345, -9.09242916107, 36.1795730591, 60.2765235901, 15.4751958847], [41.2613449097, 13.7965097427, -15.5440444946, -4.71887779236, -7.82489156723, -0.461246669292, -5.23327970505, -1.06944918633, -1.08464765549, 0.115877568722, 9.77490234375, 15.4751958847, 26.2067298889]]
    },
    "sccoeffs": {
        "kurt": [0.185580730438, 0.386939287186, 0.130026578903, 0.479143857956, 3.03927087784, 8.2469959259],
        "max": [-0.595760822296, -0.536198377609, -0.685056447983, -0.627476990223, -0.723622441292, -0.773187458515],
        "mean": [-0.746736586094, -0.772844731808, -0.812257647514, -0.798333287239, -0.829447209835, -0.816714346409],
        "median": [-0.751559793949, -0.787289261818, -0.816893577576, -0.80674290657, -0.830283105373, -0.814463794231],
        "min": [-0.915968835354, -0.885386288166, -0.917509138584, -0.884413540363, -0.91430747509, -0.93220281601],
        "skew": [0.0743536800146, 0.88060092926, 0.50174677372, 0.913037240505, 0.78572511673, -1.74787461758],
        "var": [0.00293958559632, 0.0051505737938, 0.00215484504588, 0.0029946451541, 0.000656206393614, 0.000403849146096],
        "cov": [[0.00296492688358, 0.000444873323431, 0.000245761446422, 0.000416705472162, 0.000252093072049, 0.000211410311749], [0.000444873323431, 0.00519497552887, 0.00163471302949, 0.00202878192067, 0.000860799220391, 0.000525117677171], [0.000245761446422, 0.00163471302949, 0.00217342120595, 0.00168554205447, 0.000548297306523, 0.000353633979103], [0.000416705472162, 0.00202878192067, 0.00168554205447, 0.00302046095021, 0.000828149321023, 0.000336863333359], [0.000252093072049, 0.000860799220391, 0.000548297306523, 0.000828149321023, 0.000661863363348, 0.000284658133751], [0.000211410311749, 0.000525117677171, 0.000353633979103, 0.000336863333359, 0.000284658133751, 0.000407330604503]]
    },
    "scvalleys": {
        "kurt": [13.330324173, 11.5022668839, 10.5546426773, 20.2660598755, 20.3451213837, 12.7981491089],
        "max": [-5.83459711075, -5.16951560974, -4.76862430573, -6.28698015213, -7.14664649963, -10.1039857864],
        "mean": [-6.83174657822, -6.46400356293, -6.56803703308, -7.51603317261, -8.09625816345, -10.8806447983],
        "median": [-6.73114776611, -6.35751628876, -6.52955627441, -7.40099906921, -7.87638711929, -10.6678876877],
        "min": [-10.6372261047, -11.4413843155, -12.0933408737, -13.4516782761, -13.5075464249, -15.5688476562],
        "skew": [-3.07126736641, -2.74226427078, -2.38111639023, -3.80441999435, -4.05550956726, -3.07491493225],
        "var": [0.481809437275, 0.794129729271, 0.913299977779, 0.779737532139, 0.693756401539, 0.665149569511],
        "cov": [[0.485962957144, 0.463143110275, 0.50237506628, 0.49636182189, 0.491490870714, 0.470703005791], [0.463143110275, 0.800975680351, 0.76870238781, 0.71227645874, 0.646706461906, 0.61642062664], [0.50237506628, 0.76870238781, 0.921173214912, 0.779918015003, 0.704586625099, 0.678488194942], [0.49636182189, 0.71227645874, 0.779918015003, 0.786459445953, 0.688179194927, 0.636873602867], [0.491490870714, 0.646706461906, 0.704586625099, 0.688179194927, 0.699737071991, 0.657368123531], [0.470703005791, 0.61642062664, 0.678488194942, 0.636873602867, 0.657368123531, 0.670883655548]]
    }
},
"rhythm": {
    "beats_loudness": {
        "kurt": -1.5,
        "max": 0.0014960153494,
        "mean": 0.00126040948089,
        "median": 0.0013861953048,
        "min": 0.000899017730262,
        "skew": -0.613277316093,
        "var": 6.7312065255e-08
    },
    "bpm": 92.28515625,
    "confidence": 0,
    "first_peak_bpm": {
        "kurt": 0,
        "max": 92,
        "mean": 92,
        "median": 92,
        "min": 92,
        "skew": 0,
        "var": 0
    },
    "first_peak_spread": {
        "kurt": 0,
        "max": 0,
        "mean": 0,
        "median": 0,
        "min": 0,
        "skew": 0,
        "var": 0
    },
    "first_peak_weight": {
        "kurt": 0,
        "max": 1,
        "mean": 1,
        "median": 1,
        "min": 1,
        "skew": 0,
        "var": 0
    },
    "onset_rate": 1.86535596848,
    "second_peak_bpm": {
        "kurt": 0,
        "max": 0,
        "mean": 0,
        "median": 0,
        "min": 0,
        "skew": 0,
        "var": 0
    },
    "second_peak_spread": {
        "kurt": 0,
        "max": 0,
        "mean": 0,
        "median": 0,
        "min": 0,
        "skew": 0,
        "var": 0
    },
    "second_peak_weight": {
        "kurt": 0,
        "max": 0,
        "mean": 0,
        "median": 0,
        "min": 0,
        "skew": 0,
        "var": 0
    },
    "beats_loudness_band_ratio": {
        "kurt": [-1.49999952316, -1.5, -1.5, -1.50000989437, -1.49999988079, -1.5],
        "max": [0.170820221305, 0.24122788012, 0.344491630793, 0.334674686193, 0.102415785193, 0.0500458180904],
        "mean": [0.154761850834, 0.169827088714, 0.26252913475, 0.324564665556, 0.0829610675573, 0.0399598628283],
        "median": [0.164720967412, 0.153849333525, 0.255098074675, 0.320995539427, 0.0821254178882, 0.0384488403797],
        "min": [0.128744348884, 0.114404037595, 0.187997668982, 0.318023681641, 0.064342007041, 0.0313849337399],
        "skew": [-0.650296390057, 0.424844413996, 0.1723241359, 0.619057714939, 0.0804301947355, 0.287051975727],
        "var": [0.00034465524368, 0.00280835852027, 0.00410933699459, 5.25785471837e-05, 0.000241951245698, 5.91796997469e-05],
        "cov": [[0.00051698286552, -0.00133310584351, 0.00131803296972, -0.000192747131223, -0.00035250588553, -0.000207579607377], [-0.00133310584351, 0.0042125377804, -0.00487274304032, 0.000570705684368, 0.00121717958245, 0.000470449391287], [0.00131803296972, -0.00487274304032, 0.00616400549188, -0.000631553819403, -0.00148492178414, -0.000405923696235], [-0.000192747131223, 0.000570705684368, -0.000631553819403, 7.88678225945e-05, 0.000160728552146, 7.12288965588e-05], [-0.00035250588553, 0.00121717958245, -0.00148492178414, 0.000160728552146, 0.000362926861271, 0.000115759430628], [-0.000207579607377, 0.000470449391287, -0.000405923696235, 7.12288965588e-05, 0.000115759430628, 8.87695496203e-05]]
    },
    "beats_position": [0.638548731804, 1.28870749474, 1.93886613846],
    "bpm_estimates": [92.2851486206, 92.2851715088],
    "bpm_intervals": [0.650158762932, 0.650158643723],
    "onset_times": [0.0464399084449, 0.359909296036, 1.01006805897, 1.62539684772, 2.32199549675],
    "histogram": [[0, 0, 0, 0, 0, 0, 0, 0, 0, 0, 0, 0, 0, 0, 0, 0, 0, 0, 0, 0, 0, 0, 0, 0, 0, 0, 0, 0, 0, 0, 0, 0, 0, 0, 0, 0, 0, 0, 0, 0, 0, 0, 0, 0, 0, 0, 0, 0, 0, 0, 0, 0, 0, 0, 0, 0, 0, 0, 0, 0, 0, 0, 0, 0, 0, 0, 0, 0, 0, 0, 0, 0, 0, 0, 0, 0, 0, 0, 0, 0, 0, 0, 0, 0, 0, 0, 0, 0, 0, 0, 0, 0, 1, 0, 0, 0, 0, 0, 0, 0, 0, 0, 0, 0, 0, 0, 0, 0, 0, 0, 0, 0, 0, 0, 0, 0, 0, 0, 0, 0, 0, 0, 0, 0, 0, 0, 0, 0, 0, 0, 0, 0, 0, 0, 0, 0, 0, 0, 0, 0, 0, 0, 0, 0, 0, 0, 0, 0, 0, 0, 0, 0, 0, 0, 0, 0, 0, 0, 0, 0, 0, 0, 0, 0, 0, 0, 0, 0, 0, 0, 0, 0, 0, 0, 0, 0, 0, 0, 0, 0, 0, 0, 0, 0, 0, 0, 0, 0, 0, 0, 0, 0, 0, 0, 0, 0, 0, 0, 0, 0, 0, 0, 0, 0, 0, 0, 0, 0, 0, 0, 0, 0, 0, 0, 0, 0, 0, 0, 0, 0, 0, 0, 0, 0, 0, 0, 0, 0, 0, 0, 0, 0, 0, 0, 0, 0, 0, 0, 0, 0, 0, 0, 0, 0, 0, 0, 0, 0, 0, 0]]
},
"sfx": {
    "inharmonicity": {
        "kurt": -0.305571317673,
        "max": 0.306863099337,
        "mean": 0.106957279146,
        "median": 0.0886444300413,
        "min": 0.00544443354011,
        "skew": 0.721274673939,
        "var": 0.00584632158279
    },
    "oddtoevenharmonicenergyratio": {
        "kurt": 17.0196037292,
        "max": 12.2278423309,
        "mean": 1.16097462177,
        "median": 0.629896700382,
        "min": 0.0295761879534,
        "skew": 3.79041171074,
        "var": 3.03866195679
    },
    "pitch_after_max_to_before_max_energy_ratio": 2.51298642159,
    "pitch_centroid": 62.1641616821,
    "pitch_max_to_total": 0.299145311117,
    "pitch_min_to_total": 0.803418815136,
    "tristimulus": {
        "kurt": [-0.530990600586, 0.42547082901, -0.930901050568],
        "max": [0.683301448822, 0.778056621552, 0.909079611301],
        "mean": [0.254862010479, 0.384366393089, 0.360771656036],
        "median": [0.240356057882, 0.384301483631, 0.341615974903],
        "min": [0, 0, 0],
        "skew": [0.418620020151, 0.0662975087762, 0.388037145138],
        "var": [0.0257348846644, 0.0204531960189, 0.0467641912401],
        "cov": [[0.0259567368776, 0.000290535448585, -0.0262472741306], [0.000290535448585, 0.0206295177341, -0.0209200531244], [-0.0262472741306, -0.0209200531244, 0.0471673309803]]
    }
},
"tonal": {
    "chords_changes_rate": 0.169491529465,
    "chords_number_rate": 0.101694911718,
    "chords_strength": {
        "kurt": -1.56458091736,
        "max": 0.580289125443,
        "mean": 0.411004662514,
        "median": 0.422423750162,
        "min": 0.227600798011,
        "skew": -0.149732276797,
        "var": 0.0131456591189
    },
    "key_strength": 0.369353085756,
    "tuning_diatonic_strength": 0.405553549528,
    "tuning_equal_tempered_deviation": 0.246800124645,
    "tuning_frequency": 451.326080322,
    "tuning_nontempered_energy_ratio": 0.897065758705,
    "hpcp": {
        "kurt": [1.75819635391, 1.20500516891, 0.694602251053, 1.52046632767, 0.966831445694, 0.0902259349823, -0.311361312866, -0.0762779712677, -0.235460519791, 0.865690946579, 2.01085138321, 0.0555603504181, 0.916783094406, 1.73379182816, 1.6010017395, 2.82949399948, 6.61569499969, 0.520756959915, 7.85752296448, 8.28761005402, 4.45251703262, 1.48468971252, 1.06188631058, 0.930304050446, 4.04870843887, 3.92030763626, 2.23747730255, 2.9296298027, 3.11627626419, 4.31043052673, 3.94374322891, 3.52033424377, 1.67844867706, 1.21547222137, 4.58538198471, 4.0048327446],
        "max": [1, 1, 0.947305321693, 1, 1, 1, 1, 1, 0.984443902969, 1, 1, 1, 1, 0.940068244934, 0.808817446232, 1, 1, 0.52296847105, 1, 1, 1, 0.997421205044, 1, 1, 1, 0.930705487728, 0.920882999897, 1, 1, 1, 0.846233725548, 0.978132605553, 1, 0.912400007248, 1, 1],
        "mean": [0.262619763613, 0.268480718136, 0.251174390316, 0.259172677994, 0.287042230368, 0.31660810113, 0.374087661505, 0.363953173161, 0.306627511978, 0.292380541563, 0.319973498583, 0.384323090315, 0.358190596104, 0.248461470008, 0.22369723022, 0.247726500034, 0.204143360257, 0.170548036695, 0.173838481307, 0.169817328453, 0.192133367062, 0.245969727635, 0.282416462898, 0.264485150576, 0.208099678159, 0.195565328002, 0.228480830789, 0.238507449627, 0.242244362831, 0.239916056395, 0.214154034853, 0.23783801496, 0.278610020876, 0.249694824219, 0.201553419232, 0.215638741851],
        "median": [0.164614334702, 0.162964433432, 0.155156075954, 0.16769772768, 0.203176110983, 0.237848311663, 0.264248490334, 0.272996604443, 0.220259204507, 0.258645683527, 0.262449204922, 0.31162545085, 0.309968739748, 0.179039403796, 0.164003074169, 0.177237391472, 0.137462705374, 0.134011819959, 0.105762779713, 0.113348402083, 0.0963743850589, 0.126136094332, 0.188890457153, 0.152875259519, 0.145206108689, 0.122841089964, 0.164846777916, 0.166914373636, 0.161594927311, 0.174573034048, 0.15972673893, 0.182422637939, 0.167994081974, 0.157594799995, 0.141715988517, 0.139108687639],
