{
"metadata": {
    "version": {
        "essentia": "2.1-beta3"
    }
},
"lowLevel": {
    "average_loudness": 0.731381297112,
    "barkbands_kurtosis": {
        "kurt": 63.3657531738,
        "max": 101.819160461,
        "mean": 2.44458270073,
        "median": 0.314288854599,
        "min": -1.45380592346,
        "skew": 6.30652761459,
        "var": 46.9319992065
    },
    "barkbands_skewness": {
        "kurt": 2.76676988602,
        "max": 2.6750535965,
        "mean": 0.32746770978,
        "median": 0.440617322922,
        "min": -4.13006305695,
        "skew": -1.15804636478,
        "var": 0.732211351395
    },
    "barkbands_spread": {
        "kurt": -0.723088741302,
        "max": 39.3952064514,
        "mean": 14.9892711639,
        "median": 15.3034362793,
        "min": 0.435114622116,
        "skew": 0.0556106157601,
        "var": 60.9385986328
    },
    "dissonance": {
        "kurt": 9.8325586319,
        "max": 0.500000178814,
        "mean": 0.466342180967,
        "median": 0.478006511927,
        "min": 0.201181426644,
        "skew": -2.834451437,
        "var": 0.00144916120917
    },
    "hfc": {
        "kurt": 319.425262451,
        "max": 22.0422363281,
        "mean": 0.429967880249,
        "median": 0.252172678709,
        "min": 2.28386852541e-05,
        "skew": 16.2281455994,
        "var": 0.958495259285
    },
    "pitch": {
        "kurt": 13.0381946564,
        "max": 3813.63110352,
        "mean": 504.24130249,
        "median": 320.470581055,
        "min": 49.8924713135,
        "skew": 2.09810233116,
        "var": 151672.1875
    },
    "pitch_instantaneous_confidence": {
        "kurt": -0.90892124176,
        "max": 0.972194969654,
        "mean": 0.419904887676,
        "median": 0.31185477972,
        "min": 0.118554115295,
        "skew": 0.713170051575,
        "var": 0.0612756274641
    },
    "pitch_salience": {
        "kurt": 0.612479686737,
        "max": 0.850081801414,
        "mean": 0.650899171829,
        "median": 0.691912889481,
        "min": 0.177999585867,
        "skew": -1.08306980133,
        "var": 0.0172052588314
    },
    "silence_rate_20dB": {
        "kurt": 0,
        "max": 1,
        "mean": 1,
        "median": 1,
        "min": 1,
        "skew": 0,
        "var": 0
    },
    "silence_rate_30dB": {
        "kurt": 0,
        "max": 1,
        "mean": 1,
        "median": 1,
        "min": 1,
        "skew": 0,
        "var": 0
    },
    "silence_rate_60dB": {
        "kurt": 230.756134033,
        "max": 1,
        "mean": 0.995758235455,
        "median": 1,
        "min": 0,
        "skew": -15.2564201355,
        "var": 0.00422377185896
    },
    "spectral_centroid": {
        "kurt": 6.83598327637,
        "max": 2394.9934082,
        "mean": 878.366210938,
        "median": 861.267272949,
        "min": 330.242401123,
        "skew": 1.31310451031,
        "var": 43508.0664062
    },
    "spectral_complexity": {
        "kurt": 66.1269683838,
        "max": 35,
        "mean": 1.60763525963,
        "median": 1,
        "min": 0,
        "skew": 5.87755632401,
        "var": 5.4748916626
    },
    "spectral_crest": {
        "kurt": -0.276688098907,
        "max": 25.9925575256,
        "mean": 10.0055608749,
        "median": 8.20143318176,
        "min": 2.42327904701,
        "skew": 0.87496972084,
        "var": 33.6001548767
    },
    "spectral_decrease": {
        "kurt": 56.7315483093,
        "max": -9.97014191313e-15,
        "mean": -1.17997611682e-10,
        "median": -6.94315299699e-11,
        "min": -2.17231099775e-09,
        "skew": -5.22872638702,
        "var": 1.96867337889e-20
    },
    "spectral_energy": {
        "kurt": 82.6354904175,
        "max": 0.0101980902255,
        "mean": 0.000484349089675,
        "median": 0.000283805682557,
        "min": 3.97010850861e-08,
        "skew": 6.51811075211,
        "var": 3.66084492498e-07
    },
    "spectral_energyband_high": {
        "kurt": 463.568511963,
        "max": 0.00108617125079,
        "mean": 5.66667358726e-06,
        "median": 1.16371813874e-06,
        "min": 9.2380811334e-11,
        "skew": 20.7474079132,
        "var": 1.91720994636e-09
    },
    "spectral_energyband_low": {
        "kurt": 44.6205749512,
        "max": 0.00103462615516,
        "mean": 4.28248276876e-05,
        "median": 1.64767006936e-05,
        "min": 1.75776526667e-09,
        "skew": 5.25314664841,
        "var": 5.77880943098e-09
    },
    "spectral_energyband_middle_high": {
        "kurt": 108.349853516,
        "max": 0.00643541524187,
        "mean": 0.000228570017498,
        "median": 0.000131119391881,
        "min": 8.15317413583e-09,
        "skew": 8.36154747009,
        "var": 1.42048477869e-07
    },
    "spectral_energyband_middle_low": {
        "kurt": 13.7077827454,
        "max": 0.00268159387633,
        "mean": 0.000226727090194,
        "median": 0.000103255202703,
        "min": 3.04694012243e-08,
        "skew": 2.92102575302,
        "var": 8.42781702204e-08
    },
    "spectral_flatness_db": {
        "kurt": 0.445227384567,
        "max": 0.425534933805,
        "mean": 0.183841064572,
        "median": 0.169113323092,
        "min": 0.0789280682802,
        "skew": 0.922450065613,
        "var": 0.00385463004932
    },
    "spectral_flux": {
        "kurt": 9.77586078644,
        "max": 0.0658516287804,
        "mean": 0.0122116114944,
        "median": 0.0105486353859,
        "min": 0.000249184202403,
        "skew": 2.10651993752,
        "var": 4.78795409435e-05
    },
    "spectral_kurtosis": {
        "kurt": 4.24749517441,
        "max": 74.9113311768,
        "mean": 14.3361787796,
        "median": 10.40239048,
        "min": 2.2404294014,
        "skew": 1.92758989334,
        "var": 117.626823425
    },
    "spectral_rms": {
        "kurt": 5.69656467438,
        "max": 0.00315426010638,
        "mean": 0.000609604467172,
        "median": 0.000526197312865,
        "min": 6.2235653786e-06,
        "skew": 1.53566229343,
        "var": 1.00917866064e-07
    },
    "spectral_rolloff": {
        "kurt": 1.84054422379,
        "max": 3832.91015625,
        "mean": 1394.54260254,
        "median": 1227.39257812,
        "min": 322.998046875,
        "skew": 1.22579646111,
        "var": 284496.65625
    },
    "spectral_skewness": {
        "kurt": 2.20178604126,
        "max": 6.35931396484,
        "mean": 2.73866891861,
        "median": 2.48185896873,
        "min": 1.34250855446,
        "skew": 1.44026350975,
        "var": 0.66141140461
    },
    "spectral_spread": {
        "kurt": 0.128742218018,
        "max": 6270375,
        "mean": 2920403,
        "median": 2726298.5,
        "min": 856356.5,
        "skew": 0.725899934769,
        "var": 1.20251010253e+12
    },
    "spectral_strongpeak": {
        "kurt": 7.74956798553,
        "max": 1.66920483112,
        "mean": 0.175036773086,
        "median": 0.0914833545685,
        "min": 0.000231639438425,
        "skew": 2.36292815208,
        "var": 0.0436576753855
    },
    "zerocrossingrate": {
        "kurt": 3.5818271637,
        "max": 0.12109375,
        "mean": 0.0510556809604,
        "median": 0.04931640625,
        "min": 0.01416015625,
        "skew": 1.1900190115,
        "var": 0.000141098847962
    },
    "barkbands": {
        "kurt": [285.076873779, 25.1268234253, 94.4469070435, 24.2885780334, 9.79384231567, 32.0412101746, 145.384887695, 297.113830566, 52.5455131531, 100.34148407, 42.7801628113, 19.9650592804, 131.753112793, 392.850067139, 471.089996338, 228.162887573, 584.233215332, 301.989440918, 456.596405029, 503.076263428, 473.559295654, 553.098327637, 416.661590576, 507.149200439, 557.877990723, 412.048797607, 473.974395752],
        "max": [1.54190656758e-05, 0.000323452753946, 0.000565962924156, 0.000645932275802, 0.000776125409175, 0.00077818002319, 0.000741999305319, 0.00133764441125, 0.00101626897231, 0.00260109803639, 0.00184549810365, 0.00087072676979, 0.000506634823978, 0.000798360153567, 0.000840259541292, 0.000427532271715, 0.00129334116355, 0.000505085394252, 0.00128295831382, 0.0013229547767, 0.000255966442637, 0.0003018596326, 5.46821029275e-05, 3.68191940652e-05, 2.20998645091e-05, 6.74292664371e-07, 7.31220595185e-09],
        "mean": [2.47882013582e-07, 1.47463097164e-05, 1.4930238649e-05, 3.22717241943e-05, 7.11369866622e-05, 3.35581571562e-05, 1.74481574504e-05, 2.11399710679e-05, 3.88274165743e-05, 6.13492738921e-05, 5.82002503506e-05, 4.45378245786e-05, 1.20389813674e-05, 1.09712591438e-05, 8.99277438293e-06, 9.26127813727e-06, 9.4196648206e-06, 7.25227846488e-06, 8.46759212436e-06, 6.25059283266e-06, 1.78728771516e-06, 1.00801878489e-06, 2.3468658128e-07, 1.76938613095e-07, 9.12696265232e-08, 2.96451085902e-09, 4.02016198109e-11],
        "median": [7.24828623788e-08, 4.37431981481e-06, 4.85425243824e-06, 8.65066795086e-06, 1.9234350475e-05, 1.05120925582e-05, 6.47986144031e-06, 9.45376541495e-06, 1.51299245772e-05, 2.01437869691e-05, 1.25032238429e-05, 1.04115206341e-05, 5.13841314387e-06, 5.41733470527e-06, 4.04030970458e-06, 5.08955963596e-06, 4.27559325544e-06, 3.10703035211e-06, 2.2487104161e-06, 1.32710943035e-06, 4.44731597327e-07, 1.02214443132e-07, 2.19044835603e-08, 1.51923860159e-08, 7.73693553668e-09, 1.5012448229e-10, 8.41411662567e-12],
        "min": [4.42830364392e-12, 8.47029446582e-10, 2.37276975845e-10, 3.56745882835e-10, 4.3034198427e-09, 4.16524548186e-09, 7.91023913038e-10, 1.97941041336e-09, 1.76658876416e-09, 2.40078357194e-09, 1.24116938949e-09, 7.29667992694e-10, 6.75763611735e-10, 3.67596397766e-10, 8.1460449497e-10, 4.74455530419e-10, 2.10040554394e-10, 4.68507510565e-10, 3.53531454111e-10, 2.37279751403e-10, 3.43196478181e-11, 3.70393819782e-12, 1.34702080219e-12, 6.69592257075e-13, 2.69648181821e-13, 9.49913314918e-15, 6.09114203744e-16],
        "skew": [14.051153183, 4.29945039749, 8.17099571228, 4.2498755455, 2.91614556313, 4.61720085144, 9.93348503113, 14.8395795822, 6.41942882538, 8.64234924316, 5.481508255, 3.95380711555, 9.9901008606, 18.3190059662, 20.0614204407, 13.2310800552, 22.8046550751, 16.1598072052, 19.7901611328, 21.1019248962, 20.5020275116, 22.9126205444, 20.0863418579, 21.6841220856, 22.7956848145, 19.8366641998, 21.3510398865],
        "var": [4.51304331362e-13, 8.93572438265e-10, 1.35668587475e-09, 4.11559053504e-09, 1.44200562602e-08, 4.100038975e-09, 1.57748369922e-09, 3.36976424542e-09, 7.21850224039e-09, 2.73416755903e-08, 1.97486773601e-08, 8.74398953243e-09, 8.68416005773e-10, 1.11451803342e-09, 1.06494135732e-09, 4.26833624001e-10, 2.25099627826e-09, 5.87937476482e-10, 2.53822807217e-09, 2.57921217717e-09, 1.00912597722e-10, 1.3251502673e-10, 6.34025817958e-12, 2.07451113579e-12, 6.97121776538e-13, 8.96898306255e-16, 9.07762996864e-20],
        "cov": [[4.51783413197e-13, 5.27020311072e-12, 8.23753608728e-13, 5.00347289642e-12, 1.14086544031e-11, 6.22691178134e-12, 2.5429046889e-12, 3.57602944652e-12, 1.49067685279e-11, 2.71507946334e-12, -9.19598056558e-14, 9.33736941933e-12, 2.35748096392e-12, 1.31623336362e-12, 1.26758738055e-12, 1.033553668e-12, 1.04913755634e-12, 1.22114861625e-12, 2.26188924361e-12, 2.03550739632e-12, 4.2165647059e-13, 2.52967622977e-13, 7.1030211064e-14, 3.47021097567e-14, 2.21084916596e-14, 7.54271139887e-16, 1.03259834454e-17], [5.27020311072e-12, 8.94521068329e-10, 4.1103176418e-10, 6.94013069236e-10, 1.9519055261e-09, 8.82434458838e-10, 3.01462077523e-10, 2.30541641333e-10, 1.2769799107e-10, -1.64319294282e-10, -1.31895215236e-11, 1.26918697774e-09, 4.52462622924e-10, 1.33397834445e-10, 8.94371382509e-11, 7.98735660945e-11, 7.86781403916e-11, 1.02651991074e-10, 1.21285925747e-10, 6.64838462061e-11, 3.11596339009e-11, 8.57699848644e-12, 2.27240990781e-12, 2.21350411958e-12, 9.29021941841e-13, 2.13473868167e-14, 4.72683189265e-16], [8.23753608728e-13, 4.1103176418e-10, 1.35812616708e-09, 1.13436260385e-09, 1.41113387642e-09, 7.25004223323e-10, 2.45474612859e-10, 1.89802146222e-10, 1.18278225755e-11, -2.46628245604e-10, -1.56453391909e-10, 4.18846068939e-10, 9.25754334302e-11, 9.09065600574e-11, 6.552067916e-11, 8.41673120089e-11, 9.4342804402e-11, 6.95622934255e-11, 5.74331797398e-11, 1.92653271808e-11, 1.46536827811e-11, 7.87509987776e-12, 1.19824170117e-12, 1.43523777932e-12, 6.27122648516e-13, 1.6010848856e-14, 1.77497183465e-16], [5.00347289642e-12, 6.94013069236e-10, 1.13436260385e-09, 4.11995948468e-09, 4.28246638151e-09, 1.49425438689e-09, 4.81337025793e-10, 4.12332251676e-10, 1.23297858035e-10, -1.92614951766e-10, 8.22603929418e-10, 1.44246825595e-09, 3.73474695614e-10, 1.30075256122e-10, 1.50292209233e-10, 1.21326004798e-10, 9.92459794902e-11, 1.31847824325e-10, 1.01402039543e-10, 2.79675414772e-11, 2.86637207025e-11, -6.11180539772e-13, -4.70526775095e-13, 9.56084712268e-14, -1.39127262228e-14, -1.10610415751e-14, 2.27516623053e-16], [1.14086544031e-11, 1.9519055261e-09, 1.41113387642e-09, 4.28246638151e-09, 1.44353640152e-08, 5.03288832832e-09, 1.73401815129e-09, 1.75221892551e-09, 8.45217673628e-10, -9.48570888504e-10, 2.43613684781e-10, 3.46806050544e-09, 1.05192188293e-09, 6.80218548155e-10, 6.7351590971e-10, 5.22772936051e-10, 4.98021734963e-10, 5.19231935225e-10, 8.23744017442e-10, 4.87297480145e-10, 1.4252291014e-10, 5.86933210367e-11, 1.40702414997e-11, 1.10831222672e-11, 5.86740074929e-12, 1.68257701066e-13, 2.57582443974e-15], [6.22691178134e-12, 8.82434458838e-10, 7.25004223323e-10, 1.49425438689e-09, 5.03288832832e-09, 4.10439104925e-09, 1.66916647171e-09, 1.45333312052e-09, 7.27728377559e-10, -4.16410489423e-10, -2.33769448243e-10, 1.74445324852e-09, 5.60715751607e-10, 4.48877990333e-10, 5.00014085691e-10, 3.18983089942e-10, 3.6266767367e-10, 4.24199703142e-10, 8.82430850613e-10, 6.12421668933e-10, 1.25806892681e-10, 5.70671704336e-11, 1.63871988895e-11, 1.07428883497e-11, 6.23789605039e-12, 1.87273712705e-13, 2.24313340323e-15], [2.5429046889e-12, 3.01462077523e-10, 2.45474612859e-10, 4.81337025793e-10, 1.73401815129e-09, 1.66916647171e-09, 1.57915835963e-09, 1.52289836297e-09, 7.19248383074e-10, -1.51117642705e-11, 8.30744761177e-12, 9.08475572547e-10, 3.75449588086e-10, 5.06147845858e-10, 5.66342750474e-10, 2.74340966611e-10, 4.56444021468e-10, 4.58146992566e-10, 1.10564835065e-09, 9.0949120457e-10, 1.63170033041e-10, 9.68394739398e-11, 2.70426129406e-11, 1.79984811777e-11, 1.06588089049e-11, 3.06264237061e-13, 3.45887492198e-15], [3.57602944652e-12, 2.30541641333e-10, 1.89802146222e-10, 4.12332251676e-10, 1.75221892551e-09, 1.45333312052e-09, 1.52289836297e-09, 3.37334138401e-09, 1.52944368281e-09, 4.34317026787e-10, 4.17359341531e-10, 1.74227410277e-09, 4.99212282623e-10, 1.51825851891e-09, 1.51849766095e-09, 7.14211634278e-10, 1.51913925883e-09, 1.10204656512e-09, 2.5762454392e-09, 2.41460851313e-09, 4.61857135869e-10, 3.99409089136e-10, 1.00206010156e-10, 6.32869659456e-11, 3.74094123734e-11, 1.14602793401e-12, 1.30528819022e-14], [1.49067685279e-11, 1.2769799107e-10, 1.18278225755e-11, 1.23297858035e-10, 8.45217673628e-10, 7.27728377559e-10, 7.19248383074e-10, 1.52944368281e-09, 7.22616499971e-09, 1.91418006446e-10, 3.48742493217e-11, 8.28351165438e-10, 3.40922096109e-10, 6.89513390828e-10, 6.65643762332e-10, 4.36794128644e-10, 7.54329765318e-10, 4.98513064162e-10, 1.08420383782e-09, 1.04769604103e-09, 2.07409339703e-10, 1.96346633397e-10, 4.64041964576e-11, 2.69638651684e-11, 1.60215486711e-11, 5.41805912201e-13, 5.92495862011e-15], [2.71507946334e-12, -1.64319294282e-10, -2.46628245604e-10, -1.92614951766e-10, -9.48570888504e-10, -4.16410489423e-10, -1.51117642705e-11, 4.34317026787e-10, 1.91418006446e-10, 2.7370701261e-08, 3.26712235044e-09, 1.7821433218e-10, 9.67527169493e-11, 3.05025338321e-10, 1.7004458952e-10, -3.29892814455e-11, 2.1233598213e-10, 1.12628857629e-10, 2.49427950516e-10, 2.93418817021e-10, 5.29554629314e-11, 4.99333074888e-11, 1.19843406032e-11, 6.99262219309e-12, 4.56708065463e-12, 1.36679757139e-13, 1.82491215607e-15], [-9.19598056558e-14, -1.31895215236e-11, -1.56453391909e-10, 8.22603929418e-10, 2.43613684781e-10, -2.33769448243e-10, 8.30744761177e-12, 4.17359341531e-10, 3.48742493217e-11, 3.26712235044e-09, 1.97696419235e-08, 1.0558867114e-09, 3.42739198134e-10, 3.34307914684e-10, 2.63258193023e-10, 1.25121260575e-10, 4.73479477847e-10, 2.91427576515e-10, 3.6323422048e-10, 3.9932179785e-10, 8.61289373155e-11, 1.25909865867e-10, 2.40278595631e-11, 9.70692103086e-12, 5.83984163111e-12, 2.882150085e-13, 2.72901394814e-15], [9.33736941933e-12, 1.26918697774e-09, 4.18846068939e-10, 1.44246825595e-09, 3.46806050544e-09, 1.74445324852e-09, 9.08475572547e-10, 1.74227410277e-09, 8.28351165438e-10, 1.7821433218e-10, 1.0558867114e-09, 8.7532718851e-09, 1.07234154889e-09, 9.75955427585e-10, 9.43202183024e-10, 3.87850418448e-10, 7.60935814359e-10, 6.66994959264e-10, 1.43254186291e-09, 1.4015421046e-09, 2.95777208281e-10, 1.87966225917e-10, 5.1699897835e-11, 3.40753189554e-11, 2.05605740766e-11, 5.73519638898e-13, 7.27043022276e-15], [2.35748096392e-12, 4.52462622924e-10, 9.25754334302e-11, 3.73474695614e-10, 1.05192188293e-09, 5.60715751607e-10, 3.75449588086e-10, 4.99212282623e-10, 3.40922096109e-10, 9.67527169493e-11, 3.42739198134e-10, 1.07234154889e-09, 8.69337879461e-10, 3.79408532369e-10, 3.26543042606e-10, 2.42805331396e-10, 5.13278031189e-10, 2.81257989121e-10, 4.43687225848e-10, 4.33357350005e-10, 1.0066576045e-10, 1.10146579357e-10, 2.27715693524e-11, 1.21007084561e-11, 6.71031155988e-12, 2.78083654194e-13, 2.63091482736e-15], [1.31623336362e-12, 1.33397834445e-10, 9.09065600574e-11, 1.30075256122e-10, 6.80218548155e-10, 4.48877990333e-10, 5.06147845858e-10, 1.51825851891e-09, 6.89513390828e-10, 3.05025338321e-10, 3.34307914684e-10, 9.75955427585e-10, 3.79408532369e-10, 1.1157011981e-09, 1.02524466694e-09, 5.62911550706e-10, 1.2768499591e-09, 7.50808970551e-10, 1.51569490292e-09, 1.53332735398e-09, 3.16905807152e-10, 3.30579175145e-10, 7.69737676376e-11, 4.57214335836e-11, 2.64815513268e-11, 9.05494754698e-13, 9.53083166316e-15], [1.26758738055e-12, 8.94371382509e-11, 6.552067916e-11, 1.50292209233e-10, 6.7351590971e-10, 5.00014085691e-10, 5.66342750474e-10, 1.51849766095e-09, 6.65643762332e-10, 1.7004458952e-10, 2.63258193023e-10, 9.43202183024e-10, 3.26543042606e-10, 1.02524466694e-09, 1.06607189743e-09, 5.31593213893e-10, 1.15579157356e-09, 7.40221328677e-10, 1.55631307841e-09, 1.6035739403e-09, 3.20074439175e-10, 2.99589519859e-10, 7.26499277404e-11, 4.44301921643e-11, 2.59893096627e-11, 8.52179980228e-13, 9.10034834355e-15], [1.033553668e-12, 7.98735660945e-11, 8.41673120089e-11, 1.21326004798e-10, 5.22772936051e-10, 3.18983089942e-10, 2.74340966611e-10, 7.14211634278e-10, 4.36794128644e-10, -3.29892814455e-11, 1.25121260575e-10, 3.87850418448e-10, 2.42805331396e-10, 5.62911550706e-10, 5.31593213893e-10, 4.27286733773e-10, 8.41481773151e-10, 4.43116682236e-10, 7.60049079229e-10, 7.60994489646e-10, 1.65187530321e-10, 2.00033545283e-10, 4.58164131634e-11, 2.36096524275e-11, 1.34503701579e-11, 5.5533995371e-13, 5.05646355204e-15], [1.04913755634e-12, 7.86781403916e-11, 9.4342804402e-11, 9.92459794902e-11, 4.98021734963e-10, 3.6266767367e-10, 4.56444021468e-10, 1.51913925883e-09, 7.54329765318e-10, 2.1233598213e-10, 4.73479477847e-10, 7.60935814359e-10, 5.13278031189e-10, 1.2768499591e-09, 1.15579157356e-09, 8.41481773151e-10, 2.2533859223e-09, 1.01003472253e-09, 1.71298297769e-09, 1.72750380667e-09, 3.73750141947e-10, 5.3163262681e-10, 1.08531593435e-10, 5.51025509943e-11, 3.09865050285e-11, 1.3120530053e-12, 1.20646290809e-14], [1.22114861625e-12, 1.02651991074e-10, 6.95622934255e-11, 1.31847824325e-10, 5.19231935225e-10, 4.24199703142e-10, 4.58146992566e-10, 1.10204656512e-09, 4.98513064162e-10, 1.12628857629e-10, 2.91427576515e-10, 6.66994959264e-10, 2.81257989121e-10, 7.50808970551e-10, 7.40221328677e-10, 4.43116682236e-10, 1.01003472253e-09, 5.88561588355e-10, 1.13105824706e-09, 1.13549303293e-09, 2.31984154109e-10, 2.48348869247e-10, 5.70769993768e-11, 3.22551846343e-11, 1.86224455995e-11, 6.76948731446e-13, 6.76008355468e-15], [2.26188924361e-12, 1.21285925747e-10, 5.74331797398e-11, 1.01402039543e-10, 8.23744017442e-10, 8.82430850613e-10, 1.10564835065e-09, 2.5762454392e-09, 1.08420383782e-09, 2.49427950516e-10, 3.6323422048e-10, 1.43254186291e-09, 4.43687225848e-10, 1.51569490292e-09, 1.55631307841e-09, 7.60049079229e-10, 1.71298297769e-09, 1.13105824706e-09, 2.54092258345e-09, 2.5066058118e-09, 4.85213980106e-10, 4.48020148758e-10, 1.09034295481e-10, 6.68809868598e-11, 3.91851377735e-11, 1.27065491375e-12, 1.36852462075e-14], [2.03550739632e-12, 6.64838462061e-11, 1.92653271808e-11, 2.79675414772e-11, 4.87297480145e-10, 6.12421668933e-10, 9.0949120457e-10, 2.41460851313e-09, 1.04769604103e-09, 2.93418817021e-10, 3.9932179785e-10, 1.4015421046e-09, 4.33357350005e-10, 1.53332735398e-09, 1.6035739403e-09, 7.60994489646e-10, 1.72750380667e-09, 1.13549303293e-09, 2.5066058118e-09, 2.58195020919e-09, 4.99433827628e-10, 4.52966830711e-10, 1.10497361261e-10, 6.82690223797e-11, 4.00625504993e-11, 1.29083538563e-12, 1.38866282907e-14], [4.2165647059e-13, 3.11596339009e-11, 1.46536827811e-11, 2.86637207025e-11, 1.4252291014e-10, 1.25806892681e-10, 1.63170033041e-10, 4.61857135869e-10, 2.07409339703e-10, 5.29554629314e-11, 8.61289373155e-11, 2.95777208281e-10, 1.0066576045e-10, 3.16905807152e-10, 3.20074439175e-10, 1.65187530321e-10, 3.73750141947e-10, 2.31984154109e-10, 4.85213980106e-10, 4.99433827628e-10, 1.01019727305e-10, 9.74429079093e-11, 2.32186075921e-11, 1.4054587355e-11, 8.17933481362e-12, 2.72515977883e-13, 2.88812802849e-15], [2.52967622977e-13, 8.57699848644e-12, 7.87509987776e-12, -6.11180539772e-13, 5.86933210367e-11, 5.70671704336e-11, 9.68394739398e-11, 3.99409089136e-10, 1.96346633397e-10, 4.99333074888e-11, 1.25909865867e-10, 1.87966225917e-10, 1.10146579357e-10, 3.30579175145e-10, 2.99589519859e-10, 2.00033545283e-10, 5.3163262681e-10, 2.48348869247e-10, 4.48020148758e-10, 4.52966830711e-10, 9.74429079093e-11, 1.32655705865e-10, 2.78090953043e-11, 1.46642281651e-11, 8.31334914103e-12, 3.32764631822e-13, 3.19498244254e-15], [7.1030211064e-14, 2.27240990781e-12, 1.19824170117e-12, -4.70526775095e-13, 1.40702414997e-11, 1.63871988895e-11, 2.70426129406e-11, 1.00206010156e-10, 4.64041964576e-11, 1.19843406032e-11, 2.40278595631e-11, 5.1699897835e-11, 2.27715693524e-11, 7.69737676376e-11, 7.26499277404e-11, 4.58164131634e-11, 1.08531593435e-10, 5.70769993768e-11, 1.09034295481e-10, 1.10497361261e-10, 2.32186075921e-11, 2.78090953043e-11, 6.34698890667e-12, 3.43039442338e-12, 1.97768429237e-12, 7.52462260794e-14, 7.36173698634e-16], [3.47021097567e-14, 2.21350411958e-12, 1.43523777932e-12, 9.56084712268e-14, 1.10831222672e-11, 1.07428883497e-11, 1.79984811777e-11, 6.32869659456e-11, 2.69638651684e-11, 6.99262219309e-12, 9.70692103086e-12, 3.40753189554e-11, 1.21007084561e-11, 4.57214335836e-11, 4.44301921643e-11, 2.36096524275e-11, 5.51025509943e-11, 3.22551846343e-11, 6.68809868598e-11, 6.82690223797e-11, 1.4054587355e-11, 1.46642281651e-11, 3.43039442338e-12, 2.07671336724e-12, 1.19845138587e-12, 4.0227776622e-14, 4.27474076255e-16], [2.21084916596e-14, 9.29021941841e-13, 6.27122648516e-13, -1.39127262228e-14, 5.86740074929e-12, 6.23789605039e-12, 1.06588089049e-11, 3.74094123734e-11, 1.60215486711e-11, 4.56708065463e-12, 5.83984163111e-12, 2.05605740766e-11, 6.71031155988e-12, 2.64815513268e-11, 2.59893096627e-11, 1.34503701579e-11, 3.09865050285e-11, 1.86224455995e-11, 3.91851377735e-11, 4.00625504993e-11, 8.17933481362e-12, 8.31334914103e-12, 1.97768429237e-12, 1.19845138587e-12, 6.9786179873e-13, 2.31402032003e-14, 2.47516923822e-16], [7.54271139887e-16, 2.13473868167e-14, 1.6010848856e-14, -1.10610415751e-14, 1.68257701066e-13, 1.87273712705e-13, 3.06264237061e-13, 1.14602793401e-12, 5.41805912201e-13, 1.36679757139e-13, 2.882150085e-13, 5.73519638898e-13, 2.78083654194e-13, 9.05494754698e-13, 8.52179980228e-13, 5.5533995371e-13, 1.3120530053e-12, 6.76948731446e-13, 1.27065491375e-12, 1.29083538563e-12, 2.72515977883e-13, 3.32764631822e-13, 7.52462260794e-14, 4.0227776622e-14, 2.31402032003e-14, 8.97850371287e-16, 8.65262188158e-18], [1.03259834454e-17, 4.72683189265e-16, 1.77497183465e-16, 2.27516623053e-16, 2.57582443974e-15, 2.24313340323e-15, 3.45887492198e-15, 1.30528819022e-14, 5.92495862011e-15, 1.82491215607e-15, 2.72901394814e-15, 7.27043022276e-15, 2.63091482736e-15, 9.53083166316e-15, 9.10034834355e-15, 5.05646355204e-15, 1.20646290809e-14, 6.76008355468e-15, 1.36852462075e-14, 1.38866282907e-14, 2.88812802849e-15, 3.19498244254e-15, 7.36173698634e-16, 4.27474076255e-16, 2.47516923822e-16, 8.65262188158e-18, 9.08726662278e-20]]
    },
    "mfcc": {
        "kurt": [0.983588218689, 7.20278453827, 1.88628673553, -0.109408855438, -0.227375268936, 0.21278834343, 0.213618516922, 0.739653587341, 0.611085176468, 0.111092567444, 0.227020263672, 1.06939935684, 1.31722021103],
        "max": [-615.985412598, 196.31930542, 35.4923439026, 58.9729347229, 22.5801696777, 15.4668006897, 41.3687210083, 49.3250350952, 39.8918952942, 26.3027133942, 9.12454223633, 23.7522525787, 30.7757530212],
        "mean": [-873.665100098, 149.786102295, -35.6111755371, 7.18084669113, -3.11323833466, -10.6009111404, 9.50541210175, 3.29434013367, 1.24585974216, -4.67558145523, -9.35755634308, -7.02742052078, -4.07392835617],
        "median": [-880.58404541, 148.36315918, -36.2130851746, 11.5946998596, -2.97644042969, -10.6041183472, 8.35687637329, 1.40774154663, 0.838943481445, -4.89920806885, -8.72400856018, -7.43869018555, -5.2290763855],
        "min": [-1135.14001465, 4.44211959839, -72.8379821777, -65.8522720337, -34.6094932556, -41.8545608521, -21.5765991211, -26.1858520508, -27.174949646, -34.588142395, -37.9215736389, -34.4777336121, -34.2365837097],
        "skew": [0.152535006404, -1.13987028599, 0.61756670475, -0.565806269646, -0.235739275813, 0.0622516199946, 0.476584047079, 0.681446909904, 0.30571731925, 0.18993422389, -0.464498132467, 0.439569830894, 0.801586151123],
        "var": [3197.17773438, 373.910766602, 161.228149414, 369.299163818, 89.7375793457, 78.6946029663, 86.9554138184, 137.700286865, 100.5911026, 102.67288208, 54.7056732178, 64.0051498413, 97.2636413574],
        "cov": [[3200.57177734, 314.744445801, -432.855621338, 777.739196777, -66.0882339478, 202.59147644, -44.5868453979, -384.85357666, -119.485794067, -115.663780212, 113.29108429, 10.4409418106, -63.1877326965], [314.744445801, 374.307678223, -51.8233680725, 28.7081737518, -19.7566604614, 1.30684781075, 50.1918563843, -20.969871521, -23.6777610779, -16.2064418793, -18.3355522156, 1.57667148113, -17.0450496674], [-432.855621338, -51.8233680725, 161.399307251, -84.48487854, 25.782075882, -11.4265413284, -0.196987047791, 65.1368560791, 15.8177032471, 12.4145469666, -14.131526947, -7.38963699341, 3.30782604218], [777.739196777, 28.7081737518, -84.48487854, 369.691223145, 43.1308250427, 67.0335845947, -27.0958156586, -152.302520752, -38.5495109558, -16.9210720062, 46.3906707764, 2.90213418007, -31.5356407166], [-66.0882339478, -19.7566604614, 25.782075882, 43.1308250427, 89.8328475952, 22.5257072449, -18.898015976, -17.9390506744, -11.1981706619, 2.19115948677, 11.2304372787, 9.2261762619, -0.361701846123], [202.59147644, 1.30684781075, -11.4265413284, 67.0335845947, 22.5257072449, 78.778137207, 24.5861606598, -21.4688434601, -26.9860687256, -41.2451324463, 9.52547264099, 19.0099601746, 15.2962398529], [-44.5868453979, 50.1918563843, -0.196987047791, -27.0958156586, -18.898015976, 24.5861606598, 87.0477218628, 51.151599884, -7.16444444656, -25.5780258179, -25.9461517334, 7.21030759811, 19.7399082184], [-384.85357666, -20.969871521, 65.1368560791, -152.302520752, -17.9390506744, -21.4688434601, 51.151599884, 137.846466064, 53.9367103577, 8.59723567963, -30.6841697693, -14.9658060074, 4.18813228607], [-119.485794067, -23.6777610779, 15.8177032471, -38.5495109558, -11.1981706619, -26.9860687256, -7.16444444656, 53.9367103577, 100.697883606, 66.8187866211, -0.900298535824, -32.5064659119, -54.2308998108], [-115.663780212, -16.2064418793, 12.4145469666, -16.9210720062, 2.19115948677, -41.2451324463, -25.5780258179, 8.59723567963, 66.8187866211, 102.78188324, 28.2667007446, -22.4573001862, -44.6939582825], [113.29108429, -18.3355522156, -14.131526947, 46.3906707764, 11.2304372787, 9.52547264099, -25.9461517334, -30.6841697693, -0.900298535824, 28.2667007446, 54.7637481689, 21.4213943481, -5.11767339706], [10.4409418106, 1.57667148113, -7.38963699341, 2.90213418007, 9.2261762619, 19.0099601746, 7.21030759811, -14.9658060074, -32.5064659119, -22.4573001862, 21.4213943481, 64.073097229, 51.9906997681], [-63.1877326965, -17.0450496674, 3.30782604218, -31.5356407166, -0.361701846123, 15.2962398529, 19.7399082184, 4.18813228607, -54.2308998108, -44.6939582825, -5.11767339706, 51.9906997681, 97.366897583]]
    },
    "sccoeffs": {
        "kurt": [0.323372125626, -0.12674665451, 0.752064466476, 4.91895437241, 0.958153009415, 0.632699012756],
        "max": [-0.533935964108, -0.673398196697, -0.472578048706, -0.62495213747, -0.757412433624, -0.751105248928],
        "mean": [-0.763158798218, -0.81826364994, -0.788210868835, -0.842930197716, -0.83614552021, -0.833695471287],
        "median": [-0.77244079113, -0.822119653225, -0.806388735771, -0.850608587265, -0.837593615055, -0.837772130966],
        "min": [-0.91213953495, -0.913052082062, -0.930382490158, -0.917186915874, -0.891404509544, -0.879422783852],
        "skew": [0.59916394949, 0.411903530359, 0.972264587879, 1.79521107674, 0.614876806736, 0.81135982275],
        "var": [0.00379743613303, 0.00178341707215, 0.00573014235124, 0.00138299935497, 0.000414023728808, 0.000388209708035],
        "cov": [[0.00380146736279, -3.41228042089e-05, -0.00122164317872, 9.735673666e-05, 1.86055312952e-05, 0.0002314302983], [-3.41228042089e-05, 0.00178531033453, 0.000608871749137, 0.000191581275431, 8.59343708726e-05, 0.000129446460051], [-0.00122164317872, 0.000608871749137, 0.00573622528464, 0.000438448187197, 0.000267054478172, 0.000324783148244], [9.735673666e-05, 0.000191581275431, 0.000438448187197, 0.0013844674686, 0.000238663124037, 0.000142833465361], [1.86055312952e-05, 8.59343708726e-05, 0.000267054478172, 0.000238663124037, 0.000414463225752, 1.14048307296e-05], [0.0002314302983, 0.000129446460051, 0.000324783148244, 0.000142833465361, 1.14048307296e-05, 0.000388621818274]]
    },
    "scvalleys": {
        "kurt": [1.25917243958, 1.43518304825, 5.26869773865, 2.16115236282, 2.07813405991, 0.221387624741],
        "max": [-5.58554697037, -5.11326980591, -5.89640426636, -5.73297071457, -6.15400791168, -8.02467536926],
        "mean": [-7.65292882919, -7.50850391388, -7.50311088562, -8.24768829346, -9.14677143097, -11.9250411987],
        "median": [-7.66712284088, -7.49573659897, -7.51573848724, -8.16776561737, -9.08113098145, -11.8901281357],
        "min": [-11.5952558517, -11.4528112411, -12.0062198639, -12.6542186737, -13.6042413712, -16.9689254761],
        "skew": [-0.248805806041, -0.300335764885, -0.800228476524, -0.620169579983, -0.358061641455, -0.0333719998598],
        "var": [0.500159144402, 0.492536664009, 0.365669131279, 0.467664331198, 0.578718602657, 1.13655340672],
        "cov": [[0.500690102577, 0.366540521383, 0.291636645794, 0.353565841913, 0.393207669258, 0.489187955856], [0.366540521383, 0.493059515953, 0.334147065878, 0.400118112564, 0.436206847429, 0.541523516178], [0.291636645794, 0.334147065878, 0.366057306528, 0.331830024719, 0.356227070093, 0.430994540453], [0.353565841913, 0.400118112564, 0.331830024719, 0.468160808086, 0.476182043552, 0.645106911659], [0.393207669258, 0.436206847429, 0.356227070093, 0.476182043552, 0.579332947731, 0.757422327995], [0.489187955856, 0.541523516178, 0.430994540453, 0.645106911659, 0.757422327995, 1.13775992393]]
    }
},
"rhythm": {
    "beats_loudness": {
        "kurt": 3.34780740738,
        "max": 0.00301493820734,
        "mean": 0.000587607908528,
        "median": 0.000305251247482,
        "min": 5.19375862496e-05,
        "skew": 1.89894163609,
        "var": 4.36277076687e-07
    },
    "bpm": 133.284194946,
    "confidence": 0.882640182972,
    "first_peak_bpm": {
        "kurt": 0,
        "max": 133,
        "mean": 133,
        "median": 133,
        "min": 133,
        "skew": 0,
        "var": 0
    },
    "first_peak_spread": {
        "kurt": 0,
        "max": 0.5,
        "mean": 0.5,
        "median": 0.5,
        "min": 0.5,
        "skew": 0,
        "var": 0
    },
    "first_peak_weight": {
        "kurt": 0,
        "max": 0.159090906382,
        "mean": 0.159090906382,
        "median": 0.159090906382,
        "min": 0.159090906382,
        "skew": 0,
        "var": 0
    },
    "onset_rate": 0.960079133511,
    "second_peak_bpm": {
        "kurt": 0,
        "max": 144,
        "mean": 144,
        "median": 144,
        "min": 144,
        "skew": 0,
        "var": 0
    },
    "second_peak_spread": {
        "kurt": 0,
        "max": 0.533333301544,
        "mean": 0.533333301544,
        "median": 0.533333301544,
        "min": 0.533333301544,
        "skew": 0,
        "var": 0
    },
    "second_peak_weight": {
        "kurt": 0,
        "max": 0.159090906382,
        "mean": 0.159090906382,
        "median": 0.159090906382,
        "min": 0.159090906382,
        "skew": 0,
        "var": 0
    },
    "beats_loudness_band_ratio": {
        "kurt": [1.48624610901, -0.211801528931, 0.611040115356, -0.538678407669, 0.329649686813, 13.2385101318],
        "max": [0.518938958645, 0.61070394516, 0.626376509666, 0.973088562489, 0.303656816483, 0.246139213443],
        "mean": [0.141797825694, 0.185322806239, 0.218520402908, 0.384131252766, 0.100547194481, 0.0297757070512],
        "median": [0.104009449482, 0.174313724041, 0.202363818884, 0.294978141785, 0.0872208252549, 0.0198732875288],
        "min": [0.00563179329038, 0.00156770111062, 0.0136748664081, 0.0647871568799, 0.00695319799706, 0.000263444002485],
        "skew": [1.3683385849, 0.796949923038, 0.938042879105, 0.774310231209, 0.923436582088, 3.5182352066],
        "var": [0.0154591901228, 0.0229404307902, 0.0194519776851, 0.0626956745982, 0.00471218535677, 0.00191906688269],
        "cov": [[0.0158105362207, 0.00855161156505, -0.00436703301966, -0.0177132971585, 0.000772400351707, -0.000207747143577], [0.00855161156505, 0.0234618056566, -0.00388455600478, -0.0265476945788, 0.000574350589886, 0.000539165863302], [-0.00436703301966, -0.00388455600478, 0.019894067198, -0.0112088155001, 0.00114039564505, 0.000606146117207], [-0.0177132971585, -0.0265476945788, -0.0112088155001, 0.0641205757856, -0.00911427009851, -0.00438449159265], [0.000772400351707, 0.000574350589886, 0.00114039564505, -0.00911427009851, 0.00481928046793, 0.00136612704955], [-0.000207747143577, 0.000539165863302, 0.000606146117207, -0.00438449159265, 0.00136612704955, 0.00196268199943]]
    },
    "beats_position": [0.568888902664, 1.13777780533, 1.70666658878, 2.26394557953, 2.82122445107, 3.36689329147, 3.9125623703, 4.45823097229, 5.01551008224, 5.56117916107, 6.09523820877, 6.62929677963, 7.17496585846, 7.66258478165, 8.15020370483, 8.63782310486, 9.04417228699, 9.46213150024, 9.8800907135, 10.2980499268, 10.7043991089, 11.1223583221, 11.5403175354, 11.9698867798, 12.3994560242, 12.8174142838, 13.2237634659, 13.6301136017, 14.0480718613, 14.4776411057, 14.9188203812, 15.3599996567, 15.8011789322, 16.2539672852, 16.7183666229, 17.1711559296, 17.6239452362, 18.0767345428, 18.5411338806, 18.9823131561, 19.4118824005, 19.853061676, 20.3058490753, 20.758638382, 21.2114276886],
    "bpm_estimates": [135.999130249, 135.999130249, 135.999130249, 132.512237549, 129.199157715, 132.511962891, 132.511962891, 132.511962891, 129.199157715, 135.999130249, 135.999130249, 132.512527466, 132.511962891, 132.511962891],
    "bpm_intervals": [0.568888902664, 0.568888783455, 0.557278990746, 0.557278871536, 0.545668840408, 0.545669078827, 0.54566860199, 0.557279109955, 0.545669078827, 0.534059047699, 0.534058570862, 0.545669078827, 0.487618923187, 0.487618923187, 0.487619400024, 0.406349182129, 0.417959213257, 0.417959213257, 0.417959213257, 0.406349182129, 0.417959213257, 0.417959213257, 0.429569244385, 0.429569244385, 0.417958259583, 0.406349182129, 0.406350135803, 0.417958259583, 0.429569244385, 0.441179275513, 0.441179275513, 0.441179275513, 0.452788352966, 0.464399337769, 0.452789306641, 0.452789306641, 0.452789306641, 0.464399337769, 0.441179275513, 0.429569244385, 0.441179275513, 0.452787399292, 0.452789306641, 0.452789306641],
    "onset_times": [0.116099774837, 0.267029464245, 1.19582772255, 1.47446715832, 3.3785033226, 4.42340135574, 5.30575942993, 5.59600925446, 5.81659841537, 7.18657588959, 8.56816291809, 9.50857162476, 12.8638544083, 13.2121543884, 13.6997728348, 13.9087524414, 14.0364627838, 18.5063037872, 19.3770523071, 19.8298416138, 21.2810878754],
    "histogram": [[0, 0, 0, 0, 0, 0, 0, 0, 0, 0, 0, 0, 0, 0, 0, 0, 0, 0, 0, 0, 0, 0, 0, 0, 0, 0, 0, 0, 0, 0, 0, 0, 0, 0, 0, 0, 0, 0, 0, 0, 0, 0, 0, 0, 0, 0, 0, 0, 0, 0, 0, 0, 0, 0, 0, 0, 0, 0, 0, 0, 0, 0, 0, 0, 0, 0, 0, 0, 0, 0, 0, 0, 0, 0, 0, 0, 0, 0, 0, 0, 0, 0, 0, 0, 0, 0, 0, 0, 0, 0, 0, 0, 0, 0, 0, 0, 0, 0, 0, 0, 0, 0, 0, 0, 0, 0.0454545468092, 0, 0, 0.0681818202138, 0, 0.113636367023, 0, 0.0454545468092, 0, 0, 0, 0, 0, 0, 0, 0, 0, 0, 0.0681818202138, 0, 0, 0, 0, 0, 0.0454545468092, 0, 0, 0, 0.159090906382, 0, 0, 0.113636367023, 0, 0, 0, 0.0909090936184, 0, 0, 0, 0.159090906382, 0, 0, 0, 0.0909090936184, 0, 0, 0, 0, 0, 0, 0, 0, 0, 0, 0, 0, 0, 0, 0, 0, 0, 0, 0, 0, 0, 0, 0, 0, 0, 0, 0, 0, 0, 0, 0, 0, 0, 0, 0, 0, 0, 0, 0, 0, 0, 0, 0, 0, 0, 0, 0, 0, 0, 0, 0, 0, 0, 0, 0, 0, 0, 0, 0, 0, 0, 0, 0, 0, 0, 0, 0, 0, 0, 0, 0, 0, 0, 0, 0, 0, 0, 0, 0, 0, 0, 0, 0, 0, 0, 0, 0, 0, 0, 0, 0, 0, 0, 0, 0, 0, 0, 0, 0, 0, 0]]
},
"sfx": {
    "inharmonicity": {
        "kurt": -0.307473659515,
        "max": 0.420575320721,
        "mean": 0.0868009924889,
        "median": 0.0636705160141,
        "min": 0,
        "skew": 0.801651060581,
        "var": 0.00794709566981
    },
    "oddtoevenharmonicenergyratio": {
        "kurt": 317.617553711,
        "max": 353.82144165,
        "mean": 2.00929999352,
        "median": 0.321064323187,
        "min": 0,
        "skew": 16.8312587738,
        "var": 254.506958008
    },
    "pitch_after_max_to_before_max_energy_ratio": 0.0419059209526,
    "pitch_centroid": 375.768493652,
    "pitch_max_to_total": 0.973488867283,
    "pitch_min_to_total": 0.836691439152,
    "tristimulus": {
        "kurt": [-1.41009473801, 1.65543603897, -1.41089439392],
        "max": [1, 0.91892683506, 1],
        "mean": [0.410151898861, 0.289200603962, 0.30064740777],
        "median": [0.26650506258, 0.271580576897, 0.347985982895],
        "min": [0, 0, 0],
        "skew": [0.443299561739, 1.09592735767, 0.147722586989],
        "var": [0.101832769811, 0.025988034904, 0.0650657042861],
        "cov": [[0.101940877736, -0.0314107462764, -0.0705298483372], [-0.0314107462764, 0.026015624404, 0.0053951065056], [-0.0705298483372, 0.0053951065056, 0.0651347786188]]
    }
},
"tonal": {
    "chords_changes_rate": 0.141949146986,
    "chords_number_rate": 0.0317796617746,
    "chords_strength": {
        "kurt": -0.231798410416,
        "max": 0.672106266022,
        "mean": 0.513565003872,
        "median": 0.529306411743,
        "min": 0.261118859053,
        "skew": -0.509138286114,
        "var": 0.00793125666678
    },
    "key_strength": 0.426999181509,
    "tuning_diatonic_strength": 0.489465773106,
    "tuning_equal_tempered_deviation": 0.275404036045,
    "tuning_frequency": 446.399932861,
    "tuning_nontempered_energy_ratio": 0.89409083128,
    "hpcp": {
