{
"metadata": {
    "version": {
        "essentia": "2.1-beta3"
    }
},
"lowLevel": {
    "average_loudness": 0.873992443085,
    "barkbands_kurtosis": {
        "kurt": 27.4184589386,
        "max": 1034.13171387,
        "mean": 43.8423995972,
        "median": 6.50461578369,
        "min": -1.8698567152,
        "skew": 4.7554807663,
        "var": 15048.1220703
    },
    "barkbands_skewness": {
        "kurt": 7.86835289001,
        "max": 29.6643676758,
        "mean": 3.33777475357,
        "median": 1.79190003872,
        "min": -1.03473007679,
        "skew": 2.71332144737,
        "var": 23.9174194336
    },
    "barkbands_spread": {
        "kurt": 10.9829454422,
        "max": 35.465927124,
        "mean": 4.34912967682,
        "median": 2.40385532379,
        "min": 0.0763115882874,
        "skew": 3.31154441833,
        "var": 44.1774406433
    },
    "dissonance": {
        "kurt": -0.529005527496,
        "max": 0.499871820211,
        "mean": 0.355648726225,
        "median": 0.386263757944,
        "min": 0.0868125483394,
        "skew": -0.745555758476,
        "var": 0.0129287932068
    },
    "hfc": {
        "kurt": 1.30781984329,
        "max": 137.849655151,
        "mean": 24.1566925049,
        "median": 6.66184329987,
        "min": 1.41667478601e-05,
        "skew": 1.50945794582,
        "var": 1109.49951172
    },
    "pitch": {
        "kurt": 33.4714698792,
        "max": 3981.07006836,
        "mean": 550.708618164,
        "median": 549.519165039,
        "min": 90.7138900757,
        "skew": 5.28327608109,
        "var": 231556.4375
    },
    "pitch_instantaneous_confidence": {
        "kurt": -0.563042163849,
        "max": 0.993530094624,
        "mean": 0.755241632462,
        "median": 0.855445146561,
        "min": 0.123124599457,
        "skew": -0.782290816307,
        "var": 0.0523933432996
    },
    "pitch_salience": {
        "kurt": -0.528583288193,
        "max": 0.909362614155,
        "mean": 0.455712020397,
        "median": 0.485559612513,
        "min": 0.0410266295075,
        "skew": -0.41151753068,
        "var": 0.038676276803
    },
    "silence_rate_20dB": {
        "kurt": 0,
        "max": 1,
        "mean": 1,
        "median": 1,
        "min": 1,
        "skew": 0,
        "var": 0
    },
    "silence_rate_30dB": {
        "kurt": 10.8856248856,
        "max": 1,
        "mean": 0.936781585217,
        "median": 1,
        "min": 0,
        "skew": -3.5896499157,
        "var": 0.059221919626
    },
    "silence_rate_60dB": {
        "kurt": -1.8211171627,
        "max": 1,
        "mean": 0.396551728249,
        "median": 0,
        "min": 0,
        "skew": 0.422944277525,
        "var": 0.239298522472
    },
    "spectral_centroid": {
        "kurt": 4.45507287979,
        "max": 2224.68994141,
        "mean": 776.703552246,
        "median": 688.318969727,
        "min": 482.089111328,
        "skew": 1.77447497845,
        "var": 70115.359375
    },
    "spectral_complexity": {
        "kurt": 1.95458555222,
        "max": 25,
        "mean": 5.43103456497,
        "median": 4,
        "min": 0,
        "skew": 1.46079897881,
        "var": 27.9693851471
    },
    "spectral_crest": {
        "kurt": -1.06769835949,
        "max": 26.8889865875,
        "mean": 16.458032608,
        "median": 16.0773677826,
        "min": 3.83238697052,
        "skew": 0.0181293506175,
        "var": 41.0661048889
    },
    "spectral_decrease": {
        "kurt": 3.35995101929,
        "max": -2.94803401017e-15,
        "mean": -7.48740003331e-09,
        "median": -2.10319606175e-09,
        "min": -4.86312394798e-08,
        "skew": -1.89410614967,
        "var": 1.14493549359e-16
    },
    "spectral_energy": {
        "kurt": 3.12742042542,
        "max": 0.196049019694,
        "mean": 0.0304502751678,
        "median": 0.0084016956389,
        "min": 1.24115393518e-08,
        "skew": 1.84815442562,
        "var": 0.00186910573393
    },
    "spectral_energyband_high": {
        "kurt": 4.5644659996,
        "max": 3.33353964379e-05,
        "mean": 3.77194237444e-06,
        "median": 4.74975706766e-07,
        "min": 6.08567418681e-10,
        "skew": 2.25180530548,
        "var": 4.65639471425e-11
    },
    "spectral_energyband_low": {
        "kurt": 54.3900260925,
        "max": 3.21870265907e-06,
        "mean": 1.12947112996e-07,
        "median": 1.50336312288e-08,
        "min": 2.72455197292e-10,
        "skew": 6.69910955429,
        "var": 1.04828519725e-13
    },
    "spectral_energyband_middle_high": {
        "kurt": 7.35076904297,
        "max": 0.112632155418,
        "mean": 0.0103218909353,
        "median": 0.000982181751169,
        "min": 3.88546839147e-09,
        "skew": 2.70766067505,
        "var": 0.000435515801655
    },
    "spectral_energyband_middle_low": {
        "kurt": 7.4826965332,
        "max": 0.184459224343,
        "mean": 0.0208513159305,
        "median": 0.00344899808988,
        "min": 6.83463596829e-09,
        "skew": 2.74435424805,
        "var": 0.00144564767834
    },
    "spectral_flatness_db": {
        "kurt": 1.2530579567,
        "max": 0.737500905991,
        "mean": 0.49016341567,
        "median": 0.491390943527,
        "min": 0.0675258636475,
        "skew": -0.69521522522,
        "var": 0.0123496614397
    },
    "spectral_flux": {
        "kurt": 2.27276945114,
        "max": 0.361571192741,
        "mean": 0.0770845338702,
        "median": 0.0675766691566,
        "min": 0.00038980843965,
        "skew": 1.34839844704,
        "var": 0.00547287520021
    },
    "spectral_kurtosis": {
        "kurt": 0.497804880142,
        "max": 309.271820068,
        "mean": 88.1982727051,
        "median": 92.2251358032,
        "min": -1.28122842312,
        "skew": 0.386864364147,
        "var": 2853.7421875
    },
    "spectral_rms": {
        "kurt": -0.402162075043,
        "max": 0.013829943724,
        "mean": 0.00403271894902,
        "median": 0.00286284508184,
        "min": 3.47977288584e-06,
        "skew": 0.774142563343,
        "var": 1.3444763681e-05
    },
    "spectral_rolloff": {
        "kurt": 5.86367797852,
        "max": 3897.50976562,
        "mean": 1021.71343994,
        "median": 818.26171875,
        "min": 495.263671875,
        "skew": 2.41243553162,
        "var": 422670.21875
    },
    "spectral_skewness": {
        "kurt": -0.762626647949,
        "max": 13.8078947067,
        "mean": 6.46567440033,
        "median": 6.58736038208,
        "min": 0.0922942832112,
        "skew": -0.206721618772,
        "var": 8.12946605682
    },
    "spectral_spread": {
        "kurt": 56.5352859497,
        "max": 15884496,
        "mean": 1368949.5,
        "median": 1084821,
        "min": 390038.34375,
        "skew": 6.74835300446,
        "var": 2.19590112051e+12
    },
    "spectral_strongpeak": {
        "kurt": 1.34332561493,
        "max": 13.4401082993,
        "mean": 2.52779912949,
        "median": 1.23692250252,
        "min": 0,
        "skew": 1.48887193203,
        "var": 9.20822811127
    },
    "zerocrossingrate": {
        "kurt": 9.70112323761,
        "max": 0.140625,
        "mean": 0.0384844206274,
        "median": 0.0341796875,
        "min": 0.0205078125,
        "skew": 2.61663222313,
        "var": 0.000311177456751
    },
    "barkbands": {
        "kurt": [29.2203636169, 117.806732178, 74.8766098022, 76.5002975464, 31.1731414795, 37.0911750793, 28.8314056396, 12.7974786758, 40.3030509949, 23.5110588074, 36.1497306824, 10.1572847366, 49.8601531982, 18.8215293884, 39.2973098755, 20.9138126373, 37.1624221802, 50.5157699585, 96.5250778198, 62.5283660889, 4.70164632797, 19.5176773071, 11.6636762619, 10.6742086411, 10.358464241, 8.95370483398, 8.92461585999],
        "max": [7.38464365213e-08, 5.78320168643e-07, 1.27481939671e-06, 8.23876871436e-06, 0.00016608290025, 0.000856358208694, 0.0234801098704, 0.184429734945, 0.172421500087, 0.0849369317293, 0.0968375056982, 0.00506987748668, 0.0102584157139, 0.0510346218944, 0.00601791264489, 0.000227709795581, 0.00543989986181, 0.00652531115338, 0.00050364958588, 0.000623351836111, 2.05115775316e-05, 3.30749081456e-08, 1.98747294178e-08, 1.76717271927e-08, 1.65511622185e-08, 1.46085943342e-08, 1.55907926569e-08],
        "mean": [3.42288730693e-09, 1.12184652679e-08, 3.55068543456e-08, 2.87484311912e-07, 7.93083654571e-06, 2.91601136269e-05, 0.00100650417153, 0.012779652141, 0.00553907081485, 0.00447173789144, 0.00306377629749, 0.000411032466218, 0.000375022325898, 0.00222486653365, 0.000154382694745, 1.24120342662e-05, 0.000163911507116, 0.000184698932571, 9.21708306123e-06, 1.42636990859e-05, 2.30133878176e-06, 2.08061723406e-09, 1.55796298085e-09, 1.45594092338e-09, 1.38625044777e-09, 1.33023525528e-09, 1.41422606958e-09],
        "median": [3.24584914502e-10, 9.06673791601e-10, 3.30760663303e-09, 6.54399201494e-08, 1.65697792909e-06, 7.93745130068e-07, 2.05584965443e-05, 0.000658196164295, 0.000168902464793, 0.000160685740411, 3.60317862942e-05, 6.13141219219e-06, 6.06170669926e-06, 1.1582341358e-05, 5.06203150508e-07, 6.02522277404e-07, 2.50703897109e-06, 5.2801133279e-06, 1.87350366332e-07, 3.42686291788e-07, 3.00383618423e-07, 3.08138015104e-10, 1.29877136823e-10, 1.23609150693e-10, 1.18256682224e-10, 1.12754305892e-10, 1.18666493298e-10],
        "min": [8.84680650084e-16, 1.9368024979e-12, 7.7279169175e-11, 3.19611337396e-10, 1.1495926433e-09, 1.91745486156e-09, 1.03952180197e-09, 1.50950052458e-09, 4.21327417399e-10, 1.73064160225e-10, 3.87279153191e-10, 6.25519025466e-10, 5.32980437562e-10, 2.1250229354e-10, 3.66626312642e-11, 4.66753996564e-11, 3.41555117522e-10, 5.23289245269e-10, 9.02500185695e-10, 4.18943935099e-10, 2.56412280297e-10, 1.81957246037e-13, 7.22524450903e-16, 2.19035679199e-16, 2.02533346569e-16, 2.46597297504e-17, 1.47029544424e-18],
        "skew": [4.9147772789, 10.2484893799, 7.81514883041, 7.76694345474, 5.11213636398, 5.51649951935, 5.08473730087, 3.57432961464, 6.00985097885, 4.43997716904, 5.74074172974, 3.067964077, 6.13248252869, 4.37882947922, 6.17499732971, 4.45529413223, 5.77141237259, 6.69630289078, 9.17779827118, 7.68178701401, 2.21569347382, 3.92037773132, 3.17745876312, 3.07324314117, 3.03819394112, 2.87323594093, 2.86945056915],
        "var": [7.9851437064e-17, 2.22386679181e-15, 1.34027031213e-14, 5.43205834046e-13, 3.82609333105e-10, 9.03165808808e-09, 9.4985934993e-06, 0.00110736337956, 0.000383298727684, 0.000140152318636, 0.000137644950883, 8.22963158953e-07, 1.05128719952e-06, 6.64724502712e-05, 5.50570518953e-07, 1.15846610083e-09, 3.97603855617e-07, 4.97577673286e-07, 1.87879689584e-09, 4.55796200782e-09, 1.58162268005e-11, 1.93221714856e-17, 9.95705427471e-18, 8.5641449889e-18, 7.72832282048e-18, 6.88725549981e-18, 7.78579698381e-18],
        "cov": [[8.03130038458e-17, 1.31178602878e-16, 1.48526777315e-16, 2.38782240661e-16, -1.96313726045e-14, -7.12006476456e-14, 1.51052824762e-12, 1.94301449929e-10, 1.16127715083e-11, -5.74112242122e-12, 1.04709244747e-11, 1.84054160801e-12, 3.36748803755e-13, -4.02550388856e-12, -1.71810103037e-13, 1.86771459437e-14, 3.90700357266e-13, 1.90901358306e-13, 3.7871388561e-14, 5.8544701476e-14, 2.1685517287e-15, 6.46970672071e-18, 5.05936708503e-18, 4.72955859428e-18, 4.4964657151e-18, 4.3148544893e-18, 4.58387140889e-18], [1.31178602878e-16, 2.23672136382e-15, 4.94463275663e-15, 2.90685512228e-14, 6.87635780022e-14, -5.6774782087e-14, 3.58097891617e-11, 5.06808595091e-10, 1.52444654122e-10, -2.710513064e-11, 1.10179323998e-10, 2.36975786216e-11, 6.12818736728e-12, 7.78368255266e-12, -1.84873167122e-13, 5.33608367995e-13, 9.28055549076e-12, 6.92616146727e-12, 1.74503575652e-12, 5.96293739212e-13, 5.95846953049e-14, 1.14616316197e-16, 7.02012833402e-17, 6.26429238017e-17, 5.87395246655e-17, 5.1114633336e-17, 5.41226690161e-17], [1.48526777315e-16, 4.94463275663e-15, 1.34801752958e-14, 7.18078415197e-14, 1.52035732636e-13, -3.23117671942e-13, 1.07869477239e-10, 8.68842442436e-10, 5.02054897655e-10, -6.24117771353e-11, 3.51524392928e-10, 6.79516859448e-11, 1.93749131322e-11, -2.16709267718e-12, -1.04413287912e-12, 1.86419369524e-12, 3.43239985046e-11, 1.52102705431e-11, 4.1342007942e-12, 1.91126281468e-12, 1.63294738517e-13, 2.6708865239e-16, 1.64135940171e-16, 1.46520368021e-16, 1.37317010942e-16, 1.19604479989e-16, 1.26633503492e-16], [2.38782240661e-16, 2.90685512228e-14, 7.18078415197e-14, 5.46345737748e-13, 9.05903661547e-13, -4.18896037649e-12, 5.91476700951e-10, 2.59389221213e-09, 2.45009990074e-09, 1.28023835977e-09, 1.88649407207e-09, 3.43373468548e-10, 1.15178235005e-10, 1.67230451709e-09, 1.92389992826e-11, 7.6393526921e-12, 1.5267019593e-10, 1.03316459554e-10, 2.49786909906e-11, 1.14712128685e-11, 1.32471930561e-12, 1.75543629027e-15, 1.06623755659e-15, 9.5160075278e-16, 8.91220009135e-16, 7.78057942629e-16, 8.23587075274e-16], [-1.96313726045e-14, 6.87635780022e-14, 1.52035732636e-13, 9.05903661547e-13, 3.84820952881e-10, 3.08862553589e-11, -1.08680808797e-09, -5.23012495535e-08, -2.61260186818e-08, -1.72544876165e-08, -9.99012073066e-09, -6.85024426073e-10, -1.95392146907e-09, -3.52624640598e-09, -5.77132341917e-10, -1.70212923617e-11, 1.76730435841e-10, -4.4218745332e-10, 6.92368523625e-11, -3.65083900611e-11, -5.46545230948e-12, -4.34738855497e-15, -4.36012073072e-15, -4.27408717075e-15, -4.13008013477e-15, -4.30094489144e-15, -4.58841432121e-15], [-7.12006476456e-14, -5.6774782087e-14, -3.23117671942e-13, -4.18896037649e-12, 3.08862553589e-11, 9.08386432741e-09, -4.76997774612e-09, -2.77860294773e-07, -1.14953046193e-07, -1.02116338496e-07, -1.37627882424e-08, -4.01848199161e-09, -7.300667626e-09, -5.95838542949e-08, -4.07079081555e-09, -7.55129431207e-11, -1.91777793646e-09, -3.52928331004e-09, 2.77194395909e-11, -4.10721630317e-11, -4.50973564048e-11, -2.64866135345e-14, -2.06918493841e-14, -1.96198766733e-14, -1.87667637235e-14, -1.84468190506e-14, -1.96322230255e-14], [1.51052824762e-12, 3.58097891617e-11, 1.07869477239e-10, 5.91476700951e-10, -1.08680808797e-09, -4.76997774612e-09, 9.55349878495e-06, -3.38514632858e-06, -1.17999070426e-06, 5.16177863119e-07, 3.02846801787e-05, 5.95885182975e-07, 8.24341952921e-07, -1.54513259076e-06, -7.29430027491e-08, 5.1398352241e-08, 2.63481297225e-07, 3.11513701945e-07, 5.77113645761e-08, 1.47753382862e-07, 3.05910274889e-09, 7.87356638221e-12, 5.3627159137e-12, 4.89063433848e-12, 4.60328563462e-12, 4.21742285192e-12, 4.47253475575e-12], [1.94301449929e-10, 5.06808595091e-10, 8.68842442436e-10, 2.59389221213e-09, -5.23012495535e-08, -2.77860294773e-07, -3.38514632858e-06, 0.00111376435962, -2.42041969614e-05, -4.57181013189e-05, -4.43169847131e-06, 9.82130040939e-06, -1.63192328273e-06, -2.26471456699e-05, -1.4505009176e-06, 1.45666874118e-07, 4.48489481641e-06, 1.96019527721e-07, 2.64654943294e-07, 2.94323729833e-08, 1.91255511428e-10, 4.90412432885e-11, 3.97542450348e-11, 3.74948926074e-11, 3.59575667852e-11, 3.46021752917e-11, 3.68782435145e-11], [1.16127715083e-11, 1.52444654122e-10, 5.02054897655e-10, 2.45009990074e-09, -2.61260186818e-08, -1.14953046193e-07, -1.17999070426e-06, -2.42041969614e-05, 0.000385514314985, -6.07127958574e-06, -8.38914456835e-06, 5.47659783479e-06, 5.78441813559e-06, -3.61089769285e-06, -4.88659281928e-07, 1.75699170768e-07, 3.89672368328e-06, 3.22536862996e-07, 5.45294298604e-09, -2.46267504167e-08, 1.04889936736e-08, 6.82561320832e-13, 8.48122733068e-13, 8.53822167048e-13, 8.45153265948e-13, 8.93985406536e-13, 9.59176423183e-13], [-5.74112242122e-12, -2.710513064e-11, -6.24117771353e-11, 1.28023835977e-09, -1.72544876165e-08, -1.02116338496e-07, 5.16177863119e-07, -4.57181013189e-05, -6.07127958574e-06, 0.000140962438309, 1.14543554446e-05, -5.3696555824e-07, -1.21827980593e-07, 4.38632487203e-05, 5.46155206393e-06, -5.60241719683e-09, 9.78908474281e-07, 4.82802079205e-06, 4.79515520624e-08, 8.36021296635e-09, 2.21635261255e-08, 5.05553324898e-12, 3.26227738399e-12, 3.00072553611e-12, 2.80804025865e-12, 2.75044765609e-12, 2.90205403111e-12], [1.04709244747e-11, 1.10179323998e-10, 3.51524392928e-10, 1.88649407207e-09, -9.99012073066e-09, -1.37627882424e-08, 3.02846801787e-05, -4.43169847131e-06, -8.38914456835e-06, 1.14543554446e-05, 0.000138440576848, 1.87809780527e-06, 2.1771570573e-06, -3.91958701584e-06, 7.090403642e-07, 2.02977290087e-07, 1.52463337599e-06, 1.9982021513e-06, 2.06293421456e-07, 6.5333205157e-07, 1.79588077742e-08, 2.82950815556e-11, 1.91341491262e-11, 1.74277554194e-11, 1.63857209051e-11, 1.50070459531e-11, 1.5909112569e-11], [1.84054160801e-12, 2.36975786216e-11, 6.79516859448e-11, 3.43373468548e-10, -6.85024426073e-10, -4.01848199161e-09, 5.95885182975e-07, 9.82130040939e-06, 5.47659783479e-06, -5.3696555824e-07, 1.87809780527e-06, 8.27720157304e-07, 2.29392767892e-07, -4.97171299685e-07, -2.11821298279e-08, 1.89256983418e-08, 2.96164898828e-07, 6.23476452688e-08, 1.85709527756e-08, 9.32781674123e-09, 1.24926891054e-09, 1.32724701455e-12, 9.19801561305e-13, 8.41342403732e-13, 7.96440441809e-13, 7.30356693093e-13, 7.7533075446e-13], [3.36748803755e-13, 6.12818736728e-12, 1.93749131322e-11, 1.15178235005e-10, -1.95392146907e-09, -7.300667626e-09, 8.24341952921e-07, -1.63192328273e-06, 5.78441813559e-06, -1.21827980593e-07, 2.1771570573e-06, 2.29392767892e-07, 1.05736398837e-06, -5.93318588926e-07, -4.19621386527e-08, 9.24413878778e-09, 3.32975460537e-08, 6.77144100791e-08, 7.17238890502e-09, 1.00695016769e-08, 8.4255269428e-10, 7.58706736759e-13, 5.18789709542e-13, 4.79211342917e-13, 4.55074942573e-13, 4.25880034363e-13, 4.52606810537e-13], [-4.02550388856e-12, 7.78368255266e-12, -2.16709267718e-12, 1.67230451709e-09, -3.52624640598e-09, -5.95838542949e-08, -1.54513259076e-06, -2.26471456699e-05, -3.61089769285e-06, 4.38632487203e-05, -3.91958701584e-06, -4.97171299685e-07, -5.93318588926e-07, 6.68566790409e-05, 6.26712733265e-07, -1.0683297802e-08, 2.49338711455e-07, -1.17560475132e-07, 2.51700562615e-08, -4.81834527832e-09, 1.32806503572e-08, 4.69655651175e-12, 3.1255050631e-12, 2.85261246048e-12, 2.66743224731e-12, 2.52043286415e-12, 2.65869401148e-12], [-1.71810103037e-13, -1.84873167122e-13, -1.04413287912e-12, 1.92389992826e-11, -5.77132341917e-10, -4.07079081555e-09, -7.29430027491e-08, -1.4505009176e-06, -4.88659281928e-07, 5.46155206393e-06, 7.090403642e-07, -2.11821298279e-08, -4.19621386527e-08, 6.26712733265e-07, 5.53753011445e-07, -3.20795959241e-11, 1.83946852417e-07, 3.97330694568e-07, 3.09723469094e-09, 1.43994149937e-10, 1.19144993871e-09, 3.93164016968e-13, 1.07862869569e-13, 9.2970397277e-14, 8.32084103225e-14, 7.73301642989e-14, 8.01866575527e-14], [1.86771459437e-14, 5.33608367995e-13, 1.86419369524e-12, 7.6393526921e-12, -1.70212923617e-11, -7.55129431207e-11, 5.1398352241e-08, 1.45666874118e-07, 1.75699170768e-07, -5.60241719683e-09, 2.02977290087e-07, 1.89256983418e-08, 9.24413878778e-09, -1.0683297802e-08, -3.20795959241e-11, 1.165162411e-09, 1.24223999975e-08, 4.6458534797e-09, 7.83326847831e-10, 1.25115529048e-09, 6.46705397567e-11, 4.67155306138e-14, 3.24549381239e-14, 2.96733598522e-14, 2.8010385149e-14, 2.59264909753e-14, 2.74915910214e-14], [3.90700357266e-13, 9.28055549076e-12, 3.43239985046e-11, 1.5267019593e-10, 1.76730435841e-10, -1.91777793646e-09, 2.63481297225e-07, 4.48489481641e-06, 3.89672368328e-06, 9.78908474281e-07, 1.52463337599e-06, 2.96164898828e-07, 3.32975460537e-08, 2.49338711455e-07, 1.83946852417e-07, 1.24223999975e-08, 3.99902148729e-07, 1.17121771837e-07, 1.12930145235e-08, 9.33082056065e-09, 9.78972902743e-10, 6.70464389303e-13, 3.80717321818e-13, 3.44200010291e-13, 3.22853831343e-13, 2.93433056716e-13, 3.10397080218e-13], [1.90901358306e-13, 6.92616146727e-12, 1.52102705431e-11, 1.03316459554e-10, -4.4218745332e-10, -3.52928331004e-09, 3.11513701945e-07, 1.96019527721e-07, 3.22536862996e-07, 4.82802079205e-06, 1.9982021513e-06, 6.23476452688e-08, 6.77144100791e-08, -1.17560475132e-07, 3.97330694568e-07, 4.6458534797e-09, 1.17121771837e-07, 5.00453836594e-07, 1.06902131591e-08, 8.51998827045e-09, 1.45663592299e-09, 6.81770557977e-13, 3.88503140249e-13, 3.47427083847e-13, 3.24125871542e-13, 2.9142885479e-13, 3.07798328925e-13], [3.7871388561e-14, 1.74503575652e-12, 4.1342007942e-12, 2.49786909906e-11, 6.92368523625e-11, 2.77194395909e-11, 5.77113645761e-08, 2.64654943294e-07, 5.45294298604e-09, 4.79515520624e-08, 2.06293421456e-07, 1.85709527756e-08, 7.17238890502e-09, 2.51700562615e-08, 3.09723469094e-09, 7.83326847831e-10, 1.12930145235e-08, 1.06902131591e-08, 1.88965687542e-09, 1.35377575816e-09, 7.86918238904e-11, 1.19330110029e-13, 7.49184446576e-14, 6.72860543866e-14, 6.31741769899e-14, 5.60321510327e-14, 5.93448426793e-14], [5.8544701476e-14, 5.96293739212e-13, 1.91126281468e-12, 1.14712128685e-11, -3.65083900611e-11, -4.10721630317e-11, 1.47753382862e-07, 2.94323729833e-08, -2.46267504167e-08, 8.36021296635e-09, 6.5333205157e-07, 9.32781674123e-09, 1.00695016769e-08, -4.81834527832e-09, 1.43994149937e-10, 1.25115529048e-09, 9.33082056065e-09, 8.51998827045e-09, 1.35377575816e-09, 4.58430848838e-09, 1.02573886884e-10, 1.64929932233e-13, 1.12294505292e-13, 1.02457200168e-13, 9.63080594549e-14, 8.84454862864e-14, 9.37740079273e-14], [2.1685517287e-15, 5.95846953049e-14, 1.63294738517e-13, 1.32471930561e-12, -5.46545230948e-12, -4.50973564048e-11, 3.05910274889e-09, 1.91255511428e-10, 1.04889936736e-08, 2.21635261255e-08, 1.79588077742e-08, 1.24926891054e-09, 8.4255269428e-10, 1.32806503572e-08, 1.19144993871e-09, 6.46705397567e-11, 9.78972902743e-10, 1.45663592299e-09, 7.86918238904e-11, 1.02573886884e-10, 1.59076501971e-11, 7.83234256261e-15, 5.20959948561e-15, 4.764423956e-15, 4.48734846753e-15, 4.16915418814e-15, 4.41672116632e-15], [6.46970672071e-18, 1.14616316197e-16, 2.6708865239e-16, 1.75543629027e-15, -4.34738855497e-15, -2.64866135345e-14, 7.87356638221e-12, 4.90412432885e-11, 6.82561320832e-13, 5.05553324898e-12, 2.82950815556e-11, 1.32724701455e-12, 7.58706736759e-13, 4.69655651175e-12, 3.93164016968e-13, 4.67155306138e-14, 6.70464389303e-13, 6.81770557977e-13, 1.19330110029e-13, 1.64929932233e-13, 7.83234256261e-15, 1.94338607207e-17, 1.37073960463e-17, 1.26459669832e-17, 1.19814084247e-17, 1.11762481873e-17, 1.18722635973e-17], [5.05936708503e-18, 7.02012833402e-17, 1.64135940171e-16, 1.06623755659e-15, -4.36012073072e-15, -2.06918493841e-14, 5.3627159137e-12, 3.97542450348e-11, 8.48122733068e-13, 3.26227738399e-12, 1.91341491262e-11, 9.19801561305e-13, 5.18789709542e-13, 3.1255050631e-12, 1.07862869569e-13, 3.24549381239e-14, 3.80717321818e-13, 3.88503140249e-13, 7.49184446576e-14, 1.12294505292e-13, 5.20959948561e-15, 1.37073960463e-17, 1.00146095017e-17, 9.28362999442e-18, 8.81472033032e-18, 8.29116215186e-18, 8.81260771103e-18], [4.72955859428e-18, 6.26429238017e-17, 1.46520368021e-16, 9.5160075278e-16, -4.27408717075e-15, -1.96198766733e-14, 4.89063433848e-12, 3.74948926074e-11, 8.53822167048e-13, 3.00072553611e-12, 1.74277554194e-11, 8.41342403732e-13, 4.79211342917e-13, 2.85261246048e-12, 9.2970397277e-14, 2.96733598522e-14, 3.44200010291e-13, 3.47427083847e-13, 6.72860543866e-14, 1.02457200168e-13, 4.764423956e-15, 1.26459669832e-17, 9.28362999442e-18, 8.61364843984e-18, 8.18175593533e-18, 7.70776655508e-18, 8.19335631624e-18], [4.4964657151e-18, 5.87395246655e-17, 1.37317010942e-16, 8.91220009135e-16, -4.13008013477e-15, -1.87667637235e-14, 4.60328563462e-12, 3.59575667852e-11, 8.45153265948e-13, 2.80804025865e-12, 1.63857209051e-11, 7.96440441809e-13, 4.55074942573e-13, 2.66743224731e-12, 8.32084103225e-14, 2.8010385149e-14, 3.22853831343e-13, 3.24125871542e-13, 6.31741769899e-14, 9.63080594549e-14, 4.48734846753e-15, 1.19814084247e-17, 8.81472033032e-18, 8.18175593533e-18, 7.77299470946e-18, 7.32743387251e-18, 7.78946304828e-18], [4.3148544893e-18, 5.1114633336e-17, 1.19604479989e-16, 7.78057942629e-16, -4.30094489144e-15, -1.84468190506e-14, 4.21742285192e-12, 3.46021752917e-11, 8.93985406536e-13, 2.75044765609e-12, 1.50070459531e-11, 7.30356693093e-13, 4.25880034363e-13, 2.52043286415e-12, 7.73301642989e-14, 2.59264909753e-14, 2.93433056716e-13, 2.9142885479e-13, 5.60321510327e-14, 8.84454862864e-14, 4.16915418814e-15, 1.11762481873e-17, 8.29116215186e-18, 7.70776655508e-18, 7.32743387251e-18, 6.92706604833e-18, 7.36503005853e-18], [4.58387140889e-18, 5.41226690161e-17, 1.26633503492e-16, 8.23587075274e-16, -4.58841432121e-15, -1.96322230255e-14, 4.47253475575e-12, 3.68782435145e-11, 9.59176423183e-13, 2.90205403111e-12, 1.5909112569e-11, 7.7533075446e-13, 4.52606810537e-13, 2.65869401148e-12, 8.01866575527e-14, 2.74915910214e-14, 3.10397080218e-13, 3.07798328925e-13, 5.93448426793e-14, 9.37740079273e-14, 4.41672116632e-15, 1.18722635973e-17, 8.81260771103e-18, 8.19335631624e-18, 7.78946304828e-18, 7.36503005853e-18, 7.83080139939e-18]]
    },
    "mfcc": {
        "kurt": [-0.414410114288, 1.04758453369, -1.44113540649, -0.470235824585, -0.0170722007751, -0.519239664078, -0.72869181633, 0.542701244354, -0.0669524669647, 0.115409135818, 0.708402395248, 0.705066204071, 1.4593038559],
        "max": [-692.400390625, 205.137176514, 27.945224762, 7.26268386841, 0.499008178711, 2.28881835938e-05, 33.7511672974, 36.0536003113, 40.5995750427, 48.3472595215, 51.6308097839, 62.2270355225, 24.6362991333],
        "mean": [-911.5546875, 132.928527832, -68.4561157227, -55.7949905396, -57.0419425964, -56.2467002869, -15.8106508255, -3.91984367371, 0.105389431119, -2.91515350342, 5.50298833847, 10.1794433594, -20.2172470093],
        "median": [-901.030151367, 140.239624023, -71.3562088013, -58.0332107544, -62.6784973145, -61.5605125427, -15.8519172668, -5.56897735596, -1, -1.908203125, 4.93338775635, 9.84899902344, -15.5374488831],
        "min": [-1138.42004395, 1.14440917969e-05, -175.970550537, -113.571296692, -93.9701843262, -93.0012817383, -59.2725906372, -39.0917510986, -34.6539840698, -41.8969345093, -52.1738014221, -59.2137413025, -99.4325866699],
        "skew": [-0.321041315794, -1.12206470966, -0.0107996696606, 0.485432326794, 0.805079102516, 0.588343858719, 0.0416488461196, 0.278258115053, 0.247516334057, 0.102669887245, 0.0246000718325, -0.560845315456, -1.23519980907],
        "var": [9728.58007812, 1719.48425293, 3761.09838867, 754.470458984, 449.118225098, 442.037658691, 451.006469727, 154.033340454, 249.379806519, 285.977630615, 333.979370117, 520.762939453, 631.38067627],
        "cov": [[9784.81445312, 3269.24072266, -5577.91796875, -1684.38598633, -1197.03881836, -678.411804199, 944.069335938, -57.6324501038, 511.352325439, 391.708862305, -62.0240402222, 499.66116333, -435.563354492], [3269.24072266, 1729.42346191, -1295.81616211, -882.473266602, -672.826721191, -600.380249023, -75.5705795288, -15.190776825, -29.0589122772, -102.686965942, 96.5909729004, 391.312408447, 60.9598999023], [-5577.91796875, -1295.81616211, 3782.83886719, 827.533325195, 457.455383301, 13.5068712234, -898.573547363, 1.40173768997, -495.697753906, -440.330413818, 122.299385071, -72.8689346313, 479.018249512], [-1684.38598633, -882.473266602, 827.533325195, 758.831542969, 472.64743042, 231.76953125, -13.6921319962, -39.9078826904, -65.5151519775, 9.32457828522, -83.4652023315, -189.494674683, 68.982208252], [-1197.03881836, -672.826721191, 457.455383301, 472.64743042, 451.714294434, 293.577911377, 24.2248573303, -4.70161962509, -12.36652565, 24.9468708038, -75.0820465088, -211.613571167, -53.1680259705], [-678.411804199, -600.380249023, 13.5068712234, 231.76953125, 293.577911377, 444.592803955, 246.680007935, -16.8491287231, 113.295585632, 143.838134766, -110.388458252, -281.671661377, -230.998779297], [944.069335938, -75.5705795288, -898.573547363, -13.6921319962, 24.2248573303, 246.680007935, 453.613433838, 35.1120223999, 164.257095337, 177.900253296, -98.7841949463, -154.481063843, -238.442581177], [-57.6324501038, -15.190776825, 1.40173768997, -39.9078826904, -4.70161962509, -16.8491287231, 35.1120223999, 154.923706055, 53.8655128479, -42.9689826965, 45.4108352661, 6.96646261215, -69.4491424561], [511.352325439, -29.0589122772, -495.697753906, -65.5151519775, -12.36652565, 113.295585632, 164.257095337, 53.8655128479, 250.821304321, 185.053192139, -3.06796908379, -76.8549728394, -229.400360107], [391.708862305, -102.686965942, -440.330413818, 9.32457828522, 24.9468708038, 143.838134766, 177.900253296, -42.9689826965, 185.053192139, 287.63067627, 71.5263748169, -45.8535652161, -154.903182983], [-62.0240402222, 96.5909729004, 122.299385071, -83.4652023315, -75.0820465088, -110.388458252, -98.7841949463, 45.4108352661, -3.06796908379, 71.5263748169, 335.909881592, 307.058746338, 106.285430908], [499.66116333, 391.312408447, -72.8689346313, -189.494674683, -211.613571167, -281.671661377, -154.481063843, 6.96646261215, -76.8549728394, -45.8535652161, 307.058746338, 523.773132324, 385.492218018], [-435.563354492, 60.9598999023, 479.018249512, 68.982208252, -53.1680259705, -230.998779297, -238.442581177, -69.4491424561, -229.400360107, -154.903182983, 106.285430908, 385.492218018, 635.030273438]]
    },
    "sccoeffs": {
        "kurt": [-0.383442401886, -0.871507406235, -0.254517793655, 0.614656925201, -0.359592676163, -0.245898723602],
        "max": [-0.310282409191, -0.125277087092, -0.233570829034, -0.250957369804, -0.535999178886, -0.525279581547],
        "mean": [-0.664918065071, -0.519814968109, -0.634688973427, -0.684667468071, -0.749880850315, -0.785755634308],
        "median": [-0.657956898212, -0.497667223215, -0.649876475334, -0.69223856926, -0.744501471519, -0.786511301994],
        "min": [-0.962405800819, -0.960489630699, -0.95293623209, -0.916416883469, -0.920309603214, -0.939574599266],
        "skew": [-0.0696709677577, -0.162994846702, 0.42666181922, 0.815459251404, 0.113390363753, 0.445025086403],
        "var": [0.0172948502004, 0.0414399951696, 0.0247629731894, 0.0216977968812, 0.00756611628458, 0.00695106294006],
        "cov": [[0.0173948202282, -0.00757469516248, -0.00109987950418, -0.00164630438667, -0.00225009536371, 0.000185024749953], [-0.00757469516248, 0.0416795350611, 0.00632138457149, 0.00653553986922, 0.00886956788599, -0.00312504917383], [-0.00109987950418, 0.00632138457149, 0.0249061118811, 0.0191922243685, 0.0089476974681, 0.00023070476891], [-0.00164630438667, 0.00653553986922, 0.0191922243685, 0.0218232180923, 0.00858304463327, 0.00166748580523], [-0.00225009536371, 0.00886956788599, 0.0089476974681, 0.00858304463327, 0.00760985119268, -0.000901795981918], [0.000185024749953, -0.00312504917383, 0.00023070476891, 0.00166748580523, -0.000901795981918, 0.00699124252424]]
    },
    "scvalleys": {
        "kurt": [-0.397313594818, -0.656617164612, -0.702385425568, -0.873358011246, -0.176663398743, 0.343970775604],
        "max": [-8.28259181976, -5.66969537735, -4.55171728134, -6.36635065079, -7.49913024902, -11.2967329025],
        "mean": [-11.2052459717, -8.21490573883, -7.73037910461, -9.44186973572, -10.1105232239, -13.9906721115],
        "median": [-11.1820030212, -8.28020095825, -7.78458356857, -9.73056983948, -10.2930927277, -13.7179489136],
        "min": [-14.6626358032, -11.2871379852, -12.2859096527, -13.4521226883, -13.0361623764, -20.2932071686],
        "skew": [-0.303435772657, 0.0644319355488, -0.118638522923, 0.226232796907, 0.601917505264, -0.898590326309],
        "var": [1.69632744789, 1.51830875874, 3.16250991821, 2.28576993942, 1.12263154984, 3.47653508186],
        "cov": [[1.70613288879, 0.681162893772, 1.45538461208, 1.15897536278, 0.747114956379, 1.63219332695], [0.681162893772, 1.52708518505, 1.47501277924, 1.04531300068, 0.499936401844, 0.889725506306], [1.45538461208, 1.47501277924, 3.18079042435, 2.52231860161, 1.52381694317, 2.21869421005], [1.15897536278, 1.04531300068, 2.52231860161, 2.29898238182, 1.46186208725, 1.69724881649], [0.747114956379, 0.499936401844, 1.52381694317, 1.46186208725, 1.12912070751, 1.09363758564], [1.63219332695, 0.889725506306, 2.21869421005, 1.69724881649, 1.09363758564, 3.49663066864]]
    }
},
"rhythm": {
    "beats_loudness": {
        "kurt": -0.837883710861,
        "max": 0.128562539816,
        "mean": 0.0632381811738,
        "median": 0.0690490305424,
        "min": 0.00120949919801,
        "skew": -0.240384638309,
        "var": 0.00166425365023
    },
    "bpm": 133.122268677,
    "confidence": 0,
    "first_peak_bpm": {
        "kurt": 0,
        "max": 133,
        "mean": 133,
        "median": 133,
        "min": 133,
        "skew": 0,
        "var": 0
    },
    "first_peak_spread": {
        "kurt": 0,
        "max": 0.5,
        "mean": 0.5,
        "median": 0.5,
        "min": 0.5,
        "skew": 0,
        "var": 0
    },
    "first_peak_weight": {
        "kurt": 0,
        "max": 0.428571432829,
        "mean": 0.428571432829,
        "median": 0.428571432829,
        "min": 0.428571432829,
        "skew": 0,
        "var": 0
    },
    "onset_rate": 2.99592375755,
    "second_peak_bpm": {
        "kurt": 0,
        "max": 120,
        "mean": 120,
        "median": 120,
        "min": 120,
        "skew": 0,
        "var": 0
    },
    "second_peak_spread": {
        "kurt": 0,
        "max": 0,
        "mean": 0,
        "median": 0,
        "min": 0,
        "skew": 0,
        "var": 0
    },
    "second_peak_weight": {
        "kurt": 0,
        "max": 0.142857149243,
        "mean": 0.142857149243,
        "median": 0.142857149243,
        "min": 0.142857149243,
        "skew": 0,
        "var": 0
    },
    "beats_loudness_band_ratio": {
        "kurt": [-0.318605422974, 0.171105146408, -1.3791205883, -1.47372055054, 2.98252105713, 0.532710075378],
        "max": [0.00013189893798, 0.277335137129, 0.996168494225, 0.839730918407, 0.541892468929, 0.00395183917135],
        "mean": [3.93331029045e-05, 0.0564504787326, 0.60066306591, 0.340325474739, 0.0808561444283, 0.000871255062521],
        "median": [1.68682472577e-05, 0.000235364423133, 0.619859457016, 0.225851863623, 0.0035482449457, 0.000141151744174],
        "min": [6.97505697644e-07, 7.01953831594e-06, 0.156149923801, 0.00184549135156, 0.00161653081886, 9.96720518742e-06],
        "skew": [1.00207591057, 1.37602889538, -0.0950281694531, 0.427555590868, 2.2079000473, 1.45075798035],
        "var": [1.95247640278e-09, 0.0101737510413, 0.0889497324824, 0.102895431221, 0.0307911932468, 1.83831673439e-06],
        "cov": [[2.23140150801e-09, 1.25971453713e-07, -3.15057405942e-07, 3.39973411201e-07, 1.98041402655e-06, 4.29026307813e-08], [1.25971453713e-07, 0.0116271441802, 0.00545322149992, -0.0157060399652, -0.00505215395242, -5.28960044903e-05], [-3.15057405942e-07, 0.00545322149992, 0.101656839252, -0.104755595326, -0.0292513333261, -8.78984428709e-05], [3.39973411201e-07, -0.0157060399652, -0.104755595326, 0.117594778538, 0.0350776575506, 0.000112091984192], [1.98041402655e-06, -0.00505215395242, -0.0292513333261, 0.0350776575506, 0.0351899340749, -2.62448866124e-05], [4.29026307813e-08, -5.28960044903e-05, -8.78984428709e-05, 0.000112091984192, -2.62448866124e-05, 2.10093344322e-06]]
    },
    "beats_position": [0.476009070873, 0.975238084793, 1.42802715302, 1.88081634045, 2.32199549675, 2.7863945961, 3.22757363319, 3.68036270142],
    "bpm_estimates": [132.512039185, 132.511993408, 135.999176025, 129.19921875, 135.999206543, 132.512039185],
    "bpm_intervals": [0.49922901392, 0.452789068222, 0.452789187431, 0.441179156303, 0.46439909935, 0.441179037094, 0.452789068222],
    "onset_times": [0.0812698379159, 0.301859408617, 0.46439909935, 0.975238084793, 1.26548755169, 1.49768710136, 2.29877543449, 2.72834467888, 3.12308382988, 3.39011335373, 3.5178232193, 3.69197273254],
    "histogram": [[0, 0, 0, 0, 0, 0, 0, 0, 0, 0, 0, 0, 0, 0, 0, 0, 0, 0, 0, 0, 0, 0, 0, 0, 0, 0, 0, 0, 0, 0, 0, 0, 0, 0, 0, 0, 0, 0, 0, 0, 0, 0, 0, 0, 0, 0, 0, 0, 0, 0, 0, 0, 0, 0, 0, 0, 0, 0, 0, 0, 0, 0, 0, 0, 0, 0, 0, 0, 0, 0, 0, 0, 0, 0, 0, 0, 0, 0, 0, 0, 0, 0, 0, 0, 0, 0, 0, 0, 0, 0, 0, 0, 0, 0, 0, 0, 0, 0, 0, 0, 0, 0, 0, 0, 0, 0, 0, 0, 0, 0, 0, 0, 0, 0, 0, 0, 0, 0, 0, 0, 0.142857149243, 0, 0, 0, 0, 0, 0, 0, 0, 0.142857149243, 0, 0, 0, 0.428571432829, 0, 0, 0.285714298487, 0, 0, 0, 0, 0, 0, 0, 0, 0, 0, 0, 0, 0, 0, 0, 0, 0, 0, 0, 0, 0, 0, 0, 0, 0, 0, 0, 0, 0, 0, 0, 0, 0, 0, 0, 0, 0, 0, 0, 0, 0, 0, 0, 0, 0, 0, 0, 0, 0, 0, 0, 0, 0, 0, 0, 0, 0, 0, 0, 0, 0, 0, 0, 0, 0, 0, 0, 0, 0, 0, 0, 0, 0, 0, 0, 0, 0, 0, 0, 0, 0, 0, 0, 0, 0, 0, 0, 0, 0, 0, 0, 0, 0, 0, 0, 0, 0, 0, 0, 0, 0, 0, 0, 0, 0, 0, 0, 0, 0, 0, 0, 0, 0]]
},
"sfx": {
    "inharmonicity": {
        "kurt": 7.17827796936,
        "max": 0.354289531708,
        "mean": 0.0372319817543,
        "median": 0.00669323746115,
        "min": 0,
        "skew": 2.69608592987,
        "var": 0.00483749294654
    },
    "oddtoevenharmonicenergyratio": {
        "kurt": 168.98727417,
        "max": 6111.91064453,
        "mean": 36.7446250916,
        "median": 0.216665863991,
        "min": 0,
        "skew": 13.0758504868,
        "var": 213350.453125
    },
    "pitch_after_max_to_before_max_energy_ratio": 0.170793831348,
    "pitch_centroid": 74.2659606934,
    "pitch_max_to_total": 0.988505721092,
    "pitch_min_to_total": 0.224137932062,
    "tristimulus": {
        "kurt": [-1.48744428158, -1.20791387558, 3.2438955307],
        "max": [1, 0.947720110416, 0.735577225685],
        "mean": [0.503491520882, 0.388057053089, 0.108451448381],
        "median": [0.512669980526, 0.377203464508, 0.0378007404506],
        "min": [0, 0, 0],
        "skew": [-0.135431155562, 0.274906605482, 2.05956840515],
        "var": [0.118941627443, 0.0766528993845, 0.0267609804869],
        "cov": [[0.119629152119, -0.0849047452211, -0.0347244217992], [-0.0849047452211, 0.077095977962, 0.0078087602742], [-0.0347244217992, 0.0078087602742, 0.0269156694412]]
    }
},
"tonal": {
    "chords_changes_rate": 0.0795454531908,
    "chords_number_rate": 0.0568181835115,
    "chords_strength": {
        "kurt": -0.569830417633,
        "max": 0.655431687832,
        "mean": 0.498106598854,
        "median": 0.54183703661,
        "min": 0.237291574478,
        "skew": -0.831234097481,
        "var": 0.014181772247
    },
    "key_strength": 0.482837557793,
    "tuning_diatonic_strength": 0.380697846413,
    "tuning_equal_tempered_deviation": 0.297792166471,
    "tuning_frequency": 449.245300293,
    "tuning_nontempered_energy_ratio": 0.951717197895,
    "hpcp": {
        "kurt": [8.81861019135, 8.6083688736, 14.4651107788, 7.43643188477, 12.7792768478, 9.99629020691, 9.2544336319, 3.78791189194, 5.81146621704, 10.0138521194, 0.226664066315, -0.571397781372, 0.833574056625, 2.51097393036, 0.933253288269, 4.11165809631, 8.81586551666, 5.04963874817, 7.95250988007, 16.332736969, 35.1404380798, 19.1699790955, 17.771320343, 9.8690366745, 13.7540893555, 5.66320514679, 6.8817949295, 4.52351045609, 4.70656728745, 2.62482643127, 3.04113197327, 9.12833595276, 10.7981681824, 6.98846626282, 6.40469932556, 7.15240097046],
        "max": [1, 0.677848279476, 1, 1, 1, 0.631168246269, 1, 1, 1, 1, 1, 1, 1, 1, 1, 1, 1, 1, 1, 0.627791702747, 1, 1, 1, 0.752264857292, 1, 1, 1, 0.781398832798, 1, 1, 1, 1, 1, 1, 0.927928209305, 1],
        "mean": [0.0974448025227, 0.0647860094905, 0.076979547739, 0.106980450451, 0.0759481862187, 0.0546561740339, 0.098286010325, 0.139914140105, 0.116855338216, 0.100304670632, 0.215164139867, 0.282905519009, 0.206134214997, 0.168048650026, 0.190753564239, 0.146472781897, 0.0948405712843, 0.122568011284, 0.092440970242, 0.0453808419406, 0.0485022701323, 0.0674220100045, 0.0746968761086, 0.0669266805053, 0.0803153887391, 0.115463756025, 0.110101647675, 0.0980558693409, 0.136467516422, 0.167905494571, 0.148797929287, 0.0970631539822, 0.0871851742268, 0.0950866863132, 0.0934801325202, 0.104453317821],
