{
"metadata": {
    "version": {
        "essentia": "2.1-beta3"
    }
},
"lowLevel": {
    "average_loudness": 0.494370311499,
    "barkbands_kurtosis": {
        "kurt": 72.9206542969,
        "max": 1571.68066406,
        "mean": 34.3069801331,
        "median": 4.85496330261,
        "min": -1.82163369656,
        "skew": 7.71981048584,
        "var": 16047.4765625
    },
    "barkbands_skewness": {
        "kurt": 20.4796962738,
        "max": 37.8567047119,
        "mean": 2.71791791916,
        "median": 1.52618694305,
        "min": -1.04811561108,
        "skew": 3.98431825638,
        "var": 19.3658084869
    },
    "barkbands_spread": {
        "kurt": 0.84086894989,
        "max": 43.3932914734,
        "mean": 9.13300418854,
        "median": 3.73653554916,
        "min": 0.0327403098345,
        "skew": 1.49024879932,
        "var": 135.426239014
    },
    "dissonance": {
        "kurt": -0.823489427567,
        "max": 0.500000059605,
        "mean": 0.370584309101,
        "median": 0.413531303406,
        "min": 0.0756993144751,
        "skew": -0.703346669674,
        "var": 0.0144742429256
    },
    "hfc": {
        "kurt": 4.46426296234,
        "max": 201.58656311,
        "mean": 19.287355423,
        "median": 0.122125729918,
        "min": 1.61547450261e-05,
        "skew": 2.13928604126,
        "var": 1247.82214355
    },
    "pitch": {
        "kurt": 3.65223550797,
        "max": 3914.76171875,
        "mean": 794.055358887,
        "median": 514.144165039,
        "min": 93.3849105835,
        "skew": 2.2811923027,
        "var": 1047614.8125
    },
    "pitch_instantaneous_confidence": {
        "kurt": -1.37318742275,
        "max": 0.995018362999,
        "mean": 0.653466820717,
        "median": 0.657316923141,
        "min": 0.159883260727,
        "skew": -0.0989132523537,
        "var": 0.0651655197144
    },
    "pitch_salience": {
        "kurt": -0.677238464355,
        "max": 0.857665717602,
        "mean": 0.503493607044,
        "median": 0.571793735027,
        "min": 0.0184503104538,
        "skew": -0.727166891098,
        "var": 0.0528928861022
    },
    "silence_rate_20dB": {
        "kurt": 0,
        "max": 1,
        "mean": 1,
        "median": 1,
        "min": 1,
        "skew": 0,
        "var": 0
    },
    "silence_rate_30dB": {
        "kurt": 8.22065162659,
        "max": 1,
        "mean": 0.923884510994,
        "median": 1,
        "min": 0,
        "skew": -3.1969871521,
        "var": 0.0703212171793
    },
    "silence_rate_60dB": {
        "kurt": -1.74656677246,
        "max": 1,
        "mean": 0.622047245502,
        "median": 1,
        "min": 0,
        "skew": -0.503421604633,
        "var": 0.235103398561
    },
    "spectral_centroid": {
        "kurt": 1.14567470551,
        "max": 2505.42407227,
        "mean": 872.25378418,
        "median": 694.762145996,
        "min": 261.953887939,
        "skew": 1.348533988,
        "var": 227624.140625
    },
    "spectral_complexity": {
        "kurt": 8.83563804626,
        "max": 39,
        "mean": 3.81364822388,
        "median": 1,
        "min": 0,
        "skew": 2.94620871544,
        "var": 50.5399703979
    },
    "spectral_crest": {
        "kurt": -0.893663883209,
        "max": 26.9737319946,
        "mean": 13.9145545959,
        "median": 12.8884534836,
        "min": 3.35557317734,
        "skew": 0.446953862906,
        "var": 45.5214691162
    },
    "spectral_decrease": {
        "kurt": 4.1797709465,
        "max": -1.32016681099e-15,
        "mean": -6.0635403365e-09,
        "median": -5.46391265566e-11,
        "min": -5.99892544528e-08,
        "skew": -2.12123250961,
        "var": 1.23758157509e-16
    },
    "spectral_energy": {
        "kurt": 4.09655284882,
        "max": 0.244697734714,
        "mean": 0.0246346015483,
        "median": 0.000216674437979,
        "min": 6.44789333037e-09,
        "skew": 2.10169172287,
        "var": 0.00202773255296
    },
    "spectral_energyband_high": {
        "kurt": 65.1568222046,
        "max": 0.000329272210365,
        "mean": 6.97941186445e-06,
        "median": 5.04016242076e-08,
        "min": 6.35268115889e-10,
        "skew": 7.52683067322,
        "var": 8.72082850378e-10
    },
    "spectral_energyband_low": {
        "kurt": 113.470832825,
        "max": 2.47148818744e-05,
        "mean": 4.31837719361e-07,
        "median": 1.65021312171e-08,
        "min": 1.90312460235e-10,
        "skew": 9.65469264984,
        "var": 3.11015080877e-12
    },
    "spectral_energyband_middle_high": {
        "kurt": 20.9597187042,
        "max": 0.24430821836,
        "mean": 0.0105432663113,
        "median": 1.13522210086e-05,
        "min": 4.37583169699e-09,
        "skew": 4.22766828537,
        "var": 0.000889135524631
    },
    "spectral_energyband_middle_low": {
        "kurt": 9.45309734344,
        "max": 0.20846901834,
        "mean": 0.0149437850341,
        "median": 0.00012859229173,
        "min": 1.36204725276e-09,
        "skew": 3.01505947113,
        "var": 0.00121411692817
    },
    "spectral_flatness_db": {
        "kurt": -0.460196256638,
        "max": 0.788006126881,
        "mean": 0.447127908468,
        "median": 0.434728890657,
        "min": 0.125584825873,
        "skew": 0.457706600428,
        "var": 0.0165304820985
    },
    "spectral_flux": {
        "kurt": 1.34600782394,
        "max": 0.295290082693,
        "mean": 0.0481997169554,
        "median": 0.0095023792237,
        "min": 0.000253758276813,
        "skew": 1.51962995529,
        "var": 0.00456337863579
    },
    "spectral_kurtosis": {
        "kurt": 0.0431661605835,
        "max": 220.967910767,
        "mean": 53.7717247009,
        "median": 43.3778533936,
        "min": -1.12157177925,
        "skew": 0.82571876049,
        "var": 2331.56323242
    },
    "spectral_rms": {
        "kurt": 0.151798248291,
        "max": 0.0154508734122,
        "mean": 0.00288865435869,
        "median": 0.000459771341411,
        "min": 2.50811240221e-06,
        "skew": 1.22086262703,
        "var": 1.56894675456e-05
    },
    "spectral_rolloff": {
        "kurt": 0.0535461902618,
        "max": 4198.97460938,
        "mean": 1354.50134277,
        "median": 775.1953125,
        "min": 258.3984375,
        "skew": 1.28115618229,
        "var": 1228853.375
    },
    "spectral_skewness": {
        "kurt": -0.907832145691,
        "max": 11.958193779,
        "mean": 4.4415307045,
        "median": 4.06709909439,
        "min": -0.0195529572666,
        "skew": 0.307999134064,
        "var": 9.10845565796
    },
    "spectral_spread": {
        "kurt": 6.88360691071,
        "max": 6602394.5,
        "mean": 1457529.25,
        "median": 1288392,
        "min": 431270.28125,
        "skew": 1.49106931686,
        "var": 478113038336
    },
    "spectral_strongpeak": {
        "kurt": 3.86150026321,
        "max": 16.9043655396,
        "mean": 1.85505449772,
        "median": 0.150154739618,
        "min": 0.000442909193225,
        "skew": 2.04683494568,
        "var": 10.1071767807
    },
    "zerocrossingrate": {
        "kurt": 0.423299074173,
        "max": 0.12255859375,
        "mean": 0.0454075932503,
        "median": 0.0341796875,
        "min": 0.0126953125,
        "skew": 1.26944327354,
        "var": 0.000783568364568
    },
    "barkbands": {
        "kurt": [32.1597900391, 58.7097854614, 170.419006348, 20.7183113098, 20.3695430756, 274.303375244, 35.2587928772, 16.4046134949, 26.966255188, 26.3786258698, 86.637046814, 55.8639640808, 41.834728241, 31.6941719055, 153.476394653, 96.4675598145, 43.4747505188, 127.013809204, 128.889831543, 33.1261787415, 32.6490097046, 12.7305870056, 13.5386600494, 13.6933994293, 13.7972316742, 13.9310054779, 13.966424942],
        "max": [7.01022671024e-08, 2.53531368344e-07, 1.57134400069e-05, 4.33364548371e-05, 0.000156293084729, 0.00344998505898, 0.0577972009778, 0.174267694354, 0.084533251822, 0.244459733367, 0.103661797941, 0.0239209197462, 0.0161130335182, 0.00964786205441, 0.0335020981729, 0.0158194284886, 0.0073014087975, 0.0116730192676, 0.00139927514829, 0.000810821249615, 5.87012218602e-05, 1.90439699566e-08, 1.55319739292e-08, 1.45956029485e-08, 1.3930749887e-08, 1.35521256439e-08, 1.44171057315e-08],
        "mean": [2.50109843947e-09, 6.51232401339e-09, 1.24766586396e-07, 2.16589342017e-06, 7.74750787969e-06, 2.57308238361e-05, 0.00165142572951, 0.00862066727132, 0.00295039196499, 0.00735305296257, 0.00180184852798, 0.000559626554605, 0.000421322183684, 0.000285079324385, 0.000372430629795, 0.000203269373742, 0.000173538850504, 0.000165742254467, 1.5397572497e-05, 2.29557208513e-05, 2.11591554944e-06, 1.19755450001e-09, 9.18549014628e-10, 8.63223048597e-10, 8.236402671e-10, 7.98694888005e-10, 8.49371739609e-10],
        "median": [3.24117191419e-11, 1.264328503e-10, 2.78335399173e-09, 2.88935293469e-08, 3.0440648402e-07, 6.33308388842e-07, 2.33668424698e-06, 1.02615431388e-05, 9.63315414992e-06, 3.51400194631e-06, 5.97048426698e-07, 1.95250436263e-07, 1.82640889079e-07, 5.44421595805e-07, 2.0460755934e-07, 1.04688055558e-07, 1.67066446011e-07, 2.38080744452e-07, 5.07210735634e-08, 5.60444988196e-08, 1.97828278203e-08, 8.15459852421e-12, 4.85947697013e-12, 4.42281541252e-12, 4.14540450577e-12, 3.67500908177e-12, 3.74325613908e-12],
        "min": [6.66370560484e-16, 1.30435939827e-12, 5.97620147813e-11, 1.95075844367e-10, 3.8535996616e-10, 9.88693224513e-11, 6.66673521943e-11, 2.11626854929e-10, 3.82787357367e-10, 1.38946881778e-10, 2.43628422991e-10, 2.21272687673e-11, 6.0958169068e-11, 1.72368334883e-11, 9.57248308397e-11, 7.03283264958e-11, 8.74674332962e-10, 1.01144859155e-09, 7.70258967719e-10, 1.21406884546e-09, 4.69933980618e-10, 5.65687870624e-14, 3.49711978304e-17, 9.44842687175e-17, 6.97227494296e-17, 3.3299482356e-17, 2.4350958117e-17],
        "skew": [5.15773582458, 6.73830604553, 12.4738311768, 4.37689828873, 3.85291361809, 15.8060493469, 5.69567537308, 3.99135160446, 5.10009765625, 4.99134302139, 8.49351119995, 6.92258214951, 5.96279096603, 5.22275352478, 11.2392902374, 9.22686290741, 6.07739257812, 10.0382070541, 10.468079567, 5.4421172142, 5.28801870346, 3.41288542747, 3.50906777382, 3.53071904182, 3.54468607903, 3.56158185005, 3.56652951241],
        "var": [5.64809576337e-17, 4.65467368527e-16, 1.00735316356e-12, 4.07536365765e-11, 2.88587570507e-10, 3.62343790528e-08, 4.76391578559e-05, 0.00072088453453, 0.000127552470076, 0.000864825677127, 7.10562380846e-05, 5.57514204047e-06, 2.7614426017e-06, 1.0547638567e-06, 4.6579903028e-06, 1.50643154484e-06, 4.9179988082e-07, 6.2174501636e-07, 9.11115538571e-09, 7.99526578277e-09, 4.57663386355e-11, 8.74634971678e-18, 5.52267921793e-18, 4.92297782332e-18, 4.50893339489e-18, 4.2711690132e-18, 4.84260192397e-18],
        "cov": [[5.66295920637e-17, 8.79319328575e-17, -9.61940576611e-17, -4.74560161336e-15, -1.18811642856e-14, -1.18691821576e-14, 1.40146783068e-11, 8.76740555156e-11, 1.59287947415e-11, 3.26760840608e-11, 9.54429243971e-13, 3.99418475724e-12, 1.83212711495e-12, 8.60796297523e-13, 2.197526449e-12, 1.39216914906e-12, 1.01593072063e-12, 1.01614842842e-12, 3.52930541508e-14, 6.18074385075e-14, 9.59523750737e-15, 5.57170538565e-18, 4.22037019743e-18, 3.91523112767e-18, 3.700975219e-18, 3.56505827742e-18, 3.77755932242e-18], [8.79319328575e-17, 4.66692284048e-16, 3.33411713325e-15, -5.74675898163e-15, 6.92464426864e-15, 7.57840242383e-14, 6.26539445325e-11, 1.53096674227e-10, 2.7056041435e-11, 4.95859221739e-11, 2.55233334467e-11, 1.71027046691e-11, 1.46581895927e-11, 5.18648232001e-12, 7.86665871333e-12, 6.2293043987e-12, 3.89131261935e-12, 3.36229460073e-12, 1.07742352366e-12, 4.05256774319e-13, 4.28346899237e-14, 2.29187693326e-17, 1.76686788002e-17, 1.65967255182e-17, 1.58230188235e-17, 1.53093231195e-17, 1.62661742192e-17], [-9.61940576611e-17, 3.33411713325e-15, 1.01000414629e-12, 5.10012550855e-13, 9.74700181677e-12, -3.92091469969e-13, 8.71504673983e-11, -5.79366554732e-10, -1.7964157939e-10, -7.11988579205e-10, 2.98706176981e-12, 9.34083574378e-11, 8.72708988409e-11, 2.14350742017e-11, 5.0135420121e-11, 4.22558411872e-11, 1.51069417392e-11, 1.39285692355e-11, 7.08732421709e-12, 1.130510182e-12, 1.8847537463e-13, 1.9537481636e-17, 1.03674516638e-17, 1.01092571618e-17, 9.75942428276e-18, 9.34822204691e-18, 9.91033015063e-18], [-4.74560161336e-15, -5.74675898163e-15, 5.10012550855e-13, 4.08608806513e-11, 5.67634307613e-11, -8.55352767781e-12, -2.89079871152e-09, -1.72730043602e-08, -5.67925217965e-09, -1.53467833997e-08, -3.18823811796e-09, -7.17769343961e-10, -4.66323646364e-10, -4.33411556644e-10, -4.340428017e-10, -2.25362853379e-10, -2.56905996476e-10, -2.53473686485e-10, -4.56815574951e-12, -3.63009032556e-11, -3.01237507161e-12, -2.08019115747e-15, -1.61362751655e-15, -1.51679799227e-15, -1.44738353637e-15, -1.40490218708e-15, -1.4943793595e-15], [-1.18811642856e-14, 6.92464426864e-15, 9.74700181677e-12, 5.67634307613e-11, 2.89347018567e-10, 3.14927500744e-10, -4.60532501023e-09, -4.73788759336e-08, -1.7547591824e-08, -5.23488061788e-08, -6.93907020732e-09, 1.11339482078e-09, -4.72324512835e-10, -4.8799014829e-10, -9.37054656092e-10, 3.47544826251e-10, -1.96294425159e-10, 2.13714948516e-10, -2.03234547247e-11, -4.30891711201e-11, -4.63772683451e-13, -5.55240981299e-15, -4.44602257706e-15, -4.19455374162e-15, -4.01373931243e-15, -3.90140622648e-15, -4.15407107245e-15], [-1.18691821576e-14, 7.57840242383e-14, -3.92091469969e-13, -8.55352767781e-12, 3.14927500744e-10, 3.63297338879e-08, 6.74035405268e-08, -1.24415024061e-07, 1.15596190398e-08, -3.23608695396e-08, 1.10863895841e-08, 1.40773224189e-07, 4.17048333645e-08, 4.87501310431e-08, 6.39679811343e-08, 1.75952408199e-08, 6.68779653878e-09, 3.14487835773e-09, 5.29595645116e-10, 1.35649977362e-10, 1.28433971791e-10, 5.48071736785e-15, 3.99575764999e-15, 3.92736948038e-15, 3.84935520484e-15, 3.76171863502e-15, 4.02660362532e-15], [1.40146783068e-11, 6.26539445325e-11, 8.71504673983e-11, -2.89079871152e-09, -4.60532501023e-09, 6.74035405268e-08, 4.77645262436e-05, 8.36228282424e-05, -2.06757295018e-06, -8.07607648312e-06, 6.39105110167e-06, 8.3579539023e-07, 1.4808990727e-06, 8.66268749178e-07, 3.35230794235e-07, 3.86955605336e-07, 4.1590143951e-07, 4.22297574687e-07, 7.31146840849e-08, 7.7322184211e-08, 4.71103156485e-09, 4.39204879063e-12, 3.41960661177e-12, 3.25443556652e-12, 3.13075433633e-12, 3.05816006199e-12, 3.26202042808e-12], [8.76740555156e-11, 1.53096674227e-10, -5.79366554732e-10, -1.72730043602e-08, -4.73788759336e-08, -1.24415024061e-07, 8.36228282424e-05, 0.000722781580407, -5.67035522181e-06, -5.82504617341e-05, -4.45070509159e-06, 1.15561033454e-05, 3.04251500438e-07, 1.50091466367e-06, 1.53109581902e-07, 2.92174036076e-07, 2.54676507438e-07, 1.8218331661e-06, 1.22649082002e-08, 3.67306007831e-08, 1.03355599634e-08, 2.83534185713e-11, 2.36278115129e-11, 2.24546284344e-11, 2.1578631243e-11, 2.10815063323e-11, 2.24803960169e-11], [1.59287947415e-11, 2.7056041435e-11, -1.7964157939e-10, -5.67925217965e-09, -1.7547591824e-08, 1.15596190398e-08, -2.06757295018e-06, -5.67035522181e-06, 0.000127888139104, 1.05683448055e-05, -1.15548937174e-06, 2.73975342679e-06, 6.4118944465e-06, 3.00721762869e-06, 5.84767531109e-06, 1.44664340951e-06, 1.65025687693e-06, 8.69452264851e-07, 1.76799446194e-07, 6.99076068145e-08, 1.27727082244e-08, 6.41748416561e-12, 4.18732843538e-12, 3.92397789609e-12, 3.73201079415e-12, 3.60998123755e-12, 3.83355109809e-12], [3.26760840608e-11, 4.95859221739e-11, -7.11988579205e-10, -1.53467833997e-08, -5.23488061788e-08, -3.23608695396e-08, -8.07607648312e-06, -5.82504617341e-05, 1.05683448055e-05, 0.000867101538461, -5.92140850131e-06, -1.97842155103e-06, -1.6122011175e-06, 9.94394326881e-07, -1.22577262118e-06, -8.31234331145e-07, 3.48462367583e-06, -7.37254424621e-07, 5.85759352134e-09, -5.16577856047e-08, 1.39332003712e-08, 3.36235726761e-11, 2.6254148161e-11, 2.44784938846e-11, 2.32730276023e-11, 2.23233567048e-11, 2.37084570726e-11], [9.54429243971e-13, 2.55233334467e-11, 2.98706176981e-12, -3.18823811796e-09, -6.93907020732e-09, 1.10863895841e-08, 6.39105110167e-06, -4.45070509159e-06, -1.15548937174e-06, -5.92140850131e-06, 7.12432301953e-05, 1.8083443365e-06, 1.67527480244e-06, 1.09766165224e-06, 3.5011678392e-06, 1.72296518031e-06, 7.64238109241e-07, 1.66891777553e-06, 9.33901489475e-08, 4.85899533942e-07, 1.40043123764e-08, 3.49479863451e-12, 2.36626994041e-12, 2.1983641036e-12, 2.07978794776e-12, 2.00815319235e-12, 2.12882749623e-12], [3.99418475724e-12, 1.71027046691e-11, 9.34083574378e-11, -7.17769343961e-10, 1.11339482078e-09, 1.40773224189e-07, 8.3579539023e-07, 1.15561033454e-05, 2.73975342679e-06, -1.97842155103e-06, 1.8083443365e-06, 5.58981355425e-06, 2.38047209677e-06, 1.30373268803e-06, 1.83516658581e-06, 1.66409358826e-06, 8.88896636297e-07, 1.35848620175e-06, 9.53279908344e-08, 8.85768827175e-08, 1.12019113985e-08, 1.90443732832e-12, 1.41314304009e-12, 1.32249810061e-12, 1.2556791544e-12, 1.2121694707e-12, 1.28608495381e-12], [1.83212711495e-12, 1.46581895927e-11, 8.72708988409e-11, -4.66323646364e-10, -4.72324512835e-10, 4.17048333645e-08, 1.4808990727e-06, 3.04251500438e-07, 6.4118944465e-06, -1.6122011175e-06, 1.67527480244e-06, 2.38047209677e-06, 2.76870969174e-06, 8.47424416861e-07, 1.39979692904e-06, 1.4523614027e-06, 5.87927161178e-07, 7.1736855034e-07, 9.34332931024e-08, 5.6301093565e-08, 7.20838411183e-09, 1.31840328585e-12, 9.21352946194e-13, 8.63348075756e-13, 8.19758974244e-13, 7.91337915335e-13, 8.39632020595e-13], [8.60796297523e-13, 5.18648232001e-12, 2.14350742017e-11, -4.33411556644e-10, -4.8799014829e-10, 4.87501310431e-08, 8.66268749178e-07, 1.50091466367e-06, 3.00721762869e-06, 9.94394326881e-07, 1.09766165224e-06, 1.30373268803e-06, 8.47424416861e-07, 1.05753952084e-06, 7.56683789405e-07, 4.21022065211e-07, 2.879320391e-07, 3.38203733463e-07, 3.62543026711e-08, 2.87345258698e-08, 3.5846432489e-09, 8.43105479095e-13, 6.02102460771e-13, 5.67779438916e-13, 5.42434424201e-13, 5.25844992549e-13, 5.5926747608e-13], [2.197526449e-12, 7.86665871333e-12, 5.0135420121e-11, -4.340428017e-10, -9.37054656092e-10, 6.39679811343e-08, 3.35230794235e-07, 1.53109581902e-07, 5.84767531109e-06, -1.22577262118e-06, 3.5011678392e-06, 1.83516658581e-06, 1.39979692904e-06, 7.56683789405e-07, 4.67024801765e-06, 8.84107123511e-07, 1.01600369362e-06, 4.38156320115e-07, 6.2132286871e-08, 8.41168699139e-08, 6.49467102321e-09, 9.79003987253e-13, 5.34630553804e-13, 4.95954351806e-13, 4.68133127748e-13, 4.41258466398e-13, 4.66300609236e-13], [1.39216914906e-12, 6.2293043987e-12, 4.22558411872e-11, -2.25362853379e-10, 3.47544826251e-10, 1.75952408199e-08, 3.86955605336e-07, 2.92174036076e-07, 1.44664340951e-06, -8.31234331145e-07, 1.72296518031e-06, 1.66409358826e-06, 1.4523614027e-06, 4.21022065211e-07, 8.84107123511e-07, 1.51039580487e-06, 4.53870143247e-07, 5.65058542179e-07, 6.53534186768e-08, 3.8069998709e-08, 5.52735945902e-09, 9.27041429732e-13, 6.28302748371e-13, 5.7919993671e-13, 5.43853590634e-13, 5.21750719885e-13, 5.51449836315e-13], [1.01593072063e-12, 3.89131261935e-12, 1.51069417392e-11, -2.56905996476e-10, -1.96294425159e-10, 6.68779653878e-09, 4.1590143951e-07, 2.54676507438e-07, 1.65025687693e-06, 3.48462367583e-06, 7.64238109241e-07, 8.88896636297e-07, 5.87927161178e-07, 2.879320391e-07, 1.01600369362e-06, 4.53870143247e-07, 4.9309409178e-07, 3.13177736189e-07, 2.73593094846e-08, 3.00873352899e-08, 3.16741699535e-09, 5.37262617208e-13, 3.42727013219e-13, 3.19580001568e-13, 3.02846479448e-13, 2.89718010867e-13, 3.06979051554e-13], [1.01614842842e-12, 3.36229460073e-12, 1.39285692355e-11, -2.53473686485e-10, 2.13714948516e-10, 3.14487835773e-09, 4.22297574687e-07, 1.8218331661e-06, 8.69452264851e-07, -7.37254424621e-07, 1.66891777553e-06, 1.35848620175e-06, 7.1736855034e-07, 3.38203733463e-07, 4.38156320115e-07, 5.65058542179e-07, 3.13177736189e-07, 6.23381197329e-07, 2.27604264325e-08, 4.22861106131e-08, 4.20523882383e-09, 4.714727957e-13, 3.18105703454e-13, 2.96042026613e-13, 2.80227121889e-13, 2.7054327203e-13, 2.8684037567e-13], [3.52930541508e-14, 1.07742352366e-12, 7.08732421709e-12, -4.56815574951e-12, -2.03234547247e-11, 5.29595645116e-10, 7.31146840849e-08, 1.22649082002e-08, 1.76799446194e-07, 5.85759352134e-09, 9.33901489475e-08, 9.53279908344e-08, 9.34332931024e-08, 3.62543026711e-08, 6.2132286871e-08, 6.53534186768e-08, 2.73593094846e-08, 2.27604264325e-08, 9.13513265033e-09, 2.30634578102e-09, 2.61699495407e-10, 8.65180119929e-14, 6.6305068261e-14, 6.28012927577e-14, 6.0081774896e-14, 5.83784661779e-14, 6.21134952283e-14], [6.18074385075e-14, 4.05256774319e-13, 1.130510182e-12, -3.63009032556e-11, -4.30891711201e-11, 1.35649977362e-10, 7.7322184211e-08, 3.67306007831e-08, 6.99076068145e-08, -5.16577856047e-08, 4.85899533942e-07, 8.85768827175e-08, 5.6301093565e-08, 2.87345258698e-08, 8.41168699139e-08, 3.8069998709e-08, 3.00873352899e-08, 4.22861106131e-08, 2.30634578102e-09, 8.01630584135e-09, 3.60148050271e-10, 5.9419185067e-14, 3.88174599885e-14, 3.61192568638e-14, 3.42003511557e-14, 3.29356665909e-14, 3.49170121798e-14], [9.59523750737e-15, 4.28346899237e-14, 1.8847537463e-13, -3.01237507161e-12, -4.63772683451e-13, 1.28433971791e-10, 4.71103156485e-09, 1.03355599634e-08, 1.27727082244e-08, 1.39332003712e-08, 1.40043123764e-08, 1.12019113985e-08, 7.20838411183e-09, 3.5846432489e-09, 6.49467102321e-09, 5.52735945902e-09, 3.16741699535e-09, 4.20523882383e-09, 2.61699495407e-10, 3.60148050271e-10, 4.58867735476e-11, 6.3086975795e-15, 4.07989173858e-15, 3.80504013511e-15, 3.60664257249e-15, 3.47719582111e-15, 3.68766720312e-15], [5.57170538565e-18, 2.29187693326e-17, 1.9537481636e-17, -2.08019115747e-15, -5.55240981299e-15, 5.48071736785e-15, 4.39204879063e-12, 2.83534185713e-11, 6.41748416561e-12, 3.36235726761e-11, 3.49479863451e-12, 1.90443732832e-12, 1.31840328585e-12, 8.43105479095e-13, 9.79003987253e-13, 9.27041429732e-13, 5.37262617208e-13, 4.714727957e-13, 8.65180119929e-14, 5.9419185067e-14, 6.3086975795e-15, 8.76936601733e-18, 6.90875847342e-18, 6.51608756484e-18, 6.23109075659e-18, 6.05748581194e-18, 6.44762720221e-18], [4.22037019743e-18, 1.76686788002e-17, 1.03674516638e-17, -1.61362751655e-15, -4.44602257706e-15, 3.99575764999e-15, 3.41960661177e-12, 2.36278115129e-11, 4.18732843538e-12, 2.6254148161e-11, 2.36626994041e-12, 1.41314304009e-12, 9.21352946194e-13, 6.02102460771e-13, 5.34630553804e-13, 6.28302748371e-13, 3.42727013219e-13, 3.18105703454e-13, 6.6305068261e-14, 3.88174599885e-14, 4.07989173858e-15, 6.90875847342e-18, 5.53721278129e-18, 5.22717845667e-18, 5.00141687927e-18, 4.86591518235e-18, 5.18042744922e-18], [3.91523112767e-18, 1.65967255182e-17, 1.01092571618e-17, -1.51679799227e-15, -4.19455374162e-15, 3.92736948038e-15, 3.25443556652e-12, 2.24546284344e-11, 3.92397789609e-12, 2.44784938846e-11, 2.1983641036e-12, 1.32249810061e-12, 8.63348075756e-13, 5.67779438916e-13, 4.95954351806e-13, 5.7919993671e-13, 3.19580001568e-13, 2.96042026613e-13, 6.28012927577e-14, 3.61192568638e-14, 3.80504013511e-15, 6.51608756484e-18, 5.22717845667e-18, 4.93593312607e-18, 4.72355326303e-18, 4.596427597e-18, 4.89382549699e-18], [3.700975219e-18, 1.58230188235e-17, 9.75942428276e-18, -1.44738353637e-15, -4.01373931243e-15, 3.84935520484e-15, 3.13075433633e-12, 2.1578631243e-11, 3.73201079415e-12, 2.32730276023e-11, 2.07978794776e-12, 1.2556791544e-12, 8.19758974244e-13, 5.42434424201e-13, 4.68133127748e-13, 5.43853590634e-13, 3.02846479448e-13, 2.80227121889e-13, 6.0081774896e-14, 3.42003511557e-14, 3.60664257249e-15, 6.23109075659e-18, 5.00141687927e-18, 4.72355326303e-18, 4.52079888718e-18, 4.39958838971e-18, 4.68443589186e-18], [3.56505827742e-18, 1.53093231195e-17, 9.34822204691e-18, -1.40490218708e-15, -3.90140622648e-15, 3.76171863502e-15, 3.05816006199e-12, 2.10815063323e-11, 3.60998123755e-12, 2.23233567048e-11, 2.00815319235e-12, 1.2121694707e-12, 7.91337915335e-13, 5.25844992549e-13, 4.41258466398e-13, 5.21750719885e-13, 2.89718010867e-13, 2.7054327203e-13, 5.83784661779e-14, 3.29356665909e-14, 3.47719582111e-15, 6.05748581194e-18, 4.86591518235e-18, 4.596427597e-18, 4.39958838971e-18, 4.28240874337e-18, 4.55985091108e-18], [3.77755932242e-18, 1.62661742192e-17, 9.91033015063e-18, -1.4943793595e-15, -4.15407107245e-15, 4.02660362532e-15, 3.26202042808e-12, 2.24803960169e-11, 3.83355109809e-12, 2.37084570726e-11, 2.12882749623e-12, 1.28608495381e-12, 8.39632020595e-13, 5.5926747608e-13, 4.66300609236e-13, 5.51449836315e-13, 3.06979051554e-13, 2.8684037567e-13, 6.21134952283e-14, 3.49170121798e-14, 3.68766720312e-15, 6.44762720221e-18, 5.18042744922e-18, 4.89382549699e-18, 4.68443589186e-18, 4.55985091108e-18, 4.85534546848e-18]]
    },
    "mfcc": {
        "kurt": [-0.590908765793, -1.0681065321, -0.872563123703, -1.33769655228, -0.98802447319, -0.454947948456, 0.379124403, 0.789599895477, 3.07287073135, 0.471336603165, 0.943346977234, 0.304261207581, 1.30461359024],
        "max": [-679.134033203, 212.492218018, 82.5064697266, 35.4517097473, 6.06935119629, 2.28881835938e-05, 52.0676956177, 44.6779708862, 70.8629302979, 34.8226318359, 55.7549247742, 70.0369567871, 30.6474113464],
        "mean": [-971.5234375, 102.086952209, -40.6124725342, -30.6486701965, -36.0511169434, -44.7982139587, -21.2060108185, -10.5562725067, 0.335711568594, 2.17432594299, 0.215538322926, -0.161893427372, -14.1908683777],
        "median": [-982.787963867, 113.772621155, -7.9418182373, -31.1953811646, -37.7434043884, -45.8834953308, -23.4896316528, -13.8660583496, -2.61724853516, 2.08058166504, -2.15059280396, -3.97333526611, -9.78121566772],
        "min": [-1138.42004395, 1.14440917969e-05, -218.405029297, -97.943031311, -86.8558731079, -111.312591553, -58.2055435181, -56.4594955444, -27.7875137329, -26.7356033325, -51.8815803528, -45.8273124695, -83.5930023193],
        "skew": [0.466186881065, -0.313992738724, -0.594487249851, -0.0623541176319, 0.0515155307949, -0.115424863994, 0.747894823551, 0.838831543922, 1.64901793003, 0.275363683701, 0.625410556793, 0.834141075611, -0.965355455875],
        "var": [14010.9072266, 2835.99267578, 5623.05175781, 1039.6685791, 495.22052002, 518.584289551, 480.020172119, 293.423431396, 275.451507568, 100.668441772, 347.760528564, 597.000549316, 423.601013184],
        "cov": [[14047.7773438, 5177.34277344, -7852.67285156, -2948.34692383, -2100.79663086, -2015.27453613, 344.194641113, -170.591217041, 448.973724365, 211.640441895, 34.9265213013, 1204.26916504, 121.692207336], [5177.34277344, 2843.45581055, -1888.01757812, -1247.64257812, -897.750305176, -993.2890625, -457.287719727, -362.818084717, -95.8828964233, -31.114982605, 81.7151641846, 365.389953613, -20.0554733276], [-7852.67285156, -1888.01757812, 5637.84912109, 1713.78063965, 1068.42810059, 853.308959961, -793.496704102, -281.246582031, -543.773681641, -222.38684082, -0.588234901428, -835.289306641, -185.968292236], [-2948.34692383, -1247.64257812, 1713.78063965, 1042.40466309, 579.743408203, 461.913604736, 43.8708877563, -12.4400901794, -123.060043335, -29.898317337, -88.5456008911, -329.435791016, -28.5723171234], [-2100.79663086, -897.750305176, 1068.42810059, 579.743408203, 496.523712158, 414.949951172, 7.62603330612, -0.821967899799, -105.610084534, -61.249671936, -60.9200668335, -198.971481323, 25.2111358643], [-2015.27453613, -993.2890625, 853.308959961, 461.913604736, 414.949951172, 519.948974609, 162.951828003, 70.8118362427, 22.2821846008, -31.2233371735, -151.487213135, -270.234832764, -62.3462219238], [344.194641113, -457.287719727, -793.496704102, 43.8708877563, 7.62603330612, 162.951828003, 481.28338623, 252.521057129, 213.696075439, 60.4710540771, -121.389526367, -20.4873790741, -24.9822826385], [-170.591217041, -362.818084717, -281.246582031, -12.4400901794, -0.821967899799, 70.8118362427, 252.521057129, 294.195587158, 196.239959717, 39.4902687073, 17.6390552521, 5.60550546646, -87.5646057129], [448.973724365, -95.8828964233, -543.773681641, -123.060043335, -105.610084534, 22.2821846008, 213.696075439, 196.239959717, 276.176391602, 100.582565308, -51.1799812317, -42.4830970764, -170.196929932], [211.640441895, -31.114982605, -222.38684082, -29.898317337, -61.249671936, -31.2233371735, 60.4710540771, 39.4902687073, 100.582565308, 100.933357239, 42.6376838684, 7.79013681412, -54.8241729736], [34.9265213013, 81.7151641846, -0.588234901428, -88.5456008911, -60.9200668335, -151.487213135, -121.389526367, 17.6390552521, -51.1799812317, 42.6376838684, 348.675689697, 338.232025146, 70.234588623], [1204.26916504, 365.389953613, -835.289306641, -329.435791016, -198.971481323, -270.234832764, -20.4873790741, 5.60550546646, -42.4830970764, 7.79013681412, 338.232025146, 598.571655273, 277.607696533], [121.692207336, -20.0554733276, -185.968292236, -28.5723171234, 25.2111358643, -62.3462219238, -24.9822826385, -87.5646057129, -170.196929932, -54.8241729736, 70.234588623, 277.607696533, 424.715759277]]
    },
    "sccoeffs": {
        "kurt": [-0.864062786102, -0.493718385696, 1.14374399185, 0.408562898636, -0.612979412079, -0.876026391983],
        "max": [-0.300576746464, -0.111583009362, -0.139387592673, -0.339486241341, -0.484563857317, -0.534282982349],
        "mean": [-0.640450239182, -0.651308357716, -0.69362449646, -0.776352226734, -0.801056921482, -0.744265198708],
        "median": [-0.647064268589, -0.710446000099, -0.73115247488, -0.803228616714, -0.842586517334, -0.74796050787],
        "min": [-0.976404547691, -0.940465927124, -0.928833901882, -0.927324712276, -0.915161907673, -0.937311768532],
        "skew": [-0.147282913327, 0.783152699471, 1.29167640209, 0.948525309563, 0.768461108208, 0.00967829674482],
        "var": [0.0259008537978, 0.0474962890148, 0.0339070223272, 0.0156145216897, 0.0108435461298, 0.00759250530973],
        "cov": [[0.0259690135717, -0.0109452651814, -0.0114753637463, -0.0108328117058, -0.00978455320001, 0.000731937179808], [-0.0109452651814, 0.0476212799549, 0.00950818415731, 0.0163779966533, 0.0137103879824, -0.00871897581965], [-0.0114753637463, 0.00950818415731, 0.0339962504804, 0.0171025805175, 0.0134017551318, -0.00570528861135], [-0.0108328117058, 0.0163779966533, 0.0171025805175, 0.015655612573, 0.0115007385612, -0.00426085200161], [-0.00978455320001, 0.0137103879824, 0.0134017551318, 0.0115007385612, 0.0108720818534, -0.00263294018805], [0.000731937179808, -0.00871897581965, -0.00570528861135, -0.00426085200161, -0.00263294018805, 0.00761248543859]]
    },
    "scvalleys": {
        "kurt": [-1.01777946949, -0.366469860077, -0.682075977325, 0.495841264725, 1.52388763428, -1.12438714504],
        "max": [-8.68303966522, -4.61123991013, -4.19909906387, -4.65039968491, -6.54141139984, -11.3293437958],
        "mean": [-11.9362182617, -8.69769668579, -9.05511474609, -9.89791870117, -10.4321079254, -15.4986591339],
        "median": [-12.1163311005, -8.86309337616, -9.04337120056, -10.1795730591, -10.8525943756, -15.3791246414],
        "min": [-15.0122003555, -12.5177526474, -12.9676055908, -14.0500812531, -12.9210281372, -20.897977829],
        "skew": [0.269276320934, 0.387154817581, 0.530317485332, 1.00679588318, 1.38965463638, -0.0803553238511],
        "var": [2.348726511, 2.00174069405, 4.40903425217, 3.21668791771, 1.35137152672, 6.0849108696],
        "cov": [[2.35490727425, 1.18582618237, 2.2348754406, 1.69852936268, 1.16164338589, 2.96800851822], [1.18582618237, 2.00700855255, 2.48012471199, 1.97261607647, 1.07608544827, 1.98059463501], [2.2348754406, 2.48012471199, 4.42063713074, 3.56671118736, 2.14281964302, 3.86561560631], [1.69852936268, 1.97261607647, 3.56671118736, 3.22515296936, 1.92031705379, 2.96290373802], [1.16164338589, 1.07608544827, 2.14281964302, 1.92031705379, 1.35492777824, 1.89355003834], [2.96800851822, 1.98059463501, 3.86561560631, 2.96290373802, 1.89355003834, 6.10092401505]]
    }
},
"rhythm": {
    "beats_loudness": {
        "kurt": 1.57004356384,
        "max": 0.145064815879,
        "mean": 0.0286450348794,
        "median": 0.00307960947976,
        "min": 8.04661397069e-07,
        "skew": 1.58207583427,
        "var": 0.00182757549919
    },
    "bpm": 100.229682922,
    "confidence": 2.50894713402,
    "first_peak_bpm": {
        "kurt": 0,
        "max": 101,
        "mean": 101,
        "median": 101,
        "min": 101,
        "skew": 0,
        "var": 0
    },
    "first_peak_spread": {
        "kurt": 0,
        "max": 0.428571462631,
        "mean": 0.428571462631,
        "median": 0.428571462631,
        "min": 0.428571462631,
        "skew": 0,
        "var": 0
    },
    "first_peak_weight": {
        "kurt": 0,
        "max": 0.333333343267,
        "mean": 0.333333343267,
        "median": 0.333333343267,
        "min": 0.333333343267,
        "skew": 0,
        "var": 0
    },
    "onset_rate": 1.81571149826,
    "second_peak_bpm": {
        "kurt": 0,
        "max": 82,
        "mean": 82,
        "median": 82,
        "min": 82,
        "skew": 0,
        "var": 0
    },
    "second_peak_spread": {
        "kurt": 0,
        "max": 0,
        "mean": 0,
        "median": 0,
        "min": 0,
        "skew": 0,
        "var": 0
    },
    "second_peak_weight": {
        "kurt": 0,
        "max": 0.25,
        "mean": 0.25,
        "median": 0.25,
        "min": 0.25,
        "skew": 0,
        "var": 0
    },
    "beats_loudness_band_ratio": {
        "kurt": [1.90960407257, 4.6313495636, -1.2613992691, 2.82869052887, -0.279533624649, 1.97736883163],
        "max": [0.103440761566, 0.848739027977, 0.997745811939, 0.954320907593, 0.398574650288, 0.283636987209],
        "mean": [0.0182890314609, 0.118885718286, 0.561198830605, 0.176206409931, 0.0953954085708, 0.0414237827063],
        "median": [0.000579896499403, 0.00727503700182, 0.578601837158, 0.0593785941601, 0.0172621365637, 0.000529883953277],
        "min": [3.55600803914e-07, 2.14776332541e-06, 5.80956948397e-05, 0.000860377098434, 0.000103701902844, 3.57179524144e-05],
        "skew": [1.75239896774, 2.37377548218, -0.234992578626, 1.97507679462, 1.28359115124, 1.96786999702],
        "var": [0.000950175686739, 0.0537426024675, 0.111455217004, 0.0713964402676, 0.0221263263375, 0.00854509696364],
        "cov": [[0.00102935696486, 0.00741124525666, -0.00461486587301, -0.00285820499994, -0.000836377963424, -0.000164085417055], [0.00741124525666, 0.0582211501896, -0.0341370999813, -0.019461967051, -0.00905153993517, -0.00336059113033], [-0.00461486587301, -0.0341370999813, 0.120743155479, -0.0465390048921, -0.0236262138933, -0.0129132336006], [-0.00285820499994, -0.019461967051, -0.0465390048921, 0.0773461386561, -0.00233468646184, -0.00493624480441], [-0.000836377963424, -0.00905153993517, -0.0236262138933, -0.00233468646184, 0.0239701867104, 0.0122715309262], [-0.000164085417055, -0.00336059113033, -0.0129132336006, -0.00493624480441, 0.0122715309262, 0.00925718899816]]
    },
    "beats_position": [0.719818592072, 1.45124709606, 2.18267560005, 2.92571425438, 3.55265307426, 4.17959165573, 4.78331041336, 5.3754196167, 5.9675283432, 6.58285713196, 7.18657588959, 7.77868461609, 8.37079334259],
    "bpm_estimates": [99.3840255737, 101.33265686, 101.332740784, 97.5088424683, 99.3840255737, 101.332740784, 101.332740784],
    "bpm_intervals": [0.73142850399, 0.73142850399, 0.743038654327, 0.626938819885, 0.626938581467, 0.603718757629, 0.592109203339, 0.592108726501, 0.615328788757, 0.603718757629, 0.592108726501, 0.592108726501],
    "onset_times": [0.359909296036, 0.615328788757, 0.917188227177, 1.17260766029, 1.4164172411, 1.60217690468, 1.68344676495, 1.97369611263, 2.14784574509, 3.13469386101, 3.50621318817, 4.21442174911, 4.80653047562, 6.57124710083, 7.37233543396, 7.77868461609],
    "histogram": [[0, 0, 0, 0, 0, 0, 0, 0, 0, 0, 0, 0, 0, 0, 0, 0, 0, 0, 0, 0, 0, 0, 0, 0, 0, 0, 0, 0, 0, 0, 0, 0, 0, 0, 0, 0, 0, 0, 0, 0, 0, 0, 0, 0, 0, 0, 0, 0, 0, 0, 0, 0, 0, 0, 0, 0, 0, 0, 0, 0, 0, 0, 0, 0, 0, 0, 0, 0, 0, 0, 0, 0, 0, 0, 0, 0, 0, 0, 0, 0, 0, 0.0833333358169, 0.166666671634, 0, 0, 0, 0, 0, 0, 0, 0, 0, 0, 0, 0, 0, 0.166666671634, 0, 0.0833333358169, 0.166666671634, 0, 0.333333343267, 0, 0, 0, 0, 0, 0, 0, 0, 0, 0, 0, 0, 0, 0, 0, 0, 0, 0, 0, 0, 0, 0, 0, 0, 0, 0, 0, 0, 0, 0, 0, 0, 0, 0, 0, 0, 0, 0, 0, 0, 0, 0, 0, 0, 0, 0, 0, 0, 0, 0, 0, 0, 0, 0, 0, 0, 0, 0, 0, 0, 0, 0, 0, 0, 0, 0, 0, 0, 0, 0, 0, 0, 0, 0, 0, 0, 0, 0, 0, 0, 0, 0, 0, 0, 0, 0, 0, 0, 0, 0, 0, 0, 0, 0, 0, 0, 0, 0, 0, 0, 0, 0, 0, 0, 0, 0, 0, 0, 0, 0, 0, 0, 0, 0, 0, 0, 0, 0, 0, 0, 0, 0, 0, 0, 0, 0, 0, 0, 0, 0, 0, 0, 0, 0, 0, 0, 0, 0, 0, 0, 0, 0, 0, 0, 0, 0, 0, 0]]
},
"sfx": {
    "inharmonicity": {
        "kurt": 6.11525821686,
        "max": 0.405587613583,
        "mean": 0.0425854884088,
        "median": 0.0104008493945,
        "min": 0,
        "skew": 2.42691707611,
        "var": 0.00529227545485
    },
    "oddtoevenharmonicenergyratio": {
        "kurt": 345.95111084,
        "max": 873.285827637,
        "mean": 4.08479881287,
        "median": 0.10168068856,
        "min": 0,
        "skew": 18.3645343781,
        "var": 2073.02368164
    },
    "pitch_after_max_to_before_max_energy_ratio": 41.7197723389,
    "pitch_centroid": 173.00289917,
    "pitch_max_to_total": 0,
    "pitch_min_to_total": 0.524934411049,
    "tristimulus": {
        "kurt": [-1.48915457726, -1.18069815636, 3.46070480347],
        "max": [1, 0.933713257313, 0.817224442959],
        "mean": [0.519182920456, 0.352768063545, 0.128048941493],
        "median": [0.530762135983, 0.2972638309, 0.0766538307071],
        "min": [0, 0, 0],
        "skew": [-0.0642679855227, 0.350207686424, 1.92622435093],
        "var": [0.119659692049, 0.0725113749504, 0.0261965841055],
        "cov": [[0.119974590838, -0.0832056477666, -0.0367689691484], [-0.0832056477666, 0.0727021917701, 0.0105034196749], [-0.0367689691484, 0.0105034196749, 0.0262655224651]]
    }
},
"tonal": {
    "chords_changes_rate": 0.0942408367991,
    "chords_number_rate": 0.0366492159665,
    "chords_strength": {
        "kurt": -0.63792681694,
        "max": 0.681144893169,
        "mean": 0.505353152752,
        "median": 0.510408878326,
        "min": 0.294074714184,
        "skew": -0.338531523943,
        "var": 0.00756071554497
    },
    "key_strength": 0.593133091927,
    "tuning_diatonic_strength": 0.688255906105,
    "tuning_equal_tempered_deviation": 0.28168463707,
    "tuning_frequency": 452.37008667,
    "tuning_nontempered_energy_ratio": 0.916383445263,
    "hpcp": {
        "kurt": [11.1867952347, 9.47494506836, 6.62676525116, 3.20672893524, 1.11280012131, 1.06980133057, 1.21236181259, 0.686400651932, 2.97389698029, 5.60913562775, 5.29924678802, 2.35244607925, 2.59536266327, 1.69212055206, 2.76323509216, 5.12773990631, 4.20944404602, 3.87273836136, 1.284760952, 0.207880735397, 1.6304473877, 7.5723400116, 5.05839920044, 4.89256381989, 5.01630687714, 3.52694129944, 3.65618085861, 5.50288486481, 5.03910064697, 6.62654876709, 6.03294754028, 6.99002552032, 8.0195646286, 10.0055160522, 9.21232891083, 13.0617103577],
        "max": [1, 1, 1, 1, 1, 1, 1, 1, 1, 1, 1, 1, 1, 1, 1, 1, 1, 1, 1, 1, 1, 1, 1, 1, 1, 1, 1, 1, 1, 1, 0.997390806675, 1, 1, 1, 1, 1],
        "mean": [0.0873825922608, 0.0946254953742, 0.119473494589, 0.177094146609, 0.220773145556, 0.221832111478, 0.228132709861, 0.232868880033, 0.173771247268, 0.126314640045, 0.13146610558, 0.163197577, 0.182894468307, 0.191504955292, 0.169895008206, 0.133151143789, 0.143137007952, 0.156105026603, 0.203075513244, 0.24290895462, 0.176584169269, 0.116102546453, 0.132832795382, 0.13680356741, 0.138235330582, 0.157992810011, 0.153413280845, 0.13723757863, 0.129304096103, 0.114189557731, 0.105910524726, 0.119181469083, 0.115664638579, 0.10695387423, 0.0975637361407, 0.0814458653331],
