{
"metadata": {
    "version": {
        "essentia": "2.1-beta3"
    }
},
"lowLevel": {
    "average_loudness": 0.857724487782,
    "barkbands_kurtosis": {
        "kurt": 6.94374656677,
        "max": 44.7645835876,
        "mean": 4.77365350723,
        "median": 2.71628427505,
        "min": -1.65587329865,
        "skew": 2.37783694267,
        "var": 46.5165176392
    },
    "barkbands_skewness": {
        "kurt": 1.06012582779,
        "max": 5.2499833107,
        "mean": 1.28090524673,
        "median": 1.17486774921,
        "min": -1.37698638439,
        "skew": 0.838506340981,
        "var": 0.978809177876
    },
    "barkbands_spread": {
        "kurt": 3.77425289154,
        "max": 52.1108932495,
        "mean": 9.51925945282,
        "median": 7.24175977707,
        "min": 0.784310162067,
        "skew": 1.50708973408,
        "var": 50.8085861206
    },
    "dissonance": {
        "kurt": 3.47785806656,
        "max": 0.499999016523,
        "mean": 0.454178601503,
        "median": 0.468820005655,
        "min": 0.221319511533,
        "skew": -1.72891008854,
        "var": 0.00197513727471
    },
    "hfc": {
        "kurt": 9.01440048218,
        "max": 89.6579208374,
        "mean": 6.2043390274,
        "median": 0.0241390857846,
        "min": 1.15468276759e-13,
        "skew": 3.07304000854,
        "var": 258.948944092
    },
    "pitch": {
        "kurt": 37.9239425659,
        "max": 3805.81347656,
        "mean": 488.613891602,
        "median": 532.015380859,
        "min": 54.6914482117,
        "skew": 5.08261060715,
        "var": 139529.390625
    },
    "pitch_instantaneous_confidence": {
        "kurt": -0.526442050934,
        "max": 0.890799880028,
        "mean": 0.440990805626,
        "median": 0.406032621861,
        "min": 0.13978177309,
        "skew": 0.580995738506,
        "var": 0.0286258738488
    },
    "pitch_salience": {
        "kurt": 2.17754936218,
        "max": 0.938680529594,
        "mean": 0.677800953388,
        "median": 0.697824418545,
        "min": 0.247113391757,
        "skew": -1.23646104336,
        "var": 0.0100167533383
    },
    "silence_rate_20dB": {
        "kurt": 0,
        "max": 1,
        "mean": 1,
        "median": 1,
        "min": 1,
        "skew": 0,
        "var": 0
    },
    "silence_rate_30dB": {
        "kurt": 0,
        "max": 1,
        "mean": 1,
        "median": 1,
        "min": 1,
        "skew": 0,
        "var": 0
    },
    "silence_rate_60dB": {
        "kurt": -0.637835502625,
        "max": 1,
        "mean": 0.752009212971,
        "median": 1,
        "min": 0,
        "skew": -1.16712594032,
        "var": 0.186491385102
    },
    "spectral_centroid": {
        "kurt": 3.39223241806,
        "max": 2569.75512695,
        "mean": 803.159484863,
        "median": 718.07611084,
        "min": 247.136062622,
        "skew": 1.45971822739,
        "var": 109191.367188
    },
    "spectral_complexity": {
        "kurt": 3.26942300797,
        "max": 35,
        "mean": 4.4339838028,
        "median": 0,
        "min": 0,
        "skew": 2.06643795967,
        "var": 68.0940475464
    },
    "spectral_crest": {
        "kurt": -0.000491619110107,
        "max": 24.7656879425,
        "mean": 10.2447834015,
        "median": 9.22203159332,
        "min": 2.79832077026,
        "skew": 0.80442994833,
        "var": 21.5615501404
    },
    "spectral_decrease": {
        "kurt": 7.43173122406,
        "max": -4.69682765813e-23,
        "mean": -1.87104132188e-09,
        "median": -7.35922434103e-12,
        "min": -2.60231320937e-08,
        "skew": -2.81391072273,
        "var": 2.04752364441e-17
    },
    "spectral_energy": {
        "kurt": 7.49757766724,
        "max": 0.106111362576,
        "mean": 0.00762449204922,
        "median": 2.96782618534e-05,
        "min": 1.87742523418e-16,
        "skew": 2.82674813271,
        "var": 0.000342880462995
    },
    "spectral_energyband_high": {
        "kurt": 26.6476917267,
        "max": 0.000364021601854,
        "mean": 1.23931458802e-05,
        "median": 9.05409507368e-08,
        "min": 6.28629182759e-18,
        "skew": 4.822078228,
        "var": 1.7780279471e-09
    },
    "spectral_energyband_low": {
        "kurt": 16.6601524353,
        "max": 9.95712762233e-05,
        "mean": 5.56702389076e-06,
        "median": 2.54412356071e-07,
        "min": 5.45452888259e-17,
        "skew": 3.92802166939,
        "var": 2.03048675096e-10
    },
    "spectral_energyband_middle_high": {
        "kurt": 14.4029026031,
        "max": 0.0452952347696,
        "mean": 0.00210094847716,
        "median": 7.44562794353e-06,
        "min": 2.05863780856e-17,
        "skew": 3.73000144958,
        "var": 3.9695387386e-05
    },
    "spectral_energyband_middle_low": {
        "kurt": 9.21064949036,
        "max": 0.0889678150415,
        "mean": 0.00567842973396,
        "median": 1.5957532014e-05,
        "min": 1.063522591e-16,
        "skew": 2.99097132683,
        "var": 0.000186663019122
    },
    "spectral_flatness_db": {
        "kurt": -1.0553560257,
        "max": 0.414651572704,
        "mean": 0.234402656555,
        "median": 0.221152454615,
        "min": 0.083899050951,
        "skew": 0.25287052989,
        "var": 0.00501543609425
    },
    "spectral_flux": {
        "kurt": 2.49885320663,
        "max": 0.256689548492,
        "mean": 0.0331443324685,
        "median": 0.00467230053619,
        "min": 5.94649577579e-07,
        "skew": 1.88536512852,
        "var": 0.00301366578788
    },
    "spectral_kurtosis": {
        "kurt": 2.60038375854,
        "max": 119.683013916,
        "mean": 21.9493637085,
        "median": 16.1950016022,
        "min": -0.254450559616,
        "skew": 1.45269095898,
        "var": 265.580657959
    },
    "spectral_rms": {
        "kurt": 2.70549058914,
        "max": 0.0101746385917,
        "mean": 0.00138436653651,
        "median": 0.000170159924892,
        "min": 4.27975987982e-10,
        "skew": 1.9558930397,
        "var": 5.52205437998e-06
    },
    "spectral_rolloff": {
        "kurt": 1.22465753555,
        "max": 4069.77539062,
        "mean": 1215.20410156,
        "median": 925.927734375,
        "min": 322.998046875,
        "skew": 1.28225541115,
        "var": 501958.28125
    },
    "spectral_skewness": {
        "kurt": -0.073823928833,
        "max": 8.27324485779,
        "mean": 3.38167452812,
        "median": 3.08209872246,
        "min": 0.659867942333,
        "skew": 0.697146296501,
        "var": 1.59880185127
    },
    "spectral_spread": {
        "kurt": 24.1258449554,
        "max": 14095814,
        "mean": 2421406.25,
        "median": 2299175.25,
        "min": 832252.125,
        "skew": 2.93380951881,
        "var": 983169040384
    },
    "spectral_strongpeak": {
        "kurt": 13.3948402405,
        "max": 7.55286407471,
        "mean": 0.438332557678,
        "median": 0.0375172495842,
        "min": 2.39122268653e-08,
        "skew": 3.32773375511,
        "var": 0.827984631062
    },
    "zerocrossingrate": {
        "kurt": 61.2784500122,
        "max": 0.3544921875,
        "mean": 0.0436762236059,
        "median": 0.0380859375,
        "min": 0.01611328125,
        "skew": 4.83560419083,
        "var": 0.000418337120209
    },
    "barkbands": {
        "kurt": [36.357711792, 43.8557395935, 12.0485572815, 16.6221427917, 30.4782447815, 81.6104736328, 95.8600921631, 37.243309021, 26.8996887207, 40.1998252869, 27.1929988861, 23.3159179688, 47.5263137817, 46.963886261, 30.9864654541, 38.8182449341, 52.4094963074, 60.5003204346, 50.8470726013, 43.2993469238, 33.9782524109, 40.692363739, 90.8435745239, 45.4078063965, 48.8993873596, 44.1206550598, 49.8259468079],
        "max": [4.00634689868e-08, 6.04452907282e-06, 3.2828298572e-05, 0.000151305910549, 0.00121292471886, 0.00365917151794, 0.0368087254465, 0.0562954470515, 0.085552111268, 0.0328799001873, 0.011368772015, 0.00746647641063, 0.0134296575561, 0.00659991800785, 0.00545716797933, 0.00574852991849, 0.00275347917341, 0.00181848590728, 0.000478429719806, 0.000338003388606, 0.000215429026866, 0.000124691970996, 2.2993546736e-05, 3.8379362195e-06, 2.72940701507e-06, 1.17147557432e-07, 1.22376411227e-08],
        "mean": [1.74437320144e-09, 2.11005342976e-07, 1.90582090909e-06, 7.24509618522e-06, 4.16610018874e-05, 7.58294481784e-05, 0.000646392523777, 0.00166236364748, 0.00283587258309, 0.000842342735268, 0.000369311601389, 0.0002658473677, 0.000290827272693, 0.000164371784194, 0.000157075744937, 0.000139927622513, 5.74665391468e-05, 3.80412056984e-05, 1.01576679299e-05, 8.00331235951e-06, 6.29168425803e-06, 2.88310116048e-06, 3.34436037974e-07, 8.08384612583e-08, 5.37039532844e-08, 2.69641309281e-09, 2.79602757614e-10],
        "median": [5.93918858538e-10, 4.95490972696e-08, 9.95957876171e-08, 1.61132106768e-07, 9.68510221355e-07, 3.88417817021e-07, 1.00969998584e-06, 3.14084650199e-06, 3.37745359502e-06, 2.27834880207e-06, 7.50170329411e-07, 1.18525440485e-06, 7.50200172206e-07, 1.63949337662e-07, 2.55527709214e-07, 7.58786029564e-07, 5.18360025126e-07, 1.73238021262e-07, 5.05880706214e-08, 5.68187950023e-08, 3.35160983411e-08, 1.3573671076e-08, 2.40447217692e-09, 6.67956134848e-10, 3.14976933424e-10, 1.10349186386e-11, 1.06758850892e-12],
        "min": [2.03842416136e-17, 3.20591151013e-17, 2.46620694308e-18, 2.95199816407e-17, 4.24952756956e-17, 2.31450594784e-17, 3.58184053127e-18, 4.32607974381e-18, 2.89087464532e-18, 8.94799215509e-19, 6.71767851115e-19, 1.48541661603e-18, 1.57607964367e-18, 1.32078616743e-18, 1.12915033979e-18, 1.77992662171e-18, 4.40235034578e-19, 3.54893239138e-18, 3.1467720668e-18, 5.81042350658e-18, 4.04956153684e-18, 6.02151503582e-19, 1.41307664708e-19, 1.16628563111e-19, 7.96675419408e-20, 3.49657678291e-20, 3.51459736492e-20],
        "skew": [5.1278834343, 5.79045057297, 3.36158847809, 4.03584098816, 5.03652095795, 7.31753587723, 8.6419878006, 5.11863946915, 4.75697612762, 5.82483196259, 4.82226514816, 4.57541418076, 6.06394767761, 6.19774484634, 5.22781896591, 5.80937385559, 6.24806165695, 6.94256639481, 6.39774703979, 6.02497673035, 5.32448768616, 5.69962024689, 8.41523742676, 5.9609079361, 6.51866579056, 6.1173210144, 5.95306444168],
        "var": [1.22801000352e-17, 2.77663688483e-13, 2.03336548987e-11, 4.57500398676e-10, 1.45023042464e-08, 5.48012586421e-08, 6.59302395434e-06, 2.08892488445e-05, 8.61451408127e-05, 9.33633873501e-06, 1.54838232902e-06, 7.83782866165e-07, 1.1495135368e-06, 4.00327706984e-07, 3.48930797145e-07, 3.23163476423e-07, 4.34011582229e-08, 2.26923067004e-08, 1.5796022268e-09, 9.56893675408e-10, 5.00323837915e-10, 1.11189946139e-10, 2.46115411037e-12, 9.50596209821e-14, 5.62269618343e-14, 1.12079002534e-16, 8.17454467814e-19],
        "cov": [[1.22942150452e-17, 1.02220564732e-16, -7.39756489182e-16, -6.80853023937e-16, 8.15944398635e-14, 3.36371392979e-13, 3.0460579805e-12, 5.57852852454e-12, 1.66588166872e-11, 4.19697696735e-12, 1.8960117764e-12, 1.72708527167e-12, 1.71800030799e-12, 7.37333479862e-13, 8.81179298366e-13, 7.53895101728e-13, 3.33791181544e-13, 1.98877684611e-13, 5.98503858236e-14, 3.71419102343e-14, 3.30294670195e-14, 1.77955455818e-14, 1.86861842087e-15, 4.43502004259e-16, 3.07162575218e-16, 1.11893416292e-17, 9.81156251074e-19], [1.02220564732e-16, 2.77982850497e-13, 1.14404601244e-12, -2.41122090827e-13, 3.39248247549e-12, 3.10173653255e-12, 4.35238858842e-11, 1.91174479025e-10, 2.52516590971e-10, 3.66449093292e-11, 1.9292489481e-11, 2.28017205811e-11, 1.08972986884e-11, 8.66497585489e-12, 8.10873243551e-12, 1.45178686781e-11, 4.91983710715e-12, 2.20455142856e-12, 4.4736032912e-13, 5.08955616367e-13, 5.79628738669e-13, 1.66966253649e-13, 1.99481171869e-14, 7.58813872875e-15, 3.72801985273e-15, 2.35542577865e-16, 3.12564554309e-17], [-7.39756489182e-16, 1.14404601244e-12, 2.03570268281e-11, 3.23855317563e-11, 2.46889505368e-11, -2.61633527343e-11, -3.00060115643e-10, 3.11775778805e-11, -1.10075526472e-09, -5.04601749274e-10, -2.56343640759e-10, -1.29882896105e-10, -2.03733835358e-10, -1.13854314865e-10, -9.45343872627e-11, -4.55289903001e-11, -2.95508929826e-11, -2.00943862244e-11, -6.86220004431e-12, -5.44789517318e-12, -2.81314901929e-12, -1.49019858953e-12, -2.32809946451e-13, -3.27080044635e-14, -2.66630962372e-14, -3.98167980359e-16, 4.6900660967e-18], [-6.80853023937e-16, -2.41122090827e-13, 3.23855317563e-11, 4.58026255812e-10, 2.35747560362e-10, 6.72090161302e-12, -3.0745048174e-10, 6.05826055988e-09, -7.42583505797e-09, -2.79459100305e-09, -1.42178324669e-09, -9.8666030901e-10, -1.09876341359e-09, -6.73557931652e-10, -5.91612370204e-10, -4.81409356823e-10, -1.46308465343e-10, -1.00970877492e-10, -4.30919432082e-11, -3.12774250943e-11, -2.37918990065e-11, -9.77348670744e-12, -1.16050528562e-12, -2.75867572059e-13, -1.80234069314e-13, -5.5175234905e-15, -1.86565478494e-16], [8.15944398635e-14, 3.39248247549e-12, 2.46889505368e-11, 2.35747560362e-10, 1.4518973579e-08, 9.06421515623e-09, 4.98014465222e-08, 2.57034884044e-07, 1.46582976868e-07, 3.02958547138e-08, 1.08199884608e-08, 8.11149192259e-09, 1.14680478447e-08, 2.73518319105e-09, 1.4572960616e-09, 4.29946522829e-09, 2.88273027671e-09, 2.3032498131e-09, 1.57795776445e-10, 7.54524220881e-11, 2.30560945336e-10, 7.83321671416e-11, 3.05678252892e-13, 2.65575864251e-12, 9.8497100233e-13, 8.33172913257e-14, 2.36968529245e-14], [3.36371392979e-13, 3.10173653255e-12, -2.61633527343e-11, 6.72090161302e-12, 9.06421515623e-09, 5.48642482556e-08, 3.77841303134e-07, 4.5956574013e-07, 6.78760954997e-07, 1.9086748182e-07, 1.06481799378e-07, 6.58537189224e-08, 6.92865427254e-08, 3.89894410091e-08, 3.44717356882e-08, 2.94136750512e-08, 1.50997561121e-08, 1.01559010091e-08, 2.5506130541e-09, 1.61028634871e-09, 1.60744528799e-09, 6.92261636903e-10, 6.05921007812e-11, 1.79937020145e-11, 8.65425699853e-12, 4.71158593911e-13, 6.58903134962e-14], [3.0460579805e-12, 4.35238858842e-11, -3.00060115643e-10, -3.0745048174e-10, 4.98014465222e-08, 3.77841303134e-07, 6.60060186419e-06, 3.96086625187e-06, 3.97984285883e-06, 1.64709615547e-06, 1.07622099677e-06, 6.71147972753e-07, 6.22696916253e-07, 3.70672410099e-07, 3.14567273563e-07, 2.19780886823e-07, 9.81708936365e-08, 4.75345558471e-08, 1.75303185301e-08, 1.42288447691e-08, 1.31138548909e-08, 5.10284436928e-09, 5.15848197491e-10, 1.19231111095e-10, 6.83961359771e-11, 3.16702501897e-12, 5.9213560704e-13], [5.57852852454e-12, 1.91174479025e-10, 3.11775778805e-11, 6.05826055988e-09, 2.57034884044e-07, 4.5956574013e-07, 3.96086625187e-06, 2.09132595046e-05, 1.400232577e-05, 2.99067801279e-06, 1.89714137377e-06, 1.39978101288e-06, 1.39112307806e-06, 7.96542337866e-07, 7.24960045773e-07, 6.65244442644e-07, 3.52797542291e-07, 2.35888620637e-07, 4.34969216201e-08, 3.4791085568e-08, 3.81209552813e-08, 1.33903856891e-08, 1.00751229581e-09, 3.81323805865e-10, 1.80625028823e-10, 1.21777293111e-11, 1.97363284569e-12], [1.66588166872e-11, 2.52516590971e-10, -1.10075526472e-09, -7.42583505797e-09, 1.46582976868e-07, 6.78760954997e-07, 3.97984285883e-06, 1.400232577e-05, 8.62441593199e-05, 1.62564174389e-05, 7.09778214514e-06, 5.91264142713e-06, 5.73436773266e-06, 3.55876045433e-06, 4.11856399296e-06, 3.34799642587e-06, 1.26393717892e-06, 8.00683778834e-07, 2.3700930285e-07, 1.74157321453e-07, 1.34519993367e-07, 7.11447967205e-08, 8.97980800829e-09, 1.87514226369e-09, 1.49636358859e-09, 6.10003644819e-11, 4.33117127233e-12], [4.19697696735e-12, 3.66449093292e-11, -5.04601749274e-10, -2.79459100305e-09, 3.02958547138e-08, 1.9086748182e-07, 1.64709615547e-06, 2.99067801279e-06, 1.62564174389e-05, 9.347069863e-06, 2.33315608966e-06, 1.73854368768e-06, 1.9703406906e-06, 1.23731047097e-06, 1.19979017654e-06, 1.10388361918e-06, 3.86900609328e-07, 2.66676636329e-07, 7.50299520291e-08, 6.36860733039e-08, 4.07152569437e-08, 2.26505623147e-08, 3.08343417466e-09, 6.16582507273e-10, 5.090502464e-10, 2.42650916721e-11, 1.42562394181e-12], [1.8960117764e-12, 1.9292489481e-11, -2.56343640759e-10, -1.42178324669e-09, 1.08199884608e-08, 1.06481799378e-07, 1.07622099677e-06, 1.89714137377e-06, 7.09778214514e-06, 2.33315608966e-06, 1.55016209646e-06, 8.32423893371e-07, 7.2844989063e-07, 4.500575983e-07, 4.69788915325e-07, 3.56922782885e-07, 1.28270997379e-07, 8.83036008759e-08, 3.11199066516e-08, 2.46434108675e-08, 1.436118513e-08, 8.49239256695e-09, 1.14958476072e-09, 1.93262794657e-10, 1.47971468412e-10, 7.2270557594e-12, 6.11117656046e-13], [1.72708527167e-12, 2.28017205811e-11, -1.29882896105e-10, -9.8666030901e-10, 8.11149192259e-09, 6.58537189224e-08, 6.71147972753e-07, 1.39978101288e-06, 5.91264142713e-06, 1.73854368768e-06, 8.32423893371e-07, 7.84683777511e-07, 6.76481135997e-07, 3.8201014263e-07, 3.91268713429e-07, 3.25031152215e-07, 1.16188523691e-07, 7.69520482891e-08, 2.56992578329e-08, 1.83950508159e-08, 1.31087789512e-08, 7.17153314511e-09, 9.31820953731e-10, 1.65327612711e-10, 1.33385302803e-10, 6.02115362777e-12, 4.50650692978e-13], [1.71800030799e-12, 1.08972986884e-11, -2.03733835358e-10, -1.09876341359e-09, 1.14680478447e-08, 6.92865427254e-08, 6.22696916253e-07, 1.39112307806e-06, 5.73436773266e-06, 1.9703406906e-06, 7.2844989063e-07, 6.76481135997e-07, 1.15083480523e-06, 4.6735323167e-07, 4.75247389886e-07, 4.31208803775e-07, 1.50043661051e-07, 9.00341703414e-08, 2.88857364694e-08, 2.35242314517e-08, 1.62777915591e-08, 7.19739023936e-09, 1.10486997329e-09, 2.20003668061e-10, 1.53765208899e-10, 6.84689501276e-12, 5.0584287193e-13], [7.37333479862e-13, 8.66497585489e-12, -1.13854314865e-10, -6.73557931652e-10, 2.73518319105e-09, 3.89894410091e-08, 3.70672410099e-07, 7.96542337866e-07, 3.55876045433e-06, 1.23731047097e-06, 4.500575983e-07, 3.8201014263e-07, 4.6735323167e-07, 4.0078785446e-07, 2.58221916738e-07, 2.69752604254e-07, 1.05104476233e-07, 6.87216896722e-08, 1.67163740628e-08, 1.41036293755e-08, 9.90282700286e-09, 4.30419744291e-09, 6.41585617966e-10, 1.36534672457e-10, 9.82093989466e-11, 4.76021609283e-12, 3.23881763423e-13], [8.81179298366e-13, 8.10873243551e-12, -9.45343872627e-11, -5.91612370204e-10, 1.4572960616e-09, 3.44717356882e-08, 3.14567273563e-07, 7.24960045773e-07, 4.11856399296e-06, 1.19979017654e-06, 4.69788915325e-07, 3.91268713429e-07, 4.75247389886e-07, 2.58221916738e-07, 3.49331884308e-07, 2.64420719986e-07, 8.67945715299e-08, 5.71072611422e-08, 1.75207617303e-08, 1.34811326546e-08, 9.60544088713e-09, 4.9784714129e-09, 7.45529082913e-10, 1.43545564324e-10, 1.07534425808e-10, 4.48057259697e-12, 2.8831497194e-13], [7.53895101728e-13, 1.45178686781e-11, -4.55289903001e-11, -4.81409356823e-10, 4.29946522829e-09, 2.94136750512e-08, 2.19780886823e-07, 6.65244442644e-07, 3.34799642587e-06, 1.10388361918e-06, 3.56922782885e-07, 3.25031152215e-07, 4.31208803775e-07, 2.69752604254e-07, 2.64420719986e-07, 3.23534948166e-07, 9.68369562315e-08, 6.3399568262e-08, 1.51460906039e-08, 1.15378693266e-08, 9.16480047408e-09, 4.29896296339e-09, 6.45126063681e-10, 1.45457867973e-10, 1.09409745153e-10, 4.54621670171e-12, 2.88734531076e-13], [3.33791181544e-13, 4.91983710715e-12, -2.95508929826e-11, -1.46308465343e-10, 2.88273027671e-09, 1.50997561121e-08, 9.81708936365e-08, 3.52797542291e-07, 1.26393717892e-06, 3.86900609328e-07, 1.28270997379e-07, 1.16188523691e-07, 1.50043661051e-07, 1.05104476233e-07, 8.67945715299e-08, 9.68369562315e-08, 4.34510454284e-08, 2.66115005587e-08, 5.34659072571e-09, 3.86156084886e-09, 3.56433083049e-09, 1.48018486357e-09, 1.921700854e-10, 5.08145261979e-11, 3.43350625709e-11, 1.51273665903e-12, 9.72988711627e-14], [1.98877684611e-13, 2.20455142856e-12, -2.00943862244e-11, -1.00970877492e-10, 2.3032498131e-09, 1.01559010091e-08, 4.75345558471e-08, 2.35888620637e-07, 8.00683778834e-07, 2.66676636329e-07, 8.83036008759e-08, 7.69520482891e-08, 9.00341703414e-08, 6.87216896722e-08, 5.71072611422e-08, 6.3399568262e-08, 2.66115005587e-08, 2.27183889479e-08, 3.38021277635e-09, 2.55001331162e-09, 2.51944021201e-09, 1.02893793485e-09, 1.18356810463e-10, 3.48112857984e-11, 2.0421555072e-11, 1.0057081036e-12, 6.6499452158e-14], [5.98503858236e-14, 4.4736032912e-13, -6.86220004431e-12, -4.30919432082e-11, 1.57795776445e-10, 2.5506130541e-09, 1.75303185301e-08, 4.34969216201e-08, 2.3700930285e-07, 7.50299520291e-08, 3.11199066516e-08, 2.56992578329e-08, 2.88857364694e-08, 1.67163740628e-08, 1.75207617303e-08, 1.51460906039e-08, 5.34659072571e-09, 3.38021277635e-09, 1.58141788553e-09, 9.28856991322e-10, 5.2646453863e-10, 2.9203417462e-10, 5.0152590414e-11, 6.95896552189e-12, 6.13115070866e-12, 2.57641184862e-13, 1.77709816264e-14], [3.71419102343e-14, 5.08955616367e-13, -5.44789517318e-12, -3.12774250943e-11, 7.54524220881e-11, 1.61028634871e-09, 1.42288447691e-08, 3.4791085568e-08, 1.74157321453e-07, 6.36860733039e-08, 2.46434108675e-08, 1.83950508159e-08, 2.35242314517e-08, 1.41036293755e-08, 1.34811326546e-08, 1.15378693266e-08, 3.86156084886e-09, 2.55001331162e-09, 9.28856991322e-10, 9.57993462336e-10, 4.80598338903e-10, 2.24226151535e-10, 3.90651989923e-11, 5.94293624728e-12, 5.01350306756e-12, 2.45719460404e-13, 1.62564223422e-14], [3.30294670195e-14, 5.79628738669e-13, -2.81314901929e-12, -2.37918990065e-11, 2.30560945336e-10, 1.60744528799e-09, 1.31138548909e-08, 3.81209552813e-08, 1.34519993367e-07, 4.07152569437e-08, 1.436118513e-08, 1.31087789512e-08, 1.62777915591e-08, 9.90282700286e-09, 9.60544088713e-09, 9.16480047408e-09, 3.56433083049e-09, 2.51944021201e-09, 5.2646453863e-10, 4.80598338903e-10, 5.00898933442e-10, 1.83369791573e-10, 1.91987363507e-11, 5.36761347175e-12, 3.32763287411e-12, 1.59915483633e-13, 1.08074636276e-14], [1.77955455818e-14, 1.66966253649e-13, -1.49019858953e-12, -9.77348670744e-12, 7.83321671416e-11, 6.92261636903e-10, 5.10284436928e-09, 1.33903856891e-08, 7.11447967205e-08, 2.26505623147e-08, 8.49239256695e-09, 7.17153314511e-09, 7.19739023936e-09, 4.30419744291e-09, 4.9784714129e-09, 4.29896296339e-09, 1.48018486357e-09, 1.02893793485e-09, 2.9203417462e-10, 2.24226151535e-10, 1.83369791573e-10, 1.11317746687e-10, 1.24444291677e-11, 2.45178248363e-12, 1.81791289921e-12, 8.04747503987e-14, 4.94369339709e-15], [1.86861842087e-15, 1.99481171869e-14, -2.32809946451e-13, -1.16050528562e-12, 3.05678252892e-13, 6.05921007812e-11, 5.15848197491e-10, 1.00751229581e-09, 8.97980800829e-09, 3.08343417466e-09, 1.14958476072e-09, 9.31820953731e-10, 1.10486997329e-09, 6.41585617966e-10, 7.45529082913e-10, 6.45126063681e-10, 1.921700854e-10, 1.18356810463e-10, 5.0152590414e-11, 3.90651989923e-11, 1.91987363507e-11, 1.24444291677e-11, 2.46398301068e-12, 3.08820812889e-13, 2.79196533514e-13, 1.14492494803e-14, 7.31582197725e-16], [4.43502004259e-16, 7.58813872875e-15, -3.27080044635e-14, -2.75867572059e-13, 2.65575864251e-12, 1.79937020145e-11, 1.19231111095e-10, 3.81323805865e-10, 1.87514226369e-09, 6.16582507273e-10, 1.93262794657e-10, 1.65327612711e-10, 2.20003668061e-10, 1.36534672457e-10, 1.43545564324e-10, 1.45457867973e-10, 5.08145261979e-11, 3.48112857984e-11, 6.95896552189e-12, 5.94293624728e-12, 5.36761347175e-12, 2.45178248363e-12, 3.08820812889e-13, 9.5168881456e-14, 5.63712996367e-14, 2.27230352386e-15, 1.25849667144e-16], [3.07162575218e-16, 3.72801985273e-15, -2.66630962372e-14, -1.80234069314e-13, 9.8497100233e-13, 8.65425699853e-12, 6.83961359771e-11, 1.80625028823e-10, 1.49636358859e-09, 5.090502464e-10, 1.47971468412e-10, 1.33385302803e-10, 1.53765208899e-10, 9.82093989466e-11, 1.07534425808e-10, 1.09409745153e-10, 3.43350625709e-11, 2.0421555072e-11, 6.13115070866e-12, 5.01350306756e-12, 3.32763287411e-12, 1.81791289921e-12, 2.79196533514e-13, 5.63712996367e-14, 5.62915904482e-14, 2.07215641469e-15, 1.08357636072e-16], [1.11893416292e-17, 2.35542577865e-16, -3.98167980359e-16, -5.5175234905e-15, 8.33172913257e-14, 4.71158593911e-13, 3.16702501897e-12, 1.21777293111e-11, 6.10003644819e-11, 2.42650916721e-11, 7.2270557594e-12, 6.02115362777e-12, 6.84689501276e-12, 4.76021609283e-12, 4.48057259697e-12, 4.54621670171e-12, 1.51273665903e-12, 1.0057081036e-12, 2.57641184862e-13, 2.45719460404e-13, 1.59915483633e-13, 8.04747503987e-14, 1.14492494803e-14, 2.27230352386e-15, 2.07215641469e-15, 1.12207830951e-16, 6.55249302437e-18], [9.81156251074e-19, 3.12564554309e-17, 4.6900660967e-18, -1.86565478494e-16, 2.36968529245e-14, 6.58903134962e-14, 5.9213560704e-13, 1.97363284569e-12, 4.33117127233e-12, 1.42562394181e-12, 6.11117656046e-13, 4.50650692978e-13, 5.0584287193e-13, 3.23881763423e-13, 2.8831497194e-13, 2.88734531076e-13, 9.72988711627e-14, 6.6499452158e-14, 1.77709816264e-14, 1.62564223422e-14, 1.08074636276e-14, 4.94369339709e-15, 7.31582197725e-16, 1.25849667144e-16, 1.08357636072e-16, 6.55249302437e-18, 8.18394041593e-19]]
    },
    "mfcc": {
        "kurt": [-0.600085735321, -1.34837114811, -0.302110433578, -0.470814466476, 0.0539665222168, -0.709543704987, -0.726226091385, 0.827630758286, 0.00755429267883, 0.0432205200195, -0.234475374222, 0.0809738636017, 0.92548084259],
        "max": [-624.221496582, 216.632995605, 58.1318092346, 27.8819160461, 18.4180450439, 11.5990753174, 22.4814186096, 23.123041153, 35.6964149475, 21.9339466095, 22.5927696228, 24.6663532257, 22.4449462891],
        "mean": [-950.552185059, 114.117965698, -22.8507556915, -18.7979373932, -21.9134254456, -21.2040901184, -17.398563385, -2.76630759239, 4.12280988693, -7.16745996475, -4.29502868652, -0.426531016827, -5.60540533066],
        "median": [-987.190185547, 98.8196182251, -12.96925354, -19.6686668396, -15.4811820984, -19.5695419312, -13.5043411255, -1.03845214844, 4.20161437988, -6.89030456543, -4.2713432312, -0.723148345947, -5.22115325928],
        "min": [-1138.42004395, 1.14440917969e-05, -157.520233154, -75.0199661255, -95.6075744629, -66.7271728516, -64.488494873, -53.5428924561, -25.5503387451, -37.2248458862, -25.5147762299, -27.9521980286, -34.9813346863],
        "skew": [0.698642015457, 0.140426635742, -0.777842104435, 0.0252272300422, -0.949543476105, -0.293014883995, -0.297718644142, -0.835774540901, -0.00595730124041, -0.127522930503, 0.0195351783186, 0.10380268842, -0.237720534205],
        "var": [19026.7128906, 3220.25976562, 2323.71508789, 413.30291748, 581.437133789, 206.869888306, 254.80279541, 146.734542847, 71.8769454956, 93.8062820435, 67.0410919189, 70.7334365845, 72.3958206177],
        "cov": [[19048.5820312, 6242.26025391, -5942.50976562, -1963.47827148, -2823.10888672, -1367.70446777, -1609.49169922, -903.175415039, 72.884979248, -357.491760254, 471.65625, 124.392295837, -290.473846436], [6242.26025391, 3223.96118164, -1453.52746582, -796.394836426, -818.394348145, -677.954406738, -688.336608887, -283.324829102, 2.55584764481, -206.684448242, 141.176361084, 115.596809387, -105.567565918], [-5942.50976562, -1453.52746582, 2326.38598633, 658.884460449, 910.621032715, 341.580993652, 413.908508301, 278.230682373, -47.5887260437, 89.740020752, -141.802658081, -28.4069423676, 96.5000686646], [-1963.47827148, -796.394836426, 658.884460449, 413.777984619, 323.285919189, 169.051879883, 185.503845215, 72.4724197388, -20.1021556854, 36.6383476257, -41.1943130493, -22.0802669525, 27.0078544617], [-2823.10888672, -818.394348145, 910.621032715, 323.285919189, 582.10546875, 195.862579346, 214.561401367, 190.982635498, 8.05459403992, 27.5678272247, -79.2823638916, 6.68412542343, 34.1049842834], [-1367.70446777, -677.954406738, 341.580993652, 169.051879883, 195.862579346, 207.107666016, 179.951583862, 62.4843254089, 5.52344369888, 51.4740257263, -35.0313987732, -20.6466999054, 34.4344062805], [-1609.49169922, -688.336608887, 413.908508301, 185.503845215, 214.561401367, 179.951583862, 255.095672607, 92.6827850342, 9.29361057281, 82.3227005005, -49.1333465576, -11.2452297211, 50.7263526917], [-903.175415039, -283.324829102, 278.230682373, 72.4724197388, 190.982635498, 62.4843254089, 92.6827850342, 146.903198242, 45.2356529236, 19.4073677063, -19.027256012, 9.47884082794, 16.56640625], [72.884979248, 2.55584764481, -47.5887260437, -20.1021556854, 8.05459403992, 5.52344369888, 9.29361057281, 45.2356529236, 71.959564209, 24.4629707336, 1.49671673775, 24.9673442841, 6.39544534683], [-357.491760254, -206.684448242, 89.740020752, 36.6383476257, 27.5678272247, 51.4740257263, 82.3227005005, 19.4073677063, 24.4629707336, 93.9141082764, 6.39881372452, 0.604492723942, 38.1283760071], [471.65625, 141.176361084, -141.802658081, -41.1943130493, -79.2823638916, -35.0313987732, -49.1333465576, -19.027256012, 1.49671673775, 6.39881372452, 67.1181564331, 18.7491378784, -13.4092435837], [124.392295837, 115.596809387, -28.4069423676, -22.0802669525, 6.68412542343, -20.6466999054, -11.2452297211, 9.47884082794, 24.9673442841, 0.604492723942, 18.7491378784, 70.8147354126, 15.5648336411], [-290.473846436, -105.567565918, 96.5000686646, 27.0078544617, 34.1049842834, 34.4344062805, 50.7263526917, 16.56640625, 6.39544534683, 38.1283760071, -13.4092435837, 15.5648336411, 72.4790344238]]
    },
    "sccoeffs": {
        "kurt": [-0.634049892426, -0.28173160553, 0.619624614716, -0.301475763321, -0.604832649231, 0.498056411743],
        "max": [-0.376914054155, -0.418184757233, -0.534691333771, -0.671358346939, -0.623147010803, -0.63770377636],
        "mean": [-0.720058202744, -0.766409754753, -0.809957146645, -0.831395447254, -0.806470632553, -0.800845563412],
        "median": [-0.75729316473, -0.799527287483, -0.829392015934, -0.834689795971, -0.814081132412, -0.807530760765],
        "min": [-0.942490279675, -0.942285299301, -0.954928398132, -0.96431607008, -0.950105130672, -0.925208032131],
        "skew": [0.652475714684, 0.799796760082, 0.944211244583, 0.431694895029, 0.323361128569, 0.800544917583],
        "var": [0.0143972635269, 0.0136423166841, 0.00581387570128, 0.00280663603917, 0.00453748041764, 0.00194041477516],
        "cov": [[0.0144138112664, 0.0100252330303, 0.00552830751985, 0.00405557220802, 0.00544153433293, 0.00212800782174], [0.0100252330303, 0.0136579973623, 0.00652956729755, 0.00465729366988, 0.00548754492775, 0.00317798834294], [0.00552830751985, 0.00652956729755, 0.00582055840641, 0.00296904542483, 0.00329561508261, 0.00196060515009], [0.00405557220802, 0.00465729366988, 0.00296904542483, 0.00280986214057, 0.00246516545303, 0.00146901130211], [0.00544153433293, 0.00548754492775, 0.00329561508261, 0.00246516545303, 0.00454269628972, 0.00165844825096], [0.00212800782174, 0.00317798834294, 0.00196060515009, 0.00146901130211, 0.00165844825096, 0.00194264517631]]
    },
    "scvalleys": {
        "kurt": [29.1824645996, 1.55945158005, 1.87599802017, 1.49784994125, 3.24541425705, 2.3202829361],
        "max": [-7.89856481552, -4.22358131409, -3.90867567062, -4.76896476746, -6.46652412415, -9.19354915619],
        "mean": [-9.76766777039, -8.1291513443, -8.36689567566, -9.39577579498, -10.7284097672, -13.3891019821],
        "median": [-9.79887008667, -8.70105552673, -8.63972377777, -9.66709136963, -11.0117855072, -13.5907382965],
        "min": [-20.5104007721, -21.822687149, -22.3296699524, -22.3351688385, -22.555727005, -24.5914993286],
        "skew": [-3.12001252174, -0.274544477463, -0.21629075706, -0.118585728109, -0.0390575118363, -0.187268182635],
        "var": [0.824306845665, 4.16545772552, 4.51155662537, 4.50462198257, 2.87087368965, 3.02617955208],
        "cov": [[0.825254321098, 1.4281680584, 1.42813289165, 1.35894632339, 1.02875423431, 1.12998366356], [1.4281680584, 4.17024564743, 4.10646533966, 3.95491862297, 2.88612294197, 3.14088368416], [1.42813289165, 4.10646533966, 4.51674222946, 4.41031885147, 3.34534978867, 3.48210000992], [1.35894632339, 3.95491862297, 4.41031885147, 4.50979995728, 3.43324351311, 3.54135107994], [1.02875423431, 2.88612294197, 3.34534978867, 3.43324351311, 2.8741736412, 2.83125138283], [1.12998366356, 3.14088368416, 3.48210000992, 3.54135107994, 2.83125138283, 3.02965807915]]
    }
},
"rhythm": {
    "beats_loudness": {
        "kurt": -0.556881904602,
        "max": 0.117230921984,
        "mean": 0.0267961788923,
        "median": 0.00120270054322,
        "min": 4.72116397532e-07,
        "skew": 0.851407110691,
        "var": 0.00112616934348
    },
    "bpm": 120.211364746,
    "confidence": 0.928177833557,
    "first_peak_bpm": {
        "kurt": 0,
        "max": 120,
        "mean": 120,
        "median": 120,
        "min": 120,
        "skew": 0,
        "var": 0
    },
    "first_peak_spread": {
        "kurt": 0,
        "max": 0.400000035763,
        "mean": 0.400000035763,
        "median": 0.400000035763,
        "min": 0.400000035763,
        "skew": 0,
        "var": 0
    },
    "first_peak_weight": {
        "kurt": 0,
        "max": 0.157894730568,
        "mean": 0.157894730568,
        "median": 0.157894730568,
        "min": 0.157894730568,
        "skew": 0,
        "var": 0
    },
    "onset_rate": 1.88198244572,
    "second_peak_bpm": {
        "kurt": 0,
        "max": 108,
        "mean": 108,
        "median": 108,
        "min": 108,
        "skew": 0,
        "var": 0
    },
    "second_peak_spread": {
        "kurt": 0,
        "max": 0.666666686535,
        "mean": 0.666666686535,
        "median": 0.666666686535,
        "min": 0.666666686535,
        "skew": 0,
        "var": 0
    },
    "second_peak_weight": {
        "kurt": 0,
        "max": 0.105263158679,
        "mean": 0.105263158679,
        "median": 0.105263158679,
        "min": 0.105263158679,
        "skew": 0,
        "var": 0
    },
    "beats_loudness_band_ratio": {
        "kurt": [0.655043840408, 2.8435382843, -1.07014393806, -0.374476909637, 8.16791725159, 27.9713420868],
        "max": [0.233838140965, 0.650617599487, 0.947508871555, 0.516891419888, 0.491927653551, 0.26000264287],
        "mean": [0.0518347918987, 0.108997918665, 0.595918416977, 0.188158348203, 0.0848882347345, 0.014606622979],
        "median": [0.0181943513453, 0.034119579941, 0.677742779255, 0.158109009266, 0.0605071932077, 0.00418950151652],
        "min": [3.94707712985e-05, 0.0012873634696, 0.0783612653613, 0.0263730306178, 0.00457384856418, 0.000130520216771],
        "skew": [1.4053030014, 1.96083128452, -0.472249895334, 0.826240360737, 2.51747131348, 5.28147935867],
        "var": [0.00513498531654, 0.0271166358143, 0.0632401332259, 0.0181379653513, 0.00815915409476, 0.0017348008696],
        "cov": [[0.00527011649683, 0.00870339851826, -0.0111037092283, -0.00181313510984, 0.000132310204208, 4.4315111154e-05], [0.00870339851826, 0.0278302300721, -0.0266829095781, -0.00522976089269, -0.00136948924046, -0.000191868908587], [-0.0111037092283, -0.0266829095781, 0.0649043545127, -0.0137171866372, -0.0147020546719, -0.0049703316763], [-0.00181313510984, -0.00522976089269, -0.0137171866372, 0.0186152812093, 0.00511587318033, 0.000366885593394], [0.000132310204208, -0.00136948924046, -0.0147020546719, 0.00511587318033, 0.00837386865169, 0.00312334811315], [4.4315111154e-05, -0.000191868908587, -0.0049703316763, 0.000366885593394, 0.00312334811315, 0.0017804534873]]
    },
    "beats_position": [0.441179126501, 0.952018141747, 1.45124709606, 2.0549659729, 2.61224484444, 3.15791368484, 3.72680258751, 4.22603178024, 4.69043064117, 5.18965959549, 5.61922883987, 6.10684776306, 6.6176867485, 7.17496585846, 7.70902490616, 8.25469398499, 8.80036258698, 9.32281208038, 9.89170074463, 10.3909292221, 10.8553285599, 11.2384576797, 11.656416893, 12.051156044, 12.4691152573, 12.8986845016, 13.3863039017, 13.8390922546, 14.3151016235, 14.7678909302, 15.3251695633, 15.8592290878, 16.3816776276, 16.8460769653, 17.4033565521, 17.9025840759, 18.4018135071, 18.970703125, 19.5628108978],
    "bpm_estimates": [117.453842163, 120.185333252, 120.185279846, 120.185333252, 123.046905518, 117.453842163, 120.185455322, 123.046783447, 120.185684204, 120.185218811],
    "bpm_intervals": [0.510838985443, 0.499228954315, 0.603718876839, 0.557278871536, 0.545668840408, 0.568888902664, 0.499229192734, 0.464398860931, 0.499228954315, 0.429569244385, 0.487618923187, 0.510838985443, 0.557279109955, 0.534059047699, 0.545669078827, 0.54566860199, 0.522449493408, 0.568888664246, 0.499228477478, 0.464399337769, 0.383129119873, 0.417959213257, 0.394739151001, 0.417959213257, 0.429569244385, 0.487619400024, 0.452788352966, 0.476009368896, 0.452789306641, 0.557278633118, 0.534059524536, 0.522448539734, 0.464399337769, 0.557279586792, 0.499227523804, 0.499229431152, 0.56888961792, 0.592107772827],
    "onset_times": [0.0696598663926, 0.348299324512, 0.452789127827, 1.23065757751, 1.39319729805, 2.10140585899, 2.36843538284, 2.57741498947, 4.23764181137, 4.81814050674, 5.630838871, 7.18657588959, 7.50004529953, 7.73224496841, 9.50857162476, 9.57823085785, 9.83365058899, 9.91492080688, 11.1687984467, 12.0395460129, 12.3646259308, 12.4923353195, 12.7941951752, 13.177324295, 13.4443540573, 14.3034915924, 14.6169614792, 14.7330608368, 14.9304304123, 15.8592290878, 16.1378688812, 16.5790481567, 17.4497966766, 17.786485672, 17.8213157654, 18.2044448853, 18.970703125, 19.4815425873],
    "histogram": [[0, 0, 0, 0, 0, 0, 0, 0, 0, 0, 0, 0, 0, 0, 0, 0, 0, 0, 0, 0, 0, 0, 0, 0, 0, 0, 0, 0, 0, 0, 0, 0, 0, 0, 0, 0, 0, 0, 0, 0, 0, 0, 0, 0, 0, 0, 0, 0, 0, 0, 0, 0, 0, 0, 0, 0, 0, 0, 0, 0, 0, 0, 0, 0, 0, 0, 0, 0, 0, 0, 0, 0, 0, 0, 0, 0, 0, 0, 0, 0, 0, 0, 0, 0, 0, 0, 0, 0, 0, 0, 0, 0, 0, 0, 0, 0, 0, 0, 0, 0.0263157896698, 0, 0.0263157896698, 0, 0, 0, 0.078947365284, 0, 0, 0.105263158679, 0, 0.078947365284, 0, 0.0526315793395, 0, 0, 0.0526315793395, 0, 0.0526315793395, 0, 0, 0.157894730568, 0, 0, 0.0526315793395, 0, 0, 0.0263157896698, 0, 0, 0.078947365284, 0, 0, 0, 0.0526315793395, 0, 0, 0, 0, 0, 0, 0.0526315793395, 0, 0, 0, 0.0526315793395, 0, 0, 0, 0, 0, 0, 0, 0.0263157896698, 0, 0, 0, 0, 0.0263157896698, 0, 0, 0, 0, 0, 0, 0, 0, 0, 0, 0, 0, 0, 0, 0, 0, 0, 0, 0, 0, 0, 0, 0, 0, 0, 0, 0, 0, 0, 0, 0, 0, 0, 0, 0, 0, 0, 0, 0, 0, 0, 0, 0, 0, 0, 0, 0, 0, 0, 0, 0, 0, 0, 0, 0, 0, 0, 0, 0, 0, 0, 0, 0, 0, 0, 0, 0, 0, 0, 0, 0, 0, 0, 0, 0, 0, 0, 0, 0, 0, 0, 0, 0, 0, 0, 0, 0, 0, 0, 0, 0, 0]]
},
"sfx": {
    "inharmonicity": {
        "kurt": 1.16026735306,
        "max": 0.417294472456,
        "mean": 0.0734912231565,
        "median": 0.0247160419822,
        "min": 0,
        "skew": 1.45033431053,
        "var": 0.0093130916357
    },
    "oddtoevenharmonicenergyratio": {
        "kurt": 115.806259155,
        "max": 28.7068500519,
        "mean": 0.702790439129,
        "median": 0.192139431834,
        "min": 0,
        "skew": 8.64983940125,
        "var": 2.66170215607
    },
    "pitch_after_max_to_before_max_energy_ratio": 1.22919976711,
    "pitch_centroid": 425.230834961,
    "pitch_max_to_total": 0.266360491514,
    "pitch_min_to_total": 0.680826663971,
    "tristimulus": {
        "kurt": [-1.41883611679, -0.447050571442, 0.537030935287],
        "max": [1, 0.832403361797, 0.999107897282],
        "mean": [0.455731630325, 0.337205260992, 0.207062765956],
        "median": [0.452383309603, 0.330798149109, 0.134153038263],
        "min": [0, 0, 0],
        "skew": [0.040221080184, 0.296940147877, 1.06260919571],
        "var": [0.0915157273412, 0.0305862035602, 0.0417864397168],
        "cov": [[0.091620914638, -0.0402038916945, -0.0514169931412], [-0.0402038916945, 0.0306213591248, 0.00958252791315], [-0.0514169931412, 0.00958252791315, 0.0418344698846]]
    }
},
"tonal": {
    "chords_changes_rate": 0.158256873488,
    "chords_number_rate": 0.0321100912988,
    "chords_strength": {
        "kurt": -0.847461938858,
        "max": 0.658209681511,
        "mean": 0.414528906345,
        "median": 0.408357143402,
        "min": 0.175787344575,
        "skew": 0.144972622395,
        "var": 0.0113343149424
    },
    "key_strength": 0.430054098368,
    "tuning_diatonic_strength": 0.425919473171,
    "tuning_equal_tempered_deviation": 0.282165855169,
    "tuning_frequency": 447.691040039,
    "tuning_nontempered_energy_ratio": 0.908033072948,
    "hpcp": {
