{
"metadata": {
    "version": {
        "essentia": "2.1-beta3"
    }
},
"lowLevel": {
    "average_loudness": 0.99068403244,
    "barkbands_kurtosis": {
        "kurt": 11.4739780426,
        "max": 287.183807373,
        "mean": 32.1507949829,
        "median": 15.8194408417,
        "min": -1.72102081776,
        "skew": 3.28720569611,
        "var": 2862.34448242
    },
    "barkbands_skewness": {
        "kurt": 1.57922077179,
        "max": 12.8807926178,
        "mean": 3.05449581146,
        "median": 2.98667621613,
        "min": -4.65317773819,
        "skew": 0.672630429268,
        "var": 9.45802783966
    },
    "barkbands_spread": {
        "kurt": 1.35130834579,
        "max": 35.2594223022,
        "mean": 6.55456876755,
        "median": 1.68190002441,
        "min": 0.198073372245,
        "skew": 1.69207918644,
        "var": 100.492202759
    },
    "dissonance": {
        "kurt": -0.82421875,
        "max": 0.499808222055,
        "mean": 0.380698919296,
        "median": 0.409080415964,
        "min": 0.155133903027,
        "skew": -0.602026164532,
        "var": 0.0101367216557
    },
    "hfc": {
        "kurt": 4.14815807343,
        "max": 43.0795860291,
        "mean": 5.83575630188,
        "median": 0.461764544249,
        "min": 6.25418397249e-05,
        "skew": 2.24062728882,
        "var": 112.604576111
    },
    "pitch": {
        "kurt": 1.91276550293,
        "max": 2827.44335938,
        "mean": 773.336608887,
        "median": 444.523864746,
        "min": 171.693634033,
        "skew": 1.94730579853,
        "var": 639812.1875
    },
    "pitch_instantaneous_confidence": {
        "kurt": -0.301918983459,
        "max": 0.986456155777,
        "mean": 0.715502262115,
        "median": 0.739151299,
        "min": 0.211196064949,
        "skew": -0.583890378475,
        "var": 0.0332842767239
    },
    "pitch_salience": {
        "kurt": -0.981682538986,
        "max": 0.82488077879,
        "mean": 0.491568922997,
        "median": 0.480082273483,
        "min": 0.098755531013,
        "skew": -0.10676471889,
        "var": 0.0370434895158
    },
    "silence_rate_20dB": {
        "kurt": 0,
        "max": 1,
        "mean": 1,
        "median": 1,
        "min": 1,
        "skew": 0,
        "var": 0
    },
    "silence_rate_30dB": {
        "kurt": 0,
        "max": 1,
        "mean": 1,
        "median": 1,
        "min": 1,
        "skew": 0,
        "var": 0
    },
    "silence_rate_60dB": {
        "kurt": -1.98328006268,
        "max": 1,
        "mean": 0.532258093357,
        "median": 1,
        "min": 0,
        "skew": -0.129301831126,
        "var": 0.248959347606
    },
    "spectral_centroid": {
        "kurt": 2.78485870361,
        "max": 2807.34228516,
        "mean": 775.536193848,
        "median": 489.309204102,
        "min": 402.567504883,
        "skew": 2.03860187531,
        "var": 402634.65625
    },
    "spectral_complexity": {
        "kurt": 0.954746246338,
        "max": 15,
        "mean": 3.1451613903,
        "median": 2,
        "min": 0,
        "skew": 1.23764467239,
        "var": 12.8982820511
    },
    "spectral_crest": {
        "kurt": -0.82001543045,
        "max": 26.3184165955,
        "mean": 15.8233356476,
        "median": 15.7384853363,
        "min": 5.39809322357,
        "skew": 0.0235266108066,
        "var": 31.4477291107
    },
    "spectral_decrease": {
        "kurt": 3.21950149536,
        "max": -1.02000359724e-14,
        "mean": -2.97982949427e-09,
        "median": -2.26424684557e-10,
        "min": -2.00435117392e-08,
        "skew": -2.05305218697,
        "var": 2.66849904904e-17
    },
    "spectral_energy": {
        "kurt": 3.23525047302,
        "max": 0.078880764544,
        "mean": 0.011775878258,
        "median": 0.000897696707398,
        "min": 4.417004007e-08,
        "skew": 2.05805587769,
        "var": 0.000418238138082
    },
    "spectral_energyband_high": {
        "kurt": 19.4355354309,
        "max": 8.22389411042e-05,
        "mean": 4.44970191893e-06,
        "median": 1.78855799504e-07,
        "min": 3.34708760708e-10,
        "skew": 4.39337062836,
        "var": 1.94946253584e-10
    },
    "spectral_energyband_low": {
        "kurt": 18.9209270477,
        "max": 6.01495730734e-06,
        "mean": 3.55778382755e-07,
        "median": 5.53671739567e-08,
        "min": 1.90734938954e-09,
        "skew": 4.32590103149,
        "var": 1.05741088628e-12
    },
    "spectral_energyband_middle_high": {
        "kurt": 13.7711830139,
        "max": 0.00586346024647,
        "mean": 0.0004716446565,
        "median": 3.63335420843e-05,
        "min": 2.20005773599e-08,
        "skew": 3.40391302109,
        "var": 9.51753293066e-07
    },
    "spectral_energyband_middle_low": {
        "kurt": 3.35799837112,
        "max": 0.0782400220633,
        "mean": 0.011358407326,
        "median": 0.000814150145743,
        "min": 1.09680851068e-08,
        "skew": 2.08130526543,
        "var": 0.000392288784496
    },
    "spectral_flatness_db": {
        "kurt": -0.201709032059,
        "max": 0.549151182175,
        "mean": 0.382545381784,
        "median": 0.419567704201,
        "min": 0.0795783549547,
        "skew": -0.862812161446,
        "var": 0.0148032950237
    },
    "spectral_flux": {
        "kurt": 0.624092578888,
        "max": 0.225209921598,
        "mean": 0.0563384927809,
        "median": 0.0390481054783,
        "min": 0.0002293036232,
        "skew": 1.20271837711,
        "var": 0.00360101135448
    },
    "spectral_kurtosis": {
        "kurt": -0.26128411293,
        "max": 126.524368286,
        "mean": 45.1331977844,
        "median": 39.2851524353,
        "min": 2.10409784317,
        "skew": 0.617075502872,
        "var": 946.480163574
    },
    "spectral_rms": {
        "kurt": 0.199419260025,
        "max": 0.00877250451595,
        "mean": 0.00220675789751,
        "median": 0.000935813121032,
        "min": 6.56450447423e-06,
        "skew": 1.14960837364,
        "var": 6.61888452669e-06
    },
    "spectral_rolloff": {
        "kurt": 2.03983783722,
        "max": 4435.83984375,
        "mean": 1029.07885742,
        "median": 559.86328125,
        "min": 387.59765625,
        "skew": 1.81634402275,
        "var": 1025659.8125
    },
    "spectral_skewness": {
        "kurt": -0.825303554535,
        "max": 9.39080905914,
        "mean": 5.01615190506,
        "median": 5.10775852203,
        "min": 1.18998742104,
        "skew": -0.0584315359592,
        "var": 4.42465925217
    },
    "spectral_spread": {
        "kurt": 2.09264802933,
        "max": 7460649,
        "mean": 2427029,
        "median": 1917901.5,
        "min": 842564.1875,
        "skew": 1.58513498306,
        "var": 2.27047768064e+12
    },
    "spectral_strongpeak": {
        "kurt": 3.87513065338,
        "max": 4.64637613297,
        "mean": 0.683238744736,
        "median": 0.195476591587,
        "min": 0.000288557901513,
        "skew": 1.92556154728,
        "var": 0.897005438805
    },
    "zerocrossingrate": {
        "kurt": 2.84027957916,
        "max": 0.14599609375,
        "mean": 0.0379205532372,
        "median": 0.023681640625,
        "min": 0.01708984375,
        "skew": 1.92466747761,
        "var": 0.000935385003686
    },
    "barkbands": {
        "kurt": [30.9780960083, 36.3460540771, 17.7980957031, 16.3998966217, 9.15639972687, 0.68612408638, 6.58344268799, 16.8027973175, 28.4316329956, 6.01946735382, 22.0827293396, 5.87941837311, 24.7979335785, 50.5705299377, 24.5194625854, 14.803188324, 33.3496360779, 15.1453609467, 24.3478393555, 7.19258213043, 21.3124008179, 21.028585434, 11.4198350906, 22.2841949463, 11.945810318, 9.07187461853, 4.82731485367],
        "max": [8.72611849445e-08, 2.2570618512e-06, 3.2177315461e-06, 1.8308073777e-06, 2.57308056462e-05, 0.00438280543312, 0.0768896266818, 0.0333005934954, 0.0122113125399, 0.00312748970464, 0.00140195828862, 0.00025990998256, 0.000827674986795, 0.000453959626611, 2.79554042208e-05, 0.000146084523294, 0.00085125368787, 3.10066789098e-05, 3.23768399539e-05, 2.49695840466e-05, 8.12176131149e-06, 5.9804864577e-05, 7.4447393672e-07, 3.0311761634e-07, 3.45368604826e-08, 6.0937410673e-09, 4.13457623694e-09],
        "mean": [4.56156534767e-09, 7.88829979115e-08, 2.0475920337e-07, 1.32471370762e-07, 2.80137055597e-06, 0.00085759954527, 0.00801250897348, 0.00186346028931, 0.000510703714099, 0.000327030254994, 8.75779151102e-05, 2.68782587227e-05, 3.19675600622e-05, 1.02186213553e-05, 1.17787135423e-06, 7.73580450186e-06, 2.63465990429e-05, 2.2182534849e-06, 1.40068584642e-06, 2.40519761974e-06, 4.16346324528e-07, 2.9429118058e-06, 6.59663754732e-08, 1.47644572124e-08, 3.07657233023e-09, 6.09860217882e-10, 4.96049534782e-10],
        "median": [5.11536812908e-10, 9.66173185901e-09, 2.42863507083e-08, 2.47750335802e-08, 1.07773280433e-06, 9.76435694611e-05, 0.00026981998235, 8.44863243401e-05, 2.88281407848e-05, 1.58889197337e-05, 1.23206555145e-05, 2.93551494224e-07, 8.04675437394e-08, 1.4483420685e-08, 1.58385144999e-08, 8.7106101887e-08, 4.14296209783e-07, 2.66460403964e-07, 7.04923124317e-08, 1.0713965537e-07, 2.1653260518e-08, 8.5069615352e-08, 8.02349475748e-09, 1.17657716903e-09, 2.61505400667e-10, 5.89326434874e-11, 5.22376863987e-11],
        "min": [6.80566106942e-12, 3.68173214138e-10, 4.88974805091e-10, 9.17107945142e-10, 5.62567881168e-10, 1.09625775124e-09, 1.58211821422e-09, 1.88727034001e-10, 1.49766532509e-09, 2.69498728889e-10, 3.39492323143e-10, 6.44880121525e-11, 1.38201172728e-10, 1.981495662e-10, 3.39153066742e-10, 6.16781181684e-10, 8.5103266656e-09, 3.81513887149e-09, 7.67008789815e-10, 1.41035433332e-10, 1.62060628806e-10, 5.25671763063e-11, 1.8499441562e-11, 3.92659993062e-12, 3.10848417319e-12, 9.66753912167e-13, 6.14789455781e-14],
        "skew": [5.22909450531, 5.97236633301, 4.20598316193, 3.82537126541, 3.01222515106, 1.45452702045, 2.52836871147, 4.06338310242, 5.26346158981, 2.44382309914, 4.50950098038, 2.62005639076, 5.12694644928, 7.10488367081, 5.0232129097, 3.98549938202, 5.65409231186, 3.87529587746, 4.93112230301, 2.74959278107, 4.43771839142, 4.63745069504, 3.33374023438, 4.67929792404, 3.25100541115, 2.72945928574, 2.25519299507],
        "var": [1.50228823848e-16, 9.85683838153e-14, 3.48785019963e-13, 8.84823288315e-14, 2.40403200819e-11, 1.75309230599e-06, 0.000238151435042, 3.39283615176e-05, 3.29649947162e-06, 3.94093632394e-07, 4.72717083255e-08, 3.80736597805e-09, 2.08622115139e-08, 3.41966166495e-09, 2.07111203188e-11, 7.70051022947e-10, 1.46198493312e-08, 3.50885639988e-11, 2.59917087853e-11, 2.60455875617e-11, 1.60631588326e-12, 1.05499775582e-10, 1.8829171417e-14, 2.31826416686e-15, 3.60759703303e-17, 1.17273179793e-18, 7.59963140495e-19],
        "cov": [[1.52691585377e-16, 2.44718914593e-15, 6.20668559002e-15, 2.64605617656e-15, 2.48778785861e-15, -2.55689919107e-13, 7.18346285233e-11, 5.80339665213e-11, 2.07217402959e-11, 3.40592463087e-12, 2.45366639333e-12, 5.24802532161e-13, 1.4959864944e-12, 6.73472020339e-13, 4.95085031727e-14, 2.95757694594e-13, 1.37932569012e-12, 6.00663792251e-14, 4.8572504661e-14, 3.10299915374e-14, 1.11068050712e-14, 7.65342176028e-14, 1.27909132464e-15, 4.55659997547e-16, 5.2405614118e-17, 7.36857535464e-18, 4.36907328332e-18], [2.44718914593e-15, 1.00184265181e-13, 1.69550557947e-13, 5.01596851619e-14, 4.4504249461e-13, -4.26387987418e-11, 1.44058898144e-09, 1.70185399107e-09, 4.79373762907e-10, 5.99907762355e-11, 3.29632918183e-11, 9.94866602294e-12, 4.31244623345e-11, 1.14669489182e-11, 1.30300891604e-12, 6.27897039918e-12, 2.79421936977e-11, 1.08979860726e-12, 1.56673719137e-12, 7.94728432368e-13, 3.73510657082e-13, 2.60988366335e-12, 2.88169078985e-14, 1.45477603759e-14, 1.56791791295e-15, 1.03098825402e-16, 2.88526222487e-17], [6.20668559002e-15, 1.69550557947e-13, 3.54502804065e-13, 1.29449782057e-13, 5.95539730811e-13, -1.05744142609e-10, 4.05149247484e-09, 3.41923955816e-09, 1.01759811688e-09, 1.34488059578e-10, 9.35270333402e-11, 2.62012963409e-11, 8.23583007348e-11, 2.79791224911e-11, 2.61795403064e-12, 1.39485350353e-11, 6.26557972172e-11, 2.76021805239e-12, 2.91433370492e-12, 1.73635314026e-12, 6.94199960103e-13, 4.84035901638e-12, 6.29056133355e-14, 2.72390142668e-14, 2.97879041176e-15, 3.0449132447e-16, 1.54018038972e-16], [2.64605617656e-15, 5.01596851619e-14, 1.29449782057e-13, 8.9932855813e-14, 1.00377849479e-13, -6.16243861495e-11, 2.08867456664e-09, 1.34486555226e-09, 3.58842594528e-10, 4.6082981181e-11, 5.04213164276e-11, 1.57647853105e-11, 2.67243015911e-11, 9.03769507149e-12, 8.40501984418e-13, 6.22931740912e-12, 2.04784210422e-11, 1.27029734388e-12, 1.07412104385e-12, 1.0679589808e-12, 2.80598488238e-13, 2.59045107413e-12, 3.56863552652e-14, 1.07242180766e-14, 1.31229649848e-15, 2.35785967489e-16, 1.47240346026e-16], [2.48778785861e-15, 4.4504249461e-13, 5.95539730811e-13, 1.00377849479e-13, 2.44344232347e-11, -5.23459886548e-10, -1.62176314045e-10, 6.6746053129e-09, 1.55242796396e-09, -1.88214471786e-10, 3.48422991847e-11, 2.64381936482e-11, 1.55660762058e-10, 1.54600741931e-11, 4.30069651766e-12, 1.44148208994e-11, 6.099015043e-11, 2.57319035871e-12, 6.24898136709e-12, 1.88408793775e-12, 1.44395715003e-12, 1.15544310231e-11, 8.35316855291e-14, 5.66366581184e-14, 4.98770946419e-15, -1.64067515791e-16, -4.19518504586e-16], [-2.55689919107e-13, -4.26387987418e-11, -1.05744142609e-10, -6.16243861495e-11, -5.23459886548e-10, 1.78183154276e-06, -4.87837610308e-07, -8.04365640761e-07, -2.10816423873e-07, 1.93337328369e-07, 1.61791702258e-09, -3.19863802112e-10, -2.00808845108e-08, -5.44569767058e-09, -5.37067168516e-10, -1.87830506704e-09, -1.05750297408e-08, -2.90441698469e-10, -7.39668604144e-10, -6.21998841321e-10, -1.29838584328e-10, -1.60640267755e-09, -6.73053843561e-12, -6.39014188786e-12, 2.95085082671e-13, 6.41201366091e-14, 8.45249841256e-14], [7.18346285233e-11, 1.44058898144e-09, 4.05149247484e-09, 2.08867456664e-09, -1.62176314045e-10, -4.87837610308e-07, 0.000242055568378, 3.90175919165e-05, 9.72340967564e-06, 4.51270989288e-06, 1.4859122075e-06, 4.9641454325e-07, 6.64443064124e-07, 1.85444562817e-07, 2.32086598828e-08, 1.4020012884e-07, 4.25214579991e-07, 3.29175833258e-08, 3.07203293914e-08, 6.25217069228e-08, 9.41314404201e-09, 7.58808127443e-08, 1.38645750436e-09, 3.37772088077e-10, 6.21707685333e-11, 1.30403101511e-11, 1.06007130157e-11], [5.80339665213e-11, 1.70185399107e-09, 3.41923955816e-09, 1.34486555226e-09, 6.6746053129e-09, -8.04365640761e-07, 3.90175919165e-05, 3.44845648215e-05, 9.67155119724e-06, 1.31426827465e-06, 8.98853727449e-07, 2.82348338487e-07, 7.97848542788e-07, 2.50886614594e-07, 2.52167957626e-08, 1.41741139714e-07, 5.90746026319e-07, 2.78970215817e-08, 2.89381834051e-08, 1.77842700566e-08, 7.15297909792e-09, 5.08827540102e-08, 6.51530607243e-10, 2.73233657921e-10, 3.0559006714e-11, 3.18876891038e-12, 1.60989234096e-12], [2.07217402959e-11, 4.79373762907e-10, 1.01759811688e-09, 3.58842594528e-10, 1.55242796396e-09, -2.10816423873e-07, 9.72340967564e-06, 9.67155119724e-06, 3.35054050993e-06, 4.53920051768e-07, 3.29696149493e-07, 7.16589028116e-08, 2.56739411952e-07, 9.98508724592e-08, 8.16848899632e-09, 4.25740118715e-08, 2.08019713455e-07, 8.3587332611e-09, 8.53927772937e-09, 4.45087700029e-09, 1.90891791263e-09, 1.32774813366e-08, 1.90883919782e-10, 7.91663679056e-11, 8.54625138019e-12, 8.8152098468e-13, 4.15345221324e-13], [3.40592463087e-12, 5.99907762355e-11, 1.34488059578e-10, 4.6082981181e-11, -1.88214471786e-10, 1.93337328369e-07, 4.51270989288e-06, 1.31426827465e-06, 4.53920051768e-07, 4.00554171165e-07, 5.86100412647e-08, 1.06859125992e-08, 3.44274546649e-08, 1.35828885917e-08, 1.12172704458e-09, 5.36083621938e-09, 2.64989061804e-08, 1.01330588365e-09, 1.2097516322e-09, 1.85454707147e-09, 2.53942450401e-10, 1.80717585341e-09, 4.23122197002e-11, 1.12808087524e-11, 2.17951177939e-12, 3.23378558089e-13, 2.48084403498e-13], [2.45366639333e-12, 3.29632918183e-11, 9.35270333402e-11, 5.04213164276e-11, 3.48422991847e-11, 1.61791702258e-09, 1.4859122075e-06, 8.98853727449e-07, 3.29696149493e-07, 5.86100412647e-08, 4.80466546549e-08, 9.39210487161e-09, 2.22068301525e-08, 1.04688160363e-08, 7.25997983952e-10, 4.56635573798e-09, 2.03569268109e-08, 9.41332123361e-10, 7.41158800999e-10, 6.10043460192e-10, 1.68351665941e-10, 1.40288058947e-09, 2.42406129891e-11, 7.20012547847e-12, 8.72577400959e-13, 1.55922990448e-13, 9.8055562964e-14], [5.24802532161e-13, 9.94866602294e-12, 2.62012963409e-11, 1.57647853105e-11, 2.64381936482e-11, -3.19863802112e-10, 4.9641454325e-07, 2.82348338487e-07, 7.16589028116e-08, 1.06859125992e-08, 9.39210487161e-09, 3.86978182831e-09, 5.15322895467e-09, 1.82930837145e-09, 1.77707085158e-10, 1.39879585692e-09, 4.59278437503e-09, 3.22173954181e-10, 1.99084401742e-10, 1.84723875085e-10, 5.83764633855e-11, 4.41479186541e-10, 6.76308618483e-12, 2.0077700353e-12, 2.59038504622e-13, 4.56110606369e-14, 3.01419384786e-14], [1.4959864944e-12, 4.31244623345e-11, 8.23583007348e-11, 2.67243015911e-11, 1.55660762058e-10, -2.00808845108e-08, 6.64443064124e-07, 7.97848542788e-07, 2.56739411952e-07, 3.44274546649e-08, 2.22068301525e-08, 5.15322895467e-09, 2.12042152725e-08, 7.26662507944e-09, 6.58584020652e-10, 3.3531972754e-09, 1.5948375065e-08, 6.12761785757e-10, 7.24715065736e-10, 3.54894058585e-10, 1.6585288698e-10, 1.13735121321e-09, 1.45430742102e-11, 6.70022544391e-12, 7.14664221899e-13, 5.92765650475e-14, 2.25480763482e-14], [6.73472020339e-13, 1.14669489182e-11, 2.79791224911e-11, 9.03769507149e-12, 1.54600741931e-11, -5.44569767058e-09, 1.85444562817e-07, 2.50886614594e-07, 9.98508724592e-08, 1.35828885917e-08, 1.04688160363e-08, 1.82930837145e-09, 7.26662507944e-09, 3.4757214884e-09, 2.39303160621e-10, 1.27976329534e-09, 6.87567869306e-09, 2.55886478673e-10, 2.16304585354e-10, 7.52237092061e-11, 4.5196461157e-11, 2.6107327411e-10, 4.58426092226e-12, 1.95917002239e-12, 1.95753325659e-13, 1.94255063288e-14, 8.40991654165e-15], [4.95085031727e-14, 1.30300891604e-12, 2.61795403064e-12, 8.40501984418e-13, 4.30069651766e-12, -5.37067168516e-10, 2.32086598828e-08, 2.52167957626e-08, 8.16848899632e-09, 1.12172704458e-09, 7.25997983952e-10, 1.77707085158e-10, 6.58584020652e-10, 2.39303160621e-10, 2.10506473364e-11, 1.11991749208e-10, 5.29570609586e-10, 2.16084997118e-11, 2.20784241584e-11, 1.06747232581e-11, 5.16539762352e-12, 3.29766769447e-11, 4.45689085681e-13, 2.0383903441e-13, 2.18973212636e-14, 1.94521561029e-15, 8.60648684244e-16], [2.95757694594e-13, 6.27897039918e-12, 1.39485350353e-11, 6.22931740912e-12, 1.44148208994e-11, -1.87830506704e-09, 1.4020012884e-07, 1.41741139714e-07, 4.25740118715e-08, 5.36083621938e-09, 4.56635573798e-09, 1.39879585692e-09, 3.3531972754e-09, 1.27976329534e-09, 1.11991749208e-10, 7.82674813848e-10, 3.08243586211e-09, 1.58349167112e-10, 1.13717986416e-10, 6.48912937273e-11, 3.0681436558e-11, 1.92846308367e-10, 2.79168311731e-12, 1.08626107241e-12, 1.25182443621e-13, 1.59440924954e-14, 9.09788263064e-15], [1.37932569012e-12, 2.79421936977e-11, 6.26557972172e-11, 2.04784210422e-11, 6.099015043e-11, -1.05750297408e-08, 4.25214579991e-07, 5.90746026319e-07, 2.08019713455e-07, 2.64989061804e-08, 2.03569268109e-08, 4.59278437503e-09, 1.5948375065e-08, 6.87567869306e-09, 5.29570609586e-10, 3.08243586211e-09, 1.48595189486e-08, 6.18054885049e-10, 4.9505566313e-10, 1.80609208145e-10, 1.16282712626e-10, 6.41639519294e-10, 1.00029654698e-11, 4.5327968809e-12, 4.69081642019e-13, 4.38557407078e-14, 1.96632041026e-14], [6.00663792251e-14, 1.08979860726e-12, 2.76021805239e-12, 1.27029734388e-12, 2.57319035871e-12, -2.90441698469e-10, 3.29175833258e-08, 2.78970215817e-08, 8.3587332611e-09, 1.01330588365e-09, 9.41332123361e-10, 3.22173954181e-10, 6.12761785757e-10, 2.55886478673e-10, 2.16084997118e-11, 1.58349167112e-10, 6.18054885049e-10, 3.56637844257e-11, 2.04829989775e-11, 1.20384657104e-11, 5.7675752195e-12, 3.40048822434e-11, 5.39343689068e-13, 1.96419093555e-13, 2.30844955374e-14, 3.39343908571e-15, 2.14702163349e-15], [4.8572504661e-14, 1.56673719137e-12, 2.91433370492e-12, 1.07412104385e-12, 6.24898136709e-12, -7.39668604144e-10, 3.07203293914e-08, 2.89381834051e-08, 8.53927772937e-09, 1.2097516322e-09, 7.41158800999e-10, 1.99084401742e-10, 7.24715065736e-10, 2.16304585354e-10, 2.20784241584e-11, 1.13717986416e-10, 4.9505566313e-10, 2.04829989775e-11, 2.64178019738e-11, 1.63128659886e-11, 6.23547437642e-12, 4.68548845556e-11, 5.70470537128e-13, 2.47935434119e-13, 2.77393295237e-14, 2.69236854999e-15, 1.25563655881e-15], [3.10299915374e-14, 7.94728432368e-13, 1.73635314026e-12, 1.0679589808e-12, 1.88408793775e-12, -6.21998841321e-10, 6.25217069228e-08, 1.77842700566e-08, 4.45087700029e-09, 1.85454707147e-09, 6.10043460192e-10, 1.84723875085e-10, 3.54894058585e-10, 7.52237092061e-11, 1.06747232581e-11, 6.48912937273e-11, 1.80609208145e-10, 1.20384657104e-11, 1.63128659886e-11, 2.64725637245e-11, 4.25215548536e-12, 4.14252833425e-11, 6.08471281173e-13, 1.65992084444e-13, 2.61366415435e-14, 4.92385969711e-15, 3.61527510877e-15], [1.11068050712e-14, 3.73510657082e-13, 6.94199960103e-13, 2.80598488238e-13, 1.44395715003e-12, -1.29838584328e-10, 9.41314404201e-09, 7.15297909792e-09, 1.90891791263e-09, 2.53942450401e-10, 1.68351665941e-10, 5.83764633855e-11, 1.6585288698e-10, 4.5196461157e-11, 5.16539762352e-12, 3.0681436558e-11, 1.16282712626e-10, 5.7675752195e-12, 6.23547437642e-12, 4.25215548536e-12, 1.63264898562e-12, 1.17253047549e-11, 1.43059785481e-13, 5.986109232e-14, 7.04895948266e-15, 7.77193545506e-16, 4.23181604445e-16], [7.65342176028e-14, 2.60988366335e-12, 4.84035901638e-12, 2.59045107413e-12, 1.15544310231e-11, -1.60640267755e-09, 7.58808127443e-08, 5.08827540102e-08, 1.32774813366e-08, 1.80717585341e-09, 1.40288058947e-09, 4.41479186541e-10, 1.13735121321e-09, 2.6107327411e-10, 3.29766769447e-11, 1.92846308367e-10, 6.41639519294e-10, 3.40048822434e-11, 4.68548845556e-11, 4.14252833425e-11, 1.17253047549e-11, 1.0722928101e-10, 1.28347777285e-12, 4.59304794719e-13, 5.59089822778e-14, 7.54017125294e-15, 4.23128786647e-15], [1.27909132464e-15, 2.88169078985e-14, 6.29056133355e-14, 3.56863552652e-14, 8.35316855291e-14, -6.73053843561e-12, 1.38645750436e-09, 6.51530607243e-10, 1.90883919782e-10, 4.23122197002e-11, 2.42406129891e-11, 6.76308618483e-12, 1.45430742102e-11, 4.58426092226e-12, 4.45689085681e-13, 2.79168311731e-12, 1.00029654698e-11, 5.39343689068e-13, 5.70470537128e-13, 6.08471281173e-13, 1.43059785481e-13, 1.28347777285e-12, 1.91378454696e-14, 5.68597505031e-15, 7.6933138569e-16, 1.25696579173e-16, 8.07869717194e-17], [4.55659997547e-16, 1.45477603759e-14, 2.72390142668e-14, 1.07242180766e-14, 5.66366581184e-14, -6.39014188786e-12, 3.37772088077e-10, 2.73233657921e-10, 7.91663679056e-11, 1.12808087524e-11, 7.20012547847e-12, 2.0077700353e-12, 6.70022544391e-12, 1.95917002239e-12, 2.0383903441e-13, 1.08626107241e-12, 4.5327968809e-12, 1.96419093555e-13, 2.47935434119e-13, 1.65992084444e-13, 5.986109232e-14, 4.59304794719e-13, 5.68597505031e-15, 2.35626862938e-15, 2.70502327516e-16, 2.90361107609e-17, 1.47966117604e-17], [5.2405614118e-17, 1.56791791295e-15, 2.97879041176e-15, 1.31229649848e-15, 4.98770946419e-15, 2.95085082671e-13, 6.21707685333e-11, 3.0559006714e-11, 8.54625138019e-12, 2.17951177939e-12, 8.72577400959e-13, 2.59038504622e-13, 7.14664221899e-13, 1.95753325659e-13, 2.18973212636e-14, 1.25182443621e-13, 4.69081642019e-13, 2.30844955374e-14, 2.77393295237e-14, 2.61366415435e-14, 7.04895948266e-15, 5.59089822778e-14, 7.6933138569e-16, 2.70502327516e-16, 3.66673779985e-17, 4.93432963645e-18, 3.13836439626e-18], [7.36857535464e-18, 1.03098825402e-16, 3.0449132447e-16, 2.35785967489e-16, -1.64067515791e-16, 6.41201366091e-14, 1.30403101511e-11, 3.18876891038e-12, 8.8152098468e-13, 3.23378558089e-13, 1.55922990448e-13, 4.56110606369e-14, 5.92765650475e-14, 1.94255063288e-14, 1.94521561029e-15, 1.59440924954e-14, 4.38557407078e-14, 3.39343908571e-15, 2.69236854999e-15, 4.92385969711e-15, 7.77193545506e-16, 7.54017125294e-15, 1.25696579173e-16, 2.90361107609e-17, 4.93432963645e-18, 1.19195692293e-18, 9.24571617104e-19], [4.36907328332e-18, 2.88526222487e-17, 1.54018038972e-16, 1.47240346026e-16, -4.19518504586e-16, 8.45249841256e-14, 1.06007130157e-11, 1.60989234096e-12, 4.15345221324e-13, 2.48084403498e-13, 9.8055562964e-14, 3.01419384786e-14, 2.25480763482e-14, 8.40991654165e-15, 8.60648684244e-16, 9.09788263064e-15, 1.96632041026e-14, 2.14702163349e-15, 1.25563655881e-15, 3.61527510877e-15, 4.23181604445e-16, 4.23128786647e-15, 8.07869717194e-17, 1.47966117604e-17, 3.13836439626e-18, 9.24571617104e-19, 7.72421514496e-19]]
    },
    "mfcc": {
        "kurt": [-0.524222135544, -0.508067131042, 0.438729763031, -0.967695236206, -1.17823219299, -0.377342700958, 0.376910924911, -0.880153894424, 1.23708820343, -0.615869283676, -0.266385555267, 0.522704124451, -1.14954018593],
        "max": [-717.205749512, 183.201324463, 47.5336341858, 29.5566139221, 13.2326049805, 2.35179901123, -0.306285858154, 13.6127262115, 10.375087738, 4.33094787598, 32.4031028748, 47.6976242065, 49.4807548523],
        "mean": [-969.712280273, 116.948791504, 0.530832052231, -20.4727840424, -58.6525115967, -58.4136695862, -37.0845146179, -9.19683265686, -6.86692523956, -16.8790512085, -2.08969068527, 8.97546672821, 14.5953845978],
        "median": [-968.735717773, 139.073577881, 5.14468383789, -26.3899307251, -68.9748916626, -61.3472633362, -40.3815727234, -10.3098983765, -7.41707992554, -16.4224777222, -2.78652572632, 8.29384231567, 7.7431640625],
        "min": [-1138.05395508, -0.326892852783, -97.0954437256, -59.0402297974, -111.5809021, -101.405426025, -62.6101608276, -32.4377441406, -37.5504684448, -42.3713607788, -28.8219814301, -15.0787582397, -11.9904594421],
        "skew": [0.375007629395, -0.848511874676, -0.916478931904, 0.380363702774, 0.465563416481, 0.702443659306, 0.972259759903, 0.215781196952, -0.676869630814, -0.405799359083, 0.386360198259, 0.53418970108, 0.433193832636],
        "var": [11306.2363281, 2835.18408203, 1089.89746094, 601.16192627, 1651.82385254, 731.907409668, 215.366119385, 126.406951904, 89.8028335571, 139.921203613, 189.364532471, 136.167907715, 266.964630127],
        "cov": [[11491.5839844, 4937.12109375, -2745.09277344, -1810.82653809, -3600.84838867, -1338.41577148, -974.817749023, -483.533752441, 19.5806541443, -160.46156311, 408.172668457, 279.531097412, 1210.69616699], [4937.12109375, 2881.66235352, -670.580749512, -1099.11376953, -1940.69433594, -1140.99279785, -639.841674805, -293.310272217, -146.258331299, -278.408813477, -105.327819824, -2.71738910675, 541.862365723], [-2745.09277344, -670.580749512, 1107.76464844, 310.642333984, 576.101806641, -71.8413009644, 59.5983963013, 45.733669281, -109.941795349, -90.7176589966, -273.240905762, -172.498397827, -305.685913086], [-1810.82653809, -1099.11376953, 310.642333984, 611.017028809, 876.127624512, 443.814544678, 198.512237549, 139.961868286, 66.7972488403, 90.189453125, 116.551200867, 60.8789520264, -290.088500977], [-3600.84838867, -1940.69433594, 576.101806641, 876.127624512, 1678.9029541, 827.942687988, 392.780456543, 273.905792236, 91.5321807861, 112.12096405, 119.303741455, 116.769706726, -528.315246582], [-1338.41577148, -1140.99279785, -71.8413009644, 443.814544678, 827.942687988, 743.905883789, 331.332489014, 101.917434692, 104.395072937, 192.113464355, 200.6277771, 87.2939147949, -167.120422363], [-974.817749023, -639.841674805, 59.5983963013, 198.512237549, 392.780456543, 331.332489014, 218.896713257, 58.9546470642, 33.0005455017, 103.057426453, 30.1014099121, -20.3658065796, -64.9083709717], [-483.533752441, -293.310272217, 45.733669281, 139.961868286, 273.905792236, 101.917434692, 58.9546470642, 128.479202271, 57.180683136, 3.46429586411, 25.9945583344, 33.8778152466, -103.191299438], [19.5806541443, -146.258331299, -109.941795349, 66.7972488403, 91.5321807861, 104.395072937, 33.0005455017, 57.180683136, 91.2750167847, 63.2281227112, 51.301864624, 29.5427951813, -17.3018302917], [-160.46156311, -278.408813477, -90.7176589966, 90.189453125, 112.12096405, 192.113464355, 103.057426453, 3.46429586411, 63.2281227112, 142.214981079, 55.9859161377, -18.6438293457, 11.4036645889], [408.172668457, -105.327819824, -273.240905762, 116.551200867, 119.303741455, 200.6277771, 30.1014099121, 25.9945583344, 51.301864624, 55.9859161377, 192.468856812, 120.941375732, -11.2444257736], [279.531097412, -2.71738910675, -172.498397827, 60.8789520264, 116.769706726, 87.2939147949, -20.3658065796, 33.8778152466, 29.5427951813, -18.6438293457, 120.941375732, 138.400161743, -21.0162181854], [1210.69616699, 541.862365723, -305.685913086, -290.088500977, -528.315246582, -167.120422363, -64.9083709717, -103.191299438, -17.3018302917, 11.4036645889, -11.2444257736, -21.0162181854, 271.341094971]]
    },
    "sccoeffs": {
        "kurt": [-0.337747573853, -0.996364831924, -0.47394323349, 0.622935056686, 0.239374160767, -0.205194711685],
        "max": [-0.555027961731, -0.345294177532, -0.545475423336, -0.659215033054, -0.628811299801, -0.672461986542],
        "mean": [-0.749535381794, -0.663774907589, -0.763328671455, -0.831075131893, -0.803787112236, -0.789143800735],
        "median": [-0.754545092583, -0.695691943169, -0.766613185406, -0.842839121819, -0.807989537716, -0.790461063385],
        "min": [-0.930290520191, -0.922857761383, -0.901918053627, -0.922943890095, -0.902422606945, -0.86737382412],
        "skew": [0.205477133393, 0.407787978649, 0.471040219069, 0.83680999279, 0.542484164238, 0.580627143383],
        "var": [0.00745502021164, 0.0272549558431, 0.00903326738626, 0.00331802782603, 0.00314439483918, 0.00206511537544],
        "cov": [[0.00757723348215, -0.00172677275259, 0.00109555607196, -0.00127060629893, -0.000232590144151, -9.09031859919e-06], [-0.00172677275259, 0.0277017597109, 0.00980828143656, 0.00729502877221, 0.00155817554332, 0.00590800819919], [0.00109555607196, 0.00980828143656, 0.00918135419488, 0.00290122907609, 0.000436843081843, 0.00164700497407], [-0.00127060629893, 0.00729502877221, 0.00290122907609, 0.003372421721, 0.000869871524628, 0.00186123268213], [-0.000232590144151, 0.00155817554332, 0.000436843081843, 0.000869871524628, 0.0031959421467, 0.000508449738845], [-9.09031859919e-06, 0.00590800819919, 0.00164700497407, 0.00186123268213, 0.000508449738845, 0.00209896964952]]
    },
    "scvalleys": {
        "kurt": [0.346440553665, -0.3829870224, -1.05228769779, -0.480633497238, 0.0137033462524, -0.666787862778],
        "max": [-7.99469566345, -4.68601083755, -5.17766666412, -6.9875626564, -8.09195041656, -10.9753389359],
        "mean": [-10.455124855, -7.33026838303, -8.66060638428, -10.7099885941, -10.8310880661, -13.2798709869],
        "median": [-10.4993877411, -6.48732995987, -8.01485157013, -10.8521289825, -10.9939470291, -13.4532413483],
        "min": [-11.9455337524, -12.0812940598, -12.6579751968, -13.1505851746, -13.3355636597, -15.8465919495],
        "skew": [0.719555079937, -0.823713123798, -0.264862120152, 0.551864981651, 0.501030087471, 0.0517790280282],
        "var": [0.705778360367, 3.93414020538, 4.09471845627, 2.31866717339, 1.17862248421, 1.17603719234],
        "cov": [[0.717348515987, 1.16708898544, 1.35481286049, 1.11711001396, 0.755938589573, 0.72702562809], [1.16708898544, 3.99863409996, 3.78439044952, 2.37293410301, 1.62537825108, 1.66809999943], [1.35481286049, 3.78439044952, 4.16184520721, 2.86271238327, 1.94441485405, 1.97866487503], [1.11711001396, 2.37293410301, 2.86271238327, 2.35667824745, 1.5802949667, 1.56908643246], [0.755938589573, 1.62537825108, 1.94441485405, 1.5802949667, 1.19794416428, 1.15287554264], [0.72702562809, 1.66809999943, 1.97866487503, 1.56908643246, 1.15287554264, 1.19531655312]]
    }
},
"rhythm": {
    "beats_loudness": {
        "kurt": -2,
        "max": 0.0565672926605,
        "mean": 0.0338772684336,
        "median": 0.0338772684336,
        "min": 0.0111872442067,
        "skew": 0,
        "var": 0.000514837214723
    },
    "bpm": 109.95677948,
    "confidence": 0,
    "first_peak_bpm": {
        "kurt": 0,
        "max": 110,
        "mean": 110,
        "median": 110,
        "min": 110,
        "skew": 0,
        "var": 0
    },
    "first_peak_spread": {
        "kurt": 0,
        "max": 0,
        "mean": 0,
        "median": 0,
        "min": 0,
        "skew": 0,
        "var": 0
    },
    "first_peak_weight": {
        "kurt": 0,
        "max": 1,
        "mean": 1,
        "median": 1,
        "min": 1,
        "skew": 0,
        "var": 0
    },
    "onset_rate": 3.54598522186,
    "second_peak_bpm": {
        "kurt": 0,
        "max": 0,
        "mean": 0,
        "median": 0,
        "min": 0,
        "skew": 0,
        "var": 0
    },
    "second_peak_spread": {
        "kurt": 0,
        "max": 0,
        "mean": 0,
        "median": 0,
        "min": 0,
        "skew": 0,
        "var": 0
    },
    "second_peak_weight": {
        "kurt": 0,
        "max": 0,
        "mean": 0,
        "median": 0,
        "min": 0,
        "skew": 0,
        "var": 0
    },
    "beats_loudness_band_ratio": {
        "kurt": [-1.99999988079, -1.99999988079, -2, -2, -2, -2],
        "max": [4.45546429546e-05, 0.611857414246, 0.980809807777, 0.14734852314, 0.000638874422293, 0.000389827415347],
        "mean": [2.34466897382e-05, 0.309476882219, 0.894555449486, 0.0809867978096, 0.000511805003043, 0.000294402852887],
        "median": [2.34466897382e-05, 0.309476882219, 0.894555449486, 0.0809867978096, 0.000511805003043, 0.000294402852887],
        "min": [2.33873674915e-06, 0.00709634833038, 0.808301091194, 0.0146250743419, 0.000384735612897, 0.000198978275876],
        "skew": [0, 0, 0, 0, 3.69900817532e-07, -2.80745069858e-07],
        "var": [4.4554568368e-10, 0.0914339870214, 0.00743981450796, 0.00440387846902, 1.61466342519e-08, 9.10584851965e-09],
        "cov": [[8.91091367361e-10, -1.27652683659e-05, 3.64130596608e-06, -2.80152039522e-06, 5.36434985321e-09, 4.02843447489e-09], [-1.27652683659e-05, 0.182867974043, -0.0521632768214, 0.0401329882443, -7.68466270529e-05, -5.7709065004e-05], [3.64130596608e-06, -0.0521632768214, 0.0148796290159, -0.0114479763433, 2.19205794565e-05, 1.64615703397e-05], [-2.80152039522e-06, 0.0401329882443, -0.0114479763433, 0.00880775693804, -1.68650894921e-05, -1.26650784296e-05], [5.36434985321e-09, -7.68466270529e-05, 2.19205794565e-05, -1.68650894921e-05, 3.22932685037e-08, 2.42510864723e-08], [4.02843447489e-09, -5.7709065004e-05, 1.64615703397e-05, -1.26650784296e-05, 2.42510864723e-08, 1.82116970393e-08]]
    },
    "beats_position": [0.557278871536, 1.10294783115],
    "bpm_estimates": [109.95677948],
    "bpm_intervals": [0.545668959618],
    "onset_times": [0.104489795864, 0.348299324512, 0.568888902664, 0.801088452339, 1.11455786228],
    "histogram": [[0, 0, 0, 0, 0, 0, 0, 0, 0, 0, 0, 0, 0, 0, 0, 0, 0, 0, 0, 0, 0, 0, 0, 0, 0, 0, 0, 0, 0, 0, 0, 0, 0, 0, 0, 0, 0, 0, 0, 0, 0, 0, 0, 0, 0, 0, 0, 0, 0, 0, 0, 0, 0, 0, 0, 0, 0, 0, 0, 0, 0, 0, 0, 0, 0, 0, 0, 0, 0, 0, 0, 0, 0, 0, 0, 0, 0, 0, 0, 0, 0, 0, 0, 0, 0, 0, 0, 0, 0, 0, 0, 0, 0, 0, 0, 0, 0, 0, 0, 0, 0, 0, 0, 0, 0, 0, 0, 0, 0, 0, 1, 0, 0, 0, 0, 0, 0, 0, 0, 0, 0, 0, 0, 0, 0, 0, 0, 0, 0, 0, 0, 0, 0, 0, 0, 0, 0, 0, 0, 0, 0, 0, 0, 0, 0, 0, 0, 0, 0, 0, 0, 0, 0, 0, 0, 0, 0, 0, 0, 0, 0, 0, 0, 0, 0, 0, 0, 0, 0, 0, 0, 0, 0, 0, 0, 0, 0, 0, 0, 0, 0, 0, 0, 0, 0, 0, 0, 0, 0, 0, 0, 0, 0, 0, 0, 0, 0, 0, 0, 0, 0, 0, 0, 0, 0, 0, 0, 0, 0, 0, 0, 0, 0, 0, 0, 0, 0, 0, 0, 0, 0, 0, 0, 0, 0, 0, 0, 0, 0, 0, 0, 0, 0, 0, 0, 0, 0, 0, 0, 0, 0, 0, 0, 0, 0, 0, 0, 0, 0, 0]]
},
"sfx": {
    "inharmonicity": {
        "kurt": 41.6462059021,
        "max": 0.418968439102,
        "mean": 0.0153100602329,
        "median": 0.000992089044303,
        "min": 0,
        "skew": 6.26927518845,
        "var": 0.00310577172786
    },
    "oddtoevenharmonicenergyratio": {
        "kurt": 43.4269104004,
        "max": 29.7105770111,
        "mean": 0.865966975689,
        "median": 0.0186420492828,
        "min": 0,
        "skew": 6.46657133102,
        "var": 15.5569429398
    },
    "pitch_after_max_to_before_max_energy_ratio": 0.852376639843,
    "pitch_centroid": 36.9004440308,
    "pitch_max_to_total": 0.758064508438,
    "pitch_min_to_total": 0.548387110233,
    "tristimulus": {
        "kurt": [2.35297393799, 4.12800836563, 7.30627346039],
        "max": [1, 0.965385437012, 0.518647193909],
        "mean": [0.748988330364, 0.184543505311, 0.0664681270719],
        "median": [0.840937018394, 0.105222694576, 0.0269216373563],
        "min": [0, 0, 0],
        "skew": [-1.72716534138, 2.15276861191, 2.76293635368],
        "var": [0.0650815218687, 0.0499853305519, 0.0111465891823],
        "cov": [[0.066148430109, -0.0528119392693, -0.0133364824578], [-0.0528119392693, 0.0508047640324, 0.00200716173276], [-0.0133364824578, 0.00200716173276, 0.0113293202594]]
    }
},
"tonal": {
    "chords_changes_rate": 0.09375,
    "chords_number_rate": 0.0625,
    "chords_strength": {
        "kurt": 0.197136640549,
        "max": 0.618141651154,
        "mean": 0.547344863415,
        "median": 0.547226965427,
        "min": 0.477970987558,
        "skew": 0.115478008986,
        "var": 0.000991692766547
    },
    "key_strength": 0.334611684084,
    "tuning_diatonic_strength": 0.411754995584,
    "tuning_equal_tempered_deviation": 0.273156940937,
    "tuning_frequency": 452.892974854,
    "tuning_nontempered_energy_ratio": 0.88260602951,
    "hpcp": {
        "kurt": [3.77663421631, 3.46583557129, 1.97287797928, 4.07767868042, 2.65831708908, 1.88173532486, 1.67020893097, 1.51879167557, 0.632967472076, 2.92437696457, 2.92045974731, 4.07884836197, 4.96554517746, 3.56268024445, 7.23779678345, 20.8762493134, 18.2009906769, 6.07563209534, 3.20072507858, 3.14584112167, 3.76731824875, 8.92566490173, 12.9594278336, 20.034828186, 18.2459888458, 6.95604991913, 5.02822303772, 1.74114179611, 0.344652175903, -0.718296527863, 0.613165616989, 1.43965864182, -0.327412843704, 0.944839715958, 1.1896686554, 2.32262802124],
        "max": [1, 1, 0.94888561964, 1, 0.515348792076, 0.619714558125, 0.786350429058, 0.627878427505, 0.545651853085, 0.662313640118, 0.669522285461, 0.462799876928, 0.770980596542, 0.689025521278, 0.586432814598, 1, 0.733263015747, 0.432780325413, 0.699899196625, 1, 1, 0.753786325455, 0.734632134438, 1, 0.607474923134, 0.465961009264, 0.575705528259, 0.82388573885, 1, 1, 1, 1, 1, 1, 1, 1],
        "mean": [0.176489248872, 0.178622692823, 0.174197390676, 0.148541033268, 0.0891311317682, 0.116896770895, 0.135576069355, 0.119778878987, 0.112677767873, 0.106284253299, 0.094193957746, 0.0717059522867, 0.100331455469, 0.103655442595, 0.0675216764212, 0.0627311095595, 0.0553140565753, 0.0592687316239, 0.0975663363934, 0.146182030439, 0.138509243727, 0.0755852386355, 0.0542763248086, 0.059055775404, 0.0451094098389, 0.0508997179568, 0.0665511488914, 0.133184984326, 0.232060730457, 0.274030953646, 0.228734523058, 0.224738642573, 0.28079226613, 0.253124475479, 0.212974742055, 0.177720755339],
        "median": [0.061298776418, 0.0638747513294, 0.0190651603043, 0.00442125787959, 0.0213239528239, 0.0367923043668, 0.030279064551, 0.0201930552721, 0.0147512266412, 0.020239725709, 0.00770448427647, 0.0141112655401, 0.0315917022526, 0.0302942097187, 0.0146466428414, 0.0066389888525, 0.0111688822508, 0.0184950660914, 0.0173095688224, 0.0245800614357, 0.021819004789, 0.00347515521571, 0.00249770795926, 0.00740031711757, 0.0119605157524, 0.0106749655679, 0.00933310575783, 0.0141634885222, 0.0194796733558, 0.0683558732271, 0.0679470002651, 0.111174359918, 0.118936777115, 0.143750101328, 0.0645487606525, 0.0617927610874],
        "min": [0, 0, 0, 0, 0, 0, 0, 0, 0, 0, 0, 0, 0, 0, 0, 0, 0, 0, 0, 0, 0, 0, 0, 0, 0, 0, 0, 0, 0, 0, 0, 0, 0, 0, 0, 0],
