{
"metadata": {
    "version": {
        "essentia": "2.1-beta3"
    }
},
"lowLevel": {
    "average_loudness": 0.859764933586,
    "barkbands_kurtosis": {
        "kurt": 37.9828605652,
        "max": 10.235458374,
        "mean": 0.270221829414,
        "median": 0.151888132095,
        "min": -1.3897844553,
        "skew": 4.02916288376,
        "var": 0.723284184933
    },
    "barkbands_skewness": {
        "kurt": 4.58732795715,
        "max": 1.85682928562,
        "mean": 0.592999100685,
        "median": 0.632335364819,
        "min": -2.17221212387,
        "skew": -1.33383285999,
        "var": 0.207037344575
    },
    "barkbands_spread": {
        "kurt": 4.59332036972,
        "max": 33.8131027222,
        "mean": 15.2597875595,
        "median": 15.1302070618,
        "min": 3.06231713295,
        "skew": 0.801124334335,
        "var": 10.3572969437
    },
    "dissonance": {
        "kurt": 43.909740448,
        "max": 0.499747574329,
        "mean": 0.475936174393,
        "median": 0.479850560427,
        "min": 0.21551579237,
        "skew": -4.39004707336,
        "var": 0.000430049141869
    },
    "hfc": {
        "kurt": 84.5816040039,
        "max": 9.58307933807,
        "mean": 0.350198537111,
        "median": 0.209513828158,
        "min": 7.79690001451e-09,
        "skew": 8.24297332764,
        "var": 0.505238175392
    },
    "pitch": {
        "kurt": 20.7440757751,
        "max": 3781.66772461,
        "mean": 343.222595215,
        "median": 235.415054321,
        "min": 65.0519561768,
        "skew": 3.47960853577,
        "var": 115791.898438
    },
    "pitch_instantaneous_confidence": {
        "kurt": 10.0458364487,
        "max": 0.959040105343,
        "mean": 0.258507817984,
        "median": 0.222796022892,
        "min": 0.12109130621,
        "skew": 2.87036848068,
        "var": 0.0153808360919
    },
    "pitch_salience": {
        "kurt": 11.1450567245,
        "max": 0.880802989006,
        "mean": 0.763173341751,
        "median": 0.773038268089,
        "min": 0.306419670582,
        "skew": -2.5500228405,
        "var": 0.00394798628986
    },
    "silence_rate_20dB": {
        "kurt": 0,
        "max": 1,
        "mean": 1,
        "median": 1,
        "min": 1,
        "skew": 0,
        "var": 0
    },
    "silence_rate_30dB": {
        "kurt": 0,
        "max": 1,
        "mean": 1,
        "median": 1,
        "min": 1,
        "skew": 0,
        "var": 0
    },
    "silence_rate_60dB": {
        "kurt": 187.34161377,
        "max": 1,
        "mean": 0.994800686836,
        "median": 1,
        "min": 0,
        "skew": -13.7600803375,
        "var": 0.00517223263159
    },
    "spectral_centroid": {
        "kurt": 20.0884361267,
        "max": 2703.93920898,
        "mean": 874.401977539,
        "median": 828.651428223,
        "min": 506.416503906,
        "skew": 3.57899188995,
        "var": 55550.6015625
    },
    "spectral_complexity": {
        "kurt": 10.1780405045,
        "max": 8,
        "mean": 0.566724419594,
        "median": 0,
        "min": 0,
        "skew": 2.67548966408,
        "var": 1.01850914955
    },
    "spectral_crest": {
        "kurt": 4.92504358292,
        "max": 19.1333656311,
        "mean": 6.26183891296,
        "median": 5.60540390015,
        "min": 2.85099434853,
        "skew": 1.93645620346,
        "var": 6.29481315613
    },
    "spectral_decrease": {
        "kurt": 99.3003387451,
        "max": -3.55835852805e-18,
        "mean": -8.28609611481e-11,
        "median": -6.32607854989e-11,
        "min": -1.6315320206e-09,
        "skew": -8.53636550903,
        "var": 1.08423999338e-20
    },
    "spectral_energy": {
        "kurt": 96.4541473389,
        "max": 0.00702698668465,
        "mean": 0.000344500120264,
        "median": 0.000257167965174,
        "min": 1.41372790211e-11,
        "skew": 8.44463157654,
        "var": 2.05757842764e-07
    },
    "spectral_energyband_high": {
        "kurt": 160.392715454,
        "max": 0.00010149578884,
        "mean": 2.07605171454e-06,
        "median": 1.310067546e-06,
        "min": 1.55252682455e-13,
        "skew": 12.2287225723,
        "var": 4.31755950436e-11
    },
    "spectral_energyband_low": {
        "kurt": 36.4927978516,
        "max": 0.000215753359953,
        "mean": 1.83137835847e-05,
        "median": 1.45747617353e-05,
        "min": 6.9687922967e-12,
        "skew": 4.65909051895,
        "var": 3.16250581278e-10
    },
    "spectral_energyband_middle_high": {
        "kurt": 108.084861755,
        "max": 0.00689765485004,
        "mean": 0.000187974146684,
        "median": 9.97031456791e-05,
        "min": 3.6803719794e-12,
        "skew": 9.12804508209,
        "var": 1.95530546421e-07
    },
    "spectral_energyband_middle_low": {
        "kurt": 2.11380195618,
        "max": 0.000472089013783,
        "mean": 0.000144885343616,
        "median": 0.000134572837851,
        "min": 2.82361091973e-12,
        "skew": 0.976177453995,
        "var": 4.36590941177e-09
    },
    "spectral_flatness_db": {
        "kurt": 10.7606687546,
        "max": 0.300332844257,
        "mean": 0.16844137013,
        "median": 0.165948569775,
        "min": 0.0853780284524,
        "skew": 2.02400231361,
        "var": 0.00035565069993
    },
    "spectral_flux": {
        "kurt": 23.9436988831,
        "max": 0.0665420740843,
        "mean": 0.0117682898417,
        "median": 0.0104168411344,
        "min": 0.000277829851257,
        "skew": 4.302546978,
        "var": 4.31225998909e-05
    },
    "spectral_kurtosis": {
        "kurt": 9.01105594635,
        "max": 38.481880188,
        "mean": 11.4910230637,
        "median": 10.7453231812,
        "min": 1.4425907135,
        "skew": 1.99517738819,
        "var": 14.4208726883
    },
    "spectral_rms": {
        "kurt": 23.794052124,
        "max": 0.00261831958778,
        "mean": 0.000536896579433,
        "median": 0.000500894791912,
        "min": 1.17441331327e-07,
        "skew": 3.63341259956,
        "var": 4.78398440862e-08
    },
    "spectral_rolloff": {
        "kurt": 14.5117149353,
        "max": 3919.04296875,
        "mean": 1413.54052734,
        "median": 1356.59179688,
        "min": 753.662109375,
        "skew": 3.12209868431,
        "var": 149918.46875
    },
    "spectral_skewness": {
        "kurt": 6.0650138855,
        "max": 4.30222797394,
        "mean": 2.47705793381,
        "median": 2.45289230347,
        "min": 0.626571178436,
        "skew": 0.237521827221,
        "var": 0.116696573794
    },
    "spectral_spread": {
        "kurt": 438.653961182,
        "max": 20185028,
        "mean": 2457225.25,
        "median": 2400771.75,
        "min": 1399179.875,
        "skew": 19.6602859497,
        "var": 622608187392
    },
    "spectral_strongpeak": {
        "kurt": 45.3241195679,
        "max": 2.15742969513,
        "mean": 0.106402359903,
        "median": 0.0494571588933,
        "min": 0,
        "skew": 6.1515083313,
        "var": 0.045892290771
    },
    "zerocrossingrate": {
        "kurt": 24.5777378082,
        "max": 0.1357421875,
        "mean": 0.0511747524142,
        "median": 0.05029296875,
        "min": 0.00439453125,
        "skew": 3.77393579483,
        "var": 0.000122998477309
    },
    "barkbands": {
        "kurt": [57.8650245667, 226.265991211, 26.9113044739, 9.63509750366, 5.15867805481, 23.1987342834, 6.42051029205, 4.42006063461, 7.13991451263, 5.1982460022, 114.631439209, 222.46295166, 168.478546143, 187.03125, 109.548423767, 162.748291016, 319.776397705, 97.296333313, 329.198608398, 168.933731079, 122.609550476, 87.8164749146, 62.8140640259, 181.220199585, 60.6250343323, 179.455429077, 21.7317066193],
        "max": [1.56133737619e-05, 0.000178120390046, 8.63092500367e-05, 8.97942809388e-05, 0.000191433020518, 0.000291626522085, 0.000120594952023, 9.40271929721e-05, 0.000151082771481, 0.000159165021614, 0.00344368699007, 0.00185585871805, 0.000282184279058, 0.00081656005932, 0.00030438034446, 0.00124370248523, 0.00041897338815, 0.000228830962442, 0.00171636231244, 0.000350005109794, 2.30959176406e-05, 1.52398513364e-06, 4.31224918884e-07, 2.06776644518e-06, 5.15098236065e-07, 9.25052567879e-09, 1.76165804167e-10],
        "mean": [5.36510981419e-07, 5.26525309397e-06, 7.44465205571e-06, 1.07365194708e-05, 3.67743050447e-05, 2.92842360068e-05, 2.15194359043e-05, 1.64772518474e-05, 2.32112288359e-05, 2.79646010313e-05, 5.96427744313e-05, 2.72272045549e-05, 1.12051957331e-05, 1.42663511724e-05, 1.00923562059e-05, 1.41747477755e-05, 6.07737365499e-06, 6.51007212582e-06, 1.13523674372e-05, 3.80396363653e-06, 7.55234736971e-07, 1.1610795525e-07, 2.2921781806e-08, 2.71696212195e-08, 1.25820536212e-08, 1.7237236638e-10, 1.1298721507e-11],
        "median": [1.21558784372e-07, 3.65675600733e-06, 5.32723515789e-06, 7.31150157662e-06, 2.97680635413e-05, 2.27586569963e-05, 1.73956868821e-05, 1.37570041261e-05, 1.92042716662e-05, 2.29855013458e-05, 1.9690622139e-05, 1.38498608067e-05, 8.42658664624e-06, 7.27575024939e-06, 6.19984348305e-06, 4.39076075054e-06, 3.43206534126e-06, 3.57547196472e-06, 3.17663489113e-06, 1.46884724472e-06, 5.4290052276e-07, 9.73747091848e-08, 1.62457727271e-08, 8.68230376483e-09, 3.73462549774e-09, 6.66581373432e-11, 4.98804339846e-12],
        "min": [2.24287450591e-12, 3.45201167998e-12, 1.80857824376e-12, 9.41980543047e-13, 5.483527586e-13, 2.69186203276e-13, 2.88295835772e-13, 3.19969907774e-13, 4.14143816897e-13, 7.21575631277e-13, 1.04725852556e-12, 5.58494494141e-13, 7.71034169671e-14, 2.60507463041e-13, 3.85314582975e-13, 1.56490787126e-13, 1.56716802621e-13, 1.48300154709e-13, 1.29545666186e-13, 1.09427495277e-13, 4.07879228981e-14, 1.3033106224e-14, 1.00811540512e-14, 9.33882792875e-15, 8.49394136298e-15, 8.21859297468e-15, 7.63806539176e-15],
        "skew": [6.62123537064, 12.8456382751, 4.16636753082, 2.4484193325, 1.82356202602, 3.61997437477, 2.05419778824, 1.62006819248, 1.84088301659, 1.9027916193, 9.88694095612, 14.4112110138, 10.8992156982, 12.3954296112, 9.61090660095, 12.1134605408, 16.3257255554, 8.96304416656, 17.2215042114, 12.6213216782, 10.5048093796, 7.32655143738, 7.12924003601, 11.9239234924, 7.31285762787, 12.2061157227, 3.93967890739],
        "var": [1.90038805005e-12, 8.31297600201e-11, 7.40434380475e-11, 1.12044033773e-10, 7.82661324639e-10, 6.944554376e-10, 2.74278877388e-10, 1.45569792331e-10, 2.74740508122e-10, 4.94487839564e-10, 5.35072786079e-08, 1.30815340782e-08, 2.39644359912e-10, 2.08999462181e-09, 4.98749375133e-10, 6.15709438989e-09, 3.97705701705e-10, 2.49999215773e-10, 6.82724632384e-09, 5.07747066614e-10, 2.55981000286e-12, 9.42073432068e-15, 1.15228668079e-15, 1.33362245875e-14, 2.0072393861e-15, 2.88802692097e-19, 3.38765195964e-22],
        "cov": [[1.90368727726e-12, 5.42397420381e-12, 3.68086637559e-12, 1.60036784172e-12, 2.86815948596e-12, 3.27377101123e-12, 3.05485693165e-12, 9.29651538042e-13, 4.5972084646e-12, 5.5170963284e-12, -8.21315498251e-12, -2.33742734369e-12, 1.37457514988e-12, -1.5778693456e-12, -8.63993013418e-13, -3.25186253793e-12, -2.87988925242e-13, -2.76238071046e-13, -1.85872866577e-12, 9.73429128102e-13, 1.17183986039e-13, 3.82421569048e-15, -1.45495908141e-15, -6.65937980758e-15, -3.23916008118e-15, -3.33946743009e-17, 9.82588333359e-20], [5.42397420381e-12, 8.32740820744e-11, 2.36989594615e-11, 1.19464611814e-11, 1.67526686967e-11, 3.5034367768e-11, 2.60967792515e-11, 8.50772230443e-12, 2.7979975975e-11, 2.79504995537e-11, -4.36698420481e-13, -4.88840521881e-12, 9.03769767358e-12, 1.37055106847e-11, 4.15136154619e-12, -6.68934569195e-12, 8.72130319352e-12, 2.64716243717e-12, 9.23448730678e-12, 1.37735873054e-11, 1.02834396814e-12, 7.41068447926e-14, 4.55539824748e-15, -1.20542537744e-14, -8.55814730742e-15, -1.5071799861e-17, 4.95886174547e-18], [3.68086637559e-12, 2.36989594615e-11, 7.41719810571e-11, 2.97050856135e-11, 2.17180735201e-11, 2.83544299151e-11, 2.93561633335e-11, 1.47600525552e-11, 2.01920997284e-11, 1.79265612771e-11, -6.03929796797e-12, 6.3638737292e-13, 4.13129946919e-12, -5.39011196787e-12, 6.75679477646e-12, -2.39672539627e-12, 5.62480097221e-12, 2.79141683726e-12, 1.49184755261e-12, 3.17172042753e-13, 3.79300215368e-13, 1.02012230043e-13, 1.36278249969e-14, 7.43928912071e-14, 1.22438443119e-14, 1.75864739218e-16, 3.4208701501e-18], [1.60036784172e-12, 1.19464611814e-11, 2.97050856135e-11, 1.12238551786e-10, 6.11254519223e-11, 3.50070389343e-11, 3.24544974228e-11, 7.70496340341e-12, 1.48133363215e-11, 1.55598346707e-11, 6.49384365725e-11, -3.5953427735e-11, -4.91354136198e-12, -1.86330170043e-11, 3.15027656739e-11, 3.80144180023e-11, -3.1340635382e-12, 1.58811262752e-11, -1.09239492452e-11, 2.56323987643e-13, 6.07569875487e-13, 1.13384636695e-13, 1.72479828271e-14, 1.5737641767e-13, 1.51360078171e-14, 7.6949581596e-16, 1.04367834612e-17], [2.86815948596e-12, 1.67526686967e-11, 2.17180735201e-11, 6.11254519223e-11, 7.84020126599e-10, 1.61037461144e-10, 8.75101796582e-11, 5.1350750041e-11, 8.01702454423e-11, 4.74085458391e-11, 2.67654315378e-10, 1.69219610546e-10, 2.06331913361e-11, -3.07682004874e-12, 2.79466484676e-11, 1.05530167938e-10, 5.26135801593e-11, 3.26905794101e-11, 2.33553593132e-10, 1.9482445171e-11, 2.92199511115e-12, 3.44772875614e-13, 1.15243480991e-13, 1.80534474631e-13, 5.73967753209e-14, 1.59371546603e-15, 5.50304732686e-17], [3.27377101123e-12, 3.5034367768e-11, 2.83544299151e-11, 3.50070389343e-11, 1.61037461144e-10, 6.95661084293e-10, 1.08686441791e-10, 8.00465110862e-11, 2.78441558005e-11, 7.04146393971e-11, 2.7556112947e-10, 9.8457700326e-12, 1.76195885139e-12, -3.28907109881e-11, 2.11752386459e-11, 5.22400386838e-11, -3.06443715889e-12, 2.41963341724e-11, -2.3535881577e-11, 1.2959303769e-11, 2.68707517175e-12, 2.80578620233e-13, 2.63396550122e-14, 1.86720444336e-13, 3.4547221312e-14, 5.64327654295e-16, 5.39736714539e-18], [3.05485693165e-12, 2.60967792515e-11, 2.93561633335e-11, 3.24544974228e-11, 8.75101796582e-11, 1.08686441791e-10, 2.74755052043e-10, 3.54971226024e-11, 6.74832689729e-11, 5.61372476282e-11, -2.22414170414e-11, -9.21692028255e-11, 1.66708389714e-12, -5.26147042601e-11, 5.09627550663e-13, -1.44803275273e-11, 9.04042682728e-13, 1.09322542338e-11, -4.54268254957e-11, 2.20797789774e-11, 1.6634209201e-12, 1.83889077468e-13, 1.88942862278e-14, 7.06984926331e-14, -3.71048711775e-15, 2.44214845286e-16, -6.48279313159e-18], [9.29651538042e-13, 8.50772230443e-12, 1.47600525552e-11, 7.70496340341e-12, 5.1350750041e-11, 8.00465110862e-11, 3.54971226024e-11, 1.45822520725e-10, 4.89678401994e-11, 7.84178486035e-11, 1.70869651761e-10, 4.0908804122e-11, 1.05186050842e-11, -1.92073371097e-11, 4.02822069592e-14, -7.75594605901e-12, -4.38649160397e-12, 2.14753995836e-11, -1.49097748037e-11, 1.92116392239e-11, 2.6402805723e-12, 2.83376403939e-13, 4.59267803096e-14, 3.58139387558e-14, 2.3849652586e-14, 7.2306411677e-17, 1.48005292878e-17], [4.5972084646e-12, 2.7979975975e-11, 2.01920997284e-11, 1.48133363215e-11, 8.01702454423e-11, 2.78441558005e-11, 6.74832689729e-11, 4.89678401994e-11, 2.75217487689e-10, 1.13174372651e-10, 1.55527812851e-10, 7.95192644371e-12, 3.49793249921e-11, -2.83489343111e-11, 4.63178670765e-12, -1.42220436816e-11, 9.64327315917e-12, 3.48024213614e-11, -1.55393874851e-11, 4.01737081102e-11, 3.67637344179e-12, 4.20510360474e-13, 4.95871383234e-14, 1.12827743025e-13, 4.15661835463e-14, 9.79792193021e-17, 2.26321529047e-17], [5.5170963284e-12, 2.79504995537e-11, 1.79265612771e-11, 1.55598346707e-11, 4.74085458391e-11, 7.04146393971e-11, 5.61372476282e-11, 7.84178486035e-11, 1.13174372651e-10, 4.95346319518e-10, 4.20179446792e-10, 2.15660250075e-11, 3.17380947912e-11, 7.0275923969e-11, 6.07617636761e-11, 4.27620439059e-11, 4.87658802228e-11, 6.50751882936e-11, 1.14875305449e-11, 8.1794390705e-11, 7.98826109427e-12, 6.84445935258e-13, 1.28349032249e-13, 3.71711477787e-13, 2.09901513488e-13, 7.99705828359e-16, 4.92901475287e-17], [-8.21315498251e-12, -4.36698420481e-13, -6.03929796797e-12, 6.49384365725e-11, 2.67654315378e-10, 2.7556112947e-10, -2.22414170414e-11, 1.70869651761e-10, 1.55527812851e-10, 4.20179446792e-10, 5.36001749651e-08, 1.63703415268e-08, 2.87658452613e-10, 5.44278622172e-10, 2.12021489254e-09, 1.4060731246e-08, 1.06049537207e-10, 1.99020555591e-09, 3.55255846962e-09, 4.34189836862e-11, 4.4147147743e-11, 4.79085694727e-12, 3.00372053619e-12, 1.12254120929e-11, 7.49980719889e-12, 3.39315130626e-14, 1.61419216989e-15], [-2.33742734369e-12, -4.88840521881e-12, 6.3638737292e-13, -3.5953427735e-11, 1.69219610546e-10, 9.8457700326e-12, -9.21692028255e-11, 4.0908804122e-11, 7.95192644371e-12, 2.15660250075e-11, 1.63703415268e-08, 1.31042448004e-08, 1.41430533951e-10, 1.90637033937e-10, 3.07047332004e-10, 4.38110880907e-09, 5.46819478586e-10, 3.21077359144e-10, 3.61468677212e-09, 6.2242211385e-11, 1.80296819141e-11, 1.58134529776e-12, 1.37081101678e-12, 2.16429066509e-12, 2.13934924463e-12, 1.33100495754e-14, 7.71197822789e-16], [1.37457514988e-12, 9.03769767358e-12, 4.13129946919e-12, -4.91354136198e-12, 2.06331913361e-11, 1.76195885139e-12, 1.66708389714e-12, 1.05186050842e-11, 3.49793249921e-11, 3.17380947912e-11, 2.87658452613e-10, 1.41430533951e-10, 2.4006041599e-10, 2.42644238035e-10, 4.08526441842e-11, 5.44633366184e-11, 2.65511067993e-11, 2.57353166555e-11, 4.16558974814e-11, 1.05194195368e-11, 1.13293727698e-12, 2.2397860476e-13, 6.02986898694e-14, 2.89304387738e-13, 8.04356581341e-14, 8.38668285142e-16, 7.0721394657e-17], [-1.5778693456e-12, 1.37055106847e-11, -5.39011196787e-12, -1.86330170043e-11, -3.07682004874e-12, -3.28907109881e-11, -5.26147042601e-11, -1.92073371097e-11, -2.83489343111e-11, 7.0275923969e-11, 5.44278622172e-10, 1.90637033937e-10, 2.42644238035e-10, 2.0936230527e-09, 3.05073882823e-10, 1.30391419884e-10, 9.95981977447e-11, 5.39309014114e-11, 1.77536790824e-10, 9.12596734293e-12, 5.40401707758e-13, 2.7574868929e-13, 1.69876753723e-13, 1.05884669522e-12, 3.23766431417e-13, 2.75967018809e-15, 2.20094682141e-16], [-8.63993013418e-13, 4.15136154619e-12, 6.75679477646e-12, 3.15027656739e-11, 2.79466484676e-11, 2.11752386459e-11, 5.09627550663e-13, 4.02822069592e-14, 4.63178670765e-12, 6.07617636761e-11, 2.12021489254e-09, 3.07047332004e-10, 4.08526441842e-11, 3.05073882823e-10, 4.9961523807e-10, 8.51344106323e-10, 4.06361819194e-11, 2.00426120145e-10, 2.0187992944e-10, 1.43984234258e-11, 2.4397504416e-12, 4.14877875977e-13, 3.05155830075e-13, 1.69800306628e-12, 4.97986471937e-13, 6.69150522617e-15, 6.79700860605e-17], [-3.25186253793e-12, -6.68934569195e-12, -2.39672539627e-12, 3.80144180023e-11, 1.05530167938e-10, 5.22400386838e-11, -1.44803275273e-11, -7.75594605901e-12, -1.42220436816e-11, 4.27620439059e-11, 1.4060731246e-08, 4.38110880907e-09, 5.44633366184e-11, 1.30391419884e-10, 8.51344106323e-10, 6.16778361717e-09, 1.1527682281e-10, 4.27208990406e-10, 1.50336609828e-09, 6.64494223535e-11, 1.72424505229e-11, 1.67853133736e-12, 1.16027370003e-12, 3.96327805643e-12, 2.24549090259e-12, 1.56683595541e-14, 5.11708538244e-16], [-2.87988925242e-13, 8.72130319352e-12, 5.62480097221e-12, -3.1340635382e-12, 5.26135801593e-11, -3.06443715889e-12, 9.04042682728e-13, -4.38649160397e-12, 9.64327315917e-12, 4.87658802228e-11, 1.06049537207e-10, 5.46819478586e-10, 2.65511067993e-11, 9.95981977447e-11, 4.06361819194e-11, 1.1527682281e-10, 3.98396149404e-10, 2.83150412839e-11, 1.37267808231e-09, 1.48763057428e-10, 1.16018132601e-11, 5.99123832143e-13, 3.90511895824e-13, 3.11568940136e-13, 1.78908076505e-13, 5.56830862141e-15, 9.46667579955e-17], [-2.76238071046e-13, 2.64716243717e-12, 2.79141683726e-12, 1.58811262752e-11, 3.26905794101e-11, 2.41963341724e-11, 1.09322542338e-11, 2.14753995836e-11, 3.48024213614e-11, 6.50751882936e-11, 1.99020555591e-09, 3.21077359144e-10, 2.57353166555e-11, 5.39309014114e-11, 2.00426120145e-10, 4.27208990406e-10, 2.83150412839e-11, 2.50433257465e-10, 1.18447751607e-10, 4.03889664768e-11, 3.62704007453e-12, 4.08244943927e-13, 2.30018369803e-13, 1.021087403e-12, 3.73339515769e-13, 3.28604886052e-15, 8.59494059223e-17], [-1.85872866577e-12, 9.23448730678e-12, 1.49184755261e-12, -1.09239492452e-11, 2.33553593132e-10, -2.3535881577e-11, -4.54268254957e-11, -1.49097748037e-11, -1.55393874851e-11, 1.14875305449e-11, 3.55255846962e-09, 3.61468677212e-09, 4.16558974814e-11, 1.77536790824e-10, 2.0187992944e-10, 1.50336609828e-09, 1.37267808231e-09, 1.18447751607e-10, 6.83909950894e-09, 3.37079114621e-10, 4.53584045323e-11, 1.64120919546e-12, 1.996762998e-12, 1.89115173174e-12, 1.08784791071e-12, 2.62628189595e-14, 4.24023608135e-16], [9.73429128102e-13, 1.37735873054e-11, 3.17172042753e-13, 2.56323987643e-13, 1.9482445171e-11, 1.2959303769e-11, 2.20797789774e-11, 1.92116392239e-11, 4.01737081102e-11, 8.1794390705e-11, 4.34189836862e-11, 6.2242211385e-11, 1.05194195368e-11, 9.12596734293e-12, 1.43984234258e-11, 6.64494223535e-11, 1.48763057428e-10, 4.03889664768e-11, 3.37079114621e-10, 5.08628583695e-10, 3.20204210369e-11, 1.6487371364e-12, 1.64347769877e-13, 6.50459232917e-14, 2.5720196101e-14, 6.62893966691e-16, 9.11110079815e-18], [1.17183986039e-13, 1.02834396814e-12, 3.79300215368e-13, 6.07569875487e-13, 2.92199511115e-12, 2.68707517175e-12, 1.6634209201e-12, 2.6402805723e-12, 3.67637344179e-12, 7.98826109427e-12, 4.4147147743e-11, 1.80296819141e-11, 1.13293727698e-12, 5.40401707758e-13, 2.4397504416e-12, 1.72424505229e-11, 1.16018132601e-11, 3.62704007453e-12, 4.53584045323e-11, 3.20204210369e-11, 2.56425414756e-12, 1.15535863212e-13, 2.1591911676e-14, 1.99457166956e-14, 1.01306944672e-14, 1.37297529184e-16, 3.11369228693e-18], [3.82421569048e-15, 7.41068447926e-14, 1.02012230043e-13, 1.13384636695e-13, 3.44772875614e-13, 2.80578620233e-13, 1.83889077468e-13, 2.83376403939e-13, 4.20510360474e-13, 6.84445935258e-13, 4.79085694727e-12, 1.58134529776e-12, 2.2397860476e-13, 2.7574868929e-13, 4.14877875977e-13, 1.67853133736e-12, 5.99123832143e-13, 4.08244943927e-13, 1.64120919546e-12, 1.6487371364e-12, 1.15535863212e-13, 9.43708967986e-15, 1.1812911006e-15, 2.66495644623e-15, 1.25443080741e-15, 1.02621085585e-17, 3.33606257891e-19], [-1.45495908141e-15, 4.55539824748e-15, 1.36278249969e-14, 1.72479828271e-14, 1.15243480991e-13, 2.63396550122e-14, 1.88942862278e-14, 4.59267803096e-14, 4.95871383234e-14, 1.28349032249e-13, 3.00372053619e-12, 1.37081101678e-12, 6.02986898694e-14, 1.69876753723e-13, 3.05155830075e-13, 1.16027370003e-12, 3.90511895824e-13, 2.30018369803e-13, 1.996762998e-12, 1.64347769877e-13, 2.1591911676e-14, 1.1812911006e-15, 1.15428716085e-15, 1.96153814694e-15, 8.48160242228e-16, 1.27359493446e-17, 2.33160604585e-19], [-6.65937980758e-15, -1.20542537744e-14, 7.43928912071e-14, 1.5737641767e-13, 1.80534474631e-13, 1.86720444336e-13, 7.06984926331e-14, 3.58139387558e-14, 1.12827743025e-13, 3.71711477787e-13, 1.12254120929e-11, 2.16429066509e-12, 2.89304387738e-13, 1.05884669522e-12, 1.69800306628e-12, 3.96327805643e-12, 3.11568940136e-13, 1.021087403e-12, 1.89115173174e-12, 6.50459232917e-14, 1.99457166956e-14, 2.66495644623e-15, 1.96153814694e-15, 1.33593782331e-14, 3.81539723047e-15, 4.5347235629e-17, 5.40826556015e-19], [-3.23916008118e-15, -8.55814730742e-15, 1.22438443119e-14, 1.51360078171e-14, 5.73967753209e-14, 3.4547221312e-14, -3.71048711775e-15, 2.3849652586e-14, 4.15661835463e-14, 2.09901513488e-13, 7.49980719889e-12, 2.13934924463e-12, 8.04356581341e-14, 3.23766431417e-13, 4.97986471937e-13, 2.24549090259e-12, 1.78908076505e-13, 3.73339515769e-13, 1.08784791071e-12, 2.5720196101e-14, 1.01306944672e-14, 1.25443080741e-15, 8.48160242228e-16, 3.81539723047e-15, 2.01072407964e-15, 1.1760559473e-17, 3.78469018799e-19], [-3.33946743009e-17, -1.5071799861e-17, 1.75864739218e-16, 7.6949581596e-16, 1.59371546603e-15, 5.64327654295e-16, 2.44214845286e-16, 7.2306411677e-17, 9.79792193021e-17, 7.99705828359e-16, 3.39315130626e-14, 1.33100495754e-14, 8.38668285142e-16, 2.75967018809e-15, 6.69150522617e-15, 1.56683595541e-14, 5.56830862141e-15, 3.28604886052e-15, 2.62628189595e-14, 6.62893966691e-16, 1.37297529184e-16, 1.02621085585e-17, 1.27359493446e-17, 4.5347235629e-17, 1.1760559473e-17, 2.89304066946e-19, 2.59341397654e-21], [9.82588333359e-20, 4.95886174547e-18, 3.4208701501e-18, 1.04367834612e-17, 5.50304732686e-17, 5.39736714539e-18, -6.48279313159e-18, 1.48005292878e-17, 2.26321529047e-17, 4.92901475287e-17, 1.61419216989e-15, 7.71197822789e-16, 7.0721394657e-17, 2.20094682141e-16, 6.79700860605e-17, 5.11708538244e-16, 9.46667579955e-17, 8.59494059223e-17, 4.24023608135e-16, 9.11110079815e-18, 3.11369228693e-18, 3.33606257891e-19, 2.33160604585e-19, 5.40826556015e-19, 3.78469018799e-19, 2.59341397654e-21, 3.39353345411e-22]]
    },
    "mfcc": {
        "kurt": [24.9325828552, 50.743221283, 3.18367576599, 6.3845539093, 1.17413282394, 0.878157377243, 0.136333942413, 1.23329210281, 0.78523683548, 1.65628004074, 1.93139410019, 0.468817949295, 1.28234243393],
        "max": [-779.753112793, 186.144958496, 10.2133178711, 60.266204834, 26.9395484924, 9.49621582031, 29.8728561401, 14.8876972198, 10.0561103821, 19.2749347687, 9.59973526001, 9.08222961426, 18.1706962585],
        "mean": [-867.93951416, 158.633468628, -43.4798240662, 6.62316894531, -4.44276237488, -16.0614738464, 8.59837341309, -7.00367593765, -5.21065378189, -3.87876701355, -8.7249584198, -5.28210830688, -4.81889724731],
        "median": [-866.776550293, 160.13470459, -41.9496269226, 6.47786331177, -4.95359802246, -16.559425354, 8.35374832153, -6.98976135254, -4.84768676758, -3.74990081787, -8.42699241638, -5.37358856201, -4.9486618042],
        "min": [-1138.42004395, 1.14440917969e-05, -93.1779403687, -28.4530563354, -34.6899986267, -32.4212989807, -11.5134277344, -33.7418060303, -27.9246902466, -31.3175544739, -33.1233062744, -23.9012947083, -26.8157615662],
        "skew": [-3.55785727501, -5.86079549789, -0.431486696005, 0.914021670818, 0.302174389362, 0.501993179321, 0.326173096895, -0.201657295227, -0.51606541872, -0.303008288145, -0.464830607176, -0.240101635456, 0.279503256083],
        "var": [1106.66589355, 239.474411011, 174.434799194, 78.6316146851, 66.8470001221, 37.2895240784, 44.3254470825, 37.3530807495, 36.4112167358, 36.5223617554, 29.8640499115, 25.4143009186, 33.7182121277],
        "cov": [[1108.58728027, 367.326263428, -320.557830811, 95.0368728638, -45.5019264221, -58.6208648682, 105.449836731, 14.2595586777, 24.4918613434, -23.3433856964, -41.9984283447, -7.7017660141, 18.3971500397], [367.326263428, 239.890167236, -39.7459182739, 23.4251995087, -16.3631877899, -22.1160125732, 20.0534553528, 0.364788889885, 4.39459085464, -7.36265230179, -3.48735141754, 4.7088394165, -5.1011428833], [-320.557830811, -39.7459182739, 174.737640381, 0.579107940197, 4.93559169769, 10.3853492737, -39.4713363647, -8.23655700684, -2.10228729248, 7.26144075394, 15.5337505341, 10.2248830795, -8.84336090088], [95.0368728638, 23.4251995087, 0.579107940197, 78.7681274414, -7.71866798401, -5.6886677742, 14.8159980774, -3.28149104118, 8.59264850616, 5.00999593735, -6.04115867615, 7.22245264053, 11.6330604553], [-45.5019264221, -16.3631877899, 4.93559169769, -7.71866798401, 66.9630508423, 25.387840271, -7.49666023254, -2.04021072388, -14.7285270691, 1.32274436951, 1.87218606472, -4.11390733719, -0.444442629814], [-58.6208648682, -22.1160125732, 10.3853492737, -5.6886677742, 25.387840271, 37.3542633057, 9.27549362183, 0.0163094867021, -3.249979496, 1.90578567982, 6.82779693604, 1.12178099155, -0.32094180584], [105.449836731, 20.0534553528, -39.4713363647, 14.8159980774, -7.49666023254, 9.27549362183, 44.4024009705, 21.3641891479, 7.95418119431, 1.12382054329, -3.65359115601, 0.22018173337, 7.57626247406], [14.2595586777, 0.364788889885, -8.23655700684, -3.28149104118, -2.04021072388, 0.0163094867021, 21.3641891479, 37.4179267883, 18.2382736206, -4.24362564087, -2.0421090126, -0.5184045434, 4.35623455048], [24.4918613434, 4.39459085464, -2.10228729248, 8.59264850616, -14.7285270691, -3.249979496, 7.95418119431, 18.2382736206, 36.4744300842, 10.1147422791, 1.16995108128, 3.64893007278, 2.32741808891], [-23.3433856964, -7.36265230179, 7.26144075394, 5.00999593735, 1.32274436951, 1.90578567982, 1.12382054329, -4.24362564087, 10.1147422791, 36.5857696533, 15.6663703918, 1.95901596546, -0.273682624102], [-41.9984283447, -3.48735141754, 15.5337505341, -6.04115867615, 1.87218606472, 6.82779693604, -3.65359115601, -2.0421090126, 1.16995108128, 15.6663703918, 29.9158973694, 10.7413463593, -6.84483528137], [-7.7017660141, 4.7088394165, 10.2248830795, 7.22245264053, -4.11390733719, 1.12178099155, 0.22018173337, -0.5184045434, 3.64893007278, 1.95901596546, 10.7413463593, 25.4584236145, 12.656829834], [18.3971500397, -5.1011428833, -8.84336090088, 11.6330604553, -0.444442629814, -0.32094180584, 7.57626247406, 4.35623455048, 2.32741808891, -0.273682624102, -6.84483528137, 12.656829834, 33.7767486572]]
    },
    "sccoeffs": {
        "kurt": [0.0741944313049, 0.782914638519, 10.777756691, 6.42132377625, 10.1912260056, 13.180809021],
        "max": [-0.611223101616, -0.679428637028, -0.54496473074, -0.683668136597, -0.64078104496, -0.738769054413],
        "mean": [-0.772047281265, -0.833752453327, -0.840554833412, -0.844386160374, -0.839288711548, -0.816599905491],
        "median": [-0.771377205849, -0.837319791317, -0.845797598362, -0.848925828934, -0.844426989555, -0.815147459507],
        "min": [-0.919350206852, -0.972477555275, -0.939446747303, -0.923161804676, -0.942070245743, -0.954495549202],
        "skew": [0.15662458539, 0.27465480566, 2.24935865402, 1.87881886959, 2.40955543518, -1.07654643059],
        "var": [0.00244056642987, 0.00129452091642, 0.00165726407431, 0.000908983871341, 0.000771690392867, 0.000232501421124],
        "cov": [[0.00244480348192, -2.39887667703e-05, 0.000105528924905, 6.99712327332e-05, 0.000103684607893, -6.64031031192e-05], [-2.39887667703e-05, 0.00129676843062, -2.23963506869e-05, 2.61256955127e-05, 6.40023354208e-05, 9.90499102045e-05], [0.000105528924905, -2.23963506869e-05, 0.00166014127899, 0.000446248333901, 0.000567192444578, -2.43491631409e-05], [6.99712327332e-05, 2.61256955127e-05, 0.000446248333901, 0.000910561939236, 0.000375934934709, -3.45273438143e-05], [0.000103684607893, 6.40023354208e-05, 0.000567192444578, 0.000375934934709, 0.00077303010039, -1.59749633895e-05], [-6.64031031192e-05, 9.90499102045e-05, -2.43491631409e-05, -3.45273438143e-05, -1.59749633895e-05, 0.0002329050767]]
    },
    "scvalleys": {
        "kurt": [38.8617858887, 83.1023101807, 83.3209457397, 112.698326111, 102.916885376, 38.9068145752],
        "max": [-6.14982318878, -5.90510749817, -6.27035856247, -6.73473358154, -7.15333890915, -10.5870409012],
        "mean": [-7.61669826508, -7.11956787109, -7.22316741943, -8.02587509155, -9.04434871674, -12.1646299362],
        "median": [-7.58392333984, -7.06048440933, -7.15173435211, -8.00202274323, -9.0172662735, -12.1622285843],
        "min": [-14.9386348724, -15.4491186142, -15.6483325958, -16.6811351776, -17.1300773621, -18.6822090149],
        "skew": [-3.95499801636, -6.76509904861, -6.88212060928, -8.01002216339, -7.80712556839, -3.94952464104],
        "var": [0.371729701757, 0.330230593681, 0.341485470533, 0.301165699959, 0.283515334129, 0.324318438768],
        "cov": [[0.372375071049, 0.220158442855, 0.241141214967, 0.221648275852, 0.229925692081, 0.20699352026], [0.220158442855, 0.330803930759, 0.256198346615, 0.232901990414, 0.244146555662, 0.234463766217], [0.241141214967, 0.256198346615, 0.342078328133, 0.262643665075, 0.267918795347, 0.272395163774], [0.221648275852, 0.232901990414, 0.262643665075, 0.301688551903, 0.255975097418, 0.265906482935], [0.229925692081, 0.244146555662, 0.267918795347, 0.255975097418, 0.284007549286, 0.266672998667], [0.20699352026, 0.234463766217, 0.272395163774, 0.265906482935, 0.266672998667, 0.324881494045]]
    }
},
"rhythm": {
    "beats_loudness": {
        "kurt": 4.04155349731,
        "max": 0.00288515212014,
        "mean": 0.000540514243767,
        "median": 0.00022840242309,
        "min": 0.000131153996335,
        "skew": 2.3732612133,
        "var": 5.88658110701e-07
    },
    "bpm": 83.6305923462,
    "confidence": 2.06807947159,
    "first_peak_bpm": {
        "kurt": 0,
        "max": 83,
        "mean": 83,
        "median": 83,
        "min": 83,
        "skew": 0,
        "var": 0
    },
    "first_peak_spread": {
        "kurt": 0,
        "max": 0.45454543829,
        "mean": 0.45454543829,
        "median": 0.45454543829,
        "min": 0.45454543829,
        "skew": 0,
        "var": 0
    },
    "first_peak_weight": {
        "kurt": 0,
        "max": 0.333333343267,
        "mean": 0.333333343267,
        "median": 0.333333343267,
        "min": 0.333333343267,
        "skew": 0,
        "var": 0
    },
    "onset_rate": 0.673776209354,
    "second_peak_bpm": {
        "kurt": 0,
        "max": 105,
        "mean": 105,
        "median": 105,
        "min": 105,
        "skew": 0,
        "var": 0
    },
    "second_peak_spread": {
        "kurt": 0,
        "max": 0.571428537369,
        "mean": 0.571428537369,
        "median": 0.571428537369,
        "min": 0.571428537369,
        "skew": 0,
        "var": 0
    },
    "second_peak_weight": {
        "kurt": 0,
        "max": 0.166666671634,
        "mean": 0.166666671634,
        "median": 0.166666671634,
        "min": 0.166666671634,
        "skew": 0,
        "var": 0
    },
    "beats_loudness_band_ratio": {
        "kurt": [-0.348690271378, 0.00244522094727, -0.232631921768, 1.35257530212, 1.94871807098, 13.6059246063],
        "max": [0.189136385918, 0.455995202065, 0.464422315359, 0.822537600994, 0.266720473766, 0.324721127748],
        "mean": [0.100767835975, 0.197648957372, 0.252017736435, 0.33453771472, 0.11913151294, 0.0380234904587],
        "median": [0.107180804014, 0.181391462684, 0.248175755143, 0.29605910182, 0.101341068745, 0.0230223480612],
        "min": [0.00861992966384, 0.0184062775224, 0.0313949398696, 0.106458820403, 0.0601772591472, 0.00719374604523],
        "skew": [-0.0366459339857, 0.604007482529, -0.254640966654, 1.40560293198, 1.51523983479, 3.91753292084],
        "var": [0.00224651489407, 0.0116912033409, 0.0137165924534, 0.0321215838194, 0.00253819068894, 0.00462847854942],
        "cov": [[0.00237132143229, 0.00238564098254, 0.00148715265095, -0.00551198795438, -0.000313949625706, 0.000203624309506], [0.00238564098254, 0.0123407142237, 0.0037695588544, -0.0141151314601, -0.00278686662205, -0.001591371838], [0.00148715265095, 0.0037695588544, 0.0144786257297, -0.0132955564186, -0.00255060289055, -0.00278951064683], [-0.00551198795438, -0.0141151314601, -0.0132955564186, 0.0339061170816, 0.000601759704296, -0.00298947189003], [-0.000313949625706, -0.00278686662205, -0.00255060289055, 0.000601759704296, 0.00267920130864, 0.00237511796877], [0.000203624309506, -0.001591371838, -0.00278951064683, -0.00298947189003, 0.00237511796877, 0.00488561624661]]
    },
    "beats_position": [0.754648506641, 1.49768710136, 2.21750569344, 2.94893407822, 3.66875267029, 4.38857126236, 5.0967798233, 5.81659841537, 6.52480697632, 7.25623559952, 7.95283412933, 8.64943313599, 9.21832180023, 9.77560043335, 10.3328800201, 10.9133787155, 11.4822673798, 12.0395460129, 12.6084346771],
    "bpm_estimates": [80.7495040894, 83.3543319702, 82.0312728882, 83.3543319702, 83.3543319702, 84.7208023071, 83.3543319702, 84.7208023071, 82.0312423706, 86.1328277588, 86.1327667236],
    "bpm_intervals": [0.743038594723, 0.719818592072, 0.731428384781, 0.719818592072, 0.719818592072, 0.708208560944, 0.719818592072, 0.708208560944, 0.731428623199, 0.696598529816, 0.696599006653, 0.568888664246, 0.557278633118, 0.557279586792, 0.580498695374, 0.568888664246, 0.557278633118, 0.568888664246],
    "onset_times": [0.0580498874187, 0.510838985443, 5.85142850876, 7.22140598297, 7.47682523727, 7.92961454391, 9.06739234924, 11.2965078354, 12.9915647507],
    "histogram": [[0, 0, 0, 0, 0, 0, 0, 0, 0, 0, 0, 0, 0, 0, 0, 0, 0, 0, 0, 0, 0, 0, 0, 0, 0, 0, 0, 0, 0, 0, 0, 0, 0, 0, 0, 0, 0, 0, 0, 0, 0, 0, 0, 0, 0, 0, 0, 0, 0, 0, 0, 0, 0, 0, 0, 0, 0, 0, 0, 0, 0, 0, 0, 0, 0, 0, 0, 0, 0, 0, 0, 0, 0, 0, 0, 0, 0, 0, 0, 0, 0, 0.0555555559695, 0.111111111939, 0.222222223878, 0, 0.111111111939, 0.111111111939, 0, 0, 0, 0, 0, 0, 0, 0, 0, 0, 0, 0, 0, 0, 0, 0, 0.0555555559695, 0, 0.166666671634, 0, 0, 0.166666671634, 0, 0, 0, 0, 0, 0, 0, 0, 0, 0, 0, 0, 0, 0, 0, 0, 0, 0, 0, 0, 0, 0, 0, 0, 0, 0, 0, 0, 0, 0, 0, 0, 0, 0, 0, 0, 0, 0, 0, 0, 0, 0, 0, 0, 0, 0, 0, 0, 0, 0, 0, 0, 0, 0, 0, 0, 0, 0, 0, 0, 0, 0, 0, 0, 0, 0, 0, 0, 0, 0, 0, 0, 0, 0, 0, 0, 0, 0, 0, 0, 0, 0, 0, 0, 0, 0, 0, 0, 0, 0, 0, 0, 0, 0, 0, 0, 0, 0, 0, 0, 0, 0, 0, 0, 0, 0, 0, 0, 0, 0, 0, 0, 0, 0, 0, 0, 0, 0, 0, 0, 0, 0, 0, 0, 0, 0, 0, 0, 0, 0, 0, 0, 0, 0, 0, 0, 0, 0, 0, 0, 0]]
},
"sfx": {
    "inharmonicity": {
        "kurt": -0.653453826904,
        "max": 0.407756716013,
        "mean": 0.126826271415,
        "median": 0.109806656837,
        "min": 0,
        "skew": 0.481620490551,
        "var": 0.0079765021801
    },
    "oddtoevenharmonicenergyratio": {
        "kurt": 56.3385124207,
        "max": 13.9518375397,
        "mean": 0.899419546127,
        "median": 0.673609972,
        "min": 0,
        "skew": 5.60287857056,
        "var": 1.00956201553
    },
    "pitch_after_max_to_before_max_energy_ratio": 0.43941450119,
    "pitch_centroid": 294.211547852,
    "pitch_max_to_total": 0.682842314243,
    "pitch_min_to_total": 0.727902948856,
    "tristimulus": {
        "kurt": [2.89968490601, 1.07986545563, -0.25638127327],
        "max": [1, 0.816860496998, 1],
        "mean": [0.214078113437, 0.357056558132, 0.428865402937],
        "median": [0.171577677131, 0.355953633785, 0.440895915031],
        "min": [0, 0, 0],
        "skew": [1.67461836338, 0.184381499887, -0.223781943321],
        "var": [0.0366962477565, 0.0153188090771, 0.0493710562587],
        "cov": [[0.0367599576712, -0.0013243004214, -0.0354356430471], [-0.0013243004214, 0.0153454048559, -0.0140211135149], [-0.0354356430471, -0.0140211135149, 0.0494567677379]]
    }
},
"tonal": {
    "chords_changes_rate": 0.238754332066,
    "chords_number_rate": 0.0415224917233,
    "chords_strength": {
        "kurt": -0.497862815857,
        "max": 0.468342155218,
        "mean": 0.336631417274,
        "median": 0.330998241901,
        "min": 0.220475167036,
        "skew": 0.235679283738,
        "var": 0.0028815313708
    },
    "key_strength": 0.169293865561,
    "tuning_diatonic_strength": 0.195373788476,
    "tuning_equal_tempered_deviation": 0.254462301731,
    "tuning_frequency": 436.456207275,
    "tuning_nontempered_energy_ratio": 0.892619371414,
    "hpcp": {
        "kurt": [-0.199041128159, 0.103604793549, -0.331448793411, -0.478549957275, -0.621915578842, -0.43292927742, -0.00350117683411, 0.112423419952, -0.0901622772217, -0.0869474411011, 0.682383537292, 1.24044370651, 0.779597997665, 0.492307662964, 0.974531650543, 0.317653179169, 0.98264169693, 0.204386711121, 1.27249574661, 1.26273202896, 0.851826906204, 0.433955907822, 1.14629173279, 0.795949935913, 1.42102718353, 1.81424665451, 0.501299381256, 0.14503121376, 0.405782938004, 0.33525800705, 0.911386013031, 0.908975362778, 0.0981786251068, -0.136083602905, 0.337368249893, 0.121292114258],
        "max": [1, 1, 1, 1, 1, 1, 1, 1, 1, 1, 1, 1, 1, 1, 1, 1, 1, 1, 1, 1, 1, 1, 1, 1, 1, 1, 1, 1, 1, 1, 1, 1, 1, 1, 1, 1],
