{
"metadata": {
    "version": {
        "essentia": "2.1-beta3"
    }
},
"lowLevel": {
    "average_loudness": 0.746537208557,
    "barkbands_kurtosis": {
        "kurt": 14.7381286621,
        "max": 98.9140472412,
        "mean": 7.410405159,
        "median": 2.48879885674,
        "min": -0.565235853195,
        "skew": 3.42015886307,
        "var": 167.592636108
    },
    "barkbands_skewness": {
        "kurt": 9.52119159698,
        "max": 7.46586513519,
        "mean": 1.80775761604,
        "median": 1.55190765858,
        "min": 0.110118217766,
        "skew": 2.64860010147,
        "var": 0.932881891727
    },
    "barkbands_spread": {
        "kurt": -0.974936008453,
        "max": 35.3355789185,
        "mean": 16.3788509369,
        "median": 17.949131012,
        "min": 0.879574418068,
        "skew": -0.265822023153,
        "var": 75.6547622681
    },
    "dissonance": {
        "kurt": 2.50628662109,
        "max": 0.499999910593,
        "mean": 0.452244490385,
        "median": 0.467652976513,
        "min": 0.266482561827,
        "skew": -1.7087174654,
        "var": 0.00221076305024
    },
    "hfc": {
        "kurt": 10.8897542953,
        "max": 0.862256288528,
        "mean": 0.0851783901453,
        "median": 0.036380007863,
        "min": 0.0091636357829,
        "skew": 2.9670855999,
        "var": 0.012711157091
    },
    "pitch": {
        "kurt": 2.33563232422,
        "max": 4236.46826172,
        "mean": 828.167724609,
        "median": 280.466003418,
        "min": 66.0665283203,
        "skew": 2.04480552673,
        "var": 1642314.5
    },
    "pitch_instantaneous_confidence": {
        "kurt": -0.114763498306,
        "max": 0.943175375462,
        "mean": 0.396821886301,
        "median": 0.295967549086,
        "min": 0.140514433384,
        "skew": 1.14155864716,
        "var": 0.0517635792494
    },
    "pitch_salience": {
        "kurt": 1.49577283859,
        "max": 0.862989962101,
        "mean": 0.64930921793,
        "median": 0.693127095699,
        "min": 0.140827924013,
        "skew": -1.46400678158,
        "var": 0.022982545197
    },
    "silence_rate_20dB": {
        "kurt": 0,
        "max": 1,
        "mean": 1,
        "median": 1,
        "min": 1,
        "skew": 0,
        "var": 0
    },
    "silence_rate_30dB": {
        "kurt": 0,
        "max": 1,
        "mean": 1,
        "median": 1,
        "min": 1,
        "skew": 0,
        "var": 0
    },
    "silence_rate_60dB": {
        "kurt": 0,
        "max": 1,
        "mean": 1,
        "median": 1,
        "min": 1,
        "skew": 0,
        "var": 0
    },
    "spectral_centroid": {
        "kurt": -0.345368623734,
        "max": 1183.92810059,
        "mean": 718.783630371,
        "median": 703.831665039,
        "min": 461.917297363,
        "skew": 0.445087999105,
        "var": 21705.1503906
    },
    "spectral_complexity": {
        "kurt": 3.43800878525,
        "max": 3,
        "mean": 0.303468197584,
        "median": 0,
        "min": 0,
        "skew": 1.95782184601,
        "var": 0.344323784113
    },
    "spectral_crest": {
        "kurt": 0.84810090065,
        "max": 25.1950073242,
        "mean": 9.78555202484,
        "median": 7.56206035614,
        "min": 3.60757184029,
        "skew": 1.36570119858,
        "var": 30.3557453156
    },
    "spectral_decrease": {
        "kurt": 15.472240448,
        "max": -2.63220998817e-12,
        "mean": -3.49643855535e-11,
        "median": -1.26716710042e-11,
        "min": -4.5258177761e-10,
        "skew": -3.40949273109,
        "var": 2.88598085256e-21
    },
    "spectral_energy": {
        "kurt": 15.2325515747,
        "max": 0.00178635690827,
        "mean": 0.000139689465868,
        "median": 5.10006611876e-05,
        "min": 1.07657178887e-05,
        "skew": 3.38661456108,
        "var": 4.53201423056e-08
    },
    "spectral_energyband_high": {
        "kurt": 0.811078310013,
        "max": 3.54710959982e-06,
        "mean": 1.29712850594e-06,
        "median": 1.24808389046e-06,
        "min": 3.34693226023e-07,
        "skew": 0.774422824383,
        "var": 3.13549099878e-13
    },
    "spectral_energyband_low": {
        "kurt": 2.90790462494,
        "max": 2.98661634588e-05,
        "mean": 7.1917720561e-06,
        "median": 5.95833262196e-06,
        "min": 2.77829599327e-07,
        "skew": 1.45784008503,
        "var": 2.44542927574e-11
    },
    "spectral_energyband_middle_high": {
        "kurt": 17.9556655884,
        "max": 5.09540332132e-05,
        "mean": 1.0085717804e-05,
        "median": 8.62055094331e-06,
        "min": 2.59462126451e-06,
        "skew": 3.64885473251,
        "var": 3.50084232437e-11
    },
    "spectral_energyband_middle_low": {
        "kurt": 15.586523056,
        "max": 0.00176749343518,
        "mean": 0.000124074096675,
        "median": 3.60606936738e-05,
        "min": 6.73355407343e-06,
        "skew": 3.42523050308,
        "var": 4.45623911105e-08
    },
    "spectral_flatness_db": {
        "kurt": 0.597680807114,
        "max": 0.36708176136,
        "mean": 0.178243324161,
        "median": 0.154855251312,
        "min": 0.098800688982,
        "skew": 1.27619302273,
        "var": 0.00300457701087
    },
    "spectral_flux": {
        "kurt": 7.72691917419,
        "max": 0.0360516570508,
        "mean": 0.00682139443234,
        "median": 0.00463801901788,
        "min": 0.00264911400154,
        "skew": 2.65172696114,
        "var": 2.94648471026e-05
    },
    "spectral_kurtosis": {
        "kurt": 1.47332429886,
        "max": 20.5881443024,
        "mean": 7.8732213974,
        "median": 6.29190969467,
        "min": 4.14616918564,
        "skew": 1.47459042072,
        "var": 11.3636951447
    },
    "spectral_rms": {
        "kurt": 3.77478456497,
        "max": 0.00132014672272,
        "mean": 0.000311572366627,
        "median": 0.000223062146688,
        "min": 0.000102484824311,
        "skew": 1.9676990509,
        "var": 3.92050374387e-08
    },
    "spectral_rolloff": {
        "kurt": 9.41945075989,
        "max": 3682.17773438,
        "mean": 994.883605957,
        "median": 861.328125,
        "min": 452.197265625,
        "skew": 3.00153398514,
        "var": 316740.71875
    },
    "spectral_skewness": {
        "kurt": 0.423752069473,
        "max": 3.81364321709,
        "mean": 2.29281806946,
        "median": 2.10405397415,
        "min": 1.66725409031,
        "skew": 1.14639496803,
        "var": 0.211048573256
    },
    "spectral_spread": {
        "kurt": 22.3172893524,
        "max": 13430944,
        "mean": 4826899,
        "median": 5086278,
        "min": 2464562.5,
        "skew": 1.81170678139,
        "var": 818425692160
    },
    "spectral_strongpeak": {
        "kurt": 5.0465259552,
        "max": 0.694987475872,
        "mean": 0.0830149352551,
        "median": 0.0203755348921,
        "min": 0.00310516753234,
        "skew": 2.33804273605,
        "var": 0.0175465513021
    },
    "zerocrossingrate": {
        "kurt": -0.964581727982,
        "max": 0.076171875,
        "mean": 0.0495944172144,
        "median": 0.052734375,
        "min": 0.0224609375,
        "skew": -0.321136534214,
        "var": 0.000187419660506
    },
    "barkbands": {
        "kurt": [103.402786255, 3.99759912491, 2.55389404297, 2.91534948349, 4.71749973297, 39.3227043152, 63.1100997925, 26.2307796478, 13.3329029083, 51.7716217041, 23.6677589417, 2.55609703064, 150.579620361, 103.434959412, 13.6424121857, 33.9458847046, 33.5007209778, 3.58706617355, 2.15161561966, 0.497784614563, 0.118415594101, 0.508695602417, 1.59196472168, 2.3036942482, 2.4403014183, 74.471572876, 334.564697266],
        "max": [1.05555145069e-07, 7.62632453188e-06, 1.84524233191e-05, 2.07473858609e-05, 4.97835681017e-05, 0.000179406080861, 0.00139181315899, 0.000956724223215, 0.000498350476846, 8.64773319336e-05, 1.53145374497e-05, 2.42703458753e-06, 5.34900300408e-06, 1.77127890311e-06, 9.91542037809e-07, 5.63976254853e-06, 4.41365455117e-06, 9.86124177871e-07, 3.48556704921e-06, 5.37866480954e-06, 5.52172025436e-07, 1.11235415545e-07, 3.25261595435e-08, 2.11637036784e-08, 1.65026410315e-08, 2.66855626485e-09, 1.65926816731e-09],
        "mean": [5.85710369094e-09, 1.43462523283e-06, 3.92023503082e-06, 4.33866944149e-06, 1.06791321741e-05, 8.75879140949e-06, 3.0061313737e-05, 3.61791608157e-05, 3.16732548526e-05, 5.0526978157e-06, 1.82699147899e-06, 6.90627018685e-07, 3.10237851409e-07, 1.46736610418e-07, 1.56762581582e-07, 3.16200299721e-07, 3.37087527669e-07, 2.93174423405e-07, 1.14168699383e-06, 2.00288945962e-06, 2.73743069101e-07, 5.49478436085e-08, 1.52667798403e-08, 1.05218127544e-08, 8.36283575723e-09, 7.0181704892e-10, 3.32499687505e-11],
        "median": [4.11546796641e-09, 1.15279385682e-06, 2.97240330838e-06, 3.15273496199e-06, 8.39542371978e-06, 4.02527166443e-06, 3.47492277797e-06, 3.2544755868e-06, 4.76389095638e-06, 2.96631355923e-06, 1.50002756527e-06, 5.75568606109e-07, 2.50708353633e-07, 1.2678893313e-07, 1.25244042692e-07, 1.46598324591e-07, 2.11444429965e-07, 2.60810054442e-07, 1.06622360363e-06, 1.92794732357e-06, 2.69001589004e-07, 5.18501934721e-08, 1.46586387473e-08, 1.02059667384e-08, 8.14562994833e-09, 6.84648782112e-10, 2.64917775217e-11],
        "min": [1.0990767324e-11, 2.45220679318e-08, 5.58884316604e-08, 6.21561184744e-08, 1.28108695208e-06, 1.92234097085e-07, 8.37929334807e-08, 1.49853548237e-07, 4.27110819601e-07, 4.50430263754e-07, 1.73793353042e-07, 1.37078203011e-07, 1.84784241242e-08, 1.29893535927e-08, 2.23594547322e-08, 3.63745051857e-08, 4.11349851959e-08, 7.8772707468e-08, 2.45180984848e-07, 4.28048110734e-07, 6.74222633279e-08, 1.40141471761e-08, 8.10837619269e-09, 4.58965310202e-09, 3.44189765578e-09, 4.25786572666e-10, 1.69065750982e-11],
        "skew": [8.0136756897, 1.7568833828, 1.56255686283, 1.57151579857, 1.88894236088, 5.92963695526, 7.13232040405, 4.82638692856, 3.71512341499, 6.56305789948, 3.73979282379, 1.46068811417, 10.5134496689, 8.26306247711, 3.32211136818, 5.59151935577, 4.84313726425, 1.53447151184, 1.14542007446, 0.68523567915, 0.478327333927, 0.733210742474, 0.940336048603, 1.04148077965, 0.958063960075, 6.09577226639, 18.2616252899],
        "var": [5.20564512553e-17, 1.56230508131e-12, 1.13986563244e-11, 1.39161191251e-11, 6.06869277053e-11, 4.2397538258e-10, 1.38936471217e-08, 1.25830572628e-08, 7.36280370006e-09, 7.3593506289e-11, 2.18815222018e-12, 1.48034470966e-13, 1.10672552394e-13, 1.39551998429e-14, 1.77309491552e-14, 4.50478087992e-13, 1.73506581281e-13, 1.87897488096e-14, 2.18934692966e-13, 6.86968331613e-13, 6.39358340983e-15, 2.67372355487e-16, 1.48758804785e-17, 5.10633729534e-18, 2.45116838595e-18, 2.37456993611e-20, 7.73631815441e-21],
        "cov": [[5.22073389252e-17, -2.45103356378e-16, -1.38310559413e-15, -2.56543092196e-16, -4.91813460142e-15, -5.55963034534e-15, -3.28089606264e-14, -1.51974905506e-14, 1.14538336227e-14, -1.71147506855e-15, -1.05704301394e-15, -4.34657312694e-16, -1.88077048493e-16, -8.75542091025e-17, 2.4385023069e-17, -1.32490197001e-17, -1.24710804876e-16, -7.06818818935e-17, -1.66482128791e-16, -7.95349326153e-16, -4.36646576188e-17, -9.47421718969e-20, -3.83811959321e-19, 7.67302882091e-20, 3.9817757917e-19, 6.1532890433e-19, 4.6972381662e-19], [-2.45103356378e-16, 1.56683346852e-12, 1.62792002101e-12, -6.55205260164e-14, 7.57077560365e-13, -1.27447653668e-13, 6.20844174681e-12, 3.37039055519e-12, 4.58142811882e-12, 5.24990858078e-13, 1.87419727632e-14, -1.71799722225e-15, 9.64997637632e-16, -4.86028394519e-15, 1.01815960651e-14, 3.25020433202e-14, 4.24665084185e-14, 1.05534037184e-15, -6.0202324625e-14, 3.5117725107e-14, 1.19546069126e-15, 1.87764294812e-16, -2.44049223875e-16, -3.03407545814e-16, -1.44439922754e-16, -3.82025424974e-18, -4.70255941908e-18], [-1.38310559413e-15, 1.62792002101e-12, 1.14316958677e-11, 2.54574161231e-12, 9.36204022292e-13, 5.43816207343e-12, 3.92325651133e-11, 3.12647685519e-11, 4.68394038833e-11, -4.92008669049e-13, -1.86420703093e-13, 5.25137794577e-14, 9.78595121061e-15, 6.03840131922e-15, 5.15176212779e-14, 2.1776895879e-13, 3.42792715871e-13, -7.91245409172e-15, 7.56900984489e-14, 1.27163506301e-14, -1.70072984152e-14, -3.76863847068e-15, -1.45422480972e-15, -8.61056001213e-16, -4.06789716971e-16, -5.19584733661e-18, -1.26007301299e-17], [-2.56543092196e-16, -6.55205260164e-14, 2.54574161231e-12, 1.39564557827e-11, 4.78606911047e-12, -1.23485846115e-12, 8.03662345006e-12, -1.76319757406e-11, -4.31276542256e-12, 3.74092423705e-12, -1.61767992122e-13, 4.42756589855e-14, 8.27639484182e-14, 3.30122154995e-15, -1.51147322553e-15, -6.53858477778e-14, -4.38424219618e-14, -1.58522656536e-14, -7.74311645075e-14, 1.70754957483e-13, -5.60848847629e-15, -1.67380698399e-15, -1.24657838847e-15, 3.8136237023e-16, 4.60811201946e-17, 3.2777602527e-18, -7.29824184152e-18], [-4.91813460142e-15, 7.57077560365e-13, 9.36204022292e-13, 4.78606911047e-12, 6.08628286658e-11, -5.31340271261e-13, 9.53525522429e-11, 3.38197941874e-11, -6.50917167389e-11, 3.19436751356e-12, 2.28832361046e-13, 2.33398559811e-13, -1.20337369423e-14, -3.16044848576e-15, -5.98307211067e-14, 2.93004227651e-13, -5.19855731e-14, -3.09666944593e-14, 1.44632285206e-13, -8.09497122654e-14, -4.42733516677e-14, -3.22283939741e-16, -1.5657217418e-16, -1.71854313498e-15, -1.04182977282e-15, -2.70276897638e-17, -3.72532832613e-17], [-5.55963034534e-15, -1.27447653668e-13, 5.43816207343e-12, -1.23485846115e-12, -5.31340271261e-13, 4.25204288446e-10, 3.65251634493e-10, 2.02456211518e-11, 6.57439380713e-11, 5.88450555644e-12, 8.6876287414e-12, 1.4582755576e-12, 2.46148208153e-13, 4.28344507216e-13, 1.69695495449e-14, 1.17869386126e-12, 1.84387748126e-12, 1.83957802333e-14, 2.31792775078e-13, -2.12187862766e-12, -5.36616242977e-14, -1.21008075522e-14, -1.82515250167e-15, -2.21720318361e-15, -4.57785182036e-15, -2.46662578598e-17, -3.55736177541e-18], [-3.28089606264e-14, 6.20844174681e-12, 3.92325651133e-11, 8.03662345006e-12, 9.53525522429e-11, 3.65251634493e-10, 1.39339189076e-08, 4.75084194207e-09, -3.04767988624e-10, 5.97569840832e-11, 1.83426294986e-11, -3.38451021495e-14, -8.07625450891e-13, 6.63210317827e-13, 2.89222367843e-13, 1.96083670134e-11, 1.10953928337e-11, 7.12732986779e-13, 7.06685231167e-12, -1.15012025511e-12, -4.9328135977e-13, -8.89048085368e-14, 9.39196484663e-15, 1.34901601202e-15, -7.19587692384e-15, -4.10803170833e-16, 1.34501857237e-16], [-1.51974905506e-14, 3.37039055519e-12, 3.12647685519e-11, -1.76319757406e-11, 3.38197941874e-11, 2.02456211518e-11, 4.75084194207e-09, 1.26195303096e-08, 2.06203928932e-10, -3.43500228261e-11, 1.22980566702e-11, 9.91304781317e-12, 9.39347666491e-13, 6.57614208314e-13, 1.19975459689e-12, 4.72533540075e-11, 1.71436684293e-11, 3.27578198941e-12, 6.37328688088e-12, -4.22562635924e-12, -7.75029888357e-13, -1.89445044396e-13, -6.0138797154e-14, -2.17510014042e-14, -1.14138409621e-14, -3.92801894289e-16, -3.96927315319e-17], [1.14538336227e-14, 4.58142811882e-12, 4.68394038833e-11, -4.31276542256e-12, -6.50917167389e-11, 6.57439380713e-11, -3.04767988624e-10, 2.06203928932e-10, 7.38414529522e-09, -4.60778741551e-11, -4.57963875156e-12, -1.69511702851e-12, 1.96158128803e-12, -1.84349632998e-13, 9.01994711561e-12, -2.63665283183e-13, 1.16189505933e-11, 1.66923292137e-13, 3.67193862122e-12, -1.16265833766e-11, -1.30429076827e-12, -1.51063487891e-13, -2.8868312634e-14, -2.17133457075e-14, -1.43367153408e-14, -8.62707503701e-16, 5.32361233053e-17], [-1.71147506855e-15, 5.24990858078e-13, -4.92008669049e-13, 3.74092423705e-12, 3.19436751356e-12, 5.88450555644e-12, 5.97569840832e-11, -3.43500228261e-11, -4.60778741551e-11, 7.38068217654e-11, 3.36597123871e-13, 1.30931981294e-13, 4.03225765494e-13, 1.43621768124e-13, -1.01260918596e-13, -1.74666962209e-13, 2.70190719977e-14, -5.92564463209e-14, -2.66863245911e-13, 6.08788247678e-13, -9.27400788543e-14, -1.34751337557e-15, -1.71811601862e-15, -2.16201771655e-16, -7.71184746718e-16, -5.24649560551e-17, -1.9732643321e-17], [-1.05704301394e-15, 1.87419727632e-14, -1.86420703093e-13, -1.61767992122e-13, 2.28832361046e-13, 8.6876287414e-12, 1.83426294986e-11, 1.22980566702e-11, -4.57963875156e-12, 3.36597123871e-13, 2.19449458605e-12, 1.39243583569e-13, 5.18061850743e-14, 2.67936985533e-14, -6.35103779192e-15, -4.49760518948e-15, 4.10823379981e-14, 1.04661017266e-14, 1.53996434338e-14, 2.3439676781e-14, 2.64267715038e-15, 2.55936007801e-16, 3.75727007092e-16, 1.51690207145e-16, -1.53218218186e-17, -4.56915462502e-18, -4.07005783164e-18], [-4.34657312694e-16, -1.71799722225e-15, 5.25137794577e-14, 4.42756589855e-14, 2.33398559811e-13, 1.4582755576e-12, -3.38451021495e-14, 9.91304781317e-12, -1.69511702851e-12, 1.30931981294e-13, 1.39243583569e-13, 1.48463557528e-13, 1.49086167402e-14, 8.06017240256e-15, 3.07564809989e-16, 4.77659666649e-14, 2.7602308392e-14, 1.2512491399e-15, -7.89179114649e-16, 1.84222635654e-14, 6.23655271289e-16, -5.70992162464e-16, -1.63354552278e-16, 1.60891790749e-17, -6.63325331455e-17, -3.15644656445e-18, -2.38064937758e-18], [-1.88077048493e-16, 9.64997637632e-16, 9.78595121061e-15, 8.27639484182e-14, -1.20337369423e-14, 2.46148208153e-13, -8.07625450891e-13, 9.39347666491e-13, 1.96158128803e-12, 4.03225765494e-13, 5.18061850743e-14, 1.49086167402e-14, 1.10993340712e-13, 2.74718534596e-14, 3.07815711735e-15, 6.22198215801e-15, 6.42448359526e-15, -1.47602876128e-16, 8.28981235192e-15, 1.51975159616e-15, 3.88040325046e-16, -2.1881395509e-16, -9.40170440203e-17, -4.59348407479e-18, -2.7811552582e-17, -3.60479417289e-19, -1.198814457e-18], [-8.75542091025e-17, -4.86028394519e-15, 6.03840131922e-15, 3.30122154995e-15, -3.16044848576e-15, 4.28344507216e-13, 6.63210317827e-13, 6.57614208314e-13, -1.84349632998e-13, 1.43621768124e-13, 2.67936985533e-14, 8.06017240256e-15, 2.74718534596e-14, 1.39956499013e-14, -3.51637098904e-16, 6.90215935553e-15, 4.23301750775e-15, 1.05296232684e-15, 7.22319680688e-16, 4.30383369731e-16, 3.72094426888e-16, 5.62919816054e-18, -4.66513445945e-18, 9.01122535663e-18, -8.9581848814e-18, -4.13368570174e-19, -6.02507966727e-19], [2.4385023069e-17, 1.01815960651e-14, 5.15176212779e-14, -1.51147322553e-15, -5.98307211067e-14, 1.69695495449e-14, 2.89222367843e-13, 1.19975459689e-12, 9.01994711561e-12, -1.01260918596e-13, -6.35103779192e-15, 3.07564809989e-16, 3.07815711735e-15, -3.51637098904e-16, 1.77823420322e-14, 3.74236139108e-15, 2.07857124931e-14, 2.64819895816e-15, 6.57459011549e-15, -1.7131774989e-14, -9.40634323091e-16, -2.55314044081e-17, -1.35511829876e-17, -1.03650760011e-17, -4.72255651039e-18, -1.11332813243e-18, -3.02868071233e-19], [-1.32490197001e-17, 3.25020433202e-14, 2.1776895879e-13, -6.53858477778e-14, 2.93004227651e-13, 1.17869386126e-12, 1.96083670134e-11, 4.72533540075e-11, -2.63665283183e-13, -1.74666962209e-13, -4.49760518948e-15, 4.77659666649e-14, 6.22198215801e-15, 6.90215935553e-15, 3.74236139108e-15, 4.51783819773e-13, 9.88916793506e-14, 1.3705775745e-14, 1.12314518986e-14, -8.13311379778e-15, 1.01609055913e-15, -7.81719983697e-16, -1.73878367547e-16, -6.97947406127e-17, -8.76119330744e-17, -1.98166728771e-19, -2.47922935086e-19], [-1.24710804876e-16, 4.24665084185e-14, 3.42792715871e-13, -4.38424219618e-14, -5.19855731e-14, 1.84387748126e-12, 1.10953928337e-11, 1.71436684293e-11, 1.16189505933e-11, 2.70190719977e-14, 4.10823379981e-14, 2.7602308392e-14, 6.42448359526e-15, 4.23301750775e-15, 2.07857124931e-14, 9.88916793506e-14, 1.74009502012e-13, 1.75316558552e-14, 2.23162874763e-14, -5.09640242605e-14, -1.88854952964e-15, 1.91541849999e-16, -1.21225171654e-16, -7.89117466532e-17, -1.59415289899e-17, -2.3635904318e-18, 2.86433703368e-21], [-7.06818818935e-17, 1.05534037184e-15, -7.91245409172e-15, -1.58522656536e-14, -3.09666944593e-14, 1.83957802333e-14, 7.12732986779e-13, 3.27578198941e-12, 1.66923292137e-13, -5.92564463209e-14, 1.04661017266e-14, 1.2512491399e-15, -1.47602876128e-16, 1.05296232684e-15, 2.64819895816e-15, 1.3705775745e-14, 1.75316558552e-14, 1.8844211334e-14, 8.48045066923e-15, -1.55493480369e-14, 1.24431892809e-15, 5.38370859022e-16, 1.81472242912e-16, 7.99942415249e-17, 6.76585830767e-17, -3.42757951544e-19, -7.23159910489e-19], [-1.66482128791e-16, -6.0202324625e-14, 7.56900984489e-14, -7.74311645075e-14, 1.44632285206e-13, 2.31792775078e-13, 7.06685231167e-12, 6.37328688088e-12, 3.67193862122e-12, -2.66863245911e-13, 1.53996434338e-14, -7.89179114649e-16, 8.28981235192e-15, 7.22319680688e-16, 6.57459011549e-15, 1.12314518986e-14, 2.23162874763e-14, 8.48045066923e-15, 2.1956929005e-13, -4.05557613317e-14, -1.35117909924e-17, 5.08809356223e-16, 1.82097114999e-16, 7.24243874847e-17, 5.73969972964e-17, -2.82234107721e-18, -2.67344525823e-18], [-7.95349326153e-16, 3.5117725107e-14, 1.27163506301e-14, 1.70754957483e-13, -8.09497122654e-14, -2.12187862766e-12, -1.15012025511e-12, -4.22562635924e-12, -1.16265833766e-11, 6.08788247678e-13, 2.3439676781e-14, 1.84222635654e-14, 1.51975159616e-15, 4.30383369731e-16, -1.7131774989e-14, -8.13311379778e-15, -5.09640242605e-14, -1.55493480369e-14, -4.05557613317e-14, 6.88959523112e-13, 5.0350573354e-15, -1.22436283185e-15, -1.06931735515e-16, 1.13406925202e-16, -1.12473018438e-16, -4.35660643072e-18, -7.03713400936e-18], [-4.36646576188e-17, 1.19546069126e-15, -1.70072984152e-14, -5.60848847629e-15, -4.42733516677e-14, -5.36616242977e-14, -4.9328135977e-13, -7.75029888357e-13, -1.30429076827e-12, -9.27400788543e-14, 2.64267715038e-15, 6.23655271289e-16, 3.88040325046e-16, 3.72094426888e-16, -9.40634323091e-16, 1.01609055913e-15, -1.88854952964e-15, 1.24431892809e-15, -1.35117909924e-17, 5.0350573354e-15, 6.41211564368e-15, 2.19253962236e-16, 3.71586438731e-17, 3.34384156117e-17, 2.28359520097e-17, -4.99283632798e-19, -7.20159933202e-19], [-9.47421718969e-20, 1.87764294812e-16, -3.76863847068e-15, -1.67380698399e-15, -3.22283939741e-16, -1.21008075522e-14, -8.89048085368e-14, -1.89445044396e-13, -1.51063487891e-13, -1.34751337557e-15, 2.55936007801e-16, -5.70992162464e-16, -2.1881395509e-16, 5.62919816054e-18, -2.55314044081e-17, -7.81719983697e-16, 1.91541849999e-16, 5.38370859022e-16, 5.08809356223e-16, -1.22436283185e-15, 2.19253962236e-16, 2.68147337695e-16, 2.43215419201e-17, 1.28676323622e-17, 1.00928367994e-17, -1.80091371896e-20, -6.91641963931e-20], [-3.83811959321e-19, -2.44049223875e-16, -1.45422480972e-15, -1.24657838847e-15, -1.5657217418e-16, -1.82515250167e-15, 9.39196484663e-15, -6.0138797154e-14, -2.8868312634e-14, -1.71811601862e-15, 3.75727007092e-16, -1.63354552278e-16, -9.40170440203e-17, -4.66513445945e-18, -1.35511829876e-17, -1.73878367547e-16, -1.21225171654e-16, 1.81472242912e-16, 1.82097114999e-16, -1.06931735515e-16, 3.71586438731e-17, 2.43215419201e-17, 1.49189980951e-17, 3.81600171421e-18, 2.36004099979e-18, -9.02077131817e-21, -6.21357033127e-21], [7.67302882091e-20, -3.03407545814e-16, -8.61056001213e-16, 3.8136237023e-16, -1.71854313498e-15, -2.21720318361e-15, 1.34901601202e-15, -2.17510014042e-14, -2.17133457075e-14, -2.16201771655e-16, 1.51690207145e-16, 1.60891790749e-17, -4.59348407479e-18, 9.01122535663e-18, -1.03650760011e-17, -6.97947406127e-17, -7.89117466532e-17, 7.99942415249e-17, 7.24243874847e-17, 1.13406925202e-16, 3.34384156117e-17, 1.28676323622e-17, 3.81600171421e-18, 5.12113803804e-18, 1.22395888647e-18, 2.28016940274e-20, -7.78433098065e-21], [3.9817757917e-19, -1.44439922754e-16, -4.06789716971e-16, 4.60811201946e-17, -1.04182977282e-15, -4.57785182036e-15, -7.19587692384e-15, -1.14138409621e-14, -1.43367153408e-14, -7.71184746718e-16, -1.53218218186e-17, -6.63325331455e-17, -2.7811552582e-17, -8.9581848814e-18, -4.72255651039e-18, -8.76119330744e-17, -1.59415289899e-17, 6.76585830767e-17, 5.73969972964e-17, -1.12473018438e-16, 2.28359520097e-17, 1.00928367994e-17, 2.36004099979e-18, 1.22395888647e-18, 2.45827304023e-18, -5.23810103415e-21, -6.30369384005e-22], [6.1532890433e-19, -3.82025424974e-18, -5.19584733661e-18, 3.2777602527e-18, -2.70276897638e-17, -2.46662578598e-17, -4.10803170833e-16, -3.92801894289e-16, -8.62707503701e-16, -5.24649560551e-17, -4.56915462502e-18, -3.15644656445e-18, -3.60479417289e-19, -4.13368570174e-19, -1.11332813243e-18, -1.98166728771e-19, -2.3635904318e-18, -3.42757951544e-19, -2.82234107721e-18, -4.35660643072e-18, -4.99283632798e-19, -1.80091371896e-20, -9.02077131817e-21, 2.28016940274e-20, -5.23810103415e-21, 2.38145282198e-20, 9.3374651705e-21], [4.6972381662e-19, -4.70255941908e-18, -1.26007301299e-17, -7.29824184152e-18, -3.72532832613e-17, -3.55736177541e-18, 1.34501857237e-16, -3.96927315319e-17, 5.32361233053e-17, -1.9732643321e-17, -4.07005783164e-18, -2.38064937758e-18, -1.198814457e-18, -6.02507966727e-19, -3.02868071233e-19, -2.47922935086e-19, 2.86433703368e-21, -7.23159910489e-19, -2.67344525823e-18, -7.03713400936e-18, -7.20159933202e-19, -6.91641963931e-20, -6.21357033127e-21, -7.78433098065e-21, -6.30369384005e-22, 9.3374651705e-21, 7.75874169604e-21]]
    },
    "mfcc": {
        "kurt": [1.07758140564, -0.0745334625244, -0.243430137634, -0.388968229294, -0.185482025146, 0.077033996582, 0.0683462619781, 0.0335774421692, 0.366812944412, -0.156705379486, 0.52361869812, 0.993822813034, 1.16599035263],
        "max": [-909.541381836, 163.165557861, 29.8920631409, 42.6208534241, -8.25953674316, -8.77739715576, 33.673286438, 14.6574192047, 21.3898735046, 27.8564395905, 9.22323989868, 20.315782547, 33.2337150574],
        "mean": [-949.489501953, 128.727142334, 9.67286872864, 25.9450283051, -26.7286930084, -30.9360351562, 14.7906751633, -4.9205789566, -2.22743535042, 6.44487762451, -14.1277713776, -5.36165189743, 0.886052191257],
        "median": [-952.634643555, 125.921401978, 9.77278137207, 25.7048835754, -26.5176734924, -28.3351631165, 17.783870697, -4.66555786133, -2.52920150757, 5.71531295776, -15.456281662, -6.64860153198, 0.588737487793],
        "min": [-1013.89251709, 88.8801956177, -10.1983184814, 6.82390213013, -48.2422790527, -65.6958312988, -21.437538147, -24.9473724365, -18.3843307495, -12.2018890381, -30.2196712494, -20.7937164307, -16.3090782166],
        "skew": [0.410196095705, 0.612440466881, -0.0627247169614, -0.184905201197, 0.0196464527398, -0.794753551483, -0.871591508389, -0.150368049741, 0.425464093685, 0.403298974037, 0.745916485786, 0.938774347305, 0.629184246063],
        "var": [203.636581421, 163.171890259, 52.3966751099, 48.5207061768, 51.1631240845, 117.379852295, 139.605621338, 43.8394584656, 45.2338066101, 54.8820343018, 51.1533050537, 53.9433479309, 54.5711021423],
        "cov": [[204.226837158, 163.65057373, -10.5003499985, -30.7748718262, -33.4744491577, -108.112457275, -115.65297699, -26.205581665, 35.8028182983, 35.682723999, 39.4355163574, 59.8673858643, 43.7221794128], [163.65057373, 163.644851685, 25.3149452209, -30.1815013885, -31.2098674774, -93.2592926025, -102.850959778, -23.378080368, 28.5701904297, 36.4229774475, 38.045009613, 51.4391746521, 41.5174942017], [-10.5003499985, 25.3149452209, 52.5485496521, 18.5134944916, 2.7487487793, 9.57234573364, 5.70408582687, -4.73538255692, -4.05132102966, 2.86083126068, -0.413167417049, 1.51340079308, 7.57566595078], [-30.7748718262, -30.1815013885, 18.5134944916, 48.6613464355, 33.7192649841, 33.1217727661, 28.487405777, 4.50190782547, -6.73249483109, -9.45181751251, -7.91674470901, -5.19174623489, -1.38018643856], [-33.4744491577, -31.2098674774, 2.7487487793, 33.7192649841, 51.3114242554, 43.6852989197, 25.1493663788, 13.5203065872, -5.99162721634, -13.0087184906, -1.95752000809, -8.34733390808, -7.93171072006], [-108.112457275, -93.2592926025, 9.57234573364, 33.1217727661, 43.6852989197, 117.720085144, 113.380104065, 20.4976272583, -26.5069313049, -31.6929569244, -36.8322410583, -41.9725723267, -32.2522506714], [-115.65297699, -102.850959778, 5.70408582687, 28.487405777, 25.1493663788, 113.380104065, 140.010284424, 35.7466659546, -23.6290283203, -22.7184486389, -40.2810707092, -49.4443397522, -38.0242233276], [-26.205581665, -23.378080368, -4.73538255692, 4.50190782547, 13.5203065872, 20.4976272583, 35.7466659546, 43.9665298462, 18.7747573853, 3.00457286835, 4.66315603256, -12.4500541687, -18.2535419464], [35.8028182983, 28.5701904297, -4.05132102966, -6.73249483109, -5.99162721634, -26.5069313049, -23.6290283203, 18.7747573853, 45.3649215698, 33.9235916138, 20.962469101, 17.5292892456, 4.57998991013], [35.682723999, 36.4229774475, 2.86083126068, -9.45181751251, -13.0087184906, -31.6929569244, -22.7184486389, 3.00457286835, 33.9235916138, 55.0411109924, 34.6460800171, 19.3555622101, 8.74069023132], [39.4355163574, 38.045009613, -0.413167417049, -7.91674470901, -1.95752000809, -36.8322410583, -40.2810707092, 4.66315603256, 20.962469101, 34.6460800171, 51.301574707, 29.9788551331, 8.55797863007], [59.8673858643, 51.4391746521, 1.51340079308, -5.19174623489, -8.34733390808, -41.9725723267, -49.4443397522, -12.4500541687, 17.5292892456, 19.3555622101, 29.9788551331, 54.0997047424, 40.3321723938], [43.7221794128, 41.5174942017, 7.57566595078, -1.38018643856, -7.93171072006, -32.2522506714, -38.0242233276, -18.2535419464, 4.57998991013, 8.74069023132, 8.55797863007, 40.3321723938, 54.7292785645]]
    },
    "sccoeffs": {
        "kurt": [0.1620054245, 0.504630565643, 1.37192344666, 1.71541500092, -0.205829381943, 0.329647064209],
        "max": [-0.606093525887, -0.53213173151, -0.675290882587, -0.767971515656, -0.806992590427, -0.825674831867],
        "mean": [-0.737641870975, -0.813685715199, -0.829444468021, -0.86972373724, -0.85231167078, -0.855645179749],
        "median": [-0.739755153656, -0.839081287384, -0.835103452206, -0.870912790298, -0.85282844305, -0.856185674667],
        "min": [-0.839340269566, -0.928516209126, -0.906167209148, -0.917282640934, -0.892602026463, -0.878841221333],
        "skew": [0.314741581678, 1.1592656374, 0.980862736702, 0.772247314453, 0.0806322395802, 0.289796620607],
        "var": [0.00166185153648, 0.00593966757879, 0.00156790344045, 0.000397672672989, 0.000264385598712, 7.85104348324e-05],
        "cov": [[0.00166666856967, 0.000314873555908, 5.85087400395e-05, 7.634758731e-06, 5.30233701284e-05, -1.08109970824e-05], [0.000314873555908, 0.0059568840079, 0.000630077964161, 0.000320856022881, 6.92582543707e-05, -3.44466243405e-05], [5.85087400395e-05, 0.000630077964161, 0.00157244806178, 0.00012432555377, -9.7543506854e-06, 3.48088292412e-06], [7.634758731e-06, 0.000320856022881, 0.00012432555377, 0.000398825359298, 2.24184968829e-05, -1.79387407115e-05], [5.30233701284e-05, 6.92582543707e-05, -9.7543506854e-06, 2.24184968829e-05, 0.000265151931671, -2.37325511989e-05], [-1.08109970824e-05, -3.44466243405e-05, 3.48088292412e-06, -1.79387407115e-05, -2.37325511989e-05, 7.87379976828e-05]]
    },
    "scvalleys": {
        "kurt": [0.292197704315, 0.510040283203, -0.111099720001, 0.768610954285, -0.227545022964, 1.44248580933],
        "max": [-7.73086071014, -6.37704563141, -7.83072566986, -9.40683269501, -9.26808071136, -11.6253013611],
        "mean": [-8.54389858246, -7.80421733856, -8.45411968231, -9.90189170837, -9.67512321472, -11.9859781265],
        "median": [-8.52246570587, -7.8425784111, -8.44959259033, -9.89747238159, -9.6709690094, -11.9862556458],
        "min": [-9.8632068634, -9.56810760498, -9.46737957001, -10.7669115067, -10.1149673462, -12.3281517029],
        "skew": [-0.4223960042, 0.417266517878, -0.205125749111, -0.247090816498, -0.0800820812583, 0.0894630029798],
        "var": [0.145037457347, 0.230913043022, 0.0685869902372, 0.0397199578583, 0.0232279486954, 0.00836208276451],
        "cov": [[0.145457863808, 0.027140326798, -0.00199205474928, -0.00574777880684, 0.000428396771895, -0.000562839617487], [0.027140326798, 0.231582358479, 0.03356866166, 0.0244195573032, 0.00769073655829, -0.00812870822847], [-0.00199205474928, 0.03356866166, 0.0687857940793, 0.0133644184098, 0.00443251663819, -0.000520050292835], [-0.00574777880684, 0.0244195573032, 0.0133644184098, 0.039835087955, 0.0102269342169, 0.00078893522732], [0.000428396771895, 0.00769073655829, 0.00443251663819, 0.0102269342169, 0.023295275867, 0.00259416457266], [-0.000562839617487, -0.00812870822847, -0.000520050292835, 0.00078893522732, 0.00259416457266, 0.00838632136583]]
    }
},
"rhythm": {
    "beats_loudness": {
        "kurt": -0.190169334412,
        "max": 0.000796986510977,
        "mean": 0.000221207534196,
        "median": 6.08035625191e-05,
        "min": 2.70653854386e-05,
        "skew": 1.21086752415,
        "var": 7.0022487364e-08
    },
    "bpm": 110.521194458,
    "confidence": 2.60757017136,
    "first_peak_bpm": {
        "kurt": 0,
        "max": 112,
        "mean": 112,
        "median": 112,
        "min": 112,
        "skew": 0,
        "var": 0
    },
    "first_peak_spread": {
        "kurt": 0,
        "max": 0.444444477558,
        "mean": 0.444444477558,
        "median": 0.444444477558,
        "min": 0.444444477558,
        "skew": 0,
        "var": 0
    },
    "first_peak_weight": {
        "kurt": 0,
        "max": 0.384615391493,
        "mean": 0.384615391493,
        "median": 0.384615391493,
        "min": 0.384615391493,
        "skew": 0,
        "var": 0
    },
    "onset_rate": 0.998875975609,
    "second_peak_bpm": {
        "kurt": 0,
        "max": 105,
        "mean": 105,
        "median": 105,
        "min": 105,
        "skew": 0,
        "var": 0
    },
    "second_peak_spread": {
        "kurt": 0,
        "max": 0.25,
        "mean": 0.25,
        "median": 0.25,
        "min": 0.25,
        "skew": 0,
        "var": 0
    },
    "second_peak_weight": {
        "kurt": 0,
        "max": 0.230769231915,
        "mean": 0.230769231915,
        "median": 0.230769231915,
        "min": 0.230769231915,
        "skew": 0,
        "var": 0
    },
    "beats_loudness_band_ratio": {
        "kurt": [-1.66012942791, -0.924082040787, -1.54546391964, 0.737653493881, -0.710952758789, -1.36116063595],
        "max": [0.385949641466, 0.440108656883, 0.958366274834, 0.350672751665, 0.0326174534857, 0.109375759959],
        "mean": [0.176349759102, 0.202201277018, 0.5035623312, 0.105091951787, 0.0156155666336, 0.0482782050967],
        "median": [0.133727297187, 0.231388181448, 0.334875226021, 0.0962776988745, 0.0139623153955, 0.0496814362705],
        "min": [0.0131294038147, 0.0135295493528, 0.160769850016, 0.00478074140847, 0.0040530199185, 0.00349683873355],
        "skew": [0.209887757897, -0.144971489906, 0.384620785713, 1.11901021004, 0.641828715801, 0.111902117729],
        "var": [0.0185847468674, 0.0163014531136, 0.0949235633016, 0.00895174313337, 7.83656578278e-05, 0.00121628027409],
        "cov": [[0.0200143437833, 0.0105892205611, -0.0380681790411, 0.00889290776104, 0.000927135872189, 0.00296082859859], [0.0105892205611, 0.0175554119051, -0.0374476797879, 0.00636062351987, 0.000682127603795, 0.00438027549535], [-0.0380681790411, -0.0374476797879, 0.102225378156, -0.0235061682761, -0.0022837461438, -0.0105235511437], [0.00889290776104, 0.00636062351987, -0.0235061682761, 0.00964033789933, 0.000488289282657, 0.0024170151446], [0.000927135872189, 0.000682127603795, -0.0022837461438, 0.000488289282657, 8.43937814352e-05, 0.000236392879742], [0.00296082859859, 0.00438027549535, -0.0105235511437, 0.0024170151446, 0.000236392879742, 0.00130984024145]]
    },
    "beats_position": [0.487619042397, 1.02167797089, 1.55573689938, 2.08979582787, 2.62385487556, 3.1811337471, 3.7151927948, 4.27247142792, 4.85297060013, 5.39863920212, 5.9675283432, 6.52480697632, 7.0936961174, 7.66258478165],
    "bpm_estimates": [112.34715271, 112.34715271, 112.34715271, 112.347129822, 107.666023254, 112.347129822, 107.666069031, 109.956848145, 107.666069031],
    "bpm_intervals": [0.53405892849, 0.53405892849, 0.53405892849, 0.534059047699, 0.557278871536, 0.534059047699, 0.557278633118, 0.580499172211, 0.54566860199, 0.568889141083, 0.557278633118, 0.568889141083, 0.568888664246],
    "onset_times": [0.0116099771112, 1.28870749474, 1.57895696163, 1.90403628349, 2.63546490669, 2.93732428551, 3.04181408882, 3.20435380936],
    "histogram": [[0, 0, 0, 0, 0, 0, 0, 0, 0, 0, 0, 0, 0, 0, 0, 0, 0, 0, 0, 0, 0, 0, 0, 0, 0, 0, 0, 0, 0, 0, 0, 0, 0, 0, 0, 0, 0, 0, 0, 0, 0, 0, 0, 0, 0, 0, 0, 0, 0, 0, 0, 0, 0, 0, 0, 0, 0, 0, 0, 0, 0, 0, 0, 0, 0, 0, 0, 0, 0, 0, 0, 0, 0, 0, 0, 0, 0, 0, 0, 0, 0, 0, 0, 0, 0, 0, 0, 0, 0, 0, 0, 0, 0, 0, 0, 0, 0, 0, 0, 0, 0, 0, 0, 0.0769230797887, 0, 0.230769231915, 0, 0, 0.230769231915, 0, 0.0769230797887, 0, 0.384615391493, 0, 0, 0, 0, 0, 0, 0, 0, 0, 0, 0, 0, 0, 0, 0, 0, 0, 0, 0, 0, 0, 0, 0, 0, 0, 0, 0, 0, 0, 0, 0, 0, 0, 0, 0, 0, 0, 0, 0, 0, 0, 0, 0, 0, 0, 0, 0, 0, 0, 0, 0, 0, 0, 0, 0, 0, 0, 0, 0, 0, 0, 0, 0, 0, 0, 0, 0, 0, 0, 0, 0, 0, 0, 0, 0, 0, 0, 0, 0, 0, 0, 0, 0, 0, 0, 0, 0, 0, 0, 0, 0, 0, 0, 0, 0, 0, 0, 0, 0, 0, 0, 0, 0, 0, 0, 0, 0, 0, 0, 0, 0, 0, 0, 0, 0, 0, 0, 0, 0, 0, 0, 0, 0, 0, 0, 0, 0, 0, 0, 0, 0, 0, 0, 0, 0, 0, 0]]
},
"sfx": {
    "inharmonicity": {
        "kurt": 0.416624546051,
        "max": 0.443078786135,
        "mean": 0.0796639770269,
        "median": 0.0502016842365,
        "min": 0,
        "skew": 1.05669653416,
        "var": 0.00785695295781
    },
    "oddtoevenharmonicenergyratio": {
        "kurt": 55.5916366577,
        "max": 18.25248909,
        "mean": 0.663180947304,
        "median": 0.270209670067,
        "min": 0,
        "skew": 6.70990848541,
        "var": 2.63516807556
    },
    "pitch_after_max_to_before_max_energy_ratio": 14.988401413,
    "pitch_centroid": 176.57635498,
    "pitch_max_to_total": 0.0115606933832,
    "pitch_min_to_total": 0.858381509781,
    "tristimulus": {
        "kurt": [-1.40530502796, -0.986980199814, -0.985046863556],
        "max": [1, 0.729961931705, 0.696352243423],
        "mean": [0.472814619541, 0.274756133556, 0.252429038286],
        "median": [0.31772005558, 0.325466632843, 0.287035822868],
        "min": [0, 0, 0],
        "skew": [0.416337311268, 0.0565592609346, 0.104660086334],
        "var": [0.111063346267, 0.0360172055662, 0.0313344970345],
        "cov": [[0.111385270953, -0.0580408908427, -0.0533445514739], [-0.0580408908427, 0.0361216031015, 0.0219192225486], [-0.0533445514739, 0.0219192225486, 0.031425319612]]
    }
},
"tonal": {
    "chords_changes_rate": 0.12068965286,
    "chords_number_rate": 0.0574712641537,
    "chords_strength": {
        "kurt": -0.738652467728,
        "max": 0.780514419079,
        "mean": 0.496942847967,
        "median": 0.447658240795,
        "min": 0.284454882145,
        "skew": 0.605423152447,
        "var": 0.0177288968116
    },
    "key_strength": 0.518109619617,
    "tuning_diatonic_strength": 0.53131043911,
    "tuning_equal_tempered_deviation": 0.222205936909,
    "tuning_frequency": 437.213165283,
    "tuning_nontempered_energy_ratio": 0.883655786514,
    "hpcp": {
        "kurt": [2.03277492523, 3.24645042419, 2.96310758591, 0.913124322891, 0.505878448486, 1.2449965477, 3.76786804199, 2.8720574379, 1.45539999008, 0.82049870491, 1.29857969284, 1.43254470825, 1.9949297905, 4.00598096848, 1.92308616638, 2.41286754608, 8.28415870667, 4.77476596832, 5.03519535065, 1.32906484604, 1.60348415375, 2.21081113815, 1.65319871902, 2.60624885559, 3.1532907486, 3.36679077148, 1.75554609299, 1.22915697098, 0.711283445358, -0.297877550125, -0.649576663971, 0.536712169647, 1.16784715652, 2.25813007355, 2.11133337021, 2.37048912048],
        "max": [1, 1, 1, 1, 1, 1, 1, 1, 1, 1, 1, 0.941874146461, 0.781784832478, 1, 1, 1, 1, 1, 1, 1, 1, 1, 1, 1, 1, 1, 1, 1, 1, 1, 1, 1, 1, 1, 1, 1],
