{
"metadata": {
    "version": {
        "essentia": "2.1-beta3"
    }
},
"lowLevel": {
    "average_loudness": 0.99068403244,
    "barkbands_kurtosis": {
        "kurt": 6.71140098572,
        "max": 15.7559871674,
        "mean": 2.53081083298,
        "median": 1.35511732101,
        "min": -0.30887389183,
        "skew": 2.71358919144,
        "var": 14.5459384918
    },
    "barkbands_skewness": {
        "kurt": 3.65384864807,
        "max": 3.35740947723,
        "mean": 1.22526633739,
        "median": 1.10700333118,
        "min": 0.411905884743,
        "skew": 1.85631537437,
        "var": 0.463737308979
    },
    "barkbands_spread": {
        "kurt": 1.32789802551,
        "max": 18.1660995483,
        "mean": 8.32189178467,
        "median": 7.85485124588,
        "min": 3.96812057495,
        "skew": 1.13074791431,
        "var": 12.8097190857
    },
    "dissonance": {
        "kurt": 6.94399833679,
        "max": 0.496737480164,
        "mean": 0.41517573595,
        "median": 0.44878834486,
        "min": 0,
        "skew": -2.77869725227,
        "var": 0.0141615727916
    },
    "hfc": {
        "kurt": 2.10919857025,
        "max": 3.00179100037,
        "mean": 0.453354656696,
        "median": 0.00659389793873,
        "min": 3.00042724e-09,
        "skew": 1.86624395847,
        "var": 0.790298342705
    },
    "pitch": {
        "kurt": -1.1611559391,
        "max": 908.287536621,
        "mean": 522.573486328,
        "median": 420.763153076,
        "min": 181.067672729,
        "skew": 0.277998507023,
        "var": 47821.6992188
    },
    "pitch_instantaneous_confidence": {
        "kurt": -1.36599588394,
        "max": 0.595906972885,
        "mean": 0.437302738428,
        "median": 0.42643558979,
        "min": 0.270962893963,
        "skew": -0.0151297412813,
        "var": 0.0114268632606
    },
    "pitch_salience": {
        "kurt": 2.34933280945,
        "max": 0.980656564236,
        "mean": 0.674831628799,
        "median": 0.662670552731,
        "min": 0.538101673126,
        "skew": 1.3598678112,
        "var": 0.0109320646152
    },
    "silence_rate_20dB": {
        "kurt": 0,
        "max": 1,
        "mean": 1,
        "median": 1,
        "min": 1,
        "skew": 0,
        "var": 0
    },
    "silence_rate_30dB": {
        "kurt": 0,
        "max": 1,
        "mean": 1,
        "median": 1,
        "min": 1,
        "skew": 0,
        "var": 0
    },
    "silence_rate_60dB": {
        "kurt": 0,
        "max": 1,
        "mean": 1,
        "median": 1,
        "min": 1,
        "skew": 0,
        "var": 0
    },
    "spectral_centroid": {
        "kurt": 3.81369447708,
        "max": 1535.72094727,
        "mean": 805.572509766,
        "median": 809.582702637,
        "min": 502.684020996,
        "skew": 1.82448768616,
        "var": 53980.078125
    },
    "spectral_complexity": {
        "kurt": 1.08372497559,
        "max": 11,
        "mean": 1.86666667461,
        "median": 0,
        "min": 0,
        "skew": 1.65080344677,
        "var": 12.2488927841
    },
    "spectral_crest": {
        "kurt": -1.09527862072,
        "max": 13.6933555603,
        "mean": 8.99861621857,
        "median": 9.0256023407,
        "min": 3.98158502579,
        "skew": -0.0655653178692,
        "var": 7.60993432999
    },
    "spectral_decrease": {
        "kurt": 1.05107975006,
        "max": -4.45549566616e-19,
        "mean": -1.44810385905e-10,
        "median": -1.83782698261e-12,
        "min": -8.22854007154e-10,
        "skew": -1.66633939743,
        "var": 7.48774100994e-20
    },
    "spectral_energy": {
        "kurt": 1.08571624756,
        "max": 0.0033779121004,
        "mean": 0.000587668269873,
        "median": 7.53446556701e-06,
        "min": 1.9537542157e-12,
        "skew": 1.67269408703,
        "var": 1.23700806398e-06
    },
    "spectral_energyband_high": {
        "kurt": 4.27714014053,
        "max": 1.88024259842e-05,
        "mean": 2.50354787568e-06,
        "median": 1.54231187821e-08,
        "min": 9.55573239893e-14,
        "skew": 2.27170443535,
        "var": 2.57788634189e-11
    },
    "spectral_energyband_low": {
        "kurt": 0.834097146988,
        "max": 6.91324473223e-08,
        "mean": 2.04972252504e-08,
        "median": 1.3147457345e-08,
        "min": 1.72645660382e-14,
        "skew": 1.3859988451,
        "var": 3.51951903993e-16
    },
    "spectral_energyband_middle_high": {
        "kurt": 4.63744211197,
        "max": 0.00172382802702,
        "mean": 0.000213255858398,
        "median": 3.25337396134e-06,
        "min": 1.16005100491e-12,
        "skew": 2.36541557312,
        "var": 2.15675953541e-07
    },
    "spectral_energyband_middle_low": {
        "kurt": 1.36464548111,
        "max": 0.00226094550453,
        "mean": 0.000380245299311,
        "median": 4.9381997087e-06,
        "min": 7.21115875346e-13,
        "skew": 1.71168553829,
        "var": 5.00203725551e-07
    },
    "spectral_flatness_db": {
        "kurt": -0.0220527648926,
        "max": 0.332988381386,
        "mean": 0.227653548121,
        "median": 0.24040903151,
        "min": 0.0589230805635,
        "skew": -0.680907011032,
        "var": 0.00503749074414
    },
    "spectral_flux": {
        "kurt": -1.08909273148,
        "max": 0.0395792201161,
        "mean": 0.0128982812166,
        "median": 0.00219564000145,
        "min": 0.000278743857052,
        "skew": 0.843432307243,
        "var": 0.000253938720562
    },
    "spectral_kurtosis": {
        "kurt": 4.95689535141,
        "max": 39.7458724976,
        "mean": 15.1755275726,
        "median": 13.6046199799,
        "min": 1.51328516006,
        "skew": 1.84556210041,
        "var": 57.9137420654
    },
    "spectral_rms": {
        "kurt": 0.154405593872,
        "max": 0.00181535782758,
        "mean": 0.000428462109994,
        "median": 8.57362101669e-05,
        "min": 4.36589253638e-08,
        "skew": 1.35226118565,
        "var": 3.8975505845e-07
    },
    "spectral_rolloff": {
        "kurt": 0.211149454117,
        "max": 2045.65429688,
        "mean": 1182.890625,
        "median": 1141.25976562,
        "min": 645.99609375,
        "skew": 0.57261711359,
        "var": 124294.773438
    },
    "spectral_skewness": {
        "kurt": 2.96064996719,
        "max": 5.12638235092,
        "mean": 3.17618179321,
        "median": 3.09254837036,
        "min": 1.60265183449,
        "skew": 0.667784571648,
        "var": 0.481717944145
    },
    "spectral_spread": {
        "kurt": 7.31899642944,
        "max": 30041192,
        "mean": 4965240.5,
        "median": 2536508.75,
        "min": 1906744,
        "skew": 2.93325018883,
        "var": 5.07376314614e+13
    },
    "spectral_strongpeak": {
        "kurt": 0.678702354431,
        "max": 0.37095078826,
        "mean": 0.0859268456697,
        "median": 0.0392918363214,
        "min": 3.64935857533e-07,
        "skew": 1.50816547871,
        "var": 0.0151135837659
    },
    "zerocrossingrate": {
        "kurt": 1.35367774963,
        "max": 0.0458984375,
        "mean": 0.0335286445916,
        "median": 0.03759765625,
        "min": 0.00146484375,
        "skew": -1.44525420666,
        "var": 0.000139003343065
    },
    "barkbands": {
        "kurt": [-0.166500329971, 1.36202335358, 2.02436208725, 0.88093996048, 2.44520759583, 4.27207517624, 3.00163936615, 4.08347320557, 2.62142133713, 8.49527835846, 1.23896694183, 3.57421827316, 0.611850976944, 2.42287492752, 3.18479919434, 2.78961849213, 5.19796276093, 2.2519659996, 8.76258563995, 6.26516819, 4.31742191315, 0.842043399811, 7.96510505676, 1.21206092834, 3.20585584641, 0.929692745209, 1.14285707474],
        "max": [1.22680143821e-09, 9.85487869087e-09, 4.15365555284e-08, 5.83740202842e-08, 1.08471442672e-06, 0.00115886237472, 0.000795675558038, 0.000458911672467, 0.000332867843099, 0.000748072110582, 5.7101729908e-05, 0.000395826471504, 0.000177198351594, 0.000203422110644, 4.35549845861e-05, 0.000103116311948, 1.364862419e-05, 2.61032187154e-06, 8.16514420876e-06, 3.93548361899e-06, 1.31400875034e-05, 1.54454278345e-06, 4.5645145974e-07, 1.09763938383e-07, 2.31233912018e-08, 5.51769907542e-10, 3.20753423821e-11],
        "mean": [3.72286840244e-10, 3.57742435675e-09, 1.05809787598e-08, 1.33391502288e-08, 2.21964413072e-07, 0.000146719859913, 0.000110370965558, 6.33512463537e-05, 5.07220029249e-05, 6.91797686159e-05, 9.6376379588e-06, 5.04268682562e-05, 3.25674263877e-05, 2.92397526209e-05, 5.78043409405e-06, 1.40748561535e-05, 1.63888216775e-06, 4.06074775583e-07, 7.47837987092e-07, 4.66460818416e-07, 1.7282262661e-06, 2.9278012903e-07, 4.60620590559e-08, 1.83464567982e-08, 3.40874661831e-09, 1.03826738873e-10, 5.86906868591e-12],
        "median": [2.26027516148e-10, 3.47261730482e-09, 5.84927972724e-09, 6.61524079959e-09, 6.77398190874e-08, 7.03049806816e-07, 7.32440582851e-07, 2.06903109756e-07, 1.13866269658e-06, 2.01824400392e-06, 3.08558334439e-08, 2.38064799873e-07, 2.72700617643e-07, 4.56223062884e-07, 4.28686099951e-08, 4.84792437305e-08, 2.89805690556e-08, 8.15183387459e-09, 4.63995419864e-09, 6.69956845556e-09, 7.30812654837e-09, 1.9096475512e-09, 3.52705281648e-10, 1.76043374323e-10, 1.17556894774e-10, 9.5150632165e-12, 5.35193200521e-13],
        "min": [3.61705599554e-15, 6.32436895958e-15, 5.63546689918e-15, 7.51999662221e-15, 3.2135071378e-14, 6.22031790768e-14, 1.04895841904e-13, 1.52864212174e-13, 2.76689587041e-13, 2.87679900518e-13, 2.17326794039e-13, 1.17922951135e-13, 1.67523313337e-14, 9.99799811626e-14, 2.34273998855e-13, 1.26959681375e-13, 2.94208051205e-14, 2.85560353033e-14, 3.67358934613e-14, 2.20643663252e-14, 2.08307746459e-14, 9.05190907039e-15, 1.3105860425e-14, 8.31766787743e-15, 1.01051064489e-14, 9.93834599035e-15, 9.91317979446e-15],
        "skew": [1.02358460426, 0.988414645195, 1.71924376488, 1.43735551834, 1.70212721825, 2.33985877037, 2.14290547371, 2.24398517609, 1.92784929276, 3.14916062355, 1.70451676846, 2.22200989723, 1.57381689548, 1.95333206654, 2.12925386429, 2.0862634182, 2.4801838398, 1.8597766161, 3.19493961334, 2.66460347176, 2.28191447258, 1.53970098495, 3.03663372993, 1.68167424202, 2.04742097855, 1.53067052364, 1.60987365246],
        "var": [1.314628971e-19, 5.29563509698e-18, 1.1924217488e-16, 2.9019105251e-16, 8.42768170246e-14, 1.0119828886e-07, 5.50537500033e-08, 1.55399941804e-08, 8.99494168038e-09, 3.51345335048e-08, 3.38593736382e-10, 1.26587416105e-08, 3.97104971128e-09, 3.60920249243e-09, 1.56816656882e-10, 9.44816780368e-10, 1.31279908819e-11, 5.75573659914e-13, 4.14469110074e-12, 1.02445526021e-12, 1.25953136809e-11, 2.54093431408e-13, 1.315383383e-14, 1.1926986227e-15, 4.13722555913e-17, 2.89964189386e-20, 1.00740011465e-22],
        "cov": [[1.40853103112e-19, 4.32708292002e-20, -1.54717813401e-19, -1.10671068753e-18, 4.94465839261e-17, -1.94312725056e-15, 2.61626657838e-14, 2.80799705997e-14, 1.81739118112e-14, 4.34981843839e-14, 2.18381547417e-15, 2.09733523138e-14, 7.92240842292e-15, 1.01821203785e-14, 1.15756051967e-15, 5.36874300035e-15, 7.44266304352e-16, 1.40509041369e-16, 4.78613690445e-16, 2.28016637189e-16, 7.23170842921e-16, 6.81924322092e-17, 2.83606449988e-17, 5.55612667958e-18, 1.28685594249e-18, 3.1447826845e-20, 2.54940235379e-21], [4.32708292002e-20, 5.67389445135e-18, 1.41726776962e-17, 1.2465670561e-17, 8.54568694984e-17, 1.04011234575e-13, -1.87329213692e-14, 1.30125592376e-13, 7.85252193673e-14, 5.61073844991e-14, 2.39658096021e-14, 1.26391749172e-13, 4.17969220974e-14, 3.24098149848e-14, 1.95027608158e-14, 3.75451419629e-14, 2.04614509167e-15, 5.55667165926e-16, 1.28765006317e-15, 6.04590888987e-16, 2.65461925615e-15, 2.1291100895e-16, 8.69681880345e-17, 3.24399225856e-17, 4.40661735697e-18, 1.57446901962e-19, 3.22072565995e-21], [-1.54717813401e-19, 1.41726776962e-17, 1.27759474977e-16, 1.39594722242e-16, 9.14608176995e-16, 3.00251555389e-12, 1.53503143356e-12, 7.19293873595e-13, 6.60564593476e-13, 5.49490086679e-13, 1.76316345421e-13, 7.76205109302e-13, 5.413511436e-13, 4.17341589889e-13, 1.21157736079e-13, 2.29202534773e-13, 2.01206137526e-14, 5.3645023299e-15, 6.90671681631e-15, 4.78059042683e-15, 2.16270787899e-14, 3.93752964058e-15, 4.27132271991e-16, 2.84345492852e-16, 4.13774072721e-17, 1.30530093278e-18, 3.85266842387e-21], [-1.10671068753e-18, 1.2465670561e-17, 1.39594722242e-16, 3.1091898105e-16, 1.43770120863e-15, 2.06331176103e-12, 5.77510749725e-13, 1.33495062335e-13, 2.08059386234e-13, -2.89970738393e-13, 9.80343329302e-14, 2.62883898677e-13, 2.56767534752e-13, 1.33877297811e-13, 7.4476469642e-14, 9.12036627319e-14, 2.89023269361e-15, 1.81881140127e-15, -2.09377057792e-15, 1.01624895429e-16, 4.70344478358e-15, 1.71583580592e-15, -9.79720062872e-17, 1.23173903298e-16, 1.06903589867e-17, 5.3477976234e-19, -3.22433807239e-20], [4.94465839261e-17, 8.54568694984e-17, 9.14608176995e-16, 1.43770120863e-15, 9.02965920893e-14, 2.00364273784e-11, 1.50304751284e-11, 1.14063992626e-11, 7.55887800269e-12, 1.08078285904e-11, 1.53316975001e-12, 7.72184226283e-12, 4.63057066649e-12, 4.1280030609e-12, 8.3748893237e-13, 2.15859253215e-12, 2.50982286169e-13, 5.61001474496e-14, 1.16132160854e-13, 6.65982704097e-14, 2.52390041375e-13, 4.40683188725e-14, 9.70519932459e-15, 2.74595672467e-15, 5.0245046813e-16, 1.43062806e-17, 5.05916639033e-19], [-1.94312725056e-15, 1.04011234575e-13, 3.00251555389e-12, 2.06331176103e-12, 2.00364273784e-11, 1.08426732481e-07, 6.73735627288e-08, 1.81917254594e-08, 2.02163938923e-08, 2.11591757449e-08, 4.61020377429e-09, 1.91638047653e-08, 1.790170856e-08, 1.42971341432e-08, 2.75551736983e-09, 5.52928014486e-09, 6.64170329845e-10, 1.71515940339e-10, 1.89661203409e-10, 1.54183804613e-10, 6.64819477247e-10, 1.4596947262e-10, 1.0602646365e-11, 8.41861910045e-12, 1.34373827169e-12, 3.91809557075e-14, 2.24881794721e-16], [2.61626657838e-14, -1.87329213692e-14, 1.53503143356e-12, 5.77510749725e-13, 1.50304751284e-11, 6.73735627288e-08, 5.89861599565e-08, 2.05995753788e-08, 1.96953120479e-08, 3.45633601739e-08, 3.29572502622e-09, 1.92772642293e-08, 1.46049297101e-08, 1.37282709645e-08, 1.76923931061e-09, 5.15834486237e-09, 7.53047124658e-10, 1.64216390486e-10, 3.28122057303e-10, 1.95664484615e-10, 7.16787185162e-10, 1.20063375908e-10, 1.75625521071e-11, 7.24692831786e-12, 1.37091965384e-12, 3.47359334764e-14, 9.43016603255e-16], [2.80799705997e-14, 1.30125592376e-13, 7.19293873595e-13, 1.33495062335e-13, 1.14063992626e-11, 1.81917254594e-08, 2.05995753788e-08, 1.6649993384e-08, 1.22218413168e-08, 2.23016627388e-08, 2.13642858959e-09, 1.45857379508e-08, 7.00665747644e-09, 7.17100556713e-09, 1.37127165178e-09, 3.94742105669e-09, 4.52820614338e-10, 9.57528986656e-11, 2.55562238038e-10, 1.29992197562e-10, 4.59869892167e-10, 5.3189008753e-11, 1.45682389763e-11, 4.28771514821e-12, 8.20743104556e-13, 2.15617420565e-14, 9.78267467542e-16], [1.81739118112e-14, 7.85252193673e-14, 6.60564593476e-13, 2.08059386234e-13, 7.55887800269e-12, 2.02163938923e-08, 1.96953120479e-08, 1.22218413168e-08, 9.6374375147e-09, 1.70671832223e-08, 1.70144309752e-09, 1.099362823e-08, 6.03818017808e-09, 5.95236926415e-09, 1.0561151953e-09, 2.97862690068e-09, 3.5798439213e-10, 7.68922009398e-11, 1.87551987829e-10, 9.95943744142e-11, 3.58133495082e-10, 4.66885315131e-11, 1.05276230442e-11, 3.45535427528e-12, 6.51421028664e-13, 1.70612357792e-14, 6.62772099826e-16], [4.34981843839e-14, 5.61073844991e-14, 5.49490086679e-13, -2.89970738393e-13, 1.08078285904e-11, 2.11591757449e-08, 3.45633601739e-08, 2.23016627388e-08, 1.70671832223e-08, 3.76441455785e-08, 2.45243270136e-09, 1.98069454171e-08, 9.8396579773e-09, 1.08737916449e-08, 1.41531775188e-09, 5.16424591979e-09, 7.02758018445e-10, 1.35677705182e-10, 4.01044558673e-10, 1.97724947526e-10, 6.69745481297e-10, 7.36160785109e-11, 2.21053089028e-11, 5.7570523869e-12, 1.18862612895e-12, 2.80190790952e-14, 1.36386344079e-15], [2.18381547417e-15, 2.39658096021e-14, 1.76316345421e-13, 9.80343329302e-14, 1.53316975001e-12, 4.61020377429e-09, 3.29572502622e-09, 2.13642858959e-09, 1.70144309752e-09, 2.45243270136e-09, 3.62779001284e-10, 2.04022043704e-09, 1.14955400754e-09, 1.03528041695e-09, 2.41684977587e-10, 5.71978020503e-10, 5.90540255585e-11, 1.35064476964e-11, 2.87415802963e-11, 1.57846530985e-11, 6.08703226712e-11, 8.4285174326e-12, 1.68249127738e-12, 6.54223149179e-13, 1.1111626891e-13, 3.12770621543e-15, 8.71726803168e-17], [2.09733523138e-14, 1.26391749172e-13, 7.76205109302e-13, 2.62883898677e-13, 7.72184226283e-12, 1.91638047653e-08, 1.92772642293e-08, 1.45857379508e-08, 1.099362823e-08, 1.98069454171e-08, 2.04022043704e-09, 1.35629374398e-08, 6.69577726597e-09, 6.67862787296e-09, 1.33837907423e-09, 3.69379082876e-09, 4.14117851122e-10, 8.6399276622e-11, 2.27400390185e-10, 1.14491617575e-10, 4.13570871993e-10, 4.74776572224e-11, 1.30006838628e-11, 3.99205451682e-12, 7.33590813963e-13, 1.91284569564e-14, 7.31232373118e-16], [7.92240842292e-15, 4.17969220974e-14, 5.413511436e-13, 2.56767534752e-13, 4.63057066649e-12, 1.790170856e-08, 1.46049297101e-08, 7.00665747644e-09, 6.03818017808e-09, 9.8396579773e-09, 1.14955400754e-09, 6.69577726597e-09, 4.25469615095e-09, 3.94655597091e-09, 7.06278757701e-10, 1.83634341067e-09, 2.22534560224e-10, 4.90219982663e-11, 1.04052766403e-10, 5.84948756099e-11, 2.19190235407e-10, 3.25850145477e-11, 5.83917636465e-12, 2.27293834795e-12, 4.07034703252e-13, 1.07847606036e-14, 2.95875172981e-16], [1.01821203785e-14, 3.24098149848e-14, 4.17341589889e-13, 1.33877297811e-13, 4.1280030609e-12, 1.42971341432e-08, 1.37282709645e-08, 7.17100556713e-09, 5.95236926415e-09, 1.08737916449e-08, 1.03528041695e-09, 6.67862787296e-09, 3.94655597091e-09, 3.86700271804e-09, 6.23124829513e-10, 1.79900450092e-09, 2.28266711089e-10, 4.80431874839e-11, 1.1497262864e-10, 6.15111295232e-11, 2.21996532268e-10, 3.0091675679e-11, 6.38858107041e-12, 2.16094785295e-12, 4.06140697245e-13, 1.03392238144e-14, 3.53067208157e-16], [1.15756051967e-15, 1.95027608158e-14, 1.21157736079e-13, 7.4476469642e-14, 8.3748893237e-13, 2.75551736983e-09, 1.76923931061e-09, 1.37127165178e-09, 1.0561151953e-09, 1.41531775188e-09, 2.41684977587e-10, 1.33837907423e-09, 7.06278757701e-10, 6.23124829513e-10, 1.68017849633e-10, 3.79501569059e-10, 3.57076972157e-11, 8.28543050141e-12, 1.77310752886e-11, 9.52522522663e-12, 3.75654438112e-11, 4.91492567131e-12, 1.05862432535e-12, 4.14564948125e-13, 6.75937916208e-14, 1.95980109413e-15, 5.11081747098e-17], [5.36874300035e-15, 3.75451419629e-14, 2.29202534773e-13, 9.12036627319e-14, 2.15859253215e-12, 5.52928014486e-09, 5.15834486237e-09, 3.94742105669e-09, 2.97862690068e-09, 5.16424591979e-09, 5.71978020503e-10, 3.69379082876e-09, 1.83634341067e-09, 1.79900450092e-09, 3.79501569059e-10, 1.01230368532e-09, 1.10462458625e-10, 2.3390773693e-11, 5.99850794036e-11, 3.04207457835e-11, 1.1117055887e-10, 1.29746690822e-11, 3.45040337447e-12, 1.09410332357e-12, 1.97507551221e-13, 5.23436503492e-15, 1.90999973905e-16], [7.44266304352e-16, 2.04614509167e-15, 2.01206137526e-14, 2.89023269361e-15, 2.50982286169e-13, 6.64170329845e-10, 7.53047124658e-10, 4.52820614338e-10, 3.5798439213e-10, 7.02758018445e-10, 5.90540255585e-11, 4.14117851122e-10, 2.22534560224e-10, 2.28266711089e-10, 3.57076972157e-11, 1.10462458625e-10, 1.40657051978e-11, 2.85911680616e-12, 7.55788660822e-12, 3.869377041e-12, 1.36288619279e-11, 1.66403273539e-12, 4.21259164704e-13, 1.26611056166e-13, 2.45164945203e-14, 6.09219500527e-16, 2.43614533846e-17], [1.40509041369e-16, 5.55667165926e-16, 5.3645023299e-15, 1.81881140127e-15, 5.61001474496e-14, 1.71515940339e-10, 1.64216390486e-10, 9.57528986656e-11, 7.68922009398e-11, 1.35677705182e-10, 1.35064476964e-11, 8.6399276622e-11, 4.90219982663e-11, 4.80431874839e-11, 8.28543050141e-12, 2.3390773693e-11, 2.85911680616e-12, 6.16686064193e-13, 1.47229548431e-12, 7.91482060013e-13, 2.85072724975e-12, 3.82389568144e-13, 8.21135219824e-14, 2.76344549864e-14, 5.21242434048e-15, 1.36339998142e-16, 5.14992930003e-18], [4.78613690445e-16, 1.28765006317e-15, 6.90671681631e-15, -2.09377057792e-15, 1.16132160854e-13, 1.89661203409e-10, 3.28122057303e-10, 2.55562238038e-10, 1.87551987829e-10, 4.01044558673e-10, 2.87415802963e-11, 2.27400390185e-10, 1.04052766403e-10, 1.1497262864e-10, 1.77310752886e-11, 5.99850794036e-11, 7.55788660822e-12, 1.47229548431e-12, 4.4407403102e-12, 2.15266216311e-12, 7.34232726701e-12, 7.52604033781e-13, 2.47967580714e-13, 6.36963016511e-14, 1.28751337323e-14, 3.11475799334e-16, 1.5495102922e-17], [2.28016637189e-16, 6.04590888987e-16, 4.78059042683e-15, 1.01624895429e-16, 6.65982704097e-14, 1.54183804613e-10, 1.95664484615e-10, 1.29992197562e-10, 9.95943744142e-11, 1.97724947526e-10, 1.57846530985e-11, 1.14491617575e-10, 5.84948756099e-11, 6.15111295232e-11, 9.52522522663e-12, 3.04207457835e-11, 3.869377041e-12, 7.91482060013e-13, 2.15266216311e-12, 1.09763066691e-12, 3.80694347574e-12, 4.50586210054e-13, 1.19373613642e-13, 3.43359306374e-14, 6.82961648932e-15, 1.70930759065e-16, 7.84166889828e-18], [7.23170842921e-16, 2.65461925615e-15, 2.16270787899e-14, 4.70344478358e-15, 2.52390041375e-13, 6.64819477247e-10, 7.16787185162e-10, 4.59869892167e-10, 3.58133495082e-10, 6.69745481297e-10, 6.08703226712e-11, 4.13570871993e-10, 2.19190235407e-10, 2.21996532268e-10, 3.75654438112e-11, 1.1117055887e-10, 1.36288619279e-11, 2.85072724975e-12, 7.34232726701e-12, 3.80694347574e-12, 1.34949785721e-11, 1.67057654602e-12, 4.10371796223e-13, 1.26753520332e-13, 2.43361459592e-14, 6.23118040642e-16, 2.5656173023e-17], [6.81924322092e-17, 2.1291100895e-16, 3.93752964058e-15, 1.71583580592e-15, 4.40683188725e-14, 1.4596947262e-10, 1.20063375908e-10, 5.3189008753e-11, 4.66885315131e-11, 7.36160785109e-11, 8.4285174326e-12, 4.74776572224e-11, 3.25850145477e-11, 3.0091675679e-11, 4.91492567131e-12, 1.29746690822e-11, 1.66403273539e-12, 3.82389568144e-13, 7.52604033781e-13, 4.50586210054e-13, 1.67057654602e-12, 2.72242948671e-13, 4.14633368059e-14, 1.71510805639e-14, 3.17761742009e-15, 8.57837448067e-17, 2.7328457184e-18], [2.83606449988e-17, 8.69681880345e-17, 4.27132271991e-16, -9.79720062872e-17, 9.70519932459e-15, 1.0602646365e-11, 1.75625521071e-11, 1.45682389763e-11, 1.05276230442e-11, 2.21053089028e-11, 1.68249127738e-12, 1.30006838628e-11, 5.83917636465e-12, 6.38858107041e-12, 1.05862432535e-12, 3.45040337447e-12, 4.21259164704e-13, 8.21135219824e-14, 2.47967580714e-13, 1.19373613642e-13, 4.10371796223e-13, 4.14633368059e-14, 1.40933932683e-14, 3.6141189088e-15, 7.17868734309e-16, 1.75409124828e-17, 8.49375005761e-19], [5.55612667958e-18, 3.24399225856e-17, 2.84345492852e-16, 1.23173903298e-16, 2.74595672467e-15, 8.41861910045e-12, 7.24692831786e-12, 4.28771514821e-12, 3.45535427528e-12, 5.7570523869e-12, 6.54223149179e-13, 3.99205451682e-12, 2.27293834795e-12, 2.16094785295e-12, 4.14564948125e-13, 1.09410332357e-12, 1.26611056166e-13, 2.76344549864e-14, 6.36963016511e-14, 3.43359306374e-14, 1.26753520332e-13, 1.71510805639e-14, 3.6141189088e-15, 1.27789139659e-15, 2.31393307564e-16, 6.16757445248e-18, 2.03580276913e-19], [1.28685594249e-18, 4.40661735697e-18, 4.13774072721e-17, 1.06903589867e-17, 5.0245046813e-16, 1.34373827169e-12, 1.37091965384e-12, 8.20743104556e-13, 6.51421028664e-13, 1.18862612895e-12, 1.1111626891e-13, 7.33590813963e-13, 4.07034703252e-13, 4.06140697245e-13, 6.75937916208e-14, 1.97507551221e-13, 2.45164945203e-14, 5.21242434048e-15, 1.28751337323e-14, 6.82961648932e-15, 2.43361459592e-14, 3.17761742009e-15, 7.17868734309e-16, 2.31393307564e-16, 4.43274145779e-17, 1.14514304975e-18, 4.57202563968e-20], [3.1447826845e-20, 1.57446901962e-19, 1.30530093278e-18, 5.3477976234e-19, 1.43062806e-17, 3.91809557075e-14, 3.47359334764e-14, 2.15617420565e-14, 1.70612357792e-14, 2.80190790952e-14, 3.12770621543e-15, 1.91284569564e-14, 1.07847606036e-14, 1.03392238144e-14, 1.95980109413e-15, 5.23436503492e-15, 6.09219500527e-16, 1.36339998142e-16, 3.11475799334e-16, 1.70930759065e-16, 6.23118040642e-16, 8.57837448067e-17, 1.75409124828e-17, 6.16757445248e-18, 1.14514304975e-18, 3.10675919507e-20, 1.20253229378e-21], [2.54940235379e-21, 3.22072565995e-21, 3.85266842387e-21, -3.22433807239e-20, 5.05916639033e-19, 2.24881794721e-16, 9.43016603255e-16, 9.78267467542e-16, 6.62772099826e-16, 1.36386344079e-15, 8.71726803168e-17, 7.31232373118e-16, 2.95875172981e-16, 3.53067208157e-16, 5.11081747098e-17, 1.90999973905e-16, 2.43614533846e-17, 5.14992930003e-18, 1.5495102922e-17, 7.84166889828e-18, 2.5656173023e-17, 2.7328457184e-18, 8.49375005761e-19, 2.03580276913e-19, 4.57202563968e-20, 1.20253229378e-21, 1.07935722963e-22]]
    },
    "mfcc": {
        "kurt": [-0.947090864182, -1.13297390938, -0.404666185379, -1.3399605751, -0.938164710999, -0.0578575134277, -1.04774487019, -1.03874385357, -0.811202526093, 0.329551696777, 0.50573015213, -0.819100618362, -0.352377891541],
        "max": [-810.143127441, 142.736572266, 28.4156532288, 0.414783477783, -6.103515625e-05, 2.28881835938e-05, -2.67028808594e-05, -5.34057617188e-05, 2.76723861694, 10.7983798981, 11.7663383484, 18.2633800507, 9.16684341431],
        "mean": [-1011.14050293, 78.6415100098, -24.857460022, -36.1547584534, -36.8919754028, -18.8070335388, -22.7503604889, -23.0455722809, -5.52891683578, -4.27913665771, -0.21973927319, 3.30022382736, -2.04967212677],
        "median": [-1048.71264648, 83.1876907349, -8.70960998535, -37.4090957642, -29.8161888123, -19.3278884888, -16.7752151489, -15.929069519, -4.81755065918, -0.650123596191, -2.67028808594e-05, -3.0517578125e-05, -2.27001953125],
        "min": [-1138.42004395, 1.14440917969e-05, -114.253417969, -74.8483657837, -83.0190734863, -39.6146202087, -52.2022781372, -54.2097854614, -16.6186904907, -24.6461410522, -9.42498588562, -7.30383300781, -11.5764122009],
        "skew": [0.6936160326, -0.12255884707, -0.955399036407, 0.12958188355, -0.431650042534, -0.213397487998, -0.519425570965, -0.582826077938, -0.34371650219, -0.891237974167, 0.296789616346, 0.72885787487, 0.437718182802],
        "var": [11653.2001953, 2032.20874023, 1800.1673584, 589.128234863, 615.336730957, 90.2152023315, 239.539642334, 269.553497314, 31.7727890015, 87.0640029907, 25.1282939911, 69.3801727295, 32.7382011414],
        "cov": [[12485.5712891, 4755.54980469, -4671.86181641, -2283.06884766, -2719.84301758, -875.412963867, -1600.85510254, -1720.32885742, 127.933143616, -620.803039551, -239.251174927, 839.679870605, 368.030944824], [4755.54980469, 2177.36645508, -1573.30041504, -1067.76086426, -1072.54309082, -377.721618652, -684.708618164, -709.1640625, 4.39499330521, -265.998840332, -99.6385269165, 269.476623535, 73.6410293579], [-4671.86181641, -1573.30041504, 1928.75073242, 810.311645508, 970.858398438, 271.281158447, 539.228210449, 589.529296875, -91.1885910034, 205.723999023, 89.8020706177, -345.691986084, -184.776565552], [-2283.06884766, -1067.76086426, 810.311645508, 631.208862305, 515.110168457, 153.391601562, 314.484222412, 301.793182373, -18.9017238617, 101.286750793, 46.6530990601, -123.561630249, -40.2079467773], [-2719.84301758, -1072.54309082, 970.858398438, 515.110168457, 659.289367676, 226.056167603, 353.001617432, 377.535583496, -33.7671470642, 120.563148499, 33.5079078674, -166.851928711, -58.784034729], [-875.412963867, -377.721618652, 271.281158447, 153.391601562, 226.056167603, 96.6591415405, 127.262718201, 132.966781616, -6.55204296112, 40.5866889954, 11.5659780502, -46.3222312927, -9.54386425018], [-1600.85510254, -684.708618164, 539.228210449, 314.484222412, 353.001617432, 127.262718201, 256.649627686, 258.621063232, 9.25755214691, 116.866012573, 37.3703079224, -108.421867371, -41.5393600464], [-1720.32885742, -709.1640625, 589.529296875, 301.793182373, 377.535583496, 132.966781616, 258.621063232, 288.807312012, 8.81623935699, 125.842086792, 32.6113052368, -123.240913391, -44.859287262], [127.933143616, 4.39499330521, -91.1885910034, -18.9017238617, -33.7671470642, -6.55204296112, 9.25755214691, 8.81623935699, 34.0422744751, 19.6837463379, -0.0833266302943, 5.14764022827, 6.83634901047], [-620.803039551, -265.998840332, 205.723999023, 101.286750793, 120.563148499, 40.5866889954, 116.866012573, 125.842086792, 19.6837463379, 93.2828598022, 26.8620548248, -54.2457962036, -24.269115448], [-239.251174927, -99.6385269165, 89.8020706177, 46.6530990601, 33.5079078674, 11.5659780502, 37.3703079224, 32.6113052368, -0.0833266302943, 26.8620548248, 26.9231719971, -15.2998561859, -17.9945163727], [839.679870605, 269.476623535, -345.691986084, -123.561630249, -166.851928711, -46.3222312927, -108.421867371, -123.240913391, 5.14764022827, -54.2457962036, -15.2998561859, 74.335899353, 38.6572303772], [368.030944824, 73.6410293579, -184.776565552, -40.2079467773, -58.784034729, -9.54386425018, -41.5393600464, -44.859287262, 6.83634901047, -24.269115448, -17.9945163727, 38.6572303772, 35.0766448975]]
    },
    "sccoeffs": {
        "kurt": [-0.490217447281, -0.589476585388, 1.5406088829, -0.320783615112, -0.657474994659, -0.65137720108],
        "max": [-0.719162583351, -0.682637751102, -0.735187888145, -0.750486731529, -0.757091939449, -0.745793759823],
        "mean": [-0.825670778751, -0.822593808174, -0.827341735363, -0.835624098778, -0.857100844383, -0.831393837929],
        "median": [-0.847587585449, -0.843689441681, -0.817358493805, -0.845076501369, -0.877272427082, -0.847425043583],
        "min": [-0.965547859669, -0.970908880234, -0.977387785912, -0.947553098202, -0.9521676898, -0.946687340736],
        "skew": [-0.0546375364065, 0.280441552401, -0.969457149506, -0.166265323758, 0.613899171352, -0.16445992887],
        "var": [0.00432771723717, 0.00587730063125, 0.00302746193483, 0.00274218595587, 0.00326034682803, 0.00314930989407],
        "cov": [[0.0046368399635, 0.00340866926126, 0.0020754551515, 0.00278117391281, 0.00290577043779, 0.00320593640208], [0.00340866926126, 0.00629710778594, 0.0025101560168, 0.00306580471806, 0.00348744657822, 0.00393899204209], [0.0020754551515, 0.0025101560168, 0.00324370921589, 0.00207467610016, 0.00185419083573, 0.00205466174521], [0.00278117391281, 0.00306580471806, 0.00207467610016, 0.00293805636466, 0.00283573707566, 0.00276635750197], [0.00290577043779, 0.00348744657822, 0.00185419083573, 0.00283573707566, 0.00349322869442, 0.00299039622769], [0.00320593640208, 0.00393899204209, 0.00205466174521, 0.00276635750197, 0.00299039622769, 0.00337426061742]]
    },
    "scvalleys": {
        "kurt": [9.40484714508, 1.89285182953, 0.994019269943, 1.75293970108, 1.97693729401, 1.11581707001],
        "max": [-10.3529405594, -5.88550233841, -6.24262571335, -6.7769241333, -8.87472057343, -11.3196640015],
        "mean": [-11.2443819046, -8.82813453674, -9.44661235809, -10.10800457, -11.8012733459, -13.8827857971],
        "median": [-10.8789014816, -8.66690158844, -9.45881557465, -10.3511857986, -11.7786235809, -14.0803184509],
        "min": [-16.9269065857, -15.9826812744, -15.7637014389, -16.7237892151, -17.7282562256, -18.9367446899],
        "skew": [-3.31641888618, -1.22358846664, -0.835038483143, -1.00652074814, -1.13659405708, -0.886285543442],
        "var": [2.36895155907, 6.27433443069, 5.63648986816, 5.59335947037, 4.32760620117, 3.53759264946],
        "cov": [[2.53816246986, 3.35013461113, 3.01369428635, 3.10388875008, 2.8049352169, 2.41031074524], [3.35013461113, 6.72250080109, 6.26982450485, 6.18275499344, 5.32453918457, 4.9124917984], [3.01369428635, 6.26982450485, 6.03909635544, 5.95489645004, 5.1498374939, 4.7203335762], [3.10388875008, 6.18275499344, 5.95489645004, 5.99288511276, 5.17934656143, 4.71287870407], [2.8049352169, 5.32453918457, 5.1498374939, 5.17934656143, 4.63672113419, 4.12274694443], [2.41031074524, 4.9124917984, 4.7203335762, 4.71287870407, 4.12274694443, 3.7902777195]]
    }
},
"rhythm": {
    "bpm": 0,
    "confidence": 0,
    "first_peak_bpm": {
        "kurt": 0,
        "max": 0,
        "mean": 0,
        "median": 0,
        "min": 0,
        "skew": 0,
        "var": 0
    },
    "first_peak_spread": {
        "kurt": 0,
        "max": 0,
        "mean": 0,
        "median": 0,
        "min": 0,
        "skew": 0,
        "var": 0
    },
    "first_peak_weight": {
        "kurt": 0,
        "max": 0,
        "mean": 0,
        "median": 0,
        "min": 0,
        "skew": 0,
        "var": 0
    },
    "onset_rate": 3.29892277718,
    "second_peak_bpm": {
        "kurt": 0,
        "max": 0,
        "mean": 0,
        "median": 0,
        "min": 0,
        "skew": 0,
        "var": 0
    },
    "second_peak_spread": {
        "kurt": 0,
        "max": 0,
        "mean": 0,
        "median": 0,
        "min": 0,
        "skew": 0,
        "var": 0
    },
    "second_peak_weight": {
        "kurt": 0,
        "max": 0,
        "mean": 0,
        "median": 0,
        "min": 0,
        "skew": 0,
        "var": 0
    },
    "beats_position": [],
    "bpm_estimates": [],
    "bpm_intervals": [],
    "onset_times": [0.0232199542224],
    "histogram": [[0, 0, 0, 0, 0, 0, 0, 0, 0, 0, 0, 0, 0, 0, 0, 0, 0, 0, 0, 0, 0, 0, 0, 0, 0, 0, 0, 0, 0, 0, 0, 0, 0, 0, 0, 0, 0, 0, 0, 0, 0, 0, 0, 0, 0, 0, 0, 0, 0, 0, 0, 0, 0, 0, 0, 0, 0, 0, 0, 0, 0, 0, 0, 0, 0, 0, 0, 0, 0, 0, 0, 0, 0, 0, 0, 0, 0, 0, 0, 0, 0, 0, 0, 0, 0, 0, 0, 0, 0, 0, 0, 0, 0, 0, 0, 0, 0, 0, 0, 0, 0, 0, 0, 0, 0, 0, 0, 0, 0, 0, 0, 0, 0, 0, 0, 0, 0, 0, 0, 0, 0, 0, 0, 0, 0, 0, 0, 0, 0, 0, 0, 0, 0, 0, 0, 0, 0, 0, 0, 0, 0, 0, 0, 0, 0, 0, 0, 0, 0, 0, 0, 0, 0, 0, 0, 0, 0, 0, 0, 0, 0, 0, 0, 0, 0, 0, 0, 0, 0, 0, 0, 0, 0, 0, 0, 0, 0, 0, 0, 0, 0, 0, 0, 0, 0, 0, 0, 0, 0, 0, 0, 0, 0, 0, 0, 0, 0, 0, 0, 0, 0, 0, 0, 0, 0, 0, 0, 0, 0, 0, 0, 0, 0, 0, 0, 0, 0, 0, 0, 0, 0, 0, 0, 0, 0, 0, 0, 0, 0, 0, 0, 0, 0, 0, 0, 0, 0, 0, 0, 0, 0, 0, 0, 0, 0, 0, 0, 0, 0, 0]]
},
"sfx": {
    "inharmonicity": {
        "kurt": 0.0659053325653,
        "max": 0.261014312506,
        "mean": 0.0686191320419,
        "median": 0.026366494596,
        "min": 0.00130639097188,
        "skew": 1.14184737206,
        "var": 0.0064345356077
    },
    "oddtoevenharmonicenergyratio": {
        "kurt": 1.89021205902,
        "max": 4.50905370712,
        "mean": 0.956460297108,
        "median": 0.332787573338,
        "min": 0.0157640837133,
        "skew": 1.73560619354,
        "var": 1.6265412569
    },
    "pitch_after_max_to_before_max_energy_ratio": 0.171387568116,
    "pitch_centroid": 7.75205421448,
    "pitch_max_to_total": 0.933333337307,
    "pitch_min_to_total": 0.266666680574,
    "tristimulus": {
        "kurt": [-0.481549501419, -0.407958984375, 4.42876148224],
        "max": [0.777137815952, 0.708337783813, 0.511557519436],
        "mean": [0.430207461119, 0.442691773176, 0.127100810409],
        "median": [0.459755212069, 0.462349265814, 0.0879856348038],
        "min": [0.00216485885903, 0.134876668453, 0.0232311543077],
        "skew": [-0.23101939261, -0.302496403456, 2.18341064453],
        "var": [0.0435267053545, 0.0218861643225, 0.0141678610817],
        "cov": [[0.0466357544065, -0.0274526868016, -0.0191830694675], [-0.0274526868016, 0.0234494619071, 0.00400321744382], [-0.0191830694675, 0.00400321744382, 0.0151798510924]]
    }
},
"tonal": {
    "chords_changes_rate": 0,
    "chords_number_rate": 0.125,
    "chords_strength": {
        "kurt": -2,
        "max": 0.35029515624,
        "mean": 0.350295126438,
        "median": 0.35029515624,
        "min": 0.35029515624,
        "skew": 1,
        "var": 8.881784197e-16
    },
    "key_strength": 0.437206208706,
    "tuning_diatonic_strength": 0.358795851469,
    "tuning_equal_tempered_deviation": 0.216541945934,
    "tuning_frequency": 434.946166992,
    "tuning_nontempered_energy_ratio": 0.861456394196,
    "hpcp": {
        "kurt": [-1.45151019096, -0.963908433914, -1.61348009109, 0.76612663269, 0.493966579437, -0.199383497238, 0.446403741837, -0.965261220932, -0.335895061493, -0.0484204292297, -0.565254211426, -1.34255743027, 0.841962337494, 2.15335083008, -0.9822742939, -0.380436658859, 0.0296256542206, -0.642250776291, -0.231882572174, 1.59930801392, 0.495384454727, 1.07255411148, 2.29818487167, -1.55934381485, -0.999050140381, -1.66622924805, -0.490433692932, -1.41878724098, -0.740080356598, -0.858903646469, -1.68932902813, 0.899362564087, 0.602227687836, -0.849855899811, -0.317659854889, -0.926202774048],
        "max": [0.860235035419, 0.441553592682, 0.297342061996, 0.249313816428, 0.275567263365, 0.219008728862, 0.136514738202, 0.139806106687, 0.156948387623, 0.165568992496, 0.169551134109, 0.287961989641, 0.768799483776, 0.725603878498, 0.180466786027, 0.242738962173, 0.807428836823, 1, 0.670593380928, 0.584759175777, 0.420518368483, 0.229290798306, 0.219778001308, 0.219540506601, 0.374474585056, 0.322113513947, 0.579696238041, 0.569843947887, 1, 1, 1, 1, 0.874230027199, 0.998493134975, 0.617138385773, 1],
        "mean": [0.46134403348, 0.202910497785, 0.124843388796, 0.076203070581, 0.0778117477894, 0.0728037953377, 0.0647651031613, 0.0608182474971, 0.0586393475533, 0.0528629571199, 0.0723474025726, 0.165828824043, 0.24543531239, 0.162937477231, 0.0738112851977, 0.0995144024491, 0.241055876017, 0.308979272842, 0.195603206754, 0.15923152864, 0.148090526462, 0.072762966156, 0.0513097643852, 0.101256586611, 0.145610511303, 0.167995989323, 0.186925947666, 0.253386884928, 0.403429418802, 0.660627067089, 0.634783148766, 0.333988159895, 0.28889298439, 0.34078207612, 0.346888840199, 0.528697967529],
        "median": [0.391225039959, 0.221933990717, 0.0533516481519, 0.0622074790299, 0.0496857203543, 0.0605914592743, 0.06197155267, 0.0501665025949, 0.0570833943784, 0.0326009914279, 0.0745543539524, 0.152253061533, 0.16032192111, 0.078495875001, 0.0511918142438, 0.0816361531615, 0.139189571142, 0.121014222503, 0.118004783988, 0.106157042086, 0.132154300809, 0.0563941076398, 0.0291476007551, 0.0781958922744, 0.115120053291, 0.16691608727, 0.109239980578, 0.305866420269, 0.321283400059, 0.730669260025, 0.731749534607, 0.266302227974, 0.194715708494, 0.142472654581, 0.33820271492, 0.433375328779],
        "min": [0.0621356479824, 0, 0, 0, 0, 0, 0, 0, 0, 0, 0.0155221810564, 0.0659612864256, 0.0262383446097, 0.0131154377013, 0, 0, 0, 0, 0, 0, 0, 0, 0, 0, 0, 0, 0, 0, 0.00924609135836, 0.0390054434538, 0.15343567729, 0.0794372037053, 0, 0.049812849611, 0.159085899591, 0.264125883579],
        "skew": [0.143014192581, 0.15016464889, 0.493241518736, 1.26466047764, 1.22630023956, 0.878881454468, 0.26647233963, 0.569924890995, 0.70942491293, 1.13418483734, 0.592244267464, 0.244884595275, 1.43698096275, 1.91290748119, 0.752838015556, 0.64890652895, 1.15586328506, 1.0587221384, 1.14460325241, 1.66391682625, 1.07462620735, 1.39060115814, 1.94963371754, 0.28952768445, 0.525661766529, -0.00789752695709, 0.965513586998, -0.0280652176589, 0.702453136444, -0.673369765282, -0.259869068861, 1.43454420567, 1.2125133276, 0.873321473598, 0.542133867741, 0.651514649391],
        "var": [0.0755153223872, 0.0188896600157, 0.0140664409846, 0.00565466471016, 0.00764065934345, 0.00479509448633, 0.00126732559875, 0.00219353265129, 0.00231266347691, 0.00278680562042, 0.00241469731554, 0.00563623011112, 0.0507242903113, 0.0496224351227, 0.00429871724918, 0.00508796609938, 0.0686911568046, 0.131955772638, 0.0522468835115, 0.0303132999688, 0.0149414846674, 0.00442431261763, 0.00438837427646, 0.00703718326986, 0.0151831135154, 0.0165591780096, 0.0380552001297, 0.0407447516918, 0.102959185839, 0.106433674693, 0.124188430607, 0.0814522355795, 0.0664127916098, 0.119474291801, 0.0181677304208, 0.0616259090602],
