{
"metadata": {
    "version": {
        "essentia": "2.1-beta3"
    }
},
"lowLevel": {
    "average_loudness": 0.99068403244,
    "barkbands_kurtosis": {
        "kurt": 3.29262781143,
        "max": 8.33959674835,
        "mean": 1.54393696785,
        "median": 1.14127016068,
        "min": -1.76379144192,
        "skew": 1.48233795166,
        "var": 4.22544765472
    },
    "barkbands_skewness": {
        "kurt": -0.0671720504761,
        "max": 2.57202768326,
        "mean": 1.07649159431,
        "median": 0.987017393112,
        "min": -0.0822920203209,
        "skew": 0.168035775423,
        "var": 0.389453470707
    },
    "barkbands_spread": {
        "kurt": 3.36519193649,
        "max": 49.805896759,
        "mean": 13.3489122391,
        "median": 9.20045852661,
        "min": 3.59331059456,
        "skew": 1.78461945057,
        "var": 119.67276001
    },
    "dissonance": {
        "kurt": 0.452924728394,
        "max": 0.498568564653,
        "mean": 0.454191893339,
        "median": 0.467118412256,
        "min": 0.351022720337,
        "skew": -1.07484459877,
        "var": 0.00146712188143
    },
    "hfc": {
        "kurt": 6.08342838287,
        "max": 12.234164238,
        "mean": 1.15826392174,
        "median": 0.0011454639025,
        "min": 1.40764186654e-05,
        "skew": 2.77773022652,
        "var": 10.1073484421
    },
    "pitch": {
        "kurt": 11.7954282761,
        "max": 3552.93920898,
        "mean": 564.728820801,
        "median": 465.301116943,
        "min": 75.6509552002,
        "skew": 3.44343519211,
        "var": 507470.46875
    },
    "pitch_instantaneous_confidence": {
        "kurt": -0.65721654892,
        "max": 0.689838290215,
        "mean": 0.417260676622,
        "median": 0.443550229073,
        "min": 0.0740908384323,
        "skew": -0.114879839122,
        "var": 0.0262640491128
    },
    "pitch_salience": {
        "kurt": -0.917308092117,
        "max": 0.854218661785,
        "mean": 0.674989044666,
        "median": 0.704367756844,
        "min": 0.485235363245,
        "skew": -0.316793560982,
        "var": 0.0111868232489
    },
    "silence_rate_20dB": {
        "kurt": 0,
        "max": 1,
        "mean": 1,
        "median": 1,
        "min": 1,
        "skew": 0,
        "var": 0
    },
    "silence_rate_30dB": {
        "kurt": 0,
        "max": 1,
        "mean": 1,
        "median": 1,
        "min": 1,
        "skew": 0,
        "var": 0
    },
    "silence_rate_60dB": {
        "kurt": 0.485296010971,
        "max": 1,
        "mean": 0.809523820877,
        "median": 1,
        "min": 0,
        "skew": -1.57648169994,
        "var": 0.154194965959
    },
    "spectral_centroid": {
        "kurt": 5.80749511719,
        "max": 1932.9888916,
        "mean": 888.466064453,
        "median": 853.727600098,
        "min": 513.375366211,
        "skew": 2.09044671059,
        "var": 81911.609375
    },
    "spectral_complexity": {
        "kurt": 2.30592870712,
        "max": 10,
        "mean": 1.42857146263,
        "median": 0,
        "min": 0,
        "skew": 1.95881891251,
        "var": 9.10204029083
    },
    "spectral_crest": {
        "kurt": -0.422118186951,
        "max": 17.998134613,
        "mean": 9.43436908722,
        "median": 9.79522418976,
        "min": 4.09761476517,
        "skew": 0.376841247082,
        "var": 13.0607271194
    },
    "spectral_decrease": {
        "kurt": 5.20993709564,
        "max": -6.12189970958e-15,
        "mean": -3.17097237357e-10,
        "median": -2.83558441484e-13,
        "min": -2.95938429318e-09,
        "skew": -2.64879608154,
        "var": 7.18123362835e-19
    },
    "spectral_energy": {
        "kurt": 5.24170875549,
        "max": 0.0122790653259,
        "mean": 0.00130185426679,
        "median": 1.17411184419e-06,
        "min": 2.43822384505e-08,
        "skew": 2.65417647362,
        "var": 1.2143591448e-05
    },
    "spectral_energyband_high": {
        "kurt": 10.8299617767,
        "max": 2.07960274565e-05,
        "mean": 1.6296951344e-06,
        "median": 7.0265335772e-09,
        "min": 5.0850534894e-10,
        "skew": 3.40823554993,
        "var": 2.16897576288e-11
    },
    "spectral_energyband_low": {
        "kurt": 14.0205097198,
        "max": 4.1768345227e-07,
        "mean": 4.03692226314e-08,
        "median": 1.01604751279e-08,
        "min": 2.85564949465e-09,
        "skew": 3.87997484207,
        "var": 7.53327132256e-15
    },
    "spectral_energyband_middle_high": {
        "kurt": 10.6860303879,
        "max": 0.00957817211747,
        "mean": 0.000707206083462,
        "median": 7.47112835597e-07,
        "min": 4.3308099329e-09,
        "skew": 3.41946196556,
        "var": 4.68969165013e-06
    },
    "spectral_energyband_middle_low": {
        "kurt": 11.4157600403,
        "max": 0.00830688141286,
        "mean": 0.000644367304631,
        "median": 2.86802162464e-07,
        "min": 1.39544775735e-08,
        "skew": 3.48380446434,
        "var": 3.38547079082e-06
    },
    "spectral_flatness_db": {
        "kurt": -0.993433237076,
        "max": 0.35871425271,
        "mean": 0.208886653185,
        "median": 0.205130591989,
        "min": 0.102860495448,
        "skew": 0.376139014959,
        "var": 0.00627660611644
    },
    "spectral_flux": {
        "kurt": 1.42306518555,
        "max": 0.0942133367062,
        "mean": 0.017062259838,
        "median": 0.00112520763651,
        "min": 0.000135193331516,
        "skew": 1.74424791336,
        "var": 0.000949329114519
    },
    "spectral_kurtosis": {
        "kurt": 0.894024848938,
        "max": 60.0825119019,
        "mean": 19.8560695648,
        "median": 19.8449478149,
        "min": 2.04135370255,
        "skew": 1.14004480839,
        "var": 230.642974854
    },
    "spectral_rms": {
        "kurt": 3.62736988068,
        "max": 0.00346115231514,
        "mean": 0.000495041254908,
        "median": 3.3844866266e-05,
        "min": 4.87724810228e-06,
        "skew": 2.25838756561,
        "var": 1.02503599919e-06
    },
    "spectral_rolloff": {
        "kurt": 5.29388904572,
        "max": 3768.31054688,
        "mean": 1422.21679688,
        "median": 1399.65820312,
        "min": 796.728515625,
        "skew": 2.21976208687,
        "var": 432125.46875
    },
    "spectral_skewness": {
        "kurt": 0.37312078476,
        "max": 6.40748977661,
        "mean": 3.23420286179,
        "median": 3.2928981781,
        "min": 1.25654911995,
        "skew": 0.69695109129,
        "var": 1.61562788486
    },
    "spectral_spread": {
        "kurt": 2.04898309708,
        "max": 12795006,
        "mean": 3853202.25,
        "median": 2570179.25,
        "min": 1350822.375,
        "skew": 1.58799815178,
        "var": 8.20884904346e+12
    },
    "spectral_strongpeak": {
        "kurt": 6.15974903107,
        "max": 1.15725934505,
        "mean": 0.13597419858,
        "median": 0.0214453302324,
        "min": 0.000110103283077,
        "skew": 2.65849709511,
        "var": 0.0796190202236
    },
    "zerocrossingrate": {
        "kurt": 2.14016485214,
        "max": 0.0791015625,
        "mean": 0.0445963554084,
        "median": 0.04541015625,
        "min": 0.005859375,
        "skew": -0.368753641844,
        "var": 0.000194534441107
    },
    "barkbands": {
        "kurt": [2.57776355743, -0.706096410751, 14.4477291107, 9.86968040466, 4.06405305862, 3.57890939713, 3.97634363174, 6.09539794922, 15.3878993988, 10.6002483368, 15.9058742523, 12.3773584366, 5.10800170898, 13.2056922913, 14.8392868042, 6.19391345978, 11.8392782211, 13.5091533661, 13.5938796997, 5.75352573395, 13.2662410736, 14.8345336914, 8.05503940582, 4.10680294037, 4.00888347626, 8.16182041168, 4.97057533264],
        "max": [2.53978260645e-09, 1.04851149985e-08, 2.94973546033e-07, 1.29431782625e-07, 2.46305125984e-06, 2.02462433663e-05, 0.000983430538327, 0.00224831327796, 0.00418375013396, 0.00516220927238, 0.00154691655189, 0.000215739011765, 0.00154310255311, 0.000526386895217, 0.000510945392307, 0.000180926828762, 3.53886644007e-05, 3.51428607246e-05, 2.89485888061e-05, 5.75982812734e-06, 1.31946135298e-05, 3.1716281228e-06, 3.53334655756e-07, 7.76334800889e-08, 4.70567869115e-08, 1.71429270779e-09, 4.24501267471e-10],
        "mean": [5.04857933237e-10, 3.94039556539e-09, 2.37935662284e-08, 1.84911339574e-08, 3.42687627608e-07, 2.67672021437e-06, 0.000108187705337, 0.000207838980714, 0.000249780423474, 0.000384580664104, 8.11132704257e-05, 1.51357990035e-05, 0.000160642244737, 3.54873664037e-05, 3.06146866933e-05, 1.66713944054e-05, 2.75741035693e-06, 2.39989799411e-06, 1.83639417628e-06, 5.82213658618e-07, 9.20876743749e-07, 1.93448912e-07, 3.24477085201e-08, 9.54354284488e-09, 5.61466340088e-09, 1.64595601038e-10, 4.87303149221e-11],
        "median": [1.8150946024e-10, 2.65400390553e-09, 3.96344379539e-09, 9.4714227572e-09, 3.82016160927e-08, 3.78837832216e-08, 7.98181361006e-08, 3.70598165489e-08, 6.93949147035e-08, 2.74721202231e-07, 1.34382517558e-07, 1.58336277423e-08, 9.60099200142e-08, 1.20508261148e-07, 4.70569254674e-08, 1.64012181614e-08, 1.15147757995e-08, 5.69993474642e-09, 6.75579769904e-09, 2.97042923592e-09, 4.59018645316e-09, 5.36258482065e-10, 1.62627633582e-10, 8.69905814049e-11, 6.39614680664e-11, 3.67498045883e-12, 2.66988362842e-13],
        "min": [1.07368725456e-12, 3.66255803463e-10, 8.5040174902e-10, 1.29542254701e-09, 3.73042308155e-09, 1.75880254805e-09, 1.10776943174e-09, 3.04421876596e-10, 8.33143609658e-10, 5.53134482661e-10, 4.85242512838e-10, 2.29729554824e-10, 1.73881256615e-10, 9.47350253799e-11, 5.57419388425e-11, 4.27550772564e-11, 3.17956605489e-10, 7.04971220289e-11, 2.62738553136e-10, 2.41187347871e-10, 1.75208833553e-10, 1.61894803119e-11, 5.26156635622e-12, 7.57731117434e-12, 4.08429323348e-12, 2.67263587563e-13, 1.25057189471e-14],
        "skew": [1.65100073814, 0.771054506302, 3.96189880371, 3.13493394852, 2.25365066528, 2.23691320419, 2.34626078606, 2.80452561378, 4.13029241562, 3.40550875664, 4.22254276276, 3.65082573891, 2.62006354332, 3.78416967392, 4.04390954971, 2.81499290466, 3.54625463486, 3.82185864449, 3.85179662704, 2.7043068409, 3.77749371529, 4.04202127457, 2.97867703438, 2.35869836807, 2.3175239563, 2.95397853851, 2.58380651474],
        "var": [3.98198077739e-19, 9.58231416026e-18, 3.84291944851e-15, 7.51552799401e-16, 4.12329323246e-13, 3.38857518434e-11, 7.30741120947e-08, 3.49941586819e-07, 7.8766970546e-07, 1.36505377668e-06, 1.07839447594e-07, 2.24495799728e-09, 1.898856965e-07, 1.30827952916e-08, 1.19232996809e-08, 2.22667506655e-09, 6.04462591092e-11, 5.76273785635e-11, 3.94270623094e-11, 2.26436144141e-12, 8.15665850834e-12, 4.58430060406e-13, 6.93528766113e-15, 4.80978606434e-16, 1.64275634433e-16, 1.59263338888e-19, 1.48490697583e-20],
        "cov": [[4.18108004891e-19, 4.84337513105e-19, -5.43882419692e-18, -9.67423501942e-19, 2.17378221009e-16, 2.58722380915e-15, 9.83963209305e-14, 2.61410034244e-13, 4.53425627123e-13, 3.11909840404e-13, 3.30799230781e-14, 2.34615065141e-14, 1.72225216944e-13, 2.38371232746e-14, 1.74552653419e-14, 1.73944619288e-14, 1.92590770602e-15, 1.59194114376e-15, 1.25226409713e-15, 5.89281721377e-16, 5.93125080436e-16, 1.10945593041e-16, 2.77180894446e-17, 1.02316939545e-17, 5.47706020714e-18, 1.25123242713e-19, 2.27835962203e-20], [4.84337513105e-19, 1.00614295788e-17, 7.73321294683e-17, 3.67946149204e-17, 1.36750067968e-16, 4.46916521125e-15, 1.55986253645e-13, 6.02859830199e-13, 1.29800857562e-12, 4.14396652843e-13, -4.0575564962e-14, 6.16290533688e-14, 3.39355551039e-13, 2.02239077264e-14, 5.29007354483e-15, 3.44794722287e-14, 2.63615647899e-15, 1.51933930287e-15, 1.17309468041e-15, 1.32704101275e-15, 6.12757927725e-16, 4.36952103619e-17, 4.49207181441e-17, 2.29309851359e-17, 1.14546829717e-17, 1.7092593929e-19, -1.97846609874e-20], [-5.43882419692e-18, 7.73321294683e-17, 4.03506548446e-15, 1.6703899472e-15, 8.50342569677e-16, -6.90218688411e-15, -9.06677185587e-13, -3.61098130564e-12, -3.53018178925e-12, -6.82730694895e-12, -1.59636941253e-12, -2.46098687219e-13, -2.68090974767e-12, -6.28044328783e-13, -5.7465821381e-13, -2.92026331502e-13, -3.62652141932e-14, -3.76637943381e-14, -3.44452046638e-14, -8.45574864739e-15, -1.28996799001e-14, -3.48646172628e-15, -4.35953828969e-16, -1.09099378854e-16, -5.70339113296e-17, -1.9781519769e-18, -3.51996938601e-19], [-9.67423501942e-19, 3.67946149204e-17, 1.6703899472e-15, 7.89130463194e-16, 3.21720329312e-15, 2.2302963648e-14, 6.18064193575e-13, 5.64388921882e-13, 9.51967346098e-13, 6.26348040274e-13, -2.29033473773e-14, 6.14048064783e-14, 4.8666919019e-13, 3.82578320965e-14, 1.4627638971e-14, 3.47591015215e-14, -7.25858637282e-16, -7.94879408156e-17, 7.87792045258e-16, 5.18125289275e-16, -5.9587491996e-16, 5.70442610135e-17, 4.65938166644e-17, 1.80793971354e-17, 4.09290662811e-18, 3.82983046799e-19, 3.18291603386e-19], [2.17378221009e-16, 1.36750067968e-16, 8.50342569677e-16, 3.21720329312e-15, 4.32945779921e-13, 2.25316141612e-12, 4.94880456059e-11, 9.28130211575e-11, 1.46233442022e-10, 1.53006010639e-10, 2.72803637319e-11, 7.00356005828e-12, 6.68884531096e-11, 1.35032705503e-11, 1.09921672459e-11, 7.02619559756e-12, 1.42572000213e-12, 1.08195646453e-12, 6.91502031417e-13, 2.82190774654e-13, 4.62351185983e-13, 7.43339715953e-14, 1.62514011309e-14, 5.12475643044e-15, 3.35818451565e-15, 8.37545450326e-17, 2.5623271087e-17], [2.58722380915e-15, 4.46916521125e-15, -6.90218688411e-15, 2.2302963648e-14, 2.25316141612e-12, 3.55800389151e-11, 1.43399858654e-09, 1.88699234016e-09, 3.57286866759e-09, 1.96641591899e-09, 1.69896770263e-11, 1.93967064632e-10, 1.37907618658e-09, 1.34915828509e-10, 6.79719128205e-11, 1.18160869977e-10, 9.69989540078e-12, 7.29530151566e-12, 5.17714386986e-12, 3.72140209273e-12, 2.33500241711e-12, 4.11925268201e-13, 2.00289979914e-13, 8.34057351179e-14, 3.97024162949e-14, 1.05259683212e-15, 4.32242183533e-16], [9.83963209305e-14, 1.55986253645e-13, -9.06677185587e-13, 6.18064193575e-13, 4.94880456059e-11, 1.43399858654e-09, 7.67278223179e-08, 1.15400851541e-07, 1.48730094907e-07, 1.93678673099e-07, 3.39529186988e-08, 9.548476676e-09, 9.22398371017e-08, 1.70602341143e-08, 1.38478899459e-08, 8.7528970738e-09, 1.07509789959e-09, 1.01746766568e-09, 8.27283686e-10, 2.64238464442e-10, 3.51164597401e-10, 8.42243289001e-11, 1.54907180833e-11, 4.80547589568e-12, 2.46079393841e-12, 7.92999292534e-14, 2.87935230129e-14], [2.61410034244e-13, 6.02859830199e-13, -3.61098130564e-12, 5.64388921882e-13, 9.28130211575e-11, 1.88699234016e-09, 1.15400851541e-07, 3.67438673265e-07, 4.50520190043e-07, 6.27264398645e-07, 1.30180296765e-07, 2.72114384359e-08, 2.64934641336e-07, 5.59875097395e-08, 4.920497787e-08, 2.83269621093e-08, 3.74719899554e-09, 3.5866185577e-09, 3.04244762717e-09, 8.92739770997e-10, 1.29778721103e-09, 3.0413277452e-10, 4.60760006538e-11, 1.31621935573e-11, 7.29710476072e-12, 2.11673316678e-13, 4.21220811052e-14], [4.53425627123e-13, 1.29800857562e-12, -3.53018178925e-12, 9.51967346098e-13, 1.46233442022e-10, 3.57286866759e-09, 1.48730094907e-07, 4.50520190043e-07, 8.2705321347e-07, 4.56238751667e-07, 2.52462175609e-08, 4.27119815072e-08, 2.8483802339e-07, 3.12132648617e-08, 2.03366017359e-08, 2.82917032024e-08, 2.21752705087e-09, 1.86237714139e-09, 1.65294944399e-09, 9.05237496074e-10, 6.25515639285e-10, 1.25525673189e-10, 3.83839973694e-11, 1.56991954159e-11, 7.59978972115e-12, 1.63438896748e-13, 1.94568516301e-14], [3.11909840404e-13, 4.14396652843e-13, -6.82730694895e-12, 6.26348040274e-13, 1.53006010639e-10, 1.96641591899e-09, 1.93678673099e-07, 6.27264398645e-07, 4.56238751667e-07, 1.43330646551e-06, 3.77319395284e-07, 3.5667920173e-08, 4.989871627e-07, 1.39008918154e-07, 1.30223583028e-07, 5.58272787998e-08, 9.25860366152e-09, 9.11128772429e-09, 7.59541229911e-09, 1.7578370981e-09, 3.36703243065e-09, 8.06232691719e-10, 1.00651376123e-10, 2.33899566382e-11, 1.43462186575e-11, 4.78278766418e-13, 1.11246230869e-13], [3.30799230781e-14, -4.0575564962e-14, -1.59636941253e-12, -2.29033473773e-14, 2.72803637319e-11, 1.69896770263e-11, 3.39529186988e-08, 1.30180296765e-07, 2.52462175609e-08, 3.77319395284e-07, 1.13231422461e-07, 4.90250018359e-09, 1.12543489195e-07, 3.84378253671e-08, 3.73731730008e-08, 1.32427171451e-08, 2.56467935777e-09, 2.56177612457e-09, 2.12016360024e-09, 4.18640011546e-10, 9.59534673939e-10, 2.31778082838e-10, 2.55838787655e-11, 4.97149630491e-12, 3.37424597811e-12, 1.23178932874e-13, 2.95557069758e-14], [2.34615065141e-14, 6.16290533688e-14, -2.46098687219e-13, 6.14048064783e-14, 7.00356005828e-12, 1.93967064632e-10, 9.548476676e-09, 2.72114384359e-08, 4.27119815072e-08, 3.5667920173e-08, 4.90250018359e-09, 2.35720598596e-09, 1.84517556789e-08, 2.85038881387e-09, 2.2419115453e-09, 1.87370696736e-09, 1.89258206329e-10, 1.7414959752e-10, 1.51400572634e-10, 5.86516876733e-11, 6.03640887276e-11, 1.37709722098e-11, 2.77468239357e-12, 9.58653620896e-13, 4.84692472789e-13, 1.24570475869e-14, 2.30002013596e-15], [1.72225216944e-13, 3.39355551039e-13, -2.68090974767e-12, 4.8666919019e-13, 6.68884531096e-11, 1.37907618658e-09, 9.22398371017e-08, 2.64934641336e-07, 2.8483802339e-07, 4.989871627e-07, 1.12543489195e-07, 1.84517556789e-08, 1.99379968535e-07, 4.59240112605e-08, 4.11525462596e-08, 2.13669402171e-08, 3.03547276204e-09, 2.94293589498e-09, 2.4770985263e-09, 6.68117228209e-10, 1.06769404429e-09, 2.54022664015e-10, 3.62150309741e-11, 9.71936160027e-12, 5.50325930659e-12, 1.70373833314e-13, 3.91648180358e-14], [2.38371232746e-14, 2.02239077264e-14, -6.28044328783e-13, 3.82578320965e-14, 1.35032705503e-11, 1.34915828509e-10, 1.70602341143e-08, 5.59875097395e-08, 3.12132648617e-08, 1.39008918154e-07, 3.84378253671e-08, 2.85038881387e-09, 4.59240112605e-08, 1.37369351449e-08, 1.3040877711e-08, 5.2119051297e-09, 9.15874320828e-10, 9.05788166694e-10, 7.51831374934e-10, 1.64374097666e-10, 3.36457361971e-10, 8.07871963771e-11, 9.66464495239e-12, 2.11889663801e-12, 1.34222190654e-12, 4.62701098681e-14, 1.10729542465e-14], [1.74552653419e-14, 5.29007354483e-15, -5.7465821381e-13, 1.4627638971e-14, 1.09921672459e-11, 6.79719128205e-11, 1.38478899459e-08, 4.920497787e-08, 2.03366017359e-08, 1.30223583028e-07, 3.73731730008e-08, 2.2419115453e-09, 4.11525462596e-08, 1.3040877711e-08, 1.25194645761e-08, 4.74843586673e-09, 8.69877170295e-10, 8.64292304392e-10, 7.16894654751e-10, 1.49946180472e-10, 3.22291859867e-10, 7.76003150627e-11, 8.94539824159e-12, 1.86288137694e-12, 1.21497820485e-12, 4.28725794015e-14, 1.01818721979e-14], [1.73944619288e-14, 3.44794722287e-14, -2.92026331502e-13, 3.47591015215e-14, 7.02619559756e-12, 1.18160869977e-10, 8.7528970738e-09, 2.83269621093e-08, 2.82917032024e-08, 5.58272787998e-08, 1.32427171451e-08, 1.87370696736e-09, 2.13669402171e-08, 5.2119051297e-09, 4.74843586673e-09, 2.33800867555e-09, 3.48408996098e-10, 3.38458788773e-10, 2.84277879015e-10, 7.37390981609e-11, 1.24002613733e-10, 2.93840160537e-11, 4.00596526437e-12, 1.03362761059e-12, 6.02192178501e-13, 1.87140952149e-14, 4.02618857917e-15], [1.92590770602e-15, 2.63615647899e-15, -3.62652141932e-14, -7.25858637282e-16, 1.42572000213e-12, 9.69989540078e-12, 1.07509789959e-09, 3.74719899554e-09, 2.21752705087e-09, 9.25860366152e-09, 2.56467935777e-09, 1.89258206329e-10, 3.03547276204e-09, 9.15874320828e-10, 8.69877170295e-10, 3.48408996098e-10, 6.34685706769e-11, 6.16415946064e-11, 5.03664956963e-11, 1.13335521523e-11, 2.3235897581e-11, 5.41730592676e-12, 6.59489119131e-13, 1.47266964248e-13, 9.54893580657e-14, 3.13684210104e-15, 7.09565852662e-16], [1.59194114376e-15, 1.51933930287e-15, -3.76637943381e-14, -7.94879408156e-17, 1.08195646453e-12, 7.29530151566e-12, 1.01746766568e-09, 3.5866185577e-09, 1.86237714139e-09, 9.11128772429e-09, 2.56177612457e-09, 1.7414959752e-10, 2.94293589498e-09, 9.05788166694e-10, 8.64292304392e-10, 3.38458788773e-10, 6.16415946064e-11, 6.05087507877e-11, 4.98093406798e-11, 1.08579412822e-11, 2.26878030252e-11, 5.37023680733e-12, 6.38170614443e-13, 1.38398786789e-13, 8.98449202405e-14, 3.04378917904e-15, 7.02022706629e-16], [1.25226409713e-15, 1.17309468041e-15, -3.44452046638e-14, 7.87792045258e-16, 6.91502031417e-13, 5.17714386986e-12, 8.27283686e-10, 3.04244762717e-09, 1.65294944399e-09, 7.59541229911e-09, 2.12016360024e-09, 1.51400572634e-10, 2.4770985263e-09, 7.51831374934e-10, 7.16894654751e-10, 2.84277879015e-10, 5.03664956963e-11, 4.98093406798e-11, 4.13984159453e-11, 9.0057223831e-12, 1.85558235444e-11, 4.44536161354e-12, 5.25303921455e-13, 1.13816250803e-13, 7.29138971423e-14, 2.49604558281e-15, 5.66756997727e-16], [5.89281721377e-16, 1.32704101275e-15, -8.45574864739e-15, 5.18125289275e-16, 2.82190774654e-13, 3.72140209273e-12, 2.64238464442e-10, 8.92739770997e-10, 9.05237496074e-10, 1.7578370981e-09, 4.18640011546e-10, 5.86516876733e-11, 6.68117228209e-10, 1.64374097666e-10, 1.49946180472e-10, 7.37390981609e-11, 1.13335521523e-11, 1.08579412822e-11, 9.0057223831e-12, 2.37757947011e-12, 4.02903535188e-12, 9.32029843928e-13, 1.28277027672e-13, 3.3345362875e-14, 1.98024969767e-14, 5.96176093112e-16, 1.21757611271e-16], [5.93125080436e-16, 6.12757927725e-16, -1.28996799001e-14, -5.9587491996e-16, 4.62351185983e-13, 2.33500241711e-12, 3.51164597401e-10, 1.29778721103e-09, 6.25515639285e-10, 3.36703243065e-09, 9.59534673939e-10, 6.03640887276e-11, 1.06769404429e-09, 3.36457361971e-10, 3.22291859867e-10, 1.24002613733e-10, 2.3235897581e-11, 2.26878030252e-11, 1.85558235444e-11, 4.02903535188e-12, 8.56449113018e-12, 2.00686581069e-12, 2.37200829725e-13, 5.095223695e-14, 3.3697521905e-14, 1.12965004291e-15, 2.551687283e-16], [1.10945593041e-16, 4.36952103619e-17, -3.48646172628e-15, 5.70442610135e-17, 7.43339715953e-14, 4.11925268201e-13, 8.42243289001e-11, 3.0413277452e-10, 1.25525673189e-10, 8.06232691719e-10, 2.31778082838e-10, 1.37709722098e-11, 2.54022664015e-10, 8.07871963771e-11, 7.76003150627e-11, 2.93840160537e-11, 5.41730592676e-12, 5.37023680733e-12, 4.44536161354e-12, 9.32029843928e-13, 2.00686581069e-12, 4.81351612215e-13, 5.55322491279e-14, 1.15720921276e-14, 7.58195369417e-15, 2.65872604245e-16, 6.25626012555e-17], [2.77180894446e-17, 4.49207181441e-17, -4.35953828969e-16, 4.65938166644e-17, 1.62514011309e-14, 2.00289979914e-13, 1.54907180833e-11, 4.60760006538e-11, 3.83839973694e-11, 1.00651376123e-10, 2.55838787655e-11, 2.77468239357e-12, 3.62150309741e-11, 9.66464495239e-12, 8.94539824159e-12, 4.00596526437e-12, 6.59489119131e-13, 6.38170614443e-13, 5.25303921455e-13, 1.28277027672e-13, 2.37200829725e-13, 5.55322491279e-14, 7.28205236183e-15, 1.77787959288e-15, 1.08258370428e-15, 3.46514660539e-17, 8.15102782993e-18], [1.02316939545e-17, 2.29309851359e-17, -1.09099378854e-16, 1.80793971354e-17, 5.12475643044e-15, 8.34057351179e-14, 4.80547589568e-12, 1.31621935573e-11, 1.56991954159e-11, 2.33899566382e-11, 4.97149630491e-12, 9.58653620896e-13, 9.71936160027e-12, 2.11889663801e-12, 1.86288137694e-12, 1.03362761059e-12, 1.47266964248e-13, 1.38398786789e-13, 1.13816250803e-13, 3.3345362875e-14, 5.095223695e-14, 1.15720921276e-14, 1.77787959288e-15, 5.05027512933e-16, 2.87543703973e-16, 8.33761165198e-18, 1.87148166024e-18], [5.47706020714e-18, 1.14546829717e-17, -5.70339113296e-17, 4.09290662811e-18, 3.35818451565e-15, 3.97024162949e-14, 2.46079393841e-12, 7.29710476072e-12, 7.59978972115e-12, 1.43462186575e-11, 3.37424597811e-12, 4.84692472789e-13, 5.50325930659e-12, 1.34222190654e-12, 1.21497820485e-12, 6.02192178501e-13, 9.54893580657e-14, 8.98449202405e-14, 7.29138971423e-14, 1.98024969767e-14, 3.3697521905e-14, 7.58195369417e-15, 1.08258370428e-15, 2.87543703973e-16, 1.72489418802e-16, 5.08656891947e-18, 1.11263619585e-18], [1.25123242713e-19, 1.7092593929e-19, -1.9781519769e-18, 3.82983046799e-19, 8.37545450326e-17, 1.05259683212e-15, 7.92999292534e-14, 2.11673316678e-13, 1.63438896748e-13, 4.78278766418e-13, 1.23178932874e-13, 1.24570475869e-14, 1.70373833314e-13, 4.62701098681e-14, 4.28725794015e-14, 1.87140952149e-14, 3.13684210104e-15, 3.04378917904e-15, 2.49604558281e-15, 5.96176093112e-16, 1.12965004291e-15, 2.65872604245e-16, 3.46514660539e-17, 8.33761165198e-18, 5.08656891947e-18, 1.67226503248e-19, 4.26001989809e-20], [2.27835962203e-20, -1.97846609874e-20, -3.51996938601e-19, 3.18291603386e-19, 2.5623271087e-17, 4.32242183533e-16, 2.87935230129e-14, 4.21220811052e-14, 1.94568516301e-14, 1.11246230869e-13, 2.95557069758e-14, 2.30002013596e-15, 3.91648180358e-14, 1.10729542465e-14, 1.01818721979e-14, 4.02618857917e-15, 7.09565852662e-16, 7.02022706629e-16, 5.66756997727e-16, 1.21757611271e-16, 2.551687283e-16, 6.25626012555e-17, 8.15102782993e-18, 1.87148166024e-18, 1.11263619585e-18, 4.26001989809e-20, 1.55915241348e-20]]
    },
    "mfcc": {
        "kurt": [-0.189454078674, -1.10594296455, 0.675116062164, -1.36380290985, 0.0238568782806, -0.816018819809, -0.9035551548, -0.217298746109, 0.531300783157, 0.150137424469, -0.318879842758, 0.0999581813812, 1.07049131393],
        "max": [-782.440063477, 154.814910889, 21.4244384766, 8.62425613403, 4.57148742676, 3.26953887939, 6.64842605591, 5.17706298828, 22.3533210754, 14.5602855682, 11.228969574, 15.122543335, 8.22661590576],
        "mean": [-1035.85217285, 61.5267333984, -27.4767723083, -29.3009548187, -21.8017635345, -13.1747131348, -13.1912345886, -9.55429840088, 2.30025672913, 0.866624474525, -3.33115124702, -2.98300099373, -5.9561882019],
        "median": [-1088.75878906, 47.0735282898, -4.62113952637, -30.0163040161, -21.1149711609, -5.93872833252, -5.12307357788, -3.60614013672, 1.16047668457, 0.0903091430664, -5.08958053589, -3.32358551025, -5.87795639038],
        "min": [-1136.96569824, 2.02607345581, -154.935562134, -84.5833206177, -80.5942382812, -45.1722831726, -44.1181564331, -38.4507446289, -10.1852264404, -11.6253662109, -15.4605922699, -17.5266647339, -19.3492469788],
        "skew": [1.05489814281, 0.486267000437, -1.30580818653, -0.275273174047, -0.985197782516, -0.787633001804, -0.729483366013, -0.915901422501, 0.911229372025, 0.382701486349, 0.574948906898, 0.598586976528, -0.137396723032],
        "var": [12359.4404297, 2475.72412109, 2316.24902344, 979.92590332, 633.310424805, 259.047393799, 251.940734863, 133.03024292, 56.7237319946, 36.8123893738, 45.6087989807, 65.8091201782, 33.7442703247],
        "cov": [[12977.4121094, 5339.16308594, -5461.74658203, -3104.21533203, -2847.31860352, -1781.54467773, -1657.20471191, -1134.97888184, 507.890045166, 437.192138672, 445.109924316, 662.668823242, -101.209960938], [5339.16308594, 2599.51025391, -2071.39819336, -1522.1619873, -1158.33544922, -774.408813477, -774.645019531, -519.912475586, 225.106109619, 199.910293579, 150.636627197, 279.482879639, -53.0733032227], [-5461.74658203, -2071.39819336, 2432.06152344, 1271.68566895, 1213.81933594, 735.836914062, 667.725891113, 458.797912598, -212.673797607, -193.435119629, -206.699676514, -282.781829834, 8.49046611786], [-3104.21533203, -1522.1619873, 1271.68566895, 1028.92211914, 717.14050293, 444.443267822, 461.332336426, 288.838989258, -135.300308228, -137.124694824, -96.4949874878, -149.965240479, -3.77119898796], [-2847.31860352, -1158.33544922, 1213.81933594, 717.14050293, 664.975952148, 395.077209473, 356.888275146, 236.095306396, -117.177429199, -100.775527954, -99.438369751, -127.633651733, 27.2521324158], [-1781.54467773, -774.408813477, 735.836914062, 444.443267822, 395.077209473, 271.999755859, 251.190353394, 174.668914795, -76.7595672607, -68.0568618774, -58.3320236206, -98.2655792236, 22.4941692352], [-1657.20471191, -774.645019531, 667.725891113, 461.332336426, 356.888275146, 251.190353394, 264.537780762, 175.139816284, -63.1753425598, -55.6782341003, -52.4177970886, -92.6018066406, 18.4434871674], [-1134.97888184, -519.912475586, 458.797912598, 288.838989258, 236.095306396, 174.668914795, 175.139816284, 139.681747437, -24.3295211792, -38.6884880066, -46.1164321899, -77.0894012451, 11.2846689224], [507.890045166, 225.106109619, -212.673797607, -135.300308228, -117.177429199, -76.7595672607, -63.1753425598, -24.3295211792, 59.55991745, 25.8134975433, -3.69538068771, 13.3312330246, -10.3804044724], [437.192138672, 199.910293579, -193.435119629, -137.124694824, -100.775527954, -68.0568618774, -55.6782341003, -38.6884880066, 25.8134975433, 38.6530075073, 23.2765216827, 31.8559684753, 9.28495407104], [445.109924316, 150.636627197, -206.699676514, -96.4949874878, -99.438369751, -58.3320236206, -52.4177970886, -46.1164321899, -3.69538068771, 23.2765216827, 47.8892402649, 45.561756134, 12.0621509552], [662.668823242, 279.482879639, -282.781829834, -149.965240479, -127.633651733, -98.2655792236, -92.6018066406, -77.0894012451, 13.3312330246, 31.8559684753, 45.561756134, 69.0995788574, 11.6882429123], [-101.209960938, -53.0733032227, 8.49046611786, -3.77119898796, 27.2521324158, 22.4941692352, 18.4434871674, 11.2846689224, -10.3804044724, 9.28495407104, 12.0621509552, 11.6882429123, 35.4314804077]]
    },
    "sccoeffs": {
        "kurt": [-0.572401285172, 1.4407658577, -0.864119291306, 0.538491725922, -0.839545965195, 1.69842672348],
        "max": [-0.661076903343, -0.47736543417, -0.608287453651, -0.6777972579, -0.749470770359, -0.72515976429],
        "mean": [-0.803585231304, -0.811233878136, -0.813514530659, -0.848430156708, -0.852258324623, -0.842992067337],
        "median": [-0.81737601757, -0.83475869894, -0.827578246593, -0.854717075825, -0.878903746605, -0.845188379288],
        "min": [-0.903947353363, -0.972920358181, -0.969332814217, -0.930940330029, -0.913761079311, -0.906806588173],
        "skew": [0.527255296707, 1.4559918642, 0.595969319344, 0.970197618008, 0.749151647091, 1.00625455379],
        "var": [0.00397089216858, 0.0139915402979, 0.0121717322618, 0.00405478104949, 0.00277836876921, 0.00157845322974],
        "cov": [[0.00416943663731, 0.00479777436703, 0.00476693827659, 0.00258375774138, 0.00246335752308, 0.00182690506335], [0.00479777436703, 0.0146911172196, 0.0114119341597, 0.00654141744599, 0.00575612578541, 0.00415127398446], [0.00476693827659, 0.0114119341597, 0.012780318968, 0.00609120400622, 0.00547400768846, 0.00370956212282], [0.00258375774138, 0.00654141744599, 0.00609120400622, 0.00425751972944, 0.00302499393001, 0.00209007947706], [0.00246335752308, 0.00575612578541, 0.00547400768846, 0.00302499393001, 0.00291728740558, 0.00177471083589], [0.00182690506335, 0.00415127398446, 0.00370956212282, 0.00209007947706, 0.00177471083589, 0.00165737583302]]
    },
    "scvalleys": {
        "kurt": [0.34116601944, -1.13401508331, -0.817845821381, -0.806148767471, -0.246962070465, -0.741860151291],
        "max": [-10.3562326431, -6.38500642776, -6.01080656052, -6.23986148834, -8.30086326599, -11.1991710663],
        "mean": [-11.0697698593, -9.62370014191, -9.7949886322, -10.330991745, -11.5600624084, -14.011343956],
        "median": [-11.1334819794, -10.3638429642, -10.0441617966, -10.7835035324, -12.0901041031, -14.5645837784],
        "min": [-12.0871248245, -11.890045166, -12.4408302307, -13.4442338943, -13.4813785553, -15.7222766876],
        "skew": [-0.385405242443, 0.530713677406, 0.432615339756, 0.48847386241, 0.867958843708, 0.780713438988],
        "var": [0.159485682845, 3.07030844688, 3.71464133263, 4.26676416397, 1.99162077904, 2.02588009834],
        "cov": [[0.167459964752, 0.409878104925, 0.397080123425, 0.393759936094, 0.206132501364, 0.180998653173], [0.409878104925, 3.2238240242, 3.30136990547, 3.60073971748, 2.17803096771, 2.21503043175], [0.397080123425, 3.30136990547, 3.90037345886, 4.07450628281, 2.54742789268, 2.34425425529], [0.393759936094, 3.60073971748, 4.07450628281, 4.48010253906, 2.84184074402, 2.7034509182], [0.206132501364, 2.17803096771, 2.54742789268, 2.84184074402, 2.09120178223, 1.93837106228], [0.180998653173, 2.21503043175, 2.34425425529, 2.7034509182, 1.93837106228, 2.1271739006]]
    }
},
"rhythm": {
    "bpm": 0,
    "confidence": 0,
    "first_peak_bpm": {
        "kurt": 0,
        "max": 0,
        "mean": 0,
        "median": 0,
        "min": 0,
        "skew": 0,
        "var": 0
    },
    "first_peak_spread": {
        "kurt": 0,
        "max": 0,
        "mean": 0,
        "median": 0,
        "min": 0,
        "skew": 0,
        "var": 0
    },
    "first_peak_weight": {
        "kurt": 0,
        "max": 0,
        "mean": 0,
        "median": 0,
        "min": 0,
        "skew": 0,
        "var": 0
    },
    "onset_rate": 2.20941877365,
    "second_peak_bpm": {
        "kurt": 0,
        "max": 0,
        "mean": 0,
        "median": 0,
        "min": 0,
        "skew": 0,
        "var": 0
    },
    "second_peak_spread": {
        "kurt": 0,
        "max": 0,
        "mean": 0,
        "median": 0,
        "min": 0,
        "skew": 0,
        "var": 0
    },
    "second_peak_weight": {
        "kurt": 0,
        "max": 0,
        "mean": 0,
        "median": 0,
        "min": 0,
        "skew": 0,
        "var": 0
    },
    "beats_position": [],
    "bpm_estimates": [],
    "bpm_intervals": [],
    "onset_times": [0.139319732785],
    "histogram": [[0, 0, 0, 0, 0, 0, 0, 0, 0, 0, 0, 0, 0, 0, 0, 0, 0, 0, 0, 0, 0, 0, 0, 0, 0, 0, 0, 0, 0, 0, 0, 0, 0, 0, 0, 0, 0, 0, 0, 0, 0, 0, 0, 0, 0, 0, 0, 0, 0, 0, 0, 0, 0, 0, 0, 0, 0, 0, 0, 0, 0, 0, 0, 0, 0, 0, 0, 0, 0, 0, 0, 0, 0, 0, 0, 0, 0, 0, 0, 0, 0, 0, 0, 0, 0, 0, 0, 0, 0, 0, 0, 0, 0, 0, 0, 0, 0, 0, 0, 0, 0, 0, 0, 0, 0, 0, 0, 0, 0, 0, 0, 0, 0, 0, 0, 0, 0, 0, 0, 0, 0, 0, 0, 0, 0, 0, 0, 0, 0, 0, 0, 0, 0, 0, 0, 0, 0, 0, 0, 0, 0, 0, 0, 0, 0, 0, 0, 0, 0, 0, 0, 0, 0, 0, 0, 0, 0, 0, 0, 0, 0, 0, 0, 0, 0, 0, 0, 0, 0, 0, 0, 0, 0, 0, 0, 0, 0, 0, 0, 0, 0, 0, 0, 0, 0, 0, 0, 0, 0, 0, 0, 0, 0, 0, 0, 0, 0, 0, 0, 0, 0, 0, 0, 0, 0, 0, 0, 0, 0, 0, 0, 0, 0, 0, 0, 0, 0, 0, 0, 0, 0, 0, 0, 0, 0, 0, 0, 0, 0, 0, 0, 0, 0, 0, 0, 0, 0, 0, 0, 0, 0, 0, 0, 0, 0, 0, 0, 0, 0, 0]]
},
"sfx": {
    "inharmonicity": {
        "kurt": -0.128184318542,
        "max": 0.330103456974,
        "mean": 0.0876087993383,
        "median": 0.0430236533284,
        "min": 0,
        "skew": 1.04993140697,
        "var": 0.00939761195332
    },
    "oddtoevenharmonicenergyratio": {
        "kurt": 3.24302530289,
        "max": 5.66281986237,
        "mean": 0.966953635216,
        "median": 0.241084083915,
        "min": 0,
        "skew": 2.08733963966,
        "var": 2.40764832497
    },
    "pitch_after_max_to_before_max_energy_ratio": 1.36456620693,
    "pitch_centroid": 8.22795772552,
    "pitch_max_to_total": 0.047619048506,
    "pitch_min_to_total": 0.142857149243,
    "tristimulus": {
        "kurt": [-0.716154575348, -0.506179571152, -0.684372663498],
        "max": [1, 0.794268131256, 0.802011311054],
        "mean": [0.392205774784, 0.359191536903, 0.248602703214],
        "median": [0.326218426228, 0.36690568924, 0.154182419181],
        "min": [0, 0, 0],
        "skew": [0.425186634064, 0.441652446985, 0.762667059898],
        "var": [0.0805917233229, 0.0412991456687, 0.0569385923445],
        "cov": [[0.0846213102341, -0.0340999551117, -0.0505213625729], [-0.0340999551117, 0.0433641038835, -0.0092641543597], [-0.0505213625729, -0.0092641543597, 0.0597855225205]]
    }
},
"tonal": {
    "chords_changes_rate": 0,
    "chords_number_rate": 0.0909090936184,
    "chords_strength": {
        "kurt": -2,
        "max": 0.480095535517,
        "mean": 0.480095505714,
        "median": 0.480095535517,
        "min": 0.480095535517,
        "skew": 1,
        "var": 8.881784197e-16
    },
    "key_strength": 0.466786414385,
    "tuning_diatonic_strength": 0.490174740553,
    "tuning_equal_tempered_deviation": 0.182377129793,
    "tuning_frequency": 450.544708252,
    "tuning_nontempered_energy_ratio": 0.838531255722,
    "hpcp": {
        "kurt": [0.0438141822815, -0.454507112503, -0.323505878448, 0.602814912796, 0.292292833328, 0.927900075912, -1.05575323105, 0.303420305252, 4.41239213943, 5.02198696136, -1.18596446514, 4.0968337059, 6.03972911835, -0.0980505943298, 1.81079864502, 5.07262229919, 2.38743591309, 3.64291906357, -0.670591115952, 0.408030509949, 3.47587060928, 0.750546455383, 2.63493394852, 0.0666244029999, 4.57618427277, 3.79584121704, 0.347869873047, -0.678396940231, -0.533493518829, -0.540825128555, -0.267075061798, -1.05269956589, -1.23755741119, 0.383195638657, -0.640969276428, 0.589507341385],
        "max": [1, 1, 0.82010525465, 1, 0.996174693108, 1, 1, 1, 1, 0.981363594532, 0.342727839947, 0.846591353416, 0.845227539539, 0.151554569602, 0.298772364855, 0.556031286716, 0.258686870337, 0.216950505972, 0.22724711895, 0.359345436096, 0.732629060745, 1, 1, 0.651692926884, 1, 0.500852525234, 0.214117586613, 0.355831831694, 0.452954113483, 0.608613610268, 0.68254172802, 0.34428820014, 0.176757350564, 0.324815422297, 0.242101341486, 0.510002076626],
        "mean": [0.347630828619, 0.350575447083, 0.254732251167, 0.252215027809, 0.279863238335, 0.284942388535, 0.334103792906, 0.261139929295, 0.165041133761, 0.148892223835, 0.130402415991, 0.157732531428, 0.116318099201, 0.0598873533309, 0.0809835866094, 0.10137129575, 0.0685056746006, 0.0525904521346, 0.080669991672, 0.132683306932, 0.197524398565, 0.250156193972, 0.221692860126, 0.210878804326, 0.225312098861, 0.126289442182, 0.0824471861124, 0.152836874127, 0.179995194077, 0.199077621102, 0.209714785218, 0.130290105939, 0.0808221101761, 0.0989022180438, 0.0966996699572, 0.181998208165],
        "median": [0.206850618124, 0.274418473244, 0.151342719793, 0.110240213573, 0.100483477116, 0.177702277899, 0.131428793073, 0.0779624581337, 0.0519691966474, 0.0510767661035, 0.100498430431, 0.0668827742338, 0.0430270917714, 0.0398076288402, 0.0404598638415, 0.0577198006213, 0.0625909119844, 0.0337274298072, 0.0423087663949, 0.0978836044669, 0.127839148045, 0.116024933755, 0.0850501954556, 0.135891824961, 0.148068025708, 0.0884891077876, 0.0793861448765, 0.104999639094, 0.145611524582, 0.0828710868955, 0.0936932489276, 0.0822781994939, 0.0981561169028, 0.0696853473783, 0.0910332649946, 0.145664542913],
        "min": [0.0163858626038, 0.0483628250659, 0.0166651625186, 9.38747543842e-05, 0.0241802353412, 0.0231130048633, 0.00258725276217, 0, 0, 0, 0, 0.00763457780704, 0.0219269488007, 0.0148639082909, 0.0127406977117, 0.0178238227963, 0.00755600910634, 0.0129906302318, 0.011489700526, 0.0180125515908, 0.0262122545391, 0.035251069814, 0.0246285963804, 0.020164847374, 0.00844338722527, 0.0143507616594, 0.0158653818071, 0.0167270358652, 0.0441975109279, 0.0127693172544, 0.00359520572238, 0.00656107626855, 0.0113164903596, 0.00789442937821, 0.00227716239169, 0.0132506620139],
        "skew": [1.24056315422, 0.854799687862, 0.982122182846, 1.55929517746, 1.27963674068, 1.38108718395, 0.851278841496, 1.18713581562, 2.38052392006, 2.55354046822, 0.5037997365, 2.29751610756, 2.82809352875, 1.13776493073, 1.69582688808, 2.55107235909, 1.74839639664, 2.15239143372, 0.839371204376, 1.26703643799, 2.07325839996, 1.62095332146, 1.96124267578, 1.12316453457, 2.38066840172, 2.17997121811, 1.00940799713, 0.768530666828, 0.847899913788, 0.894891858101, 1.03382837772, 0.616109848022, 0.0216992963105, 1.35284042358, 0.582902908325, 1.04133224487],
        "var": [0.10713147372, 0.0953513160348, 0.0661819726229, 0.115697734058, 0.096376888454, 0.0816903039813, 0.140614166856, 0.0961592197418, 0.0774613693357, 0.073918171227, 0.0134144695476, 0.0539196021855, 0.0533140338957, 0.00201859720983, 0.00666335085407, 0.0219864919782, 0.00478344224393, 0.0031813562382, 0.00547689711675, 0.00971609447151, 0.0342289544642, 0.108321256936, 0.0782882943749, 0.0376970618963, 0.0660963505507, 0.0163455288857, 0.0030843114946, 0.01116848737, 0.0176673401147, 0.0361444801092, 0.0492653399706, 0.0139759089798, 0.00300657516345, 0.0101486286148, 0.00527634005994, 0.0183552987874],
