{
"metadata": {
    "version": {
        "essentia": "2.1-beta3"
    }
},
"lowLevel": {
    "average_loudness": 0.99068403244,
    "barkbands_kurtosis": {
        "kurt": 1.29287719727,
        "max": 10.6078529358,
        "mean": 2.61321544647,
        "median": 2.2437608242,
        "min": -1.73467600346,
        "skew": 1.29711663723,
        "var": 9.81545162201
    },
    "barkbands_skewness": {
        "kurt": 0.277975082397,
        "max": 3.05783605576,
        "mean": 1.42226648331,
        "median": 1.38378763199,
        "min": -0.272007644176,
        "skew": 0.0730302706361,
        "var": 0.59275251627
    },
    "barkbands_spread": {
        "kurt": 7.30146312714,
        "max": 34.1409873962,
        "mean": 10.5161104202,
        "median": 8.63083267212,
        "min": 4.74673223495,
        "skew": 2.69982123375,
        "var": 39.4098396301
    },
    "dissonance": {
        "kurt": 10.7904815674,
        "max": 0.492613494396,
        "mean": 0.450231462717,
        "median": 0.45966103673,
        "min": 0.262313514948,
        "skew": -3.26794838905,
        "var": 0.00213311123662
    },
    "hfc": {
        "kurt": 6.02050876617,
        "max": 2.97059512138,
        "mean": 0.302857995033,
        "median": 0.000785678625107,
        "min": 2.21238042286e-06,
        "skew": 2.62882232666,
        "var": 0.54544377327
    },
    "pitch": {
        "kurt": 14.2227401733,
        "max": 3485.27270508,
        "mean": 551.506408691,
        "median": 413.229187012,
        "min": 133.486450195,
        "skew": 3.97130894661,
        "var": 463906
    },
    "pitch_instantaneous_confidence": {
        "kurt": -1.35773324966,
        "max": 0.755047857761,
        "mean": 0.480503737926,
        "median": 0.495104879141,
        "min": 0.221734821796,
        "skew": 0.221617370844,
        "var": 0.0286994781345
    },
    "pitch_salience": {
        "kurt": -0.558846712112,
        "max": 0.842844903469,
        "mean": 0.637080788612,
        "median": 0.679389417171,
        "min": 0.314649999142,
        "skew": -0.756518363953,
        "var": 0.021873716265
    },
    "silence_rate_20dB": {
        "kurt": 0,
        "max": 1,
        "mean": 1,
        "median": 1,
        "min": 1,
        "skew": 0,
        "var": 0
    },
    "silence_rate_30dB": {
        "kurt": 0,
        "max": 1,
        "mean": 1,
        "median": 1,
        "min": 1,
        "skew": 0,
        "var": 0
    },
    "silence_rate_60dB": {
        "kurt": 15.0526390076,
        "max": 1,
        "mean": 0.949999988079,
        "median": 1,
        "min": 0,
        "skew": -4.12948465347,
        "var": 0.0474999956787
    },
    "spectral_centroid": {
        "kurt": 9.90506839752,
        "max": 2079.36230469,
        "mean": 759.460632324,
        "median": 669.048339844,
        "min": 483.199859619,
        "skew": 3.16838598251,
        "var": 108872.273438
    },
    "spectral_complexity": {
        "kurt": 4.79738998413,
        "max": 8,
        "mean": 0.899999976158,
        "median": 0,
        "min": 0,
        "skew": 2.37363672256,
        "var": 4.18999814987
    },
    "spectral_crest": {
        "kurt": -0.156703472137,
        "max": 19.1374835968,
        "mean": 10.5083379745,
        "median": 10.0299797058,
        "min": 4.81783914566,
        "skew": 0.835750639439,
        "var": 15.5377597809
    },
    "spectral_decrease": {
        "kurt": 3.94202661514,
        "max": -1.15995529357e-15,
        "mean": -1.04929551159e-10,
        "median": -3.24869851073e-13,
        "min": -9.0920476703e-10,
        "skew": -2.29278039932,
        "var": 5.96589153402e-20
    },
    "spectral_energy": {
        "kurt": 4.06317234039,
        "max": 0.00370099162683,
        "mean": 0.000423498364398,
        "median": 1.29739737531e-06,
        "min": 4.57860549474e-09,
        "skew": 2.31256318092,
        "var": 9.76904630079e-07
    },
    "spectral_energyband_high": {
        "kurt": 8.05671882629,
        "max": 7.94185416453e-06,
        "mean": 7.52308039864e-07,
        "median": 3.10273229331e-09,
        "min": 4.47865251829e-11,
        "skew": 2.94516253471,
        "var": 3.51142140538e-12
    },
    "spectral_energyband_low": {
        "kurt": 3.1777048111,
        "max": 4.30663277484e-07,
        "mean": 6.04119350101e-08,
        "median": 9.83211112526e-09,
        "min": 2.60737820224e-10,
        "skew": 2.16131448746,
        "var": 1.41628177827e-14
    },
    "spectral_energyband_middle_high": {
        "kurt": 8.34343719482,
        "max": 0.0011313771829,
        "mean": 0.000102058242192,
        "median": 2.43919373588e-07,
        "min": 3.93424792744e-10,
        "skew": 3.00595331192,
        "var": 7.1043615435e-08
    },
    "spectral_energyband_middle_low": {
        "kurt": 3.04838514328,
        "max": 0.00259582744911,
        "mean": 0.000322681386024,
        "median": 9.55978862294e-07,
        "min": 3.88632548365e-09,
        "skew": 2.14264917374,
        "var": 5.40147652828e-07
    },
    "spectral_flatness_db": {
        "kurt": 0.190267801285,
        "max": 0.398969322443,
        "mean": 0.218291550875,
        "median": 0.205440431833,
        "min": 0.0775232985616,
        "skew": 0.47134783864,
        "var": 0.00533469533548
    },
    "spectral_flux": {
        "kurt": 0.362199068069,
        "max": 0.0514158234,
        "mean": 0.010517439805,
        "median": 0.000898650265299,
        "min": 0.000166873593116,
        "skew": 1.44406425953,
        "var": 0.000293002871331
    },
    "spectral_kurtosis": {
        "kurt": 0.0749154090881,
        "max": 29.2067298889,
        "mean": 14.2329206467,
        "median": 14.5001592636,
        "min": 3.11573314667,
        "skew": 0.414263904095,
        "var": 37.4419517517
    },
    "spectral_rms": {
        "kurt": 1.92054224014,
        "max": 0.00190019037109,
        "mean": 0.000310718489345,
        "median": 3.52102906618e-05,
        "min": 2.11351175494e-06,
        "skew": 1.87200248241,
        "var": 3.16623129493e-07
    },
    "spectral_rolloff": {
        "kurt": 6.02201366425,
        "max": 3660.64453125,
        "mean": 1204.78271484,
        "median": 979.760742188,
        "min": 430.6640625,
        "skew": 2.35275053978,
        "var": 457487.59375
    },
    "spectral_skewness": {
        "kurt": -0.612623691559,
        "max": 4.15701675415,
        "mean": 3.04757118225,
        "median": 3.10235691071,
        "min": 1.99601137638,
        "skew": -0.163196563721,
        "var": 0.296438783407
    },
    "spectral_spread": {
        "kurt": 8.93523311615,
        "max": 26006262,
        "mean": 4755519,
        "median": 2853540.5,
        "min": 1821722,
        "skew": 3.0742919445,
        "var": 2.94222477394e+13
    },
    "spectral_strongpeak": {
        "kurt": 5.64315128326,
        "max": 0.597594797611,
        "mean": 0.0710177198052,
        "median": 0.00747392233461,
        "min": 7.35720968805e-05,
        "skew": 2.51976466179,
        "var": 0.0216567255557
    },
    "zerocrossingrate": {
        "kurt": 4.02167654037,
        "max": 0.06689453125,
        "mean": 0.0368896499276,
        "median": 0.037109375,
        "min": 0.00537109375,
        "skew": -0.14791187644,
        "var": 0.000113856207463
    },
    "barkbands": {
        "kurt": [2.89879512787, 4.28133869171, 1.40609931946, 2.75420045853, 12.6061782837, 13.7253990173, 5.3302936554, 10.4060201645, 14.0300445557, 13.3274402618, 4.54667711258, 5.09937858582, 12.2546319962, 2.27022886276, 9.09630012512, 10.7499055862, 4.68291854858, 11.7059297562, 12.1743373871, 1.94498825073, 9.99879074097, 4.591755867, 9.15906524658, 4.81816387177, 0.949725627899, 2.68936777115, 9.80314922333],
        "max": [8.22614476537e-10, 1.5324165048e-08, 2.43412241474e-08, 8.01945930107e-07, 4.16141210735e-06, 0.00106770161074, 0.00218387786299, 0.000116963405162, 0.000153139480972, 0.000113385969598, 9.51732363319e-06, 2.68616513495e-05, 0.000475836422993, 0.000220665300731, 0.000145251062349, 0.000139972136822, 2.14797796616e-06, 6.7481505539e-06, 1.19321484817e-05, 1.02360183973e-06, 6.900525932e-06, 3.44215749237e-07, 4.19135744778e-07, 8.94872087542e-08, 2.55285712569e-08, 7.89098675291e-10, 1.26445118265e-10],
        "mean": [1.79299602943e-10, 2.70512723333e-09, 5.95620353039e-09, 1.15565079284e-07, 3.35679231966e-07, 7.35486610211e-05, 0.000226472388022, 9.54674578679e-06, 1.02424119177e-05, 8.08767708804e-06, 1.10712323931e-06, 3.01528689306e-06, 3.44558829966e-05, 3.04091281578e-05, 1.21596558529e-05, 1.15393213491e-05, 2.63261796363e-07, 5.14159751219e-07, 8.58096882439e-07, 1.5400470943e-07, 5.74988121116e-07, 4.16707237605e-08, 3.36325527428e-08, 1.01418953236e-08, 4.19006696006e-09, 1.10181162805e-10, 1.08693280071e-11],
        "median": [1.1461636501e-10, 1.02710229211e-09, 4.15603818027e-09, 6.46655085035e-09, 5.01806809439e-08, 1.27506666558e-07, 4.06402818953e-07, 2.62118184935e-08, 7.69701102854e-08, 1.06092826968e-07, 7.78290498715e-09, 2.30032419779e-08, 5.32625605842e-08, 3.16487529517e-08, 1.37079725349e-08, 1.81176815772e-08, 4.63873917056e-09, 1.84839854533e-09, 3.36189320826e-09, 2.29855467992e-09, 1.40882838728e-09, 3.13627485093e-10, 8.17901163463e-11, 6.08467165542e-11, 5.9281066167e-11, 4.7448607543e-12, 2.35838583905e-13],
        "min": [1.02533250174e-13, 3.89021349856e-11, 7.18985426751e-11, 1.0809939055e-10, 1.6289872784e-09, 1.39794564813e-09, 3.76755959763e-10, 3.04346964297e-11, 1.45827794285e-11, 7.6225872836e-11, 4.0128296519e-11, 7.27675732171e-12, 9.03351213277e-11, 6.72574218541e-11, 2.1501469008e-11, 4.61714000366e-11, 1.1712656886e-11, 2.86808458927e-11, 5.17620234869e-12, 1.18326867402e-11, 1.53517355078e-11, 6.29587918258e-12, 2.48470818573e-12, 3.04854015296e-12, 4.56552937816e-12, 3.13374922799e-13, 8.97680181193e-15],
        "skew": [1.93932926655, 2.22381305695, 1.53879749775, 2.08626413345, 3.70634889603, 3.88751006126, 2.54723453522, 3.35951709747, 3.94543266296, 3.82956790924, 2.36980891228, 2.4781639576, 3.64336967468, 2.03560757637, 3.16530156136, 3.38772845268, 2.36117935181, 3.55665755272, 3.64829540253, 1.87615966797, 3.27010059357, 2.51184797287, 3.20956063271, 2.562520504, 1.63521647453, 1.97326529026, 3.28821539879],
        "var": [4.55197814205e-20, 1.39781512859e-17, 4.24492282052e-17, 5.82959380638e-14, 8.29285316632e-13, 5.4051621845e-08, 3.15292453479e-07, 7.08593295151e-10, 1.10666331654e-09, 6.13905259961e-10, 6.13268377053e-12, 4.76850434139e-11, 1.11629745447e-08, 5.06455810623e-09, 1.15376941334e-09, 9.97223192911e-10, 3.02187365842e-13, 2.26991645966e-12, 7.05271951951e-12, 9.37744687132e-14, 2.49102388022e-12, 9.84962098319e-15, 9.69695430588e-15, 6.37282443224e-16, 6.48701638493e-17, 4.73959304474e-20, 8.43654199199e-22],
        "cov": [[4.79155581996e-20, 1.97411267303e-19, 2.64715657948e-19, 3.20400862249e-18, 6.10977768872e-17, -4.07795753884e-16, 6.43482866275e-14, 3.42302107611e-15, 4.22532221342e-15, 3.13817173101e-15, 2.81477306944e-16, 5.97374538853e-16, 1.30158072701e-14, 5.95041280721e-15, 3.85548475876e-15, 3.89944068653e-15, 5.54722704337e-17, 1.91029196542e-16, 3.3918452344e-16, 3.00034157692e-17, 9.64953631623e-17, 8.60776553132e-18, 1.24735899882e-17, 2.86093856536e-18, 7.09262293921e-19, 2.18106961106e-20, 3.5840221329e-21], [1.97411267303e-19, 1.4713842414e-17, 1.09627206111e-17, 1.54218349029e-16, 4.53587102784e-17, 9.39994813215e-14, 7.87391094166e-13, 4.18292313222e-14, 5.74604925273e-14, 4.36775893502e-14, 2.9883267322e-15, 5.08303921076e-15, 1.82061519181e-13, 8.55829824869e-14, 5.76044745758e-14, 5.27496306997e-14, 8.6116680371e-16, 2.48835134728e-15, 4.37315402668e-15, 3.68931155877e-16, 2.51597372696e-16, 1.49418901532e-16, 1.48580908014e-16, 2.99248700069e-17, 9.36741098276e-18, 2.62334799501e-19, 3.91207509759e-20], [2.64715657948e-19, 1.09627206111e-17, 4.46833967176e-17, 1.4730905628e-15, 5.53147719364e-16, 1.18779863874e-13, 1.91025624138e-12, 8.73845470268e-14, 7.35506490782e-14, 6.03667709895e-14, 1.08394187926e-14, 3.39962873662e-14, 2.07619782911e-13, 1.90313639414e-13, 5.67657628802e-14, 6.31865233421e-14, 1.58735869552e-15, 4.54574461298e-15, 6.98562640567e-15, 1.55649397959e-15, 8.62541188782e-15, 1.58734291953e-16, 3.15133790526e-16, 1.12466176e-16, 3.40238675795e-17, 9.08491329394e-19, 6.7339384263e-20], [3.20400862249e-18, 1.54218349029e-16, 1.4730905628e-15, 6.13641488968e-14, 1.34703759716e-14, 3.02926368885e-12, 3.4784168601e-11, 1.56888846532e-12, 5.29475877205e-13, 5.25586572962e-13, 2.88562332666e-13, 9.87999937939e-13, 1.81152293686e-13, 3.23888832421e-12, -2.00096883507e-13, 1.40515664425e-13, 3.31977250323e-14, 7.41893186967e-14, 7.58125658605e-14, 4.79594154375e-14, 2.92461692884e-13, 6.75552027055e-16, 4.95343342895e-15, 2.77109814485e-15, 9.89688542165e-16, 2.6701952656e-17, 1.32217779542e-18], [6.10977768872e-17, 4.53587102784e-17, 5.53147719364e-16, 1.34703759716e-14, 8.7293193507e-13, -5.29047075246e-12, 8.03346278389e-11, 5.73453264041e-12, 6.36739619364e-12, 4.34325362134e-12, 4.32274875617e-13, 6.99299450811e-13, 1.82692697775e-11, 7.25777857952e-12, 5.80522262206e-12, 7.68910022458e-12, 9.33690516396e-14, 2.69366207941e-13, 4.71403352551e-13, 4.02188861642e-14, 1.07127834706e-13, 1.4939126867e-14, 1.76850602983e-14, 3.94305398947e-15, 1.0227284387e-15, 3.63852763224e-17, 7.14294033587e-18], [-4.07795753884e-16, 9.39994813215e-14, 1.18779863874e-13, 3.02926368885e-12, -5.29047075246e-12, 5.68964431125e-08, 5.10082429628e-08, 4.26045865254e-10, 4.92575091826e-10, 5.52800472065e-10, 1.44767836607e-10, 5.6599197551e-10, 6.80824241428e-09, 1.24202550467e-08, 3.74477560072e-09, 2.55649168501e-09, 7.62956087197e-11, 2.7436945077e-11, 7.73928143794e-11, 2.31391589917e-11, 4.43508389736e-11, 1.77872300222e-11, 2.70004656654e-12, 9.87125095206e-13, 1.16659199662e-12, 2.25248202116e-14, 5.28744858972e-16], [6.43482866275e-14, 7.87391094166e-13, 1.91025624138e-12, 3.4784168601e-11, 8.03346278389e-11, 5.10082429628e-08, 3.3188680959e-07, 1.45165079957e-08, 1.70502172381e-08, 1.31820723226e-08, 1.37388111998e-09, 3.62676200183e-09, 5.79144341373e-08, 3.8235921096e-08, 1.84491941724e-08, 1.74696364041e-08, 2.89750390348e-10, 8.06298583456e-10, 1.46018497293e-09, 1.59020810409e-10, 6.2921956534e-10, 4.92362053905e-11, 5.57945217805e-11, 1.42179306523e-11, 4.25915509458e-12, 1.12505375838e-13, 1.28389849072e-14], [3.42302107611e-15, 4.18292313222e-14, 8.73845470268e-14, 1.56888846532e-12, 5.73453264041e-12, 4.26045865254e-10, 1.45165079957e-08, 7.4588768495e-10, 9.08647768139e-10, 6.82281731113e-10, 6.55719575859e-11, 1.45647757743e-10, 2.8100928251e-09, 1.38936540051e-09, 8.37619917871e-10, 8.26710200297e-10, 1.2899230295e-11, 4.20266564605e-11, 7.36470537333e-11, 7.38543427803e-12, 2.51265327988e-11, 1.94436415753e-12, 2.72308933215e-12, 6.51367685917e-13, 1.76118193922e-13, 5.23469453073e-15, 7.36904688068e-16], [4.22532221342e-15, 5.74604925273e-14, 7.35506490782e-14, 5.29475877205e-13, 6.36739619364e-12, 4.92575091826e-10, 1.70502172381e-08, 9.08647768139e-10, 1.16490872504e-09, 8.64594007499e-10, 7.54404733128e-11, 1.46472667328e-10, 3.59691432195e-09, 1.61182223124e-09, 1.08201680948e-09, 1.0515105453e-09, 1.60512349939e-11, 5.21276008469e-11, 9.18333395439e-11, 8.19137205982e-12, 2.06817046128e-11, 2.50128064962e-12, 3.27627139828e-12, 7.23875549346e-13, 1.98700431109e-13, 6.11499596754e-15, 9.49563744421e-16], [3.13817173101e-15, 4.36775893502e-14, 6.03667709895e-14, 5.25586572962e-13, 4.34325362134e-12, 5.52800472065e-10, 1.31820723226e-08, 6.82281731113e-10, 8.64594007499e-10, 6.46216025135e-10, 5.7343796378e-11, 1.18169946051e-10, 2.70186606421e-09, 1.28183419434e-09, 8.1645323835e-10, 7.9167206124e-10, 1.20961999098e-11, 3.89477408658e-11, 6.8991694302e-11, 6.26195493028e-12, 1.74977827366e-11, 1.91203715187e-12, 2.48993469072e-12, 5.62039238934e-13, 1.53625484729e-13, 4.60956515742e-15, 6.89937664054e-16], [2.81477306944e-16, 2.9883267322e-15, 1.08394187926e-14, 2.88562332666e-13, 4.32274875617e-13, 1.44767836607e-10, 1.37388111998e-09, 6.55719575859e-11, 7.54404733128e-11, 5.7343796378e-11, 6.45545682881e-12, 1.5894639771e-11, 2.39344016828e-10, 1.44521047907e-10, 7.35471683555e-11, 7.15364226189e-11, 1.26843425086e-12, 3.6565060875e-12, 6.31336953202e-12, 7.79086593416e-13, 3.03423106952e-12, 1.89351775904e-13, 2.40110015204e-13, 6.29352052786e-14, 1.92737688467e-14, 5.43656609311e-16, 6.45071506744e-17], [5.97374538853e-16, 5.08303921076e-15, 3.39962873662e-14, 9.87999937939e-13, 6.99299450811e-13, 5.6599197551e-10, 3.62676200183e-09, 1.45647757743e-10, 1.46472667328e-10, 1.18169946051e-10, 1.5894639771e-11, 5.01947823583e-11, 5.08089958995e-10, 4.24673102239e-10, 1.59998209126e-10, 1.55966350945e-10, 2.8337083114e-12, 7.7240011262e-12, 1.3749999403e-11, 1.98566293616e-12, 1.0671320598e-11, 4.46796056099e-13, 5.76702910687e-13, 1.73160788551e-13, 5.08353294626e-14, 1.27368630152e-15, 1.07712144027e-16], [1.30158072701e-14, 1.82061519181e-13, 2.07619782911e-13, 1.81152293686e-13, 1.82692697775e-11, 6.80824241428e-09, 5.79144341373e-08, 2.8100928251e-09, 3.59691432195e-09, 2.70186606421e-09, 2.39344016828e-10, 5.08089958995e-10, 1.17504992403e-08, 6.26144380789e-09, 3.69669317379e-09, 3.49063622451e-09, 5.49228336422e-11, 1.60831986618e-10, 2.89871904258e-10, 2.60843794481e-11, 6.76406916589e-11, 9.34359967869e-12, 1.04118623445e-11, 2.33187406017e-12, 6.96051940044e-13, 1.98862600649e-14, 2.82956607635e-15], [5.95041280721e-15, 8.55829824869e-14, 1.90313639414e-13, 3.23888832421e-12, 7.25777857952e-12, 1.24202550467e-08, 3.8235921096e-08, 1.38936540051e-09, 1.61182223124e-09, 1.28183419434e-09, 1.44521047907e-10, 4.24673102239e-10, 6.26144380789e-09, 5.33111377266e-09, 2.20801399387e-09, 1.96268401531e-09, 3.61966220885e-11, 7.69335151141e-11, 1.45156817122e-10, 1.73943880133e-11, 6.72186958872e-11, 6.92754490925e-12, 5.59381881093e-12, 1.48000210178e-12, 5.43532287321e-13, 1.29560948355e-14, 1.1621907194e-15], [3.85548475876e-15, 5.76044745758e-14, 5.67657628802e-14, -2.00096883507e-13, 5.80522262206e-12, 3.74477560072e-09, 1.84491941724e-08, 8.37619917871e-10, 1.08201680948e-09, 8.1645323835e-10, 7.35471683555e-11, 1.59998209126e-10, 3.69669317379e-09, 2.20801399387e-09, 1.2144941719e-09, 1.11537834524e-09, 1.84995404412e-11, 4.81575612721e-11, 8.78890085709e-11, 8.14752258715e-12, 1.90691022001e-11, 3.32170467347e-12, 3.13266123111e-12, 7.00259511835e-13, 2.360208925e-13, 6.44185624101e-15, 8.54577787353e-16], [3.89944068653e-15, 5.27496306997e-14, 6.31865233421e-14, 1.40515664425e-13, 7.68910022458e-12, 2.55649168501e-09, 1.74696364041e-08, 8.26710200297e-10, 1.0515105453e-09, 7.9167206124e-10, 7.15364226189e-11, 1.55966350945e-10, 3.49063622451e-09, 1.96268401531e-09, 1.11537834524e-09, 1.04970865333e-09, 1.67810765284e-11, 4.71006948721e-11, 8.52742390589e-11, 7.85285725335e-12, 2.07793920959e-11, 2.90925096513e-12, 3.07391330272e-12, 6.95869306188e-13, 2.1539320078e-13, 6.03370918021e-15, 8.30099488089e-16], [5.54722704337e-17, 8.6116680371e-16, 1.58735869552e-15, 3.31977250323e-14, 9.33690516396e-14, 7.62956087197e-11, 2.89750390348e-10, 1.2899230295e-11, 1.60512349939e-11, 1.20961999098e-11, 1.26843425086e-12, 2.8337083114e-12, 5.49228336422e-11, 3.61966220885e-11, 1.84995404412e-11, 1.67810765284e-11, 3.18091961191e-13, 7.42096325796e-13, 1.30970971915e-12, 1.53521455531e-13, 4.01913013504e-13, 5.43911703871e-14, 4.68752505344e-14, 1.12951775754e-14, 4.38552875452e-15, 1.19340271884e-16, 1.41352113775e-17], [1.91029196542e-16, 2.48835134728e-15, 4.54574461298e-15, 7.41893186967e-14, 2.69366207941e-13, 2.7436945077e-11, 8.06298583456e-10, 4.20266564605e-11, 5.21276008469e-11, 3.89477408658e-11, 3.6565060875e-12, 7.7240011262e-12, 1.60831986618e-10, 7.69335151141e-11, 4.81575612721e-11, 4.71006948721e-11, 7.42096325796e-13, 2.38938578125e-12, 4.17729999896e-12, 4.10637886541e-13, 1.26311667289e-12, 1.12343409586e-13, 1.5217212527e-13, 3.5528962991e-14, 9.84853254586e-15, 2.96547796551e-16, 4.28683109908e-17], [3.3918452344e-16, 4.37315402668e-15, 6.98562640567e-15, 7.58125658605e-14, 4.71403352551e-13, 7.73928143794e-11, 1.46018497293e-09, 7.36470537333e-11, 9.18333395439e-11, 6.8991694302e-11, 6.31336953202e-12, 1.3749999403e-11, 2.89871904258e-10, 1.45156817122e-10, 8.78890085709e-11, 8.52742390589e-11, 1.30970971915e-12, 4.17729999896e-12, 7.4239156489e-12, 6.94627244179e-13, 2.15501986915e-12, 2.08311829158e-13, 2.71352683162e-13, 6.28371866259e-14, 1.71833084735e-14, 5.04851965354e-16, 7.25817238546e-17], [3.00034157692e-17, 3.68931155877e-16, 1.55649397959e-15, 4.79594154375e-14, 4.02188861642e-14, 2.31391589917e-11, 1.59020810409e-10, 7.38543427803e-12, 8.19137205982e-12, 6.26195493028e-12, 7.79086593416e-13, 1.98566293616e-12, 2.60843794481e-11, 1.73943880133e-11, 8.14752258715e-12, 7.85285725335e-12, 1.53521455531e-13, 4.10637886541e-13, 6.94627244179e-13, 9.87099670665e-14, 3.98260742961e-13, 2.23334754688e-14, 2.67830208559e-14, 7.42928701685e-15, 2.45636568913e-15, 6.81568171207e-17, 7.38194507488e-18], [9.64953631623e-17, 2.51597372696e-16, 8.62541188782e-15, 2.92461692884e-13, 1.07127834706e-13, 4.43508389736e-11, 6.2921956534e-10, 2.51265327988e-11, 2.06817046128e-11, 1.74977827366e-11, 3.03423106952e-12, 1.0671320598e-11, 6.76406916589e-11, 6.72186958872e-11, 1.90691022001e-11, 2.07793920959e-11, 4.01913013504e-13, 1.26311667289e-12, 2.15501986915e-12, 3.98260742961e-13, 2.62213037741e-12, 4.93144445364e-14, 1.00756297023e-13, 3.47742532469e-14, 9.16363102207e-15, 2.28310531152e-16, 1.49824097609e-17], [8.60776553132e-18, 1.49418901532e-16, 1.58734291953e-16, 6.75552027055e-16, 1.4939126867e-14, 1.77872300222e-11, 4.92362053905e-11, 1.94436415753e-12, 2.50128064962e-12, 1.91203715187e-12, 1.89351775904e-13, 4.46796056099e-13, 9.34359967869e-12, 6.92754490925e-12, 3.32170467347e-12, 2.90925096513e-12, 5.43911703871e-14, 1.12343409586e-13, 2.08311829158e-13, 2.23334754688e-14, 4.93144445364e-14, 1.03680220876e-14, 7.38899196549e-15, 1.71487421177e-15, 7.25883730633e-16, 1.83871463735e-17, 2.03831551119e-18], [1.24735899882e-17, 1.48580908014e-16, 3.15133790526e-16, 4.95343342895e-15, 1.76850602983e-14, 2.70004656654e-12, 5.57945217805e-11, 2.72308933215e-12, 3.27627139828e-12, 2.48993469072e-12, 2.40110015204e-13, 5.76702910687e-13, 1.04118623445e-11, 5.59381881093e-12, 3.13266123111e-12, 3.07391330272e-12, 4.68752505344e-14, 1.5217212527e-13, 2.71352683162e-13, 2.67830208559e-14, 1.00756297023e-13, 7.38899196549e-15, 1.02073204557e-14, 2.48596186734e-15, 6.54999460804e-16, 1.86856576586e-17, 2.50863634542e-18], [2.86093856536e-18, 2.99248700069e-17, 1.12466176e-16, 2.77109814485e-15, 3.94305398947e-15, 9.87125095206e-13, 1.42179306523e-11, 6.51367685917e-13, 7.23875549346e-13, 5.62039238934e-13, 6.29352052786e-14, 1.73160788551e-13, 2.33187406017e-12, 1.48000210178e-12, 7.00259511835e-13, 6.95869306188e-13, 1.12951775754e-14, 3.5528962991e-14, 6.28371866259e-14, 7.42928701685e-15, 3.47742532469e-14, 1.71487421177e-15, 2.48596186734e-15, 6.70823624446e-16, 1.8034600673e-16, 4.89467377071e-18, 5.4915683347e-19], [7.09262293921e-19, 9.36741098276e-18, 3.40238675795e-17, 9.89688542165e-16, 1.0227284387e-15, 1.16659199662e-12, 4.25915509458e-12, 1.76118193922e-13, 1.98700431109e-13, 1.53625484729e-13, 1.92737688467e-14, 5.08353294626e-14, 6.96051940044e-13, 5.43532287321e-13, 2.360208925e-13, 2.1539320078e-13, 4.38552875452e-15, 9.84853254586e-15, 1.71833084735e-14, 2.45636568913e-15, 9.16363102207e-15, 7.25883730633e-16, 6.54999460804e-16, 1.8034600673e-16, 6.82843816061e-17, 1.78467422483e-18, 1.76510519949e-19], [2.18106961106e-20, 2.62334799501e-19, 9.08491329394e-19, 2.6701952656e-17, 3.63852763224e-17, 2.25248202116e-14, 1.12505375838e-13, 5.23469453073e-15, 6.11499596754e-15, 4.60956515742e-15, 5.43656609311e-16, 1.27368630152e-15, 1.98862600649e-14, 1.29560948355e-14, 6.44185624101e-15, 6.03370918021e-15, 1.19340271884e-16, 2.96547796551e-16, 5.04851965354e-16, 6.81568171207e-17, 2.28310531152e-16, 1.83871463735e-17, 1.86856576586e-17, 4.89467377071e-18, 1.78467422483e-18, 4.98904519121e-20, 5.70534216187e-21], [3.5840221329e-21, 3.91207509759e-20, 6.7339384263e-20, 1.32217779542e-18, 7.14294033587e-18, 5.28744858972e-16, 1.28389849072e-14, 7.36904688068e-16, 9.49563744421e-16, 6.89937664054e-16, 6.45071506744e-17, 1.07712144027e-16, 2.82956607635e-15, 1.1621907194e-15, 8.54577787353e-16, 8.30099488089e-16, 1.41352113775e-17, 4.28683109908e-17, 7.25817238546e-17, 7.38194507488e-18, 1.49824097609e-17, 2.03831551119e-18, 2.50863634542e-18, 5.4915683347e-19, 1.76510519949e-19, 5.70534216187e-21, 8.88057046474e-22]]
    },
    "mfcc": {
        "kurt": [-0.374684810638, -1.46325683594, 0.667142629623, -1.46869385242, -0.880621671677, 0.128711223602, 0.0567145347595, 0.0504717826843, 0.485459089279, -0.129036903381, 2.56127309799, 0.0560207366943, 1.69584941864],
        "max": [-828.238464355, 135.647277832, 14.6453857422, 7.44200515747, 9.65270996094, 2.28881835938e-05, -2.67028808594e-05, -5.34057617188e-05, -4.57763671875e-05, 9.64396858215, 19.7794456482, 11.3960494995, 20.8513717651],
        "mean": [-1047.34069824, 60.3169364929, -14.8827238083, -20.1609230042, -17.3958892822, -15.0455369949, -21.7991657257, -23.6550312042, -9.6992893219, -2.15597438812, -1.51098489761, -0.853227615356, -0.0630956664681],
        "median": [-1096.56713867, 43.9799766541, -6.103515625e-05, -11.7563438416, -15.8193321228, -14.1499481201, -15.4763069153, -13.9621238708, -7.54716873169, -1.75471878052, -1.74041748047, -0.811534881592, 0.110916137695],
        "min": [-1138.42004395, 1.14440917969e-05, -109.010421753, -55.685798645, -45.9962158203, -40.856136322, -65.1273269653, -80.9552001953, -30.718164444, -14.5724639893, -16.1455135345, -10.7285232544, -14.1617546082],
        "skew": [0.999445736408, 0.353841453791, -1.41194653511, -0.324660867453, -0.325720340014, -0.704403221607, -1.09289383888, -1.18364024162, -1.00450587273, -0.0036825700663, 0.900803029537, 0.572357177734, 0.621878147125],
        "var": [9478.99707031, 2249.75634766, 1334.73852539, 467.953857422, 267.067565918, 115.05582428, 348.136993408, 545.686645508, 60.8810119629, 32.4603309631, 48.6479454041, 27.5147094727, 52.3594589233],
        "cov": [[9977.89160156, 4614.54248047, -3586.76489258, -1822.64746094, -1191.10314941, -720.317443848, -1578.8302002, -2104.95068359, -611.643798828, 142.910751343, 204.926223755, 151.053665161, 40.5251274109], [4614.54248047, 2368.16479492, -1530.35339355, -968.089111328, -563.672668457, -365.873168945, -798.78527832, -1009.24957275, -268.477478027, 67.4719543457, 52.5626106262, 48.2765922546, -9.96187591553], [-3586.76489258, -1530.35339355, 1404.98791504, 633.903381348, 379.6746521, 202.857711792, 565.773681641, 769.450378418, 233.592590332, -56.7193145752, -93.3041687012, -50.2304000854, -62.6253089905], [-1822.64746094, -968.089111328, 633.903381348, 492.583007812, 231.907836914, 123.920692444, 349.145843506, 405.694244385, 102.815391541, -49.4617462158, -36.866607666, -7.06098794937, -35.4291648865], [-1191.10314941, -563.672668457, 379.6746521, 231.907836914, 281.123779297, 160.97076416, 106.845878601, 166.095809937, 53.1732177734, -22.1953792572, -58.8135261536, -57.4358940125, 17.508398056], [-720.317443848, -365.873168945, 202.857711792, 123.920692444, 160.97076416, 121.11138916, 79.1254348755, 92.4519729614, 27.4787082672, -13.1848268509, -33.7344551086, -30.8780059814, 25.1559505463], [-1578.8302002, -798.78527832, 565.773681641, 349.145843506, 106.845878601, 79.1254348755, 366.459991455, 423.891967773, 115.577095032, -21.3219051361, -5.68680286407, 6.44457244873, -43.7518539429], [-2104.95068359, -1009.24957275, 769.450378418, 405.694244385, 166.095809937, 92.4519729614, 423.891967773, 574.406982422, 167.526245117, -0.859391868114, 6.09998130798, -16.8110198975, -51.2747955322], [-611.643798828, -268.477478027, 233.592590332, 102.815391541, 53.1732177734, 27.4787082672, 115.577095032, 167.526245117, 64.0852737427, 8.85357666016, -5.35222387314, -8.14054679871, -23.8572120667], [142.910751343, 67.4719543457, -56.7193145752, -49.4617462158, -22.1953792572, -13.1848268509, -21.3219051361, -0.859391868114, 8.85357666016, 34.1687698364, 28.7044525146, -3.11160063744, 0.835757255554], [204.926223755, 52.5626106262, -93.3041687012, -36.866607666, -58.8135261536, -33.7344551086, -5.68680286407, 6.09998130798, -5.35222387314, 28.7044525146, 51.2083625793, 13.4376296997, 10.1176252365], [151.053665161, 48.2765922546, -50.2304000854, -7.06098794937, -57.4358940125, -30.8780059814, 6.44457244873, -16.8110198975, -8.14054679871, -3.11160063744, 13.4376296997, 28.962852478, -0.844873428345], [40.5251274109, -9.96187591553, -62.6253089905, -35.4291648865, 17.508398056, 25.1559505463, -43.7518539429, -51.2747955322, -23.8572120667, 0.835757255554, 10.1176252365, -0.844873428345, 55.1152229309]]
    },
    "sccoeffs": {
        "kurt": [0.101402759552, 1.96422481537, -0.180636405945, 0.565139532089, 0.915017843246, 1.35039043427],
        "max": [-0.599443018436, -0.4382827878, -0.751269817352, -0.774013519287, -0.756630182266, -0.750880002975],
        "mean": [-0.788273453712, -0.794863164425, -0.848307967186, -0.865602016449, -0.875717937946, -0.860000729561],
        "median": [-0.806459903717, -0.838362038136, -0.862663030624, -0.870908498764, -0.890051424503, -0.868861079216],
        "min": [-0.908023416996, -0.922615349293, -0.925375938416, -0.917944252491, -0.920427501202, -0.945026874542],
        "skew": [0.73939204216, 1.58977460861, 0.65508633852, 0.854748010635, 1.26800966263, 0.683229088783],
        "var": [0.00598064670339, 0.0139050977305, 0.00213088118471, 0.00125393772032, 0.00176497292705, 0.00158960744739],
        "cov": [[0.00629541743547, 0.00071851501707, 0.000677538919263, 0.00118362018839, 0.00218302244321, 0.00194791448303], [0.00071851501707, 0.0146369449794, 0.00134846533183, 0.00320305000059, 0.0034207359422, 0.00305845658295], [0.000677538919263, 0.00134846533183, 0.00224303267896, 0.000844488327857, 0.00107044179458, 0.000909211812541], [0.00118362018839, 0.00320305000059, 0.000844488327857, 0.00131993449759, 0.00106226745993, 0.0011759607587], [0.00218302244321, 0.0034207359422, 0.00107044179458, 0.00106226745993, 0.00185786618385, 0.00144033774268], [0.00194791448303, 0.00305845658295, 0.000909211812541, 0.0011759607587, 0.00144033774268, 0.00167327094823]]
    },
    "scvalleys": {
        "kurt": [0.796728372574, -0.664254903793, -0.537063121796, -0.597002744675, -0.597237348557, -0.980728149414],
        "max": [-10.2602672577, -6.26084470749, -7.15739059448, -6.02915906906, -9.28778171539, -11.2659807205],
        "mean": [-11.4278011322, -9.51938724518, -10.1904783249, -10.3062229156, -11.9165744781, -13.9842348099],
        "median": [-11.3720750809, -10.0267066956, -10.7053833008, -11.0651502609, -12.2812423706, -14.5378837585],
        "min": [-13.2043161392, -13.4611787796, -13.6902503967, -13.875664711, -14.9029378891, -15.5825462341],
        "skew": [-0.627200126648, 0.0518481880426, 0.170148447156, 0.565487444401, 0.298332244158, 0.71556019783],
        "var": [0.431929171085, 3.46095466614, 2.92135572433, 4.15339136124, 2.13007736206, 1.89065909386],
        "cov": [[0.454662263393, 0.780722260475, 0.672481715679, 0.826291382313, 0.520991325378, 0.474118888378], [0.780722260475, 3.64311027527, 3.17410159111, 3.74552106857, 2.62157177925, 2.35058760643], [0.672481715679, 3.17410159111, 3.07511138916, 3.50709581375, 2.48996162415, 2.24463915825], [0.826291382313, 3.74552106857, 3.50709581375, 4.37199068069, 2.9489376545, 2.78028941154], [0.520991325378, 2.62157177925, 2.48996162415, 2.9489376545, 2.24218678474, 2.01858115196], [0.474118888378, 2.35058760643, 2.24463915825, 2.78028941154, 2.01858115196, 1.99016749859]]
    }
},
"rhythm": {
    "bpm": 0,
    "confidence": 0,
    "first_peak_bpm": {
        "kurt": 0,
        "max": 0,
        "mean": 0,
        "median": 0,
        "min": 0,
        "skew": 0,
        "var": 0
    },
    "first_peak_spread": {
        "kurt": 0,
        "max": 0,
        "mean": 0,
        "median": 0,
        "min": 0,
        "skew": 0,
        "var": 0
    },
    "first_peak_weight": {
        "kurt": 0,
        "max": 0,
        "mean": 0,
        "median": 0,
        "min": 0,
        "skew": 0,
        "var": 0
    },
    "onset_rate": 2.33296298981,
    "second_peak_bpm": {
        "kurt": 0,
        "max": 0,
        "mean": 0,
        "median": 0,
        "min": 0,
        "skew": 0,
        "var": 0
    },
    "second_peak_spread": {
        "kurt": 0,
        "max": 0,
        "mean": 0,
        "median": 0,
        "min": 0,
        "skew": 0,
        "var": 0
    },
    "second_peak_weight": {
        "kurt": 0,
        "max": 0,
        "mean": 0,
        "median": 0,
        "min": 0,
        "skew": 0,
        "var": 0
    },
    "beats_position": [],
    "bpm_estimates": [],
    "bpm_intervals": [],
    "onset_times": [0.0232199542224],
    "histogram": [[0, 0, 0, 0, 0, 0, 0, 0, 0, 0, 0, 0, 0, 0, 0, 0, 0, 0, 0, 0, 0, 0, 0, 0, 0, 0, 0, 0, 0, 0, 0, 0, 0, 0, 0, 0, 0, 0, 0, 0, 0, 0, 0, 0, 0, 0, 0, 0, 0, 0, 0, 0, 0, 0, 0, 0, 0, 0, 0, 0, 0, 0, 0, 0, 0, 0, 0, 0, 0, 0, 0, 0, 0, 0, 0, 0, 0, 0, 0, 0, 0, 0, 0, 0, 0, 0, 0, 0, 0, 0, 0, 0, 0, 0, 0, 0, 0, 0, 0, 0, 0, 0, 0, 0, 0, 0, 0, 0, 0, 0, 0, 0, 0, 0, 0, 0, 0, 0, 0, 0, 0, 0, 0, 0, 0, 0, 0, 0, 0, 0, 0, 0, 0, 0, 0, 0, 0, 0, 0, 0, 0, 0, 0, 0, 0, 0, 0, 0, 0, 0, 0, 0, 0, 0, 0, 0, 0, 0, 0, 0, 0, 0, 0, 0, 0, 0, 0, 0, 0, 0, 0, 0, 0, 0, 0, 0, 0, 0, 0, 0, 0, 0, 0, 0, 0, 0, 0, 0, 0, 0, 0, 0, 0, 0, 0, 0, 0, 0, 0, 0, 0, 0, 0, 0, 0, 0, 0, 0, 0, 0, 0, 0, 0, 0, 0, 0, 0, 0, 0, 0, 0, 0, 0, 0, 0, 0, 0, 0, 0, 0, 0, 0, 0, 0, 0, 0, 0, 0, 0, 0, 0, 0, 0, 0, 0, 0, 0, 0, 0, 0]]
},
"sfx": {
    "inharmonicity": {
        "kurt": 0.676008939743,
        "max": 0.227979645133,
        "mean": 0.0535033121705,
        "median": 0.0190382804722,
        "min": 0,
        "skew": 1.41597080231,
        "var": 0.00458098296076
    },
    "oddtoevenharmonicenergyratio": {
        "kurt": 4.91006374359,
        "max": 2.78896808624,
        "mean": 0.489150047302,
        "median": 0.272278368473,
        "min": 0,
        "skew": 2.20862698555,
        "var": 0.428357064724
    },
    "pitch_after_max_to_before_max_energy_ratio": 1.26460385323,
    "pitch_centroid": 6.44199323654,
    "pitch_max_to_total": 0,
    "pitch_min_to_total": 0.850000023842,
    "tristimulus": {
        "kurt": [0.630425930023, -0.439028263092, 0.688696622849],
        "max": [1, 0.531456887722, 0.527288198471],
        "mean": [0.47727432847, 0.341562688351, 0.181163027883],
        "median": [0.466008424759, 0.374375373125, 0.137124210596],
        "min": [0.124977625906, 0, 0],
        "skew": [0.610447049141, -0.568345606327, 1.13302302361],
        "var": [0.0375934652984, 0.0203722976148, 0.016372166574],
        "cov": [[0.0395720712841, -0.0218913666904, -0.0176807045937], [-0.0218913666904, 0.021444523707, 0.000446842401288], [-0.0176807045937, 0.000446842401288, 0.0172338597476]]
    }
},
"tonal": {
    "chords_changes_rate": 0,
    "chords_number_rate": 0.0909090936184,
    "chords_strength": {
        "kurt": 0,
        "max": 0.412905722857,
        "mean": 0.412905722857,
        "median": 0.412905722857,
        "min": 0.412905722857,
        "skew": 0,
        "var": 0
    },
    "key_strength": 0.544261693954,
    "tuning_diatonic_strength": 0.548652291298,
    "tuning_equal_tempered_deviation": 0.26147210598,
    "tuning_frequency": 443.828887939,
    "tuning_nontempered_energy_ratio": 0.867410898209,
    "hpcp": {
        "kurt": [1.91169404984, -1.02682828903, 2.00812864304, -0.594778776169, 1.0476565361, -0.414080142975, -1.29940772057, 1.63669729233, 0.171996116638, 2.23028659821, 2.52835941315, 0.0222842693329, 0.210516691208, -0.437303781509, 5.3240852356, -1.2658803463, 0.845732688904, 3.29517316818, 0.445788383484, 2.27058172226, 4.73077058792, 3.17723560333, 4.6372218132, 4.04789590836, 1.24708271027, -0.723098039627, 0.521664857864, 2.18924856186, 0.14674115181, 1.31639909744, -0.992773771286, -1.40285515785, -0.897064685822, -0.651373386383, 0.0244596004486, -0.334830999374],
        "max": [1, 0.598514378071, 1, 0.618645071983, 0.460345566273, 0.297098875046, 0.174244910479, 0.273398518562, 0.445471525192, 1, 0.965317130089, 0.38083294034, 0.335922986269, 0.222496658564, 0.419021785259, 0.258009135723, 0.637986421585, 0.561864316463, 0.117191873491, 0.406178802252, 1, 0.670034170151, 0.643552303314, 0.87766712904, 0.596245646477, 0.417851775885, 0.321740150452, 0.54391014576, 0.628050863743, 1, 0.775630533695, 1, 0.840579986572, 1, 0.501162707806, 0.507030308247],
        "mean": [0.220512613654, 0.200250044465, 0.206618398428, 0.181352257729, 0.113131433725, 0.105457775295, 0.0836627781391, 0.0714294239879, 0.111492536962, 0.19813388586, 0.184634909034, 0.113761693239, 0.0961474850774, 0.0739733576775, 0.0671812146902, 0.0903028771281, 0.149963587523, 0.108545929193, 0.032310243696, 0.0841212198138, 0.170726910233, 0.15200252831, 0.140147179365, 0.167785748839, 0.158192560077, 0.146751582623, 0.113303549588, 0.122522324324, 0.158584728837, 0.219836100936, 0.320458233356, 0.482138842344, 0.518815279007, 0.346005797386, 0.159627497196, 0.141139730811],
        "median": [0.0872230380774, 0.087945073843, 0.0264296513051, 0.0472488701344, 0.0433278717101, 0.0918496251106, 0.0774897709489, 0.0441906452179, 0.029871461913, 0.0459017828107, 0.0696820765734, 0.0437447205186, 0.0351639203727, 0.0608467645943, 0.0346337817609, 0.0404992811382, 0.0329923592508, 0.040616389364, 0.017570424825, 0.0358159206808, 0.069607488811, 0.0696162804961, 0.09506393224, 0.0607680492103, 0.0690519064665, 0.0792063251138, 0.0824876800179, 0.0482814535499, 0.0369385369122, 0.086355112493, 0.294112533331, 0.427754372358, 0.665562272072, 0.17201641202, 0.106683239341, 0.0446512885392],
        "min": [0, 0, 0, 0, 0, 0, 0, 0, 0, 0, 0, 0, 0, 0, 0, 0, 0, 0, 0, 0, 0, 0, 0, 0, 0, 0, 0, 0, 0, 0, 0, 0, 0, 0, 0, 0],
        "skew": [1.68761229515, 0.833896994591, 1.74739778042, 0.993855297565, 1.52421760559, 0.703472435474, 0.247597202659, 1.60484755039, 1.3152987957, 1.82426464558, 1.97156226635, 1.27631676197, 1.36084568501, 0.823918521404, 2.61906266212, 0.473369956017, 1.38458824158, 2.07986855507, 1.42394852638, 1.84725046158, 2.45143699646, 2.00521016121, 2.3956785202, 2.25282788277, 1.44919478893, 0.892388105392, 1.15324950218, 1.81532824039, 1.22840511799, 1.64392113686, 0.453292876482, 0.266904532909, -0.708420813084, 0.934742927551, 1.14188158512, 1.07082915306],
        "var": [0.0842286273837, 0.0484187342227, 0.0868063345551, 0.0462370030582, 0.0191575475037, 0.00793427601457, 0.00357396621257, 0.00589776737615, 0.0217552594841, 0.0860621258616, 0.0798310339451, 0.0162795968354, 0.0137080904096, 0.0047075948678, 0.0129623003304, 0.00781506579369, 0.0379525870085, 0.0248777512461, 0.00143158365972, 0.0138899898157, 0.074798822403, 0.0328503586352, 0.0277863964438, 0.057526756078, 0.0291589517146, 0.0186168849468, 0.00773147959262, 0.0239690430462, 0.0411401167512, 0.093022659421, 0.0627606585622, 0.137487113476, 0.0827360153198, 0.125975236297, 0.0244337618351, 0.0279473010451],
