{
"metadata": {
    "version": {
        "essentia": "2.1-beta3"
    }
},
"lowLevel": {
    "average_loudness": 0.99068403244,
    "barkbands_kurtosis": {
        "kurt": 14.7593421936,
        "max": 8.66203212738,
        "mean": 0.0188575200737,
        "median": -0.341683030128,
        "min": -1.42955672741,
        "skew": 3.04473805428,
        "var": 1.96916973591
    },
    "barkbands_skewness": {
        "kurt": -0.539655447006,
        "max": 1.98755097389,
        "mean": 0.518698513508,
        "median": 0.572936654091,
        "min": -1.0345621109,
        "skew": -0.285924911499,
        "var": 0.474405914545
    },
    "barkbands_spread": {
        "kurt": -1.59392726421,
        "max": 41.4102897644,
        "mean": 20.4085102081,
        "median": 23.515411377,
        "min": 2.01824140549,
        "skew": -0.0552081651986,
        "var": 169.066452026
    },
    "dissonance": {
        "kurt": 39.8515434265,
        "max": 0.499318122864,
        "mean": 0.482175439596,
        "median": 0.488012492657,
        "min": 0.281104207039,
        "skew": -5.63938570023,
        "var": 0.000669339904562
    },
    "hfc": {
        "kurt": 6.19990921021,
        "max": 15.6562738419,
        "mean": 1.5276184082,
        "median": 0.000517900974955,
        "min": 2.80210006309e-08,
        "skew": 2.72344183922,
        "var": 14.8242502213
    },
    "pitch": {
        "kurt": 9.10469913483,
        "max": 3553.6496582,
        "mean": 630.621948242,
        "median": 381.24987793,
        "min": 81.8312454224,
        "skew": 2.68386793137,
        "var": 435779.5
    },
    "pitch_instantaneous_confidence": {
        "kurt": -0.312084674835,
        "max": 0.677894115448,
        "mean": 0.30006852746,
        "median": 0.256158709526,
        "min": 0.150656104088,
        "skew": 0.851103901863,
        "var": 0.0180759727955
    },
    "pitch_salience": {
        "kurt": 1.20529985428,
        "max": 0.922660470009,
        "mean": 0.741873264313,
        "median": 0.750729322433,
        "min": 0.587221026421,
        "skew": -0.307630479336,
        "var": 0.00284794555046
    },
    "silence_rate_20dB": {
        "kurt": 0,
        "max": 1,
        "mean": 1,
        "median": 1,
        "min": 1,
        "skew": 0,
        "var": 0
    },
    "silence_rate_30dB": {
        "kurt": 0,
        "max": 1,
        "mean": 1,
        "median": 1,
        "min": 1,
        "skew": 0,
        "var": 0
    },
    "silence_rate_60dB": {
        "kurt": 3.73154258728,
        "max": 1,
        "mean": 0.883720934391,
        "median": 1,
        "min": 0,
        "skew": -2.39406585693,
        "var": 0.102758452296
    },
    "spectral_centroid": {
        "kurt": -0.826071739197,
        "max": 1655.15966797,
        "mean": 1152.52648926,
        "median": 1188.4519043,
        "min": 573.495605469,
        "skew": -0.344399571419,
        "var": 69903.578125
    },
    "spectral_complexity": {
        "kurt": 2.78855276108,
        "max": 22,
        "mean": 2.62790703773,
        "median": 0,
        "min": 0,
        "skew": 2.07265901566,
        "var": 33.3267250061
    },
    "spectral_crest": {
        "kurt": 3.11889076233,
        "max": 15.8650846481,
        "mean": 6.30880022049,
        "median": 6.30457830429,
        "min": 3.07270646095,
        "skew": 1.15330529213,
        "var": 4.58247947693
    },
    "spectral_decrease": {
        "kurt": 6.20294284821,
        "max": -6.97287448347e-18,
        "mean": -2.66251298786e-10,
        "median": -1.81094695446e-13,
        "min": -2.79790968172e-09,
        "skew": -2.72462964058,
        "var": 4.53849186689e-19
    },
    "spectral_energy": {
        "kurt": 6.1950712204,
        "max": 0.0119123235345,
        "mean": 0.00114345294423,
        "median": 7.29024463908e-07,
        "min": 2.88588233172e-11,
        "skew": 2.72360515594,
        "var": 8.36054459796e-06
    },
    "spectral_energyband_high": {
        "kurt": 9.25444030762,
        "max": 1.80394799827e-05,
        "mean": 1.3225856037e-06,
        "median": 1.41014737665e-08,
        "min": 1.10323935317e-12,
        "skew": 3.08866739273,
        "var": 1.19343979144e-11
    },
    "spectral_energyband_low": {
        "kurt": 0.938501358032,
        "max": 2.74600779449e-07,
        "mean": 8.60177991058e-08,
        "median": 7.33677083531e-08,
        "min": 3.75872466832e-12,
        "skew": 1.15769159794,
        "var": 3.35639939371e-15
    },
    "spectral_energyband_middle_high": {
        "kurt": 6.3229341507,
        "max": 0.0114781353623,
        "mean": 0.00109372136649,
        "median": 1.4393393144e-07,
        "min": 9.03743486297e-12,
        "skew": 2.74574828148,
        "var": 7.72337716626e-06
    },
    "spectral_energyband_middle_low": {
        "kurt": 9.07980918884,
        "max": 0.000825549475849,
        "mean": 6.37284902041e-05,
        "median": 3.48469683331e-07,
        "min": 1.55369085653e-11,
        "skew": 3.09432220459,
        "var": 2.79075962339e-08
    },
    "spectral_flatness_db": {
        "kurt": -1.23363614082,
        "max": 0.338926821947,
        "mean": 0.167983397841,
        "median": 0.120320215821,
        "min": 0.0715271085501,
        "skew": 0.657536327839,
        "var": 0.00849340483546
    },
    "spectral_flux": {
        "kurt": 1.58691120148,
        "max": 0.072205029428,
        "mean": 0.0113969212398,
        "median": 0.000540511508007,
        "min": 0.000245072384132,
        "skew": 1.75103271008,
        "var": 0.000404259801144
    },
    "spectral_kurtosis": {
        "kurt": -0.0293035507202,
        "max": 41.9203147888,
        "mean": 12.3198204041,
        "median": 6.30810213089,
        "min": 3.39172363281,
        "skew": 1.00317037106,
        "var": 92.0924987793
    },
    "spectral_rms": {
        "kurt": 2.96822977066,
        "max": 0.0034090729896,
        "mean": 0.000491692160722,
        "median": 2.66681308858e-05,
        "min": 1.67794368622e-07,
        "skew": 2.06618976593,
        "var": 8.73803003287e-07
    },
    "spectral_rolloff": {
        "kurt": -0.386723995209,
        "max": 3445.3125,
        "mean": 2195.63525391,
        "median": 2110.25390625,
        "min": 753.662109375,
        "skew": 0.0708875656128,
        "var": 349262.9375
    },
    "spectral_skewness": {
        "kurt": -1.00131845474,
        "max": 5.44546604156,
        "mean": 2.71633315086,
        "median": 2.1337518692,
        "min": 1.55863368511,
        "skew": 0.64389282465,
        "var": 1.04101800919
    },
    "spectral_spread": {
        "kurt": -0.0181195735931,
        "max": 12463664,
        "mean": 4604686,
        "median": 5481314.5,
        "min": 1453209.25,
        "skew": 0.22930495441,
        "var": 4.74715311309e+12
    },
    "spectral_strongpeak": {
        "kurt": 5.24747753143,
        "max": 1.86154699326,
        "mean": 0.198017448187,
        "median": 0.00236980128102,
        "min": 0,
        "skew": 2.45895886421,
        "var": 0.1727309376
    },
    "zerocrossingrate": {
        "kurt": 7.29115962982,
        "max": 0.08984375,
        "mean": 0.0670535042882,
        "median": 0.06640625,
        "min": 0.00390625,
        "skew": -1.54383254051,
        "var": 0.000143469456816
    },
    "barkbands": {
        "kurt": [1.04721021652, 2.26402378082, 3.39196252823, 2.97472000122, 8.95251846313, 39.3682518005, 17.722234726, 25.0691604614, 12.9934577942, 8.07891750336, 10.6527061462, 9.56747722626, 15.0323448181, 7.0287027359, 14.6688995361, 18.3487453461, 7.67314529419, 12.3754444122, 12.2705698013, 8.87059688568, 13.0188751221, 16.983959198, 19.0699977875, 11.5403203964, 13.2439670563, 7.97825813293, 12.8188800812],
        "max": [1.88904314413e-09, 1.00343811482e-07, 1.5022004618e-07, 2.27584479262e-07, 1.06426898583e-06, 5.14073653903e-05, 4.08268970205e-05, 6.75625778968e-05, 0.0005973863299, 0.00209468975663, 0.00378538947552, 0.00309902429581, 0.0011207741918, 0.00102214398794, 0.00290905847214, 0.00219808262773, 0.000168603699422, 2.4041359211e-05, 1.13258302008e-05, 6.25356415185e-06, 4.50959305454e-06, 6.94539176038e-06, 7.55127757657e-06, 1.1759109384e-06, 3.83496512768e-07, 1.17379768128e-08, 7.97234944727e-10],
        "mean": [4.79698669675e-10, 2.62154156161e-08, 3.455440023e-08, 4.70229792882e-08, 1.3471590421e-07, 1.67789335137e-06, 2.20616402657e-06, 3.10455334329e-06, 3.50276568497e-05, 0.000162364769494, 0.000254846992902, 0.000221739173867, 6.57153286738e-05, 8.5648141976e-05, 0.000166997720953, 0.000125974693219, 1.39646717798e-05, 1.51482106503e-06, 7.38348035156e-07, 5.13659983881e-07, 3.10442572982e-07, 3.91135358768e-07, 3.72301400375e-07, 7.86242964068e-08, 2.33414922945e-08, 9.45809430775e-10, 5.34838943966e-11],
        "median": [3.65496771737e-10, 2.1378717463e-08, 2.47616149807e-08, 2.65587694059e-08, 5.554546334e-08, 4.09379197208e-08, 3.11042214207e-08, 1.99496366093e-08, 2.69699818034e-08, 2.04875174603e-08, 1.57117661104e-08, 2.11843307341e-08, 1.26819648116e-08, 1.17425758006e-08, 1.11664260061e-08, 1.08071303018e-08, 1.55462913654e-08, 2.07194688073e-08, 2.09395292217e-08, 1.23949943642e-08, 6.32036112336e-09, 2.00074490309e-09, 4.69180527762e-10, 3.63720442653e-10, 2.45905462659e-10, 1.96741459929e-11, 7.33801420235e-13],
        "min": [7.78099047867e-13, 1.39639970594e-12, 1.23711663743e-12, 1.53973665415e-12, 4.90445097728e-12, 4.89075229967e-12, 2.81973272856e-12, 5.76414404489e-13, 4.45976263731e-13, 1.14034617252e-12, 3.25228667782e-13, 1.74671290886e-12, 2.08274912074e-12, 2.28608202247e-13, 2.22166130436e-13, 2.60165912251e-13, 4.98305823687e-13, 1.79662578217e-12, 5.32739488374e-13, 7.30314734469e-13, 4.85790281699e-13, 1.06871420893e-13, 2.96948914297e-14, 2.29816183038e-14, 4.60622784761e-14, 7.85441539418e-15, 5.44107876701e-15],
        "skew": [1.22475123405, 1.33734941483, 1.73520851135, 1.73452746868, 2.87470674515, 5.99355125427, 3.95889163017, 4.65339899063, 3.55602931976, 2.99053621292, 3.26461029053, 3.23680710793, 3.84549832344, 2.79130768776, 3.64270377159, 4.17691755295, 2.97328567505, 3.55009627342, 3.43396449089, 3.05174946785, 3.58878898621, 3.97333168983, 4.21525907516, 3.4257953167, 3.55670285225, 2.90438055992, 3.59791851044],
        "var": [1.82078634544e-19, 3.96840282684e-16, 9.35344708214e-16, 2.54336571369e-15, 4.01619960433e-14, 4.23959617413e-11, 3.91614310424e-11, 8.94336479873e-11, 1.03866266699e-08, 1.87460926782e-07, 4.91309947392e-07, 3.99982781119e-07, 3.63084637911e-08, 4.53142234846e-08, 2.16970818201e-07, 1.41075361171e-07, 1.4447608665e-09, 1.92213727573e-11, 3.89044265553e-12, 1.6251790495e-12, 7.25669524471e-13, 1.30213125438e-12, 1.3654284951e-12, 5.09051486944e-14, 4.17087154744e-15, 5.75285008158e-18, 2.34614513452e-20],
        "cov": [[1.84220735062e-19, 3.14077609304e-19, -8.55913403214e-19, 4.38662305739e-19, 1.30520249828e-17, 5.10359267698e-16, 5.12380129492e-16, 1.08994537351e-15, 1.20362068904e-14, 2.90669588008e-14, 2.56284370218e-14, 2.41427615611e-14, 1.00584603445e-14, 1.64338384752e-14, 2.30811751683e-14, 1.58309847978e-14, 1.95024253908e-15, 1.14043946918e-16, 7.39059870758e-17, 6.40115305211e-17, 7.84948575507e-18, 7.01341625965e-17, 6.04920424508e-17, 7.20055015681e-18, 4.4699020505e-18, 1.60430956022e-19, 8.69811594931e-21], [3.14077609304e-19, 4.0150899594e-16, 4.64270272744e-17, -4.89656181046e-17, 2.00100866468e-16, 6.48925027551e-15, 1.82076796267e-14, 8.03947091733e-15, 7.68252513472e-14, 1.14783594955e-12, 2.17554143103e-12, 7.42421464475e-14, 1.17674411339e-13, 2.81991091719e-13, 4.34234787884e-13, 1.24424223095e-12, 2.66178782303e-14, 3.01111064793e-15, 6.56687406886e-15, 2.96697281984e-15, 2.17122200007e-15, 1.44300704948e-16, -6.52508336906e-16, 1.70427568555e-16, 2.03199974733e-16, 7.70165948062e-18, 3.46264189215e-19], [-8.55913403214e-19, 4.64270272744e-17, 9.4634872499e-16, 8.04553609675e-16, 9.26113425518e-16, 1.16739317459e-14, 3.11875701588e-14, 1.4737699044e-14, 5.48689078114e-13, 2.49466116167e-12, 6.25570125215e-12, 5.05719988456e-12, 1.80442455682e-12, 1.28578582243e-12, 3.63146535412e-12, 1.12980396997e-14, 1.4661679531e-13, 1.36468281811e-14, 5.43220863799e-15, 5.20444952529e-15, 4.54003095223e-15, 8.97698815917e-15, 1.10228141312e-14, 1.76358982942e-15, 2.96859610554e-16, 1.05316288174e-17, 9.73577415507e-19], [4.38662305739e-19, -4.89656181046e-17, 8.04553609675e-16, 2.57328778782e-15, 6.79881794784e-16, -1.26350481727e-14, -1.54686020801e-14, -6.63548881978e-15, 1.198557719e-13, 8.92750717102e-13, 1.22655759247e-12, 1.1399658344e-12, -1.08873122377e-13, -2.945055224e-13, 8.53077238841e-14, 1.43979489789e-12, 2.04103583129e-14, 2.5900903804e-15, 1.94862449439e-15, 3.34560713518e-15, -3.06787921957e-15, 6.86457205674e-17, -2.47550842198e-15, -6.4741332785e-16, 2.81765854011e-16, -1.86768055853e-18, -2.72433356461e-19], [1.30520249828e-17, 2.00100866468e-16, 9.26113425518e-16, 6.79881794784e-16, 4.06344913501e-14, 6.99030026571e-13, 8.30251937079e-13, 9.59707031727e-13, 7.92543981831e-12, 4.55661584853e-11, 6.51817974595e-11, 6.25559604117e-11, 1.66356529246e-11, 2.16270230891e-11, 4.91961922588e-11, 2.73832623243e-11, 3.35781662891e-12, 4.05360261416e-13, 1.75010640745e-13, 1.1526058428e-13, 9.07378013872e-14, 1.25728624018e-13, 1.43889430535e-13, 2.66754696945e-14, 5.36485427209e-15, 2.84834627909e-16, 1.76556788297e-17], [5.10359267698e-16, 6.48925027551e-15, 1.16739317459e-14, -1.26350481727e-14, 6.99030026571e-13, 4.2894736374e-11, 2.28373066985e-11, 2.61288213288e-11, 2.34966351931e-10, 7.22553905597e-10, 8.52619364e-10, 1.06886377527e-09, 4.66169436386e-10, 4.59611182446e-10, 7.8023404404e-10, 3.2658592497e-10, 5.5308386343e-11, 6.04944653398e-12, 2.1486759854e-12, 1.77806066311e-12, 1.51186192471e-12, 2.24775580093e-12, 2.91436146049e-12, 5.07299063868e-13, 1.00591355991e-13, 5.90857912049e-15, 2.53793437961e-16], [5.12380129492e-16, 1.82076796267e-14, 3.11875701588e-14, -1.54686020801e-14, 8.30251937079e-13, 2.28373066985e-11, 3.9622152781e-11, 1.80560358332e-11, 2.97550123429e-10, 1.69557712315e-09, 2.2251893661e-09, 1.59133239919e-09, 4.44672659805e-10, 5.24681909031e-10, 1.55963730819e-09, 8.8489277017e-10, 1.0412524315e-10, 9.84725929271e-12, 6.04300984253e-12, 4.18525067034e-12, 3.7468079854e-12, 3.32214551008e-12, 3.06893854947e-12, 8.44704189408e-13, 1.82538486822e-13, 9.54224712619e-15, 3.97856113416e-16], [1.08994537351e-15, 8.03947091733e-15, 1.4737699044e-14, -6.63548881978e-15, 9.59707031727e-13, 2.61288213288e-11, 1.80560358332e-11, 9.04858063477e-11, 7.903093735e-10, 2.27581375967e-09, 3.33816663201e-09, 2.76387090992e-09, 1.24745880292e-09, 1.47399059625e-09, 2.46748443899e-09, 1.98484673142e-09, 1.83787124408e-10, 1.64991128399e-11, 9.89543603308e-12, 6.60664925545e-12, 2.6403009553e-12, 5.4645472175e-12, 5.61389563308e-12, 8.23702651226e-13, 4.19179800462e-13, 1.40421825033e-14, 6.8994057573e-16], [1.20362068904e-14, 7.68252513472e-14, 5.48689078114e-13, 1.198557719e-13, 7.92543981831e-12, 2.34966351931e-10, 2.97550123429e-10, 7.903093735e-10, 1.05088222568e-08, 3.59294638486e-08, 5.02712751427e-08, 4.79950266197e-08, 1.59828879021e-08, 1.90002431566e-08, 3.88772001259e-08, 2.66408246574e-08, 2.9893436615e-09, 2.71606348523e-10, 1.46449186111e-10, 1.05957770336e-10, 4.79881238913e-11, 8.79534015064e-11, 7.9229844907e-11, 1.41100481993e-11, 5.49153778007e-12, 1.96587930938e-13, 8.5347082117e-15], [2.90669588008e-14, 1.14783594955e-12, 2.49466116167e-12, 8.92750717102e-13, 4.55661584853e-11, 7.22553905597e-10, 1.69557712315e-09, 2.27581375967e-09, 3.59294638486e-08, 1.89666351957e-07, 2.65767454266e-07, 2.34908640095e-07, 5.42074154453e-08, 7.57218856506e-08, 1.71396365545e-07, 1.37109708476e-07, 1.47119303406e-08, 1.51120937986e-09, 7.65258856283e-10, 5.30007981947e-10, 2.7750096665e-10, 4.25478346999e-10, 3.7345401771e-10, 8.07756084242e-11, 2.51585557942e-11, 9.44928163493e-13, 5.0859659637e-14], [2.56284370218e-14, 2.17554143103e-12, 6.25570125215e-12, 1.22655759247e-12, 6.51817974595e-11, 8.52619364e-10, 2.2251893661e-09, 3.33816663201e-09, 5.02712751427e-08, 2.65767454266e-07, 4.97090070439e-07, 3.87974125715e-07, 1.0643611148e-07, 1.20326362207e-07, 2.67229040674e-07, 2.01763100449e-07, 2.17983409101e-08, 2.40171371679e-09, 1.22859755702e-09, 7.88043907907e-10, 4.70877947745e-10, 6.23066431782e-10, 5.97811466996e-10, 1.29455626774e-10, 4.08242779859e-11, 1.47429908993e-12, 8.90850910293e-14], [2.41427615611e-14, 7.42421464475e-14, 5.05719988456e-12, 1.1399658344e-12, 6.25559604117e-11, 1.06886377527e-09, 1.59133239919e-09, 2.76387090992e-09, 4.79950266197e-08, 2.34908640095e-07, 3.87974125715e-07, 4.04688449862e-07, 9.69622035996e-08, 1.17625226892e-07, 2.64245301196e-07, 1.67064200696e-07, 2.20376499271e-08, 2.42428654929e-09, 1.02753994202e-09, 7.20419113254e-10, 3.73062719605e-10, 6.73184175071e-10, 6.49092446459e-10, 1.23143800712e-10, 3.25083709951e-11, 1.23749112086e-12, 7.57160989722e-14], [1.00584603445e-14, 1.17674411339e-13, 1.80442455682e-12, -1.08873122377e-13, 1.66356529246e-11, 4.66169436386e-10, 4.44672659805e-10, 1.24745880292e-09, 1.59828879021e-08, 5.42074154453e-08, 1.0643611148e-07, 9.69622035996e-08, 3.67356207676e-08, 3.42807133791e-08, 7.40478398598e-08, 3.52919258262e-08, 4.75374450915e-09, 4.67723304531e-10, 2.38563807597e-10, 1.63741936676e-10, 9.59059220929e-11, 1.62798871606e-10, 1.77619988162e-10, 2.94231063125e-11, 9.01104624945e-12, 3.275562059e-13, 1.62391598107e-14], [1.64338384752e-14, 2.81991091719e-13, 1.28578582243e-12, -2.945055224e-13, 2.16270230891e-11, 4.59611182446e-10, 5.24681909031e-10, 1.47399059625e-09, 1.90002431566e-08, 7.57218856506e-08, 1.20326362207e-07, 1.17625226892e-07, 3.42807133791e-08, 4.58473330411e-08, 9.00506549328e-08, 5.35374056199e-08, 6.96022439683e-09, 6.62871035839e-10, 3.46133482987e-10, 2.28137744807e-10, 1.09625156175e-10, 2.2144716616e-10, 2.10932049605e-10, 3.7107705797e-11, 1.13734551291e-11, 4.20420859584e-13, 2.61718984429e-14], [2.30811751683e-14, 4.34234787884e-13, 3.63146535412e-12, 8.53077238841e-14, 4.91961922588e-11, 7.8023404404e-10, 1.55963730819e-09, 2.46748443899e-09, 3.88772001259e-08, 1.71396365545e-07, 2.67229040674e-07, 2.64245301196e-07, 7.40478398598e-08, 9.00506549328e-08, 2.19523414557e-07, 1.06485515516e-07, 1.43670124686e-08, 1.29228350243e-09, 7.38966887681e-10, 5.02994979001e-10, 2.61140303826e-10, 5.00854135943e-10, 4.63183158494e-10, 8.39403338504e-11, 2.39690142734e-11, 8.78509938407e-13, 4.9102337322e-14], [1.58309847978e-14, 1.24424223095e-12, 1.12980396997e-14, 1.43979489789e-12, 2.73832623243e-11, 3.2658592497e-10, 8.8489277017e-10, 1.98484673142e-09, 2.66408246574e-08, 1.37109708476e-07, 2.01763100449e-07, 1.67064200696e-07, 3.52919258262e-08, 5.35374056199e-08, 1.06485515516e-07, 1.42735075315e-07, 1.15195062378e-08, 1.35508837484e-09, 6.66892652212e-10, 4.41830738662e-10, 1.96532720653e-10, 2.40296393894e-10, 1.71166747442e-10, 4.41463081369e-11, 2.19459866946e-11, 7.60982314489e-13, 3.62408230324e-14], [1.95024253908e-15, 2.66178782303e-14, 1.4661679531e-13, 2.04103583129e-14, 3.35781662891e-12, 5.5308386343e-11, 1.0412524315e-10, 1.83787124408e-10, 2.9893436615e-09, 1.47119303406e-08, 2.17983409101e-08, 2.20376499271e-08, 4.75374450915e-09, 6.96022439683e-09, 1.43670124686e-08, 1.15195062378e-08, 1.46175815896e-09, 1.56303900378e-10, 6.93710991428e-11, 4.60211417586e-11, 2.5394641251e-11, 3.75901566818e-11, 3.26719554189e-11, 7.44667782299e-12, 1.98937806332e-12, 8.1325666145e-14, 4.64241182456e-15], [1.14043946918e-16, 3.01111064793e-15, 1.36468281811e-14, 2.5900903804e-15, 4.05360261416e-13, 6.04944653398e-12, 9.84725929271e-12, 1.64991128399e-11, 2.71606348523e-10, 1.51120937986e-09, 2.40171371679e-09, 2.42428654929e-09, 4.67723304531e-10, 6.62871035839e-10, 1.29228350243e-09, 1.35508837484e-09, 1.56303900378e-10, 1.94475061055e-11, 7.34290059312e-12, 4.90312304646e-12, 2.89002459117e-12, 3.5690250668e-12, 3.25855293269e-12, 7.83409470108e-13, 2.04288571736e-13, 8.95026172859e-15, 5.17182912182e-16], [7.39059870758e-17, 6.56687406886e-15, 5.43220863799e-15, 1.94862449439e-15, 1.75010640745e-13, 2.1486759854e-12, 6.04300984253e-12, 9.89543603308e-12, 1.46449186111e-10, 7.65258856283e-10, 1.22859755702e-09, 1.02753994202e-09, 2.38563807597e-10, 3.46133482987e-10, 7.38966887681e-10, 6.66892652212e-10, 6.93710991428e-11, 7.34290059312e-12, 3.93621246708e-12, 2.42230931494e-12, 1.3472965148e-12, 1.71376292064e-12, 1.37344649542e-12, 3.40994864723e-13, 1.16123568552e-13, 4.43727442078e-15, 2.42226356033e-16], [6.40115305211e-17, 2.96697281984e-15, 5.20444952529e-15, 3.34560713518e-15, 1.1526058428e-13, 1.77806066311e-12, 4.18525067034e-12, 6.60664925545e-12, 1.05957770336e-10, 5.30007981947e-10, 7.88043907907e-10, 7.20419113254e-10, 1.63741936676e-10, 2.28137744807e-10, 5.02994979001e-10, 4.41830738662e-10, 4.60211417586e-11, 4.90312304646e-12, 2.42230931494e-12, 1.64429873797e-12, 8.23930062632e-13, 1.19132178081e-12, 9.74752613694e-13, 2.21490984191e-13, 7.69401767775e-14, 2.81336424189e-15, 1.45536049562e-16], [7.84948575507e-18, 2.17122200007e-15, 4.54003095223e-15, -3.06787921957e-15, 9.07378013872e-14, 1.51186192471e-12, 3.7468079854e-12, 2.6403009553e-12, 4.79881238913e-11, 2.7750096665e-10, 4.70877947745e-10, 3.73062719605e-10, 9.59059220929e-11, 1.09625156175e-10, 2.61140303826e-10, 1.96532720653e-10, 2.5394641251e-11, 2.89002459117e-12, 1.3472965148e-12, 8.23930062632e-13, 7.34206803427e-13, 5.98178678899e-13, 5.65893848708e-13, 1.65060239782e-13, 3.38059624511e-14, 1.79302962418e-15, 8.56433888003e-17], [7.01341625965e-17, 1.44300704948e-16, 8.97698815917e-15, 6.86457205674e-17, 1.25728624018e-13, 2.24775580093e-12, 3.32214551008e-12, 5.4645472175e-12, 8.79534015064e-11, 4.25478346999e-10, 6.23066431782e-10, 6.73184175071e-10, 1.62798871606e-10, 2.2144716616e-10, 5.00854135943e-10, 2.40296393894e-10, 3.75901566818e-11, 3.5690250668e-12, 1.71376292064e-12, 1.19132178081e-12, 5.98178678899e-13, 1.31745038056e-12, 1.26731199319e-12, 2.28805201782e-13, 5.36780431844e-14, 2.07652816349e-15, 1.39142314004e-16], [6.04920424508e-17, -6.52508336906e-16, 1.10228141312e-14, -2.47550842198e-15, 1.43889430535e-13, 2.91436146049e-12, 3.06893854947e-12, 5.61389563308e-12, 7.9229844907e-11, 3.7345401771e-10, 5.97811466996e-10, 6.49092446459e-10, 1.77619988162e-10, 2.10932049605e-10, 4.63183158494e-10, 1.71166747442e-10, 3.26719554189e-11, 3.25855293269e-12, 1.37344649542e-12, 9.74752613694e-13, 5.65893848708e-13, 1.26731199319e-12, 1.38149235974e-12, 2.33081783041e-13, 4.48986652707e-14, 1.87460228513e-15, 1.36101876005e-16], [7.20055015681e-18, 1.70427568555e-16, 1.76358982942e-15, -6.4741332785e-16, 2.66754696945e-14, 5.07299063868e-13, 8.44704189408e-13, 8.23702651226e-13, 1.41100481993e-11, 8.07756084242e-11, 1.29455626774e-10, 1.23143800712e-10, 2.94231063125e-11, 3.7107705797e-11, 8.39403338504e-11, 4.41463081369e-11, 7.44667782299e-12, 7.83409470108e-13, 3.40994864723e-13, 2.21490984191e-13, 1.65060239782e-13, 2.28805201782e-13, 2.33081783041e-13, 5.15040314813e-14, 9.25474296807e-15, 4.43061097141e-16, 2.83721725878e-17], [4.4699020505e-18, 2.03199974733e-16, 2.96859610554e-16, 2.81765854011e-16, 5.36485427209e-15, 1.00591355991e-13, 1.82538486822e-13, 4.19179800462e-13, 5.49153778007e-12, 2.51585557942e-11, 4.08242779859e-11, 3.25083709951e-11, 9.01104624945e-12, 1.13734551291e-11, 2.39690142734e-11, 2.19459866946e-11, 1.98937806332e-12, 2.04288571736e-13, 1.16123568552e-13, 7.69401767775e-14, 3.38059624511e-14, 5.36780431844e-14, 4.48986652707e-14, 9.25474296807e-15, 4.21994058959e-15, 1.34874644378e-16, 7.11096980519e-18], [1.60430956022e-19, 7.70165948062e-18, 1.05316288174e-17, -1.86768055853e-18, 2.84834627909e-16, 5.90857912049e-15, 9.54224712619e-15, 1.40421825033e-14, 1.96587930938e-13, 9.44928163493e-13, 1.47429908993e-12, 1.23749112086e-12, 3.275562059e-13, 4.20420859584e-13, 8.78509938407e-13, 7.60982314489e-13, 8.1325666145e-14, 8.95026172859e-15, 4.43727442078e-15, 2.81336424189e-15, 1.79302962418e-15, 2.07652816349e-15, 1.87460228513e-15, 4.43061097141e-16, 1.34874644378e-16, 5.82053082648e-18, 2.88657134158e-19], [8.69811594931e-21, 3.46264189215e-19, 9.73577415507e-19, -2.72433356461e-19, 1.76556788297e-17, 2.53793437961e-16, 3.97856113416e-16, 6.8994057573e-16, 8.5347082117e-15, 5.0859659637e-14, 8.90850910293e-14, 7.57160989722e-14, 1.62391598107e-14, 2.61718984429e-14, 4.9102337322e-14, 3.62408230324e-14, 4.64241182456e-15, 5.17182912182e-16, 2.42226356033e-16, 1.45536049562e-16, 8.56433888003e-17, 1.39142314004e-16, 1.36101876005e-16, 2.83721725878e-17, 7.11096980519e-18, 2.88657134158e-19, 2.37374679447e-20]]
    },
    "mfcc": {
        "kurt": [-0.228795051575, -1.07233405113, -0.961215496063, -1.45193362236, -0.0562314987183, -0.412489175797, 1.76967144012, 0.816875219345, 0.552099466324, 1.77803373337, -0.670984983444, -0.719910860062, -0.623715877533],
        "max": [-767.430236816, 135.874237061, 33.9377784729, 22.1370277405, 20.8100891113, 33.282913208, 15.0951271057, 19.2291679382, 31.9762382507, 19.6831378937, 5.71133804321, 9.48978614807, 16.4405555725],
        "mean": [-1030.81152344, 57.2203788757, -27.5532226562, -23.1800289154, -1.59330356121, 5.77011156082, -4.48811292648, 0.882972478867, 2.14828777313, -1.40935873985, -8.68274593353, -6.00891542435, 1.43902754784],
        "median": [-1101.85595703, 44.0838890076, 15.1120910645, 7.27956008911, 2.81643676758, 3.18132019043, -1.36224746704, -0.113262176514, -0.161083221436, -2.06903839111, -6.47464370728, -5.37530136108, 0.635166168213],
        "min": [-1138.42004395, 1.14440917969e-05, -163.390197754, -101.831611633, -36.8725891113, -13.8452682495, -42.2719345093, -29.178527832, -16.140455246, -27.3729019165, -30.1074581146, -21.3625335693, -9.25831222534],
        "skew": [1.12201058865, 0.554742515087, -0.80421346426, -0.544442951679, -0.982015788555, 0.543900728226, -1.30052185059, -0.0474814176559, 1.06004881859, -0.21000008285, -0.611671566963, -0.178615376353, 0.509832322598],
        "var": [13813.4462891, 1190.46875, 4088.08569336, 1859.67895508, 228.628204346, 101.044090271, 135.682723999, 73.5350036621, 96.7571182251, 56.8280334473, 80.286605835, 46.8470726013, 40.539642334],
        "cov": [[13975.9570312, 3640.3046875, -7278.77929688, -4734.28759766, -1449.43615723, 393.624847412, -875.555236816, 402.702423096, 398.808319092, 169.339874268, -733.35760498, -403.525604248, 482.945068359], [3640.3046875, 1204.47424316, -1947.27282715, -1394.7401123, -353.12411499, 139.496673584, -199.183456421, 64.4905166626, 134.574935913, 61.1661071777, -214.346160889, -137.681564331, 137.24571228], [-7278.77929688, -1947.27282715, 4136.18066406, 2688.6262207, 656.551635742, -302.509735107, 338.526062012, -289.642425537, -344.060455322, -128.567764282, 404.868530273, 242.691452026, -273.61416626], [-4734.28759766, -1394.7401123, 2688.6262207, 1881.55749512, 442.211029053, -229.247772217, 216.816497803, -161.875305176, -216.867782593, -104.934745789, 270.383422852, 176.797836304, -182.912994385], [-1449.43615723, -353.12411499, 656.551635742, 442.211029053, 231.317947388, 22.2988243103, 146.509140015, -0.107806608081, 14.8811092377, -13.6346797943, 46.0924797058, 20.6750049591, -45.8242835999], [393.624847412, 139.496673584, -302.509735107, -229.247772217, 22.2988243103, 102.232849121, 35.4036560059, 50.387550354, 57.4857254028, 22.2359600067, -45.1007156372, -36.7797660828, 18.7048721313], [-875.555236816, -199.183456421, 338.526062012, 216.816497803, 146.509140015, 35.4036560059, 137.278991699, 27.4136695862, 39.7772789001, 1.64423823357, 35.2731285095, 14.6431093216, -29.5331306458], [402.702423096, 64.4905166626, -289.642425537, -161.875305176, -0.107806608081, 50.387550354, 27.4136695862, 74.4001235962, 58.0476837158, 9.36278533936, -29.974281311, -15.8410987854, 10.0729646683], [398.808319092, 134.574935913, -344.060455322, -216.867782593, 14.8811092377, 57.4857254028, 39.7772789001, 58.0476837158, 97.8954391479, 36.2891044617, -28.0828304291, -30.4588298798, 22.3590106964], [169.339874268, 61.1661071777, -128.567764282, -104.934745789, -13.6346797943, 22.2359600067, 1.64423823357, 9.36278533936, 36.2891044617, 57.4966011047, 18.1046657562, -18.1971817017, 13.5724277496], [-733.35760498, -214.346160889, 404.868530273, 270.383422852, 46.0924797058, -45.1007156372, 35.2731285095, -29.974281311, -28.0828304291, 18.1046657562, 81.2311553955, 34.8339042664, -22.8791923523], [-403.525604248, -137.681564331, 242.691452026, 176.797836304, 20.6750049591, -36.7797660828, 14.6431093216, -15.8410987854, -30.4588298798, -18.1971817017, 34.8339042664, 47.3982162476, -9.17368412018], [482.945068359, 137.24571228, -273.61416626, -182.912994385, -45.8242835999, 18.7048721313, -29.5331306458, 10.0729646683, 22.3590106964, 13.5724277496, -22.8791923523, -9.17368412018, 41.0165786743]]
    },
    "sccoeffs": {
        "kurt": [1.69343948364, 1.11423158646, 0.269142866135, -0.513361692429, 0.0548024177551, 1.01686477661],
        "max": [-0.67075586319, -0.669513642788, -0.668908894062, -0.733530163765, -0.683278262615, -0.773157715797],
        "mean": [-0.831931293011, -0.859939932823, -0.857989132404, -0.858364343643, -0.849000096321, -0.85879099369],
        "median": [-0.833248734474, -0.877738833427, -0.878941655159, -0.884020149708, -0.880972743034, -0.869569242001],
        "min": [-0.971313714981, -0.935284495354, -0.955830395222, -0.924891829491, -0.934830844402, -0.912733674049],
        "skew": [0.392114341259, 1.18991363049, 1.0412184, 0.870223224163, 1.19524168968, 1.25671875477],
        "var": [0.00211803731509, 0.00265246699564, 0.00358962081373, 0.00297220982611, 0.0046516880393, 0.000785349402577],
        "cov": [[0.00214295554906, 0.000834745413158, 0.00114548183046, 0.00113850971684, 0.00123794272076, 0.000560427259188], [0.000834745413158, 0.00268367258832, 0.00223209429532, 0.00208117789589, 0.00252130650915, 0.00105493993033], [0.00114548183046, 0.00223209429532, 0.00363185163587, 0.00281207868829, 0.00360322464257, 0.001431877492], [0.00113850971684, 0.00208117789589, 0.00281207868829, 0.00300717703067, 0.00334452698007, 0.00131970876828], [0.00123794272076, 0.00252130650915, 0.00360322464257, 0.00334452698007, 0.00470641348511, 0.00154414505232], [0.000560427259188, 0.00105493993033, 0.001431877492, 0.00131970876828, 0.00154414505232, 0.000794588821009]]
    },
    "scvalleys": {
        "kurt": [19.5741882324, 3.34714603424, -0.601880311966, -0.684611082077, 3.78349065781, 2.04552602768],
        "max": [-9.62200927734, -7.06838178635, -4.8020195961, -5.51449966431, -8.51700115204, -10.1059103012],
        "mean": [-10.5122947693, -9.84444332123, -9.41811943054, -9.88580703735, -11.0537843704, -13.070224762],
        "median": [-10.4752922058, -10.1898403168, -10.6625175476, -11.2943305969, -11.5132465363, -13.6960439682],
        "min": [-14.2333431244, -15.4380235672, -15.3537158966, -16.1786766052, -16.2575149536, -18.2699127197],
        "skew": [-3.28304052353, -0.00885700620711, 0.546031534672, 0.492000073195, -0.149541124701, 0.368898391724],
        "var": [0.318679273129, 1.64049017429, 5.05450248718, 5.46591234207, 1.33019351959, 1.75770902634],
        "cov": [[0.322428435087, 0.351809620857, 0.39152893424, 0.393981426954, 0.297907561064, 0.314430177212], [0.351809620857, 1.65979003906, 2.53325796127, 2.58044052124, 1.37260222435, 1.60741055012], [0.39152893424, 2.53325796127, 5.11396694183, 5.25646305084, 2.47229552269, 2.87066793442], [0.393981426954, 2.58044052124, 5.25646305084, 5.53021717072, 2.55549144745, 2.95733737946], [0.297907561064, 1.37260222435, 2.47229552269, 2.55549144745, 1.34584283829, 1.5256652832], [0.314430177212, 1.60741055012, 2.87066793442, 2.95733737946, 1.5256652832, 1.77838802338]]
    }
},
"rhythm": {
    "beats_loudness": {
        "kurt": -1.67914497852,
        "max": 0.0105625810102,
        "mean": 0.00434156693518,
        "median": 0.00340167898685,
        "min": 3.27500998765e-07,
        "skew": 0.245905697346,
        "var": 2.06123295357e-05
    },
    "bpm": 138.449615479,
    "confidence": 0,
    "first_peak_bpm": {
        "kurt": 0,
        "max": 140,
        "mean": 140,
        "median": 140,
        "min": 140,
        "skew": 0,
        "var": 0
    },
    "first_peak_spread": {
        "kurt": 0,
        "max": 0.333333313465,
        "mean": 0.333333313465,
        "median": 0.333333313465,
        "min": 0.333333313465,
        "skew": 0,
        "var": 0
    },
    "first_peak_weight": {
        "kurt": 0,
        "max": 0.666666686535,
        "mean": 0.666666686535,
        "median": 0.666666686535,
        "min": 0.666666686535,
        "skew": 0,
        "var": 0
    },
    "onset_rate": 1.02361750603,
    "second_peak_bpm": {
        "kurt": 0,
        "max": 0,
        "mean": 0,
        "median": 0,
        "min": 0,
        "skew": 0,
        "var": 0
    },
    "second_peak_spread": {
        "kurt": 0,
        "max": 0,
        "mean": 0,
        "median": 0,
        "min": 0,
        "skew": 0,
        "var": 0
    },
    "second_peak_weight": {
        "kurt": 0,
        "max": 0,
        "mean": 0,
        "median": 0,
        "min": 0,
        "skew": 0,
        "var": 0
    },
    "beats_loudness_band_ratio": {
        "kurt": [-1.37822687626, -0.925951957703, -0.983685016632, -1.95761156082, -1.65901184082, -1.37805604935],
        "max": [0.578298330307, 0.365724027157, 0.117576152086, 0.63344591856, 0.35757124424, 0.113653108478],
        "mean": [0.217270791531, 0.119747601449, 0.0854426473379, 0.351530998945, 0.205141544342, 0.0437613837421],
        "median": [0.145383059978, 0.0565683804452, 0.082620203495, 0.359799355268, 0.191012218595, 0.0299369990826],
        "min": [1.86838278751e-05, 0.000129609485157, 0.0589540265501, 0.053079366684, 0.0809704586864, 0.00151842401829],
        "skew": [0.488140374422, 0.885244727135, 0.392587065697, -0.0183396711946, 0.199029445648, 0.488241910934],
        "var": [0.0575338155031, 0.0220812894404, 0.000439665862359, 0.070449590683, 0.0126478234306, 0.00215607043356],
        "cov": [[0.0767117515206, 0.0217938497663, -0.00101540528703, -0.0797743871808, -0.0326652489603, 0.0148501219228], [0.0217938497663, 0.0294417198747, -0.000228634220548, -0.0384564623237, -0.0154110053554, 0.00421811407432], [-0.00101540528703, -0.000228634220548, 0.000586221169215, 0.00139099324588, -0.000458614755189, -0.000200247624889], [-0.0797743871808, -0.0384564623237, 0.00139099324588, 0.0939327850938, 0.0375594645739, -0.0154448570684], [-0.0326652489603, -0.0154110053554, -0.000458614755189, 0.0375594645739, 0.016863765195, -0.00631761038676], [0.0148501219228, 0.00421811407432, -0.000200247624889, -0.0154448570684, -0.00631761038676, 0.00287476065569]]
    },
    "beats_position": [0.371519267559, 0.812698423862, 1.24226760864, 1.67183673382],
    "bpm_estimates": [135.999176025, 139.674819946, 139.674835205],
    "bpm_intervals": [0.441179156303, 0.42956918478, 0.429569125175],
    "onset_times": [0.31346938014, 0.719818592072],
    "histogram": [[0, 0, 0, 0, 0, 0, 0, 0, 0, 0, 0, 0, 0, 0, 0, 0, 0, 0, 0, 0, 0, 0, 0, 0, 0, 0, 0, 0, 0, 0, 0, 0, 0, 0, 0, 0, 0, 0, 0, 0, 0, 0, 0, 0, 0, 0, 0, 0, 0, 0, 0, 0, 0, 0, 0, 0, 0, 0, 0, 0, 0, 0, 0, 0, 0, 0, 0, 0, 0, 0, 0, 0, 0, 0, 0, 0, 0, 0, 0, 0, 0, 0, 0, 0, 0, 0, 0, 0, 0, 0, 0, 0, 0, 0, 0, 0, 0, 0, 0, 0, 0, 0, 0, 0, 0, 0, 0, 0, 0, 0, 0, 0, 0, 0, 0, 0, 0, 0, 0, 0, 0, 0, 0, 0, 0, 0, 0, 0, 0, 0, 0, 0, 0, 0, 0, 0, 0.333333343267, 0, 0, 0, 0.666666686535, 0, 0, 0, 0, 0, 0, 0, 0, 0, 0, 0, 0, 0, 0, 0, 0, 0, 0, 0, 0, 0, 0, 0, 0, 0, 0, 0, 0, 0, 0, 0, 0, 0, 0, 0, 0, 0, 0, 0, 0, 0, 0, 0, 0, 0, 0, 0, 0, 0, 0, 0, 0, 0, 0, 0, 0, 0, 0, 0, 0, 0, 0, 0, 0, 0, 0, 0, 0, 0, 0, 0, 0, 0, 0, 0, 0, 0, 0, 0, 0, 0, 0, 0, 0, 0, 0, 0, 0, 0, 0, 0, 0, 0, 0, 0, 0, 0, 0, 0, 0, 0, 0, 0, 0, 0, 0, 0, 0, 0]]
},
"sfx": {
    "inharmonicity": {
        "kurt": -0.320969343185,
        "max": 0.287682056427,
        "mean": 0.091192536056,
        "median": 0.0761272385716,
        "min": 0,
        "skew": 0.809760332108,
        "var": 0.00624216999859
    },
    "oddtoevenharmonicenergyratio": {
        "kurt": 14.8208808899,
        "max": 6.99859285355,
        "mean": 0.963757634163,
        "median": 0.71273547411,
        "min": 0,
        "skew": 3.4689822197,
        "var": 1.10740172863
    },
    "pitch_after_max_to_before_max_energy_ratio": 0.427422374487,
    "pitch_centroid": 42.7841796875,
    "pitch_max_to_total": 0.848837196827,
    "pitch_min_to_total": 0.697674393654,
    "tristimulus": {
        "kurt": [0.567326068878, 0.588246822357, -1.43725275993],
        "max": [1, 0.937980949879, 0.971169948578],
        "mean": [0.308525651693, 0.386360794306, 0.30511367321],
        "median": [0.245674937963, 0.344015717506, 0.393900454044],
        "min": [0, 0, 0],
        "skew": [0.941971123219, 0.535950541496, 0.131069198251],
        "var": [0.0607577264309, 0.0372341237962, 0.076313726604],
        "cov": [[0.0614725239575, -0.0109665784985, -0.0505059249699], [-0.0109665784985, 0.0376721732318, -0.026705596596], [-0.0505059249699, -0.026705596596, 0.0772115290165]]
    }
},
"tonal": {
    "chords_changes_rate": 0.0454545468092,
    "chords_number_rate": 0.0681818202138,
    "chords_strength": {
        "kurt": -1.26502633095,
        "max": 0.566247522831,
        "mean": 0.397153645754,
        "median": 0.408964395523,
        "min": 0.234784945846,
        "skew": 0.0223062839359,
        "var": 0.00959111284465
    },
    "key_strength": 0.251353114843,
    "tuning_diatonic_strength": 0.384439617395,
    "tuning_equal_tempered_deviation": 0.25187471509,
    "tuning_frequency": 434.444000244,
    "tuning_nontempered_energy_ratio": 0.890928924084,
    "hpcp": {
        "kurt": [0.668090820312, 0.762849569321, -0.642483234406, -0.837001562119, -0.684115886688, -1.00813007355, -0.697033166885, -0.469857215881, -0.00513887405396, 0.35969543457, -0.381791114807, -0.114017963409, -0.177902698517, 1.32841825485, 3.92003154755, 1.83765506744, 1.13866996765, 1.14478111267, 0.394553422928, 0.29515838623, 3.2558298111, 2.41688013077, 2.52144575119, 1.67196941376, 2.73823213577, 2.39300537109, 4.27809476852, 2.67440080643, 3.58721399307, 1.58127498627, 1.24603652954, 2.04686069489, 1.50227975845, 1.67277479172, 0.79643368721, -0.710555791855],
        "max": [1, 1, 1, 1, 1, 1, 1, 0.89525282383, 0.866593837738, 1, 1, 1, 0.969106554985, 1, 0.920650482178, 0.693690478802, 0.977367520332, 1, 0.824400961399, 0.617532968521, 0.597301900387, 0.852409541607, 1, 0.979666352272, 1, 1, 1, 0.831541836262, 0.957049906254, 1, 0.92187333107, 1, 1, 1, 1, 1],
        "mean": [0.329572677612, 0.312626242638, 0.378104805946, 0.39079990983, 0.4036436975, 0.444403171539, 0.407404720783, 0.33254095912, 0.302943021059, 0.324665248394, 0.345486015081, 0.350025296211, 0.340218663216, 0.315697997808, 0.265670955181, 0.240635633469, 0.278802871704, 0.299834221601, 0.275363475084, 0.200376927853, 0.153012216091, 0.194023475051, 0.2144485116, 0.233086451888, 0.243491455913, 0.232769623399, 0.234345629811, 0.238288864493, 0.269726723433, 0.301299124956, 0.277854114771, 0.268550813198, 0.295793384314, 0.291919082403, 0.289964169264, 0.334303885698],
        "median": [0.225800842047, 0.247514888644, 0.255740255117, 0.303413897753, 0.343874424696, 0.429735958576, 0.353582561016, 0.31056958437, 0.260728687048, 0.256246358156, 0.239419549704, 0.277453035116, 0.256767660379, 0.227009311318, 0.222627162933, 0.196382254362, 0.202772885561, 0.189154192805, 0.227218925953, 0.152283668518, 0.112381070852, 0.100752934813, 0.116184592247, 0.131370738149, 0.161459803581, 0.150611668825, 0.167156994343, 0.216012090445, 0.218191236258, 0.220261365175, 0.213924661279, 0.182850271463, 0.211161732674, 0.189076080918, 0.218873053789, 0.207364976406],
        "min": [0, 0, 0, 0, 0, 0, 0, 0, 0, 0, 0, 0, 0, 0, 0, 0, 0, 0, 0, 0, 0, 0, 0, 0, 0, 0, 0, 0, 0, 0, 0, 0, 0, 0, 0, 0],
