{
"metadata": {
    "version": {
        "essentia": "2.1-beta3"
    }
},
"lowLevel": {
    "average_loudness": 0.736266672611,
    "barkbands_kurtosis": {
        "kurt": 356.98449707,
        "max": 1174.29187012,
        "mean": 10.3707447052,
        "median": 2.66423249245,
        "min": -1.86170291901,
        "skew": 17.9614772797,
        "var": 3193.12304688
    },
    "barkbands_skewness": {
        "kurt": 78.9210281372,
        "max": 12.2246580124,
        "mean": 1.24728417397,
        "median": 1.19729113579,
        "min": -32.3650283813,
        "skew": -5.7064242363,
        "var": 5.74243927002
    },
    "barkbands_spread": {
        "kurt": 0.82612156868,
        "max": 52.5686073303,
        "mean": 10.7948675156,
        "median": 7.5525598526,
        "min": 0.133862927556,
        "skew": 1.17916417122,
        "var": 91.646736145
    },
    "dissonance": {
        "kurt": 1.56361055374,
        "max": 0.499999940395,
        "mean": 0.445395678282,
        "median": 0.466870188713,
        "min": 0.162903264165,
        "skew": -1.30772781372,
        "var": 0.00305243046023
    },
    "hfc": {
        "kurt": 91.0235366821,
        "max": 11.44551754,
        "mean": 0.197816506028,
        "median": 0.000150373438373,
        "min": 6.26407459237e-09,
        "skew": 8.2484331131,
        "var": 0.649661958218
    },
    "pitch": {
        "kurt": 10.1160745621,
        "max": 4418.31152344,
        "mean": 675.374450684,
        "median": 509.409301758,
        "min": 81.7291107178,
        "skew": 3.24572062492,
        "var": 686558.125
    },
    "pitch_instantaneous_confidence": {
        "kurt": -1.35250711441,
        "max": 0.998571097851,
        "mean": 0.55327630043,
        "median": 0.539956271648,
        "min": 0.122778475285,
        "skew": 0.086463868618,
        "var": 0.0557884015143
    },
    "pitch_salience": {
        "kurt": -0.217054128647,
        "max": 0.853590607643,
        "mean": 0.590746819973,
        "median": 0.611634910107,
        "min": 0.0889437869191,
        "skew": -0.686342060566,
        "var": 0.0243151243776
    },
    "silence_rate_20dB": {
        "kurt": 0,
        "max": 1,
        "mean": 1,
        "median": 1,
        "min": 1,
        "skew": 0,
        "var": 0
    },
    "silence_rate_30dB": {
        "kurt": 0,
        "max": 1,
        "mean": 1,
        "median": 1,
        "min": 1,
        "skew": 0,
        "var": 0
    },
    "silence_rate_60dB": {
        "kurt": 41.0214958191,
        "max": 1,
        "mean": 0.978260874748,
        "median": 1,
        "min": 0,
        "skew": -6.55903959274,
        "var": 0.0212666224688
    },
    "spectral_centroid": {
        "kurt": 3.00469207764,
        "max": 4180.63378906,
        "mean": 1134.16369629,
        "median": 852.711120605,
        "min": 359.222137451,
        "skew": 1.88107216358,
        "var": 552634.125
    },
    "spectral_complexity": {
        "kurt": 10.093993187,
        "max": 7,
        "mean": 0.415019750595,
        "median": 0,
        "min": 0,
        "skew": 3.1431210041,
        "var": 1.27044689655
    },
    "spectral_crest": {
        "kurt": -0.780426740646,
        "max": 26.9310188293,
        "mean": 12.1187047958,
        "median": 10.8094711304,
        "min": 2.91187310219,
        "skew": 0.490131944418,
        "var": 35.7178840637
    },
    "spectral_decrease": {
        "kurt": 117.685623169,
        "max": -2.59064551289e-18,
        "mean": -7.42357494921e-11,
        "median": -3.81711060871e-14,
        "min": -5.10555109301e-09,
        "skew": -9.54305362701,
        "var": 1.12669948118e-19
    },
    "spectral_energy": {
        "kurt": 116.267158508,
        "max": 0.0203076712787,
        "mean": 0.000298125029076,
        "median": 1.57942835699e-07,
        "min": 1.0345939383e-11,
        "skew": 9.47577571869,
        "var": 1.79391361144e-06
    },
    "spectral_energyband_high": {
        "kurt": 216.927490234,
        "max": 1.61162261065e-05,
        "mean": 1.65591373502e-07,
        "median": 1.26719734705e-09,
        "min": 1.93925736878e-14,
        "skew": 13.2308158875,
        "var": 7.81700550644e-13
    },
    "spectral_energyband_low": {
        "kurt": 68.5654678345,
        "max": 2.48039071948e-07,
        "mean": 5.48631762243e-09,
        "median": 1.66663016721e-10,
        "min": 7.75836751614e-13,
        "skew": 7.30739021301,
        "var": 3.6672820847e-16
    },
    "spectral_energyband_middle_high": {
        "kurt": 25.6224594116,
        "max": 0.00134456704836,
        "mean": 4.77780886285e-05,
        "median": 4.65996805588e-08,
        "min": 4.2941965088e-12,
        "skew": 4.68880987167,
        "var": 2.55142502681e-08
    },
    "spectral_energyband_middle_low": {
        "kurt": 138.733413696,
        "max": 0.0200250092894,
        "mean": 0.000251666060649,
        "median": 7.39879197909e-08,
        "min": 5.56709019162e-12,
        "skew": 10.494966507,
        "var": 1.58698912855e-06
    },
    "spectral_flatness_db": {
        "kurt": -0.922233581543,
        "max": 0.624027371407,
        "mean": 0.244438499212,
        "median": 0.234692752361,
        "min": 0.0712649822235,
        "skew": 0.321273058653,
        "var": 0.0113238189369
    },
    "spectral_flux": {
        "kurt": 10.4168844223,
        "max": 0.0748940631747,
        "mean": 0.00480086030439,
        "median": 0.000321244820952,
        "min": 1.15808607006e-05,
        "skew": 3.04880642891,
        "var": 0.000116396629892
    },
    "spectral_kurtosis": {
        "kurt": 3.65372991562,
        "max": 104.951835632,
        "mean": 17.4646873474,
        "median": 9.42498970032,
        "min": 0.480897426605,
        "skew": 1.89940464497,
        "var": 359.475463867
    },
    "spectral_rms": {
        "kurt": 18.5559520721,
        "max": 0.00445110769942,
        "mean": 0.000202571856789,
        "median": 1.24128619063e-05,
        "min": 1.00466905906e-07,
        "skew": 3.79124236107,
        "var": 2.49818697284e-07
    },
    "spectral_rolloff": {
        "kurt": 0.388113260269,
        "max": 5146.43554688,
        "mean": 1659.63110352,
        "median": 1076.66015625,
        "min": 387.59765625,
        "skew": 1.27590835094,
        "var": 1523821.5
    },
    "spectral_skewness": {
        "kurt": 0.653921604156,
        "max": 8.66458415985,
        "mean": 2.93532443047,
        "median": 2.58472061157,
        "min": 0.189674243331,
        "skew": 0.992043197155,
        "var": 2.33314061165
    },
    "spectral_spread": {
        "kurt": -0.430494308472,
        "max": 9671494,
        "mean": 3574462.75,
        "median": 3486627.5,
        "min": 976869.5625,
        "skew": 0.458903044462,
        "var": 2.90861141197e+12
    },
    "spectral_strongpeak": {
        "kurt": 42.1136932373,
        "max": 3.11855864525,
        "mean": 0.0917520299554,
        "median": 0.00357406260446,
        "min": 2.56482144323e-06,
        "skew": 5.64452648163,
        "var": 0.0772332772613
    },
    "zerocrossingrate": {
        "kurt": 10.9019088745,
        "max": 0.40185546875,
        "mean": 0.0617724023759,
        "median": 0.04833984375,
        "min": 0.01953125,
        "skew": 2.24891614914,
        "var": 0.00155627250206
    },
    "barkbands": {
        "kurt": [108.06413269, 148.064102173, 81.5912704468, 49.9190979004, 53.6712875366, 84.630241394, 56.5552711487, 151.255477905, 233.840042114, 20.6671199799, 51.3293609619, 46.637512207, 92.3814086914, 41.6400756836, 45.1593551636, 49.0271148682, 25.6282920837, 51.7172279358, 52.3145866394, 246.173583984, 136.86668396, 41.0621032715, 32.447101593, 56.0647583008, 34.6470985413, 40.7489356995, 63.4924621582],
        "max": [4.30623314784e-09, 4.53510047294e-08, 1.01772975825e-07, 2.64169614184e-07, 7.13506688044e-06, 8.82064796315e-06, 0.000800213543698, 0.0199490599334, 0.00137895694934, 0.000274020479992, 0.000387390027754, 0.000817999592982, 0.000203675706871, 0.000113697235065, 5.45318471268e-05, 0.000130637126858, 2.38625616475e-05, 4.20749565819e-05, 3.53105133399e-06, 1.62447286129e-05, 3.40695078194e-06, 7.62864715398e-07, 2.37666498037e-07, 6.95031801001e-08, 1.62439413032e-08, 1.17355503093e-09, 5.61338142635e-10],
        "mean": [6.36811367527e-11, 5.65052338253e-10, 2.02100247648e-09, 6.8682153298e-09, 1.7195027624e-07, 1.58545773843e-07, 1.60689141921e-05, 0.000220434376388, 1.23005893329e-05, 1.0223393474e-05, 9.28120607568e-06, 1.77741403604e-05, 2.98016948364e-06, 2.777097734e-06, 1.27452597098e-06, 2.69244628726e-06, 7.77647926498e-07, 9.0379245421e-07, 8.36736830934e-08, 1.29127997184e-07, 5.33103516887e-08, 2.29064625046e-08, 6.41193276252e-09, 1.38324085519e-09, 4.47086007105e-10, 2.90020871901e-11, 1.07154736473e-11],
        "median": [1.25237125358e-12, 2.01413920264e-11, 4.61002347407e-11, 1.79796066924e-10, 1.41350886551e-09, 1.29839028418e-09, 5.91253623838e-09, 6.56483711836e-09, 7.79704656395e-09, 1.19720411362e-08, 2.40951725239e-09, 3.33219363213e-09, 1.14682074948e-09, 7.22470527847e-10, 7.33637706141e-10, 1.35218725106e-09, 1.09916331592e-09, 6.17405238046e-10, 8.63181914834e-10, 7.18946402412e-10, 5.45115064199e-10, 2.66174138286e-10, 4.00282376689e-11, 7.61312107106e-12, 6.87295706459e-12, 3.11278888949e-13, 6.95547669143e-15],
        "min": [2.85584506178e-15, 1.92550985464e-13, 5.06513708472e-14, 2.89714731155e-13, 3.04464461455e-12, 1.10830442046e-12, 7.07153519769e-14, 2.62049378101e-14, 2.93598533072e-13, 3.05887346702e-12, 5.91034708154e-13, 1.05348645389e-13, 3.05208386776e-13, 1.32238851488e-13, 3.09890893328e-13, 3.18070392344e-14, 8.99644027081e-15, 2.33467708192e-14, 1.18555610207e-14, 3.31577548181e-15, 1.49777702041e-15, 1.04198257756e-14, 1.42651995021e-15, 3.13410724341e-15, 2.14801647369e-15, 2.16517079669e-16, 1.61329720017e-16],
        "skew": [9.78701496124, 11.25182724, 7.9818611145, 6.01007699966, 6.28542232513, 8.34691047668, 7.08130931854, 11.0857400894, 13.7429447174, 4.28208827972, 6.82609176636, 6.34401798248, 8.87815284729, 6.03201246262, 6.14667987823, 6.47206544876, 4.84495544434, 6.79495668411, 6.73952817917, 14.2639284134, 10.6251745224, 5.79833936691, 5.21478891373, 6.64894485474, 5.30997467041, 5.63110256195, 7.44167518616],
        "var": [1.17110253647e-19, 8.27680064207e-18, 5.62441788378e-17, 4.74160414725e-16, 3.34907421891e-13, 4.4696145114e-13, 5.25791588046e-09, 1.50988216774e-06, 5.46778711197e-09, 1.05725994626e-09, 1.67946911933e-09, 5.83296166923e-09, 2.37413338988e-10, 1.38805023031e-10, 2.86513902881e-11, 1.4302195539e-10, 8.3570034573e-12, 1.76463912926e-11, 1.19627222082e-13, 7.41639443001e-13, 5.94753873972e-14, 6.48279249632e-15, 5.45942592417e-16, 3.24432941738e-17, 2.43598920812e-18, 1.0908002465e-20, 2.67558576739e-21],
        "cov": [[1.17342161486e-19, 7.73093650442e-19, 1.478830087e-18, 2.51648566905e-18, 5.05288008651e-17, 6.54988740544e-17, 6.86943847278e-15, 3.64666657331e-13, 4.52788704086e-15, 5.93485916471e-15, 1.8164174744e-15, 5.68375455344e-15, 9.39855264537e-16, 9.69744833785e-16, 3.97220494598e-16, 8.83879092218e-16, 1.92418330576e-16, 2.79002779598e-16, 1.87609741078e-17, 6.69610605437e-18, 9.46186839127e-18, 6.29476298424e-18, 1.96501179928e-18, 3.95299714421e-19, 1.12106922465e-19, 1.46840423794e-20, 1.11232059413e-20], [7.73093650442e-19, 8.29319039873e-18, 1.34972756271e-17, 2.31258556533e-17, 3.32171037697e-16, 3.86824753358e-16, 7.26522656055e-14, 2.94934627935e-12, 4.05167774873e-14, 4.16372801038e-14, 1.48814964393e-14, 5.49291921626e-14, 1.07352549159e-14, 8.34483476514e-15, 3.56496050467e-15, 7.94828527946e-15, 1.73263172811e-15, 3.06698538805e-15, 1.53894742739e-16, 4.9382854623e-17, 6.66281674964e-17, 4.33727919027e-17, 1.49370041627e-17, 3.49344635666e-18, 9.51506168812e-19, 1.33266254233e-19, 1.07645859873e-19], [1.478830087e-18, 1.34972756271e-17, 5.63555570529e-17, 1.00850211007e-16, 6.25053457987e-16, 4.74275875903e-16, 4.94540931643e-14, 5.16608847714e-12, 1.14000510963e-13, 7.96992341372e-14, 4.22749265065e-14, 1.53632491386e-13, 3.43447296156e-14, 1.6807047968e-14, 8.63217375184e-15, 2.3636503521e-14, 4.57513707976e-15, 7.11667764921e-15, 4.09988431017e-16, 1.49541575725e-16, 2.19381533339e-16, 1.07371411789e-16, 3.04818140221e-17, 9.27020154435e-18, 2.48987526874e-18, 2.56555908946e-19, 1.5857529264e-19], [2.51648566905e-18, 2.31258556533e-17, 1.00850211007e-16, 4.75099297807e-16, 2.33564231832e-15, 3.74601887934e-15, 3.20407220721e-13, 7.73297398338e-12, 4.13961670932e-13, 1.93124148943e-13, 2.05313102132e-13, 2.5518459958e-13, 9.26598411172e-14, 1.86620280996e-14, 1.22558044171e-14, 7.19538428948e-14, 1.20002410244e-14, 2.65697396539e-14, 1.56687955643e-15, 6.1591349603e-16, 9.1870538124e-16, 4.35752420416e-16, 9.43119570697e-17, 4.90282025897e-17, 1.03546088576e-17, 7.35413867481e-19, 3.49743052378e-19], [5.05288008651e-17, 3.32171037697e-16, 6.25053457987e-16, 2.33564231832e-15, 3.35570601254e-13, 1.06458909071e-13, 1.81326741816e-11, 1.56560348019e-10, 4.49552201021e-12, 9.84984923486e-12, 2.51579681566e-12, 8.51200533669e-12, 1.03159830938e-12, 1.52474278863e-12, 4.56936355073e-13, 7.40087624431e-13, 3.19927352839e-13, 4.06645881247e-13, 3.03179722538e-14, 9.0250564319e-15, 2.26159507923e-14, 1.63746190137e-14, 3.32864551216e-15, 5.8373873777e-16, 1.84150521387e-16, 1.37301253151e-17, 6.91978768612e-18], [6.54988740544e-17, 3.86824753358e-16, 4.74275875903e-16, 3.74601887934e-15, 1.06458909071e-13, 4.47846512479e-13, 2.85480823009e-11, 1.14829520892e-10, 3.1247172818e-12, 5.47969265449e-12, 4.08431491752e-12, 6.25558415832e-12, 9.44925019307e-13, 7.46433676587e-13, 3.40804234876e-13, 7.18648231202e-13, 2.31115690821e-13, 2.43238887148e-13, 2.03504171793e-14, 1.00051845132e-14, 1.83732186637e-14, 9.15821001121e-15, 2.24934067242e-15, 4.17229768623e-16, 1.41695549239e-16, 1.21431627663e-17, 7.17085685436e-18], [6.86943847278e-15, 7.26522656055e-14, 4.94540931643e-14, 3.20407220721e-13, 1.81326741816e-11, 2.85480823009e-11, 5.26832755199e-09, 1.268216554e-08, 9.92984583448e-10, 7.85497777933e-10, 7.72176433905e-10, 6.48868569986e-10, 9.34339064451e-11, 6.72525091172e-11, 3.10348274857e-11, 6.21611859208e-11, 2.70700423882e-11, 2.51826910019e-11, 3.58588527795e-12, 3.77983018149e-12, 3.15423316806e-12, 1.38644434475e-12, 3.45606708399e-13, 4.78029345708e-14, 2.12472624401e-14, 1.85520819525e-15, 1.22696989338e-15], [3.64666657331e-13, 2.94934627935e-12, 5.16608847714e-12, 7.73297398338e-12, 1.56560348019e-10, 1.14829520892e-10, 1.268216554e-08, 1.51287213157e-06, 1.51812287186e-08, 2.31380106186e-08, 9.24627485688e-09, 3.46469519741e-08, 6.3782299442e-09, 5.04887198716e-09, 1.78507864046e-09, 4.15951095789e-09, 1.14212383995e-09, 1.64178237672e-09, 9.5436721026e-11, 4.78035978857e-11, 4.40740534347e-11, 2.74499728503e-11, 8.76989019599e-12, 2.02793771359e-12, 5.38998370676e-13, 6.42010858538e-14, 4.71261349172e-14], [4.52788704086e-15, 4.05167774873e-14, 1.14000510963e-13, 4.13961670932e-13, 4.49552201021e-12, 3.1247172818e-12, 9.92984583448e-10, 1.51812287186e-08, 5.47861445099e-09, 1.01683761411e-09, 1.10771114503e-09, 1.54506174521e-09, 3.20944743004e-10, 1.29162583407e-10, 1.01612572523e-10, 2.35546665506e-10, 7.61628607404e-11, 6.51627779513e-11, 8.25336066851e-12, 9.5392261798e-12, 5.20522253772e-12, 1.70189480998e-12, 5.38487982503e-13, 1.39394626484e-13, 4.53888805067e-14, 3.02407427543e-15, 9.59216849525e-16], [5.93485916471e-15, 4.16372801038e-14, 7.96992341372e-14, 1.93124148943e-13, 9.84984923486e-12, 5.47969265449e-12, 7.85497777933e-10, 2.31380106186e-08, 1.01683761411e-09, 1.05935349382e-09, 4.68693084343e-10, 1.27552179929e-09, 1.99150668179e-10, 2.0735384243e-10, 8.85943818307e-11, 1.58632135205e-10, 4.68389528552e-11, 5.63758623118e-11, 5.19816221317e-12, 3.74288664298e-12, 2.77752018434e-12, 1.42285619051e-12, 4.33401036413e-13, 1.02288071405e-13, 2.81027930554e-14, 2.1779508298e-15, 9.5614169641e-16], [1.8164174744e-15, 1.48814964393e-14, 4.22749265065e-14, 2.05313102132e-13, 2.51579681566e-12, 4.08431491752e-12, 7.72176433905e-10, 9.24627485688e-09, 1.10771114503e-09, 4.68693084343e-10, 1.6827947924e-09, 1.41785982954e-09, 3.80786818743e-10, 1.93680738114e-10, 8.10060837853e-11, 2.50197418339e-10, 7.84967368883e-11, 8.10274763952e-11, 8.36139751187e-12, 1.06870432642e-11, 3.5499797546e-12, 1.73546441974e-12, 6.03678348629e-13, 1.21464673714e-13, 4.35933400651e-14, 2.48698084797e-15, 6.63574716483e-16], [5.68375455344e-15, 5.49291921626e-14, 1.53632491386e-13, 2.5518459958e-13, 8.51200533669e-12, 6.25558415832e-12, 6.48868569986e-10, 3.46469519741e-08, 1.54506174521e-09, 1.27552179929e-09, 1.41785982954e-09, 5.84451198549e-09, 8.79508244012e-10, 6.21228124498e-10, 2.41014513902e-10, 6.49806763953e-10, 1.52304197032e-10, 2.24830071227e-10, 1.61652358166e-11, 1.65768614113e-11, 8.9647664292e-12, 4.37244815008e-12, 1.13153269306e-12, 2.41934212464e-13, 7.4916987761e-14, 5.29632930666e-15, 1.64971969631e-15], [9.39855264537e-16, 1.07352549159e-14, 3.43447296156e-14, 9.26598411172e-14, 1.03159830938e-12, 9.44925019307e-13, 9.34339064451e-11, 6.3782299442e-09, 3.20944743004e-10, 1.99150668179e-10, 3.80786818743e-10, 8.79508244012e-10, 2.37883462928e-10, 1.19407303489e-10, 3.94668672743e-11, 1.08600482773e-10, 3.09894991612e-11, 4.42103888221e-11, 1.83130160342e-12, 1.98867680136e-12, 1.00596018061e-12, 7.44591779726e-13, 1.57498349757e-13, 3.84444978293e-14, 1.1604777435e-14, 7.7364055993e-16, 2.60608956222e-16], [9.69744833785e-16, 8.34483476514e-15, 1.6807047968e-14, 1.86620280996e-14, 1.52474278863e-12, 7.46433676587e-13, 6.72525091172e-11, 5.04887198716e-09, 1.29162583407e-10, 2.0735384243e-10, 1.93680738114e-10, 6.21228124498e-10, 1.19407303489e-10, 1.39079886496e-10, 4.69985231288e-11, 8.76616418344e-11, 2.15065847076e-11, 3.52433048023e-11, 2.06194870206e-12, 1.88927844723e-12, 1.01168899647e-12, 5.7566668446e-13, 1.66248796413e-13, 3.0168430281e-14, 9.43314674149e-15, 6.87606417625e-16, 1.89122220975e-16], [3.97220494598e-16, 3.56496050467e-15, 8.63217375184e-15, 1.22558044171e-14, 4.56936355073e-13, 3.40804234876e-13, 3.10348274857e-11, 1.78507864046e-09, 1.01612572523e-10, 8.85943818307e-11, 8.10060837853e-11, 2.41014513902e-10, 3.94668672743e-11, 4.69985231288e-11, 2.87081244194e-11, 3.81824433182e-11, 1.16247766621e-11, 1.42065343864e-11, 9.57504908694e-13, 1.22285569257e-12, 6.64929428792e-13, 2.63581636985e-13, 8.49604064944e-14, 1.77700651367e-14, 5.07854866559e-15, 3.13566144299e-16, 8.21156024541e-17], [8.83879092218e-16, 7.94828527946e-15, 2.3636503521e-14, 7.19538428948e-14, 7.40087624431e-13, 7.18648231202e-13, 6.21611859208e-11, 4.15951095789e-09, 2.35546665506e-10, 1.58632135205e-10, 2.50197418339e-10, 6.49806763953e-10, 1.08600482773e-10, 8.76616418344e-11, 3.81824433182e-11, 1.43305173284e-10, 2.51768380449e-11, 3.97172850164e-11, 2.83902111889e-12, 2.88238248373e-12, 1.56826981956e-12, 6.73232249029e-13, 2.01875828879e-13, 4.73900941004e-14, 1.33938592503e-14, 8.94319302689e-16, 1.88926622539e-16], [1.92418330576e-16, 1.73263172811e-15, 4.57513707976e-15, 1.20002410244e-14, 3.19927352839e-13, 2.31115690821e-13, 2.70700423882e-11, 1.14212383995e-09, 7.61628607404e-11, 4.68389528552e-11, 7.84967368883e-11, 1.52304197032e-10, 3.09894991612e-11, 2.15065847076e-11, 1.16247766621e-11, 2.51768380449e-11, 8.3735518519e-12, 8.7609312166e-12, 6.22036005603e-13, 7.84095282192e-13, 3.97797083902e-13, 1.67353842373e-13, 5.19796065999e-14, 1.09495838977e-14, 3.41161577748e-15, 2.16164846312e-16, 6.18013634814e-17], [2.79002779598e-16, 3.06698538805e-15, 7.11667764921e-15, 2.65697396539e-14, 4.06645881247e-13, 2.43238887148e-13, 2.51826910019e-11, 1.64178237672e-09, 6.51627779513e-11, 5.63758623118e-11, 8.10274763952e-11, 2.24830071227e-10, 4.42103888221e-11, 3.52433048023e-11, 1.42065343864e-11, 3.97172850164e-11, 8.7609312166e-12, 1.76813355623e-11, 7.99840825082e-13, 7.82359853985e-13, 4.23256671682e-13, 2.42899965549e-13, 6.50861607448e-14, 1.56957542937e-14, 4.20215628583e-15, 2.92359086278e-16, 7.88153768032e-17], [1.87609741078e-17, 1.53894742739e-16, 4.09988431017e-16, 1.56687955643e-15, 3.03179722538e-14, 2.03504171793e-14, 3.58588527795e-12, 9.5436721026e-11, 8.25336066851e-12, 5.19816221317e-12, 8.36139751187e-12, 1.61652358166e-11, 1.83130160342e-12, 2.06194870206e-12, 9.57504908694e-13, 2.83902111889e-12, 6.22036005603e-13, 7.99840825082e-13, 1.19864106704e-13, 1.32890633176e-13, 5.85270493094e-14, 1.94941956186e-14, 6.91631285257e-15, 1.55833849971e-15, 4.8910985803e-16, 2.85461518317e-17, 5.75210437826e-18], [6.69610605437e-18, 4.9382854623e-17, 1.49541575725e-16, 6.1591349603e-16, 9.0250564319e-15, 1.00051845132e-14, 3.77983018149e-12, 4.78035978857e-11, 9.5392261798e-12, 3.74288664298e-12, 1.06870432642e-11, 1.65768614113e-11, 1.98867680136e-12, 1.88927844723e-12, 1.22285569257e-12, 2.88238248373e-12, 7.84095282192e-13, 7.82359853985e-13, 1.32890633176e-13, 7.43108049053e-13, 8.72169158184e-14, 2.0995314184e-14, 7.34007665981e-15, 1.85003727087e-15, 5.34713688393e-16, 2.88960525395e-17, 4.63090407134e-18], [9.46186839127e-18, 6.66281674964e-17, 2.19381533339e-16, 9.1870538124e-16, 2.26159507923e-14, 1.83732186637e-14, 3.15423316806e-12, 4.40740534347e-11, 5.20522253772e-12, 2.77752018434e-12, 3.5499797546e-12, 8.9647664292e-12, 1.00596018061e-12, 1.01168899647e-12, 6.64929428792e-13, 1.56826981956e-12, 3.97797083902e-13, 4.23256671682e-13, 5.85270493094e-14, 8.72169158184e-14, 5.95931588581e-14, 1.23884023428e-14, 3.05847884792e-15, 7.91534925034e-16, 2.32393547595e-16, 1.31520658605e-17, 2.44308745175e-18], [6.29476298424e-18, 4.33727919027e-17, 1.07371411789e-16, 4.35752420416e-16, 1.63746190137e-14, 9.15821001121e-15, 1.38644434475e-12, 2.74499728503e-11, 1.70189480998e-12, 1.42285619051e-12, 1.73546441974e-12, 4.37244815008e-12, 7.44591779726e-13, 5.7566668446e-13, 2.63581636985e-13, 6.73232249029e-13, 1.67353842373e-13, 2.42899965549e-13, 1.94941956186e-14, 2.0995314184e-14, 1.23884023428e-14, 6.49562970415e-15, 1.410125204e-15, 3.35391854009e-16, 9.77156729415e-17, 5.94841129482e-18, 1.50371354098e-18], [1.96501179928e-18, 1.49370041627e-17, 3.04818140221e-17, 9.43119570697e-17, 3.32864551216e-15, 2.24934067242e-15, 3.45606708399e-13, 8.76989019599e-12, 5.38487982503e-13, 4.33401036413e-13, 6.03678348629e-13, 1.13153269306e-12, 1.57498349757e-13, 1.66248796413e-13, 8.49604064944e-14, 2.01875828879e-13, 5.19796065999e-14, 6.50861607448e-14, 6.91631285257e-15, 7.34007665981e-15, 3.05847884792e-15, 1.410125204e-15, 5.47023671155e-16, 1.11216842108e-16, 3.33514987817e-17, 1.94762859871e-18, 4.73636897905e-19], [3.95299714421e-19, 3.49344635666e-18, 9.27020154435e-18, 4.90282025897e-17, 5.8373873777e-16, 4.17229768623e-16, 4.78029345708e-14, 2.02793771359e-12, 1.39394626484e-13, 1.02288071405e-13, 1.21464673714e-13, 2.41934212464e-13, 3.84444978293e-14, 3.0168430281e-14, 1.77700651367e-14, 4.73900941004e-14, 1.09495838977e-14, 1.56957542937e-14, 1.55833849971e-15, 1.85003727087e-15, 7.91534925034e-16, 3.35391854009e-16, 1.11216842108e-16, 3.25075363288e-17, 8.03163506186e-18, 4.37843035041e-19, 1.08325737713e-19], [1.12106922465e-19, 9.51506168812e-19, 2.48987526874e-18, 1.03546088576e-17, 1.84150521387e-16, 1.41695549239e-16, 2.12472624401e-14, 5.38998370676e-13, 4.53888805067e-14, 2.81027930554e-14, 4.35933400651e-14, 7.4916987761e-14, 1.1604777435e-14, 9.43314674149e-15, 5.07854866559e-15, 1.33938592503e-14, 3.41161577748e-15, 4.20215628583e-15, 4.8910985803e-16, 5.34713688393e-16, 2.32393547595e-16, 9.77156729415e-17, 3.33514987817e-17, 8.03163506186e-18, 2.44081291186e-18, 1.37979503513e-19, 3.33336629324e-20], [1.46840423794e-20, 1.33266254233e-19, 2.56555908946e-19, 7.35413867481e-19, 1.37301253151e-17, 1.21431627663e-17, 1.85520819525e-15, 6.42010858538e-14, 3.02407427543e-15, 2.1779508298e-15, 2.48698084797e-15, 5.29632930666e-15, 7.7364055993e-16, 6.87606417625e-16, 3.13566144299e-16, 8.94319302689e-16, 2.16164846312e-16, 2.92359086278e-16, 2.85461518317e-17, 2.88960525395e-17, 1.31520658605e-17, 5.94841129482e-18, 1.94762859871e-18, 4.37843035041e-19, 1.37979503513e-19, 1.09296020571e-20, 3.84667136443e-21], [1.11232059413e-20, 1.07645859873e-19, 1.5857529264e-19, 3.49743052378e-19, 6.91978768612e-18, 7.17085685436e-18, 1.22696989338e-15, 4.71261349172e-14, 9.59216849525e-16, 9.5614169641e-16, 6.63574716483e-16, 1.64971969631e-15, 2.60608956222e-16, 1.89122220975e-16, 8.21156024541e-17, 1.88926622539e-16, 6.18013634814e-17, 7.88153768032e-17, 5.75210437826e-18, 4.63090407134e-18, 2.44308745175e-18, 1.50371354098e-18, 4.73636897905e-19, 1.08325737713e-19, 3.33336629324e-20, 3.84667136443e-21, 2.68088388345e-21]]
    },
    "mfcc": {
        "kurt": [1.48846435547, 0.0886778831482, 4.29255485535, 0.178428411484, -0.606685638428, -0.247370958328, 1.10228395462, 3.16090202332, 2.31404495239, 2.50704717636, 2.88765048981, 1.66719532013, 2.69988536835],
        "max": [-858.561767578, 165.157226562, 28.9171791077, 26.8459510803, 15.5165710449, 12.1660003662, 21.3756599426, 22.1905460358, 23.2346839905, 24.9099826813, 27.1449394226, 33.1754608154, 35.745098114],
        "mean": [-1089.51550293, 33.8109054565, -10.9584741592, -18.9683151245, -17.3044376373, -13.8911209106, -7.99805879593, -1.18218505383, 2.02070713043, -0.0125577878207, 0.318384557962, 2.47414064407, 2.10892891884],
        "median": [-1128.7487793, 9.65272140503, -6.103515625e-05, -2.12818527222, -5.6806640625, -6.08782196045, -1.56557846069, -5.34057617188e-05, -4.57763671875e-05, -2.28881835938e-05, -2.67028808594e-05, -3.0517578125e-05, -3.81469726562e-05],
        "min": [-1138.42004395, -14.3811531067, -141.364868164, -106.746192932, -73.8997497559, -62.8808860779, -50.7931213379, -31.995513916, -22.0251922607, -27.1660079956, -33.7549819946, -34.7977104187, -21.3593864441],
        "skew": [1.68159854412, 1.21109926701, -2.30857896805, -1.24985706806, -0.890826165676, -0.982596755028, -1.34795403481, -0.688363611698, 0.542664527893, -0.340723276138, -0.539593279362, 0.188758403063, 0.675793886185],
        "var": [5938.01904297, 2066.44140625, 1073.74450684, 823.264831543, 452.489532471, 293.85559082, 162.647766113, 47.1027107239, 36.4751930237, 41.2293243408, 59.3388252258, 78.4597702026, 51.5821800232],
        "cov": [[5949.77783203, 3325.49243164, -2247.79541016, -2055.99511719, -1367.14294434, -1144.80627441, -806.563171387, -145.135131836, 168.783660889, -89.9146194458, 135.123840332, 383.574523926, 210.182220459], [3325.49243164, 2070.53344727, -1058.47412109, -1240.37548828, -876.700134277, -725.063476562, -500.581451416, -87.6360473633, 81.5379867554, -66.5537261963, 64.91381073, 204.562088013, 112.446029663], [-2247.79541016, -1058.47412109, 1075.87084961, 737.309326172, 399.7628479, 339.059539795, 253.176712036, 38.4590492249, -82.6024246216, 12.0684652328, -69.831161499, -163.492904663, -90.7215499878], [-2055.99511719, -1240.37548828, 737.309326172, 824.895019531, 547.063293457, 425.365661621, 285.476745605, 33.2655258179, -68.310005188, 23.7383995056, -56.4869346619, -145.036331177, -92.2549667358], [-1367.14294434, -876.700134277, 399.7628479, 547.063293457, 453.385559082, 342.583190918, 196.128341675, 26.2615470886, -48.4980964661, 9.18202781677, -29.9104003906, -97.3041381836, -75.2850723267], [-1144.80627441, -725.063476562, 339.059539795, 425.365661621, 342.583190918, 294.437469482, 188.825653076, 30.4955673218, -38.7324066162, 6.13048410416, -32.0803718567, -83.8600234985, -55.0614891052], [-806.563171387, -500.581451416, 253.176712036, 285.476745605, 196.128341675, 188.825653076, 162.969848633, 43.9988517761, -17.3504199982, 12.1756820679, -36.1021003723, -66.510383606, -29.8074989319], [-145.135131836, -87.6360473633, 38.4590492249, 33.2655258179, 26.2615470886, 30.4955673218, 43.9988517761, 47.195980072, 18.3844547272, 2.6522321701, -11.310177803, -25.9533920288, -13.0861339569], [168.783660889, 81.5379867554, -82.6024246216, -68.310005188, -48.4980964661, -38.7324066162, -17.3504199982, 18.3844547272, 36.5474205017, 15.9629745483, 4.96458768845, 7.65339231491, 3.40283346176], [-89.9146194458, -66.5537261963, 12.0684652328, 23.7383995056, 9.18202781677, 6.13048410416, 12.1756820679, 2.6522321701, 15.9629745483, 41.3109703064, 23.3185062408, 8.68560504913, 8.14974117279], [135.123840332, 64.91381073, -69.831161499, -56.4869346619, -29.9104003906, -32.0803718567, -36.1021003723, -11.310177803, 4.96458768845, 23.3185062408, 59.456325531, 48.0653457642, 17.515422821], [383.574523926, 204.562088013, -163.492904663, -145.036331177, -97.3041381836, -83.8600234985, -66.510383606, -25.9533920288, 7.65339231491, 8.68560504913, 48.0653457642, 78.6151351929, 46.6924743652], [210.182220459, 112.446029663, -90.7215499878, -92.2549667358, -75.2850723267, -55.0614891052, -29.8074989319, -13.0861339569, 3.40283346176, 8.14974117279, 17.515422821, 46.6924743652, 51.6843261719]]
    },
    "sccoeffs": {
        "kurt": [-0.0379946231842, 0.919568777084, 0.417330503464, 1.09952020645, 2.51179409027, -0.250217676163],
        "max": [-0.478348702192, -0.308777660131, -0.644848823547, -0.683198213577, -0.565522193909, -0.703389883041],
        "mean": [-0.791336238384, -0.779866814613, -0.848776638508, -0.864190816879, -0.864084303379, -0.835328638554],
        "median": [-0.812888383865, -0.835939288139, -0.865528285503, -0.87861096859, -0.878713130951, -0.839275360107],
        "min": [-0.947804450989, -0.94462710619, -0.943083405495, -0.935761153698, -0.934175670147, -0.917059957981],
        "skew": [0.745005369186, 1.26008045673, 1.07331979275, 1.18309867382, 1.45590651035, 0.331937164068],
        "var": [0.00832488201559, 0.0190820898861, 0.00390364415944, 0.00228939461522, 0.00289306649938, 0.0012611245038],
        "cov": [[0.00834136735648, 0.00450773723423, 0.00177520955913, 0.00119342736434, 0.00144328223541, 0.00145135936327], [0.00450773723423, 0.0191198773682, 0.00609555048868, 0.00517815211788, 0.00507565913722, 0.00273604667746], [0.00177520955913, 0.00609555048868, 0.00391137413681, 0.00223092222586, 0.00212839269079, 0.00119051989168], [0.00119342736434, 0.00517815211788, 0.00223092222586, 0.00229392806068, 0.00169690698385, 0.000848526426125], [0.00144328223541, 0.00507565913722, 0.00212839269079, 0.00169690698385, 0.00289879529737, 0.00112622510642], [0.00145135936327, 0.00273604667746, 0.00119051989168, 0.000848526426125, 0.00112622510642, 0.00126362172887]]
    },
    "scvalleys": {
        "kurt": [-0.155015230179, -0.754055261612, -0.555840015411, -0.195990800858, 0.155790567398, 0.22797036171],
        "max": [-9.7514629364, -6.74692869186, -6.09139537811, -7.24668931961, -8.64061450958, -11.4378681183],
        "mean": [-13.2280187607, -11.430524826, -11.0523147583, -12.2101335526, -12.9512243271, -15.3296451569],
        "median": [-13.4594459534, -11.7084188461, -11.5729618073, -12.6503791809, -13.1809282303, -15.5537834167],
        "min": [-15.6704740524, -16.5603675842, -16.2240047455, -16.645778656, -18.986661911, -20.0165557861],
        "skew": [0.66337531805, 0.445460140705, 0.629334151745, 0.781527221203, 0.581047594547, 0.839050292969],
        "var": [1.24419391155, 3.46834397316, 4.43107843399, 3.78775620461, 2.35144090652, 1.92623662949],
        "cov": [[1.24665772915, 1.60665988922, 1.79189825058, 1.6533318758, 1.29772555828, 1.14895451069], [1.60665988922, 3.47521209717, 3.65861964226, 3.21316742897, 2.36642456055, 1.98005115986], [1.79189825058, 3.65861964226, 4.43985271454, 3.91010570526, 2.81256389618, 2.41400098801], [1.6533318758, 3.21316742897, 3.91010570526, 3.79525661469, 2.78593111038, 2.41463184357], [1.29772555828, 2.36642456055, 2.81256389618, 2.78593111038, 2.35609722137, 2.04600024223], [1.14895451069, 1.98005115986, 2.41400098801, 2.41463184357, 2.04600024223, 1.93005096912]]
    }
},
"rhythm": {
    "beats_loudness": {
        "kurt": 3.13116931915,
        "max": 0.00360629963689,
        "mean": 0.000456871959614,
        "median": 4.1471099621e-07,
        "min": 1.60051238929e-09,
        "skew": 2.20638084412,
        "var": 1.13880275876e-06
    },
    "bpm": 109.110191345,
    "confidence": 1.60015892982,
    "first_peak_bpm": {
        "kurt": 0,
        "max": 108,
        "mean": 108,
        "median": 108,
        "min": 108,
        "skew": 0,
        "var": 0
    },
    "first_peak_spread": {
        "kurt": 0,
        "max": 0.5,
        "mean": 0.5,
        "median": 0.5,
        "min": 0.5,
        "skew": 0,
        "var": 0
    },
    "first_peak_weight": {
        "kurt": 0,
        "max": 0.190476194024,
        "mean": 0.190476194024,
        "median": 0.190476194024,
        "min": 0.190476194024,
        "skew": 0,
        "var": 0
    },
    "onset_rate": 1.79303348064,
    "second_peak_bpm": {
        "kurt": 0,
        "max": 115,
        "mean": 115,
        "median": 115,
        "min": 115,
        "skew": 0,
        "var": 0
    },
    "second_peak_spread": {
        "kurt": 0,
        "max": 0.400000035763,
        "mean": 0.400000035763,
        "median": 0.400000035763,
        "min": 0.400000035763,
        "skew": 0,
        "var": 0
    },
    "second_peak_weight": {
        "kurt": 0,
        "max": 0.142857149243,
        "mean": 0.142857149243,
        "median": 0.142857149243,
        "min": 0.142857149243,
        "skew": 0,
        "var": 0
    },
    "beats_loudness_band_ratio": {
        "kurt": [4.18595695496, 5.62490463257, -1.50539362431, -0.250879764557, 1.29561948776, 1.40736913681],
        "max": [0.140371099114, 0.70012140274, 0.976359903812, 0.526822507381, 0.453091830015, 0.501109361649],
        "mean": [0.0200905874372, 0.0899166315794, 0.527187645435, 0.210688248277, 0.103638440371, 0.0867477431893],
        "median": [0.0015085793566, 0.0191526897252, 0.545455336571, 0.167389571667, 0.0332700759172, 0.00984513480216],
        "min": [2.76369928542e-06, 7.92611099314e-05, 0.0490604378283, 0.0208747107536, 0.000862395681906, 0.000389043794712],
        "skew": [2.12635278702, 2.53291559219, -0.114970862865, 0.916933298111, 1.33746647835, 1.70822429657],
        "var": [0.00119002989959, 0.0288067590445, 0.0963355004787, 0.0221823230386, 0.0134493773803, 0.0216700527817],
        "cov": [[0.00124669796787, 0.000201998394914, -0.00612372439355, 0.000749421771616, 0.00179218151607, 0.0024386306759], [0.000201998394914, 0.0301785096526, -0.0169408880174, -0.00252265366726, -0.00459626456723, -0.00266715115868], [-0.00612372439355, -0.0169408880174, 0.100922904909, -0.0212416630238, -0.0260503087193, -0.032794278115], [0.000749421771616, -0.00252265366726, -0.0212416630238, 0.0232386253774, 0.00384962977841, -0.000853816163726], [0.00179218151607, -0.00459626456723, -0.0260503087193, 0.00384962977841, 0.0140898246318, 0.0101841138676], [0.0024386306759, -0.00266715115868, -0.032794278115, -0.000853816163726, 0.0101841138676, 0.022701960057]]
    },
    "beats_position": [0.452789098024, 0.96362811327, 1.48607707024, 1.98530614376, 2.51936507225, 3.00698399544, 3.45977306366, 3.93578219414, 4.41179132462, 4.841360569, 5.28253936768, 5.72371864319, 6.24616765976, 6.7570066452, 7.27945566177, 7.8251247406, 8.38240337372, 8.92807197571, 9.47374153137, 10.0310201645, 10.5882987976, 11.1455783844],
    "bpm_estimates": [112.34715271, 109.956756592, 107.666069031, 109.956848145, 109.95665741, 107.666069031, 107.666069031, 107.665885925],
    "bpm_intervals": [0.510838985443, 0.522448956966, 0.499229073524, 0.53405892849, 0.487618923187, 0.452789068222, 0.476009130478, 0.476009130478, 0.429569244385, 0.441178798676, 0.441179275513, 0.522449016571, 0.510838985443, 0.522449016571, 0.545669078827, 0.557278633118, 0.54566860199, 0.545669555664, 0.557278633118, 0.557278633118, 0.557279586792],
    "onset_times": [0.441179126501, 0.777868509293, 1.1261677742, 1.68344676495, 2.12462592125, 3.04181408882, 3.47138333321, 3.5758728981, 3.93578219414, 4.85297060013, 6.33904743195, 6.62929725647, 7.26784563065, 7.8251247406, 8.40562343597, 8.62621307373, 9.16027164459, 9.46213150024, 9.99619007111, 10.2748298645, 10.7856693268],
    "histogram": [[0, 0, 0, 0, 0, 0, 0, 0, 0, 0, 0, 0, 0, 0, 0, 0, 0, 0, 0, 0, 0, 0, 0, 0, 0, 0, 0, 0, 0, 0, 0, 0, 0, 0, 0, 0, 0, 0, 0, 0, 0, 0, 0, 0, 0, 0, 0, 0, 0, 0, 0, 0, 0, 0, 0, 0, 0, 0, 0, 0, 0, 0, 0, 0, 0, 0, 0, 0, 0, 0, 0, 0, 0, 0, 0, 0, 0, 0, 0, 0, 0, 0, 0, 0, 0, 0, 0, 0, 0, 0, 0, 0, 0, 0, 0, 0, 0, 0, 0, 0, 0, 0, 0, 0, 0, 0, 0, 0, 0.190476194024, 0, 0.142857149243, 0, 0.047619048506, 0, 0, 0.142857149243, 0, 0.095238097012, 0, 0, 0.047619048506, 0, 0, 0.047619048506, 0, 0, 0.095238097012, 0, 0, 0, 0, 0, 0, 0.047619048506, 0, 0, 0.095238097012, 0, 0, 0, 0.047619048506, 0, 0, 0, 0, 0, 0, 0, 0, 0, 0, 0, 0, 0, 0, 0, 0, 0, 0, 0, 0, 0, 0, 0, 0, 0, 0, 0, 0, 0, 0, 0, 0, 0, 0, 0, 0, 0, 0, 0, 0, 0, 0, 0, 0, 0, 0, 0, 0, 0, 0, 0, 0, 0, 0, 0, 0, 0, 0, 0, 0, 0, 0, 0, 0, 0, 0, 0, 0, 0, 0, 0, 0, 0, 0, 0, 0, 0, 0, 0, 0, 0, 0, 0, 0, 0, 0, 0, 0, 0, 0, 0, 0, 0, 0, 0, 0, 0, 0, 0, 0, 0, 0, 0, 0, 0, 0, 0, 0, 0]]
},
"sfx": {
    "inharmonicity": {
        "kurt": 0.635065317154,
        "max": 0.404897272587,
        "mean": 0.0782255232334,
        "median": 0.0262361802161,
        "min": 0,
        "skew": 1.31784248352,
        "var": 0.0101416315883
    },
    "oddtoevenharmonicenergyratio": {
        "kurt": 384.510528564,
        "max": 1080.24743652,
        "mean": 5.03560161591,
        "median": 0.295562803745,
        "min": 0,
        "skew": 19.0683612823,
        "var": 2634.1418457
    },
    "pitch_after_max_to_before_max_energy_ratio": 3.27549695969,
    "pitch_centroid": 257.888397217,
    "pitch_max_to_total": 0.324110686779,
    "pitch_min_to_total": 0.0335968397558,
    "tristimulus": {
        "kurt": [-1.34254610538, -0.622724056244, 0.348760604858],
        "max": [1, 0.987386226654, 0.906555235386],
        "mean": [0.406199574471, 0.386515885592, 0.207284241915],
        "median": [0.326626509428, 0.353806585073, 0.139235377312],
        "min": [0, 0, 0],
        "skew": [0.295552074909, 0.414806395769, 1.07191300392],
        "var": [0.108361922204, 0.0551785156131, 0.043408934027],
        "cov": [[0.108576498926, -0.0601846799254, -0.0483917668462], [-0.0601846799254, 0.0552877783775, 0.0048969052732], [-0.0483917668462, 0.0048969052732, 0.0434948913753]]
    }
},
"tonal": {
    "chords_changes_rate": 0.228346452117,
    "chords_number_rate": 0.0472440943122,
    "chords_strength": {
        "kurt": -0.597290039062,
        "max": 0.582287192345,
        "mean": 0.39189773798,
        "median": 0.395325928926,
        "min": 0.219962209463,
        "skew": 0.0530009046197,
        "var": 0.0056444206275
    },
    "key_strength": 0.587881207466,
    "tuning_diatonic_strength": 0.388595461845,
    "tuning_equal_tempered_deviation": 0.26289281249,
    "tuning_frequency": 438.477722168,
    "tuning_nontempered_energy_ratio": 0.902619421482,
    "hpcp": {
        "kurt": [4.01349020004, 3.47046327591, 6.08165454865, 6.88979148865, 4.51451873779, 3.78140497208, 4.33965778351, 5.45562744141, 3.15196275711, 0.113517522812, -0.0603914260864, 0.227397441864, -0.429793596268, 0.166490793228, 2.68134832382, 7.25980567932, 8.21905231476, 9.35960292816, 7.96542930603, 9.98911857605, 8.17055034637, 7.67082118988, 7.08412265778, 8.43452358246, 11.6251020432, 8.9711561203, 8.76724910736, 8.08823299408, 7.95598506927, 5.04336643219, 4.00323486328, 3.04909658432, 3.12088537216, 2.3334145546, 1.3614783287, 2.11984395981],
        "max": [1, 1, 1, 1, 1, 1, 1, 1, 1, 1, 1, 1, 1, 1, 1, 1, 1, 1, 1, 1, 1, 1, 1, 1, 1, 1, 1, 1, 1, 1, 1, 1, 1, 1, 1, 1],
