{
"metadata": {
    "version": {
        "essentia": "2.1-beta3"
    }
},
"lowLevel": {
    "average_loudness": 0.757536828518,
    "barkbands_kurtosis": {
        "kurt": 46.2024879456,
        "max": 130.975769043,
        "mean": 8.82428646088,
        "median": 6.28660583496,
        "min": -1.68830966949,
        "skew": 5.1324005127,
        "var": 97.7188796997
    },
    "barkbands_skewness": {
        "kurt": 2.93850183487,
        "max": 7.73774051666,
        "mean": 1.68692469597,
        "median": 1.6556019783,
        "min": -1.82279968262,
        "skew": 0.509781420231,
        "var": 0.92308139801
    },
    "barkbands_spread": {
        "kurt": 7.78758144379,
        "max": 51.9897537231,
        "mean": 5.96150684357,
        "median": 2.87927532196,
        "min": 0.155664220452,
        "skew": 2.48841619492,
        "var": 51.7855834961
    },
    "dissonance": {
        "kurt": 2.85221862793,
        "max": 0.499999970198,
        "mean": 0.432032376528,
        "median": 0.45292493701,
        "min": 0.148125857115,
        "skew": -1.71919226646,
        "var": 0.00439528981224
    },
    "hfc": {
        "kurt": 7.38868427277,
        "max": 45.4839706421,
        "mean": 3.26837658882,
        "median": 0.0192133262753,
        "min": 1.17535257908e-16,
        "skew": 2.75201487541,
        "var": 54.3363418579
    },
    "pitch": {
        "kurt": 39.9290390015,
        "max": 4245.58691406,
        "mean": 441.377868652,
        "median": 272.139953613,
        "min": 74.2699432373,
        "skew": 5.65744495392,
        "var": 217324.234375
    },
    "pitch_instantaneous_confidence": {
        "kurt": -0.868569850922,
        "max": 0.975036323071,
        "mean": 0.509537816048,
        "median": 0.49590909481,
        "min": 0.124468147755,
        "skew": 0.275500029325,
        "var": 0.0404883548617
    },
    "pitch_salience": {
        "kurt": 0.157943725586,
        "max": 0.853746294975,
        "mean": 0.622394561768,
        "median": 0.648334085941,
        "min": 0.196182712913,
        "skew": -0.751062989235,
        "var": 0.0166389700025
    },
    "silence_rate_20dB": {
        "kurt": 0,
        "max": 1,
        "mean": 1,
        "median": 1,
        "min": 1,
        "skew": 0,
        "var": 0
    },
    "silence_rate_30dB": {
        "kurt": 0,
        "max": 1,
        "mean": 1,
        "median": 1,
        "min": 1,
        "skew": 0,
        "var": 0
    },
    "silence_rate_60dB": {
        "kurt": -0.613083362579,
        "max": 1,
        "mean": 0.753701210022,
        "median": 1,
        "min": 0,
        "skew": -1.1776676178,
        "var": 0.185635223985
    },
    "spectral_centroid": {
        "kurt": 408.373016357,
        "max": 11322.1240234,
        "mean": 679.792114258,
        "median": 643.446166992,
        "min": 282.637359619,
        "skew": 17.9935455322,
        "var": 205398.78125
    },
    "spectral_complexity": {
        "kurt": 1.08429765701,
        "max": 15,
        "mean": 2.19111704826,
        "median": 0,
        "min": 0,
        "skew": 1.43346166611,
        "var": 10.8651447296
    },
    "spectral_crest": {
        "kurt": -0.039103269577,
        "max": 26.2119140625,
        "mean": 11.9985256195,
        "median": 11.32462883,
        "min": 2.90314483643,
        "skew": 0.689464390278,
        "var": 21.3934249878
    },
    "spectral_decrease": {
        "kurt": 6.52597808838,
        "max": -4.18281778418e-30,
        "mean": -1.12114850737e-09,
        "median": -8.67712585811e-12,
        "min": -1.48200465233e-08,
        "skew": -2.63439512253,
        "var": 6.11359264571e-18
    },
    "spectral_energy": {
        "kurt": 6.56479930878,
        "max": 0.0600597895682,
        "mean": 0.00452792132273,
        "median": 3.4407741623e-05,
        "min": 1.06765728392e-20,
        "skew": 2.63957262039,
        "var": 9.99317489914e-05
    },
    "spectral_energyband_high": {
        "kurt": 28.3813533783,
        "max": 1.32463201226e-05,
        "mean": 5.39680854672e-07,
        "median": 2.20352820435e-08,
        "min": 7.90037537331e-21,
        "skew": 4.32717895508,
        "var": 1.4841647876e-12
    },
    "spectral_energyband_low": {
        "kurt": 24.5991458893,
        "max": 1.87276293673e-06,
        "mean": 1.01984511502e-07,
        "median": 3.39247598902e-08,
        "min": 4.03482315954e-23,
        "skew": 4.10721635818,
        "var": 3.23728335263e-14
    },
    "spectral_energyband_middle_high": {
        "kurt": 32.2495040894,
        "max": 0.0410508438945,
        "mean": 0.00136055564508,
        "median": 3.63488379662e-06,
        "min": 1.52208169637e-21,
        "skew": 5.26656579971,
        "var": 1.99961068574e-05
    },
    "spectral_energyband_middle_low": {
        "kurt": 9.42601776123,
        "max": 0.0584432892501,
        "mean": 0.00366798392497,
        "median": 3.32221352437e-05,
        "min": 3.36352998155e-22,
        "skew": 2.99314522743,
        "var": 7.14337584213e-05
    },
    "spectral_flatness_db": {
        "kurt": -1.24686479568,
        "max": 0.583404779434,
        "mean": 0.315051078796,
        "median": 0.323662102222,
        "min": 0.0770653709769,
        "skew": 0.097330711782,
        "var": 0.014156232588
    },
    "spectral_flux": {
        "kurt": 1.88965606689,
        "max": 0.22170072794,
        "mean": 0.0302729234099,
        "median": 0.00424221437424,
        "min": 1.03327506273e-10,
        "skew": 1.68277943134,
        "var": 0.00221869861707
    },
    "spectral_kurtosis": {
        "kurt": -0.303610563278,
        "max": 182.794067383,
        "mean": 46.1522789001,
        "median": 33.9733467102,
        "min": -1.14139688015,
        "skew": 0.814261376858,
        "var": 1671.78662109
    },
    "spectral_rms": {
        "kurt": 1.73134231567,
        "max": 0.00765473162755,
        "mean": 0.00113510061055,
        "median": 0.000183217169251,
        "min": 3.22740900845e-12,
        "skew": 1.68943607807,
        "var": 3.12903171107e-06
    },
    "spectral_rolloff": {
        "kurt": 271.345977783,
        "max": 18518.5546875,
        "mean": 891.845397949,
        "median": 796.728515625,
        "min": 366.064453125,
        "skew": 13.9572601318,
        "var": 693787.9375
    },
    "spectral_skewness": {
        "kurt": -0.963361501694,
        "max": 11.0971946716,
        "mean": 4.76955604553,
        "median": 4.62287855148,
        "min": -0.00992569793016,
        "skew": 0.348164618015,
        "var": 5.43107223511
    },
    "spectral_spread": {
        "kurt": 97.8551101685,
        "max": 39152588,
        "mean": 2577782,
        "median": 1741848,
        "min": 422967.90625,
        "skew": 6.48579549789,
        "var": 4.94427019674e+12
    },
    "spectral_strongpeak": {
        "kurt": 4.59655237198,
        "max": 5.14145040512,
        "mean": 0.484679877758,
        "median": 0.0421869009733,
        "min": 2.49707854394e-09,
        "skew": 2.23292946815,
        "var": 0.774145364761
    },
    "zerocrossingrate": {
        "kurt": 198.391891479,
        "max": 0.50830078125,
        "mean": 0.0371724627912,
        "median": 0.033203125,
        "min": 0.015625,
        "skew": 12.1669902802,
        "var": 0.000642018218059
    },
    "barkbands": {
        "kurt": [28.359003067, 20.8211402893, 22.9995536804, 12.5666103363, 20.4130897522, 57.388381958, 46.4681358337, 30.5207748413, 40.5571174622, 23.9516162872, 109.576477051, 83.7329406738, 31.1667366028, 19.4513053894, 60.0963668823, 64.1381835938, 49.4503517151, 26.0808792114, 57.8274497986, 20.9033203125, 42.4277496338, 11.1929197311, 16.9257392883, 14.3612232208, 18.4360237122, 41.9015922546, 42.3125305176],
        "max": [1.35189850425e-08, 4.06721412105e-08, 5.42891825717e-07, 1.95971983885e-06, 2.14131578105e-05, 0.000505174568389, 0.0104493424296, 0.0282044578344, 0.046090260148, 0.0427193641663, 0.00576970214024, 0.00116312073078, 0.0010742082959, 0.000723949400708, 0.0003034286201, 0.000170392013388, 6.6319029429e-05, 5.26852954863e-06, 9.14775046112e-06, 5.68137284063e-06, 1.19832984637e-05, 4.27725268537e-07, 1.13733406693e-07, 1.25145787067e-08, 5.02765029609e-09, 4.68946170784e-09, 4.98561547602e-09],
        "mean": [4.50152359832e-10, 2.83972911852e-09, 3.26803686335e-08, 1.62643118529e-07, 1.21134769415e-06, 1.38336372402e-05, 0.000278473715298, 0.000964747567195, 0.00137348449789, 0.00170411972795, 8.98705184227e-05, 2.14428255276e-05, 3.73024340661e-05, 2.97075912385e-05, 6.88432828611e-06, 3.7767597405e-06, 1.74315903223e-06, 2.03876751925e-07, 2.24196242016e-07, 2.43298188707e-07, 4.15256153019e-07, 3.05601730588e-08, 5.53795898028e-09, 8.36572311425e-10, 3.11535575115e-10, 1.36502989467e-10, 1.38810837824e-10],
        "median": [2.32664321836e-12, 1.34627609061e-09, 1.04374118237e-08, 5.54835537514e-08, 3.59802129424e-07, 1.02307126326e-06, 4.06132858188e-06, 5.13435452376e-06, 4.10305892729e-06, 2.34446088143e-06, 2.6147657195e-07, 1.43923273299e-07, 2.19046398797e-07, 7.30939007099e-08, 3.34704886029e-08, 1.69536935601e-08, 1.75011898307e-08, 8.18483059106e-09, 9.80564074382e-09, 1.18326406451e-08, 1.09689706207e-08, 2.26588214858e-09, 3.79637765668e-10, 1.31927704872e-10, 7.78861697359e-11, 5.08388340106e-12, 5.09676448181e-13],
        "min": [3.68723487305e-24, 1.85225518733e-23, 1.66381083212e-23, 1.68930208341e-23, 8.68783495864e-23, 3.79256397554e-23, 2.71136478725e-23, 6.64419548926e-23, 6.97604970834e-23, 4.48665144715e-23, 9.50263361042e-23, 4.89499519732e-23, 1.40947683824e-22, 4.68149945966e-23, 2.34528397609e-22, 1.44502758068e-22, 2.13449352646e-22, 2.73407577717e-22, 2.19499953654e-22, 2.26505846286e-22, 3.42602821252e-22, 6.01617385629e-22, 6.80152641307e-22, 9.26969876233e-22, 1.32927379177e-21, 1.41831253476e-21, 2.64776091408e-21],
        "skew": [4.58840990067, 3.63041901588, 4.25955247879, 3.15560364723, 3.95699119568, 6.5018529892, 6.26609134674, 5.19469690323, 5.76742696762, 4.59708833694, 8.71698760986, 8.13758945465, 4.81867933273, 4.03694963455, 6.54238080978, 6.82819032669, 5.59830141068, 4.7913069725, 6.57096290588, 4.24865055084, 5.19458913803, 3.13310241699, 3.56687688828, 3.50185823441, 3.86027574539, 5.79968929291, 5.83087587357],
        "var": [1.56992779806e-18, 1.60055031385e-17, 3.9637093114e-15, 7.16694566649e-14, 5.31554748134e-12, 1.4643504187e-09, 8.88144313649e-07, 1.00766155811e-05, 1.99934038392e-05, 2.9138967875e-05, 1.20795746739e-07, 6.58539534015e-09, 1.05233848302e-08, 6.63995702865e-09, 4.99257801767e-10, 1.53523749269e-10, 2.37430249073e-11, 3.75024447261e-13, 5.17766385322e-13, 4.11483835287e-13, 1.01278035437e-12, 3.97774507085e-15, 1.43071316034e-16, 2.97278785984e-18, 3.56416151024e-19, 1.90513782991e-19, 2.13219011926e-19],
        "cov": [[1.57204362266e-18, 2.48458855065e-18, -7.19880759745e-19, 5.86399296382e-18, 5.87920962948e-16, 1.84826265214e-14, 4.0311617976e-13, 1.70240720392e-12, 1.30429955031e-12, 2.28104232551e-12, 1.8084583039e-13, 3.44046385619e-14, 6.56021122299e-14, 4.81271855593e-14, 1.14312407129e-14, 6.71869201916e-15, 3.16296989109e-15, 3.13299037753e-16, 3.44497193494e-16, 3.22483230712e-16, 5.78460346081e-16, 3.87357298853e-17, 6.55218779472e-18, 9.46073763537e-19, 2.70917186097e-19, 1.22460884364e-19, 1.25994638715e-19], [2.48458855065e-18, 1.60270727001e-17, 7.93304059223e-17, 2.0683399754e-16, 2.24467203857e-15, 3.16696640429e-14, 8.50008269066e-13, 2.91138597605e-12, 2.92929135809e-12, 2.9901834047e-12, 2.84472966017e-13, 5.57401347301e-14, 1.0454367271e-13, 8.77422727573e-14, 1.70687150801e-14, 1.25698918573e-14, 5.79518089061e-15, 6.5038810756e-16, 6.73078108514e-16, 5.44543770444e-16, 1.02183619537e-15, 7.25743189338e-17, 1.07103081016e-17, 1.69359057585e-18, 5.12431720333e-19, 2.42128793389e-19, 2.50322611892e-19], [-7.19880759745e-19, 7.93304059223e-17, 3.96905112468e-15, 8.89970402603e-15, 3.48224799148e-14, 4.14446885285e-14, -1.21034356582e-12, -3.78676419648e-13, -6.1124772778e-12, -1.49355510598e-11, -2.04971930813e-13, -1.39127601041e-13, -2.52853375174e-13, -1.00669404995e-13, -4.6610901716e-14, 1.1256475793e-14, -3.73918078236e-15, -5.95266234143e-17, 3.24337571122e-16, -8.07924641986e-16, -1.81403964116e-15, -1.55215495406e-17, -3.91898222631e-17, -2.17643192602e-18, -9.05761323179e-19, -6.89182329455e-19, -7.28189892396e-19], [5.86399296382e-18, 2.0683399754e-16, 8.89970402603e-15, 7.1766045526e-14, 2.23125730674e-13, 1.10770832611e-12, 3.75231269667e-12, -8.06380136276e-12, -2.65415120437e-12, -4.2351410573e-11, -4.70264615009e-13, -1.33926493485e-13, -1.10434382992e-12, -2.16249950889e-13, -1.64584762919e-13, -3.37278761777e-14, -1.4322347968e-14, -1.76271590318e-15, 3.52757098807e-15, -3.45334210277e-15, -3.79305165429e-15, 1.32094986648e-16, -1.13013954854e-16, -1.29658931472e-17, 4.71631812101e-19, -5.03667741743e-19, -5.00788946416e-19], [5.87920962948e-16, 2.24467203857e-15, 3.48224799148e-14, 2.23125730674e-13, 5.32271145562e-12, 2.98838523372e-11, 3.53903073513e-10, 4.12870571065e-10, 1.22835652761e-09, 7.70252361892e-10, 5.35118928335e-11, 1.32505091968e-11, 2.18612853514e-11, 1.88497151915e-11, 4.77716130542e-12, 5.08516319331e-12, 1.82542002347e-12, 1.50190827115e-13, 1.43085860543e-13, 1.1689140053e-13, 3.04211002092e-13, 2.75807259925e-14, 2.71959684759e-15, 3.8649295467e-16, 1.74939488072e-16, 9.03650019112e-17, 9.46762937336e-17], [1.84826265214e-14, 3.16696640429e-14, 4.14446885285e-14, 1.10770832611e-12, 2.98838523372e-11, 1.46632395115e-09, 1.0258209393e-08, 1.11006412951e-08, 4.43643024539e-08, 6.5892251655e-08, 3.36135430601e-09, 6.57199183962e-10, 1.04328079509e-09, 8.90406026688e-10, 3.33433808342e-10, 1.98262475881e-10, 7.89797116596e-11, 6.42393646957e-12, 3.29128239419e-12, 4.18006081138e-12, 1.13953386657e-11, 8.58055759691e-13, 1.21409962162e-13, 1.56951800054e-14, 6.26019393184e-15, 3.23015569743e-15, 3.37343216749e-15], [4.0311617976e-13, 8.50008269066e-13, -1.21034356582e-12, 3.75231269667e-12, 3.53903073513e-10, 1.0258209393e-08, 8.8934126552e-07, 1.08735491722e-06, 1.4295363826e-06, 3.40094544526e-07, 5.5761773865e-08, 1.6277532211e-08, 3.63346117638e-08, 2.1895187885e-08, 3.05273117895e-09, 3.29747007477e-09, 1.98654559469e-09, 2.23797730348e-10, 1.44259673651e-10, 1.42129280567e-10, 4.05281058713e-10, 2.32110424631e-11, 4.09985543778e-12, 5.87314051559e-13, 1.36584347348e-13, 5.56095967885e-14, 5.66626891349e-14], [1.70240720392e-12, 2.91138597605e-12, -3.78676419648e-13, -8.06380136276e-12, 4.12870571065e-10, 1.11006412951e-08, 1.08735491722e-06, 1.00901961559e-05, 2.75304250863e-06, 3.77646279048e-06, 3.34114645284e-07, 9.89193864598e-08, 1.31080440724e-07, 1.08964897549e-07, 2.07762127502e-08, 1.27126922322e-08, 5.56387114159e-09, 1.06955666546e-09, 1.25779142657e-09, 8.57125648235e-10, 1.38342937106e-09, 1.04543089463e-10, 1.91502213392e-11, 3.09930228183e-12, 7.39076660115e-13, 3.61646124289e-13, 3.73803039303e-13], [1.30429955031e-12, 2.92929135809e-12, -6.1124772778e-12, -2.65415120437e-12, 1.22835652761e-09, 4.43643024539e-08, 1.4295363826e-06, 2.75304250863e-06, 2.00203485292e-05, 7.40353016226e-06, 1.7258756202e-07, 1.00475084253e-07, 1.55057094275e-07, 1.64488540122e-07, 2.53399630168e-08, 1.50153951495e-08, 9.15883280328e-09, 1.28771393548e-09, 9.68084612474e-10, 9.65024504751e-10, 2.53940823924e-09, 1.49820919559e-10, 2.52332581913e-11, 3.38222765767e-12, 1.07078853163e-12, 4.98061227677e-13, 5.16715088685e-13], [2.28104232551e-12, 2.9901834047e-12, -1.49355510598e-11, -4.2351410573e-11, 7.70252361892e-10, 6.5892251655e-08, 3.40094544526e-07, 3.77646279048e-06, 7.40353016226e-06, 2.91782380373e-05, 6.44204703804e-07, 9.01049688196e-08, 2.59675942971e-07, 2.45524034881e-07, 6.2685764135e-08, 3.64450549739e-08, 1.46025724845e-08, 1.46004608403e-09, 1.8914150246e-09, 2.1268160566e-09, 2.08021289083e-09, 1.60920859971e-10, 3.14793573153e-11, 4.61641792501e-12, 1.37162384315e-12, 6.02517981254e-13, 6.22200912754e-13], [1.8084583039e-13, 2.84472966017e-13, -2.04971930813e-13, -4.70264615009e-13, 5.35118928335e-11, 3.36135430601e-09, 5.5761773865e-08, 3.34114645284e-07, 1.7258756202e-07, 6.44204703804e-07, 1.2095854629e-07, 1.3251791664e-08, 1.91956441853e-08, 1.49248933212e-08, 6.17533535419e-09, 2.19527285239e-09, 8.95971408177e-10, 1.01151989562e-10, 1.31079716525e-10, 1.27597821198e-10, 1.16002506212e-10, 1.03063243703e-11, 1.99597218094e-12, 3.00648747434e-13, 8.60745190943e-14, 3.38181122916e-14, 3.45291015832e-14], [3.44046385619e-14, 5.57401347301e-14, -1.39127601041e-13, -1.33926493485e-13, 1.32505091968e-11, 6.57199183962e-10, 1.6277532211e-08, 9.89193864598e-08, 1.00475084253e-07, 9.01049688196e-08, 1.3251791664e-08, 6.59427046301e-09, 3.15982306986e-09, 3.03168357085e-09, 9.3775665011e-10, 3.21884241483e-10, 1.59272497968e-10, 1.85259984437e-11, 2.03475309518e-11, 1.6046585935e-11, 3.25321124206e-11, 2.65817576284e-12, 4.75457509735e-13, 6.04386332648e-14, 2.10377894982e-14, 8.29581527442e-15, 8.53530282883e-15], [6.56021122299e-14, 1.0454367271e-13, -2.52853375174e-13, -1.10434382992e-12, 2.18612853514e-11, 1.04328079509e-09, 3.63346117638e-08, 1.31080440724e-07, 1.55057094275e-07, 2.59675942971e-07, 1.91956441853e-08, 3.15982306986e-09, 1.05375672632e-08, 4.99749663874e-09, 1.10784914575e-09, 6.50438092276e-10, 3.30225985445e-10, 3.56392935996e-11, 3.9245728195e-11, 4.08359908388e-11, 6.6524993847e-11, 4.0948156324e-12, 7.8989842011e-13, 1.16104811854e-13, 3.66831097562e-14, 2.19929529774e-14, 2.291406065e-14], [4.81271855593e-14, 8.77422727573e-14, -1.00669404995e-13, -2.16249950889e-13, 1.88497151915e-11, 8.90406026688e-10, 2.1895187885e-08, 1.08964897549e-07, 1.64488540122e-07, 2.45524034881e-07, 1.49248933212e-08, 3.03168357085e-09, 4.99749663874e-09, 6.64890587032e-09, 9.73857328113e-10, 5.22263898795e-10, 2.70879568776e-10, 3.58347830576e-11, 3.63567440043e-11, 3.15632381342e-11, 5.16723851207e-11, 3.23352239082e-12, 6.24434260809e-13, 9.35759038615e-14, 2.85722339614e-14, 1.40212624836e-14, 1.45379127709e-14], [1.14312407129e-14, 1.70687150801e-14, -4.6610901716e-14, -1.64584762919e-13, 4.77716130542e-12, 3.33433808342e-10, 3.05273117895e-09, 2.07762127502e-08, 2.53399630168e-08, 6.2685764135e-08, 6.17533535419e-09, 9.3775665011e-10, 1.10784914575e-09, 9.73857328113e-10, 4.99930652431e-10, 1.62201196918e-10, 5.88942367097e-11, 6.42210330054e-12, 7.39121177457e-12, 7.57981784977e-12, 8.7168943938e-12, 7.5013302861e-13, 1.62731319305e-13, 2.12757108887e-14, 6.57610503392e-15, 2.90184318598e-15, 2.9983763546e-15], [6.71869201916e-15, 1.25698918573e-14, 1.1256475793e-14, -3.37278761777e-14, 5.08516319331e-12, 1.98262475881e-10, 3.29747007477e-09, 1.27126922322e-08, 1.50153951495e-08, 3.64450549739e-08, 2.19527285239e-09, 3.21884241483e-10, 6.50438092276e-10, 5.22263898795e-10, 1.62201196918e-10, 1.53730667085e-10, 3.60460064575e-11, 4.07194026761e-12, 3.91844803133e-12, 4.42128885586e-12, 6.00481817048e-12, 4.54854307431e-13, 7.57779798112e-14, 1.20419684085e-14, 3.5620844043e-15, 1.54949875799e-15, 1.60155422656e-15], [3.16296989109e-15, 5.79518089061e-15, -3.73918078236e-15, -1.4322347968e-14, 1.82542002347e-12, 7.89797116596e-11, 1.98654559469e-09, 5.56387114159e-09, 9.15883280328e-09, 1.46025724845e-08, 8.95971408177e-10, 1.59272497968e-10, 3.30225985445e-10, 2.70879568776e-10, 5.88942367097e-11, 3.60460064575e-11, 2.37750236165e-11, 2.00382137099e-12, 2.11600962446e-12, 2.10029541502e-12, 2.59161962723e-12, 2.15439821473e-13, 3.52793660984e-14, 4.97761664311e-15, 1.44586692388e-15, 5.86203656587e-16, 6.01525635569e-16], [3.13299037753e-16, 6.5038810756e-16, -5.95266234143e-17, -1.76271590318e-15, 1.50190827115e-13, 6.42393646957e-12, 2.23797730348e-10, 1.06955666546e-09, 1.28771393548e-09, 1.46004608403e-09, 1.01151989562e-10, 1.85259984437e-11, 3.56392935996e-11, 3.58347830576e-11, 6.42210330054e-12, 4.07194026761e-12, 2.00382137099e-12, 3.75529875208e-13, 3.31022454456e-13, 2.52932955613e-13, 3.97207576075e-13, 2.61830911363e-14, 4.49857927737e-15, 7.10112400671e-16, 1.89458612169e-16, 9.0243121811e-17, 9.31318681207e-17], [3.44497193494e-16, 6.73078108514e-16, 3.24337571122e-16, 3.52757098807e-15, 1.43085860543e-13, 3.29128239419e-12, 1.44259673651e-10, 1.25779142657e-09, 9.68084612474e-10, 1.8914150246e-09, 1.31079716525e-10, 2.03475309518e-11, 3.9245728195e-11, 3.63567440043e-11, 7.39121177457e-12, 3.91844803133e-12, 2.11600962446e-12, 3.31022454456e-13, 5.1846417784e-13, 3.77710151567e-13, 3.43412283202e-13, 2.85324030841e-14, 5.24321398812e-15, 8.62293675167e-16, 2.17752411049e-16, 9.7914202906e-17, 1.00398497601e-16], [3.22483230712e-16, 5.44543770444e-16, -8.07924641986e-16, -3.45334210277e-15, 1.1689140053e-13, 4.18006081138e-12, 1.42129280567e-10, 8.57125648235e-10, 9.65024504751e-10, 2.1268160566e-09, 1.27597821198e-10, 1.6046585935e-11, 4.08359908388e-11, 3.15632381342e-11, 7.57981784977e-12, 4.42128885586e-12, 2.10029541502e-12, 2.52932955613e-13, 3.77710151567e-13, 4.12038404698e-13, 3.62058961371e-13, 2.77338136451e-14, 5.31619985257e-15, 8.79953518024e-16, 2.28948691069e-16, 1.0690973251e-16, 1.10212856602e-16], [5.78460346081e-16, 1.02183619537e-15, -1.81403964116e-15, -3.79305165429e-15, 3.04211002092e-13, 1.13953386657e-11, 4.05281058713e-10, 1.38342937106e-09, 2.53940823924e-09, 2.08021289083e-09, 1.16002506212e-10, 3.25321124206e-11, 6.6524993847e-11, 5.16723851207e-11, 8.7168943938e-12, 6.00481817048e-12, 2.59161962723e-12, 3.97207576075e-13, 3.43412283202e-13, 3.62058961371e-13, 1.01414525649e-12, 4.9043488861e-14, 8.60279949626e-15, 1.25081027096e-15, 3.89620623828e-16, 2.23545044382e-16, 2.33475791004e-16], [3.87357298853e-17, 7.25743189338e-17, -1.55215495406e-17, 1.32094986648e-16, 2.75807259925e-14, 8.58055759691e-13, 2.32110424631e-11, 1.04543089463e-10, 1.49820919559e-10, 1.60920859971e-10, 1.03063243703e-11, 2.65817576284e-12, 4.0948156324e-12, 3.23352239082e-12, 7.5013302861e-13, 4.54854307431e-13, 2.15439821473e-13, 2.61830911363e-14, 2.85324030841e-14, 2.77338136451e-14, 4.9043488861e-14, 3.98310551886e-15, 5.51349627236e-16, 8.43656859215e-17, 2.50519622533e-17, 1.12431257398e-17, 1.1632520186e-17], [6.55218779472e-18, 1.07103081016e-17, -3.91898222631e-17, -1.13013954854e-16, 2.71959684759e-15, 1.21409962162e-13, 4.09985543778e-12, 1.91502213392e-11, 2.52332581913e-11, 3.14793573153e-11, 1.99597218094e-12, 4.75457509735e-13, 7.8989842011e-13, 6.24434260809e-13, 1.62731319305e-13, 7.57779798112e-14, 3.52793660984e-14, 4.49857927737e-15, 5.24321398812e-15, 5.31619985257e-15, 8.60279949626e-15, 5.51349627236e-16, 1.43264135144e-16, 1.80841881655e-17, 5.24999168437e-18, 2.90898824638e-18, 3.03609633482e-18], [9.46073763537e-19, 1.69359057585e-18, -2.17643192602e-18, -1.29658931472e-17, 3.8649295467e-16, 1.56951800054e-14, 5.87314051559e-13, 3.09930228183e-12, 3.38222765767e-12, 4.61641792501e-12, 3.00648747434e-13, 6.04386332648e-14, 1.16104811854e-13, 9.35759038615e-14, 2.12757108887e-14, 1.20419684085e-14, 4.97761664311e-15, 7.10112400671e-16, 8.62293675167e-16, 8.79953518024e-16, 1.25081027096e-15, 8.43656859215e-17, 1.80841881655e-17, 2.97679430914e-18, 8.53152532824e-19, 4.87630002135e-19, 5.09279748609e-19], [2.70917186097e-19, 5.12431720333e-19, -9.05761323179e-19, 4.71631812101e-19, 1.74939488072e-16, 6.26019393184e-15, 1.36584347348e-13, 7.39076660115e-13, 1.07078853163e-12, 1.37162384315e-12, 8.60745190943e-14, 2.10377894982e-14, 3.66831097562e-14, 2.85722339614e-14, 6.57610503392e-15, 3.5620844043e-15, 1.44586692388e-15, 1.89458612169e-16, 2.17752411049e-16, 2.28948691069e-16, 3.89620623828e-16, 2.50519622533e-17, 5.24999168437e-18, 8.53152532824e-19, 3.56896510315e-19, 2.35089072786e-19, 2.47424998207e-19], [1.22460884364e-19, 2.42128793389e-19, -6.89182329455e-19, -5.03667741743e-19, 9.03650019112e-17, 3.23015569743e-15, 5.56095967885e-14, 3.61646124289e-13, 4.98061227677e-13, 6.02517981254e-13, 3.38181122916e-14, 8.29581527442e-15, 2.19929529774e-14, 1.40212624836e-14, 2.90184318598e-15, 1.54949875799e-15, 5.86203656587e-16, 9.0243121811e-17, 9.7914202906e-17, 1.0690973251e-16, 2.23545044382e-16, 1.12431257398e-17, 2.90898824638e-18, 4.87630002135e-19, 2.35089072786e-19, 1.90770532098e-19, 2.01795544269e-19], [1.25994638715e-19, 2.50322611892e-19, -7.28189892396e-19, -5.00788946416e-19, 9.46762937336e-17, 3.37343216749e-15, 5.66626891349e-14, 3.73803039303e-13, 5.16715088685e-13, 6.22200912754e-13, 3.45291015832e-14, 8.53530282883e-15, 2.291406065e-14, 1.45379127709e-14, 2.9983763546e-15, 1.60155422656e-15, 6.01525635569e-16, 9.31318681207e-17, 1.00398497601e-16, 1.10212856602e-16, 2.33475791004e-16, 1.1632520186e-17, 3.03609633482e-18, 5.09279748609e-19, 2.47424998207e-19, 2.01795544269e-19, 2.13506366716e-19]]
    },
    "mfcc": {
        "kurt": [-1.23913574219, -1.57675111294, -0.456160306931, -1.58124136925, -1.37135720253, -0.830948352814, -0.42964720726, -0.773527622223, 0.120528697968, 0.693907022476, 1.83964014053, 0.750461101532, 1.0028424263],
        "max": [-785.647827148, 195.920013428, 50.4249610901, 27.1320381165, 9.09712219238, 3.46436309814, 1.87633132935, 5.99544525146, 34.5559196472, 33.2900543213, 20.5898323059, 33.1156463623, 13.6026763916],
        "mean": [-1006.75109863, 100.994888306, -10.1546983719, -38.9860916138, -42.0201911926, -29.3901615143, -21.2844085693, -17.0508556366, 0.164389505982, 0.0914784520864, -4.57761192322, -2.58175516129, -8.93313407898],
        "median": [-1031.1348877, 109.773384094, 11.8666687012, -37.7573928833, -46.8465576172, -30.6229820251, -20.2613754272, -14.7512817383, -2.2466583252, -1.4471206665, -4.3020362854, -4.14746856689, -8.24604415894],
        "min": [-1138.42004395, 1.14440917969e-05, -124.418121338, -116.02368927, -104.774734497, -70.4765625, -53.8199768066, -48.1172637939, -22.312789917, -24.4209823608, -50.3460426331, -35.792049408, -38.545879364],
        "skew": [0.454971551895, -0.0897758603096, -0.954676091671, -0.108589246869, -0.00640800688416, 0.0350674577057, -0.419514775276, -0.391503661871, 0.747891247272, 0.650563001633, -0.640807211399, 0.562471330166, -0.497117698193],
        "var": [10622.4882812, 3437.76538086, 2035.1015625, 1619.21569824, 932.802856445, 252.780639648, 134.37739563, 123.91620636, 104.320671082, 80.1527786255, 86.0238037109, 112.37978363, 57.6167602539],
        "cov": [[10636.8037109, 5739.17333984, -4183.87402344, -3903.26538086, -2965.46777344, -1396.95263672, -834.812316895, -935.207275391, 736.620178223, 434.683410645, -2.46801376343, 495.357391357, -150.290985107], [5739.17333984, 3442.39868164, -1919.75708008, -2224.34912109, -1691.67382812, -811.966796875, -541.760986328, -542.162719727, 336.408660889, 204.697143555, -9.15931129456, 267.904174805, -73.3376235962], [-4183.87402344, -1919.75708008, 2037.84436035, 1508.34399414, 1093.40893555, 482.602600098, 225.941925049, 317.608795166, -362.951049805, -225.229827881, -14.75141716, -203.606384277, 48.6437644958], [-3903.26538086, -2224.34912109, 1508.34399414, 1621.39794922, 1179.21447754, 527.703857422, 316.70135498, 333.015991211, -280.224700928, -195.526473999, -21.2863426208, -202.375732422, 31.1113777161], [-2965.46777344, -1691.67382812, 1093.40893555, 1179.21447754, 934.059997559, 447.529998779, 247.767166138, 254.522598267, -208.581726074, -151.475540161, -32.351348877, -153.67388916, 37.7702064514], [-1396.95263672, -811.966796875, 482.602600098, 527.703857422, 447.529998779, 253.121307373, 140.719284058, 123.422325134, -86.9879150391, -70.5254135132, -25.5955715179, -77.1678695679, 15.349691391], [-834.812316895, -541.760986328, 225.941925049, 316.70135498, 247.767166138, 140.719284058, 134.558502197, 108.475952148, -40.3131484985, -10.3619241714, -2.00027894974, -61.5844573975, 7.91287660599], [-935.207275391, -542.162719727, 317.608795166, 333.015991211, 254.522598267, 123.422325134, 108.475952148, 124.083213806, -39.0558700562, -17.8125152588, 3.08806228638, -63.3615951538, 4.4636721611], [736.620178223, 336.408660889, -362.951049805, -280.224700928, -208.581726074, -86.9879150391, -40.3131484985, -39.0558700562, 104.461265564, 58.875038147, -2.72323846817, 25.5148239136, -25.5221862793], [434.683410645, 204.697143555, -225.229827881, -195.526473999, -151.475540161, -70.5254135132, -10.3619241714, -17.8125152588, 58.875038147, 80.2608032227, 38.5327796936, 23.4845848083, -5.48892498016], [-2.46801376343, -9.15931129456, -14.75141716, -21.2863426208, -32.351348877, -25.5955715179, -2.00027894974, 3.08806228638, -2.72323846817, 38.5327796936, 86.1397323608, 58.2405128479, 9.01998233795], [495.357391357, 267.904174805, -203.606384277, -202.375732422, -153.67388916, -77.1678695679, -61.5844573975, -63.3615951538, 25.5148239136, 23.4845848083, 58.2405128479, 112.531242371, 28.9340362549], [-150.290985107, -73.3376235962, 48.6437644958, 31.1113777161, 37.7702064514, 15.349691391, 7.91287660599, 4.4636721611, -25.5221862793, -5.48892498016, 9.01998233795, 28.9340362549, 57.6944122314]]
    },
    "sccoeffs": {
        "kurt": [0.147918701172, 0.0829555988312, 0.244287014008, -0.416879892349, -0.461486101151, -0.914821386337],
        "max": [-0.494808226824, -0.373004376888, -0.316826045513, -0.564564406872, -0.723805308342, -0.685360729694],
        "mean": [-0.693097710609, -0.760741531849, -0.753032684326, -0.822714209557, -0.861950218678, -0.817070841789],
        "median": [-0.699069142342, -0.794634819031, -0.783777534962, -0.83306658268, -0.878872931004, -0.832753479481],
        "min": [-0.952389359474, -0.952841937542, -0.960454165936, -0.960525929928, -0.963234722614, -0.959969639778],
        "skew": [0.205020591617, 0.932284533978, 0.977345347404, 0.587914705276, 0.783581852913, 0.49572005868],
        "var": [0.00439028581604, 0.0161159355193, 0.0174185540527, 0.00459953444079, 0.00219265045598, 0.0028543388471],
        "cov": [[0.00439620297402, 0.000300844927551, 0.000340167549439, 0.000261487235548, 0.000363082363037, 0.000582549313549], [0.000300844927551, 0.0161376558244, 0.011600445956, 0.00668083690107, 0.00424783956259, 0.00530468439683], [0.000340167549439, 0.011600445956, 0.0174420289695, 0.0074121709913, 0.00500376196578, 0.00546494312584], [0.000261487235548, 0.00668083690107, 0.0074121709913, 0.00460573332384, 0.00257696281187, 0.0029691059608], [0.000363082363037, 0.00424783956259, 0.00500376196578, 0.00257696281187, 0.00219560554251, 0.00217126426287], [0.000582549313549, 0.00530468439683, 0.00546494312584, 0.0029691059608, 0.00217126426287, 0.002858185675]]
    },
    "scvalleys": {
        "kurt": [83.3485946655, 14.3663196564, 6.03149223328, 7.39953136444, 33.4083175659, 57.2516555786],
        "max": [-9.45394229889, -5.30148029327, -4.86079025269, -6.41647195816, -8.31036376953, -11.9583120346],
        "mean": [-11.504368782, -8.42037773132, -9.00783061981, -10.2876834869, -11.4034519196, -14.0191459656],
        "median": [-11.4656867981, -8.3030834198, -9.18253707886, -10.7257633209, -11.65620327, -14.1627025604],
        "min": [-27.659570694, -27.6202774048, -27.1778755188, -27.3093681335, -27.3395423889, -27.2145233154],
        "skew": [-5.42012786865, -1.58388352394, -0.702822089195, -0.705223441124, -2.45896792412, -3.94709610939],
        "var": [1.03753697872, 3.38180184364, 4.40439367294, 3.59044647217, 1.5927977562, 0.84157961607],
        "cov": [[1.03893530369, 1.39777600765, 1.52118754387, 1.38651299477, 0.927887022495, 0.662056207657], [1.39777600765, 3.3863594532, 3.66393971443, 3.25842547417, 2.00133895874, 1.33404576778], [1.52118754387, 3.66393971443, 4.41032981873, 3.88504600525, 2.39301991463, 1.57081258297], [1.38651299477, 3.25842547417, 3.88504600525, 3.59528517723, 2.2459256649, 1.488286376], [0.927887022495, 2.00133895874, 2.39301991463, 2.2459256649, 1.59494435787, 1.09074962139], [0.662056207657, 1.33404576778, 1.57081258297, 1.488286376, 1.09074962139, 0.842713773251]]
    }
},
"rhythm": {
    "beats_loudness": {
        "kurt": -0.311582326889,
        "max": 0.0412305444479,
        "mean": 0.0106119979173,
        "median": 0.00376758119091,
        "min": 8.06590207958e-08,
        "skew": 1.06846678257,
        "var": 0.000189451922779
    },
    "bpm": 92.7641906738,
    "confidence": 1.07031226158,
    "first_peak_bpm": {
        "kurt": 0,
        "max": 92,
        "mean": 92,
        "median": 92,
        "min": 92,
        "skew": 0,
        "var": 0
    },
    "first_peak_spread": {
        "kurt": 0,
        "max": 0.45454543829,
        "mean": 0.45454543829,
        "median": 0.45454543829,
        "min": 0.45454543829,
        "skew": 0,
        "var": 0
    },
    "first_peak_weight": {
        "kurt": 0,
        "max": 0.1875,
        "mean": 0.1875,
        "median": 0.1875,
        "min": 0.1875,
        "skew": 0,
        "var": 0
    },
    "onset_rate": 1.68416142464,
    "second_peak_bpm": {
        "kurt": 0,
        "max": 157,
        "mean": 157,
        "median": 157,
        "min": 157,
        "skew": 0,
        "var": 0
    },
    "second_peak_spread": {
        "kurt": 0,
        "max": 0.25,
        "mean": 0.25,
        "median": 0.25,
        "min": 0.25,
        "skew": 0,
        "var": 0
    },
    "second_peak_weight": {
        "kurt": 0,
        "max": 0.1875,
        "mean": 0.1875,
        "median": 0.1875,
        "min": 0.1875,
        "skew": 0,
        "var": 0
    },
    "beats_loudness_band_ratio": {
        "kurt": [7.46833229065, 0.0171835422516, -1.24755764008, 2.012550354, 2.28298377991, 2.1991443634],
        "max": [0.458645761013, 0.605593144894, 0.984746456146, 0.933617949486, 0.0870290845633, 0.0590312741697],
        "mean": [0.0542431436479, 0.137858614326, 0.638213992119, 0.240071669221, 0.0186416897923, 0.00942933093756],
        "median": [7.56837107474e-05, 0.012897384353, 0.713236093521, 0.180169671774, 0.00794071517885, 0.000488072808366],
        "min": [3.18855222758e-06, 0.00027055296232, 0.177718997002, 0.0165860559791, 0.000994613859802, 9.48220331338e-05],
        "skew": [2.81389498711, 1.01758956909, -0.231535613537, 1.68689227104, 1.77734160423, 1.83394908905],
        "var": [0.0110354721546, 0.0284193232656, 0.0636484846473, 0.0575557053089, 0.000516520871315, 0.000252343859756],
        "cov": [[0.0113803306594, 0.010875958018, -0.0149679575115, -0.00621052831411, 0.000956875446718, 0.000533028796781], [0.010875958018, 0.0293074268848, -0.0283341109753, -0.0147230718285, 0.00281716906466, 0.00188821251504], [-0.0149679575115, -0.0283341109753, 0.065637499094, -0.0262801293284, -0.00319437449798, -0.00196745945141], [-0.00621052831411, -0.0147230718285, -0.0262801293284, 0.0593543201685, -0.00108524260577, -0.000850978482049], [0.000956875446718, 0.00281716906466, -0.00319437449798, -0.00108524260577, 0.000532662146725, 0.000292543933028], [0.000533028796781, 0.00188821251504, -0.00196745945141, -0.000850978482049, 0.000292543933028, 0.000260229600826]]
    },
    "beats_position": [0.371519267559, 0.754648506641, 1.17260766029, 1.55573689938, 1.93886613846, 2.32199549675, 2.69351458549, 3.06503391266, 3.44816327095, 3.84290242195, 4.2492518425, 4.65560102463, 5.0387301445, 5.45668935776, 5.97913837433, 6.48997735977, 7.01242637634, 7.56970500946, 8.13859367371, 8.67265319824, 9.26476192474, 9.86848068237, 10.5186395645, 11.1687984467, 11.8421764374, 12.4807252884, 13.1076641083, 13.7578229904, 14.4079818726, 15.0581407547, 15.7082986832, 16.3468475342, 16.9853973389],
    "bpm_estimates": [92.2851333618, 92.2851333618, 89.1030044556, 93.9630508423, 95.7031173706, 92.2851333618, 92.2851333618, 92.2851333618, 92.2852706909, 93.9630508423, 93.9629135132],
    "bpm_intervals": [0.383129239082, 0.417959153652, 0.383129239082, 0.383129239082, 0.383129358292, 0.371519088745, 0.371519327164, 0.383129358292, 0.394739151001, 0.406349420547, 0.406349182129, 0.383129119873, 0.417959213257, 0.522449016571, 0.510838985443, 0.522449016571, 0.557278633118, 0.568888664246, 0.534059524536, 0.592108726501, 0.603718757629, 0.650158882141, 0.650158882141, 0.673377990723, 0.638548851013, 0.626938819885, 0.650158882141, 0.650158882141, 0.650158882141, 0.650157928467, 0.638548851013, 0.638549804688],
    "onset_times": [0.197369620204, 0.46439909935, 0.696598649025, 0.9287981987, 1.17260766029, 1.42802715302, 2.29877543449, 2.60063481331, 2.97215414047, 3.41333341599, 3.80807256699, 4.62077093124, 4.94585037231, 6.1068482399, 6.45514726639, 7.74385499954, 8.13859367371, 10.1819505692, 11.1339683533, 11.5403175354, 11.8305673599, 12.0975961685, 12.4691152573, 12.7593650818, 13.0612249374, 14.0248527527, 14.3847618103, 14.6750116348, 15.7547388077],
    "histogram": [[0, 0, 0, 0, 0, 0, 0, 0, 0, 0, 0, 0, 0, 0, 0, 0, 0, 0, 0, 0, 0, 0, 0, 0, 0, 0, 0, 0, 0, 0, 0, 0, 0, 0, 0, 0, 0, 0, 0, 0, 0, 0, 0, 0, 0, 0, 0, 0, 0, 0, 0, 0, 0, 0, 0, 0, 0, 0, 0, 0, 0, 0, 0, 0, 0, 0, 0, 0, 0, 0, 0, 0, 0, 0, 0, 0, 0, 0, 0, 0, 0, 0, 0, 0, 0, 0, 0, 0, 0, 0.03125, 0, 0, 0.1875, 0, 0.09375, 0, 0.03125, 0, 0, 0.03125, 0, 0.03125, 0, 0, 0, 0.03125, 0, 0, 0.03125, 0, 0, 0, 0.03125, 0, 0, 0.0625, 0, 0.03125, 0, 0, 0, 0, 0, 0, 0, 0, 0, 0, 0, 0, 0, 0, 0, 0, 0, 0, 0, 0, 0, 0, 0, 0, 0, 0, 0.0625, 0, 0, 0, 0.0625, 0, 0, 0, 0.03125, 0, 0, 0, 0, 0.1875, 0, 0, 0, 0.0625, 0, 0, 0, 0, 0, 0, 0, 0, 0, 0, 0, 0, 0, 0, 0, 0, 0, 0, 0, 0, 0, 0, 0, 0, 0, 0, 0, 0, 0, 0, 0, 0, 0, 0, 0, 0, 0, 0, 0, 0, 0, 0, 0, 0, 0, 0, 0, 0, 0, 0, 0, 0, 0, 0, 0, 0, 0, 0, 0, 0, 0, 0, 0, 0, 0, 0, 0, 0, 0, 0, 0, 0, 0, 0, 0, 0, 0, 0, 0, 0, 0, 0, 0, 0, 0, 0, 0, 0]]
},
"sfx": {
    "inharmonicity": {
        "kurt": 0.85386800766,
        "max": 0.452315032482,
        "mean": 0.0891798660159,
        "median": 0.0479152239859,
        "min": 0,
        "skew": 1.29987299442,
        "var": 0.0116514703259
    },
    "oddtoevenharmonicenergyratio": {
        "kurt": 425.700683594,
        "max": 106.800086975,
        "mean": 1.1991546154,
        "median": 0.320054024458,
        "min": 0,
        "skew": 18.621515274,
        "var": 19.8366794586
    },
    "pitch_after_max_to_before_max_energy_ratio": 0.509513258934,
    "pitch_centroid": 350.261383057,
    "pitch_max_to_total": 0.558546423912,
    "pitch_min_to_total": 0.662180364132,
    "tristimulus": {
        "kurt": [-1.56405723095, -1.17261433601, 1.27767372131],
        "max": [1, 0.951495826244, 0.997388660908],
        "mean": [0.421627193689, 0.402466654778, 0.17590610683],
        "median": [0.308338016272, 0.385622262955, 0.12931831181],
        "min": [0, 0, 0],
        "skew": [0.298863947392, 0.314763337374, 1.12970113754],
        "var": [0.134319663048, 0.0802621468902, 0.0292978174984],
        "cov": [[0.134500697255, -0.0927668586373, -0.041733764112], [-0.0927668586373, 0.0803703218699, 0.0123964706436], [-0.041733764112, 0.0123964706436, 0.0293373018503]]
    }
},
"tonal": {
    "chords_changes_rate": 0.139784947038,
    "chords_number_rate": 0.0295698922127,
    "chords_strength": {
        "kurt": -1.16936731339,
        "max": 0.65907484293,
        "mean": 0.476345390081,
        "median": 0.479591369629,
        "min": 0.297481954098,
        "skew": -0.0432338938117,
        "var": 0.00731090363115
    },
    "key_strength": 0.51925778389,
    "tuning_diatonic_strength": 0.431299239397,
    "tuning_equal_tempered_deviation": 0.159660473466,
    "tuning_frequency": 435.197479248,
    "tuning_nontempered_energy_ratio": 0.879025638103,
    "hpcp": {
        "kurt": [5.6970243454, 8.45855331421, 8.37863254547, 5.70355892181, 2.96766901016, 3.6524605751, 5.78061008453, 3.73626422882, 1.53096532822, 1.22221755981, 1.38417863846, 0.478366613388, 0.211997032166, 1.1556019783, 3.69441699982, 4.61004114151, 5.60200595856, 8.63609600067, 8.62982940674, 7.63943099976, 7.48656845093, 9.7797498703, 8.87813949585, 5.3237695694, 3.65728902817, 4.41235494614, 3.99998283386, 1.82837629318, 0.688345193863, -0.488010406494, -1.01001977921, -0.680142641068, 0.622387170792, 1.73832654953, 2.90796995163, 3.54710674286],
