{
"metadata": {
    "version": {
        "essentia": "2.1-beta3"
    }
},
"lowLevel": {
    "average_loudness": 0.540212452412,
    "barkbands_kurtosis": {
        "kurt": 70.7227249146,
        "max": 59.7965316772,
        "mean": 0.760154664516,
        "median": -0.315819263458,
        "min": -1.79700314999,
        "skew": 7.2251291275,
        "var": 19.3276863098
    },
    "barkbands_skewness": {
        "kurt": 8.12280750275,
        "max": 6.98757505417,
        "mean": 0.763586342335,
        "median": 0.610759735107,
        "min": -2.10124397278,
        "skew": 1.65803790092,
        "var": 0.818055450916
    },
    "barkbands_spread": {
        "kurt": 9.43402671814,
        "max": 106.766990662,
        "mean": 17.9149227142,
        "median": 16.4429855347,
        "min": 0.673504531384,
        "skew": 1.36341619492,
        "var": 97.1274871826
    },
    "dissonance": {
        "kurt": 6.57954311371,
        "max": 0.499991029501,
        "mean": 0.454487711191,
        "median": 0.476223796606,
        "min": 0.168878123164,
        "skew": -2.43926644325,
        "var": 0.00336973182857
    },
    "hfc": {
        "kurt": 76.8147964478,
        "max": 2.83948779106,
        "mean": 0.0472165644169,
        "median": 1.23938834804e-05,
        "min": 1.16875564826e-16,
        "skew": 7.53540229797,
        "var": 0.0398646257818
    },
    "pitch": {
        "kurt": 35.3216018677,
        "max": 3436.09936523,
        "mean": 401.829437256,
        "median": 407.006744385,
        "min": 69.2980041504,
        "skew": 5.28292703629,
        "var": 144395.25
    },
    "pitch_instantaneous_confidence": {
        "kurt": -0.265741109848,
        "max": 0.987214207649,
        "mean": 0.414789527655,
        "median": 0.334901750088,
        "min": 0.097670674324,
        "skew": 0.914342045784,
        "var": 0.0597538799047
    },
    "pitch_salience": {
        "kurt": 1.33630609512,
        "max": 0.827232897282,
        "mean": 0.616271138191,
        "median": 0.64532071352,
        "min": 0.0885101780295,
        "skew": -1.05290150642,
        "var": 0.0161502026021
    },
    "silence_rate_20dB": {
        "kurt": 0,
        "max": 1,
        "mean": 1,
        "median": 1,
        "min": 1,
        "skew": 0,
        "var": 0
    },
    "silence_rate_30dB": {
        "kurt": 0,
        "max": 1,
        "mean": 1,
        "median": 1,
        "min": 1,
        "skew": 0,
        "var": 0
    },
    "silence_rate_60dB": {
        "kurt": 0,
        "max": 1,
        "mean": 1,
        "median": 1,
        "min": 1,
        "skew": 0,
        "var": 0
    },
    "spectral_centroid": {
        "kurt": 71.7611312866,
        "max": 11173.2763672,
        "mean": 1066.26782227,
        "median": 939.385192871,
        "min": 372.794403076,
        "skew": 8.32547569275,
        "var": 1201183.75
    },
    "spectral_complexity": {
        "kurt": 20.6888122559,
        "max": 5,
        "mean": 0.164203613997,
        "median": 0,
        "min": 0,
        "skew": 4.37890815735,
        "var": 0.373693645
    },
    "spectral_crest": {
        "kurt": 0.781814813614,
        "max": 25.6665000916,
        "mean": 8.97365665436,
        "median": 7.90894937515,
        "min": 2.64381861687,
        "skew": 1.06542992592,
        "var": 20.529882431
    },
    "spectral_decrease": {
        "kurt": 97.2942962646,
        "max": 1.9042964548e-28,
        "mean": -1.28395176435e-11,
        "median": -3.23995269226e-15,
        "min": -8.41848035726e-10,
        "skew": -8.34666252136,
        "var": 3.01559961026e-21
    },
    "spectral_energy": {
        "kurt": 95.5987854004,
        "max": 0.00343487877399,
        "mean": 5.27419215359e-05,
        "median": 1.32134561071e-08,
        "min": 1.05081204155e-20,
        "skew": 8.27346801758,
        "var": 5.06512982668e-08
    },
    "spectral_energyband_high": {
        "kurt": 72.6884002686,
        "max": 1.22936160096e-06,
        "mean": 2.06528181224e-08,
        "median": 1.01797126284e-10,
        "min": 7.50442889412e-21,
        "skew": 7.9772400856,
        "var": 1.13150269455e-14
    },
    "spectral_energyband_low": {
        "kurt": 13.2865715027,
        "max": 1.72340168803e-08,
        "mean": 1.68385139165e-09,
        "median": 8.898843884e-10,
        "min": 1.16926320213e-23,
        "skew": 3.2934486866,
        "var": 5.56763896576e-18
    },
    "spectral_energyband_middle_high": {
        "kurt": 53.2034301758,
        "max": 0.00119556882419,
        "mean": 2.32730144489e-05,
        "median": 4.64248595122e-09,
        "min": 1.30742650988e-21,
        "skew": 6.51946878433,
        "var": 9.56919876671e-09
    },
    "spectral_energyband_middle_low": {
        "kurt": 161.923721313,
        "max": 0.00261446367949,
        "mean": 2.97430851788e-05,
        "median": 4.96671459516e-09,
        "min": 2.14370035364e-22,
        "skew": 11.1479139328,
        "var": 2.26182397256e-08
    },
    "spectral_flatness_db": {
        "kurt": 0.617909193039,
        "max": 0.583146810532,
        "mean": 0.221642449498,
        "median": 0.171756237745,
        "min": 0.0737749859691,
        "skew": 1.17243468761,
        "var": 0.0112246572971
    },
    "spectral_flux": {
        "kurt": 18.8623447418,
        "max": 0.0527338571846,
        "mean": 0.00229681818746,
        "median": 6.90193555783e-05,
        "min": 6.48576609086e-11,
        "skew": 3.82716608047,
        "var": 3.30117472913e-05
    },
    "spectral_kurtosis": {
        "kurt": 4.303150177,
        "max": 112.766532898,
        "mean": 18.6899166107,
        "median": 9.66460514069,
        "min": -1.2614723444,
        "skew": 2.03862190247,
        "var": 406.65020752
    },
    "spectral_rms": {
        "kurt": 16.0029983521,
        "max": 0.00183060136624,
        "mean": 8.42249210109e-05,
        "median": 3.59042860509e-06,
        "min": 3.20184720751e-12,
        "skew": 3.66047906876,
        "var": 4.43617054202e-08
    },
    "spectral_rolloff": {
        "kurt": 59.3784713745,
        "max": 19164.5507812,
        "mean": 1925.26000977,
        "median": 1701.12304688,
        "min": 430.6640625,
        "skew": 7.39542770386,
        "var": 3971294.75
    },
    "spectral_skewness": {
        "kurt": 2.2925195694,
        "max": 8.33740234375,
        "mean": 2.75195813179,
        "median": 2.28787636757,
        "min": -0.0300616845489,
        "skew": 1.41928970814,
        "var": 1.83966493607
    },
    "spectral_spread": {
        "kurt": 65.0599822998,
        "max": 48420724,
        "mean": 3045263.25,
        "median": 2575554.25,
        "min": 722950.4375,
        "skew": 7.94771289825,
        "var": 2.11641622856e+13
    },
    "spectral_strongpeak": {
        "kurt": 18.494310379,
        "max": 0.769863128662,
        "mean": 0.0317887440324,
        "median": 0.000678552605677,
        "min": 0,
        "skew": 3.76721048355,
        "var": 0.00656743673608
    },
    "zerocrossingrate": {
        "kurt": 59.5514564514,
        "max": 0.52587890625,
        "mean": 0.0608772076666,
        "median": 0.05419921875,
        "min": 0.0205078125,
        "skew": 7.50484085083,
        "var": 0.00268473452888
    },
    "barkbands": {
        "kurt": [37.644443512, 6.28756046295, 14.5990066528, 13.7664299011, 27.5396556854, 41.8743896484, 90.0374145508, 385.143005371, 54.0958328247, 41.1951904297, 76.2826309204, 351.02520752, 58.574596405, 35.5603103638, 104.221244812, 50.0365524292, 135.232376099, 84.1439666748, 61.3199081421, 156.862411499, 106.703620911, 120.127861023, 124.516784668, 300.752044678, 98.1516265869, 75.3502807617, 78.3076934814],
        "max": [1.49694978635e-10, 1.99728944494e-09, 1.38128957161e-08, 6.1065410506e-09, 4.59189983815e-08, 3.4068201785e-05, 0.0010380637832, 0.00251459563151, 3.53436553269e-05, 0.000260928063653, 0.000244986469625, 0.00094804354012, 4.4564356358e-05, 6.02208820055e-05, 0.00013631915499, 7.95397427282e-05, 0.000234219623962, 1.56939713634e-05, 3.90701279684e-06, 8.52970003962e-07, 7.69181383475e-07, 4.32504805303e-07, 9.16960374298e-08, 5.58451738186e-08, 4.26638324669e-09, 2.82205592228e-10, 1.37811345668e-10],
        "mean": [5.41780119032e-12, 2.20208656865e-10, 1.08916864416e-09, 5.45172351707e-10, 1.87530124762e-09, 7.79230049375e-07, 1.44552950587e-05, 1.32122358991e-05, 7.87445969763e-07, 5.6780295381e-06, 4.04435377277e-06, 4.92640765515e-06, 8.89010209448e-07, 1.5177890873e-06, 1.73791352154e-06, 1.75801392288e-06, 2.62203980128e-06, 2.3477569755e-07, 7.10832424033e-08, 9.02237928813e-09, 9.09516284509e-09, 5.08355180173e-09, 9.70765134944e-10, 4.0877004559e-10, 5.82834058793e-11, 4.54064216782e-12, 2.20993752811e-12],
        "median": [1.29227975976e-12, 1.33533462066e-10, 4.16977341544e-10, 2.56782400898e-10, 3.41117384339e-10, 4.08704098342e-10, 1.311954545e-09, 6.82974898858e-10, 3.88224341563e-10, 5.0192444645e-10, 7.02755076354e-10, 4.36902292122e-10, 3.23083143572e-10, 2.91040580525e-10, 3.19896886758e-10, 3.06578401554e-10, 4.86842455238e-10, 3.33491706472e-10, 1.74002631748e-10, 7.495236376e-11, 3.89856896765e-11, 1.5366295042e-11, 2.63496321116e-12, 7.71769421374e-13, 2.54245246818e-13, 6.25887171341e-15, 3.44097923339e-16],
        "min": [6.74154958272e-25, 1.95571161293e-24, 5.32219524748e-24, 3.19071319753e-24, 8.58982119997e-24, 2.46702869027e-23, 7.12276079732e-24, 1.03382572435e-23, 1.96829252442e-23, 3.36202515049e-23, 3.39747056423e-23, 6.30807700368e-23, 4.32484660916e-23, 4.06095906796e-23, 3.46013104811e-23, 8.00986328423e-23, 6.98298915995e-23, 6.51954599991e-23, 1.68834005176e-22, 1.99584144049e-22, 2.58110289966e-22, 4.29538069798e-22, 4.01567788402e-22, 7.1125678309e-22, 1.05832771251e-21, 1.6640086027e-21, 2.4413674363e-21],
        "skew": [5.72420120239, 2.11981916428, 3.49215102196, 3.27160024643, 4.7138671875, 5.74070119858, 8.4807806015, 18.2711181641, 6.84882974625, 6.06401920319, 7.88946294785, 17.3990726471, 7.16987991333, 5.78161859512, 9.15559387207, 6.58126306534, 10.086479187, 8.33173942566, 7.23099517822, 11.5944833755, 9.32058620453, 9.61957550049, 10.0742273331, 15.5015058517, 8.7700510025, 7.91066741943, 8.33460617065],
        "var": [2.50013068225e-22, 6.17706557453e-20, 3.28168791305e-18, 6.29399143152e-19, 2.29066594085e-17, 8.70753989746e-12, 5.33217026089e-09, 1.29354233991e-08, 1.19345358249e-11, 7.19663051374e-10, 3.44618777959e-10, 1.93568072682e-09, 1.75009555459e-11, 4.45163940432e-11, 8.17412734722e-11, 5.78675753149e-11, 1.96230837135e-10, 1.33256426726e-12, 1.20751783681e-13, 3.22001501899e-15, 2.58628402609e-15, 7.29390552913e-16, 3.35353611795e-17, 7.19804297238e-18, 8.40691961624e-20, 4.98490268443e-22, 1.34140735601e-22],
        "cov": [[2.50424285637e-22, 7.78438500185e-22, 5.73594673382e-22, 1.85198105501e-21, 1.73686538262e-20, 1.47084673944e-17, 5.22865973862e-16, 4.11732948312e-16, 1.92172932558e-17, 2.08098180979e-16, 1.50336939663e-16, 8.05473408046e-17, 3.38675172088e-17, 6.88292818715e-17, 4.51586053621e-17, 5.17342974939e-17, 1.08304398728e-16, 6.55447412193e-18, 2.45632337553e-18, 3.60009578701e-19, 2.88966654804e-19, 1.41324466814e-19, 2.73641718702e-20, 1.32423602758e-20, 1.74480663962e-21, 1.20135248603e-22, 4.60518852667e-23], [7.78438500185e-22, 6.18722503266e-20, 2.19194874864e-19, 7.56650863753e-20, 1.1175365172e-19, 1.02886531152e-16, 6.43056243308e-16, 9.94174613942e-17, 9.86337904819e-17, 4.14773849532e-16, 3.73635206289e-16, 2.67487843136e-16, 2.95337326912e-17, 1.3804985326e-16, 5.77623001073e-17, 7.30556189363e-17, 2.27768932992e-16, 5.76324360598e-18, 1.85265192757e-18, 7.1031576013e-19, 1.00729060894e-18, 3.18490178432e-19, 6.00437223461e-20, 2.59569744739e-20, 6.7287774332e-21, 4.22987570789e-22, 1.85808335481e-22], [5.73594673382e-22, 2.19194874864e-19, 3.28708547334e-18, 8.27506159823e-19, -6.61417882947e-20, 1.43855096134e-17, -2.5171174332e-15, -6.63343984708e-15, -1.56517169978e-16, -2.60182236905e-16, -1.00078774427e-15, -2.7200070233e-15, -2.84536048795e-16, -3.01954374766e-17, -7.96672921013e-16, -5.34539623123e-16, -6.39681928744e-16, -1.02446206368e-16, -2.73249768216e-17, -2.14639306887e-18, -3.27125757911e-18, -1.88589362805e-18, -4.70983250802e-19, -1.93492240657e-19, -1.77276049757e-20, -1.51391752874e-21, -7.91399446992e-22], [1.85198105501e-21, 7.56650863753e-20, 8.27506159823e-19, 6.30434359689e-19, 5.32007983505e-19, 3.37141506441e-16, 6.01468354966e-15, 6.69062642948e-15, 4.69108233771e-16, 3.59356353675e-15, 1.84909219386e-15, 4.70875229203e-15, 3.44521042766e-16, 7.82428579697e-16, 7.2635965727e-16, 7.71051868424e-16, 1.56077054306e-15, 1.37846578588e-16, 3.04432574794e-17, 5.65671680516e-18, 9.38499766976e-18, 3.32065970043e-18, 8.93998814869e-19, 3.31035819987e-19, 5.83537600429e-20, 3.41279695779e-21, 1.12236080174e-21], [1.73686538262e-20, 1.1175365172e-19, -6.61417882947e-20, 5.32007983505e-19, 2.2944335831e-17, 3.53625349929e-15, 5.29099164384e-14, 1.16377461595e-13, 3.72739262483e-15, 2.24433508887e-14, 2.06602127035e-14, 1.51711274972e-14, 5.35907581332e-15, 5.9147366265e-15, 7.21120144392e-15, 7.09613837078e-15, 1.83307077742e-14, 1.17553053541e-15, 3.88655403315e-16, 5.86126550119e-17, 5.86609425073e-17, 3.21610800011e-17, 6.87277859832e-18, 3.11699108321e-18, 3.08786651913e-19, 2.2592141067e-20, 9.1286569958e-21], [1.47084673944e-17, 1.02886531152e-16, 1.43855096134e-17, 3.37141506441e-16, 3.53625349929e-15, 8.72186177447e-12, 4.02393882104e-11, 2.54698311053e-11, 2.7247225743e-12, 2.22267707711e-11, 9.31483622874e-12, 7.185138335e-12, 2.5175334907e-12, 3.17750968766e-12, 2.532072425e-12, 3.30143291177e-12, 7.87312489509e-12, 5.38991323362e-13, 1.57201034416e-13, 1.86305489672e-14, 2.23175207562e-14, 2.07843945098e-14, 2.09328501629e-15, 9.23385979427e-16, 1.30424558266e-16, 1.16839906724e-17, 7.32737514269e-18], [5.22865973862e-16, 6.43056243308e-16, -2.5171174332e-15, 6.01468354966e-15, 5.29099164384e-14, 4.02393882104e-11, 5.3409401346e-09, 1.76286574227e-09, 6.71311964351e-11, 9.58202961421e-10, 7.34175276129e-10, 3.5557995437e-10, 1.84378554091e-10, 2.534951693e-10, 2.09253767092e-10, 2.19181450767e-10, 6.18587625567e-10, 3.5758528083e-11, 1.35920137992e-11, 2.57462280662e-12, 2.06225813336e-12, 1.10469348513e-12, 1.37329587264e-13, 5.30418740072e-14, 9.33462749236e-15, 9.09586542167e-16, 3.48719864495e-16], [4.11732948312e-16, 9.94174613942e-17, -6.63343984708e-15, 6.69062642948e-15, 1.16377461595e-13, 2.54698311053e-11, 1.76286574227e-09, 1.2956698825e-08, 1.77267520107e-10, 3.73240272022e-10, 1.52297230382e-09, 5.92542070965e-10, 2.61168198179e-10, 3.6510222623e-10, 4.43743181089e-10, 5.17587528392e-10, 1.23698140619e-09, 8.53988546545e-11, 2.43715533865e-11, 4.29321552267e-12, 2.94082878709e-12, 1.24309633767e-12, 4.5669549956e-13, 2.68059934059e-13, 1.25190402343e-14, 7.61607186364e-16, 2.51018240389e-16], [1.92172932558e-17, 9.86337904819e-17, -1.56517169978e-16, 4.69108233771e-16, 3.72739262483e-15, 2.7247225743e-12, 6.71311964351e-11, 1.77267520107e-10, 1.19541650884e-11, 2.90332462932e-11, 3.40606327864e-11, 7.29004218103e-11, 6.99624256098e-12, 1.19044470462e-11, 1.64393533508e-11, 1.52745732729e-11, 2.4542610999e-11, 2.3769187573e-12, 6.31764931168e-13, 8.5741865539e-14, 1.12206583272e-13, 4.6288334629e-14, 1.22445024565e-14, 5.19021725419e-15, 7.02109262809e-16, 4.51902963057e-17, 1.7376075239e-17], [2.08098180979e-16, 4.14773849532e-16, -2.60182236905e-16, 3.59356353675e-15, 2.24433508887e-14, 2.22267707711e-11, 9.58202961421e-10, 3.73240272022e-10, 2.90332462932e-11, 7.2084666014e-10, 2.58881360793e-10, 1.87485790781e-10, 8.34617722156e-11, 1.09322273456e-10, 1.46031631232e-10, 1.07843158015e-10, 1.80978995679e-10, 2.01227697699e-11, 4.94770283771e-12, 6.17640053685e-13, 5.54225827558e-13, 3.96205448007e-13, 8.23565933332e-14, 2.44611324468e-14, 4.02768274529e-15, 3.40160252455e-16, 1.34802964215e-16], [1.50336939663e-16, 3.73635206289e-16, -1.00078774427e-15, 1.84909219386e-15, 2.06602127035e-14, 9.31483622874e-12, 7.34175276129e-10, 1.52297230382e-09, 3.40606327864e-11, 2.58881360793e-10, 3.45185574568e-10, 1.67391239758e-10, 6.03824212853e-11, 9.20544612759e-11, 1.01097880068e-10, 9.8793216663e-11, 2.23864107807e-10, 1.6215256568e-11, 5.1221318853e-12, 8.16385804445e-13, 6.36535203886e-13, 3.4550219131e-13, 7.92470269636e-14, 3.6493811445e-14, 3.28964303308e-15, 2.53585014917e-16, 7.95819747077e-17], [8.05473408046e-17, 2.67487843136e-16, -2.7200070233e-15, 4.70875229203e-15, 1.51711274972e-14, 7.185138335e-12, 3.5557995437e-10, 5.92542070965e-10, 7.29004218103e-11, 1.87485790781e-10, 1.67391239758e-10, 1.93886440236e-09, 4.39298770971e-11, 1.22014454096e-10, 2.19034707039e-10, 1.71833033913e-10, 1.51850934604e-10, 1.76152894354e-11, 6.4632166806e-12, 6.65445563236e-13, 1.05940234883e-12, 3.49055419985e-13, 1.20258349719e-13, 4.24029945e-14, 8.90895870802e-15, 4.72347076003e-16, 1.34118760117e-16], [3.38675172088e-17, 2.95337326912e-17, -2.84536048795e-16, 3.44521042766e-16, 5.35907581332e-15, 2.5175334907e-12, 1.84378554091e-10, 2.61168198179e-10, 6.99624256098e-12, 8.34617722156e-11, 6.03824212853e-11, 4.39298770971e-11, 1.75297398125e-11, 1.96234244132e-11, 2.8767497065e-11, 2.44223044565e-11, 4.87031769081e-11, 3.71222800763e-12, 1.22693370221e-12, 1.8524624109e-13, 1.31665362749e-13, 7.00815612682e-14, 1.77065291953e-14, 7.48070106972e-15, 7.6057248268e-16, 6.60365348351e-17, 2.47340022976e-17], [6.88292818715e-17, 1.3804985326e-16, -3.01954374766e-17, 7.82428579697e-16, 5.9147366265e-15, 3.17750968766e-12, 2.534951693e-10, 3.6510222623e-10, 1.19044470462e-11, 1.09322273456e-10, 9.20544612759e-11, 1.22014454096e-10, 1.96234244132e-11, 4.45896132517e-11, 4.08198509716e-11, 3.78595939321e-11, 6.75937361638e-11, 5.00470845322e-12, 1.77653692538e-12, 2.32576761669e-13, 1.95076295612e-13, 8.70874756315e-14, 2.33217257491e-14, 1.09953863573e-14, 1.24793226476e-15, 8.42459498735e-17, 2.995933366e-17], [4.51586053621e-17, 5.77623001073e-17, -7.96672921013e-16, 7.2635965727e-16, 7.21120144392e-15, 2.532072425e-12, 2.09253767092e-10, 4.43743181089e-10, 1.64393533508e-11, 1.46031631232e-10, 1.01097880068e-10, 2.19034707039e-10, 2.8767497065e-11, 4.08198509716e-11, 8.18757145415e-11, 5.50536352617e-11, 8.23994761312e-11, 8.05893286132e-12, 2.35371379505e-12, 2.9015123095e-13, 2.57895430272e-13, 1.07824136447e-13, 4.05799763096e-14, 1.50354988876e-14, 1.80256679165e-15, 1.39982054527e-16, 5.81614974709e-17], [5.17342974939e-17, 7.30556189363e-17, -5.34539623123e-16, 7.71051868424e-16, 7.09613837078e-15, 3.30143291177e-12, 2.19181450767e-10, 5.17587528392e-10, 1.52745732729e-11, 1.07843158015e-10, 9.8793216663e-11, 1.71833033913e-10, 2.44223044565e-11, 3.78595939321e-11, 5.50536352617e-11, 5.79627526531e-11, 7.6005660099e-11, 6.95786614088e-12, 2.32485753739e-12, 2.91507296817e-13, 2.55556020139e-13, 1.09993462363e-13, 3.38987599926e-14, 1.46154857422e-14, 1.57703092867e-15, 1.11996072715e-16, 4.07754150008e-17], [1.08304398728e-16, 2.27768932992e-16, -6.39681928744e-16, 1.56077054306e-15, 1.83307077742e-14, 7.87312489509e-12, 6.18587625567e-10, 1.23698140619e-09, 2.4542610999e-11, 1.80978995679e-10, 2.23864107807e-10, 1.51850934604e-10, 4.87031769081e-11, 6.75937361638e-11, 8.23994761312e-11, 7.6005660099e-11, 1.96553578968e-10, 1.22135704328e-11, 4.11043334786e-12, 7.13353258842e-13, 5.11772753082e-13, 2.31609300965e-13, 6.44571337494e-14, 3.21854190164e-14, 2.64270891412e-15, 2.11970418567e-16, 7.41500053565e-17], [6.55447412193e-18, 5.76324360598e-18, -1.02446206368e-16, 1.37846578588e-16, 1.17553053541e-15, 5.38991323362e-13, 3.5758528083e-11, 8.53988546545e-11, 2.3769187573e-12, 2.01227697699e-11, 1.6215256568e-11, 1.76152894354e-11, 3.71222800763e-12, 5.00470845322e-12, 8.05893286132e-12, 6.95786614088e-12, 1.22135704328e-11, 1.33475598196e-12, 2.97650820007e-13, 4.66186164921e-14, 4.04575664962e-14, 2.26224119597e-14, 5.98024022541e-15, 2.34784552199e-15, 2.28471202715e-16, 1.71229447367e-17, 5.9289651058e-18], [2.45632337553e-18, 1.85265192757e-18, -2.73249768216e-17, 3.04432574794e-17, 3.88655403315e-16, 1.57201034416e-13, 1.35920137992e-11, 2.43715533865e-11, 6.31764931168e-13, 4.94770283771e-12, 5.1221318853e-12, 6.4632166806e-12, 1.22693370221e-12, 1.77653692538e-12, 2.35371379505e-12, 2.32485753739e-12, 4.11043334786e-12, 2.97650820007e-13, 1.20950382414e-13, 1.58174492113e-14, 1.29337026725e-14, 6.19539082918e-15, 1.55335995768e-15, 6.9973836465e-16, 7.06488608434e-17, 5.57360707388e-18, 1.97775410303e-18], [3.60009578701e-19, 7.1031576013e-19, -2.14639306887e-18, 5.65671680516e-18, 5.86126550119e-17, 1.86305489672e-14, 2.57462280662e-12, 4.29321552267e-12, 8.5741865539e-14, 6.17640053685e-13, 8.16385804445e-13, 6.65445563236e-13, 1.8524624109e-13, 2.32576761669e-13, 2.9015123095e-13, 2.91507296817e-13, 7.13353258842e-13, 4.66186164921e-14, 1.58174492113e-14, 3.22531109249e-15, 2.03252480188e-15, 9.92889056156e-16, 2.38264491772e-16, 1.12492089914e-16, 1.03387832382e-17, 8.83732676287e-19, 2.4860455776e-19], [2.88966654804e-19, 1.00729060894e-18, -3.27125757911e-18, 9.38499766976e-18, 5.86609425073e-17, 2.23175207562e-14, 2.06225813336e-12, 2.94082878709e-12, 1.12206583272e-13, 5.54225827558e-13, 6.36535203886e-13, 1.05940234883e-12, 1.31665362749e-13, 1.95076295612e-13, 2.57895430272e-13, 2.55556020139e-13, 5.11772753082e-13, 4.04575664962e-14, 1.29337026725e-14, 2.03252480188e-15, 2.59053782555e-15, 1.01022707943e-15, 2.46024451769e-16, 1.00327194632e-16, 1.29911420082e-17, 9.43763241291e-19, 3.54083837738e-19], [1.41324466814e-19, 3.18490178432e-19, -1.88589362805e-18, 3.32065970043e-18, 3.21610800011e-17, 2.07843945098e-14, 1.10469348513e-12, 1.24309633767e-12, 4.6288334629e-14, 3.96205448007e-13, 3.4550219131e-13, 3.49055419985e-13, 7.00815612682e-14, 8.70874756315e-14, 1.07824136447e-13, 1.09993462363e-13, 2.31609300965e-13, 2.26224119597e-14, 6.19539082918e-15, 9.92889056156e-16, 1.01022707943e-15, 7.30590216265e-16, 1.0752884742e-16, 3.84732853293e-17, 5.0055796657e-18, 4.1837001435e-19, 1.42197375005e-19], [2.73641718702e-20, 6.00437223461e-20, -4.70983250802e-19, 8.93998814869e-19, 6.87277859832e-18, 2.09328501629e-15, 1.37329587264e-13, 4.5669549956e-13, 1.22445024565e-14, 8.23565933332e-14, 7.92470269636e-14, 1.20258349719e-13, 1.77065291953e-14, 2.33217257491e-14, 4.05799763096e-14, 3.38987599926e-14, 6.44571337494e-14, 5.98024022541e-15, 1.55335995768e-15, 2.38264491772e-16, 2.46024451769e-16, 1.0752884742e-16, 3.35905175827e-17, 1.37187366925e-17, 1.36937051731e-18, 9.70713186314e-20, 3.41648760504e-20], [1.32423602758e-20, 2.59569744739e-20, -1.93492240657e-19, 3.31035819987e-19, 3.11699108321e-18, 9.23385979427e-16, 5.30418740072e-14, 2.68059934059e-13, 5.19021725419e-15, 2.44611324468e-14, 3.6493811445e-14, 4.24029945e-14, 7.48070106972e-15, 1.09953863573e-14, 1.50354988876e-14, 1.46154857422e-14, 3.21854190164e-14, 2.34784552199e-15, 6.9973836465e-16, 1.12492089914e-16, 1.00327194632e-16, 3.84732853293e-17, 1.37187366925e-17, 7.2098815813e-18, 5.34243542508e-19, 3.42331152198e-20, 1.25365958831e-20], [1.74480663962e-21, 6.7287774332e-21, -1.77276049757e-20, 5.83537600429e-20, 3.08786651913e-19, 1.30424558266e-16, 9.33462749236e-15, 1.25190402343e-14, 7.02109262809e-16, 4.02768274529e-15, 3.28964303308e-15, 8.90895870802e-15, 7.6057248268e-16, 1.24793226476e-15, 1.80256679165e-15, 1.57703092867e-15, 2.64270891412e-15, 2.28471202715e-16, 7.06488608434e-17, 1.03387832382e-17, 1.29911420082e-17, 5.0055796657e-18, 1.36937051731e-18, 5.34243542508e-19, 8.4207471034e-20, 5.62283655032e-21, 1.93748398459e-21], [1.20135248603e-22, 4.22987570789e-22, -1.51391752874e-21, 3.41279695779e-21, 2.2592141067e-20, 1.16839906724e-17, 9.09586542167e-16, 7.61607186364e-16, 4.51902963057e-17, 3.40160252455e-16, 2.53585014917e-16, 4.72347076003e-16, 6.60365348351e-17, 8.42459498735e-17, 1.39982054527e-16, 1.11996072715e-16, 2.11970418567e-16, 1.71229447367e-17, 5.57360707388e-18, 8.83732676287e-19, 9.43763241291e-19, 4.1837001435e-19, 9.70713186314e-20, 3.42331152198e-20, 5.62283655032e-21, 4.99310178914e-22, 2.13020086096e-22], [4.60518852667e-23, 1.85808335481e-22, -7.91399446992e-22, 1.12236080174e-21, 9.1286569958e-21, 7.32737514269e-18, 3.48719864495e-16, 2.51018240389e-16, 1.7376075239e-17, 1.34802964215e-16, 7.95819747077e-17, 1.34118760117e-16, 2.47340022976e-17, 2.995933366e-17, 5.81614974709e-17, 4.07754150008e-17, 7.41500053565e-17, 5.9289651058e-18, 1.97775410303e-18, 2.4860455776e-19, 3.54083837738e-19, 1.42197375005e-19, 3.41648760504e-20, 1.25365958831e-20, 1.93748398459e-21, 2.13020086096e-22, 1.34361351597e-22]]
    },
    "mfcc": {
        "kurt": [3.25684070587, 1.2715754509, 5.18662261963, 1.7351064682, 1.81592226028, 2.08539628983, 1.27227020264, 5.03216934204, 9.58285331726, 5.42271232605, 6.49994850159, 4.92013120651, 3.43709850311],
        "max": [-864.036010742, 126.876167297, 10.6551208496, 4.18754959106, 14.3590087891, 3.40892791748, 3.01329421997, 6.64825439453, 21.7577018738, 19.5940189362, 33.8028831482, 50.0179290771, 50.0320396423],
        "mean": [-1106.0871582, 20.3921070099, -13.2700004578, -14.063624382, -5.88122224808, -8.5218000412, -9.0700674057, -2.31171870232, 0.48994782567, -1.45047700405, 0.399906128645, 4.48030376434, 5.91553592682],
        "median": [-1138.30932617, 0.136608123779, -6.103515625e-05, 8.01086425781e-05, -6.103515625e-05, 2.28881835938e-05, -2.67028808594e-05, -5.34057617188e-05, -4.57763671875e-05, -2.28881835938e-05, -2.67028808594e-05, -3.0517578125e-05, -3.81469726562e-05],
        "min": [-1138.42004395, 1.14440917969e-05, -146.858169556, -101.121803284, -50.9850463867, -60.757396698, -64.0277786255, -25.5532989502, -32.2181777954, -31.3961410522, -24.2061367035, -16.6182327271, -7.88112258911],
        "skew": [2.04322385788, 1.61008107662, -2.44459009171, -1.71539652348, -1.59820616245, -1.77023291588, -1.58623683453, -2.20939683914, -0.382247596979, -1.68082106113, 0.761695504189, 2.12017560005, 1.96345078945],
        "var": [3653.98486328, 1165.56164551, 953.535827637, 628.971252441, 102.242736816, 220.902984619, 235.828323364, 25.0657196045, 20.9136829376, 40.2120437622, 38.4653053284, 87.5938644409, 104.673484802],
        "cov": [[3659.99462891, 2025.25085449, -1814.01721191, -1480.84289551, -485.811767578, -847.651367188, -844.801452637, -128.820617676, 53.3621444702, -168.628952026, 86.919921875, 423.391998291, 446.669158936], [2025.25085449, 1167.47875977, -961.225219727, -843.80847168, -290.762420654, -485.800872803, -493.966705322, -84.1503677368, 26.1499977112, -105.294898987, 34.5403366089, 238.782333374, 259.00302124], [-1814.01721191, -961.225219727, 955.104125977, 725.807434082, 205.787277222, 394.877746582, 395.032745361, 49.2028694153, -35.1474494934, 66.8873596191, -53.5371208191, -203.32623291, -216.657943726], [-1480.84289551, -843.80847168, 725.807434082, 630.005737305, 204.122024536, 340.083190918, 350.214111328, 54.6556091309, -28.5365047455, 65.723777771, -25.2037467957, -169.051879883, -196.199661255], [-485.811767578, -290.762420654, 205.787277222, 204.122024536, 102.410903931, 130.055297852, 114.635292053, 20.188079834, -6.16261434555, 24.8592166901, -9.10859394073, -58.3368377686, -64.0005264282], [-847.651367188, -485.800872803, 394.877746582, 340.083190918, 130.055297852, 221.266311646, 213.703445435, 34.407787323, -11.6799182892, 40.1229782104, -26.9987373352, -110.486671448, -106.126548767], [-844.801452637, -493.966705322, 395.032745361, 350.214111328, 114.635292053, 213.703445435, 236.216201782, 49.1612129211, -16.8755569458, 37.6516609192, -23.048084259, -117.444091797, -122.940788269], [-128.820617676, -84.1503677368, 49.2028694153, 54.6556091309, 20.188079834, 34.407787323, 49.1612129211, 25.1069469452, 3.39503884315, 3.45337796211, -6.97703409195, -26.1659851074, -30.1687469482], [53.3621444702, 26.1499977112, -35.1474494934, -28.5365047455, -6.16261434555, -11.6799182892, -16.8755569458, 3.39503884315, 20.9480800629, 12.2818183899, 0.0704925209284, 4.52791786194, 15.4831047058], [-168.628952026, -105.294898987, 66.8873596191, 65.723777771, 24.8592166901, 40.1229782104, 37.6516609192, 3.45337796211, 12.2818183899, 40.2781829834, 15.8993549347, -15.3472642899, -10.4069356918], [86.919921875, 34.5403366089, -53.5371208191, -25.2037467957, -9.10859394073, -26.9987373352, -23.048084259, -6.97703409195, 0.0704925209284, 15.8993549347, 38.5285720825, 33.1402702332, 11.1192646027], [423.391998291, 238.782333374, -203.32623291, -169.051879883, -58.3368377686, -110.486671448, -117.444091797, -26.1659851074, 4.52791786194, -15.3472642899, 33.1402702332, 87.7379379272, 74.0637512207], [446.669158936, 259.00302124, -216.657943726, -196.199661255, -64.0005264282, -106.126548767, -122.940788269, -30.1687469482, 15.4831047058, -10.4069356918, 11.1192646027, 74.0637512207, 104.84564209]]
    },
    "sccoeffs": {
        "kurt": [0.492809772491, 2.27818584442, 3.34233236313, 5.41128635406, -0.384692192078, 4.11954832077],
        "max": [-0.686851024628, -0.321514427662, -0.48723718524, -0.559230625629, -0.612909018993, -0.739198982716],
        "mean": [-0.839751005173, -0.823726296425, -0.861055135727, -0.874872803688, -0.84240180254, -0.85519194603],
        "median": [-0.842233598232, -0.869651138783, -0.898847043514, -0.902784645557, -0.87992399931, -0.858844041824],
        "min": [-0.971621096134, -0.968945026398, -0.974561750889, -0.966187000275, -0.962116658688, -0.961167693138],
        "skew": [0.112490996718, 1.64024782181, 1.89420282841, 2.32098698616, 0.963916361332, 0.243868410587],
        "var": [0.00158789975103, 0.0149284778163, 0.00878037232906, 0.00533931516111, 0.00650656362996, 0.000687641440891],
        "cov": [[0.00159051141236, -0.000185741941095, -4.3524949433e-05, -6.68089560349e-05, 0.000288725481369, 0.000306858361], [-0.000185741941095, 0.0149530312046, 0.00965596642345, 0.00716379610822, 0.00791259389371, 0.00113942148164], [-4.3524949433e-05, 0.00965596642345, 0.0087948134169, 0.00622627511621, 0.00541169056669, 0.000669113302138], [-6.68089560349e-05, 0.00716379610822, 0.00622627511621, 0.00534809706733, 0.00379105145112, 0.000436156609794], [0.000288725481369, 0.00791259389371, 0.00541169056669, 0.00379105145112, 0.006517264992, 0.00122969958466], [0.000306858361, 0.00113942148164, 0.000669113302138, 0.000436156609794, 0.00122969958466, 0.00068877247395]]
    },
    "scvalleys": {
        "kurt": [52.3842964172, 20.4889678955, 17.3218040466, 15.7959423065, 27.807849884, 13.6573047638],
        "max": [-11.2720918655, -6.8759303093, -6.72612810135, -6.81197929382, -8.97732067108, -11.9367647171],
        "mean": [-13.2647762299, -12.0036287308, -12.0462207794, -12.5573530197, -13.7870531082, -16.5948925018],
        "median": [-13.0379829407, -12.3508625031, -12.5085191727, -13.0277805328, -13.9095878601, -16.8543300629],
        "min": [-27.995098114, -27.6660308838, -27.5028476715, -27.3975772858, -27.4383563995, -27.3472137451],
        "skew": [-6.8846616745, -3.12132740021, -2.59421682358, -2.36226344109, -3.99956560135, -2.08940553665],
        "var": [2.96756696701, 5.57127666473, 5.998254776, 5.84206008911, 3.84935951233, 3.37611937523],
        "cov": [[2.97244787216, 3.40714383125, 3.42636990547, 3.3423500061, 3.00619387627, 2.53690862656], [3.40714383125, 5.5804400444, 5.66394996643, 5.56269693375, 4.40273952484, 4.02959251404], [3.42636990547, 5.66394996643, 6.0081205368, 5.83620691299, 4.5627951622, 4.20602035522], [3.3423500061, 5.56269693375, 5.83620691299, 5.85166835785, 4.54305648804, 4.21817588806], [3.00619387627, 4.40273952484, 4.5627951622, 4.54305648804, 3.8556907177, 3.47868156433], [2.53690862656, 4.02959251404, 4.20602035522, 4.21817588806, 3.47868156433, 3.38167214394]]
    }
},
"rhythm": {
    "beats_loudness": {
        "kurt": 7.05356693268,
        "max": 0.00217852671631,
        "mean": 0.000237792541157,
        "median": 1.40678979577e-08,
        "min": 2.670264454e-09,
        "skew": 2.69105863571,
        "var": 2.40664235207e-07
    },
    "bpm": 162.540985107,
    "confidence": 1.28023028374,
    "first_peak_bpm": {
        "kurt": 0,
        "max": 161,
        "mean": 161,
        "median": 161,
        "min": 161,
        "skew": 0,
        "var": 0
    },
    "first_peak_spread": {
        "kurt": 0,
        "max": 0,
        "mean": 0,
        "median": 0,
        "min": 0,
        "skew": 0,
        "var": 0
    },
    "first_peak_weight": {
        "kurt": 0,
        "max": 0.307692319155,
        "mean": 0.307692319155,
        "median": 0.307692319155,
        "min": 0.307692319155,
        "skew": 0,
        "var": 0
    },
    "onset_rate": 1.13419544697,
    "second_peak_bpm": {
        "kurt": 0,
        "max": 110,
        "mean": 110,
        "median": 110,
        "min": 110,
        "skew": 0,
        "var": 0
    },
    "second_peak_spread": {
        "kurt": 0,
        "max": 0.16666662693,
        "mean": 0.16666662693,
        "median": 0.16666662693,
        "min": 0.16666662693,
        "skew": 0,
        "var": 0
    },
    "second_peak_weight": {
        "kurt": 0,
        "max": 0.192307695746,
        "mean": 0.192307695746,
        "median": 0.192307695746,
        "min": 0.192307695746,
        "skew": 0,
        "var": 0
    },
    "beats_loudness_band_ratio": {
        "kurt": [-1.17152321339, 2.50357627869, -0.295708417892, 0.218862771988, 2.28379392624, 1.38561677933],
        "max": [0.489172160625, 0.37085723877, 0.951668381691, 0.680079877377, 0.365700274706, 0.118111521006],
        "mean": [0.155592918396, 0.0842133015394, 0.369628548622, 0.258180737495, 0.141222715378, 0.0252534952015],
        "median": [0.0589044876397, 0.0622113719583, 0.287545144558, 0.218933030963, 0.122462779284, 0.0107504343614],
        "min": [8.99379358543e-07, 2.73155055766e-05, 0.0237280353904, 0.0270036216825, 0.0242680404335, 1.60550480359e-05],
        "skew": [0.636147856712, 1.59239315987, 0.895787894726, 0.938584446907, 1.43030357361, 1.34582436085],
        "var": [0.0302309729159, 0.00789585243911, 0.0591395162046, 0.0268367957324, 0.00526712648571, 0.000883142696694],
        "cov": [[0.0313937030733, 0.00385969667695, -0.0265774521977, -0.0116560747847, -0.000150783351273, 0.00252492586151], [0.00385969667695, 0.00819953903556, -0.00895625725389, -0.00495009869337, 0.00243305321783, 0.000924377178308], [-0.0265774521977, -0.00895625725389, 0.0614141151309, -0.0113293342292, -0.0111176818609, -0.00310784927569], [-0.0116560747847, -0.00495009869337, -0.0113293342292, 0.0278689786792, 0.0026237370912, -0.00181903631892], [-0.000150783351273, 0.00243305321783, -0.0111176818609, 0.0026237370912, 0.00546970870346, 0.000535231258254], [0.00252492586151, 0.000924377178308, -0.00310784927569, -0.00181903631892, 0.000535231258254, 0.000917109719012]]
    },
    "beats_position": [0.673378646374, 1.369977355, 2.06657600403, 2.76317453384, 3.44816327095, 4.13315200806, 4.67882061005, 5.22448968887, 5.75854873657, 6.30421733856, 6.84988641739, 7.39555549622, 7.87156438828, 8.37079334259, 8.87002277374, 9.24154186249, 9.61306095123, 9.98458003998, 10.3560991287, 10.7276191711, 11.0991382599, 11.4706573486, 11.8421764374, 12.202085495, 12.5503854752, 12.9102945328, 13.3166437149],
    "bpm_estimates": [161.499099731, 161.499099731, 161.499099731, 161.499099731, 161.498687744, 161.499099731, 161.499099731, 161.499099731, 166.708786011, 166.708786011],
    "bpm_intervals": [0.69659870863, 0.696598649025, 0.696598529816, 0.684988737106, 0.684988737106, 0.54566860199, 0.545669078827, 0.534059047699, 0.54566860199, 0.545669078827, 0.545669078827, 0.476008892059, 0.499228954315, 0.499229431152, 0.371519088745, 0.371519088745, 0.371519088745, 0.371519088745, 0.371520042419, 0.371519088745, 0.371519088745, 0.371519088745, 0.359909057617, 0.348299980164, 0.359909057617, 0.406349182129],
    "onset_times": [0.801088452339, 1.27709746361, 1.99691605568, 3.65714287758, 3.73841261864, 4.00544214249, 5.20126962662, 5.28253984451, 5.39863967896, 5.630838871, 5.71210861206, 7.36072540283, 7.81351470947, 11.8421764374, 12.1324262619, 12.8406352997],
    "histogram": [[0, 0, 0, 0, 0, 0, 0, 0, 0, 0, 0, 0, 0, 0, 0, 0, 0, 0, 0, 0, 0, 0, 0, 0, 0, 0, 0, 0, 0, 0, 0, 0, 0, 0, 0, 0, 0, 0, 0, 0, 0, 0, 0, 0, 0, 0, 0, 0, 0, 0, 0, 0, 0, 0, 0, 0, 0, 0, 0, 0, 0, 0, 0, 0, 0, 0, 0, 0, 0, 0, 0, 0, 0, 0, 0, 0, 0, 0, 0, 0, 0, 0, 0, 0, 0, 0, 0.115384615958, 0, 0.0769230797887, 0, 0, 0, 0, 0, 0, 0, 0, 0, 0, 0, 0, 0, 0, 0, 0, 0, 0, 0, 0, 0, 0.192307695746, 0, 0.0384615398943, 0, 0, 0, 0, 0, 0, 0, 0.0769230797887, 0, 0, 0, 0, 0, 0.0384615398943, 0, 0, 0, 0, 0, 0, 0, 0, 0, 0, 0, 0, 0, 0, 0, 0, 0, 0, 0, 0, 0, 0.0384615398943, 0, 0, 0, 0, 0, 0, 0, 0, 0, 0, 0, 0, 0.307692319155, 0, 0, 0, 0, 0, 0.0769230797887, 0, 0, 0, 0, 0.0384615398943, 0, 0, 0, 0, 0, 0, 0, 0, 0, 0, 0, 0, 0, 0, 0, 0, 0, 0, 0, 0, 0, 0, 0, 0, 0, 0, 0, 0, 0, 0, 0, 0, 0, 0, 0, 0, 0, 0, 0, 0, 0, 0, 0, 0, 0, 0, 0, 0, 0, 0, 0, 0, 0, 0, 0, 0, 0, 0, 0, 0, 0, 0, 0, 0, 0, 0, 0, 0, 0, 0, 0, 0, 0, 0, 0, 0, 0]]
},
"sfx": {
    "inharmonicity": {
        "kurt": 0.506201505661,
        "max": 0.358632028103,
        "mean": 0.0861350744963,
        "median": 0.0618755593896,
        "min": 0,
        "skew": 1.11466407776,
        "var": 0.0067547489889
    },
    "oddtoevenharmonicenergyratio": {
        "kurt": 88.3786849976,
        "max": 39.1764450073,
        "mean": 1.21536540985,
        "median": 0.467821985483,
        "min": 0,
        "skew": 8.34235286713,
        "var": 9.23281955719
    },
    "pitch_after_max_to_before_max_energy_ratio": 13.2056007385,
    "pitch_centroid": 310.595825195,
    "pitch_max_to_total": 0.0082101803273,
    "pitch_min_to_total": 0.610837459564,
    "tristimulus": {
        "kurt": [0.895439386368, -0.0206298828125, -1.03434622288],
        "max": [1, 0.88819861412, 1],
        "mean": [0.29477456212, 0.356061458588, 0.349163800478],
        "median": [0.266432762146, 0.33523106575, 0.344202756882],
        "min": [0, 0, 0],
        "skew": [0.893155038357, 0.453436046839, 0.237715691328],
        "var": [0.0438063293695, 0.0286777783185, 0.0538947023451],
        "cov": [[0.0438783802092, -0.00930998567492, -0.0345684029162], [-0.00930998567492, 0.0287249460816, -0.0194149296731], [-0.0345684029162, -0.0194149296731, 0.0539833419025]]
    }
},
"tonal": {
    "chords_changes_rate": 0.111475408077,
    "chords_number_rate": 0.0360655747354,
    "chords_strength": {
        "kurt": -0.308700323105,
        "max": 0.662553906441,
        "mean": 0.437591612339,
        "median": 0.422985851765,
        "min": 0.270044475794,
        "skew": 0.55496096611,
        "var": 0.00710146641359
    },
    "key_strength": 0.162354767323,
    "tuning_diatonic_strength": 0.242929205298,
    "tuning_equal_tempered_deviation": 0.251020431519,
    "tuning_frequency": 452.892974854,
    "tuning_nontempered_energy_ratio": 0.910202085972,
    "hpcp": {
        "kurt": [2.30241537094, 2.09371900558, 1.9221405983, 2.46184778214, 2.72572898865, 1.64682197571, 0.74577999115, 0.543011188507, 1.28516530991, 1.65369796753, 2.30766248703, 2.11355924606, 3.54003190994, 4.12002897263, 4.96945428848, 5.15989017487, 7.49645328522, 15.6903877258, 11.3934545517, 18.0597515106, 18.2225036621, 16.897195816, 26.9599704742, 27.1032409668, 26.9882354736, 17.4528579712, 24.2778530121, 9.68505573273, 13.9757518768, 11.2891454697, 8.24211597443, 3.49285411835, 2.33470630646, 2.02925682068, 1.27618789673, 1.15420675278],
        "max": [1, 1, 1, 1, 1, 1, 1, 1, 1, 1, 1, 1, 1, 1, 1, 1, 1, 1, 0.659802496433, 1, 1, 0.996485173702, 1, 1, 1, 1, 1, 0.795547366142, 1, 1, 1, 1, 1, 1, 1, 1],
