{
"metadata": {
    "version": {
        "essentia": "2.1-beta3"
    }
},
"lowLevel": {
    "average_loudness": 0.861949682236,
    "barkbands_kurtosis": {
        "kurt": 4.70813560486,
        "max": 61.7178192139,
        "mean": 6.54984474182,
        "median": 1.51597929001,
        "min": -1.84307837486,
        "skew": 2.25888490677,
        "var": 148.418701172
    },
    "barkbands_skewness": {
        "kurt": 3.84513235092,
        "max": 5.93274450302,
        "mean": 1.26109778881,
        "median": 1.24644696712,
        "min": -7.81116342545,
        "skew": -0.851444363594,
        "var": 3.48563718796
    },
    "barkbands_spread": {
        "kurt": 0.535811185837,
        "max": 60.9275856018,
        "mean": 16.7221889496,
        "median": 12.8539962769,
        "min": 1.18092954159,
        "skew": 1.04339158535,
        "var": 165.667724609
    },
    "dissonance": {
        "kurt": 7.66860961914,
        "max": 0.499418854713,
        "mean": 0.452127873898,
        "median": 0.468169033527,
        "min": 0.12382017076,
        "skew": -2.33615803719,
        "var": 0.00264348695055
    },
    "hfc": {
        "kurt": 30.2273139954,
        "max": 162.153503418,
        "mean": 8.57356548309,
        "median": 0.982845187187,
        "min": 1.20792470167e-16,
        "skew": 4.77650594711,
        "var": 344.560577393
    },
    "pitch": {
        "kurt": -0.0519871711731,
        "max": 4257.24658203,
        "mean": 998.915039062,
        "median": 443.859436035,
        "min": 66.2830047607,
        "skew": 1.3326369524,
        "var": 1495434.25
    },
    "pitch_instantaneous_confidence": {
        "kurt": -0.819668531418,
        "max": 0.989868342876,
        "mean": 0.503888726234,
        "median": 0.452645421028,
        "min": 0.00987857580185,
        "skew": 0.51241594553,
        "var": 0.0544634573162
    },
    "pitch_salience": {
        "kurt": 1.01638936996,
        "max": 0.837089657784,
        "mean": 0.591442167759,
        "median": 0.629634559155,
        "min": 0.0786779746413,
        "skew": -1.13236987591,
        "var": 0.0227004885674
    },
    "silence_rate_20dB": {
        "kurt": 0,
        "max": 1,
        "mean": 1,
        "median": 1,
        "min": 1,
        "skew": 0,
        "var": 0
    },
    "silence_rate_30dB": {
        "kurt": 83.6762313843,
        "max": 1,
        "mean": 0.98872178793,
        "median": 1,
        "min": 0,
        "skew": -9.25611114502,
        "var": 0.0111511079594
    },
    "silence_rate_60dB": {
        "kurt": -1.86536514759,
        "max": 1,
        "mean": 0.590225577354,
        "median": 1,
        "min": 0,
        "skew": -0.366925537586,
        "var": 0.241859316826
    },
    "spectral_centroid": {
        "kurt": 45.7516860962,
        "max": 10868.9394531,
        "mean": 1085.34936523,
        "median": 877.311157227,
        "min": 140.249160767,
        "skew": 5.05663824081,
        "var": 858917.5625
    },
    "spectral_complexity": {
        "kurt": 1.23404216766,
        "max": 39,
        "mean": 7.2669172287,
        "median": 3,
        "min": 0,
        "skew": 1.38860535622,
        "var": 73.4588317871
    },
    "spectral_crest": {
        "kurt": 0.356754779816,
        "max": 26.2850856781,
        "mean": 11.1533327103,
        "median": 9.75192737579,
        "min": 3.33594703674,
        "skew": 1.00260484219,
        "var": 27.2003669739
    },
    "spectral_decrease": {
        "kurt": 77.9104003906,
        "max": -5.28390496008e-29,
        "mean": -2.52410514712e-09,
        "median": -3.53354512317e-10,
        "min": -8.37469968928e-08,
        "skew": -8.12568283081,
        "var": 5.52048065458e-17
    },
    "spectral_energy": {
        "kurt": 75.0845947266,
        "max": 0.329525113106,
        "mean": 0.0103041958064,
        "median": 0.0014181274455,
        "min": 1.11556550089e-20,
        "skew": 7.94354152679,
        "var": 0.000875743338838
    },
    "spectral_energyband_high": {
        "kurt": 43.5450706482,
        "max": 0.0011660726741,
        "mean": 4.63248434244e-05,
        "median": 4.2864239731e-06,
        "min": 8.11617177016e-21,
        "skew": 5.95305156708,
        "var": 1.5062161296e-08
    },
    "spectral_energyband_low": {
        "kurt": 48.328212738,
        "max": 0.00826038606465,
        "mean": 0.000272385310382,
        "median": 2.34466569964e-05,
        "min": 2.86977342128e-23,
        "skew": 6.0826010704,
        "var": 6.11366544945e-07
    },
    "spectral_energyband_middle_high": {
        "kurt": 20.4538936615,
        "max": 0.0436717420816,
        "mean": 0.00274036894552,
        "median": 0.000289966177661,
        "min": 1.86936982128e-21,
        "skew": 3.97780752182,
        "var": 3.20411891153e-05
    },
    "spectral_energyband_middle_low": {
        "kurt": 89.7129592896,
        "max": 0.32107925415,
        "mean": 0.00747791398317,
        "median": 0.00065938255284,
        "min": 1.59099575201e-22,
        "skew": 8.92819595337,
        "var": 0.000758048030548
    },
    "spectral_flatness_db": {
        "kurt": -0.606768131256,
        "max": 0.414517551661,
        "mean": 0.216287463903,
        "median": 0.212913602591,
        "min": 0.0631074383855,
        "skew": 0.368526756763,
        "var": 0.00564467115328
    },
    "spectral_flux": {
        "kurt": 22.8168754578,
        "max": 0.630280077457,
        "mean": 0.0562394931912,
        "median": 0.0273018628359,
        "min": 1.05620331925e-10,
        "skew": 3.74237537384,
        "var": 0.004940724466
    },
    "spectral_kurtosis": {
        "kurt": 23.06757164,
        "max": 84.6485824585,
        "mean": 10.632651329,
        "median": 8.66677761078,
        "min": -1.17627799511,
        "skew": 3.78360724449,
        "var": 75.6428070068
    },
    "spectral_rms": {
        "kurt": 11.9782218933,
        "max": 0.0179300848395,
        "mean": 0.00211746897548,
        "median": 0.00117623794358,
        "min": 3.29902511559e-12,
        "skew": 2.69601798058,
        "var": 5.56919712835e-06
    },
    "spectral_rolloff": {
        "kurt": 50.8047447205,
        "max": 18475.4882812,
        "mean": 1758.19543457,
        "median": 1431.95800781,
        "min": 150.732421875,
        "skew": 4.99613332748,
        "var": 2351835.5
    },
    "spectral_skewness": {
        "kurt": 5.9151468277,
        "max": 7.64219760895,
        "mean": 2.38526010513,
        "median": 2.27558016777,
        "min": -0.00449671037495,
        "skew": 1.70876300335,
        "var": 0.803290486336
    },
    "spectral_spread": {
        "kurt": 68.1250305176,
        "max": 40072752,
        "mean": 3887639,
        "median": 3293410,
        "min": 1043590.9375,
        "skew": 7.67551231384,
        "var": 1.18928147743e+13
    },
    "spectral_strongpeak": {
        "kurt": 4.97960233688,
        "max": 6.81792879105,
        "mean": 0.788692295551,
        "median": 0.242185711861,
        "min": 0,
        "skew": 2.05435228348,
        "var": 1.20016694069
    },
    "zerocrossingrate": {
        "kurt": 32.8081359863,
        "max": 0.49169921875,
        "mean": 0.0619584843516,
        "median": 0.053466796875,
        "min": 0,
        "skew": 4.0250082016,
        "var": 0.00195099867415
    },
    "barkbands": {
        "kurt": [20.6936302185, 22.1510066986, 57.7002792358, 76.4245529175, 140.660934448, 231.64642334, 181.330307007, 91.7397994995, 38.7180099487, 21.4610729218, 29.8246078491, 55.1769104004, 59.2259750366, 120.029441833, 29.3097839355, 75.731590271, 59.3832321167, 110.64944458, 21.0306472778, 42.182182312, 25.3134899139, 16.1966953278, 16.9436779022, 23.3899784088, 22.8472919464, 32.664604187, 229.571456909],
        "max": [3.26940753439e-05, 0.00187212973833, 0.0043435129337, 0.00470373127609, 0.0204379130155, 0.0788116902113, 0.239915087819, 0.161685049534, 0.0231767334044, 0.0154638281092, 0.00583000201732, 0.00991985574365, 0.0135808121413, 0.0129908826202, 0.00635691080242, 0.00727864122018, 0.00479606259614, 0.00756968418136, 0.00424963049591, 0.00288478843868, 0.000309321651002, 0.000204011012102, 2.67789218924e-05, 6.59720717522e-06, 4.33017066825e-06, 2.03533517151e-07, 8.55558681678e-08],
        "mean": [1.73660203018e-06, 9.50476387516e-05, 0.000119336225907, 0.000101782148704, 0.000239904184127, 0.000556280894671, 0.00234236731194, 0.00322409952059, 0.000717444927432, 0.000741789117455, 0.000226392250624, 0.000242283247644, 0.000395195645979, 0.000247446732828, 0.000237810934777, 0.000157961607329, 0.000122460900457, 0.000192519335542, 0.000227890195674, 8.51960576256e-05, 1.39873927765e-05, 1.30151720441e-05, 1.64696155025e-06, 3.60585914905e-07, 2.45428708467e-07, 9.36714084077e-09, 7.5724759796e-10],
        "median": [3.12670010771e-07, 9.05225715542e-06, 5.85442921874e-06, 5.08627044837e-06, 1.85819899343e-05, 3.44961736118e-05, 4.32466185885e-05, 4.68947328045e-05, 1.7005177142e-05, 2.05713258765e-05, 4.49287790616e-06, 5.17517582921e-06, 8.82364474819e-06, 5.34460332346e-06, 3.4857839637e-06, 4.81631968796e-06, 8.07981541584e-06, 1.70091097971e-05, 3.38264653692e-05, 3.79596394851e-06, 1.14535714602e-06, 1.01002365227e-06, 2.30182308769e-07, 7.26566895537e-08, 3.87858953843e-08, 1.72125003139e-09, 7.72868505305e-11],
        "min": [7.3467247192e-24, 1.65016117187e-23, 6.01100847397e-24, 3.2118755746e-24, 2.71692562555e-23, 3.83776949194e-23, 2.46168762862e-23, 2.71844086957e-23, 2.57370145954e-23, 4.70321459157e-23, 2.12639968735e-22, 9.61921715479e-23, 1.42088843698e-22, 1.34555020105e-22, 1.09302648518e-22, 2.67106308267e-22, 2.16312753649e-22, 2.03389343999e-22, 2.51613206307e-22, 3.54091034169e-22, 5.62133748741e-22, 5.54178698668e-22, 9.28201155577e-22, 7.87532589674e-22, 1.41677368802e-21, 1.35856418456e-21, 2.50242410916e-21],
        "skew": [4.07292842865, 4.32945156097, 6.80582666397, 7.79372549057, 11.5808448792, 14.9635343552, 12.9601325989, 8.79554271698, 5.84099054337, 4.37385511398, 5.2252573967, 6.92403411865, 6.90870571136, 9.90033626556, 5.14260721207, 7.95585680008, 7.22237062454, 9.21555995941, 4.24744415283, 6.34575128555, 4.47722291946, 3.72112512589, 3.72135043144, 4.08318853378, 4.21224546432, 4.91954946518, 14.8797216415],
        "var": [1.52672839648e-11, 5.7856727409e-08, 1.55982363026e-07, 1.52902998707e-07, 2.26253951041e-06, 2.45342143899e-05, 0.000258060579654, 0.000173091160832, 6.4205983108e-06, 4.2350206968e-06, 5.7924637531e-07, 9.08262109078e-07, 1.60516674441e-06, 9.16578756005e-07, 6.26537655535e-07, 3.84142850862e-07, 2.03053673431e-07, 3.16742330142e-07, 2.84310374354e-07, 1.19822473721e-07, 1.24852383987e-09, 8.36115177094e-10, 1.21643337764e-11, 5.31212118564e-13, 2.83587389682e-13, 4.40396649126e-16, 2.89445021624e-17],
        "cov": [[1.53248976009e-11, 3.84523940467e-10, 3.1400151923e-10, 4.39271202746e-10, 9.04218977471e-10, 3.26845321641e-11, -1.44739942254e-09, -4.3434571495e-09, -9.65779345385e-10, -7.28728577482e-10, -2.7377197731e-10, -3.18619602924e-10, -4.12198108979e-10, -2.3096655144e-10, -1.42842931927e-10, -1.00221032862e-10, 5.38114205972e-11, -1.67736685652e-10, -2.78713857549e-10, -1.09118797331e-10, -1.29815082295e-11, -1.15373838955e-11, -6.38987669201e-13, 6.04565022718e-14, -6.70428407343e-14, -6.00875008387e-15, -6.26283918927e-17], [3.84523940467e-10, 5.80750523227e-08, 7.32767446721e-08, 6.47362767836e-08, 3.49898598984e-08, -3.2846916298e-08, -1.514382717e-07, -2.39148391756e-07, -6.07314731838e-08, -5.60276447459e-08, -1.84987687391e-08, -1.97968308413e-08, -3.00625941918e-08, -1.46114684796e-08, -1.06314788084e-08, -5.16956211172e-09, -3.04820257924e-09, -1.19672254328e-08, -1.62796425229e-08, -6.62078525338e-09, -8.73647987287e-10, -7.4301287345e-10, -5.35333513629e-11, -1.22801178948e-11, -9.9831419173e-12, -5.08040116053e-13, -3.88348478809e-14], [3.1400151923e-10, 7.32767446721e-08, 1.56570976628e-07, 1.35255206146e-07, 5.67693732023e-08, -3.7430371691e-08, -1.44918956835e-07, -2.3865581511e-07, -7.8611513743e-08, -6.56101661889e-08, -2.32534222988e-08, -2.53366518876e-08, -3.74017190552e-08, -1.78925496641e-08, -9.69907176795e-09, -4.00306587878e-09, -6.29219387704e-09, -1.4278087157e-08, -2.1217479329e-08, -9.02543551007e-09, -1.02755137732e-09, -6.81116829604e-10, -6.36359090422e-11, -2.14234133905e-11, -1.54822561022e-11, -7.31724630974e-13, -5.91332199678e-14], [4.39271202746e-10, 6.47362767836e-08, 1.35255206146e-07, 1.53480002041e-07, 6.13453892129e-08, -3.50893643031e-08, -1.39390522236e-07, -2.04771922085e-07, -6.6842851254e-08, -6.06194774377e-08, -2.05215648919e-08, -2.23372413899e-08, -3.37412480178e-08, -1.93195628384e-08, -1.76096612847e-08, -1.08515596509e-08, -8.30779889327e-09, -1.54854298273e-08, -2.00390921634e-08, -7.57992690836e-09, -1.12386000506e-09, -1.01267505492e-09, -1.15840732839e-10, -2.61592397049e-11, -1.72202287152e-11, -6.77210132589e-13, -4.75263613729e-14], [9.04218977471e-10, 3.49898598984e-08, 5.67693732023e-08, 6.13453892129e-08, 2.27107739192e-06, 8.63993761868e-07, -1.55161856696e-07, 6.06066350883e-07, 2.75516587322e-08, 2.36731409586e-07, -2.46463667253e-08, -2.73909925852e-08, -6.22557010388e-08, -2.65574886527e-08, -2.31656187566e-08, -1.37689948332e-08, -3.3708413838e-09, -9.82551995321e-09, -3.13943715469e-08, -6.00607030776e-09, 7.66588736933e-10, 1.84827431138e-09, 1.58503016268e-10, 8.30860033552e-11, -7.32719440677e-12, -6.91687267358e-13, -6.29868675121e-14], [3.26845321641e-11, -3.2846916298e-08, -3.7430371691e-08, -3.50893643031e-08, 8.63993761868e-07, 2.46267954935e-05, 7.10015592631e-05, 7.05659488176e-07, 2.82273049379e-07, 3.03243297139e-07, -1.92166709212e-08, 8.57104510033e-07, 3.88158838405e-07, 3.20999546943e-08, 5.01518293561e-08, 6.48215419119e-08, 2.81724027218e-07, 2.12817170109e-07, 1.27698513097e-07, 5.23192795754e-08, 8.981927202e-09, 1.01323580637e-08, 1.02347363917e-09, 3.97342769798e-10, 2.28784782785e-10, 8.33567503217e-12, 1.93378421457e-13], [-1.44739942254e-09, -1.514382717e-07, -1.44918956835e-07, -1.39390522236e-07, -1.55161856696e-07, 7.10015592631e-05, 0.000259034393821, 6.24631793471e-05, 1.26644397369e-06, 4.0590161916e-06, 2.13617553868e-07, 2.6458933462e-06, 2.33426612795e-06, 1.13364819754e-06, 4.66103443841e-07, 5.03909461713e-07, 1.46001707435e-06, 9.77837771643e-07, 1.02206479369e-06, 4.5477318622e-07, 5.69607010448e-08, 5.13107956124e-08, 6.98987001613e-09, 1.53989210272e-09, 1.47839074316e-09, 4.89457988029e-11, 7.49577656889e-12], [-4.3434571495e-09, -2.39148391756e-07, -2.3865581511e-07, -2.04771922085e-07, 6.06066350883e-07, 7.05659488176e-07, 6.24631793471e-05, 0.000173744338099, 4.58978774986e-06, 8.04356295703e-06, 7.14536781743e-07, 1.01879948033e-06, 3.2615487271e-06, 2.6744958177e-06, 1.26050633753e-06, 9.53742301135e-07, 1.12858197099e-06, 1.26046734295e-06, 1.98706356969e-06, 7.2021748565e-07, 8.62137383706e-08, 7.74999264763e-08, 1.9703884746e-08, 2.00078265067e-09, 2.2982842296e-09, 6.20984999533e-11, 1.34514734421e-11], [-9.65779345385e-10, -6.07314731838e-08, -7.8611513743e-08, -6.6842851254e-08, 2.75516587322e-08, 2.82273049379e-07, 1.26644397369e-06, 4.58978774986e-06, 6.4448267949e-06, 8.8924832653e-07, 8.13219344309e-07, 1.10132350528e-06, 1.63620916283e-06, 7.50232345581e-07, 7.04682179276e-07, 7.24645417449e-07, 5.16370675996e-07, 3.52216801502e-07, 2.4248919317e-07, 1.5044666668e-07, 2.40981403721e-08, 1.89386586413e-08, 1.96376559458e-09, 7.38834826652e-10, 6.2043070681e-10, 2.7041067302e-11, 4.32771223371e-13], [-7.28728577482e-10, -5.60276447459e-08, -6.56101661889e-08, -6.06194774377e-08, 2.36731409586e-07, 3.03243297139e-07, 4.0590161916e-06, 8.04356295703e-06, 8.8924832653e-07, 4.25100188295e-06, 3.16028774705e-07, 3.03704467797e-07, 1.22024130178e-06, 2.96748254414e-07, 1.49554935547e-07, 5.37840421089e-08, 8.96550460538e-08, 3.73734707182e-07, 2.32510060982e-07, 1.03927703776e-07, 2.18893916326e-08, 2.26779501844e-08, 1.36734679135e-09, 2.2866988858e-10, 1.79657289046e-10, 1.07476926664e-11, 8.42961984937e-13], [-2.7377197731e-10, -1.84987687391e-08, -2.32534222988e-08, -2.05215648919e-08, -2.46463667253e-08, -1.92166709212e-08, 2.13617553868e-07, 7.14536781743e-07, 8.13219344309e-07, 3.16028774705e-07, 5.81432232138e-07, 5.04792524225e-07, 3.31246980068e-07, 4.10737698076e-07, 3.85758710308e-07, 2.69432092637e-07, 1.94343471094e-07, 1.85635400385e-07, 4.43908092507e-08, 2.23058727045e-08, 7.08054326282e-09, 4.25349355737e-09, 7.23267445935e-10, 2.7125010571e-10, 2.18378051753e-10, 1.0842554285e-11, 1.4710201644e-13], [-3.18619602924e-10, -1.97968308413e-08, -2.53366518876e-08, -2.23372413899e-08, -2.73909925852e-08, 8.57104510033e-07, 2.6458933462e-06, 1.01879948033e-06, 1.10132350528e-06, 3.03704467797e-07, 5.04792524225e-07, 9.11689539862e-07, 4.34390955206e-07, 4.10619691138e-07, 4.44145939582e-07, 4.16192676767e-07, 3.30933545456e-07, 2.53819308682e-07, 1.13887388409e-07, 5.62783029068e-08, 1.41660283504e-08, 7.71130004296e-09, 1.02635833166e-09, 4.14534545579e-10, 3.01939195868e-10, 1.486161888e-11, 1.51447309012e-13], [-4.12198108979e-10, -3.00625941918e-08, -3.74017190552e-08, -3.37412480178e-08, -6.22557010388e-08, 3.88158838405e-07, 2.33426612795e-06, 3.2615487271e-06, 1.63620916283e-06, 1.22024130178e-06, 3.31246980068e-07, 4.34390955206e-07, 1.61122397913e-06, 3.67000268398e-07, 2.85301325675e-07, 2.37096628553e-07, 1.84343576848e-07, 1.62741088161e-07, 1.32631697625e-07, 3.50283073658e-08, 1.18452234688e-08, 1.34027660081e-08, 1.1124515753e-09, 3.22084331428e-10, 2.65506783226e-10, 1.53868567193e-11, 3.76961428652e-13], [-2.3096655144e-10, -1.46114684796e-08, -1.78925496641e-08, -1.93195628384e-08, -2.65574886527e-08, 3.20999546943e-08, 1.13364819754e-06, 2.6744958177e-06, 7.50232345581e-07, 2.96748254414e-07, 4.10737698076e-07, 4.10619691138e-07, 3.67000268398e-07, 9.20037564356e-07, 3.47058403349e-07, 3.08883841171e-07, 2.16100431771e-07, 1.72947608235e-07, 6.12252435417e-08, 2.07427852672e-08, 7.49892947738e-09, 7.0229244642e-09, 1.35477173924e-09, 4.44627112905e-10, 2.96815239054e-10, 9.95510444912e-12, 3.06149989257e-13], [-1.42842931927e-10, -1.06314788084e-08, -9.69907176795e-09, -1.76096612847e-08, -2.31656187566e-08, 5.01518293561e-08, 4.66103443841e-07, 1.26050633753e-06, 7.04682179276e-07, 1.49554935547e-07, 3.85758710308e-07, 4.44145939582e-07, 2.85301325675e-07, 3.47058403349e-07, 6.28901943855e-07, 3.00958305388e-07, 1.95454916252e-07, 2.08188481565e-07, 4.82969433335e-08, 1.23270407215e-08, 8.1621145398e-09, 7.12462089325e-09, 1.53773815903e-09, 3.19702125884e-10, 2.64770594338e-10, 1.14044216779e-11, 1.18729529788e-13], [-1.00221032862e-10, -5.16956211172e-09, -4.00306587878e-09, -1.08515596509e-08, -1.37689948332e-08, 6.48215419119e-08, 5.03909461713e-07, 9.53742301135e-07, 7.24645417449e-07, 5.37840421089e-08, 2.69432092637e-07, 4.16192676767e-07, 2.37096628553e-07, 3.08883841171e-07, 3.00958305388e-07, 3.85592443308e-07, 2.14346371763e-07, 1.11600257924e-07, 3.68215999913e-08, 1.36931843642e-08, 3.96982402506e-09, 4.25403712256e-09, 9.3135943402e-10, 2.65897831531e-10, 2.16599280178e-10, 8.81972706673e-12, 1.34060649951e-13], [5.38114205972e-11, -3.04820257924e-09, -6.29219387704e-09, -8.30779889327e-09, -3.3708413838e-09, 2.81724027218e-07, 1.46001707435e-06, 1.12858197099e-06, 5.16370675996e-07, 8.96550460538e-08, 1.94343471094e-07, 3.30933545456e-07, 1.84343576848e-07, 2.16100431771e-07, 1.95454916252e-07, 2.14346371763e-07, 2.03819922717e-07, 9.35665056545e-08, 5.33986757034e-08, 3.09667420595e-08, 5.2080610935e-09, 3.08136782756e-09, 6.52032872139e-10, 2.23593477067e-10, 1.66413258174e-10, 6.54118556195e-12, 1.48551486325e-13], [-1.67736685652e-10, -1.19672254328e-08, -1.4278087157e-08, -1.54854298273e-08, -9.82551995321e-09, 2.12817170109e-07, 9.77837771643e-07, 1.26046734295e-06, 3.52216801502e-07, 3.73734707182e-07, 1.85635400385e-07, 2.53819308682e-07, 1.62741088161e-07, 1.72947608235e-07, 2.08188481565e-07, 1.11600257924e-07, 9.35665056545e-08, 3.1793757671e-07, 8.18428063099e-08, 4.82134616675e-08, 1.09756683742e-08, 5.74502001527e-09, 8.96293206321e-10, 1.70323227744e-10, 1.35527852829e-10, 5.11517434312e-12, 1.1380813284e-13], [-2.78713857549e-10, -1.62796425229e-08, -2.1217479329e-08, -2.00390921634e-08, -3.13943715469e-08, 1.27698513097e-07, 1.02206479369e-06, 1.98706356969e-06, 2.4248919317e-07, 2.32510060982e-07, 4.43908092507e-08, 1.13887388409e-07, 1.32631697625e-07, 6.12252435417e-08, 4.82969433335e-08, 3.68215999913e-08, 5.33986757034e-08, 8.18428063099e-08, 2.85383237042e-07, 1.44547911418e-07, 1.1287127677e-08, 8.24695423063e-09, 8.70465421965e-10, 1.13035122928e-10, 8.13592179738e-11, 2.69804534617e-12, 6.86043019268e-14], [-1.09118797331e-10, -6.62078525338e-09, -9.02543551007e-09, -7.57992690836e-09, -6.00607030776e-09, 5.23192795754e-08, 4.5477318622e-07, 7.2021748565e-07, 1.5044666668e-07, 1.03927703776e-07, 2.23058727045e-08, 5.62783029068e-08, 3.50283073658e-08, 2.07427852672e-08, 1.23270407215e-08, 1.36931843642e-08, 3.09667420595e-08, 4.82134616675e-08, 1.44547911418e-07, 1.20274634696e-07, 7.1421641934e-09, 4.31209290497e-09, 4.70590177937e-10, 6.38712277512e-11, 4.34258323745e-11, 9.46757537819e-13, 3.09698962439e-14], [-1.29815082295e-11, -8.73647987287e-10, -1.02755137732e-09, -1.12386000506e-09, 7.66588736933e-10, 8.981927202e-09, 5.69607010448e-08, 8.62137383706e-08, 2.40981403721e-08, 2.18893916326e-08, 7.08054326282e-09, 1.41660283504e-08, 1.18452234688e-08, 7.49892947738e-09, 8.1621145398e-09, 3.96982402506e-09, 5.2080610935e-09, 1.09756683742e-08, 1.1287127677e-08, 7.1421641934e-09, 1.2532351823e-09, 7.99400823315e-10, 6.35464875165e-11, 1.29143518796e-11, 8.12501715214e-12, 3.27354300351e-13, 8.42499542217e-15], [-1.15373838955e-11, -7.4301287345e-10, -6.81116829604e-10, -1.01267505492e-09, 1.84827431138e-09, 1.01323580637e-08, 5.13107956124e-08, 7.74999264763e-08, 1.89386586413e-08, 2.26779501844e-08, 4.25349355737e-09, 7.71130004296e-09, 1.34027660081e-08, 7.0229244642e-09, 7.12462089325e-09, 4.25403712256e-09, 3.08136782756e-09, 5.74502001527e-09, 8.24695423063e-09, 4.31209290497e-09, 7.99400823315e-10, 8.39270319908e-10, 5.55744304742e-11, 9.75601977676e-12, 7.12588148211e-12, 2.74150629498e-13, 7.19924726794e-15], [-6.38987669201e-13, -5.35333513629e-11, -6.36359090422e-11, -1.15840732839e-10, 1.58503016268e-10, 1.02347363917e-09, 6.98987001613e-09, 1.9703884746e-08, 1.96376559458e-09, 1.36734679135e-09, 7.23267445935e-10, 1.02635833166e-09, 1.1124515753e-09, 1.35477173924e-09, 1.53773815903e-09, 9.3135943402e-10, 6.52032872139e-10, 8.96293206321e-10, 8.70465421965e-10, 4.70590177937e-10, 6.35464875165e-11, 5.55744304742e-11, 1.22102371616e-11, 1.68528635058e-12, 1.24105001449e-12, 3.33622493238e-14, 9.87918666822e-16], [6.04565022718e-14, -1.22801178948e-11, -2.14234133905e-11, -2.61592397049e-11, 8.30860033552e-11, 3.97342769798e-10, 1.53989210272e-09, 2.00078265067e-09, 7.38834826652e-10, 2.2866988858e-10, 2.7125010571e-10, 4.14534545579e-10, 3.22084331428e-10, 4.44627112905e-10, 3.19702125884e-10, 2.65897831531e-10, 2.23593477067e-10, 1.70323227744e-10, 1.13035122928e-10, 6.38712277512e-11, 1.29143518796e-11, 9.75601977676e-12, 1.68528635058e-12, 5.33216699961e-13, 3.44947649004e-13, 1.06704492722e-14, 2.3062158114e-16], [-6.70428407343e-14, -9.9831419173e-12, -1.54822561022e-11, -1.72202287152e-11, -7.32719440677e-12, 2.28784782785e-10, 1.47839074316e-09, 2.2982842296e-09, 6.2043070681e-10, 1.79657289046e-10, 2.18378051753e-10, 3.01939195868e-10, 2.65506783226e-10, 2.96815239054e-10, 2.64770594338e-10, 2.16599280178e-10, 1.66413258174e-10, 1.35527852829e-10, 8.13592179738e-11, 4.34258323745e-11, 8.12501715214e-12, 7.12588148211e-12, 1.24105001449e-12, 3.44947649004e-13, 2.84657524332e-13, 8.82926307207e-15, 2.70862634156e-16], [-6.00875008387e-15, -5.08040116053e-13, -7.31724630974e-13, -6.77210132589e-13, -6.91687267358e-13, 8.33567503217e-12, 4.89457988029e-11, 6.20984999533e-11, 2.7041067302e-11, 1.07476926664e-11, 1.0842554285e-11, 1.486161888e-11, 1.53868567193e-11, 9.95510444912e-12, 1.14044216779e-11, 8.81972706673e-12, 6.54118556195e-12, 5.11517434312e-12, 2.69804534617e-12, 9.46757537819e-13, 3.27354300351e-13, 2.74150629498e-13, 3.33622493238e-14, 1.06704492722e-14, 8.82926307207e-15, 4.42058527768e-16, 3.4265622694e-17], [-6.26283918927e-17, -3.88348478809e-14, -5.91332199678e-14, -4.75263613729e-14, -6.29868675121e-14, 1.93378421457e-13, 7.49577656889e-12, 1.34514734421e-11, 4.32771223371e-13, 8.42961984937e-13, 1.4710201644e-13, 1.51447309012e-13, 3.76961428652e-13, 3.06149989257e-13, 1.18729529788e-13, 1.34060649951e-13, 1.48551486325e-13, 1.1380813284e-13, 6.86043019268e-14, 3.09698962439e-14, 8.42499542217e-15, 7.19924726794e-15, 9.87918666822e-16, 2.3062158114e-16, 2.70862634156e-16, 3.4265622694e-17, 2.90537263992e-17]]
    },
    "mfcc": {
        "kurt": [-0.488509654999, 3.6670217514, -0.147416114807, -0.614772319794, -0.839606761932, 0.350277662277, -0.508095026016, 0.084353685379, 0.0422780513763, 0.469895362854, -0.286065578461, -0.289546728134, 0.388253927231],
        "max": [-609.435180664, 205.384368896, 69.634552002, 104.486106873, 34.7802772522, 23.3581848145, 35.6746444702, 46.4481506348, 20.9283752441, 31.6914768219, 53.8797683716, 21.4233531952, 26.7496757507],
        "mean": [-821.383300781, 135.624130249, -41.9164161682, 26.3990955353, -16.1145076752, -21.5862007141, -6.90449476242, 1.76987564564, -7.65978717804, 0.266603112221, 14.8054084778, -5.73798847198, 0.611971020699],
        "median": [-842.833496094, 137.201538086, -43.8143959045, 26.1531715393, -8.53528594971, -21.9222106934, -3.6626625061, 2.60740280151, -6.46453952789, 0.0628204345703, 14.161315918, -5.59893608093, 0.738567352295],
        "min": [-1138.42004395, 1.14440917969e-05, -138.645507812, -48.2509994507, -93.0786361694, -84.81690979, -59.4490661621, -42.4117202759, -46.0382614136, -38.1583328247, -11.3544101715, -39.1703109741, -31.0000648499],
        "skew": [-0.000880078237969, -0.948934733868, 0.533061861992, 0.00942625943571, -0.484372168779, -0.329080760479, -0.412105232477, -0.0447050407529, -0.463666200638, 0.0716802254319, 0.457577854395, -0.0749425217509, -0.254734516144],
        "var": [10666.8642578, 861.292175293, 2049.26416016, 940.543579102, 988.395935059, 347.426513672, 381.13949585, 205.760238647, 158.797210693, 129.193862915, 189.490600586, 118.484664917, 101.225830078],
        "cov": [[10707.1171875, 768.643188477, -3440.82055664, -1220.36804199, -2060.93603516, -160.261444092, -1073.82519531, -459.812469482, 148.727081299, 161.600143433, 734.209716797, 178.21043396, 145.004547119], [768.643188477, 864.542358398, 190.643157959, 77.4274902344, -1.613519907, 11.7258462906, -50.8205947876, -77.1450195312, 20.8555316925, -26.8985366821, -20.9843463898, -5.73295974731, 12.4358577728], [-3440.82055664, 190.643157959, 2056.99707031, 966.196838379, 1031.56872559, 313.78503418, 489.75567627, 205.266311646, 57.3070259094, -38.6162490845, -385.632415771, -92.7395401001, -70.6939163208], [-1220.36804199, 77.4274902344, 966.196838379, 944.092834473, 649.698486328, 166.100372314, 305.92199707, 157.71194458, -14.3073854446, 29.4811344147, -200.995452881, -104.568473816, -34.032535553], [-2060.93603516, -1.613519907, 1031.56872559, 649.698486328, 992.125732422, 239.395645142, 254.172348022, 157.777130127, 52.9801712036, 55.7700538635, -206.999282837, -69.2739028931, -39.0894699097], [-160.261444092, 11.7258462906, 313.78503418, 166.100372314, 239.395645142, 348.737548828, 119.126113892, 72.5622253418, 138.659393311, 27.9874534607, -27.4934082031, 4.34879493713, -36.035736084], [-1073.82519531, -50.8205947876, 489.75567627, 305.92199707, 254.172348022, 119.126113892, 382.577758789, 191.461456299, -3.32800793648, -9.30848693848, -124.343544006, -32.1567306519, -28.3004684448], [-459.812469482, -77.1450195312, 205.266311646, 157.71194458, 157.777130127, 72.5622253418, 191.461456299, 206.536682129, 8.49453353882, 17.3184070587, -35.4476623535, -33.8434257507, -3.85711693764], [148.727081299, 20.8555316925, 57.3070259094, -14.3073854446, 52.9801712036, 138.659393311, -3.32800793648, 8.49453353882, 159.396453857, 28.5861816406, 4.18724298477, 46.1851768494, -21.2062091827], [161.600143433, -26.8985366821, -38.6162490845, 29.4811344147, 55.7700538635, 27.9874534607, -9.30848693848, 17.3184070587, 28.5861816406, 129.681381226, 61.5135421753, -8.78700065613, 30.7573070526], [734.209716797, -20.9843463898, -385.632415771, -200.995452881, -206.999282837, -27.4934082031, -124.343544006, -35.4476623535, 4.18724298477, 61.5135421753, 190.205657959, 28.3288631439, 34.145236969], [178.21043396, -5.73295974731, -92.7395401001, -104.568473816, -69.2739028931, 4.34879493713, -32.1567306519, -33.8434257507, 46.1851768494, -8.78700065613, 28.3288631439, 118.931770325, 16.6324005127], [145.004547119, 12.4358577728, -70.6939163208, -34.032535553, -39.0894699097, -36.035736084, -28.3004684448, -3.85711693764, -21.2062091827, 30.7573070526, 34.145236969, 16.6324005127, 101.607810974]]
    },
    "sccoeffs": {
        "kurt": [0.73015666008, 0.0613775253296, 2.64274168015, -0.0495357513428, -0.343692541122, -0.427450418472],
        "max": [-0.44986101985, -0.248426556587, -0.380901813507, -0.55182659626, -0.591588258743, -0.64274597168],
        "mean": [-0.749104142189, -0.716828763485, -0.78106033802, -0.802494108677, -0.766866624355, -0.791544079781],
        "median": [-0.759794771671, -0.752375364304, -0.802106916904, -0.826939821243, -0.77171510458, -0.807048678398],
        "min": [-0.948447942734, -0.977898180485, -0.988426148891, -0.958141803741, -0.954808831215, -0.957342386246],
        "skew": [0.722418189049, 0.840942502022, 1.45732939243, 0.832843542099, 0.249879583716, 0.384321063757],
        "var": [0.00675415806472, 0.0187494810671, 0.0100311376154, 0.00707348389551, 0.00435350881889, 0.0034914277494],
        "cov": [[0.00677964556962, 0.00399134494364, 0.0016049296828, 0.000687757739797, 0.000818344880827, 0.000831099227071], [0.00399134494364, 0.0188202336431, 0.00799654331058, 0.00753936683759, 0.00413523428142, 0.00520203448832], [0.0016049296828, 0.00799654331058, 0.0100689902902, 0.00578024424613, 0.00312030059285, 0.00401768926531], [0.000687757739797, 0.00753936683759, 0.00578024424613, 0.00710017653182, 0.00282054697163, 0.00383429671638], [0.000818344880827, 0.00413523428142, 0.00312030059285, 0.00282054697163, 0.00436993734911, 0.0018148162635], [0.000831099227071, 0.00520203448832, 0.00401768926531, 0.00383429671638, 0.0018148162635, 0.00350460293703]]
    },
    "scvalleys": {
        "kurt": [64.2847366333, 66.3127212524, 52.5744628906, 51.1090965271, 66.9366149902, 65.6322097778],
        "max": [-4.93610191345, -4.56790494919, -4.59914588928, -4.84936523438, -5.72141456604, -9.16470432281],
        "mean": [-7.67876434326, -7.00916481018, -7.64460659027, -8.17565727234, -8.72407436371, -11.2153148651],
        "median": [-7.66073703766, -6.99611854553, -7.92335987091, -8.37305831909, -8.74789524078, -11.1933002472],
        "min": [-27.6139163971, -26.8631877899, -27.1117343903, -27.8329086304, -27.3044967651, -27.3050384521],
        "skew": [-6.22355461121, -6.28128528595, -5.15003585815, -4.9413728714, -6.06139278412, -5.91992282867],
        "var": [3.11284399033, 2.99181652069, 3.2117664814, 3.28300094604, 2.56433081627, 1.93361091614],
        "cov": [[3.12459039688, 1.96106159687, 1.78699421883, 1.78427755833, 1.74410760403, 1.56147289276], [1.96106159687, 3.00310635567, 2.89608597755, 2.85822248459, 2.47787809372, 2.03357243538], [1.78699421883, 2.89608597755, 3.22388648987, 3.09124708176, 2.65482974052, 2.17365717888], [1.78427755833, 2.85822248459, 3.09124708176, 3.29538965225, 2.74454164505, 2.31430530548], [1.74410760403, 2.47787809372, 2.65482974052, 2.74454164505, 2.57400751114, 2.10744810104], [1.56147289276, 2.03357243538, 2.17365717888, 2.31430530548, 2.10744810104, 1.94090759754]]
    }
},
"rhythm": {
    "beats_loudness": {
        "kurt": -0.592888355255,
        "max": 0.0690311715007,
        "mean": 0.0218435265124,
        "median": 0.0168722160161,
        "min": 0.00011276522855,
        "skew": 0.740382790565,
        "var": 0.000549196091015
    },
    "bpm": 81.6650390625,
    "confidence": 2.40000009537,
    "first_peak_bpm": {
        "kurt": 0,
        "max": 82,
        "mean": 82,
        "median": 82,
        "min": 82,
        "skew": 0,
        "var": 0
    },
    "first_peak_spread": {
        "kurt": 0,
        "max": 0,
        "mean": 0,
        "median": 0,
        "min": 0,
        "skew": 0,
        "var": 0
    },
    "first_peak_weight": {
        "kurt": 0,
        "max": 1,
        "mean": 1,
        "median": 1,
        "min": 1,
        "skew": 0,
        "var": 0
    },
    "onset_rate": 4.5654706955,
    "second_peak_bpm": {
        "kurt": 0,
        "max": 0,
        "mean": 0,
        "median": 0,
        "min": 0,
        "skew": 0,
        "var": 0
    },
    "second_peak_spread": {
        "kurt": 0,
        "max": 0,
        "mean": 0,
        "median": 0,
        "min": 0,
        "skew": 0,
        "var": 0
    },
    "second_peak_weight": {
        "kurt": 0,
        "max": 0,
        "mean": 0,
        "median": 0,
        "min": 0,
        "skew": 0,
        "var": 0
    },
    "beats_loudness_band_ratio": {
        "kurt": [2.45867395401, -0.518174171448, -1.48947906494, 1.48703765869, -0.762840747833, 0.353368759155],
        "max": [0.860902070999, 0.226418793201, 0.89834010601, 0.371036678553, 0.271550565958, 0.755051016808],
        "mean": [0.149553239346, 0.0640937834978, 0.429319143295, 0.0980668962002, 0.0952229350805, 0.18972414732],
        "median": [0.0144022367895, 0.0123055530712, 0.420917451382, 0.0600908249617, 0.0697773694992, 0.0698550418019],
        "min": [0.000158637441928, 0.00140461383853, 0.00814944691956, 0.00035220143036, 0.00023915625934, 0.00091505330056],
        "skew": [2.02179718018, 0.987886190414, 0.0573961995542, 1.61032187939, 0.742379903793, 1.31325387955],
        "var": [0.0769032686949, 0.00633603706956, 0.109096176922, 0.0126422215253, 0.0083694877103, 0.0639077946544],
        "cov": [[0.0878894478083, 0.0198334585875, -0.0674595534801, -0.0145877543837, -0.0135279176757, -0.00355951907113], [0.0198334585875, 0.00724118528888, -0.0182525403798, -0.00302432174794, -0.00121031992603, -0.00162910856307], [-0.0674595534801, -0.0182525403798, 0.124681346118, 0.00361986411735, 0.00149819941726, -0.0513935089111], [-0.0145877543837, -0.00302432174794, 0.00361986411735, 0.0144482534379, 0.00916925538331, -0.0108902305365], [-0.0135279176757, -0.00121031992603, 0.00149819941726, 0.00916925538331, 0.00956512894481, -0.00636999960989], [-0.00355951907113, -0.00162910856307, -0.0513935089111, -0.0108902305365, -0.00636999960989, 0.0730374827981]]
    },
    "beats_position": [0.731428563595, 1.47446703911, 2.20589566231, 2.93732428551, 3.66875267029, 4.40018129349, 5.13160991669, 5.87464857101],
    "bpm_estimates": [80.7495193481, 82.0312423706, 82.0312423706, 82.0312728882, 82.0312423706, 82.0312423706, 80.74949646],
    "bpm_intervals": [0.743038475513, 0.731428623199, 0.731428623199, 0.731428384781, 0.731428623199, 0.731428623199, 0.743038654327],
    "onset_times": [0.0580498874187, 0.150929704309, 0.325079351664, 0.545668959618, 0.580498874187, 0.986848056316, 1.28870749474, 1.45124721527, 1.70666670799, 1.79954648018, 2.04335594177, 2.20589566231, 2.38004541397, 2.61224484444, 2.90249443054, 3.15791392326, 3.47138333321, 3.73841261864, 4.20281171799, 4.3073015213, 4.41179132462, 4.51628112793, 4.69043064117, 5.08517026901, 5.41024923325, 5.51473903656, 5.89786863327, 6.13006782532],
    "histogram": [[0, 0, 0, 0, 0, 0, 0, 0, 0, 0, 0, 0, 0, 0, 0, 0, 0, 0, 0, 0, 0, 0, 0, 0, 0, 0, 0, 0, 0, 0, 0, 0, 0, 0, 0, 0, 0, 0, 0, 0, 0, 0, 0, 0, 0, 0, 0, 0, 0, 0, 0, 0, 0, 0, 0, 0, 0, 0, 0, 0, 0, 0, 0, 0, 0, 0, 0, 0, 0, 0, 0, 0, 0, 0, 0, 0, 0, 0, 0, 0, 0, 0.285714298487, 0.714285731316, 0, 0, 0, 0, 0, 0, 0, 0, 0, 0, 0, 0, 0, 0, 0, 0, 0, 0, 0, 0, 0, 0, 0, 0, 0, 0, 0, 0, 0, 0, 0, 0, 0, 0, 0, 0, 0, 0, 0, 0, 0, 0, 0, 0, 0, 0, 0, 0, 0, 0, 0, 0, 0, 0, 0, 0, 0, 0, 0, 0, 0, 0, 0, 0, 0, 0, 0, 0, 0, 0, 0, 0, 0, 0, 0, 0, 0, 0, 0, 0, 0, 0, 0, 0, 0, 0, 0, 0, 0, 0, 0, 0, 0, 0, 0, 0, 0, 0, 0, 0, 0, 0, 0, 0, 0, 0, 0, 0, 0, 0, 0, 0, 0, 0, 0, 0, 0, 0, 0, 0, 0, 0, 0, 0, 0, 0, 0, 0, 0, 0, 0, 0, 0, 0, 0, 0, 0, 0, 0, 0, 0, 0, 0, 0, 0, 0, 0, 0, 0, 0, 0, 0, 0, 0, 0, 0, 0, 0, 0, 0, 0, 0, 0, 0, 0, 0, 0]]
},
"sfx": {
    "inharmonicity": {
        "kurt": 3.86388635635,
        "max": 0.402763843536,
        "mean": 0.0551391839981,
        "median": 0.0208066534251,
        "min": 0,
        "skew": 2.03495788574,
        "var": 0.0063748867251
    },
    "oddtoevenharmonicenergyratio": {
        "kurt": 258.677581787,
        "max": 794.330383301,
        "mean": 4.13664245605,
        "median": 0.141852334142,
        "min": 0,
        "skew": 16.1109142303,
        "var": 2366.70117188
    },
    "pitch_after_max_to_before_max_energy_ratio": 36.4501113892,
    "pitch_centroid": 137.024597168,
    "pitch_max_to_total": 0.00375939859077,
    "pitch_min_to_total": 0.69924813509,
    "tristimulus": {
        "kurt": [-1.30867564678, -0.88454246521, -0.527252435684],
        "max": [1, 0.966642856598, 0.859851181507],
        "mean": [0.472899615765, 0.302758127451, 0.224342435598],
        "median": [0.435357749462, 0.311260163784, 0.179803013802],
        "min": [0, 0, 0],
        "skew": [0.23802562058, 0.221762731671, 0.577101409435],
        "var": [0.126256197691, 0.0522434227169, 0.03812610358],
        "cov": [[0.126732632518, -0.070451669395, -0.0562810227275], [-0.070451669395, 0.0524405688047, 0.0180110670626], [-0.0562810227275, 0.0180110670626, 0.0382699742913]]
    }
},
"tonal": {
    "chords_changes_rate": 0.104477614164,
    "chords_number_rate": 0.0447761192918,
    "chords_strength": {
        "kurt": -0.99552321434,
        "max": 0.595636188984,
        "mean": 0.433091133833,
        "median": 0.446883678436,
        "min": 0.275979191065,
        "skew": -0.129170760512,
        "var": 0.00630003400147
    },
    "key_strength": 0.50198084116,
    "tuning_diatonic_strength": 0.362110674381,
    "tuning_equal_tempered_deviation": 0.26350787282,
    "tuning_frequency": 435.448913574,
    "tuning_nontempered_energy_ratio": 0.915627717972,
    "hpcp": {
        "kurt": [2.80297327042, 2.34225845337, 3.05247879028, 2.16190767288, 0.34427189827, 1.80882644653, 3.96094894409, 5.02407264709, 4.58484220505, 4.72932863235, 3.74433612823, 3.42208480835, 2.74952554703, 2.19938611984, 1.47755336761, 2.24815511703, 2.86406040192, 1.89486026764, 3.5456662178, 5.47561264038, 6.11054134369, 4.12211465836, 3.99730443954, 3.25280189514, 2.09644651413, 2.14837741852, 2.61995840073, 2.20044469833, 2.97069311142, 2.42249345779, 1.52333211899, 1.9949054718, 0.960413217545, 0.0726563930511, -0.391583442688, 0.377499818802],
        "max": [1, 1, 1, 1, 1, 1, 1, 1, 1, 1, 1, 1, 1, 1, 1, 1, 1, 1, 1, 1, 1, 1, 1, 1, 1, 1, 1, 1, 1, 1, 1, 1, 1, 1, 1, 1],
        "mean": [0.213164106011, 0.198634490371, 0.197168529034, 0.195616692305, 0.213215410709, 0.20965385437, 0.174946770072, 0.152196347713, 0.15746948123, 0.171313077211, 0.173074021935, 0.17408311367, 0.179227098823, 0.204481408, 0.216200962663, 0.190764278173, 0.173605471849, 0.181908130646, 0.163555577397, 0.133552953601, 0.137175470591, 0.152116894722, 0.157941877842, 0.167580828071, 0.200183480978, 0.20324985683, 0.19030725956, 0.185987651348, 0.17377653718, 0.188527017832, 0.21013571322, 0.218714535236, 0.242950037122, 0.280109226704, 0.313368082047, 0.278975814581],
