{
"metadata": {
    "version": {
        "essentia": "2.1-beta3"
    }
},
"lowLevel": {
    "average_loudness": 0.934243381023,
    "barkbands_kurtosis": {
        "kurt": 24.8276958466,
        "max": 52.0923843384,
        "mean": 3.00415444374,
        "median": 1.53173446655,
        "min": -1.54795885086,
        "skew": 3.96269059181,
        "var": 23.9459095001
    },
    "barkbands_skewness": {
        "kurt": 3.07747507095,
        "max": 2.35477900505,
        "mean": 0.035292621702,
        "median": 0.0318618230522,
        "min": -4.4001789093,
        "skew": -0.792366087437,
        "var": 0.692056953907
    },
    "barkbands_spread": {
        "kurt": 3.20526838303,
        "max": 22.6269359589,
        "mean": 5.80316925049,
        "median": 5.42613172531,
        "min": 0.881093502045,
        "skew": 1.29018652439,
        "var": 7.86931037903
    },
    "dissonance": {
        "kurt": 4.33722782135,
        "max": 0.499964267015,
        "mean": 0.463647723198,
        "median": 0.476408749819,
        "min": 0.240428090096,
        "skew": -1.87032771111,
        "var": 0.00155642163008
    },
    "hfc": {
        "kurt": 9.50295257568,
        "max": 5.92662525177,
        "mean": 0.872570931911,
        "median": 0.608563244343,
        "min": 0.0297801569104,
        "skew": 2.75717616081,
        "var": 0.817013680935
    },
    "pitch": {
        "kurt": -0.951261520386,
        "max": 2226.36743164,
        "mean": 722.85546875,
        "median": 626.177856445,
        "min": 73.6356735229,
        "skew": 0.357500016689,
        "var": 151834.359375
    },
    "pitch_instantaneous_confidence": {
        "kurt": -0.84512758255,
        "max": 0.96102398634,
        "mean": 0.617932260036,
        "median": 0.63091146946,
        "min": 0.211896181107,
        "skew": -0.0761981531978,
        "var": 0.0283667258918
    },
    "pitch_salience": {
        "kurt": -0.338177442551,
        "max": 0.845703780651,
        "mean": 0.578537464142,
        "median": 0.588983774185,
        "min": 0.231862604618,
        "skew": -0.319785296917,
        "var": 0.0143345398828
    },
    "silence_rate_20dB": {
        "kurt": 0,
        "max": 1,
        "mean": 1,
        "median": 1,
        "min": 1,
        "skew": 0,
        "var": 0
    },
    "silence_rate_30dB": {
        "kurt": 0,
        "max": 1,
        "mean": 1,
        "median": 1,
        "min": 1,
        "skew": 0,
        "var": 0
    },
    "silence_rate_60dB": {
        "kurt": 89.8452606201,
        "max": 1,
        "mean": 0.989455163479,
        "median": 1,
        "min": 0,
        "skew": -9.58364105225,
        "var": 0.0104335444048
    },
    "spectral_centroid": {
        "kurt": 3.02697515488,
        "max": 2476.38696289,
        "mean": 1277.3371582,
        "median": 1259.66357422,
        "min": 712.209899902,
        "skew": 0.990978717804,
        "var": 58135.375
    },
    "spectral_complexity": {
        "kurt": 1.67236709595,
        "max": 9,
        "mean": 2.15641474724,
        "median": 2,
        "min": 0,
        "skew": 1.17910122871,
        "var": 2.93686699867
    },
    "spectral_crest": {
        "kurt": -0.394002199173,
        "max": 24.8800125122,
        "mean": 12.4231100082,
        "median": 11.8087491989,
        "min": 4.10471582413,
        "skew": 0.526600539684,
        "var": 19.9101829529
    },
    "spectral_decrease": {
        "kurt": 7.08505821228,
        "max": -5.8316264144e-12,
        "mean": -1.56457055644e-10,
        "median": -1.13836322313e-10,
        "min": -1.00172248274e-09,
        "skew": -2.34132242203,
        "var": 2.15748365449e-20
    },
    "spectral_energy": {
        "kurt": 6.72622108459,
        "max": 0.00406208168715,
        "mean": 0.000669648987241,
        "median": 0.00048735665041,
        "min": 2.47110510827e-05,
        "skew": 2.30840206146,
        "var": 3.9711142108e-07
    },
    "spectral_energyband_high": {
        "kurt": 6.69954395294,
        "max": 7.69517464505e-06,
        "mean": 1.10726637104e-06,
        "median": 6.55481869671e-07,
        "min": 6.8948537546e-08,
        "skew": 2.46050667763,
        "var": 1.48268647793e-12
    },
    "spectral_energyband_low": {
        "kurt": 5.3683385849,
        "max": 2.15581421799e-05,
        "mean": 3.33255661644e-06,
        "median": 1.90522746379e-06,
        "min": 4.58337456877e-09,
        "skew": 2.19177007675,
        "var": 1.45842730254e-11
    },
    "spectral_energyband_middle_high": {
        "kurt": 7.94814586639,
        "max": 0.00378403882496,
        "mean": 0.000565956579521,
        "median": 0.000397532334318,
        "min": 1.01100622487e-05,
        "skew": 2.46080875397,
        "var": 3.23119223822e-07
    },
    "spectral_energyband_middle_low": {
        "kurt": 69.7265701294,
        "max": 0.00299643469043,
        "mean": 0.000104833023215,
        "median": 4.37655980932e-05,
        "min": 1.1054451079e-06,
        "skew": 7.14418888092,
        "var": 4.88565348178e-08
    },
    "spectral_flatness_db": {
        "kurt": 9.8705291748e-05,
        "max": 0.426072120667,
        "mean": 0.28319683671,
        "median": 0.279271632433,
        "min": 0.186689063907,
        "skew": 0.303960651159,
        "var": 0.00150960637257
    },
    "spectral_flux": {
        "kurt": 1.2365527153,
        "max": 0.0554727613926,
        "mean": 0.0179800204933,
        "median": 0.0160954985768,
        "min": 0.00337139540352,
        "skew": 1.09935879707,
        "var": 7.97199390945e-05
    },
    "spectral_kurtosis": {
        "kurt": 0.341426134109,
        "max": 79.3253936768,
        "mean": 27.7512207031,
        "median": 25.1727256775,
        "min": 4.84907531738,
        "skew": 0.875772058964,
        "var": 195.942749023
    },
    "spectral_rms": {
        "kurt": 1.28679943085,
        "max": 0.00199073017575,
        "mean": 0.000738673086744,
        "median": 0.000689543259796,
        "min": 0.000155268615345,
        "skew": 1.00435638428,
        "var": 1.07677827543e-07
    },
    "spectral_rolloff": {
        "kurt": -0.6196808815,
        "max": 2971.58203125,
        "mean": 1694.53771973,
        "median": 1550.390625,
        "min": 882.861328125,
        "skew": 0.60762578249,
        "var": 200960.0625
    },
    "spectral_skewness": {
        "kurt": -0.129410982132,
        "max": 6.43089818954,
        "mean": 3.46624112129,
        "median": 3.35167789459,
        "min": 1.68525886536,
        "skew": 0.575104832649,
        "var": 0.798350691795
    },
    "spectral_spread": {
        "kurt": 84.1436080933,
        "max": 8167815.5,
        "mean": 1493094.625,
        "median": 1438355.875,
        "min": 729197.75,
        "skew": 6.18505525589,
        "var": 202285285376
    },
    "spectral_strongpeak": {
        "kurt": 17.7346305847,
        "max": 4.23149108887,
        "mean": 0.473966777325,
        "median": 0.358223795891,
        "min": 0.0507548451424,
        "skew": 3.29711747169,
        "var": 0.186058461666
    },
    "zerocrossingrate": {
        "kurt": 4.22873067856,
        "max": 0.12158203125,
        "mean": 0.0612454004586,
        "median": 0.060546875,
        "min": 0.025390625,
        "skew": 1.22908699512,
        "var": 0.000136272166856
    },
    "barkbands": {
        "kurt": [99.9997177124, 8.52323436737, 7.33694839478, 13.4718399048, 34.2979507446, 17.0488548279, 116.252578735, 122.372848511, 35.5652999878, 85.4831466675, 16.2997531891, 33.2694587708, 19.4953804016, 42.9964637756, 45.3102684021, 19.8482894897, 75.5502853394, 249.361083984, 23.6357688904, 44.1087493896, 21.8632488251, 61.3001937866, 34.2310791016, 28.8235931396, 173.686843872, 220.90296936, 513.556152344],
        "max": [1.36024965514e-07, 3.58141278411e-06, 1.70433449966e-05, 1.0631682926e-05, 4.09733956985e-06, 7.36933679946e-06, 0.000148242688738, 0.00269243260846, 0.000778810004704, 0.00147256592754, 0.00118529156316, 0.0031890256796, 0.00199840287678, 0.00150292518083, 0.000365230895113, 0.00056087836856, 0.00209229486063, 0.00174896570388, 1.8228598492e-05, 2.58288710029e-05, 6.79857339492e-06, 3.97336862079e-06, 1.1581815329e-07, 3.01235090205e-08, 2.08087111986e-08, 4.82812900771e-09, 4.90310414492e-09],
        "mean": [4.81315920453e-09, 3.78159313641e-07, 2.11189671973e-06, 1.03846014099e-06, 3.15458748901e-07, 6.02219245138e-07, 3.63714411833e-06, 4.93271727464e-05, 4.05917235184e-05, 3.91944049625e-05, 8.93657634151e-05, 0.00016170325398, 0.000118221978482, 5.32583690074e-05, 1.79931103048e-05, 3.34682881657e-05, 4.26640945079e-05, 1.26308304971e-05, 1.34117851758e-06, 1.10498615413e-06, 5.42100053735e-07, 1.4424135486e-07, 7.77146702546e-09, 2.11392703342e-09, 7.35089933368e-10, 9.66981217321e-11, 2.85978150882e-11],
        "median": [2.48732101582e-09, 1.71409539007e-07, 9.80920844995e-07, 6.19249931333e-07, 2.22145544626e-07, 2.55015095263e-07, 1.36650169225e-06, 9.42416500038e-06, 1.46338934428e-05, 9.9859198599e-06, 3.54231378878e-05, 5.9929840063e-05, 3.74467890651e-05, 1.02380936369e-05, 8.78491209733e-06, 1.38404284371e-05, 8.81330652192e-06, 1.47409707552e-06, 6.44418150841e-07, 3.85276763382e-07, 3.00035395639e-07, 6.46092885859e-08, 4.82526019141e-09, 1.26400545586e-09, 4.68280858534e-10, 4.59744707582e-11, 7.33357385235e-12],
        "min": [4.36996055661e-12, 7.60056573235e-10, 2.17405715652e-09, 3.90566112785e-09, 1.17212710649e-08, 9.25513621297e-09, 2.42821069918e-08, 5.98115477146e-08, 2.89957228006e-07, 9.76951213261e-08, 2.17926128698e-07, 4.42621569618e-07, 1.4196751863e-07, 2.76931842791e-07, 1.46825399838e-07, 9.65500035477e-08, 9.73402549675e-08, 7.33430525202e-08, 5.15016544966e-08, 3.11262908781e-08, 1.82834920537e-08, 3.38686034773e-09, 1.62104468737e-10, 9.93547674688e-11, 2.88773865931e-11, 2.04343378156e-12, 1.95896138802e-14],
        "skew": [8.04986667633, 2.76221656799, 2.48095464706, 3.041918993, 4.22994947433, 3.78834629059, 10.1144638062, 9.72692394257, 5.11368703842, 8.07720565796, 3.45269799232, 4.95734882355, 3.70899152756, 5.95452260971, 5.26673936844, 3.74184942245, 7.88414144516, 15.0934705734, 4.31105852127, 5.83959102631, 4.08313369751, 7.17849493027, 4.58956003189, 4.57980585098, 10.8133792877, 12.8173475266, 22.2743530273],
        "var": [7.49269992669e-17, 2.84911769741e-13, 7.68232005788e-12, 1.50824621889e-12, 1.07441623144e-13, 9.60945949549e-13, 1.23360377469e-10, 2.89931474384e-08, 5.78148551256e-09, 1.1711156489e-08, 1.97450820139e-08, 9.061258055e-08, 4.19446344324e-08, 2.1011398843e-08, 8.25597312737e-10, 3.17969250929e-09, 2.41119977318e-08, 8.76918981874e-09, 4.49302314104e-12, 5.59423514457e-12, 5.70489022775e-13, 1.17443516934e-13, 9.29760868503e-17, 8.40522208653e-18, 1.28852901868e-18, 6.34779436049e-20, 4.38427890509e-20],
        "cov": [[7.50589114135e-17, 3.72034764005e-16, 6.46247175239e-16, 5.91733511183e-16, 5.21953448063e-17, -1.76106368601e-16, -1.88781388152e-15, 9.62085855996e-15, 6.14803702875e-15, 4.52686424858e-14, -3.57298554892e-14, -6.22488781983e-14, -3.63452621948e-14, -8.22052116049e-14, -5.0033071524e-15, 1.62057545253e-14, 1.28853592835e-13, -2.98343469341e-14, 5.24910182001e-16, -8.97564921184e-16, 3.26853206035e-16, -4.87361220135e-19, -7.63172407401e-20, -5.56203610958e-20, 1.33962869555e-19, -1.00229209867e-19, -5.17965409997e-20], [3.72034764005e-16, 2.85413375876e-13, 1.10842812793e-12, 1.093452992e-13, 7.08653039136e-14, 1.74652755772e-14, 5.08800900717e-13, 9.40709749681e-12, 3.13102235111e-12, 1.73187148216e-12, 1.20863163228e-11, 5.46996096421e-13, 3.95709333356e-12, -9.20468996163e-13, 2.81041754132e-14, 1.30446651744e-12, -3.58434180774e-12, -1.38891957831e-12, -4.67374755434e-14, -5.6270709392e-14, -1.39193771255e-14, 3.22594467313e-15, -4.06553659477e-16, -8.59769344931e-17, -1.89126624885e-17, -4.4755512805e-18, -2.84887372254e-18], [6.46247175239e-16, 1.10842812793e-12, 7.69584569682e-12, 1.78825552456e-12, 3.01883924759e-13, 2.26249628841e-13, 4.46949378549e-12, 7.85065970565e-11, 1.78595038064e-11, 2.05797462405e-11, 6.75421593654e-11, 1.1509031575e-11, 2.22864539323e-11, -1.21933045258e-11, 6.38643489221e-13, -5.59227534072e-12, 2.04811289456e-11, -1.29364583282e-11, -2.30522767758e-13, -4.12119042234e-13, 3.15717809155e-14, 9.23467591052e-15, -1.97522090542e-15, -4.9492743913e-16, -1.01931481651e-16, -1.10775382432e-17, -1.04578889746e-17], [5.91733511183e-16, 1.093452992e-13, 1.78825552456e-12, 1.51090164685e-12, 1.00624464815e-13, 2.0944933342e-13, 2.1220171887e-12, 1.83314474711e-11, 1.1500370968e-11, 1.96181924872e-11, 2.55734773635e-11, 4.03718898589e-12, 4.92455295292e-12, -4.63281669971e-12, 1.03661870754e-12, -2.36712906221e-12, 1.550159133e-11, -6.5383622995e-12, -7.2359917266e-14, -1.6989658107e-13, 4.50515648821e-14, -5.16198564606e-15, -9.1240970298e-16, -1.60168305498e-16, 2.56723956892e-17, 1.15613803785e-18, -6.60432912463e-18], [5.21953448063e-17, 7.08653039136e-14, 3.01883924759e-13, 1.00624464815e-13, 1.07630782542e-13, 7.05665384525e-14, 4.29118492042e-13, 9.49096790742e-12, 3.98442433561e-12, 3.52320798404e-12, 6.13392930199e-12, 3.02867236499e-12, 3.44088559728e-12, 1.50843584585e-12, 5.90078333418e-13, 6.30315569704e-14, 2.2098264245e-13, -1.15776377201e-12, -8.91453387887e-15, -2.07084495358e-14, 6.95459111849e-15, 3.1244288332e-15, 1.9850626077e-16, 1.39018104563e-16, 1.27560051657e-16, 8.59258097681e-18, -1.42699812264e-18], [-1.76106368601e-16, 1.74652755772e-14, 2.26249628841e-13, 2.0944933342e-13, 7.05665384525e-14, 9.62637738619e-13, 2.25605580224e-12, 2.5643114368e-11, 1.50166649948e-11, 1.47186464405e-11, 1.5766206049e-11, 1.93224275013e-13, 9.96100597839e-12, -7.03791679883e-14, 4.41874271548e-12, -1.24410822356e-12, 8.52969116779e-13, -1.43174827463e-12, 6.79199670681e-14, 5.11789232955e-14, -8.83487974755e-15, -1.48810525941e-14, 2.7795642921e-16, 2.45571924417e-16, 2.62438679737e-16, 4.94169940212e-18, -1.00717842257e-18], [-1.88781388152e-15, 5.08800900717e-13, 4.46949378549e-12, 2.1220171887e-12, 4.29118492042e-13, 2.25605580224e-12, 1.2357755097e-10, 9.0752338977e-10, 2.2570104119e-10, 2.76643014052e-10, 4.96321816978e-10, 1.12727327473e-10, -3.69944318235e-11, 8.10320283096e-11, 9.69378813331e-11, 1.9210339916e-11, -2.17603018937e-11, -8.29308410139e-12, -9.22766962667e-13, -1.43265867919e-12, -1.35108748191e-13, -1.1051655603e-13, -1.72428760655e-15, 1.48751810146e-16, 1.06051767544e-16, -4.91785674815e-17, -6.02787398678e-18], [9.62085855996e-15, 9.40709749681e-12, 7.85065970565e-11, 1.83314474711e-11, 9.49096790742e-12, 2.5643114368e-11, 9.0752338977e-10, 2.90441910522e-08, 3.82538356547e-09, 2.80039280653e-09, 5.48162581993e-09, 3.11814907228e-10, -6.87326251469e-10, 1.1054405169e-09, 1.19808307719e-09, -3.83495457612e-10, -9.70677982437e-10, -3.15833231963e-12, -7.67471752382e-13, -1.51296804946e-11, -3.32902650758e-12, 1.31619390883e-14, 7.2525739212e-14, 9.45673051043e-14, 1.52226491232e-14, 4.68314259497e-17, 1.43522701877e-17], [6.14803702875e-15, 3.13102235111e-12, 1.78595038064e-11, 1.1500370968e-11, 3.98442433561e-12, 1.50166649948e-11, 2.2570104119e-10, 3.82538356547e-09, 5.79166448134e-09, 1.84800974523e-09, 1.00333341635e-09, 6.87677415012e-10, -2.87003865118e-10, 5.61948404476e-12, 3.35914879246e-10, -1.45105441551e-10, -4.43410835826e-10, -8.34805696792e-11, 7.7533890766e-12, 4.38802813529e-12, -5.96070447775e-13, 4.22973179919e-13, 1.96910236292e-15, 1.51083098397e-14, 8.71590804087e-15, 2.27871397509e-16, -1.54276344317e-16], [4.52686424858e-14, 1.73187148216e-12, 2.05797462405e-11, 1.96181924872e-11, 3.52320798404e-12, 1.47186464405e-11, 2.76643014052e-10, 2.80039280653e-09, 1.84800974523e-09, 1.17317746628e-08, 3.23846904848e-09, 7.74755481991e-10, 5.09821795891e-10, -2.43872810834e-10, 7.7047984659e-10, 2.06017133908e-10, -6.08169237193e-10, -2.91162510768e-10, 6.28473662001e-12, 1.01240335559e-11, -3.69181681753e-12, -1.31333431543e-12, -2.55361409237e-14, 7.91236769436e-15, 6.41129275117e-15, -6.36665738718e-18, 7.62017060975e-18], [-3.57298554892e-14, 1.20863163228e-11, 6.75421593654e-11, 2.55734773635e-11, 6.13392930199e-12, 1.5766206049e-11, 4.96321816978e-10, 5.48162581993e-09, 1.00333341635e-09, 3.23846904848e-09, 1.97798453172e-08, 2.13123629855e-09, 1.37598737959e-10, 1.27435206831e-09, 1.16884313339e-09, 1.85849757806e-09, -5.02872687935e-10, -4.54027260233e-10, 2.54704434627e-11, 2.07090768145e-11, 5.18218551838e-13, -3.13113640918e-12, -4.62754665045e-14, 3.4396171647e-17, 1.72114839657e-15, -1.13550616401e-16, -1.08357272113e-16], [-6.22488781983e-14, 5.46996096421e-13, 1.1509031575e-11, 4.03718898589e-12, 3.02867236499e-12, 1.93224275013e-13, 1.12727327473e-10, 3.11814907228e-10, 6.87677415012e-10, 7.74755481991e-10, 2.13123629855e-09, 9.0772111605e-08, 1.88182469607e-09, 5.52227907846e-09, 1.49809409322e-09, 6.47620757022e-09, 7.32771976431e-09, -7.67997665463e-10, 1.12280303111e-10, -6.28922695173e-12, 2.26376400264e-11, -6.26743535542e-12, 5.78174498295e-13, 3.40442362072e-14, 7.09572459519e-15, 5.6783136373e-15, 2.00868675365e-15], [-3.63452621948e-14, 3.95709333356e-12, 2.22864539323e-11, 4.92455295292e-12, 3.44088559728e-12, 9.96100597839e-12, -3.69944318235e-11, -6.87326251469e-10, -2.87003865118e-10, 5.09821795891e-10, 1.37598737959e-10, 1.88182469607e-09, 4.20184775862e-08, 3.76123221457e-09, -1.25153299183e-11, 1.67327873779e-10, 6.13744433053e-09, 1.89193882782e-09, 4.57730641584e-12, 6.1802903073e-11, 1.93477161375e-11, 8.40908159078e-12, 2.3940934955e-13, 9.63029535403e-15, 3.86557927391e-15, -8.14559927518e-16, -1.1321141941e-16], [-8.22052116049e-14, -9.20468996163e-13, -1.21933045258e-11, -4.63281669971e-12, 1.50843584585e-12, -7.03791679883e-14, 8.10320283096e-11, 1.1054405169e-09, 5.61948404476e-12, -2.43872810834e-10, 1.27435206831e-09, 5.52227907846e-09, 3.76123221457e-09, 2.10483914742e-08, 4.96055030386e-10, 1.91369609048e-09, 2.41879249963e-09, -4.50289805443e-11, 2.04653030633e-11, 5.40369181692e-12, 3.78420107749e-11, 1.71030366519e-12, 1.21025219469e-14, 3.69294269372e-14, -3.70256905376e-15, -9.60133021536e-16, -4.14433898152e-17], [-5.0033071524e-15, 2.81041754132e-14, 6.38643489221e-13, 1.03661870754e-12, 5.90078333418e-13, 4.41874271548e-12, 9.69378813331e-11, 1.19808307719e-09, 3.35914879246e-10, 7.7047984659e-10, 1.16884313339e-09, 1.49809409322e-09, -1.25153299183e-11, 4.96055030386e-10, 8.27050816721e-10, 3.67544827906e-10, 7.43104577872e-10, -1.48288777091e-11, 1.88409531032e-11, 1.06260547236e-11, 3.22732834381e-12, -5.15517533176e-13, 3.1054043885e-14, 1.07483813855e-14, 5.46543604645e-15, 5.14711852377e-16, 4.96574494696e-16], [1.62057545253e-14, 1.30446651744e-12, -5.59227534072e-12, -2.36712906221e-12, 6.30315569704e-14, -1.24410822356e-12, 1.9210339916e-11, -3.83495457612e-10, -1.45105441551e-10, 2.06017133908e-10, 1.85849757806e-09, 6.47620757022e-09, 1.67327873779e-10, 1.91369609048e-09, 3.67544827906e-10, 3.18529069787e-09, 1.12283216058e-09, 2.77765692391e-11, 4.24569823743e-11, 2.22682584178e-11, 7.68357599767e-12, -5.98222480667e-13, 1.23908180808e-13, 1.20192713136e-14, 4.76632469793e-15, 4.64797471345e-16, 3.20781865775e-17], [1.28853592835e-13, -3.58434180774e-12, 2.04811289456e-11, 1.550159133e-11, 2.2098264245e-13, 8.52969116779e-13, -2.17603018937e-11, -9.70677982437e-10, -4.43410835826e-10, -6.08169237193e-10, -5.02872687935e-10, 7.32771976431e-09, 6.13744433053e-09, 2.41879249963e-09, 7.43104577872e-10, 1.12283216058e-09, 2.41544491075e-08, 5.50713752379e-10, 6.60458285284e-11, 2.44808982114e-11, 6.67761540507e-11, 1.65250658209e-12, 1.29100343697e-13, 1.29973682099e-14, 7.4445310688e-15, 5.86191692246e-16, 6.7762191088e-16], [-2.98343469341e-14, -1.38891957831e-12, -1.29364583282e-11, -6.5383622995e-12, -1.15776377201e-12, -1.43174827463e-12, -8.29308410139e-12, -3.15833231963e-12, -8.34805696792e-11, -2.91162510768e-10, -4.54027260233e-10, -7.67997665463e-10, 1.89193882782e-09, -4.50289805443e-11, -1.48288777091e-11, 2.77765692391e-11, 5.50713752379e-10, 8.78462813603e-09, 1.8829261067e-12, 3.36272364121e-11, -5.2874496231e-13, 2.21544310675e-12, 7.94277499132e-14, 5.12714548687e-16, 5.76528020406e-15, -5.01339954997e-16, -1.59205956956e-16], [5.24910182001e-16, -4.67374755434e-14, -2.30522767758e-13, -7.2359917266e-14, -8.91453387887e-15, 6.79199670681e-14, -9.22766962667e-13, -7.67471752382e-13, 7.7533890766e-12, 6.28473662001e-12, 2.54704434627e-11, 1.12280303111e-10, 4.57730641584e-12, 2.04653030633e-11, 1.88409531032e-11, 4.24569823743e-11, 6.60458285284e-11, 1.8829261067e-12, 4.50093348009e-12, 2.45714191181e-12, 3.93941904922e-13, 1.65731093264e-14, 6.86919706839e-15, 1.34494961859e-15, 6.64852359805e-16, 4.02161912759e-17, 2.32148321631e-18], [-8.97564921184e-16, -5.6270709392e-14, -4.12119042234e-13, -1.6989658107e-13, -2.07084495358e-14, 5.11789232955e-14, -1.43265867919e-12, -1.51296804946e-11, 4.38802813529e-12, 1.01240335559e-11, 2.07090768145e-11, -6.28922695173e-12, 6.1802903073e-11, 5.40369181692e-12, 1.06260547236e-11, 2.22682584178e-11, 2.44808982114e-11, 3.36272364121e-11, 2.45714191181e-12, 5.6040840371e-12, 2.77256055571e-13, 4.21433246915e-14, 6.23394353377e-15, 1.34484013959e-15, 4.95685692436e-16, -3.55058964773e-18, -6.10921189718e-18], [3.26853206035e-16, -1.39193771255e-14, 3.15717809155e-14, 4.50515648821e-14, 6.95459111849e-15, -8.83487974755e-15, -1.35108748191e-13, -3.32902650758e-12, -5.96070447775e-13, -3.69181681753e-12, 5.18218551838e-13, 2.26376400264e-11, 1.93477161375e-11, 3.78420107749e-11, 3.22732834381e-12, 7.68357599767e-12, 6.67761540507e-11, -5.2874496231e-13, 3.93941904922e-13, 2.77256055571e-13, 5.71493427668e-13, 3.7821823581e-14, 9.33987126158e-16, 3.89467337334e-16, 1.29991274444e-16, 3.79025116815e-18, 7.33536115791e-19], [-4.87361220135e-19, 3.22594467313e-15, 9.23467591052e-15, -5.16198564606e-15, 3.1244288332e-15, -1.48810525941e-14, -1.1051655603e-13, 1.31619390883e-14, 4.22973179919e-13, -1.31333431543e-12, -3.13113640918e-12, -6.26743535542e-12, 8.40908159078e-12, 1.71030366519e-12, -5.15517533176e-13, -5.98222480667e-13, 1.65250658209e-12, 2.21544310675e-12, 1.65731093264e-14, 4.21433246915e-14, 3.7821823581e-14, 1.17650287841e-13, 5.71023396804e-16, 2.06536821324e-16, 3.38367692511e-17, 5.89796940748e-18, -9.02930504328e-19], [-7.63172407401e-20, -4.06553659477e-16, -1.97522090542e-15, -9.1240970298e-16, 1.9850626077e-16, 2.7795642921e-16, -1.72428760655e-15, 7.2525739212e-14, 1.96910236292e-15, -2.55361409237e-14, -4.62754665045e-14, 5.78174498295e-13, 2.3940934955e-13, 1.21025219469e-14, 3.1054043885e-14, 1.23908180808e-13, 1.29100343697e-13, 7.94277499132e-14, 6.86919706839e-15, 6.23394353377e-15, 9.33987126158e-16, 5.71023396804e-16, 9.31397759673e-17, 9.21074132038e-18, 4.167892205e-18, 2.50780430512e-19, 3.81383770633e-20], [-5.56203610958e-20, -8.59769344931e-17, -4.9492743913e-16, -1.60168305498e-16, 1.39018104563e-16, 2.45571924417e-16, 1.48751810146e-16, 9.45673051043e-14, 1.51083098397e-14, 7.91236769436e-15, 3.4396171647e-17, 3.40442362072e-14, 9.63029535403e-15, 3.69294269372e-14, 1.07483813855e-14, 1.20192713136e-14, 1.29973682099e-14, 5.12714548687e-16, 1.34494961859e-15, 1.34484013959e-15, 3.89467337334e-16, 2.06536821324e-16, 9.21074132038e-18, 8.42001952051e-18, 2.08845340966e-18, 1.73954699877e-19, 4.32898317361e-20], [1.33962869555e-19, -1.89126624885e-17, -1.01931481651e-16, 2.56723956892e-17, 1.27560051657e-16, 2.62438679737e-16, 1.06051767544e-16, 1.52226491232e-14, 8.71590804087e-15, 6.41129275117e-15, 1.72114839657e-15, 7.09572459519e-15, 3.86557927391e-15, -3.70256905376e-15, 5.46543604645e-15, 4.76632469793e-15, 7.4445310688e-15, 5.76528020406e-15, 6.64852359805e-16, 4.95685692436e-16, 1.29991274444e-16, 3.38367692511e-17, 4.167892205e-18, 2.08845340966e-18, 1.29079756151e-18, 1.10297658745e-19, 4.86001115488e-20], [-1.00229209867e-19, -4.4755512805e-18, -1.10775382432e-17, 1.15613803785e-18, 8.59258097681e-18, 4.94169940212e-18, -4.91785674815e-17, 4.68314259497e-17, 2.27871397509e-16, -6.36665738718e-18, -1.13550616401e-16, 5.6783136373e-15, -8.14559927518e-16, -9.60133021536e-16, 5.14711852377e-16, 4.64797471345e-16, 5.86191692246e-16, -5.01339954997e-16, 4.02161912759e-17, -3.55058964773e-18, 3.79025116815e-18, 5.89796940748e-18, 2.50780430512e-19, 1.73954699877e-19, 1.10297658745e-19, 6.35897034605e-20, 4.30635752203e-20], [-5.17965409997e-20, -2.84887372254e-18, -1.04578889746e-17, -6.60432912463e-18, -1.42699812264e-18, -1.00717842257e-18, -6.02787398678e-18, 1.43522701877e-17, -1.54276344317e-16, 7.62017060975e-18, -1.08357272113e-16, 2.00868675365e-15, -1.1321141941e-16, -4.14433898152e-17, 4.96574494696e-16, 3.20781865775e-17, 6.7762191088e-16, -1.59205956956e-16, 2.32148321631e-18, -6.10921189718e-18, 7.33536115791e-19, -9.02930504328e-19, 3.81383770633e-20, 4.32898317361e-20, 4.86001115488e-20, 4.30635752203e-20, 4.39199753418e-20]]
    },
    "mfcc": {
        "kurt": [0.0673010349274, 0.68146276474, 0.202977180481, 0.10559129715, -0.348559379578, 0.0481059551239, 0.443121194839, 0.21013212204, 0.443231105804, -0.0921881198883, 1.06785583496, 0.48765540123, 0.182257890701],
        "max": [-828.42010498, 187.757385254, -3.53045654297, 6.01848220825, 34.6277503967, 37.4457626343, 53.2753829956, 41.8093223572, 39.3361701965, 28.2193164825, 64.5412445068, 55.8398590088, 37.7947654724],
        "mean": [-901.706542969, 125.707603455, -86.471321106, -41.9916915894, -5.64041948318, -1.00994229317, 9.29166793823, 8.9117898941, 13.5598936081, -0.286009997129, 0.862941563129, 13.2245454788, 1.15755259991],
        "median": [-901.468688965, 124.442375183, -86.5568084717, -42.1947402954, -5.61335754395, -0.894157409668, 8.74628067017, 8.91460609436, 14.3556632996, 0.995498657227, -0.0734367370605, 12.9514312744, 2.0033416748],
        "min": [-987.858337402, 59.6698074341, -148.525894165, -78.1550674438, -37.8475151062, -39.5737266541, -24.7217636108, -31.6526794434, -27.2480697632, -38.6459732056, -40.4730567932, -22.8453903198, -38.0214805603],
        "skew": [-0.260185092688, 0.333279669285, -0.0441180169582, 0.273854196072, 0.0276630148292, 0.0706212893128, 0.302711546421, -0.0417786613107, -0.525645852089, -0.315732866526, 0.541850328445, 0.249474152923, -0.265594869852],
        "var": [798.657043457, 290.480895996, 492.653106689, 204.953063965, 157.417831421, 159.646392822, 136.722305298, 114.489593506, 134.292358398, 145.934814453, 193.038452148, 147.489639282, 151.340316772],
        "cov": [[800.063110352, 230.261550903, -427.507995605, -46.0760116577, -55.8707122803, -56.7406692505, 6.49900102615, -29.2080116272, 50.9972229004, 7.82455825806, 7.53145217896, 53.1393852234, -0.0520220473409], [230.261550903, 290.99230957, 62.7232055664, -109.987411499, -45.3378181458, -31.7675533295, -34.6049232483, 2.50988769531, 56.3204307556, 69.1672439575, -2.91447091103, -18.360666275, 17.7002182007], [-427.507995605, 62.7232055664, 493.520477295, 47.9773368835, -27.8203430176, 26.019865036, -21.8172283173, 17.6346893311, 15.9371128082, 56.7730903625, 38.5206985474, -44.0197143555, -9.65191841125], [-46.0760116577, -109.987411499, 47.9773368835, 205.31388855, 60.9608879089, 9.8520898819, 39.7375068665, 10.4821176529, -31.6286182404, -28.5712757111, 39.2877235413, 34.8316116333, -17.230670929], [-55.8707122803, -45.3378181458, -27.8203430176, 60.9608879089, 157.694976807, 69.8652267456, 28.28074646, 32.1843223572, -32.4124488831, -45.7221260071, -14.0562934875, 17.1730537415, 4.29980230331], [-56.7406692505, -31.7675533295, 26.019865036, 9.8520898819, 69.8652267456, 159.927459717, 78.8495254517, 4.0348815918, -11.4076404572, -41.8904304504, -8.21061515808, -6.12172269821, -35.5697059631], [6.49900102615, -34.6049232483, -21.8172283173, 39.7375068665, 28.28074646, 78.8495254517, 136.963012695, 50.1963920593, -35.332901001, -26.6363677979, -16.2169857025, -14.7280807495, -14.317732811], [-29.2080116272, 2.50988769531, 17.6346893311, 10.4821176529, 32.1843223572, 4.0348815918, 50.1963920593, 114.691162109, 29.2200260162, -34.478225708, -24.6089172363, -10.7324609756, 22.0847110748], [50.9972229004, 56.3204307556, 15.9371128082, -31.6286182404, -32.4124488831, -11.4076404572, -35.332901001, 29.2200260162, 134.528793335, 49.0383987427, -61.050868988, -37.5950813293, 23.8020133972], [7.82455825806, 69.1672439575, 56.7730903625, -28.5712757111, -45.7221260071, -41.8904304504, -26.6363677979, -34.478225708, 49.0383987427, 146.191741943, 31.2547035217, -66.0459060669, -16.501203537], [7.53145217896, -2.91447091103, 38.5206985474, 39.2877235413, -14.0562934875, -8.21061515808, -16.2169857025, -24.6089172363, -61.050868988, 31.2547035217, 193.378295898, 68.6415023804, -91.1501922607], [53.1393852234, -18.360666275, -44.0197143555, 34.8316116333, 17.1730537415, -6.12172269821, -14.7280807495, -10.7324609756, -37.5950813293, -66.0459060669, 68.6415023804, 147.749298096, 13.143576622], [-0.0520220473409, 17.7002182007, -9.65191841125, -17.230670929, 4.29980230331, -35.5697059631, -14.317732811, 22.0847110748, 23.8020133972, -16.501203537, -91.1501922607, 13.143576622, 151.606765747]]
    },
    "sccoeffs": {
        "kurt": [0.130499601364, 0.40709900856, 0.446935176849, -0.0713431835175, 0.243677377701, 1.23609972],
        "max": [-0.583922505379, -0.417890310287, -0.523910224438, -0.507803559303, -0.585705220699, -0.665059030056],
        "mean": [-0.76712501049, -0.73619133234, -0.774431824684, -0.756745159626, -0.759066581726, -0.761293888092],
        "median": [-0.769987881184, -0.743042826653, -0.786856472492, -0.763805031776, -0.76258122921, -0.763903677464],
        "min": [-0.88620954752, -0.909060657024, -0.891429841518, -0.875847756863, -0.880726695061, -0.866725564003],
        "skew": [0.245820179582, 0.541862487793, 0.796284675598, 0.561584770679, 0.567465245724, 0.381585508585],
        "var": [0.00219626678154, 0.00620938744396, 0.0040786662139, 0.00404845410958, 0.00269116554409, 0.000691784312949],
        "cov": [[0.00220013340004, 0.000150943582412, 0.000222459770157, 8.68960196385e-05, -4.51196501672e-05, 3.33503448928e-05], [0.000150943582412, 0.00622031930834, -0.000332060502842, -0.000604550354183, -0.000148839186295, 1.75877971742e-06], [0.000222459770157, -0.000332060502842, 0.00408584717661, 0.000621200946625, 0.000652944319881, 9.68015374383e-05], [8.68960196385e-05, -0.000604550354183, 0.000621200946625, 0.00405558152124, 0.00117877102457, 0.000455866567791], [-4.51196501672e-05, -0.000148839186295, 0.000652944319881, 0.00117877102457, 0.00269590364769, 0.000329060829245], [3.33503448928e-05, 1.75877971742e-06, 9.68015374383e-05, 0.000455866567791, 0.000329060829245, 0.000693002250046]]
    },
    "scvalleys": {
        "kurt": [0.614156007767, 0.27184677124, -0.0897319316864, -0.272294998169, 0.673699140549, 3.13108205795],
        "max": [-8.3615694046, -6.67906188965, -5.42511749268, -6.72055721283, -8.36302661896, -11.0412769318],
        "mean": [-9.55590820312, -8.65524673462, -7.37237167358, -7.98267650604, -9.8250169754, -13.2731199265],
        "median": [-9.54776859283, -8.69251251221, -7.3638010025, -7.95089483261, -9.84983348846, -13.301240921],
        "min": [-11.538394928, -10.2057552338, -9.36760902405, -9.70049667358, -10.7550020218, -14.4962387085],
        "skew": [-0.228993952274, 0.216678917408, -0.0354642756283, -0.294899970293, 0.545847296715, 0.768574237823],
        "var": [0.192739680409, 0.259562432766, 0.402887612581, 0.333295673132, 0.159814849496, 0.135442048311],
        "cov": [[0.193079009652, 0.0216490346938, 0.0286960098892, 0.00234372075647, 0.00189572339877, -0.00521394563839], [0.0216490346938, 0.260019421577, 0.147690847516, 0.12872621417, 0.0463979616761, 0.0364559367299], [0.0286960098892, 0.147690847516, 0.403596937656, 0.272948265076, 0.10028848052, 0.074610941112], [0.00234372075647, 0.12872621417, 0.272948265076, 0.333882451057, 0.130618989468, 0.0877483412623], [0.00189572339877, 0.0463979616761, 0.10028848052, 0.130618989468, 0.160096213222, 0.0912461057305], [-0.00521394563839, 0.0364559367299, 0.074610941112, 0.0877483412623, 0.0912461057305, 0.135680511594]]
    }
},
"rhythm": {
    "beats_loudness": {
        "kurt": 2.93858671188,
        "max": 0.0035968280863,
        "mean": 0.000989121384919,
        "median": 0.00081946188584,
        "min": 8.98389844224e-05,
        "skew": 1.63613128662,
        "var": 5.42594250419e-07
    },
    "bpm": 162.020004272,
    "confidence": 1.22399675846,
    "first_peak_bpm": {
        "kurt": 0,
        "max": 161,
        "mean": 161,
        "median": 161,
        "min": 161,
        "skew": 0,
        "var": 0
    },
    "first_peak_spread": {
        "kurt": 0,
        "max": 0.25,
        "mean": 0.25,
        "median": 0.25,
        "min": 0.25,
        "skew": 0,
        "var": 0
    },
    "first_peak_weight": {
        "kurt": 0,
        "max": 0.28125,
        "mean": 0.28125,
        "median": 0.28125,
        "min": 0.28125,
        "skew": 0,
        "var": 0
    },
    "onset_rate": 3.64190030098,
    "second_peak_bpm": {
        "kurt": 0,
        "max": 152,
        "mean": 152,
        "median": 152,
        "min": 152,
        "skew": 0,
        "var": 0
    },
    "second_peak_spread": {
        "kurt": 0,
        "max": 0.399999976158,
        "mean": 0.399999976158,
        "median": 0.399999976158,
        "min": 0.399999976158,
        "skew": 0,
        "var": 0
    },
    "second_peak_weight": {
        "kurt": 0,
        "max": 0.1875,
        "mean": 0.1875,
        "median": 0.1875,
        "min": 0.1875,
        "skew": 0,
        "var": 0
    },
    "beats_loudness_band_ratio": {
        "kurt": [8.57710266113, 5.03281211853, 0.698981285095, -0.579600811005, 1.129301548, 8.12145423889],
        "max": [0.0442756265402, 0.0118677988648, 0.683791160583, 0.963362872601, 0.559178948402, 0.0279844067991],
        "mean": [0.00614952063188, 0.00183803832624, 0.161679729819, 0.675221860409, 0.163874536753, 0.00486121186987],
        "median": [0.00282734190114, 0.000724964076653, 0.0595367476344, 0.675309300423, 0.11362080276, 0.00333020766266],
        "min": [0.000220235582674, 9.79849064606e-05, 0.00152426515706, 0.217700138688, 0.0313693247736, 0.000257149105892],
        "skew": [2.86311078072, 2.38511419296, 1.34542560577, -0.401035696268, 1.25518679619, 2.61816644669],
        "var": [7.90559060988e-05, 7.11083021088e-06, 0.03415100649, 0.0389850735664, 0.0162891168147, 2.86714821414e-05],
        "cov": [[8.1526406575e-05, 1.41956807056e-05, 0.000680088764057, -0.000523184600752, -0.0002261664049, -1.91185927179e-06], [1.41956807056e-05, 7.33304386813e-06, 0.000127803345094, -0.000100422905234, -4.16961484007e-05, 1.11268809633e-06], [0.000680088764057, 0.000127803345094, 0.0352182239294, -0.0299307350069, -0.00643275585026, -6.14493183093e-05], [-0.000523184600752, -0.000100422905234, -0.0299307350069, 0.040203358978, -0.0094486232847, -0.000129909269162], [-0.0002261664049, -4.16961484007e-05, -0.00643275585026, -0.0094486232847, 0.016798151657, 0.000249651551712], [-1.91185927179e-06, 1.11268809633e-06, -6.14493183093e-05, -0.000129909269162, 0.000249651551712, 2.95674653898e-05]]
    },
    "beats_position": [0.429569154978, 0.835918366909, 1.20743763447, 1.57895684242, 1.97369611263, 2.39165520668, 2.79800438881, 3.1811337471, 3.54104304314, 3.94739222527, 4.37696123123, 4.76009082794, 5.15482997894, 5.52634906769, 5.89786815643, 6.24616765976, 6.6176867485, 6.98920631409, 7.36072540283, 7.70902490616, 8.08054447174, 8.45206356049, 8.80036258698, 9.12544155121, 9.47374153137, 9.86848068237, 10.2632198334, 10.6579589844, 11.0526981354, 11.4706573486, 11.8537864685, 12.2601356506, 12.6780948639],
    "bpm_estimates": [161.499023438, 161.499053955, 166.70866394, 161.499099731, 161.499099731, 161.499099731, 161.498901367, 161.499099731, 161.498901367, 161.499099731],
    "bpm_intervals": [0.406349211931, 0.371519267559, 0.371519207954, 0.39473927021, 0.417959094048, 0.406349182129, 0.383129358292, 0.359909296036, 0.406349182129, 0.429569005966, 0.38312959671, 0.394739151001, 0.371519088745, 0.371519088745, 0.348299503326, 0.371519088745, 0.371519565582, 0.371519088745, 0.348299503326, 0.371519565582, 0.371519088745, 0.348299026489, 0.325078964233, 0.348299980164, 0.394739151001, 0.394739151001, 0.394739151001, 0.394739151001, 0.417959213257, 0.383129119873, 0.406349182129, 0.417959213257],
    "onset_times": [0.0116099771112, 0.301859408617, 0.557278931141, 0.882358253002, 0.986848056316, 1.19582772255, 1.81115651131, 2.20589566231, 2.79800462723, 3.22757363319, 3.44816327095, 3.94739222527, 4.051882267, 4.27247142792, 4.63238096237, 4.86458063126, 5.18966007233, 5.51473903656, 5.7701587677, 6.26938772202, 6.62929725647, 6.9543762207, 7.00081634521, 7.0356464386, 7.26784563065, 7.46521520615, 7.69741487503, 7.98766422272, 8.3011341095, 8.46367359161, 8.8119726181, 9.02095222473, 9.31120204926, 9.50857162476, 9.61306095123, 10.0890703201, 10.321269989, 10.7624492645, 10.8553285599, 11.0991382599, 11.354557991, 11.4126081467, 11.6448068619, 12.0743761063, 12.2717456818, 12.6664848328, 13.0147848129, 13.1308841705],
    "histogram": [[0, 0, 0, 0, 0, 0, 0, 0, 0, 0, 0, 0, 0, 0, 0, 0, 0, 0, 0, 0, 0, 0, 0, 0, 0, 0, 0, 0, 0, 0, 0, 0, 0, 0, 0, 0, 0, 0, 0, 0, 0, 0, 0, 0, 0, 0, 0, 0, 0, 0, 0, 0, 0, 0, 0, 0, 0, 0, 0, 0, 0, 0, 0, 0, 0, 0, 0, 0, 0, 0, 0, 0, 0, 0, 0, 0, 0, 0, 0, 0, 0, 0, 0, 0, 0, 0, 0, 0, 0, 0, 0, 0, 0, 0, 0, 0, 0, 0, 0, 0, 0, 0, 0, 0, 0, 0, 0, 0, 0, 0, 0, 0, 0, 0, 0, 0, 0, 0, 0, 0, 0, 0, 0, 0, 0, 0, 0, 0, 0, 0, 0, 0, 0, 0, 0, 0, 0, 0, 0, 0, 0.03125, 0, 0, 0, 0.09375, 0, 0, 0, 0.125, 0, 0, 0, 0.1875, 0, 0, 0, 0, 0.09375, 0, 0, 0, 0.28125, 0, 0, 0, 0, 0, 0.03125, 0, 0, 0, 0, 0.125, 0, 0, 0, 0, 0, 0, 0, 0, 0, 0, 0, 0, 0.03125, 0, 0, 0, 0, 0, 0, 0, 0, 0, 0, 0, 0, 0, 0, 0, 0, 0, 0, 0, 0, 0, 0, 0, 0, 0, 0, 0, 0, 0, 0, 0, 0, 0, 0, 0, 0, 0, 0, 0, 0, 0, 0, 0, 0, 0, 0, 0, 0, 0, 0, 0, 0, 0, 0, 0, 0, 0, 0, 0, 0, 0, 0, 0, 0]]
},
"sfx": {
    "inharmonicity": {
        "kurt": 1.18050861359,
        "max": 0.461076200008,
        "mean": 0.0858165100217,
        "median": 0.0364740416408,
        "min": 1.14732965812e-05,
        "skew": 1.4918653965,
        "var": 0.0125016290694
    },
    "oddtoevenharmonicenergyratio": {
        "kurt": 248.531951904,
        "max": 1687.74035645,
        "mean": 11.3483285904,
        "median": 0.667794942856,
        "min": 0.000323503249092,
        "skew": 15.2093496323,
        "var": 8600.10644531
    },
    "pitch_after_max_to_before_max_energy_ratio": 0.68594032526,
    "pitch_centroid": 294.821716309,
    "pitch_max_to_total": 0.630931437016,
    "pitch_min_to_total": 0.657293498516,
    "tristimulus": {
        "kurt": [-1.33170640469, -1.22917401791, 1.51608848572],
        "max": [0.976541936398, 0.968728303909, 0.992220044136],
        "mean": [0.352248460054, 0.480813294649, 0.166938260198],
        "median": [0.256575196981, 0.486586213112, 0.0405138619244],
        "min": [0, 0.00778007181361, 0],
        "skew": [0.448863178492, -0.049665722996, 1.62367630005],
        "var": [0.110503971577, 0.0693552047014, 0.0617978200316],
        "cov": [[0.110698521137, -0.0591346360743, -0.0515639074147], [-0.0591346360743, 0.0694773122668, -0.0103426752612], [-0.0515639074147, -0.0103426752612, 0.0619066208601]]
    }
},
"tonal": {
    "chords_changes_rate": 0.126315787435,
    "chords_number_rate": 0.0421052649617,
    "chords_strength": {
        "kurt": -0.866488933563,
        "max": 0.665629982948,
        "mean": 0.462752968073,
        "median": 0.453132688999,
        "min": 0.232291638851,
        "skew": -0.133201688528,
        "var": 0.0112796137109
    },
    "key_strength": 0.170690730214,
    "tuning_diatonic_strength": 0.340507000685,
    "tuning_equal_tempered_deviation": 0.250392317772,
    "tuning_frequency": 434.444000244,
    "tuning_nontempered_energy_ratio": 0.891223311424,
    "hpcp": {
