{
"metadata": {
    "version": {
        "essentia": "2.1-beta3"
    }
},
"lowLevel": {
    "average_loudness": 0.863278985023,
    "barkbands_kurtosis": {
        "kurt": 7.98514175415,
        "max": 26.8590354919,
        "mean": 2.36839532852,
        "median": 1.24895381927,
        "min": -1.75123035908,
        "skew": 2.42564916611,
        "var": 17.5095844269
    },
    "barkbands_skewness": {
        "kurt": 1.97173929214,
        "max": 4.49234771729,
        "mean": 0.477406859398,
        "median": 0.45110887289,
        "min": -3.29242730141,
        "skew": -0.0930980890989,
        "var": 1.17017602921
    },
    "barkbands_spread": {
        "kurt": 1.79704713821,
        "max": 111.704803467,
        "mean": 15.3882579803,
        "median": 6.32987165451,
        "min": 0.434794783592,
        "skew": 1.2620947361,
        "var": 271.469146729
    },
    "dissonance": {
        "kurt": 14.0789737701,
        "max": 0.499999850988,
        "mean": 0.461286514997,
        "median": 0.48307543993,
        "min": 0,
        "skew": -3.01663017273,
        "var": 0.00303424079902
    },
    "hfc": {
        "kurt": 8.96014690399,
        "max": 30.211977005,
        "mean": 2.20662808418,
        "median": 7.84804869909e-05,
        "min": 1.09030921386e-16,
        "skew": 2.89464020729,
        "var": 23.5912876129
    },
    "pitch": {
        "kurt": 4.6730298996,
        "max": 4406.82128906,
        "mean": 843.891662598,
        "median": 538.829711914,
        "min": 45.6141433716,
        "skew": 2.38723039627,
        "var": 1047820.875
    },
    "pitch_instantaneous_confidence": {
        "kurt": -0.312494754791,
        "max": 0.960162043571,
        "mean": 0.401711285114,
        "median": 0.394651353359,
        "min": 0.0224021673203,
        "skew": 0.405854016542,
        "var": 0.0328883938491
    },
    "pitch_salience": {
        "kurt": 1.19502305984,
        "max": 0.992638230324,
        "mean": 0.695831179619,
        "median": 0.712710022926,
        "min": 0.311480104923,
        "skew": -0.762830138206,
        "var": 0.00864957645535
    },
    "silence_rate_20dB": {
        "kurt": 0,
        "max": 1,
        "mean": 1,
        "median": 1,
        "min": 1,
        "skew": 0,
        "var": 0
    },
    "silence_rate_30dB": {
        "kurt": 0,
        "max": 1,
        "mean": 1,
        "median": 1,
        "min": 1,
        "skew": 0,
        "var": 0
    },
    "silence_rate_60dB": {
        "kurt": -0.156252145767,
        "max": 1,
        "mean": 0.780851066113,
        "median": 1,
        "min": 0,
        "skew": -1.35784685612,
        "var": 0.17112326622
    },
    "spectral_centroid": {
        "kurt": 12.4774074554,
        "max": 11459.2441406,
        "mean": 1592.9329834,
        "median": 974.212158203,
        "min": 232.462249756,
        "skew": 3.66729617119,
        "var": 4977666
    },
    "spectral_complexity": {
        "kurt": 1.38122749329,
        "max": 20,
        "mean": 2.72553181648,
        "median": 0,
        "min": 0,
        "skew": 1.54159760475,
        "var": 20.4375038147
    },
    "spectral_crest": {
        "kurt": 0.687299728394,
        "max": 22.6425437927,
        "mean": 9.01130867004,
        "median": 8.38781547546,
        "min": 2.41110873222,
        "skew": 0.84119284153,
        "var": 14.1603765488
    },
    "spectral_decrease": {
        "kurt": 8.01728916168,
        "max": 9.75146780018e-29,
        "mean": -5.33684763049e-10,
        "median": -2.44108593474e-14,
        "min": -7.17296932962e-09,
        "skew": -2.75197124481,
        "var": 1.30670041897e-18
    },
    "spectral_energy": {
        "kurt": 8.09969997406,
        "max": 0.0298127420247,
        "mean": 0.00221439730376,
        "median": 1.00674384385e-07,
        "min": 1.02206202227e-20,
        "skew": 2.76438069344,
        "var": 2.25965031859e-05
    },
    "spectral_energyband_high": {
        "kurt": 164.513870239,
        "max": 0.000166239100508,
        "mean": 1.84586758678e-06,
        "median": 3.89707710546e-10,
        "min": 7.07252106092e-21,
        "skew": 11.6020917892,
        "var": 1.01278548048e-10
    },
    "spectral_energyband_low": {
        "kurt": 29.1930618286,
        "max": 1.74331728431e-06,
        "mean": 6.72622491038e-08,
        "median": 1.61765034701e-09,
        "min": 1.42080191472e-23,
        "skew": 4.91374969482,
        "var": 3.6508055151e-14
    },
    "spectral_energyband_middle_high": {
        "kurt": 10.426402092,
        "max": 0.0245254896581,
        "mean": 0.00164622673765,
        "median": 2.58435175482e-08,
        "min": 1.27601939502e-21,
        "skew": 3.09463477135,
        "var": 1.40246129376e-05
    },
    "spectral_energyband_middle_low": {
        "kurt": 19.6957626343,
        "max": 0.0116613311693,
        "mean": 0.000607450958341,
        "median": 3.29274598698e-08,
        "min": 2.13922896381e-22,
        "skew": 3.98324608803,
        "var": 2.13388102566e-06
    },
    "spectral_flatness_db": {
        "kurt": -1.41269266605,
        "max": 0.572561323643,
        "mean": 0.24338696897,
        "median": 0.230146214366,
        "min": 0.0303804948926,
        "skew": 0.189140319824,
        "var": 0.0190838463604
    },
    "spectral_flux": {
        "kurt": 1.45115661621,
        "max": 0.110969983041,
        "mean": 0.0165183264762,
        "median": 0.000284049543552,
        "min": 6.41055819539e-11,
        "skew": 1.55735087395,
        "var": 0.000685834500473
    },
    "spectral_kurtosis": {
        "kurt": 0.766971826553,
        "max": 186.426971436,
        "mean": 33.526763916,
        "median": 15.1453495026,
        "min": -1.26224017143,
        "skew": 1.2057672739,
        "var": 1410.00683594
    },
    "spectral_rms": {
        "kurt": 1.39152431488,
        "max": 0.00539310695603,
        "mean": 0.000771694700234,
        "median": 9.90940952761e-06,
        "min": 3.15774229681e-12,
        "skew": 1.56800293922,
        "var": 1.56487408276e-06
    },
    "spectral_rolloff": {
        "kurt": 11.7281742096,
        "max": 19293.75,
        "mean": 2622.65234375,
        "median": 1227.39257812,
        "min": 129.19921875,
        "skew": 3.52597784996,
        "var": 15031028
    },
    "spectral_skewness": {
        "kurt": -0.907703876495,
        "max": 10.9599142075,
        "mean": 3.92550730705,
        "median": 3.25708627701,
        "min": -0.0723521783948,
        "skew": 0.478981107473,
        "var": 6.78707695007
    },
    "spectral_spread": {
        "kurt": 11.2385206223,
        "max": 45851240,
        "mean": 5588627,
        "median": 3254747.25,
        "min": 509073.21875,
        "skew": 3.45562458038,
        "var": 7.68710813942e+13
    },
    "spectral_strongpeak": {
        "kurt": 4.56791734695,
        "max": 3.64850664139,
        "mean": 0.351912081242,
        "median": 0.00211912300438,
        "min": 0,
        "skew": 2.13567709923,
        "var": 0.412380367517
    },
    "zerocrossingrate": {
        "kurt": 8.0305480957,
        "max": 0.51416015625,
        "mean": 0.0897003859282,
        "median": 0.0498046875,
        "min": 0.017578125,
        "skew": 2.98543477058,
        "var": 0.0116258421913
    },
    "barkbands": {
        "kurt": [48.0783882141, 55.4495925903, 43.3793373108, 32.4512825012, 89.2167892456, 42.1496696472, 144.874771118, 44.098361969, 25.7315616608, 22.8505573273, 7.73778343201, 24.8512458801, 52.999370575, 35.1033439636, 39.1459999084, 73.8305969238, 63.542427063, 82.4733963013, 65.1963424683, 27.3328876495, 246.516967773, 185.566146851, 164.986801147, 44.9231758118, 85.7246322632, 37.8058013916, 37.5692214966],
        "max": [4.69345318166e-09, 2.67771270046e-07, 9.13400640457e-07, 2.46812260229e-06, 2.13691691897e-05, 1.51997592184e-05, 0.000179060880328, 0.00160102499649, 0.0109830927104, 0.00835898611695, 0.00660271802917, 0.014943276532, 0.00426184432581, 0.0010795276612, 0.000865485752001, 0.00107442808803, 0.000645685300697, 0.000179553710041, 0.000103107515315, 5.80711202929e-05, 0.000161684394698, 1.57684698934e-05, 1.69013242157e-06, 1.11542385639e-06, 1.79613402906e-06, 1.73980474472e-08, 2.29205343594e-09],
        "mean": [1.32771779682e-10, 6.04516525726e-09, 2.80969025823e-08, 7.93533914134e-08, 4.9643051625e-07, 5.58220904168e-07, 2.42838291342e-06, 4.65153316327e-05, 0.000475366978208, 0.000400052114855, 0.000494818028528, 0.000574018456973, 0.000118336902233, 3.80972705898e-05, 2.58108375419e-05, 1.82579133252e-05, 1.1084099242e-05, 3.04547279484e-06, 2.06034314942e-06, 2.011772267e-06, 1.06490131202e-06, 1.77362494469e-07, 2.45282212319e-08, 2.86767001256e-08, 3.14304351434e-08, 5.44085998477e-10, 7.49787801291e-11],
        "median": [1.56450785486e-12, 1.40680467275e-10, 6.25078877547e-10, 1.30438426726e-09, 2.41185960093e-09, 1.12419984433e-09, 2.84639400938e-09, 5.32255306496e-09, 5.95168669904e-09, 3.59108742742e-09, 4.53597470695e-09, 2.0580346316e-09, 1.0681351359e-09, 7.11459668956e-10, 3.02774971761e-10, 2.35694574968e-10, 1.20141480098e-10, 1.09349931887e-10, 1.8531140511e-10, 2.9669305901e-10, 1.36951172625e-10, 4.81533979357e-11, 7.35806554575e-12, 3.43534532418e-12, 3.92559422469e-12, 2.64792880547e-13, 8.70083593661e-15],
        "min": [8.07100897768e-25, 8.95953664042e-24, 2.97716007023e-24, 8.23322441777e-25, 2.02623940661e-23, 2.96244406726e-24, 9.02863454483e-24, 1.70403043205e-23, 1.94663687262e-23, 2.51367703327e-23, 3.43765829418e-23, 4.53818015703e-23, 4.26769647648e-23, 5.02372499082e-23, 4.47819201835e-23, 4.99013624011e-23, 6.70802632718e-23, 1.43445709699e-22, 1.74255410726e-22, 2.18449897748e-22, 3.37010441144e-22, 3.83078403396e-22, 3.76212385269e-22, 6.85231188976e-22, 9.31097095515e-22, 1.18042308482e-21, 1.87255878834e-21],
        "skew": [5.86324167252, 6.46590471268, 5.98386478424, 5.01966571808, 7.82981061935, 5.52837562561, 10.9210720062, 6.12613105774, 4.50943994522, 4.38158798218, 2.68932843208, 4.64928627014, 6.53111028671, 5.30570936203, 5.66505622864, 7.72097826004, 7.58513879776, 8.39111804962, 7.51656246185, 4.81352329254, 14.6414108276, 12.014456749, 11.0692815781, 6.16460323334, 8.43183231354, 5.53514575958, 5.54476118088],
        "var": [1.60354079923e-19, 4.74808924325e-16, 8.21374709919e-15, 5.50039072449e-14, 2.20792351416e-12, 1.85724612772e-12, 1.27311952647e-10, 2.61916834887e-08, 1.56095791226e-06, 1.12540544706e-06, 1.1599578329e-06, 3.29980161951e-06, 1.54808134312e-07, 1.31104771484e-08, 7.81355424806e-09, 6.85956180746e-09, 3.6731511166e-09, 2.1947815787e-10, 8.68141392107e-11, 3.97940985719e-11, 7.6880411759e-11, 8.29765943455e-13, 1.00566299063e-14, 1.21423130136e-14, 1.91920183088e-14, 2.97496623999e-18, 5.87201622802e-20],
        "cov": [[1.6069598986e-19, 4.23193542316e-18, 1.07912369711e-17, 2.9813346208e-17, 2.34790121441e-16, 1.830055446e-16, 3.89817823686e-16, 7.4836546736e-15, 2.26351489635e-13, 1.95681022926e-13, 1.8131491046e-13, 3.4458387207e-13, 8.8737732982e-14, 1.64645637483e-14, 1.9513589285e-14, 1.30616351407e-14, 7.04181857139e-15, 2.2462204148e-15, 1.33974354234e-15, 1.4503536574e-15, 9.17696565e-16, 8.38159085992e-17, 1.03833351859e-17, 2.14173471853e-17, 2.38068883409e-17, 3.14417683933e-19, 2.45330848314e-20], [4.23193542316e-18, 4.75821287516e-16, 1.2609342205e-15, 2.41183737885e-15, 2.07575774467e-14, 1.45192153656e-14, 1.22621664816e-14, 3.28403238848e-13, 1.39271537011e-11, 1.54554962578e-11, 1.14943566817e-11, 2.5610675039e-11, 5.5557923713e-12, 1.23451129961e-12, 1.07974143949e-12, 9.15450766407e-13, 6.37340169789e-13, 1.61411059215e-13, 1.00353766638e-13, 7.8424666392e-14, 1.24014744329e-13, 7.65724475878e-15, 9.71327197209e-16, 1.51832688674e-15, 1.43725048122e-15, 2.36369672451e-17, 1.91808460236e-18], [1.07912369711e-17, 1.2609342205e-15, 8.23126035241e-15, 1.33357892126e-14, 7.13509383955e-14, 6.40845747779e-14, 4.4496690539e-14, 1.47358319123e-12, 6.00909183524e-11, 6.75611233625e-11, 4.84418442859e-11, 7.4616063328e-11, 2.26715833607e-11, 3.44995451478e-12, 2.90728877604e-12, 3.6674552284e-12, 3.13484611533e-12, 7.76695114474e-13, 3.82295622025e-13, 2.51540379238e-13, 3.82935707883e-13, 4.08297697139e-14, 4.89924746076e-15, 5.84468319012e-15, 6.40384140234e-15, 1.07864907742e-16, 1.03709522922e-17], [2.9813346208e-17, 2.41183737885e-15, 1.33357892126e-14, 5.51211874267e-14, 1.35683185607e-13, 1.05990025513e-13, 1.64859675932e-13, 2.69483762562e-12, 1.24165080995e-10, 1.06911333952e-10, 1.03708860943e-10, 2.20094359404e-10, 4.0049484562e-11, 7.89188072531e-12, 7.49478257234e-12, 6.4052270432e-12, 4.46504552082e-12, 1.20242086687e-12, 6.28564149514e-13, 5.64415376415e-13, 3.88768796886e-13, 6.46279701305e-14, 9.43716252469e-15, 1.04653122919e-14, 1.19851053927e-14, 1.84740797472e-16, 2.10682157555e-17], [2.34790121441e-16, 2.07575774467e-14, 7.13509383955e-14, 1.35683185607e-13, 2.21263111999e-12, 1.45055701391e-12, 1.56117621001e-12, 2.45974265262e-11, 6.25663854059e-10, 7.74036557072e-10, 5.569846806e-10, 9.61746238204e-10, 3.78013897961e-10, 4.00516390886e-11, 3.97773897154e-11, 3.55673997199e-11, 3.53542542464e-11, 1.16480635901e-11, 5.36794306921e-12, 2.74149843452e-12, 8.68352091621e-12, 4.28752573809e-13, 6.41329776286e-14, 8.09729209681e-14, 8.69381403348e-14, 1.33915083104e-15, 1.08490534218e-16], [1.830055446e-16, 1.45192153656e-14, 6.40845747779e-14, 1.05990025513e-13, 1.45055701391e-12, 1.86120606774e-12, 1.72865107645e-12, 3.00452648871e-11, 5.4561372087e-10, 6.97651991732e-10, 6.1137278573e-10, 6.97059243659e-10, 3.0683977581e-10, 3.86330724356e-11, 2.52064168149e-11, 3.87918759615e-11, 3.4916448205e-11, 1.02596941359e-11, 4.50885336012e-12, 2.63069579141e-12, 7.69716148458e-12, 4.72197530643e-13, 4.38740366195e-14, 6.50518118647e-14, 6.6483514386e-14, 1.2120439023e-15, 1.09570693132e-16], [3.89817823686e-16, 1.22621664816e-14, 4.4496690539e-14, 1.64859675932e-13, 1.56117621001e-12, 1.72865107645e-12, 1.27583402176e-10, 4.51503029408e-10, 1.53643187062e-09, 7.49542539147e-10, 2.49173182088e-10, 1.12822573506e-09, 2.30260463474e-10, 9.41088248996e-11, 5.30315999447e-11, 5.98140564856e-11, 5.40576819419e-11, 1.21403746431e-11, 9.76702746458e-12, 5.36362100567e-12, 3.26077186086e-12, 4.30393730638e-13, 4.55723275143e-14, 1.26575209732e-13, 1.51721273349e-13, 1.95289714033e-15, 9.03811617117e-17], [7.4836546736e-15, 3.28403238848e-13, 1.47358319123e-12, 2.69483762562e-12, 2.45974265262e-11, 3.00452648871e-11, 4.51503029408e-10, 2.6247528595e-08, 3.84134715148e-08, 3.39806192073e-08, 3.96145196646e-08, 1.41466394155e-08, 8.76764083557e-09, 3.18926973719e-09, 8.22604484529e-10, 8.3938034301e-10, 5.20156362427e-10, 1.16997023181e-10, 1.37393624255e-10, 9.52773276941e-11, 4.79516912288e-11, 1.3155253796e-11, 9.75263056077e-13, 1.35363183336e-12, 1.91224813761e-12, 4.8916386485e-14, 4.6206142787e-15], [2.26351489635e-13, 1.39271537011e-11, 6.00909183524e-11, 1.24165080995e-10, 6.25663854059e-10, 5.4561372087e-10, 1.53643187062e-09, 3.84134715148e-08, 1.56428620812e-06, 7.29158614377e-07, 6.75612568557e-07, 1.12305269795e-06, 2.24551129691e-07, 7.25054718487e-08, 5.35451860628e-08, 5.6736173093e-08, 5.31251451719e-08, 1.25950831986e-08, 8.61073967684e-09, 5.130620373e-09, 2.28114016565e-09, 5.08287190115e-10, 6.14021195e-11, 9.09136793625e-11, 1.14959715358e-10, 1.49825095906e-12, 1.3663182185e-13], [1.95681022926e-13, 1.54554962578e-11, 6.75611233625e-11, 1.06911333952e-10, 7.74036557072e-10, 6.97651991732e-10, 7.49542539147e-10, 3.39806192073e-08, 7.29158614377e-07, 1.12780503514e-06, 7.00653288277e-07, 1.11944677883e-06, 2.44407516448e-07, 6.96493600572e-08, 5.43595710667e-08, 4.21009254126e-08, 2.70404889591e-08, 6.99447477714e-09, 4.11719858207e-09, 3.41603412224e-09, 4.06028499711e-09, 4.53647924781e-10, 4.79198174197e-11, 6.11503486736e-11, 5.82800474547e-11, 1.16683171372e-12, 1.21722415676e-13], [1.8131491046e-13, 1.14943566817e-11, 4.84418442859e-11, 1.03708860943e-10, 5.569846806e-10, 6.1137278573e-10, 2.49173182088e-10, 3.96145196646e-08, 6.75612568557e-07, 7.00653288277e-07, 1.16243109005e-06, 1.14727151868e-06, 1.84897388067e-07, 5.15815870017e-08, 4.06826679011e-08, 1.7066714264e-08, 1.19291856393e-08, 4.49488757326e-09, 2.24421614625e-09, 2.26126406488e-09, 1.81248327458e-09, 1.99134500556e-10, 2.97243063496e-11, 3.43687231452e-11, 3.7068140224e-11, 7.57671757366e-13, 1.4603520216e-13], [3.4458387207e-13, 2.5610675039e-11, 7.4616063328e-11, 2.20094359404e-10, 9.61746238204e-10, 6.97059243659e-10, 1.12822573506e-09, 1.41466394155e-08, 1.12305269795e-06, 1.11944677883e-06, 1.14727151868e-06, 3.30683747052e-06, 3.46672436535e-07, 9.3571401294e-08, 1.00920765078e-07, 4.08187155188e-08, 2.50227962795e-08, 8.56308091102e-09, 5.02653740853e-09, 6.3662985994e-09, 2.67279931521e-09, 3.57688184627e-10, 5.8152458543e-11, 8.61183346856e-11, 9.12041830947e-11, 1.30631204638e-12, 1.75124468421e-13], [8.8737732982e-14, 5.5557923713e-12, 2.26715833607e-11, 4.0049484562e-11, 3.78013897961e-10, 3.0683977581e-10, 2.30260463474e-10, 8.76764083557e-09, 2.24551129691e-07, 2.44407516448e-07, 1.84897388067e-07, 3.46672436535e-07, 1.55138209834e-07, 1.43948879483e-08, 1.75228080934e-08, 1.44581111527e-08, 1.03333732682e-08, 3.00829361422e-09, 1.65174607325e-09, 1.36283118124e-09, 1.6385839352e-09, 1.75606071351e-10, 1.71176059438e-11, 2.82216888747e-11, 3.4237248453e-11, 3.84218888259e-13, 2.58239745777e-14], [1.64645637483e-14, 1.23451129961e-12, 3.44995451478e-12, 7.89188072531e-12, 4.00516390886e-11, 3.86330724356e-11, 9.41088248996e-11, 3.18926973719e-09, 7.25054718487e-08, 6.96493600572e-08, 5.15815870017e-08, 9.3571401294e-08, 1.43948879483e-08, 1.31384316759e-08, 5.30927968256e-09, 4.05672562209e-09, 2.47311326973e-09, 5.49447654041e-10, 4.83706963372e-10, 3.24635984761e-10, 1.677565864e-10, 2.96162608326e-11, 3.41313999633e-12, 6.8742125707e-12, 7.65039854383e-12, 1.07921362276e-13, 1.06508938225e-14], [1.9513589285e-14, 1.07974143949e-12, 2.90728877604e-12, 7.49478257234e-12, 3.97773897154e-11, 2.52064168149e-11, 5.30315999447e-11, 8.22604484529e-10, 5.35451860628e-08, 5.43595710667e-08, 4.06826679011e-08, 1.00920765078e-07, 1.75228080934e-08, 5.30927968256e-09, 7.83021381068e-09, 3.55881568659e-09, 1.96255744989e-09, 4.55376819586e-10, 3.55585616507e-10, 3.47149697877e-10, 9.59358079089e-11, 2.2595172261e-11, 3.22997900128e-12, 5.96656925256e-12, 5.61972473764e-12, 7.90985996862e-14, 6.79200441481e-15], [1.30616351407e-14, 9.15450766407e-13, 3.6674552284e-12, 6.4052270432e-12, 3.55673997199e-11, 3.87918759615e-11, 5.98140564856e-11, 8.3938034301e-10, 5.6736173093e-08, 4.21009254126e-08, 1.7066714264e-08, 4.08187155188e-08, 1.44581111527e-08, 4.05672562209e-09, 3.55881568659e-09, 6.87418788559e-09, 3.91221410823e-09, 6.35347996436e-10, 5.84672754655e-10, 3.70371538994e-10, 2.86401208305e-10, 4.00925091737e-11, 3.93186351533e-12, 6.43211959389e-12, 6.68287951019e-12, 1.04348435003e-13, 4.50283053574e-15], [7.04181857139e-15, 6.37340169789e-13, 3.13484611533e-12, 4.46504552082e-12, 3.53542542464e-11, 3.4916448205e-11, 5.40576819419e-11, 5.20156362427e-10, 5.31251451719e-08, 2.70404889591e-08, 1.19291856393e-08, 2.50227962795e-08, 1.03333732682e-08, 2.47311326973e-09, 1.96255744989e-09, 3.91221410823e-09, 3.68098307391e-09, 6.81939948954e-10, 5.05537389728e-10, 2.42418085605e-10, 2.55981014163e-10, 2.27773511857e-11, 2.44940808088e-12, 4.808030276e-12, 5.96922598156e-12, 7.81679069888e-14, 3.38697050685e-15], [2.2462204148e-15, 1.61411059215e-13, 7.76695114474e-13, 1.20242086687e-12, 1.16480635901e-11, 1.02596941359e-11, 1.21403746431e-11, 1.16997023181e-10, 1.25950831986e-08, 6.99447477714e-09, 4.49488757326e-09, 8.56308091102e-09, 3.00829361422e-09, 5.49447654041e-10, 4.55376819586e-10, 6.35347996436e-10, 6.81939948954e-10, 2.19946130753e-10, 9.86070461395e-11, 5.22469949249e-11, 6.80724157598e-11, 4.497693884e-12, 4.79929572646e-13, 1.06257418229e-12, 1.23435246399e-12, 1.69062202795e-14, 1.0274845287e-15], [1.33974354234e-15, 1.00353766638e-13, 3.82295622025e-13, 6.28564149514e-13, 5.36794306921e-12, 4.50885336012e-12, 9.76702746458e-12, 1.37393624255e-10, 8.61073967684e-09, 4.11719858207e-09, 2.24421614625e-09, 5.02653740853e-09, 1.65174607325e-09, 4.83706963372e-10, 3.55585616507e-10, 5.84672754655e-10, 5.05537389728e-10, 9.86070461395e-11, 8.69992480834e-11, 4.07574737848e-11, 3.40713533775e-11, 3.2243396321e-12, 3.468149433e-13, 7.74390100655e-13, 9.98527974715e-13, 1.23213037809e-14, 6.12982814972e-16], [1.4503536574e-15, 7.8424666392e-14, 2.51540379238e-13, 5.64415376415e-13, 2.74149843452e-12, 2.63069579141e-12, 5.36362100567e-12, 9.52773276941e-11, 5.130620373e-09, 3.41603412224e-09, 2.26126406488e-09, 6.3662985994e-09, 1.36283118124e-09, 3.24635984761e-10, 3.47149697877e-10, 3.70371538994e-10, 2.42418085605e-10, 5.22469949249e-11, 4.07574737848e-11, 3.98789473666e-11, 1.42578362311e-11, 2.35808464769e-12, 2.77000400698e-13, 4.2294664407e-13, 4.67008159574e-13, 6.86578437265e-15, 4.79192584525e-16], [9.17696565e-16, 1.24014744329e-13, 3.82935707883e-13, 3.88768796886e-13, 8.68352091621e-12, 7.69716148458e-12, 3.26077186086e-12, 4.79516912288e-11, 2.28114016565e-09, 4.06028499711e-09, 1.81248327458e-09, 2.67279931521e-09, 1.6385839352e-09, 1.677565864e-10, 9.59358079089e-11, 2.86401208305e-10, 2.55981014163e-10, 6.80724157598e-11, 3.40713533775e-11, 1.42578362311e-11, 7.70443361886e-11, 2.29029555737e-12, 2.1011066964e-13, 3.66419188828e-13, 3.16793385144e-13, 6.93305445877e-15, 2.16667401548e-16], [8.38159085992e-17, 7.65724475878e-15, 4.08297697139e-14, 6.46279701305e-14, 4.28752573809e-13, 4.72197530643e-13, 4.30393730638e-13, 1.3155253796e-11, 5.08287190115e-10, 4.53647924781e-10, 1.99134500556e-10, 3.57688184627e-10, 1.75606071351e-10, 2.96162608326e-11, 2.2595172261e-11, 4.00925091737e-11, 2.27773511857e-11, 4.497693884e-12, 3.2243396321e-12, 2.35808464769e-12, 2.29029555737e-12, 8.3153514456e-13, 4.24345956052e-14, 5.51683468331e-14, 5.68448825337e-14, 7.86073309529e-16, 4.40008271285e-17], [1.03833351859e-17, 9.71327197209e-16, 4.89924746076e-15, 9.43716252469e-15, 6.41329776286e-14, 4.38740366195e-14, 4.55723275143e-14, 9.75263056077e-13, 6.14021195e-11, 4.79198174197e-11, 2.97243063496e-11, 5.8152458543e-11, 1.71176059438e-11, 3.41313999633e-12, 3.22997900128e-12, 3.93186351533e-12, 2.44940808088e-12, 4.79929572646e-13, 3.468149433e-13, 2.77000400698e-13, 2.1011066964e-13, 4.24345956052e-14, 1.00780733924e-14, 6.32307681081e-15, 5.89550262585e-15, 1.05829368456e-16, 7.1927084846e-18], [2.14173471853e-17, 1.51832688674e-15, 5.84468319012e-15, 1.04653122919e-14, 8.09729209681e-14, 6.50518118647e-14, 1.26575209732e-13, 1.35363183336e-12, 9.09136793625e-11, 6.11503486736e-11, 3.43687231452e-11, 8.61183346856e-11, 2.82216888747e-11, 6.8742125707e-12, 5.96656925256e-12, 6.43211959389e-12, 4.808030276e-12, 1.06257418229e-12, 7.74390100655e-13, 4.2294664407e-13, 3.66419188828e-13, 5.51683468331e-14, 6.32307681081e-15, 1.21682034227e-14, 1.37126807576e-14, 1.6341732536e-16, 8.04296330035e-18], [2.38068883409e-17, 1.43725048122e-15, 6.40384140234e-15, 1.19851053927e-14, 8.69381403348e-14, 6.6483514386e-14, 1.51721273349e-13, 1.91224813761e-12, 1.14959715358e-10, 5.82800474547e-11, 3.7068140224e-11, 9.12041830947e-11, 3.4237248453e-11, 7.65039854383e-12, 5.61972473764e-12, 6.68287951019e-12, 5.96922598156e-12, 1.23435246399e-12, 9.98527974715e-13, 4.67008159574e-13, 3.16793385144e-13, 5.68448825337e-14, 5.89550262585e-15, 1.37126807576e-14, 1.92329401645e-14, 1.84229110162e-16, 9.37373064264e-18], [3.14417683933e-19, 2.36369672451e-17, 1.07864907742e-16, 1.84740797472e-16, 1.33915083104e-15, 1.2120439023e-15, 1.95289714033e-15, 4.8916386485e-14, 1.49825095906e-12, 1.16683171372e-12, 7.57671757366e-13, 1.30631204638e-12, 3.84218888259e-13, 1.07921362276e-13, 7.90985996862e-14, 1.04348435003e-13, 7.81679069888e-14, 1.69062202795e-14, 1.23213037809e-14, 6.86578437265e-15, 6.93305445877e-15, 7.86073309529e-16, 1.05829368456e-16, 1.6341732536e-16, 1.84229110162e-16, 2.98130947451e-18, 1.97678860231e-19], [2.45330848314e-20, 1.91808460236e-18, 1.03709522922e-17, 2.10682157555e-17, 1.08490534218e-16, 1.09570693132e-16, 9.03811617117e-17, 4.6206142787e-15, 1.3663182185e-13, 1.21722415676e-13, 1.4603520216e-13, 1.75124468421e-13, 2.58239745777e-14, 1.06508938225e-14, 6.79200441481e-15, 4.50283053574e-15, 3.38697050685e-15, 1.0274845287e-15, 6.12982814972e-16, 4.79192584525e-16, 2.16667401548e-16, 4.40008271285e-17, 7.1927084846e-18, 8.04296330035e-18, 9.37373064264e-18, 1.97678860231e-19, 5.88453702831e-20]]
    },
    "mfcc": {
        "kurt": [-0.835600614548, -1.65298843384, -0.680442333221, -1.29585587978, -1.43701803684, 1.0891418457, 1.03065776825, 1.52265071869, 4.30356884003, 6.00985908508, 6.55227947235, 1.07351255417, 1.50979280472],
        "max": [-729.492858887, 171.110473633, 32.614566803, 11.446231842, 3.79942321777, 4.0837020874, 39.9854812622, 22.5441226959, 44.3541488647, 29.115983963, 17.184009552, 23.8174381256, 13.702507019],
        "mean": [-1040.43615723, 54.7839622498, -32.7331161499, -34.6593551636, -26.2096214294, -9.90134906769, 4.93508720398, 0.459748864174, 0.641629874706, 0.557428121567, -2.47649145126, -4.85397338867, -3.21558094025],
        "median": [-1132.24633789, 4.87119674683, -6.103515625e-05, 8.01086425781e-05, -2.81575012207, -2.24800872803, -2.67028808594e-05, -5.34057617188e-05, -4.57763671875e-05, -2.28881835938e-05, -2.67028808594e-05, -3.0517578125e-05, -3.81469726562e-05],
        "min": [-1138.42004395, -6.67860794067, -157.449798584, -120.007301331, -92.3213806152, -61.0218467712, -35.9655303955, -20.1044540405, -30.7866611481, -42.9271850586, -50.4221534729, -34.4564323425, -29.0542221069],
        "skew": [0.845368921757, 0.437111377716, -0.974500894547, -0.682963490486, -0.536023259163, -1.30351400375, 0.909980714321, 0.0863803848624, 0.635166168213, -1.07968294621, -1.85223400593, -0.971918165684, -1.19170892239],
        "var": [15829.5507812, 3970.57080078, 2840.72924805, 1998.65515137, 950.262329102, 171.479217529, 109.887443542, 35.8880195618, 79.3537216187, 70.0251235962, 53.6994094849, 68.2140808105, 40.2598266602],
        "cov": [[15863.3027344, 7366.02490234, -6370.67431641, -4820.74072266, -3283.7890625, -1068.75061035, 946.748779297, 97.2651672363, 350.893157959, 28.0560569763, -373.254241943, -713.132751465, -404.130065918], [7366.02490234, 3979.03686523, -2722.84692383, -2683.6394043, -1866.17578125, -624.577026367, 436.957885742, 41.1922416687, 32.3288993835, 65.3076553345, -163.692428589, -363.215454102, -210.482223511], [-6370.67431641, -2722.84692383, 2846.78613281, 1894.13146973, 1186.43701172, 341.1512146, -433.290130615, -55.5807228088, -183.383651733, -61.4294929504, 145.570709229, 294.749145508, 136.575744629], [-4820.74072266, -2683.6394043, 1894.13146973, 2002.91674805, 1309.2824707, 397.268981934, -332.3074646, -44.6561126709, 8.33872127533, -109.300949097, 75.4681396484, 257.385406494, 126.963661194], [-3283.7890625, -1866.17578125, 1186.43701172, 1309.2824707, 952.288452148, 327.927307129, -195.924179077, -21.3914203644, 0.781909406185, -51.5317459106, 57.6826057434, 151.240203857, 89.8969192505], [-1068.75061035, -624.577026367, 341.1512146, 397.268981934, 327.927307129, 171.844848633, -29.9343566895, 1.07410824299, 1.50878429413, -14.0888576508, 9.43794059753, 30.7052879333, 28.3844413757], [946.748779297, 436.957885742, -433.290130615, -332.3074646, -195.924179077, -29.9343566895, 110.121742249, 28.8853340149, 20.1396198273, 25.1078014374, -24.025976181, -58.1338844299, -19.1490821838], [97.2651672363, 41.1922416687, -55.5807228088, -44.6561126709, -21.3914203644, 1.07410824299, 28.8853340149, 35.9645385742, 23.7210960388, 11.5876665115, -4.08853912354, -11.4086828232, 0.740786612034], [350.893157959, 32.3288993835, -183.383651733, 8.33872127533, 0.781909406185, 1.50878429413, 20.1396198273, 23.7210960388, 79.5229187012, -4.16783618927, -19.8275184631, -4.97204446793, -3.05505919456], [28.0560569763, 65.3076553345, -61.4294929504, -109.300949097, -51.5317459106, -14.0888576508, 25.1078014374, 11.5876665115, -4.16783618927, 70.1744308472, 24.0768604279, -13.4801778793, 12.7377252579], [-373.254241943, -163.692428589, 145.570709229, 75.4681396484, 57.6826057434, 9.43794059753, -24.025976181, -4.08853912354, -19.8275184631, 24.0768604279, 53.8139076233, 28.7632484436, 11.8365068436], [-713.132751465, -363.215454102, 294.749145508, 257.385406494, 151.240203857, 30.7052879333, -58.1338844299, -11.4086828232, -4.97204446793, -13.4801778793, 28.7632484436, 68.3595275879, 27.2402629852], [-404.130065918, -210.482223511, 136.575744629, 126.963661194, 89.8969192505, 28.3844413757, -19.1490821838, 0.740786612034, -3.05505919456, 12.7377252579, 11.8365068436, 27.2402629852, 40.3456687927]]
    },
    "sccoeffs": {
        "kurt": [0.0398063659668, -0.65306854248, 0.640680074692, -1.00190842152, 0.295519828796, -0.268141269684],
        "max": [-0.471877783537, -0.403264462948, -0.497999668121, -0.574835240841, -0.670584440231, -0.681369423866],
        "mean": [-0.795440971851, -0.792970359325, -0.848768055439, -0.826310217381, -0.878538608551, -0.856743454933],
        "median": [-0.809084236622, -0.856074392796, -0.88308930397, -0.862387478352, -0.899611234665, -0.868232727051],
        "min": [-0.996636152267, -0.996473193169, -0.994099020958, -0.972604513168, -0.980900168419, -0.962513923645],
        "skew": [0.598254561424, 0.782155573368, 0.980438113213, 0.473958343267, 0.87516194582, 0.261157721281],
        "var": [0.0100208157673, 0.0212903637439, 0.00819343607873, 0.00968881230801, 0.00335318734869, 0.00265695550479],
        "cov": [[0.0100421821699, 0.00836541783065, 0.00479510519654, 0.00706877233461, 0.00325137679465, 0.00309199583717], [0.00836541783065, 0.0213357582688, 0.0111705465242, 0.0123383682221, 0.00617764052004, 0.00554555468261], [0.00479510519654, 0.0111705465242, 0.00821090582758, 0.00736557412893, 0.00420300383121, 0.00365072395653], [0.00706877233461, 0.0123383682221, 0.00736557412893, 0.00970947090536, 0.00434364192188, 0.00390165811405], [0.00325137679465, 0.00617764052004, 0.00420300383121, 0.00434364192188, 0.0033603371121, 0.00265438784845], [0.00309199583717, 0.00554555468261, 0.00365072395653, 0.00390165811405, 0.00265438784845, 0.00266262050718]]
    },
    "scvalleys": {
        "kurt": [7.38724422455, 3.82644176483, 1.52064275742, 2.18974971771, 3.68991279602, 3.22788476944],
        "max": [-8.99883079529, -7.16781711578, -4.13248729706, -5.49033880234, -7.60627269745, -10.3863887787],
        "mean": [-13.3802967072, -12.1288509369, -11.2143659592, -12.6375417709, -13.495850563, -15.7860736847],
        "median": [-12.8339605331, -11.6486988068, -11.5527963638, -13.1174449921, -13.6795282364, -15.9823493958],
        "min": [-27.9045772552, -27.5313301086, -27.5900173187, -27.588224411, -27.5628528595, -27.431016922],
        "skew": [-2.65121436119, -1.81716871262, -1.09260547161, -1.22928142548, -1.6923520565, -1.57022583485],
        "var": [13.5860280991, 20.3998184204, 29.2924823761, 22.8797149658, 17.5224895477, 12.9497470856],
        "cov": [[13.6149959564, 15.9714260101, 18.3587779999, 16.4797706604, 14.7513065338, 12.5971546173], [15.9714260101, 20.443315506, 23.8097229004, 20.8492851257, 18.1591415405, 15.3999500275], [18.3587779999, 23.8097229004, 29.3549404144, 25.6027393341, 21.9058551788, 18.604637146], [16.4797706604, 20.8492851257, 25.6027393341, 22.9284992218, 19.8414649963, 16.9345207214], [14.7513065338, 18.1591415405, 21.9058551788, 19.8414649963, 17.5598506927, 15.0031604767], [12.5971546173, 15.3999500275, 18.604637146, 16.9345207214, 15.0031604767, 12.9773588181]]
    }
},
"rhythm": {
    "beats_loudness": {
        "kurt": 0.0411520004272,
        "max": 0.0251588076353,
        "mean": 0.00540729193017,
        "median": 4.97201981489e-05,
        "min": 7.09803327226e-11,
        "skew": 1.28195559978,
        "var": 7.16419162927e-05
    },
    "bpm": 87.1896133423,
    "confidence": 1.6310352087,
    "first_peak_bpm": {
        "kurt": 0,
        "max": 88,
        "mean": 88,
        "median": 88,
        "min": 88,
        "skew": 0,
        "var": 0
    },
    "first_peak_spread": {
        "kurt": 0,
        "max": 0.285714328289,
        "mean": 0.285714328289,
        "median": 0.285714328289,
        "min": 0.285714328289,
        "skew": 0,
        "var": 0
    },
    "first_peak_weight": {
        "kurt": 0,
        "max": 0.333333343267,
        "mean": 0.333333343267,
        "median": 0.333333343267,
        "min": 0.333333343267,
        "skew": 0,
        "var": 0
    },
    "onset_rate": 1.10294353962,
    "second_peak_bpm": {
        "kurt": 0,
        "max": 99,
        "mean": 99,
        "median": 99,
        "min": 99,
        "skew": 0,
        "var": 0
    },
    "second_peak_spread": {
        "kurt": 0,
        "max": 0.5,
        "mean": 0.5,
        "median": 0.5,
        "min": 0.5,
        "skew": 0,
        "var": 0
    },
    "second_peak_weight": {
        "kurt": 0,
        "max": 0.20000000298,
        "mean": 0.20000000298,
        "median": 0.20000000298,
        "min": 0.20000000298,
        "skew": 0,
        "var": 0
    },
    "beats_loudness_band_ratio": {
        "kurt": [0.0196464061737, -0.0097508430481, -0.515386104584, -1.30873012543, 0.846882343292, 9.3427028656],
        "max": [0.259701550007, 0.155811935663, 0.893954634666, 0.887651920319, 0.265817761421, 0.832617402077],
        "mean": [0.0592888705432, 0.0362258031964, 0.356286138296, 0.379531353712, 0.0585964992642, 0.0732724145055],
        "median": [0.000224514777074, 0.00216894550249, 0.310841053724, 0.309725850821, 0.0168844405562, 0.000852146535181],
        "min": [0, 0, 0, 0, 0, 0],
        "skew": [1.2791557312, 1.29429483414, 0.628800988197, 0.349551707506, 1.30291628838, 3.26448178291],
        "var": [0.00825028121471, 0.00312690413557, 0.0708971098065, 0.0807783082128, 0.00582074327394, 0.0410605818033],
        "cov": [[0.00880029983819, 0.00472702644765, -0.00123908778187, -0.0107833044603, 0.00310850283131, 0.000488857156597], [0.00472702644765, 0.00333536439575, 0.000878717110027, -0.00591346621513, 0.000691797875334, -0.000572066521272], [-0.00123908778187, 0.000878717110027, 0.0756235867739, -0.0163703374565, -0.0111752487719, -0.0236853417009], [-0.0107833044603, -0.00591346621513, -0.0163703374565, 0.0861635282636, -0.00251601845957, -0.0241096001118], [0.00310850283131, 0.000691797875334, -0.0111752487719, -0.00251601845957, 0.0062087927945, 0.00776557112113], [0.000488857156597, -0.000572066521272, -0.0236853417009, -0.0241096001118, 0.00776557112113, 0.043797954917]]
    },
    "beats_position": [0.66176867485, 1.34675729275, 2.03174591064, 2.71673464775, 3.41333317757, 4.12154197693, 4.80653047562, 5.47990942001, 6.08362817764, 6.68734693527, 7.2910656929, 7.8831744194, 8.45206356049, 9.0093421936, 9.63628101349, 10.2632198334],
    "bpm_estimates": [87.5926971436, 87.5926971436, 87.5926818848, 86.1328277588, 84.7207794189, 87.5927124023, 89.1028747559],
    "bpm_intervals": [0.684988617897, 0.684988617897, 0.684988737106, 0.696598529816, 0.708208799362, 0.684988498688, 0.673378944397, 0.603718757629, 0.603718757629, 0.603718757629, 0.592108726501, 0.568889141083, 0.557278633118, 0.626938819885, 0.626938819885],
    "onset_times": [0.53405892849, 0.684988677502, 1.23065757751, 3.21596360207, 4.82975053787, 5.05034017563, 5.22448968887, 5.9675283432, 6.13006782532, 7.32589578629, 7.69741487503, 9.03256225586],
    "histogram": [[0, 0, 0, 0, 0, 0, 0, 0, 0, 0, 0, 0, 0, 0, 0, 0, 0, 0, 0, 0, 0, 0, 0, 0, 0, 0, 0, 0, 0, 0, 0, 0, 0, 0, 0, 0, 0, 0, 0, 0, 0, 0, 0, 0, 0, 0, 0, 0, 0, 0, 0, 0, 0, 0, 0, 0, 0, 0, 0, 0, 0, 0, 0, 0, 0, 0, 0, 0, 0, 0, 0, 0, 0, 0, 0, 0, 0, 0, 0, 0, 0, 0, 0, 0, 0, 0.0666666701436, 0.0666666701436, 0, 0.266666680574, 0.0666666701436, 0, 0, 0, 0, 0, 0, 0.133333340287, 0, 0, 0.20000000298, 0, 0.0666666701436, 0, 0, 0, 0.0666666701436, 0, 0, 0.0666666701436, 0, 0, 0, 0, 0, 0, 0, 0, 0, 0, 0, 0, 0, 0, 0, 0, 0, 0, 0, 0, 0, 0, 0, 0, 0, 0, 0, 0, 0, 0, 0, 0, 0, 0, 0, 0, 0, 0, 0, 0, 0, 0, 0, 0, 0, 0, 0, 0, 0, 0, 0, 0, 0, 0, 0, 0, 0, 0, 0, 0, 0, 0, 0, 0, 0, 0, 0, 0, 0, 0, 0, 0, 0, 0, 0, 0, 0, 0, 0, 0, 0, 0, 0, 0, 0, 0, 0, 0, 0, 0, 0, 0, 0, 0, 0, 0, 0, 0, 0, 0, 0, 0, 0, 0, 0, 0, 0, 0, 0, 0, 0, 0, 0, 0, 0, 0, 0, 0, 0, 0, 0, 0, 0, 0, 0, 0, 0, 0, 0, 0, 0, 0, 0, 0, 0, 0, 0, 0, 0, 0, 0]]
},
"sfx": {
    "inharmonicity": {
        "kurt": 1.05282211304,
        "max": 0.450297653675,
        "mean": 0.0810419842601,
        "median": 0.031315587461,
        "min": 0,
        "skew": 1.39644169807,
        "var": 0.0110983774066
    },
    "oddtoevenharmonicenergyratio": {
        "kurt": 36.8183441162,
        "max": 16.5150756836,
        "mean": 0.81409651041,
        "median": 0.293901979923,
        "min": 0,
        "skew": 5.42323255539,
        "var": 3.1256313324
    },
    "pitch_after_max_to_before_max_energy_ratio": 6.28640651703,
    "pitch_centroid": 264.471618652,
    "pitch_max_to_total": 0.172340422869,
    "pitch_min_to_total": 0.287234038115,
    "tristimulus": {
        "kurt": [-1.47942018509, -0.544628620148, -0.016270160675],
        "max": [1, 0.948426425457, 1],
        "mean": [0.450812220573, 0.335875153542, 0.213312521577],
        "median": [0.407675176859, 0.291516691446, 0.0908081904054],
        "min": [0, 0, 0],
        "skew": [0.225930258632, 0.635367810726, 1.08958685398],
        "var": [0.132591530681, 0.0702140629292, 0.0657948255539],
        "cov": [[0.132874235511, -0.0686513334513, -0.0642227903008], [-0.0686513334513, 0.0703637748957, -0.00171238824259], [-0.0642227903008, -0.00171238824259, 0.065935112536]]
    }
},
"tonal": {
    "chords_changes_rate": 0.207627117634,
    "chords_number_rate": 0.0635593235493,
    "chords_strength": {
        "kurt": -0.336115837097,
        "max": 0.58716326952,
        "mean": 0.386790633202,
        "median": 0.385417670012,
        "min": 0.227413460612,
        "skew": 0.26596057415,
        "var": 0.00469747884199
    },
    "key_strength": 0.279212892056,
    "tuning_diatonic_strength": 0.325973242521,
    "tuning_equal_tempered_deviation": 0.228019893169,
    "tuning_frequency": 432.441040039,
    "tuning_nontempered_energy_ratio": 0.884348452091,
    "hpcp": {
        "kurt": [3.31742048264, 3.405813694, 4.72744226456, 2.80973911285, 3.01917552948, 3.2244553566, 2.31454229355, 0.866338968277, 0.255238056183, 0.679844617844, 1.62427186966, 1.70772266388, 2.20299339294, 1.67374801636, 3.22693586349, 2.87447500229, 3.50133991241, 2.87738466263, 1.64105892181, 3.32611894608, 5.36323642731, 3.8240032196, 2.97632360458, 4.83934307098, 4.68511629105, 3.31991529465, 3.55015182495, 4.65258741379, 9.49757385254, 10.9249048233, 7.37124538422, 7.57549095154, 5.01731491089, 4.65063428879, 4.26262378693, 1.88815402985],
        "max": [1, 1, 1, 1, 1, 1, 1, 1, 1, 1, 1, 1, 1, 1, 1, 1, 1, 1, 1, 1, 1, 1, 1, 1, 1, 1, 1, 1, 1, 1, 1, 1, 1, 0.95655298233, 1, 1],
        "mean": [0.163042336702, 0.133694663644, 0.145047694445, 0.158883541822, 0.152323618531, 0.158591687679, 0.186293110251, 0.224501416087, 0.237691253424, 0.218681290746, 0.197054728866, 0.182394370437, 0.179606303573, 0.17724005878, 0.162606671453, 0.158132746816, 0.159242093563, 0.165783345699, 0.176952570677, 0.156927913427, 0.136997207999, 0.149030268192, 0.159269586205, 0.13980743289, 0.136233821511, 0.16197142005, 0.159518137574, 0.119748272002, 0.092271335423, 0.0923156738281, 0.105599604547, 0.115070320666, 0.119009032845, 0.130629763007, 0.142224684358, 0.167579650879],
