{
"metadata": {
    "version": {
        "essentia": "2.1-beta3"
    }
},
"lowLevel": {
    "average_loudness": 0.373073965311,
    "barkbands_kurtosis": {
        "kurt": 11.0397109985,
        "max": 34.8711013794,
        "mean": 1.75738704205,
        "median": 0.494917392731,
        "min": -1.7682800293,
        "skew": 2.6518304348,
        "var": 15.1509771347
    },
    "barkbands_skewness": {
        "kurt": -0.55358839035,
        "max": 5.38259029388,
        "mean": 0.531503677368,
        "median": 0.587056040764,
        "min": -2.67702388763,
        "skew": 0.194350227714,
        "var": 1.82710802555
    },
    "barkbands_spread": {
        "kurt": 0.404440164566,
        "max": 69.8793716431,
        "mean": 20.2219085693,
        "median": 18.1061496735,
        "min": 1.15589392185,
        "skew": 0.800768435001,
        "var": 145.910842896
    },
    "dissonance": {
        "kurt": 10.3746318817,
        "max": 0.500000119209,
        "mean": 0.482748806477,
        "median": 0.488808333874,
        "min": 0.337350010872,
        "skew": -2.68295550346,
        "var": 0.000374499766622
    },
    "hfc": {
        "kurt": 16.5172615051,
        "max": 606.864746094,
        "mean": 25.8037166595,
        "median": 0.263894110918,
        "min": 0.003185413545,
        "skew": 3.82858085632,
        "var": 5461.20898438
    },
    "pitch": {
        "kurt": 0.0430681705475,
        "max": 5110.92675781,
        "mean": 1228.46704102,
        "median": 875.405883789,
        "min": 58.235042572,
        "skew": 1.16334760189,
        "var": 1560666.125
    },
    "pitch_instantaneous_confidence": {
        "kurt": 0.800620317459,
        "max": 0.885132372379,
        "mean": 0.347389638424,
        "median": 0.316144168377,
        "min": 0.117485642433,
        "skew": 1.00768601894,
        "var": 0.0188655238599
    },
    "pitch_salience": {
        "kurt": 4.04968070984,
        "max": 0.909593999386,
        "mean": 0.719445466995,
        "median": 0.73294699192,
        "min": 0.290653407574,
        "skew": -1.51629948616,
        "var": 0.00577625632286
    },
    "silence_rate_20dB": {
        "kurt": 1183.99694824,
        "max": 1,
        "mean": 0.999158978462,
        "median": 1,
        "min": 0,
        "skew": -34.4382820129,
        "var": 0.000840336957481
    },
    "silence_rate_30dB": {
        "kurt": 6.52837371826,
        "max": 1,
        "mean": 0.912531554699,
        "median": 1,
        "min": 0,
        "skew": -2.92034077644,
        "var": 0.0798182785511
    },
    "silence_rate_60dB": {
        "kurt": -0.906034708023,
        "max": 1,
        "mean": 0.731707334518,
        "median": 1,
        "min": 0,
        "skew": -1.04593777657,
        "var": 0.196310058236
    },
    "spectral_centroid": {
        "kurt": 0.65286564827,
        "max": 6144.15966797,
        "mean": 1562.56494141,
        "median": 1379.68518066,
        "min": 302.255065918,
        "skew": 0.760878741741,
        "var": 639722.3125
    },
    "spectral_complexity": {
        "kurt": 2.08676481247,
        "max": 64,
        "mean": 9.30445766449,
        "median": 0,
        "min": 0,
        "skew": 1.8228032589,
        "var": 272.714569092
    },
    "spectral_crest": {
        "kurt": 1.46330785751,
        "max": 24.6267795563,
        "mean": 8.08420658112,
        "median": 7.04086351395,
        "min": 2.60934948921,
        "skew": 1.24346804619,
        "var": 13.5104398727
    },
    "spectral_decrease": {
        "kurt": 10.9528608322,
        "max": -4.26772359856e-13,
        "mean": -4.55078286166e-09,
        "median": -2.85357674989e-11,
        "min": -8.4175844961e-08,
        "skew": -3.30463480949,
        "var": 1.62537721349e-16
    },
    "spectral_energy": {
        "kurt": 11.482831955,
        "max": 0.367081522942,
        "mean": 0.0195161923766,
        "median": 0.000128885716549,
        "min": 2.24207292376e-06,
        "skew": 3.35758447647,
        "var": 0.00299595179968
    },
    "spectral_energyband_high": {
        "kurt": 47.0816230774,
        "max": 0.0174945965409,
        "mean": 0.000430138286902,
        "median": 7.99222016212e-06,
        "min": 6.9708896433e-08,
        "skew": 5.97208690643,
        "var": 2.04077855415e-06
    },
    "spectral_energyband_low": {
        "kurt": 312.461608887,
        "max": 0.00732866162434,
        "mean": 6.16760298726e-05,
        "median": 2.2608121526e-06,
        "min": 4.75008965495e-09,
        "skew": 15.1720685959,
        "var": 9.06901576059e-08
    },
    "spectral_energyband_middle_high": {
        "kurt": 13.6698093414,
        "max": 0.344997763634,
        "mean": 0.0160103514791,
        "median": 9.01033708942e-05,
        "min": 5.14389626005e-07,
        "skew": 3.61169886589,
        "var": 0.00218954053707
    },
    "spectral_energyband_middle_low": {
        "kurt": 40.5834465027,
        "max": 0.168218955398,
        "mean": 0.00381342950277,
        "median": 2.02836363314e-05,
        "min": 8.43218117552e-08,
        "skew": 5.60365438461,
        "var": 0.000175827357452
    },
    "spectral_flatness_db": {
        "kurt": 0.400508880615,
        "max": 0.356629490852,
        "mean": 0.164067581296,
        "median": 0.158116400242,
        "min": 0.0475895889103,
        "skew": 0.538779079914,
        "var": 0.0026315508876
    },
    "spectral_flux": {
        "kurt": 4.87933206558,
        "max": 0.459818392992,
        "mean": 0.0528793931007,
        "median": 0.0100240129977,
        "min": 0.00148476613685,
        "skew": 2.37514925003,
        "var": 0.0088124461472
    },
    "spectral_kurtosis": {
        "kurt": 6.06765556335,
        "max": 31.5520324707,
        "mean": 5.90894985199,
        "median": 5.55203151703,
        "min": -0.755972146988,
        "skew": 1.59521305561,
        "var": 12.2967405319
    },
    "spectral_rms": {
        "kurt": 4.82102632523,
        "max": 0.0189242791384,
        "mean": 0.00209382781759,
        "median": 0.000354601419531,
        "min": 4.67695244879e-05,
        "skew": 2.40341949463,
        "var": 1.46560423673e-05
    },
    "spectral_rolloff": {
        "kurt": 2.40117931366,
        "max": 11304.9316406,
        "mean": 2614.33862305,
        "median": 2799.31640625,
        "min": 172.265625,
        "skew": 0.608798325062,
        "var": 1891677
    },
    "spectral_skewness": {
        "kurt": 2.316801548,
        "max": 4.4145283699,
        "mean": 1.84404480457,
        "median": 1.81463313103,
        "min": -0.0304142422974,
        "skew": 0.68940114975,
        "var": 0.277068972588
    },
    "spectral_spread": {
        "kurt": 3.89959573746,
        "max": 17349520,
        "mean": 4868197,
        "median": 4123930.25,
        "min": 1888002,
        "skew": 1.88890385628,
        "var": 5.41990060032e+12
    },
    "spectral_strongpeak": {
        "kurt": 14.4383468628,
        "max": 12.7995672226,
        "mean": 0.782827496529,
        "median": 0.0949618816376,
        "min": 0.00205650855787,
        "skew": 3.4810154438,
        "var": 2.75056099892
    },
    "zerocrossingrate": {
        "kurt": 0.119213104248,
        "max": 0.24755859375,
        "mean": 0.083464063704,
        "median": 0.07763671875,
        "min": 0.02001953125,
        "skew": 0.636852860451,
        "var": 0.00124151620548
    },
    "barkbands": {
        "kurt": [232.725708008, 434.22064209, 578.205383301, 85.559677124, 39.3377494812, 89.6671218872, 47.6275482178, 52.764415741, 41.3858222961, 39.1658325195, 37.5655403137, 72.6227874756, 271.087615967, 126.20765686, 101.21257782, 43.1409111023, 55.1637077332, 37.2434043884, 55.4886703491, 76.3734207153, 76.2537078857, 48.0046195984, 75.1687469482, 74.3776397705, 41.3891830444, 101.886146545, 53.5842514038],
        "max": [5.91635944147e-06, 0.000921075697988, 0.00562330847606, 0.00280585768633, 0.00372046325356, 0.00809285417199, 0.00496156699955, 0.0133455879986, 0.0692376196384, 0.210445582867, 0.19022795558, 0.139837279916, 0.120808757842, 0.0372417420149, 0.0210009291768, 0.0172114018351, 0.0290670320392, 0.0330314412713, 0.0319548100233, 0.0213221795857, 0.00980969611555, 0.00194011942949, 0.000531070225406, 0.00019021180924, 7.36376459827e-05, 4.06374510931e-06, 6.42927844297e-08],
        "mean": [3.86810263819e-08, 4.69412179882e-06, 3.02389398712e-05, 5.30448050995e-05, 0.000104182458017, 0.000129463063786, 0.000121295212011, 0.00028343955637, 0.00172338576522, 0.00505360541865, 0.00471395859495, 0.00235453876667, 0.000882082676981, 0.000486097444082, 0.000338528945576, 0.000466211786261, 0.000581015076023, 0.000858968880493, 0.000681146921124, 0.000398545147618, 0.000191508486751, 4.47118982265e-05, 9.55693485594e-06, 3.88216813008e-06, 1.96856285584e-06, 7.67951817693e-08, 1.57582569216e-09],
        "median": [1.05570618913e-09, 2.16436575329e-07, 1.0258348766e-06, 2.24061523113e-06, 5.12108681505e-06, 3.35031609211e-06, 1.8104958599e-06, 1.65929498053e-06, 2.41149155045e-06, 3.45447506334e-06, 2.25417602451e-06, 2.56166276813e-06, 2.3513753149e-06, 4.0355848796e-06, 5.3691701396e-06, 6.93059655532e-06, 6.36785807728e-06, 7.83519226388e-06, 1.04514065242e-05, 7.05195952833e-06, 2.31914737014e-06, 6.05004913723e-07, 1.84722424024e-07, 1.3179482039e-07, 7.93479699723e-08, 3.52745410659e-09, 3.53642636008e-11],
        "min": [1.51863669751e-13, 2.21528373423e-09, 1.58290935914e-09, 2.67873834225e-09, 4.19137613505e-08, 1.50559227308e-08, 1.97977634286e-09, 9.13736286634e-09, 8.39308533784e-09, 2.46964972916e-08, 8.50976888955e-09, 6.33202024147e-09, 1.14800489115e-08, 1.32298465516e-08, 9.77394787327e-09, 1.38846694142e-08, 2.08433679205e-08, 4.42582255289e-08, 6.34821972767e-08, 3.9069636415e-08, 2.45826257128e-08, 7.13009651321e-09, 3.0263433981e-09, 1.06573638803e-09, 6.96525392918e-10, 3.96271938874e-11, 6.41329329053e-13],
        "skew": [13.8093175888, 19.9914722443, 21.5047302246, 8.17685031891, 5.7083530426, 8.03470802307, 6.16325187683, 6.55571651459, 5.91190958023, 5.52379465103, 5.62401247025, 7.66526508331, 14.247595787, 10.2611045837, 8.45259952545, 5.80769205093, 6.16751050949, 5.51606988907, 6.37196683884, 7.28691291809, 7.57135248184, 6.16276311874, 7.04240274429, 7.10153388977, 5.37791872025, 8.27161312103, 6.06164550781],
        "var": [7.92783739589e-14, 1.53794621482e-09, 3.80375482223e-08, 4.03232363055e-08, 1.22584040696e-07, 2.4008153332e-07, 1.86025673088e-07, 1.21499465422e-06, 4.59688017145e-05, 0.000308187212795, 0.000324835069478, 0.000103919563117, 2.71832213912e-05, 5.4406923482e-06, 1.57024692271e-06, 2.33251716963e-06, 3.98358679377e-06, 9.15034524951e-06, 5.27567362951e-06, 1.85076805792e-06, 5.39788516107e-07, 2.59001176062e-08, 1.04501596265e-09, 1.54392443275e-10, 3.17564620433e-11, 6.1571007895e-14, 2.35216566134e-17],
        "cov": [[7.93451066026e-14, 6.91041408124e-12, 2.94680599366e-11, 6.89833303327e-12, 5.41366560955e-12, -6.57821507769e-13, -1.24419539341e-12, -4.51090597167e-12, -2.82971406723e-11, -3.78020323377e-11, -6.30864110951e-11, -2.07144475184e-11, -6.13335380747e-12, -3.2830999204e-12, 7.88396258e-12, 2.66396659506e-13, -6.16337167934e-13, -5.77225463608e-12, 1.51929499797e-12, 3.34993317808e-12, 3.23436454485e-13, -2.20865968743e-13, -3.02557322729e-14, -7.62149658028e-16, 1.09341382519e-14, -9.48415975072e-17, -1.11349470593e-17], [6.91041408124e-12, 1.53924084589e-09, 5.41577094282e-09, 2.23920437747e-09, 2.24816720795e-09, 1.10076125992e-09, 6.89507728691e-10, 1.44942513547e-09, 1.1410463685e-08, 3.65480516962e-08, 2.94179187676e-08, 1.52334322934e-08, 5.69253666427e-09, 3.81896558821e-09, 2.54084997486e-09, 3.38647931919e-09, 5.21291854128e-09, 6.66519150982e-09, 5.32897237449e-09, 2.87798029852e-09, 1.91666482685e-09, 3.37166961017e-10, 8.00765148634e-11, 3.16796693045e-11, 1.44456521398e-11, 5.71647763847e-13, 1.18980795336e-14], [2.94680599366e-11, 5.41577094282e-09, 3.80695688307e-08, 2.06096046895e-08, 1.97816287795e-08, 1.84338180276e-08, 1.02321608964e-08, 1.48258587629e-08, 8.90840183843e-08, 2.36984845969e-07, 1.76891390424e-07, 1.17409285849e-07, 4.76003236827e-08, 3.16927533106e-08, 1.96501801497e-08, 2.63707189418e-08, 4.07147382475e-08, 4.3010473405e-08, 3.61242626923e-08, 2.13322035592e-08, 1.16233422887e-08, 2.32191887939e-09, 5.04939479118e-10, 2.22980411912e-10, 1.01110300688e-10, 3.26044508232e-12, 6.10630727297e-14], [6.89833303327e-12, 2.23920437747e-09, 2.06096046895e-08, 4.03571753793e-08, 4.63436791165e-08, 5.88253463718e-08, 3.62379104502e-08, 4.35277058841e-08, 2.53582101095e-07, 5.72870874294e-07, 6.60114324091e-07, 3.21973487871e-07, 1.22930401858e-07, 6.47952944632e-08, 4.78061252807e-08, 6.27264356012e-08, 8.78474466504e-08, 1.33101750066e-07, 1.12807292396e-07, 5.03597803458e-08, 3.24424789255e-08, 6.34270103106e-09, 1.89328464018e-09, 8.91975326933e-10, 2.81496659316e-10, 1.02016546252e-11, 2.10353246323e-13], [5.41366560955e-12, 2.24816720795e-09, 1.97816287795e-08, 4.63436791165e-08, 1.22687225712e-07, 1.28875001337e-07, 8.83604371893e-08, 1.37851202453e-07, 8.44181386128e-07, 1.87267312413e-06, 1.97961276172e-06, 9.21758783079e-07, 3.64593489621e-07, 2.30939534163e-07, 1.18033057106e-07, 1.5903869155e-07, 2.50021514603e-07, 3.64306885103e-07, 2.75682964457e-07, 1.27831754071e-07, 7.42039176771e-08, 1.90530666799e-08, 4.316931701e-09, 1.93416349603e-09, 7.71912533892e-10, 2.83357955155e-11, 5.92855517283e-13], [-6.57821507769e-13, 1.10076125992e-09, 1.84338180276e-08, 5.88253463718e-08, 1.28875001337e-07, 2.40283611674e-07, 1.43691778476e-07, 2.30147264801e-07, 1.32346872306e-06, 2.6636162147e-06, 2.71894623438e-06, 1.64359607879e-06, 5.52125754893e-07, 3.82904204344e-07, 1.70833587276e-07, 2.26509428103e-07, 3.53441862444e-07, 5.08458981585e-07, 4.3862959842e-07, 2.09059152212e-07, 1.19317789427e-07, 2.81617804632e-08, 7.75071562487e-09, 3.56889517938e-09, 1.2619387757e-09, 4.79566594769e-11, 9.56719078959e-13], [-1.24419539341e-12, 6.89507728691e-10, 1.02321608964e-08, 3.62379104502e-08, 8.83604371893e-08, 1.43691778476e-07, 1.86182262496e-07, 2.28325447438e-07, 1.36908954573e-06, 3.81845529773e-06, 3.56381588063e-06, 1.74576530299e-06, 6.51990887945e-07, 4.05351187283e-07, 2.11230627656e-07, 2.85915660925e-07, 4.68089098149e-07, 6.38030940081e-07, 4.51933345857e-07, 2.48088241506e-07, 1.37553811896e-07, 3.35394254591e-08, 7.71244401676e-09, 3.33848815259e-09, 1.15087683827e-09, 4.75175593317e-11, 1.07273489137e-12], [-4.51090597167e-12, 1.44942513547e-09, 1.48258587629e-08, 4.35277058841e-08, 1.37851202453e-07, 2.30147264801e-07, 2.28325447438e-07, 1.21601738101e-06, 5.22681284565e-06, 7.97282882559e-06, 8.24642575026e-06, 4.66975507152e-06, 2.00455133381e-06, 1.00485510757e-06, 5.15823501246e-07, 8.21385697236e-07, 1.09762072498e-06, 1.26094437292e-06, 9.66965330917e-07, 5.59686782253e-07, 2.72878736496e-07, 5.78025769471e-08, 1.2728187393e-08, 5.07404651628e-09, 2.49914733352e-09, 8.43864769728e-11, 2.08947637838e-12], [-2.82971406723e-11, 1.1410463685e-08, 8.90840183843e-08, 2.53582101095e-07, 8.44181386128e-07, 1.32346872306e-06, 1.36908954573e-06, 5.22681284565e-06, 4.60074952571e-05, 5.68613504583e-05, 4.67975260108e-05, 2.62991816271e-05, 1.13581209007e-05, 6.13314250586e-06, 3.29153772327e-06, 5.70659540244e-06, 7.54477969167e-06, 8.63259447215e-06, 6.05931973041e-06, 3.35113077199e-06, 1.68736676187e-06, 4.24690796308e-07, 8.4847684434e-08, 3.20099857731e-08, 1.40927616243e-08, 5.16698461794e-10, 1.32349331147e-11], [-3.78020323377e-11, 3.65480516962e-08, 2.36984845969e-07, 5.72870874294e-07, 1.87267312413e-06, 2.6636162147e-06, 3.81845529773e-06, 7.97282882559e-06, 5.68613504583e-05, 0.00030844664434, 0.000124447324197, 5.73803772568e-05, 2.0809000489e-05, 1.41455529956e-05, 9.15913369681e-06, 1.46172415043e-05, 2.76557766483e-05, 2.96811085718e-05, 1.81224713742e-05, 1.02427920865e-05, 6.84007272866e-06, 1.55701195581e-06, 3.38907852893e-07, 1.04804378509e-07, 4.87310245489e-08, 2.0701924619e-09, 4.55545115519e-11], [-6.30864110951e-11, 2.94179187676e-08, 1.76891390424e-07, 6.60114324091e-07, 1.97961276172e-06, 2.71894623438e-06, 3.56381588063e-06, 8.24642575026e-06, 4.67975260108e-05, 0.000124447324197, 0.000325108499965, 9.11760726012e-05, 2.90538428089e-05, 1.62319320225e-05, 9.29834277485e-06, 1.1726887351e-05, 1.81643699761e-05, 4.53676257166e-05, 2.96081689157e-05, 1.07283995021e-05, 7.69858888816e-06, 1.83877807558e-06, 3.32809207748e-07, 1.21156162436e-07, 5.10601445569e-08, 2.33149899387e-09, 5.31163238393e-11], [-2.07144475184e-11, 1.52334322934e-08, 1.17409285849e-07, 3.21973487871e-07, 9.21758783079e-07, 1.64359607879e-06, 1.74576530299e-06, 4.66975507152e-06, 2.62991816271e-05, 5.73803772568e-05, 9.11760726012e-05, 0.000104007041955, 3.07440968754e-05, 1.47400160131e-05, 7.31052887204e-06, 7.94801417214e-06, 1.05063390947e-05, 1.77861875272e-05, 1.6631820472e-05, 9.94720357994e-06, 5.13881241204e-06, 1.12689099296e-06, 2.00730312372e-07, 7.31708453827e-08, 3.00223099714e-08, 1.3874095206e-09, 2.87133632842e-11], [-6.13335380747e-12, 5.69253666427e-09, 4.76003236827e-08, 1.22930401858e-07, 3.64593489621e-07, 5.52125754893e-07, 6.51990887945e-07, 2.00455133381e-06, 1.13581209007e-05, 2.0809000489e-05, 2.90538428089e-05, 3.07440968754e-05, 2.72061024589e-05, 7.42789507058e-06, 2.24927453019e-06, 2.76329137705e-06, 4.10232087233e-06, 5.15725014338e-06, 6.15193857811e-06, 4.76322247778e-06, 1.58301884312e-06, 3.46224254599e-07, 6.91375916517e-08, 2.51106619942e-08, 9.14998565804e-09, 4.30065538737e-10, 1.01876311207e-11], [-3.2830999204e-12, 3.81896558821e-09, 3.16927533106e-08, 6.47952944632e-08, 2.30939534163e-07, 3.82904204344e-07, 4.05351187283e-07, 1.00485510757e-06, 6.13314250586e-06, 1.41455529956e-05, 1.62319320225e-05, 1.47400160131e-05, 7.42789507058e-06, 5.44527210877e-06, 1.49867139498e-06, 1.82430198947e-06, 2.38915572481e-06, 3.10424297822e-06, 3.50018785866e-06, 2.20165634346e-06, 1.0319613466e-06, 2.21527059807e-07, 4.36515428248e-08, 1.62758304612e-08, 6.54605303296e-09, 2.97108365688e-10, 6.13362962851e-12], [7.88396258e-12, 2.54084997486e-09, 1.96501801497e-08, 4.78061252807e-08, 1.18033057106e-07, 1.70833587276e-07, 2.11230627656e-07, 5.15823501246e-07, 3.29153772327e-06, 9.15913369681e-06, 9.29834277485e-06, 7.31052887204e-06, 2.24927453019e-06, 1.49867139498e-06, 1.57156875957e-06, 1.5775835891e-06, 1.39978681091e-06, 1.69114230175e-06, 1.58118336913e-06, 9.83695485957e-07, 5.73860120312e-07, 1.23474364955e-07, 1.95566816075e-08, 8.25159496287e-09, 3.51996609638e-09, 1.44088768694e-10, 2.92827546065e-12], [2.66396659506e-13, 3.38647931919e-09, 2.63707189418e-08, 6.27264356012e-08, 1.5903869155e-07, 2.26509428103e-07, 2.85915660925e-07, 8.21385697236e-07, 5.70659540244e-06, 1.46172415043e-05, 1.1726887351e-05, 7.94801417214e-06, 2.76329137705e-06, 1.82430198947e-06, 1.5775835891e-06, 2.33448054132e-06, 1.99955934477e-06, 2.36153005062e-06, 1.9894637262e-06, 1.25222175029e-06, 6.45894772333e-07, 1.50685522726e-07, 2.77212208744e-08, 1.05626725144e-08, 5.05188468836e-09, 1.90688589918e-10, 3.99146644556e-12], [-6.16337167934e-13, 5.21291854128e-09, 4.07147382475e-08, 8.78474466504e-08, 2.50021514603e-07, 3.53441862444e-07, 4.68089098149e-07, 1.09762072498e-06, 7.54477969167e-06, 2.76557766483e-05, 1.81643699761e-05, 1.05063390947e-05, 4.10232087233e-06, 2.38915572481e-06, 1.39978681091e-06, 1.99955934477e-06, 3.98694010073e-06, 4.15748445448e-06, 2.97046062769e-06, 1.87679904684e-06, 1.05719277599e-06, 2.21995364313e-07, 4.60251783352e-08, 1.58630797387e-08, 7.30189908538e-09, 3.23439830474e-10, 6.35733870061e-12], [-5.77225463608e-12, 6.66519150982e-09, 4.3010473405e-08, 1.33101750066e-07, 3.64306885103e-07, 5.08458981585e-07, 6.38030940081e-07, 1.26094437292e-06, 8.63259447215e-06, 2.96811085718e-05, 4.53676257166e-05, 1.77861875272e-05, 5.15725014338e-06, 3.10424297822e-06, 1.69114230175e-06, 2.36153005062e-06, 4.15748445448e-06, 9.15804776014e-06, 5.32771036887e-06, 2.50816538028e-06, 1.73562114014e-06, 3.66953685216e-07, 7.26829938458e-08, 2.4170809354e-08, 1.04168620396e-08, 4.84641993204e-10, 9.66275583852e-12], [1.51929499797e-12, 5.32897237449e-09, 3.61242626923e-08, 1.12807292396e-07, 2.75682964457e-07, 4.3862959842e-07, 4.51933345857e-07, 9.66965330917e-07, 6.05931973041e-06, 1.81224713742e-05, 2.96081689157e-05, 1.6631820472e-05, 6.15193857811e-06, 3.50018785866e-06, 1.58118336913e-06, 1.9894637262e-06, 2.97046062769e-06, 5.32771036887e-06, 5.28011469214e-06, 2.28446697292e-06, 1.25655787997e-06, 2.91060473501e-07, 5.24276977387e-08, 2.00227905367e-08, 8.28374879802e-09, 3.73254510633e-10, 7.4754898452e-12], [3.34993317808e-12, 2.87798029852e-09, 2.13322035592e-08, 5.03597803458e-08, 1.27831754071e-07, 2.09059152212e-07, 2.48088241506e-07, 5.59686782253e-07, 3.35113077199e-06, 1.02427920865e-05, 1.07283995021e-05, 9.94720357994e-06, 4.76322247778e-06, 2.20165634346e-06, 9.83695485957e-07, 1.25222175029e-06, 1.87679904684e-06, 2.50816538028e-06, 2.28446697292e-06, 1.85232590866e-06, 7.61812430028e-07, 1.59675295208e-07, 3.28532863136e-08, 1.17075789063e-08, 4.98544006078e-09, 2.31390795413e-10, 4.33730698926e-12], [3.23436454485e-13, 1.91666482685e-09, 1.16233422887e-08, 3.24424789255e-08, 7.42039176771e-08, 1.19317789427e-07, 1.37553811896e-07, 2.72878736496e-07, 1.68736676187e-06, 6.84007272866e-06, 7.69858888816e-06, 5.13881241204e-06, 1.58301884312e-06, 1.0319613466e-06, 5.73860120312e-07, 6.45894772333e-07, 1.05719277599e-06, 1.73562114014e-06, 1.25655787997e-06, 7.61812430028e-07, 5.40242865554e-07, 9.79200365236e-08, 2.02701908592e-08, 7.0255379292e-09, 2.93441604349e-09, 1.39124739507e-10, 2.51581980075e-12], [-2.20865968743e-13, 3.37166961017e-10, 2.32191887939e-09, 6.34270103106e-09, 1.90530666799e-08, 2.81617804632e-08, 3.35394254591e-08, 5.78025769471e-08, 4.24690796308e-07, 1.55701195581e-06, 1.83877807558e-06, 1.12689099296e-06, 3.46224254599e-07, 2.21527059807e-07, 1.23474364955e-07, 1.50685522726e-07, 2.21995364313e-07, 3.66953685216e-07, 2.91060473501e-07, 1.59675295208e-07, 9.79200365236e-08, 2.59219188337e-08, 4.36023883665e-09, 1.54997636947e-09, 6.77738476451e-10, 3.11400627506e-11, 5.81009415926e-13], [-3.02557322729e-14, 8.00765148634e-11, 5.04939479118e-10, 1.89328464018e-09, 4.316931701e-09, 7.75071562487e-09, 7.71244401676e-09, 1.2728187393e-08, 8.4847684434e-08, 3.38907852893e-07, 3.32809207748e-07, 2.00730312372e-07, 6.91375916517e-08, 4.36515428248e-08, 1.95566816075e-08, 2.77212208744e-08, 4.60251783352e-08, 7.26829938458e-08, 5.24276977387e-08, 3.28532863136e-08, 2.02701908592e-08, 4.36023883665e-09, 1.04589559236e-09, 3.60752538953e-10, 1.43654907414e-10, 6.64634233066e-12, 1.21913533413e-13], [-7.62149658028e-16, 3.16796693045e-11, 2.22980411912e-10, 8.91975326933e-10, 1.93416349603e-09, 3.56889517938e-09, 3.33848815259e-09, 5.07404651628e-09, 3.20099857731e-08, 1.04804378509e-07, 1.21156162436e-07, 7.31708453827e-08, 2.51106619942e-08, 1.62758304612e-08, 8.25159496287e-09, 1.05626725144e-08, 1.58630797387e-08, 2.4170809354e-08, 2.00227905367e-08, 1.17075789063e-08, 7.0255379292e-09, 1.54997636947e-09, 3.60752538953e-10, 1.5452239488e-10, 5.76188922963e-11, 2.49896045697e-12, 4.48934983697e-14], [1.09341382519e-14, 1.44456521398e-11, 1.01110300688e-10, 2.81496659316e-10, 7.71912533892e-10, 1.2619387757e-09, 1.15087683827e-09, 2.49914733352e-09, 1.40927616243e-08, 4.87310245489e-08, 5.10601445569e-08, 3.00223099714e-08, 9.14998565804e-09, 6.54605303296e-09, 3.51996609638e-09, 5.05188468836e-09, 7.30189908538e-09, 1.04168620396e-08, 8.28374879802e-09, 4.98544006078e-09, 2.93441604349e-09, 6.77738476451e-10, 1.43654907414e-10, 5.76188922963e-11, 3.17831941321e-11, 1.23404238217e-12, 2.12430713211e-14], [-9.48415975072e-17, 5.71647763847e-13, 3.26044508232e-12, 1.02016546252e-11, 2.83357955155e-11, 4.79566594769e-11, 4.75175593317e-11, 8.43864769728e-11, 5.16698461794e-10, 2.0701924619e-09, 2.33149899387e-09, 1.3874095206e-09, 4.30065538737e-10, 2.97108365688e-10, 1.44088768694e-10, 1.90688589918e-10, 3.23439830474e-10, 4.84641993204e-10, 3.73254510633e-10, 2.31390795413e-10, 1.39124739507e-10, 3.11400627506e-11, 6.64634233066e-12, 2.49896045697e-12, 1.23404238217e-12, 6.16228327589e-14, 1.05228904153e-15], [-1.11349470593e-17, 1.18980795336e-14, 6.10630727297e-14, 2.10353246323e-13, 5.92855517283e-13, 9.56719078959e-13, 1.07273489137e-12, 2.08947637838e-12, 1.32349331147e-11, 4.55545115519e-11, 5.31163238393e-11, 2.87133632842e-11, 1.01876311207e-11, 6.13362962851e-12, 2.92827546065e-12, 3.99146644556e-12, 6.35733870061e-12, 9.66275583852e-12, 7.4754898452e-12, 4.33730698926e-12, 2.51581980075e-12, 5.81009415926e-13, 1.21913533413e-13, 4.48934983697e-14, 2.12430713211e-14, 1.05228904153e-15, 2.35414560085e-17]]
    },
    "mfcc": {
        "kurt": [-0.585358142853, 1.4383764267, -1.12727737427, 1.53971815109, -0.508272171021, 0.583156347275, -0.244560241699, -0.444011211395, 0.368970155716, 0.842499256134, 0.422147989273, 0.386927366257, 0.449254751205],
        "max": [-472.786712646, 188.967147827, 46.6635055542, 79.3005981445, 32.6905441284, 22.1529979706, 45.2870101929, 35.1479530334, 40.709526062, 26.8906421661, 14.2760810852, 18.3830070496, 19.8062381744],
        "mean": [-845.925048828, 90.87840271, -50.2839317322, 19.8260707855, -13.5706472397, -17.0038414001, 1.79418683052, -4.3050160408, -4.7312412262, -6.12547445297, -12.4217891693, -11.8558187485, -7.93722629547],
        "median": [-881.566345215, 92.6356964111, -55.6576957703, 25.6996765137, -6.29821777344, -17.9240970612, 0.3303565979, -6.22150611877, -5.01645278931, -5.8858165741, -11.8654899597, -11.5291976929, -8.20283699036],
        "min": [-1074.94042969, -20.7156505585, -157.394775391, -74.585357666, -77.8292541504, -60.5679321289, -30.7128009796, -37.1246414185, -47.9328765869, -54.5707397461, -55.9884414673, -38.5373306274, -36.8446350098],
        "skew": [0.678748428822, -0.131541848183, 0.228987425566, -1.20443224907, -0.722201108932, 0.151832967997, 0.344380408525, 0.341013789177, -0.0316068194807, -0.232593819499, -0.391082525253, -0.137202635407, 0.15099824965],
        "var": [21663.0039062, 759.502319336, 2231.59619141, 608.09387207, 542.028259277, 137.269760132, 149.055725098, 172.819854736, 137.295974731, 97.4854888916, 69.5013122559, 59.9305229187, 64.0615692139],
        "cov": [[21681.2382812, 290.690124512, -5494.16943359, -1672.49597168, -2451.68505859, 317.047546387, 605.603393555, 994.017333984, 315.484466553, -359.399139404, -321.862335205, -140.123596191, -57.6238899231], [290.690124512, 760.141601562, 94.8561553955, -246.59197998, -88.9466171265, -112.575508118, 12.1535863876, 116.103637695, -47.8357772827, -42.347984314, -12.8846578598, -17.7563972473, 3.26039648056], [-5494.16943359, 94.8561553955, 2233.47485352, 442.845489502, 666.58581543, -154.809188843, -200.301681519, -208.537246704, -161.736618042, 19.4064941406, 126.708053589, 101.665855408, 0.0955394431949], [-1672.49597168, -246.59197998, 442.845489502, 608.605773926, 404.709106445, 15.1876516342, -3.50664162636, -154.633605957, -66.2974624634, 72.7410964966, 29.5794563293, 64.6068267822, -6.04093837738], [-2451.68505859, -88.9466171265, 666.58581543, 404.709106445, 542.484558105, -29.983833313, -61.6364631653, -170.874816895, -75.776763916, 91.3561325073, 53.6718597412, 42.3397827148, 21.2322902679], [317.047546387, -112.575508118, -154.809188843, 15.1876516342, -29.983833313, 137.385314941, 44.266544342, 23.4735202789, 49.7814445496, 12.6765832901, -0.0909949168563, -6.49801158905, -2.62008690834], [605.603393555, 12.1535863876, -200.301681519, -3.50664162636, -61.6364631653, 44.266544342, 149.18119812, 74.5378494263, 11.3889312744, -19.6451778412, -17.0628929138, 8.91597175598, -21.5076389313], [994.017333984, 116.103637695, -208.537246704, -154.633605957, -170.874816895, 23.4735202789, 74.5378494263, 172.965332031, 30.6391773224, -45.7539215088, -19.2479114532, -7.29278564453, -22.4024181366], [315.484466553, -47.8357772827, -161.736618042, -66.2974624634, -75.776763916, 49.7814445496, 11.3889312744, 30.6391773224, 137.4115448, 25.8474712372, -8.96752929688, -21.0022468567, 19.7269115448], [-359.399139404, -42.347984314, 19.4064941406, 72.7410964966, 91.3561325073, 12.6765832901, -19.6451778412, -45.7539215088, 25.8474712372, 97.5675430298, 17.6172885895, 1.46236014366, 22.4684696198], [-321.862335205, -12.8846578598, 126.708053589, 29.5794563293, 53.6718597412, -0.0909949168563, -17.0628929138, -19.2479114532, -8.96752929688, 17.6172885895, 69.5598144531, 19.8012371063, -0.0307746883482], [-140.123596191, -17.7563972473, 101.665855408, 64.6068267822, 42.3397827148, -6.49801158905, 8.91597175598, -7.29278564453, -21.0022468567, 1.46236014366, 19.8012371063, 59.9809684753, 9.11371994019], [-57.6238899231, 3.26039648056, 0.0955394431949, -6.04093837738, 21.2322902679, -2.62008690834, -21.5076389313, -22.4024181366, 19.7269115448, 22.4684696198, -0.0307746883482, 9.11371994019, 64.1154937744]]
    },
    "sccoeffs": {
        "kurt": [1.16341924667, 2.09392595291, 2.41171836853, 2.50555801392, -0.16397690773, 0.0188245773315],
        "max": [-0.337191879749, -0.479851692915, -0.422842770815, -0.464674919844, -0.648692071438, -0.595147550106],
        "mean": [-0.694601297379, -0.814447760582, -0.813575267792, -0.818702936172, -0.824484944344, -0.809823155403],
        "median": [-0.710901796818, -0.828906595707, -0.844272494316, -0.828875780106, -0.836910605431, -0.826529383659],
        "min": [-0.898087382317, -0.93393856287, -0.955456852913, -0.925736069679, -0.904951810837, -0.897134959698],
        "skew": [0.928391158581, 1.24181687832, 1.63309001923, 1.14646565914, 0.769067645073, 0.902510643005],
        "var": [0.00674021570012, 0.00402723066509, 0.00774688320234, 0.00374644855037, 0.00265299109742, 0.00297154136933],
        "cov": [[0.00674588931724, 0.00210010982119, 0.00316993705928, 0.00221554702148, 0.00225039967336, 0.00154419313185], [0.00210010982119, 0.00403062067926, 0.00319815590046, 0.00201863818802, 0.00175971188582, 0.00143373094033], [0.00316993705928, 0.00319815590046, 0.00775340432301, 0.00328168016858, 0.00320718390867, 0.00314255408011], [0.00221554702148, 0.00201863818802, 0.00328168016858, 0.00374960224144, 0.00235105166212, 0.00195346632972], [0.00225039967336, 0.00175971188582, 0.00320718390867, 0.00235105166212, 0.00265522440895, 0.00182008487172], [0.00154419313185, 0.00143373094033, 0.00314255408011, 0.00195346632972, 0.00182008487172, 0.00297404266894]]
    },
    "scvalleys": {
        "kurt": [0.261068105698, 0.261572122574, -0.774049043655, -0.883127450943, -0.799615383148, -0.908441305161],
        "max": [-5.34519004822, -4.21649026871, -3.18649768829, -4.22811031342, -4.4747877121, -7.16487836838],
        "mean": [-8.89807319641, -7.77064085007, -7.64195156097, -8.16345596313, -8.31341457367, -10.8238010406],
        "median": [-9.11403369904, -8.23647117615, -8.16702842712, -8.35886859894, -8.50276851654, -10.8719558716],
        "min": [-10.9820356369, -10.8279266357, -10.5160932541, -10.9567117691, -10.9213371277, -13.0636463165],
        "skew": [0.833463251591, 1.10667324066, 0.635242521763, 0.366597026587, 0.402808070183, 0.27169328928],
        "var": [0.844615221024, 1.53455710411, 3.88172674179, 2.84904170036, 2.43449354172, 2.1115937233],
        "cov": [[0.845326185226, 0.778799116611, 1.07189023495, 0.888449728489, 0.870702385902, 0.840191781521], [0.778799116611, 1.53584885597, 2.15466237068, 1.72920775414, 1.51367592812, 1.36729753017], [1.07189023495, 2.15466237068, 3.88499403, 3.13208198547, 2.71589112282, 2.33966612816], [0.888449728489, 1.72920775414, 3.13208198547, 2.85143971443, 2.5103802681, 2.1116399765], [0.870702385902, 1.51367592812, 2.71589112282, 2.5103802681, 2.4365427494, 2.0295522213], [0.840191781521, 1.36729753017, 2.33966612816, 2.1116399765, 2.0295522213, 2.11337137222]]
    }
},
"rhythm": {
    "beats_loudness": {
        "kurt": 3.62649440765,
        "max": 0.369313150644,
        "mean": 0.0486667305231,
        "median": 0.00205813068897,
        "min": 8.61872740643e-06,
        "skew": 2.11310362816,
        "var": 0.00890446268022
    },
    "bpm": 143.005966187,
    "confidence": 0.958337187767,
    "first_peak_bpm": {
        "kurt": 0,
        "max": 144,
        "mean": 144,
        "median": 144,
        "min": 144,
        "skew": 0,
        "var": 0
    },
    "first_peak_spread": {
        "kurt": 0,
        "max": 0.450000047684,
        "mean": 0.450000047684,
        "median": 0.450000047684,
        "min": 0.450000047684,
        "skew": 0,
        "var": 0
    },
    "first_peak_weight": {
        "kurt": 0,
        "max": 0.192982450128,
        "mean": 0.192982450128,
        "median": 0.192982450128,
        "min": 0.192982450128,
        "skew": 0,
        "var": 0
    },
    "onset_rate": 2.79268884659,
    "second_peak_bpm": {
        "kurt": 0,
        "max": 123,
        "mean": 123,
        "median": 123,
        "min": 123,
        "skew": 0,
        "var": 0
    },
    "second_peak_spread": {
        "kurt": 0,
        "max": 0.416666686535,
        "mean": 0.416666686535,
        "median": 0.416666686535,
        "min": 0.416666686535,
        "skew": 0,
        "var": 0
    },
    "second_peak_weight": {
        "kurt": 0,
        "max": 0.122807018459,
        "mean": 0.122807018459,
        "median": 0.122807018459,
        "min": 0.122807018459,
        "skew": 0,
        "var": 0
    },
    "beats_loudness_band_ratio": {
        "kurt": [6.81080532074, 3.98570823669, 0.811890125275, -1.12840843201, -1.00795090199, 0.0897150039673],
        "max": [0.604653298855, 0.677246928215, 0.461285561323, 0.823623001575, 0.700919210911, 0.571513950825],
        "mean": [0.0720078498125, 0.0937979891896, 0.129415154457, 0.307608902454, 0.278592675924, 0.155347824097],
        "median": [0.0161299631, 0.0205338317901, 0.0942569375038, 0.167230799794, 0.230104848742, 0.109047412872],
        "min": [0.000278164981864, 0.000824326241855, 0.0113891325891, 0.0284251868725, 0.0235489998013, 0.00520860636607],
        "skew": [2.53588438034, 1.99618947506, 1.17789053917, 0.711530208588, 0.598530948162, 0.9565346241],
        "var": [0.0147159080952, 0.0197781510651, 0.0104819098487, 0.0778357237577, 0.0437737032771, 0.0178059116006],
        "cov": [[0.0149740818888, 0.011106829159, 0.00238011078909, -0.0139565039426, -0.00898185838014, -0.0035448493436], [0.011106829159, 0.0201251357794, 0.00567294005305, -0.0174887720495, -0.0112029509619, -0.0055150995031], [0.00238011078909, 0.00567294005305, 0.0106658022851, 0.000810800935142, -0.00959614571184, -0.00777730206028], [-0.0139565039426, -0.0174887720495, 0.000810800935142, 0.0792012661695, -0.0323666296899, -0.0177667494863], [-0.00898185838014, -0.0112029509619, -0.00959614571184, -0.0323666296899, 0.0445416644216, 0.0150597430766], [-0.0035448493436, -0.0055150995031, -0.00777730206028, -0.0177667494863, 0.0150597430766, 0.0181182958186]]
    },
    "beats_position": [0.650158703327, 1.27709746361, 1.93886613846, 2.55419492722, 3.04181408882, 3.54104304314, 4.07510185242, 4.55111122131, 5.0387301445, 5.54956912994, 6.03718805313, 6.52480697632, 7.03564596176, 7.5464849472, 8.03410434723, 8.51011276245, 8.96290206909, 9.38086128235, 9.83365058899, 10.2516098022, 10.7392292023, 11.1687984467, 11.5983667374, 12.0627660751, 12.4807252884, 12.933514595, 13.3514738083, 13.7694330215, 14.1873922348, 14.5821313858, 15.0000905991, 15.4180498123, 15.7895689011, 16.1610889435, 16.6603164673, 17.1943759918, 17.786485672, 18.2973232269, 18.7617225647, 19.2029018402, 19.5860309601, 20.0156002045, 20.4335594177, 20.8863487244, 21.3159179688, 21.7687072754, 22.1402263641, 22.5465755463, 22.9645347595, 23.3708839417, 23.7888431549, 24.2764625549, 24.7060317993, 25.1123809814, 25.5651702881, 26.0295696259, 26.5055770874, 26.9351463318],
    "bpm_estimates": [143.554672241, 143.554672241, 139.674804688, 139.675109863, 143.554672241, 143.554672241, 143.554672241, 143.554672241, 143.554672241, 143.554672241, 139.674804688, 143.554672241, 139.674804688, 147.656265259, 143.554672241, 147.656265259, 143.554672241, 139.674804688, 147.656265259, 139.674804688],
    "bpm_intervals": [0.626938760281, 0.66176867485, 0.615328788757, 0.487619161606, 0.499228954315, 0.53405880928, 0.476009368896, 0.487618923187, 0.510838985443, 0.487618923187, 0.487618923187, 0.510838985443, 0.510838985443, 0.487619400024, 0.476008415222, 0.452789306641, 0.417959213257, 0.452789306641, 0.417959213257, 0.487619400024, 0.429569244385, 0.42956829071, 0.464399337769, 0.417959213257, 0.452789306641, 0.417959213257, 0.417959213257, 0.417959213257, 0.394739151001, 0.417959213257, 0.417959213257, 0.371519088745, 0.371520042419, 0.499227523804, 0.534059524536, 0.592109680176, 0.510837554932, 0.464399337769, 0.441179275513, 0.383129119873, 0.429569244385, 0.417959213257, 0.452789306641, 0.429569244385, 0.452789306641, 0.371519088745, 0.406349182129, 0.417959213257, 0.406349182129, 0.417959213257, 0.487619400024, 0.429569244385, 0.406349182129, 0.452789306641, 0.464399337769, 0.476007461548, 0.429569244385],
    "onset_times": [0.0116099771112, 0.49922901392, 0.754648506641, 1.16099774837, 1.27709746361, 1.52090704441, 2.55419492722, 2.84444451332, 3.07664394379, 3.16952371597, 3.77324271202, 4.23764181137, 4.56272125244, 4.80653047562, 5.5727891922, 5.79337882996, 6.07201814651, 6.33904743195, 6.44353723526, 6.54802703857, 6.74539661407, 7.01242637634, 7.24462604523, 7.32589578629, 7.51165533066, 7.7670750618, 8.04571437836, 9.26476192474, 9.70594120026, 9.82204055786, 9.86848068237, 10.0194101334, 10.2399997711, 10.7856693268, 11.1804084778, 11.6215877533, 11.7376871109, 11.8421764374, 12.2601356506, 12.5039453506, 12.7013149261, 12.9799547195, 13.1076641083, 13.2469844818, 13.3863039017, 13.7578229904, 14.1990022659, 15.0233106613, 15.4644899368, 15.8243989944, 16.207529068, 17.1595458984, 17.4381866455, 17.8329257965, 18.2857151031, 18.575963974, 18.7965526581, 19.2493419647, 19.8762817383, 20.0272102356, 20.4103393555, 20.9095687866, 21.3275279999, 22.5581855774, 22.9761447906, 23.3941040039, 23.5334243774, 23.6727428436, 23.8120632172, 24.7060317993, 25.1007709503, 25.4722900391, 25.5303401947, 25.7161006927, 26.0179595947, 26.3198184967, 27.3531074524],
    "histogram": [[0, 0, 0, 0, 0, 0, 0, 0, 0, 0, 0, 0, 0, 0, 0, 0, 0, 0, 0, 0, 0, 0, 0, 0, 0, 0, 0, 0, 0, 0, 0, 0, 0, 0, 0, 0, 0, 0, 0, 0, 0, 0, 0, 0, 0, 0, 0, 0, 0, 0, 0, 0, 0, 0, 0, 0, 0, 0, 0, 0, 0, 0, 0, 0, 0, 0, 0, 0, 0, 0, 0, 0, 0, 0, 0, 0, 0, 0, 0, 0, 0, 0, 0, 0, 0, 0, 0, 0, 0, 0, 0, 0.0175438597798, 0, 0, 0, 0, 0.0175438597798, 0, 0.0175438597798, 0, 0, 0.0175438597798, 0, 0, 0, 0, 0, 0, 0, 0, 0, 0, 0.0350877195597, 0, 0, 0, 0, 0.0701754391193, 0, 0, 0.0350877195597, 0, 0, 0.122807018459, 0, 0, 0.0526315793395, 0, 0, 0.0526315793395, 0, 0, 0, 0.105263158679, 0, 0, 0.0175438597798, 0, 0, 0, 0.105263158679, 0, 0, 0, 0.192982450128, 0, 0, 0, 0.0526315793395, 0, 0, 0, 0.0175438597798, 0, 0, 0, 0, 0.0175438597798, 0, 0, 0, 0.0526315793395, 0, 0, 0, 0, 0, 0, 0, 0, 0, 0, 0, 0, 0, 0, 0, 0, 0, 0, 0, 0, 0, 0, 0, 0, 0, 0, 0, 0, 0, 0, 0, 0, 0, 0, 0, 0, 0, 0, 0, 0, 0, 0, 0, 0, 0, 0, 0, 0, 0, 0, 0, 0, 0, 0, 0, 0, 0, 0, 0, 0, 0, 0, 0, 0, 0, 0, 0, 0, 0, 0, 0, 0, 0, 0, 0, 0, 0, 0, 0, 0, 0, 0, 0, 0, 0, 0, 0, 0]]
},
"sfx": {
    "inharmonicity": {
        "kurt": 1.75312280655,
        "max": 0.397903770208,
        "mean": 0.0618851520121,
        "median": 0.0230203326792,
        "min": 0,
        "skew": 1.56981992722,
        "var": 0.00679397908971
    },
    "oddtoevenharmonicenergyratio": {
        "kurt": 154.878051758,
        "max": 39.8303184509,
        "mean": 0.734371840954,
        "median": 0.222382098436,
        "min": 0,
        "skew": 10.6681537628,
        "var": 4.3196811676
    },
    "pitch_after_max_to_before_max_energy_ratio": 0.460581451654,
    "pitch_centroid": 564.635803223,
    "pitch_max_to_total": 0.61816650629,
