{
"metadata": {
    "version": {
        "essentia": "2.1-beta3"
    }
},
"lowLevel": {
    "average_loudness": 0.256953239441,
    "barkbands_kurtosis": {
        "kurt": 2.91104507446,
        "max": 6.32842445374,
        "mean": -0.132964193821,
        "median": -0.725366592407,
        "min": -1.48910868168,
        "skew": 1.81230294704,
        "var": 1.90142786503
    },
    "barkbands_skewness": {
        "kurt": 0.591804265976,
        "max": 2.3356757164,
        "mean": -0.123794831336,
        "median": -0.000890837458428,
        "min": -2.16775774956,
        "skew": -0.552427470684,
        "var": 0.515972316265
    },
    "barkbands_spread": {
        "kurt": 0.85539484024,
        "max": 50.4724731445,
        "mean": 22.1599216461,
        "median": 22.2599239349,
        "min": 2.89014196396,
        "skew": -0.205287232995,
        "var": 33.8960990906
    },
    "dissonance": {
        "kurt": 41.203704834,
        "max": 0.500000119209,
        "mean": 0.485284984112,
        "median": 0.489332705736,
        "min": 0.291408628225,
        "skew": -4.8844165802,
        "var": 0.000259071472101
    },
    "hfc": {
        "kurt": 23.8870506287,
        "max": 287.743804932,
        "mean": 14.9241876602,
        "median": 3.42168402672,
        "min": 1.18735133017e-16,
        "skew": 4.10534381866,
        "var": 859.443908691
    },
    "pitch": {
        "kurt": 1.27857303619,
        "max": 4168.04980469,
        "mean": 937.151672363,
        "median": 344.258392334,
        "min": 77.3769989014,
        "skew": 1.74640619755,
        "var": 1685991.75
    },
    "pitch_instantaneous_confidence": {
        "kurt": 6.04669380188,
        "max": 0.904137670994,
        "mean": 0.262640744448,
        "median": 0.222521960735,
        "min": 0.103512823582,
        "skew": 2.26242876053,
        "var": 0.0161543898284
    },
    "pitch_salience": {
        "kurt": 8.3966217041,
        "max": 0.973595499992,
        "mean": 0.741610586643,
        "median": 0.762651741505,
        "min": 0.235237419605,
        "skew": -2.55202245712,
        "var": 0.00682425545529
    },
    "silence_rate_20dB": {
        "kurt": 0,
        "max": 1,
        "mean": 1,
        "median": 1,
        "min": 1,
        "skew": 0,
        "var": 0
    },
    "silence_rate_30dB": {
        "kurt": 99.8843536377,
        "max": 1,
        "mean": 0.990464866161,
        "median": 1,
        "min": 0,
        "skew": -10.0937252045,
        "var": 0.00944425165653
    },
    "silence_rate_60dB": {
        "kurt": -1.91213130951,
        "max": 1,
        "mean": 0.573301553726,
        "median": 1,
        "min": 0,
        "skew": -0.296408087015,
        "var": 0.244626000524
    },
    "spectral_centroid": {
        "kurt": 26.0848636627,
        "max": 11342.2324219,
        "mean": 1925.97583008,
        "median": 1603.04882812,
        "min": 593.095825195,
        "skew": 3.71860766411,
        "var": 936756.375
    },
    "spectral_complexity": {
        "kurt": -0.406600236893,
        "max": 68,
        "mean": 17.4433841705,
        "median": 11,
        "min": 0,
        "skew": 0.939487874508,
        "var": 346.791046143
    },
    "spectral_crest": {
        "kurt": 8.5534658432,
        "max": 23.5388240814,
        "mean": 5.42717552185,
        "median": 4.49042987823,
        "min": 2.19390368462,
        "skew": 2.78165578842,
        "var": 10.9480991364
    },
    "spectral_decrease": {
        "kurt": 54.3161964417,
        "max": 8.78999602555e-29,
        "mean": -1.98278349295e-09,
        "median": -5.65574032052e-10,
        "min": -5.2852723087e-08,
        "skew": -6.14230298996,
        "var": 1.81366496143e-17
    },
    "spectral_energy": {
        "kurt": 49.280166626,
        "max": 0.225577637553,
        "mean": 0.00883715599775,
        "median": 0.00241509824991,
        "min": 1.052551625e-20,
        "skew": 5.82531881332,
        "var": 0.000347964232787
    },
    "spectral_energyband_high": {
        "kurt": 21.6885852814,
        "max": 0.0117299100384,
        "mean": 0.000522930175066,
        "median": 0.000110592402052,
        "min": 7.42401142894e-21,
        "skew": 3.68922901154,
        "var": 1.06905895336e-06
    },
    "spectral_energyband_low": {
        "kurt": 683.811401367,
        "max": 0.0285191964358,
        "mean": 0.000159477945999,
        "median": 4.15070680901e-05,
        "min": 4.92823558706e-23,
        "skew": 25.1772232056,
        "var": 1.06040533865e-06
    },
    "spectral_energyband_middle_high": {
        "kurt": 72.7855072021,
        "max": 0.223051548004,
        "mean": 0.00637366529554,
        "median": 0.00125459185801,
        "min": 1.37619892397e-21,
        "skew": 7.35397195816,
        "var": 0.000282933993731
    },
    "spectral_energyband_middle_low": {
        "kurt": 9.36271953583,
        "max": 0.0241005718708,
        "mean": 0.00186657044105,
        "median": 0.000831028737593,
        "min": 2.96007849428e-22,
        "skew": 2.48539733887,
        "var": 6.71749467074e-06
    },
    "spectral_flatness_db": {
        "kurt": 14.6817817688,
        "max": 0.316124349833,
        "mean": 0.12169675529,
        "median": 0.11608890444,
        "min": 0.0655333474278,
        "skew": 3.07839488983,
        "var": 0.000785215583164
    },
    "spectral_flux": {
        "kurt": 4.51858854294,
        "max": 0.29726755619,
        "mean": 0.0432766191661,
        "median": 0.0318368934095,
        "min": 6.76689121404e-11,
        "skew": 1.77439332008,
        "var": 0.00170597620308
    },
    "spectral_kurtosis": {
        "kurt": 6.16182518005,
        "max": 14.9229717255,
        "mean": 2.93296313286,
        "median": 2.53251028061,
        "min": -1.21042060852,
        "skew": 1.61560094357,
        "var": 3.39520049095
    },
    "spectral_rms": {
        "kurt": 5.34569644928,
        "max": 0.0148349497467,
        "mean": 0.00211865012534,
        "median": 0.00153498968575,
        "min": 3.2044963471e-12,
        "skew": 1.8470621109,
        "var": 4.13293810198e-06
    },
    "spectral_rolloff": {
        "kurt": 56.3397445679,
        "max": 19143.0175781,
        "mean": 3196.20703125,
        "median": 2928.515625,
        "min": 689.0625,
        "skew": 5.48326396942,
        "var": 1941923.375
    },
    "spectral_skewness": {
        "kurt": 0.9988758564,
        "max": 2.8213429451,
        "mean": 1.53002953529,
        "median": 1.53636419773,
        "min": -0.0238113235682,
        "skew": -0.278617411852,
        "var": 0.121309153736
    },
    "spectral_spread": {
        "kurt": 102.236076355,
        "max": 41291088,
        "mean": 6094516.5,
        "median": 5788979,
        "min": 2347575.5,
        "skew": 8.15215587616,
        "var": 6.7561759703e+12
    },
    "spectral_strongpeak": {
        "kurt": 31.6973838806,
        "max": 17.7839698792,
        "mean": 0.791828155518,
        "median": 0.198222026229,
        "min": 1.88824866854e-09,
        "skew": 4.92441606522,
        "var": 3.10353326797
    },
    "zerocrossingrate": {
        "kurt": 20.9333000183,
        "max": 0.5009765625,
        "mean": 0.10558398068,
        "median": 0.0908203125,
        "min": 0.01318359375,
        "skew": 3.36310076714,
        "var": 0.00199496699497
    },
    "barkbands": {
        "kurt": [159.963348389, 640.717895508, 689.844238281, 493.695983887, 33.6430168152, 12.099697113, 25.0966014862, 9.74446582794, 29.8723640442, 8.17521858215, 296.645446777, 97.3380966187, 33.8170814514, 10.362654686, 46.5011405945, 53.1406517029, 45.5483932495, 14.1336708069, 13.1213741302, 17.9379882812, 10.1836643219, 15.1354007721, 10.1586961746, 323.116821289, 208.910552979, 92.6736373901, 180.934646606],
        "max": [2.99075381918e-05, 0.00748868193477, 0.0147523917258, 0.00973597541451, 0.00643741060048, 0.00638744421303, 0.00498805427924, 0.00511844363064, 0.00523347221315, 0.00261075259186, 0.182224974036, 0.105328917503, 0.0111166965216, 0.0051755211316, 0.0164538156241, 0.00976525433362, 0.0139875710011, 0.00909229926765, 0.00898362044245, 0.00612836936489, 0.00318298395723, 0.00193475862034, 0.000496336491778, 0.00122884334996, 0.0011013362091, 6.47892147754e-06, 1.81014705447e-08],
        "mean": [4.90959052968e-07, 3.25575128954e-05, 8.39415588416e-05, 8.99513834156e-05, 0.000335982214892, 0.000476934248582, 0.00026888094726, 0.000376671028789, 0.000252724130405, 0.000230615070905, 0.00109348853584, 0.00161111087073, 0.000438145390945, 0.000382580299629, 0.000560501299333, 0.00032039557118, 0.0004727638443, 0.000574468343984, 0.000545234361198, 0.000336000346579, 0.00019477965543, 9.49967652559e-05, 2.76327864412e-05, 1.75353034138e-05, 1.86482775462e-05, 1.27359285784e-07, 2.58745885828e-10],
        "median": [1.32809702791e-07, 6.31575903753e-06, 1.47767841554e-05, 2.22956932703e-05, 0.000120554686873, 0.000159864401212, 0.000106808794953, 0.000117399242299, 9.14698830456e-05, 0.000100212993857, 0.000122404278954, 0.000173049294972, 0.000108238746179, 9.89848122117e-05, 8.19241613499e-05, 7.85030351835e-05, 8.26641335152e-05, 8.5465493612e-05, 9.61128753261e-05, 7.86792152212e-05, 4.09534040955e-05, 1.42837725434e-05, 3.92069250665e-06, 2.97186852549e-06, 3.75602371605e-06, 2.02753138723e-08, 2.31808704176e-11],
        "min": [3.60048186715e-24, 1.72621162299e-23, 2.46684476735e-24, 9.02908813985e-24, 6.02809196684e-23, 6.01525183566e-23, 3.62466250493e-23, 1.09568172788e-23, 3.09421981049e-23, 6.54612303935e-23, 3.24338646569e-23, 5.55361863808e-23, 8.21966809949e-23, 1.08515213873e-22, 1.14768230279e-22, 1.13934536831e-22, 1.67416491549e-22, 1.37787923556e-22, 1.23012445205e-22, 3.00610657173e-22, 2.46024436027e-22, 5.57931152222e-22, 5.39723939607e-22, 7.62313375488e-22, 1.07007414169e-21, 1.58699265526e-21, 2.30429961022e-21],
        "skew": [11.5375976562, 24.4155521393, 25.2980880737, 20.1108036041, 4.78617954254, 3.15107893944, 4.14445734024, 2.73257493973, 4.05588722229, 2.50619721413, 16.5224533081, 9.39101600647, 5.22494935989, 2.97019767761, 5.56896924973, 5.66730356216, 5.46013021469, 3.32274961472, 3.24740004539, 3.62731957436, 2.90797019005, 3.29619646072, 2.88814759254, 14.839222908, 11.6051645279, 8.01204967499, 11.5029907227],
        "var": [3.03885324023e-12, 7.60782654652e-08, 2.82389237327e-07, 1.4453513586e-07, 3.6824496874e-07, 6.54066980132e-07, 2.22644146675e-07, 3.65371988664e-07, 1.74575163214e-07, 1.09813484528e-07, 8.96232886589e-05, 6.91479581292e-05, 1.07139237571e-06, 4.657688919e-07, 1.74060232894e-06, 4.61611904257e-07, 1.16831404284e-06, 1.32029094857e-06, 1.19829292089e-06, 4.15218067928e-07, 1.36596568723e-07, 3.81462648136e-08, 3.16199844086e-09, 2.81197487517e-09, 2.8432325383e-09, 1.62018890058e-13, 9.07664665769e-19],
        "cov": [[3.04247946281e-12, 3.53020612742e-10, 5.90825888214e-10, 4.06640832118e-10, 3.5621958161e-10, 3.61167845631e-10, 1.91789820136e-10, 1.71721054043e-10, 1.24698251724e-10, 7.3031247716e-11, -1.97890231979e-10, 1.69330049982e-10, 2.17336898478e-10, 1.26778545995e-10, 1.22304430472e-10, 8.17525144803e-11, 1.67552721697e-10, 1.56243754046e-10, 2.46789783054e-10, 2.85967971525e-10, 2.01940117406e-10, 9.56903514759e-11, 2.61381437328e-11, 4.35204407234e-11, 4.63120271299e-11, 3.41377045989e-13, 1.20290801669e-16], [3.53020612742e-10, 7.61690515105e-08, 1.41531529607e-07, 9.31408763449e-08, 6.72628530651e-08, 5.29826493789e-08, 3.07711154335e-08, 1.09795905701e-08, 1.03736281787e-08, 5.02482810916e-09, -1.36617632762e-08, 2.33552093221e-08, 5.51798962078e-09, 1.47302721132e-08, 1.94028064726e-08, 1.16210943091e-08, 1.72203993287e-08, 2.11892494661e-08, 3.2035696762e-08, 3.11978638479e-08, 2.31481358526e-08, 1.03289545805e-08, 2.89013213361e-09, 4.41260361583e-09, 4.44136016853e-09, 3.64657401497e-11, 1.25510258924e-14], [5.90825888214e-10, 1.41531529607e-07, 2.82726233536e-07, 1.90342305473e-07, 1.46008915181e-07, 1.19713490676e-07, 7.11815388854e-08, 2.95763058489e-08, 2.967627033e-08, 1.92545446254e-08, -2.10879029794e-08, 1.69042465359e-07, 1.64922688839e-08, 4.87176485819e-08, 6.3590888999e-08, 3.488559841e-08, 5.01647150486e-08, 6.1980237831e-08, 8.63227853642e-08, 5.6929305714e-08, 4.46386607678e-08, 1.83108017637e-08, 5.54872636727e-09, 4.97842922442e-09, 5.4735393995e-09, 5.54436288547e-11, 3.08890045974e-14], [4.06640832118e-10, 9.31408763449e-08, 1.90342305473e-07, 1.44707613003e-07, 1.24740097363e-07, 1.13075046215e-07, 5.91321125398e-08, 3.85108407386e-08, 3.40974786184e-08, 2.63855781668e-08, 5.13156761528e-09, 2.43166653036e-07, 1.9958854125e-08, 5.6662493364e-08, 7.66541461417e-08, 3.97237123195e-08, 5.74221346028e-08, 7.64115668517e-08, 8.49195131991e-08, 5.44481295606e-08, 4.20589891803e-08, 1.82610015997e-08, 5.62453728037e-09, 3.64154351118e-09, 4.32543334483e-09, 4.44367286023e-11, 2.62030252097e-14], [3.5621958161e-10, 6.72628530651e-08, 1.46008915181e-07, 1.24740097363e-07, 3.6868439679e-07, 3.22621929172e-07, 1.42137096759e-07, 1.60278972317e-07, 1.23488391068e-07, 9.2650331851e-08, -7.82254758747e-08, 8.25058123155e-07, 1.06709741488e-07, 2.08941230539e-07, 2.689888845e-07, 1.54468636993e-07, 2.30802896795e-07, 2.98118266073e-07, 3.33674165631e-07, 2.00773953907e-07, 1.38325475518e-07, 6.83559946424e-08, 2.02424068618e-08, 1.23933920904e-08, 1.35459847783e-08, 1.02283702341e-10, 9.91346287287e-14], [3.61167845631e-10, 5.29826493789e-08, 1.19713490676e-07, 1.13075046215e-07, 3.22621929172e-07, 6.54847497117e-07, 2.3543975658e-07, 2.71255800044e-07, 2.01690227186e-07, 1.43805181096e-07, -1.06950345469e-07, 1.36808409934e-06, 2.05504349537e-07, 3.54357808874e-07, 4.79133120734e-07, 2.88801317083e-07, 4.12615236201e-07, 5.14083751568e-07, 5.64208676224e-07, 3.23939502778e-07, 2.1219901214e-07, 1.11486002652e-07, 3.20099928786e-08, 1.96134202213e-08, 2.05153920518e-08, 1.53085960575e-10, 2.26244804141e-13], [1.91789820136e-10, 3.07711154335e-08, 7.11815388854e-08, 5.91321125398e-08, 1.42137096759e-07, 2.3543975658e-07, 2.22909832814e-07, 1.61975520996e-07, 1.0482293078e-07, 7.49585424842e-08, 3.88968821596e-08, 5.72683234168e-07, 1.14916630878e-07, 2.03679945798e-07, 3.01893607002e-07, 1.55439281002e-07, 2.63166128889e-07, 2.93631842396e-07, 3.34797903179e-07, 1.8399661883e-07, 1.16166368969e-07, 5.82948196381e-08, 1.72682259603e-08, 1.03471302637e-08, 1.06406572442e-08, 7.38589259197e-11, 1.20964192439e-13], [1.71721054043e-10, 1.09795905701e-08, 2.95763058489e-08, 3.85108407386e-08, 1.60278972317e-07, 2.71255800044e-07, 1.61975520996e-07, 3.65807977687e-07, 1.47998349576e-07, 9.89270532159e-08, -7.26336963908e-08, 6.97714824582e-07, 2.66795382231e-07, 2.28348980613e-07, 3.28508207303e-07, 1.85699860822e-07, 2.59763112354e-07, 3.140115723e-07, 3.63055107755e-07, 2.08809353808e-07, 1.288253344e-07, 6.72525999335e-08, 1.95244034273e-08, 1.10220774729e-08, 1.13070672825e-08, 6.89192314329e-11, 1.37169586128e-13], [1.24698251724e-10, 1.03736281787e-08, 2.967627033e-08, 3.40974786184e-08, 1.23488391068e-07, 2.01690227186e-07, 1.0482293078e-07, 1.47998349576e-07, 1.74783494344e-07, 7.8371527934e-08, -3.04112646177e-08, 7.73780641339e-07, 1.38677748396e-07, 1.93136756366e-07, 3.01834745642e-07, 1.4145543048e-07, 2.23566757995e-07, 2.8048123113e-07, 3.0596189049e-07, 1.64105401268e-07, 9.9130645026e-08, 5.68965816683e-08, 1.57196158312e-08, 9.33792065894e-09, 9.99273908064e-09, 5.76937768393e-11, 8.84670619096e-14], [7.3031247716e-11, 5.02482810916e-09, 1.92545446254e-08, 2.63855781668e-08, 9.2650331851e-08, 1.43805181096e-07, 7.49585424842e-08, 9.89270532159e-08, 7.8371527934e-08, 1.09944529925e-07, 6.75735918776e-07, 8.86629777597e-07, 7.37163574627e-08, 1.41602058079e-07, 2.67379732577e-07, 1.25810601048e-07, 2.17955360426e-07, 2.59920597045e-07, 2.40915994709e-07, 1.39718665082e-07, 8.04615609695e-08, 4.03066664489e-08, 1.18806324778e-08, 6.85091761099e-09, 6.98888902306e-09, 4.27961104055e-11, 1.01591403746e-13], [-1.97890231979e-10, -1.36617632762e-08, -2.10879029794e-08, 5.13156761528e-09, -7.82254758747e-08, -1.06950345469e-07, 3.88968821596e-08, -7.26336963908e-08, -3.04112646177e-08, 6.75735918776e-07, 8.97302379599e-05, 3.21199740938e-06, 9.19133142929e-08, 2.29502944649e-07, 7.34395189284e-06, 2.00895624403e-06, 3.27658153765e-06, 4.57147962152e-06, 1.18352136269e-06, 2.09107224691e-06, 3.52673708903e-07, 2.65429065394e-08, 2.00744443291e-09, -2.22231261171e-10, -4.9559284454e-10, 2.39644710326e-11, 1.80400041693e-12], [1.69330049982e-10, 2.33552093221e-08, 1.69042465359e-07, 2.43166653036e-07, 8.25058123155e-07, 1.36808409934e-06, 5.72683234168e-07, 6.97714824582e-07, 7.73780641339e-07, 8.86629777597e-07, 3.21199740938e-06, 6.92304747645e-05, 6.53327163036e-07, 1.69901295521e-06, 3.56837017534e-06, 2.52524023381e-06, 3.13172085953e-06, 2.75906950264e-06, 3.54991652785e-06, 2.04683465199e-06, 1.26151337554e-06, 7.19564241081e-07, 1.89575303011e-07, 1.26317459603e-07, 1.16618750212e-07, 7.1839711957e-10, 3.44595098983e-12], [2.17336898478e-10, 5.51798962078e-09, 1.64922688839e-08, 1.9958854125e-08, 1.06709741488e-07, 2.05504349537e-07, 1.14916630878e-07, 2.66795382231e-07, 1.38677748396e-07, 7.37163574627e-08, 9.19133142929e-08, 6.53327163036e-07, 1.07267089788e-06, 1.49685206452e-07, 2.35939765503e-07, 1.124428195e-07, 2.35415726024e-07, 2.21821238711e-07, 2.6661513175e-07, 1.70864495885e-07, 9.50111740394e-08, 4.251666752e-08, 1.19946808042e-08, 7.16583725691e-09, 6.7342291743e-09, 3.79617379198e-11, 1.55429014386e-13], [1.26778545995e-10, 1.47302721132e-08, 4.87176485819e-08, 5.6662493364e-08, 2.08941230539e-07, 3.54357808874e-07, 2.03679945798e-07, 2.28348980613e-07, 1.93136756366e-07, 1.41602058079e-07, 2.29502944649e-07, 1.69901295521e-06, 1.49685206452e-07, 4.66324706849e-07, 5.58867611744e-07, 2.81485540654e-07, 4.78471292809e-07, 5.63569358292e-07, 6.53829431485e-07, 3.20999561154e-07, 1.96983037881e-07, 1.07388196113e-07, 3.11294350297e-08, 1.808534833e-08, 1.79981931581e-08, 1.16901113789e-10, 2.22384000863e-13], [1.22304430472e-10, 1.94028064726e-08, 6.3590888999e-08, 7.66541461417e-08, 2.689888845e-07, 4.79133120734e-07, 3.01893607002e-07, 3.28508207303e-07, 3.01834745642e-07, 2.67379732577e-07, 7.34395189284e-06, 3.56837017534e-06, 2.35939765503e-07, 5.58867611744e-07, 1.74267938746e-06, 5.75988281071e-07, 9.12748646442e-07, 1.18319405829e-06, 1.01036084743e-06, 6.30442571037e-07, 3.22365622196e-07, 1.61682180533e-07, 4.65232332658e-08, 2.77431499995e-08, 2.85153163304e-08, 1.72409475585e-10, 4.93264717266e-13], [8.17525144803e-11, 1.16210943091e-08, 3.488559841e-08, 3.97237123195e-08, 1.54468636993e-07, 2.88801317083e-07, 1.55439281002e-07, 1.85699860822e-07, 1.4145543048e-07, 1.25810601048e-07, 2.00895624403e-06, 2.52524023381e-06, 1.124428195e-07, 2.81485540654e-07, 5.75988281071e-07, 4.62162745407e-07, 4.75734537986e-07, 5.05370223891e-07, 4.80530786717e-07, 2.84466693756e-07, 1.53569956751e-07, 7.87869680607e-08, 2.20299636311e-08, 1.26415811152e-08, 1.30461632608e-08, 7.93864557425e-11, 2.21602887407e-13], [1.67552721697e-10, 1.72203993287e-08, 5.01647150486e-08, 5.74221346028e-08, 2.30802896795e-07, 4.12615236201e-07, 2.63166128889e-07, 2.59763112354e-07, 2.23566757995e-07, 2.17955360426e-07, 3.27658153765e-06, 3.13172085953e-06, 2.35415726024e-07, 4.78471292809e-07, 9.12748646442e-07, 4.75734537986e-07, 1.16970818453e-06, 8.60728221141e-07, 8.57600923609e-07, 4.79823029309e-07, 2.36532770259e-07, 1.25221902181e-07, 3.55401397201e-08, 2.15462243602e-08, 2.12617496942e-08, 1.28676097555e-10, 4.18164607758e-13], [1.56243754046e-10, 2.11892494661e-08, 6.1980237831e-08, 7.64115668517e-08, 2.98118266073e-07, 5.14083751568e-07, 2.93631842396e-07, 3.140115723e-07, 2.8048123113e-07, 2.59920597045e-07, 4.57147962152e-06, 2.75906950264e-06, 2.21821238711e-07, 5.63569358292e-07, 1.18319405829e-06, 5.05370223891e-07, 8.60728221141e-07, 1.32186653445e-06, 9.82220853984e-07, 5.59429793157e-07, 2.91640589012e-07, 1.53270647729e-07, 4.37438139045e-08, 2.69170605804e-08, 2.65863473459e-08, 1.71387126713e-10, 4.57704566522e-13], [2.46789783054e-10, 3.2035696762e-08, 8.63227853642e-08, 8.49195131991e-08, 3.33674165631e-07, 5.64208676224e-07, 3.34797903179e-07, 3.63055107755e-07, 3.0596189049e-07, 2.40915994709e-07, 1.18352136269e-06, 3.54991652785e-06, 2.6661513175e-07, 6.53829431485e-07, 1.01036084743e-06, 4.80530786717e-07, 8.57600923609e-07, 9.82220853984e-07, 1.19972287393e-06, 5.68359098452e-07, 3.34887801046e-07, 1.78482949309e-07, 5.1374243526e-08, 3.32522667179e-08, 3.30276677118e-08, 2.18336640434e-10, 4.86466607014e-13], [2.85967971525e-10, 3.11978638479e-08, 5.6929305714e-08, 5.44481295606e-08, 2.00773953907e-07, 3.23939502778e-07, 1.8399661883e-07, 2.08809353808e-07, 1.64105401268e-07, 1.39718665082e-07, 2.09107224691e-06, 2.04683465199e-06, 1.70864495885e-07, 3.20999561154e-07, 6.30442571037e-07, 2.84466693756e-07, 4.79823029309e-07, 5.59429793157e-07, 5.68359098452e-07, 4.15713543589e-07, 2.11914013448e-07, 1.05692549823e-07, 2.9518830047e-08, 2.4134584109e-08, 2.38228086147e-08, 1.50252588149e-10, 2.32248302621e-13], [2.01940117406e-10, 2.31481358526e-08, 4.46386607678e-08, 4.20589891803e-08, 1.38325475518e-07, 2.1219901214e-07, 1.16166368969e-07, 1.288253344e-07, 9.9130645026e-08, 8.04615609695e-08, 3.52673708903e-07, 1.26151337554e-06, 9.50111740394e-08, 1.96983037881e-07, 3.22365622196e-07, 1.53569956751e-07, 2.36532770259e-07, 2.91640589012e-07, 3.34887801046e-07, 2.11914013448e-07, 1.36759567226e-07, 6.67368880158e-08, 1.89699793651e-08, 1.47281316032e-08, 1.50445256253e-08, 9.66705326899e-11, 1.4047708038e-13], [9.56903514759e-11, 1.03289545805e-08, 1.83108017637e-08, 1.82610015997e-08, 6.83559946424e-08, 1.11486002652e-07, 5.82948196381e-08, 6.72525999335e-08, 5.68965816683e-08, 4.03066664489e-08, 2.65429065394e-08, 7.19564241081e-07, 4.251666752e-08, 1.07388196113e-07, 1.61682180533e-07, 7.87869680607e-08, 1.25221902181e-07, 1.53270647729e-07, 1.78482949309e-07, 1.05692549823e-07, 6.67368880158e-08, 3.81917821812e-08, 1.04118642597e-08, 8.27638579892e-09, 8.21206302959e-09, 5.21846975354e-11, 8.02830024682e-14], [2.61381437328e-11, 2.89013213361e-09, 5.54872636727e-09, 5.62453728037e-09, 2.02424068618e-08, 3.20099928786e-08, 1.72682259603e-08, 1.95244034273e-08, 1.57196158312e-08, 1.18806324778e-08, 2.00744443291e-09, 1.89575303011e-07, 1.19946808042e-08, 3.11294350297e-08, 4.65232332658e-08, 2.20299636311e-08, 3.55401397201e-08, 4.37438139045e-08, 5.1374243526e-08, 2.9518830047e-08, 1.89699793651e-08, 1.04118642597e-08, 3.16577164483e-09, 2.31500285608e-09, 2.31386620975e-09, 1.44656699813e-11, 1.90121711912e-14], [4.35204407234e-11, 4.41260361583e-09, 4.97842922442e-09, 3.64154351118e-09, 1.23933920904e-08, 1.96134202213e-08, 1.03471302637e-08, 1.10220774729e-08, 9.33792065894e-09, 6.85091761099e-09, -2.22231261171e-10, 1.26317459603e-07, 7.16583725691e-09, 1.808534833e-08, 2.77431499995e-08, 1.26415811152e-08, 2.15462243602e-08, 2.69170605804e-08, 3.32522667179e-08, 2.4134584109e-08, 1.47281316032e-08, 8.27638579892e-09, 2.31500285608e-09, 2.81533063529e-09, 2.67914557206e-09, 1.61825448874e-11, 1.41841850358e-14], [4.63120271299e-11, 4.44136016853e-09, 5.4735393995e-09, 4.32543334483e-09, 1.35459847783e-08, 2.05153920518e-08, 1.06406572442e-08, 1.13070672825e-08, 9.99273908064e-09, 6.98888902306e-09, -4.9559284454e-10, 1.16618750212e-07, 6.7342291743e-09, 1.79981931581e-08, 2.85153163304e-08, 1.30461632608e-08, 2.12617496942e-08, 2.65863473459e-08, 3.30276677118e-08, 2.38228086147e-08, 1.50445256253e-08, 8.21206302959e-09, 2.31386620975e-09, 2.67914557206e-09, 2.84662537986e-09, 1.7354215287e-11, 1.45383549221e-14], [3.41377045989e-13, 3.64657401497e-11, 5.54436288547e-11, 4.44367286023e-11, 1.02283702341e-10, 1.53085960575e-10, 7.38589259197e-11, 6.89192314329e-11, 5.76937768393e-11, 4.27961104055e-11, 2.39644710326e-11, 7.1839711957e-10, 3.79617379198e-11, 1.16901113789e-10, 1.72409475585e-10, 7.93864557425e-11, 1.28676097555e-10, 1.71387126713e-10, 2.18336640434e-10, 1.50252588149e-10, 9.66705326899e-11, 5.21846975354e-11, 1.44656699813e-11, 1.61825448874e-11, 1.7354215287e-11, 1.6221223041e-13, 1.13523127535e-16], [1.20290801669e-16, 1.25510258924e-14, 3.08890045974e-14, 2.62030252097e-14, 9.91346287287e-14, 2.26244804141e-13, 1.20964192439e-13, 1.37169586128e-13, 8.84670619096e-14, 1.01591403746e-13, 1.80400041693e-12, 3.44595098983e-12, 1.55429014386e-13, 2.22384000863e-13, 4.93264717266e-13, 2.21602887407e-13, 4.18164607758e-13, 4.57704566522e-13, 4.86466607014e-13, 2.32248302621e-13, 1.4047708038e-13, 8.02830024682e-14, 1.90121711912e-14, 1.41841850358e-14, 1.45383549221e-14, 1.13523127535e-16, 9.08747755384e-19]]
    },
    "mfcc": {
        "kurt": [0.460158824921, 0.589951753616, 0.397940635681, -0.311107635498, -0.537216424942, 0.587329387665, 0.879363059998, -0.0646967887878, -0.319689750671, -0.37381196022, 1.47911596298, 0.126120090485, 1.77149915695],
        "max": [-524.030761719, 133.262878418, 0.447324752808, 52.7904930115, 12.8972816467, 13.1911125183, 30.3314247131, 20.7162284851, 12.5723190308, 5.67712211609, 23.3103942871, 14.2239131927, 33.5036239624],
        "mean": [-753.490966797, 84.0467758179, -46.6617889404, 12.6034879684, -13.9345903397, -7.4919834137, -2.07749605179, -10.7876758575, -6.70284223557, -9.40143108368, -3.21207404137, -3.75534510612, -0.288059681654],
        "median": [-702.911621094, 99.3846969604, -49.8279380798, 13.1595363617, -14.8867416382, -6.99597358704, -1.11827278137, -11.4874248505, -6.26604652405, -9.7791633606, -1.61311340332, -3.05118560791, -3.81469726562e-05],
        "min": [-1138.42004395, -9.19374465942, -137.75213623, -8.3203754425, -39.1554222107, -38.5997810364, -25.9090042114, -35.4176216125, -27.700378418, -33.7598800659, -34.1162452698, -21.5989360809, -20.4072151184],
        "skew": [-1.25916898251, -1.41247665882, 0.376706242561, 0.102389223874, 0.183966219425, -0.609136402607, 0.33078584075, 0.294803619385, -0.403521090746, -0.246461987495, -0.635121464729, -0.319422960281, 0.316768497229],
        "var": [32721.4746094, 1510.15405273, 624.412109375, 81.9533004761, 76.2449951172, 54.7722320557, 57.0035247803, 66.4935455322, 44.1189689636, 48.1141433716, 54.5006484985, 39.5530204773, 35.2172470093],
        "cov": [[32760.5234375, 5271.44970703, -3103.54174805, 940.546325684, -1010.3850708, -509.75567627, -202.978057861, -662.800354004, -624.262634277, -650.099243164, -72.6424179077, -395.610931396, -90.3738708496], [5271.44970703, 1511.95617676, -756.386108398, 179.528579712, -222.543014526, -114.917747498, -5.44175100327, -180.700271606, -87.1382598877, -152.200759888, -70.645652771, -33.2605476379, 10.2146425247], [-3103.54174805, -756.386108398, 625.157226562, -88.2682037354, 110.487014771, 75.3140869141, 5.90602588654, 81.4735336304, 49.7835350037, 104.746543884, 77.3685379028, 20.8818397522, -35.6109161377], [940.546325684, 179.528579712, -88.2682037354, 82.0511016846, -10.3288526535, -13.4441490173, -13.28373909, -22.6265449524, -10.7473268509, -18.092508316, -5.5382437706, -13.8639097214, -2.57944989204], [-1010.3850708, -222.543014526, 110.487014771, -10.3288526535, 76.335975647, 35.7919082642, 3.75931787491, 29.4752635956, 23.7727680206, 22.942237854, 3.81281542778, 11.3412265778, 4.82919549942], [-509.75567627, -114.917747498, 75.3140869141, -13.4441490173, 35.7919082642, 54.8375930786, 10.2437829971, 8.78864860535, 11.3208637238, 16.1194572449, 7.44333124161, 11.4461250305, 2.94927740097], [-202.978057861, -5.44175100327, 5.90602588654, -13.28373909, 3.75931787491, 10.2437829971, 57.0715484619, 28.3347969055, 4.53382062912, -2.68199467659, -8.16912078857, 2.76001667976, 8.11736106873], [-662.800354004, -180.700271606, 81.4735336304, -22.6265449524, 29.4752635956, 8.78864860535, 28.3347969055, 66.5728912354, 21.9095897675, 14.0384216309, 1.246124506, -3.06437659264, 5.60605239868], [-624.262634277, -87.1382598877, 49.7835350037, -10.7473268509, 23.7727680206, 11.3208637238, 4.53382062912, 21.9095897675, 44.1716194153, 20.6246128082, -4.40088701248, 7.4707660675, 6.48765611649], [-650.099243164, -152.200759888, 104.746543884, -18.092508316, 22.942237854, 16.1194572449, -2.68199467659, 14.0384216309, 20.6246128082, 48.1715583801, 28.4091587067, 10.6211109161, -6.46464633942], [-72.6424179077, -70.645652771, 77.3685379028, -5.5382437706, 3.81281542778, 7.44333124161, -8.16912078857, 1.246124506, -4.40088701248, 28.4091587067, 54.5656852722, 12.6100578308, -14.0232639313], [-395.610931396, -33.2605476379, 20.8818397522, -13.8639097214, 11.3412265778, 11.4461250305, 2.76001667976, -3.06437659264, 7.4707660675, 10.6211109161, 12.6100578308, 39.6002197266, 14.2441263199], [-90.3738708496, 10.2146425247, -35.6109161377, -2.57944989204, 4.82919549942, 2.94927740097, 8.11736106873, 5.60605239868, 6.48765611649, -6.46464633942, -14.0232639313, 14.2441263199, 35.2592735291]]
    },
    "sccoeffs": {
        "kurt": [-0.341529846191, -0.179587602615, 5.60244083405, 0.601041078568, 0.587852478027, 0.373334884644],
        "max": [-0.476945012808, -0.609475851059, -0.347667187452, -0.59725600481, -0.643523275852, -0.716538906097],
        "mean": [-0.722167313099, -0.812511265278, -0.81590950489, -0.811704874039, -0.828486144543, -0.82197201252],
        "median": [-0.716920852661, -0.807255625725, -0.821738243103, -0.813099384308, -0.827077209949, -0.81848859787],
        "min": [-0.987173318863, -0.975142359734, -0.980256080627, -0.966050505638, -0.963793516159, -0.960197865963],
        "skew": [-0.194919660687, -0.170014083385, 1.63571226597, 0.334708333015, 0.00453429948539, -0.614786326885],
        "var": [0.00778330303729, 0.00416343053803, 0.00654931925237, 0.00332414731383, 0.00233568041585, 0.00129421462771],
        "cov": [[0.00779259111732, 0.00353110488504, 0.00317295780405, 0.00280462694354, 0.00258854520507, 0.00225146231242], [0.00353110488504, 0.0041683986783, 0.00247894087806, 0.0022485863883, 0.00201111799106, 0.00165553227998], [0.00317295780405, 0.00247894087806, 0.00655713444576, 0.00313959340565, 0.00289746024646, 0.00169695238583], [0.00280462694354, 0.0022485863883, 0.00313959340565, 0.00332811404951, 0.00211981823668, 0.00148560979869], [0.00258854520507, 0.00201111799106, 0.00289746024646, 0.00211981823668, 0.00233846763149, 0.00140200403985], [0.00225146231242, 0.00165553227998, 0.00169695238583, 0.00148560979869, 0.00140200403985, 0.00129575899336]]
    },
    "scvalleys": {
        "kurt": [6.96302986145, 7.31514644623, 7.15481948853, 7.15478134155, 10.9156923294, 9.7369184494],
        "max": [-4.07730150223, -4.22726535797, -4.58531618118, -4.79952049255, -5.13220930099, -6.32035636902],
        "mean": [-8.28098487854, -7.14043331146, -7.34188318253, -7.6224565506, -7.87029409409, -9.80831336975],
        "median": [-7.26067399979, -6.08661222458, -6.27145528793, -6.75355052948, -7.14286613464, -9.09792041779],
        "min": [-27.8229084015, -27.7408103943, -27.3759250641, -27.2636260986, -27.422996521, -27.3458309174],
        "skew": [-2.30603504181, -2.3580095768, -2.35436987877, -2.34157466888, -2.57249188423, -2.32769727707],
        "var": [8.39173412323, 8.94299983978, 8.86055374146, 8.4191827774, 6.6763548851, 5.66779518127],
        "cov": [[8.40174865723, 8.54447460175, 8.51193714142, 8.27097606659, 7.34314393997, 6.70577049255], [8.54447460175, 8.95367145538, 8.83183574677, 8.59219646454, 7.63219594955, 6.96557712555], [8.51193714142, 8.83183574677, 8.8711271286, 8.57627677917, 7.61484527588, 6.93308877945], [8.27097606659, 8.59219646454, 8.57627677917, 8.42922973633, 7.43868923187, 6.75461578369], [7.34314393997, 7.63219594955, 7.61484527588, 7.43868923187, 6.68432188034, 6.10103034973], [6.70577049255, 6.96557712555, 6.93308877945, 6.75461578369, 6.10103034973, 5.67455863953]]
    }
},
"rhythm": {
    "beats_loudness": {
        "kurt": 8.13744449615,
        "max": 0.103415347636,
        "mean": 0.0118882553652,
        "median": 0.00350712868385,
        "min": 4.95042140614e-09,
        "skew": 2.82653880119,
        "var": 0.000459159695311
    },
    "bpm": 106.577507019,
    "confidence": 1.40030026436,
    "first_peak_bpm": {
        "kurt": 0,
        "max": 108,
        "mean": 108,
        "median": 108,
        "min": 108,
        "skew": 0,
        "var": 0
    },
    "first_peak_spread": {
        "kurt": 0,
        "max": 0.304347813129,
        "mean": 0.304347813129,
        "median": 0.304347813129,
        "min": 0.304347813129,
        "skew": 0,
        "var": 0
    },
    "first_peak_weight": {
        "kurt": 0,
        "max": 0.5,
        "mean": 0.5,
        "median": 0.5,
        "min": 0.5,
        "skew": 0,
        "var": 0
    },
    "onset_rate": 0.719486534595,
    "second_peak_bpm": {
        "kurt": 0,
        "max": 101,
        "mean": 101,
        "median": 101,
        "min": 101,
        "skew": 0,
        "var": 0
    },
    "second_peak_spread": {
        "kurt": 0,
        "max": 0.555555582047,
        "mean": 0.555555582047,
        "median": 0.555555582047,
        "min": 0.555555582047,
        "skew": 0,
        "var": 0
    },
    "second_peak_weight": {
        "kurt": 0,
        "max": 0.125,
        "mean": 0.125,
        "median": 0.125,
        "min": 0.125,
        "skew": 0,
        "var": 0
    },
    "beats_loudness_band_ratio": {
        "kurt": [9.53895664215, 0.0464332103729, 1.16725158691, 1.81863260269, -0.653989553452, 1.31449127197],
        "max": [0.245443701744, 0.338077396154, 0.497767686844, 0.741890907288, 0.452805608511, 0.671157062054],
        "mean": [0.0375582911074, 0.115341737866, 0.158336102962, 0.263945788145, 0.262532860041, 0.191158041358],
        "median": [0.0196326635778, 0.106694996357, 0.157976046205, 0.252716243267, 0.24090744555, 0.121531799436],
        "min": [0.000642155704554, 0.00159890740179, 0.00419240770862, 0.0633281618357, 0.0669879168272, 0.0284107103944],
        "skew": [2.97800755501, 0.706624150276, 0.906488180161, 1.44435036182, 0.147630304098, 1.5645378828],
        "var": [0.00222138152458, 0.00632064929232, 0.0113057792187, 0.0277792960405, 0.010764664039, 0.0293800681829],
        "cov": [[0.00229079974815, 0.000888062873855, 0.000382214115234, -0.00030975806294, -0.00104427337646, -0.00172160717193], [0.000888062873855, 0.00651816977188, 0.00335795292631, -0.00287377438508, -0.00149577471893, -0.00543044321239], [0.000382214115234, 0.00335795292631, 0.0116590848193, -2.11829465115e-05, -0.00585557939485, -0.00871720630676], [-0.00030975806294, -0.00287377438508, -2.11829465115e-05, 0.0286473985761, -0.00689429650083, -0.019038239494], [-0.00104427337646, -0.00149577471893, -0.00585557939485, -0.00689429650083, 0.0111010596156, 0.00370908668265], [-0.00172160717193, -0.00543044321239, -0.00871720630676, -0.019038239494, 0.00370908668265, 0.0302981957793]]
    },
    "beats_position": [0.545668900013, 1.10294783115, 1.67183673382, 2.22911548615, 2.7863945961, 3.34367346764, 3.90095233917, 4.45823097229, 5.01551008224, 5.5727891922, 6.13006782532, 6.6989569664, 7.26784563065, 7.8251247406, 8.38240337372, 8.93968200684, 9.49696159363, 10.0542402267, 10.6463489532, 11.2384576797, 11.8305664062, 12.4110651016, 12.9915647507, 13.5604534149, 14.1409521103, 14.7446708679, 15.3483896255, 15.9404983521, 16.4977779388, 17.0550556183, 17.6239452362, 18.1928348541, 18.7617225647],
    "bpm_estimates": [107.666015625, 105.46875, 107.666046143, 107.665977478, 107.666023254, 107.666023254, 107.666069031, 107.665977478, 107.665977478, 107.666069031, 105.468704224, 105.468788147, 107.665977478, 107.666069031, 107.666069031, 107.665885925, 107.666069031, 103.359405518, 103.359237671, 105.468788147, 103.359405518, 107.665885925, 107.666252136, 105.468612671, 105.468612671, 105.468971252],
    "bpm_intervals": [0.557278931141, 0.568888902664, 0.557278752327, 0.557279109955, 0.557278871536, 0.557278871536, 0.557278633118, 0.557279109955, 0.557279109955, 0.557278633118, 0.568889141083, 0.568888664246, 0.557279109955, 0.557278633118, 0.557278633118, 0.557279586792, 0.557278633118, 0.592108726501, 0.592108726501, 0.592108726501, 0.580498695374, 0.580499649048, 0.568888664246, 0.580498695374, 0.603718757629, 0.603718757629, 0.592108726501, 0.557279586792, 0.557277679443, 0.56888961792, 0.56888961792, 0.568887710571],
    "onset_times": [2.4497051239, 5.75854873657, 5.87464857101, 6.13006782532, 7.17496585846, 7.79029464722, 8.31274414062, 8.85841274261, 10.2632198334, 11.8073472977, 12.5968255997, 12.7013149261, 14.1525621414, 18.8197727203],
    "histogram": [[0, 0, 0, 0, 0, 0, 0, 0, 0, 0, 0, 0, 0, 0, 0, 0, 0, 0, 0, 0, 0, 0, 0, 0, 0, 0, 0, 0, 0, 0, 0, 0, 0, 0, 0, 0, 0, 0, 0, 0, 0, 0, 0, 0, 0, 0, 0, 0, 0, 0, 0, 0, 0, 0, 0, 0, 0, 0, 0, 0, 0, 0, 0, 0, 0, 0, 0, 0, 0, 0, 0, 0, 0, 0, 0, 0, 0, 0, 0, 0, 0, 0, 0, 0, 0, 0, 0, 0, 0, 0, 0, 0, 0, 0, 0, 0, 0, 0, 0, 0.0625, 0, 0.125, 0, 0.09375, 0, 0.21875, 0, 0, 0.5, 0, 0, 0, 0, 0, 0, 0, 0, 0, 0, 0, 0, 0, 0, 0, 0, 0, 0, 0, 0, 0, 0, 0, 0, 0, 0, 0, 0, 0, 0, 0, 0, 0, 0, 0, 0, 0, 0, 0, 0, 0, 0, 0, 0, 0, 0, 0, 0, 0, 0, 0, 0, 0, 0, 0, 0, 0, 0, 0, 0, 0, 0, 0, 0, 0, 0, 0, 0, 0, 0, 0, 0, 0, 0, 0, 0, 0, 0, 0, 0, 0, 0, 0, 0, 0, 0, 0, 0, 0, 0, 0, 0, 0, 0, 0, 0, 0, 0, 0, 0, 0, 0, 0, 0, 0, 0, 0, 0, 0, 0, 0, 0, 0, 0, 0, 0, 0, 0, 0, 0, 0, 0, 0, 0, 0, 0, 0, 0, 0, 0, 0, 0, 0, 0, 0, 0, 0, 0, 0, 0, 0]]
},
"sfx": {
    "inharmonicity": {
        "kurt": -1.08507072926,
        "max": 0.399664670229,
        "mean": 0.128185048699,
        "median": 0.116646550596,
        "min": 0,
        "skew": 0.273452579975,
        "var": 0.0100014545023
    },
    "oddtoevenharmonicenergyratio": {
        "kurt": 247.031478882,
        "max": 82.5013504028,
        "mean": 1.22674703598,
        "median": 0.667263686657,
        "min": 0,
        "skew": 13.8458213806,
        "var": 15.1760292053
    },
    "pitch_after_max_to_before_max_energy_ratio": 15.599105835,
    "pitch_centroid": 322.110687256,
    "pitch_max_to_total": 0.01549463626,
    "pitch_min_to_total": 0.635280072689,
    "tristimulus": {
        "kurt": [0.443134784698, 0.180088281631, -1.12243068218],
        "max": [1, 0.931037902832, 0.983020484447],
        "mean": [0.284519046545, 0.281986355782, 0.433494716883],
        "median": [0.145877376199, 0.277409642935, 0.516108810902],
        "min": [0, 0, 0],
        "skew": [1.43368470669, 0.366856604815, -0.454945862293],
        "var": [0.112057156861, 0.0328339450061, 0.0771400183439],
        "cov": [[0.112190872431, -0.0339160487056, -0.0782750993967], [-0.0339160487056, 0.0328731276095, 0.00104291609023], [-0.0782750993967, 0.00104291609023, 0.0772320702672]]
    }
},
"tonal": {
    "chords_changes_rate": 0.185714289546,
    "chords_number_rate": 0.021428572014,
    "chords_strength": {
        "kurt": -1.03071188927,
        "max": 0.656363487244,
        "mean": 0.456137239933,
        "median": 0.467598229647,
        "min": 0.249100700021,
        "skew": -0.130072161555,
        "var": 0.0106127457693
    },
    "key_strength": 0.579341590405,
    "tuning_diatonic_strength": 0.604320824146,
    "tuning_equal_tempered_deviation": 0.237543046474,
    "tuning_frequency": 447.691040039,
    "tuning_nontempered_energy_ratio": 0.903458654881,
    "hpcp": {
        "kurt": [0.718985795975, 1.931204319, 0.229038238525, 0.458319664001, 0.106515884399, -0.288611412048, -0.488476753235, -0.986429691315, -1.01013326645, -1.11753547192, -1.14683067799, -0.74557352066, -0.0346369743347, -0.342800140381, -0.631430387497, -0.666244983673, -0.433662176132, 0.390669107437, 0.293174743652, 0.708178043365, 0.534499168396, 0.162770748138, 0.460882663727, -0.197340250015, -0.485012292862, 0.0777344703674, 0.57151222229, 0.625529527664, -0.093700170517, 0.303372383118, -0.0601124763489, -0.169682025909, 0.316316127777, 0.0526204109192, 0.0275843143463, 0.810013055801],
        "max": [0.999118924141, 1, 0.882494390011, 0.98473405838, 1, 1, 1, 1, 1, 1, 1, 1, 1, 1, 1, 1, 1, 1, 1, 1, 1, 1, 1, 1, 1, 1, 1, 1, 1, 1, 1, 1, 1, 1, 1, 1],
