{
"metadata": {
    "version": {
        "essentia": "2.1-beta3"
    }
},
"lowLevel": {
    "average_loudness": 0.611095547676,
    "barkbands_kurtosis": {
        "kurt": 12.1381454468,
        "max": 37.270072937,
        "mean": 1.81846654415,
        "median": -0.332304120064,
        "min": -1.35495591164,
        "skew": 2.92525005341,
        "var": 22.473110199
    },
    "barkbands_skewness": {
        "kurt": 1.41324138641,
        "max": 4.93429708481,
        "mean": 0.895754694939,
        "median": 0.55850148201,
        "min": -1.69448649883,
        "skew": 1.21643650532,
        "var": 0.993794739246
    },
    "barkbands_spread": {
        "kurt": -1.15856564045,
        "max": 43.2306518555,
        "mean": 18.1569099426,
        "median": 20.3039264679,
        "min": 1.39905297756,
        "skew": -0.0903693959117,
        "var": 93.7133255005
    },
    "dissonance": {
        "kurt": 8.16696166992,
        "max": 0.499998986721,
        "mean": 0.471369177103,
        "median": 0.48309135437,
        "min": 0.269408047199,
        "skew": -2.55885028839,
        "var": 0.00108622445259
    },
    "hfc": {
        "kurt": 35.3459014893,
        "max": 10.4702653885,
        "mean": 0.276575148106,
        "median": 4.60689188913e-05,
        "min": 1.16827495706e-16,
        "skew": 5.61317491531,
        "var": 1.47497701645
    },
    "pitch": {
        "kurt": 46.4721374512,
        "max": 4177.19824219,
        "mean": 398.866760254,
        "median": 244.725524902,
        "min": 68.5537490845,
        "skew": 5.8194861412,
        "var": 169203.765625
    },
    "pitch_instantaneous_confidence": {
        "kurt": 0.903471231461,
        "max": 0.844471931458,
        "mean": 0.315773457289,
        "median": 0.259080499411,
        "min": 0.116328477859,
        "skew": 1.28462612629,
        "var": 0.0256323702633
    },
    "pitch_salience": {
        "kurt": 3.62917280197,
        "max": 0.85847979784,
        "mean": 0.703799247742,
        "median": 0.726387619972,
        "min": 0.28312253952,
        "skew": -1.60935866833,
        "var": 0.00787943135947
    },
    "silence_rate_20dB": {
        "kurt": 0,
        "max": 1,
        "mean": 1,
        "median": 1,
        "min": 1,
        "skew": 0,
        "var": 0
    },
    "silence_rate_30dB": {
        "kurt": 0,
        "max": 1,
        "mean": 1,
        "median": 1,
        "min": 1,
        "skew": 0,
        "var": 0
    },
    "silence_rate_60dB": {
        "kurt": 18.7581062317,
        "max": 1,
        "mean": 0.957831323147,
        "median": 1,
        "min": 0,
        "skew": -4.55608892441,
        "var": 0.0403906293213
    },
    "spectral_centroid": {
        "kurt": 143.116119385,
        "max": 10750.7978516,
        "mean": 1099.0435791,
        "median": 1022.1282959,
        "min": 361.967132568,
        "skew": 10.0449485779,
        "var": 423988.46875
    },
    "spectral_complexity": {
        "kurt": 19.0220222473,
        "max": 11,
        "mean": 0.442771077156,
        "median": 0,
        "min": 0,
        "skew": 4.35141992569,
        "var": 2.94551873207
    },
    "spectral_crest": {
        "kurt": 1.22849941254,
        "max": 23.6915054321,
        "mean": 7.30167198181,
        "median": 5.45653772354,
        "min": 2.49069094658,
        "skew": 1.31316268444,
        "var": 19.0446109772
    },
    "spectral_decrease": {
        "kurt": 43.1483001709,
        "max": -6.08253574679e-29,
        "mean": -1.04939501533e-10,
        "median": -9.32556508686e-15,
        "min": -4.42862768679e-09,
        "skew": -6.11014842987,
        "var": 2.29072212709e-19
    },
    "spectral_energy": {
        "kurt": 42.6768569946,
        "max": 0.0176643431187,
        "mean": 0.000421151955379,
        "median": 3.95950081611e-08,
        "min": 1.08261689377e-20,
        "skew": 6.07926797867,
        "var": 3.66975177712e-06
    },
    "spectral_energyband_high": {
        "kurt": 23.2474632263,
        "max": 1.49131001308e-05,
        "mean": 5.38297456387e-07,
        "median": 6.21754092656e-10,
        "min": 8.04629358765e-21,
        "skew": 4.67075490952,
        "var": 4.18196380303e-12
    },
    "spectral_energyband_low": {
        "kurt": 29.8733139038,
        "max": 1.24808209989e-07,
        "mean": 5.81807535482e-09,
        "median": 2.28306307193e-09,
        "min": 2.31779403526e-23,
        "skew": 5.18852233887,
        "var": 2.1032893489e-16
    },
    "spectral_energyband_middle_high": {
        "kurt": 42.1275558472,
        "max": 0.00270424317569,
        "mean": 5.94036646362e-05,
        "median": 1.74753118642e-08,
        "min": 1.72551047079e-21,
        "skew": 6.06278610229,
        "var": 7.21615620591e-08
    },
    "spectral_energyband_middle_low": {
        "kurt": 47.7384262085,
        "max": 0.016235942021,
        "mean": 0.000364200765034,
        "median": 1.5905449402e-08,
        "min": 2.63708097436e-22,
        "skew": 6.42548894882,
        "var": 2.93320908895e-06
    },
    "spectral_flatness_db": {
        "kurt": 0.91495347023,
        "max": 0.424993515015,
        "mean": 0.153639569879,
        "median": 0.110091999173,
        "min": 0.0603378936648,
        "skew": 1.38008463383,
        "var": 0.00717307766899
    },
    "spectral_flux": {
        "kurt": 15.102148056,
        "max": 0.095282971859,
        "mean": 0.00461692502722,
        "median": 0.000130116866785,
        "min": 1.04048880623e-10,
        "skew": 3.8206911087,
        "var": 0.000205298463698
    },
    "spectral_kurtosis": {
        "kurt": 3.31264305115,
        "max": 36.7111206055,
        "mean": 11.577545166,
        "median": 10.7913703918,
        "min": -1.23791027069,
        "skew": 1.37309730053,
        "var": 35.6146507263
    },
    "spectral_rms": {
        "kurt": 17.3316287994,
        "max": 0.00415132567286,
        "mean": 0.000186894554645,
        "median": 6.21524532107e-06,
        "min": 3.249940898e-12,
        "skew": 4.10896682739,
        "var": 3.75950349962e-07
    },
    "spectral_rolloff": {
        "kurt": 89.3100814819,
        "max": 18647.7539062,
        "mean": 1924.95129395,
        "median": 1873.38867188,
        "min": 430.6640625,
        "skew": 7.07519769669,
        "var": 1603299.625
    },
    "spectral_skewness": {
        "kurt": 1.40063905716,
        "max": 4.99878883362,
        "mean": 2.58029556274,
        "median": 2.61579489708,
        "min": -0.0155450366437,
        "skew": 0.110890515149,
        "var": 0.443496793509
    },
    "spectral_spread": {
        "kurt": 168.656387329,
        "max": 41405636,
        "mean": 4152629.5,
        "median": 4204967,
        "min": 1416552.25,
        "skew": 11.0864610672,
        "var": 5.81753320243e+12
    },
    "spectral_strongpeak": {
        "kurt": 37.7885093689,
        "max": 2.16711091995,
        "mean": 0.0611841864884,
        "median": 0.000977354706265,
        "min": 0,
        "skew": 5.71527147293,
        "var": 0.056907095015
    },
    "zerocrossingrate": {
        "kurt": 76.472366333,
        "max": 0.4912109375,
        "mean": 0.0648590475321,
        "median": 0.0615234375,
        "min": 0.0224609375,
        "skew": 7.0465593338,
        "var": 0.0012143664062
    },
    "barkbands": {
        "kurt": [80.5941696167, 23.5054798126, 69.5487136841, 38.2277488708, 64.841583252, 97.4772949219, 79.8001480103, 43.1227378845, 71.6496582031, 118.835800171, 149.019729614, 67.6730117798, 118.554428101, 128.511657715, 112.32925415, 127.608139038, 106.891685486, 93.4892272949, 36.6214828491, 36.7709083557, 30.9477806091, 20.6355667114, 43.7359657288, 29.2052307129, 60.7447967529, 81.2241973877, 127.47227478],
        "max": [7.40588212977e-09, 1.76963990128e-08, 7.54474598352e-08, 1.36954298569e-07, 4.73659019917e-06, 0.000291568227112, 0.0149879250675, 0.00207186699845, 0.00548384338617, 0.00139969028533, 0.00121999904513, 0.000373696850147, 0.00111399346497, 0.000230473247939, 0.000298879662296, 0.000466586090624, 0.000242349196924, 1.30292137328e-05, 5.5666046137e-06, 2.62444359578e-06, 1.04901582745e-05, 4.33204149886e-06, 6.71382451856e-07, 7.31073228621e-08, 5.55429622295e-08, 1.4903800416e-09, 1.37185818261e-09],
        "mean": [2.40049508049e-10, 1.44601608465e-09, 1.94444726986e-09, 4.92835194876e-09, 8.46363477081e-08, 4.02764999308e-06, 0.000218322573346, 4.54910114058e-05, 8.79667932168e-05, 1.95577722479e-05, 1.20846116261e-05, 6.50282800052e-06, 1.18658363135e-05, 2.34877234107e-06, 3.29019371748e-06, 5.43085252502e-06, 3.22638220496e-06, 2.15778513279e-07, 1.51510519686e-07, 7.17946377904e-08, 3.25189716932e-07, 1.61284944511e-07, 1.49373953207e-08, 2.35806907334e-09, 9.74718750157e-10, 2.50800109847e-11, 1.52693413469e-11],
        "median": [9.86473264186e-11, 7.832848814e-10, 4.17477108439e-10, 1.16501419622e-09, 2.10248973787e-09, 1.17665099886e-09, 2.27760432736e-09, 2.90781643209e-09, 3.4352496403e-09, 2.65804511734e-09, 2.17877538233e-09, 2.90523471946e-09, 1.44645428968e-09, 9.9962493838e-10, 1.10601972025e-09, 1.31597466257e-09, 1.0075899004e-09, 8.22485857199e-10, 8.85417850149e-10, 5.8228277755e-10, 2.9562358117e-10, 8.14049036513e-11, 1.37956009463e-11, 5.4725382212e-12, 5.04543542362e-12, 7.22135350649e-13, 7.14603750522e-14],
        "min": [1.82652853995e-24, 1.65826214228e-24, 1.67502038781e-23, 8.46737894343e-24, 3.96204758559e-23, 6.95234033606e-23, 1.57137053352e-23, 6.78802944475e-23, 5.00223578868e-23, 9.86602964393e-23, 1.30557615774e-22, 5.33814222845e-23, 1.08608804331e-22, 1.12303387049e-22, 1.32314188129e-22, 1.75217808409e-22, 2.31978950625e-22, 2.01132267798e-22, 1.89109333405e-22, 5.0423479142e-22, 4.87671236766e-22, 4.90820117064e-22, 7.35188121894e-22, 1.10435902113e-21, 1.125517659e-21, 1.45890113227e-21, 2.50354108571e-21],
        "skew": [8.12687969208, 4.46070861816, 7.4882478714, 5.87343883514, 7.68867397308, 9.37320899963, 8.38348484039, 6.41508483887, 7.81417751312, 9.57598781586, 11.3712491989, 7.80887508392, 10.3274374008, 10.5876073837, 9.97302532196, 10.6995239258, 9.94444179535, 8.44012069702, 5.54233551025, 5.67962169647, 5.247631073, 4.51797676086, 6.17175960541, 5.33822965622, 7.42713737488, 8.42478179932, 10.7052698135],
        "var": [3.55558830017e-19, 5.72581533762e-18, 4.06822446854e-17, 2.21299321811e-16, 1.92698138804e-13, 6.14144235467e-10, 1.66876134244e-06, 5.76036036648e-08, 2.15677658844e-07, 9.66477475828e-09, 6.75525058114e-09, 1.18842569119e-09, 7.00404667597e-09, 2.66299510221e-10, 4.86005902189e-10, 1.16571841069e-09, 4.29071667085e-10, 9.53877601906e-13, 3.42117637388e-13, 7.95063816758e-14, 1.64284981018e-12, 3.97200555866e-13, 4.51653044662e-15, 1.03747321767e-16, 2.7797473968e-17, 1.58399125787e-20, 1.00774283116e-20],
        "cov": [[3.5663302744e-19, 1.03317019517e-18, 1.81219803933e-18, 3.18824297361e-18, 6.03225630695e-17, 2.81238909521e-15, 6.09349972824e-13, 9.20816360986e-14, 1.07747659536e-13, 2.11859880767e-14, 1.100794955e-14, 6.62911997905e-15, 1.47948517451e-14, 3.43351030862e-15, 5.85455070044e-15, 1.54917650431e-14, 1.04982584854e-14, 3.74486342052e-16, 2.05439834248e-16, 1.19612341513e-16, 3.14588804234e-16, 1.79025204432e-16, 2.35157042217e-17, 4.09468423925e-18, 2.37582174473e-18, 4.37519025811e-20, 2.47242007114e-20], [1.03317019517e-18, 5.74311375218e-18, 6.70347499285e-18, 1.28539921539e-17, 3.06408186499e-16, 1.21517735246e-14, 2.12241812667e-12, 3.78685283001e-13, 3.85590891898e-13, 8.60125569401e-14, 4.16566161719e-14, 2.67694395296e-14, 5.98953531087e-14, 1.12726337935e-14, 2.05443453726e-14, 4.74435757607e-14, 3.25628196282e-14, 1.39854054613e-15, 7.52423284573e-16, 4.36287983466e-16, 1.50645222598e-15, 7.59364137241e-16, 9.27383683771e-17, 1.52994019152e-17, 8.46497347808e-18, 1.55342554484e-19, 8.70637709256e-20], [1.81219803933e-18, 6.70347499285e-18, 4.08051504895e-17, 5.67978207479e-17, 9.41053286762e-16, 4.03532797997e-14, 3.16159186504e-12, 5.23727057816e-13, 4.9826234718e-13, 1.46586776463e-13, 6.42332866584e-14, 2.62468015665e-14, 1.05985234694e-13, 1.91257227341e-14, 3.51762788006e-14, 6.12505516142e-14, 4.05836930902e-14, 2.40662325578e-15, 1.27497760325e-15, 7.21902411083e-16, 1.98498105431e-15, 1.03492296028e-15, 1.28738698003e-16, 2.26260185333e-17, 1.18641357206e-17, 2.78723108592e-19, 1.67080467095e-19], [3.18824297361e-18, 1.28539921539e-17, 5.67978207479e-17, 2.21967895504e-16, 4.28672659639e-15, 1.85126883983e-13, 6.42233835557e-12, 1.4986517886e-12, 1.39380857116e-12, 3.17889106965e-13, 1.20218085161e-13, 5.34215311148e-14, 5.26938627281e-13, 7.08183782883e-14, 8.33297732032e-14, 1.04552149815e-13, 7.71275269129e-14, 3.87162158344e-15, 2.56088299031e-15, 1.52315846855e-15, 4.99049874369e-15, 3.11791557335e-15, 3.08499934362e-16, 6.12883593003e-17, 3.09489659274e-17, 5.36036042895e-19, 3.01973449551e-19], [6.03225630695e-17, 3.06408186499e-16, 9.41053286762e-16, 4.28672659639e-15, 1.93280314713e-13, 8.88634478502e-12, 2.05794659092e-10, 3.86902766769e-11, 3.14388723388e-11, 1.29453088873e-11, 5.78661467701e-12, 2.75747979138e-12, 2.56033718532e-11, 4.69960008409e-12, 4.28327859292e-12, 3.41457721473e-12, 1.70873504148e-12, 1.34309271062e-13, 7.8263472634e-14, 3.12277466255e-14, 2.72459951735e-13, 1.01591830651e-13, 1.32533542721e-14, 2.37436548829e-15, 1.07414355036e-15, 2.4531230551e-17, 1.71504567638e-17], [2.81238909521e-15, 1.21517735246e-14, 4.03532797997e-14, 1.85126883983e-13, 8.88634478502e-12, 6.15999640186e-10, 9.3316332439e-09, 1.95005434023e-09, 1.81921300246e-09, 6.80545619858e-10, 2.98268382215e-10, 1.24137672364e-10, 1.19862286763e-09, 1.91300988939e-10, 1.92389645881e-10, 1.32208965997e-10, 6.98937643873e-11, 6.28470149186e-12, 3.64054489679e-12, 1.66746542789e-12, 1.14663981435e-11, 5.20826437533e-12, 5.30575800309e-13, 1.06925691988e-13, 4.82989977223e-14, 8.31771266429e-16, 4.57162210479e-16], [6.09349972824e-13, 2.12241812667e-12, 3.16159186504e-12, 6.42233835557e-12, 2.05794659092e-10, 9.3316332439e-09, 1.67380301264e-06, 2.36750366867e-07, 1.58813449502e-07, 4.59322571089e-08, 1.86785005241e-08, 1.49889647361e-08, 5.48052589977e-08, 9.93753435097e-09, 2.02604812927e-08, 3.9882902314e-08, 2.46507081414e-08, 1.06106601283e-09, 5.21281406929e-10, 3.00170110989e-10, 8.59123550079e-10, 4.14649425906e-10, 5.41277890564e-11, 1.0886598914e-11, 6.56748700562e-12, 1.10408366206e-13, 5.42626585483e-14], [9.20816360986e-14, 3.78685283001e-13, 5.23727057816e-13, 1.4986517886e-12, 3.86902766769e-11, 1.95005434023e-09, 2.36750366867e-07, 5.77776333444e-08, 4.42033964987e-08, 1.01527426466e-08, 4.53159643143e-09, 2.53802978634e-09, 1.18555494311e-08, 1.84431114825e-09, 2.30485963648e-09, 4.68573402301e-09, 3.2941867012e-09, 1.36216954383e-10, 8.19597445467e-11, 5.56208551439e-11, 1.75702521976e-10, 1.02226317689e-10, 1.11776829112e-11, 1.83813012554e-12, 9.61234455747e-13, 1.71564405884e-14, 9.60544171329e-15], [1.07747659536e-13, 3.85590891898e-13, 4.9826234718e-13, 1.39380857116e-12, 3.14388723388e-11, 1.81921300246e-09, 1.58813449502e-07, 4.42033964987e-08, 2.16329254954e-07, 3.60165799407e-08, 2.42512978588e-08, 1.03420534359e-08, 8.20331624851e-09, 2.18561080345e-09, 2.95718294296e-09, 6.43372244369e-09, 2.84690226948e-09, 1.68189503991e-10, 1.74797301633e-10, 7.18340179007e-11, 4.42029746139e-10, 2.22728918642e-10, 1.7945155778e-11, 2.29529156098e-12, 7.04369939111e-13, 2.32144337797e-14, 1.53622791164e-14], [2.11859880767e-14, 8.60125569401e-14, 1.46586776463e-13, 3.17889106965e-13, 1.29453088873e-11, 6.80545619858e-10, 4.59322571089e-08, 1.01527426466e-08, 3.60165799407e-08, 9.69397362383e-09, 7.09058012305e-09, 1.6507800682e-09, 2.59580557049e-09, 5.64750024523e-10, 7.79952158414e-10, 1.37326372496e-09, 7.32494509492e-10, 4.36132970016e-11, 3.94659895042e-11, 1.3993187685e-11, 8.18669368408e-11, 3.73951876409e-11, 3.36720755445e-12, 5.85706992889e-13, 2.11310745919e-13, 5.18647209801e-15, 3.21880143253e-15], [1.100794955e-14, 4.16566161719e-14, 6.42332866584e-14, 1.20218085161e-13, 5.78661467701e-12, 2.98268382215e-10, 1.86785005241e-08, 4.53159643143e-09, 2.42512978588e-08, 7.09058012305e-09, 6.77565914486e-09, 1.1250250731e-09, 1.11858522445e-09, 2.93949198316e-10, 5.20604115373e-10, 7.61227858526e-10, 4.73659667044e-10, 2.59270816622e-11, 2.88653215913e-11, 7.8031045167e-12, 5.04600493334e-11, 2.44964552115e-11, 1.8801310335e-12, 3.52039740675e-13, 9.65068885808e-14, 3.1992027842e-15, 2.13303902536e-15], [6.62911997905e-15, 2.67694395296e-14, 2.62468015665e-14, 5.34215311148e-14, 2.75747979138e-12, 1.24137672364e-10, 1.49889647361e-08, 2.53802978634e-09, 1.03420534359e-08, 1.6507800682e-09, 1.1250250731e-09, 1.19201615245e-09, 7.39965477781e-10, 1.80821357887e-10, 3.33261779284e-10, 4.60465360286e-10, 2.22497950619e-10, 1.38787696613e-11, 1.38105811509e-11, 5.20160737399e-12, 3.57580492993e-11, 1.71575930547e-11, 1.44944928455e-12, 2.26491744739e-13, 7.45655300742e-14, 1.97081379299e-15, 1.32554419965e-15], [1.47948517451e-14, 5.98953531087e-14, 1.05985234694e-13, 5.26938627281e-13, 2.56033718532e-11, 1.19862286763e-09, 5.48052589977e-08, 1.18555494311e-08, 8.20331624851e-09, 2.59580557049e-09, 1.11858522445e-09, 7.39965477781e-10, 7.02520708273e-09, 1.21810883602e-09, 1.22609489228e-09, 1.00006247727e-09, 6.16069029125e-10, 3.07520710285e-11, 2.03458656173e-11, 9.19756198287e-12, 6.29009275221e-11, 2.66540088611e-11, 3.76166415725e-12, 5.96889670936e-13, 2.67317228466e-13, 6.94318073765e-15, 4.91401251558e-15], [3.43351030862e-15, 1.12726337935e-14, 1.91257227341e-14, 7.08183782883e-14, 4.69960008409e-12, 1.91300988939e-10, 9.93753435097e-09, 1.84431114825e-09, 2.18561080345e-09, 5.64750024523e-10, 2.93949198316e-10, 1.80821357887e-10, 1.21810883602e-09, 2.67104061091e-10, 2.34069263971e-10, 2.16276052623e-10, 1.24330379325e-10, 6.11409620849e-12, 4.24040533589e-12, 1.59587382371e-12, 1.36181352653e-11, 5.31485619404e-12, 8.27488359952e-13, 1.16427863444e-13, 4.58399695969e-14, 1.6212050733e-15, 1.29917161708e-15], [5.85455070044e-15, 2.05443453726e-14, 3.51762788006e-14, 8.33297732032e-14, 4.28327859292e-12, 1.92389645881e-10, 2.02604812927e-08, 2.30485963648e-09, 2.95718294296e-09, 7.79952158414e-10, 5.20604115373e-10, 3.33261779284e-10, 1.22609489228e-09, 2.34069263971e-10, 4.87474227651e-10, 5.66923508138e-10, 3.0113042615e-10, 1.64638285644e-11, 9.82916872894e-12, 3.95673598053e-12, 1.74675898745e-11, 7.27271931913e-12, 9.66697208393e-13, 1.67168254066e-13, 8.45091615502e-14, 2.13815044568e-15, 1.21119316359e-15], [1.54917650431e-14, 4.74435757607e-14, 6.12505516142e-14, 1.04552149815e-13, 3.41457721473e-12, 1.32208965997e-10, 3.9882902314e-08, 4.68573402301e-09, 6.43372244369e-09, 1.37326372496e-09, 7.61227858526e-10, 4.60465360286e-10, 1.00006247727e-09, 2.16276052623e-10, 5.66923508138e-10, 1.16924014915e-09, 6.61971089055e-10, 2.95773752712e-11, 1.49067442418e-11, 7.69378311061e-12, 2.29872683388e-11, 1.08031647864e-11, 1.33374919182e-12, 2.5410186108e-13, 1.55628168772e-13, 2.67176659113e-15, 1.1595992221e-15], [1.04982584854e-14, 3.25628196282e-14, 4.05836930902e-14, 7.71275269129e-14, 1.70873504148e-12, 6.98937643873e-11, 2.46507081414e-08, 3.2941867012e-09, 2.84690226948e-09, 7.32494509492e-10, 4.73659667044e-10, 2.22497950619e-10, 6.16069029125e-10, 1.24330379325e-10, 3.0113042615e-10, 6.61971089055e-10, 4.30367963489e-10, 1.64137037295e-11, 8.34247514819e-12, 4.56300492183e-12, 1.10449054416e-11, 6.00756640615e-12, 7.9970990767e-13, 1.55799865739e-13, 9.537738031e-14, 1.64933175522e-15, 7.88571103812e-16], [3.74486342052e-16, 1.39854054613e-15, 2.40662325578e-15, 3.87162158344e-15, 1.34309271062e-13, 6.28470149186e-12, 1.06106601283e-09, 1.36216954383e-10, 1.68189503991e-10, 4.36132970016e-11, 2.59270816622e-11, 1.38787696613e-11, 3.07520710285e-11, 6.11409620849e-12, 1.64638285644e-11, 2.95773752712e-11, 1.64137037295e-11, 9.5675941128e-13, 4.77440461298e-13, 2.33498441936e-13, 7.62436500653e-13, 3.68767326788e-13, 4.19832828983e-14, 7.52817896048e-15, 4.22949596827e-15, 7.78553046621e-17, 3.47813367187e-17], [2.05439834248e-16, 7.52423284573e-16, 1.27497760325e-15, 2.56088299031e-15, 7.8263472634e-14, 3.64054489679e-12, 5.21281406929e-10, 8.19597445467e-11, 1.74797301633e-10, 3.94659895042e-11, 2.88653215913e-11, 1.38105811509e-11, 2.03458656173e-11, 4.24040533589e-12, 9.82916872894e-12, 1.49067442418e-11, 8.34247514819e-12, 4.77440461298e-13, 3.43151234424e-13, 1.41973618192e-13, 5.99085451386e-13, 2.91874732933e-13, 2.82699295966e-14, 4.99226226629e-15, 2.19344983867e-15, 5.0683503492e-17, 2.80014500896e-17], [1.19612341513e-16, 4.36287983466e-16, 7.21902411083e-16, 1.52315846855e-15, 3.12277466255e-14, 1.66746542789e-12, 3.00170110989e-10, 5.56208551439e-11, 7.18340179007e-11, 1.3993187685e-11, 7.8031045167e-12, 5.20160737399e-12, 9.19756198287e-12, 1.59587382371e-12, 3.95673598053e-12, 7.69378311061e-12, 4.56300492183e-12, 2.33498441936e-13, 1.41973618192e-13, 7.97465798908e-14, 2.48888610459e-13, 1.36798138464e-13, 1.30169499176e-14, 2.2657538416e-15, 1.18252215711e-15, 2.2127645523e-17, 1.0470499343e-17], [3.14588804234e-16, 1.50645222598e-15, 1.98498105431e-15, 4.99049874369e-15, 2.72459951735e-13, 1.14663981435e-11, 8.59123550079e-10, 1.75702521976e-10, 4.42029746139e-10, 8.18669368408e-11, 5.04600493334e-11, 3.57580492993e-11, 6.29009275221e-11, 1.36181352653e-11, 1.74675898745e-11, 2.29872683388e-11, 1.10449054416e-11, 7.62436500653e-13, 5.99085451386e-13, 2.48888610459e-13, 1.64781317931e-12, 7.46566979244e-13, 7.27665405145e-14, 1.06762243428e-14, 4.01284992784e-15, 1.14120365172e-16, 7.92760039078e-17], [1.79025204432e-16, 7.59364137241e-16, 1.03492296028e-15, 3.11791557335e-15, 1.01591830651e-13, 5.20826437533e-12, 4.14649425906e-10, 1.02226317689e-10, 2.22728918642e-10, 3.73951876409e-11, 2.44964552115e-11, 1.71575930547e-11, 2.66540088611e-11, 5.31485619404e-12, 7.27271931913e-12, 1.08031647864e-11, 6.00756640615e-12, 3.68767326788e-13, 2.91874732933e-13, 1.36798138464e-13, 7.46566979244e-13, 3.98400550831e-13, 3.63100425649e-14, 5.02740989843e-15, 1.90827163302e-15, 5.20413270849e-17, 3.48974960378e-17], [2.35157042217e-17, 9.27383683771e-17, 1.28738698003e-16, 3.08499934362e-16, 1.32533542721e-14, 5.30575800309e-13, 5.41277890564e-11, 1.11776829112e-11, 1.7945155778e-11, 3.36720755445e-12, 1.8801310335e-12, 1.44944928455e-12, 3.76166415725e-12, 8.27488359952e-13, 9.66697208393e-13, 1.33374919182e-12, 7.9970990767e-13, 4.19832828983e-14, 2.82699295966e-14, 1.30169499176e-14, 7.27665405145e-14, 3.63100425649e-14, 4.53017572389e-15, 5.72735091571e-16, 2.37787691632e-16, 7.34109476033e-18, 5.36279926759e-18], [4.09468423925e-18, 1.52994019152e-17, 2.26260185333e-17, 6.12883593003e-17, 2.37436548829e-15, 1.06925691988e-13, 1.0886598914e-11, 1.83813012554e-12, 2.29529156098e-12, 5.85706992889e-13, 3.52039740675e-13, 2.26491744739e-13, 5.96889670936e-13, 1.16427863444e-13, 1.67168254066e-13, 2.5410186108e-13, 1.55799865739e-13, 7.52817896048e-15, 4.99226226629e-15, 2.2657538416e-15, 1.06762243428e-14, 5.02740989843e-15, 5.72735091571e-16, 1.04060757045e-16, 4.82220191298e-17, 9.87778555661e-19, 6.0879764131e-19], [2.37582174473e-18, 8.46497347808e-18, 1.18641357206e-17, 3.09489659274e-17, 1.07414355036e-15, 4.82989977223e-14, 6.56748700562e-12, 9.61234455747e-13, 7.04369939111e-13, 2.11310745919e-13, 9.65068885808e-14, 7.45655300742e-14, 2.67317228466e-13, 4.58399695969e-14, 8.45091615502e-14, 1.55628168772e-13, 9.537738031e-14, 4.22949596827e-15, 2.19344983867e-15, 1.18252215711e-15, 4.01284992784e-15, 1.90827163302e-15, 2.37787691632e-16, 4.82220191298e-17, 2.78814526525e-17, 4.44728693255e-19, 2.18503248474e-19], [4.37519025811e-20, 1.55342554484e-19, 2.78723108592e-19, 5.36036042895e-19, 2.4531230551e-17, 8.31771266429e-16, 1.10408366206e-13, 1.71564405884e-14, 2.32144337797e-14, 5.18647209801e-15, 3.1992027842e-15, 1.97081379299e-15, 6.94318073765e-15, 1.6212050733e-15, 2.13815044568e-15, 2.67176659113e-15, 1.64933175522e-15, 7.78553046621e-17, 5.0683503492e-17, 2.2127645523e-17, 1.14120365172e-16, 5.20413270849e-17, 7.34109476033e-18, 9.87778555661e-19, 4.44728693255e-19, 1.58877678852e-20, 1.18114767565e-20], [2.47242007114e-20, 8.70637709256e-20, 1.67080467095e-19, 3.01973449551e-19, 1.71504567638e-17, 4.57162210479e-16, 5.42626585483e-14, 9.60544171329e-15, 1.53622791164e-14, 3.21880143253e-15, 2.13303902536e-15, 1.32554419965e-15, 4.91401251558e-15, 1.29917161708e-15, 1.21119316359e-15, 1.1595992221e-15, 7.88571103812e-16, 3.47813367187e-17, 2.80014500896e-17, 1.0470499343e-17, 7.92760039078e-17, 3.48974960378e-17, 5.36279926759e-18, 6.0879764131e-19, 2.18503248474e-19, 1.18114767565e-20, 1.01078740512e-20]]
    },
    "mfcc": {
        "kurt": [4.49342918396, 2.42444086075, 5.21656036377, 1.44514226913, 2.50945949554, 1.97563457489, 4.58240413666, 15.6958427429, 3.16097068787, 3.01600074768, 4.76256847382, 5.51085567474, 5.22560596466],
        "max": [-799.08972168, 150.76940918, 20.1932373047, 6.91408157349, 3.42060852051, 2.28987884521, 8.08920669556, 15.6830844879, 38.3008460999, 16.508600235, 21.2912712097, 36.5914993286, 28.6084709167],
        "mean": [-1099.5736084, 22.1651115417, -10.1507892609, -11.7550611496, -13.1742076874, -9.74405670166, -8.22538757324, -1.87158334255, 3.65305256844, 0.272694826126, 1.50860583782, 2.73021173477, 1.99693262577],
        "median": [-1137.640625, 1.02654647827, -6.103515625e-05, 8.01086425781e-05, -6.103515625e-05, 2.28881835938e-05, -2.67028808594e-05, -5.34057617188e-05, -4.57763671875e-05, -2.28881835938e-05, -2.67028808594e-05, -3.0517578125e-05, -3.81469726562e-05],
        "min": [-1138.42004395, 1.14440917969e-05, -133.586380005, -85.1585159302, -94.078125, -65.5567779541, -71.2426681519, -61.2439956665, -23.7018890381, -24.8621749878, -12.5777339935, -10.4803314209, -9.44304275513],
        "skew": [2.37463259697, 1.90102696419, -2.48736786842, -1.66879236698, -1.85723531246, -1.71401429176, -2.2911169529, -3.34201812744, 1.53072226048, -0.880885243416, 1.57911252975, 2.14854335785, 2.17198371887],
        "var": [6588.04150391, 1504.13574219, 803.690124512, 461.249481201, 523.332885742, 252.245605469, 254.9425354, 72.287147522, 71.1465072632, 40.3295669556, 18.7790050507, 35.2334480286, 29.9808864594],
        "cov": [[6607.94482422, 3045.15136719, -2199.9934082, -1559.80517578, -1748.8614502, -1049.41235352, -1218.39221191, -431.915679932, 407.876098633, -277.397247314, 141.664916992, 319.073394775, 254.935165405], [3045.15136719, 1508.67993164, -950.509033203, -767.667419434, -838.168884277, -550.439697266, -592.141357422, -203.449462891, 190.084747314, -111.560768127, 63.0536193848, 163.543777466, 129.54737854], [-2199.9934082, -950.509033203, 806.118225098, 530.924621582, 572.774475098, 308.667358398, 368.685211182, 121.750175476, -153.282836914, 93.0708465576, -45.874256134, -101.206253052, -81.5226516724], [-1559.80517578, -767.667419434, 530.924621582, 462.642974854, 463.41506958, 277.480194092, 282.302581787, 73.0831832886, -132.565887451, 35.6381149292, -37.2660293579, -91.2263793945, -75.1951980591], [-1748.8614502, -838.168884277, 572.774475098, 463.41506958, 524.91394043, 327.567230225, 324.202209473, 84.1682128906, -146.308258057, 47.3616676331, -42.0328712463, -92.6126174927, -79.6533126831], [-1049.41235352, -550.439697266, 308.667358398, 277.480194092, 327.567230225, 253.007675171, 214.393936157, 46.0747489929, -91.2801513672, 20.504863739, -23.4042758942, -64.5905609131, -57.2699813843], [-1218.39221191, -592.141357422, 368.685211182, 282.302581787, 324.202209473, 214.393936157, 255.712753296, 97.5473556519, -66.677230835, 47.5042686462, -32.7880325317, -65.9994888306, -52.3431472778], [-431.915679932, -203.449462891, 121.750175476, 73.0831832886, 84.1682128906, 46.0747489929, 97.5473556519, 72.5055389404, 10.3985528946, 32.4233894348, -11.2005529404, -19.4193973541, -9.51172351837], [407.876098633, 190.084747314, -153.282836914, -132.565887451, -146.308258057, -91.2801513672, -66.677230835, 10.3985528946, 71.3614501953, 5.76626396179, 9.41516494751, 21.9427585602, 21.1498794556], [-277.397247314, -111.560768127, 93.0708465576, 35.6381149292, 47.3616676331, 20.504863739, 47.5042686462, 32.4233894348, 5.76626396179, 40.4514083862, 4.90677928925, -6.38512039185, -2.79231500626], [141.664916992, 63.0536193848, -45.874256134, -37.2660293579, -42.0328712463, -23.4042758942, -32.7880325317, -11.2005529404, 9.41516494751, 4.90677928925, 18.8357391357, 16.214723587, 9.50349807739], [319.073394775, 163.543777466, -101.206253052, -91.2263793945, -92.6126174927, -64.5905609131, -65.9994888306, -19.4193973541, 21.9427585602, -6.38512039185, 16.214723587, 35.3398933411, 25.5320281982], [254.935165405, 129.54737854, -81.5226516724, -75.1951980591, -79.6533126831, -57.2699813843, -52.3431472778, -9.51172351837, 21.1498794556, -2.79231500626, 9.50349807739, 25.5320281982, 30.0714626312]]
    },
    "sccoeffs": {
        "kurt": [4.3758854866, 5.75497436523, 5.70286083221, 3.71877670288, 3.87974071503, 1.43904781342],
        "max": [-0.637247800827, -0.366309732199, -0.493681520224, -0.698496162891, -0.672412097454, -0.677153944969],
        "mean": [-0.861141681671, -0.849020719528, -0.875242590904, -0.885294079781, -0.878546833992, -0.843887150288],
        "median": [-0.869913935661, -0.882157206535, -0.896771192551, -0.898892521858, -0.89551192522, -0.8631336689],
        "min": [-0.973681688309, -0.959485411644, -0.961413443089, -0.95129108429, -0.956946671009, -0.957190692425],
        "skew": [1.65006780624, 2.23236656189, 2.14846658707, 1.86462628841, 1.98412573338, 1.41962361336],
        "var": [0.00223921681754, 0.00888339523226, 0.00428499514237, 0.00177050929051, 0.00218025525101, 0.00244212942198],
        "cov": [[0.00224598194472, 0.00255426205695, 0.00170656025875, 0.00125870958436, 0.00136355974246, 0.00131177972071], [0.00255426205695, 0.00891023315489, 0.00501662492752, 0.00346774887294, 0.00386022683233, 0.00359730352648], [0.00170656025875, 0.00501662492752, 0.00429794052616, 0.00227776053362, 0.0026409290731, 0.00260687898844], [0.00125870958436, 0.00346774887294, 0.00227776053362, 0.0017758582253, 0.00172292883508, 0.00169886811636], [0.00136355974246, 0.00386022683233, 0.0026409290731, 0.00172292883508, 0.00218684202991, 0.0019188298611], [0.00131177972071, 0.00359730352648, 0.00260687898844, 0.00169886811636, 0.0019188298611, 0.00244950735942]]
    },
    "scvalleys": {
        "kurt": [50.7215919495, 9.23499393463, 8.82360363007, 10.5155000687, 15.8616580963, 9.48327064514],
        "max": [-9.87657165527, -5.68411636353, -5.60310840607, -6.55446910858, -8.79738140106, -11.0404367447],
        "mean": [-12.1747741699, -11.3294439316, -11.3080892563, -12.0151443481, -12.8249597549, -15.4295139313],
        "median": [-11.9700069427, -11.6342763901, -11.6036319733, -12.2811555862, -12.9949483871, -15.7062072754],
        "min": [-27.1242752075, -27.122587204, -27.1796283722, -27.2875404358, -27.2506465912, -27.3995056152],
        "skew": [-5.15495872498, -0.749645292759, -0.718847095966, -0.876850008965, -1.77512800694, -0.873478472233],
        "var": [1.71982347965, 4.53639698029, 4.7147192955, 4.04707956314, 2.91108489037, 2.70696902275],
        "cov": [[1.72501933575, 2.32737255096, 2.31340694427, 2.17081689835, 1.89956605434, 1.75361347198], [2.32737255096, 4.55010223389, 4.47965908051, 4.10669374466, 3.43556165695, 3.27968263626], [2.31340694427, 4.47965908051, 4.72896289825, 4.29125785828, 3.58677721024, 3.38469195366], [2.17081689835, 4.10669374466, 4.29125785828, 4.05930614471, 3.35478806496, 3.18336725235], [1.89956605434, 3.43556165695, 3.58677721024, 3.35478806496, 2.91987967491, 2.74679422379], [1.75361347198, 3.27968263626, 3.38469195366, 3.18336725235, 2.74679422379, 2.71514725685]]
    }
},
"rhythm": {
    "beats_loudness": {
        "kurt": -0.205001115799,
        "max": 0.00994096975774,
        "mean": 0.00223681214266,
        "median": 5.88212785146e-08,
        "min": 1.50492107664e-09,
        "skew": 1.1325776577,
        "var": 1.15396915135e-05
    },
    "bpm": 106.230461121,
    "confidence": 3.832426548,
    "first_peak_bpm": {
        "kurt": 0,
        "max": 108,
        "mean": 108,
        "median": 108,
        "min": 108,
        "skew": 0,
        "var": 0
    },
    "first_peak_spread": {
        "kurt": 0,
        "max": 0,
        "mean": 0,
        "median": 0,
        "min": 0,
        "skew": 0,
        "var": 0
    },
    "first_peak_weight": {
        "kurt": 0,
        "max": 0.363636374474,
        "mean": 0.363636374474,
        "median": 0.363636374474,
        "min": 0.363636374474,
        "skew": 0,
        "var": 0
    },
    "onset_rate": 0.651130139828,
    "second_peak_bpm": {
        "kurt": 0,
        "max": 96,
        "mean": 96,
        "median": 96,
        "min": 96,
        "skew": 0,
        "var": 0
    },
    "second_peak_spread": {
        "kurt": 0,
        "max": 0,
        "mean": 0,
        "median": 0,
        "min": 0,
        "skew": 0,
        "var": 0
    },
    "second_peak_weight": {
        "kurt": 0,
        "max": 0.272727280855,
        "mean": 0.272727280855,
        "median": 0.272727280855,
        "min": 0.272727280855,
        "skew": 0,
        "var": 0
    },
    "beats_loudness_band_ratio": {
        "kurt": [-0.831282615662, -0.537236690521, -1.19777452946, 1.16025018692, -1.31057739258, 2.03167486191],
        "max": [0.256359279156, 0.21560524404, 0.908264040947, 0.550833702087, 0.174475640059, 0.244289517403],
        "mean": [0.0807971507311, 0.0642967373133, 0.484390050173, 0.246232196689, 0.0949504002929, 0.0566694587469],
        "median": [0.0495250448585, 0.0341974012554, 0.419080287218, 0.225856050849, 0.0957643315196, 0.0357704982162],
        "min": [1.90833020497e-06, 0.000530798221007, 0.0728919953108, 0.0645867884159, 0.0106598073617, 0.000962102669291],
        "skew": [0.726621210575, 0.923911452293, 0.19511911273, 1.09393429756, -0.0795418322086, 1.65909707546],
        "var": [0.00767141347751, 0.00491132820025, 0.0657960101962, 0.0143353454769, 0.00288000237197, 0.0046632909216],
        "cov": [[0.00836881436408, 0.0061403112486, -0.0140038272366, -0.000390096858609, 0.00222980463877, -0.000230746867601], [0.0061403112486, 0.00535781262442, -0.0118995103985, -9.7754473245e-06, 0.00202734931372, 6.90107335686e-05], [-0.0140038272366, -0.0118995103985, 0.0717774629593, -0.0237470995635, -0.0141610410064, -0.0115882242098], [-0.000390096858609, -9.7754473245e-06, -0.0237470995635, 0.015638558194, 0.0046473396942, 0.00382554507814], [0.00222980463877, 0.00202734931372, -0.0141610410064, 0.0046473396942, 0.00314182066359, 0.00274319713935], [-0.000230746867601, 6.90107335686e-05, -0.0115882242098, 0.00382554507814, 0.00274319713935, 0.00508722662926]]
    },
    "beats_position": [0.557278871536, 1.11455774307, 1.70666658878, 2.33360528946, 2.92571425438, 3.55265307426, 4.17959165573, 4.73687076569, 5.2941493988, 5.87464857101, 6.43192720413, 7.01242637634],
    "bpm_estimates": [107.666023254, 107.665977478, 107.666069031, 103.359321594, 107.666069031, 103.359321594],
    "bpm_intervals": [0.557278871536, 0.592108845711, 0.626938700676, 0.59210896492, 0.626938819885, 0.626938581467, 0.557279109955, 0.557278633118, 0.580499172211, 0.557278633118, 0.580499172211],
    "onset_times": [0.568888902664, 1.63700675964, 4.1679816246, 4.72526073456, 5.34058952332],
    "histogram": [[0, 0, 0, 0, 0, 0, 0, 0, 0, 0, 0, 0, 0, 0, 0, 0, 0, 0, 0, 0, 0, 0, 0, 0, 0, 0, 0, 0, 0, 0, 0, 0, 0, 0, 0, 0, 0, 0, 0, 0, 0, 0, 0, 0, 0, 0, 0, 0, 0, 0, 0, 0, 0, 0, 0, 0, 0, 0, 0, 0, 0, 0, 0, 0, 0, 0, 0, 0, 0, 0, 0, 0, 0, 0, 0, 0, 0, 0, 0, 0, 0, 0, 0, 0, 0, 0, 0, 0, 0, 0, 0, 0, 0, 0, 0, 0, 0.272727280855, 0, 0, 0, 0, 0.181818187237, 0, 0.181818187237, 0, 0, 0, 0, 0.363636374474, 0, 0, 0, 0, 0, 0, 0, 0, 0, 0, 0, 0, 0, 0, 0, 0, 0, 0, 0, 0, 0, 0, 0, 0, 0, 0, 0, 0, 0, 0, 0, 0, 0, 0, 0, 0, 0, 0, 0, 0, 0, 0, 0, 0, 0, 0, 0, 0, 0, 0, 0, 0, 0, 0, 0, 0, 0, 0, 0, 0, 0, 0, 0, 0, 0, 0, 0, 0, 0, 0, 0, 0, 0, 0, 0, 0, 0, 0, 0, 0, 0, 0, 0, 0, 0, 0, 0, 0, 0, 0, 0, 0, 0, 0, 0, 0, 0, 0, 0, 0, 0, 0, 0, 0, 0, 0, 0, 0, 0, 0, 0, 0, 0, 0, 0, 0, 0, 0, 0, 0, 0, 0, 0, 0, 0, 0, 0, 0, 0, 0, 0, 0, 0, 0, 0, 0, 0, 0, 0, 0, 0]]
},
"sfx": {
    "inharmonicity": {
        "kurt": -0.343001365662,
        "max": 0.390941262245,
        "mean": 0.114688128233,
        "median": 0.0880910754204,
        "min": 0,
        "skew": 0.773009479046,
        "var": 0.0101282084361
    },
    "oddtoevenharmonicenergyratio": {
        "kurt": 32.0616989136,
        "max": 10.6869726181,
        "mean": 0.833198666573,
        "median": 0.543650627136,
        "min": 0,
        "skew": 4.81944990158,
        "var": 1.43422687054
    },
    "pitch_after_max_to_before_max_energy_ratio": 0.499258935452,
    "pitch_centroid": 167.808944702,
    "pitch_max_to_total": 0.807228922844,
    "pitch_min_to_total": 0.728915691376,
    "tristimulus": {
        "kurt": [-0.0585491657257, 0.460369825363, -1.16018950939],
        "max": [1, 0.900201141834, 0.948875248432],
        "mean": [0.260469585657, 0.336861521006, 0.402668774128],
        "median": [0.168979495764, 0.311695218086, 0.452758222818],
        "min": [0, 0, 0],
        "skew": [1.03295481205, 0.768810391426, -0.0742834210396],
        "var": [0.0660602673888, 0.0285922307521, 0.0608046874404],
        "cov": [[0.0662598460913, -0.0169750172645, -0.0492848232388], [-0.0169750172645, 0.0286786109209, -0.011703572236], [-0.0492848232388, -0.011703572236, 0.0609883889556]]
    }
},
"tonal": {
    "chords_changes_rate": 0.0898203626275,
    "chords_number_rate": 0.0658682659268,
    "chords_strength": {
        "kurt": -0.45506978035,
        "max": 0.59744232893,
        "mean": 0.476788371801,
        "median": 0.492745220661,
        "min": 0.288259297609,
        "skew": -0.647133171558,
        "var": 0.00520147243515
    },
    "key_strength": 0.477173894644,
    "tuning_diatonic_strength": 0.385262578726,
    "tuning_equal_tempered_deviation": 0.248570129275,
    "tuning_frequency": 455.779724121,
    "tuning_nontempered_energy_ratio": 0.913690209389,
    "hpcp": {
        "kurt": [2.24113130569, 4.20047092438, 2.0916223526, 1.7832736969, 1.33792495728, 2.46804952621, 3.36002159119, 1.79521036148, 1.88526201248, 2.38071346283, 2.45183801651, 2.69144916534, 2.70077943802, 1.51565027237, 2.21441173553, 1.60413789749, 1.70973014832, 3.77584886551, 2.29956436157, 1.66967439651, 1.48746919632, 0.441231250763, -0.224671602249, 0.10386300087, 1.16958618164, -0.391665220261, 0.0231504440308, 4.02315855026, 4.41814947128, 4.52733373642, 2.25429487228, 0.915242910385, 1.13005256653, 2.34237718582, 2.31021118164, 1.48362445831],
        "max": [1, 1, 1, 1, 1, 1, 1, 1, 1, 1, 1, 1, 1, 1, 1, 1, 1, 1, 1, 1, 1, 1, 1, 1, 1, 1, 1, 1, 1, 1, 1, 1, 1, 1, 1, 1],
        "mean": [0.202764824033, 0.181389555335, 0.195085123181, 0.213348463178, 0.221118956804, 0.194438204169, 0.180109143257, 0.183746814728, 0.191012084484, 0.206604212523, 0.201653346419, 0.188051119447, 0.181966140866, 0.187956139445, 0.207046717405, 0.210819706321, 0.197845026851, 0.191629260778, 0.20635573566, 0.215023592114, 0.200353845954, 0.263255387545, 0.301174283028, 0.243326127529, 0.235544189811, 0.306322932243, 0.274438649416, 0.174921706319, 0.157136544585, 0.157255962491, 0.19588136673, 0.239887788892, 0.232104405761, 0.197293221951, 0.191314920783, 0.217635005713],
