{
"metadata": {
    "version": {
        "essentia": "2.1-beta3"
    }
},
"lowLevel": {
    "average_loudness": 0.768190443516,
    "barkbands_kurtosis": {
        "kurt": 19.947013855,
        "max": 138.572525024,
        "mean": 8.17426490784,
        "median": 4.66596460342,
        "min": -1.58103477955,
        "skew": 3.44795560837,
        "var": 156.302536011
    },
    "barkbands_skewness": {
        "kurt": 0.892007350922,
        "max": 10.2217502594,
        "mean": 1.53078436852,
        "median": 1.62288355827,
        "min": -2.20248889923,
        "skew": 0.461549699306,
        "var": 2.8279838562
    },
    "barkbands_spread": {
        "kurt": -0.0250239372253,
        "max": 31.7424297333,
        "mean": 8.77431964874,
        "median": 5.78058481216,
        "min": 0.612588584423,
        "skew": 0.996694147587,
        "var": 53.2201957703
    },
    "dissonance": {
        "kurt": 2.17461013794,
        "max": 0.499999642372,
        "mean": 0.450326144695,
        "median": 0.468407601118,
        "min": 0.205817848444,
        "skew": -1.44190478325,
        "var": 0.00260383612476
    },
    "hfc": {
        "kurt": 68.499130249,
        "max": 123.630706787,
        "mean": 3.16500449181,
        "median": 0.0309585630894,
        "min": 2.23471219307e-09,
        "skew": 6.81984806061,
        "var": 79.7962265015
    },
    "pitch": {
        "kurt": 13.7785110474,
        "max": 3821.9453125,
        "mean": 594.64251709,
        "median": 493.288146973,
        "min": 75.2910919189,
        "skew": 3.52666378021,
        "var": 329633.375
    },
    "pitch_instantaneous_confidence": {
        "kurt": -0.798209190369,
        "max": 0.938963353634,
        "mean": 0.500191509724,
        "median": 0.482199311256,
        "min": 0.154003977776,
        "skew": 0.321955680847,
        "var": 0.0361245237291
    },
    "pitch_salience": {
        "kurt": 0.153069019318,
        "max": 0.885795712471,
        "mean": 0.626114189625,
        "median": 0.66461288929,
        "min": 0.193653732538,
        "skew": -0.881776273251,
        "var": 0.0169570874423
    },
    "silence_rate_20dB": {
        "kurt": 0,
        "max": 1,
        "mean": 1,
        "median": 1,
        "min": 1,
        "skew": 0,
        "var": 0
    },
    "silence_rate_30dB": {
        "kurt": 0,
        "max": 1,
        "mean": 1,
        "median": 1,
        "min": 1,
        "skew": 0,
        "var": 0
    },
    "silence_rate_60dB": {
        "kurt": -0.76593708992,
        "max": 1,
        "mean": 0.742785453796,
        "median": 1,
        "min": 0,
        "skew": -1.11089146137,
        "var": 0.191055893898
    },
    "spectral_centroid": {
        "kurt": 0.421291351318,
        "max": 2861.55004883,
        "mean": 1060.95117188,
        "median": 786.005310059,
        "min": 464.374023438,
        "skew": 1.28143441677,
        "var": 396965.8125
    },
    "spectral_complexity": {
        "kurt": 3.09837198257,
        "max": 29,
        "mean": 2.91091585159,
        "median": 0,
        "min": 0,
        "skew": 1.77840018272,
        "var": 21.5642528534
    },
    "spectral_crest": {
        "kurt": -0.324905157089,
        "max": 25.0118103027,
        "mean": 10.8839149475,
        "median": 10.2344446182,
        "min": 2.98666572571,
        "skew": 0.619481861591,
        "var": 24.3638057709
    },
    "spectral_decrease": {
        "kurt": 32.3995437622,
        "max": -2.1043168468e-19,
        "mean": -1.06872699579e-09,
        "median": -7.97043420847e-12,
        "min": -2.96464506278e-08,
        "skew": -4.87024497986,
        "var": 7.54813558611e-18
    },
    "spectral_energy": {
        "kurt": 34.0059394836,
        "max": 0.123106151819,
        "mean": 0.0043206945993,
        "median": 3.21036241075e-05,
        "min": 9.96910345073e-13,
        "skew": 4.96409320831,
        "var": 0.0001243375591
    },
    "spectral_energyband_high": {
        "kurt": 56.6414794922,
        "max": 0.000317547790473,
        "mean": 7.63286698202e-06,
        "median": 1.08210493011e-07,
        "min": 6.3116592302e-14,
        "skew": 6.54708147049,
        "var": 6.66615596057e-10
    },
    "spectral_energyband_low": {
        "kurt": 70.4028320312,
        "max": 5.2829791457e-06,
        "mean": 1.21115789398e-07,
        "median": 1.86191257967e-08,
        "min": 5.71083334973e-15,
        "skew": 7.7304110527,
        "var": 1.95316487051e-13
    },
    "spectral_energyband_middle_high": {
        "kurt": 178.837234497,
        "max": 0.119972191751,
        "mean": 0.00152166420594,
        "median": 8.95672474144e-06,
        "min": 8.87057137813e-13,
        "skew": 11.7853631973,
        "var": 4.30912696174e-05
    },
    "spectral_energyband_middle_low": {
        "kurt": 36.4592781067,
        "max": 0.0867654904723,
        "mean": 0.00283016590402,
        "median": 1.91574836208e-05,
        "min": 5.52304716176e-14,
        "skew": 5.17273521423,
        "var": 5.7503253629e-05
    },
    "spectral_flatness_db": {
        "kurt": -0.935241937637,
        "max": 0.512358427048,
        "mean": 0.263650536537,
        "median": 0.251013308764,
        "min": 0.0898753404617,
        "skew": 0.218550682068,
        "var": 0.0090530635789
    },
    "spectral_flux": {
        "kurt": 6.76797199249,
        "max": 0.297371923923,
        "mean": 0.0272935982794,
        "median": 0.00439037568867,
        "min": 0.000126334663946,
        "skew": 2.24721431732,
        "var": 0.00174693425652
    },
    "spectral_kurtosis": {
        "kurt": 6.24954032898,
        "max": 122.077804565,
        "mean": 18.4066619873,
        "median": 11.981013298,
        "min": 2.69142580032,
        "skew": 2.26150965691,
        "var": 295.71105957
    },
    "spectral_rms": {
        "kurt": 4.44048786163,
        "max": 0.010959177278,
        "mean": 0.00111121323425,
        "median": 0.000176976303919,
        "min": 3.11864631897e-08,
        "skew": 2.02921104431,
        "var": 2.98051668324e-06
    },
    "spectral_rolloff": {
        "kurt": -0.725973844528,
        "max": 4285.10742188,
        "mean": 1544.96032715,
        "median": 990.52734375,
        "min": 473.73046875,
        "skew": 0.900325298309,
        "var": 1148108.875
    },
    "spectral_skewness": {
        "kurt": 1.59159612656,
        "max": 9.32981395721,
        "mean": 3.09731435776,
        "median": 2.76289725304,
        "min": 1.18424963951,
        "skew": 1.27171087265,
        "var": 1.85989546776
    },
    "spectral_spread": {
        "kurt": 0.302573919296,
        "max": 6440554.5,
        "mean": 2900453.25,
        "median": 2766710.75,
        "min": 727167.25,
        "skew": 0.813264191151,
        "var": 1.35511749427e+12
    },
    "spectral_strongpeak": {
        "kurt": 16.5507984161,
        "max": 7.51447582245,
        "mean": 0.400342613459,
        "median": 0.0602130964398,
        "min": 1.5151667867e-06,
        "skew": 3.35554361343,
        "var": 0.558671474457
    },
    "zerocrossingrate": {
        "kurt": 10.7913408279,
        "max": 0.3857421875,
        "mean": 0.0558405071497,
        "median": 0.04150390625,
        "min": 0.021484375,
        "skew": 1.96055650711,
        "var": 0.0011248140363
    },
    "barkbands": {
        "kurt": [57.240234375, 39.2255516052, 91.6073226929, 71.2256622314, 9.76191616058, 68.0938873291, 27.0202293396, 114.756698608, 161.049987793, 56.7995223999, 307.79788208, 276.963531494, 24.5190258026, 78.0776519775, 265.185546875, 252.802947998, 92.9130859375, 61.7585144043, 55.7855148315, 53.0407447815, 77.1194763184, 69.9182510376, 116.763061523, 54.2250022888, 323.466705322, 363.493560791, 25.8738822937],
        "max": [2.51691858466e-08, 1.19679498312e-07, 2.46540230364e-06, 1.25612468764e-05, 3.03171527776e-05, 0.00144684442785, 0.0333378314972, 0.0805689543486, 0.0226388312876, 0.0269120763987, 0.0970903411508, 0.0186903234571, 0.00124071026221, 0.0023144481238, 0.00315306568518, 0.00230852211826, 0.000804282841273, 0.00124869833235, 0.000716338865459, 0.000299590494251, 9.46155851125e-05, 5.99729974056e-05, 2.91650321742e-05, 1.5571293261e-05, 9.17956822377e-06, 2.24857984676e-07, 3.98162924853e-09],
        "mean": [6.04622185651e-10, 6.15184880814e-09, 4.40252527767e-08, 2.57522344782e-07, 2.44958869189e-06, 3.15863071592e-05, 0.00133510190062, 0.00106668402441, 0.000333434290951, 0.000580264662858, 0.000664794817567, 0.00011258511222, 4.57768874185e-05, 4.25845537393e-05, 2.22819162445e-05, 1.29424270199e-05, 1.36935286719e-05, 2.63793244812e-05, 1.81377308763e-05, 7.70885162638e-06, 1.86895363186e-06, 1.25849692267e-06, 4.62844866433e-07, 3.23965736015e-07, 6.74263347378e-08, 1.60746915778e-09, 1.64295674288e-10],
        "median": [2.70295973104e-11, 2.52521870081e-09, 5.93687365935e-09, 1.96767473426e-08, 2.30098038401e-07, 5.47570834897e-07, 5.17913167641e-06, 3.71721648662e-06, 2.43723798121e-06, 1.95147822524e-06, 9.84197413345e-07, 3.45093440046e-07, 3.29580188918e-07, 3.76439203364e-07, 2.04910080015e-07, 9.97257814106e-08, 3.25748715113e-07, 3.17006140449e-07, 4.39393801344e-07, 1.90511258324e-07, 2.10095478792e-08, 1.17366951713e-08, 3.12071479769e-09, 1.65038716027e-09, 4.21669227313e-10, 1.44231926749e-11, 9.49497316709e-13],
        "min": [1.53041846735e-17, 1.29754817256e-15, 3.07018018457e-15, 2.10419585944e-15, 9.35284674754e-16, 7.89230995417e-16, 2.51651349871e-15, 5.5944721986e-15, 1.88971068475e-14, 7.75022407362e-14, 8.68074871967e-14, 4.58339895443e-14, 1.55962753563e-13, 3.91781672751e-14, 2.22369967221e-14, 4.54591842414e-14, 1.11191763262e-13, 1.58637697163e-13, 1.47864549381e-13, 1.8648977016e-14, 2.85960762448e-14, 1.78909723137e-14, 3.49486344609e-15, 1.08107100932e-15, 1.25601613545e-15, 4.75407763384e-17, 3.28229465003e-18],
        "skew": [6.46022367477, 5.42487764359, 8.87878704071, 7.57463741302, 2.9093477726, 7.16857767105, 4.6778421402, 9.21813297272, 10.3878669739, 6.74787902832, 16.517490387, 15.5382595062, 4.40209674835, 7.33558654785, 14.6115617752, 15.1260499954, 8.32589054108, 7.05798196793, 6.41235923767, 6.19374132156, 7.61138343811, 7.52102231979, 9.33039474487, 6.77763986588, 16.857088089, 17.8758544922, 4.80229663849],
        "var": [3.57668595529e-18, 1.41116562515e-16, 3.25342339603e-14, 8.62249887375e-13, 2.14394769299e-11, 1.1574086578e-08, 1.35910049721e-05, 2.29865745496e-05, 1.42331532516e-06, 4.77770890939e-06, 2.15114432649e-05, 7.96656706825e-07, 1.60599995525e-08, 2.32451373705e-08, 2.23341469763e-08, 1.36373081716e-08, 2.72976419247e-09, 1.00320418639e-08, 3.19875925747e-09, 5.78540826357e-10, 4.98520912051e-11, 2.25891475664e-11, 3.47300053299e-12, 1.74533239423e-12, 1.8312414573e-13, 9.97949072164e-17, 2.57420002494e-19],
        "cov": [[3.58117961397e-18, 5.35212491538e-18, 1.56034005097e-18, 3.55396859782e-17, 1.69253985878e-15, 3.06977818274e-14, 3.10129200966e-12, 3.93113276306e-12, 4.16194449781e-13, 4.88668513206e-13, 8.69394725482e-13, 1.79349387446e-13, 7.02144166919e-14, 7.64713813106e-14, 3.00543484956e-14, 9.89242155802e-15, 3.33366689288e-14, 5.61674594638e-14, 2.93771185492e-14, 9.25709771967e-15, 1.81598908749e-15, 1.37180638637e-15, 5.58003229855e-16, 2.77982104896e-16, 5.28893460315e-17, 1.59549946631e-18, 3.62265326081e-19], [5.35212491538e-18, 1.41293843864e-16, 9.19726161821e-16, 1.78725285948e-15, 6.07400338454e-15, 5.56280350017e-14, 2.89203860512e-12, 5.06764942509e-12, 1.06846280955e-12, 3.5284884823e-12, 1.29198596266e-11, 1.64906261389e-12, 2.40714810281e-13, 4.42252137689e-13, 2.51325571682e-13, 4.33478150293e-13, 7.92145957661e-14, 1.6142739001e-13, 9.96303462907e-14, 5.60867101189e-14, 1.30997490822e-14, 5.46257519267e-15, 3.06848823626e-15, 1.15146400004e-15, 6.9211443285e-16, 1.81861894612e-17, 1.02843117405e-18], [1.56034005097e-18, 9.19726161821e-16, 3.25751049941e-14, 5.37450096092e-14, 2.17214728192e-13, 6.88206761544e-13, -4.03185774697e-12, 7.39764803234e-13, 1.21999806091e-11, 6.9697053684e-11, 4.8449183554e-10, 3.38644320919e-11, 3.6284224323e-12, 3.21203502164e-12, 6.41272451807e-12, 1.16998338101e-11, 1.12931799329e-12, 1.84662029591e-12, 1.45371984849e-12, 5.54203655623e-13, 3.1481493302e-13, 7.23153362279e-14, 3.77194782841e-14, 1.56673058451e-14, 8.72120199679e-15, 2.31617771295e-16, 1.58236077761e-17], [3.55396859782e-17, 1.78725285948e-15, 5.37450096092e-14, 8.63333113766e-13, 1.735245953e-12, 1.4776822127e-11, -9.80340877921e-11, -9.27905252635e-11, 1.52256804387e-10, 1.22714768902e-10, 6.64084454094e-10, 1.29709340491e-10, 2.90683813825e-11, 6.0344823756e-12, 1.77645918809e-11, 2.43837987995e-11, 2.65724118056e-12, 1.44720650394e-12, 4.45409160943e-12, 1.50386799368e-12, 7.69567840442e-13, 6.3031871389e-13, 1.38407080935e-13, 1.25003658683e-13, 1.6828001869e-14, 2.54028648423e-16, 3.0853410023e-17], [1.69253985878e-15, 6.07400338454e-15, 2.17214728192e-13, 1.735245953e-12, 2.14664102466e-11, 1.66845523508e-10, 4.42035519299e-09, 3.61289886897e-09, 1.88375137711e-09, 4.96105601044e-09, 5.52358825345e-09, 6.32166818892e-10, 2.37240893597e-10, 2.35559599604e-10, 1.72737810167e-10, 1.23263135809e-10, 7.45567982352e-11, 1.41500866579e-10, 1.08337054605e-10, 3.43982689555e-11, 1.52075279453e-11, 1.07531336266e-11, 3.55134151253e-12, 2.91008384924e-12, 4.3352666834e-13, 8.4559417709e-15, 7.73472635648e-16], [3.06977818274e-14, 5.56280350017e-14, 6.88206761544e-13, 1.4776822127e-11, 1.66845523508e-10, 1.15886269469e-08, 1.18576707564e-07, 1.41616771643e-08, 1.67397775641e-08, 3.9419731479e-08, 1.15511760157e-08, 3.7697009958e-09, 2.71649702732e-09, 7.07388869703e-10, 2.9097693699e-10, 4.25577934005e-10, 3.63302415929e-10, 5.96390992147e-10, 8.76571204511e-10, 2.92255858403e-10, 8.49249073842e-11, 7.33340263515e-11, 2.67518698166e-11, 1.83792061431e-11, 2.17167928605e-12, 9.78724479933e-14, 7.73762479734e-15], [3.10129200966e-12, 2.89203860512e-12, -4.03185774697e-12, -9.80340877921e-11, 4.42035519299e-09, 1.18576707564e-07, 1.36080798256e-05, 7.65184722695e-06, 7.38940173051e-07, 1.11134477265e-06, 1.56800206241e-06, 6.10003354495e-08, 1.45199152257e-07, 1.2947060668e-07, 1.4134779569e-08, -2.74072327333e-11, 3.80562923397e-08, 1.04322019467e-07, 5.72359333262e-08, 2.46956606276e-08, 4.72231231896e-09, 2.94104540721e-09, 1.4122703007e-09, 6.98362756513e-10, 1.72490174921e-10, 5.05718860885e-12, 8.31793672568e-13], [3.93113276306e-12, 5.06764942509e-12, 7.39764803234e-13, -9.27905252635e-11, 3.61289886897e-09, 1.41616771643e-08, 7.65184722695e-06, 2.30154510064e-05, 7.85874362919e-07, 8.24061089588e-07, 2.98236750496e-06, 1.37224628816e-06, 2.26779903301e-07, 2.18999346657e-07, 1.94295154188e-07, 6.98284523537e-08, 9.35906356858e-08, 1.53766052335e-07, 8.0744200659e-08, 2.60284771514e-08, 4.35432001566e-09, 2.00793670579e-09, 1.11124331958e-09, 4.46188919145e-10, 7.91441356895e-11, 3.59042223036e-12, 1.12632266795e-12], [4.16194449781e-13, 1.06846280955e-12, 1.21999806091e-11, 1.52256804387e-10, 1.88375137711e-09, 1.67397775641e-08, 7.38940173051e-07, 7.85874362919e-07, 1.42510339174e-06, 1.22547112369e-06, 6.68240204504e-07, 2.26266365644e-07, 4.96151564278e-08, 3.91741039607e-08, 4.63966784991e-08, 1.69012039919e-08, 1.29413360028e-08, 1.57296575765e-08, 1.71087357614e-08, 7.32811855642e-09, 2.63136246126e-09, 1.67188374256e-09, 6.98591962056e-10, 5.96690530319e-10, 9.69162528008e-11, 1.89275071311e-12, 1.59051672657e-13], [4.88668513206e-13, 3.5284884823e-12, 6.9697053684e-11, 1.22714768902e-10, 4.96105601044e-09, 3.9419731479e-08, 1.11134477265e-06, 8.24061089588e-07, 1.22547112369e-06, 4.78371111967e-06, 4.10357733927e-06, 3.87428627846e-07, 1.19252348441e-07, 1.11202453468e-07, 1.15330060169e-07, 7.78874635898e-08, 3.38229320107e-08, 6.97265107874e-08, 5.10109039453e-08, 1.47324339395e-08, 7.88221576897e-09, 4.56338433708e-09, 1.79566117531e-09, 1.35455879846e-09, 1.86877832653e-10, 4.16334241388e-12, 3.69356590669e-13], [8.69394725482e-13, 1.29198596266e-11, 4.8449183554e-10, 6.64084454094e-10, 5.52358825345e-09, 1.15511760157e-08, 1.56800206241e-06, 2.98236750496e-06, 6.68240204504e-07, 4.10357733927e-06, 2.15384679905e-05, 1.48028550484e-06, 1.63186712143e-07, 1.71288291995e-07, 2.92139162639e-07, 4.0517906541e-07, 8.5958745899e-08, 1.24105028476e-07, 8.68292744372e-08, 2.22159268759e-08, 1.41576377288e-08, 3.5602887305e-09, 1.68595137851e-09, 6.50962062032e-10, 1.88603285767e-10, 5.53347775586e-12, 8.68927651186e-13], [1.79349387446e-13, 1.64906261389e-12, 3.38644320919e-11, 1.29709340491e-10, 6.32166818892e-10, 3.7697009958e-09, 6.10003354495e-08, 1.37224628816e-06, 2.26266365644e-07, 3.87428627846e-07, 1.48028550484e-06, 7.97657548901e-07, 1.87956903375e-08, 3.48696076458e-08, 1.17918929732e-07, 6.6653093711e-08, 2.38510260431e-08, 1.38295082053e-08, 8.22912493703e-09, 4.41418102071e-09, 1.87665594176e-09, 5.5519672193e-10, 2.6776289519e-10, 1.46017045677e-10, 2.46145551858e-11, 1.19091401237e-12, 7.41765115585e-14], [7.02144166919e-14, 2.40714810281e-13, 3.6284224323e-12, 2.90683813825e-11, 2.37240893597e-10, 2.71649702732e-09, 1.45199152257e-07, 2.26779903301e-07, 4.96151564278e-08, 1.19252348441e-07, 1.63186712143e-07, 1.87956903375e-08, 1.60801754134e-08, 1.00869179676e-08, 4.78767647749e-09, 3.73109054763e-09, 2.73783951066e-09, 6.38646246998e-09, 4.15381817831e-09, 1.37572442327e-09, 4.3255257709e-10, 2.80208051207e-10, 1.11365895672e-10, 7.0985141376e-11, 1.83589116132e-11, 3.96467933353e-13, 2.65930703294e-14], [7.64713813106e-14, 4.42252137689e-13, 3.21203502164e-12, 6.0344823756e-12, 2.35559599604e-10, 7.07388869703e-10, 1.2947060668e-07, 2.18999346657e-07, 3.91741039607e-08, 1.11202453468e-07, 1.71288291995e-07, 3.48696076458e-08, 1.00869179676e-08, 2.32743389006e-08, 7.79829711917e-09, 7.44388506391e-09, 3.72353348155e-09, 7.92972887353e-09, 4.68236294182e-09, 1.1818422907e-09, 4.79353445826e-10, 2.89177903845e-10, 1.05200258227e-10, 6.67004160237e-11, 2.0060243397e-11, 4.42232242579e-13, 2.8296290956e-14], [3.00543484956e-14, 2.51325571682e-13, 6.41272451807e-12, 1.77645918809e-11, 1.72737810167e-10, 2.9097693699e-10, 1.4134779569e-08, 1.94295154188e-07, 4.63966784991e-08, 1.15330060169e-07, 2.92139162639e-07, 1.17918929732e-07, 4.78767647749e-09, 7.79829711917e-09, 2.23622063089e-08, 1.14051958988e-08, 4.11736378325e-09, 3.78786468858e-09, 2.5421613703e-09, 9.96845939127e-10, 5.48228185071e-10, 2.46055315012e-10, 9.94772944574e-11, 5.97830673854e-11, 1.49093567353e-11, 3.81204128593e-13, 1.65833516488e-14], [9.89242155802e-15, 4.33478150293e-13, 1.16998338101e-11, 2.43837987995e-11, 1.23263135809e-10, 4.25577934005e-10, -2.74072327333e-11, 6.98284523537e-08, 1.69012039919e-08, 7.78874635898e-08, 4.0517906541e-07, 6.6653093711e-08, 3.73109054763e-09, 7.44388506391e-09, 1.14051958988e-08, 1.36544402451e-08, 2.07999439894e-09, 2.45524955922e-09, 1.7357266735e-09, 5.92430660085e-10, 3.46801920514e-10, 8.46320652448e-11, 4.40225009224e-11, 1.97934463958e-11, 7.43187716229e-12, 2.06902434096e-13, 1.35151010053e-14], [3.33366689288e-14, 7.92145957661e-14, 1.12931799329e-12, 2.65724118056e-12, 7.45567982352e-11, 3.63302415929e-10, 3.80562923397e-08, 9.35906356858e-08, 1.29413360028e-08, 3.38229320107e-08, 8.5958745899e-08, 2.38510260431e-08, 2.73783951066e-09, 3.72353348155e-09, 4.11736378325e-09, 2.07999439894e-09, 2.73319344934e-09, 3.38394823274e-09, 1.79457626537e-09, 3.73776870566e-10, 1.42768616374e-10, 7.95358431893e-11, 3.39440177355e-11, 1.83473305992e-11, 6.08202030405e-12, 1.54925063663e-13, 9.20460962902e-15], [5.61674594638e-14, 1.6142739001e-13, 1.84662029591e-12, 1.44720650394e-12, 1.41500866579e-10, 5.96390992147e-10, 1.04322019467e-07, 1.53766052335e-07, 1.57296575765e-08, 6.97265107874e-08, 1.24105028476e-07, 1.38295082053e-08, 6.38646246998e-09, 7.92972887353e-09, 3.78786468858e-09, 2.45524955922e-09, 3.38394823274e-09, 1.00446442275e-08, 3.91748944395e-09, 9.35925559276e-10, 3.33167771149e-10, 2.03230543505e-10, 8.69525978997e-11, 4.7539847059e-11, 2.04740634169e-11, 4.88252667463e-13, 2.23050744541e-14], [2.93771185492e-14, 9.96303462907e-14, 1.45371984849e-12, 4.45409160943e-12, 1.08337054605e-10, 8.76571204511e-10, 5.72359333262e-08, 8.0744200659e-08, 1.71087357614e-08, 5.10109039453e-08, 8.68292744372e-08, 8.22912493703e-09, 4.15381817831e-09, 4.68236294182e-09, 2.5421613703e-09, 1.7357266735e-09, 1.79457626537e-09, 3.91748944395e-09, 3.20277782073e-09, 8.16948564353e-10, 2.57527665859e-10, 1.53567464301e-10, 6.56142570832e-11, 4.05672509474e-11, 1.38589270268e-11, 3.17737318661e-13, 1.29173261375e-14], [9.25709771967e-15, 5.60867101189e-14, 5.54203655623e-13, 1.50386799368e-12, 3.43982689555e-11, 2.92255858403e-10, 2.46956606276e-08, 2.60284771514e-08, 7.32811855642e-09, 1.47324339395e-08, 2.22159268759e-08, 4.41418102071e-09, 1.37572442327e-09, 1.1818422907e-09, 9.96845939127e-10, 5.92430660085e-10, 3.73776870566e-10, 9.35925559276e-10, 8.16948564353e-10, 5.7926763386e-10, 1.0615328061e-10, 6.40345068637e-11, 2.76120931675e-11, 1.82179306363e-11, 5.52034069498e-12, 1.30036904638e-13, 4.64296620763e-15], [1.81598908749e-15, 1.30997490822e-14, 3.1481493302e-13, 7.69567840442e-13, 1.52075279453e-11, 8.49249073842e-11, 4.72231231896e-09, 4.35432001566e-09, 2.63136246126e-09, 7.88221576897e-09, 1.41576377288e-08, 1.87665594176e-09, 4.3255257709e-10, 4.79353445826e-10, 5.48228185071e-10, 3.46801920514e-10, 1.42768616374e-10, 3.33167771149e-10, 2.57527665859e-10, 1.0615328061e-10, 4.99147216615e-11, 2.83123316458e-11, 1.11739784092e-11, 6.91470795552e-12, 2.12713570716e-12, 4.82044180234e-14, 1.45296823635e-15], [1.37180638637e-15, 5.46257519267e-15, 7.23153362279e-14, 6.3031871389e-13, 1.07531336266e-11, 7.33340263515e-11, 2.94104540721e-09, 2.00793670579e-09, 1.67188374256e-09, 4.56338433708e-09, 3.5602887305e-09, 5.5519672193e-10, 2.80208051207e-10, 2.89177903845e-10, 2.46055315012e-10, 8.46320652448e-11, 7.95358431893e-11, 2.03230543505e-10, 1.53567464301e-10, 6.40345068637e-11, 2.83123316458e-11, 2.26175259077e-11, 7.72282498368e-12, 5.16556719274e-12, 1.51468301877e-12, 3.30964029511e-14, 9.11662090525e-16], [5.58003229855e-16, 3.06848823626e-15, 3.77194782841e-14, 1.38407080935e-13, 3.55134151253e-12, 2.67518698166e-11, 1.4122703007e-09, 1.11124331958e-09, 6.98591962056e-10, 1.79566117531e-09, 1.68595137851e-09, 2.6776289519e-10, 1.11365895672e-10, 1.05200258227e-10, 9.94772944574e-11, 4.40225009224e-11, 3.39440177355e-11, 8.69525978997e-11, 6.56142570832e-11, 2.76120931675e-11, 1.11739784092e-11, 7.72282498368e-12, 3.47736357938e-12, 2.07429429536e-12, 7.08768655745e-13, 1.60228597832e-14, 4.06773279238e-16], [2.77982104896e-16, 1.15146400004e-15, 1.56673058451e-14, 1.25003658683e-13, 2.91008384924e-12, 1.83792061431e-11, 6.98362756513e-10, 4.46188919145e-10, 5.96690530319e-10, 1.35455879846e-09, 6.50962062032e-10, 1.46017045677e-10, 7.0985141376e-11, 6.67004160237e-11, 5.97830673854e-11, 1.97934463958e-11, 1.83473305992e-11, 4.7539847059e-11, 4.05672509474e-11, 1.82179306363e-11, 6.91470795552e-12, 5.16556719274e-12, 2.07429429536e-12, 1.74752508471e-12, 4.03793724802e-13, 8.96107325713e-15, 2.14917643237e-16], [5.28893460315e-17, 6.9211443285e-16, 8.72120199679e-15, 1.6828001869e-14, 4.3352666834e-13, 2.17167928605e-12, 1.72490174921e-10, 7.91441356895e-11, 9.69162528008e-11, 1.86877832653e-10, 1.88603285767e-10, 2.46145551858e-11, 1.83589116132e-11, 2.0060243397e-11, 1.49093567353e-11, 7.43187716229e-12, 6.08202030405e-12, 2.04740634169e-11, 1.38589270268e-11, 5.52034069498e-12, 2.12713570716e-12, 1.51468301877e-12, 7.08768655745e-13, 4.03793724802e-13, 1.83354199879e-13, 4.16646951722e-15, 8.28784019452e-17], [1.59549946631e-18, 1.81861894612e-17, 2.31617771295e-16, 2.54028648423e-16, 8.4559417709e-15, 9.78724479933e-14, 5.05718860885e-12, 3.59042223036e-12, 1.89275071311e-12, 4.16334241388e-12, 5.53347775586e-12, 1.19091401237e-12, 3.96467933353e-13, 4.42232242579e-13, 3.81204128593e-13, 2.06902434096e-13, 1.54925063663e-13, 4.88252667463e-13, 3.17737318661e-13, 1.30036904638e-13, 4.82044180234e-14, 3.30964029511e-14, 1.60228597832e-14, 8.96107325713e-15, 4.16646951722e-15, 9.99202813275e-17, 2.05382721563e-18], [3.62265326081e-19, 1.02843117405e-18, 1.58236077761e-17, 3.0853410023e-17, 7.73472635648e-16, 7.73762479734e-15, 8.31793672568e-13, 1.12632266795e-12, 1.59051672657e-13, 3.69356590669e-13, 8.68927651186e-13, 7.41765115585e-14, 2.65930703294e-14, 2.8296290956e-14, 1.65833516488e-14, 1.35151010053e-14, 9.20460962902e-15, 2.23050744541e-14, 1.29173261375e-14, 4.64296620763e-15, 1.45296823635e-15, 9.11662090525e-16, 4.06773279238e-16, 2.14917643237e-16, 8.28784019452e-17, 2.05382721563e-18, 2.57743404264e-19]]
    },
    "mfcc": {
        "kurt": [-0.943343162537, -1.35570132732, -0.930279016495, -1.17787480354, -1.34136593342, -1.01157903671, -0.17240190506, -0.259032726288, -0.711225748062, -0.445855617523, 0.298057556152, -0.0960366725922, 1.69317483902],
        "max": [-665.688049316, 179.277526855, 43.7767982483, 23.706577301, 16.1889343262, 8.0863571167, 25.2297439575, 19.0721988678, 15.2411155701, 26.4906024933, 34.7039451599, 26.3461303711, 37.6131706238],
        "mean": [-970.707092285, 83.009262085, -36.0394439697, -26.1223678589, -41.3326683044, -40.2311134338, -15.3085069656, -6.54695034027, -12.8900413513, -1.5423386097, 3.68321180344, -1.87893784046, -2.07108926773],
        "median": [-1006.08978271, 88.0102005005, -31.5980033875, -25.2428970337, -37.9729270935, -36.3113136292, -16.31615448, -6.43487548828, -9.96627807617, -1.24212646484, 2.99224472046, -2.06123352051, -2.50973510742],
        "min": [-1138.42004395, -0.680438995361, -155.858917236, -83.2935409546, -117.137763977, -105.3984375, -55.94581604, -33.3056030273, -52.9697532654, -31.633430481, -29.4426460266, -32.2191123962, -30.9435539246],
        "skew": [0.554947435856, -0.0627149268985, -0.326320558786, -0.116991318762, -0.176389396191, -0.241544395685, 0.135902181268, -0.0315716899931, -0.447801470757, -0.0411554276943, 0.0776971578598, -0.0328615754843, 0.572570621967],
        "var": [16091.8808594, 2470.14550781, 1935.75036621, 469.033447266, 1279.79589844, 661.319030762, 172.803527832, 83.0152130127, 201.189300537, 113.869781494, 100.147850037, 82.2437820435, 87.2180938721],
        "cov": [[16112.0966797, 4646.7578125, -4389.28564453, -2088.67407227, -3689.37255859, -2173.98095703, -663.560546875, -288.66305542, -1215.61047363, -486.537841797, 74.9196777344, -3.42832422256, -1.95942020416], [4646.7578125, 2473.24853516, -729.057067871, -870.77734375, -1507.0637207, -1092.04052734, -335.911010742, -125.862091064, -510.156494141, -308.191436768, 101.316955566, 77.7512588501, 42.873916626], [-4389.28564453, -729.057067871, 1938.18212891, 432.269989014, 614.320495605, 369.477203369, 6.48045969009, 13.0484685898, 253.184341431, 11.8797283173, -21.342798233, 59.1878585815, 14.0025043488], [-2088.67407227, -870.77734375, 432.269989014, 469.622680664, 665.877685547, 417.785247803, 137.606826782, 35.0399398804, 192.622924805, 89.8628768921, -53.2082824707, -41.7032852173, -19.0372772217], [-3689.37255859, -1507.0637207, 614.320495605, 665.877685547, 1281.40368652, 790.997314453, 236.630477905, 93.9761047363, 373.651153564, 178.307098389, -82.3925857544, -103.859573364, -66.497428894], [-2173.98095703, -1092.04052734, 369.477203369, 417.785247803, 790.997314453, 662.149841309, 181.321746826, 40.7855148315, 277.076538086, 111.130592346, -108.170082092, -81.1771240234, -46.0956573486], [-663.560546875, -335.911010742, 6.48045969009, 137.606826782, 236.630477905, 181.321746826, 173.020614624, 56.2501182556, 68.7687759399, 46.7044334412, -34.7749481201, -30.8480739594, 7.9150891304], [-288.66305542, -125.862091064, 13.0484685898, 35.0399398804, 93.9761047363, 40.7855148315, 56.2501182556, 83.1195068359, 38.8793716431, 3.71828961372, 7.67072868347, -7.81580877304, -12.9732656479], [-1215.61047363, -510.156494141, 253.184341431, 192.622924805, 373.651153564, 277.076538086, 68.7687759399, 38.8793716431, 201.442047119, 82.9777679443, -47.7630500793, -30.169084549, -21.3856563568], [-486.537841797, -308.191436768, 11.8797283173, 89.8628768921, 178.307098389, 111.130592346, 46.7044334412, 3.71828961372, 82.9777679443, 114.012840271, 12.1293392181, -6.73461484909, 6.62241458893], [74.9196777344, 101.316955566, -21.342798233, -53.2082824707, -82.3925857544, -108.170082092, -34.7749481201, 7.67072868347, -47.7630500793, 12.1293392181, 100.273666382, 52.498588562, 4.89173269272], [-3.42832422256, 77.7512588501, 59.1878585815, -41.7032852173, -103.859573364, -81.1771240234, -30.8480739594, -7.81580877304, -30.169084549, -6.73461484909, 52.498588562, 82.3471069336, 45.9404335022], [-1.95942020416, 42.873916626, 14.0025043488, -19.0372772217, -66.497428894, -46.0956573486, 7.9150891304, -12.9732656479, -21.3856563568, 6.62241458893, 4.89173269272, 45.9404335022, 87.3276672363]]
    },
    "sccoeffs": {
        "kurt": [-0.791632652283, 0.51712846756, 0.400525569916, -0.506704330444, 1.0197057724, -0.635301351547],
        "max": [-0.455345839262, -0.238304704428, -0.465911000967, -0.590923011303, -0.628506422043, -0.749625146389],
        "mean": [-0.732644200325, -0.743083894253, -0.791620433331, -0.811554908752, -0.823445737362, -0.839516460896],
        "median": [-0.750629425049, -0.785275518894, -0.812426745892, -0.826448321342, -0.827964663506, -0.83974480629],
        "min": [-0.912791371346, -0.948741972446, -0.949705779552, -0.932834506035, -0.920114099979, -0.907774031162],
        "skew": [0.464698553085, 1.04882931709, 0.926872372627, 0.576730966568, 0.84047806263, 0.220627576113],
        "var": [0.00876833498478, 0.0186199005693, 0.00800220295787, 0.00467665866017, 0.00259961094707, 0.00080372573575],
        "cov": [[0.00877935066819, 0.00668805185705, 0.00486869132146, 0.00384084158577, 0.00199479004368, 0.00125990400556], [0.00668805185705, 0.0186432916671, 0.00858827587217, 0.00710884481668, 0.00375455827452, 0.00187063810881], [0.00486869132146, 0.00858827587217, 0.00801225658506, 0.00441061379388, 0.00265120854601, 0.00114232581109], [0.00384084158577, 0.00710884481668, 0.00441061379388, 0.00468253390864, 0.00232730270363, 0.00107069930527], [0.00199479004368, 0.00375455827452, 0.00265120854601, 0.00232730270363, 0.00260287662968, 0.000811694131698], [0.00125990400556, 0.00187063810881, 0.00114232581109, 0.00107069930527, 0.000811694131698, 0.000804735405836]]
    },
    "scvalleys": {
        "kurt": [15.6846561432, -0.441244840622, -1.01464128494, -0.346559286118, -0.418027639389, -0.575108766556],
        "max": [-9.3021440506, -5.06698226929, -4.34798192978, -5.49081897736, -6.31216812134, -8.38452911377],
        "mean": [-11.1471118927, -8.4041633606, -8.67566394806, -9.84731292725, -10.3609399796, -12.8829603195],
        "median": [-11.2175693512, -8.40274906158, -8.95316123962, -10.002705574, -10.5419359207, -13.3025016785],
        "min": [-18.8034439087, -18.4892044067, -16.8275413513, -17.2044200897, -17.7204170227, -19.6999340057],
        "skew": [-1.31346929073, -0.174713000655, 0.0741043537855, 0.171542346478, 0.170593798161, 0.478585004807],
        "var": [0.512055456638, 3.60043334961, 4.09975290298, 2.52249002457, 2.35849261284, 2.59849333763],
        "cov": [[0.512698769569, 0.951909959316, 0.998362720013, 0.684086382389, 0.673254013062, 0.763221025467], [0.951909959316, 3.60495662689, 3.50784635544, 2.08022499084, 2.10492157936, 2.43184661865], [0.998362720013, 3.50784635544, 4.10490322113, 2.78142046928, 2.76594495773, 2.98836708069], [0.684086382389, 2.08022499084, 2.78142046928, 2.52565908432, 2.34796333313, 2.37838220596], [0.673254013062, 2.10492157936, 2.76594495773, 2.34796333313, 2.36145567894, 2.34699320793], [0.763221025467, 2.43184661865, 2.98836708069, 2.37838220596, 2.34699320793, 2.60175776482]]
    }
},
"rhythm": {
    "beats_loudness": {
        "kurt": -0.745083093643,
        "max": 0.023986088112,
        "mean": 0.00669714063406,
        "median": 0.00344717875123,
        "min": 7.12837859851e-08,
        "skew": 0.745393037796,
        "var": 5.61167034903e-05
    },
    "bpm": 103.991569519,
    "confidence": 1.10140168667,
    "first_peak_bpm": {
        "kurt": 0,
        "max": 103,
        "mean": 103,
        "median": 103,
        "min": 103,
        "skew": 0,
        "var": 0
    },
    "first_peak_spread": {
        "kurt": 0,
        "max": 0.466666638851,
        "mean": 0.466666638851,
        "median": 0.466666638851,
        "min": 0.466666638851,
        "skew": 0,
        "var": 0
    },
    "first_peak_weight": {
        "kurt": 0,
        "max": 0.258064508438,
        "mean": 0.258064508438,
        "median": 0.258064508438,
        "min": 0.258064508438,
        "skew": 0,
        "var": 0
    },
    "onset_rate": 1.94895124435,
    "second_peak_bpm": {
        "kurt": 0,
        "max": 110,
        "mean": 110,
        "median": 110,
        "min": 110,
        "skew": 0,
        "var": 0
    },
    "second_peak_spread": {
        "kurt": 0,
        "max": 0.555555582047,
        "mean": 0.555555582047,
        "median": 0.555555582047,
        "min": 0.555555582047,
        "skew": 0,
        "var": 0
    },
    "second_peak_weight": {
        "kurt": 0,
        "max": 0.129032254219,
        "mean": 0.129032254219,
        "median": 0.129032254219,
        "min": 0.129032254219,
        "skew": 0,
        "var": 0
    },
    "beats_loudness_band_ratio": {
        "kurt": [19.7127094269, 16.9519634247, -0.997447013855, 0.0872662067413, 0.744421482086, 2.9209394455],
        "max": [0.0852726176381, 0.398846745491, 0.837695717812, 0.726567983627, 0.537040889263, 0.413383036852],
        "mean": [0.00597409531474, 0.0327508114278, 0.51594299078, 0.278267860413, 0.119311749935, 0.0636099129915],
        "median": [0.000142043994856, 0.00537609681487, 0.580583453178, 0.242768138647, 0.0304388869554, 0.00818116217852],
        "min": [3.23608014696e-06, 0.000485356285935, 0.0277049168944, 0.0269758328795, 0.00123510113917, 0.000706746301148],
        "skew": [4.38832616806, 4.05246114731, -0.584586620331, 0.819261610508, 1.53090703487, 2.02526211739],
        "var": [0.000233595696045, 0.00534428562969, 0.0681195184588, 0.0261328201741, 0.0296553485096, 0.0129562420771],
        "cov": [[0.000241131041548, 0.00104082154576, -0.000959664350376, -0.000800452311523, 0.000473028689157, 6.22301304247e-05], [0.00104082154576, 0.00551668182015, -0.00339027354494, -0.00353731145151, 0.000858122366481, -0.000117873431009], [-0.000959664350376, -0.00339027354494, 0.0703169256449, -0.00506518781185, -0.0367311052978, -0.0244228951633], [-0.000800452311523, -0.00353731145151, -0.00506518781185, 0.0269758142531, -0.0120416488498, -0.00591508951038], [0.000473028689157, 0.000858122366481, -0.0367311052978, -0.0120416488498, 0.0306119732559, 0.0171091277152], [6.22301304247e-05, -0.000117873431009, -0.0244228951633, -0.00591508951038, 0.0171091277152, 0.0133741851896]]
    },
    "beats_position": [0.557278871536, 1.06811785698, 1.59056687355, 2.11301589012, 2.61224484444, 3.11147379875, 3.63392281532, 4.1679816246, 4.74848079681, 5.35219955444, 5.92108821869, 6.5015873909, 7.08208608627, 7.65097475052, 8.19664382935, 8.77714252472, 9.34603118896, 9.93814086914, 10.4954195023, 11.0294780731, 11.6099767685, 12.1672563553, 12.7129249573, 13.2585935593, 13.7810430527, 14.3383216858, 14.9188203812, 15.5225391388, 16.0914287567, 16.637096405, 17.2175960541, 17.7980957031],
    "bpm_estimates": [103.359321594, 99.3840255737, 105.468788147, 103.359321594, 103.359405518, 105.468788147, 103.359405518, 105.468788147, 101.332580566, 107.666069031, 103.359405518, 107.665885925, 107.666069031, 103.359405518, 99.3840255737, 105.468612671, 103.359237671, 103.359237671],
    "bpm_intervals": [0.510838985443, 0.522449016571, 0.522449016571, 0.499228954315, 0.499228954315, 0.522449016571, 0.53405880928, 0.580499172211, 0.603718757629, 0.568888664246, 0.580499172211, 0.580498695374, 0.568888664246, 0.545669078827, 0.580498695374, 0.568888664246, 0.592109680176, 0.557278633118, 0.534058570862, 0.580498695374, 0.557279586792, 0.54566860199, 0.54566860199, 0.522449493408, 0.557278633118, 0.580498695374, 0.603718757629, 0.56888961792, 0.545667648315, 0.580499649048, 0.580499649048],
    "onset_times": [0.545668959618, 0.789478480816, 1.04489791393, 2.31038546562, 2.7863945961, 3.07664394379, 3.83129262924, 4.13315200806, 4.60916090012, 5.00390005112, 5.89786863327, 6.68734693527, 7.63936519623, 8.16181373596, 8.76553249359, 9.64789104462, 10.1819505692, 10.9946489334, 11.8886165619, 12.6084356308, 13.2353744507, 13.9087524414, 14.2454423904, 14.6750116348, 14.8839912415, 15.2555103302, 15.5109300613, 15.9288892746, 16.0682086945, 16.4165077209, 16.8228569031, 17.1363258362, 17.391746521, 17.7400455475, 18.1115646362, 18.3553733826],
    "histogram": [[0, 0, 0, 0, 0, 0, 0, 0, 0, 0, 0, 0, 0, 0, 0, 0, 0, 0, 0, 0, 0, 0, 0, 0, 0, 0, 0, 0, 0, 0, 0, 0, 0, 0, 0, 0, 0, 0, 0, 0, 0, 0, 0, 0, 0, 0, 0, 0, 0, 0, 0, 0, 0, 0, 0, 0, 0, 0, 0, 0, 0, 0, 0, 0, 0, 0, 0, 0, 0, 0, 0, 0, 0, 0, 0, 0, 0, 0, 0, 0, 0, 0, 0, 0, 0, 0, 0, 0, 0, 0, 0, 0, 0, 0, 0, 0, 0, 0, 0, 0.0645161271095, 0, 0.0322580635548, 0, 0.258064508438, 0, 0.129032254219, 0, 0, 0.0967741906643, 0, 0.129032254219, 0, 0.0645161271095, 0, 0, 0.129032254219, 0, 0.0322580635548, 0, 0, 0.0645161271095, 0, 0, 0, 0, 0, 0, 0, 0, 0, 0, 0, 0, 0, 0, 0, 0, 0, 0, 0, 0, 0, 0, 0, 0, 0, 0, 0, 0, 0, 0, 0, 0, 0, 0, 0, 0, 0, 0, 0, 0, 0, 0, 0, 0, 0, 0, 0, 0, 0, 0, 0, 0, 0, 0, 0, 0, 0, 0, 0, 0, 0, 0, 0, 0, 0, 0, 0, 0, 0, 0, 0, 0, 0, 0, 0, 0, 0, 0, 0, 0, 0, 0, 0, 0, 0, 0, 0, 0, 0, 0, 0, 0, 0, 0, 0, 0, 0, 0, 0, 0, 0, 0, 0, 0, 0, 0, 0, 0, 0, 0, 0, 0, 0, 0, 0, 0, 0, 0, 0, 0, 0, 0, 0, 0, 0, 0, 0, 0, 0]]
},
"sfx": {
    "inharmonicity": {
        "kurt": 2.68820476532,
        "max": 0.477377206087,
        "mean": 0.0695412233472,
        "median": 0.0294427163899,
        "min": 0,
        "skew": 1.7161898613,
        "var": 0.00825615227222
    },
    "oddtoevenharmonicenergyratio": {
        "kurt": 164.925765991,
        "max": 78.2150115967,
        "mean": 1.32902109623,
        "median": 0.319058805704,
        "min": 0,
        "skew": 11.3603525162,
        "var": 18.7159881592
    },
    "pitch_after_max_to_before_max_energy_ratio": 0.109493985772,
    "pitch_centroid": 409.245758057,
    "pitch_max_to_total": 0.925972402096,
    "pitch_min_to_total": 0.62233376503,
    "tristimulus": {
        "kurt": [-1.38865911961, -0.744425773621, 1.34688901901],
        "max": [1, 0.982871711254, 0.994258522987],
        "mean": [0.40856513381, 0.393556118011, 0.197879061103],
        "median": [0.387062102556, 0.355660766363, 0.112107135355],
        "min": [0, 0, 0],
        "skew": [0.197017028928, 0.465355813503, 1.43321335316],
        "var": [0.101211771369, 0.0613516904414, 0.0435633398592],
        "cov": [[0.101338915527, -0.0595747604966, -0.0417641364038], [-0.0595747604966, 0.0614287666976, -0.00185394857544], [-0.0417641364038, -0.00185394857544, 0.043618068099]]
    }
},
"tonal": {
    "chords_changes_rate": 0.107769422233,
    "chords_number_rate": 0.0275689214468,
    "chords_strength": {
        "kurt": -0.557603597641,
        "max": 0.683422148228,
        "mean": 0.417203873396,
        "median": 0.39119592309,
        "min": 0.237539574504,
        "skew": 0.565513730049,
        "var": 0.0107384286821
    },
    "key_strength": 0.427228331566,
    "tuning_diatonic_strength": 0.370668590069,
    "tuning_equal_tempered_deviation": 0.215728208423,
    "tuning_frequency": 432.940917969,
    "tuning_nontempered_energy_ratio": 0.87809419632,
    "hpcp": {
