{
"metadata": {
    "version": {
        "essentia": "2.1-beta3"
    }
},
"lowLevel": {
    "average_loudness": 0.964417755604,
    "barkbands_kurtosis": {
        "kurt": 127.852005005,
        "max": 962.038696289,
        "mean": 11.8689413071,
        "median": 0.94738483429,
        "min": -1.73724532127,
        "skew": 11.2308502197,
        "var": 6050.53369141
    },
    "barkbands_skewness": {
        "kurt": 33.8391647339,
        "max": 25.46833992,
        "mean": -0.0393924452364,
        "median": -0.00799385271966,
        "min": -8.26406097412,
        "skew": 4.03092384338,
        "var": 8.88742446899
    },
    "barkbands_spread": {
        "kurt": 3.76422262192,
        "max": 49.046875,
        "mean": 11.1369609833,
        "median": 9.86144161224,
        "min": 0.0863410159945,
        "skew": 1.4881953001,
        "var": 56.015750885
    },
    "dissonance": {
        "kurt": 30.4333190918,
        "max": 0.499999701977,
        "mean": 0.483654648066,
        "median": 0.495644271374,
        "min": 0.212617084384,
        "skew": -4.79440021515,
        "var": 0.00103812851012
    },
    "hfc": {
        "kurt": 9.40520954132,
        "max": 112.109939575,
        "mean": 8.87941455841,
        "median": 0.964406788349,
        "min": 1.17492929448e-12,
        "skew": 3.07965135574,
        "var": 371.458557129
    },
    "pitch": {
        "kurt": -1.45363605022,
        "max": 5582.19921875,
        "mean": 1784.68395996,
        "median": 788.054870605,
        "min": 139.115203857,
        "skew": 0.611643970013,
        "var": 2577905
    },
    "pitch_instantaneous_confidence": {
        "kurt": -0.0441286563873,
        "max": 0.99424546957,
        "mean": 0.478380948305,
        "median": 0.462944567204,
        "min": 0.128742158413,
        "skew": 0.549437344074,
        "var": 0.0326775088906
    },
    "pitch_salience": {
        "kurt": 6.37960243225,
        "max": 0.995003461838,
        "mean": 0.70245718956,
        "median": 0.734172165394,
        "min": 0.0126978922635,
        "skew": -1.91921699047,
        "var": 0.0153898140416
    },
    "silence_rate_20dB": {
        "kurt": 0,
        "max": 1,
        "mean": 1,
        "median": 1,
        "min": 1,
        "skew": 0,
        "var": 0
    },
    "silence_rate_30dB": {
        "kurt": 0,
        "max": 1,
        "mean": 1,
        "median": 1,
        "min": 1,
        "skew": 0,
        "var": 0
    },
    "silence_rate_60dB": {
        "kurt": -1.35818374157,
        "max": 1,
        "mean": 0.685920596123,
        "median": 1,
        "min": 0,
        "skew": -0.801128685474,
        "var": 0.215432822704
    },
    "spectral_centroid": {
        "kurt": -0.72940826416,
        "max": 5551.39013672,
        "mean": 2285.97900391,
        "median": 2024.16662598,
        "min": 845.473754883,
        "skew": 0.536799013615,
        "var": 1081005
    },
    "spectral_complexity": {
        "kurt": 2.3360490799,
        "max": 54,
        "mean": 8.54151630402,
        "median": 1,
        "min": 0,
        "skew": 1.81220066547,
        "var": 179.490020752
    },
    "spectral_crest": {
        "kurt": 1.17258167267,
        "max": 26.9593105316,
        "mean": 10.2649717331,
        "median": 9.23154640198,
        "min": 2.40798258781,
        "skew": 1.12108230591,
        "var": 23.4421424866
    },
    "spectral_decrease": {
        "kurt": 5.97425937653,
        "max": -3.63099737354e-23,
        "mean": -8.7935292381e-10,
        "median": -1.20302268147e-10,
        "min": -8.40150526926e-09,
        "skew": -2.49702358246,
        "var": 2.58661445497e-18
    },
    "spectral_energy": {
        "kurt": 6.62812614441,
        "max": 0.0418778955936,
        "mean": 0.00412427028641,
        "median": 0.000555302482098,
        "min": 2.43612340163e-16,
        "skew": 2.6203827858,
        "var": 6.05889472354e-05
    },
    "spectral_energyband_high": {
        "kurt": 23.7052135468,
        "max": 0.00867527816445,
        "mean": 0.000406726030633,
        "median": 3.09628121613e-05,
        "min": 1.49129626545e-16,
        "skew": 4.46707010269,
        "var": 1.17978834169e-06
    },
    "spectral_energyband_low": {
        "kurt": 27.0957927704,
        "max": 2.17880895548e-07,
        "mean": 1.06979305414e-08,
        "median": 2.33607533318e-09,
        "min": 5.33404962312e-20,
        "skew": 4.90793704987,
        "var": 7.03799940571e-16
    },
    "spectral_energyband_middle_high": {
        "kurt": 9.13097000122,
        "max": 0.0365322232246,
        "mean": 0.00304519990459,
        "median": 0.00026326830266,
        "min": 9.19346995463e-17,
        "skew": 2.97625303268,
        "var": 3.98305783165e-05
    },
    "spectral_energyband_middle_low": {
        "kurt": 4.94073200226,
        "max": 0.00715513946488,
        "mean": 0.000785025011282,
        "median": 6.28455527476e-05,
        "min": 3.2703919346e-18,
        "skew": 2.16892433167,
        "var": 1.6457752281e-06
    },
    "spectral_flatness_db": {
        "kurt": 2.59397554398,
        "max": 0.501180589199,
        "mean": 0.285863548517,
        "median": 0.287525564432,
        "min": 0.0493866987526,
        "skew": -0.725904047489,
        "var": 0.0051331021823
    },
    "spectral_flux": {
        "kurt": 1.99233055115,
        "max": 0.189143121243,
        "mean": 0.0333271250129,
        "median": 0.0184669774026,
        "min": 2.64168629656e-05,
        "skew": 1.60818779469,
        "var": 0.00147659808863
    },
    "spectral_kurtosis": {
        "kurt": 8.90466022491,
        "max": 32.8959732056,
        "mean": 6.22885704041,
        "median": 5.01668643951,
        "min": 0.197321653366,
        "skew": 2.46393823624,
        "var": 16.3526554108
    },
    "spectral_rms": {
        "kurt": 1.27776193619,
        "max": 0.00639190757647,
        "mean": 0.00133735523559,
        "median": 0.000736042507924,
        "min": 4.8751469528e-10,
        "skew": 1.41550052166,
        "var": 2.23515917241e-06
    },
    "spectral_rolloff": {
        "kurt": -0.924802064896,
        "max": 6718.359375,
        "mean": 3210.00097656,
        "median": 3552.97851562,
        "min": 753.662109375,
        "skew": -0.233387157321,
        "var": 1608889.375
    },
    "spectral_skewness": {
        "kurt": 1.641746521,
        "max": 3.57630133629,
        "mean": 1.38493013382,
        "median": 1.44962632656,
        "min": -1.30913388729,
        "skew": -0.0694333091378,
        "var": 0.392019480467
    },
    "spectral_spread": {
        "kurt": 69.5548553467,
        "max": 27118882,
        "mean": 3253343.25,
        "median": 2950374.25,
        "min": 1163511,
        "skew": 6.74440765381,
        "var": 4.08616121139e+12
    },
    "spectral_strongpeak": {
        "kurt": 13.0444011688,
        "max": 6.56535291672,
        "mean": 0.624615848064,
        "median": 0.2854347229,
        "min": 0,
        "skew": 3.09867715836,
        "var": 0.746590614319
    },
    "zerocrossingrate": {
        "kurt": 9.29298782349,
        "max": 0.49755859375,
        "mean": 0.112503878772,
        "median": 0.1015625,
        "min": 0.0234375,
        "skew": 1.73301565647,
        "var": 0.00274208933115
    },
    "barkbands": {
        "kurt": [15.9358272552, 19.8481292725, 19.9985046387, 44.5619621277, 68.8413238525, 47.5806617737, 74.4216690063, 65.2722015381, 7.95511722565, 12.879160881, 32.2398147583, 85.4003982544, 27.9548339844, 52.741607666, 171.745864868, 49.1044960022, 92.91431427, 65.54347229, 18.6795959473, 48.7162895203, 26.3554039001, 53.9219169617, 20.7048377991, 19.1008796692, 18.256401062, 17.6903362274, 12.9400043488],
        "max": [2.31372254689e-09, 1.30183961389e-08, 5.9529021712e-08, 5.02127818436e-07, 6.28698853689e-06, 6.45791442366e-05, 0.000293033110211, 0.00103932176717, 0.00564566766843, 0.00702334241942, 0.00301815383136, 0.0137117570266, 0.00457779318094, 0.00610445672646, 0.015577876009, 0.0104453116655, 0.0125062987208, 0.011826088652, 0.00788090564311, 0.0136589873582, 0.00386840244755, 0.00168684020173, 0.00018048963102, 3.74384726456e-05, 1.63802997122e-05, 6.74545162838e-07, 1.16097842451e-08],
        "mean": [1.45359488335e-10, 9.39960775881e-10, 3.61446939046e-09, 1.62481139654e-08, 1.7812101305e-07, 1.92635366147e-06, 6.25672419119e-06, 2.83282915916e-05, 0.000560201297048, 0.000458780181361, 0.000130871558213, 0.000332820141921, 0.000209528487176, 0.000187756377272, 0.000235369516304, 0.000331509159878, 0.000251774006756, 0.000299821840599, 0.000428572820965, 0.000431174063124, 0.00017203229072, 4.67405443487e-05, 8.19325214252e-06, 1.66182132944e-06, 7.22402489828e-07, 3.39055468146e-08, 7.33628935379e-10],
        "median": [1.18791539105e-11, 3.60706103875e-10, 8.64680438362e-10, 2.06702965855e-09, 1.82574613206e-08, 1.18788605619e-07, 2.7737459618e-07, 1.05271692519e-06, 3.80199708161e-05, 1.56140995387e-05, 1.18749067042e-05, 1.15511029435e-05, 5.86960413784e-06, 4.05752507504e-06, 4.8053266255e-06, 6.7248834057e-06, 6.32645878795e-06, 1.02509302451e-05, 2.11884416785e-05, 2.89034778689e-05, 1.05497483673e-05, 2.81779239231e-06, 4.04493192718e-07, 1.39878075789e-09, 5.91320770127e-10, 6.21406051615e-11, 1.74480551535e-11],
        "min": [4.86697239672e-22, 1.14675029076e-20, 2.32944497188e-20, 4.18115371968e-20, 2.16255863373e-19, 4.00662378031e-19, 5.85156043921e-19, 7.09869289394e-19, 1.04411079615e-18, 8.52251526341e-19, 4.87669655106e-19, 2.04645944036e-19, 6.45757880536e-19, 3.39774280055e-18, 1.03657360912e-17, 1.96125482766e-17, 2.18335381475e-17, 1.07531295875e-17, 6.15664781018e-18, 5.07820041593e-17, 6.65574468627e-17, 1.0425369196e-17, 9.59213196695e-18, 5.53834229642e-18, 1.46061401895e-17, 4.87475981105e-18, 3.15479075566e-18],
        "skew": [3.76325678825, 4.01361608505, 4.21619606018, 6.10454082489, 7.33417415619, 6.16184949875, 8.0733423233, 6.94225072861, 2.69944262505, 3.37587571144, 5.10789203644, 8.16730117798, 4.87547779083, 6.58869743347, 12.2259178162, 6.02485227585, 8.55888080597, 6.92687606812, 4.13254642487, 5.90832662582, 4.79615354538, 6.34217071533, 4.39372491837, 4.19011545181, 4.1092467308, 4.15492582321, 3.64774131775],
        "var": [1.17199989818e-19, 2.85667258815e-18, 6.53499219871e-17, 2.49045389481e-15, 2.88175624856e-13, 3.8041778061e-11, 6.57369825241e-10, 7.74043495966e-09, 1.07767198188e-06, 1.03798709006e-06, 1.10867638625e-07, 1.19299420476e-06, 3.14946930757e-07, 3.74565814809e-07, 1.07738401312e-06, 9.24397113522e-07, 9.59416524893e-07, 1.00261786429e-06, 1.35848517857e-06, 1.55075269959e-06, 2.41202656071e-07, 2.28225029986e-08, 6.0037352867e-10, 2.81427190579e-11, 5.10730433639e-12, 1.17499537999e-14, 4.27366544429e-18],
        "cov": [[1.17624630741e-19, 3.52210971584e-19, 1.47755136917e-18, 7.19037997118e-18, 6.32317771361e-17, 2.87279588512e-16, 6.55063305913e-16, 4.58878998032e-15, 1.20817188177e-13, 1.15178794779e-13, 3.36455445752e-14, 1.96779753408e-13, 5.5837824734e-14, 3.68474748055e-14, 4.72857227007e-14, 1.01656923439e-13, 6.64079658234e-14, 1.20221893421e-13, 2.02597216347e-13, 1.76275118634e-13, 7.58506958957e-14, 1.88050496128e-14, 3.8865598565e-15, 8.9794375667e-16, 3.73924415101e-16, 1.84574252927e-17, 3.39170856968e-19], [3.52210971584e-19, 2.86702268556e-18, 9.84723446786e-18, 6.13835313929e-17, 5.26280310733e-16, 3.82447742366e-15, 1.94706938425e-14, 5.41021288642e-14, 7.7730709239e-13, 6.5602043112e-13, 2.69639210048e-13, 1.10978218802e-12, 6.80165125611e-13, 2.40106356022e-13, 3.68778575385e-13, 5.27553640963e-13, 4.40062699822e-13, 8.60105389688e-13, 1.34337246188e-12, 1.37007180774e-12, 6.3449104911e-13, 1.34202517805e-13, 3.11657980239e-14, 6.96111835438e-15, 3.07537482588e-15, 1.37459471296e-16, 2.67425920395e-18], [1.47755136917e-18, 9.84723446786e-18, 6.55867007831e-17, 3.23176474239e-16, 1.75366281504e-15, 1.50688245519e-14, 7.85346858075e-14, 3.2631086418e-13, 4.31440170048e-12, 2.13169325941e-12, 1.30824799778e-12, 4.51533602175e-12, 2.40728530859e-12, 1.2965814403e-12, 1.65835888858e-12, 2.26328352761e-12, 2.29188239567e-12, 4.00231540618e-12, 6.62259006315e-12, 6.43786239596e-12, 2.90436836907e-12, 7.11089227865e-13, 1.43553829306e-13, 3.23750730814e-14, 1.43198373623e-14, 6.57388623111e-16, 1.22837396299e-17], [7.19037997118e-18, 6.13835313929e-17, 3.23176474239e-16, 2.4994773368e-15, 1.19833672811e-14, 6.44263288552e-14, 6.25964774806e-13, 1.58152863635e-12, 2.27664640612e-11, 1.07925283294e-11, 7.42832618333e-12, 2.45292432199e-11, 1.80687773771e-11, 6.07136172934e-12, 1.25819450345e-11, 1.42518731192e-11, 1.36107305981e-11, 2.41187902983e-11, 3.70490339796e-11, 2.72630286402e-11, 1.6232477168e-11, 3.95897464117e-12, 9.10832065153e-13, 1.92659107526e-13, 8.44999864893e-14, 3.84646385788e-15, 7.09707333634e-17], [6.32317771361e-17, 5.26280310733e-16, 1.75366281504e-15, 1.19833672811e-14, 2.89219738653e-13, 2.16953690256e-12, 5.44845505518e-12, 1.3197504721e-11, 2.18215959191e-10, 2.72199318641e-10, 7.92174797981e-11, 2.06569025774e-10, 1.36319483479e-10, 6.17195530794e-11, 9.51720924292e-11, 1.33381236611e-10, 1.80331721777e-10, 2.59680582593e-10, 3.95004445819e-10, 3.66862429324e-10, 1.6060970609e-10, 3.80096822072e-11, 9.55156093108e-12, 1.90558875103e-12, 8.22905816839e-13, 4.32013230528e-14, 8.08006010089e-16], [2.87279588512e-16, 3.82447742366e-15, 1.50688245519e-14, 6.44263288552e-14, 2.16953690256e-12, 3.81796122495e-11, 7.72005515071e-11, 1.53107873602e-10, 1.8807346791e-09, 2.58879118142e-09, 1.08560538337e-09, 1.73085157318e-09, 1.06689357349e-09, 4.18966861204e-10, 2.84478246515e-10, 4.22735124683e-10, 8.09427191939e-10, 1.76848136135e-09, 3.07545766631e-09, 3.24072613189e-09, 1.2634346902e-09, 2.60751586989e-10, 6.53527509886e-11, 1.40560011547e-11, 6.37976130258e-12, 3.26161406911e-13, 6.27753650792e-15], [6.55063305913e-16, 1.94706938425e-14, 7.85346858075e-14, 6.25964774806e-13, 5.44845505518e-12, 7.72005515071e-11, 6.59751586696e-10, 1.00270058923e-09, 4.02201383309e-09, 6.49853459933e-09, 5.73061331721e-09, 6.1360094783e-09, 7.50860085219e-09, 3.13920112127e-09, 1.95819338522e-09, 1.53311030537e-09, 3.14891956954e-09, 6.60662058394e-09, 1.55930823809e-08, 1.06225250818e-08, 4.5585184516e-09, 1.29322808018e-09, 3.38700234526e-10, 5.94257282271e-11, 3.07687382517e-11, 1.11777189067e-12, 2.45302367828e-14], [4.58878998032e-15, 5.41021288642e-14, 3.2631086418e-13, 1.58152863635e-12, 1.3197504721e-11, 1.53107873602e-10, 1.00270058923e-09, 7.76848008144e-09, 1.73198078102e-08, 1.32695312516e-08, 1.06069144579e-08, 2.11616040247e-08, 1.74386300955e-08, 1.13184857042e-08, 7.04657887596e-09, 6.12972783642e-09, 1.21566374744e-08, 1.81986372638e-08, 3.32183276441e-08, 4.16890841848e-08, 1.6012755566e-08, 3.79846909482e-09, 8.34576130426e-10, 1.76830883269e-10, 7.94775842361e-11, 3.36647680219e-12, 6.63070604825e-14], [1.20817188177e-13, 7.7730709239e-13, 4.31440170048e-12, 2.27664640612e-11, 2.18215959191e-10, 1.8807346791e-09, 4.02201383309e-09, 1.73198078102e-08, 1.08157655632e-06, 2.7990296303e-07, 9.90372299725e-08, 2.18231150484e-07, 1.79748724349e-07, 1.07834281948e-07, 1.48708849679e-07, 3.41801381865e-07, 2.67228671191e-07, 3.028562503e-07, 5.18731724242e-07, 5.71067971578e-07, 1.97182387751e-07, 4.51651764877e-08, 1.00335473263e-08, 1.915913872e-09, 8.70068961323e-10, 4.57619636629e-11, 9.16118851786e-13], [1.15178794779e-13, 6.5602043112e-13, 2.13169325941e-12, 1.07925283294e-11, 2.72199318641e-10, 2.58879118142e-09, 6.49853459933e-09, 1.32695312516e-08, 2.7990296303e-07, 1.04174785065e-06, 1.6365336819e-07, 3.26046205146e-07, 1.59002908617e-07, 1.36532946726e-07, 1.11173825701e-07, 2.28781971146e-07, 2.60589303025e-07, 4.39591957502e-07, 4.43754487378e-07, 4.07946316727e-07, 2.08135304547e-07, 4.50561969956e-08, 9.22866671971e-09, 2.18460138868e-09, 9.84748838029e-10, 4.65557314921e-11, 8.99191528528e-13], [3.36455445752e-14, 2.69639210048e-13, 1.30824799778e-12, 7.42832618333e-12, 7.92174797981e-11, 1.08560538337e-09, 5.73061331721e-09, 1.06069144579e-08, 9.90372299725e-08, 1.6365336819e-07, 1.11269336855e-07, 1.23971375388e-07, 9.63498720807e-08, 2.88669763648e-08, 3.40234151963e-08, 5.73415270821e-08, 5.73178198238e-08, 1.06142572065e-07, 2.04809708748e-07, 1.74872454295e-07, 7.7504942908e-08, 2.02475565203e-08, 3.75843400846e-09, 9.4268315376e-10, 4.50056381052e-10, 1.77996055395e-11, 3.68779009066e-13], [1.96779753408e-13, 1.10978218802e-12, 4.51533602175e-12, 2.45292432199e-11, 2.06569025774e-10, 1.73085157318e-09, 6.1360094783e-09, 2.11616040247e-08, 2.18231150484e-07, 3.26046205146e-07, 1.23971375388e-07, 1.19731657833e-06, 2.92338739882e-07, 9.90539490431e-08, 1.60048301723e-07, 1.52207448423e-07, 1.42989264873e-07, 3.76873430241e-07, 7.95853338786e-07, 6.4349768536e-07, 3.30580178343e-07, 7.31981870672e-08, 1.57334181239e-08, 4.18832613036e-09, 1.65533453611e-09, 7.81702619301e-11, 1.38877516258e-12], [5.5837824734e-14, 6.80165125611e-13, 2.40728530859e-12, 1.80687773771e-11, 1.36319483479e-10, 1.06689357349e-09, 7.50860085219e-09, 1.74386300955e-08, 1.79748724349e-07, 1.59002908617e-07, 9.63498720807e-08, 2.92338739882e-07, 3.16088062391e-07, 8.73070931107e-08, 1.35805308332e-07, 1.96107365014e-07, 1.29355896661e-07, 2.68863487918e-07, 3.82853670544e-07, 3.11096783889e-07, 1.5833639111e-07, 3.53834863631e-08, 8.35255509202e-09, 1.97950100755e-09, 8.70793714913e-10, 3.81827867935e-11, 7.77653657615e-13], [3.68474748055e-14, 2.40106356022e-13, 1.2965814403e-12, 6.07136172934e-12, 6.17195530794e-11, 4.18966861204e-10, 3.13920112127e-09, 1.13184857042e-08, 1.07834281948e-07, 1.36532946726e-07, 2.88669763648e-08, 9.90539490431e-08, 8.73070931107e-08, 3.75922951434e-07, 3.41409815974e-07, 3.89093315789e-07, 4.01056695409e-07, 4.70583586321e-07, 3.61470313237e-07, 2.02763118295e-07, 8.03416213557e-08, 3.24956062059e-08, 5.33817967607e-09, 1.33851607576e-09, 5.62370039425e-10, 2.59131275465e-11, 5.47759700011e-13], [4.72857227007e-14, 3.68778575385e-13, 1.65835888858e-12, 1.25819450345e-11, 9.51720924292e-11, 2.84478246515e-10, 1.95819338522e-09, 7.04657887596e-09, 1.48708849679e-07, 1.11173825701e-07, 3.40234151963e-08, 1.60048301723e-07, 1.35805308332e-07, 3.41409815974e-07, 1.08128756438e-06, 5.51345067379e-07, 3.39291460705e-07, 3.60219786444e-07, 3.54774840616e-07, 1.98701442855e-07, 1.24062495388e-07, 3.11360963678e-08, 6.97314872511e-09, 2.14218776051e-09, 7.12759407051e-10, 3.14025992709e-11, 7.67808668208e-13], [1.01656923439e-13, 5.27553640963e-13, 2.26328352761e-12, 1.42518731192e-11, 1.33381236611e-10, 4.22735124683e-10, 1.53311030537e-09, 6.12972783642e-09, 3.41801381865e-07, 2.28781971146e-07, 5.73415270821e-08, 1.52207448423e-07, 1.96107365014e-07, 3.89093315789e-07, 5.51345067379e-07, 9.27746384605e-07, 6.00795317496e-07, 4.68753370342e-07, 4.00958867885e-07, 3.22041699974e-07, 1.35025359782e-07, 3.54677851533e-08, 7.4325052779e-09, 2.01675343092e-09, 8.4738183137e-10, 3.48059775446e-11, 8.17154503785e-13], [6.64079658234e-14, 4.40062699822e-13, 2.29188239567e-12, 1.36107305981e-11, 1.80331721777e-10, 8.09427191939e-10, 3.14891956954e-09, 1.21566374744e-08, 2.67228671191e-07, 2.60589303025e-07, 5.73178198238e-08, 1.42989264873e-07, 1.29355896661e-07, 4.01056695409e-07, 3.39291460705e-07, 6.00795317496e-07, 9.62892613643e-07, 6.19284776349e-07, 5.37133416856e-07, 4.34145476902e-07, 1.71067227939e-07, 5.2041379206e-08, 9.45119627005e-09, 2.28088814502e-09, 9.72895319862e-10, 4.81886579251e-11, 1.01145296565e-12], [1.20221893421e-13, 8.60105389688e-13, 4.00231540618e-12, 2.41187902983e-11, 2.59680582593e-10, 1.76848136135e-09, 6.60662058394e-09, 1.81986372638e-08, 3.028562503e-07, 4.39591957502e-07, 1.06142572065e-07, 3.76873430241e-07, 2.68863487918e-07, 4.70583586321e-07, 3.60219786444e-07, 4.68753370342e-07, 6.19284776349e-07, 1.00625049981e-06, 8.97245683973e-07, 6.15875023868e-07, 2.88563654749e-07, 8.68338929649e-08, 1.57886912433e-08, 3.71413944045e-09, 1.57834167958e-09, 8.10307168586e-11, 1.49542173349e-12], [2.02597216347e-13, 1.34337246188e-12, 6.62259006315e-12, 3.70490339796e-11, 3.95004445819e-10, 3.07545766631e-09, 1.55930823809e-08, 3.32183276441e-08, 5.18731724242e-07, 4.43754487378e-07, 2.04809708748e-07, 7.95853338786e-07, 3.82853670544e-07, 3.61470313237e-07, 3.54774840616e-07, 4.00958867885e-07, 5.37133416856e-07, 8.97245683973e-07, 1.36340725021e-06, 1.08817346245e-06, 4.46598761528e-07, 1.2228066737e-07, 2.53996343957e-08, 5.48067990991e-09, 2.33562280627e-09, 1.15479695251e-10, 2.15959303392e-12], [1.76275118634e-13, 1.37007180774e-12, 6.43786239596e-12, 2.72630286402e-11, 3.66862429324e-10, 3.24072613189e-09, 1.06225250818e-08, 4.16890841848e-08, 5.71067971578e-07, 4.07946316727e-07, 1.74872454295e-07, 6.4349768536e-07, 3.11096783889e-07, 2.02763118295e-07, 1.98701442855e-07, 3.22041699974e-07, 4.34145476902e-07, 6.15875023868e-07, 1.08817346245e-06, 1.55637144417e-06, 5.41914801033e-07, 1.06526044874e-07, 2.16881481663e-08, 4.8958570531e-09, 2.17044160422e-09, 1.00033918649e-10, 2.03018027736e-12], [7.58506958957e-14, 6.3449104911e-13, 2.90436836907e-12, 1.6232477168e-11, 1.6060970609e-10, 1.2634346902e-09, 4.5585184516e-09, 1.6012755566e-08, 1.97182387751e-07, 2.08135304547e-07, 7.7504942908e-08, 3.30580178343e-07, 1.5833639111e-07, 8.03416213557e-08, 1.24062495388e-07, 1.35025359782e-07, 1.71067227939e-07, 2.88563654749e-07, 4.46598761528e-07, 5.41914801033e-07, 2.42076566792e-07, 4.81441340128e-08, 1.00069046383e-08, 2.3403710081e-09, 1.01166641731e-09, 4.62539867518e-11, 8.87810278852e-13], [1.88050496128e-14, 1.34202517805e-13, 7.11089227865e-13, 3.95897464117e-12, 3.80096822072e-11, 2.60751586989e-10, 1.29322808018e-09, 3.79846909482e-09, 4.51651764877e-08, 4.50561969956e-08, 2.02475565203e-08, 7.31981870672e-08, 3.53834863631e-08, 3.24956062059e-08, 3.11360963678e-08, 3.54677851533e-08, 5.2041379206e-08, 8.68338929649e-08, 1.2228066737e-07, 1.06526044874e-07, 4.81441340128e-08, 2.29051924094e-08, 3.01838776195e-09, 5.51886258915e-10, 2.37584202312e-10, 1.13786350134e-11, 2.0838032363e-13], [3.8865598565e-15, 3.11657980239e-14, 1.43553829306e-13, 9.10832065153e-13, 9.55156093108e-12, 6.53527509886e-11, 3.38700234526e-10, 8.34576130426e-10, 1.00335473263e-08, 9.22866671971e-09, 3.75843400846e-09, 1.57334181239e-08, 8.35255509202e-09, 5.33817967607e-09, 6.97314872511e-09, 7.4325052779e-09, 9.45119627005e-09, 1.57886912433e-08, 2.53996343957e-08, 2.16881481663e-08, 1.00069046383e-08, 3.01838776195e-09, 6.02548788642e-10, 1.17383533449e-10, 5.01195161762e-11, 2.43841969186e-12, 4.48780993108e-14], [8.9794375667e-16, 6.96111835438e-15, 3.23750730814e-14, 1.92659107526e-13, 1.90558875103e-12, 1.40560011547e-11, 5.94257282271e-11, 1.76830883269e-10, 1.915913872e-09, 2.18460138868e-09, 9.4268315376e-10, 4.18832613036e-09, 1.97950100755e-09, 1.33851607576e-09, 2.14218776051e-09, 2.01675343092e-09, 2.28088814502e-09, 3.71413944045e-09, 5.48067990991e-09, 4.8958570531e-09, 2.3403710081e-09, 5.51886258915e-10, 1.17383533449e-10, 2.82446843691e-11, 1.17550275069e-11, 5.57701183412e-13, 1.04814279407e-14], [3.73924415101e-16, 3.07537482588e-15, 1.43198373623e-14, 8.44999864893e-14, 8.22905816839e-13, 6.37976130258e-12, 3.07687382517e-11, 7.94775842361e-11, 8.70068961323e-10, 9.84748838029e-10, 4.50056381052e-10, 1.65533453611e-09, 8.70793714913e-10, 5.62370039425e-10, 7.12759407051e-10, 8.4738183137e-10, 9.72895319862e-10, 1.57834167958e-09, 2.33562280627e-09, 2.17044160422e-09, 1.01166641731e-09, 2.37584202312e-10, 5.01195161762e-11, 1.17550275069e-11, 5.12580906539e-12, 2.32555565517e-13, 4.46617603198e-15], [1.84574252927e-17, 1.37459471296e-16, 6.57388623111e-16, 3.84646385788e-15, 4.32013230528e-14, 3.26161406911e-13, 1.11777189067e-12, 3.36647680219e-12, 4.57619636629e-11, 4.65557314921e-11, 1.77996055395e-11, 7.81702619301e-11, 3.81827867935e-11, 2.59131275465e-11, 3.14025992709e-11, 3.48059775446e-11, 4.81886579251e-11, 8.10307168586e-11, 1.15479695251e-10, 1.00033918649e-10, 4.62539867518e-11, 1.13786350134e-11, 2.43841969186e-12, 5.57701183412e-13, 2.32555565517e-13, 1.17925256758e-14, 2.16219109361e-16], [3.39170856968e-19, 2.67425920395e-18, 1.22837396299e-17, 7.09707333634e-17, 8.08006010089e-16, 6.27753650792e-15, 2.45302367828e-14, 6.63070604825e-14, 9.16118851786e-13, 8.99191528528e-13, 3.68779009066e-13, 1.38877516258e-12, 7.77653657615e-13, 5.47759700011e-13, 7.67808668208e-13, 8.17154503785e-13, 1.01145296565e-12, 1.49542173349e-12, 2.15959303392e-12, 2.03018027736e-12, 8.87810278852e-13, 2.0838032363e-13, 4.48780993108e-14, 1.04814279407e-14, 4.46617603198e-15, 2.16219109361e-16, 4.28914985177e-18]]
    },
    "mfcc": {
        "kurt": [-0.726680755615, -0.941106557846, -0.0769352912903, -0.695803165436, -0.466700792313, -0.384504318237, -0.284772157669, 0.0517621040344, -0.127677440643, 0.086790561676, 0.236047744751, -0.432664394379, 1.06098651886],
        "max": [-612.77130127, 77.7171707153, 0.114898681641, 84.364112854, 0.431594848633, 21.7614822388, 36.0510025024, 31.2881565094, 39.2660865784, 32.651473999, 23.365688324, 17.3454875946, 24.69921875],
        "mean": [-885.87097168, 19.5694503784, -115.714950562, -10.1355047226, -60.8255882263, -17.8053131104, 2.51146030426, -1.3264400959, 9.18404102325, 2.77976083755, -0.754641056061, -7.52838802338, -0.381766796112],
        "median": [-902.001647949, 18.6330451965, -124.04234314, -21.8491020203, -62.8682479858, -16.5371932983, 1.36130905151, -0.882652282715, 8.82144165039, 2.35572052002, -0.119594573975, -6.84809875488, -3.81469726562e-05],
        "min": [-1138.42004395, -50.575843811, -223.805709839, -62.2500991821, -126.042800903, -51.9182853699, -47.888168335, -31.819229126, -27.1288661957, -25.9365158081, -29.6232509613, -35.8108177185, -38.0119400024],
        "skew": [0.131852626801, -0.118358977139, 0.57689088583, 0.62972009182, 0.201276510954, -0.118109509349, 0.00195378414355, 0.231256067753, 0.0887898802757, -0.155160993338, -0.221309289336, -0.242413014174, -0.279514968395],
        "var": [16714.5097656, 941.14642334, 2233.73291016, 1080.01733398, 823.249206543, 176.126068115, 202.469772339, 129.371017456, 142.979629517, 107.307182312, 85.8668746948, 86.3793792725, 80.3736953735],
        "cov": [[16775.0683594, 617.705871582, -5105.98193359, -1637.88708496, -2540.12402344, -648.091918945, -1095.83825684, -65.3981018066, -122.535369873, 73.1290817261, -40.6560935974, -504.189941406, -378.569396973], [617.705871582, 944.556396484, -275.269958496, -810.237182617, -404.380004883, -64.2390441895, -93.6221389771, 77.5145339966, 83.4084777832, 82.7574081421, 3.86301589012, -40.3693504333, 15.7443618774], [-5105.98193359, -275.269958496, 2241.82617188, 482.458496094, 672.995605469, 91.5233001709, 296.025299072, -28.8032341003, -140.025054932, -158.970489502, -48.1367454529, 235.286010742, 163.616104126], [-1637.88708496, -810.237182617, 482.458496094, 1083.93041992, 359.865386963, 8.76069736481, 129.014572144, -163.355865479, -85.2689743042, -81.1984863281, 43.991104126, 93.2610321045, 66.9935379028], [-2540.12402344, -404.380004883, 672.995605469, 359.865386963, 826.231994629, 144.698852539, 137.561553955, 28.7192497253, 21.7428321838, 11.789349556, -25.4909858704, 40.4500579834, -40.9826126099], [-648.091918945, -64.2390441895, 91.5233001709, 8.76069736481, 144.698852539, 176.764205933, 39.5582847595, 21.2156257629, 32.5074958801, 13.5167455673, 16.003780365, -19.0764122009, -2.46525502205], [-1095.83825684, -93.6221389771, 296.025299072, 129.014572144, 137.561553955, 39.5582847595, 203.203369141, 10.1770734787, -2.2976129055, -9.60154342651, -22.9241161346, 55.3565750122, 31.0864620209], [-65.3981018066, 77.5145339966, -28.8032341003, -163.355865479, 28.7192497253, 21.2156257629, 10.1770734787, 129.839752197, 67.571647644, 4.64497423172, -35.3951148987, -42.6515731812, -17.2150363922], [-122.535369873, 83.4084777832, -140.025054932, -85.2689743042, 21.7428321838, 32.5074958801, -2.2976129055, 67.571647644, 143.497665405, 63.0639228821, -10.9958906174, -43.3744621277, -28.7317428589], [73.1290817261, 82.7574081421, -158.970489502, -81.1984863281, 11.789349556, 13.5167455673, -9.60154342651, 4.64497423172, 63.0639228821, 107.695976257, 28.4084033966, -36.1761703491, -29.6833457947], [-40.6560935974, 3.86301589012, -48.1367454529, 43.991104126, -25.4909858704, 16.003780365, -22.9241161346, -35.3951148987, -10.9958906174, 28.4084033966, 86.177986145, 8.3650560379, 2.48798632622], [-504.189941406, -40.3693504333, 235.286010742, 93.2610321045, 40.4500579834, -19.0764122009, 55.3565750122, -42.6515731812, -43.3744621277, -36.1761703491, 8.3650560379, 86.6923446655, 36.6644668579], [-378.569396973, 15.7443618774, 163.616104126, 66.9935379028, -40.9826126099, -2.46525502205, 31.0864620209, -17.2150363922, -28.7317428589, -29.6833457947, 2.48798632622, 36.6644668579, 80.6649017334]]
    },
    "sccoeffs": {
        "kurt": [0.664329528809, -0.829704284668, -0.135602712631, -0.293157815933, 0.914210557938, 1.18869924545],
        "max": [-0.550877153873, -0.547561228275, -0.524093866348, -0.604885041714, -0.662167787552, -0.363972872496],
        "mean": [-0.785059690475, -0.779343307018, -0.802062273026, -0.813499510288, -0.827208697796, -0.671829223633],
        "median": [-0.790124177933, -0.80375534296, -0.820997953415, -0.819568276405, -0.834001004696, -0.673760533333],
        "min": [-0.941808640957, -0.987214148045, -0.970362603664, -0.950978696346, -0.975940227509, -0.9371342659],
        "skew": [0.37718167901, 0.37932613492, 0.657640278339, 0.461775779724, 0.677362382412, -0.291477560997],
        "var": [0.00343346828595, 0.00918018817902, 0.00740612018853, 0.00455284956843, 0.00273569626734, 0.00747990887612],
        "cov": [[0.00344590842724, 0.00205680867657, 0.00205797003582, 0.00176140153781, 0.00112081388943, 0.000657240976579], [0.00205680867657, 0.00921344943345, 0.00363130844198, 0.0037574605085, 0.000992218730971, 0.00104692287277], [0.00205797003582, 0.00363130844198, 0.00743295392022, 0.00367463892326, 0.00148061243817, -0.000862419314217], [0.00176140153781, 0.0037574605085, 0.00367463892326, 0.00456934515387, 0.00172000890598, 0.000766486045904], [0.00112081388943, 0.000992218730971, 0.00148061243817, 0.00172000890598, 0.0027456083335, 0.00180819665547], [0.000657240976579, 0.00104692287277, -0.000862419314217, 0.000766486045904, 0.00180819665547, 0.00750700989738]]
    },
    "scvalleys": {
        "kurt": [66.576461792, 15.0786685944, 8.65359687805, 8.51599979401, 11.3602313995, 2.74557352066],
        "max": [-10.0629110336, -6.16064977646, -4.4405374527, -5.15331602097, -5.09746694565, -7.87454271317],
        "mean": [-12.0221662521, -9.22518444061, -7.69443368912, -8.22039222717, -8.1333990097, -12.1293592453],
        "median": [-12.0666456223, -9.23823833466, -7.49871206284, -8.2358083725, -8.08012676239, -13.0583925247],
        "min": [-23.9377441406, -21.9646396637, -22.3742790222, -21.9867610931, -21.3704166412, -22.5400295258],
        "skew": [-5.6731672287, -2.02823352814, -1.70406115055, -1.63257861137, -1.98453688622, 0.265600293875],
        "var": [1.02769470215, 2.40060687065, 4.12303781509, 3.6923995018, 3.05622410774, 3.43783211708],
        "cov": [[1.03141832352, 1.17140734196, 1.46151661873, 1.36295878887, 1.24233984947, 1.37902843952], [1.17140734196, 2.40930461884, 2.8252351284, 2.52788972855, 2.2959663868, 2.277333498], [1.46151661873, 2.8252351284, 4.13797616959, 3.62030172348, 3.01420307159, 2.87614417076], [1.36295878887, 2.52788972855, 3.62030172348, 3.70577788353, 3.13030219078, 2.84466004372], [1.24233984947, 2.2959663868, 3.01420307159, 3.13030219078, 3.06729745865, 2.67542457581], [1.37902843952, 2.277333498, 2.87614417076, 2.84466004372, 2.67542457581, 3.45028805733]]
    }
},
"rhythm": {
    "beats_loudness": {
        "kurt": -1.8311072588,
        "max": 0.0223976355046,
        "mean": 0.0095051061362,
        "median": 0.0081599066034,
        "min": 4.1355346184e-05,
        "skew": 0.115038186312,
        "var": 8.63696986926e-05
    },
    "bpm": 81.1000061035,
    "confidence": 0.5,
    "first_peak_bpm": {
        "kurt": 0,
        "max": 80,
        "mean": 80,
        "median": 80,
        "min": 80,
        "skew": 0,
        "var": 0
    },
    "first_peak_spread": {
        "kurt": 0,
        "max": 0.5,
        "mean": 0.5,
        "median": 0.5,
        "min": 0.5,
        "skew": 0,
        "var": 0
    },
    "first_peak_weight": {
        "kurt": 0,
        "max": 0.285714298487,
        "mean": 0.285714298487,
        "median": 0.285714298487,
        "min": 0.285714298487,
        "skew": 0,
        "var": 0
    },
    "onset_rate": 3.75810909271,
    "second_peak_bpm": {
        "kurt": 0,
        "max": 89,
        "mean": 89,
        "median": 89,
        "min": 89,
        "skew": 0,
        "var": 0
    },
    "second_peak_spread": {
        "kurt": 0,
        "max": 0,
        "mean": 0,
        "median": 0,
        "min": 0,
        "skew": 0,
        "var": 0
    },
    "second_peak_weight": {
        "kurt": 0,
        "max": 0.428571462631,
        "mean": 0.428571462631,
        "median": 0.428571462631,
        "min": 0.428571462631,
        "skew": 0,
        "var": 0
    },
    "beats_loudness_band_ratio": {
        "kurt": [2.99030351639, 3.103556633, -1.13412392139, -0.645816087723, -0.33692240715, 0.302329063416],
        "max": [0.000273518875474, 0.0296654645354, 0.194687828422, 0.849486172199, 0.483168423176, 0.841772437096],
        "mean": [4.35741567344e-05, 0.00424796761945, 0.0903425887227, 0.339350223541, 0.258165180683, 0.334237992764],
        "median": [7.63850584917e-06, 0.000509878154844, 0.0964409261942, 0.341727912426, 0.283058911562, 0.269873321056],
        "min": [1.24664154555e-06, 3.03205924865e-05, 0.00323527073488, 0.0215088538826, 0.0112891709432, 0.0197014994919],
        "skew": [2.21103072166, 2.25240445137, 0.038000613451, 0.49130743742, -0.275047898293, 0.963845610619],
        "var": [7.65419105875e-09, 9.26101274672e-05, 0.00394265819341, 0.0692221298814, 0.0176168996841, 0.0542605146766],
        "cov": [[8.74764705117e-09, 9.575119293e-07, 1.46414822666e-06, -9.93829144136e-06, 2.53428288488e-06, 4.36230993728e-06], [9.575119293e-07, 0.000105840146716, 0.000201091766939, -0.000914967269637, 0.000273095909506, 0.000288014824037], [1.46414822666e-06, 0.000201091766939, 0.00450589507818, 0.00864160619676, -0.00195719837211, -0.0103866886348], [-9.93829144136e-06, -0.000914967269637, 0.00864160619676, 0.0791110023856, -0.0246255863458, -0.0603633634746], [2.53428288488e-06, 0.000273095909506, -0.00195719837211, -0.0246255863458, 0.0201335996389, 0.00632050354034], [4.36230993728e-06, 0.000288014824037, -0.0103866886348, -0.0603633634746, 0.00632050354034, 0.0620120167732]]
    },
    "beats_position": [0.731428563595, 1.48607707024, 2.24072551727, 2.97215414047, 3.64553284645, 4.31891155243, 5.00390005112, 5.72371864319],
    "bpm_estimates": [79.5072097778, 79.5072174072, 82.0312423706, 83.3543319702],
    "bpm_intervals": [0.754648506641, 0.754648447037, 0.731428623199, 0.673378705978, 0.673378705978, 0.684988498688, 0.719818592072],
    "onset_times": [0.0348299331963, 0.301859408617, 0.580498874187, 0.835918366909, 0.917188227177, 1.49768710136, 1.60217690468, 2.11301589012, 2.2523355484, 2.86766433716, 2.94893431664, 3.33206343651, 3.65714287758, 3.85451245308, 4.01705217361, 4.14476203918, 4.34213161469, 4.46984148026, 4.6439909935, 4.76009082794, 4.87619066238, 4.9806804657, 5.20126962662, 5.72371864319],
    "histogram": [[0, 0, 0, 0, 0, 0, 0, 0, 0, 0, 0, 0, 0, 0, 0, 0, 0, 0, 0, 0, 0, 0, 0, 0, 0, 0, 0, 0, 0, 0, 0, 0, 0, 0, 0, 0, 0, 0, 0, 0, 0, 0, 0, 0, 0, 0, 0, 0, 0, 0, 0, 0, 0, 0, 0, 0, 0, 0, 0, 0, 0, 0, 0, 0, 0, 0, 0, 0, 0, 0, 0, 0, 0, 0, 0, 0, 0, 0, 0, 0, 0.285714298487, 0, 0.142857149243, 0.142857149243, 0, 0, 0, 0, 0.142857149243, 0.285714298487, 0, 0, 0, 0, 0, 0, 0, 0, 0, 0, 0, 0, 0, 0, 0, 0, 0, 0, 0, 0, 0, 0, 0, 0, 0, 0, 0, 0, 0, 0, 0, 0, 0, 0, 0, 0, 0, 0, 0, 0, 0, 0, 0, 0, 0, 0, 0, 0, 0, 0, 0, 0, 0, 0, 0, 0, 0, 0, 0, 0, 0, 0, 0, 0, 0, 0, 0, 0, 0, 0, 0, 0, 0, 0, 0, 0, 0, 0, 0, 0, 0, 0, 0, 0, 0, 0, 0, 0, 0, 0, 0, 0, 0, 0, 0, 0, 0, 0, 0, 0, 0, 0, 0, 0, 0, 0, 0, 0, 0, 0, 0, 0, 0, 0, 0, 0, 0, 0, 0, 0, 0, 0, 0, 0, 0, 0, 0, 0, 0, 0, 0, 0, 0, 0, 0, 0, 0, 0, 0, 0, 0, 0, 0, 0, 0, 0, 0, 0, 0, 0, 0, 0, 0, 0, 0, 0, 0, 0, 0, 0]]
},
"sfx": {
    "inharmonicity": {
        "kurt": 2.31199741364,
        "max": 0.367660105228,
        "mean": 0.0551751665771,
        "median": 0.0130623281002,
        "min": 0,
        "skew": 1.74971187115,
        "var": 0.00687598343939
    },
    "oddtoevenharmonicenergyratio": {
        "kurt": 21.332201004,
        "max": 17.2029438019,
        "mean": 1.01096773148,
        "median": 0.12638926506,
        "min": 0,
        "skew": 4.1755065918,
        "var": 5.03245019913
    },
    "pitch_after_max_to_before_max_energy_ratio": 0.193752124906,
    "pitch_centroid": 153.942398071,
    "pitch_max_to_total": 0.758122742176,
    "pitch_min_to_total": 0.429602891207,
    "tristimulus": {
        "kurt": [-1.64271974564, -1.2111852169, 1.66165924072],
        "max": [1, 0.906866908073, 0.959485292435],
        "mean": [0.532559394836, 0.289458453655, 0.177981942892],
        "median": [0.472821563482, 0.261171251535, 0.091662876308],
        "min": [0, 0, 0],
        "skew": [-0.0175758544356, 0.360335826874, 1.53886711597],
        "var": [0.165518388152, 0.0747237205505, 0.0542185977101],
        "cov": [[0.166118100286, -0.0933488160372, -0.0727692916989], [-0.0933488160372, 0.0749944597483, 0.0183542482555], [-0.0727692916989, 0.0183542482555, 0.0544150434434]]
    }
},
"tonal": {
    "chords_changes_rate": 0.115107916296,
    "chords_number_rate": 0.0575539581478,
    "chords_strength": {
        "kurt": -0.846031665802,
        "max": 0.515551149845,
        "mean": 0.393229573965,
        "median": 0.405407726765,
        "min": 0.227582603693,
        "skew": -0.3524043262,
        "var": 0.00479079689831
    },
    "key_strength": 0.346756160259,
    "tuning_diatonic_strength": 0.361528545618,
    "tuning_equal_tempered_deviation": 0.239639654756,
    "tuning_frequency": 441.527557373,
    "tuning_nontempered_energy_ratio": 0.900915622711,
    "hpcp": {
        "kurt": [-0.339776515961, -0.368058919907, -0.246368646622, -0.124225616455, -0.373767614365, -0.220535993576, -0.224299907684, 0.0634191036224, 0.16063117981, 0.611052274704, 1.22143793106, 0.690111160278, 1.42441797256, 1.86565685272, 2.85515499115, 1.99773311615, 1.38286781311, 2.78006792068, 3.72712516785, 2.53616094589, 4.3093457222, 3.33136558533, 2.84429931641, 1.28527116776, -0.731671094894, -0.927915811539, 0.753882884979, 2.57206821442, 1.34561920166, 0.450001001358, 0.181988477707, -0.402149438858, -0.244177341461, -0.134809732437, 0.365794181824, 0.19323682785],
        "max": [1, 1, 0.960563123226, 1, 1, 1, 1, 1, 1, 1, 1, 1, 1, 1, 1, 1, 1, 1, 1, 1, 1, 1, 1, 1, 1, 1, 1, 1, 1, 1, 1, 1, 1, 1, 1, 1],
        "mean": [0.332030326128, 0.336926966906, 0.300274133682, 0.302111893892, 0.329949647188, 0.324051469564, 0.331259220839, 0.340792834759, 0.331347554922, 0.30686712265, 0.271190822124, 0.279329448938, 0.281930327415, 0.253957539797, 0.248103052378, 0.255472391844, 0.238015457988, 0.21245637536, 0.194844871759, 0.182732746005, 0.171143740416, 0.186349883676, 0.217249691486, 0.252194315195, 0.352859705687, 0.375658482313, 0.277219086885, 0.228096961975, 0.254506677389, 0.282260119915, 0.293584913015, 0.321593433619, 0.328067243099, 0.309511572123, 0.286676853895, 0.289889365435],
