{
"metadata": {
    "version": {
        "essentia": "2.1-beta3"
    }
},
"lowLevel": {
    "average_loudness": 0.750966072083,
    "barkbands_kurtosis": {
        "kurt": 22.3730583191,
        "max": 350.425445557,
        "mean": 21.1308765411,
        "median": 9.41920661926,
        "min": -1.73544895649,
        "skew": 3.93687272072,
        "var": 1251.87585449
    },
    "barkbands_skewness": {
        "kurt": 2.24303531647,
        "max": 16.6860141754,
        "mean": 2.21423196793,
        "median": 2.07668399811,
        "min": -3.31918525696,
        "skew": 0.971634984016,
        "var": 7.4653878212
    },
    "barkbands_spread": {
        "kurt": 1.05760240555,
        "max": 42.5115394592,
        "mean": 7.61442184448,
        "median": 4.7063999176,
        "min": 0.147380694747,
        "skew": 1.26620817184,
        "var": 64.7531585693
    },
    "dissonance": {
        "kurt": 1.11573839188,
        "max": 0.499994635582,
        "mean": 0.425902396441,
        "median": 0.453154861927,
        "min": 0.113657861948,
        "skew": -1.3331451416,
        "var": 0.00563130201772
    },
    "hfc": {
        "kurt": 11.6663169861,
        "max": 35.9725227356,
        "mean": 2.20923852921,
        "median": 0.0537964291871,
        "min": 8.67809319516e-07,
        "skew": 3.33097839355,
        "var": 29.2878818512
    },
    "pitch": {
        "kurt": 9.40519618988,
        "max": 4700.75341797,
        "mean": 643.459289551,
        "median": 525.834777832,
        "min": 82.8637924194,
        "skew": 3.18159174919,
        "var": 465899.5
    },
    "pitch_instantaneous_confidence": {
        "kurt": -0.97447514534,
        "max": 0.977882802486,
        "mean": 0.655629634857,
        "median": 0.679986596107,
        "min": 0.17288261652,
        "skew": -0.34838694334,
        "var": 0.0385616086423
    },
    "pitch_salience": {
        "kurt": -0.0440487861633,
        "max": 0.867529511452,
        "mean": 0.560149013996,
        "median": 0.580649971962,
        "min": 0.155736580491,
        "skew": -0.618418753147,
        "var": 0.0182808618993
    },
    "silence_rate_20dB": {
        "kurt": 0,
        "max": 1,
        "mean": 1,
        "median": 1,
        "min": 1,
        "skew": 0,
        "var": 0
    },
    "silence_rate_30dB": {
        "kurt": 0,
        "max": 1,
        "mean": 1,
        "median": 1,
        "min": 1,
        "skew": 0,
        "var": 0
    },
    "silence_rate_60dB": {
        "kurt": -0.231840610504,
        "max": 1,
        "mean": 0.776831328869,
        "median": 1,
        "min": 0,
        "skew": -1.32972300053,
        "var": 0.173365116119
    },
    "spectral_centroid": {
        "kurt": -0.0699186325073,
        "max": 3119.73974609,
        "mean": 1017.39355469,
        "median": 620.30065918,
        "min": 285.07333374,
        "skew": 1.20131933689,
        "var": 461590.6875
    },
    "spectral_complexity": {
        "kurt": 0.906472206116,
        "max": 11,
        "mean": 1.42759799957,
        "median": 0,
        "min": 0,
        "skew": 1.34430301189,
        "var": 4.48157167435
    },
    "spectral_crest": {
        "kurt": -0.993057966232,
        "max": 26.333486557,
        "mean": 14.1894378662,
        "median": 13.5978775024,
        "min": 3.05966234207,
        "skew": 0.249489441514,
        "var": 31.5062561035
    },
    "spectral_decrease": {
        "kurt": 10.9213762283,
        "max": -1.36221294415e-16,
        "mean": -9.76041247824e-10,
        "median": -7.14506145222e-12,
        "min": -1.55271333568e-08,
        "skew": -3.23207759857,
        "var": 5.56327103854e-18
    },
    "spectral_energy": {
        "kurt": 10.9542636871,
        "max": 0.0618657767773,
        "mean": 0.00388418626972,
        "median": 3.26758054143e-05,
        "min": 5.9284366305e-10,
        "skew": 3.23658657074,
        "var": 8.82100794115e-05
    },
    "spectral_energyband_high": {
        "kurt": 72.4553222656,
        "max": 8.06116950116e-05,
        "mean": 1.45842238908e-06,
        "median": 1.17461823379e-07,
        "min": 3.1953734797e-11,
        "skew": 7.49715662003,
        "var": 3.12866330066e-11
    },
    "spectral_energyband_low": {
        "kurt": 23.048078537,
        "max": 2.89746094495e-06,
        "mean": 1.387384998e-07,
        "median": 3.62822163424e-08,
        "min": 3.14751141817e-11,
        "skew": 3.62542271614,
        "var": 5.5594004606e-14
    },
    "spectral_energyband_middle_high": {
        "kurt": 19.0706310272,
        "max": 0.00190240726806,
        "mean": 9.47293156059e-05,
        "median": 1.40208803714e-05,
        "min": 2.95989344146e-10,
        "skew": 3.90702319145,
        "var": 4.72749235314e-08
    },
    "spectral_energyband_middle_low": {
        "kurt": 11.1880502701,
        "max": 0.0614017099142,
        "mean": 0.0037942850031,
        "median": 1.28893261717e-05,
        "min": 2.51510173799e-10,
        "skew": 3.26645326614,
        "var": 8.54984900798e-05
    },
    "spectral_flatness_db": {
        "kurt": -1.076197505,
        "max": 0.57143497467,
        "mean": 0.324184566736,
        "median": 0.303971946239,
        "min": 0.0463737435639,
        "skew": 0.171694785357,
        "var": 0.0103403618559
    },
    "spectral_flux": {
        "kurt": 4.23359680176,
        "max": 0.212532430887,
        "mean": 0.0248455554247,
        "median": 0.00359946116805,
        "min": 0.000207142555155,
        "skew": 2.16309785843,
        "var": 0.00170724501368
    },
    "spectral_kurtosis": {
        "kurt": 2.05441761017,
        "max": 195.293807983,
        "mean": 30.320432663,
        "median": 16.9252471924,
        "min": 1.88951587677,
        "skew": 1.53226089478,
        "var": 885.81854248
    },
    "spectral_rms": {
        "kurt": 2.99772357941,
        "max": 0.00776896765456,
        "mean": 0.00104501622263,
        "median": 0.000178546426469,
        "min": 7.60515661113e-07,
        "skew": 1.93396890163,
        "var": 2.69739189207e-06
    },
    "spectral_rolloff": {
        "kurt": -0.890805959702,
        "max": 4737.3046875,
        "mean": 1411.15600586,
        "median": 667.529296875,
        "min": 236.865234375,
        "skew": 0.850990414619,
        "var": 1219991.75
    },
    "spectral_skewness": {
        "kurt": -0.294328689575,
        "max": 11.5828914642,
        "mean": 3.61922097206,
        "median": 2.75554180145,
        "min": 0.709655940533,
        "skew": 0.832684874535,
        "var": 4.72921228409
    },
    "spectral_spread": {
        "kurt": 59.6427764893,
        "max": 19964288,
        "mean": 2146747.5,
        "median": 1919546.25,
        "min": 506776.25,
        "skew": 4.44369792938,
        "var": 1.20692447642e+12
    },
    "spectral_strongpeak": {
        "kurt": 12.1108350754,
        "max": 7.07448816299,
        "mean": 0.425133705139,
        "median": 0.111622214317,
        "min": 3.13098826155e-05,
        "skew": 3.1110727787,
        "var": 0.592649698257
    },
    "zerocrossingrate": {
        "kurt": -0.647685289383,
        "max": 0.14306640625,
        "mean": 0.051876347512,
        "median": 0.0341796875,
        "min": 0.01220703125,
        "skew": 0.908619165421,
        "var": 0.00107944372576
    },
    "barkbands": {
        "kurt": [25.6016349792, 8.98562145233, 21.0936031342, 14.3097324371, 24.0627441406, 24.2411289215, 39.5229759216, 16.1553707123, 151.725326538, 194.562515259, 35.4130096436, 33.5791740417, 153.32862854, 282.658691406, 62.5635147095, 20.0444087982, 44.5642242432, 121.992919922, 196.31300354, 146.789810181, 289.575439453, 94.273399353, 49.9988327026, 61.7717132568, 47.8199806213, 36.7963447571, 39.8354797363],
        "max": [1.81954966649e-08, 1.33992770657e-07, 1.51897938849e-06, 1.97288068193e-06, 4.75711713079e-05, 0.000948322121985, 0.0258558541536, 0.0569054111838, 0.0208140686154, 0.00288054370321, 0.000231519341469, 0.00136283936445, 0.000713228073437, 0.000318970211083, 3.28373243974e-05, 1.81211744348e-05, 8.60371801537e-05, 0.000377319345716, 0.000131338791107, 6.95895723766e-05, 5.25819741597e-05, 1.24591924759e-05, 4.83273697682e-06, 7.61166234042e-07, 5.5602775717e-08, 5.33087440857e-09, 5.6743112431e-09],
        "mean": [5.83292192324e-10, 1.18345075961e-08, 6.80434837363e-08, 1.40713339647e-07, 2.30708974414e-06, 3.66308631783e-05, 0.000785986427218, 0.00272287125699, 0.000227014854318, 2.99567473121e-05, 7.61142973715e-06, 4.52293279523e-05, 8.46139846544e-06, 3.18625234286e-06, 6.9810533887e-07, 9.56246935857e-07, 3.40920814779e-06, 5.98621682002e-06, 1.95733241526e-06, 9.08778076791e-07, 4.539651286e-07, 2.22001588668e-07, 1.05252233595e-07, 1.30040733737e-08, 1.36753752766e-09, 1.53899906707e-10, 1.48789869314e-10],
        "median": [1.7044601841e-11, 2.05662820107e-09, 1.14419469455e-08, 4.52126798223e-08, 7.69198322814e-07, 1.28903695895e-06, 2.61340164798e-06, 3.53401856046e-06, 8.53867675232e-07, 5.71089003643e-07, 2.76153286904e-07, 1.22739220387e-06, 2.76667378785e-07, 9.74108900209e-08, 8.14684852912e-08, 1.92754910699e-07, 4.88924570163e-07, 8.03936814009e-07, 2.83931797185e-07, 1.28119893361e-07, 3.60787737463e-08, 5.42990852281e-09, 6.62797372541e-10, 2.06364494937e-10, 6.25133972365e-11, 2.68064953915e-12, 7.53072951221e-13],
        "min": [1.0905216312e-14, 8.55447483683e-12, 1.13432423177e-11, 2.02968301888e-11, 4.79206258008e-11, 6.74532261644e-12, 6.32204705253e-11, 6.71551703135e-11, 2.41619987906e-11, 5.79311772164e-11, 1.18785025219e-11, 1.50758433515e-11, 2.18526863272e-11, 3.03625111164e-11, 4.00467020656e-11, 6.43392283894e-11, 2.25911477025e-11, 1.00796038183e-11, 2.31127929295e-11, 1.40711817198e-11, 1.36414135196e-11, 3.9736113705e-12, 6.16168834705e-12, 7.58958163243e-13, 7.62118612576e-13, 7.56797456734e-13, 2.91869732051e-14],
        "skew": [4.5890955925, 2.94663476944, 3.75354337692, 3.33109211922, 4.10618066788, 4.43456506729, 5.45850038528, 3.87882471085, 11.3126888275, 12.6111488342, 5.29566001892, 5.05469369888, 10.6226072311, 13.6250810623, 6.74896669388, 3.87412118912, 5.29809331894, 9.5080871582, 11.9985218048, 10.2911262512, 14.1597232819, 8.13265228271, 6.21553230286, 6.64841938019, 6.13942193985, 5.3968667984, 5.61559057236],
        "var": [2.94285757015e-18, 5.24353522536e-16, 1.80809245343e-14, 5.85460160712e-14, 1.82752511041e-11, 8.99467167415e-09, 5.04568242832e-06, 5.87306858506e-05, 1.66070924479e-06, 2.35647785729e-08, 4.60133875446e-10, 1.63222022564e-08, 1.32057909052e-09, 1.75891787246e-10, 4.96973903003e-12, 3.41115850844e-12, 4.45049518072e-11, 4.63846461241e-10, 4.05966267547e-11, 1.27068399206e-11, 4.79346033352e-12, 6.65649718505e-13, 1.47594406857e-13, 2.49055109184e-15, 2.20979530477e-17, 2.35035538691e-19, 2.41970750193e-19],
        "cov": [[2.94536640895e-18, 3.67392434502e-18, 4.61427980898e-17, 6.93613972334e-17, 1.29772128492e-15, 5.10592510926e-14, 1.06672949553e-12, 6.69350946197e-12, 4.69353451504e-13, 7.18809709563e-14, 1.3430589987e-14, 7.50221214904e-14, 1.44845530833e-14, 7.54142316764e-15, 1.62661475509e-15, 1.66279409984e-16, 3.24069299905e-15, 1.11788045658e-14, 2.35913265953e-15, 2.29624215726e-15, 1.06013256662e-15, 4.41534823179e-16, 2.60734899434e-16, 4.24313445604e-17, 3.4046567897e-18, 2.76695507965e-19, 2.61621588867e-19], [3.67392434502e-18, 5.24800544174e-16, 1.45397154687e-15, 1.32076163987e-15, 5.3619519137e-15, 1.0157065991e-14, -4.14634987586e-13, -3.84614475685e-12, -4.48581493132e-13, 1.26357434173e-13, -6.6248534741e-15, -1.87583686106e-13, -1.94357825325e-14, -6.34693804658e-16, -8.39579374956e-16, -2.1841530168e-15, -1.41857700462e-15, -5.91829882356e-15, 1.09372613154e-16, 7.0955642942e-16, 6.28771085593e-17, -5.21986012509e-16, -6.72727926565e-17, 2.09137265412e-17, 5.52685792759e-19, -1.62566258149e-19, -1.67635854253e-19], [4.61427980898e-17, 1.45397154687e-15, 1.80963388399e-14, 1.5633907336e-14, 9.99550106313e-14, 1.67938276133e-12, 5.1280049651e-11, 1.876649669e-10, 5.80989770183e-12, 2.98277201549e-12, 3.6914031944e-13, 5.20239396267e-13, 2.21638381476e-13, 1.93774751561e-13, 3.18960014108e-14, -8.07220027041e-15, 7.24382576492e-14, 2.39520534483e-13, 5.23389823506e-14, 8.07705614089e-14, 5.21443545081e-14, 1.25260579022e-14, 8.55815916588e-15, 1.27665504612e-15, 1.07605814922e-16, 8.75546359277e-18, 8.41962247381e-18], [6.93613972334e-17, 1.32076163987e-15, 1.5633907336e-14, 5.85959232524e-14, 2.33747130809e-13, 4.58288094973e-12, 6.14488113171e-11, 2.22980467424e-10, 7.6424040707e-12, 3.81326177232e-12, 6.57480634606e-13, 1.03178229849e-12, 5.32520100065e-13, 3.91356516421e-13, 4.67285816974e-14, -3.50736150193e-14, 8.9213447014e-14, 1.16801493065e-13, 6.49316077251e-14, 9.20271752683e-14, 7.70839487618e-14, 1.20659030185e-14, 8.85938525774e-15, 1.07134400059e-15, 1.33488104383e-16, 1.28513005082e-17, 1.22841747269e-17], [1.29772128492e-15, 5.3619519137e-15, 9.99550106313e-14, 2.33747130809e-13, 1.82908306556e-11, 1.43202810721e-10, 2.79465250941e-09, 3.74137565373e-09, 6.09177930322e-10, 1.76958336873e-10, 1.91058332349e-11, 5.50673603938e-11, 2.37785294926e-11, 1.01984132944e-11, 8.40891646679e-13, -8.61002282383e-14, 2.78092414548e-12, 6.80687754426e-12, 1.19212886091e-12, 1.15782383681e-12, 9.15143503512e-13, 3.61074966584e-13, 1.22229131113e-13, 2.10768495755e-14, 1.94334790264e-15, 2.61011985087e-16, 2.60588521552e-16], [5.10592510926e-14, 1.0157065991e-14, 1.67938276133e-12, 4.58288094973e-12, 1.43202810721e-10, 9.00234020662e-09, 8.94191387601e-08, 1.13651260847e-07, 1.02434034588e-08, 3.28242921732e-09, 5.7942867171e-10, 2.42953923646e-09, 7.64322882763e-10, 1.72084305139e-10, 2.52303195697e-11, 7.34104964317e-12, 9.46180286898e-11, 2.01912001008e-10, 4.03383784708e-11, 2.76944352867e-11, 2.49155834853e-11, 1.25452816538e-11, 4.91086511734e-12, 5.28979692081e-13, 1.0225106623e-13, 1.25183473613e-14, 1.27237765679e-14], [1.06672949553e-12, -4.14634987586e-13, 5.1280049651e-11, 6.14488113171e-11, 2.79465250941e-09, 8.94191387601e-08, 5.04998388351e-06, 5.29166027263e-06, 5.50174604541e-07, 1.48618298113e-07, 2.19396074641e-08, 6.50840448202e-08, 3.37724941346e-08, 1.45208494118e-08, 1.5313735835e-09, 3.73767461426e-10, 4.41251568617e-09, 1.09357030098e-08, 2.7024344984e-09, 2.00111704984e-09, 1.33074051778e-09, 5.47284439989e-10, 2.69199662561e-10, 3.03552079306e-11, 3.452923494e-12, 3.75521066066e-13, 3.71457151063e-13], [6.69350946197e-12, -3.84614475685e-12, 1.876649669e-10, 2.22980467424e-10, 3.74137565373e-09, 1.13651260847e-07, 5.29166027263e-06, 5.87807553529e-05, 3.52816346094e-06, 3.96290602112e-07, 4.67481946487e-08, 5.08309540237e-07, 7.43644150702e-08, 4.85600928357e-08, 1.0563462105e-08, 1.93124249925e-09, 2.50284752923e-08, 9.12996611646e-08, 1.71948322247e-08, 1.74341625581e-08, 8.13691070078e-09, 3.39314287778e-09, 2.14277395827e-09, 2.87596446658e-10, 2.25101656065e-11, 2.16127246308e-12, 2.0499637144e-12], [4.69353451504e-13, -4.48581493132e-13, 5.80989770183e-12, 7.6424040707e-12, 6.09177930322e-10, 1.02434034588e-08, 5.50174604541e-07, 3.52816346094e-06, 1.66212510067e-06, 4.68367282735e-08, 6.62884769298e-09, 8.48940686637e-08, 2.54671714828e-08, 6.21598639228e-09, 1.1913782183e-09, 9.78526357165e-11, 2.59217047827e-09, 1.26844064141e-08, 4.10692191366e-09, 1.93281302074e-09, 1.23461973978e-09, 5.81804382449e-10, 1.7729466506e-10, 1.88467106504e-11, 2.75973363086e-12, 1.37585648712e-13, 1.14399307627e-13], [7.18809709563e-14, 1.26357434173e-13, 2.98277201549e-12, 3.81326177232e-12, 1.76958336873e-10, 3.28242921732e-09, 1.48618298113e-07, 3.96290602112e-07, 4.68367282735e-08, 2.35848673924e-08, 1.16950316098e-09, 3.28628901869e-09, 1.83340098658e-09, 1.09507258816e-09, 1.13455876638e-10, 2.75855553677e-11, 4.90450569046e-10, 7.084153264e-10, 1.84617515719e-10, 1.65172361899e-10, 1.04807315604e-10, 3.55264741236e-11, 1.77185037475e-11, 3.30522263205e-12, 3.25315675006e-13, 1.57329559808e-14, 1.43626006677e-14], [1.3430589987e-14, -6.6248534741e-15, 3.6914031944e-13, 6.57480634606e-13, 1.91058332349e-11, 5.7942867171e-10, 2.19396074641e-08, 4.67481946487e-08, 6.62884769298e-09, 1.16950316098e-09, 4.60526144996e-10, 9.97775861933e-10, 2.45324122128e-10, 9.88162399129e-11, 1.2531403866e-11, 1.91333559239e-12, 3.18363634066e-11, 9.12461217695e-11, 3.03200207996e-11, 1.54182396017e-11, 1.16006622711e-11, 5.07358348042e-12, 1.95630078977e-12, 2.75016093882e-13, 3.06148776306e-14, 2.95739075962e-15, 2.89168937852e-15], [7.50221214904e-14, -1.87583686106e-13, 5.20239396267e-13, 1.03178229849e-12, 5.50673603938e-11, 2.42953923646e-09, 6.50840448202e-08, 5.08309540237e-07, 8.48940686637e-08, 3.28628901869e-09, 9.97775861933e-10, 1.63361182359e-08, 1.69791358751e-09, 5.3029503011e-10, 1.45715439714e-10, 1.58940794553e-11, 2.18712714606e-10, 1.39680744748e-09, 3.27392668531e-10, 1.87524801243e-10, 1.04151111346e-10, 6.06078520704e-11, 2.09262537854e-11, 2.68063175823e-12, 2.92177686125e-13, 2.70971260838e-14, 2.54340124672e-14], [1.44845530833e-14, -1.94357825325e-14, 2.21638381476e-13, 5.32520100065e-13, 2.37785294926e-11, 7.64322882763e-10, 3.37724941346e-08, 7.43644150702e-08, 2.54671714828e-08, 1.83340098658e-09, 2.45324122128e-10, 1.69791358751e-09, 1.32170496769e-09, 2.23613863537e-10, 3.44899352134e-11, 5.09610973212e-12, 7.7307028834e-11, 3.07306180503e-10, 1.53366083722e-10, 3.48725041899e-11, 4.47690530481e-11, 1.82297787976e-11, 2.92956045707e-12, 4.85337735712e-13, 8.43062666661e-14, 4.27193062486e-15, 3.70589916379e-15], [7.54142316764e-15, -6.34693804658e-16, 1.93774751561e-13, 3.91356516421e-13, 1.01984132944e-11, 1.72084305139e-10, 1.45208494118e-08, 4.85600928357e-08, 6.21598639228e-09, 1.09507258816e-09, 9.88162399129e-11, 5.3029503011e-10, 2.23613863537e-10, 1.76041736744e-10, 1.48111922033e-11, 2.9569144442e-12, 3.68105962378e-11, 8.8449692015e-11, 2.44561506463e-11, 2.25826597006e-11, 1.55972127575e-11, 3.85194480479e-12, 1.82599573482e-12, 2.88686988811e-13, 2.80103715965e-14, 2.07388097377e-15, 1.9575585744e-15], [1.62661475509e-15, -8.39579374956e-16, 3.18960014108e-14, 4.67285816974e-14, 8.40891646679e-13, 2.52303195697e-11, 1.5313735835e-09, 1.0563462105e-08, 1.1913782183e-09, 1.13455876638e-10, 1.2531403866e-11, 1.45715439714e-10, 3.44899352134e-11, 1.48111922033e-11, 4.97397609212e-12, 5.74316256444e-13, 6.47348407518e-12, 2.48664266261e-11, 6.22460329808e-12, 4.47755200972e-12, 2.83165830194e-12, 8.96672818461e-13, 4.31203656765e-13, 7.25264168383e-14, 6.40897823364e-15, 5.05649129237e-16, 4.61798233557e-16], [1.66279409984e-16, -2.1841530168e-15, -8.07220027041e-15, -3.50736150193e-14, -8.61002282383e-14, 7.34104964317e-12, 3.73767461426e-10, 1.93124249925e-09, 9.78526357165e-11, 2.75855553677e-11, 1.91333559239e-12, 1.58940794553e-11, 5.09610973212e-12, 2.9569144442e-12, 5.74316256444e-13, 3.4140665555e-12, 3.78514537422e-12, 4.85266124159e-12, 1.99930610262e-12, 7.51786328503e-13, 3.34591648008e-13, 1.29740578632e-13, 6.32614281597e-14, 1.03924445885e-14, 9.08789695922e-16, 8.09932771816e-17, 7.87955509382e-17], [3.24069299905e-15, -1.41857700462e-15, 7.24382576492e-14, 8.9213447014e-14, 2.78092414548e-12, 9.46180286898e-11, 4.41251568617e-09, 2.50284752923e-08, 2.59217047827e-09, 4.90450569046e-10, 3.18363634066e-11, 2.18712714606e-10, 7.7307028834e-11, 3.68105962378e-11, 6.47348407518e-12, 3.78514537422e-12, 4.45428902096e-11, 5.37593476679e-11, 1.54368965527e-11, 9.15549060176e-12, 4.62795687189e-12, 2.44963402861e-12, 1.05330794e-12, 1.72609160038e-13, 1.70048708188e-14, 1.02042863837e-15, 9.48412520766e-16], [1.11788045658e-14, -5.91829882356e-15, 2.39520534483e-13, 1.16801493065e-13, 6.80687754426e-12, 2.01912001008e-10, 1.09357030098e-08, 9.12996611646e-08, 1.26844064141e-08, 7.084153264e-10, 9.12461217695e-11, 1.39680744748e-09, 3.07306180503e-10, 8.8449692015e-11, 2.48664266261e-11, 4.85266124159e-12, 5.37593476679e-11, 4.64241894926e-10, 7.47293199543e-11, 4.17679987819e-11, 1.84602697711e-11, 1.03978050128e-11, 5.37135483661e-12, 5.1178652245e-13, 5.5306657149e-14, 4.706862138e-15, 4.34888060351e-15], [2.35913265953e-15, 1.09372613154e-16, 5.23389823506e-14, 6.49316077251e-14, 1.19212886091e-12, 4.03383784708e-11, 2.7024344984e-09, 1.71948322247e-08, 4.10692191366e-09, 1.84617515719e-10, 3.03200207996e-11, 3.27392668531e-10, 1.53366083722e-10, 2.44561506463e-11, 6.22460329808e-12, 1.99930610262e-12, 1.54368965527e-11, 7.47293199543e-11, 4.06312344881e-11, 8.8128636333e-12, 6.0951469566e-12, 3.56754317928e-12, 9.39483625444e-13, 1.0147349676e-13, 1.58232293641e-14, 9.06251879333e-16, 7.89916509769e-16], [2.29624215726e-15, 7.0955642942e-16, 8.07705614089e-14, 9.20271752683e-14, 1.15782383681e-12, 2.76944352867e-11, 2.00111704984e-09, 1.74341625581e-08, 1.93281302074e-09, 1.65172361899e-10, 1.54182396017e-11, 1.87524801243e-10, 3.48725041899e-11, 2.25826597006e-11, 4.47755200972e-12, 7.51786328503e-13, 9.15549060176e-12, 4.17679987819e-11, 8.8128636333e-12, 1.27176732687e-11, 3.97653741532e-12, 1.58311525781e-12, 7.98039206332e-13, 1.23380486058e-13, 1.02669998561e-14, 8.19008915134e-16, 7.55956470755e-16], [1.06013256662e-15, 6.28771085593e-17, 5.21443545081e-14, 7.70839487618e-14, 9.15143503512e-13, 2.49155834853e-11, 1.33074051778e-09, 8.13691070078e-09, 1.23461973978e-09, 1.04807315604e-10, 1.16006622711e-11, 1.04151111346e-10, 4.47690530481e-11, 1.55972127575e-11, 2.83165830194e-12, 3.34591648008e-13, 4.62795687189e-12, 1.84602697711e-11, 6.0951469566e-12, 3.97653741532e-12, 4.79754690835e-12, 9.32031144971e-13, 3.10403178855e-13, 4.88164501498e-14, 5.68988876604e-15, 3.57811519104e-16, 3.23096667854e-16], [4.41534823179e-16, -5.21986012509e-16, 1.25260579022e-14, 1.20659030185e-14, 3.61074966584e-13, 1.25452816538e-11, 5.47284439989e-10, 3.39314287778e-09, 5.81804382449e-10, 3.55264741236e-11, 5.07358348042e-12, 6.06078520704e-11, 1.82297787976e-11, 3.85194480479e-12, 8.96672818461e-13, 1.29740578632e-13, 2.44963402861e-12, 1.03978050128e-11, 3.56754317928e-12, 1.58311525781e-12, 9.32031144971e-13, 6.66217189922e-13, 1.69373182471e-13, 1.85835555793e-14, 2.45633413715e-15, 1.51870823686e-16, 1.37889989026e-16], [2.60734899434e-16, -6.72727926565e-17, 8.55815916588e-15, 8.85938525774e-15, 1.22229131113e-13, 4.91086511734e-12, 2.69199662561e-10, 2.14277395827e-09, 1.7729466506e-10, 1.77185037475e-11, 1.95630078977e-12, 2.09262537854e-11, 2.92956045707e-12, 1.82599573482e-12, 4.31203656765e-13, 6.32614281597e-14, 1.05330794e-12, 5.37135483661e-12, 9.39483625444e-13, 7.98039206332e-13, 3.10403178855e-13, 1.69373182471e-13, 1.47720242072e-13, 1.25644259536e-14, 1.13511975816e-15, 8.66329416584e-17, 7.97490254867e-17], [4.24313445604e-17, 2.09137265412e-17, 1.27665504612e-15, 1.07134400059e-15, 2.10768495755e-14, 5.28979692081e-13, 3.03552079306e-11, 2.87596446658e-10, 1.88467106504e-11, 3.30522263205e-12, 2.75016093882e-13, 2.68063175823e-12, 4.85337735712e-13, 2.88686988811e-13, 7.25264168383e-14, 1.03924445885e-14, 1.72609160038e-13, 5.1178652245e-13, 1.0147349676e-13, 1.23380486058e-13, 4.88164501498e-14, 1.85835555793e-14, 1.25644259536e-14, 2.49267439168e-15, 1.64977321821e-16, 1.18279854463e-17, 1.07273132806e-17], [3.4046567897e-18, 5.52685792759e-19, 1.07605814922e-16, 1.33488104383e-16, 1.94334790264e-15, 1.0225106623e-13, 3.452923494e-12, 2.25101656065e-11, 2.75973363086e-12, 3.25315675006e-13, 3.06148776306e-14, 2.92177686125e-13, 8.43062666661e-14, 2.80103715965e-14, 6.40897823364e-15, 9.08789695922e-16, 1.70048708188e-14, 5.5306657149e-14, 1.58232293641e-14, 1.02669998561e-14, 5.68988876604e-15, 2.45633413715e-15, 1.13511975816e-15, 1.64977321821e-16, 2.2116791259e-17, 1.27516477851e-18, 1.18147489021e-18], [2.76695507965e-19, -1.62566258149e-19, 8.75546359277e-18, 1.28513005082e-17, 2.61011985087e-16, 1.25183473613e-14, 3.75521066066e-13, 2.16127246308e-12, 1.37585648712e-13, 1.57329559808e-14, 2.95739075962e-15, 2.70971260838e-14, 4.27193062486e-15, 2.07388097377e-15, 5.05649129237e-16, 8.09932771816e-17, 1.02042863837e-15, 4.706862138e-15, 9.06251879333e-16, 8.19008915134e-16, 3.57811519104e-16, 1.51870823686e-16, 8.66329416584e-17, 1.18279854463e-17, 1.27516477851e-18, 2.35235923194e-19, 2.3746326209e-19], [2.61621588867e-19, -1.67635854253e-19, 8.41962247381e-18, 1.22841747269e-17, 2.60588521552e-16, 1.27237765679e-14, 3.71457151063e-13, 2.0499637144e-12, 1.14399307627e-13, 1.43626006677e-14, 2.89168937852e-15, 2.54340124672e-14, 3.70589916379e-15, 1.9575585744e-15, 4.61798233557e-16, 7.87955509382e-17, 9.48412520766e-16, 4.34888060351e-15, 7.89916509769e-16, 7.55956470755e-16, 3.23096667854e-16, 1.37889989026e-16, 7.97490254867e-17, 1.07273132806e-17, 1.18147489021e-18, 2.3746326209e-19, 2.42177028358e-19]]
    },
    "mfcc": {
        "kurt": [-0.655519723892, -1.47992038727, -1.21215808392, -0.705366849899, -1.06310904026, -0.857133626938, -0.663826227188, -0.0286836624146, -0.37891292572, -0.174890518188, -0.0338778495789, -0.468568563461, -0.000884771347046],
        "max": [-771.674133301, 183.71774292, 56.9904518127, 43.5804786682, 26.1982460022, 2.82694244385, 27.7856063843, 40.6073570251, 23.4277381897, 24.3935413361, 53.8853874207, 42.8668746948, 31.1440086365],
        "mean": [-991.059326172, 92.5376434326, -21.746263504, -17.950843811, -33.6363830566, -44.6924591064, -19.9459667206, -6.46477937698, -16.3232860565, -10.658952713, 3.85390901566, 7.70422315598, 1.83492851257],
        "median": [-1008.35388184, 90.7538070679, -17.5958137512, -13.3695487976, -26.873134613, -45.1306724548, -22.3156967163, -8.74269866943, -17.1165847778, -11.3327445984, 2.85427093506, 8.94804000854, 1.87395858765],
        "min": [-1138.42004395, 1.14440917969e-05, -100.234039307, -76.6167373657, -117.694046021, -97.7445678711, -61.4253234863, -39.6565704346, -47.679069519, -40.4740829468, -33.5081710815, -27.3419570923, -30.7756004333],
        "skew": [0.482783704996, 0.0849732235074, -0.128534346819, -0.34202465415, -0.352977067232, 0.112703867257, 0.324611276388, 0.602650046349, 0.227583289146, 0.1723510921, 0.296299546957, -0.128187850118, -0.183010131121],
        "var": [7816.24804688, 2690.44580078, 1655.54125977, 550.720031738, 1128.68859863, 464.145385742, 292.393463135, 211.476486206, 143.399551392, 122.60131073, 204.852462769, 152.882858276, 89.6791381836],
        "cov": [[7822.91113281, 3623.78442383, -1892.20605469, -1176.45532227, -2127.82250977, -1554.29626465, -860.280700684, -436.862457275, -721.641113281, -106.079574585, 843.040893555, 723.800720215, 189.03288269], [3623.78442383, 2692.73950195, 77.8243026733, -902.787719727, -1405.03552246, -902.646606445, -672.422607422, -462.137634277, -372.632781982, -47.7226638794, 467.525482178, 374.625549316, 66.7312316895], [-1892.20605469, 77.8243026733, 1656.95263672, 18.7621994019, -67.9317474365, 238.198135376, -146.094711304, -220.153396606, 181.000152588, 115.777107239, -80.0216827393, -147.941604614, -97.4040298462], [-1176.45532227, -902.787719727, 18.7621994019, 551.18951416, 638.348266602, 267.740722656, 230.328216553, 173.863510132, 109.756256104, -10.561009407, -215.55229187, -166.143096924, -22.1907157898], [-2127.82250977, -1405.03552246, -67.9317474365, 638.348266602, 1129.65075684, 495.79876709, 439.064147949, 310.730316162, 152.649169922, -79.7447814941, -382.181732178, -261.379486084, -30.3567180634], [-1554.29626465, -902.646606445, 238.198135376, 267.740722656, 495.79876709, 464.54107666, 255.041824341, 100.201179504, 141.318527222, 12.8219413757, -192.439575195, -179.613723755, -72.8872375488], [-860.280700684, -672.422607422, -146.094711304, 230.328216553, 439.064147949, 255.041824341, 292.642730713, 190.691253662, 63.2859458923, -43.9029502869, -151.990615845, -94.7198257446, -14.6936073303], [-436.862457275, -462.137634277, -220.153396606, 173.863510132, 310.730316162, 100.201179504, 190.691253662, 211.656768799, 55.734085083, -36.7431106567, -90.0764083862, -35.9820404053, 20.8302097321], [-721.641113281, -372.632781982, 181.000152588, 109.756256104, 152.649169922, 141.318527222, 63.2859458923, 55.734085083, 143.52180481, 68.9245758057, -60.5530166626, -63.3107032776, -25.7792434692], [-106.079574585, -47.7226638794, 115.777107239, -10.561009407, -79.7447814941, 12.8219413757, -43.9029502869, -36.7431106567, 68.9245758057, 122.705825806, 58.2163314819, 1.07788455486, -15.8227033615], [843.040893555, 467.525482178, -80.0216827393, -215.55229187, -382.181732178, -192.439575195, -151.990615845, -90.0764083862, -60.5530166626, 58.2163314819, 205.027114868, 133.05039978, 17.8155841827], [723.800720215, 374.625549316, -147.941604614, -166.143096924, -261.379486084, -179.613723755, -94.7198257446, -35.9820404053, -63.3107032776, 1.07788455486, 133.05039978, 153.013198853, 60.5888557434], [189.03288269, 66.7312316895, -97.4040298462, -22.1907157898, -30.3567180634, -72.8872375488, -14.6936073303, 20.8302097321, -25.7792434692, -15.8227033615, 17.8155841827, 60.5888557434, 89.7555923462]]
    },
    "sccoeffs": {
        "kurt": [-0.409007549286, 0.175713300705, 0.508377075195, -0.391475439072, -0.788547992706, -0.216964960098],
        "max": [-0.459685593843, -0.307441592216, -0.576088964939, -0.580668866634, -0.688794136047, -0.697905182838],
        "mean": [-0.707824885845, -0.720481455326, -0.806105911732, -0.802451133728, -0.82613492012, -0.803015232086],
        "median": [-0.708410143852, -0.765855669975, -0.816655039787, -0.811892390251, -0.827319681644, -0.803196370602],
        "min": [-0.947125732899, -0.953376412392, -0.935702264309, -0.958535134792, -0.933008611202, -0.893047332764],
        "skew": [0.179521620274, 1.01948273182, 0.799367189407, 0.515980303288, 0.216300755739, 0.220078974962],
        "var": [0.00668456591666, 0.0200585089624, 0.00371415447444, 0.00479767750949, 0.00250440672971, 0.00106146547478],
        "cov": [[0.00669026467949, 0.00324576022103, 0.000676683208439, 0.00132022728212, 7.12581895641e-05, 0.000500549213029], [0.00324576022103, 0.0200756080449, 0.00436392147094, 0.00464195851237, 0.00161624816246, 0.00188178801909], [0.000676683208439, 0.00436392147094, 0.00371732097119, 0.00208482821472, 0.00141838972922, 0.000603326363489], [0.00132022728212, 0.00464195851237, 0.00208482821472, 0.00480176787823, 0.00192358228378, 0.00116086681373], [7.12581895641e-05, 0.00161624816246, 0.00141838972922, 0.00192358228378, 0.00250654178672, 0.000625807850156], [0.000500549213029, 0.00188178801909, 0.000603326363489, 0.00116086681373, 0.000625807850156, 0.00106237037107]]
    },
    "scvalleys": {
        "kurt": [-1.03718495369, -1.37621688843, -1.1002420187, -0.716809511185, -0.820059776306, 0.515907049179],
        "max": [-9.17783260345, -4.78218984604, -5.83321666718, -7.66430807114, -7.95875740051, -10.6163377762],
        "mean": [-11.1879739761, -8.39224338531, -9.09058666229, -10.4432573318, -10.5515861511, -13.8591461182],
        "median": [-11.2205638885, -8.52252578735, -9.48669433594, -10.4474277496, -10.411198616, -14.1954813004],
        "min": [-13.3190641403, -13.9252223969, -13.6804943085, -13.6547937393, -14.5542354584, -16.5582027435],
        "skew": [0.0417771339417, 0.107528783381, 0.275505155325, 0.124341867864, 0.0251187495887, 1.20830655098],
        "var": [0.780340969563, 3.41438746452, 2.21183013916, 1.16087210178, 1.10764908791, 1.06510972977],
        "cov": [[0.781006217003, 1.17917954922, 0.86644333601, 0.464070320129, 0.355062484741, 0.497566670179], [1.17917954922, 3.41729831696, 2.51376652718, 1.37155008316, 0.964489638805, 1.40992486477], [0.86644333601, 2.51376652718, 2.2137157917, 1.32867026329, 1.04547309875, 1.26016104221], [0.464070320129, 1.37155008316, 1.32867026329, 1.16186177731, 1.01919186115, 0.91430413723], [0.355062484741, 0.964489638805, 1.04547309875, 1.01919186115, 1.10859334469, 0.849670350552], [0.497566670179, 1.40992486477, 1.26016104221, 0.91430413723, 0.849670350552, 1.06601774693]]
    }
},
"rhythm": {
    "beats_loudness": {
        "kurt": 0.118294239044,
        "max": 0.043824467808,
        "mean": 0.00930370390415,
        "median": 0.000121138989925,
        "min": 1.60612870559e-07,
        "skew": 1.24289786816,
        "var": 0.000191854283912
    },
    "bpm": 99.9181671143,
    "confidence": 1.0146086216,
    "first_peak_bpm": {
        "kurt": 0,
        "max": 99,
        "mean": 99,
        "median": 99,
        "min": 99,
        "skew": 0,
        "var": 0
    },
    "first_peak_spread": {
        "kurt": 0,
        "max": 0.434782624245,
        "mean": 0.434782624245,
        "median": 0.434782624245,
        "min": 0.434782624245,
        "skew": 0,
        "var": 0
    },
    "first_peak_weight": {
        "kurt": 0,
        "max": 0.324999988079,
        "mean": 0.324999988079,
        "median": 0.324999988079,
        "min": 0.324999988079,
        "skew": 0,
        "var": 0
    },
    "onset_rate": 1.80007648468,
    "second_peak_bpm": {
        "kurt": 0,
        "max": 82,
        "mean": 82,
        "median": 82,
        "min": 82,
        "skew": 0,
        "var": 0
    },
    "second_peak_spread": {
        "kurt": 0,
        "max": 0.399999976158,
        "mean": 0.399999976158,
        "median": 0.399999976158,
        "min": 0.399999976158,
        "skew": 0,
        "var": 0
    },
    "second_peak_weight": {
        "kurt": 0,
        "max": 0.15000000596,
        "mean": 0.15000000596,
        "median": 0.15000000596,
        "min": 0.15000000596,
        "skew": 0,
        "var": 0
    },
    "beats_loudness_band_ratio": {
        "kurt": [28.0404129028, 7.90378856659, -1.57361900806, 13.7134113312, 0.304872751236, 5.55157852173],
        "max": [0.513365328312, 0.738449633121, 0.993004620075, 0.969488024712, 0.814243853092, 0.290255874395],
        "mean": [0.0222619660199, 0.083476126194, 0.622131347656, 0.108512282372, 0.15189267695, 0.0356479696929],
        "median": [0.00079754536273, 0.014835447073, 0.928908348083, 0.039935272187, 0.00714733824134, 0.0027861983981],
        "min": [1.35138338919e-06, 0.000452824140666, 0.00445301597938, 0.00312429061159, 0.000290919211693, 9.34646377573e-05],
        "skew": [5.2838549614, 2.85024690628, -0.515574276447, 3.40228843689, 1.37789809704, 2.47296404839],
        "var": [0.00678519066423, 0.0260454304516, 0.16579477489, 0.0286969095469, 0.0612298101187, 0.00439947471023],
        "cov": [[0.00695482036099, 0.0100249312818, -0.00907556060702, -0.000486937642563, -0.00140523503069, -0.000198663998162], [0.0100249312818, 0.0266965664923, -0.0210233442485, -0.00203492445871, -0.00535008776933, -3.6601559259e-06], [-0.00907556060702, -0.0210233442485, 0.169939637184, -0.0439954772592, -0.0835561901331, -0.0187801718712], [-0.000486937642563, -0.00203492445871, -0.0439954772592, 0.0294143315405, 0.0140217524022, 0.00235706404783], [-0.00140523503069, -0.00535008776933, -0.0835561901331, 0.0140217524022, 0.0627605542541, 0.0119127715006], [-0.000198663998162, -3.6601559259e-06, -0.0187801718712, 0.00235706404783, 0.0119127715006, 0.00450946157798]]
    },
    "beats_position": [0.673378646374, 1.3235373497, 2.02013611794, 2.70512461662, 3.42494320869, 4.13315200806, 4.73687076569, 5.35219955444, 5.94430828094, 6.53641700745, 7.12852573395, 7.73224496841, 8.32435321808, 8.92807197571, 9.54340076447, 10.1935596466, 10.8204984665, 11.4242172241, 12.0395460129, 12.6432647705, 13.2469835281, 13.8390922546, 14.4428119659, 15.0349206924, 15.6734695435, 16.2539672852, 16.8344669342, 17.4381847382, 18.0419044495, 18.6340141296, 19.2377319336, 19.9227199554, 20.5844898224, 21.3159179688, 22.0009059906, 22.7091159821, 23.4405441284, 24.1835823059, 24.9034004211, 25.6348285675, 26.3894786835],
    "bpm_estimates": [99.3840255737, 97.5088424683, 101.332740784, 101.332740784, 101.332740784, 99.3839492798, 101.332824707, 99.3840255737, 97.5088424683, 95.7031173706, 99.3840255737, 97.5088424683, 99.3840255737, 99.3840255737, 101.332740784, 99.3838653564, 101.332740784, 103.359573364, 103.359237671, 99.3841781616, 99.3838653564, 101.332580566, 99.3841781616],
    "bpm_intervals": [0.650158703327, 0.696598768234, 0.684988498688, 0.719818592072, 0.708208799362, 0.603718757629, 0.615328788757, 0.592108726501, 0.592108726501, 0.592108726501, 0.603719234467, 0.592108249664, 0.603718757629, 0.615328788757, 0.650158882141, 0.626938819885, 0.603718757629, 0.615328788757, 0.603718757629, 0.603718757629, 0.592108726501, 0.603719711304, 0.592108726501, 0.638548851013, 0.580497741699, 0.580499649048, 0.603717803955, 0.603719711304, 0.592109680176, 0.603717803955, 0.684988021851, 0.661769866943, 0.731428146362, 0.684988021851, 0.708209991455, 0.731428146362, 0.74303817749, 0.719818115234, 0.731428146362, 0.754650115967],
    "onset_times": [0.127709746361, 0.232199549675, 1.24226760864, 1.52090704441, 1.79954648018, 2.13623571396, 2.63546490669, 3.68036270142, 4.22603178024, 4.26086187363, 5.3754196167, 5.65405893326, 6.14167785645, 6.76861667633, 8.09215450287, 8.24308395386, 8.57977294922, 8.893242836, 10.0194101334, 10.7276191711, 10.8204984665, 11.9814968109, 12.3414058685, 12.6780948639, 13.177324295, 13.6417236328, 14.1873922348, 14.3731517792, 15.3483896255, 15.6618595123, 15.9637184143, 16.5209980011, 17.7516555786, 18.0419044495, 18.3321533203, 18.6224040985, 18.9474830627, 19.6440811157, 20.2594108582, 21.0256690979, 21.3159179688, 21.9660778046, 22.2911567688, 22.6510658264, 23.4289340973, 23.5218143463, 24.8337421417, 25.1356010437, 25.9831295013],
    "histogram": [[0, 0, 0, 0, 0, 0, 0, 0, 0, 0, 0, 0, 0, 0, 0, 0, 0, 0, 0, 0, 0, 0, 0, 0, 0, 0, 0, 0, 0, 0, 0, 0, 0, 0, 0, 0, 0, 0, 0, 0, 0, 0, 0, 0, 0, 0, 0, 0, 0, 0, 0, 0, 0, 0, 0, 0, 0, 0, 0, 0, 0, 0, 0, 0, 0, 0, 0, 0, 0, 0, 0, 0, 0, 0, 0, 0, 0, 0, 0, 0, 0.0250000003725, 0.0250000003725, 0.0750000029802, 0.0500000007451, 0, 0.0500000007451, 0.0250000003725, 0, 0.0750000029802, 0, 0, 0.0250000003725, 0.0500000007451, 0, 0.0250000003725, 0, 0.0250000003725, 0, 0.0750000029802, 0.25, 0, 0.17499999702, 0, 0.0500000007451, 0, 0, 0, 0, 0, 0, 0, 0, 0, 0, 0, 0, 0, 0, 0, 0, 0, 0, 0, 0, 0, 0, 0, 0, 0, 0, 0, 0, 0, 0, 0, 0, 0, 0, 0, 0, 0, 0, 0, 0, 0, 0, 0, 0, 0, 0, 0, 0, 0, 0, 0, 0, 0, 0, 0, 0, 0, 0, 0, 0, 0, 0, 0, 0, 0, 0, 0, 0, 0, 0, 0, 0, 0, 0, 0, 0, 0, 0, 0, 0, 0, 0, 0, 0, 0, 0, 0, 0, 0, 0, 0, 0, 0, 0, 0, 0, 0, 0, 0, 0, 0, 0, 0, 0, 0, 0, 0, 0, 0, 0, 0, 0, 0, 0, 0, 0, 0, 0, 0, 0, 0, 0, 0, 0, 0, 0, 0, 0, 0, 0, 0, 0, 0, 0, 0, 0, 0, 0, 0, 0, 0, 0, 0, 0, 0, 0]]
},
"sfx": {
    "inharmonicity": {
        "kurt": 4.07586431503,
        "max": 0.42101290822,
        "mean": 0.0459006093442,
        "median": 0.00337042473257,
        "min": 0,
        "skew": 2.14559412003,
        "var": 0.00648001814261
    },
    "oddtoevenharmonicenergyratio": {
        "kurt": 394.306488037,
        "max": 495.940673828,
        "mean": 2.11009287834,
        "median": 0.0327023528516,
        "min": 0,
        "skew": 18.1284770966,
        "var": 377.171630859
    },
    "pitch_after_max_to_before_max_energy_ratio": 1.41644096375,
    "pitch_centroid": 526.915527344,
    "pitch_max_to_total": 0.193356052041,
    "pitch_min_to_total": 0.286201030016,
    "tristimulus": {
        "kurt": [-1.47589814663, 1.82968521118, -0.193242549896],
        "max": [1, 0.961924433708, 0.956461191177],
        "mean": [0.568869411945, 0.224189192057, 0.206941381097],
        "median": [0.746405243874, 0.164413198829, 0.0687158703804],
        "min": [0, 0, 0],
        "skew": [-0.444404602051, 1.3643475771, 1.06855380535],
        "var": [0.128295749426, 0.036402579397, 0.0594962984324],
        "cov": [[0.128405123949, -0.052645880729, -0.0757592841983], [-0.052645880729, 0.0364336147904, 0.0162122361362], [-0.0757592841983, 0.0162122361362, 0.0595470219851]]
    }
},
"tonal": {
    "chords_changes_rate": 0.079931974411,
    "chords_number_rate": 0.017006803304,
    "chords_strength": {
        "kurt": -0.581070661545,
        "max": 0.754547297955,
        "mean": 0.48538467288,
        "median": 0.475602775812,
        "min": 0.266957998276,
        "skew": 0.293469816446,
        "var": 0.0101672820747
    },
