{
"metadata": {
    "version": {
        "essentia": "2.1-beta3"
    }
},
"lowLevel": {
    "average_loudness": 0.74760389328,
    "barkbands_kurtosis": {
        "kurt": 71.2079391479,
        "max": 197.572250366,
        "mean": 7.28419589996,
        "median": 2.58547639847,
        "min": -1.88641917706,
        "skew": 6.40127182007,
        "var": 209.641677856
    },
    "barkbands_skewness": {
        "kurt": 1.08742809296,
        "max": 9.61974525452,
        "mean": 1.46362411976,
        "median": 1.40747213364,
        "min": -5.1607966423,
        "skew": -0.0814763307571,
        "var": 3.65550208092
    },
    "barkbands_spread": {
        "kurt": -1.03764200211,
        "max": 50.1937675476,
        "mean": 17.5825195312,
        "median": 13.4620819092,
        "min": 0.337891072035,
        "skew": 0.55024766922,
        "var": 172.485580444
    },
    "dissonance": {
        "kurt": 3.62591409683,
        "max": 0.499999940395,
        "mean": 0.460402786732,
        "median": 0.473625451326,
        "min": 0.221904292703,
        "skew": -1.63951992989,
        "var": 0.00149733654689
    },
    "hfc": {
        "kurt": 21.7488765717,
        "max": 352.793457031,
        "mean": 12.5245847702,
        "median": 0.0466238744557,
        "min": 7.74622208155e-07,
        "skew": 4.5916595459,
        "var": 2151.18164062
    },
    "pitch": {
        "kurt": 0.473275661469,
        "max": 5470.90429688,
        "mean": 1143.40197754,
        "median": 466.114715576,
        "min": 75.63621521,
        "skew": 1.50217318535,
        "var": 2235756.25
    },
    "pitch_instantaneous_confidence": {
        "kurt": -0.607572555542,
        "max": 0.955506384373,
        "mean": 0.480203658342,
        "median": 0.462680280209,
        "min": 0.0218195915222,
        "skew": 0.380333632231,
        "var": 0.0371460057795
    },
    "pitch_salience": {
        "kurt": 1.22271776199,
        "max": 0.932941377163,
        "mean": 0.666776299477,
        "median": 0.680575966835,
        "min": 0.26897507906,
        "skew": -0.943556547165,
        "var": 0.0114274453372
    },
    "silence_rate_20dB": {
        "kurt": 0,
        "max": 1,
        "mean": 1,
        "median": 1,
        "min": 1,
        "skew": 0,
        "var": 0
    },
    "silence_rate_30dB": {
        "kurt": 14.145866394,
        "max": 1,
        "mean": 0.947619020939,
        "median": 1,
        "min": 0,
        "skew": -4.01819133759,
        "var": 0.0496377050877
    },
    "silence_rate_60dB": {
        "kurt": 0.747223615646,
        "max": 1,
        "mean": 0.819047629833,
        "median": 1,
        "min": 0,
        "skew": -1.65748441219,
        "var": 0.148208916187
    },
    "spectral_centroid": {
        "kurt": 1.3813958168,
        "max": 4395.45410156,
        "mean": 1250.06994629,
        "median": 918.622619629,
        "min": 398.804382324,
        "skew": 1.47745907307,
        "var": 796011.5625
    },
    "spectral_complexity": {
        "kurt": 13.2620334625,
        "max": 63,
        "mean": 4.32857131958,
        "median": 0,
        "min": 0,
        "skew": 3.61143684387,
        "var": 119.373725891
    },
    "spectral_crest": {
        "kurt": 0.213815927505,
        "max": 24.7401695251,
        "mean": 10.5587701797,
        "median": 9.88044643402,
        "min": 2.9244492054,
        "skew": 0.759790539742,
        "var": 19.6696453094
    },
    "spectral_decrease": {
        "kurt": 15.5364990234,
        "max": -2.94230473226e-16,
        "mean": -3.98630106702e-09,
        "median": -1.13664242948e-11,
        "min": -8.46172483193e-08,
        "skew": -4.0274310112,
        "var": 1.8990536911e-16
    },
    "spectral_energy": {
        "kurt": 15.6857776642,
        "max": 0.351364403963,
        "mean": 0.016181230545,
        "median": 4.57301575807e-05,
        "min": 1.180753606e-09,
        "skew": 4.04248380661,
        "var": 0.00314567005262
    },
    "spectral_energyband_high": {
        "kurt": 49.083656311,
        "max": 0.00649296911433,
        "mean": 0.000134496294777,
        "median": 1.41964574141e-06,
        "min": 3.43457658147e-11,
        "skew": 6.63027524948,
        "var": 4.00414648993e-07
    },
    "spectral_energyband_low": {
        "kurt": 45.4054946899,
        "max": 0.000288871407975,
        "mean": 7.23377979739e-06,
        "median": 1.90195734717e-07,
        "min": 2.93175872468e-10,
        "skew": 6.36568403244,
        "var": 9.21401233089e-10
    },
    "spectral_energyband_middle_high": {
        "kurt": 37.8162574768,
        "max": 0.132025614381,
        "mean": 0.00332030002028,
        "median": 6.12739950157e-06,
        "min": 7.95775736973e-11,
        "skew": 5.8858757019,
        "var": 0.000200633876375
    },
    "spectral_energyband_middle_low": {
        "kurt": 17.9610691071,
        "max": 0.270750820637,
        "mean": 0.0128330979496,
        "median": 2.41041052504e-05,
        "min": 9.8840147178e-10,
        "skew": 4.26800966263,
        "var": 0.00205760751851
    },
    "spectral_flatness_db": {
        "kurt": -0.823354721069,
        "max": 0.445525527,
        "mean": 0.222965210676,
        "median": 0.219842478633,
        "min": 0.0942070186138,
        "skew": 0.270890921354,
        "var": 0.00503790611401
    },
    "spectral_flux": {
        "kurt": 9.17057514191,
        "max": 0.502392888069,
        "mean": 0.0387188829482,
        "median": 0.00497038709,
        "min": 8.42708868731e-06,
        "skew": 3.01820373535,
        "var": 0.00700243469328
    },
    "spectral_kurtosis": {
        "kurt": 6.44725322723,
        "max": 40.2076568604,
        "mean": 7.15540075302,
        "median": 4.84196281433,
        "min": -0.436896800995,
        "skew": 2.27084851265,
        "var": 41.9348258972
    },
    "spectral_rms": {
        "kurt": 8.9034280777,
        "max": 0.0185147114098,
        "mean": 0.00159960961901,
        "median": 0.000211220758501,
        "min": 1.07329151433e-06,
        "skew": 3.08900904655,
        "var": 1.32278155434e-05
    },
    "spectral_rolloff": {
        "kurt": -1.22668862343,
        "max": 5943.1640625,
        "mean": 2043.55224609,
        "median": 1485.79101562,
        "min": 430.6640625,
        "skew": 0.565715253353,
        "var": 2387980
    },
    "spectral_skewness": {
        "kurt": 0.541821241379,
        "max": 5.10473537445,
        "mean": 1.88434147835,
        "median": 1.63948941231,
        "min": -0.178211182356,
        "skew": 0.801023304462,
        "var": 0.863417506218
    },
    "spectral_spread": {
        "kurt": 19.2796001434,
        "max": 14338494,
        "mean": 3777351,
        "median": 3693936.25,
        "min": 1489699.5,
        "skew": 2.75027990341,
        "var": 1.3602217001e+12
    },
    "spectral_strongpeak": {
        "kurt": 15.3244380951,
        "max": 9.36427688599,
        "mean": 0.486310273409,
        "median": 0.0540314018726,
        "min": 7.59769900469e-05,
        "skew": 3.71681165695,
        "var": 1.45468425751
    },
    "zerocrossingrate": {
        "kurt": -0.126159191132,
        "max": 0.197265625,
        "mean": 0.0723563060164,
        "median": 0.05908203125,
        "min": 0.01123046875,
        "skew": 0.887642204762,
        "var": 0.00198798626661
    },
    "barkbands": {
        "kurt": [53.6172904968, 304.93661499, 71.7762527466, 52.687084198, 45.9380607605, 89.6815719604, 35.7212028503, 33.0429039001, 128.515441895, 68.274559021, 132.073760986, 56.7189369202, 48.0387992859, 53.1980819702, 51.4095344543, 72.5221786499, 167.730285645, 46.6650924683, 90.6832199097, 55.5945243835, 101.309623718, 36.8639640808, 43.987449646, 29.8920974731, 29.5000648499, 36.0272331238, 56.5985145569],
        "max": [2.95388190352e-07, 0.00010898423352, 0.000169386708876, 0.000369693967514, 0.00227073184215, 0.0142251700163, 0.228583753109, 0.194675937295, 0.0714331418276, 0.041317500174, 0.0409071929753, 0.00675870105624, 0.0206953734159, 0.0419066697359, 0.00684271752834, 0.00498486449942, 0.0219651423395, 0.00885208509862, 0.0137783009559, 0.0051365881227, 0.00458492850885, 0.000923722225707, 0.000276856997516, 2.65975686489e-05, 1.13232017611e-05, 5.06047911131e-07, 1.9506495974e-08],
        "mean": [6.42745501267e-09, 7.44468025005e-07, 3.02648300021e-06, 7.41010535421e-06, 5.77378450544e-05, 0.000247570424108, 0.00612756749615, 0.00535805942491, 0.000798477733042, 0.000743462296668, 0.000431674474385, 0.000137902592542, 0.00045540172141, 0.000836994790006, 0.000131046152092, 7.76381639298e-05, 0.000208013720112, 0.000189413622138, 0.000174149172381, 9.95889568003e-05, 6.35129181319e-05, 2.44525217568e-05, 6.24697986495e-06, 7.98051928541e-07, 3.27224483954e-07, 1.20050351882e-08, 4.15958184563e-10],
        "median": [1.55071316899e-10, 1.59950950263e-08, 5.63180577728e-08, 2.79613232124e-07, 2.2079370865e-06, 1.65592246049e-06, 7.08334391675e-06, 4.92492927151e-06, 1.2351854366e-06, 6.43354837848e-07, 2.77489561995e-07, 2.39252500478e-07, 2.89861503688e-07, 2.6548187293e-07, 2.15269238879e-07, 1.12455694534e-07, 1.15590736982e-07, 2.14506627572e-07, 4.8252434226e-07, 7.73387569097e-07, 5.62968466511e-07, 1.28674656708e-07, 2.24097185253e-08, 3.0093931791e-09, 1.45591982914e-09, 4.72487535208e-11, 1.35642116029e-12],
        "min": [1.1707732765e-13, 1.05507703269e-12, 7.14959549897e-11, 2.58265353548e-10, 3.81358729318e-11, 5.98618238312e-11, 3.71954217426e-10, 1.96483926351e-10, 2.09657586431e-11, 4.08608780492e-12, 3.70909986752e-12, 7.22849861565e-12, 2.76946109275e-12, 3.05888539325e-12, 3.16808168241e-12, 3.05430442223e-12, 1.12345532183e-11, 1.37328759475e-11, 1.11069825212e-11, 2.04998518161e-11, 1.24954942227e-11, 4.41204624918e-12, 2.61288863809e-12, 2.05435993737e-12, 2.07953077501e-12, 1.56006975459e-13, 8.59315772022e-15],
        "skew": [6.5578289032, 16.58045578, 7.65230083466, 6.76227664948, 6.25090789795, 8.30647563934, 5.69490766525, 5.60039377213, 10.6845331192, 7.6326508522, 10.4499597549, 7.0297627449, 6.36098051071, 6.82261753082, 6.81238651276, 7.65792179108, 11.6672487259, 6.56980991364, 8.78252315521, 7.22753286362, 8.82446289062, 5.79051113129, 6.20291757584, 5.42179012299, 5.34523105621, 5.87756872177, 6.91666984558],
        "var": [6.43559116181e-16, 3.26532377526e-11, 1.79114070797e-10, 1.08452291592e-09, 4.50147048525e-08, 1.0705615523e-06, 0.000635598378722, 0.000544083537534, 2.40816443693e-05, 1.22808341985e-05, 7.29139446776e-06, 3.93917275687e-07, 3.64784750673e-06, 1.61087336892e-05, 4.40692048187e-07, 1.51746945676e-07, 1.81850737135e-06, 9.77049012363e-07, 1.08286076284e-06, 2.85426892788e-07, 1.03003401364e-07, 1.075840661e-08, 7.44513173334e-10, 1.31150411711e-11, 2.06579805345e-12, 3.44384453409e-15, 3.15273976133e-18],
        "cov": [[6.45095051613e-16, 5.57211137582e-14, 1.80495334933e-13, 4.66639639256e-13, 3.63595091535e-12, 8.68499282908e-12, 2.69199468272e-10, 3.26708049503e-10, 2.93231029735e-11, 6.03079114425e-11, 3.32945164494e-11, 1.12162362731e-11, 2.96774896325e-11, 5.44594959406e-11, 8.13157961105e-12, 5.15954163074e-12, 1.58419735663e-11, 1.49548429196e-11, 1.26270062115e-11, 7.0743367761e-12, 4.17848871823e-12, 1.70310955009e-12, 4.47195611705e-13, 5.4606709779e-14, 2.073318798e-14, 8.03012009711e-16, 1.95266703854e-17], [5.57211137582e-14, 3.273116847e-11, 3.62810614885e-11, 8.4213740148e-11, 4.78301120932e-10, 1.70653435827e-09, 2.94625710495e-08, 6.76105713637e-08, 1.47931968897e-08, 7.79908848614e-09, 3.9718104361e-09, 1.36872735368e-09, 3.34808447633e-09, 1.05405151274e-08, 2.17209494835e-09, 8.44125047639e-10, 3.81570597341e-09, 3.62045682323e-09, 2.45185116654e-09, 1.73066516673e-09, 8.31537505519e-10, 2.73904121606e-10, 8.03347388612e-11, 1.0016273401e-11, 4.52199562517e-12, 1.86183628736e-13, 6.5635562408e-15], [1.80495334933e-13, 3.62810614885e-11, 1.79541548295e-10, 3.17432691244e-10, 2.16989604063e-09, 3.94740506948e-09, 1.46089746522e-07, 2.53844859799e-07, 3.21499697975e-08, 2.84206240764e-08, 1.48013654666e-08, 3.33151084497e-09, 1.4106185553e-08, 3.55611682323e-08, 6.64137811413e-09, 3.41562578221e-09, 1.24633841025e-08, 1.02499182475e-08, 9.92158621926e-09, 5.73587577435e-09, 3.34215854991e-09, 1.02139519065e-09, 2.50925780154e-10, 3.81702655594e-11, 1.48082622553e-11, 6.24770363482e-13, 1.66977586949e-14], [4.66639639256e-13, 8.4213740148e-11, 3.17432691244e-10, 1.08711128988e-09, 4.92414375941e-09, 1.08222275585e-08, 5.05557011365e-07, 5.04680656377e-07, 8.80684964955e-08, 6.16144220089e-08, 4.17476897496e-08, 8.98497454216e-09, 2.5857435304e-08, 7.41984251817e-08, 1.54264601093e-08, 8.07385269752e-09, 1.88143847168e-08, 2.19394156176e-08, 1.65055524803e-08, 1.05743085399e-08, 5.75435565864e-09, 2.08338968299e-09, 5.12303255373e-10, 8.05074340526e-11, 3.30823632377e-11, 1.3255435161e-12, 3.86852991318e-14], [3.63595091535e-12, 4.78301120932e-10, 2.16989604063e-09, 4.92414375941e-09, 4.51221389142e-08, 5.60983295372e-08, 3.20016079058e-06, 3.37148890139e-06, 3.76709323291e-07, 4.596689962e-07, 3.16268085498e-07, 7.74364607992e-08, 2.38657378304e-07, 5.87745887515e-07, 9.22876353115e-08, 6.20249736016e-08, 1.41242125551e-07, 1.68224602248e-07, 1.31938122649e-07, 7.97256518581e-08, 4.10680023322e-08, 1.57930539757e-08, 4.18262269264e-09, 5.96947880016e-10, 2.21431928349e-10, 8.71617535092e-12, 1.99481083778e-13], [8.68499282908e-12, 1.70653435827e-09, 3.94740506948e-09, 1.08222275585e-08, 5.60983295372e-08, 1.07311655029e-06, 1.1403469216e-05, 6.90922524882e-06, 1.33798926072e-06, 6.77921264014e-07, 2.59906499878e-07, 1.4145327043e-07, 7.09995845227e-07, 8.62388617406e-07, 1.78611784918e-07, 6.91962682708e-08, 2.80529604879e-07, 2.26272973691e-07, 1.89283383634e-07, 1.16533627192e-07, 7.42434522749e-08, 2.54709302538e-08, 5.7271729581e-09, 8.97771301744e-10, 4.27580609808e-10, 1.67371550647e-11, 6.91206261064e-13], [2.69199468272e-10, 2.94625710495e-08, 1.46089746522e-07, 5.05557011365e-07, 3.20016079058e-06, 1.1403469216e-05, 0.000637115328573, 0.000266014831141, 3.31015653501e-05, 2.3122964194e-05, 1.83281790669e-05, 5.82871962251e-06, 2.73155292234e-05, 3.97205221816e-05, 6.69389055474e-06, 3.92362517232e-06, 1.44497016663e-05, 9.90556236502e-06, 1.06479847091e-05, 5.36448851562e-06, 3.41789586855e-06, 1.12057205115e-06, 2.64334204303e-07, 4.33173710235e-08, 1.94288709565e-08, 7.45880912589e-10, 2.44240166286e-11], [3.26708049503e-10, 6.76105713637e-08, 2.53844859799e-07, 5.04680656377e-07, 3.37148890139e-06, 6.90922524882e-06, 0.000266014831141, 0.000545382034034, 7.64949363656e-05, 4.15747417719e-05, 2.01993752853e-05, 6.58119597574e-06, 2.01273815037e-05, 6.45079926471e-05, 1.3297737496e-05, 5.96131621933e-06, 2.28906883422e-05, 1.77109504875e-05, 1.69372251548e-05, 9.2906620921e-06, 5.88554075875e-06, 1.96874725589e-06, 5.30109332431e-07, 7.48745563328e-08, 3.03595726336e-08, 1.25681121066e-09, 3.17718663878e-11], [2.93231029735e-11, 1.47931968897e-08, 3.21499697975e-08, 8.80684964955e-08, 3.76709323291e-07, 1.33798926072e-06, 3.31015653501e-05, 7.64949363656e-05, 2.41391189775e-05, 6.68432176099e-06, 1.42752617194e-06, 5.68194650441e-07, 1.66460938544e-06, 6.727105756e-06, 2.85360511043e-06, 9.29335044475e-07, 2.48471405939e-06, 2.55923578152e-06, 1.62045728302e-06, 1.23551819797e-06, 7.30467661469e-07, 2.44444350983e-07, 6.99607127785e-08, 1.14584901567e-08, 4.77958694844e-09, 2.03384753483e-10, 4.32057731606e-12], [6.03079114425e-11, 7.79908848614e-09, 2.84206240764e-08, 6.16144220089e-08, 4.596689962e-07, 6.77921264014e-07, 2.3122964194e-05, 4.15747417719e-05, 6.68432176099e-06, 1.23101435747e-05, 6.71770203553e-06, 1.65913513683e-06, 4.53115353594e-06, 8.58601197251e-06, 1.44362877563e-06, 1.00523993751e-06, 1.63439051448e-06, 2.3396260076e-06, 1.81626103313e-06, 1.12704765343e-06, 6.23672121947e-07, 2.62739291657e-07, 6.19308835326e-08, 8.5176692366e-09, 2.91263213548e-09, 1.12600401225e-10, 2.21901164978e-12], [3.32945164494e-11, 3.9718104361e-09, 1.48013654666e-08, 4.17476897496e-08, 3.16268085498e-07, 2.59906499878e-07, 1.83281790669e-05, 2.01993752853e-05, 1.42752617194e-06, 6.71770203553e-06, 7.30879628463e-06, 1.21801770092e-06, 2.41586053562e-06, 8.61446551426e-06, 7.83709140251e-07, 8.94221102499e-07, 1.18825562367e-06, 1.82728945219e-06, 1.78983123078e-06, 9.72510406427e-07, 4.81078757275e-07, 1.98400442741e-07, 3.95190831171e-08, 6.11780803794e-09, 2.0534951517e-09, 7.19437565078e-11, 1.44761882603e-12], [1.12162362731e-11, 1.36872735368e-09, 3.33151084497e-09, 8.98497454216e-09, 7.74364607992e-08, 1.4145327043e-07, 5.82871962251e-06, 6.58119597574e-06, 5.68194650441e-07, 1.65913513683e-06, 1.21801770092e-06, 3.94857408992e-07, 8.7113284053e-07, 1.67905875514e-06, 1.74536893383e-07, 1.64081555454e-07, 3.11942557119e-07, 3.9104793359e-07, 3.44401627217e-07, 1.80803297667e-07, 1.00355350696e-07, 4.82830948556e-08, 1.18355147904e-08, 1.45647593985e-09, 5.28153243362e-10, 1.7837850988e-11, 5.37412399738e-13], [2.96774896325e-11, 3.34808447633e-09, 1.4106185553e-08, 2.5857435304e-08, 2.38657378304e-07, 7.09995845227e-07, 2.73155292234e-05, 2.01273815037e-05, 1.66460938544e-06, 4.53115353594e-06, 2.41586053562e-06, 8.7113284053e-07, 3.65655364476e-06, 3.94694825445e-06, 5.08186474235e-07, 3.7679211573e-07, 1.01260604879e-06, 9.73928422354e-07, 8.90372803042e-07, 4.53070384765e-07, 2.81024199467e-07, 1.13694341053e-07, 2.61946624391e-08, 3.53272344711e-09, 1.45065248702e-09, 5.38119375448e-11, 1.44140721494e-12], [5.44594959406e-11, 1.05405151274e-08, 3.55611682323e-08, 7.41984251817e-08, 5.87745887515e-07, 8.62388617406e-07, 3.97205221816e-05, 6.45079926471e-05, 6.727105756e-06, 8.58601197251e-06, 8.61446551426e-06, 1.67905875514e-06, 3.94694825445e-06, 1.61471798492e-05, 1.75736579422e-06, 1.30479236304e-06, 3.75731656277e-06, 3.50776008418e-06, 3.62636956197e-06, 1.92483389583e-06, 1.09726909159e-06, 3.80961836299e-07, 8.32859043953e-08, 1.25674075591e-08, 4.6332884196e-09, 1.79290804425e-10, 4.52145135568e-12], [8.13157961105e-12, 2.17209494835e-09, 6.64137811413e-09, 1.54264601093e-08, 9.22876353115e-08, 1.78611784918e-07, 6.69389055474e-06, 1.3297737496e-05, 2.85360511043e-06, 1.44362877563e-06, 7.83709140251e-07, 1.74536893383e-07, 5.08186474235e-07, 1.75736579422e-06, 4.41743821966e-07, 1.97454639306e-07, 5.3434291658e-07, 5.38602307643e-07, 4.28619642889e-07, 2.70441717021e-07, 1.53459851049e-07, 5.21997307601e-08, 1.3413702149e-08, 2.10799067091e-09, 8.49373071876e-10, 3.55045749745e-11, 7.28896977498e-13], [5.15954163074e-12, 8.44125047639e-10, 3.41562578221e-09, 8.07385269752e-09, 6.20249736016e-08, 6.91962682708e-08, 3.92362517232e-06, 5.96131621933e-06, 9.29335044475e-07, 1.00523993751e-06, 8.94221102499e-07, 1.64081555454e-07, 3.7679211573e-07, 1.30479236304e-06, 1.97454639306e-07, 1.52109109308e-07, 2.55197363686e-07, 3.27439977355e-07, 3.00517513097e-07, 1.68060012129e-07, 8.68502638696e-08, 3.38588286297e-08, 7.69323715843e-09, 1.23232901661e-09, 4.40368214116e-10, 1.73416992572e-11, 3.19022938492e-13], [1.58419735663e-11, 3.81570597341e-09, 1.24633841025e-08, 1.88143847168e-08, 1.41242125551e-07, 2.80529604879e-07, 1.44497016663e-05, 2.28906883422e-05, 2.48471405939e-06, 1.63439051448e-06, 1.18825562367e-06, 3.11942557119e-07, 1.01260604879e-06, 3.75731656277e-06, 5.3434291658e-07, 2.55197363686e-07, 1.82284748007e-06, 8.95918560673e-07, 1.27407793116e-06, 6.01626595653e-07, 3.990477353e-07, 1.08094958762e-07, 2.21545022328e-08, 3.6139449211e-09, 1.43229572647e-09, 6.25305987545e-11, 1.72420259494e-12], [1.49548429196e-11, 3.62045682323e-09, 1.02499182475e-08, 2.19394156176e-08, 1.68224602248e-07, 2.26272973691e-07, 9.90556236502e-06, 1.77109504875e-05, 2.55923578152e-06, 2.3396260076e-06, 1.82728945219e-06, 3.9104793359e-07, 9.73928422354e-07, 3.50776008418e-06, 5.38602307643e-07, 3.27439977355e-07, 8.95918560673e-07, 9.79380956778e-07, 8.17345664927e-07, 4.87412364691e-07, 2.47237153417e-07, 8.77889405615e-08, 2.10235882037e-08, 3.16043280435e-09, 1.25311183652e-09, 4.97938357213e-11, 1.12936602344e-12], [1.26270062115e-11, 2.45185116654e-09, 9.92158621926e-09, 1.65055524803e-08, 1.31938122649e-07, 1.89283383634e-07, 1.06479847091e-05, 1.69372251548e-05, 1.62045728302e-06, 1.81626103313e-06, 1.78983123078e-06, 3.44401627217e-07, 8.90372803042e-07, 3.62636956197e-06, 4.28619642889e-07, 3.00517513097e-07, 1.27407793116e-06, 8.17345664927e-07, 1.08544509203e-06, 5.22793129676e-07, 3.15872796364e-07, 9.57620898134e-08, 1.8424556103e-08, 3.15212878021e-09, 1.16955456431e-09, 4.90343182724e-11, 1.19560687305e-12], [7.0743367761e-12, 1.73066516673e-09, 5.73587577435e-09, 1.05743085399e-08, 7.97256518581e-08, 1.16533627192e-07, 5.36448851562e-06, 9.2906620921e-06, 1.23551819797e-06, 1.12704765343e-06, 9.72510406427e-07, 1.80803297667e-07, 4.53070384765e-07, 1.92483389583e-06, 2.70441717021e-07, 1.68060012129e-07, 6.01626595653e-07, 4.87412364691e-07, 5.22793129676e-07, 2.86108104319e-07, 1.58136671757e-07, 4.93735576867e-08, 1.04376809418e-08, 1.70354641504e-09, 6.46875941701e-10, 2.66014883732e-11, 6.50599420258e-13], [4.17848871823e-12, 8.31537505519e-10, 3.34215854991e-09, 5.75435565864e-09, 4.10680023322e-08, 7.42434522749e-08, 3.41789586855e-06, 5.88554075875e-06, 7.30467661469e-07, 6.23672121947e-07, 4.81078757275e-07, 1.00355350696e-07, 2.81024199467e-07, 1.09726909159e-06, 1.53459851049e-07, 8.68502638696e-08, 3.990477353e-07, 2.47237153417e-07, 3.15872796364e-07, 1.58136671757e-07, 1.0324923494e-07, 3.01911988743e-08, 6.20654905248e-09, 1.00952668447e-09, 3.69431152336e-10, 1.5578044063e-11, 4.13936815597e-13], [1.70310955009e-12, 2.73904121606e-10, 1.02139519065e-09, 2.08338968299e-09, 1.57930539757e-08, 2.54709302538e-08, 1.12057205115e-06, 1.96874725589e-06, 2.44444350983e-07, 2.62739291657e-07, 1.98400442741e-07, 4.82830948556e-08, 1.13694341053e-07, 3.80961836299e-07, 5.21997307601e-08, 3.38588286297e-08, 1.08094958762e-07, 8.77889405615e-08, 9.57620898134e-08, 4.93735576867e-08, 3.01911988743e-08, 1.078408296e-08, 2.47035014667e-09, 3.57162299736e-10, 1.29953312e-10, 5.13867073892e-12, 1.27876767335e-13], [4.47195611705e-13, 8.03347388612e-11, 2.50925780154e-10, 5.12303255373e-10, 4.18262269264e-09, 5.7271729581e-09, 2.64334204303e-07, 5.30109332431e-07, 6.99607127785e-08, 6.19308835326e-08, 3.95190831171e-08, 1.18355147904e-08, 2.61946624391e-08, 8.32859043953e-08, 1.3413702149e-08, 7.69323715843e-09, 2.21545022328e-08, 2.10235882037e-08, 1.8424556103e-08, 1.04376809418e-08, 6.20654905248e-09, 2.47035014667e-09, 7.46290029774e-10, 8.83502507265e-11, 3.30527133441e-11, 1.26389632267e-12, 3.18549609705e-14], [5.4606709779e-14, 1.0016273401e-11, 3.81702655594e-11, 8.05074340526e-11, 5.96947880016e-10, 8.97771301744e-10, 4.33173710235e-08, 7.48745563328e-08, 1.14584901567e-08, 8.5176692366e-09, 6.11780803794e-09, 1.45647593985e-09, 3.53272344711e-09, 1.25674075591e-08, 2.10799067091e-09, 1.23232901661e-09, 3.6139449211e-09, 3.16043280435e-09, 3.15212878021e-09, 1.70354641504e-09, 1.00952668447e-09, 3.57162299736e-10, 8.83502507265e-11, 1.31463425215e-11, 4.9255577915e-12, 1.98797006417e-13, 4.48686862336e-15], [2.073318798e-14, 4.52199562517e-12, 1.48082622553e-11, 3.30823632377e-11, 2.21431928349e-10, 4.27580609808e-10, 1.94288709565e-08, 3.03595726336e-08, 4.77958694844e-09, 2.91263213548e-09, 2.0534951517e-09, 5.28153243362e-10, 1.45065248702e-09, 4.6332884196e-09, 8.49373071876e-10, 4.40368214116e-10, 1.43229572647e-09, 1.25311183652e-09, 1.16955456431e-09, 6.46875941701e-10, 3.69431152336e-10, 1.29953312e-10, 3.30527133441e-11, 4.9255577915e-12, 2.07072835441e-12, 8.23212686712e-14, 1.96494258412e-15], [8.03012009711e-16, 1.86183628736e-13, 6.24770363482e-13, 1.3255435161e-12, 8.71617535092e-12, 1.67371550647e-11, 7.45880912589e-10, 1.25681121066e-09, 2.03384753483e-10, 1.12600401225e-10, 7.19437565078e-11, 1.7837850988e-11, 5.38119375448e-11, 1.79290804425e-10, 3.55045749745e-11, 1.73416992572e-11, 6.25305987545e-11, 4.97938357213e-11, 4.90343182724e-11, 2.66014883732e-11, 1.5578044063e-11, 5.13867073892e-12, 1.26389632267e-12, 1.98797006417e-13, 8.23212686712e-14, 3.45206371829e-15, 7.5741143513e-17], [1.95266703854e-17, 6.5635562408e-15, 1.66977586949e-14, 3.86852991318e-14, 1.99481083778e-13, 6.91206261064e-13, 2.44240166286e-11, 3.17718663878e-11, 4.32057731606e-12, 2.21901164978e-12, 1.44761882603e-12, 5.37412399738e-13, 1.44140721494e-12, 4.52145135568e-12, 7.28896977498e-13, 3.19022938492e-13, 1.72420259494e-12, 1.12936602344e-12, 1.19560687305e-12, 6.50599420258e-13, 4.13936815597e-13, 1.27876767335e-13, 3.18549609705e-14, 4.48686862336e-15, 1.96494258412e-15, 7.5741143513e-17, 3.16026420977e-18]]
    },
    "mfcc": {
        "kurt": [1.28178691864, -1.02220368385, 0.229453802109, 0.217234134674, -0.462302684784, -0.257916927338, 0.268522262573, -0.380418539047, 0.24871301651, 0.300317525864, -0.220294713974, 0.361608505249, 0.0991621017456],
        "max": [-512.538330078, 181.188842773, 58.3518409729, 68.030090332, 13.7946624756, 15.2298355103, 23.5204353333, 7.5237903595, 16.9184455872, 28.6936740875, 33.8800315857, 26.067741394, 22.1045684814],
        "mean": [-940.729187012, 91.9633560181, -15.8076639175, 7.14789152145, -37.7001800537, -23.7460155487, -14.6687316895, -26.2514820099, -14.8370428085, -4.12660837173, -2.03411054611, -4.51304244995, -5.98024272919],
        "median": [-977.602478027, 93.6511917114, -7.66002655029, 10.305355072, -34.5990257263, -22.8456344604, -11.6859703064, -26.4971008301, -14.6399116516, -5.31061935425, -3.14772415161, -4.23463058472, -6.57137393951],
        "min": [-1138.42004395, 1.14440917969e-05, -126.798019409, -78.9409103394, -110.534240723, -67.8011627197, -71.4394226074, -58.520652771, -51.5193481445, -29.9191741943, -37.7261390686, -38.2736473083, -27.3896903992],
        "skew": [1.30041646957, -0.0631356686354, -0.802018761635, -0.551643192768, -0.524353921413, -0.22391153872, -0.672606468201, 0.0250386167318, 0.0492731183767, 0.366081506014, 0.169194146991, -0.111585810781, 0.394447058439],
        "var": [18950.0273438, 1756.76342773, 1368.37658691, 750.366882324, 821.830932617, 216.214263916, 335.854675293, 142.168869019, 111.452651978, 116.42389679, 172.401763916, 97.7573623657, 78.5309677124],
        "cov": [[18995.2539062, 3723.71142578, -3653.29541016, -991.977600098, -2826.90136719, -546.953125, -1652.19580078, -360.454864502, -41.1938667297, 198.278396606, 1203.8494873, 375.252349854, 153.086975098], [3723.71142578, 1760.95617676, -235.004486084, -271.925018311, -809.131958008, -351.056427002, -462.254638672, -224.690170288, -66.2010116577, -15.7468900681, 301.792907715, 81.4176254272, 36.6378479004], [-3653.29541016, -235.004486084, 1371.64245605, 436.986022949, 513.682067871, -10.4141464233, 302.750946045, -25.2886619568, -74.7604751587, -43.0259590149, -177.21572876, -51.2544784546, 1.61549711227], [-991.977600098, -271.925018311, 436.986022949, 752.157714844, 405.831359863, -47.6054420471, 227.731750488, -61.4080085754, -84.7325286865, 39.1889724731, -79.704284668, -47.9698143005, 31.360206604], [-2826.90136719, -809.131958008, 513.682067871, 405.831359863, 823.792358398, 131.342041016, 298.164550781, 128.184432983, -11.2647361755, -16.0838336945, -208.917282104, -81.7665328979, -19.1143608093], [-546.953125, -351.056427002, -10.4141464233, -47.6054420471, 131.342041016, 216.730285645, 83.9075012207, 50.7126998901, 26.7576007843, -35.0256576538, -46.1711463928, 1.23281896114, -3.83230161667], [-1652.19580078, -462.254638672, 302.750946045, 227.731750488, 298.164550781, 83.9075012207, 336.65625, 41.0101470947, -42.2638473511, 12.0074224472, -136.941436768, -45.7181816101, -2.56085968018], [-360.454864502, -224.690170288, -25.2886619568, -61.4080085754, 128.184432983, 50.7126998901, 41.0101470947, 142.508178711, 23.745054245, -17.2825374603, -16.8569068909, -29.324716568, -10.7669849396], [-41.1938667297, -66.2010116577, -74.7604751587, -84.7325286865, -11.2647361755, 26.7576007843, -42.2638473511, 23.745054245, 111.718650818, 2.44845199585, -16.8865909576, 13.0991382599, -35.5582084656], [198.278396606, -15.7468900681, -43.0259590149, 39.1889724731, -16.0838336945, -35.0256576538, 12.0074224472, -17.2825374603, 2.44845199585, 116.701751709, 38.9893798828, -24.7046165466, 10.9052295685], [1203.8494873, 301.792907715, -177.21572876, -79.704284668, -208.917282104, -46.1711463928, -136.941436768, -16.8569068909, -16.8865909576, 38.9893798828, 172.813232422, 31.6189517975, 11.0392150879], [375.252349854, 81.4176254272, -51.2544784546, -47.9698143005, -81.7665328979, 1.23281896114, -45.7181816101, -29.324716568, 13.0991382599, -24.7046165466, 31.6189517975, 97.9906768799, 10.6455612183], [153.086975098, 36.6378479004, 1.61549711227, 31.360206604, -19.1143608093, -3.83230161667, -2.56085968018, -10.7669849396, -35.5582084656, 10.9052295685, 11.0392150879, 10.6455612183, 78.7183990479]]
    },
    "sccoeffs": {
        "kurt": [0.00381231307983, 2.05130195618, 1.38047027588, 0.978500127792, 0.115902900696, 0.052862405777],
        "max": [-0.434702545404, -0.312167614698, -0.477105736732, -0.564684510231, -0.680913507938, -0.628025829792],
        "mean": [-0.681527733803, -0.758609712124, -0.821261286736, -0.824800550938, -0.838632941246, -0.764823496342],
        "median": [-0.68198788166, -0.803358078003, -0.845417678356, -0.851789832115, -0.848659873009, -0.772221505642],
        "min": [-0.978699326515, -0.960578978062, -0.954103350639, -0.98774176836, -0.972459554672, -0.937076032162],
        "skew": [0.0205274410546, 1.69013476372, 1.19725048542, 1.2959574461, 0.732658803463, 0.235581338406],
        "var": [0.00660591712222, 0.0192846488208, 0.0064531173557, 0.00644169421867, 0.00232067541219, 0.00256540486589],
        "cov": [[0.00662168301642, 0.00520752230659, 0.00347376940772, 0.00292521086521, 0.00137740047649, 0.00149139226414], [0.00520752230659, 0.0193306729198, 0.00824729632586, 0.0087477248162, 0.00335012190044, 0.00374290999025], [0.00347376940772, 0.00824729632586, 0.00646851863712, 0.00405844300985, 0.00180877221283, 0.00186120416038], [0.00292521086521, 0.0087477248162, 0.00405844300985, 0.00645706802607, 0.00183909223415, 0.00226714578457], [0.00137740047649, 0.00335012190044, 0.00180877221283, 0.00183909223415, 0.00232621398754, 0.00116289034486], [0.00149139226414, 0.00374290999025, 0.00186120416038, 0.00226714578457, 0.00116289034486, 0.00257152761333]]
    },
    "scvalleys": {
        "kurt": [0.410316944122, -0.571840763092, 0.697231769562, 1.67819738388, 2.93236780167, 0.940319538116],
        "max": [-6.11409378052, -3.73384213448, -3.85488367081, -4.75220251083, -5.07579374313, -8.1809091568],
        "mean": [-10.1320466995, -7.91493034363, -8.78062152863, -9.43899059296, -9.70949745178, -12.4868221283],
        "median": [-10.2304668427, -8.10777759552, -9.26534843445, -9.79532432556, -9.94763565063, -12.7420873642],
        "min": [-14.7684488297, -13.8927412033, -14.9429559708, -15.3830795288, -15.0759344101, -16.2150287628],
        "skew": [0.3936432302, 0.130105823278, 0.746426582336, 0.971137583256, 1.03403973579, 1.0002052784],
        "var": [1.55074501038, 3.28602552414, 3.03429698944, 2.47034478188, 1.87688219547, 2.15904736519],
        "cov": [[1.55444610119, 1.68262183666, 1.32327592373, 1.25075936317, 1.20787990093, 1.33317101002], [1.68262183666, 3.29386806488, 2.77644467354, 2.31001830101, 1.91071426868, 2.22659301758], [1.32327592373, 2.77644467354, 3.04153895378, 2.5491039753, 2.0511572361, 2.28522872925], [1.25075936317, 2.31001830101, 2.5491039753, 2.47624063492, 2.02580499649, 2.16556882858], [1.20787990093, 1.91071426868, 2.0511572361, 2.02580499649, 1.88136160374, 1.90277290344], [1.33317101002, 2.22659301758, 2.28522872925, 2.16556882858, 1.90277290344, 2.16420030594]]
    }
},
"rhythm": {
    "beats_loudness": {
        "kurt": 2.45379638672,
        "max": 0.0365828797221,
        "mean": 0.00593525543809,
        "median": 0.0002803945099,
        "min": 6.29724979717e-07,
        "skew": 1.90197956562,
        "var": 0.000118364056107
    },
    "bpm": 77.1557540894,
    "confidence": 2.3000998497,
    "first_peak_bpm": {
        "kurt": 0,
        "max": 76,
        "mean": 76,
        "median": 76,
        "min": 76,
        "skew": 0,
        "var": 0
    },
    "first_peak_spread": {
        "kurt": 0,
        "max": 0.363636374474,
        "mean": 0.363636374474,
        "median": 0.363636374474,
        "min": 0.363636374474,
        "skew": 0,
        "var": 0
    },
    "first_peak_weight": {
        "kurt": 0,
        "max": 0.636363625526,
        "mean": 0.636363625526,
        "median": 0.636363625526,
        "min": 0.636363625526,
        "skew": 0,
        "var": 0
    },
    "onset_rate": 2.05878019333,
    "second_peak_bpm": {
        "kurt": 0,
        "max": 0,
        "mean": 0,
        "median": 0,
        "min": 0,
        "skew": 0,
        "var": 0
    },
    "second_peak_spread": {
        "kurt": 0,
        "max": 0,
        "mean": 0,
        "median": 0,
        "min": 0,
        "skew": 0,
        "var": 0
    },
    "second_peak_weight": {
        "kurt": 0,
        "max": 0,
        "mean": 0,
        "median": 0,
        "min": 0,
        "skew": 0,
        "var": 0
    },
    "beats_loudness_band_ratio": {
        "kurt": [-0.820342540741, -1.27398920059, -0.571904182434, 0.766262292862, 0.698814153671, 2.0920124054],
        "max": [0.0615108348429, 0.551427900791, 0.8673594594, 0.447633564472, 0.392448574305, 0.687783360481],
        "mean": [0.0210827346891, 0.214287891984, 0.422163695097, 0.125397875905, 0.100849531591, 0.146744892001],
        "median": [0.015881370753, 0.16312879324, 0.411945998669, 0.0558315552771, 0.0470990091562, 0.0694507062435],
        "min": [1.24951802718e-05, 0.00207165488973, 0.0320569574833, 0.0187247358263, 0.00311945774592, 0.00306961103342],
        "skew": [0.781430959702, 0.446310758591, 0.210048735142, 1.46574282646, 1.47334861755, 1.71072697639],
        "var": [0.000431331078289, 0.0376794263721, 0.0620788224041, 0.0177542399615, 0.0154929077253, 0.0382655076683],
        "cov": [[0.000470542989206, 0.00264190719463, -0.00196930929087, -0.00154496496543, -0.00069652631646, 0.00160438520834], [0.00264190719463, 0.0411048270762, -0.0181938651949, -0.0138316042721, -0.00448309956118, -0.00292175193317], [-0.00196930929087, -0.0181938651949, 0.067722350359, 0.0042248046957, -0.015804624185, -0.0358061380684], [-0.00154496496543, -0.0138316042721, 0.0042248046957, 0.0193682610989, -9.0254980023e-05, -0.00902547780424], [-0.00069652631646, -0.00448309956118, -0.015804624185, -9.0254980023e-05, 0.0169013533741, 0.00297406525351], [0.00160438520834, -0.00292175193317, -0.0358061380684, -0.00902547780424, 0.00297406525351, 0.0417441874743]]
    },
    "beats_position": [0.801088392735, 1.60217678547, 2.39165520668, 3.1811337471, 3.97061228752, 4.74848079681, 5.52634906769, 6.30421733856, 7.05886602402, 7.8251247406, 8.59138298035, 9.35764122009],
    "bpm_estimates": [74.8981018066, 75.9995422363, 75.9995346069, 75.9995346069, 77.1338577271, 77.1338806152, 77.1338806152, 79.507194519, 78.3025360107, 78.3025817871, 78.3025817871],
    "bpm_intervals": [0.801088392735, 0.789478421211, 0.789478540421, 0.789478540421, 0.777868509293, 0.777868270874, 0.777868270874, 0.754648685455, 0.766258716583, 0.766258239746, 0.766258239746],
    "onset_times": [0.127709746361, 0.255419492722, 0.429569154978, 0.835918366909, 1.05650794506, 1.4164172411, 1.71827661991, 1.86920630932, 2.2523355484, 2.53097510338, 2.62385487556, 3.77324271202, 4.1679816246, 5.06195020676, 6.61768722534, 7.08208608627, 8.103764534, 8.62621307373, 9.0093421936, 9.34603214264],
    "histogram": [[0, 0, 0, 0, 0, 0, 0, 0, 0, 0, 0, 0, 0, 0, 0, 0, 0, 0, 0, 0, 0, 0, 0, 0, 0, 0, 0, 0, 0, 0, 0, 0, 0, 0, 0, 0, 0, 0, 0, 0, 0, 0, 0, 0, 0, 0, 0, 0, 0, 0, 0, 0, 0, 0, 0, 0, 0, 0, 0, 0, 0, 0, 0, 0, 0, 0, 0, 0, 0, 0, 0, 0, 0, 0, 0, 0.0909090936184, 0.272727280855, 0.272727280855, 0.272727280855, 0, 0.0909090936184, 0, 0, 0, 0, 0, 0, 0, 0, 0, 0, 0, 0, 0, 0, 0, 0, 0, 0, 0, 0, 0, 0, 0, 0, 0, 0, 0, 0, 0, 0, 0, 0, 0, 0, 0, 0, 0, 0, 0, 0, 0, 0, 0, 0, 0, 0, 0, 0, 0, 0, 0, 0, 0, 0, 0, 0, 0, 0, 0, 0, 0, 0, 0, 0, 0, 0, 0, 0, 0, 0, 0, 0, 0, 0, 0, 0, 0, 0, 0, 0, 0, 0, 0, 0, 0, 0, 0, 0, 0, 0, 0, 0, 0, 0, 0, 0, 0, 0, 0, 0, 0, 0, 0, 0, 0, 0, 0, 0, 0, 0, 0, 0, 0, 0, 0, 0, 0, 0, 0, 0, 0, 0, 0, 0, 0, 0, 0, 0, 0, 0, 0, 0, 0, 0, 0, 0, 0, 0, 0, 0, 0, 0, 0, 0, 0, 0, 0, 0, 0, 0, 0, 0, 0, 0, 0, 0, 0, 0, 0, 0, 0, 0, 0, 0, 0, 0, 0, 0, 0]]
},
"sfx": {
    "inharmonicity": {
        "kurt": 2.82988405228,
        "max": 0.368521243334,
        "mean": 0.0519805289805,
        "median": 0.0145248174667,
        "min": 0,
        "skew": 1.73568809032,
        "var": 0.00516910944134
    },
    "oddtoevenharmonicenergyratio": {
        "kurt": 38.1830787659,
        "max": 18.8714141846,
        "mean": 0.758907914162,
        "median": 0.0903192833066,
        "min": 0,
        "skew": 5.71373271942,
        "var": 4.21327972412
    },
    "pitch_after_max_to_before_max_energy_ratio": 0.0817922875285,
    "pitch_centroid": 189.99836731,
    "pitch_max_to_total": 0.790476202965,
    "pitch_min_to_total": 0.00238095247187,
    "tristimulus": {
        "kurt": [-1.30083870888, -0.236189603806, -0.036393404007],
        "max": [1, 0.918668806553, 1],
        "mean": [0.532901346684, 0.24790301919, 0.219195574522],
        "median": [0.537131428719, 0.21266078949, 0.181315660477],
        "min": [0, 0, 0],
        "skew": [0.00782471802086, 0.680374264717, 0.851468086243],
        "var": [0.111768379807, 0.0437899678946, 0.0419973060489],
        "cov": [[0.112035125494, -0.0569160394371, -0.0551190562546], [-0.0569160394371, 0.0438944771886, 0.0130215631798], [-0.0551190562546, 0.0130215631798, 0.0420975387096]]
    }
},
"tonal": {
    "chords_changes_rate": 0.0473933666945,
    "chords_number_rate": 0.0189573466778,
    "chords_strength": {
        "kurt": -0.24772143364,
        "max": 0.726412951946,
        "mean": 0.454298377037,
        "median": 0.441409230232,
        "min": 0.281821519136,
        "skew": 0.602255523205,
        "var": 0.0109544983134
    },
    "key_strength": 0.318496227264,
    "tuning_diatonic_strength": 0.389859616756,
    "tuning_equal_tempered_deviation": 0.218506321311,
    "tuning_frequency": 439.491973877,
    "tuning_nontempered_energy_ratio": 0.892024517059,
    "hpcp": {
        "kurt": [3.0540933609, 1.33318090439, 0.426358699799, -0.0408396720886, -0.285263538361, -0.216141939163, 0.376158714294, 0.694054603577, -0.211010456085, -0.709120750427, -0.301601171494, 0.554211139679, 1.12381649017, 1.14343690872, 2.96977519989, 3.32827377319, 3.59762763977, 4.28561258316, 9.37024593353, 10.1084508896, 7.47591972351, 8.69484996796, 3.06465864182, 0.92897772789, 2.10199785233, 7.23148918152, 10.3462610245, 2.59335041046, 6.53364658356, 5.56404685974, 5.15976428986, 4.57274389267, 4.56997537613, 6.08453178406, 3.68293809891, 2.82678365707],
        "max": [1, 1, 1, 1, 1, 1, 1, 1, 1, 1, 1, 1, 1, 1, 1, 1, 1, 1, 1, 1, 1, 1, 1, 1, 1, 1, 1, 0.613695025444, 1, 1, 1, 1, 1, 1, 1, 1],
        "mean": [0.210430517793, 0.235186830163, 0.287519216537, 0.320004314184, 0.33118519187, 0.321246296167, 0.293303281069, 0.276621520519, 0.326291441917, 0.361584335566, 0.316977113485, 0.266367077827, 0.247578114271, 0.22686740756, 0.204275086522, 0.190273880959, 0.193350985646, 0.169105350971, 0.120491750538, 0.116147756577, 0.119493745267, 0.116451323032, 0.164030447602, 0.230602160096, 0.192459672689, 0.12895539403, 0.1228916049, 0.130003988743, 0.146899193525, 0.160951122642, 0.172398045659, 0.177597880363, 0.186327531934, 0.175324052572, 0.172231644392, 0.20484405756],
