{
"metadata": {
    "version": {
        "essentia": "2.1-beta3"
    }
},
"lowLevel": {
    "average_loudness": 0.31504753232,
    "barkbands_kurtosis": {
        "kurt": 5.33451843262,
        "max": 25.0683441162,
        "mean": 1.98219072819,
        "median": 0.240739822388,
        "min": -1.74343895912,
        "skew": 2.20872616768,
        "var": 18.6364955902
    },
    "barkbands_skewness": {
        "kurt": -0.287910461426,
        "max": 4.08687639236,
        "mean": 1.06895315647,
        "median": 0.874323904514,
        "min": -0.896215736866,
        "skew": 0.599117398262,
        "var": 0.88329821825
    },
    "barkbands_spread": {
        "kurt": 0.761689186096,
        "max": 40.2307167053,
        "mean": 14.3030786514,
        "median": 12.9241266251,
        "min": 2.19865679741,
        "skew": 0.842317342758,
        "var": 53.7638778687
    },
    "dissonance": {
        "kurt": 4.9857635498,
        "max": 0.5,
        "mean": 0.46221613884,
        "median": 0.474508821964,
        "min": 0.275247991085,
        "skew": -2.0582420826,
        "var": 0.00141998345498
    },
    "hfc": {
        "kurt": 28.080291748,
        "max": 527.680358887,
        "mean": 16.3874874115,
        "median": 0.0254258979112,
        "min": 4.64831427962e-05,
        "skew": 5.18772220612,
        "var": 4703.515625
    },
    "pitch": {
        "kurt": 14.6377449036,
        "max": 3911.11572266,
        "mean": 477.350830078,
        "median": 418.836212158,
        "min": 67.3646469116,
        "skew": 3.42220211029,
        "var": 234480.921875
    },
    "pitch_instantaneous_confidence": {
        "kurt": -0.345007896423,
        "max": 0.80112940073,
        "mean": 0.39441126585,
        "median": 0.381170868874,
        "min": 0.133085548878,
        "skew": 0.453611582518,
        "var": 0.0172757655382
    },
    "pitch_salience": {
        "kurt": -0.00233268737793,
        "max": 0.90617287159,
        "mean": 0.689240992069,
        "median": 0.691957890987,
        "min": 0.436795949936,
        "skew": -0.152503848076,
        "var": 0.00634079333395
    },
    "silence_rate_20dB": {
        "kurt": 0,
        "max": 1,
        "mean": 1,
        "median": 1,
        "min": 1,
        "skew": 0,
        "var": 0
    },
    "silence_rate_30dB": {
        "kurt": 15.8008365631,
        "max": 1,
        "mean": 0.951807200909,
        "median": 1,
        "min": 0,
        "skew": -4.21910238266,
        "var": 0.0458701066673
    },
    "silence_rate_60dB": {
        "kurt": 2.44000959396,
        "max": 1,
        "mean": 0.862650573254,
        "median": 1,
        "min": 0,
        "skew": -2.10714197159,
        "var": 0.118483960629
    },
    "spectral_centroid": {
        "kurt": -0.113889217377,
        "max": 2061.11376953,
        "mean": 933.137023926,
        "median": 890.416137695,
        "min": 293.101013184,
        "skew": 0.602135658264,
        "var": 140320.53125
    },
    "spectral_complexity": {
        "kurt": 7.96317386627,
        "max": 60,
        "mean": 5.19277095795,
        "median": 0,
        "min": 0,
        "skew": 3.00510525703,
        "var": 174.373214722
    },
    "spectral_crest": {
        "kurt": -0.153773546219,
        "max": 17.1557178497,
        "mean": 8.39284992218,
        "median": 8.00887489319,
        "min": 2.6737883091,
        "skew": 0.561762869358,
        "var": 8.25137329102
    },
    "spectral_decrease": {
        "kurt": 18.0702705383,
        "max": -1.91054481534e-14,
        "mean": -2.74962674851e-09,
        "median": -7.27609639206e-12,
        "min": -6.01674514655e-08,
        "skew": -4.29194974899,
        "var": 1.02878504191e-16
    },
    "spectral_energy": {
        "kurt": 19.0535449982,
        "max": 0.269440829754,
        "mean": 0.0118641117588,
        "median": 2.91548421956e-05,
        "min": 7.94882879518e-08,
        "skew": 4.38612508774,
        "var": 0.00196784571745
    },
    "spectral_energyband_high": {
        "kurt": 39.9151649475,
        "max": 0.0202984455973,
        "mean": 0.00045787790441,
        "median": 1.38491714097e-07,
        "min": 9.2716390121e-10,
        "skew": 6.16268777847,
        "var": 5.13159602633e-06
    },
    "spectral_energyband_low": {
        "kurt": 63.5003356934,
        "max": 0.000967874773778,
        "mean": 2.05493324756e-05,
        "median": 1.55387652967e-07,
        "min": 9.34764932126e-10,
        "skew": 7.38353872299,
        "var": 8.1148376907e-09
    },
    "spectral_energyband_middle_high": {
        "kurt": 26.2210502625,
        "max": 0.211874485016,
        "mean": 0.0072222398594,
        "median": 9.48164142756e-06,
        "min": 1.02346460196e-08,
        "skew": 5.03550624847,
        "var": 0.000893740740139
    },
    "spectral_energyband_middle_low": {
        "kurt": 28.2049446106,
        "max": 0.135342523456,
        "mean": 0.00422371923923,
        "median": 1.36710687002e-05,
        "min": 4.83531081841e-08,
        "skew": 4.97769021988,
        "var": 0.000237871470745
    },
    "spectral_flatness_db": {
        "kurt": -1.0523750782,
        "max": 0.368597835302,
        "mean": 0.214367866516,
        "median": 0.203426584601,
        "min": 0.108035929501,
        "skew": 0.393003702164,
        "var": 0.00446759723127
    },
    "spectral_flux": {
        "kurt": 8.19970321655,
        "max": 0.40196454525,
        "mean": 0.0334411151707,
        "median": 0.00457117659971,
        "min": 0.000118458592624,
        "skew": 3.00408601761,
        "var": 0.00627967203036
    },
    "spectral_kurtosis": {
        "kurt": 2.91607189178,
        "max": 52.2825889587,
        "mean": 13.3642396927,
        "median": 10.416718483,
        "min": 1.60051870346,
        "skew": 1.69404172897,
        "var": 95.4687042236
    },
    "spectral_rms": {
        "kurt": 10.8252830505,
        "max": 0.0162132382393,
        "mean": 0.00127933686599,
        "median": 0.000168652739376,
        "min": 8.80622246768e-06,
        "skew": 3.3761703968,
        "var": 9.93805133476e-06
    },
    "spectral_rolloff": {
        "kurt": -0.565750598907,
        "max": 3725.24414062,
        "mean": 1600.40991211,
        "median": 1679.58984375,
        "min": 322.998046875,
        "skew": 0.272758811712,
        "var": 607400.125
    },
    "spectral_skewness": {
        "kurt": 0.701114416122,
        "max": 5.31537771225,
        "mean": 2.59957909584,
        "median": 2.52561998367,
        "min": 0.907020568848,
        "skew": 0.758347630501,
        "var": 0.715255498886
    },
    "spectral_spread": {
        "kurt": 2.44851112366,
        "max": 11824912,
        "mean": 3095265.25,
        "median": 2818925.5,
        "min": 1100740.375,
        "skew": 1.30074715614,
        "var": 2.38015060378e+12
    },
    "spectral_strongpeak": {
        "kurt": 41.5493507385,
        "max": 11.4007081985,
        "mean": 0.349248707294,
        "median": 0.0358638688922,
        "min": 0.000252957019256,
        "skew": 5.83564996719,
        "var": 1.17861270905
    },
    "zerocrossingrate": {
        "kurt": -0.152184724808,
        "max": 0.10107421875,
        "mean": 0.0517213381827,
        "median": 0.05029296875,
        "min": 0.01904296875,
        "skew": 0.456810176373,
        "var": 0.000322893989505
    },
    "barkbands": {
        "kurt": [124.4139328, 154.061828613, 62.2541122437, 214.144134521, 118.705718994, 49.3944129944, 47.4987373352, 88.6898269653, 41.556438446, 63.8992233276, 35.7796173096, 175.106292725, 54.1313285828, 94.0586395264, 21.8070602417, 29.4433708191, 78.0448760986, 42.822063446, 54.1383628845, 44.582901001, 47.5731773376, 61.1601715088, 60.0244827271, 54.7177505493, 64.2306518555, 72.4672317505, 57.0504074097],
        "max": [2.19380353883e-06, 0.000170702667674, 0.000586447655223, 0.001823761384, 0.00768079888076, 0.0216136369854, 0.0907144993544, 0.068797968328, 0.0155203239992, 0.0246934071183, 0.100725069642, 0.0411276556551, 0.00696680508554, 0.0453517660499, 0.0170520246029, 0.0252688266337, 0.0269349161536, 0.0190195646137, 0.028401542455, 0.016903847456, 0.0109522417188, 0.00275409175083, 0.00046868249774, 0.000136011934956, 7.89486730355e-05, 3.70044517695e-06, 4.86275801848e-08],
        "mean": [2.34261854359e-08, 2.12220015783e-06, 1.10954442789e-05, 1.93528449017e-05, 0.000112935282232, 0.000553955556825, 0.00201982539147, 0.00106103799772, 0.000368905835785, 0.000486926001031, 0.00262034568004, 0.000451228552265, 0.000154428664246, 0.000648413435556, 0.00057999137789, 0.000802622234914, 0.000411437358707, 0.000384329556255, 0.000518544693477, 0.000375542702386, 0.000224454110139, 4.47432757937e-05, 8.11277641333e-06, 2.45151591116e-06, 1.25373912852e-06, 4.92206204683e-08, 9.54902490413e-10],
        "median": [9.02078897691e-11, 1.68058580385e-08, 5.83599231163e-08, 1.33916472578e-07, 6.56669215005e-07, 1.53484063503e-06, 2.64725872512e-06, 1.27932867144e-06, 9.1662639079e-07, 1.25365670556e-06, 7.41459871278e-07, 2.35203032162e-07, 1.54182387746e-07, 5.99497639087e-07, 7.78376829658e-07, 9.02582598883e-07, 2.25606498816e-07, 7.17804624628e-08, 2.58587622426e-08, 2.74400679956e-08, 5.98970615329e-08, 2.4541558119e-08, 1.84999560116e-09, 3.06887487644e-10, 5.9287345866e-11, 1.3393505055e-11, 3.69344501814e-13],
        "min": [2.05611000231e-13, 7.64403540465e-11, 3.55651064154e-10, 4.42066716566e-10, 2.60713894917e-09, 1.4692647099e-09, 2.74880052054e-09, 1.33501654176e-09, 5.79015391189e-10, 5.57338564189e-10, 5.73185499064e-10, 3.25603877194e-10, 2.75137412853e-10, 5.58090240688e-10, 6.80061451597e-10, 4.00182609273e-10, 3.89369536613e-10, 3.25758808817e-10, 3.26704607811e-10, 4.31823188318e-10, 3.65305063976e-10, 9.62943405569e-11, 1.03818273423e-11, 7.19967705246e-12, 4.90181506496e-12, 5.42220999003e-13, 3.94641078104e-15],
        "skew": [10.228178978, 10.8533058167, 7.24801397324, 13.2244825363, 9.44592380524, 6.43108463287, 6.51772546768, 8.49030017853, 5.90622758865, 7.22255516052, 5.70510625839, 11.689248085, 6.96047544479, 8.71134185791, 4.64768266678, 5.24903345108, 7.90503740311, 6.34053516388, 7.17909669876, 6.41800451279, 6.66775131226, 7.42826032639, 7.5441608429, 7.30328941345, 7.93705034256, 8.29483604431, 7.30543422699],
        "var": [2.25721253077e-14, 1.1311227649e-10, 2.50459009088e-09, 1.09273932125e-08, 2.63418485247e-07, 4.68925873065e-06, 8.03463626653e-05, 2.66349870799e-05, 2.22389144255e-06, 4.60383853351e-06, 0.000134275411256, 6.15504177404e-06, 5.28831719748e-07, 1.10704650069e-05, 5.2917944231e-06, 1.08126350824e-05, 4.27869781561e-06, 3.88376975025e-06, 8.59190458868e-06, 3.58314969162e-06, 1.34341939884e-06, 6.11789374716e-08, 2.35907826607e-09, 2.24831847584e-10, 7.00234314976e-11, 1.07798528947e-13, 2.5703922851e-17],
        "cov": [[2.26266471244e-14, 1.4046763969e-12, 4.43271851516e-12, 7.04134623872e-12, 3.49251357001e-11, 1.66645378052e-10, 1.02333330698e-09, 2.44825298923e-10, 7.98574609218e-11, 1.63209251669e-10, 7.80430220448e-10, 1.97700550375e-10, 6.56723009307e-11, 1.72696898448e-10, 2.22548743323e-10, 2.31203473033e-10, 1.51238355173e-10, 1.60885096911e-10, 1.72011863087e-10, 1.29006944016e-10, 7.86097020811e-11, 1.70237539343e-11, 2.78344795129e-12, 8.35409432604e-13, 3.90685070016e-13, 1.4777726433e-14, 2.60490265731e-16], [1.4046763969e-12, 1.13385495437e-10, 3.33025440558e-10, 5.09177755514e-10, 2.49261522534e-09, 1.10505178341e-08, 6.43415987156e-08, 2.02200567401e-08, 6.47054587688e-09, 1.20149312721e-08, 5.80362709002e-08, 1.37561446678e-08, 4.91007234871e-09, 1.26006742818e-08, 1.72974932156e-08, 1.76969976451e-08, 1.19894192352e-08, 1.18458105547e-08, 1.34655619988e-08, 1.04559916281e-08, 6.02281291506e-09, 1.30426514033e-09, 2.26674318204e-10, 6.86804363381e-11, 3.40458147785e-11, 1.32449606838e-12, 2.31435150991e-14], [4.43271851516e-12, 3.33025440558e-10, 2.51063969614e-09, 3.1077929119e-09, 1.46895082764e-08, 6.07634405014e-08, 2.85947550083e-07, 1.22613485587e-07, 4.19829291332e-08, 6.12808506162e-08, 3.80784911158e-07, 5.598070274e-08, 2.24951275385e-08, 9.35524795409e-08, 7.69129613332e-08, 1.02801934077e-07, 5.69302649467e-08, 6.78693510281e-08, 7.54450795171e-08, 5.40477493871e-08, 3.59879521739e-08, 7.16923764799e-09, 1.31402444481e-09, 3.78745479424e-10, 1.89375459758e-10, 7.2344140227e-12, 1.17536365298e-13], [7.04134623872e-12, 5.09177755514e-10, 3.1077929119e-09, 1.09537880988e-08, 4.62880329621e-08, 1.2254155024e-07, 6.45138413802e-07, 1.96745389758e-07, 4.77204622484e-08, 6.24422824558e-08, 3.84349959859e-07, 1.14083817948e-07, 2.70677613656e-08, 8.79429009615e-08, 8.58160120742e-08, 1.11378547274e-07, 6.95231534564e-08, 8.02916915177e-08, 8.88103883767e-08, 6.78742893001e-08, 3.92957772988e-08, 8.73772876275e-09, 1.52963341993e-09, 4.7051029739e-10, 2.37148634064e-10, 8.75846443982e-12, 1.50118388857e-13], [3.49251357001e-11, 2.49261522534e-09, 1.46895082764e-08, 4.62880329621e-08, 2.64054762056e-07, 6.54844541259e-07, 3.46019396602e-06, 1.67977293586e-06, 3.47651365473e-07, 3.66146281294e-07, 2.23634219765e-06, 5.41297026757e-07, 1.35357666409e-07, 6.56381303088e-07, 5.70455199522e-07, 8.48921388297e-07, 4.89916544666e-07, 4.68524575581e-07, 5.84800886827e-07, 4.34477527733e-07, 2.59444703943e-07, 5.38965494457e-08, 9.85887993465e-09, 3.0644835558e-09, 1.55869939178e-09, 6.18363138472e-11, 1.08827703793e-12], [1.66645378052e-10, 1.10505178341e-08, 6.07634405014e-08, 1.2254155024e-07, 6.54844541259e-07, 4.70058557767e-06, 1.10349510578e-05, 4.42751525043e-06, 1.75017271431e-06, 2.32681372836e-06, 1.79904218385e-05, 4.26466340286e-06, 9.07245066628e-07, 3.86282090403e-06, 3.17373223879e-06, 4.15445356339e-06, 3.14615522257e-06, 3.07102345687e-06, 4.4663661356e-06, 2.91965466204e-06, 1.84337545761e-06, 4.28436919719e-07, 7.87881759834e-08, 2.37663329017e-08, 1.27002550698e-08, 4.76930772653e-10, 7.68695003484e-12], [1.02333330698e-09, 6.43415987156e-08, 2.85947550083e-07, 6.45138413802e-07, 3.46019396602e-06, 1.10349510578e-05, 8.05404342827e-05, 2.23722508963e-05, 6.45866884952e-06, 1.08008316602e-05, 4.71615458082e-05, 1.03087140815e-05, 4.08182359024e-06, 1.41114933285e-05, 1.39299063449e-05, 1.65581623151e-05, 8.9912691692e-06, 1.05205890577e-05, 1.10967212095e-05, 8.28815154819e-06, 5.03788896822e-06, 1.04596767869e-06, 1.69468691524e-07, 5.48259428967e-08, 2.44309337205e-08, 9.19430587221e-10, 1.91815469758e-11], [2.44825298923e-10, 2.02200567401e-08, 1.22613485587e-07, 1.96745389758e-07, 1.67977293586e-06, 4.42751525043e-06, 2.23722508963e-05, 2.66993229161e-05, 4.50214338343e-06, 5.80266851102e-06, 2.56055536738e-05, 4.08444338973e-06, 1.33635057864e-06, 7.73615374783e-06, 7.84195526649e-06, 1.30217331389e-05, 4.9736049732e-06, 4.31042099081e-06, 5.62775039725e-06, 4.65243056169e-06, 2.56491102846e-06, 4.39720736267e-07, 8.73533636536e-08, 2.54279530765e-08, 1.21029559708e-08, 5.17150933188e-10, 9.57547062475e-12], [7.98574609218e-11, 6.47054587688e-09, 4.19829291332e-08, 4.77204622484e-08, 3.47651365473e-07, 1.75017271431e-06, 6.45866884952e-06, 4.50214338343e-06, 2.22926314564e-06, 2.18690479414e-06, 1.24911321109e-05, 2.01188981919e-06, 8.04012699973e-07, 3.49218203155e-06, 2.68154826699e-06, 4.18595482188e-06, 2.25538178711e-06, 2.06108234124e-06, 2.96992971016e-06, 2.18746799874e-06, 1.28233057239e-06, 2.41590697669e-07, 4.91896088306e-08, 1.48429597502e-08, 7.70685115725e-09, 3.1225164121e-10, 5.37459183061e-12], [1.63209251669e-10, 1.20149312721e-08, 6.12808506162e-08, 6.24422824558e-08, 3.66146281294e-07, 2.32681372836e-06, 1.08008316602e-05, 5.80266851102e-06, 2.18690479414e-06, 4.61495892523e-06, 1.56826663442e-05, 2.50423750003e-06, 1.35784409849e-06, 4.48562059319e-06, 3.81349855161e-06, 5.01417844134e-06, 2.50195648732e-06, 2.97026599583e-06, 3.54667577085e-06, 2.60313436229e-06, 1.594647415e-06, 2.91022843157e-07, 5.48236478437e-08, 1.7061571711e-08, 8.58828475003e-09, 3.27290888835e-10, 6.1793781897e-12], [7.80430220448e-10, 5.80362709002e-08, 3.80784911158e-07, 3.84349959859e-07, 2.23634219765e-06, 1.79904218385e-05, 4.71615458082e-05, 2.56055536738e-05, 1.24911321109e-05, 1.56826663442e-05, 0.000134599744342, 1.895215064e-05, 5.83627070228e-06, 2.58613345068e-05, 2.16309945245e-05, 2.79508039966e-05, 1.85091485037e-05, 2.03998497454e-05, 2.84670168185e-05, 1.9249797333e-05, 1.12371153591e-05, 2.47822663368e-06, 4.58291083305e-07, 1.44633659716e-07, 7.82474032235e-08, 2.98319102754e-09, 4.82729620166e-11], [1.97700550375e-10, 1.37561446678e-08, 5.598070274e-08, 1.14083817948e-07, 5.41297026757e-07, 4.26466340286e-06, 1.03087140815e-05, 4.08444338973e-06, 2.01188981919e-06, 2.50423750003e-06, 1.895215064e-05, 6.16990928393e-06, 9.60430497798e-07, 3.81508243663e-06, 3.66595054402e-06, 4.61145964437e-06, 3.47419904756e-06, 3.35287563757e-06, 4.89890226163e-06, 3.54515623258e-06, 2.12944678424e-06, 4.49386504897e-07, 8.95589877814e-08, 2.64231108105e-08, 1.42209408693e-08, 5.26315435678e-10, 8.2681908195e-12], [6.56723009307e-11, 4.91007234871e-09, 2.24951275385e-08, 2.70677613656e-08, 1.35357666409e-07, 9.07245066628e-07, 4.08182359024e-06, 1.33635057864e-06, 8.04012699973e-07, 1.35784409849e-06, 5.83627070228e-06, 9.60430497798e-07, 5.30109105057e-07, 1.63722882007e-06, 1.3426043779e-06, 1.60308161412e-06, 1.02355068066e-06, 1.13623821107e-06, 1.5048832438e-06, 1.02590092865e-06, 6.03030173352e-07, 1.28628713014e-07, 2.35199628662e-08, 7.37812699825e-09, 3.77370890092e-09, 1.44682515968e-10, 2.54630713216e-12], [1.72696898448e-10, 1.26006742818e-08, 9.35524795409e-08, 8.79429009615e-08, 6.56381303088e-07, 3.86282090403e-06, 1.41114933285e-05, 7.73615374783e-06, 3.49218203155e-06, 4.48562059319e-06, 2.58613345068e-05, 3.81508243663e-06, 1.63722882007e-06, 1.10972059701e-05, 5.70249312659e-06, 8.58292060002e-06, 6.10854976912e-06, 4.55400913779e-06, 8.35438913782e-06, 5.00321493746e-06, 3.30667467097e-06, 6.0381756839e-07, 1.30673768695e-07, 3.79957931784e-08, 2.09522692529e-08, 8.6031848312e-10, 1.33558910459e-11], [2.22548743323e-10, 1.72974932156e-08, 7.69129613332e-08, 8.58160120742e-08, 5.70455199522e-07, 3.17373223879e-06, 1.39299063449e-05, 7.84195526649e-06, 2.68154826699e-06, 3.81349855161e-06, 2.16309945245e-05, 3.66595054402e-06, 1.3426043779e-06, 5.70249312659e-06, 5.30457646164e-06, 6.60740579406e-06, 3.82720554626e-06, 3.78197432838e-06, 5.16562613484e-06, 3.65596179108e-06, 2.17812771552e-06, 4.35281236832e-07, 8.27502049106e-08, 2.55494807533e-08, 1.30217232552e-08, 5.11036490902e-10, 8.7518204489e-12], [2.31203473033e-10, 1.76969976451e-08, 1.02801934077e-07, 1.11378547274e-07, 8.48921388297e-07, 4.15445356339e-06, 1.65581623151e-05, 1.30217331389e-05, 4.18595482188e-06, 5.01417844134e-06, 2.79508039966e-05, 4.61145964437e-06, 1.60308161412e-06, 8.58292060002e-06, 6.60740579406e-06, 1.08387521323e-05, 5.37014466317e-06, 4.6216332521e-06, 6.88425961926e-06, 4.78943002236e-06, 2.98461600323e-06, 5.46076250885e-07, 1.09768357959e-07, 3.27354818808e-08, 1.66040940996e-08, 6.72625233289e-10, 1.12957343132e-11], [1.51238355173e-10, 1.19894192352e-08, 5.69302649467e-08, 6.95231534564e-08, 4.89916544666e-07, 3.14615522257e-06, 8.9912691692e-06, 4.9736049732e-06, 2.25538178711e-06, 2.50195648732e-06, 1.85091485037e-05, 3.47419904756e-06, 1.02355068066e-06, 6.10854976912e-06, 3.82720554626e-06, 5.37014466317e-06, 4.2890324039e-06, 3.25374276144e-06, 5.65037453271e-06, 3.60199851457e-06, 2.25566350309e-06, 4.50743840474e-07, 9.44231004496e-08, 2.7946569503e-08, 1.56320201228e-08, 6.31888374958e-10, 9.55423500731e-12], [1.60885096911e-10, 1.18458105547e-08, 6.78693510281e-08, 8.02916915177e-08, 4.68524575581e-07, 3.07102345687e-06, 1.05205890577e-05, 4.31042099081e-06, 2.06108234124e-06, 2.97026599583e-06, 2.03998497454e-05, 3.35287563757e-06, 1.13623821107e-06, 4.55400913779e-06, 3.78197432838e-06, 4.6216332521e-06, 3.25374276144e-06, 3.89315073335e-06, 5.08192988491e-06, 3.42987914337e-06, 2.0679769932e-06, 4.51296415349e-07, 8.36990423636e-08, 2.71763642701e-08, 1.43500500371e-08, 5.40939293359e-10, 8.80761002325e-12], [1.72011863087e-10, 1.34655619988e-08, 7.54450795171e-08, 8.88103883767e-08, 5.84800886827e-07, 4.4663661356e-06, 1.10967212095e-05, 5.62775039725e-06, 2.96992971016e-06, 3.54667577085e-06, 2.84670168185e-05, 4.89890226163e-06, 1.5048832438e-06, 8.35438913782e-06, 5.16562613484e-06, 6.88425961926e-06, 5.65037453271e-06, 5.08192988491e-06, 8.61265834828e-06, 5.23296466781e-06, 3.17747890222e-06, 6.84224744418e-07, 1.36168623044e-07, 4.25156834183e-08, 2.36307204915e-08, 9.2431368115e-10, 1.42083159474e-11], [1.29006944016e-10, 1.04559916281e-08, 5.40477493871e-08, 6.78742893001e-08, 4.34477527733e-07, 2.91965466204e-06, 8.28815154819e-06, 4.65243056169e-06, 2.18746799874e-06, 2.60313436229e-06, 1.9249797333e-05, 3.54515623258e-06, 1.02590092865e-06, 5.00321493746e-06, 3.65596179108e-06, 4.78943002236e-06, 3.60199851457e-06, 3.42987914337e-06, 5.23296466781e-06, 3.59180467058e-06, 2.0964560008e-06, 4.33745043438e-07, 8.75960708413e-08, 2.69732982616e-08, 1.47892853519e-08, 5.78190162415e-10, 9.17091229347e-12], [7.86097020811e-11, 6.02281291506e-09, 3.59879521739e-08, 3.92957772988e-08, 2.59444703943e-07, 1.84337545761e-06, 5.03788896822e-06, 2.56491102846e-06, 1.28233057239e-06, 1.594647415e-06, 1.12371153591e-05, 2.12944678424e-06, 6.03030173352e-07, 3.30667467097e-06, 2.17812771552e-06, 2.98461600323e-06, 2.25566350309e-06, 2.0679769932e-06, 3.17747890222e-06, 2.0964560008e-06, 1.34666436225e-06, 2.65850076175e-07, 5.48277050427e-08, 1.65428293286e-08, 9.02227093036e-09, 3.53892887217e-10, 5.47845232721e-12], [1.70237539343e-11, 1.30426514033e-09, 7.16923764799e-09, 8.73772876275e-09, 5.38965494457e-08, 4.28436919719e-07, 1.04596767869e-06, 4.39720736267e-07, 2.41590697669e-07, 2.91022843157e-07, 2.47822663368e-06, 4.49386504897e-07, 1.28628713014e-07, 6.0381756839e-07, 4.35281236832e-07, 5.46076250885e-07, 4.50743840474e-07, 4.51296415349e-07, 6.84224744418e-07, 4.33745043438e-07, 2.65850076175e-07, 6.13267161498e-08, 1.15621734409e-08, 3.61584917563e-09, 1.95975435879e-09, 7.50867076849e-11, 1.16921554903e-12], [2.78344795129e-12, 2.26674318204e-10, 1.31402444481e-09, 1.52963341993e-09, 9.85887993465e-09, 7.87881759834e-08, 1.69468691524e-07, 8.73533636536e-08, 4.91896088306e-08, 5.48236478437e-08, 4.58291083305e-07, 8.95589877814e-08, 2.35199628662e-08, 1.30673768695e-07, 8.27502049106e-08, 1.09768357959e-07, 9.44231004496e-08, 8.36990423636e-08, 1.36168623044e-07, 8.75960708413e-08, 5.48277050427e-08, 1.15621734409e-08, 2.36477659676e-09, 7.14284797976e-10, 3.96466276475e-10, 1.55321588924e-11, 2.35051832598e-13], [8.35409432604e-13, 6.86804363381e-11, 3.78745479424e-10, 4.7051029739e-10, 3.0644835558e-09, 2.37663329017e-08, 5.48259428967e-08, 2.54279530765e-08, 1.48429597502e-08, 1.7061571711e-08, 1.44633659716e-07, 2.64231108105e-08, 7.37812699825e-09, 3.79957931784e-08, 2.55494807533e-08, 3.27354818808e-08, 2.7946569503e-08, 2.71763642701e-08, 4.25156834183e-08, 2.69732982616e-08, 1.65428293286e-08, 3.61584917563e-09, 7.14284797976e-10, 2.25374927054e-10, 1.23919638439e-10, 4.79289437999e-12, 7.3841384667e-14], [3.90685070016e-13, 3.40458147785e-11, 1.89375459758e-10, 2.37148634064e-10, 1.55869939178e-09, 1.27002550698e-08, 2.44309337205e-08, 1.21029559708e-08, 7.70685115725e-09, 8.58828475003e-09, 7.82474032235e-08, 1.42209408693e-08, 3.77370890092e-09, 2.09522692529e-08, 1.30217232552e-08, 1.66040940996e-08, 1.56320201228e-08, 1.43500500371e-08, 2.36307204915e-08, 1.47892853519e-08, 9.02227093036e-09, 1.95975435879e-09, 3.96466276475e-10, 1.23919638439e-10, 7.01925739754e-11, 2.7345836099e-12, 4.11580186978e-14], [1.4777726433e-14, 1.32449606838e-12, 7.2344140227e-12, 8.75846443982e-12, 6.18363138472e-11, 4.76930772653e-10, 9.19430587221e-10, 5.17150933188e-10, 3.1225164121e-10, 3.27290888835e-10, 2.98319102754e-09, 5.26315435678e-10, 1.44682515968e-10, 8.6031848312e-10, 5.11036490902e-10, 6.72625233289e-10, 6.31888374958e-10, 5.40939293359e-10, 9.2431368115e-10, 5.78190162415e-10, 3.53892887217e-10, 7.50867076849e-11, 1.55321588924e-11, 4.79289437999e-12, 2.7345836099e-12, 1.08058906875e-13, 1.61584663699e-15], [2.60490265731e-16, 2.31435150991e-14, 1.17536365298e-13, 1.50118388857e-13, 1.08827703793e-12, 7.68695003484e-12, 1.91815469758e-11, 9.57547062475e-12, 5.37459183061e-12, 6.1793781897e-12, 4.82729620166e-11, 8.2681908195e-12, 2.54630713216e-12, 1.33558910459e-11, 8.7518204489e-12, 1.12957343132e-11, 9.55423500731e-12, 8.80761002325e-12, 1.42083159474e-11, 9.17091229347e-12, 5.47845232721e-12, 1.16921554903e-12, 2.35051832598e-13, 7.3841384667e-14, 4.11580186978e-14, 1.61584663699e-15, 2.57660093735e-17]]
    },
    "mfcc": {
        "kurt": [1.24601221085, -1.35549211502, -0.347799062729, -0.429973125458, 0.357448577881, -0.108960866928, -0.470657587051, -0.406269311905, -0.0422868728638, 0.468675374985, -0.429908037186, 0.694567918777, -0.316337585449],
        "max": [-468.217926025, 223.929260254, 57.3420143127, 64.4019622803, 24.8244514465, 24.5442047119, 10.1529273987, 14.380197525, 39.0521430969, 22.489030838, 11.3708763123, 24.5040836334, 21.5012130737],
        "mean": [-962.388916016, 95.0037765503, -20.5383548737, -9.3710603714, -12.6197090149, -11.0833415985, -24.2592048645, -17.8809585571, 4.28763866425, -6.58225297928, -12.4537286758, -4.19314098358, -0.726089656353],
        "median": [-990.320861816, 91.9546279907, -9.3265838623, -1.55314254761, -7.11195373535, -9.52215576172, -17.9940490723, -14.5049209595, 1.68244171143, -5.58010864258, -11.5703639984, -4.3416595459, -1.53755187988],
        "min": [-1133.74401855, 5.81986618042, -125.536300659, -76.594367981, -86.6712341309, -46.5207939148, -75.927230835, -55.2641220093, -24.4051055908, -35.627494812, -38.2385444641, -25.7334823608, -22.2409324646],
        "skew": [1.28007388115, 0.0634089186788, -0.737594783306, -0.63206744194, -0.89000159502, -0.335857719183, -0.819353401661, -0.515071332455, 0.646872162819, -0.582532167435, -0.228279516101, 0.301082402468, 0.118183426559],
        "var": [26003.9082031, 3277.09814453, 1618.33764648, 626.051147461, 426.447784424, 136.849945068, 462.980194092, 192.837203979, 141.441741943, 99.5771102905, 90.3203964233, 60.6510505676, 69.4265823364],
        "cov": [[26066.7207031, 6226.70166016, -5405.41650391, -86.6691589355, -2614.92749023, -665.982788086, -1286.17895508, -1204.11328125, 423.958404541, -525.100708008, -610.290100098, 194.506164551, 241.689468384], [6226.70166016, 3285.01391602, -1131.7434082, -556.603515625, -598.092529297, -280.380310059, -894.743835449, -625.940429688, 428.248199463, -136.602142334, -351.377105713, 21.8789157867, 0.449593514204], [-5405.41650391, -1131.7434082, 1622.2467041, 234.863861084, 656.638366699, 116.681983948, 208.105621338, 246.392364502, -85.4915084839, 155.88218689, 124.159469604, -83.6450958252, -78.1337356567], [-86.6691589355, -556.603515625, 234.863861084, 627.563354492, 101.347099304, 63.731628418, 306.922241211, 131.556533813, -157.054702759, -33.7639427185, 101.320510864, 24.3381309509, -41.0938453674], [-2614.92749023, -598.092529297, 656.638366699, 101.347099304, 427.477844238, 99.8428649902, 171.857513428, 162.52532959, -61.7029685974, 53.2232780457, 55.742275238, -27.7589855194, -31.5466423035], [-665.982788086, -280.380310059, 116.681983948, 63.731628418, 99.8428649902, 137.180496216, 139.165908813, 56.3911552429, -29.4005012512, -14.9047994614, 15.22889328, 14.1964826584, 10.0913305283], [-1286.17895508, -894.743835449, 208.105621338, 306.922241211, 171.857513428, 139.165908813, 464.098510742, 236.98223877, -179.80039978, 8.76952457428, 121.260627747, 19.5061855316, 6.1394906044], [-1204.11328125, -625.940429688, 246.392364502, 131.556533813, 162.52532959, 56.3911552429, 236.98223877, 193.302993774, -98.8516082764, 25.6027183533, 82.6099853516, -4.36454868317, 6.2862944603], [423.958404541, 428.248199463, -85.4915084839, -157.054702759, -61.7029685974, -29.4005012512, -179.80039978, -98.8516082764, 141.78338623, 11.0386629105, -59.6075782776, 18.7381496429, -0.184332728386], [-525.100708008, -136.602142334, 155.88218689, -33.7639427185, 53.2232780457, -14.9047994614, 8.76952457428, 25.6027183533, 11.0386629105, 99.8176345825, 26.61444664, -27.1794185638, 14.5266103745], [-610.290100098, -351.377105713, 124.159469604, 101.320510864, 55.742275238, 15.22889328, 121.260627747, 82.6099853516, -59.6075782776, 26.61444664, 90.53855896, 13.2103796005, -11.7366008759], [194.506164551, 21.8789157867, -83.6450958252, 24.3381309509, -27.7589855194, 14.1964826584, 19.5061855316, -4.36454868317, 18.7381496429, -27.1794185638, 13.2103796005, 60.7975502014, 9.56738758087], [241.689468384, 0.449593514204, -78.1337356567, -41.0938453674, -31.5466423035, 10.0913305283, 6.1394906044, 6.2862944603, -0.184332728386, 14.5266103745, -11.7366008759, 9.56738758087, 69.5942764282]]
    },
    "sccoeffs": {
        "kurt": [-0.026353597641, 0.898537874222, 0.0960352420807, 0.0272850990295, -0.32097697258, -0.593990802765],
        "max": [-0.400691390038, -0.483253002167, -0.524352908134, -0.621557354927, -0.622624695301, -0.529991984367],
        "mean": [-0.721751153469, -0.802187204361, -0.80870950222, -0.825579404831, -0.817541599274, -0.762355446815],
        "median": [-0.748104035854, -0.830760896206, -0.820883929729, -0.836604058743, -0.824584424496, -0.762371063232],
        "min": [-0.899117529392, -0.936142683029, -0.939734578133, -0.924120008945, -0.927118480206, -0.891467988491],
        "skew": [0.727621436119, 1.21972835064, 0.767641484737, 0.746344268322, 0.534897625446, 0.145192712545],
        "var": [0.00955429393798, 0.00938074383885, 0.00755486963317, 0.00364305335097, 0.00447710603476, 0.00543829798698],
        "cov": [[0.00957737211138, 0.00638941582292, 0.00510335434228, 0.00391799723729, 0.00465493137017, 0.00490334769711], [0.00638941582292, 0.00940340291709, 0.00589338457212, 0.00423946091905, 0.00441109342501, 0.00483077019453], [0.00510335434228, 0.00589338457212, 0.00757311796769, 0.00385841215029, 0.00426056841388, 0.00442070327699], [0.00391799723729, 0.00423946091905, 0.00385841215029, 0.00365185295232, 0.00306006451137, 0.00319135887548], [0.00465493137017, 0.00441109342501, 0.00426056841388, 0.00306006451137, 0.00448792008683, 0.00394336646423], [0.00490334769711, 0.00483077019453, 0.00442070327699, 0.00319135887548, 0.00394336646423, 0.00545143382624]]
    },
    "scvalleys": {
        "kurt": [0.396812200546, -0.906524181366, -0.289014816284, -0.333981513977, 1.94692277908, 3.49589443207],
        "max": [-5.51975917816, -3.6911277771, -3.77702713013, -4.33800029755, -4.51547765732, -7.26885986328],
        "mean": [-10.0962123871, -8.28361225128, -9.03341293335, -9.38822364807, -10.7860774994, -13.6386299133],
        "median": [-10.3970651627, -8.31652927399, -9.01559829712, -9.47668170929, -11.307299614, -14.0511369705],
        "min": [-12.626039505, -11.9818868637, -12.4807825089, -12.7391777039, -13.1372871399, -15.494383812],
        "skew": [0.914466142654, 0.313074558973, 0.578587472439, 0.559031963348, 1.53336489201, 1.91838407516],
        "var": [1.94348168373, 4.20280790329, 4.40412425995, 4.1950044632, 3.87363171577, 3.02602863312],
        "cov": [[1.94817614555, 2.25321292877, 2.27192997932, 2.1737780571, 2.20472192764, 1.93808245659], [2.25321292877, 4.21295976639, 4.06501293182, 3.9206609726, 3.2798538208, 2.89753198624], [2.27192997932, 4.06501293182, 4.41476202011, 4.21620559692, 3.71935296059, 3.14629983902], [2.1737780571, 3.9206609726, 4.21620559692, 4.20513725281, 3.56956291199, 3.04025435448], [2.20472192764, 3.2798538208, 3.71935296059, 3.56956291199, 3.88298821449, 3.2954018116], [1.93808245659, 2.89753198624, 3.14629983902, 3.04025435448, 3.2954018116, 3.0333378315]]
    }
},
"rhythm": {
    "beats_loudness": {
        "kurt": 0.120601177216,
        "max": 0.21827429533,
        "mean": 0.0457850024104,
        "median": 0.00100448506419,
        "min": 1.4441626206e-07,
        "skew": 1.29304671288,
        "var": 0.00532798236236
    },
    "bpm": 83.7233428955,
    "confidence": 2.41552615166,
    "first_peak_bpm": {
        "kurt": 0,
        "max": 83,
        "mean": 83,
        "median": 83,
        "min": 83,
        "skew": 0,
        "var": 0
    },
    "first_peak_spread": {
        "kurt": 0,
        "max": 0.375000059605,
        "mean": 0.375000059605,
        "median": 0.375000059605,
        "min": 0.375000059605,
        "skew": 0,
        "var": 0
    },
    "first_peak_weight": {
        "kurt": 0,
        "max": 0.416666656733,
        "mean": 0.416666656733,
        "median": 0.416666656733,
        "min": 0.416666656733,
        "skew": 0,
        "var": 0
    },
    "onset_rate": 1.35232686996,
    "second_peak_bpm": {
        "kurt": 0,
        "max": 98,
        "mean": 98,
        "median": 98,
        "min": 98,
        "skew": 0,
        "var": 0
    },
    "second_peak_spread": {
        "kurt": 0,
        "max": 0.333333313465,
        "mean": 0.333333313465,
        "median": 0.333333313465,
        "min": 0.333333313465,
        "skew": 0,
        "var": 0
    },
    "second_peak_weight": {
        "kurt": 0,
        "max": 0.166666671634,
        "mean": 0.166666671634,
        "median": 0.166666671634,
        "min": 0.166666671634,
        "skew": 0,
        "var": 0
    },
    "beats_loudness_band_ratio": {
        "kurt": [1.59674930573, 0.0434691905975, -0.791905641556, -1.12425863743, 0.0690801143646, -1.08778500557],
        "max": [0.400075167418, 0.550768256187, 0.805264472961, 0.50350278616, 0.469726979733, 0.105278939009],
        "mean": [0.0801733583212, 0.19782191515, 0.393697857857, 0.189793109894, 0.179222330451, 0.0356875061989],
        "median": [0.0209327340126, 0.196580961347, 0.397354751825, 0.105878844857, 0.194527208805, 0.0298540443182],
        "min": [0.00125668128021, 0.0141175342724, 0.113987848163, 0.0204253457487, 0.0111260414124, 0.000651708221994],
        "skew": [1.65542376041, 0.654213488102, 0.526049673557, 0.629993796349, 0.486142724752, 0.571228206158],
        "var": [0.0139927947894, 0.0224193707108, 0.0475131869316, 0.0265786163509, 0.0155301159248, 0.00121969415341],
        "cov": [[0.0151588609442, 0.0104886209592, -0.0114842504263, -0.00934433471411, -0.000234361315961, 0.000311870797304], [0.0104886209592, 0.0242876503617, 0.00405442574993, -0.0194626711309, -0.0073392004706, -0.00361003377475], [-0.0114842504263, 0.00405442574993, 0.0514726191759, -0.0170775409788, -0.0207036323845, -0.00582867441699], [-0.00934433471411, -0.0194626711309, -0.0170775409788, 0.0287935007364, 0.00685469666496, 0.0041118026711], [-0.000234361315961, -0.0073392004706, -0.0207036323845, 0.00685469666496, 0.016824292019, 0.00242409785278], [0.000311870797304, -0.00361003377475, -0.00582867441699, 0.0041118026711, 0.00242409785278, 0.00132133532315]]
    },
    "beats_position": [0.615328788757, 1.23065757751, 1.84598636627, 2.49614500999, 3.13469386101, 3.83129239082, 4.55111122131, 5.27092981339, 6.01396799088, 6.73378658295, 7.45360517502, 8.15020370483, 8.87002277374],
    "bpm_estimates": [86.1328277588, 83.354309082, 83.3543319702, 80.7495498657, 83.3543319702, 83.3543319702, 86.1328277588, 83.3542785645],
    "bpm_intervals": [0.615328788757, 0.615328788757, 0.650158643723, 0.638548851013, 0.696598529816, 0.71981883049, 0.719818592072, 0.74303817749, 0.719818592072, 0.719818592072, 0.696598529816, 0.719819068909],
    "onset_times": [0.0464399084449, 0.510838985443, 1.06811785698, 1.84598636627, 2.56580495834, 3.15791392326, 3.81968259811, 4.63238096237, 5.4334692955, 5.60761928558, 5.71210861206, 7.1517457962, 7.59292507172],
    "histogram": [[0, 0, 0, 0, 0, 0, 0, 0, 0, 0, 0, 0, 0, 0, 0, 0, 0, 0, 0, 0, 0, 0, 0, 0, 0, 0, 0, 0, 0, 0, 0, 0, 0, 0, 0, 0, 0, 0, 0, 0, 0, 0, 0, 0, 0, 0, 0, 0, 0, 0, 0, 0, 0, 0, 0, 0, 0, 0, 0, 0, 0, 0, 0, 0, 0, 0, 0, 0, 0, 0, 0, 0, 0, 0, 0, 0, 0, 0, 0, 0, 0, 0.0833333358169, 0, 0.416666656733, 0, 0, 0.166666671634, 0, 0, 0, 0, 0, 0.0833333358169, 0, 0.0833333358169, 0, 0, 0, 0.166666671634, 0, 0, 0, 0, 0, 0, 0, 0, 0, 0, 0, 0, 0, 0, 0, 0, 0, 0, 0, 0, 0, 0, 0, 0, 0, 0, 0, 0, 0, 0, 0, 0, 0, 0, 0, 0, 0, 0, 0, 0, 0, 0, 0, 0, 0, 0, 0, 0, 0, 0, 0, 0, 0, 0, 0, 0, 0, 0, 0, 0, 0, 0, 0, 0, 0, 0, 0, 0, 0, 0, 0, 0, 0, 0, 0, 0, 0, 0, 0, 0, 0, 0, 0, 0, 0, 0, 0, 0, 0, 0, 0, 0, 0, 0, 0, 0, 0, 0, 0, 0, 0, 0, 0, 0, 0, 0, 0, 0, 0, 0, 0, 0, 0, 0, 0, 0, 0, 0, 0, 0, 0, 0, 0, 0, 0, 0, 0, 0, 0, 0, 0, 0, 0, 0, 0, 0, 0, 0, 0, 0, 0, 0, 0, 0, 0, 0, 0, 0, 0, 0, 0]]
},
"sfx": {
    "inharmonicity": {
        "kurt": 0.825098276138,
        "max": 0.407975822687,
        "mean": 0.0895406454802,
        "median": 0.0558471493423,
        "min": 0,
        "skew": 1.23841798306,
        "var": 0.00764380255714
    },
    "oddtoevenharmonicenergyratio": {
        "kurt": 14.6592712402,
        "max": 13.0427856445,
        "mean": 1.09235191345,
        "median": 0.534851491451,
        "min": 0,
        "skew": 3.42488193512,
        "var": 2.87323141098
    },
    "pitch_after_max_to_before_max_energy_ratio": 0.206760242581,
    "pitch_centroid": 209.325714111,
    "pitch_max_to_total": 0.906024098396,
    "pitch_min_to_total": 0.255421698093,
    "tristimulus": {
        "kurt": [0.190720558167, -0.326879501343, -0.208322763443],
        "max": [1, 0.934223115444, 0.972457766533],
        "mean": [0.313754498959, 0.388574302197, 0.297671467066],
        "median": [0.291794121265, 0.36896687746, 0.249911665916],
        "min": [0, 0, 0],
        "skew": [0.84769487381, 0.35455211997, 0.669662296772],
        "var": [0.0594541206956, 0.0352628529072, 0.0479487255216],
        "cov": [[0.0595977306366, -0.0234406162053, -0.0361570939422], [-0.0234406162053, 0.0353480316699, -0.0119074080139], [-0.0361570939422, -0.0119074080139, 0.0480645447969]]
    }
},
"tonal": {
    "chords_changes_rate": 0.115384615958,
    "chords_number_rate": 0.0432692319155,
    "chords_strength": {
        "kurt": -0.444907426834,
        "max": 0.669576048851,
        "mean": 0.44615226984,
        "median": 0.427312135696,
        "min": 0.208779454231,
        "skew": 0.103543378413,
        "var": 0.0116177732125
    },
    "key_strength": 0.305226296186,
    "tuning_diatonic_strength": 0.281413286924,
    "tuning_equal_tempered_deviation": 0.234933510423,
    "tuning_frequency": 433.441375732,
    "tuning_nontempered_energy_ratio": 0.893013238907,
    "hpcp": {
        "kurt": [0.550062417984, 0.305754899979, 0.116854190826, -0.00185918807983, 0.32607793808, 1.24000358582, 0.575486183167, 0.100936174393, 0.613746404648, 0.663872003555, 1.17011165619, 1.6278758049, 2.14483261108, 0.827760457993, 0.368486404419, 0.570785284042, 1.93952083588, 4.71651744843, 4.10375165939, 7.40483951569, 9.02574539185, 7.81614208221, 5.90135765076, 6.98959922791, 6.29773521423, 4.87807703018, 3.96141958237, 6.89316177368, 5.934633255, 4.43626737595, 1.42427158356, 0.260536909103, 1.01275110245, 1.31047153473, 1.43547201157, 0.674856185913],
        "max": [1, 1, 1, 1, 1, 1, 1, 1, 1, 1, 1, 1, 1, 1, 1, 1, 1, 1, 1, 1, 1, 0.849255025387, 0.694784104824, 0.834342896938, 1, 1, 1, 1, 0.954016566277, 1, 1, 1, 1, 1, 1, 1],
        "mean": [0.282243221998, 0.30261823535, 0.315387189388, 0.311897009611, 0.289159923792, 0.264593571424, 0.27850368619, 0.290326595306, 0.28873232007, 0.281532227993, 0.267877101898, 0.258659124374, 0.243233814836, 0.261007040739, 0.29794549942, 0.286680877209, 0.224671304226, 0.178277015686, 0.165098458529, 0.141574695706, 0.117023065686, 0.103527463973, 0.100219093263, 0.121259838343, 0.150884911418, 0.159736841917, 0.162437066436, 0.150819912553, 0.137446418405, 0.177457019687, 0.266892462969, 0.302364230156, 0.266150504351, 0.252713978291, 0.261885613203, 0.270746231079],
