{
"metadata": {
    "version": {
        "essentia": "2.1-beta3"
    }
},
"lowLevel": {
    "average_loudness": 0.902743279934,
    "barkbands_kurtosis": {
        "kurt": 83.4575042725,
        "max": 2636.19091797,
        "mean": 69.6895751953,
        "median": 9.2688999176,
        "min": -1.90539002419,
        "skew": 7.68486309052,
        "var": 39117.375
    },
    "barkbands_skewness": {
        "kurt": 14.3699874878,
        "max": 40.667678833,
        "mean": 3.59532904625,
        "median": 1.86056053638,
        "min": -2.02327489853,
        "skew": 3.02778339386,
        "var": 22.7850646973
    },
    "barkbands_spread": {
        "kurt": 3.94488573074,
        "max": 93.637550354,
        "mean": 12.45170784,
        "median": 2.24483513832,
        "min": 0.0896836295724,
        "skew": 2.21414852142,
        "var": 490.028717041
    },
    "dissonance": {
        "kurt": 1.31765127182,
        "max": 0.499915629625,
        "mean": 0.426671743393,
        "median": 0.455017656088,
        "min": 0.144374802709,
        "skew": -1.34145724773,
        "var": 0.00660291640088
    },
    "hfc": {
        "kurt": 25.1426143646,
        "max": 75.6691894531,
        "mean": 2.90607213974,
        "median": 0.00055352144409,
        "min": 1.25945314267e-06,
        "skew": 4.54935264587,
        "var": 80.7748413086
    },
    "pitch": {
        "kurt": -0.983382940292,
        "max": 4476.50732422,
        "mean": 1362.67175293,
        "median": 368.72567749,
        "min": 43.0734024048,
        "skew": 0.972856462002,
        "var": 3130656
    },
    "pitch_instantaneous_confidence": {
        "kurt": -0.0210740566254,
        "max": 0.972525954247,
        "mean": 0.492884010077,
        "median": 0.451761186123,
        "min": 0.0260425209999,
        "skew": 0.526422858238,
        "var": 0.0334887541831
    },
    "pitch_salience": {
        "kurt": -0.732758045197,
        "max": 0.923061013222,
        "mean": 0.371861994267,
        "median": 0.362353175879,
        "min": 0.00862197671086,
        "skew": 0.295903295279,
        "var": 0.0502410382032
    },
    "silence_rate_20dB": {
        "kurt": 0,
        "max": 1,
        "mean": 1,
        "median": 1,
        "min": 1,
        "skew": 0,
        "var": 0
    },
    "silence_rate_30dB": {
        "kurt": 114.008628845,
        "max": 1,
        "mean": 0.991596639156,
        "median": 1,
        "min": 0,
        "skew": -10.7707567215,
        "var": 0.00833273865283
    },
    "silence_rate_60dB": {
        "kurt": 0.880949735641,
        "max": 1,
        "mean": 0.823529422283,
        "median": 1,
        "min": 0,
        "skew": -1.69733643532,
        "var": 0.145328685641
    },
    "spectral_centroid": {
        "kurt": 13.7701702118,
        "max": 4111.46826172,
        "mean": 443.196899414,
        "median": 370.432800293,
        "min": 22.5651359558,
        "skew": 3.210947752,
        "var": 290765.5
    },
    "spectral_complexity": {
        "kurt": 2.87602710724,
        "max": 11,
        "mean": 1.27731096745,
        "median": 0,
        "min": 0,
        "skew": 2.01024007797,
        "var": 6.87267827988
    },
    "spectral_crest": {
        "kurt": -1.02550816536,
        "max": 26.7763137817,
        "mean": 15.9862060547,
        "median": 15.9018249512,
        "min": 4.86855840683,
        "skew": -0.0280388165265,
        "var": 30.5227832794
    },
    "spectral_decrease": {
        "kurt": 30.3386497498,
        "max": -6.53973293624e-17,
        "mean": -1.5002156184e-09,
        "median": -1.59907612325e-12,
        "min": -4.28065654035e-08,
        "skew": -4.95463514328,
        "var": 2.26344326145e-17
    },
    "spectral_energy": {
        "kurt": 30.1096916199,
        "max": 0.168425172567,
        "mean": 0.0059257466346,
        "median": 6.07063566349e-06,
        "min": 3.86618848047e-10,
        "skew": 4.93669700623,
        "var": 0.000352194881998
    },
    "spectral_energyband_high": {
        "kurt": 43.1435623169,
        "max": 5.88455350226e-06,
        "mean": 1.67420125763e-07,
        "median": 2.2236595898e-10,
        "min": 1.49695589258e-10,
        "skew": 5.84376239777,
        "var": 3.25603097002e-13
    },
    "spectral_energyband_low": {
        "kurt": 18.7456607819,
        "max": 0.000131222899654,
        "mean": 7.96131462266e-06,
        "median": 3.90167542719e-07,
        "min": 8.1736180324e-12,
        "skew": 3.90435147285,
        "var": 3.22981863476e-10
    },
    "spectral_energyband_middle_high": {
        "kurt": 47.9291152954,
        "max": 0.00855251774192,
        "mean": 0.000209070072742,
        "median": 5.00376295953e-10,
        "min": 9.21644358054e-11,
        "skew": 6.08033227921,
        "var": 5.97936548274e-07
    },
    "spectral_energyband_middle_low": {
        "kurt": 30.8249511719,
        "max": 0.166175544262,
        "mean": 0.00576044619083,
        "median": 1.42049046303e-07,
        "min": 1.62970429252e-12,
        "skew": 5.00123167038,
        "var": 0.000340232887538
    },
    "spectral_flatness_db": {
        "kurt": -0.682054519653,
        "max": 0.811014711857,
        "mean": 0.434437125921,
        "median": 0.45054256916,
        "min": 0.0874833390117,
        "skew": 0.0453303568065,
        "var": 0.0239581335336
    },
    "spectral_flux": {
        "kurt": 5.38241386414,
        "max": 0.272427022457,
        "mean": 0.0245617199689,
        "median": 0.00178671267349,
        "min": 1.21247130664e-05,
        "skew": 2.38444280624,
        "var": 0.00246931356378
    },
    "spectral_kurtosis": {
        "kurt": 2.44541740417,
        "max": 413.905212402,
        "mean": 72.4256896973,
        "median": 42.2432174683,
        "min": -0.781750917435,
        "skew": 1.65027654171,
        "var": 8112.83984375
    },
    "spectral_rms": {
        "kurt": 7.04638004303,
        "max": 0.0128186289221,
        "mean": 0.00101481471211,
        "median": 7.69582475186e-05,
        "min": 6.1415721575e-07,
        "skew": 2.65038132668,
        "var": 4.75136812383e-06
    },
    "spectral_rolloff": {
        "kurt": 4.70999336243,
        "max": 6007.76367188,
        "mean": 789.791687012,
        "median": 387.59765625,
        "min": 21.533203125,
        "skew": 2.39245080948,
        "var": 1617204
    },
    "spectral_skewness": {
        "kurt": -0.620877027512,
        "max": 17.6818599701,
        "mean": 5.59249019623,
        "median": 5.61900424957,
        "min": 0.114032849669,
        "skew": 0.510787427425,
        "var": 18.9003829956
    },
    "spectral_spread": {
        "kurt": -1.12038683891,
        "max": 10516690,
        "mean": 3556554.5,
        "median": 1984316.5,
        "min": 151974.25,
        "skew": 0.687170028687,
        "var": 9.57679665152e+12
    },
    "spectral_strongpeak": {
        "kurt": 14.9741134644,
        "max": 6.75060462952,
        "mean": 0.339404404163,
        "median": 0.00423122243956,
        "min": 0,
        "skew": 3.65682268143,
        "var": 0.831010639668
    },
    "zerocrossingrate": {
        "kurt": 4.60812568665,
        "max": 0.185546875,
        "mean": 0.0298480726779,
        "median": 0.0205078125,
        "min": 0.001953125,
        "skew": 2.10780143738,
        "var": 0.00111210718751
    },
    "barkbands": {
        "kurt": [6.94903564453, 21.7794971466, 48.8684425354, 74.5393753052, 134.525482178, 30.9982719421, 50.5250053406, 61.558555603, 23.2710952759, 38.8574066162, 117.631774902, 41.9095039368, 46.8826293945, 85.7010498047, 80.4281768799, 136.179916382, 42.4679679871, 49.5158615112, 34.9943313599, 119.827705383, 131.064254761, 56.3994178772, 73.4817123413, 37.7695274353, 295.471832275, 104.502609253, 107.310516357],
        "max": [5.938927643e-06, 0.000105266954051, 6.87954234309e-05, 2.60393790086e-05, 0.000607256370131, 0.0285550449044, 0.165520250797, 0.0136676905677, 0.0165726598352, 0.00923861376941, 0.000793081824668, 0.000672691909131, 0.000717247312423, 1.0737779121e-05, 1.87785444723e-05, 0.000420960597694, 4.99479974678e-05, 5.35073195351e-05, 3.23198000842e-05, 4.08944697483e-06, 2.57638407675e-06, 3.46098136106e-06, 1.00467241282e-06, 1.3450657832e-07, 8.46837338031e-08, 1.46603928997e-08, 1.56535620022e-08],
        "mean": [5.447593594e-07, 5.17257012689e-06, 2.06778827305e-06, 5.93882589328e-07, 1.05338958747e-05, 0.000874833844136, 0.00382379232906, 0.000274484715192, 0.000619469268713, 0.000258247717284, 1.31906590468e-05, 1.74804536073e-05, 1.57447102538e-05, 2.14576587609e-07, 3.55915318551e-07, 5.47565514353e-06, 1.27804855765e-06, 1.11017152449e-06, 9.502475109e-07, 6.01550880219e-08, 3.91512102738e-08, 8.62266062995e-08, 2.20956621888e-08, 3.77184772304e-09, 5.30353205797e-10, 2.10891526464e-10, 2.17917461853e-10],
        "median": [9.27130159312e-08, 1.54169001121e-07, 1.52177825896e-08, 1.48527448118e-08, 1.56753721114e-08, 5.2080217916e-10, 3.25109855703e-10, 1.22209950493e-10, 1.34196612156e-10, 5.01425775901e-11, 1.12751891157e-11, 1.63712446377e-11, 5.43624867344e-12, 9.32666617548e-12, 8.01675045792e-12, 1.47358392849e-11, 1.86069319674e-11, 3.15975370868e-11, 5.90202817174e-11, 8.50292197763e-11, 8.39952621345e-11, 4.97176466663e-11, 2.09910266252e-11, 1.81168500341e-11, 6.13520172166e-12, 8.90611775951e-14, 9.0064484733e-14],
        "min": [3.99508690019e-11, 3.03730630057e-12, 1.13753899014e-14, 2.14467319229e-14, 1.36376410924e-13, 6.49102421661e-14, 5.65220511725e-14, 1.40391374199e-13, 1.62983464073e-13, 1.64170096246e-13, 1.69050212197e-13, 3.0815004411e-13, 3.77296853699e-13, 5.53791821428e-13, 9.10574133456e-13, 1.71826593752e-12, 4.29200511937e-12, 1.04379447793e-11, 2.0600200365e-11, 3.78022960157e-11, 4.1675152912e-11, 2.29462039647e-11, 9.04055302842e-12, 1.08703272078e-11, 2.57861440534e-12, 3.33951243906e-19, 4.40452576617e-20],
        "skew": [2.60728740692, 4.18665409088, 6.02656984329, 7.56574010849, 10.2339115143, 5.09329175949, 6.55649518967, 7.23275709152, 4.50042676926, 5.92836999893, 9.36081886292, 6.04385471344, 6.47220611572, 7.95072031021, 8.17263031006, 10.3449735641, 5.74058914185, 6.60081386566, 5.52488136292, 9.86610126495, 10.1001062393, 6.65928316116, 7.91974163055, 5.51409912109, 16.6811561584, 9.39461803436, 9.55712604523],
        "var": [1.0283941667e-12, 1.53211235365e-10, 3.76222074328e-11, 4.20186802019e-12, 1.64525360002e-09, 9.38960965868e-06, 0.000259763095528, 1.5070390873e-06, 4.02125715482e-06, 1.10293410671e-06, 2.98885871608e-09, 4.8373607342e-09, 5.60945334627e-09, 6.50557353214e-13, 2.31148412043e-12, 7.91854470883e-10, 2.16156554461e-11, 2.69589645746e-11, 1.26885359858e-11, 8.15871553802e-14, 3.01366665455e-14, 1.01508740107e-13, 8.63384155971e-15, 1.76502965309e-16, 2.17129964255e-17, 1.18570312731e-18, 1.334807706e-18],
        "cov": [[1.03128291497e-12, 7.61544646788e-12, 2.94585731676e-12, 5.04242697943e-13, 1.78008356753e-12, -2.54732745314e-11, 1.3713140623e-09, 1.29318764031e-10, 2.23617947076e-11, 4.64612757989e-11, 6.62378745603e-12, -1.99504974173e-12, 8.77601810667e-12, 1.3406155797e-13, -3.09679616206e-14, 4.72559101225e-12, 5.8395080221e-13, 1.03405825569e-12, 9.3993863799e-14, -1.01005693169e-15, 9.74664041153e-15, 5.63099752983e-15, 4.31029100004e-16, 7.3889563901e-16, 1.29959987165e-16, 3.4084671972e-17, 3.37267409947e-17], [7.61544646788e-12, 1.53641599443e-10, 4.83365569792e-11, 8.28040847695e-12, 1.50245614561e-11, -1.04514430443e-09, 5.43847766821e-09, 6.55781484671e-10, -2.84541806783e-10, 7.55063012114e-10, 6.33939151173e-11, -2.78758943012e-11, 9.69681973606e-11, 1.84304091086e-12, 4.1799429315e-14, 7.80785991417e-11, 4.74320539443e-12, 9.69081932756e-12, 2.18074676698e-13, 9.3613861102e-15, 1.18902148327e-13, 1.51505083435e-13, 1.45238960697e-14, 1.49418560071e-14, 2.3657700097e-15, 1.24653219871e-16, 7.09595300292e-17], [2.94585731676e-12, 4.83365569792e-11, 3.77278867869e-11, 4.52672404769e-12, 2.03567327925e-12, 1.53994483831e-10, 7.84511389185e-09, 1.86841361827e-10, -4.16669520067e-12, 1.92747373617e-10, 2.14457757108e-11, -1.19591064482e-11, 5.61919608066e-11, 7.4546190618e-13, -1.26101033912e-13, 1.27416931173e-11, 3.36473925978e-12, 6.29454604759e-12, 1.71592416925e-12, 1.13211774211e-13, 1.45249480846e-13, 2.04192484319e-13, 3.52031636263e-14, 8.34758592816e-15, 1.64702083759e-15, -1.12869853374e-16, -1.65855033243e-16], [5.04242697943e-13, 8.28040847695e-12, 4.52672404769e-12, 4.21367107872e-12, 9.68432105342e-12, 1.10753306526e-09, 3.01280844717e-09, 3.03233604892e-10, 3.12373071854e-10, 2.71888123127e-10, 2.49852673273e-11, 7.35425869508e-12, 2.39608680119e-11, 6.8307946105e-13, 3.73641737125e-13, 1.02058994936e-11, 1.74126208244e-12, 2.34479276273e-12, 1.19455671483e-12, 3.81682939378e-13, 2.45322669514e-13, 1.21560273241e-13, 2.82202799133e-14, 1.35110496467e-14, 6.61016888741e-15, 3.16584837374e-16, 1.58975233122e-16], [1.78008356753e-12, 1.50245614561e-11, 2.03567327925e-12, 9.68432105342e-12, 1.64987512541e-09, 2.04118535407e-08, 1.83184525326e-08, 3.72543862426e-09, 8.62008509017e-09, 1.70329816918e-09, 1.83489612393e-10, 1.78144624052e-10, 6.19590004303e-11, 2.25807740561e-12, 7.54933442149e-12, 3.10457146102e-11, 5.92215772949e-12, 4.56552720976e-12, 5.60909608691e-12, 5.46464186835e-13, 3.75353529725e-13, 6.72266495944e-13, 1.16802739898e-13, 3.21334179697e-14, 7.99763596006e-15, 2.78002777794e-15, 2.81344788639e-15], [-2.54732745314e-11, -1.04514430443e-09, 1.53994483831e-10, 1.10753306526e-09, 2.04118535407e-08, 9.41598500503e-06, 7.12991777618e-06, 4.26129872722e-07, 2.94548590318e-06, 6.82068844071e-07, 2.55950940442e-08, 5.62452591168e-08, 7.0046834999e-09, 3.54291207483e-10, 8.59639193163e-10, 2.46930143e-09, 2.9684747993e-09, 7.19788173509e-10, 4.49233272803e-09, 1.61004168331e-10, 8.30940941055e-11, 2.78599643355e-10, 7.24229565208e-11, 7.5674761596e-12, 3.80097835801e-13, 4.65070148191e-13, 5.01816036641e-13], [1.3713140623e-09, 5.43847766821e-09, 7.84511389185e-09, 3.01280844717e-09, 1.83184525326e-08, 7.12991777618e-06, 0.000260492757661, 6.54998984828e-06, 9.67362757365e-06, 4.88624618811e-06, 3.46445659716e-07, 3.29210678274e-07, 4.3954122475e-07, 3.92606258615e-09, 6.85186485327e-09, 1.71759424461e-07, 5.65784077367e-08, 3.3226903895e-08, 4.28019077958e-08, 1.66578228988e-09, 9.3427332537e-10, 4.27279323034e-09, 5.73444902674e-10, 1.08555948952e-10, 1.135591534e-11, 1.08083906408e-11, 1.15605589338e-11], [1.29318764031e-10, 6.55781484671e-10, 1.86841361827e-10, 3.03233604892e-10, 3.72543862426e-09, 4.26129872722e-07, 6.54998984828e-06, 1.51127233039e-06, 1.5904358861e-06, 7.85224756328e-07, 3.36675114454e-08, 5.18878700007e-08, 5.02747532494e-08, 5.41074240967e-10, 6.32382646248e-10, 1.13774900612e-08, 2.22028595509e-09, 2.01530458988e-09, 1.4647217883e-09, 5.5369996782e-11, 4.97045356262e-11, 8.60959636917e-11, 1.48590948573e-11, 4.13899123308e-12, 3.4235087638e-13, 3.68821455581e-13, 3.94991277099e-13], [2.23617947076e-11, -2.84541806783e-10, -4.16669520067e-12, 3.12373071854e-10, 8.62008509017e-09, 2.94548590318e-06, 9.67362757365e-06, 1.5904358861e-06, 4.03255262427e-06, 1.48739979977e-06, 4.52513120308e-08, 1.00202811382e-07, 5.79209213925e-08, 7.56456952633e-10, 1.17151599532e-09, 1.40388252134e-08, 4.19659418327e-09, 3.02514835404e-09, 4.02860056425e-09, 1.51607532084e-10, 1.09821395033e-10, 2.59248011947e-10, 7.04227717807e-11, 8.94082204106e-12, 4.07319929738e-13, 4.92327099227e-13, 5.29230196993e-13], [4.64612757989e-11, 7.55063012114e-10, 1.92747373617e-10, 2.71888123127e-10, 1.70329816918e-09, 6.82068844071e-07, 4.88624618811e-06, 7.85224756328e-07, 1.48739979977e-06, 1.10603218673e-06, 3.61516079295e-08, 4.04350579686e-08, 3.92078050027e-08, 5.95745675014e-10, 4.88580564895e-10, 1.75027441429e-08, 2.35377517477e-09, 2.14148698774e-09, 1.74527736707e-09, 5.20295577455e-11, 4.03243653746e-11, 1.00873455422e-10, 1.99005499579e-11, 4.49645572512e-12, 2.42146743195e-13, 2.6544800971e-13, 2.84919440471e-13], [6.62378745603e-12, 6.33939151173e-11, 2.14457757108e-11, 2.49852673273e-11, 1.83489612393e-10, 2.55950940442e-08, 3.46445659716e-07, 3.36675114454e-08, 4.52513120308e-08, 3.61516079295e-08, 2.99725444464e-09, 1.72344660765e-09, 1.81317560966e-09, 3.79227968472e-11, 3.84252178687e-11, 1.25048360555e-09, 1.09452551189e-10, 9.70504301923e-11, 7.31431859524e-11, 2.50033934529e-12, 1.7304907507e-12, 4.97983165121e-12, 9.77222317823e-13, 2.36741155108e-13, 1.67877711922e-14, 1.66711025681e-14, 1.78493880782e-14], [-1.99504974173e-12, -2.78758943012e-11, -1.19591064482e-11, 7.35425869508e-12, 1.78144624052e-10, 5.62452591168e-08, 3.29210678274e-07, 5.18878700007e-08, 1.00202811382e-07, 4.04350579686e-08, 1.72344660765e-09, 4.85094853175e-09, 1.15986997784e-09, 2.33016037021e-11, 5.772476247e-11, 3.85524112634e-10, 7.18059847693e-11, 3.86561928301e-11, 1.05738501288e-10, 4.45609304664e-12, 2.52300264014e-12, 7.73696384737e-12, 2.92658714103e-12, 2.48356185877e-13, 1.23622307188e-14, 1.44284642556e-14, 1.54886428797e-14], [8.77601810667e-12, 9.69681973606e-11, 5.61919608066e-11, 2.39608680119e-11, 6.19590004303e-11, 7.0046834999e-09, 4.3954122475e-07, 5.02747532494e-08, 5.79209213925e-08, 3.92078050027e-08, 1.81317560966e-09, 1.15986997784e-09, 5.62521007552e-09, 3.23071396024e-11, 1.01856795567e-11, 9.72115721254e-10, 1.74261730046e-10, 3.24418630848e-10, 7.26250101724e-11, 1.54365788815e-12, 2.96725881713e-12, 5.29127739887e-12, 1.11479434625e-12, 4.25175980577e-13, 2.31238469941e-14, 2.18510275249e-14, 2.33808926945e-14], [1.3406155797e-13, 1.84304091086e-12, 7.4546190618e-13, 6.8307946105e-13, 2.25807740561e-12, 3.54291207483e-10, 3.92606258615e-09, 5.41074240967e-10, 7.56456952633e-10, 5.95745675014e-10, 3.79227968472e-11, 2.33016037021e-11, 3.23071396024e-11, 6.52384721765e-13, 4.30512450775e-13, 1.81073576272e-11, 1.72515138026e-12, 1.74689180222e-12, 1.12057921536e-12, 6.04595380379e-14, 4.23450777752e-14, 7.51532760719e-14, 1.34213158233e-14, 4.4254231593e-15, 7.01087317558e-16, 2.35417322868e-16, 2.392267212e-16], [-3.09679616206e-14, 4.1799429315e-14, -1.26101033912e-13, 3.73641737125e-13, 7.54933442149e-12, 8.59639193163e-10, 6.85186485327e-09, 6.32382646248e-10, 1.17151599532e-09, 4.88580564895e-10, 3.84252178687e-11, 5.772476247e-11, 1.01856795567e-11, 4.30512450775e-13, 2.3179771904e-12, 7.3052683694e-12, 9.03230886352e-13, 2.70997119059e-13, 1.00182264828e-12, 8.02669969336e-14, 4.42589216144e-14, 1.13375766566e-13, 1.01652322356e-14, 2.48783741004e-15, 7.00854754074e-16, 3.08359353363e-16, 3.18082179867e-16], [4.72559101225e-12, 7.80785991417e-11, 1.27416931173e-11, 1.02058994936e-11, 3.10457146102e-11, 2.46930143e-09, 1.71759424461e-07, 1.13774900612e-08, 1.40388252134e-08, 1.75027441429e-08, 1.25048360555e-09, 3.85524112634e-10, 9.72115721254e-10, 1.81073576272e-11, 7.3052683694e-12, 7.94078747202e-10, 6.47916789664e-11, 6.36530203546e-11, 3.24448350131e-11, 1.176016424e-12, 9.36923498854e-13, 3.02690186284e-12, 4.9876633856e-13, 1.5524783065e-13, 1.12195858141e-14, 9.96741785517e-15, 1.06507659205e-14], [5.8395080221e-13, 4.74320539443e-12, 3.36473925978e-12, 1.74126208244e-12, 5.92215772949e-12, 2.9684747993e-09, 5.65784077367e-08, 2.22028595509e-09, 4.19659418327e-09, 2.35377517477e-09, 1.09452551189e-10, 7.18059847693e-11, 1.74261730046e-10, 1.72515138026e-12, 9.03230886352e-13, 6.47916789664e-11, 2.16763742372e-11, 1.42186297458e-11, 1.10777064605e-11, 4.19978315363e-13, 2.96858457954e-13, 9.97586778809e-13, 1.42471578697e-13, 3.44455062075e-14, 3.12273794368e-15, 2.23352529675e-15, 2.36958525786e-15], [1.03405825569e-12, 9.69081932756e-12, 6.29454604759e-12, 2.34479276273e-12, 4.56552720976e-12, 7.19788173509e-10, 3.3226903895e-08, 2.01530458988e-09, 3.02514835404e-09, 2.14148698774e-09, 9.70504301923e-11, 3.86561928301e-11, 3.24418630848e-10, 1.74689180222e-12, 2.70997119059e-13, 6.36530203546e-11, 1.42186297458e-11, 2.70346921932e-11, 4.95066054124e-12, 1.38134105933e-13, 3.01419750704e-13, 4.32123277048e-13, 9.67476898833e-14, 3.0251571647e-14, 2.02032900975e-15, 1.05632420061e-15, 1.10583359401e-15], [9.3993863799e-14, 2.18074676698e-13, 1.71592416925e-12, 1.19455671483e-12, 5.60909608691e-12, 4.49233272803e-09, 4.28019077958e-08, 1.4647217883e-09, 4.02860056425e-09, 1.74527736707e-09, 7.31431859524e-11, 1.05738501288e-10, 7.26250101724e-11, 1.12057921536e-12, 1.00182264828e-12, 3.24448350131e-11, 1.10777064605e-11, 4.95066054124e-12, 1.27241776143e-11, 5.09183624084e-13, 2.6181961872e-13, 8.94754214296e-13, 1.79947582443e-13, 2.44189857815e-14, 2.8181811065e-15, 1.47666991228e-15, 1.54613413137e-15], [-1.01005693169e-15, 9.3613861102e-15, 1.13211774211e-13, 3.81682939378e-13, 5.46464186835e-13, 1.61004168331e-10, 1.66578228988e-09, 5.5369996782e-11, 1.51607532084e-10, 5.20295577455e-11, 2.50033934529e-12, 4.45609304664e-12, 1.54365788815e-12, 6.04595380379e-14, 8.02669969336e-14, 1.176016424e-12, 4.19978315363e-13, 1.38134105933e-13, 5.09183624084e-13, 8.18163353906e-14, 4.58240690944e-14, 4.75461107931e-14, 9.10407444148e-15, 2.59244470848e-15, 1.11714243677e-15, 9.75003743717e-17, 7.57634906244e-17], [9.74664041153e-15, 1.18902148327e-13, 1.45249480846e-13, 2.45322669514e-13, 3.75353529725e-13, 8.30940941055e-11, 9.3427332537e-10, 4.97045356262e-11, 1.09821395033e-10, 4.03243653746e-11, 1.7304907507e-12, 2.52300264014e-12, 2.96725881713e-12, 4.23450777752e-14, 4.42589216144e-14, 9.36923498854e-13, 2.96858457954e-13, 3.01419750704e-13, 2.6181961872e-13, 4.58240690944e-14, 3.02213190183e-14, 2.48350110957e-14, 4.92894062425e-15, 1.64771148707e-15, 6.83905995377e-16, 5.38853145024e-17, 3.96811940168e-17], [5.63099752983e-15, 1.51505083435e-13, 2.04192484319e-13, 1.21560273241e-13, 6.72266495944e-13, 2.78599643355e-10, 4.27279323034e-09, 8.60959636917e-11, 2.59248011947e-10, 1.00873455422e-10, 4.97983165121e-12, 7.73696384737e-12, 5.29127739887e-12, 7.51532760719e-14, 1.13375766566e-13, 3.02690186284e-12, 9.97586778809e-13, 4.32123277048e-13, 8.94754214296e-13, 4.75461107931e-14, 2.48350110957e-14, 1.01793878502e-13, 1.66823647182e-14, 2.74236911662e-15, 4.06725421876e-16, 1.87865422605e-16, 1.95062873316e-16], [4.31029100004e-16, 1.45238960697e-14, 3.52031636263e-14, 2.82202799133e-14, 1.16802739898e-13, 7.24229565208e-11, 5.73444902674e-10, 1.48590948573e-11, 7.04227717807e-11, 1.99005499579e-11, 9.77222317823e-13, 2.92658714103e-12, 1.11479434625e-12, 1.34213158233e-14, 1.01652322356e-14, 4.9876633856e-13, 1.42471578697e-13, 9.67476898833e-14, 1.79947582443e-13, 9.10407444148e-15, 4.92894062425e-15, 1.66823647182e-14, 8.65809380706e-15, 7.13495556142e-16, 7.60373271119e-17, 2.4914496416e-17, 2.52476417533e-17], [7.3889563901e-16, 1.49418560071e-14, 8.34758592816e-15, 1.35110496467e-14, 3.21334179697e-14, 7.5674761596e-12, 1.08555948952e-10, 4.13899123308e-12, 8.94082204106e-12, 4.49645572512e-12, 2.36741155108e-13, 2.48356185877e-13, 4.25175980577e-13, 4.4254231593e-15, 2.48783741004e-15, 1.5524783065e-13, 3.44455062075e-14, 3.0251571647e-14, 2.44189857815e-14, 2.59244470848e-15, 1.64771148707e-15, 2.74236911662e-15, 7.13495556142e-16, 1.7699877075e-16, 4.05748038499e-17, 7.45220331457e-18, 7.03316106087e-18], [1.29959987165e-16, 2.3657700097e-15, 1.64702083759e-15, 6.61016888741e-15, 7.99763596006e-15, 3.80097835801e-13, 1.135591534e-11, 3.4235087638e-13, 4.07319929738e-13, 2.42146743195e-13, 1.67877711922e-14, 1.23622307188e-14, 2.31238469941e-14, 7.01087317558e-16, 7.00854754074e-16, 1.12195858141e-14, 3.12273794368e-15, 2.02032900975e-15, 2.8181811065e-15, 1.11714243677e-15, 6.83905995377e-16, 4.06725421876e-16, 7.60373271119e-17, 4.05748038499e-17, 2.17739877608e-17, 1.77871190698e-18, 1.30719248804e-18], [3.4084671972e-17, 1.24653219871e-16, -1.12869853374e-16, 3.16584837374e-16, 2.78002777794e-15, 4.65070148191e-13, 1.08083906408e-11, 3.68821455581e-13, 4.92327099227e-13, 2.6544800971e-13, 1.66711025681e-14, 1.44284642556e-14, 2.18510275249e-14, 2.35417322868e-16, 3.08359353363e-16, 9.96741785517e-15, 2.23352529675e-15, 1.05632420061e-15, 1.47666991228e-15, 9.75003743717e-17, 5.38853145024e-17, 1.87865422605e-16, 2.4914496416e-17, 7.45220331457e-18, 1.77871190698e-18, 1.18903377004e-18, 1.25340238037e-18], [3.37267409947e-17, 7.09595300292e-17, -1.65855033243e-16, 1.58975233122e-16, 2.81344788639e-15, 5.01816036641e-13, 1.15605589338e-11, 3.94991277099e-13, 5.29230196993e-13, 2.84919440471e-13, 1.78493880782e-14, 1.54886428797e-14, 2.33808926945e-14, 2.392267212e-16, 3.18082179867e-16, 1.06507659205e-14, 2.36958525786e-15, 1.10583359401e-15, 1.54613413137e-15, 7.57634906244e-17, 3.96811940168e-17, 1.95062873316e-16, 2.52476417533e-17, 7.03316106087e-18, 1.30719248804e-18, 1.25340238037e-18, 1.33855710892e-18]]
    },
    "mfcc": {
        "kurt": [-0.132588624954, -1.10557341576, 0.368082284927, -0.321861743927, -0.686372280121, -0.656567335129, -0.694335222244, -0.431044816971, -0.205538272858, -0.349578380585, 0.65433382988, 1.32004880905, 3.89638805389],
        "max": [-791.347900391, 237.272857666, 100.52722168, 55.9358062744, 51.1272773743, 45.3508605957, 38.8764724731, 34.22838974, 28.0624351501, 22.5704135895, 40.7954368591, 41.326133728, 51.9885368347],
        "mean": [-1052.63208008, 75.1995162964, 18.0719623566, 1.10599589348, -8.41648864746, -10.7761821747, -3.85986661911, 4.64846944809, 2.07297205925, 0.675154924393, 2.4598107338, 1.98355472088, 6.78952407837],
        "median": [-1108.81201172, 39.9639396667, 15.2655029297, 0.33052444458, -6.103515625e-05, 2.28881835938e-05, -2.67028808594e-05, 0.652221679688, -4.57763671875e-05, -2.28881835938e-05, 1.86059188843, 1.80881500244, 3.8321685791],
        "min": [-1138.42004395, 1.14440917969e-05, -67.1417999268, -81.9109573364, -95.0893478394, -101.085418701, -68.2360992432, -39.0899658203, -37.7983398438, -36.0302352905, -35.1172027588, -34.4530448914, -15.926776886],
        "skew": [1.12654185295, 0.677016854286, 0.0100223608315, -0.501780807972, -0.631785988808, -0.672450423241, -0.380545556545, -0.0798447579145, -0.289853960276, -0.468979179859, -0.477481931448, -0.280117183924, 1.7943803072],
        "var": [11366.7695312, 6099.49023438, 779.141113281, 933.861633301, 1357.00048828, 1319.51586914, 578.261657715, 202.266021729, 179.465209961, 158.088378906, 157.040893555, 115.217819214, 119.615455627],
        "cov": [[11398.6992188, 8019.94873047, -810.495422363, -2038.68481445, -2969.62182617, -3221.64575195, -1994.09375, -329.937347412, -784.827331543, -836.358825684, -112.828994751, -103.997039795, 743.311889648], [8019.94873047, 6116.62353516, -55.5428962708, -1418.19824219, -2138.64111328, -2283.53833008, -1399.98925781, -298.014434814, -551.978820801, -581.497436523, -166.031219482, -134.313537598, 461.838653564], [-810.495422363, -55.5428962708, 781.329711914, 435.016998291, 338.209503174, 341.734191895, 243.644332886, 32.0728721619, 107.550010681, 111.064979553, -20.93542099, -11.7061462402, -107.469078064], [-2038.68481445, -1418.19824219, 435.016998291, 936.484802246, 1024.46984863, 918.627868652, 621.774169922, 277.389343262, 293.761688232, 272.787780762, 199.356414795, 157.548400879, -120.53578186], [-2969.62182617, -2138.64111328, 338.209503174, 1024.46984863, 1360.81225586, 1286.31860352, 834.630615234, 358.191162109, 412.676055908, 382.731781006, 251.233230591, 195.566268921, -165.888168335], [-3221.64575195, -2283.53833008, 341.734191895, 918.627868652, 1286.31860352, 1323.22229004, 845.163452148, 297.69744873, 411.016937256, 395.584014893, 182.3646698, 131.261276245, -183.524200439], [-1994.09375, -1399.98925781, 243.644332886, 621.774169922, 834.630615234, 845.163452148, 579.885986328, 226.120056152, 274.207794189, 260.808013916, 127.16796875, 97.1673431396, -113.755554199], [-329.937347412, -298.014434814, 32.0728721619, 277.389343262, 358.191162109, 297.69744873, 226.120056152, 202.834182739, 144.430725098, 103.880126953, 136.897399902, 111.877052307, 15.9985561371], [-784.827331543, -551.978820801, 107.550010681, 293.761688232, 412.676055908, 411.016937256, 274.207794189, 144.430725098, 179.969314575, 151.036392212, 89.1491317749, 70.9862060547, -25.5514698029], [-836.358825684, -581.497436523, 111.064979553, 272.787780762, 382.731781006, 395.584014893, 260.808013916, 103.880126953, 151.036392212, 158.532440186, 77.4777755737, 52.8017120361, -22.5051078796], [-112.828994751, -166.031219482, -20.93542099, 199.356414795, 251.233230591, 182.3646698, 127.16796875, 136.897399902, 89.1491317749, 77.4777755737, 157.482009888, 121.940750122, 22.3794269562], [-103.997039795, -134.313537598, -11.7061462402, 157.548400879, 195.566268921, 131.261276245, 97.1673431396, 111.877052307, 70.9862060547, 52.8017120361, 121.940750122, 115.541465759, 24.8315010071], [743.311889648, 461.838653564, -107.469078064, -120.53578186, -165.888168335, -183.524200439, -113.755554199, 15.9985561371, -25.5514698029, -22.5051078796, 22.3794269562, 24.8315010071, 119.951454163]]
    },
    "sccoeffs": {
        "kurt": [-0.42102265358, 1.56695461273, -0.0545744895935, 0.0852558612823, 0.412432193756, 2.4147810936],
        "max": [-0.332235127687, -0.188235223293, -0.416073143482, -0.524749457836, -0.560576140881, -0.602021336555],
        "mean": [-0.670969545841, -0.82296025753, -0.833497524261, -0.850261092186, -0.857583105564, -0.860182225704],
        "median": [-0.686114013195, -0.889350175858, -0.886916339397, -0.907196879387, -0.91051119566, -0.887057602406],
        "min": [-0.93438833952, -0.96725410223, -0.971116423607, -0.987601280212, -0.973363816738, -0.937447786331],
        "skew": [0.434585154057, 1.47062897682, 1.0068076849, 1.07961213589, 1.32658195496, 1.79319095612],
        "var": [0.0147823374718, 0.0217229258269, 0.0158669315279, 0.0105496011674, 0.00895609334111, 0.00359889795072],
        "cov": [[0.0148238614202, -0.00585992261767, -0.00435019098222, -0.00276049645618, -0.00330915115774, -0.00231716525741], [-0.00585992261767, 0.021783946082, 0.0164148919284, 0.0112705500796, 0.0118264015764, 0.00652642874047], [-0.00435019098222, 0.0164148919284, 0.015911500901, 0.0103926453739, 0.00944572221488, 0.00521067995578], [-0.00276049645618, 0.0112705500796, 0.0103926453739, 0.0105792349204, 0.00720524648204, 0.00327479862608], [-0.00330915115774, 0.0118264015764, 0.00944572221488, 0.00720524648204, 0.0089812502265, 0.00444657029584], [-0.00231716525741, 0.00652642874047, 0.00521067995578, 0.00327479862608, 0.00444657029584, 0.00360900722444]]
    },
    "scvalleys": {
        "kurt": [-1.22581398487, -1.47528934479, -1.43644464016, -0.930270910263, 1.19924020767, 2.09366703033],
        "max": [-6.48872852325, -4.1738038063, -5.3167219162, -7.74632787704, -8.42393016815, -10.4949741364],
        "mean": [-11.4703159332, -11.3930625916, -12.2531290054, -13.4181365967, -13.5716133118, -14.9862957001],
        "median": [-11.1128616333, -12.8948221207, -14.2491197586, -14.878695488, -14.3493413925, -15.5267572403],
        "min": [-16.1920070648, -16.5096988678, -16.3312397003, -15.8890810013, -14.8286886215, -15.7544651031],
        "skew": [-0.0659723058343, 0.390761375427, 0.51604449749, 0.800076127052, 1.58286726475, 1.79614901543],
        "var": [6.96960878372, 16.4490413666, 13.5762672424, 6.15244722366, 2.21804881096, 1.1893273592],
        "cov": [[6.98918628693, 8.65408706665, 7.3847284317, 5.00154924393, 2.60346364975, 1.79767870903], [8.65408706665, 16.4952468872, 14.6998329163, 9.37610435486, 4.62726259232, 3.28704595566], [7.3847284317, 14.6998329163, 13.614402771, 8.7257566452, 4.21450519562, 2.99680352211], [5.00154924393, 9.37610435486, 8.7257566452, 6.16972923279, 3.1639380455, 2.23236346245], [2.60346364975, 4.62726259232, 4.21450519562, 3.1639380455, 2.22427916527, 1.53275585175], [1.79767870903, 3.28704595566, 2.99680352211, 2.23236346245, 1.53275585175, 1.19266819954]]
    }
},
"rhythm": {
    "beats_loudness": {
        "kurt": 3.95700883865,
        "max": 0.143192023039,
        "mean": 0.0198095440865,
        "median": 1.11083918455e-05,
        "min": 1.41953959698e-09,
        "skew": 2.27208137512,
        "var": 0.00158520590048
    },
    "bpm": 98.4580078125,
    "confidence": 2.69437432289,
    "first_peak_bpm": {
        "kurt": 0,
        "max": 99,
        "mean": 99,
        "median": 99,
        "min": 99,
        "skew": 0,
        "var": 0
    },
    "first_peak_spread": {
        "kurt": 0,
        "max": 0.166666686535,
        "mean": 0.166666686535,
        "median": 0.166666686535,
        "min": 0.166666686535,
        "skew": 0,
        "var": 0
    },
    "first_peak_weight": {
        "kurt": 0,
        "max": 0.384615391493,
        "mean": 0.384615391493,
        "median": 0.384615391493,
        "min": 0.384615391493,
        "skew": 0,
        "var": 0
    },
    "onset_rate": 1.93641865253,
    "second_peak_bpm": {
        "kurt": 0,
        "max": 115,
        "mean": 115,
        "median": 115,
        "min": 115,
        "skew": 0,
        "var": 0
    },
    "second_peak_spread": {
        "kurt": 0,
        "max": 0.25,
        "mean": 0.25,
        "median": 0.25,
        "min": 0.25,
        "skew": 0,
        "var": 0
    },
    "second_peak_weight": {
        "kurt": 0,
        "max": 0.230769231915,
        "mean": 0.230769231915,
        "median": 0.230769231915,
        "min": 0.230769231915,
        "skew": 0,
        "var": 0
    },
    "beats_loudness_band_ratio": {
        "kurt": [-1.87793314457, 1.43727493286, -1.72256445885, 4.21757316589, 7.89600563049, 2.71276855469],
        "max": [0.999914288521, 0.48872205615, 0.98052752018, 0.124523505569, 0.159415259957, 0.260637551546],
        "mean": [0.511072039604, 0.0918960347772, 0.376180440187, 0.020295387134, 0.0154752945527, 0.0343234725296],
        "median": [0.592747151852, 0.0160709023476, 0.0331929549575, 0.00730100646615, 0.000928294437472, 0.000113137262815],
        "min": [7.99792633188e-06, 1.3567075257e-05, 4.16257216784e-06, 2.27836653721e-06, 5.39674556421e-06, 5.69164149056e-06],
        "skew": [-0.0740096345544, 1.74355614185, 0.416052162647, 2.24305415154, 3.07231235504, 2.12108278275],
        "var": [0.216564759612, 0.0243623908609, 0.191043972969, 0.00109771930147, 0.00167886482086, 0.00643050437793],
        "cov": [[0.233223587275, -0.0461561754346, -0.20443469286, -0.010135720484, -0.000850137672387, 0.00283864885569], [-0.0461561754346, 0.0262364223599, 0.0322790890932, 0.00154435378499, -0.00036967167398, -0.00193205359392], [-0.20443469286, 0.0322790890932, 0.205739662051, 0.00788978300989, -0.00451180990785, -0.0125444279984], [-0.010135720484, 0.00154435378499, 0.00788978300989, 0.0011821591761, 6.19891943643e-05, -0.000198448775336], [-0.000850137672387, -0.00036967167398, -0.00451180990785, 6.19891943643e-05, 0.00180800829548, 0.00318503589369], [0.00283864885569, -0.00193205359392, -0.0125444279984, -0.000198448775336, 0.00318503589369, 0.00692515866831]]
    },
    "beats_position": [0.46439909935, 0.940408170223, 1.4164172411, 1.90403628349, 2.41487526894, 2.93732428551, 3.45977306366, 3.98222208023, 4.58594083786, 5.18965959549, 5.79337835312, 6.40870714188, 7.01242637634, 7.63936471939],
    "bpm_estimates": [99.3840255737, 99.3840255737, 99.3840255737, 97.5088424683, 99.3839492798, 95.7031936646],
    "bpm_intervals": [0.476009070873, 0.476009070873, 0.487619042397, 0.510838985443, 0.522449016571, 0.522448778152, 0.522449016571, 0.603718757629, 0.603718757629, 0.603718757629, 0.615328788757, 0.603719234467, 0.626938343048],
    "onset_times": [0.0116099771112, 1.78793644905, 2.0549659729, 2.34521532059, 3.3785033226, 4.95746040344, 5.06195020676, 5.35219955444, 5.45668935776, 5.65405893326, 5.73532867432, 6.68734693527, 6.80344676971, 7.01242637634, 7.2330160141, 8.2198638916],
    "histogram": [[0, 0, 0, 0, 0, 0, 0, 0, 0, 0, 0, 0, 0, 0, 0, 0, 0, 0, 0, 0, 0, 0, 0, 0, 0, 0, 0, 0, 0, 0, 0, 0, 0, 0, 0, 0, 0, 0, 0, 0, 0, 0, 0, 0, 0, 0, 0, 0, 0, 0, 0, 0, 0, 0, 0, 0, 0, 0, 0, 0, 0, 0, 0, 0, 0, 0, 0, 0, 0, 0, 0, 0, 0, 0, 0, 0, 0, 0, 0, 0, 0, 0, 0, 0, 0, 0, 0, 0, 0, 0, 0, 0, 0, 0, 0, 0, 0.0769230797887, 0, 0.0769230797887, 0.307692319155, 0, 0, 0, 0, 0, 0, 0, 0, 0, 0, 0, 0, 0, 0, 0, 0.230769231915, 0, 0.0769230797887, 0, 0, 0, 0, 0, 0.0769230797887, 0, 0, 0.153846159577, 0, 0, 0, 0, 0, 0, 0, 0, 0, 0, 0, 0, 0, 0, 0, 0, 0, 0, 0, 0, 0, 0, 0, 0, 0, 0, 0, 0, 0, 0, 0, 0, 0, 0, 0, 0, 0, 0, 0, 0, 0, 0, 0, 0, 0, 0, 0, 0, 0, 0, 0, 0, 0, 0, 0, 0, 0, 0, 0, 0, 0, 0, 0, 0, 0, 0, 0, 0, 0, 0, 0, 0, 0, 0, 0, 0, 0, 0, 0, 0, 0, 0, 0, 0, 0, 0, 0, 0, 0, 0, 0, 0, 0, 0, 0, 0, 0, 0, 0, 0, 0, 0, 0, 0, 0, 0, 0, 0, 0, 0, 0, 0, 0, 0, 0, 0, 0, 0, 0, 0, 0, 0, 0]]
},
"sfx": {
    "inharmonicity": {
        "kurt": 12.181883812,
        "max": 0.414069235325,
        "mean": 0.031628459692,
        "median": 0.00123725680169,
        "min": 0,
        "skew": 3.06099057198,
        "var": 0.00355028896593
    },
    "oddtoevenharmonicenergyratio": {
        "kurt": 0,
        "max": 3.40282346639e+38,
        "mean": 9.53171839324e+35,
        "median": 0.0159100797027,
        "min": 0,
        "skew": 0,
        "var": inf
    },
    "pitch_after_max_to_before_max_energy_ratio": 0.968389749527,
    "pitch_centroid": 155.395477295,
    "pitch_max_to_total": 0.459383755922,
    "pitch_min_to_total": 0.36134454608,
    "tristimulus": {
        "kurt": [-0.494632482529, 0.658835411072, 9.8609085083],
        "max": [1, 0.999165177345, 1],
        "mean": [0.693903386593, 0.223900988698, 0.0821956694126],
        "median": [0.821035861969, 0.114591278136, 0.0122759873047],
        "min": [0, 0, 0],
        "skew": [-0.891271948814, 1.19503057003, 3.18746137619],
        "var": [0.118903622031, 0.0720935612917, 0.0361765064299],
        "cov": [[0.119237624109, -0.0776277780533, -0.0416097603738], [-0.0776277780533, 0.0722960755229, 0.00533163268119], [-0.0416097603738, 0.00533163268119, 0.0362781248987]]
    }
},
"tonal": {
    "chords_changes_rate": 0.0949720665812,
    "chords_number_rate": 0.044692736119,
    "chords_strength": {
        "kurt": -0.978976726532,
        "max": 0.644784986973,
        "mean": 0.443027347326,
        "median": 0.415843904018,
        "min": 0.309553831816,
        "skew": 0.500710308552,
        "var": 0.00815798155963
    },
    "key_strength": 0.532130122185,
    "tuning_diatonic_strength": 0.469847708941,
    "tuning_equal_tempered_deviation": 0.262019455433,
    "tuning_frequency": 441.272583008,
    "tuning_nontempered_energy_ratio": 0.924855351448,
    "hpcp": {
        "kurt": [3.76693058014, 6.95520305634, 10.6290988922, 13.7683429718, 8.24264335632, 5.75757312775, 8.4839925766, 10.3648386002, 7.09073829651, 7.00719356537, 8.04993343353, 12.297457695, 16.60688591, 12.9130945206, 16.3846740723, 11.7241897583, 10.1362485886, 17.7097644806, 23.676202774, 22.4962520599, 14.5281391144, 6.22242641449, 1.94036245346, -0.756185054779, -0.279086351395, 6.36181735992, 5.73439598083, 6.4717206955, 5.99686431885, 4.97930860519, 2.34495353699, 3.1099486351, 5.74222564697, 6.7503080368, 5.40850257874, 4.16679859161],
        "max": [1, 1, 1, 1, 1, 1, 1, 1, 1, 1, 1, 1, 1, 1, 1, 1, 1, 1, 1, 1, 1, 1, 1, 1, 1, 1, 1, 1, 1, 1, 1, 1, 1, 1, 1, 1],
        "mean": [0.136031493545, 0.107265762985, 0.0808521062136, 0.0722472146153, 0.0943771451712, 0.107761904597, 0.0918426811695, 0.0862382873893, 0.0988322347403, 0.0988154411316, 0.0908849611878, 0.0766863822937, 0.0654011145234, 0.0627837404609, 0.0637996047735, 0.0762247815728, 0.076211437583, 0.0581831634045, 0.0463243499398, 0.0514999367297, 0.0742408782244, 0.107272401452, 0.190595537424, 0.300431162119, 0.223218500614, 0.108056768775, 0.111284852028, 0.113491505384, 0.115538567305, 0.12012258172, 0.15330080688, 0.147718116641, 0.108594715595, 0.107958428562, 0.114738024771, 0.133311659098],
