{
"metadata": {
    "version": {
        "essentia": "2.1-beta3"
    }
},
"lowLevel": {
    "average_loudness": 0.99068403244,
    "barkbands_kurtosis": {
        "kurt": 1.65240812302,
        "max": 15.0282382965,
        "mean": 3.45475649834,
        "median": 2.34086799622,
        "min": -1.39603030682,
        "skew": 1.48691260815,
        "var": 18.6887588501
    },
    "barkbands_skewness": {
        "kurt": 0.34959769249,
        "max": 3.81004309654,
        "mean": 1.46875345707,
        "median": 1.30360817909,
        "min": -0.0260412115604,
        "skew": 0.825408518314,
        "var": 0.989832401276
    },
    "barkbands_spread": {
        "kurt": -1.09628343582,
        "max": 17.0761699677,
        "mean": 8.98257255554,
        "median": 8.33282375336,
        "min": 2.98631834984,
        "skew": 0.514087736607,
        "var": 23.7559967041
    },
    "dissonance": {
        "kurt": 5.82698059082,
        "max": 0.480714946985,
        "mean": 0.399687439203,
        "median": 0.435079365969,
        "min": 0,
        "skew": -2.66340398788,
        "var": 0.01556128636
    },
    "hfc": {
        "kurt": 0.541983366013,
        "max": 36.180934906,
        "mean": 7.73121261597,
        "median": 0.901217460632,
        "min": 7.53335086756e-07,
        "skew": 1.39564394951,
        "var": 137.739089966
    },
    "pitch": {
        "kurt": -0.703441858292,
        "max": 534.495788574,
        "mean": 417.432037354,
        "median": 493.588989258,
        "min": 157.969192505,
        "skew": -1.10470664501,
        "var": 22056.84375
    },
    "pitch_instantaneous_confidence": {
        "kurt": -0.880146741867,
        "max": 0.915326714516,
        "mean": 0.620034277439,
        "median": 0.693670511246,
        "min": 0.25629991293,
        "skew": -0.560853004456,
        "var": 0.0423304922879
    },
    "pitch_salience": {
        "kurt": 0.252908468246,
        "max": 0.947492063046,
        "mean": 0.556913971901,
        "median": 0.501425743103,
        "min": 0.374700397253,
        "skew": 1.09933340549,
        "var": 0.0265870895237
    },
    "silence_rate_20dB": {
        "kurt": 0,
        "max": 1,
        "mean": 1,
        "median": 1,
        "min": 1,
        "skew": 0,
        "var": 0
    },
    "silence_rate_30dB": {
        "kurt": 0,
        "max": 1,
        "mean": 1,
        "median": 1,
        "min": 1,
        "skew": 0,
        "var": 0
    },
    "silence_rate_60dB": {
        "kurt": -2,
        "max": 1,
        "mean": 0.5,
        "median": 0.5,
        "min": 0,
        "skew": 0,
        "var": 0.25
    },
    "spectral_centroid": {
        "kurt": -0.121973752975,
        "max": 1174.83447266,
        "mean": 763.105407715,
        "median": 692.150756836,
        "min": 589.415893555,
        "skew": 1.03379058838,
        "var": 32284.2246094
    },
    "spectral_complexity": {
        "kurt": -1.03971326351,
        "max": 20,
        "mean": 6.41666650772,
        "median": 1.5,
        "min": 0,
        "skew": 0.803644239902,
        "var": 60.4097137451
    },
    "spectral_crest": {
        "kurt": -1.27595829964,
        "max": 19.8173770905,
        "mean": 12.031124115,
        "median": 11.8524780273,
        "min": 3.78380537033,
        "skew": 0.0238102916628,
        "var": 26.7151641846
    },
    "spectral_decrease": {
        "kurt": 1.50889635086,
        "max": -1.81367290236e-16,
        "mean": -2.79448530982e-09,
        "median": -2.25631374695e-10,
        "min": -1.50084940032e-08,
        "skew": -1.70434319973,
        "var": 2.1767196608e-17
    },
    "spectral_energy": {
        "kurt": 1.45668077469,
        "max": 0.0599272064865,
        "mean": 0.011248270981,
        "median": 0.000933327479288,
        "min": 7.52852280517e-10,
        "skew": 1.68761706352,
        "var": 0.000348277477315
    },
    "spectral_energyband_high": {
        "kurt": -0.375864982605,
        "max": 6.37716857455e-06,
        "mean": 1.71332374066e-06,
        "median": 5.01702288602e-07,
        "min": 7.325593257e-12,
        "skew": 1.07738173008,
        "var": 4.64789621721e-12
    },
    "spectral_energyband_low": {
        "kurt": 0.517907619476,
        "max": 7.29539624444e-06,
        "mean": 2.39691985371e-06,
        "median": 1.90496075447e-06,
        "min": 5.81170528369e-11,
        "skew": 1.07211136818,
        "var": 3.96720720511e-12
    },
    "spectral_energyband_middle_high": {
        "kurt": 0.520914793015,
        "max": 0.00920691713691,
        "mean": 0.00205397955142,
        "median": 0.000348428788129,
        "min": 4.60639665301e-10,
        "skew": 1.32616639137,
        "var": 8.49102343636e-06
    },
    "spectral_energyband_middle_low": {
        "kurt": 2.61079025269,
        "max": 0.0563089251518,
        "mean": 0.00921087805182,
        "median": 0.000592637981754,
        "min": 2.33638719482e-10,
        "skew": 1.97653663158,
        "var": 0.000278481136775
    },
    "spectral_flatness_db": {
        "kurt": -0.858788251877,
        "max": 0.406727463007,
        "mean": 0.246429920197,
        "median": 0.257129430771,
        "min": 0.0931125879288,
        "skew": 0.13314396143,
        "var": 0.00922271516174
    },
    "spectral_flux": {
        "kurt": -1.20790266991,
        "max": 0.228898018599,
        "mean": 0.0775864496827,
        "median": 0.0344992354512,
        "min": 0.00353612424806,
        "skew": 0.684540688992,
        "var": 0.00673871161416
    },
    "spectral_kurtosis": {
        "kurt": 0.644045352936,
        "max": 51.1238441467,
        "mean": 24.876871109,
        "median": 25.6465454102,
        "min": 8.59161567688,
        "skew": 0.714848279953,
        "var": 116.265342712
    },
    "spectral_rms": {
        "kurt": -0.269601345062,
        "max": 0.00764627801254,
        "mean": 0.00215969909914,
        "median": 0.000944277388044,
        "min": 8.57023962908e-07,
        "skew": 1.0582010746,
        "var": 6.30962313153e-06
    },
    "spectral_rolloff": {
        "kurt": 0.273988962173,
        "max": 2067.1875,
        "mean": 1155.61523438,
        "median": 1022.82714844,
        "min": 559.86328125,
        "skew": 1.04597330093,
        "var": 170118.59375
    },
    "spectral_skewness": {
        "kurt": 1.26172447205,
        "max": 5.60902500153,
        "mean": 3.7895591259,
        "median": 3.83033871651,
        "min": 2.71667981148,
        "skew": 0.9197229743,
        "var": 0.505015790462
    },
    "spectral_spread": {
        "kurt": 3.66706562042,
        "max": 15171197,
        "mean": 3941785.25,
        "median": 2288801.5,
        "min": 1257812.25,
        "skew": 2.13532543182,
        "var": 1.42103690609e+13
    },
    "spectral_strongpeak": {
        "kurt": -1.22518444061,
        "max": 2.02180743217,
        "mean": 0.661144554615,
        "median": 0.169456675649,
        "min": 2.46850577241e-05,
        "skew": 0.741798520088,
        "var": 0.614533126354
    },
    "zerocrossingrate": {
        "kurt": 0.958096027374,
        "max": 0.04150390625,
        "mean": 0.0303955078125,
        "median": 0.032470703125,
        "min": 0.00439453125,
        "skew": -1.22613286972,
        "var": 0.000103637576103
    },
    "barkbands": {
        "kurt": [-0.341540336609, 0.779517412186, -0.147278308868, 5.99934673309, -1.40292727947, 5.62166881561, 0.105361461639, 4.41702079773, 4.88009500504, 2.14729738235, 5.94115447998, 2.79339361191, -0.487777233124, 2.61298894882, 3.89058113098, 0.726831436157, 0.710591554642, -0.0352897644043, -0.957360744476, 0.840473413467, 0.598723649979, 3.36265087128, 4.24257469177, -1.69431185722, 1.03362083435, 0.360361099243, -0.434097528458],
        "max": [3.41996049258e-08, 4.23811843575e-06, 2.99531780001e-06, 1.94926587938e-06, 2.52522136179e-06, 5.83089822612e-05, 0.0140992365777, 0.0425963029265, 0.00322565436363, 0.000323012063745, 0.00729035725817, 0.00113884988241, 0.000590105599258, 0.000429296575021, 0.0024520594161, 0.000360756908776, 0.000645645428449, 0.000261182751274, 2.12562426896e-05, 1.16102528409e-05, 2.41407997237e-06, 1.11523695523e-06, 1.43777822359e-06, 2.16074994341e-07, 5.63108777385e-08, 9.23238285822e-09, 1.34705901988e-09],
        "mean": [1.32565931565e-08, 1.10940152354e-06, 1.12651173367e-06, 3.10712579221e-07, 1.44657894907e-06, 8.57343366079e-06, 0.0034278172534, 0.00530796125531, 0.000431579508586, 6.55652329442e-05, 0.000917165307328, 0.000209811478271, 0.000140479925903, 8.0174235336e-05, 0.000363133352948, 7.77965979069e-05, 0.000141128068208, 6.36486583971e-05, 5.75209605813e-06, 2.61219543063e-06, 5.503598004e-07, 1.97114886191e-07, 2.33604680488e-07, 8.32300273146e-08, 1.30959216804e-08, 2.38818542719e-09, 3.76925018974e-10],
        "median": [1.12132081398e-08, 6.44346698664e-07, 1.02477224573e-06, 1.39847571745e-07, 1.63222989613e-06, 2.17397928282e-06, 0.000451468426036, 5.34848004463e-05, 1.45126341522e-05, 2.35524057643e-05, 2.57439787674e-05, 4.60146438854e-05, 1.51788608491e-05, 1.88588910532e-05, 1.55140805873e-05, 9.53944618232e-06, 2.8162736271e-05, 6.96982078807e-06, 9.16588021482e-07, 4.31154319358e-07, 1.60667724458e-07, 3.9930810658e-08, 1.83821953215e-08, 2.94499500342e-08, 4.6923771535e-09, 8.57501902818e-10, 7.93679635902e-11],
        "min": [1.60484646405e-11, 2.47909227868e-11, 1.69456081112e-11, 1.63968855854e-11, 3.14555465009e-11, 1.87863457429e-11, 3.2938464456e-11, 5.72676246702e-11, 6.41736733198e-11, 6.35220140377e-11, 1.53078438814e-10, 1.49942877559e-10, 2.05308860191e-11, 2.25404660215e-11, 2.77069122853e-12, 1.43796172886e-12, 3.0559565295e-11, 1.72898934753e-11, 1.00062146069e-12, 5.7099416341e-12, 2.85467482986e-12, 9.95898784446e-13, 3.42013011878e-13, 4.1657337844e-13, 3.27948659982e-13, 3.14612675105e-13, 3.23773180575e-13],
        "skew": [0.788293063641, 1.39852142334, 0.632037580013, 2.7252676487, -0.215148508549, 2.6348502636, 1.29288804531, 2.40928888321, 2.47598266602, 1.71213102341, 2.71669268608, 1.91656517982, 1.18393087387, 1.85630226135, 2.22465467453, 1.38065910339, 1.34160602093, 1.15198504925, 0.865164101124, 1.35659861565, 1.41133880615, 2.08287596703, 2.26181507111, 0.378257066011, 1.49363636971, 1.37008047104, 1.09612178802],
        "var": [9.57450904944e-17, 1.54098706451e-12, 6.74328214795e-13, 2.58790872846e-13, 7.28597304017e-13, 2.43689068924e-10, 2.47318894253e-05, 0.000148396051372, 8.0563921756e-07, 8.58768256506e-09, 3.92711626773e-06, 1.05100610881e-07, 4.88625566675e-08, 1.50553347567e-08, 4.82469545204e-07, 1.26484946961e-08, 3.98085227005e-08, 7.48877049261e-09, 5.83387019248e-11, 1.23897845108e-11, 5.7648981075e-13, 9.75217289193e-14, 1.56288488553e-13, 7.63703539969e-15, 2.81469763057e-16, 9.82460197912e-18, 2.38486639604e-19],
        "cov": [[1.04449194443e-16, 6.43402880954e-15, 5.2973614163e-15, -1.18949440294e-15, 5.84984670296e-16, 3.14866541043e-15, 1.5792485375e-11, 2.42352253717e-12, 6.63801088749e-12, 6.46370923365e-13, 7.31692571115e-12, 1.43967476829e-12, 9.36835461637e-13, 3.25284856559e-13, 4.78118803229e-12, 7.3919879549e-13, 7.71930967498e-13, 4.81830937996e-13, 4.97813629782e-14, 1.79790518817e-14, 5.77878148572e-15, 2.15188910832e-15, 2.89473869713e-15, 3.92693182905e-16, 8.15615502624e-17, 1.84885487905e-17, 2.43698079088e-18], [6.43402880954e-15, 1.68107682722e-12, 9.18182196941e-13, -1.29917791477e-13, -1.83819932474e-13, -2.83978201197e-12, 2.18090323578e-09, 5.7088498373e-09, 9.4672969464e-10, 9.54618536997e-11, 1.28253643816e-10, 5.18253912007e-11, 1.94193008896e-10, 9.56635187732e-11, 7.7491840722e-10, 1.19828133527e-10, 1.66361383003e-10, 8.81330494695e-11, 7.01392806682e-12, 1.57895127095e-12, 6.20899328046e-13, 3.54305208219e-13, 4.2167400756e-13, 4.76432553077e-14, 1.06708016379e-14, 2.32088700438e-15, 2.72151183027e-16], [5.2973614163e-15, 9.18182196941e-13, 7.35630794561e-13, 1.01616306515e-13, 1.62228086867e-14, -5.20125290765e-14, 1.10811737564e-09, 2.24847318542e-09, 5.38820488227e-10, 4.79350309446e-11, 2.65639843455e-10, 4.68039287882e-11, 8.58999260611e-11, 4.33373684161e-11, 4.22228502162e-10, 6.36585645308e-11, 7.87426443494e-11, 4.55850045211e-11, 3.81019348017e-12, 7.51435372259e-13, 4.00861527132e-13, 2.01390336699e-13, 2.42902513424e-13, 2.6694997192e-14, 4.93674095066e-15, 1.16509307779e-15, 1.03690391889e-16], [-1.18949440294e-15, -1.29917791477e-13, 1.01616306515e-13, 2.82317328152e-13, 2.20839636183e-13, 9.04979623141e-14, -3.14601789064e-10, -7.06923075633e-10, -6.60049515044e-11, -1.07779679279e-11, 7.85183897067e-12, -8.90532612929e-12, -2.39007910685e-11, -1.0604760993e-11, -5.87654092055e-11, -1.05116913438e-11, -1.86799777036e-11, -8.05395940912e-12, -6.4973200431e-13, -2.75329699361e-13, -2.97348984899e-14, -2.07705827906e-14, -2.83787597778e-14, -5.57231085208e-15, -1.36885987639e-15, -2.66079253814e-16, -4.33931703243e-17], [5.84984670296e-16, -1.83819932474e-13, 1.62228086867e-14, 2.20839636183e-13, 7.94833437349e-13, 1.13325137035e-12, 1.94605576098e-09, 2.86675017058e-09, -6.59584609153e-11, -5.22303728046e-12, 6.32682406465e-10, 1.31049823771e-10, 4.12094768032e-11, 2.72643296828e-11, -4.3230082708e-11, 1.10017403174e-11, 5.00459916564e-11, 9.92801413996e-12, 1.71418781947e-12, 1.40481409058e-12, 1.26370038023e-13, -5.01802265579e-15, -8.24622234239e-15, 2.91631817436e-14, 5.25798920733e-15, 5.98103040127e-16, 1.33536332321e-17], [3.14866541043e-15, -2.83978201197e-12, -5.20125290765e-14, 9.04979623141e-14, 1.13325137035e-12, 2.65842625691e-10, -1.50500216733e-08, -3.42521815355e-08, -2.00025690456e-10, 7.89265042211e-11, -4.98075403144e-09, -5.7164323275e-10, -9.5959414026e-11, -1.21753801485e-10, 1.98021321562e-10, 2.20895923081e-11, -3.00706570755e-10, 2.68051081331e-10, -9.84994377728e-12, -5.1779860781e-12, -3.33232166904e-13, 2.77209692375e-14, 4.20292273207e-13, 7.59935463081e-13, 8.2470143182e-15, 1.03480914023e-14, 1.71766666764e-15], [1.5792485375e-11, 2.18090323578e-09, 1.10811737564e-09, -3.14601789064e-10, 1.94605576098e-09, -1.50500216733e-08, 2.69802421826e-05, 5.47436102352e-05, 1.28972305902e-06, 1.33745786002e-07, 7.82744245953e-06, 1.41158022871e-06, 7.14635405075e-07, 5.62348589028e-07, 1.20740912735e-06, 3.63318378049e-07, 9.42336953358e-07, 2.68868035391e-07, 3.18286588197e-08, 1.32662103525e-08, 2.46786058256e-09, 8.08818290121e-10, 8.25160328954e-10, 2.90086454857e-10, 4.89390993008e-11, 6.16092203296e-12, 7.71710101963e-14], [2.42352253717e-12, 5.7088498373e-09, 2.24847318542e-09, -7.06923075633e-10, 2.86675017058e-09, -3.42521815355e-08, 5.47436102352e-05, 0.000161886608112, 7.40865459647e-07, 1.73482163746e-07, 8.29121927381e-06, 1.48125934629e-06, 1.6759116761e-06, 1.51058873143e-06, 1.84747489129e-06, 6.67742824589e-07, 2.25961480282e-06, 5.76423133225e-07, 5.33101562894e-08, 1.48115297804e-08, 2.16071205372e-09, 1.51098167311e-09, 9.86862258578e-10, 4.38378056078e-10, 6.87007117861e-11, 3.91976685485e-12, -1.31575620625e-12], [6.63801088749e-12, 9.4672969464e-10, 5.38820488227e-10, -6.60049515044e-11, -6.59584609153e-11, -2.00025690456e-10, 1.28972305902e-06, 7.40865459647e-07, 8.78879120592e-07, 8.03774184988e-08, 3.29667784627e-07, 9.31599544174e-08, 1.47059893152e-07, 4.90301523826e-08, 6.68038467211e-07, 9.97458045049e-08, 1.04339058282e-07, 7.08107492642e-08, 6.04598859866e-09, 1.91903470892e-09, 6.36146302302e-10, 2.86629359136e-10, 3.80348613715e-10, 5.06131768441e-11, 1.08684311551e-11, 2.5300297881e-12, 3.11633070694e-13], [6.46370923365e-13, 9.54618536997e-11, 4.79350309446e-11, -1.07779679279e-11, -5.22303728046e-12, 7.89265042211e-11, 1.33745786002e-07, 1.73482163746e-07, 8.03774184988e-08, 9.36838073784e-09, 1.30078054994e-08, 7.13148562426e-09, 1.51099115442e-08, 5.88797899326e-09, 6.33431440633e-08, 9.60415835749e-09, 1.1206418904e-08, 7.06724545552e-09, 5.62596025322e-10, 1.75256878454e-10, 5.4980072578e-11, 2.74341382944e-11, 3.51744501581e-11, 5.10929319686e-12, 1.03668538597e-12, 2.4327214505e-13, 4.19348766595e-14], [7.31692571115e-12, 1.28253643816e-10, 2.65639843455e-10, 7.85183897067e-12, 6.32682406465e-10, -4.98075403144e-09, 7.82744245953e-06, 8.29121927381e-06, 3.29667784627e-07, 1.30078054994e-08, 4.28412704423e-06, 6.65662241772e-07, 2.20335056866e-08, 8.36920222014e-08, 1.48374553532e-07, 6.97603539379e-08, 1.62453005714e-07, 3.51598643533e-08, 8.36068547727e-09, 3.79267284245e-09, 1.0569176645e-09, 1.85385262697e-10, 2.29952890063e-10, 7.95075047466e-11, 6.17055581978e-12, 9.06936038856e-13, 1.19657015619e-14], [1.43967476829e-12, 5.18253912007e-11, 4.68039287882e-11, -8.90532612929e-12, 1.31049823771e-10, -5.7164323275e-10, 1.41158022871e-06, 1.48125934629e-06, 9.31599544174e-08, 7.13148562426e-09, 6.65662241772e-07, 1.146552151e-07, 2.2002673461e-08, 1.79222965357e-08, 5.81558161628e-08, 1.77415628855e-08, 3.61205216848e-08, 1.08817763689e-08, 1.7938700525e-09, 9.15523712397e-10, 1.98005001284e-10, 3.99476909885e-11, 5.30837561408e-11, 1.82550623923e-11, 2.65710717318e-12, 4.31014517696e-13, 3.34433781395e-14], [9.36835461637e-13, 1.94193008896e-10, 8.58999260611e-11, -2.39007910685e-11, 4.12094768032e-11, -9.5959414026e-11, 7.14635405075e-07, 1.6759116761e-06, 1.47059893152e-07, 1.51099115442e-08, 2.20335056866e-08, 2.2002673461e-08, 5.33046069506e-08, 2.3519065806e-08, 1.29724170961e-07, 2.39056259232e-08, 4.20361629949e-08, 1.87858475442e-08, 1.57231883069e-09, 6.40668351704e-10, 1.07599644472e-10, 5.52398474185e-11, 6.69561350808e-11, 1.44526664941e-11, 3.67357012865e-12, 6.24340423111e-13, 4.84425122086e-14], [3.25284856559e-13, 9.56635187732e-11, 4.33373684161e-11, -1.0604760993e-11, 2.72643296828e-11, -1.21753801485e-10, 5.62348589028e-07, 1.51058873143e-06, 4.90301523826e-08, 5.88797899326e-09, 8.36920222014e-08, 1.79222965357e-08, 2.3519065806e-08, 1.64240017142e-08, 4.9775032096e-08, 1.11505578104e-08, 2.60961758869e-08, 9.0988088175e-09, 7.88421439246e-10, 2.44305048414e-10, 4.98554322825e-11, 2.75098728519e-11, 2.75854946524e-11, 7.31097214018e-12, 1.2648317723e-12, 1.8172397994e-13, 7.78800970518e-15], [4.78118803229e-12, 7.7491840722e-10, 4.22228502162e-10, -5.87654092055e-11, -4.3230082708e-11, 1.98021321562e-10, 1.20740912735e-06, 1.84747489129e-06, 6.68038467211e-07, 6.33431440633e-08, 1.48374553532e-07, 5.81558161628e-08, 1.29724170961e-07, 4.9775032096e-08, 5.26330438788e-07, 8.0724483098e-08, 9.64915187751e-08, 5.94894942196e-08, 4.83304107846e-09, 1.4679281124e-09, 4.65593341659e-10, 2.27918114937e-10, 2.93316121391e-10, 4.17000912967e-11, 8.86191554167e-12, 1.9728268498e-12, 2.30952220239e-13], [7.3919879549e-13, 1.19828133527e-10, 6.36585645308e-11, -1.05116913438e-11, 1.10017403174e-11, 2.20895923081e-11, 3.63318378049e-07, 6.67742824589e-07, 9.97458045049e-08, 9.60415835749e-09, 6.97603539379e-08, 1.77415628855e-08, 2.39056259232e-08, 1.11505578104e-08, 8.0724483098e-08, 1.37983571236e-08, 2.04671017912e-08, 1.03418704711e-08, 8.97797003407e-10, 3.07917052966e-10, 8.02477528872e-11, 3.66889990611e-11, 4.58136306669e-11, 8.26335441045e-12, 1.65151778971e-12, 3.27841811858e-13, 3.27768072557e-14], [7.71930967498e-13, 1.66361383003e-10, 7.87426443494e-11, -1.86799777036e-11, 5.00459916564e-11, -3.00706570755e-10, 9.42336953358e-07, 2.25961480282e-06, 1.04339058282e-07, 1.1206418904e-08, 1.62453005714e-07, 3.61205216848e-08, 4.20361629949e-08, 2.60961758869e-08, 9.64915187751e-08, 2.04671017912e-08, 4.34274767258e-08, 1.6059130914e-08, 1.46326406547e-09, 5.17699494385e-10, 1.0352789459e-10, 4.96987451193e-11, 5.41330903714e-11, 1.32904945729e-11, 2.58198172044e-12, 4.00021189133e-13, 2.28343921191e-14], [4.81830937996e-13, 8.81330494695e-11, 4.55850045211e-11, -8.05395940912e-12, 9.92801413996e-12, 2.68051081331e-10, 2.68868035391e-07, 5.76423133225e-07, 7.08107492642e-08, 7.06724545552e-09, 3.51598643533e-08, 1.08817763689e-08, 1.87858475442e-08, 9.0988088175e-09, 5.94894942196e-08, 1.03418704711e-08, 1.6059130914e-08, 8.1695681331e-09, 6.55372867087e-10, 2.1646301418e-10, 5.50167827962e-11, 2.712555007e-11, 3.33863804658e-11, 6.86854349438e-12, 1.24738110466e-12, 2.47797360972e-13, 2.39804378611e-14], [4.97813629782e-14, 7.01392806682e-12, 3.81019348017e-12, -6.4973200431e-13, 1.71418781947e-12, -9.84994377728e-12, 3.18286588197e-08, 5.33101562894e-08, 6.04598859866e-09, 5.62596025322e-10, 8.36068547727e-09, 1.7938700525e-09, 1.57231883069e-09, 7.88421439246e-10, 4.83304107846e-09, 8.97797003407e-10, 1.46326406547e-09, 6.55372867087e-10, 6.36422164968e-11, 2.46251803671e-11, 5.73118115466e-12, 2.28111952071e-12, 2.84374542144e-12, 5.77109215451e-13, 1.16220496226e-13, 2.13608427821e-14, 1.85867446583e-15], [1.79790518817e-14, 1.57895127095e-12, 7.51435372259e-13, -2.75329699361e-13, 1.40481409058e-12, -5.1779860781e-12, 1.32662103525e-08, 1.48115297804e-08, 1.91903470892e-09, 1.75256878454e-10, 3.79267284245e-09, 9.15523712397e-10, 6.40668351704e-10, 2.44305048414e-10, 1.4679281124e-09, 3.07917052966e-10, 5.17699494385e-10, 2.1646301418e-10, 2.46251803671e-11, 1.35161291881e-11, 2.1639888232e-12, 6.20494758005e-13, 8.69686972178e-13, 2.39748244044e-13, 5.94756381189e-14, 9.97402640622e-15, 8.36042218308e-16], [5.77878148572e-15, 6.20899328046e-13, 4.00861527132e-13, -2.97348984899e-14, 1.26370038023e-13, -3.33232166904e-13, 2.46786058256e-09, 2.16071205372e-09, 6.36146302302e-10, 5.4980072578e-11, 1.0569176645e-09, 1.98005001284e-10, 1.07599644472e-10, 4.98554322825e-11, 4.65593341659e-10, 8.02477528872e-11, 1.0352789459e-10, 5.50167827962e-11, 5.73118115466e-12, 2.1639888232e-12, 6.28897975363e-13, 2.21473460773e-13, 2.93505562736e-13, 5.30743221453e-14, 9.17140932562e-15, 1.96746949516e-15, 2.14102016683e-16], [2.15188910832e-15, 3.54305208219e-13, 2.01390336699e-13, -2.07705827906e-14, -5.01802265579e-15, 2.77209692375e-14, 8.08818290121e-10, 1.51098167311e-09, 2.86629359136e-10, 2.74341382944e-11, 1.85385262697e-10, 3.99476909885e-11, 5.52398474185e-11, 2.75098728519e-11, 2.27918114937e-10, 3.66889990611e-11, 4.96987451193e-11, 2.712555007e-11, 2.28111952071e-12, 6.20494758005e-13, 2.21473460773e-13, 1.06387338175e-13, 1.3147896129e-13, 1.99094636854e-14, 3.48065891532e-15, 7.78804602172e-16, 8.9566368956e-17], [2.89473869713e-15, 4.2167400756e-13, 2.42902513424e-13, -2.83787597778e-14, -8.24622234239e-15, 4.20292273207e-13, 8.25160328954e-10, 9.86862258578e-10, 3.80348613715e-10, 3.51744501581e-11, 2.29952890063e-10, 5.30837561408e-11, 6.69561350808e-11, 2.75854946524e-11, 2.93316121391e-10, 4.58136306669e-11, 5.41330903714e-11, 3.33863804658e-11, 2.84374542144e-12, 8.69686972178e-13, 2.93505562736e-13, 1.3147896129e-13, 1.70496524342e-13, 2.61402753149e-14, 4.76262104637e-15, 1.09993030377e-15, 1.30797610105e-16], [3.92693182905e-16, 4.76432553077e-14, 2.6694997192e-14, -5.57231085208e-15, 2.91631817436e-14, 7.59935463081e-13, 2.90086454857e-10, 4.38378056078e-10, 5.06131768441e-11, 5.10929319686e-12, 7.95075047466e-11, 1.82550623923e-11, 1.44526664941e-11, 7.31097214018e-12, 4.17000912967e-11, 8.26335441045e-12, 1.32904945729e-11, 6.86854349438e-12, 5.77109215451e-13, 2.39748244044e-13, 5.30743221453e-14, 1.99094636854e-14, 2.61402753149e-14, 8.33131103711e-15, 1.17145450699e-15, 2.36382437502e-16, 2.34834855368e-17], [8.15615502624e-17, 1.06708016379e-14, 4.93674095066e-15, -1.36885987639e-15, 5.25798920733e-15, 8.2470143182e-15, 4.89390993008e-11, 6.87007117861e-11, 1.08684311551e-11, 1.03668538597e-12, 6.17055581978e-12, 2.65710717318e-12, 3.67357012865e-12, 1.2648317723e-12, 8.86191554167e-12, 1.65151778971e-12, 2.58198172044e-12, 1.24738110466e-12, 1.16220496226e-13, 5.94756381189e-14, 9.17140932562e-15, 3.48065891532e-15, 4.76262104637e-15, 1.17145450699e-15, 3.07057940179e-16, 5.35398441739e-17, 4.56009410218e-18], [1.84885487905e-17, 2.32088700438e-15, 1.16509307779e-15, -2.66079253814e-16, 5.98103040127e-16, 1.03480914023e-14, 6.16092203296e-12, 3.91976685485e-12, 2.5300297881e-12, 2.4327214505e-13, 9.06936038856e-13, 4.31014517696e-13, 6.24340423111e-13, 1.8172397994e-13, 1.9728268498e-12, 3.27841811858e-13, 4.00021189133e-13, 2.47797360972e-13, 2.13608427821e-14, 9.97402640622e-15, 1.96746949516e-15, 7.78804602172e-16, 1.09993030377e-15, 2.36382437502e-16, 5.35398441739e-17, 1.07177469368e-17, 1.17626530671e-18], [2.43698079088e-18, 2.72151183027e-16, 1.03690391889e-16, -4.33931703243e-17, 1.33536332321e-17, 1.71766666764e-15, 7.71710101963e-14, -1.31575620625e-12, 3.11633070694e-13, 4.19348766595e-14, 1.19657015619e-14, 3.34433781395e-14, 4.84425122086e-14, 7.78800970518e-15, 2.30952220239e-13, 3.27768072557e-14, 2.28343921191e-14, 2.39804378611e-14, 1.85867446583e-15, 8.36042218308e-16, 2.14102016683e-16, 8.9566368956e-17, 1.30797610105e-16, 2.34834855368e-17, 4.56009410218e-18, 1.17626530671e-18, 2.60167250254e-19]]
    },
    "mfcc": {
        "kurt": [-0.839308738708, 3.58787441254, -1.72631692886, -0.322942733765, -0.612449884415, -1.19670164585, -1.1575063467, 0.182214736938, 0.100421905518, -0.61460852623, 2.43590116501, -0.500309705734, -1.00038671494],
        "max": [-734.037231445, 171.18737793, 10.7276306152, 10.8488807678, 5.26824951172, 2.28881835938e-05, -2.67028808594e-05, 15.299829483, 10.7515144348, 26.1170883179, 40.3769340515, 34.1486587524, 24.8843002319],
        "mean": [-889.253173828, 135.865859985, -60.0077362061, -27.4255447388, -14.6823663712, -29.9088840485, -19.2041759491, 1.0957403183, -2.02131080627, 4.08659601212, 8.79212093353, 18.3858528137, 13.932217598],
        "median": [-873.161010742, 155.155136108, -66.9744796753, -33.5549621582, -15.391046524, -33.9590873718, -16.435136795, 1.14500427246, -1.15052032471, -0.293815612793, 5.53171920776, 17.8505630493, 17.2195587158],
        "min": [-1138.42004395, 1.14440917969e-05, -126.031814575, -45.1847000122, -43.5357208252, -50.0818748474, -43.8882102966, -7.88746643066, -15.7537536621, -8.94187164307, -3.25123977661, -0.154098510742, -4.38230895996],
        "skew": [-0.43029358983, -2.07598638535, 0.0563652813435, 0.974833726883, -0.405143141747, 0.363882988691, -0.432528942823, 0.690739929676, -0.235213041306, 0.864286959171, 1.7725007534, -0.454971909523, -0.697825372219],
        "var": [14809.9599609, 2094.01367188, 2993.72290039, 307.03137207, 190.128967285, 259.657806396, 216.532669067, 37.0256309509, 42.6750183105, 124.935188293, 127.223754883, 104.40246582, 90.9857254028],
        "cov": [[16156.3193359, 5201.93652344, -6823.46044922, -1939.40234375, -1151.05249023, -1923.57568359, -1643.04150391, 428.585906982, 281.995574951, 980.1796875, 883.627502441, 1083.95471191, 760.703125], [5201.93652344, 2284.37866211, -1817.21691895, -653.149291992, -329.311706543, -667.289978027, -468.226654053, 70.3232269287, 31.7884159088, 183.508224487, 226.28453064, 393.882110596, 324.762237549], [-6823.46044922, -1817.21691895, 3265.87963867, 882.7265625, 495.703308105, 844.403076172, 747.049377441, -202.589416504, -129.218093872, -456.586029053, -388.595825195, -454.757202148, -308.1043396], [-1939.40234375, -653.149291992, 882.7265625, 334.943328857, 171.216537476, 262.761962891, 197.042327881, -58.4568023682, -17.7367630005, -85.9035873413, -104.561256409, -173.365341187, -143.437133789], [-1151.05249023, -329.311706543, 495.703308105, 171.216537476, 207.413421631, 157.651504517, 51.2607917786, -63.9861106873, -52.3263511658, -73.1959915161, -60.2881736755, -116.241798401, -93.1441650391], [-1923.57568359, -667.289978027, 844.403076172, 262.761962891, 157.651504517, 283.263061523, 179.185775757, -38.899433136, -20.5798091888, -81.1257629395, -85.0649185181, -155.734024048, -114.687988281], [-1643.04150391, -468.226654053, 747.049377441, 197.042327881, 51.2607917786, 179.185775757, 236.217468262, -45.0549583435, -17.7634391785, -117.475982666, -126.175300598, -93.5840072632, -51.0819473267], [428.585906982, 70.3232269287, -202.589416504, -58.4568023682, -63.9861106873, -38.899433136, -45.0549583435, 40.3915977478, 33.0796012878, 49.7788963318, 48.2638511658, 36.3610534668, 25.950056076], [281.995574951, 31.7884159088, -129.218093872, -17.7367630005, -52.3263511658, -20.5798091888, -17.7634391785, 33.0796012878, 46.5545654297, 54.2369384766, 40.8041419983, 21.7286205292, 26.262140274], [980.1796875, 183.508224487, -456.586029053, -85.9035873413, -73.1959915161, -81.1257629395, -117.475982666, 49.7788963318, 54.2369384766, 136.292938232, 114.17351532, 55.2321395874, 37.6897659302], [883.627502441, 226.28453064, -388.595825195, -104.561256409, -60.2881736755, -85.0649185181, -126.175300598, 48.2638511658, 40.8041419983, 114.17351532, 138.789550781, 71.3137435913, 47.529964447], [1083.95471191, 393.882110596, -454.757202148, -173.365341187, -116.241798401, -155.734024048, -93.5840072632, 36.3610534668, 21.7286205292, 55.2321395874, 71.3137435913, 113.893600464, 90.5195999146], [760.703125, 324.762237549, -308.1043396, -143.437133789, -93.1441650391, -114.687988281, -51.0819473267, 25.950056076, 26.262140274, 37.6897659302, 47.529964447, 90.5195999146, 99.2571563721]]
    },
    "sccoeffs": {
        "kurt": [4.08588886261, -1.0431252718, -0.258674860001, -0.23485994339, -1.53900361061, -0.0752489566803],
        "max": [-0.752143979073, -0.264652371407, -0.551117658615, -0.720654070377, -0.636881291866, -0.788649559021],
        "mean": [-0.808413088322, -0.612692773342, -0.783840239048, -0.824599444866, -0.76909160614, -0.846363067627],
        "median": [-0.795627951622, -0.605075597763, -0.819484055042, -0.844153761864, -0.754718959332, -0.855409562588],
        "min": [-0.988591492176, -0.95781236887, -0.958536446095, -0.87898015976, -0.909952998161, -0.916684389114],
        "skew": [-2.1580824852, 0.146116763353, 0.612659454346, 1.02917695045, -0.0730326399207, -0.035865675658],
        "var": [0.00355419167317, 0.0455204509199, 0.011656973511, 0.0023753233254, 0.00897870864719, 0.00112256989814],
        "cov": [[0.0038773000706, 0.00756036024541, 0.00299508217722, 0.00147495046258, 0.00321888923645, 0.00158252369147], [0.00756036024541, 0.0496586710215, 0.0184310320765, 0.00801264867187, 0.018018277362, 0.00626633362845], [0.00299508217722, 0.0184310320765, 0.0127166984603, 0.00280349631794, 0.00558140268549, 0.0027810537722], [0.00147495046258, 0.00801264867187, 0.00280349631794, 0.00259126187302, 0.00379704148509, 0.00120441988111], [0.00321888923645, 0.018018277362, 0.00558140268549, 0.00379704148509, 0.00979495514184, 0.00262257200666], [0.00158252369147, 0.00626633362845, 0.0027810537722, 0.00120441988111, 0.00262257200666, 0.00122462166473]]
    },
    "scvalleys": {
        "kurt": [6.12897586823, 4.01669788361, 1.27612781525, 1.39114809036, 3.49333047867, 3.94757032394],
        "max": [-8.66814613342, -6.59412145615, -5.90416193008, -5.98362588882, -8.25247478485, -10.8990678787],
        "mean": [-9.33483219147, -7.92897415161, -7.7895989418, -8.46379089355, -9.93134307861, -12.2940626144],
        "median": [-8.99960803986, -7.66749572754, -7.12743282318, -7.92605495453, -9.55433368683, -11.973277092],
        "min": [-12.8990716934, -13.1391658783, -12.7864704132, -15.0086135864, -15.7172822952, -17.0340194702],
        "skew": [-2.75469231606, -2.14003252983, -1.31915044785, -1.34350073338, -1.97168815136, -2.1025967598],
        "var": [1.21577990055, 2.98285293579, 3.59991645813, 6.09761381149, 3.83906936646, 2.48503851891],
        "cov": [[1.3263053894, 1.83876562119, 1.82869005203, 2.38198399544, 2.14185094833, 1.72285759449], [1.83876562119, 3.25402140617, 3.37685537338, 4.43348741531, 3.57823395729, 2.91720366478], [1.82869005203, 3.37685537338, 3.92718148232, 5.04871034622, 3.89945292473, 3.10906076431], [2.38198399544, 4.43348741531, 5.04871034622, 6.65194225311, 5.10889482498, 4.09405612946], [2.14185094833, 3.57823395729, 3.89945292473, 5.10889482498, 4.18807554245, 3.35190367699], [1.72285759449, 2.91720366478, 3.10906076431, 4.09405612946, 3.35190367699, 2.71095108986]]
    }
},
"rhythm": {
    "bpm": 0,
    "confidence": 0,
    "first_peak_bpm": {
        "kurt": 0,
        "max": 0,
        "mean": 0,
        "median": 0,
        "min": 0,
        "skew": 0,
        "var": 0
    },
    "first_peak_spread": {
        "kurt": 0,
        "max": 0,
        "mean": 0,
        "median": 0,
        "min": 0,
        "skew": 0,
        "var": 0
    },
    "first_peak_weight": {
        "kurt": 0,
        "max": 0,
        "mean": 0,
        "median": 0,
        "min": 0,
        "skew": 0,
        "var": 0
    },
    "onset_rate": 4.2563457489,
    "second_peak_bpm": {
        "kurt": 0,
        "max": 0,
        "mean": 0,
        "median": 0,
        "min": 0,
        "skew": 0,
        "var": 0
    },
    "second_peak_spread": {
        "kurt": 0,
        "max": 0,
        "mean": 0,
        "median": 0,
        "min": 0,
        "skew": 0,
        "var": 0
    },
    "second_peak_weight": {
        "kurt": 0,
        "max": 0,
        "mean": 0,
        "median": 0,
        "min": 0,
        "skew": 0,
        "var": 0
    },
    "beats_position": [],
    "bpm_estimates": [],
    "bpm_intervals": [],
    "onset_times": [0.0232199542224],
    "histogram": [[0, 0, 0, 0, 0, 0, 0, 0, 0, 0, 0, 0, 0, 0, 0, 0, 0, 0, 0, 0, 0, 0, 0, 0, 0, 0, 0, 0, 0, 0, 0, 0, 0, 0, 0, 0, 0, 0, 0, 0, 0, 0, 0, 0, 0, 0, 0, 0, 0, 0, 0, 0, 0, 0, 0, 0, 0, 0, 0, 0, 0, 0, 0, 0, 0, 0, 0, 0, 0, 0, 0, 0, 0, 0, 0, 0, 0, 0, 0, 0, 0, 0, 0, 0, 0, 0, 0, 0, 0, 0, 0, 0, 0, 0, 0, 0, 0, 0, 0, 0, 0, 0, 0, 0, 0, 0, 0, 0, 0, 0, 0, 0, 0, 0, 0, 0, 0, 0, 0, 0, 0, 0, 0, 0, 0, 0, 0, 0, 0, 0, 0, 0, 0, 0, 0, 0, 0, 0, 0, 0, 0, 0, 0, 0, 0, 0, 0, 0, 0, 0, 0, 0, 0, 0, 0, 0, 0, 0, 0, 0, 0, 0, 0, 0, 0, 0, 0, 0, 0, 0, 0, 0, 0, 0, 0, 0, 0, 0, 0, 0, 0, 0, 0, 0, 0, 0, 0, 0, 0, 0, 0, 0, 0, 0, 0, 0, 0, 0, 0, 0, 0, 0, 0, 0, 0, 0, 0, 0, 0, 0, 0, 0, 0, 0, 0, 0, 0, 0, 0, 0, 0, 0, 0, 0, 0, 0, 0, 0, 0, 0, 0, 0, 0, 0, 0, 0, 0, 0, 0, 0, 0, 0, 0, 0, 0, 0, 0, 0, 0, 0]]
},
"sfx": {
    "inharmonicity": {
        "kurt": 0.0678639411926,
        "max": 0.362874507904,
        "mean": 0.0893215015531,
        "median": 0.0151172326878,
        "min": 0.00048275233712,
        "skew": 1.22499775887,
        "var": 0.0143869658932
    },
    "oddtoevenharmonicenergyratio": {
        "kurt": 1.8175945282,
        "max": 2.7089676857,
        "mean": 0.626298010349,
        "median": 0.314497292042,
        "min": 0.00648577138782,
        "skew": 1.65363323689,
        "var": 0.585176408291
    },
    "pitch_after_max_to_before_max_energy_ratio": 0.12127546221,
    "pitch_centroid": 6.20325374603,
    "pitch_max_to_total": 0.916666686535,
    "pitch_min_to_total": 0.25,
    "tristimulus": {
        "kurt": [-1.23518490791, -0.250499248505, -0.622018814087],
        "max": [0.804922163486, 0.60928440094, 0.582937479019],
        "mean": [0.41165009141, 0.37070068717, 0.21764922142],
        "median": [0.426949620247, 0.370572209358, 0.120532214642],
        "min": [0, 0.120510056615, 0.0522051751614],
        "skew": [-0.21182911098, 0.0216525755823, 1.00993144512],
        "var": [0.0690582841635, 0.016484297812, 0.0362399853766],
        "cov": [[0.0753363072872, -0.0268923342228, -0.0484439954162], [-0.0268923342228, 0.0179828703403, 0.00890945736319], [-0.0484439954162, 0.00890945736319, 0.0395345315337]]
    }
},
"tonal": {
    "chords_changes_rate": 0,
    "chords_number_rate": 0.142857149243,
    "chords_strength": {
        "kurt": -2,
        "max": 0.271591246128,
        "mean": 0.271591216326,
        "median": 0.271591246128,
        "min": 0.271591246128,
        "skew": 1,
        "var": 8.881784197e-16
    },
    "key_strength": 0.483895361423,
    "tuning_diatonic_strength": 0.318068414927,
    "tuning_equal_tempered_deviation": 0.208410084248,
    "tuning_frequency": 433.691802979,
    "tuning_nontempered_energy_ratio": 0.865367531776,
    "hpcp": {
        "kurt": [1.84599637985, 0.280130386353, 1.44125986099, -1.00550913811, -0.704313993454, -0.7858979702, -1.85464143753, -1.2403434515, -1.64825510979, -0.963190555573, -0.690079689026, -0.403216362, -1.33768570423, -0.151221990585, -1.31388652325, -1.27698743343, 1.83925819397, 1.45031929016, 0.372266054153, 1.06901311874, -0.636518955231, 1.74607086182, 2.01997900009, 2.12924909592, 2.11313867569, 1.66589021683, 1.40826225281, 2.01197814941, 2.09988260269, 2.14686965942, 2.1598110199, 2.1362786293, 1.55999851227, 1.43987989426, 0.560049772263, 1.55196380615],
        "max": [0.352157652378, 0.0634855553508, 0.27036768198, 0.543369412422, 0.853711247444, 1, 1, 1, 1, 1, 0.495677739382, 0.28663417697, 0.149202778935, 0.110480189323, 0.0863360390067, 0.0809072181582, 0.311359852552, 0.321082681417, 0.10958532989, 0.152753695846, 0.189774185419, 0.481043934822, 0.578867912292, 0.519535839558, 0.539738893509, 0.321095108986, 0.181946575642, 0.118729583919, 0.11991674453, 0.258556723595, 0.443662405014, 0.320048004389, 0.130827262998, 0.111900687218, 0.267840981483, 0.520732402802],
        "mean": [0.0668499842286, 0.0195678304881, 0.0601766072214, 0.218455925584, 0.291229426861, 0.356515347958, 0.45491528511, 0.458576202393, 0.526982426643, 0.416960269213, 0.176260262728, 0.101893827319, 0.0652698501945, 0.0377418920398, 0.0395402796566, 0.0368388257921, 0.0683527961373, 0.0713087841868, 0.0328045189381, 0.0440341867507, 0.0643828064203, 0.0981733426452, 0.101486809552, 0.0850069671869, 0.0883532166481, 0.0683717355132, 0.0451610162854, 0.024212334305, 0.0220337770879, 0.0428420975804, 0.0697775930166, 0.0550109557807, 0.0301177091897, 0.0261303391308, 0.0607583895326, 0.102812133729],
        "median": [0.00814680848271, 0.0102058444172, 0.0141798434779, 0.177353426814, 0.161514267325, 0.198958188295, 0.219143867493, 0.404040932655, 0.514025866985, 0.363389581442, 0.126193359494, 0.0817986875772, 0.0724471658468, 0.0370486080647, 0.0343120880425, 0.0461973361671, 0.0291840378195, 0.0288118962198, 0.0174623839557, 0.0307356379926, 0.0275266412646, 0.0200617387891, 0.0156593713909, 0.00870969798416, 0.00763320783153, 0.0286402329803, 0.0264624431729, 0.0111378319561, 0.00727622909471, 0.00713284919038, 0.0107358042151, 0.0113446796313, 0.0137885874137, 0.00924711674452, 0.00975727569312, 0.00861584860831],
        "min": [0, 0, 0, 0, 0, 0, 0, 0, 0, 0, 0, 0, 0, 0, 0, 0, 0, 0, 0, 0, 0, 0, 0, 0, 0, 0, 0, 0, 0, 0, 0, 0, 0, 0, 0, 0],
        "skew": [1.90559864044, 1.20108616352, 1.73048055172, 0.391757130623, 0.951313495636, 0.756360948086, 0.240499064326, 0.0312827415764, -0.000328420370352, 0.43839007616, 0.856040656567, 0.803708672523, 0.204296663404, 0.901244461536, 0.374824851751, 0.0721140578389, 1.89097619057, 1.75038218498, 1.25231003761, 1.51309859753, 0.799000024796, 1.86096680164, 1.97901272774, 2.02468132973, 2.01774954796, 1.83133792877, 1.69841706753, 1.968577981, 2.01038765907, 2.03214168549, 2.03807711601, 2.02733516693, 1.7862534523, 1.7219517231, 1.4515273571, 1.79176151752],
        "var": [0.0140427676961, 0.000416183524067, 0.0079936934635, 0.0341172255576, 0.0875854641199, 0.115694262087, 0.18726375699, 0.119680352509, 0.15205898881, 0.112414970994, 0.0283148940653, 0.00879790540785, 0.00283125159331, 0.00126008526422, 0.00101344217546, 0.000749049591832, 0.0102065820247, 0.0112628927454, 0.0012510480592, 0.00226025818847, 0.00415345141664, 0.0255808327347, 0.0385747663677, 0.0315942391753, 0.0341510176659, 0.0112457871437, 0.00340583920479, 0.00151448312681, 0.0016084278468, 0.00777197722346, 0.023315474391, 0.0117456978187, 0.00180851563346, 0.00133231526706, 0.00872682128102, 0.031144618988],
