{
"metadata": {
    "version": {
        "essentia": "2.1-beta3"
    }
},
"lowLevel": {
    "average_loudness": 0.958692610264,
    "barkbands_kurtosis": {
        "kurt": 3.1107916832,
        "max": 45.5810775757,
        "mean": 7.69819545746,
        "median": 6.54229021072,
        "min": -1.8847028017,
        "skew": 1.30663299561,
        "var": 44.9720878601
    },
    "barkbands_skewness": {
        "kurt": -0.270300865173,
        "max": 6.26971769333,
        "mean": 2.30071425438,
        "median": 2.49925088882,
        "min": -0.660100460052,
        "skew": -0.198746189475,
        "var": 1.34675014019
    },
    "barkbands_spread": {
        "kurt": 15.1689128876,
        "max": 83.4365158081,
        "mean": 13.3899593353,
        "median": 12.0111904144,
        "min": 1.92419874668,
        "skew": 2.74623417854,
        "var": 72.1725387573
    },
    "dissonance": {
        "kurt": 5.54465675354,
        "max": 0.499829888344,
        "mean": 0.456482440233,
        "median": 0.461163491011,
        "min": 0.297018617392,
        "skew": -1.63417291641,
        "var": 0.000733517925255
    },
    "hfc": {
        "kurt": 32.8823776245,
        "max": 31.2703552246,
        "mean": 0.929692625999,
        "median": 0.00100656808354,
        "min": 0.00014782443759,
        "skew": 5.45920610428,
        "var": 14.0128831863
    },
    "pitch": {
        "kurt": 49.5177650452,
        "max": 5138.81103516,
        "mean": 292.641021729,
        "median": 148.282928467,
        "min": 71.842414856,
        "skew": 6.63540506363,
        "var": 238256.421875
    },
    "pitch_instantaneous_confidence": {
        "kurt": 1.17570781708,
        "max": 0.894991278648,
        "mean": 0.375602036715,
        "median": 0.337765872478,
        "min": 0.147333323956,
        "skew": 1.19412434101,
        "var": 0.0216233674437
    },
    "pitch_salience": {
        "kurt": -0.194567680359,
        "max": 0.825531601906,
        "mean": 0.570017874241,
        "median": 0.581212699413,
        "min": 0.22980505228,
        "skew": -0.419168382883,
        "var": 0.0126721682027
    },
    "silence_rate_20dB": {
        "kurt": 0,
        "max": 1,
        "mean": 1,
        "median": 1,
        "min": 1,
        "skew": 0,
        "var": 0
    },
    "silence_rate_30dB": {
        "kurt": 0,
        "max": 1,
        "mean": 1,
        "median": 1,
        "min": 1,
        "skew": 0,
        "var": 0
    },
    "silence_rate_60dB": {
        "kurt": 6.67023468018,
        "max": 1,
        "mean": 0.913612544537,
        "median": 1,
        "min": 0,
        "skew": -2.94452738762,
        "var": 0.0789248496294
    },
    "spectral_centroid": {
        "kurt": 24.7195930481,
        "max": 3291.62841797,
        "mean": 519.077453613,
        "median": 428.183288574,
        "min": 167.824493408,
        "skew": 3.58178305626,
        "var": 87455.34375
    },
    "spectral_complexity": {
        "kurt": 12.671289444,
        "max": 22,
        "mean": 1.17801046371,
        "median": 0,
        "min": 0,
        "skew": 3.51162791252,
        "var": 12.7588796616
    },
    "spectral_crest": {
        "kurt": 0.261363744736,
        "max": 20.882818222,
        "mean": 10.2813968658,
        "median": 10.1433868408,
        "min": 3.13811063766,
        "skew": 0.545596659184,
        "var": 10.3229856491
    },
    "spectral_decrease": {
        "kurt": 42.8353538513,
        "max": -8.23395103727e-14,
        "mean": -2.74261224842e-10,
        "median": -7.35675788951e-13,
        "min": -1.10927214081e-08,
        "skew": -6.05398845673,
        "var": 1.26309156048e-18
    },
    "spectral_energy": {
        "kurt": 41.4125785828,
        "max": 0.0444445870817,
        "mean": 0.00111945008393,
        "median": 2.89681406684e-06,
        "min": 3.49376932718e-07,
        "skew": 5.96720314026,
        "var": 2.0878167561e-05
    },
    "spectral_energyband_high": {
        "kurt": 74.7567901611,
        "max": 4.92657563882e-05,
        "mean": 8.71855206697e-07,
        "median": 3.27096998376e-08,
        "min": 1.90943461043e-09,
        "skew": 7.7688908577,
        "var": 1.54140762654e-11
    },
    "spectral_energyband_low": {
        "kurt": 23.5438995361,
        "max": 1.31902679641e-05,
        "mean": 1.43023908095e-06,
        "median": 1.10023802335e-06,
        "min": 1.40206253718e-07,
        "skew": 3.38642215729,
        "var": 1.47012838101e-12
    },
    "spectral_energyband_middle_high": {
        "kurt": 29.8402938843,
        "max": 0.0151517111808,
        "mean": 0.000438927003415,
        "median": 1.27495979996e-07,
        "min": 7.46737960355e-09,
        "skew": 5.1649274826,
        "var": 2.99826297123e-06
    },
    "spectral_energyband_middle_low": {
        "kurt": 68.0626983643,
        "max": 0.0364119075239,
        "mean": 0.000684799219016,
        "median": 1.27071984934e-06,
        "min": 6.47106688234e-08,
        "skew": 7.72632646561,
        "var": 1.04870277937e-05
    },
    "spectral_flatness_db": {
        "kurt": 1.35092735291,
        "max": 0.416288018227,
        "mean": 0.188744455576,
        "median": 0.172701567411,
        "min": 0.0828855037689,
        "skew": 1.21725273132,
        "var": 0.00357072451152
    },
    "spectral_flux": {
        "kurt": 12.8364295959,
        "max": 0.166939750314,
        "mean": 0.0104643879458,
        "median": 0.0010895387968,
        "min": 0.000397075753426,
        "skew": 3.45888590813,
        "var": 0.000673977658153
    },
    "spectral_kurtosis": {
        "kurt": 5.30627155304,
        "max": 73.1294708252,
        "mean": 10.7107696533,
        "median": 5.03550338745,
        "min": 0.633822202682,
        "skew": 2.34318375587,
        "var": 164.452209473
    },
    "spectral_rms": {
        "kurt": 13.8968200684,
        "max": 0.0065848743543,
        "mean": 0.000382304773666,
        "median": 5.31615369255e-05,
        "min": 1.84622731467e-05,
        "skew": 3.61979484558,
        "var": 9.4598914302e-07
    },
    "spectral_rolloff": {
        "kurt": 35.5126609802,
        "max": 7558.15429688,
        "mean": 709.411804199,
        "median": 430.6640625,
        "min": 129.19921875,
        "skew": 4.73762178421,
        "var": 495023.78125
    },
    "spectral_skewness": {
        "kurt": 2.66050243378,
        "max": 6.84070539474,
        "mean": 2.48619389534,
        "median": 2.03814649582,
        "min": 0.371624708176,
        "skew": 1.78980636597,
        "var": 1.15871119499
    },
    "spectral_spread": {
        "kurt": 0.219689130783,
        "max": 15037454,
        "mean": 5932359.5,
        "median": 6824434,
        "min": 1068688.75,
        "skew": -0.652305603027,
        "var": 5.3663015895e+12
    },
    "spectral_strongpeak": {
        "kurt": 15.5702209473,
        "max": 2.02763390541,
        "mean": 0.101532548666,
        "median": 0.00490429997444,
        "min": 0.000452098727692,
        "skew": 3.81468749046,
        "var": 0.0876650065184
    },
    "zerocrossingrate": {
        "kurt": 3.50033760071,
        "max": 0.10205078125,
        "mean": 0.0391366370022,
        "median": 0.037109375,
        "min": 0.0048828125,
        "skew": 1.32264733315,
        "var": 0.000149989660713
    },
    "barkbands": {
        "kurt": [60.8214912415, 3.5888876915, 44.9401397705, 86.6265945435, 76.96459198, 31.825630188, 58.9201049805, 89.1888885498, 97.5321350098, 86.5753173828, 71.2889938354, 54.1170654297, 48.6142044067, 80.4918441772, 120.288490295, 282.318572998, 253.231689453, 100.263397217, 150.587661743, 154.878570557, 67.004196167, 131.328277588, 181.68132019, 106.10496521, 53.2625808716, 85.3823776245, 39.2484588623],
        "max": [5.34546060749e-08, 2.93427638098e-06, 9.93082358036e-06, 1.423114918e-05, 0.000146520265844, 0.000326940440573, 0.0140021014959, 0.0217978693545, 0.006586371921, 0.0062218462117, 0.0078016538173, 0.0037919995375, 0.00151549535803, 0.000909260706976, 0.00493881851435, 0.00152378121857, 0.00231409538537, 0.00117551023141, 0.000126828832435, 0.000182855044841, 9.69577286014e-06, 3.58882584806e-06, 3.58999977834e-06, 1.53421331106e-06, 9.34770696404e-08, 2.44015527784e-08, 4.03361788415e-09],
        "mean": [2.94193025496e-09, 5.39271411526e-07, 7.65454672091e-07, 3.2728061683e-07, 2.79490063804e-06, 9.77218769549e-06, 0.000254037993727, 0.000314497854561, 9.35402931646e-05, 9.16531353141e-05, 0.000130492975586, 8.28439442557e-05, 3.30594994011e-05, 1.40311440191e-05, 4.7677069233e-05, 8.837324458e-06, 1.59188093676e-05, 1.52556949615e-05, 1.24010477975e-06, 1.86997544915e-06, 1.88960854075e-07, 4.41471676993e-08, 3.47060833406e-08, 2.30319958661e-08, 2.80233414252e-09, 4.40660924417e-10, 9.71268968031e-11],
        "median": [1.67864588896e-09, 3.95027683453e-07, 5.42400300674e-07, 9.32314065949e-08, 4.93338461638e-07, 2.60826709564e-07, 8.74854180211e-08, 3.24023687881e-08, 1.91792928206e-08, 2.03887253747e-08, 1.55027066739e-08, 1.14690434927e-08, 7.93412269218e-09, 7.05873803852e-09, 7.17414572193e-09, 7.62377361241e-09, 1.25030465981e-08, 1.70798770682e-08, 1.92512494834e-08, 2.18487095083e-08, 1.4044662322e-08, 5.36945155005e-09, 1.59103563657e-09, 9.56915879868e-10, 7.6254008663e-10, 6.25426099798e-11, 2.0725977358e-12],
        "min": [5.11202989661e-11, 7.26567250808e-09, 3.29647029673e-08, 1.16534681904e-09, 9.35651556233e-09, 6.88615831024e-09, 1.89680737783e-09, 2.65275662548e-10, 9.13784936607e-10, 9.94738957871e-10, 3.58844121084e-10, 5.04012553915e-10, 8.04241173658e-10, 5.96214022597e-10, 3.4534911042e-10, 2.08348338582e-10, 5.77753678233e-10, 9.04401775692e-10, 8.75012673429e-10, 1.0434839659e-09, 8.16152700978e-10, 4.60972565675e-10, 1.34777453087e-10, 1.22583665441e-10, 9.54179374402e-11, 3.04697898856e-11, 1.04962750731e-12],
        "skew": [5.84876918793, 1.66224992275, 4.88110685349, 8.32986831665, 8.07995986938, 5.40495824814, 7.49944210052, 8.97150421143, 8.71354007721, 8.25619506836, 7.71521043777, 6.8416428566, 6.5345916748, 8.24207210541, 10.2560052872, 16.0931816101, 14.9469909668, 9.55700683594, 11.5346755981, 11.5275659561, 7.17429447174, 10.9044246674, 12.4831809998, 9.28777885437, 6.78793001175, 8.46573925018, 6.06872653961],
        "var": [1.66956794805e-17, 2.1533233638e-13, 6.44638043033e-13, 1.15532887077e-12, 1.36381669846e-10, 1.48770862296e-09, 2.01114312404e-06, 3.17361491398e-06, 2.27654410878e-07, 2.17689702708e-07, 4.13632164964e-07, 1.39953939993e-07, 2.29664056661e-08, 5.42705835826e-09, 1.22113945622e-07, 6.97722946086e-09, 1.69432663455e-08, 9.92484494589e-09, 7.16734518957e-11, 1.40334771581e-10, 6.01659835234e-13, 6.69524318256e-14, 4.90846140046e-14, 1.20304174202e-14, 8.78293889313e-17, 3.66229997587e-18, 1.88123463665e-19],
        "cov": [[1.67395002006e-17, 4.58537977274e-17, -1.89575317428e-16, -2.19779824113e-16, -1.54978706683e-15, -6.3460987428e-15, 2.71337151966e-13, 8.45215756651e-14, -9.56958443694e-14, -1.13624946718e-14, 3.7883009853e-14, -2.38240145927e-14, 2.82169438741e-16, -5.61029900922e-15, -1.29613167936e-14, -5.7427976203e-16, 5.92430936936e-15, -3.55065729456e-15, -2.7045746124e-16, -8.52199265897e-16, -1.00916961174e-16, -5.99228784965e-18, -8.1088325197e-18, -2.97255211337e-19, -5.5652349721e-19, -1.11759558306e-19, 4.55351682724e-20], [4.58537977274e-17, 2.15897503868e-13, 2.01228180711e-13, -3.93011773172e-16, 3.98319289878e-13, 2.21307932917e-12, 5.09919398373e-11, 7.75286917998e-11, 1.56738459017e-11, 3.75308768438e-12, 5.46452770187e-12, 7.50950625468e-13, 1.99744019068e-12, 1.71269411414e-12, 9.15229003695e-12, 1.76456559867e-13, -4.07161988587e-13, 8.92637905866e-13, 8.08085491425e-14, -9.80481768367e-14, 4.0083808126e-14, 3.02457402487e-15, 5.175429753e-15, -3.15469030285e-16, 3.66225362067e-16, 2.70583053726e-17, 3.37160906308e-18], [-1.89575317428e-16, 2.01228180711e-13, 6.46330048943e-13, 1.0201593666e-13, 6.68990579079e-13, 2.68658467868e-12, 3.8035397748e-11, 2.11978178066e-11, 1.62130014275e-11, 8.31384960875e-12, 1.64067023856e-11, 7.5928575493e-13, 3.84672241976e-12, 1.13699555413e-12, 8.49243245171e-12, -1.09149104685e-12, -1.50103519024e-12, -3.2508070129e-13, 1.66361350151e-13, 1.17085621797e-13, 4.25182824604e-14, 6.54275649975e-15, 9.65736059779e-15, 2.06165172384e-16, 2.85868034575e-16, 4.47607414136e-17, 7.9434815968e-18], [-2.19779824113e-16, -3.93011773172e-16, 1.0201593666e-13, 1.15836127582e-12, 6.32627413996e-12, 5.42009406107e-12, -3.21169132955e-11, 3.08577330355e-11, 1.25306110973e-11, 1.41139478577e-11, 3.01886581055e-13, 3.84380288015e-12, 2.2176952115e-12, -1.01847555996e-12, -7.64556647159e-12, -1.66333581023e-12, -3.09742617839e-12, -1.41194640615e-12, -1.7273755668e-13, 1.76947063095e-14, 1.34918618094e-14, 8.91759844408e-15, -1.34983212826e-15, -1.54283504392e-15, 5.75461875917e-17, -1.77210260981e-17, -8.47303435315e-19], [-1.54978706683e-15, 3.98319289878e-13, 6.68990579079e-13, 6.32627413996e-12, 1.36739633505e-10, 1.26867225059e-10, 4.28172913791e-11, 2.10341988272e-09, 5.3320842186e-10, 3.93461152548e-10, 2.58189691849e-10, 3.89131726841e-10, 7.89855819638e-11, 2.81508202166e-11, 1.87987455463e-11, 6.15913223201e-12, 9.54444249329e-12, 3.47515523302e-11, 2.41876679276e-12, 6.37582217924e-12, 9.01502505458e-13, 1.28791495155e-13, 7.23126799326e-14, 1.53126446798e-14, 5.74876136752e-15, 7.42741168591e-16, 2.24798060882e-17], [-6.3460987428e-15, 2.21307932917e-12, 2.68658467868e-12, 5.42009406107e-12, 1.26867225059e-10, 1.49161338836e-09, 2.94248625465e-09, 1.47108831783e-08, 5.45291678478e-09, 5.75637093547e-09, 6.48836451234e-09, 3.92962329343e-09, 1.12671649788e-09, 6.69306443601e-10, 1.49975987185e-09, 1.90797086463e-10, 2.6097635164e-10, 5.24140286728e-10, 3.42456445146e-11, 6.46546843841e-11, 9.66138367225e-12, 8.17704953228e-13, 8.88155976715e-13, 6.46253124799e-13, 1.01169262854e-13, 1.57178737121e-14, 1.47575596373e-15], [2.71337151966e-13, 5.09919398373e-11, 3.8035397748e-11, -3.21169132955e-11, 4.28172913791e-11, 2.94248625465e-09, 2.01642160391e-06, 2.05744026971e-06, 1.49725309484e-07, 7.84241933616e-08, 5.27715826593e-07, 2.99554102412e-07, 9.54773611284e-08, 4.02583495429e-08, 2.48443598139e-07, 4.00210353746e-08, 7.74638806433e-08, 8.91512854651e-08, 6.06113115253e-09, 7.58100338061e-09, 5.00183838792e-10, 1.92218227446e-10, 1.93454682829e-10, 6.20510934302e-11, 9.25751489356e-12, 1.70642504033e-12, 2.80764750641e-13], [8.45215756651e-14, 7.75286917998e-11, 2.11978178066e-11, 3.08577330355e-11, 2.10341988272e-09, 1.47108831783e-08, 2.05744026971e-06, 3.1819445212e-06, 2.71385687256e-07, 1.26868826555e-07, 6.11340055912e-07, 4.03089387646e-07, 8.65722498133e-08, 4.55533424315e-08, 1.59236591912e-07, 3.77007935981e-08, 7.4036570652e-08, 8.21884071911e-08, 3.77790643213e-09, 5.28553201207e-09, 5.44447931183e-10, 1.22306872963e-10, 9.60552679063e-11, 4.77704438506e-11, 8.53604600198e-12, 1.09486595137e-12, 1.85794129105e-13], [-9.56958443694e-14, 1.56738459017e-11, 1.62130014275e-11, 1.25306110973e-11, 5.3320842186e-10, 5.45291678478e-09, 1.49725309484e-07, 2.71385687256e-07, 2.28251920475e-07, 1.69059191535e-07, 1.07455072396e-07, 1.18706083185e-07, 4.79718700319e-08, 1.6716892759e-08, 5.74334215742e-08, 1.10361062511e-08, 1.58613158163e-08, 1.18992522502e-08, 1.15870468775e-09, 1.89453430721e-09, 2.16110102036e-10, 3.10991128682e-11, 3.00633719308e-11, 1.58728915428e-11, 1.94134985865e-12, 3.75167751683e-13, 4.05757648618e-14], [-1.13624946718e-14, 3.75308768438e-12, 8.31384960875e-12, 1.41139478577e-11, 3.93461152548e-10, 5.75637093547e-09, 7.84241933616e-08, 1.26868826555e-07, 1.69059191535e-07, 2.18261064333e-07, 1.33379899125e-07, 1.00637592482e-07, 5.37833280134e-08, 1.30012471899e-08, 2.56120014086e-08, 5.68628877318e-09, 8.51744363928e-09, 6.13897110924e-09, 6.53381071469e-10, 1.49002776784e-09, 1.80777781633e-10, 1.73606008042e-11, 2.12982964598e-11, 1.24000124405e-11, 1.59762502706e-12, 2.84168007051e-13, 2.28732624611e-14], [3.7883009853e-14, 5.46452770187e-12, 1.64067023856e-11, 3.01886581055e-13, 2.58189691849e-10, 6.48836451234e-09, 5.27715826593e-07, 6.11340055912e-07, 1.07455072396e-07, 1.33379899125e-07, 4.14717817421e-07, 1.62606809795e-07, 4.08325320223e-08, 1.31790596214e-08, 4.3668105576e-08, 7.23020754378e-09, 2.34831549761e-08, 1.85403568054e-08, 1.30282562516e-09, 2.35812191995e-09, 2.33050523324e-10, 4.11289266533e-11, 4.35862422543e-11, 1.69868806521e-11, 3.03599962011e-12, 4.90254213094e-13, 1.10045348214e-13], [-2.38240145927e-14, 7.50950625468e-13, 7.5928575493e-13, 3.84380288015e-12, 3.89131726841e-10, 3.92962329343e-09, 2.99554102412e-07, 4.03089387646e-07, 1.18706083185e-07, 1.00637592482e-07, 1.62606809795e-07, 1.40321276376e-07, 3.2305152331e-08, 1.30867405801e-08, 4.37872778036e-08, 9.15279319003e-09, 1.89806428352e-08, 2.18995293011e-08, 1.33419619797e-09, 2.4818251898e-09, 1.99636682185e-10, 3.66818450614e-11, 3.16483020346e-11, 1.65943196684e-11, 2.41861261921e-12, 3.86745431687e-13, 6.14993624602e-14], [2.82169438741e-16, 1.99744019068e-12, 3.84672241976e-12, 2.2176952115e-12, 7.89855819638e-11, 1.12671649788e-09, 9.54773611284e-08, 8.65722498133e-08, 4.79718700319e-08, 5.37833280134e-08, 4.08325320223e-08, 3.2305152331e-08, 2.30266845591e-08, 7.00565250256e-09, 3.39000401084e-08, 7.78704034587e-09, 1.204944855e-08, 8.37548075339e-09, 7.74365294109e-10, 1.19235110674e-09, 6.13769104985e-11, 2.28114818701e-11, 1.87352650755e-11, 9.852235347e-12, 8.25791691972e-13, 1.97169212381e-13, 2.26698356403e-14], [-5.61029900922e-15, 1.71269411414e-12, 1.13699555413e-12, -1.01847555996e-12, 2.81508202166e-11, 6.69306443601e-10, 4.02583495429e-08, 4.55533424315e-08, 1.6716892759e-08, 1.30012471899e-08, 1.31790596214e-08, 1.30867405801e-08, 7.00565250256e-09, 5.44130251967e-09, 1.62304036877e-08, 3.76676023706e-09, 5.66581759287e-09, 4.27362811806e-09, 3.95634774941e-10, 5.20186782538e-10, 3.11158217248e-11, 1.1166317003e-11, 9.42045313285e-12, 5.15664507622e-12, 4.5210674939e-13, 9.29354927433e-14, 8.3708124186e-15], [-1.29613167936e-14, 9.15229003695e-12, 8.49243245171e-12, -7.64556647159e-12, 1.87987455463e-11, 1.49975987185e-09, 2.48443598139e-07, 1.59236591912e-07, 5.74334215742e-08, 2.56120014086e-08, 4.3668105576e-08, 4.37872778036e-08, 3.39000401084e-08, 1.62304036877e-08, 1.22434443028e-07, 2.56685233069e-08, 3.85354468335e-08, 2.8001561958e-08, 2.75389622217e-09, 3.43215100784e-09, 1.21441065537e-10, 8.31277685576e-11, 6.54898635322e-11, 3.00037217293e-11, 2.20439465293e-12, 5.91124805355e-13, 7.22974807734e-14], [-5.7427976203e-16, 1.76456559867e-13, -1.09149104685e-12, -1.66333581023e-12, 6.15913223201e-12, 1.90797086463e-10, 4.00210353746e-08, 3.77007935981e-08, 1.10361062511e-08, 5.68628877318e-09, 7.23020754378e-09, 9.15279319003e-09, 7.78704034587e-09, 3.76676023706e-09, 2.56685233069e-08, 6.99554281169e-09, 1.05900390679e-08, 6.24776985703e-09, 6.1405375229e-10, 8.16869571985e-10, 1.85228585942e-11, 1.80844332565e-11, 1.06466111968e-11, 7.19417364223e-12, 3.32139101378e-13, 1.06767283274e-13, 1.32329738123e-14], [5.92430936936e-15, -4.07161988587e-13, -1.50103519024e-12, -3.09742617839e-12, 9.54444249329e-12, 2.6097635164e-10, 7.74638806433e-08, 7.4036570652e-08, 1.58613158163e-08, 8.51744363928e-09, 2.34831549761e-08, 1.89806428352e-08, 1.204944855e-08, 5.66581759287e-09, 3.85354468335e-08, 1.05900390679e-08, 1.6987737439e-08, 1.01848005585e-08, 9.48942258105e-10, 1.30148958277e-09, 3.21021612071e-11, 2.77878327987e-11, 1.61801474996e-11, 1.12174792025e-11, 5.81394958218e-13, 1.676918424e-13, 2.5103263042e-14], [-3.55065729456e-15, 8.92637905866e-13, -3.2508070129e-13, -1.41194640615e-12, 3.47515523302e-11, 5.24140286728e-10, 8.91512854651e-08, 8.21884071911e-08, 1.18992522502e-08, 6.13897110924e-09, 1.85403568054e-08, 2.18995293011e-08, 8.37548075339e-09, 4.27362811806e-09, 2.8001561958e-08, 6.24776985703e-09, 1.01848005585e-08, 9.95089433076e-09, 7.2036782095e-10, 1.03536512697e-09, 3.98873850616e-11, 2.1699229219e-11, 1.57071022855e-11, 8.0104351971e-12, 7.37660854708e-13, 1.57426562021e-13, 2.26063556031e-14], [-2.7045746124e-16, 8.08085491425e-14, 1.66361350151e-13, -1.7273755668e-13, 2.41876679276e-12, 3.42456445146e-11, 6.06113115253e-09, 3.77790643213e-09, 1.15870468775e-09, 6.53381071469e-10, 1.30282562516e-09, 1.33419619797e-09, 7.74365294109e-10, 3.95634774941e-10, 2.75389622217e-09, 6.1405375229e-10, 9.48942258105e-10, 7.2036782095e-10, 7.18615722484e-11, 9.18326664712e-11, 3.59132146764e-12, 2.10631837493e-12, 1.58367860926e-12, 7.55266075375e-13, 5.1341363886e-14, 1.40600227113e-14, 1.68594274267e-15], [-8.52199265897e-16, -9.80481768367e-14, 1.17085621797e-13, 1.76947063095e-14, 6.37582217924e-12, 6.46546843841e-11, 7.58100338061e-09, 5.28553201207e-09, 1.89453430721e-09, 1.49002776784e-09, 2.35812191995e-09, 2.4818251898e-09, 1.19235110674e-09, 5.20186782538e-10, 3.43215100784e-09, 8.16869571985e-10, 1.30148958277e-09, 1.03536512697e-09, 9.18326664712e-11, 1.40703101947e-10, 4.84183223029e-12, 2.69209004047e-12, 1.93281436862e-12, 1.0117680348e-12, 7.02872818541e-14, 1.80950140803e-14, 2.41594421809e-15], [-1.00916961174e-16, 4.0083808126e-14, 4.25182824604e-14, 1.34918618094e-14, 9.01502505458e-13, 9.66138367225e-12, 5.00183838792e-10, 5.44447931183e-10, 2.16110102036e-10, 1.80777781633e-10, 2.33050523324e-10, 1.99636682185e-10, 6.13769104985e-11, 3.11158217248e-11, 1.21441065537e-10, 1.85228585942e-11, 3.21021612071e-11, 3.98873850616e-11, 3.59132146764e-12, 4.84183223029e-12, 6.03238975699e-13, 9.47593105328e-14, 8.92395966151e-14, 4.05279447697e-14, 4.91277796506e-15, 8.28763081857e-16, 1.22464261742e-16], [-5.99228784965e-18, 3.02457402487e-15, 6.54275649975e-15, 8.91759844408e-15, 1.28791495155e-13, 8.17704953228e-13, 1.92218227446e-10, 1.22306872963e-10, 3.10991128682e-11, 1.73606008042e-11, 4.11289266533e-11, 3.66818450614e-11, 2.28114818701e-11, 1.1166317003e-11, 8.31277685576e-11, 1.80844332565e-11, 2.77878327987e-11, 2.1699229219e-11, 2.10631837493e-12, 2.69209004047e-12, 9.47593105328e-14, 6.71281538927e-14, 5.01865157776e-14, 2.39780305935e-14, 1.5943889631e-15, 4.34373715475e-16, 6.05671107458e-17], [-8.1088325197e-18, 5.175429753e-15, 9.65736059779e-15, -1.34983212826e-15, 7.23126799326e-14, 8.88155976715e-13, 1.93454682829e-10, 9.60552679063e-11, 3.00633719308e-11, 2.12982964598e-11, 4.35862422543e-11, 3.16483020346e-11, 1.87352650755e-11, 9.42045313285e-12, 6.54898635322e-11, 1.06466111968e-11, 1.61801474996e-11, 1.57071022855e-11, 1.58367860926e-12, 1.93281436862e-12, 8.92395966151e-14, 5.01865157776e-14, 4.92134443278e-14, 1.6090392026e-14, 1.61508102509e-15, 3.96616904214e-16, 4.68077255708e-17], [-2.97255211337e-19, -3.15469030285e-16, 2.06165172384e-16, -1.54283504392e-15, 1.53126446798e-14, 6.46253124799e-13, 6.20510934302e-11, 4.77704438506e-11, 1.58728915428e-11, 1.24000124405e-11, 1.69868806521e-11, 1.65943196684e-11, 9.852235347e-12, 5.15664507622e-12, 3.00037217293e-11, 7.19417364223e-12, 1.12174792025e-11, 8.0104351971e-12, 7.55266075375e-13, 1.0117680348e-12, 4.05279447697e-14, 2.39780305935e-14, 1.6090392026e-14, 1.20619931144e-14, 5.80688095671e-16, 1.51541605802e-16, 3.24914393941e-17], [-5.5652349721e-19, 3.66225362067e-16, 2.85868034575e-16, 5.75461875917e-17, 5.74876136752e-15, 1.01169262854e-13, 9.25751489356e-12, 8.53604600198e-12, 1.94134985865e-12, 1.59762502706e-12, 3.03599962011e-12, 2.41861261921e-12, 8.25791691972e-13, 4.5210674939e-13, 2.20439465293e-12, 3.32139101378e-13, 5.81394958218e-13, 7.37660854708e-13, 5.1341363886e-14, 7.02872818541e-14, 4.91277796506e-15, 1.5943889631e-15, 1.61508102509e-15, 5.80688095671e-16, 8.80599076244e-17, 1.56199939596e-17, 2.25557573985e-18], [-1.11759558306e-19, 2.70583053726e-17, 4.47607414136e-17, -1.77210260981e-17, 7.42741168591e-16, 1.57178737121e-14, 1.70642504033e-12, 1.09486595137e-12, 3.75167751683e-13, 2.84168007051e-13, 4.90254213094e-13, 3.86745431687e-13, 1.97169212381e-13, 9.29354927433e-14, 5.91124805355e-13, 1.06767283274e-13, 1.676918424e-13, 1.57426562021e-13, 1.40600227113e-14, 1.80950140803e-14, 8.28763081857e-16, 4.34373715475e-16, 3.96616904214e-16, 1.51541605802e-16, 1.56199939596e-17, 3.67191222818e-18, 4.8281581097e-19], [4.55351682724e-20, 3.37160906308e-18, 7.9434815968e-18, -8.47303435315e-19, 2.24798060882e-17, 1.47575596373e-15, 2.80764750641e-13, 1.85794129105e-13, 4.05757648618e-14, 2.28732624611e-14, 1.10045348214e-13, 6.14993624602e-14, 2.26698356403e-14, 8.3708124186e-15, 7.22974807734e-14, 1.32329738123e-14, 2.5103263042e-14, 2.26063556031e-14, 1.68594274267e-15, 2.41594421809e-15, 1.22464261742e-16, 6.05671107458e-17, 4.68077255708e-17, 3.24914393941e-17, 2.25557573985e-18, 4.8281581097e-19, 1.88617225867e-19]]
    },
    "mfcc": {
        "kurt": [2.75581407547, 0.648515462875, 3.75397634506, 0.593322753906, 1.63172721863, 1.14819335938, 4.47179698944, 0.535673618317, 1.5715174675, 1.64208221436, 2.52178525925, 1.61470413208, 2.87454843521],
        "max": [-703.350952148, 201.214508057, 64.8847961426, 48.3673248291, 30.4722480774, 27.3589668274, 23.4265174866, 24.4660434723, 17.3818778992, 23.1592884064, 33.0321464539, 44.2431182861, 37.3173484802],
        "mean": [-1042.07800293, 83.9223022461, 24.5169029236, 13.969455719, 4.4002494812, -2.69729304314, -0.410772264004, -1.26528286934, -4.29672813416, -4.00191020966, -2.06016016006, 1.51464653015, 1.16315031052],
        "median": [-1086.15649414, 65.2689590454, 42.9499855042, 27.9377937317, 13.9519271851, 4.21997833252, 0.371356964111, -1.47699737549, -4.11669158936, -4.67640686035, -2.46696090698, -0.800201416016, 0.29674911499],
        "min": [-1118.3770752, 25.9174003601, -158.111328125, -73.2132644653, -73.8889465332, -60.6533470154, -46.0564880371, -21.702331543, -33.2438049316, -33.8483963013, -25.451757431, -25.829246521, -18.652973175],
        "skew": [1.98191952705, 1.42708694935, -2.17325210571, -1.37620913982, -1.58247733116, -1.44806540012, -1.41988062859, 0.287684798241, -0.373902082443, 0.395365774632, 0.799573659897, 1.20861685276, 1.16568815708],
        "var": [8569.46582031, 1678.57202148, 2048.52514648, 871.50970459, 528.208129883, 305.468139648, 95.0964050293, 52.9887657166, 54.9593353271, 61.394443512, 47.1028709412, 121.855628967, 61.0813140869],
        "cov": [[8591.95800781, 3487.27294922, -4030.45239258, -2391.4777832, -1865.49731445, -1470.38220215, -355.240539551, -82.330947876, -107.188354492, 124.700439453, 247.297485352, 736.003845215, 332.788726807], [3487.27294922, 1682.97766113, -1502.21057129, -1112.03662109, -855.882873535, -640.083312988, -117.67427063, -14.4096164703, -45.7400512695, -1.17414653301, 101.621307373, 332.293640137, 141.235076904], [-4030.45239258, -1502.21057129, 2053.90185547, 1126.02563477, 821.265991211, 679.331787109, 184.768600464, 42.6633644104, 36.874370575, -91.7624969482, -119.545410156, -341.849334717, -168.285964966], [-2391.4777832, -1112.03662109, 1126.02563477, 873.797180176, 620.69519043, 431.047851562, 85.4737854004, -10.5761489868, 5.61395549774, -11.7855262756, -76.5196075439, -248.117584229, -108.444801331], [-1865.49731445, -855.882873535, 821.265991211, 620.69519043, 529.594482422, 348.614593506, 39.9261550903, 9.72746562958, 17.5597743988, -2.41808080673, -50.077129364, -182.700668335, -67.6931762695], [-1470.38220215, -640.083312988, 679.331787109, 431.047851562, 348.614593506, 306.269897461, 89.3001785278, 22.3536777496, 29.2229328156, -3.95061159134, -43.7019577026, -132.800445557, -60.9159088135], [-355.240539551, -117.67427063, 184.768600464, 85.4737854004, 39.9261550903, 89.3001785278, 95.3460083008, 24.3513698578, 15.6525831223, 2.11556959152, -12.2016124725, -30.5551929474, -22.7599277496], [-82.330947876, -14.4096164703, 42.6633644104, -10.5761489868, 9.72746562958, 22.3536777496, 24.3513698578, 53.1278457642, 34.2978019714, 9.31567382812, 11.0625009537, 4.77049732208, 3.50836133957], [-107.188354492, -45.7400512695, 36.874370575, 5.61395549774, 17.5597743988, 29.2229328156, 15.6525831223, 34.2978019714, 55.1035881042, 27.5288219452, 4.48840379715, 5.49052190781, 4.95017910004], [124.700439453, -1.17414653301, -91.7624969482, -11.7855262756, -2.41808080673, -3.95061159134, 2.11556959152, 9.31567382812, 27.5288219452, 61.5555839539, 28.9692630768, 4.15488910675, 6.15177774429], [247.297485352, 101.621307373, -119.545410156, -76.5196075439, -50.077129364, -43.7019577026, -12.2016124725, 11.0625009537, 4.48840379715, 28.9692630768, 47.2265014648, 41.5867156982, 20.9502544403], [736.003845215, 332.293640137, -341.849334717, -248.117584229, -182.700668335, -132.800445557, -30.5551929474, 4.77049732208, 5.49052190781, 4.15488910675, 41.5867156982, 122.175460815, 65.8838348389], [332.788726807, 141.235076904, -168.285964966, -108.444801331, -67.6931762695, -60.9159088135, -22.7599277496, 3.50836133957, 4.95017910004, 6.15177774429, 20.9502544403, 65.8838348389, 61.2416343689]]
    },
    "sccoeffs": {
        "kurt": [2.12592697144, 5.98682975769, 8.84863471985, 2.59143066406, 5.27075958252, 4.23125457764],
        "max": [-0.568771123886, -0.267066985369, -0.479289293289, -0.630186736584, -0.623610138893, -0.760075926781],
        "mean": [-0.772192656994, -0.78398680687, -0.85506349802, -0.848070800304, -0.851411640644, -0.850875616074],
        "median": [-0.774196028709, -0.813500285149, -0.869927287102, -0.869991540909, -0.869210124016, -0.856041789055],
        "min": [-0.928916275501, -0.913199841976, -0.947508633137, -0.93194270134, -0.91088783741, -0.893114447594],
        "skew": [0.819191932678, 2.19382238388, 2.57951140404, 1.74506473541, 2.29897999763, 1.99033248425],
        "var": [0.00239969044924, 0.00993306841701, 0.00331700127572, 0.00340711278841, 0.00247209472582, 0.000420077267336],
        "cov": [[0.00240598898381, 0.000981437508017, 0.000591187155806, 0.000740466755815, 0.000598696293309, 0.000364945677575], [0.000981437508017, 0.00995913986117, 0.00420251023024, 0.00346647808328, 0.00365009834059, 0.0011986597674], [0.000591187155806, 0.00420251023024, 0.00332570727915, 0.00216799578629, 0.00209426600486, 0.000685970124323], [0.000740466755815, 0.00346647808328, 0.00216799578629, 0.00341605534777, 0.00204092240892, 0.000691757246386], [0.000598696293309, 0.00365009834059, 0.00209426600486, 0.00204092240892, 0.00247858301736, 0.000604080036283], [0.000364945677575, 0.0011986597674, 0.000685970124323, 0.000691757246386, 0.000604080036283, 0.000421179836849]]
    },
    "scvalleys": {
        "kurt": [0.0449931621552, 0.541437387466, 0.895130395889, 2.89043951035, 4.19826316833, 5.40304088593],
        "max": [-8.07012367249, -5.19717407227, -5.01525259018, -5.24603652954, -7.40524625778, -10.553776741],
        "mean": [-9.56331634521, -9.64415836334, -10.1462955475, -11.0214548111, -11.3186340332, -13.1834163666],
        "median": [-9.53347110748, -10.1879692078, -10.9454154968, -11.636715889, -11.6624584198, -13.3968677521],
        "min": [-10.6925792694, -12.268037796, -12.0025196075, -12.8224506378, -12.8952693939, -14.2395935059],
        "skew": [-0.0207783710212, 1.29781246185, 1.48565399647, 1.91144657135, 2.17469954491, 2.40841174126],
        "var": [0.18498942256, 2.06301379204, 3.09273028374, 2.12412834167, 0.895832717419, 0.346562445164],
        "cov": [[0.185474961996, 0.228186577559, 0.282766759396, 0.197816729546, 0.130560263991, 0.0627795606852], [0.228186577559, 2.06842851639, 2.39415693283, 1.86533212662, 1.1490676403, 0.648577809334], [0.282766759396, 2.39415693283, 3.1008477211, 2.39171361923, 1.48503351212, 0.857736051083], [0.197816729546, 1.86533212662, 2.39171361923, 2.12970352173, 1.31595671177, 0.761456906796], [0.130560263991, 1.1490676403, 1.48503351212, 1.31595671177, 0.898184001446, 0.506398975849], [0.0627795606852, 0.648577809334, 0.857736051083, 0.761456906796, 0.506398975849, 0.347472071648]]
    }
},
"rhythm": {
    "beats_loudness": {
        "kurt": 0.525294780731,
        "max": 0.0193292219192,
        "mean": 0.00397622166201,
        "median": 2.49919412454e-06,
        "min": 1.14264332751e-06,
        "skew": 1.33596086502,
        "var": 3.73912298528e-05
    },
    "bpm": 92.2949752808,
    "confidence": 2.84126353264,
    "first_peak_bpm": {
        "kurt": 0,
        "max": 92,
        "mean": 92,
        "median": 92,
        "min": 92,
        "skew": 0,
        "var": 0
    },
    "first_peak_spread": {
        "kurt": 0,
        "max": 0.16666662693,
        "mean": 0.16666662693,
        "median": 0.16666662693,
        "min": 0.16666662693,
        "skew": 0,
        "var": 0
    },
    "first_peak_weight": {
        "kurt": 0,
        "max": 0.384615391493,
        "mean": 0.384615391493,
        "median": 0.384615391493,
        "min": 0.384615391493,
        "skew": 0,
        "var": 0
    },
    "onset_rate": 1.01809954643,
    "second_peak_bpm": {
        "kurt": 0,
        "max": 108,
        "mean": 108,
        "median": 108,
        "min": 108,
        "skew": 0,
        "var": 0
    },
    "second_peak_spread": {
        "kurt": 0,
        "max": 0.571428596973,
        "mean": 0.571428596973,
        "median": 0.571428596973,
        "min": 0.571428596973,
        "skew": 0,
        "var": 0
    },
    "second_peak_weight": {
        "kurt": 0,
        "max": 0.230769231915,
        "mean": 0.230769231915,
        "median": 0.230769231915,
        "min": 0.230769231915,
        "skew": 0,
        "var": 0
    },
    "beats_loudness_band_ratio": {
        "kurt": [-1.62648761272, -0.712556362152, -1.20147109032, 1.47187376022, 0.668320894241, -1.20256769657],
        "max": [0.830669403076, 0.398519068956, 0.602323830128, 0.693095684052, 0.317867130041, 0.0565878525376],
        "mean": [0.415766477585, 0.131938099861, 0.212838307023, 0.154891863465, 0.0839396268129, 0.0250716563314],
        "median": [0.520208716393, 0.0915936008096, 0.0793590322137, 0.0465414300561, 0.0358539558947, 0.0272943302989],
        "min": [0.000122780926176, 0.000435808731709, 0.0299613457173, 0.017063934356, 0.0063722319901, 0.000321208906826],
        "skew": [-0.293330460787, 0.676133573055, 0.779750704765, 1.59465539455, 1.31281888485, 0.172294840217],
        "var": [0.107705831528, 0.016948601231, 0.0455378331244, 0.0393195673823, 0.00847547035664, 0.000342908810126],
        "cov": [[0.115990892053, 0.0235902667046, -0.0685729533434, -0.0544525422156, -0.0181198921055, 0.00481127621606], [0.0235902667046, 0.0182523392141, -0.0211553201079, -0.0156489834189, -0.00393012585118, 0.00165388232563], [-0.0685729533434, -0.0211553201079, 0.0490407422185, 0.0280989017338, 0.0129380878061, -0.00329398876056], [-0.0544525422156, -0.0156489834189, 0.0280989017338, 0.0423441492021, 3.03835713567e-05, -0.00274348864332], [-0.0181198921055, -0.00393012585118, 0.0129380878061, 3.03835713567e-05, 0.00912742968649, -0.000481531897094], [0.00481127621606, 0.00165388232563, -0.00329398876056, -0.00274348864332, -0.000481531897094, 0.000369286426576]]
    },
    "beats_position": [0.522448956966, 1.05650794506, 1.59056687355, 2.13623571396, 2.69351458549, 3.25079369545, 3.79646253586, 4.35374164581, 4.99229001999, 5.64244890213, 6.29260778427, 6.94276618958, 7.59292507172, 8.25469398499],
    "bpm_estimates": [93.9631271362, 92.2851333618, 92.2851333618, 92.2852020264, 92.2851333618, 90.6660919189],
    "bpm_intervals": [0.534058988094, 0.53405892849, 0.545668840408, 0.557278871536, 0.557279109955, 0.545668840408, 0.557279109955, 0.638548374176, 0.650158882141, 0.650158882141, 0.650158405304, 0.650158882141, 0.661768913269],
    "onset_times": [0.0232199542224, 0.325079351664, 1.49768710136, 2.06657600403, 3.22757363319, 3.9125623703, 4.92263031006, 7.55809545517, 7.92961454391],
    "histogram": [[0, 0, 0, 0, 0, 0, 0, 0, 0, 0, 0, 0, 0, 0, 0, 0, 0, 0, 0, 0, 0, 0, 0, 0, 0, 0, 0, 0, 0, 0, 0, 0, 0, 0, 0, 0, 0, 0, 0, 0, 0, 0, 0, 0, 0, 0, 0, 0, 0, 0, 0, 0, 0, 0, 0, 0, 0, 0, 0, 0, 0, 0, 0, 0, 0, 0, 0, 0, 0, 0, 0, 0, 0, 0, 0, 0, 0, 0, 0, 0, 0, 0, 0, 0, 0, 0, 0, 0, 0, 0, 0, 0.0769230797887, 0.307692319155, 0, 0.0769230797887, 0, 0, 0, 0, 0, 0, 0, 0, 0, 0, 0, 0, 0, 0.230769231915, 0, 0.153846159577, 0, 0.153846159577, 0, 0, 0, 0, 0, 0, 0, 0, 0, 0, 0, 0, 0, 0, 0, 0, 0, 0, 0, 0, 0, 0, 0, 0, 0, 0, 0, 0, 0, 0, 0, 0, 0, 0, 0, 0, 0, 0, 0, 0, 0, 0, 0, 0, 0, 0, 0, 0, 0, 0, 0, 0, 0, 0, 0, 0, 0, 0, 0, 0, 0, 0, 0, 0, 0, 0, 0, 0, 0, 0, 0, 0, 0, 0, 0, 0, 0, 0, 0, 0, 0, 0, 0, 0, 0, 0, 0, 0, 0, 0, 0, 0, 0, 0, 0, 0, 0, 0, 0, 0, 0, 0, 0, 0, 0, 0, 0, 0, 0, 0, 0, 0, 0, 0, 0, 0, 0, 0, 0, 0, 0, 0, 0, 0, 0, 0, 0, 0, 0, 0, 0, 0, 0, 0, 0, 0, 0]]
},
"sfx": {
    "inharmonicity": {
        "kurt": 2.46881628036,
        "max": 0.427889913321,
        "mean": 0.0772760510445,
        "median": 0.0533933416009,
        "min": 0,
        "skew": 1.59115827084,
        "var": 0.0063264137134
    },
    "oddtoevenharmonicenergyratio": {
        "kurt": 117.789428711,
        "max": 91.5046310425,
        "mean": 1.45884668827,
        "median": 0.295216500759,
        "min": 0,
        "skew": 10.3101587296,
        "var": 46.2535171509
    },
    "pitch_after_max_to_before_max_energy_ratio": 4.31704139709,
    "pitch_centroid": 177.013168335,
    "pitch_max_to_total": 0.0340314134955,
    "pitch_min_to_total": 0.913612544537,
    "tristimulus": {
        "kurt": [-0.245056629181, -0.197661161423, 1.88643074036],
        "max": [1, 0.890222907066, 0.978927731514],
        "mean": [0.371156394482, 0.363487839699, 0.265355706215],
        "median": [0.392299950123, 0.359551310539, 0.24419619143],
        "min": [0, 0, 0],
        "skew": [0.0355629511178, 0.313353449106, 1.02533972263],
        "var": [0.0513660460711, 0.0314632616937, 0.0256640873849],
        "cov": [[0.051500864327, -0.0286576356739, -0.0228432305157], [-0.0286576356739, 0.0315458402038, -0.00288822338916], [-0.0228432305157, -0.00288822338916, 0.0257314480841]]
    }
},
"tonal": {
    "chords_changes_rate": 0.0364583320916,
    "chords_number_rate": 0.0260416660458,
    "chords_strength": {
        "kurt": 0.432140111923,
        "max": 0.725627362728,
        "mean": 0.586999952793,
        "median": 0.603552341461,
        "min": 0.402914315462,
        "skew": -0.829158484936,
        "var": 0.0044278036803
    },
    "key_strength": 0.430261969566,
    "tuning_diatonic_strength": 0.57860314846,
    "tuning_equal_tempered_deviation": 0.246382936835,
    "tuning_frequency": 435.197479248,
    "tuning_nontempered_energy_ratio": 0.883413374424,
    "hpcp": {
        "kurt": [8.36642837524, 6.00765419006, 1.01507663727, 0.0926420688629, -0.156759977341, -0.336790561676, 1.28440189362, 4.29352426529, 5.3015422821, 6.29387187958, 8.24137401581, 7.8432636261, 5.63164329529, 6.4256811142, 6.42920589447, 9.87058067322, 12.4047555923, 9.70912837982, 8.18493461609, 5.85858631134, 7.1966676712, 6.84993934631, 14.4366493225, 16.3432331085, 12.8787631989, 12.4892101288, 11.4529371262, 9.3044462204, 1.3846373558, -0.788561582565, -1.01715731621, -0.406148910522, 3.46053218842, 6.68351650238, 11.3040819168, 7.81019496918],
        "max": [1, 1, 1, 1, 1, 1, 1, 1, 1, 1, 1, 1, 1, 1, 1, 1, 1, 1, 1, 1, 1, 0.786573588848, 0.705220639706, 0.869014680386, 1, 1, 0.827879309654, 1, 1, 1, 1, 1, 1, 1, 1, 1],
        "mean": [0.107918053865, 0.123544931412, 0.218795731664, 0.299760133028, 0.321252852678, 0.300365656614, 0.218662753701, 0.152225166559, 0.138803392649, 0.136417150497, 0.125648394227, 0.124632366002, 0.129302754998, 0.128577291965, 0.118609309196, 0.106360763311, 0.0974031165242, 0.10171816498, 0.108601354063, 0.117926679552, 0.120347499847, 0.0881701037288, 0.0625150501728, 0.0681278556585, 0.0955516472459, 0.103365845978, 0.0877430960536, 0.108772434294, 0.21024787426, 0.326425284147, 0.374359279871, 0.29821023345, 0.176037117839, 0.114419430494, 0.0950536057353, 0.107833109796],
