{
"metadata": {
    "version": {
        "essentia": "2.1-beta3"
    }
},
"lowLevel": {
    "average_loudness": 0.912135243416,
    "barkbands_kurtosis": {
        "kurt": 79.2082061768,
        "max": 421.856903076,
        "mean": 16.668800354,
        "median": 9.57629013062,
        "min": -1.25156664848,
        "skew": 7.56122732162,
        "var": 842.691772461
    },
    "barkbands_skewness": {
        "kurt": 15.3485870361,
        "max": 17.5709514618,
        "mean": 2.31844520569,
        "median": 2.02352619171,
        "min": -2.30747437477,
        "skew": 2.67638611794,
        "var": 3.21464467049
    },
    "barkbands_spread": {
        "kurt": 4.66984272003,
        "max": 27.1098537445,
        "mean": 4.30871772766,
        "median": 2.95050287247,
        "min": 0.177843213081,
        "skew": 1.98069155216,
        "var": 16.5567264557
    },
    "dissonance": {
        "kurt": 0.555698156357,
        "max": 0.499801516533,
        "mean": 0.411208093166,
        "median": 0.430986464024,
        "min": 0.162345290184,
        "skew": -1.04410755634,
        "var": 0.00516935717314
    },
    "hfc": {
        "kurt": 22.1320343018,
        "max": 10.8848438263,
        "mean": 0.683320999146,
        "median": 0.278056621552,
        "min": 0.00757743231952,
        "skew": 4.08137130737,
        "var": 1.41475117207
    },
    "pitch": {
        "kurt": -0.700933456421,
        "max": 921.170471191,
        "mean": 435.791687012,
        "median": 447.765197754,
        "min": 72.6825866699,
        "skew": -0.00254586292431,
        "var": 31046.8066406
    },
    "pitch_instantaneous_confidence": {
        "kurt": -0.997035741806,
        "max": 0.974184691906,
        "mean": 0.596591889858,
        "median": 0.599655747414,
        "min": 0.161651432514,
        "skew": -0.0522191114724,
        "var": 0.0416480712593
    },
    "pitch_salience": {
        "kurt": 0.013347864151,
        "max": 0.904267549515,
        "mean": 0.575243353844,
        "median": 0.614054560661,
        "min": 0.0691730156541,
        "skew": -0.774544596672,
        "var": 0.0289287343621
    },
    "silence_rate_20dB": {
        "kurt": 0,
        "max": 1,
        "mean": 1,
        "median": 1,
        "min": 1,
        "skew": 0,
        "var": 0
    },
    "silence_rate_30dB": {
        "kurt": 0,
        "max": 1,
        "mean": 1,
        "median": 1,
        "min": 1,
        "skew": 0,
        "var": 0
    },
    "silence_rate_60dB": {
        "kurt": 7.34837913513,
        "max": 1,
        "mean": 0.918429017067,
        "median": 1,
        "min": 0,
        "skew": -3.05752491951,
        "var": 0.0749166235328
    },
    "spectral_centroid": {
        "kurt": 5.36779499054,
        "max": 1474.6932373,
        "mean": 653.15814209,
        "median": 625.69720459,
        "min": 398.711883545,
        "skew": 1.7101572752,
        "var": 19824.9628906
    },
    "spectral_complexity": {
        "kurt": 0.38294005394,
        "max": 8,
        "mean": 1.80060422421,
        "median": 2,
        "min": 0,
        "skew": 0.835936188698,
        "var": 2.57958817482
    },
    "spectral_crest": {
        "kurt": -0.411370754242,
        "max": 26.614824295,
        "mean": 13.5324459076,
        "median": 12.470287323,
        "min": 4.13527202606,
        "skew": 0.604080498219,
        "var": 26.7169094086
    },
    "spectral_decrease": {
        "kurt": 26.4908046722,
        "max": -1.29561736773e-12,
        "mean": -2.87334933624e-10,
        "median": -1.07756525924e-10,
        "min": -5.53872148146e-09,
        "skew": -4.43541145325,
        "var": 2.77649479856e-19
    },
    "spectral_energy": {
        "kurt": 26.1337585449,
        "max": 0.0218916647136,
        "mean": 0.00114644621499,
        "median": 0.000430156767834,
        "min": 5.57725752515e-06,
        "skew": 4.40940093994,
        "var": 4.38934375779e-06
    },
    "spectral_energyband_high": {
        "kurt": 19.0537509918,
        "max": 6.04420074524e-06,
        "mean": 6.5268062599e-07,
        "median": 4.28326188739e-07,
        "min": 7.06960534558e-08,
        "skew": 3.62947368622,
        "var": 4.81992158859e-13
    },
    "spectral_energyband_low": {
        "kurt": 23.6288890839,
        "max": 1.63411823451e-05,
        "mean": 1.09701784368e-06,
        "median": 4.88186742587e-07,
        "min": 7.82410669586e-09,
        "skew": 4.30540084839,
        "var": 3.37371363485e-12
    },
    "spectral_energyband_middle_high": {
        "kurt": 43.0469017029,
        "max": 0.00246281106956,
        "mean": 0.000111235414806,
        "median": 3.70464913431e-05,
        "min": 1.57536351253e-06,
        "skew": 5.83050298691,
        "var": 5.72943896771e-08
    },
    "spectral_energyband_middle_low": {
        "kurt": 28.4659328461,
        "max": 0.0215289946645,
        "mean": 0.00105781655293,
        "median": 0.000374659284716,
        "min": 2.65198059424e-06,
        "skew": 4.61845302582,
        "var": 4.08596315538e-06
    },
    "spectral_flatness_db": {
        "kurt": -0.665951490402,
        "max": 0.515282094479,
        "mean": 0.305623322725,
        "median": 0.305718719959,
        "min": 0.124643474817,
        "skew": 0.0691433697939,
        "var": 0.00630373414606
    },
    "spectral_flux": {
        "kurt": 5.16913604736,
        "max": 0.10867408663,
        "mean": 0.0193329304457,
        "median": 0.015829462558,
        "min": 0.00176301784813,
        "skew": 1.80321550369,
        "var": 0.00020618113922
    },
    "spectral_kurtosis": {
        "kurt": 3.00556468964,
        "max": 133.851348877,
        "mean": 25.5760974884,
        "median": 19.874786377,
        "min": 2.96902179718,
        "skew": 1.52759540081,
        "var": 385.027770996
    },
    "spectral_rms": {
        "kurt": 4.54729223251,
        "max": 0.00462144147605,
        "mean": 0.000826138944831,
        "median": 0.000647815642878,
        "min": 7.37646696507e-05,
        "skew": 1.83238446712,
        "var": 4.35978250835e-07
    },
    "spectral_rolloff": {
        "kurt": 20.52069664,
        "max": 3122.31445312,
        "mean": 792.466003418,
        "median": 753.662109375,
        "min": 409.130859375,
        "skew": 3.83691835403,
        "var": 95119.375
    },
    "spectral_skewness": {
        "kurt": 0.23300409317,
        "max": 9.42297363281,
        "mean": 3.84815335274,
        "median": 3.62501049042,
        "min": 1.47964596748,
        "skew": 0.729491055012,
        "var": 1.96469771862
    },
    "spectral_spread": {
        "kurt": 76.0654754639,
        "max": 22490872,
        "mean": 2610325.75,
        "median": 2354127.5,
        "min": 646011.625,
        "skew": 5.55695390701,
        "var": 1.74345722266e+12
    },
    "spectral_strongpeak": {
        "kurt": 5.53652000427,
        "max": 2.15700507164,
        "mean": 0.32793867588,
        "median": 0.197996050119,
        "min": 0.00781911052763,
        "skew": 2.24097251892,
        "var": 0.142868250608
    },
    "zerocrossingrate": {
        "kurt": 2.40683794022,
        "max": 0.07861328125,
        "mean": 0.0335342995822,
        "median": 0.03173828125,
        "min": 0.015625,
        "skew": 1.3121894598,
        "var": 8.27991316328e-05
    },
    "barkbands": {
        "kurt": [120.875656128, 66.3011856079, 21.8033218384, 36.5464553833, 35.3593788147, 122.128540039, 97.0476455688, 31.7252922058, 120.208206177, 41.0644073486, 106.086715698, 40.0184593201, 166.174468994, 69.6105422974, 76.885093689, 135.928543091, 29.5321807861, 35.5995292664, 453.164916992, 28.0203227997, 21.4162502289, 16.9486160278, 36.3279724121, 66.7090835571, 47.6379737854, 200.83442688, 536.910644531],
        "max": [9.7312833347e-09, 1.8299886051e-06, 9.06803870748e-06, 2.02885621547e-05, 0.000109721819172, 0.00170090189204, 0.0179924573749, 0.0110871978104, 0.00991941709071, 0.00279372627847, 0.00202091340907, 0.000220704998355, 9.16010467336e-05, 0.000196133260033, 6.8992121669e-05, 4.85955279146e-05, 1.89532456716e-05, 1.32201985252e-05, 6.07889232924e-05, 5.49021024199e-06, 3.57306680598e-06, 6.98522285347e-07, 2.60495795601e-07, 1.84018773552e-07, 9.94593634118e-08, 6.2142033741e-09, 6.4573790759e-09],
        "mean": [1.83767029371e-10, 6.76649065667e-08, 5.86540124914e-07, 9.5240045539e-07, 6.13231759417e-06, 4.36605441791e-05, 0.000367794389604, 0.000375833304133, 0.000196999884793, 0.000101451922092, 3.1342911825e-05, 8.74953366292e-06, 2.0540380774e-06, 4.55721192338e-06, 1.70347834683e-06, 1.06941661215e-06, 1.0603919236e-06, 8.06356354133e-07, 7.57218685976e-07, 4.68921825814e-07, 2.95787657478e-07, 7.145595049e-08, 1.84365820388e-08, 8.85748185908e-09, 4.97776087016e-09, 1.79793305244e-10, 4.7792981378e-11],
        "median": [3.34056150797e-11, 2.73236011594e-08, 2.3438498431e-07, 3.81708986197e-07, 3.05884259433e-06, 1.52466109284e-05, 6.01500833e-05, 4.39270588686e-05, 4.1852821596e-05, 2.12985578401e-05, 3.58749366569e-06, 2.02709020414e-06, 7.58072928875e-07, 6.06473122389e-07, 4.4551674705e-07, 3.87578950267e-07, 4.91264358971e-07, 3.99189929112e-07, 3.75742189362e-07, 3.00632734707e-07, 1.82672891924e-07, 4.5922764258e-08, 1.17354703733e-08, 5.73447644925e-09, 2.7838491512e-09, 1.1243463105e-10, 8.66096951102e-12],
        "min": [1.21861836028e-15, 9.83302744784e-11, 1.76718439882e-09, 8.62398064072e-09, 1.7963904142e-08, 1.32419756937e-07, 1.66345913044e-07, 3.42709796541e-07, 1.94377207663e-07, 1.15178551141e-07, 1.00048417551e-07, 4.4225181739e-08, 2.40580941835e-08, 4.64198883776e-08, 3.16749897422e-08, 3.60783758424e-08, 2.60225689885e-08, 2.27236132133e-08, 4.31495514874e-08, 2.53662086891e-08, 2.00274286044e-08, 4.82530104762e-09, 8.70632121952e-10, 6.76419975587e-10, 3.2492575297e-10, 1.03491269374e-11, 1.6247806323e-13],
        "skew": [9.56816577911, 6.73432636261, 4.10802412033, 5.20137310028, 4.58426046371, 8.91466903687, 8.66724205017, 5.13954162598, 9.40080165863, 5.77746391296, 9.65349960327, 5.52498722076, 10.7622299194, 8.00483036041, 7.8704419136, 10.8521080017, 4.5618224144, 5.16504621506, 19.8950958252, 4.56370735168, 3.64812874794, 3.51577043533, 4.92955064774, 6.93073034286, 6.06273794174, 11.9214363098, 22.1940402985],
        "var": [3.55501289266e-19, 1.76719600867e-14, 1.03156979486e-12, 3.43886182551e-12, 7.8652286073e-11, 1.00073274112e-08, 1.41237160278e-06, 1.16116109439e-06, 3.72694017869e-07, 7.52391358105e-08, 2.02868832844e-08, 4.66214122863e-10, 2.49146554082e-11, 3.47057826922e-10, 2.56634106327e-11, 1.13470240148e-11, 2.96253646614e-12, 1.72823333335e-12, 6.57526680672e-12, 3.27612882569e-13, 1.12475268899e-13, 6.33717355664e-15, 5.19837831076e-16, 1.73187043078e-16, 7.07515635883e-17, 1.02080343142e-19, 6.87327506178e-20],
        "cov": [[3.56039111761e-19, -2.29050964507e-18, -2.9297312478e-18, -7.14229430781e-18, 1.11128605097e-16, 1.20364662942e-15, 3.52328870289e-13, 1.9696059833e-13, 1.96421413578e-15, 4.35498760518e-16, 2.31583229291e-14, 3.34628582032e-15, 5.42873844988e-16, 1.2151328197e-15, 3.79414545175e-17, 3.91318203586e-17, 6.79483543715e-17, -6.34413201833e-18, 3.51177179866e-17, -5.99590841919e-18, -3.3777392986e-18, -1.32745427715e-19, 4.67440694732e-19, 2.18384745158e-20, -4.01613054124e-20, 9.82746014663e-20, 1.08176631945e-19], [-2.29050964507e-18, 1.76986958346e-14, 6.02162227416e-14, 4.85832382625e-14, -3.04734158228e-16, -1.76700329173e-13, 6.65882496712e-13, -7.35291428439e-12, -5.8014785467e-13, 1.84297932818e-12, -8.15343506686e-13, -3.20212911362e-14, -2.38695222848e-14, -1.2521423785e-13, -6.32677156853e-15, -1.11628905108e-14, -1.60315480119e-15, 4.71158582899e-16, 5.12899117166e-15, -5.77882404913e-16, 1.88947983651e-16, 1.71210901977e-16, 2.22686119886e-17, 1.19562194516e-16, 1.26417496856e-16, 4.16967788115e-19, -7.46655200306e-19], [-2.9297312478e-18, 6.02162227416e-14, 1.03313050389e-12, 1.1456246108e-12, 1.59587469108e-12, 2.02451458917e-13, 2.47088894484e-11, -5.51081194566e-11, -3.12009446057e-12, -4.48507593911e-12, -6.56942642646e-12, -7.97260749173e-13, -7.08439180258e-14, -1.30597599792e-13, 9.87637231655e-14, 3.32445930593e-14, -9.24482590633e-14, -6.8431080301e-14, 4.38441126395e-14, 2.94315624389e-14, 2.25721270017e-14, 2.82163467159e-15, 6.86982683739e-16, 1.0186112233e-15, 4.46073437469e-16, 1.25631744757e-17, -5.98970125587e-18], [-7.14229430781e-18, 4.85832382625e-14, 1.1456246108e-12, 3.44406426121e-12, 7.07276511663e-12, 4.06562847624e-12, -3.26309361476e-11, -4.95171265102e-11, 1.58830830432e-11, 1.27309508421e-11, -5.43526855468e-12, -4.20998115926e-13, 9.35957176562e-14, -9.61339569148e-14, 4.42606753115e-13, 9.82342056007e-14, 1.80799589167e-13, 5.88243333099e-15, 8.0695107714e-14, 1.27834239505e-13, 6.32511350154e-14, 9.44323659796e-15, 3.43112125219e-15, 1.74459088042e-15, 9.92930878408e-16, 2.72087943415e-17, -7.2050475378e-18], [1.11128605097e-16, -3.04734158228e-16, 1.59587469108e-12, 7.07276511663e-12, 7.87712742256e-11, 5.45318269707e-11, 6.43912423381e-10, -3.24946791697e-10, -8.38125124858e-11, -5.42076800114e-11, 3.95781914186e-11, -2.0834675131e-12, 4.446169561e-12, -9.7578824361e-13, 1.67555932237e-12, -5.77000307343e-13, 7.46450481721e-13, -6.54935903687e-14, -6.54903973933e-13, 9.30883720259e-14, 4.96016098813e-15, -1.41360041077e-14, -6.82974947349e-15, 5.90724946405e-17, 1.23100674653e-15, -2.81832379185e-17, -5.09021372541e-17], [1.20364662942e-15, -1.76700329173e-13, 2.02451458917e-13, 4.06562847624e-12, 5.45318269707e-11, 1.00224673005e-08, 1.25978774079e-08, 4.50844250821e-09, 9.42737354848e-09, 4.54493509494e-09, 5.23448062673e-10, 8.58031701245e-11, 5.09808167903e-11, -1.58432624658e-11, 6.42171472248e-12, 2.70303050776e-12, 8.57078893534e-13, -7.3428801017e-13, 9.33174002481e-13, 4.59846570544e-12, 2.06338938991e-12, 2.80534872676e-13, 1.34247796798e-13, 4.83582629236e-14, 1.49254083214e-14, 7.1946115625e-16, 2.73382266006e-16], [3.52328870289e-13, 6.65882496712e-13, 2.47088894484e-11, -3.26309361476e-11, 6.43912423381e-10, 1.25978774079e-08, 1.4145083469e-06, 3.98944251856e-07, -1.36165869691e-08, -1.16922815874e-09, 2.83094845344e-08, 3.55912854744e-09, 1.07999675869e-09, 2.35482877642e-09, 1.77277185986e-11, -2.23870852412e-11, 1.92849763936e-10, -4.32494838554e-11, -6.9942961145e-11, -1.86657165419e-11, -6.19108540476e-12, -1.31847625266e-12, -6.56808266629e-13, -7.00307975672e-13, -5.62442020041e-13, 1.9312237695e-14, 3.73693724619e-14], [1.9696059833e-13, -7.35291428439e-12, -5.51081194566e-11, -4.95171265102e-11, -3.24946791697e-10, 4.50844250821e-09, 3.98944251856e-07, 1.1629177834e-06, 5.07544264394e-08, 1.51119099456e-08, 4.56569111407e-08, 8.06485900284e-09, 4.46787468134e-10, 9.15019349179e-09, 2.55754140088e-10, 1.4634317369e-10, 2.42146969143e-10, 1.39583327535e-11, 4.56540465155e-11, -1.24843876556e-11, -8.84846970001e-12, -6.40197530405e-13, -3.4880843873e-13, -1.32784218733e-13, -3.07682319293e-13, 1.44018470923e-14, 2.85180001358e-14], [1.96421413578e-15, -5.8014785467e-13, -3.12009446057e-12, 1.58830830432e-11, -8.38125124858e-11, 9.42737354848e-09, -1.36165869691e-08, 5.07544264394e-08, 3.73257847741e-07, 8.02584452231e-08, 8.73245920019e-11, 1.25763688352e-09, 2.28993823903e-10, -5.54440417189e-11, 1.49967996355e-10, 8.49669223868e-11, 5.12830680699e-11, 4.32126695538e-11, 4.688948535e-11, 3.2511878606e-11, 1.2028976773e-11, 2.15355901514e-12, 1.68308954013e-12, 6.0653858238e-13, 1.76576757231e-13, 8.07677594239e-15, 5.19150643834e-15], [4.35498760518e-16, 1.84297932818e-12, -4.48507593911e-12, 1.27309508421e-11, -5.42076800114e-11, 4.54493509494e-09, -1.16922815874e-09, 1.51119099456e-08, 8.02584452231e-08, 7.53529647568e-08, 2.80385492601e-09, 3.7799527397e-10, 5.91961965557e-11, 5.48816374291e-11, 1.18401954907e-10, 5.14350922964e-11, 2.30087632974e-11, 1.61089041412e-11, 4.287619218e-11, 1.62140197102e-11, 1.3459563325e-11, 2.78888977884e-12, 1.29325456594e-12, 4.67817841757e-13, 2.75847893789e-13, 7.1177957327e-15, 2.82176553818e-15], [2.31583229291e-14, -8.15343506686e-13, -6.56942642646e-12, -5.43526855468e-12, 3.95781914186e-11, 5.23448062673e-10, 2.83094845344e-08, 4.56569111407e-08, 8.73245920019e-11, 2.80385492601e-09, 2.03175751778e-08, 1.26841603887e-09, 1.34577654576e-10, 4.81056361412e-10, 5.96091440097e-11, 1.29117072936e-11, 2.58732341107e-11, 6.0379166944e-12, 2.08015831123e-12, -8.3942510061e-13, -2.15815256291e-12, -2.67740257048e-13, -9.16418227111e-14, -4.26193233266e-14, -5.27264931477e-14, 2.2544817389e-15, 4.06269400513e-15], [3.34628582032e-15, -3.20212911362e-14, -7.97260749173e-13, -4.20998115926e-13, -2.0834675131e-12, 8.58031701245e-11, 3.55912854744e-09, 8.06485900284e-09, 1.25763688352e-09, 3.7799527397e-10, 1.26841603887e-09, 4.6691944755e-10, 4.95617470675e-11, 1.0150142532e-10, 9.6902199806e-12, 5.64389030303e-12, 3.60344089637e-12, 1.41294192058e-12, 4.16990877591e-13, -2.44362310334e-13, -1.91332857218e-13, -3.42791726536e-14, -2.18817799031e-14, -7.90636646593e-15, -1.02629044518e-14, 9.71372255391e-18, 3.2909493167e-16], [5.42873844988e-16, -2.38695222848e-14, -7.08439180258e-14, 9.35957176562e-14, 4.446169561e-12, 5.09808167903e-11, 1.07999675869e-09, 4.46787468134e-10, 2.28993823903e-10, 5.91961965557e-11, 1.34577654576e-10, 4.95617470675e-11, 2.49523474799e-11, 1.43768235164e-11, 3.94850211555e-12, 2.44394695453e-12, 1.08202064929e-12, 5.04681095092e-13, 1.68177169239e-12, 3.18872071759e-13, 1.02922390662e-13, 1.27808183077e-14, 1.8077794324e-15, -1.2917989629e-16, -1.06109363138e-15, -1.14691724877e-18, 3.61373438231e-17], [1.2151328197e-15, -1.2521423785e-13, -1.30597599792e-13, -9.61339569148e-14, -9.7578824361e-13, -1.58432624658e-11, 2.35482877642e-09, 9.15019349179e-09, -5.54440417189e-11, 5.48816374291e-11, 4.81056361412e-10, 1.0150142532e-10, 1.43768235164e-11, 3.47582879145e-10, 1.58235594766e-11, 4.73840888401e-12, 2.84056046913e-12, -1.40757156907e-13, 2.81464304988e-12, 2.12354276958e-13, 1.40492855522e-13, -3.89240912722e-14, -4.86071169683e-15, -4.3558885306e-15, -5.33684289252e-15, 7.26072208698e-17, 2.46066274021e-16], [3.79414545175e-17, -6.32677156853e-15, 9.87637231655e-14, 4.42606753115e-13, 1.67555932237e-12, 6.42171472248e-12, 1.77277185986e-11, 2.55754140088e-10, 1.49967996355e-10, 1.18401954907e-10, 5.96091440097e-11, 9.6902199806e-12, 3.94850211555e-12, 1.58235594766e-11, 2.57022354788e-11, 9.36907756238e-12, 1.79776853126e-12, 1.17055909236e-12, 7.61571361529e-12, 8.72631936329e-13, 2.72651719995e-13, 8.53213373976e-14, 1.70982562012e-14, 5.42231148152e-15, 5.34125508715e-15, 8.25835683051e-17, -9.18030851846e-18], [3.91318203586e-17, -1.11628905108e-14, 3.32445930593e-14, 9.82342056007e-14, -5.77000307343e-13, 2.70303050776e-12, -2.23870852412e-11, 1.4634317369e-10, 8.49669223868e-11, 5.14350922964e-11, 1.29117072936e-11, 5.64389030303e-12, 2.44394695453e-12, 4.73840888401e-12, 9.36907756238e-12, 1.13641908384e-11, 1.65644754857e-12, 9.26115846338e-13, 4.22041351519e-12, 5.09193652954e-13, 1.39154082679e-13, 5.89953026752e-14, 1.27334242732e-14, 3.76917252495e-15, 2.64629419282e-15, 4.24364697714e-17, -7.81605080452e-19], [6.79483543715e-17, -1.60315480119e-15, -9.24482590633e-14, 1.80799589167e-13, 7.46450481721e-13, 8.57078893534e-13, 1.92849763936e-10, 2.42146969143e-10, 5.12830680699e-11, 2.30087632974e-11, 2.58732341107e-11, 3.60344089637e-12, 1.08202064929e-12, 2.84056046913e-12, 1.79776853126e-12, 1.65644754857e-12, 2.96701855793e-12, 9.30769675743e-13, 9.90991251733e-13, 2.01084469713e-13, 6.70891768246e-14, 2.2287024182e-14, 5.6115327127e-15, 1.49612964721e-15, 1.28978395093e-15, 3.44278692081e-17, 2.96506261331e-18], [-6.34413201833e-18, 4.71158582899e-16, -6.8431080301e-14, 5.88243333099e-15, -6.54935903687e-14, -7.3428801017e-13, -4.32494838554e-11, 1.39583327535e-11, 4.32126695538e-11, 1.61089041412e-11, 6.0379166944e-12, 1.41294192058e-12, 5.04681095092e-13, -1.40757156907e-13, 1.17055909236e-12, 9.26115846338e-13, 9.30769675743e-13, 1.73084788689e-12, 7.78006999103e-13, 2.13771410513e-13, 1.48668322661e-13, 2.99489233868e-14, 6.50745343706e-15, 2.00840024475e-15, 1.26553498583e-15, 2.50162280508e-17, -7.46083825298e-18], [3.51177179866e-17, 5.12899117166e-15, 4.38441126395e-14, 8.0695107714e-14, -6.54903973933e-13, 9.33174002481e-13, -6.9942961145e-11, 4.56540465155e-11, 4.688948535e-11, 4.287619218e-11, 2.08015831123e-12, 4.16990877591e-13, 1.68177169239e-12, 2.81464304988e-12, 7.61571361529e-12, 4.22041351519e-12, 9.90991251733e-13, 7.78006999103e-13, 6.58521414482e-12, 6.60793089084e-13, 2.14573232229e-13, 5.48696288058e-14, 1.17544269809e-14, 2.76879739161e-15, 3.52091457965e-15, 5.38117285151e-17, -8.09794599566e-18], [-5.99590841919e-18, -5.77882404913e-16, 2.94315624389e-14, 1.27834239505e-13, 9.30883720259e-14, 4.59846570544e-12, -1.86657165419e-11, -1.24843876556e-11, 3.2511878606e-11, 1.62140197102e-11, -8.3942510061e-13, -2.44362310334e-13, 3.18872071759e-13, 2.12354276958e-13, 8.72631936329e-13, 5.09193652954e-13, 2.01084469713e-13, 2.13771410513e-13, 6.60793089084e-13, 3.28108498487e-13, 1.17218002882e-13, 2.67107740277e-14, 6.54735927679e-15, 3.38236772981e-15, 1.88193970803e-15, 3.95645284632e-17, -5.1429123269e-18], [-3.3777392986e-18, 1.88947983651e-16, 2.25721270017e-14, 6.32511350154e-14, 4.96016098813e-15, 2.06338938991e-12, -6.19108540476e-12, -8.84846970001e-12, 1.2028976773e-11, 1.3459563325e-11, -2.15815256291e-12, -1.91332857218e-13, 1.02922390662e-13, 1.40492855522e-13, 2.72651719995e-13, 1.39154082679e-13, 6.70891768246e-14, 1.48668322661e-13, 2.14573232229e-13, 1.17218002882e-13, 1.12645427654e-13, 1.51179236637e-14, 3.54401486219e-15, 1.74616710285e-15, 9.25974617993e-16, 2.18043916114e-17, -3.00838454353e-18], [-1.32745427715e-19, 1.71210901977e-16, 2.82163467159e-15, 9.44323659796e-15, -1.41360041077e-14, 2.80534872676e-13, -1.31847625266e-12, -6.40197530405e-13, 2.15355901514e-12, 2.78888977884e-12, -2.67740257048e-13, -3.42791726536e-14, 1.27808183077e-14, -3.89240912722e-14, 8.53213373976e-14, 5.89953026752e-14, 2.2287024182e-14, 2.99489233868e-14, 5.48696288058e-14, 2.67107740277e-14, 1.51179236637e-14, 6.34676069905e-15, 1.37391613369e-15, 7.36924593342e-16, 4.4729353549e-16, 1.09084410193e-17, -4.91377285406e-19], [4.67440694732e-19, 2.22686119886e-17, 6.86982683739e-16, 3.43112125219e-15, -6.82974947349e-15, 1.34247796798e-13, -6.56808266629e-13, -3.4880843873e-13, 1.68308954013e-12, 1.29325456594e-12, -9.16418227111e-14, -2.18817799031e-14, 1.8077794324e-15, -4.86071169683e-15, 1.70982562012e-14, 1.27334242732e-14, 5.6115327127e-15, 6.50745343706e-15, 1.17544269809e-14, 6.54735927679e-15, 3.54401486219e-15, 1.37391613369e-15, 5.20624248228e-16, 2.1296866013e-16, 1.28137834007e-16, 2.95186908254e-18, -2.95791385996e-20], [2.18384745158e-20, 1.19562194516e-16, 1.0186112233e-15, 1.74459088042e-15, 5.90724946405e-17, 4.83582629236e-14, -7.00307975672e-13, -1.32784218733e-13, 6.0653858238e-13, 4.67817841757e-13, -4.26193233266e-14, -7.90636646593e-15, -1.2917989629e-16, -4.3558885306e-15, 5.42231148152e-15, 3.76917252495e-15, 1.49612964721e-15, 2.00840024475e-15, 2.76879739161e-15, 3.38236772981e-15, 1.74616710285e-15, 7.36924593342e-16, 2.1296866013e-16, 1.73449054192e-16, 9.45655574107e-17, 1.8259503306e-18, -9.63595701039e-21], [-4.01613054124e-20, 1.26417496856e-16, 4.46073437469e-16, 9.92930878408e-16, 1.23100674653e-15, 1.49254083214e-14, -5.62442020041e-13, -3.07682319293e-13, 1.76576757231e-13, 2.75847893789e-13, -5.27264931477e-14, -1.02629044518e-14, -1.06109363138e-15, -5.33684289252e-15, 5.34125508715e-15, 2.64629419282e-15, 1.28978395093e-15, 1.26553498583e-15, 3.52091457965e-15, 1.88193970803e-15, 9.25974617993e-16, 4.4729353549e-16, 1.28137834007e-16, 9.45655574107e-17, 7.08586007596e-17, 1.33011366282e-18, 2.40623463615e-20], [9.82746014663e-20, 4.16967788115e-19, 1.25631744757e-17, 2.72087943415e-17, -2.81832379185e-17, 7.1946115625e-16, 1.9312237695e-14, 1.44018470923e-14, 8.07677594239e-15, 7.1177957327e-15, 2.2544817389e-15, 9.71372255391e-18, -1.14691724877e-18, 7.26072208698e-17, 8.25835683051e-17, 4.24364697714e-17, 3.44278692081e-17, 2.50162280508e-17, 5.38117285151e-17, 3.95645284632e-17, 2.18043916114e-17, 1.09084410193e-17, 2.95186908254e-18, 1.8259503306e-18, 1.33011366282e-18, 1.02234780348e-19, 6.45888536299e-20], [1.08176631945e-19, -7.46655200306e-19, -5.98970125587e-18, -7.2050475378e-18, -5.09021372541e-17, 2.73382266006e-16, 3.73693724619e-14, 2.85180001358e-14, 5.19150643834e-15, 2.82176553818e-15, 4.06269400513e-15, 3.2909493167e-16, 3.61373438231e-17, 2.46066274021e-16, -9.18030851846e-18, -7.81605080452e-19, 2.96506261331e-18, -7.46083825298e-18, -8.09794599566e-18, -5.1429123269e-18, -3.00838454353e-18, -4.91377285406e-19, -2.95791385996e-20, -9.63595701039e-21, 2.40623463615e-20, 6.45888536299e-20, 6.88367362681e-20]]
    },
    "mfcc": {
        "kurt": [-0.276120185852, -0.0221903324127, -0.383540153503, -0.56742811203, -0.295152187347, -0.412144899368, -0.00472569465637, -0.2336332798, -0.0909702777863, 0.361007928848, -0.151373147964, 0.147261857986, 0.9789955616],
        "max": [-841.048461914, 196.475524902, 31.4137001038, 17.8281898499, -3.24069213867, -4.67796325684, 24.7947731018, 17.2104892731, 24.4036216736, 30.8738880157, 22.9516181946, 30.2693347931, 21.0662078857],
        "mean": [-932.531799316, 141.814453125, -18.4311027527, -23.9561347961, -45.2010421753, -48.1922111511, -19.9230270386, -15.2103528976, -5.41667222977, -1.91391503811, -5.79984617233, -2.86538815498, -5.29328536987],
        "median": [-930.796325684, 144.197845459, -17.2066917419, -23.3082542419, -45.1538124084, -49.1809501648, -20.922039032, -14.7609519958, -5.60541534424, -2.41764068604, -6.25088691711, -3.29862976074, -5.16236495972],
        "min": [-1034.72875977, 65.3460159302, -85.100112915, -80.3988723755, -88.6608428955, -82.9702148438, -47.1730117798, -42.545135498, -33.1271438599, -31.7638320923, -27.3328762054, -31.5329704285, -49.3323478699],
        "skew": [-0.226704195142, -0.493684530258, -0.220684915781, -0.202777832747, -0.024929990992, 0.07947511971, 0.372654289007, -0.0588954985142, 0.026444690302, 0.320771306753, 0.32378411293, 0.199305385351, -0.268616527319],
        "var": [1106.89233398, 494.907196045, 415.025146484, 354.456268311, 239.622833252, 168.118667603, 117.583686829, 108.97416687, 91.2168197632, 84.3953552246, 76.3116912842, 104.690910339, 94.3647232056],
        "cov": [[1108.56689453, 529.969848633, -396.917724609, -227.103424072, -224.97883606, -148.62310791, -86.7572937012, -62.4011154175, 48.5667915344, 19.9957580566, 24.5786266327, 25.6212539673, 4.77079057693], [529.969848633, 495.655914307, -11.6017799377, -240.865020752, -171.983016968, -124.582298279, -85.7844085693, -37.0298271179, -9.40954017639, 2.47472763062, 14.7194976807, 44.0973205566, 33.612159729], [-396.917724609, -11.6017799377, 415.653045654, 138.673660278, 20.2503700256, 24.7426567078, 16.4896411896, 2.69467759132, -26.6245594025, -12.407866478, -18.1218395233, -3.77164244652, -1.37134408951], [-227.103424072, -240.865020752, 138.673660278, 354.992492676, 160.449737549, 90.3367614746, 69.6789703369, 13.7063970566, 20.2415409088, -2.35806512833, -24.399641037, -41.1291999817, -39.956325531], [-224.97883606, -171.983016968, 20.2503700256, 160.449737549, 239.985351562, 133.722122192, 46.1464424133, 31.8710231781, -3.29935073853, -12.7933750153, -16.0572795868, -15.5098552704, 1.71789085865], [-148.62310791, -124.582298279, 24.7426567078, 90.3367614746, 133.722122192, 168.373001099, 88.4325332642, 2.21013355255, -3.75476646423, -9.68549633026, -18.6906089783, -20.8559532166, -13.0767526627], [-86.7572937012, -85.7844085693, 16.4896411896, 69.6789703369, 46.1464424133, 88.4325332642, 117.761573792, 44.0858306885, 1.09012496471, -1.49679398537, -11.1059007645, -20.9729595184, -28.7417640686], [-62.4011154175, -37.0298271179, 2.69467759132, 13.7063970566, 31.8710231781, 2.21013355255, 44.0858306885, 109.139030457, 47.8907394409, -1.13729274273, 2.52698659897, -8.42278289795, -9.51945781708], [48.5667915344, -9.40954017639, -26.6245594025, 20.2415409088, -3.29935073853, -3.75476646423, 1.09012496471, 47.8907394409, 91.3548202515, 46.7765045166, 4.39607858658, -10.3517436981, -10.7605524063], [19.9957580566, 2.47472763062, -12.407866478, -2.35806512833, -12.7933750153, -9.68549633026, -1.49679398537, -1.13729274273, 46.7765045166, 84.5230331421, 38.636592865, -7.67518424988, -7.62778997421], [24.5786266327, 14.7194976807, -18.1218395233, -24.399641037, -16.0572795868, -18.6906089783, -11.1059007645, 2.52698659897, 4.39607858658, 38.636592865, 76.4271392822, 48.484752655, 12.3285770416], [25.6212539673, 44.0973205566, -3.77164244652, -41.1291999817, -15.5098552704, -20.8559532166, -20.9729595184, -8.42278289795, -10.3517436981, -7.67518424988, 48.484752655, 104.84929657, 63.3038482666], [4.77079057693, 33.612159729, -1.37134408951, -39.956325531, 1.71789085865, -13.0767526627, -28.7417640686, -9.51945781708, -10.7605524063, -7.62778997421, 12.3285770416, 63.3038482666, 94.507484436]]
    },
    "sccoeffs": {
        "kurt": [-0.389366388321, 0.722425222397, 0.110006093979, 1.55083799362, 1.68248987198, 2.21327972412],
        "max": [-0.463598877192, -0.359537988901, -0.440532445908, -0.643817067146, -0.754432618618, -0.738249838352],
        "mean": [-0.669379174709, -0.733081817627, -0.746041357517, -0.836770236492, -0.862990796566, -0.834883034229],
        "median": [-0.67345559597, -0.751111507416, -0.757228195667, -0.847006678581, -0.869495511055, -0.83675724268],
        "min": [-0.849943697453, -0.910813391209, -0.915528178215, -0.939777672291, -0.91200107336, -0.932379424572],
        "skew": [0.119644343853, 0.942810356617, 0.644371092319, 1.14376926422, 1.24289560318, 0.592792928219],
        "var": [0.00423801969737, 0.0104757230729, 0.00734526058659, 0.0021060439758, 0.000689547159709, 0.000394268019591],
        "cov": [[0.00424443138763, -0.000655123323668, 7.86338132457e-05, 0.000267441238975, -3.78192016797e-05, 7.85824595368e-05], [-0.000655123323668, 0.0104915713891, 0.00116749515291, 0.00159754999913, 0.00052116101142, 0.000105171122414], [7.86338132457e-05, 0.00116749515291, 0.00735637312755, 0.000888247333933, 0.000202197188628, 6.1407830799e-05], [0.000267441238975, 0.00159754999913, 0.000888247333933, 0.00210923003033, 0.000313835393172, 0.000201598755666], [-3.78192016797e-05, 0.00052116101142, 0.000202197188628, 0.000313835393172, 0.000690590357408, 9.15955461096e-05], [7.85824595368e-05, 0.000105171122414, 6.1407830799e-05, 0.000201598755666, 9.15955461096e-05, 0.000394864502596]]
    },
    "scvalleys": {
        "kurt": [0.495599031448, -0.298449754715, -0.236984491348, 1.72950410843, 0.557313919067, 0.65603351593],
        "max": [-8.42705631256, -5.40036249161, -5.91406726837, -6.75161314011, -8.33675384521, -10.7339839935],
        "mean": [-10.2339115143, -7.13588237762, -7.96798944473, -9.30058097839, -9.88987541199, -12.334403038],
        "median": [-10.1970252991, -7.07776689529, -7.96894359589, -9.35190582275, -9.92719364166, -12.3504085541],
        "min": [-13.0878324509, -9.17713260651, -9.90057945251, -10.44373703, -11.1397075653, -13.4475908279],
        "skew": [-0.346195876598, -0.271706491709, 0.0429407805204, 0.847952485085, 0.323910921812, 0.481696903706],
        "var": [0.38070088625, 0.477183043957, 0.411505430937, 0.267366468906, 0.131564319134, 0.174403458834],
        "cov": [[0.381276845932, 0.0811751559377, 0.0277085062116, 0.0346813872457, 0.0509510375559, 0.0765044912696], [0.0811751559377, 0.477904945612, 0.25622227788, 0.128647148609, 0.0587462931871, 0.0381853431463], [0.0277085062116, 0.25622227788, 0.412127971649, 0.200879275799, 0.0737719461322, 0.0172032862902], [0.0346813872457, 0.128647148609, 0.200879275799, 0.267770946026, 0.113806515932, 0.0698014721274], [0.0509510375559, 0.0587462931871, 0.0737719461322, 0.113806515932, 0.131763353944, 0.0988455489278], [0.0765044912696, 0.0381853431463, 0.0172032862902, 0.0698014721274, 0.0988455489278, 0.174667313695]]
    }
},
"rhythm": {
    "beats_loudness": {
        "kurt": -0.97101521492,
        "max": 0.00468412879854,
        "mean": 0.00178793305531,
        "median": 0.00148488907143,
        "min": 0.000156156849698,
        "skew": 0.528975605965,
        "var": 2.11318842958e-06
    },
    "bpm": 77.8020553589,
    "confidence": 1.04165148735,
    "first_peak_bpm": {
        "kurt": 0,
        "max": 76,
        "mean": 76,
        "median": 76,
        "min": 76,
        "skew": 0,
        "var": 0
    },
    "first_peak_spread": {
        "kurt": 0,
        "max": 0.466666698456,
        "mean": 0.466666698456,
        "median": 0.466666698456,
        "min": 0.466666698456,
        "skew": 0,
        "var": 0
    },
    "first_peak_weight": {
        "kurt": 0,
        "max": 0.444444447756,
        "mean": 0.444444447756,
        "median": 0.444444447756,
        "min": 0.444444447756,
        "skew": 0,
        "var": 0
    },
    "onset_rate": 3.91016387939,
    "second_peak_bpm": {
        "kurt": 0,
        "max": 81,
        "mean": 81,
        "median": 81,
        "min": 81,
        "skew": 0,
        "var": 0
    },
    "second_peak_spread": {
        "kurt": 0,
        "max": 0.33333337307,
        "mean": 0.33333337307,
        "median": 0.33333337307,
        "min": 0.33333337307,
        "skew": 0,
        "var": 0
    },
    "second_peak_weight": {
        "kurt": 0,
        "max": 0.111111111939,
        "mean": 0.111111111939,
        "median": 0.111111111939,
        "min": 0.111111111939,
        "skew": 0,
        "var": 0
    },
    "beats_loudness_band_ratio": {
        "kurt": [13.1866436005, 3.50994777679, -0.785828351974, -1.14246022701, 1.58472681046, 8.51518726349],
        "max": [0.0890228450298, 0.454201728106, 0.975158989429, 0.503915965557, 0.0681495219469, 0.0251562129706],
        "mean": [0.0070058866404, 0.0806188136339, 0.818668842316, 0.183973431587, 0.0139913968742, 0.00327178905718],
        "median": [0.00119763682596, 0.0286861229688, 0.817803859711, 0.0965493395925, 0.00480936886743, 0.000662675360218],
        "min": [0.000113474045065, 0.000718517927453, 0.504779875278, 0.00499578285962, 0.000901199004147, 0.000202520968742],
        "skew": [3.84200501442, 2.06444478035, -0.613410770893, 0.596666634083, 1.72299993038, 2.97384572029],
        "var": [0.000383666629205, 0.0134449675679, 0.0200745761395, 0.0276581421494, 0.000374399125576, 3.25150285789e-05],
        "cov": [[0.000404981459724, 0.00133428396657, -0.00136715685949, -0.000450957770227, -4.71253260912e-05, 1.28145347844e-05], [0.00133428396657, 0.0141919106245, -0.0124951908365, -0.000652606016956, -0.000318170583341, 0.000105396320578], [-0.00136715685949, -0.0124951908365, 0.0211898311973, -0.0106218811125, -0.00105703319423, -0.000409293483244], [-0.000450957770227, -0.000652606016956, -0.0106218811125, 0.0291947051883, 0.00136850646231, 0.000563594629057], [-4.71253260912e-05, -0.000318170583341, -0.00105703319423, 0.00136850646231, 0.000395199080231, 6.32399751339e-05], [1.28145347844e-05, 0.000105396320578, -0.000409293483244, 0.000563594629057, 6.32399751339e-05, 3.43214196619e-05]]
    },
    "beats_position": [0.719818592072, 1.43963718414, 2.18267560005, 2.91410422325, 3.68036270142, 4.45823097229, 5.24770975113, 6.03718805313, 6.82666635513, 7.61614513397, 8.39401340485, 9.16027164459, 9.91492080688, 10.6927890778, 11.4706573486, 12.294965744, 13.1308841705, 13.9551925659, 14.7795009613],
    "bpm_estimates": [80.7495269775, 82.0312423706, 78.3025588989, 77.1338806152, 75.9995117188, 75.9995574951, 75.9995574951, 75.9995117188, 77.1338806152, 78.3025817871, 79.5071411133, 77.1338806152, 77.1338806152],
    "bpm_intervals": [0.719818592072, 0.743038415909, 0.731428623199, 0.766258478165, 0.777868270874, 0.789478778839, 0.789478302002, 0.789478302002, 0.789478778839, 0.777868270874, 0.766258239746, 0.754649162292, 0.777868270874, 0.777868270874, 0.824308395386, 0.835918426514, 0.824308395386, 0.824308395386],
    "onset_times": [0.0116099771112, 0.371519267559, 0.684988677502, 0.9287981987, 1.20743763447, 1.4164172411, 1.49768710136, 1.66022670269, 1.81115651131, 2.15945577621, 2.57741498947, 2.99537420273, 3.07664394379, 3.27401351929, 3.66875290871, 3.94739222527, 4.38857126236, 4.73687076569, 4.9806804657, 5.49151945114, 5.71210861206, 5.85142850876, 6.11845827103, 6.35065746307, 6.74539661407, 6.81505680084, 6.8963265419, 7.02403640747, 7.2330160141, 7.53487539291, 7.85995483398, 7.89478445053, 8.08054447174, 8.28952407837, 8.54494285583, 8.73070335388, 9.42730140686, 9.55501174927, 9.79882049561, 9.89170074463, 10.1587305069, 10.3561000824, 10.6347389221, 10.8901586533, 11.0643081665, 11.4822673798, 11.7028570175, 11.900226593, 12.1904764175, 12.4342861176, 12.689704895, 12.7245349884, 12.8986845016, 13.328253746, 13.8390932083, 13.9435825348, 14.3267116547, 14.5821313858, 14.7678909302, 15.1394100189],
    "histogram": [[0, 0, 0, 0, 0, 0, 0, 0, 0, 0, 0, 0, 0, 0, 0, 0, 0, 0, 0, 0, 0, 0, 0, 0, 0, 0, 0, 0, 0, 0, 0, 0, 0, 0, 0, 0, 0, 0, 0, 0, 0, 0, 0, 0, 0, 0, 0, 0, 0, 0, 0, 0, 0, 0, 0, 0, 0, 0, 0, 0, 0, 0, 0, 0, 0, 0, 0, 0, 0, 0, 0, 0, 0.0555555559695, 0.166666671634, 0, 0, 0.222222223878, 0.222222223878, 0.111111111939, 0, 0.0555555559695, 0.0555555559695, 0.0555555559695, 0.0555555559695, 0, 0, 0, 0, 0, 0, 0, 0, 0, 0, 0, 0, 0, 0, 0, 0, 0, 0, 0, 0, 0, 0, 0, 0, 0, 0, 0, 0, 0, 0, 0, 0, 0, 0, 0, 0, 0, 0, 0, 0, 0, 0, 0, 0, 0, 0, 0, 0, 0, 0, 0, 0, 0, 0, 0, 0, 0, 0, 0, 0, 0, 0, 0, 0, 0, 0, 0, 0, 0, 0, 0, 0, 0, 0, 0, 0, 0, 0, 0, 0, 0, 0, 0, 0, 0, 0, 0, 0, 0, 0, 0, 0, 0, 0, 0, 0, 0, 0, 0, 0, 0, 0, 0, 0, 0, 0, 0, 0, 0, 0, 0, 0, 0, 0, 0, 0, 0, 0, 0, 0, 0, 0, 0, 0, 0, 0, 0, 0, 0, 0, 0, 0, 0, 0, 0, 0, 0, 0, 0, 0, 0, 0, 0, 0, 0, 0, 0, 0, 0, 0, 0, 0, 0, 0, 0, 0, 0, 0, 0, 0, 0, 0, 0, 0, 0, 0]]
},
"sfx": {
    "inharmonicity": {
        "kurt": 2.99529075623,
        "max": 0.475486695766,
        "mean": 0.0626985058188,
        "median": 0.0128175551072,
        "min": 4.13635734731e-06,
        "skew": 1.94727480412,
        "var": 0.00991852022707
    },
    "oddtoevenharmonicenergyratio": {
        "kurt": 362.693206787,
        "max": 155.236236572,
        "mean": 1.50749158859,
        "median": 0.132144525647,
        "min": 5.09755409439e-05,
        "skew": 17.2610569,
        "var": 48.3934440613
    },
    "pitch_after_max_to_before_max_energy_ratio": 0.370404720306,
    "pitch_centroid": 337.035400391,
    "pitch_max_to_total": 0.761329293251,
    "pitch_min_to_total": 0.395770400763,
    "tristimulus": {
        "kurt": [-1.48073661327, -1.01912987232, 4.9543466568],
        "max": [0.979663133621, 0.942167580128, 0.896217107773],
        "mean": [0.491259068251, 0.373275697231, 0.13546526432],
        "median": [0.552371740341, 0.318588584661, 0.0855684131384],
        "min": [0, 0.0145615506917, 0.00516236806288],
        "skew": [-0.213474750519, 0.498502701521, 2.07083511353],
        "var": [0.111023187637, 0.0701660737395, 0.0207934435457],
        "cov": [[0.111191153526, -0.0803191736341, -0.0308718774468], [-0.0803191736341, 0.0702722221613, 0.0100469673052], [-0.0308718774468, 0.0100469673052, 0.0208249017596]]
    }
},
"tonal": {
    "chords_changes_rate": 0.165662646294,
    "chords_number_rate": 0.0361445769668,
    "chords_strength": {
        "kurt": 0.0885729789734,
        "max": 0.6678160429,
        "mean": 0.39339607954,
        "median": 0.397119998932,
        "min": 0.194032952189,
        "skew": 0.296617895365,
        "var": 0.00741922995076
    },
    "key_strength": 0.48290553689,
    "tuning_diatonic_strength": 0.26512208581,
    "tuning_equal_tempered_deviation": 0.265524655581,
    "tuning_frequency": 453.154663086,
    "tuning_nontempered_energy_ratio": 0.90061044693,
    "hpcp": {
