{
"metadata": {
    "version": {
        "essentia": "2.1-beta3"
    }
},
"lowLevel": {
    "average_loudness": 0.80524045229,
    "barkbands_kurtosis": {
        "kurt": 20.7218341827,
        "max": 66.6049499512,
        "mean": 2.90952324867,
        "median": -0.0496048927307,
        "min": -1.83200609684,
        "skew": 4.09469842911,
        "var": 73.7069244385
    },
    "barkbands_skewness": {
        "kurt": 4.34132242203,
        "max": 5.27624225616,
        "mean": 0.350641489029,
        "median": 0.658186852932,
        "min": -7.62764310837,
        "skew": -1.6351467371,
        "var": 3.15726900101
    },
    "barkbands_spread": {
        "kurt": -1.42693388462,
        "max": 60.0991134644,
        "mean": 26.8017482758,
        "median": 28.4360141754,
        "min": 1.47597563267,
        "skew": -0.0288426578045,
        "var": 287.142669678
    },
    "dissonance": {
        "kurt": 5.86099815369,
        "max": 0.499999910593,
        "mean": 0.477936923504,
        "median": 0.484646290541,
        "min": 0.366013377905,
        "skew": -2.25169944763,
        "var": 0.000520795234479
    },
    "hfc": {
        "kurt": 34.9758338928,
        "max": 3.19130015373,
        "mean": 0.0849980562925,
        "median": 0.00216080388054,
        "min": 0.000222358925384,
        "skew": 5.57697868347,
        "var": 0.114866435528
    },
    "pitch": {
        "kurt": -1.80243897438,
        "max": 5581.51269531,
        "mean": 2443.03588867,
        "median": 3489.86181641,
        "min": 91.7228240967,
        "skew": -0.146259590983,
        "var": 3070003.25
    },
    "pitch_instantaneous_confidence": {
        "kurt": -0.514384508133,
        "max": 0.984705030918,
        "mean": 0.509941875935,
        "median": 0.48268955946,
        "min": 0.124806582928,
        "skew": 0.508562862873,
        "var": 0.0421653315425
    },
    "pitch_salience": {
        "kurt": 4.38721847534,
        "max": 0.913527131081,
        "mean": 0.697548866272,
        "median": 0.726354956627,
        "min": 0.179421424866,
        "skew": -1.85524404049,
        "var": 0.0116246826947
    },
    "silence_rate_20dB": {
        "kurt": 0,
        "max": 1,
        "mean": 1,
        "median": 1,
        "min": 1,
        "skew": 0,
        "var": 0
    },
    "silence_rate_30dB": {
        "kurt": 0,
        "max": 1,
        "mean": 1,
        "median": 1,
        "min": 1,
        "skew": 0,
        "var": 0
    },
    "silence_rate_60dB": {
        "kurt": 0,
        "max": 1,
        "mean": 1,
        "median": 1,
        "min": 1,
        "skew": 0,
        "var": 0
    },
    "spectral_centroid": {
        "kurt": 0.60297036171,
        "max": 4789.50927734,
        "mean": 1653.37304688,
        "median": 1340.3828125,
        "min": 519.863586426,
        "skew": 1.19475579262,
        "var": 847870.875
    },
    "spectral_complexity": {
        "kurt": 21.5085678101,
        "max": 9,
        "mean": 0.320541769266,
        "median": 0,
        "min": 0,
        "skew": 4.66884469986,
        "var": 1.79340684414
    },
    "spectral_crest": {
        "kurt": 0.374227523804,
        "max": 25.8283348083,
        "mean": 10.0542926788,
        "median": 8.6687297821,
        "min": 2.88860583305,
        "skew": 1.06793737411,
        "var": 26.8187122345
    },
    "spectral_decrease": {
        "kurt": 32.3924560547,
        "max": -3.41203505879e-14,
        "mean": -2.19565702425e-11,
        "median": -2.59699217426e-13,
        "min": -7.85301546014e-10,
        "skew": -5.40242576599,
        "var": 7.96260375074e-21
    },
    "spectral_energy": {
        "kurt": 32.5688247681,
        "max": 0.00325336540118,
        "mean": 9.05787019292e-05,
        "median": 1.15190550787e-06,
        "min": 1.52222781935e-07,
        "skew": 5.41418266296,
        "var": 1.34965461029e-07
    },
    "spectral_energyband_high": {
        "kurt": 65.3248748779,
        "max": 2.37722124439e-05,
        "mean": 5.67645770388e-07,
        "median": 7.48149417973e-08,
        "min": 4.43576730902e-09,
        "skew": 7.22775840759,
        "var": 3.65391180854e-12
    },
    "spectral_energyband_low": {
        "kurt": 17.1481666565,
        "max": 8.70906376349e-07,
        "mean": 8.71088090548e-08,
        "median": 5.9150895737e-08,
        "min": 3.98677846292e-09,
        "skew": 3.75694060326,
        "var": 1.06442115796e-14
    },
    "spectral_energyband_middle_high": {
        "kurt": 45.0394554138,
        "max": 0.00195403839462,
        "mean": 4.02391997341e-05,
        "median": 3.51714618319e-07,
        "min": 4.09427265424e-08,
        "skew": 6.22841835022,
        "var": 3.30380309777e-08
    },
    "spectral_energyband_middle_low": {
        "kurt": 33.1843795776,
        "max": 0.00174307648558,
        "mean": 5.08431403432e-05,
        "median": 3.99550771135e-07,
        "min": 6.57570140561e-08,
        "skew": 5.51512622833,
        "var": 4.26600479386e-08
    },
    "spectral_flatness_db": {
        "kurt": -0.248274564743,
        "max": 0.355788856745,
        "mean": 0.175469517708,
        "median": 0.151114404202,
        "min": 0.0882384479046,
        "skew": 0.930172562599,
        "var": 0.00382579979487
    },
    "spectral_flux": {
        "kurt": 11.8950462341,
        "max": 0.0411926843226,
        "mean": 0.00312933698297,
        "median": 0.000823479727842,
        "min": 0.000292299955618,
        "skew": 3.42836761475,
        "var": 4.119123696e-05
    },
    "spectral_kurtosis": {
        "kurt": 1.79662179947,
        "max": 27.3139839172,
        "mean": 6.04914426804,
        "median": 3.98281097412,
        "min": -0.0116403102875,
        "skew": 1.51924240589,
        "var": 26.9934101105
    },
    "spectral_rms": {
        "kurt": 14.5305461884,
        "max": 0.00178157654591,
        "mean": 0.000126179380459,
        "median": 3.35232798534e-05,
        "min": 1.21864695757e-05,
        "skew": 3.76783394814,
        "var": 7.2448216315e-08
    },
    "spectral_rolloff": {
        "kurt": -1.29565262794,
        "max": 6007.76367188,
        "mean": 2925.74487305,
        "median": 3466.84570312,
        "min": 452.197265625,
        "skew": -0.213526636362,
        "var": 2030507
    },
    "spectral_skewness": {
        "kurt": -0.0291016101837,
        "max": 4.22895669937,
        "mean": 1.62799346447,
        "median": 1.34225440025,
        "min": -0.0647247359157,
        "skew": 0.909823000431,
        "var": 0.819340527058
    },
    "spectral_spread": {
        "kurt": -0.624574184418,
        "max": 8440736,
        "mean": 4325130,
        "median": 4463557,
        "min": 1871975.125,
        "skew": -0.00288889906369,
        "var": 1.40590697677e+12
    },
    "spectral_strongpeak": {
        "kurt": 15.7858028412,
        "max": 0.685049772263,
        "mean": 0.0468807332218,
        "median": 0.0103961797431,
        "min": 0.000248911732342,
        "skew": 3.69509243965,
        "var": 0.00902166683227
    },
    "zerocrossingrate": {
        "kurt": -0.470302820206,
        "max": 0.21630859375,
        "mean": 0.095186188817,
        "median": 0.09228515625,
        "min": 0.0205078125,
        "skew": 0.502072751522,
        "var": 0.00177866616286
    },
    "barkbands": {
        "kurt": [22.3119239807, 84.5163116455, 17.6999950409, 39.3026771545, 25.5523815155, 30.3906478882, 47.9495429993, 53.3736915588, 39.862247467, 69.4500961304, 37.0595397949, 60.4705352783, 139.712280273, 30.8329277039, 34.4220504761, 40.4217262268, 37.230091095, 44.5987091064, 63.1393737793, 32.7674293518, 88.8674926758, 130.456039429, 22.390001297, 50.5113945007, 45.8042564392, 54.1494979858, 161.560897827],
        "max": [2.36407982079e-09, 3.07882885409e-07, 3.48220112301e-07, 1.68274993939e-06, 2.68638518719e-06, 1.28594069793e-06, 8.65158472152e-06, 0.00027388491435, 0.00166010530666, 0.000486425065901, 0.00049508624943, 0.000804697454441, 0.000117157498607, 2.62290250248e-05, 0.000114420327009, 4.19884381699e-05, 8.56092719914e-06, 1.24664920804e-05, 1.68167716765e-05, 1.77730307769e-05, 1.27671573864e-05, 2.17461729335e-06, 1.35921368383e-07, 8.76389719906e-07, 4.35240139041e-07, 4.96563012931e-09, 3.91182863879e-10],
        "mean": [1.93830562711e-10, 1.50233780971e-08, 3.52404150306e-08, 8.21508336912e-08, 1.91564680563e-07, 8.635954174e-08, 2.48820100524e-07, 5.82622169532e-06, 4.19220195909e-05, 8.39353742776e-06, 1.12602083391e-05, 1.46157826748e-05, 1.36801088502e-06, 7.82536574206e-07, 2.8751840091e-06, 9.41133862398e-07, 2.29544838248e-07, 3.18193855264e-07, 4.41275034291e-07, 6.22308732545e-07, 2.47417290211e-07, 4.18077732434e-08, 5.60826496354e-09, 1.96373139971e-08, 8.89162343753e-09, 1.02509840894e-10, 3.73057444311e-12],
        "median": [1.18524384751e-10, 9.52178602631e-09, 2.28728502805e-08, 3.71960169332e-08, 9.81083942975e-08, 4.5510056168e-08, 3.11296410871e-08, 3.02747125147e-08, 4.78107722302e-08, 2.43651054888e-08, 1.38875995148e-08, 1.89578326371e-08, 7.27098381503e-09, 5.33520072565e-09, 6.57123777614e-09, 4.96778129744e-09, 6.143002107e-09, 1.49225645174e-08, 6.25207334792e-08, 6.05251457841e-08, 2.98641964491e-08, 1.00343635623e-08, 9.90198034678e-10, 2.42447895094e-10, 1.00527211555e-10, 6.0939296144e-12, 2.31430543132e-13],
        "min": [2.19872514293e-12, 8.25070067823e-10, 7.37624628044e-10, 1.40941525117e-09, 5.20244647362e-09, 3.96201649266e-09, 2.76298517399e-09, 1.93275595528e-09, 2.34403096933e-09, 8.20557954917e-10, 8.47832859474e-10, 8.86406670286e-10, 5.53184331675e-10, 5.71395708526e-10, 4.93815432989e-10, 6.37924657543e-10, 1.02965325155e-09, 1.26794752475e-09, 2.51799781026e-09, 3.59692742258e-09, 1.77634185139e-09, 4.01810779094e-10, 1.32866398439e-10, 6.01784455601e-11, 3.95109986395e-11, 2.53406280334e-12, 1.43190336975e-13],
        "skew": [3.74971747398, 7.79583501816, 3.66474294662, 5.77013063431, 4.45961952209, 4.88906908035, 6.14537572861, 6.57285118103, 6.04483890533, 7.14791822433, 5.85835409164, 7.47010755539, 10.6276483536, 5.36934089661, 5.64283514023, 5.97767591476, 5.72069883347, 5.89558935165, 7.23638105392, 5.2234916687, 8.69912052155, 10.1276884079, 4.37049150467, 6.7249174118, 6.17846775055, 6.61107397079, 12.1270017624],
        "var": [5.73946441227e-20, 5.21206265742e-16, 1.82971292706e-15, 2.84250941741e-14, 9.03822779423e-14, 1.83665559026e-14, 5.70299829496e-13, 5.55431700633e-10, 3.45314319361e-08, 1.37621225527e-09, 2.86527224169e-09, 6.51764597848e-09, 5.67162983245e-11, 1.0295859651e-11, 1.5537807152e-10, 1.71440812935e-11, 8.45114072039e-13, 1.22496750157e-12, 2.06629830433e-12, 3.49144259511e-12, 9.74149797286e-13, 2.02776367204e-14, 2.26421753559e-16, 8.32150493668e-15, 1.53802654376e-15, 1.80270960562e-19, 6.60973905467e-22],
        "cov": [[5.75244920918e-20, 2.32173240447e-18, 2.74909857667e-19, -1.01214946786e-18, -4.24936660021e-18, -1.75341217435e-18, -1.19814547468e-17, -1.78947542099e-16, 6.45080546173e-16, 2.77621136512e-16, 1.67317078284e-16, 1.00473625453e-16, 3.13654679094e-17, -1.3337076385e-17, -4.42452912595e-18, 3.0654231549e-17, -5.46220611129e-18, -2.44417147195e-18, -9.85849777267e-19, -1.86124124698e-17, -4.04497688829e-18, -9.95257509169e-19, -5.17645871096e-21, 2.1752637402e-19, 2.59965780076e-19, 1.5651104363e-21, -2.2652943621e-26], [2.32173240447e-18, 5.22385494423e-16, 2.98660190842e-16, 1.51585426522e-16, -1.41492936311e-16, -4.63940428271e-19, -4.24071756664e-16, -2.22770884855e-14, -1.99851772501e-13, -3.94019398272e-14, -5.7263452335e-14, -1.06985451856e-13, -6.69662638737e-15, -4.24830560542e-15, -1.44317202503e-14, -4.62016153959e-15, -9.91519615639e-16, -1.21810251722e-15, -1.04627362529e-15, -2.02622838247e-15, -1.08606469206e-15, -9.67078493181e-17, -2.11306910528e-17, -1.2526158805e-16, -5.25914319708e-17, -5.7355742077e-19, -1.47505997225e-20], [2.74909857667e-19, 2.98660190842e-16, 1.83385258883e-15, 2.34520574381e-15, 2.54396880115e-15, 1.96662161518e-15, 8.17209764214e-15, 1.2457821775e-13, 1.04895248303e-12, 1.74148022392e-13, 2.47633321184e-13, 2.12317224349e-13, 1.99157537521e-14, 1.1726999207e-14, 5.68379504161e-14, 1.46078929389e-14, 3.76901751793e-15, 5.22582863688e-15, -2.11198930371e-16, 1.67541052324e-15, -1.52117336743e-16, 1.95314167477e-17, 6.19856129997e-17, 2.78816167652e-16, 1.59614570943e-16, 1.66791892214e-18, 7.67247952129e-20], [-1.01214946786e-18, 1.51585426522e-16, 2.34520574381e-15, 2.84894043035e-14, 2.62719143993e-14, 1.15750220146e-14, 4.70211502655e-14, 1.53988193724e-12, 1.02605484872e-11, 1.6849266123e-12, 2.80745283791e-12, 2.43208990273e-12, 1.28172144664e-13, 1.3834452247e-13, 5.98496024875e-13, 1.4648685368e-13, 2.88682516477e-14, 3.93768879807e-14, 6.1897995647e-15, 3.31768439761e-14, 6.2075927623e-15, -5.90981081228e-16, 6.90158580835e-16, 3.77131932996e-15, 1.79295148539e-15, 2.19914320371e-17, 2.770459999e-19], [-4.24936660021e-18, -1.41492936311e-16, 2.54396880115e-15, 2.62719143993e-14, 9.05867652483e-14, 1.71435826283e-14, 1.13623167949e-13, 3.2095717143e-12, 2.8619214637e-11, 5.62311221891e-12, 8.2485346678e-12, 1.07179534345e-11, 8.32960761997e-13, 4.86442212465e-13, 1.90165808447e-12, 6.51500121213e-13, 1.38536128099e-13, 1.55348241324e-13, 1.40387833601e-14, 9.22660859932e-14, 2.08945037108e-14, -2.00953127196e-16, 2.55744827171e-15, 1.27623690831e-14, 5.7617849226e-15, 6.60385994779e-17, 1.52254265327e-18], [-1.75341217435e-18, -4.63940428271e-19, 1.96662161518e-15, 1.15750220146e-14, 1.71435826283e-14, 1.84081079508e-14, 4.72885382382e-14, 1.46916311582e-12, 6.99230473869e-12, 1.44128470009e-12, 1.9905223303e-12, 1.66495365671e-12, 1.94709103441e-13, 1.30050917951e-13, 4.98809164546e-13, 1.14838124904e-13, 3.18828486832e-14, 4.39327326146e-14, 5.75303041358e-15, 2.03014485106e-14, 6.47173829284e-15, 2.69951623751e-16, 7.24815516207e-16, 2.57759622091e-15, 1.29246428081e-15, 1.65917558171e-17, 7.99756318223e-19], [-1.19814547468e-17, -4.24071756664e-16, 8.17209764214e-15, 4.70211502655e-14, 1.13623167949e-13, 4.72885382382e-14, 5.71590084292e-13, 7.67058291884e-12, 7.53232753947e-11, 1.24200077306e-11, 2.04526100916e-11, 2.113289925e-11, 1.70262610434e-12, 1.11732975303e-12, 4.43884165535e-12, 1.12029775647e-12, 3.18773246731e-13, 3.64885910115e-13, 3.32288213058e-14, 2.27924938038e-13, 6.56512198121e-14, 1.00582261399e-15, 6.36544116367e-15, 2.88284953093e-14, 1.23389974521e-14, 1.51600620176e-16, 5.21474345052e-18], [-1.78947542099e-16, -2.22770884855e-14, 1.2457821775e-13, 1.53988193724e-12, 3.2095717143e-12, 1.46916311582e-12, 7.67058291884e-12, 5.56688306563e-10, 2.05259853558e-09, 3.97597788027e-10, 6.18522011386e-10, 6.75153322138e-10, 5.10713520085e-11, 4.1660994099e-11, 1.36998953848e-10, 4.04016542443e-11, 1.02206810723e-11, 1.21077575049e-11, 1.55310605956e-12, 7.05869997869e-12, 1.65149512989e-12, 7.90894585066e-14, 2.07182741015e-13, 8.20890664471e-13, 4.11434449878e-13, 4.94702604822e-15, 3.56159884266e-16], [6.45080546173e-16, -1.99851772501e-13, 1.04895248303e-12, 1.02605484872e-11, 2.8619214637e-11, 6.99230473869e-12, 7.53232753947e-11, 2.05259853558e-09, 3.46095561099e-08, 5.25998267165e-09, 7.78213138375e-09, 1.06815090106e-08, 8.42235781118e-10, 4.32271191064e-10, 2.01301020297e-09, 5.83759263151e-10, 1.17595391758e-10, 1.32458100044e-10, 2.34686783895e-11, 1.12669075458e-10, 2.64383445692e-11, 1.14153185602e-12, 2.32782391453e-12, 1.41436471909e-11, 6.11167626924e-12, 6.64560772948e-14, 1.71472926326e-15], [2.77621136512e-16, -3.94019398272e-14, 1.74148022392e-13, 1.6849266123e-12, 5.62311221891e-12, 1.44128470009e-12, 1.24200077306e-11, 3.97597788027e-10, 5.25998267165e-09, 1.37932587574e-09, 1.76119518969e-09, 2.57498355971e-09, 2.43206232931e-10, 1.03157801745e-10, 3.97476607183e-10, 1.37086772489e-10, 2.67605885368e-11, 3.08106005986e-11, 5.78952380828e-12, 2.71842253569e-11, 6.03602324373e-12, 2.75345664238e-13, 4.42288106096e-13, 3.05437619641e-12, 1.37122409781e-12, 1.33804286959e-14, 3.29533377099e-16], [1.67317078284e-16, -5.7263452335e-14, 2.47633321184e-13, 2.80745283791e-12, 8.2485346678e-12, 1.9905223303e-12, 2.04526100916e-11, 6.18522011386e-10, 7.78213138375e-09, 1.76119518969e-09, 2.87175483393e-09, 3.24319837652e-09, 2.75028361196e-10, 1.50088830253e-10, 5.64133573189e-10, 1.72463113235e-10, 3.79261552719e-11, 4.45646297642e-11, 7.2603134442e-12, 3.64236973915e-11, 9.13335639757e-12, 3.93852458242e-13, 6.01204307692e-13, 4.09781800506e-12, 1.85130079669e-12, 1.98282332258e-14, 6.37261532098e-16], [1.00473625453e-16, -1.06985451856e-13, 2.12317224349e-13, 2.43208990273e-12, 1.07179534345e-11, 1.66495365671e-12, 2.113289925e-11, 6.75153322138e-10, 1.06815090106e-08, 2.57498355971e-09, 3.24319837652e-09, 6.5323915166e-09, 4.70758487747e-10, 2.15348738841e-10, 8.93941365376e-10, 2.77918243974e-10, 5.77687897518e-11, 6.29014340614e-11, 1.08981929384e-11, 5.31249697011e-11, 1.26994335187e-11, 5.37998194172e-13, 8.32232557608e-13, 6.43572781872e-12, 2.89081822716e-12, 2.57395084522e-14, 3.66554699064e-16], [3.13654679094e-17, -6.69662638737e-15, 1.99157537521e-14, 1.28172144664e-13, 8.32960761997e-13, 1.94709103441e-13, 1.70262610434e-12, 5.10713520085e-11, 8.42235781118e-10, 2.43206232931e-10, 2.75028361196e-10, 4.70758487747e-10, 5.684461582e-11, 1.7174459771e-11, 7.01975838568e-11, 2.60100309346e-11, 5.09444830071e-12, 4.90781937659e-12, 1.01072806808e-12, 4.63658668751e-12, 9.70017469126e-13, 4.57617071407e-14, 7.06685754294e-14, 5.10959276192e-13, 2.39752797693e-13, 2.01068723371e-15, 5.24951746173e-17], [-1.3337076385e-17, -4.24830560542e-15, 1.1726999207e-14, 1.3834452247e-13, 4.86442212465e-13, 1.30050917951e-13, 1.11732975303e-12, 4.1660994099e-11, 4.32271191064e-10, 1.03157801745e-10, 1.50088830253e-10, 2.15348738841e-10, 1.7174459771e-11, 1.03191535178e-11, 3.47091175246e-11, 1.09487349742e-11, 2.55379051239e-12, 2.85200422306e-12, 4.76411336596e-13, 2.16996884871e-12, 5.31324550329e-13, 2.3720724007e-14, 3.7988851702e-14, 2.49732363695e-13, 1.0820507088e-13, 1.12796338855e-15, 3.46941651171e-17], [-4.42452912595e-18, -1.44317202503e-14, 5.68379504161e-14, 5.98496024875e-13, 1.90165808447e-12, 4.98809164546e-13, 4.43884165535e-12, 1.36998953848e-10, 2.01301020297e-09, 3.97476607183e-10, 5.64133573189e-10, 8.93941365376e-10, 7.01975838568e-11, 3.47091175246e-11, 1.55729609763e-10, 4.39615670256e-11, 9.38129695455e-12, 1.11608769102e-11, 1.78977373286e-12, 8.32555552277e-12, 2.1175264233e-12, 8.82481682673e-14, 1.51572561468e-13, 1.01357670087e-12, 4.57600645744e-13, 4.28678419463e-15, 1.05277566196e-16], [3.0654231549e-17, -4.62016153959e-15, 1.46078929389e-14, 1.4648685368e-13, 6.51500121213e-13, 1.14838124904e-13, 1.12029775647e-12, 4.04016542443e-11, 5.83759263151e-10, 1.37086772489e-10, 1.72463113235e-10, 2.77918243974e-10, 2.60100309346e-11, 1.09487349742e-11, 4.39615670256e-11, 1.71828679757e-11, 3.1045849485e-12, 3.61797549385e-12, 6.95202196591e-13, 2.88462396331e-12, 6.61460686571e-13, 2.99022315426e-14, 4.8773803735e-14, 3.38974101609e-13, 1.49458299469e-13, 1.43623150058e-15, 3.57823013605e-17], [-5.46220611129e-18, -9.91519615639e-16, 3.76901751793e-15, 2.88682516477e-14, 1.38536128099e-13, 3.18828486832e-14, 3.18773246731e-13, 1.02206810723e-11, 1.17595391758e-10, 2.67605885368e-11, 3.79261552719e-11, 5.77687897518e-11, 5.09444830071e-12, 2.55379051239e-12, 9.38129695455e-12, 3.1045849485e-12, 8.47026062571e-13, 8.01213967134e-13, 1.32070136077e-13, 5.53590756135e-13, 1.37054972406e-13, 5.27758827918e-15, 1.00856755131e-14, 6.1606664594e-14, 2.82153129121e-14, 2.78434182262e-16, 1.26474765878e-17], [-2.44417147195e-18, -1.21810251722e-15, 5.22582863688e-15, 3.93768879807e-14, 1.55348241324e-13, 4.39327326146e-14, 3.64885910115e-13, 1.21077575049e-11, 1.32458100044e-10, 3.08106005986e-11, 4.45646297642e-11, 6.29014340614e-11, 4.90781937659e-12, 2.85200422306e-12, 1.11608769102e-11, 3.61797549385e-12, 8.01213967134e-13, 1.22773883074e-12, 3.45175250145e-13, 7.50065753865e-13, 1.97710242817e-13, 8.98897028725e-15, 1.24705840205e-14, 7.74978497174e-14, 3.40588390553e-14, 3.27494568795e-16, 1.29259047548e-17], [-9.85849777267e-19, -1.04627362529e-15, -2.11198930371e-16, 6.1897995647e-15, 1.40387833601e-14, 5.75303041358e-15, 3.32288213058e-14, 1.55310605956e-12, 2.34686783895e-11, 5.78952380828e-12, 7.2603134442e-12, 1.08981929384e-11, 1.01072806808e-12, 4.76411336596e-13, 1.78977373286e-12, 6.95202196591e-13, 1.32070136077e-13, 3.45175250145e-13, 2.07097316726e-12, 1.00283496784e-12, 7.00160347994e-14, 3.17510660267e-15, 2.52415161831e-15, 1.38388497032e-14, 6.42698911872e-15, 5.94331453876e-17, 1.10641104135e-18], [-1.86124124698e-17, -2.02622838247e-15, 1.67541052324e-15, 3.31768439761e-14, 9.22660859932e-14, 2.03014485106e-14, 2.27924938038e-13, 7.05869997869e-12, 1.12669075458e-10, 2.71842253569e-11, 3.64236973915e-11, 5.31249697011e-11, 4.63658668751e-12, 2.16996884871e-12, 8.32555552277e-12, 2.88462396331e-12, 5.53590756135e-13, 7.50065753865e-13, 1.00283496784e-12, 3.4993418753e-12, 9.28498272192e-13, 5.84404486609e-14, 9.70515358481e-15, 6.92941255591e-14, 3.00044887482e-14, 3.17780159681e-16, 7.55283314481e-18], [-4.04497688829e-18, -1.08606469206e-15, -1.52117336743e-16, 6.2075927623e-15, 2.08945037108e-14, 6.47173829284e-15, 6.56512198121e-14, 1.65149512989e-12, 2.64383445692e-11, 6.03602324373e-12, 9.13335639757e-12, 1.26994335187e-11, 9.70017469126e-13, 5.31324550329e-13, 2.1175264233e-12, 6.61460686571e-13, 1.37054972406e-13, 1.97710242817e-13, 7.00160347994e-14, 9.28498272192e-13, 9.76353763463e-13, 9.72285335468e-14, 2.61435406269e-15, 1.77318232932e-14, 8.83868038438e-15, 8.91017184448e-17, 1.90828912955e-18], [-9.95257509169e-19, -9.67078493181e-17, 1.95314167477e-17, -5.90981081228e-16, -2.00953127196e-16, 2.69951623751e-16, 1.00582261399e-15, 7.90894585066e-14, 1.14153185602e-12, 2.75345664238e-13, 3.93852458242e-13, 5.37998194172e-13, 4.57617071407e-14, 2.3720724007e-14, 8.82481682673e-14, 2.99022315426e-14, 5.27758827918e-15, 8.98897028725e-15, 3.17510660267e-15, 5.84404486609e-14, 9.72285335468e-14, 2.03235137188e-14, 1.78313511468e-16, 9.31652703355e-16, 5.56060242153e-16, 5.29978837084e-18, 9.41040796025e-20], [-5.17645871096e-21, -2.11306910528e-17, 6.19856129997e-17, 6.90158580835e-16, 2.55744827171e-15, 7.24815516207e-16, 6.36544116367e-15, 2.07182741015e-13, 2.32782391453e-12, 4.42288106096e-13, 6.01204307692e-13, 8.32232557608e-13, 7.06685754294e-14, 3.7988851702e-14, 1.51572561468e-13, 4.8773803735e-14, 1.00856755131e-14, 1.24705840205e-14, 2.52415161831e-15, 9.70515358481e-15, 2.61435406269e-15, 1.78313511468e-16, 2.26934023204e-16, 1.11485333023e-15, 4.70201223911e-16, 5.33667111358e-18, 1.43001510883e-19], [2.1752637402e-19, -1.2526158805e-16, 2.78816167652e-16, 3.77131932996e-15, 1.27623690831e-14, 2.57759622091e-15, 2.88284953093e-14, 8.20890664471e-13, 1.41436471909e-11, 3.05437619641e-12, 4.09781800506e-12, 6.43572781872e-12, 5.10959276192e-13, 2.49732363695e-13, 1.01357670087e-12, 3.38974101609e-13, 6.1606664594e-14, 7.74978497174e-14, 1.38388497032e-14, 6.92941255591e-14, 1.77318232932e-14, 9.31652703355e-16, 1.11485333023e-15, 8.340331938e-15, 3.40050545807e-15, 3.59812349891e-17, 7.01924633201e-19], [2.59965780076e-19, -5.25914319708e-17, 1.59614570943e-16, 1.79295148539e-15, 5.7617849226e-15, 1.29246428081e-15, 1.23389974521e-14, 4.11434449878e-13, 6.11167626924e-12, 1.37122409781e-12, 1.85130079669e-12, 2.89081822716e-12, 2.39752797693e-13, 1.0820507088e-13, 4.57600645744e-13, 1.49458299469e-13, 2.82153129121e-14, 3.40588390553e-14, 6.42698911872e-15, 3.00044887482e-14, 8.83868038438e-15, 5.56060242153e-16, 4.70201223911e-16, 3.40050545807e-15, 1.54150626098e-15, 1.46984684351e-17, 3.30427325249e-19], [1.5651104363e-21, -5.7355742077e-19, 1.66791892214e-18, 2.19914320371e-17, 6.60385994779e-17, 1.65917558171e-17, 1.51600620176e-16, 4.94702604822e-15, 6.64560772948e-14, 1.33804286959e-14, 1.98282332258e-14, 2.57395084522e-14, 2.01068723371e-15, 1.12796338855e-15, 4.28678419463e-15, 1.43623150058e-15, 2.78434182262e-16, 3.27494568795e-16, 5.94331453876e-17, 3.17780159681e-16, 8.91017184448e-17, 5.29978837084e-18, 5.33667111358e-18, 3.59812349891e-17, 1.46984684351e-17, 1.80678812303e-19, 4.83138060827e-21], [-2.2652943621e-26, -1.47505997225e-20, 7.67247952129e-20, 2.770459999e-19, 1.52254265327e-18, 7.99756318223e-19, 5.21474345052e-18, 3.56159884266e-16, 1.71472926326e-15, 3.29533377099e-16, 6.37261532098e-16, 3.66554699064e-16, 5.24951746173e-17, 3.46941651171e-17, 1.05277566196e-16, 3.57823013605e-17, 1.26474765878e-17, 1.29259047548e-17, 1.10641104135e-18, 7.55283314481e-18, 1.90828912955e-18, 9.41040796025e-20, 1.43001510883e-19, 7.01924633201e-19, 3.30427325249e-19, 4.83138060827e-21, 6.62469333307e-22]]
    },
    "mfcc": {
        "kurt": [2.80608987808, 0.00634908676147, 3.38671016693, -0.0314617156982, -0.445675134659, -0.0650215148926, 1.2087225914, 3.18945503235, 0.318509101868, -0.410388231277, 1.03740215302, 0.346657752991, 0.704901218414],
        "max": [-837.424987793, 131.754943848, 40.0416908264, 69.6210632324, 15.0919952393, 16.7204971313, 42.2757034302, 20.7719516754, 34.6234474182, 33.5969696045, 16.4107933044, 11.9959030151, 13.5395889282],
        "mean": [-1067.0065918, 48.7833938599, 1.3389248848, 1.0712274313, -13.6151065826, -11.8120670319, 2.25950336456, -4.55276060104, -1.66837179661, 3.41260886192, -5.24013566971, -8.77344417572, -4.66353130341],
        "median": [-1093.82983398, 37.3332939148, 13.5076904297, 11.282245636, -10.0922393799, -9.81379699707, 0.939823150635, -3.99850463867, -3.47233581543, 1.72818756104, -5.10329055786, -8.74404907227, -4.84070587158],
        "min": [-1128.69995117, -14.4346504211, -122.444778442, -84.9536437988, -63.7228546143, -49.5617332458, -23.9662857056, -44.3687438965, -35.231590271, -15.0481262207, -32.3899269104, -28.0996055603, -25.8148078918],
        "skew": [1.84756207466, 0.900867819786, -1.94655299187, -0.646432578564, -0.620555281639, -0.609000504017, 0.715960144997, -0.935499191284, 0.388459473848, 0.462672919035, -0.0599006079137, -0.0666449368, 0.101398192346],
        "var": [3894.12304688, 1015.43884277, 1006.54394531, 954.565612793, 296.478057861, 136.009994507, 103.002098083, 67.1175994873, 131.697555542, 89.6620483398, 56.1209793091, 43.4472084045, 37.0810966492],
        "cov": [[3902.93334961, 1719.91162109, -1880.0300293, -1534.73681641, -846.683776855, -488.224822998, 91.6592178345, 82.1797943115, 460.05871582, 336.948974609, -86.6143798828, -32.0135803223, -125.188049316], [1719.91162109, 1017.73620605, -747.77722168, -900.180664062, -370.377990723, -212.328704834, -57.3960380554, 83.2129898071, 229.714859009, 159.946304321, -16.5886325836, -20.6226463318, -46.8517875671], [-1880.0300293, -747.77722168, 1008.82116699, 738.60345459, 379.380615234, 242.649459839, -63.4859771729, -49.6055717468, -206.135955811, -163.677459717, 34.9811286926, 16.4693374634, 60.1414299011], [-1534.73681641, -900.180664062, 738.60345459, 956.725280762, 342.859008789, 154.458114624, 80.0866470337, -86.5454177856, -249.236984253, -133.423416138, 17.4134292603, 2.31771183014, 48.5091247559], [-846.683776855, -370.377990723, 379.380615234, 342.859008789, 297.148834229, 116.655838013, -27.395942688, 9.73349571228, -129.778900146, -98.9782867432, 18.8589248657, 3.69100165367, 23.3348655701], [-488.224822998, -212.328704834, 242.649459839, 154.458114624, 116.655838013, 136.317718506, -18.5536308289, -24.5597362518, -18.9523181915, -64.5633926392, -7.1448302269, 24.564037323, 11.1925878525], [91.6592178345, -57.3960380554, -63.4859771729, 80.0866470337, -27.395942688, -18.5536308289, 103.235137939, 4.22653102875, -23.727022171, 19.0981426239, -22.6084594727, -19.0990085602, 11.1543169022], [82.1797943115, 83.2129898071, -49.6055717468, -86.5454177856, 9.73349571228, -24.5597362518, 4.22653102875, 67.2694473267, 11.2364768982, 8.9779176712, 19.6378479004, -14.8461675644, -5.04728794098], [460.05871582, 229.714859009, -206.135955811, -249.236984253, -129.778900146, -18.9523181915, -23.727022171, 11.2364768982, 131.995513916, 49.6579971313, -3.25262069702, 26.2408103943, -28.3539733887], [336.948974609, 159.946304321, -163.677459717, -133.423416138, -98.9782867432, -64.5633926392, 19.0981426239, 8.9779176712, 49.6579971313, 89.864906311, 18.2717723846, -8.10193729401, 6.02408599854], [-86.6143798828, -16.5886325836, 34.9811286926, 17.4134292603, 18.8589248657, -7.1448302269, -22.6084594727, 19.6378479004, -3.25262069702, 18.2717723846, 56.2479515076, 7.44103956223, 5.11318778992], [-32.0135803223, -20.6226463318, 16.4693374634, 2.31771183014, 3.69100165367, 24.564037323, -19.0990085602, -14.8461675644, 26.2408103943, -8.10193729401, 7.44103956223, 43.5455055237, 2.71700620651], [-125.188049316, -46.8517875671, 60.1414299011, 48.5091247559, 23.3348655701, 11.1925878525, 11.1543169022, -5.04728794098, -28.3539733887, 6.02408599854, 5.11318778992, 2.71700620651, 37.1649894714]]
    },
    "sccoeffs": {
        "kurt": [0.641663789749, 2.24139022827, 0.618223667145, 1.95904827118, 2.38011980057, 0.462379217148],
        "max": [-0.630061328411, -0.480748385191, -0.716922163963, -0.738945007324, -0.679358720779, -0.670161247253],
        "mean": [-0.802573561668, -0.832203567028, -0.86915576458, -0.880384981632, -0.851667940617, -0.809234678745],
        "median": [-0.811045229435, -0.865101695061, -0.87652939558, -0.889505088329, -0.86529058218, -0.812619566917],
        "min": [-0.904835939407, -0.938603997231, -0.933528184891, -0.93254506588, -0.916843891144, -0.894021451473],
        "skew": [0.814045906067, 1.66825115681, 0.894075930119, 1.41365289688, 1.51338851452, 0.70532554388],
        "var": [0.00211666198447, 0.00805461406708, 0.00158413301688, 0.00112495198846, 0.00187589216512, 0.00183924741577],
        "cov": [[0.00212145084515, 0.00196421449073, 0.000711648666766, 0.000720962765627, 0.000308945629513, -0.000566460308619], [0.00196421449073, 0.0080728372559, 0.00245889998041, 0.0022949136328, 0.000524145842064, -0.00138291111216], [0.000711648666766, 0.00245889998041, 0.00158771697897, 0.000784319301601, 9.5355862868e-05, -0.000400061690016], [0.000720962765627, 0.0022949136328, 0.000784319301601, 0.00112749717664, 0.00017416915216, -0.000377054908313], [0.000308945629513, 0.000524145842064, 9.5355862868e-05, 0.00017416915216, 0.0018801363185, 6.80631783325e-05], [-0.000566460308619, -0.00138291111216, -0.000400061690016, -0.000377054908313, 6.80631783325e-05, 0.00184340868145]]
    },
    "scvalleys": {
        "kurt": [0.488383769989, 0.11052441597, 1.56831598282, 1.09302997589, 1.00761890411, 2.80044221878],
        "max": [-9.5375585556, -7.8723320961, -5.12998580933, -7.17350387573, -9.04471683502, -10.6858625412],
        "mean": [-10.6537151337, -10.0051612854, -10.0870161057, -10.984957695, -11.1185035706, -13.6511135101],
        "median": [-10.637096405, -10.186712265, -10.5848751068, -11.5111751556, -11.3232069016, -13.9688100815],
        "min": [-12.104470253, -11.4582929611, -12.240524292, -12.4439487457, -12.2626562119, -14.5352153778],
        "skew": [-0.283491313457, 0.783379912376, 1.4559469223, 1.36232221127, 1.24310314655, 1.87262606621],
        "var": [0.147876605392, 0.489664584398, 2.05710196495, 1.46704161167, 0.426868140697, 0.69754421711],
        "cov": [[0.148211166263, 0.0563956238329, 0.063249386847, 0.0516583062708, 0.0328331552446, 0.0283213928342], [0.0563956238329, 0.490772426128, 0.835972011089, 0.686610341072, 0.288287371397, 0.378283619881], [0.063249386847, 0.835972011089, 2.06175589561, 1.66137731075, 0.708824276924, 0.960682630539], [0.0516583062708, 0.686610341072, 1.66137731075, 1.47036063671, 0.616190373898, 0.790136396885], [0.0328331552446, 0.288287371397, 0.708824276924, 0.616190373898, 0.427833914757, 0.468709528446], [0.0283213928342, 0.378283619881, 0.960682630539, 0.790136396885, 0.468709528446, 0.699122369289]]
    }
},
"rhythm": {
    "beats_loudness": {
        "kurt": 3.67535924911,
        "max": 0.00321369851008,
        "mean": 0.000439620722318,
        "median": 2.61728246187e-06,
        "min": 3.08067910737e-07,
        "skew": 2.07447147369,
        "var": 6.91339778314e-07
    },
    "bpm": 120.220802307,
    "confidence": 1.86754572392,
    "first_peak_bpm": {
        "kurt": 0,
        "max": 120,
        "mean": 120,
        "median": 120,
        "min": 120,
        "skew": 0,
        "var": 0
    },
    "first_peak_spread": {
        "kurt": 0,
        "max": 0.545454502106,
        "mean": 0.545454502106,
        "median": 0.545454502106,
        "min": 0.545454502106,
        "skew": 0,
        "var": 0
    },
    "first_peak_weight": {
        "kurt": 0,
        "max": 0.263157904148,
        "mean": 0.263157904148,
        "median": 0.263157904148,
        "min": 0.263157904148,
        "skew": 0,
        "var": 0
    },
    "onset_rate": 2.92343378067,
    "second_peak_bpm": {
        "kurt": 0,
        "max": 126,
        "mean": 126,
        "median": 126,
        "min": 126,
        "skew": 0,
        "var": 0
    },
    "second_peak_spread": {
        "kurt": 0,
        "max": 0.250000059605,
        "mean": 0.250000059605,
        "median": 0.250000059605,
        "min": 0.250000059605,
        "skew": 0,
        "var": 0
    },
    "second_peak_weight": {
        "kurt": 0,
        "max": 0.157894730568,
        "mean": 0.157894730568,
        "median": 0.157894730568,
        "min": 0.157894730568,
        "skew": 0,
        "var": 0
    },
    "beats_loudness_band_ratio": {
        "kurt": [-0.701255321503, -0.224963188171, -0.4576587677, -0.701976776123, -0.0551223754883, -0.57316327095],
        "max": [0.247663199902, 0.517163455486, 0.749411582947, 0.604509174824, 0.123819887638, 0.971060633659],
        "mean": [0.074236869812, 0.130787402391, 0.268133699894, 0.199902042747, 0.0538705177605, 0.291544795036],
        "median": [0.0298628099263, 0.0419132262468, 0.189624726772, 0.0992953702807, 0.0461705997586, 0.192499235272],
        "min": [0.000281180895399, 0.000440428615548, 0.00663314387202, 0.00284201698378, 0.00309418607503, 0.00293653504923],
        "skew": [0.86069047451, 1.08317446709, 0.8226146698, 0.88592416048, 0.644476115704, 0.927994549274],
        "var": [0.00715900491923, 0.0269945114851, 0.0486271865666, 0.0431243777275, 0.000903296866454, 0.106926359236],
        "cov": [[0.00753579474986, 0.0128836221993, -0.00948971509933, -0.00962692778558, -0.000655049050692, 0.000197923887754], [0.0128836221993, 0.0284152757376, -0.015529490076, -0.0172359123826, -0.000566923583392, -0.00669043464586], [-0.00948971509933, -0.015529490076, 0.0511865131557, 0.0240440517664, 0.00247609033249, -0.05317446962], [-0.00962692778558, -0.0172359123826, 0.0240440517664, 0.0453940816224, 0.00400958117098, -0.0472845844924], [-0.000655049050692, -0.000566923583392, 0.00247609033249, 0.00400958117098, 0.000950838788413, -0.00629760883749], [0.000197923887754, -0.00669043464586, -0.05317446962, -0.0472845844924, -0.00629760883749, 0.112554058433]]
    },
    "beats_position": [0.487619042397, 0.96362811327, 1.46285712719, 1.95047616959, 2.4497051239, 2.94893407822, 3.48299312592, 3.99383211136, 4.45823097229, 4.8994102478, 5.3754196167, 5.85142850876, 6.37387752533, 6.87310647964, 7.38394546509, 7.89478445053, 8.38240337372, 8.87002277374, 9.36925125122, 9.89170074463],
    "bpm_estimates": [120.185325623, 123.046875, 120.185333252, 120.185333252, 117.453842163, 120.185333252, 117.453842163, 117.453842163, 123.046905518, 123.046783447, 120.185455322],
    "bpm_intervals": [0.476009070873, 0.49922901392, 0.487619042397, 0.499228954315, 0.499228954315, 0.534059047699, 0.510838985443, 0.464398860931, 0.441179275513, 0.476009368896, 0.476008892059, 0.522449016571, 0.499228954315, 0.510838985443, 0.510838985443, 0.487618923187, 0.487619400024, 0.499228477478, 0.522449493408],
    "onset_times": [0.0464399084449, 0.510838985443, 0.812698423862, 0.905578255653, 1.52090704441, 1.69505667686, 1.97369611263, 2.28716564178, 2.42648530006, 2.61224484444, 2.75156474113, 2.97215414047, 3.29723358154, 3.9125623703, 4.04027223587, 4.69043064117, 4.85297060013, 5.16644001007, 5.89786863327, 6.08362817764, 6.54802703857, 7.45360565186, 7.73224496841, 7.90639448166, 8.37079334259, 8.87002277374, 9.06739234924, 9.36925125122, 9.91492080688, 10.2051696777],
    "histogram": [[0, 0, 0, 0, 0, 0, 0, 0, 0, 0, 0, 0, 0, 0, 0, 0, 0, 0, 0, 0, 0, 0, 0, 0, 0, 0, 0, 0, 0, 0, 0, 0, 0, 0, 0, 0, 0, 0, 0, 0, 0, 0, 0, 0, 0, 0, 0, 0, 0, 0, 0, 0, 0, 0, 0, 0, 0, 0, 0, 0, 0, 0, 0, 0, 0, 0, 0, 0, 0, 0, 0, 0, 0, 0, 0, 0, 0, 0, 0, 0, 0, 0, 0, 0, 0, 0, 0, 0, 0, 0, 0, 0, 0, 0, 0, 0, 0, 0, 0, 0, 0, 0, 0, 0, 0, 0, 0, 0, 0, 0, 0, 0, 0.0526315793395, 0, 0, 0.105263158679, 0, 0.157894730568, 0, 0, 0.263157904148, 0, 0, 0.157894730568, 0, 0, 0.157894730568, 0, 0, 0.0526315793395, 0, 0, 0, 0, 0, 0, 0.0526315793395, 0, 0, 0, 0, 0, 0, 0, 0, 0, 0, 0, 0, 0, 0, 0, 0, 0, 0, 0, 0, 0, 0, 0, 0, 0, 0, 0, 0, 0, 0, 0, 0, 0, 0, 0, 0, 0, 0, 0, 0, 0, 0, 0, 0, 0, 0, 0, 0, 0, 0, 0, 0, 0, 0, 0, 0, 0, 0, 0, 0, 0, 0, 0, 0, 0, 0, 0, 0, 0, 0, 0, 0, 0, 0, 0, 0, 0, 0, 0, 0, 0, 0, 0, 0, 0, 0, 0, 0, 0, 0, 0, 0, 0, 0, 0, 0, 0, 0, 0, 0, 0, 0, 0, 0, 0, 0, 0, 0, 0, 0, 0, 0, 0]]
},
"sfx": {
    "inharmonicity": {
        "kurt": 7.86458873749,
        "max": 0.393656224012,
        "mean": 0.0290550533682,
        "median": 0,
        "min": 0,
        "skew": 2.75423455238,
        "var": 0.00411000335589
    },
    "oddtoevenharmonicenergyratio": {
        "kurt": 101.520454407,
        "max": 19.9331874847,
        "mean": 0.374982088804,
        "median": 0,
        "min": 0,
        "skew": 8.78825855255,
        "var": 1.94929218292
    },
    "pitch_after_max_to_before_max_energy_ratio": 7.6422495842,
    "pitch_centroid": 228.058486938,
    "pitch_max_to_total": 0.14446952939,
    "pitch_min_to_total": 0.767494380474,
    "tristimulus": {
        "kurt": [-0.535602331161, 1.15120410919, 3.01697874069],
        "max": [1, 0.855012238026, 0.970275938511],
        "mean": [0.748054504395, 0.145575910807, 0.106369696558],
        "median": [1, 0, 0],
        "min": [0, 0, 0],
        "skew": [-0.975693821907, 1.36090004444, 1.92114055157],
        "var": [0.112281419337, 0.0407987087965, 0.032968763262],
        "cov": [[0.112535454333, -0.0601913072169, -0.0523441284895], [-0.0601913072169, 0.0408910140395, 0.0193005334586], [-0.0523441284895, 0.0193005334586, 0.0330433510244]]
    }
},
"tonal": {
    "chords_changes_rate": 0.130630627275,
    "chords_number_rate": 0.0540540553629,
    "chords_strength": {
        "kurt": -0.873975038528,
        "max": 0.617564618587,
        "mean": 0.46857252717,
        "median": 0.466118693352,
        "min": 0.306936234236,
        "skew": -0.0528987310827,
        "var": 0.00565826939419
    },
    "key_strength": 0.542554140091,
    "tuning_diatonic_strength": 0.472550868988,
    "tuning_equal_tempered_deviation": 0.296788930893,
    "tuning_frequency": 435.197479248,
    "tuning_nontempered_energy_ratio": 0.912746191025,
    "hpcp": {
        "kurt": [0.623752593994, 0.625040531158, 0.554037809372, 0.89191532135, 0.504160165787, 1.12397098541, 1.75106430054, 2.6190829277, 2.03019666672, 1.18444156647, 1.73701381683, 2.28397369385, 1.11283159256, 0.378767967224, 0.579375267029, 0.803294897079, 0.389951467514, 0.372293710709, 1.60250759125, 1.03727054596, 0.228842496872, 0.0120444297791, 0.129372358322, 1.31240081787, 3.90881252289, 5.38738441467, 5.17773151398, 3.34816598892, 2.51970911026, 2.91216421127, 2.41771030426, 5.38897037506, 4.88760519028, 3.57936096191, 0.787093400955, 0.258561849594],
        "max": [1, 1, 1, 1, 1, 1, 1, 1, 1, 1, 1, 1, 1, 1, 1, 1, 1, 1, 1, 1, 1, 1, 1, 1, 1, 1, 1, 1, 1, 1, 1, 1, 1, 1, 1, 1],
