{
"metadata": {
    "version": {
        "essentia": "2.1-beta3"
    }
},
"lowLevel": {
    "average_loudness": 0.0330797359347,
    "barkbands_kurtosis": {
        "kurt": 4.58808851242,
        "max": 35.1001853943,
        "mean": 4.0895113945,
        "median": 2.32369327545,
        "min": -1.63920605183,
        "skew": 1.93214285374,
        "var": 26.0403823853
    },
    "barkbands_skewness": {
        "kurt": -0.0589878559113,
        "max": 4.72118759155,
        "mean": 1.2850060463,
        "median": 1.13013994694,
        "min": -1.96151673794,
        "skew": 0.363785594702,
        "var": 1.18314576149
    },
    "barkbands_spread": {
        "kurt": 4.94887399673,
        "max": 51.715675354,
        "mean": 9.1473941803,
        "median": 7.35457611084,
        "min": 0.970510900021,
        "skew": 1.93188369274,
        "var": 45.5700683594
    },
    "dissonance": {
        "kurt": 3.14990568161,
        "max": 0.499968320131,
        "mean": 0.465821504593,
        "median": 0.474139362574,
        "min": 0.291801780462,
        "skew": -1.5826280117,
        "var": 0.000958923948929
    },
    "hfc": {
        "kurt": 31.6107292175,
        "max": 18.9343013763,
        "mean": 0.520244419575,
        "median": 0.00265241484158,
        "min": 1.09565061686e-16,
        "skew": 5.23688077927,
        "var": 3.34784412384
    },
    "pitch": {
        "kurt": 31.9431686401,
        "max": 4259.55371094,
        "mean": 528.325012207,
        "median": 626.476074219,
        "min": 61.9296226501,
        "skew": 5.02105903625,
        "var": 250025.046875
    },
    "pitch_instantaneous_confidence": {
        "kurt": -1.10009372234,
        "max": 0.919793367386,
        "mean": 0.481645107269,
        "median": 0.488426566124,
        "min": 0.0708576440811,
        "skew": 0.00769428070635,
        "var": 0.0370899140835
    },
    "pitch_salience": {
        "kurt": 0.161212444305,
        "max": 0.859991252422,
        "mean": 0.643181025982,
        "median": 0.652966976166,
        "min": 0.330968558788,
        "skew": -0.624489247799,
        "var": 0.00885895360261
    },
    "silence_rate_20dB": {
        "kurt": 0,
        "max": 1,
        "mean": 1,
        "median": 1,
        "min": 1,
        "skew": 0,
        "var": 0
    },
    "silence_rate_30dB": {
        "kurt": 0,
        "max": 1,
        "mean": 1,
        "median": 1,
        "min": 1,
        "skew": 0,
        "var": 0
    },
    "silence_rate_60dB": {
        "kurt": 17.5728302002,
        "max": 1,
        "mean": 0.955609381199,
        "median": 1,
        "min": 0,
        "skew": -4.42405605316,
        "var": 0.0424209982157
    },
    "spectral_centroid": {
        "kurt": 108.321578979,
        "max": 11449.7304688,
        "mean": 802.439086914,
        "median": 696.262939453,
        "min": 187.935012817,
        "skew": 9.98394107819,
        "var": 853434
    },
    "spectral_complexity": {
        "kurt": 11.2484445572,
        "max": 18,
        "mean": 1.09120261669,
        "median": 0,
        "min": 0,
        "skew": 3.32342076302,
        "var": 8.27495670319
    },
    "spectral_crest": {
        "kurt": -0.00785636901855,
        "max": 22.534040451,
        "mean": 10.9016056061,
        "median": 10.3775186539,
        "min": 3.87469911575,
        "skew": 0.620334327221,
        "var": 14.0622081757
    },
    "spectral_decrease": {
        "kurt": 49.8878669739,
        "max": 7.41235245665e-29,
        "mean": -1.1236223757e-10,
        "median": -8.56096226895e-13,
        "min": -5.21609644366e-09,
        "skew": -6.16875314713,
        "var": 1.5789668142e-19
    },
    "spectral_energy": {
        "kurt": 47.1454620361,
        "max": 0.0211921241134,
        "mean": 0.000471268285764,
        "median": 3.49546007783e-06,
        "min": 1.04378754947e-20,
        "skew": 6.03618049622,
        "var": 2.7647713523e-06
    },
    "spectral_energyband_high": {
        "kurt": 150.217834473,
        "max": 4.93819352414e-05,
        "mean": 5.91131140482e-07,
        "median": 4.1908227999e-09,
        "min": 7.49229260357e-21,
        "skew": 9.69545078278,
        "var": 5.78359669184e-12
    },
    "spectral_energyband_low": {
        "kurt": 194.870529175,
        "max": 0.000105406099465,
        "mean": 6.94573031979e-07,
        "median": 1.13594495588e-07,
        "min": 2.09527404438e-23,
        "skew": 13.5138244629,
        "var": 3.77424896891e-11
    },
    "spectral_energyband_middle_high": {
        "kurt": 35.8945770264,
        "max": 0.0105282496661,
        "mean": 0.000258226180449,
        "median": 7.42846793855e-07,
        "min": 1.32698672623e-21,
        "skew": 5.55155897141,
        "var": 9.14054567147e-07
    },
    "spectral_energyband_middle_low": {
        "kurt": 163.968154907,
        "max": 0.0185525212437,
        "mean": 0.000219734210987,
        "median": 2.34099866248e-06,
        "min": 2.13421079871e-22,
        "skew": 10.5066108704,
        "var": 8.10733467915e-07
    },
    "spectral_flatness_db": {
        "kurt": -1.06527173519,
        "max": 0.402310818434,
        "mean": 0.248587176204,
        "median": 0.255789250135,
        "min": 0.0614911541343,
        "skew": -0.125940263271,
        "var": 0.00486859073862
    },
    "spectral_flux": {
        "kurt": 11.9789295197,
        "max": 0.0999730080366,
        "mean": 0.00678923679516,
        "median": 0.00120119168423,
        "min": 6.70263844427e-11,
        "skew": 3.21634602547,
        "var": 0.000172725660377
    },
    "spectral_kurtosis": {
        "kurt": 2.44117116928,
        "max": 110.434387207,
        "mean": 24.8492603302,
        "median": 18.698633194,
        "min": -1.22980511189,
        "skew": 1.54900097847,
        "var": 405.084259033
    },
    "spectral_rms": {
        "kurt": 10.8338546753,
        "max": 0.00454700365663,
        "mean": 0.000319750863127,
        "median": 5.83969595027e-05,
        "min": 3.19112726695e-12,
        "skew": 3.08955621719,
        "var": 3.57533451734e-07
    },
    "spectral_rolloff": {
        "kurt": 106.256065369,
        "max": 19035.3515625,
        "mean": 1150.4342041,
        "median": 861.328125,
        "min": 172.265625,
        "skew": 9.87079524994,
        "var": 2505147.5
    },
    "spectral_skewness": {
        "kurt": 0.431950569153,
        "max": 7.93258905411,
        "mean": 3.4005548954,
        "median": 3.17223119736,
        "min": -0.058493886143,
        "skew": 0.61620080471,
        "var": 1.59301006794
    },
    "spectral_spread": {
        "kurt": 93.0065917969,
        "max": 41574384,
        "mean": 2634717.5,
        "median": 1904166.5,
        "min": 624496.25,
        "skew": 9.14608764648,
        "var": 1.28622463549e+13
    },
    "spectral_strongpeak": {
        "kurt": 29.0197219849,
        "max": 3.37976431847,
        "mean": 0.13189843297,
        "median": 0.0166707690805,
        "min": 1.25074506307e-10,
        "skew": 4.73665094376,
        "var": 0.103429824114
    },
    "zerocrossingrate": {
        "kurt": 99.20337677,
        "max": 0.5107421875,
        "mean": 0.0444958619773,
        "median": 0.0390625,
        "min": 0.0126953125,
        "skew": 9.58475971222,
        "var": 0.00177919969428
    },
    "barkbands": {
        "kurt": [250.680587769, 586.101196289, 183.918334961, 795.004638672, 385.262390137, 76.8760375977, 108.706809998, 85.8954772949, 235.555618286, 71.6722412109, 55.0511016846, 107.233924866, 96.8694458008, 62.3838577271, 64.1767578125, 41.7527351379, 105.719528198, 284.482116699, 56.6246528625, 114.359733582, 120.669548035, 52.200214386, 77.3385848999, 64.5688552856, 69.464630127, 45.4314918518, 60.246925354],
        "max": [1.01495928106e-07, 2.89010749839e-05, 8.08719778433e-05, 4.21208096668e-05, 3.08749076794e-05, 3.94899325329e-05, 0.000360372418072, 0.00227479217574, 0.0174526311457, 0.0018204402877, 0.000422823301051, 0.00317021971568, 0.0094650387764, 0.00116478186101, 0.000822022149805, 0.00060503592249, 0.000205112461117, 0.000628681678791, 0.000535896571819, 0.000102331956441, 2.25600088015e-05, 1.37404231282e-06, 7.3641842846e-07, 6.18564172328e-07, 4.72491393566e-07, 4.49117099066e-09, 7.04551639252e-10],
        "mean": [9.19422815659e-10, 1.00881571541e-07, 4.56494461787e-07, 2.20807621076e-07, 2.33026710816e-07, 6.64345861878e-07, 4.70355053039e-06, 4.17277915403e-05, 0.000158779439516, 3.23443309753e-05, 9.11787083169e-06, 3.85699240724e-05, 0.000114668633614, 2.15086438402e-05, 1.60134786711e-05, 1.34839456223e-05, 2.83837653114e-06, 4.52283256891e-06, 9.72066209215e-06, 1.24616724406e-06, 2.89090451133e-07, 2.86673369487e-08, 1.15984963855e-08, 1.0277160456e-08, 6.76165345936e-09, 8.86836160063e-11, 1.33060212154e-11],
        "median": [2.83762735531e-10, 2.30803465229e-08, 3.67835539805e-08, 7.1786217859e-08, 7.62221361583e-08, 4.11019023261e-08, 7.74093820155e-08, 3.14274842594e-07, 8.63334037149e-07, 2.01191923566e-07, 5.1790436828e-08, 9.39899251762e-08, 1.18510619984e-07, 3.35026406617e-08, 2.03063788007e-08, 1.1508754838e-08, 5.18158138618e-09, 5.08297937074e-09, 6.24326457199e-09, 4.42879777296e-09, 1.75188419327e-09, 2.85689832902e-10, 5.82349723999e-11, 2.79677652565e-11, 1.67462623629e-11, 1.15038761937e-12, 7.06518651634e-14],
        "min": [5.82183884003e-25, 3.55220989063e-24, 1.3840745034e-24, 4.6820476391e-24, 2.91795641428e-23, 1.07345604519e-23, 1.8508636367e-23, 6.47782677539e-24, 4.43917243362e-23, 2.13179325558e-23, 1.63423738341e-23, 5.44814099308e-23, 2.10797154951e-23, 6.62904431117e-23, 6.78872553561e-23, 1.05749562203e-22, 1.0662926833e-22, 1.12087819762e-22, 1.84577561008e-22, 2.69493590693e-22, 3.23637696323e-22, 3.86553834244e-22, 4.53482535248e-22, 6.91115864137e-22, 8.47457543748e-22, 1.51685850317e-21, 2.07590345126e-21],
        "skew": [15.2802762985, 22.910692215, 13.2031049728, 26.2107143402, 17.5473213196, 8.21849155426, 9.37817955017, 8.14133930206, 12.7900085449, 7.44362735748, 6.75448989868, 8.91934871674, 8.54160785675, 7.3393778801, 7.07276105881, 6.03983926773, 8.94838428497, 14.453253746, 6.91316795349, 9.14772129059, 8.87834835052, 6.38723182678, 7.57343769073, 7.42204523087, 7.42578840256, 6.31299066544, 7.28379106522],
        "var": [2.86176169279e-17, 1.03901121647e-12, 2.08087436171e-11, 1.7734014127e-12, 1.4260078578e-12, 8.92404206088e-12, 4.70708860778e-10, 2.78723550906e-08, 5.83945904964e-07, 1.70205609606e-08, 1.21842413936e-09, 3.25896145625e-08, 3.03645208533e-07, 9.4383780791e-09, 3.96958954596e-09, 3.03786218403e-09, 1.69025474173e-10, 6.94393820222e-10, 1.85773985084e-09, 3.24807854224e-11, 1.39550036023e-12, 1.21410102769e-14, 2.49688478071e-15, 2.45648088561e-15, 1.02011449503e-15, 1.57357398435e-19, 3.86331877815e-21],
        "cov": [[2.8640731663e-17, 2.89403587154e-15, 1.83557867257e-14, 4.08526235098e-15, 5.34444713081e-15, 2.57984911679e-15, 1.81237183328e-15, 2.30942453102e-15, 5.90453182766e-14, -5.23324748082e-16, -2.25578439616e-17, -3.40355117679e-15, 9.25722138648e-15, 1.9573643921e-15, 1.08470075725e-15, 1.03952478441e-15, 4.96138113909e-16, 1.19606240229e-15, 8.49718571093e-16, 3.51126179219e-15, 6.10954382822e-16, 2.09189490287e-16, 9.45141861859e-17, 5.28494262951e-17, 1.06113318054e-17, 2.60937794844e-19, 2.97592523312e-21], [2.89403587154e-15, 1.03985049738e-12, 3.71255370196e-12, 6.32119736329e-13, 6.2425021749e-13, 1.58959732313e-13, 8.05851899425e-14, -1.88905271634e-12, -8.52593343148e-12, -1.81312473715e-12, -4.49854400692e-13, -1.50684781493e-12, -3.90745899179e-12, -1.05853617972e-12, -7.3671852039e-13, -6.06806271897e-13, 5.3676464315e-14, 8.20988174904e-14, -2.01989344847e-13, 5.14171387758e-13, 1.41332881813e-13, 3.13218824792e-14, 1.51135292568e-14, 6.92482553369e-15, 1.56978392653e-15, 3.88111058915e-17, -9.21378066629e-20], [1.83557867257e-14, 3.71255370196e-12, 2.08255530876e-11, 3.75781480585e-12, 4.34003137248e-12, 1.82783367435e-12, 9.72515145671e-13, -1.52704047324e-11, -5.38030488217e-11, -1.20866407161e-11, -3.38030016304e-12, -1.35959108555e-11, -4.2044250026e-11, -8.48815722571e-12, -5.87542037592e-12, -4.78391978809e-12, -1.73701303991e-13, -4.76534285122e-13, -2.74900631772e-12, 2.73029212086e-12, 6.29708470697e-13, 1.90130016223e-13, 8.31399836129e-14, 4.42662603079e-14, 8.37456392753e-15, 2.19249210911e-16, -2.47446385995e-18], [4.08526235098e-15, 6.32119736329e-13, 3.75781480585e-12, 1.77483386061e-12, 8.37689563982e-13, 2.87840606385e-13, 6.7695594139e-13, -1.34833875835e-12, 4.03875240543e-12, -2.13052448947e-13, -4.02938587444e-13, -4.78522556053e-14, -3.81864982343e-12, -2.00570766593e-12, -1.0902868235e-12, -8.36597447134e-13, -2.72380706721e-14, -1.25231314034e-13, -4.15561058871e-13, 6.12312934731e-13, 1.15986037506e-13, 4.59760132526e-14, 1.48126699302e-14, 8.43048419567e-15, 2.70313243292e-15, 4.76616174997e-17, 6.39075760452e-19], [5.34444713081e-15, 6.2425021749e-13, 4.34003137248e-12, 8.37689563982e-13, 1.42715982261e-12, 1.09568951134e-12, 2.47962544594e-12, 5.38972295613e-12, 1.61837192952e-11, 2.73861077045e-12, 7.28410062302e-13, 4.49130663216e-12, 8.38297226774e-12, 6.34249000975e-13, 1.17512239089e-12, 1.10254242802e-12, 3.35217124241e-13, 4.6660678793e-13, 9.56810694043e-13, 1.02840826133e-12, 2.0237559187e-13, 6.07497111968e-14, 2.80961607875e-14, 1.81856432176e-14, 4.30751151436e-15, 9.31301872896e-17, 1.81852886615e-18], [2.57984911679e-15, 1.58959732313e-13, 1.82783367435e-12, 2.87840606385e-13, 1.09568951134e-12, 8.93125070428e-12, 3.73777571394e-11, 1.54652513018e-10, 2.7607102715e-10, 4.54281438855e-11, 1.92851793562e-11, 7.11121994623e-11, 1.77421896619e-10, 2.49883273795e-11, 2.22463089616e-11, 1.7628528845e-11, 3.62970244139e-12, 5.13997872043e-12, 1.23688741541e-11, 2.4573869415e-12, 6.34522978864e-13, 8.70717682525e-14, 3.86751957228e-14, 3.17355598181e-14, 1.81459461714e-14, 2.46772064224e-16, 2.50417912405e-17], [1.81237183328e-15, 8.05851899425e-14, 9.72515145671e-13, 6.7695594139e-13, 2.47962544594e-12, 3.73777571394e-11, 4.71089056653e-10, 1.72547065524e-09, 2.46685361027e-09, 3.05217545682e-10, 1.62199906284e-10, 4.55646825825e-10, 1.88203186369e-09, 3.17977449926e-10, 2.20720899891e-10, 1.9132105622e-10, 3.88200999124e-11, 5.30379976049e-11, 1.36664943251e-10, 2.02507177693e-11, 6.10423560657e-12, 5.0356230687e-13, 2.01594600388e-13, 1.74839512985e-13, 1.35279184773e-13, 1.69095654244e-15, 1.95991697882e-16], [2.30942453102e-15, -1.88905271634e-12, -1.52704047324e-11, -1.34833875835e-12, 5.38972295613e-12, 1.54652513018e-10, 1.72547065524e-09, 2.78948704135e-08, 6.18327362645e-08, 8.31180191341e-09, 2.97786506565e-09, 1.02780841615e-08, 3.60782799191e-08, 7.55622142634e-09, 5.49935119665e-09, 4.34378133463e-09, 8.53626891395e-10, 1.24482812947e-09, 2.75594791432e-09, 3.77096770476e-10, 8.42695219161e-11, 7.47737028545e-12, 3.53690254168e-12, 3.37955271407e-12, 2.46808194541e-12, 3.25862417833e-14, 3.76060563373e-15], [5.90453182766e-14, -8.52593343148e-12, -5.38030488217e-11, 4.03875240543e-12, 1.61837192952e-11, 2.7607102715e-10, 2.46685361027e-09, 6.18327362645e-08, 5.84417591654e-07, 5.59111086318e-08, 1.15806750856e-08, 6.03579621838e-08, 2.02272772754e-07, 3.76779070166e-08, 2.60184158662e-08, 2.72975473337e-08, 4.17315870749e-09, 7.47089057285e-09, 1.5650877927e-08, 2.17630669042e-09, 4.05482092347e-10, 4.41132373685e-11, 1.87103544463e-11, 2.00115791993e-11, 1.40305085258e-11, 1.83047018298e-13, 2.38485446669e-14], [-5.23324748082e-16, -1.81312473715e-12, -1.20866407161e-11, -2.13052448947e-13, 2.73861077045e-12, 4.54281438855e-11, 3.05217545682e-10, 8.31180191341e-09, 5.59111086318e-08, 1.70343099626e-08, 3.35777428084e-09, 1.71335248211e-08, 4.11119955857e-08, 5.38400168892e-09, 5.12001729902e-09, 3.52398221715e-09, 7.66540386721e-10, 1.40904765633e-09, 2.53389642602e-09, 2.74855999072e-10, 6.02358232737e-11, 7.30162631746e-12, 3.27606626722e-12, 3.07633410933e-12, 2.70282494302e-12, 2.90843263644e-14, 3.65816928073e-15], [-2.25578439616e-17, -4.49854400692e-13, -3.38030016304e-12, -4.02938587444e-13, 7.28410062302e-13, 1.92851793562e-11, 1.62199906284e-10, 2.97786506565e-09, 1.15806750856e-08, 3.35777428084e-09, 1.21940835207e-09, 4.55862592119e-09, 1.02105435218e-08, 1.5488857974e-09, 1.39453726344e-09, 9.94215598737e-10, 2.35874902943e-10, 3.60695362467e-10, 7.26883220281e-10, 8.58229112777e-11, 1.87918760414e-11, 2.08974005635e-12, 9.0802577046e-13, 9.31382466811e-13, 7.329903828e-13, 8.75766337704e-15, 1.05477434207e-15], [-3.40355117679e-15, -1.50684781493e-12, -1.35959108555e-11, -4.78522556053e-14, 4.49130663216e-12, 7.11121994623e-11, 4.55646825825e-10, 1.02780841615e-08, 6.03579621838e-08, 1.71335248211e-08, 4.55862592119e-09, 3.26159366182e-08, 5.73202925125e-08, 4.64876537265e-09, 6.27146201637e-09, 3.83827547523e-09, 9.06765385e-10, 1.41518607943e-09, 3.82826526035e-09, 2.9494945375e-10, 7.23490087284e-11, 1.03192784179e-11, 4.21694623665e-12, 4.75669026737e-12, 4.04483000913e-12, 4.74731541513e-14, 5.71785779396e-15], [9.25722138648e-15, -3.90745899179e-12, -4.2044250026e-11, -3.81864982343e-12, 8.38297226774e-12, 1.77421896619e-10, 1.88203186369e-09, 3.60782799191e-08, 2.02272772754e-07, 4.11119955857e-08, 1.02105435218e-08, 5.73202925125e-08, 3.03890459463e-07, 2.03464711745e-08, 2.07542729669e-08, 1.60217137335e-08, 3.45420292369e-09, 6.75903200076e-09, 1.54329615754e-08, 1.46538869927e-09, 3.31091598582e-10, 3.61991443765e-11, 1.65032310734e-11, 1.5676723808e-11, 1.24366185753e-11, 1.51092951085e-13, 1.67515486752e-14], [1.9573643921e-15, -1.05853617972e-12, -8.48815722571e-12, -2.00570766593e-12, 6.34249000975e-13, 2.49883273795e-11, 3.17977449926e-10, 7.55622142634e-09, 3.76779070166e-08, 5.38400168892e-09, 1.5488857974e-09, 4.64876537265e-09, 2.03464711745e-08, 9.44600131447e-09, 3.57631235737e-09, 3.93417431965e-09, 9.05286179353e-10, 1.67804914408e-09, 2.54357668261e-09, 4.15720208258e-10, 8.37088662275e-11, 5.37382117971e-12, 2.85460847668e-12, 2.72062320589e-12, 1.68173342006e-12, 1.99539515499e-14, 2.11613987103e-15], [1.08470075725e-15, -7.3671852039e-13, -5.87542037592e-12, -1.0902868235e-12, 1.17512239089e-12, 2.22463089616e-11, 2.20720899891e-10, 5.49935119665e-09, 2.60184158662e-08, 5.12001729902e-09, 1.39453726344e-09, 6.27146201637e-09, 2.07542729669e-08, 3.57631235737e-09, 3.97279587006e-09, 2.36957875543e-09, 5.13414866177e-10, 8.17487910698e-10, 1.75093617383e-09, 2.31742167123e-10, 4.3388653781e-11, 4.16062627059e-12, 2.01273546441e-12, 2.07473556564e-12, 1.31002923353e-12, 1.707241492e-14, 1.97814253381e-15], [1.03952478441e-15, -6.06806271897e-13, -4.78391978809e-12, -8.36597447134e-13, 1.10254242802e-12, 1.7628528845e-11, 1.9132105622e-10, 4.34378133463e-09, 2.72975473337e-08, 3.52398221715e-09, 9.94215598737e-10, 3.83827547523e-09, 1.60217137335e-08, 3.93417431965e-09, 2.36957875543e-09, 3.04031599896e-09, 4.90887330784e-10, 9.48238376708e-10, 1.51523993352e-09, 2.38432440458e-10, 5.03536830287e-11, 3.8735616277e-12, 1.80907957885e-12, 1.87963273418e-12, 1.22114558049e-12, 1.45038586583e-14, 1.6464909126e-15], [4.96138113909e-16, 5.3676464315e-14, -1.73701303991e-13, -2.72380706721e-14, 3.35217124241e-13, 3.62970244139e-12, 3.88200999124e-11, 8.53626891395e-10, 4.17315870749e-09, 7.66540386721e-10, 2.35874902943e-10, 9.06765385e-10, 3.45420292369e-09, 9.05286179353e-10, 5.13414866177e-10, 4.90887330784e-10, 1.69162003849e-10, 2.59981425277e-10, 4.11175066217e-10, 5.66766807097e-11, 1.30947371002e-11, 9.0022553214e-13, 4.65817814009e-13, 5.00623305831e-13, 2.96333731208e-13, 3.08102961784e-15, 2.89922172488e-16], [1.19606240229e-15, 8.20988174904e-14, -4.76534285122e-13, -1.25231314034e-13, 4.6660678793e-13, 5.13997872043e-12, 5.30379976049e-11, 1.24482812947e-09, 7.47089057285e-09, 1.40904765633e-09, 3.60695362467e-10, 1.41518607943e-09, 6.75903200076e-09, 1.67804914408e-09, 8.17487910698e-10, 9.48238376708e-10, 2.59981425277e-10, 6.94954760405e-10, 7.44666162067e-10, 1.11387218893e-10, 2.69416572385e-11, 1.84371463409e-12, 9.37847239105e-13, 8.51714044344e-13, 5.88663991684e-13, 6.07257401644e-15, 4.36818649608e-16], [8.49718571093e-16, -2.01989344847e-13, -2.74900631772e-12, -4.15561058871e-13, 9.56810694043e-13, 1.23688741541e-11, 1.36664943251e-10, 2.75594791432e-09, 1.5650877927e-08, 2.53389642602e-09, 7.26883220281e-10, 3.82826526035e-09, 1.54329615754e-08, 2.54357668261e-09, 1.75093617383e-09, 1.51523993352e-09, 4.11175066217e-10, 7.44666162067e-10, 1.85924042828e-09, 1.58759241864e-10, 3.71933213394e-11, 2.91335944085e-12, 1.36550449767e-12, 1.48619332986e-12, 8.99603687984e-13, 1.1199351891e-14, 1.22056388908e-15], [3.51126179219e-15, 5.14171387758e-13, 2.73029212086e-12, 6.12312934731e-13, 1.02840826133e-12, 2.4573869415e-12, 2.02507177693e-11, 3.77096770476e-10, 2.17630669042e-09, 2.74855999072e-10, 8.58229112777e-11, 2.9494945375e-10, 1.46538869927e-09, 4.15720208258e-10, 2.31742167123e-10, 2.38432440458e-10, 5.66766807097e-11, 1.11387218893e-10, 1.58759241864e-10, 3.25070213802e-11, 5.71915214839e-12, 4.31054497652e-13, 2.17695246595e-13, 2.21861862649e-13, 1.26755580316e-13, 1.5288173898e-15, 1.29675159101e-16], [6.10954382822e-16, 1.41332881813e-13, 6.29708470697e-13, 1.15986037506e-13, 2.0237559187e-13, 6.34522978864e-13, 6.10423560657e-12, 8.42695219161e-11, 4.05482092347e-10, 6.02358232737e-11, 1.87918760414e-11, 7.23490087284e-11, 3.31091598582e-10, 8.37088662275e-11, 4.3388653781e-11, 5.03536830287e-11, 1.30947371002e-11, 2.69416572385e-11, 3.71933213394e-11, 5.71915214839e-12, 1.39662760523e-12, 9.69631615126e-14, 4.85131073226e-14, 4.86233672954e-14, 2.8687501593e-14, 3.24464731943e-16, 2.6162137897e-17], [2.09189490287e-16, 3.13218824792e-14, 1.90130016223e-13, 4.59760132526e-14, 6.07497111968e-14, 8.70717682525e-14, 5.0356230687e-13, 7.47737028545e-12, 4.41132373685e-11, 7.30162631746e-12, 2.08974005635e-12, 1.03192784179e-11, 3.61991443765e-11, 5.37382117971e-12, 4.16062627059e-12, 3.8735616277e-12, 9.0022553214e-13, 1.84371463409e-12, 2.91335944085e-12, 4.31054497652e-13, 9.69631615126e-14, 1.21508172244e-14, 5.07721840035e-15, 4.55712450062e-15, 2.83794640857e-15, 3.64524301533e-17, 3.5467043804e-18], [9.45141861859e-17, 1.51135292568e-14, 8.31399836129e-14, 1.48126699302e-14, 2.80961607875e-14, 3.86751957228e-14, 2.01594600388e-13, 3.53690254168e-12, 1.87103544463e-11, 3.27606626722e-12, 9.0802577046e-13, 4.21694623665e-12, 1.65032310734e-11, 2.85460847668e-12, 2.01273546441e-12, 1.80907957885e-12, 4.65817814009e-13, 9.37847239105e-13, 1.36550449767e-12, 2.17695246595e-13, 4.85131073226e-14, 5.07721840035e-15, 2.49890177791e-15, 2.23788603412e-15, 1.30672905679e-15, 1.62191721625e-17, 1.3799178973e-18], [5.28494262951e-17, 6.92482553369e-15, 4.42662603079e-14, 8.43048419567e-15, 1.81856432176e-14, 3.17355598181e-14, 1.74839512985e-13, 3.37955271407e-12, 2.00115791993e-11, 3.07633410933e-12, 9.31382466811e-13, 4.75669026737e-12, 1.5676723808e-11, 2.72062320589e-12, 2.07473556564e-12, 1.87963273418e-12, 5.00623305831e-13, 8.51714044344e-13, 1.48619332986e-12, 2.21861862649e-13, 4.86233672954e-14, 4.55712450062e-15, 2.23788603412e-15, 2.45846506029e-15, 1.3641483615e-15, 1.6696716765e-17, 1.37650763843e-18], [1.06113318054e-17, 1.56978392653e-15, 8.37456392753e-15, 2.70313243292e-15, 4.30751151436e-15, 1.81459461714e-14, 1.35279184773e-13, 2.46808194541e-12, 1.40305085258e-11, 2.70282494302e-12, 7.329903828e-13, 4.04483000913e-12, 1.24366185753e-11, 1.68173342006e-12, 1.31002923353e-12, 1.22114558049e-12, 2.96333731208e-13, 5.88663991684e-13, 8.99603687984e-13, 1.26755580316e-13, 2.8687501593e-14, 2.83794640857e-15, 1.30672905679e-15, 1.3641483615e-15, 1.0209385522e-15, 1.11485641065e-17, 1.05885156825e-18], [2.60937794844e-19, 3.88111058915e-17, 2.19249210911e-16, 4.76616174997e-17, 9.31301872896e-17, 2.46772064224e-16, 1.69095654244e-15, 3.25862417833e-14, 1.83047018298e-13, 2.90843263644e-14, 8.75766337704e-15, 4.74731541513e-14, 1.51092951085e-13, 1.99539515499e-14, 1.707241492e-14, 1.45038586583e-14, 3.08102961784e-15, 6.07257401644e-15, 1.1199351891e-14, 1.5288173898e-15, 3.24464731943e-16, 3.64524301533e-17, 1.62191721625e-17, 1.6696716765e-17, 1.11485641065e-17, 1.5748451283e-19, 1.60545400983e-20], [2.97592523312e-21, -9.21378066629e-20, -2.47446385995e-18, 6.39075760452e-19, 1.81852886615e-18, 2.50417912405e-17, 1.95991697882e-16, 3.76060563373e-15, 2.38485446669e-14, 3.65816928073e-15, 1.05477434207e-15, 5.71785779396e-15, 1.67515486752e-14, 2.11613987103e-15, 1.97814253381e-15, 1.6464909126e-15, 2.89922172488e-16, 4.36818649608e-16, 1.22056388908e-15, 1.29675159101e-16, 2.6162137897e-17, 3.5467043804e-18, 1.3799178973e-18, 1.37650763843e-18, 1.05885156825e-18, 1.60545400983e-20, 3.8664392847e-21]]
    },
    "mfcc": {
        "kurt": [0.0607237815857, -1.14133822918, 0.0876865386963, -1.26702260971, -0.421831846237, -0.462304830551, -0.0297150611877, 5.03169822693, 0.00723457336426, -0.841473579407, -0.260735034943, 0.158727884293, 0.409054279327],
        "max": [-741.907836914, 158.459716797, 47.4575538635, 76.927444458, 24.5505561829, 17.4472808838, 26.5248832703, 26.8275241852, 25.0822563171, 45.4125671387, 37.7849998474, 18.2479496002, 13.3583717346],
        "mean": [-1032.20690918, 72.8344955444, -15.3993673325, -19.8165836334, -15.611697197, -9.86925601959, 0.877269268036, -1.15844535828, 2.56543016434, 9.87083053589, 6.35103225708, -2.24468159676, -6.70928955078],
        "median": [-1069.41821289, 67.5787734985, 11.2419128418, -18.7056388855, -16.1701927185, -6.3775100708, 0.528202056885, 0.20539855957, 2.13062667847, 8.65825653076, 6.04084396362, -2.71639251709, -6.34994888306],
        "min": [-1138.42004395, 1.14440917969e-05, -171.033569336, -89.6974258423, -87.5541152954, -55.2424201965, -25.1433029175, -58.1641159058, -25.0704288483, -16.6885986328, -33.3971481323, -23.9130783081, -31.4139060974],
        "skew": [1.050101161, 0.163573473692, -1.191416502, -0.00781273469329, -0.365414619446, -0.628703296185, 0.0933273807168, -1.70126450062, 0.0560771338642, 0.33651843667, 0.0701852142811, 0.372135847807, -0.200292766094],
        "var": [8709.99414062, 1409.63977051, 3199.70410156, 1237.49560547, 474.225128174, 224.148590088, 66.4221420288, 123.926391602, 49.6633720398, 151.44720459, 113.877105713, 41.486743927, 44.3262062073],
        "cov": [[8717.03027344, 3076.49023438, -4908.78808594, -2252.58886719, -1367.74267578, -1146.94592285, 83.6198730469, -281.840698242, 43.3217887878, 785.638000488, 607.153137207, 69.4624328613, 59.2366218567], [3076.49023438, 1410.77844238, -1525.97229004, -1046.90063477, -659.363586426, -413.576416016, -8.19027900696, -137.764907837, 27.8898239136, 328.945098877, 240.354660034, 46.4133224487, 39.3212509155], [-4908.78808594, -1525.97229004, 3202.28881836, 1419.15393066, 670.183105469, 649.507324219, -96.5878067017, 52.6473350525, -30.5960502625, -488.343139648, -401.90246582, 11.4094314575, 8.23580551147], [-2252.58886719, -1046.90063477, 1419.15393066, 1238.49511719, 626.486206055, 308.844940186, -12.5627193451, 30.6033763885, -58.4460525513, -341.112854004, -283.63394165, -17.1627159119, 1.16635835171], [-1367.74267578, -659.363586426, 670.183105469, 626.486206055, 474.608184814, 223.947174072, 27.2428283691, 93.7698898315, -42.598361969, -179.000198364, -135.050231934, -53.5827255249, -20.6410655975], [-1146.94592285, -413.576416016, 649.507324219, 308.844940186, 223.947174072, 224.32963562, 28.806722641, 45.754650116, -7.23196649551, -117.543228149, -92.4539642334, -16.7867469788, -11.5610141754], [83.6198730469, -8.19027900696, -96.5878067017, -12.5627193451, 27.2428283691, 28.806722641, 66.4757919312, 55.7303619385, 1.68676269054, -7.52821874619, 4.13352203369, -7.65650939941, -7.59943962097], [-281.840698242, -137.764907837, 52.6473350525, 30.6033763885, 93.7698898315, 45.754650116, 55.7303619385, 124.026489258, 17.5814781189, -18.1863975525, 10.2730388641, -22.4489250183, -22.8192596436], [43.3217887878, 27.8898239136, -30.5960502625, -58.4460525513, -42.598361969, -7.23196649551, 1.68676269054, 17.5814781189, 49.7034873962, 44.3763618469, 22.3995075226, 5.10784959793, -14.7255878448], [785.638000488, 328.945098877, -488.343139648, -341.112854004, -179.000198364, -117.543228149, -7.52821874619, -18.1863975525, 44.3763618469, 151.569549561, 110.623184204, 9.75759792328, -9.17273902893], [607.153137207, 240.354660034, -401.90246582, -283.63394165, -135.050231934, -92.4539642334, 4.13352203369, 10.2730388641, 22.3995075226, 110.623184204, 113.969093323, 18.0938034058, -4.35491752625], [69.4624328613, 46.4133224487, 11.4094314575, -17.1627159119, -53.5827255249, -16.7867469788, -7.65650939941, -22.4489250183, 5.10784959793, 9.75759792328, 18.0938034058, 41.5202522278, 23.3350582123], [59.2366218567, 39.3212509155, 8.23580551147, 1.16635835171, -20.6410655975, -11.5610141754, -7.59943962097, -22.8192596436, -14.7255878448, -9.17273902893, -4.35491752625, 23.3350582123, 44.3620109558]]
    },
    "sccoeffs": {
        "kurt": [1.46153068542, -0.431891202927, 0.158221006393, 0.00585055351257, -0.243953704834, 0.610805749893],
        "max": [-0.60883128643, -0.401860356331, -0.57648229599, -0.581102848053, -0.681708455086, -0.758090019226],
        "mean": [-0.813132107258, -0.778006494045, -0.833619713783, -0.83819770813, -0.86178535223, -0.843693077564],
        "median": [-0.814876914024, -0.803614735603, -0.841129481792, -0.84538602829, -0.888041079044, -0.85422706604],
        "min": [-0.970503687859, -0.978606939316, -0.985008776188, -0.984106600285, -0.981469392776, -0.977800965309],
        "skew": [0.167549535632, 0.660105347633, 0.577271282673, 0.648095071316, 0.94650387764, 0.297776430845],
        "var": [0.00170736340806, 0.0121980421245, 0.00401290599257, 0.00408656941727, 0.00292256032117, 0.00100797717459],
        "cov": [[0.00170874246396, 3.59538062185e-05, 0.000138754738146, 1.8090073354e-05, 9.2059650342e-05, 0.000240885521634], [3.59538062185e-05, 0.012207894586, 0.00520549435169, 0.00556486705318, 0.00494551565498, 0.00235380418599], [0.000138754738146, 0.00520549435169, 0.00401614746079, 0.00269787013531, 0.00222403276712, 0.00113884557504], [1.8090073354e-05, 0.00556486705318, 0.00269787013531, 0.00408987049013, 0.00268628378399, 0.00111515913159], [9.2059650342e-05, 0.00494551565498, 0.00222403276712, 0.00268628378399, 0.00292492099106, 0.0010700909188], [0.000240885521634, 0.00235380418599, 0.00113884557504, 0.00111515913159, 0.0010700909188, 0.00100879138336]]
    },
    "scvalleys": {
        "kurt": [89.5980148315, 47.1947860718, 21.1467037201, 18.2470111847, 27.530128479, 18.5136947632],
        "max": [-7.28950023651, -6.26647520065, -5.11960029602, -5.84357070923, -7.27043247223, -10.2590608597],
        "mean": [-10.5456209183, -9.8015794754, -9.68613910675, -10.4048337936, -11.6639928818, -14.632317543],
        "median": [-10.4180374146, -9.88580989838, -9.92870426178, -10.9330301285, -12.0789804459, -14.957280159],
        "min": [-27.3280849457, -27.563741684, -27.3978977203, -27.8331947327, -27.4777603149, -27.4083080292],
        "skew": [-8.84091186523, -5.45006227493, -2.95194029808, -2.48323059082, -3.39147520065, -2.27611112595],
        "var": [2.47260975838, 3.76518034935, 5.47322702408, 5.54785060883, 3.92119050026, 3.13204884529],
        "cov": [[2.47460699081, 2.53877329826, 2.53059792519, 2.47214055061, 2.38523340225, 2.04145312309], [2.53877329826, 3.76822185516, 4.1650891304, 4.04795980453, 3.46198034286, 2.9751033783], [2.53059792519, 4.1650891304, 5.47764778137, 5.36346483231, 4.25305223465, 3.49734997749], [2.47214055061, 4.04795980453, 5.36346483231, 5.5523314476, 4.42570829391, 3.61639046669], [2.38523340225, 3.46198034286, 4.25305223465, 4.42570829391, 3.92435789108, 3.36104774475], [2.04145312309, 2.9751033783, 3.49734997749, 3.61639046669, 3.36104774475, 3.13457894325]]
    }
},
"rhythm": {
    "beats_loudness": {
        "kurt": 10.85384655,
        "max": 0.0126537838951,
        "mean": 0.000857015082147,
        "median": 4.24679410571e-06,
        "min": 1.06705684288e-07,
        "skew": 3.25525808334,
        "var": 5.13795384904e-06
    },
    "bpm": 172.265655518,
    "confidence": 0.61235845089,
    "first_peak_bpm": {
        "kurt": 0,
        "max": 172,
        "mean": 172,
        "median": 172,
        "min": 172,
        "skew": 0,
        "var": 0
    },
    "first_peak_spread": {
        "kurt": 0,
        "max": 0,
        "mean": 0,
        "median": 0,
        "min": 0,
        "skew": 0,
        "var": 0
    },
    "first_peak_weight": {
        "kurt": 0,
        "max": 0.20000000298,
        "mean": 0.20000000298,
        "median": 0.20000000298,
        "min": 0.20000000298,
        "skew": 0,
        "var": 0
    },
    "onset_rate": 0.556850671768,
    "second_peak_bpm": {
        "kurt": 0,
        "max": 178,
        "mean": 178,
        "median": 178,
        "min": 178,
        "skew": 0,
        "var": 0
    },
    "second_peak_spread": {
        "kurt": 0,
        "max": 0,
        "mean": 0,
        "median": 0,
        "min": 0,
        "skew": 0,
        "var": 0
    },
    "second_peak_weight": {
        "kurt": 0,
        "max": 0.157142862678,
        "mean": 0.157142862678,
        "median": 0.157142862678,
        "min": 0.157142862678,
        "skew": 0,
        "var": 0
    },
    "beats_loudness_band_ratio": {
        "kurt": [-0.397999763489, 0.677155733109, -1.22087454796, -0.196902513504, 3.30610132217, 5.28566741943],
        "max": [0.811889946461, 0.549304783344, 0.928845822811, 0.784749448299, 0.260473400354, 0.102147720754],
        "mean": [0.214167788625, 0.112134575844, 0.419155329466, 0.229425728321, 0.0521447993815, 0.0157131720334],
        "median": [0.0493969172239, 0.0309555605054, 0.397844970226, 0.142173975706, 0.0326022282243, 0.00738938851282],
        "min": [6.80542689224e-06, 0.000152569977217, 0.0277863033116, 0.0141371404752, 0.00537934852764, 0.00107346347068],
        "skew": [1.00259518623, 1.31715428829, 0.319052428007, 0.987310469151, 1.78292500973, 2.34621858597],
        "var": [0.0735314786434, 0.0218228325248, 0.0746721550822, 0.045786485076, 0.0026113896165, 0.000463436357677],
        "cov": [[0.0745819285512, 0.0270804446191, -0.0530608706176, -0.0355254225433, -0.0041397549212, 0.000662456906866], [0.0270804446191, 0.0221345871687, -0.0250799860805, -0.0181839466095, -0.00170119409449, 0.00117306050379], [-0.0530608706176, -0.0250799860805, 0.0757388994098, -0.000521087436937, -0.00188122154213, -0.0022990712896], [-0.0355254225433, -0.0181839466095, -0.000521087436937, 0.0464405789971, 0.00410587340593, -0.000492159568239], [-0.0041397549212, -0.00170119409449, -0.00188122154213, 0.00410587340593, 0.00264869513921, 0.000561125634704], [0.000662456906866, 0.00117306050379, -0.0022990712896, -0.000492159568239, 0.000561125634704, 0.000470056867925]]
    },
    "beats_position": [0.441179126501, 0.905578196049, 1.33514738083, 1.77632653713, 2.21750569344, 2.65868473053, 3.11147379875, 3.55265307426, 3.99383211136, 4.446621418, 4.8994102478, 5.35219955444, 5.80498838425, 6.21133756638, 6.62929677963, 7.04725599289, 7.47682523727, 7.90639448166, 8.33596324921, 8.76553249359, 9.19510173798, 9.61306095123, 10.0310201645, 10.4489793777, 10.8785486221, 11.3081178665, 11.7609071732, 12.2136955261, 12.6780948639, 13.1308841705, 13.5952835083, 14.0596818924, 14.5008611679, 14.9420404434, 15.3832197189, 15.8243989944, 16.2655773163, 16.6603164673, 17.0550556183, 17.4381847382, 17.8213157654, 18.1696147919, 18.5179138184, 18.8662128448, 19.2029018402, 19.5512008667, 19.8878898621, 20.2361907959, 20.5844898224, 20.9211788177, 21.246257782, 21.5945568085, 21.942855835, 22.2911567688, 22.6394557953, 22.9877548218, 23.3360538483, 23.6843528748, 24.0558719635, 24.4273910522, 24.7873020172, 25.1472110748, 25.4839000702, 25.8205890656, 26.1572780609, 26.4939670563, 26.830657959, 27.1673469543, 27.5040359497, 27.8523349762, 28.1890239716],
    "bpm_estimates": [172.265777588, 172.265777588, 172.265777588, 172.265777588, 172.264831543, 172.265777588, 172.265777588, 172.265777588, 172.264831543, 172.265777588, 172.265777588, 172.265777588, 172.265777588, 172.265777588],
    "bpm_intervals": [0.464399069548, 0.42956918478, 0.441179156303, 0.441179156303, 0.441179037094, 0.452789068222, 0.441179275513, 0.441179037094, 0.452789306641, 0.452788829803, 0.452789306641, 0.452788829803, 0.406349182129, 0.417959213257, 0.417959213257, 0.429569244385, 0.429569244385, 0.429568767548, 0.429569244385, 0.429569244385, 0.417959213257, 0.417959213257, 0.417959213257, 0.429569244385, 0.429569244385, 0.452789306641, 0.452788352966, 0.464399337769, 0.452789306641, 0.464399337769, 0.464398384094, 0.441179275513, 0.441179275513, 0.441179275513, 0.441179275513, 0.441178321838, 0.394739151001, 0.394739151001, 0.383129119873, 0.383131027222, 0.348299026489, 0.348299026489, 0.348299026489, 0.336688995361, 0.348299026489, 0.336688995361, 0.348300933838, 0.348299026489, 0.336688995361, 0.325078964233, 0.348299026489, 0.348299026489, 0.348300933838, 0.348299026489, 0.348299026489, 0.348299026489, 0.348299026489, 0.371519088745, 0.371519088745, 0.359910964966, 0.359909057617, 0.336688995361, 0.336688995361, 0.336688995361, 0.336688995361, 0.33669090271, 0.336688995361, 0.336688995361, 0.348299026489, 0.336688995361],
    "onset_times": [0.232199549675, 0.893968224525, 1.5673469305, 4.36535167694, 5.71210861206, 9.18349170685, 9.94975090027, 10.3909301758, 11.2268476486, 14.0829029083, 15.8011789322, 19.8646717072, 20.3987293243, 20.5612697601, 21.1417694092, 24.3809528351],
    "histogram": [[0, 0, 0, 0, 0, 0, 0, 0, 0, 0, 0, 0, 0, 0, 0, 0, 0, 0, 0, 0, 0, 0, 0, 0, 0, 0, 0, 0, 0, 0, 0, 0, 0, 0, 0, 0, 0, 0, 0, 0, 0, 0, 0, 0, 0, 0, 0, 0, 0, 0, 0, 0, 0, 0, 0, 0, 0, 0, 0, 0, 0, 0, 0, 0, 0, 0, 0, 0, 0, 0, 0, 0, 0, 0, 0, 0, 0, 0, 0, 0, 0, 0, 0, 0, 0, 0, 0, 0, 0, 0, 0, 0, 0, 0, 0, 0, 0, 0, 0, 0, 0, 0, 0, 0, 0, 0, 0, 0, 0, 0, 0, 0, 0, 0, 0, 0, 0, 0, 0, 0, 0, 0, 0, 0, 0, 0, 0, 0, 0, 0.0571428574622, 0, 0, 0, 0.114285714924, 0, 0, 0.142857149243, 0, 0, 0, 0.114285714924, 0, 0, 0, 0.0714285746217, 0, 0, 0, 0.0142857143655, 0, 0, 0, 0.0285714287311, 0, 0, 0, 0, 0.0285714287311, 0, 0, 0, 0.0285714287311, 0, 0, 0, 0, 0, 0.0285714287311, 0, 0, 0, 0, 0.20000000298, 0, 0, 0, 0, 0, 0.157142862678, 0, 0, 0, 0, 0, 0, 0.0142857143655, 0, 0, 0, 0, 0, 0, 0, 0, 0, 0, 0, 0, 0, 0, 0, 0, 0, 0, 0, 0, 0, 0, 0, 0, 0, 0, 0, 0, 0, 0, 0, 0, 0, 0, 0, 0, 0, 0, 0, 0, 0, 0, 0, 0, 0, 0, 0, 0, 0, 0, 0, 0, 0, 0, 0, 0, 0, 0, 0, 0, 0, 0, 0, 0]]
},
"sfx": {
    "inharmonicity": {
        "kurt": 5.50357246399,
        "max": 0.460115164518,
        "mean": 0.0470737591386,
        "median": 0.0183554347605,
        "min": 0,
        "skew": 2.27082514763,
        "var": 0.00453559588641
    },
    "oddtoevenharmonicenergyratio": {
        "kurt": 1157.82373047,
        "max": 504.173980713,
        "mean": 1.18636548519,
        "median": 0.204241365194,
        "min": 0,
        "skew": 33.599811554,
        "var": 210.989196777
    },
    "pitch_after_max_to_before_max_energy_ratio": 31.6954307556,
    "pitch_centroid": 556.769592285,
    "pitch_max_to_total": 0.0064568198286,
    "pitch_min_to_total": 0.966101706028,
    "tristimulus": {
        "kurt": [-0.703069925308, -0.158984422684, 0.544481515884],
        "max": [1, 0.885137677193, 0.993779420853],
        "mean": [0.478576362133, 0.344513624907, 0.176909670234],
        "median": [0.477245867252, 0.320152789354, 0.0739927738905],
        "min": [0, 0, 0],
        "skew": [-0.0866077244282, 0.500000417233, 1.07464742661],
        "var": [0.057976346463, 0.0304839257151, 0.0322271734476],
        "cov": [[0.0580231770873, -0.0281392522156, -0.0298839006573], [-0.0281392522156, 0.030508549884, -0.00236930069514], [-0.0298839006573, -0.00236930069514, 0.0322532057762]]
    }
},
"tonal": {
    "chords_changes_rate": 0.156451612711,
    "chords_number_rate": 0.0241935476661,
    "chords_strength": {
        "kurt": -0.25924539566,
