{
"metadata": {
    "version": {
        "essentia": "2.1-beta3"
    }
},
"lowLevel": {
    "average_loudness": 0.957128345966,
    "barkbands_kurtosis": {
        "kurt": 0.786014080048,
        "max": 13.4208774567,
        "mean": 2.15539336205,
        "median": 1.48419857025,
        "min": -1.7835572958,
        "skew": 0.980684399605,
        "var": 8.22068214417
    },
    "barkbands_skewness": {
        "kurt": -0.898623228073,
        "max": 3.26163744926,
        "mean": 0.558484792709,
        "median": 0.449581295252,
        "min": -2.35302734375,
        "skew": -0.0131689962,
        "var": 1.47071254253
    },
    "barkbands_spread": {
        "kurt": 0.258153438568,
        "max": 60.3886909485,
        "mean": 17.4286880493,
        "median": 15.1847782135,
        "min": 1.34947109222,
        "skew": 0.937900364399,
        "var": 171.086471558
    },
    "dissonance": {
        "kurt": 51.6376037598,
        "max": 0.499979823828,
        "mean": 0.476545721292,
        "median": 0.482942312956,
        "min": 0.192203298211,
        "skew": -5.42613697052,
        "var": 0.000686146318913
    },
    "hfc": {
        "kurt": 18.6236362457,
        "max": 357.793151855,
        "mean": 14.8381080627,
        "median": 0.0155841503292,
        "min": 0.000244176364504,
        "skew": 4.21829032898,
        "var": 2743.61499023
    },
    "pitch": {
        "kurt": 2.20087575912,
        "max": 4750.18310547,
        "mean": 1014.43212891,
        "median": 473.835601807,
        "min": 63.795085907,
        "skew": 1.8770096302,
        "var": 1691460.625
    },
    "pitch_instantaneous_confidence": {
        "kurt": -0.689017534256,
        "max": 0.804731726646,
        "mean": 0.382759392262,
        "median": 0.368117630482,
        "min": 0.143108546734,
        "skew": 0.454572916031,
        "var": 0.0238399039954
    },
    "pitch_salience": {
        "kurt": 3.4083275795,
        "max": 0.891345500946,
        "mean": 0.713449954987,
        "median": 0.726389944553,
        "min": 0.32133051753,
        "skew": -1.33168399334,
        "var": 0.00583508377895
    },
    "silence_rate_20dB": {
        "kurt": 0,
        "max": 1,
        "mean": 1,
        "median": 1,
        "min": 1,
        "skew": 0,
        "var": 0
    },
    "silence_rate_30dB": {
        "kurt": 15.2827568054,
        "max": 1,
        "mean": 0.950570344925,
        "median": 1,
        "min": 0,
        "skew": -4.1572432518,
        "var": 0.0469863787293
    },
    "silence_rate_60dB": {
        "kurt": 1.45193624496,
        "max": 1,
        "mean": 0.840304195881,
        "median": 1,
        "min": 0,
        "skew": -1.85793828964,
        "var": 0.1341932863
    },
    "spectral_centroid": {
        "kurt": 0.664726257324,
        "max": 4163.15722656,
        "mean": 1305.0612793,
        "median": 1094.97338867,
        "min": 288.190826416,
        "skew": 1.13650214672,
        "var": 608153.375
    },
    "spectral_complexity": {
        "kurt": 9.06090831757,
        "max": 54,
        "mean": 4.12547540665,
        "median": 0,
        "min": 0,
        "skew": 3.10786437988,
        "var": 120.748512268
    },
    "spectral_crest": {
        "kurt": 1.82652139664,
        "max": 21.4204883575,
        "mean": 8.61349582672,
        "median": 7.94837856293,
        "min": 2.94735217094,
        "skew": 1.18538916111,
        "var": 11.4949588776
    },
    "spectral_decrease": {
        "kurt": 14.4802074432,
        "max": -6.1157249241e-14,
        "mean": -2.76791012332e-09,
        "median": -1.63153008898e-12,
        "min": -5.84357628952e-08,
        "skew": -3.82928299904,
        "var": 8.76814890378e-17
    },
    "spectral_energy": {
        "kurt": 14.8480434418,
        "max": 0.251388192177,
        "mean": 0.0117925824597,
        "median": 7.76901561039e-06,
        "min": 2.52969101666e-07,
        "skew": 3.86597752571,
        "var": 0.00160516274627
    },
    "spectral_energyband_high": {
        "kurt": 63.2817687988,
        "max": 0.00437416369095,
        "mean": 7.64563301345e-05,
        "median": 2.95911803505e-07,
        "min": 9.9849561952e-10,
        "skew": 7.56498908997,
        "var": 1.72589466274e-07
    },
    "spectral_energyband_low": {
        "kurt": 42.437538147,
        "max": 6.43586972728e-05,
        "mean": 1.91939579963e-06,
        "median": 3.67117991118e-07,
        "min": 8.16445577811e-09,
        "skew": 6.32834005356,
        "var": 5.37803274137e-11
    },
    "spectral_energyband_middle_high": {
        "kurt": 15.5665569305,
        "max": 0.23317848146,
        "mean": 0.0107598342001,
        "median": 3.78531626666e-06,
        "min": 7.87915368505e-08,
        "skew": 3.94115591049,
        "var": 0.00136512774043
    },
    "spectral_energyband_middle_low": {
        "kurt": 21.4317474365,
        "max": 0.0389353707433,
        "mean": 0.00151340442244,
        "median": 1.49468246491e-06,
        "min": 3.24966578091e-08,
        "skew": 4.52465009689,
        "var": 3.11363837682e-05
    },
    "spectral_flatness_db": {
        "kurt": 0.117956161499,
        "max": 0.39638119936,
        "mean": 0.18625831604,
        "median": 0.152566358447,
        "min": 0.0979495868087,
        "skew": 1.15698456764,
        "var": 0.00588325690478
    },
    "spectral_flux": {
        "kurt": 5.79452037811,
        "max": 0.342472881079,
        "mean": 0.0322782360017,
        "median": 0.00220916047692,
        "min": 0.000472629995784,
        "skew": 2.65863609314,
        "var": 0.00572650227696
    },
    "spectral_kurtosis": {
        "kurt": 9.45773029327,
        "max": 145.036178589,
        "mean": 14.4095573425,
        "median": 5.80628585815,
        "min": 0.8992831707,
        "skew": 2.9459965229,
        "var": 509.553405762
    },
    "spectral_rms": {
        "kurt": 8.08802700043,
        "max": 0.0156606771052,
        "mean": 0.00126667658333,
        "median": 8.70604781085e-05,
        "min": 1.57098420459e-05,
        "skew": 3.01229691505,
        "var": 9.90047738014e-06
    },
    "spectral_rolloff": {
        "kurt": -0.413548469543,
        "max": 5297.16796875,
        "mean": 2020.109375,
        "median": 1507.32421875,
        "min": 344.53125,
        "skew": 0.876469552517,
        "var": 1851054.5
    },
    "spectral_skewness": {
        "kurt": 2.81563234329,
        "max": 9.24987220764,
        "mean": 2.40352678299,
        "median": 1.89730751514,
        "min": 0.333904892206,
        "skew": 1.71469092369,
        "var": 2.73745512962
    },
    "spectral_spread": {
        "kurt": 4.7893872261,
        "max": 13888458,
        "mean": 3738057.25,
        "median": 4043866.25,
        "min": 601108.875,
        "skew": 0.613137722015,
        "var": 2.58737936794e+12
    },
    "spectral_strongpeak": {
        "kurt": 15.0856552124,
        "max": 10.2435331345,
        "mean": 0.552688956261,
        "median": 0.0204078610986,
        "min": 0.000629438553005,
        "skew": 3.72576713562,
        "var": 2.12349367142
    },
    "zerocrossingrate": {
        "kurt": 0.182310342789,
        "max": 0.17236328125,
        "mean": 0.0715972557664,
        "median": 0.05615234375,
        "min": 0.00830078125,
        "skew": 1.03161692619,
        "var": 0.00112436490599
    },
    "barkbands": {
        "kurt": [29.7664489746, 113.503990173, 80.7690811157, 46.0251998901, 50.0577392578, 61.2243728638, 54.9523429871, 86.0678634644, 44.5740852356, 36.4939155579, 38.6011734009, 22.6168136597, 100.43157959, 63.9011077881, 18.1102905273, 47.26304245, 54.9654960632, 41.6912651062, 80.3816604614, 116.702125549, 60.0109634399, 47.7208251953, 47.5371131897, 56.1840400696, 27.7173137665, 20.2542419434, 77.9617385864],
        "max": [1.49128098315e-07, 1.59714163601e-05, 4.11960063502e-05, 6.02104410063e-05, 0.000429678533692, 0.000827243376989, 0.00145368347876, 0.0131730316207, 0.0176777988672, 0.0806548297405, 0.114657402039, 0.057454045862, 0.0908859968185, 0.0587272644043, 0.00644596107304, 0.0152679160237, 0.0107724769041, 0.00671946909279, 0.0134646007791, 0.00902408361435, 0.00184230215382, 0.000291212985758, 6.12801813986e-05, 8.79551953403e-06, 3.21981610796e-06, 1.4346788646e-07, 1.78704375742e-08],
        "mean": [6.18942630481e-09, 3.03681446212e-07, 7.98283053882e-07, 1.61711307101e-06, 9.98846826405e-06, 1.73773823917e-05, 3.69416411559e-05, 0.000206484590308, 0.000399225275032, 0.00217109639198, 0.00291927461512, 0.00222769798711, 0.00140081334393, 0.00106868043076, 0.000269692041911, 0.000360538280802, 0.000192981213331, 0.000150371692143, 0.000206365832128, 0.000111958368507, 3.26807494275e-05, 6.14743248661e-06, 1.26881263895e-06, 1.73492324507e-07, 1.05038189702e-07, 5.7600861858e-09, 3.09805403553e-10],
        "median": [1.97970306814e-09, 1.08214535999e-07, 1.70754617557e-07, 1.38856677268e-07, 3.88763396586e-07, 3.76667969704e-07, 1.48613153783e-07, 8.37909368556e-08, 1.09207483945e-07, 1.9942660856e-07, 2.83678190272e-07, 3.16051057325e-07, 1.46169639947e-07, 1.37630891572e-07, 1.4730144926e-07, 2.3107948266e-07, 1.19708303714e-07, 1.4027445161e-07, 9.73846923102e-08, 1.38342343803e-07, 1.38273236416e-07, 3.01048466156e-08, 7.06108949089e-09, 1.21134946518e-09, 2.69371386308e-10, 2.53522775689e-11, 6.35292437146e-13],
        "min": [3.47106475507e-11, 4.37334257697e-09, 2.13519713022e-09, 7.48303086162e-10, 1.07511033409e-09, 5.32606714287e-09, 8.73903438503e-09, 6.57803189696e-09, 4.10524192418e-09, 7.17959336427e-09, 4.02041067105e-09, 4.74773020898e-09, 1.60021507156e-09, 3.30526717107e-09, 1.66540636837e-09, 1.51392676173e-09, 4.82298034843e-10, 1.06545028355e-09, 4.34679792161e-10, 6.05383687624e-10, 2.77550454841e-10, 2.35708730312e-10, 1.14516979233e-10, 6.57325860409e-11, 4.23715888764e-11, 6.04437550358e-12, 2.15923077486e-13],
        "skew": [5.22423458099, 9.8263874054, 8.32165718079, 6.47300338745, 6.77662134171, 7.12613725662, 6.65030288696, 8.64409446716, 6.2070069313, 5.74271202087, 5.7939209938, 4.7926068306, 8.97593021393, 7.33477687836, 4.20243740082, 6.39633321762, 7.03476858139, 6.09110641479, 8.18451499939, 9.90382289886, 7.46420955658, 6.67222309113, 6.5747127533, 7.06828641891, 5.10140275955, 4.37741994858, 8.13851833344],
        "var": [3.03831353455e-16, 1.4447903594e-12, 1.18105030963e-11, 4.25228810497e-11, 2.26872742815e-09, 5.59608892559e-09, 1.90686240131e-08, 1.21952484733e-06, 3.14221642839e-06, 8.20998538984e-05, 0.000146032645716, 8.27361218398e-05, 4.96766697324e-05, 2.74043341051e-05, 9.05333934043e-07, 2.53821781371e-06, 1.06021184365e-06, 4.8493700433e-07, 1.25761675918e-06, 4.5759284717e-07, 3.26295861441e-08, 9.42073308252e-10, 3.84093139238e-11, 7.26120444154e-13, 1.80501216729e-13, 4.3686407175e-16, 2.32777454525e-18],
        "cov": [[3.04991020969e-16, 1.63217810984e-14, 3.07917245575e-14, 6.57427806855e-14, 6.56506804215e-13, 9.22718824091e-13, 8.74516279704e-13, 4.40493865342e-12, 1.73625003264e-11, 1.13984197081e-10, 1.50425713552e-10, 6.09618397429e-11, 6.03631797325e-11, 5.32668874287e-11, 8.51116573053e-12, 1.85927922364e-11, 1.27546922676e-11, 9.35200701602e-12, 1.49980080438e-11, 5.98368273333e-12, 1.93810614259e-12, 4.02293812412e-13, 7.78588280545e-14, 9.78113328721e-15, 5.46521454733e-15, 2.69298958396e-16, 1.66929034624e-17], [1.63217810984e-14, 1.45030482849e-12, 2.76737768985e-12, 4.39619087661e-12, 4.31003115142e-11, 7.66659027929e-11, 6.73252634198e-11, 3.4059738363e-10, 9.08089103913e-10, 5.40201350319e-09, 1.18520615544e-08, 2.67912780849e-09, 4.81001727337e-09, 3.78078723884e-09, 5.09852660091e-10, 9.67825042331e-10, 7.51483653083e-10, 6.61755317211e-10, 1.27402954853e-09, 5.32529742525e-10, 1.51409912386e-10, 3.05430750136e-11, 5.47457565392e-12, 7.77535316947e-13, 3.85726769535e-13, 1.82626334303e-14, 9.8929043668e-16], [3.07917245575e-14, 2.76737768985e-12, 1.18555807532e-11, 1.59627207286e-11, 9.3186430794e-11, 1.61119423359e-10, 2.77700057394e-10, 8.31553326197e-10, 2.24856533393e-09, 1.6621095611e-08, 2.17317417395e-08, 8.20585999151e-09, 2.13362216783e-08, 1.38761890867e-08, 1.64501923194e-09, 3.18852277914e-09, 1.60343216482e-09, 1.31667066139e-09, 2.96856073057e-09, 2.11668926831e-09, 5.3578236292e-10, 7.18988896198e-11, 1.49117367759e-11, 2.626418397e-12, 1.0259412677e-12, 5.0834387562e-14, 1.94825158813e-15], [6.57427806855e-14, 4.39619087661e-12, 1.59627207286e-11, 4.26851852475e-11, 2.02355493473e-10, 3.12586095896e-10, 3.48893386404e-10, 2.15912265844e-09, 6.41378505861e-09, 4.49723280838e-08, 4.08333633573e-08, 1.89823960994e-08, 2.34266295251e-08, 1.55630335286e-08, 2.53938248207e-09, 8.67405525184e-09, 3.44661232887e-09, 2.90222912369e-09, 4.70333372249e-09, 2.36187092106e-09, 7.69840136083e-10, 1.21630552852e-10, 2.49066878233e-11, 3.75497419616e-12, 1.729405898e-12, 8.98130853542e-14, 3.89100000321e-15], [6.56506804215e-13, 4.31003115142e-11, 9.3186430794e-11, 2.02355493473e-10, 2.27738672365e-09, 2.98730062909e-09, 2.78837819501e-09, 1.71884302347e-08, 4.26655333285e-08, 3.18578457836e-07, 4.00817299351e-07, 2.00675600581e-07, 1.73403719828e-07, 1.55240101662e-07, 2.39963053872e-08, 5.28051344872e-08, 2.96332913763e-08, 2.66321364961e-08, 4.03214741596e-08, 1.83355108874e-08, 5.38567013209e-09, 1.03984720834e-09, 2.09020342701e-10, 2.87283721118e-11, 1.53938580633e-11, 7.08798525515e-13, 4.73178760714e-14], [9.22718824091e-13, 7.66659027929e-11, 1.61119423359e-10, 3.12586095896e-10, 2.98730062909e-09, 5.61744784022e-09, 4.35693880974e-09, 3.93057426606e-08, 6.06976513495e-08, 4.11969836023e-07, 7.00310522461e-07, 3.13215110737e-07, 2.75778717196e-07, 2.23653117359e-07, 4.23520312154e-08, 7.25238535892e-08, 3.74306132755e-08, 3.90954610907e-08, 6.87734313942e-08, 2.92143749192e-08, 7.88056642165e-09, 1.57845603255e-09, 2.93563812148e-10, 4.3076424372e-11, 2.28505582511e-11, 1.06342712414e-12, 5.42927112773e-14], [8.74516279704e-13, 6.73252634198e-11, 2.77700057394e-10, 3.48893386404e-10, 2.78837819501e-09, 4.35693880974e-09, 1.91414049056e-08, 5.16347533619e-08, 9.62070529908e-08, 5.34246453299e-07, 8.11293773495e-07, 6.57296936879e-07, 6.25427503564e-07, 4.53133054634e-07, 6.24789890935e-08, 8.83883970459e-08, 5.59197950167e-08, 3.88305529953e-08, 7.65693854987e-08, 5.74256482366e-08, 1.47480383461e-08, 2.03493599749e-09, 4.54660697979e-10, 7.46440478872e-11, 3.20197826587e-11, 1.61522032728e-12, 7.20551480353e-14], [4.40493865342e-12, 3.4059738363e-10, 8.31553326197e-10, 2.15912265844e-09, 1.71884302347e-08, 3.93057426606e-08, 5.16347533619e-08, 1.22417952753e-06, 1.03054514966e-06, 3.60054991688e-06, 4.00277031076e-06, 6.60617934045e-06, 1.92208335648e-06, 1.14554939046e-06, 5.30964598511e-07, 7.10266476744e-07, 2.68063274689e-07, 2.09429572351e-07, 3.71033422653e-07, 1.46534361534e-07, 5.27441379461e-08, 9.28991905624e-09, 2.00317384902e-09, 2.82527917728e-10, 1.94370505802e-10, 7.93608581628e-12, 3.73960546774e-13], [1.73625003264e-11, 9.08089103913e-10, 2.24856533393e-09, 6.41378505861e-09, 4.26655333285e-08, 6.06976513495e-08, 9.62070529908e-08, 1.03054514966e-06, 3.15420970765e-06, 1.21943812701e-05, 9.61518799159e-06, 9.26957000047e-06, 5.07793038196e-06, 3.85983230444e-06, 7.40940436117e-07, 1.98431894205e-06, 1.2241382592e-06, 7.50624167267e-07, 1.13107296329e-06, 4.46049085667e-07, 1.75608391828e-07, 3.66600723112e-08, 6.97192925614e-09, 8.10987277333e-10, 4.9433912519e-10, 2.75033867209e-11, 1.47690334355e-12], [1.13984197081e-10, 5.40201350319e-09, 1.6621095611e-08, 4.49723280838e-08, 3.18578457836e-07, 4.11969836023e-07, 5.34246453299e-07, 3.60054991688e-06, 1.21943812701e-05, 8.2413207565e-05, 5.62117638765e-05, 4.76473614981e-05, 3.40618353221e-05, 2.42174919549e-05, 5.11487178301e-06, 1.35197515192e-05, 5.86997475693e-06, 4.42489636043e-06, 6.15474255028e-06, 2.79078631138e-06, 9.6993369425e-07, 1.72662936393e-07, 3.51559528156e-08, 4.85473661271e-09, 2.56471488491e-09, 1.49497178525e-10, 8.71513625156e-12], [1.50425713552e-10, 1.18520615544e-08, 2.17317417395e-08, 4.08333633573e-08, 4.00817299351e-07, 7.00310522461e-07, 8.11293773495e-07, 4.00277031076e-06, 9.61518799159e-06, 5.62117638765e-05, 0.000146590013173, 3.68614637409e-05, 4.61577401438e-05, 4.18672061642e-05, 8.01304850029e-06, 1.06395618786e-05, 8.14340728539e-06, 6.92327239449e-06, 1.10711944217e-05, 4.91079117637e-06, 1.42395367675e-06, 2.86521213866e-07, 5.50282024392e-08, 7.21711534979e-09, 4.11450518101e-09, 2.00888999879e-10, 9.54162877181e-12], [6.09618397429e-11, 2.67912780849e-09, 8.20585999151e-09, 1.89823960994e-08, 2.00675600581e-07, 3.13215110737e-07, 6.57296936879e-07, 6.60617934045e-06, 9.26957000047e-06, 4.76473614981e-05, 3.68614637409e-05, 8.30519056763e-05, 2.29919060075e-05, 1.42134003909e-05, 5.91157640883e-06, 7.77630066295e-06, 3.0051091926e-06, 2.09258359973e-06, 3.31066576109e-06, 1.42858289109e-06, 4.34685944128e-07, 9.24468679386e-08, 2.05071124526e-08, 2.68651234592e-09, 1.97447524997e-09, 9.30609131422e-11, 5.56941298635e-12], [6.03631797325e-11, 4.81001727337e-09, 2.13362216783e-08, 2.34266295251e-08, 1.73403719828e-07, 2.75778717196e-07, 6.25427503564e-07, 1.92208335648e-06, 5.07793038196e-06, 3.40618353221e-05, 4.61577401438e-05, 2.29919060075e-05, 4.98662739119e-05, 3.12473821396e-05, 4.3993240979e-06, 6.34623484075e-06, 3.35657341566e-06, 2.40937561102e-06, 5.41276085642e-06, 4.55476811112e-06, 1.0656149243e-06, 1.42047682061e-07, 3.04517691063e-08, 5.3936211053e-09, 2.26562746342e-09, 1.10670285436e-10, 4.99055007389e-12], [5.32668874287e-11, 3.78078723884e-09, 1.38761890867e-08, 1.55630335286e-08, 1.55240101662e-07, 2.23653117359e-07, 4.53133054634e-07, 1.14554939046e-06, 3.85983230444e-06, 2.42174919549e-05, 4.18672061642e-05, 1.42134003909e-05, 3.12473821396e-05, 2.75089314528e-05, 3.09968913825e-06, 4.3851114242e-06, 3.81847394237e-06, 2.39737664742e-06, 4.28952535003e-06, 3.15949455398e-06, 8.32638761494e-07, 1.25248305949e-07, 2.74355169694e-08, 3.97717236922e-09, 1.7662723506e-09, 8.56486687129e-11, 2.91121402159e-12], [8.51116573053e-12, 5.09852660091e-10, 1.64501923194e-09, 2.53938248207e-09, 2.39963053872e-08, 4.23520312154e-08, 6.24789890935e-08, 5.30964598511e-07, 7.40940436117e-07, 5.11487178301e-06, 8.01304850029e-06, 5.91157640883e-06, 4.3993240979e-06, 3.09968913825e-06, 9.08789445475e-07, 9.48772765241e-07, 4.49797568081e-07, 3.9678570829e-07, 5.75391936763e-07, 3.52113460167e-07, 9.10357584871e-08, 1.52149510768e-08, 3.27828297841e-09, 4.80562811767e-10, 2.88741419663e-10, 1.48127777405e-11, 6.83546589556e-13], [1.85927922364e-11, 9.67825042331e-10, 3.18852277914e-09, 8.67405525184e-09, 5.28051344872e-08, 7.25238535892e-08, 8.83883970459e-08, 7.10266476744e-07, 1.98431894205e-06, 1.35197515192e-05, 1.06395618786e-05, 7.77630066295e-06, 6.34623484075e-06, 4.3851114242e-06, 9.48772765241e-07, 2.54790575127e-06, 1.07877247046e-06, 7.85053259733e-07, 1.11598990316e-06, 5.5942302879e-07, 1.93256312286e-07, 3.27147127166e-08, 6.91757540139e-09, 9.48743084095e-10, 5.00812613602e-10, 2.61803911883e-11, 1.27872701577e-12], [1.27546922676e-11, 7.51483653083e-10, 1.60343216482e-09, 3.44661232887e-09, 2.96332913763e-08, 3.74306132755e-08, 5.59197950167e-08, 2.68063274689e-07, 1.2241382592e-06, 5.86997475693e-06, 8.14340728539e-06, 3.0051091926e-06, 3.35657341566e-06, 3.81847394237e-06, 4.49797568081e-07, 1.07877247046e-06, 1.06425841295e-06, 5.55648739464e-07, 8.35779985664e-07, 3.54462059704e-07, 1.40889454769e-07, 2.75728648802e-08, 5.87487880566e-09, 6.26333207521e-10, 3.49189316351e-10, 1.66328131823e-11, 6.78014339551e-13], [9.35200701602e-12, 6.61755317211e-10, 1.31667066139e-09, 2.90222912369e-09, 2.66321364961e-08, 3.90954610907e-08, 3.88305529953e-08, 2.09429572351e-07, 7.50624167267e-07, 4.42489636043e-06, 6.92327239449e-06, 2.09258359973e-06, 2.40937561102e-06, 2.39737664742e-06, 3.9678570829e-07, 7.85053259733e-07, 5.55648739464e-07, 4.86787882892e-07, 6.63222294861e-07, 2.62121091055e-07, 8.63745839297e-08, 1.83215735916e-08, 3.45529627133e-09, 4.2352935048e-10, 2.39776198896e-10, 1.23953035336e-11, 6.11731693946e-13], [1.49980080438e-11, 1.27402954853e-09, 2.96856073057e-09, 4.70333372249e-09, 4.03214741596e-08, 6.87734313942e-08, 7.65693854987e-08, 3.71033422653e-07, 1.13107296329e-06, 6.15474255028e-06, 1.10711944217e-05, 3.31066576109e-06, 5.41276085642e-06, 4.28952535003e-06, 5.75391936763e-07, 1.11598990316e-06, 8.35779985664e-07, 6.63222294861e-07, 1.26241684484e-06, 5.75578781081e-07, 1.71841691099e-07, 3.22636992678e-08, 6.04609251553e-09, 8.35242652819e-10, 4.04848876645e-10, 1.99303507725e-11, 1.06757951004e-12], [5.98368273333e-12, 5.32529742525e-10, 2.11668926831e-09, 2.36187092106e-09, 1.83355108874e-08, 2.92143749192e-08, 5.74256482366e-08, 1.46534361534e-07, 4.46049085667e-07, 2.79078631138e-06, 4.91079117637e-06, 1.42858289109e-06, 4.55476811112e-06, 3.15949455398e-06, 3.52113460167e-07, 5.5942302879e-07, 3.54462059704e-07, 2.62121091055e-07, 5.75578781081e-07, 4.59339389636e-07, 1.1005435141e-07, 1.53629926558e-08, 3.2157454477e-09, 5.44098099908e-10, 2.28723928686e-10, 1.06349712023e-11, 4.14147259238e-13], [1.93810614259e-12, 1.51409912386e-10, 5.3578236292e-10, 7.69840136083e-10, 5.38567013209e-09, 7.88056642165e-09, 1.47480383461e-08, 5.27441379461e-08, 1.75608391828e-07, 9.6993369425e-07, 1.42395367675e-06, 4.34685944128e-07, 1.0656149243e-06, 8.32638761494e-07, 9.10357584871e-08, 1.93256312286e-07, 1.40889454769e-07, 8.63745839297e-08, 1.71841691099e-07, 1.1005435141e-07, 3.27541265221e-08, 4.83943862761e-09, 1.03730291023e-09, 1.50708973079e-10, 6.47556661071e-11, 3.1764727567e-12, 1.31934434623e-13], [4.02293812412e-13, 3.05430750136e-11, 7.18988896198e-11, 1.21630552852e-10, 1.03984720834e-09, 1.57845603255e-09, 2.03493599749e-09, 9.28991905624e-09, 3.66600723112e-08, 1.72662936393e-07, 2.86521213866e-07, 9.24468679386e-08, 1.42047682061e-07, 1.25248305949e-07, 1.52149510768e-08, 3.27147127166e-08, 2.75728648802e-08, 1.83215735916e-08, 3.22636992678e-08, 1.53629926558e-08, 4.83943862761e-09, 9.45668987562e-10, 1.82332995924e-10, 2.27485027343e-11, 1.19378595551e-11, 5.64092934689e-13, 2.75214150514e-14], [7.78588280545e-14, 5.47457565392e-12, 1.49117367759e-11, 2.49066878233e-11, 2.09020342701e-10, 2.93563812148e-10, 4.54660697979e-10, 2.00317384902e-09, 6.97192925614e-09, 3.51559528156e-08, 5.50282024392e-08, 2.05071124526e-08, 3.04517691063e-08, 2.74355169694e-08, 3.27828297841e-09, 6.91757540139e-09, 5.87487880566e-09, 3.45529627133e-09, 6.04609251553e-09, 3.2157454477e-09, 1.03730291023e-09, 1.82332995924e-10, 3.85559119354e-11, 4.81404629701e-12, 2.42747965826e-12, 1.10613138115e-13, 4.92591756366e-15], [9.78113328721e-15, 7.77535316947e-13, 2.626418397e-12, 3.75497419616e-12, 2.87283721118e-11, 4.3076424372e-11, 7.46440478872e-11, 2.82527917728e-10, 8.10987277333e-10, 4.85473661271e-09, 7.21711534979e-09, 2.68651234592e-09, 5.3936211053e-09, 3.97717236922e-09, 4.80562811767e-10, 9.48743084095e-10, 6.26333207521e-10, 4.2352935048e-10, 8.35242652819e-10, 5.44098099908e-10, 1.50708973079e-10, 2.27485027343e-11, 4.81404629701e-12, 7.28891881747e-13, 3.21863493974e-13, 1.53002729166e-14, 6.72572906301e-16], [5.46521454733e-15, 3.85726769535e-13, 1.0259412677e-12, 1.729405898e-12, 1.53938580633e-11, 2.28505582511e-11, 3.20197826587e-11, 1.94370505802e-10, 4.9433912519e-10, 2.56471488491e-09, 4.11450518101e-09, 1.97447524997e-09, 2.26562746342e-09, 1.7662723506e-09, 2.88741419663e-10, 5.00812613602e-10, 3.49189316351e-10, 2.39776198896e-10, 4.04848876645e-10, 2.28723928686e-10, 6.47556661071e-11, 1.19378595551e-11, 2.42747965826e-12, 3.21863493974e-13, 1.81190159447e-13, 7.97726735878e-15, 3.80936974402e-16], [2.69298958396e-16, 1.82626334303e-14, 5.0834387562e-14, 8.98130853542e-14, 7.08798525515e-13, 1.06342712414e-12, 1.61522032728e-12, 7.93608581628e-12, 2.75033867209e-11, 1.49497178525e-10, 2.00888999879e-10, 9.30609131422e-11, 1.10670285436e-10, 8.56486687129e-11, 1.48127777405e-11, 2.61803911883e-11, 1.66328131823e-11, 1.23953035336e-11, 1.99303507725e-11, 1.06349712023e-11, 3.1764727567e-12, 5.64092934689e-13, 1.10613138115e-13, 1.53002729166e-14, 7.97726735878e-15, 4.38531482576e-16, 2.09546670184e-17], [1.66929034624e-17, 9.8929043668e-16, 1.94825158813e-15, 3.89100000321e-15, 4.73178760714e-14, 5.42927112773e-14, 7.20551480353e-14, 3.73960546774e-13, 1.47690334355e-12, 8.71513625156e-12, 9.54162877181e-12, 5.56941298635e-12, 4.99055007389e-12, 2.91121402159e-12, 6.83546589556e-13, 1.27872701577e-12, 6.78014339551e-13, 6.11731693946e-13, 1.06757951004e-12, 4.14147259238e-13, 1.31934434623e-13, 2.75214150514e-14, 4.92591756366e-15, 6.72572906301e-16, 3.80936974402e-16, 2.09546670184e-17, 2.33665929221e-18]]
    },
    "mfcc": {
        "kurt": [1.61969661713, -0.0707521438599, -0.716418504715, 0.15128827095, 0.973454713821, 0.984495401382, 0.062441110611, 0.511531352997, 1.75737857819, 0.197268724442, 0.537419557571, 1.2058634758, 1.17686223984],
        "max": [-536.212463379, 190.712249756, 50.7520484924, 64.7910766602, 20.2186126709, 20.7560424805, 31.6408309937, 30.5752086639, 31.4935417175, 11.2064609528, 18.2680473328, 14.6819915771, 18.2591400146],
        "mean": [-972.239013672, 84.8482971191, -24.2610092163, -2.27694010735, -10.7666292191, -0.607770204544, 2.43682837486, -2.15384435654, -1.05727434158, -8.67707633972, -8.38321399689, -3.86806368828, -0.53088504076],
        "median": [-1014.9788208, 69.2934341431, -13.4585571289, 11.2133369446, -3.42811584473, -0.498184204102, 1.85000991821, -2.32473754883, -1.62094116211, -7.59562301636, -7.18280982971, -2.79392242432, -0.365669250488],
        "min": [-1124.70788574, 12.2885856628, -177.443359375, -108.736671448, -84.7211608887, -34.1547317505, -33.4507141113, -27.2643737793, -37.4735794067, -31.1183929443, -34.8305282593, -37.5847625732, -28.5995292664],
        "skew": [1.47858154774, 1.01810014248, -0.678211033344, -1.00052261353, -1.29020023346, -0.419130057096, 0.0576087236404, 0.23266902566, 0.0871596634388, -0.310112178326, -0.386137843132, -0.672400295734, -0.43461945653],
        "var": [18158.1328125, 1550.7598877, 3973.59326172, 1359.08422852, 456.016937256, 88.232170105, 110.059455872, 100.718162537, 81.6686096191, 61.5803146362, 68.032951355, 62.6035614014, 48.654548645],
        "cov": [[18227.4394531, 3220.59619141, -7952.04199219, -2716.61425781, -2295.76953125, -127.736846924, 126.683357239, 266.286254883, -53.0644416809, -142.971847534, -20.7611160278, -536.275695801, -33.1507492065], [3220.59619141, 1556.67883301, -1348.12487793, -1348.68139648, -529.714660645, -79.234336853, 10.3320112228, 6.41475868225, -89.4489135742, 22.522983551, 30.8768787384, -72.6635818481, 24.2666416168], [-7952.04199219, -1348.12487793, 3988.75952148, 1282.4296875, 939.979736328, 15.0156850815, -70.1100692749, -188.23526001, -58.4388923645, 111.291732788, 20.1087608337, 254.386444092, 6.96456432343], [-2716.61425781, -1348.68139648, 1282.4296875, 1364.27160645, 498.255706787, 27.631772995, -25.1970481873, -46.4701766968, 59.6600418091, -40.1981773376, -53.1799201965, 60.3695220947, -45.8587608337], [-2295.76953125, -529.714660645, 939.979736328, 498.255706787, 457.757446289, 28.885679245, -48.1475791931, 18.9242172241, 8.37435054779, -20.1823272705, -14.3657236099, 31.4186515808, -12.3002586365], [-127.736846924, -79.234336853, 15.0156850815, 27.631772995, 28.885679245, 88.5689315796, 41.0455932617, 8.47070503235, 24.818693161, -13.3260259628, -18.7753143311, 0.795293271542, -11.1647453308], [126.683357239, 10.3320112228, -70.1100692749, -25.1970481873, -48.1475791931, 41.0455932617, 110.479530334, -6.94645214081, 6.83552312851, 1.67885291576, -29.9739265442, 9.12028217316, -7.41587495804], [266.286254883, 6.41475868225, -188.23526001, -46.4701766968, 18.9242172241, 8.47070503235, -6.94645214081, 101.102584839, 14.8824920654, -22.0999259949, 15.3785037994, -31.9777469635, -5.87085962296], [-53.0644416809, -89.4489135742, -58.4388923645, 59.6600418091, 8.37435054779, 24.818693161, 6.83552312851, 14.8824920654, 81.9803161621, 1.13662075996, -25.9944782257, -2.24239659309, -15.3874378204], [-142.971847534, 22.522983551, 111.291732788, -40.1981773376, -20.1823272705, -13.3260259628, 1.67885291576, -22.0999259949, 1.13662075996, 61.8153533936, 21.0305042267, 8.93100547791, 5.93691062927], [-20.7611160278, 30.8768787384, 20.1087608337, -53.1799201965, -14.3657236099, -18.7753143311, -29.9739265442, 15.3785037994, -25.9944782257, 21.0305042267, 68.2926177979, 6.96132802963, 2.12770581245], [-536.275695801, -72.6635818481, 254.386444092, 60.3695220947, 31.4186515808, 0.795293271542, 9.12028217316, -31.9777469635, -2.24239659309, 8.93100547791, 6.96132802963, 62.8425064087, 19.937795639], [-33.1507492065, 24.2666416168, 6.96456432343, -45.8587608337, -12.3002586365, -11.1647453308, -7.41587495804, -5.87085962296, -15.3874378204, 5.93691062927, 2.12770581245, 19.937795639, 48.8402519226]]
    },
    "sccoeffs": {
        "kurt": [3.03438806534, 2.93864965439, 1.48985004425, 1.4866771698, 0.470966100693, -0.681966543198],
        "max": [-0.578582286835, -0.556995034218, -0.465021401644, -0.551777482033, -0.639980852604, -0.650879621506],
        "mean": [-0.815337121487, -0.826755821705, -0.829406201839, -0.826732873917, -0.846760928631, -0.783499658108],
        "median": [-0.82940018177, -0.846471071243, -0.863975465298, -0.853249967098, -0.865039765835, -0.781392216682],
        "min": [-0.904956042767, -0.963958203793, -0.936132013798, -0.927126586437, -0.917848050594, -0.921220064163],
        "skew": [1.6966432333, 1.67500829697, 1.44834089279, 1.33924233913, 1.10741794109, 0.238271668553],
        "var": [0.00368636497296, 0.00500267231837, 0.00845733750612, 0.00660966802388, 0.00301843252964, 0.00272972648963],
        "cov": [[0.00370043516159, 0.00191574555356, 0.00346413161606, 0.00326255266555, 0.00179175892845, 0.000955816009082], [0.00191574555356, 0.00502176629379, 0.00416720146313, 0.00364319141954, 0.00168115145061, 0.000392332236515], [0.00346413161606, 0.00416720146313, 0.00848961807787, 0.00645091803744, 0.00370807852596, 0.00168785790447], [0.00326255266555, 0.00364319141954, 0.00645091803744, 0.00663489568979, 0.00334614259191, 0.00183534191456], [0.00179175892845, 0.00168115145061, 0.00370807852596, 0.00334614259191, 0.00302995322272, 0.0016008525854], [0.000955816009082, 0.000392332236515, 0.00168785790447, 0.00183534191456, 0.0016008525854, 0.00274014519528]]
    },
    "scvalleys": {
        "kurt": [5.90981483459, 0.73055434227, -0.0479066371918, -0.0533065795898, 1.6549077034, 1.84495973587],
        "max": [-6.73680210114, -5.09078931808, -3.47142553329, -4.62111949921, -5.2397518158, -8.77583312988],
        "mean": [-9.38131713867, -8.99289989471, -8.72571372986, -9.47665596008, -10.1825685501, -12.9241466522],
        "median": [-9.45875263214, -9.54796123505, -9.55304718018, -10.0728826523, -10.4529752731, -13.3293428421],
        "min": [-11.2685346603, -10.760020256, -11.1914873123, -11.9432973862, -12.9309272766, -14.3140630722],
        "skew": [1.62964904308, 1.3453861475, 1.02858400345, 0.950960040092, 1.35475718975, 1.5352088213],
        "var": [0.26960632205, 1.63178682327, 4.18425989151, 3.83211517334, 2.39658737183, 1.56530165672],
        "cov": [[0.27063536644, 0.436218321323, 0.623925805092, 0.592123270035, 0.510567963123, 0.405517995358], [0.436218321323, 1.63801503181, 2.44447684288, 2.2179684639, 1.49209070206, 1.20765018463], [0.623925805092, 2.44447684288, 4.20023012161, 3.86552715302, 2.60920095444, 2.07815718651], [0.592123270035, 2.2179684639, 3.86552715302, 3.84674167633, 2.73296380043, 2.16150808334], [0.510567963123, 1.49209070206, 2.60920095444, 2.73296380043, 2.40573477745, 1.87617838383], [0.405517995358, 1.20765018463, 2.07815718651, 2.16150808334, 1.87617838383, 1.5712761879]]
    }
},
"rhythm": {
    "beats_loudness": {
        "kurt": -0.034033536911,
        "max": 0.146621868014,
        "mean": 0.0315235070884,
        "median": 2.00724589376e-05,
        "min": 9.78492607828e-07,
        "skew": 1.3268045187,
        "var": 0.00290248496458
    },
    "bpm": 136.053039551,
    "confidence": 2.5,
    "first_peak_bpm": {
        "kurt": 0,
        "max": 136,
        "mean": 136,
        "median": 136,
        "min": 136,
        "skew": 0,
        "var": 0
    },
    "first_peak_spread": {
        "kurt": 0,
        "max": 0.571428596973,
        "mean": 0.571428596973,
        "median": 0.571428596973,
        "min": 0.571428596973,
        "skew": 0,
        "var": 0
    },
    "first_peak_weight": {
        "kurt": 0,
        "max": 0.25,
        "mean": 0.25,
        "median": 0.25,
        "min": 0.25,
        "skew": 0,
        "var": 0
    },
    "onset_rate": 1.15335464478,
    "second_peak_bpm": {
        "kurt": 0,
        "max": 144,
        "mean": 144,
        "median": 144,
        "min": 144,
        "skew": 0,
        "var": 0
    },
    "second_peak_spread": {
        "kurt": 0,
        "max": 0.25,
        "mean": 0.25,
        "median": 0.25,
        "min": 0.25,
        "skew": 0,
        "var": 0
    },
    "second_peak_weight": {
        "kurt": 0,
        "max": 0.25,
        "mean": 0.25,
        "median": 0.25,
        "min": 0.25,
        "skew": 0,
        "var": 0
    },
    "beats_loudness_band_ratio": {
        "kurt": [-0.0470643043518, -1.12178122997, 0.128613948822, -1.41605317593, 0.523447275162, 1.11086130142],
        "max": [0.417961359024, 0.472079128027, 0.353312909603, 0.892904102802, 0.51476252079, 0.349470227957],
        "mean": [0.107919409871, 0.152218326926, 0.133704915643, 0.426563918591, 0.147745206952, 0.0834103301167],
        "median": [0.0191398113966, 0.0363808199763, 0.0985204204917, 0.363495349884, 0.0853387564421, 0.0465342067182],
        "min": [1.38977011375e-05, 0.000444523117039, 0.0111983641982, 0.0464535728097, 0.0312705859542, 0.00149412488099],
        "skew": [1.11032235622, 0.751748204231, 1.02101778984, 0.250069022179, 1.43012833595, 1.56515145302],
        "var": [0.0181457772851, 0.0311326012015, 0.00903457775712, 0.0833926871419, 0.0234910361469, 0.0108705079183],
        "cov": [[0.0196579247713, 0.0207589808851, -0.00131743086968, -0.0291421357542, -0.00912897661328, -0.000645320687909], [0.0207589808851, 0.0337269864976, -0.00193029083312, -0.0406109020114, -0.0126396631822, -0.00096972117899], [-0.00131743086968, -0.00193029083312, 0.00978745892644, -0.000183859447134, 0.00188076961786, -0.00367745594122], [-0.0291421357542, -0.0406109020114, -0.000183859447134, 0.0903420746326, -0.00840853434056, -0.0132873533294], [-0.00912897661328, -0.0126396631822, 0.00188076961786, -0.00840853434056, 0.025448622182, 0.00545064406469], [-0.000645320687909, -0.00096972117899, -0.00367745594122, -0.0132873533294, 0.00545064406469, 0.0117763839662]]
    },
    "beats_position": [0.452789098024, 0.905578196049, 1.35836732388, 1.78793644905, 2.18267560005, 2.58902478218, 3.00698399544, 3.43655323982, 3.85451245308, 4.29569149017, 4.73687076569, 5.17804956436, 5.59600877762],
    "bpm_estimates": [132.512023926, 132.512008667, 139.674835205, 139.674804688, 135.999206543, 135.999130249, 135.999282837],
    "bpm_intervals": [0.452789098024, 0.452789127827, 0.429569125175, 0.394739151001, 0.406349182129, 0.417959213257, 0.429569244385, 0.417959213257, 0.441179037094, 0.441179275513, 0.441178798676, 0.417959213257],
    "onset_times": [0.197369620204, 0.301859408617, 1.45124721527, 1.82276642323, 3.45977330208, 3.88934230804, 5.74693870544],
    "histogram": [[0, 0, 0, 0, 0, 0, 0, 0, 0, 0, 0, 0, 0, 0, 0, 0, 0, 0, 0, 0, 0, 0, 0, 0, 0, 0, 0, 0, 0, 0, 0, 0, 0, 0, 0, 0, 0, 0, 0, 0, 0, 0, 0, 0, 0, 0, 0, 0, 0, 0, 0, 0, 0, 0, 0, 0, 0, 0, 0, 0, 0, 0, 0, 0, 0, 0, 0, 0, 0, 0, 0, 0, 0, 0, 0, 0, 0, 0, 0, 0, 0, 0, 0, 0, 0, 0, 0, 0, 0, 0, 0, 0, 0, 0, 0, 0, 0, 0, 0, 0, 0, 0, 0, 0, 0, 0, 0, 0, 0, 0, 0, 0, 0, 0, 0, 0, 0, 0, 0, 0, 0, 0, 0, 0, 0, 0, 0, 0, 0, 0, 0, 0, 0, 0.166666671634, 0, 0, 0.25, 0, 0, 0, 0.166666671634, 0, 0, 0, 0.25, 0, 0, 0, 0.0833333358169, 0, 0, 0, 0.0833333358169, 0, 0, 0, 0, 0, 0, 0, 0, 0, 0, 0, 0, 0, 0, 0, 0, 0, 0, 0, 0, 0, 0, 0, 0, 0, 0, 0, 0, 0, 0, 0, 0, 0, 0, 0, 0, 0, 0, 0, 0, 0, 0, 0, 0, 0, 0, 0, 0, 0, 0, 0, 0, 0, 0, 0, 0, 0, 0, 0, 0, 0, 0, 0, 0, 0, 0, 0, 0, 0, 0, 0, 0, 0, 0, 0, 0, 0, 0, 0, 0, 0, 0, 0, 0, 0, 0, 0, 0, 0, 0, 0, 0, 0, 0, 0, 0, 0]]
},
"sfx": {
    "inharmonicity": {
        "kurt": 1.58366298676,
        "max": 0.422618031502,
        "mean": 0.0785980895162,
        "median": 0.0425382889807,
        "min": 0,
        "skew": 1.48766171932,
        "var": 0.00884869787842
    },
    "oddtoevenharmonicenergyratio": {
        "kurt": 253.178924561,
        "max": 538.161376953,
        "mean": 3.38705396652,
        "median": 0.565376996994,
        "min": 0,
        "skew": 15.9051170349,
        "var": 1101.78088379
    },
    "pitch_after_max_to_before_max_energy_ratio": 0.159191086888,
    "pitch_centroid": 124.143951416,
    "pitch_max_to_total": 0.737642586231,
    "pitch_min_to_total": 0.212927758694,
    "tristimulus": {
        "kurt": [-0.962872505188, -0.889739274979, -0.59969329834],
        "max": [1, 0.958674788475, 0.952154159546],
        "mean": [0.381565868855, 0.382141023874, 0.236293196678],
        "median": [0.266063660383, 0.359527081251, 0.184284850955],
        "min": [0, 0, 0],
        "skew": [0.6849437356, 0.340463757515, 0.660492658615],
        "var": [0.120147936046, 0.0725863277912, 0.0570275746286],
        "cov": [[0.120606519282, -0.0681123360991, -0.0524941459298], [-0.0681123360991, 0.0728633776307, -0.00475105736405], [-0.0524941459298, -0.00475105736405, 0.0572452358902]]
    }
},
"tonal": {
    "chords_changes_rate": 0.0833333358169,
    "chords_number_rate": 0.0303030312061,
    "chords_strength": {
        "kurt": -1.07137441635,
        "max": 0.610748946667,
        "mean": 0.49757245183,
        "median": 0.519669175148,
        "min": 0.333679139614,
        "skew": -0.453361362219,
        "var": 0.00573207484558
    },
    "key_strength": 0.487486720085,
    "tuning_diatonic_strength": 0.606456935406,
    "tuning_equal_tempered_deviation": 0.225429341197,
    "tuning_frequency": 453.678466797,
    "tuning_nontempered_energy_ratio": 0.910168349743,
    "hpcp": {
        "kurt": [2.90722799301, 2.52438306808, 2.01614999771, 1.86506175995, 0.366973161697, -0.279001951218, -0.267485380173, -0.642862796783, -1.21052026749, -1.29364097118, -0.507970571518, 1.00844335556, 1.65984201431, -0.557582616806, -0.506325960159, 1.40058946609, 4.71077823639, 4.3995141983, 9.50752735138, 3.8284702301, 7.04167938232, 4.99523735046, 3.30705547333, 0.250319719315, -0.465279817581, 0.219738483429, 2.90815973282, 3.30193138123, 3.01153755188, 2.82474184036, 2.05162620544, 3.29850530624, 3.92417430878, 4.20640277863, 4.78852987289, 2.0526471138],
        "max": [1, 1, 1, 1, 1, 1, 1, 1, 1, 1, 1, 1, 1, 1, 1, 1, 1, 0.779740393162, 0.992454886436, 0.662665367126, 0.782068967819, 0.82629185915, 1, 1, 1, 1, 1, 1, 0.93576413393, 1, 1, 1, 1, 0.980174481869, 1, 0.79836589098],
        "mean": [0.197998344898, 0.256624877453, 0.300105005503, 0.294124692678, 0.304276555777, 0.349462926388, 0.340637266636, 0.384311854839, 0.490420728922, 0.484259307384, 0.36671808362, 0.26411896944, 0.259095489979, 0.34665825963, 0.347297251225, 0.241063654423, 0.17313028872, 0.131158083677, 0.124831244349, 0.122599251568, 0.116826869547, 0.138960510492, 0.208669215441, 0.308490991592, 0.337669372559, 0.279907256365, 0.240652322769, 0.234472155571, 0.205364942551, 0.199443250895, 0.227089598775, 0.235490500927, 0.210427999496, 0.191524997354, 0.186963260174, 0.175502315164],
