{
"metadata": {
    "version": {
        "essentia": "2.1-beta3"
    }
},
"lowLevel": {
    "average_loudness": 0.441097229719,
    "barkbands_kurtosis": {
        "kurt": 14.8256244659,
        "max": 90.8668365479,
        "mean": 6.68778371811,
        "median": 2.7201192379,
        "min": -1.62095916271,
        "skew": 3.50665998459,
        "var": 131.84513855
    },
    "barkbands_skewness": {
        "kurt": 3.29108572006,
        "max": 8.02267360687,
        "mean": 1.45455038548,
        "median": 1.18181443214,
        "min": -2.07309174538,
        "skew": 1.39389514923,
        "var": 1.8227673769
    },
    "barkbands_spread": {
        "kurt": 2.8518948555,
        "max": 38.9795646667,
        "mean": 7.55048179626,
        "median": 5.51815891266,
        "min": 0.22379027307,
        "skew": 1.55990588665,
        "var": 37.3256454468
    },
    "dissonance": {
        "kurt": 3.51031589508,
        "max": 0.499999940395,
        "mean": 0.437623172998,
        "median": 0.460266053677,
        "min": 0.13488714397,
        "skew": -1.79896426201,
        "var": 0.00410202797502
    },
    "hfc": {
        "kurt": 119.530326843,
        "max": 36.9961280823,
        "mean": 0.543203115463,
        "median": 0.00290712318383,
        "min": 7.69276994106e-06,
        "skew": 9.2835817337,
        "var": 4.7860827446
    },
    "pitch": {
        "kurt": 36.1614265442,
        "max": 3516.0144043,
        "mean": 473.985839844,
        "median": 482.974060059,
        "min": 69.8885879517,
        "skew": 3.1302895546,
        "var": 55082.8945312
    },
    "pitch_instantaneous_confidence": {
        "kurt": -1.04218530655,
        "max": 0.971557617188,
        "mean": 0.545990288258,
        "median": 0.5213778615,
        "min": 0.131471693516,
        "skew": 0.240117549896,
        "var": 0.0505433827639
    },
    "pitch_salience": {
        "kurt": 0.344967365265,
        "max": 0.910810709,
        "mean": 0.600366592407,
        "median": 0.637137651443,
        "min": 0.110102914274,
        "skew": -0.922765612602,
        "var": 0.0231482107192
    },
    "silence_rate_20dB": {
        "kurt": 0,
        "max": 1,
        "mean": 1,
        "median": 1,
        "min": 1,
        "skew": 0,
        "var": 0
    },
    "silence_rate_30dB": {
        "kurt": 0,
        "max": 1,
        "mean": 1,
        "median": 1,
        "min": 1,
        "skew": 0,
        "var": 0
    },
    "silence_rate_60dB": {
        "kurt": 12.1288290024,
        "max": 1,
        "mean": 0.94140625,
        "median": 1,
        "min": 0,
        "skew": -3.75881934166,
        "var": 0.0551605224609
    },
    "spectral_centroid": {
        "kurt": 0.705266714096,
        "max": 1643.875,
        "mean": 754.230163574,
        "median": 726.371948242,
        "min": 355.271514893,
        "skew": 0.688974261284,
        "var": 35708.6523438
    },
    "spectral_complexity": {
        "kurt": 17.7776622772,
        "max": 19,
        "mean": 1.00520837307,
        "median": 0,
        "min": 0,
        "skew": 4.04339122772,
        "var": 7.31241846085
    },
    "spectral_crest": {
        "kurt": -0.254356384277,
        "max": 25.8056850433,
        "mean": 11.8027639389,
        "median": 10.8205566406,
        "min": 2.7003390789,
        "skew": 0.689473927021,
        "var": 27.0929775238
    },
    "spectral_decrease": {
        "kurt": 114.565238953,
        "max": -1.7004486054e-15,
        "mean": -1.54908169625e-10,
        "median": -1.013791915e-12,
        "min": -9.2634033777e-09,
        "skew": -8.84867763519,
        "var": 3.03017790923e-19
    },
    "spectral_energy": {
        "kurt": 115.376922607,
        "max": 0.0383178442717,
        "mean": 0.000633928342722,
        "median": 4.03605372412e-06,
        "min": 7.11566094935e-09,
        "skew": 8.89626216888,
        "var": 5.16741920364e-06
    },
    "spectral_energyband_high": {
        "kurt": 142.476913452,
        "max": 0.000190987673705,
        "mean": 1.78691846031e-06,
        "median": 5.65432234367e-09,
        "min": 2.15395645764e-10,
        "skew": 10.7597970963,
        "var": 1.22895527088e-10
    },
    "spectral_energyband_low": {
        "kurt": 31.0126953125,
        "max": 1.71773467628e-06,
        "mean": 7.63210508126e-08,
        "median": 2.17074429543e-08,
        "min": 3.53119894436e-10,
        "skew": 4.76734638214,
        "var": 2.38951789128e-14
    },
    "spectral_energyband_middle_high": {
        "kurt": 222.841308594,
        "max": 0.0339519046247,
        "mean": 0.000291136937449,
        "median": 8.64516550791e-07,
        "min": 3.3200331373e-09,
        "skew": 13.1291007996,
        "var": 2.85725195681e-06
    },
    "spectral_energyband_middle_low": {
        "kurt": 19.7580909729,
        "max": 0.00810925010592,
        "mean": 0.000348269211827,
        "median": 3.23120593748e-06,
        "min": 3.00877456283e-09,
        "skew": 4.01372623444,
        "var": 8.46432385515e-07
    },
    "spectral_flatness_db": {
        "kurt": -0.745708465576,
        "max": 0.549813210964,
        "mean": 0.257131755352,
        "median": 0.258701086044,
        "min": 0.0865495204926,
        "skew": 0.298583358526,
        "var": 0.00992890633643
    },
    "spectral_flux": {
        "kurt": 6.74788475037,
        "max": 0.111672401428,
        "mean": 0.0102988677099,
        "median": 0.00160597381182,
        "min": 9.93178546196e-05,
        "skew": 2.49345588684,
        "var": 0.000320007966366
    },
    "spectral_kurtosis": {
        "kurt": 2.71187496185,
        "max": 123.116874695,
        "mean": 23.9190444946,
        "median": 18.4103393555,
        "min": 0.787097454071,
        "skew": 1.49962794781,
        "var": 345.363922119
    },
    "spectral_rms": {
        "kurt": 12.1299228668,
        "max": 0.00611418532208,
        "mean": 0.000381691468647,
        "median": 6.27504050499e-05,
        "min": 2.63478818852e-06,
        "skew": 2.9912519455,
        "var": 4.72778083349e-07
    },
    "spectral_rolloff": {
        "kurt": 6.24752902985,
        "max": 3466.84570312,
        "mean": 1028.82788086,
        "median": 968.994140625,
        "min": 366.064453125,
        "skew": 1.6258161068,
        "var": 161594.828125
    },
    "spectral_skewness": {
        "kurt": 0.473145008087,
        "max": 9.14422416687,
        "mean": 3.6526196003,
        "median": 3.47044157982,
        "min": 1.22769355774,
        "skew": 0.788257598877,
        "var": 1.75477027893
    },
    "spectral_spread": {
        "kurt": 1.4785284996,
        "max": 10408276,
        "mean": 2840344.25,
        "median": 2429354.5,
        "min": 669382.8125,
        "skew": 1.13086271286,
        "var": 2.18478818099e+12
    },
    "spectral_strongpeak": {
        "kurt": 8.22085094452,
        "max": 1.85149431229,
        "mean": 0.13729429245,
        "median": 0.0186735540628,
        "min": 9.86870581983e-05,
        "skew": 2.7757589817,
        "var": 0.0719408094883
    },
    "zerocrossingrate": {
        "kurt": 0.201177597046,
        "max": 0.0859375,
        "mean": 0.0398120880127,
        "median": 0.0380859375,
        "min": 0.017578125,
        "skew": 0.66793268919,
        "var": 0.000134745176183
    },
    "barkbands": {
        "kurt": [192.536514282, 42.8681907654, 45.1815071106, 37.0191764832, 79.8183822632, 75.364730835, 61.1675872803, 41.787197113, 46.9005737305, 450.212310791, 181.181549072, 56.9377059937, 75.7893295288, 244.842666626, 115.094512939, 202.074615479, 230.567184448, 205.042175293, 243.347885132, 230.104293823, 176.768203735, 83.5221405029, 38.042881012, 99.184463501, 355.866424561, 215.478546143, 104.143592834],
        "max": [6.00324279176e-09, 1.29871708054e-07, 9.95839627649e-07, 2.08478741115e-06, 3.01742056763e-05, 0.000537858111784, 0.0051787015982, 0.00587353622541, 0.00338006252423, 0.0210376437753, 0.00664769392461, 0.00328703504056, 0.00373862474225, 0.00365199171938, 0.00106322055217, 0.000285937800072, 0.000397131574573, 0.000222877279157, 8.48603740451e-05, 2.56239400187e-05, 0.000185866927495, 1.19467658806e-05, 1.27750286083e-06, 4.62366386955e-07, 2.70550145842e-07, 9.63746416005e-09, 1.57312529669e-09],
        "mean": [9.79984218774e-11, 5.52040768653e-09, 3.57442964116e-08, 7.58331140105e-08, 6.5197167487e-07, 1.01160449049e-05, 9.7836185887e-05, 0.000150329287862, 7.68413010519e-05, 7.73325955379e-05, 5.24664210388e-05, 6.29472342553e-05, 5.81166641496e-05, 2.58990457951e-05, 1.21020557344e-05, 2.50029984272e-06, 2.61317200057e-06, 1.5712688537e-06, 5.98340022862e-07, 2.26269889936e-07, 1.4321440176e-06, 1.88786614785e-07, 3.52103590728e-08, 6.2352305541e-09, 1.68841507442e-09, 8.99842769742e-11, 2.3046493533e-11],
        "median": [3.5833117723e-11, 2.28791630086e-09, 1.05916591053e-08, 1.33651738565e-08, 4.87906000046e-08, 5.65433104782e-08, 2.16615262616e-07, 7.74914838075e-07, 3.89719218674e-07, 1.1454190485e-07, 1.57213150942e-07, 1.20131971926e-07, 8.75078285389e-08, 3.03223508524e-08, 1.7066634328e-08, 5.31859090103e-09, 5.52807755128e-09, 5.42640599122e-09, 3.08033998309e-09, 2.37511921242e-09, 2.86087376011e-09, 8.29724955409e-10, 1.78956433006e-10, 6.55497531254e-11, 3.20319396008e-11, 1.77793803985e-12, 1.07562010243e-13],
        "min": [9.86622147371e-14, 3.83728708531e-11, 5.91056092958e-11, 1.24817489677e-10, 1.33312819117e-10, 1.66733543638e-10, 8.30109869732e-11, 3.47541828649e-10, 7.36449623506e-10, 2.93271129603e-10, 3.98876376373e-10, 1.21704243905e-10, 3.58051172045e-10, 1.94737143078e-10, 1.68640296172e-10, 7.4142032791e-11, 5.84694168082e-11, 1.24179789715e-11, 6.0145680103e-11, 6.52626910846e-11, 1.07183574516e-10, 5.41086168926e-11, 1.29864183643e-11, 3.4061607701e-12, 3.7886074486e-12, 4.44901033332e-13, 2.36753128766e-14],
        "skew": [12.1658306122, 5.72857809067, 5.49078798294, 5.11409187317, 7.76626253128, 7.95273733139, 6.94490289688, 5.44377040863, 6.1909866333, 20.0808963776, 13.0410747528, 7.23493528366, 8.00265884399, 14.3930158615, 10.0388145447, 13.0449819565, 13.7898340225, 13.2148418427, 14.3422527313, 13.5932445526, 11.9986515045, 8.54520606995, 5.9685049057, 8.90309429169, 17.1339359283, 13.38301754, 9.44758892059],
        "var": [9.85696335264e-20, 1.27158875678e-16, 5.69870383792e-15, 3.00289646122e-14, 4.5140926587e-12, 2.00372118897e-09, 1.64865397778e-07, 2.2119856169e-07, 8.74983925314e-08, 7.59590648158e-07, 1.81665640753e-07, 9.98178606437e-08, 8.59200213199e-08, 3.4282823691e-08, 5.4904218949e-09, 2.86361850899e-10, 3.94879157151e-10, 1.38385636284e-10, 1.80118402832e-11, 1.70113955474e-12, 1.02244046563e-10, 9.06221766465e-13, 2.27190228436e-14, 9.54673364796e-16, 1.41397790689e-16, 2.64692445192e-19, 1.34539416058e-20],
        "cov": [[9.86981437894e-20, 5.56214958842e-19, 5.90618620609e-18, 9.24245542507e-18, 1.26286206749e-16, 7.021151391e-15, 2.56841514609e-14, 5.36832880124e-14, 3.26787072879e-14, 1.21116915867e-13, 4.91175398693e-14, 4.85467311425e-14, 4.53750704816e-14, 1.06475361839e-14, 5.69677175577e-15, 2.3514875519e-15, 1.94355796681e-15, 7.16829266064e-16, 6.05490702675e-16, 1.08914487443e-16, 9.7450251197e-16, 1.23770783593e-16, 1.78546256931e-17, 4.8768612634e-18, 2.05180889493e-18, 8.85324301032e-20, 4.84348902994e-21], [5.56214958842e-19, 1.27324669142e-16, 4.24480794168e-16, 8.26799712425e-16, 3.89486289696e-15, 3.71450239274e-14, 1.77501107345e-14, 1.88478491711e-13, 1.15744816075e-13, 2.28189515894e-12, 7.04295671262e-13, 7.60982422909e-13, 4.30437423985e-13, 5.3857583676e-14, 5.42590874574e-14, 3.55525850459e-14, 3.03348891958e-14, 2.75980800035e-14, 1.08374172538e-14, 1.71579895999e-15, 9.49165723639e-15, 1.57701896433e-15, 3.24932188251e-16, 6.33726095985e-17, 3.21222157472e-17, 1.24108452368e-18, 1.24242411683e-19], [5.90618620609e-18, 4.24480794168e-16, 5.70613358742e-15, 7.46000974888e-15, 5.21497111445e-14, 5.82515643794e-13, 4.786889201e-13, 3.06644835392e-12, 2.40698411723e-12, 1.36854113111e-11, 4.52161225128e-12, 6.09580571784e-12, 3.93733960366e-12, 6.22076121084e-13, 4.87941393019e-13, 2.39035896112e-13, 1.82900908503e-13, 1.70178704028e-13, 6.83340984167e-14, 1.09991802179e-14, 8.62822522305e-14, 9.97508604444e-15, 2.04061798993e-15, 4.45627104045e-16, 2.2851741895e-16, 9.02340393679e-18, 6.69970077451e-19], [9.24245542507e-18, 8.26799712425e-16, 7.46000974888e-15, 3.0068114475e-14, 1.15630161696e-13, 1.21818169701e-12, 4.23596487747e-13, 2.85925384931e-12, 1.36409221592e-12, 1.14337627907e-11, 5.31565980469e-12, 1.18452591485e-11, 2.63474420233e-12, 1.90967332009e-13, 2.34052902927e-13, 2.49034245916e-13, 1.49342547335e-13, 4.26605989033e-13, 7.41377445546e-14, 1.84777713285e-14, 3.95197722746e-14, 1.9804097869e-14, 3.89207869967e-15, 5.48821075069e-16, 2.17564740311e-16, 1.06944113445e-17, 1.9592339427e-18], [1.26286206749e-16, 3.89486289696e-15, 5.21497111445e-14, 1.15630161696e-13, 4.51997814177e-12, 3.74290910765e-11, 1.44864800711e-10, 2.27763100047e-10, 4.30696311948e-11, 2.47852099955e-10, 1.6755176413e-10, 1.24686122538e-10, 1.33822411486e-10, 4.2196045269e-11, 2.90593937802e-11, 7.39076681799e-12, 5.15334780057e-12, 2.58957308721e-12, 1.40891161585e-12, 3.40116389913e-13, 3.15607457703e-12, 4.50625051596e-13, 7.37315549869e-14, 1.33995978985e-14, 4.81538611679e-15, 2.22033408208e-16, 5.05501785209e-17], [7.021151391e-15, 3.71450239274e-14, 5.82515643794e-13, 1.21818169701e-12, 3.74290910765e-11, 2.00633354375e-09, 5.07355402135e-09, 7.36515914923e-09, 3.27661631161e-09, 8.59717097512e-09, 3.07556691226e-09, 6.39119246415e-09, 6.61181820405e-09, 2.56353738237e-09, 9.9973052059e-10, 3.77415876329e-10, 2.1191862154e-10, 4.15243221752e-11, 5.54327417301e-11, 1.8506975466e-11, 1.55104193378e-10, 1.35258098125e-11, 2.04668291863e-12, 5.62325468308e-13, 2.05202432195e-13, 1.09943927877e-14, 2.2524124374e-15], [2.56841514609e-14, 1.77501107345e-14, 4.786889201e-13, 4.23596487747e-13, 1.44864800711e-10, 5.07355402135e-09, 1.65080336956e-07, 5.77532404122e-08, 7.51404627408e-09, 3.0965296105e-08, 1.35537261414e-08, 1.5675389875e-08, 3.06991658761e-08, 1.14652483063e-08, 4.81599515822e-09, 1.45962764098e-09, 7.81545050899e-10, 2.84645196302e-10, 1.73604408626e-10, 4.35646935193e-11, 5.29457033771e-10, 5.95955715332e-11, 1.4183579658e-11, 2.26481463791e-12, 7.02773505622e-13, 3.59981345405e-14, 1.09788319454e-14], [5.36832880124e-14, 1.88478491711e-13, 3.06644835392e-12, 2.85925384931e-12, 2.27763100047e-10, 7.36515914923e-09, 5.77532404122e-08, 2.21486956775e-07, 5.56779795602e-08, 1.13976213356e-07, 7.09395493459e-08, 6.98785456166e-08, 7.90540468643e-08, 2.67825033262e-08, 1.41219045346e-08, 3.54238083311e-09, 2.66700972418e-09, 1.5599280756e-09, 6.86259327143e-10, 2.23933427357e-10, 1.82232651191e-09, 1.82630979784e-10, 3.82626881568e-11, 7.37494093572e-12, 2.14246936164e-12, 1.01207813018e-13, 2.19136537529e-14], [3.26787072879e-14, 1.15744816075e-13, 2.40698411723e-12, 1.36409221592e-12, 4.30696311948e-11, 3.27661631161e-09, 7.51404627408e-09, 5.56779795602e-08, 8.76124701676e-08, 7.15218178016e-08, 2.53583660736e-08, 3.07618179818e-08, 3.57391094497e-08, 8.84486617281e-09, 4.1494643277e-09, 1.58861490629e-09, 1.69127178928e-09, 6.95390245387e-10, 4.60800370083e-10, 1.43707226674e-10, 6.342521508e-10, 9.77864386686e-11, 1.66546221259e-11, 3.56645138769e-12, 1.27776088321e-12, 6.44414466992e-14, 8.77989206268e-15], [1.21116915867e-13, 2.28189515894e-12, 1.36854113111e-11, 1.14337627907e-11, 2.47852099955e-10, 8.59717097512e-09, 3.0965296105e-08, 1.13976213356e-07, 7.15218178016e-08, 7.60580974202e-07, 2.60621817461e-07, 1.33626230081e-07, 1.2797173099e-07, 3.06979224263e-08, 2.27580621015e-08, 1.23222978488e-08, 1.0289112673e-08, 2.6787589924e-09, 3.35593997036e-09, 5.12616726844e-10, 3.5828242595e-09, 4.34487001932e-10, 5.79771231024e-11, 1.84318081631e-11, 9.54430545014e-12, 3.94437710575e-13, 4.07425524253e-14], [4.91175398693e-14, 7.04295671262e-13, 4.52161225128e-12, 5.31565980469e-12, 1.6755176413e-10, 3.07556691226e-09, 1.35537261414e-08, 7.09395493459e-08, 2.53583660736e-08, 2.60621817461e-07, 1.81902493068e-07, 5.06855357685e-08, 4.97856227355e-08, 2.29849277389e-08, 1.38324267596e-08, 4.31230251507e-09, 6.58048948665e-09, 1.93647320401e-09, 1.32028210587e-09, 3.42332856507e-10, 1.74288128374e-09, 2.40346659242e-10, 3.34337835195e-11, 6.99071920143e-12, 3.00650043056e-12, 1.3953478672e-13, 2.52942401724e-14], [4.85467311425e-14, 7.60982422909e-13, 6.09580571784e-12, 1.18452591485e-11, 1.24686122538e-10, 6.39119246415e-09, 1.5675389875e-08, 6.98785456166e-08, 3.07618179818e-08, 1.33626230081e-07, 5.06855357685e-08, 9.99479965458e-08, 4.52395276795e-08, 2.4019188416e-08, 9.90819604141e-09, 3.03562375237e-09, 2.45048603631e-09, 1.99364813547e-09, 8.00380539623e-10, 2.18139617481e-10, 1.36154842956e-09, 1.71097538915e-10, 2.63925912375e-11, 6.28411168588e-12, 2.40486948931e-12, 1.03374401324e-13, 1.51124569131e-14], [4.53750704816e-14, 4.30437423985e-13, 3.93733960366e-12, 2.63474420233e-12, 1.33822411486e-10, 6.61181820405e-09, 3.06991658761e-08, 7.90540468643e-08, 3.57391094497e-08, 1.2797173099e-07, 4.97856227355e-08, 4.52395276795e-08, 8.60320454876e-08, 2.36290169653e-08, 1.29353612266e-08, 3.55876705882e-09, 3.42681771848e-09, 1.07396280757e-09, 7.36011418478e-10, 2.02070776778e-10, 2.01521666021e-09, 1.32538383046e-10, 3.05764753794e-11, 6.74377307469e-12, 2.39642225335e-12, 1.01596241999e-13, 1.80079543399e-14], [1.06475361839e-14, 5.3857583676e-14, 6.22076121084e-13, 1.90967332009e-13, 4.2196045269e-11, 2.56353738237e-09, 1.14652483063e-08, 2.67825033262e-08, 8.84486617281e-09, 3.06979224263e-08, 2.29849277389e-08, 2.4019188416e-08, 2.36290169653e-08, 3.43275203818e-08, 1.07328474996e-08, 1.23760701687e-09, 1.84508663903e-09, 4.96102714465e-10, 2.67120298103e-10, 1.07406340766e-10, 1.54144275122e-09, 8.97543289691e-11, 1.30508832907e-11, 2.81273333617e-12, 7.12653297919e-13, 2.84969666137e-14, 6.31305217588e-15], [5.69677175577e-15, 5.42590874574e-14, 4.87941393019e-13, 2.34052902927e-13, 2.90593937802e-11, 9.9973052059e-10, 4.81599515822e-09, 1.41219045346e-08, 4.1494643277e-09, 2.27580621015e-08, 1.38324267596e-08, 9.90819604141e-09, 1.29353612266e-08, 1.07328474996e-08, 5.49758016888e-09, 5.88688320313e-10, 8.38806968328e-10, 3.49711121173e-10, 1.48801165833e-10, 5.09349229461e-11, 5.52020873457e-10, 4.31726702999e-11, 7.7140993246e-12, 1.60270971841e-12, 4.52454181976e-13, 1.796635994e-14, 4.12744035659e-15], [2.3514875519e-15, 3.55525850459e-14, 2.39035896112e-13, 2.49034245916e-13, 7.39076681799e-12, 3.77415876329e-10, 1.45962764098e-09, 3.54238083311e-09, 1.58861490629e-09, 1.23222978488e-08, 4.31230251507e-09, 3.03562375237e-09, 3.55876705882e-09, 1.23760701687e-09, 5.88688320313e-10, 2.86735218902e-10, 2.32354510632e-10, 5.53121298763e-11, 6.26697166384e-11, 1.38356218843e-11, 1.07645788117e-10, 8.08015286624e-12, 1.40559406562e-12, 3.98088192185e-13, 1.77082049653e-13, 7.78751334387e-15, 1.05708208334e-15], [1.94355796681e-15, 3.03348891958e-14, 1.82900908503e-13, 1.49342547335e-13, 5.15334780057e-12, 2.1191862154e-10, 7.81545050899e-10, 2.66700972418e-09, 1.69127178928e-09, 1.0289112673e-08, 6.58048948665e-09, 2.45048603631e-09, 3.42681771848e-09, 1.84508663903e-09, 8.38806968328e-10, 2.32354510632e-10, 3.95393995323e-10, 1.23204432767e-10, 6.67217531225e-11, 2.287700758e-11, 1.24380006294e-10, 9.71105314218e-12, 1.84751172694e-12, 4.02692473551e-13, 1.38876513371e-13, 6.44513044687e-15, 1.2166945367e-15], [7.16829266064e-16, 2.75980800035e-14, 1.70178704028e-13, 4.26605989033e-13, 2.58957308721e-12, 4.15243221752e-11, 2.84645196302e-10, 1.5599280756e-09, 6.95390245387e-10, 2.6787589924e-09, 1.93647320401e-09, 1.99364813547e-09, 1.07396280757e-09, 4.96102714465e-10, 3.49711121173e-10, 5.53121298763e-11, 1.23204432767e-10, 1.38566061403e-10, 2.40407971308e-11, 8.98137033495e-12, 2.91030081978e-11, 4.36497669606e-12, 1.0726031608e-12, 1.74480330357e-13, 4.61523926173e-14, 1.9953775367e-15, 3.96452765111e-16], [6.05490702675e-16, 1.08374172538e-14, 6.83340984167e-14, 7.41377445546e-14, 1.40891161585e-12, 5.54327417301e-11, 1.73604408626e-10, 6.86259327143e-10, 4.60800370083e-10, 3.35593997036e-09, 1.32028210587e-09, 8.00380539623e-10, 7.36011418478e-10, 2.67120298103e-10, 1.48801165833e-10, 6.26697166384e-11, 6.67217531225e-11, 2.40407971308e-11, 1.80353249696e-11, 4.04855532779e-12, 2.22231486685e-11, 2.439467248e-12, 3.9911116404e-13, 1.02464640505e-13, 4.53565475651e-14, 1.95797277351e-15, 2.56980134727e-16], [1.08914487443e-16, 1.71579895999e-15, 1.09991802179e-14, 1.84777713285e-14, 3.40116389913e-13, 1.8506975466e-11, 4.35646935193e-11, 2.23933427357e-10, 1.43707226674e-10, 5.12616726844e-10, 3.42332856507e-10, 2.18139617481e-10, 2.02070776778e-10, 1.07406340766e-10, 5.09349229461e-11, 1.38356218843e-11, 2.287700758e-11, 8.98137033495e-12, 4.04855532779e-12, 1.70335739871e-12, 6.39839093167e-12, 6.7411619906e-13, 1.24312534008e-13, 2.62128863673e-14, 8.1860203227e-15, 4.08133640621e-16, 8.91884996173e-17], [9.7450251197e-16, 9.49165723639e-15, 8.62822522305e-14, 3.95197722746e-14, 3.15607457703e-12, 1.55104193378e-10, 5.29457033771e-10, 1.82232651191e-09, 6.342521508e-10, 3.5828242595e-09, 1.74288128374e-09, 1.36154842956e-09, 2.01521666021e-09, 1.54144275122e-09, 5.52020873457e-10, 1.07645788117e-10, 1.24380006294e-10, 2.91030081978e-11, 2.22231486685e-11, 6.39839093167e-12, 1.02377349653e-10, 5.57021269387e-12, 9.36499358964e-13, 2.04028756238e-13, 6.59782693974e-14, 2.57042206361e-15, 4.38292910452e-16], [1.23770783593e-16, 1.57701896433e-15, 9.97508604444e-15, 1.9804097869e-14, 4.50625051596e-13, 1.35258098125e-11, 5.95955715332e-11, 1.82630979784e-10, 9.77864386686e-11, 4.34487001932e-10, 2.40346659242e-10, 1.71097538915e-10, 1.32538383046e-10, 8.97543289691e-11, 4.31726702999e-11, 8.08015286624e-12, 9.71105314218e-12, 4.36497669606e-12, 2.439467248e-12, 6.7411619906e-13, 5.57021269387e-12, 9.07403275782e-13, 1.07751230627e-13, 2.01670057471e-14, 7.07668583563e-15, 2.93787554404e-16, 5.71670410861e-17], [1.78546256931e-17, 3.24932188251e-16, 2.04061798993e-15, 3.89207869967e-15, 7.37315549869e-14, 2.04668291863e-12, 1.4183579658e-11, 3.82626881568e-11, 1.66546221259e-11, 5.79771231024e-11, 3.34337835195e-11, 2.63925912375e-11, 3.05764753794e-11, 1.30508832907e-11, 7.7140993246e-12, 1.40559406562e-12, 1.84751172694e-12, 1.0726031608e-12, 3.9911116404e-13, 1.24312534008e-13, 9.36499358964e-13, 1.07751230627e-13, 2.27486435857e-14, 3.70347410847e-15, 1.10824604973e-15, 4.43575669656e-17, 9.58770324195e-18], [4.8768612634e-18, 6.33726095985e-17, 4.45627104045e-16, 5.48821075069e-16, 1.33995978985e-14, 5.62325468308e-13, 2.26481463791e-12, 7.37494093572e-12, 3.56645138769e-12, 1.84318081631e-11, 6.99071920143e-12, 6.28411168588e-12, 6.74377307469e-12, 2.81273333617e-12, 1.60270971841e-12, 3.98088192185e-13, 4.02692473551e-13, 1.74480330357e-13, 1.02464640505e-13, 2.62128863673e-14, 2.04028756238e-13, 2.01670057471e-14, 3.70347410847e-15, 9.55918079712e-16, 3.03791013511e-16, 1.26472970896e-17, 1.80811962532e-18], [2.05180889493e-18, 3.21222157472e-17, 2.2851741895e-16, 2.17564740311e-16, 4.81538611679e-15, 2.05202432195e-13, 7.02773505622e-13, 2.14246936164e-12, 1.27776088321e-12, 9.54430545014e-12, 3.00650043056e-12, 2.40486948931e-12, 2.39642225335e-12, 7.12653297919e-13, 4.52454181976e-13, 1.77082049653e-13, 1.38876513371e-13, 4.61523926173e-14, 4.53565475651e-14, 8.1860203227e-15, 6.59782693974e-14, 7.07668583563e-15, 1.10824604973e-15, 3.03791013511e-16, 1.41582139469e-16, 5.69738265843e-18, 5.97267363956e-19], [8.85324301032e-20, 1.24108452368e-18, 9.02340393679e-18, 1.06944113445e-17, 2.22033408208e-16, 1.09943927877e-14, 3.59981345405e-14, 1.01207813018e-13, 6.44414466992e-14, 3.94437710575e-13, 1.3953478672e-13, 1.03374401324e-13, 1.01596241999e-13, 2.84969666137e-14, 1.796635994e-14, 7.78751334387e-15, 6.44513044687e-15, 1.9953775367e-15, 1.95797277351e-15, 4.08133640621e-16, 2.57042206361e-15, 2.93787554404e-16, 4.43575669656e-17, 1.26472970896e-17, 5.69738265843e-18, 2.65037534604e-19, 3.66465439038e-20], [4.84348902994e-21, 1.24242411683e-19, 6.69970077451e-19, 1.9592339427e-18, 5.05501785209e-17, 2.2524124374e-15, 1.09788319454e-14, 2.19136537529e-14, 8.77989206268e-15, 4.07425524253e-14, 2.52942401724e-14, 1.51124569131e-14, 1.80079543399e-14, 6.31305217588e-15, 4.12744035659e-15, 1.05708208334e-15, 1.2166945367e-15, 3.96452765111e-16, 2.56980134727e-16, 8.91884996173e-17, 4.38292910452e-16, 5.71670410861e-17, 9.58770324195e-18, 1.80811962532e-18, 5.97267363956e-19, 3.66465439038e-20, 1.34714828431e-20]]
    },
    "mfcc": {
        "kurt": [0.567526578903, -1.33400583267, 1.33313131332, -1.18624019623, -0.377974748611, -0.0894899368286, 0.811526060104, 1.09149074554, 0.719247341156, 0.948666095734, 1.55528116226, 2.77601909637, 2.81171512604],
        "max": [-702.223754883, 173.997070312, 44.4045448303, 19.9957313538, 12.2650299072, 25.1783447266, 24.5895729065, 17.0033664703, 23.0346336365, 31.6111774445, 53.7915306091, 54.5734863281, 36.3521537781],
        "mean": [-1042.49621582, 70.0250930786, -10.0096378326, -30.0776138306, -29.4042110443, -15.5023870468, -11.2059240341, -9.60217189789, -4.22101449966, -1.27791488171, 5.22394227982, 4.73966360092, -2.10637378693],
        "median": [-1069.95422363, 67.4958267212, 3.11050415039, -24.4746170044, -27.7302970886, -14.6255569458, -6.73248672485, -4.89303588867, -2.52307128906, -0.0237045288086, 3.08363342285, 1.89884185791, -2.25691986084],
        "min": [-1138.42004395, 1.14440917969e-05, -159.445617676, -98.1482315063, -112.523986816, -55.6323204041, -68.5464096069, -68.5520782471, -45.2558670044, -44.7002334595, -29.360578537, -18.5320281982, -24.411693573],
        "skew": [1.09553396702, 0.196026742458, -1.39288413525, -0.358143687248, -0.613365232944, -0.32622179389, -0.998934984207, -1.18018996716, -0.716270208359, -0.597881197929, 1.03432941437, 1.40684187412, 0.692968547344],
        "var": [8228.66894531, 2450.78881836, 1296.55871582, 838.348937988, 587.504333496, 171.187057495, 254.24230957, 226.537185669, 106.548118591, 121.383094788, 133.529708862, 115.110847473, 62.9432563782],
        "cov": [[8239.39746094, 3946.68383789, -2710.41552734, -2121.06811523, -1870.44067383, -634.96673584, -930.630371094, -964.917541504, -319.973419189, -314.171905518, 392.501495361, 447.595916748, -51.808139801], [3946.68383789, 2453.98413086, -924.24029541, -1218.08276367, -955.418823242, -438.054107666, -544.706420898, -544.491210938, -229.18196106, -172.417434692, 143.599746704, 199.728225708, -20.8710803986], [-2710.41552734, -924.24029541, 1298.24914551, 719.025268555, 579.729187012, 128.872161865, 240.399459839, 249.092407227, 14.7227449417, 37.1539230347, -201.530593872, -190.607177734, -0.102247990668], [-2121.06811523, -1218.08276367, 719.025268555, 839.441955566, 586.010986328, 222.788864136, 247.795700073, 241.512176514, 57.7239074707, 16.2026443481, -154.51171875, -164.478683472, -11.0498962402], [-1870.44067383, -955.418823242, 579.729187012, 586.010986328, 588.270263672, 214.748153687, 164.966217041, 184.179733276, 60.9919548035, 24.9025936127, -157.63130188, -151.723754883, 12.4136209488], [-634.96673584, -438.054107666, 128.872161865, 222.788864136, 214.748153687, 171.410247803, 119.53805542, 78.9619216919, 23.7059497833, -9.56725311279, -61.4927825928, -62.3762168884, -2.51075696945], [-930.630371094, -544.706420898, 240.399459839, 247.795700073, 164.966217041, 119.53805542, 254.573791504, 200.19960022, 38.2709960938, 45.2281532288, -9.80815219879, -40.5723381042, -15.6287574768], [-964.917541504, -544.491210938, 249.092407227, 241.512176514, 184.179733276, 78.9619216919, 200.19960022, 226.832550049, 85.6798782349, 60.2666549683, -19.28383255, -47.6483459473, -13.5339288712], [-319.973419189, -229.18196106, 14.7227449417, 57.7239074707, 60.9919548035, 23.7059497833, 38.2709960938, 85.6798782349, 106.687034607, 70.1337814331, 3.24034762383, -17.5805130005, -11.2216186523], [-314.171905518, -172.417434692, 37.1539230347, 16.2026443481, 24.9025936127, -9.56725311279, 45.2281532288, 60.2666549683, 70.1337814331, 121.541351318, 61.8666725159, 11.1942186356, -4.49078893661], [392.501495361, 143.599746704, -201.530593872, -154.51171875, -157.63130188, -61.4927825928, -9.80815219879, -19.28383255, 3.24034762383, 61.8666725159, 133.703811646, 93.2910690308, -2.92607474327], [447.595916748, 199.728225708, -190.607177734, -164.478683472, -151.723754883, -62.3762168884, -40.5723381042, -47.6483459473, -17.5805130005, 11.1942186356, 93.2910690308, 115.260932922, 31.3779945374], [-51.808139801, -20.8710803986, -0.102247990668, -11.0498962402, 12.4136209488, -2.51075696945, -15.6287574768, -13.5339288712, -11.2216186523, -4.49078893661, -2.92607474327, 31.3779945374, 63.0253219604]]
    },
    "sccoeffs": {
        "kurt": [0.10671043396, 0.86509180069, 3.09636163712, 1.31054115295, 0.623252153397, 0.0760591030121],
        "max": [-0.495149791241, -0.34320923686, -0.475431323051, -0.485454857349, -0.649921953678, -0.63559281826],
        "mean": [-0.776793003082, -0.764065504074, -0.829349279404, -0.814489364624, -0.861572086811, -0.827489852905],
        "median": [-0.791500151157, -0.793723225594, -0.851061701775, -0.835479617119, -0.877847194672, -0.846389651299],
        "min": [-0.936175405979, -0.962644100189, -0.939744234085, -0.932657122612, -0.929755806923, -0.902129769325],
        "skew": [0.711728155613, 1.12550342083, 1.55667328835, 1.22796607018, 1.08140134811, 0.965762674809],
        "var": [0.00531123206019, 0.0153323113918, 0.00571602443233, 0.00630288431421, 0.00265781860799, 0.00282498635352],
        "cov": [[0.0053181569092, 0.00187666947022, 0.00132111622952, 0.00210383650847, 0.00165847293101, 0.00185559527017], [0.00187666947022, 0.0153523012996, 0.00634018843994, 0.00739093543962, 0.00412361789495, 0.00471673253924], [0.00132111622952, 0.00634018843994, 0.00572347687557, 0.00451125856489, 0.00270505365916, 0.0028439196758], [0.00210383650847, 0.00739093543962, 0.00451125856489, 0.00631110183895, 0.00300207035616, 0.00323607027531], [0.00165847293101, 0.00412361789495, 0.00270505365916, 0.00300207035616, 0.00266128382646, 0.00225698924623], [0.00185559527017, 0.00471673253924, 0.0028439196758, 0.00323607027531, 0.00225698924623, 0.00282866950147]]
    },
    "scvalleys": {
        "kurt": [0.0124073028564, -0.797110080719, -0.370458602905, 0.435429573059, 0.65739607811, 1.52306079865],
        "max": [-9.36730670929, -5.4711227417, -4.75563049316, -5.6151471138, -7.90021657944, -10.1187524796],
        "mean": [-11.2489900589, -9.37968540192, -9.61071300507, -10.7715530396, -11.9219732285, -14.2614707947],
        "median": [-11.282283783, -9.63296318054, -9.87782669067, -11.219701767, -12.3205747604, -14.6067123413],
        "min": [-12.9129829407, -12.4963722229, -12.570558548, -13.0341272354, -14.3389167786, -15.7773675919],
        "skew": [0.185616239905, 0.450505375862, 0.550437688828, 1.00613439083, 1.13675415516, 1.40475869179],
        "var": [0.307130753994, 2.55469536781, 2.45410084724, 2.28661513329, 1.21216189861, 0.998711585999],
        "cov": [[0.307531177998, 0.520068109035, 0.444079071283, 0.397380590439, 0.269504576921, 0.249473288655], [0.520068109035, 2.55802631378, 2.28541040421, 2.10939884186, 1.35765516758, 1.2089676857], [0.444079071283, 2.28541040421, 2.45730042458, 2.19928979874, 1.49105417728, 1.29258668423], [0.397380590439, 2.10939884186, 2.19928979874, 2.28959655762, 1.43904089928, 1.26951622963], [0.269504576921, 1.35765516758, 1.49105417728, 1.43904089928, 1.21374237537, 1.02769076824], [0.249473288655, 1.2089676857, 1.29258668423, 1.26951622963, 1.02769076824, 1.00001370907]]
    }
},
"rhythm": {
    "beats_loudness": {
        "kurt": 6.32002449036,
        "max": 0.0186173450202,
        "mean": 0.00239718030207,
        "median": 0.000743413751479,
        "min": 4.25615738209e-08,
        "skew": 2.52979445457,
        "var": 1.68904844031e-05
    },
    "bpm": 91.4830856323,
    "confidence": 1.25137400627,
    "first_peak_bpm": {
        "kurt": 0,
        "max": 92,
        "mean": 92,
        "median": 92,
        "min": 92,
        "skew": 0,
        "var": 0
    },
    "first_peak_spread": {
        "kurt": 0,
        "max": 0.615384638309,
        "mean": 0.615384638309,
        "median": 0.615384638309,
        "min": 0.615384638309,
        "skew": 0,
        "var": 0
    },
    "first_peak_weight": {
        "kurt": 0,
        "max": 0.178571432829,
        "mean": 0.178571432829,
        "median": 0.178571432829,
        "min": 0.178571432829,
        "skew": 0,
        "var": 0
    },
    "onset_rate": 1.96627700329,
    "second_peak_bpm": {
        "kurt": 0,
        "max": 115,
        "mean": 115,
        "median": 115,
        "min": 115,
        "skew": 0,
        "var": 0
    },
    "second_peak_spread": {
        "kurt": 0,
        "max": 0.333333313465,
        "mean": 0.333333313465,
        "median": 0.333333313465,
        "min": 0.333333313465,
        "skew": 0,
        "var": 0
    },
    "second_peak_weight": {
        "kurt": 0,
        "max": 0.142857149243,
        "mean": 0.142857149243,
        "median": 0.142857149243,
        "min": 0.142857149243,
        "skew": 0,
        "var": 0
    },
    "beats_loudness_band_ratio": {
        "kurt": [4.61598587036, 5.37104320526, -1.27635931969, -0.638419866562, -0.0704739093781, 5.2358341217],
        "max": [0.216781124473, 0.450056046247, 0.984168469906, 0.83434253931, 0.11638584733, 0.0714724510908],
        "mean": [0.0277275722474, 0.0669146478176, 0.586407423019, 0.296064704657, 0.0340179763734, 0.010069379583],
        "median": [0.000148317136336, 0.0340899117291, 0.596509695053, 0.213582530618, 0.0266332998872, 0.00310740270652],
        "min": [2.96089751828e-06, 2.21342306759e-05, 0.0460238009691, 0.00678046001121, 0.000472177896881, 3.96138202632e-05],
        "skew": [2.33518719673, 2.46606993675, -0.300594329834, 0.776468098164, 0.878042221069, 2.31991076469],
        "var": [0.00301319523714, 0.0120399435982, 0.0811468660831, 0.0601586401463, 0.000979339354672, 0.000261802255409],
        "cov": [[0.00312080932781, 0.00364839890972, -0.00633598025888, -0.00159920565784, 0.000672852911521, 0.000818100350443], [0.00364839890972, 0.0124699417502, -0.00935814995319, -0.0044960277155, 0.000264688773314, 0.000802674214356], [-0.00633598025888, -0.00935814995319, 0.084044970572, -0.0613052584231, -0.00615652184933, -0.00203426135704], [-0.00159920565784, -0.0044960277155, -0.0613052584231, 0.0623071603477, 0.00393866980448, -1.73868702404e-05], [0.000672852911521, 0.000264688773314, -0.00615652184933, 0.00393866980448, 0.00101431575604, 0.000255820981693], [0.000818100350443, 0.000802674214356, -0.00203426135704, -1.73868702404e-05, 0.000255820981693, 0.000271152326604]]
    },
    "beats_position": [0.452789098024, 0.940408170223, 1.47446703911, 1.99691605568, 2.51936507225, 3.01859402657, 3.54104304314, 4.08671188354, 4.59755086899, 5.11999988556, 5.61922883987, 6.10684776306, 6.57124710083, 7.11691617966, 7.8251247406, 8.498503685, 9.19510173798, 9.84526062012, 10.4838094711, 11.1339683533, 11.8189563751, 12.5039453506, 13.1657142639, 13.7926530838, 14.4312019348, 15.0813598633, 15.7199087143, 16.3700675964, 17.0550556183],
    "bpm_estimates": [89.1028747559, 92.2851333618, 93.9630508423, 92.2851333618, 87.5927734375, 87.5926513672, 90.6660919189, 95.7031173706, 93.9630508423, 92.2852706909, 93.9630508423, 92.2851333618, 87.5927734375],
    "bpm_intervals": [0.487619072199, 0.534058868885, 0.522449016571, 0.522449016571, 0.499228954315, 0.522449016571, 0.545668840408, 0.510838985443, 0.522449016571, 0.499228954315, 0.487618923187, 0.464399337769, 0.545669078827, 0.708208560944, 0.673378944397, 0.696598052979, 0.650158882141, 0.638548851013, 0.650158882141, 0.684988021851, 0.684988975525, 0.661768913269, 0.626938819885, 0.638548851013, 0.650157928467, 0.638548851013, 0.650158882141, 0.684988021851],
    "onset_times": [0.150929704309, 0.452789127827, 0.754648506641, 0.905578255653, 1.83437645435, 2.15945577621, 2.50775504112, 2.86766433716, 3.41333341599, 4.58594083786, 4.92263031006, 5.10838985443, 5.39863967896, 5.60761928558, 6.54802703857, 7.51165533066, 7.84834480286, 8.48689365387, 9.18349170685, 9.38086128235, 10.4605894089, 10.6347389221, 11.0875282288, 11.261677742, 12.1788663864, 12.5155553818, 12.9567346573, 13.2005443573, 14.0829029083, 14.4079818726, 15.2206802368, 15.4064397812, 16.3468475342, 16.5906581879, 17.1595458984],
    "histogram": [[0, 0, 0, 0, 0, 0, 0, 0, 0, 0, 0, 0, 0, 0, 0, 0, 0, 0, 0, 0, 0, 0, 0, 0, 0, 0, 0, 0, 0, 0, 0, 0, 0, 0, 0, 0, 0, 0, 0, 0, 0, 0, 0, 0, 0, 0, 0, 0, 0, 0, 0, 0, 0, 0, 0, 0, 0, 0, 0, 0, 0, 0, 0, 0, 0, 0, 0, 0, 0, 0, 0, 0, 0, 0, 0, 0, 0, 0, 0, 0, 0, 0, 0, 0, 0, 0.0357142873108, 0.0357142873108, 0, 0.107142858207, 0.0357142873108, 0, 0.0357142873108, 0.142857149243, 0, 0.107142858207, 0, 0.0357142873108, 0, 0, 0, 0, 0, 0, 0, 0, 0, 0, 0, 0, 0, 0.0714285746217, 0, 0.0357142873108, 0, 0, 0.142857149243, 0, 0.0357142873108, 0, 0, 0.0714285746217, 0, 0, 0.0714285746217, 0, 0, 0, 0, 0, 0.0357142873108, 0, 0, 0, 0, 0, 0, 0, 0, 0, 0, 0, 0, 0, 0, 0, 0, 0, 0, 0, 0, 0, 0, 0, 0, 0, 0, 0, 0, 0, 0, 0, 0, 0, 0, 0, 0, 0, 0, 0, 0, 0, 0, 0, 0, 0, 0, 0, 0, 0, 0, 0, 0, 0, 0, 0, 0, 0, 0, 0, 0, 0, 0, 0, 0, 0, 0, 0, 0, 0, 0, 0, 0, 0, 0, 0, 0, 0, 0, 0, 0, 0, 0, 0, 0, 0, 0, 0, 0, 0, 0, 0, 0, 0, 0, 0, 0, 0, 0, 0, 0, 0, 0, 0, 0, 0, 0, 0, 0, 0, 0, 0, 0, 0, 0, 0, 0, 0, 0, 0, 0]]
},
"sfx": {
    "inharmonicity": {
        "kurt": 2.29332685471,
        "max": 0.427044391632,
        "mean": 0.0638926178217,
        "median": 0.016021316871,
        "min": 0,
        "skew": 1.73175120354,
        "var": 0.00841759797186
    },
    "oddtoevenharmonicenergyratio": {
        "kurt": 47.1529769897,
        "max": 33.6293449402,
        "mean": 1.0506311655,
        "median": 0.158671051264,
        "min": 0,
        "skew": 6.03185796738,
        "var": 7.89965677261
    },
    "pitch_after_max_to_before_max_energy_ratio": 10.1725997925,
    "pitch_centroid": 385.982025146,
    "pitch_max_to_total": 0.0377604179084,
    "pitch_min_to_total": 0.36328125,
    "tristimulus": {
        "kurt": [-1.37747299671, -0.516633749008, 1.89446687698],
        "max": [1, 0.906683862209, 0.993510484695],
        "mean": [0.471952646971, 0.355968475342, 0.172078892589],
        "median": [0.513780832291, 0.324290901423, 0.0867960676551],
        "min": [0, 0, 0],
        "skew": [-0.130346789956, 0.512015759945, 1.53191888332],
        "var": [0.0887853205204, 0.0407897010446, 0.0367651283741],
        "cov": [[0.0889010801911, -0.0464654713869, -0.042435631156], [-0.0464654713869, 0.0408428832889, 0.00562255922705], [-0.042435631156, 0.00562255922705, 0.0368130616844]]
    }
},
"tonal": {
    "chords_changes_rate": 0.111688308418,
    "chords_number_rate": 0.0337662324309,
    "chords_strength": {
        "kurt": -0.14915060997,
        "max": 0.684108376503,
        "mean": 0.42457267642,
        "median": 0.420825183392,
        "min": 0.237625464797,
        "skew": 0.214233115315,
        "var": 0.0069809127599
    },
    "key_strength": 0.28841227293,
    "tuning_diatonic_strength": 0.35286167264,
    "tuning_equal_tempered_deviation": 0.2395375669,
    "tuning_frequency": 436.708374023,
    "tuning_nontempered_energy_ratio": 0.893115699291,
    "hpcp": {
