{
"metadata": {
    "version": {
        "essentia": "2.1-beta3"
    }
},
"lowLevel": {
    "average_loudness": 0.475276768208,
    "barkbands_kurtosis": {
        "kurt": 439.326446533,
        "max": 4828.28027344,
        "mean": 27.4819087982,
        "median": 1.19547319412,
        "min": -1.88987410069,
        "skew": 19.4990062714,
        "var": 42802.4453125
    },
    "barkbands_skewness": {
        "kurt": 49.6549911499,
        "max": 5.91781282425,
        "mean": -0.54299479723,
        "median": 0.356990516186,
        "min": -57.285736084,
        "skew": -5.45733547211,
        "var": 19.2380714417
    },
    "barkbands_spread": {
        "kurt": 0.1898624897,
        "max": 40.6182022095,
        "mean": 8.40408706665,
        "median": 5.14008331299,
        "min": 0.0109951803461,
        "skew": 1.12193596363,
        "var": 61.6583709717
    },
    "dissonance": {
        "kurt": 2.1220870018,
        "max": 0.499999940395,
        "mean": 0.451407939196,
        "median": 0.473706305027,
        "min": 0.202964037657,
        "skew": -1.57021355629,
        "var": 0.00318091828376
    },
    "hfc": {
        "kurt": 18.8349838257,
        "max": 61.8952598572,
        "mean": 2.82636547089,
        "median": 0.0365414321423,
        "min": 3.66658092776e-12,
        "skew": 4.04438495636,
        "var": 61.7050590515
    },
    "pitch": {
        "kurt": 0.505285739899,
        "max": 4451.48095703,
        "mean": 978.490905762,
        "median": 506.001647949,
        "min": 97.7540054321,
        "skew": 1.4096353054,
        "var": 879306.8125
    },
    "pitch_instantaneous_confidence": {
        "kurt": -0.67792224884,
        "max": 0.996518015862,
        "mean": 0.653783619404,
        "median": 0.65588760376,
        "min": 0.14028519392,
        "skew": -0.250390827656,
        "var": 0.0433343201876
    },
    "pitch_salience": {
        "kurt": 0.251538038254,
        "max": 0.906396687031,
        "mean": 0.57584965229,
        "median": 0.588374197483,
        "min": 0.112388156354,
        "skew": -0.554046213627,
        "var": 0.0181339979172
    },
    "silence_rate_20dB": {
        "kurt": 0,
        "max": 1,
        "mean": 1,
        "median": 1,
        "min": 1,
        "skew": 0,
        "var": 0
    },
    "silence_rate_30dB": {
        "kurt": 0,
        "max": 1,
        "mean": 1,
        "median": 1,
        "min": 1,
        "skew": 0,
        "var": 0
    },
    "silence_rate_60dB": {
        "kurt": 2.09512281418,
        "max": 1,
        "mean": 0.85562312603,
        "median": 1,
        "min": 0,
        "skew": -2.02363038063,
        "var": 0.123531654477
    },
    "spectral_centroid": {
        "kurt": -0.313900947571,
        "max": 3408.96533203,
        "mean": 1371.07653809,
        "median": 1141.38745117,
        "min": 571.767578125,
        "skew": 0.812799751759,
        "var": 433588.4375
    },
    "spectral_complexity": {
        "kurt": 8.78252315521,
        "max": 26,
        "mean": 2.13373851776,
        "median": 0,
        "min": 0,
        "skew": 2.88783311844,
        "var": 19.5413074493
    },
    "spectral_crest": {
        "kurt": -0.374502897263,
        "max": 26.9389266968,
        "mean": 13.7261571884,
        "median": 13.0389204025,
        "min": 3.43790197372,
        "skew": 0.514036655426,
        "var": 31.9234008789
    },
    "spectral_decrease": {
        "kurt": 18.8765258789,
        "max": -8.4624459122e-22,
        "mean": -5.75894165689e-10,
        "median": -7.43494588812e-12,
        "min": -1.31032731332e-08,
        "skew": -4.18050765991,
        "var": 3.00956182833e-18
    },
    "spectral_energy": {
        "kurt": 18.889043808,
        "max": 0.0549066402018,
        "mean": 0.00242991675623,
        "median": 3.17808735417e-05,
        "min": 3.52649419743e-15,
        "skew": 4.16901350021,
        "var": 5.25068862771e-05
    },
    "spectral_energyband_high": {
        "kurt": 321.308319092,
        "max": 0.000303938955767,
        "mean": 1.21782318274e-06,
        "median": 4.58412019455e-09,
        "min": 3.61156399273e-16,
        "skew": 17.6423549652,
        "var": 2.33462943422e-10
    },
    "spectral_energyband_low": {
        "kurt": 39.5661392212,
        "max": 2.76069140881e-08,
        "mean": 9.36785871097e-10,
        "median": 1.4575611551e-10,
        "min": 1.01586503661e-15,
        "skew": 5.58700037003,
        "var": 6.07009287165e-18
    },
    "spectral_energyband_middle_high": {
        "kurt": 28.0665111542,
        "max": 0.0542417727411,
        "mean": 0.00193881476298,
        "median": 2.27647033171e-05,
        "min": 4.61237921263e-16,
        "skew": 4.93910074234,
        "var": 3.98043230234e-05
    },
    "spectral_energyband_middle_low": {
        "kurt": 89.9957885742,
        "max": 0.0295544154942,
        "mean": 0.000499711546581,
        "median": 3.31115506924e-06,
        "min": 1.68068626795e-15,
        "skew": 8.73022556305,
        "var": 5.04169020132e-06
    },
    "spectral_flatness_db": {
        "kurt": -0.258120775223,
        "max": 0.757805228233,
        "mean": 0.39587521553,
        "median": 0.402320146561,
        "min": 0.0629652962089,
        "skew": 0.0217157453299,
        "var": 0.0134983817115
    },
    "spectral_flux": {
        "kurt": 4.90374803543,
        "max": 0.180016011,
        "mean": 0.0201391484588,
        "median": 0.00401704292744,
        "min": 5.06304422743e-05,
        "skew": 2.30564713478,
        "var": 0.00117297668476
    },
    "spectral_kurtosis": {
        "kurt": 2.26250219345,
        "max": 364.712432861,
        "mean": 64.3238143921,
        "median": 45.5827178955,
        "min": 2.33408546448,
        "skew": 1.3407728672,
        "var": 3578.13989258
    },
    "spectral_rms": {
        "kurt": 6.53534603119,
        "max": 0.0073189791292,
        "mean": 0.000769721053075,
        "median": 0.000176083995029,
        "min": 1.85485371507e-09,
        "skew": 2.57165694237,
        "var": 1.77818003522e-06
    },
    "spectral_rolloff": {
        "kurt": -1.20996940136,
        "max": 4371.24023438,
        "mean": 1889.78210449,
        "median": 1851.85546875,
        "min": 581.396484375,
        "skew": 0.226412028074,
        "var": 797508.375
    },
    "spectral_skewness": {
        "kurt": -0.227346420288,
        "max": 13.9861965179,
        "mean": 4.71051216125,
        "median": 4.18561458588,
        "min": -0.00656445045024,
        "skew": 0.731689691544,
        "var": 8.03427124023
    },
    "spectral_spread": {
        "kurt": 124.301696777,
        "max": 25044252,
        "mean": 1595820.125,
        "median": 1159158.25,
        "min": 201291.0625,
        "skew": 7.83155870438,
        "var": 1.90670228685e+12
    },
    "spectral_strongpeak": {
        "kurt": 10.2319698334,
        "max": 7.05145263672,
        "mean": 0.540238022804,
        "median": 0.0787564218044,
        "min": 0,
        "skew": 3.08761358261,
        "var": 1.19532454014
    },
    "zerocrossingrate": {
        "kurt": 34.7807922363,
        "max": 0.4990234375,
        "mean": 0.068385347724,
        "median": 0.06103515625,
        "min": 0.02001953125,
        "skew": 3.2208313942,
        "var": 0.00119624182116
    },
    "barkbands": {
        "kurt": [50.5094642639, 50.040725708, 28.6971130371, 22.2559013367, 109.137840271, 61.6494064331, 26.2449741364, 120.02053833, 82.8452529907, 54.3187446594, 75.5586624146, 277.980773926, 29.9499931335, 49.3339614868, 47.7051467896, 33.2910118103, 86.5494918823, 233.879135132, 212.013183594, 218.276626587, 554.447631836, 126.33581543, 287.754150391, 263.915771484, 119.773376465, 38.301902771, 38.7657051086],
        "max": [7.39489580681e-09, 1.12496376659e-08, 7.97373189698e-09, 1.93017726247e-08, 2.02332630579e-05, 0.000499366840813, 0.00251073040999, 0.029196318239, 0.00278307893313, 0.0225094500929, 0.0448396652937, 0.00288966065273, 0.00818172097206, 0.00265356665477, 0.0110470727086, 0.0048839757219, 0.00792934186757, 0.00416956469417, 0.000470953382319, 0.000403310958063, 7.28931263438e-05, 1.27737180833e-07, 3.9352020309e-08, 1.64292064397e-08, 8.6900628915e-09, 3.52159879036e-09, 3.73284692046e-09],
        "mean": [1.53514242984e-10, 2.41582892579e-10, 3.51200790671e-10, 1.05903696923e-09, 2.50681523539e-07, 9.59006047196e-06, 9.15526834433e-05, 0.000333805917762, 4.72433457617e-05, 0.000474605592899, 0.000645367545076, 2.563435919e-05, 0.000244068694883, 6.18933700025e-05, 0.000208940080483, 0.000136514558108, 0.000112025831186, 3.16781188303e-05, 4.19633215643e-06, 2.32941465583e-06, 2.16293031485e-07, 1.99199701179e-09, 3.85768639255e-10, 1.6393512936e-10, 1.24793550493e-10, 9.40484495837e-11, 9.84191617093e-11],
        "median": [6.75853633041e-13, 3.9653350048e-12, 5.20133172643e-11, 1.56794743855e-10, 7.69137642465e-09, 7.11454646307e-08, 7.91836441749e-07, 9.40469533361e-07, 4.21887193625e-07, 5.79773995923e-07, 8.03732632448e-07, 1.88162356807e-08, 2.10018612279e-07, 9.57887422715e-08, 3.67720929262e-07, 1.8781304334e-07, 2.04312641472e-07, 4.90542646503e-08, 1.45529304163e-08, 5.35686250913e-09, 1.66117697376e-09, 3.15446085919e-10, 5.73996787601e-11, 2.08643449739e-11, 9.61357035645e-12, 8.4668150312e-13, 4.39468042035e-13],
        "min": [1.31957211445e-17, 4.47718110754e-16, 2.81648089962e-16, 2.61973473361e-16, 5.45610502562e-16, 3.75123496117e-16, 2.27589441416e-16, 1.30628229985e-16, 1.12599226347e-16, 9.0922594436e-17, 7.16894474366e-17, 4.57410232314e-17, 1.18634144191e-17, 3.94554481558e-18, 3.73826824332e-18, 1.49073298854e-17, 3.65890373771e-17, 9.43586034388e-17, 8.66945103657e-17, 6.15662853687e-17, 2.19406944327e-16, 3.45613265281e-17, 2.59103474273e-17, 8.70210217146e-18, 1.21321041887e-17, 6.0521670406e-18, 6.74369995886e-18],
        "skew": [6.58343076706, 6.5540599823, 4.66460132599, 4.24624252319, 9.37845516205, 7.16273212433, 4.78236627579, 10.1896657944, 7.84900808334, 6.88429117203, 8.13164234161, 14.526766777, 5.16348266602, 6.78643131256, 6.38739919662, 5.34382963181, 8.70205688477, 13.5734586716, 12.7211608887, 14.0278749466, 22.9031009674, 10.1875925064, 15.6915245056, 14.4366798401, 9.44138813019, 5.80510091782, 5.84179878235],
        "var": [4.13241623799e-19, 9.67178346288e-19, 6.42452777001e-19, 5.24895894938e-18, 1.69360879487e-12, 1.63364544115e-09, 8.0849346773e-08, 4.00851331506e-06, 3.68872861145e-08, 4.5435017455e-06, 1.21095299619e-05, 1.92444691294e-08, 8.90150488431e-07, 8.3796813044e-08, 8.78586604358e-07, 2.43454934434e-07, 3.54408797421e-07, 4.47065033882e-08, 5.98980809396e-10, 4.8714487999e-10, 8.73063687318e-12, 7.18416949914e-17, 3.72124114401e-18, 6.48635486791e-19, 2.83127664408e-19, 1.27713339082e-19, 1.42529397548e-19],
        "cov": [[4.13870591257e-19, 6.32642828527e-19, 4.430116214e-19, 6.07537586743e-19, 1.35469089453e-16, 5.14711767674e-15, 7.73986587712e-14, 4.80614896839e-13, 6.12035921076e-14, 6.03857892509e-13, 6.05902101495e-13, 2.9876275065e-14, 2.64263491732e-13, 7.94833084983e-14, 2.32011702602e-13, 2.86756431317e-14, 1.96630618011e-14, 8.25757004279e-15, 2.42803497814e-15, 5.65414715204e-16, 4.81158819311e-17, 1.48139662165e-18, 2.36579419605e-19, 9.39720667466e-20, 7.90867836026e-20, 7.33542280872e-20, 7.75665678084e-20], [6.32642828527e-19, 9.68650520983e-19, 6.79661894195e-19, 9.29533976996e-19, 2.08505842054e-16, 7.87686939058e-15, 1.20243834963e-13, 7.43454614278e-13, 9.37930153466e-14, 9.27980131973e-13, 9.72046661912e-13, 4.58727091143e-14, 4.13427972412e-13, 1.22182415552e-13, 3.67013033463e-13, 4.3695065334e-14, 3.08651047158e-14, 1.35325261671e-14, 3.74401014071e-15, 8.63618117059e-16, 7.48301595782e-17, 2.43917550784e-18, 4.22171633048e-19, 1.67038229185e-19, 1.34909448519e-19, 1.15860500063e-19, 1.22152759585e-19], [4.430116214e-19, 6.79661894195e-19, 6.43430607883e-19, 1.09151600006e-18, 1.52089292012e-16, 6.05341709579e-15, 9.43339780205e-14, 5.05831758858e-13, 6.55772501188e-14, 6.84227468521e-13, 7.53044057233e-13, 4.22781249029e-14, 3.35401519926e-13, 8.85400625972e-14, 2.54288127013e-13, 2.44352301793e-14, 3.69400419541e-14, 1.07886095213e-14, 2.29066338651e-15, 2.93170887948e-16, 2.68364456062e-17, 1.90381346205e-18, 3.42785739643e-19, 1.35098058624e-19, 1.03136484764e-19, 7.94742660208e-20, 8.33638695939e-20], [6.07537586743e-19, 9.29533976996e-19, 1.09151600006e-18, 5.25694827332e-18, 3.02551566081e-16, 9.7338392026e-15, 1.36882977284e-13, 9.84068404021e-13, 1.5686963447e-13, 1.12744557614e-12, 8.67906983261e-13, 6.76541545767e-14, 5.10834755572e-13, 1.74148266337e-13, 2.83390444358e-13, 6.95720133522e-14, 8.21919030232e-14, -2.15938662046e-15, 7.91125723417e-15, -6.51720384507e-16, -6.20832335469e-17, 4.3708066403e-18, 5.09165856178e-19, 2.04775992338e-19, 1.57717028131e-19, 1.24794451344e-19, 1.31136083209e-19], [1.35469089453e-16, 2.08505842054e-16, 1.52089292012e-16, 3.02551566081e-16, 1.69618659396e-12, 1.39688295653e-11, 1.16983214782e-10, 1.36210143165e-09, 1.15977144555e-10, 3.53253648555e-10, 2.30750599184e-10, 5.20774603996e-11, 2.30248403676e-10, 1.3646332675e-10, 4.97576042868e-11, 5.92944859878e-11, 3.92831808749e-11, 6.94819592487e-12, 3.58752329059e-12, 5.76994506861e-13, 2.34094698921e-13, 3.906368569e-15, 2.76188406751e-16, 7.67093484938e-17, 6.78995838026e-17, 6.76891358198e-17, 7.21535089951e-17], [5.14711767674e-15, 7.87686939058e-15, 6.05341709579e-15, 9.7338392026e-15, 1.39688295653e-11, 1.63613200765e-09, 2.61580068717e-09, 9.61018464807e-09, 2.58886134752e-09, 1.02418873382e-08, 1.28739252592e-09, 1.85526016772e-09, 4.34828351104e-09, 1.84680770676e-09, 6.38782526874e-10, 1.95832972061e-09, 5.27029322961e-11, -9.35443458805e-11, 4.76481423761e-11, -1.24194465476e-11, -1.08302540655e-13, 5.30806308467e-14, 5.26432670784e-15, 1.76324889866e-15, 1.60351351965e-15, 1.66715163437e-15, 1.77241771268e-15], [7.73986587712e-14, 1.20243834963e-13, 9.43339780205e-14, 1.36882977284e-13, 1.16983214782e-10, 2.61580068717e-09, 8.09724056694e-08, 1.3964614709e-07, 1.8874549923e-08, 2.33391659776e-07, 5.59108741527e-07, 1.3778641339e-08, 1.87878470115e-07, 3.1926568056e-08, 1.2053806131e-07, 1.90599056538e-08, 1.35352840047e-08, 1.50018308887e-09, 9.54922030338e-10, 1.06359844543e-10, 3.63482612065e-11, 1.16367592645e-12, 2.03458465895e-13, 7.43999656262e-14, 5.58916113261e-14, 3.96999023011e-14, 4.15406743021e-14], [4.80614896839e-13, 7.43454614278e-13, 5.05831758858e-13, 9.84068404021e-13, 1.36210143165e-09, 9.61018464807e-09, 1.3964614709e-07, 4.01461466026e-06, 2.196429989e-07, 6.49262119623e-07, 4.74923979255e-07, 9.97845646111e-08, 3.30948495275e-07, 3.36243658694e-07, 1.42607092357e-07, 8.2869789253e-08, 1.00091995137e-07, 5.65518227802e-08, 1.14263416506e-08, 3.6976270934e-09, 7.29652060993e-10, 6.65276471065e-12, 4.58390703867e-13, 1.55300482218e-13, 1.37967708005e-13, 1.32182744026e-13, 1.40657342544e-13], [6.12035921076e-14, 9.37930153466e-14, 6.55772501188e-14, 1.5686963447e-13, 1.15977144555e-10, 2.58886134752e-09, 1.8874549923e-08, 2.196429989e-07, 3.69434296488e-08, 1.29542513605e-07, 7.71874013594e-08, 1.02814041725e-08, 4.8047645862e-08, 3.60591343451e-08, 2.89074950643e-08, 1.37546321e-08, 1.16527134608e-08, 1.16956999641e-09, 9.7209285066e-10, 7.5589312587e-11, 2.67279167548e-11, 6.58355097868e-13, 5.27966444164e-14, 1.75996980119e-14, 1.4777008149e-14, 1.40928223681e-14, 1.49414274085e-14], [6.03857892509e-13, 9.27980131973e-13, 6.84227468521e-13, 1.12744557614e-12, 3.53253648555e-10, 1.02418873382e-08, 2.33391659776e-07, 6.49262119623e-07, 1.29542513605e-07, 4.55041708847e-06, 1.91229787561e-06, 7.34003506864e-08, 1.34925915063e-06, 1.91347538703e-07, 1.14125055006e-06, 1.07869603028e-07, 3.59652965187e-08, -8.88430218282e-10, 1.30581390145e-09, -5.55325230245e-10, 1.34799777677e-12, 4.10324552114e-12, 1.07815080648e-12, 4.88426681912e-13, 4.21905674459e-13, 3.8091789922e-13, 4.02875053197e-13], [6.05902101495e-13, 9.72046661912e-13, 7.53044057233e-13, 8.67906983261e-13, 2.30750599184e-10, 1.28739252592e-09, 5.59108741527e-07, 4.74923979255e-07, 7.71874013594e-08, 1.91229787561e-06, 1.21279617815e-05, 3.96809447523e-08, 1.65044309597e-06, 2.29364445659e-07, 2.3185543796e-06, 9.14003095431e-08, 1.75023416205e-07, 1.45112979411e-08, 3.37369576719e-09, 6.82254308604e-10, 2.18415133202e-10, 1.40964028644e-11, 3.87654535208e-12, 1.58177735233e-12, 9.80512004055e-13, 3.93750732974e-13, 3.95265390514e-13], [2.9876275065e-14, 4.58727091143e-14, 4.22781249029e-14, 6.76541545767e-14, 5.20774603996e-11, 1.85526016772e-09, 1.3778641339e-08, 9.97845646111e-08, 1.02814041725e-08, 7.34003506864e-08, 3.96809447523e-08, 1.92737612537e-08, 5.11739912668e-08, 1.44163410098e-08, 9.16909037585e-09, 6.59287913152e-09, 3.76965036963e-09, 1.04030817294e-09, 3.67947367019e-10, 7.58270113366e-11, 1.97427907356e-11, 3.42981285734e-13, 3.31313278136e-14, 8.36790963669e-15, 6.64213336974e-15, 5.81160570649e-15, 6.14661443691e-15], [2.64263491732e-13, 4.13427972412e-13, 3.35401519926e-13, 5.10834755572e-13, 2.30248403676e-10, 4.34828351104e-09, 1.87878470115e-07, 3.30948495275e-07, 4.8047645862e-08, 1.34925915063e-06, 1.65044309597e-06, 5.11739912668e-08, 8.91505351319e-07, 8.56248121295e-08, 5.69029396047e-07, 5.33580468698e-08, 2.32848620385e-08, 1.40600653342e-09, 1.76041403677e-09, 1.89244994675e-10, 9.89849868738e-11, 3.39827168142e-12, 8.2152378433e-13, 3.17646543834e-13, 2.40764005954e-13, 1.68180004428e-13, 1.75834146505e-13], [7.94833084983e-14, 1.22182415552e-13, 8.85400625972e-14, 1.74148266337e-13, 1.3646332675e-10, 1.84680770676e-09, 3.1926568056e-08, 3.36243658694e-07, 3.60591343451e-08, 1.91347538703e-07, 2.29364445659e-07, 1.44163410098e-08, 8.56248121295e-08, 8.39243554651e-08, 6.56317737935e-08, 1.97908178734e-08, 1.77832522041e-08, 3.58057827832e-09, 1.60263902149e-09, 3.47731982098e-10, 6.52271500701e-11, 1.05737283079e-12, 1.01636418465e-13, 4.11590486899e-14, 3.4258589753e-14, 3.0530048975e-14, 3.23352760854e-14], [2.32011702602e-13, 3.67013033463e-13, 2.54288127013e-13, 2.83390444358e-13, 4.97576042868e-11, 6.38782526874e-10, 1.2053806131e-07, 1.42607092357e-07, 2.89074950643e-08, 1.14125055006e-06, 2.3185543796e-06, 9.16909037585e-09, 5.69029396047e-07, 6.56317737935e-08, 8.7992390263e-07, 4.80594124497e-08, 3.34168106519e-08, 3.50856299569e-09, 9.34471944269e-10, 1.33830321825e-10, 4.57412267785e-11, 3.21114380746e-12, 9.13037982893e-13, 3.82414938474e-13, 2.77720880147e-13, 1.78462008626e-13, 1.8568427232e-13], [2.86756431317e-14, 4.3695065334e-14, 2.44352301793e-14, 6.95720133522e-14, 5.92944859878e-11, 1.95832972061e-09, 1.90599056538e-08, 8.2869789253e-08, 1.37546321e-08, 1.07869603028e-07, 9.14003095431e-08, 6.59287913152e-09, 5.33580468698e-08, 1.97908178734e-08, 4.80594124497e-08, 2.43825496682e-07, 1.96627585325e-08, -1.40406311577e-10, 4.15279977073e-10, -2.30352490554e-11, 4.17711004674e-11, 4.08501276425e-13, 5.55042767119e-14, 3.40937673059e-14, 2.88324323184e-14, 2.67425496217e-14, 2.82335004036e-14], [1.96630618011e-14, 3.08651047158e-14, 3.69400419541e-14, 8.21919030232e-14, 3.92831808749e-11, 5.27029322961e-11, 1.35352840047e-08, 1.00091995137e-07, 1.16527134608e-08, 3.59652965187e-08, 1.75023416205e-07, 3.76965036963e-09, 2.32848620385e-08, 1.77832522041e-08, 3.34168106519e-08, 1.96627585325e-08, 3.54948241466e-07, 4.97877206129e-09, 2.4396393794e-09, -2.87656686665e-11, 6.03577040778e-12, 6.77656661254e-13, 8.28099524716e-14, 3.57725696667e-14, 2.7251050605e-14, 1.77587420003e-14, 1.81980607206e-14], [8.25757004279e-15, 1.35325261671e-14, 1.07886095213e-14, -2.15938662046e-15, 6.94819592487e-12, -9.35443458805e-11, 1.50018308887e-09, 5.65518227802e-08, 1.16956999641e-09, -8.88430218282e-10, 1.45112979411e-08, 1.04030817294e-09, 1.40600653342e-09, 3.58057827832e-09, 3.50856299569e-09, -1.40406311577e-10, 4.97877206129e-09, 4.47745485133e-08, 1.77347714292e-09, 7.25507098842e-10, 2.02173642411e-11, 1.11462251375e-13, 1.74579080847e-14, 5.8326637926e-15, 5.22858445857e-15, 4.57036743724e-15, 4.83263509573e-15], [2.42803497814e-15, 3.74401014071e-15, 2.29066338651e-15, 7.91125723417e-15, 3.58752329059e-12, 4.76481423761e-11, 9.54922030338e-10, 1.14263416506e-08, 9.7209285066e-10, 1.30581390145e-09, 3.37369576719e-09, 3.67947367019e-10, 1.76041403677e-09, 1.60263902149e-09, 9.34471944269e-10, 4.15279977073e-10, 2.4396393794e-09, 1.77347714292e-09, 5.99892524544e-10, 1.33620031706e-10, 9.59274153167e-12, 5.36904471349e-14, 4.05420334687e-15, 8.79308237737e-16, 6.88181341238e-16, 6.72841574564e-16, 7.12356826223e-16], [5.65414715204e-16, 8.63618117059e-16, 2.93170887948e-16, -6.51720384507e-16, 5.76994506861e-13, -1.24194465476e-11, 1.06359844543e-10, 3.6976270934e-09, 7.5589312587e-11, -5.55325230245e-10, 6.82254308604e-10, 7.58270113366e-11, 1.89244994675e-10, 3.47731982098e-10, 1.33830321825e-10, -2.30352490554e-11, -2.87656686665e-11, 7.25507098842e-10, 1.33620031706e-10, 4.87886397949e-10, 3.70726088716e-11, 9.41883611985e-15, 4.00695881369e-15, 4.54129832528e-16, 1.65198781232e-16, 1.47806878719e-16, 1.55430479647e-16], [4.81158819311e-17, 7.48301595782e-17, 2.68364456062e-17, -6.20832335469e-17, 2.34094698921e-13, -1.08302540655e-13, 3.63482612065e-11, 7.29652060993e-10, 2.67279167548e-11, 1.34799777677e-12, 2.18415133202e-10, 1.97427907356e-11, 9.89849868738e-11, 6.52271500701e-11, 4.57412267785e-11, 4.17711004674e-11, 6.03577040778e-12, 2.02173642411e-11, 9.59274153167e-12, 3.70726088716e-11, 8.743924855e-12, 1.1217199087e-15, 4.95017436381e-16, 6.85032535962e-17, 3.66326926611e-17, 2.83283386328e-17, 2.97421524271e-17], [1.48139662165e-18, 2.43917550784e-18, 1.90381346205e-18, 4.3708066403e-18, 3.906368569e-15, 5.30806308467e-14, 1.16367592645e-12, 6.65276471065e-12, 6.58355097868e-13, 4.10324552114e-12, 1.40964028644e-11, 3.42981285734e-13, 3.39827168142e-12, 1.05737283079e-12, 3.21114380746e-12, 4.08501276425e-13, 6.77656661254e-13, 1.11462251375e-13, 5.36904471349e-14, 9.41883611985e-15, 1.1217199087e-15, 7.19510416509e-17, 1.22453749931e-17, 4.65554371384e-18, 2.80523849766e-18, 9.76106003242e-19, 9.66798256797e-19], [2.36579419605e-19, 4.22171633048e-19, 3.42785739643e-19, 5.09165856178e-19, 2.76188406751e-16, 5.26432670784e-15, 2.03458465895e-13, 4.58390703867e-13, 5.27966444164e-14, 1.07815080648e-12, 3.87654535208e-12, 3.31313278136e-14, 8.2152378433e-13, 1.01636418465e-13, 9.13037982893e-13, 5.55042767119e-14, 8.28099524716e-14, 1.74579080847e-14, 4.05420334687e-15, 4.00695881369e-15, 4.95017436381e-16, 1.22453749931e-17, 3.72690526325e-18, 1.49171125369e-18, 9.10419073811e-19, 3.07378454468e-19, 3.03585495318e-19], [9.39720667466e-20, 1.67038229185e-19, 1.35098058624e-19, 2.04775992338e-19, 7.67093484938e-17, 1.76324889866e-15, 7.43999656262e-14, 1.55300482218e-13, 1.75996980119e-14, 4.88426681912e-13, 1.58177735233e-12, 8.36790963669e-15, 3.17646543834e-13, 4.11590486899e-14, 3.82414938474e-13, 3.40937673059e-14, 3.57725696667e-14, 5.8326637926e-15, 8.79308237737e-16, 4.54129832528e-16, 6.85032535962e-17, 4.65554371384e-18, 1.49171125369e-18, 6.49622726852e-19, 4.15208659296e-19, 1.74607293682e-19, 1.76301307878e-19], [7.90867836026e-20, 1.34909448519e-19, 1.03136484764e-19, 1.57717028131e-19, 6.78995838026e-17, 1.60351351965e-15, 5.58916113261e-14, 1.37967708005e-13, 1.4777008149e-14, 4.21905674459e-13, 9.80512004055e-13, 6.64213336974e-15, 2.40764005954e-13, 3.4258589753e-14, 2.77720880147e-13, 2.88324323184e-14, 2.7251050605e-14, 5.22858445857e-15, 6.88181341238e-16, 1.65198781232e-16, 3.66326926611e-17, 2.80523849766e-18, 9.10419073811e-19, 4.15208659296e-19, 2.83558599658e-19, 1.49564814227e-19, 1.53774349289e-19], [7.33542280872e-20, 1.15860500063e-19, 7.94742660208e-20, 1.24794451344e-19, 6.76891358198e-17, 1.66715163437e-15, 3.96999023011e-14, 1.32182744026e-13, 1.40928223681e-14, 3.8091789922e-13, 3.93750732974e-13, 5.81160570649e-15, 1.68180004428e-13, 3.0530048975e-14, 1.78462008626e-13, 2.67425496217e-14, 1.77587420003e-14, 4.57036743724e-15, 6.72841574564e-16, 1.47806878719e-16, 2.83283386328e-17, 9.76106003242e-19, 3.07378454468e-19, 1.74607293682e-19, 1.49564814227e-19, 1.27907726526e-19, 1.35047975423e-19], [7.75665678084e-20, 1.22152759585e-19, 8.33638695939e-20, 1.31136083209e-19, 7.21535089951e-17, 1.77241771268e-15, 4.15406743021e-14, 1.40657342544e-13, 1.49414274085e-14, 4.02875053197e-13, 3.95265390514e-13, 6.14661443691e-15, 1.75834146505e-13, 3.23352760854e-14, 1.8568427232e-13, 2.82335004036e-14, 1.81980607206e-14, 4.83263509573e-15, 7.12356826223e-16, 1.55430479647e-16, 2.97421524271e-17, 9.66798256797e-19, 3.03585495318e-19, 1.76301307878e-19, 1.53774349289e-19, 1.35047975423e-19, 1.42746338588e-19]]
    },
    "mfcc": {
        "kurt": [-0.530396938324, -1.16080367565, -0.432598114014, -1.15030682087, -0.287348508835, 0.477529287338, -0.0769793987274, 0.256540775299, 2.26208019257, 2.59709453583, 1.32493925095, 4.15946769714, 2.83156728745],
        "max": [-759.051269531, 192.636413574, 18.6517028809, 75.3347625732, 62.216709137, 15.7468338013, 17.3740882874, 37.5159416199, 67.0858154297, 58.9525756836, 49.484172821, 62.5962982178, 47.419002533],
        "mean": [-1023.59649658, 66.8530731201, -51.7577476501, -43.5747032166, -17.3920593262, -31.2016944885, -27.1913204193, -4.75792884827, 5.22889757156, 3.40148544312, 2.82384896278, 6.14732456207, 6.47755670547],
        "median": [-1044.57373047, 56.3329544067, -37.9145317078, -34.7389907837, -18.9394874573, -28.6928749084, -24.2295837402, -4.24675750732, 2.48225402832, 3.93762969971, 4.34418106079, 5.8946723938, 6.09197998047],
        "min": [-1138.42004395, -34.973197937, -199.855819702, -144.492736816, -74.1891479492, -107.555145264, -91.8733978271, -44.8950042725, -33.8521957397, -46.9058532715, -40.6496009827, -44.6245689392, -51.1820640564],
        "skew": [0.729019463062, 0.403218656778, -0.805440306664, -0.292504638433, 0.461278945208, -0.755999207497, -0.655615389347, 0.133615523577, 1.06711399555, 0.0656393393874, -0.647093057632, -0.382181733847, -0.381719052792],
        "var": [9359.00488281, 3036.62402344, 3106.95629883, 1980.68652344, 785.862487793, 441.119110107, 378.029418945, 172.53352356, 207.118087769, 168.277267456, 171.95690918, 120.353530884, 124.639282227],
        "cov": [[9373.25, 4830.12304688, -4920.71777344, -3383.47021484, -860.469665527, -1411.29504395, -1118.60424805, -511.090789795, -216.378692627, -230.529922485, -314.351867676, 178.468994141, 381.428070068], [4830.12304688, 3041.24609375, -2052.96411133, -2322.59106445, -936.081359863, -618.306762695, -593.393737793, -393.565582275, -150.041061401, -165.033782959, -171.606170654, 133.900817871, 251.125717163], [-4920.71777344, -2052.96411133, 3111.68530273, 1375.4230957, -100.714660645, 741.499694824, 642.911193848, 140.121276855, 8.28879547119, 93.8401947021, 183.893936157, -58.7582588196, -164.991439819], [-3383.47021484, -2322.59106445, 1375.4230957, 1983.70129395, 779.307250977, 258.149169922, 411.99887085, 329.587493896, 68.8690032959, 103.702293396, 125.501358032, -110.222686768, -208.98828125], [-860.469665527, -936.081359863, -100.714660645, 779.307250977, 787.05859375, 121.00151062, -87.8081741333, 176.441970825, 173.191879272, -15.1643571854, -62.4967727661, -61.5434265137, -66.9050216675], [-1411.29504395, -618.306762695, 741.499694824, 258.149169922, 121.00151062, 441.790527344, 181.768356323, -23.4974784851, 43.2490882874, 42.3552360535, -0.683990776539, -51.0594329834, -39.1201591492], [-1118.60424805, -593.393737793, 642.911193848, 411.99887085, -87.8081741333, 181.768356323, 378.604797363, 40.4594802856, -136.206604004, 73.5685577393, 133.697296143, -41.0138397217, -90.2791137695], [-511.090789795, -393.565582275, 140.121276855, 329.587493896, 176.441970825, -23.4974784851, 40.4594802856, 172.796142578, 53.4515571594, -46.2272033691, 28.5465183258, 24.2585582733, -44.5644950867], [-216.378692627, -150.041061401, 8.28879547119, 68.8690032959, 173.191879272, 43.2490882874, -136.206604004, 53.4515571594, 207.433334351, 20.3414230347, -99.0691680908, 3.40179371834, 45.0506629944], [-230.529922485, -165.033782959, 93.8401947021, 103.702293396, -15.1643571854, 42.3552360535, 73.5685577393, -46.2272033691, 20.3414230347, 168.533401489, 55.137966156, -77.3340377808, -17.5131492615], [-314.351867676, -171.606170654, 183.893936157, 125.501358032, -62.4967727661, -0.683990776539, 133.697296143, 28.5465183258, -99.0691680908, 55.137966156, 172.218643188, 7.85160112381, -88.0580062866], [178.468994141, 133.900817871, -58.7582588196, -110.222686768, -61.5434265137, -51.0594329834, -41.0138397217, 24.2585582733, 3.40179371834, -77.3340377808, 7.85160112381, 120.536720276, 36.6748733521], [381.428070068, 251.125717163, -164.991439819, -208.98828125, -66.9050216675, -39.1201591492, -90.2791137695, -44.5644950867, 45.0506629944, -17.5131492615, -88.0580062866, 36.6748733521, 124.828994751]]
    },
    "sccoeffs": {
        "kurt": [0.670882463455, 0.594281196594, 1.90620088577, 1.06430149078, -0.371947526932, 3.39635372162],
        "max": [-0.447128236294, -0.316971808672, -0.330939292908, -0.370737671852, -0.393024116755, -0.685909152031],
        "mean": [-0.720093309879, -0.754993438721, -0.770658195019, -0.779750287533, -0.756781160831, -0.848833918571],
        "median": [-0.716543614864, -0.766583740711, -0.780188322067, -0.791001021862, -0.770728588104, -0.850607156754],
        "min": [-0.991155982018, -0.969748079777, -0.982925832272, -0.960452437401, -0.970435500145, -0.931487619877],
        "skew": [-0.151165217161, 0.81603705883, 1.14124393463, 1.0610024929, 0.641724944115, 1.0811150074],
        "var": [0.00615463778377, 0.0103850252926, 0.0110786175355, 0.0121727958322, 0.0150951137766, 0.00101908715442],
        "cov": [[0.00616400549188, -0.00202431110665, -0.00212331628427, -0.00230132532306, -0.00178495747969, 0.000442139367806], [-0.00202431110665, 0.0104008326307, 0.00617451220751, 0.00341131910682, 0.00380595563911, 0.00063957128441], [-0.00212331628427, 0.00617451220751, 0.0110954791307, 0.00652262289077, 0.00479878345504, 0.000262165005552], [-0.00230132532306, 0.00341131910682, 0.00652262289077, 0.0121913235635, 0.0077104633674, -0.000506154377945], [-0.00178495747969, 0.00380595563911, 0.00479878345504, 0.0077104633674, 0.0151180895045, 0.000130507833092], [0.000442139367806, 0.00063957128441, 0.000262165005552, -0.000506154377945, 0.000130507833092, 0.00102063827217]]
    },
    "scvalleys": {
        "kurt": [-0.515793323517, 0.903773069382, -0.20401597023, 0.686182498932, 6.31913948059, 7.50106430054],
        "max": [-9.87356567383, -5.24540567398, -5.19678592682, -5.14503383636, -6.89074277878, -11.5045309067],
        "mean": [-13.857419014, -9.34500217438, -9.8282289505, -10.104393959, -11.5696716309, -14.9158163071],
        "median": [-14.0515699387, -9.43054199219, -10.2637271881, -10.4528369904, -11.8141098022, -15.1486034393],
        "min": [-18.3779144287, -19.1680850983, -19.7344322205, -21.3901367188, -20.5560359955, -22.0658149719],
        "skew": [0.408247798681, -0.183208420873, 0.176764637232, 0.274863034487, 0.163304880261, 0.256515949965],
        "var": [2.50510931015, 2.95870566368, 4.36588048935, 3.98911356926, 1.35770916939, 0.777355134487],
        "cov": [[2.50892233849, 2.24793314934, 2.82787966728, 2.71350908279, 1.3044397831, 1.02126717567], [2.24793314934, 2.96320915222, 3.43194127083, 2.99894618988, 1.33541440964, 1.06681084633], [2.82787966728, 3.43194127083, 4.37252569199, 3.84037470818, 1.7329659462, 1.37020158768], [2.71350908279, 2.99894618988, 3.84037470818, 3.9951851368, 1.8092802763, 1.35159099102], [1.3044397831, 1.33541440964, 1.7329659462, 1.8092802763, 1.35977566242, 0.816720426083], [1.02126717567, 1.06681084633, 1.37020158768, 1.35159099102, 0.816720426083, 0.778538346291]]
    }
},
"rhythm": {
    "beats_loudness": {
        "kurt": 4.36976480484,
        "max": 0.0609642416239,
        "mean": 0.00847901403904,
        "median": 4.42349846708e-05,
        "min": 6.72649775879e-08,
        "skew": 2.12799215317,
        "var": 0.000218411587412
    },
    "bpm": 91.7193374634,
    "confidence": 1.96019053459,
    "first_peak_bpm": {
        "kurt": 0,
        "max": 92,
        "mean": 92,
        "median": 92,
        "min": 92,
        "skew": 0,
        "var": 0
    },
    "first_peak_spread": {
        "kurt": 0,
        "max": 0.214285671711,
        "mean": 0.214285671711,
        "median": 0.214285671711,
        "min": 0.214285671711,
        "skew": 0,
        "var": 0
    },
    "first_peak_weight": {
        "kurt": 0,
        "max": 0.5,
        "mean": 0.5,
        "median": 0.5,
        "min": 0.5,
        "skew": 0,
        "var": 0
    },
    "onset_rate": 1.9692980051,
    "second_peak_bpm": {
        "kurt": 0,
        "max": 99,
        "mean": 99,
        "median": 99,
        "min": 99,
        "skew": 0,
        "var": 0
    },
    "second_peak_spread": {
        "kurt": 0,
        "max": 0.5,
        "mean": 0.5,
        "median": 0.5,
        "min": 0.5,
        "skew": 0,
        "var": 0
    },
    "second_peak_weight": {
        "kurt": 0,
        "max": 0.181818187237,
        "mean": 0.181818187237,
        "median": 0.181818187237,
        "min": 0.181818187237,
        "skew": 0,
        "var": 0
    },
    "beats_loudness_band_ratio": {
        "kurt": [3.45663547516, 2.96377754211, -0.215404510498, -1.26042795181, -0.836005449295, 3.56238031387],
        "max": [0.00165127392393, 0.108123190701, 0.901983261108, 0.867631018162, 0.996542811394, 0.274443030357],
        "mean": [0.000229633660638, 0.0168046373874, 0.298123329878, 0.336323529482, 0.324547201395, 0.0331900641322],
        "median": [1.20052436614e-05, 0.00381878716871, 0.242671132088, 0.201516076922, 0.165857195854, 0.000552187266294],
        "min": [3.19963966433e-08, 2.12665472645e-05, 0.000205761185498, 9.49105888139e-05, 0.0019056891324, 1.76674202521e-05],
        "skew": [2.19050645828, 2.09161663055, 0.950469434261, 0.553171634674, 0.746671140194, 2.16102075577],
        "var": [2.08851275829e-07, 0.000903122068848, 0.0779913440347, 0.0932739004493, 0.110629506409, 0.00514274043962],
        "cov": [[2.18344524683e-07, 1.28238134494e-05, 2.00552221941e-05, -4.19106945628e-05, -5.49947253603e-06, 1.98251982511e-05], [1.28238134494e-05, 0.000944173021708, 0.00155658414587, -0.00250216852874, -0.00101164495572, 0.00134502723813], [2.00552221941e-05, 0.00155658414587, 0.0815364047885, -0.0239294115454, -0.0559004992247, -0.00201119412668], [-4.19106945628e-05, -0.00250216852874, -0.0239294115454, 0.0975136235356, -0.0637306272984, -0.00832569878548], [-5.49947253603e-06, -0.00101164495572, -0.0559004992247, -0.0637306272984, 0.115658119321, 0.00407569343224], [1.98251982511e-05, 0.00134502723813, -0.00201119412668, -0.00832569878548, 0.00407569343224, 0.00537650147453]]
    },
    "beats_position": [0.603718817234, 1.18421769142, 1.764716506, 2.38004541397, 2.9837641716, 3.58748292923, 4.17959165573, 4.78331041336, 5.36380958557, 6.00235795975, 6.64090681076, 7.2910656929, 7.95283412933, 8.62621307373, 9.287981987, 9.93814086914, 10.5882987976, 11.2384576797, 11.900226593, 12.5619955063, 13.2121543884, 13.873922348, 14.5240812302],
    "bpm_estimates": [93.9631271362, 93.9630508423, 92.2851333618, 90.6661529541, 89.1028747559, 90.6660919189, 92.2851333618, 92.2852706909, 92.2851333618, 90.6660919189, 90.6660919189, 92.2851333618, 90.6662216187, 92.2851333618],
    "bpm_intervals": [0.580498874187, 0.580498814583, 0.615328907967, 0.603718757629, 0.603718757629, 0.592108726501, 0.603718757629, 0.580499172211, 0.638548374176, 0.638548851013, 0.650158882141, 0.661768436432, 0.673378944397, 0.661768913269, 0.650158882141, 0.650157928467, 0.650158882141, 0.661768913269, 0.661768913269, 0.650158882141, 0.661767959595, 0.650158882141],
    "onset_times": [0.197369620204, 0.615328788757, 0.870748281479, 1.70666670799, 4.1099319458, 4.43501138687, 4.73687076569, 5.30575942993, 5.56117916107, 5.71210861206, 5.85142850876, 6.14167785645, 6.32743787766, 8.27791404724, 8.77714252472, 8.893242836, 9.24154186249, 9.89170074463, 10.8321084976, 11.0759181976, 11.2500677109, 11.6912469864, 12.0627660751, 13.1308841705, 13.3863039017, 13.4675741196, 13.8623132706, 14.1293420792, 14.512471199, 14.6982316971],
    "histogram": [[0, 0, 0, 0, 0, 0, 0, 0, 0, 0, 0, 0, 0, 0, 0, 0, 0, 0, 0, 0, 0, 0, 0, 0, 0, 0, 0, 0, 0, 0, 0, 0, 0, 0, 0, 0, 0, 0, 0, 0, 0, 0, 0, 0, 0, 0, 0, 0, 0, 0, 0, 0, 0, 0, 0, 0, 0, 0, 0, 0, 0, 0, 0, 0, 0, 0, 0, 0, 0, 0, 0, 0, 0, 0, 0, 0, 0, 0, 0, 0, 0, 0, 0, 0, 0, 0, 0, 0, 0, 0.0454545468092, 0, 0.227272734046, 0.272727280855, 0, 0.0909090936184, 0, 0, 0, 0.0454545468092, 0.136363640428, 0, 0.0454545468092, 0, 0.136363640428, 0, 0, 0, 0, 0, 0, 0, 0, 0, 0, 0, 0, 0, 0, 0, 0, 0, 0, 0, 0, 0, 0, 0, 0, 0, 0, 0, 0, 0, 0, 0, 0, 0, 0, 0, 0, 0, 0, 0, 0, 0, 0, 0, 0, 0, 0, 0, 0, 0, 0, 0, 0, 0, 0, 0, 0, 0, 0, 0, 0, 0, 0, 0, 0, 0, 0, 0, 0, 0, 0, 0, 0, 0, 0, 0, 0, 0, 0, 0, 0, 0, 0, 0, 0, 0, 0, 0, 0, 0, 0, 0, 0, 0, 0, 0, 0, 0, 0, 0, 0, 0, 0, 0, 0, 0, 0, 0, 0, 0, 0, 0, 0, 0, 0, 0, 0, 0, 0, 0, 0, 0, 0, 0, 0, 0, 0, 0, 0, 0, 0, 0, 0, 0, 0, 0, 0, 0, 0, 0, 0, 0, 0, 0, 0, 0, 0]]
},
"sfx": {
    "inharmonicity": {
        "kurt": 3.31738376617,
        "max": 0.426426202059,
        "mean": 0.0646323785186,
        "median": 0.0239275284111,
        "min": 0,
        "skew": 1.94481599331,
        "var": 0.00853554066271
    },
    "oddtoevenharmonicenergyratio": {
        "kurt": 644.70703125,
        "max": 159345.265625,
        "mean": 274.45916748,
        "median": 0.31791216135,
        "min": 0,
        "skew": 25.3602619171,
        "var": 38760180
    },
    "pitch_after_max_to_before_max_energy_ratio": 0.0163957960904,
    "pitch_centroid": 362.466674805,
    "pitch_max_to_total": 0.998480260372,
    "pitch_min_to_total": 0.501519739628,
    "tristimulus": {
        "kurt": [-1.41279709339, -1.46981167793, 2.42400503159],
        "max": [1, 0.998979210854, 1],
        "mean": [0.449208259583, 0.412659615278, 0.138132125139],
        "median": [0.346496790648, 0.397148191929, 0.0499766990542],
        "min": [0, 0, 0],
        "skew": [0.37407875061, 0.133774399757, 1.70734977722],
        "var": [0.139117389917, 0.110679276288, 0.0358418263495],
        "cov": [[0.139329135418, -0.107140190899, -0.0321888066828], [-0.107140190899, 0.110847741365, -0.00370753835887], [-0.0321888066828, -0.00370753835887, 0.0358963795006]]
    }
},
"tonal": {
    "chords_changes_rate": 0.0515151508152,
    "chords_number_rate": 0.0303030312061,
    "chords_strength": {
        "kurt": -0.265122890472,
        "max": 0.765633821487,
        "mean": 0.535756826401,
        "median": 0.518654167652,
        "min": 0.378013938665,
        "skew": 0.662925958633,
        "var": 0.00728702964261
    },
    "key_strength": 0.558652162552,
    "tuning_diatonic_strength": 0.523724317551,
    "tuning_equal_tempered_deviation": 0.16189853847,
    "tuning_frequency": 439.238189697,
    "tuning_nontempered_energy_ratio": 0.863950073719,
    "hpcp": {
        "kurt": [0.763782739639, 1.27365589142, 0.903068065643, -0.49559044838, 0.104489803314, 2.44178962708, 6.21551132202, 6.77994441986, 2.33641290665, 1.84367227554, 3.68789196014, 2.77627182007, 0.640057086945, 0.626280546188, 1.22681713104, 0.524063587189, 0.756340265274, 2.07865333557, 4.76677513123, 6.18619632721, 7.43838596344, 5.49344158173, 4.60663700104, 6.81547260284, 8.84803009033, 6.98457431793, 8.60745429993, 10.2634239197, 8.79808998108, 10.1165933609, 9.27376174927, 8.22769069672, 7.71869850159, 9.4751367569, 5.10464572906, 2.04938697815],
        "max": [1, 1, 1, 1, 1, 1, 0.992740690708, 1, 1, 1, 1, 1, 1, 1, 1, 1, 1, 1, 1, 1, 1, 1, 1, 0.937470972538, 1, 1, 1, 1, 1, 1, 1, 1, 1, 1, 1, 1],
