{
"metadata": {
    "version": {
        "essentia": "2.1-beta3"
    }
},
"lowLevel": {
    "average_loudness": 0.900511264801,
    "barkbands_kurtosis": {
        "kurt": 4.61656713486,
        "max": 27.9531517029,
        "mean": 3.31667637825,
        "median": 1.53658699989,
        "min": -1.78441119194,
        "skew": 2.10541725159,
        "var": 27.4448394775
    },
    "barkbands_skewness": {
        "kurt": 2.47544527054,
        "max": 4.36655855179,
        "mean": 0.286775022745,
        "median": 0.363161414862,
        "min": -4.82272481918,
        "skew": -0.197961837053,
        "var": 1.4334717989
    },
    "barkbands_spread": {
        "kurt": 4.1155257225,
        "max": 64.8199996948,
        "mean": 11.8017482758,
        "median": 7.58687782288,
        "min": 0.795656383038,
        "skew": 1.92296457291,
        "var": 128.633346558
    },
    "dissonance": {
        "kurt": 6.19188594818,
        "max": 0.499974519014,
        "mean": 0.470072925091,
        "median": 0.483996152878,
        "min": 0.276172220707,
        "skew": -2.27552723885,
        "var": 0.00138911569957
    },
    "hfc": {
        "kurt": 36.4041213989,
        "max": 143.132354736,
        "mean": 3.71374702454,
        "median": 0.00317390728742,
        "min": 4.87606484967e-07,
        "skew": 5.74470376968,
        "var": 250.271469116
    },
    "pitch": {
        "kurt": 6.7809419632,
        "max": 5048.81884766,
        "mean": 1017.73760986,
        "median": 869.364501953,
        "min": 119.445274353,
        "skew": 2.71725845337,
        "var": 978835.9375
    },
    "pitch_instantaneous_confidence": {
        "kurt": -0.61102771759,
        "max": 0.991990208626,
        "mean": 0.56144118309,
        "median": 0.55558514595,
        "min": 0.152775287628,
        "skew": 0.20951551199,
        "var": 0.0324247479439
    },
    "pitch_salience": {
        "kurt": 1.6382484436,
        "max": 0.893670141697,
        "mean": 0.653490543365,
        "median": 0.663102686405,
        "min": 0.209402278066,
        "skew": -0.885893523693,
        "var": 0.0100407721475
    },
    "silence_rate_20dB": {
        "kurt": 0,
        "max": 1,
        "mean": 1,
        "median": 1,
        "min": 1,
        "skew": 0,
        "var": 0
    },
    "silence_rate_30dB": {
        "kurt": 0,
        "max": 1,
        "mean": 1,
        "median": 1,
        "min": 1,
        "skew": 0,
        "var": 0
    },
    "silence_rate_60dB": {
        "kurt": 4.50385427475,
        "max": 1,
        "mean": 0.893442630768,
        "median": 1,
        "min": 0,
        "skew": -2.55026483536,
        "var": 0.095203243196
    },
    "spectral_centroid": {
        "kurt": 1.06113910675,
        "max": 3985.87817383,
        "mean": 1441.99707031,
        "median": 1314.66064453,
        "min": 479.757141113,
        "skew": 0.966709792614,
        "var": 477139.75
    },
    "spectral_complexity": {
        "kurt": 10.4052839279,
        "max": 23,
        "mean": 1.34153008461,
        "median": 0,
        "min": 0,
        "skew": 3.29499673843,
        "var": 16.0336894989
    },
    "spectral_crest": {
        "kurt": 0.216271162033,
        "max": 25.460559845,
        "mean": 11.0658321381,
        "median": 10.4039859772,
        "min": 3.32102847099,
        "skew": 0.746817827225,
        "var": 18.5626564026
    },
    "spectral_decrease": {
        "kurt": 30.8099365234,
        "max": -6.20193288815e-17,
        "mean": -4.87831830487e-10,
        "median": -6.84617401832e-13,
        "min": -1.62304658602e-08,
        "skew": -5.33456468582,
        "var": 3.91802658455e-18
    },
    "spectral_energy": {
        "kurt": 31.4789581299,
        "max": 0.0742399692535,
        "mean": 0.00217803684063,
        "median": 2.92611957775e-06,
        "min": 2.78302741963e-10,
        "skew": 5.38447475433,
        "var": 7.9053126683e-05
    },
    "spectral_energyband_high": {
        "kurt": 73.3300476074,
        "max": 0.001077445806,
        "mean": 1.6551304725e-05,
        "median": 3.35718262079e-08,
        "min": 7.33235347439e-11,
        "skew": 8.1253900528,
        "var": 8.49473913433e-09
    },
    "spectral_energyband_low": {
        "kurt": 54.8537940979,
        "max": 7.80815980761e-07,
        "mean": 3.67007402247e-08,
        "median": 1.38544464789e-08,
        "min": 7.93577911717e-11,
        "skew": 6.63141870499,
        "var": 6.02180624972e-15
    },
    "spectral_energyband_middle_high": {
        "kurt": 31.506855011,
        "max": 0.0734881684184,
        "mean": 0.00215282593854,
        "median": 7.95780977114e-07,
        "min": 4.50650905481e-11,
        "skew": 5.38868141174,
        "var": 7.78312896728e-05
    },
    "spectral_energyband_middle_low": {
        "kurt": 22.2257480621,
        "max": 0.000236240681261,
        "mean": 1.11499884952e-05,
        "median": 5.84651672852e-07,
        "min": 8.75323633021e-11,
        "skew": 4.47291898727,
        "var": 9.85097114992e-10
    },
    "spectral_flatness_db": {
        "kurt": 0.0295329093933,
        "max": 0.545626401901,
        "mean": 0.241430103779,
        "median": 0.231143385172,
        "min": 0.0634507760406,
        "skew": 0.654039680958,
        "var": 0.00769874639809
    },
    "spectral_flux": {
        "kurt": 8.73394966125,
        "max": 0.213050812483,
        "mean": 0.0158761870116,
        "median": 0.0012927739881,
        "min": 0.000142136021168,
        "skew": 3.03954839706,
        "var": 0.00154314294923
    },
    "spectral_kurtosis": {
        "kurt": 2.9176530838,
        "max": 75.0223846436,
        "mean": 16.0376396179,
        "median": 13.6971855164,
        "min": 1.01182842255,
        "skew": 1.39679956436,
        "var": 126.720146179
    },
    "spectral_rms": {
        "kurt": 13.6193714142,
        "max": 0.00851053744555,
        "mean": 0.000509972160216,
        "median": 5.34296850674e-05,
        "min": 5.21070887771e-07,
        "skew": 3.65469050407,
        "var": 1.8648427158e-06
    },
    "spectral_rolloff": {
        "kurt": -0.103175401688,
        "max": 5512.5,
        "mean": 2126.0793457,
        "median": 1787.25585938,
        "min": 538.330078125,
        "skew": 0.890607774258,
        "var": 1570375.5
    },
    "spectral_skewness": {
        "kurt": 0.0968534946442,
        "max": 6.48859024048,
        "mean": 2.79416537285,
        "median": 2.77667093277,
        "min": 0.549676120281,
        "skew": 0.44239449501,
        "var": 1.33669352531
    },
    "spectral_spread": {
        "kurt": 34.86353302,
        "max": 19653452,
        "mean": 3092367,
        "median": 2807469.5,
        "min": 1134305.25,
        "skew": 3.85235500336,
        "var": 2.39170748416e+12
    },
    "spectral_strongpeak": {
        "kurt": 65.0012054443,
        "max": 16.5042076111,
        "mean": 0.334764331579,
        "median": 0.01882776618,
        "min": 0,
        "skew": 7.23800802231,
        "var": 1.85604977608
    },
    "zerocrossingrate": {
        "kurt": 0.344738960266,
        "max": 0.17822265625,
        "mean": 0.0730087161064,
        "median": 0.0673828125,
        "min": 0.0166015625,
        "skew": 0.772133231163,
        "var": 0.00119182432536
    },
    "barkbands": {
        "kurt": [29.4035682678, 156.559707642, 81.8619918823, 17.19764328, 22.2239341736, 44.4097900391, 32.5443496704, 41.4658355713, 63.031288147, 129.134262085, 144.519470215, 39.0731010437, 257.233703613, 94.7808609009, 62.5851898193, 221.890594482, 93.1095123291, 102.253242493, 174.822296143, 144.899383545, 115.144668579, 203.084686279, 263.663848877, 226.85949707, 74.4652709961, 67.8906555176, 82.9075927734],
        "max": [1.74942105247e-09, 4.09333637208e-07, 4.87138208882e-07, 6.52290168546e-07, 6.47183514957e-06, 1.82498915819e-05, 4.39857067249e-05, 7.13691551937e-05, 0.000160631374456, 0.0135218631476, 0.037156060338, 0.000377927499358, 0.00667202426121, 0.0163026563823, 0.0628665685654, 0.00448729889467, 0.00915336888283, 0.00874754413962, 0.00370762543753, 0.00111249077599, 0.00104094471317, 9.48231172515e-05, 2.25260027946e-05, 2.87650505015e-06, 2.54088917018e-07, 1.08885117811e-07, 4.3015058182e-09],
        "mean": [6.44155354057e-11, 9.35565402926e-09, 1.32898847482e-08, 3.92646946068e-08, 3.08823615569e-07, 5.19385878306e-07, 1.67479583979e-06, 2.20047718358e-06, 3.19224545819e-06, 0.000165228397236, 0.000383709266316, 1.13136420623e-05, 5.02139628225e-05, 0.000217216816964, 0.00101951265242, 3.36886769219e-05, 0.000120452663396, 0.000109175940452, 3.52132847183e-05, 1.25105143525e-05, 1.0846692021e-05, 8.05122567726e-07, 1.62946392379e-07, 2.41451179051e-08, 4.7224175681e-09, 2.01937155886e-09, 6.67505911656e-11],
        "median": [4.28496864727e-12, 4.08161460186e-09, 3.68142338836e-09, 5.09060527065e-09, 1.61093041129e-08, 2.89000539055e-08, 2.24307825647e-08, 4.22408206191e-08, 1.0512727755e-07, 7.58916769428e-08, 2.37657474145e-07, 7.05755525132e-08, 2.05132639763e-08, 2.47512748075e-08, 4.49770425348e-08, 1.17743024219e-08, 1.40712170804e-08, 1.46813343704e-08, 1.3642825536e-08, 1.35998590167e-08, 1.59366457808e-08, 3.12805603642e-09, 2.6117452645e-10, 8.49465289776e-11, 3.55178768341e-11, 3.84197101216e-12, 2.23126259222e-13],
        "min": [2.34716692154e-14, 3.44915970785e-11, 1.37980139467e-11, 1.92475688165e-11, 2.72807696572e-11, 2.24819815542e-11, 8.36327795212e-12, 1.70009514279e-12, 5.74624983013e-12, 1.25899794062e-11, 9.15950561925e-12, 2.30053259428e-12, 1.7907998218e-12, 5.02099490457e-12, 4.63765094036e-12, 3.11496987059e-12, 2.11965211008e-12, 5.42033703078e-13, 3.07279852604e-12, 3.43169373127e-12, 5.59274362932e-11, 1.27027425037e-11, 1.17081095253e-12, 6.57461877909e-13, 5.56508561022e-13, 2.85161597027e-13, 1.00557495002e-13],
        "skew": [5.13192033768, 11.1553220749, 8.2344493866, 3.65242362022, 3.98550820351, 6.05003547668, 5.15205097198, 5.58065223694, 7.37679290771, 10.6044960022, 11.0853977203, 5.71626663208, 15.2051525116, 8.63846874237, 7.45552682877, 14.1843214035, 8.9667634964, 9.78032588959, 12.0656061172, 10.8857631683, 10.1731519699, 13.2245044708, 15.4476566315, 14.1629133224, 7.7305560112, 7.17778635025, 8.42279434204],
        "var": [4.06948239828e-20, 6.73153229749e-16, 1.51618421102e-15, 6.85371669425e-15, 4.86863153959e-13, 2.99903938489e-12, 2.5994244951e-11, 4.34042003727e-11, 1.91197863098e-10, 9.28534632294e-07, 6.11324321653e-06, 1.61014279687e-09, 1.42583601814e-07, 1.43820204812e-06, 3.1535011658e-05, 7.06423577412e-08, 4.92866490731e-07, 5.49159267393e-07, 5.36910640392e-08, 5.35384669931e-09, 5.73094283141e-09, 3.25552744485e-11, 1.60562210229e-12, 2.83747600882e-14, 4.22024769198e-16, 7.63248815626e-17, 1.17279735199e-19],
        "cov": [[4.08063156509e-20, 2.18941473253e-18, 2.55410853164e-18, 1.36503247199e-18, 1.21788423749e-17, 8.43252731855e-17, 2.15890420872e-16, 1.27270406094e-16, 4.37196108665e-16, 9.70332619593e-14, 1.31530447341e-13, 2.91225618551e-15, 1.20283167785e-14, 9.42700439737e-14, 4.74110063275e-13, 9.30051324041e-15, 6.32206418293e-14, 2.7754145824e-14, 1.74651451342e-14, 4.35199683772e-15, 3.19598998823e-15, 2.86117750476e-16, 5.30060579072e-17, 1.10272258096e-17, 1.54607976741e-18, 9.58742551606e-19, 2.86969569386e-20], [2.18941473253e-18, 6.74997485173e-16, 6.81412648017e-16, 4.13510102844e-16, 1.43479154457e-15, 9.38573068413e-15, 4.19451308403e-15, 4.94028197189e-15, -1.12717511852e-15, 7.80132122097e-12, 1.39695234547e-11, 1.75096374032e-13, 7.14935326652e-13, 1.55331754403e-11, 4.46116338315e-11, 1.02541586333e-12, 7.55150976472e-12, 2.81305447686e-12, 1.14492193937e-12, 4.09910197148e-13, 1.92334538053e-13, 1.75236988277e-14, 3.83400019157e-15, 8.58204888312e-16, 1.46924230683e-16, 1.12771557847e-16, 2.48111666682e-18], [2.55410853164e-18, 6.81412648017e-16, 1.5203380606e-15, 9.66068710793e-16, 2.0815879148e-15, 1.00465620727e-14, 6.46411796093e-15, 2.64781842861e-15, -6.72269763797e-15, 1.77875370683e-11, 1.98521667855e-11, 2.47084498044e-13, 8.46204020483e-13, 2.92107414646e-11, 7.17597162248e-11, 1.22947084371e-12, 8.26631037926e-12, 3.35297002836e-12, 1.69606516331e-12, 6.74382641744e-13, 2.90522651509e-13, 2.30356488414e-14, 4.94379334698e-15, 1.24025486401e-15, 2.38155224521e-16, 1.48668059763e-16, 2.7987006689e-18], [1.36503247199e-18, 4.13510102844e-16, 9.66068710793e-16, 6.87249372062e-15, 1.34088813796e-14, 2.18996726271e-14, 3.61296143827e-14, 7.11536678102e-14, -1.17745863651e-14, 1.53552986298e-11, 9.96464716296e-12, -1.30245689789e-14, -4.25617521912e-13, 1.2177839466e-11, 3.44579850764e-11, 1.67688955712e-13, 4.94989682923e-12, 1.50251740303e-12, 4.77983971847e-13, 1.57904031105e-13, -1.811969175e-16, 3.27396445322e-16, 4.35308998668e-16, 4.61517124498e-16, 8.78176760538e-17, 9.19550746591e-17, 1.77473978568e-18], [1.21788423749e-17, 1.43479154457e-15, 2.0815879148e-15, 1.34088813796e-14, 4.88197047892e-13, 6.44723478164e-13, 1.95982488051e-12, 3.41398870979e-12, 5.08399312232e-12, 4.91934340485e-11, 3.63693519745e-11, 3.27174637209e-12, 8.57670618554e-12, 3.09651748687e-11, -1.55594131329e-11, 2.85291516973e-12, 3.33085573012e-11, -1.10061471655e-12, -2.16385164452e-13, -6.76203613503e-13, -1.34767598556e-12, -2.2242136518e-14, 6.02900645329e-15, 7.95669631662e-15, 9.21784451882e-16, 7.01018972587e-16, 2.3380233544e-17], [8.43252731855e-17, 9.38573068413e-15, 1.00465620727e-14, 2.18996726271e-14, 6.44723478164e-13, 3.00725590263e-12, 4.44435070343e-12, 6.66363882476e-12, 1.74610360892e-11, 2.99791413916e-10, 4.23188595278e-10, 1.84854440782e-11, 6.18222556481e-11, 2.88350177069e-10, 7.32605157094e-11, 3.52610544929e-11, 1.14678232188e-10, 5.41398037512e-11, 9.57186933881e-12, 2.11616726746e-12, 1.12572609925e-13, 5.35946002747e-14, 1.20859485614e-13, 1.75235412796e-14, 6.57199226544e-15, 3.32982373499e-15, 1.14199020122e-16], [2.15890420872e-16, 4.19451308403e-15, 6.46411796093e-15, 3.61296143827e-14, 1.95982488051e-12, 4.44435070343e-12, 2.60654622886e-11, 1.73098046313e-11, 1.81517492009e-11, 6.3104271808e-10, 1.47704570796e-09, 5.93000301641e-11, 2.40459013812e-10, 3.08853720377e-10, -3.56925822231e-10, 5.94886362393e-11, 1.04616107444e-10, 1.0081600138e-10, 6.57288546507e-12, -1.60899006792e-12, -8.53141342294e-12, -3.53042437949e-13, 2.41580030719e-13, 4.19639976522e-14, 1.66589611978e-14, 7.29149677919e-15, 1.56132908188e-16], [1.27270406094e-16, 4.94028197189e-15, 2.64781842861e-15, 7.11536678102e-14, 3.41398870979e-12, 6.66363882476e-12, 1.73098046313e-11, 4.35231191365e-11, 5.58440273191e-11, 4.01735422706e-10, 8.59588289437e-10, 6.04741257071e-11, 1.92684868061e-10, 2.91973306643e-10, -1.97085944786e-10, 5.56223817005e-11, 2.05883921023e-10, 8.03514754733e-11, -2.32238425539e-12, -3.58743416917e-12, -1.08956498338e-11, -1.35206814278e-13, 9.86140693843e-14, 7.23828616944e-14, 1.40747619316e-14, 7.65242260021e-15, 3.72165312958e-16], [4.37196108665e-16, -1.12717511852e-15, -6.72269763797e-15, -1.17745863651e-14, 5.08399312232e-12, 1.74610360892e-11, 1.81517492009e-11, 5.58440273191e-11, 1.91721694076e-10, 8.53105475151e-10, 5.05592845368e-10, 9.29190197008e-11, 1.01359795557e-10, 2.12314082981e-10, -1.41599665326e-09, 1.97935848267e-10, -2.18381805694e-11, 1.05551865859e-10, -5.06741558437e-11, -1.5120901059e-11, -1.61148767941e-11, -5.49750566251e-13, 2.02940081732e-13, -1.00236981123e-14, 2.11896099896e-14, 6.10962408459e-15, 3.16140198016e-16], [9.70332619593e-14, 7.80132122097e-12, 1.77875370683e-11, 1.53552986298e-11, 4.91934340485e-11, 2.99791413916e-10, 6.3104271808e-10, 4.01735422706e-10, 8.53105475151e-10, 9.31078602662e-07, 6.94270681834e-07, 1.06549595813e-08, 5.56228485493e-08, 4.0728878048e-07, 1.8450667767e-06, 2.2177720993e-08, 1.98003121454e-07, 9.64702167039e-08, 4.56551632055e-08, 1.48806202915e-08, 1.16808474004e-08, 9.79776482168e-10, 1.75214523446e-10, 4.69594467478e-11, 7.22336340048e-12, 4.53051875529e-12, 1.58962781631e-13], [1.31530447341e-13, 1.39695234547e-11, 1.98521667855e-11, 9.96464716296e-12, 3.63693519745e-11, 4.23188595278e-10, 1.47704570796e-09, 8.59588289437e-10, 5.05592845368e-10, 6.94270681834e-07, 6.12999201621e-06, 2.70078910347e-08, 1.18722262243e-07, 2.63142027279e-07, 2.91487185677e-06, 3.17909183423e-07, 2.43328685201e-07, 1.25005556129e-06, 1.21182054613e-07, 8.16241083612e-08, 8.28657960028e-08, 3.51610252025e-09, 8.91180462759e-10, 7.86678291953e-11, 2.83926961803e-11, 6.43600537448e-12, 2.94671215597e-13], [2.91225618551e-15, 1.75096374032e-13, 2.47084498044e-13, -1.30245689789e-14, 3.27174637209e-12, 1.84854440782e-11, 5.93000301641e-11, 6.04741257071e-11, 9.29190197008e-11, 1.06549595813e-08, 2.70078910347e-08, 1.61455415704e-09, 3.82432663315e-09, 9.3652667843e-09, 2.73776716853e-08, 3.5572820245e-09, 6.88509338431e-09, 6.55179066555e-09, 9.9549302135e-10, 3.36039890358e-10, 1.76094180904e-10, 2.08727167494e-11, 4.23089861756e-12, 1.38877093419e-12, 2.49749033303e-13, 1.38752399327e-13, 5.12168890063e-15], [1.20283167785e-14, 7.14935326652e-13, 8.46204020483e-13, -4.25617521912e-13, 8.57670618554e-12, 6.18222556481e-11, 2.40459013812e-10, 1.92684868061e-10, 1.01359795557e-10, 5.56228485493e-08, 1.18722262243e-07, 3.82432663315e-09, 1.42974244e-07, 8.62480149522e-08, 5.00476460275e-08, 3.9827705578e-09, 1.17693650381e-08, 2.44883100464e-08, 3.31926597319e-09, 2.56379917296e-09, 1.21499965644e-09, 1.2528653115e-10, 1.83814595489e-11, 4.41036660317e-12, 8.63788424468e-13, 3.66580707846e-13, 1.86605525682e-14], [9.42700439737e-14, 1.55331754403e-11, 2.92107414646e-11, 1.2177839466e-11, 3.09651748687e-11, 2.88350177069e-10, 3.08853720377e-10, 2.91973306643e-10, 2.12314082981e-10, 4.0728878048e-07, 2.63142027279e-07, 9.3652667843e-09, 8.62480149522e-08, 1.44214232023e-06, 2.24222048928e-06, 1.41631337769e-08, 3.89094253705e-07, 5.97546119252e-08, 8.71452598972e-08, 2.27352074944e-08, 9.06383501587e-09, 1.11440534578e-09, 1.75812447933e-10, 7.389474449e-11, 7.74693590527e-12, 5.41129380888e-12, 1.42202710111e-13], [4.74110063275e-13, 4.46116338315e-11, 7.17597162248e-11, 3.44579850764e-11, -1.55594131329e-11, 7.32605157094e-11, -3.56925822231e-10, -1.97085944786e-10, -1.41599665326e-09, 1.8450667767e-06, 2.91487185677e-06, 2.73776716853e-08, 5.00476460275e-08, 2.24222048928e-06, 3.16214063787e-05, 2.27686726362e-07, 3.03678143609e-06, 1.60140507433e-06, 1.06528852939e-06, 2.10340502349e-07, 2.30565603943e-07, 2.51134952833e-08, 3.30103322455e-09, 6.37605135356e-10, 7.03463329255e-11, 3.52876200482e-11, 6.02607970034e-13], [9.30051324041e-15, 1.02541586333e-12, 1.22947084371e-12, 1.67688955712e-13, 2.85291516973e-12, 3.52610544929e-11, 5.94886362393e-11, 5.56223817005e-11, 1.97935848267e-10, 2.2177720993e-08, 3.17909183423e-07, 3.5572820245e-09, 3.9827705578e-09, 1.41631337769e-08, 2.27686726362e-07, 7.08358953716e-08, 3.96502102262e-08, 6.95320636623e-08, 5.3907029951e-09, 2.92681567871e-09, 1.97883065489e-09, 2.06216724252e-10, 2.1200067743e-11, 3.63269592359e-12, 1.25231671821e-12, 4.49354176915e-13, 2.34569613353e-14], [6.32206418293e-14, 7.55150976472e-12, 8.26631037926e-12, 4.94989682923e-12, 3.33085573012e-11, 1.14678232188e-10, 1.04616107444e-10, 2.05883921023e-10, -2.18381805694e-11, 1.98003121454e-07, 2.43328685201e-07, 6.88509338431e-09, 1.17693650381e-08, 3.89094253705e-07, 3.03678143609e-06, 3.96502102262e-08, 4.94216806146e-07, 1.93451825226e-07, 1.15186296057e-07, 1.77967738324e-08, 1.68357825459e-08, 2.76267764221e-09, 2.19609413987e-10, 1.00931825397e-10, 8.73553313019e-12, 5.13507465716e-12, 6.35783540073e-14], [2.7754145824e-14, 2.81305447686e-12, 3.35297002836e-12, 1.50251740303e-12, -1.10061471655e-12, 5.41398037512e-11, 1.0081600138e-10, 8.03514754733e-11, 1.05551865859e-10, 9.64702167039e-08, 1.25005556129e-06, 6.55179066555e-09, 2.44883100464e-08, 5.97546119252e-08, 1.60140507433e-06, 6.95320636623e-08, 1.93451825226e-07, 5.50663799004e-07, 4.47155201755e-08, 3.60816230227e-08, 3.47175124205e-08, 1.55594948037e-09, 4.73426686742e-10, 2.68806105846e-11, 8.38890241994e-12, 2.08421843152e-12, 5.63601628475e-14], [1.74651451342e-14, 1.14492193937e-12, 1.69606516331e-12, 4.77983971847e-13, -2.16385164452e-13, 9.57186933881e-12, 6.57288546507e-12, -2.32238425539e-12, -5.06741558437e-11, 4.56551632055e-08, 1.21182054613e-07, 9.9549302135e-10, 3.31926597319e-09, 8.71452598972e-08, 1.06528852939e-06, 5.3907029951e-09, 1.15186296057e-07, 4.47155201755e-08, 5.38381641491e-08, 4.98303043273e-09, 9.60523749427e-09, 1.2327008303e-09, 9.24607543307e-11, 2.42472639189e-11, 3.024769454e-12, 1.19565078324e-12, 2.00471844664e-14], [4.35199683772e-15, 4.09910197148e-13, 6.74382641744e-13, 1.57904031105e-13, -6.76203613503e-13, 2.11616726746e-12, -1.60899006792e-12, -3.58743416917e-12, -1.5120901059e-11, 1.48806202915e-08, 8.16241083612e-08, 3.36039890358e-10, 2.56379917296e-09, 2.27352074944e-08, 2.10340502349e-07, 2.92681567871e-09, 1.77967738324e-08, 3.60816230227e-08, 4.98303043273e-09, 5.36851496591e-09, 4.73823114078e-09, 1.53322896046e-10, 8.42115613353e-11, 5.02845117975e-12, 8.27505165085e-13, 2.80329063998e-13, 5.7718112516e-15], [3.19598998823e-15, 1.92334538053e-13, 2.90522651509e-13, -1.811969175e-16, -1.34767598556e-12, 1.12572609925e-13, -8.53141342294e-12, -1.08956498338e-11, -1.61148767941e-11, 1.16808474004e-08, 8.28657960028e-08, 1.76094180904e-10, 1.21499965644e-09, 9.06383501587e-09, 2.30565603943e-07, 1.97883065489e-09, 1.68357825459e-08, 3.47175124205e-08, 9.60523749427e-09, 4.73823114078e-09, 5.74664404951e-09, 2.61184324168e-10, 8.43613651158e-11, 4.66123754178e-12, 1.0487753244e-12, 2.5827644602e-13, 6.64504546901e-15], [2.86117750476e-16, 1.75236988277e-14, 2.30356488414e-14, 3.27396445322e-16, -2.2242136518e-14, 5.35946002747e-14, -3.53042437949e-13, -1.35206814278e-13, -5.49750566251e-13, 9.79776482168e-10, 3.51610252025e-09, 2.08727167494e-11, 1.2528653115e-10, 1.11440534578e-09, 2.51134952833e-08, 2.06216724252e-10, 2.76267764221e-09, 1.55594948037e-09, 1.2327008303e-09, 1.53322896046e-10, 2.61184324168e-10, 3.26444669907e-11, 2.63326860317e-12, 6.02634804038e-13, 7.86731248724e-14, 2.69856548538e-14, 3.69132087974e-16], [5.30060579072e-17, 3.83400019157e-15, 4.94379334698e-15, 4.35308998668e-16, 6.02900645329e-15, 1.20859485614e-13, 2.41580030719e-13, 9.86140693843e-14, 2.02940081732e-13, 1.75214523446e-10, 8.91180462759e-10, 4.23089861756e-12, 1.83814595489e-11, 1.75812447933e-10, 3.30103322455e-09, 2.1200067743e-11, 2.19609413987e-10, 4.73426686742e-10, 9.24607543307e-11, 8.42115613353e-11, 8.43613651158e-11, 2.63326860317e-12, 1.61002114418e-12, 6.81228348471e-14, 1.01631908862e-14, 3.80051952027e-15, 7.04331850792e-17], [1.10272258096e-17, 8.58204888312e-16, 1.24025486401e-15, 4.61517124498e-16, 7.95669631662e-15, 1.75235412796e-14, 4.19639976522e-14, 7.23828616944e-14, -1.00236981123e-14, 4.69594467478e-11, 7.86678291953e-11, 1.38877093419e-12, 4.41036660317e-12, 7.389474449e-11, 6.37605135356e-10, 3.63269592359e-12, 1.00931825397e-10, 2.68806105846e-11, 2.42472639189e-11, 5.02845117975e-12, 4.66123754178e-12, 6.02634804038e-13, 6.81228348471e-14, 2.84525007721e-14, 2.2500252868e-15, 1.2183662621e-15, 1.22391843734e-17], [1.54607976741e-18, 1.46924230683e-16, 2.38155224521e-16, 8.78176760538e-17, 9.21784451882e-16, 6.57199226544e-15, 1.66589611978e-14, 1.40747619316e-14, 2.11896099896e-14, 7.22336340048e-12, 2.83926961803e-11, 2.49749033303e-13, 8.63788424468e-13, 7.74693590527e-12, 7.03463329255e-11, 1.25231671821e-12, 8.73553313019e-12, 8.38890241994e-12, 3.024769454e-12, 8.27505165085e-13, 1.0487753244e-12, 7.86731248724e-14, 1.01631908862e-14, 2.2500252868e-15, 4.2318099564e-16, 1.32009528964e-16, 3.2997078359e-18], [9.58742551606e-19, 1.12771557847e-16, 1.48668059763e-16, 9.19550746591e-17, 7.01018972587e-16, 3.32982373499e-15, 7.29149677919e-15, 7.65242260021e-15, 6.10962408459e-15, 4.53051875529e-12, 6.43600537448e-12, 1.38752399327e-13, 3.66580707846e-13, 5.41129380888e-12, 3.52876200482e-11, 4.49354176915e-13, 5.13507465716e-12, 2.08421843152e-12, 1.19565078324e-12, 2.80329063998e-13, 2.5827644602e-13, 2.69856548538e-14, 3.80051952027e-15, 1.2183662621e-15, 1.32009528964e-16, 7.6533986204e-17, 1.47118321583e-18], [2.86969569386e-20, 2.48111666682e-18, 2.7987006689e-18, 1.77473978568e-18, 2.3380233544e-17, 1.14199020122e-16, 1.56132908188e-16, 3.72165312958e-16, 3.16140198016e-16, 1.58962781631e-13, 2.94671215597e-13, 5.12168890063e-15, 1.86605525682e-14, 1.42202710111e-13, 6.02607970034e-13, 2.34569613353e-14, 6.35783540073e-14, 5.63601628475e-14, 2.00471844664e-14, 5.7718112516e-15, 6.64504546901e-15, 3.69132087974e-16, 7.04331850792e-17, 1.22391843734e-17, 3.2997078359e-18, 1.47118321583e-18, 1.17601056093e-19]]
    },
    "mfcc": {
        "kurt": [1.45441150665, -0.901483297348, 0.796965837479, -0.0446002483368, -0.239087820053, -0.168478488922, 0.13961815834, 0.0381553173065, 1.58630275726, 0.941045045853, 6.04503917694, 3.8888630867, 1.70995569229],
        "max": [-723.659606934, 138.36239624, 43.1082191467, 31.8610725403, 33.1386299133, 43.5663528442, 46.4613723755, 31.9885501862, 38.8141517639, 30.6906414032, 29.0342979431, 27.4957447052, 24.7063293457],
        "mean": [-1046.12780762, 44.5384178162, -33.3572502136, -20.5696182251, -13.2227859497, -6.25797176361, -1.24008774757, 1.50362563133, 0.451338350773, -4.99365091324, -7.52832174301, -5.14437437057, -1.59356153011],
        "median": [-1079.93676758, 39.4196128845, -7.36800384521, -15.476146698, -10.3544616699, -0.546394348145, 0.848194122314, 2.04837036133, -0.0228309631348, -4.84957885742, -6.4183921814, -3.103931427, -0.0321769714355],
        "min": [-1138.42004395, -43.2855606079, -216.502685547, -91.0936355591, -59.8998413086, -51.3567619324, -53.4020843506, -35.1648254395, -25.353302002, -35.7935714722, -57.1093902588, -62.3402824402, -40.3378868103],
        "skew": [1.51911735535, 0.427812606096, -1.30133533478, -0.648529589176, -0.262590110302, -0.512411892414, -0.474935233593, -0.27151492238, 0.718953132629, -0.0208900030702, -1.23927545547, -1.10791790485, -0.974721431732],
        "var": [9984.5078125, 1367.56225586, 4111.12890625, 555.932067871, 308.999481201, 336.695343018, 274.56262207, 129.099258423, 83.7532424927, 81.5875701904, 76.0210647583, 118.455932617, 93.4238204956],
        "cov": [[10011.8632812, 1794.81079102, -5636.46728516, -913.849731445, -692.538330078, -32.3991012573, -93.018157959, 110.902503967, 242.390365601, -133.235366821, -426.656921387, -492.536895752, -405.231384277], [1794.81079102, 1371.30895996, -261.437683105, -580.040039062, -442.136871338, -435.240203857, -387.117462158, -190.468200684, -63.3635635376, -107.559417725, -44.1309890747, 25.5428962708, -74.5835800171], [-5636.46728516, -261.437683105, 4122.39208984, 528.033813477, 3.94611048698, -417.362365723, -315.160614014, -285.661560059, -251.679901123, 59.686832428, 258.91973877, 305.637573242, 187.130264282], [-913.849731445, -580.040039062, 528.033813477, 557.455200195, 112.906044006, 43.7644996643, 65.8283157349, 0.108921043575, -10.5265102386, 91.2041015625, 34.4699897766, -52.2879486084, -9.18717384338], [-692.538330078, -442.136871338, 3.94611048698, 112.906044006, 309.846069336, 228.658050537, 131.045562744, 74.8464126587, 38.9799003601, 32.0576858521, 17.479265213, -6.30708932877, 20.6333599091], [-32.3991012573, -435.240203857, -417.362365723, 43.7644996643, 228.658050537, 337.617797852, 231.696548462, 123.701637268, 61.910369873, 16.7995929718, -24.5865306854, -37.8478889465, 11.668639183], [-93.018157959, -387.117462158, -315.160614014, 65.8283157349, 131.045562744, 231.696548462, 275.314849854, 140.942367554, 25.0772953033, -0.391035735607, -11.1731519699, -13.9090538025, 23.7568378448], [110.902503967, -190.468200684, -285.661560059, 0.108921043575, 74.8464126587, 123.701637268, 140.942367554, 129.452957153, 47.1127319336, -19.7099456787, -25.5145359039, -22.9361000061, 5.56663417816], [242.390365601, -63.3635635376, -251.679901123, -10.5265102386, 38.9799003601, 61.910369873, 25.0772953033, 47.1127319336, 83.9827041626, 22.2446899414, -33.1401367188, -42.324005127, -17.4780063629], [-133.235366821, -107.559417725, 59.686832428, 91.2041015625, 32.0576858521, 16.7995929718, -0.391035735607, -19.7099456787, 22.2446899414, 81.8110961914, 19.7153224945, -37.0733680725, -18.7729187012], [-426.656921387, -44.1309890747, 258.91973877, 34.4699897766, 17.479265213, -24.5865306854, -11.1731519699, -25.5145359039, -33.1401367188, 19.7153224945, 76.2293395996, 50.5028991699, 3.43818664551], [-492.536895752, 25.5428962708, 305.637573242, -52.2879486084, -6.30708932877, -37.8478889465, -13.9090538025, -22.9361000061, -42.324005127, -37.0733680725, 50.5028991699, 118.780471802, 59.1428604126], [-405.231384277, -74.5835800171, 187.130264282, -9.18717384338, 20.6333599091, 11.668639183, 23.7568378448, 5.56663417816, -17.4780063629, -18.7729187012, 3.43818664551, 59.1428604126, 93.6797714233]]
    },
    "sccoeffs": {
        "kurt": [-0.108161687851, -0.615725278854, 5.53175067902, 9.29998111725, 2.87979030609, 2.24463891983],
        "max": [-0.548648536205, -0.688670814037, -0.321424305439, -0.302979022264, -0.47834071517, -0.575407683849],
        "mean": [-0.789618253708, -0.850451529026, -0.800004541874, -0.815606713295, -0.834362745285, -0.799245178699],
        "median": [-0.813815951347, -0.860358655453, -0.823673248291, -0.836827039719, -0.853538513184, -0.80731010437],
        "min": [-0.966061711311, -0.940811693668, -0.953681766987, -0.960458993912, -0.932823419571, -0.889189302921],
        "skew": [0.82080322504, 0.546772539616, 2.13164520264, 2.78212356567, 1.50455772877, 1.18508505821],
        "var": [0.00563116557896, 0.00305467704311, 0.00946025270969, 0.00809312704951, 0.00496506504714, 0.0028112756554],
        "cov": [[0.00564659340307, 0.00152000237722, 0.000491249666084, -0.000478279398521, -0.000489975034725, -0.00034202131792], [0.00152000237722, 0.0030630461406, 0.000902221538126, 0.000292278593406, 0.000380844285246, 0.000281476823147], [0.000491249666084, 0.000902221538126, 0.00948617141694, 0.00634976988658, 0.00449895951897, 0.00310141034424], [-0.000478279398521, 0.000292278593406, 0.00634976988658, 0.00811529997736, 0.00460209231824, 0.00313549116254], [-0.000489975034725, 0.000380844285246, 0.00449895951897, 0.00460209231824, 0.00497866794467, 0.00247758766636], [-0.00034202131792, 0.000281476823147, 0.00310141034424, 0.00313549116254, 0.00247758766636, 0.0028189776931]]
    },
    "scvalleys": {
        "kurt": [0.193557262421, -0.937994003296, -0.230000734329, -0.00553727149963, 1.92883443832, 2.0997171402],
        "max": [-9.40818405151, -6.95656967163, -5.64599561691, -5.82018661499, -6.23506450653, -10.6585407257],
        "mean": [-11.5036993027, -10.3258867264, -9.83879566193, -10.5987977982, -11.2831268311, -14.1105089188],
        "median": [-11.5358200073, -10.3533802032, -10.170337677, -11.2313137054, -11.7941970825, -14.5544338226],
        "min": [-13.1175718307, -14.4087991714, -14.1942014694, -14.8264770508, -15.484793663, -16.3725681305],
        "skew": [0.255827009678, 0.301197379827, 0.62817555666, 0.93314909935, 1.52704596519, 1.69762217999],
        "var": [0.385839909315, 2.3052508831, 2.20316815376, 3.59221601486, 2.15478253365, 1.03063118458],
        "cov": [[0.38689699769, 0.518500864506, 0.523860573769, 0.60607779026, 0.50485098362, 0.376451551914], [0.518500864506, 2.31156659126, 1.61688578129, 1.37435209751, 0.945354998112, 0.793792784214], [0.523860573769, 1.61688578129, 2.20920419693, 2.5193464756, 1.72971880436, 1.25383996964], [0.60607779026, 1.37435209751, 2.5193464756, 3.60205769539, 2.51505875587, 1.73017573357], [0.50485098362, 0.945354998112, 1.72971880436, 2.51505875587, 2.16068601608, 1.39598584175], [0.376451551914, 0.793792784214, 1.25383996964, 1.73017573357, 1.39598584175, 1.03345477581]]
    }
},
"rhythm": {
    "beats_loudness": {
        "kurt": -0.730169773102,
        "max": 0.0513995923102,
        "mean": 0.0127303944901,
        "median": 4.39528630523e-05,
        "min": 3.51836831669e-07,
        "skew": 1.02218401432,
        "var": 0.000380576268071
    },
    "bpm": 93.3416213989,
    "confidence": 2.5880074501,
    "first_peak_bpm": {
        "kurt": 0,
        "max": 92,
        "mean": 92,
        "median": 92,
        "min": 92,
        "skew": 0,
        "var": 0
    },
    "first_peak_spread": {
        "kurt": 0,
        "max": 0.5,
        "mean": 0.5,
        "median": 0.5,
        "min": 0.5,
        "skew": 0,
        "var": 0
    },
    "first_peak_weight": {
        "kurt": 0,
        "max": 0.333333343267,
        "mean": 0.333333343267,
        "median": 0.333333343267,
        "min": 0.333333343267,
        "skew": 0,
        "var": 0
    },
    "onset_rate": 1.77321600914,
    "second_peak_bpm": {
        "kurt": 0,
        "max": 110,
        "mean": 110,
        "median": 110,
        "min": 110,
        "skew": 0,
        "var": 0
    },
    "second_peak_spread": {
        "kurt": 0,
        "max": 0.25,
        "mean": 0.25,
        "median": 0.25,
        "min": 0.25,
        "skew": 0,
        "var": 0
    },
    "second_peak_weight": {
        "kurt": 0,
        "max": 0.25,
        "mean": 0.25,
        "median": 0.25,
        "min": 0.25,
        "skew": 0,
        "var": 0
    },
    "beats_loudness_band_ratio": {
        "kurt": [0.437765836716, 1.31137561798, -0.170254230499, -1.4028288126, 1.22557067871, 6.31414794922],
        "max": [0.0576601177454, 0.295196533203, 0.796219468117, 0.866726875305, 0.944607853889, 0.163373842835],
        "mean": [0.0119390031323, 0.0502881594002, 0.186231374741, 0.486242085695, 0.261042624712, 0.0239330790937],
        "median": [0.000161818679771, 0.00090255367104, 0.0268461667001, 0.582729935646, 0.214382350445, 0.0104469629005],
        "min": [8.41661005779e-07, 9.73603846433e-07, 6.04517799729e-06, 0.00496053043753, 0.000452567852335, 0.000881051528268],
        "skew": [1.39618778229, 1.66376638412, 1.2901725769, -0.36542531848, 1.3552531004, 2.76546907425],
        "var": [0.000376548268832, 0.0085831200704, 0.0842317715287, 0.100181348622, 0.0667615532875, 0.00177053303923],
        "cov": [[0.000407927291235, 0.00162498827558, 0.00517763057724, -0.00419636024162, -0.00282285641879, 7.42361589801e-05], [0.00162498827558, 0.00929838046432, 0.0260280724615, -0.021623538807, -0.0133781665936, -0.000783052353654], [0.00517763057724, 0.0260280724615, 0.0912510827184, -0.0698602125049, -0.0458411164582, -0.00294822664], [-0.00419636024162, -0.021623538807, -0.0698602125049, 0.108529798687, -0.0152969853953, 1.98238994926e-05], [-0.00282285641879, -0.0133781665936, -0.0458411164582, -0.0152969853953, 0.0723250135779, 0.00221656798385], [7.42361589801e-05, -0.000783052353654, -0.00294822664, 1.98238994926e-05, 0.00221656798385, 0.00191807746887]]
    },
    "beats_position": [0.49922901392, 1.04489791393, 1.57895684242, 2.12462592125, 2.67029476166, 3.32045340538, 3.97061228752, 4.62077093124, 5.27092981339, 5.90947818756, 6.54802703857, 7.18657588959, 7.81351470947],
    "bpm_estimates": [92.2851715088, 92.2851333618, 92.2851715088, 92.2851333618, 93.9631271362, 93.9630508423, 93.9630508423, 95.7031173706],
    "bpm_intervals": [0.545668900013, 0.53405892849, 0.545669078827, 0.545668840408, 0.650158643723, 0.650158882141, 0.650158643723, 0.650158882141, 0.638548374176, 0.638548851013, 0.638548851013, 0.626938819885],
    "onset_times": [0.290249437094, 0.441179126501, 2.0549659729, 2.62385487556, 2.96054410934, 3.70358276367, 3.92417240143, 4.31891155243, 4.80653047562, 4.8994102478, 5.35219955444, 5.88625860214, 6.51319742203, 6.94276666641, 7.7670750618],
    "histogram": [[0, 0, 0, 0, 0, 0, 0, 0, 0, 0, 0, 0, 0, 0, 0, 0, 0, 0, 0, 0, 0, 0, 0, 0, 0, 0, 0, 0, 0, 0, 0, 0, 0, 0, 0, 0, 0, 0, 0, 0, 0, 0, 0, 0, 0, 0, 0, 0, 0, 0, 0, 0, 0, 0, 0, 0, 0, 0, 0, 0, 0, 0, 0, 0, 0, 0, 0, 0, 0, 0, 0, 0, 0, 0, 0, 0, 0, 0, 0, 0, 0, 0, 0, 0, 0, 0, 0, 0, 0, 0, 0, 0, 0.333333343267, 0, 0.25, 0, 0.0833333358169, 0, 0, 0, 0, 0, 0, 0, 0, 0, 0, 0, 0, 0, 0.25, 0, 0.0833333358169, 0, 0, 0, 0, 0, 0, 0, 0, 0, 0, 0, 0, 0, 0, 0, 0, 0, 0, 0, 0, 0, 0, 0, 0, 0, 0, 0, 0, 0, 0, 0, 0, 0, 0, 0, 0, 0, 0, 0, 0, 0, 0, 0, 0, 0, 0, 0, 0, 0, 0, 0, 0, 0, 0, 0, 0, 0, 0, 0, 0, 0, 0, 0, 0, 0, 0, 0, 0, 0, 0, 0, 0, 0, 0, 0, 0, 0, 0, 0, 0, 0, 0, 0, 0, 0, 0, 0, 0, 0, 0, 0, 0, 0, 0, 0, 0, 0, 0, 0, 0, 0, 0, 0, 0, 0, 0, 0, 0, 0, 0, 0, 0, 0, 0, 0, 0, 0, 0, 0, 0, 0, 0, 0, 0, 0, 0, 0, 0, 0, 0, 0, 0, 0, 0, 0, 0, 0]]
},
"sfx": {
    "inharmonicity": {
        "kurt": 5.46605110168,
        "max": 0.376981735229,
        "mean": 0.0479187779129,
        "median": 0.0188084356487,
        "min": 0,
        "skew": 2.29538464546,
        "var": 0.00507748033851
    },
    "oddtoevenharmonicenergyratio": {
        "kurt": 62.290977478,
        "max": 101.890899658,
        "mean": 2.74656391144,
        "median": 0.245412111282,
        "min": 0,
        "skew": 6.90352249146,
        "var": 70.4780273438
    },
    "pitch_after_max_to_before_max_energy_ratio": 0.0345703661442,
    "pitch_centroid": 218.091903687,
    "pitch_max_to_total": 0.997267782688,
    "pitch_min_to_total": 0.953551888466,
    "tristimulus": {
        "kurt": [-1.39648628235, -1.30623817444, 5.89917087555],
        "max": [1, 0.944599688053, 0.972328662872],
        "mean": [0.457100212574, 0.426069498062, 0.116830311716],
        "median": [0.416733533144, 0.410773485899, 0.0351694077253],
        "min": [0, 0, 0],
        "skew": [0.209690287709, 0.0672205537558, 2.41228938103],
        "var": [0.108068943024, 0.0793585926294, 0.0354851707816],
        "cov": [[0.108365021646, -0.0761793479323, -0.0321857146919], [-0.0761793479323, 0.0795760080218, -0.00339670665562], [-0.0321857146919, -0.00339670665562, 0.0355823896825]]
    }
},
"tonal": {
    "chords_changes_rate": 0.0706521719694,
    "chords_number_rate": 0.0326086953282,
    "chords_strength": {
        "kurt": 0.357436656952,
        "max": 0.565756559372,
        "mean": 0.430713891983,
        "median": 0.442489624023,
        "min": 0.215254679322,
        "skew": -0.682026743889,
        "var": 0.00495728617534
    },
    "key_strength": 0.224177330732,
    "tuning_diatonic_strength": 0.283999532461,
    "tuning_equal_tempered_deviation": 0.232146799564,
    "tuning_frequency": 437.465789795,
    "tuning_nontempered_energy_ratio": 0.89697176218,
    "hpcp": {
        "kurt": [0.723826169968, 1.06917095184, 1.06091833115, 0.509969472885, -0.505357980728, -0.829035997391, -0.32017493248, 0.497652769089, 0.836578130722, 0.0720086097717, -0.155251026154, -0.0111246109009, 0.270903110504, 0.629995107651, 2.26565980911, 2.45507764816, 5.45464706421, 4.71621179581, 5.64595794678, 9.47435283661, 8.23881340027, 6.81205368042, 5.89065265656, 5.80121898651, 5.81062221527, 6.49985218048, 7.21906280518, 6.56129360199, 6.8423910141, 4.46579456329, 3.01755619049, 3.64053201675, 3.11395120621, 0.957872629166, 1.69633865356, 0.835520982742],
        "max": [1, 1, 1, 1, 1, 1, 1, 1, 1, 1, 1, 1, 1, 1, 1, 0.836614608765, 1, 1, 1, 1, 1, 1, 1, 1, 1, 1, 1, 1, 1, 0.830731809139, 0.785608232021, 1, 1, 0.959428489208, 1, 1],
        "mean": [0.253830194473, 0.232465043664, 0.243523061275, 0.286213546991, 0.336297333241, 0.367782086134, 0.338624149561, 0.287502735853, 0.268042653799, 0.292859464884, 0.312465012074, 0.28699529171, 0.265007555485, 0.255557477474, 0.208953872323, 0.16066429019, 0.162093862891, 0.174060806632, 0.165526255965, 0.136016264558, 0.129364162683, 0.148482829332, 0.161523371935, 0.162805274129, 0.151406213641, 0.151675537229, 0.140330672264, 0.126628547907, 0.133382588625, 0.124814324081, 0.135849863291, 0.174809813499, 0.182969987392, 0.188168883324, 0.222976878285, 0.254665404558],
