{
"metadata": {
    "version": {
        "essentia": "2.1-beta3"
    }
},
"lowLevel": {
    "average_loudness": 0.967652916908,
    "barkbands_kurtosis": {
        "kurt": 16.4256134033,
        "max": 108.943092346,
        "mean": 8.32632350922,
        "median": 3.54693579674,
        "min": -1.7662422657,
        "skew": 3.67394447327,
        "var": 231.290817261
    },
    "barkbands_skewness": {
        "kurt": 2.81034803391,
        "max": 8.44315052032,
        "mean": -0.0797885730863,
        "median": -0.351775676012,
        "min": -4.12906551361,
        "skew": 1.33612310886,
        "var": 3.38490223885
    },
    "barkbands_spread": {
        "kurt": 6.35004520416,
        "max": 54.6992225647,
        "mean": 7.85760498047,
        "median": 4.56185483932,
        "min": 0.24404746294,
        "skew": 2.26280355453,
        "var": 73.2758102417
    },
    "dissonance": {
        "kurt": 26.6740875244,
        "max": 0.499995201826,
        "mean": 0.479778170586,
        "median": 0.491585969925,
        "min": 0.167816057801,
        "skew": -4.38219404221,
        "var": 0.00118664547335
    },
    "hfc": {
        "kurt": 9.38135719299,
        "max": 209.268051147,
        "mean": 15.9766273499,
        "median": 1.92218601704,
        "min": 7.95282630861e-08,
        "skew": 2.77927899361,
        "var": 840.27130127
    },
    "pitch": {
        "kurt": 0.555130720139,
        "max": 3933.24829102,
        "mean": 1179.71887207,
        "median": 877.564086914,
        "min": 176.841903687,
        "skew": 0.727465391159,
        "var": 377381.15625
    },
    "pitch_instantaneous_confidence": {
        "kurt": -0.757513999939,
        "max": 0.992661714554,
        "mean": 0.673897206783,
        "median": 0.68938434124,
        "min": 0.192201673985,
        "skew": -0.16873344779,
        "var": 0.0360980778933
    },
    "pitch_salience": {
        "kurt": 1.12722158432,
        "max": 0.870352804661,
        "mean": 0.636621832848,
        "median": 0.66690993309,
        "min": 0.167714595795,
        "skew": -1.14868879318,
        "var": 0.0195247977972
    },
    "silence_rate_20dB": {
        "kurt": 0,
        "max": 1,
        "mean": 1,
        "median": 1,
        "min": 1,
        "skew": 0,
        "var": 0
    },
    "silence_rate_30dB": {
        "kurt": 0,
        "max": 1,
        "mean": 1,
        "median": 1,
        "min": 1,
        "skew": 0,
        "var": 0
    },
    "silence_rate_60dB": {
        "kurt": -1.91762733459,
        "max": 1,
        "mean": 0.571022748947,
        "median": 1,
        "min": 0,
        "skew": -0.287001758814,
        "var": 0.244955062866
    },
    "spectral_centroid": {
        "kurt": 1.49632310867,
        "max": 2829.54223633,
        "mean": 1671.36645508,
        "median": 1771.88256836,
        "min": 512.395141602,
        "skew": -1.23137032986,
        "var": 139052.140625
    },
    "spectral_complexity": {
        "kurt": 0.451683521271,
        "max": 25,
        "mean": 5.28409099579,
        "median": 3,
        "min": 0,
        "skew": 1.10381984711,
        "var": 34.1863670349
    },
    "spectral_crest": {
        "kurt": -0.730682849884,
        "max": 26.4783210754,
        "mean": 14.3090515137,
        "median": 13.1770954132,
        "min": 3.76529860497,
        "skew": 0.50641399622,
        "var": 33.7872276306
    },
    "spectral_decrease": {
        "kurt": 9.79193496704,
        "max": -1.64422710455e-17,
        "mean": -1.87052417999e-09,
        "median": -2.17292558946e-10,
        "min": -2.47314382307e-08,
        "skew": -2.83838033676,
        "var": 1.16031742994e-17
    },
    "spectral_energy": {
        "kurt": 9.72277832031,
        "max": 0.112323351204,
        "mean": 0.00850891228765,
        "median": 0.00100343488157,
        "min": 6.9270436609e-11,
        "skew": 2.82796478271,
        "var": 0.000239633009187
    },
    "spectral_energyband_high": {
        "kurt": 26.265827179,
        "max": 0.00186941714492,
        "mean": 8.72657547006e-05,
        "median": 8.12180405774e-06,
        "min": 1.38244591556e-12,
        "skew": 4.71855306625,
        "var": 5.08275448396e-08
    },
    "spectral_energyband_low": {
        "kurt": 79.5933456421,
        "max": 1.32957056849e-05,
        "mean": 6.51915058825e-07,
        "median": 3.97011604036e-07,
        "min": 8.58021726585e-12,
        "skew": 7.20902204514,
        "var": 9.66643323545e-13
    },
    "spectral_energyband_middle_high": {
        "kurt": 9.90097045898,
        "max": 0.111753165722,
        "mean": 0.0083478949964,
        "median": 0.000963218393736,
        "min": 4.18376826239e-11,
        "skew": 2.85515809059,
        "var": 0.000236118445173
    },
    "spectral_energyband_middle_low": {
        "kurt": 44.8038635254,
        "max": 0.00268634338863,
        "mean": 9.88822503132e-05,
        "median": 2.48307860602e-05,
        "min": 1.92520773629e-11,
        "skew": 6.14686441422,
        "var": 7.63131637882e-08
    },
    "spectral_flatness_db": {
        "kurt": 0.00855135917664,
        "max": 0.522868216038,
        "mean": 0.283447533846,
        "median": 0.273067891598,
        "min": 0.0786564052105,
        "skew": 0.4033421278,
        "var": 0.00694923847914
    },
    "spectral_flux": {
        "kurt": 0.250175476074,
        "max": 0.265627145767,
        "mean": 0.0566434003413,
        "median": 0.0361384451389,
        "min": 0.000114257905807,
        "skew": 1.03448939323,
        "var": 0.00339870224707
    },
    "spectral_kurtosis": {
        "kurt": 0.564170122147,
        "max": 53.8420372009,
        "mean": 18.0395011902,
        "median": 16.280134201,
        "min": 3.26873207092,
        "skew": 0.831635355949,
        "var": 72.5711517334
    },
    "spectral_rms": {
        "kurt": 1.05001688004,
        "max": 0.0104682259262,
        "mean": 0.00194311095402,
        "median": 0.000989421037957,
        "min": 2.59963286453e-07,
        "skew": 1.2997853756,
        "var": 4.52570066045e-06
    },
    "spectral_rolloff": {
        "kurt": 4.63152980804,
        "max": 4069.77539062,
        "mean": 2070.00170898,
        "median": 1981.0546875,
        "min": 559.86328125,
        "skew": 0.634738206863,
        "var": 250468.0625
    },
    "spectral_skewness": {
        "kurt": 0.140726566315,
        "max": 5.56340026855,
        "mean": 2.92541956902,
        "median": 2.8629193306,
        "min": 1.03223156929,
        "skew": 0.356970101595,
        "var": 0.532384514809
    },
    "spectral_spread": {
        "kurt": 96.0804214478,
        "max": 19288632,
        "mean": 2263473.75,
        "median": 1978377,
        "min": 1273045.375,
        "skew": 7.99224233627,
        "var": 1.57783044915e+12
    },
    "spectral_strongpeak": {
        "kurt": 17.9384536743,
        "max": 20.2821826935,
        "mean": 1.56551134586,
        "median": 0.620338737965,
        "min": 1.94607036974e-05,
        "skew": 3.71061134338,
        "var": 6.98844099045
    },
    "zerocrossingrate": {
        "kurt": 3.14619636536,
        "max": 0.1298828125,
        "mean": 0.07936373353,
        "median": 0.082275390625,
        "min": 0.0107421875,
        "skew": -1.4110352993,
        "var": 0.000227257332881
    },
    "barkbands": {
        "kurt": [19.3153038025, 156.216644287, 75.3654556274, 27.3836345673, 17.5414981842, 14.2011108398, 11.2164525986, 23.8430519104, 110.118904114, 102.384757996, 44.3349685669, 84.5375442505, 57.7023086548, 23.5543346405, 16.9697952271, 73.373374939, 41.0154647827, 53.3229141235, 52.8559532166, 27.2166900635, 22.5867767334, 8.90229988098, 132.534057617, 26.794626236, 22.0943508148, 21.1690731049, 63.9704437256],
        "max": [1.84434103545e-08, 6.5784643084e-06, 6.3842749114e-06, 7.00370674167e-06, 4.41808842879e-05, 4.31599255535e-05, 9.55159048317e-05, 0.000173854554305, 0.00183978187852, 0.00848573260009, 0.000704277306795, 0.000272402801784, 0.00522592430934, 0.0365393348038, 0.0976189672947, 0.0158856734633, 0.0162835307419, 0.00236905971542, 0.00350815220736, 0.0029306600336, 0.000736969930585, 9.51859037741e-05, 3.36914999934e-05, 2.58950467469e-06, 1.26136092149e-06, 1.00377931744e-07, 1.02672901292e-08],
        "mean": [1.4890897404e-09, 1.95190239083e-07, 2.55217770473e-07, 5.17445698733e-07, 3.52956067218e-06, 3.64449965673e-06, 8.54225982039e-06, 1.00400739029e-05, 3.38245336025e-05, 0.000159030416398, 2.08930450754e-05, 8.18158514448e-06, 0.000131851760671, 0.00163456308655, 0.00523656513542, 0.000368953245925, 0.000545143324416, 7.02420293237e-05, 0.000108139218355, 0.000123526566313, 3.36769007845e-05, 6.91928289598e-06, 4.89090666633e-07, 1.27879516754e-07, 6.62715606836e-08, 5.74929437391e-09, 3.220299305e-10],
        "median": [7.63903162948e-10, 9.9782766938e-08, 1.21950932908e-07, 2.95521971339e-07, 1.78923585281e-06, 1.50018001932e-06, 3.08385097014e-06, 3.71159262613e-06, 3.51568701262e-06, 1.10383498395e-05, 1.53606765707e-06, 1.22496453514e-06, 1.03880465758e-05, 8.39560379973e-05, 0.00030720041832, 3.29355716531e-05, 3.24308130075e-05, 4.38695678895e-06, 5.88011243963e-06, 7.5625075624e-06, 2.50738548857e-06, 7.68678546592e-07, 5.28078061279e-08, 1.56086645831e-08, 7.933076418e-09, 8.52762971348e-10, 3.20640944351e-11],
        "min": [3.1428852576e-13, 2.7268987849e-12, 3.23953667711e-12, 3.62676815663e-12, 3.480588864e-12, 8.98447657417e-13, 3.51419371034e-12, 3.5770895794e-12, 2.99734282533e-12, 8.43825877228e-12, 4.11577846457e-12, 4.59629459059e-13, 1.80815291125e-12, 1.82635243734e-11, 7.42473964255e-12, 1.52756252743e-13, 9.65522150079e-13, 1.75728762054e-13, 4.1027305251e-13, 6.31918183145e-13, 1.14510479007e-13, 2.93316504982e-13, 1.57875015144e-13, 1.19018049539e-13, 1.02441153975e-13, 4.935335723e-14, 3.36561595921e-14],
        "skew": [3.73992562294, 10.9258708954, 7.10978269577, 3.72329258919, 3.23390746117, 3.37960743904, 2.97187757492, 4.33905220032, 9.70291805267, 9.28304386139, 6.2811627388, 7.55394172668, 7.06099748611, 4.52587985992, 3.75991177559, 7.61002540588, 5.57052326202, 6.71296882629, 6.33815956116, 4.78823518753, 4.4846496582, 2.84329009056, 10.8690080643, 4.14883422852, 3.98005342484, 3.71154856682, 7.02018690109],
        "var": [4.91294825839e-18, 1.73714246655e-13, 2.33983541093e-13, 4.26710343492e-13, 2.27784804907e-11, 3.30202670762e-11, 1.8682703995e-10, 3.66758706738e-10, 1.94181080104e-08, 3.97740592462e-07, 5.33821209459e-09, 4.08227701643e-10, 2.25580706115e-07, 2.09763511521e-05, 0.000152439883095, 1.64175082773e-06, 2.31525223171e-06, 5.47784146931e-08, 9.61613011441e-08, 1.13217566877e-07, 8.63089333336e-09, 1.89372295623e-10, 5.50818375286e-12, 6.55743905356e-14, 1.88094694307e-14, 1.14239598294e-16, 8.20404814264e-19],
        "cov": [[4.92694498154e-18, 4.94018731596e-16, 6.10812187166e-16, 2.38760482502e-16, 1.99317638924e-16, -2.46950152901e-16, 4.65499132262e-16, -2.16742475137e-15, 1.40542450995e-14, 3.93209092673e-13, 3.02295521785e-14, 6.40169502085e-15, 2.11155311985e-13, 3.6930983445e-12, 5.39096545182e-12, 5.35885680449e-13, 8.11029086771e-13, 3.42618118663e-14, 6.88212575578e-14, 1.08866468086e-13, 1.34492281e-14, 7.1160398334e-15, 2.10209132667e-16, 1.43400454509e-16, 8.31179402157e-17, 7.48061117835e-18, 3.83371356398e-19], [4.94018731596e-16, 1.74209157842e-13, 1.48500840531e-13, 3.94014824294e-14, 2.7299126501e-13, 2.11524279537e-13, 7.78820909673e-13, 2.0800701927e-13, 1.00255324875e-11, 2.91624606408e-11, 3.18276481559e-12, 1.08870616515e-12, 4.72639566373e-11, 3.32438437889e-10, 5.31928168179e-10, 1.04932881828e-10, 1.51681278648e-10, 3.05911806303e-12, 5.77095619556e-12, 9.25075814562e-12, 1.48042895217e-12, 1.09146264075e-12, 2.40008056154e-14, 2.54131940914e-14, 1.59112953797e-14, 1.61053679921e-15, 3.22721207265e-17], [6.10812187166e-16, 1.48500840531e-13, 2.34650162799e-13, 1.37697714559e-13, 4.6923700819e-13, 4.81151956385e-13, 9.34701751762e-13, 5.3353095596e-13, 1.14234481249e-11, 1.06292939728e-10, 9.0001027464e-12, 2.52477314229e-12, 7.09107980668e-11, 4.95816665502e-10, 7.22586435131e-10, 1.80398113114e-10, 2.36386243913e-10, 1.27199943287e-11, 1.40972901755e-11, 2.7869465416e-11, 5.09480608743e-12, 1.54189573436e-12, 6.86920680927e-14, 3.34408878627e-14, 2.28007970984e-14, 2.1980962379e-15, 6.67660353435e-17], [2.38760482502e-16, 3.94014824294e-14, 1.37697714559e-13, 4.27926059388e-13, 7.65176225333e-13, 1.04569055238e-12, 1.36466619255e-12, 3.1784280069e-12, 1.35099969406e-11, 6.82666354002e-11, 1.18174350514e-11, 1.12515953585e-12, 6.17199416575e-11, 3.59504676029e-10, 2.94432117576e-10, 2.220093831e-10, 8.35587432579e-11, 1.55749475816e-11, 8.49183050267e-12, 1.10621711444e-11, 2.41156638929e-12, 8.68898160887e-13, -1.10660873504e-14, 1.84155076306e-14, 1.32327273257e-14, 7.22760667217e-16, 2.80202767204e-17], [1.99317638924e-16, 2.7299126501e-13, 4.6923700819e-13, 7.65176225333e-13, 2.28433764959e-11, 1.1802788781e-11, 3.34035507588e-11, 5.23217857928e-11, 2.07879810588e-10, 2.13123768633e-10, 2.63378884674e-11, 8.87001496558e-12, 3.86209605963e-11, -7.67452490447e-10, -4.41469838464e-09, 7.67242824828e-10, -1.39747297068e-10, -1.34798830084e-11, -9.90620432906e-11, -7.25116841571e-11, -1.91851517312e-11, -4.21743846443e-12, -5.82421589256e-13, -5.79940894027e-14, -5.25302686481e-15, 1.72481859033e-15, -1.20774642771e-16], [-2.46950152901e-16, 2.11524279537e-13, 4.81151956385e-13, 1.04569055238e-12, 1.1802788781e-11, 3.31143411303e-11, 3.41743612575e-11, 6.18609469205e-11, 2.98652991226e-10, 3.22411430886e-10, 2.06338592046e-11, 2.71747242764e-11, 2.9813868041e-10, 5.26382104571e-10, -4.64407445833e-09, 7.3499117903e-10, 3.79044962084e-10, 3.13396565643e-11, -7.76380140732e-11, -3.45343129093e-11, -1.7520615167e-11, -1.86171759432e-12, -2.65525828321e-13, -6.78144911374e-15, 2.24909100946e-14, 1.00407641321e-14, 5.87305911149e-17], [4.65499132262e-16, 7.78820909673e-13, 9.34701751762e-13, 1.36466619255e-12, 3.34035507588e-11, 3.41743612575e-11, 1.87359308623e-10, 1.13854890793e-10, 5.36928335126e-10, 3.41106254353e-10, 4.01836793007e-11, 3.03940345114e-11, 3.70326658228e-10, -2.72767142206e-09, -1.3844789315e-08, 9.87563031352e-10, -3.86146642439e-10, -3.42871152477e-12, -2.86894646928e-10, -1.36203284762e-10, -1.4058219866e-11, -9.94246959068e-12, -1.26354937798e-12, -9.7289648668e-14, 2.34137588434e-15, 2.03338221098e-14, -2.6469628724e-16], [-2.16742475137e-15, 2.0800701927e-13, 5.3353095596e-13, 3.1784280069e-12, 5.23217857928e-11, 6.18609469205e-11, 1.13854890793e-10, 3.67803593138e-10, 1.2931047344e-09, 4.1897077474e-10, -3.66450203515e-11, 2.4002327903e-11, 2.10129386113e-10, -3.06468850297e-09, -1.88882207652e-08, 8.96792973215e-10, -6.96507573839e-10, -2.0620299912e-10, -4.47553244465e-10, -2.87992352188e-10, -1.1505624925e-10, -2.14417737038e-11, -1.79645285193e-12, -2.98701086652e-13, -1.18002639994e-13, 6.44111212256e-15, -8.98381143308e-16], [1.40542450995e-14, 1.00255324875e-11, 1.14234481249e-11, 1.35099969406e-11, 2.07879810588e-10, 2.98652991226e-10, 5.36928335126e-10, 1.2931047344e-09, 1.94734308678e-08, 1.28133503807e-08, -1.00923144841e-10, 2.09647355032e-10, 1.11769757893e-08, 6.69932944675e-08, -6.77175648889e-08, 4.05092421829e-08, 1.74845276035e-08, -7.79362796521e-10, -1.57992152694e-09, 5.53509904577e-09, 2.64383404058e-10, 4.19170323451e-11, -3.01445196929e-12, 9.30226598875e-13, 2.00614091311e-12, 2.33424878818e-13, 3.30550499556e-15], [3.93209092673e-13, 2.91624606408e-11, 1.06292939728e-10, 6.82666354002e-11, 2.13123768633e-10, 3.22411430886e-10, 3.41106254353e-10, 4.1897077474e-10, 1.28133503807e-08, 3.98873766017e-07, 2.19509455057e-09, 5.05411001939e-09, 2.20971738685e-08, 7.62905415286e-07, 3.52541995596e-08, 1.10675543397e-07, 3.71186757775e-07, 6.18746875958e-09, 2.13996589338e-08, 6.53082636859e-08, 9.6560732743e-09, 1.34554634101e-09, 5.3974678893e-11, 1.78703787879e-11, 1.67923730476e-11, 1.02085137219e-12, 4.09540531641e-14], [3.02295521785e-14, 3.18276481559e-12, 9.0001027464e-12, 1.18174350514e-11, 2.63378884674e-11, 2.06338592046e-11, 4.01836793007e-11, -3.66450203515e-11, -1.00923144841e-10, 2.19509455057e-09, 5.35342081776e-09, 6.42224953773e-11, 3.20984105961e-09, -5.97472160635e-09, 1.32553736876e-07, 1.91345748135e-08, 8.02340638373e-10, 1.07213979916e-08, 4.08226652482e-09, 6.85429402125e-09, 1.76092751492e-09, 2.65168303981e-10, 2.79130104447e-11, 4.92766244475e-12, 1.98636701705e-12, 1.53872032303e-13, 5.6206052826e-15], [6.40169502085e-15, 1.08870616515e-12, 2.52477314229e-12, 1.12515953585e-12, 8.87001496558e-12, 2.71747242764e-11, 3.03940345114e-11, 2.4002327903e-11, 2.09647355032e-10, 5.05411001939e-09, 6.42224953773e-11, 4.09390743528e-10, 1.65517344275e-09, 1.84056485608e-08, -2.70531236302e-10, 2.34200947524e-09, 1.04203667917e-08, 3.72568254026e-10, 2.71261069162e-10, 1.44670142532e-09, 6.32292621039e-11, 3.71156369527e-11, 5.07720276412e-13, 5.10841314996e-13, 2.93744331159e-13, 5.43809483935e-14, 1.71823650905e-15], [2.11155311985e-13, 4.72639566373e-11, 7.09107980668e-11, 6.17199416575e-11, 3.86209605963e-11, 2.9813868041e-10, 3.70326658228e-10, 2.10129386113e-10, 1.11769757893e-08, 2.20971738685e-08, 3.20984105961e-09, 1.65517344275e-09, 2.26223392019e-07, 6.37137702597e-07, 3.06830330032e-08, 3.34538299285e-07, 5.49866960853e-08, 7.38287164737e-09, 4.70658578777e-09, 1.29043788988e-08, 4.96053775834e-09, 9.42788069835e-10, 2.17146162163e-11, 2.59910669376e-11, 1.63361962846e-11, 1.06567836153e-12, 8.66385752745e-14], [3.6930983445e-12, 3.32438437889e-10, 4.95816665502e-10, 3.59504676029e-10, -7.67452490447e-10, 5.26382104571e-10, -2.72767142206e-09, -3.06468850297e-09, 6.69932944675e-08, 7.62905415286e-07, -5.97472160635e-09, 1.84056485608e-08, 6.37137702597e-07, 2.10361122299e-05, 8.02012618806e-06, 2.21340428652e-06, 3.87753016184e-06, -1.84578521356e-08, 2.91605374514e-07, 2.89216870897e-07, 4.52929356243e-08, 2.46629134892e-08, 4.06584571566e-10, 5.2522142191e-10, 2.52053711236e-10, 1.6708195591e-11, 4.99593367977e-13], [5.39096545182e-12, 5.31928168179e-10, 7.22586435131e-10, 2.94432117576e-10, -4.41469838464e-09, -4.64407445833e-09, -1.3844789315e-08, -1.88882207652e-08, -6.77175648889e-08, 3.52541995596e-08, 1.32553736876e-07, -2.70531236302e-10, 3.06830330032e-08, 8.02012618806e-06, 0.000152874185005, 1.23896984405e-06, 5.12536644237e-06, 9.39655137699e-07, 2.92922345579e-06, 1.40869144616e-06, 5.02541126934e-07, 1.26176018966e-07, 1.13926788003e-08, 2.099319385e-09, 1.28045973824e-09, 6.8375929918e-11, 3.47244021731e-12], [5.35885680449e-13, 1.04932881828e-10, 1.80398113114e-10, 2.220093831e-10, 7.67242824828e-10, 7.3499117903e-10, 9.87563031352e-10, 8.96792973215e-10, 4.05092421829e-08, 1.10675543397e-07, 1.91345748135e-08, 2.34200947524e-09, 3.34538299285e-07, 2.21340428652e-06, 1.23896984405e-06, 1.64642824529e-06, 2.29841859323e-07, 4.06773530415e-08, 1.95633003131e-08, 7.72165478224e-08, 1.74055294622e-08, 4.09092359988e-09, 1.32681796106e-10, 9.56582035805e-11, 5.33846508666e-11, 2.99701192683e-12, 2.21179018568e-13], [8.11029086771e-13, 1.51681278648e-10, 2.36386243913e-10, 8.35587432579e-11, -1.39747297068e-10, 3.79044962084e-10, -3.86146642439e-10, -6.96507573839e-10, 1.74845276035e-08, 3.71186757775e-07, 8.02340638373e-10, 1.04203667917e-08, 5.49866960853e-08, 3.87753016184e-06, 5.12536644237e-06, 2.29841859323e-07, 2.32184834204e-06, 4.01808684103e-08, 1.74355491822e-07, 1.85489071214e-07, 4.25155768369e-08, 1.19917915598e-08, 2.08671538382e-10, 1.4907464152e-10, 1.15987851268e-10, 7.24172111166e-12, 2.77077297738e-13], [3.42618118663e-14, 3.05911806303e-12, 1.27199943287e-11, 1.55749475816e-11, -1.34798830084e-11, 3.13396565643e-11, -3.42871152477e-12, -2.0620299912e-10, -7.79362796521e-10, 6.18746875958e-09, 1.07213979916e-08, 3.72568254026e-10, 7.38287164737e-09, -1.84578521356e-08, 9.39655137699e-07, 4.06773530415e-08, 4.01808684103e-08, 5.49344818523e-08, 2.17611741959e-08, 2.97100726243e-08, 1.23623795645e-08, 1.59975954706e-09, 2.58306181999e-10, 2.02825291284e-11, 1.20920591248e-11, 7.71422639309e-13, 2.20105712627e-14], [6.88212575578e-14, 5.77095619556e-12, 1.40972901755e-11, 8.49183050267e-12, -9.90620432906e-11, -7.76380140732e-11, -2.86894646928e-10, -4.47553244465e-10, -1.57992152694e-09, 2.13996589338e-08, 4.08226652482e-09, 2.71261069162e-10, 4.70658578777e-09, 2.91605374514e-07, 2.92922345579e-06, 1.95633003131e-08, 1.74355491822e-07, 2.17611741959e-08, 9.64352651067e-08, 2.13366906365e-08, 1.34823316955e-08, 2.83830425829e-09, 7.12367595468e-11, 5.09040518071e-11, 3.49890533213e-11, 1.59043687508e-12, 3.40413224139e-14], [1.08866468086e-13, 9.25075814562e-12, 2.7869465416e-11, 1.10621711444e-11, -7.25116841571e-11, -3.45343129093e-11, -1.36203284762e-10, -2.87992352188e-10, 5.53509904577e-09, 6.53082636859e-08, 6.85429402125e-09, 1.44670142532e-09, 1.29043788988e-08, 2.89216870897e-07, 1.40869144616e-06, 7.72165478224e-08, 1.85489071214e-07, 2.97100726243e-08, 2.13366906365e-08, 1.13540124858e-07, 1.77859202921e-08, 2.73218292435e-09, 3.99797250861e-10, 3.31301167056e-11, 2.10459306232e-11, 1.01733693084e-12, 8.73353378007e-14], [1.34492281e-14, 1.48042895217e-12, 5.09480608743e-12, 2.41156638929e-12, -1.91851517312e-11, -1.7520615167e-11, -1.4058219866e-11, -1.1505624925e-10, 2.64383404058e-10, 9.6560732743e-09, 1.76092751492e-09, 6.32292621039e-11, 4.96053775834e-09, 4.52929356243e-08, 5.02541126934e-07, 1.74055294622e-08, 4.25155768369e-08, 1.23623795645e-08, 1.34823316955e-08, 1.77859202921e-08, 8.65548255291e-09, 7.93273058353e-10, 1.20811124993e-10, 9.92977141484e-12, 8.0419542553e-12, 3.79870722551e-13, 2.10721400724e-14], [7.1160398334e-15, 1.09146264075e-12, 1.54189573436e-12, 8.68898160887e-13, -4.21743846443e-12, -1.86171759432e-12, -9.94246959068e-12, -2.14417737038e-11, 4.19170323451e-11, 1.34554634101e-09, 2.65168303981e-10, 3.71156369527e-11, 9.42788069835e-10, 2.46629134892e-08, 1.26176018966e-07, 4.09092359988e-09, 1.19917915598e-08, 1.59975954706e-09, 2.83830425829e-09, 2.73218292435e-09, 7.93273058353e-10, 1.89911822379e-10, 1.26781892276e-11, 2.66620839989e-12, 1.50070852013e-12, 8.96999827389e-14, 3.78803764276e-15], [2.10209132667e-16, 2.40008056154e-14, 6.86920680927e-14, -1.10660873504e-14, -5.82421589256e-13, -2.65525828321e-13, -1.26354937798e-12, -1.79645285193e-12, -3.01445196929e-12, 5.3974678893e-11, 2.79130104447e-11, 5.07720276412e-13, 2.17146162163e-11, 4.06584571566e-10, 1.13926788003e-08, 1.32681796106e-10, 2.08671538382e-10, 2.58306181999e-10, 7.12367595468e-11, 3.99797250861e-10, 1.20811124993e-10, 1.26781892276e-11, 5.52387649511e-12, 1.31106171926e-13, 1.20955207113e-13, 4.78286343975e-15, 4.36912670265e-16], [1.43400454509e-16, 2.54131940914e-14, 3.34408878627e-14, 1.84155076306e-14, -5.79940894027e-14, -6.78144911374e-15, -9.7289648668e-14, -2.98701086652e-13, 9.30226598875e-13, 1.78703787879e-11, 4.92766244475e-12, 5.10841314996e-13, 2.59910669376e-11, 5.2522142191e-10, 2.099319385e-09, 9.56582035805e-11, 1.4907464152e-10, 2.02825291284e-11, 5.09040518071e-11, 3.31301167056e-11, 9.92977141484e-12, 2.66620839989e-12, 1.31106171926e-13, 6.57612121225e-14, 2.54790305743e-14, 2.17561450118e-15, 6.54990725777e-17], [8.31179402157e-17, 1.59112953797e-14, 2.28007970984e-14, 1.32327273257e-14, -5.25302686481e-15, 2.24909100946e-14, 2.34137588434e-15, -1.18002639994e-13, 2.00614091311e-12, 1.67923730476e-11, 1.98636701705e-12, 2.93744331159e-13, 1.63361962846e-11, 2.52053711236e-10, 1.28045973824e-09, 5.33846508666e-11, 1.15987851268e-10, 1.20920591248e-11, 3.49890533213e-11, 2.10459306232e-11, 8.0419542553e-12, 1.50070852013e-12, 1.20955207113e-13, 2.54790305743e-14, 1.88630578171e-14, 9.19836381983e-16, 3.44886074261e-17], [7.48061117835e-18, 1.61053679921e-15, 2.1980962379e-15, 7.22760667217e-16, 1.72481859033e-15, 1.00407641321e-14, 2.03338221098e-14, 6.44111212256e-15, 2.33424878818e-13, 1.02085137219e-12, 1.53872032303e-13, 5.43809483935e-14, 1.06567836153e-12, 1.6708195591e-11, 6.8375929918e-11, 2.99701192683e-12, 7.24172111166e-12, 7.71422639309e-13, 1.59043687508e-12, 1.01733693084e-12, 3.79870722551e-13, 8.96999827389e-14, 4.78286343975e-15, 2.17561450118e-15, 9.19836381983e-16, 1.14565057469e-16, 2.91246757483e-18], [3.83371356398e-19, 3.22721207265e-17, 6.67660353435e-17, 2.80202767204e-17, -1.20774642771e-16, 5.87305911149e-17, -2.6469628724e-16, -8.98381143308e-16, 3.30550499556e-15, 4.09540531641e-14, 5.6206052826e-15, 1.71823650905e-15, 8.66385752745e-14, 4.99593367977e-13, 3.47244021731e-12, 2.21179018568e-13, 2.77077297738e-13, 2.20105712627e-14, 3.40413224139e-14, 8.73353378007e-14, 2.10721400724e-14, 3.78803764276e-15, 4.36912670265e-16, 6.54990725777e-17, 3.44886074261e-17, 2.91246757483e-18, 8.22742116482e-19]]
    },
    "mfcc": {
        "kurt": [-0.515408277512, -0.51646232605, -1.11057174206, -0.256466388702, 0.0785319805145, -0.536197185516, -0.582079172134, -0.351002216339, -0.330365419388, -0.0961539745331, 0.465372085571, 0.522443532944, 0.295959711075],
        "max": [-692.150878906, 144.917449951, 27.3892555237, 50.704662323, 37.11536026, 43.9015197754, 21.2749061584, 5.41114807129, 43.3764305115, 42.2572250366, 27.3748817444, 26.1099872589, 23.8893432617],
        "mean": [-883.76763916, 82.8374557495, -92.4934539795, 2.93863534927, 2.04209256172, 1.3527327776, -21.7281112671, -26.7667369843, 11.841632843, 16.4227180481, -7.96581745148, -17.914812088, -6.16053342819],
        "median": [-864.37902832, 87.5720748901, -105.560836792, 1.90070152283, 1.12446975708, 0.948764801025, -21.5880622864, -27.7972068787, 12.1142959595, 16.3286705017, -7.4493970871, -17.3871421814, -6.04677200317],
        "min": [-1138.42004395, -5.25722885132, -175.960037231, -39.1281204224, -39.3368453979, -41.7562828064, -67.7483673096, -63.0548553467, -15.6236343384, -21.2442550659, -47.7578620911, -58.0684394836, -37.0172386169],
        "skew": [-0.599723994732, -0.50234657526, 0.502923071384, 0.203893810511, -0.00953334383667, -0.00120776495896, -0.0250680539757, 0.146723240614, 0.0422224923968, -0.056395418942, -0.257478415966, -0.320002496243, 0.152025550604],
        "var": [12165.7753906, 1247.6697998, 3324.56005859, 318.829864502, 181.076309204, 242.838119507, 256.20993042, 176.343643188, 120.222419739, 110.842292786, 118.443969727, 165.177963257, 95.7510986328],
        "cov": [[12200.4355469, 623.886413574, -5938.03808594, 749.20880127, -755.814819336, 231.07585144, -381.215667725, -389.159484863, 466.946716309, 9.11260890961, -237.420257568, -671.330749512, -129.128097534], [623.886413574, 1251.2244873, 114.08316803, -386.374511719, -71.3721618652, -310.19934082, -315.233673096, -231.505081177, -9.15455436707, 15.1075801849, -53.5482368469, 107.608337402, 9.74811077118], [-5938.03808594, 114.08316803, 3334.03173828, -429.708251953, 295.836639404, -280.804351807, -5.36368274689, 104.304588318, -226.481231689, 49.0317192078, 108.381843567, 330.198913574, 65.3763961792], [749.20880127, -386.374511719, -429.708251953, 319.738220215, -29.2568855286, 86.5332565308, 55.5444831848, 36.2130012512, 57.6142654419, 13.9210386276, -22.1935157776, -128.501998901, -1.57032954693], [-755.814819336, -71.3721618652, 295.836639404, -29.2568855286, 181.592193604, 70.2249984741, 47.5550613403, 36.7261314392, -14.0342798233, 17.0932655334, 7.03326511383, 19.0129356384, 10.9864463806], [231.07585144, -310.19934082, -280.804351807, 86.5332565308, 70.2249984741, 243.529953003, 153.366195679, 74.6195831299, 21.2571544647, -3.97234010696, 11.1708230972, -35.7984085083, -3.80189657211], [-381.215667725, -315.233673096, -5.36368274689, 55.5444831848, 47.5550613403, 153.366195679, 256.939849854, 135.657669067, -15.4411869049, -38.3134002686, 7.27625083923, 41.7460289001, -2.40841817856], [-389.159484863, -231.505081177, 104.304588318, 36.2130012512, 36.7261314392, 74.6195831299, 135.657669067, 176.846054077, 18.1646308899, -51.2877044678, -6.19998598099, 12.7484283447, -1.05250597], [466.946716309, -9.15455436707, -226.481231689, 57.6142654419, -14.0342798233, 21.2571544647, -15.4411869049, 18.1646308899, 120.564933777, 33.4117279053, -41.3518218994, -67.8414611816, -18.1642684937], [9.11260890961, 15.1075801849, 49.0317192078, 13.9210386276, 17.0932655334, -3.97234010696, -38.3134002686, -51.2877044678, 33.4117279053, 111.158088684, 15.5115642548, -47.2210769653, -8.17953300476], [-237.420257568, -53.5482368469, 108.381843567, -22.1935157776, 7.03326511383, 11.1708230972, 7.27625083923, -6.19998598099, -41.3518218994, 15.5115642548, 118.781417847, 35.6540412903, -43.1435966492], [-671.330749512, 107.608337402, 330.198913574, -128.501998901, 19.0129356384, -35.7984085083, 41.7460289001, 12.7484283447, -67.8414611816, -47.2210769653, 35.6540412903, 165.648544312, 22.3241977692], [-129.128097534, 9.74811077118, 65.3763961792, -1.57032954693, 10.9864463806, -3.80189657211, -2.40841817856, -1.05250597, -18.1642684937, -8.17953300476, -43.1435966492, 22.3241977692, 96.0238952637]]
    },
    "sccoeffs": {
        "kurt": [0.358237743378, 0.31288933754, 0.491920948029, 0.0694663524628, 0.101368904114, 0.296226024628],
        "max": [-0.532192468643, -0.677390992641, -0.423323869705, -0.310356885195, -0.501295030117, -0.608450710773],
        "mean": [-0.764510691166, -0.839012920856, -0.739364266396, -0.687559604645, -0.74776673317, -0.75706076622],
        "median": [-0.773859500885, -0.843576967716, -0.743120670319, -0.709893703461, -0.754482865334, -0.752438247204],
        "min": [-0.956024467945, -0.942891538143, -0.919506371021, -0.910873174667, -0.933995604515, -0.937214910984],
        "skew": [0.606323719025, 0.419444352388, 0.650974392891, 0.78186583519, 0.544247686863, -0.273052811623],
        "var": [0.00371622829698, 0.00200685230084, 0.00755445053801, 0.0153394881636, 0.0054915160872, 0.00294515863061],
        "cov": [[0.00372681580484, 0.00125529663637, 0.000927226326894, -0.000886155758053, -0.000108819593152, 0.000270112854196], [0.00125529663637, 0.00201256992295, 0.000896889076103, 0.000426331476774, 0.000604109314736, 0.000590820098296], [0.000927226326894, 0.000896889076103, 0.00757597293705, 0.00519471615553, 0.00370540912263, 0.00250331824645], [-0.000886155758053, 0.000426331476774, 0.00519471615553, 0.0153831904754, 0.00727086234838, 0.00498500745744], [-0.000108819593152, 0.000604109314736, 0.00370540912263, 0.00727086234838, 0.00550716137514, 0.00298348721117], [0.000270112854196, 0.000590820098296, 0.00250331824645, 0.00498500745744, 0.00298348721117, 0.00295354938135]]
    },
    "scvalleys": {
        "kurt": [5.02861213684, 3.14440155029, 1.06634426117, 1.38011550903, 0.460484266281, -0.487256765366],
        "max": [-7.65654420853, -6.26511859894, -6.58238601685, -5.05788469315, -6.39471101761, -10.0957012177],
        "mean": [-9.66648006439, -8.32713699341, -9.00299930573, -7.83080482483, -9.21839809418, -12.4632902145],
        "median": [-9.57120800018, -8.10990715027, -8.76816272736, -7.39017629623, -8.93423843384, -12.2992630005],
        "min": [-14.1875104904, -14.8401412964, -14.9600114822, -16.0027332306, -16.5554046631, -17.660572052],
        "skew": [-1.591807127, -1.51489377022, -0.937913060188, -1.08397054672, -0.736472427845, -0.343489438295],
        "var": [0.57923668623, 1.44086122513, 1.773832798, 2.75246500969, 2.77242445946, 1.66569530964],
        "cov": [[0.580886900425, 0.609609007835, 0.716995120049, 0.906525075436, 0.879278182983, 0.647762656212], [0.609609007835, 1.44496619701, 1.18861937523, 1.46249032021, 1.28864097595, 0.908285975456], [0.716995120049, 1.18861937523, 1.77888643742, 2.0789899826, 1.95392525196, 1.41721379757], [0.906525075436, 1.46249032021, 2.0789899826, 2.76030683517, 2.62551569939, 1.92975008488], [0.879278182983, 1.28864097595, 1.95392525196, 2.62551569939, 2.78032302856, 2.0654399395], [0.647762656212, 0.908285975456, 1.41721379757, 1.92975008488, 2.0654399395, 1.67044091225]]
    }
},
"rhythm": {
    "beats_loudness": {
        "kurt": 0.064314365387,
        "max": 0.0786781013012,
        "mean": 0.0223434660584,
        "median": 0.0131704034284,
        "min": 0.000159857940162,
        "skew": 1.09924411774,
        "var": 0.000565538706724
    },
    "bpm": 99.8895797729,
    "confidence": 2.95807218552,
    "first_peak_bpm": {
        "kurt": 0,
        "max": 101,
        "mean": 101,
        "median": 101,
        "min": 101,
        "skew": 0,
        "var": 0
    },
    "first_peak_spread": {
        "kurt": 0,
        "max": 0.5,
        "mean": 0.5,
        "median": 0.5,
        "min": 0.5,
        "skew": 0,
        "var": 0
    },
    "first_peak_weight": {
        "kurt": 0,
        "max": 0.333333343267,
        "mean": 0.333333343267,
        "median": 0.333333343267,
        "min": 0.333333343267,
        "skew": 0,
        "var": 0
    },
    "onset_rate": 3.68793845177,
    "second_peak_bpm": {
        "kurt": 0,
        "max": 108,
        "mean": 108,
        "median": 108,
        "min": 108,
        "skew": 0,
        "var": 0
    },
    "second_peak_spread": {
        "kurt": 0,
        "max": 0.333333313465,
        "mean": 0.333333313465,
        "median": 0.333333313465,
        "min": 0.333333313465,
        "skew": 0,
        "var": 0
    },
    "second_peak_weight": {
        "kurt": 0,
        "max": 0.166666671634,
        "mean": 0.166666671634,
        "median": 0.166666671634,
        "min": 0.166666671634,
        "skew": 0,
        "var": 0
    },
    "beats_loudness_band_ratio": {
        "kurt": [6.49808311462, -0.266456365585, 5.90305709839, -0.49382185936, -0.848699331284, 6.90416049957],
        "max": [0.00391833484173, 0.00453832512721, 0.073337174952, 0.369048893452, 0.982226669788, 0.124657675624],
        "mean": [0.00051149824867, 0.00133798574097, 0.0100079393014, 0.101546123624, 0.869524717331, 0.0274761356413],
        "median": [0.000112049674499, 0.000681195582729, 0.00184461229946, 0.013218482025, 0.958609998226, 0.0198503956199],
        "min": [3.47765990227e-06, 3.14613862429e-05, 0.000158917406225, 0.0014998287661, 0.588506639004, 0.00794359482825],
        "skew": [2.80434584618, 1.17944681644, 2.65555715561, 0.950907111168, -0.890647470951, 2.86599588394],
        "var": [1.04610978724e-06, 2.42291594077e-06, 0.000373646093067, 0.0151013927534, 0.0186309348792, 0.000833852216601],
        "cov": [[1.13328553653e-06, 9.20400282212e-07, 4.99006819155e-06, -5.3884737099e-06, 2.5642050332e-06, -5.96351083004e-06], [9.20400282212e-07, 2.62482558355e-06, 2.47281186603e-05, 0.000133036999614, -0.000147524420754, -1.05465960587e-05], [4.99006819155e-06, 2.47281186603e-05, 0.000404783262638, 0.00136026472319, -0.00162114470731, -9.04085536604e-05], [-5.3884737099e-06, 0.000133036999614, 0.00136026472319, 0.016359841451, -0.0174305383116, 0.000253573380178], [2.5642050332e-06, -0.000147524420754, -0.00162114470731, -0.0174305383116, 0.020183512941, -0.00116091384552], [-5.96351083004e-06, -1.05465960587e-05, -9.04085536604e-05, 0.000253573380178, -0.00116091384552, 0.000903339881916]]
    },
    "beats_position": [0.580498874187, 1.19582760334, 1.78793644905, 2.39165520668, 3.01859402657, 3.63392281532, 4.23764181137, 4.82975053787, 5.38702917099, 5.97913837433, 6.53641700745, 7.08208608627, 7.67419481277],
    "bpm_estimates": [97.5088577271, 101.332717896, 99.3840255737, 97.5088424683, 99.3839874268, 101.332740784, 101.33265686, 101.332740784],
    "bpm_intervals": [0.615328729153, 0.592108845711, 0.603718757629, 0.626938819885, 0.615328788757, 0.603718996048, 0.592108726501, 0.557278633118, 0.592109203339, 0.557278633118, 0.545669078827, 0.592108726501],
    "onset_times": [0.441179126501, 0.626938760281, 0.986848056316, 1.23065757751, 1.46285712719, 1.63700675964, 1.81115651131, 1.90403628349, 2.06657600403, 2.29877543449, 2.62385487556, 2.94893431664, 3.35528349876, 3.5758728981, 3.83129262924, 4.17959165573, 4.36535167694, 4.51628112793, 4.71365070343, 4.88780021667, 5.1780500412, 5.36380958557, 5.86303853989, 6.11845827103, 6.5015873909, 6.64090681076, 6.96598625183, 7.26784563065, 7.36072540283, 7.52326536179],
    "histogram": [[0, 0, 0, 0, 0, 0, 0, 0, 0, 0, 0, 0, 0, 0, 0, 0, 0, 0, 0, 0, 0, 0, 0, 0, 0, 0, 0, 0, 0, 0, 0, 0, 0, 0, 0, 0, 0, 0, 0, 0, 0, 0, 0, 0, 0, 0, 0, 0, 0, 0, 0, 0, 0, 0, 0, 0, 0, 0, 0, 0, 0, 0, 0, 0, 0, 0, 0, 0, 0, 0, 0, 0, 0, 0, 0, 0, 0, 0, 0, 0, 0, 0, 0, 0, 0, 0, 0, 0, 0, 0, 0, 0, 0, 0, 0, 0, 0.0833333358169, 0, 0.166666671634, 0.166666671634, 0, 0.333333343267, 0, 0, 0, 0, 0, 0, 0.166666671634, 0, 0.0833333358169, 0, 0, 0, 0, 0, 0, 0, 0, 0, 0, 0, 0, 0, 0, 0, 0, 0, 0, 0, 0, 0, 0, 0, 0, 0, 0, 0, 0, 0, 0, 0, 0, 0, 0, 0, 0, 0, 0, 0, 0, 0, 0, 0, 0, 0, 0, 0, 0, 0, 0, 0, 0, 0, 0, 0, 0, 0, 0, 0, 0, 0, 0, 0, 0, 0, 0, 0, 0, 0, 0, 0, 0, 0, 0, 0, 0, 0, 0, 0, 0, 0, 0, 0, 0, 0, 0, 0, 0, 0, 0, 0, 0, 0, 0, 0, 0, 0, 0, 0, 0, 0, 0, 0, 0, 0, 0, 0, 0, 0, 0, 0, 0, 0, 0, 0, 0, 0, 0, 0, 0, 0, 0, 0, 0, 0, 0, 0, 0, 0, 0, 0, 0, 0, 0, 0, 0, 0, 0, 0]]
},
"sfx": {
    "inharmonicity": {
        "kurt": 7.25288200378,
        "max": 0.328536570072,
        "mean": 0.0350059978664,
        "median": 0.0154164182022,
        "min": 0,
        "skew": 2.36646509171,
        "var": 0.00249613169581
    },
    "oddtoevenharmonicenergyratio": {
        "kurt": 47.8972511292,
        "max": 271.762298584,
        "mean": 9.19655990601,
        "median": 0.84272146225,
        "min": 0,
        "skew": 6.38096570969,
        "var": 773.91192627
    },
    "pitch_after_max_to_before_max_energy_ratio": 17.6107311249,
    "pitch_centroid": 175.333007812,
    "pitch_max_to_total": 0.0227272734046,
    "pitch_min_to_total": 0.440340906382,
    "tristimulus": {
        "kurt": [-1.52045202255, -1.55653631687, 10.8529233932],
        "max": [1, 0.984282433987, 0.821350932121],
        "mean": [0.425260901451, 0.507245957851, 0.067493237555],
        "median": [0.278156548738, 0.562058031559, 0.0282586421818],
        "min": [0, 0, 0],
        "skew": [0.398334383965, -0.145620793104, 3.31476569176],
        "var": [0.127445086837, 0.11010864377, 0.0189622826874],
        "cov": [[0.127808183432, -0.109607100487, -0.0182011220604], [-0.109607100487, 0.110422343016, -0.000815214531031], [-0.0182011220604, -0.000815214531031, 0.0190163068473]]
    }
},
"tonal": {
    "chords_changes_rate": 0.0903954803944,
    "chords_number_rate": 0.0338983051479,
    "chords_strength": {
        "kurt": -0.949479341507,
        "max": 0.476419329643,
        "mean": 0.362919390202,
        "median": 0.371917158365,
        "min": 0.22176219523,
        "skew": -0.194546043873,
        "var": 0.00390557711944
    },
    "key_strength": 0.285306215286,
    "tuning_diatonic_strength": 0.284118890762,
    "tuning_equal_tempered_deviation": 0.271849572659,
    "tuning_frequency": 437.213165283,
    "tuning_nontempered_energy_ratio": 0.898210406303,
    "hpcp": {
        "kurt": [-1.16423523426, -0.606590032578, -0.274390697479, -0.417665481567, -1.10791897774, -0.5532746315, 2.36175632477, 7.74725246429, 11.4562749863, 5.84186077118, 15.5847148895, 19.8194503784, 6.24948501587, 8.76669692993, 11.5512123108, 5.72842025757, 15.1236228943, 4.97453641891, 6.82458686829, 2.83148860931, 3.09536027908, 12.7643461227, 12.9123630524, 15.4108142853, 20.5477752686, 13.393404007, 12.7569303513, 10.522143364, 6.92432498932, 9.50248336792, 3.60168170929, 2.39169549942, 0.657733201981, -0.184470176697, -0.695371389389, -0.946123838425],
        "max": [1, 1, 1, 1, 1, 1, 1, 1, 0.97622025013, 0.660155892372, 0.876742839813, 0.977289438248, 0.769555330276, 0.960992991924, 1, 0.684047400951, 1, 0.858372569084, 1, 0.581101775169, 0.462554633617, 1, 1, 1, 1, 1, 1, 1, 1, 1, 0.919746756554, 1, 1, 1, 1, 1],
