{
"metadata": {
    "version": {
        "essentia": "2.1-beta3"
    }
},
"lowLevel": {
    "average_loudness": 0.960828185081,
    "barkbands_kurtosis": {
        "kurt": 14.7033138275,
        "max": 105.557830811,
        "mean": 12.8806066513,
        "median": 9.55426692963,
        "min": -1.49597108364,
        "skew": 3.34384703636,
        "var": 228.396652222
    },
    "barkbands_skewness": {
        "kurt": 6.58721160889,
        "max": 8.83566188812,
        "mean": 2.11816120148,
        "median": 1.98197758198,
        "min": 0.031094012782,
        "skew": 1.98191988468,
        "var": 1.67343270779
    },
    "barkbands_spread": {
        "kurt": 4.31753778458,
        "max": 39.6717453003,
        "mean": 6.94916152954,
        "median": 3.24923729897,
        "min": 0.826261222363,
        "skew": 2.23443770409,
        "var": 76.1287994385
    },
    "dissonance": {
        "kurt": -0.411673069,
        "max": 0.500000119209,
        "mean": 0.396742403507,
        "median": 0.420213192701,
        "min": 0.183277502656,
        "skew": -0.826992511749,
        "var": 0.00743892323226
    },
    "hfc": {
        "kurt": 9.32269573212,
        "max": 14.8768796921,
        "mean": 1.14706611633,
        "median": 0.0503164231777,
        "min": 6.42470058665e-06,
        "skew": 3.01827263832,
        "var": 7.02842330933
    },
    "pitch": {
        "kurt": 64.9743652344,
        "max": 3693.41796875,
        "mean": 344.168670654,
        "median": 272.988952637,
        "min": 49.6163635254,
        "skew": 7.30248975754,
        "var": 130388.320312
    },
    "pitch_instantaneous_confidence": {
        "kurt": -0.96975851059,
        "max": 0.915325880051,
        "mean": 0.526300668716,
        "median": 0.541015028954,
        "min": 0.137683272362,
        "skew": -0.0488260537386,
        "var": 0.0368555262685
    },
    "pitch_salience": {
        "kurt": -0.278246164322,
        "max": 0.831037342548,
        "mean": 0.625887036324,
        "median": 0.659707903862,
        "min": 0.307884633541,
        "skew": -0.631371259689,
        "var": 0.0156743172556
    },
    "silence_rate_20dB": {
        "kurt": 0,
        "max": 1,
        "mean": 1,
        "median": 1,
        "min": 1,
        "skew": 0,
        "var": 0
    },
    "silence_rate_30dB": {
        "kurt": 0,
        "max": 1,
        "mean": 1,
        "median": 1,
        "min": 1,
        "skew": 0,
        "var": 0
    },
    "silence_rate_60dB": {
        "kurt": 0.674718856812,
        "max": 1,
        "mean": 0.816513776779,
        "median": 1,
        "min": 0,
        "skew": -1.63545358181,
        "var": 0.149819150567
    },
    "spectral_centroid": {
        "kurt": 7.08530807495,
        "max": 1731.46374512,
        "mean": 583.252807617,
        "median": 537.498535156,
        "min": 326.691131592,
        "skew": 2.46006083488,
        "var": 60447.2617188
    },
    "spectral_complexity": {
        "kurt": 1.39885854721,
        "max": 13,
        "mean": 2.13761472702,
        "median": 1,
        "min": 0,
        "skew": 1.46312129498,
        "var": 8.90766906738
    },
    "spectral_crest": {
        "kurt": -0.125651597977,
        "max": 24.3422908783,
        "mean": 11.8160667419,
        "median": 11.479850769,
        "min": 3.13320279121,
        "skew": 0.508735716343,
        "var": 21.5049266815
    },
    "spectral_decrease": {
        "kurt": 8.63787651062,
        "max": -1.84618136513e-15,
        "mean": -5.0701687293e-10,
        "median": -3.41444789109e-11,
        "min": -6.17845552497e-09,
        "skew": -2.95521473885,
        "var": 1.32933104656e-18
    },
    "spectral_energy": {
        "kurt": 8.66998291016,
        "max": 0.0246682818979,
        "mean": 0.00201763911173,
        "median": 0.000133650159114,
        "min": 7.55065077129e-09,
        "skew": 2.95823788643,
        "var": 2.10841244552e-05
    },
    "spectral_energyband_high": {
        "kurt": 10.3641386032,
        "max": 4.42993878096e-05,
        "mean": 3.1854124245e-06,
        "median": 7.71578854142e-08,
        "min": 1.03451462674e-10,
        "skew": 3.06864476204,
        "var": 5.38689960694e-11
    },
    "spectral_energyband_low": {
        "kurt": 5.71215629578,
        "max": 1.40626634675e-05,
        "mean": 1.80348979484e-06,
        "median": 6.34531374999e-07,
        "min": 2.08992489981e-10,
        "skew": 1.97565746307,
        "var": 5.55533136853e-12
    },
    "spectral_energyband_middle_high": {
        "kurt": 6.86064910889,
        "max": 0.00150169082917,
        "mean": 0.00013254849182,
        "median": 3.96288032789e-06,
        "min": 2.16021978083e-09,
        "skew": 2.68509626389,
        "var": 8.79895978301e-08
    },
    "spectral_energyband_middle_low": {
        "kurt": 8.98857498169,
        "max": 0.0234290082008,
        "mean": 0.00188600132242,
        "median": 0.0001266990148,
        "min": 5.14325737555e-09,
        "skew": 3.00971984863,
        "var": 1.87889072549e-05
    },
    "spectral_flatness_db": {
        "kurt": -0.438253641129,
        "max": 0.43142619729,
        "mean": 0.295495897532,
        "median": 0.319888561964,
        "min": 0.0868972837925,
        "skew": -0.779175639153,
        "var": 0.00823481287807
    },
    "spectral_flux": {
        "kurt": 2.44893074036,
        "max": 0.116841778159,
        "mean": 0.0208645202219,
        "median": 0.00663339160383,
        "min": 0.000101332872873,
        "skew": 1.78321838379,
        "var": 0.000815464241896
    },
    "spectral_kurtosis": {
        "kurt": 1.11123514175,
        "max": 89.0314559937,
        "mean": 25.5089263916,
        "median": 19.577337265,
        "min": 1.31835746765,
        "skew": 1.33564579487,
        "var": 419.279174805
    },
    "spectral_rms": {
        "kurt": 2.58670377731,
        "max": 0.00490577379242,
        "mean": 0.000821570807602,
        "median": 0.00036109611392,
        "min": 2.71412750408e-06,
        "skew": 1.84151434898,
        "var": 1.29345028199e-06
    },
    "spectral_rolloff": {
        "kurt": 5.62065219879,
        "max": 3488.37890625,
        "mean": 835.646911621,
        "median": 581.396484375,
        "min": 344.53125,
        "skew": 2.56120634079,
        "var": 472641.71875
    },
    "spectral_skewness": {
        "kurt": 0.0344049930573,
        "max": 7.5320224762,
        "mean": 3.75445365906,
        "median": 3.59030079842,
        "min": 1.20092391968,
        "skew": 0.674981355667,
        "var": 2.26768922806
    },
    "spectral_spread": {
        "kurt": 34.9001426697,
        "max": 20918314,
        "mean": 2904291.25,
        "median": 2191700.5,
        "min": 1177851.875,
        "skew": 5.03307533264,
        "var": 5.11215612723e+12
    },
    "spectral_strongpeak": {
        "kurt": 8.74895477295,
        "max": 2.91999673843,
        "mean": 0.280511707067,
        "median": 0.0941119492054,
        "min": 0.000104531653051,
        "skew": 2.73016929626,
        "var": 0.228895246983
    },
    "zerocrossingrate": {
        "kurt": 4.10625505447,
        "max": 0.091796875,
        "mean": 0.0322444811463,
        "median": 0.02587890625,
        "min": 0.01708984375,
        "skew": 2.16436171532,
        "var": 0.000272509845672
    },
    "barkbands": {
        "kurt": [18.2367858887, 7.35462379456, 0.600906848907, 20.2434310913, 5.55191230774, 16.1015357971, 22.4402008057, 19.6850395203, 9.44825458527, 10.3662643433, 9.55925178528, 10.6373157501, 47.0127410889, 22.0375213623, 54.1651420593, 32.4691200256, 67.9423446655, 17.463092804, 13.3408260345, 16.850856781, 23.7139854431, 11.8774089813, 8.17499542236, 7.94639110565, 16.8896312714, 16.4367618561, 31.5172157288],
        "max": [4.43298198149e-09, 4.74321751653e-07, 4.51693176728e-06, 5.21867332282e-05, 0.000476803077618, 0.00181812886149, 0.0106332376599, 0.0195326115936, 0.00232920027338, 0.000425560516305, 0.00102041813079, 6.14969831076e-05, 0.000122883080621, 0.000382121332223, 8.3163351519e-05, 1.6381702153e-05, 3.78264667233e-05, 4.42986265625e-06, 9.67938740359e-06, 3.46351625922e-05, 3.60343401553e-05, 4.90257980346e-06, 4.34487475331e-07, 1.65044781397e-07, 5.90963935565e-08, 3.58536422773e-09, 1.26598553862e-09],
        "mean": [2.47490500316e-10, 4.73259120781e-08, 9.11417544103e-07, 3.03756178255e-06, 6.14499804215e-05, 0.000118402240332, 0.000538230466191, 0.000980787561275, 0.000171449108166, 3.10393807013e-05, 7.54362918087e-05, 4.53061511507e-06, 3.8581924855e-06, 1.95098091353e-05, 2.18646255234e-06, 6.35545234218e-07, 9.61614091466e-07, 2.52243012255e-07, 7.1102556376e-07, 2.08659116652e-06, 1.74312765466e-06, 3.24697680298e-07, 3.42686234944e-08, 1.31542803317e-08, 3.46179684918e-09, 2.27288091126e-10, 5.82017177508e-11],
        "median": [2.14517258124e-11, 8.63741256296e-09, 2.55838870089e-07, 3.4519010228e-07, 1.50076784848e-05, 1.87451805687e-05, 3.52117640432e-05, 1.03457168734e-05, 1.38901418723e-06, 4.46894887318e-07, 1.1417459973e-06, 2.52646316312e-07, 1.4853628727e-07, 6.54976531678e-07, 4.01298265729e-08, 1.76063910118e-08, 1.85803603614e-08, 1.03571462517e-08, 7.30230667045e-08, 8.4937518352e-08, 3.33285363752e-08, 1.17720739823e-08, 6.54083565088e-10, 3.45453665673e-10, 1.01397404362e-10, 1.08819689371e-11, 3.03936129736e-12],
        "min": [1.71520580399e-13, 6.87228746132e-11, 1.03240575811e-10, 4.0612076202e-11, 1.18669274407e-09, 1.24583054983e-09, 3.65619257092e-10, 4.8312820411e-10, 5.38173727804e-10, 3.95364935235e-10, 2.21884177698e-10, 1.36510039384e-10, 3.16331440209e-11, 4.35820962652e-11, 3.38221846363e-11, 1.5373960438e-10, 2.13633472024e-10, 1.02966392357e-10, 6.43209027706e-11, 4.06704010747e-11, 4.79166394063e-11, 1.25331585388e-11, 9.68673405377e-12, 7.0603796247e-12, 5.27610854312e-12, 3.90969591771e-13, 1.55552399981e-14],
        "skew": [3.92744779587, 2.69928789139, 1.41791951656, 4.08936166763, 2.40498209, 3.90839910507, 4.49506282806, 4.33313179016, 3.08834552765, 3.35124325752, 3.11284184456, 3.1694355011, 6.72133398056, 4.49884033203, 7.05499124527, 5.36647129059, 7.82035064697, 3.71706700325, 3.44341778755, 3.60537695885, 4.39705705643, 3.44236516953, 2.83694171906, 2.91126990318, 3.91988015175, 3.81365323067, 5.05284166336],
        "var": [4.02913963658e-19, 8.15368145181e-15, 1.65235674535e-12, 5.34779165395e-11, 1.06403650335e-08, 8.56618669332e-08, 2.3563486593e-06, 9.12734594749e-06, 1.82810381943e-07, 7.05599845219e-09, 3.64969423572e-08, 1.10881109849e-10, 2.17630344301e-10, 3.14906101195e-09, 8.65390190063e-11, 4.33858764887e-12, 1.55490585685e-11, 3.93909514382e-13, 2.72034695117e-12, 2.41934649398e-11, 2.31166388115e-11, 7.20233443198e-13, 6.08699432885e-15, 9.94015821734e-16, 8.71891246674e-17, 3.07314296272e-19, 2.4762824553e-20],
        "cov": [[4.06644651619e-19, -2.65950126785e-18, -1.32093252877e-16, 2.59722298015e-16, 2.39839547419e-14, 6.84018203949e-14, 5.72227378329e-13, 7.50221065826e-13, 4.93022370976e-14, 2.58280945459e-14, 5.7189719811e-14, 2.62825217929e-15, 1.97655900571e-15, 1.09959547164e-14, 1.57658189533e-15, 6.858007022e-16, 1.49918044813e-15, 3.22057173139e-16, 5.80968940033e-16, 1.87035229732e-15, 8.40454571749e-16, 2.97356633606e-16, 3.16626970646e-17, 1.43455816053e-17, 4.82571379099e-18, 2.95233064932e-19, 3.66198705603e-20], [-2.65950126785e-18, 8.22917919246e-15, 7.50603057357e-14, -7.14374712813e-14, -6.79422447122e-13, -9.33768104614e-14, -1.01940062294e-11, 1.26629687638e-11, -2.30220009723e-12, 1.57386327956e-14, -1.06927010649e-12, -6.84380869575e-14, 3.82161546874e-14, -2.34924628579e-13, 4.94769088438e-14, -1.60914438292e-15, -4.38920021883e-15, -2.45832974677e-15, 6.46141349061e-16, -1.90488934576e-14, 3.23372297669e-15, -2.7364773672e-15, -4.63121828417e-16, -2.39404703998e-16, -4.11506572139e-17, -3.28544662175e-18, -1.39373605283e-18], [-1.32093252877e-16, 7.50603057357e-14, 1.66765635589e-12, -2.67817262508e-13, -2.20999434031e-11, -4.95420753033e-11, -3.25659749167e-10, -5.46241551991e-10, -1.05531951233e-10, -1.91328723698e-11, -4.41250647132e-11, -3.03754829449e-12, -2.49257060304e-12, -1.2799205272e-11, -1.39902141521e-12, -4.22788540289e-13, -6.39265170747e-13, -1.66674508396e-13, -3.72112930747e-13, -1.15728238624e-12, -1.16024486026e-12, -2.14685989255e-13, -2.13074864827e-14, -8.53864860897e-15, -2.22432016619e-15, -1.44984234066e-16, -3.39777175188e-17], [2.59722298015e-16, -7.14374712813e-14, -2.67817262508e-13, 5.3973079478e-11, 5.65954089149e-11, 2.49901127569e-10, -4.75691097623e-10, 9.61801749355e-10, 5.60704781216e-11, 1.61551379912e-11, 1.38316511022e-11, -4.10226670342e-12, -4.16793422692e-12, 2.47832830647e-12, -2.09519597852e-12, -1.08923243688e-12, -1.67263631331e-12, -2.21438806961e-13, 6.65949229355e-13, 3.87203507105e-12, -2.23890757279e-13, -2.9246467444e-13, 2.74443757108e-16, -5.59958954815e-15, -3.33218187472e-15, -1.30322212864e-16, 7.42393408626e-17], [2.39839547419e-14, -6.79422447122e-13, -2.20999434031e-11, 5.65954089149e-11, 1.07388871129e-08, 6.65991128912e-09, 9.45777216543e-08, 9.52822887257e-08, 1.69936278382e-08, 3.99142008334e-09, 8.63961435726e-09, 4.14532963511e-10, 4.63146326846e-10, 2.94357693775e-09, 2.54294918456e-10, 5.39071634553e-11, 6.79303766016e-11, 2.07606501434e-11, 8.80473194353e-11, 2.64729377308e-10, 2.28923741075e-10, 3.51467119297e-11, 3.81980731767e-12, 1.7863074301e-12, 2.79237326621e-13, 2.05488736107e-14, 8.0838486675e-15], [6.84018203949e-14, -9.33768104614e-14, -4.95420753033e-11, 2.49901127569e-10, 6.65991128912e-09, 8.64550315782e-08, 9.91177842025e-08, 6.27971871836e-07, 4.83918896066e-08, 1.61883946248e-08, 2.32371135667e-08, 1.44646061795e-09, 1.92140969801e-09, 6.74555078461e-09, 1.45894762937e-09, 3.34518968081e-10, 4.13462319937e-10, 7.68490965308e-11, 2.47826065225e-10, 5.69263414185e-10, 6.86542600548e-10, 1.27852242682e-10, 1.12258848051e-11, 3.75022929378e-12, 1.39628228684e-12, 6.24925390841e-14, 7.61334134706e-15], [5.72227378329e-13, -1.01940062294e-11, -3.25659749167e-10, -4.75691097623e-10, 9.45777216543e-08, 9.91177842025e-08, 2.37816675508e-06, 1.6112613821e-06, 2.60435285782e-07, 8.19770846761e-08, 2.18547555164e-07, 6.83826906211e-09, 7.01834634853e-09, 5.81950416745e-08, 4.61212978919e-09, 1.40280220773e-09, 2.52110088361e-09, 5.77436154447e-10, 1.858761145e-09, 6.30151841818e-09, 3.90328391831e-09, 9.17335984951e-10, 8.02552746482e-11, 4.35889171979e-11, 7.66726265811e-12, 4.95588975673e-13, 5.74292607284e-14], [7.50221065826e-13, 1.26629687638e-11, -5.46241551991e-10, 9.61801749355e-10, 9.52822887257e-08, 6.27971871836e-07, 1.6112613821e-06, 9.21185801417e-06, 5.3830848401e-07, 1.87303356824e-07, 3.23925803514e-07, 1.38718325715e-08, 2.78370944073e-08, 8.78290933315e-08, 1.94195735048e-08, 3.09794123687e-09, 3.98625088494e-09, 1.03146657882e-09, 3.95116517282e-09, 9.21404996745e-09, 1.13720419748e-08, 1.54452450829e-09, 1.37559852398e-10, 4.75818724699e-11, 1.64765631694e-11, 7.24286136709e-13, 9.21893583607e-14], [4.93022370976e-14, -2.30220009723e-12, -1.05531951233e-10, 5.60704781216e-11, 1.69936278382e-08, 4.83918896066e-08, 2.60435285782e-07, 5.3830848401e-07, 1.84503079481e-07, 2.01853982418e-08, 4.46142252031e-08, 2.80278400488e-09, 3.05458525141e-09, 1.48675427525e-08, 1.72799463627e-09, 3.95060706371e-10, 4.31602892315e-10, 7.52820930594e-11, 3.63249735846e-10, 1.04933650658e-09, 1.38520783732e-09, 1.64645658218e-10, 1.51772084483e-11, 5.80747039e-12, 9.98267549353e-13, 7.38061684252e-14, 1.98809593327e-14], [2.58280945459e-14, 1.57386327956e-14, -1.91328723698e-11, 1.61551379912e-11, 3.99142008334e-09, 1.61883946248e-08, 8.19770846761e-08, 1.87303356824e-07, 2.01853982418e-08, 7.12133196856e-09, 1.03642081584e-08, 3.79077408352e-10, 5.52943690835e-10, 3.16799786404e-09, 4.40544517533e-10, 1.24482826824e-10, 1.7819250242e-10, 2.70480894626e-11, 1.03286677822e-10, 3.02589009404e-10, 2.77217193645e-10, 5.43816172649e-11, 4.01142920964e-12, 1.84968598597e-12, 4.27990732048e-13, 2.47292336212e-14, 2.53702461329e-15], [5.7189719811e-14, -1.06927010649e-12, -4.41250647132e-11, 1.38316511022e-11, 8.63961435726e-09, 2.32371135667e-08, 2.18547555164e-07, 3.23925803514e-07, 4.46142252031e-08, 1.03642081584e-08, 3.68348764823e-08, 9.08511266218e-10, 9.56501433613e-10, 6.42899955494e-09, 6.72556010883e-10, 1.8179972805e-10, 2.52611848106e-10, 8.10455799694e-11, 2.24390131476e-10, 7.34686755877e-10, 5.59791824006e-10, 1.22699905791e-10, 1.07022515849e-11, 4.63395424463e-12, 1.23676232016e-12, 7.08667133764e-14, 7.70997425381e-15], [2.62825217929e-15, -6.84380869575e-14, -3.03754829449e-12, -4.10226670342e-12, 4.14532963511e-10, 1.44646061795e-09, 6.83826906211e-09, 1.38718325715e-08, 2.80278400488e-09, 3.79077408352e-10, 9.08511266218e-10, 1.11907781652e-10, 8.78862885245e-11, 3.91443849557e-10, 5.12222868287e-11, 9.56620373194e-12, 1.30143231261e-11, 3.74569472661e-12, 8.71508854666e-12, 2.10248589372e-11, 2.82507021249e-11, 4.55493932502e-12, 5.71328954199e-13, 1.93612229656e-13, 4.93231960808e-14, 2.60396710942e-15, 6.94133812336e-16], [1.97655900571e-15, 3.82161546874e-14, -2.49257060304e-12, -4.16793422692e-12, 4.63146326846e-10, 1.92140969801e-09, 7.01834634853e-09, 2.78370944073e-08, 3.05458525141e-09, 5.52943690835e-10, 9.56501433613e-10, 8.78862885245e-11, 2.19645440724e-10, 6.31952767893e-10, 1.30654972952e-10, 1.25690898661e-11, 1.64569347733e-11, 3.79495957228e-12, 1.50027282264e-11, 2.41585328131e-11, 5.78944704677e-11, 5.67889572173e-12, 4.6085249332e-13, 1.85134405636e-13, 3.6421698448e-14, 1.95647966618e-15, 6.48407797469e-16], [1.09959547164e-14, -2.34924628579e-13, -1.2799205272e-11, 2.47832830647e-12, 2.94357693775e-09, 6.74555078461e-09, 5.81950416745e-08, 8.78290933315e-08, 1.48675427525e-08, 3.16799786404e-09, 6.42899955494e-09, 3.91443849557e-10, 6.31952767893e-10, 3.17821902129e-09, 3.80042775028e-10, 5.65191018986e-11, 8.07373126688e-11, 1.62821232191e-11, 6.21822038305e-11, 1.49315546039e-10, 1.99128782907e-10, 3.02595067059e-11, 2.72875602322e-12, 1.24215416598e-12, 1.95922610275e-13, 1.12433865928e-14, 2.70085560836e-15], [1.57658189533e-15, 4.94769088438e-14, -1.39902141521e-12, -2.09519597852e-12, 2.54294918456e-10, 1.45894762937e-09, 4.61212978919e-09, 1.94195735048e-08, 1.72799463627e-09, 4.40544517533e-10, 6.72556010883e-10, 5.12222868287e-11, 1.30654972952e-10, 3.80042775028e-10, 8.73403085966e-11, 1.15671031781e-11, 1.50189565645e-11, 2.57329726104e-12, 1.02540692951e-11, 1.9577686694e-11, 3.54609917819e-11, 4.72943299107e-12, 3.54319492583e-13, 1.38869195006e-13, 2.82219587327e-14, 1.62779086034e-15, 3.39097940791e-16], [6.858007022e-16, -1.60914438292e-15, -4.22788540289e-13, -1.08923243688e-12, 5.39071634553e-11, 3.34518968081e-10, 1.40280220773e-09, 3.09794123687e-09, 3.95060706371e-10, 1.24482826824e-10, 1.8179972805e-10, 9.56620373194e-12, 1.25690898661e-11, 5.65191018986e-11, 1.15671031781e-11, 4.37875950776e-12, 7.27307493745e-12, 6.57488603492e-13, 1.65915870452e-12, 5.44786611656e-12, 4.40343247976e-12, 1.5292436371e-12, 1.06378237653e-13, 4.49825316969e-14, 1.06646538727e-14, 7.61635032573e-16, 9.03471877495e-17], [1.49918044813e-15, -4.38920021883e-15, -6.39265170747e-13, -1.67263631331e-12, 6.79303766016e-11, 4.13462319937e-10, 2.52110088361e-09, 3.98625088494e-09, 4.31602892315e-10, 1.7819250242e-10, 2.52611848106e-10, 1.30143231261e-11, 1.64569347733e-11, 8.07373126688e-11, 1.50189565645e-11, 7.27307493745e-12, 1.56930319434e-11, 1.27466852178e-12, 2.20158917139e-12, 7.80125183203e-12, 5.00862675987e-12, 2.4420322535e-12, 1.62847315385e-13, 7.8565626227e-14, 2.10475761169e-14, 1.47265211737e-15, 1.44459947142e-16], [3.22057173139e-16, -2.45832974677e-15, -1.66674508396e-13, -2.21438806961e-13, 2.07606501434e-11, 7.68490965308e-11, 5.77436154447e-10, 1.03146657882e-09, 7.52820930594e-11, 2.70480894626e-11, 8.10455799694e-11, 3.74569472661e-12, 3.79495957228e-12, 1.62821232191e-11, 2.57329726104e-12, 6.57488603492e-13, 1.27466852178e-12, 3.975568247e-13, 6.78727256689e-13, 1.87491992418e-12, 1.54052562807e-12, 3.61570961973e-13, 3.9519165799e-14, 1.45720803859e-14, 5.3330655491e-15, 2.97931345461e-16, 2.67691097956e-17], [5.80968940033e-16, 6.46141349061e-16, -3.72112930747e-13, 6.65949229355e-13, 8.80473194353e-11, 2.47826065225e-10, 1.858761145e-09, 3.95116517282e-09, 3.63249735846e-10, 1.03286677822e-10, 2.24390131476e-10, 8.71508854666e-12, 1.50027282264e-11, 6.21822038305e-11, 1.02540692951e-11, 1.65915870452e-12, 2.20158917139e-12, 6.78727256689e-13, 2.74553535289e-12, 7.36878180002e-12, 6.65770173366e-12, 1.025548136e-12, 9.53013235276e-14, 4.04313016985e-14, 9.12771513104e-15, 4.9697392367e-16, 6.64594689735e-17], [1.87035229732e-15, -1.90488934576e-14, -1.15728238624e-12, 3.87203507105e-12, 2.64729377308e-10, 5.69263414185e-10, 6.30151841818e-09, 9.21404996745e-09, 1.04933650658e-09, 3.02589009404e-10, 7.34686755877e-10, 2.10248589372e-11, 2.41585328131e-11, 1.49315546039e-10, 1.9577686694e-11, 5.44786611656e-12, 7.80125183203e-12, 1.87491992418e-12, 7.36878180002e-12, 2.44174784558e-11, 1.59706258634e-11, 3.21077322715e-12, 2.86243468164e-13, 1.32726688255e-13, 2.65512726416e-14, 1.62030383024e-15, 1.96798642348e-16], [8.40454571749e-16, 3.23372297669e-15, -1.16024486026e-12, -2.23890757279e-13, 2.28923741075e-10, 6.86542600548e-10, 3.90328391831e-09, 1.13720419748e-08, 1.38520783732e-09, 2.77217193645e-10, 5.59791824006e-10, 2.82507021249e-11, 5.78944704677e-11, 1.99128782907e-10, 3.54609917819e-11, 4.40343247976e-12, 5.00862675987e-12, 1.54052562807e-12, 6.65770173366e-12, 1.59706258634e-11, 2.3330681137e-11, 2.56210092205e-12, 2.15202110147e-13, 8.66702407542e-14, 1.87457014023e-14, 9.83753064666e-16, 1.98780911203e-16], [2.97356633606e-16, -2.7364773672e-15, -2.14685989255e-13, -2.9246467444e-13, 3.51467119297e-11, 1.27852242682e-10, 9.17335984951e-10, 1.54452450829e-09, 1.64645658218e-10, 5.43816172649e-11, 1.22699905791e-10, 4.55493932502e-12, 5.67889572173e-12, 3.02595067059e-11, 4.72943299107e-12, 1.5292436371e-12, 2.4420322535e-12, 3.61570961973e-13, 1.025548136e-12, 3.21077322715e-12, 2.56210092205e-12, 7.26902262341e-13, 5.57499738648e-14, 2.3354065467e-14, 5.53119079062e-15, 3.62045810337e-16, 4.57263688996e-17], [3.16626970646e-17, -4.63121828417e-16, -2.13074864827e-14, 2.74443757108e-16, 3.81980731767e-12, 1.12258848051e-11, 8.02552746482e-11, 1.37559852398e-10, 1.51772084483e-11, 4.01142920964e-12, 1.07022515849e-11, 5.71328954199e-13, 4.6085249332e-13, 2.72875602322e-12, 3.54319492583e-13, 1.06378237653e-13, 1.62847315385e-13, 3.9519165799e-14, 9.53013235276e-14, 2.86243468164e-13, 2.15202110147e-13, 5.57499738648e-14, 6.14335547765e-15, 2.16171786689e-15, 5.68999888032e-16, 3.24492664178e-17, 4.6444648703e-18], [1.43455816053e-17, -2.39404703998e-16, -8.53864860897e-15, -5.59958954815e-15, 1.7863074301e-12, 3.75022929378e-12, 4.35889171979e-11, 4.75818724699e-11, 5.80747039e-12, 1.84968598597e-12, 4.63395424463e-12, 1.93612229656e-13, 1.85134405636e-13, 1.24215416598e-12, 1.38869195006e-13, 4.49825316969e-14, 7.8565626227e-14, 1.45720803859e-14, 4.04313016985e-14, 1.32726688255e-13, 8.66702407542e-14, 2.3354065467e-14, 2.16171786689e-15, 1.00321968174e-15, 2.16968018835e-16, 1.30272170091e-17, 1.69347911326e-18], [4.82571379099e-18, -4.11506572139e-17, -2.22432016619e-15, -3.33218187472e-15, 2.79237326621e-13, 1.39628228684e-12, 7.66726265811e-12, 1.64765631694e-11, 9.98267549353e-13, 4.27990732048e-13, 1.23676232016e-12, 4.93231960808e-14, 3.6421698448e-14, 1.95922610275e-13, 2.82219587327e-14, 1.06646538727e-14, 2.10475761169e-14, 5.3330655491e-15, 9.12771513104e-15, 2.65512726416e-14, 1.87457014023e-14, 5.53119079062e-15, 5.68999888032e-16, 2.16968018835e-16, 8.79964330929e-17, 4.71488523739e-18, 3.75762535533e-19], [2.95233064932e-19, -3.28544662175e-18, -1.44984234066e-16, -1.30322212864e-16, 2.05488736107e-14, 6.24925390841e-14, 4.95588975673e-13, 7.24286136709e-13, 7.38061684252e-14, 2.47292336212e-14, 7.08667133764e-14, 2.60396710942e-15, 1.95647966618e-15, 1.12433865928e-14, 1.62779086034e-15, 7.61635032573e-16, 1.47265211737e-15, 2.97931345461e-16, 4.9697392367e-16, 1.62030383024e-15, 9.83753064666e-16, 3.62045810337e-16, 3.24492664178e-17, 1.30272170091e-17, 4.71488523739e-18, 3.10159797579e-19, 4.1724767243e-20], [3.66198705603e-20, -1.39373605283e-18, -3.39777175188e-17, 7.42393408626e-17, 8.0838486675e-15, 7.61334134706e-15, 5.74292607284e-14, 9.21893583607e-14, 1.98809593327e-14, 2.53702461329e-15, 7.70997425381e-15, 6.94133812336e-16, 6.48407797469e-16, 2.70085560836e-15, 3.39097940791e-16, 9.03471877495e-17, 1.44459947142e-16, 2.67691097956e-17, 6.64594689735e-17, 1.96798642348e-16, 1.98780911203e-16, 4.57263688996e-17, 4.6444648703e-18, 1.69347911326e-18, 3.75762535533e-19, 4.1724767243e-20, 2.49921102947e-20]]
    },
    "mfcc": {
        "kurt": [-0.942501783371, -0.891069889069, -0.581341981888, 0.437543153763, -0.952013015747, -0.656969547272, 0.862354040146, -1.07251751423, -0.845503568649, 0.119953393936, -0.100903749466, 0.347232103348, 0.0721840858459],
        "max": [-772.151184082, 187.988830566, 72.3336486816, 24.7379341125, 6.97535705566, 1.61696624756, 2.56943130493, 0.190925598145, 5.07687759399, 19.9938144684, 11.4219779968, 13.4122390747, 7.32009124756],
        "mean": [-987.018249512, 114.105575562, 14.0851488113, -9.01558685303, -38.7774276733, -24.0182380676, -17.3459129333, -29.6175003052, -16.1669368744, -5.92119789124, -6.72588825226, -6.08086442947, -6.37196445465],
        "median": [-994.6015625, 142.055145264, 13.4952392578, -7.6844291687, -35.1435813904, -23.2469711304, -16.1009597778, -29.7045440674, -16.3974609375, -4.87166595459, -6.68178367615, -3.46171569824, -3.76403808594],
        "min": [-1138.42004395, 1.14440917969e-05, -62.1132850647, -59.0212478638, -111.947097778, -63.1266136169, -55.0588378906, -69.3848876953, -41.1757278442, -32.092918396, -28.7146663666, -31.7379570007, -35.4695854187],
        "skew": [0.254890739918, -0.839444875717, -0.292648077011, -0.685300052166, -0.470496177673, -0.24391195178, -0.757571935654, -0.109283328056, -0.201766267419, 0.0627449527383, -0.3647582829, -0.718611061573, -0.776679396629],
        "var": [11092.4853516, 3544.49731445, 1045.1027832, 259.123809814, 1063.37695312, 217.261016846, 129.119476318, 353.062438965, 131.989379883, 76.2366409302, 67.8301467896, 86.2789993286, 82.5457229614],
        "cov": [[11195.1933594, 5521.21484375, -1828.47814941, -1025.10437012, -3313.45922852, -1197.89904785, -750.889709473, -1685.28210449, -209.284683228, 10.4552726746, -355.998474121, -345.419494629, -447.402984619], [5521.21484375, 3577.31689453, -151.008850098, -519.864196777, -1530.48901367, -621.555480957, -345.800231934, -966.671325684, -343.860931396, -9.74558639526, -185.01499939, -213.744003296, -246.069946289], [-1828.47814941, -151.008850098, 1054.77966309, 263.130584717, 665.780151367, 171.229171753, 127.296829224, 170.381744385, -191.480987549, -30.8838024139, 42.0913238525, -2.51616883278, 71.9665603638], [-1025.10437012, -519.864196777, 263.130584717, 261.523101807, 365.268096924, 92.2353363037, 53.8163719177, 176.570999146, 16.0984516144, -21.8594856262, 6.3518910408, 5.73707056046, 65.6485061646], [-3313.45922852, -1530.48901367, 665.780151367, 365.268096924, 1073.22302246, 376.749206543, 211.178146362, 499.316680908, 11.2510700226, -18.7560386658, 110.705062866, 89.7035293579, 152.521621704], [-1197.89904785, -621.555480957, 171.229171753, 92.2353363037, 376.749206543, 219.272689819, 116.471710205, 156.755950928, 2.39550495148, 14.8257751465, 58.137172699, 26.5984783173, 44.911441803], [-750.889709473, -345.800231934, 127.296829224, 53.8163719177, 211.178146362, 116.471710205, 130.315032959, 110.024528503, -2.95367622375, 26.3356075287, 32.288936615, 17.0102844238, 24.1983146667], [-1685.28210449, -966.671325684, 170.381744385, 176.570999146, 499.316680908, 156.755950928, 110.024528503, 356.331512451, 80.7249145508, -16.1940364838, 73.6414413452, 80.1622161865, 108.092681885], [-209.284683228, -343.860931396, -191.480987549, 16.0984516144, 11.2510700226, 2.39550495148, -2.95367622375, 80.7249145508, 133.211502075, 26.1797561646, -7.78859901428, 14.5011701584, 2.42228055], [10.4552726746, -9.74558639526, -30.8838024139, -21.8594856262, -18.7560386658, 14.8257751465, 26.3356075287, -16.1940364838, 26.1797561646, 76.9425354004, 15.6034488678, -33.1097869873, -12.7217235565], [-355.998474121, -185.01499939, 42.0913238525, 6.3518910408, 110.705062866, 58.137172699, 32.288936615, 73.6414413452, -7.78859901428, 15.6034488678, 68.4582061768, 40.0435447693, 37.4792747498], [-345.419494629, -213.744003296, -2.51616883278, 5.73707056046, 89.7035293579, 26.5984783173, 17.0102844238, 80.1622161865, 14.5011701584, -33.1097869873, 40.0435447693, 87.0778808594, 42.2359962463], [-447.402984619, -246.069946289, 71.9665603638, 65.6485061646, 152.521621704, 44.911441803, 24.1983146667, 108.092681885, 2.42228055, -12.7217235565, 37.4792747498, 42.2359962463, 83.3100280762]]
    },
    "sccoeffs": {
        "kurt": [-1.0681232214, -0.145277738571, 0.327020406723, -0.59949016571, -0.938768148422, -0.138338088989],
        "max": [-0.360797971487, -0.451816350222, -0.601914942265, -0.587925970554, -0.767661213875, -0.683868348598],
        "mean": [-0.600564002991, -0.757028758526, -0.806912124157, -0.794858694077, -0.848243176937, -0.801589429379],
        "median": [-0.567846536636, -0.774994850159, -0.813583374023, -0.786953568459, -0.846744000912, -0.796021521091],
        "min": [-0.87448579073, -0.932231545448, -0.955982863903, -0.926900207996, -0.921598255634, -0.941427409649],
        "skew": [-0.312754631042, 0.582413375378, 0.66213786602, 0.263397485018, 0.00125016691163, -0.162129446864],
        "var": [0.0199028085917, 0.0106999007985, 0.00538521679118, 0.00609447807074, 0.00140237936284, 0.00251084915362],
        "cov": [[0.0200870949775, 0.00948040839285, 0.00777585897595, 0.00835706759244, 0.00352324545383, 0.0055975317955], [0.00948040839285, 0.0107989739627, 0.00477458443493, 0.00489406520501, 0.0021279102657, 0.00313058751635], [0.00777585897595, 0.00477458443493, 0.00543507980183, 0.0040613389574, 0.00185582437553, 0.00303390296176], [0.00835706759244, 0.00489406520501, 0.0040613389574, 0.00615090830252, 0.00220406404696, 0.00308837927878], [0.00352324545383, 0.0021279102657, 0.00185582437553, 0.00220406404696, 0.00141536432784, 0.00139453611337], [0.0055975317955, 0.00313058751635, 0.00303390296176, 0.00308837927878, 0.00139453611337, 0.00253409775905]]
    },
    "scvalleys": {
        "kurt": [-0.647328615189, -0.953027248383, -0.855560302734, -0.751836776733, -0.880888938904, -0.791574001312],
        "max": [-9.13642024994, -4.66258859634, -6.14680814743, -7.74902772903, -8.49029064178, -10.9454669952],
        "mean": [-10.7849740982, -7.96965312958, -9.26628875732, -10.7699422836, -11.2081689835, -13.6721782684],
        "median": [-10.60916996, -7.70405769348, -9.1175069809, -10.8796310425, -11.4231243134, -14.0397462845],
        "min": [-12.7286958694, -11.9161586761, -12.7476997375, -13.4696798325, -14.0192270279, -15.5661611557],
        "skew": [-0.410185188055, -0.367381691933, -0.150841146708, 0.0905915275216, 0.256486207247, 0.558756351471],
        "var": [0.80753839016, 3.99790024757, 3.24357676506, 1.99037480354, 1.81458771229, 1.64499616623],
        "cov": [[0.815015554428, 1.33006560802, 1.12744367123, 0.861955404282, 0.710665583611, 0.637238919735], [1.33006560802, 4.03491783142, 3.50534772873, 2.70096588135, 2.39653873444, 2.17511868477], [1.12744367123, 3.50534772873, 3.27360987663, 2.46750378609, 2.20401906967, 2.02021121979], [0.861955404282, 2.70096588135, 2.46750378609, 2.00880408287, 1.81500303745, 1.6657936573], [0.710665583611, 2.39653873444, 2.20401906967, 1.81500303745, 1.83138942719, 1.64806520939], [0.637238919735, 2.17511868477, 2.02021121979, 1.6657936573, 1.64806520939, 1.66022765636]]
    }
},
"rhythm": {
    "beats_loudness": {
        "kurt": -0.1076567173,
        "max": 0.0137428781018,
        "mean": 0.00380749767646,
        "median": 0.00136850564741,
        "min": 5.44287729554e-07,
        "skew": 1.26212465763,
        "var": 2.65186863544e-05
    },
    "bpm": 147.65625,
    "confidence": 0,
    "first_peak_bpm": {
        "kurt": 0,
        "max": 148,
        "mean": 148,
        "median": 148,
        "min": 148,
        "skew": 0,
        "var": 0
    },
    "first_peak_spread": {
        "kurt": 0,
        "max": 0,
        "mean": 0,
        "median": 0,
        "min": 0,
        "skew": 0,
        "var": 0
    },
    "first_peak_weight": {
        "kurt": 0,
        "max": 0.5,
        "mean": 0.5,
        "median": 0.5,
        "min": 0.5,
        "skew": 0,
        "var": 0
    },
    "onset_rate": 2.40000009537,
    "second_peak_bpm": {
        "kurt": 0,
        "max": 140,
        "mean": 140,
        "median": 140,
        "min": 140,
        "skew": 0,
        "var": 0
    },
    "second_peak_spread": {
        "kurt": 0,
        "max": 0,
        "mean": 0,
        "median": 0,
        "min": 0,
        "skew": 0,
        "var": 0
    },
    "second_peak_weight": {
        "kurt": 0,
        "max": 0.25,
        "mean": 0.25,
        "median": 0.25,
        "min": 0.25,
        "skew": 0,
        "var": 0
    },
    "beats_loudness_band_ratio": {
        "kurt": [0.155250549316, -0.790854692459, -0.782154321671, -1.70239782333, 0.243331193924, 0.241344928741],
        "max": [0.0955814346671, 0.350329369307, 0.885553538799, 0.0848463475704, 0.156727194786, 0.0458410158753],
        "mean": [0.0235443674028, 0.222043633461, 0.677139937878, 0.0533793792129, 0.0351508073509, 0.0112113999203],
        "median": [0.00286787701771, 0.215104192495, 0.689418911934, 0.0516322255135, 0.00671074539423, 0.00289779459126],
        "min": [0.0019059664337, 0.0314567238092, 0.413835972548, 0.0251489747316, 0.0013648919994, 0.00139943521935],
        "skew": [1.43591153622, -0.607468903065, -0.441011309624, 0.0780108720064, 1.49496781826, 1.49346971512],
        "var": [0.00132115278393, 0.0122354347259, 0.0247028581798, 0.000608613889199, 0.00370016065426, 0.000300324812997],
        "cov": [[0.00165144097991, 0.00201730662957, -0.0060648592189, 6.44965839456e-05, 0.00274623255245, 0.000778896384872], [0.00201730662957, 0.015294293873, -0.0178232882172, -0.00202710693702, 0.00318774604239, 0.0009321354446], [-0.0060648592189, -0.0178232882172, 0.0308785717934, 0.00123167259153, -0.00988264288753, -0.00282582687214], [6.44965839456e-05, -0.00202710693702, 0.00123167259153, 0.00076076737605, -1.89684215002e-07, -9.40801692195e-06], [0.00274623255245, 0.00318774604239, -0.00988264288753, -1.89684215002e-07, 0.00462520075962, 0.00131611060351], [0.000778896384872, 0.0009321354446, -0.00282582687214, -9.40801692195e-06, 0.00131611060351, 0.000375406030798]]
    },
    "beats_position": [0.429569154978, 0.859138309956, 1.26548755169, 1.67183673382, 2.0549659729],
    "bpm_estimates": [147.656234741, 147.656265259],
    "bpm_intervals": [0.429569154978, 0.406349241734, 0.406349182129, 0.383129239082],
    "onset_times": [0.127709746361, 0.476009070873, 0.777868509293, 0.870748281479, 1.55573701859, 2.00852608681],
    "histogram": [[0, 0, 0, 0, 0, 0, 0, 0, 0, 0, 0, 0, 0, 0, 0, 0, 0, 0, 0, 0, 0, 0, 0, 0, 0, 0, 0, 0, 0, 0, 0, 0, 0, 0, 0, 0, 0, 0, 0, 0, 0, 0, 0, 0, 0, 0, 0, 0, 0, 0, 0, 0, 0, 0, 0, 0, 0, 0, 0, 0, 0, 0, 0, 0, 0, 0, 0, 0, 0, 0, 0, 0, 0, 0, 0, 0, 0, 0, 0, 0, 0, 0, 0, 0, 0, 0, 0, 0, 0, 0, 0, 0, 0, 0, 0, 0, 0, 0, 0, 0, 0, 0, 0, 0, 0, 0, 0, 0, 0, 0, 0, 0, 0, 0, 0, 0, 0, 0, 0, 0, 0, 0, 0, 0, 0, 0, 0, 0, 0, 0, 0, 0, 0, 0, 0, 0, 0, 0, 0, 0, 0.25, 0, 0, 0, 0, 0, 0, 0, 0.5, 0, 0, 0, 0, 0, 0, 0, 0, 0.25, 0, 0, 0, 0, 0, 0, 0, 0, 0, 0, 0, 0, 0, 0, 0, 0, 0, 0, 0, 0, 0, 0, 0, 0, 0, 0, 0, 0, 0, 0, 0, 0, 0, 0, 0, 0, 0, 0, 0, 0, 0, 0, 0, 0, 0, 0, 0, 0, 0, 0, 0, 0, 0, 0, 0, 0, 0, 0, 0, 0, 0, 0, 0, 0, 0, 0, 0, 0, 0, 0, 0, 0, 0, 0, 0, 0, 0, 0, 0, 0, 0, 0, 0, 0, 0, 0, 0, 0, 0, 0, 0, 0]]
},
"sfx": {
    "inharmonicity": {
        "kurt": 1.3121752739,
        "max": 0.316562622786,
        "mean": 0.0636288076639,
        "median": 0.0377842672169,
        "min": 0,
        "skew": 1.43320190907,
        "var": 0.00582262314856
    },
    "oddtoevenharmonicenergyratio": {
        "kurt": 103.726837158,
        "max": 593.439331055,
        "mean": 6.76186609268,
        "median": 0.528921484947,
        "min": 0,
        "skew": 10.2754430771,
        "var": 3191.16333008
    },
    "pitch_after_max_to_before_max_energy_ratio": 1.96615588665,
    "pitch_centroid": 46.0852394104,
    "pitch_max_to_total": 0.0275229364634,
    "pitch_min_to_total": 0.963302731514,
    "tristimulus": {
        "kurt": [-1.38901495934, -1.23276150227, 1.25598478317],
        "max": [1, 0.888162493706, 0.823660135269],
        "mean": [0.401530355215, 0.411444455385, 0.18702507019],
        "median": [0.30686378479, 0.374592274427, 0.111837632954],
        "min": [0, 0, 0],
        "skew": [0.347825944424, 0.151327654719, 1.42365586758],
        "var": [0.0978220179677, 0.0640703141689, 0.0303413439542],
        "cov": [[0.0987277701497, -0.066384524107, -0.032343249768], [-0.066384524107, 0.0646635591984, 0.00172097166069], [-0.032343249768, 0.00172097166069, 0.0306222811341]]
    }
},
"tonal": {
    "chords_changes_rate": 0.254545450211,
    "chords_number_rate": 0.0909090936184,
    "chords_strength": {
        "kurt": -0.60654425621,
        "max": 0.505959570408,
        "mean": 0.377927392721,
        "median": 0.396186023951,
        "min": 0.253609836102,
        "skew": -0.162137538195,
        "var": 0.00325827323832
    },
    "key_strength": 0.634875357151,
    "tuning_diatonic_strength": 0.502744913101,
    "tuning_equal_tempered_deviation": 0.252935230732,
    "tuning_frequency": 450.544708252,
    "tuning_nontempered_energy_ratio": 0.869342327118,
    "hpcp": {
        "kurt": [2.86435651779, 1.87676286697, 0.875077724457, 2.6681189537, 1.1167140007, 0.195816278458, 0.251618623734, 2.17371034622, 1.5967874527, 2.49508810043, 2.77108621597, 0.949894666672, 1.14615535736, 3.32977056503, 2.6532869339, 8.67146778107, 10.4410486221, 11.1968927383, 6.27481555939, 2.60184144974, 2.52730798721, 3.98966884613, 9.28751182556, 5.822473526, 6.07482624054, 4.04102039337, 1.74571228027, 3.1531457901, 4.81975889206, 4.13762712479, 22.5991134644, 6.34323692322, 4.41286849976, 1.84939670563, 2.33473396301, 4.16445541382],
        "max": [0.738520622253, 1, 1, 1, 1, 1, 1, 1, 1, 1, 1, 0.843779087067, 1, 1, 0.689698338509, 1, 1, 0.955061554909, 1, 1, 1, 1, 1, 0.717787146568, 0.84111571312, 1, 0.997751772404, 1, 1, 0.698673307896, 1, 0.704262733459, 1, 1, 1, 0.887489080429],
        "mean": [0.123556911945, 0.201492100954, 0.232865989208, 0.211625903845, 0.250034809113, 0.296628057957, 0.277152061462, 0.210368767381, 0.191876649857, 0.192069619894, 0.183062553406, 0.19184461236, 0.230409085751, 0.191065937281, 0.120844222605, 0.120768271387, 0.113601617515, 0.0925888642669, 0.127575039864, 0.181283816695, 0.183473259211, 0.158843532205, 0.131926745176, 0.100739948452, 0.109619319439, 0.170575797558, 0.205908760428, 0.190263316035, 0.143403455615, 0.0952089428902, 0.0736023485661, 0.0865943133831, 0.142264977098, 0.191182896495, 0.175763964653, 0.133797168732],
        "median": [0.0404187515378, 0.0628333836794, 0.105568364263, 0.132806703448, 0.166504383087, 0.218780457973, 0.138927817345, 0.140284761786, 0.0833667814732, 0.0779379010201, 0.0576586276293, 0.073024854064, 0.091501429677, 0.134395286441, 0.0670031458139, 0.0506701245904, 0.0293498672545, 0.0143097117543, 0.0325326770544, 0.0544927343726, 0.0640355199575, 0.0725401341915, 0.0707431286573, 0.0334387496114, 0.0372530780733, 0.0565145649016, 0.0954951196909, 0.0921056047082, 0.0485621318221, 0.0158587675542, 0.0184963457286, 0.0294705927372, 0.02768711932, 0.0232588276267, 0.0283086244017, 0.0524394288659],
