{
"metadata": {
    "version": {
        "essentia": "2.1-beta3"
    }
},
"lowLevel": {
    "average_loudness": 0.819686353207,
    "barkbands_kurtosis": {
        "kurt": 16.4063892365,
        "max": 79.4486694336,
        "mean": 7.60323667526,
        "median": 5.11133480072,
        "min": -1.61085319519,
        "skew": 3.32765436172,
        "var": 88.2292938232
    },
    "barkbands_skewness": {
        "kurt": 1.98161649704,
        "max": 7.19246387482,
        "mean": 2.04561400414,
        "median": 1.96725642681,
        "min": -1.00848519802,
        "skew": 0.786794304848,
        "var": 1.1434264183
    },
    "barkbands_spread": {
        "kurt": 4.99718236923,
        "max": 43.4101257324,
        "mean": 6.86852025986,
        "median": 3.88542580605,
        "min": 0.305787295103,
        "skew": 2.13043665886,
        "var": 51.1268310547
    },
    "dissonance": {
        "kurt": 1.62424564362,
        "max": 0.5,
        "mean": 0.447237074375,
        "median": 0.460223048925,
        "min": 0.238007813692,
        "skew": -1.32014715672,
        "var": 0.00254065729678
    },
    "hfc": {
        "kurt": 20.6474628448,
        "max": 27.8366985321,
        "mean": 1.33258724213,
        "median": 0.0580388978124,
        "min": 8.38871892483e-06,
        "skew": 4.11999225616,
        "var": 11.1928768158
    },
    "pitch": {
        "kurt": 55.9003295898,
        "max": 4032.34179688,
        "mean": 546.835327148,
        "median": 613.930236816,
        "min": 89.3589706421,
        "skew": 6.20176076889,
        "var": 111444.210938
    },
    "pitch_instantaneous_confidence": {
        "kurt": -0.659467697144,
        "max": 0.955190658569,
        "mean": 0.618421971798,
        "median": 0.643972396851,
        "min": 0.16008669138,
        "skew": -0.43663418293,
        "var": 0.0349499359727
    },
    "pitch_salience": {
        "kurt": -0.0286259651184,
        "max": 0.835878193378,
        "mean": 0.593863546848,
        "median": 0.607015669346,
        "min": 0.208114922047,
        "skew": -0.569089174271,
        "var": 0.0144163742661
    },
    "silence_rate_20dB": {
        "kurt": 0,
        "max": 1,
        "mean": 1,
        "median": 1,
        "min": 1,
        "skew": 0,
        "var": 0
    },
    "silence_rate_30dB": {
        "kurt": 0,
        "max": 1,
        "mean": 1,
        "median": 1,
        "min": 1,
        "skew": 0,
        "var": 0
    },
    "silence_rate_60dB": {
        "kurt": 1.41650009155,
        "max": 1,
        "mean": 0.839357435703,
        "median": 1,
        "min": 0,
        "skew": -1.84837377071,
        "var": 0.134835347533
    },
    "spectral_centroid": {
        "kurt": 20.395816803,
        "max": 3322.18188477,
        "mean": 833.098571777,
        "median": 761.102539062,
        "min": 423.583435059,
        "skew": 3.89377856255,
        "var": 76114.0703125
    },
    "spectral_complexity": {
        "kurt": 7.43798542023,
        "max": 25,
        "mean": 2.03480577469,
        "median": 0,
        "min": 0,
        "skew": 2.44964313507,
        "var": 12.2853355408
    },
    "spectral_crest": {
        "kurt": -0.573953866959,
        "max": 25.6734390259,
        "mean": 13.2475996017,
        "median": 12.88534832,
        "min": 3.00585579872,
        "skew": 0.273787438869,
        "var": 22.3492221832
    },
    "spectral_decrease": {
        "kurt": 21.4701251984,
        "max": -2.24924093429e-15,
        "mean": -4.46204601046e-10,
        "median": -1.74380579421e-11,
        "min": -9.76912417627e-09,
        "skew": -4.16723012924,
        "var": 1.26436148951e-18
    },
    "spectral_energy": {
        "kurt": 21.3822994232,
        "max": 0.0393957532942,
        "mean": 0.0018049494829,
        "median": 7.08851439413e-05,
        "min": 9.25004073338e-09,
        "skew": 4.16141891479,
        "var": 2.06673430512e-05
    },
    "spectral_energyband_high": {
        "kurt": 56.5672111511,
        "max": 1.45490985233e-05,
        "mean": 4.77080106975e-07,
        "median": 1.01774553229e-07,
        "min": 1.45080308878e-10,
        "skew": 6.19433307648,
        "var": 1.29480736029e-12
    },
    "spectral_energyband_low": {
        "kurt": 29.4258995056,
        "max": 9.78641764959e-07,
        "mean": 4.75117296617e-08,
        "median": 1.55573491867e-08,
        "min": 6.78970629719e-11,
        "skew": 4.82560682297,
        "var": 9.77679224336e-15
    },
    "spectral_energyband_middle_high": {
        "kurt": 28.3535423279,
        "max": 0.0087303025648,
        "mean": 0.00033572819666,
        "median": 1.49382130985e-05,
        "min": 1.72954084388e-09,
        "skew": 4.82823848724,
        "var": 8.61739806624e-07
    },
    "spectral_energyband_middle_low": {
        "kurt": 22.9674282074,
        "max": 0.0325810648501,
        "mean": 0.00147656979971,
        "median": 5.27755437361e-05,
        "min": 4.14787182379e-09,
        "skew": 4.30276918411,
        "var": 1.44841260408e-05
    },
    "spectral_flatness_db": {
        "kurt": -1.03712570667,
        "max": 0.501000761986,
        "mean": 0.29258570075,
        "median": 0.30694141984,
        "min": 0.0837742611766,
        "skew": -0.225804626942,
        "var": 0.00892590358853
    },
    "spectral_flux": {
        "kurt": 4.89784574509,
        "max": 0.147934421897,
        "mean": 0.0157015193254,
        "median": 0.00545688625425,
        "min": 0.000302255997667,
        "skew": 2.13382482529,
        "var": 0.000487452809466
    },
    "spectral_kurtosis": {
        "kurt": 0.143205404282,
        "max": 92.725112915,
        "mean": 24.9513683319,
        "median": 20.9029598236,
        "min": -0.321702718735,
        "skew": 0.884551227093,
        "var": 366.600646973
    },
    "spectral_rms": {
        "kurt": 4.38335037231,
        "max": 0.00619958713651,
        "mean": 0.00076788419392,
        "median": 0.000262975721853,
        "min": 3.00406895803e-06,
        "skew": 2.0936126709,
        "var": 1.17127990507e-06
    },
    "spectral_rolloff": {
        "kurt": 7.28290176392,
        "max": 5081.8359375,
        "mean": 1148.20703125,
        "median": 990.52734375,
        "min": 516.796875,
        "skew": 2.54522895813,
        "var": 417261.84375
    },
    "spectral_skewness": {
        "kurt": -0.786561012268,
        "max": 7.67297315598,
        "mean": 3.69793272018,
        "median": 3.71628189087,
        "min": 0.754464328289,
        "skew": 0.168066382408,
        "var": 2.10165047646
    },
    "spectral_spread": {
        "kurt": 6.43670845032,
        "max": 20773066,
        "mean": 3165056.5,
        "median": 2370887.5,
        "min": 838556.0625,
        "skew": 1.82637012005,
        "var": 4.71408155034e+12
    },
    "spectral_strongpeak": {
        "kurt": 9.96997356415,
        "max": 3.8375620842,
        "mean": 0.307437419891,
        "median": 0.0910292640328,
        "min": 0.000183522934094,
        "skew": 2.85308599472,
        "var": 0.257213622332
    },
    "zerocrossingrate": {
        "kurt": 7.22966194153,
        "max": 0.1328125,
        "mean": 0.0439387746155,
        "median": 0.03759765625,
        "min": 0.00732421875,
        "skew": 2.45772361755,
        "var": 0.000294244848192
    },
    "barkbands": {
        "kurt": [57.6682891846, 27.4089546204, 19.0000839233, 21.5552711487, 93.513168335, 27.5435676575, 119.207626343, 67.1592483521, 34.5721435547, 83.7315444946, 88.1073684692, 37.5583305359, 40.8524208069, 274.847625732, 178.068267822, 177.743896484, 106.629348755, 185.530990601, 63.404586792, 57.0569038391, 51.2259521484, 50.6207542419, 75.4431762695, 68.1396102905, 60.1812438965, 192.378982544, 33.4595298767],
        "max": [6.69027322431e-09, 5.83847175051e-08, 3.24653285588e-07, 1.07650350856e-06, 2.92973818432e-05, 4.93202314829e-05, 0.00111279683188, 0.0207296460867, 0.0289381854236, 0.00407711043954, 0.00437335344031, 0.00314205558971, 0.00165003899019, 0.00224855286069, 0.0014876058558, 0.000231856858591, 0.000209794539842, 0.000646997068543, 3.64232291759e-05, 1.34770807563e-05, 4.54282326245e-06, 2.80332119473e-06, 1.64747575582e-06, 6.37630819256e-07, 1.29424947204e-07, 1.53265808933e-08, 1.53166668238e-09],
        "mean": [1.62914196022e-10, 2.97946667338e-09, 2.05263059883e-08, 5.39378994802e-08, 7.3846132409e-07, 2.15220575228e-06, 1.85865974345e-05, 0.000499564979691, 0.000939508201554, 6.9670517405e-05, 8.46644616104e-05, 9.28904191824e-05, 4.5254950237e-05, 1.95549109776e-05, 1.71188748936e-05, 2.45818000622e-06, 3.73067632609e-06, 7.33104661776e-06, 9.16109172522e-07, 4.29182279049e-07, 1.51668217541e-07, 9.28059336047e-08, 3.92215717682e-08, 1.48193946004e-08, 4.02033872859e-09, 2.64422400642e-10, 4.75482535289e-11],
        "median": [1.19767728721e-11, 9.29255505877e-10, 5.76078740266e-09, 1.52199071124e-08, 1.99719465854e-07, 3.58057690164e-07, 1.26309669213e-06, 1.33834155349e-05, 2.77495219052e-05, 1.96700216293e-06, 2.47842126555e-06, 2.80282256426e-06, 1.49558934481e-06, 5.26080043528e-07, 3.13471645086e-07, 1.4493932099e-07, 2.99538356785e-07, 3.42216026183e-07, 1.12109503903e-07, 7.08890155465e-08, 3.19242374758e-08, 1.38613822642e-08, 3.9947800623e-09, 1.5666707931e-09, 9.25301835153e-10, 5.44343285724e-11, 2.70876203412e-12],
        "min": [4.14727524241e-14, 6.72870526658e-12, 1.76129423546e-11, 1.25526464223e-11, 3.20855911284e-11, 5.90719279048e-11, 2.63213284502e-10, 3.40822259304e-10, 6.84059531242e-10, 1.79846998405e-10, 1.9143485408e-10, 2.17772216926e-10, 5.45525513651e-10, 1.03635725002e-10, 1.36974959153e-10, 3.43781669798e-11, 2.49074816328e-10, 8.24673870858e-11, 5.98075478031e-11, 4.15023883316e-11, 4.76216392709e-11, 2.37077614484e-11, 1.03940129073e-11, 9.69745551221e-12, 1.04723287334e-11, 5.75508434311e-12, 1.12089081506e-12],
        "skew": [6.79995059967, 4.51607561111, 4.11750555038, 4.20352458954, 8.71630954742, 4.40340852737, 9.18150997162, 6.985496521, 5.17944335938, 8.1606092453, 8.2299489975, 5.45869588852, 5.59368562698, 15.1234483719, 11.3412675858, 12.4201431274, 8.78854370117, 11.9449949265, 7.20140075684, 6.61436605453, 6.11516952515, 6.26771306992, 6.94790792465, 7.03549623489, 6.26982355118, 12.2780323029, 5.30818033218],
        "var": [2.9314551956e-19, 3.32780186735e-17, 1.87639439509e-15, 1.35592839379e-14, 4.4567604815e-12, 2.07242573796e-11, 4.280746424e-09, 2.5145861855e-06, 7.28963186702e-06, 7.95417065547e-08, 9.78937748641e-08, 7.87046587902e-08, 1.90477198458e-08, 1.18400151905e-08, 6.14532114085e-09, 1.80438761155e-10, 1.67333286116e-10, 1.17933418586e-09, 9.49538017658e-12, 1.33718416114e-12, 1.40926129815e-13, 6.7159832925e-14, 1.17641610835e-14, 2.08344905794e-15, 8.29122567934e-17, 6.99781511631e-19, 2.27848466847e-20],
        "cov": [[2.935384562e-19, 9.61474315579e-19, 1.25844290883e-18, 5.74746430862e-18, 2.68130248143e-17, 4.13020411922e-16, 8.04359427372e-15, 2.93882946407e-13, 7.47786381428e-13, 4.52900080449e-14, 5.56758008837e-14, 6.05281002728e-14, 3.20891249228e-14, 1.89560620347e-14, 1.08261152931e-14, 1.65247160048e-15, 1.96534132488e-15, 4.74609458654e-15, 7.3974240726e-16, 2.11371063347e-16, 4.79728226985e-17, 4.29098619273e-17, 1.81328693989e-17, 9.59763519957e-18, 1.14439372752e-18, 3.65218076524e-20, 2.05248680822e-20], [9.61474315579e-19, 3.33226268696e-17, 5.08416604251e-17, 1.24356612756e-16, 6.69780185734e-16, 2.85702815505e-15, 4.18543306025e-14, 3.01736500369e-12, 5.34825395776e-12, 5.39609047549e-13, 5.15827777627e-13, 3.70309224907e-13, 2.7197786124e-13, 2.26685559429e-13, 9.74323093451e-14, 1.90925613942e-14, 1.77514100831e-14, 5.10573300219e-14, 6.93165431331e-15, 2.10552548941e-15, 5.18640444126e-16, 5.61978196658e-16, 1.75700242772e-16, 9.93887085961e-17, 1.32528884238e-17, 2.17122554785e-19, 1.9924322679e-19], [1.25844290883e-18, 5.08416604251e-17, 1.87890965942e-15, 2.60104886915e-15, 1.03834745096e-14, 4.74152882484e-14, 6.03104046738e-13, 1.16007689566e-11, 1.29035610322e-11, 4.33956906867e-12, 1.66688115134e-12, 1.01151574096e-12, 1.02948216358e-12, 6.61101653022e-13, 1.23104827656e-13, 2.38916908311e-14, 2.57338790712e-14, 4.33248204565e-14, 7.78105217655e-15, 4.735720127e-15, 7.39239322628e-16, 7.89754567658e-16, 3.65236874617e-16, 1.4702009099e-16, 3.07455820671e-17, -7.4079788269e-20, 6.4689261724e-19], [5.74746430862e-18, 1.24356612756e-16, 2.60104886915e-15, 1.35774595709e-14, 5.01035810876e-14, 1.76326835077e-13, 1.48534017117e-12, 4.11056397254e-11, 3.84535875364e-11, 1.01732060276e-11, 5.16895207192e-12, 3.89105718132e-12, 2.99303442274e-12, 1.65071862429e-12, 6.6200425133e-13, 2.02194516555e-13, 2.10823410595e-13, 3.14197588303e-13, 3.86106348716e-14, 2.05878167975e-14, 5.98606272989e-15, 5.51681537096e-15, 2.07271863281e-15, 9.73556587926e-16, 1.49805505898e-16, 6.67760119688e-18, 2.07574005724e-18], [2.68130248143e-17, 6.69780185734e-16, 1.03834745096e-14, 5.01035810876e-14, 4.46273443547e-12, 2.05720726912e-12, 1.02481374081e-11, 2.09408740348e-10, 2.48359666166e-10, 5.16379265736e-11, 3.97813587627e-11, 2.97055331722e-11, 1.46817991792e-11, 7.14717998326e-12, 8.03493729884e-12, 5.43305201176e-13, 5.11960645318e-13, 2.60629473732e-12, 2.82948496447e-13, 1.42780305266e-13, 2.36600374844e-14, 2.64796610881e-14, 1.2383547997e-14, 4.60387648415e-15, 5.05576760859e-16, 6.11686786734e-18, 1.48421331639e-17], [4.13020411922e-16, 2.85702815505e-15, 4.74152882484e-14, 1.76326835077e-13, 2.05720726912e-12, 2.07520389761e-11, 1.14400926232e-10, 2.32195618288e-09, 3.84015841348e-09, 5.29633725765e-10, 3.74291597716e-10, 3.16624532148e-10, 2.68884831067e-10, 7.8869154263e-11, 6.89226453687e-11, 1.35769520626e-11, 1.75347809189e-11, 2.87638107777e-11, 3.23086219237e-12, 1.32087873625e-12, 5.4071254852e-13, 3.35993602732e-13, 1.51015376419e-13, 6.01638286716e-14, 9.07127393763e-15, 3.79892159261e-16, 1.24829521838e-16], [8.04359427372e-15, 4.18543306025e-14, 6.03104046738e-13, 1.48534017117e-12, 1.02481374081e-11, 1.14400926232e-10, 4.28648494477e-09, 3.67129615597e-08, 6.28606215969e-08, 5.64654545343e-09, 7.02792357643e-09, 7.62197593929e-09, 2.48566944805e-09, 2.01430605529e-09, 8.19807666197e-10, 8.73856889627e-11, 1.59240828856e-10, 4.79337791681e-10, 6.55562756857e-11, 1.67836682052e-11, 3.25055412274e-12, 3.42042323284e-12, 1.8047209777e-12, 7.39221780576e-13, 1.146903617e-13, 3.87119425532e-15, 2.28010702665e-15], [2.93882946407e-13, 3.01736500369e-12, 1.16007689566e-11, 4.11056397254e-11, 2.09408740348e-10, 2.32195618288e-09, 3.67129615597e-08, 2.51795700024e-06, 2.08620554076e-06, 2.34927753695e-07, 2.55268162164e-07, 2.84319526145e-07, 1.15057709138e-07, 6.37349444332e-08, 8.0195611929e-08, 1.23649304129e-08, 1.47637422288e-08, 3.85772942479e-08, 3.74571040851e-09, 7.98090593612e-10, 2.2984161796e-10, 2.33734559485e-10, 1.03013417241e-10, 4.0971556009e-11, 6.1079617926e-12, 1.67393293779e-13, 9.93932990382e-14], [7.47786381428e-13, 5.34825395776e-12, 1.29035610322e-11, 3.84535875364e-11, 2.48359666166e-10, 3.84015841348e-09, 6.28606215969e-08, 2.08620554076e-06, 7.2994034781e-06, 3.46579611232e-07, 4.92456990742e-07, 3.48190269506e-07, 2.2308715586e-07, 1.19923313946e-07, 6.44351416668e-08, 1.29624133649e-08, 1.41592630953e-08, 2.89399988418e-08, 4.84219997432e-09, 1.36055666733e-09, 3.26614818524e-10, 3.2733232791e-10, 1.33348179721e-10, 6.36306424218e-11, 8.36319295067e-12, 2.42853236436e-13, 2.03232125139e-13], [4.52900080449e-14, 5.39609047549e-13, 4.33956906867e-12, 1.01732060276e-11, 5.16379265736e-11, 5.29633725765e-10, 5.64654545343e-09, 2.34927753695e-07, 3.46579611232e-07, 7.96483305976e-08, 4.64299532155e-08, 3.19672111004e-08, 2.6418543797e-08, 2.06253982782e-08, 7.92311105613e-09, 1.32627564486e-09, 1.36951538998e-09, 4.13629219764e-09, 4.55379817188e-10, 1.79196268935e-10, 3.56249613143e-11, 4.17125813057e-11, 1.50820727435e-11, 6.89148130922e-12, 9.05133498534e-13, 2.47496996313e-14, 1.32047803207e-14], [5.56758008837e-14, 5.15827777627e-13, 1.66688115134e-12, 5.16895207192e-12, 3.97813587627e-11, 3.74291597716e-10, 7.02792357643e-09, 2.55268162164e-07, 4.92456990742e-07, 4.64299532155e-08, 9.80249978966e-08, 3.62191556746e-08, 1.8435109439e-08, 1.33969377814e-08, 7.96081867094e-09, 9.92657067656e-10, 1.24253174416e-09, 3.59556051599e-09, 6.44116426862e-10, 2.23703444657e-10, 2.86880536687e-11, 3.49620402074e-11, 1.3203966566e-11, 6.34793693305e-12, 1.0242401545e-12, 3.14623849163e-14, 2.07165115954e-14], [6.05281002728e-14, 3.70309224907e-13, 1.01151574096e-12, 3.89105718132e-12, 2.97055331722e-11, 3.16624532148e-10, 7.62197593929e-09, 2.84319526145e-07, 3.48190269506e-07, 3.19672111004e-08, 3.62191556746e-08, 7.88101672811e-08, 2.15669508918e-08, 8.35937896682e-09, 1.45257459394e-08, 1.82294113138e-09, 2.06655803581e-09, 6.21551476954e-09, 5.54672530129e-10, 1.25634475046e-10, 4.01024595476e-11, 3.94033937423e-11, 1.79503772957e-11, 6.80549496965e-12, 9.31479936586e-13, 2.94107728623e-14, 1.67674085201e-14], [3.20891249228e-14, 2.7197786124e-13, 1.02948216358e-12, 2.99303442274e-12, 1.46817991792e-11, 2.68884831067e-10, 2.48566944805e-09, 1.15057709138e-07, 2.2308715586e-07, 2.6418543797e-08, 1.8435109439e-08, 2.15669508918e-08, 1.90732531991e-08, 7.70525598881e-09, 4.79673589737e-09, 1.0811158635e-09, 9.85637349515e-10, 2.20473106438e-09, 2.22806259553e-10, 8.59267934583e-11, 2.10355049352e-11, 2.56152061368e-11, 9.60899155383e-12, 4.43873280145e-12, 4.84060653973e-13, 1.04635843447e-14, 6.04161411519e-15], [1.89560620347e-14, 2.26685559429e-13, 6.61101653022e-13, 1.65071862429e-12, 7.14717998326e-12, 7.8869154263e-11, 2.01430605529e-09, 6.37349444332e-08, 1.19923313946e-07, 2.06253982782e-08, 1.33969377814e-08, 8.35937896682e-09, 7.70525598881e-09, 1.18558860507e-08, 2.5776079049e-09, 3.31696003997e-10, 4.139798504e-10, 1.77746217744e-09, 1.76405431929e-10, 6.5934348259e-11, 1.24490261849e-11, 1.65245456207e-11, 4.38460249011e-12, 2.87876623581e-12, 3.38353450076e-13, 8.41600924964e-15, 3.31150855333e-15], [1.08261152931e-14, 9.74323093451e-14, 1.23104827656e-13, 6.6200425133e-13, 8.03493729884e-12, 6.89226453687e-11, 8.19807666197e-10, 8.0195611929e-08, 6.44351416668e-08, 7.92311105613e-09, 7.96081867094e-09, 1.45257459394e-08, 4.79673589737e-09, 2.5776079049e-09, 6.15355899569e-09, 4.94379426286e-10, 5.93570192997e-10, 2.29924368433e-09, 1.56550009067e-10, 3.13684772602e-11, 9.20033146889e-12, 9.73791880465e-12, 4.27834156991e-12, 1.87287446836e-12, 2.63839189212e-13, 5.95437268624e-15, 3.08343688547e-15], [1.65247160048e-15, 1.90925613942e-14, 2.38916908311e-14, 2.02194516555e-13, 5.43305201176e-13, 1.35769520626e-11, 8.73856889627e-11, 1.23649304129e-08, 1.29624133649e-08, 1.32627564486e-09, 9.92657067656e-10, 1.82294113138e-09, 1.0811158635e-09, 3.31696003997e-10, 4.94379426286e-10, 1.80680637119e-10, 1.37095806929e-10, 2.13335973887e-10, 2.0161136649e-11, 3.75480462694e-12, 1.75616075501e-12, 2.38180373861e-12, 1.05227632163e-12, 3.18951869039e-13, 4.42212693059e-14, 8.58381388802e-16, 4.97920535928e-16], [1.96534132488e-15, 1.77514100831e-14, 2.57338790712e-14, 2.10823410595e-13, 5.11960645318e-13, 1.75347809189e-11, 1.59240828856e-10, 1.47637422288e-08, 1.41592630953e-08, 1.36951538998e-09, 1.24253174416e-09, 2.06655803581e-09, 9.85637349515e-10, 4.139798504e-10, 5.93570192997e-10, 1.37095806929e-10, 1.67557592801e-10, 2.95251184612e-10, 2.54971564695e-11, 6.55292747148e-12, 2.60563727712e-12, 2.10788483022e-12, 1.04021001882e-12, 3.63789402248e-13, 5.59593739619e-14, 1.32550142449e-15, 4.70642581016e-16], [4.74609458654e-15, 5.10573300219e-14, 4.33248204565e-14, 3.14197588303e-13, 2.60629473732e-12, 2.87638107777e-11, 4.79337791681e-10, 3.85772942479e-08, 2.89399988418e-08, 4.13629219764e-09, 3.59556051599e-09, 6.21551476954e-09, 2.20473106438e-09, 1.77746217744e-09, 2.29924368433e-09, 2.13335973887e-10, 2.95251184612e-10, 1.18091514345e-09, 8.20645981725e-11, 1.97063927676e-11, 4.51925476208e-12, 4.87752156372e-12, 1.97120856964e-12, 1.02653031474e-12, 1.29765732122e-13, 2.44698035231e-15, 1.25489815784e-15], [7.3974240726e-16, 6.93165431331e-15, 7.78105217655e-15, 3.86106348716e-14, 2.82948496447e-13, 3.23086219237e-12, 6.55562756857e-11, 3.74571040851e-09, 4.84219997432e-09, 4.55379817188e-10, 6.44116426862e-10, 5.54672530129e-10, 2.22806259553e-10, 1.76405431929e-10, 1.56550009067e-10, 2.0161136649e-11, 2.54971564695e-11, 8.20645981725e-11, 9.50810871009e-12, 2.21818462036e-12, 4.66077317799e-13, 4.79503698032e-13, 1.90220831708e-13, 9.44479344451e-14, 1.34804039947e-14, 3.09258981762e-16, 1.58625421749e-16], [2.11371063347e-16, 2.10552548941e-15, 4.735720127e-15, 2.05878167975e-14, 1.42780305266e-13, 1.32087873625e-12, 1.67836682052e-11, 7.98090593612e-10, 1.36055666733e-09, 1.79196268935e-10, 2.23703444657e-10, 1.25634475046e-10, 8.59267934583e-11, 6.5934348259e-11, 3.13684772602e-11, 3.75480462694e-12, 6.55292747148e-12, 1.97063927676e-11, 2.21818462036e-12, 1.33897656417e-12, 2.0369182686e-13, 1.80729265104e-13, 7.38027328595e-14, 4.09149541233e-14, 5.55126928312e-15, 1.69258927785e-16, 4.11085305597e-17], [4.79728226985e-17, 5.18640444126e-16, 7.39239322628e-16, 5.98606272989e-15, 2.36600374844e-14, 5.4071254852e-13, 3.25055412274e-12, 2.2984161796e-10, 3.26614818524e-10, 3.56249613143e-11, 2.86880536687e-11, 4.01024595476e-11, 2.10355049352e-11, 1.24490261849e-11, 9.20033146889e-12, 1.75616075501e-12, 2.60563727712e-12, 4.51925476208e-12, 4.66077317799e-13, 2.0369182686e-13, 1.41115038491e-13, 5.4832921786e-14, 2.15191989797e-14, 8.39629032262e-15, 1.48017429934e-15, 6.30497974014e-17, 1.39668619249e-17], [4.29098619273e-17, 5.61978196658e-16, 7.89754567658e-16, 5.51681537096e-15, 2.64796610881e-14, 3.35993602732e-13, 3.42042323284e-12, 2.33734559485e-10, 3.2733232791e-10, 4.17125813057e-11, 3.49620402074e-11, 3.94033937423e-11, 2.56152061368e-11, 1.65245456207e-11, 9.73791880465e-12, 2.38180373861e-12, 2.10788483022e-12, 4.87752156372e-12, 4.79503698032e-13, 1.80729265104e-13, 5.4832921786e-14, 6.72498555866e-14, 2.41311182462e-14, 9.54137807039e-15, 1.41247974383e-15, 4.51485997854e-17, 1.26441827546e-17], [1.81328693989e-17, 1.75700242772e-16, 3.65236874617e-16, 2.07271863281e-15, 1.2383547997e-14, 1.51015376419e-13, 1.8047209777e-12, 1.03013417241e-10, 1.33348179721e-10, 1.50820727435e-11, 1.3203966566e-11, 1.79503772957e-11, 9.60899155383e-12, 4.38460249011e-12, 4.27834156991e-12, 1.05227632163e-12, 1.04021001882e-12, 1.97120856964e-12, 1.90220831708e-13, 7.38027328595e-14, 2.15191989797e-14, 2.41311182462e-14, 1.17799302959e-14, 3.67684212206e-15, 6.05951859175e-16, 1.75659959076e-17, 4.94598502488e-18], [9.59763519957e-18, 9.93887085961e-17, 1.4702009099e-16, 9.73556587926e-16, 4.60387648415e-15, 6.01638286716e-14, 7.39221780576e-13, 4.0971556009e-11, 6.36306424218e-11, 6.89148130922e-12, 6.34793693305e-12, 6.80549496965e-12, 4.43873280145e-12, 2.87876623581e-12, 1.87287446836e-12, 3.18951869039e-13, 3.63789402248e-13, 1.02653031474e-12, 9.44479344451e-14, 4.09149541233e-14, 8.39629032262e-15, 9.54137807039e-15, 3.67684212206e-15, 2.08624193733e-15, 2.95683452368e-16, 1.15669868019e-17, 1.8304046982e-18], [1.14439372752e-18, 1.32528884238e-17, 3.07455820671e-17, 1.49805505898e-16, 5.05576760859e-16, 9.07127393763e-15, 1.146903617e-13, 6.1079617926e-12, 8.36319295067e-12, 9.05133498534e-13, 1.0242401545e-12, 9.31479936586e-13, 4.84060653973e-13, 3.38353450076e-13, 2.63839189212e-13, 4.42212693059e-14, 5.59593739619e-14, 1.29765732122e-13, 1.34804039947e-14, 5.55126928312e-15, 1.48017429934e-15, 1.41247974383e-15, 6.05951859175e-16, 2.95683452368e-16, 8.30233967805e-17, 4.48649157128e-18, 2.75967769971e-19], [3.65218076524e-20, 2.17122554785e-19, -7.4079788269e-20, 6.67760119688e-18, 6.11686786734e-18, 3.79892159261e-16, 3.87119425532e-15, 1.67393293779e-13, 2.42853236436e-13, 2.47496996313e-14, 3.14623849163e-14, 2.94107728623e-14, 1.04635843447e-14, 8.41600924964e-15, 5.95437268624e-15, 8.58381388802e-16, 1.32550142449e-15, 2.44698035231e-15, 3.09258981762e-16, 1.69258927785e-16, 6.30497974014e-17, 4.51485997854e-17, 1.75659959076e-17, 1.15669868019e-17, 4.48649157128e-18, 7.00719586145e-19, 2.33143634458e-20], [2.05248680822e-20, 1.9924322679e-19, 6.4689261724e-19, 2.07574005724e-18, 1.48421331639e-17, 1.24829521838e-16, 2.28010702665e-15, 9.93932990382e-14, 2.03232125139e-13, 1.32047803207e-14, 2.07165115954e-14, 1.67674085201e-14, 6.04161411519e-15, 3.31150855333e-15, 3.08343688547e-15, 4.97920535928e-16, 4.70642581016e-16, 1.25489815784e-15, 1.58625421749e-16, 4.11085305597e-17, 1.39668619249e-17, 1.26441827546e-17, 4.94598502488e-18, 1.8304046982e-18, 2.75967769971e-19, 2.33143634458e-20, 2.28153893595e-20]]
    },
    "mfcc": {
        "kurt": [-0.572541713715, -0.714820623398, -0.917905330658, -1.18725478649, -0.281166553497, 0.0652272701263, 0.010174036026, -0.0478401184082, 0.569068908691, -0.321809053421, -0.355031013489, -0.0368223190308, 0.0971004962921],
        "max": [-756.332641602, 178.702880859, 45.1170692444, 29.1468849182, 18.1229400635, 14.912612915, 19.0813026428, 25.2488803864, 37.6708564758, 26.4145374298, 39.4277153015, 34.3322296143, 15.5111579895],
        "mean": [-983.224121094, 97.9046096802, -42.4544563293, -50.2848167419, -42.1893081665, -36.2512626648, -14.9728918076, -2.27797818184, -4.10640096664, 0.851301193237, 9.47806358337, 4.42081069946, -7.29681634903],
        "median": [-990.643310547, 100.357978821, -39.9233665466, -58.9876785278, -44.9905700684, -36.3359794617, -15.8101348877, -1.91458892822, -4.63436889648, 0.795928955078, 10.7963600159, 4.06315612793, -6.94765853882],
        "min": [-1138.42004395, 1.14440917969e-05, -150.474609375, -104.361915588, -91.6539459229, -75.6757507324, -51.6993255615, -32.899307251, -32.5990066528, -33.02734375, -31.3646831512, -26.6567001343, -29.8528518677],
        "skew": [0.449393689632, -0.218847513199, -0.212694764137, 0.392645925283, 0.256071060896, 0.121430657804, 0.0754076018929, -0.158116489649, 0.284171640873, -0.183296233416, -0.364212244749, 0.0164874289185, -0.180366650224],
        "var": [7008.99462891, 1385.55993652, 1955.41235352, 1077.33654785, 414.762512207, 197.491882324, 129.708587646, 91.8123397827, 107.943054199, 103.030799866, 170.746368408, 86.0617294312, 47.9985733032],
        "cov": [[7018.39013672, 2801.296875, -3412.09960938, -1936.27868652, -1225.5111084, -855.361938477, -217.593566895, 98.8606719971, -164.652267456, 151.252914429, 511.052154541, 117.058052063, -165.988204956], [2801.296875, 1387.4173584, -1250.72753906, -958.498413086, -550.424804688, -389.567077637, -82.5858612061, 28.6980323792, -115.236923218, 49.8222198486, 224.187225342, 51.2877960205, -76.8040237427], [-3412.09960938, -1250.72753906, 1958.03356934, 1125.80407715, 583.20690918, 402.846374512, 75.3111114502, -122.215286255, -11.9417142868, -157.885192871, -331.825897217, -107.307556152, 70.744102478], [-1936.27868652, -958.498413086, 1125.80407715, 1078.78063965, 525.56628418, 235.179412842, -28.2731342316, -131.505157471, -12.6514759064, -167.141738892, -316.022949219, -117.645263672, 31.151966095], [-1225.5111084, -550.424804688, 583.20690918, 525.56628418, 415.318481445, 164.054336548, -47.3796920776, -58.9890441895, 15.1927700043, -80.4405212402, -164.432144165, -65.9607925415, 10.0158691406], [-855.361938477, -389.567077637, 402.846374512, 235.179412842, 164.054336548, 197.756622314, 61.4347457886, -16.4276981354, 23.5081825256, -8.13004016876, -61.1203651428, -29.24492836, 19.0431537628], [-217.593566895, -82.5858612061, 75.3111114502, -28.2731342316, -47.3796920776, 61.4347457886, 129.882461548, 40.8285217285, 3.13538098335, 38.1160774231, 22.6618766785, 2.45579576492, 11.6301279068], [98.8606719971, 28.6980323792, -122.215286255, -131.505157471, -58.9890441895, -16.4276981354, 40.8285217285, 91.9354171753, 51.8008537292, 41.8401184082, 52.7219848633, 22.1438846588, 2.64519143105], [-164.652267456, -115.236923218, -11.9417142868, -12.6514759064, 15.1927700043, 23.5081825256, 3.13538098335, 51.8008537292, 108.087745667, 41.1953659058, 4.50954771042, 26.5065479279, 3.50703620911], [151.252914429, 49.8222198486, -157.885192871, -167.141738892, -80.4405212402, -8.13004016876, 38.1160774231, 41.8401184082, 41.1953659058, 103.168914795, 96.8287353516, 19.0710659027, -0.112699501216], [511.052154541, 224.187225342, -331.825897217, -316.022949219, -164.432144165, -61.1203651428, 22.6618766785, 52.7219848633, 4.50954771042, 96.8287353516, 170.975250244, 56.8492851257, -6.41948127747], [117.058052063, 51.2877960205, -107.307556152, -117.645263672, -65.9607925415, -29.24492836, 2.45579576492, 22.1438846588, 26.5065479279, 19.0710659027, 56.8492851257, 86.1770935059, 20.924030304], [-165.988204956, -76.8040237427, 70.744102478, 31.151966095, 10.0158691406, 19.0431537628, 11.6301279068, 2.64519143105, 3.50703620911, -0.112699501216, -6.41948127747, 20.924030304, 48.0629119873]]
    },
    "sccoeffs": {
        "kurt": [0.323725700378, -0.797047376633, 1.57442045212, -0.229377031326, -0.0596811771393, -0.137609243393],
        "max": [-0.458537012339, -0.336777091026, -0.474578112364, -0.571145176888, -0.634064435959, -0.733278036118],
        "mean": [-0.726559221745, -0.668075799942, -0.795786321163, -0.788940370083, -0.827672123909, -0.847358047962],
        "median": [-0.731135189533, -0.672019779682, -0.805641174316, -0.792695820332, -0.839212059975, -0.850441098213],
        "min": [-0.954680681229, -0.917183160782, -0.928053796291, -0.919468045235, -0.924948811531, -0.93743288517],
        "skew": [0.500370383263, 0.233506888151, 1.0150386095, 0.448762238026, 0.712891280651, 0.57101470232],
        "var": [0.00542899454013, 0.017768714577, 0.00471422774717, 0.00496587203816, 0.00282937847078, 0.000930682639591],
        "cov": [[0.00543627236038, -0.00180599407759, -0.000169300168636, -0.000366545864381, 0.00012627185788, 0.000280607637251], [-0.00180599407759, 0.0177925322205, 0.0054266252555, 0.0067045413889, 0.00492988526821, 0.00167825468816], [-0.000169300168636, 0.0054266252555, 0.0047205472365, 0.0025331126526, 0.00217284937389, 0.0010106988484], [-0.000366545864381, 0.0067045413889, 0.0025331126526, 0.00497252866626, 0.00191240420099, 0.000813706486952], [0.00012627185788, 0.00492988526821, 0.00217284937389, 0.00191240420099, 0.00283317104913, 0.000753121566959], [0.000280607637251, 0.00167825468816, 0.0010106988484, 0.000813706486952, 0.000753121566959, 0.000931930204388]]
    },
    "scvalleys": {
        "kurt": [-0.432128190994, -0.204967260361, -0.945144176483, -0.592402219772, -0.363061666489, -0.0317921638489],
        "max": [-9.65480327606, -5.94565534592, -4.98674535751, -6.052339077, -8.43020248413, -10.4907302856],
        "mean": [-11.5789213181, -8.7500629425, -8.34506320953, -9.6683807373, -10.5993499756, -12.8446178436],
        "median": [-11.568780899, -8.79132270813, -8.39093208313, -9.77354049683, -10.6727666855, -13.0064992905],
        "min": [-13.5154447556, -12.755022049, -12.7515335083, -13.3370599747, -13.8733310699, -15.1671800613],
        "skew": [0.0863633155823, -0.128540828824, -0.0398075543344, 0.338999718428, 0.316229403019, 0.756000638008],
        "var": [0.527440965176, 1.36800658703, 2.60496068001, 1.7244656086, 0.662490189075, 0.502061843872],
        "cov": [[0.528147995472, 0.493388593197, 0.58709436655, 0.468905895948, 0.327796667814, 0.257035136223], [0.493388593197, 1.36984038353, 1.56564581394, 1.19469916821, 0.695347130299, 0.479694247246], [0.58709436655, 1.56564581394, 2.60845255852, 1.92800140381, 1.02613008022, 0.742961168289], [0.468905895948, 1.19469916821, 1.92800140381, 1.72677719593, 0.904866635799, 0.658742249012], [0.327796667814, 0.695347130299, 1.02613008022, 0.904866635799, 0.663378238678, 0.48709833622], [0.257035136223, 0.479694247246, 0.742961168289, 0.658742249012, 0.48709833622, 0.502734839916]]
    }
},
"rhythm": {
    "beats_loudness": {
        "kurt": 2.57615089417,
        "max": 0.0275513511151,
        "mean": 0.00450904341415,
        "median": 0.000266840972472,
        "min": 9.48796810007e-07,
        "skew": 1.80866372585,
        "var": 4.87308352604e-05
    },
    "bpm": 91.7648544312,
    "confidence": 1.27491307259,
    "first_peak_bpm": {
        "kurt": 0,
        "max": 91,
        "mean": 91,
        "median": 91,
        "min": 91,
        "skew": 0,
        "var": 0
    },
    "first_peak_spread": {
        "kurt": 0,
        "max": 0.333333313465,
        "mean": 0.333333313465,
        "median": 0.333333313465,
        "min": 0.333333313465,
        "skew": 0,
        "var": 0
    },
    "first_peak_weight": {
        "kurt": 0,
        "max": 0.296296298504,
        "mean": 0.296296298504,
        "median": 0.296296298504,
        "min": 0.296296298504,
        "skew": 0,
        "var": 0
    },
    "onset_rate": 1.61794352531,
    "second_peak_bpm": {
        "kurt": 0,
        "max": 110,
        "mean": 110,
        "median": 110,
        "min": 110,
        "skew": 0,
        "var": 0
    },
    "second_peak_spread": {
        "kurt": 0,
        "max": 0.5,
        "mean": 0.5,
        "median": 0.5,
        "min": 0.5,
        "skew": 0,
        "var": 0
    },
    "second_peak_weight": {
        "kurt": 0,
        "max": 0.111111111939,
        "mean": 0.111111111939,
        "median": 0.111111111939,
        "min": 0.111111111939,
        "skew": 0,
        "var": 0
    },
    "beats_loudness_band_ratio": {
        "kurt": [9.86527442932, 3.75427865982, -0.226647138596, -0.145064592361, 3.4152765274, 18.794008255],
        "max": [0.0826417058706, 0.422713071108, 0.937511205673, 0.417328774929, 0.172045111656, 0.30743560195],
        "mean": [0.00672102998942, 0.0560304895043, 0.715228736401, 0.170149579644, 0.0414924919605, 0.018942784518],
        "median": [9.8877309938e-05, 0.00103828101419, 0.781777441502, 0.142916128039, 0.0328271761537, 0.00101102818735],
        "min": [9.08318543225e-06, 0.000285741494736, 0.290561527014, 0.0249268058687, 0.00197405880317, 0.000114364105684],
        "skew": [3.29973220825, 2.14521098137, -0.780443012714, 0.888539612293, 1.89473712444, 4.40128660202],
        "var": [0.000330286391545, 0.0115535380319, 0.0290018375963, 0.0126339364797, 0.00168363715056, 0.00337302871048],
        "cov": [[0.000342519226251, 0.00142538128421, -0.00192610465456, -0.00062921125209, 0.000306427216856, 0.000639304809738], [0.00142538128421, 0.011981446296, -0.0128107145429, -0.00472222780809, 0.00266725779511, 0.00220737908967], [-0.00192610465456, -0.0128107145429, 0.0300759803504, -0.00556573877111, -0.00557178910822, -0.00563741847873], [-0.00062921125209, -0.00472222780809, -0.00556573877111, 0.0131018599495, -0.000412424269598, -0.00182322063483], [0.000306427216856, 0.00266725779511, -0.00557178910822, -0.000412424269598, 0.00174599408638, 0.00153201143257], [0.000639304809738, 0.00220737908967, -0.00563741847873, -0.00182322063483, 0.00153201143257, 0.00349795562215]]
    },
    "beats_position": [0.626938760281, 1.28870749474, 1.95047616959, 2.54258489609, 3.11147379875, 3.69197273254, 4.27247142792, 4.81814050674, 5.36380958557, 5.90947818756, 6.43192720413, 6.91954612732, 7.40716552734, 7.92961454391, 8.45206356049, 8.98612213135, 9.52018165588, 10.0542402267, 10.71600914, 11.3777770996, 12.051156044, 12.7129249573, 13.3514738083, 14.0016326904, 14.6517915726, 15.301949501, 15.9404983521, 16.5790481567],
    "bpm_estimates": [90.6661148071, 90.6661224365, 90.6660919189, 90.6662216187, 89.1028747559, 90.6660919189, 93.9630508423, 92.2851333618, 92.2851333618, 92.2852706909, 93.9630508423, 93.9629135132],
    "bpm_intervals": [0.661768734455, 0.66176867485, 0.592108726501, 0.568888902664, 0.580498933792, 0.580498695374, 0.545669078827, 0.545669078827, 0.54566860199, 0.522449016571, 0.487618923187, 0.487619400024, 0.522449016571, 0.522449016571, 0.534058570862, 0.534059524536, 0.534058570862, 0.661768913269, 0.661767959595, 0.673378944397, 0.661768913269, 0.638548851013, 0.650158882141, 0.650158882141, 0.650157928467, 0.638548851013, 0.638549804688],
    "onset_times": [0.18575963378, 0.441179126501, 1.02167797089, 1.79954648018, 1.97369611263, 2.79800462723, 3.45977330208, 4.051882267, 4.13315200806, 4.29569149017, 4.95746040344, 5.27092981339, 5.95591831207, 6.22294807434, 6.44353723526, 7.04725646973, 7.70902490616, 8.46367359161, 9.55501174927, 9.65950107574, 10.0542402267, 12.1556463242, 12.7361450195, 14.0132427216, 14.8027210236, 14.9188213348, 15.2903404236, 16.4977779388],
    "histogram": [[0, 0, 0, 0, 0, 0, 0, 0, 0, 0, 0, 0, 0, 0, 0, 0, 0, 0, 0, 0, 0, 0, 0, 0, 0, 0, 0, 0, 0, 0, 0, 0, 0, 0, 0, 0, 0, 0, 0, 0, 0, 0, 0, 0, 0, 0, 0, 0, 0, 0, 0, 0, 0, 0, 0, 0, 0, 0, 0, 0, 0, 0, 0, 0, 0, 0, 0, 0, 0, 0, 0, 0, 0, 0, 0, 0, 0, 0, 0, 0, 0, 0, 0, 0, 0, 0, 0, 0, 0, 0.037037037313, 0, 0.185185179114, 0.111111111939, 0, 0.111111111939, 0, 0, 0, 0, 0, 0, 0.037037037313, 0, 0.074074074626, 0, 0.037037037313, 0, 0, 0, 0, 0.111111111939, 0, 0.111111111939, 0, 0, 0.111111111939, 0, 0, 0, 0, 0, 0, 0, 0.074074074626, 0, 0, 0, 0, 0, 0, 0, 0, 0, 0, 0, 0, 0, 0, 0, 0, 0, 0, 0, 0, 0, 0, 0, 0, 0, 0, 0, 0, 0, 0, 0, 0, 0, 0, 0, 0, 0, 0, 0, 0, 0, 0, 0, 0, 0, 0, 0, 0, 0, 0, 0, 0, 0, 0, 0, 0, 0, 0, 0, 0, 0, 0, 0, 0, 0, 0, 0, 0, 0, 0, 0, 0, 0, 0, 0, 0, 0, 0, 0, 0, 0, 0, 0, 0, 0, 0, 0, 0, 0, 0, 0, 0, 0, 0, 0, 0, 0, 0, 0, 0, 0, 0, 0, 0, 0, 0, 0, 0, 0, 0, 0, 0, 0, 0, 0, 0, 0, 0, 0, 0, 0, 0, 0, 0, 0, 0]]
},
"sfx": {
    "inharmonicity": {
        "kurt": 6.83913612366,
        "max": 0.461561620235,
        "mean": 0.0442950800061,
        "median": 0.00863987393677,
        "min": 0,
        "skew": 2.56056427956,
        "var": 0.00603801896796
    },
    "oddtoevenharmonicenergyratio": {
        "kurt": 708.290771484,
        "max": 530.24822998,
        "mean": 1.76663994789,
        "median": 0.115297928452,
        "min": 0,
        "skew": 26.3621082306,
        "var": 383.161132812
    },
    "pitch_after_max_to_before_max_energy_ratio": 0.155205249786,
    "pitch_centroid": 370.149536133,
    "pitch_max_to_total": 0.882195472717,
    "pitch_min_to_total": 0.178045511246,
    "tristimulus": {
        "kurt": [-1.1298173666, 0.529579162598, 3.09715604782],
        "max": [1, 0.943617582321, 0.968029499054],
        "mean": [0.521212756634, 0.342233687639, 0.136553868651],
        "median": [0.619580328465, 0.291478455067, 0.061411857605],
        "min": [0, 0, 0],
        "skew": [-0.498839765787, 1.03500580788, 1.76675856113],
        "var": [0.0849296525121, 0.0428006388247, 0.0263059064746],
        "cov": [[0.0850434973836, -0.050780184567, -0.0342632867396], [-0.050780184567, 0.0428580120206, 0.00792213901877], [-0.0342632867396, 0.00792213901877, 0.0263411700726]]
    }
},
"tonal": {
    "chords_changes_rate": 0.131016045809,
    "chords_number_rate": 0.0240641701967,
    "chords_strength": {
        "kurt": -0.781555652618,
        "max": 0.605255305767,
        "mean": 0.442391574383,
        "median": 0.447846353054,
        "min": 0.27876701951,
        "skew": -0.0908613204956,
        "var": 0.00583215383813
    },
    "key_strength": 0.297839194536,
    "tuning_diatonic_strength": 0.538675367832,
    "tuning_equal_tempered_deviation": 0.306703299284,
    "tuning_frequency": 448.208557129,
    "tuning_nontempered_energy_ratio": 0.922755539417,
    "hpcp": {
        "kurt": [15.2466163635, 17.2166919708, 19.3862075806, 12.2669324875, 7.49389457703, 7.93218612671, 7.90180206299, 12.6615400314, 5.43327999115, 2.7879319191, 1.61980581284, 3.87840223312, 3.05348587036, 1.04197692871, 0.276351690292, 1.02287006378, 0.200125217438, -0.922449350357, -0.81899356842, -0.993537425995, -1.15093851089, -0.269459724426, 0.565278291702, 3.29020118713, 7.99608230591, 16.0184211731, 16.6787471771, 25.3935279846, 20.8328781128, 31.7770614624, 20.9675292969, 36.4048156738, 24.0295124054, 15.4871959686, 12.1033191681, 13.8921298981],
