{
"metadata": {
    "version": {
        "essentia": "2.1-beta3"
    }
},
"lowLevel": {
    "average_loudness": 0.945593059063,
    "barkbands_kurtosis": {
        "kurt": 19.1374797821,
        "max": 65.8035202026,
        "mean": 4.9911365509,
        "median": 1.51721811295,
        "min": -1.75423598289,
        "skew": 3.80091953278,
        "var": 87.1576461792
    },
    "barkbands_skewness": {
        "kurt": 2.69206047058,
        "max": 6.98266744614,
        "mean": 1.40271890163,
        "median": 1.06505656242,
        "min": -0.637209057808,
        "skew": 1.16706180573,
        "var": 1.58733201027
    },
    "barkbands_spread": {
        "kurt": 5.91659069061,
        "max": 59.4343452454,
        "mean": 11.5650405884,
        "median": 7.9696187973,
        "min": 0.951844513416,
        "skew": 2.14612364769,
        "var": 100.531616211
    },
    "dissonance": {
        "kurt": 4.71073770523,
        "max": 0.500000119209,
        "mean": 0.467018514872,
        "median": 0.478927135468,
        "min": 0.305849701166,
        "skew": -2.04418873787,
        "var": 0.00144194939639
    },
    "hfc": {
        "kurt": 3.47880077362,
        "max": 88.3132247925,
        "mean": 11.1655073166,
        "median": 0.089206635952,
        "min": 9.22827858574e-09,
        "skew": 2.09797668457,
        "var": 473.271453857
    },
    "pitch": {
        "kurt": 15.0799713135,
        "max": 4874.29003906,
        "mean": 701.186096191,
        "median": 664.618652344,
        "min": 78.830116272,
        "skew": 3.55505800247,
        "var": 570785.9375
    },
    "pitch_instantaneous_confidence": {
        "kurt": -0.312392711639,
        "max": 0.938528001308,
        "mean": 0.449516296387,
        "median": 0.436572492123,
        "min": 0.135376989841,
        "skew": 0.673022806644,
        "var": 0.0449529103935
    },
    "pitch_salience": {
        "kurt": 2.42794179916,
        "max": 0.822544157505,
        "mean": 0.655604302883,
        "median": 0.684638440609,
        "min": 0.258276820183,
        "skew": -1.4604164362,
        "var": 0.0118745397776
    },
    "silence_rate_20dB": {
        "kurt": 0,
        "max": 1,
        "mean": 1,
        "median": 1,
        "min": 1,
        "skew": 0,
        "var": 0
    },
    "silence_rate_30dB": {
        "kurt": 0,
        "max": 1,
        "mean": 1,
        "median": 1,
        "min": 1,
        "skew": 0,
        "var": 0
    },
    "silence_rate_60dB": {
        "kurt": -1.57135415077,
        "max": 1,
        "mean": 0.655555546284,
        "median": 1,
        "min": 0,
        "skew": -0.654712975025,
        "var": 0.225802615285
    },
    "spectral_centroid": {
        "kurt": -0.653985261917,
        "max": 2086.58935547,
        "mean": 951.284973145,
        "median": 973.401611328,
        "min": 172.512115479,
        "skew": 0.172461360693,
        "var": 185341.390625
    },
    "spectral_complexity": {
        "kurt": 0.462072372437,
        "max": 31,
        "mean": 5.52222204208,
        "median": 0,
        "min": 0,
        "skew": 1.29964375496,
        "var": 66.0495300293
    },
    "spectral_crest": {
        "kurt": 1.35843992233,
        "max": 23.9078845978,
        "mean": 9.89371299744,
        "median": 9.03708839417,
        "min": 2.32023787498,
        "skew": 1.23073422909,
        "var": 21.2179908752
    },
    "spectral_decrease": {
        "kurt": 4.49160528183,
        "max": -1.34888052976e-18,
        "mean": -2.6162747524e-09,
        "median": -2.51490946124e-11,
        "min": -2.49671341379e-08,
        "skew": -2.30564928055,
        "var": 2.90533128089e-17
    },
    "spectral_energy": {
        "kurt": 4.33823537827,
        "max": 0.101741060615,
        "mean": 0.0108871664852,
        "median": 0.000104767925222,
        "min": 5.92801936011e-12,
        "skew": 2.27701473236,
        "var": 0.000495380896609
    },
    "spectral_energyband_high": {
        "kurt": 8.3994808197,
        "max": 0.00049855443649,
        "mean": 4.78351539641e-05,
        "median": 7.11272377885e-07,
        "min": 5.28667604485e-13,
        "skew": 2.80012774467,
        "var": 9.4360483871e-09
    },
    "spectral_energyband_low": {
        "kurt": 53.1324539185,
        "max": 0.000112040295789,
        "mean": 3.70701764041e-06,
        "median": 2.71049145795e-07,
        "min": 1.0784909207e-12,
        "skew": 6.85994625092,
        "var": 1.65849792233e-10
    },
    "spectral_energyband_middle_high": {
        "kurt": 12.7067956924,
        "max": 0.0839782953262,
        "mean": 0.00577193079516,
        "median": 4.62007446913e-05,
        "min": 2.74475754625e-12,
        "skew": 3.38338112831,
        "var": 0.000190721781109
    },
    "spectral_energyband_middle_low": {
        "kurt": 8.01905345917,
        "max": 0.0797034204006,
        "mean": 0.00576044572517,
        "median": 1.86778142961e-05,
        "min": 1.74682013646e-12,
        "skew": 2.97400808334,
        "var": 0.000241257352172
    },
    "spectral_flatness_db": {
        "kurt": -1.12832009792,
        "max": 0.408752143383,
        "mean": 0.238170817494,
        "median": 0.248077243567,
        "min": 0.0395523868501,
        "skew": 0.00319552258588,
        "var": 0.00752217695117
    },
    "spectral_flux": {
        "kurt": 1.00347042084,
        "max": 0.295694589615,
        "mean": 0.0558191128075,
        "median": 0.010496574454,
        "min": 4.35797483078e-06,
        "skew": 1.49841713905,
        "var": 0.00670368596911
    },
    "spectral_kurtosis": {
        "kurt": 0.767820835114,
        "max": 48.4064598083,
        "mean": 14.6991682053,
        "median": 11.6167593002,
        "min": 0.927414894104,
        "skew": 1.11469781399,
        "var": 109.542770386
    },
    "spectral_rms": {
        "kurt": 0.958400726318,
        "max": 0.00996290985495,
        "mean": 0.00181584188249,
        "median": 0.000316587014822,
        "min": 7.60488916285e-08,
        "skew": 1.50165629387,
        "var": 7.32434091333e-06
    },
    "spectral_rolloff": {
        "kurt": 2.48529720306,
        "max": 4823.4375,
        "mean": 1420.95214844,
        "median": 1270.45898438,
        "min": 236.865234375,
        "skew": 1.36057114601,
        "var": 816790.875
    },
    "spectral_skewness": {
        "kurt": 0.31055521965,
        "max": 5.24079990387,
        "mean": 2.78621459007,
        "median": 2.73705625534,
        "min": 0.758254408836,
        "skew": 0.576559782028,
        "var": 0.868310213089
    },
    "spectral_spread": {
        "kurt": 8.82349872589,
        "max": 15111698,
        "mean": 3460594.25,
        "median": 2662438,
        "min": 1314647.75,
        "skew": 2.26261663437,
        "var": 4.35104042189e+12
    },
    "spectral_strongpeak": {
        "kurt": 4.97504711151,
        "max": 6.6869096756,
        "mean": 0.728835403919,
        "median": 0.07353541255,
        "min": 4.49784550938e-07,
        "skew": 2.32154202461,
        "var": 1.80496251583
    },
    "zerocrossingrate": {
        "kurt": 30.8811645508,
        "max": 0.28662109375,
        "mean": 0.0559516064823,
        "median": 0.054443359375,
        "min": 0.01171875,
        "skew": 4.54467058182,
        "var": 0.000974273192696
    },
    "barkbands": {
        "kurt": [2.89108562469, 35.4870300293, 30.5134963989, 32.8470535278, 39.8348693848, 45.0026779175, 34.7971725464, 22.8416404724, 9.31478500366, 17.1346626282, 65.8292007446, 57.6521911621, 22.2029247284, 74.3517837524, 24.7285423279, 8.82535076141, 13.3223171234, 28.1821975708, 18.1277294159, 29.4813270569, 4.07770729065, 13.9404315948, 31.7672576904, 12.0104675293, 45.0527420044, 75.1892623901, 6.80816173553],
        "max": [1.23923715734e-08, 4.45640625912e-06, 2.01422553801e-05, 0.000227922166232, 0.001426200266, 0.000393906491809, 0.000520837609656, 0.00450536236167, 0.0571061745286, 0.0499123744667, 0.0422998219728, 0.0360251814127, 0.0121515020728, 0.0272543560714, 0.00240377197042, 0.0030637034215, 0.00511767389253, 0.00111013196874, 0.00084169046022, 0.00155996251851, 0.000127725215862, 4.34869543824e-05, 3.28862115566e-05, 1.03544707599e-05, 7.08283096174e-06, 4.438745691e-07, 2.72954236991e-09],
        "mean": [2.1960440133e-09, 2.07736093216e-07, 1.01043769973e-06, 8.39297172206e-06, 4.38063980255e-05, 1.21353068607e-05, 1.91081599041e-05, 0.000174075132236, 0.00392098538578, 0.0027247921098, 0.00102852762211, 0.000907732988708, 0.00059918029001, 0.00055560952751, 0.00011574558448, 0.000256719911704, 0.000323799002217, 5.01406466356e-05, 4.72957617603e-05, 7.8061442764e-05, 1.44371970237e-05, 2.98395912068e-06, 1.47034154452e-06, 7.07637980213e-07, 2.3814305905e-07, 9.21612830496e-09, 2.61195537421e-10],
        "median": [1.25590537969e-09, 5.83260018061e-08, 1.29634088353e-07, 1.29236553903e-07, 4.55942966937e-07, 2.92692703852e-07, 4.73483765973e-07, 8.79430558598e-07, 3.63558183381e-06, 1.13907353807e-05, 6.8058461693e-06, 9.30487749429e-06, 4.24706968261e-06, 1.56586452249e-06, 8.3463618239e-07, 1.82884332389e-06, 2.63422566604e-06, 2.82248748817e-07, 3.23516417211e-07, 7.21343553778e-07, 1.11829251637e-07, 2.64040451725e-08, 3.960669126e-09, 2.02073513478e-09, 7.57263252105e-10, 1.55588389394e-11, 3.21243682697e-12],
        "min": [8.4836814223e-14, 5.09367775823e-13, 3.63020865538e-13, 2.73697297465e-13, 1.3734281453e-13, 3.02586514872e-13, 2.4861216601e-13, 4.41746574216e-13, 3.04597384641e-13, 2.71418575549e-13, 4.58575614547e-13, 1.76943773219e-13, 1.84384828911e-13, 2.42307882743e-13, 3.30925445467e-13, 1.96435248167e-13, 4.20588721186e-14, 1.16447866974e-13, 4.76712365329e-13, 4.12247926768e-13, 1.42911547939e-13, 1.37140448195e-13, 2.99204190341e-14, 1.45699356985e-14, 2.23899759545e-14, 2.52345789833e-15, 1.34917750414e-16],
        "skew": [1.75041663647, 5.84908342361, 4.93313932419, 5.6014881134, 6.06580924988, 6.45771741867, 5.66189146042, 4.7452454567, 3.25840520859, 4.16895723343, 7.86265087128, 7.3720202446, 4.4715423584, 8.50430202484, 4.83290195465, 2.87704491615, 3.6218392849, 5.12024831772, 4.08244466782, 4.8178691864, 2.27101993561, 3.39496541023, 5.1543674469, 3.46313166618, 6.30990409851, 8.55996322632, 2.75008225441],
        "var": [6.61450716848e-18, 3.53342924581e-13, 6.77616296407e-12, 9.90200255124e-10, 3.20858397629e-08, 2.30394703316e-09, 4.69143746074e-09, 4.69042504392e-07, 0.000142383854836, 7.60890252423e-05, 2.16753760469e-05, 1.69018167071e-05, 3.13307350552e-06, 8.54606423673e-06, 1.36167841447e-07, 3.20895793493e-07, 8.12711959952e-07, 2.5306402307e-08, 1.67429643483e-08, 4.13348928419e-08, 8.88838835866e-10, 4.58788111668e-11, 1.81559663137e-11, 3.4977582896e-12, 7.24230788188e-13, 2.25254542158e-15, 3.59105418593e-19],
        "cov": [[6.68882769216e-18, 4.53576561194e-16, 8.57798206618e-16, -2.26709321245e-15, 4.42249081594e-14, 3.10745154008e-15, 5.82112762737e-15, 2.59447004896e-13, 1.49476403477e-11, 4.95199497727e-12, 2.60908504003e-12, 1.96611303627e-12, 6.75053491838e-13, 1.46381984225e-12, 1.06655183546e-13, 3.36918589815e-13, 1.62257780454e-13, 1.49756820985e-13, 4.0960656633e-14, 5.73161919944e-14, 2.60354753165e-14, 5.62037616019e-15, 3.13631821116e-15, 1.46731411574e-15, 4.00605132376e-16, 1.70749533719e-17, 6.36090827513e-19], [4.53576561194e-16, 3.57313083201e-13, 6.85445678082e-13, 2.32110945048e-12, 1.54680591252e-11, 2.31854639654e-12, 1.88390514126e-12, 1.12555771994e-11, 2.56534682386e-10, -7.27303356429e-11, 6.4606424377e-11, -4.83353669589e-11, -5.2259904737e-11, -2.09832221043e-11, -5.88590461092e-12, -2.27858235752e-11, -5.09809520988e-11, -1.59969834688e-12, -4.8064161158e-12, -8.28636638472e-12, 4.21305091508e-12, 4.33135000305e-13, -7.7462979065e-14, -6.26516118716e-14, -2.33253103925e-14, -1.02171242268e-15, 6.01756524839e-18], [8.57798206618e-16, 6.85445678082e-13, 6.85229954375e-12, 6.80600714675e-11, 2.43892267493e-10, 3.72505359891e-11, 1.46112552613e-10, 6.80891232285e-10, 1.93912019775e-09, -1.11808029502e-09, -5.80902582981e-11, -5.64235214107e-10, -3.62890550942e-10, -2.3293386664e-10, -6.26906096479e-11, -1.85936557817e-10, -2.4296270551e-10, -2.45463128989e-11, -2.68620282268e-11, -4.22337755046e-11, 1.51013004185e-11, 1.50523116107e-12, -5.9225508612e-13, -4.35171294616e-13, -1.37112435121e-13, -5.23001086205e-15, 3.11240191826e-16], [-2.26709321245e-15, 2.32110945048e-12, 6.80600714675e-11, 1.00132613312e-09, 4.56299709128e-09, 9.21089315931e-10, 1.77609293939e-09, 1.22257430846e-08, 1.25663373041e-08, -1.43664982133e-08, -4.92884799641e-09, -4.09523792655e-09, -3.68226782399e-09, -2.98133695509e-09, -8.08414724052e-10, -1.90074889161e-09, -2.21224616404e-09, -2.89029272738e-10, -2.71996342116e-10, -3.28983090769e-10, 1.04294461956e-10, 3.74675897946e-12, -6.7734806479e-12, -4.67356361944e-12, -1.51764885381e-12, -5.68726245568e-14, 5.17093793728e-15], [4.42249081594e-14, 1.54680591252e-11, 2.43892267493e-10, 4.56299709128e-09, 3.24463549362e-08, 7.52423279238e-09, 6.13068262822e-09, 6.10952497482e-08, 1.51440744389e-07, -3.75211364201e-08, -1.624501067e-08, -2.00112211246e-08, -7.34112237666e-09, 1.18051195486e-08, -3.4047218378e-09, -8.78490613587e-09, -1.22312489026e-08, -8.05575883778e-10, -1.23884447145e-09, -1.66866909179e-09, 8.63528804018e-10, 8.51181972128e-11, -2.00975017878e-11, -2.28961936216e-11, -8.20908965804e-12, -2.70861485368e-13, 2.85240377867e-14], [3.10745154008e-15, 2.31854639654e-12, 3.72505359891e-11, 9.21089315931e-10, 7.52423279238e-09, 2.32983410342e-09, 9.56122070406e-10, 1.455052967e-08, 4.96334848776e-08, -2.83085821451e-09, -2.1528108185e-09, -3.7262970487e-09, -2.96021962498e-09, -1.47049550314e-09, -7.34783511813e-10, -2.21829199454e-09, -2.95878521683e-09, -2.85786672105e-10, -3.1676422596e-10, -3.90904364433e-10, 2.02082531264e-10, 1.76016787951e-11, -5.64027123617e-12, -4.80665333924e-12, -1.78242240845e-12, -6.70441553294e-14, 7.10336017369e-15], [5.82112762737e-15, 1.88390514126e-12, 1.46112552613e-10, 1.77609293939e-09, 6.13068262822e-09, 9.56122070406e-10, 4.74414996177e-09, 2.31861516653e-08, 9.99198590534e-08, -2.44497293522e-08, -5.2983839538e-09, -5.71440050834e-09, -4.41901581993e-09, -3.0060942624e-09, -1.11918763146e-09, -3.28212901302e-09, -4.17703693856e-09, -2.87530416143e-10, -4.46893411166e-10, -4.1034051157e-10, 2.0689915059e-10, 1.73070863196e-11, -1.18284210551e-11, -7.8251615257e-12, -2.97934745451e-12, -1.04960087659e-13, 1.19823830288e-14], [2.59447004896e-13, 1.12555771994e-11, 6.80891232285e-10, 1.22257430846e-08, 6.10952497482e-08, 1.455052967e-08, 2.31861516653e-08, 4.74312656706e-07, 3.81227118851e-06, -2.34180561165e-07, 5.4431460228e-08, 5.24318366502e-08, -4.21834691622e-08, -6.68704274176e-08, -1.21749037518e-08, -2.91660260388e-08, -2.08705515092e-08, 2.1264003891e-09, 1.73592917818e-09, 1.03167598908e-08, 3.89451937366e-09, 1.3225806561e-10, 5.14078883629e-11, -6.43384928667e-11, -2.38930056295e-11, -7.05838165693e-13, 1.74518697562e-13], [1.49476403477e-11, 2.56534682386e-10, 1.93912019775e-09, 1.25663373041e-08, 1.51440744389e-07, 4.96334848776e-08, 9.99198590534e-08, 3.81227118851e-06, 0.000143983677845, 3.52370152541e-05, 2.86379622594e-06, 1.39433552704e-07, 2.01927241505e-06, 5.99685336056e-06, 3.61265847459e-07, 1.46102343024e-06, -8.80625918853e-08, 8.48056458835e-07, 1.94151013488e-07, 4.21363978376e-07, 8.91593003871e-08, 1.82374400026e-08, 1.03423909437e-08, 5.06577180204e-09, 1.18886719913e-10, 1.33923809542e-11, 3.98821947689e-12], [4.95199497727e-12, -7.27303356429e-11, -1.11808029502e-09, -1.43664982133e-08, -3.75211364201e-08, -2.83085821451e-09, -2.44497293522e-08, -2.34180561165e-07, 3.52370152541e-05, 7.69439648138e-05, 1.8337594156e-05, 3.20184949487e-06, 1.57617580498e-06, 9.62393096415e-06, 1.36822859531e-06, 1.8541039708e-06, 3.76929233425e-06, 4.14896931034e-07, 4.52637578974e-07, 5.63116145713e-07, 7.0439661215e-08, 2.00962588792e-08, 7.59438112397e-09, 4.53966286784e-09, 7.29432236835e-10, 2.36105371365e-11, 3.42947458626e-12], [2.60908504003e-12, 6.4606424377e-11, -5.80902582981e-11, -4.92884799641e-09, -1.624501067e-08, -2.1528108185e-09, -5.2983839538e-09, 5.4431460228e-08, 2.86379622594e-06, 1.8337594156e-05, 2.19189187192e-05, 1.38441703257e-06, 1.47774596826e-06, 7.82981601333e-07, 1.2991249605e-06, 7.69923133248e-07, 9.69032498688e-07, 9.85969847989e-08, 1.87605763813e-07, 1.82354526146e-07, 3.20382582686e-08, 4.09957712222e-09, 1.82197690268e-09, 1.107855363e-09, 4.07135880565e-10, 7.57627207498e-12, 6.77936927516e-13], [1.96611303627e-12, -4.83353669589e-11, -5.64235214107e-10, -4.09523792655e-09, -2.00112211246e-08, -3.7262970487e-09, -5.71440050834e-09, 5.24318366502e-08, 1.39433552704e-07, 3.20184949487e-06, 1.38441703257e-06, 1.70917246578e-05, 3.65365849575e-06, 2.23798139132e-07, 1.27035320929e-07, 1.24412656533e-06, 6.31542263818e-07, 2.79633027844e-08, 1.07538767224e-07, 1.5816748089e-07, 6.60481660475e-08, 1.07515338854e-08, 1.11904698841e-08, 5.02481922737e-09, 2.43032083347e-09, 8.86161144464e-11, 5.45944040843e-13], [6.75053491838e-13, -5.2259904737e-11, -3.62890550942e-10, -3.68226782399e-09, -7.34112237666e-09, -2.96021962498e-09, -4.41901581993e-09, -4.21834691622e-08, 2.01927241505e-06, 1.57617580498e-06, 1.47774596826e-06, 3.65365849575e-06, 3.16827663482e-06, 9.27956421037e-07, 3.96635130073e-07, 4.23602870114e-07, 8.24152152745e-07, 6.34896366591e-08, 4.39767973148e-08, 1.38013206197e-07, 3.50335049859e-08, 5.86435078276e-09, 5.45663114693e-09, 2.56576759838e-09, 1.02767394594e-09, 5.24174870176e-11, 7.67667179824e-14], [1.46381984225e-12, -2.09832221043e-11, -2.3293386664e-10, -2.98133695509e-09, 1.18051195486e-08, -1.47049550314e-09, -3.0060942624e-09, -6.68704274176e-08, 5.99685336056e-06, 9.62393096415e-06, 7.82981601333e-07, 2.23798139132e-07, 9.27956421037e-07, 8.64208777784e-06, 2.07706250421e-07, 3.60654951237e-07, 5.67791005324e-07, 2.85639316644e-07, 4.04802875664e-08, 9.92888757878e-08, 3.29581268943e-08, 1.45355336656e-08, 4.35537561572e-09, 2.86292833884e-09, 3.08128828008e-10, 1.49183131126e-11, 2.87681852082e-13], [1.06655183546e-13, -5.88590461092e-12, -6.26906096479e-11, -8.08414724052e-10, -3.4047218378e-09, -7.34783511813e-10, -1.11918763146e-09, -1.21749037518e-08, 3.61265847459e-07, 1.36822859531e-06, 1.2991249605e-06, 1.27035320929e-07, 3.96635130073e-07, 2.07706250421e-07, 1.37697810487e-07, 8.4585735749e-08, 1.54113024564e-07, 1.52418699884e-08, 1.4280048255e-08, 3.09984891089e-08, 4.57870719117e-09, 7.17359061042e-10, 3.42510214635e-10, 2.41987180294e-10, 6.4434090008e-11, 2.05690152411e-12, 4.64477563941e-14], [3.36918589815e-13, -2.27858235752e-11, -1.85936557817e-10, -1.90074889161e-09, -8.78490613587e-09, -2.21829199454e-09, -3.28212901302e-09, -2.91660260388e-08, 1.46102343024e-06, 1.8541039708e-06, 7.69923133248e-07, 1.24412656533e-06, 4.23602870114e-07, 3.60654951237e-07, 8.4585735749e-08, 3.24501371551e-07, 2.90126081381e-07, 5.25553502939e-08, 5.50088401496e-08, 6.57099477053e-08, 7.45451878004e-09, 1.56160795406e-09, 1.0214885604e-09, 6.03264882493e-10, 2.15146012117e-10, 3.96240202108e-12, 9.32288439699e-14], [1.62257780454e-13, -5.09809520988e-11, -2.4296270551e-10, -2.21224616404e-09, -1.22312489026e-08, -2.95878521683e-09, -4.17703693856e-09, -2.08705515092e-08, -8.80625918853e-08, 3.76929233425e-06, 9.69032498688e-07, 6.31542263818e-07, 8.24152152745e-07, 5.67791005324e-07, 1.54113024564e-07, 2.90126081381e-07, 8.21843514132e-07, 5.19268432697e-08, 9.09633470769e-08, 1.14532973328e-07, 1.06436308656e-08, 2.2254711407e-09, 1.51791168523e-09, 8.51047843309e-10, 3.03758324049e-10, 1.13385308087e-11, 1.34349928643e-13], [1.49756820985e-13, -1.59969834688e-12, -2.45463128989e-11, -2.89029272738e-10, -8.05575883778e-10, -2.85786672105e-10, -2.87530416143e-10, 2.1264003891e-09, 8.48056458835e-07, 4.14896931034e-07, 9.85969847989e-08, 2.79633027844e-08, 6.34896366591e-08, 2.85639316644e-07, 1.52418699884e-08, 5.25553502939e-08, 5.19268432697e-08, 2.55907437463e-08, 8.66612648309e-09, 1.25313421862e-08, 1.51938639448e-09, 5.39090883045e-10, 2.13852491271e-10, 1.51905960033e-10, 2.30605100987e-11, 6.15467529372e-13, 2.73740533415e-14], [4.0960656633e-14, -4.8064161158e-12, -2.68620282268e-11, -2.71996342116e-10, -1.23884447145e-09, -3.1676422596e-10, -4.46893411166e-10, 1.73592917818e-09, 1.94151013488e-07, 4.52637578974e-07, 1.87605763813e-07, 1.07538767224e-07, 4.39767973148e-08, 4.04802875664e-08, 1.4280048255e-08, 5.50088401496e-08, 9.09633470769e-08, 8.66612648309e-09, 1.6931087643e-08, 1.50153649514e-08, 1.08267361743e-09, 2.13430634277e-10, 1.48571849268e-10, 7.89684151403e-11, 3.38877953476e-11, 4.44772663795e-13, 1.78008937479e-14], [5.73161919944e-14, -8.28636638472e-12, -4.22337755046e-11, -3.28983090769e-10, -1.66866909179e-09, -3.90904364433e-10, -4.1034051157e-10, 1.03167598908e-08, 4.21363978376e-07, 5.63116145713e-07, 1.82354526146e-07, 1.5816748089e-07, 1.38013206197e-07, 9.92888757878e-08, 3.09984891089e-08, 6.57099477053e-08, 1.14532973328e-07, 1.25313421862e-08, 1.50153649514e-08, 4.17993319957e-08, 2.14997952774e-09, 5.03016461817e-10, 3.45882711361e-10, 1.59817270529e-10, 5.42954257943e-11, 1.63083392277e-12, 2.56803957168e-14], [2.60354753165e-14, 4.21305091508e-12, 1.51013004185e-11, 1.04294461956e-10, 8.63528804018e-10, 2.02082531264e-10, 2.0689915059e-10, 3.89451937366e-09, 8.91593003871e-08, 7.0439661215e-08, 3.20382582686e-08, 6.60481660475e-08, 3.50335049859e-08, 3.29581268943e-08, 4.57870719117e-09, 7.45451878004e-09, 1.06436308656e-08, 1.51938639448e-09, 1.08267361743e-09, 2.14997952774e-09, 8.98825791573e-10, 1.69658898042e-10, 8.59226509387e-11, 3.99884118873e-11, 1.4734703041e-11, 6.19807753299e-13, 4.04677402089e-15], [5.62037616019e-15, 4.33135000305e-13, 1.50523116107e-12, 3.74675897946e-12, 8.51181972128e-11, 1.76016787951e-11, 1.73070863196e-11, 1.3225806561e-10, 1.82374400026e-08, 2.00962588792e-08, 4.09957712222e-09, 1.07515338854e-08, 5.86435078276e-09, 1.45355336656e-08, 7.17359061042e-10, 1.56160795406e-09, 2.2254711407e-09, 5.39090883045e-10, 2.13430634277e-10, 5.03016461817e-10, 1.69658898042e-10, 4.63943050644e-11, 1.87543400948e-11, 9.58223691366e-12, 2.68109688097e-12, 1.14080606398e-13, 8.82711033784e-16], [3.13631821116e-15, -7.7462979065e-14, -5.9225508612e-13, -6.7734806479e-12, -2.00975017878e-11, -5.64027123617e-12, -1.18284210551e-11, 5.14078883629e-11, 1.03423909437e-08, 7.59438112397e-09, 1.82197690268e-09, 1.11904698841e-08, 5.45663114693e-09, 4.35537561572e-09, 3.42510214635e-10, 1.0214885604e-09, 1.51791168523e-09, 2.13852491271e-10, 1.48571849268e-10, 3.45882711361e-10, 8.59226509387e-11, 1.87543400948e-11, 1.83599645903e-11, 7.39385982995e-12, 3.39024099592e-12, 1.79659225322e-13, 4.68240395577e-16], [1.46731411574e-15, -6.26516118716e-14, -4.35171294616e-13, -4.67356361944e-12, -2.28961936216e-11, -4.80665333924e-12, -7.8251615257e-12, -6.43384928667e-11, 5.06577180204e-09, 4.53966286784e-09, 1.107855363e-09, 5.02481922737e-09, 2.56576759838e-09, 2.86292833884e-09, 2.41987180294e-10, 6.03264882493e-10, 8.51047843309e-10, 1.51905960033e-10, 7.89684151403e-11, 1.59817270529e-10, 3.99884118873e-11, 9.58223691366e-12, 7.39385982995e-12, 3.53705888363e-12, 1.3169019911e-12, 6.27398862572e-14, 2.49354482392e-16], [4.00605132376e-16, -2.33253103925e-14, -1.37112435121e-13, -1.51764885381e-12, -8.20908965804e-12, -1.78242240845e-12, -2.97934745451e-12, -2.38930056295e-11, 1.18886719913e-10, 7.29432236835e-10, 4.07135880565e-10, 2.43032083347e-09, 1.02767394594e-09, 3.08128828008e-10, 6.4434090008e-11, 2.15146012117e-10, 3.03758324049e-10, 2.30605100987e-11, 3.38877953476e-11, 5.42954257943e-11, 1.4734703041e-11, 2.68109688097e-12, 3.39024099592e-12, 1.3169019911e-12, 7.32368213383e-13, 3.75547134352e-14, 5.29139199131e-17], [1.70749533719e-17, -1.02171242268e-15, -5.23001086205e-15, -5.68726245568e-14, -2.70861485368e-13, -6.70441553294e-14, -1.04960087659e-13, -7.05838165693e-13, 1.33923809542e-11, 2.36105371365e-11, 7.57627207498e-12, 8.86161144464e-11, 5.24174870176e-11, 1.49183131126e-11, 2.05690152411e-12, 3.96240202108e-12, 1.13385308087e-11, 6.15467529372e-13, 4.44772663795e-13, 1.63083392277e-12, 6.19807753299e-13, 1.14080606398e-13, 1.79659225322e-13, 6.27398862572e-14, 3.75547134352e-14, 2.2778549778e-15, 1.54193559254e-18], [6.36090827513e-19, 6.01756524839e-18, 3.11240191826e-16, 5.17093793728e-15, 2.85240377867e-14, 7.10336017369e-15, 1.19823830288e-14, 1.74518697562e-13, 3.98821947689e-12, 3.42947458626e-12, 6.77936927516e-13, 5.45944040843e-13, 7.67667179824e-14, 2.87681852082e-13, 4.64477563941e-14, 9.32288439699e-14, 1.34349928643e-13, 2.73740533415e-14, 1.78008937479e-14, 2.56803957168e-14, 4.04677402089e-15, 8.82711033784e-16, 4.68240395577e-16, 2.49354482392e-16, 5.29139199131e-17, 1.54193559254e-18, 3.63140328072e-19]]
    },
    "mfcc": {
        "kurt": [-1.46832764149, -0.216165304184, -1.36332607269, -1.05258214474, -1.01641452312, 0.457727432251, -0.0419728755951, 0.278969049454, -0.674409627914, 0.170556545258, -0.541441202164, 1.08796739578, 2.54033184052],
        "max": [-675.451782227, 206.286407471, 60.2875709534, 44.5741653442, 25.2475166321, 22.070400238, 33.8283615112, 45.8628959656, 25.845249176, 35.2463607788, 4.7088432312, 25.6941452026, 10.2595081329],
        "mean": [-930.340393066, 82.505531311, -50.4943618774, -16.8428039551, -20.4499320984, -5.40770053864, 6.66292190552, 4.85413360596, 5.99684095383, -2.2814514637, -14.5402030945, -3.66598439217, -8.26094245911],
        "median": [-941.79309082, 85.9528961182, -37.0596046448, -13.6621303558, -12.7980308533, -0.491067886353, 6.52796554565, 4.52352523804, 3.3612651825, -1.98542785645, -12.2011070251, -3.55234527588, -5.66808319092],
        "min": [-1138.42004395, 1.14440917969e-05, -188.056427002, -77.4474945068, -77.9719314575, -63.4685058594, -21.4898223877, -29.8969116211, -16.1276473999, -29.1400222778, -41.8772163391, -30.1555175781, -51.3844718933],
        "skew": [0.170632436872, 0.273619502783, -0.289540469646, -0.00150613114238, -0.435299396515, -0.752387344837, -0.0472011491656, -0.025740088895, 0.232208222151, 0.255732774734, -0.59588265419, 0.22795560956, -1.4212025404],
        "var": [24492.3105469, 2286.58081055, 5202.32373047, 858.376037598, 782.388549805, 265.657348633, 150.825271606, 217.205627441, 88.74974823, 163.627761841, 128.207275391, 100.377830505, 136.339797974],
        "cov": [[24767.5058594, 3900.99926758, -9685.27148438, -2798.73657227, -3686.5234375, -1260.96643066, 40.6964111328, 317.338745117, 572.477966309, 308.960113525, -1037.58154297, -56.1550827026, -803.019470215], [3900.99926758, 2312.27270508, -782.484191895, -335.889190674, -795.915527344, -382.380584717, -97.2968063354, -249.962142944, 96.7731399536, -31.2051448822, -185.755844116, 26.1185703278, -224.609725952], [-9685.27148438, -782.484191895, 5260.77685547, 1739.47119141, 1135.74584961, 494.415252686, -161.061889648, -391.364196777, -339.426940918, -289.885162354, 475.542938232, 109.379310608, 115.240730286], [-2798.73657227, -335.889190674, 1739.47119141, 868.020690918, 339.493164062, 156.288345337, -53.5135993958, -107.581047058, -151.54208374, -129.890762329, 146.072418213, -2.32468032837, -27.2337093353], [-3686.5234375, -795.915527344, 1135.74584961, 339.493164062, 791.179443359, 275.892333984, 78.089225769, 84.8544464111, -84.720703125, -73.3508300781, 94.3714447021, -41.6001472473, 172.296279907], [-1260.96643066, -382.380584717, 494.415252686, 156.288345337, 275.892333984, 268.642272949, 52.0008163452, 24.605381012, -19.3742427826, -90.5733566284, 25.6475734711, -16.9959774017, 37.8712768555], [40.6964111328, -97.2968063354, -161.061889648, -53.5135993958, 78.089225769, 52.0008163452, 152.519943237, 112.526542664, -1.55164539814, -43.9491958618, -61.3763656616, -18.9253025055, 53.1041526794], [317.338745117, -249.962142944, -391.364196777, -107.581047058, 84.8544464111, 24.605381012, 112.526542664, 219.646133423, 21.0328578949, 15.4157657623, -55.7710075378, -62.5225601196, 28.8625030518], [572.477966309, 96.7731399536, -339.426940918, -151.54208374, -84.720703125, -19.3742427826, -1.55164539814, 21.0328578949, 89.7469406128, 48.9676895142, -14.8242063522, -2.72305202484, -10.8018960953], [308.960113525, -31.2051448822, -289.885162354, -129.890762329, -73.3508300781, -90.5733566284, -43.9491958618, 15.4157657623, 48.9676895142, 165.466278076, 51.2582855225, -9.29134178162, -27.2538928986], [-1037.58154297, -185.755844116, 475.542938232, 146.072418213, 94.3714447021, 25.6475734711, -61.3763656616, -55.7710075378, -14.8242063522, 51.2582855225, 129.64781189, 42.1003227234, 1.45039284229], [-56.1550827026, 26.1185703278, 109.379310608, -2.32468032837, -41.6001472473, -16.9959774017, -18.9253025055, -62.5225601196, -2.72305202484, -9.29134178162, 42.1003227234, 101.50567627, 24.9536838531], [-803.019470215, -224.609725952, 115.240730286, -27.2337093353, 172.296279907, 37.8712768555, 53.1041526794, 28.8625030518, -10.8018960953, -27.2538928986, 1.45039284229, 24.9536838531, 137.871704102]]
    },
    "sccoeffs": {
        "kurt": [0.884269952774, 1.39305973053, 0.927887439728, 0.535359144211, -0.8503947258, 0.57374548912],
        "max": [-0.420964092016, -0.444839656353, -0.323784440756, -0.495232969522, -0.629178404808, -0.656961143017],
        "mean": [-0.764125585556, -0.789837896824, -0.77615249157, -0.800162434578, -0.81315433979, -0.81505048275],
        "median": [-0.800679326057, -0.813047766685, -0.817844450474, -0.812979698181, -0.818390846252, -0.821160912514],
        "min": [-0.92733412981, -0.957422971725, -0.947311282158, -0.941677212715, -0.934635579586, -0.915091753006],
        "skew": [1.26430392265, 1.20765912533, 1.22606503963, 0.768809020519, 0.284168273211, 0.773619890213],
        "var": [0.0121361445636, 0.0112786507234, 0.0187688693404, 0.00834455434233, 0.00601972872391, 0.00256521510892],
        "cov": [[0.0122725050896, 0.00595745863393, 0.0055810501799, 0.00425132457167, 0.00289840484038, 0.00336449407041], [0.00595745863393, 0.0114053767174, 0.0108875678852, 0.00582717219368, 0.00530516402796, 0.00310146249831], [0.0055810501799, 0.0108875678852, 0.0189797561616, 0.00962475407869, 0.00780180189759, 0.00420302106068], [0.00425132457167, 0.00582717219368, 0.00962475407869, 0.00843831337988, 0.00573300104588, 0.00299893296324], [0.00289840484038, 0.00530516402796, 0.00780180189759, 0.00573300104588, 0.00608736602589, 0.00206826720387], [0.00336449407041, 0.00310146249831, 0.00420302106068, 0.00299893296324, 0.00206826720387, 0.00259403767996]]
    },
    "scvalleys": {
        "kurt": [5.87237262726, 0.707328796387, -0.140115976334, -0.595587730408, -0.286155700684, -0.465809822083],
        "max": [-7.52046823502, -5.80836486816, -4.37667608261, -5.33698797226, -6.71063899994, -8.8354845047],
        "mean": [-9.90913963318, -9.30011367798, -8.47242259979, -9.39357662201, -10.2027215958, -12.8071708679],
        "median": [-9.75946235657, -9.03537273407, -8.00252437592, -8.70726585388, -10.1764497757, -13.0721645355],
        "min": [-15.8065013885, -15.6388044357, -16.0822505951, -16.42811203, -17.0606269836, -18.5245933533],
        "skew": [-2.01607203484, -0.787331998348, -0.736861109734, -0.561716556549, -0.564490735531, -0.271263062954],
        "var": [1.65626049042, 4.43876266479, 8.1295671463, 7.9564447403, 6.2293920517, 5.0459895134],
        "cov": [[1.6748701334, 2.21480941772, 2.55999207497, 2.2846262455, 2.21730613708, 1.96094846725], [2.21480941772, 4.48863649368, 5.29462957382, 4.90001344681, 4.48677682877, 3.97979044914], [2.55999207497, 5.29462957382, 8.220911026, 7.93206834793, 6.94976949692, 6.01881456375], [2.2846262455, 4.90001344681, 7.93206834793, 8.04584312439, 6.92385149002, 5.9583978653], [2.21730613708, 4.48677682877, 6.94976949692, 6.92385149002, 6.2993850708, 5.52893638611], [1.96094846725, 3.97979044914, 6.01881456375, 5.9583978653, 5.52893638611, 5.10268592834]]
    }
},
"rhythm": {
    "beats_loudness": {
        "kurt": 0.224955320358,
        "max": 0.0459107160568,
        "mean": 0.0103444233537,
        "median": 0.00163473014254,
        "min": 2.02724049814e-06,
        "skew": 1.48177182674,
        "var": 0.000317808124237
    },
    "bpm": 172.265655518,
    "confidence": 0,
    "first_peak_bpm": {
        "kurt": 0,
        "max": 172,
        "mean": 172,
        "median": 172,
        "min": 172,
        "skew": 0,
        "var": 0
    },
    "first_peak_spread": {
        "kurt": 0,
        "max": 0,
        "mean": 0,
        "median": 0,
        "min": 0,
        "skew": 0,
        "var": 0
    },
    "first_peak_weight": {
        "kurt": 0,
        "max": 0.25,
        "mean": 0.25,
        "median": 0.25,
        "min": 0.25,
        "skew": 0,
        "var": 0
    },
    "onset_rate": 2.42286396027,
    "second_peak_bpm": {
        "kurt": 0,
        "max": 178,
        "mean": 178,
        "median": 178,
        "min": 178,
        "skew": 0,
        "var": 0
    },
    "second_peak_spread": {
        "kurt": 0,
        "max": 0,
        "mean": 0,
        "median": 0,
        "min": 0,
        "skew": 0,
        "var": 0
    },
    "second_peak_weight": {
        "kurt": 0,
        "max": 0.25,
        "mean": 0.25,
        "median": 0.25,
        "min": 0.25,
        "skew": 0,
        "var": 0
    },
    "beats_loudness_band_ratio": {
        "kurt": [0.245319128036, -0.258526802063, -1.66457331181, -0.4544069767, -0.838776350021, -1.44862735271],
        "max": [0.7105935812, 0.122329503298, 0.350805878639, 0.837179124355, 0.356202632189, 0.0269315205514],
        "mean": [0.150091975927, 0.0363197922707, 0.213903397322, 0.515984356403, 0.148720830679, 0.0154791716486],
        "median": [0.0172950178385, 0.0159103814512, 0.269092291594, 0.566508829594, 0.0815321132541, 0.016203539446],
        "min": [4.36242953583e-05, 4.63584183308e-05, 0.0351936817169, 0.0604646205902, 0.0393499024212, 0.00288733351044],
        "skew": [1.496494174, 1.16382658482, -0.340022563934, -0.724043726921, 0.84471142292, -0.124750375748],
        "var": [0.0786140710115, 0.00205530645326, 0.0162636544555, 0.0650366023183, 0.0138497222215, 7.82010683906e-05],
        "cov": [[0.0982675850391, 0.0152057697996, -0.0224620960653, -0.0801294669509, -0.0189705304801, 0.0019965285901], [0.0152057697996, 0.00256913295016, -0.00384716806002, -0.0126571590081, -0.00333119579591, 0.000246840267209], [-0.0224620960653, -0.00384716806002, 0.0203295685351, 0.0214222352952, -0.00709130894393, -0.00107061467133], [-0.0801294669509, -0.0126571590081, 0.0214222352952, 0.0812957510352, 0.00714648747817, -0.00145055248868], [-0.0189705304801, -0.00333119579591, -0.00709130894393, 0.00714648747817, 0.0173121523112, 0.000225743438932], [0.0019965285901, 0.000246840267209, -0.00107061467133, -0.00145055248868, 0.000225743438932, 9.77513336693e-05]]
    },
    "beats_position": [0.290249437094, 0.615328788757, 0.9287981987, 1.26548755169, 1.6137868166],
    "bpm_estimates": [172.265655518],
    "bpm_intervals": [0.325079351664, 0.313469409943, 0.336689352989, 0.348299264908],
    "onset_times": [0.0812698379159, 0.441179126501, 0.673378705978, 0.847528338432, 1.46285712719],
    "histogram": [[0, 0, 0, 0, 0, 0, 0, 0, 0, 0, 0, 0, 0, 0, 0, 0, 0, 0, 0, 0, 0, 0, 0, 0, 0, 0, 0, 0, 0, 0, 0, 0, 0, 0, 0, 0, 0, 0, 0, 0, 0, 0, 0, 0, 0, 0, 0, 0, 0, 0, 0, 0, 0, 0, 0, 0, 0, 0, 0, 0, 0, 0, 0, 0, 0, 0, 0, 0, 0, 0, 0, 0, 0, 0, 0, 0, 0, 0, 0, 0, 0, 0, 0, 0, 0, 0, 0, 0, 0, 0, 0, 0, 0, 0, 0, 0, 0, 0, 0, 0, 0, 0, 0, 0, 0, 0, 0, 0, 0, 0, 0, 0, 0, 0, 0, 0, 0, 0, 0, 0, 0, 0, 0, 0, 0, 0, 0, 0, 0, 0, 0, 0, 0, 0, 0, 0, 0, 0, 0, 0, 0, 0, 0, 0, 0, 0, 0, 0, 0, 0, 0, 0, 0, 0, 0, 0, 0, 0, 0, 0, 0, 0, 0, 0, 0, 0, 0, 0, 0, 0, 0, 0, 0.25, 0, 0, 0, 0, 0, 0.25, 0, 0, 0, 0, 0, 0, 0.25, 0, 0, 0, 0, 0, 0.25, 0, 0, 0, 0, 0, 0, 0, 0, 0, 0, 0, 0, 0, 0, 0, 0, 0, 0, 0, 0, 0, 0, 0, 0, 0, 0, 0, 0, 0, 0, 0, 0, 0, 0, 0, 0, 0, 0, 0, 0, 0, 0, 0, 0, 0, 0, 0, 0, 0, 0, 0, 0, 0, 0, 0, 0, 0, 0]]
},
"sfx": {
    "inharmonicity": {
        "kurt": 3.95659065247,
        "max": 0.361637532711,
        "mean": 0.0520744919777,
        "median": 0.0209615491331,
        "min": 0,
        "skew": 2.08821773529,
        "var": 0.00584965990856
    },
    "oddtoevenharmonicenergyratio": {
        "kurt": 25.8436107635,
        "max": 10.720957756,
        "mean": 0.714755952358,
        "median": 0.22395157814,
        "min": 0,
        "skew": 4.65257263184,
        "var": 2.11666369438
    },
    "pitch_after_max_to_before_max_energy_ratio": 2.12994027138,
    "pitch_centroid": 44.6222381592,
    "pitch_max_to_total": 0.333333343267,
    "pitch_min_to_total": 0.0111111113802,
    "tristimulus": {
        "kurt": [-0.844447135925, -0.571524381638, -0.0759057998657],
        "max": [1, 0.752612233162, 0.840058326721],
        "mean": [0.459237962961, 0.344020009041, 0.196742162108],
        "median": [0.478873252869, 0.342486649752, 0.0909564048052],
        "min": [0, 0, 0],
        "skew": [-0.0336034558713, 0.104623965919, 0.960277140141],
        "var": [0.0747391879559, 0.0308939516544, 0.0460617691278],
        "cov": [[0.0755789577961, -0.0301203504205, -0.0454586185515], [-0.0301203504205, 0.0312410742044, -0.00112071016338], [-0.0454586185515, -0.00112071016338, 0.0465793162584]]
    }
},
"tonal": {
    "chords_changes_rate": 0.0217391308397,
    "chords_number_rate": 0.0434782616794,
    "chords_strength": {
        "kurt": -0.818594455719,
        "max": 0.678710103035,
        "mean": 0.570849478245,
        "median": 0.573092162609,
        "min": 0.400473862886,
        "skew": -0.532623887062,
        "var": 0.00614626752213
    },
    "key_strength": 0.626651883125,
    "tuning_diatonic_strength": 0.696991801262,
    "tuning_equal_tempered_deviation": 0.280859738588,
    "tuning_frequency": 456.570251465,
    "tuning_nontempered_energy_ratio": 0.911207318306,
    "hpcp": {
        "kurt": [3.97678089142, 4.59895896912, 2.44826507568, 2.36922693253, 0.213648796082, 0.283490419388, 2.64830684662, 0.0838134288788, 0.363629579544, 4.42523956299, 3.148914814, 1.11462545395, 1.99802589417, 0.830482721329, 0.196760177612, -0.286400318146, -1.05713653564, -0.654872894287, 0.656127214432, 0.468819618225, 3.03667020798, 1.11271572113, 5.36654758453, 2.40466403961, 3.29550981522, 2.16658496857, 2.47069549561, -0.101916074753, -0.119338989258, -0.709990978241, -0.39560508728, 0.265001058578, 2.66709756851, 3.53575897217, 2.78505659103, 2.90597438812],
        "max": [0.854083180428, 1, 0.5715046525, 0.506492078304, 0.910329282284, 1, 0.880400061607, 0.648666977882, 0.579534649849, 0.891268193722, 1, 0.997020900249, 1, 0.868162810802, 1, 1, 1, 1, 0.809492230415, 0.772401332855, 1, 0.69590061903, 1, 1, 1, 0.845637917519, 0.988617122173, 1, 1, 1, 1, 1, 1, 1, 0.95133125782, 0.975192189217],
        "mean": [0.157785773277, 0.160691857338, 0.118263080716, 0.110461838543, 0.211415484548, 0.233595997095, 0.180244445801, 0.17077820003, 0.159953460097, 0.171470046043, 0.200823321939, 0.233532577753, 0.229789927602, 0.227850064635, 0.271168619394, 0.287339359522, 0.340330094099, 0.309446871281, 0.196433261037, 0.182697966695, 0.17877779901, 0.153050988913, 0.153959289193, 0.18152718246, 0.196552157402, 0.172054857016, 0.180592924356, 0.23440682888, 0.313141047955, 0.349974125624, 0.318452179432, 0.24877178669, 0.187784865499, 0.165319576859, 0.153903320432, 0.156400829554],
