{
"metadata": {
    "version": {
        "essentia": "2.1-beta3"
    }
},
"lowLevel": {
    "average_loudness": 0.99068403244,
    "barkbands_kurtosis": {
        "kurt": 13.0810642242,
        "max": 37.6193580627,
        "mean": 4.2622385025,
        "median": 2.52113866806,
        "min": -1.29313611984,
        "skew": 3.00747179985,
        "var": 36.7819328308
    },
    "barkbands_skewness": {
        "kurt": 1.00137233734,
        "max": 5.91105031967,
        "mean": 1.6155872345,
        "median": 1.57781338692,
        "min": -0.708137750626,
        "skew": 0.36963480711,
        "var": 1.51490366459
    },
    "barkbands_spread": {
        "kurt": -0.832252979279,
        "max": 41.6409111023,
        "mean": 17.9132709503,
        "median": 16.2565460205,
        "min": 1.72536814213,
        "skew": 0.448652982712,
        "var": 107.15562439
    },
    "dissonance": {
        "kurt": 8.6011133194,
        "max": 0.499958187342,
        "mean": 0.466464340687,
        "median": 0.478708356619,
        "min": 0.281795889139,
        "skew": -3.00690412521,
        "var": 0.00180807569996
    },
    "hfc": {
        "kurt": 22.0015640259,
        "max": 125.246009827,
        "mean": 5.24637556076,
        "median": 0.000745353871025,
        "min": 3.4346123493e-13,
        "skew": 4.56066942215,
        "var": 390.554962158
    },
    "pitch": {
        "kurt": 3.85896730423,
        "max": 4526.10351562,
        "mean": 774.559997559,
        "median": 219.166549683,
        "min": 98.4175033569,
        "skew": 2.28376603127,
        "var": 1404849.25
    },
    "pitch_instantaneous_confidence": {
        "kurt": 2.61185836792,
        "max": 0.912492573261,
        "mean": 0.35353499651,
        "median": 0.31803548336,
        "min": 0.113905072212,
        "skew": 1.50448381901,
        "var": 0.0277185440063
    },
    "pitch_salience": {
        "kurt": 3.2446680069,
        "max": 0.931298911572,
        "mean": 0.652956902981,
        "median": 0.655878424644,
        "min": 0.249840021133,
        "skew": -0.575387597084,
        "var": 0.0109859257936
    },
    "silence_rate_20dB": {
        "kurt": 0,
        "max": 1,
        "mean": 1,
        "median": 1,
        "min": 1,
        "skew": 0,
        "var": 0
    },
    "silence_rate_30dB": {
        "kurt": 0,
        "max": 1,
        "mean": 1,
        "median": 1,
        "min": 1,
        "skew": 0,
        "var": 0
    },
    "silence_rate_60dB": {
        "kurt": 4.94658279419,
        "max": 1,
        "mean": 0.898305058479,
        "median": 1,
        "min": 0,
        "skew": -2.63563108444,
        "var": 0.0913528725505
    },
    "spectral_centroid": {
        "kurt": 1.63678073883,
        "max": 2299.47729492,
        "mean": 805.976379395,
        "median": 681.205505371,
        "min": 253.63130188,
        "skew": 1.3887193203,
        "var": 205982.890625
    },
    "spectral_complexity": {
        "kurt": 8.1652765274,
        "max": 30,
        "mean": 2.32203388214,
        "median": 0,
        "min": 0,
        "skew": 2.95411801338,
        "var": 36.8962974548
    },
    "spectral_crest": {
        "kurt": 1.56893491745,
        "max": 24.3078289032,
        "mean": 10.2892341614,
        "median": 9.67484951019,
        "min": 3.72139549255,
        "skew": 0.91005718708,
        "var": 14.9080085754
    },
    "spectral_decrease": {
        "kurt": 13.9659080505,
        "max": -7.56466048158e-23,
        "mean": -9.07543984408e-10,
        "median": -3.05287099853e-13,
        "min": -1.62626836442e-08,
        "skew": -3.91927671432,
        "var": 1.10059854659e-17
    },
    "spectral_energy": {
        "kurt": 13.044593811,
        "max": 0.0659355968237,
        "mean": 0.00390113983303,
        "median": 1.20904189771e-06,
        "min": 3.16660779172e-16,
        "skew": 3.81731104851,
        "var": 0.000198358509806
    },
    "spectral_energyband_high": {
        "kurt": 26.300535202,
        "max": 0.000954536604695,
        "mean": 3.44449617842e-05,
        "median": 2.76759628548e-08,
        "min": 1.30227378261e-17,
        "skew": 5.19450569153,
        "var": 2.27243361905e-08
    },
    "spectral_energyband_low": {
        "kurt": 24.5756282806,
        "max": 0.000230625300901,
        "mean": 8.95698030945e-06,
        "median": 1.79731657113e-07,
        "min": 7.07836317263e-17,
        "skew": 4.90371274948,
        "var": 1.28437271929e-09
    },
    "spectral_energyband_middle_high": {
        "kurt": 35.4244194031,
        "max": 0.0577955208719,
        "mean": 0.00183207064401,
        "median": 1.96814355036e-07,
        "min": 7.38144016383e-17,
        "skew": 5.82859420776,
        "var": 6.65590996505e-05
    },
    "spectral_energyband_middle_low": {
        "kurt": 24.6196613312,
        "max": 0.063181258738,
        "mean": 0.00222442159429,
        "median": 7.74311502028e-07,
        "min": 1.59581894e-16,
        "skew": 5.14321517944,
        "var": 0.000119002375868
    },
    "spectral_flatness_db": {
        "kurt": 1.22142314911,
        "max": 0.405799210072,
        "mean": 0.180092424154,
        "median": 0.15681527555,
        "min": 0.0546286888421,
        "skew": 1.27608430386,
        "var": 0.00518383411691
    },
    "spectral_flux": {
        "kurt": 10.0351715088,
        "max": 0.281039476395,
        "mean": 0.0217326264828,
        "median": 0.000836568127852,
        "min": 7.20575917512e-06,
        "skew": 3.27986812592,
        "var": 0.00324892369099
    },
    "spectral_kurtosis": {
        "kurt": 6.39513301849,
        "max": 39.2720718384,
        "mean": 7.73334312439,
        "median": 5.05101394653,
        "min": 1.66177415848,
        "skew": 2.37761306763,
        "var": 48.790561676
    },
    "spectral_rms": {
        "kurt": 9.55191326141,
        "max": 0.00802043732256,
        "mean": 0.000696933828294,
        "median": 3.43446226907e-05,
        "min": 5.55821333403e-10,
        "skew": 3.26091885567,
        "var": 3.32027479999e-06
    },
    "spectral_rolloff": {
        "kurt": -0.379012823105,
        "max": 4155.90820312,
        "mean": 1277.02807617,
        "median": 796.728515625,
        "min": 215.33203125,
        "skew": 0.850353956223,
        "var": 970083.1875
    },
    "spectral_skewness": {
        "kurt": 3.39359045029,
        "max": 4.97542476654,
        "mean": 2.11158061028,
        "median": 1.98395955563,
        "min": 0.934977352619,
        "skew": 1.73932826519,
        "var": 0.600261092186
    },
    "spectral_spread": {
        "kurt": 12.9732122421,
        "max": 20271784,
        "mean": 5160431.5,
        "median": 5395020.5,
        "min": 1678967.625,
        "skew": 2.6564950943,
        "var": 7.57000044544e+12
    },
    "spectral_strongpeak": {
        "kurt": 14.4594707489,
        "max": 5.27144622803,
        "mean": 0.306422114372,
        "median": 0.00291679776274,
        "min": 0,
        "skew": 3.84299731255,
        "var": 0.891325056553
    },
    "zerocrossingrate": {
        "kurt": 30.6150512695,
        "max": 0.4775390625,
        "mean": 0.0643289834261,
        "median": 0.05078125,
        "min": 0.02392578125,
        "skew": 5.34433984756,
        "var": 0.00393085647374
    },
    "barkbands": {
        "kurt": [4.81672382355, 10.4483747482, 38.2704315186, 16.6613864899, 25.696428299, 17.8587799072, 43.4834938049, 17.3694477081, 36.4438285828, 46.7096328735, 13.3569583893, 30.5798530579, 41.8215866089, 42.9640045166, 15.5026721954, 24.8168201447, 40.8317489624, 47.7953605652, 48.8088531494, 25.9659900665, 49.4612236023, 29.7504653931, 13.5282268524, 23.287021637, 17.7329559326, 42.7205200195, 13.9982528687],
        "max": [1.31187514185e-08, 1.70166197222e-06, 4.4779619202e-05, 0.000237178959651, 0.000148454098962, 0.000107996420411, 0.000286170077743, 0.000296125537716, 0.0593612268567, 0.030989093706, 0.00036282101064, 0.00213276175782, 0.0089454036206, 0.00569879170507, 0.000194796317373, 0.0010698128026, 0.0291330721229, 0.00424584141001, 0.00317530753091, 0.000955817697104, 0.000409643980674, 2.9379818443e-05, 1.02534131656e-05, 1.34341635203e-05, 1.73352225374e-06, 5.20664293902e-08, 1.61230806484e-09],
        "mean": [1.81318893233e-09, 1.77250996103e-07, 1.54706037847e-06, 1.17097733892e-05, 6.4081527853e-06, 5.29900898982e-06, 8.18239641376e-06, 1.48066746988e-05, 0.00154826499056, 0.000771841732785, 2.23460701818e-05, 7.41368421586e-05, 0.000233628190472, 0.000158785856911, 1.05465733213e-05, 4.39158757217e-05, 0.00076240953058, 0.000107246909465, 7.31187319616e-05, 3.46752785845e-05, 9.91916385829e-06, 1.00477211618e-06, 5.59606064598e-07, 5.23197172697e-07, 8.67717915298e-08, 1.39570577318e-09, 9.0464663538e-11],
        "median": [7.46940287399e-10, 4.75493457941e-08, 6.04247745173e-08, 5.79270036383e-08, 1.41810104992e-07, 4.98036563101e-08, 3.45256232492e-08, 3.4796173054e-08, 3.4331041121e-08, 2.25467253756e-08, 1.46210243912e-08, 1.05417532481e-08, 9.35840294147e-09, 8.81646133877e-09, 6.38728314684e-09, 8.98729890508e-09, 1.34721842571e-08, 1.34119773065e-08, 2.06428047989e-08, 1.77360384157e-08, 1.17028751134e-08, 4.29729896112e-09, 6.35893837586e-10, 6.57645049529e-10, 2.71832001353e-10, 1.05521502994e-11, 2.49707047574e-13],
        "min": [2.07877998735e-17, 3.07719856723e-17, 1.99401151079e-17, 1.92015735154e-17, 4.3632658964e-17, 3.57961913774e-17, 2.69152659924e-17, 1.8280071152e-17, 1.37257991605e-17, 4.85887215303e-18, 1.43572136258e-18, 2.24681196805e-18, 4.53900885478e-18, 4.23675788613e-18, 1.83785035769e-18, 3.72764186758e-18, 9.55683286149e-18, 1.18400912345e-17, 2.10582151419e-17, 1.38176104183e-17, 2.14373719872e-18, 1.6456151343e-18, 2.10637924071e-18, 6.02749296671e-19, 1.20132112445e-18, 3.44788499002e-19, 3.18403427865e-19],
        "skew": [2.33479976654, 3.23758721352, 6.05767440796, 4.24960327148, 4.96424198151, 4.13009977341, 6.50733995438, 4.27290534973, 6.02187299728, 6.81034708023, 3.55570006371, 5.42529630661, 6.4200463295, 6.4625005722, 3.86649632454, 4.84512090683, 6.3486366272, 6.89396190643, 7.00454139709, 5.16790676117, 7.05389451981, 5.44238615036, 3.83762669563, 4.87908220291, 4.29669475555, 6.45717191696, 3.79791998863],
        "var": [8.66376317725e-18, 1.21040303431e-13, 3.81381246028e-11, 2.15635487244e-09, 5.16912623816e-10, 3.22287918575e-10, 1.47814882556e-09, 2.98555891121e-09, 7.07995059201e-05, 1.68778788066e-05, 4.10648848259e-09, 9.76665788244e-08, 1.48510650888e-06, 5.90559011471e-07, 1.12977494027e-09, 2.71801070539e-08, 1.59613355208e-05, 3.13004107966e-07, 1.74178936163e-07, 2.30705161641e-08, 2.87290302659e-09, 1.9317500724e-11, 4.17118900184e-12, 4.88390187667e-12, 1.06809126702e-13, 4.95688511468e-17, 9.16331683282e-20],
        "cov": [[8.81313876098e-18, 5.75280372638e-16, -7.17255164818e-16, -1.24866454592e-14, 1.98217042958e-14, 4.37508864993e-15, -2.73778137442e-15, 3.02340550057e-14, 2.1896195794e-12, -3.24042821655e-13, 2.0206955209e-14, -2.31525241416e-14, -8.91892150954e-14, -7.64037880814e-14, -5.41883187017e-15, -8.6389830497e-15, -2.71901452091e-13, -2.26086646149e-14, -6.74334025441e-15, -9.97036552982e-15, -3.48807066536e-15, -5.08947210836e-16, -7.97761768631e-17, -2.58230050128e-18, -1.8575358087e-17, -4.35325045558e-19, 7.49891311809e-20], [5.75280372638e-16, 1.23127202878e-13, 1.51490704204e-13, 1.80068568563e-12, 1.56894259412e-13, 4.77011117238e-13, 1.57378071079e-12, 2.8770581295e-13, -1.9310493482e-10, -1.17112042286e-10, -1.74275622145e-12, -6.6470101992e-12, -2.94361236775e-11, -2.12685650341e-11, -8.74293205107e-13, -5.72966327161e-12, -1.00976109418e-10, -1.39337118232e-11, -9.95584691077e-12, -4.21312333979e-12, -1.14240377141e-12, -1.20166178982e-13, -7.63323933684e-14, -6.94549262938e-14, -1.12572677688e-14, -1.8556431202e-16, -1.18676777079e-17], [-7.17255164818e-16, 1.51490704204e-13, 3.87956784753e-11, 2.56309334867e-10, 2.72274373186e-11, 5.64014390747e-11, 1.00363467537e-10, 1.11743642117e-10, -1.19206611249e-09, -1.03350283887e-09, -1.76229985466e-11, -9.2765246873e-11, -3.38938682676e-10, -2.3422641604e-10, -1.42508452955e-11, -6.092089333e-11, -1.13130060875e-09, -1.51467519083e-10, -1.09231734768e-10, -4.0761418546e-11, -1.10922434432e-11, -1.27534322079e-12, -7.28425295343e-13, -6.92824270176e-13, -1.08887820093e-13, -1.98260745623e-15, -7.42958736944e-17], [-1.24866454592e-14, 1.80068568563e-12, 2.56309334867e-10, 2.19353335495e-09, 2.38814329423e-10, 6.25654583697e-10, 1.35392708156e-09, 1.24792742806e-09, -1.29455459685e-08, -8.01202038048e-09, -1.72243760921e-10, -7.47223283248e-10, -2.59320676044e-09, -1.79027181968e-09, -1.16616244439e-10, -4.82850537331e-10, -8.58378257362e-09, -1.18022314144e-09, -8.50540582409e-10, -2.6321680946e-10, -6.22958212793e-11, -9.48392666483e-12, -5.79255697228e-12, -5.32882895796e-12, -7.73316361034e-13, -1.5112351881e-14, -6.3918879675e-16], [1.98217042958e-14, 1.56894259412e-13, 2.72274373186e-11, 2.38814329423e-10, 5.25824883635e-10, 2.80810402709e-10, 2.98488761485e-10, 1.05576347664e-09, 8.83275248498e-08, 6.29767216154e-09, 6.58270604692e-10, -3.43807149417e-10, -1.02444563943e-09, -4.35560587597e-10, -2.28084200832e-11, 1.07402746419e-10, -3.12764414367e-09, 3.09679476507e-10, -2.55014037664e-10, -3.2438236125e-11, 1.26584094769e-12, 2.4245089443e-12, 3.45665553472e-12, 2.37592367655e-12, 2.3922492676e-13, -1.58928273086e-15, 2.75055463127e-15], [4.37508864993e-15, 4.77011117238e-13, 5.64014390747e-11, 6.25654583697e-10, 2.80810402709e-10, 3.27844612569e-10, 6.24002072236e-10, 9.15856890327e-10, 4.87798530457e-08, 2.84788526095e-09, 3.21679793913e-10, -2.91002166808e-10, -9.15974629478e-10, -4.59845411749e-10, -2.70867651225e-11, 4.23197024299e-12, -2.86268764249e-09, 3.82375624219e-11, -2.65650029752e-10, -5.3987626869e-11, -7.36140488844e-12, 6.72666946016e-14, 1.39358349079e-12, 6.81506337908e-13, 5.57778141437e-14, -2.95531235253e-15, 1.17576950458e-15], [-2.73778137442e-15, 1.57378071079e-12, 1.00363467537e-10, 1.35392708156e-09, 2.98488761485e-10, 6.24002072236e-10, 1.50363410611e-09, 1.58551527463e-09, 2.29164820453e-09, -1.72663183751e-09, 1.75400128449e-11, -4.37120589725e-10, -1.58044621834e-09, -9.68297997339e-10, -6.27221330429e-11, -2.51807102947e-10, -5.20250820202e-09, -6.50076770192e-10, -4.93432295023e-10, -1.7405700492e-10, -4.43318853849e-11, -4.54340644968e-12, -2.69410492179e-12, -2.69396701127e-12, -3.81592598232e-13, -8.00907514002e-15, 4.50777752578e-16], [3.02340550057e-14, 2.8770581295e-13, 1.11743642117e-10, 1.24792742806e-09, 1.05576347664e-09, 9.15856890327e-10, 1.58551527463e-09, 3.0370341797e-09, 1.70766782048e-07, 2.51290739328e-08, 1.28570909474e-09, -4.3288700402e-10, -2.2466815075e-09, -4.36956720806e-10, -8.44428867108e-12, 3.39836381258e-10, -6.7162928552e-09, 4.25806057081e-10, -3.12964709703e-10, -7.75357070215e-11, -2.86555380119e-11, 6.63544393043e-12, 9.28088682295e-12, 5.19525351558e-12, 7.82911875521e-13, -1.61148568787e-15, 5.76535262538e-15], [2.1896195794e-12, -1.9310493482e-10, -1.19206611249e-09, -1.29455459685e-08, 8.83275248498e-08, 4.87798530457e-08, 2.29164820453e-09, 1.70766782048e-07, 7.20201860531e-05, 1.8248843844e-05, 3.84376591001e-07, -3.95179355905e-08, -1.48753571239e-07, 6.22643767656e-07, 3.60108813879e-08, 2.79122303937e-07, 3.0908765325e-07, 6.08859295426e-07, 7.26691737896e-08, 1.07951045436e-07, 2.50591707385e-08, 3.08068059951e-09, 6.92924917445e-09, 3.86273812936e-09, 6.91769863614e-10, 5.42048654226e-12, 1.31120266554e-12], [-3.24042821655e-13, -1.17112042286e-10, -1.03350283887e-09, -8.01202038048e-09, 6.29767216154e-09, 2.84788526095e-09, -1.72663183751e-09, 2.51290739328e-08, 1.8248843844e-05, 1.71688770934e-05, 8.18423728788e-08, 1.28169844515e-07, 1.05510957837e-06, 1.38122277349e-06, 5.69467992761e-08, 1.88110462318e-07, 4.11726750826e-06, 7.0875506708e-07, 1.25428968545e-07, 1.88242367472e-07, 6.04946421845e-08, 4.06088052074e-09, 5.2143827034e-09, 2.68353916866e-09, 6.31230956394e-10, 1.14632626308e-11, 9.29033217544e-13], [2.0206955209e-14, -1.74275622145e-12, -1.76229985466e-11, -1.72243760921e-10, 6.58270604692e-10, 3.21679793913e-10, 1.75400128449e-11, 1.28570909474e-09, 3.84376591001e-07, 8.18423728788e-08, 4.17729006941e-09, 8.14714695707e-09, 3.06397929251e-08, 2.06379908718e-08, 1.20469012543e-09, 5.75426728489e-09, 9.8223424061e-08, 1.61704321044e-08, 7.35588256973e-09, 4.13012646305e-09, 1.36109701288e-09, 1.65197591717e-10, 7.49569364911e-11, 6.79110864765e-11, 1.08897491718e-11, 1.76626237507e-13, 1.17553875163e-14], [-2.31525241416e-14, -6.6470101992e-12, -9.2765246873e-11, -7.47223283248e-10, -3.43807149417e-10, -2.91002166808e-10, -4.37120589725e-10, -4.3288700402e-10, -3.95179355905e-08, 1.28169844515e-07, 8.14714695707e-09, 9.93504869484e-08, 2.66903413149e-07, 1.38994806775e-07, 8.43569214481e-09, 5.08047612868e-08, 8.82155063664e-07, 9.86446266893e-08, 1.25698051079e-07, 4.07003462044e-08, 9.45914457873e-09, 7.89350751429e-10, 5.05435637788e-10, 6.50089149179e-10, 9.1448570938e-11, 1.36106208769e-12, 3.95926882588e-14], [-8.91892150954e-14, -2.94361236775e-11, -3.38938682676e-10, -2.59320676044e-09, -1.02444563943e-09, -9.15974629478e-10, -1.58044621834e-09, -2.2466815075e-09, -1.48753571239e-07, 1.05510957837e-06, 3.06397929251e-08, 2.66903413149e-07, 1.51071185428e-06, 9.17411568935e-07, 3.63234633483e-08, 1.46795727574e-07, 4.94217692903e-06, 6.77011144035e-07, 2.61045812522e-07, 1.7849494327e-07, 6.52435261372e-08, 4.77569628288e-09, 2.00199323785e-09, 2.21814300261e-09, 3.39194755616e-10, 8.52456733674e-12, 2.57292830704e-13], [-7.64037880814e-14, -2.12685650341e-11, -2.3422641604e-10, -1.79027181968e-09, -4.35560587597e-10, -4.59845411749e-10, -9.68297997339e-10, -4.36956720806e-10, 6.22643767656e-07, 1.38122277349e-06, 2.06379908718e-08, 1.38994806775e-07, 9.17411568935e-07, 6.00741088874e-07, 2.28175665029e-08, 8.25834902685e-08, 3.01877707898e-06, 4.29287894121e-07, 1.20095776879e-07, 1.06647576104e-07, 4.10836413778e-08, 3.0396352102e-09, 1.31018007554e-09, 1.27190502575e-09, 2.09170555876e-10, 5.46039905999e-12, 1.89771700958e-13], [-5.41883187017e-15, -8.74293205107e-13, -1.42508452955e-11, -1.16616244439e-10, -2.28084200832e-11, -2.70867651225e-11, -6.27221330429e-11, -8.44428867108e-12, 3.60108813879e-08, 5.69467992761e-08, 1.20469012543e-09, 8.43569214481e-09, 3.63234633483e-08, 2.28175665029e-08, 1.14925391426e-09, 4.79386885743e-09, 1.18957203199e-07, 1.58660355964e-08, 8.82684325632e-09, 4.68240246576e-09, 1.50278944844e-09, 1.2478171274e-10, 6.10151720815e-11, 6.35163865947e-11, 1.00598713387e-11, 2.06598369597e-13, 7.69819541365e-15], [-8.6389830497e-15, -5.72966327161e-12, -6.092089333e-11, -4.82850537331e-10, 1.07402746419e-10, 4.23197024299e-12, -2.51807102947e-10, 3.39836381258e-10, 2.79122303937e-07, 1.88110462318e-07, 5.75426728489e-09, 5.08047612868e-08, 1.46795727574e-07, 8.25834902685e-08, 4.79386885743e-09, 2.76487295281e-08, 4.89307979024e-07, 5.85682826681e-08, 6.42186321897e-08, 2.24382965541e-08, 5.48049206017e-09, 4.48029946476e-10, 3.04218455982e-10, 3.58315210836e-10, 5.19292456258e-11, 7.95414678133e-13, 2.91056377133e-14], [-2.71901452091e-13, -1.00976109418e-10, -1.13130060875e-09, -8.58378257362e-09, -3.12764414367e-09, -2.86268764249e-09, -5.20250820202e-09, -6.7162928552e-09, 3.0908765325e-07, 4.11726750826e-06, 9.8223424061e-08, 8.82155063664e-07, 4.94217692903e-06, 3.01877707898e-06, 1.18957203199e-07, 4.89307979024e-07, 1.62365304277e-05, 2.21969639824e-06, 8.88034890068e-07, 5.92223727836e-07, 2.1364368763e-07, 1.52580827972e-08, 6.77731915033e-09, 7.44329797797e-09, 1.13836606808e-09, 2.81597748591e-11, 8.70736588301e-13], [-2.26086646149e-14, -1.39337118232e-11, -1.51467519083e-10, -1.18022314144e-09, 3.09679476507e-10, 3.82375624219e-11, -6.50076770192e-10, 4.25806057081e-10, 6.08859295426e-07, 7.0875506708e-07, 1.61704321044e-08, 9.86446266893e-08, 6.77011144035e-07, 4.29287894121e-07, 1.58660355964e-08, 5.85682826681e-08, 2.21969639824e-06, 3.18400736887e-07, 8.53707646797e-08, 7.7522898323e-08, 3.0395391093e-08, 2.20737961243e-09, 9.09676445282e-10, 9.27587895383e-10, 1.46866116491e-10, 3.94993326241e-12, 1.30902721388e-13], [-6.74334025441e-15, -9.95584691077e-12, -1.09231734768e-10, -8.50540582409e-10, -2.55014037664e-10, -2.65650029752e-10, -4.93432295023e-10, -3.12964709703e-10, 7.26691737896e-08, 1.25428968545e-07, 7.35588256973e-09, 1.25698051079e-07, 2.61045812522e-07, 1.20095776879e-07, 8.82684325632e-09, 6.42186321897e-08, 8.88034890068e-07, 8.53707646797e-08, 1.77182016614e-07, 4.69866847652e-08, 8.13012857037e-09, 5.4654242243e-10, 6.08344652431e-10, 8.27603541254e-10, 1.10878188575e-10, 1.29618798334e-12, 3.83860085103e-14], [-9.97036552982e-15, -4.21312333979e-12, -4.0761418546e-11, -2.6321680946e-10, -3.2438236125e-11, -5.3987626869e-11, -1.7405700492e-10, -7.75357070215e-11, 1.07951045436e-07, 1.88242367472e-07, 4.13012646305e-09, 4.07003462044e-08, 1.7849494327e-07, 1.06647576104e-07, 4.68240246576e-09, 2.24382965541e-08, 5.92223727836e-07, 7.7522898323e-08, 4.69866847652e-08, 2.34682833167e-08, 7.42330374948e-09, 5.22251741852e-10, 2.87086576733e-10, 3.24316185019e-10, 4.83520168348e-11, 1.01264157649e-12, 3.32016789821e-14], [-3.48807066536e-15, -1.14240377141e-12, -1.10922434432e-11, -6.22958212793e-11, 1.26584094769e-12, -7.36140488844e-12, -4.43318853849e-11, -2.86555380119e-11, 2.50591707385e-08, 6.04946421845e-08, 1.36109701288e-09, 9.45914457873e-09, 6.52435261372e-08, 4.10836413778e-08, 1.50278944844e-09, 5.48049206017e-09, 2.1364368763e-07, 3.0395391093e-08, 8.13012857037e-09, 7.42330374948e-09, 2.92243584887e-09, 2.1076113077e-10, 8.43826675201e-11, 8.74178021637e-11, 1.38229549335e-11, 3.7833305282e-13, 1.20382490868e-14], [-5.08947210836e-16, -1.20166178982e-13, -1.27534322079e-12, -9.48392666483e-12, 2.4245089443e-12, 6.72666946016e-14, -4.54340644968e-12, 6.63544393043e-12, 3.08068059951e-09, 4.06088052074e-09, 1.65197591717e-10, 7.89350751429e-10, 4.77569628288e-09, 3.0396352102e-09, 1.2478171274e-10, 4.48029946476e-10, 1.52580827972e-08, 2.20737961243e-09, 5.4654242243e-10, 5.22251741852e-10, 2.1076113077e-10, 1.96505606925e-11, 6.13150762802e-12, 6.09618779068e-12, 1.01890251878e-12, 2.66245748728e-14, 8.66604384654e-16], [-7.97761768631e-17, -7.63323933684e-14, -7.28425295343e-13, -5.79255697228e-12, 3.45665553472e-12, 1.39358349079e-12, -2.69410492179e-12, 9.28088682295e-12, 6.92924917445e-09, 5.2143827034e-09, 7.49569364911e-11, 5.05435637788e-10, 2.00199323785e-09, 1.31018007554e-09, 6.10151720815e-11, 3.04218455982e-10, 6.77731915033e-09, 9.09676445282e-10, 6.08344652431e-10, 2.87086576733e-10, 8.43826675201e-11, 6.13150762802e-12, 4.24310586666e-12, 4.25018700789e-12, 6.64654475121e-13, 1.2251559088e-14, 5.2787675608e-16], [-2.58230050128e-18, -6.94549262938e-14, -6.92824270176e-13, -5.32882895796e-12, 2.37592367655e-12, 6.81506337908e-13, -2.69396701127e-12, 5.19525351558e-12, 3.86273812936e-09, 2.68353916866e-09, 6.79110864765e-11, 6.50089149179e-10, 2.21814300261e-09, 1.27190502575e-09, 6.35163865947e-11, 3.58315210836e-10, 7.44329797797e-09, 9.27587895383e-10, 8.27603541254e-10, 3.24316185019e-10, 8.74178021637e-11, 6.09618779068e-12, 4.25018700789e-12, 4.96810665523e-12, 7.16290796208e-13, 1.2424424113e-14, 4.39388626979e-16], [-1.8575358087e-17, -1.12572677688e-14, -1.08887820093e-13, -7.73316361034e-13, 2.3922492676e-13, 5.57778141437e-14, -3.81592598232e-13, 7.82911875521e-13, 6.91769863614e-10, 6.31230956394e-10, 1.08897491718e-11, 9.1448570938e-11, 3.39194755616e-10, 2.09170555876e-10, 1.00598713387e-11, 5.19292456258e-11, 1.13836606808e-09, 1.46866116491e-10, 1.10878188575e-10, 4.83520168348e-11, 1.38229549335e-11, 1.01890251878e-12, 6.64654475121e-13, 7.16290796208e-13, 1.0865066442e-13, 1.97744161405e-15, 7.60293927954e-17], [-4.35325045558e-19, -1.8556431202e-16, -1.98260745623e-15, -1.5112351881e-14, -1.58928273086e-15, -2.95531235253e-15, -8.00907514002e-15, -1.61148568787e-15, 5.42048654226e-12, 1.14632626308e-11, 1.76626237507e-13, 1.36106208769e-12, 8.52456733674e-12, 5.46039905999e-12, 2.06598369597e-13, 7.95414678133e-13, 2.81597748591e-11, 3.94993326241e-12, 1.29618798334e-12, 1.01264157649e-12, 3.7833305282e-13, 2.66245748728e-14, 1.2251559088e-14, 1.2424424113e-14, 1.97744161405e-15, 5.04234875382e-17, 1.71570886844e-18], [7.49891311809e-20, -1.18676777079e-17, -7.42958736944e-17, -6.3918879675e-16, 2.75055463127e-15, 1.17576950458e-15, 4.50777752578e-16, 5.76535262538e-15, 1.31120266554e-12, 9.29033217544e-13, 1.17553875163e-14, 3.95926882588e-14, 2.57292830704e-13, 1.89771700958e-13, 7.69819541365e-15, 2.91056377133e-14, 8.70736588301e-13, 1.30902721388e-13, 3.83860085103e-14, 3.32016789821e-14, 1.20382490868e-14, 8.66604384654e-16, 5.2787675608e-16, 4.39388626979e-16, 7.60293927954e-17, 1.71570886844e-18, 9.32130509864e-20]]
    },
    "mfcc": {
        "kurt": [0.281710624695, 0.0110859870911, 1.47068738937, -0.157282829285, 0.848656415939, 4.07154989243, 0.799046516418, 0.614051580429, 1.1009812355, 1.25980567932, 1.92279100418, 1.610476017, 6.23381900787],
        "max": [-679.181518555, 196.297027588, 47.6824684143, 56.6317749023, 17.6329040527, 19.1162719727, 32.8578910828, 33.1350784302, 16.7587852478, 14.2859611511, 8.08157348633, 21.0005474091, 7.15552520752],
        "mean": [-1028.37512207, 56.2830200195, -10.4355430603, 3.55426764488, -3.31001234055, -3.3377892971, 5.49251651764, 3.47057127953, 1.52209174633, -3.18241143227, -5.64286231995, -0.823047816753, -7.39083385468],
        "median": [-1093.5723877, 44.7068595886, 9.10876464844, 7.36555862427, 1.76629638672, 0.648307800293, 3.70964431763, 1.77684783936, 0.450668334961, -1.00461578369, -2.88087844849, -1.49824523926, -4.88851165771],
        "min": [-1138.42004395, 1.14440917969e-05, -170.594940186, -41.0889129639, -57.0850028992, -65.1695556641, -15.8952255249, -21.4318275452, -12.7076950073, -25.9198150635, -34.5914535522, -22.3409423828, -50.758026123],
        "skew": [1.22189974785, 0.844605386257, -1.63755989075, -0.156742200255, -1.30583834648, -1.88344216347, 0.762430429459, 0.236979916692, 0.474646478891, -0.85085016489, -1.49297475815, 0.240511134267, -2.51402330399],
        "var": [17542.7734375, 2484.99291992, 3355.35888672, 373.570739746, 339.667327881, 243.318252563, 114.191146851, 107.216888428, 31.5026721954, 59.6974639893, 83.5674209595, 60.273311615, 121.25289917],
        "cov": [[17845.2363281, 3913.30566406, -6477.61328125, -1534.35461426, -1949.79345703, -1533.94458008, 359.50012207, 541.767578125, 289.019104004, -256.986206055, -540.94140625, 217.777114868, -1046.70703125], [3913.30566406, 2527.83764648, -464.600921631, -209.357406616, -491.283660889, -382.421112061, 27.6365947723, -22.6791648865, 57.1801300049, -167.391342163, -238.201065063, 70.9456863403, -157.991226196], [-6477.61328125, -464.600921631, 3413.20996094, 832.866821289, 576.972167969, 438.095947266, -260.628234863, -386.314361572, -140.202484131, 15.842754364, 41.6855010986, -74.3311920166, 354.580383301], [-1534.35461426, -209.357406616, 832.866821289, 380.011627197, 165.167373657, 139.661895752, -33.3771286011, -126.948410034, -0.7831620574, -24.8459339142, -34.8087120056, -7.1000919342, 87.8279495239], [-1949.79345703, -491.283660889, 576.972167969, 165.167373657, 345.523681641, 269.866607666, 55.8003387451, 11.2840471268, -23.0949363708, 43.3037796021, 94.0432815552, -20.8971881866, 131.4402771], [-1533.94458008, -382.421112061, 438.095947266, 139.661895752, 269.866607666, 247.513397217, 60.2283210754, 0.0454265996814, -19.41755867, 8.05817890167, 75.0262680054, -6.57262659073, 109.735992432], [359.50012207, 27.6365947723, -260.628234863, -33.3771286011, 55.8003387451, 60.2283210754, 116.159965515, 68.0605697632, 11.4270114899, -11.8353061676, 5.49500894547, 27.491399765, 1.85780227184], [541.767578125, -22.6791648865, -386.314361572, -126.948410034, 11.2840471268, 0.0454265996814, 68.0605697632, 109.065452576, 15.4564533234, 21.7527084351, 35.1410865784, -13.1226663589, -36.2937774658], [289.019104004, 57.1801300049, -140.202484131, -0.7831620574, -23.0949363708, -19.41755867, 11.4270114899, 15.4564533234, 32.0458221436, 3.40036964417, -13.1498651505, -3.23096632957, -19.0176181793], [-256.986206055, -167.391342163, 15.842754364, -24.8459339142, 43.3037796021, 8.05817890167, -11.8353061676, 21.7527084351, 3.40036964417, 60.7267303467, 37.5310592651, -21.5668125153, 6.30228042603], [-540.94140625, -238.201065063, 41.6855010986, -34.8087120056, 94.0432815552, 75.0262680054, 5.49500894547, 35.1410865784, -13.1498651505, 37.5310592651, 85.0082397461, -10.103562355, 45.7988243103], [217.777114868, 70.9456863403, -74.3311920166, -7.1000919342, -20.8971881866, -6.57262659073, 27.491399765, -13.1226663589, -3.23096632957, -21.5668125153, -10.103562355, 61.3125076294, 28.6671543121], [-1046.70703125, -157.991226196, 354.580383301, 87.8279495239, 131.4402771, 109.735992432, 1.85780227184, -36.2937774658, -19.0176181793, 6.30228042603, 45.7988243103, 28.6671543121, 123.343460083]]
    },
    "sccoeffs": {
        "kurt": [2.6911611557, 3.54747819901, 6.71681976318, 2.96909093857, 1.4075050354, 0.509424686432],
        "max": [-0.483069300652, -0.59975618124, -0.382925093174, -0.514141976833, -0.598335504532, -0.739012002945],
        "mean": [-0.790633141994, -0.86338865757, -0.849478423595, -0.851341366768, -0.857965052128, -0.839599490166],
        "median": [-0.816000163555, -0.880408346653, -0.882092654705, -0.889099538326, -0.895437300205, -0.847460627556],
        "min": [-0.995742321014, -0.980385661125, -0.956617414951, -0.972755789757, -0.975920438766, -0.957818448544],
        "skew": [1.70548629761, 1.51070070267, 2.47284007072, 1.62381327152, 1.44548594952, 0.291307896376],
        "var": [0.0104410685599, 0.00405274983495, 0.0121474480256, 0.00727226398885, 0.00629120646045, 0.00170570891351],
        "cov": [[0.0106210876256, 0.00403572618961, 0.00642888620496, 0.00398330343887, 0.00343149132095, 0.0020004096441], [0.00403572618961, 0.00412262463942, 0.0052616558969, 0.00310795078985, 0.00298800528981, 0.00135689682793], [0.00642888620496, 0.0052616558969, 0.0123568866402, 0.00723708048463, 0.00645575113595, 0.00272474111989], [0.00398330343887, 0.00310795078985, 0.00723708048463, 0.00739764794707, 0.00626289984211, 0.00222972524352], [0.00343149132095, 0.00298800528981, 0.00645575113595, 0.00626289984211, 0.00639967573807, 0.00249946699478], [0.0020004096441, 0.00135689682793, 0.00272474111989, 0.00222972524352, 0.00249946699478, 0.00173511763569]]
    },
    "scvalleys": {
        "kurt": [11.3814535141, 3.73539161682, 1.97028923035, 2.58565139771, 2.78057575226, 4.18055057526],
        "max": [-8.38730335236, -6.11983156204, -5.67868089676, -6.28146028519, -6.19303655624, -9.19468688965],
        "mean": [-10.4354047775, -10.3288726807, -10.4962444305, -11.2323818207, -11.4417695999, -13.8202724457],
        "median": [-9.98684024811, -10.0062398911, -10.534368515, -11.4384832382, -11.3235197067, -13.7485723495],
        "min": [-19.6402759552, -20.1470794678, -21.5637874603, -21.7267055511, -21.3836746216, -23.336315155],
        "skew": [-2.79501819611, -1.17857444286, -0.699390769005, -0.666775226593, -0.63603156805, -0.915487289429],
        "var": [3.03251576424, 5.44786977768, 8.31266784668, 7.07261514664, 6.34462404251, 4.99163913727],
        "cov": [[3.0848004818, 3.59159135818, 4.23149776459, 3.8562207222, 3.64780282974, 3.28991174698], [3.59159135818, 5.54179859161, 6.42627000809, 5.64886283875, 5.36745691299, 4.8215045929], [4.23149776459, 6.42627000809, 8.45598983765, 7.66447067261, 7.20242595673, 6.34336709976], [3.8562207222, 5.64886283875, 7.66447067261, 7.1945567131, 6.73119688034, 5.88164281845], [3.64780282974, 5.36745691299, 7.20242595673, 6.73119688034, 6.4540143013, 5.67069959641], [3.28991174698, 4.8215045929, 6.34336709976, 5.88164281845, 5.67069959641, 5.07770204544]]
    }
},
"rhythm": {
    "beats_loudness": {
        "kurt": -1.99999988079,
        "max": 0.000643579987809,
        "mean": 0.000321818777593,
        "median": 0.000321818777593,
        "min": 5.75388661161e-08,
        "skew": -1.56224956527e-07,
        "var": 1.03530283013e-07
    },
    "bpm": 112.347137451,
    "confidence": 0,
    "first_peak_bpm": {
        "kurt": 0,
        "max": 112,
        "mean": 112,
        "median": 112,
        "min": 112,
        "skew": 0,
        "var": 0
    },
    "first_peak_spread": {
        "kurt": 0,
        "max": 0,
        "mean": 0,
        "median": 0,
        "min": 0,
        "skew": 0,
        "var": 0
    },
    "first_peak_weight": {
        "kurt": 0,
        "max": 1,
        "mean": 1,
        "median": 1,
        "min": 1,
        "skew": 0,
        "var": 0
    },
    "onset_rate": 1.50986039639,
    "second_peak_bpm": {
        "kurt": 0,
        "max": 0,
        "mean": 0,
        "median": 0,
        "min": 0,
        "skew": 0,
        "var": 0
    },
    "second_peak_spread": {
        "kurt": 0,
        "max": 0,
        "mean": 0,
        "median": 0,
        "min": 0,
        "skew": 0,
        "var": 0
    },
    "second_peak_weight": {
        "kurt": 0,
        "max": 0,
        "mean": 0,
        "median": 0,
        "min": 0,
        "skew": 0,
        "var": 0
    },
    "beats_loudness_band_ratio": {
        "kurt": [-2, -1.99999988079, -2, -2, -2, -2],
        "max": [0.632378876209, 0.522877812386, 0.21293912828, 0.0676065310836, 0.0349583439529, 0.0419301986694],
        "mean": [0.620173931122, 0.323916971684, 0.130285173655, 0.0442130453885, 0.0231288596988, 0.0318837203085],
        "median": [0.620173931122, 0.323916971684, 0.130285173655, 0.0442130453885, 0.0231288596988, 0.0318837203085],
        "min": [0.60796892643, 0.124956101179, 0.0476312153041, 0.0208195578307, 0.0112993754447, 0.0218372419477],
        "skew": [-7.31619684302e-06, -2.36497896822e-07, 0, -1.42084047638e-07, 0, 0],
        "var": [0.000148961407831, 0.0395854189992, 0.00683167623356, 0.000547255214769, 0.000139936702908, 0.000100931727502],
        "cov": [[0.000297922815662, 0.00485662464052, -0.00201757880859, -0.000571033800952, 0.000288757117232, 0.00024523405591], [0.00485662464052, 0.0791708379984, -0.0328898057342, -0.00930877588689, 0.00470720883459, 0.00399771146476], [-0.00201757880859, -0.0328898057342, 0.0136633524671, 0.00386712839827, -0.00195550732315, -0.00166076235473], [-0.000571033800952, -0.00930877588689, 0.00386712839827, 0.00109451042954, -0.000553465797566, -0.000470044324175], [0.000288757117232, 0.00470720883459, -0.00195550732315, -0.000553465797566, 0.000279873405816, 0.00023768930987], [0.00024523405591, 0.00399771146476, -0.00166076235473, -0.000470044324175, 0.00023768930987, 0.000201863455004]]
    },
    "beats_position": [0.545668900013, 1.07972788811],
    "bpm_estimates": [112.347137451],
    "bpm_intervals": [0.534058988094],
    "onset_times": [0.0348299331963, 0.580498874187],
    "histogram": [[0, 0, 0, 0, 0, 0, 0, 0, 0, 0, 0, 0, 0, 0, 0, 0, 0, 0, 0, 0, 0, 0, 0, 0, 0, 0, 0, 0, 0, 0, 0, 0, 0, 0, 0, 0, 0, 0, 0, 0, 0, 0, 0, 0, 0, 0, 0, 0, 0, 0, 0, 0, 0, 0, 0, 0, 0, 0, 0, 0, 0, 0, 0, 0, 0, 0, 0, 0, 0, 0, 0, 0, 0, 0, 0, 0, 0, 0, 0, 0, 0, 0, 0, 0, 0, 0, 0, 0, 0, 0, 0, 0, 0, 0, 0, 0, 0, 0, 0, 0, 0, 0, 0, 0, 0, 0, 0, 0, 0, 0, 0, 0, 1, 0, 0, 0, 0, 0, 0, 0, 0, 0, 0, 0, 0, 0, 0, 0, 0, 0, 0, 0, 0, 0, 0, 0, 0, 0, 0, 0, 0, 0, 0, 0, 0, 0, 0, 0, 0, 0, 0, 0, 0, 0, 0, 0, 0, 0, 0, 0, 0, 0, 0, 0, 0, 0, 0, 0, 0, 0, 0, 0, 0, 0, 0, 0, 0, 0, 0, 0, 0, 0, 0, 0, 0, 0, 0, 0, 0, 0, 0, 0, 0, 0, 0, 0, 0, 0, 0, 0, 0, 0, 0, 0, 0, 0, 0, 0, 0, 0, 0, 0, 0, 0, 0, 0, 0, 0, 0, 0, 0, 0, 0, 0, 0, 0, 0, 0, 0, 0, 0, 0, 0, 0, 0, 0, 0, 0, 0, 0, 0, 0, 0, 0, 0, 0, 0, 0, 0, 0]]
},
"sfx": {
    "inharmonicity": {
        "kurt": 0.860746622086,
        "max": 0.222047120333,
        "mean": 0.0526335351169,
        "median": 0.0315391719341,
        "min": 0,
        "skew": 1.24189889431,
        "var": 0.00319926417433
    },
    "oddtoevenharmonicenergyratio": {
        "kurt": 3.94359827042,
        "max": 6.37463998795,
        "mean": 0.840069830418,
        "median": 0.181751161814,
        "min": 0,
        "skew": 2.18180418015,
        "var": 2.14239478111
    },
    "pitch_after_max_to_before_max_energy_ratio": 1.58333861828,
    "pitch_centroid": 29.6115627289,
    "pitch_max_to_total": 0.576271176338,
    "pitch_min_to_total": 0.94915252924,
    "tristimulus": {
        "kurt": [-0.231549739838, -0.595445156097, -1.1175570488],
        "max": [1, 0.743386685848, 0.6457067132],
        "mean": [0.442060381174, 0.301658242941, 0.256281405687],
        "median": [0.361442059278, 0.259769141674, 0.29926559329],
        "min": [0, 0, 0],
        "skew": [0.662907123566, 0.592444062233, -0.140921145678],
        "var": [0.0738990083337, 0.0430586487055, 0.0335914753377],
        "cov": [[0.0751731321216, -0.0424017608166, -0.032771371305], [-0.0424017608166, 0.0438010394573, -0.00139927014243], [-0.032771371305, -0.00139927014243, 0.0341706387699]]
    }
},
"tonal": {
    "chords_changes_rate": 0.0333333350718,
    "chords_number_rate": 0.0666666701436,
    "chords_strength": {
        "kurt": -0.593715429306,
        "max": 0.559193611145,
        "mean": 0.537386536598,
        "median": 0.556017041206,
        "min": 0.478152215481,
        "skew": -0.919487118721,
        "var": 0.000685197184794
    },
    "key_strength": 0.684652686119,
    "tuning_diatonic_strength": 0.692489683628,
    "tuning_equal_tempered_deviation": 0.256092131138,
    "tuning_frequency": 432.441040039,
    "tuning_nontempered_energy_ratio": 0.931449830532,
    "hpcp": {
        "kurt": [0.464224338531, 5.44698143005, 2.00550937653, 4.76750278473, 11.1115942001, 6.56135559082, 14.9929046631, 12.3189020157, -0.281237125397, 5.92923355103, -0.118534088135, 6.67238616943, 2.30981063843, 2.49601602554, 2.78330945969, 4.93609714508, 2.27863407135, 1.21562862396, 3.41911506653, 2.85612344742, 1.57414960861, 3.67509174347, 5.34434604645, 7.61420536041, -0.0474178791046, 2.63975000381, 1.88690471649, 2.09476900101, 1.23431921005, 3.92913627625, 1.00832366943, 0.157484054565, -1.72160851955, -0.832843780518, 1.94905805588, -0.138973236084],
        "max": [1, 0.553216576576, 0.251339554787, 0.386293083429, 0.567781925201, 0.353316187859, 0.706300318241, 0.929438114166, 0.337620407343, 0.52724647522, 0.341798067093, 1, 1, 1, 0.66104465723, 0.826516985893, 1, 1, 1, 1, 1, 1, 0.908701479435, 0.6409111619, 0.248825699091, 0.490686774254, 0.675572276115, 1, 0.86096817255, 0.872858405113, 0.63995474577, 1, 1, 0.888918340206, 0.674646496773, 1],
        "mean": [0.23178178072, 0.0946423262358, 0.0485949032009, 0.0594178289175, 0.0691398605704, 0.058536529541, 0.0797965601087, 0.109650813043, 0.0981846377254, 0.0933420434594, 0.101318627596, 0.136532261968, 0.191521808505, 0.1865632236, 0.136303052306, 0.123610511422, 0.171095594764, 0.207465484738, 0.18272306025, 0.197264507413, 0.212280571461, 0.161520019174, 0.127157524228, 0.0826053470373, 0.07156278193, 0.0983332023025, 0.139228507876, 0.188530951738, 0.158651843667, 0.129921525717, 0.14580950141, 0.317937254906, 0.508754312992, 0.336188942194, 0.155704021454, 0.24754601717],
        "median": [0.0729327648878, 0.0694272071123, 0.0224295146763, 0.024750482291, 0.0328785516322, 0.0358593389392, 0.0407611504197, 0.0423569343984, 0.0545780360699, 0.0597271844745, 0.0700001344085, 0.0519195608795, 0.0794217512012, 0.0632285699248, 0.0698610693216, 0.0639375448227, 0.0805973410606, 0.0543203875422, 0.0799533873796, 0.135711669922, 0.078824788332, 0.0614140406251, 0.0574282258749, 0.0273767970502, 0.0599258616567, 0.0640176534653, 0.074277356267, 0.0335173979402, 0.0396276414394, 0.0293975025415, 0.0766797810793, 0.273639202118, 0.457044810057, 0.281638920307, 0.100180149078, 0.0814372003078],
        "min": [0, 0, 0, 0, 0, 0, 0, 0, 0, 0, 0, 0, 0, 0, 0, 0, 0, 0, 0, 0, 0, 0, 0, 0, 0, 0, 0, 0, 0, 0, 0, 0, 0, 0, 0, 0],
