{
"metadata": {
    "version": {
        "essentia": "2.1-beta3"
    }
},
"lowLevel": {
    "average_loudness": 0.99068403244,
    "barkbands_kurtosis": {
        "kurt": 8.62158107758,
        "max": 56.6488800049,
        "mean": 6.11930751801,
        "median": 2.65496969223,
        "min": -1.2997597456,
        "skew": 2.55860710144,
        "var": 95.3739776611
    },
    "barkbands_skewness": {
        "kurt": 1.69637107849,
        "max": 6.77859687805,
        "mean": 1.3692458868,
        "median": 1.36366033554,
        "min": -0.670353233814,
        "skew": 0.959862709045,
        "var": 1.98158347607
    },
    "barkbands_spread": {
        "kurt": 2.41152620316,
        "max": 35.6300697327,
        "mean": 8.3390378952,
        "median": 5.24511098862,
        "min": 0.653707683086,
        "skew": 1.49961292744,
        "var": 54.8375663757
    },
    "dissonance": {
        "kurt": -0.379096746445,
        "max": 0.499075442553,
        "mean": 0.411096870899,
        "median": 0.441095590591,
        "min": 0.204444736242,
        "skew": -0.792048990726,
        "var": 0.00582592189312
    },
    "hfc": {
        "kurt": 5.58891868591,
        "max": 99.0850067139,
        "mean": 9.84710788727,
        "median": 0.0595466010273,
        "min": 1.9770957806e-05,
        "skew": 2.49926447868,
        "var": 446.796417236
    },
    "pitch": {
        "kurt": 5.75951957703,
        "max": 1656.63330078,
        "mean": 467.749603271,
        "median": 360.517089844,
        "min": 93.4943847656,
        "skew": 2.31964659691,
        "var": 93727.0234375
    },
    "pitch_instantaneous_confidence": {
        "kurt": -1.16664493084,
        "max": 0.975865781307,
        "mean": 0.630353271961,
        "median": 0.672579467297,
        "min": 0.160248637199,
        "skew": -0.404232889414,
        "var": 0.0531984232366
    },
    "pitch_salience": {
        "kurt": -0.885944366455,
        "max": 0.820713400841,
        "mean": 0.556745529175,
        "median": 0.546575844288,
        "min": 0.176274359226,
        "skew": -0.236437872052,
        "var": 0.0240690391511
    },
    "silence_rate_20dB": {
        "kurt": 0,
        "max": 1,
        "mean": 1,
        "median": 1,
        "min": 1,
        "skew": 0,
        "var": 0
    },
    "silence_rate_30dB": {
        "kurt": 66.0143966675,
        "max": 1,
        "mean": 0.985915482044,
        "median": 1,
        "min": 0,
        "skew": -8.24707889557,
        "var": 0.0138861285523
    },
    "silence_rate_60dB": {
        "kurt": -1.53102874756,
        "max": 1,
        "mean": 0.66197180748,
        "median": 1,
        "min": 0,
        "skew": -0.684814214706,
        "var": 0.223765254021
    },
    "spectral_centroid": {
        "kurt": 0.19685792923,
        "max": 2379.69165039,
        "mean": 980.253540039,
        "median": 776.805969238,
        "min": 472.305511475,
        "skew": 1.14666628838,
        "var": 256941.5
    },
    "spectral_complexity": {
        "kurt": 0.566656351089,
        "max": 28,
        "mean": 4.70422554016,
        "median": 1,
        "min": 0,
        "skew": 1.40547800064,
        "var": 54.9969825745
    },
    "spectral_crest": {
        "kurt": -0.989289522171,
        "max": 25.5070323944,
        "mean": 13.5912561417,
        "median": 13.6658439636,
        "min": 3.80293154716,
        "skew": 0.0541580729187,
        "var": 34.490940094
    },
    "spectral_decrease": {
        "kurt": 8.01119995117,
        "max": -5.1791626272e-15,
        "mean": -2.95777713433e-09,
        "median": -2.69435689038e-11,
        "min": -3.43806654257e-08,
        "skew": -2.81059336662,
        "var": 4.27818606906e-17
    },
    "spectral_energy": {
        "kurt": 7.78182792664,
        "max": 0.138747677207,
        "mean": 0.0120564810932,
        "median": 0.000107092120743,
        "min": 2.13405844107e-08,
        "skew": 2.77998924255,
        "var": 0.000705863814801
    },
    "spectral_energyband_high": {
        "kurt": 7.0235490799,
        "max": 2.83545432467e-05,
        "mean": 2.83638769361e-06,
        "median": 1.66425280668e-07,
        "min": 3.83870546461e-10,
        "skew": 2.67236638069,
        "var": 3.39720161724e-11
    },
    "spectral_energyband_low": {
        "kurt": 8.19211196899,
        "max": 2.74452247595e-07,
        "mean": 5.03664807638e-08,
        "median": 3.9935166285e-08,
        "min": 2.72898370568e-10,
        "skew": 2.8303027153,
        "var": 2.73166494951e-15
    },
    "spectral_energyband_middle_high": {
        "kurt": 5.39626502991,
        "max": 0.0403784364462,
        "mean": 0.00411272235215,
        "median": 1.03151905932e-05,
        "min": 7.0448651357e-09,
        "skew": 2.41923570633,
        "var": 7.35393114155e-05
    },
    "spectral_energyband_middle_low": {
        "kurt": 11.9247207642,
        "max": 0.111818671227,
        "mean": 0.00796963926405,
        "median": 8.1871097791e-05,
        "min": 1.37436719783e-08,
        "skew": 3.36043524742,
        "var": 0.000389881373849
    },
    "spectral_flatness_db": {
        "kurt": -1.16486811638,
        "max": 0.531639039516,
        "mean": 0.304983764887,
        "median": 0.341366767883,
        "min": 0.0693193599582,
        "skew": -0.314584136009,
        "var": 0.0143413608894
    },
    "spectral_flux": {
        "kurt": 0.00921154022217,
        "max": 0.228421390057,
        "mean": 0.053578261286,
        "median": 0.0126557620242,
        "min": 0.00019288227486,
        "skew": 1.15626645088,
        "var": 0.00454784464091
    },
    "spectral_kurtosis": {
        "kurt": -0.656404018402,
        "max": 93.5596542358,
        "mean": 32.3777008057,
        "median": 30.1615905762,
        "min": 2.65607833862,
        "skew": 0.53151255846,
        "var": 525.588378906
    },
    "spectral_rms": {
        "kurt": 1.87029504776,
        "max": 0.0116345854476,
        "mean": 0.00191182841081,
        "median": 0.000323233834933,
        "min": 4.56290263173e-06,
        "skew": 1.69333529472,
        "var": 8.10733217804e-06
    },
    "spectral_rolloff": {
        "kurt": -0.332958459854,
        "max": 3703.7109375,
        "mean": 1433.62646484,
        "median": 1076.66015625,
        "min": 473.73046875,
        "skew": 1.01190567017,
        "var": 932120.375
    },
    "spectral_skewness": {
        "kurt": -1.07583522797,
        "max": 7.18999910355,
        "mean": 3.95187759399,
        "median": 4.12423181534,
        "min": 1.40778577328,
        "skew": 0.0580063574016,
        "var": 2.54186940193
    },
    "spectral_spread": {
        "kurt": 2.68022441864,
        "max": 8441247,
        "mean": 2467973.5,
        "median": 1981702.375,
        "min": 866088.125,
        "skew": 1.51962137222,
        "var": 2.37261081805e+12
    },
    "spectral_strongpeak": {
        "kurt": 3.38828420639,
        "max": 5.9303483963,
        "mean": 0.786012589931,
        "median": 0.0927598774433,
        "min": 0.000284996262053,
        "skew": 2.06918907166,
        "var": 1.94087433815
    },
    "zerocrossingrate": {
        "kurt": 0.0579063892365,
        "max": 0.1171875,
        "mean": 0.0484911426902,
        "median": 0.03515625,
        "min": 0.01123046875,
        "skew": 1.17087566853,
        "var": 0.000801070302259
    },
    "barkbands": {
        "kurt": [28.6160068512, -0.937144994736, 20.0323448181, 38.1549568176, 3.13231420517, 39.8497695923, 19.4771308899, 12.6290111542, 8.84736251831, 7.02143383026, 8.47277069092, 12.5782651901, 9.17303752899, 4.35977506638, 10.3262825012, 20.3594684601, 29.3968238831, 10.341044426, 17.1772098541, 23.0684947968, 10.5754699707, 15.2099647522, 14.9016017914, 16.6140651703, 13.6600227356, 31.8674125671, 12.4939146042],
        "max": [2.13317505882e-08, 3.84051581648e-08, 1.79359474828e-07, 5.64748745546e-07, 1.25863371068e-05, 0.000586568610743, 0.00892612710595, 0.111359007657, 0.000945663254242, 0.00242551928386, 0.00930654257536, 0.0231341850013, 0.00503227300942, 0.00594761036336, 0.00542490277439, 0.00314703769982, 0.0020216840785, 0.000218336383114, 5.45775474166e-05, 2.27854561672e-05, 1.30377993628e-05, 1.86195975402e-05, 4.64803008526e-07, 4.32224737779e-07, 1.17788523823e-07, 4.68889211902e-08, 3.57216856095e-09],
        "mean": [1.10577758061e-09, 1.66675704349e-08, 1.94490450411e-08, 2.68345807797e-08, 1.69053953414e-06, 2.24865634664e-05, 0.000519053603057, 0.00728244753554, 9.21151731745e-05, 0.000213155450183, 0.000775217602495, 0.00149555190001, 0.000397986732423, 0.000588552036788, 0.000397870026063, 0.000161721298355, 8.3974795416e-05, 1.76373669092e-05, 3.30780335389e-06, 1.23450820411e-06, 1.11815484161e-06, 1.25094152281e-06, 3.11611003667e-08, 2.70731206342e-08, 8.07409783476e-09, 2.12016648682e-09, 2.74125333544e-10],
        "median": [4.81918463469e-11, 1.68396940836e-08, 1.18601963806e-08, 5.1806132717e-09, 1.24834457438e-07, 1.65061624102e-06, 3.22013465848e-06, 3.11267613142e-05, 3.74798082703e-06, 5.08253151565e-07, 3.19844207297e-06, 1.16815090223e-06, 5.48125683508e-07, 1.17598710858e-06, 5.69347719193e-07, 3.23405970448e-07, 4.13684887235e-07, 5.20778542068e-07, 1.43179818224e-07, 5.74620848681e-08, 1.03624536507e-07, 2.83659318256e-08, 1.24179289074e-09, 6.99222679756e-10, 3.92756854817e-10, 6.84233780746e-11, 7.9398779218e-12],
        "min": [1.44422744163e-12, 1.19740828364e-10, 9.57207091368e-11, 4.53447210336e-11, 1.54064982993e-10, 1.75184822204e-09, 2.41496778131e-09, 2.47144260612e-09, 2.55038989927e-10, 1.07978392894e-09, 4.37178737656e-10, 4.61290006193e-10, 2.67187660885e-10, 2.90082347032e-10, 6.73636285642e-11, 4.95079699459e-10, 2.7184463014e-10, 1.11499853794e-09, 4.71925165613e-10, 2.96104044062e-11, 2.79034850781e-10, 7.18770806762e-11, 7.15488389022e-12, 3.49794282081e-12, 4.78120581321e-12, 6.57281629297e-13, 5.06752402356e-14],
        "skew": [4.88119316101, 0.173915341496, 4.11679029465, 5.85365724564, 1.93295741081, 6.01210689545, 4.06170558929, 3.46436882019, 2.86769318581, 2.75631022453, 2.89086723328, 3.49195861816, 3.07835626602, 2.37993240356, 3.25899481773, 4.41568660736, 5.10356283188, 3.30154299736, 4.06109380722, 4.47960519791, 3.00171279907, 3.72727179527, 3.62104296684, 3.83624696732, 3.5821378231, 5.29264163971, 3.53564167023],
        "var": [8.73288238923e-18, 9.90515961006e-17, 6.94714135784e-16, 5.40236046748e-15, 7.73721364755e-12, 5.81583492476e-09, 1.8467208065e-06, 0.000378373893909, 3.54484903653e-08, 2.54110148035e-07, 3.05721960103e-06, 1.6330721337e-05, 9.91370711745e-07, 1.90538059996e-06, 1.12841814826e-06, 2.54898765206e-07, 8.00020671932e-08, 1.91412308226e-09, 8.61186122414e-11, 1.12554167375e-11, 4.94383180227e-12, 9.91202606104e-12, 5.70797884869e-15, 4.74526703535e-15, 3.98668947408e-16, 4.10286116776e-17, 4.90699824485e-19],
        "cov": [[8.85763776922e-18, 7.70878646878e-18, 6.83836457611e-18, -7.19880397854e-18, 3.96289208343e-16, 3.10019615231e-14, 2.34765494805e-13, 3.91955461143e-11, 2.15982911894e-13, 8.20244208926e-13, 9.48314668979e-13, 6.25571643098e-12, 1.12463402306e-12, 1.65364792172e-12, 1.57134255694e-12, 3.87431921397e-13, 1.54191573789e-13, 6.34537656251e-14, 1.04286459297e-14, 2.6257189155e-15, 2.75803244988e-15, 4.29548279948e-15, 8.54956741953e-17, 8.36376941906e-17, 3.34757346922e-17, 7.9711160467e-18, 1.09904768634e-18], [7.70878646878e-18, 1.00466617579e-16, 3.2621584683e-17, 2.9036368014e-18, 3.48889715776e-15, -5.98409193833e-14, -4.09251761169e-13, 2.61304242133e-11, -1.15627329217e-13, 1.5834203523e-13, 1.96281988059e-12, 4.92794910781e-12, -4.12412969443e-13, -2.43860731304e-13, -5.578034169e-14, -1.97824612594e-13, 1.43000659193e-14, 2.65456178496e-14, 1.82118394055e-15, -2.25461542452e-17, -5.7887597456e-16, 2.12693022374e-15, -1.61667040962e-17, -3.45897517627e-17, 1.19022563391e-17, 7.93541296691e-19, 5.90393803259e-19], [6.83836457611e-18, 3.2621584683e-17, 7.04638609068e-16, 5.73417853066e-16, -6.60854300767e-15, -1.20751553288e-13, -3.61533025739e-12, 2.10422981123e-11, -5.70275868628e-13, -3.9105640926e-14, -5.18769055491e-12, -1.56291592081e-12, -1.77348467943e-12, -3.09288272077e-12, -1.96007880066e-12, -1.37962807411e-12, -7.04582713788e-13, -9.20260097509e-14, -1.6719200487e-14, -8.54830732567e-15, -4.26574431973e-15, -4.64538745131e-15, -1.82099973736e-16, -1.87815156494e-16, -2.86557929675e-17, -1.12445344284e-17, 7.03477173662e-20], [-7.19880397854e-18, 2.9036368014e-18, 5.73417853066e-16, 5.47953702743e-15, 1.13078449531e-14, -2.54022795637e-13, -7.51155474626e-12, -8.95095247921e-11, -1.21105534455e-12, -3.05524290763e-12, -1.38520670628e-11, -2.06494162047e-11, -6.33564034569e-12, -9.65762539384e-12, -5.99485391883e-12, -2.79203960299e-12, -1.6309724838e-12, -2.77909585535e-13, -5.07582731814e-14, -2.1797144371e-14, -1.63145406608e-14, -1.85680531823e-14, -4.66288302271e-16, -4.40840229692e-16, -1.12658055433e-16, -3.03205468899e-17, -3.53562677763e-18], [3.96289208343e-16, 3.48889715776e-15, -6.60854300767e-15, 1.13078449531e-14, 7.84774589063e-12, -3.86507189101e-12, -6.14005096766e-11, 8.54933812633e-09, 5.94000890142e-11, 1.95246263601e-10, -6.44082842616e-10, 9.75072356191e-10, 6.68001043369e-10, 8.4436524439e-10, 4.51578829885e-10, 2.06539896297e-10, 6.45535569443e-11, 1.26815823467e-11, 3.03576174615e-12, 2.83121589324e-13, 4.24170274642e-13, 1.00696220025e-12, 5.86076732935e-14, 1.19544360237e-14, 6.64393754992e-15, 1.98633609527e-15, 4.31543354882e-16], [3.10019615231e-14, -5.98409193833e-14, -1.20751553288e-13, -2.54022795637e-13, -3.86507189101e-12, 5.89891868685e-09, 1.98454657152e-08, -7.1171406546e-08, 3.28769034219e-09, -1.26022159375e-09, -7.46101580518e-09, -9.43076639004e-09, -6.89371060236e-10, -5.10822761868e-09, 1.40765576973e-09, 1.88588922256e-09, -1.92372548447e-10, 1.44806291957e-10, -1.82764289813e-11, -5.0584389108e-12, 1.01955444087e-10, 6.05297105841e-12, 2.01250135805e-13, 2.07577986917e-13, -3.40733639762e-14, -1.33182742653e-14, -1.85332269991e-15], [2.34765494805e-13, -4.09251761169e-13, -3.61533025739e-12, -7.51155474626e-12, -6.14005096766e-11, 1.98454657152e-08, 1.87310251931e-06, 1.48271817579e-06, 1.20738960163e-07, 3.48229889369e-08, 1.53808215941e-07, -2.52155643921e-07, 1.15208393936e-07, 1.92086289985e-07, 2.25887166749e-08, 6.17773077138e-09, -1.54528461138e-08, 3.40580097458e-09, -1.55180701622e-10, -1.56231277915e-11, 5.81506620634e-10, 1.42837339179e-10, 9.04490198017e-12, 8.31503919538e-13, 4.55435168745e-13, 3.74391002141e-13, 8.22846226377e-14], [3.91955461143e-11, 2.61304242133e-11, 2.10422981123e-11, -8.95095247921e-11, 8.54933812633e-09, -7.1171406546e-08, 1.48271817579e-06, 0.000383779261028, 1.35284483349e-06, 8.84502878762e-06, 1.08837202788e-05, 4.59766270069e-05, 1.40980682772e-05, 2.06737986446e-05, 1.55965717568e-05, 4.66379196951e-06, 2.17918704948e-06, 5.03795206441e-07, 1.01191439228e-07, 2.68689834826e-08, 1.90460465177e-08, 3.49200206529e-08, 8.67636740232e-10, 7.65152385895e-10, 2.77836142981e-10, 6.6186799097e-11, 8.97175823217e-12], [2.15982911894e-13, -1.15627329217e-13, -5.70275868628e-13, -1.21105534455e-12, 5.94000890142e-11, 3.28769034219e-09, 1.20738960163e-07, 1.35284483349e-06, 3.59548977258e-08, 4.23884749523e-08, 6.08800263535e-08, 2.730201345e-07, 1.190547394e-07, 1.38468479349e-07, 1.22413155168e-07, 4.50167867427e-08, 1.28152866097e-08, 4.26442881007e-09, 8.05110922375e-10, 1.97129923496e-10, 2.04970845852e-10, 3.42705142042e-10, 6.79824772865e-12, 7.94209142896e-12, 2.18869670651e-12, 7.91735329641e-13, 3.7388373105e-14], [8.20244208926e-13, 1.5834203523e-13, -3.9105640926e-14, -3.05524290763e-12, 1.95246263601e-10, -1.26022159375e-09, 3.48229889369e-08, 8.84502878762e-06, 4.23884749523e-08, 2.57740310872e-07, 2.56197807857e-07, 8.51624179177e-07, 3.94748781218e-07, 5.0142358532e-07, 4.04063655424e-07, 1.09028221118e-07, 4.29372768451e-08, 1.09539026738e-08, 2.26780594303e-09, 6.51961873377e-10, 4.57914484109e-10, 7.81770925773e-10, 2.06221983934e-11, 1.99356607611e-11, 6.64735237341e-12, 1.6838202924e-12, 2.04622790608e-13], [9.48314668979e-13, 1.96281988059e-12, -5.18769055491e-12, -1.38520670628e-11, -6.44082842616e-10, -7.46101580518e-09, 1.53808215941e-07, 1.08837202788e-05, 6.08800263535e-08, 2.56197807857e-07, 3.10089421873e-06, 2.13770636037e-06, 4.93764332532e-07, 8.89052500952e-07, 5.19974207691e-07, 1.76046398792e-07, 1.16568052988e-07, 2.11011492723e-08, 3.57701757103e-09, 2.1125101668e-09, 1.16635689995e-09, 1.2383887249e-09, 2.39569752924e-11, 2.75039956088e-11, 8.86585336396e-12, 2.2070748007e-12, 3.87192177192e-13], [6.25571643098e-12, 4.92794910781e-12, -1.56291592081e-12, -2.06494162047e-11, 9.75072356191e-10, -9.43076639004e-09, -2.52155643921e-07, 4.59766270069e-05, 2.730201345e-07, 8.51624179177e-07, 2.13770636037e-06, 1.65640176419e-05, 2.49995127888e-06, 4.31976468462e-06, 2.99373095913e-06, 1.74082435933e-06, 9.75756393018e-07, 1.49082552525e-07, 3.34278773551e-08, 8.47574188612e-09, 5.57667245715e-09, 1.12477254177e-08, 2.48486120569e-10, 1.87778348426e-10, 6.74983541282e-11, 1.67414450358e-11, 1.57833978092e-12], [1.12463402306e-12, -4.12412969443e-13, -1.77348467943e-12, -6.33564034569e-12, 6.68001043369e-10, -6.89371060236e-10, 1.15208393936e-07, 1.40980682772e-05, 1.190547394e-07, 3.94748781218e-07, 4.93764332532e-07, 2.49995127888e-06, 1.00553313587e-06, 1.13155419967e-06, 9.31613328703e-07, 3.44984044887e-07, 1.43545420883e-07, 2.84880634638e-08, 6.2794578426e-09, 1.64390701052e-09, 1.2855505549e-09, 2.09976636079e-09, 5.53093439104e-11, 5.04477917773e-11, 1.53384579343e-11, 3.97369680563e-12, 3.56783260705e-13], [1.65364792172e-12, -2.43860731304e-13, -3.09288272077e-12, -9.65762539384e-12, 8.4436524439e-10, -5.10822761868e-09, 1.92086289985e-07, 2.06737986446e-05, 1.38468479349e-07, 5.0142358532e-07, 8.89052500952e-07, 4.31976468462e-06, 1.13155419967e-06, 1.93260029846e-06, 1.2880751683e-06, 5.78529011364e-07, 3.12250591605e-07, 5.32699324651e-08, 1.1131748856e-08, 3.57656526617e-09, 1.92064431026e-09, 3.5652603092e-09, 9.47444692145e-11, 7.11744344017e-11, 2.41530458828e-11, 6.58996208297e-12, 6.6047715257e-13], [1.57134255694e-12, -5.578034169e-14, -1.96007880066e-12, -5.99485391883e-12, 4.51578829885e-10, 1.40765576973e-09, 2.25887166749e-08, 1.55965717568e-05, 1.22413155168e-07, 4.04063655424e-07, 5.19974207691e-07, 2.99373095913e-06, 9.31613328703e-07, 1.2880751683e-06, 1.14453837341e-06, 4.41849408617e-07, 1.86335910257e-07, 3.8871924346e-08, 8.47681569383e-09, 2.23268203925e-09, 1.37739242234e-09, 2.76503753227e-09, 6.14230541429e-11, 6.60018775744e-11, 2.02548637585e-11, 5.77363200652e-12, 3.32925175059e-13], [3.87431921397e-13, -1.97824612594e-13, -1.37962807411e-12, -2.79203960299e-12, 2.06539896297e-10, 1.88588922256e-09, 6.17773077138e-09, 4.66379196951e-06, 4.50167867427e-08, 1.09028221118e-07, 1.76046398792e-07, 1.74082435933e-06, 3.44984044887e-07, 5.78529011364e-07, 4.41849408617e-07, 2.58540154618e-07, 1.25070144463e-07, 1.92167775026e-08, 4.60430538141e-09, 1.03194086609e-09, 6.58639032203e-10, 1.44632672505e-09, 3.41664890824e-11, 2.81707764754e-11, 9.0334580094e-12, 2.54417559069e-12, 1.39873288191e-13], [1.54191573789e-13, 1.43000659193e-14, -7.04582713788e-13, -1.6309724838e-12, 6.45535569443e-11, -1.92372548447e-10, -1.54528461138e-08, 2.17918704948e-06, 1.28152866097e-08, 4.29372768451e-08, 1.16568052988e-07, 9.75756393018e-07, 1.43545420883e-07, 3.12250591605e-07, 1.86335910257e-07, 1.25070144463e-07, 8.11449538674e-08, 1.09849187524e-08, 2.37245578738e-09, 7.65528807012e-10, 3.71401437382e-10, 6.97714996889e-10, 1.7967946575e-11, 1.13604169474e-11, 4.10673751949e-12, 9.60930879139e-13, 8.84268718904e-14], [6.34537656251e-14, 2.65456178496e-14, -9.20260097509e-14, -2.77909585535e-13, 1.26815823467e-11, 1.44806291957e-10, 3.40580097458e-09, 5.03795206441e-07, 4.26442881007e-09, 1.09539026738e-08, 2.11011492723e-08, 1.49082552525e-07, 2.84880634638e-08, 5.32699324651e-08, 3.8871924346e-08, 1.92167775026e-08, 1.09849187524e-08, 1.94146765331e-09, 3.87186310791e-10, 1.28128299637e-10, 6.57665727433e-11, 1.26127178146e-10, 2.84461646946e-12, 2.29218250283e-12, 7.88460659609e-13, 2.09170856092e-13, 1.46898738697e-14], [1.04286459297e-14, 1.82118394055e-15, -1.6719200487e-14, -5.07582731814e-14, 3.03576174615e-12, -1.82764289813e-11, -1.55180701622e-10, 1.01191439228e-07, 8.05110922375e-10, 2.26780594303e-09, 3.57701757103e-09, 3.34278773551e-08, 6.2794578426e-09, 1.1131748856e-08, 8.47681569383e-09, 4.60430538141e-09, 2.37245578738e-09, 3.87186310791e-10, 8.73488781306e-11, 2.28047563472e-11, 1.20710984611e-11, 2.7876447678e-11, 6.27397439557e-13, 5.25912484135e-13, 1.745875444e-13, 4.80165054581e-14, 2.76700528165e-15], [2.6257189155e-15, -2.25461542452e-17, -8.54830732567e-15, -2.1797144371e-14, 2.83121589324e-13, -5.0584389108e-12, -1.56231277915e-11, 2.68689834826e-08, 1.97129923496e-10, 6.51961873377e-10, 2.1125101668e-09, 8.47574188612e-09, 1.64390701052e-09, 3.57656526617e-09, 2.23268203925e-09, 1.03194086609e-09, 7.65528807012e-10, 1.28128299637e-10, 2.28047563472e-11, 1.14162082565e-11, 4.63646959367e-12, 7.1613700213e-12, 1.69275116385e-13, 1.24927710321e-13, 4.29998342434e-14, 1.06194756764e-14, 9.12302447434e-16], [2.75803244988e-15, -5.7887597456e-16, -4.26574431973e-15, -1.63145406608e-14, 4.24170274642e-13, 1.01955444087e-10, 5.81506620634e-10, 1.90460465177e-08, 2.04970845852e-10, 4.57914484109e-10, 1.16635689995e-09, 5.57667245715e-09, 1.2855505549e-09, 1.92064431026e-09, 1.37739242234e-09, 6.58639032203e-10, 3.71401437382e-10, 6.57665727433e-11, 1.20710984611e-11, 4.63646959367e-12, 5.01445803283e-12, 4.25720873484e-12, 1.02335125779e-13, 7.87355884701e-14, 2.51192346952e-14, 5.82798986479e-15, 6.40345049663e-16], [4.29548279948e-15, 2.12693022374e-15, -4.64538745131e-15, -1.85680531823e-14, 1.00696220025e-12, 6.05297105841e-12, 1.42837339179e-10, 3.49200206529e-08, 3.42705142042e-10, 7.81770925773e-10, 1.2383887249e-09, 1.12477254177e-08, 2.09976636079e-09, 3.5652603092e-09, 2.76503753227e-09, 1.44632672505e-09, 6.97714996889e-10, 1.26127178146e-10, 2.7876447678e-11, 7.1613700213e-12, 4.25720873484e-12, 1.00536263342e-11, 2.01415639267e-13, 1.79520935335e-13, 5.8916860648e-14, 1.76771778096e-14, 9.80556362323e-16], [8.54956741953e-17, -1.61667040962e-17, -1.82099973736e-16, -4.66288302271e-16, 5.86076732935e-14, 2.01250135805e-13, 9.04490198017e-12, 8.67636740232e-10, 6.79824772865e-12, 2.06221983934e-11, 2.39569752924e-11, 2.48486120569e-10, 5.53093439104e-11, 9.47444692145e-11, 6.14230541429e-11, 3.41664890824e-11, 1.7967946575e-11, 2.84461646946e-12, 6.27397439557e-13, 1.69275116385e-13, 1.02335125779e-13, 2.01415639267e-13, 5.78952143998e-15, 3.50157681747e-15, 1.23778925698e-15, 3.25581412535e-16, 3.27722639034e-17], [8.36376941906e-17, -3.45897517627e-17, -1.87815156494e-16, -4.40840229692e-16, 1.19544360237e-14, 2.07577986917e-13, 8.31503919538e-13, 7.65152385895e-10, 7.94209142896e-12, 1.99356607611e-11, 2.75039956088e-11, 1.87778348426e-10, 5.04477917773e-11, 7.11744344017e-11, 6.60018775744e-11, 2.81707764754e-11, 1.13604169474e-11, 2.29218250283e-12, 5.25912484135e-13, 1.24927710321e-13, 7.87355884701e-14, 1.79520935335e-13, 3.50157681747e-15, 4.81305635267e-15, 1.26072966204e-15, 3.92694665212e-16, 1.78740925617e-17], [3.34757346922e-17, 1.19022563391e-17, -2.86557929675e-17, -1.12658055433e-16, 6.64393754992e-15, -3.40733639762e-14, 4.55435168745e-13, 2.77836142981e-10, 2.18869670651e-12, 6.64735237341e-12, 8.86585336396e-12, 6.74983541282e-11, 1.53384579343e-11, 2.41530458828e-11, 2.02548637585e-11, 9.0334580094e-12, 4.10673751949e-12, 7.88460659609e-13, 1.745875444e-13, 4.29998342434e-14, 2.51192346952e-14, 5.8916860648e-14, 1.23778925698e-15, 1.26072966204e-15, 4.04364211657e-16, 1.18090315951e-16, 7.6376489361e-18], [7.9711160467e-18, 7.93541296691e-19, -1.12445344284e-17, -3.03205468899e-17, 1.98633609527e-15, -1.33182742653e-14, 3.74391002141e-13, 6.6186799097e-11, 7.91735329641e-13, 1.6838202924e-12, 2.2070748007e-12, 1.67414450358e-11, 3.97369680563e-12, 6.58996208297e-12, 5.77363200652e-12, 2.54417559069e-12, 9.60930879139e-13, 2.09170856092e-13, 4.80165054581e-14, 1.06194756764e-14, 5.82798986479e-15, 1.76771778096e-14, 3.25581412535e-16, 3.92694665212e-16, 1.18090315951e-16, 4.1614735316e-17, 2.04766513365e-18], [1.09904768634e-18, 5.90393803259e-19, 7.03477173662e-20, -3.53562677763e-18, 4.31543354882e-16, -1.85332269991e-15, 8.22846226377e-14, 8.97175823217e-12, 3.7388373105e-14, 2.04622790608e-13, 3.87192177192e-13, 1.57833978092e-12, 3.56783260705e-13, 6.6047715257e-13, 3.32925175059e-13, 1.39873288191e-13, 8.84268718904e-14, 1.46898738697e-14, 2.76700528165e-15, 9.12302447434e-16, 6.40345049663e-16, 9.80556362323e-16, 3.27722639034e-17, 1.78740925617e-17, 7.6376489361e-18, 2.04766513365e-18, 4.97709869983e-19]]
    },
    "mfcc": {
        "kurt": [-0.947205066681, -0.879546642303, -1.08895003796, -1.46647536755, -1.236805439, -1.05479073524, -0.847761631012, 0.513556718826, 0.461257219315, 0.761845588684, -0.281093120575, -0.24093914032, 1.42139291763],
        "max": [-719.02722168, 167.129241943, 35.4317359924, 5.66997146606, 8.90489196777, 7.66443634033, 18.8243751526, 35.1844596863, 36.6133613586, 19.4133930206, 44.9217185974, 43.7507019043, 45.3616294861],
        "mean": [-951.868530273, 98.0993423462, -63.2437553406, -45.8422050476, -32.3375015259, -24.5654296875, -21.0246124268, -11.318903923, -2.66506910324, -5.66240978241, 9.4564704895, 11.4802436829, 5.11027956009],
        "median": [-1000.96142578, 105.452308655, -46.8999900818, -41.5021438599, -32.1651878357, -29.6087608337, -23.9307174683, -13.4720001221, -3.59246826172, -5.56369781494, 5.80644607544, 10.09034729, 3.40508270264],
        "min": [-1137.90551758, 0.643993377686, -193.451812744, -108.559425354, -72.0582122803, -56.4813804626, -65.0560913086, -52.5854797363, -35.4314041138, -36.0202941895, -18.392583847, -23.8890914917, -24.0490531921],
        "skew": [0.482563406229, -0.449872583151, -0.464273780584, -0.0972000807524, 0.0231611747295, 0.41070947051, -0.0146538391709, 0.154974475503, 0.294045001268, -0.164594620466, 0.580602109432, 0.303167551756, 0.77578908205],
        "var": [14066.8847656, 2128.59570312, 4324.30664062, 1175.05871582, 516.063354492, 263.243164062, 473.20916748, 268.735290527, 177.21647644, 94.2794418335, 191.989059448, 194.393341064, 143.476638794],
        "cov": [[14267.8398438, 4535.65673828, -7252.57568359, -3378.41308594, -2309.05932617, -808.820251465, -1689.89770508, -973.644104004, 506.976959229, -111.204627991, 936.97869873, 820.363220215, 329.917510986], [4535.65673828, 2159.00415039, -1741.02612305, -1268.7857666, -897.017700195, -565.21472168, -819.279846191, -457.962799072, 72.5322265625, -95.5626907349, 287.51361084, 304.487426758, 88.593788147], [-7252.57568359, -1741.02612305, 4386.08251953, 1808.7244873, 1043.35681152, 124.441070557, 537.068603516, 260.380462646, -435.066864014, -40.2570228577, -533.770202637, -432.609161377, -232.151153564], [-3378.41308594, -1268.7857666, 1808.7244873, 1191.84533691, 657.964172363, 243.868331909, 415.534881592, 117.121543884, -237.00151062, -32.1515350342, -304.59487915, -283.767974854, -145.048843384], [-2309.05932617, -897.017700195, 1043.35681152, 657.964172363, 523.435668945, 249.980224609, 346.234344482, 180.257141113, -89.373008728, -9.83304023743, -225.108184814, -198.934890747, -63.5970916748], [-808.820251465, -565.21472168, 124.441070557, 243.868331909, 249.980224609, 267.003753662, 266.975067139, 145.710586548, 35.2233161926, 8.06963634491, -81.6549911499, -88.1525344849, -21.9593086243], [-1689.89770508, -819.279846191, 537.068603516, 415.534881592, 346.234344482, 266.975067139, 479.969299316, 272.3097229, -14.7909984589, 66.3586959839, -73.7628936768, -140.222976685, -57.6631889343], [-973.644104004, -457.962799072, 260.380462646, 117.121543884, 180.257141113, 145.710586548, 272.3097229, 272.574371338, 71.0824966431, 61.4946136475, -31.6953639984, -81.6648864746, -0.476150631905], [506.976959229, 72.5322265625, -435.066864014, -237.00151062, -89.373008728, 35.2233161926, -14.7909984589, 71.0824966431, 179.748138428, 35.2762565613, 41.71043396, 59.4840126038, 41.9172554016], [-111.204627991, -95.5626907349, -40.2570228577, -32.1515350342, -9.83304023743, 8.06963634491, 66.3586959839, 61.4946136475, 35.2762565613, 95.6262893677, 68.9095230103, -7.26465845108, -14.8801498413], [936.97869873, 287.51361084, -533.770202637, -304.59487915, -225.108184814, -81.6549911499, -73.7628936768, -31.6953639984, 41.71043396, 68.9095230103, 194.731765747, 116.372917175, 33.3215522766], [820.363220215, 304.487426758, -432.609161377, -283.767974854, -198.934890747, -88.1525344849, -140.222976685, -81.6648864746, 59.4840126038, -7.26465845108, 116.372917175, 197.170394897, 114.344093323], [329.917510986, 88.593788147, -232.151153564, -145.048843384, -63.5970916748, -21.9593086243, -57.6631889343, -0.476150631905, 41.9172554016, -14.8801498413, 33.3215522766, 114.344093323, 145.526290894]]
    },
    "sccoeffs": {
        "kurt": [-0.369218111038, -1.23290264606, 1.82301568985, -0.918234109879, -0.671037912369, -1.06674575806],
        "max": [-0.547320783138, -0.26928254962, -0.347386002541, -0.666242003441, -0.593470036983, -0.674958407879],
        "mean": [-0.757811665535, -0.645884633064, -0.770700037479, -0.810752093792, -0.79252654314, -0.791473150253],
        "median": [-0.761289477348, -0.672826826572, -0.814935684204, -0.831673145294, -0.816158592701, -0.798004329205],
        "min": [-0.971994698048, -0.916040480137, -0.918213307858, -0.908916652203, -0.905914187431, -0.880315542221],
        "skew": [0.277460485697, 0.261947751045, 1.47004270554, 0.622003257275, 0.514965593815, 0.192488178611],
        "var": [0.00799824297428, 0.0399600043893, 0.0149874389172, 0.00454285973683, 0.00555839762092, 0.00289139174856],
        "cov": [[0.00811250414699, 0.000707607658114, -0.0023058692459, -0.000991365639493, -0.000814054685179, -0.000372202310245], [0.000707607658114, 0.040530860424, 0.0159216150641, 0.0107424352318, 0.0113522186875, 0.00578418280929], [-0.0023058692459, 0.0159216150641, 0.0152015443891, 0.00651605706662, 0.00652341591194, 0.00314223347232], [-0.000991365639493, 0.0107424352318, 0.00651605706662, 0.00460775801912, 0.00414994545281, 0.00224351626821], [-0.000814054685179, 0.0113522186875, 0.00652341591194, 0.00414994545281, 0.00563780311495, 0.0030705598183], [-0.000372202310245, 0.00578418280929, 0.00314223347232, 0.00224351626821, 0.0030705598183, 0.00293269730173]]
    },
    "scvalleys": {
        "kurt": [-0.127415657043, -1.00558531284, -1.10273456573, -0.830694913864, -0.0763304233551, -0.0661289691925],
        "max": [-9.47328853607, -5.22619199753, -5.03341531754, -5.05740642548, -8.00714492798, -10.9279174805],
        "mean": [-11.0463571548, -8.56495475769, -8.3031244278, -8.78906917572, -10.4181337357, -13.1596412659],
        "median": [-11.0557413101, -8.55854511261, -9.06652450562, -9.29447364807, -10.6789579391, -13.5388689041],
        "min": [-12.7780189514, -11.4646558762, -12.1801815033, -13.2753982544, -13.9047288895, -15.8210067749],
        "skew": [-0.13598164916, 0.0501915514469, 0.22988820076, 0.355509638786, 0.187212646008, 0.53222411871],
        "var": [0.441485911608, 2.26696825027, 3.48667907715, 4.04262065887, 1.42047631741, 0.919127464294],
        "cov": [[0.447792857885, 0.708199799061, 0.841141104698, 0.868862628937, 0.498134464025, 0.38145005703], [0.708199799061, 2.29935336113, 2.38314247131, 2.43833732605, 1.22838664055, 1.03253340721], [0.841141104698, 2.38314247131, 3.53648877144, 3.65316987038, 1.85822474957, 1.61170220375], [0.868862628937, 2.43833732605, 3.65316987038, 4.10037231445, 2.21448159218, 1.83469343185], [0.498134464025, 1.22838664055, 1.85822474957, 2.21448159218, 1.44076883793, 1.07423388958], [0.38145005703, 1.03253340721, 1.61170220375, 1.83469343185, 1.07423388958, 0.932257831097]]
    }
},
"rhythm": {
    "beats_loudness": {
        "kurt": -1.49999988079,
        "max": 0.0410815626383,
        "mean": 0.0180146470666,
        "median": 0.0129616204649,
        "min": 7.59214174195e-07,
        "skew": 0.416430145502,
        "var": 0.000294038589345
    },
    "bpm": 120.185325623,
    "confidence": 0,
    "first_peak_bpm": {
        "kurt": 0,
        "max": 120,
        "mean": 120,
        "median": 120,
        "min": 120,
        "skew": 0,
        "var": 0
    },
    "first_peak_spread": {
        "kurt": 0,
        "max": 0,
        "mean": 0,
        "median": 0,
        "min": 0,
        "skew": 0,
        "var": 0
    },
    "first_peak_weight": {
        "kurt": 0,
        "max": 0.5,
        "mean": 0.5,
        "median": 0.5,
        "min": 0.5,
        "skew": 0,
        "var": 0
    },
    "onset_rate": 2.48087310791,
    "second_peak_bpm": {
        "kurt": 0,
        "max": 129,
        "mean": 129,
        "median": 129,
        "min": 129,
        "skew": 0,
        "var": 0
    },
    "second_peak_spread": {
        "kurt": 0,
        "max": 0,
        "mean": 0,
        "median": 0,
        "min": 0,
        "skew": 0,
        "var": 0
    },
    "second_peak_weight": {
        "kurt": 0,
        "max": 0.5,
        "mean": 0.5,
        "median": 0.5,
        "min": 0.5,
        "skew": 0,
        "var": 0
    },
    "beats_loudness_band_ratio": {
        "kurt": [-1.50000023842, -1.49999976158, -1.5, -1.50000059605, -1.5, -1.5],
        "max": [0.0150079652667, 0.0265979617834, 0.527062177658, 0.891267120838, 0.262800633907, 0.141827046871],
        "mean": [0.00500453496352, 0.00893228221685, 0.2391294837, 0.597707211971, 0.108479171991, 0.0474876053631],
        "median": [3.64059815183e-06, 0.000193258485524, 0.102074913681, 0.468908190727, 0.0412697046995, 0.000422585726483],
        "min": [1.99880628315e-06, 5.62667764825e-06, 0.0882513672113, 0.432946234941, 0.021367162466, 0.000213193503441],
        "skew": [0.707106649876, 0.706987202168, 0.704664766788, 0.691301167011, 0.689602553844, 0.707101821899],
        "var": [5.0034315791e-05, 0.000156043985044, 0.0414844639599, 0.0433042645454, 0.0119735756889, 0.00444997241721],
        "cov": [[7.50514736865e-05, 0.000132537970785, -0.00102844205685, -0.000966135761701, 0.0011577999685, 0.000707788509317], [0.000132537970785, 0.000234065984841, -0.00179528794251, -0.00172799010761, 0.00204557878897, 0.00124993757345], [-0.00102844205685, -0.00179528794251, 0.0622266978025, -0.0370396710932, -0.0136794839054, -0.00967426691204], [-0.000966135761701, -0.00172799010761, -0.0370396710932, 0.0649563968182, -0.017187776044, -0.00913711078465], [0.0011577999685, 0.00204557878897, -0.0136794839054, -0.017187776044, 0.017960363999, 0.010919992812], [0.000707788509317, 0.00124993757345, -0.00967426691204, -0.00913711078465, 0.010919992812, 0.00667495839298]]
    },
    "beats_position": [0.487619042397, 0.986848056316, 1.45124709606],
    "bpm_estimates": [120.185325623],
    "bpm_intervals": [0.49922901392, 0.464399039745],
    "onset_times": [0.0696598663926, 0.638548731804, 0.96362811327, 1.39319729805],
    "histogram": [[0, 0, 0, 0, 0, 0, 0, 0, 0, 0, 0, 0, 0, 0, 0, 0, 0, 0, 0, 0, 0, 0, 0, 0, 0, 0, 0, 0, 0, 0, 0, 0, 0, 0, 0, 0, 0, 0, 0, 0, 0, 0, 0, 0, 0, 0, 0, 0, 0, 0, 0, 0, 0, 0, 0, 0, 0, 0, 0, 0, 0, 0, 0, 0, 0, 0, 0, 0, 0, 0, 0, 0, 0, 0, 0, 0, 0, 0, 0, 0, 0, 0, 0, 0, 0, 0, 0, 0, 0, 0, 0, 0, 0, 0, 0, 0, 0, 0, 0, 0, 0, 0, 0, 0, 0, 0, 0, 0, 0, 0, 0, 0, 0, 0, 0, 0, 0, 0, 0, 0, 0.5, 0, 0, 0, 0, 0, 0, 0, 0, 0.5, 0, 0, 0, 0, 0, 0, 0, 0, 0, 0, 0, 0, 0, 0, 0, 0, 0, 0, 0, 0, 0, 0, 0, 0, 0, 0, 0, 0, 0, 0, 0, 0, 0, 0, 0, 0, 0, 0, 0, 0, 0, 0, 0, 0, 0, 0, 0, 0, 0, 0, 0, 0, 0, 0, 0, 0, 0, 0, 0, 0, 0, 0, 0, 0, 0, 0, 0, 0, 0, 0, 0, 0, 0, 0, 0, 0, 0, 0, 0, 0, 0, 0, 0, 0, 0, 0, 0, 0, 0, 0, 0, 0, 0, 0, 0, 0, 0, 0, 0, 0, 0, 0, 0, 0, 0, 0, 0, 0, 0, 0, 0, 0, 0, 0, 0, 0, 0, 0, 0, 0]]
},
"sfx": {
    "inharmonicity": {
        "kurt": 1.62598657608,
        "max": 0.352465182543,
        "mean": 0.0729811862111,
        "median": 0.0268540102988,
        "min": 0.000138205956318,
        "skew": 1.66517615318,
        "var": 0.00920127611607
    },
    "oddtoevenharmonicenergyratio": {
        "kurt": 11.7902555466,
        "max": 51.6170082092,
        "mean": 4.40915679932,
        "median": 0.893880307674,
        "min": 0.01052098535,
        "skew": 3.35721993446,
        "var": 83.190322876
    },
    "pitch_after_max_to_before_max_energy_ratio": 2.30050253868,
    "pitch_centroid": 32.3685340881,
    "pitch_max_to_total": 0.197183102369,
    "pitch_min_to_total": 0.352112680674,
    "tristimulus": {
        "kurt": [-1.12458562851, -1.21583175659, 0.924212217331],
        "max": [0.844393789768, 0.871560394764, 0.840057551861],
        "mean": [0.327887415886, 0.46940484643, 0.202707692981],
        "median": [0.28891313076, 0.455470651388, 0.117131978273],
        "min": [0, 0.129515334964, 0],
        "skew": [0.349927395582, 0.0919175595045, 1.23284816742],
        "var": [0.0678219422698, 0.0392825230956, 0.040383707732],
        "cov": [[0.0687908232212, -0.0338369645178, -0.0349538698792], [-0.0338369645178, 0.0398437008262, -0.00600674375892], [-0.0349538698792, -0.00600674375892, 0.0409606173635]]
    }
},
"tonal": {
    "chords_changes_rate": 0.0277777779847,
    "chords_number_rate": 0.0555555559695,
    "chords_strength": {
        "kurt": -1.11267328262,
        "max": 0.561294972897,
        "mean": 0.502830207348,
        "median": 0.50904327631,
        "min": 0.431768476963,
        "skew": -0.402260571718,
        "var": 0.00134449789766
    },
    "key_strength": 0.435630261898,
    "tuning_diatonic_strength": 0.435839623213,
    "tuning_equal_tempered_deviation": 0.209280014038,
    "tuning_frequency": 441.272583008,
    "tuning_nontempered_energy_ratio": 0.847315907478,
    "hpcp": {
        "kurt": [3.16285276413, 2.57433271408, 2.11262798309, 0.000939607620239, 3.35864591599, 7.46861839294, 4.55257368088, 1.1156539917, -0.0069534778595, 0.130604982376, 0.97124838829, -0.36073589325, -1.31145238876, -0.660148382187, 3.05445623398, 7.62047481537, 4.71017503738, 4.01826047897, 2.83937883377, 2.22984457016, 9.84670448303, 7.24121379852, 10.5308694839, 3.51783323288, 1.18003606796, 5.00337791443, 7.01659870148, 3.19243144989, 8.74558734894, 7.57204151154, 9.56539344788, 2.19963884354, 7.53983688354, 5.55804252625, 12.4726753235, 1.84513425827],
        "max": [0.254502594471, 0.41571483016, 1, 1, 1, 0.929062187672, 1, 1, 1, 1, 1, 1, 1, 1, 1, 1, 1, 1, 0.688115298748, 0.407702714205, 0.703808486462, 0.726661741734, 0.800349354744, 0.523350298405, 0.350923269987, 0.431226909161, 0.669408500195, 0.716134905815, 1, 0.891928374767, 1, 0.562092363834, 1, 0.957625627518, 0.825237393379, 0.282932728529],
        "mean": [0.0463516898453, 0.0814435184002, 0.19501440227, 0.249724090099, 0.198977157474, 0.15400698781, 0.165040671825, 0.218298330903, 0.25591981411, 0.276288330555, 0.264576673508, 0.332696467638, 0.423974096775, 0.325077772141, 0.175424352288, 0.134743571281, 0.154668524861, 0.159244477749, 0.116823792458, 0.0730313137174, 0.0755146145821, 0.0881996080279, 0.089787773788, 0.0840812921524, 0.0732454955578, 0.0692325010896, 0.0929550230503, 0.113009609282, 0.108412317932, 0.0992017686367, 0.0944629386067, 0.0987855792046, 0.128103658557, 0.133021622896, 0.088799059391, 0.0579651780427],
