{
"metadata": {
    "version": {
        "essentia": "2.1-beta3"
    }
},
"lowLevel": {
    "average_loudness": 0.789441108704,
    "barkbands_kurtosis": {
        "kurt": 278.723907471,
        "max": 235.992340088,
        "mean": 3.89961600304,
        "median": 1.43975782394,
        "min": -1.82803118229,
        "skew": 14.4744758606,
        "var": 134.501022339
    },
    "barkbands_skewness": {
        "kurt": 9.45684337616,
        "max": 4.72568750381,
        "mean": -1.35086834431,
        "median": -1.28812503815,
        "min": -11.030957222,
        "skew": -0.476209908724,
        "var": 1.51714980602
    },
    "barkbands_spread": {
        "kurt": 1.31149101257,
        "max": 67.8809051514,
        "mean": 16.3428077698,
        "median": 9.99931144714,
        "min": 0.386143684387,
        "skew": 1.39089119434,
        "var": 217.558990479
    },
    "dissonance": {
        "kurt": 25.9172821045,
        "max": 0.499999970198,
        "mean": 0.491228967905,
        "median": 0.496847569942,
        "min": 0.325566738844,
        "skew": -4.86915683746,
        "var": 0.000447612634161
    },
    "hfc": {
        "kurt": 57.6336288452,
        "max": 971.24230957,
        "mean": 21.7598514557,
        "median": 0.0107416780666,
        "min": 0.000399854994612,
        "skew": 6.34088373184,
        "var": 5444.63427734
    },
    "pitch": {
        "kurt": -1.03127849102,
        "max": 5329.546875,
        "mean": 2937.32739258,
        "median": 3645.90869141,
        "min": 123.255119324,
        "skew": -0.661761403084,
        "var": 1700554.125
    },
    "pitch_instantaneous_confidence": {
        "kurt": 0.0425906181335,
        "max": 0.987476110458,
        "mean": 0.471289724112,
        "median": 0.440794378519,
        "min": 0.0328264832497,
        "skew": 0.728980541229,
        "var": 0.0319116786122
    },
    "pitch_salience": {
        "kurt": 7.72387599945,
        "max": 0.940984070301,
        "mean": 0.741271734238,
        "median": 0.756825089455,
        "min": 0.198500081897,
        "skew": -2.09023022652,
        "var": 0.0076693855226
    },
    "silence_rate_20dB": {
        "kurt": 0,
        "max": 1,
        "mean": 1,
        "median": 1,
        "min": 1,
        "skew": 0,
        "var": 0
    },
    "silence_rate_30dB": {
        "kurt": 90.3450012207,
        "max": 1,
        "mean": 0.989510476589,
        "median": 1,
        "min": 0,
        "skew": -9.60968017578,
        "var": 0.0103794150054
    },
    "silence_rate_60dB": {
        "kurt": 0.0694055557251,
        "max": 1,
        "mean": 0.791958034039,
        "median": 1,
        "min": 0,
        "skew": -1.43855798244,
        "var": 0.164760529995
    },
    "spectral_centroid": {
        "kurt": 2.35178375244,
        "max": 5331.07763672,
        "mean": 3161.94213867,
        "median": 3145.34130859,
        "min": 228.08013916,
        "skew": -0.306438714266,
        "var": 578541
    },
    "spectral_complexity": {
        "kurt": 3.07560968399,
        "max": 46,
        "mean": 5.27622365952,
        "median": 0,
        "min": 0,
        "skew": 2.13045239449,
        "var": 137.350448608
    },
    "spectral_crest": {
        "kurt": 1.62797307968,
        "max": 25.5676059723,
        "mean": 8.88819980621,
        "median": 8.25075531006,
        "min": 3.27321839333,
        "skew": 1.22028338909,
        "var": 14.8835821152
    },
    "spectral_decrease": {
        "kurt": 39.8413467407,
        "max": -2.76189898588e-14,
        "mean": -1.33871225216e-09,
        "median": -5.75526171859e-13,
        "min": -4.89610734178e-08,
        "skew": -5.41558027267,
        "var": 1.84521908938e-17
    },
    "spectral_energy": {
        "kurt": 43.7635917664,
        "max": 0.27288454771,
        "mean": 0.00702628912404,
        "median": 3.14045064442e-06,
        "min": 1.40508660706e-07,
        "skew": 5.61825847626,
        "var": 0.000520105822943
    },
    "spectral_energyband_high": {
        "kurt": 99.9100265503,
        "max": 0.0698496699333,
        "mean": 0.00113447313197,
        "median": 1.06408617739e-06,
        "min": 2.77431198015e-08,
        "skew": 8.64184379578,
        "var": 2.20709698624e-05
    },
    "spectral_energyband_low": {
        "kurt": 78.4800033569,
        "max": 1.8451060896e-05,
        "mean": 2.57175003071e-07,
        "median": 6.89314116897e-09,
        "min": 3.21985910157e-10,
        "skew": 8.56971549988,
        "var": 2.27312006024e-12
    },
    "spectral_energyband_middle_high": {
        "kurt": 42.5156135559,
        "max": 0.226681232452,
        "mean": 0.00596564309672,
        "median": 1.53461405716e-06,
        "min": 7.75534516606e-08,
        "skew": 5.62826347351,
        "var": 0.000387552165193
    },
    "spectral_energyband_middle_low": {
        "kurt": 131.285430908,
        "max": 4.9444490287e-05,
        "mean": 6.46348325972e-07,
        "median": 6.42835402687e-08,
        "min": 1.09202966669e-08,
        "skew": 10.2744913101,
        "var": 9.45131299612e-12
    },
    "spectral_flatness_db": {
        "kurt": -0.548833608627,
        "max": 0.571110010147,
        "mean": 0.211971879005,
        "median": 0.163990065455,
        "min": 0.0558592528105,
        "skew": 0.823427379131,
        "var": 0.0180634502321
    },
    "spectral_flux": {
        "kurt": 6.12605381012,
        "max": 0.472263991833,
        "mean": 0.0379760600626,
        "median": 0.00169033592101,
        "min": 0.000231481957599,
        "skew": 2.41399812698,
        "var": 0.00546909775585
    },
    "spectral_kurtosis": {
        "kurt": 4.21523237228,
        "max": 27.3099555969,
        "mean": 5.61347770691,
        "median": 4.50935220718,
        "min": -0.204407930374,
        "skew": 1.66503202915,
        "var": 15.639257431
    },
    "spectral_rms": {
        "kurt": 7.73728370667,
        "max": 0.0163165200502,
        "mean": 0.00111266446766,
        "median": 5.53468271391e-05,
        "min": 1.17081863209e-05,
        "skew": 2.70094203949,
        "var": 5.61689057577e-06
    },
    "spectral_rolloff": {
        "kurt": 7.2627658844,
        "max": 6072.36328125,
        "mean": 4314.70068359,
        "median": 4263.57421875,
        "min": 172.265625,
        "skew": -1.59512889385,
        "var": 585871.75
    },
    "spectral_skewness": {
        "kurt": 6.33028507233,
        "max": 4.16669940948,
        "mean": 1.54571068287,
        "median": 1.49321341515,
        "min": 0.578368544579,
        "skew": 1.51312530041,
        "var": 0.16780783236
    },
    "spectral_spread": {
        "kurt": -1.40055465698,
        "max": 11503740,
        "mean": 5381203.5,
        "median": 5481081,
        "min": 1239663,
        "skew": 0.0861637219787,
        "var": 6.85983976653e+12
    },
    "spectral_strongpeak": {
        "kurt": 18.199306488,
        "max": 15.5055379868,
        "mean": 0.723894357681,
        "median": 0.0530915558338,
        "min": 0.000136848000693,
        "skew": 3.89544487,
        "var": 3.25500512123
    },
    "zerocrossingrate": {
        "kurt": 2.02651834488,
        "max": 0.2421875,
        "mean": 0.155346855521,
        "median": 0.15380859375,
        "min": 0.0517578125,
        "skew": 0.368902474642,
        "var": 0.00070880597923
    },
    "barkbands": {
        "kurt": [156.876602173, 89.5353927612, 82.086151123, 114.057250977, 245.21585083, 360.321624756, 242.110229492, 241.818847656, 178.10824585, 472.256835938, 249.748703003, 385.229736328, 141.421890259, 120.843139648, 88.3605041504, 55.7873725891, 42.4489555359, 122.41658783, 58.3822059631, 107.464096069, 92.3210067749, 114.601799011, 37.0460472107, 62.5467834473, 78.4574356079, 25.1541786194, 86.4398651123],
        "max": [2.26931902603e-07, 5.30028228241e-06, 8.61506487126e-06, 1.07805681182e-05, 1.758246799e-05, 9.49486548052e-06, 5.3975895753e-06, 5.95592837271e-06, 1.91734652617e-05, 0.000264787871856, 0.00213493499905, 0.0077608525753, 0.0488040298223, 0.0437309332192, 0.0113447578624, 0.0109937535599, 0.0133468955755, 0.0827910229564, 0.0841317027807, 0.114604979753, 0.0201809983701, 0.00358878658153, 0.000136203379952, 0.000104479106085, 2.2796810299e-05, 1.14788527128e-07, 2.04200745202e-08],
        "mean": [2.53451482024e-09, 7.78133610879e-08, 1.1877124706e-07, 1.08188885406e-07, 1.22145650039e-07, 5.0383825112e-08, 4.3476411804e-08, 4.71693333282e-08, 2.010865785e-07, 9.24246194245e-07, 1.04278969957e-05, 4.38679562649e-05, 0.000530777673703, 0.000559471314773, 0.000186387522263, 0.000252716126852, 0.000370671681594, 0.00115314777941, 0.00180321431253, 0.00172445853241, 0.000332382041961, 5.0639759138e-05, 4.02830119128e-06, 1.9815684027e-06, 4.12995348142e-07, 4.47155157346e-09, 3.53811729914e-10],
        "median": [1.92978633073e-10, 1.73999825659e-09, 2.52036702619e-09, 3.32429861416e-09, 1.50846144464e-08, 1.03001394081e-08, 5.55207879671e-09, 5.07342079459e-09, 6.31013374885e-09, 9.23143961273e-09, 6.51721965284e-09, 8.76774031155e-09, 2.65531276966e-08, 3.19248769642e-08, 3.52003723947e-08, 1.10325871105e-07, 1.33286278015e-07, 2.00273476025e-07, 4.06571047051e-07, 4.86460180582e-07, 3.39672908467e-07, 1.44694666915e-07, 9.59170343151e-09, 4.82756856712e-09, 5.2747024526e-09, 2.55626964041e-10, 6.02185619078e-12],
        "min": [1.6592578006e-12, 2.9349918329e-11, 2.4292236625e-11, 1.13809357771e-10, 1.36008904139e-09, 8.59076476623e-10, 2.15186590768e-10, 1.47336837175e-10, 4.26790269792e-10, 4.74511818727e-10, 4.19933421369e-10, 9.01326402403e-10, 9.81611125717e-10, 1.08013353817e-09, 1.49886980605e-09, 2.24599339127e-09, 3.13223247339e-09, 7.44319983426e-09, 1.67333986667e-08, 1.13060378837e-08, 9.00729890674e-09, 3.81235132352e-09, 6.38157249266e-10, 3.79588388499e-10, 7.65556007476e-10, 6.59390458901e-11, 3.44014855665e-12],
        "skew": [12.2006435394, 8.96569156647, 8.77162075043, 10.2564344406, 14.392121315, 18.1410293579, 14.2545089722, 14.554028511, 11.9112682343, 21.0860805511, 15.6224975586, 18.5069255829, 10.454460144, 9.31905460358, 8.42147350311, 6.82460308075, 5.86784410477, 9.9610118866, 7.15424871445, 9.50659656525, 8.41054534912, 9.63794803619, 5.69633674622, 7.05714559555, 7.80268478394, 4.69376850128, 8.10567569733],
        "var": [2.62952564038e-16, 1.7683733167e-13, 5.34619440731e-13, 6.14159873132e-13, 8.34284084959e-13, 1.99260882317e-13, 7.90933413057e-14, 9.96237936438e-14, 1.19403879145e-12, 1.33712207973e-10, 1.61843392021e-08, 1.27186325471e-07, 8.57496888784e-06, 7.31345971872e-06, 7.07803962996e-07, 1.05443234588e-06, 1.78144443908e-06, 3.00334140775e-05, 6.28122725175e-05, 6.80865996401e-05, 1.91152116713e-06, 5.78889256531e-08, 2.15446091523e-10, 6.62800855866e-11, 2.72615675694e-12, 1.69641283752e-16, 2.08537340265e-18],
        "cov": [[2.63413058794e-16, 4.76486822478e-15, 7.20317750081e-15, 7.59071794407e-15, 1.21414600514e-14, 6.07168293778e-15, 3.47405650525e-15, 2.15832592345e-15, 1.71353791142e-15, -1.1326303548e-16, -1.08459528048e-14, 2.47923003064e-14, -1.42014790769e-13, 8.36476829642e-13, 3.34982150525e-13, 2.72523561877e-12, 1.55937675966e-12, -8.40731943699e-13, -2.78420705544e-13, 4.79097122218e-13, 4.07200792182e-12, 2.16283997378e-15, 2.97081762944e-14, -1.53170693682e-15, 3.03360800183e-16, 6.52803453442e-18, -1.22697225374e-19], [4.76486822478e-15, 1.77147034021e-13, 2.81789646955e-13, 2.3796440621e-13, 3.17227201539e-13, 1.30668533719e-13, 7.34761305076e-14, 4.75231223189e-14, 3.02370128447e-14, -2.86953451181e-14, -6.72765283153e-13, -1.84942512693e-12, -2.48035481043e-11, -1.04526578365e-11, -3.09942804928e-12, 3.91118422371e-11, 1.1021230803e-11, -4.55689340428e-11, -3.23407967073e-11, -1.65579563949e-11, 5.53012496907e-11, -1.92956132843e-12, 4.19108324434e-13, -6.58513296518e-14, -1.11352306499e-14, 1.3293737084e-17, -1.45948607547e-17], [7.20317750081e-15, 2.81789646955e-13, 5.35555757727e-13, 5.00384998194e-13, 5.4559818035e-13, 2.02974572913e-13, 1.17337129596e-13, 8.49868406986e-14, 4.53242959386e-14, -5.13479368617e-14, -1.0913781814e-12, -2.95097041421e-12, -3.79361576874e-11, -1.32716624149e-11, -4.68069463397e-12, 5.85990284074e-11, 1.43116759763e-11, -6.64820143381e-11, -3.09608172433e-11, -2.77613002031e-11, 8.13405384714e-11, -2.8941020587e-12, 6.40728464209e-13, -8.87734709961e-14, -1.85012443056e-14, 1.93866882647e-17, -2.65036642283e-17], [7.59071794407e-15, 2.3796440621e-13, 5.00384998194e-13, 6.15235455897e-13, 6.044525774e-13, 2.28466903599e-13, 1.33892395326e-13, 1.01603194445e-13, 5.85833939411e-14, -2.95763474747e-14, -9.38118831749e-13, -7.14088076864e-13, -1.97718195982e-11, -1.08418395789e-11, -2.33388503836e-12, 6.73049463384e-11, 2.06826309551e-11, -5.28278497336e-11, 3.2612617034e-12, -6.33680998299e-12, 9.08090408425e-11, -1.98077730433e-12, 7.41300955082e-13, -6.26095583798e-14, -1.49139666003e-14, -2.55288583462e-17, -2.37842285552e-17], [1.21414600514e-14, 3.17227201539e-13, 5.4559818035e-13, 6.044525774e-13, 8.35745155806e-13, 3.84116566679e-13, 2.18273343193e-13, 1.42616644948e-13, 1.12322315077e-13, 1.45835085544e-14, -7.97514940372e-13, 4.86655258192e-13, -1.2286465248e-11, 8.18646886391e-12, 4.37744675577e-12, 1.03932043527e-10, 4.65569839625e-11, -4.58746166054e-11, 2.30067839779e-11, 2.21093577474e-11, 1.48302495284e-10, -1.37783588792e-12, 1.19066182695e-12, -5.49640662032e-14, -5.47592824356e-15, 6.32679083853e-17, -1.85006305905e-17], [6.07168293778e-15, 1.30668533719e-13, 2.02974572913e-13, 2.28466903599e-13, 3.84116566679e-13, 1.99609846339e-13, 1.13666895178e-13, 7.3890539683e-14, 6.35431987518e-14, 2.7157882063e-14, -7.6902988643e-14, -4.53981334947e-13, -9.71037399794e-12, 6.9632520236e-12, 3.16495115706e-12, 5.02103462974e-11, 2.53686793794e-11, -1.62291881323e-11, -2.29663206855e-12, -3.180340919e-13, 7.56461560059e-11, -3.33316111257e-13, 5.57992616956e-13, -3.28872772927e-14, 7.02771801392e-16, 3.32651278908e-17, -2.36455802632e-18], [3.47405650525e-15, 7.34761305076e-14, 1.17337129596e-13, 1.33892395326e-13, 2.18273343193e-13, 1.13666895178e-13, 7.92318549095e-14, 6.9935248185e-14, 3.87553318159e-14, 4.01190243678e-14, 1.24558197957e-12, 2.64983477868e-12, -5.59647120313e-12, 4.52007745469e-12, 3.12285917611e-12, 2.66410504768e-11, 2.25032058959e-11, -5.92594853396e-12, 1.18764243232e-11, 4.54507048317e-12, 4.48384628038e-11, 2.9775192186e-13, 3.19732684339e-13, -1.07959482147e-14, 4.22118233989e-15, 8.91850585459e-17, 3.93320452161e-18], [2.15832592345e-15, 4.75231223189e-14, 8.49868406986e-14, 1.01603194445e-13, 1.42616644948e-13, 7.3890539683e-14, 6.9935248185e-14, 9.97982621022e-14, 5.24466808958e-14, 1.22592636997e-13, 1.01331866075e-12, 4.83699235179e-12, 1.0592809724e-13, 4.948485198e-12, 3.5683621856e-12, 3.13351601611e-11, 2.72515014027e-11, 1.8830685275e-11, 4.12987075094e-11, 9.77375385486e-12, 3.30212350519e-11, 1.01543036132e-12, 2.34661845077e-13, 2.11431824197e-14, 9.57349163052e-15, 6.1211841785e-17, 8.12360265672e-18], [1.71353791142e-15, 3.02370128447e-14, 4.53242959386e-14, 5.85833939411e-14, 1.12322315077e-13, 6.35431987518e-14, 3.87553318159e-14, 5.24466808958e-14, 1.19612989218e-12, 4.03019848397e-12, 1.8611620925e-11, 6.72977082047e-12, 2.69704369948e-10, 2.88203932941e-10, 1.04417301194e-10, 6.44010123008e-10, 4.84932982658e-10, 1.17872567262e-09, 1.75838033023e-09, 6.73683775432e-10, 2.64640948044e-10, 3.16056382454e-11, 1.89001548787e-12, 1.26422158332e-12, 2.72756453925e-13, 1.97386268809e-15, 9.61743707625e-17], [-1.1326303548e-16, -2.86953451181e-14, -5.13479368617e-14, -2.95763474747e-14, 1.45835085544e-14, 2.7157882063e-14, 4.01190243678e-14, 1.22592636997e-13, 4.03019848397e-12, 1.33946381764e-10, 1.02884667452e-09, 2.0436936865e-11, 1.38573363895e-09, 3.84105358631e-10, 7.63115737268e-10, 2.08025818793e-09, 6.01224980912e-09, 4.82057771478e-09, 1.60200430699e-09, 1.05690052266e-08, 3.87638676713e-09, 1.51904711032e-10, 9.67300458482e-12, 1.32708644421e-11, 2.58167771015e-12, 1.63356046761e-14, 3.71932273018e-16], [-1.08459528048e-14, -6.72765283153e-13, -1.0913781814e-12, -9.38118831749e-13, -7.97514940372e-13, -7.6902988643e-14, 1.24558197957e-12, 1.01331866075e-12, 1.8611620925e-11, 1.02884667452e-09, 1.62126827519e-08, 3.53063778213e-09, 1.50894745587e-08, 2.78408140986e-09, 5.9208740133e-09, 1.32322304225e-08, 4.84414748314e-08, 3.70352601919e-08, 1.25841967957e-08, 9.20567444496e-08, 3.83222307221e-08, 2.17063744756e-09, 6.5829966478e-11, 1.05457025057e-10, 2.0505611098e-11, 3.47594565978e-13, 2.5919735464e-15], [2.47923003064e-14, -1.84942512693e-12, -2.95097041421e-12, -7.14088076864e-13, 4.86655258192e-13, -4.53981334947e-13, 2.64983477868e-12, 4.83699235179e-12, 6.72977082047e-12, 2.0436936865e-11, 3.53063778213e-09, 1.27409066408e-07, 7.8196751474e-07, 6.08231474075e-08, 4.24440349533e-09, 3.07872127792e-08, 1.15801846334e-07, 1.59582569381e-07, 1.26776683373e-07, 3.23458493767e-07, 6.17974933448e-08, 1.31845316886e-08, 9.97116347823e-11, 5.7422934463e-11, 1.84170925038e-11, 4.03224654187e-13, 1.23410965691e-13], [-1.42014790769e-13, -2.48035481043e-11, -3.79361576874e-11, -1.97718195982e-11, -1.2286465248e-11, -9.71037399794e-12, -5.59647120313e-12, 1.0592809724e-13, 2.69704369948e-10, 1.38573363895e-09, 1.50894745587e-08, 7.8196751474e-07, 8.58998646436e-06, 2.76232594842e-06, 6.72910900335e-08, 3.61524456594e-07, 1.0982242884e-06, 7.53660469854e-06, 2.1321393433e-06, 3.62890341421e-06, 1.02801880075e-06, 1.3956383782e-07, 4.57669235843e-09, 3.07435055191e-09, 1.08479747407e-09, 7.87991460277e-12, 1.51628752956e-12], [8.36476829642e-13, -1.04526578365e-11, -1.32716624149e-11, -1.08418395789e-11, 8.18646886391e-12, 6.9632520236e-12, 4.52007745469e-12, 4.948485198e-12, 2.88203932941e-10, 3.84105358631e-10, 2.78408140986e-09, 6.08231474075e-08, 2.76232594842e-06, 7.32626767785e-06, 8.61548016928e-07, 6.36453364677e-07, 1.28718227188e-06, 1.15697139336e-05, 1.17725876407e-05, 5.94134280618e-06, 1.58166290021e-06, 2.26782674417e-07, 1.62119189184e-08, 7.32686711302e-09, 1.69984837317e-09, 1.76125086737e-11, 1.54104886404e-12], [3.34982150525e-13, -3.09942804928e-12, -4.68069463397e-12, -2.33388503836e-12, 4.37744675577e-12, 3.16495115706e-12, 3.12285917611e-12, 3.5683621856e-12, 1.04417301194e-10, 7.63115737268e-10, 5.9208740133e-09, 4.24440349533e-09, 6.72910900335e-08, 8.61548016928e-07, 7.09043547431e-07, 3.20180049584e-07, 6.19838885996e-07, 8.97654899745e-07, 3.29979275193e-06, 3.26922668137e-06, 5.14050213951e-07, 9.1081695075e-08, 7.07002545397e-09, 4.52298154485e-09, 5.25198606827e-10, 5.23778589945e-12, 4.76096267445e-13], [2.72523561877e-12, 3.91118422371e-11, 5.85990284074e-11, 6.73049463384e-11, 1.03932043527e-10, 5.02103462974e-11, 2.66410504768e-11, 3.13351601611e-11, 6.44010123008e-10, 2.08025818793e-09, 1.32322304225e-08, 3.07872127792e-08, 3.61524456594e-07, 6.36453364677e-07, 3.20180049584e-07, 1.05627907487e-06, 6.91489162818e-07, 1.26857332816e-06, 2.6646976039e-06, 2.69340762316e-06, 5.06348953877e-07, 7.14980217253e-08, 7.46130890406e-09, 3.46326034517e-09, 4.83778572757e-10, 4.45830178331e-12, 3.08871689076e-13], [1.55937675966e-12, 1.1021230803e-11, 1.43116759763e-11, 2.06826309551e-11, 4.65569839625e-11, 2.53686793794e-11, 2.25032058959e-11, 2.72515014027e-11, 4.84932982658e-10, 6.01224980912e-09, 4.84414748314e-08, 1.15801846334e-07, 1.0982242884e-06, 1.28718227188e-06, 6.19838885996e-07, 6.91489162818e-07, 1.78456434696e-06, 2.56320254266e-06, 4.74042690257e-06, 4.84812062496e-06, 9.24365508581e-07, 1.11568631667e-07, 9.76808500752e-09, 5.55627455157e-09, 8.71337335617e-10, 8.2545758423e-12, 6.81192136118e-13], [-8.40731943699e-13, -4.55689340428e-11, -6.64820143381e-11, -5.28278497336e-11, -4.58746166054e-11, -1.62291881323e-11, -5.92594853396e-12, 1.8830685275e-11, 1.17872567262e-09, 4.82057771478e-09, 3.70352601919e-08, 1.59582569381e-07, 7.53660469854e-06, 1.15697139336e-05, 8.97654899745e-07, 1.26857332816e-06, 2.56320254266e-06, 3.00860119751e-05, 1.73413864104e-05, 1.06426005004e-05, 3.72432054974e-06, 3.6733200659e-07, 2.35274590921e-08, 1.23253984796e-08, 3.73513664442e-09, 2.82749899883e-11, 2.86997378987e-12], [-2.78420705544e-13, -3.23407967073e-11, -3.09608172433e-11, 3.2612617034e-12, 2.30067839779e-11, -2.29663206855e-12, 1.18764243232e-11, 4.12987075094e-11, 1.75838033023e-09, 1.60200430699e-09, 1.25841967957e-08, 1.26776683373e-07, 2.1321393433e-06, 1.17725876407e-05, 3.29979275193e-06, 2.6646976039e-06, 4.74042690257e-06, 1.73413864104e-05, 6.29222704447e-05, 3.42973944498e-05, 6.58438557366e-06, 1.04322771222e-06, 6.40534736362e-08, 2.88563679618e-08, 6.55315002263e-09, 5.33149253912e-11, 6.45550973788e-12], [4.79097122218e-13, -1.65579563949e-11, -2.77613002031e-11, -6.33680998299e-12, 2.21093577474e-11, -3.180340919e-13, 4.54507048317e-12, 9.77375385486e-12, 6.73683775432e-10, 1.05690052266e-08, 9.20567444496e-08, 3.23458493767e-07, 3.62890341421e-06, 5.94134280618e-06, 3.26922668137e-06, 2.69340762316e-06, 4.84812062496e-06, 1.06426005004e-05, 3.42973944498e-05, 6.82058380335e-05, 8.11371137388e-06, 1.72931061115e-06, 4.85661537653e-08, 2.88060029163e-08, 6.78436595791e-09, 5.26029914072e-11, 7.52067939175e-12], [4.07200792182e-12, 5.53012496907e-11, 8.13405384714e-11, 9.08090408425e-11, 1.48302495284e-10, 7.56461560059e-11, 4.48384628038e-11, 3.30212350519e-11, 2.64640948044e-10, 3.87638676713e-09, 3.83222307221e-08, 6.17974933448e-08, 1.02801880075e-06, 1.58166290021e-06, 5.14050213951e-07, 5.06348953877e-07, 9.24365508581e-07, 3.72432054974e-06, 6.58438557366e-06, 8.11371137388e-06, 1.91486901713e-06, 2.37924481894e-07, 8.21358092651e-09, 3.91489773932e-09, 1.06233311037e-09, 9.08126785576e-12, 1.19943269726e-12], [2.16283997378e-15, -1.92956132843e-12, -2.8941020587e-12, -1.98077730433e-12, -1.37783588792e-12, -3.33316111257e-13, 2.9775192186e-13, 1.01543036132e-12, 3.16056382454e-11, 1.51904711032e-10, 2.17063744756e-09, 1.31845316886e-08, 1.3956383782e-07, 2.26782674417e-07, 9.1081695075e-08, 7.14980217253e-08, 1.11568631667e-07, 3.6733200659e-07, 1.04322771222e-06, 1.72931061115e-06, 2.37924481894e-07, 5.79903058906e-08, 1.05440567388e-09, 6.70853317342e-10, 1.73441649931e-10, 1.52773692134e-12, 2.39854224806e-13], [2.97081762944e-14, 4.19108324434e-13, 6.40728464209e-13, 7.41300955082e-13, 1.19066182695e-12, 5.57992616956e-13, 3.19732684339e-13, 2.34661845077e-13, 1.89001548787e-12, 9.67300458482e-12, 6.5829966478e-11, 9.97116347823e-11, 4.57669235843e-09, 1.62119189184e-08, 7.07002545397e-09, 7.46130890406e-09, 9.76808500752e-09, 2.35274590921e-08, 6.40534736362e-08, 4.85661537653e-08, 8.21358092651e-09, 1.05440567388e-09, 2.15823414695e-10, 1.01860991863e-10, 1.7689875606e-11, 1.09054489072e-13, 6.0429820734e-15], [-1.53170693682e-15, -6.58513296518e-14, -8.87734709961e-14, -6.26095583798e-14, -5.49640662032e-14, -3.28872772927e-14, -1.07959482147e-14, 2.11431824197e-14, 1.26422158332e-12, 1.32708644421e-11, 1.05457025057e-10, 5.7422934463e-11, 3.07435055191e-09, 7.32686711302e-09, 4.52298154485e-09, 3.46326034517e-09, 5.55627455157e-09, 1.23253984796e-08, 2.88563679618e-08, 2.88060029163e-08, 3.91489773932e-09, 6.70853317342e-10, 1.01860991863e-10, 6.63961594038e-11, 1.07018473944e-11, 6.54485892023e-14, 2.86241020239e-15], [3.03360800183e-16, -1.11352306499e-14, -1.85012443056e-14, -1.49139666003e-14, -5.47592824356e-15, 7.02771801392e-16, 4.22118233989e-15, 9.57349163052e-15, 2.72756453925e-13, 2.58167771015e-12, 2.0505611098e-11, 1.84170925038e-11, 1.08479747407e-09, 1.69984837317e-09, 5.25198606827e-10, 4.83778572757e-10, 8.71337335617e-10, 3.73513664442e-09, 6.55315002263e-09, 6.78436595791e-09, 1.06233311037e-09, 1.73441649931e-10, 1.7689875606e-11, 1.07018473944e-11, 2.73093114962e-12, 1.4170358917e-14, 7.89818306887e-16], [6.52803453442e-18, 1.3293737084e-17, 1.93866882647e-17, -2.55288583462e-17, 6.32679083853e-17, 3.32651278908e-17, 8.91850585459e-17, 6.1211841785e-17, 1.97386268809e-15, 1.63356046761e-14, 3.47594565978e-13, 4.03224654187e-13, 7.87991460277e-12, 1.76125086737e-11, 5.23778589945e-12, 4.45830178331e-12, 8.2545758423e-12, 2.82749899883e-11, 5.33149253912e-11, 5.26029914072e-11, 9.08126785576e-12, 1.52773692134e-12, 1.09054489072e-13, 6.54485892023e-14, 1.4170358917e-14, 1.69938380558e-16, 8.65597692614e-18], [-1.22697225374e-19, -1.45948607547e-17, -2.65036642283e-17, -2.37842285552e-17, -1.85006305905e-17, -2.36455802632e-18, 3.93320452161e-18, 8.12360265672e-18, 9.61743707625e-17, 3.71932273018e-16, 2.5919735464e-15, 1.23410965691e-13, 1.51628752956e-12, 1.54104886404e-12, 4.76096267445e-13, 3.08871689076e-13, 6.81192136118e-13, 2.86997378987e-12, 6.45550973788e-12, 7.52067939175e-12, 1.19943269726e-12, 2.39854224806e-13, 6.0429820734e-15, 2.86241020239e-15, 7.89818306887e-16, 8.65597692614e-18, 2.08902561185e-18]]
    },
    "mfcc": {
        "kurt": [-0.3292491436, 1.58860683441, -0.887105464935, 1.11387014389, 1.28097724915, 0.922435045242, 1.62272310257, 0.99723982811, 3.25762176514, 4.53293323517, 5.07576847076, 8.17670822144, 5.32353973389],
        "max": [-686.219299316, 124.750946045, 63.7561378479, 119.639480591, 47.2533836365, 58.1169204712, 66.5909042358, 32.0485610962, 40.4349784851, 43.6855545044, 54.9381828308, 66.1167373657, 49.6849822998],
        "mean": [-1017.75445557, -18.4215316772, -62.537612915, 29.7677993774, 0.692782342434, 5.46023797989, 11.2542076111, -8.1743221283, -6.43451786041, -2.25083374977, 0.120806150138, 0.941585540771, -3.50730991364],
        "median": [-1078.78637695, -5.4863319397, -29.1793327332, 27.9639778137, 0.953568458557, 0.765251159668, 7.36122512817, -5.65189361572, -4.03825378418, -1.25601196289, -0.989109039307, -1.21374893188, -2.08041954041],
        "min": [-1137.96765137, -177.330871582, -238.43927002, -6.95740890503, -58.1263427734, -29.7023887634, -43.0598144531, -47.5770645142, -75.2155990601, -72.7185668945, -52.8305091858, -41.7768630981, -55.600894928],
        "skew": [1.05121660233, -1.16449141502, -0.743237793446, 0.878202438354, -0.406788408756, 1.07721674442, 0.933998048306, -0.541977524757, -1.19025313854, -1.15872442722, 0.883012831211, 1.95159673691, -0.450805127621],
        "var": [17187.1132812, 1702.03234863, 5666.15332031, 441.719024658, 233.871337891, 228.899993896, 212.378448486, 146.385437012, 196.422805786, 168.605697632, 125.45589447, 126.662872314, 115.809112549],
        "cov": [[17217.2128906, -4192.05175781, -9362.03320312, 1321.17749023, -267.045410156, 1373.27722168, 910.90814209, -641.614807129, -833.676208496, 73.9734802246, 386.381835938, 491.062347412, -345.006072998], [-4192.05175781, 1705.01318359, 2492.06030273, -275.794006348, 78.0674133301, -347.850616455, -108.631607056, 229.804321289, 240.957672119, -68.8004302979, -143.083709717, -92.9604873657, 133.993972778], [-9362.03320312, 2492.06030273, 5676.07666016, -618.273254395, 211.952438354, -713.297668457, -570.912658691, 392.748291016, 510.123352051, 7.79258728027, -223.786346436, -313.011871338, 192.413467407], [1321.17749023, -275.794006348, -618.273254395, 442.492614746, 52.1074714661, 127.830245972, 60.0270233154, -109.710571289, -20.1362342834, 29.0215396881, 20.7063064575, 15.2856349945, -20.6317234039], [-267.045410156, 78.0674133301, 211.952438354, 52.1074714661, 234.280914307, -0.199000492692, -41.3127479553, -12.6825714111, -25.0239200592, 90.4972991943, -1.83100450039, -14.7984018326, -12.7656421661], [1373.27722168, -347.850616455, -713.297668457, 127.830245972, -0.199000492692, 229.300872803, 107.710098267, -65.5660629272, -104.865821838, -20.9648532867, 65.2079467773, 59.7628669739, -24.3408603668], [910.90814209, -108.631607056, -570.912658691, 60.0270233154, -41.3127479553, 107.710098267, 212.75038147, -10.5373182297, -88.5541229248, -67.9172592163, 38.9856796265, 91.4930343628, -4.07571411133], [-641.614807129, 229.804321289, 392.748291016, -109.710571289, -12.6825714111, -65.5660629272, -10.5373182297, 146.641799927, 74.0743560791, -57.2882614136, -51.4635162354, -4.19890213013, 47.5259628296], [-833.676208496, 240.957672119, 510.123352051, -20.1362342834, -25.0239200592, -104.865821838, -88.5541229248, 74.0743560791, 196.766799927, 0.248230054975, -90.2712783813, -59.4861869812, 41.8308372498], [73.9734802246, -68.8004302979, 7.79258728027, 29.0215396881, 90.4972991943, -20.9648532867, -67.9172592163, -57.2882614136, 0.248230054975, 168.900985718, 20.2555599213, -64.5095367432, -38.5401153564], [386.381835938, -143.083709717, -223.786346436, 20.7063064575, -1.83100450039, 65.2079467773, 38.9856796265, -51.4635162354, -90.2712783813, 20.2555599213, 125.675613403, 23.4725589752, -67.7649154663], [491.062347412, -92.9604873657, -313.011871338, 15.2856349945, -14.7984018326, 59.7628669739, 91.4930343628, -4.19890213013, -59.4861869812, -64.5095367432, 23.4725589752, 126.88469696, 11.487909317], [-345.006072998, 133.993972778, 192.413467407, -20.6317234039, -12.7656421661, -24.3408603668, -4.07571411133, 47.5259628296, 41.8308372498, -38.5401153564, -67.7649154663, 11.487909317, 116.011932373]]
    },
    "sccoeffs": {
        "kurt": [0.119268894196, 6.52967262268, 5.71143627167, 3.4860200882, 1.85756492615, 0.897709131241],
        "max": [-0.724348247051, -0.640010774136, -0.41518047452, -0.351840645075, -0.490221858025, -0.449623912573],
        "mean": [-0.84729808569, -0.881205558777, -0.860124468803, -0.825911998749, -0.831443667412, -0.787121355534],
        "median": [-0.851307034492, -0.887001633644, -0.891440868378, -0.867952108383, -0.865179300308, -0.807707667351],
        "min": [-0.94395506382, -0.944391071796, -0.955264091492, -0.982071995735, -0.964364886284, -0.886048913002],
        "skew": [0.486498862505, 1.82042169571, 2.3283097744, 1.92073071003, 1.56373286247, 1.06992781162],
        "var": [0.00151831691619, 0.00123748416081, 0.00731900613755, 0.0124241737649, 0.00714685022831, 0.00642264029011],
        "cov": [[0.00152097595856, 0.00020033911278, -8.61972075654e-05, -6.28049165243e-05, -4.29496285506e-05, -3.0149361919e-05], [0.00020033911278, 0.00123965134844, 0.000618793943431, 0.000827393785585, 0.000759546353947, 0.000688159372658], [-8.61972075654e-05, 0.000618793943431, 0.00733182393014, 0.00641170749441, 0.00443983962759, 0.00441352277994], [-6.28049165243e-05, 0.000827393785585, 0.00641170749441, 0.0124459322542, 0.00828450731933, 0.00654088193551], [-4.29496285506e-05, 0.000759546353947, 0.00443983962759, 0.00828450731933, 0.00715936673805, 0.00548266153783], [-3.0149361919e-05, 0.000688159372658, 0.00441352277994, 0.00654088193551, 0.00548266153783, 0.00643388833851]]
    },
    "scvalleys": {
        "kurt": [2.96356630325, 5.96279525757, 0.306056022644, -0.405129671097, -0.490880012512, 0.279987573624],
        "max": [-7.05159378052, -7.13435649872, -6.90171289444, -4.94867372513, -4.48633050919, -7.95749855042],
        "mean": [-11.147195816, -10.9435100555, -10.6740465164, -9.84383487701, -9.29876327515, -11.8517017365],
        "median": [-11.2495994568, -11.051738739, -11.0772867203, -10.6646089554, -10.0649662018, -12.4087295532],
        "min": [-12.9269018173, -12.0872898102, -12.3505916595, -12.4003190994, -11.4843893051, -13.4970388412],
        "skew": [1.23820853233, 1.65841913223, 1.14330804348, 0.959421873093, 0.918431460857, 1.22003829479],
        "var": [0.710884928703, 0.3651702106, 1.16485083103, 3.73040223122, 3.83349776268, 1.81744325161],
        "cov": [[0.712129950523, 0.278167933226, 0.208191990852, 0.27018609643, 0.296187311411, 0.191048309207], [0.278167933226, 0.365809738636, 0.387322604656, 0.60674983263, 0.609288871288, 0.382754504681], [0.208191990852, 0.387322604656, 1.1668908596, 1.82528340816, 1.84735071659, 1.1589050293], [0.27018609643, 0.60674983263, 1.82528340816, 3.73693537712, 3.69076108932, 2.36150693893], [0.296187311411, 0.609288871288, 1.84735071659, 3.69076108932, 3.84021139145, 2.4658780098], [0.191048309207, 0.382754504681, 1.1589050293, 2.36150693893, 2.4658780098, 1.82062613964]]
    }
},
"rhythm": {
    "beats_loudness": {
        "kurt": 4.72103404999,
        "max": 0.100218310952,
        "mean": 0.0193593986332,
        "median": 0.0119668412954,
        "min": 1.93956580574e-07,
        "skew": 2.01292276382,
        "var": 0.000492362945806
    },
    "bpm": 105.758850098,
    "confidence": 2.73736000061,
    "first_peak_bpm": {
        "kurt": 0,
        "max": 105,
        "mean": 105,
        "median": 105,
        "min": 105,
        "skew": 0,
        "var": 0
    },
    "first_peak_spread": {
        "kurt": 0,
        "max": 0.375,
        "mean": 0.375,
        "median": 0.375,
        "min": 0.375,
        "skew": 0,
        "var": 0
    },
    "first_peak_weight": {
        "kurt": 0,
        "max": 0.217391297221,
        "mean": 0.217391297221,
        "median": 0.217391297221,
        "min": 0.217391297221,
        "skew": 0,
        "var": 0
    },
    "onset_rate": 1.88601136208,
    "second_peak_bpm": {
        "kurt": 0,
        "max": 115,
        "mean": 115,
        "median": 115,
        "min": 115,
        "skew": 0,
        "var": 0
    },
    "second_peak_spread": {
        "kurt": 0,
        "max": 0.571428596973,
        "mean": 0.571428596973,
        "median": 0.571428596973,
        "min": 0.571428596973,
        "skew": 0,
        "var": 0
    },
    "second_peak_weight": {
        "kurt": 0,
        "max": 0.130434781313,
        "mean": 0.130434781313,
        "median": 0.130434781313,
        "min": 0.130434781313,
        "skew": 0,
        "var": 0
    },
    "beats_loudness_band_ratio": {
        "kurt": [18.7728233337, 7.997797966, 7.38958930969, -0.236606121063, -1.1200274229, -0.657205104828],
        "max": [0.40770611167, 0.12351809442, 0.0595236010849, 0.18955385685, 0.648744046688, 0.909819066525],
        "mean": [0.0192073769867, 0.0101113310084, 0.00540417479351, 0.0629575625062, 0.345209032297, 0.565668880939],
        "median": [1.054250788e-06, 4.61424360765e-06, 4.55815061287e-05, 0.049504276365, 0.347458839417, 0.539421916008],
        "min": [1.12029511001e-07, 3.99299608489e-07, 1.19224228001e-06, 0.00132334488444, 0.0894965454936, 0.181374534965],
        "skew": [4.54249429703, 3.0579662323, 2.87076306343, 0.805754780769, 0.106664381921, 0.0965319573879],
        "var": [0.00660300813615, 0.000865815381985, 0.000194641237613, 0.00256572850049, 0.0269719976932, 0.0359487384558],
        "cov": [[0.0068900953047, 0.00209190999158, 0.000587415415794, -0.000584076740779, -0.00340348342434, -0.00534263113514], [0.00209190999158, 0.000903459498659, 0.000378488039132, -0.000173287087819, -0.00156231003348, -0.0015592147829], [0.000587415415794, 0.000378488039132, 0.000203103903914, -7.33164852136e-05, -0.000667947053444, -0.000404130347306], [-0.000584076740779, -0.000173287087819, -7.33164852136e-05, 0.00267728185281, 0.00323734618723, -0.00495121767744], [-0.00340348342434, -0.00156231003348, -0.000667947053444, 0.00323734618723, 0.0281446930021, -0.0257019009441], [-0.00534263113514, -0.0015592147829, -0.000404130347306, -0.00495121767744, -0.0257019009441, 0.037511728704]]
    },
    "beats_position": [0.626938760281, 1.21904754639, 1.78793644905, 2.35682535172, 2.92571425438, 3.52943301201, 4.12154197693, 4.69043064117, 5.25931978226, 5.79337835312, 6.30421733856, 6.79183673859, 7.26784563065, 7.79029464722, 8.31274318695, 8.8119726181, 9.34603118896, 9.89170074463, 10.4025392532, 10.9249887466, 11.412607193, 11.9582767487, 12.5155553818, 13.0031747818],
    "bpm_estimates": [101.332733154, 105.46875, 105.46875, 105.46875, 101.332702637, 105.468788147, 105.468704224, 109.95665741, 109.95665741, 107.666069031],
    "bpm_intervals": [0.592108786106, 0.568888902664, 0.568888902664, 0.568888902664, 0.603718757629, 0.59210896492, 0.568888664246, 0.568889141083, 0.534058570862, 0.510838985443, 0.487619400024, 0.476008892059, 0.522449016571, 0.522448539734, 0.499229431152, 0.534058570862, 0.545669555664, 0.510838508606, 0.522449493408, 0.48761844635, 0.545669555664, 0.557278633118, 0.487619400024],
    "onset_times": [0.0696598663926, 0.174149662256, 0.905578255653, 1.25387752056, 1.93886625767, 2.22911572456, 2.56580495834, 2.91410422325, 3.33206343651, 3.50621318817, 4.08671188354, 4.67882108688, 5.5727891922, 5.79337882996, 6.78022670746, 7.25623559952, 7.79029464722, 8.33596324921, 8.78875255585, 9.92653083801, 10.3793201447, 10.9249887466, 11.3893880844, 12.5039453506, 12.9799547195],
    "histogram": [[0, 0, 0, 0, 0, 0, 0, 0, 0, 0, 0, 0, 0, 0, 0, 0, 0, 0, 0, 0, 0, 0, 0, 0, 0, 0, 0, 0, 0, 0, 0, 0, 0, 0, 0, 0, 0, 0, 0, 0, 0, 0, 0, 0, 0, 0, 0, 0, 0, 0, 0, 0, 0, 0, 0, 0, 0, 0, 0, 0, 0, 0, 0, 0, 0, 0, 0, 0, 0, 0, 0, 0, 0, 0, 0, 0, 0, 0, 0, 0, 0, 0, 0, 0, 0, 0, 0, 0, 0, 0, 0, 0, 0, 0, 0, 0, 0, 0, 0, 0.0434782616794, 0, 0.0869565233588, 0, 0, 0, 0.217391297221, 0, 0, 0.0434782616794, 0, 0.0869565233588, 0, 0.0869565233588, 0, 0, 0.130434781313, 0, 0.0869565233588, 0, 0, 0.0434782616794, 0, 0, 0.130434781313, 0, 0, 0.0434782616794, 0, 0, 0, 0, 0, 0, 0, 0, 0, 0, 0, 0, 0, 0, 0, 0, 0, 0, 0, 0, 0, 0, 0, 0, 0, 0, 0, 0, 0, 0, 0, 0, 0, 0, 0, 0, 0, 0, 0, 0, 0, 0, 0, 0, 0, 0, 0, 0, 0, 0, 0, 0, 0, 0, 0, 0, 0, 0, 0, 0, 0, 0, 0, 0, 0, 0, 0, 0, 0, 0, 0, 0, 0, 0, 0, 0, 0, 0, 0, 0, 0, 0, 0, 0, 0, 0, 0, 0, 0, 0, 0, 0, 0, 0, 0, 0, 0, 0, 0, 0, 0, 0, 0, 0, 0, 0, 0, 0, 0, 0, 0, 0, 0, 0, 0, 0, 0, 0, 0, 0, 0, 0, 0]]
},
"sfx": {
    "inharmonicity": {
        "kurt": 13.8267402649,
        "max": 0.412979602814,
        "mean": 0.0257992744446,
        "median": 0,
        "min": 0,
        "skew": 3.55845737457,
        "var": 0.00399149488658
    },
    "oddtoevenharmonicenergyratio": {
        "kurt": 184.08404541,
        "max": 628.518371582,
        "mean": 4.5587015152,
        "median": 0,
        "min": 0,
        "skew": 13.1270751953,
        "var": 1624.82116699
    },
    "pitch_after_max_to_before_max_energy_ratio": 0.419120132923,
    "pitch_centroid": 299.961181641,
    "pitch_max_to_total": 0.730769217014,
    "pitch_min_to_total": 0.286713272333,
    "tristimulus": {
        "kurt": [-0.96803355217, -0.299016714096, 10.3263616562],
        "max": [1, 0.979813277721, 0.992225944996],
        "mean": [0.730608403683, 0.211461573839, 0.0579301603138],
        "median": [1, 0, 0],
        "min": [0, 0, 0],
        "skew": [-0.901142239571, 1.14374256134, 3.33968257904],
        "var": [0.150912493467, 0.105445146561, 0.0339938700199],
        "cov": [[0.151176780462, -0.111376322806, -0.0398005060852], [-0.111376322806, 0.105629816651, 0.00574680604041], [-0.0398005060852, 0.00574680604041, 0.0340534038842]]
    }
},
"tonal": {
    "chords_changes_rate": 0.0975609719753,
    "chords_number_rate": 0.0174216032028,
    "chords_strength": {
        "kurt": -0.556469917297,
        "max": 0.540445744991,
        "mean": 0.454101830721,
        "median": 0.447015047073,
        "min": 0.341444343328,
        "skew": -0.0897520259023,
        "var": 0.00183116015978
    },
    "key_strength": 0.175374746323,
    "tuning_diatonic_strength": 0.426744997501,
    "tuning_equal_tempered_deviation": 0.163886487484,
    "tuning_frequency": 432.940917969,
    "tuning_nontempered_energy_ratio": 0.803833007812,
    "hpcp": {
        "kurt": [-1.17770028114, -1.09873151779, -0.771436214447, -0.600186347961, -0.527316093445, -0.51263999939, -0.705309867859, -0.714995861053, -0.811649799347, -0.574951410294, -0.681213140488, -0.410876989365, 0.288296937943, 0.582866191864, -0.137900590897, -0.948026657104, -0.70906996727, 0.0632281303406, 0.617030143738, 1.40109348297, 3.0185251236, 4.40836238861, 2.93830108643, 2.75780677795, 1.59977483749, 1.88681364059, 1.37053585052, 2.27187490463, 1.67667961121, 1.97337245941, 0.74422955513, 0.480129718781, 0.0837204456329, -0.0563657283783, -0.306764602661, -0.859860897064],
        "max": [1, 1, 1, 1, 1, 1, 1, 1, 1, 1, 1, 1, 1, 1, 1, 1, 1, 1, 1, 1, 1, 1, 1, 1, 1, 1, 1, 1, 1, 1, 1, 1, 1, 1, 1, 1],
