{
"metadata": {
    "version": {
        "essentia": "2.1-beta3"
    }
},
"lowLevel": {
    "average_loudness": 0.964295983315,
    "barkbands_kurtosis": {
        "kurt": 8.94357013702,
        "max": 22.5230369568,
        "mean": 1.71674859524,
        "median": 0.354752779007,
        "min": -1.65582942963,
        "skew": 2.5398182869,
        "var": 13.6725177765
    },
    "barkbands_skewness": {
        "kurt": 2.6719045639,
        "max": 3.04048371315,
        "mean": -1.12642896175,
        "median": -1.06260693073,
        "min": -3.89406967163,
        "skew": 0.801142334938,
        "var": 0.978106737137
    },
    "barkbands_spread": {
        "kurt": -1.07455408573,
        "max": 42.0665473938,
        "mean": 17.6525554657,
        "median": 16.3691520691,
        "min": 0.864425599575,
        "skew": 0.34690490365,
        "var": 126.393005371
    },
    "dissonance": {
        "kurt": 17.8297557831,
        "max": 0.500000059605,
        "mean": 0.48523837328,
        "median": 0.494954317808,
        "min": 0.281957685947,
        "skew": -4.03633308411,
        "var": 0.00105416215956
    },
    "hfc": {
        "kurt": 34.4064598083,
        "max": 1005.78778076,
        "mean": 34.4156265259,
        "median": 0.00235207006335,
        "min": 0.000207784411032,
        "skew": 5.5266456604,
        "var": 15768.1611328
    },
    "pitch": {
        "kurt": -0.952804088593,
        "max": 4624.81591797,
        "mean": 3007.19873047,
        "median": 3809.04589844,
        "min": 206.081390381,
        "skew": -0.891824185848,
        "var": 1778956.75
    },
    "pitch_instantaneous_confidence": {
        "kurt": -0.340656042099,
        "max": 0.948614239693,
        "mean": 0.462704539299,
        "median": 0.436186671257,
        "min": 0.0224380493164,
        "skew": 0.545795202255,
        "var": 0.0381941944361
    },
    "pitch_salience": {
        "kurt": 4.28976821899,
        "max": 0.927484750748,
        "mean": 0.758010327816,
        "median": 0.770693421364,
        "min": 0.480992794037,
        "skew": -1.68419694901,
        "var": 0.00485880533233
    },
    "silence_rate_20dB": {
        "kurt": 0,
        "max": 1,
        "mean": 1,
        "median": 1,
        "min": 1,
        "skew": 0,
        "var": 0
    },
    "silence_rate_30dB": {
        "kurt": 36.0248985291,
        "max": 1,
        "mean": 0.975609779358,
        "median": 1,
        "min": 0,
        "skew": -6.16644382477,
        "var": 0.0237953327596
    },
    "silence_rate_60dB": {
        "kurt": -0.00118708610535,
        "max": 1,
        "mean": 0.788617908955,
        "median": 1,
        "min": 0,
        "skew": -1.41379380226,
        "var": 0.166699573398
    },
    "spectral_centroid": {
        "kurt": 1.45927381516,
        "max": 3966.37890625,
        "mean": 2938.09326172,
        "median": 2911.11181641,
        "min": 799.480773926,
        "skew": -0.803011953831,
        "var": 307843.8125
    },
    "spectral_complexity": {
        "kurt": 4.94233846664,
        "max": 44,
        "mean": 4.64227628708,
        "median": 0,
        "min": 0,
        "skew": 2.44874095917,
        "var": 114.79888916
    },
    "spectral_crest": {
        "kurt": 0.782663106918,
        "max": 22.5622520447,
        "mean": 8.69067192078,
        "median": 7.97634840012,
        "min": 3.63416337967,
        "skew": 0.984696090221,
        "var": 15.8684568405
    },
    "spectral_decrease": {
        "kurt": 21.9170837402,
        "max": -1.24652036672e-14,
        "mean": -2.13117523629e-09,
        "median": -1.61218003465e-13,
        "min": -4.66636862484e-08,
        "skew": -4.54891014099,
        "var": 5.13193936248e-17
    },
    "spectral_energy": {
        "kurt": 24.1986675262,
        "max": 0.257323741913,
        "mean": 0.0111651420593,
        "median": 8.3990261146e-07,
        "min": 6.58930972008e-08,
        "skew": 4.74317359924,
        "var": 0.00145626359154
    },
    "spectral_energyband_high": {
        "kurt": 100.256111145,
        "max": 0.132642477751,
        "mean": 0.00210676970892,
        "median": 2.55418029838e-07,
        "min": 1.97799518986e-08,
        "skew": 9.79974746704,
        "var": 0.00015130911197
    },
    "spectral_energyband_low": {
        "kurt": 118.001251221,
        "max": 1.76679932338e-05,
        "mean": 1.51022902628e-07,
        "median": 4.85042184195e-09,
        "min": 2.86486667722e-10,
        "skew": 10.9543485641,
        "var": 2.51518814456e-12
    },
    "spectral_energyband_middle_high": {
        "kurt": 20.5760536194,
        "max": 0.21503277123,
        "mean": 0.0093038957566,
        "median": 5.98954159159e-07,
        "min": 3.90851937482e-08,
        "skew": 4.38478755951,
        "var": 0.000965795828961
    },
    "spectral_energyband_middle_low": {
        "kurt": 63.6851272583,
        "max": 4.67943682452e-05,
        "mean": 9.54370307227e-07,
        "median": 5.21739700332e-08,
        "min": 7.40471906013e-09,
        "skew": 7.78714561462,
        "var": 2.45640504465e-11
    },
    "spectral_flatness_db": {
        "kurt": -0.502517700195,
        "max": 0.610131800175,
        "mean": 0.211666762829,
        "median": 0.136014640331,
        "min": 0.0479756630957,
        "skew": 0.978258430958,
        "var": 0.0245639681816
    },
    "spectral_flux": {
        "kurt": 7.29960918427,
        "max": 0.551225841045,
        "mean": 0.0491041056812,
        "median": 0.000775073945988,
        "min": 0.000249481119681,
        "skew": 2.64744353294,
        "var": 0.0102669997141
    },
    "spectral_kurtosis": {
        "kurt": 3.19936466217,
        "max": 24.1956501007,
        "mean": 6.22548532486,
        "median": 4.86396503448,
        "min": 2.30153083801,
        "skew": 1.75633203983,
        "var": 18.9602413177
    },
    "spectral_rms": {
        "kurt": 8.68977165222,
        "max": 0.0158444792032,
        "mean": 0.00132327945903,
        "median": 2.86254635284e-05,
        "min": 8.0178524513e-06,
        "skew": 2.93018817902,
        "var": 9.14175689104e-06
    },
    "spectral_rolloff": {
        "kurt": 7.375041008,
        "max": 5318.70117188,
        "mean": 4154.5078125,
        "median": 4263.57421875,
        "min": 968.994140625,
        "skew": -2.08249807358,
        "var": 354203.375
    },
    "spectral_skewness": {
        "kurt": 9.34855365753,
        "max": 3.5275053978,
        "mean": 1.54198110104,
        "median": 1.49200677872,
        "min": 0.795238673687,
        "skew": 2.07099294662,
        "var": 0.115274094045
    },
    "spectral_spread": {
        "kurt": -1.51968967915,
        "max": 9826736,
        "mean": 5334104.5,
        "median": 5812788,
        "min": 1187475.375,
        "skew": -0.0903020873666,
        "var": 6.93603978445e+12
    },
    "spectral_strongpeak": {
        "kurt": 27.1027412415,
        "max": 15.9529848099,
        "mean": 0.738792181015,
        "median": 0.0231789983809,
        "min": 0.000239655681071,
        "skew": 4.79115438461,
        "var": 4.35467910767
    },
    "zerocrossingrate": {
        "kurt": 2.80944156647,
        "max": 0.1787109375,
        "mean": 0.145341083407,
        "median": 0.1474609375,
        "min": 0.0537109375,
        "skew": -1.45666074753,
        "var": 0.000505396164954
    },
    "barkbands": {
        "kurt": [117.936576843, 118.007034302, 118.002944946, 117.973403931, 117.899055481, 117.897666931, 66.5673522949, 45.5206184387, 43.7722053528, 90.4179534912, 86.9678726196, 104.013595581, 86.3152160645, 70.3854980469, 33.8829612732, 20.280374527, 13.4746799469, 57.3325996399, 22.4082450867, 111.501968384, 40.4548683167, 32.9740562439, 54.1311912537, 23.0186195374, 27.634967804, 84.1092758179, 30.6188278198],
        "max": [2.04070417453e-07, 5.09169331053e-06, 7.88914803707e-06, 8.81498090166e-06, 1.6433205019e-05, 9.48538581724e-06, 5.26869371242e-06, 3.27001089317e-06, 6.74077409712e-06, 0.000401120109018, 0.00270727952011, 0.00652510533109, 0.0704120621085, 0.0515329055488, 0.00561701739207, 0.00402717804536, 0.00688515929505, 0.0784777775407, 0.064218826592, 0.215030252934, 0.0175741072744, 0.00282546435483, 7.4521303759e-05, 8.54459722177e-06, 2.60771366811e-06, 9.35363502208e-08, 8.92453222434e-09],
        "mean": [1.76834247245e-09, 4.22157029334e-08, 6.73024871389e-08, 7.82718103665e-08, 1.54610873437e-07, 9.21316853919e-08, 8.53814228208e-08, 7.83194806786e-08, 1.94660259467e-07, 5.34934179086e-06, 4.15203285229e-05, 8.98657308426e-05, 0.00111019110773, 0.00100255850703, 0.000158456721692, 0.000173633627128, 0.000371737114619, 0.00200958433561, 0.00273327971809, 0.00286091561429, 0.000515838037245, 8.89224465936e-05, 2.0502930056e-06, 3.5068180182e-07, 1.06125021659e-07, 2.03083994066e-09, 3.71426223111e-10],
        "median": [1.72376800334e-11, 5.51023948692e-10, 2.39863018336e-09, 4.1542342899e-09, 1.46293483994e-08, 9.70754321372e-09, 5.11407804993e-09, 4.61140725605e-09, 5.19969756141e-09, 8.59036486389e-09, 6.85796219813e-09, 9.81247172405e-09, 2.63614143847e-08, 2.85084915674e-08, 2.08425348092e-08, 4.03863076315e-08, 5.53308510121e-08, 8.14844938191e-08, 1.23857546441e-07, 2.07613609859e-07, 8.60021458493e-08, 2.69352256055e-08, 2.9021898218e-09, 1.95776750367e-09, 1.64330549168e-09, 1.27666349714e-10, 5.36088491307e-12],
        "min": [2.98301341311e-13, 2.57101111234e-11, 9.29366236746e-11, 7.83881501376e-11, 3.06368619363e-09, 1.3967099699e-09, 4.01671196304e-10, 2.69473721115e-10, 9.82472103672e-10, 1.1346610318e-09, 4.35103397756e-10, 7.79434128351e-10, 1.35942179735e-09, 1.64120605994e-09, 2.01181515891e-09, 2.01072358763e-09, 3.20315529656e-09, 3.59373375503e-09, 1.15714637872e-08, 8.90065976478e-09, 8.05830424611e-09, 3.79687881136e-09, 9.01530627928e-10, 7.05615788021e-10, 2.82512208072e-10, 4.03537689375e-11, 3.36085629812e-12],
        "skew": [10.9499082565, 10.9547548294, 10.9544639587, 10.9524335861, 10.9473543167, 10.9472436905, 8.09666919708, 6.55736017227, 6.16042137146, 9.31470966339, 8.98899936676, 10.0591211319, 9.03449821472, 7.94839906693, 5.61162757874, 4.50204753876, 3.7827732563, 7.00262546539, 4.80300331116, 10.5180234909, 6.11054372787, 5.58374452591, 6.78253173828, 4.49592256546, 4.99114751816, 8.76519680023, 5.24713611603],
        "var": [3.35559301835e-16, 2.08994591923e-13, 5.01496522261e-13, 6.25746199648e-13, 2.17305036812e-12, 7.2355343288e-13, 3.12056587168e-13, 1.44370043806e-13, 5.89584696169e-13, 1.47239509474e-09, 6.77880507283e-08, 3.61230036106e-07, 4.6212648158e-05, 2.71979079116e-05, 4.98663837334e-07, 4.09100039178e-07, 1.58884085977e-06, 6.91305831424e-05, 0.0001215388329, 0.000379331642762, 4.52169206255e-06, 1.32194102775e-07, 6.39311312223e-11, 1.32986666384e-12, 1.28251589578e-13, 8.11822383207e-17, 1.50992246206e-18],
        "cov": [[3.38309803103e-16, 8.44193692815e-15, 1.30766496467e-14, 1.46064191016e-14, 2.72153752713e-14, 1.57065099181e-14, 8.66359698012e-15, 5.33471133411e-15, 4.57082271744e-15, -5.41451835489e-15, -6.13841456506e-14, -1.34260359991e-13, -1.71752662006e-12, -1.15184240184e-12, -1.85090129529e-13, -2.38375345938e-13, -4.29085857557e-13, -2.90380848707e-12, -2.89672300903e-12, -4.50540689825e-12, -7.59707455365e-13, -1.38864302544e-13, -2.79037386188e-15, -4.18534781697e-16, -9.20671940281e-17, 3.31820659292e-19, -4.28387585158e-19], [8.44193692815e-15, 2.10707658461e-13, 3.26393615911e-13, 3.64569648342e-13, 6.79286108699e-13, 3.91970662742e-13, 2.16286773105e-13, 1.33177513071e-13, 1.13885666848e-13, -1.44383962251e-13, -1.55058821685e-12, -3.68270431511e-12, -4.63541219298e-11, -4.1290585534e-11, -6.47399755332e-12, -7.11056821062e-12, -1.52336372683e-11, -8.35142163758e-11, -1.12094535043e-10, -1.18122497894e-10, -2.13217724726e-11, -3.67394699732e-12, -8.15056437056e-14, -1.27982460106e-14, -3.08740502307e-15, -1.198183008e-18, -1.27303410601e-17], [1.30766496467e-14, 3.26393615911e-13, 5.05607166378e-13, 5.64750991198e-13, 1.05224867448e-12, 6.07174141694e-13, 3.35031075148e-13, 2.06258689056e-13, 1.76264100429e-13, -2.33005373893e-13, -2.56622284187e-12, -5.24617719058e-12, -7.09547698374e-11, -6.48677916937e-11, -1.03504644092e-11, -1.0967995609e-11, -2.39571557037e-11, -1.2993869869e-10, -1.7824457188e-10, -1.8961389403e-10, -3.33489694193e-11, -5.79378428914e-12, -1.27435551261e-13, -2.00964750077e-14, -4.9748913146e-15, -2.39220281599e-18, -1.93059140779e-17], [1.46064191016e-14, 3.64569648342e-13, 5.64750991198e-13, 6.30875234865e-13, 1.17537566052e-12, 6.78213128019e-13, 3.7426040999e-13, 2.30539599997e-13, 1.99462449053e-13, -1.40272532088e-13, -2.71497754833e-12, -3.67255835118e-12, -7.58237014842e-11, -7.21831205919e-11, -1.15955075403e-11, -1.04689043892e-11, -2.5211886398e-11, -1.45974329846e-10, -1.9521835537e-10, -2.14859019465e-10, -3.77385796224e-11, -6.57840535517e-12, -1.40868057236e-13, -2.18921662211e-14, -5.45942719472e-15, -1.2556324593e-18, -1.8366946623e-17], [2.72153752713e-14, 6.79286108699e-13, 1.05224867448e-12, 1.17537566052e-12, 2.19086229193e-12, 1.2640487615e-12, 6.97211927948e-13, 4.29213793413e-13, 3.71868985258e-13, -3.99522239293e-13, -5.34101105357e-12, -1.21854202076e-11, -1.60127591742e-10, -1.35733160822e-10, -2.0831917788e-11, -2.3789329881e-11, -4.98036195618e-11, -2.82017187381e-10, -3.59675206285e-10, -3.91985915948e-10, -7.1618627695e-11, -1.23427691678e-11, -2.69423833287e-13, -4.26333027583e-14, -1.02703202252e-14, -1.45470447522e-17, -4.25217719449e-17], [1.57065099181e-14, 3.91970662742e-13, 6.07174141694e-13, 6.78213128019e-13, 1.2640487615e-12, 7.29484235604e-13, 4.02308774402e-13, 2.47918927141e-13, 2.13793338501e-13, -2.38830141644e-13, -3.24092727481e-12, -7.02710329162e-12, -8.54770212944e-11, -4.44650462283e-11, -6.84343423943e-12, -1.12706085784e-11, -1.89033441678e-11, -1.23227178461e-10, -1.13246349798e-10, -1.93147442484e-10, -3.06454167598e-11, -5.56139466076e-12, -1.25400842596e-13, -1.9085281993e-14, -3.64374600371e-15, 3.68103181171e-17, -1.95359993283e-17], [8.66359698012e-15, 2.16286773105e-13, 3.35031075148e-13, 3.7426040999e-13, 6.97211927948e-13, 4.02308774402e-13, 3.14614436933e-13, 1.9473977281e-13, 1.16879542069e-13, -2.12040400429e-13, 1.0625897948e-12, -3.90048583709e-12, -8.56713103237e-11, -6.39396868785e-11, -1.08320375239e-11, -1.2408110997e-11, -2.55453141279e-11, -1.34058403267e-10, -1.74574590894e-10, -2.11701794983e-10, -3.13560045984e-11, -5.84164227407e-12, -1.42241836257e-13, -2.231828478e-14, -5.29492026735e-15, -3.97557362248e-17, -2.12306277057e-17], [5.33471133411e-15, 1.33177513071e-13, 2.06258689056e-13, 2.30539599997e-13, 4.29213793413e-13, 2.47918927141e-13, 1.9473977281e-13, 1.4555340982e-13, 8.92808437315e-14, 7.6577871648e-13, 3.24561970182e-12, 3.10697669849e-12, -6.57064541665e-11, -4.81925471751e-11, -5.27961875607e-12, -9.32818492588e-12, -1.629833421e-11, -1.1455018184e-10, -9.75324127017e-11, -1.6893408894e-10, -2.33442518788e-11, -3.72215843217e-12, -1.17350763438e-13, -1.97776670529e-14, -4.10106036248e-15, -4.98606473797e-17, -1.11022196583e-17], [4.57082271744e-15, 1.13885666848e-13, 1.76264100429e-13, 1.99462449053e-13, 3.71868985258e-13, 2.13793338501e-13, 1.16879542069e-13, 8.92808437315e-14, 5.94417310512e-13, 2.51558392173e-11, 2.72597031753e-11, -8.14285878309e-12, 5.71554248374e-10, 1.39784850361e-10, -4.77943205845e-12, -9.21883749894e-12, 3.76017134096e-11, 4.69219330057e-10, 3.27654847698e-11, -2.09201975188e-10, 9.71434911679e-12, 5.52409116714e-12, -9.66175856226e-14, 1.42041750134e-15, 1.2710280792e-14, 3.55853284809e-16, 9.25849114842e-18], [-5.41451835489e-15, -1.44383962251e-13, -2.33005373893e-13, -1.40272532088e-13, -3.99522239293e-13, -2.38830141644e-13, -2.12040400429e-13, 7.6577871648e-13, 2.51558392173e-11, 1.48446388515e-09, 2.09767692105e-09, -2.50209492014e-10, -4.76713557518e-09, -4.1976302434e-09, -6.87143619782e-10, -5.5215121364e-10, -8.20569612259e-10, -6.47039533064e-09, -1.18180425446e-08, -1.32106405815e-08, -1.98691485487e-09, -2.92276008951e-10, -1.04389700009e-11, -1.59823857707e-12, 1.57622572221e-13, -3.81504020608e-15, -4.30231856712e-16], [-6.13841456506e-14, -1.55058821685e-12, -2.56622284187e-12, -2.71497754833e-12, -5.34101105357e-12, -3.24092727481e-12, 1.0625897948e-12, 3.24561970182e-12, 2.72597031753e-11, 2.09767692105e-09, 6.83436880422e-08, 2.5578476226e-08, 5.68388802691e-09, -3.8495834076e-08, -5.47585621291e-09, 1.24259589285e-08, 6.33072128053e-09, -9.71433333774e-09, -8.81300366018e-08, -6.58410499454e-08, -9.84675097015e-09, 1.71090974721e-09, -7.96718038765e-11, -1.0263137562e-11, 8.60257091256e-12, 7.23536424459e-14, 2.90790408788e-14], [-1.34260359991e-13, -3.68270431511e-12, -5.24617719058e-12, -3.67255835118e-12, -1.21854202076e-11, -7.02710329162e-12, -3.90048583709e-12, 3.10697669849e-12, -8.14285878309e-12, -2.50209492014e-10, 2.5578476226e-08, 3.64190924529e-07, 8.02867305083e-07, 1.01578066847e-07, 2.73956923813e-09, 2.12905533203e-07, 2.0810109902e-07, 2.52031640002e-07, 3.0505592008e-07, 1.24358138009e-07, 8.66414779921e-08, 1.06868798255e-08, -2.01286799728e-11, 1.69318621623e-11, 7.94142529514e-12, 7.70164531108e-13, 4.83708288267e-13], [-1.71752662006e-12, -4.63541219298e-11, -7.09547698374e-11, -7.58237014842e-11, -1.60127591742e-10, -8.54770212944e-11, -8.56713103237e-11, -6.57064541665e-11, 5.71554248374e-10, -4.76713557518e-09, 5.68388802691e-09, 8.02867305083e-07, 4.65914381493e-05, 7.55516111894e-06, 1.30777635832e-07, 8.04498540674e-07, 3.75539207198e-06, 2.40021163336e-05, 5.57152134206e-06, 6.63472928863e-06, 1.145606916e-06, 6.89867306392e-07, 2.36859598601e-09, 1.83063630921e-09, 4.25687374239e-10, 1.74529488084e-11, 1.92082547784e-12], [-1.15184240184e-12, -4.1290585534e-11, -6.48677916937e-11, -7.21831205919e-11, -1.35733160822e-10, -4.44650462283e-11, -6.39396868785e-11, -4.81925471751e-11, 1.39784850361e-10, -4.1976302434e-09, -3.8495834076e-08, 1.01578066847e-07, 7.55516111894e-06, 2.74208414339e-05, 1.71179829067e-06, 8.09896789633e-07, 4.5692859203e-06, 4.09235362895e-05, 4.3030238885e-05, 1.0130791452e-05, 8.48285981192e-06, 1.08889935291e-06, 9.73459890474e-09, 2.78103295948e-09, 1.41647016338e-09, 4.41783727656e-11, 1.88940313048e-12], [-1.85090129529e-13, -6.47399755332e-12, -1.03504644092e-11, -1.15955075403e-11, -2.0831917788e-11, -6.84343423943e-12, -1.08320375239e-11, -5.27961875607e-12, -4.77943205845e-12, -6.87143619782e-10, -5.47585621291e-09, 2.73956923813e-09, 1.30777635832e-07, 1.71179829067e-06, 5.02751277054e-07, 1.71165382312e-07, 6.72386249789e-07, 2.23645997721e-06, 7.03099158272e-06, 4.97444170833e-06, 8.04064995918e-07, 1.60399707738e-07, 4.16978673812e-09, 5.40553213302e-10, 1.62016011718e-10, 2.7983945456e-12, 3.94488586762e-13], [-2.38375345938e-13, -7.11056821062e-12, -1.0967995609e-11, -1.04689043892e-11, -2.3789329881e-11, -1.12706085784e-11, -1.2408110997e-11, -9.32818492588e-12, -9.21883749894e-12, -5.5215121364e-10, 1.24259589285e-08, 2.12905533203e-07, 8.04498540674e-07, 8.09896789633e-07, 1.71165382312e-07, 4.12453317722e-07, 5.39665563792e-07, 1.24902624066e-06, 2.5477154395e-06, 5.77325727136e-06, 6.18407568709e-07, 1.13253946665e-07, 1.8808870017e-09, 3.28090166146e-10, 1.30032637435e-10, 2.12817328864e-12, 4.92624224833e-13], [-4.29085857557e-13, -1.52336372683e-11, -2.39571557037e-11, -2.5211886398e-11, -4.98036195618e-11, -1.89033441678e-11, -2.55453141279e-11, -1.629833421e-11, 3.76017134096e-11, -8.20569612259e-10, 6.33072128053e-09, 2.0810109902e-07, 3.75539207198e-06, 4.5692859203e-06, 6.72386249789e-07, 5.39665563792e-07, 1.60186414178e-06, 6.91678405929e-06, 1.15050970635e-05, 8.32005844131e-06, 1.71721774223e-06, 3.07928985421e-07, 5.99528604539e-09, 1.00488917187e-09, 3.44602513191e-10, 8.11018439906e-12, 8.78049260904e-13], [-2.90380848707e-12, -8.35142163758e-11, -1.2993869869e-10, -1.45974329846e-10, -2.82017187381e-10, -1.23227178461e-10, -1.34058403267e-10, -1.1455018184e-10, 4.69219330057e-10, -6.47039533064e-09, -9.71433333774e-09, 2.52031640002e-07, 2.40021163336e-05, 4.09235362895e-05, 2.23645997721e-06, 1.24902624066e-06, 6.91678405929e-06, 6.96972274454e-05, 5.88132315897e-05, 2.35742136283e-05, 1.32006216518e-05, 1.8593882487e-06, 1.75078529452e-08, 5.02314234652e-09, 2.23423679557e-09, 6.99758306855e-11, 3.23912684869e-12], [-2.89672300903e-12, -1.12094535043e-10, -1.7824457188e-10, -1.9521835537e-10, -3.59675206285e-10, -1.13246349798e-10, -1.74574590894e-10, -9.75324127017e-11, 3.27654847698e-11, -1.18180425446e-08, -8.81300366018e-08, 3.0505592008e-07, 5.57152134206e-06, 4.3030238885e-05, 7.03099158272e-06, 2.5477154395e-06, 1.15050970635e-05, 5.88132315897e-05, 0.000122535057017, 4.08993655583e-05, 1.50036521518e-05, 2.41362045017e-06, 5.74431560096e-08, 9.13760000998e-09, 2.91905899452e-09, 6.65785968024e-11, 6.72241906238e-12], [-4.50540689825e-12, -1.18122497894e-10, -1.8961389403e-10, -2.14859019465e-10, -3.91985915948e-10, -1.93147442484e-10, -2.11701794983e-10, -1.6893408894e-10, -2.09201975188e-10, -1.32106405815e-08, -6.58410499454e-08, 1.24358138009e-07, 6.63472928863e-06, 1.0130791452e-05, 4.97444170833e-06, 5.77325727136e-06, 8.32005844131e-06, 2.35742136283e-05, 4.08993655583e-05, 0.000382440921385, 2.52848403761e-05, 5.4352171901e-06, 2.50336000818e-08, 3.30179483754e-09, 4.46023484812e-09, 2.92249696665e-11, 4.4420617358e-12], [-7.59707455365e-13, -2.13217724726e-11, -3.33489694193e-11, -3.77385796224e-11, -7.1618627695e-11, -3.06454167598e-11, -3.13560045984e-11, -2.33442518788e-11, 9.71434911679e-12, -1.98691485487e-09, -9.84675097015e-09, 8.66414779921e-08, 1.145606916e-06, 8.48285981192e-06, 8.04064995918e-07, 6.18407568709e-07, 1.71721774223e-06, 1.32006216518e-05, 1.50036521518e-05, 2.52848403761e-05, 4.55875533589e-06, 6.97051802945e-07, 4.35272218269e-09, 9.34855637347e-10, 6.85348389151e-10, 1.5564933023e-11, 1.20856167955e-12], [-1.38864302544e-13, -3.67394699732e-12, -5.79378428914e-12, -6.57840535517e-12, -1.23427691678e-11, -5.56139466076e-12, -5.84164227407e-12, -3.72215843217e-12, 5.52409116714e-12, -2.92276008951e-10, 1.71090974721e-09, 1.06868798255e-08, 6.89867306392e-07, 1.08889935291e-06, 1.60399707738e-07, 1.13253946665e-07, 3.07928985421e-07, 1.8593882487e-06, 2.41362045017e-06, 5.4352171901e-06, 6.97051802945e-07, 1.33277666237e-07, 8.78551842387e-10, 1.61729601933e-10, 1.16319523458e-10, 2.13886460626e-12, 2.11268258747e-13], [-2.79037386188e-15, -8.15056437056e-14, -1.27435551261e-13, -1.40868057236e-13, -2.69423833287e-13, -1.25400842596e-13, -1.42241836257e-13, -1.17350763438e-13, -9.66175856226e-14, -1.04389700009e-11, -7.96718038765e-11, -2.01286799728e-11, 2.36859598601e-09, 9.73459890474e-09, 4.16978673812e-09, 1.8808870017e-09, 5.99528604539e-09, 1.75078529452e-08, 5.74431560096e-08, 2.50336000818e-08, 4.35272218269e-09, 8.78551842387e-10, 6.44551564899e-11, 8.33346759654e-12, 1.07299564199e-12, 1.96985507875e-14, 2.42293033408e-15], [-4.18534781697e-16, -1.27982460106e-14, -2.00964750077e-14, -2.18921662211e-14, -4.26333027583e-14, -1.9085281993e-14, -2.231828478e-14, -1.97776670529e-14, 1.42041750134e-15, -1.59823857707e-12, -1.0263137562e-11, 1.69318621623e-11, 1.83063630921e-09, 2.78103295948e-09, 5.40553213302e-10, 3.28090166146e-10, 1.00488917187e-09, 5.02314234652e-09, 9.13760000998e-09, 3.30179483754e-09, 9.34855637347e-10, 1.61729601933e-10, 8.33346759654e-12, 1.34076723248e-12, 2.29184835172e-13, 5.17687352066e-15, 4.36182210227e-16], [-9.20671940281e-17, -3.08740502307e-15, -4.9748913146e-15, -5.45942719472e-15, -1.02703202252e-14, -3.64374600371e-15, -5.29492026735e-15, -4.10106036248e-15, 1.2710280792e-14, 1.57622572221e-13, 8.60257091256e-12, 7.94142529514e-12, 4.25687374239e-10, 1.41647016338e-09, 1.62016011718e-10, 1.30032637435e-10, 3.44602513191e-10, 2.23423679557e-09, 2.91905899452e-09, 4.46023484812e-09, 6.85348389151e-10, 1.16319523458e-10, 1.07299564199e-12, 2.29184835172e-13, 1.29302832005e-13, 2.54218643207e-15, 1.90522564961e-16], [3.31820659292e-19, -1.198183008e-18, -2.39220281599e-18, -1.2556324593e-18, -1.45470447522e-17, 3.68103181171e-17, -3.97557362248e-17, -4.98606473797e-17, 3.55853284809e-16, -3.81504020608e-15, 7.23536424459e-14, 7.70164531108e-13, 1.74529488084e-11, 4.41783727656e-11, 2.7983945456e-12, 2.12817328864e-12, 8.11018439906e-12, 6.99758306855e-11, 6.65785968024e-11, 2.92249696665e-11, 1.5564933023e-11, 2.13886460626e-12, 1.96985507875e-14, 5.17687352066e-15, 2.54218643207e-15, 8.18476687275e-17, 3.98122980079e-18], [-4.28387585158e-19, -1.27303410601e-17, -1.93059140779e-17, -1.8366946623e-17, -4.25217719449e-17, -1.95359993283e-17, -2.12306277057e-17, -1.11022196583e-17, 9.25849114842e-18, -4.30231856712e-16, 2.90790408788e-14, 4.83708288267e-13, 1.92082547784e-12, 1.88940313048e-12, 3.94488586762e-13, 4.92624224833e-13, 8.78049260904e-13, 3.23912684869e-12, 6.72241906238e-12, 4.4420617358e-12, 1.20856167955e-12, 2.11268258747e-13, 2.42293033408e-15, 4.36182210227e-16, 1.90522564961e-16, 3.98122980079e-18, 1.52229884178e-18]]
    },
    "mfcc": {
        "kurt": [-0.459262371063, 2.39141321182, -0.685987234116, 1.47204875946, 2.3785905838, 1.28493452072, 0.579954385757, 0.379984855652, 3.82972717285, 5.68348693848, 1.50490665436, 6.0966463089, 4.21605205536],
        "max": [-704.153503418, 123.850715637, 7.27542114258, 96.2395629883, 23.314655304, 64.2225875854, 60.0414962769, 30.410276413, 51.7644882202, 21.5531482697, 38.9049758911, 55.3749542236, 38.6406211853],
        "mean": [-1029.52966309, -14.6502513885, -63.6753807068, 21.8475952148, -6.41009759903, 4.01800489426, 11.9831075668, -8.13794326782, -8.26874160767, -5.38717746735, -1.83350610733, -0.730491936207, -3.82329487801],
        "median": [-1109.09350586, 0.797496795654, -17.0826759338, 14.5200080872, -0.00091552734375, -1.31089019775, 7.2315864563, -4.08573913574, -6.44397735596, -3.10801696777, -3.46669387817, -2.81764984131, -2.59066009521],
        "min": [-1138.42004395, -141.995941162, -244.633972168, -26.7198257446, -70.3619232178, -41.7853660583, -14.4218387604, -50.8882827759, -68.2928085327, -64.7742919922, -41.5955848694, -40.4032249451, -43.5327987671],
        "skew": [1.0007109642, -1.26651072502, -0.924049973488, 1.32522082329, -1.61573505402, 0.989956259727, 1.16133069992, -0.404057949781, -0.211422652006, -2.00357460976, 0.400497555733, 1.69731795788, 0.0277123805135],
        "var": [16716.9550781, 1687.69885254, 6493.32617188, 529.102172852, 294.096679688, 324.2059021, 263.267211914, 207.397903442, 271.482116699, 208.336105347, 185.405105591, 175.653457642, 128.981414795],
        "cov": [[16853.9804688, -3961.56689453, -10290.7304688, 2264.38500977, -1075.87121582, 1600.03015137, 1304.18139648, -686.796691895, -679.395629883, -603.694763184, 680.474914551, 456.818878174, -366.084686279], [-3961.56689453, 1701.53234863, 2551.39526367, -772.981750488, 5.22723293304, -565.380981445, -177.249664307, 336.104125977, 337.46786499, -13.0988502502, -299.955871582, -141.829711914, 115.249504089], [-10290.7304688, 2551.39526367, 6546.55029297, -1354.81201172, 680.948120117, -1015.77008057, -917.531982422, 408.307373047, 457.488525391, 427.314300537, -410.889129639, -360.572387695, 202.095611572], [2264.38500977, -772.981750488, -1354.81201172, 533.439086914, -29.1212406158, 252.295623779, 99.0916213989, -219.790603638, -148.602905273, 10.6771717072, 135.510726929, 49.8975601196, -48.6400184631], [-1075.87121582, 5.22723293304, 680.948120117, -29.1212406158, 296.507293701, -33.6525039673, -175.269165039, -34.5032272339, -85.9585189819, 125.656669617, 22.401227951, 1.93956255913, -17.7319316864], [1600.03015137, -565.380981445, -1015.77008057, 252.295623779, -33.6525039673, 326.863311768, 129.355758667, -131.522796631, -191.741928101, -62.3067207336, 126.313262939, 110.505470276, -33.6936798096], [1304.18139648, -177.249664307, -917.531982422, 99.0916213989, -175.269165039, 129.355758667, 265.425109863, 3.98232007027, -75.6918716431, -151.198684692, 26.1506099701, 104.432312012, -4.21227025986], [-686.796691895, 336.104125977, 408.307373047, -219.790603638, -34.5032272339, -131.522796631, 3.98232007027, 209.097885132, 111.61995697, -90.0283203125, -109.934890747, -23.7766647339, 31.9865036011], [-679.395629883, 337.46786499, 457.488525391, -148.602905273, -85.9585189819, -191.741928101, -75.6918716431, 111.61995697, 273.707397461, -9.09730148315, -156.205474854, -129.195266724, 59.2391548157], [-603.694763184, -13.0988502502, 427.314300537, 10.6771717072, 125.656669617, -62.3067207336, -151.198684692, -90.0283203125, -9.09730148315, 210.043792725, 44.9100532532, -78.3755111694, -55.0448875427], [680.474914551, -299.955871582, -410.889129639, 135.510726929, 22.401227951, 126.313262939, 26.1506099701, -109.934890747, -156.205474854, 44.9100532532, 186.924819946, 67.3608932495, -86.2769927979], [456.818878174, -141.829711914, -360.572387695, 49.8975601196, 1.93956255913, 110.505470276, 104.432312012, -23.7766647339, -129.195266724, -78.3755111694, 67.3608932495, 177.093231201, 19.0084476471], [-366.084686279, 115.249504089, 202.095611572, -48.6400184631, -17.7319316864, -33.6936798096, -4.21227025986, 31.9865036011, 59.2391548157, -55.0448875427, -86.2769927979, 19.0084476471, 130.038635254]]
    },
    "sccoeffs": {
        "kurt": [-0.0493721961975, 10.1942634583, 4.29603099823, 2.84782028198, 0.827221155167, 0.149545907974],
        "max": [-0.70122563839, -0.656034290791, -0.39231556654, -0.373966991901, -0.549620509148, -0.443257957697],
        "mean": [-0.814473152161, -0.878612279892, -0.844799637794, -0.822598516941, -0.82869464159, -0.778765261173],
        "median": [-0.815376639366, -0.888605177402, -0.889804124832, -0.877798080444, -0.875386834145, -0.840100824833],
        "min": [-0.916550993919, -0.927153527737, -0.950633108616, -0.986239254475, -0.963429927826, -0.879448056221],
        "skew": [0.141669273376, 2.56127381325, 2.15689468384, 1.94423520565, 1.39247965813, 1.12449741364],
        "var": [0.00154220731929, 0.00156126148067, 0.0128264157102, 0.0174608770758, 0.00898016337305, 0.0127561464906],
        "cov": [[0.00155484839343, 0.000165357851074, -0.000676976924296, -0.00138594012242, -0.000901590450667, -0.000673144706525], [0.000165357851074, 0.00157405878417, 0.00113362248521, 0.0003902707831, 0.000588542607147, 0.00108984275721], [-0.000676976924296, 0.00113362248521, 0.0129315499216, 0.010064015165, 0.00637629488483, 0.00900362804532], [-0.00138594012242, 0.0003902707831, 0.010064015165, 0.0176039990038, 0.0105612883344, 0.0107003189623], [-0.000901590450667, 0.000588542607147, 0.00637629488483, 0.0105612883344, 0.00905377138406, 0.00908133201301], [-0.000673144706525, 0.00108984275721, 0.00900362804532, 0.0107003189623, 0.00908133201301, 0.0128607042134]]
    },
    "scvalleys": {
        "kurt": [26.3418693542, 12.0930099487, -0.0119035243988, -0.0241587162018, -0.296731948853, 0.592908382416],
        "max": [-7.05911779404, -7.17391872406, -7.66129398346, -4.8899102211, -4.44354629517, -9.25127124786],
        "mean": [-11.7943544388, -11.0123271942, -10.5960693359, -9.96598339081, -9.51818180084, -12.2529020309],
        "median": [-11.8190727234, -11.1036262512, -11.0565233231, -10.8779878616, -10.5277881622, -12.7962875366],
        "min": [-13.0654878616, -12.1391973495, -12.0112066269, -12.1556425095, -12.0536336899, -13.3436412811],
        "skew": [3.66283845901, 2.47205758095, 1.09246444702, 1.05308640003, 1.01699578762, 1.41317522526],
        "var": [0.380011439323, 0.365226209164, 1.24558842182, 3.47519207001, 4.12471437454, 1.24715924263],
        "cov": [[0.383126288652, 0.22445461154, 0.275519222021, 0.386072427034, 0.420168042183, 0.274943143129], [0.22445461154, 0.36821988225, 0.47688627243, 0.628851890564, 0.629426836967, 0.305003672838], [0.275519222021, 0.47688627243, 1.25579822063, 1.65927326679, 1.79303729534, 0.844390034676], [0.386072427034, 0.628851890564, 1.65927326679, 3.50367736816, 3.71457147598, 1.94828736782], [0.420168042183, 0.629426836967, 1.79303729534, 3.71457147598, 4.15852308273, 2.1563501358], [0.274943143129, 0.305003672838, 0.844390034676, 1.94828736782, 2.1563501358, 1.25738191605]]
    }
},
"rhythm": {
    "beats_loudness": {
        "kurt": -0.726723194122,
        "max": 0.0726838633418,
        "mean": 0.0208425335586,
        "median": 0.00534302042797,
        "min": 2.27174638212e-07,
        "skew": 1.08565926552,
        "var": 0.000914870994166
    },
    "bpm": 103.359382629,
    "confidence": 0,
    "first_peak_bpm": {
        "kurt": 0,
        "max": 103,
        "mean": 103,
        "median": 103,
        "min": 103,
        "skew": 0,
        "var": 0
    },
    "first_peak_spread": {
        "kurt": 0,
        "max": 0,
        "mean": 0,
        "median": 0,
        "min": 0,
        "skew": 0,
        "var": 0
    },
    "first_peak_weight": {
        "kurt": 0,
        "max": 0.333333343267,
        "mean": 0.333333343267,
        "median": 0.333333343267,
        "min": 0.333333343267,
        "skew": 0,
        "var": 0
    },
    "onset_rate": 2.11913943291,
    "second_peak_bpm": {
        "kurt": 0,
        "max": 112,
        "mean": 112,
        "median": 112,
        "min": 112,
        "skew": 0,
        "var": 0
    },
    "second_peak_spread": {
        "kurt": 0,
        "max": 0.5,
        "mean": 0.5,
        "median": 0.5,
        "min": 0.5,
        "skew": 0,
        "var": 0
    },
    "second_peak_weight": {
        "kurt": 0,
        "max": 0.333333343267,
        "mean": 0.333333343267,
        "median": 0.333333343267,
        "min": 0.333333343267,
        "skew": 0,
        "var": 0
    },
    "beats_loudness_band_ratio": {
        "kurt": [-1.90496480465, -1.45597302914, -1.9541476965, -0.909672260284, -1.04597699642, -0.887110948563],
        "max": [0.0526812337339, 0.17121386528, 0.0531035549939, 0.123318083584, 0.384749352932, 0.892453193665],
        "mean": [0.0237016249448, 0.0657825618982, 0.0246671549976, 0.0742171481252, 0.284263849258, 0.544905424118],
        "median": [0.0210625436157, 0.0459578111768, 0.0227809045464, 0.0837827399373, 0.324926733971, 0.45799267292],
        "min": [1.75687318915e-07, 7.7746591387e-07, 3.256716127e-06, 0.00598504533991, 0.102452583611, 0.371183156967],
        "skew": [0.0717101171613, 0.424266725779, 0.0344889163971, -0.638781011105, -0.766622185707, 0.917689263821],
        "var": [0.000575681508053, 0.0051132296212, 0.000615418714006, 0.00181378191337, 0.012642766349, 0.0435250028968],
        "cov": [[0.000767575344071, 0.00221832259558, 0.000792693521362, 0.000308173679514, 0.00112545595039, -0.00516033358872], [0.00221832259558, 0.00681763933972, 0.00226294039749, 0.000883208413143, 0.00236792000942, -0.0145177021623], [0.000792693521362, 0.00226294039749, 0.000820558285341, 0.000318779580994, 0.00122317788191, -0.00535646826029], [0.000308173679514, 0.000883208413143, 0.000318779580994, 0.00241837580688, 0.00598847446963, -0.00933657772839], [0.00112545595039, 0.00236792000942, 0.00122317788191, 0.00598847446963, 0.0168570224196, -0.025888832286], [-0.00516033358872, -0.0145177021623, -0.00535646826029, -0.00933657772839, -0.025888832286, 0.058033335954]]
    },
    "beats_position": [0.568888902664, 1.14938771725, 1.68344664574, 2.20589566231],
    "bpm_estimates": [103.359382629],
    "bpm_intervals": [0.580498814583, 0.53405892849, 0.522449016571],
    "onset_times": [0.0696598663926, 0.824308395386, 1.17260766029, 1.84598636627, 2.14784574509, 2.54258513451],
    "histogram": [[0, 0, 0, 0, 0, 0, 0, 0, 0, 0, 0, 0, 0, 0, 0, 0, 0, 0, 0, 0, 0, 0, 0, 0, 0, 0, 0, 0, 0, 0, 0, 0, 0, 0, 0, 0, 0, 0, 0, 0, 0, 0, 0, 0, 0, 0, 0, 0, 0, 0, 0, 0, 0, 0, 0, 0, 0, 0, 0, 0, 0, 0, 0, 0, 0, 0, 0, 0, 0, 0, 0, 0, 0, 0, 0, 0, 0, 0, 0, 0, 0, 0, 0, 0, 0, 0, 0, 0, 0, 0, 0, 0, 0, 0, 0, 0, 0, 0, 0, 0, 0, 0, 0, 0.333333343267, 0, 0, 0, 0, 0, 0, 0, 0, 0.333333343267, 0, 0, 0.333333343267, 0, 0, 0, 0, 0, 0, 0, 0, 0, 0, 0, 0, 0, 0, 0, 0, 0, 0, 0, 0, 0, 0, 0, 0, 0, 0, 0, 0, 0, 0, 0, 0, 0, 0, 0, 0, 0, 0, 0, 0, 0, 0, 0, 0, 0, 0, 0, 0, 0, 0, 0, 0, 0, 0, 0, 0, 0, 0, 0, 0, 0, 0, 0, 0, 0, 0, 0, 0, 0, 0, 0, 0, 0, 0, 0, 0, 0, 0, 0, 0, 0, 0, 0, 0, 0, 0, 0, 0, 0, 0, 0, 0, 0, 0, 0, 0, 0, 0, 0, 0, 0, 0, 0, 0, 0, 0, 0, 0, 0, 0, 0, 0, 0, 0, 0, 0, 0, 0, 0, 0, 0, 0, 0, 0, 0, 0, 0, 0, 0, 0, 0, 0, 0, 0]]
},
"sfx": {
    "inharmonicity": {
        "kurt": 18.8898525238,
        "max": 0.374533861876,
        "mean": 0.0191171336919,
        "median": 0,
        "min": 0,
        "skew": 4.20833873749,
        "var": 0.00320222578011
    },
    "oddtoevenharmonicenergyratio": {
        "kurt": 46.6983528137,
        "max": 19.0999679565,
        "mean": 0.557416319847,
        "median": 0,
        "min": 0,
        "skew": 6.42471122742,
        "var": 4.68348646164
    },
    "pitch_after_max_to_before_max_energy_ratio": 0.940130591393,
    "pitch_centroid": 60.2783126831,
    "pitch_max_to_total": 0.495934963226,
    "pitch_min_to_total": 0,
    "tristimulus": {
        "kurt": [0.126667737961, 0.802145957947, 7.74789905548],
        "max": [1, 0.92548674345, 1],
        "mean": [0.795614242554, 0.136119827628, 0.0682659745216],
        "median": [1, 0, 0],
        "min": [0, 0, 0],
        "skew": [-1.30142343044, 1.44203078747, 2.94102215767],
        "var": [0.113750889897, 0.0534274093807, 0.0371433645487],
        "cov": [[0.114683277905, -0.0655503943563, -0.0491328984499], [-0.0655503943563, 0.053865339607, 0.0116850016639], [-0.0491328984499, 0.0116850016639, 0.0374478213489]]
    }
},
"tonal": {
    "chords_changes_rate": 0,
    "chords_number_rate": 0.0161290317774,
    "chords_strength": {
        "kurt": -1.29335284233,
        "max": 0.651591897011,
        "mean": 0.581529676914,
        "median": 0.579446077347,
        "min": 0.523336350918,
        "skew": 0.138901367784,
        "var": 0.00129828753415
    },
    "key_strength": 0.426181852818,
    "tuning_diatonic_strength": 0.505936920643,
    "tuning_equal_tempered_deviation": 0.289864569902,
    "tuning_frequency": 450.024475098,
    "tuning_nontempered_energy_ratio": 0.937435865402,
    "hpcp": {
        "kurt": [0.349236488342, 0.290843963623, -0.155413866043, -0.264748573303, -0.881789684296, -1.18044137955, -1.16684937477, -0.550782680511, -1.00266516209, -0.870415687561, -0.591562271118, -0.31095290184, -0.861774682999, -1.04148054123, -0.894323825836, 1.01140260696, 2.14605808258, 1.59017562866, 2.21778249741, 1.87339735031, 2.03307628632, 3.36131906509, 0.560710430145, 1.20507669449, 0.427170991898, 0.587589263916, -0.216009140015, 1.36411190033, 1.34677886963, 1.54900979996, 0.925466060638, -0.150852680206, 0.42923116684, -0.325783729553, 0.336265087128, -0.333378553391],
        "max": [0.898334681988, 1, 1, 1, 1, 1, 1, 1, 1, 1, 1, 1, 1, 1, 0.972581982613, 1, 1, 0.934224903584, 1, 1, 0.987880468369, 1, 0.826477587223, 1, 1, 0.986310362816, 0.888097763062, 1, 1, 1, 1, 0.899954795837, 0.968051373959, 0.813775360584, 0.92996519804, 0.776012599468],
        "mean": [0.347498387098, 0.407701313496, 0.436093330383, 0.480986207724, 0.534553647041, 0.537140130997, 0.494271218777, 0.446414291859, 0.432874977589, 0.420886337757, 0.376291900873, 0.332552820444, 0.370563656092, 0.403889298439, 0.338654756546, 0.280547350645, 0.263782948256, 0.233507633209, 0.231287896633, 0.258008152246, 0.243456423283, 0.228211268783, 0.256621181965, 0.296924233437, 0.326091438532, 0.321285963058, 0.317606836557, 0.310112535954, 0.291752278805, 0.304112792015, 0.313961088657, 0.30207079649, 0.289275556803, 0.302883952856, 0.325495988131, 0.322898507118],
