{
"metadata": {
    "version": {
        "essentia": "2.1-beta3"
    }
},
"lowLevel": {
    "average_loudness": 0.676240444183,
    "barkbands_kurtosis": {
        "kurt": 46.6364250183,
        "max": 154.202163696,
        "mean": 4.88750839233,
        "median": -0.38493680954,
        "min": -1.57841563225,
        "skew": 6.3344874382,
        "var": 301.906005859
    },
    "barkbands_skewness": {
        "kurt": 11.6318645477,
        "max": 11.0159835815,
        "mean": 0.732656061649,
        "median": 0.241566538811,
        "min": -2.84650468826,
        "skew": 2.71756768227,
        "var": 2.8244831562
    },
    "barkbands_spread": {
        "kurt": -1.28344714642,
        "max": 35.3680305481,
        "mean": 17.3171367645,
        "median": 19.8002815247,
        "min": 0.474639624357,
        "skew": -0.153318554163,
        "var": 105.158683777
    },
    "dissonance": {
        "kurt": 2.48061800003,
        "max": 0.499979704618,
        "mean": 0.481058984995,
        "median": 0.489159196615,
        "min": 0.402844846249,
        "skew": -1.68218839169,
        "var": 0.000412001973018
    },
    "hfc": {
        "kurt": 10.60617733,
        "max": 29.2776165009,
        "mean": 1.78756248951,
        "median": 0.0067357965745,
        "min": 0.000751696701627,
        "skew": 3.3464744091,
        "var": 29.1368637085
    },
    "pitch": {
        "kurt": 4.8710269928,
        "max": 3348.69921875,
        "mean": 743.557373047,
        "median": 786.91986084,
        "min": 95.2872161865,
        "skew": 2.10363197327,
        "var": 451728.375
    },
    "pitch_instantaneous_confidence": {
        "kurt": -0.295408248901,
        "max": 0.972896397114,
        "mean": 0.389802336693,
        "median": 0.315791428089,
        "min": 0.133439660072,
        "skew": 0.888763725758,
        "var": 0.0474525019526
    },
    "pitch_salience": {
        "kurt": 5.18319702148,
        "max": 0.843717038631,
        "mean": 0.699483275414,
        "median": 0.724202096462,
        "min": 0.242801472545,
        "skew": -1.8697963953,
        "var": 0.00941211543977
    },
    "silence_rate_20dB": {
        "kurt": 0,
        "max": 1,
        "mean": 1,
        "median": 1,
        "min": 1,
        "skew": 0,
        "var": 0
    },
    "silence_rate_30dB": {
        "kurt": 0,
        "max": 1,
        "mean": 1,
        "median": 1,
        "min": 1,
        "skew": 0,
        "var": 0
    },
    "silence_rate_60dB": {
        "kurt": 3.60056018829,
        "max": 1,
        "mean": 0.881889760494,
        "median": 1,
        "min": 0,
        "skew": -2.366543293,
        "var": 0.104160450399
    },
    "spectral_centroid": {
        "kurt": -0.132109165192,
        "max": 2526.40454102,
        "mean": 1387.84423828,
        "median": 1404.84545898,
        "min": 643.924682617,
        "skew": 0.3382640481,
        "var": 170130.046875
    },
    "spectral_complexity": {
        "kurt": 16.95561409,
        "max": 27,
        "mean": 1.51181101799,
        "median": 0,
        "min": 0,
        "skew": 3.88058924675,
        "var": 17.2105140686
    },
    "spectral_crest": {
        "kurt": 0.7454829216,
        "max": 25.8613681793,
        "mean": 8.61137390137,
        "median": 7.0779132843,
        "min": 2.40466427803,
        "skew": 1.16745901108,
        "var": 25.3752040863
    },
    "spectral_decrease": {
        "kurt": 9.97107410431,
        "max": -7.96661456422e-14,
        "mean": -4.0487299624e-10,
        "median": -8.94220624197e-13,
        "min": -6.62912125193e-09,
        "skew": -3.24079418182,
        "var": 1.41576666428e-18
    },
    "spectral_energy": {
        "kurt": 9.69120979309,
        "max": 0.0272336862981,
        "mean": 0.00169022101909,
        "median": 4.04238426199e-06,
        "min": 3.68859588207e-07,
        "skew": 3.21449637413,
        "var": 2.46296967816e-05
    },
    "spectral_energyband_high": {
        "kurt": 17.8960819244,
        "max": 0.000325274595525,
        "mean": 1.49126517499e-05,
        "median": 1.33300360972e-07,
        "min": 3.88335941182e-08,
        "skew": 4.28452539444,
        "var": 2.93580804112e-09
    },
    "spectral_energyband_low": {
        "kurt": 69.6571578979,
        "max": 1.70486737261e-06,
        "mean": 9.0788887519e-08,
        "median": 5.47743326251e-08,
        "min": 9.97815696735e-09,
        "skew": 7.79456520081,
        "var": 2.75494027141e-14
    },
    "spectral_energyband_middle_high": {
        "kurt": 13.9374198914,
        "max": 0.0264341048896,
        "mean": 0.00133642624132,
        "median": 3.11158191835e-06,
        "min": 2.36986807067e-07,
        "skew": 3.73339247704,
        "var": 1.86584802577e-05
    },
    "spectral_energyband_middle_low": {
        "kurt": 76.9513778687,
        "max": 0.0202008858323,
        "mean": 0.000415299553424,
        "median": 9.73588385023e-07,
        "min": 8.64015063939e-08,
        "skew": 8.31998634338,
        "var": 3.91699404645e-06
    },
    "spectral_flatness_db": {
        "kurt": 1.01134586334,
        "max": 0.535949587822,
        "mean": 0.196400091052,
        "median": 0.150137662888,
        "min": 0.0625058785081,
        "skew": 1.4369559288,
        "var": 0.0106015242636
    },
    "spectral_flux": {
        "kurt": 4.9410405159,
        "max": 0.12509380281,
        "mean": 0.0133766215295,
        "median": 0.00135758076794,
        "min": 0.000702049874235,
        "skew": 2.4780766964,
        "var": 0.000828092044685
    },
    "spectral_kurtosis": {
        "kurt": 36.8881340027,
        "max": 63.0082550049,
        "mean": 8.88534259796,
        "median": 6.91596698761,
        "min": 3.45090436935,
        "skew": 5.12667894363,
        "var": 41.7916717529
    },
    "spectral_rms": {
        "kurt": 5.17661476135,
        "max": 0.00515455612913,
        "mean": 0.000543600646779,
        "median": 6.27995977993e-05,
        "min": 1.89700549527e-05,
        "skew": 2.53974103928,
        "var": 1.35349398533e-06
    },
    "spectral_rolloff": {
        "kurt": -1.28510522842,
        "max": 3703.7109375,
        "mean": 2232.16210938,
        "median": 2583.984375,
        "min": 753.662109375,
        "skew": -0.336381167173,
        "var": 759040.25
    },
    "spectral_skewness": {
        "kurt": 15.4956798553,
        "max": 6.76864767075,
        "mean": 2.16300654411,
        "median": 1.93870711327,
        "min": 1.4744092226,
        "skew": 3.20105791092,
        "var": 0.462914019823
    },
    "spectral_spread": {
        "kurt": 69.5301208496,
        "max": 19060082,
        "mean": 3528144.25,
        "median": 3477786.25,
        "min": 1301140.25,
        "skew": 7.24587154388,
        "var": 2.51695569306e+12
    },
    "spectral_strongpeak": {
        "kurt": 12.3309984207,
        "max": 3.79725027084,
        "mean": 0.247030928731,
        "median": 0.0250305384398,
        "min": 0.000939716002904,
        "skew": 3.45416259766,
        "var": 0.382899165154
    },
    "zerocrossingrate": {
        "kurt": -0.755945920944,
        "max": 0.123046875,
        "mean": 0.0746147558093,
        "median": 0.07763671875,
        "min": 0.03173828125,
        "skew": -0.107549183071,
        "var": 0.000494013540447
    },
    "barkbands": {
        "kurt": [64.1249694824, 102.036087036, 86.1939239502, 60.4588012695, 16.33228302, 18.1527900696, 59.2351112366, 26.6052322388, 104.990386963, 50.5712432861, 22.9754238129, 75.3514328003, 86.0325622559, 106.808425903, 27.7274913788, 56.6925506592, 55.3522720337, 96.7726135254, 63.7899169922, 75.3646774292, 25.7938404083, 15.2325344086, 19.0016784668, 28.1083774567, 12.081454277, 29.0167808533, 24.8880825043],
        "max": [3.69807917622e-09, 2.98218253647e-07, 9.29700831875e-07, 3.72870636056e-06, 2.44585025939e-05, 2.49496697506e-05, 5.53630015929e-05, 0.000803704606369, 0.0177333392203, 0.0260852146894, 0.0111705679446, 0.00367581890896, 0.002082942985, 0.0049035269767, 0.00161047826987, 0.00258581084199, 0.000485517986817, 0.00155085220467, 0.000282984372461, 0.000294114317512, 0.000182123621926, 0.000140751275467, 1.07692346774e-06, 2.15553086491e-07, 1.02108206335e-08, 2.19819229486e-09, 1.24117949252e-09],
        "mean": [9.21557413713e-11, 1.07505639946e-08, 4.33774509645e-08, 1.28699880975e-07, 1.38098846492e-06, 1.27678561057e-06, 1.34916831485e-06, 2.98889935948e-05, 0.00025806366466, 0.000678538577631, 0.00040132223512, 6.34501848253e-05, 3.26459412463e-05, 6.90908782417e-05, 5.33060629095e-05, 4.46731282864e-05, 9.66592142504e-06, 2.06232798519e-05, 5.30259831066e-06, 5.50778167963e-06, 6.55976600683e-06, 7.33436127121e-06, 4.93298486504e-08, 8.32329849487e-09, 8.12816369766e-10, 1.40343320298e-10, 4.89452540997e-11],
        "median": [8.7893399156e-12, 5.68047830996e-09, 2.59048782425e-08, 5.0575593491e-08, 2.52184094052e-07, 8.38658991142e-08, 5.39155315948e-08, 9.09450506015e-08, 1.7540824615e-07, 4.97775488384e-07, 3.93985288838e-07, 2.4245861141e-07, 1.34192333689e-07, 1.16993142285e-07, 1.64632055544e-07, 2.04027401196e-07, 2.01992321536e-07, 2.15244867263e-07, 1.53226579869e-07, 1.18600638643e-07, 6.9145293935e-08, 1.81053039228e-08, 1.49363588164e-09, 1.44373513145e-09, 2.13683154504e-10, 6.42578212862e-11, 7.92337007637e-13],
        "min": [1.97216537805e-13, 5.5059135029e-10, 1.27690580332e-09, 1.33022504123e-09, 5.40034683638e-09, 1.03082218317e-08, 7.95956989208e-09, 9.17001141687e-09, 2.23910152641e-08, 1.36358240255e-08, 1.01882706716e-08, 5.99225380427e-09, 1.75421117632e-08, 1.77031829196e-08, 2.3727739773e-08, 2.14391384645e-08, 5.41080602545e-08, 1.74247496432e-08, 1.61588005199e-08, 2.49323299784e-08, 1.42002249959e-08, 4.4775134711e-09, 6.9156180782e-10, 7.10034864237e-10, 1.43459966129e-10, 4.21476360757e-11, 4.30437478195e-13],
        "skew": [7.43247175217, 9.78234291077, 8.71272373199, 7.47990894318, 3.9454472065, 4.08139610291, 7.14929580688, 5.14987039566, 10.0482387543, 6.55973577499, 4.80826997757, 8.29607200623, 8.91047954559, 10.1548728943, 5.2437582016, 7.41125488281, 7.1751408577, 9.59023094177, 7.6220202446, 8.24182128906, 4.94721269608, 4.05606079102, 4.33134269714, 5.08718538284, 3.59163045883, 5.0432100296, 4.93185329437],
        "var": [1.42458104919e-19, 7.1556506939e-16, 7.38698365037e-15, 1.531456304e-13, 1.37540092163e-11, 1.40775897883e-11, 3.33785013518e-11, 1.36657192229e-08, 2.60922138295e-06, 8.02852537163e-06, 2.88172395813e-06, 1.32684547793e-07, 3.97170261124e-08, 1.97979474592e-07, 5.4675801664e-08, 8.18081744569e-08, 2.79932499403e-09, 2.08592911832e-08, 8.59786464247e-10, 8.4309031978e-10, 6.35592967146e-10, 7.23132054237e-10, 2.8758611703e-14, 7.91376159296e-16, 3.80941777012e-18, 7.50587694487e-20, 3.44267821118e-20],
        "cov": [[1.43588718645e-19, -2.92894056653e-19, -2.2805969194e-18, -6.37831484355e-18, -5.89073165984e-17, -4.53183570994e-17, 8.88850235941e-17, 7.50184809428e-15, 4.00473450517e-14, 3.22504420088e-13, 4.30334424779e-13, 1.18654516551e-13, 3.66562520355e-14, 6.11423279086e-14, 4.26207090725e-14, 2.26247243596e-14, 6.21841657282e-15, 1.94019808357e-14, 4.90118631918e-15, 5.33137317727e-15, 4.91984899611e-15, 6.66839054407e-15, 3.76491586676e-17, 5.8145271496e-18, 4.1556941344e-19, 3.12044031004e-20, 1.68277811032e-20], [-2.92894056653e-19, 7.21244160604e-16, 2.11287328847e-15, 4.75129663938e-15, 6.07789931258e-15, 7.69463734588e-16, 3.03883128344e-16, -8.40469593878e-14, -9.00266731822e-13, -4.91853996767e-12, -2.29056964368e-12, -1.87010468417e-13, -1.09242564268e-13, -2.99709828353e-13, -2.03324729557e-13, -9.09874321611e-14, -4.24561712284e-14, -7.28932837485e-14, -2.76105788217e-14, -3.06847951182e-14, -3.56736328303e-14, -4.17352174413e-14, -2.80430135993e-16, -4.19443403204e-17, -3.23505953512e-18, -3.45002893877e-19, -1.63263816975e-19], [-2.2805969194e-18, 2.11287328847e-15, 7.44561018878e-15, 1.5702549192e-14, 3.42731485553e-14, 4.2761657896e-15, -1.00212679748e-14, -4.94442106615e-13, -6.1209305853e-12, -1.44471613492e-11, -1.06862036581e-11, -1.82020089105e-12, -8.41338121133e-13, -1.54601158264e-12, -1.43316977209e-12, -1.21325182973e-12, -2.41643754702e-13, -5.23741044024e-13, -1.34223605537e-13, -1.34625885201e-13, -1.41072686844e-13, -1.70440145829e-13, -1.1082152389e-15, -1.64392008819e-16, -1.49829441196e-17, -6.67428409923e-19, -4.06361678301e-19], [-6.37831484355e-18, 4.75129663938e-15, 1.5702549192e-14, 1.54361075246e-13, 4.22855543983e-13, 5.74300399988e-14, -5.26051777009e-14, -2.32829792772e-12, -1.86854681034e-11, -6.59103535638e-11, -4.11368092368e-11, -5.8870183034e-12, -2.80357616463e-12, -6.19556012396e-12, -4.62279823796e-12, -2.9175281982e-12, -6.58143027923e-13, -1.6893101501e-12, -4.25696045254e-13, -5.61166076714e-13, -6.02944452179e-13, -7.22452533995e-13, -4.44083958246e-15, -7.02864657379e-16, -5.62891245235e-17, -7.67285787887e-18, -4.6513511489e-18], [-5.89073165984e-17, 6.07789931258e-15, 3.42731485553e-14, 4.22855543983e-13, 1.38631684257e-11, 9.2793168982e-12, 2.53806714144e-13, 1.28778428893e-11, -4.08272027297e-11, -7.58398233103e-10, -4.63171556664e-10, -6.24350224299e-11, -2.68390188546e-11, -6.31319510558e-11, -4.05969216577e-11, -1.37751407503e-11, -7.44152742899e-12, -1.58348091583e-11, -5.22668019975e-12, -6.38945276896e-12, -6.96679389525e-12, -8.3631105513e-12, -5.21038561688e-14, -8.01799270289e-15, -5.72080599801e-16, -7.53126110161e-17, -3.82811114207e-17], [-4.53183570994e-17, 7.69463734588e-16, 4.2761657896e-15, 5.74300399988e-14, 9.2793168982e-12, 1.41893163885e-11, 5.66303557867e-12, 8.12139730466e-11, 2.04011113558e-10, -5.8869203956e-10, -3.79347248058e-10, -2.89353159488e-11, -2.43322788133e-12, -3.33829769383e-11, 3.18608854577e-11, 9.33807267622e-11, 6.69980970659e-14, -8.65300235978e-13, -4.40675447522e-12, -4.92374153602e-12, -4.59197220179e-12, -6.61031949664e-12, -4.28641463415e-14, -6.01130261765e-15, 5.09144845791e-18, 4.66667210549e-17, 8.91948788341e-17], [8.88850235941e-17, 3.03883128344e-16, -1.00212679748e-14, -5.26051777009e-14, 2.53806714144e-13, 5.66303557867e-12, 3.36434075043e-11, 4.00823207958e-10, 1.93653493241e-09, 6.00299254749e-10, 3.97286370468e-10, 5.42523491409e-11, 6.69443042667e-11, 9.0419144394e-11, 2.08210559904e-10, 3.22088800075e-10, 1.98651060879e-11, 3.82754383743e-11, 1.41755341189e-13, 3.40091626735e-12, 2.86403084408e-12, 2.1803581076e-12, 8.54456089894e-15, 3.89514877058e-15, 1.80424137578e-15, 5.60920040748e-16, 5.65425779572e-16], [7.50184809428e-15, -8.40469593878e-14, -4.94442106615e-13, -2.32829792772e-12, 1.28778428893e-11, 8.12139730466e-11, 4.00823207958e-10, 1.37741773543e-08, 1.10677333964e-07, 6.79570604234e-08, -2.32033570136e-09, 1.41791673888e-11, 1.0957582619e-09, 4.0506629162e-09, 2.06174566308e-09, 3.49390183452e-09, 1.58843133091e-10, 4.86230222752e-10, -4.70533438601e-11, -6.44046708326e-12, 2.02029559748e-10, 8.94766621906e-11, 9.67277364976e-13, 2.53146994063e-14, 3.24014971212e-14, 1.5037464004e-14, 1.10456094819e-14], [4.00473450517e-14, -9.00266731822e-13, -6.1209305853e-12, -1.86854681034e-11, -4.08272027297e-11, 2.04011113558e-10, 1.93653493241e-09, 1.10677333964e-07, 2.62992944045e-06, 7.43893053823e-07, 3.56951233016e-08, 1.00136414716e-08, 2.85849690584e-08, 8.01282524776e-08, 1.74708763012e-08, 2.20082174707e-08, 2.56348520189e-09, 1.45020955244e-08, 8.75227335051e-10, 3.83358039757e-10, 3.83769727108e-09, 2.87350077066e-09, 2.1374397044e-11, 1.54745508942e-12, 2.84220916117e-13, 1.04583530692e-13, 4.92678069023e-14], [3.22504420088e-13, -4.91853996767e-12, -1.44471613492e-11, -6.59103535638e-11, -7.58398233103e-10, -5.8869203956e-10, 6.00299254749e-10, 6.79570604234e-08, 7.43893053823e-07, 8.09224366094e-06, 1.25530880268e-06, 1.48506472897e-07, 4.18948680192e-08, 2.01374732001e-07, 9.84440760021e-08, 3.72061741416e-08, 2.48010696424e-08, 2.517256803e-08, 1.55011044001e-08, 1.37919764498e-08, 2.11779926929e-08, 3.12189634144e-08, 2.60085619708e-10, 2.422457894e-11, 2.90771942114e-12, 4.73601735086e-13, 1.97623750589e-13], [4.30334424779e-13, -2.29056964368e-12, -1.06862036581e-11, -4.11368092368e-11, -4.63171556664e-10, -3.79347248058e-10, 3.97286370468e-10, -2.32033570136e-09, 3.56951233016e-08, 1.25530880268e-06, 2.90459479402e-06, 4.60172913108e-07, 1.29304567054e-07, 1.81528733378e-07, 2.63536890088e-07, 1.11348576581e-07, 4.82138062807e-08, 7.14579897476e-08, 3.36967680425e-08, 4.28449951073e-08, 3.50336577526e-08, 4.17733936331e-08, 2.49955250942e-10, 4.46920556119e-11, 2.62029352209e-12, 1.2111934177e-13, 5.77904897873e-14], [1.18654516551e-13, -1.87010468417e-13, -1.82020089105e-12, -5.8870183034e-12, -6.24350224299e-11, -2.89353159488e-11, 5.42523491409e-11, 1.41791673888e-11, 1.00136414716e-08, 1.48506472897e-07, 4.60172913108e-07, 1.33737600549e-07, 3.28700302532e-08, 4.06384081941e-08, 4.43835297403e-08, 3.6704669526e-08, 1.09584323837e-08, 1.65626534709e-08, 7.38878958018e-09, 5.03633845739e-09, 5.67515723304e-09, 6.52908527243e-09, 4.18554878256e-11, 5.67296687057e-12, 4.29513629524e-13, 1.91268611463e-14, 1.11504577612e-14], [3.66562520355e-14, -1.09242564268e-13, -8.41338121133e-13, -2.80357616463e-12, -2.68390188546e-11, -2.43322788133e-12, 6.69443042667e-11, 1.0957582619e-09, 2.85849690584e-08, 4.18948680192e-08, 1.29304567054e-07, 3.28700302532e-08, 4.00322406335e-08, 8.58865050191e-08, 3.31963398992e-08, 4.3102666325e-08, 7.62471508153e-09, 2.86319572496e-08, 3.6345664256e-09, 1.1080798501e-09, 3.37921979288e-09, 3.35199779045e-09, 1.12612454084e-11, 2.38776728424e-12, 2.32298745127e-13, 3.14025437327e-15, 2.18307897902e-15], [6.11423279086e-14, -2.99709828353e-13, -1.54601158264e-12, -6.19556012396e-12, -6.31319510558e-11, -3.33829769383e-11, 9.0419144394e-11, 4.0506629162e-09, 8.01282524776e-08, 2.01374732001e-07, 1.81528733378e-07, 4.06384081941e-08, 8.58865050191e-08, 1.99550740376e-07, 6.14240960317e-08, 8.33090894048e-08, 1.4527063108e-08, 6.32626040442e-08, 6.58958132504e-09, 1.10891651417e-09, 6.58708598777e-09, 6.40637409788e-09, 1.88945005475e-11, 4.07427433805e-12, 4.41407544197e-13, 1.71613787905e-14, 1.00670890691e-14], [4.26207090725e-14, -2.03324729557e-13, -1.43316977209e-12, -4.62279823796e-12, -4.05969216577e-11, 3.18608854577e-11, 2.08210559904e-10, 2.06174566308e-09, 1.74708763012e-08, 9.84440760021e-08, 2.63536890088e-07, 4.43835297403e-08, 3.31963398992e-08, 6.14240960317e-08, 5.51097372181e-08, 5.45804716978e-08, 7.93316967673e-09, 2.27939143116e-08, 3.65064489749e-09, 4.53304149772e-09, 4.18124201929e-09, 4.6271684262e-09, 2.2116655729e-11, 4.9529191512e-12, 4.03868724488e-13, 1.20007568675e-14, 6.60476947589e-15], [2.26247243596e-14, -9.09874321611e-14, -1.21325182973e-12, -2.9175281982e-12, -1.37751407503e-11, 9.33807267622e-11, 3.22088800075e-10, 3.49390183452e-09, 2.20082174707e-08, 3.72061741416e-08, 1.11348576581e-07, 3.6704669526e-08, 4.3102666325e-08, 8.33090894048e-08, 5.45804716978e-08, 8.24574470926e-08, 1.11122027135e-08, 3.13077705982e-08, 4.21868540101e-09, 1.06649400422e-09, 3.61590690723e-09, 3.1383808885e-09, 1.1701653535e-11, 2.48033342996e-12, 3.64816629597e-13, 2.83978341127e-15, 2.76079737718e-15], [6.21841657282e-15, -4.24561712284e-14, -2.41643754702e-13, -6.58143027923e-13, -7.44152742899e-12, 6.69980970659e-14, 1.98651060879e-11, 1.58843133091e-10, 2.56348520189e-09, 2.48010696424e-08, 4.82138062807e-08, 1.09584323837e-08, 7.62471508153e-09, 1.4527063108e-08, 7.93316967673e-09, 1.11122027135e-08, 2.82154188902e-09, 5.41131184306e-09, 1.4772942869e-09, 4.1116507421e-10, 1.12646125761e-09, 9.70653668553e-10, 5.53050357247e-12, 7.56476641311e-13, 7.30998920249e-14, 1.21198238653e-15, 7.15096501352e-16], [1.94019808357e-14, -7.28932837485e-14, -5.23741044024e-13, -1.6893101501e-12, -1.58348091583e-11, -8.65300235978e-13, 3.82754383743e-11, 4.86230222752e-10, 1.45020955244e-08, 2.517256803e-08, 7.14579897476e-08, 1.65626534709e-08, 2.86319572496e-08, 6.32626040442e-08, 2.27939143116e-08, 3.13077705982e-08, 5.41131184306e-09, 2.10248405352e-08, 2.44501352498e-09, 5.15394726897e-10, 2.29725038992e-09, 2.19382711997e-09, 6.29825401902e-12, 1.49969609214e-12, 1.54806194448e-13, 8.74352406781e-16, 7.65744624674e-16], [4.90118631918e-15, -2.76105788217e-14, -1.34223605537e-13, -4.25696045254e-13, -5.22668019975e-12, -4.40675447522e-12, 1.41755341189e-13, -4.70533438601e-11, 8.75227335051e-10, 1.55011044001e-08, 3.36967680425e-08, 7.38878958018e-09, 3.6345664256e-09, 6.58958132504e-09, 3.65064489749e-09, 4.21868540101e-09, 1.4772942869e-09, 2.44501352498e-09, 8.66610172512e-10, 3.33060468094e-10, 6.58839593992e-10, 5.94798099662e-10, 3.69025816849e-12, 4.85036164878e-13, 3.84207199204e-14, 9.31733912639e-16, 5.02252685937e-16], [5.33137317727e-15, -3.06847951182e-14, -1.34625885201e-13, -5.61166076714e-13, -6.38945276896e-12, -4.92374153602e-12, 3.40091626735e-12, -6.44046708326e-12, 3.83358039757e-10, 1.37919764498e-08, 4.28449951073e-08, 5.03633845739e-09, 1.1080798501e-09, 1.10891651417e-09, 4.53304149772e-09, 1.06649400422e-09, 4.1116507421e-10, 5.15394726897e-10, 3.33060468094e-10, 8.49781522927e-10, 4.70279259979e-10, 5.79951808799e-10, 3.53823632719e-12, 7.41995223943e-13, 3.90830082056e-14, 2.00108209185e-15, 9.54971732151e-16], [4.91984899611e-15, -3.56736328303e-14, -1.41072686844e-13, -6.02944452179e-13, -6.96679389525e-12, -4.59197220179e-12, 2.86403084408e-12, 2.02029559748e-10, 3.83769727108e-09, 2.11779926929e-08, 3.50336577526e-08, 5.67515723304e-09, 3.37921979288e-09, 6.58708598777e-09, 4.18124201929e-09, 3.61590690723e-09, 1.12646125761e-09, 2.29725038992e-09, 6.58839593992e-10, 4.70279259979e-10, 6.4063732097e-10, 6.41078801156e-10, 3.61135535538e-12, 6.06512290478e-13, 4.12920565795e-14, 2.00935802726e-15, 1.01400368171e-15], [6.66839054407e-15, -4.17352174413e-14, -1.70440145829e-13, -7.22452533995e-13, -8.3631105513e-12, -6.61031949664e-12, 2.1803581076e-12, 8.94766621906e-11, 2.87350077066e-09, 3.12189634144e-08, 4.17733936331e-08, 6.52908527243e-09, 3.35199779045e-09, 6.40637409788e-09, 4.6271684262e-09, 3.1383808885e-09, 9.70653668553e-10, 2.19382711997e-09, 5.94798099662e-10, 5.79951808799e-10, 6.41078801156e-10, 7.28871185629e-10, 3.96661913385e-12, 7.14704120539e-13, 4.63957655118e-14, 2.45131377287e-15, 1.09313360552e-15], [3.76491586676e-17, -2.80430135993e-16, -1.1082152389e-15, -4.44083958246e-15, -5.21038561688e-14, -4.28641463415e-14, 8.54456089894e-15, 9.67277364976e-13, 2.1374397044e-11, 2.60085619708e-10, 2.49955250942e-10, 4.18554878256e-11, 1.12612454084e-11, 1.88945005475e-11, 2.2116655729e-11, 1.1701653535e-11, 5.53050357247e-12, 6.29825401902e-12, 3.69025816849e-12, 3.53823632719e-12, 3.61135535538e-12, 3.96661913385e-12, 2.89868532009e-14, 3.95943603018e-15, 2.77053677377e-16, 2.06042534586e-17, 1.02558798884e-17], [5.8145271496e-18, -4.19443403204e-17, -1.64392008819e-16, -7.02864657379e-16, -8.01799270289e-15, -6.01130261765e-15, 3.89514877058e-15, 2.53146994063e-14, 1.54745508942e-12, 2.422457894e-11, 4.46920556119e-11, 5.67296687057e-12, 2.38776728424e-12, 4.07427433805e-12, 4.9529191512e-12, 2.48033342996e-12, 7.56476641311e-13, 1.49969609214e-12, 4.85036164878e-13, 7.41995223943e-13, 6.06512290478e-13, 7.14704120539e-13, 3.95943603018e-15, 7.976569086e-16, 4.66096819886e-17, 2.37040619325e-18, 1.05935625182e-18], [4.1556941344e-19, -3.23505953512e-18, -1.49829441196e-17, -5.62891245235e-17, -5.72080599801e-16, 5.09144845791e-18, 1.80424137578e-15, 3.24014971212e-14, 2.84220916117e-13, 2.90771942114e-12, 2.62029352209e-12, 4.29513629524e-13, 2.32298745127e-13, 4.41407544197e-13, 4.03868724488e-13, 3.64816629597e-13, 7.30998920249e-14, 1.54806194448e-13, 3.84207199204e-14, 3.90830082056e-14, 4.12920565795e-14, 4.63957655118e-14, 2.77053677377e-16, 4.66096819886e-17, 3.83965122151e-18, 2.42890213143e-19, 1.24840605438e-19], [3.12044031004e-20, -3.45002893877e-19, -6.67428409923e-19, -7.67285787887e-18, -7.53126110161e-17, 4.66667210549e-17, 5.60920040748e-16, 1.5037464004e-14, 1.04583530692e-13, 4.73601735086e-13, 1.2111934177e-13, 1.91268611463e-14, 3.14025437327e-15, 1.71613787905e-14, 1.20007568675e-14, 2.83978341127e-15, 1.21198238653e-15, 8.74352406781e-16, 9.31733912639e-16, 2.00108209185e-15, 2.00935802726e-15, 2.45131377287e-15, 2.06042534586e-17, 2.37040619325e-18, 2.42890213143e-19, 7.5654475199e-20, 4.76009904599e-20], [1.68277811032e-20, -1.63263816975e-19, -4.06361678301e-19, -4.6513511489e-18, -3.82811114207e-17, 8.91948788341e-17, 5.65425779572e-16, 1.10456094819e-14, 4.92678069023e-14, 1.97623750589e-13, 5.77904897873e-14, 1.11504577612e-14, 2.18307897902e-15, 1.00670890691e-14, 6.60476947589e-15, 2.76079737718e-15, 7.15096501352e-16, 7.65744624674e-16, 5.02252685937e-16, 9.54971732151e-16, 1.01400368171e-15, 1.09313360552e-15, 1.02558798884e-17, 1.05935625182e-18, 1.24840605438e-19, 4.76009904599e-20, 3.47000102079e-20]]
    },
    "mfcc": {
        "kurt": [1.68148899078, 0.554977416992, 6.22149658203, -0.103681564331, 0.943229436874, 1.77384710312, 0.330484628677, 1.23254013062, 2.45412302017, 1.47375249863, 2.16151762009, 3.86046457291, 1.37701797485],
        "max": [-745.169311523, 148.613739014, -3.544921875, 18.9727058411, 18.96824646, 31.9317474365, 26.9233322144, 30.5547046661, 49.9882545471, 24.4129009247, 25.5496940613, 5.31971740723, 7.57074737549],
        "mean": [-1001.1005249, 69.0319976807, -39.013999939, -17.8707141876, -19.9575901031, -11.8569126129, -0.915708124638, 3.75649046898, 2.83117842674, -8.83763217926, -12.4549942017, -15.6246194839, -10.912522316],
        "median": [-1039.46289062, 60.0064163208, -26.0348167419, -11.9950675964, -6.87309265137, -10.989112854, -2.06008529663, 4.02597045898, -0.907173156738, -10.3499526978, -14.922246933, -14.609916687, -9.36075973511],
        "min": [-1116.01989746, 16.931438446, -205.445358276, -76.6309585571, -123.059280396, -41.8291740417, -36.5698242188, -29.1203765869, -17.5955657959, -26.9556503296, -32.0483779907, -59.2421226501, -47.7950782776],
        "skew": [1.61096072197, 1.05008268356, -2.55364990234, -0.797936975956, -1.47386693954, 0.490184009075, 0.13185980916, -0.332291692495, 1.69593882561, 0.925760507584, 1.45889365673, -1.26761674881, -0.905266880989],
        "var": [6453.54492188, 638.606506348, 1665.47094727, 523.834655762, 1283.04406738, 161.352096558, 126.082504272, 104.699966431, 200.697494507, 98.1637039185, 117.966278076, 98.6020126343, 93.7122421265],
        "cov": [[6504.76318359, 1004.87390137, -3002.22436523, -1334.4375, -2532.48583984, 319.416046143, -167.174255371, -98.4533004761, 893.516296387, 109.501876831, 470.071380615, -438.076446533, -375.923248291], [1004.87390137, 643.674804688, -132.994445801, -365.008300781, -505.52545166, -120.972885132, -118.978713989, -162.151489258, 82.9501495361, 45.2000312805, 68.8778076172, -37.192363739, -103.817863464], [-3002.22436523, -132.994445801, 1678.68896484, 531.635192871, 1040.08154297, -260.505584717, -9.98443126678, -59.7735748291, -419.282348633, -13.8048496246, -210.089187622, 207.086639404, 127.387130737], [-1334.4375, -365.008300781, 531.635192871, 527.99206543, 738.648742676, -69.0496292114, 19.1369056702, 47.549533844, -219.073806763, -101.25730896, -132.796035767, 122.806274414, 93.3490142822], [-2532.48583984, -505.52545166, 1040.08154297, 738.648742676, 1293.22692871, -109.951087952, 75.9897918701, 73.4126815796, -427.597442627, -156.701873779, -247.64074707, 226.908004761, 179.058013916], [319.416046143, -120.972885132, -260.505584717, -69.0496292114, -109.951087952, 162.632675171, 77.5084915161, 64.7653503418, 86.260635376, 6.08222770691, 14.9601688385, -45.1790008545, 6.37448120117], [-167.174255371, -118.978713989, -9.98443126678, 19.1369056702, 75.9897918701, 77.5084915161, 127.0831604, 79.0936965942, -27.0113620758, -13.5043888092, -41.1154556274, -15.4655160904, 36.124256134], [-98.4533004761, -162.151489258, -59.7735748291, 47.549533844, 73.4126815796, 64.7653503418, 79.0936965942, 105.530914307, 0.072598233819, -22.6680374146, -16.9451389313, -22.5246829987, 16.3269062042], [893.516296387, 82.9501495361, -419.282348633, -219.073806763, -427.597442627, 86.260635376, -27.0113620758, 0.072598233819, 202.290328979, 72.3295822144, 101.754470825, -80.9155883789, -62.804599762], [109.501876831, 45.2000312805, -13.8048496246, -101.25730896, -156.701873779, 6.08222770691, -13.5043888092, -22.6680374146, 72.3295822144, 98.942779541, 67.4893493652, -28.8160438538, -30.1017723083], [470.071380615, 68.8778076172, -210.089187622, -132.796035767, -247.64074707, 14.9601688385, -41.1154556274, -16.9451389313, 101.754470825, 67.4893493652, 118.902519226, -23.3891029358, -50.9506759644], [-438.076446533, -37.192363739, 207.086639404, 122.806274414, 226.908004761, -45.1790008545, -15.4655160904, -22.5246829987, -80.9155883789, -28.8160438538, -23.3891029358, 99.3845748901, 57.092792511], [-375.923248291, -103.817863464, 127.387130737, 93.3490142822, 179.058013916, 6.37448120117, 36.124256134, 16.3269062042, -62.804599762, -30.1017723083, -50.9506759644, 57.092792511, 94.4559936523]]
    },
    "sccoeffs": {
        "kurt": [1.48211479187, 2.75390052795, 4.72404670715, 4.38546323776, 13.6210632324, 1.69279909134],
        "max": [-0.544021964073, -0.391051024199, -0.324526816607, -0.616935372353, -0.639921069145, -0.558567643166],
        "mean": [-0.746896386147, -0.822973310947, -0.817759871483, -0.856701731682, -0.8596778512, -0.762839496136],
        "median": [-0.754321634769, -0.869892716408, -0.861713290215, -0.878633141518, -0.867481231689, -0.793214559555],
        "min": [-0.86009144783, -0.949693739414, -0.926408290863, -0.913520514965, -0.909761548042, -0.881152451038],
        "skew": [1.13047039509, 1.81491744518, 2.16229200363, 2.13843727112, 3.19339489937, 1.7073611021],
        "var": [0.00422311713919, 0.0133001580834, 0.0122711276636, 0.00360105070285, 0.00149481929839, 0.00510550756007],
        "cov": [[0.00425663404167, 0.00104298593942, -0.000304947927361, -0.000331918185111, 3.84039522032e-05, -0.000110798129754], [0.00104298593942, 0.0134057151154, 0.010043960996, 0.00526370853186, 0.00159778119996, 0.00642548268661], [-0.000304947927361, 0.010043960996, 0.0123685169965, 0.00578849064186, 0.00123706075829, 0.00664154160768], [-0.000331918185111, 0.00526370853186, 0.00578849064186, 0.00362963043153, 0.000907007430214, 0.00346642383374], [3.84039522032e-05, 0.00159778119996, 0.00123706075829, 0.000907007430214, 0.001506682951, 0.00165694812313], [-0.000110798129754, 0.00642548268661, 0.00664154160768, 0.00346642383374, 0.00165694812313, 0.00514602754265]]
    },
    "scvalleys": {
        "kurt": [2.29075813293, 1.04314899445, 0.937114238739, 5.04140663147, 5.26515007019, 5.03796768188],
        "max": [-9.00855064392, -7.01046085358, -4.95426082611, -5.30268383026, -7.39095783234, -11.2325439453],
        "mean": [-10.8248443604, -9.55758476257, -8.81624126434, -9.53322124481, -10.1616630554, -13.4068202972],
        "median": [-10.8408708572, -9.79255962372, -9.36451911926, -9.89262294769, -10.387055397, -13.6178426743],
        "min": [-11.8541793823, -10.6261043549, -10.7815122604, -10.7903051376, -11.235537529, -13.8550262451],
        "skew": [0.539625823498, 1.26659834385, 1.34673285484, 2.21742534637, 2.32438802719, 2.43278574944],
        "var": [0.162996739149, 0.60169249773, 1.65665781498, 1.11884009838, 0.510415315628, 0.329052716494],
        "cov": [[0.164290368557, 0.0440620072186, 0.0408740080893, 0.050052434206, 0.0318632088602, 0.0130169317126], [0.0440620072186, 0.606467843056, 0.626571118832, 0.439428210258, 0.223881050944, 0.161800503731], [0.0408740080893, 0.626571118832, 1.66980588436, 1.27016496658, 0.795095741749, 0.609104216099], [0.050052434206, 0.439428210258, 1.27016496658, 1.12771975994, 0.708564817905, 0.54023039341], [0.0318632088602, 0.223881050944, 0.795095741749, 0.708564817905, 0.514466226101, 0.380512863398], [0.0130169317126, 0.161800503731, 0.609104216099, 0.54023039341, 0.380512863398, 0.331664264202]]
    }
},
"rhythm": {
    "beats_loudness": {
        "kurt": 0.623570680618,
        "max": 0.018933756277,
        "mean": 0.00386994658038,
        "median": 4.95736139783e-06,
        "min": 1.81737175353e-06,
        "skew": 1.48369586468,
        "var": 4.56843081338e-05
    },
    "bpm": 172.265609741,
    "confidence": 0,
    "first_peak_bpm": {
        "kurt": 0,
        "max": 172,
        "mean": 172,
        "median": 172,
        "min": 172,
        "skew": 0,
        "var": 0
    },
    "first_peak_spread": {
        "kurt": 0,
        "max": 0,
        "mean": 0,
        "median": 0,
        "min": 0,
        "skew": 0,
        "var": 0
    },
    "first_peak_weight": {
        "kurt": 0,
        "max": 1,
        "mean": 1,
        "median": 1,
        "min": 1,
        "skew": 0,
        "var": 0
    },
    "onset_rate": 2.05375790596,
    "second_peak_bpm": {
        "kurt": 0,
        "max": 0,
        "mean": 0,
        "median": 0,
        "min": 0,
        "skew": 0,
        "var": 0
    },
    "second_peak_spread": {
        "kurt": 0,
        "max": 0,
        "mean": 0,
        "median": 0,
        "min": 0,
        "skew": 0,
        "var": 0
    },
    "second_peak_weight": {
        "kurt": 0,
        "max": 0,
        "mean": 0,
        "median": 0,
        "min": 0,
        "skew": 0,
        "var": 0
    },
    "beats_loudness_band_ratio": {
        "kurt": [-1.68042302132, -1.15885972977, 1.61833715439, -1.37055540085, -0.707155704498, -1.0254907608],
        "max": [0.058431006968, 0.256150871515, 0.499677687883, 0.898498117924, 0.525897026062, 0.163230493665],
        "mean": [0.0304967109114, 0.0959317609668, 0.158688291907, 0.467021048069, 0.207056716084, 0.0757024809718],
        "median": [0.03635481745, 0.0735652893782, 0.106293864548, 0.511655271053, 0.112654194236, 0.0655048564076],
        "min": [1.52680740939e-06, 1.53907876665e-05, 0.0545503050089, 0.113154299557, 0.056687310338, 0.00217019813135],
        "skew": [-0.19794228673, 0.482665479183, 1.79167735577, 0.238625481725, 0.805275678635, 0.214011952281],
        "var": [0.000557698367629, 0.00839334912598, 0.0206258874387, 0.0772709324956, 0.0271885730326, 0.00269405660219],
        "cov": [[0.000650648085866, 0.00208490900695, -0.00153204833623, -0.00657301442698, 0.00378785212524, 0.00130325614009], [0.00208490900695, 0.00979224033654, -0.00376555905677, -0.0200083050877, 0.00808236561716, 0.0030923190061], [-0.00153204833623, -0.00376555905677, 0.0240635350347, -0.00277584907599, -0.00872154161334, -0.00445925118402], [-0.00657301442698, -0.0200083050877, -0.00277584907599, 0.0901494249701, -0.046208307147, -0.0133568122983], [0.00378785212524, 0.00808236561716, -0.00872154161334, -0.046208307147, 0.0317200012505, 0.00950342882425], [0.00130325614009, 0.0030923190061, -0.00445925118402, -0.0133568122983, 0.00950342882425, 0.00314306584187]]
    },
    "beats_position": [0.394739210606, 0.743038535118, 1.09133780003, 1.43963718414, 1.78793644905, 2.13623571396, 2.48453521729],
    "bpm_estimates": [172.265625, 172.265655518, 172.265594482, 172.265655518, 172.265655518, 172.265533447],
    "bpm_intervals": [0.348299324512, 0.348299264908, 0.348299384117, 0.348299264908, 0.348299264908, 0.348299503326],
    "onset_times": [0.0580498874187, 0.174149662256, 0.267029464245, 0.359909296036, 0.684988677502, 2.50775504112],
    "histogram": [[0, 0, 0, 0, 0, 0, 0, 0, 0, 0, 0, 0, 0, 0, 0, 0, 0, 0, 0, 0, 0, 0, 0, 0, 0, 0, 0, 0, 0, 0, 0, 0, 0, 0, 0, 0, 0, 0, 0, 0, 0, 0, 0, 0, 0, 0, 0, 0, 0, 0, 0, 0, 0, 0, 0, 0, 0, 0, 0, 0, 0, 0, 0, 0, 0, 0, 0, 0, 0, 0, 0, 0, 0, 0, 0, 0, 0, 0, 0, 0, 0, 0, 0, 0, 0, 0, 0, 0, 0, 0, 0, 0, 0, 0, 0, 0, 0, 0, 0, 0, 0, 0, 0, 0, 0, 0, 0, 0, 0, 0, 0, 0, 0, 0, 0, 0, 0, 0, 0, 0, 0, 0, 0, 0, 0, 0, 0, 0, 0, 0, 0, 0, 0, 0, 0, 0, 0, 0, 0, 0, 0, 0, 0, 0, 0, 0, 0, 0, 0, 0, 0, 0, 0, 0, 0, 0, 0, 0, 0, 0, 0, 0, 0, 0, 0, 0, 0, 0, 0, 0, 0, 0, 1, 0, 0, 0, 0, 0, 0, 0, 0, 0, 0, 0, 0, 0, 0, 0, 0, 0, 0, 0, 0, 0, 0, 0, 0, 0, 0, 0, 0, 0, 0, 0, 0, 0, 0, 0, 0, 0, 0, 0, 0, 0, 0, 0, 0, 0, 0, 0, 0, 0, 0, 0, 0, 0, 0, 0, 0, 0, 0, 0, 0, 0, 0, 0, 0, 0, 0, 0, 0, 0, 0, 0, 0, 0, 0, 0, 0, 0]]
},
"sfx": {
    "inharmonicity": {
        "kurt": -0.703022480011,
        "max": 0.317809522152,
        "mean": 0.0809838101268,
        "median": 0.0403627492487,
        "min": 0,
        "skew": 0.839728116989,
        "var": 0.00819629710168
    },
    "oddtoevenharmonicenergyratio": {
        "kurt": 13.9544429779,
        "max": 6.21584129333,
        "mean": 0.651577889919,
        "median": 0.383583337069,
        "min": 0,
        "skew": 3.32370328903,
        "var": 0.946190774441
    },
    "pitch_after_max_to_before_max_energy_ratio": 0.104699142277,
    "pitch_centroid": 70.578163147,
    "pitch_max_to_total": 0.889763772488,
    "pitch_min_to_total": 0.0629921257496,
    "tristimulus": {
        "kurt": [-1.33353567123, 0.292264938354, -1.60406827927],
        "max": [1, 0.913153350353, 0.858466386795],
        "mean": [0.400275439024, 0.304355025291, 0.295369505882],
        "median": [0.253684222698, 0.23477743566, 0.0829141139984],
        "min": [0, 0, 0],
        "skew": [0.490947514772, 1.01228117943, 0.437441319227],
        "var": [0.110833823681, 0.046321708709, 0.094464763999],
        "cov": [[0.111713454127, -0.0315941460431, -0.0801192820072], [-0.0315941460431, 0.0466893389821, -0.0150951948017], [-0.0801192820072, -0.0150951948017, 0.0952144861221]]
    }
},
"tonal": {
    "chords_changes_rate": 0.25,
    "chords_number_rate": 0.109375,
    "chords_strength": {
        "kurt": 0.0597875118256,
        "max": 0.569748342037,
        "mean": 0.501661002636,
        "median": 0.502285540104,
        "min": 0.39121556282,
        "skew": -0.572660565376,
        "var": 0.00158796727192
    },
    "key_strength": 0.371110677719,
    "tuning_diatonic_strength": 0.480248957872,
    "tuning_equal_tempered_deviation": 0.212316960096,
    "tuning_frequency": 456.04309082,
    "tuning_nontempered_energy_ratio": 0.871456563473,
    "hpcp": {
        "kurt": [0.652406215668, -0.109486579895, -0.819469451904, -1.25412321091, -1.3007568121, -0.328724145889, 1.21990394592, 0.953623533249, 1.12177371979, 1.29711723328, 0.704956769943, -0.455371856689, -0.362529039383, 0.154000759125, 0.0132601261139, 2.28352499008, 1.10964679718, 0.298847198486, 0.795224428177, 2.06277418137, 3.84873723984, 1.78380060196, 0.024808883667, 0.417061805725, 2.54461288452, 2.55611038208, 2.63680028915, 0.510022640228, 3.22559213638, 1.03511762619, 0.12556552887, 0.571125507355, -0.561643123627, 0.94500207901, 0.072407245636, 0.0790429115295],
        "max": [1, 1, 1, 1, 1, 0.915518224239, 1, 0.969311535358, 1, 1, 1, 0.822419345379, 1, 1, 0.699303388596, 1, 0.941412985325, 1, 1, 1, 1, 1, 0.722315609455, 0.856937408447, 1, 1, 1, 0.807326793671, 1, 0.993100702763, 1, 1, 0.769960820675, 1, 1, 1],
        "mean": [0.316576480865, 0.317608326674, 0.376704156399, 0.53059476614, 0.51272636652, 0.328394621611, 0.248906373978, 0.223958060145, 0.228752613068, 0.260450661182, 0.256931841373, 0.272142320871, 0.340007841587, 0.302152663469, 0.2254460603, 0.216016769409, 0.225272133946, 0.258245408535, 0.259019434452, 0.221087276936, 0.223815754056, 0.232856780291, 0.2376126647, 0.249246925116, 0.242280334234, 0.244556739926, 0.26298391819, 0.264469325542, 0.245287209749, 0.295687794685, 0.341343343258, 0.281500637531, 0.254050225019, 0.309712618589, 0.370220333338, 0.359255313873],
