{
"metadata": {
    "version": {
        "essentia": "2.1-beta3"
    }
},
"lowLevel": {
    "average_loudness": 1.00308045603e-06,
    "barkbands_kurtosis": {
        "kurt": 61.9607467651,
        "max": 149.517440796,
        "mean": 3.44476675987,
        "median": 1.09921216965,
        "min": -1.89154851437,
        "skew": 6.49610137939,
        "var": 76.1143264771
    },
    "barkbands_skewness": {
        "kurt": 6.99411964417,
        "max": 10.0947809219,
        "mean": 1.40913045406,
        "median": 1.19436585903,
        "min": -4.22530078888,
        "skew": 1.84748280048,
        "var": 1.32507443428
    },
    "barkbands_spread": {
        "kurt": 4.9454407692,
        "max": 73.7286605835,
        "mean": 17.179517746,
        "median": 16.7259101868,
        "min": 0.748441398144,
        "skew": 1.25482368469,
        "var": 54.0342483521
    },
    "dissonance": {
        "kurt": 5.05063915253,
        "max": 0.500000119209,
        "mean": 0.471332132816,
        "median": 0.475509852171,
        "min": 0.276691496372,
        "skew": -1.64075565338,
        "var": 0.000414167880081
    },
    "hfc": {
        "kurt": 1666.77600098,
        "max": 46.8631439209,
        "mean": 0.06268414855,
        "median": 0.0172546431422,
        "min": 2.222828698e-05,
        "skew": 37.7747650146,
        "var": 0.653868734837
    },
    "pitch": {
        "kurt": 51.280292511,
        "max": 4926.41259766,
        "mean": 272.868103027,
        "median": 171.303512573,
        "min": 43.0243911743,
        "skew": 6.94388914108,
        "var": 248932.03125
    },
    "pitch_instantaneous_confidence": {
        "kurt": 4.07378673553,
        "max": 0.926657140255,
        "mean": 0.271734595299,
        "median": 0.240067243576,
        "min": 0.0925577878952,
        "skew": 1.77718400955,
        "var": 0.0126977181062
    },
    "pitch_salience": {
        "kurt": 3.60941410065,
        "max": 0.913546085358,
        "mean": 0.656848549843,
        "median": 0.680735826492,
        "min": 0.0792681723833,
        "skew": -1.63448894024,
        "var": 0.0127512207255
    },
    "silence_rate_20dB": {
        "kurt": 0,
        "max": 1,
        "mean": 1,
        "median": 1,
        "min": 1,
        "skew": 0,
        "var": 0
    },
    "silence_rate_30dB": {
        "kurt": 0,
        "max": 1,
        "mean": 1,
        "median": 1,
        "min": 1,
        "skew": 0,
        "var": 0
    },
    "silence_rate_60dB": {
        "kurt": 422.609405518,
        "max": 1,
        "mean": 0.997659862041,
        "median": 1,
        "min": 0,
        "skew": -20.6095104218,
        "var": 0.00233388971537
    },
    "spectral_centroid": {
        "kurt": 25.3099155426,
        "max": 4555.79589844,
        "mean": 635.19152832,
        "median": 580.665710449,
        "min": 82.5021286011,
        "skew": 3.67169451714,
        "var": 134957.578125
    },
    "spectral_complexity": {
        "kurt": 574.645324707,
        "max": 31,
        "mean": 0.159597501159,
        "median": 0,
        "min": 0,
        "skew": 20.7919025421,
        "var": 0.81868070364
    },
    "spectral_crest": {
        "kurt": 2.7080578804,
        "max": 24.4066734314,
        "mean": 7.71133184433,
        "median": 6.80976867676,
        "min": 2.18660497665,
        "skew": 1.55869448185,
        "var": 12.5924549103
    },
    "spectral_decrease": {
        "kurt": 1402.66711426,
        "max": -8.28650130013e-15,
        "mean": -2.98234388574e-11,
        "median": -8.31075919888e-12,
        "min": -1.53101922251e-08,
        "skew": -34.5602722168,
        "var": 8.53736535261e-20
    },
    "spectral_energy": {
        "kurt": 1424.40356445,
        "max": 0.0620347708464,
        "mean": 0.000118246774946,
        "median": 3.30747679982e-05,
        "min": 3.32913252521e-08,
        "skew": 34.8651771545,
        "var": 1.37909364639e-06
    },
    "spectral_energyband_high": {
        "kurt": 565.981506348,
        "max": 0.000789175799582,
        "mean": 1.73428691141e-06,
        "median": 1.93809043481e-07,
        "min": 4.33082930629e-10,
        "skew": 21.8517017365,
        "var": 4.14690531914e-10
    },
    "spectral_energyband_low": {
        "kurt": 207.257873535,
        "max": 0.00566593604162,
        "mean": 4.50794286735e-05,
        "median": 9.40550398809e-06,
        "min": 1.18381366931e-08,
        "skew": 11.8956604004,
        "var": 3.90008167983e-08
    },
    "spectral_energyband_middle_high": {
        "kurt": 1887.61047363,
        "max": 0.0113503793254,
        "mean": 1.51471067511e-05,
        "median": 5.21714628121e-06,
        "min": 1.14222729053e-08,
        "skew": 40.2497901917,
        "var": 3.61175302999e-08
    },
    "spectral_energyband_middle_low": {
        "kurt": 1486.16027832,
        "max": 0.0520688071847,
        "mean": 6.33343515801e-05,
        "median": 1.5582631022e-05,
        "min": 7.07021330371e-09,
        "skew": 36.1139068604,
        "var": 9.82402298177e-07
    },
    "spectral_flatness_db": {
        "kurt": 4.24781560898,
        "max": 0.427841991186,
        "mean": 0.173245698214,
        "median": 0.166302427649,
        "min": 0.048176471144,
        "skew": 1.57997119427,
        "var": 0.00164203217719
    },
    "spectral_flux": {
        "kurt": 103.294136047,
        "max": 0.090480081737,
        "mean": 0.00422906596214,
        "median": 0.00353517965414,
        "min": 0.000975312374067,
        "skew": 7.33530282974,
        "var": 1.46140173456e-05
    },
    "spectral_kurtosis": {
        "kurt": 4.44953489304,
        "max": 49.4300117493,
        "mean": 9.50625801086,
        "median": 9.01500606537,
        "min": -0.199282169342,
        "skew": 1.22011172771,
        "var": 15.3108577728
    },
    "spectral_rms": {
        "kurt": 244.930755615,
        "max": 0.00777957122773,
        "mean": 0.00021944756736,
        "median": 0.000179633134394,
        "min": 5.69906524106e-06,
        "skew": 12.0522012711,
        "var": 6.72049509376e-08
    },
    "spectral_rolloff": {
        "kurt": 6.77790355682,
        "max": 5297.16796875,
        "mean": 1105.67248535,
        "median": 990.52734375,
        "min": 86.1328125,
        "skew": 2.08763074875,
        "var": 512980.03125
    },
    "spectral_skewness": {
        "kurt": 1.90039205551,
        "max": 5.35029172897,
        "mean": 2.33877325058,
        "median": 2.35402822495,
        "min": 0.291598111391,
        "skew": -0.124178752303,
        "var": 0.20129609108
    },
    "spectral_spread": {
        "kurt": 14.6492996216,
        "max": 16247083,
        "mean": 3143613.5,
        "median": 2961734.25,
        "min": 1278160.375,
        "skew": 2.70396852493,
        "var": 669469048832
    },
    "spectral_strongpeak": {
        "kurt": 383.333007812,
        "max": 3.94932508469,
        "mean": 0.028714787215,
        "median": 0.0109689636156,
        "min": 0,
        "skew": 16.1722106934,
        "var": 0.00926851015538
    },
    "zerocrossingrate": {
        "kurt": 16.1002235413,
        "max": 0.21826171875,
        "mean": 0.0431918501854,
        "median": 0.041015625,
        "min": 0.00390625,
        "skew": 2.68167376518,
        "var": 0.000350861286279
    },
    "barkbands": {
        "kurt": [845.664916992, 235.160232544, 183.939163208, 38.7027511597, 1751.71179199, 1359.80126953, 1489.17089844, 2004.32763672, 3614.50341797, 3880.61474609, 774.363708496, 1184.24462891, 1988.93322754, 1865.26184082, 2655.43115234, 1735.76391602, 1864.16809082, 3228.35302734, 2284.32958984, 1679.88964844, 864.723327637, 491.474914551, 798.284118652, 937.226379395, 899.609741211, 751.645202637, 8271.84765625],
        "max": [2.2083233489e-05, 0.00353430910036, 0.00212044548243, 0.00046316019143, 0.000822460337076, 0.0150999780744, 0.0248530991375, 0.00218875287101, 0.0109519232064, 0.00470986636356, 0.000578438164666, 0.00100762490183, 0.00103145325556, 0.00110814918298, 0.00235736952163, 0.000871982832905, 0.000863532419316, 0.00125722994562, 0.00103122740984, 0.000597628299147, 0.000623809697572, 6.17364567006e-05, 1.66406007338e-05, 1.38953755595e-05, 1.0027622011e-05, 3.07920771547e-07, 1.06608633033e-08],
        "mean": [8.97000163036e-08, 2.19456251216e-05, 1.70262337633e-05, 1.02710473584e-05, 6.69820246912e-06, 1.46938664329e-05, 1.98080833798e-05, 3.28540295413e-06, 6.7154410317e-06, 3.26458462041e-06, 1.74892636551e-06, 1.69530471794e-06, 1.38837731356e-06, 1.41067107506e-06, 1.65718995504e-06, 1.06205050088e-06, 9.89999648482e-07, 1.11864176233e-06, 1.11673512038e-06, 9.62284161687e-07, 1.0740578773e-06, 1.61544036814e-07, 2.78668306208e-08, 1.96583815892e-08, 1.46302454596e-08, 5.06494790553e-10, 5.97903497546e-12],
        "median": [1.94041991364e-08, 2.09866448131e-06, 3.48202547684e-06, 2.29861302614e-06, 3.35258300765e-06, 1.51560868744e-06, 1.1794799093e-06, 9.42010217386e-07, 1.29686259243e-06, 8.77336901794e-07, 6.76940317135e-07, 5.82284883421e-07, 4.44013323886e-07, 3.63132585335e-07, 3.304088807e-07, 2.73452599231e-07, 2.2083162321e-07, 2.60528167928e-07, 2.51493759151e-07, 1.7899505167e-07, 8.7214189648e-08, 1.75397403268e-08, 2.27059682167e-09, 1.08112363506e-09, 7.1743322394e-10, 2.01782392878e-11, 6.88788056539e-13],
        "min": [6.67724729675e-12, 1.54564527843e-09, 1.45491618753e-09, 7.52843787311e-10, 1.91860127785e-09, 1.25793619965e-09, 1.13611886565e-09, 1.00842911799e-09, 5.67812685759e-10, 8.77997619053e-10, 3.30299609885e-09, 1.76431713683e-09, 2.40983943911e-09, 4.8892173643e-10, 1.00153318972e-09, 5.20010146055e-10, 4.98440011487e-10, 1.66597374784e-10, 5.14879805458e-10, 1.80864545563e-10, 3.05682396062e-10, 3.94497802481e-11, 9.55515007395e-12, 3.79955919158e-12, 3.17780849378e-12, 1.20152206327e-12, 3.73413661645e-14],
        "skew": [22.9508075714, 12.8990049362, 11.9032068253, 5.32040643692, 30.7375545502, 35.4153442383, 36.4055175781, 40.4622192383, 55.2321357727, 57.9278526306, 24.6773433685, 32.8764648438, 41.7766418457, 38.4363365173, 48.5683822632, 39.4972190857, 39.2119598389, 52.2077178955, 43.4250564575, 37.2452697754, 26.8801898956, 20.6287517548, 25.3171195984, 28.0777759552, 27.4571456909, 25.6092624664, 81.4737014771],
        "var": [1.64494950322e-13, 1.61223479012e-08, 6.26342622212e-09, 6.72387701073e-10, 1.68725991512e-10, 1.10054344304e-07, 2.43195842131e-07, 1.28935861987e-09, 1.89777082937e-08, 3.6527436631e-09, 1.38192984833e-10, 4.16130435665e-10, 3.47324863315e-10, 2.8614227654e-10, 1.32143340714e-09, 2.54528897958e-10, 1.88995680217e-10, 3.07532499466e-10, 2.20496870762e-10, 1.2524387083e-10, 2.31936761463e-10, 3.22309713641e-12, 1.24741945831e-13, 8.71053988487e-14, 5.05154796574e-14, 5.96626251419e-17, 9.68478409255e-21],
        "cov": [[1.64504572616e-13, 3.18837339343e-12, 9.19751145904e-13, 2.87723476128e-15, 9.16243263985e-14, -6.94920032976e-13, -9.96022058233e-13, -9.67607612957e-14, -2.54554542592e-13, -1.22510969468e-13, -4.35454013885e-14, -5.51217295278e-14, -4.74406924606e-14, -5.34608266673e-14, -6.96968524561e-14, -4.20377301762e-14, -3.55509350257e-14, -3.81873657316e-14, -3.99653285455e-14, -3.27153329926e-14, -3.40674415219e-14, -5.44575057723e-15, -9.55728767848e-16, -6.59267765705e-16, -4.89126269293e-16, -2.00184970884e-17, -1.02536765895e-19], [3.18837339343e-12, 1.61232911466e-08, 7.14057346585e-09, 8.31727797745e-10, 2.80907325179e-10, -1.19107765317e-10, -2.52115189836e-10, 1.61448042435e-11, -1.29419929634e-11, 1.60220740755e-12, 2.86199328126e-11, -2.37673568977e-13, 3.16134943744e-12, -5.29405165539e-12, -6.65280374193e-12, 1.50341371297e-12, -1.80603459705e-12, -1.17302944701e-12, -2.39640989344e-12, 6.80711509295e-13, -5.95546745599e-12, -8.40105058002e-13, -2.52264219713e-13, -1.9486204371e-13, -1.46929723163e-13, -5.89584270958e-15, 4.10054949573e-16], [9.19751145904e-13, 7.14057346585e-09, 6.26379259572e-09, 7.34082683529e-10, 1.90581578297e-10, -1.53826500149e-11, -5.70238647968e-11, 1.22489657306e-11, 7.64948521192e-12, 1.57794298461e-11, 2.67593412706e-11, 4.47741062976e-12, 4.13996094351e-12, 5.73497141703e-13, 2.06781532001e-12, 2.93537199755e-12, 8.50503586829e-13, 2.49666628517e-12, 2.00518551416e-12, 2.9710077714e-12, -3.86896135789e-13, -2.18261196741e-14, -5.41252291467e-14, -3.79975998582e-14, -3.03927144411e-14, -1.48451947248e-15, 2.90776008169e-16], [2.87723476128e-15, 8.31727797745e-10, 7.34082683529e-10, 6.72427002968e-10, 1.66052477324e-10, 2.28979710193e-10, 3.05174718829e-10, 4.01945282613e-11, 6.93344409664e-11, 4.12094629254e-11, 1.74915984474e-11, 1.56366447568e-11, 1.53883988885e-11, 1.22449238249e-11, 1.60087498813e-11, 9.10444289404e-12, 5.89098648335e-12, 8.7028622156e-12, 7.3261622463e-12, 5.36079080432e-12, 4.9885434325e-12, 7.33099453538e-13, 8.93054483446e-14, 4.70845388232e-14, 3.12592155936e-14, -3.09157681916e-16, 5.7833364848e-17], [9.16243263985e-14, 2.80907325179e-10, 1.90581578297e-10, 1.66052477324e-10, 1.68735858619e-10, 3.23700288796e-10, 4.44694253643e-10, 3.89143300916e-11, 1.02345638908e-10, 5.02888355958e-11, 1.54130926772e-11, 1.99143704999e-11, 1.69243855042e-11, 1.41040972304e-11, 3.08146563821e-11, 1.37442722134e-11, 1.2719098344e-11, 1.61899695039e-11, 1.33858219648e-11, 1.070727014e-11, 5.91194150926e-12, 1.11010799077e-12, 1.55701664127e-13, 8.78057189132e-14, 5.99489194722e-14, 1.4280101988e-15, 4.59572978743e-17], [-6.94920032976e-13, -1.19107765317e-10, -1.53826500149e-11, 2.28979710193e-10, 3.23700288796e-10, 1.10060781822e-07, 1.48234150288e-07, 9.89357662462e-09, 3.57826763775e-08, 1.64613869202e-08, 2.79416845217e-09, 5.8288471827e-09, 5.42964739836e-09, 4.60373250633e-09, 1.08039124314e-08, 4.63171723197e-09, 3.63574526041e-09, 5.08302333557e-09, 4.45023706774e-09, 3.07844438829e-09, 1.13031661808e-09, 2.26127727654e-10, 3.26726805333e-11, 1.23437805116e-11, 6.35676667554e-12, 1.36436855195e-13, 8.95965108881e-15], [-9.96022058233e-13, -2.52115189836e-10, -5.70238647968e-11, 3.05174718829e-10, 4.44694253643e-10, 1.48234150288e-07, 2.43210081408e-07, 1.28366979268e-08, 4.98947478889e-08, 2.57068037968e-08, 4.17210843651e-09, 8.67675087335e-09, 7.32619875876e-09, 6.36057206904e-09, 1.57474975282e-08, 5.65165070299e-09, 4.78691131178e-09, 7.49977502323e-09, 6.39761355004e-09, 4.41233227733e-09, 1.63178781598e-09, 3.07771669261e-10, 4.3353723389e-11, 1.6495830743e-11, 8.52744784507e-12, 1.83730553558e-13, 1.27835415186e-14], [-9.67607612957e-14, 1.61448042435e-11, 1.22489657306e-11, 4.01945282613e-11, 3.89143300916e-11, 9.89357662462e-09, 1.28366979268e-08, 1.28943400401e-09, 3.37266992112e-09, 1.18629261969e-09, 2.50966858406e-10, 5.6114118907e-10, 4.6237819129e-10, 4.30763258397e-10, 8.17344247839e-10, 3.98597960194e-10, 3.39682448836e-10, 4.03386296588e-10, 3.91559090707e-10, 2.56723281522e-10, 1.0207380774e-10, 1.98591091488e-11, 3.00242664932e-12, 1.11151550203e-12, 5.83275561097e-13, 1.21736710204e-14, 7.15532352742e-16], [-2.54554542592e-13, -1.29419929634e-11, 7.64948521192e-12, 6.93344409664e-11, 1.02345638908e-10, 3.57826763775e-08, 4.98947478889e-08, 3.37266992112e-09, 1.89788185168e-08, 5.49157119778e-09, 8.24452117687e-10, 2.23612595107e-09, 1.88321780392e-09, 1.73958891736e-09, 3.70127573035e-09, 1.54000123764e-09, 1.19545939814e-09, 1.91914839576e-09, 1.69316127785e-09, 9.77267378133e-10, 3.92880783462e-10, 7.4361780622e-11, 1.17576859707e-11, 4.29017802187e-12, 2.16400530308e-12, 4.7627375134e-14, 2.74974698535e-15], [-1.22510969468e-13, 1.60220740755e-12, 1.57794298461e-11, 4.12094629254e-11, 5.02888355958e-11, 1.64613869202e-08, 2.57068037968e-08, 1.18629261969e-09, 5.49157119778e-09, 3.65295727001e-09, 4.16631590339e-10, 8.74240124737e-10, 7.99413979458e-10, 6.93510193717e-10, 2.03823669054e-09, 6.58308907386e-10, 5.72242309094e-10, 9.42161682005e-10, 7.11565584233e-10, 5.43470046743e-10, 1.85779239215e-10, 3.60125575194e-11, 5.02543579667e-12, 1.9921998079e-12, 1.02865632678e-12, 2.29584163773e-14, 1.50274603332e-15], [-4.35454013885e-14, 2.86199328126e-11, 2.67593412706e-11, 1.74915984474e-11, 1.54130926772e-11, 2.79416845217e-09, 4.17210843651e-09, 2.50966858406e-10, 8.24452117687e-10, 4.16631590339e-10, 1.38201061706e-10, 1.79561948643e-10, 1.46936157686e-10, 1.18971540952e-10, 2.73056272038e-10, 1.22979945671e-10, 9.41361155693e-11, 1.17086812468e-10, 1.01464926738e-10, 6.64985080889e-11, 2.85654867815e-11, 5.17673143935e-12, 6.79899225028e-13, 2.76533190877e-13, 1.35083242335e-13, 2.8670136147e-15, 2.23332862628e-16], [-5.51217295278e-14, -2.37673568977e-13, 4.47741062976e-12, 1.56366447568e-11, 1.99143704999e-11, 5.8288471827e-09, 8.67675087335e-09, 5.6114118907e-10, 2.23612595107e-09, 8.74240124737e-10, 1.79561948643e-10, 4.16154777305e-10, 3.03961966708e-10, 2.6306926082e-10, 5.77416781056e-10, 2.50475917785e-10, 1.87934223739e-10, 2.71780181693e-10, 2.38681463482e-10, 1.52205664739e-10, 6.18036524735e-11, 1.16288602012e-11, 1.63513104966e-12, 6.21961033023e-13, 3.16051411388e-13, 7.06755990266e-15, 4.95715603287e-16], [-4.74406924606e-14, 3.16134943744e-12, 4.13996094351e-12, 1.53883988885e-11, 1.69243855042e-11, 5.42964739836e-09, 7.32619875876e-09, 4.6237819129e-10, 1.88321780392e-09, 7.99413979458e-10, 1.46936157686e-10, 3.03961966708e-10, 3.47345180396e-10, 2.70358985199e-10, 5.63971036538e-10, 2.60278992803e-10, 1.93292451489e-10, 2.6757945859e-10, 2.2912338693e-10, 1.52556564603e-10, 5.59325086247e-11, 1.16276172718e-11, 1.69281971253e-12, 6.55202454791e-13, 3.35460608944e-13, 7.11950673925e-15, 3.80718810478e-16], [-5.34608266673e-14, -5.29405165539e-12, 5.73497141703e-13, 1.22449238249e-11, 1.41040972304e-11, 4.60373250633e-09, 6.36057206904e-09, 4.30763258397e-10, 1.73958891736e-09, 6.93510193717e-10, 1.18971540952e-10, 2.6306926082e-10, 2.70358985199e-10, 2.86159040908e-10, 4.77808959065e-10, 2.34483071848e-10, 1.74070730052e-10, 2.35015673589e-10, 2.14461753911e-10, 1.33849653583e-10, 5.19471340943e-11, 1.09728892639e-11, 1.57794556501e-12, 5.90372043786e-13, 3.13656679839e-13, 6.92013805336e-15, 4.07843743595e-16], [-6.96968524561e-14, -6.65280374193e-12, 2.06781532001e-12, 1.60087498813e-11, 3.08146563821e-11, 1.08039124314e-08, 1.57474975282e-08, 8.17344247839e-10, 3.70127573035e-09, 2.03823669054e-09, 2.73056272038e-10, 5.77416781056e-10, 5.63971036538e-10, 4.77808959065e-10, 1.32151067866e-09, 4.76255257453e-10, 3.89998700001e-10, 5.95759830357e-10, 4.74125350092e-10, 3.47145534541e-10, 1.25637875104e-10, 2.47732979963e-11, 3.49853002471e-12, 1.40115924505e-12, 7.36538109149e-13, 1.63808565643e-14, 9.23841259637e-16], [-4.20377301762e-14, 1.50341371297e-12, 2.93537199755e-12, 9.10444289404e-12, 1.37442722134e-11, 4.63171723197e-09, 5.65165070299e-09, 3.98597960194e-10, 1.54000123764e-09, 6.58308907386e-10, 1.22979945671e-10, 2.50475917785e-10, 2.60278992803e-10, 2.34483071848e-10, 4.76255257453e-10, 2.54543802702e-10, 1.841601871e-10, 2.29670588103e-10, 1.9648242755e-10, 1.26284982471e-10, 5.11466737019e-11, 1.07571763996e-11, 1.57002655234e-12, 6.50179779807e-13, 3.54618000546e-13, 8.19758909869e-15, 3.86005248981e-16], [-3.55509350257e-14, -1.80603459705e-12, 8.50503586829e-13, 5.89098648335e-12, 1.2719098344e-11, 3.63574526041e-09, 4.78691131178e-09, 3.39682448836e-10, 1.19545939814e-09, 5.72242309094e-10, 9.41361155693e-11, 1.87934223739e-10, 1.93292451489e-10, 1.74070730052e-10, 3.89998700001e-10, 1.841601871e-10, 1.89006740814e-10, 1.96796606788e-10, 1.60919513825e-10, 1.10491359118e-10, 4.70013195031e-11, 9.37123469102e-12, 1.42144640242e-12, 6.39308267783e-13, 3.65653633674e-13, 9.25513006213e-15, 2.76896208658e-16], [-3.81873657316e-14, -1.17302944701e-12, 2.49666628517e-12, 8.7028622156e-12, 1.61899695039e-11, 5.08302333557e-09, 7.49977502323e-09, 4.03386296588e-10, 1.91914839576e-09, 9.42161682005e-10, 1.17086812468e-10, 2.71780181693e-10, 2.6757945859e-10, 2.35015673589e-10, 5.95759830357e-10, 2.29670588103e-10, 1.96796606788e-10, 3.07550485079e-10, 2.43481262929e-10, 1.67244426641e-10, 7.12067627084e-11, 1.34633961965e-11, 2.13300969769e-12, 9.99619549462e-13, 6.01095345373e-13, 1.582363594e-14, 4.4951297357e-16], [-3.99653285455e-14, -2.39640989344e-12, 2.00518551416e-12, 7.3261622463e-12, 1.33858219648e-11, 4.45023706774e-09, 6.39761355004e-09, 3.91559090707e-10, 1.69316127785e-09, 7.11565584233e-10, 1.01464926738e-10, 2.38681463482e-10, 2.2912338693e-10, 2.14461753911e-10, 4.74125350092e-10, 1.9648242755e-10, 1.60919513825e-10, 2.43481262929e-10, 2.20509777105e-10, 1.4941396731e-10, 7.93206750282e-11, 1.46734516898e-11, 2.43183511522e-12, 1.32626180004e-12, 8.66317922347e-13, 2.45117206426e-14, 4.28646290444e-16], [-3.27153329926e-14, 6.80711509295e-13, 2.9710077714e-12, 5.36079080432e-12, 1.070727014e-11, 3.07844438829e-09, 4.41233227733e-09, 2.56723281522e-10, 9.77267378133e-10, 5.43470046743e-10, 6.64985080889e-11, 1.52205664739e-10, 1.52556564603e-10, 1.33849653583e-10, 3.47145534541e-10, 1.26284982471e-10, 1.10491359118e-10, 1.67244426641e-10, 1.4941396731e-10, 1.25251198302e-10, 8.1560772025e-11, 1.42648410445e-11, 2.42882341843e-12, 1.58380654511e-12, 1.12575248602e-12, 3.26929442177e-14, 3.21488787562e-16], [-3.40674415219e-14, -5.95546745599e-12, -3.86896135789e-13, 4.9885434325e-12, 5.91194150926e-12, 1.13031661808e-09, 1.63178781598e-09, 1.0207380774e-10, 3.92880783462e-10, 1.85779239215e-10, 2.85654867815e-11, 6.18036524735e-11, 5.59325086247e-11, 5.19471340943e-11, 1.25637875104e-10, 5.11466737019e-11, 4.70013195031e-11, 7.12067627084e-11, 7.93206750282e-11, 8.1560772025e-11, 2.3195033394e-10, 1.90015381901e-11, 3.42783852518e-12, 2.91119060282e-12, 2.31806934758e-12, 6.37371083104e-14, 2.30973099813e-16], [-5.44575057723e-15, -8.40105058002e-13, -2.18261196741e-14, 7.33099453538e-13, 1.11010799077e-12, 2.26127727654e-10, 3.07771669261e-10, 1.98591091488e-11, 7.4361780622e-11, 3.60125575194e-11, 5.17673143935e-12, 1.16288602012e-11, 1.16276172718e-11, 1.09728892639e-11, 2.47732979963e-11, 1.07571763996e-11, 9.37123469102e-12, 1.34633961965e-11, 1.46734516898e-11, 1.42648410445e-11, 1.90015381901e-11, 3.22328578758e-12, 5.90425278113e-13, 4.61821065331e-13, 3.41346878064e-13, 1.06612132249e-14, 4.25348050027e-17], [-9.55728767848e-16, -2.52264219713e-13, -5.41252291467e-14, 8.93054483446e-14, 1.55701664127e-13, 3.26726805333e-11, 4.3353723389e-11, 3.00242664932e-12, 1.17576859707e-11, 5.02543579667e-12, 6.79899225028e-13, 1.63513104966e-12, 1.69281971253e-12, 1.57794556501e-12, 3.49853002471e-12, 1.57002655234e-12, 1.42144640242e-12, 2.13300969769e-12, 2.43183511522e-12, 2.42882341843e-12, 3.42783852518e-12, 5.90425278113e-13, 1.24749250643e-13, 9.84329195301e-14, 7.19589183162e-14, 2.30038541892e-15, 7.64922946467e-18], [-6.59267765705e-16, -1.9486204371e-13, -3.79975998582e-14, 4.70845388232e-14, 8.78057189132e-14, 1.23437805116e-11, 1.6495830743e-11, 1.11151550203e-12, 4.29017802187e-12, 1.9921998079e-12, 2.76533190877e-13, 6.21961033023e-13, 6.55202454791e-13, 5.90372043786e-13, 1.40115924505e-12, 6.50179779807e-13, 6.39308267783e-13, 9.99619549462e-13, 1.32626180004e-12, 1.58380654511e-12, 2.91119060282e-12, 4.61821065331e-13, 9.84329195301e-14, 8.71104945989e-14, 6.3529422608e-14, 2.04484023742e-15, 5.33972920031e-18], [-4.89126269293e-16, -1.46929723163e-13, -3.03927144411e-14, 3.12592155936e-14, 5.99489194722e-14, 6.35676667554e-12, 8.52744784507e-12, 5.83275561097e-13, 2.16400530308e-12, 1.02865632678e-12, 1.35083242335e-13, 3.16051411388e-13, 3.35460608944e-13, 3.13656679839e-13, 7.36538109149e-13, 3.54618000546e-13, 3.65653633674e-13, 6.01095345373e-13, 8.66317922347e-13, 1.12575248602e-12, 2.31806934758e-12, 3.41346878064e-13, 7.19589183162e-14, 6.3529422608e-14, 5.05184341083e-14, 1.5336211254e-15, 4.03714472866e-18], [-2.00184970884e-17, -5.89584270958e-15, -1.48451947248e-15, -3.09157681916e-16, 1.4280101988e-15, 1.36436855195e-13, 1.83730553558e-13, 1.21736710204e-14, 4.7627375134e-14, 2.29584163773e-14, 2.8670136147e-15, 7.06755990266e-15, 7.11950673925e-15, 6.92013805336e-15, 1.63808565643e-14, 8.19758909869e-15, 9.25513006213e-15, 1.582363594e-14, 2.45117206426e-14, 3.26929442177e-14, 6.37371083104e-14, 1.06612132249e-14, 2.30038541892e-15, 2.04484023742e-15, 1.5336211254e-15, 5.96661125353e-17, 2.46802467247e-19], [-1.02536765895e-19, 4.10054949573e-16, 2.90776008169e-16, 5.7833364848e-17, 4.59572978743e-17, 8.95965108881e-15, 1.27835415186e-14, 7.15532352742e-16, 2.74974698535e-15, 1.50274603332e-15, 2.23332862628e-16, 4.95715603287e-16, 3.80718810478e-16, 4.07843743595e-16, 9.23841259637e-16, 3.86005248981e-16, 2.76896208658e-16, 4.4951297357e-16, 4.28646290444e-16, 3.21488787562e-16, 2.30973099813e-16, 4.25348050027e-17, 7.64922946467e-18, 5.33972920031e-18, 4.03714472866e-18, 2.46802467247e-19, 9.68535035584e-21]]
    },
    "mfcc": {
        "kurt": [4.54783821106, 1.84140586853, 4.73548793793, 0.154896736145, 1.53554773331, 1.29387998581, 1.23900318146, 1.1002907753, 0.625311851501, 0.206709623337, 0.475629091263, 0.342806339264, 0.357660531998],
        "max": [-618.466430664, 198.747650146, 53.8147315979, 83.1224136353, 46.5018806458, 34.0895843506, 47.1066513062, 34.0439529419, 38.4364891052, 34.2833633423, 32.2165641785, 24.8473377228, 22.5857696533],
        "mean": [-970.704162598, 122.728927612, 3.51964616776, 11.2483186722, 5.70283222198, -3.03878951073, 8.42851066589, 1.60453903675, -0.475479483604, 2.03036165237, -2.68733644485, -3.6635017395, -3.00542736053],
        "median": [-967.77355957, 124.960777283, 6.10702514648, 10.772983551, 6.10899353027, -2.58014678955, 8.34018325806, 1.77728271484, -0.861793518066, 1.97601318359, -2.66873550415, -3.83301544189, -2.98627471924],
        "min": [-1136.83911133, -5.85026550293, -106.895019531, -40.247718811, -58.1147384644, -58.9689903259, -39.4764442444, -42.8560256958, -28.3384780884, -27.5060806274, -31.9360103607, -28.7680168152, -32.6489143372],
        "skew": [1.01023590565, -0.464295655489, -1.52747881413, 0.442737013102, -0.507721841335, -0.465478867292, 0.0405007861555, -0.261059045792, 0.356893450022, 0.0918722972274, -0.0527848936617, 0.177051305771, -0.0458228141069],
        "var": [1570.86791992, 390.22479248, 224.204315186, 282.955413818, 99.8134918213, 80.3077163696, 76.4931106567, 54.5478515625, 49.2138328552, 48.1490211487, 41.5697059631, 37.093132019, 34.4866905212],
        "cov": [[1570.95983887, 446.016326904, -290.129852295, 497.605438232, 58.892906189, -42.0032539368, 88.593170166, -85.9883041382, 57.5010147095, 50.1946907043, 9.19317340851, 44.3742103577, -20.7205657959], [446.016326904, 390.247619629, 31.7531700134, 122.381950378, 86.4151687622, -2.48268032074, 31.6070575714, -5.80868244171, 11.3044338226, 37.1079521179, 6.74747848511, 10.8685846329, -3.16180562973], [-290.129852295, 31.7531700134, 224.217422485, -37.6263923645, 25.5365428925, 51.4560890198, -0.676320135593, 27.4693775177, -2.39890861511, -7.69122505188, 1.46202743053, -8.7546453476, 2.50133681297], [497.605438232, 122.381950378, -37.6263923645, 282.971984863, 62.6594085693, 9.31056690216, 58.1137962341, -24.436504364, 28.0261554718, 15.0252914429, -3.54384326935, 17.364736557, -8.5765171051], [58.892906189, 86.4151687622, 25.5365428925, 62.6594085693, 99.8193283081, 33.7138404846, 13.905872345, 10.1602478027, 5.25389719009, 14.6147499084, 0.693269252777, -0.606142163277, 0.438976883888], [-42.0032539368, -2.48268032074, 51.4560890198, 9.31056690216, 33.7138404846, 80.3124084473, 34.9447441101, 8.8347568512, 14.2818040848, 0.359894037247, 0.479161024094, -1.17070114613, -2.35557627678], [88.593170166, 31.6070575714, -0.676320135593, 58.1137962341, 13.905872345, 34.9447441101, 76.4975891113, 25.1369228363, 13.6287021637, 15.1399145126, 0.535302937031, 3.96343874931, -1.299300313], [-85.9883041382, -5.80868244171, 27.4693775177, -24.436504364, 10.1602478027, 8.8347568512, 25.1369228363, 54.5510444641, 20.4358386993, 5.36563587189, 6.88393354416, 1.47439968586, 2.95345568657], [57.5010147095, 11.3044338226, -2.39890861511, 28.0261554718, 5.25389719009, 14.2818040848, 13.6287021637, 20.4358386993, 49.2167129517, 21.142824173, 2.27329540253, 9.05516242981, 0.689532458782], [50.1946907043, 37.1079521179, -7.69122505188, 15.0252914429, 14.6147499084, 0.359894037247, 15.1399145126, 5.36563587189, 21.142824173, 48.15184021, 20.1013565063, 2.08749938011, 4.08364915848], [9.19317340851, 6.74747848511, 1.46202743053, -3.54384326935, 0.693269252777, 0.479161024094, 0.535302937031, 6.88393354416, 2.27329540253, 20.1013565063, 41.57213974, 17.3568229675, 0.678062915802], [44.3742103577, 10.8685846329, -8.7546453476, 17.364736557, -0.606142163277, -1.17070114613, 3.96343874931, 1.47439968586, 9.05516242981, 2.08749938011, 17.3568229675, 37.0953025818, 15.4143095016], [-20.7205657959, -3.16180562973, 2.50133681297, -8.5765171051, 0.438976883888, -2.35557627678, -1.299300313, 2.95345568657, 0.689532458782, 4.08364915848, 0.678062915802, 15.4143095016, 34.4887084961]]
    },
    "sccoeffs": {
        "kurt": [2.38764619827, 5.05393505096, 6.05743694305, 10.6330194473, 5.12053775787, 2.87301445007],
        "max": [-0.405692785978, -0.481893956661, -0.573181211948, -0.581889808178, -0.658188641071, -0.653256297112],
        "mean": [-0.77596706152, -0.84957164526, -0.864768266678, -0.865418434143, -0.869823753834, -0.820717394352],
        "median": [-0.784109354019, -0.854294061661, -0.86920017004, -0.868450820446, -0.873774170876, -0.82268923521],
        "min": [-0.946677386761, -0.949805498123, -0.942848861217, -0.932049095631, -0.92442804575, -0.901906073093],
        "skew": [1.08059096336, 1.28579890728, 1.53809475899, 1.96369671822, 1.61316466331, 0.914339840412],
        "var": [0.00400223443285, 0.00158528564498, 0.00104211387224, 0.000606947287451, 0.000447709258879, 0.000484942022013],
        "cov": [[0.00400246866047, 0.000306648551486, 0.000247199117439, 7.4191542808e-05, 8.05788586149e-05, 0.000366902531823], [0.000306648551486, 0.00158537842799, 0.000267747353064, 0.000163746983162, 0.00019925183733, 0.000150716979988], [0.000247199117439, 0.000267747353064, 0.00104217487387, 0.000237492713495, 0.000192845109268, 0.000145394253195], [7.4191542808e-05, 0.000163746983162, 0.000237492713495, 0.000606982794125, 0.000193241925444, 0.00011763391376], [8.05788586149e-05, 0.00019925183733, 0.000192845109268, 0.000193241925444, 0.000447735452326, 0.000134638947202], [0.000366902531823, 0.000150716979988, 0.000145394253195, 0.00011763391376, 0.000134638947202, 0.000484970398247]]
    },
    "scvalleys": {
        "kurt": [-0.441424131393, 2.62376213074, 3.03070545197, 3.81534719467, 3.16469144821, 6.37268924713],
        "max": [-5.94835758209, -4.38063144684, -5.91741275787, -5.6660399437, -6.32759523392, -8.49233722687],
        "mean": [-8.34433460236, -8.4573802948, -8.76341819763, -9.47757911682, -10.1849546432, -13.1131811142],
        "median": [-8.2729177475, -8.43267440796, -8.77653026581, -9.47718906403, -10.1755619049, -13.1299352646],
        "min": [-11.0696878433, -11.6175918579, -11.8387441635, -12.2633810043, -13.5767536163, -15.8155593872],
        "skew": [-0.182707995176, 0.395824402571, 0.616105377674, 0.783139109612, 0.890138566494, 1.52965652943],
        "var": [0.434605926275, 0.285374820232, 0.143242061138, 0.186666414142, 0.288858324289, 0.422677963972],
        "cov": [[0.434631347656, 0.202233299613, 0.114260971546, 0.155683174729, 0.190241634846, 0.19759477675], [0.202233299613, 0.285391509533, 0.116309575737, 0.150967881083, 0.174618169665, 0.171255528927], [0.114260971546, 0.116309575737, 0.143250435591, 0.104055218399, 0.118892401457, 0.111405029893], [0.155683174729, 0.150967881083, 0.104055218399, 0.186677336693, 0.182701602578, 0.17617815733], [0.190241634846, 0.174618169665, 0.118892401457, 0.182701602578, 0.288875252008, 0.287545204163], [0.19759477675, 0.171255528927, 0.111405029893, 0.17617815733, 0.287545204163, 0.4227026999]]
    }
},
"rhythm": {
    "beats_loudness": {
        "kurt": 417.018066406,
        "max": 0.0348502844572,
        "mean": 0.000157336675329,
        "median": 3.49978727172e-05,
        "min": 2.61129594037e-06,
        "skew": 19.9872665405,
        "var": 2.31329408962e-06
    },
    "bpm": 125.859664917,
    "confidence": -0.163451433182,
    "first_peak_bpm": {
        "kurt": 0,
        "max": 126,
        "mean": 126,
        "median": 126,
        "min": 126,
        "skew": 0,
        "var": 0
    },
    "first_peak_spread": {
        "kurt": 0,
        "max": 0.51639342308,
        "mean": 0.51639342308,
        "median": 0.51639342308,
        "min": 0.51639342308,
        "skew": 0,
        "var": 0
    },
    "first_peak_weight": {
        "kurt": 0,
        "max": 0.07468354702,
        "mean": 0.07468354702,
        "median": 0.07468354702,
        "min": 0.07468354702,
        "skew": 0,
        "var": 0
    },
    "onset_rate": 1.22206747532,
    "second_peak_bpm": {
        "kurt": 0,
        "max": 117,
        "mean": 117,
        "median": 117,
        "min": 117,
        "skew": 0,
        "var": 0
    },
    "second_peak_spread": {
        "kurt": 0,
        "max": 0.555555582047,
        "mean": 0.555555582047,
        "median": 0.555555582047,
        "min": 0.555555582047,
        "skew": 0,
        "var": 0
    },
    "second_peak_weight": {
        "kurt": 0,
        "max": 0.0556962043047,
        "mean": 0.0556962043047,
        "median": 0.0556962043047,
        "min": 0.0556962043047,
        "skew": 0,
        "var": 0
    },
    "beats_loudness_band_ratio": {
        "kurt": [-0.456815481186, 1.67382240295, 1.81793642044, 3.09022283554, 12.7593250275, 65.6332015991],
        "max": [0.990119278431, 0.724617958069, 0.816336333752, 0.783247470856, 0.515872597694, 0.86892169714],
        "mean": [0.411639690399, 0.187099590898, 0.200629740953, 0.143153861165, 0.0746034830809, 0.0362410806119],
        "median": [0.391554385424, 0.16743978858, 0.172724545002, 0.115255393088, 0.0553755909204, 0.0183083433658],
        "min": [0.000999772339128, 0.00399690400809, 0.00358260655776, 0.00250485609286, 0.000803150061984, 0.000467874662718],
        "skew": [0.440030127764, 1.06289839745, 1.22379231453, 1.48543965816, 3.02287530899, 7.15760564804],
        "var": [0.0496237315238, 0.011908993125, 0.0171424392611, 0.0118397669867, 0.00474335579202, 0.0050362511538],
        "cov": [[0.0496865473688, -0.00341048487462, -0.0187680553645, -0.0149731216952, -0.00798555463552, -0.00471161166206], [-0.00341048487462, 0.0119240675122, -0.000998559175059, -0.00258656684309, -0.00136179919355, -0.00125726975966], [-0.0187680553645, -0.000998559175059, 0.0171641390771, 0.00323195336387, 0.00044648340554, -0.000963326951023], [-0.0149731216952, -0.00258656684309, 0.00323195336387, 0.0118547538295, 0.00221046200022, -0.000116659080959], [-0.00798555463552, -0.00136179919355, 0.00044648340554, 0.00221046200022, 0.00474936002865, 0.00172497332096], [-0.00471161166206, -0.00125726975966, -0.000963326951023, -0.000116659080959, 0.00172497332096, 0.00504262605682]]
    },
