{
"metadata": {
    "version": {
        "essentia": "2.1-beta3"
    }
},
"lowLevel": {
    "average_loudness": 0.982256352901,
    "barkbands_kurtosis": {
        "kurt": 16.6519985199,
        "max": 4.40097475052,
        "mean": -0.958167850971,
        "median": -1.17415082455,
        "min": -1.72553312778,
        "skew": 3.42330384254,
        "var": 0.518150210381
    },
    "barkbands_skewness": {
        "kurt": 0.730459213257,
        "max": 2.30844759941,
        "mean": 0.36340841651,
        "median": 0.275242507458,
        "min": -0.769598841667,
        "skew": 0.733174800873,
        "var": 0.256641894579
    },
    "barkbands_spread": {
        "kurt": 0.960626125336,
        "max": 54.7696533203,
        "mean": 33.6422958374,
        "median": 33.5493774414,
        "min": 17.4230384827,
        "skew": 0.273259192705,
        "var": 29.3240795135
    },
    "dissonance": {
        "kurt": 26.16264534,
        "max": 0.499558985233,
        "mean": 0.48383051157,
        "median": 0.486838757992,
        "min": 0.365870475769,
        "skew": -3.71488642693,
        "var": 0.000181363750016
    },
    "hfc": {
        "kurt": -0.31361913681,
        "max": 5.59320020676,
        "mean": 2.08906793594,
        "median": 2.15576219559,
        "min": 1.7890139361e-06,
        "skew": -0.0145257981494,
        "var": 1.23182249069
    },
    "pitch": {
        "kurt": 9.99839019775,
        "max": 3808.31811523,
        "mean": 451.477813721,
        "median": 212.449523926,
        "min": 70.4078826904,
        "skew": 3.39815020561,
        "var": 687661.9375
    },
    "pitch_instantaneous_confidence": {
        "kurt": 0.593084573746,
        "max": 0.580700159073,
        "mean": 0.268301129341,
        "median": 0.253476977348,
        "min": 0.134464681149,
        "skew": 0.774324417114,
        "var": 0.0068519175984
    },
    "pitch_salience": {
        "kurt": -0.208412885666,
        "max": 0.868207931519,
        "mean": 0.673645079136,
        "median": 0.677305459976,
        "min": 0.48836350441,
        "skew": -0.174029394984,
        "var": 0.00432304898277
    },
    "silence_rate_20dB": {
        "kurt": 0,
        "max": 1,
        "mean": 1,
        "median": 1,
        "min": 1,
        "skew": 0,
        "var": 0
    },
    "silence_rate_30dB": {
        "kurt": 0,
        "max": 1,
        "mean": 1,
        "median": 1,
        "min": 1,
        "skew": 0,
        "var": 0
    },
    "silence_rate_60dB": {
        "kurt": 26.0334033966,
        "max": 1,
        "mean": 0.967741906643,
        "median": 1,
        "min": 0,
        "skew": -5.29469633102,
        "var": 0.031217392534
    },
    "spectral_centroid": {
        "kurt": 0.79243350029,
        "max": 2289.20458984,
        "mean": 1179.8190918,
        "median": 1175.37475586,
        "min": 421.294555664,
        "skew": 0.394825965166,
        "var": 93570.2890625
    },
    "spectral_complexity": {
        "kurt": -0.733615636826,
        "max": 15,
        "mean": 6.50691223145,
        "median": 7,
        "min": 0,
        "skew": -0.0905958861113,
        "var": 13.3282985687
    },
    "spectral_crest": {
        "kurt": 0.608152389526,
        "max": 12.0805721283,
        "mean": 5.24045228958,
        "median": 4.8970284462,
        "min": 2.43279623985,
        "skew": 0.851378262043,
        "var": 3.06636595726
    },
    "spectral_decrease": {
        "kurt": 2.86734819412,
        "max": -5.68120509014e-16,
        "mean": -4.21928908478e-10,
        "median": -4.25610047206e-10,
        "min": -1.42360356836e-09,
        "skew": -0.657868087292,
        "var": 4.80944812435e-20
    },
    "spectral_energy": {
        "kurt": 2.10497426987,
        "max": 0.00573002826422,
        "mean": 0.00178194185719,
        "median": 0.00179831089918,
        "min": 2.30649077615e-09,
        "skew": 0.485003858805,
        "var": 8.35173352698e-07
    },
    "spectral_energyband_high": {
        "kurt": 1.90729045868,
        "max": 0.000241797388298,
        "mean": 6.09739181527e-05,
        "median": 5.30735051143e-05,
        "min": 4.26439647483e-11,
        "skew": 1.07073521614,
        "var": 1.71218883516e-09
    },
    "spectral_energyband_low": {
        "kurt": 5.37707138062,
        "max": 0.00195818813518,
        "mean": 0.000407271843869,
        "median": 0.000326602137648,
        "min": 1.04843767001e-09,
        "skew": 1.90252792835,
        "var": 1.04056219641e-07
    },
    "spectral_energyband_middle_high": {
        "kurt": -0.835786581039,
        "max": 0.00182583625428,
        "mean": 0.000818127184175,
        "median": 0.000862528511789,
        "min": 5.51183876318e-10,
        "skew": -0.176866531372,
        "var": 2.03828378176e-07
    },
    "spectral_energyband_middle_low": {
        "kurt": 16.0146064758,
        "max": 0.00340660056099,
        "mean": 0.000591939198785,
        "median": 0.0005474978243,
        "min": 8.54004034156e-10,
        "skew": 2.84863400459,
        "var": 1.71237815039e-07
    },
    "spectral_flatness_db": {
        "kurt": 2.89624452591,
        "max": 0.188343778253,
        "mean": 0.128526523709,
        "median": 0.128483101726,
        "min": 0.0842098295689,
        "skew": 0.338110178709,
        "var": 0.000156864713063
    },
    "spectral_flux": {
        "kurt": 1.88622617722,
        "max": 0.0537405200303,
        "mean": 0.0245750546455,
        "median": 0.0253625176847,
        "min": 0.000582900596783,
        "skew": -0.658764600754,
        "var": 6.86130733811e-05
    },
    "spectral_kurtosis": {
        "kurt": 0.0617382526398,
        "max": 10.5660200119,
        "mean": 6.53923225403,
        "median": 6.52728939056,
        "min": 3.14358329773,
        "skew": 0.211745664477,
        "var": 1.57418644428
    },
    "spectral_rms": {
        "kurt": 1.7481045723,
        "max": 0.0023643753957,
        "mean": 0.00125185574871,
        "median": 0.00132455641869,
        "min": 1.5000782696e-06,
        "skew": -1.09573662281,
        "var": 1.71335571508e-07
    },
    "spectral_rolloff": {
        "kurt": 0.608464002609,
        "max": 3811.37695312,
        "mean": 2533.67333984,
        "median": 2476.31835938,
        "min": 387.59765625,
        "skew": -0.231073260307,
        "var": 330242.90625
    },
    "spectral_skewness": {
        "kurt": 1.00409269333,
        "max": 2.55392885208,
        "mean": 1.78428053856,
        "median": 1.79647731781,
        "min": 1.18150222301,
        "skew": -0.131647586823,
        "var": 0.0460585244
    },
    "spectral_spread": {
        "kurt": 113.312416077,
        "max": 14542604,
        "mean": 3611443.25,
        "median": 3465019.5,
        "min": 2901090,
        "skew": 9.55029582977,
        "var": 756650016768
    },
    "spectral_strongpeak": {
        "kurt": 7.50864601135,
        "max": 1.59788441658,
        "mean": 0.180589079857,
        "median": 0.0624422319233,
        "min": 1.88126050489e-05,
        "skew": 2.6547601223,
        "var": 0.0785456895828
    },
    "zerocrossingrate": {
        "kurt": 1.33230113983,
        "max": 0.10791015625,
        "mean": 0.0728214085102,
        "median": 0.072265625,
        "min": 0.0126953125,
        "skew": -0.064790405333,
        "var": 0.000185841068742
    },
    "barkbands": {
        "kurt": [2.73145294189, 5.22471618652, 6.60115242004, 16.8552627563, 38.6949920654, 5.18916034698, 2.15586042404, 13.6028633118, 22.7100276947, 2.92760848999, 7.6982049942, 0.707413911819, 0.132233142853, 0.792270183563, 2.03121137619, 0.306349039078, 1.90891885757, 1.25669622421, 2.59741544724, 17.2755203247, 0.647207260132, 9.75337123871, 152.185546875, 190.25604248, 200.063018799, 117.089248657, 200.775863647],
        "max": [2.70270993497e-05, 0.00096914335154, 0.00103978347033, 0.00133158650715, 0.00256377877668, 0.000304685032461, 0.000551472476218, 0.000187945668586, 0.000231416721363, 0.000447408849141, 0.000457805523183, 0.000227631622693, 0.000257137056906, 0.000356048520189, 0.000517412903719, 0.000167074962519, 0.000329545524437, 0.0002618690487, 0.000314187695039, 0.000526634044945, 8.32865916891e-05, 6.75682395013e-06, 7.1716108323e-06, 7.64311425883e-06, 7.21472088117e-06, 1.60438716534e-07, 1.20839391826e-08],
        "mean": [5.20121193404e-06, 0.000151425600052, 0.000160422787303, 0.000138932955451, 0.000228208024055, 5.91593197896e-05, 0.000106168161437, 2.67196646746e-05, 2.60403721768e-05, 8.31749784993e-05, 7.0401460107e-05, 6.41575970803e-05, 8.02839058451e-05, 9.71132976701e-05, 0.000104866885522, 5.06029646203e-05, 7.80907357694e-05, 7.21892647562e-05, 7.58042297093e-05, 7.72840940044e-05, 2.36593441514e-05, 1.27354940105e-06, 3.77094579562e-07, 2.09832180076e-07, 1.68626769437e-07, 7.49538831002e-09, 2.22190071897e-10],
        "median": [3.4526572108e-06, 0.000112235284178, 0.000111834422569, 8.89502553036e-05, 0.000180509145139, 4.87036486447e-05, 6.56935953884e-05, 2.29896395467e-05, 2.05507240025e-05, 5.04712552356e-05, 4.60138471681e-05, 5.38359890925e-05, 7.25652862457e-05, 8.89844523044e-05, 8.15919920569e-05, 4.53821157862e-05, 6.39153877273e-05, 6.34900061414e-05, 6.65348197799e-05, 6.77902789903e-05, 2.02348728635e-05, 1.18448554076e-06, 3.35889154712e-07, 1.53787951263e-07, 1.29127357695e-07, 5.6740643295e-09, 1.36959998898e-10],
        "min": [7.55936840902e-11, 3.8204300834e-10, 4.18302781302e-10, 3.79235975956e-10, 3.25636323462e-10, 2.25433508666e-11, 6.83829555481e-12, 1.22230402883e-11, 7.97462165747e-11, 4.5984452357e-11, 1.036347657e-11, 1.5995232916e-11, 3.20123060005e-11, 1.12396661422e-10, 1.24984828043e-10, 1.4112574824e-11, 5.28935619262e-12, 2.54987888443e-11, 7.75102898531e-11, 1.1455758564e-10, 1.29931005191e-11, 5.53931943717e-12, 2.3322281606e-12, 2.33495926587e-12, 1.22677128872e-12, 4.79035864795e-13, 5.58939559133e-13],
        "skew": [1.66077947617, 1.93562889099, 2.22585701942, 3.32777285576, 5.17768669128, 1.82672047615, 1.4965171814, 2.91366457939, 3.85196304321, 1.63166356087, 2.54242086411, 0.984565019608, 0.789079546928, 0.912200331688, 1.30013787746, 0.768826365471, 1.3102325201, 1.05082988739, 1.26521193981, 2.68572020531, 0.890912592411, 1.79306602478, 11.5033016205, 13.5236368179, 14.015039444, 9.84066104889, 14.0544891357],
        "var": [3.06574279851e-11, 2.09256185713e-08, 2.75731295574e-08, 2.5187103958e-08, 6.4621893614e-08, 2.2517829823e-09, 1.15710472315e-08, 6.13247952419e-10, 6.71378286299e-10, 7.43814476678e-09, 6.51600240431e-09, 2.41430475612e-09, 3.42052253188e-09, 5.39526867627e-09, 8.34292190888e-09, 1.14375620086e-09, 3.92080279354e-09, 2.69954214538e-09, 2.67817568123e-09, 3.19938275872e-09, 2.61321381201e-10, 6.19123459097e-13, 2.51775596899e-13, 2.69843555053e-13, 2.36514312909e-13, 1.46157334994e-16, 6.69106707687e-19],
        "cov": [[3.07993595905e-11, 3.2213362533e-10, 1.83916673557e-10, 1.47987469501e-10, 2.57047494401e-10, 4.91537296976e-11, 1.28609331518e-10, 3.85716111828e-11, 1.48904361064e-11, 8.02821975565e-11, 2.79042709078e-11, 6.85407147705e-11, 5.50900193519e-11, 7.22070042647e-11, 1.06888171925e-10, 3.91416656031e-11, 6.62407281804e-11, 2.97525198922e-11, 3.96171324912e-11, 4.13489312234e-11, 1.09348459107e-11, 8.13957571049e-13, 1.82643315619e-13, 5.46400422195e-14, 2.56452336851e-14, 5.26060272749e-15, -3.82342830718e-17], [3.2213362533e-10, 2.10224957442e-08, 5.20498932843e-09, 3.76800501911e-09, 4.05740330223e-09, 1.01719610512e-09, 2.67212252325e-09, 4.77055950299e-10, 4.33435398683e-10, 1.45589618139e-09, 7.34970806437e-10, 1.22582122231e-09, 1.42274081405e-09, 1.65033842148e-09, 2.17771978228e-09, 5.87160819965e-10, 7.21525728054e-10, 1.97365723764e-09, 1.79404424649e-09, 1.60865465393e-09, 5.62514868019e-10, 2.90741163783e-11, 4.19016037145e-12, 6.9752587224e-15, 5.31522146175e-13, 1.51876829255e-13, -8.39999132721e-16], [1.83916673557e-10, 5.20498932843e-09, 2.77007838889e-08, 1.51793138059e-08, 1.84806321357e-08, 1.80997772325e-09, 1.97509364419e-09, 7.26841142829e-10, 5.54669310482e-10, 1.77949688318e-09, 1.06808917266e-09, 2.03393701881e-09, 2.98028890455e-09, 1.34582522904e-09, 3.96880706077e-09, 1.73469150155e-09, 1.44344258768e-09, 2.12427453405e-09, 2.73733014033e-09, 2.64698152286e-09, 8.70475025394e-10, 2.81148975628e-11, 5.99328312673e-12, 1.33984913008e-12, 3.17761794525e-13, 8.23873033597e-14, 5.16137726464e-16], [1.47987469501e-10, 3.76800501911e-09, 1.51793138059e-08, 2.53037111264e-08, 1.28130741572e-08, 1.03142794305e-09, 2.82832779419e-09, 4.25577545426e-10, 1.60339838629e-10, 1.56260948625e-09, 1.92542454203e-10, 1.68562686031e-09, 1.9636825499e-09, 1.67706437626e-09, 2.85357271146e-09, 1.10836118061e-09, 1.5873714565e-09, 1.51356249756e-09, 1.07844733144e-09, 1.20860244035e-09, 5.68770530673e-10, 1.88545030283e-11, 4.14880976796e-12, -4.17632969223e-13, 2.46320325248e-13, 3.30921203526e-14, -9.85006144033e-16], [2.57047494401e-10, 4.05740330223e-09, 1.84806321357e-08, 1.28130741572e-08, 6.49210676329e-08, 5.41825517786e-09, 2.61502508536e-09, 1.75421477344e-09, 9.71957403451e-10, 2.51776532956e-09, 2.44213071987e-09, 2.50774268018e-09, 2.76643286057e-09, 3.20799253828e-09, 5.02079222642e-09, 2.85982459935e-09, 2.71185429668e-09, 3.33395089314e-09, 2.80830891874e-09, 4.04859390457e-09, 8.79819384014e-10, 3.80419064305e-11, 1.34418570025e-11, 6.98758282139e-12, 5.08420736067e-12, 1.39897059323e-13, 6.69719474647e-15], [4.91537296976e-11, 1.01719610512e-09, 1.80997772325e-09, 1.03142794305e-09, 5.41825517786e-09, 2.26220775446e-09, 1.38926969928e-09, 5.30350097172e-10, 4.18750478737e-10, 1.10577413892e-09, 2.49491705073e-10, 4.30424612619e-10, 5.89979010091e-10, 8.19234735605e-10, 1.33929678459e-09, 6.31018848285e-10, 3.71862401982e-10, 5.78122050232e-10, 4.8313403278e-10, 6.49493625549e-10, 2.09702463727e-10, 7.72860334758e-12, 1.39114783061e-12, 9.96034960239e-13, 7.3712254833e-13, 6.18190801284e-14, 4.99312158121e-16], [1.28609331518e-10, 2.67212252325e-09, 1.97509364419e-09, 2.82832779419e-09, 2.61502508536e-09, 1.38926969928e-09, 1.16246168247e-08, 1.11977649375e-09, 4.14034639906e-10, 3.11792258678e-09, 1.75130754343e-09, 2.58604448966e-09, 2.81724199525e-09, 3.00851432655e-09, 3.80440434711e-09, 1.15027543046e-09, 1.9476129598e-09, 2.20402585072e-09, 1.48871093231e-09, 1.78537973294e-09, 6.12123907118e-10, 2.71199954854e-11, 5.14685776637e-12, 2.56325191107e-12, 1.76578066405e-12, 5.57537008098e-14, 2.04836241217e-15], [3.85716111828e-11, 4.77055950299e-10, 7.26841142829e-10, 4.25577545426e-10, 1.75421477344e-09, 5.30350097172e-10, 1.11977649375e-09, 6.16087070249e-10, 2.23327856208e-10, 3.43451350693e-10, 2.45895193096e-10, 3.95858512636e-10, 4.08906020155e-10, 5.85805459696e-10, 5.99441329907e-10, 2.44687131667e-10, 2.43710496228e-10, 3.21301235617e-10, 3.00490604621e-10, 3.52528367609e-10, 1.19998719295e-10, 5.7946624929e-12, 4.44328140904e-13, 4.75686621983e-14, -7.91095365756e-14, 3.73443655082e-15, -4.93718246658e-16], [1.48904361064e-11, 4.33435398683e-10, 5.54669310482e-10, 1.60339838629e-10, 9.71957403451e-10, 4.18750478737e-10, 4.14034639906e-10, 2.23327856208e-10, 6.7448652219e-10, 4.04692029887e-10, 3.0300639775e-10, 4.59017573951e-10, 5.29512267367e-10, 5.69780445048e-10, 4.79084327765e-10, 2.48477100007e-10, 2.52643711507e-10, 3.21243615042e-10, 3.01022318183e-10, 2.78682826815e-10, 1.32791166951e-10, 5.98525569384e-12, 1.61484920488e-12, 8.96823197302e-13, 6.86226303646e-13, 2.53937241921e-14, 8.67286246177e-16], [8.02821975565e-11, 1.45589618139e-09, 1.77949688318e-09, 1.56260948625e-09, 2.51776532956e-09, 1.10577413892e-09, 3.11792258678e-09, 3.43451350693e-10, 4.04692029887e-10, 7.47258077638e-09, 1.63908830952e-09, 1.5248707852e-09, 2.12987294468e-09, 2.54116572229e-09, 2.13673545524e-09, 1.32612376635e-09, 1.75757863818e-09, 1.73020131555e-09, 1.19238918739e-09, 1.36148159413e-09, 5.66601709995e-10, 1.74696229704e-11, 2.97714500622e-12, 1.06892424599e-12, 6.69454075508e-13, 1.13296443624e-13, -1.06811129934e-15], [2.79042709078e-11, 7.34970806437e-10, 1.06808917266e-09, 1.92542454203e-10, 2.44213071987e-09, 2.49491705073e-10, 1.75130754343e-09, 2.45895193096e-10, 3.0300639775e-10, 1.63908830952e-09, 6.54616938434e-09, 9.55302614791e-10, 1.56100099513e-09, 2.62455834843e-09, 1.2924411541e-09, 8.20383150302e-10, 1.68797475997e-09, 7.51840589786e-10, 6.61481591724e-10, 6.26132978798e-10, 2.62044080879e-10, 1.27687123028e-11, 3.46505007846e-12, 1.09182790847e-12, 8.55741909625e-13, 5.03677977689e-14, -2.51067394769e-16], [6.85407147705e-11, 1.22582122231e-09, 2.03393701881e-09, 1.68562686031e-09, 2.50774268018e-09, 4.30424612619e-10, 2.58604448966e-09, 3.95858512636e-10, 4.59017573951e-10, 1.5248707852e-09, 9.55302614791e-10, 2.42548203744e-09, 2.1582886589e-09, 1.59877655559e-09, 2.10960537927e-09, 7.81699260877e-10, 1.12583109502e-09, 1.42999423414e-09, 1.17784659803e-09, 1.27474608647e-09, 4.31223418085e-10, 1.79927947541e-11, 4.37403455469e-12, 2.33221666805e-12, 1.72205923566e-12, 5.58083479874e-14, 2.42182177971e-15], [5.50900193519e-11, 1.42274081405e-09, 2.98028890455e-09, 1.9636825499e-09, 2.76643286057e-09, 5.89979010091e-10, 2.81724199525e-09, 4.08906020155e-10, 5.29512267367e-10, 2.12987294468e-09, 1.56100099513e-09, 2.1582886589e-09, 3.43635830902e-09, 2.40067143942e-09, 2.64139821127e-09, 1.00724584229e-09, 1.57034862891e-09, 1.68691316471e-09, 1.57168944526e-09, 1.63999347436e-09, 5.34139343866e-10, 2.20879339125e-11, 5.21431032033e-12, 2.06950927749e-12, 1.54972063827e-12, 6.31551018079e-14, 2.43638651124e-15], [7.22070042647e-11, 1.65033842148e-09, 1.34582522904e-09, 1.67706437626e-09, 3.20799253828e-09, 8.19234735605e-10, 3.00851432655e-09, 5.85805459696e-10, 5.69780445048e-10, 2.54116572229e-09, 2.62455834843e-09, 1.59877655559e-09, 2.40067143942e-09, 5.42024691796e-09, 2.5934694392e-09, 1.12405651453e-09, 2.55442844654e-09, 1.43578404721e-09, 1.31794186675e-09, 1.54202639546e-09, 4.94411900309e-10, 2.35881106314e-11, 5.24059138099e-12, 2.78959537761e-12, 2.44743223084e-12, 9.50985777214e-14, 2.2161257577e-15], [1.06888171925e-10, 2.17771978228e-09, 3.96880706077e-09, 2.85357271146e-09, 5.02079222642e-09, 1.33929678459e-09, 3.80440434711e-09, 5.99441329907e-10, 4.79084327765e-10, 2.13673545524e-09, 1.2924411541e-09, 2.10960537927e-09, 2.64139821127e-09, 2.5934694392e-09, 8.38154701199e-09, 1.70352276729e-09, 1.42419076532e-09, 2.63236610287e-09, 2.095018381e-09, 2.34997687976e-09, 8.35999325322e-10, 3.09457390268e-11, 5.09636386911e-12, 2.1169643729e-12, 1.28223267507e-12, 9.66982299355e-14, 1.8282229961e-15], [3.91416656031e-11, 5.87160819965e-10, 1.73469150155e-09, 1.10836118061e-09, 2.85982459935e-09, 6.31018848285e-10, 1.15027543046e-09, 2.44687131667e-10, 2.48477100007e-10, 1.32612376635e-09, 8.20383150302e-10, 7.81699260877e-10, 1.00724584229e-09, 1.12405651453e-09, 1.70352276729e-09, 1.14905140958e-09, 8.14181777553e-10, 1.06427155977e-09, 1.0314505916e-09, 1.13127718304e-09, 2.93759822023e-10, 1.40915855373e-11, 6.08633152557e-12, 4.85345487758e-12, 4.55251678369e-12, 1.48526387044e-13, 7.02164859934e-15], [6.62407281804e-11, 7.21525728054e-10, 1.44344258768e-09, 1.5873714565e-09, 2.71185429668e-09, 3.71862401982e-10, 1.9476129598e-09, 2.43710496228e-10, 2.52643711507e-10, 1.75757863818e-09, 1.68797475997e-09, 1.12583109502e-09, 1.57034862891e-09, 2.55442844654e-09, 1.42419076532e-09, 8.14181777553e-10, 3.93895449591e-09, 9.83706782698e-10, 1.21453702651e-09, 1.13809095481e-09, 3.21812465565e-10, 1.56484911834e-11, 5.45460942039e-12, 3.15286360388e-12, 2.78826462786e-12, 9.61313954871e-14, 3.66982148947e-15], [2.97525198922e-11, 1.97365723764e-09, 2.12427453405e-09, 1.51356249756e-09, 3.33395089314e-09, 5.78122050232e-10, 2.20402585072e-09, 3.21301235617e-10, 3.21243615042e-10, 1.73020131555e-09, 7.51840589786e-10, 1.42999423414e-09, 1.68691316471e-09, 1.43578404721e-09, 2.63236610287e-09, 1.06427155977e-09, 9.83706782698e-10, 2.71204014801e-09, 2.00591743216e-09, 2.15452433672e-09, 6.15960171757e-10, 2.67703290091e-11, 1.04349098806e-11, 8.87636492086e-12, 7.68687804381e-12, 2.08616218918e-13, 1.23911560469e-14], [3.96171324912e-11, 1.79404424649e-09, 2.73733014033e-09, 1.07844733144e-09, 2.80830891874e-09, 4.8313403278e-10, 1.48871093231e-09, 3.00490604621e-10, 3.01022318183e-10, 1.19238918739e-09, 6.61481591724e-10, 1.17784659803e-09, 1.57168944526e-09, 1.31794186675e-09, 2.095018381e-09, 1.0314505916e-09, 1.21453702651e-09, 2.00591743216e-09, 2.69057465196e-09, 2.3739756827e-09, 5.90460569327e-10, 2.99211246058e-11, 1.2879117911e-11, 1.11733469699e-11, 9.91672716166e-12, 2.7445358269e-13, 1.57518295689e-14], [4.13489312234e-11, 1.60865465393e-09, 2.64698152286e-09, 1.20860244035e-09, 4.04859390457e-09, 6.49493625549e-10, 1.78537973294e-09, 3.52528367609e-10, 2.78682826815e-10, 1.36148159413e-09, 6.26132978798e-10, 1.27474608647e-09, 1.63999347436e-09, 1.54202639546e-09, 2.34997687976e-09, 1.13127718304e-09, 1.13809095481e-09, 2.15452433672e-09, 2.3739756827e-09, 3.21419491023e-09, 6.39017283532e-10, 3.54763579624e-11, 1.959788061e-11, 1.86274641545e-11, 1.69340132194e-11, 4.2363522087e-13, 2.73645733487e-14], [1.09348459107e-11, 5.62514868019e-10, 8.70475025394e-10, 5.68770530673e-10, 8.79819384014e-10, 2.09702463727e-10, 6.12123907118e-10, 1.19998719295e-10, 1.32791166951e-10, 5.66601709995e-10, 2.62044080879e-10, 4.31223418085e-10, 5.34139343866e-10, 4.94411900309e-10, 8.35999325322e-10, 2.93759822023e-10, 3.21812465565e-10, 6.15960171757e-10, 5.90460569327e-10, 6.39017283532e-10, 2.62531191231e-10, 8.41830771758e-12, 2.35699632554e-12, 1.61116443537e-12, 1.19677314933e-12, 3.78779920298e-14, 1.68299273867e-15], [8.13957571049e-13, 2.90741163783e-11, 2.81148975628e-11, 1.88545030283e-11, 3.80419064305e-11, 7.72860334758e-12, 2.71199954854e-11, 5.7946624929e-12, 5.98525569384e-12, 1.74696229704e-11, 1.27687123028e-11, 1.79927947541e-11, 2.20879339125e-11, 2.35881106314e-11, 3.09457390268e-11, 1.40915855373e-11, 1.56484911834e-11, 2.67703290091e-11, 2.99211246058e-11, 3.54763579624e-11, 8.41830771758e-12, 6.21989818591e-13, 2.63690680619e-13, 2.4209941777e-13, 2.12039939643e-13, 5.18342743809e-15, 3.33330652271e-16], [1.82643315619e-13, 4.19016037145e-12, 5.99328312673e-12, 4.14880976796e-12, 1.34418570025e-11, 1.39114783061e-12, 5.14685776637e-12, 4.44328140904e-13, 1.61484920488e-12, 2.97714500622e-12, 3.46505007846e-12, 4.37403455469e-12, 5.21431032033e-12, 5.24059138099e-12, 5.09636386911e-12, 6.08633152557e-12, 5.45460942039e-12, 1.04349098806e-11, 1.2879117911e-11, 1.959788061e-11, 2.35699632554e-12, 2.63690680619e-13, 2.52941222655e-13, 2.51961320731e-13, 2.32498997268e-13, 5.19329960709e-15, 3.84071102186e-16], [5.46400422195e-14, 6.9752587224e-15, 1.33984913008e-12, -4.17632969223e-13, 6.98758282139e-12, 9.96034960239e-13, 2.56325191107e-12, 4.75686621983e-14, 8.96823197302e-13, 1.06892424599e-12, 1.09182790847e-12, 2.33221666805e-12, 2.06950927749e-12, 2.78959537761e-12, 2.1169643729e-12, 4.85345487758e-12, 3.15286360388e-12, 8.87636492086e-12, 1.11733469699e-11, 1.86274641545e-11, 1.61116443537e-12, 2.4209941777e-13, 2.51961320731e-13, 2.71092827006e-13, 2.50838439646e-13, 5.58145160813e-15, 4.15819988161e-16], [2.56452336851e-14, 5.31522146175e-13, 3.17761794525e-13, 2.46320325248e-13, 5.08420736067e-12, 7.3712254833e-13, 1.76578066405e-12, -7.91095365756e-14, 6.86226303646e-13, 6.69454075508e-13, 8.55741909625e-13, 1.72205923566e-12, 1.54972063827e-12, 2.44743223084e-12, 1.28223267507e-12, 4.55251678369e-12, 2.78826462786e-12, 7.68687804381e-12, 9.91672716166e-12, 1.69340132194e-11, 1.19677314933e-12, 2.12039939643e-13, 2.32498997268e-13, 2.50838439646e-13, 2.37609302893e-13, 5.38022410843e-15, 3.93345689442e-16], [5.26060272749e-15, 1.51876829255e-13, 8.23873033597e-14, 3.30921203526e-14, 1.39897059323e-13, 6.18190801284e-14, 5.57537008098e-14, 3.73443655082e-15, 2.53937241921e-14, 1.13296443624e-13, 5.03677977689e-14, 5.58083479874e-14, 6.31551018079e-14, 9.50985777214e-14, 9.66982299355e-14, 1.48526387044e-13, 9.61313954871e-14, 2.08616218918e-13, 2.7445358269e-13, 4.2363522087e-13, 3.78779920298e-14, 5.18342743809e-15, 5.19329960709e-15, 5.58145160813e-15, 5.38022410843e-15, 1.46833995205e-16, 8.75323847693e-18], [-3.82342830718e-17, -8.39999132721e-16, 5.16137726464e-16, -9.85006144033e-16, 6.69719474647e-15, 4.99312158121e-16, 2.04836241217e-15, -4.93718246658e-16, 8.67286246177e-16, -1.06811129934e-15, -2.51067394769e-16, 2.42182177971e-15, 2.43638651124e-15, 2.2161257577e-15, 1.8282229961e-15, 7.02164859934e-15, 3.66982148947e-15, 1.23911560469e-14, 1.57518295689e-14, 2.73645733487e-14, 1.68299273867e-15, 3.33330652271e-16, 3.84071102186e-16, 4.15819988161e-16, 3.93345689442e-16, 8.75323847693e-18, 6.72204395683e-19]]
    },
    "mfcc": {
        "kurt": [10.6523160934, 14.2736186981, 8.03035926819, 4.19524860382, 0.332283735275, 1.3642282486, 0.102614402771, -0.364113092422, -0.00964093208313, -0.453054904938, 0.397773265839, -0.0441646575928, 0.0937376022339],
        "max": [-700.626220703, 173.229095459, 27.6146278381, 70.665725708, 25.8962135315, 21.6664924622, 34.5471878052, 4.18490982056, 15.5515632629, 13.5126075745, 5.9602394104, 12.9943981171, 16.0651168823],
        "mean": [-771.746154785, 146.011138916, -61.2502403259, 51.8990783691, 1.62284398079, 3.6021194458, 18.4593524933, -10.2276201248, -1.19138205051, 0.493641644716, -8.37781238556, -0.843286752701, -1.63409090042],
        "median": [-752.036865234, 150.80809021, -65.7870788574, 52.4593963623, 1.33740234375, 4.13249588013, 18.3149299622, -10.2022819519, -1.36480712891, 0.509574890137, -8.58449363708, -0.781326293945, -1.47346878052],
        "min": [-1138.42004395, 1.14440917969e-05, -86.6628112793, 8.01086425781e-05, -20.8366661072, -21.8350906372, -0.819324493408, -25.0663909912, -13.3549098969, -9.8777923584, -28.0943183899, -14.3043289185, -16.2460174561],
        "skew": [-3.09932732582, -3.27283668518, 2.42617154121, -1.28085172176, 0.14643523097, -0.656707942486, -0.279872506857, 0.0743161067367, 0.251587003469, 0.185565412045, -0.188148990273, 0.0247911158949, 0.0264074485749],
        "var": [4388.38378906, 448.318328857, 286.520599365, 97.0368728638, 54.5493240356, 38.5235939026, 41.6080780029, 37.5318412781, 28.2096500397, 24.0651130676, 32.9886703491, 31.1005725861, 29.716676712],
        "cov": [[4408.70068359, 1135.44775391, -949.705871582, 316.414123535, -213.669891357, 67.9378814697, 43.8178024292, -107.176567078, 68.947769165, 29.9334850311, -38.2551422119, 28.682762146, 30.1278572083], [1135.44775391, 450.393890381, -229.263183594, 94.3048782349, -50.5988616943, 21.6821460724, 3.09323000908, -26.2639045715, 23.5525741577, 9.24847507477, -15.048169136, -1.72945952415, 6.37757968903], [-949.705871582, -229.263183594, 287.847076416, -56.3344688416, 57.1706008911, -14.1137619019, -13.1246156693, 26.7621841431, -14.1415662766, -3.67433190346, 6.97123193741, -15.0674276352, -6.10027360916], [316.414123535, 94.3048782349, -56.3344688416, 97.4861221313, 5.82519721985, 10.7180671692, 17.7931251526, -12.9499034882, 4.50606012344, 1.61804807186, 2.12234306335, 4.26047897339, -2.71350431442], [-213.669891357, -50.5988616943, 57.1706008911, 5.82519721985, 54.801864624, 10.2789497375, 6.42469739914, 5.67985343933, -3.38988757133, -1.38729536533, 0.214303001761, -3.83977150917, 0.254053860903], [67.9378814697, 21.6821460724, -14.1137619019, 10.7180671692, 10.2789497375, 38.7019462585, 12.7317695618, 5.16881370544, 2.34190416336, 1.49222874641, 4.40863084793, 1.7036588192, 1.34459578991], [43.8178024292, 3.09323000908, -13.1246156693, 17.7931251526, 6.42469739914, 12.7317695618, 41.8007087708, 13.922580719, 3.20494699478, -1.52840936184, 3.66066551208, 5.94358491898, -1.33790385723], [-107.176567078, -26.2639045715, 26.7621841431, -12.9499034882, 5.67985343933, 5.16881370544, 13.922580719, 37.7055969238, 8.0335521698, -1.37389886379, 2.63468003273, -1.80861663818, -3.00049114227], [68.947769165, 23.5525741577, -14.1415662766, 4.50606012344, -3.38988757133, 2.34190416336, 3.20494699478, 8.0335521698, 28.3402500153, 11.7322778702, 1.97837388515, 0.504277944565, -2.28059840202], [29.9334850311, 9.24847507477, -3.67433190346, 1.61804807186, -1.38729536533, 1.49222874641, -1.52840936184, -1.37389886379, 11.7322778702, 24.176525116, 12.8100566864, 4.34581184387, 3.41570496559], [-38.2551422119, -15.048169136, 6.97123193741, 2.12234306335, 0.214303001761, 4.40863084793, 3.66066551208, 2.63468003273, 1.97837388515, 12.8100566864, 33.1413955688, 19.1584129333, 6.21104001999], [28.682762146, -1.72945952415, -15.0674276352, 4.26047897339, -3.83977150917, 1.7036588192, 5.94358491898, -1.80861663818, 0.504277944565, 4.34581184387, 19.1584129333, 31.244556427, 11.8051929474], [30.1278572083, 6.37757968903, -6.10027360916, -2.71350431442, 0.254053860903, 1.34459578991, -1.33790385723, -3.00049114227, -2.28059840202, 3.41570496559, 6.21104001999, 11.8051929474, 29.8542556763]]
    },
    "sccoeffs": {
        "kurt": [-0.0730156898499, -0.216811656952, 0.0338032245636, -0.169745206833, 0.619118690491, 2.74793481827],
        "max": [-0.5993013978, -0.666193842888, -0.673012375832, -0.718782186508, -0.791218519211, -0.742955327034],
        "mean": [-0.749043285847, -0.800429821014, -0.815855622292, -0.806335330009, -0.835759043694, -0.795966863632],
        "median": [-0.74733376503, -0.797724545002, -0.818295061588, -0.803874790668, -0.834107995033, -0.792965888977],
        "min": [-0.924007356167, -0.911784589291, -0.939221739769, -0.919642090797, -0.901695609093, -0.915181040764],
        "skew": [-0.0701201930642, 0.0119550107047, 0.20344927907, -0.29251947999, -0.563257992268, -0.987267673016],
        "var": [0.00289171817712, 0.00202592229471, 0.00201768521219, 0.00155156536493, 0.000446058664238, 0.000589929346461],
        "cov": [[0.00290510593913, 0.000272659613984, 0.000416945229517, 0.000507696589921, 0.000353440409526, 0.000371367728803], [0.000272659613984, 0.00203530141152, 0.000464909826405, 0.000620396167506, 0.000320889754221, 0.000254173821304], [0.000416945229517, 0.000464909826405, 0.00202702637762, 0.00100450939499, 0.000502597074956, 0.00022063999495], [0.000507696589921, 0.000620396167506, 0.00100450939499, 0.00155874853954, 0.000507943273988, 0.000365883926861], [0.000353440409526, 0.000320889754221, 0.000502597074956, 0.000507943273988, 0.000448123755632, 0.000213120612898], [0.000371367728803, 0.000254173821304, 0.00022063999495, 0.000365883926861, 0.000213120612898, 0.000592660508119]]
    },
    "scvalleys": {
        "kurt": [16.8648452759, 25.4724521637, 23.6220016479, 22.0745716095, 31.1873168945, 20.1099243164],
        "max": [-5.37418651581, -5.51972341537, -6.02543640137, -6.24631166458, -6.58628082275, -8.7681016922],
        "mean": [-6.37030124664, -6.94008350372, -7.14534091949, -7.1966753006, -7.49342155457, -10.7230443954],
        "median": [-6.19521427155, -6.75638771057, -7.00308465958, -7.02012443542, -7.35389757156, -10.5926218033],
        "min": [-12.0924091339, -14.0781354904, -13.9277429581, -13.6719408035, -14.5140810013, -16.22681427],
        "skew": [-3.35917520523, -4.09735155106, -4.01044893265, -3.96907901764, -4.70597410202, -3.66530919075],
        "var": [0.580721080303, 0.716189682484, 0.683393836021, 0.654196560383, 0.629784107208, 0.493680357933],
        "cov": [[0.58340960741, 0.546269714832, 0.531396090984, 0.53192448616, 0.512440621853, 0.455088853836], [0.546269714832, 0.719505369663, 0.636872470379, 0.62110054493, 0.609404504299, 0.532151520252], [0.531396090984, 0.636872470379, 0.686557710171, 0.621679067612, 0.611633718014, 0.530955135822], [0.53192448616, 0.62110054493, 0.621679067612, 0.657225191593, 0.619110405445, 0.533286392689], [0.512440621853, 0.609404504299, 0.611633718014, 0.619110405445, 0.632699728012, 0.531650185585], [0.455088853836, 0.532151520252, 0.530955135822, 0.533286392689, 0.531650185585, 0.495965927839]]
    }
},
"rhythm": {
    "beats_loudness": {
        "kurt": 0.968789339066,
        "max": 0.00405840808526,
        "mean": 0.00214275787584,
        "median": 0.00184374465607,
        "min": 0.00131787522696,
        "skew": 1.5045375824,
        "var": 7.1034355642e-07
    },
    "bpm": 97.2194747925,
    "confidence": 0,
    "first_peak_bpm": {
        "kurt": 0,
        "max": 98,
        "mean": 98,
        "median": 98,
        "min": 98,
        "skew": 0,
        "var": 0
    },
    "first_peak_spread": {
        "kurt": 0,
        "max": 0.333333313465,
        "mean": 0.333333313465,
        "median": 0.333333313465,
        "min": 0.333333313465,
        "skew": 0,
        "var": 0
    },
    "first_peak_weight": {
        "kurt": 0,
        "max": 0.666666686535,
        "mean": 0.666666686535,
        "median": 0.666666686535,
        "min": 0.666666686535,
        "skew": 0,
        "var": 0
    },
    "onset_rate": 0.20000000298,
    "second_peak_bpm": {
        "kurt": 0,
        "max": 0,
        "mean": 0,
        "median": 0,
        "min": 0,
        "skew": 0,
        "var": 0
    },
    "second_peak_spread": {
        "kurt": 0,
        "max": 0,
        "mean": 0,
        "median": 0,
        "min": 0,
        "skew": 0,
        "var": 0
    },
    "second_peak_weight": {
        "kurt": 0,
        "max": 0,
        "mean": 0,
        "median": 0,
        "min": 0,
        "skew": 0,
        "var": 0
    },
    "beats_loudness_band_ratio": {
        "kurt": [1.42490386963, 0.12834072113, -1.29948997498, -0.997321605682, -1.29325485229, -1.25543534756],
        "max": [0.596041321754, 0.370018512011, 0.181917071342, 0.331856667995, 0.288807034492, 0.121502488852],
        "mean": [0.260187208652, 0.170945003629, 0.116384342313, 0.202668517828, 0.211157292128, 0.0849115401506],
        "median": [0.21737255156, 0.151713863015, 0.127569153905, 0.203759491444, 0.239670559764, 0.0734955668449],
        "min": [0.140047684312, 0.051676761359, 0.0323588065803, 0.0799114331603, 0.107875712216, 0.0521014221013],
        "skew": [1.70054912567, 0.972074449062, -0.222522377968, -0.0562509857118, -0.385155707598, 0.390106648207],
        "var": [0.0205077268183, 0.00908933486789, 0.00277194799855, 0.00664785550907, 0.00378456967883, 0.000585372443311],
        "cov": [[0.0239256825298, 0.00552915548906, -0.00625793961808, -0.0107362344861, -0.00707418844104, -0.00254394882359], [0.00552915548906, 0.0106042241678, -0.00396890193224, -0.00466326577589, -0.00500342203304, -0.00115470343735], [-0.00625793961808, -0.00396890193224, 0.00323393940926, 0.00248023192398, 0.00333707104437, 0.000426749320468], [-0.0107362344861, -0.00466326577589, 0.00248023192398, 0.00775583134964, 0.00234493496828, 0.00137411023024], [-0.00707418844104, -0.00500342203304, 0.00333707104437, 0.00234493496828, 0.00441533140838, 0.000969276123215], [-0.00254394882359, -0.00115470343735, 0.000426749320468, 0.00137411023024, 0.000969276123215, 0.000682934478391]]
    },
    "beats_position": [0.603718817234, 1.20743763447, 1.82276642323, 2.43809509277, 3.06503391266, 3.69197273254, 4.3073015213],
    "bpm_estimates": [99.3840179443, 97.5088424683, 97.5088653564, 95.7031173706, 95.7031173706, 97.5088424683],
    "bpm_intervals": [0.603718817234, 0.615328788757, 0.615328669548, 0.626938819885, 0.626938819885, 0.615328788757],
    "onset_times": [0.0116099771112],
    "histogram": [[0, 0, 0, 0, 0, 0, 0, 0, 0, 0, 0, 0, 0, 0, 0, 0, 0, 0, 0, 0, 0, 0, 0, 0, 0, 0, 0, 0, 0, 0, 0, 0, 0, 0, 0, 0, 0, 0, 0, 0, 0, 0, 0, 0, 0, 0, 0, 0, 0, 0, 0, 0, 0, 0, 0, 0, 0, 0, 0, 0, 0, 0, 0, 0, 0, 0, 0, 0, 0, 0, 0, 0, 0, 0, 0, 0, 0, 0, 0, 0, 0, 0, 0, 0, 0, 0, 0, 0, 0, 0, 0, 0, 0, 0, 0, 0, 0.333333343267, 0, 0.5, 0.166666671634, 0, 0, 0, 0, 0, 0, 0, 0, 0, 0, 0, 0, 0, 0, 0, 0, 0, 0, 0, 0, 0, 0, 0, 0, 0, 0, 0, 0, 0, 0, 0, 0, 0, 0, 0, 0, 0, 0, 0, 0, 0, 0, 0, 0, 0, 0, 0, 0, 0, 0, 0, 0, 0, 0, 0, 0, 0, 0, 0, 0, 0, 0, 0, 0, 0, 0, 0, 0, 0, 0, 0, 0, 0, 0, 0, 0, 0, 0, 0, 0, 0, 0, 0, 0, 0, 0, 0, 0, 0, 0, 0, 0, 0, 0, 0, 0, 0, 0, 0, 0, 0, 0, 0, 0, 0, 0, 0, 0, 0, 0, 0, 0, 0, 0, 0, 0, 0, 0, 0, 0, 0, 0, 0, 0, 0, 0, 0, 0, 0, 0, 0, 0, 0, 0, 0, 0, 0, 0, 0, 0, 0, 0, 0, 0, 0, 0, 0, 0, 0, 0]]
},
"sfx": {
    "inharmonicity": {
        "kurt": -0.69744515419,
        "max": 0.329385131598,
        "mean": 0.124169759452,
        "median": 0.120437182486,
        "min": 0,
        "skew": 0.393499404192,
        "var": 0.0067800488323
    },
    "oddtoevenharmonicenergyratio": {
        "kurt": 12.8190841675,
        "max": 8.50462913513,
        "mean": 1.08132600784,
        "median": 0.848748981953,
        "min": 0,
        "skew": 2.54567241669,
        "var": 1.01217091084
    },
    "pitch_after_max_to_before_max_energy_ratio": 0.307218194008,
    "pitch_centroid": 74.9428634644,
    "pitch_max_to_total": 0.520737349987,
    "pitch_min_to_total": 0.341013818979,
    "tristimulus": {
        "kurt": [6.37392902374, 1.38245439529, 2.04698991776],
        "max": [1, 0.66711461544, 1],
        "mean": [0.208659738302, 0.212790668011, 0.57854950428],
        "median": [0.161740094423, 0.196657553315, 0.62556540966],
        "min": [0, 0, 0],
        "skew": [2.56245231628, 0.901735007763, -1.41036975384],
        "var": [0.0514293536544, 0.0149724641815, 0.0428507626057],
        "cov": [[0.0516674518585, -0.0118300300092, -0.0398373752832], [-0.0118300300092, 0.0150417806581, -0.00321175181307], [-0.0398373752832, -0.00321175181307, 0.0430491454899]]
    }
},
"tonal": {
    "chords_changes_rate": 0.00917431153357,
    "chords_number_rate": 0.0183486230671,
    "chords_strength": {
        "kurt": 0.219898223877,
        "max": 0.487339287996,
        "mean": 0.436478406191,
        "median": 0.450079470873,
        "min": 0.346079975367,
        "skew": -1.1117875576,
        "var": 0.00118611380458
    },
    "key_strength": 0.475171208382,
    "tuning_diatonic_strength": 0.402951538563,
    "tuning_equal_tempered_deviation": 0.167689934373,
    "tuning_frequency": 439.238189697,
    "tuning_nontempered_energy_ratio": 0.803396046162,
    "hpcp": {
        "kurt": [2.85946512222, 2.08611869812, 4.08430671692, 2.53810214996, 2.14979457855, -0.0263805389404, -1.34427320957, -0.339263439178, 1.33009910583, 1.09301137924, 3.1952290535, 4.55275011063, 2.17748451233, 1.36796617508, 3.85551357269, 5.23445606232, 5.00780677795, 2.42333459854, 0.368779659271, 1.61675786972, 2.52894830704, 12.3365154266, 7.01366615295, 3.75880146027, 3.08052968979, 7.06289100647, 2.94010019302, 0.204190254211, 1.18330192566, 9.32331085205, 5.21757316589, 7.94322776794, 5.85183238983, -1.09324371815, -1.38921880722, 0.918565988541],
        "max": [1, 1, 1, 0.978982925415, 1, 1, 1, 1, 1, 1, 1, 1, 1, 1, 1, 1, 1, 1, 1, 1, 0.606565892696, 0.742980778217, 0.850322902203, 1, 0.9921220541, 0.976196944714, 0.956144809723, 1, 0.938616573811, 1, 0.870816469193, 1, 1, 1, 1, 1],
        "mean": [0.235537976027, 0.23094278574, 0.214170277119, 0.224829614162, 0.24363540113, 0.409520059824, 0.614931643009, 0.440301209688, 0.262040644884, 0.281885713339, 0.234549984336, 0.204237282276, 0.254690140486, 0.259448081255, 0.212605893612, 0.193355083466, 0.203311100602, 0.267267554998, 0.335495769978, 0.272023886442, 0.15347610414, 0.115021117032, 0.147230386734, 0.219480350614, 0.215824127197, 0.17489464581, 0.239547967911, 0.331750452518, 0.269266009331, 0.168954357505, 0.16559292376, 0.17386944592, 0.204141035676, 0.462199091911, 0.556941747665, 0.333008378744],
        "median": [0.147882372141, 0.137050941586, 0.150354534388, 0.166100084782, 0.147416859865, 0.375663816929, 0.622134327888, 0.423225343227, 0.141364201903, 0.162068709731, 0.152578487992, 0.133321806788, 0.154390871525, 0.147585466504, 0.134846895933, 0.118270047009, 0.112167671323, 0.189635843039, 0.298283457756, 0.22504709661, 0.115205660462, 0.0859968662262, 0.107632562518, 0.143341526389, 0.13767875731, 0.125080257654, 0.198176324368, 0.272785425186, 0.216334834695, 0.122860074043, 0.11924918741, 0.122299224138, 0.145036518574, 0.438513427973, 0.516952633858, 0.300981283188],
