{
"metadata": {
    "version": {
        "essentia": "2.1-beta3"
    }
},
"lowLevel": {
    "average_loudness": 0.393464058638,
    "barkbands_kurtosis": {
        "kurt": 13.7458648682,
        "max": 16.0124473572,
        "mean": 0.153233721852,
        "median": -0.286406755447,
        "min": -1.81916832924,
        "skew": 2.80138254166,
        "var": 2.37252163887
    },
    "barkbands_skewness": {
        "kurt": 6.30325889587,
        "max": 3.61741733551,
        "mean": 0.964414000511,
        "median": 0.933010399342,
        "min": -3.07507348061,
        "skew": -0.737512171268,
        "var": 0.337230890989
    },
    "barkbands_spread": {
        "kurt": -0.0411584377289,
        "max": 40.866569519,
        "mean": 24.1830043793,
        "median": 24.4916133881,
        "min": 6.25935649872,
        "skew": -0.259108424187,
        "var": 28.0474338531
    },
    "dissonance": {
        "kurt": 4.21288585663,
        "max": 0.500000059605,
        "mean": 0.47573146224,
        "median": 0.479205787182,
        "min": 0.32338783145,
        "skew": -1.4036206007,
        "var": 0.000290034688078
    },
    "hfc": {
        "kurt": 148.191040039,
        "max": 0.0592576488853,
        "mean": 0.00143870722968,
        "median": 0.00093210459454,
        "min": 1.16935452702e-16,
        "skew": 10.2939224243,
        "var": 7.61769615565e-06
    },
    "pitch": {
        "kurt": 27.2961349487,
        "max": 4305.79296875,
        "mean": 378.614532471,
        "median": 277.316772461,
        "min": 58.8068962097,
        "skew": 5.25625371933,
        "var": 327883.125
    },
    "pitch_instantaneous_confidence": {
        "kurt": 5.19260406494,
        "max": 0.939828336239,
        "mean": 0.275013357401,
        "median": 0.246319651604,
        "min": 0.110372006893,
        "skew": 1.87653756142,
        "var": 0.0118519943208
    },
    "pitch_salience": {
        "kurt": 2.15988826752,
        "max": 0.868609428406,
        "mean": 0.721812844276,
        "median": 0.735243618488,
        "min": 0.294476479292,
        "skew": -1.20773851871,
        "var": 0.00517423404381
    },
    "silence_rate_20dB": {
        "kurt": 0,
        "max": 1,
        "mean": 1,
        "median": 1,
        "min": 1,
        "skew": 0,
        "var": 0
    },
    "silence_rate_30dB": {
        "kurt": 0,
        "max": 1,
        "mean": 1,
        "median": 1,
        "min": 1,
        "skew": 0,
        "var": 0
    },
    "silence_rate_60dB": {
        "kurt": 0,
        "max": 1,
        "mean": 1,
        "median": 1,
        "min": 1,
        "skew": 0,
        "var": 0
    },
    "spectral_centroid": {
        "kurt": 236.767364502,
        "max": 11085.4072266,
        "mean": 1181.67956543,
        "median": 1154.75537109,
        "min": 447.282836914,
        "skew": 9.51159954071,
        "var": 133781.890625
    },
    "spectral_complexity": {
        "kurt": 0,
        "max": 0,
        "mean": 0,
        "median": 0,
        "min": 0,
        "skew": 0,
        "var": 0
    },
    "spectral_crest": {
        "kurt": 2.79676771164,
        "max": 23.3691082001,
        "mean": 7.04626083374,
        "median": 6.38775014877,
        "min": 2.40553450584,
        "skew": 1.39723336697,
        "var": 8.20943927765
    },
    "spectral_decrease": {
        "kurt": 0,
        "max": -4.31383631565e-29,
        "mean": -2.76615021036e-13,
        "median": -1.96320322737e-13,
        "min": -4.80311580439e-12,
        "skew": -6.4704875946,
        "var": 1.06240717553e-25
    },
    "spectral_energy": {
        "kurt": 65.9866333008,
        "max": 2.35028928728e-05,
        "mean": 1.17450269954e-06,
        "median": 8.30621274872e-07,
        "min": 1.07692130288e-20,
        "skew": 6.92350721359,
        "var": 2.11512426497e-12
    },
    "spectral_energyband_high": {
        "kurt": 208.275360107,
        "max": 1.3700459931e-06,
        "mean": 4.34387459336e-08,
        "median": 3.46827988551e-08,
        "min": 7.68445134507e-21,
        "skew": 13.2082357407,
        "var": 4.45591719244e-15
    },
    "spectral_energyband_low": {
        "kurt": 32.1556930542,
        "max": 1.93332141407e-07,
        "mean": 1.5932002384e-08,
        "median": 1.29986297281e-08,
        "min": 1.32795267063e-22,
        "skew": 3.74788498878,
        "var": 1.60904033022e-16
    },
    "spectral_energyband_middle_high": {
        "kurt": 133.413391113,
        "max": 1.96500732272e-05,
        "mean": 4.20285459768e-07,
        "median": 2.48888738952e-07,
        "min": 1.79988685178e-21,
        "skew": 9.84050273895,
        "var": 8.69459886033e-13
    },
    "spectral_energyband_middle_low": {
        "kurt": 42.6248130798,
        "max": 9.80700406217e-06,
        "mean": 7.10152221473e-07,
        "median": 5.09190101639e-07,
        "min": 3.66426723512e-22,
        "skew": 5.19244003296,
        "var": 5.16518251781e-13
    },
    "spectral_flatness_db": {
        "kurt": 2.80419588089,
        "max": 0.266874402761,
        "mean": 0.116265550256,
        "median": 0.111504808068,
        "min": 0.0644302740693,
        "skew": 1.26685452461,
        "var": 0.000575831509195
    },
    "spectral_flux": {
        "kurt": 21.791475296,
        "max": 0.00323853152804,
        "mean": 0.000621520273853,
        "median": 0.000564133864827,
        "min": 1.03774822069e-10,
        "skew": 3.65101337433,
        "var": 6.70329001196e-08
    },
    "spectral_kurtosis": {
        "kurt": 5.8464679718,
        "max": 11.6020870209,
        "mean": 4.71799993515,
        "median": 4.57286024094,
        "min": -1.21455180645,
        "skew": 1.56265795231,
        "var": 1.00860834122
    },
    "spectral_rms": {
        "kurt": 17.5296173096,
        "max": 0.000151425396325,
        "mean": 3.13565687975e-05,
        "median": 2.84668622044e-05,
        "min": 3.241380905e-12,
        "skew": 3.2954428196,
        "var": 1.62619889776e-10
    },
    "spectral_rolloff": {
        "kurt": 53.3799705505,
        "max": 18712.3535156,
        "mean": 2434.64672852,
        "median": 2583.984375,
        "min": 452.197265625,
        "skew": 2.52946996689,
        "var": 750387.375
    },
    "spectral_skewness": {
        "kurt": 10.1013793945,
        "max": 2.52767133713,
        "mean": 1.83539676666,
        "median": 1.8284932375,
        "min": -0.021671526134,
        "skew": -0.687079429626,
        "var": 0.025464721024
    },
    "spectral_spread": {
        "kurt": 497.36227417,
        "max": 41114112,
        "mean": 6374698.5,
        "median": 6438921.5,
        "min": 3141202,
        "skew": 14.8551330566,
        "var": 1.13137313382e+12
    },
    "spectral_strongpeak": {
        "kurt": 120.115959167,
        "max": 0.259150385857,
        "mean": 0.00693811895326,
        "median": 0.00406354665756,
        "min": 4.37584590784e-09,
        "skew": 9.80385971069,
        "var": 0.000243593181949
    },
    "zerocrossingrate": {
        "kurt": 204.967391968,
        "max": 0.51025390625,
        "mean": 0.0751426517963,
        "median": 0.07421875,
        "min": 0.0283203125,
        "skew": 9.53608703613,
        "var": 0.000333538075211
    },
    "barkbands": {
        "kurt": [16.2591876984, 4.34934186935, 49.3829727173, 24.9949951172, 14.4970932007, 85.0640182495, 59.5116996765, 142.976165771, 24.0486431122, 73.7303695679, 96.8773269653, 235.868728638, 161.969161987, 366.526397705, 211.48324585, 253.964233398, 493.556274414, 302.74597168, 436.11026001, 200.352584839, 247.617004395, 284.987518311, 811.862060547, 117.711685181, 18.3476314545, 5.25, 0],
        "max": [2.76771439101e-10, 1.89742266343e-08, 1.19369474305e-07, 1.73394226977e-07, 1.85170608802e-06, 4.87175520902e-06, 2.63347419605e-06, 7.68582049204e-06, 1.31773970224e-06, 1.23694292142e-06, 8.79924868968e-07, 1.66340078067e-06, 1.04419700619e-06, 5.0768676374e-06, 2.07808807318e-06, 1.60285424045e-06, 3.48954154106e-06, 1.06108873297e-05, 6.03173339186e-06, 1.83214024219e-06, 6.36700178802e-07, 3.56931394663e-07, 7.34245801937e-08, 6.39010000469e-09, 2.23889795592e-09, 1.08154575573e-10, 4.57567924522e-12],
        "mean": [2.10355344255e-11, 2.90446022788e-09, 7.1993184747e-09, 1.30623849515e-08, 1.55339762387e-07, 1.58121309823e-07, 1.14511131244e-07, 1.55697307491e-07, 9.63761834782e-08, 5.10726252401e-08, 3.33765513005e-08, 3.5583358482e-08, 2.47829134992e-08, 3.74113966473e-08, 2.66439030838e-08, 2.44308555608e-08, 3.18994075599e-08, 7.1821084191e-08, 6.66813164685e-08, 3.91047549897e-08, 1.68915743615e-08, 7.99724020339e-09, 1.82484172218e-09, 1.0377169124e-09, 6.64742816348e-10, 4.4253167103e-11, 2.72985323582e-12],
        "median": [1.13937036889e-11, 2.23922036469e-09, 5.36178079713e-09, 8.78280026484e-09, 9.90849002847e-08, 8.88272140287e-08, 7.28147995233e-08, 6.81614977793e-08, 6.58020837818e-08, 3.31560485733e-08, 2.25709548829e-08, 2.19545288616e-08, 1.58562105668e-08, 1.49770151836e-08, 1.36896787239e-08, 1.44634455523e-08, 1.69354752444e-08, 2.53033238806e-08, 3.70028239161e-08, 2.49689477982e-08, 1.39728610904e-08, 6.42980602095e-09, 1.68866975958e-09, 1.02887587339e-09, 6.62468357948e-10, 4.39614109005e-11, 2.72374961127e-12],
        "min": [7.33597254506e-24, 2.09764883125e-23, 8.54504103737e-23, 2.47259394618e-23, 5.24681106829e-23, 7.45834979946e-23, 3.49487973989e-23, 4.4994515042e-23, 7.60063064559e-23, 1.56287620551e-22, 1.11126305604e-22, 7.49921468762e-23, 1.45819966453e-22, 1.53027719125e-22, 3.25357993698e-22, 9.60321968672e-23, 1.27238922122e-22, 2.79269962824e-22, 2.28852890495e-22, 2.59900234292e-22, 3.52983094805e-22, 4.06665521167e-22, 6.55517865767e-22, 8.11305146556e-22, 1.24750670549e-21, 1.81873994584e-21, 2.48587787158e-21],
        "skew": [3.41623497009, 1.73679375648, 4.82616233826, 3.76142311096, 3.11461186409, 6.93902635574, 5.85897827148, 10.1627235413, 4.03102016449, 6.85532999039, 7.90814447403, 13.2197065353, 11.4332761765, 16.5039577484, 12.7430772781, 13.8413476944, 19.2006702423, 15.533862114, 18.8553562164, 12.5593099594, 14.6352148056, 15.7456092834, 25.2705135345, 6.01659822464, 0.818849503994, -0.652205824852, -1.50462460518],
        "var": [8.51424214058e-22, 5.80438715606e-18, 5.20998550764e-17, 2.09185347767e-16, 3.04295061642e-14, 5.87941154095e-14, 2.38470589711e-14, 1.50521047991e-13, 1.1404918317e-14, 5.16280006824e-15, 2.14670674899e-15, 5.58611071286e-15, 2.86125273187e-15, 3.13805784743e-14, 7.71393497988e-15, 4.24192067106e-15, 1.24339218934e-14, 1.5956586909e-13, 5.08097524558e-14, 8.10094518051e-15, 7.61430474116e-16, 2.45086124552e-16, 3.89470174564e-18, 6.16409887219e-20, 1.8452247504e-20, 7.05230478997e-23, 2.05506659783e-25],
        "cov": [[8.51797717609e-22, 4.7499190699e-21, 3.09356340248e-21, 1.82963869664e-20, 1.95139816416e-19, 2.70548987327e-19, 1.93660261719e-19, 5.77518310509e-20, -2.22564511411e-20, 8.46283767189e-20, 5.58568701275e-20, 2.49209436814e-20, 2.89981088428e-20, -9.64825970642e-21, 3.23929016975e-21, -2.42281625508e-22, -1.14152095833e-20, 3.34419105015e-20, 8.22529337195e-20, 3.37593184433e-20, 2.76020347639e-20, 1.25450106687e-20, 1.2042621837e-21, 4.39504626827e-22, 2.64664121123e-22, 3.86462996911e-24, 4.84704489857e-25], [4.7499190699e-21, 5.80693280439e-18, 5.46782018611e-18, 1.74668326686e-18, 2.25617383279e-17, 3.78927592221e-18, 2.13364274147e-17, 1.42405098151e-17, 2.67393867146e-18, 7.34034864342e-18, 3.18797413991e-18, 2.84489498379e-18, 4.45022797322e-18, -9.92784239138e-19, 3.38552761765e-18, 5.76328496501e-18, -6.80441915172e-18, -4.36458243706e-17, 2.85508791689e-18, 1.28590695953e-18, 7.0694515423e-19, 1.70452753206e-19, 5.44559234379e-20, 3.39037810137e-20, 1.43430694836e-20, 1.55300655847e-21, 8.78312430728e-23], [3.09356340248e-21, 5.46782018611e-18, 5.21227051136e-17, 3.0895301758e-17, 6.18223275468e-17, 1.31919015553e-16, 3.98179402069e-17, -4.06728247525e-17, 4.9788996995e-17, 2.68948826077e-17, 9.32074227978e-18, 7.68090469187e-18, 2.42611473956e-18, -1.6669828432e-17, -6.3658033232e-18, -6.90686174828e-18, -9.79744398525e-18, -2.59115319499e-17, -9.92026458979e-18, 9.60308507903e-19, 3.20790278202e-18, -2.17172082224e-19, -2.90832825965e-20, 8.5172680949e-20, 4.16286462709e-20, 2.84314133828e-21, 2.48732664934e-22], [1.82963869664e-20, 1.74668326686e-18, 3.0895301758e-17, 2.09277105257e-16, 7.00664171661e-16, 5.04497693824e-16, 2.43050439682e-16, 4.73687346824e-16, 1.51505408378e-16, 5.55495257942e-17, 4.84753018334e-17, 8.23392191522e-17, 5.86509964876e-17, 1.98831071435e-16, 9.75101681901e-17, 6.8384675601e-17, 2.97546924852e-17, 1.49862415924e-16, 1.84323885208e-16, 1.23669669035e-16, 2.92172335365e-17, 1.02924636054e-17, 9.57230775639e-19, 1.46270386492e-19, 8.7545855664e-20, 5.10147406141e-21, 4.14310328024e-22], [1.95139816416e-19, 2.25617383279e-17, 6.18223275468e-17, 7.00664171661e-16, 3.04428554034e-14, 1.17727195044e-14, 6.05703816164e-15, 1.11764930129e-14, 3.12175729128e-15, 1.04462762852e-15, 9.04003536254e-16, 8.89677985654e-16, 6.9746603995e-16, 3.12255201994e-15, 1.46304877545e-15, 8.94302997304e-16, 1.02984880941e-15, 3.318177879e-15, 2.3960188268e-15, 1.58773160177e-15, 9.92850264694e-17, 9.1500211349e-17, 1.47794775412e-17, 2.82583405414e-18, 1.37359234376e-18, 4.25132319255e-20, 2.5836301828e-21], [2.70548987327e-19, 3.78927592221e-18, 1.31919015553e-16, 5.04497693824e-16, 1.17727195044e-14, 5.88198990925e-14, 7.12275934577e-15, 2.19095354787e-14, 9.08348391757e-15, 2.40289398147e-15, 2.0576325525e-15, 2.70757236788e-15, 2.660367857e-15, 9.37747888916e-15, 5.37625745314e-15, 3.14224553597e-15, 2.69455982422e-15, 4.44973300489e-15, 8.07525382419e-15, 4.75641271839e-15, 6.77131002348e-16, 4.76921000979e-16, 4.31241645717e-17, 6.07360838926e-18, 2.75820335367e-18, 4.23664622967e-20, 7.34438964043e-21], [1.93660261719e-19, 2.13364274147e-17, 3.98179402069e-17, 2.43050439682e-16, 6.05703816164e-15, 7.12275934577e-15, 2.38575181339e-14, 2.30726675694e-14, 3.44356120157e-15, 2.26831039879e-15, 1.44560963762e-15, 2.69240963109e-15, 2.2813333186e-15, 9.09739643372e-15, 5.33772168921e-15, 3.37521983053e-15, 2.11206204266e-15, 2.65309544387e-15, 6.40825359696e-15, 2.90772434749e-15, 3.58904932759e-16, 3.36703484528e-16, 3.73217572724e-17, 5.06046351293e-18, 2.78343194876e-18, 6.78606114465e-20, 6.36002774783e-21], [5.77518310509e-20, 1.42405098151e-17, -4.06728247525e-17, 4.73687346824e-16, 1.11764930129e-14, 2.19095354787e-14, 2.30726675694e-14, 1.50587075903e-13, 1.71111632892e-14, 4.99616539411e-15, 4.93127504705e-15, 1.03820260833e-14, 7.78535679799e-15, 4.0506691019e-14, 2.30311460143e-14, 1.65133968918e-14, 1.01387988784e-14, 2.08135951237e-14, 2.47627642675e-14, 1.28809460724e-14, 1.15038106841e-15, 1.16027017807e-15, 1.03173999576e-16, 1.38427203129e-17, 8.21351139904e-18, 1.39096791876e-19, 9.83904843003e-21], [-2.22564511411e-20, 2.67393867146e-18, 4.9788996995e-17, 1.51505408378e-16, 3.12175729128e-15, 9.08348391757e-15, 3.44356120157e-15, 1.71111632892e-14, 1.14099208936e-14, 1.50052860694e-15, 1.66017663568e-15, 2.94262104612e-15, 2.2032635624e-15, 6.7703085129e-15, 4.16884798573e-15, 3.09203236406e-15, 2.64729030357e-15, 2.76734494186e-15, 6.66064442777e-15, 3.38869591296e-15, 4.17822559337e-16, 3.65420707236e-16, 4.49307005597e-17, 4.87255661549e-18, 2.49260082886e-18, 6.65078609522e-20, 4.13877234551e-21], [8.46283767189e-20, 7.34034864342e-18, 2.68948826077e-17, 5.55495257942e-17, 1.04462762852e-15, 2.40289398147e-15, 2.26831039879e-15, 4.99616539411e-15, 1.50052860694e-15, 5.16506461082e-15, 9.18505799102e-16, 1.44023531945e-15, 1.34807792303e-15, 2.00899401485e-15, 1.12711550857e-15, 1.13923834999e-15, 1.3681306869e-15, 3.06519518392e-15, 4.42732390124e-15, 1.96422197084e-15, 3.57727530493e-16, 2.72131965967e-16, 3.16008868205e-17, 3.34441860237e-18, 1.96452603747e-18, 4.31075062657e-20, 2.50998021018e-21], [5.58568701275e-20, 3.18797413991e-18, 9.32074227978e-18, 4.84753018334e-17, 9.04003536254e-16, 2.0576325525e-15, 1.44560963762e-15, 4.93127504705e-15, 1.66017663568e-15, 9.18505799102e-16, 2.14764843787e-15, 1.72289391971e-15, 1.36739302708e-15, 3.14773960342e-15, 1.73085264129e-15, 1.42088336946e-15, 1.35176929261e-15, 1.73185531654e-15, 4.83560648731e-15, 2.0450299728e-15, 3.05829636526e-16, 2.74197085232e-16, 3.153759096e-17, 3.20533231827e-18, 1.32467184836e-18, 2.78875057793e-20, 1.84543934076e-21], [2.49209436814e-20, 2.84489498379e-18, 7.68090469187e-18, 8.23392191522e-17, 8.89677985654e-16, 2.70757236788e-15, 2.69240963109e-15, 1.03820260833e-14, 2.94262104612e-15, 1.44023531945e-15, 1.72289391971e-15, 5.58856075566e-15, 3.14487747909e-15, 4.81816014969e-15, 3.05006442263e-15, 3.64247248967e-15, 4.4049872189e-15, 5.22607554698e-15, 1.31971206017e-14, 4.38329597567e-15, 9.47707154079e-16, 7.93836578249e-16, 1.06543403996e-16, 9.56409716163e-18, 3.30149433922e-18, 6.31348445964e-20, 2.8591552399e-21], [2.89981088428e-20, 4.45022797322e-18, 2.42611473956e-18, 5.86509964876e-17, 6.9746603995e-16, 2.660367857e-15, 2.2813333186e-15, 7.78535679799e-15, 2.2032635624e-15, 1.34807792303e-15, 1.36739302708e-15, 3.14487747909e-15, 2.86250782294e-15, 4.14750699063e-15, 2.5299487118e-15, 2.55874550267e-15, 3.07792714791e-15, 4.09345443013e-15, 9.52155495833e-15, 3.42833409028e-15, 6.7718124199e-16, 5.77845929556e-16, 7.8889075287e-17, 6.88735476148e-18, 2.77338046355e-18, 5.54036850117e-20, 2.11658757036e-21], [-9.64825970642e-21, -9.92784239138e-19, -1.6669828432e-17, 1.98831071435e-16, 3.12255201994e-15, 9.37747888916e-15, 9.09739643372e-15, 4.0506691019e-14, 6.7703085129e-15, 2.00899401485e-15, 3.14773960342e-15, 4.81816014969e-15, 4.14750699063e-15, 3.13943410656e-14, 1.13910574698e-14, 6.63896334893e-15, 5.62475997921e-15, 7.85656601083e-15, 1.26709945569e-14, 5.9810444832e-15, 7.26283371365e-16, 6.77854474364e-16, 8.25199283375e-17, 7.50464408386e-18, 3.92308727554e-18, 2.61590666529e-20, 5.05395398925e-21], [3.23929016975e-21, 3.38552761765e-18, -6.3658033232e-18, 9.75101681901e-17, 1.46304877545e-15, 5.37625745314e-15, 5.33772168921e-15, 2.30311460143e-14, 4.16884798573e-15, 1.12711550857e-15, 1.73085264129e-15, 3.05006442263e-15, 2.5299487118e-15, 1.13910574698e-14, 7.71731802947e-15, 3.99554758582e-15, 3.14651119389e-15, 4.44016068555e-15, 7.41436653149e-15, 3.75724333644e-15, 5.05865228517e-16, 4.33036779847e-16, 4.61404522056e-17, 4.58516346501e-18, 2.40408195676e-18, 2.71679361946e-20, 2.5784195104e-21], [-2.42281625508e-22, 5.76328496501e-18, -6.90686174828e-18, 6.8384675601e-17, 8.94302997304e-16, 3.14224553597e-15, 3.37521983053e-15, 1.65133968918e-14, 3.09203236406e-15, 1.13923834999e-15, 1.42088336946e-15, 3.64247248967e-15, 2.55874550267e-15, 6.63896334893e-15, 3.99554758582e-15, 4.24378117893e-15, 4.21903638192e-15, 5.11787174665e-15, 1.0600851963e-14, 4.15017641496e-15, 7.472173142e-16, 6.2354828044e-16, 8.514050931e-17, 7.470616355e-18, 2.91589086179e-18, 5.39869798852e-20, 2.19155485234e-21], [-1.14152095833e-20, -6.80441915172e-18, -9.79744398525e-18, 2.97546924852e-17, 1.02984880941e-15, 2.69455982422e-15, 2.11206204266e-15, 1.01387988784e-14, 2.64729030357e-15, 1.3681306869e-15, 1.35176929261e-15, 4.4049872189e-15, 3.07792714791e-15, 5.62475997921e-15, 3.14651119389e-15, 4.21903638192e-15, 1.24393759385e-14, 2.68952798265e-14, 1.66578515847e-14, 5.53825038672e-15, 1.03600790361e-15, 9.20168101261e-16, 1.48138703876e-16, 1.21690981873e-17, 4.57153152851e-18, 7.66068315027e-20, 2.84579958496e-21], [3.34419105015e-20, -4.36458243706e-17, -2.59115319499e-17, 1.49862415924e-16, 3.318177879e-15, 4.44973300489e-15, 2.65309544387e-15, 2.08135951237e-14, 2.76734494186e-15, 3.06519518392e-15, 1.73185531654e-15, 5.22607554698e-15, 4.09345443013e-15, 7.85656601083e-15, 4.44016068555e-15, 5.11787174665e-15, 2.68952798265e-14, 1.5963585434e-13, 2.75090466763e-14, 7.3792307578e-15, 1.43195864288e-15, 1.13166534605e-15, 1.64737915899e-16, 1.27585901052e-17, 6.27600500949e-18, 6.6300025361e-20, 6.95689187416e-21], [8.22529337195e-20, 2.85508791689e-18, -9.92026458979e-18, 1.84323885208e-16, 2.3960188268e-15, 8.07525382419e-15, 6.40825359696e-15, 2.47627642675e-14, 6.66064442777e-15, 4.42732390124e-15, 4.83560648731e-15, 1.31971206017e-14, 9.52155495833e-15, 1.26709945569e-14, 7.41436653149e-15, 1.0600851963e-14, 1.66578515847e-14, 2.75090466763e-14, 5.08320395867e-14, 1.7077942657e-14, 4.04094643421e-15, 3.11349257906e-15, 3.85506796561e-16, 3.47419529954e-17, 1.27960059658e-17, 2.06505239258e-19, 8.82578610698e-21], [3.37593184433e-20, 1.28590695953e-18, 9.60308507903e-19, 1.23669669035e-16, 1.58773160177e-15, 4.75641271839e-15, 2.90772434749e-15, 1.28809460724e-14, 3.38869591296e-15, 1.96422197084e-15, 2.0450299728e-15, 4.38329597567e-15, 3.42833409028e-15, 5.9810444832e-15, 3.75724333644e-15, 4.15017641496e-15, 5.53825038672e-15, 7.3792307578e-15, 1.7077942657e-14, 8.10449763669e-15, 1.66556048298e-15, 1.17176515632e-15, 1.32867507165e-16, 1.22909385828e-17, 5.09162506097e-18, 7.95137057339e-20, 4.25698970286e-21], [2.76020347639e-20, 7.0694515423e-19, 3.20790278202e-18, 2.92172335365e-17, 9.92850264694e-17, 6.77131002348e-16, 3.58904932759e-16, 1.15038106841e-15, 4.17822559337e-16, 3.57727530493e-16, 3.05829636526e-16, 9.47707154079e-16, 6.7718124199e-16, 7.26283371365e-16, 5.05865228517e-16, 7.472173142e-16, 1.03600790361e-15, 1.43195864288e-15, 4.04094643421e-15, 1.66556048298e-15, 7.61764416855e-16, 3.76691512921e-16, 3.35349111932e-17, 3.34856153646e-18, 1.22663915845e-18, 2.32691108502e-20, 1.25164846505e-21], [1.25450106687e-20, 1.70452753206e-19, -2.17172082224e-19, 1.02924636054e-17, 9.1500211349e-17, 4.76921000979e-16, 3.36703484528e-16, 1.16027017807e-15, 3.65420707236e-16, 2.72131965967e-16, 2.74197085232e-16, 7.93836578249e-16, 5.77845929556e-16, 6.77854474364e-16, 4.33036779847e-16, 6.2354828044e-16, 9.20168101261e-16, 1.13166534605e-15, 3.11349257906e-15, 1.17176515632e-15, 3.76691512921e-16, 2.45193618327e-16, 2.53757339799e-17, 2.44375126419e-18, 8.98134097546e-19, 1.44814267502e-20, 6.91903109455e-22], [1.2042621837e-21, 5.44559234379e-20, -2.90832825965e-20, 9.57230775639e-19, 1.47794775412e-17, 4.31241645717e-17, 3.73217572724e-17, 1.03173999576e-16, 4.49307005597e-17, 3.16008868205e-17, 3.153759096e-17, 1.06543403996e-16, 7.8889075287e-17, 8.25199283375e-17, 4.61404522056e-17, 8.514050931e-17, 1.48138703876e-16, 1.64737915899e-16, 3.85506796561e-16, 1.32867507165e-16, 3.35349111932e-17, 2.53757339799e-17, 3.8964098736e-18, 3.20509688199e-19, 1.16991436906e-19, 2.87843888793e-21, 1.0827449139e-22], [4.39504626827e-22, 3.39037810137e-20, 8.5172680949e-20, 1.46270386492e-19, 2.82583405414e-18, 6.07360838926e-18, 5.06046351293e-18, 1.38427203129e-17, 4.87255661549e-18, 3.34441860237e-18, 3.20533231827e-18, 9.56409716163e-18, 6.88735476148e-18, 7.50464408386e-18, 4.58516346501e-18, 7.470616355e-18, 1.21690981873e-17, 1.27585901052e-17, 3.47419529954e-17, 1.22909385828e-17, 3.34856153646e-18, 2.44375126419e-18, 3.20509688199e-19, 6.16680207258e-20, 1.66374746324e-20, 5.68675513482e-22, 3.41575667555e-23], [2.64664121123e-22, 1.43430694836e-20, 4.16286462709e-20, 8.7545855664e-20, 1.37359234376e-18, 2.75820335367e-18, 2.78343194876e-18, 8.21351139904e-18, 2.49260082886e-18, 1.96452603747e-18, 1.32467184836e-18, 3.30149433922e-18, 2.77338046355e-18, 3.92308727554e-18, 2.40408195676e-18, 2.91589086179e-18, 4.57153152851e-18, 6.27600500949e-18, 1.27960059658e-17, 5.09162506097e-18, 1.22663915845e-18, 8.98134097546e-19, 1.16991436906e-19, 1.66374746324e-20, 1.84603399799e-20, 3.67320193684e-22, 1.93242191465e-23], [3.86462996911e-24, 1.55300655847e-21, 2.84314133828e-21, 5.10147406141e-21, 4.25132319255e-20, 4.23664622967e-20, 6.78606114465e-20, 1.39096791876e-19, 6.65078609522e-20, 4.31075062657e-20, 2.78875057793e-20, 6.31348445964e-20, 5.54036850117e-20, 2.61590666529e-20, 2.71679361946e-20, 5.39869798852e-20, 7.66068315027e-20, 6.6300025361e-20, 2.06505239258e-19, 7.95137057339e-20, 2.32691108502e-20, 1.44814267502e-20, 2.87843888793e-21, 5.68675513482e-22, 3.67320193684e-22, 7.05539775581e-23, 1.26027106737e-24], [4.84704489857e-25, 8.78312430728e-23, 2.48732664934e-22, 4.14310328024e-22, 2.5836301828e-21, 7.34438964043e-21, 6.36002774783e-21, 9.83904843003e-21, 4.13877234551e-21, 2.50998021018e-21, 1.84543934076e-21, 2.8591552399e-21, 2.11658757036e-21, 5.05395398925e-21, 2.5784195104e-21, 2.19155485234e-21, 2.84579958496e-21, 6.95689187416e-21, 8.82578610698e-21, 4.25698970286e-21, 1.25164846505e-21, 6.91903109455e-22, 1.0827449139e-22, 3.41575667555e-23, 1.93242191465e-23, 1.26027106737e-24, 2.05596787142e-25]]
    },
    "mfcc": {
        "kurt": [9.71704673767, 1.320271492, 12.7904205322, 2.3243021965, 1.07896184921, 3.59699106216, 0.857641458511, 3.23367261887, 0.341223239899, 1.06774234772, 0.566681623459, 0.114847898483, 0.51788520813],
        "max": [-965.614990234, 80.4297866821, 44.3155860901, 34.7218971252, 16.1568450928, 3.78533172607, 9.1375617981, 23.6209812164, 7.7823677063, 18.9873218536, 17.3730278015, 15.0659713745, 11.2550048828],
        "mean": [-1093.2208252, 43.0832824707, 11.9524936676, -2.46159744263, -13.5619211197, -18.6485290527, -11.9192771912, -8.68152713776, -9.46432113647, -5.47952795029, -3.70262622833, -5.49809741974, -3.92423534393],
        "median": [-1095.82019043, 42.7064628601, 13.8200073242, -2.5763053894, -13.5570793152, -17.6088180542, -11.7070236206, -8.56460571289, -9.26290130615, -5.50084686279, -3.81075668335, -5.51438140869, -4.00996398926],
        "min": [-1138.42004395, 1.14440917969e-05, -79.6123504639, -26.3479690552, -33.409450531, -62.8432884216, -40.8424758911, -34.9649047852, -30.2962284088, -28.0540084839, -18.4458293915, -22.8944168091, -24.8006706238],
        "skew": [2.1979265213, -0.0715929344296, -2.8024353981, 0.456861019135, 0.209470167756, -1.14953255653, -0.279194772243, 0.419092446566, -0.292695045471, 0.112127736211, 0.29692876339, -0.112159080803, -0.0114045040682],
        "var": [287.554626465, 96.3173522949, 118.256645203, 44.3954772949, 30.7669944763, 55.4244651794, 33.9053268433, 32.7318687439, 28.7630519867, 25.9398574829, 24.1945705414, 22.0997104645, 20.1367378235],
        "cov": [[287.680755615, 127.124916077, -119.799766541, -9.72267532349, -11.9572906494, -73.2200775146, -20.3693370819, -23.3990516663, -47.302444458, 2.92118644714, 11.149980545, -23.1650886536, -5.50953674316], [127.124916077, 96.3595962524, -6.61353206635, -12.4600372314, -17.4872360229, -33.9893112183, -20.9907836914, -21.8185863495, -24.8974781036, -4.57670211792, -4.68641519547, -15.9822778702, -8.10600757599], [-119.799766541, -6.61353206635, 118.308509827, 16.3354969025, -7.82985019684, 22.0151042938, -8.17656707764, -6.7072467804, 11.8010883331, -12.4021120071, -20.1217327118, -0.653759717941, -7.76727724075], [-9.72267532349, -12.4600372314, 16.3354969025, 44.4149513245, 19.1046066284, -10.6620435715, -6.59297370911, -0.0455174222589, -6.66552114487, -8.68208789825, -2.63384413719, -3.50287914276, -6.82678174973], [-11.9572906494, -17.4872360229, -7.82985019684, 19.1046066284, 30.7804889679, 12.4649734497, 0.716118872166, 1.3300755024, -4.1225104332, -5.02082920074, 1.46853077412, 1.09609484673, -2.72512197495], [-73.2200775146, -33.9893112183, 22.0151042938, -10.6620435715, 12.4649734497, 55.4487724304, 25.7950496674, 1.86130738258, 10.8744745255, -1.58616554737, -10.6092729568, 2.44812226295, 3.08396434784], [-20.3693370819, -20.9907836914, -8.17656707764, -6.59297370911, 0.716118872166, 25.7950496674, 33.9202003479, 18.6558761597, 6.11007404327, -1.81208348274, -6.52287387848, -3.26159262657, 1.02137887478], [-23.3990516663, -21.8185863495, -6.7072467804, -0.0455174222589, 1.3300755024, 1.86130738258, 18.6558761597, 32.7462234497, 16.0874423981, -1.69388186932, 0.657060623169, 0.796533226967, -3.35548043251], [-47.302444458, -24.8974781036, 11.8010883331, -6.66552114487, -4.1225104332, 10.8744745255, 6.11007404327, 16.0874423981, 28.7756690979, 14.0704174042, 1.78702378273, 3.20477128029, -0.989644825459], [2.92118644714, -4.57670211792, -12.4021120071, -8.68208789825, -5.02082920074, -1.58616554737, -1.81208348274, -1.69388186932, 14.0704174042, 25.9512348175, 14.3676795959, 2.34297370911, 1.01430702209], [11.149980545, -4.68641519547, -20.1217327118, -2.63384413719, 1.46853077412, -10.6092729568, -6.52287387848, 0.657060623169, 1.78702378273, 14.3676795959, 24.2051830292, 13.8426647186, 2.87504601479], [-23.1650886536, -15.9822778702, -0.653759717941, -3.50287914276, 1.09609484673, 2.44812226295, -3.26159262657, 0.796533226967, 3.20477128029, 2.34297370911, 13.8426647186, 22.1094017029, 12.9048652649], [-5.50953674316, -8.10600757599, -7.76727724075, -6.82678174973, -2.72512197495, 3.08396434784, 1.02137887478, -3.35548043251, -0.989644825459, 1.01430702209, 2.87504601479, 12.9048652649, 20.1455688477]]
    },
    "sccoeffs": {
        "kurt": [0.389867305756, 0.735781908035, 1.60460281372, 5.01558685303, 21.2403430939, 27.6406040192],
        "max": [-0.593708515167, -0.714548707008, -0.734602153301, -0.744656145573, -0.74373292923, -0.751213550568],
        "mean": [-0.765307784081, -0.86753487587, -0.883974432945, -0.89370071888, -0.888600885868, -0.860192775726],
        "median": [-0.768357157707, -0.870862543583, -0.886336028576, -0.894385397434, -0.890628278255, -0.861261129379],
        "min": [-0.963543236256, -0.961383223534, -0.958249032497, -0.954549908638, -0.959011733532, -0.95689278841],
        "skew": [0.382218956947, 0.632907569408, 0.808426439762, 1.06240129471, 3.37116360664, 3.2241063118],
        "var": [0.00192379998043, 0.00106094451621, 0.000612494535744, 0.00025956594618, 0.000271291355602, 0.000128054030938],
        "cov": [[0.00192464375868, 0.000202031209483, 5.93379736529e-05, 4.35927940998e-05, 7.88755933172e-05, 4.02461555495e-05], [0.000202031209483, 0.00106140982825, 9.20010497794e-05, 4.98424451507e-05, 7.13990011718e-05, 5.25754221599e-05], [5.93379736529e-05, 9.20010497794e-05, 0.000612763222307, 1.41819500641e-05, 3.59418481821e-05, 3.02173557429e-05], [4.35927940998e-05, 4.98424451507e-05, 1.41819500641e-05, 0.000259679800365, 5.12093720317e-05, 3.25973087456e-05], [7.88755933172e-05, 7.13990011718e-05, 3.59418481821e-05, 5.12093720317e-05, 0.000271410361165, 5.54873950023e-05], [4.02461555495e-05, 5.25754221599e-05, 3.02173557429e-05, 3.25973087456e-05, 5.54873950023e-05, 0.000128110201331]]
    },
    "scvalleys": {
        "kurt": [303.440551758, 431.254272461, 489.069732666, 411.667327881, 574.255981445, 933.419067383],
        "max": [-10.2514772415, -8.36553287506, -8.9106502533, -8.93266963959, -9.1207485199, -12.2737340927],
        "mean": [-11.4562768936, -9.85200786591, -10.4279747009, -11.0345201492, -11.2092294693, -13.3167095184],
        "median": [-11.4058961868, -9.85369205475, -10.4077711105, -11.040933609, -11.2283143997, -13.2949333191],
        "min": [-27.150270462, -27.287689209, -27.2710475922, -27.2796115875, -27.2536945343, -27.3556041718],
        "skew": [-11.3178825378, -14.3927631378, -16.1721611023, -14.0327043533, -17.9957046509, -26.901102066],
        "var": [0.297958999872, 0.309313863516, 0.273152112961, 0.278919637203, 0.228962182999, 0.138330742717],
        "cov": [[0.298089683056, 0.176133796573, 0.16860999167, 0.172029048204, 0.168885454535, 0.13929463923], [0.176133796573, 0.309449523687, 0.208876654506, 0.217257216573, 0.2039937675, 0.154096871614], [0.16860999167, 0.208876654506, 0.273271888494, 0.225161954761, 0.203545808792, 0.158816218376], [0.172029048204, 0.217257216573, 0.225161954761, 0.279041975737, 0.222103580832, 0.157685056329], [0.168885454535, 0.2039937675, 0.203545808792, 0.222103580832, 0.229062616825, 0.153985857964], [0.13929463923, 0.154096871614, 0.158816218376, 0.157685056329, 0.153985857964, 0.138391420245]]
    }
},
"rhythm": {
    "beats_loudness": {
        "kurt": 38.9425430298,
        "max": 2.02960509341e-05,
        "mean": 1.38990287724e-06,
        "median": 7.85989072938e-07,
        "min": 3.13112991535e-07,
        "skew": 5.93440675735,
        "var": 5.98819301437e-12
    },
    "bpm": 100.563919067,
    "confidence": 0.0755967646837,
    "first_peak_bpm": {
        "kurt": 0,
        "max": 99,
        "mean": 99,
        "median": 99,
        "min": 99,
        "skew": 0,
        "var": 0
    },
    "first_peak_spread": {
        "kurt": 0,
        "max": 0.5,
        "mean": 0.5,
        "median": 0.5,
        "min": 0.5,
        "skew": 0,
        "var": 0
    },
    "first_peak_weight": {
        "kurt": 0,
        "max": 0.178947359324,
        "mean": 0.178947359324,
        "median": 0.178947359324,
        "min": 0.178947359324,
        "skew": 0,
        "var": 0
    },
    "onset_rate": 0.151153191924,
    "second_peak_bpm": {
        "kurt": 0,
        "max": 110,
        "mean": 110,
        "median": 110,
        "min": 110,
        "skew": 0,
        "var": 0
    },
    "second_peak_spread": {
        "kurt": 0,
        "max": 0.545454502106,
        "mean": 0.545454502106,
        "median": 0.545454502106,
        "min": 0.545454502106,
        "skew": 0,
        "var": 0
    },
    "second_peak_weight": {
        "kurt": 0,
        "max": 0.105263158679,
        "mean": 0.105263158679,
        "median": 0.105263158679,
        "min": 0.105263158679,
        "skew": 0,
        "var": 0
    },
    "beats_loudness_band_ratio": {
        "kurt": [0.991256475449, 2.52528810501, 1.36273622513, 1.9497961998, 3.1991944313, 24.832742691],
        "max": [0.16974554956, 0.775412499905, 0.786398351192, 0.419600725174, 0.365164995193, 0.625441610813],
        "mean": [0.0485655814409, 0.257934600115, 0.349577635527, 0.143218353391, 0.125034764409, 0.120164163411],
        "median": [0.0401192680001, 0.231453746557, 0.3377571702, 0.126495674253, 0.117620557547, 0.105690434575],
        "min": [0.00232254248112, 0.0254379063845, 0.0678090751171, 0.0295293703675, 0.0297342017293, 0.0330368392169],
        "skew": [1.1331936121, 1.27725076675, 0.634895920753, 1.21463382244, 1.35251843929, 4.26248311996],
        "var": [0.00117465283256, 0.017906377092, 0.0158930048347, 0.00564866280183, 0.00337035604753, 0.0053103598766],
        "cov": [[0.00118701753672, 0.000466561090434, -0.000895039760508, 0.000329566275468, -0.0002858217631, -0.000186548480997], [0.000466561090434, 0.0180948656052, -0.00684597948566, -0.00403032125905, -0.0036489260383, -0.0036875938531], [-0.000895039760508, -0.00684597948566, 0.0160603001714, -0.00254521123134, -0.00195165106561, -0.00363466585986], [0.000329566275468, -0.00403032125905, -0.00254521123134, 0.00570812216029, 0.00045557555859, 0.000321707193507], [-0.0002858217631, -0.0036489260383, -0.00195165106561, 0.00045557555859, 0.00340583361685, 0.0016944167437], [-0.000186548480997, -0.0036875938531, -0.00363466585986, 0.000321707193507, 0.0016944167437, 0.00536625832319]]
    },
    "beats_position": [0.592108845711, 1.20743763447, 1.8111563921, 2.41487526894, 2.99537420273, 3.5758728981, 4.14476203918, 4.72526073456, 5.2941493988, 5.87464857101, 6.38548755646, 6.90793657303, 7.4303855896, 7.95283412933, 8.46367359161, 9.02095222473, 9.57823085785, 10.1355104446, 10.7276191711, 11.3313379288, 11.9350566864, 12.538775444, 13.1424942017, 13.7346029282, 14.3267116547, 14.9420404434, 15.5573692322, 16.1726989746, 16.7764167786, 17.3801364899, 17.995464325, 18.5991840363, 19.2029018402, 19.8066215515, 20.4219493866, 20.9560089111, 21.4900684357, 22.0241260529, 22.5349655151, 23.0574150085, 23.5798625946, 24.102312088, 24.6247615814, 25.1356010437, 25.6464385986, 26.168888092, 26.6797275543, 27.2021770477, 27.7246246338, 28.3051242828, 28.8856239319, 29.4777317047, 30.0582313538, 30.6503391266, 31.2076187134, 31.753288269, 32.2989578247, 32.8446235657, 33.3902931213, 33.935962677, 34.4932403564, 35.0621299744, 35.6310195923, 36.0838088989, 36.5249862671, 36.9777755737, 37.4421768188, 37.9065742493, 38.3593635559, 38.8005447388, 39.2533340454, 39.7293434143, 40.2866210938, 40.8322906494, 41.3779602051, 41.9120178223, 42.4576873779, 43.0033569336, 43.5374145508, 44.0830841064, 44.6751937866, 45.2556915283, 45.83618927, 46.4282989502, 47.0204086304, 47.5544662476, 48.0536956787, 48.5529251099, 49.0405426025, 49.5281639099, 50.0157814026, 50.5033988953, 50.9794082642, 51.4670295715, 51.9546470642, 52.4306564331],
    "bpm_estimates": [97.5088424683, 99.3840255737, 99.3840026855, 103.359359741, 103.359405518, 103.359405518, 103.359321594, 101.332740784, 99.3840255737, 99.3840255737, 99.3840255737, 99.3840255737, 101.332740784, 101.332740784, 97.5088424683, 97.5088424683, 97.5086975098, 99.3841781616, 99.3838653564, 97.5089950562, 99.3838653564, 99.3841781616, 99.3838653564, 97.5089950562, 103.359237671, 103.359237671, 101.332901001, 103.359237671, 101.332901001, 101.332580566, 103.359573364, 103.359573364, 101.332580566, 101.332580566],
    "bpm_intervals": [0.615328788757, 0.603718757629, 0.603718876839, 0.580498933792, 0.580498695374, 0.568889141083, 0.580498695374, 0.568888664246, 0.580499172211, 0.510838985443, 0.522449016571, 0.522449016571, 0.522448539734, 0.51083946228, 0.557278633118, 0.557278633118, 0.557279586792, 0.592108726501, 0.603718757629, 0.603718757629, 0.603718757629, 0.603718757629, 0.592108726501, 0.592108726501, 0.615328788757, 0.615328788757, 0.615329742432, 0.603717803955, 0.603719711304, 0.615327835083, 0.603719711304, 0.603717803955, 0.603719711304, 0.615327835083, 0.534059524536, 0.534059524536, 0.534057617188, 0.51083946228, 0.522449493408, 0.52244758606, 0.522449493408, 0.522449493408, 0.51083946228, 0.510837554932, 0.522449493408, 0.51083946228, 0.522449493408, 0.52244758606, 0.580499649048, 0.580499649048, 0.592107772827, 0.580499649048, 0.592107772827, 0.557279586792, 0.545669555664, 0.545669555664, 0.545665740967, 0.545669555664, 0.545669555664, 0.557277679443, 0.56888961792, 0.56888961792, 0.452789306641, 0.441177368164, 0.452789306641, 0.464401245117, 0.46439743042, 0.452789306641, 0.441181182861, 0.452789306641, 0.476009368896, 0.557277679443, 0.545669555664, 0.545669555664, 0.534057617188, 0.545669555664, 0.545669555664, 0.534057617188, 0.545669555664, 0.592109680176, 0.580497741699, 0.580497741699, 0.592109680176, 0.592109680176, 0.534057617188, 0.499229431152, 0.499229431152, 0.487617492676, 0.487621307373, 0.487617492676, 0.487617492676, 0.476009368896, 0.487621307373, 0.487617492676, 0.476009368896],
    "onset_times": [0.0928798168898, 1.20743763447, 2.3916554451, 8.6146030426, 28.6302032471, 38.7541046143, 43.4909744263, 45.8245811462],
    "histogram": [[0, 0, 0, 0, 0, 0, 0, 0, 0, 0, 0, 0, 0, 0, 0, 0, 0, 0, 0, 0, 0, 0, 0, 0, 0, 0, 0, 0, 0, 0, 0, 0, 0, 0, 0, 0, 0, 0, 0, 0, 0, 0, 0, 0, 0, 0, 0, 0, 0, 0, 0, 0, 0, 0, 0, 0, 0, 0, 0, 0, 0, 0, 0, 0, 0, 0, 0, 0, 0, 0, 0, 0, 0, 0, 0, 0, 0, 0, 0, 0, 0, 0, 0, 0, 0, 0, 0, 0, 0, 0, 0, 0, 0, 0, 0, 0, 0, 0, 0.0631578937173, 0.115789473057, 0, 0.0842105299234, 0, 0.0947368443012, 0, 0.0421052649617, 0, 0, 0.0631578937173, 0, 0.105263158679, 0, 0.0631578937173, 0, 0, 0.105263158679, 0, 0.0631578937173, 0, 0, 0.0210526324809, 0, 0, 0.0631578937173, 0, 0, 0.0315789468586, 0, 0, 0.0210526324809, 0, 0, 0, 0.0421052649617, 0, 0, 0.0210526324809, 0, 0, 0, 0, 0, 0, 0, 0, 0, 0, 0, 0, 0, 0, 0, 0, 0, 0, 0, 0, 0, 0, 0, 0, 0, 0, 0, 0, 0, 0, 0, 0, 0, 0, 0, 0, 0, 0, 0, 0, 0, 0, 0, 0, 0, 0, 0, 0, 0, 0, 0, 0, 0, 0, 0, 0, 0, 0, 0, 0, 0, 0, 0, 0, 0, 0, 0, 0, 0, 0, 0, 0, 0, 0, 0, 0, 0, 0, 0, 0, 0, 0, 0, 0, 0, 0, 0, 0, 0, 0, 0, 0, 0, 0, 0, 0, 0, 0, 0, 0, 0, 0, 0, 0, 0, 0, 0, 0, 0, 0, 0, 0, 0]]
},
"sfx": {
    "inharmonicity": {
        "kurt": 0.356329917908,
        "max": 0.445183873177,
        "mean": 0.117734543979,
        "median": 0.0955009758472,
        "min": 0,
        "skew": 0.961015760899,
        "var": 0.00773910200223
    },
    "oddtoevenharmonicenergyratio": {
        "kurt": 117.57383728,
        "max": 31.6769924164,
        "mean": 1.05279636383,
        "median": 0.675238072872,
        "min": 0,
        "skew": 7.46545791626,
        "var": 1.97194874287
