{
"metadata": {
    "version": {
        "essentia": "2.1-beta3"
    }
},
"lowLevel": {
    "average_loudness": 0.99068403244,
    "barkbands_kurtosis": {
        "kurt": 12.1625680923,
        "max": 13.5232887268,
        "mean": 0.0347026027739,
        "median": -0.888492584229,
        "min": -1.78619647026,
        "skew": 3.14719462395,
        "var": 6.56113433838
    },
    "barkbands_skewness": {
        "kurt": 0.357234239578,
        "max": 3.08790373802,
        "mean": -0.267049968243,
        "median": -0.645821988583,
        "min": -1.95234894753,
        "skew": 1.08677327633,
        "var": 1.44544804096
    },
    "barkbands_spread": {
        "kurt": -0.665777921677,
        "max": 46.9744300842,
        "mean": 30.5785102844,
        "median": 30.9529190063,
        "min": 7.1194190979,
        "skew": -0.271547347307,
        "var": 81.9980697632
    },
    "dissonance": {
        "kurt": 28.4364395142,
        "max": 0.492664128542,
        "mean": 0.469431430101,
        "median": 0.471098452806,
        "min": 0.382419317961,
        "skew": -4.51097631454,
        "var": 0.000171150444658
    },
    "hfc": {
        "kurt": -0.839012622833,
        "max": 56.1046981812,
        "mean": 19.1902751923,
        "median": 15.369386673,
        "min": 2.79007804238e-06,
        "skew": 0.48593378067,
        "var": 258.367919922
    },
    "pitch": {
        "kurt": 15.5495014191,
        "max": 2915.21948242,
        "mean": 438.678344727,
        "median": 345.548583984,
        "min": 109.952407837,
        "skew": 4.14875411987,
        "var": 297868.875
    },
    "pitch_instantaneous_confidence": {
        "kurt": 1.52342271805,
        "max": 0.968071401119,
        "mean": 0.841400444508,
        "median": 0.961238622665,
        "min": 0.188277542591,
        "skew": -1.7881090641,
        "var": 0.0572134666145
    },
    "pitch_salience": {
        "kurt": 2.4489159584,
        "max": 0.765006840229,
        "mean": 0.495711416006,
        "median": 0.481516629457,
        "min": 0.385159194469,
        "skew": 1.55705547333,
        "var": 0.00649720756337
    },
    "silence_rate_20dB": {
        "kurt": 0,
        "max": 1,
        "mean": 1,
        "median": 1,
        "min": 1,
        "skew": 0,
        "var": 0
    },
    "silence_rate_30dB": {
        "kurt": 0,
        "max": 1,
        "mean": 1,
        "median": 1,
        "min": 1,
        "skew": 0,
        "var": 0
    },
    "silence_rate_60dB": {
        "kurt": -0.72207403183,
        "max": 1,
        "mean": 0.253968268633,
        "median": 0,
        "min": 0,
        "skew": 1.13045406342,
        "var": 0.189468368888
    },
    "spectral_centroid": {
        "kurt": 0.0326693058014,
        "max": 2586.2121582,
        "mean": 1876.61291504,
        "median": 2219.02099609,
        "min": 149.192779541,
        "skew": -1.26049423218,
        "var": 535368.625
    },
    "spectral_complexity": {
        "kurt": -0.683767557144,
        "max": 10,
        "mean": 6.03174591064,
        "median": 8,
        "min": 0,
        "skew": -0.966609060764,
        "var": 11.2688341141
    },
    "spectral_crest": {
        "kurt": -0.899013996124,
        "max": 20.9928951263,
        "mean": 14.3750171661,
        "median": 14.6732549667,
        "min": 5.14661502838,
        "skew": -0.304010093212,
        "var": 17.2184753418
    },
    "spectral_decrease": {
        "kurt": -1.08774387836,
        "max": -4.88791119532e-15,
        "mean": -1.76164682841e-09,
        "median": -1.55596913132e-09,
        "min": -4.47181136565e-09,
        "skew": -0.274991095066,
        "var": 1.89409843255e-18
    },
    "spectral_energy": {
        "kurt": -1.04456067085,
        "max": 0.0219017211348,
        "mean": 0.00838946457952,
        "median": 0.00734896073118,
        "min": 1.8701165061e-08,
        "skew": 0.318808287382,
        "var": 4.41091906396e-05
    },
    "spectral_energyband_high": {
        "kurt": -1.14952862263,
        "max": 0.00104353006463,
        "mean": 0.000447052007075,
        "median": 0.000541200628504,
        "min": 2.42442212139e-11,
        "skew": -0.274204164743,
        "var": 9.42864488707e-08
    },
    "spectral_energyband_low": {
        "kurt": 0.149336338043,
        "max": 0.000127721112221,
        "mean": 4.83007752337e-05,
        "median": 4.53270331491e-05,
        "min": 1.06787441112e-08,
        "skew": 0.50216370821,
        "var": 8.06399058639e-10
    },
    "spectral_energyband_middle_high": {
        "kurt": -0.714397668839,
        "max": 0.0181227941066,
        "mean": 0.00561838038266,
        "median": 0.00393470004201,
        "min": 4.85356366209e-10,
        "skew": 0.664077401161,
        "var": 2.69229949481e-05
    },
    "spectral_energyband_middle_low": {
        "kurt": -1.1813532114,
        "max": 0.00491497479379,
        "mean": 0.00228115264326,
        "median": 0.00245263357647,
        "min": 5.11048492413e-09,
        "skew": -0.157213836908,
        "var": 2.49775166594e-06
    },
    "spectral_flatness_db": {
        "kurt": -1.00403606892,
        "max": 0.287057727575,
        "mean": 0.219502016902,
        "median": 0.221532329917,
        "min": 0.130058243871,
        "skew": -0.194569692016,
        "var": 0.00164400762878
    },
    "spectral_flux": {
        "kurt": 1.81878852844,
        "max": 0.0977789759636,
        "mean": 0.0276280529797,
        "median": 0.0267997626215,
        "min": 0.000714973080903,
        "skew": 0.921449065208,
        "var": 0.000334950658726
    },
    "spectral_kurtosis": {
        "kurt": 2.85594940186,
        "max": 17.5277404785,
        "mean": 4.56245279312,
        "median": 3.12158632278,
        "min": 1.67602014542,
        "skew": 1.80234384537,
        "var": 10.6652622223
    },
    "spectral_rms": {
        "kurt": -1.05524051189,
        "max": 0.00462250271812,
        "mean": 0.00246993871406,
        "median": 0.00267763296142,
        "min": 4.27142140325e-06,
        "skew": -0.436656236649,
        "var": 2.08425012715e-06
    },
    "spectral_rolloff": {
        "kurt": 0.815181970596,
        "max": 4500.43945312,
        "mean": 2666.69824219,
        "median": 3100.78125,
        "min": 172.265625,
        "skew": -1.27156043053,
        "var": 1003433.4375
    },
    "spectral_skewness": {
        "kurt": 4.5077829361,
        "max": 3.87238574028,
        "mean": 1.76876604557,
        "median": 1.5909910202,
        "min": 1.28172051907,
        "skew": 1.97843170166,
        "var": 0.228127375245
    },
    "spectral_spread": {
        "kurt": -0.313639163971,
        "max": 10439134,
        "mean": 7787012.5,
        "median": 8399292,
        "min": 3250431.75,
        "skew": -0.997487306595,
        "var": 4.50451262669e+12
    },
    "spectral_strongpeak": {
        "kurt": -1.36629080772,
        "max": 13.4147033691,
        "mean": 4.62629461288,
        "median": 1.94497144222,
        "min": 0,
        "skew": 0.431765198708,
        "var": 20.5547599792
    },
    "zerocrossingrate": {
        "kurt": 0.0481865406036,
        "max": 0.1337890625,
        "mean": 0.100454181433,
        "median": 0.119140625,
        "min": 0.00390625,
        "skew": -1.21576941013,
        "var": 0.00118843873497
    },
    "barkbands": {
        "kurt": [2.2849407196, 1.94221019745, 5.14559364319, 3.22068405151, 2.69027328491, -1.17915439606, 1.25759840012, 2.1215596199, 1.26202392578, 1.81776380539, 1.36217355728, -0.284801959991, -0.707633972168, 1.85657930374, 0.0471289157867, -0.905498027802, -0.50204372406, -0.820247650146, 5.19121360779, 0.113539218903, -1.28689408302, -1.02534723282, 0.233856678009, 1.90865755081, -0.506328344345, -0.694604873657, -0.926194906235],
        "max": [2.22519320232e-05, 9.18670993997e-05, 6.02766231168e-05, 4.60426308564e-05, 9.16253993637e-05, 0.00487162079662, 1.60469971888e-05, 7.83896484791e-06, 2.373271127e-05, 8.8349725047e-06, 1.0022461538e-05, 3.05382650367e-06, 5.29335557076e-06, 3.40744441019e-06, 1.41328619065e-05, 0.000166156125488, 0.000679388060234, 0.0165888927877, 0.00132866890635, 0.000258516753092, 0.000777583743911, 5.04139861732e-05, 9.74743525148e-05, 3.50918526237e-05, 0.000134739195346, 2.48385481427e-06, 1.67223319636e-07],
        "mean": [5.27966358277e-06, 2.52564732364e-05, 1.27356734083e-05, 9.7674301287e-06, 1.99130408873e-05, 0.00223774299957, 4.33542709288e-06, 2.04085336009e-06, 6.71177213007e-06, 2.37142330661e-06, 2.86213116851e-06, 1.21984078305e-06, 2.03142144528e-06, 8.78552611994e-07, 3.87575437344e-06, 4.70481027151e-05, 0.000214200481423, 0.0050868135877, 0.000219686146011, 7.4866678915e-05, 0.000312015996315, 2.04722928174e-05, 2.76938826573e-05, 8.31720080896e-06, 4.03977865062e-05, 8.82946153524e-07, 6.4198950156e-08],
        "median": [3.83753422284e-06, 2.22952658078e-05, 1.03699539977e-05, 7.23345010556e-06, 1.39708872666e-05, 0.00241922750138, 3.49709603142e-06, 1.95298139261e-06, 6.13650263404e-06, 2.333742259e-06, 2.19287312575e-06, 1.12910379357e-06, 1.8030020783e-06, 7.2075999924e-07, 2.20502147386e-06, 2.60928081843e-05, 0.000199230897124, 0.00340943434276, 0.000117404830235, 7.187583833e-05, 0.000372905429685, 2.17751530727e-05, 2.32112961385e-05, 7.59096155889e-06, 2.95097706839e-05, 8.08344395864e-07, 6.06261281177e-08],
        "min": [5.7151017252e-09, 6.96830992908e-09, 4.02910038666e-10, 7.60299989633e-10, 3.59359098034e-09, 3.01395630675e-10, 2.12729361904e-10, 1.64887742349e-10, 7.18352530238e-11, 5.70513983278e-11, 6.84715548149e-11, 7.21469273213e-11, 5.84184922658e-11, 1.60176316655e-11, 1.94210585114e-11, 1.59194619292e-11, 9.33890638433e-12, 1.37835229341e-10, 2.68447052781e-11, 8.97794946025e-12, 1.31540004583e-11, 3.62102383668e-12, 8.50574981542e-13, 6.52244751265e-13, 5.61045025542e-13, 3.65999250221e-13, 1.31967950023e-13],
        "skew": [1.41345655918, 1.10294938087, 2.11612939835, 1.58901774883, 1.61118936539, -0.151863738894, 1.24575281143, 1.10383141041, 0.93516856432, 1.16218614578, 1.31060099602, 0.465580701828, 0.473252356052, 1.2097928524, 0.987626492977, 0.647341907024, 0.652924358845, 0.671414613724, 2.27523541451, 0.540567755699, -0.0215522870421, -0.0664074569941, 1.02204918861, 1.17902636528, 0.774912297726, 0.481528967619, 0.213368624449],
        "var": [2.17414558579e-11, 3.07781244935e-10, 1.43572070899e-10, 7.85932777192e-11, 3.5912575691e-10, 2.45278988587e-06, 1.29696539966e-11, 2.17833303479e-12, 2.49334771579e-11, 3.16981011751e-12, 5.72291563097e-12, 5.62208320263e-13, 2.18919934264e-12, 4.50249131598e-13, 1.46381240462e-11, 2.11473527578e-09, 3.84435416834e-08, 2.42453861574e-05, 8.52526369499e-08, 3.50165674234e-09, 5.52513554908e-08, 2.08814576741e-10, 6.96993462945e-10, 5.48919000531e-11, 1.41224021366e-09, 5.15232767475e-13, 2.38838409533e-15],
        "cov": [[2.20921232696e-11, 3.85297835304e-11, -3.96543518508e-12, 1.56065924073e-11, 6.30726428117e-13, 7.79687037156e-10, -6.54412450878e-13, 6.11800757624e-13, 2.75885607762e-12, 5.29013790239e-13, 1.51120663292e-12, 7.34793790483e-13, 1.49203002384e-12, 3.97645187177e-13, 2.27587334422e-15, 7.73025879419e-11, 1.526907073e-10, -5.49410683615e-10, -2.18644893857e-11, 6.10378275701e-11, 1.42654846269e-10, 1.00549447241e-11, -1.15307242921e-11, 2.82705933316e-12, 3.18281468889e-12, 1.18875233008e-13, 5.71639496806e-14], [3.85297835304e-11, 3.12745468412e-10, 6.85953793766e-11, 2.1302303671e-11, 1.0069649975e-10, 6.5596457155e-09, 1.25807888413e-11, 5.72771604451e-12, 1.99304687337e-11, 6.21517637703e-12, 1.49781385211e-11, 6.5940894238e-12, 4.49428558605e-12, 2.36364530379e-12, 9.72975346125e-12, 2.34561092771e-10, 8.60481241816e-10, 6.68703492579e-09, 3.95839583334e-10, 3.89596604977e-10, 1.37240363518e-09, 8.41625380499e-11, 7.52416878802e-11, 3.70560249152e-11, 1.19684415156e-10, 2.60847289948e-12, 3.79411291881e-13], [-3.96543518508e-12, 6.85953793766e-11, 1.45887746328e-10, 3.54004429937e-11, 5.34599621516e-11, 1.34069355617e-09, 4.84104423215e-12, 8.4053310102e-13, 1.30149346161e-11, 7.0211848488e-12, 6.31242410773e-12, 9.53323249335e-13, 8.29583309599e-13, 1.63086634041e-12, 3.18112593559e-12, -8.72051875156e-11, -7.56729488099e-12, 3.20311199786e-09, -1.22930499113e-10, 1.03971567467e-10, 2.31346511392e-10, 8.92747160919e-12, 4.22781532006e-11, 2.93976973841e-12, 1.04277159824e-11, 8.0154504182e-14, 3.06015114507e-14], [1.56065924073e-11, 2.1302303671e-11, 3.54004429937e-11, 7.98609164909e-11, 9.66401871721e-12, 1.24293117465e-10, -3.63780815367e-12, 9.67862400468e-14, 1.38950049383e-12, 2.11135362665e-12, -1.16318272288e-12, -1.89131655758e-13, 2.55586350695e-13, 3.96617519372e-14, -3.49142372999e-13, -2.51100286397e-11, -5.96251797935e-11, -2.43445508197e-09, -1.66618691066e-10, -2.93188182066e-11, -1.6895942978e-10, -2.42059280606e-12, -3.50813865804e-12, -9.922127139e-13, -1.04563241746e-11, -3.68691676581e-13, 1.38692454805e-14], [6.30726428117e-13, 1.0069649975e-10, 5.34599621516e-11, 9.66401871721e-12, 3.64918095741e-10, 1.49518655235e-08, 2.43661844174e-11, 1.16230991845e-11, 1.50600469595e-11, 7.43546023363e-12, 2.85159743041e-11, 3.95689557509e-12, 9.18411267176e-12, 1.6844220246e-12, 1.06879097586e-11, 1.74980085976e-10, 8.04499133977e-10, 3.8362831134e-08, 1.83945103593e-09, 2.29133406693e-10, 1.20716747709e-09, 1.43641681882e-10, 2.15001932924e-10, 7.57261475748e-11, 2.97295743579e-10, 6.03261234369e-12, 4.16283164623e-13], [7.79687037156e-10, 6.5596457155e-09, 1.34069355617e-09, 1.24293117465e-10, 1.49518655235e-08, 2.4923510864e-06, 1.89346538448e-09, 1.1180921744e-09, 4.15352063854e-09, 1.01313712975e-09, 1.98950789176e-09, 6.06703631778e-10, 1.45700929099e-09, 2.56896642847e-10, 1.99849581328e-09, 2.84851413568e-08, 1.60505422286e-07, 5.74093201067e-06, 2.54059102645e-07, 4.7645087875e-08, 2.11551352436e-07, 1.89573849951e-08, 3.44959971699e-08, 7.73488029182e-09, 5.3786521903e-08, 1.06906539177e-09, 5.48400422296e-11], [-6.54412450878e-13, 1.25807888413e-11, 4.84104423215e-12, -3.63780815367e-12, 2.43661844174e-11, 1.89346538448e-09, 1.31788416985e-11, 1.94145611046e-12, 4.00757378671e-12, 1.21712416621e-12, 3.08284886334e-12, 1.2507566597e-12, 1.33769731403e-12, 6.77532520105e-13, 2.77864103254e-12, 8.01790144694e-12, 5.8723317875e-11, 5.14529840956e-09, 2.64083255264e-10, 6.47730966086e-11, 1.60615201694e-10, 1.58196667571e-11, 2.7163923888e-11, 7.31268344489e-12, 4.13889998663e-11, 7.32493276104e-13, 2.88513109887e-14], [6.11800757624e-13, 5.72771604451e-12, 8.4053310102e-13, 9.67862400468e-14, 1.16230991845e-11, 1.1180921744e-09, 1.94145611046e-12, 2.21346747355e-12, 2.78962725316e-12, 5.01329338286e-13, 1.49764163744e-12, 5.16061206355e-13, 7.55914536694e-13, 2.15252457785e-13, 1.34133275233e-12, 2.36223384603e-11, 1.52222429106e-10, 2.94260527056e-09, 1.52798759756e-10, 2.71609245511e-11, 1.38865238752e-10, 1.0615927408e-11, 1.50045080527e-11, 5.39806220556e-12, 2.09443035831e-11, 4.06483305132e-13, 3.76150560623e-14], [2.75885607762e-12, 1.99304687337e-11, 1.30149346161e-11, 1.38950049383e-12, 1.50600469595e-11, 4.15352063854e-09, 4.00757378671e-12, 2.78962725316e-12, 2.53356294277e-11, 2.15657678347e-12, 3.09607764773e-12, 1.79928554694e-12, 2.4072477952e-12, 1.37862703024e-12, 7.41337807114e-12, 3.79669524986e-11, 3.32391975055e-10, 8.93613361086e-09, 1.33828073623e-10, 1.62439631191e-10, 6.87406964683e-10, 3.46839570953e-11, 4.87898714485e-11, 8.710782963e-12, 7.16219930585e-11, 1.57759482561e-12, 9.5961121536e-14], [5.29013790239e-13, 6.21517637703e-12, 7.0211848488e-12, 2.11135362665e-12, 7.43546023363e-12, 1.01313712975e-09, 1.21712416621e-12, 5.01329338286e-13, 2.15657678347e-12, 3.22093610464e-12, 1.29473103246e-12, 3.10140964559e-13, 1.01144949621e-12, 3.50151954957e-13, 1.75238025046e-12, 2.65971134006e-11, 9.08506950226e-11, 1.65934599394e-09, 2.9098615878e-11, 3.42438785661e-11, 1.61275381938e-10, 8.36441072655e-12, 1.07626112883e-11, 3.28762082662e-12, 1.59561842905e-11, 3.80305433412e-13, 2.59689239378e-14], [1.51120663292e-12, 1.49781385211e-11, 6.31242410773e-12, -1.16318272288e-12, 2.85159743041e-11, 1.98950789176e-09, 3.08284886334e-12, 1.49764163744e-12, 3.09607764773e-12, 1.29473103246e-12, 5.81522070081e-12, 8.9824962789e-13, 1.35758971339e-12, 1.84912862474e-13, 1.90359208431e-12, 4.13682525735e-11, 8.90951271093e-11, 6.42675201945e-09, 3.56499524345e-10, 4.6891022315e-11, 2.01702266001e-10, 1.89181344201e-11, 2.61576611066e-11, 1.08069135238e-11, 3.88555888853e-11, 7.79878874153e-13, 4.08394631589e-14], [7.34793790483e-13, 6.5940894238e-12, 9.53323249335e-13, -1.89131655758e-13, 3.95689557509e-12, 6.06703631778e-10, 1.2507566597e-12, 5.16061206355e-13, 1.79928554694e-12, 3.10140964559e-13, 8.9824962789e-13, 5.71276153553e-13, 4.43230196469e-13, 1.729234838e-13, 8.87006885043e-13, 1.30816954491e-11, 6.5062212562e-11, 1.51957812999e-09, 7.88488510595e-11, 2.37207302412e-11, 8.99007118749e-11, 5.09421628145e-12, 8.41311222077e-12, 2.07854870468e-12, 1.18148373029e-11, 2.46263269109e-13, 1.65725197915e-14], [1.49203002384e-12, 4.49428558605e-12, 8.29583309599e-13, 2.55586350695e-13, 9.18411267176e-12, 1.45700929099e-09, 1.33769731403e-12, 7.55914536694e-13, 2.4072477952e-12, 1.01144949621e-12, 1.35758971339e-12, 4.43230196469e-13, 2.22450920531e-12, 2.4416032347e-13, 1.82318157967e-12, 3.16680744128e-11, 1.05198065536e-10, 3.88968501852e-09, 1.81403086996e-10, 3.80454903692e-11, 1.77120609846e-10, 1.27532264263e-11, 1.76856133904e-11, 4.27815075033e-12, 2.85936344047e-11, 6.52795417548e-13, 3.61541173518e-14], [3.97645187177e-13, 2.36364530379e-12, 1.63086634041e-12, 3.96617519372e-14, 1.6844220246e-12, 2.56896642847e-10, 6.77532520105e-13, 2.15252457785e-13, 1.37862703024e-12, 3.50151954957e-13, 1.84912862474e-13, 1.729234838e-13, 2.4416032347e-13, 4.57511199065e-13, 1.91317599783e-12, 7.64966735789e-12, 4.36206279431e-11, 3.37962657859e-10, 1.65733355859e-12, 1.65324628987e-11, 7.67102839583e-11, 3.08013618951e-12, 3.46164069631e-12, 1.48728718143e-12, 4.74953193094e-12, 1.06751697868e-13, 1.16273567922e-14], [2.27587334422e-15, 9.72975346125e-12, 3.18112593559e-12, -3.49142372999e-13, 1.06879097586e-11, 1.99849581328e-09, 2.77864103254e-12, 1.34133275233e-12, 7.41337807114e-12, 1.75238025046e-12, 1.90359208431e-12, 8.87006885043e-13, 1.82318157967e-12, 1.91317599783e-12, 1.48742233808e-11, 4.09512389277e-11, 2.95985430609e-10, 3.10326875308e-09, 2.26659385705e-10, 9.55226175936e-11, 5.2623211344e-10, 2.63372570281e-11, 2.79032491557e-11, 9.24579596912e-12, 4.53243727272e-11, 9.23829372376e-13, 7.56868661711e-14], [7.73025879419e-11, 2.34561092771e-10, -8.72051875156e-11, -2.51100286397e-11, 1.74980085976e-10, 2.84851413568e-08, 8.01790144694e-12, 2.36223384603e-11, 3.79669524986e-11, 2.65971134006e-11, 4.13682525735e-11, 1.30816954491e-11, 3.16680744128e-11, 7.64966735789e-12, 4.09512389277e-11, 2.14884399163e-09, 3.80701603575e-09, 6.94664379353e-08, 6.18762951987e-09, 1.10148290489e-09, 5.14569098442e-09, 3.96222832322e-10, 1.21093704508e-10, 1.88434934323e-10, 3.89884707852e-10, 1.31784114871e-11, 1.42482618586e-12], [1.526907073e-10, 8.60481241816e-10, -7.56729488099e-12, -5.96251797935e-11, 8.04499133977e-10, 1.60505422286e-07, 5.8723317875e-11, 1.52222429106e-10, 3.32391975055e-10, 9.08506950226e-11, 8.90951271093e-11, 6.5062212562e-11, 1.05198065536e-10, 4.36206279431e-11, 2.95985430609e-10, 3.80701603575e-09, 3.90636003544e-08, 2.24838117902e-07, 8.41894909342e-09, 5.45286793496e-09, 2.90570643102e-08, 1.33048683182e-09, 2.54603493843e-09, 5.86310444639e-10, 3.08512126956e-09, 6.58387511177e-11, 6.26407693077e-12], [-5.49410683615e-10, 6.68703492579e-09, 3.20311199786e-09, -2.43445508197e-09, 3.8362831134e-08, 5.74093201067e-06, 5.14529840956e-09, 2.94260527056e-09, 8.93613361086e-09, 1.65934599394e-09, 6.42675201945e-09, 1.51957812999e-09, 3.88968501852e-09, 3.37962657859e-10, 3.10326875308e-09, 6.94664379353e-08, 2.24838117902e-07, 2.46364415943e-05, 9.68183485384e-07, 8.34066540278e-08, 3.13300915877e-07, 4.47426309336e-08, 7.18925790011e-08, 2.42087363489e-08, 1.28910997432e-07, 2.49184073375e-09, 8.93856932915e-11], [-2.18644893857e-11, 3.95839583334e-10, -1.22930499113e-10, -1.66618691066e-10, 1.83945103593e-09, 2.54059102645e-07, 2.64083255264e-10, 1.52798759756e-10, 1.33828073623e-10, 2.9098615878e-11, 3.56499524345e-10, 7.88488510595e-11, 1.81403086996e-10, 1.65733355859e-12, 2.26659385705e-10, 6.18762951987e-09, 8.41894909342e-09, 9.68183485384e-07, 8.66276792522e-08, 2.77509482061e-09, 1.76945356145e-08, 2.64986654841e-09, 3.88187526568e-09, 1.30073840587e-09, 6.12153883139e-09, 1.35654598665e-10, 5.56804212112e-12], [6.10378275701e-11, 3.89596604977e-10, 1.03971567467e-10, -2.93188182066e-11, 2.29133406693e-10, 4.7645087875e-08, 6.47730966086e-11, 2.71609245511e-11, 1.62439631191e-10, 3.42438785661e-11, 4.6891022315e-11, 2.37207302412e-11, 3.80454903692e-11, 1.65324628987e-11, 9.55226175936e-11, 1.10148290489e-09, 5.45286793496e-09, 8.34066540278e-08, 2.77509482061e-09, 3.55813511987e-09, 9.48989509197e-09, 4.56474968935e-10, 6.53614162793e-10, 1.74439782064e-10, 6.73651023853e-10, 1.62092110567e-11, 1.65865238211e-12], [1.42654846269e-10, 1.37240363518e-09, 2.31346511392e-10, -1.6895942978e-10, 1.20716747709e-09, 2.11551352436e-07, 1.60615201694e-10, 1.38865238752e-10, 6.87406964683e-10, 1.61275381938e-10, 2.01702266001e-10, 8.99007118749e-11, 1.77120609846e-10, 7.67102839583e-11, 5.2623211344e-10, 5.14569098442e-09, 2.90570643102e-08, 3.13300915877e-07, 1.76945356145e-08, 9.48989509197e-09, 5.61425075318e-08, 2.2353983109e-09, 3.7528433694e-09, 8.92444063094e-10, 3.90610033207e-09, 9.01924160357e-11, 7.88194683132e-12], [1.00549447241e-11, 8.41625380499e-11, 8.92747160919e-12, -2.42059280606e-12, 1.43641681882e-10, 1.89573849951e-08, 1.58196667571e-11, 1.0615927408e-11, 3.46839570953e-11, 8.36441072655e-12, 1.89181344201e-11, 5.09421628145e-12, 1.27532264263e-11, 3.08013618951e-12, 2.63372570281e-11, 3.96222832322e-10, 1.33048683182e-09, 4.47426309336e-08, 2.64986654841e-09, 4.56474968935e-10, 2.2353983109e-09, 2.12182563186e-10, 2.29838245658e-10, 7.42159875222e-11, 3.84872633763e-10, 8.3660144784e-12, 5.34108727298e-13], [-1.15307242921e-11, 7.52416878802e-11, 4.22781532006e-11, -3.50813865804e-12, 2.15001932924e-10, 3.44959971699e-08, 2.7163923888e-11, 1.50045080527e-11, 4.87898714485e-11, 1.07626112883e-11, 2.61576611066e-11, 8.41311222077e-12, 1.76856133904e-11, 3.46164069631e-12, 2.79032491557e-11, 1.21093704508e-10, 2.54603493843e-09, 7.18925790011e-08, 3.88187526568e-09, 6.53614162793e-10, 3.7528433694e-09, 2.29838245658e-10, 7.08235303737e-10, 1.12316995982e-10, 8.11783085197e-10, 1.54446767875e-11, 7.57049100058e-13], [2.82705933316e-12, 3.70560249152e-11, 2.93976973841e-12, -9.922127139e-13, 7.57261475748e-11, 7.73488029182e-09, 7.31268344489e-12, 5.39806220556e-12, 8.710782963e-12, 3.28762082662e-12, 1.08069135238e-11, 2.07854870468e-12, 4.27815075033e-12, 1.48728718143e-12, 9.24579596912e-12, 1.88434934323e-10, 5.86310444639e-10, 2.42087363489e-08, 1.30073840587e-09, 1.74439782064e-10, 8.92444063094e-10, 7.42159875222e-11, 1.12316995982e-10, 5.5777254343e-11, 1.67705599408e-10, 3.25971367954e-12, 2.51842437963e-13], [3.18281468889e-12, 1.19684415156e-10, 1.04277159824e-11, -1.04563241746e-11, 2.97295743579e-10, 5.3786521903e-08, 4.13889998663e-11, 2.09443035831e-11, 7.16219930585e-11, 1.59561842905e-11, 3.88555888853e-11, 1.18148373029e-11, 2.85936344047e-11, 4.74953193094e-12, 4.53243727272e-11, 3.89884707852e-10, 3.08512126956e-09, 1.28910997432e-07, 6.12153883139e-09, 6.73651023853e-10, 3.90610033207e-09, 3.84872633763e-10, 8.11783085197e-10, 1.67705599408e-10, 1.43501832639e-09, 2.52456267696e-11, 1.09367376266e-12], [1.18875233008e-13, 2.60847289948e-12, 8.0154504182e-14, -3.68691676581e-13, 6.03261234369e-12, 1.06906539177e-09, 7.32493276104e-13, 4.06483305132e-13, 1.57759482561e-12, 3.80305433412e-13, 7.79878874153e-13, 2.46263269109e-13, 6.52795417548e-13, 1.06751697868e-13, 9.23829372376e-13, 1.31784114871e-11, 6.58387511177e-11, 2.49184073375e-09, 1.35654598665e-10, 1.62092110567e-11, 9.01924160357e-11, 8.3660144784e-12, 1.54446767875e-11, 3.25971367954e-12, 2.52456267696e-11, 5.23542960287e-13, 2.44222434702e-14], [5.71639496806e-14, 3.79411291881e-13, 3.06015114507e-14, 1.38692454805e-14, 4.16283164623e-13, 5.48400422296e-11, 2.88513109887e-14, 3.76150560623e-14, 9.5961121536e-14, 2.59689239378e-14, 4.08394631589e-14, 1.65725197915e-14, 3.61541173518e-14, 1.16273567922e-14, 7.56868661711e-14, 1.42482618586e-12, 6.26407693077e-12, 8.93856932915e-11, 5.56804212112e-12, 1.65865238211e-12, 7.88194683132e-12, 5.34108727298e-13, 7.57049100058e-13, 2.51842437963e-13, 1.09367376266e-12, 2.44222434702e-14, 2.42690630674e-15]]
    },
    "mfcc": {
        "kurt": [0.998117208481, 0.668529748917, 1.21869421005, 0.9054043293, -0.00204682350159, 0.34624505043, -0.669129371643, -0.217701435089, -0.867491960526, -0.553586006165, -0.984983444214, -0.603227138519, 0.163410425186],
        "max": [-704.695129395, 141.376861572, 42.069858551, 99.0657806396, 35.8521575928, 10.0895233154, 15.3847389221, 25.8116397858, 6.01823043823, 2.44260406494, 12.1235313416, 18.9591331482, 14.6603813171],
        "mean": [-788.234375, 47.8279571533, -2.90913939476, 74.0291213989, 15.6292762756, -36.6584129333, -12.0078077316, 2.38999772072, -7.99097204208, -36.4855995178, -0.997154414654, 5.59004449844, -2.65462446213],
        "median": [-730.347595215, 33.1904640198, -5.45907592773, 83.9409103394, 16.633605957, -41.1833381653, -15.9514713287, 1.78771209717, -8.71587562561, -41.1192092896, -1.67346382141, 4.99000358582, -1.76737976074],
        "min": [-1137.02856445, 1.96635055542, -26.1143112183, 1.95427322388, -5.9633102417, -60.6889038086, -30.2568683624, -19.8731555939, -22.8895301819, -62.1358909607, -16.1614837646, -4.54507064819, -22.4887504578],
        "skew": [-1.5553303957, 1.46553552151, 1.17719304562, -1.49551153183, -0.058065276593, 1.10345697403, 0.700013160706, 0.429206848145, 0.0909119769931, 0.723833203316, -0.031749047339, 0.388725668192, -0.178120627999],
        "var": [14055.2724609, 1360.59838867, 199.166519165, 629.242431641, 65.0194244385, 293.196777344, 162.538330078, 104.224250793, 53.2508354187, 268.893005371, 59.8002586365, 37.8413314819, 64.6894760132],
        "cov": [[14281.9707031, -2974.33544922, -1134.85827637, 2895.61767578, -42.3832778931, -1889.62927246, -1237.71520996, -669.923950195, -178.280532837, -1714.17944336, -282.311767578, 286.972961426, 290.855438232], [-2974.33544922, 1382.54345703, 190.932937622, -610.785644531, 99.4260864258, 395.382141113, 388.59552002, 282.998901367, -5.63365125656, 412.17855835, 122.511062622, -65.1187438965, -142.706588745], [-1134.85827637, 190.932937622, 202.378875732, -240.000900269, -13.347442627, 152.305831909, 90.020401001, 48.0669593811, 1.98197770119, 108.232421875, 24.6869354248, -20.2581787109, -23.1357498169], [2895.61767578, -610.785644531, -240.000900269, 639.391479492, -9.21743392944, -378.101806641, -240.80557251, -131.146270752, -31.4567661285, -344.855712891, -65.1559143066, 60.8119316101, 67.7275543213], [-42.3832778931, 99.4260864258, -13.347442627, -9.21743392944, 66.0681228638, -5.27890205383, 6.34007024765, 29.5118141174, -7.66317653656, -2.14261364937, 13.722029686, -7.08732557297, -13.4239034653], [-1889.62927246, 395.382141113, 152.305831909, -378.101806641, -5.27890205383, 297.925750732, 168.967132568, 68.8645401001, 44.0807037354, 255.642547607, 16.4504909515, -42.4670982361, -33.4333267212], [-1237.71520996, 388.59552002, 90.020401001, -240.80557251, 6.34007024765, 168.967132568, 165.159927368, 85.035484314, 3.7160320282, 169.362976074, 37.3789405823, -32.5268363953, -36.5463447571], [-669.923950195, 282.998901367, 48.0669593811, -131.146270752, 29.5118141174, 68.8645401001, 85.035484314, 105.905288696, -19.9159126282, 64.0894699097, 37.8235435486, -7.10759067535, -39.7256584167], [-178.280532837, -5.63365125656, 1.98197770119, -31.4567661285, -7.66317653656, 44.0807037354, 3.7160320282, -19.9159126282, 54.1097221375, 44.8230247498, -27.681892395, -5.82045221329, 17.22082901], [-1714.17944336, 412.17855835, 108.232421875, -344.855712891, -2.14261364937, 255.642547607, 169.362976074, 64.0894699097, 44.8230247498, 273.230010986, 17.7435855865, -43.3988494873, -30.114780426], [-282.311767578, 122.511062622, 24.6869354248, -65.1559143066, 13.722029686, 16.4504909515, 37.3789405823, 37.8235435486, -27.681892395, 17.7435855865, 60.7647781372, -2.994109869, -27.5057849884], [286.972961426, -65.1187438965, -20.2581787109, 60.8119316101, -7.08732557297, -42.4670982361, -32.5268363953, -7.10759067535, -5.82045221329, -43.3988494873, -2.994109869, 38.451675415, 6.86421108246], [290.855438232, -142.706588745, -23.1357498169, 67.7275543213, -13.4239034653, -33.4333267212, -36.5463447571, -39.7256584167, 17.22082901, -30.114780426, -27.5057849884, 6.86421108246, 65.7328491211]]
    },
    "sccoeffs": {
        "kurt": [-0.677931547165, -0.142779827118, 0.0228824615479, -0.875648021698, -0.0105664730072, -0.549515724182],
        "max": [-0.722169697285, -0.409810900688, -0.757822096348, -0.682966113091, -0.447887003422, -0.594324529171],
        "mean": [-0.819655835629, -0.564433038235, -0.846163988113, -0.766821503639, -0.585055828094, -0.692938506603],
        "median": [-0.823125362396, -0.496255993843, -0.846213757992, -0.752357959747, -0.528306603432, -0.64823538065],
        "min": [-0.911974430084, -0.916761815548, -0.928360641003, -0.908758640289, -0.896709799767, -0.90298551321],
        "skew": [0.120045416057, -1.21417653561, 0.152149572968, -0.621521234512, -1.22629439831, -1.0571334362],
        "var": [0.00168770668097, 0.0231887176633, 0.00106725690421, 0.00419431366026, 0.0181229300797, 0.00756655074656],
        "cov": [[0.00171492772643, 0.00109516771045, 0.000316462101182, 0.000309482886223, 0.000643216189928, 0.000464129843749], [0.00109516771045, 0.0235627293587, 0.00310657522641, 0.00840821582824, 0.0200918130577, 0.0128136686981], [0.000316462101182, 0.00310657522641, 0.00108447065577, 0.00107973453123, 0.00258953520097, 0.00175245350692], [0.000309482886223, 0.00840821582824, 0.00107973453123, 0.00426196400076, 0.00732391001657, 0.00491137150675], [0.000643216189928, 0.0200918130577, 0.00258953520097, 0.00732391001657, 0.018415234983, 0.0111243501306], [0.000464129843749, 0.0128136686981, 0.00175245350692, 0.00491137150675, 0.0111243501306, 0.00768859218806]]
    },
    "scvalleys": {
        "kurt": [10.4205751419, 16.7853012085, 16.2450027466, 16.1185417175, 12.554224968, 4.55843114853],
        "max": [-6.40752744675, -7.29126214981, -7.65360069275, -8.53251743317, -8.18193054199, -9.77817249298],
        "mean": [-7.22386360168, -8.1731300354, -8.52182197571, -9.37026691437, -9.48870658875, -11.0447616577],
        "median": [-7.02838230133, -7.97795152664, -8.29473304749, -9.11180686951, -9.17228603363, -10.4802827835],
        "min": [-11.1081027985, -12.8453092575, -13.4193582535, -14.1849679947, -14.8579072952, -16.7386112213],
        "skew": [-2.91330456734, -3.65079927444, -3.65998005867, -3.58697724342, -3.14944267273, -2.16918182373],
        "var": [0.582707107067, 0.645000755787, 0.727420687675, 0.692277669907, 0.968738138676, 1.78733992577],
        "cov": [[0.59210562706, 0.553338468075, 0.585564792156, 0.561999440193, 0.665672004223, 0.868587136269], [0.553338468075, 0.655403971672, 0.654220700264, 0.629670023918, 0.743711531162, 0.95018273592], [0.585564792156, 0.654220700264, 0.739153265953, 0.677364110947, 0.80122166872, 1.04638624191], [0.561999440193, 0.629670023918, 0.677364110947, 0.703443467617, 0.794139564037, 1.03145122528], [0.665672004223, 0.743711531162, 0.80122166872, 0.794139564037, 0.984362959862, 1.28381967545], [0.868587136269, 0.95018273592, 1.04638624191, 1.03145122528, 1.28381967545, 1.81616806984]]
    }
},
"rhythm": {
    "beats_loudness": {
        "kurt": -2,
        "max": 0.0138936899602,
        "mean": 0.0073399557732,
        "median": 0.0073399557732,
        "min": 0.000786221178714,
        "skew": -5.04839938742e-08,
        "var": 4.2951432988e-05
    },
    "bpm": 109.956787109,
    "confidence": 0,
    "first_peak_bpm": {
        "kurt": 0,
        "max": 110,
        "mean": 110,
        "median": 110,
        "min": 110,
        "skew": 0,
        "var": 0
    },
    "first_peak_spread": {
        "kurt": 0,
        "max": 0,
        "mean": 0,
        "median": 0,
        "min": 0,
        "skew": 0,
        "var": 0
    },
    "first_peak_weight": {
        "kurt": 0,
        "max": 1,
        "mean": 1,
        "median": 1,
        "min": 1,
        "skew": 0,
        "var": 0
    },
    "onset_rate": 0.697023808956,
    "second_peak_bpm": {
        "kurt": 0,
        "max": 0,
        "mean": 0,
        "median": 0,
        "min": 0,
        "skew": 0,
        "var": 0
    },
    "second_peak_spread": {
        "kurt": 0,
        "max": 0,
        "mean": 0,
        "median": 0,
        "min": 0,
        "skew": 0,
        "var": 0
    },
    "second_peak_weight": {
        "kurt": 0,
        "max": 0,
        "mean": 0,
        "median": 0,
        "min": 0,
        "skew": 0,
        "var": 0
    },
    "beats_loudness_band_ratio": {
        "kurt": [-2, -2, -1.99999988079, -2, -2, -1.99999988079],
        "max": [0.105430819094, 0.20397682488, 0.0165162868798, 0.00770520232618, 0.761242032051, 0.0846285074949],
        "mean": [0.0553700327873, 0.197902470827, 0.00884033925831, 0.00417773751542, 0.680395245552, 0.0564048588276],
        "median": [0.0553700327873, 0.197902470827, 0.00884033925831, 0.00417773751542, 0.680395245552, 0.0564048588276],
        "min": [0.0053092436865, 0.191828131676, 0.00116439105477, 0.000650272646453, 0.599548399448, 0.0281812082976],
        "skew": [-5.79958800984e-08, 3.6774729324e-06, -6.28426022331e-08, 0, -1.10151734134e-06, -1.21361779293e-07],
        "var": [0.00250608241186, 3.68976870959e-05, 5.89201736148e-05, 1.24430080177e-05, 0.00653620809317, 0.000796574400738],
        "cov": [[0.00501216482371, -0.00060817314079, 0.000768527970649, 0.000353175331838, -0.00809451099485, 0.0028257961385], [-0.00060817314079, 7.37953741918e-05, -9.32527327677e-05, -4.28540879511e-05, 0.000982183148153, -0.000342880462995], [0.000768527970649, -9.32527327677e-05, 0.00011784034723, 5.41532717762e-05, -0.00124115194194, 0.000433286535554], [0.000353175331838, -4.28540879511e-05, 5.41532717762e-05, 2.48860160355e-05, -0.000570368603803, 0.000199115864234], [-0.00809451099485, 0.000982183148153, -0.00124115194194, -0.000570368603803, 0.0130724161863, -0.00456358445808], [0.0028257961385, -0.000342880462995, 0.000433286535554, 0.000199115864234, -0.00456358445808, 0.00159314880148]]
    },
    "beats_position": [0.522448956966, 1.06811785698],
    "bpm_estimates": [109.956787109],
    "bpm_intervals": [0.545668900013],
    "onset_times": [0.0116099771112],
    "histogram": [[0, 0, 0, 0, 0, 0, 0, 0, 0, 0, 0, 0, 0, 0, 0, 0, 0, 0, 0, 0, 0, 0, 0, 0, 0, 0, 0, 0, 0, 0, 0, 0, 0, 0, 0, 0, 0, 0, 0, 0, 0, 0, 0, 0, 0, 0, 0, 0, 0, 0, 0, 0, 0, 0, 0, 0, 0, 0, 0, 0, 0, 0, 0, 0, 0, 0, 0, 0, 0, 0, 0, 0, 0, 0, 0, 0, 0, 0, 0, 0, 0, 0, 0, 0, 0, 0, 0, 0, 0, 0, 0, 0, 0, 0, 0, 0, 0, 0, 0, 0, 0, 0, 0, 0, 0, 0, 0, 0, 0, 0, 1, 0, 0, 0, 0, 0, 0, 0, 0, 0, 0, 0, 0, 0, 0, 0, 0, 0, 0, 0, 0, 0, 0, 0, 0, 0, 0, 0, 0, 0, 0, 0, 0, 0, 0, 0, 0, 0, 0, 0, 0, 0, 0, 0, 0, 0, 0, 0, 0, 0, 0, 0, 0, 0, 0, 0, 0, 0, 0, 0, 0, 0, 0, 0, 0, 0, 0, 0, 0, 0, 0, 0, 0, 0, 0, 0, 0, 0, 0, 0, 0, 0, 0, 0, 0, 0, 0, 0, 0, 0, 0, 0, 0, 0, 0, 0, 0, 0, 0, 0, 0, 0, 0, 0, 0, 0, 0, 0, 0, 0, 0, 0, 0, 0, 0, 0, 0, 0, 0, 0, 0, 0, 0, 0, 0, 0, 0, 0, 0, 0, 0, 0, 0, 0, 0, 0, 0, 0, 0, 0]]
},
"sfx": {
    "inharmonicity": {
        "kurt": 5.39921569824,
        "max": 0.251673549414,
        "mean": 0.0304607432336,
        "median": 0.0101261613891,
        "min": 0,
        "skew": 2.43857121468,
        "var": 0.00262870336883
    },
    "oddtoevenharmonicenergyratio": {
        "kurt": 0.2619099617,
        "max": 3.60563611984,
        "mean": 1.02204012871,
        "median": 0.711250603199,
        "min": 0,
        "skew": 1.00343573093,
        "var": 0.815828025341
    },
    "pitch_after_max_to_before_max_energy_ratio": 0.298745125532,
    "pitch_centroid": 34.3034210205,
    "pitch_max_to_total": 0.79365080595,
    "pitch_min_to_total": 0.873015880585,
    "tristimulus": {
        "kurt": [11.2874631882, 6.18703269958, 3.96773672104],
        "max": [1, 0.536719858646, 0.807156443596],
        "mean": [0.286365717649, 0.0661230683327, 0.647511184216],
        "median": [0.242706179619, 0.0248590465635, 0.731942951679],
        "min": [0, 0, 0],
        "skew": [3.33523082733, 2.51501059532, -2.10855841637],
        "var": [0.0296038407832, 0.010778802447, 0.0363798439503],
        "cov": [[0.0300813224167, -0.00203367997892, -0.0280476417392], [-0.00203367997892, 0.0109526542947, -0.00891897361726], [-0.0280476417392, -0.00891897361726, 0.0369666144252]]
    }
},
"tonal": {
    "chords_changes_rate": 0,
    "chords_number_rate": 0.03125,
    "chords_strength": {
        "kurt": 0.836030721664,
        "max": 0.411098510027,
        "mean": 0.394841164351,
        "median": 0.400817573071,
        "min": 0.360586225986,
        "skew": -1.46569061279,
        "var": 0.00017284633941
    },
    "key_strength": 0.578495740891,
    "tuning_diatonic_strength": 0.479955375195,
    "tuning_equal_tempered_deviation": 0.0658351331949,
    "tuning_frequency": 435.700531006,
    "tuning_nontempered_energy_ratio": 0.589594483376,
    "hpcp": {
        "kurt": [4.99153089523, 11.5629758835, 25.3289890289, 23.6399440765, 3.99200487137, 1.55636501312, 17.2840938568, 12.0364456177, 2.49228668213, 10.7759017944, 19.1720962524, 10.3355741501, 6.59773254395, 12.1088266373, 7.35680961609, 2.17319488525, 9.26966571808, 1.99471712112, 5.64053535461, 5.14622116089, 10.6764431, 18.6043014526, 5.07301998138, 0.450859546661, 9.24663162231, 0.241652965546, 22.9392662048, 8.92079162598, 12.8380613327, 1.52331209183, 1.91233253479, 4.80764579773, 25.1563282013, 25.9783878326, 23.1400432587, 4.04116153717],
        "max": [0.276050150394, 0.489285677671, 0.994664549828, 0.697546839714, 0.181454181671, 0.096350222826, 0.205182999372, 0.160647645593, 0.0669687315822, 0.150738969445, 0.181394219398, 0.162079945207, 0.171332493424, 0.377245724201, 0.583671867847, 0.53452116251, 0.847608268261, 0.818284630775, 0.86822861433, 0.24560110271, 0.319788455963, 0.569412767887, 0.443977415562, 1, 1, 1, 0.948216915131, 0.646629035473, 0.805867552757, 0.543150484562, 1, 1, 0.852079033852, 0.70074146986, 0.781799256802, 0.230521082878],
        "mean": [0.0416165851057, 0.042434848845, 0.0458025336266, 0.036593310535, 0.0267162248492, 0.0207706075162, 0.0143247963861, 0.0109199509025, 0.0147407827899, 0.0251933019608, 0.0198235828429, 0.0123444637284, 0.0219286996871, 0.0469691865146, 0.0678853020072, 0.0749617218971, 0.106795698404, 0.178391411901, 0.12923797965, 0.0266014635563, 0.0236784461886, 0.0331428423524, 0.0487996228039, 0.476336479187, 0.92967492342, 0.528302669525, 0.0605768412352, 0.0513326302171, 0.0514122620225, 0.120093025267, 0.252456188202, 0.181905955076, 0.0399509444833, 0.0299010425806, 0.0384244918823, 0.037651155144],
        "median": [0.016143143177, 0.00542841572315, 0.000668910390232, 0.0018848759355, 0.00481129996479, 0.00534245278686, 0.00191048439592, 0.000408557476476, 0.00662553450093, 0.0156828649342, 0.0105884745717, 0.000829929369502, 0.0057304892689, 0.0231172479689, 0.01718050614, 0.00213266862556, 0.0418861657381, 0.0851263329387, 0.0572512447834, 0.00283103017136, 0.000270716060186, 0.000282914435957, 0.000430350628449, 0.424987673759, 1, 0.524763822556, 0.0163602642715, 0.00013812778343, 0.000313874159474, 0.0605902522802, 0.161019355059, 0.0917691737413, 0.00715184304863, 0.00160141603556, 0.00260335765779, 0.0128833651543],
