{
"metadata": {
    "version": {
        "essentia": "2.1-beta3"
    }
},
"lowLevel": {
    "average_loudness": 0.000391073263017,
    "barkbands_kurtosis": {
        "kurt": 47.5914077759,
        "max": 66.8808898926,
        "mean": 2.18912506104,
        "median": 1.27625274658,
        "min": -1.88723349571,
        "skew": 5.03961515427,
        "var": 15.0280990601
    },
    "barkbands_skewness": {
        "kurt": 3.9502120018,
        "max": 7.39785528183,
        "mean": 1.3313138485,
        "median": 1.30321347713,
        "min": -2.89380693436,
        "skew": 0.436705499887,
        "var": 0.602764368057
    },
    "barkbands_spread": {
        "kurt": 0.608859777451,
        "max": 54.2262573242,
        "mean": 19.5322647095,
        "median": 18.8317737579,
        "min": 1.71590971947,
        "skew": 0.567769765854,
        "var": 55.2360305786
    },
    "dissonance": {
        "kurt": 4.22898101807,
        "max": 0.500000119209,
        "mean": 0.473091393709,
        "median": 0.477028220892,
        "min": 0.305672556162,
        "skew": -1.50621473789,
        "var": 0.000359959609341
    },
    "hfc": {
        "kurt": 496.458557129,
        "max": 42.9463653564,
        "mean": 0.150938779116,
        "median": 0.0194984059781,
        "min": 4.4672333388e-06,
        "skew": 18.8290710449,
        "var": 1.38284099102
    },
    "pitch": {
        "kurt": 45.7832756042,
        "max": 4385.59228516,
        "mean": 290.579193115,
        "median": 212.270736694,
        "min": 57.6165046692,
        "skew": 6.61592149734,
        "var": 213731.71875
    },
    "pitch_instantaneous_confidence": {
        "kurt": 9.03424263,
        "max": 0.958408951759,
        "mean": 0.256433665752,
        "median": 0.232862114906,
        "min": 0.11252117157,
        "skew": 2.39760327339,
        "var": 0.0101094394922
    },
    "pitch_salience": {
        "kurt": 6.28505516052,
        "max": 0.888110756874,
        "mean": 0.720702469349,
        "median": 0.734116613865,
        "min": 0.189085528255,
        "skew": -1.8035749197,
        "var": 0.00553448218852
    },
    "silence_rate_20dB": {
        "kurt": 0,
        "max": 1,
        "mean": 1,
        "median": 1,
        "min": 1,
        "skew": 0,
        "var": 0
    },
    "silence_rate_30dB": {
        "kurt": 0,
        "max": 1,
        "mean": 1,
        "median": 1,
        "min": 1,
        "skew": 0,
        "var": 0
    },
    "silence_rate_60dB": {
        "kurt": 169.815826416,
        "max": 1,
        "mean": 0.994279444218,
        "median": 1,
        "min": 0,
        "skew": -13.1081752777,
        "var": 0.00568780815229
    },
    "spectral_centroid": {
        "kurt": 6.61935424805,
        "max": 3109.66064453,
        "mean": 797.466308594,
        "median": 720.626708984,
        "min": 254.225372314,
        "skew": 2.15731048584,
        "var": 120445.914062
    },
    "spectral_complexity": {
        "kurt": 164.012649536,
        "max": 23,
        "mean": 0.159295931458,
        "median": 0,
        "min": 0,
        "skew": 10.1688756943,
        "var": 0.724027216434
    },
    "spectral_crest": {
        "kurt": 1.99056959152,
        "max": 24.1561470032,
        "mean": 7.63457345963,
        "median": 6.87160253525,
        "min": 2.40562939644,
        "skew": 1.31463027,
        "var": 10.9150676727
    },
    "spectral_decrease": {
        "kurt": 1524.74890137,
        "max": -3.20562032932e-15,
        "mean": -2.84831082331e-11,
        "median": -7.24079129988e-12,
        "min": -1.20664367387e-08,
        "skew": -35.8264350891,
        "var": 6.46504074997e-20
    },
    "spectral_energy": {
        "kurt": 1426.15820312,
        "max": 0.0494368225336,
        "mean": 0.000121192337247,
        "median": 2.92991117021e-05,
        "min": 1.25039241183e-08,
        "skew": 34.2026367188,
        "var": 1.10868734282e-06
    },
    "spectral_energyband_high": {
        "kurt": 515.766784668,
        "max": 0.00100238760933,
        "mean": 3.84850090995e-06,
        "median": 4.877573474e-07,
        "min": 7.44447350987e-11,
        "skew": 19.6394634247,
        "var": 7.8892792299e-10
    },
    "spectral_energyband_low": {
        "kurt": 94.6524963379,
        "max": 0.000301978376228,
        "mean": 6.92119283485e-06,
        "median": 3.0436981433e-06,
        "min": 8.96545115925e-10,
        "skew": 8.20816135406,
        "var": 2.5065216569e-10
    },
    "spectral_energyband_middle_high": {
        "kurt": 364.347564697,
        "max": 0.0114544145763,
        "mean": 4.65835291834e-05,
        "median": 5.54393363927e-06,
        "min": 1.03776842675e-09,
        "skew": 16.7780284882,
        "var": 1.2657062598e-07
    },
    "spectral_energyband_middle_low": {
        "kurt": 1811.38659668,
        "max": 0.0370807796717,
        "mean": 6.65769402985e-05,
        "median": 1.83286083484e-05,
        "min": 1.08031601442e-08,
        "skew": 40.9060935974,
        "var": 6.1738921886e-07
    },
    "spectral_flatness_db": {
        "kurt": 5.53886604309,
        "max": 0.344195008278,
        "mean": 0.122356407344,
        "median": 0.11639226228,
        "min": 0.0413204804063,
        "skew": 1.70691430569,
        "var": 0.0010465051746
    },
    "spectral_flux": {
        "kurt": 230.140869141,
        "max": 0.139270052314,
        "mean": 0.004315498285,
        "median": 0.00339177949354,
        "min": 0.00021547547658,
        "skew": 11.1782331467,
        "var": 2.21403388423e-05
    },
    "spectral_kurtosis": {
        "kurt": 1.76776123047,
        "max": 19.983505249,
        "mean": 6.75699472427,
        "median": 6.39141273499,
        "min": 0.588461875916,
        "skew": 0.886446714401,
        "var": 5.03010702133
    },
    "spectral_rms": {
        "kurt": 176.1640625,
        "max": 0.00694485753775,
        "mean": 0.000219378329348,
        "median": 0.000169069506228,
        "min": 3.49269953404e-06,
        "skew": 10.1920318604,
        "var": 7.01094720057e-08
    },
    "spectral_rolloff": {
        "kurt": 1.71597957611,
        "max": 5146.43554688,
        "mean": 1397.09191895,
        "median": 1141.25976562,
        "min": 236.865234375,
        "skew": 1.42440116405,
        "var": 621315.25
    },
    "spectral_skewness": {
        "kurt": 0.593997478485,
        "max": 3.77906417847,
        "mean": 2.21850895882,
        "median": 2.20426034927,
        "min": 0.975223958492,
        "skew": 0.191970258951,
        "var": 0.117415972054
    },
    "spectral_spread": {
        "kurt": 11.5279359818,
        "max": 16840152,
        "mean": 5823343.5,
        "median": 5599629,
        "min": 2930705,
        "skew": 2.46278643608,
        "var": 2.05035995136e+12
    },
    "spectral_strongpeak": {
        "kurt": 277.16192627,
        "max": 5.34568357468,
        "mean": 0.0425634607673,
        "median": 0.0147090805694,
        "min": 0.000258386222413,
        "skew": 15.9923210144,
        "var": 0.0629833713174
    },
    "zerocrossingrate": {
        "kurt": 3.14655780792,
        "max": 0.1640625,
        "mean": 0.0549127869308,
        "median": 0.05224609375,
        "min": 0.01220703125,
        "skew": 1.27468955517,
        "var": 0.000342397281202
    },
    "barkbands": {
        "kurt": [90.4723358154, 49.3876113892, 124.861404419, 155.135131836, 432.292572021, 2142.9152832, 1864.36499023, 58.5937385559, 87.3581542969, 1227.58569336, 140.456359863, 3490.5012207, 304.570037842, 3751.59692383, 361.334686279, 1415.11120605, 334.893249512, 267.556335449, 355.118225098, 339.154388428, 601.806884766, 796.807006836, 286.0105896, 767.602050781, 1434.45056152, 319.361602783, 472.851135254],
        "max": [4.92259550811e-06, 4.02550867875e-05, 0.000184781078133, 0.000278912950307, 0.00213191402145, 0.00747855380177, 0.0316359773278, 8.46879847813e-05, 0.000107365667645, 0.000699379423168, 0.000174378219526, 0.00267303502187, 0.000186318808119, 0.00305366702378, 0.000340487749781, 0.000620346807409, 0.00534742930904, 0.00195514387451, 0.00107986712828, 0.000774595304392, 0.000406100327382, 0.000210195576074, 1.39478661367e-05, 1.76950670721e-05, 1.3053042494e-05, 1.28196791138e-06, 2.72651163868e-07],
        "mean": [6.89463277581e-08, 1.35361119646e-06, 3.34086576004e-06, 4.31215448771e-06, 1.65610235854e-05, 9.83176232694e-06, 2.97878614219e-05, 2.51729284173e-06, 2.74735907624e-06, 3.13004511554e-06, 2.69867791758e-06, 3.72978843188e-06, 1.5298226117e-06, 2.32872093875e-06, 1.95531788449e-06, 1.68552537616e-06, 1.57762369781e-05, 7.46716204958e-06, 4.51713231087e-06, 3.47826016878e-06, 1.55188104145e-06, 6.25577513347e-07, 8.7759886469e-08, 5.68860762939e-08, 4.44484378193e-08, 7.35528882245e-09, 1.07440079056e-09],
        "median": [1.4348984223e-08, 5.70114536913e-07, 1.29837326313e-06, 1.53834844241e-06, 5.02496277477e-06, 2.74157309832e-06, 1.89706747733e-06, 1.03451236555e-06, 1.18816660688e-06, 1.08961171463e-06, 9.43227746575e-07, 6.93931553997e-07, 3.90469580225e-07, 3.29493843765e-07, 3.20407195886e-07, 2.4362961426e-07, 2.35557550354e-07, 2.60717030187e-07, 3.13210989589e-07, 3.02960643239e-07, 2.12448270531e-07, 6.64583410526e-08, 1.40578633179e-08, 8.32498425751e-09, 7.03857949702e-09, 1.01410968512e-09, 2.98448071812e-11],
        "min": [7.969778483e-12, 2.59195748198e-10, 8.72196620483e-11, 6.18292639309e-10, 2.61552290937e-09, 4.76223560586e-10, 5.26834520453e-10, 3.09105796514e-10, 3.88680199137e-10, 4.22956974999e-10, 1.758895668e-10, 4.22853141391e-11, 6.31488680791e-11, 1.04612200846e-10, 5.88966583837e-11, 2.58949424403e-11, 2.71367737309e-11, 6.01413849277e-11, 5.1444473681e-11, 3.32559119132e-11, 4.01741799549e-11, 8.94111954614e-12, 2.71144066401e-12, 2.05237541372e-12, 9.73267907239e-13, 1.11743750917e-13, 1.79690196235e-14],
        "skew": [8.77346515656, 5.96268606186, 9.1194896698, 10.1624326706, 18.6829090118, 44.8339767456, 41.3822288513, 6.23932647705, 7.81728076935, 32.2683601379, 8.74951553345, 55.9578323364, 14.2240819931, 59.6502151489, 15.9838476181, 34.1478157043, 17.3640346527, 15.393538475, 16.6639690399, 15.9300279617, 21.5773887634, 23.7569618225, 14.3638429642, 23.466173172, 30.8336639404, 14.0840845108, 20.4142837524],
        "var": [7.83335730808e-14, 7.33187469071e-12, 6.69345481819e-11, 1.4030146489e-10, 4.93610308183e-09, 2.00571719233e-08, 4.12870264199e-07, 2.55139763483e-11, 3.61096014201e-11, 2.83721962591e-10, 4.29532902302e-11, 1.78958459163e-09, 3.52454801456e-11, 2.26305552076e-09, 1.13702547377e-10, 1.7805122654e-10, 4.31609734619e-08, 5.51600320975e-09, 1.20490384337e-09, 6.39010233616e-10, 1.27662908023e-10, 2.53760831792e-11, 2.25167378232e-13, 1.79231561775e-13, 6.67213612376e-14, 1.50560233429e-15, 9.72900388855e-17],
        "cov": [[7.83508118953e-14, 4.36404140906e-13, 6.87671057251e-13, 7.78966030134e-13, 1.03899380419e-11, 5.41836053022e-13, 6.69787901357e-13, 3.46797026859e-13, 3.70595562701e-13, 4.56821158592e-13, 7.05080525215e-13, 2.48601464935e-12, 9.21382870174e-13, 1.0802879858e-12, 1.73123668179e-12, 9.11638277888e-13, 3.94648994474e-13, 1.17851843735e-12, 1.51120077823e-12, 2.86462260163e-12, 1.32196760049e-12, 6.41889915786e-13, 7.02145318884e-14, 1.28683083408e-14, 1.31365221706e-14, 1.40726106796e-15, 4.48020408872e-17], [4.36404140906e-13, 7.33348798354e-12, 1.0949573713e-11, 1.59530617883e-11, 7.746909364e-11, 9.31070845422e-12, -1.18502291313e-11, 6.31984872421e-12, 8.41491720055e-12, 8.12227108488e-12, 8.39506068828e-12, 1.53253035262e-11, 6.73866821718e-12, 7.15794871292e-12, 1.13283228284e-11, 7.1687599433e-12, -6.21356568628e-12, 5.70504928021e-12, 1.06615289514e-11, 1.87346527181e-11, 9.21946026466e-12, 4.30462610002e-12, 4.74940020038e-13, 1.06771681069e-13, 1.21516620551e-13, 9.34073375288e-15, 2.76985676513e-16], [6.87671057251e-13, 1.0949573713e-11, 6.69492794536e-11, 6.32554009172e-11, 2.51791226757e-10, 2.62573972981e-11, -9.25950635611e-12, 1.4715331384e-11, 2.29648470379e-11, 2.07039229511e-11, 2.1918068055e-11, 3.67798534684e-11, 1.70131461003e-11, 2.04879360005e-11, 2.66349251682e-11, 1.71419111544e-11, -7.37404408369e-12, 2.1607111933e-11, 3.25208124319e-11, 5.86732815111e-11, 2.78260955944e-11, 1.26084221189e-11, 1.2235294158e-12, 2.53251711052e-13, 3.12503657934e-13, 2.21382140457e-14, 1.03401377629e-15], [7.78966030134e-13, 1.59530617883e-11, 6.32554009172e-11, 1.40332342968e-10, 3.37881944645e-10, 4.95119292787e-11, -1.18612116656e-11, 2.62604330642e-11, 4.3197938282e-11, 3.39039109287e-11, 3.53741792802e-11, 4.3663631738e-11, 2.30788756161e-11, 2.55225007795e-11, 3.31167003542e-11, 2.36842195162e-11, -1.29611156877e-11, 2.42841649567e-11, 4.39183793499e-11, 7.55662130092e-11, 3.19679872851e-11, 1.58369168474e-11, 1.53050293793e-12, 3.89963343735e-13, 5.14462767092e-13, 3.11232837462e-14, 1.54178165257e-15], [1.03899380419e-11, 7.746909364e-11, 2.51791226757e-10, 3.37881944645e-10, 4.93718932404e-09, 1.39308412028e-10, -1.47165390985e-10, 9.63935944953e-11, 1.00603345099e-10, 1.09010175886e-10, 1.49108031477e-10, 4.54519283322e-10, 1.87180326794e-10, 2.19400789203e-10, 3.09226672046e-10, 1.49495277268e-10, 2.58011736975e-11, 2.56302618018e-10, 3.04567759901e-10, 6.83332890272e-10, 2.35516883773e-10, 1.3361554918e-10, 1.25194472844e-11, 2.10371433815e-12, 2.56743216097e-12, 2.7823110569e-13, 8.17175035864e-15], [5.41836053022e-13, 9.31070845422e-12, 2.62573972981e-11, 4.95119292787e-11, 1.39308412028e-10, 2.00615861701e-08, 8.55022150859e-08, 2.01467592609e-11, 3.67530381129e-11, 2.00831351549e-09, 1.37577796377e-10, 3.86565135457e-09, 4.4470713223e-10, 5.11954789673e-09, 3.84593829006e-10, 1.65066282865e-09, 3.5801610565e-09, 2.15452677921e-09, 2.00835570396e-09, 1.1114833498e-09, 9.79376579835e-10, 3.81882692135e-10, 2.79329181313e-11, 2.78388336689e-11, 1.86333743574e-11, 2.00877682544e-12, 5.26646597426e-14], [6.69787901357e-13, -1.18502291313e-11, -9.25950635611e-12, -1.18612116656e-11, -1.47165390985e-10, 8.55022150859e-08, 4.12961128404e-07, -1.60735626198e-11, 1.21542831355e-10, 8.23542301021e-09, 6.67540411836e-10, 2.17192859253e-08, 2.21156204461e-09, 2.66912767444e-08, 2.39507769173e-09, 7.71624630858e-09, 3.77527520357e-08, 1.74194614289e-08, 1.30329649295e-08, 6.40196029522e-09, 4.63876581591e-09, 1.958227136e-09, 1.52123980079e-10, 1.82071135946e-10, 1.15640531873e-10, 1.26103927647e-11, 3.26404213987e-13], [3.46797026859e-13, 6.31984872421e-12, 1.4715331384e-11, 2.62604330642e-11, 9.63935944953e-11, 2.01467592609e-11, -1.60735626198e-11, 2.55195916482e-11, 1.69311561299e-11, 1.42465319056e-11, 1.53357621741e-11, 1.86081497433e-11, 8.43146559515e-12, 9.09154088818e-12, 1.26947783882e-11, 9.55647193324e-12, -1.73385247132e-11, 3.75372346054e-12, 1.30343036711e-11, 2.24834664775e-11, 1.01668604091e-11, 4.83143863458e-12, 5.15997834738e-13, 1.31966364377e-13, 1.91918285734e-13, 9.01041462037e-15, 1.00965533219e-15], [3.70595562701e-13, 8.41491720055e-12, 2.29648470379e-11, 4.3197938282e-11, 1.00603345099e-10, 3.67530381129e-11, 1.21542831355e-10, 1.69311561299e-11, 3.61175464536e-11, 1.99696457287e-11, 2.07105547989e-11, 2.45806690974e-11, 1.20738098339e-11, 1.46558720021e-11, 1.74668630254e-11, 1.35932827494e-11, 1.29408678218e-10, 7.04041547284e-11, 4.19326899592e-11, 3.9936214058e-11, 1.69125893845e-11, 7.05746789134e-12, 8.06877785073e-13, 4.39345147719e-13, 3.83459540163e-13, 3.17493427382e-14, 1.39278665132e-15], [4.56821158592e-13, 8.12227108488e-12, 2.07039229511e-11, 3.39039109287e-11, 1.09010175886e-10, 2.00831351549e-09, 8.23542301021e-09, 1.42465319056e-11, 1.99696457287e-11, 2.83784412636e-10, 3.90452427335e-11, 3.3194233473e-10, 5.2582039417e-11, 4.05846106721e-10, 5.85588036395e-11, 1.71625574863e-10, 3.62805896437e-10, 2.4205401572e-10, 2.05382336138e-10, 1.38491620949e-10, 9.9200994641e-11, 3.8510646061e-11, 3.19930063344e-12, 2.48241618234e-12, 1.7186176527e-12, 1.87625983543e-13, 5.63303591462e-15], [7.05080525215e-13, 8.39506068828e-12, 2.1918068055e-11, 3.53741792802e-11, 1.49108031477e-10, 1.37577796377e-10, 6.67540411836e-10, 1.53357621741e-11, 2.07105547989e-11, 3.90452427335e-11, 4.29627444731e-11, 7.34385399714e-11, 2.22023423951e-11, 4.13379122599e-11, 3.92961184426e-11, 3.01913875844e-11, 1.72999305853e-11, 5.22203738584e-11, 4.71064194596e-11, 6.12293410418e-11, 3.05888959995e-11, 1.27626052088e-11, 1.27668535466e-12, 4.07881031467e-13, 4.22898180233e-13, 3.98703456589e-14, 3.88998483422e-15], [2.48601464935e-12, 1.53253035262e-11, 3.67798534684e-11, 4.3663631738e-11, 4.54519283322e-10, 3.86565135457e-09, 2.17192859253e-08, 1.86081497433e-11, 2.45806690974e-11, 3.3194233473e-10, 7.34385399714e-11, 1.78997849876e-09, 1.70580757852e-10, 1.92174454128e-09, 2.52460496952e-10, 4.68185989977e-10, 1.2468548416e-09, 7.57824691888e-10, 7.58242524324e-10, 4.94491836367e-10, 3.27631033414e-10, 1.60859811582e-10, 1.18213034847e-11, 1.13727222084e-11, 8.46442360647e-12, 8.50128236037e-13, 2.4193791908e-14], [9.21382870174e-13, 6.73866821718e-12, 1.70131461003e-11, 2.30788756161e-11, 1.87180326794e-10, 4.4470713223e-10, 2.21156204461e-09, 8.43146559515e-12, 1.20738098339e-11, 5.2582039417e-11, 2.22023423951e-11, 1.70580757852e-10, 3.52532378289e-11, 1.67161950948e-10, 4.78806438942e-11, 5.90450743854e-11, 2.22502655189e-10, 1.18062448706e-10, 1.00960330374e-10, 8.98950705541e-11, 4.82672651847e-11, 2.15187780789e-11, 1.97246602732e-12, 1.26747299722e-12, 9.25820618086e-13, 9.51561827381e-14, 2.84619439189e-15], [1.0802879858e-12, 7.15794871292e-12, 2.04879360005e-11, 2.55225007795e-11, 2.19400789203e-10, 5.11954789673e-09, 2.66912767444e-08, 9.09154088818e-12, 1.46558720021e-11, 4.05846106721e-10, 4.13379122599e-11, 1.92174454128e-09, 1.67161950948e-10, 2.26355356681e-09, 1.99218808117e-10, 5.37073330253e-10, 1.46186363015e-09, 8.19017631493e-10, 8.38627334243e-10, 4.89882523436e-10, 3.62251201258e-10, 1.7098809868e-10, 1.20980170326e-11, 1.29176070882e-11, 9.39158906893e-12, 9.40637108135e-13, 2.60547554804e-14], [1.73123668179e-12, 1.13283228284e-11, 2.66349251682e-11, 3.31167003542e-11, 3.09226672046e-10, 3.84593829006e-10, 2.39507769173e-09, 1.26947783882e-11, 1.74668630254e-11, 5.85588036395e-11, 3.92961184426e-11, 2.52460496952e-10, 4.78806438942e-11, 1.99218808117e-10, 1.13727569029e-10, 8.30042770628e-11, 1.71302458329e-10, 1.65196176183e-10, 1.34502825544e-10, 1.48999410032e-10, 7.45239703281e-11, 3.56864988948e-11, 3.32804096781e-12, 1.57295628345e-12, 1.28581748114e-12, 1.34525664263e-13, 2.96078058548e-15], [9.11638277888e-13, 7.1687599433e-12, 1.71419111544e-11, 2.36842195162e-11, 1.49495277268e-10, 1.65066282865e-09, 7.71624630858e-09, 9.55647193324e-12, 1.35932827494e-11, 1.71625574863e-10, 3.01913875844e-11, 4.68185989977e-10, 5.90450743854e-11, 5.37073330253e-10, 8.30042770628e-11, 1.78090403535e-10, 4.01498001512e-10, 2.64956306895e-10, 2.44583020503e-10, 1.82277290484e-10, 1.19032117496e-10, 5.1783483751e-11, 4.25276827642e-12, 3.25612323562e-12, 2.37444742687e-12, 2.47300850588e-13, 6.46856615445e-15], [3.94648994474e-13, -6.21356568628e-12, -7.37404408369e-12, -1.29611156877e-11, 2.58011736975e-11, 3.5801610565e-09, 3.77527520357e-08, -1.73385247132e-11, 1.29408678218e-10, 3.62805896437e-10, 1.72999305853e-11, 1.2468548416e-09, 2.22502655189e-10, 1.46186363015e-09, 1.71302458329e-10, 4.01498001512e-10, 4.31704734183e-08, 1.12538005581e-08, 5.79014169944e-09, 1.79201120609e-09, 3.5289346445e-10, 1.38846129039e-10, 3.20488427463e-11, 6.76717085146e-11, 2.96027577451e-11, 3.86681442074e-12, 1.03330552123e-13], [1.17851843735e-12, 5.70504928021e-12, 2.1607111933e-11, 2.42841649567e-11, 2.56302618018e-10, 2.15452677921e-09, 1.74194614289e-08, 3.75372346054e-12, 7.04041547284e-11, 2.4205401572e-10, 5.22203738584e-11, 7.57824691888e-10, 1.18062448706e-10, 8.19017631493e-10, 1.65196176183e-10, 2.64956306895e-10, 1.12538005581e-08, 5.51721690556e-09, 1.920224868e-09, 9.17271258949e-10, 2.30819904856e-10, 9.19450973691e-11, 1.43143431136e-11, 2.16391488062e-11, 1.05936934572e-11, 1.62439213556e-12, 3.82445912775e-14], [1.51120077823e-12, 1.06615289514e-11, 3.25208124319e-11, 4.39183793499e-11, 3.04567759901e-10, 2.00835570396e-09, 1.30329649295e-08, 1.30343036711e-11, 4.19326899592e-11, 2.05382336138e-10, 4.71064194596e-11, 7.58242524324e-10, 1.00960330374e-10, 8.38627334243e-10, 1.34502825544e-10, 2.44583020503e-10, 5.79014169944e-09, 1.920224868e-09, 1.20516907565e-09, 5.33798560909e-10, 2.09027628539e-10, 9.15964734616e-11, 1.07367248772e-11, 1.29045645697e-11, 7.09891086886e-12, 8.91409721645e-13, 2.22877289134e-14], [2.86462260163e-12, 1.87346527181e-11, 5.86732815111e-11, 7.55662130092e-11, 6.83332890272e-10, 1.1114833498e-09, 6.40196029522e-09, 2.24834664775e-11, 3.9936214058e-11, 1.38491620949e-10, 6.12293410418e-11, 4.94491836367e-10, 8.98950705541e-11, 4.89882523436e-10, 1.48999410032e-10, 1.82277290484e-10, 1.79201120609e-09, 9.17271258949e-10, 5.33798560909e-10, 6.39150843362e-10, 2.19155429915e-10, 1.01924545193e-10, 1.05552355051e-11, 5.59465971814e-12, 3.78357198003e-12, 4.60326113165e-13, 9.92729983369e-15], [1.32196760049e-12, 9.21946026466e-12, 2.78260955944e-11, 3.19679872851e-11, 2.35516883773e-10, 9.79376579835e-10, 4.63876581591e-09, 1.01668604091e-11, 1.69125893845e-11, 9.9200994641e-11, 3.05888959995e-11, 3.27631033414e-10, 4.82672651847e-11, 3.62251201258e-10, 7.45239703281e-11, 1.19032117496e-10, 3.5289346445e-10, 2.30819904856e-10, 2.09027628539e-10, 2.19155429915e-10, 1.27691010543e-10, 5.34464868196e-11, 4.63823120536e-12, 2.49899146515e-12, 1.90268590813e-12, 2.03172615993e-13, 4.81341210651e-15], [6.41889915786e-13, 4.30462610002e-12, 1.26084221189e-11, 1.58369168474e-11, 1.3361554918e-10, 3.81882692135e-10, 1.958227136e-09, 4.83143863458e-12, 7.05746789134e-12, 3.8510646061e-11, 1.27626052088e-11, 1.60859811582e-10, 2.15187780789e-11, 1.7098809868e-10, 3.56864988948e-11, 5.1783483751e-11, 1.38846129039e-10, 9.19450973691e-11, 9.15964734616e-11, 1.01924545193e-10, 5.34464868196e-11, 2.53816672541e-11, 2.12965127304e-12, 1.14376401145e-12, 8.94956851683e-13, 9.16515466493e-14, 2.1965959308e-15], [7.02145318884e-14, 4.74940020038e-13, 1.2235294158e-12, 1.53050293793e-12, 1.25194472844e-11, 2.79329181313e-11, 1.52123980079e-10, 5.15997834738e-13, 8.06877785073e-13, 3.19930063344e-12, 1.27668535466e-12, 1.18213034847e-11, 1.97246602732e-12, 1.20980170326e-11, 3.32804096781e-12, 4.25276827642e-12, 3.20488427463e-11, 1.43143431136e-11, 1.07367248772e-11, 1.05552355051e-11, 4.63823120536e-12, 2.12965127304e-12, 2.25216926272e-13, 1.24173430869e-13, 8.81222856188e-14, 9.85692833643e-15, 2.76954706871e-16], [1.28683083408e-14, 1.06771681069e-13, 2.53251711052e-13, 3.89963343735e-13, 2.10371433815e-12, 2.78388336689e-11, 1.82071135946e-10, 1.31966364377e-13, 4.39345147719e-13, 2.48241618234e-12, 4.07881031467e-13, 1.13727222084e-11, 1.26747299722e-12, 1.29176070882e-11, 1.57295628345e-12, 3.25612323562e-12, 6.76717085146e-11, 2.16391488062e-11, 1.29045645697e-11, 5.59465971814e-12, 2.49899146515e-12, 1.14376401145e-12, 1.24173430869e-13, 1.79270999629e-13, 9.97144668268e-14, 1.15084757181e-14, 3.39356815235e-16], [1.31365221706e-14, 1.21516620551e-13, 3.12503657934e-13, 5.14462767092e-13, 2.56743216097e-12, 1.86333743574e-11, 1.15640531873e-10, 1.91918285734e-13, 3.83459540163e-13, 1.7186176527e-12, 4.22898180233e-13, 8.46442360647e-12, 9.25820618086e-13, 9.39158906893e-12, 1.28581748114e-12, 2.37444742687e-12, 2.96027577451e-11, 1.05936934572e-11, 7.09891086886e-12, 3.78357198003e-12, 1.90268590813e-12, 8.94956851683e-13, 8.81222856188e-14, 9.97144668268e-14, 6.67360454008e-14, 7.39372772669e-15, 2.41981139995e-16], [1.40726106796e-15, 9.34073375288e-15, 2.21382140457e-14, 3.11232837462e-14, 2.7823110569e-13, 2.00877682544e-12, 1.26103927647e-11, 9.01041462037e-15, 3.17493427382e-14, 1.87625983543e-13, 3.98703456589e-14, 8.50128236037e-13, 9.51561827381e-14, 9.40637108135e-13, 1.34525664263e-13, 2.47300850588e-13, 3.86681442074e-12, 1.62439213556e-12, 8.91409721645e-13, 4.60326113165e-13, 2.03172615993e-13, 9.16515466493e-14, 9.85692833643e-15, 1.15084757181e-14, 7.39372772669e-15, 1.50593373593e-15, 8.2658232936e-17], [4.48020408872e-17, 2.76985676513e-16, 1.03401377629e-15, 1.54178165257e-15, 8.17175035864e-15, 5.26646597426e-14, 3.26404213987e-13, 1.00965533219e-15, 1.39278665132e-15, 5.63303591462e-15, 3.88998483422e-15, 2.4193791908e-14, 2.84619439189e-15, 2.60547554804e-14, 2.96078058548e-15, 6.46856615445e-15, 1.03330552123e-13, 3.82445912775e-14, 2.22877289134e-14, 9.92729983369e-15, 4.81341210651e-15, 2.1965959308e-15, 2.76954706871e-16, 3.39356815235e-16, 2.41981139995e-16, 8.2658232936e-17, 9.73114529372e-17]]
    },
    "mfcc": {
        "kurt": [2.65422391891, 1.47729206085, 0.929646253586, 0.83413028717, 0.0877676010132, 18.4730587006, 0.636482000351, 0.0639493465424, 1.115670681, 0.365875959396, 0.45892739296, 1.2336974144, 0.495216846466],
        "max": [-645.960083008, 163.009765625, 45.8185462952, 75.0633239746, 19.8204498291, 36.320602417, 31.3175430298, 19.9442920685, 17.9882621765, 16.0133838654, 19.0374183655, 28.614074707, 27.461807251],
        "mean": [-957.982421875, 114.686904907, -2.46521878242, 15.8483066559, -6.48153209686, -8.03357505798, 4.18864345551, -6.88135766983, -5.01342058182, -7.05274343491, -8.22074127197, -5.51465463638, -4.21565246582],
        "median": [-966.377319336, 115.731391907, 0.525436401367, 14.9275550842, -6.20016479492, -7.71851348877, 4.31624221802, -6.93269348145, -4.74662017822, -6.86183166504, -8.4250125885, -5.61354064941, -4.2103805542],
        "min": [-1137.24084473, 1.62369918823, -103.426147461, -26.1264419556, -41.2990264893, -94.1222229004, -26.9404830933, -39.3474578857, -41.6429138184, -39.7940216064, -31.5310878754, -27.3642997742, -24.5960769653],
        "skew": [1.23798930645, -0.579537451267, -0.876307964325, 0.485028833151, -0.215994939208, -2.18835020065, -0.197914525867, 0.0412643253803, -0.329617083073, -0.24914868176, 0.284154862165, 0.361263900995, 0.0721681267023],
        "var": [2986.90307617, 298.78918457, 441.79776001, 164.38633728, 69.7806015015, 95.2900009155, 48.2341041565, 48.5817527771, 41.3004379272, 39.807849884, 38.5331192017, 34.4519958496, 29.5274753571],
        "cov": [[2987.56030273, 291.578430176, -925.503967285, 466.129608154, -190.635253906, -4.27007913589, 11.9013748169, -86.5346603394, 58.2447738647, -120.955818176, 56.1802024841, -6.56843185425, -28.2505264282], [291.578430176, 298.854949951, 9.68399047852, -4.76575183868, -26.5524120331, 11.4564247131, 0.389027386904, -35.0033187866, 11.0934534073, -0.59681147337, -20.7538414001, -8.72762012482, -7.17686796188], [-925.503967285, 9.68399047852, 441.894958496, -134.069122314, 47.0552711487, 8.95584201813, -18.293012619, 7.70386600494, -27.3978233337, 40.3763465881, -31.0301399231, -5.81735277176, 7.47404289246], [466.129608154, -4.76575183868, -134.069122314, 164.422515869, -9.20795631409, -11.7819986343, 9.2260761261, -11.959197998, 6.37908029556, -27.0984230042, 10.9879846573, 2.80219912529, -8.96116447449], [-190.635253906, -26.5524120331, 47.0552711487, -9.20795631409, 69.7959594727, 11.5558862686, -2.11510252953, 18.8533229828, -8.25446414948, 3.1837849617, -1.0649638176, 2.20485520363, 0.653522014618], [-4.27007913589, 11.4564247131, 8.95584201813, -11.7819986343, 11.5558862686, 95.3109741211, 27.1624317169, 1.5952078104, 19.3780174255, 2.82982110977, -4.10486030579, -13.7376871109, -0.398569881916], [11.9013748169, 0.389027386904, -18.293012619, 9.2260761261, -2.11510252953, 27.1624317169, 48.2447166443, 17.606628418, 10.6528015137, 5.47950220108, -2.60682702065, -1.92523360252, -1.14895689487], [-86.5346603394, -35.0033187866, 7.70386600494, -11.959197998, 18.8533229828, 1.5952078104, 17.606628418, 48.5924415588, 14.2448167801, 4.86062049866, 6.55241394043, 0.254253268242, 0.733438372612], [58.2447738647, 11.0934534073, -27.3978233337, 6.37908029556, -8.25446414948, 19.3780174255, 10.6528015137, 14.2448167801, 41.3095245361, 13.8658342361, 2.62924981117, -0.433711588383, -1.83890736103], [-120.955818176, -0.59681147337, 40.3763465881, -27.0984230042, 3.1837849617, 2.82982110977, 5.47950220108, 4.86062049866, 13.8658342361, 39.816608429, 12.737651825, 1.17810428143, 3.15528893471], [56.1802024841, -20.7538414001, -31.0301399231, 10.9879846573, -1.0649638176, -4.10486030579, -2.60682702065, 6.55241394043, 2.62924981117, 12.737651825, 38.5415992737, 16.6049480438, 2.10084962845], [-6.56843185425, -8.72762012482, -5.81735277176, 2.80219912529, 2.20485520363, -13.7376871109, -1.92523360252, 0.254253268242, -0.433711588383, 1.17810428143, 16.6049480438, 34.4595794678, 13.8106336594], [-28.2505264282, -7.17686796188, 7.47404289246, -8.96116447449, 0.653522014618, -0.398569881916, -1.14895689487, 0.733438372612, -1.83890736103, 3.15528893471, 2.10084962845, 13.8106336594, 29.5339736938]]
    },
    "sccoeffs": {
        "kurt": [0.172209501266, 25.5692481995, 8.04149627686, 11.1587257385, 60.521484375, 5.59118747711],
        "max": [-0.569232165813, -0.238160595298, -0.554692745209, -0.596918940544, -0.526765227318, -0.6926471591],
        "mean": [-0.774387478828, -0.838782250881, -0.867896735668, -0.868491530418, -0.874808371067, -0.837148487568],
        "median": [-0.778541207314, -0.845014035702, -0.870673894882, -0.871413171291, -0.879918932915, -0.840204060078],
        "min": [-0.916997075081, -0.946946024895, -0.935421824455, -0.933193325996, -0.929337263107, -0.899428606033],
        "skew": [0.49325671792, 3.45161509514, 1.37446451187, 1.92085683346, 6.52176237106, 1.58086693287],
        "var": [0.00266916607507, 0.00263606011868, 0.00083042960614, 0.000581560190767, 0.000940526078921, 0.000504008727148],
        "cov": [[0.00266975350678, 0.000340384576702, 0.000168195358128, 0.000133415902383, 8.19848719402e-05, 0.000195160304429], [0.000340384576702, 0.00263664009981, 0.000405071943533, 0.000462494906969, 0.000885012908839, 0.000240036402829], [0.000168195358128, 0.000405071943533, 0.000830612319987, 0.000217422886635, 0.000309847848257, 0.000189957543625], [0.000133415902383, 0.000462494906969, 0.000217422886635, 0.000581688189413, 0.000372271315427, 0.000213863793761], [8.19848719402e-05, 0.000885012908839, 0.000309847848257, 0.000372271315427, 0.000940733065363, 0.000248975760769], [0.000195160304429, 0.000240036402829, 0.000189957543625, 0.000213863793761, 0.000248975760769, 0.00050411967095]]
    },
    "scvalleys": {
        "kurt": [1.0729970932, 0.845628023148, 1.14480304718, 1.91050291061, 2.84058237076, 2.13066196442],
        "max": [-6.33748197556, -5.85364294052, -6.40410089493, -6.64957904816, -6.65600585938, -9.02655887604],
        "mean": [-8.5179605484, -8.2965297699, -8.63758277893, -9.43032932281, -9.87048053741, -12.0176649094],
        "median": [-8.54362297058, -8.28563976288, -8.67871284485, -9.52433681488, -9.99731063843, -12.1296138763],
        "min": [-12.218665123, -12.1670799255, -13.0515947342, -13.5692987442, -14.2487850189, -16.4059200287],
        "skew": [0.193786203861, 0.0207559168339, 0.29250651598, 0.840527296066, 1.04463660717, 0.811097741127],
        "var": [0.350393980742, 0.330341994762, 0.351288318634, 0.423260062933, 0.477525413036, 0.421561270952],
        "cov": [[0.35047107935, 0.210848271847, 0.227600425482, 0.250801801682, 0.253435611725, 0.210401192307], [0.210848271847, 0.330414712429, 0.247089862823, 0.254744052887, 0.250563710928, 0.212752908468], [0.227600425482, 0.247089862823, 0.351365625858, 0.324438929558, 0.322722166777, 0.271239042282], [0.250801801682, 0.254744052887, 0.324438929558, 0.42335319519, 0.39988091588, 0.341466933489], [0.253435611725, 0.250563710928, 0.322722166777, 0.39988091588, 0.477630496025, 0.398885160685], [0.210401192307, 0.212752908468, 0.271239042282, 0.341466933489, 0.398885160685, 0.421654045582]]
    }
},
"rhythm": {
    "beats_loudness": {
        "kurt": 193.008880615,
        "max": 0.0469048283994,
        "mean": 0.000333766569383,
        "median": 2.97719016089e-05,
        "min": 1.92928382603e-06,
        "skew": 13.8397893906,
        "var": 1.07690248115e-05
    },
    "bpm": 135.810699463,
    "confidence": -0.0556221492589,
    "first_peak_bpm": {
        "kurt": 0,
        "max": 136,
        "mean": 136,
        "median": 136,
        "min": 136,
        "skew": 0,
        "var": 0
    },
    "first_peak_spread": {
        "kurt": 0,
        "max": 0.375,
        "mean": 0.375,
        "median": 0.375,
        "min": 0.375,
        "skew": 0,
        "var": 0
    },
    "first_peak_weight": {
        "kurt": 0,
        "max": 0.0970873758197,
        "mean": 0.0970873758197,
        "median": 0.0970873758197,
        "min": 0.0970873758197,
        "skew": 0,
        "var": 0
    },
    "onset_rate": 0.70134550333,
    "second_peak_bpm": {
        "kurt": 0,
        "max": 117,
        "mean": 117,
        "median": 117,
        "min": 117,
        "skew": 0,
        "var": 0
    },
    "second_peak_spread": {
        "kurt": 0,
        "max": 0.441176474094,
        "mean": 0.441176474094,
        "median": 0.441176474094,
        "min": 0.441176474094,
        "skew": 0,
        "var": 0
    },
    "second_peak_weight": {
        "kurt": 0,
        "max": 0.0922330096364,
        "mean": 0.0922330096364,
        "median": 0.0922330096364,
        "min": 0.0922330096364,
        "skew": 0,
        "var": 0
    },
    "beats_loudness_band_ratio": {
        "kurt": [-0.0382797718048, 0.239097356796, 5.23912906647, 0.929451227188, 15.0136165619, 17.9229831696],
        "max": [0.611427009106, 0.826407194138, 0.803045928478, 0.444302618504, 0.678692102432, 0.504411756992],
        "mean": [0.232849135995, 0.332949906588, 0.209676221013, 0.157287582755, 0.0866207256913, 0.0590506009758],
        "median": [0.211691200733, 0.316178441048, 0.181482315063, 0.143094748259, 0.0614707060158, 0.0381198227406],
        "min": [0.000180312417797, 0.0265517346561, 0.0223231483251, 0.00585683993995, 0.0054336101748, 0.00329554476775],
        "skew": [0.643160700798, 0.553480088711, 1.68760168552, 0.874525427818, 3.24770212173, 3.86586976051],
        "var": [0.0165795106441, 0.0247784629464, 0.0120281958953, 0.00689962645993, 0.00672090100124, 0.00481814658269],
        "cov": [[0.0166599936783, -0.00114182091784, -0.00427853036672, -0.00251981150359, -0.0039908606559, -0.00268598576076], [-0.00114182091784, 0.0248987469822, -0.00239912071265, -0.005714292638, -0.00735181663185, -0.00517359189689], [-0.00427853036672, -0.00239912071265, 0.0120865851641, -0.000862776709255, -0.00110457476694, -0.00186307891272], [-0.00251981150359, -0.005714292638, -0.000862776709255, 0.00693311961368, 0.000762850337196, 0.000363802624634], [-0.0039908606559, -0.00735181663185, -0.00110457476694, 0.000762850337196, 0.00675352662802, 0.00348662259057], [-0.00268598576076, -0.00517359189689, -0.00186307891272, 0.000363802624634, 0.00348662259057, 0.00484153535217]]
    },
    "beats_position": [0.510838985443, 1.03328800201, 1.55573689938, 2.06657600403, 2.56580495834, 3.08825397491, 3.62231278419, 4.13315200806, 4.6439909935, 5.13160991669, 5.630838871, 6.08362817764, 6.52480697632, 6.96598625183, 7.41877555847, 7.80190467834, 8.17342376709, 8.53333282471, 8.893242836, 9.26476192474, 9.61306095123, 9.98458003998, 10.3560991287, 10.7043991089, 11.0526981354, 11.4009971619, 11.7725172043, 12.1324262619, 12.4923353195, 12.840634346, 13.2005443573, 13.5604534149, 13.9087524414, 14.2802715302, 14.66340065, 15.0465307236, 15.4412698746, 15.8243989944, 16.2191371918, 16.7067565918, 17.1943759918, 17.693605423, 18.2044448853, 18.7152824402, 19.2145118713, 19.7369613647, 20.2710208893, 20.8747386932, 21.5016784668, 22.128616333, 22.7555541992, 23.3824939728, 23.9862117767, 24.5783214569, 25.1704311371, 25.7625389099, 26.3546485901, 26.958366394, 27.5620861053, 28.142583847, 28.5837631226, 29.0249423981, 29.4545116425, 29.895690918, 30.3368701935, 30.778049469, 31.2308387756, 31.6720180511, 32.1131973267, 32.5543746948, 33.0187759399, 33.4831733704, 33.9591827393, 34.3887519836, 34.8067131042, 35.2362823486, 35.7471199036, 36.2463493347, 36.7571868896, 37.244808197, 37.755645752, 38.2664833069, 38.7541046143, 39.2649421692, 39.7641716003, 40.2982292175, 40.8438987732, 41.3779602051, 41.9352378845, 42.492515564, 43.0497932434, 43.5954627991, 44.1527442932, 44.6984100342, 45.2440795898, 45.7897491455, 46.3934669495, 46.9739685059, 47.5776863098, 48.1581840515, 48.7386856079, 49.3191833496, 49.9112930298, 50.5033988953, 51.1071205139, 51.7108383179, 52.2913360596, 52.871837616, 53.4639434814, 54.0560531616, 54.6597709656, 55.3215408325, 55.9833106995, 56.6450767517, 57.3068466187, 57.9570045471, 58.6071662903, 59.2573242188, 59.9074821472, 60.5808601379, 61.1149177551, 61.6373672485, 62.1830368042, 62.6938781738, 63.2163238525, 63.7387733459, 64.2496109009, 64.7604522705, 65.2712936401, 65.7821273804, 66.29296875, 66.8038101196, 67.3146438599, 67.837097168, 68.3479385376, 68.7310638428, 69.1258010864, 69.5205459595, 69.9152832031, 70.3100204468, 70.7163696289, 71.145942688, 71.5638961792, 71.9586410522, 72.3649902344, 72.7713394165, 73.1660766602, 73.5840377808, 74.001991272, 74.4431762695, 74.8843536377, 75.3371429443, 75.789932251, 76.2078933716, 76.6490707397, 77.0902481079, 77.5314254761, 77.9726028442, 78.4137878418, 78.8433532715, 79.2845306396, 79.7373199463, 80.1552810669, 80.5732421875, 81.0144195557, 81.4555969238, 81.8271179199, 82.2334671021, 82.6166000366, 82.9997253418, 83.4525146484, 83.9169158936, 84.3813171387, 84.9269790649, 85.4610443115, 86.0067138672, 86.5291595459, 87.0748291016, 87.6321105957, 88.1661682129, 88.7002258301, 89.2342834473, 89.7683410645, 90.3140106201, 90.9525604248, 91.5911102295, 92.2528762817, 92.9030380249, 93.5531921387, 94.1801376343, 94.8070755005, 95.4340133667, 96.0493392944, 96.6414489746, 97.2451705933, 97.825668335, 98.4758224487, 99.1375961304, 99.7993621826, 100.472740173, 101.09967804, 101.726615906, 102.341949463, 102.980499268, 103.619049072, 104.234375, 104.838096619],
    "bpm_estimates": [132.511962891, 135.999282837, 135.999130249, 132.511962891, 135.999130249, 135.999130249, 139.674804688, 135.999130249, 135.999130249, 135.999130249, 132.511962891, 135.999130249, 135.999130249, 135.999725342, 139.674804688, 139.674804688, 139.673568726, 135.997375488, 135.999725342, 132.511962891, 132.511962891, 135.999725342, 135.999725342, 135.999725342, 135.999725342, 135.997375488, 139.676040649, 135.999725342, 132.511962891, 135.999725342, 135.999725342, 132.511962891],
