{
"metadata": {
    "version": {
        "essentia": "2.1-beta3"
    }
},
"lowLevel": {
    "average_loudness": 0.00621946295723,
    "barkbands_kurtosis": {
        "kurt": 30.7317008972,
        "max": 55.8603858948,
        "mean": 1.56253302097,
        "median": 0.569593429565,
        "min": -1.89080798626,
        "skew": 4.33076524734,
        "var": 13.5718803406
    },
    "barkbands_skewness": {
        "kurt": 2.83316659927,
        "max": 6.88329458237,
        "mean": 1.12628424168,
        "median": 1.06216979027,
        "min": -3.71011328697,
        "skew": 0.805375874043,
        "var": 0.626230895519
    },
    "barkbands_spread": {
        "kurt": 3.05828094482,
        "max": 82.6800308228,
        "mean": 21.1487483978,
        "median": 20.1809024811,
        "min": 1.02801799774,
        "skew": 1.0385504961,
        "var": 72.882850647
    },
    "dissonance": {
        "kurt": 6.72960948944,
        "max": 0.500000119209,
        "mean": 0.474464923143,
        "median": 0.478706806898,
        "min": 0.270670562983,
        "skew": -1.84980976582,
        "var": 0.000359404861229
    },
    "hfc": {
        "kurt": 126.209991455,
        "max": 2.75049734116,
        "mean": 0.0524223260581,
        "median": 0.0211429763585,
        "min": 6.82272286667e-07,
        "skew": 9.11169910431,
        "var": 0.0153618846089
    },
    "pitch": {
        "kurt": 46.0266571045,
        "max": 6991.75683594,
        "mean": 331.424285889,
        "median": 223.415710449,
        "min": 48.1735420227,
        "skew": 6.4370880127,
        "var": 296684.34375
    },
    "pitch_instantaneous_confidence": {
        "kurt": 6.78937625885,
        "max": 0.949176430702,
        "mean": 0.255313634872,
        "median": 0.230164527893,
        "min": 0.0993567705154,
        "skew": 2.13104486465,
        "var": 0.00989873614162
    },
    "pitch_salience": {
        "kurt": 4.69873666763,
        "max": 0.907478809357,
        "mean": 0.725056409836,
        "median": 0.738799154758,
        "min": 0.156302377582,
        "skew": -1.62647438049,
        "var": 0.00515330489725
    },
    "silence_rate_20dB": {
        "kurt": 0,
        "max": 1,
        "mean": 1,
        "median": 1,
        "min": 1,
        "skew": 0,
        "var": 0
    },
    "silence_rate_30dB": {
        "kurt": 0,
        "max": 1,
        "mean": 1,
        "median": 1,
        "min": 1,
        "skew": 0,
        "var": 0
    },
    "silence_rate_60dB": {
        "kurt": 0,
        "max": 1,
        "mean": 1,
        "median": 1,
        "min": 1,
        "skew": 0,
        "var": 0
    },
    "spectral_centroid": {
        "kurt": 26.0657844543,
        "max": 6413.68066406,
        "mean": 912.855407715,
        "median": 818.90826416,
        "min": 253.924911499,
        "skew": 3.41380500793,
        "var": 186356.21875
    },
    "spectral_complexity": {
        "kurt": 71.3715286255,
        "max": 6,
        "mean": 0.0742367655039,
        "median": 0,
        "min": 0,
        "skew": 7.23976564407,
        "var": 0.130805075169
    },
    "spectral_crest": {
        "kurt": 2.60112142563,
        "max": 25.1249885559,
        "mean": 7.15699148178,
        "median": 6.39065694809,
        "min": 2.12141633034,
        "skew": 1.40804731846,
        "var": 10.5044145584
    },
    "spectral_decrease": {
        "kurt": 44.6124992371,
        "max": -2.69687031835e-16,
        "mean": -1.26626140129e-11,
        "median": -6.66706490363e-12,
        "min": -3.54753310061e-10,
        "skew": -5.55122375488,
        "var": 4.73573068077e-22
    },
    "spectral_energy": {
        "kurt": 48.8098831177,
        "max": 0.00155762187205,
        "mean": 5.25464238308e-05,
        "median": 2.73552195722e-05,
        "min": 1.07974407193e-09,
        "skew": 5.75909614563,
        "var": 8.4252347321e-09
    },
    "spectral_energyband_high": {
        "kurt": 361.18359375,
        "max": 0.000259225693299,
        "mean": 2.08453957384e-06,
        "median": 5.30114334651e-07,
        "min": 1.43663414498e-11,
        "skew": 14.7938346863,
        "var": 4.93594019824e-11
    },
    "spectral_energyband_low": {
        "kurt": 60.1328392029,
        "max": 0.000145263882587,
        "mean": 4.40205121777e-06,
        "median": 2.05648393603e-06,
        "min": 7.2451655786e-11,
        "skew": 5.99386882782,
        "var": 6.00650362781e-11
    },
    "spectral_energyband_middle_high": {
        "kurt": 161.499145508,
        "max": 0.00105236051604,
        "mean": 1.73232274392e-05,
        "median": 6.21368735665e-06,
        "min": 2.72752348485e-10,
        "skew": 10.3681678772,
        "var": 1.99349381447e-09
    },
    "spectral_energyband_middle_low": {
        "kurt": 50.125541687,
        "max": 0.000798078253865,
        "mean": 3.05671164824e-05,
        "median": 1.41382433867e-05,
        "min": 7.61808338634e-10,
        "skew": 5.8117980957,
        "var": 2.95456570321e-09
    },
    "spectral_flatness_db": {
        "kurt": 2.89873743057,
        "max": 0.326989740133,
        "mean": 0.119665890932,
        "median": 0.114749900997,
        "min": 0.0389614291489,
        "skew": 1.21017217636,
        "var": 0.000932545925025
    },
    "spectral_flux": {
        "kurt": 9.56913089752,
        "max": 0.0278105083853,
        "mean": 0.00378916901536,
        "median": 0.00328904739581,
        "min": 3.28594578605e-05,
        "skew": 2.33585643768,
        "var": 6.67109998176e-06
    },
    "spectral_kurtosis": {
        "kurt": 2.04031229019,
        "max": 19.7287330627,
        "mean": 6.56926393509,
        "median": 6.38047504425,
        "min": -0.83588552475,
        "skew": 0.742325544357,
        "var": 5.31663131714
    },
    "spectral_rms": {
        "kurt": 7.41119194031,
        "max": 0.00123273313511,
        "mean": 0.000187324389117,
        "median": 0.000163364675245,
        "min": 1.02635704025e-06,
        "skew": 2.13248896599,
        "var": 1.61744164728e-08
    },
    "spectral_rolloff": {
        "kurt": 25.1295681,
        "max": 16623.6328125,
        "mean": 1649.20410156,
        "median": 1313.52539062,
        "min": 258.3984375,
        "skew": 3.44219398499,
        "var": 1133118.125
    },
    "spectral_skewness": {
        "kurt": 1.43819999695,
        "max": 3.8195438385,
        "mean": 2.15792274475,
        "median": 2.1465857029,
        "min": 0.0731504261494,
        "skew": 0.0905897319317,
        "var": 0.129908412695
    },
    "spectral_spread": {
        "kurt": 17.9049568176,
        "max": 28351282,
        "mean": 5725753,
        "median": 5387271.5,
        "min": 2513314,
        "skew": 3.13427138329,
        "var": 3.35492703846e+12
    },
    "spectral_strongpeak": {
        "kurt": 651.991943359,
        "max": 3.94433498383,
        "mean": 0.0295319631696,
        "median": 0.0137582151219,
        "min": 3.72911308659e-05,
        "skew": 20.353937149,
        "var": 0.00700813531876
    },
    "zerocrossingrate": {
        "kurt": 22.3350391388,
        "max": 0.3544921875,
        "mean": 0.0611244179308,
        "median": 0.05712890625,
        "min": 0.01171875,
        "skew": 3.20983242989,
        "var": 0.000607202062383
    },
    "barkbands": {
        "kurt": [70.0154647827, 49.8391838074, 85.5493774414, 177.761169434, 80.6536178589, 187.062240601, 166.016799927, 321.338165283, 112.206008911, 198.335571289, 203.105270386, 340.365753174, 426.974975586, 433.037353516, 384.074890137, 486.668304443, 537.315673828, 269.236419678, 253.576507568, 207.753356934, 140.589111328, 492.346343994, 2830.44458008, 1427.27990723, 4353.43701172, 819.164245605, 2938.53100586],
        "max": [2.27671876019e-06, 3.43868487107e-05, 9.81985213002e-05, 0.000286702939775, 0.000506395590492, 0.000600353814662, 0.000215488529648, 0.000220603760681, 0.000121294542623, 0.000152210122906, 0.000221908689127, 0.000316486257361, 0.000172592044692, 0.000147733691847, 0.000188944162801, 0.000212105282117, 0.000244006034336, 0.000170271538082, 0.000171751598828, 0.000148158374941, 7.91674829088e-05, 4.38167626271e-05, 0.000232508726185, 1.31435690491e-05, 2.85713358608e-05, 2.13693201658e-05, 1.20587696983e-06],
        "mean": [4.37373586237e-08, 9.69174834609e-07, 1.90121329524e-06, 3.44092745763e-06, 1.08903877845e-05, 7.59915292292e-06, 3.16321802529e-06, 2.34938488575e-06, 2.56867338067e-06, 2.27202826864e-06, 2.63602760242e-06, 2.63419155999e-06, 1.49448112552e-06, 1.0894668776e-06, 1.32057618885e-06, 1.22745086628e-06, 1.32369018502e-06, 1.47397986439e-06, 1.40593886044e-06, 1.3509099972e-06, 8.79364961293e-07, 2.71888637826e-07, 1.34191793677e-07, 3.55120519657e-08, 3.98459150119e-08, 3.00532292385e-08, 9.60345580836e-10],
        "median": [1.00630517252e-08, 3.94831545236e-07, 7.88764452864e-07, 1.07436790131e-06, 4.16284728999e-06, 2.24121458814e-06, 1.33080163778e-06, 9.285915894e-07, 1.00003683201e-06, 9.01934356534e-07, 9.05549825347e-07, 8.53044980431e-07, 4.97940391142e-07, 3.55867541657e-07, 3.32925480961e-07, 2.56067920645e-07, 2.26137800041e-07, 2.59860911456e-07, 2.99093130707e-07, 2.86593746068e-07, 2.31297562436e-07, 6.90722004038e-08, 1.41714471269e-08, 6.50881126774e-09, 6.18591178281e-09, 6.83633150089e-10, 2.27193298896e-11],
        "min": [1.45246133372e-13, 1.20470274381e-11, 3.68133024065e-11, 5.52142880028e-11, 3.92509719171e-10, 9.04973943006e-11, 5.23356462334e-11, 1.15009016199e-10, 3.35980618327e-11, 1.31689312233e-10, 4.23530828464e-11, 2.78106305346e-11, 1.72936248655e-11, 1.07442206174e-11, 5.28537803801e-12, 1.46143583346e-11, 3.92629678769e-12, 7.61031689056e-12, 1.20990552646e-11, 5.57329876694e-12, 8.33898922137e-12, 9.46866391717e-13, 4.72441909812e-13, 4.23049345121e-13, 2.47460851723e-13, 2.75870092829e-14, 1.0495258083e-15],
        "skew": [7.13612413406, 5.67689990997, 6.69869041443, 10.2563457489, 6.98554754257, 11.4252929688, 9.18048763275, 12.9454879761, 8.69944477081, 11.204419136, 10.8839464188, 14.1324691772, 16.6824970245, 15.7375392914, 15.8348608017, 17.3562107086, 19.7121505737, 13.3110637665, 11.5162029266, 11.2628574371, 9.34172344208, 16.3560848236, 50.687789917, 33.5432014465, 56.1265907288, 25.7836284637, 48.8751716614],
        "var": [1.56761844445e-14, 3.22773448594e-12, 1.27960255239e-11, 8.85183940036e-11, 4.82045570127e-10, 5.26528598499e-10, 4.33010398371e-11, 2.95012902995e-11, 3.36796979195e-11, 3.09758919903e-11, 4.59555518639e-11, 6.08637029664e-11, 2.22113074461e-11, 1.08213811176e-11, 2.30996749506e-11, 2.49882770725e-11, 3.90301922726e-11, 3.01799384095e-11, 1.9638167828e-11, 2.07694157012e-11, 6.73316740904e-12, 8.76742905706e-13, 1.12909369354e-11, 6.16490026888e-14, 1.09715947265e-13, 2.2377369055e-13, 2.77448130032e-16],
        "cov": [[1.56773313271e-14, 1.29437530572e-13, 1.47264931369e-13, 2.6956505062e-13, 7.456068098e-13, 3.22498863552e-13, 9.7769760495e-14, 8.38343405655e-14, 1.06230420239e-13, 1.1276502193e-13, 1.87460249689e-13, 2.05580723885e-13, 1.25611977417e-13, 9.36449743162e-14, 1.00675537514e-13, 1.16707113266e-13, 1.75483691705e-13, 1.58380185594e-13, 1.61752420269e-13, 1.28672314231e-13, 9.30035399822e-14, 2.76565998157e-14, 5.94334219968e-16, 1.84672346622e-15, 2.02961714953e-15, -5.79887861294e-16, -1.29889383991e-17], [1.29437530572e-13, 3.22797062517e-12, 3.1565377482e-12, 6.37003904486e-12, 1.47384101451e-11, 9.07895286728e-12, 3.30223457086e-12, 2.57850945456e-12, 3.47099389161e-12, 2.83748567177e-12, 3.67912254481e-12, 3.34594634985e-12, 2.03287777237e-12, 1.38182488455e-12, 1.75614882879e-12, 2.18152102285e-12, 2.47061811114e-12, 2.85188409346e-12, 2.90455224976e-12, 2.43621724356e-12, 1.47590869647e-12, 4.31925898043e-13, 1.44184150567e-14, 3.18279406194e-14, 5.03227559449e-14, -7.37476435307e-15, -4.70337501917e-18], [1.47264931369e-13, 3.1565377482e-12, 1.27969622746e-11, 1.39921390446e-11, 2.86200802641e-11, 2.12003557071e-11, 7.91392992805e-12, 6.12962154992e-12, 7.61679001121e-12, 5.98218089648e-12, 7.64073526671e-12, 8.65527267913e-12, 4.84902439382e-12, 3.73686845356e-12, 5.23508103187e-12, 5.42102040341e-12, 5.96202427705e-12, 6.54219300261e-12, 5.64493200447e-12, 5.31646168062e-12, 3.51860467845e-12, 1.02710288191e-12, 4.3232026303e-14, 5.69449205129e-14, 8.10680868138e-14, -1.90250935259e-14, 2.49948983054e-15], [2.6956505062e-13, 6.37003904486e-12, 1.39921390446e-11, 8.85248749305e-11, 1.07479192213e-10, 7.08689357198e-11, 2.46842841306e-11, 1.6756249166e-11, 2.02123890541e-11, 1.79036629272e-11, 2.30762197545e-11, 1.81666123117e-11, 1.08143502833e-11, 7.97409620973e-12, 1.17118311577e-11, 1.12274573319e-11, 1.23438646457e-11, 1.39659794146e-11, 1.26637780123e-11, 1.14558102587e-11, 6.37892299746e-12, 1.91429055767e-12, 2.84165350755e-13, 1.8349364183e-13, 2.11979685107e-13, 9.52818150883e-16, 8.42619905599e-15], [7.456068098e-13, 1.47384101451e-11, 2.86200802641e-11, 1.07479192213e-10, 4.82080819708e-10, 2.25044455293e-10, 6.51020487519e-11, 4.88372502161e-11, 5.54526286001e-11, 4.36664489289e-11, 5.20239303026e-11, 4.80336534436e-11, 2.6428791447e-11, 1.84257348962e-11, 2.73208834028e-11, 2.56016614159e-11, 2.70290786281e-11, 3.03683710123e-11, 2.8547027589e-11, 2.7415916759e-11, 1.86000190944e-11, 5.54506397396e-12, 5.22907563603e-13, 3.33811727175e-13, 4.18760024486e-13, 9.33442708437e-14, 6.55482671925e-15], [3.22498863552e-13, 9.07895286728e-12, 2.12003557071e-11, 7.08689357198e-11, 2.25044455293e-10, 5.26567178749e-10, 6.256738877e-11, 3.60134595756e-11, 4.6720915331e-11, 3.81350610812e-11, 3.50926128434e-11, 2.76771366242e-11, 1.69802991112e-11, 1.26297661565e-11, 2.08357792825e-11, 1.56003127083e-11, 2.40637457877e-11, 2.12447143211e-11, 1.95683642901e-11, 1.64104684702e-11, 1.27710437711e-11, 4.12958382767e-12, 4.94859199191e-13, 2.80482478606e-13, 3.7274591508e-13, -3.01115571008e-14, 7.82120831451e-15], [9.7769760495e-14, 3.30223457086e-12, 7.91392992805e-12, 2.46842841306e-11, 6.51020487519e-11, 6.256738877e-11, 4.33042109116e-11, 1.71331733523e-11, 2.12616296097e-11, 1.59873694144e-11, 2.26110935531e-11, 2.03880801131e-11, 1.17806077393e-11, 8.41121616801e-12, 1.28863942087e-11, 1.25181531807e-11, 1.34145715369e-11, 1.48620161317e-11, 1.04866636208e-11, 1.14664961554e-11, 6.75810622741e-12, 1.84626272604e-12, 1.7199626055e-13, 1.1873034294e-13, 1.1451333859e-13, 2.16707704434e-14, 2.53259060757e-15], [8.38343405655e-14, 2.57850945456e-12, 6.12962154992e-12, 1.6756249166e-11, 4.88372502161e-11, 3.60134595756e-11, 1.71331733523e-11, 2.95034482956e-11, 1.63526778924e-11, 1.26330126915e-11, 1.76764124171e-11, 1.89728580069e-11, 1.31072999676e-11, 8.39040989464e-12, 1.22299843863e-11, 1.3451053639e-11, 1.3194267727e-11, 1.38194664046e-11, 1.00649306597e-11, 1.02881305905e-11, 5.68120724076e-12, 1.61755710822e-12, 1.05552312767e-13, 1.24508652628e-13, 1.40337435141e-13, 2.25738786659e-14, 3.03721048589e-15], [1.06230420239e-13, 3.47099389161e-12, 7.61679001121e-12, 2.02123890541e-11, 5.54526286001e-11, 4.6720915331e-11, 2.12616296097e-11, 1.63526778924e-11, 3.36821646962e-11, 1.95225727945e-11, 2.24758388984e-11, 2.29179730749e-11, 1.45723520056e-11, 1.00839111367e-11, 1.42493898625e-11, 1.36569609788e-11, 1.40074236932e-11, 1.54052465229e-11, 1.20329440856e-11, 1.23578100877e-11, 6.4925209306e-12, 1.97619264702e-12, 1.9765448772e-13, 1.454876123e-13, 1.72232955437e-13, 2.04798031561e-14, 1.99490531584e-15], [1.1276502193e-13, 2.83748567177e-12, 5.98218089648e-12, 1.79036629272e-11, 4.36664489289e-11, 3.81350610812e-11, 1.59873694144e-11, 1.26330126915e-11, 1.95225727945e-11, 3.09781575392e-11, 2.3128511259e-11, 2.03763221573e-11, 1.27108766221e-11, 8.87108789205e-12, 1.20565632131e-11, 1.16848397277e-11, 1.27077220274e-11, 1.36862734687e-11, 1.04650897323e-11, 1.12319641435e-11, 5.36864346382e-12, 1.57607358154e-12, 2.13862483495e-13, 1.25559474927e-13, 1.12472707471e-13, 5.90565929204e-16, 1.46563847281e-15], [1.87460249689e-13, 3.67912254481e-12, 7.64073526671e-12, 2.30762197545e-11, 5.20239303026e-11, 3.50926128434e-11, 2.26110935531e-11, 1.76764124171e-11, 2.24758388984e-11, 2.3128511259e-11, 4.59589172275e-11, 3.35193366119e-11, 2.05855298085e-11, 1.31055990713e-11, 1.86299916466e-11, 2.08558639109e-11, 2.09697571807e-11, 2.30298436571e-11, 1.67699795023e-11, 1.73477898713e-11, 8.45446369163e-12, 2.07538912271e-12, 2.18083201237e-13, 1.63004267202e-13, 1.47174549566e-13, 1.34115164991e-14, 1.34843134752e-15], [2.05580723885e-13, 3.34594634985e-12, 8.65527267913e-12, 1.81666123117e-11, 4.80336534436e-11, 2.76771366242e-11, 2.03880801131e-11, 1.89728580069e-11, 2.29179730749e-11, 2.03763221573e-11, 3.35193366119e-11, 6.08681577363e-11, 2.63531193395e-11, 1.6009749082e-11, 2.25964472828e-11, 2.43325793542e-11, 2.45496019347e-11, 2.74723074151e-11, 1.93865236364e-11, 2.00624863944e-11, 1.0591611789e-11, 2.62364760993e-12, 2.94294509552e-13, 1.90995738105e-13, 1.78937268648e-13, -1.21753032528e-14, 2.56018725862e-16], [1.25611977417e-13, 2.03287777237e-12, 4.84902439382e-12, 1.08143502833e-11, 2.6428791447e-11, 1.69802991112e-11, 1.17806077393e-11, 1.31072999676e-11, 1.45723520056e-11, 1.27108766221e-11, 2.05855298085e-11, 2.63531193395e-11, 2.2212932882e-11, 1.11672936523e-11, 1.31651304441e-11, 1.57872465101e-11, 1.60505376351e-11, 1.69892173246e-11, 1.28031994728e-11, 1.27845685427e-11, 6.37381640523e-12, 1.72653796641e-12, 2.09933619425e-13, 1.30924676482e-13, 1.15462015491e-13, 1.26433482485e-14, 6.56819734608e-16], [9.36449743162e-14, 1.38182488455e-12, 3.73686845356e-12, 7.97409620973e-12, 1.84257348962e-11, 1.26297661565e-11, 8.41121616801e-12, 8.39040989464e-12, 1.00839111367e-11, 8.87108789205e-12, 1.31055990713e-11, 1.6009749082e-11, 1.11672936523e-11, 1.08221738862e-11, 1.13229061544e-11, 1.14380180674e-11, 1.20392402644e-11, 1.25373409571e-11, 1.00464705999e-11, 9.63271649945e-12, 4.98318096856e-12, 1.38959774677e-12, 1.77556089948e-13, 1.01431084126e-13, 9.15810328505e-14, 1.2208290951e-14, 8.48120358888e-18], [1.00675537514e-13, 1.75614882879e-12, 5.23508103187e-12, 1.17118311577e-11, 2.73208834028e-11, 2.08357792825e-11, 1.28863942087e-11, 1.22299843863e-11, 1.42493898625e-11, 1.20565632131e-11, 1.86299916466e-11, 2.25964472828e-11, 1.31651304441e-11, 1.13229061544e-11, 2.3101366306e-11, 1.79325998495e-11, 1.7286169024e-11, 1.77095178799e-11, 1.36235033671e-11, 1.41926748132e-11, 7.19954651451e-12, 1.99004571502e-12, 2.59191187393e-13, 1.42207656783e-13, 1.3023849848e-13, 5.20311375433e-15, 3.15863112363e-16], [1.16707113266e-13, 2.18152102285e-12, 5.42102040341e-12, 1.12274573319e-11, 2.56016614159e-11, 1.56003127083e-11, 1.25181531807e-11, 1.3451053639e-11, 1.36569609788e-11, 1.16848397277e-11, 2.08558639109e-11, 2.43325793542e-11, 1.57872465101e-11, 1.14380180674e-11, 1.79325998495e-11, 2.49901072058e-11, 2.0534254852e-11, 2.09764861731e-11, 1.48741192973e-11, 1.60283453177e-11, 7.51278466521e-12, 2.00808532129e-12, 2.85100204079e-13, 1.3949869634e-13, 1.46115121413e-13, 7.03119466065e-15, 3.01199463269e-16], [1.75483691705e-13, 2.47061811114e-12, 5.96202427705e-12, 1.23438646457e-11, 2.70290786281e-11, 2.40637457877e-11, 1.34145715369e-11, 1.3194267727e-11, 1.40074236932e-11, 1.27077220274e-11, 2.09697571807e-11, 2.45496019347e-11, 1.60505376351e-11, 1.20392402644e-11, 1.7286169024e-11, 2.0534254852e-11, 3.90330510969e-11, 2.55022392093e-11, 2.00598218592e-11, 1.71980658881e-11, 1.01530624186e-11, 3.40509868565e-12, 8.32249688002e-13, 2.09119641091e-13, 3.3476745139e-13, 5.39879869394e-15, 3.91597561669e-15], [1.58380185594e-13, 2.85188409346e-12, 6.54219300261e-12, 1.39659794146e-11, 3.03683710123e-11, 2.12447143211e-11, 1.48620161317e-11, 1.38194664046e-11, 1.54052465229e-11, 1.36862734687e-11, 2.30298436571e-11, 2.74723074151e-11, 1.69892173246e-11, 1.25373409571e-11, 1.77095178799e-11, 2.09764861731e-11, 2.55022392093e-11, 3.01821484472e-11, 1.90478743889e-11, 1.91566918578e-11, 9.51636599383e-12, 2.67798110076e-12, 6.1096001305e-13, 2.00163196022e-13, 2.43886047425e-13, 5.4671881341e-15, 1.1148499421e-15], [1.61752420269e-13, 2.90455224976e-12, 5.64493200447e-12, 1.26637780123e-11, 2.8547027589e-11, 1.95683642901e-11, 1.04866636208e-11, 1.00649306597e-11, 1.20329440856e-11, 1.04650897323e-11, 1.67699795023e-11, 1.93865236364e-11, 1.28031994728e-11, 1.00464705999e-11, 1.36235033671e-11, 1.48741192973e-11, 2.00598218592e-11, 1.90478743889e-11, 1.96396059138e-11, 1.56293207543e-11, 7.89131000128e-12, 2.40551437276e-12, 4.91863765429e-13, 1.926576303e-13, 2.97135065034e-13, 1.71023439822e-14, 2.07452302475e-15], [1.28672314231e-13, 2.43621724356e-12, 5.31646168062e-12, 1.14558102587e-11, 2.7415916759e-11, 1.64104684702e-11, 1.14664961554e-11, 1.02881305905e-11, 1.23578100877e-11, 1.12319641435e-11, 1.73477898713e-11, 2.00624863944e-11, 1.27845685427e-11, 9.63271649945e-12, 1.41926748132e-11, 1.60283453177e-11, 1.71980658881e-11, 1.91566918578e-11, 1.56293207543e-11, 2.07709353189e-11, 8.82562946336e-12, 2.60126165399e-12, 5.89333811786e-13, 1.91501355789e-13, 2.33848883183e-13, 1.02637633432e-14, 9.39669446685e-16], [9.30035399822e-14, 1.47590869647e-12, 3.51860467845e-12, 6.37892299746e-12, 1.86000190944e-11, 1.27710437711e-11, 6.75810622741e-12, 5.68120724076e-12, 6.4925209306e-12, 5.36864346382e-12, 8.45446369163e-12, 1.0591611789e-11, 6.37381640523e-12, 4.98318096856e-12, 7.19954651451e-12, 7.51278466521e-12, 1.01530624186e-11, 9.51636599383e-12, 7.89131000128e-12, 8.82562946336e-12, 6.73366007051e-12, 1.98900271253e-12, 3.97741708276e-13, 1.36426473959e-13, 2.33411353396e-13, 8.90278722596e-15, 2.00095673097e-15], [2.76565998157e-14, 4.31925898043e-13, 1.02710288191e-12, 1.91429055767e-12, 5.54506397396e-12, 4.12958382767e-12, 1.84626272604e-12, 1.61755710822e-12, 1.97619264702e-12, 1.57607358154e-12, 2.07538912271e-12, 2.62364760993e-12, 1.72653796641e-12, 1.38959774677e-12, 1.99004571502e-12, 2.00808532129e-12, 3.40509868565e-12, 2.67798110076e-12, 2.40551437276e-12, 2.60126165399e-12, 1.98900271253e-12, 8.76807090475e-13, 1.98994670026e-13, 5.88102225881e-14, 1.22779688977e-13, 1.03839251312e-14, 1.35189708871e-15], [5.94334219968e-16, 1.44184150567e-14, 4.3232026303e-14, 2.84165350755e-13, 5.22907563603e-13, 4.94859199191e-13, 1.7199626055e-13, 1.05552312767e-13, 1.9765448772e-13, 2.13862483495e-13, 2.18083201237e-13, 2.94294509552e-13, 2.09933619425e-13, 1.77556089948e-13, 2.59191187393e-13, 2.85100204079e-13, 8.32249688002e-13, 6.1096001305e-13, 4.91863765429e-13, 5.89333811786e-13, 3.97741708276e-13, 1.98994670026e-13, 1.12917635312e-11, 2.5310089853e-14, 3.82475491166e-14, 3.87443881502e-15, 2.62991077568e-16], [1.84672346622e-15, 3.18279406194e-14, 5.69449205129e-14, 1.8349364183e-13, 3.33811727175e-13, 2.80482478606e-13, 1.1873034294e-13, 1.24508652628e-13, 1.454876123e-13, 1.25559474927e-13, 1.63004267202e-13, 1.90995738105e-13, 1.30924676482e-13, 1.01431084126e-13, 1.42207656783e-13, 1.3949869634e-13, 2.09119641091e-13, 2.00163196022e-13, 1.926576303e-13, 1.91501355789e-13, 1.36426473959e-13, 5.88102225881e-14, 2.5310089853e-14, 6.16535156804e-14, 3.45197503394e-14, 5.03963808957e-15, 2.83813582631e-16], [2.02961714953e-15, 5.03227559449e-14, 8.10680868138e-14, 2.11979685107e-13, 4.18760024486e-13, 3.7274591508e-13, 1.1451333859e-13, 1.40337435141e-13, 1.72232955437e-13, 1.12472707471e-13, 1.47174549566e-13, 1.78937268648e-13, 1.15462015491e-13, 9.15810328505e-14, 1.3023849848e-13, 1.46115121413e-13, 3.3476745139e-13, 2.43886047425e-13, 2.97135065034e-13, 2.33848883183e-13, 2.33411353396e-13, 1.22779688977e-13, 3.82475491166e-14, 3.45197503394e-14, 1.09723977137e-13, 2.48693447292e-14, 8.47649693119e-16], [-5.79887861294e-16, -7.37476435307e-15, -1.90250935259e-14, 9.52818150883e-16, 9.33442708437e-14, -3.01115571008e-14, 2.16707704434e-14, 2.25738786659e-14, 2.04798031561e-14, 5.90565929204e-16, 1.34115164991e-14, -1.21753032528e-14, 1.26433482485e-14, 1.2208290951e-14, 5.20311375433e-15, 7.03119466065e-15, 5.39879869394e-15, 5.4671881341e-15, 1.71023439822e-14, 1.02637633432e-14, 8.90278722596e-15, 1.03839251312e-14, 3.87443881502e-15, 5.03963808957e-15, 2.48693447292e-14, 2.23790075555e-13, 1.22566726259e-16], [-1.29889383991e-17, -4.70337501917e-18, 2.49948983054e-15, 8.42619905599e-15, 6.55482671925e-15, 7.82120831451e-15, 2.53259060757e-15, 3.03721048589e-15, 1.99490531584e-15, 1.46563847281e-15, 1.34843134752e-15, 2.56018725862e-16, 6.56819734608e-16, 8.48120358888e-18, 3.15863112363e-16, 3.01199463269e-16, 3.91597561669e-15, 1.1148499421e-15, 2.07452302475e-15, 9.39669446685e-16, 2.00095673097e-15, 1.35189708871e-15, 2.62991077568e-16, 2.83813582631e-16, 8.47649693119e-16, 1.22566726259e-16, 2.77468432353e-16]]
    },
    "mfcc": {
        "kurt": [0.0779106616974, 0.552780628204, 0.0554478168488, -0.0150389671326, 1.09621095657, 0.655517816544, 0.530518293381, 0.163456439972, 0.572676897049, 0.641797780991, 0.167542934418, 0.138516187668, 0.470633029938],
        "max": [-742.106262207, 166.575042725, 55.2431983948, 76.0649871826, 24.5163612366, 31.6631393433, 35.0554084778, 29.2157154083, 24.2264671326, 21.3467121124, 23.6776313782, 20.3678092957, 23.3249130249],
        "mean": [-964.431274414, 110.010704041, -5.17165899277, 11.5217046738, -7.87649774551, -5.79147052765, 4.05456209183, -8.23221969604, -5.12206077576, -7.83365631104, -8.66505527496, -4.67937374115, -4.16093683243],
        "median": [-964.183105469, 110.934516907, -1.5699005127, 10.5862464905, -7.15492248535, -5.68816375732, 4.26460647583, -8.03003692627, -5.11935424805, -7.53773498535, -8.76509666443, -4.68891143799, -4.11752319336],
        "min": [-1138.42004395, -0.82202911377, -98.4445724487, -32.9528579712, -58.7521591187, -50.1131896973, -39.4315109253, -46.6921539307, -42.4952316284, -44.8147163391, -32.4401931763, -31.666595459, -38.1928710938],
        "skew": [0.486273795366, -0.361902564764, -0.593070328236, 0.402482002974, -0.562134623528, -0.141440078616, -0.258778482676, -0.157136037946, -0.100153192878, -0.357885837555, 0.0851824879646, 0.028996899724, 0.0314612723887],
        "var": [3011.22753906, 334.669311523, 506.683898926, 219.822387695, 86.3933486938, 79.8716964722, 61.0358505249, 60.899307251, 45.1743850708, 49.3056259155, 35.6646728516, 36.7264862061, 35.678730011],
        "cov": [[3011.44799805, 570.616516113, -943.997009277, 539.342712402, -161.421188354, -8.99670982361, 47.7084465027, -127.087486267, 39.6647720337, -154.884536743, 1.62530076504, 9.44022464752, -6.31822681427], [570.616516113, 334.693817139, -77.3686218262, 44.8579330444, -24.15483284, -15.8735427856, -4.18321323395, -42.1262588501, -12.4686450958, -26.5821495056, -15.6808071136, -2.10894322395, -8.37131214142], [-943.997009277, -77.3686218262, 506.721008301, -134.671905518, 17.7275218964, 12.3084421158, -49.7890930176, 12.9445209503, -19.005355835, 38.2244911194, -3.4147028923, -13.2475566864, -3.33332109451], [539.342712402, 44.8579330444, -134.671905518, 219.838485718, -14.8893318176, -4.81510591507, 10.6625413895, -28.3652896881, 12.4432935715, -38.0034942627, 8.71751213074, 7.56194210052, -4.45010662079], [-161.421188354, -24.15483284, 17.7275218964, -14.8893318176, 86.3996734619, 9.39432430267, 10.132973671, 24.5060100555, -5.20262145996, 14.1209125519, 3.48947787285, 7.26826763153, 3.16681981087], [-8.99670982361, -15.8735427856, 12.3084421158, -4.81510591507, 9.39432430267, 79.8775405884, 24.4406452179, -1.92639768124, 14.9629907608, 3.84815478325, 2.69684886932, 4.33916711807, 6.35557460785], [47.7084465027, -4.18321323395, -49.7890930176, 10.6625413895, 10.132973671, 24.4406452179, 61.0403213501, 19.126449585, 9.26741504669, 7.77754354477, -0.17018096149, 5.53378915787, 3.61095499992], [-127.087486267, -42.1262588501, 12.9445209503, -28.3652896881, 24.5060100555, -1.92639768124, 19.126449585, 60.9037666321, 15.1121320724, 11.3268928528, 6.1555762291, -0.178962782025, 3.72565245628], [39.6647720337, -12.4686450958, -19.005355835, 12.4432935715, -5.20262145996, 14.9629907608, 9.26741504669, 15.1121320724, 45.1776924133, 13.5525369644, 4.34930801392, 6.00815677643, 1.5410091877], [-154.884536743, -26.5821495056, 38.2244911194, -38.0034942627, 14.1209125519, 3.84815478325, 7.77754354477, 11.3268928528, 13.5525369644, 49.3092384338, 13.5694284439, 1.80144309998, 6.58559608459], [1.62530076504, -15.6808071136, -3.4147028923, 8.71751213074, 3.48947787285, 2.69684886932, -0.17018096149, 6.1555762291, 4.34930801392, 13.5694284439, 35.6672821045, 15.6524276733, 2.3072218895], [9.44022464752, -2.10894322395, -13.2475566864, 7.56194210052, 7.26826763153, 4.33916711807, 5.53378915787, -0.178962782025, 6.00815677643, 1.80144309998, 15.6524276733, 36.7291755676, 13.3627414703], [-6.31822681427, -8.37131214142, -3.33332109451, -4.45010662079, 3.16681981087, 6.35557460785, 3.61095499992, 3.72565245628, 1.5410091877, 6.58559608459, 2.3072218895, 13.3627414703, 35.6813392639]]
    },
    "sccoeffs": {
        "kurt": [0.425169467926, 1.60382223129, 2.56072330475, 0.928465366364, 6.66997909546, 3.69180059433],
        "max": [-0.479031831026, -0.596179008484, -0.623240530491, -0.719862639904, -0.631256222725, -0.63818359375],
        "mean": [-0.777142763138, -0.844811141491, -0.869025111198, -0.866206228733, -0.876146495342, -0.829122424126],
        "median": [-0.782883524895, -0.849397182465, -0.871721744537, -0.867887020111, -0.880182921886, -0.832437694073],
        "min": [-0.913564920425, -0.953572690487, -0.942548513412, -0.93777680397, -0.928898334503, -0.89557248354],
        "skew": [0.593804478645, 0.870354175568, 0.870668768883, 0.56404042244, 1.68126165867, 1.21763026714],
        "var": [0.00297765643336, 0.00167372683063, 0.000761497707572, 0.000483945390442, 0.000433658569818, 0.000563919951674],
        "cov": [[0.00297787459567, 0.000475560722407, 0.000240541572566, 0.000160460229381, 0.000172263928107, 0.000172718151589], [0.000475560722407, 0.00167384941597, 0.000165281802765, 0.000109903303382, 0.000163081393111, 0.000127609891933], [0.000240541572566, 0.000165281802765, 0.000761553470511, 0.000117491479614, 0.000137174793053, 0.000108530250145], [0.000160460229381, 0.000109903303382, 0.000117491479614, 0.000483980809804, 0.000127404273371, 0.000122513767565], [0.000172263928107, 0.000163081393111, 0.000137174793053, 0.000127404273371, 0.000433690322097, 0.000128214218421], [0.000172718151589, 0.000127609891933, 0.000108530250145, 0.000122513767565, 0.000128214218421, 0.000563961220905]]
    },
    "scvalleys": {
        "kurt": [0.403723478317, 0.150212287903, 0.408044099808, 0.286562681198, 0.483545541763, 0.75065112114],
        "max": [-6.50052118301, -6.27233076096, -5.94431400299, -6.62357902527, -7.00171899796, -8.61798095703],
        "mean": [-8.70864391327, -8.39450645447, -8.68147563934, -9.43128108978, -9.93521118164, -12.157081604],
        "median": [-8.69961929321, -8.38759613037, -8.68672180176, -9.47124671936, -10.0066242218, -12.2136478424],
        "min": [-13.642457962, -12.9996776581, -13.4088077545, -14.4305143356, -15.1787014008, -17.1279716492],
        "skew": [-0.0613145977259, 0.0196154695004, 0.143407911062, 0.334077507257, 0.535328269005, 0.570786952972],
        "var": [0.412761628628, 0.411839753389, 0.386503905058, 0.465165585279, 0.502630710602, 0.457510054111],
        "cov": [[0.412791848183, 0.26052442193, 0.243817836046, 0.279202014208, 0.294012248516, 0.273548126221], [0.26052442193, 0.41186991334, 0.296793222427, 0.312601447105, 0.313087403774, 0.288803786039], [0.243817836046, 0.296793222427, 0.386532217264, 0.360173910856, 0.34852424264, 0.291393905878], [0.279202014208, 0.312601447105, 0.360173910856, 0.465199649334, 0.433629602194, 0.353372097015], [0.294012248516, 0.313087403774, 0.34852424264, 0.433629602194, 0.502667546272, 0.415965527296], [0.273548126221, 0.288803786039, 0.291393905878, 0.353372097015, 0.415965527296, 0.457543551922]]
    }
},
"rhythm": {
    "beats_loudness": {
        "kurt": 40.0028152466,
        "max": 0.00100055336952,
        "mean": 5.28765194758e-05,
        "median": 2.93803441309e-05,
        "min": 1.82826795481e-06,
        "skew": 5.26005601883,
        "var": 7.42360883876e-09
    },
    "bpm": 163.530151367,
    "confidence": -0.15786652267,
    "first_peak_bpm": {
        "kurt": 0,
        "max": 98,
        "mean": 98,
        "median": 98,
        "min": 98,
        "skew": 0,
        "var": 0
    },
    "first_peak_spread": {
        "kurt": 0,
        "max": 0.487179517746,
        "mean": 0.487179517746,
        "median": 0.487179517746,
        "min": 0.487179517746,
        "skew": 0,
        "var": 0
    },
    "first_peak_weight": {
        "kurt": 0,
        "max": 0.098684206605,
        "mean": 0.098684206605,
        "median": 0.098684206605,
        "min": 0.098684206605,
        "skew": 0,
        "var": 0
    },
    "onset_rate": 0.498205602169,
    "second_peak_bpm": {
        "kurt": 0,
        "max": 117,
        "mean": 117,
        "median": 117,
        "min": 117,
        "skew": 0,
        "var": 0
    },
    "second_peak_spread": {
        "kurt": 0,
        "max": 0.475409865379,
        "mean": 0.475409865379,
        "median": 0.475409865379,
        "min": 0.475409865379,
        "skew": 0,
        "var": 0
    },
    "second_peak_weight": {
        "kurt": 0,
        "max": 0.0526315793395,
        "mean": 0.0526315793395,
        "median": 0.0526315793395,
        "min": 0.0526315793395,
        "skew": 0,
        "var": 0
    },
    "beats_loudness_band_ratio": {
        "kurt": [1.7560210228, -0.178874731064, 3.28282976151, 1.5400185585, 5.03911590576, 38.5099563599],
        "max": [0.767833471298, 0.931183993816, 0.726604580879, 0.702556192875, 0.588254332542, 0.92209559679],
        "mean": [0.193643674254, 0.326456129551, 0.197640448809, 0.182431936264, 0.0969967991114, 0.0686573237181],
        "median": [0.176993876696, 0.307036727667, 0.185028985143, 0.167629286647, 0.0704552531242, 0.049168586731],
        "min": [0.00355063355528, 0.0221169535071, 0.0118128694594, 0.00801308546215, 0.00459470506757, 0.0031152642332],
        "skew": [1.03322970867, 0.543894588947, 1.25201952457, 0.988262176514, 2.04494929314, 5.04165029526],
        "var": [0.0120834540576, 0.0268393829465, 0.0097603360191, 0.0100268051028, 0.00679137650877, 0.00594792654738],
        "cov": [[0.0121033284813, -0.000241891088081, -0.00217752461322, -0.00327121163718, -0.00241387775168, -0.00195062102284], [-0.000241891088081, 0.0268835276365, -0.00258981715888, -0.00969093851745, -0.00697903195396, -0.00420682691038], [-0.00217752461322, -0.00258981715888, 0.00977638922632, -0.000193746964214, -0.00244788266718, -0.00218297727406], [-0.00327121163718, -0.00969093851745, -0.000193746964214, 0.0100432960317, 0.00215408741497, -0.000172476939042], [-0.00241387775168, -0.00697903195396, -0.00244788266718, 0.00215408741497, 0.00680254632607, 0.00190060562454], [-0.00195062102284, -0.00420682691038, -0.00218297727406, -0.000172476939042, 0.00190060562454, 0.0059577091597]]
    },
