{
"metadata": {
    "version": {
        "essentia": "2.1-beta3"
    }
},
"lowLevel": {
    "average_loudness": 0.00180127692875,
    "barkbands_kurtosis": {
        "kurt": 3.88810348511,
        "max": 21.9307689667,
        "mean": 1.7381196022,
        "median": 1.20275592804,
        "min": -1.80091655254,
        "skew": 1.46052157879,
        "var": 6.94072771072
    },
    "barkbands_skewness": {
        "kurt": 0.283519029617,
        "max": 4.26390457153,
        "mean": 1.27204787731,
        "median": 1.28815126419,
        "min": -2.03927612305,
        "skew": -0.0335209742188,
        "var": 0.503950834274
    },
    "barkbands_spread": {
        "kurt": 0.128057003021,
        "max": 48.5958786011,
        "mean": 18.6165885925,
        "median": 17.111125946,
        "min": 3.0599219799,
        "skew": 0.752190589905,
        "var": 56.5641784668
    },
    "dissonance": {
        "kurt": 6.68470478058,
        "max": 0.500000119209,
        "mean": 0.469916939735,
        "median": 0.474665760994,
        "min": 0.25363317132,
        "skew": -1.85237562656,
        "var": 0.000466499477625
    },
    "hfc": {
        "kurt": 78.8292388916,
        "max": 19.2864456177,
        "mean": 0.434261083603,
        "median": 0.0930529981852,
        "min": 3.30312241204e-06,
        "skew": 7.97723579407,
        "var": 1.75059247017
    },
    "pitch": {
        "kurt": 37.0520401001,
        "max": 4129.33154297,
        "mean": 291.425689697,
        "median": 202.160018921,
        "min": 54.8639755249,
        "skew": 6.05398702621,
        "var": 240548.390625
    },
    "pitch_instantaneous_confidence": {
        "kurt": 3.83177900314,
        "max": 0.941080451012,
        "mean": 0.288347929716,
        "median": 0.252274632454,
        "min": 0.11784273386,
        "skew": 1.81626474857,
        "var": 0.016668446362
    },
    "pitch_salience": {
        "kurt": 1.48274230957,
        "max": 0.876593649387,
        "mean": 0.694778323174,
        "median": 0.710291802883,
        "min": 0.290864795446,
        "skew": -1.07071447372,
        "var": 0.00678594224155
    },
    "silence_rate_20dB": {
        "kurt": 0,
        "max": 1,
        "mean": 1,
        "median": 1,
        "min": 1,
        "skew": 0,
        "var": 0
    },
    "silence_rate_30dB": {
        "kurt": 0,
        "max": 1,
        "mean": 1,
        "median": 1,
        "min": 1,
        "skew": 0,
        "var": 0
    },
    "silence_rate_60dB": {
        "kurt": 31.204334259,
        "max": 1,
        "mean": 0.9723559618,
        "median": 1,
        "min": 0,
        "skew": -5.76235389709,
        "var": 0.0268789511174
    },
    "spectral_centroid": {
        "kurt": 4.91634368896,
        "max": 3225.46459961,
        "mean": 727.792419434,
        "median": 639.961914062,
        "min": 242.131622314,
        "skew": 1.71288359165,
        "var": 105692.9375
    },
    "spectral_complexity": {
        "kurt": 37.774723053,
        "max": 33,
        "mean": 1.29677188396,
        "median": 0,
        "min": 0,
        "skew": 5.43180608749,
        "var": 10.0954809189
    },
    "spectral_crest": {
        "kurt": 1.34725809097,
        "max": 23.7106056213,
        "mean": 7.86971282959,
        "median": 7.28043079376,
        "min": 2.44145226479,
        "skew": 1.05608558655,
        "var": 9.93040084839
    },
    "spectral_decrease": {
        "kurt": 56.5574264526,
        "max": -1.22144575626e-15,
        "mean": -1.18432291751e-10,
        "median": -3.84898640737e-11,
        "min": -4.27272883741e-09,
        "skew": -6.65750789642,
        "var": 8.65251083258e-20
    },
    "spectral_energy": {
        "kurt": 56.895072937,
        "max": 0.0177073292434,
        "mean": 0.000486379227368,
        "median": 0.000154946916155,
        "min": 5.07279152018e-09,
        "skew": 6.68900775909,
        "var": 1.48765536778e-06
    },
    "spectral_energyband_high": {
        "kurt": 134.692123413,
        "max": 0.00082816806389,
        "mean": 9.90636181086e-06,
        "median": 8.94502306892e-07,
        "min": 4.34174779462e-11,
        "skew": 10.4929637909,
        "var": 1.95306260053e-09
    },
    "spectral_energyband_low": {
        "kurt": 56.511302948,
        "max": 0.00376810878515,
        "mean": 9.09249210963e-05,
        "median": 2.21653153858e-05,
        "min": 1.94747301618e-10,
        "skew": 6.53216600418,
        "var": 6.65502994934e-08
    },
    "spectral_energyband_middle_high": {
        "kurt": 59.9024238586,
        "max": 0.00562133360654,
        "mean": 0.000147279541125,
        "median": 2.8777112675e-05,
        "min": 1.37641487097e-09,
        "skew": 6.95096206665,
        "var": 1.77124675815e-07
    },
    "spectral_energyband_middle_low": {
        "kurt": 70.8754043579,
        "max": 0.0117264930159,
        "mean": 0.000275106431218,
        "median": 9.75725779426e-05,
        "min": 2.88476909027e-09,
        "skew": 7.47528982162,
        "var": 5.38171377684e-07
    },
    "spectral_flatness_db": {
        "kurt": -0.282231330872,
        "max": 0.304793179035,
        "mean": 0.165740564466,
        "median": 0.166421592236,
        "min": 0.0800476819277,
        "skew": 0.0854137763381,
        "var": 0.00095630181022
    },
    "spectral_flux": {
        "kurt": 14.0376834869,
        "max": 0.0835499688983,
        "mean": 0.0101067665964,
        "median": 0.0076077952981,
        "min": 7.1223534178e-05,
        "skew": 3.1471965313,
        "var": 6.25847533229e-05
    },
    "spectral_kurtosis": {
        "kurt": 1.34201812744,
        "max": 32.54271698,
        "mean": 9.09112358093,
        "median": 8.60030174255,
        "min": 1.28653860092,
        "skew": 0.889799356461,
        "var": 13.2715129852
    },
    "spectral_rms": {
        "kurt": 13.9773807526,
        "max": 0.00415637390688,
        "mean": 0.000528473872691,
        "median": 0.000388802931411,
        "min": 2.22464950639e-06,
        "skew": 3.22930788994,
        "var": 1.95233042177e-07
    },
    "spectral_rolloff": {
        "kurt": 0.196308374405,
        "max": 4328.17382812,
        "mean": 1327.5748291,
        "median": 1033.59375,
        "min": 172.265625,
        "skew": 1.03280615807,
        "var": 621587.9375
    },
    "spectral_skewness": {
        "kurt": 0.788190126419,
        "max": 4.37301158905,
        "mean": 2.27472257614,
        "median": 2.28054666519,
        "min": 0.0747382640839,
        "skew": -0.128484323621,
        "var": 0.17308883369
    },
    "spectral_spread": {
        "kurt": 2.32423782349,
        "max": 8943392,
        "mean": 3287731,
        "median": 3137482,
        "min": 1603582.625,
        "skew": 1.19752085209,
        "var": 680458584064
    },
    "spectral_strongpeak": {
        "kurt": 84.1604690552,
        "max": 2.83019137383,
        "mean": 0.0731831565499,
        "median": 0.0364052578807,
        "min": 6.11926152487e-05,
        "skew": 6.3527803421,
        "var": 0.0130122192204
    },
    "zerocrossingrate": {
        "kurt": 2.1545996666,
        "max": 0.16357421875,
        "mean": 0.0484729073942,
        "median": 0.04443359375,
        "min": 0.009765625,
        "skew": 1.18862438202,
        "var": 0.000294487283099
    },
    "barkbands": {
        "kurt": [25.1287326813, 81.107421875, 46.1128845215, 159.103286743, 189.59703064, 136.637466431, 239.898391724, 563.397888184, 162.849746704, 361.134155273, 80.2426757812, 101.166297913, 66.4001541138, 69.6384735107, 59.0068702698, 138.035491943, 121.198745728, 162.795181274, 151.241455078, 173.571426392, 150.917785645, 170.641418457, 120.315086365, 236.068756104, 260.79888916, 370.888183594, 310.668457031],
        "max": [4.47276261184e-06, 0.00119182746857, 0.00143375364132, 0.00443290546536, 0.00963704660535, 0.00211180397309, 0.00264410045929, 0.00266559328884, 0.00176704628393, 0.00346862128936, 0.000876160687767, 0.000699938507751, 0.000437792157754, 0.000502846785821, 0.000497679051477, 0.00094109820202, 0.000908877351321, 0.00163065397646, 0.00121916399803, 0.000991842127405, 0.000335857650498, 0.000143938857946, 2.77916897176e-05, 3.34574215231e-05, 2.82338605757e-05, 1.30443652324e-06, 1.36410571727e-08],
        "mean": [1.80850861398e-07, 2.31386402447e-05, 3.55355950887e-05, 5.35495055374e-05, 0.000104250524601, 3.71365240426e-05, 2.66224087682e-05, 2.10229063669e-05, 2.44804705289e-05, 2.42606911343e-05, 1.67573252838e-05, 1.2213534319e-05, 9.25284984987e-06, 9.11028837436e-06, 1.06073266579e-05, 1.36797098094e-05, 1.36650269269e-05, 1.87648856809e-05, 1.58474813361e-05, 1.0827373444e-05, 3.68046266885e-06, 1.11332701636e-06, 2.95554428931e-07, 2.26513805046e-07, 1.56403558549e-07, 4.9810435776e-09, 6.23758614204e-11],
        "median": [5.70870319905e-08, 4.90416368848e-06, 7.63719435781e-06, 1.13144888019e-05, 2.84788238787e-05, 1.32485029098e-05, 8.20370769361e-06, 6.92196317686e-06, 6.87763622409e-06, 4.91665696245e-06, 2.9316263408e-06, 2.56731686932e-06, 1.88707895177e-06, 1.82169446816e-06, 2.09553945751e-06, 2.09932204598e-06, 1.90450668924e-06, 2.00141244022e-06, 1.81842960956e-06, 1.09804250314e-06, 3.28613964484e-07, 6.47458691105e-08, 1.44934384494e-08, 7.84130183007e-09, 5.09234077128e-09, 1.71525946224e-10, 4.96859888302e-12],
        "min": [8.15931388209e-14, 2.95710261833e-11, 5.98549959596e-11, 5.15241016519e-10, 1.0492828828e-09, 4.74843830922e-10, 1.20846110896e-10, 8.03238656144e-11, 1.940146932e-10, 4.02977096137e-10, 8.74016622965e-11, 3.8804688629e-11, 6.98655439058e-11, 8.61145876829e-11, 2.99346554489e-11, 6.1147968633e-11, 5.61402452304e-11, 5.67792063366e-11, 4.71715097539e-11, 5.82317666309e-11, 1.21799220015e-11, 1.29810799696e-12, 4.76841276967e-13, 1.2079891937e-13, 4.99809984795e-14, 5.97352198359e-15, 6.75130310527e-16],
        "skew": [4.56624078751, 8.11267948151, 6.14686489105, 11.3485574722, 11.3781366348, 8.81789207458, 12.0583028793, 18.304473877, 10.9860582352, 15.5892219543, 7.81044578552, 8.48239421844, 7.03211927414, 7.02491521835, 6.15151119232, 9.90722846985, 9.64243602753, 11.7808218002, 10.7603683472, 11.8675041199, 10.8407869339, 11.9164304733, 9.86126327515, 13.4017047882, 14.5772857666, 17.9081077576, 16.7908420563],
        "var": [1.53277916618e-13, 5.75641712075e-09, 1.08325428627e-08, 5.34379545059e-08, 1.37049710247e-07, 7.30496552137e-09, 6.96316559967e-09, 4.27378843426e-09, 6.67254873576e-09, 1.03519797179e-08, 2.61574761851e-09, 1.32606148284e-09, 6.60781540596e-10, 6.57145837746e-10, 6.60616006343e-10, 1.98568672616e-09, 2.5826207839e-09, 7.86665399488e-09, 3.76283448844e-09, 2.36432584622e-09, 2.59723520468e-10, 4.00176974891e-11, 1.97696893578e-12, 1.54451039631e-12, 1.08945914356e-12, 2.10303097738e-15, 3.17247779001e-19],
        "cov": [[1.53305252065e-13, 1.5140015977e-11, 9.02223261379e-12, 1.52264052061e-11, 3.02006197828e-11, 1.17746307496e-11, 1.0751691204e-11, 5.26109537879e-12, 9.7755007214e-12, 1.14484801847e-11, 5.72226250758e-12, 4.61504662611e-12, 3.04877108802e-12, 2.46688607042e-12, 2.50705055674e-12, 2.83454965229e-12, 2.73969172002e-12, 4.99707957305e-12, 4.23700614524e-12, 2.26736121198e-12, 1.0435879591e-12, 3.88130445752e-13, 1.40288903541e-13, 1.41318394161e-13, 1.28744928672e-13, 4.73276652311e-15, 5.91568604456e-17], [1.5140015977e-11, 5.75744429909e-09, 2.50673704016e-09, 5.06658315302e-09, 7.35607619262e-09, 2.34772934427e-09, 2.31007257767e-09, 1.11225872956e-09, 1.70628278173e-09, 1.78211378987e-09, 9.95159066264e-10, 7.10105252377e-10, 4.88866114257e-10, 4.31335439588e-10, 4.51996717832e-10, 6.19739648489e-10, 6.68395727654e-10, 1.08951669908e-09, 9.08660646726e-10, 6.60674404074e-10, 2.51082959979e-10, 8.86599682559e-11, 3.39379635506e-11, 2.88844746732e-11, 2.42437857984e-11, 8.99883791615e-13, 1.07368092214e-14], [9.02223261379e-12, 2.50673704016e-09, 1.0834475539e-08, 1.23612666769e-08, 2.35907133828e-08, 3.74221054145e-09, 3.36672423273e-09, 2.23736251748e-09, 3.58867624506e-09, 3.76136632951e-09, 2.16779527662e-09, 1.8526237211e-09, 1.20800602854e-09, 1.07433117957e-09, 1.17298193381e-09, 2.49118747853e-09, 2.93182034206e-09, 4.92916329975e-09, 3.54574569705e-09, 2.78419798327e-09, 9.67434465871e-10, 3.72982172925e-10, 8.12708927933e-11, 5.57354960795e-11, 4.32154485808e-11, 1.55225463559e-12, 2.02223186926e-14], [1.52264052061e-11, 5.06658315302e-09, 1.23612666769e-08, 5.34474864367e-08, 4.16578593843e-08, 6.41105302179e-09, 5.24424947912e-09, 4.32369517966e-09, 7.56280726932e-09, 1.13103917343e-08, 3.99217858771e-09, 3.20481730043e-09, 2.31622232505e-09, 1.79107317866e-09, 1.98398120155e-09, 3.23652105116e-09, 3.08861891618e-09, 4.7590926755e-09, 4.22551771351e-09, 2.96619195872e-09, 1.15700449221e-09, 3.66477653779e-10, 1.11984387041e-10, 1.04358272024e-10, 1.03878100566e-10, 3.24564507215e-12, 4.81105261153e-14], [3.02006197828e-11, 7.35607619262e-09, 2.35907133828e-08, 4.16578593843e-08, 1.37074167128e-07, 1.62760258604e-08, 1.60273874172e-08, 8.55481818718e-09, 1.56775428195e-08, 1.80909367486e-08, 9.20969611684e-09, 8.04350364092e-09, 5.44076694808e-09, 4.81269468722e-09, 4.65399940808e-09, 1.00000034919e-08, 1.27541595063e-08, 2.1566787467e-08, 1.58074016099e-08, 1.23659376072e-08, 4.4588737147e-09, 1.75338787933e-09, 3.55767332261e-10, 2.4937993337e-10, 1.81245629616e-10, 6.62392449918e-12, 8.64118686003e-14], [1.17746307496e-11, 2.34772934427e-09, 3.74221054145e-09, 6.41105302179e-09, 1.62760258604e-08, 7.30626847911e-09, 3.91494303642e-09, 2.85572676617e-09, 4.11531697608e-09, 4.39554392884e-09, 2.19556817171e-09, 1.82539561244e-09, 1.429401153e-09, 1.26953703106e-09, 1.16689469198e-09, 1.92395521736e-09, 2.2132580213e-09, 3.30527982761e-09, 2.59859533891e-09, 1.9131829454e-09, 7.23777038303e-10, 2.67332073145e-10, 7.58110657584e-11, 6.71388292184e-11, 5.21331762482e-11, 1.99365263881e-12, 2.47854173166e-14], [1.0751691204e-11, 2.31007257767e-09, 3.36672423273e-09, 5.24424947912e-09, 1.60273874172e-08, 3.91494303642e-09, 6.9644072731e-09, 2.73937339479e-09, 3.79380526994e-09, 4.51804016421e-09, 1.81766846019e-09, 1.73883540899e-09, 1.26866661621e-09, 1.10095221828e-09, 1.03202879576e-09, 1.75652548062e-09, 2.05759276284e-09, 3.22287618815e-09, 2.52464849027e-09, 1.81350245931e-09, 7.09913239305e-10, 2.6520319274e-10, 7.14950043612e-11, 6.7030742068e-11, 5.61457234871e-11, 2.24714279302e-12, 2.91947557438e-14], [5.26109537879e-12, 1.11225872956e-09, 2.23736251748e-09, 4.32369517966e-09, 8.55481818718e-09, 2.85572676617e-09, 2.73937339479e-09, 4.27455093543e-09, 3.09743364291e-09, 3.13811465702e-09, 1.7080005188e-09, 1.24209265095e-09, 8.35882196792e-10, 6.86255274829e-10, 6.89592050129e-10, 1.09198494691e-09, 1.37927957944e-09, 2.10348383156e-09, 1.60812652084e-09, 1.01764519034e-09, 4.24504459362e-10, 1.57162241554e-10, 4.94578648869e-11, 5.06446204418e-11, 4.63182894817e-11, 1.83284594099e-12, 2.39555621975e-14], [9.7755007214e-12, 1.70628278173e-09, 3.58867624506e-09, 7.56280726932e-09, 1.56775428195e-08, 4.11531697608e-09, 3.79380526994e-09, 3.09743364291e-09, 6.67373889485e-09, 5.89348081448e-09, 2.5118183089e-09, 1.8641463928e-09, 1.39306166602e-09, 1.05400610462e-09, 1.01132469066e-09, 1.58712532006e-09, 1.925416937e-09, 3.15950221541e-09, 2.32838925918e-09, 1.67505254112e-09, 6.48319231633e-10, 2.34015001821e-10, 6.87093368312e-11, 7.02435401512e-11, 5.97553811987e-11, 2.23860361671e-12, 2.78812431177e-14], [1.14484801847e-11, 1.78211378987e-09, 3.76136632951e-09, 1.13103917343e-08, 1.80909367486e-08, 4.39554392884e-09, 4.51804016421e-09, 3.13811465702e-09, 5.89348081448e-09, 1.03538262408e-08, 2.82099166249e-09, 1.979503228e-09, 1.60108881708e-09, 1.16117471194e-09, 1.19202003823e-09, 1.59320401316e-09, 1.91853488651e-09, 2.84931389594e-09, 2.38351782755e-09, 1.61079927175e-09, 6.5397032234e-10, 2.12239087416e-10, 6.83480147479e-11, 7.61499613366e-11, 6.89545781585e-11, 2.57143004806e-12, 3.75547439284e-14], [5.72226250758e-12, 9.95159066264e-10, 2.16779527662e-09, 3.99217858771e-09, 9.20969611684e-09, 2.19556817171e-09, 1.81766846019e-09, 1.7080005188e-09, 2.5118183089e-09, 2.82099166249e-09, 2.61621413422e-09, 1.09497511058e-09, 7.63846097485e-10, 7.18975490255e-10, 6.65068111694e-10, 1.045953546e-09, 1.19995957615e-09, 2.0469037576e-09, 1.46070444629e-09, 1.06877773298e-09, 4.00465022254e-10, 1.48015835699e-10, 3.73198347225e-11, 3.55956271403e-11, 3.09881321992e-11, 1.15580028187e-12, 1.3992171984e-14], [4.61504662611e-12, 7.10105252377e-10, 1.8526237211e-09, 3.20481730043e-09, 8.04350364092e-09, 1.82539561244e-09, 1.73883540899e-09, 1.24209265095e-09, 1.8641463928e-09, 1.979503228e-09, 1.09497511058e-09, 1.32629796035e-09, 6.34550412215e-10, 5.94901239381e-10, 5.84189141506e-10, 1.05382869098e-09, 1.23988197487e-09, 2.10008410662e-09, 1.43491951654e-09, 1.10218123517e-09, 4.04771188789e-10, 1.55554069625e-10, 3.67847349803e-11, 2.94698605796e-11, 2.28787232215e-11, 8.41340614798e-13, 1.12203413674e-14], [3.04877108802e-12, 4.88866114257e-10, 1.20800602854e-09, 2.31622232505e-09, 5.44076694808e-09, 1.429401153e-09, 1.26866661621e-09, 8.35882196792e-10, 1.39306166602e-09, 1.60108881708e-09, 7.63846097485e-10, 6.34550412215e-10, 6.60899446281e-10, 4.7500525735e-10, 4.46180647984e-10, 6.87215617745e-10, 7.79376951865e-10, 1.17034593128e-09, 9.22232901157e-10, 6.54513443443e-10, 2.50034298821e-10, 9.19279929956e-11, 2.39706501176e-11, 2.10580320542e-11, 1.68862354655e-11, 6.36924703517e-13, 7.79407954328e-15], [2.46688607042e-12, 4.31335439588e-10, 1.07433117957e-09, 1.79107317866e-09, 4.81269468722e-09, 1.26953703106e-09, 1.10095221828e-09, 6.86255274829e-10, 1.05400610462e-09, 1.16117471194e-09, 7.18975490255e-10, 5.94901239381e-10, 4.7500525735e-10, 6.57263077297e-10, 5.13544762271e-10, 7.82704068225e-10, 8.60101323497e-10, 1.27118937598e-09, 9.96687177235e-10, 7.23423709825e-10, 2.61291627224e-10, 9.3170277049e-11, 2.34246476383e-11, 1.91330649241e-11, 1.33475539649e-11, 5.11585294526e-13, 5.98460922136e-15], [2.50705055674e-12, 4.51996717832e-10, 1.17298193381e-09, 1.98398120155e-09, 4.65399940808e-09, 1.16689469198e-09, 1.03202879576e-09, 6.89592050129e-10, 1.01132469066e-09, 1.19202003823e-09, 6.65068111694e-10, 5.84189141506e-10, 4.46180647984e-10, 5.13544762271e-10, 6.60733856517e-10, 8.47105718904e-10, 8.94665674878e-10, 1.36880151658e-09, 1.01379526996e-09, 7.20734638637e-10, 2.70614308739e-10, 9.31128021908e-11, 2.33138421762e-11, 1.90955324469e-11, 1.32709234227e-11, 4.98285603317e-13, 5.93655492468e-15], [2.83454965229e-12, 6.19739648489e-10, 2.49118747853e-09, 3.23652105116e-09, 1.00000034919e-08, 1.92395521736e-09, 1.75652548062e-09, 1.09198494691e-09, 1.58712532006e-09, 1.59320401316e-09, 1.045953546e-09, 1.05382869098e-09, 6.87215617745e-10, 7.82704068225e-10, 8.47105718904e-10, 1.9860408873e-09, 1.91098070701e-09, 3.13323966772e-09, 2.29720087397e-09, 1.76344228109e-09, 5.85174242396e-10, 2.22003873618e-10, 4.88075933835e-11, 3.16692123914e-11, 1.94975858375e-11, 7.57008821947e-13, 9.45951572417e-15], [2.73969172002e-12, 6.68395727654e-10, 2.93182034206e-09, 3.08861891618e-09, 1.27541595063e-08, 2.2132580213e-09, 2.05759276284e-09, 1.37927957944e-09, 1.925416937e-09, 1.91853488651e-09, 1.19995957615e-09, 1.23988197487e-09, 7.79376951865e-10, 8.60101323497e-10, 8.94665674878e-10, 1.91098070701e-09, 2.58308152645e-09, 3.80316667048e-09, 2.69956457188e-09, 2.05675210196e-09, 7.02913116601e-10, 2.64647026516e-10, 5.80639841763e-11, 3.89122623012e-11, 2.39744647745e-11, 9.45263073544e-13, 1.18615758017e-14], [4.99707957305e-12, 1.08951669908e-09, 4.92916329975e-09, 4.7590926755e-09, 2.1566787467e-08, 3.30527982761e-09, 3.22287618815e-09, 2.10348383156e-09, 3.15950221541e-09, 2.84931389594e-09, 2.0469037576e-09, 2.10008410662e-09, 1.17034593128e-09, 1.27118937598e-09, 1.36880151658e-09, 3.13323966772e-09, 3.80316667048e-09, 7.86805731678e-09, 4.95973440096e-09, 3.74496123001e-09, 1.23596621826e-09, 4.92932306084e-10, 1.0098745451e-10, 6.23912727038e-11, 3.8155024279e-11, 1.53641400817e-12, 1.8816804736e-14], [4.23700614524e-12, 9.08660646726e-10, 3.54574569705e-09, 4.22551771351e-09, 1.58074016099e-08, 2.59859533891e-09, 2.52464849027e-09, 1.60812652084e-09, 2.32838925918e-09, 2.38351782755e-09, 1.46070444629e-09, 1.43491951654e-09, 9.22232901157e-10, 9.96687177235e-10, 1.01379526996e-09, 2.29720087397e-09, 2.69956457188e-09, 4.95973440096e-09, 3.76350550724e-09, 2.65156296919e-09, 8.67703853213e-10, 3.43616385345e-10, 7.17468515155e-11, 4.68326696867e-11, 2.96010368994e-11, 1.17748746951e-12, 1.48932820558e-14], [2.26736121198e-12, 6.60674404074e-10, 2.78419798327e-09, 2.96619195872e-09, 1.23659376072e-08, 1.9131829454e-09, 1.81350245931e-09, 1.01764519034e-09, 1.67505254112e-09, 1.61079927175e-09, 1.06877773298e-09, 1.10218123517e-09, 6.54513443443e-10, 7.23423709825e-10, 7.20734638637e-10, 1.76344228109e-09, 2.05675210196e-09, 3.74496123001e-09, 2.65156296919e-09, 2.36474750892e-09, 6.91323442936e-10, 2.71256322959e-10, 5.53401144354e-11, 3.34943045521e-11, 1.92049726816e-11, 7.35693569866e-13, 9.28066725846e-15], [1.0435879591e-12, 2.51082959979e-10, 9.67434465871e-10, 1.15700449221e-09, 4.4588737147e-09, 7.23777038303e-10, 7.09913239305e-10, 4.24504459362e-10, 6.48319231633e-10, 6.5397032234e-10, 4.00465022254e-10, 4.04771188789e-10, 2.50034298821e-10, 2.61291627224e-10, 2.70614308739e-10, 5.85174242396e-10, 7.02913116601e-10, 1.23596621826e-09, 8.67703853213e-10, 6.91323442936e-10, 2.59769844524e-10, 9.55445791928e-11, 1.95702690164e-11, 1.32664651833e-11, 8.35038635461e-12, 3.41034139947e-13, 4.22015065376e-15], [3.88130445752e-13, 8.86599682559e-11, 3.72982172925e-10, 3.66477653779e-10, 1.75338787933e-09, 2.67332073145e-10, 2.6520319274e-10, 1.57162241554e-10, 2.34015001821e-10, 2.12239087416e-10, 1.48015835699e-10, 1.55554069625e-10, 9.19279929956e-11, 9.3170277049e-11, 9.31128021908e-11, 2.22003873618e-10, 2.64647026516e-10, 4.92932306084e-10, 3.43616385345e-10, 2.71256322959e-10, 9.55445791928e-11, 4.00248376109e-11, 7.75919606344e-12, 5.21415159313e-12, 3.33213621626e-12, 1.39128116037e-13, 1.6914505744e-15], [1.40288903541e-13, 3.39379635506e-11, 8.12708927933e-11, 1.11984387041e-10, 3.55767332261e-10, 7.58110657584e-11, 7.14950043612e-11, 4.94578648869e-11, 6.87093368312e-11, 6.83480147479e-11, 3.73198347225e-11, 3.67847349803e-11, 2.39706501176e-11, 2.34246476383e-11, 2.33138421762e-11, 4.88075933835e-11, 5.80639841763e-11, 1.0098745451e-10, 7.17468515155e-11, 5.53401144354e-11, 1.95702690164e-11, 7.75919606344e-12, 1.97732151833e-12, 1.46080684441e-12, 9.9894495887e-13, 4.28201209571e-14, 5.26134674006e-16], [1.41318394161e-13, 2.88844746732e-11, 5.57354960795e-11, 1.04358272024e-10, 2.4937993337e-10, 6.71388292184e-11, 6.7030742068e-11, 5.06446204418e-11, 7.02435401512e-11, 7.61499613366e-11, 3.55956271403e-11, 2.94698605796e-11, 2.10580320542e-11, 1.91330649241e-11, 1.90955324469e-11, 3.16692123914e-11, 3.89122623012e-11, 6.23912727038e-11, 4.68326696867e-11, 3.34943045521e-11, 1.32664651833e-11, 5.21415159313e-12, 1.46080684441e-12, 1.54478589209e-12, 1.11929367684e-12, 4.95208732419e-14, 5.95940300315e-16], [1.28744928672e-13, 2.42437857984e-11, 4.32154485808e-11, 1.03878100566e-10, 1.81245629616e-10, 5.21331762482e-11, 5.61457234871e-11, 4.63182894817e-11, 5.97553811987e-11, 6.89545781585e-11, 3.09881321992e-11, 2.28787232215e-11, 1.68862354655e-11, 1.33475539649e-11, 1.32709234227e-11, 1.94975858375e-11, 2.39744647745e-11, 3.8155024279e-11, 2.96010368994e-11, 1.92049726816e-11, 8.35038635461e-12, 3.33213621626e-12, 9.9894495887e-13, 1.11929367684e-12, 1.08965343259e-12, 4.36534794044e-14, 5.34239244064e-16], [4.73276652311e-15, 8.99883791615e-13, 1.55225463559e-12, 3.24564507215e-12, 6.62392449918e-12, 1.99365263881e-12, 2.24714279302e-12, 1.83284594099e-12, 2.23860361671e-12, 2.57143004806e-12, 1.15580028187e-12, 8.41340614798e-13, 6.36924703517e-13, 5.11585294526e-13, 4.98285603317e-13, 7.57008821947e-13, 9.45263073544e-13, 1.53641400817e-12, 1.17748746951e-12, 7.35693569866e-13, 3.41034139947e-13, 1.39128116037e-13, 4.28201209571e-14, 4.95208732419e-14, 4.36534794044e-14, 2.10340600121e-15, 2.42470079838e-17], [5.91568604456e-17, 1.07368092214e-14, 2.02223186926e-14, 4.81105261153e-14, 8.64118686003e-14, 2.47854173166e-14, 2.91947557438e-14, 2.39555621975e-14, 2.78812431177e-14, 3.75547439284e-14, 1.3992171984e-14, 1.12203413674e-14, 7.79407954328e-15, 5.98460922136e-15, 5.93655492468e-15, 9.45951572417e-15, 1.18615758017e-14, 1.8816804736e-14, 1.48932820558e-14, 9.28066725846e-15, 4.22015065376e-15, 1.6914505744e-15, 5.26134674006e-16, 5.95940300315e-16, 5.34239244064e-16, 2.42470079838e-17, 3.17304389174e-19]]
    },
    "mfcc": {
        "kurt": [1.23116636276, 8.22411346436, -0.737808704376, 0.129828691483, 0.133547782898, 1.18542194366, 0.81926202774, 0.479563236237, 0.344666242599, 0.87358379364, 0.714254379272, 0.199782848358, 0.333587169647],
        "max": [-616.826049805, 191.002532959, 32.966709137, 75.5117034912, 36.9949684143, 26.7122497559, 47.307975769, 25.6641330719, 21.8369216919, 28.7910556793, 17.990032196, 16.5401477814, 23.6288146973],
        "mean": [-883.094970703, 144.21496582, -21.6442260742, 25.8984909058, 3.7235584259, -15.0830516815, 4.00578022003, -3.84841179848, -3.93715453148, -1.32998764515, -7.46475791931, -6.16505384445, -3.91010427475],
        "median": [-900.780395508, 145.441223145, -18.9582710266, 25.1801948547, 4.18927001953, -14.7926025391, 4.11235427856, -3.54086112976, -3.86577796936, -1.22529602051, -7.43978309631, -6.21021270752, -3.97148132324],
        "min": [-1138.42004395, 1.14440917969e-05, -86.1793365479, -21.126750946, -45.7688903809, -63.1315574646, -28.0433044434, -40.260345459, -31.4214878082, -39.0223464966, -38.8730201721, -32.1852378845, -27.2148094177],
        "skew": [1.05939686298, -1.41023123264, -0.224510148168, 0.258675038815, -0.334909290075, -0.31489366293, 0.138008445501, -0.255109906197, -0.0424330085516, 0.00520856352523, -0.0433970168233, 0.0264030527323, 0.0447087474167],
        "var": [4569.28076172, 192.700439453, 436.934143066, 176.208709717, 116.075721741, 86.525642395, 63.9684562683, 56.5325469971, 46.2294616699, 46.9023208618, 42.9414634705, 39.9181518555, 38.6672821045],
        "cov": [[4570.09619141, -22.1238327026, -1001.25134277, 534.829528809, -329.039550781, 203.406723022, 117.976119995, -35.6439056396, 90.421661377, -107.131156921, -25.4000320435, -7.21370458603, -44.7598609924], [-22.1238327026, 192.734817505, 23.2677688599, -13.9614839554, 24.4722423553, -3.09628367424, 16.2378177643, -0.91910469532, 13.2963171005, 7.37514352798, 6.02713823318, 12.6551418304, 1.77894830704], [-1001.25134277, 23.2677688599, 437.012084961, -104.710105896, 103.410812378, -23.0203952789, -33.7819137573, 32.7903404236, -18.9542999268, 30.1997241974, 9.27558612823, -2.72424983978, 11.294213295], [534.829528809, -13.9614839554, -104.710105896, 176.240142822, -15.0482349396, 26.0873394012, 22.9845695496, -8.58592796326, 13.2976846695, -3.42926430702, 1.03112232685, 3.07678461075, 2.89548873901], [-329.039550781, 24.4722423553, 103.410812378, -15.0482349396, 116.096427917, 15.5481615067, -17.2188682556, 15.1934146881, -5.38328886032, 11.9419050217, 2.28183698654, -0.986485242844, 8.70994281769], [203.406723022, -3.09628367424, -23.0203952789, 26.0873394012, 15.5481615067, 86.5410766602, 21.0168895721, 9.91859054565, 14.4786205292, -12.0886287689, -4.63175201416, -5.4968328476, -1.54753434658], [117.976119995, 16.2378177643, -33.7819137573, 22.9845695496, -17.2188682556, 21.0168895721, 63.9798660278, 16.2708282471, 8.57162857056, 5.16971445084, -4.07519054413, -2.07551527023, -2.7885093689], [-35.6439056396, -0.91910469532, 32.7903404236, -8.58592796326, 15.1934146881, 9.91859054565, 16.2708282471, 56.5426330566, 15.7641153336, 0.928985893726, 4.55349636078, -4.51918649673, 0.106582894921], [90.421661377, 13.2963171005, -18.9542999268, 13.2976846695, -5.38328886032, 14.4786205292, 8.57162857056, 15.7641153336, 46.2377090454, 12.5697479248, 0.519680202007, 2.17401528358, -1.72792005539], [-107.131156921, 7.37514352798, 30.1997241974, -3.42926430702, 11.9419050217, -12.0886287689, 5.16971445084, 0.928985893726, 12.5697479248, 46.9106864929, 17.2170028687, 3.99402594566, 6.94244527817], [-25.4000320435, 6.02713823318, 9.27558612823, 1.03112232685, 2.28183698654, -4.63175201416, -4.07519054413, 4.55349636078, 0.519680202007, 17.2170028687, 42.9491233826, 20.0463542938, 4.79515600204], [-7.21370458603, 12.6551418304, -2.72424983978, 3.07678461075, -0.986485242844, -5.4968328476, -2.07551527023, -4.51918649673, 2.17401528358, 3.99402594566, 20.0463542938, 39.9252738953, 16.6512908936], [-44.7598609924, 1.77894830704, 11.294213295, 2.89548873901, 8.70994281769, -1.54753434658, -2.7885093689, 0.106582894921, -1.72792005539, 6.94244527817, 4.79515600204, 16.6512908936, 38.6741790771]]
    },
    "sccoeffs": {
        "kurt": [2.93230009079, 1.04389190674, 2.54341220856, 3.3232460022, 4.90741157532, 3.30284023285],
        "max": [-0.320997327566, -0.58631080389, -0.604720830917, -0.680531382561, -0.619076609612, -0.672468066216],
        "mean": [-0.743940532207, -0.818591475487, -0.842887341976, -0.855649113655, -0.843869149685, -0.830932676792],
        "median": [-0.75143301487, -0.823651492596, -0.848544895649, -0.860090970993, -0.847247421741, -0.833590209484],
        "min": [-0.903976261616, -0.941102147102, -0.937927246094, -0.920627176762, -0.918701887131, -0.89958769083],
        "skew": [1.09642958641, 0.718551039696, 1.09898471832, 1.35409224033, 1.45269954205, 1.06837785244],
        "var": [0.00364778703079, 0.00212756055407, 0.00143584515899, 0.000830858713016, 0.000569758471102, 0.000545452232473],
        "cov": [[0.00364843779244, 0.000451626285212, 0.000406932027545, 0.000357142562279, 0.000215845298953, 0.000285293062916], [0.000451626285212, 0.00212794006802, 0.000290916213999, 0.000296734739095, 0.000195953150978, 0.00011025556887], [0.000406932027545, 0.000290916213999, 0.00143610138912, 0.000369790883269, 0.000180677539902, 8.29853088362e-05], [0.000357142562279, 0.000296734739095, 0.000369790883269, 0.000831006909721, 0.00027332486934, 0.000168296057382], [0.000215845298953, 0.000195953150978, 0.000180677539902, 0.00027332486934, 0.000569860101677, 0.000157119255164], [0.000285293062916, 0.00011025556887, 8.29853088362e-05, 0.000168296057382, 0.000157119255164, 0.000545549497474]]
    },
    "scvalleys": {
        "kurt": [2.39943265915, 2.88595867157, 1.36577558517, 0.629621505737, 0.739039182663, 0.235251665115],
        "max": [-4.9008231163, -4.8709897995, -5.24036645889, -5.91350650787, -6.0038690567, -8.27966403961],
        "mean": [-7.55895233154, -7.44145584106, -7.92811489105, -8.50054645538, -9.10326385498, -11.9724397659],
        "median": [-7.58929634094, -7.4840631485, -8.03368377686, -8.64828205109, -9.30982971191, -12.1795520782],
        "min": [-13.6823234558, -12.6787500381, -13.207660675, -13.9780883789, -14.4939088821, -17.924238205],
        "skew": [0.0992598608136, 0.133163869381, 0.393914312124, 0.449577063322, 0.61588793993, 0.569752395153],
        "var": [0.41131067276, 0.354347765446, 0.509902596474, 0.584658682346, 0.725707054138, 1.18182480335],
        "cov": [[0.411384046078, 0.235653206706, 0.301361352205, 0.319911003113, 0.345830470324, 0.44296208024], [0.235653206706, 0.354410976171, 0.332679152489, 0.355810940266, 0.400350153446, 0.506837308407], [0.301361352205, 0.332679152489, 0.509993553162, 0.485658317804, 0.5350446105, 0.673303544521], [0.319911003113, 0.355810940266, 0.485658317804, 0.58476293087, 0.600614130497, 0.738385081291], [0.345830470324, 0.400350153446, 0.5350446105, 0.600614130497, 0.725836515427, 0.872956871986], [0.44296208024, 0.506837308407, 0.673303544521, 0.738385081291, 0.872956871986, 1.18203556538]]
    }
},
"rhythm": {
    "beats_loudness": {
        "kurt": 43.1560592651,
        "max": 0.00997973233461,
        "mean": 0.000466665282147,
        "median": 0.000155514630023,
        "min": 1.97734971152e-05,
        "skew": 6.06968355179,
        "var": 1.24096766285e-06
    },
    "bpm": 129.572845459,
    "confidence": -0.131804227829,
    "first_peak_bpm": {
        "kurt": 0,
        "max": 129,
        "mean": 129,
        "median": 129,
        "min": 129,
        "skew": 0,
        "var": 0
    },
    "first_peak_spread": {
        "kurt": 0,
        "max": 0.565217375755,
        "mean": 0.565217375755,
        "median": 0.565217375755,
        "min": 0.565217375755,
        "skew": 0,
        "var": 0
    },
    "first_peak_weight": {
        "kurt": 0,
        "max": 0.110294118524,
        "mean": 0.110294118524,
        "median": 0.110294118524,
        "min": 0.110294118524,
        "skew": 0,
        "var": 0
    },
    "onset_rate": 0.868088424206,
    "second_peak_bpm": {
        "kurt": 0,
        "max": 136,
        "mean": 136,
        "median": 136,
        "min": 136,
        "skew": 0,
        "var": 0
    },
    "second_peak_spread": {
        "kurt": 0,
        "max": 0.382978737354,
        "mean": 0.382978737354,
        "median": 0.382978737354,
        "min": 0.382978737354,
        "skew": 0,
        "var": 0
    },
    "second_peak_weight": {
        "kurt": 0,
        "max": 0.106617644429,
        "mean": 0.106617644429,
        "median": 0.106617644429,
        "min": 0.106617644429,
        "skew": 0,
        "var": 0
    },
    "beats_loudness_band_ratio": {
        "kurt": [-0.368694067001, -0.330614805222, 4.80205106735, 10.0036497116, 1.82026815414, 58.2077941895],
        "max": [0.756365060806, 0.713238239288, 0.830149292946, 0.755078315735, 0.451736807823, 0.804556488991],
        "mean": [0.277219563723, 0.297434926033, 0.213186278939, 0.126640200615, 0.103894367814, 0.0449724458158],
        "median": [0.246186673641, 0.285650610924, 0.194405317307, 0.108498081565, 0.0795390084386, 0.0255083441734],
        "min": [0.0247087460011, 0.030321650207, 0.0414997600019, 0.0110175609589, 0.0107345152646, 0.00381131982431],
        "skew": [0.646035909653, 0.43481606245, 1.73503816128, 2.30144023895, 1.39465665817, 6.84917354584],
        "var": [0.0258324183524, 0.0185308996588, 0.013563670218, 0.00791259109974, 0.00553043046966, 0.00578822335228],
        "cov": [[0.0259273909032, -0.00176951091271, -0.00683568324894, -0.00618151761591, -0.00543128326535, -0.00351253291592], [-0.00176951091271, 0.0185990277678, -0.00427876645699, -0.00415106816217, -0.00362609466538, -0.00273042963818], [-0.00683568324894, -0.00427876645699, 0.0136135369539, 0.000105641083792, -0.00128527451307, -0.00156172388233], [-0.00618151761591, -0.00415106816217, 0.000105641083792, 0.00794168189168, 0.00227148830891, -0.000167962745763], [-0.00543128326535, -0.00362609466538, -0.00128527451307, 0.00227148830891, 0.00555076263845, 0.00164443999529], [-0.00351253291592, -0.00273042963818, -0.00156172388233, -0.000167962745763, 0.00164443999529, 0.00580950360745]]
    },
    "beats_position": [0.510838985443, 1.04489791393, 1.5673469305, 2.08979582787, 2.62385487556, 3.16952371597, 3.72680258751, 4.29569149017, 4.80653047562, 5.30575942993, 5.80498838425, 6.32743740082, 6.84988641739, 7.36072540283, 7.85995435715, 8.37079334259, 8.87002277374, 9.32281208038, 9.77560043335, 10.22838974, 10.6811790466, 11.1339683533, 11.5867567062, 12.0163259506, 12.445895195, 12.8638544083, 13.2934236526, 13.722992897, 14.1641721725, 14.5937414169, 15.0233106613, 15.4644899368, 15.9288883209, 16.3700675964, 16.7880268097, 17.2292060852, 17.6471652985, 18.0651245117, 18.483083725, 18.9010429382, 19.3190021515, 19.7369613647, 20.1781406403, 20.6077098846, 21.037279129, 21.4784584045, 21.9312477112, 22.3956451416, 22.8716545105, 23.3592739105, 23.800453186, 24.2416324615, 24.6828117371, 25.1356010437, 25.5419502258, 25.9599094391, 26.3778686523, 26.8422679901, 27.3066654205, 27.7710647583, 28.2819042206, 28.804353714, 29.3268013, 29.8492507935, 30.3600902557, 30.8825397491, 31.4398174286, 31.9854869843, 32.5079345703, 33.0652160645, 33.5992736816, 34.1101112366, 34.6209526062, 35.1550102234, 35.6890678406, 36.2231292725, 36.7455787659, 37.2680282593, 37.8020858765, 38.3129234314, 38.823764801, 39.334602356, 39.8686599731, 40.309841156, 40.7510185242, 41.192199707, 41.6565971375, 42.1209983826, 42.585395813, 43.0497932434, 43.4909744263, 43.9321517944, 44.3849411011, 44.8377304077, 45.2789115906, 45.7200889587, 46.1612701416, 46.6024475098, 47.0436286926, 47.508026123, 47.9143753052, 48.3207244873, 48.7386856079, 49.1334228516, 49.5397720337, 49.9461212158, 50.3873023987, 50.8749198914, 51.362537384, 51.8617668152, 52.3609962463, 52.8834457397, 53.4058952332, 53.9167327881, 54.4275741577, 54.9384117126, 55.4492492676, 55.9600906372, 56.5405883789, 57.1210861206, 57.6899757385, 58.2588653564, 58.8277549744, 59.3966445923, 59.919090271, 60.4299316406, 60.952381134, 61.463218689, 61.9624481201, 62.4616775513, 62.9609069824, 63.4601364136, 63.9477539062, 64.4469833374, 64.9462127686, 65.4570541382, 65.9911117554, 66.5251693726, 66.9895706177, 67.4307479858, 67.871925354, 68.3363265991, 68.7891159058, 69.26512146, 69.7295227051, 70.1939239502, 70.6583175659, 71.1111068726, 71.5638961792, 72.0282974243, 72.4926986694, 72.9570999146, 73.4214935303, 73.8742828369, 74.3270721436, 74.7914733887, 75.2442626953, 75.7202682495, 76.1962814331, 76.6606826782, 77.1134643555, 77.5430374146, 77.9726028442, 78.3905639648, 78.7620849609, 79.1568222046, 79.5631713867, 79.9695205688, 80.375869751, 80.7822189331, 81.2001800537, 81.6065292358, 82.012878418, 82.4076156616, 82.7907485962, 83.1854858398, 83.5686187744, 83.9865722656, 84.3929214478, 84.8224945068, 85.2752838135, 85.7048492432, 86.1460266113, 86.5755996704, 87.0167770386, 87.4463500977, 87.8643035889, 88.2938766479, 88.7234420776, 89.1530151367, 89.5941925049, 90.035369873, 90.4649429321, 90.8364639282, 91.2079772949, 91.602722168, 91.9974594116, 92.3921966553, 92.7753295898, 93.158454895, 93.5299758911, 93.9131011963, 94.2962341309, 94.6909713745, 95.0624923706, 95.4340133667, 95.8055343628, 96.2002716064, 96.6878890991, 97.1755065918, 97.6631240845, 98.1507492065, 98.6267547607, 99.1143722534, 99.6136016846, 100.124443054, 100.623672485, 101.076461792, 101.540863037, 102.005256653, 102.469657898, 102.922447205, 103.375236511, 103.816413879, 104.280815125, 104.756820679, 105.232833862, 105.708839417, 106.1848526, 106.660858154, 107.136871338, 107.624488831, 108.100494385, 108.588119507, 109.064125061, 109.528526306, 109.992919922, 110.468933105, 110.94493866, 111.432563782, 111.920181274, 112.419410706, 112.89541626, 113.359817505, 113.82421875, 114.277008057, 114.683357239, 115.10131073, 115.542495728, 115.983673096, 116.448066711, 116.900856018, 117.434921265, 117.98059082, 118.503036499, 119.118362427, 119.733695984, 120.372245789, 120.987571716, 121.602897644, 122.22983551, 122.856781006, 123.460494995, 124.064216614, 124.667930603, 125.271652222, 125.87537384, 126.467483521, 127.082809448, 127.698135376, 128.290252686, 128.893966675, 129.497680664],
