{
"metadata": {
    "version": {
        "essentia": "2.1-beta3"
    }
},
"lowLevel": {
    "average_loudness": 0.0108400108293,
    "barkbands_kurtosis": {
        "kurt": 2.00367546082,
        "max": 100.74092865,
        "mean": 11.8862094879,
        "median": 6.58802461624,
        "min": -1.94020187855,
        "skew": 1.49432039261,
        "var": 199.711608887
    },
    "barkbands_skewness": {
        "kurt": -0.311054944992,
        "max": 9.12665939331,
        "mean": 2.8340857029,
        "median": 2.56216859818,
        "min": -4.54263401031,
        "skew": 0.412538081408,
        "var": 3.04130721092
    },
    "barkbands_spread": {
        "kurt": 1.69247102737,
        "max": 90.9021987915,
        "mean": 18.9909572601,
        "median": 14.9552259445,
        "min": 0.557269573212,
        "skew": 1.30921089649,
        "var": 216.293395996
    },
    "dissonance": {
        "kurt": 16.3720684052,
        "max": 0.499995410442,
        "mean": 0.472357302904,
        "median": 0.477619111538,
        "min": 0.191947057843,
        "skew": -3.01387310028,
        "var": 0.000535125262104
    },
    "hfc": {
        "kurt": 3866.39135742,
        "max": 83.5571746826,
        "mean": 0.088274076581,
        "median": 0.0162599179894,
        "min": 1.19474910418e-16,
        "skew": 48.8136329651,
        "var": 0.787851989269
    },
    "pitch": {
        "kurt": -1.08205533028,
        "max": 5127.50585938,
        "mean": 1129.13317871,
        "median": 235.032546997,
        "min": 43.0243911743,
        "skew": 0.881731688976,
        "var": 2040511.625
    },
    "pitch_instantaneous_confidence": {
        "kurt": 2.41130828857,
        "max": 0.970923602581,
        "mean": 0.288188040257,
        "median": 0.246795386076,
        "min": 0.0917510390282,
        "skew": 1.52127289772,
        "var": 0.0175704881549
    },
    "pitch_salience": {
        "kurt": -0.786769151688,
        "max": 0.880274653435,
        "mean": 0.428636074066,
        "median": 0.426953345537,
        "min": 0.112981565297,
        "skew": 0.127928569913,
        "var": 0.0222458746284
    },
    "silence_rate_20dB": {
        "kurt": 0,
        "max": 1,
        "mean": 1,
        "median": 1,
        "min": 1,
        "skew": 0,
        "var": 0
    },
    "silence_rate_30dB": {
        "kurt": 0,
        "max": 1,
        "mean": 1,
        "median": 1,
        "min": 1,
        "skew": 0,
        "var": 0
    },
    "silence_rate_60dB": {
        "kurt": 438.803894043,
        "max": 1,
        "mean": 0.997747123241,
        "median": 1,
        "min": 0,
        "skew": -20.9945487976,
        "var": 0.00224799802527
    },
    "spectral_centroid": {
        "kurt": 28.3284683228,
        "max": 11146.9433594,
        "mean": 444.749511719,
        "median": 304.487182617,
        "min": 72.1760025024,
        "skew": 3.30390667915,
        "var": 181060.171875
    },
    "spectral_complexity": {
        "kurt": 394.958282471,
        "max": 30,
        "mean": 0.105932600796,
        "median": 0,
        "min": 0,
        "skew": 16.526342392,
        "var": 0.698814690113
    },
    "spectral_crest": {
        "kurt": -0.864712953568,
        "max": 25.4913635254,
        "mean": 16.8794403076,
        "median": 17.7028274536,
        "min": 2.7785282135,
        "skew": -0.429113835096,
        "var": 29.0601787567
    },
    "spectral_decrease": {
        "kurt": 1866.1920166,
        "max": -6.75593278841e-30,
        "mean": -2.47620847438e-11,
        "median": -1.59832164864e-11,
        "min": -6.36211128224e-09,
        "skew": -34.1481513977,
        "var": 7.98657664042e-21
    },
    "spectral_energy": {
        "kurt": 1837.87304688,
        "max": 0.0268610157073,
        "mean": 0.000101464916952,
        "median": 6.25803877483e-05,
        "min": 1.08622231879e-20,
        "skew": 34.112827301,
        "var": 1.62468268172e-07
    },
    "spectral_energyband_high": {
        "kurt": 2959.33447266,
        "max": 0.00702989427373,
        "mean": 4.59348257209e-06,
        "median": 1.82896002343e-07,
        "min": 8.2195224947e-21,
        "skew": 44.5866928101,
        "var": 6.6585457148e-09
    },
    "spectral_energyband_low": {
        "kurt": 6459.05175781,
        "max": 0.0068629081361,
        "mean": 4.60653718619e-05,
        "median": 4.05802020396e-05,
        "min": 9.08761578145e-23,
        "skew": 67.8106307983,
        "var": 4.072620019e-09
    },
    "spectral_energyband_middle_high": {
        "kurt": 4434.79492188,
        "max": 0.0196468010545,
        "mean": 2.12371942325e-05,
        "median": 3.29622071149e-06,
        "min": 1.28103811548e-21,
        "skew": 53.3814048767,
        "var": 4.12410088302e-08
    },
    "spectral_energyband_middle_low": {
        "kurt": 1942.06762695,
        "max": 0.0156840607524,
        "mean": 3.17291051033e-05,
        "median": 9.00568738871e-06,
        "min": 3.91601408078e-22,
        "skew": 33.7388839722,
        "var": 4.13154523926e-08
    },
    "spectral_flatness_db": {
        "kurt": -0.480364561081,
        "max": 0.439434736967,
        "mean": 0.207969173789,
        "median": 0.20936101675,
        "min": 0.0641273707151,
        "skew": 0.112405337393,
        "var": 0.00307978480123
    },
    "spectral_flux": {
        "kurt": 258.723876953,
        "max": 0.156188234687,
        "mean": 0.00367619795725,
        "median": 0.00270344386809,
        "min": 1.04221992148e-10,
        "skew": 12.2143287659,
        "var": 2.03015188163e-05
    },
    "spectral_kurtosis": {
        "kurt": 21.2854633331,
        "max": 74.0670394897,
        "mean": 7.52185487747,
        "median": 6.51033687592,
        "min": -1.51654529572,
        "skew": 3.71050047874,
        "var": 35.0900115967
    },
    "spectral_rms": {
        "kurt": 148.204437256,
        "max": 0.00511916680261,
        "mean": 0.000269655341981,
        "median": 0.000247091142228,
        "min": 3.25534803107e-12,
        "skew": 9.42205047607,
        "var": 2.62762132053e-08
    },
    "spectral_rolloff": {
        "kurt": 6.7706861496,
        "max": 18604.6875,
        "mean": 823.68762207,
        "median": 344.53125,
        "min": 64.599609375,
        "skew": 2.05340957642,
        "var": 1150703.875
    },
    "spectral_skewness": {
        "kurt": 6.90283489227,
        "max": 7.13913440704,
        "mean": 2.15278220177,
        "median": 2.11927700043,
        "min": -0.00300854886882,
        "skew": 1.54109299183,
        "var": 0.447745144367
    },
    "spectral_spread": {
        "kurt": 14.6575565338,
        "max": 40086048,
        "mean": 4816475,
        "median": 4448065,
        "min": 1012511.9375,
        "skew": 2.55278325081,
        "var": 3.36508380774e+12
    },
    "spectral_strongpeak": {
        "kurt": 454.680938721,
        "max": 3.77409768105,
        "mean": 0.0275519676507,
        "median": 0.0150372888893,
        "min": 0,
        "skew": 18.7961826324,
        "var": 0.0127316107973
    },
    "zerocrossingrate": {
        "kurt": 9.04546833038,
        "max": 0.5009765625,
        "mean": 0.0348583459854,
        "median": 0.0283203125,
        "min": 0.00244140625,
        "skew": 1.88398170471,
        "var": 0.000647194101475
    },
    "barkbands": {
        "kurt": [2457.73632812, 93.9769439697, 14056.7333984, 2637.3815918, 2303.52075195, 2249.29760742, 512.798339844, 457.765930176, 1564.32983398, 12832.2998047, 3029.03833008, 11879.3642578, 2248.57446289, 10801.0800781, 16615.5039062, 8511.1875, 1139.14086914, 1754.89892578, 6619.34619141, 5527.31201172, 1070.03552246, 15623.5351562, 2664.60498047, 1705.63769531, 1269.97021484, 5303.50390625, 1937.8996582],
        "max": [0.000123628997244, 0.000789759913459, 0.00396296661347, 0.00369542650878, 0.00487341545522, 0.00174727011472, 0.00171752856113, 0.00191138312221, 0.00246092071757, 0.00707009295002, 0.00133968226146, 0.00419565849006, 0.000498052570038, 0.00131344562396, 0.00211849133484, 0.00426862947643, 0.00216657971032, 0.00209543341771, 0.00450667086989, 0.00419027730823, 0.00164718378801, 0.00475810980424, 0.000379326636903, 0.000281320651993, 0.000327752408339, 2.07818829949e-05, 6.94439492577e-08],
        "mean": [7.477217423e-07, 4.04490237997e-05, 2.98055874737e-06, 3.82945927413e-06, 8.83331085788e-06, 3.69935582967e-06, 5.48939033251e-06, 5.74050864088e-06, 3.79830999009e-06, 1.89285333363e-06, 1.37928657296e-06, 1.90115997611e-06, 8.44264263833e-07, 7.58403871259e-07, 7.01591886809e-07, 2.36617506744e-06, 4.1113385123e-06, 2.95759332403e-06, 3.06913466375e-06, 2.51960977948e-06, 1.69785766957e-06, 9.56599023993e-07, 2.28839994065e-07, 2.28032163818e-07, 2.75710306141e-07, 8.96485286006e-09, 6.11768274927e-11],
        "median": [5.64474930798e-07, 3.55869851774e-05, 1.60379045155e-06, 8.84404983026e-07, 3.28633495883e-06, 1.84079249266e-06, 8.4162178382e-07, 4.41764768766e-07, 3.38585522286e-07, 1.0732038902e-07, 8.52564028264e-08, 1.16959185448e-07, 9.14810982522e-08, 1.06079845352e-07, 1.18216917144e-07, 2.29541555541e-07, 6.19971274318e-07, 4.75911150488e-07, 4.15040403823e-07, 1.66582282191e-07, 5.77988856776e-08, 3.49588376025e-08, 6.68328725695e-09, 3.42987993562e-09, 2.8700686272e-09, 6.782367723e-11, 2.45167428026e-12],
        "min": [2.24755244031e-23, 2.06613636244e-23, 4.71141243409e-23, 2.4102919207e-23, 1.20981778396e-22, 6.26966073977e-23, 2.95403228565e-23, 3.24284783146e-23, 1.16888069925e-22, 1.26352766268e-23, 3.49265546768e-23, 4.48814144763e-23, 1.20067898814e-22, 1.1213730974e-22, 8.77518331786e-23, 1.70331212687e-22, 1.61770759201e-22, 2.37524377731e-22, 2.24123107699e-22, 1.76767673963e-22, 5.52988919718e-22, 7.29346461741e-22, 5.27306082512e-22, 9.78089375556e-22, 1.34134869e-21, 1.93595240799e-21, 2.23072112733e-21],
        "skew": [41.7250747681, 3.96763014793, 111.861625671, 48.4702911377, 40.7634963989, 41.3965492249, 19.9352531433, 19.4145240784, 34.5903892517, 103.11605072, 45.6427726746, 97.7984542847, 39.7415237427, 91.5335922241, 122.491508484, 78.7821655273, 30.3444366455, 34.7013702393, 68.304359436, 63.5501060486, 29.9671478271, 117.402534485, 44.719165802, 37.2774963379, 31.4117469788, 62.7863273621, 39.7523956299],
        "var": [2.80236641184e-12, 4.77411277178e-10, 9.15756859232e-10, 3.25410698387e-09, 4.06175848511e-09, 5.92062898708e-10, 1.92054017134e-09, 2.5949737914e-09, 1.87541271401e-09, 3.02983060863e-09, 2.47924014651e-10, 1.10952791399e-09, 5.31903965317e-11, 1.14009551799e-10, 2.3853236053e-10, 1.36134925555e-09, 1.82203852006e-09, 8.32267310624e-10, 1.73893632827e-09, 1.6876409159e-09, 8.94906260207e-10, 1.24146937175e-09, 2.2311668138e-11, 2.05315278667e-11, 2.68727991248e-11, 4.28578206995e-14, 1.25686071912e-18],
        "cov": [[2.80249803399e-12, 1.07116017445e-11, 9.8446138394e-12, 1.8283746045e-11, 1.786907948e-11, 4.38687671259e-12, 3.58191189383e-12, 2.33234091762e-12, 3.41621067372e-12, 7.95473149157e-12, 1.15611773627e-12, 1.3966998131e-12, 3.40976731442e-13, 2.85210277704e-13, 4.68246535296e-13, 2.90504870593e-13, -1.30417825519e-13, 3.90301858758e-13, 8.03131920777e-13, 6.66132188472e-13, 1.60307707321e-13, -8.92247227166e-14, 1.67110367834e-15, -1.1060550296e-14, -3.37419403128e-14, -1.21108368458e-15, -3.46142867669e-18], [1.07116017445e-11, 4.77433648172e-10, 7.68328387024e-11, 1.30721378166e-10, 2.19730247886e-10, 6.72378680511e-11, 3.33595338853e-11, 5.35047839367e-11, 9.6324614951e-11, 2.53132875772e-10, 2.80502565619e-11, 3.34415585501e-11, 8.4488492591e-12, 4.51877120791e-12, 1.09459897743e-11, 1.36759084959e-11, -9.7465455845e-12, -6.81467339156e-12, -8.03361717427e-12, 2.10689430312e-12, -4.44121909388e-12, -6.64085540031e-12, -1.07554156553e-12, -1.00989605133e-12, -1.09333635895e-12, -5.60074041181e-14, -2.68488691972e-16], [9.8446138394e-12, 7.68328387024e-11, 9.15799824863e-10, 9.06356600883e-10, 9.95518334435e-10, 2.70296757199e-10, 1.53730403407e-10, 1.68938155132e-10, 1.3169171309e-10, 1.51424595085e-10, 5.44294574689e-11, 4.2369458636e-11, 1.64414211412e-11, 1.32581428475e-11, 1.29734556431e-11, 1.90118320392e-11, 2.31960978203e-11, 4.045406371e-11, 6.34359439977e-11, 6.08846376093e-11, 3.34039046423e-11, 1.17053727822e-11, 3.70947196571e-12, 2.7882910824e-12, 3.58790492976e-12, 1.30152846508e-13, 7.84466540968e-16], [1.8283746045e-11, 1.30721378166e-10, 9.06356600883e-10, 3.25425975056e-09, 1.9857919753e-09, 8.18170753369e-10, 4.1732578504e-10, 3.65124014357e-10, 5.34154109832e-10, 8.81243966688e-10, 1.51676143867e-10, 1.54141574504e-10, 4.60744775665e-11, 3.5595578568e-11, 5.2810488621e-11, 7.7566869594e-11, 7.83539760851e-11, 1.42586609186e-10, 1.72140926513e-10, 2.13721304543e-10, 1.27835825259e-10, 4.1289964503e-11, 1.2047705715e-11, 1.00135941206e-11, 1.21700748437e-11, 3.9745686126e-13, 3.09839739315e-15], [1.786907948e-11, 2.19730247886e-10, 9.95518334435e-10, 1.9857919753e-09, 4.06194899938e-09, 1.08786968323e-09, 7.52606976739e-10, 6.20921702943e-10, 1.15196141515e-09, 1.70881009343e-09, 3.07037117953e-10, 3.04744202095e-10, 8.94572957377e-11, 8.71321279017e-11, 1.13728457207e-10, 1.69103259173e-10, 2.61973304161e-10, 5.06664044053e-10, 4.75997019578e-10, 5.88969595317e-10, 5.17521248078e-10, 2.07272005115e-10, 7.07428629565e-11, 7.48939729678e-11, 7.09851344372e-11, 3.5673840184e-12, 1.91771850678e-14], [4.38687671259e-12, 6.72378680511e-11, 2.70296757199e-10, 8.18170753369e-10, 1.08786968323e-09, 5.92090709794e-10, 3.84656112518e-10, 2.63393917788e-10, 5.37860200822e-10, 6.48954390225e-10, 1.20289153638e-10, 1.26077953633e-10, 3.58942459089e-11, 3.94027692419e-11, 5.18127415972e-11, 8.40966116189e-11, 1.38825853591e-10, 2.2497897989e-10, 1.99362470976e-10, 2.40392455941e-10, 2.41806241696e-10, 1.03591912826e-10, 3.49438707137e-11, 3.71889949391e-11, 3.94138367776e-11, 1.96479009278e-12, 9.67880238982e-15], [3.58191189383e-12, 3.33595338853e-11, 1.53730403407e-10, 4.1732578504e-10, 7.52606976739e-10, 3.84656112518e-10, 1.92063032145e-09, 1.05886310831e-09, 6.60169252598e-10, 4.06105843398e-10, 2.37340314069e-10, 2.33474156675e-10, 6.43653394472e-11, 6.7781558144e-11, 6.77178521591e-11, 1.82041132168e-10, 4.84903561748e-10, 4.81824524723e-10, 4.85588069754e-10, 5.07839548192e-10, 4.98921182146e-10, 2.14270309828e-10, 6.37941088844e-11, 6.34245364561e-11, 9.43677289089e-11, 2.44920772031e-12, 1.51824286108e-14], [2.33234091762e-12, 5.35047839367e-11, 1.68938155132e-10, 3.65124014357e-10, 6.20921702943e-10, 2.63393917788e-10, 1.05886310831e-09, 2.59509547185e-09, 1.14332576739e-09, 5.62102309143e-10, 3.65797864221e-10, 3.75422554155e-10, 1.31740493514e-10, 6.01411559442e-11, 5.27394031224e-11, 2.14005826948e-10, 3.03297498228e-10, 1.55986001893e-10, 1.37806863143e-10, 1.4502377077e-10, 1.54933635366e-10, 6.61779311906e-11, 1.71570691682e-11, 1.93814027327e-11, 2.15774845908e-11, 6.58079656306e-13, 4.66891040329e-15], [3.41621067372e-12, 9.6324614951e-11, 1.3169171309e-10, 5.34154109832e-10, 1.15196141515e-09, 5.37860200822e-10, 6.60169252598e-10, 1.14332576739e-09, 1.87550086572e-09, 1.01745689651e-09, 2.61783650313e-10, 2.63907368181e-10, 1.08814721123e-10, 8.21633455717e-11, 8.78965442097e-11, 1.65110272676e-10, 2.74962136393e-10, 3.84833664935e-10, 3.28401722482e-10, 4.30499969006e-10, 4.42653524946e-10, 1.82458895215e-10, 5.95725274666e-11, 6.61346116759e-11, 6.31072624713e-11, 3.06375432836e-12, 1.66304585391e-14], [7.95473149157e-12, 2.53132875772e-10, 1.51424595085e-10, 8.81243966688e-10, 1.70881009343e-09, 6.48954390225e-10, 4.06105843398e-10, 5.62102309143e-10, 1.01745689651e-09, 3.02997271717e-09, 3.78847175853e-10, 4.8850751222e-10, 1.28158220147e-10, 1.4199971754e-10, 1.48262402355e-10, 4.20999346495e-10, 7.68790919814e-10, 2.96943886147e-10, 1.53555196336e-10, 2.59057775231e-10, 1.59880275685e-10, 6.4716558501e-11, 1.57526856143e-11, 1.34266330692e-11, 1.67385307004e-11, 5.31809839222e-13, 4.3822452313e-15], [1.15611773627e-12, 2.80502565619e-11, 5.44294574689e-11, 1.51676143867e-10, 3.07037117953e-10, 1.20289153638e-10, 2.37340314069e-10, 3.65797864221e-10, 2.61783650313e-10, 3.78847175853e-10, 2.47935671993e-10, 1.63523736219e-10, 3.03614494657e-11, 2.71237390187e-11, 4.54835127894e-11, 8.4018583757e-11, 8.18564452332e-11, 8.85603118617e-11, 1.17727466664e-10, 1.27748034373e-10, 9.85928977348e-11, 7.255263057e-11, 1.49919833492e-11, 1.24487555681e-11, 1.31271772966e-11, 5.44976281984e-13, 3.61322825365e-15], [1.3966998131e-12, 3.34415585501e-11, 4.2369458636e-11, 1.54141574504e-10, 3.04744202095e-10, 1.26077953633e-10, 2.33474156675e-10, 3.75422554155e-10, 2.63907368181e-10, 4.8850751222e-10, 1.63523736219e-10, 1.10957998345e-09, 1.43046630097e-10, 2.86890372569e-10, 4.47297726636e-10, 9.28149390678e-10, 4.05145417215e-10, 3.00721947344e-10, 9.49583189858e-10, 3.52015860905e-10, 2.17261139634e-10, 9.56784429462e-10, 8.16841802531e-11, 5.42326496211e-11, 2.78105732887e-11, 1.02146091065e-12, 1.43786790471e-14], [3.40976731442e-13, 8.4488492591e-12, 1.64414211412e-11, 4.60744775665e-11, 8.94572957377e-11, 3.58942459089e-11, 6.43653394472e-11, 1.31740493514e-10, 1.08814721123e-10, 1.28158220147e-10, 3.03614494657e-11, 1.43046630097e-10, 5.31928945335e-11, 4.48635087413e-11, 5.93720558828e-11, 1.42257483571e-10, 1.17849771608e-10, 7.6092840362e-11, 1.48851181381e-10, 1.65351968229e-10, 5.32795266239e-11, 1.19867171744e-10, 1.41412445989e-11, 9.61731562443e-12, 8.54656449778e-12, 3.08604189295e-13, 2.52734408549e-15], [2.85210277704e-13, 4.51877120791e-12, 1.32581428475e-11, 3.5595578568e-11, 8.71321279017e-11, 3.94027692419e-11, 6.7781558144e-11, 6.01411559442e-11, 8.21633455717e-11, 1.4199971754e-10, 2.71237390187e-11, 2.86890372569e-10, 4.48635087413e-11, 1.14014901686e-10, 1.40777181579e-10, 3.36510846966e-10, 1.7613931147e-10, 1.25991966859e-10, 3.11626668914e-10, 1.36418071284e-10, 8.56942503069e-11, 3.08018915929e-10, 2.88204477644e-11, 2.07425517734e-11, 1.12234830804e-11, 5.0994543874e-13, 5.34537717298e-15], [4.68246535296e-13, 1.09459897743e-11, 1.29734556431e-11, 5.2810488621e-11, 1.13728457207e-10, 5.18127415972e-11, 6.77178521591e-11, 5.27394031224e-11, 8.78965442097e-11, 1.48262402355e-10, 4.54835127894e-11, 4.47297726636e-10, 5.93720558828e-11, 1.40777181579e-10, 2.38543546027e-10, 4.62643284793e-10, 1.24701055038e-10, 1.43499503946e-10, 4.80409101389e-10, 1.62768451495e-10, 1.13579354255e-10, 4.84258522171e-10, 4.19078972913e-11, 2.8301458399e-11, 1.47572926101e-11, 5.466860146e-13, 7.44685193908e-15], [2.90504870593e-13, 1.36759084959e-11, 1.90118320392e-11, 7.7566869594e-11, 1.69103259173e-10, 8.40966116189e-11, 1.82041132168e-10, 2.14005826948e-10, 1.65110272676e-10, 4.20999346495e-10, 8.4018583757e-11, 9.28149390678e-10, 1.42257483571e-10, 3.36510846966e-10, 4.62643284793e-10, 1.36141320439e-09, 6.0609905983e-10, 3.60921598164e-10, 9.63859769776e-10, 3.63878649434e-10, 2.18935800045e-10, 9.75169944795e-10, 8.19232182092e-11, 5.44580214257e-11, 2.71984691713e-11, 9.51885055153e-13, 1.43314603484e-14], [-1.30417825519e-13, -9.7465455845e-12, 2.31960978203e-11, 7.83539760851e-11, 2.61973304161e-10, 1.38825853591e-10, 4.84903561748e-10, 3.03297498228e-10, 2.74962136393e-10, 7.68790919814e-10, 8.18564452332e-11, 4.05145417215e-10, 1.17849771608e-10, 1.7613931147e-10, 1.24701055038e-10, 6.0609905983e-10, 1.82212400723e-09, 4.76269745864e-10, 4.31083335695e-10, 4.14761142098e-10, 2.94703317305e-10, 3.04762576286e-10, 4.88680242106e-11, 4.06910373452e-11, 3.93414571753e-11, 1.63786237177e-12, 1.10785954859e-14], [3.90301858758e-13, -6.81467339156e-12, 4.045406371e-11, 1.42586609186e-10, 5.06664044053e-10, 2.2497897989e-10, 4.81824524723e-10, 1.55986001893e-10, 3.84833664935e-10, 2.96943886147e-10, 8.85603118617e-11, 3.00721947344e-10, 7.6092840362e-11, 1.25991966859e-10, 1.43499503946e-10, 3.60921598164e-10, 4.76269745864e-10, 8.32306390475e-10, 7.62822527367e-10, 6.92086832288e-10, 5.62819346683e-10, 5.0686832509e-10, 9.72674371602e-11, 8.81911696449e-11, 1.07597458721e-10, 3.27132765321e-12, 2.19423952749e-14], [8.03131920777e-13, -8.03361717427e-12, 6.34359439977e-11, 1.72140926513e-10, 4.75997019578e-10, 1.99362470976e-10, 4.85588069754e-10, 1.37806863143e-10, 3.28401722482e-10, 1.53555196336e-10, 1.17727466664e-10, 9.49583189858e-10, 1.48851181381e-10, 3.11626668914e-10, 4.80409101389e-10, 9.63859769776e-10, 4.31083335695e-10, 7.62822527367e-10, 1.73901792966e-09, 9.47529499307e-10, 7.68929309114e-10, 1.24294441406e-09, 1.55003121449e-10, 1.21133186815e-10, 1.15497361675e-10, 3.49305935739e-12, 2.98661513272e-14], [6.66132188472e-13, 2.10689430312e-12, 6.08846376093e-11, 2.13721304543e-10, 5.88969595317e-10, 2.40392455941e-10, 5.07839548192e-10, 1.4502377077e-10, 4.30499969006e-10, 2.59057775231e-10, 1.27748034373e-10, 3.52015860905e-10, 1.65351968229e-10, 1.36418071284e-10, 1.62768451495e-10, 3.63878649434e-10, 4.14761142098e-10, 6.92086832288e-10, 9.47529499307e-10, 1.68772007481e-09, 6.86454781906e-10, 4.82971773685e-10, 1.1020879348e-10, 8.04086172645e-11, 1.07011004224e-10, 4.03567630702e-12, 2.29452788963e-14], [1.60307707321e-13, -4.44121909388e-12, 3.34039046423e-11, 1.27835825259e-10, 5.17521248078e-10, 2.41806241696e-10, 4.98921182146e-10, 1.54933635366e-10, 4.42653524946e-10, 1.59880275685e-10, 9.85928977348e-11, 2.17261139634e-10, 5.32795266239e-11, 8.56942503069e-11, 1.13579354255e-10, 2.18935800045e-10, 2.94703317305e-10, 5.62819346683e-10, 7.68929309114e-10, 6.86454781906e-10, 8.94948226637e-10, 4.90672225073e-10, 1.04530682721e-10, 9.68173735627e-11, 1.28932239885e-10, 3.72222825479e-12, 2.36249669323e-14], [-8.92247227166e-14, -6.64085540031e-12, 1.17053727822e-11, 4.1289964503e-11, 2.07272005115e-10, 1.03591912826e-10, 2.14270309828e-10, 6.61779311906e-11, 1.82458895215e-10, 6.4716558501e-11, 7.255263057e-11, 9.56784429462e-10, 1.19867171744e-10, 3.08018915929e-10, 4.84258522171e-10, 9.75169944795e-10, 3.04762576286e-10, 5.0686832509e-10, 1.24294441406e-09, 4.82971773685e-10, 4.90672225073e-10, 1.24152765846e-09, 1.28506510988e-10, 9.83163342405e-11, 8.11163358705e-11, 2.50258863112e-12, 2.54119421767e-14], [1.67110367834e-15, -1.07554156553e-12, 3.70947196571e-12, 1.2047705715e-11, 7.07428629565e-11, 3.49438707137e-11, 6.37941088844e-11, 1.71570691682e-11, 5.95725274666e-11, 1.57526856143e-11, 1.49919833492e-11, 8.16841802531e-11, 1.41412445989e-11, 2.88204477644e-11, 4.19078972913e-11, 8.19232182092e-11, 4.88680242106e-11, 9.72674371602e-11, 1.55003121449e-10, 1.1020879348e-10, 1.04530682721e-10, 1.28506510988e-10, 2.23127141763e-11, 1.84971066242e-11, 1.82970617824e-11, 7.32845045499e-13, 4.95216965579e-15], [-1.1060550296e-14, -1.00989605133e-12, 2.7882910824e-12, 1.00135941206e-11, 7.48939729678e-11, 3.71889949391e-11, 6.34245364561e-11, 1.93814027327e-11, 6.61346116759e-11, 1.34266330692e-11, 1.24487555681e-11, 5.42326496211e-11, 9.61731562443e-12, 2.07425517734e-11, 2.8301458399e-11, 5.44580214257e-11, 4.06910373452e-11, 8.81911696449e-11, 1.21133186815e-10, 8.04086172645e-11, 9.68173735627e-11, 9.83163342405e-11, 1.84971066242e-11, 2.05324906383e-11, 1.71991795805e-11, 6.8456671538e-13, 4.28179559408e-15], [-3.37419403128e-14, -1.09333635895e-12, 3.58790492976e-12, 1.21700748437e-11, 7.09851344372e-11, 3.94138367776e-11, 9.43677289089e-11, 2.15774845908e-11, 6.31072624713e-11, 1.67385307004e-11, 1.31271772966e-11, 2.78105732887e-11, 8.54656449778e-12, 1.12234830804e-11, 1.47572926101e-11, 2.71984691713e-11, 3.93414571753e-11, 1.07597458721e-10, 1.15497361675e-10, 1.07011004224e-10, 1.28932239885e-10, 8.11163358705e-11, 1.82970617824e-11, 1.71991795805e-11, 2.68740602688e-11, 6.41394326973e-13, 4.31279869402e-15], [-1.21108368458e-15, -5.60074041181e-14, 1.30152846508e-13, 3.9745686126e-13, 3.5673840184e-12, 1.96479009278e-12, 2.44920772031e-12, 6.58079656306e-13, 3.06375432836e-12, 5.31809839222e-13, 5.44976281984e-13, 1.02146091065e-12, 3.08604189295e-13, 5.0994543874e-13, 5.466860146e-13, 9.51885055153e-13, 1.63786237177e-12, 3.27132765321e-12, 3.49305935739e-12, 4.03567630702e-12, 3.72222825479e-12, 2.50258863112e-12, 7.32845045499e-13, 6.8456671538e-13, 6.41394326973e-13, 4.28598332497e-14, 1.98567869182e-16], [-3.46142867669e-18, -2.68488691972e-16, 7.84466540968e-16, 3.09839739315e-15, 1.91771850678e-14, 9.67880238982e-15, 1.51824286108e-14, 4.66891040329e-15, 1.66304585391e-14, 4.3822452313e-15, 3.61322825365e-15, 1.43786790471e-14, 2.52734408549e-15, 5.34537717298e-15, 7.44685193908e-15, 1.43314603484e-14, 1.10785954859e-14, 2.19423952749e-14, 2.98661513272e-14, 2.29452788963e-14, 2.36249669323e-14, 2.54119421767e-14, 4.95216965579e-15, 4.28179559408e-15, 4.31279869402e-15, 1.98567869182e-16, 1.25691965574e-18]]
    },
    "mfcc": {
        "kurt": [3.98898792267, 5.18344116211, 0.332575082779, 2.90959835052, 0.436774015427, 1.61418104172, -0.0466651916504, 1.78663015366, 0.502334356308, 1.68882417679, 0.708561658859, 2.34601736069, 1.42749786377],
        "max": [-591.579956055, 205.917755127, 93.7309570312, 100.966629028, 84.2655334473, 32.7771759033, 58.0428085327, 59.4691925049, 42.2104682922, 47.9127197266, 51.8503990173, 56.2752380371, 46.4241905212],
        "mean": [-974.656066895, 111.039199829, 16.1121520996, 46.7814979553, 24.8558006287, -6.80082702637, 7.04118919373, 9.63848590851, 1.77942633629, 2.55838894844, 6.78253507614, 8.7060880661, 7.30778455734],
        "median": [-984.81060791, 111.221260071, 19.6970214844, 46.8181343079, 26.5141029358, -5.8323135376, 5.73747634888, 9.75295066833, 1.67702484131, 2.44745254517, 6.76215744019, 8.51044082642, 7.09801864624],
        "min": [-1138.42004395, -10.8866443634, -90.3991775513, -32.1627578735, -49.5747680664, -62.1315879822, -48.7351455688, -25.4230957031, -31.7053527832, -36.3237724304, -31.5496749878, -23.722454071, -23.9714641571],
        "skew": [1.15551698208, -1.12161684036, -0.304852843285, -0.534930586815, -0.46338480711, -0.802754700184, 0.0363680534065, 0.258685022593, 0.0942181572318, 0.240748181939, 0.172502860427, 0.462790518999, 0.312564402819],
        "var": [2408.19458008, 421.119689941, 614.754943848, 216.033416748, 210.602264404, 83.7738876343, 118.360847473, 61.7102394104, 49.6475219727, 46.7222747803, 53.3821411133, 44.069393158, 45.8589553833],
        "cov": [[2408.30761719, 163.573348999, -999.712097168, -3.19707965851, -428.739227295, -170.043457031, 201.533493042, -65.8804168701, -33.0821533203, -75.5622177124, -51.2620048523, 16.8243370056, -9.43075752258], [163.573348999, 421.139465332, -143.921524048, -188.29119873, -18.4651527405, -61.0146217346, 4.13469791412, 23.3216953278, -16.44090271, 8.31308174133, -10.9271440506, 32.4897575378, 14.434882164], [-999.712097168, -143.921524048, 614.783813477, 65.1977157593, 135.087203979, 81.5434265137, -102.154823303, 5.26315689087, 14.6558790207, 19.3311538696, 23.2225723267, -25.3937683105, -10.9976806641], [-3.19707965851, -188.29119873, 65.1977157593, 216.043563843, 3.04730629921, 12.8946151733, 19.3009929657, -32.1720504761, -8.47829151154, -9.57126140594, -6.692029953, -34.1649780273, -22.766960144], [-428.739227295, -18.4651527405, 135.087203979, 3.04730629921, 210.6121521, 47.1057777405, -84.934425354, 24.417634964, 17.2848587036, 21.2719573975, 16.5317993164, 3.29858279228, 16.4777145386], [-170.043457031, -61.0146217346, 81.5434265137, 12.8946151733, 47.1057777405, 83.7778167725, 5.80899953842, -6.99033594131, 7.47001743317, -4.55977296829, -6.74306726456, -5.81016874313, -0.533877193928], [201.533493042, 4.13469791412, -102.154823303, 19.3009929657, -84.934425354, 5.80899953842, 118.366401672, 5.26798295975, -27.6045036316, -17.8994998932, -24.7035942078, -5.96372938156, -13.3155174255], [-65.8804168701, 23.3216953278, 5.26315689087, -32.1720504761, 24.417634964, -6.99033594131, 5.26798295975, 61.7131347656, 19.8002357483, -2.48756408691, 8.16286659241, 10.5135564804, 10.3203754425], [-33.0821533203, -16.44090271, 14.6558790207, -8.47829151154, 17.2848587036, 7.47001743317, -27.6045036316, 19.8002357483, 49.6498527527, 16.5050468445, 4.86459732056, 6.09319591522, 8.52630996704], [-75.5622177124, 8.31308174133, 19.3311538696, -9.57126140594, 21.2719573975, -4.55977296829, -17.8994998932, -2.48756408691, 16.5050468445, 46.7244682312, 25.3463687897, -1.53754222393, 1.92251932621], [-51.2620048523, -10.9271440506, 23.2225723267, -6.692029953, 16.5317993164, -6.74306726456, -24.7035942078, 8.16286659241, 4.86459732056, 25.3463687897, 53.3846473694, 16.7586212158, 2.98308944702], [16.8243370056, 32.4897575378, -25.3937683105, -34.1649780273, 3.29858279228, -5.81016874313, -5.96372938156, 10.5135564804, 6.09319591522, -1.53754222393, 16.7586212158, 44.0714607239, 25.123790741], [-9.43075752258, 14.434882164, -10.9976806641, -22.766960144, 16.4777145386, -0.533877193928, -13.3155174255, 10.3203754425, 8.52630996704, 1.92251932621, 2.98308944702, 25.123790741, 45.8611106873]]
    },
    "sccoeffs": {
        "kurt": [0.17551779747, 6.08795166016, 7.99343299866, 12.9783658981, 10.0990953445, 11.5699090958],
        "max": [-0.480719774961, -0.435720324516, -0.580932855606, -0.550759196281, -0.552451193333, -0.678638160229],
        "mean": [-0.749394714832, -0.832723796368, -0.868191540241, -0.869627594948, -0.846862018108, -0.852259576321],
        "median": [-0.751574516296, -0.838307261467, -0.873635649681, -0.874433517456, -0.854626119137, -0.853682637215],
        "min": [-0.967828571796, -0.954192817211, -0.956582963467, -0.955178260803, -0.964953362942, -0.962728977203],
        "skew": [0.158694773912, 1.5050740242, 1.964012146, 2.40459036827, 2.50960755348, 1.92234587669],
        "var": [0.00208797655068, 0.00206197332591, 0.0012440723367, 0.000872930162586, 0.00121094146743, 0.000257960782619],
        "cov": [[0.00208807457238, 2.48953947448e-05, -2.09179506783e-05, -3.78185250156e-05, 0.000112005705887, -5.4536353673e-06], [2.48953947448e-05, 0.00206207018346, 0.00049418018898, 0.000319472688716, 0.000494128558785, 5.50657823624e-05], [-2.09179506783e-05, 0.00049418018898, 0.00124413066078, 0.000370126741473, 0.000450830935733, 9.80467812042e-05], [-3.78185250156e-05, 0.000319472688716, 0.000370126741473, 0.00087297114078, 0.000593674136326, 0.000125271821162], [0.000112005705887, 0.000494128558785, 0.000450830935733, 0.000593674136326, 0.00121099839453, 0.000109060187242], [-5.4536353673e-06, 5.50657823624e-05, 9.80467812042e-05, 0.000125271821162, 0.000109060187242, 0.000257972889813]]
    },
    "scvalleys": {
        "kurt": [166.475997925, 56.4996185303, 15.4478263855, 26.7220153809, 13.0569057465, 6.92768192291],
        "max": [-4.88009357452, -5.07180500031, -4.70931625366, -5.29440498352, -5.63917541504, -6.95183086395],
        "mean": [-7.89505243301, -8.63078594208, -9.59438800812, -9.93933296204, -9.98696899414, -12.2764883041],
        "median": [-7.89937782288, -8.68310165405, -9.78026199341, -10.0424470901, -10.1565628052, -12.5206165314],
        "min": [-27.4140548706, -27.5641937256, -27.2219810486, -27.4285926819, -27.0388965607, -27.1454334259],
        "skew": [-5.34048223495, -1.65847671032, -0.200187921524, -0.760832667351, -0.356021136045, 0.656898617744],
        "var": [0.217644229531, 0.345402002335, 0.568084657192, 0.428576737642, 0.589938521385, 0.758039534092],
        "cov": [[0.217654436827, 0.145797327161, 0.181351169944, 0.146020382643, 0.163745269179, 0.134702861309], [0.145797327161, 0.345418214798, 0.335175305605, 0.278476268053, 0.273148417473, 0.228272408247], [0.181351169944, 0.335175305605, 0.568111360073, 0.411689966917, 0.42505812645, 0.351145148277], [0.146020382643, 0.278476268053, 0.411689966917, 0.42859685421, 0.392585277557, 0.349290549755], [0.163745269179, 0.273148417473, 0.42505812645, 0.392585277557, 0.589966237545, 0.595284044743], [0.134702861309, 0.228272408247, 0.351145148277, 0.349290549755, 0.595284044743, 0.758075118065]]
    }
},
"rhythm": {
    "beats_loudness": {
        "kurt": 277.601104736,
        "max": 0.0115671185777,
        "mean": 0.000133062378154,
        "median": 6.52741655358e-05,
        "min": 7.27699571712e-08,
        "skew": 14.9526367188,
        "var": 2.68506738621e-07
    },
    "bpm": 129.30430603,
    "confidence": -0.188221648335,
    "first_peak_bpm": {
        "kurt": 0,
        "max": 129,
        "mean": 129,
        "median": 129,
        "min": 129,
        "skew": 0,
        "var": 0
    },
    "first_peak_spread": {
        "kurt": 0,
        "max": 0.457746505737,
        "mean": 0.457746505737,
        "median": 0.457746505737,
        "min": 0.457746505737,
        "skew": 0,
        "var": 0
    },
    "first_peak_weight": {
        "kurt": 0,
        "max": 0.0762376263738,
        "mean": 0.0762376263738,
        "median": 0.0762376263738,
        "min": 0.0762376263738,
        "skew": 0,
        "var": 0
    },
    "onset_rate": 0.911661565304,
    "second_peak_bpm": {
        "kurt": 0,
        "max": 112,
        "mean": 112,
        "median": 112,
        "min": 112,
        "skew": 0,
        "var": 0
    },
    "second_peak_spread": {
        "kurt": 0,
        "max": 0.556962013245,
        "mean": 0.556962013245,
        "median": 0.556962013245,
        "min": 0.556962013245,
        "skew": 0,
        "var": 0
    },
    "second_peak_weight": {
        "kurt": 0,
        "max": 0.0693069323897,
        "mean": 0.0693069323897,
        "median": 0.0693069323897,
        "min": 0.0693069323897,
        "skew": 0,
        "var": 0
    },
    "beats_loudness_band_ratio": {
        "kurt": [0.191292047501, 5.66388607025, 11.9000749588, 57.2333335876, 20.8392353058, 12.113448143],
        "max": [0.965609073639, 0.683522582054, 0.882792055607, 0.733992040157, 0.939921855927, 0.542130410671],
        "mean": [0.684063673019, 0.124443151057, 0.0810170471668, 0.0296940077096, 0.0667588561773, 0.04300314188],
        "median": [0.748198330402, 0.095852419734, 0.0390006415546, 0.0110998153687, 0.0382825881243, 0.0153149841353],
        "min": [0.0102523900568, 0.00276036420837, 0.00374070485123, 0.000799257948529, 0.000822804751806, 0.000186705234228],
        "skew": [-0.948051393032, 2.04631447792, 3.15586876869, 5.85066509247, 3.74133419991, 3.17880034447],
        "var": [0.0505876541138, 0.00983694847673, 0.0126869007945, 0.00242396513931, 0.00786486174911, 0.00479434756562],
        "cov": [[0.0506377406418, -0.00758348824456, -0.0172068346292, -0.00609340006486, -0.0128804286942, -0.00803314335644], [-0.00758348824456, 0.00984668824822, 0.000137055190862, -0.000120594151667, -0.000871518917847, 7.91869388195e-05], [-0.0172068346292, 0.000137055190862, 0.0126994624734, 0.00213558110408, 0.00202759285457, 0.000490978185553], [-0.00609340006486, -0.000120594151667, 0.00213558110408, 0.00242636515759, 0.00134358752985, 0.00028807023773], [-0.0128804286942, -0.000871518917847, 0.00202759285457, 0.00134358752985, 0.00787264853716, 0.00246762717143], [-0.00803314335644, 7.91869388195e-05, 0.000490978185553, 0.00028807023773, 0.00246762717143, 0.00479909451678]]
    },
