{
"metadata": {
    "version": {
        "essentia": "2.1-beta3"
    }
},
"lowLevel": {
    "average_loudness": 2.38201687353e-06,
    "barkbands_kurtosis": {
        "kurt": 55.355178833,
        "max": 117.753982544,
        "mean": 0.65357363224,
        "median": -1.04798483849,
        "min": -1.84466183186,
        "skew": 6.55514669418,
        "var": 41.8617782593
    },
    "barkbands_skewness": {
        "kurt": 8.36928939819,
        "max": 9.7843837738,
        "mean": 0.884028613567,
        "median": 0.705956816673,
        "min": -4.2225933075,
        "skew": 2.10829091072,
        "var": 1.03774297237
    },
    "barkbands_spread": {
        "kurt": 1.58525753021,
        "max": 58.9811897278,
        "mean": 36.3694229126,
        "median": 38.811126709,
        "min": 0.745902955532,
        "skew": -1.27778530121,
        "var": 104.257736206
    },
    "dissonance": {
        "kurt": 21.2208824158,
        "max": 0.500000119209,
        "mean": 0.482531636953,
        "median": 0.485168397427,
        "min": 0.293363720179,
        "skew": -3.15271186829,
        "var": 0.000173287888174
    },
    "hfc": {
        "kurt": 346.686706543,
        "max": 20.8125114441,
        "mean": 0.281110703945,
        "median": 0.186421498656,
        "min": 1.22489408033e-16,
        "skew": 15.8825845718,
        "var": 0.340867936611
    },
    "pitch": {
        "kurt": -1.74477267265,
        "max": 4898.69287109,
        "mean": 2404.67602539,
        "median": 3645.42529297,
        "min": 47.2145233154,
        "skew": -0.481351047754,
        "var": 2969777.75
    },
    "pitch_instantaneous_confidence": {
        "kurt": 3.78400373459,
        "max": 0.891545772552,
        "mean": 0.28612267971,
        "median": 0.273117184639,
        "min": 0.104995667934,
        "skew": 1.35471880436,
        "var": 0.0084329592064
    },
    "pitch_salience": {
        "kurt": 7.23613834381,
        "max": 0.90561568737,
        "mean": 0.709401726723,
        "median": 0.730816960335,
        "min": 0.104076862335,
        "skew": -2.24725031853,
        "var": 0.00789123680443
    },
    "silence_rate_20dB": {
        "kurt": 0,
        "max": 1,
        "mean": 1,
        "median": 1,
        "min": 1,
        "skew": 0,
        "var": 0
    },
    "silence_rate_30dB": {
        "kurt": 0,
        "max": 1,
        "mean": 1,
        "median": 1,
        "min": 1,
        "skew": 0,
        "var": 0
    },
    "silence_rate_60dB": {
        "kurt": 43.9272689819,
        "max": 1,
        "mean": 0.979565620422,
        "median": 1,
        "min": 0,
        "skew": -6.77787160873,
        "var": 0.0200232900679
    },
    "spectral_centroid": {
        "kurt": 7.11097335815,
        "max": 11086.890625,
        "mean": 1287.89343262,
        "median": 1270.0411377,
        "min": 171.524551392,
        "skew": 0.605100750923,
        "var": 255935.203125
    },
    "spectral_complexity": {
        "kurt": 16.9241428375,
        "max": 12,
        "mean": 0.543928921223,
        "median": 0,
        "min": 0,
        "skew": 3.57000136375,
        "var": 1.32886397839
    },
    "spectral_crest": {
        "kurt": 2.2729139328,
        "max": 23.5997505188,
        "mean": 7.21463537216,
        "median": 6.41542243958,
        "min": 2.4150557518,
        "skew": 1.37957668304,
        "var": 10.2356262207
    },
    "spectral_decrease": {
        "kurt": 383.117614746,
        "max": 2.29001834874e-30,
        "mean": -1.12930879925e-10,
        "median": -3.26667859429e-11,
        "min": -2.0529634881e-08,
        "skew": -17.2213249207,
        "var": 3.89688121146e-19
    },
    "spectral_energy": {
        "kurt": 382.780487061,
        "max": 0.0793713256717,
        "mean": 0.000451725354651,
        "median": 0.000140682168421,
        "min": 1.11015182997e-20,
        "skew": 17.2116909027,
        "var": 5.79513653065e-06
    },
    "spectral_energyband_high": {
        "kurt": 94.9503173828,
        "max": 0.000302450585878,
        "mean": 1.33656940307e-05,
        "median": 1.11101726361e-05,
        "min": 7.80643302044e-21,
        "skew": 5.80565786362,
        "var": 1.01957949028e-10
    },
    "spectral_energyband_low": {
        "kurt": 414.04901123,
        "max": 0.0323975682259,
        "mean": 0.00012405126472,
        "median": 1.77419133252e-05,
        "min": 1.11455430995e-22,
        "skew": 16.2359733582,
        "var": 5.33418074156e-07
    },
    "spectral_energyband_middle_high": {
        "kurt": 102.364456177,
        "max": 0.00119528430514,
        "mean": 5.03576229676e-05,
        "median": 4.03635785915e-05,
        "min": 1.75520879933e-21,
        "skew": 6.2920627594,
        "var": 1.5262606734e-09
    },
    "spectral_energyband_middle_low": {
        "kurt": 430.275085449,
        "max": 0.0756970047951,
        "mean": 0.000327865156578,
        "median": 6.98146905052e-05,
        "min": 3.63257067773e-22,
        "skew": 18.2189273834,
        "var": 4.46914009444e-06
    },
    "spectral_flatness_db": {
        "kurt": 10.7874755859,
        "max": 0.407810539007,
        "mean": 0.14354288578,
        "median": 0.134441018105,
        "min": 0.0568268224597,
        "skew": 2.85888981819,
        "var": 0.00120107922703
    },
    "spectral_flux": {
        "kurt": 127.058563232,
        "max": 0.210013240576,
        "mean": 0.00911440793425,
        "median": 0.00753495795652,
        "min": 1.05363745506e-10,
        "skew": 9.66948223114,
        "var": 7.29793537175e-05
    },
    "spectral_kurtosis": {
        "kurt": 153.892990112,
        "max": 56.4693717957,
        "mean": 1.50322163105,
        "median": 1.16906356812,
        "min": -1.19235301018,
        "skew": 10.242641449,
        "var": 3.48802137375
    },
    "spectral_rms": {
        "kurt": 81.6990585327,
        "max": 0.00879974104464,
        "mean": 0.000474865228171,
        "median": 0.000370473891962,
        "min": 3.29101047629e-12,
        "skew": 7.61960411072,
        "var": 2.15206952703e-07
    },
    "spectral_rolloff": {
        "kurt": 2.55935668945,
        "max": 18970.7519531,
        "mean": 2974.48608398,
        "median": 3402.24609375,
        "min": 150.732421875,
        "skew": -1.13129878044,
        "var": 1242180.25
    },
    "spectral_skewness": {
        "kurt": 40.3267097473,
        "max": 6.08526992798,
        "mean": 0.99712151289,
        "median": 0.942366719246,
        "min": -0.0310239996761,
        "skew": 5.01827716827,
        "var": 0.103458143771
    },
    "spectral_spread": {
        "kurt": 780.192626953,
        "max": 40193680,
        "mean": 4724999.5,
        "median": 4749574,
        "min": 1314266.875,
        "skew": 16.3077201843,
        "var": 351983206400
    },
    "spectral_strongpeak": {
        "kurt": 87.838722229,
        "max": 2.12927722931,
        "mean": 0.0500744357705,
        "median": 0.0266192741692,
        "min": 5.17548892631e-09,
        "skew": 7.83003234863,
        "var": 0.00964674446732
    },
    "zerocrossingrate": {
        "kurt": 5.33589267731,
        "max": 0.51904296875,
        "mean": 0.0865314379334,
        "median": 0.08837890625,
        "min": 0.00830078125,
        "skew": -0.294595003128,
        "var": 0.000609703420196
    },
    "barkbands": {
        "kurt": [764.48260498, 1810.1619873, 584.567626953, 871.151000977, 863.516113281, 1009.26690674, 632.769287109, 476.3855896, 304.654876709, 96.4968566895, 47.506980896, 51.6588172913, 116.24118042, 167.742233276, 18.3601284027, 209.721618652, 100.419410706, 697.309753418, 226.799880981, 1041.50769043, 93.8545074463, 391.894683838, 131.214660645, 301.551696777, 480.258300781, 6210.73925781, 1806.95019531],
        "max": [1.40300744533e-05, 0.0080850739032, 0.0137457251549, 0.0401661172509, 0.0631623417139, 0.0259323026985, 0.0040119541809, 0.00177292630542, 0.000699097930919, 0.000157622853294, 8.1323509221e-05, 6.21035796939e-05, 7.97293687356e-05, 7.70942642703e-05, 3.3278225601e-05, 0.000107419757114, 0.000111466419185, 0.000592386117205, 0.000479082169477, 0.000589667120948, 0.000126384475152, 7.79409601819e-05, 2.46097806667e-05, 4.19255047746e-06, 9.24395408219e-07, 1.63638294026e-08, 6.65268196087e-09],
        "mean": [4.94210006252e-08, 1.38566329042e-05, 4.72659958177e-05, 0.000104933358671, 0.000134444460855, 5.56333980057e-05, 1.51827898662e-05, 8.90359387995e-06, 7.24922347217e-06, 4.66565143142e-06, 3.24684310726e-06, 2.92720392281e-06, 2.40871349888e-06, 2.24455038733e-06, 2.2571291538e-06, 2.77229923995e-06, 3.82685402656e-06, 7.20306479707e-06, 1.34865404107e-05, 1.03560641946e-05, 5.82006668992e-06, 2.00933527594e-06, 8.45851502618e-07, 1.15057972039e-07, 2.01290166757e-08, 3.09364686646e-11, 1.47680374873e-11],
        "median": [1.54006087882e-08, 2.87292209578e-06, 7.51186507841e-06, 1.10654027594e-05, 2.62637968262e-05, 1.05648559838e-05, 4.85422060592e-06, 3.56754821951e-06, 4.0093291318e-06, 3.01112686429e-06, 2.11542737816e-06, 2.10425127989e-06, 1.84875034392e-06, 1.61350692451e-06, 1.72408749677e-06, 2.07937023333e-06, 2.89143099508e-06, 5.12260794494e-06, 1.04237287815e-05, 8.40993561724e-06, 4.71008615932e-06, 1.67013308783e-06, 7.07799244992e-07, 9.66318509654e-08, 1.6531725322e-08, 1.4617373284e-11, 4.91247841017e-12],
        "min": [4.41257046618e-23, 2.68262595339e-23, 5.28425482447e-23, 1.64826080595e-23, 2.47366648147e-23, 7.43132090049e-23, 4.47748235908e-23, 7.21556050094e-23, 1.0196518187e-22, 7.8050939259e-23, 4.33332213073e-23, 1.43603620719e-22, 1.63092915321e-22, 8.35233683327e-23, 1.82863675494e-22, 2.72762731259e-22, 1.66140026252e-22, 1.85715843118e-22, 2.8488559224e-22, 3.1008655534e-22, 4.43695257904e-22, 6.07072567048e-22, 6.82524626142e-22, 6.83348979477e-22, 1.15724112601e-21, 1.72894864216e-21, 2.59671159183e-21],
        "skew": [24.7873210907, 34.4058532715, 20.0932788849, 23.1821651459, 25.0195503235, 27.2502803802, 20.8673267365, 18.0769042969, 14.647143364, 7.30515909195, 5.20282840729, 5.23580884933, 5.83248567581, 10.252038002, 3.15357160568, 9.19949531555, 6.89611530304, 21.4998111725, 10.5670490265, 17.6972560883, 6.8727722168, 9.34855461121, 5.0652885437, 9.12013053894, 14.2893295288, 65.7423629761, 36.5051383972],
        "var": [1.03112254791e-13, 1.23495267346e-08, 8.34740987443e-08, 5.31978514573e-07, 1.37910922149e-06, 2.67507090257e-07, 7.62449037239e-09, 1.59885038542e-09, 3.78166720161e-10, 4.01591537802e-11, 1.57031453812e-11, 9.50298000013e-12, 4.55185108356e-12, 8.87693911433e-12, 3.55618681204e-12, 8.17036108908e-12, 1.40084081487e-11, 1.65222807658e-10, 1.87221849135e-10, 7.40962569079e-11, 2.58708228451e-11, 2.12015322833e-12, 3.63488861406e-13, 8.01979180087e-15, 4.05928813859e-16, 2.42938648445e-20, 1.04017404651e-20],
        "cov": [[1.03117343765e-13, 1.87478071262e-11, 3.99477395607e-11, 8.91776999468e-11, 1.85135004549e-10, 8.56188800413e-11, 1.28858911388e-11, 5.65027235069e-12, 3.20005198555e-12, 7.12533330949e-13, 2.31875255758e-13, 1.73685610165e-13, 6.03567014618e-14, 2.63915696615e-14, 1.34468081269e-14, 2.03732616579e-14, 3.13771937306e-14, 5.80420111388e-14, 1.82599595167e-13, 1.55145129599e-13, 7.39837946223e-14, 3.35313204882e-14, 2.04522847497e-14, 2.02992737535e-15, 5.46096540655e-16, 1.32819232905e-17, 1.35236684789e-17], [1.87478071262e-11, 1.2350136025e-08, 1.86717254991e-08, 3.38171659564e-08, 6.71389202012e-08, 2.55834091689e-08, 4.29601110241e-09, 1.95084193244e-09, 1.06714470594e-09, 2.61990096284e-10, 8.61226437388e-11, 6.34195265747e-11, 2.83415582669e-11, 1.48961554897e-11, 1.14836161413e-11, 8.11739044038e-12, 1.30098787646e-11, 2.7954801668e-11, 5.99426966397e-11, 5.56463763957e-11, 2.45619791867e-11, 1.12172771072e-11, 6.1384244042e-12, 5.46688183004e-13, 9.49010360855e-14, 3.96336075734e-15, 4.13763228053e-15], [3.99477395607e-11, 1.86717254991e-08, 8.34782198922e-08, 1.55692575277e-07, 1.90186923987e-07, 7.5615865569e-08, 1.20475043275e-08, 6.44883124679e-09, 2.95249558135e-09, 8.95575058557e-10, 3.25807325563e-10, 1.98325175726e-10, 1.02864099183e-10, 7.39115990633e-11, 7.01667404734e-11, 4.75990566406e-11, 8.10158953812e-11, 1.63307270484e-10, 2.91345086945e-10, 2.63187055483e-10, 1.24799490187e-10, 4.83629906955e-11, 2.5785562921e-11, 2.42206927258e-12, 4.05153937743e-13, 1.13685484163e-14, 1.1782786491e-14], [8.91776999468e-11, 3.38171659564e-08, 1.55692575277e-07, 5.32004719389e-07, 3.99139054252e-07, 1.68437210846e-07, 2.67747051197e-08, 1.34633664217e-08, 5.87209125769e-09, 1.9067150081e-09, 6.68646193969e-10, 4.099680595e-10, 2.04454286834e-10, 1.94748522864e-10, 2.15772844037e-10, 1.1755284246e-10, 2.41433650849e-10, 4.49458692486e-10, 7.62486185302e-10, 6.66216359857e-10, 3.17525589155e-10, 1.19120477371e-10, 6.86389070581e-11, 5.9745229597e-12, 9.65065809384e-13, 2.62648552267e-14, 2.72196748106e-14], [1.85135004549e-10, 6.71389202012e-08, 1.90186923987e-07, 3.99139054252e-07, 1.37917720622e-06, 3.62196090009e-07, 6.16101729634e-08, 3.03912770505e-08, 1.45097187598e-08, 3.49366313657e-09, 1.14207288071e-09, 7.59533436145e-10, 3.08370495805e-10, 1.2365157509e-10, 5.8647912915e-11, 3.05344013962e-11, 8.23083962098e-11, 1.29649235792e-10, 3.66608632341e-10, 4.25049079267e-10, 2.18285042819e-10, 9.88166076743e-11, 6.97251978377e-11, 5.12883485682e-12, 1.07845264836e-12, 5.67162859917e-14, 5.88844362268e-14], [8.56188800413e-11, 2.55834091689e-08, 7.5615865569e-08, 1.68437210846e-07, 3.62196090009e-07, 2.6752027793e-07, 3.03402600821e-08, 1.40743185995e-08, 6.72332944873e-09, 1.46291867509e-09, 4.58375726264e-10, 2.75614031597e-10, 9.42263281289e-11, 2.23410977218e-11, 7.95004079929e-12, 4.8862337787e-12, 9.05160928849e-12, 2.29192654438e-11, 1.07229891633e-10, 1.56958543385e-10, 6.97713761766e-11, 3.73381915664e-11, 2.76189626724e-11, 2.09649767165e-12, 4.62733421459e-13, 2.69836948196e-14, 2.82600718271e-14], [1.28858911388e-11, 4.29601110241e-09, 1.20475043275e-08, 2.67747051197e-08, 6.16101729634e-08, 3.03402600821e-08, 7.62486696004e-09, 2.47249576368e-09, 1.18893606071e-09, 2.6881361026e-10, 9.6332074262e-11, 6.0369355348e-11, 2.56712463786e-11, 9.17188026917e-12, 4.26093058406e-12, 2.97068598019e-12, 5.31383400823e-12, 8.69844387491e-12, 3.37661704153e-11, 3.59127866334e-11, 1.69718371301e-11, 8.43313700122e-12, 5.23604510444e-12, 4.80419632028e-13, 1.10521502703e-13, 4.10185657345e-15, 4.22992160233e-15], [5.65027235069e-12, 1.95084193244e-09, 6.44883124679e-09, 1.34633664217e-08, 3.03912770505e-08, 1.40743185995e-08, 2.47249576368e-09, 1.59892932228e-09, 5.79639058973e-10, 1.4092722822e-10, 5.17765275099e-11, 3.00034753986e-11, 1.36597634245e-11, 5.12107717343e-12, 3.30363362534e-12, 2.23671146708e-12, 3.71575253205e-12, 7.91614430257e-12, 1.77322826561e-11, 2.13169013691e-11, 1.02489362483e-11, 4.6669586598e-12, 2.89015599647e-12, 2.91845161319e-13, 6.19782816649e-14, 1.83298565061e-15, 1.84651551963e-15], [3.20005198555e-12, 1.06714470594e-09, 2.95249558135e-09, 5.87209125769e-09, 1.45097187598e-08, 6.72332944873e-09, 1.18893606071e-09, 5.79639058973e-10, 3.78185399663e-10, 7.31034260903e-11, 2.89221997046e-11, 2.0756932631e-11, 9.2087665618e-12, 4.97149500386e-12, 3.71761432402e-12, 3.49024390119e-12, 4.59007398063e-12, 8.17735115732e-12, 1.7832712737e-11, 1.79310802317e-11, 8.41693902076e-12, 3.415649057e-12, 1.89000594689e-12, 2.00056347898e-13, 4.03266728008e-14, 9.60888257288e-16, 9.76256293687e-16], [7.12533330949e-13, 2.61990096284e-10, 8.95575058557e-10, 1.9067150081e-09, 3.49366313657e-09, 1.46291867509e-09, 2.6881361026e-10, 1.4092722822e-10, 7.31034260903e-11, 4.01611383039e-11, 1.3103546026e-11, 9.49863104838e-12, 5.54231313621e-12, 5.33885782805e-12, 3.53998601266e-12, 3.44512396042e-12, 4.77695660805e-12, 8.22380011312e-12, 1.51568063655e-11, 1.22713688169e-11, 6.11703873318e-12, 2.2756688027e-12, 1.06444573208e-12, 1.3236461894e-13, 2.4092935695e-14, 2.50824508072e-16, 2.26300786666e-16], [2.31875255758e-13, 8.61226437388e-11, 3.25807325563e-10, 6.68646193969e-10, 1.14207288071e-09, 4.58375726264e-10, 9.6332074262e-11, 5.17765275099e-11, 2.89221997046e-11, 1.3103546026e-11, 1.57039190679e-11, 6.76996956758e-12, 4.15112302171e-12, 4.85471515418e-12, 2.72273067807e-12, 2.96865657057e-12, 4.04218672423e-12, 6.60513007136e-12, 1.12765664861e-11, 8.92204539416e-12, 4.45139584915e-12, 1.55992276388e-12, 6.91711878748e-13, 8.29536160357e-14, 1.46640766343e-14, 8.32920385736e-17, 6.80309930234e-17], [1.73685610165e-13, 6.34195265747e-11, 1.98325175726e-10, 4.099680595e-10, 7.59533436145e-10, 2.75614031597e-10, 6.0369355348e-11, 3.00034753986e-11, 2.0756932631e-11, 9.49863104838e-12, 6.76996956758e-12, 9.50344924283e-12, 3.67774127125e-12, 4.02159642393e-12, 2.42219612423e-12, 2.57146495937e-12, 3.49194913436e-12, 5.70803820876e-12, 1.00416827631e-11, 7.5741747943e-12, 3.72318842423e-12, 1.28438915319e-12, 5.72176203986e-13, 7.21134713359e-14, 1.27918746288e-14, 7.34490789752e-17, 5.00880260952e-17], [6.03567014618e-14, 2.83415582669e-11, 1.02864099183e-10, 2.04454286834e-10, 3.08370495805e-10, 9.42263281289e-11, 2.56712463786e-11, 1.36597634245e-11, 9.2087665618e-12, 5.54231313621e-12, 4.15112302171e-12, 3.67774127125e-12, 4.55207573025e-12, 2.85485784318e-12, 1.93482859942e-12, 2.16822306637e-12, 2.71087948096e-12, 4.78409803092e-12, 8.27840920814e-12, 6.42957518823e-12, 3.39692315075e-12, 1.12480944697e-12, 4.75500877822e-13, 6.18544183429e-14, 1.0857708775e-14, 3.72123841431e-17, 2.07253196131e-17], [2.63915696615e-14, 1.48961554897e-11, 7.39115990633e-11, 1.94748522864e-10, 1.2365157509e-10, 2.23410977218e-11, 9.17188026917e-12, 5.12107717343e-12, 4.97149500386e-12, 5.33885782805e-12, 4.85471515418e-12, 4.02159642393e-12, 2.85485784318e-12, 8.87737799937e-12, 2.35727800127e-12, 2.91606756103e-12, 4.26312370821e-12, 6.34507767508e-12, 9.98345069808e-12, 6.73202379259e-12, 3.80959326585e-12, 1.1805989129e-12, 4.86704914652e-13, 6.02453538987e-14, 1.03149071925e-14, 2.39189233374e-17, 1.07560329915e-17], [1.34468081269e-14, 1.14836161413e-11, 7.01667404734e-11, 2.15772844037e-10, 5.8647912915e-11, 7.95004079929e-12, 4.26093058406e-12, 3.30363362534e-12, 3.71761432402e-12, 3.53998601266e-12, 2.72273067807e-12, 2.42219612423e-12, 1.93482859942e-12, 2.35727800127e-12, 3.55636223595e-12, 2.7707838194e-12, 3.00167291196e-12, 5.28813061049e-12, 9.33803121633e-12, 7.87319515139e-12, 4.59980708037e-12, 1.27676298353e-12, 5.27888876275e-13, 6.85666123488e-14, 1.18962025086e-14, 2.24546333278e-17, 8.31453496725e-18], [2.03732616579e-14, 8.11739044038e-12, 4.75990566406e-11, 1.1755284246e-10, 3.05344013962e-11, 4.8862337787e-12, 2.97068598019e-12, 2.23671146708e-12, 3.49024390119e-12, 3.44512396042e-12, 2.96865657057e-12, 2.57146495937e-12, 2.16822306637e-12, 2.91606756103e-12, 2.7707838194e-12, 8.17076441229e-12, 5.24284825623e-12, 9.05680912211e-12, 1.40712450372e-11, 1.29338727228e-11, 9.57329875095e-12, 1.6906781964e-12, 7.44616174275e-13, 9.49214123101e-14, 1.67869241592e-14, 3.17230481621e-17, 6.71133817176e-18], [3.13771937306e-14, 1.30098787646e-11, 8.10158953812e-11, 2.41433650849e-10, 8.23083962098e-11, 9.05160928849e-12, 5.31383400823e-12, 3.71575253205e-12, 4.59007398063e-12, 4.77695660805e-12, 4.04218672423e-12, 3.49194913436e-12, 2.71087948096e-12, 4.26312370821e-12, 3.00167291196e-12, 5.24284825623e-12, 1.40090994361e-11, 2.92104916644e-11, 3.34217445386e-11, 1.40580169034e-11, 8.36884381239e-12, 2.22919859655e-12, 9.13796382312e-13, 1.22839062598e-13, 2.26212701593e-14, 6.13208443374e-17, 1.23840303161e-17], [5.80420111388e-14, 2.7954801668e-11, 1.63307270484e-10, 4.49458692486e-10, 1.29649235792e-10, 2.29192654438e-11, 8.69844387491e-12, 7.91614430257e-12, 8.17735115732e-12, 8.22380011312e-12, 6.60513007136e-12, 5.70803820876e-12, 4.78409803092e-12, 6.34507767508e-12, 5.28813061049e-12, 9.05680912211e-12, 2.92104916644e-11, 1.65230967797e-10, 1.28545424305e-10, 3.41045906793e-11, 1.42663398456e-11, 4.41585917138e-12, 1.67907398055e-12, 2.30605871855e-13, 4.59278306304e-14, 1.9584721259e-16, 2.95641530854e-17], [1.82599595167e-13, 5.99426966397e-11, 2.91345086945e-10, 7.62486185302e-10, 3.66608632341e-10, 1.07229891633e-10, 3.37661704153e-11, 1.77322826561e-11, 1.7832712737e-11, 1.51568063655e-11, 1.12765664861e-11, 1.00416827631e-11, 8.27840920814e-12, 9.98345069808e-12, 9.33803121633e-12, 1.40712450372e-11, 3.34217445386e-11, 1.28545424305e-10, 1.87231091742e-10, 6.40551153785e-11, 2.7321886073e-11, 8.89495421763e-12, 3.42937483966e-12, 4.78086374742e-13, 8.82063383922e-14, 2.22599993841e-16, 5.46080718344e-17], [1.55145129599e-13, 5.56463763957e-11, 2.63187055483e-10, 6.66216359857e-10, 4.25049079267e-10, 1.56958543385e-10, 3.59127866334e-11, 2.13169013691e-11, 1.79310802317e-11, 1.22713688169e-11, 8.92204539416e-12, 7.5741747943e-12, 6.42957518823e-12, 6.73202379259e-12, 7.87319515139e-12, 1.29338727228e-11, 1.40580169034e-11, 3.41045906793e-11, 6.40551153785e-11, 7.4099913705e-11, 2.96859967164e-11, 7.74340227355e-12, 3.07744801864e-12, 4.08699116217e-13, 7.89443990322e-14, 2.12837700896e-16, 5.2708292739e-17], [7.39837946223e-14, 2.45619791867e-11, 1.24799490187e-10, 3.17525589155e-10, 2.18285042819e-10, 6.97713761766e-11, 1.69718371301e-11, 1.02489362483e-11, 8.41693902076e-12, 6.11703873318e-12, 4.45139584915e-12, 3.72318842423e-12, 3.39692315075e-12, 3.80959326585e-12, 4.59980708037e-12, 9.57329875095e-12, 8.36884381239e-12, 1.42663398456e-11, 2.7321886073e-11, 2.96859967164e-11, 2.58720996016e-11, 4.62652876079e-12, 1.95105433545e-12, 2.570412958e-13, 5.07820477021e-14, 1.18730686094e-16, 2.33774062407e-17], [3.35313204882e-14, 1.12172771072e-11, 4.83629906955e-11, 1.19120477371e-10, 9.88166076743e-11, 3.73381915664e-11, 8.43313700122e-12, 4.6669586598e-12, 3.415649057e-12, 2.2756688027e-12, 1.55992276388e-12, 1.28438915319e-12, 1.12480944697e-12, 1.1805989129e-12, 1.27676298353e-12, 1.6906781964e-12, 2.22919859655e-12, 4.41585917138e-12, 8.89495421763e-12, 7.74340227355e-12, 4.62652876079e-12, 2.12025796226e-12, 7.05238981363e-13, 9.81954385968e-14, 1.98108419453e-14, 4.6703067371e-17, 1.04175084986e-17], [2.04522847497e-14, 6.1384244042e-12, 2.5785562921e-11, 6.86389070581e-11, 6.97251978377e-11, 2.76189626724e-11, 5.23604510444e-12, 2.89015599647e-12, 1.89000594689e-12, 1.06444573208e-12, 6.91711878748e-13, 5.72176203986e-13, 4.75500877822e-13, 4.86704914652e-13, 5.27888876275e-13, 7.44616174275e-13, 9.13796382312e-13, 1.67907398055e-12, 3.42937483966e-12, 3.07744801864e-12, 1.95105433545e-12, 7.05238981363e-13, 3.63506804952e-13, 4.24530304302e-14, 8.43936618316e-15, 1.91627274595e-17, 6.35504501215e-18], [2.02992737535e-15, 5.46688183004e-13, 2.42206927258e-12, 5.9745229597e-12, 5.12883485682e-12, 2.09649767165e-12, 4.80419632028e-13, 2.91845161319e-13, 2.00056347898e-13, 1.3236461894e-13, 8.29536160357e-14, 7.21134713359e-14, 6.18544183429e-14, 6.02453538987e-14, 6.85666123488e-14, 9.49214123101e-14, 1.22839062598e-13, 2.30605871855e-13, 4.78086374742e-13, 4.08699116217e-13, 2.570412958e-13, 9.81954385968e-14, 4.24530304302e-14, 8.02018821228e-15, 1.5010551438e-15, 3.76376484494e-18, 5.44611992992e-19], [5.46096540655e-16, 9.49010360855e-14, 4.05153937743e-13, 9.65065809384e-13, 1.07845264836e-12, 4.62733421459e-13, 1.10521502703e-13, 6.19782816649e-14, 4.03266728008e-14, 2.4092935695e-14, 1.46640766343e-14, 1.27918746288e-14, 1.0857708775e-14, 1.03149071925e-14, 1.18962025086e-14, 1.67869241592e-14, 2.26212701593e-14, 4.59278306304e-14, 8.82063383922e-14, 7.89443990322e-14, 5.07820477021e-14, 1.98108419453e-14, 8.43936618316e-15, 1.5010551438e-15, 4.05948851482e-16, 1.33982021371e-18, 1.19901871892e-19], [1.32819232905e-17, 3.96336075734e-15, 1.13685484163e-14, 2.62648552267e-14, 5.67162859917e-14, 2.69836948196e-14, 4.10185657345e-15, 1.83298565061e-15, 9.60888257288e-16, 2.50824508072e-16, 8.32920385736e-17, 7.34490789752e-17, 3.72123841431e-17, 2.39189233374e-17, 2.24546333278e-17, 3.17230481621e-17, 6.13208443374e-17, 1.9584721259e-16, 2.22599993841e-16, 2.12837700896e-16, 1.18730686094e-16, 4.6703067371e-17, 1.91627274595e-17, 3.76376484494e-18, 1.33982021371e-18, 2.42950636102e-20, 9.99720390912e-21], [1.35236684789e-17, 4.13763228053e-15, 1.1782786491e-14, 2.72196748106e-14, 5.88844362268e-14, 2.82600718271e-14, 4.22992160233e-15, 1.84651551963e-15, 9.76256293687e-16, 2.26300786666e-16, 6.80309930234e-17, 5.00880260952e-17, 2.07253196131e-17, 1.07560329915e-17, 8.31453496725e-18, 6.71133817176e-18, 1.23840303161e-17, 2.95641530854e-17, 5.46080718344e-17, 5.2708292739e-17, 2.33774062407e-17, 1.04175084986e-17, 6.35504501215e-18, 5.44611992992e-19, 1.19901871892e-19, 9.99720390912e-21, 1.0402253414e-20]]
    },
    "mfcc": {
        "kurt": [8.78572940826, 7.10134601593, 3.70277452469, 2.43464612961, 0.459585905075, 1.35951423645, 0.284630537033, 0.326369047165, 0.0970911979675, 0.088874578476, 0.283901453018, 0.0962343215942, 0.106497049332],
        "max": [-725.676208496, 217.115203857, 56.5526161194, 97.5866699219, 14.6870422363, 31.9421539307, 28.3553543091, 25.6938362122, 13.6347923279, 15.2235870361, 20.2751731873, 11.4925193787, 23.0404968262],
        "mean": [-863.491333008, 103.890335083, -21.2802467346, 55.8444786072, -19.0646457672, 0.661096036434, 0.0846684351563, -2.26802682877, -9.24973869324, -5.44354963303, -5.22633981705, -10.9640340805, -3.49827814102],
        "median": [-864.973510742, 102.576568604, -22.0010223389, 55.785369873, -19.1936416626, 0.523933410645, 0.135696411133, -2.45479202271, -9.18302345276, -5.37652587891, -5.16938781738, -10.8970546722, -3.45176315308],
        "min": [-1138.42004395, 1.14440917969e-05, -76.3557128906, -7.41556930542, -51.2326049805, -42.474193573, -34.8125228882, -39.3068695068, -32.5135192871, -28.6372375488, -33.5592002869, -32.7450294495, -25.2343254089],
        "skew": [-0.96894043684, 1.33520281315, 0.963531315327, -0.214548513293, 0.0700012370944, -0.0517245940864, -0.110341064632, 0.133257806301, -0.0662377551198, -0.0444283261895, -0.0531747154891, -0.00174325471744, -0.0551062859595],
        "var": [991.464782715, 279.763122559, 151.901290894, 89.831703186, 56.4310760498, 55.6838493347, 45.2636528015, 45.1476860046, 34.5590209961, 29.46626091, 29.8691272736, 27.7486610413, 27.5499324799],
        "cov": [[991.513671875, 232.497406006, -31.9867153168, 153.191589355, -67.2157592773, 75.1947250366, -30.6346969604, 67.0784988403, -28.9344482422, 21.103559494, -27.9243831635, -0.645261347294, -13.0129985809], [232.497406006, 279.776947021, 120.548408508, 37.5433425903, 6.71975326538, -0.0753037258983, 7.45604515076, -4.53749036789, -0.551844894886, -3.87702965736, 0.00134294747841, -6.99039316177, -2.15288591385], [-31.9867153168, 120.548408508, 151.908798218, 36.7441444397, 17.9003353119, -4.04629802704, -4.33153533936, -11.8236341476, -1.61343467236, -0.381511330605, 0.915018379688, -2.40149259567, -2.08258032799], [153.191589355, 37.5433425903, 36.7441444397, 89.8361358643, 19.083272934, 20.5997772217, -3.32026815414, 12.2603693008, -1.84301280975, 4.6549282074, -3.02551579475, -0.840742766857, -3.93228626251], [-67.2157592773, 6.71975326538, 17.9003353119, 19.083272934, 56.4338645935, 20.4395809174, 17.9677848816, 3.36867785454, 7.84277105331, 1.35421311855, 2.9779984951, -2.06850004196, -2.98464775085], [75.1947250366, -0.0753037258983, -4.04629802704, 20.5997772217, 20.4395809174, 55.6865959167, 22.1504878998, 18.2407417297, 7.39052867889, 8.35520744324, -3.24132442474, -1.64059841633, -2.69494962692], [-30.6346969604, 7.45604515076, -4.33153533936, -3.32026815414, 17.9677848816, 22.1504878998, 45.2658882141, 20.5604400635, 12.7705307007, 3.96694874763, 3.59808111191, -1.42255866528, -1.40520894527], [67.0784988403, -4.53749036789, -11.8236341476, 12.2603693008, 3.36867785454, 18.2407417297, 20.5604400635, 45.1499137878, 14.0660467148, 8.82269191742, 2.42945790291, -0.499439239502, -2.47211575508], [-28.9344482422, -0.551844894886, -1.61343467236, -1.84301280975, 7.84277105331, 7.39052867889, 12.7705307007, 14.0660467148, 34.5607261658, 14.9534454346, 4.91519641876, 2.00418806076, 1.21890628338], [21.103559494, -3.87702965736, -0.381511330605, 4.6549282074, 1.35421311855, 8.35520744324, 3.96694874763, 8.82269191742, 14.9534454346, 29.4677143097, 11.925614357, 4.45963811874, 2.34006595612], [-27.9243831635, 0.00134294747841, 0.915018379688, -3.02551579475, 2.9779984951, -3.24132442474, 3.59808111191, 2.42945790291, 4.91519641876, 11.925614357, 29.8706016541, 13.370388031, 5.3494143486], [-0.645261347294, -6.99039316177, -2.40149259567, -0.840742766857, -2.06850004196, -1.64059841633, -1.42255866528, -0.499439239502, 2.00418806076, 4.45963811874, 13.370388031, 27.7500305176, 14.5677042007], [-13.0129985809, -2.15288591385, -2.08258032799, -3.93228626251, -2.98464775085, -2.69494962692, -1.40520894527, -2.47211575508, 1.21890628338, 2.34006595612, 5.3494143486, 14.5677042007, 27.5512924194]]
    },
    "sccoeffs": {
        "kurt": [2.15020370483, 2.73094892502, 1.50238513947, 3.9837269783, 11.4335765839, 9.33839702606],
        "max": [-0.307686388493, -0.522970080376, -0.694912731647, -0.691938221455, -0.695110499859, -0.659156143665],
        "mean": [-0.720656633377, -0.829204261303, -0.861446201801, -0.866349935532, -0.85830271244, -0.760519862175],
        "median": [-0.728776633739, -0.833579719067, -0.863736391068, -0.867597341537, -0.859333515167, -0.7610912323],
        "min": [-0.949240446091, -0.953511297703, -0.965880870819, -0.954211473465, -0.960766434669, -0.960289657116],
        "skew": [1.04419338703, 0.990626394749, 0.720236778259, 0.957468152046, 1.6871509552, 0.197089627385],
        "var": [0.00401865225285, 0.00179679191206, 0.000755275890697, 0.000376500654966, 0.000239687375142, 0.000267729861662],
        "cov": [[0.00401885062456, 0.000490602047648, 0.000266161310719, 0.000121456891065, 7.12202818249e-05, -5.06766809849e-06], [0.000490602047648, 0.00179688062053, 0.000155393878231, 5.19666136825e-05, 2.11117312574e-05, -6.58022872813e-06], [0.000266161310719, 0.000155393878231, 0.0007553131436, 5.69859075767e-05, 2.58100608335e-05, 6.22211075552e-07], [0.000121456891065, 5.19666136825e-05, 5.69859075767e-05, 0.000376519223209, 3.51624839823e-05, 2.29828401643e-05], [7.12202818249e-05, 2.11117312574e-05, 2.58100608335e-05, 3.51624839823e-05, 0.000239699205849, 2.15212494368e-05], [-5.06766809849e-06, -6.58022872813e-06, 6.22211075552e-07, 2.29828401643e-05, 2.15212494368e-05, 0.000267743074801]]
    },
    "scvalleys": {
        "kurt": [76.0098114014, 122.438659668, 194.436782837, 297.083190918, 296.489807129, 81.9173126221],
        "max": [-4.23922300339, -4.69952821732, -6.34375619888, -7.30720424652, -6.84863090515, -9.30193519592],
        "mean": [-7.83435726166, -7.67506694794, -8.16259288788, -8.64392089844, -8.43199539185, -11.1875553131],
        "median": [-7.85976409912, -7.70278072357, -8.15565490723, -8.64045906067, -8.423412323, -11.1205921173],
        "min": [-27.4996185303, -27.3097476959, -27.3964881897, -27.2172794342, -27.2361335754, -27.2685394287],
        "skew": [-2.80094027519, -3.80231237411, -6.56494140625, -9.0973815918, -9.32318115234, -5.43039751053],
        "var": [0.4088152349, 0.296571016312, 0.220430329442, 0.164093703032, 0.16464869678, 0.257147997618],
        "cov": [[0.408835411072, 0.214546397328, 0.167991653085, 0.133670866489, 0.128736406565, 0.143466696143], [0.214546397328, 0.296585649252, 0.160623908043, 0.121868833899, 0.118482775986, 0.133933603764], [0.167991653085, 0.160623908043, 0.22044120729, 0.140613436699, 0.133577048779, 0.136273801327], [0.133670866489, 0.121868833899, 0.140613436699, 0.164101794362, 0.135889530182, 0.138467893004], [0.128736406565, 0.118482775986, 0.133577048779, 0.135889530182, 0.164656817913, 0.168858215213], [0.143466696143, 0.133933603764, 0.136273801327, 0.138467893004, 0.168858215213, 0.257160693407]]
    }
},
"rhythm": {
    "beats_loudness": {
        "kurt": 406.432830811,
        "max": 0.0499390400946,
        "mean": 0.000428586499766,
        "median": 0.000139839627082,
        "min": 3.38346467288e-06,
        "skew": 18.0918083191,
        "var": 4.09908761867e-06
    },
    "bpm": 123.017745972,
    "confidence": -0.206602141261,
    "first_peak_bpm": {
        "kurt": 0,
        "max": 123,
        "mean": 123,
        "median": 123,
        "min": 123,
        "skew": 0,
        "var": 0
    },
    "first_peak_spread": {
        "kurt": 0,
        "max": 0.283333301544,
        "mean": 0.283333301544,
        "median": 0.283333301544,
        "min": 0.283333301544,
        "skew": 0,
        "var": 0
    },
    "first_peak_weight": {
        "kurt": 0,
        "max": 0.0944017544389,
        "mean": 0.0944017544389,
        "median": 0.0944017544389,
        "min": 0.0944017544389,
        "skew": 0,
        "var": 0
    },
    "onset_rate": 0.108416348696,
    "second_peak_bpm": {
        "kurt": 0,
        "max": 108,
        "mean": 108,
        "median": 108,
        "min": 108,
        "skew": 0,
        "var": 0
    },
    "second_peak_spread": {
        "kurt": 0,
        "max": 0.524390220642,
        "mean": 0.524390220642,
        "median": 0.524390220642,
        "min": 0.524390220642,
        "skew": 0,
        "var": 0
    },
    "second_peak_weight": {
        "kurt": 0,
        "max": 0.0856201946735,
        "mean": 0.0856201946735,
        "median": 0.0856201946735,
        "min": 0.0856201946735,
        "skew": 0,
        "var": 0
    },
    "beats_loudness_band_ratio": {
        "kurt": [1.26002931595, 1.50571107864, 10.3572835922, 2.57454204559, 18.4109535217, -0.0841546058655],
        "max": [0.966751873493, 0.909321606159, 0.639308393002, 0.290015131235, 0.71817612648, 0.510193407536],
        "mean": [0.306442767382, 0.275694996119, 0.114761002362, 0.0767425298691, 0.107461594045, 0.185042887926],
        "median": [0.261002540588, 0.260801523924, 0.104094043374, 0.0705905556679, 0.104839801788, 0.177460372448],
        "min": [0.0158644523472, 0.00845632795244, 0.00318554206751, 0.00177681993227, 0.000308294256683, 0.00053136079805],
        "skew": [1.20828783512, 0.896990299225, 2.11714959145, 1.13310718536, 2.45790553093, 0.383276104927],
        "var": [0.0368908829987, 0.0177452452481, 0.00437748525292, 0.00183949875645, 0.00376377836801, 0.00899561773986],
        "cov": [[0.0369313769042, -0.00641823001206, -0.00588576961309, -0.00413902569562, -0.00696140807122, -0.0115828542039], [-0.00641823001206, 0.017764724791, 7.3610804975e-05, -0.00111923296936, -0.00269297976047, -0.00455920305103], [-0.00588576961309, 7.3610804975e-05, 0.00438229041174, 0.000730911153369, 0.000130621163407, 0.000439908500994], [-0.00413902569562, -0.00111923296936, 0.000730911153369, 0.00184151798021, 0.000978797790594, 0.00140850641765], [-0.00696140807122, -0.00269297976047, 0.000130621163407, 0.000978797790594, 0.00376790994778, 0.00407968880609], [-0.0115828542039, -0.00455920305103, 0.000439908500994, 0.00140850641765, 0.00407968880609, 0.00900549255311]]
    },
