{
"metadata": {
    "version": {
        "essentia": "2.1-beta3"
    }
},
"lowLevel": {
    "average_loudness": 0.277753859758,
    "barkbands_kurtosis": {
        "kurt": 35.5226287842,
        "max": 125.449417114,
        "mean": 8.04734230042,
        "median": 5.80782794952,
        "min": -1.93269240856,
        "skew": 5.82895565033,
        "var": 205.952316284
    },
    "barkbands_skewness": {
        "kurt": 25.3715457916,
        "max": 4.79923534393,
        "mean": 1.58697724342,
        "median": 1.88833034039,
        "min": -9.99297332764,
        "skew": -4.84719133377,
        "var": 3.26938605309
    },
    "barkbands_spread": {
        "kurt": 4.74072360992,
        "max": 44.2933006287,
        "mean": 9.26735305786,
        "median": 6.12258577347,
        "min": 0.905543625355,
        "skew": 2.36713171005,
        "var": 76.1177368164
    },
    "dissonance": {
        "kurt": 0.288488388062,
        "max": 0.500000059605,
        "mean": 0.454712569714,
        "median": 0.458510369062,
        "min": 0.36172196269,
        "skew": -0.72605240345,
        "var": 0.000746730831452
    },
    "hfc": {
        "kurt": 42.6610527039,
        "max": 2360.05273438,
        "mean": 46.7471122742,
        "median": 0.000233025828493,
        "min": 6.21306171524e-05,
        "skew": 6.61325979233,
        "var": 91588.328125
    },
    "pitch": {
        "kurt": 2.58844804764,
        "max": 3665.05273438,
        "mean": 599.744873047,
        "median": 177.058959961,
        "min": 43.0243911743,
        "skew": 2.12807154655,
        "var": 1133995.5
    },
    "pitch_instantaneous_confidence": {
        "kurt": 1.85363960266,
        "max": 0.967353403568,
        "mean": 0.360586702824,
        "median": 0.297577023506,
        "min": 0.129474043846,
        "skew": 1.6235524416,
        "var": 0.0358904786408
    },
    "pitch_salience": {
        "kurt": 0.319714307785,
        "max": 0.875229895115,
        "mean": 0.657931566238,
        "median": 0.673398971558,
        "min": 0.35889261961,
        "skew": -0.826618015766,
        "var": 0.0103349378332
    },
    "silence_rate_20dB": {
        "kurt": 38.1777420044,
        "max": 1,
        "mean": 0.976827085018,
        "median": 1,
        "min": 0,
        "skew": -6.33861255646,
        "var": 0.0226358640939
    },
    "silence_rate_30dB": {
        "kurt": 28.0315494537,
        "max": 1,
        "mean": 0.969696998596,
        "median": 1,
        "min": 0,
        "skew": -5.48013114929,
        "var": 0.0293846670538
    },
    "silence_rate_60dB": {
        "kurt": 26.1998252869,
        "max": 1,
        "mean": 0.96791446209,
        "median": 1,
        "min": 0,
        "skew": -5.3103723526,
        "var": 0.0310560241342
    },
    "spectral_centroid": {
        "kurt": 11.9904766083,
        "max": 3052.7421875,
        "mean": 507.481018066,
        "median": 335.448150635,
        "min": 194.0284729,
        "skew": 3.49268627167,
        "var": 295709.21875
    },
    "spectral_complexity": {
        "kurt": 38.6798210144,
        "max": 30,
        "mean": 0.661319077015,
        "median": 0,
        "min": 0,
        "skew": 6.22701740265,
        "var": 14.1812448502
    },
    "spectral_crest": {
        "kurt": 3.34370136261,
        "max": 23.6153450012,
        "mean": 9.52904224396,
        "median": 8.72627544403,
        "min": 4.21277189255,
        "skew": 1.69495284557,
        "var": 13.2031211853
    },
    "spectral_decrease": {
        "kurt": 42.5330047607,
        "max": -4.43975809079e-14,
        "mean": -2.95664182026e-09,
        "median": -1.8893061757e-13,
        "min": -1.48424859958e-07,
        "skew": -6.60372495651,
        "var": 3.64370862838e-16
    },
    "spectral_energy": {
        "kurt": 42.5681762695,
        "max": 0.774253606796,
        "mean": 0.0153991831467,
        "median": 7.35722494483e-07,
        "min": 1.73202280962e-07,
        "skew": 6.60635995865,
        "var": 0.00989903602749
    },
    "spectral_energyband_high": {
        "kurt": 53.1155204773,
        "max": 0.00185361434706,
        "mean": 2.74593094218e-05,
        "median": 5.371681433e-10,
        "min": 2.6862773117e-10,
        "skew": 7.20025396347,
        "var": 3.37517072069e-08
    },
    "spectral_energyband_low": {
        "kurt": 109.847503662,
        "max": 2.41324560193e-05,
        "mean": 4.57946015331e-07,
        "median": 2.03379940444e-07,
        "min": 6.3553633467e-09,
        "skew": 9.68607330322,
        "var": 2.67816498145e-12
    },
    "spectral_energyband_middle_high": {
        "kurt": 42.6135826111,
        "max": 0.768853485584,
        "mean": 0.0152369393036,
        "median": 3.6219809374e-08,
        "min": 1.04994306582e-08,
        "skew": 6.60984897614,
        "var": 0.00972681865096
    },
    "spectral_energyband_middle_low": {
        "kurt": 33.6988449097,
        "max": 0.00539674656466,
        "mean": 0.000137627255754,
        "median": 5.40650830771e-07,
        "min": 1.19557384437e-07,
        "skew": 5.85912752151,
        "var": 5.63224887173e-07
    },
    "spectral_flatness_db": {
        "kurt": 12.1923351288,
        "max": 0.459230303764,
        "mean": 0.23803088069,
        "median": 0.231066063046,
        "min": 0.156793892384,
        "skew": 3.05629897118,
        "var": 0.00164326897357
    },
    "spectral_flux": {
        "kurt": 61.8178482056,
        "max": 0.748705327511,
        "mean": 0.0121277803555,
        "median": 0.000541988760233,
        "min": 0.000282693421468,
        "skew": 7.68587446213,
        "var": 0.00539150647819
    },
    "spectral_kurtosis": {
        "kurt": 0.334662437439,
        "max": 33.3144226074,
        "mean": 20.996919632,
        "median": 22.0244026184,
        "min": 4.68210792542,
        "skew": -0.837815821171,
        "var": 34.1552352905
    },
    "spectral_rms": {
        "kurt": 37.8407669067,
        "max": 0.027483984828,
        "mean": 0.000665452156682,
        "median": 2.67913801508e-05,
        "min": 1.2999147657e-05,
        "skew": 6.24931144714,
        "var": 1.4580734387e-05
    },
    "spectral_rolloff": {
        "kurt": 3.75838279724,
        "max": 3617.578125,
        "mean": 801.411315918,
        "median": 495.263671875,
        "min": 215.33203125,
        "skew": 2.34862136841,
        "var": 753442.375
    },
    "spectral_skewness": {
        "kurt": 1.76661968231,
        "max": 4.84284496307,
        "mean": 3.69964361191,
        "median": 3.93254184723,
        "min": 0.952418267727,
        "skew": -1.54212415218,
        "var": 0.575000882149
    },
    "spectral_spread": {
        "kurt": 64.6211624146,
        "max": 10453230,
        "mean": 2822480.25,
        "median": 2731228,
        "min": 2032132.75,
        "skew": 6.52464580536,
        "var": 394085335040
    },
    "spectral_strongpeak": {
        "kurt": 44.3131561279,
        "max": 91.4678192139,
        "mean": 1.82181322575,
        "median": 0.00198405352421,
        "min": 0.000360926002031,
        "skew": 6.76211166382,
        "var": 143.710021973
    },
    "zerocrossingrate": {
        "kurt": 6.23878097534,
        "max": 0.13623046875,
        "mean": 0.030920997262,
        "median": 0.021484375,
        "min": 0.00830078125,
        "skew": 2.56777071953,
        "var": 0.000623276515398
    },
    "barkbands": {
        "kurt": [107.798591614, 62.6457061768, 110.650131226, 138.823867798, 84.2123031616, 33.9359779358, 30.9916305542, 67.8775177002, 43.8504600525, 55.8524742126, 54.1605949402, 89.1342010498, 49.2217559814, 48.4458656311, 66.4427337646, 54.013633728, 40.4359779358, 42.4746742249, 45.3010864258, 54.6998748779, 51.5623588562, 41.8876876831, 53.7691230774, 57.1401138306, 53.5432052612, 53.4674568176, 64.1942901611],
        "max": [7.12768652988e-08, 4.70931354357e-06, 1.00709494291e-05, 2.02208339033e-05, 5.21766087331e-05, 0.00482003111392, 0.000498292676639, 2.57058018178e-05, 3.78872537112e-05, 4.11550645367e-05, 8.48934505484e-05, 1.17457248052e-05, 9.57691663643e-05, 0.00022867579537, 5.53395584575e-05, 9.26584762055e-05, 0.0105238584802, 0.658517181873, 0.111399397254, 0.00444321008399, 0.000136701128213, 0.000501257251017, 5.7339835621e-05, 8.49779971759e-05, 8.07926116977e-05, 9.10235667106e-06, 1.03826792497e-07],
        "mean": [7.49737105732e-10, 1.04873329576e-07, 2.17299813698e-07, 2.92564465099e-07, 7.98061648766e-07, 0.000121595869132, 1.33825551529e-05, 3.52846683427e-07, 7.21883566257e-07, 6.6542611421e-07, 1.2675468497e-06, 1.420726079e-07, 1.57491695063e-06, 3.91789035348e-06, 7.73158490119e-07, 1.47778064274e-06, 0.000213082035771, 0.0128645356745, 0.00208995910361, 6.87789506628e-05, 2.20539118345e-06, 9.6875573945e-06, 9.18068963074e-07, 1.29515592562e-06, 1.26212671603e-06, 1.50878364025e-07, 1.40117795144e-09],
        "median": [3.41885963984e-11, 3.03842710991e-08, 9.52912628804e-08, 1.06650247744e-07, 1.61565040457e-07, 9.31435124585e-08, 5.06276656154e-08, 3.21172741735e-08, 2.09851709343e-08, 1.00038999307e-08, 6.38939079423e-09, 4.14664791393e-09, 3.85743570419e-09, 2.94509217014e-09, 2.06879269271e-09, 1.40537093074e-09, 9.25979237731e-10, 7.01206703813e-10, 6.90243806556e-10, 4.71774230792e-10, 2.16152956645e-10, 5.82837597629e-11, 1.85732644542e-11, 1.16145678145e-11, 1.10202758377e-11, 1.23429380865e-12, 6.51142890149e-14],
        "min": [1.34801864766e-13, 1.01915498263e-09, 1.84074777643e-09, 2.07097916594e-09, 2.02256824622e-08, 1.09118944991e-08, 5.35309219174e-09, 2.45874365312e-09, 2.4641979568e-09, 8.702520371e-10, 7.2429667819e-10, 7.79165676423e-10, 6.873995817e-10, 6.62179311384e-10, 2.09855188782e-10, 3.08419872974e-10, 3.00657762575e-11, 1.74571315736e-10, 1.22966789529e-10, 1.38433139951e-10, 9.8084124156e-11, 2.58510678142e-11, 8.07352448784e-12, 6.32429915728e-12, 6.41018141345e-12, 7.70246767843e-13, 3.07545465874e-14],
        "skew": [9.49502086639, 7.64610719681, 10.0503292084, 11.2996072769, 8.82734394073, 5.8827791214, 5.57664346695, 8.03262519836, 6.5144405365, 7.25204086304, 7.2218413353, 8.94539928436, 6.98248147964, 6.9626288414, 7.69141054153, 7.26122045517, 6.43354511261, 6.59850692749, 6.79413461685, 7.40033388138, 7.10858774185, 6.56396818161, 7.31586551666, 7.4834394455, 7.24214458466, 7.28963899612, 7.60724782944],
        "var": [2.34259832494e-17, 1.94502061484e-13, 5.87158468547e-13, 1.86142594394e-12, 1.87350222142e-11, 4.4862522941e-07, 4.6989745428e-09, 5.04765630335e-12, 1.66897589499e-11, 1.70535929128e-11, 6.91327550761e-11, 8.90580632244e-13, 1.03602411372e-10, 6.52149667602e-10, 2.44850424658e-11, 9.54285331312e-11, 1.77585889105e-06, 0.00692327599972, 0.000188769234228, 2.30416191016e-07, 2.10440539994e-10, 3.92341581446e-09, 3.9439774363e-11, 7.83451428732e-11, 7.15859871381e-11, 1.05051579415e-12, 8.02954345296e-17],
        "cov": [[2.34678154273e-17, 1.87498683809e-15, 3.0528416319e-15, 4.92826426844e-15, 1.83330557495e-14, 2.75899051869e-12, 2.64462198885e-13, 7.89918023841e-15, 1.68525607423e-14, 1.65752048859e-14, 3.26504096112e-14, 3.20777475762e-15, 4.16748002752e-14, 1.02313909298e-13, 1.75356962024e-14, 3.68355722986e-14, 5.35641366331e-12, 3.34155286774e-10, 5.61379692732e-11, 1.93158965385e-12, 5.6949833304e-14, 2.48584166489e-13, 2.49374868357e-14, 3.62628357247e-14, 3.50979316411e-14, 3.98827326687e-15, 3.43449857107e-17], [1.87498683809e-15, 1.9484938565e-13, 2.98963951468e-13, 4.27994933331e-13, 1.6426471728e-12, 2.67415561916e-10, 2.65083788253e-11, 7.7416312293e-13, 1.58875256701e-12, 1.54661656745e-12, 3.13314305056e-12, 3.15854520273e-13, 3.96916657527e-12, 1.03846748908e-11, 1.76775380358e-12, 3.73918821253e-12, 5.39477518213e-10, 3.35796030981e-08, 5.51919709935e-09, 1.81591006121e-10, 5.59195138111e-12, 2.49558065185e-11, 2.35102562418e-12, 3.59279359735e-12, 3.44286578413e-12, 4.00032871412e-13, 3.33902166577e-15], [3.0528416319e-15, 2.98963951468e-13, 5.88206946258e-13, 7.9919605005e-13, 2.76862408867e-12, 3.90578708265e-10, 3.78202955065e-11, 1.04757695574e-12, 2.1679819398e-12, 2.3496265697e-12, 4.97369680164e-12, 3.98532064554e-13, 6.11032665437e-12, 1.57838950243e-11, 2.91376991979e-12, 5.3659689539e-12, 7.83524078951e-10, 4.82146056413e-08, 7.94844190466e-09, 2.67597360937e-10, 7.52541258475e-12, 3.60801180599e-11, 3.29773795077e-12, 5.11444359086e-12, 5.07876553313e-12, 5.694932915e-13, 5.40249260462e-15], [4.92826426844e-15, 4.27994933331e-13, 7.9919605005e-13, 1.8647501078e-12, 5.09424186862e-12, 6.12313755255e-10, 5.77565356652e-11, 1.84256039246e-12, 3.93111107902e-12, 4.57140575394e-12, 8.55640124725e-12, 8.66049690729e-13, 1.04448142843e-11, 2.62119024402e-11, 4.87582760625e-12, 9.26255860206e-12, 1.25755472702e-09, 8.27278938687e-08, 1.3302925872e-08, 4.61921195738e-10, 1.30892848643e-11, 6.16356479743e-11, 6.39204661423e-12, 9.36599756085e-12, 8.88625024259e-12, 8.93396847387e-13, 1.04020389307e-14], [1.83330557495e-14, 1.6426471728e-12, 2.76862408867e-12, 5.09424186862e-12, 1.87684780911e-11, 2.41802489143e-09, 2.33743580047e-10, 6.94881912428e-12, 1.44713685479e-11, 1.61667658427e-11, 3.07568935598e-11, 3.2137192213e-12, 3.85996061503e-11, 9.72629199403e-11, 1.76571066796e-11, 3.54815933579e-11, 4.88306062252e-09, 3.08689976691e-07, 5.07687936135e-08, 1.77065584417e-09, 5.02013049186e-11, 2.31424074348e-10, 2.27343872894e-11, 3.36461691841e-11, 3.33729259505e-11, 3.54909157618e-12, 3.44376999519e-14], [2.75899051869e-12, 2.67415561916e-10, 3.90578708265e-10, 6.12313755255e-10, 2.41802489143e-09, 4.49426352134e-07, 4.51716459793e-08, 1.32814204079e-09, 2.65176391956e-09, 2.58970733746e-09, 5.14777687144e-09, 5.35926469869e-10, 6.3975242881e-09, 1.60876627575e-08, 3.02220004578e-09, 6.03268990318e-09, 8.60489990373e-07, 5.27167685505e-05, 8.69826817507e-06, 2.89294263212e-07, 8.99125840448e-09, 3.9595629886e-08, 3.81402331939e-09, 5.3628315122e-09, 5.20256815406e-09, 6.35325902998e-10, 5.38644519613e-12], [2.64462198885e-13, 2.65083788253e-11, 3.78202955065e-11, 5.77565356652e-11, 2.33743580047e-10, 4.51716459793e-08, 4.70736560843e-09, 1.32581681744e-10, 2.64600036326e-10, 2.52631221498e-10, 5.04254804579e-10, 5.41273692534e-11, 6.29438334787e-10, 1.60076318867e-09, 2.9629018683e-10, 5.96857785418e-10, 8.59138324927e-08, 5.26059511685e-06, 8.60095440203e-07, 2.84646368698e-08, 8.94250229422e-10, 3.95364985195e-09, 3.75750236481e-10, 5.31763633127e-10, 5.14491838022e-10, 6.29167412614e-11, 5.37699821734e-13], [7.89918023841e-15, 7.7416312293e-13, 1.04757695574e-12, 1.84256039246e-12, 6.94881912428e-12, 1.32814204079e-09, 1.32581681744e-10, 5.05667036022e-12, 8.11373884746e-12, 8.06249424862e-12, 1.70358119972e-11, 1.91421162775e-12, 2.11297680741e-11, 5.31440620677e-11, 9.42112620556e-12, 2.03857191544e-11, 2.74690958868e-09, 1.72105274032e-07, 2.91713604383e-08, 1.03433295262e-09, 3.06304946684e-11, 1.29281335637e-10, 1.35436982809e-11, 1.76827129328e-11, 1.69015738904e-11, 2.23554486554e-12, 1.70214896052e-14], [1.68525607423e-14, 1.58875256701e-12, 2.1679819398e-12, 3.93111107902e-12, 1.44713685479e-11, 2.65176391956e-09, 2.64600036326e-10, 8.11373884746e-12, 1.67195614992e-11, 1.59581757531e-11, 3.09374817431e-11, 3.28064051619e-12, 3.86529766527e-11, 9.64383572999e-11, 1.76327372842e-11, 3.64978429424e-11, 5.15221065811e-09, 3.23640989564e-07, 5.3400256661e-08, 1.74119429985e-09, 5.60037467789e-11, 2.42456804633e-10, 2.39507511046e-11, 3.34888609899e-11, 3.18522985765e-11, 3.81181718134e-12, 3.23390064185e-14], [1.65752048859e-14, 1.54661656745e-12, 2.3496265697e-12, 4.57140575394e-12, 1.61667658427e-11, 2.58970733746e-09, 2.52631221498e-10, 8.06249424862e-12, 1.59581757531e-11, 1.70840459834e-11, 3.20438328649e-11, 3.37707487842e-12, 3.94195023845e-11, 9.8873791099e-11, 1.90000550016e-11, 3.76319253537e-11, 5.07696507057e-09, 3.22460664393e-07, 5.33648290002e-08, 1.80109627212e-09, 5.45599433688e-11, 2.41995617989e-10, 2.42175810655e-11, 3.39049795184e-11, 3.2800921701e-11, 3.7970334342e-12, 3.51223837882e-14], [3.26504096112e-14, 3.13314305056e-12, 4.97369680164e-12, 8.55640124725e-12, 3.07568935598e-11, 5.14777687144e-09, 5.04254804579e-10, 1.70358119972e-11, 3.09374817431e-11, 3.20438328649e-11, 6.92562049376e-11, 6.58118915267e-12, 8.40035957461e-11, 2.07025604992e-10, 3.9044975586e-11, 7.73507577434e-11, 1.070235367e-08, 6.6422933287e-07, 1.10135921716e-07, 3.78576592297e-09, 1.12131130769e-10, 5.02634656119e-10, 4.96065376276e-11, 6.69667585274e-11, 6.64547722407e-11, 8.05808111209e-12, 6.86838552613e-14], [3.20777475762e-15, 3.15854520273e-13, 3.98532064554e-13, 8.66049690729e-13, 3.2137192213e-12, 5.35926469869e-10, 5.41273692534e-11, 1.91421162775e-12, 3.28064051619e-12, 3.37707487842e-12, 6.58118915267e-12, 8.9217093999e-13, 8.22212176815e-12, 2.10211206081e-11, 3.705806495e-12, 8.08835897564e-12, 1.10150411015e-09, 6.90274859494e-08, 1.14319176348e-08, 4.16126799685e-10, 1.24289007905e-11, 5.14869466506e-11, 5.47596473374e-12, 7.45205893521e-12, 7.11393791097e-12, 8.64051668756e-13, 7.35558159791e-15], [4.16748002752e-14, 3.96916657527e-12, 6.11032665437e-12, 1.04448142843e-11, 3.85996061503e-11, 6.3975242881e-09, 6.29438334787e-10, 2.11297680741e-11, 3.86529766527e-11, 3.94195023845e-11, 8.40035957461e-11, 8.22212176815e-12, 1.03787416161e-10, 2.56670740217e-10, 4.72891135972e-11, 9.62325427678e-11, 1.32362334426e-08, 8.23354355362e-07, 1.36715698318e-07, 4.71848604633e-09, 1.39441180824e-10, 6.20557161213e-10, 6.16688158872e-11, 8.43923403382e-11, 8.30271129626e-11, 1.00269376135e-11, 8.39559406154e-14], [1.02313909298e-13, 1.03846748908e-11, 1.57838950243e-11, 2.62119024402e-11, 9.72629199403e-11, 1.60876627575e-08, 1.60076318867e-09, 5.31440620677e-11, 9.64383572999e-11, 9.8873791099e-11, 2.07025604992e-10, 2.10211206081e-11, 2.56670740217e-10, 6.53314180532e-10, 1.16550158413e-10, 2.4250776387e-10, 3.33752581128e-08, 2.0907830276e-06, 3.46173379739e-07, 1.18635146151e-08, 3.5194017145e-10, 1.56970558773e-09, 1.54543419728e-10, 2.17620213516e-10, 2.1181109644e-10, 2.5484845137e-11, 2.13632361584e-13], [1.75356962024e-14, 1.76775380358e-12, 2.91376991979e-12, 4.87582760625e-12, 1.76571066796e-11, 3.02220004578e-09, 2.9629018683e-10, 9.42112620556e-12, 1.76327372842e-11, 1.90000550016e-11, 3.9044975586e-11, 3.705806495e-12, 4.72891135972e-11, 1.16550158413e-10, 2.4528766171e-11, 4.49123307988e-11, 5.98492411186e-09, 3.6587786667e-07, 6.06517076562e-08, 2.08153161374e-09, 6.2037174009e-11, 2.76389050535e-10, 2.7185196802e-11, 3.69997435468e-11, 3.67780840504e-11, 4.48007082821e-12, 4.06812238518e-14], [3.68355722986e-14, 3.73918821253e-12, 5.3659689539e-12, 9.26255860206e-12, 3.54815933579e-11, 6.03268990318e-09, 5.96857785418e-10, 2.03857191544e-11, 3.64978429424e-11, 3.76319253537e-11, 7.73507577434e-11, 8.08835897564e-12, 9.62325427678e-11, 2.4250776387e-10, 4.49123307988e-11, 9.55989384877e-11, 1.25853363286e-08, 7.85628287758e-07, 1.30479818949e-07, 4.50813297803e-09, 1.36395075789e-10, 5.89451709665e-10, 5.92159515866e-11, 8.25916210423e-11, 7.97428512112e-11, 9.65952665077e-12, 7.93407426889e-14], [5.35641366331e-12, 5.39477518213e-10, 7.83524078951e-10, 1.25755472702e-09, 4.88306062252e-09, 8.60489990373e-07, 8.59138324927e-08, 2.74690958868e-09, 5.15221065811e-09, 5.07696507057e-09, 1.070235367e-08, 1.10150411015e-09, 1.32362334426e-08, 3.33752581128e-08, 5.98492411186e-09, 1.25853363286e-08, 1.7790300717e-06, 0.000110030159703, 1.80479728442e-05, 6.0771662902e-07, 1.87724413792e-08, 8.28584987289e-08, 8.00294674974e-09, 1.12381846051e-08, 1.09423607952e-08, 1.31653621338e-09, 1.08672662882e-11], [3.34155286774e-10, 3.35796030981e-08, 4.82146056413e-08, 8.27278938687e-08, 3.08689976691e-07, 5.27167685505e-05, 5.26059511685e-06, 1.72105274032e-07, 3.23640989564e-07, 3.22460664393e-07, 6.6422933287e-07, 6.90274859494e-08, 8.23354355362e-07, 2.0907830276e-06, 3.6587786667e-07, 7.85628287758e-07, 0.000110030159703, 0.00693563884124, 0.001135523431, 3.7975532905e-05, 1.1751577631e-06, 5.21425181432e-06, 5.06656192556e-07, 7.15993166978e-07, 6.91151569754e-07, 8.17708070144e-08, 6.87108758779e-10], [5.61379692732e-11, 5.51919709935e-09, 7.94844190466e-09, 1.3302925872e-08, 5.07687936135e-08, 8.69826817507e-06, 8.60095440203e-07, 2.91713604383e-08, 5.3400256661e-08, 5.33648290002e-08, 1.10135921716e-07, 1.14319176348e-08, 1.36715698318e-07, 3.46173379739e-07, 6.06517076562e-08, 1.30479818949e-07, 1.80479728442e-05, 0.001135523431, 0.000189106329344, 6.40863390799e-06, 1.95668960146e-07, 8.52644859606e-07, 8.46820924494e-08, 1.18169609209e-07, 1.14070530799e-07, 1.3837710533e-08, 1.12000034247e-10], [1.93158965385e-12, 1.81591006121e-10, 2.67597360937e-10, 4.61921195738e-10, 1.77065584417e-09, 2.89294263212e-07, 2.84646368698e-08, 1.03433295262e-09, 1.74119429985e-09, 1.80109627212e-09, 3.78576592297e-09, 4.16126799685e-10, 4.71848604633e-09, 1.18635146151e-08, 2.08153161374e-09, 4.50813297803e-09, 6.0771662902e-07, 3.7975532905e-05, 6.40863390799e-06, 2.30827652103e-07, 6.66377797387e-09, 2.84425496488e-08, 2.95485436119e-09, 4.03057631715e-09, 3.91984444903e-09, 4.83953377373e-10, 3.85140877524e-12], [5.6949833304e-14, 5.59195138111e-12, 7.52541258475e-12, 1.30892848643e-11, 5.02013049186e-11, 8.99125840448e-09, 8.94250229422e-10, 3.06304946684e-11, 5.60037467789e-11, 5.45599433688e-11, 1.12131130769e-10, 1.24289007905e-11, 1.39441180824e-10, 3.5194017145e-10, 6.2037174009e-11, 1.36395075789e-10, 1.87724413792e-08, 1.1751577631e-06, 1.95668960146e-07, 6.66377797387e-09, 2.10816322732e-10, 8.80174988449e-10, 8.94319895917e-11, 1.24203161644e-10, 1.18293999596e-10, 1.44165963889e-11, 1.16259053166e-13], [2.48584166489e-13, 2.49558065185e-11, 3.60801180599e-11, 6.16356479743e-11, 2.31424074348e-10, 3.9595629886e-08, 3.95364985195e-09, 1.29281335637e-10, 2.42456804633e-10, 2.41995617989e-10, 5.02634656119e-10, 5.14869466506e-11, 6.20557161213e-10, 1.56970558773e-09, 2.76389050535e-10, 5.89451709665e-10, 8.28584987289e-08, 5.21425181432e-06, 8.52644859606e-07, 2.84425496488e-08, 8.80174988449e-10, 3.93042176583e-09, 3.79495573855e-10, 5.32726918134e-10, 5.16926224048e-10, 6.12354889018e-11, 5.15354469169e-13], [2.49374868357e-14, 2.35102562418e-12, 3.29773795077e-12, 6.39204661423e-12, 2.27343872894e-11, 3.81402331939e-09, 3.75750236481e-10, 1.35436982809e-11, 2.39507511046e-11, 2.42175810655e-11, 4.96065376276e-11, 5.47596473374e-12, 6.16688158872e-11, 1.54543419728e-10, 2.7185196802e-11, 5.92159515866e-11, 8.00294674974e-09, 5.06656192556e-07, 8.46820924494e-08, 2.95485436119e-09, 8.94319895917e-11, 3.79495573855e-10, 3.95102006667e-11, 5.3929291588e-11, 5.14457539069e-11, 6.24510642852e-12, 5.16318555293e-14], [3.62628357247e-14, 3.59279359735e-12, 5.11444359086e-12, 9.36599756085e-12, 3.36461691841e-11, 5.3628315122e-09, 5.31763633127e-10, 1.76827129328e-11, 3.34888609899e-11, 3.39049795184e-11, 6.69667585274e-11, 7.45205893521e-12, 8.43923403382e-11, 2.17620213516e-10, 3.69997435468e-11, 8.25916210423e-11, 1.12381846051e-08, 7.15993166978e-07, 1.18169609209e-07, 4.03057631715e-09, 1.24203161644e-10, 5.32726918134e-10, 5.3929291588e-11, 7.84850448521e-11, 7.41369604595e-11, 8.56006238115e-12, 7.32106432769e-14], [3.50979316411e-14, 3.44286578413e-12, 5.07876553313e-12, 8.88625024259e-12, 3.33729259505e-11, 5.20256815406e-09, 5.14491838022e-10, 1.69015738904e-11, 3.18522985765e-11, 3.2800921701e-11, 6.64547722407e-11, 7.11393791097e-12, 8.30271129626e-11, 2.1181109644e-10, 3.67780840504e-11, 7.97428512112e-11, 1.09423607952e-08, 6.91151569754e-07, 1.14070530799e-07, 3.91984444903e-09, 1.18293999596e-10, 5.16926224048e-10, 5.14457539069e-11, 7.41369604595e-11, 7.17138223805e-11, 8.26463029957e-12, 7.0464230425e-14], [3.98827326687e-15, 4.00032871412e-13, 5.694932915e-13, 8.93396847387e-13, 3.54909157618e-12, 6.35325902998e-10, 6.29167412614e-11, 2.23554486554e-12, 3.81181718134e-12, 3.7970334342e-12, 8.05808111209e-12, 8.64051668756e-13, 1.00269376135e-11, 2.5484845137e-11, 4.48007082821e-12, 9.65952665077e-12, 1.31653621338e-09, 8.17708070144e-08, 1.3837710533e-08, 4.83953377373e-10, 1.44165963889e-11, 6.12354889018e-11, 6.24510642852e-12, 8.56006238115e-12, 8.26463029957e-12, 1.05239168074e-12, 8.04098371817e-15], [3.43449857107e-17, 3.33902166577e-15, 5.40249260462e-15, 1.04020389307e-14, 3.44376999519e-14, 5.38644519613e-12, 5.37699821734e-13, 1.70214896052e-14, 3.23390064185e-14, 3.51223837882e-14, 6.86838552613e-14, 7.35558159791e-15, 8.39559406154e-14, 2.13632361584e-13, 4.06812238518e-14, 7.93407426889e-14, 1.08672662882e-11, 6.87108758779e-10, 1.12000034247e-10, 3.85140877524e-12, 1.16259053166e-13, 5.15354469169e-13, 5.16318555293e-14, 7.32106432769e-14, 7.0464230425e-14, 8.04098371817e-15, 8.04388147082e-17]]
    },
    "mfcc": {
        "kurt": [24.2282676697, 8.6487827301, 16.6469707489, 9.47848415375, 1.11524534225, 8.23009586334, 5.73653030396, 3.70742416382, 6.01957511902, 8.65592670441, 6.63615608215, 2.94636011124, 0.239068746567],
        "max": [-612.813171387, 95.228805542, 45.5937843323, 86.8332672119, 20.2061157227, 11.5190887451, 5.84860610962, 6.56543731689, 6.2001991272, 5.84571266174, 30.8398532867, 11.9780807495, 8.18283843994],
        "mean": [-1083.85949707, 46.4757080078, 29.2208328247, 24.5508117676, 6.802090168, -7.82511425018, -6.26508426666, -6.34037446976, -9.57488059998, -5.44475269318, -1.77255356312, -4.99261808395, -4.47385692596],
        "median": [-1101.71850586, 46.5143241882, 34.3420448303, 21.4966773987, 7.1981048584, -3.12859344482, -5.98411560059, -6.49574279785, -6.29983520508, -4.3948059082, -2.60242080688, -4.3199005127, -4.57220458984],
        "min": [-1120.79699707, 2.96629333496, -91.4270172119, 7.24159622192, -12.8386383057, -86.7942352295, -33.6289100647, -34.4890861511, -63.9641265869, -46.2373504639, -11.8434200287, -27.9604911804, -18.1987876892],
        "skew": [4.96049642563, 0.285444945097, -4.11131286621, 2.9756269455, -0.441688805819, -2.94986248016, -1.48614537716, -0.693349599838, -2.53916931152, -2.54092025757, 2.04489183426, -1.23125195503, -0.039992865175],
        "var": [6282.30957031, 92.3975753784, 476.59387207, 165.517944336, 19.7920188904, 302.693878174, 27.5794525146, 21.6739292145, 166.500778198, 51.1743164062, 34.6854438782, 29.7720928192, 12.5591592789],
        "cov": [[6293.52832031, -231.068710327, -1638.57080078, 874.264587402, -95.7904968262, -1157.18774414, -67.1455764771, 39.5133323669, -802.77142334, -452.381347656, 319.788452148, -237.360748291, -18.1038589478], [-231.068710327, 92.5625686646, 57.0432853699, -11.0489940643, 9.26484203339, -1.3219512701, -17.1879920959, -14.7035713196, 3.35693621635, 7.31097078323, -17.8542194366, 14.4643039703, -0.645048260689], [-1638.57080078, 57.0432853699, 477.444915771, -223.263259888, 36.2806663513, 341.720550537, 33.8595237732, -0.401546806097, 231.613128662, 128.386779785, -81.528213501, 60.5111961365, 6.28109359741], [874.264587402, -11.0489940643, -223.263259888, 165.81350708, 2.35471892357, -188.032867432, 1.4041069746, 11.2724342346, -147.220016479, -69.875038147, 54.6168251038, -45.3658561707, -2.86014127731], [-95.7904968262, 9.26484203339, 36.2806663513, 2.35471892357, 19.8273620605, 31.3210449219, 12.1948003769, 6.08975553513, 11.9944810867, 6.36897373199, -4.26507663727, 1.77661716938, 0.384528517723], [-1157.18774414, -1.3219512701, 341.720550537, -188.032867432, 31.3210449219, 303.234405518, 36.991355896, 9.7894077301, 211.178451538, 101.001670837, -65.3207626343, 51.20495224, 5.05341243744], [-67.1455764771, -17.1879920959, 33.8595237732, 1.4041069746, 12.1948003769, 36.991355896, 27.6287021637, 20.0743236542, 20.9324569702, 15.016544342, 3.35528683662, -4.22740411758, 0.542787194252], [39.5133323669, -14.7035713196, -0.401546806097, 11.2724342346, 6.08975553513, 9.7894077301, 20.0743236542, 21.7126331329, 10.3376998901, 7.28282499313, 10.9582996368, -4.26716041565, 0.0399168431759], [-802.77142334, 3.35693621635, 231.613128662, -147.220016479, 11.9944810867, 211.178451538, 20.9324569702, 10.3376998901, 166.798095703, 80.6094360352, -41.9928016663, 46.7372436523, 5.29311418533], [-452.381347656, 7.31097078323, 128.386779785, -69.875038147, 6.36897373199, 101.001670837, 15.016544342, 7.28282499313, 80.6094360352, 51.2656974792, -13.2357912064, 25.051820755, 5.88357877731], [319.788452148, -17.8542194366, -81.528213501, 54.6168251038, -4.26507663727, -65.3207626343, 3.35528683662, 10.9582996368, -41.9928016663, -13.2357912064, 34.747379303, -7.67685365677, 5.52694892883], [-237.360748291, 14.4643039703, 60.5111961365, -45.3658561707, 1.77661716938, 51.20495224, -4.22740411758, -4.26716041565, 46.7372436523, 25.051820755, -7.67685365677, 29.825258255, 11.3100452423], [-18.1038589478, -0.645048260689, 6.28109359741, -2.86014127731, 0.384528517723, 5.05341243744, 0.542787194252, 0.0399168431759, 5.29311418533, 5.88357877731, 5.52694892883, 11.3100452423, 12.5815868378]]
    },
    "sccoeffs": {
        "kurt": [0.231200218201, 9.97132205963, 3.97616767883, 15.6855831146, 14.0871982574, 17.5127277374],
        "max": [-0.659025847912, -0.417768150568, -0.748765170574, -0.706454575062, -0.365807175636, -0.741868197918],
        "mean": [-0.792091906071, -0.849672794342, -0.888054966927, -0.890143454075, -0.862442076206, -0.883726358414],
        "median": [-0.795149147511, -0.874452412128, -0.891576588154, -0.89491289854, -0.895882606506, -0.888639688492],
        "min": [-0.898561418056, -0.942963182926, -0.942896068096, -0.937846422195, -0.93117249012, -0.914568245411],
        "skew": [0.395118176937, 3.18919157982, 1.48193717003, 3.49655652046, 3.56060576439, 3.90870952606],
        "var": [0.00155169016216, 0.00871970690787, 0.000735214678571, 0.000778240850195, 0.00880900211632, 0.000497445347719],
        "cov": [[0.00155446107965, 0.000106187428173, 8.5429957835e-05, 3.98941410822e-05, 7.32955304557e-05, 4.61969250409e-07], [0.000106187428173, 0.00873527768999, 0.00150700134691, 0.00183971330989, 0.00718293525279, 0.00170091504697], [8.5429957835e-05, 0.00150700134691, 0.000736527552363, 0.000409788510296, 0.00146525795572, 0.000356561329681], [3.98941410822e-05, 0.00183971330989, 0.000409788510296, 0.0007796305581, 0.00193168525584, 0.000476667220937], [7.32955304557e-05, 0.00718293525279, 0.00146525795572, 0.00193168525584, 0.00882473215461, 0.0018716827035], [4.61969250409e-07, 0.00170091504697, 0.000356561329681, 0.000476667220937, 0.0018716827035, 0.000498333654832]]
    },
    "scvalleys": {
        "kurt": [7.94547367096, 13.8201961517, 16.5524082184, 17.9762859344, 16.9637336731, 18.6887321472],
        "max": [-7.26337385178, -6.60438871384, -7.02715206146, -7.30556249619, -5.6498336792, -7.87535572052],
        "mean": [-10.2678289413, -9.96991539001, -10.979467392, -11.8163909912, -12.7419567108, -15.0300073624],
        "median": [-10.2664136887, -10.0292835236, -11.0870981216, -11.9799947739, -13.1035957336, -15.3497104645],
        "min": [-11.7792062759, -11.3336591721, -12.0543622971, -12.6705818176, -13.8989276886, -15.5454788208],
        "skew": [1.84094512463, 3.14507079124, 3.8118789196, 4.19597291946, 4.10694026947, 4.37203121185],
        "var": [0.323871910572, 0.343968600035, 0.46894839406, 0.642729818821, 1.72953367233, 1.67082893848],
        "cov": [[0.32445025444, 0.192490980029, 0.251341968775, 0.292797893286, 0.492008417845, 0.488132625818], [0.192490980029, 0.344582825899, 0.324322849512, 0.393339633942, 0.649716496468, 0.644104480743], [0.251341968775, 0.324322849512, 0.469785809517, 0.499375581741, 0.808491647243, 0.811319947243], [0.292797893286, 0.393339633942, 0.499375581741, 0.643877565861, 0.997110009193, 0.997658014297], [0.492008417845, 0.649716496468, 0.808491647243, 0.997110009193, 1.73262214661, 1.67520618439], [0.488132625818, 0.644104480743, 0.811319947243, 0.997658014297, 1.67520618439, 1.67381250858]]
    }
},
"rhythm": {
    "beats_loudness": {
        "kurt": -0.632916688919,
        "max": 1.12205907499e-06,
        "mean": 6.94146194746e-07,
        "median": 6.48884906695e-07,
        "min": 3.80897404284e-07,
        "skew": 0.513446629047,
        "var": 4.65775726636e-14
    },
    "bpm": 56.7039718628,
    "confidence": 1.87385213375,
    "first_peak_bpm": {
        "kurt": 0,
        "max": 56,
        "mean": 56,
        "median": 56,
        "min": 56,
        "skew": 0,
        "var": 0
    },
    "first_peak_spread": {
        "kurt": 0,
        "max": 0.399999976158,
        "mean": 0.399999976158,
        "median": 0.399999976158,
        "min": 0.399999976158,
        "skew": 0,
        "var": 0
    },
    "first_peak_weight": {
        "kurt": 0,
        "max": 0.600000023842,
        "mean": 0.600000023842,
        "median": 0.600000023842,
        "min": 0.600000023842,
        "skew": 0,
        "var": 0
    },
    "onset_rate": 0.230769634247,
    "second_peak_bpm": {
        "kurt": 0,
        "max": 0,
        "mean": 0,
        "median": 0,
        "min": 0,
        "skew": 0,
        "var": 0
    },
    "second_peak_spread": {
        "kurt": 0,
        "max": 0,
        "mean": 0,
        "median": 0,
        "min": 0,
        "skew": 0,
        "var": 0
    },
    "second_peak_weight": {
        "kurt": 0,
        "max": 0,
        "mean": 0,
        "median": 0,
        "min": 0,
        "skew": 0,
        "var": 0
    },
    "beats_loudness_band_ratio": {
        "kurt": [-0.850807666779, -0.311179876328, -1.23892128468, -0.847723245621, 4.21772050858, 3.30378389359],
        "max": [0.669413208961, 0.513950824738, 0.308696717024, 0.0621790923178, 0.0745401978493, 0.253294885159],
        "mean": [0.458695322275, 0.298241794109, 0.202547326684, 0.0408757179976, 0.019169298932, 0.0353420265019],
        "median": [0.495784193277, 0.291660010815, 0.170608267188, 0.0407966524363, 0.0118949031457, 0.00261955824681],
        "min": [0.167335093021, 0.167580753565, 0.113461405039, 0.011554479599, 0.00559925381094, 0.0012593815336],
        "skew": [-0.538904964924, 0.769562661648, 0.375961005688, -0.443247050047, 2.3140103817, 2.18318915367],
        "var": [0.0241453032941, 0.01037353836, 0.0040194299072, 0.000224852454267, 0.000345665641362, 0.00576556008309],
        "cov": [[0.0265598334372, -0.0121480105445, -0.00278523517773, -0.00137272698339, -0.00175049901009, -0.00711443740875], [-0.0121480105445, 0.0114108920097, -0.00115666200873, 0.000379770353902, 0.000240523047978, 0.00149035826325], [-0.00278523517773, -0.00115666200873, 0.00442137289792, 0.000640647485852, -0.000349029025529, -0.00167273101397], [-0.00137272698339, 0.000379770353902, 0.000640647485852, 0.000247337680776, -2.29528704949e-05, -0.000224164017709], [-0.00175049901009, 0.000240523047978, -0.000349029025529, -2.29528704949e-05, 0.000380232202588, 0.00149719626643], [-0.00711443740875, 0.00149035826325, -0.00167273101397, -0.000224164017709, 0.00149719626643, 0.006342115812]]
    },
    "beats_position": [1.14938771725, 2.31038546562, 3.3785033226, 4.446621418, 5.50312900543, 6.59446716309, 7.66258478165, 8.73070240021, 9.72916126251, 10.7392292023, 11.749297142],
    "bpm_estimates": [51.6796875, 56.173576355, 56.1735649109, 56.7908859253, 54.9783782959, 56.1735877991, 56.1735877991, 60.0926094055, 59.4019432068, 59.4019432068],
    "bpm_intervals": [1.16099774837, 1.06811785698, 1.0681180954, 1.05650758743, 1.09133815765, 1.06811761856, 1.06811761856, 0.998458862305, 1.01006793976, 1.01006793976],
    "onset_times": [1.28870749474, 5.9094786644, 10.2399997711],
    "histogram": [[0, 0, 0, 0, 0, 0, 0, 0, 0, 0, 0, 0, 0, 0, 0, 0, 0, 0, 0, 0, 0, 0, 0, 0, 0, 0, 0, 0, 0, 0, 0, 0, 0, 0, 0, 0, 0, 0, 0, 0, 0, 0, 0, 0, 0, 0, 0, 0, 0, 0, 0, 0, 0.10000000149, 0, 0, 0.10000000149, 0.40000000596, 0.10000000149, 0, 0.20000000298, 0.10000000149, 0, 0, 0, 0, 0, 0, 0, 0, 0, 0, 0, 0, 0, 0, 0, 0, 0, 0, 0, 0, 0, 0, 0, 0, 0, 0, 0, 0, 0, 0, 0, 0, 0, 0, 0, 0, 0, 0, 0, 0, 0, 0, 0, 0, 0, 0, 0, 0, 0, 0, 0, 0, 0, 0, 0, 0, 0, 0, 0, 0, 0, 0, 0, 0, 0, 0, 0, 0, 0, 0, 0, 0, 0, 0, 0, 0, 0, 0, 0, 0, 0, 0, 0, 0, 0, 0, 0, 0, 0, 0, 0, 0, 0, 0, 0, 0, 0, 0, 0, 0, 0, 0, 0, 0, 0, 0, 0, 0, 0, 0, 0, 0, 0, 0, 0, 0, 0, 0, 0, 0, 0, 0, 0, 0, 0, 0, 0, 0, 0, 0, 0, 0, 0, 0, 0, 0, 0, 0, 0, 0, 0, 0, 0, 0, 0, 0, 0, 0, 0, 0, 0, 0, 0, 0, 0, 0, 0, 0, 0, 0, 0, 0, 0, 0, 0, 0, 0, 0, 0, 0, 0, 0, 0, 0, 0, 0, 0, 0, 0, 0, 0, 0, 0, 0, 0, 0, 0, 0, 0]]
},
"sfx": {
    "inharmonicity": {
        "kurt": 1.64354848862,
        "max": 0.355619937181,
        "mean": 0.0744293108582,
        "median": 0.0578560009599,
        "min": 0,
        "skew": 1.2900853157,
        "var": 0.00485360762104
    },
    "oddtoevenharmonicenergyratio": {
        "kurt": 28.8744544983,
        "max": 12.2312164307,
        "mean": 0.669397234917,
        "median": 0.313647896051,
        "min": 0,
        "skew": 4.3220872879,
        "var": 1.2059751749
    },
    "pitch_after_max_to_before_max_energy_ratio": 3.13866782188,
    "pitch_centroid": 262.532226562,
    "pitch_max_to_total": 0.135472372174,
    "pitch_min_to_total": 0.244206771255,
    "tristimulus": {
        "kurt": [0.255800008774, -0.15615773201, 0.571764945984],
        "max": [1, 0.819929420948, 0.710285007954],
        "mean": [0.411610364914, 0.346464365721, 0.241925299168],
        "median": [0.371127933264, 0.372574985027, 0.243757873774],
        "min": [0, 0, 0],
        "skew": [0.835468828678, -0.450461000204, 0.163778111339],
        "var": [0.0784281417727, 0.0341692343354, 0.0184940136969],
        "cov": [[0.0785681903362, -0.0471357367933, -0.0314324907959], [-0.0471357367933, 0.0342302508652, 0.0129054551944], [-0.0314324907959, 0.0129054551944, 0.018527040258]]
    }
},
"tonal": {
    "chords_changes_rate": 0.110320284963,
    "chords_number_rate": 0.0320284701884,
    "chords_strength": {
        "kurt": -0.300463914871,
        "max": 0.546876847744,
        "mean": 0.37086185813,
        "median": 0.366671293974,
        "min": 0.258708447218,
        "skew": 0.314689993858,
        "var": 0.00302845984697
    },
    "key_strength": 0.423083126545,
    "tuning_diatonic_strength": 0.276155233383,
    "tuning_equal_tempered_deviation": 0.226323515177,
    "tuning_frequency": 446.142181396,
    "tuning_nontempered_energy_ratio": 0.878213644028,
    "hpcp": {
        "kurt": [1.12183094025, 2.54632425308, 3.69121837616, 4.06211566925, 4.09653997421, 4.97008180618, 4.43982028961, 5.01901340485, 3.5408039093, 2.79875326157, 2.49237775803, 2.64331769943, 2.67480945587, 2.50468349457, 2.6931142807, 1.46313524246, 1.50336074829, 5.04181098938, 7.64574623108, 6.00588798523, 1.2283949852, 0.877235651016, 1.9006228447, 2.20852661133, 1.36049127579, 0.978536605835, 0.795261383057, 1.52707147598, 2.0058836937, 2.77526473999, 3.71433925629, 3.81030845642, 3.17414474487, 2.52329826355, 1.9109826088, 1.9366941452],
        "max": [1, 1, 1, 1, 1, 1, 1, 1, 1, 1, 1, 1, 1, 1, 1, 1, 1, 1, 1, 1, 1, 1, 1, 1, 1, 1, 1, 1, 1, 1, 1, 1, 1, 1, 1, 1],
        "mean": [0.215448468924, 0.214254811406, 0.180679947138, 0.167967647314, 0.165875926614, 0.155468121171, 0.152861744165, 0.165707305074, 0.179130285978, 0.192302420735, 0.198459416628, 0.191162496805, 0.18474945426, 0.193953856826, 0.204398781061, 0.223429843783, 0.210170969367, 0.154825732112, 0.122070908546, 0.14663682878, 0.231237396598, 0.25870347023, 0.216153115034, 0.196443319321, 0.208979204297, 0.233955457807, 0.249485954642, 0.234192252159, 0.198039755225, 0.1822283566, 0.179069399834, 0.179777815938, 0.19139122963, 0.200895994902, 0.20132753253, 0.197623312473],
