{
"metadata": {
    "version": {
        "essentia": "2.1-beta3"
    }
},
"lowLevel": {
    "average_loudness": 0.99068403244,
    "barkbands_kurtosis": {
        "kurt": 6.99321079254,
        "max": 21.2935905457,
        "mean": 3.72496461868,
        "median": 3.10899376869,
        "min": -1.18829989433,
        "skew": 2.34806489944,
        "var": 15.3284635544
    },
    "barkbands_skewness": {
        "kurt": 4.11135387421,
        "max": 2.41868138313,
        "mean": -1.34214174747,
        "median": -1.68977129459,
        "min": -2.90618085861,
        "skew": 1.84448349476,
        "var": 0.920473992825
    },
    "barkbands_spread": {
        "kurt": 3.01109838486,
        "max": 65.7990722656,
        "mean": 19.0578384399,
        "median": 22.6582832336,
        "min": 1.36708378792,
        "skew": 0.811493217945,
        "var": 126.473350525
    },
    "dissonance": {
        "kurt": 0.99387049675,
        "max": 0.49986743927,
        "mean": 0.470432341099,
        "median": 0.492060422897,
        "min": 0.354238659143,
        "skew": -1.51647770405,
        "var": 0.00168545357883
    },
    "hfc": {
        "kurt": 12.960187912,
        "max": 37.5556755066,
        "mean": 2.09024763107,
        "median": 1.24944691849e-16,
        "min": 1.07829100748e-16,
        "skew": 3.79516196251,
        "var": 61.7768669128
    },
    "pitch": {
        "kurt": 6.79437160492,
        "max": 4420.10351562,
        "mean": 700.284729004,
        "median": 415.854125977,
        "min": 96.7266387939,
        "skew": 2.86943793297,
        "var": 1044158.375
    },
    "pitch_instantaneous_confidence": {
        "kurt": -1.81090772152,
        "max": 0.977655947208,
        "mean": 0.46361592412,
        "median": 0.157202154398,
        "min": 0.0734243392944,
        "skew": 0.339233279228,
        "var": 0.150733664632
    },
    "pitch_salience": {
        "kurt": 0.181422948837,
        "max": 0.817329108715,
        "mean": 0.724161148071,
        "median": 0.782939136028,
        "min": 0.419106125832,
        "skew": -1.19826984406,
        "var": 0.0102437622845
    },
    "silence_rate_20dB": {
        "kurt": 0,
        "max": 1,
        "mean": 1,
        "median": 1,
        "min": 1,
        "skew": 0,
        "var": 0
    },
    "silence_rate_30dB": {
        "kurt": 0,
        "max": 1,
        "mean": 1,
        "median": 1,
        "min": 1,
        "skew": 0,
        "var": 0
    },
    "silence_rate_60dB": {
        "kurt": 7.09086799622,
        "max": 1,
        "mean": 0.916666686535,
        "median": 1,
        "min": 0,
        "skew": -3.01510739326,
        "var": 0.0763890221715
    },
    "spectral_centroid": {
        "kurt": -1.90074217319,
        "max": 11905.1416016,
        "mean": 7084.18896484,
        "median": 10601.2460938,
        "min": 636.709411621,
        "skew": -0.21873344481,
        "var": 19573596
    },
    "spectral_complexity": {
        "kurt": 8.00331687927,
        "max": 11,
        "mean": 0.883333325386,
        "median": 0,
        "min": 0,
        "skew": 3.10761260986,
        "var": 8.03638648987
    },
    "spectral_crest": {
        "kurt": 2.12273073196,
        "max": 20.4518451691,
        "mean": 8.60966110229,
        "median": 6.97215366364,
        "min": 5.49314928055,
        "skew": 1.57534766197,
        "var": 11.2936410904
    },
    "spectral_decrease": {
        "kurt": 12.5969161987,
        "max": 1.2117340931e-28,
        "mean": -1.99399441403e-10,
        "median": -1.16939890292e-28,
        "min": -3.4669735971e-09,
        "skew": -3.75280785561,
        "var": 5.49132793534e-19
    },
    "spectral_energy": {
        "kurt": 12.6675043106,
        "max": 0.0164915714413,
        "mean": 0.00094217073638,
        "median": 1.12899700765e-20,
        "min": 9.63488183716e-21,
        "skew": 3.76116704941,
        "var": 1.23170129882e-05
    },
    "spectral_energyband_high": {
        "kurt": 14.6535892487,
        "max": 0.00192387332208,
        "mean": 9.98349787551e-05,
        "median": 8.24642929062e-21,
        "min": 7.10343047396e-21,
        "skew": 3.97227263451,
        "var": 1.49180905851e-07
    },
    "spectral_energyband_low": {
        "kurt": 14.6748981476,
        "max": 1.0423235608e-09,
        "mean": 5.47425299535e-11,
        "median": 1.47466274986e-22,
        "min": 1.38926988216e-23,
        "skew": 3.93184781075,
        "var": 3.73820561024e-20
    },
    "spectral_energyband_middle_high": {
        "kurt": 12.469045639,
        "max": 0.0142161604017,
        "mean": 0.000816086598206,
        "median": 1.83431057074e-21,
        "min": 1.23933900376e-21,
        "skew": 3.74099826813,
        "var": 9.27264500206e-06
    },
    "spectral_energyband_middle_low": {
        "kurt": 10.2859973907,
        "max": 0.000436720059952,
        "mean": 2.88042556349e-05,
        "median": 4.72576604225e-22,
        "min": 2.11928529795e-22,
        "skew": 3.41318964958,
        "var": 9.17207465534e-09
    },
    "spectral_flatness_db": {
        "kurt": -1.57237637043,
        "max": 0.451467245817,
        "mean": 0.195046633482,
        "median": 0.0852803140879,
        "min": 0.0482934340835,
        "skew": 0.473808407784,
        "var": 0.0205695684999
    },
    "spectral_flux": {
        "kurt": 10.5117330551,
        "max": 0.0886258557439,
        "mean": 0.00578141119331,
        "median": 7.15253412054e-11,
        "min": 6.45457021164e-11,
        "skew": 3.38111591339,
        "var": 0.000322624837281
    },
    "spectral_kurtosis": {
        "kurt": -0.351354122162,
        "max": 19.2379646301,
        "mean": 3.51940846443,
        "median": -1.1710870266,
        "min": -1.27369880676,
        "skew": 0.99818611145,
        "var": 39.1134872437
    },
    "spectral_rms": {
        "kurt": 10.0653371811,
        "max": 0.0040111518465,
        "mean": 0.000281693879515,
        "median": 3.31878925383e-12,
        "min": 3.06592316639e-12,
        "skew": 3.39806222916,
        "var": 8.39839856326e-07
    },
    "spectral_rolloff": {
        "kurt": -1.9215862751,
        "max": 19379.8828125,
        "mean": 11595.9882812,
        "median": 18077.125,
        "min": 796.728515625,
        "skew": -0.216042965651,
        "var": 61340424
    },
    "spectral_skewness": {
        "kurt": -1.33401560783,
        "max": 3.21371555328,
        "mean": 0.955044567585,
        "median": 0.0475596599281,
        "min": -0.0949793756008,
        "skew": 0.561276972294,
        "var": 1.29116392136
    },
    "spectral_spread": {
        "kurt": -1.88679349422,
        "max": 50301568,
        "mean": 24738728,
        "median": 39552160,
        "min": 1836446.5,
        "skew": -0.260457545519,
        "var": 3.40943194554e+14
    },
    "spectral_strongpeak": {
        "kurt": 11.3189868927,
        "max": 5.98093700409,
        "mean": 0.377147138119,
        "median": 5.74667602393e-09,
        "min": 1.49509335468e-10,
        "skew": 3.58938002586,
        "var": 1.70141303539
    },
    "zerocrossingrate": {
        "kurt": -1.84594631195,
        "max": 0.5244140625,
        "mean": 0.328857421875,
        "median": 0.487548828125,
        "min": 0.02783203125,
        "skew": -0.292619258165,
        "var": 0.0371873155236
    },
    "barkbands": {
        "kurt": [15.2961406708, 14.74451828, 15.0564079285, 9.945104599, 22.3341217041, 12.3628377914, 11.4867649078, 26.3959674835, 27.7323226929, 12.7947769165, 15.5737724304, 16.9333305359, 14.5745239258, 11.5563659668, 40.4018516541, 14.1461048126, 21.7846565247, 16.9484272003, 14.27850914, 15.0644607544, 13.0964164734, 15.0531196594, 12.7927494049, 14.8931884766, 13.9165325165, 19.4666156769, 21.0591182709],
        "max": [2.90674317949e-10, 4.28038521294e-10, 3.11361353367e-10, 3.25004412272e-10, 9.79380132549e-09, 5.29900280526e-05, 0.000375957781216, 3.7878461967e-07, 5.71710756958e-07, 0.000946575193666, 2.20906848369e-08, 0.00057367538102, 7.96089370851e-05, 0.00454979669303, 1.21569619296e-05, 0.00523700285703, 0.00180553633254, 0.00137224630453, 0.000991653418168, 0.00159950717352, 0.000241548346821, 0.000133960740641, 7.92343689682e-06, 6.41017686576e-06, 1.78061191036e-06, 2.52604568374e-08, 1.39956468637e-09],
        "mean": [1.46591887934e-11, 2.225786222e-11, 1.60977967067e-11, 2.13322970399e-11, 3.97794880369e-10, 2.92956519843e-06, 2.3184431484e-05, 1.51706309737e-08, 2.09614157143e-08, 5.65246627957e-05, 1.1518028753e-09, 2.58226609731e-05, 3.94239395973e-06, 0.000260965578491, 3.32615854859e-07, 0.000280915439362, 7.26445287e-05, 6.26670152997e-05, 5.01615540998e-05, 8.10240817373e-05, 1.35336103995e-05, 6.65315701553e-06, 4.26375720508e-07, 3.12217878218e-07, 9.35182740136e-08, 1.06008479772e-09, 5.59401899802e-11],
        "median": [2.28957095865e-23, 4.18532172749e-23, 6.84370598526e-23, 5.71293572432e-23, 1.03246115275e-22, 6.98358112117e-23, 9.46172833259e-23, 1.02078967167e-22, 1.22486256049e-22, 1.36150122099e-22, 1.20478321055e-22, 1.66164436764e-22, 1.68846361893e-22, 1.7606859174e-22, 2.5859506708e-22, 2.3188360574e-22, 2.83004872112e-22, 3.44528752577e-22, 3.3528047549e-22, 4.8288490842e-22, 5.63952495957e-22, 6.94076831456e-22, 8.40322303171e-22, 1.15677997686e-21, 1.45491689245e-21, 1.89440596925e-21, 2.7219333272e-21],
        "min": [4.4059907943e-25, 4.87360712714e-24, 2.0312592441e-24, 9.58977674748e-25, 7.6992130152e-24, 1.33317287879e-23, 3.85108917167e-24, 1.71516757031e-23, 2.66190415513e-23, 1.28069753583e-23, 1.88679577761e-23, 2.44586938975e-23, 3.05026479639e-23, 4.13247183337e-23, 3.89623986224e-23, 7.72017588935e-23, 9.42927207059e-23, 8.36298771767e-23, 1.18033432851e-22, 1.78555220152e-22, 1.86248683949e-22, 2.90424859921e-22, 4.86390934449e-22, 6.06211004721e-22, 8.38411417001e-22, 1.41508075465e-21, 1.95981018709e-21],
        "skew": [3.9973385334, 3.95509576797, 3.9715321064, 3.3077173233, 4.81233739853, 3.63272094727, 3.55161142349, 5.05381727219, 5.12518119812, 3.77108287811, 3.89452552795, 4.14767789841, 3.9419491291, 3.62956261635, 6.30183696747, 3.96026968956, 4.59039878845, 4.17822122574, 3.92452549934, 4.0091586113, 3.82041454315, 4.0002822876, 3.73331332207, 3.96745109558, 3.91745495796, 4.36144447327, 4.63396692276],
        "var": [2.77453845986e-21, 6.3751993227e-21, 3.26837396934e-21, 4.36975041467e-21, 2.7589999286e-18, 1.03316695477e-10, 6.13199713229e-09, 3.33515453685e-15, 7.27695322349e-15, 4.30199307289e-08, 1.45208016201e-17, 9.84657155811e-09, 2.28985053141e-10, 9.45349313497e-07, 2.7678482336e-12, 1.18327807286e-06, 8.26406321153e-08, 5.83417723021e-08, 3.66816834685e-08, 9.90828894487e-08, 2.57467069886e-09, 6.59367671574e-10, 2.35401260117e-12, 1.41479243685e-12, 1.32644573493e-13, 1.7155229596e-17, 5.39638802204e-20],
        "cov": [[2.82156456626e-21, 4.27282891912e-21, 3.05881515246e-21, 3.3181288024e-21, 2.59218047576e-20, 5.07487878947e-16, 3.63825003043e-15, 4.62079271893e-19, 3.14805378316e-18, 8.38466733652e-15, 1.05706890356e-19, 3.18708830723e-15, 5.71965932716e-16, 3.52755341214e-14, 3.34689551199e-17, 4.22032200853e-14, 8.93848627656e-15, 9.51289150534e-15, 7.31808599044e-15, 1.1976013341e-14, 1.88222706396e-15, 9.69406232364e-16, 5.47950278877e-17, 4.53877707877e-17, 1.36158627212e-17, 1.32024074522e-19, 7.25870697678e-21], [4.27282891912e-21, 6.48325382919e-21, 4.63984952237e-21, 5.01898783691e-21, 3.8013143211e-20, 7.63390561295e-16, 5.56406075118e-15, 6.86210528008e-19, 4.64236962181e-18, 1.28799863841e-14, 1.58339765885e-19, 4.88452009891e-15, 8.8170502334e-16, 5.44612606694e-14, 4.8702726871e-17, 6.51661816414e-14, 1.37476522069e-14, 1.47850363273e-14, 1.1342162493e-14, 1.85213054339e-14, 2.90684046861e-15, 1.50306229424e-15, 8.43475342701e-17, 7.04243640252e-17, 2.10520691899e-17, 2.02955858949e-19, 1.14467716935e-20], [3.05881515246e-21, 4.63984952237e-21, 3.32377002878e-21, 3.62217341527e-21, 2.906169189e-20, 5.47062899369e-16, 3.94703673838e-15, 5.14972405584e-19, 3.38259919149e-18, 9.12825130289e-15, 1.15047601241e-19, 3.46157462774e-15, 6.24997342054e-16, 3.88164401609e-14, 3.71470898143e-17, 4.60223561192e-14, 9.73746196252e-15, 1.04834718312e-14, 8.03913210415e-15, 1.31101785989e-14, 2.06005760783e-15, 1.06561572852e-15, 6.00334469018e-17, 5.00193634869e-17, 1.48734618024e-17, 1.44227780291e-19, 8.23510240923e-21], [3.3181288024e-21, 5.01898783691e-21, 3.62217341527e-21, 4.44381417954e-21, 6.46451536103e-20, 6.1600958133e-16, 4.40327621235e-15, 7.51798867849e-19, 4.04488796638e-18, 1.05542346577e-14, 1.68548699758e-19, 4.30539350848e-15, 7.63398819867e-16, 4.99734903795e-14, 7.14974356554e-17, 5.23094480058e-14, 1.17686960979e-14, 1.21825555489e-14, 9.55432581602e-15, 1.56138953356e-14, 2.44031187368e-15, 1.28400358634e-15, 7.49098336148e-17, 6.05682158591e-17, 1.73635153286e-17, 1.78236005782e-19, 1.03926463251e-20], [2.59218047576e-20, 3.8013143211e-20, 2.906169189e-20, 6.46451536103e-20, 2.80576251658e-18, 5.91857834444e-15, 3.90226181446e-14, 1.19190737481e-17, 7.21991230428e-17, 8.45928619579e-14, 4.20537134497e-18, 4.63397732459e-14, 7.98148134769e-15, 6.46564724503e-13, 2.22799205402e-15, 3.5123642818e-13, 1.10344533803e-13, 1.01518023588e-13, 8.75510330466e-14, 1.43479873165e-13, 2.1610471862e-14, 1.27497000113e-14, 8.84813104861e-16, 6.20518761225e-16, 1.36885421186e-16, 1.82025291734e-18, 1.24984534864e-19], [5.07487878947e-16, 7.63390561295e-16, 5.47062899369e-16, 6.1600958133e-16, 5.91857834444e-15, 1.05067829437e-10, 7.14757975029e-10, 7.00251759789e-14, 7.00005266425e-13, 1.76031256238e-09, 2.90617004203e-14, 7.75155883925e-10, 1.10310059698e-10, 7.03534386304e-09, 7.56332062951e-12, 8.57550741529e-09, 2.2333384031e-09, 1.80010462092e-09, 1.43096900995e-09, 2.29696039966e-09, 4.04103139839e-10, 1.84075990561e-10, 1.2370135298e-11, 8.65561615437e-12, 2.7524978824e-12, 3.25421723531e-14, 1.53294900475e-15], [3.63825003043e-15, 5.56406075118e-15, 3.94703673838e-15, 4.40327621235e-15, 3.90226181446e-14, 7.14757975029e-10, 6.23592910642e-09, 2.88105043295e-13, 3.42119453427e-12, 1.58011932427e-08, 2.04406600695e-13, 6.8785994678e-09, 1.08957176614e-09, 6.77298643836e-08, 3.13032343102e-11, 8.21419305908e-08, 1.96009555253e-08, 1.78531056605e-08, 1.4109182267e-08, 2.29989893796e-08, 3.75762310156e-09, 1.85930215668e-09, 1.10575479328e-10, 8.60515061984e-11, 2.70140316366e-11, 2.81083153714e-13, 1.40058464839e-14], [4.62079271893e-19, 6.86210528008e-19, 5.14972405584e-19, 7.51798867849e-19, 1.19190737481e-17, 7.00251759789e-14, 2.88105043295e-13, 3.39168255113e-15, 1.12601775387e-15, 3.20697597167e-13, 3.56059431452e-17, 8.00180302335e-14, 1.10514955138e-14, 1.23233227008e-12, 1.68707092702e-14, 6.00448347727e-13, 2.53475869851e-13, 2.0669952566e-13, 1.26860273588e-13, 1.43335999537e-13, 4.55586597907e-14, 1.43062492598e-14, 2.42621089269e-15, 1.02403276356e-15, 1.00949843257e-16, 4.64043360559e-18, 5.62256789434e-19], [3.14805378316e-18, 4.64236962181e-18, 3.38259919149e-18, 4.04488796638e-18, 7.21991230428e-17, 7.00005266425e-13, 3.42119453427e-12, 1.12601775387e-15, 7.400291385e-15, 6.5323367375e-12, 2.44430229883e-16, 2.98315430518e-12, 2.54194370631e-13, 1.87206430913e-11, 6.82949993758e-14, 2.51521303785e-11, 9.30603424182e-12, 4.78880129995e-12, 3.71048851366e-12, 5.17980450199e-12, 1.36833589164e-12, 4.14123217055e-13, 4.90342257087e-14, 2.15197647977e-14, 7.06290460958e-15, 1.34723938688e-16, 6.16852777814e-18], [8.38466733652e-15, 1.28799863841e-14, 9.12825130289e-15, 1.05542346577e-14, 8.45928619579e-14, 1.76031256238e-09, 1.58011932427e-08, 3.20697597167e-13, 6.5323367375e-12, 4.37490790262e-08, 5.39482466946e-13, 2.0141936119e-08, 3.04610869861e-09, 1.93868800125e-07, 9.87291498555e-11, 2.27758377491e-07, 5.73544696181e-08, 4.90755809324e-08, 3.93776531382e-08, 6.39778505729e-08, 1.0636509451e-08, 5.17775866626e-09, 3.16937337486e-10, 2.40055003653e-10, 7.57563525799e-11, 8.30279692655e-13, 4.10552702132e-14], [1.05706890356e-19, 1.58339765885e-19, 1.15047601241e-19, 1.68548699758e-19, 4.20537134497e-18, 2.90617004203e-14, 2.04406600695e-13, 3.56059431452e-17, 2.44430229883e-16, 5.39482466946e-13, 1.47669176308e-17, 2.92947307037e-13, 3.14200569859e-14, 2.24542433258e-12, 3.33618791704e-15, 2.51654491516e-12, 8.67802574592e-13, 5.09214361216e-13, 4.23834795385e-13, 6.47284309485e-13, 1.33544217351e-13, 5.29854480603e-14, 4.50455085965e-15, 2.53898041236e-15, 8.22215305416e-16, 1.24776555809e-17, 5.84607054488e-19], [3.18708830723e-15, 4.88452009891e-15, 3.46157462774e-15, 4.30539350848e-15, 4.63397732459e-14, 7.75155883925e-10, 6.8785994678e-09, 8.00180302335e-14, 2.98315430518e-12, 2.0141936119e-08, 2.92947307037e-13, 1.00134620595e-08, 1.35942868074e-09, 8.85885427238e-08, 5.28150440049e-11, 1.03299051091e-07, 2.87521348952e-08, 2.1503357317e-08, 1.76353349701e-08, 2.83999721518e-08, 4.97941110567e-09, 2.29103513938e-09, 1.52625426186e-10, 1.06379918763e-10, 3.44567811783e-11, 4.14977703892e-13, 1.92144087777e-14], [5.71965932716e-16, 8.8170502334e-16, 6.24997342054e-16, 7.63398819867e-16, 7.98148134769e-15, 1.10310059698e-10, 1.08957176614e-09, 1.10514955138e-14, 2.54194370631e-13, 3.04610869861e-09, 3.14200569859e-14, 1.35942868074e-09, 2.32866143035e-10, 1.47778607129e-08, 8.97523808746e-12, 1.62094249134e-08, 3.72046549124e-09, 3.61932395165e-09, 2.91063351199e-09, 4.82825157633e-09, 7.42907735329e-10, 3.92658683346e-10, 2.19016367542e-11, 1.80901248842e-11, 5.50653099507e-12, 5.46661952088e-14, 2.81305189849e-15], [3.52755341214e-14, 5.44612606694e-14, 3.88164401609e-14, 4.99734903795e-14, 6.46564724503e-13, 7.03534386304e-09, 6.77298643836e-08, 1.23233227008e-12, 1.87206430913e-11, 1.93868800125e-07, 2.24542433258e-12, 8.85885427238e-08, 1.47778607129e-08, 9.61372165875e-07, 7.40635774932e-10, 1.02138585589e-06, 2.43717778403e-07, 2.30652119626e-07, 1.85795570928e-07, 3.05530505784e-07, 4.78236863444e-08, 2.50187586204e-08, 1.4364809342e-09, 1.16084786228e-09, 3.48519213489e-10, 3.61153338138e-12, 1.94471121064e-13], [3.34689551199e-17, 4.8702726871e-17, 3.71470898143e-17, 7.14974356554e-17, 2.22799205402e-15, 7.56332062951e-12, 3.13032343102e-11, 1.68707092702e-14, 6.82949993758e-14, 9.87291498555e-11, 3.33618791704e-15, 5.28150440049e-11, 8.97523808746e-12, 7.40635774932e-10, 2.81476079424e-12, 3.87868265284e-10, 1.2258291604e-10, 1.06085862317e-10, 9.46704242777e-11, 1.56569160414e-10, 2.39402143942e-11, 1.35487090297e-11, 9.59885166144e-13, 6.72144035308e-13, 1.50374816223e-13, 2.23213637447e-15, 1.44311636967e-16], [4.22032200853e-14, 6.51661816414e-14, 4.60223561192e-14, 5.23094480058e-14, 3.5123642818e-13, 8.57550741529e-09, 8.21419305908e-08, 6.00448347727e-13, 2.51521303785e-11, 2.27758377491e-07, 2.51654491516e-12, 1.03299051091e-07, 1.62094249134e-08, 1.02138585589e-06, 3.87868265284e-10, 1.20333368159e-06, 2.92919537515e-07, 2.61636074583e-07, 2.09146691077e-07, 3.41463703535e-07, 5.5537533683e-08, 2.76580376379e-08, 1.63269497921e-09, 1.27785382276e-09, 4.01637417768e-10, 4.23105517636e-12, 2.12266700527e-13], [8.93848627656e-15, 1.37476522069e-14, 9.73746196252e-15, 1.17686960979e-14, 1.10344533803e-13, 2.2333384031e-09, 1.96009555253e-08, 2.53475869851e-13, 9.30603424182e-12, 5.73544696181e-08, 8.67802574592e-13, 2.87521348952e-08, 3.72046549124e-09, 2.43717778403e-07, 1.2258291604e-10, 2.92919537515e-07, 8.40413179048e-08, 6.06215451171e-08, 4.94277614393e-08, 7.8533950898e-08, 1.42409035675e-08, 6.34500141317e-09, 4.37079622495e-10, 2.96050184367e-10, 9.69039848364e-11, 1.20657140962e-12, 5.69523201928e-14], [9.51289150534e-15, 1.47850363273e-14, 1.04834718312e-14, 1.21825555489e-14, 1.01518023588e-13, 1.80010462092e-09, 1.78531056605e-08, 2.0669952566e-13, 4.78880129995e-12, 4.90755809324e-08, 5.09214361216e-13, 2.1503357317e-08, 3.61932395165e-09, 2.30652119626e-07, 1.06085862317e-10, 2.61636074583e-07, 6.06215451171e-08, 5.93306168639e-08, 4.68217393745e-08, 7.63241274626e-08, 1.2044833575e-08, 6.2541585244e-09, 3.5242742058e-10, 2.90462293107e-10, 8.79597158998e-11, 8.85536002165e-13, 4.98066926515e-14], [7.31808599044e-15, 1.1342162493e-14, 8.03913210415e-15, 9.55432581602e-15, 8.75510330466e-14, 1.43096900995e-09, 1.4109182267e-08, 1.26860273588e-13, 3.71048851366e-12, 3.93776531382e-08, 4.23834795385e-13, 1.76353349701e-08, 2.91063351199e-09, 1.85795570928e-07, 9.46704242777e-11, 2.09146691077e-07, 4.94277614393e-08, 4.68217393745e-08, 3.73034083623e-08, 6.10305690429e-08, 9.66950164383e-09, 4.98354690848e-09, 2.85016926727e-10, 2.30900298881e-10, 7.05083769148e-11, 7.220857484e-13, 3.8814925666e-14], [1.1976013341e-14, 1.85213054339e-14, 1.31101785989e-14, 1.56138953356e-14, 1.43479873165e-13, 2.29696039966e-09, 2.29989893796e-08, 1.43335999537e-13, 5.17980450199e-12, 6.39778505729e-08, 6.47284309485e-13, 2.83999721518e-08, 4.82825157633e-09, 3.05530505784e-07, 1.56569160414e-10, 3.41463703535e-07, 7.8533950898e-08, 7.63241274626e-08, 6.10305690429e-08, 1.0076226431e-07, 1.56317803146e-08, 8.20289258741e-09, 4.58301091522e-10, 3.78356707076e-10, 1.15524714794e-10, 1.14864140335e-12, 6.01807083442e-14], [1.88222706396e-15, 2.90684046861e-15, 2.06005760783e-15, 2.44031187368e-15, 2.1610471862e-14, 4.04103139839e-10, 3.75762310156e-09, 4.55586597907e-14, 1.36833589164e-12, 1.0636509451e-08, 1.33544217351e-13, 4.97941110567e-09, 7.42907735329e-10, 4.78236863444e-08, 2.39402143942e-11, 5.5537533683e-08, 1.42409035675e-08, 1.2044833575e-08, 9.66950164383e-09, 1.56317803146e-08, 2.61830934711e-09, 1.27072985467e-09, 7.84126374942e-11, 5.90529153355e-11, 1.85479895332e-11, 2.06330043112e-13, 1.04877459595e-14], [9.69406232364e-16, 1.50306229424e-15, 1.06561572852e-15, 1.28400358634e-15, 1.27497000113e-14, 1.84075990561e-10, 1.85930215668e-09, 1.43062492598e-14, 4.14123217055e-13, 5.17775866626e-09, 5.29854480603e-14, 2.29103513938e-09, 3.92658683346e-10, 2.50187586204e-08, 1.35487090297e-11, 2.76580376379e-08, 6.34500141317e-09, 6.2541585244e-09, 4.98354690848e-09, 8.20289258741e-09, 1.27072985467e-09, 6.70543398584e-10, 3.73288067124e-11, 3.1011488516e-11, 9.3741889251e-12, 9.30884330123e-14, 5.06433841735e-15], [5.47950278877e-17, 8.43475342701e-17, 6.00334469018e-17, 7.49098336148e-17, 8.84813104861e-16, 1.2370135298e-11, 1.10575479328e-10, 2.42621089269e-15, 4.90342257087e-14, 3.16937337486e-10, 4.50455085965e-15, 1.52625426186e-10, 2.19016367542e-11, 1.4364809342e-09, 9.59885166144e-13, 1.63269497921e-09, 4.37079622495e-10, 3.5242742058e-10, 2.85016926727e-10, 4.58301091522e-10, 7.84126374942e-11, 3.73288067124e-11, 2.39391102427e-12, 1.74168817389e-12, 5.46349478246e-13, 6.3555130905e-15, 3.21276791097e-16], [4.53877707877e-17, 7.04243640252e-17, 5.00193634869e-17, 6.05682158591e-17, 6.20518761225e-16, 8.65561615437e-12, 8.60515061984e-11, 1.02403276356e-15, 2.15197647977e-14, 2.40055003653e-10, 2.53898041236e-15, 1.06379918763e-10, 1.80901248842e-11, 1.16084786228e-09, 6.72144035308e-13, 1.27785382276e-09, 2.96050184367e-10, 2.90462293107e-10, 2.30900298881e-10, 3.78356707076e-10, 5.90529153355e-11, 3.1011488516e-11, 1.74168817389e-12, 1.43877195314e-12, 4.32796566597e-13, 4.35323647044e-15, 2.42383665934e-16], [1.36158627212e-17, 2.10520691899e-17, 1.48734618024e-17, 1.73635153286e-17, 1.36885421186e-16, 2.7524978824e-12, 2.70140316366e-11, 1.00949843257e-16, 7.06290460958e-15, 7.57563525799e-11, 8.22215305416e-16, 3.44567811783e-11, 5.50653099507e-12, 3.48519213489e-10, 1.50374816223e-13, 4.01637417768e-10, 9.69039848364e-11, 8.79597158998e-11, 7.05083769148e-11, 1.15524714794e-10, 1.85479895332e-11, 9.3741889251e-12, 5.46349478246e-13, 4.32796566597e-13, 1.34892788671e-13, 1.40556541388e-15, 7.11429788367e-17], [1.32024074522e-19, 2.02955858949e-19, 1.44227780291e-19, 1.78236005782e-19, 1.82025291734e-18, 3.25421723531e-14, 2.81083153714e-13, 4.64043360559e-18, 1.34723938688e-16, 8.30279692655e-13, 1.24776555809e-17, 4.14977703892e-13, 5.46661952088e-14, 3.61153338138e-12, 2.23213637447e-15, 4.23105517636e-12, 1.20657140962e-12, 8.85536002165e-13, 7.220857484e-13, 1.14864140335e-12, 2.06330043112e-13, 9.30884330123e-14, 6.3555130905e-15, 4.35323647044e-15, 1.40556541388e-15, 1.74459968162e-17, 8.4303109915e-19], [7.25870697678e-21, 1.14467716935e-20, 8.23510240923e-21, 1.03926463251e-20, 1.24984534864e-19, 1.53294900475e-15, 1.40058464839e-14, 5.62256789434e-19, 6.16852777814e-18, 4.10552702132e-14, 5.84607054488e-19, 1.92144087777e-14, 2.81305189849e-15, 1.94471121064e-13, 1.44311636967e-16, 2.12266700527e-13, 5.69523201928e-14, 4.98066926515e-14, 3.8814925666e-14, 6.01807083442e-14, 1.04877459595e-14, 5.06433841735e-15, 3.21276791097e-16, 2.42383665934e-16, 7.11429788367e-17, 8.4303109915e-19, 5.4878522258e-20]]
    },
    "mfcc": {
        "kurt": [5.08410549164, 4.55919456482, 4.12405109406, 5.83237361908, 3.81544160843, 6.66350460052, 2.43274879456, 2.18431472778, 4.49855327606, 4.67067050934, 5.27994537354, 4.17581033707, 1.60056257248],
        "max": [-752.721618652, 37.2108421326, 10.329498291, 13.438243866, 21.3089752197, 2.05728912354, -2.67028808594e-05, 1.12063598633, 10.6761817932, 8.21984291077, 17.9972496033, 20.4487628937, 13.8006324768],
        "mean": [-1096.32348633, 0.902651131153, -20.1083984375, -0.0125340782106, -2.33435750008, -3.56449627876, -6.69129514694, -4.5586104393, -2.05762147903, -1.09715914726, 0.454823970795, 2.39954638481, 2.06151676178],
        "median": [-1138.42004395, 1.14440917969e-05, -6.103515625e-05, 8.01086425781e-05, -6.103515625e-05, 2.28881835938e-05, -2.67028808594e-05, -5.34057617188e-05, -4.57763671875e-05, -2.28881835938e-05, -2.67028808594e-05, -3.0517578125e-05, -3.81469726562e-05],
        "min": [-1138.42004395, -47.3152236938, -169.594650269, -12.5633354187, -40.8948745728, -37.4597434998, -51.2578811646, -32.1775894165, -24.2260093689, -12.7452316284, -14.5380630493, -2.50568389893, -0.794288635254],
        "skew": [2.57068014145, -0.80845272541, -2.36785650253, 0.444528877735, -1.69824039936, -2.71285271645, -1.9084777832, -1.90613913536, -2.08113598824, -1.79655849934, 1.18607413769, 2.27914977074, 1.72039663792],
        "var": [11003.1855469, 185.360687256, 2230.5300293, 12.9375486374, 119.821556091, 71.9408493042, 168.280441284, 87.8608322144, 34.3227577209, 11.2887058258, 25.586479187, 27.8504657745, 15.4118375778],
        "cov": [[11189.6796875, -573.854003906, -5002.92333984, 171.480987549, -986.232849121, -549.676757812, -1258.20019531, -934.54486084, -489.945556641, -291.848449707, -100.984764099, 246.139602661, 354.525085449], [-573.854003906, 188.50239563, 217.016464233, -27.5659370422, 42.7195701599, -54.9923667908, 7.69069433212, 15.6485862732, 22.1311244965, 27.2272167206, 37.239315033, 27.4306907654, -6.87171125412], [-5002.92333984, 217.016464233, 2268.33544922, -69.6889877319, 421.496795654, 264.474243164, 581.530273438, 423.774475098, 213.879684448, 124.855949402, 33.1155090332, -124.331855774, -160.436676025], [171.480987549, -27.5659370422, -69.6889877319, 13.1568288803, -21.5632476807, 0.378107964993, -13.1042938232, -8.39335823059, -8.4958486557, -7.40955400467, -6.64340019226, -4.38924360275, 5.08955717087], [-986.232849121, 42.7195701599, 421.496795654, -21.5632476807, 121.852432251, 55.5895423889, 102.63066864, 80.5874862671, 47.109752655, 26.2914943695, 8.11458492279, -16.964099884, -30.0100440979], [-549.676757812, -54.9923667908, 264.474243164, 0.378107964993, 55.5895423889, 73.1601867676, 92.1182556152, 62.3810348511, 25.231300354, 7.69218349457, -13.6961946487, -33.8748588562, -24.1858329773], [-1258.20019531, 7.69069433212, 581.530273438, -13.1042938232, 102.63066864, 92.1182556152, 171.132644653, 117.594932556, 52.7137908936, 30.2714576721, 2.15575838089, -44.7878837585, -47.0544090271], [-934.54486084, 15.6485862732, 423.774475098, -8.39335823059, 80.5874862671, 62.3810348511, 117.594932556, 89.3499984741, 46.9331169128, 22.0443840027, -1.05174911022, -32.2967224121, -33.437877655], [-489.945556641, 22.1311244965, 213.879684448, -8.4958486557, 47.109752655, 25.231300354, 52.7137908936, 46.9331169128, 34.904499054, 13.8326063156, -4.49460172653, -15.5344438553, -18.0904769897], [-291.848449707, 27.2272167206, 124.855949402, -7.40955400467, 26.2914943695, 7.69218349457, 30.2714576721, 22.0443840027, 13.8326063156, 11.4800395966, 6.17305850983, -4.41033744812, -9.83279514313], [-100.984764099, 37.239315033, 33.1155090332, -6.64340019226, 8.11458492279, -13.6961946487, 2.15575838089, -1.05174911022, -4.49460172653, 6.17305850983, 26.0201473236, 17.7783203125, 1.01138222218], [246.139602661, 27.4306907654, -124.331855774, -4.38924360275, -16.964099884, -33.8748588562, -44.7878837585, -32.2967224121, -15.5344438553, -4.41033744812, 17.7783203125, 28.3225078583, 12.8660144806], [354.525085449, -6.87171125412, -160.436676025, 5.08955717087, -30.0100440979, -24.1858329773, -47.0544090271, -33.437877655, -18.0904769897, -9.83279514313, 1.01138222218, 12.8660144806, 15.6730556488]]
    },
    "sccoeffs": {
        "kurt": [2.14666366577, 0.0455939769745, 1.63895654678, 0.135198116302, -0.0682108402252, 0.649716854095],
        "max": [-0.762457072735, -0.392313063145, -0.375149399042, -0.34336566925, -0.497736126184, -0.591435849667],
        "mean": [-0.931358993053, -0.837645888329, -0.858692705631, -0.831517159939, -0.860476493835, -0.890023589134],
        "median": [-0.949861764908, -0.947776436806, -0.954218387604, -0.953559219837, -0.955439448357, -0.957849383354],
        "min": [-0.983960568905, -0.9808832407, -0.979453265667, -0.967135488987, -0.965481817722, -0.964291393757],
        "skew": [1.59563720226, 1.1746006012, 1.63529157639, 1.18069577217, 1.02080309391, 1.29410302639],
        "var": [0.00210706610233, 0.0301464498043, 0.0279829613864, 0.033588193357, 0.0171653926373, 0.00973499193788],
        "cov": [[0.00214277906343, 0.00290633039549, 0.00205323775299, 0.00306805083528, 0.00249988189898, 0.00157361966558], [0.00290633039549, 0.0306574068964, 0.0284641981125, 0.0314458422363, 0.0214489195496, 0.0168785527349], [0.00205323775299, 0.0284641981125, 0.0284572504461, 0.0295268557966, 0.019550871104, 0.0159545689821], [0.00306805083528, 0.0314458422363, 0.0295268557966, 0.0341574847698, 0.0236313361675, 0.0179361961782], [0.00249988189898, 0.0214489195496, 0.019550871104, 0.0236313361675, 0.0174563322216, 0.0124567784369], [0.00157361966558, 0.0168785527349, 0.0159545689821, 0.0179361961782, 0.0124567784369, 0.00989999249578]]
    },
    "scvalleys": {
        "kurt": [-1.47252428532, -1.61910629272, -1.61878919601, -1.48714292049, -1.45653164387, -1.43847203255],
        "max": [-11.3549175262, -9.73808288574, -10.4500341415, -8.385887146, -7.3643989563, -10.259604454],
        "mean": [-22.200504303, -21.3347835541, -21.5436458588, -21.2770900726, -21.0918159485, -22.0083370209],
        "median": [-27.0253181458, -26.8948287964, -26.9618339539, -27.0522270203, -27.1096000671, -27.1721382141],
        "min": [-28.0864257812, -27.8404712677, -27.5666389465, -27.5054187775, -27.4386234283, -27.3694438934],
        "skew": [0.474410325289, 0.41883918643, 0.416079699993, 0.478490322828, 0.492233753204, 0.495141297579],
        "var": [36.8458366394, 48.8128051758, 43.7036628723, 49.8111686707, 53.2315635681, 38.5428543091],
        "cov": [[37.4703445435, 42.8920516968, 40.5968666077, 43.3787498474, 44.7792205811, 38.0607795715], [42.8920516968, 49.6401405334, 46.8425636292, 49.9634742737, 51.5794410706, 43.7858314514], [40.5968666077, 46.8425636292, 44.4444007874, 47.3417015076, 48.9112625122, 41.5780830383], [43.3787498474, 49.9634742737, 47.3417015076, 50.6554260254, 52.3222808838, 44.5004844666], [44.7792205811, 51.5794410706, 48.9112625122, 52.3222808838, 54.1337928772, 46.026512146], [38.0607795715, 43.7858314514, 41.5780830383, 44.5004844666, 46.026512146, 39.1961250305]]
    }
},
"rhythm": {
    "beats_loudness": {
        "kurt": -2,
        "max": 0.0164621211588,
        "mean": 0.00823106151074,
        "median": 0.00823106151074,
        "min": 1.87974968924e-09,
        "skew": 0,
        "var": 6.77503412589e-05
    },
    "bpm": 123.046882629,
    "confidence": 0,
    "first_peak_bpm": {
        "kurt": 0,
        "max": 123,
        "mean": 123,
        "median": 123,
        "min": 123,
        "skew": 0,
        "var": 0
    },
    "first_peak_spread": {
        "kurt": 0,
        "max": 0,
        "mean": 0,
        "median": 0,
        "min": 0,
        "skew": 0,
        "var": 0
    },
    "first_peak_weight": {
        "kurt": 0,
        "max": 1,
        "mean": 1,
        "median": 1,
        "min": 1,
        "skew": 0,
        "var": 0
    },
    "onset_rate": 0.737544476986,
    "second_peak_bpm": {
        "kurt": 0,
        "max": 0,
        "mean": 0,
        "median": 0,
        "min": 0,
        "skew": 0,
        "var": 0
    },
    "second_peak_spread": {
        "kurt": 0,
        "max": 0,
        "mean": 0,
        "median": 0,
        "min": 0,
        "skew": 0,
        "var": 0
    },
    "second_peak_weight": {
        "kurt": 0,
        "max": 0,
        "mean": 0,
        "median": 0,
        "min": 0,
        "skew": 0,
        "var": 0
    },
    "beats_loudness_band_ratio": {
        "kurt": [-1.99999988079, -2, -1.99999988079, -2, -2, -2],
        "max": [4.26381011494e-05, 0.00718223489821, 0.025109063834, 0.0797975510359, 0.719748675823, 0.483352690935],
        "mean": [2.13276525756e-05, 0.00374631234445, 0.0129450336099, 0.0406072773039, 0.617076516151, 0.329962462187],
        "median": [2.13276525756e-05, 0.00374631234445, 0.0129450336099, 0.0406072773039, 0.617076516151, 0.329962462187],
        "min": [1.72055276693e-08, 0.000310389732476, 0.000781004317105, 0.00141700578388, 0.514404296875, 0.17657224834],
        "skew": [1.31284622285e-07, 0, 9.47477829527e-08, 1.51100309154e-07, -9.14261818252e-07, 1.61282443401e-07],
        "var": [4.54135173911e-10, 1.18055640996e-05, 0.000147963612108, 0.00153587735258, 0.0105415787548, 0.0235285609961],
        "cov": [[9.08270347821e-10, -1.46442090454e-07, -5.18441822805e-07, -1.67032453646e-06, -4.37598055214e-06, 6.53762890579e-06], [-1.46442090454e-07, 2.36111281993e-05, 8.35893297335e-05, 0.000269309501164, 0.000705547397956, -0.00105407391675], [-5.18441822805e-07, 8.35893297335e-05, 0.000295927224215, 0.000953423266765, 0.00249781506136, -0.00373168638907], [-1.67032453646e-06, 0.000269309501164, 0.000953423266765, 0.00307175470516, 0.0080475024879, -0.0120228091255], [-4.37598055214e-06, 0.000705547397956, 0.00249781506136, 0.0080475024879, 0.0210831575096, -0.0314978212118], [6.53762890579e-06, -0.00105407391675, -0.00373168638907, -0.0120228091255, -0.0314978212118, 0.0470571219921]]
    },
    "beats_position": [0.417959183455, 0.905578196049],
    "bpm_estimates": [123.046882629],
    "bpm_intervals": [0.487619012594],
    "onset_times": [0.394739240408],
    "histogram": [[0, 0, 0, 0, 0, 0, 0, 0, 0, 0, 0, 0, 0, 0, 0, 0, 0, 0, 0, 0, 0, 0, 0, 0, 0, 0, 0, 0, 0, 0, 0, 0, 0, 0, 0, 0, 0, 0, 0, 0, 0, 0, 0, 0, 0, 0, 0, 0, 0, 0, 0, 0, 0, 0, 0, 0, 0, 0, 0, 0, 0, 0, 0, 0, 0, 0, 0, 0, 0, 0, 0, 0, 0, 0, 0, 0, 0, 0, 0, 0, 0, 0, 0, 0, 0, 0, 0, 0, 0, 0, 0, 0, 0, 0, 0, 0, 0, 0, 0, 0, 0, 0, 0, 0, 0, 0, 0, 0, 0, 0, 0, 0, 0, 0, 0, 0, 0, 0, 0, 0, 0, 0, 0, 1, 0, 0, 0, 0, 0, 0, 0, 0, 0, 0, 0, 0, 0, 0, 0, 0, 0, 0, 0, 0, 0, 0, 0, 0, 0, 0, 0, 0, 0, 0, 0, 0, 0, 0, 0, 0, 0, 0, 0, 0, 0, 0, 0, 0, 0, 0, 0, 0, 0, 0, 0, 0, 0, 0, 0, 0, 0, 0, 0, 0, 0, 0, 0, 0, 0, 0, 0, 0, 0, 0, 0, 0, 0, 0, 0, 0, 0, 0, 0, 0, 0, 0, 0, 0, 0, 0, 0, 0, 0, 0, 0, 0, 0, 0, 0, 0, 0, 0, 0, 0, 0, 0, 0, 0, 0, 0, 0, 0, 0, 0, 0, 0, 0, 0, 0, 0, 0, 0, 0, 0, 0, 0, 0, 0, 0, 0]]
},
"sfx": {
    "inharmonicity": {
        "kurt": -1.0061467886,
        "max": 0.335373848677,
        "mean": 0.130048722029,
        "median": 0.120130494237,
        "min": 0,
        "skew": 0.391241341829,
        "var": 0.0103362742811
    },
    "oddtoevenharmonicenergyratio": {
        "kurt": 36.3124198914,
        "max": 72.1187591553,
        "mean": 3.20791363716,
        "median": 0.93944644928,
        "min": 0,
        "skew": 5.89711999893,
        "var": 99.0756530762
    },
    "pitch_after_max_to_before_max_energy_ratio": 0.222660347819,
    "pitch_centroid": 31.9149188995,
    "pitch_max_to_total": 0.816666662693,
    "pitch_min_to_total": 0.0500000007451,
    "tristimulus": {
        "kurt": [5.11240673065, -0.291870832443, 0.272626876831],
        "max": [1, 0.674349844456, 0.954410493374],
        "mean": [0.173638343811, 0.232775762677, 0.593585789204],
        "median": [0.0916409194469, 0.255193054676, 0.619631052017],
        "min": [0, 0, 0],
        "skew": [2.5313346386, 0.207513451576, -0.914488792419],
        "var": [0.0695849210024, 0.0218774974346, 0.0680634155869],
        "cov": [[0.0707643255591, -0.0118977865204, -0.0588665381074], [-0.0118977865204, 0.0222483016551, -0.010350510478], [-0.0588665381074, -0.010350510478, 0.0692170336843]]
    }
},
"tonal": {
    "chords_changes_rate": 0,
    "chords_number_rate": 0.0322580635548,
    "chords_strength": {
        "kurt": 26.0326843262,
        "max": 0.618070781231,
        "mean": 0.612563490868,
        "median": 0.612379908562,
        "min": 0.612379848957,
        "skew": 5.29455947876,
        "var": 1.01101954897e-06
    },
    "key_strength": 0.681773006916,
    "tuning_diatonic_strength": 0.487098783255,
    "tuning_equal_tempered_deviation": 0.113924048841,
    "tuning_frequency": 437.465789795,
    "tuning_nontempered_energy_ratio": 0.85919803381,
    "hpcp": {
        "kurt": [25.5848827362, 25.7248134613, 4.24669742584, 9.51312446594, 11.1083335876, 16.7005901337, 10.9822587967, 11.5958480835, 2.43940496445, 2.39738416672, 2.49142313004, 22.794418335, 20.7514228821, 11.3503732681, 17.4670391083, 18.28723526, 5.04213047028, -0.0586891174316, 0.602216482162, 1.02224826813, 1.71032142639, 9.92806625366, 6.02756404877, 12.5448932648, 10.9691772461, 11.2115755081, 18.2749004364, 17.9611606598, 4.82662248611, 17.4771137238, 11.6930389404, 8.39440631866, 3.77658748627, -1.19193005562, -0.868187904358, 4.791056633],
        "max": [0.103978388011, 0.0550408437848, 0.00376489199698, 0.0187818948179, 0.0265414137393, 0.119149833918, 0.258840054274, 0.196264535189, 0.569203495979, 1, 0.593581736088, 0.104782804847, 0.0199708286673, 0.0628817826509, 0.113882705569, 0.0512956082821, 0.00584457768127, 0.214229866862, 1, 1, 0.240332469344, 0.00511956308037, 0.00597782991827, 0.0129046188667, 0.0231909174472, 0.149570569396, 0.632769227028, 0.544965863228, 0.0617672130466, 0.042679682374, 0.0160409603268, 0.0247453730553, 0.5422488451, 1, 1, 0.409659743309],
        "mean": [0.00387507188134, 0.00200755568221, 0.000428259227192, 0.0014969574986, 0.00186853203923, 0.00635153520852, 0.0158793907613, 0.0129570942372, 0.082649230957, 0.160202860832, 0.0851374194026, 0.00524169765413, 0.00107115530409, 0.00513806240633, 0.00776975043118, 0.00332721322775, 0.00058923708275, 0.0460060574114, 0.213188186288, 0.204506278038, 0.0370507054031, 0.000383483973565, 0.000585751782637, 0.000919483194593, 0.00172546820249, 0.0131903253496, 0.044653698802, 0.0384464636445, 0.00760098639876, 0.00262026512064, 0.00119378138334, 0.00207795226015, 0.0779783278704, 0.305576831102, 0.278960049152, 0.0517549179494],
        "median": [0, 0, 0, 0, 0, 0, 0, 0, 0, 0, 0, 0, 0, 0, 0, 0, 0, 0, 0, 0, 0, 0, 0, 0, 0, 0, 0, 0, 0, 0, 0, 0, 0, 0, 0, 0],
        "min": [0, 0, 0, 0, 0, 0, 0, 0, 0, 0, 0, 0, 0, 0, 0, 0, 0, 0, 0, 0, 0, 0, 0, 0, 0, 0, 0, 0, 0, 0, 0, 0, 0, 0, 0, 0],
