{
"metadata": {
    "version": {
        "essentia": "2.1-beta3"
    }
},
"lowLevel": {
    "average_loudness": 0.978335618973,
    "barkbands_kurtosis": {
        "kurt": 3.33031845093,
        "max": 11.5308485031,
        "mean": 2.5074095726,
        "median": 2.85240268707,
        "min": -1.14386975765,
        "skew": 0.812757194042,
        "var": 3.51781368256
    },
    "barkbands_skewness": {
        "kurt": 2.87615919113,
        "max": 2.77893233299,
        "mean": -1.22979176044,
        "median": -1.73218917847,
        "min": -3.3326728344,
        "skew": 1.6823502779,
        "var": 1.09031438828
    },
    "barkbands_spread": {
        "kurt": -0.584004402161,
        "max": 41.7362060547,
        "mean": 21.5329875946,
        "median": 24.7063350677,
        "min": 3.14784598351,
        "skew": -0.436765611172,
        "var": 64.0789260864
    },
    "dissonance": {
        "kurt": 22.4139785767,
        "max": 0.499857723713,
        "mean": 0.464043438435,
        "median": 0.488954752684,
        "min": 0,
        "skew": -4.18531656265,
        "var": 0.00433806749061
    },
    "hfc": {
        "kurt": 2.62053871155,
        "max": 36.9375495911,
        "mean": 4.75815534592,
        "median": 1.22099878756e-16,
        "min": 1.09499529129e-16,
        "skew": 2.1338737011,
        "var": 140.086517334
    },
    "pitch": {
        "kurt": 9.39575386047,
        "max": 4304.25244141,
        "mean": 608.776794434,
        "median": 415.832611084,
        "min": 107.720962524,
        "skew": 3.12085294724,
        "var": 662938.25
    },
    "pitch_instantaneous_confidence": {
        "kurt": -1.2401342392,
        "max": 0.979133069515,
        "mean": 0.38661557436,
        "median": 0.14244645834,
        "min": 0.0155651569366,
        "skew": 0.810494720936,
        "var": 0.13834515214
    },
    "pitch_salience": {
        "kurt": 4.75882148743,
        "max": 0.998546361923,
        "mean": 0.762150585651,
        "median": 0.783462584019,
        "min": 0.421497911215,
        "skew": -1.58926451206,
        "var": 0.00823815539479
    },
    "silence_rate_20dB": {
        "kurt": 0,
        "max": 1,
        "mean": 1,
        "median": 1,
        "min": 1,
        "skew": 0,
        "var": 0
    },
    "silence_rate_30dB": {
        "kurt": 0,
        "max": 1,
        "mean": 1,
        "median": 1,
        "min": 1,
        "skew": 0,
        "var": 0
    },
    "silence_rate_60dB": {
        "kurt": 2.28112125397,
        "max": 1,
        "mean": 0.859504103661,
        "median": 1,
        "min": 0,
        "skew": -2.06908249855,
        "var": 0.120756819844
    },
    "spectral_centroid": {
        "kurt": -1.78388297558,
        "max": 11614.9082031,
        "mean": 7369.61767578,
        "median": 10784.6064453,
        "min": 376.419067383,
        "skew": -0.41026699543,
        "var": 20187256
    },
    "spectral_complexity": {
        "kurt": 2.18407487869,
        "max": 12,
        "mean": 1.57851243019,
        "median": 0,
        "min": 0,
        "skew": 2.03383827209,
        "var": 14.557882309
    },
    "spectral_crest": {
        "kurt": 7.10269451141,
        "max": 17.7259082794,
        "mean": 7.57322835922,
        "median": 6.9189491272,
        "min": 4.47268295288,
        "skew": 2.51565241814,
        "var": 5.12213754654
    },
    "spectral_decrease": {
        "kurt": 2.62109947205,
        "max": 2.5010232184e-28,
        "mean": -4.54928511529e-10,
        "median": -7.97568455797e-29,
        "min": -3.54348106413e-09,
        "skew": -2.13344979286,
        "var": 1.27784143157e-18
    },
    "spectral_energy": {
        "kurt": 2.62056970596,
        "max": 0.016723016277,
        "mean": 0.00214858306572,
        "median": 1.09790454858e-20,
        "min": 1.01359642647e-20,
        "skew": 2.13347125053,
        "var": 2.85150581476e-05
    },
    "spectral_energyband_high": {
        "kurt": 2.69191598892,
        "max": 0.00182768632658,
        "mean": 0.000235173254623,
        "median": 8.04844878089e-21,
        "min": 7.14104295803e-21,
        "skew": 2.15071153641,
        "var": 3.4690063444e-07
    },
    "spectral_energyband_low": {
        "kurt": 9.11420917511,
        "max": 1.05438524578e-09,
        "mean": 8.44400174782e-11,
        "median": 1.00673406361e-22,
        "min": 1.05809747557e-23,
        "skew": 3.0412633419,
        "var": 4.0777632517e-20
    },
    "spectral_energyband_middle_high": {
        "kurt": 2.61875724792,
        "max": 0.0145363621414,
        "mean": 0.00185489444993,
        "median": 1.75154686915e-21,
        "min": 9.75221001574e-22,
        "skew": 2.13261723518,
        "var": 2.12540089706e-05
    },
    "spectral_energyband_middle_low": {
        "kurt": 2.53192090988,
        "max": 0.000459223607322,
        "mean": 6.1222781369e-05,
        "median": 3.8672152714e-22,
        "min": 1.94779526753e-22,
        "skew": 2.10470247269,
        "var": 2.20454410282e-08
    },
    "spectral_flatness_db": {
        "kurt": -0.629499673843,
        "max": 0.446953773499,
        "mean": 0.16735099256,
        "median": 0.0827781483531,
        "min": 0.060458637774,
        "skew": 1.05542087555,
        "var": 0.0190651789308
    },
    "spectral_flux": {
        "kurt": 29.2432403564,
        "max": 0.0850180834532,
        "mean": 0.00322123174556,
        "median": 7.02668964681e-11,
        "min": 6.41046105088e-11,
        "skew": 5.3555393219,
        "var": 0.000161091098562
    },
    "spectral_kurtosis": {
        "kurt": 0.270951271057,
        "max": 15.3510532379,
        "mean": 1.84301745892,
        "median": -1.17758190632,
        "min": -1.24637448788,
        "skew": 1.10592091084,
        "var": 17.3997325897
    },
    "spectral_rms": {
        "kurt": 2.35821008682,
        "max": 0.00403920002282,
        "mean": 0.000557021936402,
        "median": 3.27280672181e-12,
        "min": 3.14463754515e-12,
        "skew": 2.07315444946,
        "var": 1.78590585165e-06
    },
    "spectral_rolloff": {
        "kurt": -1.81384205818,
        "max": 19745.9472656,
        "mean": 12320.3740234,
        "median": 18260.15625,
        "min": 387.59765625,
        "skew": -0.396996855736,
        "var": 61087492
    },
    "spectral_skewness": {
        "kurt": -1.30210638046,
        "max": 2.70298957825,
        "mean": 0.712610721588,
        "median": 0.0310539286584,
        "min": -0.0660604685545,
        "skew": 0.606483757496,
        "var": 0.807336390018
    },
    "spectral_spread": {
        "kurt": -1.79326033592,
        "max": 45161568,
        "mean": 26113000,
        "median": 39750624,
        "min": 2426738,
        "skew": -0.428412407637,
        "var": 3.21291135484e+14
    },
    "spectral_strongpeak": {
        "kurt": 2.70343780518,
        "max": 5.96623039246,
        "mean": 0.693625450134,
        "median": 5.03305841448e-09,
        "min": 0,
        "skew": 2.12642669678,
        "var": 2.81679534912
    },
    "zerocrossingrate": {
        "kurt": -1.51704311371,
        "max": 0.5234375,
        "mean": 0.357849627733,
        "median": 0.48779296875,
        "min": 0.025390625,
        "skew": -0.615696012974,
        "var": 0.0336156971753
    },
    "barkbands": {
        "kurt": [12.3227272034, 12.3494539261, 6.69153499603, 5.72450065613, 78.0197219849, 2.79092693329, 2.69189596176, 35.9767303467, 23.6469249725, 2.44601964951, 12.8814344406, 4.6326508522, 2.69895982742, 2.81334590912, 58.0405082703, 2.64186143875, 2.73261833191, 2.87410068512, 2.81624031067, 2.7077422142, 2.89833545685, 2.8576335907, 3.6571149826, 3.40177583694, 2.968126297, 3.57935667038, 17.154756546],
        "max": [2.97249808101e-10, 4.45205317057e-10, 3.48790607507e-10, 3.08198910837e-10, 4.42118697208e-09, 4.52205022157e-05, 0.000410606910009, 3.16096844699e-07, 8.63212079594e-08, 0.00100614316761, 2.22554383811e-08, 0.000646983331535, 9.3423142971e-05, 0.00545705808327, 7.49272567191e-06, 0.00503197219223, 0.00112411112059, 0.00127748935483, 0.000895789708011, 0.00142819515895, 0.00035970978206, 0.000151716478285, 8.9962131824e-06, 7.26204052626e-06, 1.39274584399e-06, 1.24851862182e-08, 4.16358281186e-10],
        "mean": [1.86561096432e-11, 2.76057197934e-11, 3.17358916924e-11, 2.88894966977e-11, 1.08045274116e-10, 4.53908023701e-06, 5.39443062735e-05, 8.81668338337e-09, 3.5300178336e-09, 0.000133985231514, 1.2220339185e-09, 5.11649777764e-05, 1.16553283078e-05, 0.00064465572359, 1.53639817313e-07, 0.000623525469564, 0.000121335782751, 0.000159571689437, 0.000103965459857, 0.000177590016392, 4.16459006374e-05, 1.89841612155e-05, 8.96782182735e-07, 7.93867911852e-07, 1.63963804312e-07, 1.1901610808e-09, 1.99147798946e-11],
        "median": [3.90477754604e-23, 4.47094301772e-23, 2.9054797902e-23, 3.11728421009e-23, 7.94787017668e-23, 8.16604070407e-23, 7.45537358504e-23, 7.43798330416e-23, 1.08913329884e-22, 9.97629094147e-23, 8.77361884891e-23, 1.38589671293e-22, 1.49432974643e-22, 1.84702516575e-22, 1.67849733958e-22, 2.15215492306e-22, 2.32137555843e-22, 2.76733642485e-22, 3.500273529e-22, 4.01274912747e-22, 5.4346735597e-22, 6.64973644826e-22, 7.70981505333e-22, 9.73160320184e-22, 1.38457958028e-21, 1.89276049376e-21, 2.66302982809e-21],
        "min": [2.10985404773e-24, 2.86782079332e-24, 9.60253657262e-25, 1.43353864596e-24, 5.36471918901e-24, 4.30619683296e-24, 9.71036498368e-24, 1.19039347256e-23, 1.64907775031e-23, 1.87853593062e-23, 1.34601316774e-23, 2.54412043778e-23, 2.47328419948e-23, 4.48974914616e-23, 4.60283456573e-23, 4.59697648465e-23, 6.0111137869e-23, 9.67807501357e-23, 1.32979292535e-22, 1.38862819115e-22, 2.1573227824e-22, 3.12967323905e-22, 3.78145712954e-22, 5.7939432827e-22, 9.52972044333e-22, 1.28936050967e-21, 1.90952645119e-21],
        "skew": [3.61780023575, 3.59836912155, 2.66679048538, 2.42807579041, 8.29260826111, 2.11280059814, 2.13943910599, 5.90745544434, 4.81074237823, 2.09821557999, 3.39134049416, 2.39240026474, 2.15459036827, 2.17504906654, 7.36890745163, 2.13496828079, 2.1371486187, 2.17664170265, 2.16795611382, 2.15359711647, 2.17591881752, 2.18960142136, 2.2822868824, 2.27927279472, 2.20241832733, 2.28074121475, 4.02316570282],
        "var": [3.33149132359e-21, 6.98523250366e-21, 5.12060867153e-21, 3.65060976831e-21, 1.88231927723e-19, 1.18852608311e-10, 1.73785785762e-08, 1.70852760565e-15, 1.70819188944e-16, 1.09856877373e-07, 1.17552977771e-17, 1.68130860345e-08, 8.52532711093e-10, 2.6172208436e-06, 6.60493090342e-13, 2.4153753202e-06, 8.97197764971e-08, 1.58058270472e-07, 6.75737936717e-08, 1.97901940169e-07, 1.08381277286e-08, 2.31114194449e-09, 5.06009990853e-12, 4.12065000177e-12, 1.71466858182e-13, 9.05977920423e-18, 3.98522452093e-21],
        "cov": [[3.35925377484e-21, 4.85914689654e-21, 3.06649726928e-21, 2.79187694098e-21, 8.0817484551e-21, 4.75813717159e-16, 5.73084026794e-15, 1.35658357166e-19, 3.4300176303e-19, 1.471620643e-14, 1.08172929019e-19, 5.3674203584e-15, 1.32194462726e-15, 7.36374191333e-14, 1.95345037858e-17, 6.86930980848e-14, 1.28548396699e-14, 1.79074047528e-14, 1.18008054229e-14, 2.00222664512e-14, 4.62749303326e-15, 2.17948967691e-15, 9.52087664375e-17, 8.69283377813e-17, 1.79728562725e-17, 1.19607098326e-19, 1.7237769458e-21], [4.85914689654e-21, 7.0434421081e-21, 4.4881709321e-21, 4.07519979959e-21, 1.17255735652e-20, 6.96412489782e-16, 8.36194567771e-15, 2.08820466094e-19, 5.0416492899e-19, 2.14949602849e-14, 1.57652404645e-19, 7.8659875583e-15, 1.93119065051e-15, 1.07587163733e-13, 2.91391145995e-17, 1.00263615227e-13, 1.8782715048e-14, 2.61422709245e-14, 1.72025378155e-14, 2.92424809682e-14, 6.7777230158e-15, 3.18284255458e-15, 1.39741232472e-16, 1.26773806559e-16, 2.62189519702e-17, 1.74946424808e-19, 2.54190582754e-21], [3.06649726928e-21, 4.4881709321e-21, 5.1632803667e-21, 3.702596535e-21, 7.11030560501e-21, 4.42546074639e-16, 5.31457651392e-15, 4.63980630541e-20, 3.08671311916e-19, 1.37000887658e-14, 9.78275814311e-20, 5.02985867068e-15, 1.23484295875e-15, 6.88963927684e-14, 1.80918246969e-17, 6.39507367959e-14, 1.1903487839e-14, 1.66855715849e-14, 1.09775004096e-14, 1.86691872221e-14, 4.31412430058e-15, 2.03761504638e-15, 8.86925287394e-17, 8.12628321821e-17, 1.67679949184e-17, 1.11890718132e-19, 1.61774747681e-21], [2.79187694098e-21, 4.07519979959e-21, 3.702596535e-21, 3.68103167794e-21, 1.67642335989e-20, 4.95640587932e-16, 5.42720309679e-15, 4.30398125185e-19, 5.18575552634e-19, 1.40282030716e-14, 1.33594541538e-19, 5.06474880481e-15, 1.22191490663e-15, 6.77715330144e-14, 2.31413255852e-17, 6.47089125989e-14, 1.26456445548e-14, 1.66496031778e-14, 1.09284165444e-14, 1.85484545339e-14, 4.33661895456e-15, 1.98330202325e-15, 9.20681469401e-17, 8.00100770706e-17, 1.66209470209e-17, 1.21243752716e-19, 1.6938593013e-21], [8.0817484551e-21, 1.17255735652e-20, 7.11030560501e-21, 1.67642335989e-20, 1.89800520658e-19, 2.14079361199e-15, 1.97726170425e-14, 6.27532878934e-18, 3.56988818501e-18, 4.83257334702e-14, 6.96241695597e-19, 1.69288733287e-14, 4.03826599845e-15, 2.22872677887e-13, 9.52975659307e-17, 2.20214647841e-13, 4.42078387515e-14, 5.62226995645e-14, 3.66012389396e-14, 6.15834152336e-14, 1.43512419559e-14, 6.45784864657e-15, 3.12086298331e-16, 2.68619055637e-16, 5.57066636408e-17, 4.46069759824e-19, 7.76412321678e-21], [4.75813717159e-16, 6.96412489782e-16, 4.42546074639e-16, 4.95640587932e-16, 2.14079361199e-15, 1.19843052149e-10, 1.39847355918e-09, 1.78827662585e-14, 8.66347263568e-14, 3.55231954963e-09, 3.03558346266e-14, 1.3825375289e-09, 3.09430647771e-10, 1.69918070725e-08, 3.26894782944e-12, 1.65669078456e-08, 3.24737525759e-09, 4.14050393971e-09, 2.73197175993e-09, 4.71247396661e-09, 1.10717313095e-09, 5.00027186323e-10, 2.37618501264e-11, 2.11221769242e-11, 4.36459592426e-12, 3.12582974099e-14, 5.20939609182e-16], [5.73084026794e-15, 8.36194567771e-15, 5.31457651392e-15, 5.42720309679e-15, 1.97726170425e-14, 1.39847355918e-09, 1.75233996202e-08, -4.94949641981e-14, 6.87263397234e-13, 4.37751417337e-08, 3.27221133219e-13, 1.68131393252e-08, 3.84390563823e-09, 2.12256765053e-07, 2.11733599403e-11, 2.0537736134e-07, 3.89162870817e-08, 5.2346383228e-08, 3.43170398764e-08, 5.87135247088e-08, 1.36703981468e-08, 6.31813712459e-09, 2.90177742945e-10, 2.65724581228e-10, 5.46866510409e-11, 3.83618348676e-13, 6.2760550473e-15], [1.35658357166e-19, 2.08820466094e-19, 4.63980630541e-20, 4.30398125185e-19, 6.27532878934e-18, 1.78827662585e-14, -4.94949641981e-14, 1.72276527659e-15, 1.14462367959e-16, -2.07022916063e-13, 1.23670598786e-17, -1.03399426066e-13, -2.05681893501e-14, -1.15951248169e-12, 6.01779427816e-15, -1.26219553472e-12, -1.21617844376e-13, -3.141514555e-13, -2.16925408842e-13, -3.63835345315e-13, -6.81255385763e-14, -4.24212328134e-14, -1.11311405395e-15, -2.29579788848e-15, -4.28195986554e-16, -1.69512137697e-18, 3.4007210902e-20], [3.4300176303e-19, 5.0416492899e-19, 3.08671311916e-19, 5.18575552634e-19, 3.56988818501e-18, 8.66347263568e-14, 6.87263397234e-13, 1.14462367959e-16, 1.72242680751e-16, 1.8868194767e-12, 3.39731150858e-17, 7.37046708388e-13, 1.52040245628e-13, 8.18349988468e-12, 8.70814837204e-15, 8.37698053285e-12, 2.03861168398e-12, 1.92935554685e-12, 1.29124261197e-12, 2.28095689038e-12, 5.65202181932e-13, 2.1632305322e-13, 1.31711632771e-14, 9.25486578785e-15, 1.9742165361e-15, 1.77145724349e-17, 3.17733566665e-19], [1.471620643e-14, 2.14949602849e-14, 1.37000887658e-14, 1.40282030716e-14, 4.83257334702e-14, 3.55231954963e-09, 4.37751417337e-08, -2.07022916063e-13, 1.8868194767e-12, 1.10772354844e-07, 8.40245570604e-13, 4.22571702074e-08, 9.68329416651e-09, 5.33994636953e-07, 6.28283328141e-11, 5.179266509e-07, 9.89735369217e-08, 1.31720909735e-07, 8.63019096187e-08, 1.47830348851e-07, 3.45422854764e-08, 1.58640709458e-08, 7.36061267492e-10, 6.64220678459e-10, 1.37113209675e-10, 9.7691126022e-13, 1.53541526824e-14], [1.08172929019e-19, 1.57652404645e-19, 9.78275814311e-20, 1.33594541538e-19, 6.96241695597e-19, 3.03558346266e-14, 3.27221133219e-13, 1.23670598786e-17, 3.39731150858e-17, 8.40245570604e-13, 1.18532582955e-17, 3.16929615147e-13, 6.91615547384e-14, 3.77995508158e-12, 1.49172507588e-15, 3.83713243471e-12, 8.23944861991e-13, 9.39213333842e-13, 6.18804432608e-13, 1.04874962881e-12, 2.5025413599e-13, 1.08745870924e-13, 5.74700038602e-15, 4.7039491917e-15, 9.75041542562e-16, 8.11836908499e-18, 1.06728755681e-19], [5.3674203584e-15, 7.8659875583e-15, 5.02985867068e-15, 5.06474880481e-15, 1.69288733287e-14, 1.3825375289e-09, 1.68131393252e-08, -1.03399426066e-13, 7.37046708388e-13, 4.22571702074e-08, 3.16929615147e-13, 1.69531961802e-08, 3.74607456166e-09, 2.05792431984e-07, 2.41148143121e-11, 1.9925967365e-07, 3.80933862232e-08, 4.94352647706e-08, 3.28283178419e-08, 5.69826283936e-08, 1.33008146719e-08, 6.07867889357e-09, 2.81154155513e-10, 2.59499671751e-10, 5.32169273926e-11, 3.61163058011e-13, 6.5607898312e-15], [1.32194462726e-15, 1.93119065051e-15, 1.23484295875e-15, 1.22191490663e-15, 4.03826599845e-15, 3.09430647771e-10, 3.84390563823e-09, -2.05681893501e-14, 1.52040245628e-13, 9.68329416651e-09, 6.91615547384e-14, 3.74607456166e-09, 8.5963713925e-10, 4.75361154884e-08, 5.36664159292e-12, 4.55858568671e-08, 8.56037640773e-09, 1.15566516357e-08, 7.62180185632e-09, 1.30863790915e-08, 3.03751890307e-09, 1.4094552192e-09, 6.38295874489e-11, 5.91844975806e-11, 1.21411110332e-11, 8.31656317706e-14, 1.38617100637e-15], [7.36374191333e-14, 1.07587163733e-13, 6.88963927684e-14, 6.77715330144e-14, 2.22872677887e-13, 1.69918070725e-08, 2.12256765053e-07, -1.15951248169e-12, 8.18349988468e-12, 5.33994636953e-07, 3.77995508158e-12, 2.05792431984e-07, 4.75361154884e-08, 2.6390309813e-06, 3.04661601502e-10, 2.51848791777e-06, 4.69143770943e-07, 6.4056928295e-07, 4.22343077844e-07, 7.23338416719e-07, 1.67031402043e-07, 7.80310571713e-08, 3.49174622549e-09, 3.28076965594e-09, 6.70268673897e-10, 4.58816621848e-12, 7.67237361425e-14], [1.95345037858e-17, 2.91391145995e-17, 1.80918246969e-17, 2.31413255852e-17, 9.52975659307e-17, 3.26894782944e-12, 2.11733599403e-11, 6.01779427816e-15, 8.70814837204e-15, 6.28283328141e-11, 1.49172507588e-15, 2.41148143121e-11, 5.36664159292e-12, 3.04661601502e-10, 6.65997151091e-13, 2.63111060717e-10, 7.09370409635e-11, 6.65296082114e-11, 4.29397316315e-11, 7.59435569986e-11, 2.00400633588e-11, 7.42087294392e-12, 4.87500773257e-13, 2.51008849123e-13, 5.60160946762e-14, 5.3837234133e-16, 7.86709146723e-18], [6.86930980848e-14, 1.00263615227e-13, 6.39507367959e-14, 6.47089125989e-14, 2.20214647841e-13, 1.65669078456e-08, 2.0537736134e-07, -1.26219553472e-12, 8.37698053285e-12, 5.179266509e-07, 3.83713243471e-12, 1.9925967365e-07, 4.55858568671e-08, 2.51848791777e-06, 2.63111060717e-10, 2.43550334744e-06, 4.60722560547e-07, 6.1599774881e-07, 4.05723881158e-07, 6.95357300629e-07, 1.61301372259e-07, 7.4545390305e-08, 3.40384831432e-09, 3.15059733857e-09, 6.4616129114e-10, 4.52084897296e-12, 7.45542204903e-14], [1.28548396699e-14, 1.8782715048e-14, 1.1903487839e-14, 1.26456445548e-14, 4.42078387515e-14, 3.24737525759e-09, 3.89162870817e-08, -1.21617844376e-13, 2.03861168398e-12, 9.89735369217e-08, 8.23944861991e-13, 3.80933862232e-08, 8.56037640773e-09, 4.69143770943e-07, 7.09370409635e-11, 4.60722560547e-07, 9.04674379854e-08, 1.15726898287e-07, 7.60255076671e-08, 1.30752596306e-07, 3.08086960388e-08, 1.3896038098e-08, 6.65115573728e-10, 5.85347048609e-10, 1.21433224587e-10, 8.81582350523e-13, 1.3846659347e-14], [1.79074047528e-14, 2.61422709245e-14, 1.66855715849e-14, 1.66496031778e-14, 5.62226995645e-14, 4.14050393971e-09, 5.2346383228e-08, -3.141514555e-13, 1.92935554685e-12, 1.31720909735e-07, 9.39213333842e-13, 4.94352647706e-08, 1.15566516357e-08, 6.4056928295e-07, 6.65296082114e-11, 6.1599774881e-07, 1.15726898287e-07, 1.59375431963e-07, 1.03656560668e-07, 1.76622236836e-07, 4.11303666681e-08, 1.91059861265e-08, 8.71963612425e-10, 7.91278376155e-10, 1.63285426846e-10, 1.16185576784e-12, 1.77869041517e-14], [1.18008054229e-14, 1.72025378155e-14, 1.09775004096e-14, 1.09284165444e-14, 3.66012389396e-14, 2.73197175993e-09, 3.43170398764e-08, -2.16925408842e-13, 1.29124261197e-12, 8.63019096187e-08, 6.18804432608e-13, 3.28283178419e-08, 7.62180185632e-09, 4.22343077844e-07, 4.29397316315e-11, 4.05723881158e-07, 7.60255076671e-08, 1.03656560668e-07, 6.81369130007e-08, 1.16268772388e-07, 2.69105004946e-08, 1.25450991817e-08, 5.66171221017e-10, 5.25935739404e-10, 1.07895997692e-10, 7.51215008168e-13, 1.19422641603e-14], [2.00222664512e-14, 2.92424809682e-14, 1.86691872221e-14, 1.85484545339e-14, 6.15834152336e-14, 4.71247396661e-09, 5.87135247088e-08, -3.63835345315e-13, 2.28095689038e-12, 1.47830348851e-07, 1.04874962881e-12, 5.69826283936e-08, 1.30863790915e-08, 7.23338416719e-07, 7.59435569986e-11, 6.95357300629e-07, 1.30752596306e-07, 1.76622236836e-07, 1.16268772388e-07, 1.99551124069e-07, 4.6353065386e-08, 2.14704964918e-08, 9.74852643054e-10, 9.00829522088e-10, 1.85026480248e-10, 1.27500017922e-12, 2.11389404787e-14], [4.62749303326e-15, 6.7777230158e-15, 4.31412430058e-15, 4.33661895456e-15, 1.43512419559e-14, 1.10717313095e-09, 1.36703981468e-08, -6.81255385763e-14, 5.65202181932e-13, 3.45422854764e-08, 2.5025413599e-13, 1.33008146719e-08, 3.03751890307e-09, 1.67031402043e-07, 2.00400633588e-11, 1.61301372259e-07, 3.08086960388e-08, 4.11303666681e-08, 2.69105004946e-08, 4.6353065386e-08, 1.09284457039e-08, 4.99204988458e-09, 2.3335894328e-10, 2.06567721261e-10, 4.28870480795e-11, 2.99469054155e-13, 4.75928839524e-15], [2.17948967691e-15, 3.18284255458e-15, 2.03761504638e-15, 1.98330202325e-15, 6.45784864657e-15, 5.00027186323e-10, 6.31813712459e-09, -4.24212328134e-14, 2.1632305322e-13, 1.58640709458e-08, 1.08745870924e-13, 6.07867889357e-09, 1.4094552192e-09, 7.80310571713e-08, 7.42087294392e-12, 7.4545390305e-08, 1.3896038098e-08, 1.91059861265e-08, 1.25450991817e-08, 2.14704964918e-08, 4.99204988458e-09, 2.33040142739e-09, 1.05108012571e-10, 9.68805452528e-11, 1.99315824262e-11, 1.36498424326e-13, 2.16098984207e-15], [9.52087664375e-17, 1.39741232472e-16, 8.86925287394e-17, 9.20681469401e-17, 3.12086298331e-16, 2.37618501264e-11, 2.90177742945e-10, -1.11311405395e-15, 1.31711632771e-14, 7.36061267492e-10, 5.74700038602e-15, 2.81154155513e-10, 6.38295874489e-11, 3.49174622549e-09, 4.87500773257e-13, 3.40384831432e-09, 6.65115573728e-10, 8.71963612425e-10, 5.66171221017e-10, 9.74852643054e-10, 2.3335894328e-10, 1.05108012571e-10, 5.1022671331e-12, 4.30285277894e-12, 9.0324004786e-13, 6.53155237144e-15, 9.44486006895e-17], [8.69283377813e-17, 1.26773806559e-16, 8.12628321821e-17, 8.00100770706e-17, 2.68619055637e-16, 2.11221769242e-11, 2.65724581228e-10, -2.29579788848e-15, 9.25486578785e-15, 6.64220678459e-10, 4.7039491917e-15, 2.59499671751e-10, 5.91844975806e-11, 3.28076965594e-09, 2.51008849123e-13, 3.15059733857e-09, 5.85347048609e-10, 7.91278376155e-10, 5.25935739404e-10, 9.00829522088e-10, 2.06567721261e-10, 9.68805452528e-11, 4.30285277894e-12, 4.15498885298e-12, 8.43393605822e-13, 5.71627765399e-15, 9.95231552242e-17], [1.79728562725e-17, 2.62189519702e-17, 1.67679949184e-17, 1.66209470209e-17, 5.57066636408e-17, 4.36459592426e-12, 5.46866510409e-11, -4.28195986554e-16, 1.9742165361e-15, 1.37113209675e-10, 9.75041542562e-16, 5.32169273926e-11, 1.21411110332e-11, 6.70268673897e-10, 5.60160946762e-14, 6.4616129114e-10, 1.21433224587e-10, 1.63285426846e-10, 1.07895997692e-10, 1.85026480248e-10, 4.28870480795e-11, 1.99315824262e-11, 9.0324004786e-13, 8.43393605822e-13, 1.7289575533e-13, 1.18588381912e-15, 1.96780312026e-17], [1.19607098326e-19, 1.74946424808e-19, 1.11890718132e-19, 1.21243752716e-19, 4.46069759824e-19, 3.12582974099e-14, 3.83618348676e-13, -1.69512137697e-18, 1.77145724349e-17, 9.7691126022e-13, 8.11836908499e-18, 3.61163058011e-13, 8.31656317706e-14, 4.58816621848e-12, 5.3837234133e-16, 4.52084897296e-12, 8.81582350523e-13, 1.16185576784e-12, 7.51215008168e-13, 1.27500017922e-12, 2.99469054155e-13, 1.36498424326e-13, 6.53155237144e-15, 5.71627765399e-15, 1.18588381912e-15, 9.1352776331e-18, 1.25870962288e-19], [1.7237769458e-21, 2.54190582754e-21, 1.61774747681e-21, 1.6938593013e-21, 7.76412321678e-21, 5.20939609182e-16, 6.2760550473e-15, 3.4007210902e-20, 3.17733566665e-19, 1.53541526824e-14, 1.06728755681e-19, 6.5607898312e-15, 1.38617100637e-15, 7.67237361425e-14, 7.86709146723e-18, 7.45542204903e-14, 1.3846659347e-14, 1.77869041517e-14, 1.19422641603e-14, 2.11389404787e-14, 4.75928839524e-15, 2.16098984207e-15, 9.44486006895e-17, 9.95231552242e-17, 1.96780312026e-17, 1.25870962288e-19, 4.01843493395e-21]]
    },
    "mfcc": {
        "kurt": [1.6490240097, 2.66653442383, 1.35448503494, 2.49897861481, 1.59882593155, 32.0434494019, 0.774660110474, 0.842192411423, 1.3774523735, 1.473300457, 6.49241065979, 3.13454389572, 1.687707901],
        "max": [-748.438659668, 63.2880630493, -6.103515625e-05, 11.3307991028, 18.0591583252, 3.31884002686, 0.0843391418457, 1.13348388672, -4.57763671875e-05, 6.61159706116, 16.4873847961, 26.6785984039, 18.2551002502],
        "mean": [-1076.07055664, -4.26801633835, -28.4519271851, 0.762316226959, -4.21500873566, -2.29553365707, -6.93332719803, -5.76607608795, -3.82234168053, -2.06477332115, 0.253993630409, 2.66348099709, 2.37214493752],
        "median": [-1138.42004395, 1.14440917969e-05, -6.103515625e-05, 8.01086425781e-05, -6.103515625e-05, 2.28881835938e-05, -2.67028808594e-05, -5.34057617188e-05, -4.57763671875e-05, -2.28881835938e-05, -2.67028808594e-05, -3.0517578125e-05, -3.81469726562e-05],
        "min": [-1138.42004395, -49.6008377075, -168.810348511, -12.2793998718, -35.2044715881, -55.9696311951, -40.3329849243, -34.0579986572, -25.9118366241, -14.8557662964, -14.8423748016, -3.0517578125e-05, -5.31460571289],
        "skew": [1.87080347538, -0.998462319374, -1.78498446941, 0.304352670908, -1.67933702469, -5.06181192398, -1.62080144882, -1.63420474529, -1.74266326427, -1.67821586132, 0.907427847385, 1.92949843407, 1.83967256546],
        "var": [17979.5703125, 338.989990234, 3492.22631836, 15.6695623398, 123.545082092, 46.3429870605, 190.861831665, 133.513458252, 57.8265609741, 19.1109580994, 15.6821069717, 27.8830432892, 31.3841114044],
        "cov": [[18129.4003906, -1923.36547852, -7964.29541016, 384.512695312, -1435.39172363, -388.729888916, -1804.70678711, -1500.31005859, -958.32598877, -558.278076172, -175.462905884, 576.163635254, 711.805969238], [-1923.36547852, 341.814910889, 799.065734863, -60.9157600403, 161.906005859, -27.0178546906, 155.584915161, 132.202758789, 96.7887802124, 61.2376174927, 33.4582977295, -39.7726783752, -67.4988708496], [-7964.29541016, 799.065734863, 3521.328125, -162.968215942, 624.91192627, 190.418106079, 804.498291016, 669.031005859, 424.577545166, 245.317840576, 65.228729248, -263.896057129, -314.44543457], [384.512695312, -60.9157600403, -162.968215942, 15.8001422882, -35.5931282043, -0.428823441267, -32.1668548584, -26.1663265228, -18.576007843, -12.7513847351, -7.61512804031, 8.90728092194, 16.5482883453], [-1435.39172363, 161.906005859, 624.91192627, -35.5931282043, 124.574623108, 27.7364501953, 136.111999512, 114.523017883, 70.3966369629, 42.6778373718, 21.4494762421, -41.3685836792, -58.1595306396], [-388.729888916, -27.0178546906, 190.418106079, -0.428823441267, 27.7364501953, 46.7291793823, 57.667678833, 43.4234161377, 20.6410045624, 11.3947124481, 0.287142217159, -22.0879592896, -21.6882991791], [-1804.70678711, 155.584915161, 804.498291016, -32.1668548584, 136.111999512, 57.667678833, 192.452346802, 156.018218994, 97.9805603027, 55.8952865601, 12.0956888199, -63.5032157898, -72.96875], [-1500.31005859, 132.202758789, 669.031005859, -26.1663265228, 114.523017883, 43.4234161377, 156.018218994, 134.626068115, 82.0127792358, 45.0477638245, 7.86243200302, -55.2380371094, -59.9967651367], [-958.32598877, 96.7887802124, 424.577545166, -18.576007843, 70.3966369629, 20.6410045624, 97.9805603027, 82.0127792358, 58.3084487915, 30.8588199615, 2.44954538345, -33.0120162964, -37.1166915894], [-558.278076172, 61.2376174927, 245.317840576, -12.7513847351, 42.6778373718, 11.3947124481, 55.8952865601, 45.0477638245, 30.8588199615, 19.2702159882, 4.49610996246, -18.3601665497, -22.1027793884], [-175.462905884, 33.4582977295, 65.228729248, -7.61512804031, 21.4494762421, 0.287142217159, 12.0956888199, 7.86243200302, 2.44954538345, 4.49610996246, 15.8127908707, 3.51380467415, -7.44743537903], [576.163635254, -39.7726783752, -263.896057129, 8.90728092194, -41.3685836792, -22.0879592896, -63.5032157898, -55.2380371094, -33.0120162964, -18.3601665497, 3.51380467415, 28.1154003143, 24.4942150116], [711.805969238, -67.4988708496, -314.44543457, 16.5482883453, -58.1595306396, -21.6882991791, -72.96875, -59.9967651367, -37.1166915894, -22.1027793884, -7.44743537903, 24.4942150116, 31.645647049]]
    },
    "sccoeffs": {
        "kurt": [3.27404308319, -0.0541861057281, 0.381016969681, 0.247233629227, 0.324524402618, 0.654472827911],
        "max": [-0.669493913651, -0.368237286806, -0.361407577991, -0.289066582918, -0.458835184574, -0.525344192982],
        "mean": [-0.930439591408, -0.834130346775, -0.847623109818, -0.825053751469, -0.857936382294, -0.875184118748],
        "median": [-0.957275152206, -0.954564809799, -0.956416130066, -0.957926094532, -0.95685595274, -0.958011865616],
        "min": [-0.990843713284, -0.999161362648, -0.997430145741, -0.993368923664, -0.98674339056, -0.966489493847],
        "skew": [2.06534457207, 1.29156076908, 1.44806814194, 1.37270343304, 1.37416422367, 1.47713088989],
        "var": [0.0046547697857, 0.044675283134, 0.0416267253458, 0.0541785694659, 0.0292440149933, 0.0193698592484],
        "cov": [[0.00469355937093, 0.00251329853199, 0.0011541423155, 0.00235856068321, 0.00230010319501, 0.00119635276496], [0.00251329853199, 0.0450475774705, 0.0427695773542, 0.0488976947963, 0.0353190749884, 0.0287080984563], [0.0011541423155, 0.0427695773542, 0.0419736132026, 0.0468141064048, 0.0337910056114, 0.0278463196009], [0.00235856068321, 0.0488976947963, 0.0468141064048, 0.0546300560236, 0.0397768504918, 0.0321555621922], [0.00230010319501, 0.0353190749884, 0.0337910056114, 0.0397768504918, 0.0294877160341, 0.0236432924867], [0.00119635276496, 0.0287080984563, 0.0278463196009, 0.0321555621922, 0.0236432924867, 0.0195312742144]]
    },
    "scvalleys": {
        "kurt": [-1.49301731586, -1.4981225729, -1.40326559544, -1.32339930534, -1.27699899673, -1.21030604839],
        "max": [-11.3627510071, -10.0589456558, -10.4155902863, -8.49996566772, -7.90717792511, -10.5241479874],
        "mean": [-22.236656189, -21.7813930511, -21.9244766235, -21.7293682098, -21.595872879, -22.5306129456],
        "median": [-27.0640525818, -27.0787200928, -27.0460567474, -27.1192455292, -27.1696968079, -27.1797637939],
        "min": [-27.9232826233, -28.1966266632, -27.8731117249, -27.752248764, -27.4307937622, -27.3752498627],
        "skew": [0.566662728786, 0.570398211479, 0.610550224781, 0.652984082699, 0.675415277481, 0.711145877838],
        "var": [40.9835586548, 48.7377471924, 45.9021987915, 50.1672782898, 53.1423683167, 37.7826271057],
        "cov": [[41.325088501, 44.7536773682, 43.4462280273, 45.254360199, 46.4802284241, 39.0091934204], [44.7536773682, 49.1438980103, 47.5634841919, 49.6616859436, 51.0100021362, 42.8514022827], [43.4462280273, 47.5634841919, 46.2847175598, 48.2702713013, 49.6313247681, 41.7416267395], [45.254360199, 49.6616859436, 48.2702713013, 50.5853385925, 52.0111923218, 43.7887687683], [46.4802284241, 51.0100021362, 49.6313247681, 52.0111923218, 53.5852203369, 45.1330032349], [39.0091934204, 42.8514022827, 41.7416267395, 43.7887687683, 45.1330032349, 38.0974807739]]
    }
},
"rhythm": {
    "beats_loudness": {
        "kurt": -1.47518014908,
        "max": 0.0167204253376,
        "mean": 0.00534376641735,
        "median": 2.89266410824e-09,
        "min": 0,
        "skew": 0.715887904167,
        "var": 5.72699318582e-05
    },
    "bpm": 135.999176025,
    "confidence": 0,
    "first_peak_bpm": {
        "kurt": 0,
        "max": 136,
        "mean": 136,
        "median": 136,
        "min": 136,
        "skew": 0,
        "var": 0
    },
    "first_peak_spread": {
        "kurt": 0,
        "max": 0,
        "mean": 0,
        "median": 0,
        "min": 0,
        "skew": 0,
        "var": 0
    },
    "first_peak_weight": {
        "kurt": 0,
        "max": 0.20000000298,
        "mean": 0.20000000298,
        "median": 0.20000000298,
        "min": 0.20000000298,
        "skew": 0,
        "var": 0
    },
    "onset_rate": 0.358942210674,
    "second_peak_bpm": {
        "kurt": 0,
        "max": 157,
        "mean": 157,
        "median": 157,
        "min": 157,
        "skew": 0,
        "var": 0
    },
    "second_peak_spread": {
        "kurt": 0,
        "max": 0.5,
        "mean": 0.5,
        "median": 0.5,
        "min": 0.5,
        "skew": 0,
        "var": 0
    },
    "second_peak_weight": {
        "kurt": 0,
        "max": 0.20000000298,
        "mean": 0.20000000298,
        "median": 0.20000000298,
        "min": 0.20000000298,
        "skew": 0,
        "var": 0
    },
    "beats_loudness_band_ratio": {
        "kurt": [1.2000002861, -1.8282738924, -1.87001395226, -1.45111227036, -1.85190868378, -1.49134933949],
        "max": [0.00013040030899, 0.00774470390752, 0.0285725537688, 0.0929825082421, 0.94011002779, 0.168037325144],
        "mean": [2.17403048737e-05, 0.00326552684419, 0.0123642617837, 0.0312637127936, 0.397916227579, 0.0583435744047],
        "median": [4.84537165946e-09, 0.00266291806474, 0.0102389818057, 0.00624870974571, 0.355696737766, 0.0122180879116],
        "min": [0, 0, 0, 0, 0, 0],
        "skew": [1.78885436058, 0.128442421556, 0.100718565285, 0.690023064613, 0.10030619055, 0.671902239323],
        "var": [2.36139929832e-09, 1.11512608783e-05, 0.000158376482432, 0.001613035216, 0.163591787219, 0.00554063217714],
        "cov": [[2.83367929121e-09, 5.37624025299e-08, 2.1171851472e-07, -4.88982948355e-07, 1.41432055898e-05, -8.83462803358e-07], [5.37624025299e-08, 1.33815137815e-05, 5.04079434904e-05, 0.000141929776873, 0.00150411541108, 0.000263258756604], [2.1171851472e-07, 5.04079434904e-05, 0.000190051781829, 0.000531399971806, 0.00571149447933, 0.000986877828836], [-4.88982948355e-07, 0.000141929776873, 0.000531399971806, 0.00193564221263, 0.0127361807972, 0.00358480820432], [1.41432055898e-05, 0.00150411541108, 0.00571149447933, 0.0127361807972, 0.196310132742, 0.0238403975964], [-8.83462803358e-07, 0.000263258756604, 0.000986877828836, 0.00358480820432, 0.0238403975964, 0.00664875889197]]
    },
    "beats_position": [0.417959183455, 0.859138309956, 1.23065757751, 1.59056687355, 1.97369611263, 2.32199549675],
    "bpm_estimates": [135.999176025],
    "bpm_intervals": [0.441179126501, 0.371519267559, 0.359909296036, 0.383129239082, 0.348299384117],
    "onset_times": [0.847528338432],
    "histogram": [[0, 0, 0, 0, 0, 0, 0, 0, 0, 0, 0, 0, 0, 0, 0, 0, 0, 0, 0, 0, 0, 0, 0, 0, 0, 0, 0, 0, 0, 0, 0, 0, 0, 0, 0, 0, 0, 0, 0, 0, 0, 0, 0, 0, 0, 0, 0, 0, 0, 0, 0, 0, 0, 0, 0, 0, 0, 0, 0, 0, 0, 0, 0, 0, 0, 0, 0, 0, 0, 0, 0, 0, 0, 0, 0, 0, 0, 0, 0, 0, 0, 0, 0, 0, 0, 0, 0, 0, 0, 0, 0, 0, 0, 0, 0, 0, 0, 0, 0, 0, 0, 0, 0, 0, 0, 0, 0, 0, 0, 0, 0, 0, 0, 0, 0, 0, 0, 0, 0, 0, 0, 0, 0, 0, 0, 0, 0, 0, 0, 0, 0, 0, 0, 0, 0, 0, 0.20000000298, 0, 0, 0, 0, 0, 0, 0, 0, 0, 0, 0, 0, 0, 0, 0, 0, 0, 0, 0, 0, 0.20000000298, 0, 0, 0, 0.20000000298, 0, 0, 0, 0, 0, 0.20000000298, 0, 0, 0, 0, 0.20000000298, 0, 0, 0, 0, 0, 0, 0, 0, 0, 0, 0, 0, 0, 0, 0, 0, 0, 0, 0, 0, 0, 0, 0, 0, 0, 0, 0, 0, 0, 0, 0, 0, 0, 0, 0, 0, 0, 0, 0, 0, 0, 0, 0, 0, 0, 0, 0, 0, 0, 0, 0, 0, 0, 0, 0, 0, 0, 0, 0, 0, 0, 0, 0, 0, 0, 0, 0, 0, 0, 0, 0, 0, 0, 0, 0, 0, 0]]
},
"sfx": {
    "inharmonicity": {
        "kurt": -1.06119036674,
        "max": 0.344722300768,
        "mean": 0.122709624469,
        "median": 0.0915163233876,
        "min": 0,
        "skew": 0.597817003727,
        "var": 0.0112767964602
    },
    "oddtoevenharmonicenergyratio": {
        "kurt": 0,
        "max": 3.40282346639e+38,
        "mean": 2.81225084843e+36,
        "median": 0.947790920734,
        "min": 0,
        "skew": 0,
        "var": inf
    },
    "pitch_after_max_to_before_max_energy_ratio": 0.169877514243,
    "pitch_centroid": 70.1826553345,
    "pitch_max_to_total": 0.917355358601,
    "pitch_min_to_total": 0.231404960155,
    "tristimulus": {
        "kurt": [7.08099079132, 1.73203897476, 0.206525325775],
        "max": [1, 0.871178746223, 1],
        "mean": [0.144603356719, 0.26255428791, 0.592842459679],
        "median": [0.063494078815, 0.244134142995, 0.618022441864],
        "min": [0, 0, 0],
        "skew": [2.77948021889, 1.11581683159, -1.03332090378],
        "var": [0.0530735738575, 0.0319192968309, 0.0758313313127],
        "cov": [[0.0535158552229, -0.00461894506589, -0.0488969236612], [-0.00461894506589, 0.0321852900088, -0.0275663491338], [-0.0488969236612, -0.0275663491338, 0.0764632597566]]
    }
},
"tonal": {
    "chords_changes_rate": 0.114754095674,
    "chords_number_rate": 0.0819672122598,
    "chords_strength": {
        "kurt": 10.0208492279,
        "max": 0.59115511179,
        "mean": 0.426969468594,
        "median": 0.542321920395,
        "min": -1,
        "skew": -3.4435236454,
        "var": 0.144544452429
    },
    "key_strength": 0.569041490555,
    "tuning_diatonic_strength": 0.445928484201,
    "tuning_equal_tempered_deviation": 0.0991120114923,
    "tuning_frequency": 437.718536377,
    "tuning_nontempered_energy_ratio": 0.853842258453,
    "hpcp": {
        "kurt": [44.8391609192, 44.2049751282, 52.2924156189, 41.8461265564, 26.7784118652, 51.0905342102, 32.8906021118, 27.4239654541, 1.94115447998, 1.63355875015, 1.45541906357, 43.6251983643, 29.9592590332, 3.81636762619, 4.34058666229, 4.14279222488, 51.9480628967, 7.42899036407, 9.68667125702, 9.81803894043, 8.3520860672, 33.6232299805, 15.6880054474, 41.1793746948, 50.792678833, 10.3726224899, 9.52221298218, 8.81908798218, 6.80061817169, 22.1980247498, 17.5557250977, 20.4917907715, 1.98561906815, -0.660868406296, -0.568442344666, 11.1148395538],
        "max": [0.0542994402349, 0.0320947729051, 0.027986811474, 0.0416161231697, 0.0304761137813, 0.136719599366, 0.205947294831, 0.109784536064, 0.607498109341, 1, 0.49809128046, 0.0422742143273, 0.00772794196382, 0.0541602186859, 0.0961320772767, 0.0423354879022, 0.0125869177282, 0.21628819406, 1, 0.927727162838, 0.132441610098, 0.00744441058487, 0.00536603294313, 0.0105974609032, 0.0151975704357, 0.210661560297, 1, 0.92421656847, 0.129291281104, 0.0174821112305, 0.0106877135113, 0.0142976427451, 0.456264525652, 1, 1, 0.411453008652],
        "mean": [0.00136109697632, 0.000831356912386, 0.000692813890055, 0.00164765038062, 0.00159573100973, 0.00302837323397, 0.00556549895555, 0.00361208850518, 0.0839804336429, 0.162068352103, 0.0797751694918, 0.00116270477884, 0.000287724164082, 0.00615553604439, 0.0106476554647, 0.00474472530186, 0.000267905386863, 0.0222818572074, 0.0992442220449, 0.0899198800325, 0.0129122044891, 0.000217614186113, 0.000257427454926, 0.000316754245432, 0.000355824740836, 0.0182306431234, 0.0907889157534, 0.0861847773194, 0.0137556605041, 0.000709454936441, 0.000511331192683, 0.000641460879706, 0.0609797090292, 0.255634844303, 0.229701757431, 0.0352929718792],
        "median": [0, 0, 0, 0, 0, 0, 0, 0, 0, 0, 0, 0, 0, 0, 0, 0, 0, 0, 0, 0, 0, 0, 0, 0, 0, 0, 0, 0, 0, 0, 0, 0, 0, 0, 0, 0],
        "min": [0, 0, 0, 0, 0, 0, 0, 0, 0, 0, 0, 0, 0, 0, 0, 0, 0, 0, 0, 0, 0, 0, 0, 0, 0, 0, 0, 0, 0, 0, 0, 0, 0, 0, 0, 0],
