{
"metadata": {
    "version": {
        "essentia": "2.1-beta3"
    }
},
"lowLevel": {
    "average_loudness": 0.140746727586,
    "barkbands_kurtosis": {
        "kurt": 3.63604831696,
        "max": 58.1667327881,
        "mean": 8.80356407166,
        "median": 6.97062015533,
        "min": -1.89798223972,
        "skew": 1.62051975727,
        "var": 75.6838378906
    },
    "barkbands_skewness": {
        "kurt": 0.555802822113,
        "max": 6.20478153229,
        "mean": 2.15621495247,
        "median": 2.08022713661,
        "min": -0.239126622677,
        "skew": 0.513205528259,
        "var": 0.931648552418
    },
    "barkbands_spread": {
        "kurt": 0.441749334335,
        "max": 49.2815628052,
        "mean": 11.7303228378,
        "median": 7.93462657928,
        "min": 0.729481160641,
        "skew": 1.14862322807,
        "var": 99.4753112793
    },
    "dissonance": {
        "kurt": 4.52202653885,
        "max": 0.499935686588,
        "mean": 0.454124450684,
        "median": 0.463238596916,
        "min": 0.173097074032,
        "skew": -1.67069983482,
        "var": 0.00122806173749
    },
    "hfc": {
        "kurt": 15.60313797,
        "max": 2.10716819763,
        "mean": 0.1471786201,
        "median": 0.0519296005368,
        "min": 3.2611310874e-10,
        "skew": 3.32831048965,
        "var": 0.0499605461955
    },
    "pitch": {
        "kurt": 3.70928955078,
        "max": 3736.95214844,
        "mean": 581.188415527,
        "median": 226.310333252,
        "min": 43.1036071777,
        "skew": 2.37213397026,
        "var": 1040014.875
    },
    "pitch_instantaneous_confidence": {
        "kurt": 1.53247070312,
        "max": 0.798150062561,
        "mean": 0.318495750427,
        "median": 0.300176858902,
        "min": 0.138630449772,
        "skew": 1.05262494087,
        "var": 0.0100694550201
    },
    "pitch_salience": {
        "kurt": 3.21394586563,
        "max": 0.900785446167,
        "mean": 0.718296825886,
        "median": 0.731498420238,
        "min": 0.253501415253,
        "skew": -1.33135795593,
        "var": 0.00662910379469
    },
    "silence_rate_20dB": {
        "kurt": 0,
        "max": 1,
        "mean": 1,
        "median": 1,
        "min": 1,
        "skew": 0,
        "var": 0
    },
    "silence_rate_30dB": {
        "kurt": 0,
        "max": 1,
        "mean": 1,
        "median": 1,
        "min": 1,
        "skew": 0,
        "var": 0
    },
    "silence_rate_60dB": {
        "kurt": 120.763504028,
        "max": 1,
        "mean": 0.992047727108,
        "median": 1,
        "min": 0,
        "skew": -11.0796194077,
        "var": 0.00788887124509
    },
    "spectral_centroid": {
        "kurt": 3.01404476166,
        "max": 1883.12011719,
        "mean": 505.704284668,
        "median": 420.178710938,
        "min": 139.536300659,
        "skew": 1.6586587429,
        "var": 70014.546875
    },
    "spectral_complexity": {
        "kurt": 1.18225383759,
        "max": 9,
        "mean": 1.35122597218,
        "median": 0,
        "min": 0,
        "skew": 1.42994630337,
        "var": 3.78515863419
    },
    "spectral_crest": {
        "kurt": 0.293315887451,
        "max": 22.7718906403,
        "mean": 10.1981058121,
        "median": 9.63646411896,
        "min": 3.105697155,
        "skew": 0.72097671032,
        "var": 11.6892652512
    },
    "spectral_decrease": {
        "kurt": 14.2240791321,
        "max": -2.60868932058e-19,
        "mean": -1.08157503786e-10,
        "median": -3.11225906158e-11,
        "min": -1.69882308221e-09,
        "skew": -3.20105266571,
        "var": 3.21686307384e-20
    },
    "spectral_energy": {
        "kurt": 14.2133426666,
        "max": 0.00660286657512,
        "mean": 0.000421560311224,
        "median": 0.000124059748487,
        "min": 1.01415805007e-12,
        "skew": 3.20018649101,
        "var": 4.85307793952e-07
    },
    "spectral_energyband_high": {
        "kurt": 336.703613281,
        "max": 8.68445749802e-06,
        "mean": 3.02707206856e-07,
        "median": 2.71379207106e-07,
        "min": 6.90644491873e-15,
        "skew": 15.1182165146,
        "var": 1.15745046468e-13
    },
    "spectral_energyband_low": {
        "kurt": 46.1844062805,
        "max": 0.00125899491832,
        "mean": 4.21864133386e-05,
        "median": 1.11485032903e-05,
        "min": 2.61772970921e-13,
        "skew": 5.28849411011,
        "var": 7.06230851577e-09
    },
    "spectral_energyband_middle_high": {
        "kurt": 57.9033317566,
        "max": 0.000354929972673,
        "mean": 1.55116686074e-05,
        "median": 8.5847086666e-06,
        "min": 2.15688418867e-14,
        "skew": 5.7755150795,
        "var": 5.02517694123e-10
    },
    "spectral_energyband_middle_low": {
        "kurt": 15.3753299713,
        "max": 0.00642012804747,
        "mean": 0.000380702171242,
        "median": 0.000101214289316,
        "min": 7.61737352882e-13,
        "skew": 3.31754994392,
        "var": 4.33181128301e-07
    },
    "spectral_flatness_db": {
        "kurt": -0.613589763641,
        "max": 0.427445709705,
        "mean": 0.227013170719,
        "median": 0.219214424491,
        "min": 0.105730935931,
        "skew": 0.383725374937,
        "var": 0.00444355420768
    },
    "spectral_flux": {
        "kurt": 2.3926024437,
        "max": 0.052212189883,
        "mean": 0.010450033471,
        "median": 0.00704269949347,
        "min": 0.000319538870826,
        "skew": 1.58293199539,
        "var": 7.3570125096e-05
    },
    "spectral_kurtosis": {
        "kurt": 11.379652977,
        "max": 165.94593811,
        "mean": 18.5454883575,
        "median": 10.8691091537,
        "min": 1.36103534698,
        "skew": 2.89036560059,
        "var": 380.402618408
    },
    "spectral_rms": {
        "kurt": 2.07093000412,
        "max": 0.00253807427362,
        "mean": 0.000499994552229,
        "median": 0.000347899273038,
        "min": 3.14550874236e-08,
        "skew": 1.50334393978,
        "var": 1.61283907119e-07
    },
    "spectral_rolloff": {
        "kurt": 2.32675647736,
        "max": 3832.91015625,
        "mean": 859.345947266,
        "median": 516.796875,
        "min": 193.798828125,
        "skew": 1.91114735603,
        "var": 653919.625
    },
    "spectral_skewness": {
        "kurt": 2.72295236588,
        "max": 9.79524421692,
        "mean": 3.04515194893,
        "median": 2.57285952568,
        "min": 0.587466835976,
        "skew": 1.50025999546,
        "var": 1.96030139923
    },
    "spectral_spread": {
        "kurt": 110.131584167,
        "max": 25185488,
        "mean": 2795913.5,
        "median": 2905029,
        "min": 497600.40625,
        "skew": 5.35680532455,
        "var": 1.21937867571e+12
    },
    "spectral_strongpeak": {
        "kurt": 22.2055568695,
        "max": 0.833341419697,
        "mean": 0.0565939173102,
        "median": 0.0321243219078,
        "min": 0,
        "skew": 3.49924206734,
        "var": 0.00448845513165
    },
    "zerocrossingrate": {
        "kurt": 116.572769165,
        "max": 0.47998046875,
        "mean": 0.0345854572952,
        "median": 0.029296875,
        "min": 0.0078125,
        "skew": 6.32875537872,
        "var": 0.00047036856995
    },
    "barkbands": {
        "kurt": [14.1581516266, 34.6621856689, 82.755355835, 94.4071655273, 31.3553962708, 29.1405754089, 56.0359535217, 38.2280464172, 50.1215133667, 37.2735366821, 185.094940186, 269.995025635, 226.080307007, 39.1641807556, 172.514160156, 53.6792945862, 20.546377182, 142.261245728, 77.9195480347, 774.812072754, 700.046936035, 76.7823486328, 142.543731689, 50.585395813, 63.862739563, 53.3101272583, 61.3665924072],
        "max": [6.64538038109e-06, 0.000226322299568, 0.000700444565155, 0.00250544026494, 0.0038007912226, 0.00208527897485, 0.00155446759891, 0.000530250952579, 0.000410049950005, 0.000182603427675, 0.000157314483658, 0.000105774670374, 3.53026298399e-05, 6.5959056883e-06, 2.66850020125e-05, 6.95146036378e-06, 6.47222714178e-06, 4.58946160506e-05, 2.83227509499e-05, 3.52409660991e-05, 4.48472883363e-06, 7.50873653033e-07, 1.31724078756e-07, 5.17241396381e-08, 3.77334501422e-08, 9.68716662442e-10, 5.80082704094e-10],
        "mean": [4.04282445743e-07, 1.00806464616e-05, 1.58131351782e-05, 5.29584249307e-05, 0.00015815164079, 8.16830142867e-05, 4.88188452437e-05, 2.15175714402e-05, 1.50606438183e-05, 6.46185435471e-06, 2.86730050902e-06, 1.52665677433e-06, 6.41360657028e-07, 3.71171694269e-07, 5.48013076695e-07, 4.35628834339e-07, 6.53255995076e-07, 1.27336386413e-06, 1.59889805218e-06, 5.26586291016e-07, 1.09143279303e-07, 4.71431000904e-08, 6.76873179728e-09, 3.51259110687e-09, 2.19681628444e-09, 6.50718298689e-11, 1.43531679597e-11],
        "median": [1.18126159521e-07, 3.40456699632e-06, 3.11421490551e-06, 9.66782863543e-06, 3.95723582187e-05, 1.75433124241e-05, 8.19779143058e-06, 3.72457520825e-06, 3.01549493997e-06, 1.21863308777e-06, 7.01226156252e-07, 4.25205030297e-07, 2.85199433847e-07, 2.32516157439e-07, 2.91446980327e-07, 3.44360699955e-07, 5.15224996889e-07, 8.7510954927e-07, 1.31780336687e-06, 4.27471547937e-07, 9.42314528629e-08, 4.13381826547e-08, 5.97624394416e-09, 2.90005597314e-09, 1.75707182137e-09, 5.47929375483e-11, 2.44169116349e-12],
        "min": [4.10314211535e-14, 8.95158309999e-14, 9.36527263617e-14, 1.20982257957e-13, 3.4261509645e-13, 2.25537579064e-13, 6.02956269982e-14, 2.61602610573e-15, 8.5259312563e-15, 1.57232068433e-15, 3.67373816982e-15, 4.41118919414e-15, 1.52781122053e-15, 2.82187395839e-15, 1.62391303763e-15, 7.70615275879e-16, 3.88151259893e-16, 6.44862858706e-16, 3.7604171689e-15, 1.31092864615e-15, 3.1005865498e-15, 3.44315769625e-16, 8.88232841567e-16, 7.42604531588e-16, 5.95700907629e-16, 5.03105542236e-16, 5.48929654105e-16],
        "skew": [3.40645241737, 4.90107488632, 7.17086791992, 8.10157203674, 4.53652048111, 4.49400091171, 6.21969223022, 5.24902677536, 5.75808191299, 5.02106428146, 10.1579418182, 13.5150623322, 11.9953680038, 5.11427927017, 11.3545293808, 5.00241851807, 3.60213541985, 9.88945770264, 5.75130653381, 25.5348358154, 22.2519168854, 5.69513463974, 7.71531915665, 5.73724365234, 5.81284427643, 4.88498449326, 6.27656078339],
        "var": [5.44292746724e-13, 3.73669095666e-10, 1.54744150827e-09, 2.16847162449e-08, 9.74347571514e-08, 2.86443171404e-08, 1.37696565261e-08, 2.37576536222e-09, 1.06520148258e-09, 1.98997138212e-10, 4.66515368003e-11, 1.84885249471e-11, 2.18498808456e-12, 2.61616818703e-13, 1.85213151239e-12, 1.73410913992e-13, 4.04568983566e-13, 5.07743803599e-12, 2.17990252585e-12, 1.14802058918e-12, 1.86082872472e-14, 1.6093417416e-15, 3.40653887375e-17, 1.46943358408e-17, 5.24068135299e-18, 3.33324766875e-21, 1.3461246685e-21],
        "cov": [[5.44653677628e-13, 2.31555578748e-13, -2.09271727551e-12, -8.64268552558e-12, -2.43457320276e-11, -1.48008862111e-11, -9.87041091222e-12, -4.91498551927e-12, -3.36725872879e-12, -1.4663379018e-12, -6.11867815529e-13, -3.39938689177e-13, -1.17033824038e-13, -5.33136801037e-14, -8.10823711775e-14, -3.00524545299e-14, -5.49271423429e-14, -1.30464961209e-13, -1.61493919366e-13, -5.40014911856e-14, -1.09043870667e-14, -4.11271172419e-15, -5.77540891816e-16, -2.26203192589e-16, -1.94671120578e-16, -6.67387185309e-18, -2.39936516611e-18], [2.31555578748e-13, 3.73916869689e-10, 3.45048295491e-10, 6.10750117147e-10, 2.04939798465e-09, 9.30845567293e-10, 4.4706696678e-10, 1.94983598711e-10, 1.11284328974e-10, 4.18385673329e-11, 1.80425691748e-11, 5.892889475e-12, 1.19306431054e-12, 2.67975339184e-13, -8.58569197183e-14, 1.09683604159e-13, -1.59293964738e-13, -1.77037106763e-12, -6.33449022402e-13, -8.67724783086e-13, -1.26162996066e-13, -6.95525586994e-14, -7.67780902468e-15, -4.98302664254e-15, -5.03845986674e-15, -4.6959480126e-17, 1.07689988821e-16], [-2.09271727551e-12, 3.45048295491e-10, 1.54846768741e-09, 2.57664578562e-09, 4.60132021374e-09, 2.74369482689e-09, 1.42961209537e-09, 7.16924353217e-10, 4.53703991043e-10, 1.59606106109e-10, 7.41999933718e-11, 3.63378910295e-11, 9.06103404114e-12, 1.83157742445e-12, 8.09921899513e-13, -5.48333757957e-14, -8.40003197208e-13, -3.96703026331e-12, -1.90241290603e-12, -1.74026526696e-12, -2.75411610835e-13, -1.50644199805e-13, -1.85533724072e-14, -1.56872111194e-14, -1.13437159514e-14, 1.74501227931e-17, 3.44671576402e-16], [-8.64268552558e-12, 6.10750117147e-10, 2.57664578562e-09, 2.16990958535e-08, 2.20142570839e-08, 7.59888951762e-09, 4.52431025977e-09, 2.00868033318e-09, 1.18262255544e-09, 5.33849686679e-10, 1.95473984221e-10, 7.97690108412e-11, 1.34896009293e-11, 3.37164215818e-12, -8.20753350266e-13, -1.82078289078e-12, -4.62602829307e-12, -1.62924344155e-11, -1.0573544644e-11, -6.57498881729e-12, -1.13690404747e-12, -5.63932472768e-13, -6.89020306197e-14, -5.70610453419e-14, -4.10117801536e-14, 3.31153168792e-16, 1.46549437133e-15], [-2.43457320276e-11, 2.04939798465e-09, 4.60132021374e-09, 2.20142570839e-08, 9.74993668024e-08, 3.2830090646e-08, 2.03774987995e-08, 8.22612911122e-09, 5.07611019884e-09, 2.08634598486e-09, 8.86934525823e-10, 3.33255922857e-10, 9.88341214425e-11, 2.46597603448e-11, 1.03689019176e-11, 1.49941116381e-12, -3.78359749605e-15, -1.39930020696e-11, -1.931665548e-12, -9.81122388194e-12, -6.05574076128e-13, -9.20203475051e-13, -7.8922105125e-14, -1.03230778418e-13, -8.05954627581e-14, 3.06148581489e-15, 5.52416592288e-15], [-1.48008862111e-11, 9.30845567293e-10, 2.74369482689e-09, 7.59888951762e-09, 3.2830090646e-08, 2.86633117241e-08, 1.29073658428e-08, 4.93876406438e-09, 3.06563885388e-09, 1.37006750389e-09, 5.52889567462e-10, 2.51542509044e-10, 6.65546784351e-11, 1.87198850171e-11, 8.55386681625e-12, 1.3677248353e-12, 1.10843821101e-12, -1.20857854974e-11, 1.19459954082e-12, -3.92139272443e-12, -4.08648700816e-13, -3.41344953605e-13, -6.45883109891e-16, -5.38971638316e-14, -3.74950687632e-14, 9.84116759438e-16, 2.16879630947e-15], [-9.87041091222e-12, 4.4706696678e-10, 1.42961209537e-09, 4.52431025977e-09, 2.03774987995e-08, 1.29073658428e-08, 1.37787878884e-08, 3.55478513292e-09, 2.43523490262e-09, 9.82990244758e-10, 5.29718269249e-10, 2.58612409265e-10, 8.00417163105e-11, 2.0424597777e-11, 6.70461559535e-12, 2.81651243127e-12, 3.27025017309e-12, -2.59887077136e-12, 2.17897293091e-12, -1.99473727466e-12, 3.85235951212e-13, 7.9385093334e-14, 8.19472866843e-14, -1.54696676476e-14, -1.26736347586e-14, 1.26817105824e-15, 1.74797975336e-15], [-4.91498551927e-12, 1.94983598711e-10, 7.16924353217e-10, 2.00868033318e-09, 8.22612911122e-09, 4.93876406438e-09, 3.55478513292e-09, 2.37734076869e-09, 1.05581088317e-09, 4.15477569016e-10, 1.98314198396e-10, 9.62060986431e-11, 2.75145444623e-11, 6.09040595734e-12, 3.37142054725e-12, 8.88369618753e-13, 7.3490671014e-13, -6.86406443837e-13, 3.17320063455e-12, -4.99843656049e-13, -3.28105632128e-14, -5.02169174841e-14, 5.98882236323e-15, -7.87168470191e-15, -5.26771780425e-15, 3.78514830749e-16, 6.09414371045e-16], [-3.36725872879e-12, 1.11284328974e-10, 4.53703991043e-10, 1.18262255544e-09, 5.07611019884e-09, 3.06563885388e-09, 2.43523490262e-09, 1.05581088317e-09, 1.06590780646e-09, 3.45518724743e-10, 1.57695051461e-10, 9.76254077578e-11, 2.76896647972e-11, 6.31465279372e-12, 3.8320592359e-12, 1.66492297379e-12, 2.02997492947e-12, 3.54313014475e-13, 4.0181855239e-12, 3.27154454785e-13, 1.72481224182e-13, 3.272154005e-14, 1.29588443044e-14, 5.50066689958e-16, 1.61769313573e-17, 3.29962452227e-16, 3.738668698e-16], [-1.4663379018e-12, 4.18385673329e-11, 1.59606106109e-10, 5.33849686679e-10, 2.08634598486e-09, 1.37006750389e-09, 9.82990244758e-10, 4.15477569016e-10, 3.45518724743e-10, 1.99129088219e-10, 6.32575519743e-11, 3.48359813218e-11, 1.02362736343e-11, 2.49553394442e-12, 1.70405627543e-12, 6.31615148638e-13, 8.06999920448e-13, -2.00306093869e-13, 1.3033556439e-12, 7.33247623318e-14, 6.1430149704e-14, 1.12814209133e-14, 5.52601838393e-15, -3.42050327068e-16, 7.39022588073e-16, 1.44781568199e-16, 1.69266206975e-16], [-6.11867815529e-13, 1.80425691748e-11, 7.41999933718e-11, 1.95473984221e-10, 8.86934525823e-10, 5.52889567462e-10, 5.29718269249e-10, 1.98314198396e-10, 1.57695051461e-10, 6.32575519743e-11, 4.66824738588e-11, 2.14311225016e-11, 6.74332378131e-12, 1.57024610328e-12, 9.72168959917e-13, 3.35706749942e-13, 4.29039724754e-13, 1.79329736282e-13, 6.81736622449e-13, 9.38579726092e-14, 3.7151031085e-14, 1.22885972977e-14, 3.04929764605e-15, 6.05623845666e-16, 3.59356295441e-16, 7.72944828243e-17, 7.95970955693e-17], [-3.39938689177e-13, 5.892889475e-12, 3.63378910295e-11, 7.97690108412e-11, 3.33255922857e-10, 2.51542509044e-10, 2.58612409265e-10, 9.62060986431e-11, 9.76254077578e-11, 3.48359813218e-11, 2.14311225016e-11, 1.85007859727e-11, 5.21774854226e-12, 1.13828597156e-12, 7.0251768812e-13, 2.62204944172e-13, 3.0334892584e-13, 3.08675421378e-13, 3.43000394797e-13, 7.15513328382e-14, 2.23926779896e-14, 1.43750842393e-14, 2.07913151925e-15, 3.7155256403e-16, 4.17937173483e-16, 3.60766783969e-17, 2.6879101656e-17], [-1.17033824038e-13, 1.19306431054e-12, 9.06103404114e-12, 1.34896009293e-11, 9.88341214425e-11, 6.65546784351e-11, 8.00417163105e-11, 2.75145444623e-11, 2.76896647972e-11, 1.02362736343e-11, 6.74332378131e-12, 5.21774854226e-12, 2.18643701234e-12, 5.05702955639e-13, 9.71682478403e-13, 1.6999901107e-13, 1.66405124814e-13, 2.69232986599e-13, 2.48775853433e-13, 5.49191903976e-14, 1.8874701132e-14, 9.70000785965e-15, 1.36235222813e-15, 8.39558569709e-16, 5.62829729468e-16, 1.77384250151e-17, 9.90491129044e-18], [-5.33136801037e-14, 2.67975339184e-13, 1.83157742445e-12, 3.37164215818e-12, 2.46597603448e-11, 1.87198850171e-11, 2.0424597777e-11, 6.09040595734e-12, 6.31465279372e-12, 2.49553394442e-12, 1.57024610328e-12, 1.13828597156e-12, 5.05702955639e-13, 2.61790318156e-13, 4.13741388155e-13, 1.03139671554e-13, 9.13880380876e-14, 1.55436264988e-13, 1.64841447783e-13, 5.0044204078e-14, 1.21515422846e-14, 5.03625207537e-15, 7.60196611809e-16, 4.61786851552e-16, 2.55625702575e-16, 6.84622031039e-18, 2.81898355111e-18], [-8.10823711775e-14, -8.58569197183e-14, 8.09921899513e-13, -8.20753350266e-13, 1.03689019176e-11, 8.55386681625e-12, 6.70461559535e-12, 3.37142054725e-12, 3.8320592359e-12, 1.70405627543e-12, 9.72168959917e-13, 7.0251768812e-13, 9.71682478403e-13, 4.13741388155e-13, 1.85335969662e-12, 2.43343539763e-13, 2.11475639517e-13, 3.57281993704e-13, 3.93082701805e-13, 1.06643508043e-13, 2.61809667777e-14, 1.30445835205e-14, 2.029622867e-15, 1.34254171568e-15, 6.89396304122e-16, 1.01712816457e-17, 4.64821737515e-19], [-3.00524545299e-14, 1.09683604159e-13, -5.48333757957e-14, -1.82078289078e-12, 1.49941116381e-12, 1.3677248353e-12, 2.81651243127e-12, 8.88369618753e-13, 1.66492297379e-12, 6.31615148638e-13, 3.35706749942e-13, 2.62204944172e-13, 1.6999901107e-13, 1.03139671554e-13, 2.43343539763e-13, 1.73525907185e-13, 1.46971695339e-13, 2.24027231228e-13, 2.6643352238e-13, 1.00021892353e-13, 1.91033136304e-14, 7.36830233872e-15, 9.0217129811e-16, 5.93504551196e-16, 3.21968922894e-16, 7.17595145976e-18, 2.4972112234e-19], [-5.49271423429e-14, -1.59293964738e-13, -8.40003197208e-13, -4.62602829307e-12, -3.78359749605e-15, 1.10843821101e-12, 3.27025017309e-12, 7.3490671014e-13, 2.02997492947e-12, 8.06999920448e-13, 4.29039724754e-13, 3.0334892584e-13, 1.66405124814e-13, 9.13880380876e-14, 2.11475639517e-13, 1.46971695339e-13, 4.04837269393e-13, 8.23926267924e-13, 5.60312321714e-13, 2.51548158388e-13, 3.5035173276e-14, 1.34967661301e-14, 1.3933303406e-15, 8.32547995642e-16, 5.14880517812e-16, 1.18545147829e-17, 5.52997484753e-19], [-1.30464961209e-13, -1.77037106763e-12, -3.96703026331e-12, -1.62924344155e-11, -1.39930020696e-11, -1.20857854974e-11, -2.59887077136e-12, -6.86406443837e-13, 3.54313014475e-13, -2.00306093869e-13, 1.79329736282e-13, 3.08675421378e-13, 2.69232986599e-13, 1.55436264988e-13, 3.57281993704e-13, 2.24027231228e-13, 8.23926267924e-13, 5.08080513426e-12, 1.59899957858e-12, 4.85195596808e-13, 7.49785230105e-14, 2.47974977005e-14, 2.77188249736e-15, 1.59922223898e-15, 9.65688710637e-16, 2.10896579313e-17, -7.63015178462e-19], [-1.61493919366e-13, -6.33449022402e-13, -1.90241290603e-12, -1.0573544644e-11, -1.931665548e-12, 1.19459954082e-12, 2.17897293091e-12, 3.17320063455e-12, 4.0181855239e-12, 1.3033556439e-12, 6.81736622449e-13, 3.43000394797e-13, 2.48775853433e-13, 1.64841447783e-13, 3.93082701805e-13, 2.6643352238e-13, 5.60312321714e-13, 1.59899957858e-12, 2.18134798419e-12, 8.6733235611e-13, 1.41283320221e-13, 4.03803645252e-14, 3.66457793201e-15, 1.70703523948e-15, 1.13856569995e-15, 2.54954733367e-17, 1.05180212828e-18], [-5.40014911856e-14, -8.67724783086e-13, -1.74026526696e-12, -6.57498881729e-12, -9.81122388194e-12, -3.92139272443e-12, -1.99473727466e-12, -4.99843656049e-13, 3.27154454785e-13, 7.33247623318e-14, 9.38579726092e-14, 7.15513328382e-14, 5.49191903976e-14, 5.0044204078e-14, 1.06643508043e-13, 1.00021892353e-13, 2.51548158388e-13, 4.85195596808e-13, 8.6733235611e-13, 1.14878191595e-12, 8.10582070215e-14, 2.65985235275e-14, 1.52418433133e-15, 6.81370666947e-16, 5.02692454855e-16, 1.2937620941e-17, -5.89847036874e-19], [-1.09043870667e-14, -1.26162996066e-13, -2.75411610835e-13, -1.13690404747e-12, -6.05574076128e-13, -4.08648700816e-13, 3.85235951212e-13, -3.28105632128e-14, 1.72481224182e-13, 6.1430149704e-14, 3.7151031085e-14, 2.23926779896e-14, 1.8874701132e-14, 1.21515422846e-14, 2.61809667777e-14, 1.91033136304e-14, 3.5035173276e-14, 7.49785230105e-14, 1.41283320221e-13, 8.10582070215e-14, 1.86206268232e-14, 4.09789923552e-15, 3.06414433367e-16, 1.35120495691e-16, 8.99564607154e-17, 1.84039910795e-18, 1.9658515944e-20], [-4.11271172419e-15, -6.95525586994e-14, -1.50644199805e-13, -5.63932472768e-13, -9.20203475051e-13, -3.41344953605e-13, 7.9385093334e-14, -5.02169174841e-14, 3.272154005e-14, 1.12814209133e-14, 1.22885972977e-14, 1.43750842393e-14, 9.70000785965e-15, 5.03625207537e-15, 1.30445835205e-14, 7.36830233872e-15, 1.34967661301e-14, 2.47974977005e-14, 4.03803645252e-14, 2.65985235275e-14, 4.09789923552e-15, 1.61040889723e-15, 1.55309486284e-16, 7.88805255482e-17, 4.14509204675e-17, 8.38903622989e-19, -4.51082784528e-20], [-5.77540891816e-16, -7.67780902468e-15, -1.85533724072e-14, -6.89020306197e-14, -7.8922105125e-14, -6.45883109891e-16, 8.19472866843e-14, 5.98882236323e-15, 1.29588443044e-14, 5.52601838393e-15, 3.04929764605e-15, 2.07913151925e-15, 1.36235222813e-15, 7.60196611809e-16, 2.029622867e-15, 9.0217129811e-16, 1.3933303406e-15, 2.77188249736e-15, 3.66457793201e-15, 1.52418433133e-15, 3.06414433367e-16, 1.55309486284e-16, 3.40879773857e-17, 1.41343345661e-17, 6.53124192725e-18, 1.25516476622e-19, -1.34494619866e-21], [-2.26203192589e-16, -4.98302664254e-15, -1.56872111194e-14, -5.70610453419e-14, -1.03230778418e-13, -5.38971638316e-14, -1.54696676476e-14, -7.87168470191e-15, 5.50066689958e-16, -3.42050327068e-16, 6.05623845666e-16, 3.7155256403e-16, 8.39558569709e-16, 4.61786851552e-16, 1.34254171568e-15, 5.93504551196e-16, 8.32547995642e-16, 1.59922223898e-15, 1.70703523948e-15, 6.81370666947e-16, 1.35120495691e-16, 7.88805255482e-17, 1.41343345661e-17, 1.47040800284e-17, 5.99031585107e-18, 9.14988419515e-20, -4.95348385657e-21], [-1.94671120578e-16, -5.03845986674e-15, -1.13437159514e-14, -4.10117801536e-14, -8.05954627581e-14, -3.74950687632e-14, -1.26736347586e-14, -5.26771780425e-15, 1.61769313573e-17, 7.39022588073e-16, 3.59356295441e-16, 4.17937173483e-16, 5.62829729468e-16, 2.55625702575e-16, 6.89396304122e-16, 3.21968922894e-16, 5.14880517812e-16, 9.65688710637e-16, 1.13856569995e-15, 5.02692454855e-16, 8.99564607154e-17, 4.14509204675e-17, 6.53124192725e-18, 5.99031585107e-18, 5.24415675233e-18, 7.31870277435e-20, -2.73937783122e-21], [-6.67387185309e-18, -4.6959480126e-17, 1.74501227931e-17, 3.31153168792e-16, 3.06148581489e-15, 9.84116759438e-16, 1.26817105824e-15, 3.78514830749e-16, 3.29962452227e-16, 1.44781568199e-16, 7.72944828243e-17, 3.60766783969e-17, 1.77384250151e-17, 6.84622031039e-18, 1.01712816457e-17, 7.17595145976e-18, 1.18545147829e-17, 2.10896579313e-17, 2.54954733367e-17, 1.2937620941e-17, 1.84039910795e-18, 8.38903622989e-19, 1.25516476622e-19, 9.14988419515e-20, 7.31870277435e-20, 3.3354579939e-21, 1.15511531627e-21], [-2.39936516611e-18, 1.07689988821e-16, 3.44671576402e-16, 1.46549437133e-15, 5.52416592288e-15, 2.16879630947e-15, 1.74797975336e-15, 6.09414371045e-16, 3.738668698e-16, 1.69266206975e-16, 7.95970955693e-17, 2.6879101656e-17, 9.90491129044e-18, 2.81898355111e-18, 4.64821737515e-19, 2.4972112234e-19, 5.52997484753e-19, -7.63015178462e-19, 1.05180212828e-18, -5.89847036874e-19, 1.9658515944e-20, -4.51082784528e-20, -1.34494619866e-21, -4.95348385657e-21, -2.73937783122e-21, 1.15511531627e-21, 1.34701728039e-21]]
    },
    "mfcc": {
        "kurt": [0.899022102356, -0.591335296631, -0.553951025009, 0.520449399948, 0.105065822601, 0.182535409927, 0.0804016590118, 0.51923251152, -0.0188231468201, 0.0692026615143, 0.0809261798859, -0.0776174068451, -0.0899724960327],
        "max": [-818.797668457, 238.731811523, 76.4241333008, 90.2325286865, 42.3958930969, 4.30991363525, 19.3286323547, 26.8176517487, 5.89168930054, 11.9610843658, 16.8091392517, 8.92414855957, 13.7233963013],
        "mean": [-939.573791504, 148.423477173, 16.192111969, 31.9099750519, 1.6955909729, -30.3216953278, -1.56644034386, -2.12473988533, -14.1752462387, -4.38952732086, -4.71353244781, -10.1125192642, -3.26922488213],
        "median": [-940.359863281, 141.685302734, 15.0537719727, 34.1975440979, 3.01432800293, -30.4305992126, -1.33839035034, -2.08433532715, -14.1764221191, -4.27111053467, -4.83556747437, -9.95618438721, -3.12627410889],
        "min": [-1138.42004395, 1.14440917969e-05, -53.3061943054, -18.2165031433, -43.0468521118, -58.4211387634, -20.9148025513, -27.0785827637, -33.343208313, -25.1987533569, -22.2574672699, -26.0810699463, -21.7675132751],
        "skew": [-0.397994190454, 0.26064157486, 0.0491393059492, -0.536874055862, -0.463846951723, 0.178331151605, -0.0841898471117, 0.0394140332937, -0.0587116368115, -0.16226631403, 0.0942428261042, 0.0203906558454, -0.129165902734],
        "var": [1467.92260742, 1141.3059082, 494.838165283, 178.916748047, 148.949005127, 87.1239242554, 41.0449295044, 43.0295143127, 39.0839309692, 36.1149024963, 31.7094516754, 29.9324474335, 29.1319561005],
        "cov": [[1468.89599609, 1047.41699219, -90.6404724121, -160.394515991, -253.265930176, -181.499404907, 23.9878845215, -28.3588371277, -51.8022537231, -51.019329071, -54.9488754272, -32.121509552, -28.6193885803], [1047.41699219, 1142.06274414, 353.636688232, -201.761856079, -246.611099243, -131.892745972, -0.865303039551, 28.3931159973, -52.8879776001, -60.2204017639, -45.9893531799, -37.2237586975, -16.4893722534], [-90.6404724121, 353.636688232, 495.166320801, -10.7066745758, -39.212387085, 2.01205301285, -17.6316108704, 55.8056755066, -5.54920768738, -21.4786491394, -7.62746143341, -13.0721797943, 4.47365903854], [-160.394515991, -201.761856079, -10.7066745758, 179.035400391, 112.703445435, 16.1187553406, 3.43147182465, 2.11606740952, 20.848608017, 20.567111969, 5.67193889618, 2.64768528938, -0.775703191757], [-253.265930176, -246.611099243, -39.212387085, 112.703445435, 149.047775269, 70.2381744385, 1.68111073971, 2.67500209808, 19.7255191803, 27.5192718506, 17.4033622742, 2.01350879669, -0.310350447893], [-181.499404907, -131.892745972, 2.01205301285, 16.1187553406, 70.2381744385, 87.1816940308, 22.2412757874, 2.71940350533, 15.5533704758, 13.4425973892, 10.9824829102, 4.97309970856, 0.649637639523], [23.9878845215, -0.865303039551, -17.6316108704, 3.43147182465, 1.68111073971, 22.2412757874, 41.0721473694, 18.4215164185, 4.09071922302, 3.27448654175, 2.08505868912, 4.5366768837, 3.04778766632], [-28.3588371277, 28.3931159973, 55.8056755066, 2.11606740952, 2.67500209808, 2.71940350533, 18.4215164185, 43.0580482483, 16.8212070465, 1.94966781139, 5.74999856949, 4.15337133408, 5.47135400772], [-51.8022537231, -52.8879776001, -5.54920768738, 20.848608017, 19.7255191803, 15.5533704758, 4.09071922302, 16.8212070465, 39.1098480225, 22.2111682892, 5.28264713287, 6.16336488724, 4.19474697113], [-51.019329071, -60.2204017639, -21.4786491394, 20.567111969, 27.5192718506, 13.4425973892, 3.27448654175, 1.94966781139, 22.2111682892, 36.1388549805, 18.5244235992, 3.9959218502, 4.47871780396], [-54.9488754272, -45.9893531799, -7.62746143341, 5.67193889618, 17.4033622742, 10.9824829102, 2.08505868912, 5.74999856949, 5.28264713287, 18.5244235992, 31.7304782867, 16.7700214386, 4.85955381393], [-32.121509552, -37.2237586975, -13.0721797943, 2.64768528938, 2.01350879669, 4.97309970856, 4.5366768837, 4.15337133408, 6.16336488724, 3.9959218502, 16.7700214386, 29.9522953033, 18.5036029816], [-28.6193885803, -16.4893722534, 4.47365903854, -0.775703191757, -0.310350447893, 0.649637639523, 3.04778766632, 5.47135400772, 4.19474697113, 4.47871780396, 4.85955381393, 18.5036029816, 29.1512737274]]
    },
    "sccoeffs": {
        "kurt": [-0.120887041092, 0.152832984924, 0.245496511459, 2.03940629959, 2.61597728729, 11.4361944199],
        "max": [-0.421456545591, -0.63000535965, -0.675407350063, -0.743629813194, -0.755678772926, -0.695827007294],
        "mean": [-0.736348330975, -0.813679695129, -0.845850944519, -0.872963964939, -0.8465539217, -0.835681319237],
        "median": [-0.743998229504, -0.817496597767, -0.850599706173, -0.876266121864, -0.848375558853, -0.835289955139],
        "min": [-0.968671798706, -0.937871217728, -0.95414274931, -0.961877286434, -0.945072352886, -0.948428094387],
        "skew": [0.450996011496, 0.427767783403, 0.571169793606, 0.979223847389, 0.749544322491, 0.310517132282],
        "var": [0.00686304690316, 0.00216748425737, 0.0013988026185, 0.000577237689868, 0.000300462415908, 0.00018196599558],
        "cov": [[0.00686759781092, 0.00149084324948, 0.00140232336707, 0.000771291612182, 0.000149729676195, 0.000156809139298], [0.00149084324948, 0.00216892175376, 0.000491213577334, 0.000275389815215, 5.66074959352e-05, 3.39071448252e-05], [0.00140232336707, 0.000491213577334, 0.00139973021578, 0.000226654839935, 4.43956960225e-05, 4.04436395911e-05], [0.000771291612182, 0.000275389815215, 0.000226654839935, 0.000577620463446, 5.16149921168e-05, 1.81070972758e-05], [0.000149729676195, 5.66074959352e-05, 4.43956960225e-05, 5.16149921168e-05, 0.000300661660731, 4.28419334639e-05], [0.000156809139298, 3.39071448252e-05, 4.04436395911e-05, 1.81070972758e-05, 4.28419334639e-05, 0.000182086660061]]
    },
    "scvalleys": {
        "kurt": [11.8831710815, 11.4802112579, 12.8365077972, 51.8853759766, 89.080909729, 38.0162582397],
        "max": [-5.95628881454, -5.1931810379, -6.3797545433, -8.03617954254, -8.24136543274, -11.473985672],
        "mean": [-7.62358856201, -7.45039701462, -8.63680267334, -9.60671234131, -9.87560272217, -12.7163543701],
        "median": [-7.63416576385, -7.58270692825, -8.73966789246, -9.55076503754, -9.77778244019, -12.6235971451],
        "min": [-15.6443014145, -17.7540798187, -18.1069507599, -18.6444225311, -19.4051609039, -20.1077804565],
        "skew": [-1.17516028881, -0.850304543972, -1.03605461121, -3.88158392906, -5.63239526749, -3.41578793526],
        "var": [0.471979886293, 0.777520000935, 0.640715301037, 0.308827608824, 0.254802644253, 0.240769863129],
        "cov": [[0.472292870283, 0.369223713875, 0.275399327278, 0.0993953198195, 0.0448778197169, 0.0151372579858], [0.369223713875, 0.778035640717, 0.600567817688, 0.240476638079, 0.126647338271, 0.0862686485052], [0.275399327278, 0.600567817688, 0.641140222549, 0.285389989614, 0.170519694686, 0.139045104384], [0.0993953198195, 0.240476638079, 0.285389989614, 0.309032380581, 0.225475519896, 0.207854792476], [0.0448778197169, 0.126647338271, 0.170519694686, 0.225475519896, 0.254971623421, 0.22496907413], [0.0151372579858, 0.0862686485052, 0.139045104384, 0.207854792476, 0.22496907413, 0.24092951417]]
    }
},
"rhythm": {
    "beats_loudness": {
        "kurt": 10.0044803619,
        "max": 0.00443834112957,
        "mean": 0.000478045316413,
        "median": 0.000160212803166,
        "min": 9.66781317402e-06,
        "skew": 2.85042119026,
        "var": 5.40560733953e-07
    },
    "bpm": 140.172576904,
    "confidence": 0.159074261785,
    "first_peak_bpm": {
        "kurt": 0,
        "max": 140,
        "mean": 140,
        "median": 140,
        "min": 140,
        "skew": 0,
        "var": 0
    },
    "first_peak_spread": {
        "kurt": 0,
        "max": 0.25,
        "mean": 0.25,
        "median": 0.25,
        "min": 0.25,
        "skew": 0,
        "var": 0
    },
    "first_peak_weight": {
        "kurt": 0,
        "max": 0.146341457963,
        "mean": 0.146341457963,
        "median": 0.146341457963,
        "min": 0.146341457963,
        "skew": 0,
        "var": 0
    },
    "onset_rate": 2.51460003853,
    "second_peak_bpm": {
        "kurt": 0,
        "max": 172,
        "mean": 172,
        "median": 172,
        "min": 172,
        "skew": 0,
        "var": 0
    },
    "second_peak_spread": {
        "kurt": 0,
        "max": 0,
        "mean": 0,
        "median": 0,
        "min": 0,
        "skew": 0,
        "var": 0
    },
    "second_peak_weight": {
        "kurt": 0,
        "max": 0.134146347642,
        "mean": 0.134146347642,
        "median": 0.134146347642,
        "min": 0.134146347642,
        "skew": 0,
        "var": 0
    },
    "beats_loudness_band_ratio": {
        "kurt": [-0.780903577805, -0.684859514236, 1.35542964935, 4.10764122009, 7.02428913116, 2.69447231293],
        "max": [0.669411599636, 0.765969932079, 0.660887241364, 0.18249450624, 0.393774032593, 0.165487959981],
        "mean": [0.301341682673, 0.473213881254, 0.212640881538, 0.0377539768815, 0.046463765204, 0.0287845451385],
        "median": [0.285423010588, 0.475667238235, 0.184792041779, 0.0227074269205, 0.0175611954182, 0.0137714752927],
        "min": [0.0235979780555, 0.143103182316, 0.0412988848984, 0.00294958264567, 0.000476058921777, 0.00027504976606],
        "skew": [0.25570744276, -0.120492555201, 1.28985857964, 2.11015725136, 2.38555431366, 1.8041870594],
        "var": [0.0261722654104, 0.0221225172281, 0.0176764577627, 0.00155792338774, 0.00468982057646, 0.00143423432019],
        "cov": [[0.02649143897, -0.00163429416716, -0.0136584537104, -0.00266446080059, -0.00239730672911, -0.00131639232859], [-0.00163429416716, 0.0223923046142, -0.00507625192404, -0.00332229677588, -0.0054797930643, -0.00330601120368], [-0.0136584537104, -0.00507625192404, 0.0178920235485, 0.00154396868311, -0.00157928979024, -0.000442237069365], [-0.00266446080059, -0.00332229677588, 0.00154396868311, 0.00157692248467, 0.00127244472969, 0.000876634789165], [-0.00239730672911, -0.0054797930643, -0.00157928979024, 0.00127244472969, 0.00474701356143, 0.00204519089311], [-0.00131639232859, -0.00330601120368, -0.000442237069365, 0.000876634789165, 0.00204519089311, 0.0014517250238]]
    },
    "beats_position": [0.510838985443, 1.02167797089, 1.54412698746, 2.06657600403, 2.58902478218, 3.13469386101, 3.68036270142, 4.22603178024, 4.76009082794, 5.2941493988, 5.8282084465, 6.29260778427, 6.74539661407, 7.19818592072, 7.67419481277, 8.15020370483, 8.6146030426, 9.04417228699, 9.46213150024, 9.89170074463, 10.321269989, 10.7508392334, 11.1687984467, 11.5983667374, 12.0279359818, 12.4575052261, 12.8870744705, 13.2818136215, 13.6997728348, 14.1409521103, 14.5705213547, 14.9768705368, 15.3716096878, 15.7663488388, 16.1610889435, 16.5558280945, 16.9389572144, 17.3220863342, 17.693605423, 18.0535144806, 18.4134235382, 18.7617225647, 19.1216316223, 19.4815406799, 19.8414516449, 20.2013607025, 20.5612697601, 20.8979587555, 21.2346477509, 21.5713367462, 21.9080276489, 22.2447166443, 22.5930156708, 22.9413146973, 23.2896137238, 23.6379127502, 23.9862117767, 24.3229026794, 24.6595916748, 24.9962806702, 25.3445796967, 25.6928787231, 26.0411777496, 26.3894786835, 26.73777771, 27.1209068298, 27.5156459808, 27.8987751007, 28.2935142517, 28.6882534027, 29.0946025848, 29.500951767, 29.9305210114, 30.3600902557, 30.7896595001, 31.2540588379, 31.7184581757, 32.1828575134, 32.6356468201, 33.1000442505, 33.5528335571, 34.0056228638, 34.4584121704],
    "bpm_estimates": [139.674804688, 143.554672241, 139.674804688, 139.674804688, 139.674804688, 143.554672241, 139.675109863, 139.674804688, 139.674804688, 139.674804688, 143.554672241, 135.999130249, 139.674804688, 139.674804688, 139.674804688, 139.674804688],
    "bpm_intervals": [0.510838985443, 0.522449016571, 0.522449016571, 0.522448778152, 0.545669078827, 0.545668840408, 0.545669078827, 0.534059047699, 0.534058570862, 0.534059047699, 0.464399337769, 0.452788829803, 0.452789306641, 0.476008892059, 0.476008892059, 0.464399337769, 0.429569244385, 0.417959213257, 0.429569244385, 0.429569244385, 0.429569244385, 0.417959213257, 0.42956829071, 0.429569244385, 0.429569244385, 0.429569244385, 0.394739151001, 0.417959213257, 0.441179275513, 0.429569244385, 0.406349182129, 0.394739151001, 0.394739151001, 0.394740104675, 0.394739151001, 0.383129119873, 0.383129119873, 0.371519088745, 0.359909057617, 0.359909057617, 0.348299026489, 0.359909057617, 0.359909057617, 0.359910964966, 0.359909057617, 0.359909057617, 0.336688995361, 0.336688995361, 0.336688995361, 0.33669090271, 0.336688995361, 0.348299026489, 0.348299026489, 0.348299026489, 0.348299026489, 0.348299026489, 0.33669090271, 0.336688995361, 0.336688995361, 0.348299026489, 0.348299026489, 0.348299026489, 0.348300933838, 0.348299026489, 0.383129119873, 0.394739151001, 0.383129119873, 0.394739151001, 0.394739151001, 0.406349182129, 0.406349182129, 0.429569244385, 0.429569244385, 0.429569244385, 0.464399337769, 0.464399337769, 0.464399337769, 0.452789306641, 0.46439743042, 0.452789306641, 0.452789306641, 0.452789306641],
    "onset_times": [0.0116099771112, 0.615328788757, 0.952018141747, 1.55573701859, 2.08979582787, 2.15945577621, 2.26394557953, 2.97215414047, 3.15791392326, 3.55265307426, 4.51628112793, 4.66721105576, 5.30575942993, 5.4334692955, 6.025578022, 6.42031764984, 6.64090681076, 6.97759628296, 7.18657588959, 7.99927425385, 8.55655288696, 8.90485286713, 8.96290206909, 9.682721138, 9.78721046448, 9.90331077576, 10.077460289, 10.321269989, 10.5070295334, 10.8204984665, 11.354557991, 11.7028570175, 12.1788663864, 12.3530158997, 12.4110660553, 12.8754644394, 13.2818136215, 13.3979139328, 13.4327440262, 13.5604534149, 14.2454423904, 14.8259410858, 15.7663488388, 16.1262588501, 16.4629478455, 16.9621772766, 17.4381866455, 17.8677558899, 17.9374141693, 18.3669834137, 18.4366436005, 18.5875740051, 18.7733325958, 19.4931526184, 19.853061676, 20.0039901733, 20.3174610138, 20.6657600403, 20.7122001648, 21.0604991913, 21.3043079376, 21.7570972443, 22.0589561462, 22.3375968933, 22.5581855774, 23.0574150085, 23.185125351, 23.6379146576, 23.9165534973, 24.0094337463, 24.102312088, 24.6712017059, 24.7873020172, 25.2865314484, 26.4823589325, 27.4343757629, 28.107755661, 28.409614563, 28.4908847809, 28.6069831848, 28.8740139008, 29.2455329895, 29.4777317047, 29.6286621094, 33.1348762512, 33.4019050598, 33.5528335571, 33.7269859314],
