{
"metadata": {
    "version": {
        "essentia": "2.1-beta3"
    }
},
"lowLevel": {
    "average_loudness": 0.668365120888,
    "barkbands_kurtosis": {
        "kurt": 4.24001121521,
        "max": 114.538696289,
        "mean": 14.6440868378,
        "median": 4.38227033615,
        "min": -1.63647413254,
        "skew": 2.08051276207,
        "var": 516.643920898
    },
    "barkbands_skewness": {
        "kurt": -0.424125432968,
        "max": 1.31604635715,
        "mean": -2.42419290543,
        "median": -1.79444611073,
        "min": -8.52924633026,
        "skew": -0.647440314293,
        "var": 5.21044063568
    },
    "barkbands_spread": {
        "kurt": -0.185461521149,
        "max": 32.390045166,
        "mean": 11.6772222519,
        "median": 11.3672590256,
        "min": 0.369731247425,
        "skew": 0.666236758232,
        "var": 63.0341949463
    },
    "dissonance": {
        "kurt": 9.6595287323,
        "max": 0.49996805191,
        "mean": 0.485659509897,
        "median": 0.492840588093,
        "min": 0.379125326872,
        "skew": -2.88490915298,
        "var": 0.000376435171347
    },
    "hfc": {
        "kurt": 46.8141136169,
        "max": 538.337097168,
        "mean": 10.9678449631,
        "median": 0.000409914093325,
        "min": 1.29274962503e-16,
        "skew": 6.90608978271,
        "var": 4722.78417969
    },
    "pitch": {
        "kurt": -1.3692252636,
        "max": 4353.21289062,
        "mean": 1506.26013184,
        "median": 373.327209473,
        "min": 118.131576538,
        "skew": 0.779131293297,
        "var": 2784659
    },
    "pitch_instantaneous_confidence": {
        "kurt": -1.7282345295,
        "max": 0.97364205122,
        "mean": 0.663372635841,
        "median": 0.723137974739,
        "min": 0.142419993877,
        "skew": -0.181517004967,
        "var": 0.0766919031739
    },
    "pitch_salience": {
        "kurt": -0.539088487625,
        "max": 0.924633324146,
        "mean": 0.661411046982,
        "median": 0.665771067142,
        "min": 0.262536436319,
        "skew": -0.450696229935,
        "var": 0.0166879799217
    },
    "silence_rate_20dB": {
        "kurt": 0,
        "max": 1,
        "mean": 1,
        "median": 1,
        "min": 1,
        "skew": 0,
        "var": 0
    },
    "silence_rate_30dB": {
        "kurt": 66.0141983032,
        "max": 1,
        "mean": 0.985915482044,
        "median": 1,
        "min": 0,
        "skew": -8.24705219269,
        "var": 0.0138861266896
    },
    "silence_rate_60dB": {
        "kurt": 21.664150238,
        "max": 1,
        "mean": 0.962441325188,
        "median": 1,
        "min": 0,
        "skew": -4.86459875107,
        "var": 0.0361479073763
    },
    "spectral_centroid": {
        "kurt": 8.93265628815,
        "max": 11000.9667969,
        "mean": 2962.15063477,
        "median": 3362.59985352,
        "min": 509.714904785,
        "skew": 0.732642591,
        "var": 1381668.375
    },
    "spectral_complexity": {
        "kurt": 18.5178585052,
        "max": 14,
        "mean": 0.704225361347,
        "median": 0,
        "min": 0,
        "skew": 3.99602985382,
        "var": 3.94536590576
    },
    "spectral_crest": {
        "kurt": -0.0790193080902,
        "max": 24.6127471924,
        "mean": 10.0361280441,
        "median": 7.62702798843,
        "min": 4.13846683502,
        "skew": 1.01366102695,
        "var": 27.0208778381
    },
    "spectral_decrease": {
        "kurt": 46.8120574951,
        "max": 1.14220019802e-28,
        "mean": -5.35374189425e-10,
        "median": -4.56437493324e-14,
        "min": -2.6282767962e-08,
        "skew": -6.89897727966,
        "var": 1.10856702558e-17
    },
    "spectral_energy": {
        "kurt": 46.8115234375,
        "max": 0.148025766015,
        "mean": 0.00301543879323,
        "median": 1.89862319644e-07,
        "min": 1.12945357257e-20,
        "skew": 6.90128517151,
        "var": 0.00035341430339
    },
    "spectral_energyband_high": {
        "kurt": 43.983253479,
        "max": 0.00412042951211,
        "mean": 8.70525473147e-05,
        "median": 8.66076044215e-10,
        "min": 8.54013091466e-21,
        "skew": 6.70131015778,
        "var": 2.81584533468e-07
    },
    "spectral_energyband_low": {
        "kurt": 34.913066864,
        "max": 2.68725344199e-08,
        "mean": 1.69544833728e-09,
        "median": 8.84277817637e-10,
        "min": 1.09315346023e-22,
        "skew": 4.8684668541,
        "var": 7.73667651749e-18
    },
    "spectral_energyband_middle_high": {
        "kurt": 46.9388923645,
        "max": 0.143750801682,
        "mean": 0.00292329746298,
        "median": 1.48511077214e-07,
        "min": 1.24933807448e-21,
        "skew": 6.90988111496,
        "var": 0.000333205447532
    },
    "spectral_energyband_middle_low": {
        "kurt": 38.3725700378,
        "max": 0.000188254358363,
        "mean": 5.17304033565e-06,
        "median": 5.89354591796e-08,
        "min": 2.87429006017e-22,
        "skew": 6.09075975418,
        "var": 5.05327779621e-10
    },
    "spectral_flatness_db": {
        "kurt": -1.39251196384,
        "max": 0.545048952103,
        "mean": 0.269062429667,
        "median": 0.218875825405,
        "min": 0.0619936697185,
        "skew": 0.33873552084,
        "var": 0.019092053175
    },
    "spectral_flux": {
        "kurt": 53.0325126648,
        "max": 0.249718934298,
        "mean": 0.00636829948053,
        "median": 0.000231517318753,
        "min": 1.06275752088e-10,
        "skew": 7.04806661606,
        "var": 0.000719358795322
    },
    "spectral_kurtosis": {
        "kurt": 0.902335882187,
        "max": 65.8491134644,
        "mean": 14.1351366043,
        "median": 12.387263298,
        "min": -1.20534980297,
        "skew": 1.08940124512,
        "var": 154.088272095
    },
    "spectral_rms": {
        "kurt": 35.9537620544,
        "max": 0.0120172947645,
        "mean": 0.000439739378635,
        "median": 1.36099788506e-05,
        "min": 3.31949680417e-12,
        "skew": 5.93172264099,
        "var": 2.74852072835e-06
    },
    "spectral_rolloff": {
        "kurt": 36.4945106506,
        "max": 18906.1523438,
        "mean": 3839.78515625,
        "median": 3746.77734375,
        "min": 839.794921875,
        "skew": 3.62406754494,
        "var": 2510898.75
    },
    "spectral_skewness": {
        "kurt": 1.90902423859,
        "max": 6.04907751083,
        "mean": 1.74349761009,
        "median": 1.47152256966,
        "min": -0.831990420818,
        "skew": 0.56125074625,
        "var": 1.06346642971
    },
    "spectral_spread": {
        "kurt": 18.9566383362,
        "max": 40745052,
        "mean": 4534364,
        "median": 2459841.25,
        "min": 867579.3125,
        "skew": 2.98737120628,
        "var": 1.96230470697e+13
    },
    "spectral_strongpeak": {
        "kurt": 42.258895874,
        "max": 47.7415046692,
        "mean": 1.50951838493,
        "median": 0.0208450313658,
        "min": 6.73342992474e-10,
        "skew": 6.49106264114,
        "var": 41.4345054626
    },
    "zerocrossingrate": {
        "kurt": 9.1007566452,
        "max": 0.5029296875,
        "mean": 0.146816775203,
        "median": 0.15380859375,
        "min": 0.0380859375,
        "skew": 1.32341110706,
        "var": 0.0031838179566
    },
    "barkbands": {
        "kurt": [98.4926681519, 94.3251495361, 22.1068935394, 6.90276813507, 87.2029571533, 39.1731414795, 53.4545173645, 130.043701172, 24.6849060059, 64.6044845581, 68.6701126099, 35.0567016602, 38.6409797668, 48.2507286072, 48.9258918762, 35.1275978088, 26.2710609436, 61.3036804199, 37.1295585632, 47.1653518677, 50.1176338196, 42.5538444519, 47.047618866, 43.0163421631, 45.6695365906, 50.3956985474, 145.535263062],
        "max": [2.51544984842e-09, 4.24421342515e-09, 1.15395115685e-08, 1.94880396265e-08, 1.88381795851e-06, 0.000181388633791, 4.66241635877e-06, 1.00523038782e-06, 3.83297265216e-06, 8.50784147133e-07, 1.9618096303e-06, 3.50123514181e-06, 2.13507405533e-06, 2.88814098894e-05, 0.0010931083234, 5.6668115576e-05, 5.03452429257e-05, 0.0142395598814, 0.00952156353742, 0.122701816261, 0.000632742536254, 3.89054839616e-05, 8.91522267921e-06, 3.0803091704e-06, 3.13259988616e-06, 1.350687171e-07, 1.29825394879e-08],
        "mean": [2.85932805211e-11, 8.44965139524e-11, 8.78485839628e-10, 2.10278527923e-09, 3.88371645954e-08, 4.82769200971e-06, 1.11521927693e-07, 1.54903485594e-08, 1.58475913281e-07, 2.39173605365e-08, 5.04148438552e-08, 1.24446998484e-07, 5.9703381794e-08, 6.72063947604e-07, 2.16655862459e-05, 1.59046021508e-06, 1.63064635217e-06, 0.000231057856581, 0.000281558459392, 0.00245912116952, 1.16396913654e-05, 7.78570495186e-07, 1.85336091363e-07, 6.40702069177e-08, 6.48862155117e-08, 2.54026533142e-09, 1.14233136839e-10],
        "median": [3.26837623806e-14, 2.19038797517e-11, 4.06820077625e-10, 9.86825510196e-10, 7.58044471638e-09, 1.93069755738e-08, 4.53384307875e-09, 1.81749670869e-09, 8.42512637433e-09, 5.80848924514e-09, 1.85537967212e-08, 1.92220142026e-08, 1.77419678948e-09, 2.53575205278e-09, 1.43039597944e-08, 1.91923610338e-09, 1.11065190378e-09, 1.66526898937e-08, 2.65719855008e-08, 1.14281668573e-08, 2.72663891465e-10, 3.92724741616e-11, 5.37228117894e-12, 1.51853486383e-12, 9.0115870495e-13, 1.28577731144e-13, 1.10774045576e-14],
        "min": [1.28229340144e-23, 5.06404430278e-23, 4.01594698025e-23, 2.16851693953e-23, 7.00114116493e-23, 2.22681407597e-23, 1.7630239749e-23, 7.35499277034e-24, 1.29951076401e-22, 6.4409615698e-23, 2.04630503037e-23, 5.62237512349e-23, 1.31657527689e-22, 5.91091835451e-23, 6.62041227961e-23, 1.18563320187e-22, 2.46311934806e-22, 1.29087759648e-22, 2.19201928315e-22, 2.9124739572e-22, 5.06165619994e-22, 5.44243847536e-22, 6.51189303939e-22, 1.08474205728e-21, 1.27494795783e-21, 1.89659206059e-21, 2.44706359263e-21],
        "skew": [9.95995998383, 9.58094024658, 3.65430951118, 2.28981161118, 8.64868068695, 6.16618919373, 6.99699401855, 10.6618356705, 4.62349510193, 7.60559892654, 7.71691417694, 5.83595991135, 6.08303499222, 6.86068439484, 6.92193984985, 5.8076915741, 5.06407165527, 7.62680578232, 6.04753017426, 6.9569644928, 7.08955717087, 6.4682393074, 6.85766839981, 6.55003976822, 6.80441474915, 7.02621507645, 11.6305303574],
        "var": [5.85505902546e-20, 1.47897592928e-19, 1.69300193345e-18, 8.74136843514e-18, 2.57593053062e-14, 4.64832589087e-10, 2.42234428046e-13, 5.85492043032e-15, 2.1678440835e-13, 7.68175026898e-15, 3.24479755131e-14, 2.24005885997e-13, 6.97544032626e-14, 1.12359470686e-11, 1.53859094354e-08, 5.24410549707e-11, 4.36733704756e-11, 2.05465084946e-06, 1.70624730345e-06, 0.000257231440628, 5.46893730302e-09, 2.07126312629e-11, 1.21028057368e-12, 1.35288129441e-13, 1.58488443181e-13, 2.41077064673e-16, 9.39442876952e-19],
        "cov": [[5.8826771644e-20, 9.21684123456e-20, 7.50720301879e-20, 1.30752529899e-19, 2.43786785937e-17, 3.29814512628e-15, 6.16221432211e-17, 4.20021883693e-18, 5.01863745613e-17, 6.01132706581e-18, 6.36013465446e-18, 6.42217005711e-17, 3.15529831368e-17, 5.94872668225e-16, 2.39314132882e-14, 1.24638462969e-15, 8.62895862653e-16, 2.59394556616e-13, 2.31789549577e-13, 2.9898605293e-12, 1.39727325779e-14, 8.40051013489e-16, 2.05023874897e-16, 6.98405598012e-17, 7.27530759729e-17, 2.49888471318e-18, 2.35443164249e-20], [9.21684123456e-20, 1.48595229302e-19, 1.50754558442e-19, 2.65288402974e-19, 4.21036255278e-17, 5.50461004971e-15, 1.05668511605e-16, 7.23840111446e-18, 8.26342777854e-17, 1.13415163921e-17, 1.43455055047e-17, 1.10775511472e-16, 5.35019328321e-17, 9.62947182625e-16, 3.82729736575e-14, 1.9825269881e-15, 1.46774292617e-15, 4.11297731984e-13, 3.80257674307e-13, 4.74035177431e-12, 2.2108657678e-14, 1.32875773678e-15, 3.27334903085e-16, 1.11650602386e-16, 1.16188303468e-16, 4.07192146956e-18, 4.79543032103e-20], [7.50720301879e-20, 1.50754558442e-19, 1.70098774187e-18, 2.58205958493e-18, 5.14182086208e-17, 1.08879122759e-14, 2.38758788436e-16, 2.72348124805e-17, 2.18764284548e-16, 3.56204552019e-17, 8.46607445547e-17, 2.02117837204e-16, 1.27701559099e-16, 1.42240802876e-15, 4.82698597889e-14, 3.6610580866e-15, 4.52258376758e-15, 6.33806700699e-13, 6.31463089283e-13, 5.58764059327e-12, 2.84406761922e-14, 2.08398184167e-15, 4.58471617536e-16, 1.60974985266e-16, 1.56074158512e-16, 5.75245344848e-18, 2.62147313845e-19], [1.30752529899e-19, 2.65288402974e-19, 2.58205958493e-18, 8.78260090713e-18, 1.36031691384e-16, 1.9201742247e-14, 3.57292155558e-16, 5.4012280109e-17, 4.69593848348e-16, 5.63241572768e-17, 1.63456474164e-16, 3.88978149337e-16, 2.81452054774e-16, 3.04420528397e-15, 8.26621757155e-14, 6.92222895419e-15, 8.1775389818e-15, 9.69933985559e-13, 1.13796645718e-12, 1.12377268949e-11, 5.37171490015e-14, 3.64255634593e-15, 8.61667294303e-16, 2.87335916203e-16, 3.11302263459e-16, 1.25291252401e-17, 5.30855048827e-19], [2.43786785937e-17, 4.21036255278e-17, 5.14182086208e-17, 1.36031691384e-16, 2.58808121825e-14, 1.86672986097e-12, 3.66573430139e-14, 6.64112074185e-15, 4.61086891053e-14, 7.92662834106e-15, 1.37812853441e-14, 5.46967121118e-14, 3.09928338961e-14, 3.68583798465e-13, 1.19467101142e-11, 7.7878448048e-13, 7.23641199046e-13, 1.05193236066e-10, 1.37588260229e-10, 1.69952962814e-09, 7.2683426118e-12, 4.30691994655e-13, 1.12479985178e-13, 3.84994601032e-14, 4.29810402764e-14, 1.91356855356e-15, 4.14625208484e-17], [3.29814512628e-15, 5.50461004971e-15, 1.08879122759e-14, 1.9201742247e-14, 1.86672986097e-12, 4.67025196293e-10, 9.59370083375e-12, 7.15722186378e-13, 6.58988055097e-12, 1.08508991722e-12, 2.52394351079e-12, 9.10786550345e-12, 4.44864804716e-12, 6.34570868074e-11, 2.3719157749e-09, 1.26384680499e-10, 1.08174406932e-10, 2.79441518813e-08, 2.5665029213e-08, 2.79302298622e-07, 1.35590161321e-09, 8.39063471481e-11, 2.08064780682e-11, 6.90739696343e-12, 7.23974179218e-12, 2.52682532016e-13, 1.43078535402e-14], [6.16221432211e-17, 1.05668511605e-16, 2.38758788436e-16, 3.57292155558e-16, 3.66573430139e-14, 9.59370083375e-12, 2.43377068715e-13, 1.84520875955e-14, 1.4319052671e-13, 3.22845964101e-14, 5.08151599141e-14, 2.09263297879e-13, 1.00229381544e-13, 1.27908751299e-12, 5.13724757178e-11, 2.80751702268e-12, 2.56348956819e-12, 6.17749129628e-10, 5.94381321939e-10, 5.85383430618e-09, 2.82522304162e-11, 1.88908155611e-12, 4.40786730033e-13, 1.50597253851e-13, 1.52997433516e-13, 5.47282302078e-15, 3.46387903381e-16], [4.20021883693e-18, 7.23840111446e-18, 2.72348124805e-17, 5.4012280109e-17, 6.64112074185e-15, 7.15722186378e-13, 1.84520875955e-14, 5.88253793956e-15, 2.67919739942e-14, 5.71459036436e-15, 7.92840626322e-15, 2.49367516111e-14, 1.55639170036e-14, 1.43651258423e-13, 5.00377690671e-12, 4.23659208843e-13, 4.01286453068e-13, 5.24053127282e-11, 5.60537102845e-11, 7.4822825713e-10, 3.2418286805e-12, 2.14628106412e-13, 4.94918843863e-14, 1.79711321237e-14, 1.89201834131e-14, 8.84993522879e-16, 3.62950474612e-17], [5.01863745613e-17, 8.26342777854e-17, 2.18764284548e-16, 4.69593848348e-16, 4.61086891053e-14, 6.58988055097e-12, 1.4319052671e-13, 2.67919739942e-14, 2.17806973629e-13, 2.93915147212e-14, 4.39591566544e-14, 1.60955165754e-13, 9.40651704207e-14, 1.10577627783e-12, 3.92599772137e-11, 2.72071969988e-12, 2.39313256711e-12, 4.19527468321e-10, 4.35630531648e-10, 5.32200905567e-09, 2.42181257687e-11, 1.52267163721e-12, 3.67520358764e-13, 1.24978884663e-13, 1.34480276849e-13, 5.43739290314e-15, 2.37521167421e-16], [6.01132706581e-18, 1.13415163921e-17, 3.56204552019e-17, 5.63241572768e-17, 7.92662834106e-15, 1.08508991722e-12, 3.22845964101e-14, 5.71459036436e-15, 2.93915147212e-14, 7.71798549143e-15, 1.01215973333e-14, 3.33575770901e-14, 1.81163000183e-14, 1.6684720825e-13, 6.43118804738e-12, 4.71315965856e-13, 4.92759099583e-13, 7.15571282783e-11, 8.07846151085e-11, 8.26453128155e-10, 3.6800115906e-12, 2.6360885046e-13, 5.84752176693e-14, 2.15701564818e-14, 2.15285586938e-14, 9.6558632553e-16, 4.58120217977e-17], [6.36013465446e-18, 1.43455055047e-17, 8.46607445547e-17, 1.63456474164e-16, 1.37812853441e-14, 2.52394351079e-12, 5.08151599141e-14, 7.92840626322e-15, 4.39591566544e-14, 1.01215973333e-14, 3.26010309785e-14, 5.69082270457e-14, 3.01029444698e-14, 2.46612219578e-13, 8.0942266778e-12, 7.15210334533e-13, 7.47944295474e-13, 9.68829183545e-11, 1.15911197307e-10, 9.11485720234e-10, 4.46671259008e-12, 3.37755593893e-13, 7.70501148778e-14, 2.87410713447e-14, 2.71638316224e-14, 1.20747701829e-15, 6.21379002592e-17], [6.42217005711e-17, 1.10775511472e-16, 2.02117837204e-16, 3.88978149337e-16, 5.46967121118e-14, 9.10786550345e-12, 2.09263297879e-13, 2.49367516111e-14, 1.60955165754e-13, 3.33575770901e-14, 5.69082270457e-14, 2.2506252233e-13, 1.14478142677e-13, 1.41256266666e-12, 5.11111430956e-11, 3.00858123137e-12, 2.75159972932e-12, 5.68037228366e-10, 5.78233128046e-10, 6.45041264846e-09, 2.97698567187e-11, 1.86872782873e-12, 4.60516499066e-13, 1.56010173855e-13, 1.66148426397e-13, 6.54089768595e-15, 3.38064587065e-16], [3.15529831368e-17, 5.35019328321e-17, 1.27701559099e-16, 2.81452054774e-16, 3.09928338961e-14, 4.44864804716e-12, 1.00229381544e-13, 1.55639170036e-14, 9.40651704207e-14, 1.81163000183e-14, 3.01029444698e-14, 1.14478142677e-13, 7.00834315169e-14, 7.78007703834e-13, 2.60905446553e-11, 1.71326527184e-12, 1.57213369927e-12, 2.78646133944e-10, 2.92684987357e-10, 3.5921914332e-09, 1.61152792499e-11, 1.04180759072e-12, 2.47926706292e-13, 8.41759184599e-14, 9.27167481788e-14, 3.86017393316e-15, 1.88319736667e-16], [5.94872668225e-16, 9.62947182625e-16, 1.42240802876e-15, 3.04420528397e-15, 3.68583798465e-13, 6.34570868074e-11, 1.27908751299e-12, 1.43651258423e-13, 1.10577627783e-12, 1.6684720825e-13, 2.46612219578e-13, 1.41256266666e-12, 7.78007703834e-13, 1.12889463402e-11, 3.98974631111e-10, 2.1472266673e-11, 1.77631312437e-11, 4.38115055346e-09, 4.01999145083e-09, 5.25942454033e-08, 2.42799197414e-10, 1.43482586923e-11, 3.6302087638e-12, 1.1895504113e-12, 1.3162514698e-12, 4.92702463572e-14, 2.33765952728e-15], [2.39314132882e-14, 3.82729736575e-14, 4.82698597889e-14, 8.26621757155e-14, 1.19467101142e-11, 2.3719157749e-09, 5.13724757178e-11, 5.00377690671e-12, 3.92599772137e-11, 6.43118804738e-12, 8.0942266778e-12, 5.11111430956e-11, 2.60905446553e-11, 3.98974631111e-10, 1.54584842704e-08, 8.07577116291e-10, 6.39677311121e-10, 1.73898087041e-07, 1.54969185928e-07, 1.93585856323e-06, 9.06877861695e-09, 5.4770593616e-10, 1.35305891491e-10, 4.50498700844e-11, 4.81450712631e-11, 1.72446150241e-12, 7.99190561277e-14], [1.24638462969e-15, 1.9825269881e-15, 3.6610580866e-15, 6.92222895419e-15, 7.7878448048e-13, 1.26384680499e-10, 2.80751702268e-12, 4.23659208843e-13, 2.72071969988e-12, 4.71315965856e-13, 7.15210334533e-13, 3.00858123137e-12, 1.71326527184e-12, 2.1472266673e-11, 8.07577116291e-10, 5.26884195995e-11, 4.35337044191e-11, 9.01604391146e-09, 8.70081962034e-09, 1.05903623648e-07, 4.87762386037e-10, 3.1512733395e-11, 7.36584924999e-12, 2.54309377376e-12, 2.67894560702e-12, 1.0341285662e-13, 4.04084860191e-15], [8.62895862653e-16, 1.46774292617e-15, 4.52258376758e-15, 8.1775389818e-15, 7.23641199046e-13, 1.08174406932e-10, 2.56348956819e-12, 4.01286453068e-13, 2.39313256711e-12, 4.92759099583e-13, 7.47944295474e-13, 2.75159972932e-12, 1.57213369927e-12, 1.77631312437e-11, 6.39677311121e-10, 4.35337044191e-11, 4.38793792967e-11, 7.14379044808e-09, 7.52858397846e-09, 8.3948229701e-08, 3.83322096287e-10, 2.53804286615e-11, 5.93392739459e-12, 2.06805471185e-12, 2.16819921392e-12, 8.85424004081e-14, 3.84983801362e-15], [2.59394556616e-13, 4.11297731984e-13, 6.33806700699e-13, 9.69933985559e-13, 1.05193236066e-10, 2.79441518813e-08, 6.17749129628e-10, 5.24053127282e-11, 4.19527468321e-10, 7.15571282783e-11, 9.68829183545e-11, 5.68037228366e-10, 2.78646133944e-10, 4.38115055346e-09, 1.73898087041e-07, 9.01604391146e-09, 7.14379044808e-09, 2.06434265237e-06, 1.75884429154e-06, 2.11526567e-05, 1.01386831375e-07, 6.23404661226e-09, 1.51557666417e-09, 5.05643915627e-10, 5.29503441093e-10, 1.81484185319e-11, 9.3484074648e-13], [2.31789549577e-13, 3.80257674307e-13, 6.31463089283e-13, 1.13796645718e-12, 1.37588260229e-10, 2.5665029213e-08, 5.94381321939e-10, 5.60537102845e-11, 4.35630531648e-10, 8.07846151085e-11, 1.15911197307e-10, 5.78233128046e-10, 2.92684987357e-10, 4.01999145083e-09, 1.54969185928e-07, 8.70081962034e-09, 7.52858397846e-09, 1.75884429154e-06, 1.71429564944e-06, 1.90867995116e-05, 8.93988385542e-08, 5.66015057046e-09, 1.36456657085e-09, 4.60476962116e-10, 4.85655460292e-10, 1.78173552301e-11, 8.55457089714e-13], [2.9898605293e-12, 4.74035177431e-12, 5.58764059327e-12, 1.12377268949e-11, 1.69952962814e-09, 2.79302298622e-07, 5.85383430618e-09, 7.4822825713e-10, 5.32200905567e-09, 8.26453128155e-10, 9.11485720234e-10, 6.45041264846e-09, 3.5921914332e-09, 5.25942454033e-08, 1.93585856323e-06, 1.05903623648e-07, 8.3948229701e-08, 2.11526567e-05, 1.90867995116e-05, 0.000258444808424, 1.18392790682e-06, 7.05887117647e-08, 1.75439236472e-08, 5.80892933755e-09, 6.38936148434e-09, 2.39786329681e-10, 1.04891286629e-11], [1.39727325779e-14, 2.2108657678e-14, 2.84406761922e-14, 5.37171490015e-14, 7.2683426118e-12, 1.35590161321e-09, 2.82522304162e-11, 3.2418286805e-12, 2.42181257687e-11, 3.6800115906e-12, 4.46671259008e-12, 2.97698567187e-11, 1.61152792499e-11, 2.42799197414e-10, 9.06877861695e-09, 4.87762386037e-10, 3.83322096287e-10, 1.01386831375e-07, 8.93988385542e-08, 1.18392790682e-06, 5.49473444522e-09, 3.28326477117e-10, 8.14861234044e-11, 2.69523466045e-11, 2.93469311352e-11, 1.07279658247e-12, 4.87531259666e-14], [8.40051013489e-16, 1.32875773678e-15, 2.08398184167e-15, 3.64255634593e-15, 4.30691994655e-13, 8.39063471481e-11, 1.88908155611e-12, 2.14628106412e-13, 1.52267163721e-12, 2.6360885046e-13, 3.37755593893e-13, 1.86872782873e-12, 1.04180759072e-12, 1.43482586923e-11, 5.4770593616e-10, 3.1512733395e-11, 2.53804286615e-11, 6.23404661226e-09, 5.66015057046e-09, 7.05887117647e-08, 3.28326477117e-10, 2.08103326238e-11, 4.9188817082e-12, 1.66238398915e-12, 1.77196430272e-12, 6.53137415571e-14, 2.93009321708e-15], [2.05023874897e-16, 3.27334903085e-16, 4.58471617536e-16, 8.61667294303e-16, 1.12479985178e-13, 2.08064780682e-11, 4.40786730033e-13, 4.94918843863e-14, 3.67520358764e-13, 5.84752176693e-14, 7.70501148778e-14, 4.60516499066e-13, 2.47926706292e-13, 3.6302087638e-12, 1.35305891491e-10, 7.36584924999e-12, 5.93392739459e-12, 1.51557666417e-09, 1.36456657085e-09, 1.75439236472e-08, 8.14861234044e-11, 4.9188817082e-12, 1.21598944022e-12, 4.03437428863e-13, 4.37588604674e-13, 1.60943205648e-14, 7.45660573522e-16], [6.98405598012e-17, 1.11650602386e-16, 1.60974985266e-16, 2.87335916203e-16, 3.84994601032e-14, 6.90739696343e-12, 1.50597253851e-13, 1.79711321237e-14, 1.24978884663e-13, 2.15701564818e-14, 2.87410713447e-14, 1.56010173855e-13, 8.41759184599e-14, 1.1895504113e-12, 4.50498700844e-11, 2.54309377376e-12, 2.06805471185e-12, 5.05643915627e-10, 4.60476962116e-10, 5.80892933755e-09, 2.69523466045e-11, 1.66238398915e-12, 4.03437428863e-13, 1.35926290839e-13, 1.45216250049e-13, 5.39965250315e-15, 2.33980622641e-16], [7.27530759729e-17, 1.16188303468e-16, 1.56074158512e-16, 3.11302263459e-16, 4.29810402764e-14, 7.23974179218e-12, 1.52997433516e-13, 1.89201834131e-14, 1.34480276849e-13, 2.15285586938e-14, 2.71638316224e-14, 1.66148426397e-13, 9.27167481788e-14, 1.3162514698e-12, 4.81450712631e-11, 2.67894560702e-12, 2.16819921392e-12, 5.29503441093e-10, 4.85655460292e-10, 6.38936148434e-09, 2.93469311352e-11, 1.77196430272e-12, 4.37588604674e-13, 1.45216250049e-13, 1.59236027684e-13, 5.99549063011e-15, 2.70652940562e-16], [2.49888471318e-18, 4.07192146956e-18, 5.75245344848e-18, 1.25291252401e-17, 1.91356855356e-15, 2.52682532016e-13, 5.47282302078e-15, 8.84993522879e-16, 5.43739290314e-15, 9.6558632553e-16, 1.20747701829e-15, 6.54089768595e-15, 3.86017393316e-15, 4.92702463572e-14, 1.72446150241e-12, 1.0341285662e-13, 8.85424004081e-14, 1.81484185319e-11, 1.78173552301e-11, 2.39786329681e-10, 1.07279658247e-12, 6.53137415571e-14, 1.60943205648e-14, 5.39965250315e-15, 5.99549063011e-15, 2.42214232874e-16, 1.03088980298e-17], [2.35443164249e-20, 4.79543032103e-20, 2.62147313845e-19, 5.30855048827e-19, 4.14625208484e-17, 1.43078535402e-14, 3.46387903381e-16, 3.62950474612e-17, 2.37521167421e-16, 4.58120217977e-17, 6.21379002592e-17, 3.38064587065e-16, 1.88319736667e-16, 2.33765952728e-15, 7.99190561277e-14, 4.04084860191e-15, 3.84983801362e-15, 9.3484074648e-13, 8.55457089714e-13, 1.04891286629e-11, 4.87531259666e-14, 2.93009321708e-15, 7.45660573522e-16, 2.33980622641e-16, 2.70652940562e-16, 1.03088980298e-17, 9.43874290288e-19]]
    },
    "mfcc": {
        "kurt": [3.41372823715, 17.6995563507, -0.148608207703, -0.100727796555, 4.80177545547, -1.03820765018, 1.32425117493, 2.21398019791, -1.17187428474, -0.0640532970428, 0.756396770477, -1.14940202236, 1.86903333664],
        "max": [-772.898864746, 21.012462616, 9.88629150391, 87.6114044189, 18.3016662598, 3.62175750732, 27.9245834351, 9.16163063049, 1.46794128418, 26.4388542175, 16.2473106384, 1.69747924805, 23.8826904297],
        "mean": [-1082.67041016, 3.97467303276, -28.0059165955, 18.9719257355, -2.77612400055, -20.5304641724, 3.1670460701, -8.04225921631, -17.269153595, 3.2285592556, -0.938358962536, -11.811841011, 2.91841268539],
        "median": [-1123.41894531, 4.14344406128, -0.58122253418, 0.137744903564, -6.103515625e-05, -4.49880218506, 0.690357208252, -5.34057617188e-05, -9.4849395752, -2.28881835938e-05, -2.67028808594e-05, -5.22088623047, 0.96622467041],
        "min": [-1138.42004395, -59.5526771545, -137.335510254, -8.71024703979, -38.3728179932, -78.900604248, -14.6581134796, -62.3383560181, -61.0135269165, -14.0430603027, -16.8126869202, -41.9068527222, -10.6952476501],
        "skew": [1.89985644817, -3.50036716461, -1.13767778873, 1.1263923645, -1.73432075977, -0.750927329063, 0.806549549103, -1.73859608173, -0.583695948124, 0.819022119045, 0.145043358207, -0.587916851044, 1.0085580349],
        "var": [6702.70556641, 105.299491882, 1643.7557373, 734.981506348, 66.1898727417, 631.438720703, 43.6455307007, 215.655197144, 344.391937256, 78.386756897, 30.1299781799, 165.029129028, 21.8860626221],
        "cov": [[6734.32177734, -324.330566406, -3195.23608398, 2103.81298828, -413.028411865, -1782.83532715, -19.8841876984, -1106.55419922, -1262.00915527, 442.043273926, -55.5700531006, -801.233764648, 144.19644165], [-324.330566406, 105.796180725, 91.3839645386, -61.1711006165, 39.6700553894, 7.7166056633, 16.4667263031, 40.7805099487, 2.78421974182, -5.9860625267, 0.918144524097, 1.90303993225, -0.302660524845], [-3195.23608398, 91.3839645386, 1651.50927734, -1076.87011719, 146.763458252, 965.056396484, -32.1914367676, 533.851135254, 677.013366699, -269.408050537, 0.414017826319, 436.058532715, -71.3401641846], [2103.81298828, -61.1711006165, -1076.87011719, 738.448425293, -108.318885803, -657.052429199, 25.7630157471, -343.827911377, -456.237518311, 170.624038696, -1.27535736561, -296.503967285, 50.6168289185], [-413.028411865, 39.6700553894, 146.763458252, -108.318885803, 66.5020904541, 75.0928726196, 9.60156822205, 58.9272499084, 38.3433761597, -4.85774278641, 17.2232246399, 25.7872982025, -7.06593990326], [-1782.83532715, 7.7166056633, 965.056396484, -657.052429199, 75.0928726196, 634.417236328, -47.2164421082, 284.121765137, 441.752593994, -171.60774231, -14.164056778, 293.743835449, -52.2594680786], [-19.8841876984, 16.4667263031, -32.1914367676, 25.7630157471, 9.60156822205, -47.2164421082, 43.8514060974, 13.4429101944, -41.3521842957, 21.4920063019, 11.500825882, -32.591594696, 1.39531087875], [-1106.55419922, 40.7805099487, 533.851135254, -343.827911377, 58.9272499084, 284.121765137, 13.4429101944, 216.672439575, 209.360626221, -81.7755508423, 14.4488258362, 121.273597717, -24.2725753784], [-1262.00915527, 2.78421974182, 677.013366699, -456.237518311, 38.3433761597, 441.752593994, -41.3521842957, 209.360626221, 346.016448975, -118.188842773, -18.9568901062, 217.577148438, -42.0334854126], [442.043273926, -5.9860625267, -269.408050537, 170.624038696, -4.85774278641, -171.60774231, 21.4920063019, -81.7755508423, -118.188842773, 78.7565078735, 14.8783168793, -89.6194000244, 9.66139888763], [-55.5700531006, 0.918144524097, 0.414017826319, -1.27535736561, 17.2232246399, -14.164056778, 11.500825882, 14.4488258362, -18.9568901062, 14.8783168793, 30.272102356, -12.2792367935, -4.46841907501], [-801.233764648, 1.90303993225, 436.058532715, -296.503967285, 25.7872982025, 293.743835449, -32.591594696, 121.273597717, 217.577148438, -89.6194000244, -12.2792367935, 165.807556152, -23.4524059296], [144.19644165, -0.302660524845, -71.3401641846, 50.6168289185, -7.06593990326, -52.2594680786, 1.39531087875, -24.2725753784, -42.0334854126, 9.66139888763, -4.46841907501, -23.4524059296, 21.9892997742]]
    },
    "sccoeffs": {
        "kurt": [-1.02564907074, -0.795373439789, -0.97030544281, -0.446296453476, -0.80491065979, -0.825987577438],
        "max": [-0.594748079777, -0.533953249454, -0.73349994421, -0.522117674351, -0.380355924368, -0.664694964886],
        "mean": [-0.780137777328, -0.835188269615, -0.874115407467, -0.837239325047, -0.792286038399, -0.850215613842],
        "median": [-0.751414000988, -0.866297543049, -0.86851722002, -0.862994372845, -0.791618704796, -0.849526941776],
        "min": [-0.985778152943, -0.982002973557, -0.976310431957, -0.963730096817, -0.956352829933, -0.962134480476],
        "skew": [-0.286019563675, 0.597453951836, 0.125729545951, 0.641210079193, 0.381412893534, 0.421808809042],
        "var": [0.00775601901114, 0.0119680510834, 0.00402120035142, 0.0108856391162, 0.0188832618296, 0.00515448302031],
        "cov": [[0.00779260369018, 0.0064564216882, 0.00437670899555, 0.00597017677501, 0.00834543351084, 0.00476830871776], [0.0064564216882, 0.0120245041326, 0.00598404183984, 0.0107601284981, 0.0140627603978, 0.00721835205331], [0.00437670899555, 0.00598404183984, 0.00404016859829, 0.00576885370538, 0.00769149605185, 0.00404397305101], [0.00597017677501, 0.0107601284981, 0.00576885370538, 0.010936986655, 0.0137344347313, 0.00688529852778], [0.00834543351084, 0.0140627603978, 0.00769149605185, 0.0137344347313, 0.0189723335207, 0.00891672074795], [0.00476830871776, 0.00721835205331, 0.00404397305101, 0.00688529852778, 0.00891672074795, 0.0051787965931]]
    },
    "scvalleys": {
        "kurt": [-1.26573181152, -1.26054978371, -1.24632036686, -1.21312022209, -1.19900524616, -0.850234031677],
        "max": [-10.3287220001, -8.58225345612, -8.76504421234, -8.81703186035, -6.66299057007, -9.91541671753],
        "mean": [-16.3968086243, -14.3627023697, -14.3640060425, -14.8697481155, -14.6293001175, -17.7176399231],
        "median": [-13.5357103348, -11.3612709045, -11.2343559265, -12.2614707947, -13.0043802261, -16.4273605347],
        "min": [-27.5096740723, -27.0607757568, -27.2572498322, -27.379743576, -27.3802547455, -27.1448993683],
        "skew": [-0.766034126282, -0.757391393185, -0.783300697803, -0.730021059513, -0.459504306316, -0.22592151165],
        "var": [21.9200019836, 25.3198852539, 25.0324783325, 22.1560592651, 22.3397960663, 12.5881185532],
        "cov": [[22.0233974457, 23.4889698029, 23.3822689056, 21.8874149323, 21.1692485809, 15.557434082], [23.4889698029, 25.4393196106, 25.2053031921, 23.6917915344, 23.0748691559, 16.9889717102], [23.3822689056, 25.2053031921, 25.1505565643, 23.5418453217, 22.8558101654, 16.7694835663], [21.8874149323, 23.6917915344, 23.5418453217, 22.2605686188, 21.8915710449, 16.1048049927], [21.1692485809, 23.0748691559, 22.8558101654, 21.8915710449, 22.4451713562, 16.5007228851], [15.557434082, 16.9889717102, 16.7694835663, 16.1048049927, 16.5007228851, 12.6474962234]]
    }
},
"rhythm": {
    "beats_loudness": {
        "kurt": 3.14279794693,
        "max": 0.143238186836,
        "mean": 0.0179538466036,
        "median": 3.56372129318e-06,
        "min": 6.10201423471e-16,
        "skew": 2.26776337624,
        "var": 0.00224232114851
    },
    "bpm": 107.666007996,
    "confidence": 0,
    "first_peak_bpm": {
        "kurt": 0,
        "max": 108,
        "mean": 108,
        "median": 108,
        "min": 108,
        "skew": 0,
        "var": 0
    },
    "first_peak_spread": {
        "kurt": 0,
        "max": 0,
        "mean": 0,
        "median": 0,
        "min": 0,
        "skew": 0,
        "var": 0
    },
    "first_peak_weight": {
        "kurt": 0,
        "max": 1,
        "mean": 1,
        "median": 1,
        "min": 1,
        "skew": 0,
        "var": 0
    },
    "onset_rate": 0.203805282712,
    "second_peak_bpm": {
        "kurt": 0,
        "max": 0,
        "mean": 0,
        "median": 0,
        "min": 0,
        "skew": 0,
        "var": 0
    },
    "second_peak_spread": {
        "kurt": 0,
        "max": 0,
        "mean": 0,
        "median": 0,
        "min": 0,
        "skew": 0,
        "var": 0
    },
    "second_peak_weight": {
        "kurt": 0,
        "max": 0,
        "mean": 0,
        "median": 0,
        "min": 0,
        "skew": 0,
        "var": 0
    },
    "beats_loudness_band_ratio": {
        "kurt": [1.74486446381, -0.441610336304, 0.687419176102, 2.08561944962, -0.299208164215, -1.74787759781],
        "max": [0.115725599229, 0.191654548049, 0.11762458086, 0.529037714005, 0.284642487764, 0.959929168224],
        "mean": [0.0198736935854, 0.0454819053411, 0.0237636603415, 0.0887037962675, 0.0963225513697, 0.486166000366],
        "median": [7.73698629928e-05, 0.00360283907503, 0.00208575557917, 0.00367241934873, 0.0833032280207, 0.537508130074],
        "min": [0, 0, 0, 0, 0, 0],
        "skew": [1.81757116318, 1.20700585842, 1.51260411739, 1.91941547394, 0.893113911152, -0.10383015126],
        "var": [0.00150135252625, 0.00544607127085, 0.00166137004271, 0.0305463392287, 0.00840429775417, 0.160833522677],
        "cov": [[0.00171583145857, 0.00264103873633, 0.00178338191472, 0.00772858317941, 0.000344629923347, -0.00776824587956], [0.00264103873633, 0.00622408138588, 0.00305145722814, 0.0114456089213, 0.00259683979675, -0.0116068515927], [0.00178338191472, 0.00305145722814, 0.00189870863687, 0.00797066278756, 0.000673226721119, -0.0077653946355], [0.00772858317941, 0.0114456089213, 0.00797066278756, 0.0349101014435, 0.00126552954316, -0.0345579944551], [0.000344629923347, 0.00259683979675, 0.000673226721119, 0.00126552954316, 0.00960491131991, 0.0133835887536], [-0.00776824587956, -0.0116068515927, -0.0077653946355, -0.0345579944551, 0.0133835887536, 0.183809742332]]
    },
    "beats_position": [0.53405892849, 1.09133780003, 1.64861679077, 2.20589566231, 2.76317453384, 3.32045340538, 3.87773227692, 4.43501138687],
    "bpm_estimates": [107.666023254, 107.666000366, 107.666023254, 107.666023254, 107.666023254, 107.666023254, 107.665977478],
    "bpm_intervals": [0.557278871536, 0.557278990746, 0.557278871536, 0.557278871536, 0.557278871536, 0.557278871536, 0.557279109955],
    "onset_times": [1.09133791924],
    "histogram": [[0, 0, 0, 0, 0, 0, 0, 0, 0, 0, 0, 0, 0, 0, 0, 0, 0, 0, 0, 0, 0, 0, 0, 0, 0, 0, 0, 0, 0, 0, 0, 0, 0, 0, 0, 0, 0, 0, 0, 0, 0, 0, 0, 0, 0, 0, 0, 0, 0, 0, 0, 0, 0, 0, 0, 0, 0, 0, 0, 0, 0, 0, 0, 0, 0, 0, 0, 0, 0, 0, 0, 0, 0, 0, 0, 0, 0, 0, 0, 0, 0, 0, 0, 0, 0, 0, 0, 0, 0, 0, 0, 0, 0, 0, 0, 0, 0, 0, 0, 0, 0, 0, 0, 0, 0, 0, 0, 0, 1, 0, 0, 0, 0, 0, 0, 0, 0, 0, 0, 0, 0, 0, 0, 0, 0, 0, 0, 0, 0, 0, 0, 0, 0, 0, 0, 0, 0, 0, 0, 0, 0, 0, 0, 0, 0, 0, 0, 0, 0, 0, 0, 0, 0, 0, 0, 0, 0, 0, 0, 0, 0, 0, 0, 0, 0, 0, 0, 0, 0, 0, 0, 0, 0, 0, 0, 0, 0, 0, 0, 0, 0, 0, 0, 0, 0, 0, 0, 0, 0, 0, 0, 0, 0, 0, 0, 0, 0, 0, 0, 0, 0, 0, 0, 0, 0, 0, 0, 0, 0, 0, 0, 0, 0, 0, 0, 0, 0, 0, 0, 0, 0, 0, 0, 0, 0, 0, 0, 0, 0, 0, 0, 0, 0, 0, 0, 0, 0, 0, 0, 0, 0, 0, 0, 0, 0, 0, 0, 0, 0, 0]]
},
"sfx": {
    "inharmonicity": {
        "kurt": 0.691530942917,
        "max": 0.388188868761,
        "mean": 0.0851172208786,
        "median": 0.0572251565754,
        "min": 0,
        "skew": 1.16569411755,
        "var": 0.00931442249566
    },
    "oddtoevenharmonicenergyratio": {
        "kurt": 42.4293060303,
        "max": 23.5040416718,
        "mean": 1.14923703671,
        "median": 0.45716163516,
        "min": 0,
        "skew": 5.50608634949,
        "var": 5.36677646637
    },
    "pitch_after_max_to_before_max_energy_ratio": 5.14257335663,
    "pitch_centroid": 105.823272705,
    "pitch_max_to_total": 0.0516431927681,
    "pitch_min_to_total": 0.183098584414,
    "tristimulus": {
        "kurt": [-1.44679832458, 2.69560480118, -1.63636112213],
        "max": [1, 0.690515041351, 0.978152990341],
        "mean": [0.388408064842, 0.112026579678, 0.499565333128],
        "median": [0.131347730756, 0.0533143989742, 0.65550661087],
        "min": [0, 0, 0],
        "skew": [0.692574679852, 1.74966514111, -0.294878661633],
        "var": [0.1816303581, 0.0226527992636, 0.150149539113],
        "cov": [[0.182487115264, -0.0271943546832, -0.155292630196], [-0.0271943546832, 0.0227596517652, 0.00443469872698], [-0.155292630196, 0.00443469872698, 0.150857791305]]
    }
},
"tonal": {
    "chords_changes_rate": 0.0654205605388,
    "chords_number_rate": 0.0373831763864,
    "chords_strength": {
        "kurt": 1.87108612061,
        "max": 0.57205414772,
        "mean": 0.514189660549,
        "median": 0.531860530376,
        "min": 0.361510753632,
        "skew": -1.63560724258,
        "var": 0.00216932315379
    },
    "key_strength": 0.387542158365,
    "tuning_diatonic_strength": 0.410505324602,
    "tuning_equal_tempered_deviation": 0.140537559986,
    "tuning_frequency": 440.763122559,
    "tuning_nontempered_energy_ratio": 0.807039141655,
    "hpcp": {
        "kurt": [47.4059143066, 40.5797157288, -1.60250556469, -1.73168921471, -1.74089992046, 13.5153465271, 6.8016166687, 13.7266407013, 5.36520671844, 0.873551368713, 0.586138963699, 1.73701667786, 11.8968982697, 13.4241771698, 12.2054452896, 11.307972908, 15.3042449951, 7.71931171417, 19.971452713, 10.9393472672, 11.4010629654, 20.9513530731, 21.2753791809, 10.3949766159, 12.4690093994, 14.3209857941, 9.01532840729, 0.431802749634, 0.767627477646, 16.408946991, 46.7569503784, 8.24810886383, -0.732962846756, -1.0947548151, -1.06448054314, -0.947680473328],
        "max": [0.542071521282, 0.547969102859, 0.682959854603, 1, 0.606468081474, 0.431663632393, 0.264823377132, 0.38131198287, 0.250707954168, 0.693861603737, 1, 0.808183848858, 0.37470087409, 0.342957466841, 0.178382694721, 0.161804735661, 0.146264016628, 0.0701665952802, 0.12460552156, 0.111569441855, 0.194567903876, 0.326345771551, 0.283012956381, 0.235438376665, 0.332854449749, 0.560602128506, 0.717154979706, 1, 1, 0.49121928215, 0.42381298542, 0.117221325636, 0.221688941121, 1, 1, 0.263735294342],
        "mean": [0.0194272305816, 0.0241596922278, 0.242575511336, 0.470663011074, 0.256974250078, 0.0298258457333, 0.0238846857101, 0.0328361876309, 0.0340218581259, 0.123410828412, 0.201550453901, 0.103587336838, 0.0300704073161, 0.0251419954002, 0.0128765711561, 0.0110711315647, 0.00959780812263, 0.00637760525569, 0.00666323537007, 0.00874297041446, 0.01696190238, 0.0205083470792, 0.0170275438577, 0.0186212062836, 0.0239342711866, 0.0341274216771, 0.0864558145404, 0.234277576208, 0.204734414816, 0.045066896826, 0.0139492126182, 0.0102606341243, 0.0613047815859, 0.330037087202, 0.344365954399, 0.0776602253318],
