{
"metadata": {
    "version": {
        "essentia": "2.1-beta3"
    }
},
"lowLevel": {
    "average_loudness": 0.316060245037,
    "barkbands_kurtosis": {
        "kurt": 6.12693405151,
        "max": 232.729934692,
        "mean": 26.2509021759,
        "median": 4.85221290588,
        "min": -1.86090838909,
        "skew": 2.38549041748,
        "var": 1778.91760254
    },
    "barkbands_skewness": {
        "kurt": 0.396718502045,
        "max": 2.96116900444,
        "mean": -2.99097967148,
        "median": -1.83260393143,
        "min": -13.6766529083,
        "skew": -0.850791811943,
        "var": 11.5212869644
    },
    "barkbands_spread": {
        "kurt": 0.329683542252,
        "max": 42.1984786987,
        "mean": 11.1500425339,
        "median": 10.7733745575,
        "min": 0.315512835979,
        "skew": 1.04163980484,
        "var": 99.3955764771
    },
    "dissonance": {
        "kurt": 9.46492862701,
        "max": 0.499962955713,
        "mean": 0.484560132027,
        "median": 0.492305934429,
        "min": 0.369804173708,
        "skew": -2.75557613373,
        "var": 0.000392019195715
    },
    "hfc": {
        "kurt": 4.42565584183,
        "max": 439.361968994,
        "mean": 39.5083503723,
        "median": 8.82438471308e-05,
        "min": 1.20569925495e-16,
        "skew": 2.47031760216,
        "var": 10948.2255859
    },
    "pitch": {
        "kurt": -1.27770531178,
        "max": 4276.08398438,
        "mean": 1444.31591797,
        "median": 373.15222168,
        "min": 79.6469573975,
        "skew": 0.828187763691,
        "var": 2630926.75
    },
    "pitch_instantaneous_confidence": {
        "kurt": -1.64688265324,
        "max": 0.979176461697,
        "mean": 0.702920079231,
        "median": 0.930147528648,
        "min": 0.140240430832,
        "skew": -0.383220046759,
        "var": 0.0864899680018
    },
    "pitch_salience": {
        "kurt": -0.672540426254,
        "max": 0.911846280098,
        "mean": 0.642433404922,
        "median": 0.646686375141,
        "min": 0.230243116617,
        "skew": -0.366343796253,
        "var": 0.0229350440204
    },
    "silence_rate_20dB": {
        "kurt": 0,
        "max": 1,
        "mean": 1,
        "median": 1,
        "min": 1,
        "skew": 0,
        "var": 0
    },
    "silence_rate_30dB": {
        "kurt": 44.621055603,
        "max": 1,
        "mean": 0.979838728905,
        "median": 1,
        "min": 0,
        "skew": -6.82803964615,
        "var": 0.0197546444833
    },
    "silence_rate_60dB": {
        "kurt": 1.54557609558,
        "max": 1,
        "mean": 0.842741906643,
        "median": 1,
        "min": 0,
        "skew": -1.88296115398,
        "var": 0.13252837956
    },
    "spectral_centroid": {
        "kurt": 7.76751804352,
        "max": 11016.2275391,
        "mean": 2953.91894531,
        "median": 3316.265625,
        "min": 422.202697754,
        "skew": 0.420235127211,
        "var": 1391453.625
    },
    "spectral_complexity": {
        "kurt": 2.34330892563,
        "max": 13,
        "mean": 1.5,
        "median": 0,
        "min": 0,
        "skew": 1.88598847389,
        "var": 8.20161247253
    },
    "spectral_crest": {
        "kurt": -0.704593658447,
        "max": 26.3466625214,
        "mean": 12.0617809296,
        "median": 10.4144439697,
        "min": 3.67613267899,
        "skew": 0.715085983276,
        "var": 40.7476272583
    },
    "spectral_decrease": {
        "kurt": 4.30800008774,
        "max": -1.03767375076e-29,
        "mean": -1.91428872753e-09,
        "median": -9.92184409447e-15,
        "min": -2.08650963174e-08,
        "skew": -2.45054960251,
        "var": 2.52693966035e-17
    },
    "spectral_energy": {
        "kurt": 4.34641599655,
        "max": 0.118601061404,
        "mean": 0.0108084874228,
        "median": 4.49491501797e-08,
        "min": 1.09752157365e-20,
        "skew": 2.45709848404,
        "var": 0.000810086727142
    },
    "spectral_energyband_high": {
        "kurt": 4.9124379158,
        "max": 0.00394604401663,
        "mean": 0.000319858780131,
        "median": 4.75563824431e-11,
        "min": 8.07463664054e-21,
        "skew": 2.54934430122,
        "var": 7.7148405353e-07
    },
    "spectral_energyband_low": {
        "kurt": 7.71696949005,
        "max": 9.21575704638e-09,
        "mean": 8.03539845773e-10,
        "median": 5.88160492532e-11,
        "min": 3.26457400742e-23,
        "skew": 2.8739695549,
        "var": 3.34148087042e-18
    },
    "spectral_energyband_middle_high": {
        "kurt": 4.36596918106,
        "max": 0.115161381662,
        "mean": 0.0104422494769,
        "median": 2.65313211401e-08,
        "min": 1.56267827084e-21,
        "skew": 2.45930480957,
        "var": 0.000755315530114
    },
    "spectral_energyband_middle_low": {
        "kurt": 5.4696855545,
        "max": 0.000520947971381,
        "mean": 4.64456388727e-05,
        "median": 1.59511195363e-08,
        "min": 3.41817570174e-22,
        "skew": 2.64929175377,
        "var": 1.56759778491e-08
    },
    "spectral_flatness_db": {
        "kurt": -1.55032587051,
        "max": 0.559073507786,
        "mean": 0.320232063532,
        "median": 0.311293154955,
        "min": 0.0606236048043,
        "skew": -0.0336669944227,
        "var": 0.026352154091
    },
    "spectral_flux": {
        "kurt": 73.2972259521,
        "max": 0.256480485201,
        "mean": 0.00614529941231,
        "median": 7.53909989726e-05,
        "min": 1.04762663822e-10,
        "skew": 7.85507249832,
        "var": 0.000499480694998
    },
    "spectral_kurtosis": {
        "kurt": 4.03503608704,
        "max": 111.962158203,
        "mean": 17.8142433167,
        "median": 12.7911548615,
        "min": -1.17860102654,
        "skew": 1.5883834362,
        "var": 303.764007568
    },
    "spectral_rms": {
        "kurt": 3.19815349579,
        "max": 0.0107567813247,
        "mean": 0.00130960717797,
        "median": 6.62076172375e-06,
        "min": 3.27223599779e-12,
        "skew": 2.22054362297,
        "var": 8.82979111338e-06
    },
    "spectral_rolloff": {
        "kurt": 34.3385620117,
        "max": 18712.3535156,
        "mean": 3786.89135742,
        "median": 3746.77734375,
        "min": 495.263671875,
        "skew": 3.19939231873,
        "var": 2365721.75
    },
    "spectral_skewness": {
        "kurt": 2.44906759262,
        "max": 7.92491912842,
        "mean": 1.87969458103,
        "median": 1.39315319061,
        "min": -0.823421239853,
        "skew": 1.1882468462,
        "var": 1.83333170414
    },
    "spectral_spread": {
        "kurt": 15.9296474457,
        "max": 38820752,
        "mean": 4233205.5,
        "median": 1980905.75,
        "min": 717459.4375,
        "skew": 2.91163730621,
        "var": 2.02150604964e+13
    },
    "spectral_strongpeak": {
        "kurt": 3.81557035446,
        "max": 46.6229820251,
        "mean": 5.11854457855,
        "median": 0.00813715625554,
        "min": 1.77353229325e-10,
        "skew": 2.36096286774,
        "var": 152.86076355
    },
    "zerocrossingrate": {
        "kurt": 9.13041114807,
        "max": 0.494140625,
        "mean": 0.144661203027,
        "median": 0.15234375,
        "min": 0.02685546875,
        "skew": 1.10190737247,
        "var": 0.00323524163105
    },
    "barkbands": {
        "kurt": [20.742565155, 18.527885437, 12.8707113266, 43.8994026184, 185.508285522, 5.49007225037, 5.48268318176, 89.318611145, 5.13352775574, 8.64595508575, 82.3964538574, 11.6934719086, 83.3112945557, 4.6225733757, 4.90713739395, 5.20045661926, 8.56291103363, 7.19454669952, 4.63983917236, 4.88914012909, 4.23603200912, 3.83738327026, 3.96497535706, 4.82855892181, 3.86224603653, 4.36177015305, 22.7070178986],
        "max": [2.04139993798e-09, 3.02245695138e-09, 4.91428453486e-09, 2.7184622553e-08, 3.92458969145e-06, 0.000506853451952, 1.00918114185e-05, 9.96329731606e-07, 5.62158857065e-06, 6.65536731503e-07, 1.76927778739e-06, 4.2920978558e-06, 4.77127105114e-06, 1.6122328816e-05, 0.000799772853497, 0.000154166118591, 8.72511227499e-05, 0.00692479172722, 0.0075272647664, 0.11225605756, 0.000259921158431, 3.55292431777e-05, 4.82454424855e-06, 2.3043364763e-06, 1.94131075659e-06, 9.63047739333e-08, 1.86919937306e-08],
        "mean": [8.40015071391e-11, 1.38588515664e-10, 3.18158749346e-10, 9.77726122287e-10, 4.63010536578e-08, 4.49339968327e-05, 8.6291157686e-07, 2.22305711617e-08, 5.3381319276e-07, 4.97487171458e-08, 3.32552474447e-08, 2.43781357767e-07, 1.30103060769e-07, 1.61118134656e-06, 6.96058923495e-05, 1.460862768e-05, 5.08091352458e-06, 0.00057839503279, 0.000667116837576, 0.009396196343, 2.43567465077e-05, 3.76666730517e-06, 4.85059956645e-07, 2.11477384937e-07, 2.03812916766e-07, 8.42674374724e-09, 6.71777966588e-10],
        "median": [4.79607249504e-15, 1.25367945192e-12, 2.55303053004e-11, 7.92287693785e-11, 4.0007422375e-10, 1.0185051913e-08, 5.24856713646e-10, 8.26617871375e-11, 3.3721142545e-10, 1.53700815964e-10, 3.29536120613e-10, 1.93051241659e-10, 1.38892244927e-10, 1.37835054481e-09, 2.78684320065e-09, 4.73553696256e-10, 2.1449544918e-10, 2.37076402954e-09, 7.00685731658e-09, 6.16951734145e-09, 6.8442508605e-12, 1.1028222606e-12, 1.11973608554e-13, 2.65590907557e-14, 1.24557533206e-14, 1.87722025221e-15, 8.77672458297e-16],
        "min": [1.17540022442e-23, 1.61479622195e-23, 9.62731844075e-24, 1.83708823203e-24, 4.62610059818e-23, 4.30808299938e-23, 2.54231978387e-23, 1.51513080943e-22, 7.22356838576e-23, 1.71553833494e-23, 1.12594293707e-22, 7.35346411568e-23, 5.06927760602e-23, 8.63220511869e-23, 1.57851382679e-22, 1.24439980521e-22, 3.69217776504e-22, 1.68993531783e-22, 2.04677509681e-22, 3.54751809307e-22, 6.00585833244e-22, 6.44046742733e-22, 5.75957368591e-22, 8.03048385586e-22, 1.1689581717e-21, 1.79468163198e-21, 2.49599689964e-21],
        "skew": [4.50612068176, 4.30555057526, 3.31704163551, 5.53348779678, 13.0153388977, 2.65433454514, 2.62585353851, 8.15916919708, 2.43478918076, 2.85878181458, 8.60395336151, 3.1914730072, 7.66951799393, 2.32199120522, 2.53660678864, 2.61690926552, 2.90782833099, 2.83706998825, 2.45416045189, 2.54182720184, 2.45273399353, 2.40038442612, 2.39871549606, 2.53451514244, 2.38403987885, 2.46067500114, 4.45850563049],
        "var": [9.66409068319e-20, 2.32302482248e-19, 4.97267328356e-19, 6.68184670138e-18, 6.96886125195e-14, 1.48177612402e-08, 5.2391515605e-12, 6.34900575988e-15, 1.37249998693e-12, 1.28428151902e-14, 2.3356328739e-14, 3.67669029987e-13, 1.48531916475e-13, 1.19718211039e-11, 3.34568603932e-08, 1.52341583792e-09, 1.83034809531e-10, 2.21319942284e-06, 2.79517394119e-06, 0.000663425016683, 4.22836921032e-09, 1.0385385607e-10, 1.61218738012e-12, 3.26127281647e-13, 2.91426035864e-13, 5.15600336999e-16, 5.39961542229e-18],
        "cov": [[9.70321632616e-20, 1.49580556508e-19, 1.33318211515e-19, 3.04359245233e-19, 3.85242727423e-17, 2.52216630014e-14, 4.74218912938e-16, 9.93703815825e-18, 2.33782258112e-16, 2.02140690549e-17, 8.70209307247e-18, 9.57174361921e-17, 4.29896947826e-17, 7.20462084496e-16, 3.72146669763e-14, 8.280944764e-15, 2.38235957349e-15, 2.54601136181e-13, 3.14601019931e-13, 5.12604975828e-12, 1.45649398981e-14, 2.12951240368e-15, 2.84373683167e-16, 1.1007114402e-16, 1.1558635421e-16, 4.94770597414e-18, 2.20120670915e-19], [1.49580556508e-19, 2.33242986604e-19, 2.16658092871e-19, 4.98598830648e-19, 5.79812912114e-17, 3.88449445136e-14, 7.3252918056e-16, 1.60910402312e-17, 3.63307624731e-16, 3.17226709677e-17, 1.44562004686e-17, 1.48388922703e-16, 7.00472490752e-17, 1.1246577366e-15, 5.80914846391e-14, 1.27318072873e-14, 3.7500232276e-15, 3.93220503901e-13, 4.83102544514e-13, 7.99623128128e-12, 2.25912038778e-14, 3.31149838894e-15, 4.41458616683e-16, 1.70350475322e-16, 1.79488716743e-16, 7.70394249911e-18, 3.50697231063e-19], [1.33318211515e-19, 2.16658092871e-19, 4.9928053087e-19, 9.88285100388e-19, 7.10215751926e-17, 4.69565860262e-14, 9.04865180519e-16, 3.11767549245e-17, 5.51496005117e-16, 5.27634028201e-17, 4.15197154247e-17, 2.49732523784e-16, 1.4331076166e-16, 1.40448142347e-15, 7.92958770477e-14, 1.54440381246e-14, 5.73084789124e-15, 4.80651651293e-13, 6.82529662129e-13, 1.11220555335e-11, 2.85357979921e-14, 4.51195816278e-15, 5.5846496869e-16, 2.43352777504e-16, 2.29272151775e-16, 1.01022898195e-17, 5.55152755538e-19], [3.04359245233e-19, 4.98598830648e-19, 9.88285100388e-19, 6.70889881613e-18, 1.99596101006e-16, 1.32579927939e-13, 2.66203990004e-15, 8.26429664906e-17, 1.44313566614e-15, 1.32264419707e-16, 1.1794878204e-16, 7.92754758357e-16, 3.55839441114e-16, 4.04675919781e-15, 2.56630898173e-13, 4.26760914747e-14, 1.82454894834e-14, 1.36754268933e-12, 1.89409230487e-12, 3.59012923556e-11, 8.68500489083e-14, 1.37162357549e-14, 1.67923561815e-15, 7.78411473005e-16, 6.90544563161e-16, 3.0991231548e-17, 2.56927985126e-18], [3.85242727423e-17, 5.79812912114e-17, 7.10215751926e-17, 1.99596101006e-16, 6.99707558061e-14, 7.23880027101e-12, 1.50251799934e-13, 6.00229315171e-15, 8.77158656582e-14, 8.90041468668e-15, 1.28294379989e-14, 8.26953455257e-14, 2.25715628778e-14, 3.85704380761e-13, 1.65543117409e-11, 2.74583892949e-12, 1.29686214025e-12, 6.19194209794e-11, 8.46876388461e-11, 2.3413815331e-09, 7.50426023405e-12, 1.02603743644e-12, 1.27076327976e-13, 5.01053361399e-14, 4.42710850076e-14, 2.77613333221e-15, 2.13389159049e-16], [2.52216630014e-14, 3.88449445136e-14, 4.69565860262e-14, 1.32579927939e-13, 7.23880027101e-12, 1.48777514752e-08, 2.73767564174e-10, 4.79291042618e-12, 1.27240010195e-10, 1.15971563949e-11, 4.77690500003e-12, 5.15833591119e-11, 2.39802414037e-11, 3.47479156559e-10, 2.00257606053e-08, 4.66510918784e-09, 1.36893685276e-09, 1.42554156923e-07, 1.88248179711e-07, 2.75381307802e-06, 7.30159976925e-09, 1.13791598366e-09, 1.45685005726e-10, 6.42651695748e-11, 6.35497002244e-11, 2.48963284884e-12, 1.88770182753e-13], [4.74218912938e-16, 7.3252918056e-16, 9.04865180519e-16, 2.66203990004e-15, 1.50251799934e-13, 2.73767564174e-10, 5.26036245813e-12, 1.05031678884e-13, 2.40963976203e-12, 2.30203361798e-13, 1.06010659235e-13, 1.02403187926e-12, 5.12521448892e-13, 6.69783542864e-12, 3.79225761904e-10, 8.67561994466e-11, 2.73749755503e-11, 2.68920108404e-09, 3.44450090672e-09, 5.25553787156e-08, 1.39450104242e-10, 2.16193746932e-11, 2.77806662223e-12, 1.20833367184e-12, 1.20977360074e-12, 4.78967451638e-14, 3.60929378561e-15], [9.93703815825e-18, 1.60910402312e-17, 3.11767549245e-17, 8.26429664906e-17, 6.00229315171e-15, 4.79291042618e-12, 1.05031678884e-13, 6.37471024521e-15, 5.97397226631e-14, 6.17147993611e-15, 6.33941480582e-15, 3.16060857499e-14, 2.6319726021e-14, 1.55334621034e-13, 8.64764856945e-12, 1.71784938705e-12, 8.71648022857e-13, 5.11057168806e-11, 6.6006811128e-11, 1.29900723511e-09, 3.26823637598e-12, 5.2926386147e-13, 6.21537936678e-14, 2.72663700429e-14, 2.54714564057e-14, 1.15050102945e-15, 8.14267595272e-17], [2.33782258112e-16, 3.63307624731e-16, 5.51496005117e-16, 1.44313566614e-15, 8.77158656582e-14, 1.27240010195e-10, 2.40963976203e-12, 5.97397226631e-14, 1.3780567399e-12, 1.23232953247e-13, 6.66231257445e-14, 5.43755036657e-13, 3.07953749307e-13, 3.48960487243e-12, 1.81418463585e-10, 4.0532938117e-11, 1.36924898503e-11, 1.43059530888e-09, 1.76571846033e-09, 2.50033682647e-08, 6.77708028585e-11, 1.04163171144e-11, 1.3396497453e-12, 5.65548909787e-13, 5.62053387772e-13, 2.30944803618e-14, 1.67357987328e-15], [2.02140690549e-17, 3.17226709677e-17, 5.27634028201e-17, 1.32264419707e-16, 8.90041468668e-15, 1.15971563949e-11, 2.30203361798e-13, 6.17147993611e-15, 1.23232953247e-13, 1.28948103077e-14, 9.13923308506e-15, 5.20705033995e-14, 3.31516803213e-14, 3.2230080692e-13, 1.61836863355e-11, 3.72017130643e-12, 1.36069519367e-12, 1.33214189679e-10, 1.62246938107e-10, 2.29655516826e-09, 6.17071237857e-12, 9.48622799236e-13, 1.23147043778e-13, 5.222266101e-14, 5.31073665946e-14, 2.13010193861e-15, 1.49882413842e-16], [8.70209307247e-18, 1.44562004686e-17, 4.15197154247e-17, 1.1794878204e-16, 1.28294379989e-14, 4.77690500003e-12, 1.06010659235e-13, 6.33941480582e-15, 6.66231257445e-14, 9.13923308506e-15, 2.34508898032e-14, 4.77914183109e-14, 4.04179863406e-14, 2.13784746199e-13, 5.84114701052e-12, 1.35823470526e-12, 8.68904340839e-13, 9.06557259817e-11, 1.11569434247e-10, 8.54992243671e-10, 2.36032352517e-12, 3.56721867757e-13, 5.15805287208e-14, 1.95956549191e-14, 2.45416259878e-14, 9.63869177988e-16, 5.01553850668e-17], [9.57174361921e-17, 1.48388922703e-16, 2.49732523784e-16, 7.92754758357e-16, 8.26953455257e-14, 5.15833591119e-11, 1.02403187926e-12, 3.16060857499e-14, 5.43755036657e-13, 5.20705033995e-14, 4.77914183109e-14, 3.69157558255e-13, 1.48305209801e-13, 1.62567452989e-12, 8.55022025403e-11, 1.67471054385e-11, 6.8088668384e-12, 5.21513776608e-10, 6.82752299141e-10, 1.16376774884e-08, 3.08771654078e-11, 4.87502876609e-12, 5.85309687003e-13, 2.64484425029e-13, 2.45883391772e-13, 1.08935399628e-14, 8.60040832225e-16], [4.29896947826e-17, 7.00472490752e-17, 1.4331076166e-16, 3.55839441114e-16, 2.25715628778e-14, 2.39802414037e-11, 5.12521448892e-13, 2.6319726021e-14, 3.07953749307e-13, 3.31516803213e-14, 4.04179863406e-14, 1.48305209801e-13, 1.4913326921e-13, 9.49250877555e-13, 3.71331541904e-11, 8.49195800484e-12, 3.86581652106e-12, 3.4826419526e-10, 3.94989263519e-10, 5.65783908613e-09, 1.4301041254e-11, 2.27867659637e-12, 2.9455292914e-13, 1.17536419508e-13, 1.22773359946e-13, 5.14907559339e-15, 3.1491470016e-16], [7.20462084496e-16, 1.1246577366e-15, 1.40448142347e-15, 4.04675919781e-15, 3.85704380761e-13, 3.47479156559e-10, 6.69783542864e-12, 1.55334621034e-13, 3.48960487243e-12, 3.2230080692e-13, 2.13784746199e-13, 1.62567452989e-12, 9.49250877555e-13, 1.20202901452e-11, 5.21343024307e-10, 1.13081766173e-10, 3.78931261369e-11, 4.1470853418e-09, 4.69861038965e-09, 7.23024413674e-08, 1.9487093883e-10, 2.93582866351e-11, 3.89097174619e-12, 1.56051300354e-12, 1.60513453657e-12, 6.75375825144e-14, 5.06395344087e-15], [3.72146669763e-14, 5.80914846391e-14, 7.92958770477e-14, 2.56630898173e-13, 1.65543117409e-11, 2.00257606053e-08, 3.79225761904e-10, 8.64764856945e-12, 1.81418463585e-10, 1.61836863355e-11, 5.84114701052e-12, 8.55022025403e-11, 3.71331541904e-11, 5.21343024307e-10, 3.3592311155e-08, 6.49608455916e-09, 2.21762652686e-09, 1.7772762817e-07, 2.43526386612e-07, 4.66041319669e-06, 1.14562670461e-08, 1.8374870514e-09, 2.24428406415e-10, 1.02302374905e-10, 9.44866754282e-11, 4.03524175879e-12, 3.36437095631e-13], [8.280944764e-15, 1.27318072873e-14, 1.54440381246e-14, 4.26760914747e-14, 2.74583892949e-12, 4.66510918784e-09, 8.67561994466e-11, 1.71784938705e-12, 4.0532938117e-11, 3.72017130643e-12, 1.35823470526e-12, 1.67471054385e-11, 8.49195800484e-12, 1.13081766173e-10, 6.49608455916e-09, 1.52958357091e-09, 4.49904974387e-10, 4.58960300875e-08, 5.94751377037e-08, 9.13393989777e-07, 2.38057662472e-09, 3.73292619038e-10, 4.75543771028e-11, 2.103255764e-11, 2.056491262e-11, 8.13358603559e-13, 6.09174440492e-14], [2.38235957349e-15, 3.7500232276e-15, 5.73084789124e-15, 1.82454894834e-14, 1.29686214025e-12, 1.36893685276e-09, 2.73749755503e-11, 8.71648022857e-13, 1.36924898503e-11, 1.36069519367e-12, 8.68904340839e-13, 6.8088668384e-12, 3.86581652106e-12, 3.78931261369e-11, 2.21762652686e-09, 4.49904974387e-10, 1.83775841767e-10, 1.29261712445e-08, 1.70198752869e-08, 3.17325657306e-07, 8.14164957674e-10, 1.28348678907e-10, 1.57146292507e-11, 6.99321113171e-12, 6.61724711484e-12, 2.82601334911e-13, 2.28391947959e-14], [2.54601136181e-13, 3.93220503901e-13, 4.80651651293e-13, 1.36754268933e-12, 6.19194209794e-11, 1.42554156923e-07, 2.68920108404e-09, 5.11057168806e-11, 1.43059530888e-09, 1.33214189679e-10, 9.06557259817e-11, 5.21513776608e-10, 3.4826419526e-10, 4.1470853418e-09, 1.7772762817e-07, 4.58960300875e-08, 1.29261712445e-08, 2.22215976464e-06, 2.2877113679e-06, 2.36341857089e-05, 6.75022917562e-08, 9.79139613833e-09, 1.41164646639e-09, 5.46903133891e-10, 6.12828454649e-10, 2.26376868639e-11, 1.6102872074e-12], [3.14601019931e-13, 4.83102544514e-13, 6.82529662129e-13, 1.89409230487e-12, 8.46876388461e-11, 1.88248179711e-07, 3.44450090672e-09, 6.6006811128e-11, 1.76571846033e-09, 1.62246938107e-10, 1.11569434247e-10, 6.82752299141e-10, 3.94989263519e-10, 4.69861038965e-09, 2.43526386612e-07, 5.94751377037e-08, 1.70198752869e-08, 2.2877113679e-06, 2.80649032902e-06, 3.32585295837e-05, 8.83110899963e-08, 1.36266349315e-08, 1.81499593133e-09, 7.87176213102e-10, 7.98750898756e-10, 3.00932577468e-11, 2.15070799711e-12], [5.12604975828e-12, 7.99623128128e-12, 1.11220555335e-11, 3.59012923556e-11, 2.3413815331e-09, 2.75381307802e-06, 5.25553787156e-08, 1.29900723511e-09, 2.50033682647e-08, 2.29655516826e-09, 8.54992243671e-10, 1.16376774884e-08, 5.65783908613e-09, 7.23024413674e-08, 4.66041319669e-06, 9.13393989777e-07, 3.17325657306e-07, 2.36341857089e-05, 3.32585295837e-05, 0.000666110950988, 1.60983699971e-06, 2.59164153249e-07, 3.16192654282e-08, 1.44660292634e-08, 1.3276089561e-08, 5.67262403717e-10, 4.61295897314e-11], [1.45649398981e-14, 2.25912038778e-14, 2.85357979921e-14, 8.68500489083e-14, 7.50426023405e-12, 7.30159976925e-09, 1.39450104242e-10, 3.26823637598e-12, 6.77708028585e-11, 6.17071237857e-12, 2.36032352517e-12, 3.08771654078e-11, 1.4301041254e-11, 1.9487093883e-10, 1.14562670461e-08, 2.38057662472e-09, 8.14164957674e-10, 6.75022917562e-08, 8.83110899963e-08, 1.60983699971e-06, 4.24548796119e-09, 6.54662879462e-10, 8.20619891484e-11, 3.5554833383e-11, 3.41447981e-11, 1.46083763575e-12, 1.13846364519e-13], [2.12951240368e-15, 3.31149838894e-15, 4.51195816278e-15, 1.37162357549e-14, 1.02603743644e-12, 1.13791598366e-09, 2.16193746932e-11, 5.2926386147e-13, 1.04163171144e-11, 9.48622799236e-13, 3.56721867757e-13, 4.87502876609e-12, 2.27867659637e-12, 2.93582866351e-11, 1.8374870514e-09, 3.73292619038e-10, 1.28348678907e-10, 9.79139613833e-09, 1.36266349315e-08, 2.59164153249e-07, 6.54662879462e-10, 1.04274318347e-10, 1.2740361717e-11, 5.74155003055e-12, 5.3505472622e-12, 2.28695046841e-13, 1.84369494227e-14], [2.84373683167e-16, 4.41458616683e-16, 5.5846496869e-16, 1.67923561815e-15, 1.27076327976e-13, 1.45685005726e-10, 2.77806662223e-12, 6.21537936678e-14, 1.3396497453e-12, 1.23147043778e-13, 5.15805287208e-14, 5.85309687003e-13, 2.9455292914e-13, 3.89097174619e-12, 2.24428406415e-10, 4.75543771028e-11, 1.57146292507e-11, 1.41164646639e-09, 1.81499593133e-09, 3.16192654282e-08, 8.20619891484e-11, 1.2740361717e-11, 1.61871449404e-12, 6.96512346497e-13, 6.79455190028e-13, 2.85332365645e-14, 2.18804470968e-15], [1.1007114402e-16, 1.70350475322e-16, 2.43352777504e-16, 7.78411473005e-16, 5.01053361399e-14, 6.42651695748e-11, 1.20833367184e-12, 2.72663700429e-14, 5.65548909787e-13, 5.222266101e-14, 1.95956549191e-14, 2.64484425029e-13, 1.17536419508e-13, 1.56051300354e-12, 1.02302374905e-10, 2.103255764e-11, 6.99321113171e-12, 5.46903133891e-10, 7.87176213102e-10, 1.44660292634e-08, 3.5554833383e-11, 5.74155003055e-12, 6.96512346497e-13, 3.27447650158e-13, 2.98161072654e-13, 1.24041876488e-14, 1.02700394338e-15], [1.1558635421e-16, 1.79488716743e-16, 2.29272151775e-16, 6.90544563161e-16, 4.42710850076e-14, 6.35497002244e-11, 1.20977360074e-12, 2.54714564057e-14, 5.62053387772e-13, 5.31073665946e-14, 2.45416259878e-14, 2.45883391772e-13, 1.22773359946e-13, 1.60513453657e-12, 9.44866754282e-11, 2.056491262e-11, 6.61724711484e-12, 6.12828454649e-10, 7.98750898756e-10, 1.3276089561e-08, 3.41447981e-11, 5.3505472622e-12, 6.79455190028e-13, 2.98161072654e-13, 2.92605918878e-13, 1.18901411408e-14, 9.24497498412e-16], [4.94770597414e-18, 7.70394249911e-18, 1.01022898195e-17, 3.0991231548e-17, 2.77613333221e-15, 2.48963284884e-12, 4.78967451638e-14, 1.15050102945e-15, 2.30944803618e-14, 2.13010193861e-15, 9.63869177988e-16, 1.08935399628e-14, 5.14907559339e-15, 6.75375825144e-14, 4.03524175879e-12, 8.13358603559e-13, 2.82601334911e-13, 2.26376868639e-11, 3.00932577468e-11, 5.67262403717e-10, 1.46083763575e-12, 2.28695046841e-13, 2.85332365645e-14, 1.24041876488e-14, 1.18901411408e-14, 5.17687796758e-16, 4.17598790438e-17], [2.20120670915e-19, 3.50697231063e-19, 5.55152755538e-19, 2.56927985126e-18, 2.13389159049e-16, 1.88770182753e-13, 3.60929378561e-15, 8.14267595272e-17, 1.67357987328e-15, 1.49882413842e-16, 5.01553850668e-17, 8.60040832225e-16, 3.1491470016e-16, 5.06395344087e-15, 3.36437095631e-13, 6.09174440492e-14, 2.28391947959e-14, 1.6102872074e-12, 2.15070799711e-12, 4.61295897314e-11, 1.13846364519e-13, 1.84369494227e-14, 2.18804470968e-15, 1.02700394338e-15, 9.24497498412e-16, 4.17598790438e-17, 5.42147656511e-18]]
    },
    "mfcc": {
        "kurt": [0.565560102463, 2.86069536209, -0.869881868362, -0.566159248352, 1.52774572372, -1.30415558815, 1.35260534286, 1.03576183319, -1.33465242386, 0.0386898517609, 1.44945430756, -1.10029566288, 2.12743616104],
        "max": [-787.95501709, 35.0827445984, 12.6468200684, 97.258026123, 20.3336029053, 2.28881835938e-05, 28.8024673462, 8.08960914612, 7.89249801636, 36.4074707031, 18.3654899597, 3.59838104248, 28.5573577881],
        "mean": [-1063.02246094, -3.81160521507, -35.3706741333, 23.0211544037, -3.99804711342, -21.8628444672, -0.474991351366, -12.7542304993, -17.4587287903, 6.86298704147, 1.70565402508, -12.1848335266, 3.33390140533],
        "median": [-1136.47680664, 1.14440917969e-05, -6.103515625e-05, 0.264636993408, -6.103515625e-05, -0.91690826416, -2.67028808594e-05, -0.0640449523926, -1.19802856445, -2.28881835938e-05, -2.67028808594e-05, -0.412475585938, -3.81469726562e-05],
        "min": [-1138.42004395, -52.8013801575, -141.881484985, -17.8432731628, -38.707244873, -76.2800598145, -29.706029892, -67.7483215332, -63.0272941589, -7.93487548828, -23.277557373, -47.7046470642, -12.3498191833],
        "skew": [1.4353171587, -1.79922175407, -0.943004906178, 0.978057742119, -1.40414643288, -0.684096395969, -0.580335199833, -1.55997478962, -0.610558748245, 1.12852632999, 0.12213370204, -0.750536978245, 1.6318987608],
        "var": [13920.1328125, 276.095092773, 2565.20068359, 998.323913574, 115.585639954, 737.468200684, 105.342460632, 434.541595459, 451.761779785, 106.042694092, 45.113483429, 238.479797363, 54.0215301514],
        "cov": [[13976.4902344, -1447.96520996, -5696.82714844, 3598.73217773, -977.496459961, -2834.6105957, -688.043395996, -2418.74682617, -2111.60205078, 719.918640137, -184.985778809, -1466.54101562, 664.047607422], [-1447.96520996, 277.212890625, 469.885192871, -340.276977539, 133.715118408, 190.810577393, 117.725852966, 267.73324585, 148.413955688, -48.0801429749, 44.728729248, 110.281723022, -103.10295105], [-5696.82714844, 469.885192871, 2575.5859375, -1566.56945801, 309.613830566, 1320.5123291, 177.560623169, 967.937316895, 1004.61572266, -370.498382568, 3.13284778595, 673.709594727, -236.496948242], [3598.73217773, -340.276977539, -1566.56945801, 1002.36572266, -217.258331299, -819.90246582, -125.981269836, -620.986694336, -632.428222656, 229.044631958, -5.00884437561, -426.766723633, 167.054916382], [-977.496459961, 133.715118408, 309.613830566, -217.258331299, 116.053596497, 142.115509033, 74.6106948853, 169.59274292, 100.651443481, -16.8035354614, 35.5213699341, 66.806930542, -54.2395553589], [-2834.6105957, 190.810577393, 1320.5123291, -819.90246582, 142.115509033, 740.453857422, 63.0589523315, 471.413665771, 559.899719238, -214.842575073, -28.4182777405, 383.870117188, -114.968696594], [-688.043395996, 117.725852966, 177.560623169, -125.981269836, 74.6106948853, 63.0589523315, 105.768943787, 130.658035278, 21.9344406128, -4.9877038002, 45.674282074, 39.8134803772, -43.5842018127], [-2418.74682617, 267.73324585, 967.937316895, -620.986694336, 169.59274292, 471.413665771, 130.658035278, 436.300872803, 358.482910156, -128.079452515, 40.3661651611, 252.564437866, -123.459716797], [-2111.60205078, 148.413955688, 1004.61572266, -632.428222656, 100.651443481, 559.899719238, 21.9344406128, 358.482910156, 453.590789795, -166.280273438, -34.9211997986, 290.724578857, -89.8357620239], [719.918640137, -48.0801429749, -370.498382568, 229.044631958, -16.8035354614, -214.842575073, -4.9877038002, -128.079452515, -166.280273438, 106.472015381, 27.8366241455, -145.472351074, 27.9208049774], [-184.985778809, 44.728729248, 3.13284778595, -5.00884437561, 35.5213699341, -28.4182777405, 45.674282074, 40.3661651611, -34.9211997986, 27.8366241455, 45.2961273193, -19.8711528778, -18.4236087799], [-1466.54101562, 110.281723022, 673.709594727, -426.766723633, 66.806930542, 383.870117188, 39.8134803772, 252.564437866, 290.724578857, -145.472351074, -19.8711528778, 239.445297241, -61.5780754089], [664.047607422, -103.10295105, -236.496948242, 167.054916382, -54.2395553589, -114.968696594, -43.5842018127, -123.459716797, -89.8357620239, 27.9208049774, -18.4236087799, -61.5780754089, 54.2402420044]]
    },
    "sccoeffs": {
        "kurt": [-0.855616807938, -0.947537183762, -1.28843796253, -1.02067351341, -0.915481567383, -0.717240571976],
        "max": [-0.58218318224, -0.440919011831, -0.67174744606, -0.48224401474, -0.322674423456, -0.615609288216],
        "mean": [-0.797490060329, -0.783441603184, -0.861143887043, -0.792666971684, -0.729762554169, -0.836917161942],
        "median": [-0.787545681, -0.816663861275, -0.887653946877, -0.807879447937, -0.742126822472, -0.85350883007],
        "min": [-0.979791104794, -0.968975901604, -0.9869171381, -0.975642800331, -0.963191628456, -0.958803534508],
        "skew": [-0.133278608322, 0.564701497555, 0.429115951061, 0.508289515972, 0.44743964076, 0.693606674671],
        "var": [0.00610637944192, 0.0243946425617, 0.0073978304863, 0.021368002519, 0.0372017212212, 0.00843421928585],
        "cov": [[0.00613110186532, 0.0063399001956, 0.00355190620758, 0.00566083798185, 0.00816755369306, 0.0034907150548], [0.0063399001956, 0.0244934074581, 0.0125805027783, 0.0219106469303, 0.0291536934674, 0.0135116046295], [0.00355190620758, 0.0125805027783, 0.00742778135464, 0.0117560066283, 0.0153403868899, 0.00725571578369], [0.00566083798185, 0.0219106469303, 0.0117560066283, 0.0214545112103, 0.0277093462646, 0.0127619691193], [0.00816755369306, 0.0291536934674, 0.0153403868899, 0.0277093462646, 0.037352334708, 0.0166870448738], [0.0034907150548, 0.0135116046295, 0.00725571578369, 0.0127619691193, 0.0166870448738, 0.00846836622804]]
    },
    "scvalleys": {
        "kurt": [-1.12347173691, -0.978438615799, -1.07025647163, -1.10660123825, -1.18532526493, -0.851002454758],
        "max": [-10.4399242401, -8.69234085083, -8.63316726685, -8.63635253906, -6.69547939301, -9.86021137238],
        "mean": [-16.6515007019, -14.7154541016, -14.7988157272, -15.3826675415, -15.0948543549, -18.0372085571],
        "median": [-14.9046268463, -12.8147258759, -12.9352455139, -13.9440860748, -14.779335022, -18.5194358826],
        "min": [-27.4130249023, -27.201423645, -27.1243591309, -27.5195007324, -27.1977806091, -27.1850528717],
        "skew": [-0.588741719723, -0.699746847153, -0.697308599949, -0.52768778801, -0.102332212031, 0.362879216671],
        "var": [19.012260437, 21.0596599579, 20.5974788666, 18.7718982697, 21.1370697021, 14.3648176193],
        "cov": [[19.0892333984, 19.8431949615, 19.6331138611, 18.7007350922, 19.1113605499, 14.8916864395], [19.8431949615, 21.1449222565, 20.7717838287, 19.6830101013, 19.9607276917, 15.5545625687], [19.6331138611, 20.7717838287, 20.6808700562, 19.5068912506, 19.8403759003, 15.2967338562], [18.7007350922, 19.6830101013, 19.5068912506, 18.8478965759, 19.5431747437, 15.2991876602], [19.1113605499, 19.9607276917, 19.8403759003, 19.5431747437, 21.2226448059, 17.0307102203], [14.8916864395, 15.5545625687, 15.2967338562, 15.2991876602, 17.0307102203, 14.4229755402]]
    }
},
"rhythm": {
    "beats_loudness": {
        "kurt": 1.09061002731,
        "max": 0.0818630084395,
        "mean": 0.0134276570752,
        "median": 2.14381870478e-07,
        "min": 5.89240799098e-16,
        "skew": 1.73916840553,
        "var": 0.000836885592435
    },
    "bpm": 184.570297241,
    "confidence": 0.40000000596,
    "first_peak_bpm": {
        "kurt": 0,
        "max": 185,
        "mean": 185,
        "median": 185,
        "min": 185,
        "skew": 0,
        "var": 0
    },
    "first_peak_spread": {
        "kurt": 0,
        "max": 0,
        "mean": 0,
        "median": 0,
        "min": 0,
        "skew": 0,
        "var": 0
    },
    "first_peak_weight": {
        "kurt": 0,
        "max": 0.25,
        "mean": 0.25,
        "median": 0.25,
        "min": 0.25,
        "skew": 0,
        "var": 0
    },
    "onset_rate": 0.52481675148,
    "second_peak_bpm": {
        "kurt": 0,
        "max": 191,
        "mean": 191,
        "median": 191,
        "min": 191,
        "skew": 0,
        "var": 0
    },
    "second_peak_spread": {
        "kurt": 0,
        "max": 0,
        "mean": 0,
        "median": 0,
        "min": 0,
        "skew": 0,
        "var": 0
    },
    "second_peak_weight": {
        "kurt": 0,
        "max": 0.25,
        "mean": 0.25,
        "median": 0.25,
        "min": 0.25,
        "skew": 0,
        "var": 0
    },
    "beats_loudness_band_ratio": {
        "kurt": [5.39835357666, 4.36888790131, 3.4122004509, 10.1736736298, 4.23232936859, -1.73676216602],
        "max": [0.0487390384078, 0.501745820045, 0.548935770988, 0.412280112505, 0.833258509636, 0.986135601997],
        "mean": [0.00576205644757, 0.0681710615754, 0.0697358846664, 0.0397781021893, 0.155273869634, 0.441050589085],
        "median": [1.76840660515e-06, 0.00539600523189, 0.0023539995309, 0.00375084090047, 0.0880435556173, 0.448552817106],
        "min": [0, 0, 0, 0, 0, 0],
        "skew": [2.5101377964, 2.32706475258, 2.15904927254, 3.36707568169, 2.07119417191, 0.106216624379],
        "var": [0.000158281123731, 0.0176483206451, 0.0231597460806, 0.00927888322622, 0.0420581288636, 0.160070329905],
        "cov": [[0.000168173690327, 0.00146212114487, 0.0013075673487, 0.000343217630871, 0.000323563959682, -0.00178356468678], [0.00146212114487, 0.0187513399869, 0.0130338482559, 0.00229741679505, 0.00390550587326, -0.018526436761], [0.0013075673487, 0.0130338482559, 0.0246072299778, 0.0130415605381, -0.00285737495869, -0.0275702215731], [0.000343217630871, 0.00229741679505, 0.0130415605381, 0.00985881313682, -0.00196153018624, -0.0122508984059], [0.000323563959682, 0.00390550587326, -0.00285737495869, -0.00196153018624, 0.0446867607534, -0.00498546427116], [-0.00178356468678, -0.018526436761, -0.0275702215731, -0.0122508984059, -0.00498546427116, 0.170074731112]]
    },
    "beats_position": [0.290249437094, 0.615328788757, 0.9287981987, 1.27709746361, 1.60217678547, 1.90403628349, 2.20589566231, 2.47292518616, 2.75156450272, 3.05342388153, 3.36689329147, 3.68036270142, 4.00544214249, 4.33052158356, 4.6439909935, 5.01551008224, 5.31736946106],
    "bpm_estimates": [184.5703125, 184.570343018, 184.570266724, 184.570266724],
    "bpm_intervals": [0.325079351664, 0.313469409943, 0.348299264908, 0.325079321861, 0.301859498024, 0.301859378815, 0.267029523849, 0.278639316559, 0.301859378815, 0.313469409943, 0.313469409943, 0.325079441071, 0.325079441071, 0.313469409943, 0.371519088745, 0.301859378815],
    "onset_times": [0.917188227177, 1.60217690468, 2.53097510338],
    "histogram": [[0, 0, 0, 0, 0, 0, 0, 0, 0, 0, 0, 0, 0, 0, 0, 0, 0, 0, 0, 0, 0, 0, 0, 0, 0, 0, 0, 0, 0, 0, 0, 0, 0, 0, 0, 0, 0, 0, 0, 0, 0, 0, 0, 0, 0, 0, 0, 0, 0, 0, 0, 0, 0, 0, 0, 0, 0, 0, 0, 0, 0, 0, 0, 0, 0, 0, 0, 0, 0, 0, 0, 0, 0, 0, 0, 0, 0, 0, 0, 0, 0, 0, 0, 0, 0, 0, 0, 0, 0, 0, 0, 0, 0, 0, 0, 0, 0, 0, 0, 0, 0, 0, 0, 0, 0, 0, 0, 0, 0, 0, 0, 0, 0, 0, 0, 0, 0, 0, 0, 0, 0, 0, 0, 0, 0, 0, 0, 0, 0, 0, 0, 0, 0, 0, 0, 0, 0, 0, 0, 0, 0, 0, 0, 0, 0, 0, 0, 0, 0, 0, 0, 0, 0, 0, 0, 0, 0, 0, 0, 0, 0, 0.0625, 0, 0, 0, 0, 0, 0, 0, 0, 0, 0, 0.0625, 0, 0, 0, 0, 0, 0, 0, 0, 0, 0, 0, 0, 0.25, 0, 0, 0, 0, 0, 0.25, 0, 0, 0, 0, 0, 0, 0, 0.25, 0, 0, 0, 0, 0, 0, 0, 0, 0, 0, 0, 0, 0, 0, 0, 0.0625, 0, 0, 0, 0, 0, 0, 0, 0, 0, 0.0625, 0, 0, 0, 0, 0, 0, 0, 0, 0, 0, 0, 0, 0, 0, 0, 0, 0, 0, 0, 0, 0, 0, 0, 0]]
},
"sfx": {
    "inharmonicity": {
        "kurt": 10.1774368286,
        "max": 0.433294147253,
        "mean": 0.0442048385739,
        "median": 0.0234394334257,
        "min": 0,
        "skew": 2.785145998,
        "var": 0.00439606141299
    },
    "oddtoevenharmonicenergyratio": {
        "kurt": 12.1227111816,
        "max": 26.7415180206,
        "mean": 1.82945001125,
        "median": 0.427689105272,
        "min": 0,
        "skew": 3.10489845276,
        "var": 12.7723827362
    },
    "pitch_after_max_to_before_max_energy_ratio": 2.79074454308,
    "pitch_centroid": 124.377555847,
    "pitch_max_to_total": 0.0806451588869,
    "pitch_min_to_total": 0.806451618671,
    "tristimulus": {
        "kurt": [-1.52015733719, 5.33100128174, -1.70359158516],
        "max": [1, 0.738935649395, 0.966479957104],
        "mean": [0.391523241997, 0.0984794422984, 0.509997308254],
        "median": [0.10391009599, 0.0443502888083, 0.685325145721],
        "min": [0, 0, 0],
        "skew": [0.605934917927, 2.3588142395, -0.280415177345],
        "var": [0.185829982162, 0.0226701013744, 0.159919530153],
        "cov": [[0.186582326889, -0.0243886690587, -0.162193849683], [-0.0243886690587, 0.0227618832141, 0.00162683788221], [-0.162193849683, 0.00162683788221, 0.160566970706]]
    }
},
"tonal": {
    "chords_changes_rate": 0.0719999969006,
    "chords_number_rate": 0.0480000004172,
    "chords_strength": {
        "kurt": 20.5902690887,
        "max": 0.630197107792,
        "mean": 0.438063979149,
        "median": 0.490601658821,
        "min": -1,
        "skew": -4.48258256912,
        "var": 0.0762226581573
    },
    "key_strength": 0.415207266808,
    "tuning_diatonic_strength": 0.416059672832,
    "tuning_equal_tempered_deviation": 0.114539697766,
    "tuning_frequency": 440.763122559,
    "tuning_nontempered_energy_ratio": 0.831261396408,
    "hpcp": {
        "kurt": [80.8279571533, 35.9376449585, -0.823133230209, -1.62839782238, -1.60078787804, 30.9747657776, 104.771476746, 101.226531982, 62.8218460083, 69.1496963501, 46.3882675171, 47.804473877, 110.148925781, 55.5310058594, 110.429016113, 79.3057327271, 75.213432312, 115.572937012, 118.076217651, 81.7291641235, 81.4513244629, 79.4526443481, 41.1538658142, 66.1130523682, 68.2828826904, 60.1869735718, 5.97869491577, 0.0436549186707, 0.0650424957275, 38.1704978943, 22.6310214996, 29.6459846497, 0.171911478043, -0.97168636322, -0.97888469696, -1.03039503098],
        "max": [0.4398034513, 0.901534318924, 1, 1, 0.535349071026, 0.0809239968657, 0.531565904617, 1, 0.760667264462, 0.549890458584, 0.339539557695, 0.45992898941, 1, 0.567338705063, 1, 0.767020821571, 0.290683954954, 0.809839487076, 1, 0.264507293701, 0.128320753574, 0.237628042698, 0.428718328476, 1, 0.688609182835, 0.533230483532, 0.606405973434, 1, 1, 0.878510594368, 0.161983713508, 0.265167832375, 0.349041134119, 1, 1, 0.183678880334],
        "mean": [0.00670443382114, 0.0226850714535, 0.235040649772, 0.416528493166, 0.200503006577, 0.00306408014148, 0.00630601216108, 0.0167189985514, 0.0203251186758, 0.0124129336327, 0.00744387321174, 0.0104367332533, 0.0161102600396, 0.0148195000365, 0.0121461013332, 0.0103197339922, 0.00484025198966, 0.00819173548371, 0.00911116413772, 0.00359260989353, 0.00282279541716, 0.0044024977833, 0.00984830129892, 0.0151879815385, 0.0100581767038, 0.00932165700942, 0.0711372941732, 0.249043107033, 0.224173471332, 0.0416661910713, 0.005513781216, 0.00793718267232, 0.0597180239856, 0.308462202549, 0.308747291565, 0.0557592622936],
