{
"metadata": {
    "version": {
        "essentia": "2.1-beta3"
    }
},
"lowLevel": {
    "average_loudness": 0.99068403244,
    "barkbands_kurtosis": {
        "kurt": 1.41241502762,
        "max": 139.088104248,
        "mean": 21.1320953369,
        "median": 1.69101715088,
        "min": -1.80071616173,
        "skew": 1.67923390865,
        "var": 1487.36230469
    },
    "barkbands_skewness": {
        "kurt": -0.413753509521,
        "max": 2.26299858093,
        "mean": -1.6135314703,
        "median": 0.601584732533,
        "min": -10.5492992401,
        "skew": -1.11591148376,
        "var": 16.3769378662
    },
    "barkbands_spread": {
        "kurt": -0.72007894516,
        "max": 38.4695777893,
        "mean": 14.2153100967,
        "median": 9.83659362793,
        "min": 0.914007782936,
        "skew": 0.805014252663,
        "var": 143.22026062
    },
    "dissonance": {
        "kurt": 26.6471805573,
        "max": 0.500000119209,
        "mean": 0.471709012985,
        "median": 0.484966576099,
        "min": 0.206767991185,
        "skew": -4.42450046539,
        "var": 0.00143314828165
    },
    "hfc": {
        "kurt": 0.497885942459,
        "max": 21.2821140289,
        "mean": 3.88152718544,
        "median": 0.0651572570205,
        "min": 2.0678146484e-07,
        "skew": 1.48535335064,
        "var": 48.722328186
    },
    "pitch": {
        "kurt": 11.2146978378,
        "max": 3348.11010742,
        "mean": 455.552185059,
        "median": 349.505584717,
        "min": 64.0299072266,
        "skew": 3.57942390442,
        "var": 471149.75
    },
    "pitch_instantaneous_confidence": {
        "kurt": -1.57972407341,
        "max": 0.968473494053,
        "mean": 0.560900092125,
        "median": 0.508824706078,
        "min": 0.163946390152,
        "skew": 0.192113801837,
        "var": 0.0880457386374
    },
    "pitch_salience": {
        "kurt": -0.871509790421,
        "max": 0.83960968256,
        "mean": 0.587179243565,
        "median": 0.66311019659,
        "min": 0.141020789742,
        "skew": -0.705665588379,
        "var": 0.0382620990276
    },
    "silence_rate_20dB": {
        "kurt": 0,
        "max": 1,
        "mean": 1,
        "median": 1,
        "min": 1,
        "skew": 0,
        "var": 0
    },
    "silence_rate_30dB": {
        "kurt": 0,
        "max": 1,
        "mean": 1,
        "median": 1,
        "min": 1,
        "skew": 0,
        "var": 0
    },
    "silence_rate_60dB": {
        "kurt": -0.111962080002,
        "max": 1,
        "mean": 0.783132553101,
        "median": 1,
        "min": 0,
        "skew": -1.37405884266,
        "var": 0.1698358953
    },
    "spectral_centroid": {
        "kurt": -1.5899310112,
        "max": 2903.74731445,
        "mean": 1466.49731445,
        "median": 1075.49707031,
        "min": 363.896453857,
        "skew": 0.397892385721,
        "var": 1050607.75
    },
    "spectral_complexity": {
        "kurt": -0.209061861038,
        "max": 5,
        "mean": 0.963855445385,
        "median": 0,
        "min": 0,
        "skew": 1.19477665424,
        "var": 2.44447612762
    },
    "spectral_crest": {
        "kurt": -0.99932718277,
        "max": 25.5329914093,
        "mean": 12.1917915344,
        "median": 8.43035030365,
        "min": 4.1639509201,
        "skew": 0.830541729927,
        "var": 53.6219596863
    },
    "spectral_decrease": {
        "kurt": 0.503545999527,
        "max": -9.73917556311e-17,
        "mean": -2.68338185005e-10,
        "median": -1.35780622856e-11,
        "min": -1.44344525221e-09,
        "skew": -1.48605144024,
        "var": 2.208765072e-19
    },
    "spectral_energy": {
        "kurt": 0.502002477646,
        "max": 0.00737824337557,
        "mean": 0.00136483612005,
        "median": 5.48352072656e-05,
        "min": 3.86334297886e-10,
        "skew": 1.48587679863,
        "var": 5.7931288211e-06
    },
    "spectral_energyband_high": {
        "kurt": 0.84819984436,
        "max": 1.74749729922e-05,
        "mean": 3.09697270495e-06,
        "median": 7.5752950579e-08,
        "min": 2.41782017584e-13,
        "skew": 1.54383611679,
        "var": 2.81480411896e-11
    },
    "spectral_energyband_low": {
        "kurt": 8.4329366684,
        "max": 2.0635965484e-05,
        "mean": 3.71330520466e-06,
        "median": 2.78096490547e-06,
        "min": 2.30252518441e-11,
        "skew": 2.5527510643,
        "var": 1.15833740169e-11
    },
    "spectral_energyband_middle_high": {
        "kurt": 0.504477500916,
        "max": 0.00728893047199,
        "mean": 0.0013268267503,
        "median": 2.01064649445e-05,
        "min": 1.07931351356e-10,
        "skew": 1.48743712902,
        "var": 5.71566806684e-06
    },
    "spectral_energyband_middle_low": {
        "kurt": 0.747381925583,
        "max": 9.1920948762e-05,
        "mean": 3.2459047361e-05,
        "median": 3.09167553496e-05,
        "min": 2.57586285635e-10,
        "skew": 0.815641343594,
        "var": 3.79097919723e-10
    },
    "spectral_flatness_db": {
        "kurt": -0.444993972778,
        "max": 0.403604120016,
        "mean": 0.253012865782,
        "median": 0.219402164221,
        "min": 0.167718321085,
        "skew": 1.08581495285,
        "var": 0.00507853040472
    },
    "spectral_flux": {
        "kurt": 10.4322061539,
        "max": 0.055779710412,
        "mean": 0.00832035485655,
        "median": 0.00461710151285,
        "min": 0.000659954268485,
        "skew": 3.07157421112,
        "var": 9.18760124478e-05
    },
    "spectral_kurtosis": {
        "kurt": -0.56421661377,
        "max": 50.2405319214,
        "mean": 18.8976478577,
        "median": 15.5719451904,
        "min": 3.06215238571,
        "skew": 0.601557314396,
        "var": 134.184768677
    },
    "spectral_rms": {
        "kurt": -0.203083276749,
        "max": 0.00268296222202,
        "mean": 0.000722294556908,
        "median": 0.000231295838603,
        "min": 6.13931206317e-07,
        "skew": 1.25642371178,
        "var": 8.09837672477e-07
    },
    "spectral_rolloff": {
        "kurt": -1.76794731617,
        "max": 3574.51171875,
        "mean": 2046.43273926,
        "median": 2799.31640625,
        "min": 452.197265625,
        "skew": -0.199530214071,
        "var": 1178151
    },
    "spectral_skewness": {
        "kurt": -1.28301548958,
        "max": 5.59565639496,
        "mean": 2.69227147102,
        "median": 2.08965468407,
        "min": 0.84949862957,
        "skew": 0.397523403168,
        "var": 1.70688033104
    },
    "spectral_spread": {
        "kurt": 14.9841384888,
        "max": 5726191,
        "mean": 2141918,
        "median": 2067050.875,
        "min": 1417301.625,
        "skew": 2.9994559288,
        "var": 342298624000
    },
    "spectral_strongpeak": {
        "kurt": 0.440475463867,
        "max": 9.39785003662,
        "mean": 1.83373856544,
        "median": 0.0358709618449,
        "min": 1.95914217329e-05,
        "skew": 1.42150402069,
        "var": 9.20085716248
    },
    "zerocrossingrate": {
        "kurt": -1.66270160675,
        "max": 0.13427734375,
        "mean": 0.0752188414335,
        "median": 0.0791015625,
        "min": 0.0078125,
        "skew": 0.0728100314736,
        "var": 0.00192534760572
    },
    "barkbands": {
        "kurt": [0.783225297928, 2.65165901184, 10.6834716797, 1.44434738159, 0.399199485779, 2.64012479782, 0.296519994736, 3.55398464203, 1.69245100021, 1.35742855072, 3.14713191986, 0.437781572342, 0.090806722641, 1.63925647736, 5.37046527863, 5.21522426605, 6.94697952271, 0.543228149414, 2.01485729218, 3.77547693253, 1.57642459869, 2.6894993782, 8.66798686981, 1.4769487381, 4.55411243439, 8.99440765381, 14.451128006],
        "max": [1.61096068041e-07, 3.17264812111e-06, 1.40677821037e-05, 9.93725916487e-06, 2.36628184211e-05, 7.11719694664e-05, 9.06494187802e-06, 8.23421487439e-06, 9.51702077145e-06, 5.30542729393e-06, 5.30378156327e-06, 3.20269168697e-06, 1.71472902366e-06, 9.1812609071e-07, 3.82719508707e-06, 4.52953190688e-06, 1.39360217872e-05, 0.00671800645068, 0.000778154702857, 0.000150623338413, 6.37904213363e-06, 2.65943140221e-06, 3.77758442482e-06, 1.74764011263e-07, 1.298950707e-07, 6.57341125976e-10, 4.8269860331e-10],
        "mean": [4.14937488813e-08, 7.52983851271e-07, 1.88180945315e-06, 2.39555788539e-06, 7.65414279158e-06, 1.4643556824e-05, 2.773663482e-06, 2.04202979148e-06, 2.58553086496e-06, 1.49067034272e-06, 1.37615097628e-06, 1.08466304027e-06, 6.65388256493e-07, 3.25788676037e-07, 5.99137138124e-07, 6.26353255484e-07, 1.5160512703e-06, 0.00119488593191, 0.000109246226202, 1.65265537362e-05, 9.24009896153e-07, 3.89496619846e-07, 3.68968755993e-07, 2.65935700128e-08, 1.43407481445e-08, 6.64606009115e-11, 3.20799532771e-11],
        "median": [3.01168796568e-08, 6.53340521239e-07, 1.20600293485e-06, 1.57953650159e-06, 6.22870356892e-06, 9.11641200219e-06, 2.5887557058e-06, 1.81029065516e-06, 2.04207071874e-06, 1.23731956592e-06, 1.15888110486e-06, 8.92256366569e-07, 6.70347333198e-07, 3.03598426399e-07, 2.25272899002e-07, 1.87018770248e-07, 2.07104662309e-07, 6.72951318847e-06, 4.12701547248e-06, 2.62137888285e-07, 2.34092194518e-08, 5.08013409117e-09, 9.90950765889e-10, 2.25115023844e-10, 1.32659008778e-10, 9.78387770106e-12, 1.76590155259e-12],
        "min": [3.40975988763e-12, 7.80656962684e-12, 1.01646911374e-11, 7.10776489748e-12, 1.17867854366e-10, 8.08649397444e-11, 2.08988486239e-11, 1.81041778791e-11, 9.9944176199e-12, 3.1259692751e-11, 4.90141989495e-11, 1.43133890157e-11, 6.57360884476e-12, 3.2877923474e-12, 1.99160089462e-12, 7.73202248755e-13, 8.64611008657e-13, 8.46582407042e-13, 8.71085213509e-13, 1.1569078215e-13, 1.05788831471e-13, 5.11699244175e-14, 1.58207407813e-14, 9.20204227216e-15, 7.87847451801e-15, 6.21364565974e-15, 6.48727160654e-15],
        "skew": [1.25119173527, 1.31684136391, 2.86465883255, 1.39656066895, 0.894646942616, 1.75076854229, 0.774158596992, 1.56860661507, 1.25191307068, 1.11920642853, 1.47935545444, 0.860041022301, 0.36021733284, 0.927536249161, 2.43317079544, 2.30734777451, 2.59494686127, 1.49863493443, 1.7585016489, 2.01871109009, 1.6463688612, 1.91099286079, 2.97046113014, 1.6686218977, 2.12712144852, 2.91711306572, 3.76873230934],
        "var": [1.59372425399e-15, 3.1966313277e-13, 4.93952535124e-12, 5.17604058572e-12, 2.61925741513e-11, 2.52738524553e-10, 3.55998520593e-12, 2.30607004846e-12, 3.47237494834e-12, 1.07590488168e-12, 9.70702468059e-13, 4.51820926593e-13, 1.20411926957e-13, 3.24049835088e-14, 7.46647155995e-13, 8.64803291912e-13, 7.92945310107e-12, 4.75576598546e-06, 3.73945461263e-08, 9.59390344946e-10, 2.48521342394e-12, 5.0887722855e-13, 6.5940417189e-13, 2.26128044885e-15, 6.77301203031e-16, 1.56948247762e-20, 7.04913301377e-21],
        "cov": [[1.61315995436e-15, 6.60572196443e-15, 1.3518384952e-14, 9.86352418199e-15, 7.14498379624e-15, 9.04332489969e-14, 7.07807751077e-15, -6.67626922103e-15, 1.50639744412e-14, 4.23913054453e-15, 3.60934291352e-15, 3.92049146697e-16, 3.64305101317e-15, 2.93147366902e-15, 6.5195660082e-16, -2.5332764925e-16, 1.60911899311e-14, 8.84779749466e-12, 1.66458491956e-12, 1.02927466084e-13, -1.15239446573e-15, 2.79171513855e-15, -3.35561398241e-15, -1.08888421328e-16, -4.45248245398e-18, 6.73755359332e-19, 5.56487411456e-19], [6.60572196443e-15, 3.23561462996e-13, -3.26751497495e-14, 2.92424586065e-13, 3.1426857644e-13, 9.79602141592e-13, -6.89513143847e-14, 1.08730238084e-13, 3.38773469997e-13, 8.04053479071e-14, 1.20643783592e-13, 1.33292181004e-13, 5.25984488711e-14, 1.74214992205e-14, 3.86728003137e-14, 3.52820901564e-14, 5.14918240425e-13, 1.46007289592e-10, 1.29662773574e-11, 3.12736360246e-12, 1.40948884508e-13, 9.53057484277e-14, 1.29318349648e-14, 4.23803278983e-15, 4.17058059163e-15, 5.41817652806e-18, 2.6424243309e-19], [1.3518384952e-14, -3.26751497495e-14, 4.99976362395e-12, 2.71432637651e-12, 1.71362988903e-12, -1.98224097726e-12, 1.1176068751e-12, 3.69399850335e-13, 6.24990402313e-13, 3.31541543351e-13, 3.69530849063e-13, 5.37029391768e-14, 1.8193763553e-13, 5.13393953814e-14, -1.26577635634e-13, -2.34612134407e-13, -7.49071811523e-13, -6.67184363312e-10, -6.08334979613e-11, -9.54018201244e-12, -4.89049881321e-13, -2.03208516637e-13, -2.12066773647e-13, -1.30747777039e-14, -6.5112672029e-15, -3.01869605297e-17, -1.33063300816e-17], [9.86352418199e-15, 2.92424586065e-13, 2.71432637651e-12, 5.23916326989e-12, 4.62138443832e-12, -4.02244990788e-12, 7.15561995508e-13, 2.72112437834e-13, 9.77695463651e-13, -5.59496728935e-15, 4.54451634744e-13, -3.03096374496e-14, 1.77377426983e-13, 4.65243044556e-14, -9.46476444853e-14, -9.52780606148e-14, 1.02523295843e-12, -3.00495114902e-11, -2.01726465393e-11, 1.00409784654e-12, 1.2257436819e-13, 1.34937200302e-13, -1.26047271037e-13, 8.00013724836e-15, 1.0310830423e-14, -2.88765707818e-17, -2.49724834313e-17], [7.14498379624e-15, 3.1426857644e-13, 1.71362988903e-12, 4.62138443832e-12, 2.65119957238e-11, 1.11378215678e-11, 4.02859776788e-12, 1.67514515714e-12, 2.79907564141e-12, 9.92706689963e-14, 9.09312501598e-13, 1.0619998804e-12, 5.80319809134e-13, 2.04479892762e-13, -4.6499093367e-14, 6.06986032617e-13, 2.50642844153e-12, 1.46530443335e-09, 5.6978595453e-11, 1.06706293107e-11, 1.63670531121e-12, 7.63404747403e-13, 1.07525793824e-12, 4.64101345787e-14, 3.65151871684e-14, -5.76402487807e-18, -1.47992239968e-17], [9.04332489969e-14, 9.79602141592e-13, -1.98224097726e-12, -4.02244990788e-12, 1.11378215678e-11, 2.55820697959e-10, 1.54638931868e-12, 4.61003717839e-12, 1.2162469816e-11, 5.19281189229e-12, 1.23584931351e-12, 3.6960022716e-12, 1.49421382385e-12, 9.49270718455e-13, 6.54104418199e-12, 6.57357978814e-12, 2.05358646754e-11, 2.17556355153e-08, 1.91391591464e-09, 2.90743706888e-10, 1.33458530685e-11, 6.22623437183e-12, 7.04262603096e-12, 3.59491651942e-13, 1.95636204719e-13, 1.01382209902e-15, 6.36294061653e-16], [7.07807751077e-15, -6.89513143847e-14, 1.1176068751e-12, 7.15561995508e-13, 4.02859776788e-12, 1.54638931868e-12, 3.60339969668e-12, 7.89286930085e-13, 2.14676339856e-13, 1.83806732313e-13, 5.5653729238e-13, 1.37400534743e-13, 1.13784849598e-13, 6.69878513554e-14, 1.29474488314e-13, -8.82135551129e-14, -4.04018534123e-13, -4.72569428034e-10, -2.72917279054e-11, -7.41859351727e-12, -2.4068214869e-13, -1.71888707694e-13, -1.39535355926e-13, -3.51032243265e-15, -4.76048652335e-15, 2.03406463002e-18, 1.94903356498e-18], [-6.67626922103e-15, 1.08730238084e-13, 3.69399850335e-13, 2.72112437834e-13, 1.67514515714e-12, 4.61003717839e-12, 7.89286930085e-13, 2.33419273493e-12, 4.97275289522e-13, 2.0886801132e-13, 4.05335324766e-13, 2.02990673315e-13, 1.38516734432e-13, 3.58551384384e-14, 5.4543466911e-14, 1.34232983886e-13, 2.83280262312e-13, 1.87611093327e-10, 2.21137674145e-11, 6.96287732332e-12, 1.5183164513e-13, 8.81782643322e-14, 1.11524125438e-13, 8.10707261685e-15, 1.30867003279e-15, -3.12763400256e-18, -7.23056854124e-18], [1.50639744412e-14, 3.38773469997e-13, 6.24990402313e-13, 9.77695463651e-13, 2.79907564141e-12, 1.2162469816e-11, 2.14676339856e-13, 4.97275289522e-13, 3.51472106627e-12, 4.31799154809e-13, 3.57061656717e-13, 5.77595968016e-13, 2.40545403691e-13, 9.5045248527e-14, 4.52013182743e-13, 9.39407514451e-13, 3.07441528832e-12, 2.16358264638e-09, 2.25704205326e-10, 3.28337981803e-11, 1.43287562804e-12, 7.65940587864e-13, 4.9449452779e-13, 4.56392261765e-14, 2.78585849864e-14, 6.64678863635e-17, 2.10795514386e-17], [4.23913054453e-15, 8.04053479071e-14, 3.31541543351e-13, -5.59496728935e-15, 9.92706689963e-14, 5.19281189229e-12, 1.83806732313e-13, 2.0886801132e-13, 4.31799154809e-13, 1.08902567953e-12, 9.47536116951e-14, 1.62086232565e-13, 1.37318148931e-13, 9.22122841545e-15, 2.1713390092e-13, 2.79309778431e-13, 4.15998588658e-13, 3.98602900686e-10, 3.44501475957e-11, 6.80557780269e-12, 2.7584334014e-13, 1.32240369371e-13, 1.21746810224e-13, 9.91352707796e-15, 3.40833818349e-15, 1.49773871202e-17, 9.55552178022e-18], [3.60934291352e-15, 1.20643783592e-13, 3.69530849063e-13, 4.54451634744e-13, 9.09312501598e-13, 1.23584931351e-12, 5.5653729238e-13, 4.05335324766e-13, 3.57061656717e-13, 9.47536116951e-14, 9.82540221059e-13, 1.47195745718e-13, 6.65506807106e-14, 3.61294178711e-14, 1.28604632911e-13, 8.50563380578e-14, -9.54902050986e-14, -9.11747413679e-11, -5.94742831372e-12, -8.0105091668e-15, -2.35056216841e-15, -1.4986869032e-14, -1.39243102454e-14, 1.31796166659e-15, 6.74352787221e-16, -2.42287239835e-18, -4.59224868054e-18], [3.92049146697e-16, 1.33292181004e-13, 5.37029391768e-14, -3.03096374496e-14, 1.0619998804e-12, 3.6960022716e-12, 1.37400534743e-13, 2.02990673315e-13, 5.77595968016e-13, 1.62086232565e-13, 1.47195745718e-13, 4.57330950453e-13, 9.35843132046e-14, 4.89978032919e-14, 1.28979943045e-13, 1.1133670754e-13, 7.49381351244e-13, 3.9621575465e-10, 4.09218874065e-11, 5.58287790997e-12, 3.24689873512e-13, 1.58811657401e-13, 1.30746230357e-13, 1.19000090747e-14, 6.06589685572e-15, 1.7090896451e-17, 7.25934119167e-18], [3.64305101317e-15, 5.25984488711e-14, 1.8193763553e-13, 1.77377426983e-13, 5.80319809134e-13, 1.49421382385e-12, 1.13784849598e-13, 1.38516734432e-13, 2.40545403691e-13, 1.37318148931e-13, 6.65506807106e-14, 9.35843132046e-14, 1.21880356827e-13, 2.35398214864e-14, 1.08431337097e-13, 8.58476768948e-14, 3.40258528818e-13, 2.16576950818e-10, 2.04583173319e-11, 2.92509809777e-12, 1.68848821643e-13, 7.48761472204e-14, 4.72581297554e-14, 4.92789072691e-15, 2.97781547684e-15, 1.17710630124e-17, 6.83337874497e-18], [2.93147366902e-15, 1.74214992205e-14, 5.13393953814e-14, 4.65243044556e-14, 2.04479892762e-13, 9.49270718455e-13, 6.69878513554e-14, 3.58551384384e-14, 9.5045248527e-14, 9.22122841545e-15, 3.61294178711e-14, 4.89978032919e-14, 2.35398214864e-14, 3.28001650363e-14, 3.63682167877e-14, 1.69451668544e-14, 1.13047836066e-13, 6.13689030149e-11, 7.71845348052e-12, 8.35837909302e-13, 4.82624296159e-14, 2.11155081592e-14, 1.36385602925e-14, 1.04457066555e-15, 7.35523389089e-16, 4.10853786015e-18, 1.90904331147e-18], [6.5195660082e-16, 3.86728003137e-14, -1.26577635634e-13, -9.46476444853e-14, -4.6499093367e-14, 6.54104418199e-12, 1.29474488314e-13, 5.4543466911e-14, 4.52013182743e-13, 2.1713390092e-13, 1.28604632911e-13, 1.28979943045e-13, 1.08431337097e-13, 3.63682167877e-14, 7.557526111e-13, 3.02662273499e-13, 1.03913503236e-12, 1.11391174062e-09, 9.10280947841e-11, 1.41805352183e-11, 7.66050525965e-13, 2.37125531884e-13, 2.34719741473e-13, 2.30959541992e-14, 9.97168266606e-15, 7.19842810767e-17, 3.9358461229e-17], [-2.5332764925e-16, 3.52820901564e-14, -2.34612134407e-13, -9.52780606148e-14, 6.06986032617e-13, 6.57357978814e-12, -8.82135551129e-14, 1.34232983886e-13, 9.39407514451e-13, 2.79309778431e-13, 8.50563380578e-14, 1.1133670754e-13, 8.58476768948e-14, 1.69451668544e-14, 3.02662273499e-13, 8.75349651704e-13, 1.29386562228e-12, 1.52620283078e-09, 1.33475258624e-10, 2.22068856359e-11, 1.13741362249e-12, 5.19624382585e-13, 5.50128573338e-13, 3.30788320997e-14, 1.65847373947e-14, 6.13493059679e-17, 2.85948165215e-17], [1.60911899311e-14, 5.14918240425e-13, -7.49071811523e-13, 1.02523295843e-12, 2.50642844153e-12, 2.05358646754e-11, -4.04018534123e-13, 2.83280262312e-13, 3.07441528832e-12, 4.15998588658e-13, -9.54902050986e-14, 7.49381351244e-13, 3.40258528818e-13, 1.13047836066e-13, 1.03913503236e-12, 1.29386562228e-12, 8.02615352652e-12, 4.61511140415e-09, 4.12649303616e-10, 6.74862457584e-11, 3.47717037455e-12, 1.76537734084e-12, 1.09260267934e-12, 1.04955594996e-13, 6.54758433344e-14, 1.92099263852e-16, 8.8963169001e-17], [8.84779749466e-12, 1.46007289592e-10, -6.67184363312e-10, -3.00495114902e-11, 1.46530443335e-09, 2.17556355153e-08, -4.72569428034e-10, 1.87611093327e-10, 2.16358264638e-09, 3.98602900686e-10, -9.11747413679e-11, 3.9621575465e-10, 2.16576950818e-10, 6.13689030149e-11, 1.11391174062e-09, 1.52620283078e-09, 4.61511140415e-09, 4.81376309835e-06, 3.93229214524e-07, 6.40358877035e-08, 3.14661119383e-09, 1.38564892893e-09, 1.37515698828e-09, 8.93482024478e-11, 4.68619136551e-11, 1.96714443779e-13, 1.02746668595e-13], [1.66458491956e-12, 1.29662773574e-11, -6.08334979613e-11, -2.01726465393e-11, 5.6978595453e-11, 1.91391591464e-09, -2.72917279054e-11, 2.21137674145e-11, 2.25704205326e-10, 3.44501475957e-11, -5.94742831372e-12, 4.09218874065e-11, 2.04583173319e-11, 7.71845348052e-12, 9.10280947841e-11, 1.33475258624e-10, 4.12649303616e-10, 3.93229214524e-07, 3.78505760068e-08, 5.32637933759e-09, 2.37733416286e-10, 1.14884587954e-10, 9.27441110021e-11, 7.09892648137e-12, 3.72976042412e-12, 1.58455757874e-14, 8.19720708683e-15], [1.02927466084e-13, 3.12736360246e-12, -9.54018201244e-12, 1.00409784654e-12, 1.06706293107e-11, 2.90743706888e-10, -7.41859351727e-12, 6.96287732332e-12, 3.28337981803e-11, 6.80557780269e-12, -8.0105091668e-15, 5.58287790997e-12, 2.92509809777e-12, 8.35837909302e-13, 1.41805352183e-11, 2.22068856359e-11, 6.74862457584e-11, 6.40358877035e-08, 5.32637933759e-09, 9.71090208246e-10, 4.42177336413e-11, 2.00482963564e-11, 1.80432994934e-11, 1.24488505442e-12, 6.77155000909e-13, 2.53269500438e-15, 1.25609512127e-15], [-1.15239446573e-15, 1.40948884508e-13, -4.89049881321e-13, 1.2257436819e-13, 1.63670531121e-12, 1.33458530685e-11, -2.4068214869e-13, 1.5183164513e-13, 1.43287562804e-12, 2.7584334014e-13, -2.35056216841e-15, 3.24689873512e-13, 1.68848821643e-13, 4.82624296159e-14, 7.66050525965e-13, 1.13741362249e-12, 3.47717037455e-12, 3.14661119383e-09, 2.37733416286e-10, 4.42177336413e-11, 2.51552077779e-12, 1.04686452649e-12, 1.10860984021e-12, 6.82828563115e-14, 3.76391727844e-14, 1.35433209667e-16, 6.63626226674e-17], [2.79171513855e-15, 9.53057484277e-14, -2.03208516637e-13, 1.34937200302e-13, 7.63404747403e-13, 6.22623437183e-12, -1.71888707694e-13, 8.81782643322e-14, 7.65940587864e-13, 1.32240369371e-13, -1.4986869032e-14, 1.58811657401e-13, 7.48761472204e-14, 2.11155081592e-14, 2.37125531884e-13, 5.19624382585e-13, 1.76537734084e-12, 1.38564892893e-09, 1.14884587954e-10, 2.00482963564e-11, 1.04686452649e-12, 5.15083039155e-13, 4.51975940398e-13, 2.92490979895e-14, 1.73935268044e-14, 5.2308479953e-17, 2.51822795957e-17], [-3.35561398241e-15, 1.29318349648e-14, -2.12066773647e-13, -1.26047271037e-13, 1.07525793824e-12, 7.04262603096e-12, -1.39535355926e-13, 1.11524125438e-13, 4.9449452779e-13, 1.21746810224e-13, -1.39243102454e-14, 1.30746230357e-13, 4.72581297554e-14, 1.36385602925e-14, 2.34719741473e-13, 5.50128573338e-13, 1.09260267934e-12, 1.37515698828e-09, 9.27441110021e-11, 1.80432994934e-11, 1.10860984021e-12, 4.51975940398e-13, 6.67445699404e-13, 2.82435750135e-14, 1.45134945051e-14, 5.53300052946e-17, 2.87818387493e-17], [-1.08888421328e-16, 4.23803278983e-15, -1.30747777039e-14, 8.00013724836e-15, 4.64101345787e-14, 3.59491651942e-13, -3.51032243265e-15, 8.10707261685e-15, 4.56392261765e-14, 9.91352707796e-15, 1.31796166659e-15, 1.19000090747e-14, 4.92789072691e-15, 1.04457066555e-15, 2.30959541992e-14, 3.30788320997e-14, 1.04955594996e-13, 8.93482024478e-11, 7.09892648137e-12, 1.24488505442e-12, 6.82828563115e-14, 2.92490979895e-14, 2.82435750135e-14, 2.28885708875e-15, 1.09897103895e-15, 3.71297760969e-18, 1.59641319069e-18], [-4.45248245398e-18, 4.17058059163e-15, -6.5112672029e-15, 1.0310830423e-14, 3.65151871684e-14, 1.95636204719e-13, -4.76048652335e-15, 1.30867003279e-15, 2.78585849864e-14, 3.40833818349e-15, 6.74352787221e-16, 6.06589685572e-15, 2.97781547684e-15, 7.35523389089e-16, 9.97168266606e-15, 1.65847373947e-14, 6.54758433344e-14, 4.68619136551e-11, 3.72976042412e-12, 6.77155000909e-13, 3.76391727844e-14, 1.73935268044e-14, 1.45134945051e-14, 1.09897103895e-15, 6.85560938937e-16, 1.78774968235e-18, 7.91682466758e-19], [6.73755359332e-19, 5.41817652806e-18, -3.01869605297e-17, -2.88765707818e-17, -5.76402487807e-18, 1.01382209902e-15, 2.03406463002e-18, -3.12763400256e-18, 6.64678863635e-17, 1.49773871202e-17, -2.42287239835e-18, 1.7090896451e-17, 1.17710630124e-17, 4.10853786015e-18, 7.19842810767e-17, 6.13493059679e-17, 1.92099263852e-16, 1.96714443779e-13, 1.58455757874e-14, 2.53269500438e-15, 1.35433209667e-16, 5.2308479953e-17, 5.53300052946e-17, 3.71297760969e-18, 1.78774968235e-18, 1.58862249995e-20, 9.95752589691e-21], [5.56487411456e-19, 2.6424243309e-19, -1.33063300816e-17, -2.49724834313e-17, -1.47992239968e-17, 6.36294061653e-16, 1.94903356498e-18, -7.23056854124e-18, 2.10795514386e-17, 9.55552178022e-18, -4.59224868054e-18, 7.25934119167e-18, 6.83337874497e-18, 1.90904331147e-18, 3.9358461229e-17, 2.85948165215e-17, 8.8963169001e-17, 1.02746668595e-13, 8.19720708683e-15, 1.25609512127e-15, 6.63626226674e-17, 2.51822795957e-17, 2.87818387493e-17, 1.59641319069e-18, 7.91682466758e-19, 9.95752589691e-21, 7.13509759738e-21]]
    },
    "mfcc": {
        "kurt": [-0.112608194351, -0.234846591949, -1.37974834442, -1.2919870615, -0.153530359268, -1.32383620739, -0.386716127396, -0.72576546669, -1.11625730991, -0.547145605087, -0.158943414688, -0.410912513733, 0.14725279808],
        "max": [-833.883361816, 147.313995361, 45.0937538147, 102.869903564, 18.4096984863, 14.8495635986, 21.593875885, 36.5202865601, -4.57763671875e-05, 0.155342102051, 21.9378395081, 7.56412506104, 3.86079406738],
        "mean": [-941.684936523, 108.931472778, -13.2657775879, 31.2776165009, -5.80626392365, -30.4268283844, 5.05332326889, 9.13913822174, -25.2855529785, -11.0425329208, 5.08601522446, -8.44696998596, -8.87952804565],
        "median": [-949.310058594, 123.498908997, -11.7558135986, 21.5225105286, -4.90957641602, -38.3668327332, 4.28081130981, 7.93541145325, -28.3001480103, -10.8579406738, 5.68646621704, -9.02951812744, -8.68783187866],
        "min": [-1138.42004395, 1.14440917969e-05, -70.5707397461, -18.5844535828, -27.4668083191, -66.0386505127, -10.6546096802, -10.5468063354, -47.8265266418, -24.3521842957, -11.2768154144, -22.3897018433, -25.6415710449],
        "skew": [-0.233314529061, -0.791660666466, -0.160116925836, 0.473598629236, -0.138807177544, 0.276225805283, 0.235606059432, 0.298992455006, 0.259504169226, -0.264359712601, -0.10046569258, 0.168805912137, -0.256307721138],
        "var": [4613.32470703, 1086.34851074, 1328.0994873, 1668.11450195, 79.2041625977, 483.168823242, 51.9345932007, 117.823356628, 152.469848633, 34.5668373108, 45.881111145, 37.4512443542, 30.2817382812],
        "cov": [[4669.58447266, -853.681945801, -2255.57983398, 2476.44238281, -283.21987915, -1293.85266113, 138.58921814, 584.406982422, -701.872192383, -182.836608887, 329.415527344, -156.417831421, -142.893493652], [-853.681945801, 1099.59667969, 782.44921875, -1002.13793945, 155.197769165, 348.166778564, -5.07688856125, -177.249786377, 140.932434082, 31.2858142853, -62.8825912476, 22.6574821472, 1.79219245911], [-2255.57983398, 782.44921875, 1344.29577637, -1426.41467285, 126.434593201, 753.455627441, -91.3495407104, -321.067718506, 380.365356445, 76.8763198853, -174.731704712, 92.9642181396, 63.3987159729], [2476.44238281, -1002.13793945, -1426.41467285, 1688.45727539, -182.25491333, -789.803588867, 81.3536682129, 347.449188232, -401.543792725, -91.6455688477, 179.347686768, -96.2956695557, -63.4445343018], [-283.21987915, 155.197769165, 126.434593201, -182.25491333, 80.1700744629, 50.0335197449, 12.8734016418, -33.9298362732, 22.4275588989, 16.4510936737, -13.4475021362, -7.24519395828, -2.15972185135], [-1293.85266113, 348.166778564, 753.455627441, -789.803588867, 50.0335197449, 489.061126709, -54.4693031311, -187.032470703, 249.661682129, 51.9981193542, -104.107002258, 64.0341110229, 36.0276107788], [138.58921814, -5.07688856125, -91.3495407104, 81.3536682129, 12.8734016418, -54.4693031311, 52.567943573, 29.7863445282, -28.0634822845, 8.53776550293, 15.4918766022, -15.921090126, -8.02090263367], [584.406982422, -177.249786377, -321.067718506, 347.449188232, -33.9298362732, -187.032470703, 29.7863445282, 119.260231018, -87.0319442749, -28.2524147034, 51.3838005066, -20.6195926666, -18.1231689453], [-701.872192383, 140.932434082, 380.365356445, -401.543792725, 22.4275588989, 249.661682129, -28.0634822845, -87.0319442749, 154.329238892, 34.7983589172, -53.8558692932, 35.7091636658, 20.6345748901], [-182.836608887, 31.2858142853, 76.8763198853, -91.6455688477, 16.4510936737, 51.9981193542, 8.53776550293, -28.2524147034, 34.7983589172, 34.9883842468, -12.8290624619, 0.413174420595, 9.6957654953], [329.415527344, -62.8825912476, -174.731704712, 179.347686768, -13.4475021362, -104.107002258, 15.4918766022, 51.3838005066, -53.8558692932, -12.8290624619, 46.4406356812, -3.09572958946, -11.8734378815], [-156.417831421, 22.6574821472, 92.9642181396, -96.2956695557, -7.24519395828, 64.0341110229, -15.921090126, -20.6195926666, 35.7091636658, 0.413174420595, -3.09572958946, 37.9079666138, 12.7338037491], [-142.893493652, 1.79219245911, 63.3987159729, -63.4445343018, -2.15972185135, 36.0276107788, -8.02090263367, -18.1231689453, 20.6345748901, 9.6957654953, -11.8734378815, 12.7338037491, 30.6510276794]]
    },
    "sccoeffs": {
        "kurt": [1.29118537903, -0.499619960785, -0.332747220993, 0.472669363022, -1.01720845699, -1.08862578869],
        "max": [-0.608580887318, -0.713919520378, -0.811989545822, -0.790127933025, -0.463173985481, -0.722546458244],
        "mean": [-0.786130428314, -0.820087015629, -0.870760798454, -0.841343522072, -0.721260249615, -0.810938715935],
        "median": [-0.786134839058, -0.827392697334, -0.871496975422, -0.841173410416, -0.744472444057, -0.817389667034],
        "min": [-0.91042381525, -0.89966905117, -0.927971959114, -0.914538443089, -0.91290718317, -0.923926055431],
        "skew": [0.58396089077, 0.365643829107, 0.26171797514, -0.0992726013064, 0.548001348972, 0.279825538397],
        "var": [0.00234051933512, 0.00208267639391, 0.000577075988986, 0.000553307647351, 0.0175479017198, 0.00243285461329],
        "cov": [[0.00236906227656, 6.36659606243e-05, 0.000142595818033, 0.000122351222672, 0.000556215818506, 0.000283867062535], [6.36659606243e-05, 0.0021080749575, 0.000282288674498, 0.00042831824976, 0.00368704088032, 0.0011821819935], [0.000142595818033, 0.000282288674498, 0.000584113469813, 0.00018414852093, 0.000898991478607, 0.000287230301183], [0.000122351222672, 0.00042831824976, 0.00018414852093, 0.000560055254027, 0.0016943430528, 0.000575767771807], [0.000556215818506, 0.00368704088032, 0.000898991478607, 0.0016943430528, 0.017761901021, 0.00628220010549], [0.000283867062535, 0.0011821819935, 0.000287230301183, 0.000575767771807, 0.00628220010549, 0.00246252352372]]
    },
    "scvalleys": {
        "kurt": [24.668926239, 30.4472465515, 30.9501190186, 26.7979736328, 6.77865791321, 2.5238404274],
        "max": [-7.5769238472, -7.25101470947, -7.99817562103, -8.92166900635, -8.95998191833, -11.5965747833],
        "mean": [-8.52274513245, -8.1767244339, -8.62471866608, -9.81843948364, -10.614490509, -13.4410429001],
        "median": [-8.38117599487, -8.01924705505, -8.48922157288, -9.67686653137, -10.4893579483, -13.8842468262],
        "min": [-13.4642114639, -14.0635414124, -13.8215389252, -15.4891471863, -16.6759681702, -18.7671432495],
        "skew": [-4.12717056274, -4.81141138077, -5.04451274872, -4.63866949081, -1.8466874361, -0.703327357769],
        "var": [0.517221271992, 0.666455090046, 0.522270083427, 0.668973088264, 1.39567565918, 1.552475214],
        "cov": [[0.52352887392, 0.477428853512, 0.429773658514, 0.495032459497, 0.541882693768, 0.490021318197], [0.477428853512, 0.674582600594, 0.536808848381, 0.608969509602, 0.727386236191, 0.63324213028], [0.429773658514, 0.536808848381, 0.528639256954, 0.56457310915, 0.680484771729, 0.62684237957], [0.495032459497, 0.608969509602, 0.56457310915, 0.677131295204, 0.83878326416, 0.776380002499], [0.541882693768, 0.727386236191, 0.680484771729, 0.83878326416, 1.41269612312, 1.39192068577], [0.490021318197, 0.63324213028, 0.62684237957, 0.776380002499, 1.39192068577, 1.57140779495]]
    }
},
"rhythm": {
    "beats_loudness": {
        "kurt": -2,
        "max": 0.00665564648807,
        "mean": 0.00334569928236,
        "median": 0.00334569928236,
        "min": 3.5752011172e-05,
        "skew": 0,
        "var": 1.09557504402e-05
    },
    "bpm": 99.3840179443,
    "confidence": 0,
    "first_peak_bpm": {
        "kurt": 0,
        "max": 99,
        "mean": 99,
        "median": 99,
        "min": 99,
        "skew": 0,
        "var": 0
    },
    "first_peak_spread": {
        "kurt": 0,
        "max": 0,
        "mean": 0,
        "median": 0,
        "min": 0,
        "skew": 0,
        "var": 0
    },
    "first_peak_weight": {
        "kurt": 0,
        "max": 1,
        "mean": 1,
        "median": 1,
        "min": 1,
        "skew": 0,
        "var": 0
    },
    "onset_rate": 1.05647718906,
    "second_peak_bpm": {
        "kurt": 0,
        "max": 0,
        "mean": 0,
        "median": 0,
        "min": 0,
        "skew": 0,
        "var": 0
    },
    "second_peak_spread": {
        "kurt": 0,
        "max": 0,
        "mean": 0,
        "median": 0,
        "min": 0,
        "skew": 0,
        "var": 0
    },
    "second_peak_weight": {
        "kurt": 0,
        "max": 0,
        "mean": 0,
        "median": 0,
        "min": 0,
        "skew": 0,
        "var": 0
    },
    "beats_loudness_band_ratio": {
        "kurt": [-2, -2, -2, -2, -1.99999988079, -1.99999988079],
        "max": [0.370925217867, 0.478738874197, 0.227082356811, 0.0696077570319, 0.933235704899, 0.0639371871948],
        "mean": [0.185823723674, 0.241644069552, 0.114205136895, 0.035234939307, 0.48246973753, 0.040868807584],
        "median": [0.185823723674, 0.241644069552, 0.114205136895, 0.035234939307, 0.48246973753, 0.040868807584],
        "min": [0.000722238561139, 0.00454927841201, 0.00132790987846, 0.000862120243255, 0.0317037962377, 0.0178004298359],
        "skew": [1.835610135e-07, 1.04815462976e-07, -1.21417826904e-07, 0, 1.22019173432e-07, 1.48176368953e-07],
        "var": [0.034262560308, 0.0562139414251, 0.0127412676811, 0.0011814906029, 0.20318993926, 0.000532150093932],
        "cov": [[0.068525120616, 0.0877731963992, 0.0417874827981, 0.0127249192446, -0.16687490046, -0.00853998214006], [0.0877731963992, 0.11242788285, 0.0535252057016, 0.0162992328405, -0.213748529553, -0.0109387850389], [0.0417874827981, 0.0535252057016, 0.0254825353622, 0.00775981647894, -0.101762421429, -0.00520778913051], [0.0127249192446, 0.0162992328405, 0.00775981647894, 0.00236298120581, -0.0309881903231, -0.00158585025929], [-0.16687490046, -0.213748529553, -0.101762421429, -0.0309881903231, 0.406379878521, 0.020796880126], [-0.00853998214006, -0.0109387850389, -0.00520778913051, -0.00158585025929, 0.020796880126, 0.00106430018786]]
    },
    "beats_position": [0.603718817234, 1.20743763447],
    "bpm_estimates": [99.3840179443],
    "bpm_intervals": [0.603718817234],
    "onset_times": [0.0232199542224, 0.336689352989],
    "histogram": [[0, 0, 0, 0, 0, 0, 0, 0, 0, 0, 0, 0, 0, 0, 0, 0, 0, 0, 0, 0, 0, 0, 0, 0, 0, 0, 0, 0, 0, 0, 0, 0, 0, 0, 0, 0, 0, 0, 0, 0, 0, 0, 0, 0, 0, 0, 0, 0, 0, 0, 0, 0, 0, 0, 0, 0, 0, 0, 0, 0, 0, 0, 0, 0, 0, 0, 0, 0, 0, 0, 0, 0, 0, 0, 0, 0, 0, 0, 0, 0, 0, 0, 0, 0, 0, 0, 0, 0, 0, 0, 0, 0, 0, 0, 0, 0, 0, 0, 0, 1, 0, 0, 0, 0, 0, 0, 0, 0, 0, 0, 0, 0, 0, 0, 0, 0, 0, 0, 0, 0, 0, 0, 0, 0, 0, 0, 0, 0, 0, 0, 0, 0, 0, 0, 0, 0, 0, 0, 0, 0, 0, 0, 0, 0, 0, 0, 0, 0, 0, 0, 0, 0, 0, 0, 0, 0, 0, 0, 0, 0, 0, 0, 0, 0, 0, 0, 0, 0, 0, 0, 0, 0, 0, 0, 0, 0, 0, 0, 0, 0, 0, 0, 0, 0, 0, 0, 0, 0, 0, 0, 0, 0, 0, 0, 0, 0, 0, 0, 0, 0, 0, 0, 0, 0, 0, 0, 0, 0, 0, 0, 0, 0, 0, 0, 0, 0, 0, 0, 0, 0, 0, 0, 0, 0, 0, 0, 0, 0, 0, 0, 0, 0, 0, 0, 0, 0, 0, 0, 0, 0, 0, 0, 0, 0, 0, 0, 0, 0, 0, 0]]
},
"sfx": {
    "inharmonicity": {
        "kurt": 1.5936870575,
        "max": 0.449991464615,
        "mean": 0.119026772678,
        "median": 0.0922931954265,
        "min": 0,
        "skew": 1.45300889015,
        "var": 0.0107788378373
    },
    "oddtoevenharmonicenergyratio": {
        "kurt": 3.92254924774,
        "max": 33.8575210571,
        "mean": 4.74475336075,
        "median": 1.21356678009,
        "min": 0,
        "skew": 2.05907583237,
        "var": 52.5358047485
    },
    "pitch_after_max_to_before_max_energy_ratio": 4.41994285583,
    "pitch_centroid": 31.9737377167,
    "pitch_max_to_total": 0.144578307867,
    "pitch_min_to_total": 0.879518091679,
    "tristimulus": {
        "kurt": [4.87953233719, -1.19288444519, -1.11085736752],
        "max": [1, 0.637521445751, 0.96079146862],
        "mean": [0.211682006717, 0.224526286125, 0.563791513443],
        "median": [0.165605038404, 0.195730686188, 0.553312063217],
        "min": [0, 0, 0],
        "skew": [2.1786570549, 0.40881100297, -0.157433986664],
        "var": [0.0550422891974, 0.0352273248136, 0.0844510495663],
        "cov": [[0.0557135380805, -0.00294475466944, -0.0527687780559], [-0.00294475466944, 0.0356569252908, -0.0327121801674], [-0.0527687780559, -0.0327121801674, 0.0854809433222]]
    }
},
"tonal": {
    "chords_changes_rate": 0.0714285746217,
    "chords_number_rate": 0.095238097012,
    "chords_strength": {
        "kurt": -1.07036757469,
        "max": 0.6233060956,
        "mean": 0.540885090828,
        "median": 0.532666563988,
        "min": 0.458455771208,
        "skew": 0.251258075237,
        "var": 0.00222900463268
    },
    "key_strength": 0.616072893143,
    "tuning_diatonic_strength": 0.563309550285,
    "tuning_equal_tempered_deviation": 0.24748621881,
    "tuning_frequency": 451.326080322,
    "tuning_nontempered_energy_ratio": 0.819712638855,
    "hpcp": {
        "kurt": [3.21550893784, 1.98273944855, 7.83003044128, 0.501734972, 16.168636322, 16.4873886108, 1.77755594254, 0.436200380325, -0.214394569397, 0.306249141693, 5.59314155579, 3.40864801407, 1.82146835327, 0.82640004158, 5.2564239502, 4.64514923096, 2.672311306, 4.66037321091, 0.18799161911, 3.63615322113, 0.613796949387, 3.78694248199, -0.594994544983, -1.20443403721, -1.70265734196, -0.375144958496, 0.408197164536, 1.72946500778, 0.677349805832, 0.151187419891, -0.155420541763, 11.9957342148, 6.31839847565, 0.73649764061, 3.00119018555, 2.79741477966],
        "max": [1, 0.518494546413, 0.701548159122, 0.388088077307, 0.819196939468, 0.981531620026, 0.597114443779, 1, 1, 0.69597440958, 0.768330454826, 0.735820114613, 0.714114129543, 0.436418235302, 0.7072301507, 1, 0.694799780846, 0.749611794949, 0.536011219025, 0.748867690563, 0.516333460808, 0.964857399464, 1, 1, 1, 1, 0.374892950058, 0.47284758091, 1, 1, 0.692764163017, 1, 0.891825258732, 0.691222071648, 1, 1],
        "mean": [0.179684564471, 0.107983976603, 0.096739590168, 0.0953016653657, 0.100924313068, 0.106569111347, 0.124491557479, 0.245933458209, 0.274170428514, 0.16603654623, 0.111114345491, 0.119663625956, 0.137146025896, 0.100828625262, 0.103870436549, 0.143501415849, 0.121130555868, 0.112881615758, 0.138846710324, 0.126301661134, 0.109200306237, 0.163278892636, 0.289928644896, 0.479603141546, 0.562435269356, 0.328266650438, 0.0873915329576, 0.101481288671, 0.247037112713, 0.299989044666, 0.199077785015, 0.125825360417, 0.120363369584, 0.153231814504, 0.194023475051, 0.220898032188],
        "median": [0.0863986685872, 0.0410965383053, 0.0667695254087, 0.0580379739404, 0.0663080960512, 0.0580938234925, 0.0514817386866, 0.136553347111, 0.112173378468, 0.0728372037411, 0.0512368381023, 0.049585968256, 0.049663670361, 0.048577144742, 0.0378734506667, 0.0396964028478, 0.0293427184224, 0.0270277094096, 0.0916546881199, 0.060148652643, 0.0451802946627, 0.0981173813343, 0.0994692742825, 0.508677721024, 0.464195221663, 0.330838561058, 0.0259422920644, 0.0545790567994, 0.129843473434, 0.221969276667, 0.0976561829448, 0.0553540997207, 0.0503684356809, 0.0869955569506, 0.127704873681, 0.137684881687],
