{
"metadata": {
    "version": {
        "essentia": "2.1-beta3"
    }
},
"lowLevel": {
    "average_loudness": 0.927504301071,
    "barkbands_kurtosis": {
        "kurt": -0.518919706345,
        "max": 2.01337099075,
        "mean": -0.123459771276,
        "median": -0.152351617813,
        "min": -1.56932902336,
        "skew": 0.269370794296,
        "var": 0.756850838661
    },
    "barkbands_skewness": {
        "kurt": -1.26445567608,
        "max": 1.41038787365,
        "mean": 0.00462124496698,
        "median": 0.199744105339,
        "min": -1.36530601978,
        "skew": -0.149518996477,
        "var": 0.640230536461
    },
    "barkbands_spread": {
        "kurt": 0.437484502792,
        "max": 26.297296524,
        "mean": 14.0892457962,
        "median": 13.4158258438,
        "min": 6.80855989456,
        "skew": 0.790210902691,
        "var": 14.9279308319
    },
    "dissonance": {
        "kurt": 1.89077043533,
        "max": 0.495323061943,
        "mean": 0.445642948151,
        "median": 0.451687812805,
        "min": 0.340398609638,
        "skew": -1.33671987057,
        "var": 0.000996511196718
    },
    "hfc": {
        "kurt": -0.8784968853,
        "max": 52.9042625427,
        "mean": 13.2096605301,
        "median": 0.184840515256,
        "min": 1.03854108602e-06,
        "skew": 0.971542656422,
        "var": 370.195770264
    },
    "pitch": {
        "kurt": -1.68874776363,
        "max": 472.002502441,
        "mean": 291.134918213,
        "median": 299.920318604,
        "min": 81.5887527466,
        "skew": -0.111569605768,
        "var": 13572.2050781
    },
    "pitch_instantaneous_confidence": {
        "kurt": -0.873138189316,
        "max": 0.781328558922,
        "mean": 0.517608880997,
        "median": 0.564458191395,
        "min": 0.15153414011,
        "skew": -0.572383642197,
        "var": 0.0261957086623
    },
    "pitch_salience": {
        "kurt": -1.00622940063,
        "max": 0.838905274868,
        "mean": 0.53925961256,
        "median": 0.497789502144,
        "min": 0.332842200994,
        "skew": 0.578426301479,
        "var": 0.0185038596392
    },
    "silence_rate_20dB": {
        "kurt": 0,
        "max": 1,
        "mean": 1,
        "median": 1,
        "min": 1,
        "skew": 0,
        "var": 0
    },
    "silence_rate_30dB": {
        "kurt": 0,
        "max": 1,
        "mean": 1,
        "median": 1,
        "min": 1,
        "skew": 0,
        "var": 0
    },
    "silence_rate_60dB": {
        "kurt": -1.66967916489,
        "max": 1,
        "mean": 0.638095259666,
        "median": 1,
        "min": 0,
        "skew": -0.574735462666,
        "var": 0.230930060148
    },
    "spectral_centroid": {
        "kurt": -1.50641465187,
        "max": 2496.35473633,
        "mean": 1353.36499023,
        "median": 1139.4354248,
        "min": 390.383392334,
        "skew": 0.27073174715,
        "var": 509104.53125
    },
    "spectral_complexity": {
        "kurt": -1.60926866531,
        "max": 17,
        "mean": 6.18095254898,
        "median": 1,
        "min": 0,
        "skew": 0.508644759655,
        "var": 52.6624717712
    },
    "spectral_crest": {
        "kurt": 0.552430152893,
        "max": 15.9228887558,
        "mean": 7.83631420135,
        "median": 7.46312093735,
        "min": 3.47138810158,
        "skew": 0.756721556187,
        "var": 5.60821485519
    },
    "spectral_decrease": {
        "kurt": -1.07099950314,
        "max": -4.87626862158e-16,
        "mean": -1.23541799013e-09,
        "median": -3.85391683844e-11,
        "min": -4.57228077622e-09,
        "skew": -0.878556370735,
        "var": 2.96894829423e-18
    },
    "spectral_energy": {
        "kurt": -1.03376555443,
        "max": 0.0220554098487,
        "mean": 0.00586090702564,
        "median": 0.000162221185747,
        "min": 1.9346153568e-09,
        "skew": 0.896990418434,
        "var": 6.79413715261e-05
    },
    "spectral_energyband_high": {
        "kurt": -0.00642514228821,
        "max": 0.000709677347913,
        "mean": 0.000136333328555,
        "median": 3.54686108039e-07,
        "min": 3.80340203776e-12,
        "skew": 1.23483836651,
        "var": 4.63584477473e-08
    },
    "spectral_energyband_low": {
        "kurt": 1.36802434921,
        "max": 1.1772115613e-05,
        "mean": 3.04781019622e-06,
        "median": 2.3628551844e-06,
        "min": 6.4075833528e-10,
        "skew": 1.27515542507,
        "var": 5.78995358602e-12
    },
    "spectral_energyband_middle_high": {
        "kurt": -0.971350193024,
        "max": 0.019968714565,
        "mean": 0.00516695994884,
        "median": 0.000102362871985,
        "min": 5.41642286578e-10,
        "skew": 0.930465042591,
        "var": 5.49185751879e-05
    },
    "spectral_energyband_middle_low": {
        "kurt": -0.118797063828,
        "max": 0.00365148996934,
        "mean": 0.000705688202288,
        "median": 6.45511172479e-05,
        "min": 7.63325513908e-10,
        "skew": 1.03514397144,
        "var": 8.57558802636e-07
    },
    "spectral_flatness_db": {
        "kurt": -0.753677129745,
        "max": 0.308305859566,
        "mean": 0.233221441507,
        "median": 0.224586069584,
        "min": 0.129322394729,
        "skew": 0.259884148836,
        "var": 0.00148133852053
    },
    "spectral_flux": {
        "kurt": 1.37477254868,
        "max": 0.104347683489,
        "mean": 0.0200439151376,
        "median": 0.0058835814707,
        "min": 0.000593867909629,
        "skew": 1.57602787018,
        "var": 0.000645824999083
    },
    "spectral_kurtosis": {
        "kurt": -1.01101541519,
        "max": 41.645488739,
        "mean": 17.2696437836,
        "median": 17.0566959381,
        "min": 2.54230308533,
        "skew": 0.273010790348,
        "var": 104.352882385
    },
    "spectral_rms": {
        "kurt": -1.33246529102,
        "max": 0.00463869282976,
        "mean": 0.00158699788153,
        "median": 0.000397824798711,
        "min": 1.37383756282e-06,
        "skew": 0.704781889915,
        "var": 3.19939522342e-06
    },
    "spectral_rolloff": {
        "kurt": -1.55732035637,
        "max": 3531.4453125,
        "mean": 2177.9296875,
        "median": 2045.65429688,
        "min": 753.662109375,
        "skew": 0.149700805545,
        "var": 1076675.125
    },
    "spectral_skewness": {
        "kurt": -1.38877284527,
        "max": 4.95720720291,
        "mean": 2.65827512741,
        "median": 2.7736530304,
        "min": 0.969001114368,
        "skew": 0.0870334059,
        "var": 1.38559675217
    },
    "spectral_spread": {
        "kurt": 84.8937759399,
        "max": 13116005,
        "mean": 2090275.5,
        "median": 1941844.625,
        "min": 1407793.375,
        "skew": 8.95883560181,
        "var": 1.26560121651e+12
    },
    "spectral_strongpeak": {
        "kurt": -0.198267221451,
        "max": 8.09657859802,
        "mean": 1.88996303082,
        "median": 0.178792193532,
        "min": 1.43082934301e-05,
        "skew": 1.16462397575,
        "var": 7.1164264679
    },
    "zerocrossingrate": {
        "kurt": -1.49715709686,
        "max": 0.11962890625,
        "mean": 0.0695080012083,
        "median": 0.05908203125,
        "min": 0.01025390625,
        "skew": 0.160218313336,
        "var": 0.00108744739555
    },
    "barkbands": {
        "kurt": [4.22902870178, 0.370799779892, 2.34920310974, 0.588700532913, 0.246502161026, 2.38564968109, -0.951098918915, -0.574479341507, 9.24177646637, 1.03411054611, -0.561729669571, -0.648540019989, 10.9226608276, -0.088582277298, 2.80315971375, 0.967449188232, -0.723667860031, 3.09372997284, -0.926589012146, 1.05932235718, 0.624315261841, 0.0356619358063, -0.37464094162, -0.764156341553, 0.605765342712, 5.18000221252, 9.53780460358],
        "max": [2.10643733567e-07, 1.79810638201e-06, 7.18556611901e-06, 7.59663453209e-06, 1.71356914507e-05, 0.000270390271908, 0.00116832414642, 0.000717948423699, 0.000138511051773, 0.00352714490145, 0.00048833998153, 0.000164855824551, 1.40418651426e-05, 0.00387227698229, 1.29120517158e-05, 0.00239944574423, 0.00630691135302, 0.0043715685606, 0.00420215120539, 0.00155769917183, 8.88843424036e-05, 5.49546493858e-05, 5.15460669703e-06, 1.51016820382e-06, 1.15042205096e-07, 1.94806704101e-09, 1.6715807627e-09],
        "mean": [4.30697788545e-08, 5.33152558546e-07, 1.52492577854e-06, 1.92100901586e-06, 5.41639792573e-06, 3.99105811084e-05, 0.000293722376227, 0.000163755670656, 1.15212314995e-05, 0.000588592258282, 0.000120642027468, 3.58233592124e-05, 1.70414057266e-06, 0.000808340264484, 1.89802403838e-06, 0.00040656310739, 0.00148296926636, 0.000549577758648, 0.00106124044396, 0.000256249448285, 1.60617801157e-05, 1.14181766548e-05, 1.15321279281e-06, 3.09861235337e-07, 1.91123650239e-08, 2.28754584719e-10, 1.30116667441e-10],
        "median": [3.51634632523e-08, 4.44152703949e-07, 1.00551255855e-06, 1.31993976993e-06, 4.78694664707e-06, 9.86389295576e-06, 3.20246908814e-05, 8.08904223959e-06, 1.56727344347e-06, 3.46110318787e-05, 3.55225438398e-06, 3.70904990632e-06, 7.95531207132e-07, 1.70121420524e-05, 3.27216127971e-07, 8.17705404188e-06, 5.52216442884e-06, 2.06208528652e-06, 2.58557929556e-06, 5.62515481306e-07, 1.067180051e-07, 4.17808223574e-08, 3.28702576269e-09, 1.12226761217e-09, 1.86791887513e-10, 1.57580164195e-11, 5.02866021393e-12],
        "min": [7.20267179233e-11, 3.77734510337e-10, 1.85481352499e-10, 4.07931848023e-11, 1.87520915462e-10, 3.76593478624e-10, 4.13318164416e-11, 1.2122741179e-11, 8.66989535719e-11, 6.09501754623e-11, 1.40640249446e-10, 2.2820120793e-10, 3.47891888908e-11, 8.81048099061e-12, 1.10346636342e-11, 4.20553487868e-11, 9.73532799514e-12, 6.03448801345e-12, 7.38690185409e-12, 1.66273212646e-12, 8.96261526367e-13, 5.65763364976e-13, 3.29654814731e-13, 3.06929015623e-13, 2.83595602514e-13, 1.3224229383e-13, 2.44076490925e-14],
        "skew": [1.77527725697, 0.990923762321, 1.64896023273, 1.07931375504, 0.755508363247, 1.77114784718, 0.85671889782, 1.02466249466, 3.23592996597, 1.33816230297, 1.07222247124, 0.953351438046, 3.01049399376, 1.18779659271, 1.89439880848, 1.45937526226, 1.0185033083, 1.87167513371, 0.983163952827, 1.49455368519, 1.39136505127, 1.19163048267, 1.11871063709, 0.996825873852, 1.33867502213, 2.29793524742, 3.12156033516],
        "var": [1.60350028476e-15, 1.74217763696e-13, 2.39526779487e-12, 2.56024802053e-12, 1.24152580577e-11, 3.32095240196e-09, 1.49054571352e-07, 5.26925276745e-08, 8.98311369735e-10, 7.30985675546e-07, 3.00332487768e-08, 2.20269069651e-09, 5.60688214607e-12, 1.46125546507e-06, 8.6787651718e-12, 4.17210543446e-07, 4.75426941193e-06, 8.95154130376e-07, 2.60525894191e-06, 1.81503196472e-07, 6.47367270901e-10, 2.88841089935e-10, 3.01514499132e-12, 2.12032445096e-13, 8.72972854808e-16, 1.54144732333e-19, 9.95607639213e-20],
        "cov": [[1.61891861374e-15, 6.79802851313e-15, -2.20741219743e-16, 6.31005833793e-15, 4.18375491857e-14, -4.31754214629e-13, -5.32320064764e-13, -1.92201370921e-13, -1.88412992348e-13, -2.14868162325e-12, -1.20778509264e-13, -1.62922572568e-13, -7.76523976549e-15, -2.85863260147e-12, -1.86089004991e-14, -1.79430160508e-13, -3.94285255487e-12, 1.48775501467e-12, -4.60524467952e-13, -1.34344385659e-13, 2.25350540637e-14, -6.21333395162e-15, 2.4278719243e-15, 1.10808916334e-16, -2.80592865581e-17, 9.32442447428e-20, 9.85487407536e-20], [6.79802851313e-15, 1.75892937368e-13, 5.14316237168e-14, 7.53834454169e-14, 3.46569154668e-13, 3.25365472412e-12, 2.1479136178e-11, 1.09258140729e-11, 4.36789466358e-13, 3.50892578882e-11, 6.62597060552e-12, 1.7681421648e-12, 5.55748853783e-14, 5.21294118982e-11, 1.20802415922e-13, 1.90918131998e-11, 7.87702472693e-11, 2.79329250702e-11, 7.15030257226e-11, 7.58961123115e-12, 1.50444294609e-12, 6.02927701255e-13, 6.41629219374e-14, 2.39484928606e-14, 7.2683521333e-16, 2.167311019e-18, 2.39276183498e-19], [-2.20741219743e-16, 5.14316237168e-14, 2.41829928478e-12, 1.29936014205e-12, 6.36656471899e-13, 1.70482690465e-11, 5.98007685038e-11, 1.57743974133e-11, 3.58653298033e-12, 2.0680367141e-10, 1.45961957798e-11, -1.37300424936e-12, 7.34906168039e-13, 1.29061011878e-10, 8.7624097431e-13, 3.84942945575e-11, 8.03994648635e-11, -4.11749037643e-11, 1.65566227395e-10, -2.83125294043e-11, 3.32878039369e-12, 3.30245975965e-13, 2.56439048598e-13, 6.69371920088e-14, 2.65717136642e-15, 1.17020275111e-16, 7.64506130157e-17], [6.31005833793e-15, 7.53834454169e-14, 1.29936014205e-12, 2.58486591506e-12, 1.90957969923e-12, 1.99072659399e-12, 4.76904843741e-12, -3.84221994498e-12, 5.54602154132e-12, 4.48421265398e-11, -9.43689570931e-12, 6.44004597913e-13, 4.187965621e-13, -7.40753708373e-11, 4.84571584247e-13, -1.21408861697e-12, -1.32683808385e-10, 1.45493599807e-11, -5.67767291515e-11, -1.15661386718e-11, 6.51510204293e-13, 1.21787250965e-13, 2.24713199166e-14, -8.98148675116e-15, 6.61197161175e-17, 6.42968284231e-17, 6.54535247045e-17], [4.18375491857e-14, 3.46569154668e-13, 6.36656471899e-13, 1.90957969923e-12, 1.25346356558e-11, 3.95114635454e-11, 2.48211950993e-10, 1.1702663838e-10, 3.79882843932e-12, 3.19971799057e-10, 1.0914891907e-10, 2.0910190246e-11, 1.70694231319e-12, 4.60291360582e-10, 3.04457002144e-12, 4.89982276974e-10, 9.63046309366e-10, 8.31620938779e-10, 9.72504077268e-10, 2.65409416667e-10, 1.0057630076e-11, 1.0632347433e-11, 1.10549763788e-12, 3.0852688568e-13, 2.05145264247e-14, 1.5309055113e-16, 6.787677347e-17], [-4.31754214629e-13, 3.25365472412e-12, 1.70482690465e-11, 1.99072659399e-12, 3.95114635454e-11, 3.3528846366e-09, 1.18502407886e-08, 5.03514696604e-09, 1.14714160393e-09, 3.28458646948e-08, 3.1472686679e-09, 1.28436983271e-09, 9.1541899061e-11, 2.61892942888e-08, 1.48181106274e-10, 1.01819290776e-08, 4.43901839731e-08, 1.45457610401e-08, 3.19141300054e-08, 5.28803223432e-09, 5.09452313668e-10, 3.77668896157e-10, 3.79382948668e-11, 1.13764553333e-11, 7.61273748033e-13, 6.60728812835e-15, 3.08016903236e-15], [-5.32320064764e-13, 2.1479136178e-11, 5.98007685038e-11, 4.76904843741e-12, 2.48211950993e-10, 1.18502407886e-08, 1.50487792894e-07, 8.55883044437e-08, 2.53696819108e-09, 2.85749621298e-07, 6.23099793984e-08, 1.61607065507e-08, 4.62235083543e-10, 4.32785043358e-07, 5.64945090709e-10, 2.17473370867e-07, 7.94701008999e-07, 2.92551447956e-07, 5.94702498802e-07, 1.43200182379e-07, 8.8960740996e-09, 5.94424598432e-09, 6.28034846351e-10, 1.7091382476e-10, 1.02795627913e-11, 1.1391828778e-13, 6.63287309734e-14], [-1.92201370921e-13, 1.09258140729e-11, 1.57743974133e-11, -3.84221994498e-12, 1.1702663838e-10, 5.03514696604e-09, 8.55883044437e-08, 5.31991872776e-08, 8.63831894904e-10, 1.51993532427e-07, 3.78458970829e-08, 9.8518979641e-09, 1.75037012662e-10, 2.49952279319e-07, 2.18670984098e-10, 1.26968842551e-07, 4.92880815273e-07, 1.67941067275e-07, 3.40921815223e-07, 8.60076241338e-08, 5.22568965877e-09, 3.50728135423e-09, 3.62577384783e-10, 9.51798292959e-11, 5.68705282519e-12, 6.66164985588e-14, 4.00638520298e-14], [-1.88412992348e-13, 4.36789466358e-13, 3.58653298033e-12, 5.54602154132e-12, 3.79882843932e-12, 1.14714160393e-09, 2.53696819108e-09, 8.63831894904e-10, 9.06948960377e-10, 1.34053426137e-08, 1.70255393117e-10, 4.76772787916e-10, 4.57664323106e-11, 3.03971803284e-09, 5.4988347209e-11, -8.57355852979e-10, 4.81157513832e-09, 9.19323395188e-10, 6.95178026255e-10, -7.73769992524e-10, 3.15099404902e-11, 5.98970317789e-11, 4.10125449227e-12, 1.40367394357e-12, 1.01780597026e-13, 4.64530761845e-16, -6.76583448487e-17], [-2.14868162325e-12, 3.50892578882e-11, 2.0680367141e-10, 4.48421265398e-11, 3.19971799057e-10, 3.28458646948e-08, 2.85749621298e-07, 1.51993532427e-07, 1.34053426137e-08, 7.38014364288e-07, 1.08994761661e-07, 3.17772901326e-08, 1.25521881778e-09, 7.87028909599e-07, 1.62233937395e-09, 3.65938433333e-07, 1.42839246564e-06, 5.07823074258e-07, 1.06986635728e-06, 2.3300199814e-07, 1.64362905508e-08, 1.1385533405e-08, 1.18655640868e-09, 3.304243823e-10, 1.96763143973e-11, 1.90769261824e-13, 9.38342353579e-14], [-1.20778509264e-13, 6.62597060552e-12, 1.45961957798e-11, -9.43689570931e-12, 1.0914891907e-10, 3.1472686679e-09, 6.23099793984e-08, 3.78458970829e-08, 1.70255393117e-10, 1.08994761661e-07, 3.03220275555e-08, 7.31561522471e-09, 1.46091139186e-10, 1.98986597866e-07, 1.52660190045e-10, 1.02945918456e-07, 3.66444339761e-07, 1.34271417096e-07, 2.69768776207e-07, 6.83502960896e-08, 3.97927069073e-09, 2.67916133723e-09, 2.82222856196e-10, 7.40661351695e-11, 4.45610649075e-12, 4.97119367697e-14, 2.87844326553e-14], [-1.62922572568e-13, 1.7681421648e-12, -1.37300424936e-12, 6.44004597913e-13, 2.0910190246e-11, 1.28436983271e-09, 1.61607065507e-08, 9.8518979641e-09, 4.76772787916e-10, 3.17772901326e-08, 7.31561522471e-09, 2.22387042115e-09, 5.05920826066e-11, 5.01714367829e-08, 5.89960788555e-11, 2.43371225395e-08, 9.35723321049e-08, 3.43367290156e-08, 6.47042668334e-08, 1.68347433771e-08, 9.7299168722e-10, 7.00143942822e-10, 6.82573372823e-11, 1.82345041844e-11, 1.14457900623e-12, 1.24810372541e-14, 7.36653203986e-15], [-7.76523976549e-15, 5.55748853783e-14, 7.34906168039e-13, 4.187965621e-13, 1.70694231319e-12, 9.1541899061e-11, 4.62235083543e-10, 1.75037012662e-10, 4.57664323106e-11, 1.25521881778e-09, 1.46091139186e-10, 5.05920826066e-11, 5.66079431594e-12, 1.2786938175e-09, 5.15576470406e-12, 6.11132755513e-10, 1.51504153667e-09, 1.11465703334e-09, 1.73109049317e-09, 3.38561151336e-10, 2.16047804646e-11, 1.91444811393e-11, 1.79507439729e-12, 5.66122398526e-13, 3.66394435137e-14, 3.91260082567e-16, 2.28442297715e-16], [-2.85863260147e-12, 5.21294118982e-11, 1.29061011878e-10, -7.40753708373e-11, 4.60291360582e-10, 2.61892942888e-08, 4.32785043358e-07, 2.49952279319e-07, 3.03971803284e-09, 7.87028909599e-07, 1.98986597866e-07, 5.01714367829e-08, 1.2786938175e-09, 1.47530602135e-06, 1.31627531097e-09, 6.93665811013e-07, 2.40248709815e-06, 9.56469762059e-07, 1.88562967196e-06, 4.73116529065e-07, 2.70519713297e-08, 1.88297324399e-08, 1.87290316589e-09, 5.19949361344e-10, 3.24284522846e-11, 3.49600611047e-13, 2.00711219563e-13], [-1.86089004991e-14, 1.20802415922e-13, 8.7624097431e-13, 4.84571584247e-13, 3.04457002144e-12, 1.48181106274e-10, 5.64945090709e-10, 2.18670984098e-10, 5.4988347209e-11, 1.62233937395e-09, 1.52660190045e-10, 5.89960788555e-11, 5.15576470406e-12, 1.31627531097e-09, 8.76221491197e-12, 5.86493298371e-10, 1.86228144017e-09, 1.10822495625e-09, 1.78569636855e-09, 2.78030459766e-10, 2.12923463583e-11, 2.2354590401e-11, 1.83267160128e-12, 6.33769295724e-13, 4.2794977631e-14, 3.56515558694e-16, 1.55534916162e-16], [-1.79430160508e-13, 1.90918131998e-11, 3.84942945575e-11, -1.21408861697e-12, 4.89982276974e-10, 1.01819290776e-08, 2.17473370867e-07, 1.26968842551e-07, -8.57355852979e-10, 3.65938433333e-07, 1.02945918456e-07, 2.43371225395e-08, 6.11132755513e-10, 6.93665811013e-07, 5.86493298371e-10, 4.21222182467e-07, 1.22480457776e-06, 5.38746860457e-07, 9.85980250334e-07, 2.61838721372e-07, 1.363249158e-08, 9.64099999834e-09, 9.77276148895e-10, 2.72537603596e-10, 1.71833346163e-11, 1.89969229041e-13, 1.14668067793e-13], [-3.94285255487e-12, 7.87702472693e-11, 8.03994648635e-11, -1.32683808385e-10, 9.63046309366e-10, 4.43901839731e-08, 7.94701008999e-07, 4.92880815273e-07, 4.81157513832e-09, 1.42839246564e-06, 3.66444339761e-07, 9.35723321049e-08, 1.51504153667e-09, 2.40248709815e-06, 1.86228144017e-09, 1.22480457776e-06, 4.79998334413e-06, 1.54621034198e-06, 3.28277656081e-06, 8.30966598642e-07, 5.07892572443e-08, 3.34454739459e-08, 3.50402240556e-09, 9.03638996963e-10, 5.38870961742e-11, 6.03964903263e-13, 3.4430721078e-13], [1.48775501467e-12, 2.79329250702e-11, -4.11749037643e-11, 1.45493599807e-11, 8.31620938779e-10, 1.45457610401e-08, 2.92551447956e-07, 1.67941067275e-07, 9.19323395188e-10, 5.07823074258e-07, 1.34271417096e-07, 3.43367290156e-08, 1.11465703334e-09, 9.56469762059e-07, 1.10822495625e-09, 5.38746860457e-07, 1.54621034198e-06, 9.0376136086e-07, 1.36919140914e-06, 3.63529181868e-07, 1.7658472018e-08, 1.47745771173e-08, 1.34435496069e-09, 3.89100612841e-10, 2.51927853578e-11, 2.67573832015e-13, 1.5832085263e-13], [-4.60524467952e-13, 7.15030257226e-11, 1.65566227395e-10, -5.67767291515e-11, 9.72504077268e-10, 3.19141300054e-08, 5.94702498802e-07, 3.40921815223e-07, 6.95178026255e-10, 1.06986635728e-06, 2.69768776207e-07, 6.47042668334e-08, 1.73109049317e-09, 1.88562967196e-06, 1.78569636855e-09, 9.85980250334e-07, 3.28277656081e-06, 1.36919140914e-06, 2.63030960923e-06, 6.4998897642e-07, 3.72486468336e-08, 2.59705998928e-08, 2.67676059096e-09, 7.37726990607e-10, 4.4794109394e-11, 4.85752171993e-13, 2.78765048154e-13], [-1.34344385659e-13, 7.58961123115e-12, -2.83125294043e-11, -1.15661386718e-11, 2.65409416667e-10, 5.28803223432e-09, 1.43200182379e-07, 8.60076241338e-08, -7.73769992524e-10, 2.3300199814e-07, 6.83502960896e-08, 1.68347433771e-08, 3.38561151336e-10, 4.73116529065e-07, 2.78030459766e-10, 2.61838721372e-07, 8.30966598642e-07, 3.63529181868e-07, 6.4998897642e-07, 1.83248417329e-07, 9.14604481039e-09, 6.58902843398e-09, 6.44049202858e-10, 1.77158732129e-10, 1.13169881452e-11, 1.23751161228e-13, 7.57286892699e-14], [2.25350540637e-14, 1.50444294609e-12, 3.32878039369e-12, 6.51510204293e-13, 1.0057630076e-11, 5.09452313668e-10, 8.8960740996e-09, 5.22568965877e-09, 3.15099404902e-11, 1.64362905508e-08, 3.97927069073e-09, 9.7299168722e-10, 2.16047804646e-11, 2.70519713297e-08, 2.12923463583e-11, 1.363249158e-08, 5.07892572443e-08, 1.7658472018e-08, 3.72486468336e-08, 9.14604481039e-09, 6.53591958333e-10, 3.71521480247e-10, 4.22813381529e-11, 1.03950684865e-11, 5.91040996527e-13, 7.25144736738e-15, 4.286691021e-15], [-6.21333395162e-15, 6.02927701255e-13, 3.30245975965e-13, 1.21787250965e-13, 1.0632347433e-11, 3.77668896157e-10, 5.94424598432e-09, 3.50728135423e-09, 5.98970317789e-11, 1.1385533405e-08, 2.67916133723e-09, 7.00143942822e-10, 1.91444811393e-11, 1.88297324399e-08, 2.2354590401e-11, 9.64099999834e-09, 3.34454739459e-08, 1.47745771173e-08, 2.59705998928e-08, 6.58902843398e-09, 3.71521480247e-10, 2.91618423853e-10, 2.62821465979e-11, 7.35731094104e-12, 4.62952538718e-13, 4.92704665858e-15, 2.77205105692e-15], [2.4278719243e-15, 6.41629219374e-14, 2.56439048598e-13, 2.24713199166e-14, 1.10549763788e-12, 3.79382948668e-11, 6.28034846351e-10, 3.62577384783e-10, 4.10125449227e-12, 1.18655640868e-09, 2.82222856196e-10, 6.82573372823e-11, 1.79507439729e-12, 1.87290316589e-09, 1.83267160128e-12, 9.77276148895e-10, 3.50402240556e-09, 1.34435496069e-09, 2.67676059096e-09, 6.44049202858e-10, 4.22813381529e-11, 2.62821465979e-11, 3.04413677425e-12, 7.59946901414e-13, 4.47333989783e-14, 5.2016997387e-16, 2.98437712345e-16], [1.10808916334e-16, 2.39484928606e-14, 6.69371920088e-14, -8.98148675116e-15, 3.0852688568e-13, 1.13764553333e-11, 1.7091382476e-10, 9.51798292959e-11, 1.40367394357e-12, 3.304243823e-10, 7.40661351695e-11, 1.82345041844e-11, 5.66122398526e-13, 5.19949361344e-10, 6.33769295724e-13, 2.72537603596e-10, 9.03638996963e-10, 3.89100612841e-10, 7.37726990607e-10, 1.77158732129e-10, 1.03950684865e-11, 7.35731094104e-12, 7.59946901414e-13, 2.14071219518e-13, 1.3002615579e-14, 1.37447467251e-16, 7.80688032869e-17], [-2.80592865581e-17, 7.2683521333e-16, 2.65717136642e-15, 6.61197161175e-17, 2.05145264247e-14, 7.61273748033e-13, 1.02795627913e-11, 5.68705282519e-12, 1.01780597026e-13, 1.96763143973e-11, 4.45610649075e-12, 1.14457900623e-12, 3.66394435137e-14, 3.24284522846e-11, 4.2794977631e-14, 1.71833346163e-11, 5.38870961742e-11, 2.51927853578e-11, 4.4794109394e-11, 1.13169881452e-11, 5.91040996527e-13, 4.62952538718e-13, 4.47333989783e-14, 1.3002615579e-14, 8.81366845436e-16, 8.69987953715e-18, 4.9903607832e-18], [9.32442447428e-20, 2.167311019e-18, 1.17020275111e-16, 6.42968284231e-17, 1.5309055113e-16, 6.60728812835e-15, 1.1391828778e-13, 6.66164985588e-14, 4.64530761845e-16, 1.90769261824e-13, 4.97119367697e-14, 1.24810372541e-14, 3.91260082567e-16, 3.49600611047e-13, 3.56515558694e-16, 1.89969229041e-13, 6.03964903263e-13, 2.67573832015e-13, 4.85752171993e-13, 1.23751161228e-13, 7.25144736738e-15, 4.92704665858e-15, 5.2016997387e-16, 1.37447467251e-16, 8.69987953715e-18, 1.55626884894e-19, 1.17580893566e-19], [9.85487407536e-20, 2.39276183498e-19, 7.64506130157e-17, 6.54535247045e-17, 6.787677347e-17, 3.08016903236e-15, 6.63287309734e-14, 4.00638520298e-14, -6.76583448487e-17, 9.38342353579e-14, 2.87844326553e-14, 7.36653203986e-15, 2.28442297715e-16, 2.00711219563e-13, 1.55534916162e-16, 1.14668067793e-13, 3.4430721078e-13, 1.5832085263e-13, 2.78765048154e-13, 7.57286892699e-14, 4.286691021e-15, 2.77205105692e-15, 2.98437712345e-16, 7.80688032869e-17, 4.9903607832e-18, 1.17580893566e-19, 1.00518083309e-19]]
    },
    "mfcc": {
        "kurt": [-1.44827747345, 1.12108612061, -1.6056381464, -1.58181941509, -1.19194972515, -1.1023055315, -0.983583927155, 0.241146564484, -0.943000793457, -0.954825639725, -0.774297714233, -0.0722644329071, -0.889946699142],
        "max": [-682.113708496, 151.764038086, 36.9848060608, 38.1224479675, 28.7905158997, 16.2176055908, 8.57982254028, 17.0320224762, 5.6169090271, 15.720823288, 14.8738059998, 2.79376983643, 21.484752655],
        "mean": [-863.670837402, 114.396942139, -59.0473823547, 4.28936386108, -12.2203197479, -17.3089675903, -13.1145401001, 0.259652495384, -10.6512260437, -3.09683799744, -2.29055404663, -8.71922874451, 0.0665396898985],
        "median": [-903.796691895, 128.425231934, -49.6781578064, 1.86400222778, -7.76129150391, -22.7576293945, -14.5379714966, 0.751258850098, -7.12185668945, -4.04611206055, -1.80751419067, -8.76724624634, -0.28385925293],
        "min": [-1138.42004395, 1.14440917969e-05, -148.462432861, -27.2406692505, -53.7116470337, -42.1897697449, -28.8308029175, -16.3854904175, -33.1026535034, -25.5810775757, -19.9510707855, -23.3202056885, -18.4039344788],
        "skew": [0.105015970767, -1.04366123676, -0.034600675106, 0.0908997431397, -0.219566836953, 0.395927876234, 0.376755386591, -0.170870885253, -0.56533998251, 0.0132070314139, -0.024662123993, -0.188220337033, 0.00891356170177],
        "var": [18875.1503906, 837.656799316, 4274.796875, 467.742889404, 425.185119629, 206.824981689, 91.8499984741, 37.4055366516, 110.798316956, 93.1357803345, 54.9655609131, 30.7842750549, 79.2288589478],
        "cov": [[19056.6425781, -1496.53259277, -8862, 2617.00488281, -2317.32250977, -1641.23632812, -1077.05688477, 111.544715881, -1185.82592773, 818.474914551, 730.78137207, -163.428527832, 817.77923584], [-1496.53259277, 845.711181641, 837.487365723, -379.754333496, 384.63659668, 88.3089141846, 50.6848602295, -23.6853256226, 184.905273438, -137.873718262, -55.7530975342, 3.26224470139, -118.015777588], [-8862, 837.487365723, 4315.90039062, -1268.06433105, 1058.58911133, 827.816772461, 519.143859863, -44.3320121765, 546.691772461, -380.686828613, -362.68762207, 83.6876678467, -398.450073242], [2617.00488281, -379.754333496, -1268.06433105, 472.24041748, -342.20803833, -229.452941895, -138.291381836, -2.1406583786, -187.554473877, 115.137969971, 112.160079956, -28.0512886047, 134.639907837], [-2317.32250977, 384.63659668, 1058.58911133, -342.20803833, 429.2734375, 172.527099609, 117.690475464, -13.0225944519, 167.265731812, -107.585952759, -88.134803772, 3.13964724541, -110.226150513], [-1641.23632812, 88.3089141846, 827.816772461, -229.452941895, 172.527099609, 208.813690186, 114.373207092, -4.62575960159, 89.2497253418, -61.2492141724, -74.2030334473, 23.296251297, -64.8758773804], [-1077.05688477, 50.6848602295, 519.143859863, -138.291381836, 117.690475464, 114.373207092, 92.7331695557, 7.33831119537, 54.5580062866, -31.6742134094, -47.8493804932, 5.45768260956, -41.7604980469], [111.544715881, -23.6853256226, -44.3320121765, -2.1406583786, -13.0225944519, -4.62575960159, 7.33831119537, 37.7652053833, -6.79240751266, 17.2544536591, -4.12485074997, -6.31804132462, -7.39672327042], [-1185.82592773, 184.905273438, 546.691772461, -187.554473877, 167.265731812, 89.2497253418, 54.5580062866, -6.79240751266, 111.863685608, -55.5770454407, -40.348361969, 12.0438375473, -60.4440956116], [818.474914551, -137.873718262, -380.686828613, 115.137969971, -107.585952759, -61.2492141724, -31.6742134094, 17.2544536591, -55.5770454407, 94.0313186646, 33.460018158, -8.96681880951, 42.1241493225], [730.78137207, -55.7530975342, -362.68762207, 112.160079956, -88.134803772, -74.2030334473, -47.8493804932, -4.12485074997, -40.348361969, 33.460018158, 55.4940757751, -2.56493902206, 30.7179336548], [-163.428527832, 3.26224470139, 83.6876678467, -28.0512886047, 3.13964724541, 23.296251297, 5.45768260956, -6.31804132462, 12.0438375473, -8.96681880951, -2.56493902206, 31.0802783966, 10.4624090195], [817.77923584, -118.015777588, -398.450073242, 134.639907837, -110.226150513, -64.8758773804, -41.7604980469, -7.39672327042, -60.4440956116, 42.1241493225, 30.7179336548, 10.4624090195, 79.9906768799]]
    },
    "sccoeffs": {
        "kurt": [-0.0868303775787, -1.57472538948, -1.44373273849, -1.39188730717, -1.22927045822, -1.61720454693],
        "max": [-0.682990014553, -0.457844823599, -0.484422951937, -0.437669306993, -0.469192624092, -0.657971203327],
        "mean": [-0.793405711651, -0.695370554924, -0.72496253252, -0.67962884903, -0.697168648243, -0.778726875782],
        "median": [-0.798651754856, -0.745552539825, -0.773692548275, -0.730594217777, -0.732631921768, -0.802428901196],
        "min": [-0.911613225937, -0.895899355412, -0.921624243259, -0.90073132515, -0.902076005936, -0.95103007555],
        "skew": [0.266329318285, 0.241972282529, 0.313061743975, 0.344723314047, 0.283784270287, 0.0522447191179],
        "var": [0.00204917392693, 0.0221429560333, 0.0185705125332, 0.021529622376, 0.0175452884287, 0.00654490338638],
        "cov": [[0.00206887745298, 0.00123509939294, 0.00120708602481, 0.00130641344003, 0.00135023600888, 0.000936793396249], [0.00123509939294, 0.0223558675498, 0.0191773641855, 0.0208467580378, 0.0185701288283, 0.0115848975256], [0.00120708602481, 0.0191773641855, 0.0187490750104, 0.0193083751947, 0.0174169614911, 0.0102950679138], [0.00130641344003, 0.0208467580378, 0.0193083751947, 0.0217366386205, 0.019208425656, 0.0113874506205], [0.00135023600888, 0.0185701288283, 0.0174169614911, 0.019208425656, 0.0177139937878, 0.0102408165112], [0.000936793396249, 0.0115848975256, 0.0102950679138, 0.0113874506205, 0.0102408165112, 0.00660783518106]]
    },
    "scvalleys": {
        "kurt": [14.3473300934, 19.5843353271, 11.5487861633, 5.90000724792, -0.62838602066, -0.980424642563],
        "max": [-7.85329294205, -7.04190731049, -7.01266527176, -7.54218578339, -7.41346073151, -10.515294075],
        "mean": [-8.61390209198, -8.20689201355, -8.28837585449, -9.31469154358, -10.0009880066, -12.87890625],
        "median": [-8.49573898315, -8.07763767242, -8.21966171265, -9.39042663574, -10.5962867737, -13.6718187332],
        "min": [-12.537525177, -13.4379320145, -13.0732116699, -14.3741474152, -15.6991825104, -16.875667572],
        "skew": [-2.9178955555, -3.66841197014, -2.40425109863, -1.51955413818, -0.196629494429, 0.0689227804542],
        "var": [0.381353497505, 0.599210679531, 0.626308202744, 0.93315500021, 3.0929813385, 2.24235653877],
        "cov": [[0.385020375252, 0.355116069317, 0.335859656334, 0.372281372547, 0.485351383686, 0.390654295683], [0.355116069317, 0.604972302914, 0.536344468594, 0.609570264816, 0.929602265358, 0.742097973824], [0.335859656334, 0.536344468594, 0.632330358028, 0.718583405018, 1.19282031059, 0.951586782932], [0.372281372547, 0.609570264816, 0.718583405018, 0.942127645016, 1.60703217983, 1.31374907494], [0.485351383686, 0.929602265358, 1.19282031059, 1.60703217983, 3.12272143364, 2.61172866821], [0.390654295683, 0.742097973824, 0.951586782932, 1.31374907494, 2.61172866821, 2.26391768456]]
    }
},
"rhythm": {
    "beats_loudness": {
        "kurt": -1.8471082449,
        "max": 0.0188791453838,
        "mean": 0.00827721692622,
        "median": 0.00710259750485,
        "min": 2.45284081757e-05,
        "skew": 0.115804173052,
        "var": 7.0712674642e-05
    },
    "bpm": 116.148788452,
    "confidence": 0,
    "first_peak_bpm": {
        "kurt": 0,
        "max": 115,
        "mean": 115,
        "median": 115,
        "min": 115,
        "skew": 0,
        "var": 0
    },
    "first_peak_spread": {
        "kurt": 0,
        "max": 0.5,
        "mean": 0.5,
        "median": 0.5,
        "min": 0.5,
        "skew": 0,
        "var": 0
    },
    "first_peak_weight": {
        "kurt": 0,
        "max": 0.333333343267,
        "mean": 0.333333343267,
        "median": 0.333333343267,
        "min": 0.333333343267,
        "skew": 0,
        "var": 0
    },
    "onset_rate": 1.66104829311,
    "second_peak_bpm": {
        "kurt": 0,
        "max": 120,
        "mean": 120,
        "median": 120,
        "min": 120,
        "skew": 0,
        "var": 0
    },
    "second_peak_spread": {
        "kurt": 0,
        "max": 0,
        "mean": 0,
        "median": 0,
        "min": 0,
        "skew": 0,
        "var": 0
    },
    "second_peak_weight": {
        "kurt": 0,
        "max": 0.333333343267,
        "mean": 0.333333343267,
        "median": 0.333333343267,
        "min": 0.333333343267,
        "skew": 0,
        "var": 0
    },
    "beats_loudness_band_ratio": {
        "kurt": [-0.997349500656, -0.904517412186, -1.2447425127, -0.810808897018, -1.79728770256, -1.69940257072],
        "max": [0.264333099127, 0.576863467693, 0.249789193273, 0.479333937168, 0.518400788307, 0.248946979642],
        "mean": [0.0882249772549, 0.190731316805, 0.165017098188, 0.250502079725, 0.308991402388, 0.104554578662],
        "median": [0.0441857352853, 0.0889538377523, 0.161533087492, 0.193185687065, 0.339450776577, 0.0839991644025],
        "min": [0.000195334956516, 0.00815409049392, 0.0872130393982, 0.1363029778, 0.0386634133756, 0.00127299129963],
        "skew": [0.818930566311, 0.905920147896, 0.150928929448, 0.983907401562, -0.151296317577, 0.229591727257],
        "var": [0.0116187371314, 0.0539926178753, 0.00355679960921, 0.0184096992016, 0.0434624142945, 0.0112911323085],
        "cov": [[0.0154916495085, 0.0333491675556, 0.000242478374275, -0.0033621804323, -0.0277505069971, -0.0120313866064], [0.0333491675556, 0.0719901546836, -0.000270395859843, -0.00938538182527, -0.0584619641304, -0.024956965819], [0.000242478374275, -0.000270395859843, 0.00474239932373, 0.00949323736131, -0.00575911579654, -0.00534518854693], [-0.0033621804323, -0.00938538182527, 0.00949323736131, 0.0245462656021, -0.00792093109339, -0.00845031719655], [-0.0277505069971, -0.0584619641304, -0.00575911579654, -0.00792093109339, 0.057949885726, 0.0278189126402], [-0.0120313866064, -0.024956965819, -0.00534518854693, -0.00845031719655, 0.0278189126402, 0.0150548433885]]
    },
    "beats_position": [0.487619042397, 0.986848056316, 1.49768710136, 2.02013611794],
    "bpm_estimates": [117.453826904, 114.843742371],
    "bpm_intervals": [0.49922901392, 0.510839045048, 0.522449016571],
    "onset_times": [0.0696598663926, 0.417959183455, 0.626938760281, 0.940408170223],
    "histogram": [[0, 0, 0, 0, 0, 0, 0, 0, 0, 0, 0, 0, 0, 0, 0, 0, 0, 0, 0, 0, 0, 0, 0, 0, 0, 0, 0, 0, 0, 0, 0, 0, 0, 0, 0, 0, 0, 0, 0, 0, 0, 0, 0, 0, 0, 0, 0, 0, 0, 0, 0, 0, 0, 0, 0, 0, 0, 0, 0, 0, 0, 0, 0, 0, 0, 0, 0, 0, 0, 0, 0, 0, 0, 0, 0, 0, 0, 0, 0, 0, 0, 0, 0, 0, 0, 0, 0, 0, 0, 0, 0, 0, 0, 0, 0, 0, 0, 0, 0, 0, 0, 0, 0, 0, 0, 0, 0, 0, 0, 0, 0, 0, 0, 0, 0, 0.333333343267, 0, 0.333333343267, 0, 0, 0.333333343267, 0, 0, 0, 0, 0, 0, 0, 0, 0, 0, 0, 0, 0, 0, 0, 0, 0, 0, 0, 0, 0, 0, 0, 0, 0, 0, 0, 0, 0, 0, 0, 0, 0, 0, 0, 0, 0, 0, 0, 0, 0, 0, 0, 0, 0, 0, 0, 0, 0, 0, 0, 0, 0, 0, 0, 0, 0, 0, 0, 0, 0, 0, 0, 0, 0, 0, 0, 0, 0, 0, 0, 0, 0, 0, 0, 0, 0, 0, 0, 0, 0, 0, 0, 0, 0, 0, 0, 0, 0, 0, 0, 0, 0, 0, 0, 0, 0, 0, 0, 0, 0, 0, 0, 0, 0, 0, 0, 0, 0, 0, 0, 0, 0, 0, 0, 0, 0, 0, 0, 0, 0, 0, 0, 0, 0, 0, 0, 0, 0]]
},
"sfx": {
    "inharmonicity": {
        "kurt": -0.900897264481,
        "max": 0.376662015915,
        "mean": 0.138611480594,
        "median": 0.11951854825,
        "min": 0.00868079345673,
        "skew": 0.585597217083,
        "var": 0.010820876807
    },
    "oddtoevenharmonicenergyratio": {
        "kurt": 4.25284576416,
        "max": 16.3375606537,
        "mean": 2.70853066444,
        "median": 1.27415704727,
        "min": 0.0404660888016,
        "skew": 2.11314845085,
        "var": 13.3680686951
    },
    "pitch_after_max_to_before_max_energy_ratio": 0.0668641477823,
    "pitch_centroid": 52.7239341736,
    "pitch_max_to_total": 0.914285719395,
    "pitch_min_to_total": 0.75238096714,
    "tristimulus": {
        "kurt": [0.240916967392, -1.04824948311, -1.21553254128],
        "max": [0.505310058594, 0.687535405159, 0.894178628922],
        "mean": [0.120359934866, 0.352714687586, 0.526925504208],
        "median": [0.100136689842, 0.383515506983, 0.465580403805],
        "min": [0, 0.0921810790896, 0.0924066305161],
        "skew": [0.905154466629, -0.000527709082235, 0.324744552374],
        "var": [0.0134424371645, 0.0262840799987, 0.053162842989],
        "cov": [[0.013571690768, 0.00678275339305, -0.0203544478863], [0.00678275339305, 0.0265368111432, -0.0333195663989], [-0.0203544478863, -0.0333195663989, 0.0536740235984]]
    }
},
"tonal": {
    "chords_changes_rate": 0.0188679248095,
    "chords_number_rate": 0.0377358496189,
    "chords_strength": {
        "kurt": -1.64063155651,
        "max": 0.592992663383,
        "mean": 0.548787772655,
        "median": 0.538551807404,
        "min": 0.508871614933,
        "skew": 0.154586985707,
        "var": 0.000867502589244
    },
    "key_strength": 0.570782482624,
    "tuning_diatonic_strength": 0.508757412434,
    "tuning_equal_tempered_deviation": 0.253894031048,
    "tuning_frequency": 445.627075195,
    "tuning_nontempered_energy_ratio": 0.919253647327,
    "hpcp": {
        "kurt": [-0.557765960693, 4.89733409882, -0.0430717468262, 6.94599723816, 5.22783565521, 5.37176418304, 0.940709352493, -0.521575450897, 3.32750415802, 1.11320114136, 2.77803087234, 7.50812721252, 17.2562561035, 4.65190124512, 15.4139900208, 13.5236167908, 6.40291786194, -0.693900823593, -1.69938373566, 0.701704263687, 8.73593711853, 11.3103981018, 3.53127622604, 30.7094039917, 4.25619840622, 5.878074646, 8.786693573, 14.94581604, 9.35724639893, 7.08167743683, 1.47219944, -0.477367639542, -1.25867557526, 5.10717773438, 4.96311759949, 0.0419445037842],
        "max": [0.82805621624, 0.477650672197, 0.313602209091, 0.431752771139, 0.591624319553, 0.822255373001, 1, 1, 0.687215268612, 0.439727634192, 0.546530246735, 0.50550866127, 0.610148727894, 0.386470496655, 0.896599113941, 1, 0.989206373692, 1, 1, 1, 1, 0.564809203148, 0.408588856459, 1, 0.66014367342, 1, 0.760555326939, 1, 0.965256273746, 1, 1, 1, 1, 1, 1, 1],
        "mean": [0.242334768176, 0.112660333514, 0.0990897417068, 0.0750386640429, 0.0713414922357, 0.162237778306, 0.39811232686, 0.438703507185, 0.20441609621, 0.0916637629271, 0.0822203308344, 0.0609600841999, 0.0549945197999, 0.0591854676604, 0.0805931389332, 0.0979102179408, 0.162869811058, 0.39803224802, 0.57242411375, 0.36531624198, 0.107029363513, 0.0563581027091, 0.0572575069964, 0.0603075660765, 0.12182174623, 0.17691463232, 0.134767487645, 0.131627053022, 0.141390249133, 0.134975239635, 0.227610394359, 0.619108974934, 0.661258935928, 0.24064321816, 0.14981521666, 0.287704318762],
