{
"metadata": {
    "version": {
        "essentia": "2.1-beta3"
    }
},
"lowLevel": {
    "average_loudness": 0.99068403244,
    "barkbands_kurtosis": {
        "kurt": 1.42239952087,
        "max": 1.03707790375,
        "mean": -0.825259029865,
        "median": -0.885599374771,
        "min": -1.61767840385,
        "skew": 0.996863484383,
        "var": 0.264236688614
    },
    "barkbands_skewness": {
        "kurt": -0.756378173828,
        "max": 1.45361125469,
        "mean": 0.343904256821,
        "median": 0.53674352169,
        "min": -0.865151464939,
        "skew": -0.511715888977,
        "var": 0.319425135851
    },
    "barkbands_spread": {
        "kurt": -0.934326171875,
        "max": 45.5363769531,
        "mean": 33.6703643799,
        "median": 33.3956489563,
        "min": 22.3121089935,
        "skew": 0.104465939105,
        "var": 30.4743041992
    },
    "dissonance": {
        "kurt": 44.9744110107,
        "max": 0.499415695667,
        "mean": 0.480014443398,
        "median": 0.484394460917,
        "min": 0.294839769602,
        "skew": -6.15356349945,
        "var": 0.000545817776583
    },
    "hfc": {
        "kurt": 1.87012672424,
        "max": 40.9554100037,
        "mean": 6.45431613922,
        "median": 0.884811282158,
        "min": 0.013754944317,
        "skew": 1.88033187389,
        "var": 140.445877075
    },
    "pitch": {
        "kurt": 11.5339193344,
        "max": 4112.40380859,
        "mean": 461.194519043,
        "median": 226.504516602,
        "min": 100.100128174,
        "skew": 3.66509747505,
        "var": 803322.625
    },
    "pitch_instantaneous_confidence": {
        "kurt": -0.243752717972,
        "max": 0.577142894268,
        "mean": 0.271731674671,
        "median": 0.23375672102,
        "min": 0.128240406513,
        "skew": 0.8286460042,
        "var": 0.0119553133845
    },
    "pitch_salience": {
        "kurt": -0.52502989769,
        "max": 0.80810469389,
        "mean": 0.677620232105,
        "median": 0.67845004797,
        "min": 0.576469838619,
        "skew": -0.00134308671113,
        "var": 0.00273951771669
    },
    "silence_rate_20dB": {
        "kurt": 0,
        "max": 1,
        "mean": 1,
        "median": 1,
        "min": 1,
        "skew": 0,
        "var": 0
    },
    "silence_rate_30dB": {
        "kurt": 0,
        "max": 1,
        "mean": 1,
        "median": 1,
        "min": 1,
        "skew": 0,
        "var": 0
    },
    "silence_rate_60dB": {
        "kurt": 0.426300525665,
        "max": 1,
        "mean": 0.807228922844,
        "median": 1,
        "min": 0,
        "skew": -1.55766224861,
        "var": 0.155610531569
    },
    "spectral_centroid": {
        "kurt": -0.465451955795,
        "max": 2890.68505859,
        "mean": 1365.97290039,
        "median": 1098.66601562,
        "min": 608.713745117,
        "skew": 0.929721236229,
        "var": 397798.40625
    },
    "spectral_complexity": {
        "kurt": 0.876583576202,
        "max": 41,
        "mean": 8.80722904205,
        "median": 3,
        "min": 0,
        "skew": 1.60775268078,
        "var": 154.685623169
    },
    "spectral_crest": {
        "kurt": 3.08745956421,
        "max": 11.5940504074,
        "mean": 5.29483985901,
        "median": 5.11382770538,
        "min": 3.29829096794,
        "skew": 1.43712937832,
        "var": 2.29089689255
    },
    "spectral_decrease": {
        "kurt": 1.61272716522,
        "max": -4.16280638432e-12,
        "mean": -6.24679807881e-10,
        "median": -1.97253602341e-10,
        "min": -3.19435189411e-09,
        "skew": -1.81003344059,
        "var": 8.54068790448e-19
    },
    "spectral_energy": {
        "kurt": 1.62537097931,
        "max": 0.0154139073566,
        "mean": 0.00294311181642,
        "median": 0.000838089676108,
        "min": 1.69590348378e-05,
        "skew": 1.81858229637,
        "var": 2.07588327612e-05
    },
    "spectral_energyband_high": {
        "kurt": 4.73904037476,
        "max": 0.0054520368576,
        "mean": 0.000544053618796,
        "median": 3.47492314177e-05,
        "min": 3.29797387622e-07,
        "skew": 2.32867360115,
        "var": 1.28242572828e-06
    },
    "spectral_energyband_low": {
        "kurt": -0.169001340866,
        "max": 0.0003924460907,
        "mean": 0.000175947061507,
        "median": 0.000158757655299,
        "min": 5.0780604397e-06,
        "skew": 0.707426309586,
        "var": 7.67312080541e-09
    },
    "spectral_energyband_middle_high": {
        "kurt": 1.97911882401,
        "max": 0.00899975188076,
        "mean": 0.00148227438331,
        "median": 0.000288477778668,
        "min": 5.7584438764e-06,
        "skew": 1.88244795799,
        "var": 6.23371215625e-06
    },
    "spectral_energyband_middle_low": {
        "kurt": 2.73669433594,
        "max": 0.00421033566818,
        "mean": 0.000792526407167,
        "median": 0.000303890265059,
        "min": 6.38758319838e-06,
        "skew": 1.99061477184,
        "var": 1.16903379421e-06
    },
    "spectral_flatness_db": {
        "kurt": 1.96704292297,
        "max": 0.14810846746,
        "mean": 0.119378596544,
        "median": 0.119291551411,
        "min": 0.0783415734768,
        "skew": -0.384453505278,
        "var": 0.000118622556329
    },
    "spectral_flux": {
        "kurt": 0.106974124908,
        "max": 0.0699306800961,
        "mean": 0.0259444285184,
        "median": 0.0176280923188,
        "min": 0.011493335478,
        "skew": 1.3468362093,
        "var": 0.00034020273597
    },
    "spectral_kurtosis": {
        "kurt": 5.24316596985,
        "max": 12.3992500305,
        "mean": 3.49463891983,
        "median": 3.74711894989,
        "min": 0.522641181946,
        "skew": 1.51169133186,
        "var": 3.7726726532
    },
    "spectral_rms": {
        "kurt": 0.861789226532,
        "max": 0.00387788075022,
        "mean": 0.0013530543074,
        "median": 0.000904239190277,
        "min": 0.000128628918901,
        "skew": 1.57351374626,
        "var": 1.04057244243e-06
    },
    "spectral_rolloff": {
        "kurt": -1.48935592175,
        "max": 4565.0390625,
        "mean": 2809.17480469,
        "median": 2454.78515625,
        "min": 1335.05859375,
        "skew": 0.169905513525,
        "var": 1169032.875
    },
    "spectral_skewness": {
        "kurt": 3.11042642593,
        "max": 2.96797728539,
        "mean": 1.42135119438,
        "median": 1.4682123661,
        "min": 0.833053290844,
        "skew": 1.04739689827,
        "var": 0.13306184113
    },
    "spectral_spread": {
        "kurt": 8.47358226776,
        "max": 11567079,
        "mean": 4548841,
        "median": 3944583,
        "min": 3472279,
        "skew": 2.40204739571,
        "var": 1.6728326144e+12
    },
    "spectral_strongpeak": {
        "kurt": 39.3847122192,
        "max": 8.5000038147,
        "mean": 0.339174091816,
        "median": 0.0560918785632,
        "min": 0,
        "skew": 5.96230173111,
        "var": 1.15000796318
    },
    "zerocrossingrate": {
        "kurt": -0.563174724579,
        "max": 0.14990234375,
        "mean": 0.0858904346824,
        "median": 0.07763671875,
        "min": 0.02001953125,
        "skew": 0.515527248383,
        "var": 0.000922109175008
    },
    "barkbands": {
        "kurt": [0.0484693050385, 0.60808134079, 0.954050540924, 2.35483217239, 3.74050760269, 3.72403430939, 3.58833408356, 7.77503681183, 20.8383083344, 9.48959445953, 7.0155544281, 9.91855716705, 12.2789754868, 10.6032810211, 5.55701160431, 9.7468252182, 3.78520298004, 11.6054439545, 3.66847467422, 6.31523990631, 5.47310256958, 6.54109382629, 2.55302858353, 3.4767332077, 2.53147983551, 2.23452043533, 5.92671966553],
        "max": [6.56902147966e-06, 0.000245775619987, 0.000191430182895, 0.000211513863178, 0.00272440258414, 0.000691685359925, 0.00098965014331, 0.000194824373466, 0.0001570382301, 0.00104695139453, 0.000130292348331, 0.000586529495195, 0.00287097296678, 0.000946423504502, 0.000411423272453, 0.00048083360889, 0.000984724028967, 0.00277524185367, 0.00277630472556, 0.00315502868034, 0.00266358978115, 0.000642911239993, 0.000168159065652, 0.00012896078988, 4.11766559409e-05, 4.07109610023e-07, 3.86670295782e-09],
        "mean": [2.1300456865e-06, 9.09844093258e-05, 6.17282494204e-05, 5.08007251483e-05, 0.000432353117503, 0.000105694831291, 0.000138468196383, 3.27712441504e-05, 2.28738554142e-05, 0.000111052642751, 2.69499760179e-05, 6.34933749097e-05, 0.000252024852671, 8.59577849042e-05, 6.2422521296e-05, 5.49745527678e-05, 0.0001173544224, 0.000210252284887, 0.000319228885928, 0.000335996272042, 0.000263687135885, 5.95765086473e-05, 2.20507245103e-05, 1.52079883264e-05, 5.0255930546e-06, 5.36462891887e-08, 3.93511057073e-10],
        "median": [1.84299096873e-06, 7.78023895691e-05, 4.95090789627e-05, 3.54969452019e-05, 0.000127985302242, 3.7768153561e-05, 4.0268740122e-05, 1.92582920135e-05, 1.73810094566e-05, 4.11835717387e-05, 2.11116675928e-05, 2.5179799195e-05, 5.00487112731e-05, 1.8881768483e-05, 2.7521256925e-05, 1.93273663172e-05, 2.03617310035e-05, 2.30183195526e-05, 2.95544741675e-05, 4.16641414631e-05, 1.39494213727e-05, 2.94444203064e-06, 6.8769753625e-07, 2.07625987514e-07, 5.598593944e-08, 6.50130005386e-10, 4.09678194147e-11],
        "min": [4.89071450005e-09, 2.22714766096e-06, 1.65536403074e-06, 1.22902667954e-06, 7.48796423977e-07, 1.24599682749e-06, 1.06306788439e-06, 1.66579638972e-07, 1.27148473439e-06, 2.19670710067e-06, 1.18903597013e-06, 1.91698120489e-07, 3.88316692579e-07, 1.76872788415e-07, 1.46486272001e-07, 3.80554979529e-07, 2.79235194967e-07, 5.79438562909e-07, 2.73430543984e-07, 3.6160420791e-07, 1.44533913726e-07, 6.51576286259e-08, 1.25732046996e-08, 6.05489081096e-09, 6.66893829049e-09, 2.41421355129e-10, 8.05147962191e-12],
        "skew": [0.861468911171, 1.06311821938, 1.03414154053, 1.51374948025, 2.15788841248, 2.20823955536, 2.18547558784, 2.45194721222, 3.86444115639, 3.0030298233, 2.33388185501, 2.92727208138, 3.3612742424, 3.03610634804, 2.44829845428, 3.16022562981, 2.15829324722, 3.12998270988, 2.21174669266, 2.53317809105, 2.49365258217, 2.64233493805, 2.01693606377, 2.13738203049, 1.99156808853, 1.95171141624, 2.43221521378],
        "var": [2.67797502923e-12, 2.87288837164e-09, 1.50611945138e-09, 1.88543602953e-09, 4.52438769116e-07, 2.86958066198e-08, 5.2871062195e-08, 1.0513283577e-09, 4.17588352786e-10, 3.3397267174e-08, 4.62295535186e-10, 9.33297616967e-09, 2.56483673411e-07, 2.62398067719e-08, 7.45466266494e-09, 9.28831678237e-09, 4.4538300159e-08, 2.06417070103e-07, 4.24723538117e-07, 4.39272611175e-07, 3.30801753989e-07, 1.77960330916e-08, 2.17478812736e-09, 1.08139941446e-09, 1.15882192731e-10, 1.31069895199e-14, 5.73199096468e-19],
        "cov": [[2.71063315023e-12, -2.8333173481e-12, 6.46309958677e-12, -1.08242173905e-11, -3.11339981574e-10, -6.83029674486e-11, -1.0708198217e-10, -9.96007009507e-12, -5.18139003924e-12, -1.00274476222e-10, -3.17033487136e-12, -3.86673817965e-11, -2.59793658808e-10, -9.24743545627e-11, -3.00468157299e-11, -2.64182339199e-11, -9.31237517654e-11, -2.03507516394e-10, -3.19463899778e-10, -3.52289003525e-10, -3.48047479726e-10, -6.88956947048e-11, -2.33952666268e-11, -1.84251693763e-11, -4.92242574826e-12, -6.10713126663e-14, -3.82143784593e-16], [-2.8333173481e-12, 2.90792345758e-09, 9.95955318217e-10, 6.68206268095e-10, 1.21858727553e-08, 2.95986946064e-09, 3.1807891876e-09, 1.91818033679e-10, 1.18604057131e-10, 3.20325965752e-09, 3.65279528847e-10, 9.7507135699e-10, 6.16121464958e-09, 1.34441280331e-09, 1.62840174678e-09, 1.28111943276e-09, 2.9942350821e-09, 7.2406938223e-09, 1.09116573555e-08, 7.34695282389e-09, 5.89784487914e-09, 1.67672431495e-09, 5.75679448556e-10, 3.50347861833e-10, 1.44127140778e-10, 1.44636321149e-12, 5.82831851358e-15], [6.46309958677e-12, 9.95955318217e-10, 1.52448675905e-09, 5.04887687214e-10, 4.02147914969e-09, 9.14054887335e-10, 1.3024320511e-09, 1.65240321426e-10, 6.59349450038e-11, 4.20053380967e-10, 6.97999505417e-11, 3.91234156183e-10, 8.87554196805e-10, 2.70750893927e-10, 6.51781462135e-10, 5.56153623155e-10, 9.06303587733e-10, 3.24597126955e-09, 3.62028274026e-09, 2.42225639546e-09, 1.63759805716e-09, 4.32987201648e-10, 2.22503335201e-10, 7.47621339836e-11, 5.54431847655e-11, 5.07458116326e-13, -1.64715001011e-15], [-1.08242173905e-11, 6.68206268095e-10, 5.04887687214e-10, 1.90842897041e-09, 7.54595763652e-09, 1.83123238795e-09, 2.57269983095e-09, 3.77787488792e-11, 1.2771556035e-10, 1.65928326634e-09, 1.98684041441e-10, 4.8346382453e-10, 4.70043115541e-09, 1.21478871407e-09, 1.03623754022e-09, 6.06502625899e-10, 1.87909532379e-09, 3.99822530639e-09, 8.39973335331e-09, 6.97174185049e-09, 8.09455169559e-09, 8.73151106973e-10, 4.65421728935e-10, 2.88242485436e-10, 9.61262597299e-11, 1.12650026026e-12, 3.2232134154e-15], [-3.11339981574e-10, 1.21858727553e-08, 4.02147914969e-09, 7.54595763652e-09, 4.5795630399e-07, 1.10516126028e-07, 1.25629966874e-07, 1.28484956008e-08, 9.30245569464e-09, 8.58381170588e-08, 9.42211730859e-09, 5.30759649564e-08, 2.06008820669e-07, 7.32416225446e-08, 5.31128563352e-08, 5.82221630907e-08, 1.21708126244e-07, 2.66420641992e-07, 4.05547410764e-07, 3.68825709529e-07, 3.01533418678e-07, 6.28553920023e-08, 2.75579168374e-08, 1.82455437425e-08, 6.7086913802e-09, 7.01710634043e-11, 3.19227906912e-13], [-6.83029674486e-11, 2.95986946064e-09, 9.14054887335e-10, 1.83123238795e-09, 1.10516126028e-07, 2.90457560226e-08, 3.13953520958e-08, 2.77916312186e-09, 2.27508367701e-09, 2.01980796533e-08, 2.4786830366e-09, 1.38738744937e-08, 5.07075448297e-08, 1.60691246975e-08, 1.31289166205e-08, 1.44384886269e-08, 2.91627859639e-08, 6.23143989742e-08, 9.86806654169e-08, 9.06747885665e-08, 7.19015531558e-08, 1.57099577791e-08, 6.7542682558e-09, 4.32752855772e-09, 1.66451552541e-09, 1.72913142138e-11, 7.83768598525e-14], [-1.0708198217e-10, 3.1807891876e-09, 1.3024320511e-09, 2.57269983095e-09, 1.25629966874e-07, 3.13953520958e-08, 5.35158335424e-08, 4.26254498365e-09, 2.06401806757e-09, 2.72938827095e-08, 3.31554073085e-09, 1.72097802675e-08, 9.99995606321e-08, 2.72978812887e-08, 1.61286042299e-08, 1.6066593389e-08, 4.5266311588e-08, 8.72989147638e-08, 1.39073051741e-07, 1.30234113271e-07, 1.14404969054e-07, 2.49828566723e-08, 1.01431911759e-08, 6.66186927845e-09, 2.23438822999e-09, 2.52118811939e-11, 1.3202890929e-13], [-9.96007009507e-12, 1.91818033679e-10, 1.65240321426e-10, 3.77787488792e-11, 1.28484956008e-08, 2.77916312186e-09, 4.26254498365e-09, 1.06414943524e-09, 2.26500276868e-10, 3.36354788466e-09, 2.33014246787e-10, 1.65579261413e-09, 8.48627568217e-09, 3.70652841752e-09, 1.35656175182e-09, 1.48489065488e-09, 4.51085435671e-09, 9.16155507014e-09, 1.25420509534e-08, 1.26819541535e-08, 9.73201430554e-09, 2.5814907989e-09, 9.05091612768e-10, 7.08551550765e-10, 2.16203471792e-10, 2.31525172298e-12, 1.23260776586e-14], [-5.18139003924e-12, 1.18604057131e-10, 6.59349450038e-11, 1.2771556035e-10, 9.30245569464e-09, 2.27508367701e-09, 2.06401806757e-09, 2.26500276868e-10, 4.22680890289e-10, 1.14220999325e-09, 1.54744828063e-10, 9.62941171245e-10, 2.77928746684e-09, 1.47383927285e-09, 1.10132891695e-09, 1.37682287793e-09, 2.37455122232e-09, 5.23860688162e-09, 7.17213399781e-09, 6.19128526225e-09, 4.73323735761e-09, 1.00875330311e-09, 5.54414514298e-10, 2.92346619135e-10, 1.35243830024e-10, 1.28068486805e-12, 4.47814757214e-15], [-1.00274476222e-10, 3.20325965752e-09, 4.20053380967e-10, 1.65928326634e-09, 8.58381170588e-08, 2.01980796533e-08, 2.72938827095e-08, 3.36354788466e-09, 1.14220999325e-09, 3.38045502701e-08, 2.66567479201e-09, 9.70979829873e-09, 4.72205101687e-08, 2.16560138711e-08, 8.95588136984e-09, 9.44041200768e-09, 2.39959394577e-08, 5.81679380218e-08, 8.0555025761e-08, 7.61711618225e-08, 8.28612982673e-08, 1.95102369815e-08, 6.57667875714e-09, 5.01646635342e-09, 1.51114676328e-09, 1.56514176619e-11, 6.87316618008e-14], [-3.17033487136e-12, 3.65279528847e-10, 6.97999505417e-11, 1.98684041441e-10, 9.42211730859e-09, 2.4786830366e-09, 3.31554073085e-09, 2.33014246787e-10, 1.54744828063e-10, 2.66567479201e-09, 4.67933303216e-10, 1.38372491243e-09, 4.60680293912e-09, 1.70088165774e-09, 1.22920040813e-09, 1.36735844869e-09, 2.66959365725e-09, 5.46963896397e-09, 8.59085158567e-09, 8.0609385833e-09, 7.99604826796e-09, 1.70832537005e-09, 7.14877879116e-10, 5.11691133909e-10, 1.69449412835e-10, 1.68235835419e-12, 7.6145585334e-15], [-3.86673817965e-11, 9.7507135699e-10, 3.91234156183e-10, 4.8346382453e-10, 5.30759649564e-08, 1.38738744937e-08, 1.72097802675e-08, 1.65579261413e-09, 9.62941171245e-10, 9.70979829873e-09, 1.38372491243e-09, 9.44679356962e-09, 2.85407057987e-08, 9.90469217754e-09, 6.65337118733e-09, 8.19177881084e-09, 1.51162105055e-08, 3.23296411864e-08, 5.25780983196e-08, 4.89780802582e-08, 3.91324661564e-08, 8.64691607205e-09, 3.60701712943e-09, 2.64182209442e-09, 8.79605444037e-10, 9.65545265269e-12, 3.82363072953e-14], [-2.59793658808e-10, 6.16121464958e-09, 8.87554196805e-10, 4.70043115541e-09, 2.06008820669e-07, 5.07075448297e-08, 9.99995606321e-08, 8.48627568217e-09, 2.77928746684e-09, 4.72205101687e-08, 4.60680293912e-09, 2.85407057987e-08, 2.59611510955e-07, 5.46404343993e-08, 2.81215317699e-08, 2.22672689176e-08, 8.92682834319e-08, 1.67442266275e-07, 2.63606210638e-07, 2.70595904794e-07, 2.15035086626e-07, 5.41261755416e-08, 1.8396091761e-08, 1.18951533068e-08, 3.99001098828e-09, 4.54152722373e-11, 3.02078837205e-13], [-9.24743545627e-11, 1.34441280331e-09, 2.70750893927e-10, 1.21478871407e-09, 7.32416225446e-08, 1.60691246975e-08, 2.72978812887e-08, 3.70652841752e-09, 1.47383927285e-09, 2.16560138711e-08, 1.70088165774e-09, 9.90469217754e-09, 5.46404343993e-08, 2.6559805022e-08, 7.68527996797e-09, 8.34014191042e-09, 2.7020735871e-08, 5.05957835628e-08, 7.63489396149e-08, 7.53196758296e-08, 7.56591518325e-08, 1.82466326493e-08, 6.19799500612e-09, 4.61477123181e-09, 1.34844180266e-09, 1.45939128837e-11, 7.27129199408e-14], [-3.00468157299e-11, 1.62840174678e-09, 6.51781462135e-10, 1.03623754022e-09, 5.31128563352e-08, 1.31289166205e-08, 1.61286042299e-08, 1.35656175182e-09, 1.10132891695e-09, 8.95588136984e-09, 1.22920040813e-09, 6.65337118733e-09, 2.81215317699e-08, 7.68527996797e-09, 7.54557394345e-09, 7.60412266487e-09, 1.52447885426e-08, 3.17421431362e-08, 5.01947141629e-08, 4.94031695553e-08, 3.84140079746e-08, 7.40831396229e-09, 3.37006578199e-09, 2.2143979983e-09, 8.27871382558e-10, 8.48680240667e-12, 3.88233519497e-14], [-2.64182339199e-11, 1.28111943276e-09, 5.56153623155e-10, 6.06502625899e-10, 5.82221630907e-08, 1.44384886269e-08, 1.6066593389e-08, 1.48489065488e-09, 1.37682287793e-09, 9.44041200768e-09, 1.36735844869e-09, 8.19177881084e-09, 2.22672689176e-08, 8.34014191042e-09, 7.60412266487e-09, 9.40158884077e-09, 1.48661651878e-08, 3.56654759059e-08, 5.30434043355e-08, 4.63131542006e-08, 3.76117483825e-08, 7.2917654137e-09, 3.64046681689e-09, 2.40907760407e-09, 8.98734642263e-10, 9.30797453003e-12, 3.35692065779e-14], [-9.31237517654e-11, 2.9942350821e-09, 9.06303587733e-10, 1.87909532379e-09, 1.21708126244e-07, 2.91627859639e-08, 4.5266311588e-08, 4.51085435671e-09, 2.37455122232e-09, 2.39959394577e-08, 2.66959365725e-09, 1.51162105055e-08, 8.92682834319e-08, 2.7020735871e-08, 1.52447885426e-08, 1.48661651878e-08, 4.50814496844e-08, 8.12580367437e-08, 1.22418825299e-07, 1.18390452997e-07, 9.69345563817e-08, 2.30734045203e-08, 9.05653507743e-09, 5.85667159214e-09, 2.0439592241e-09, 2.24369637453e-11, 1.26896662123e-13], [-2.03507516394e-10, 7.2406938223e-09, 3.24597126955e-09, 3.99822530639e-09, 2.66420641992e-07, 6.23143989742e-08, 8.72989147638e-08, 9.16155507014e-09, 5.23860688162e-09, 5.81679380218e-08, 5.46963896397e-09, 3.23296411864e-08, 1.67442266275e-07, 5.05957835628e-08, 3.17421431362e-08, 3.56654759059e-08, 8.12580367437e-08, 2.08934352486e-07, 2.69246669404e-07, 2.35469471477e-07, 1.96453555645e-07, 4.66025795731e-08, 1.86334965235e-08, 1.17999183757e-08, 4.28728164081e-09, 4.73383866828e-11, 2.24668482603e-13], [-3.19463899778e-10, 1.09116573555e-08, 3.62028274026e-09, 8.39973335331e-09, 4.05547410764e-07, 9.86806654169e-08, 1.39073051741e-07, 1.25420509534e-08, 7.17213399781e-09, 8.0555025761e-08, 8.59085158567e-09, 5.25780983196e-08, 2.63606210638e-07, 7.63489396149e-08, 5.01947141629e-08, 5.30434043355e-08, 1.22418825299e-07, 2.69246669404e-07, 4.29903110444e-07, 3.76204411623e-07, 3.24370233784e-07, 6.6203448057e-08, 2.82257666129e-08, 1.89624458358e-08, 6.52457776695e-09, 7.20642157059e-11, 3.43901231277e-13], [-3.52289003525e-10, 7.34695282389e-09, 2.42225639546e-09, 6.97174185049e-09, 3.68825709529e-07, 9.06747885665e-08, 1.30234113271e-07, 1.26819541535e-08, 6.19128526225e-09, 7.61711618225e-08, 8.0609385833e-09, 4.89780802582e-08, 2.70595904794e-07, 7.53196758296e-08, 4.94031695553e-08, 4.63131542006e-08, 1.18390452997e-07, 2.35469471477e-07, 3.76204411623e-07, 4.44629591811e-07, 3.37605143841e-07, 6.8231273076e-08, 2.64761723656e-08, 1.86005859604e-08, 6.34788488441e-09, 6.68139710225e-11, 3.47872446994e-13], [-3.48047479726e-10, 5.89784487914e-09, 1.63759805716e-09, 8.09455169559e-09, 3.01533418678e-07, 7.19015531558e-08, 1.14404969054e-07, 9.73201430554e-09, 4.73323735761e-09, 8.28612982673e-08, 7.99604826796e-09, 3.91324661564e-08, 2.15035086626e-07, 7.56591518325e-08, 3.84140079746e-08, 3.76117483825e-08, 9.69345563817e-08, 1.96453555645e-07, 3.24370233784e-07, 3.37605143841e-07, 3.34835903004e-07, 6.40201065494e-08, 2.46837448259e-08, 1.77993673134e-08, 5.54075807457e-09, 5.88177145877e-11, 2.77735272931e-13], [-6.88956947048e-11, 1.67672431495e-09, 4.32987201648e-10, 8.73151106973e-10, 6.28553920023e-08, 1.57099577791e-08, 2.49828566723e-08, 2.5814907989e-09, 1.00875330311e-09, 1.95102369815e-08, 1.70832537005e-09, 8.64691607205e-09, 5.41261755416e-08, 1.82466326493e-08, 7.40831396229e-09, 7.2917654137e-09, 2.30734045203e-08, 4.66025795731e-08, 6.6203448057e-08, 6.8231273076e-08, 6.40201065494e-08, 1.80130577121e-08, 5.48214762475e-09, 3.70709285491e-09, 1.24224341924e-09, 1.27196708027e-11, 7.26690978442e-14], [-2.33952666268e-11, 5.75679448556e-10, 2.22503335201e-10, 4.65421728935e-10, 2.75579168374e-08, 6.7542682558e-09, 1.01431911759e-08, 9.05091612768e-10, 5.54414514298e-10, 6.57667875714e-09, 7.14877879116e-10, 3.60701712943e-09, 1.8396091761e-08, 6.19799500612e-09, 3.37006578199e-09, 3.64046681689e-09, 9.05653507743e-09, 1.86334965235e-08, 2.82257666129e-08, 2.64761723656e-08, 2.46837448259e-08, 5.48214762475e-09, 2.20131002315e-09, 1.43652656437e-09, 4.96589602772e-10, 5.22307804646e-12, 2.5216280954e-14], [-1.84251693763e-11, 3.50347861833e-10, 7.47621339836e-11, 2.88242485436e-10, 1.82455437425e-08, 4.32752855772e-09, 6.66186927845e-09, 7.08551550765e-10, 2.92346619135e-10, 5.01646635342e-09, 5.11691133909e-10, 2.64182209442e-09, 1.18951533068e-08, 4.61477123181e-09, 2.2143979983e-09, 2.40907760407e-09, 5.85667159214e-09, 1.17999183757e-08, 1.89624458358e-08, 1.86005859604e-08, 1.77993673134e-08, 3.70709285491e-09, 1.43652656437e-09, 1.09458719866e-09, 3.27982419002e-10, 3.56328616787e-12, 1.62209333557e-14], [-4.92242574826e-12, 1.44127140778e-10, 5.54431847655e-11, 9.61262597299e-11, 6.7086913802e-09, 1.66451552541e-09, 2.23438822999e-09, 2.16203471792e-10, 1.35243830024e-10, 1.51114676328e-09, 1.69449412835e-10, 8.79605444037e-10, 3.99001098828e-09, 1.34844180266e-09, 8.27871382558e-10, 8.98734642263e-10, 2.0439592241e-09, 4.28728164081e-09, 6.52457776695e-09, 6.34788488441e-09, 5.54075807457e-09, 1.24224341924e-09, 4.96589602772e-10, 3.27982419002e-10, 1.17295381741e-10, 1.18811926443e-12, 5.75407268762e-15], [-6.10713126663e-14, 1.44636321149e-12, 5.07458116326e-13, 1.12650026026e-12, 7.01710634043e-11, 1.72913142138e-11, 2.52118811939e-11, 2.31525172298e-12, 1.28068486805e-12, 1.56514176619e-11, 1.68235835419e-12, 9.65545265269e-12, 4.54152722373e-11, 1.45939128837e-11, 8.48680240667e-12, 9.30797453003e-12, 2.24369637453e-11, 4.73383866828e-11, 7.20642157059e-11, 6.68139710225e-11, 5.88177145877e-11, 1.27196708027e-11, 5.22307804646e-12, 3.56328616787e-12, 1.18811926443e-12, 1.32668305663e-14, 6.14666266485e-17], [-3.82143784593e-16, 5.82831851358e-15, -1.64715001011e-15, 3.2232134154e-15, 3.19227906912e-13, 7.83768598525e-14, 1.3202890929e-13, 1.23260776586e-14, 4.47814757214e-15, 6.87316618008e-14, 7.6145585334e-15, 3.82363072953e-14, 3.02078837205e-13, 7.27129199408e-14, 3.88233519497e-14, 3.35692065779e-14, 1.26896662123e-13, 2.24668482603e-13, 3.43901231277e-13, 3.47872446994e-13, 2.77735272931e-13, 7.26690978442e-14, 2.5216280954e-14, 1.62209333557e-14, 5.75407268762e-15, 6.14666266485e-17, 5.80189341331e-19]]
    },
    "mfcc": {
        "kurt": [0.392682552338, -0.2169444561, 1.30005693436, 0.189067840576, -0.766129493713, 0.197521686554, 0.0958139896393, -0.188020944595, -0.00811314582825, 0.240583896637, -0.0391902923584, -0.435439348221, -0.399612903595],
        "max": [-596.340637207, 154.019958496, -3.42192077637, 61.4588813782, 1.21401977539, 19.5864505768, 22.6336097717, 12.566827774, 10.1603431702, 16.7890224457, 7.81766891479, 8.11320877075, 11.4315567017],
        "mean": [-752.667663574, 119.379920959, -41.3947944641, 45.6520462036, -10.5499505997, 9.51038265228, 8.78828620911, -4.1455616951, -6.59402656555, -0.246706083417, -3.79287934303, -0.977116405964, -1.43283987045],
        "median": [-777.988708496, 134.751953125, -40.5284767151, 44.7535972595, -11.1434783936, 10.5939006805, 9.4709815979, -3.32260131836, -4.93565750122, 0.0296859741211, -2.89909744263, -1.17734146118, -0.8473777771],
        "min": [-977.305358887, 47.1774215698, -68.6646728516, 18.2626075745, -22.9428405762, -8.3990020752, -2.34199142456, -23.5030498505, -31.7029037476, -13.7496032715, -18.2808609009, -14.5544052124, -17.4696044922],
        "skew": [0.838611721992, -1.16525197029, 0.114694036543, -0.0578123405576, 0.155464187264, -0.772063016891, 0.0982341170311, -0.3868470788, -0.654896378517, 0.477276563644, -0.36487531662, -0.200623959303, -0.275409758091],
        "var": [5941.48291016, 1077.3527832, 110.952758789, 67.9681091309, 32.8701133728, 35.1988067627, 24.0489864349, 60.1401557922, 84.0511322021, 42.469669342, 33.8731803894, 25.0239849091, 37.5269622803],
        "cov": [[6013.93994141, -2329.88720703, 208.686950684, -17.7591590881, -111.887756348, -178.686004639, -125.743255615, -474.15512085, -607.979248047, -156.46661377, -77.4387741089, -0.26623275876, -256.550323486], [-2329.88720703, 1090.49121094, -142.969467163, 58.3737030029, 32.7603149414, 98.4503631592, 48.1254272461, 188.92855835, 248.574035645, 71.3425674438, 32.8267364502, -2.04909420013, 121.552963257], [208.686950684, -142.969467163, 112.305839539, -46.8258666992, 13.6266460419, -26.5537166595, -12.9212150574, -3.38039183617, -24.4450855255, -40.6613235474, -3.95421504974, -10.2063446045, -24.7033195496], [-17.7591590881, 58.3737030029, -46.8258666992, 68.7969894409, -4.01810121536, 17.3411540985, 9.71251010895, -11.5178546906, 4.53949546814, 26.3453330994, -10.4783658981, -2.06756448746, 11.7965888977], [-111.887756348, 32.7603149414, 13.6266460419, -4.01810121536, 33.2709693909, 8.85413455963, 0.103848151863, 11.9756298065, 11.1059703827, -5.44062900543, -6.03794431686, -0.114683188498, 1.74763345718], [-178.686004639, 98.4503631592, -26.5537166595, 17.3411540985, 8.85413455963, 35.6280593872, 11.5867652893, 14.6467313766, 20.0739498138, 11.0392951965, 3.28585362434, -0.153249695897, 8.69908618927], [-125.743255615, 48.1254272461, -12.9212150574, 9.71251010895, 0.103848151863, 11.5867652893, 24.3422660828, 13.6306333542, 13.6741008759, 11.73026371, -3.98874282837, -5.16029882431, 4.68345117569], [-474.15512085, 188.92855835, -3.38039183617, -11.5178546906, 11.9756298065, 14.6467313766, 13.6306333542, 60.8735694885, 59.6326942444, 4.35561800003, 9.65603351593, -6.81534481049, 17.8198261261], [-607.979248047, 248.574035645, -24.4450855255, 4.53949546814, 11.1059703827, 20.0739498138, 13.6741008759, 59.6326942444, 85.0761489868, 21.0035591125, 8.60915660858, -6.08792209625, 24.3922538757], [-156.46661377, 71.3425674438, -40.6613235474, 26.3453330994, -5.44062900543, 11.0392951965, 11.73026371, 4.35561800003, 21.0035591125, 42.9875907898, 3.40583133698, 1.91731965542, 4.68303918839], [-77.4387741089, 32.8267364502, -3.95421504974, -10.4783658981, -6.03794431686, 3.28585362434, -3.98874282837, 9.65603351593, 8.60915660858, 3.40583133698, 34.2862701416, 10.3159284592, 3.64181184769], [-0.26623275876, -2.04909420013, -10.2063446045, -2.06756448746, -0.114683188498, -0.153249695897, -5.16029882431, -6.81534481049, -6.08792209625, 1.91731965542, 10.3159284592, 25.3291549683, 9.58730602264], [-256.550323486, 121.552963257, -24.7033195496, 11.7965888977, 1.74763345718, 8.69908618927, 4.68345117569, 17.8198261261, 24.3922538757, 4.68303918839, 3.64181184769, 9.58730602264, 37.9846076965]]
    },
    "sccoeffs": {
        "kurt": [0.169549942017, -0.252251625061, 1.26017904282, 0.482626914978, 0.471287727356, 3.60786294937],
        "max": [-0.535802543163, -0.628990471363, -0.659841775894, -0.703077435493, -0.71636646986, -0.744160652161],
        "mean": [-0.728787541389, -0.794151008129, -0.823314905167, -0.809627473354, -0.827672183514, -0.778928816319],
        "median": [-0.743041813374, -0.810702085495, -0.833706974983, -0.820063114166, -0.838773071766, -0.780099928379],
        "min": [-0.884299039841, -0.898881912231, -0.893359720707, -0.866362214088, -0.893054485321, -0.849797904491],
        "skew": [0.545945644379, 0.752710878849, 1.02104437351, 0.964610040188, 1.20803117752, -0.907709300518],
        "var": [0.00471907481551, 0.00412911502644, 0.00193634966854, 0.00147605862003, 0.00153603486251, 0.000244831957389],
        "cov": [[0.00477662449703, 0.00277805142105, 0.00186134479009, 0.00163666717708, 0.001946567907, 0.00030167560908], [0.00277805142105, 0.00417947024107, 0.00153950147796, 0.0015822108835, 0.00194782740436, 0.000177652866114], [0.00186134479009, 0.00153950147796, 0.00195996370167, 0.000949362700339, 0.00116623670328, 0.000121608718473], [0.00163666717708, 0.0015822108835, 0.000949362700339, 0.00149405933917, 0.00121451390442, 0.000169607315911], [0.001946567907, 0.00194782740436, 0.00116623670328, 0.00121451390442, 0.00155476701912, 0.000201676040888], [0.00030167560908, 0.000177652866114, 0.000121608718473, 0.000169607315911, 0.000201676040888, 0.000247817719355]]
    },
    "scvalleys": {
        "kurt": [0.896132946014, 4.47340154648, 2.10618972778, 3.52076244354, 0.103765010834, -0.0617942810059],
        "max": [-5.74155330658, -6.06545972824, -6.13721656799, -6.11639499664, -5.86434745789, -7.55561923981],
        "mean": [-6.5684337616, -6.88726902008, -7.05821371078, -7.27042770386, -7.48685026169, -10.128868103],
        "median": [-6.5282907486, -6.87852716446, -7.12851238251, -7.38442897797, -7.68760156631, -10.6805105209],
        "min": [-7.92820596695, -8.79918193817, -8.4638338089, -9.78729343414, -9.76130771637, -12.1527833939],
        "skew": [-0.661404967308, -1.18766319752, 0.0111371055245, -0.370826423168, 0.525820672512, 1.21109545231],
        "var": [0.150192633271, 0.163030728698, 0.124987095594, 0.316698372364, 0.576445937157, 1.43128871918],
        "cov": [[0.152024239302, 0.0660975947976, 0.0527525395155, 0.10080832988, 0.129809916019, 0.162405788898], [0.0660975947976, 0.165018901229, 0.0937947407365, 0.161309927702, 0.197652891278, 0.306085824966], [0.0527525395155, 0.0937947407365, 0.126511335373, 0.161495551467, 0.214597254992, 0.330781191587], [0.10080832988, 0.161309927702, 0.161495551467, 0.320560544729, 0.403361797333, 0.600337028503], [0.129809916019, 0.197652891278, 0.214597254992, 0.403361797333, 0.583475768566, 0.858107805252], [0.162405788898, 0.306085824966, 0.330781191587, 0.600337028503, 0.858107805252, 1.44874334335]]
    }
},
"rhythm": {
    "beats_loudness": {
        "kurt": -1.28694283962,
        "max": 0.00514948600903,
        "mean": 0.00234098057263,
        "median": 0.00188383471686,
        "min": 0.000446766818641,
        "skew": 0.517064452171,
        "var": 3.38736572303e-06
    },
    "bpm": 163.235565186,
    "confidence": 0,
    "first_peak_bpm": {
        "kurt": 0,
        "max": 161,
        "mean": 161,
        "median": 161,
        "min": 161,
        "skew": 0,
        "var": 0
    },
    "first_peak_spread": {
        "kurt": 0,
        "max": 0,
        "mean": 0,
        "median": 0,
        "min": 0,
        "skew": 0,
        "var": 0
    },
    "first_peak_weight": {
        "kurt": 0,
        "max": 0.666666686535,
        "mean": 0.666666686535,
        "median": 0.666666686535,
        "min": 0.666666686535,
        "skew": 0,
        "var": 0
    },
    "onset_rate": 1.58509552479,
    "second_peak_bpm": {
        "kurt": 0,
        "max": 167,
        "mean": 167,
        "median": 167,
        "min": 167,
        "skew": 0,
        "var": 0
    },
    "second_peak_spread": {
        "kurt": 0,
        "max": 0,
        "mean": 0,
        "median": 0,
        "min": 0,
        "skew": 0,
        "var": 0
    },
    "second_peak_weight": {
        "kurt": 0,
        "max": 0.333333343267,
        "mean": 0.333333343267,
        "median": 0.333333343267,
        "min": 0.333333343267,
        "skew": 0,
        "var": 0
    },
    "beats_loudness_band_ratio": {
        "kurt": [-0.996690273285, -1.17870092392, -0.911886930466, -0.816007137299, -1.77189099789, -0.922242879868],
        "max": [0.327424108982, 0.165228366852, 0.143868222833, 0.23035877943, 0.237411916256, 0.34656509757],
        "mean": [0.181219369173, 0.123330429196, 0.0883313715458, 0.206966638565, 0.200385123491, 0.232024148107],
        "median": [0.176015943289, 0.126098036766, 0.0803290903568, 0.219870522618, 0.199956253171, 0.251772046089],
        "min": [0.0454214625061, 0.0758972838521, 0.0487991049886, 0.157766744494, 0.164216056466, 0.0779873877764],
        "skew": [0.155724734068, -0.227094635367, 0.652966022491, -0.988168299198, 0.0203658156097, -0.585509359837],
        "var": [0.00997301004827, 0.00105945987161, 0.00119706708938, 0.000850627198815, 0.000907117151655, 0.00940673239529],
        "cov": [[0.0132973464206, 0.00109522033017, 0.00452932715416, -0.00080164289102, -0.00348430685699, -0.0127600729465], [0.00109522033017, 0.00141261320096, 0.000435829628259, -0.00103816750925, -0.000901271763723, -0.00100294651929], [0.00452932715416, 0.000435829628259, 0.00159608945251, -0.000182514675544, -0.00119230011478, -0.00446611596271], [-0.00080164289102, -0.00103816750925, -0.000182514675544, 0.00113416963723, 0.000725949183106, 0.000402447622037], [-0.00348430685699, -0.000901271763723, -0.00119230011478, 0.000725949183106, 0.00120948953554, 0.00326378340833], [-0.0127600729465, -0.00100294651929, -0.00446611596271, 0.000402447622037, 0.00326378340833, 0.0125423101708]]
    },
    "beats_position": [0.336689323187, 0.696598649025, 1.06811785698, 1.43963718414],
    "bpm_estimates": [166.708648682, 161.499053955, 161.49899292],
    "bpm_intervals": [0.359909325838, 0.371519207954, 0.371519327164],
    "onset_times": [0.0116099771112, 0.220589563251, 0.429569154978],
    "histogram": [[0, 0, 0, 0, 0, 0, 0, 0, 0, 0, 0, 0, 0, 0, 0, 0, 0, 0, 0, 0, 0, 0, 0, 0, 0, 0, 0, 0, 0, 0, 0, 0, 0, 0, 0, 0, 0, 0, 0, 0, 0, 0, 0, 0, 0, 0, 0, 0, 0, 0, 0, 0, 0, 0, 0, 0, 0, 0, 0, 0, 0, 0, 0, 0, 0, 0, 0, 0, 0, 0, 0, 0, 0, 0, 0, 0, 0, 0, 0, 0, 0, 0, 0, 0, 0, 0, 0, 0, 0, 0, 0, 0, 0, 0, 0, 0, 0, 0, 0, 0, 0, 0, 0, 0, 0, 0, 0, 0, 0, 0, 0, 0, 0, 0, 0, 0, 0, 0, 0, 0, 0, 0, 0, 0, 0, 0, 0, 0, 0, 0, 0, 0, 0, 0, 0, 0, 0, 0, 0, 0, 0, 0, 0, 0, 0, 0, 0, 0, 0, 0, 0, 0, 0, 0, 0, 0, 0, 0, 0, 0, 0, 0.666666686535, 0, 0, 0, 0, 0, 0.333333343267, 0, 0, 0, 0, 0, 0, 0, 0, 0, 0, 0, 0, 0, 0, 0, 0, 0, 0, 0, 0, 0, 0, 0, 0, 0, 0, 0, 0, 0, 0, 0, 0, 0, 0, 0, 0, 0, 0, 0, 0, 0, 0, 0, 0, 0, 0, 0, 0, 0, 0, 0, 0, 0, 0, 0, 0, 0, 0, 0, 0, 0, 0, 0, 0, 0, 0, 0, 0, 0, 0, 0, 0, 0, 0, 0, 0, 0, 0, 0, 0, 0, 0]]
},
"sfx": {
    "inharmonicity": {
        "kurt": -0.690512180328,
        "max": 0.308740675449,
        "mean": 0.125224977732,
        "median": 0.113543644547,
        "min": 0,
        "skew": 0.375175058842,
        "var": 0.00608919234946
    },
    "oddtoevenharmonicenergyratio": {
        "kurt": 19.5003356934,
        "max": 4.37394523621,
        "mean": 0.653672158718,
        "median": 0.548099577427,
        "min": 0,
        "skew": 3.63137078285,
        "var": 0.330503612757
    },
    "pitch_after_max_to_before_max_energy_ratio": 1.04680109024,
    "pitch_centroid": 33.7240715027,
    "pitch_max_to_total": 0.289156615734,
    "pitch_min_to_total": 0.722891569138,
    "tristimulus": {
        "kurt": [8.41862869263, 0.338043689728, 3.16212368011],
        "max": [1, 0.446062803268, 0.875291764736],
        "mean": [0.208708226681, 0.208257049322, 0.583034753799],
        "median": [0.166518986225, 0.20989921689, 0.622246146202],
        "min": [0, 0, 0],
        "skew": [2.96341776848, -0.105804666877, -1.65116405487],
        "var": [0.0456446930766, 0.00827933941036, 0.0348947644234],
        "cov": [[0.0462013371289, -0.00963066145778, -0.0365706570446], [-0.00963066145778, 0.00838030688465, 0.00125035597011], [-0.0365706570446, 0.00125035597011, 0.0353203117847]]
    }
},
"tonal": {
    "chords_changes_rate": 0.0714285746217,
    "chords_number_rate": 0.095238097012,
    "chords_strength": {
        "kurt": -0.801908969879,
        "max": 0.651171863079,
        "mean": 0.524677634239,
        "median": 0.501212716103,
        "min": 0.423539310694,
        "skew": 0.498185694218,
        "var": 0.00387118477374
    },
    "key_strength": 0.568421125412,
    "tuning_diatonic_strength": 0.56625187397,
    "tuning_equal_tempered_deviation": 0.157039135695,
    "tuning_frequency": 448.726654053,
    "tuning_nontempered_energy_ratio": 0.815370202065,
    "hpcp": {
        "kurt": [-1.4562715292, -1.15851652622, 0.437366485596, -0.0193428993225, -0.198639154434, -0.856068372726, 0.779201745987, 10.5000562668, 1.65694379807, 3.21083784103, 4.76954364777, 0.911678314209, -0.616659879684, 1.85675239563, 16.6084461212, 4.171646595, 4.36608743668, 2.38288545609, 1.53209877014, 4.8528585434, 4.78249454498, -0.267084360123, 0.672180175781, 0.972198486328, 0.592163324356, 0.00288701057434, -0.846363306046, -1.42296886444, 1.73032855988, 2.43572950363, 6.78827190399, 3.05529546738, 2.15461063385, -0.127002000809, -0.625596523285, -0.765964984894],
        "max": [1, 0.998518824577, 0.764818549156, 0.478611826897, 0.495562374592, 0.584459066391, 0.821874201298, 0.820726633072, 0.389543145895, 0.502438545227, 0.624906182289, 0.862583756447, 1, 1, 0.665431201458, 0.492516100407, 0.514040529728, 0.476555556059, 0.388743162155, 0.598969638348, 0.948539912701, 0.763222813606, 1, 1, 1, 1, 1, 1, 1, 0.632337093353, 1, 1, 1, 1, 1, 1],
        "mean": [0.433325052261, 0.395555585623, 0.269987791777, 0.192655012012, 0.21213760972, 0.268916279078, 0.250536382198, 0.16741591692, 0.131052613258, 0.137496620417, 0.145285114646, 0.256877541542, 0.367580443621, 0.250610888004, 0.133575543761, 0.14398534596, 0.1509770751, 0.150038361549, 0.148071929812, 0.152097910643, 0.220147490501, 0.30101493001, 0.327390372753, 0.320485264063, 0.321156561375, 0.341969043016, 0.446809053421, 0.445045530796, 0.256310284138, 0.176326483488, 0.226198643446, 0.267027050257, 0.288569927216, 0.414126843214, 0.443890213966, 0.391357183456],
