{
"metadata": {
    "version": {
        "essentia": "2.1-beta3"
    }
},
"lowLevel": {
    "average_loudness": 0.610490381718,
    "barkbands_kurtosis": {
        "kurt": 4.74141454697,
        "max": 17.7350692749,
        "mean": 1.94755935669,
        "median": 0.524681210518,
        "min": -0.783144235611,
        "skew": 2.11033654213,
        "var": 11.0003538132
    },
    "barkbands_skewness": {
        "kurt": 2.26683139801,
        "max": 3.33955049515,
        "mean": 0.6994176507,
        "median": 0.598447859287,
        "min": -0.616595089436,
        "skew": 1.1999143362,
        "var": 0.431201070547
    },
    "barkbands_spread": {
        "kurt": -1.05739784241,
        "max": 23.9915771484,
        "mean": 12.3938207626,
        "median": 14.6444988251,
        "min": 1.62765741348,
        "skew": -0.450087994337,
        "var": 36.5764808655
    },
    "dissonance": {
        "kurt": 1.58345317841,
        "max": 0.49898698926,
        "mean": 0.436407357454,
        "median": 0.462600141764,
        "min": 0.200779035687,
        "skew": -1.52438306808,
        "var": 0.00445679621771
    },
    "hfc": {
        "kurt": 2.96111345291,
        "max": 37.9031486511,
        "mean": 4.35500860214,
        "median": 0.0790366008878,
        "min": 0.0105084916577,
        "skew": 2.1001291275,
        "var": 87.7754211426
    },
    "pitch": {
        "kurt": 1.3194103241,
        "max": 832.269348145,
        "mean": 301.811309814,
        "median": 294.704223633,
        "min": 92.12865448,
        "skew": 0.497727185488,
        "var": 14475.2265625
    },
    "pitch_instantaneous_confidence": {
        "kurt": -1.27869594097,
        "max": 0.974274873734,
        "mean": 0.490333616734,
        "median": 0.349975794554,
        "min": 0.143552541733,
        "skew": 0.649260938168,
        "var": 0.0937933549285
    },
    "pitch_salience": {
        "kurt": 0.848311424255,
        "max": 0.842418193817,
        "mean": 0.670521020889,
        "median": 0.689409852028,
        "min": 0.313274949789,
        "skew": -0.999222874641,
        "var": 0.0102475304157
    },
    "silence_rate_20dB": {
        "kurt": 0,
        "max": 1,
        "mean": 1,
        "median": 1,
        "min": 1,
        "skew": 0,
        "var": 0
    },
    "silence_rate_30dB": {
        "kurt": 0,
        "max": 1,
        "mean": 1,
        "median": 1,
        "min": 1,
        "skew": 0,
        "var": 0
    },
    "silence_rate_60dB": {
        "kurt": -0.183625936508,
        "max": 1,
        "mean": 0.779411792755,
        "median": 1,
        "min": 0,
        "skew": -1.34772729874,
        "var": 0.171928599477
    },
    "spectral_centroid": {
        "kurt": 0.416303634644,
        "max": 1217.0690918,
        "mean": 792.611633301,
        "median": 777.321655273,
        "min": 532.62701416,
        "skew": 0.597460865974,
        "var": 15587.5351562
    },
    "spectral_complexity": {
        "kurt": 0.0471942424774,
        "max": 9,
        "mean": 1.69117641449,
        "median": 0,
        "min": 0,
        "skew": 1.28685045242,
        "var": 7.41934919357
    },
    "spectral_crest": {
        "kurt": -0.479422569275,
        "max": 23.4742584229,
        "mean": 9.57078170776,
        "median": 6.86702537537,
        "min": 3.02773857117,
        "skew": 0.967357099056,
        "var": 32.5217933655
    },
    "spectral_decrease": {
        "kurt": 3.40457296371,
        "max": -2.90271452708e-12,
        "mean": -1.12150522202e-09,
        "median": -2.74909955911e-11,
        "min": -1.02139114944e-08,
        "skew": -2.17250037193,
        "var": 5.859599394e-18
    },
    "spectral_energy": {
        "kurt": 3.36286592484,
        "max": 0.04198756814,
        "mean": 0.00462783221155,
        "median": 0.000110654036689,
        "min": 1.19086789709e-05,
        "skew": 2.16576480865,
        "var": 9.96934322757e-05
    },
    "spectral_energyband_high": {
        "kurt": 6.10879516602,
        "max": 1.71309347934e-05,
        "mean": 2.11322571886e-06,
        "median": 7.29665089239e-07,
        "min": 1.51444069729e-07,
        "skew": 2.55916595459,
        "var": 1.08773953386e-11
    },
    "spectral_energyband_low": {
        "kurt": 2.34004068375,
        "max": 3.73276670871e-05,
        "mean": 1.14960312203e-05,
        "median": 9.56963958743e-06,
        "min": 1.65808285146e-06,
        "skew": 1.4155292511,
        "var": 4.23649899883e-11
    },
    "spectral_energyband_middle_high": {
        "kurt": 3.55354595184,
        "max": 0.0349854193628,
        "mean": 0.00378712709062,
        "median": 3.85063431168e-05,
        "min": 6.60186924506e-06,
        "skew": 2.20519852638,
        "var": 7.02476536389e-05
    },
    "spectral_energyband_middle_low": {
        "kurt": 4.72557163239,
        "max": 0.0273444280028,
        "mean": 0.00266613136046,
        "median": 6.4252235461e-05,
        "min": 3.39433836416e-06,
        "skew": 2.38437962532,
        "var": 3.57764620276e-05
    },
    "spectral_flatness_db": {
        "kurt": -0.127653360367,
        "max": 0.388853758574,
        "mean": 0.206674307585,
        "median": 0.172375231981,
        "min": 0.0771895721555,
        "skew": 1.14548015594,
        "var": 0.00538184167817
    },
    "spectral_flux": {
        "kurt": 5.08829498291,
        "max": 0.109187424183,
        "mean": 0.0164833832532,
        "median": 0.00689074862748,
        "min": 0.00414634868503,
        "skew": 2.36117815971,
        "var": 0.000443953002105
    },
    "spectral_kurtosis": {
        "kurt": 1.23620843887,
        "max": 45.0594749451,
        "mean": 14.5922327042,
        "median": 10.8280887604,
        "min": 3.72827100754,
        "skew": 1.41515040398,
        "var": 84.0394668579
    },
    "spectral_rms": {
        "kurt": 1.47409963608,
        "max": 0.00640027178451,
        "mean": 0.00121770636179,
        "median": 0.00032856524922,
        "min": 0.000107787862362,
        "skew": 1.74841547012,
        "var": 3.03214528685e-06
    },
    "spectral_rolloff": {
        "kurt": 1.09331083298,
        "max": 1614.99023438,
        "mean": 1194.61767578,
        "median": 1205.859375,
        "min": 645.99609375,
        "skew": -0.521470487118,
        "var": 30323.0136719
    },
    "spectral_skewness": {
        "kurt": 0.683823823929,
        "max": 5.31555986404,
        "mean": 2.81627035141,
        "median": 2.5420293808,
        "min": 1.66738605499,
        "skew": 1.21222233772,
        "var": 0.60615080595
    },
    "spectral_spread": {
        "kurt": 112.452804565,
        "max": 20996104,
        "mean": 2655369,
        "median": 2571598.5,
        "min": 1616910.125,
        "skew": 10.2952289581,
        "var": 2.68471028941e+12
    },
    "spectral_strongpeak": {
        "kurt": 2.00974225998,
        "max": 5.43221235275,
        "mean": 0.766912460327,
        "median": 0.0761904716492,
        "min": 0,
        "skew": 1.84056508541,
        "var": 1.88906812668
    },
    "zerocrossingrate": {
        "kurt": 1.24325418472,
        "max": 0.05810546875,
        "mean": 0.0436616800725,
        "median": 0.0439453125,
        "min": 0.02001953125,
        "skew": -0.345669388771,
        "var": 3.71566820832e-05
    },
    "barkbands": {
        "kurt": [1.52239084244, 1.58801269531, 3.63455152512, 6.44995975494, 1.98188638687, 4.49869060516, 4.55151987076, 43.5583076477, 7.98846721649, 5.26949691772, 1.58109664917, 4.55791139603, 1.61781167984, 10.4214363098, 20.8201961517, 17.018579483, 7.93548870087, 15.0077533722, 3.30710029602, 11.6658229828, 4.9317688942, 11.5151348114, 5.85565567017, 10.2594976425, 5.42248630524, 55.4097633362, 103.027587891],
        "max": [1.00161742012e-06, 2.99628081848e-05, 5.05469688505e-06, 1.96834553208e-05, 5.82786815357e-05, 0.000655965530314, 0.000551376258954, 0.000135270995088, 0.000294240860967, 0.0335301980376, 2.39968758251e-05, 0.0106404433027, 1.53636174218e-05, 0.00107415625826, 0.00071961840149, 0.000737680820748, 0.000714823196176, 0.00027232489083, 9.75808798103e-05, 4.9097223382e-05, 3.86485544368e-06, 3.11198709824e-06, 1.23033873933e-06, 3.36334665008e-07, 1.75362501409e-07, 9.40671540661e-09, 9.69567981457e-09],
        "mean": [2.1658773619e-07, 9.12197356229e-06, 1.24188818518e-06, 2.85793998955e-06, 1.58672719408e-05, 8.13400838524e-05, 6.85031191097e-05, 8.80405877979e-06, 3.12520714942e-05, 0.00308821233921, 7.60844068282e-06, 0.00106591777876, 4.96005441164e-06, 7.89042460383e-05, 3.71575079043e-05, 3.87131622119e-05, 5.52795791009e-05, 1.6315450921e-05, 1.0485178791e-05, 3.90656032323e-06, 6.67562460421e-07, 3.28245391756e-07, 1.27785256154e-07, 2.81941083813e-08, 1.75908674294e-08, 3.70716290998e-10, 1.8049230166e-10],
        "median": [1.34522451845e-07, 7.58852365834e-06, 1.10238954676e-06, 1.79498113084e-06, 1.36640192068e-05, 1.12043144327e-05, 1.07695623228e-05, 4.78687115901e-06, 6.5147451096e-06, 1.06199522634e-05, 6.39676454739e-06, 6.9038806032e-06, 4.14866190113e-06, 3.03291540149e-06, 1.96133487407e-06, 1.33254968659e-06, 1.15605075734e-06, 7.29360749574e-07, 1.01995783552e-06, 4.87963120577e-07, 3.71474015992e-07, 1.41037190815e-07, 1.74986123369e-08, 4.63209426371e-09, 1.15045273308e-09, 3.6989918073e-11, 5.3539317077e-12],
        "min": [1.1482943485e-09, 6.53019014862e-07, 3.26554321362e-08, 1.31219181299e-07, 5.15506599186e-07, 5.63733919989e-07, 6.28503528333e-07, 5.81524943755e-07, 2.05993529789e-07, 1.40241718327e-06, 1.08358869966e-06, 9.60857732935e-07, 7.1520395295e-07, 1.55363906629e-07, 1.39785086617e-07, 6.63328307837e-08, 1.12067937152e-07, 9.23673937336e-08, 1.3705424351e-07, 6.88630379386e-08, 4.70850309853e-08, 2.57253560676e-08, 6.76541089817e-09, 2.04394368097e-09, 5.37808575451e-10, 1.56554161995e-11, 4.55458858562e-13],
        "skew": [1.41715466976, 1.31047928333, 1.71856033802, 2.26521039009, 1.27710807323, 2.24749541283, 2.27077198029, 5.72987747192, 2.80540156364, 2.47195625305, 1.27898490429, 2.41293120384, 1.22579371929, 3.30691385269, 4.25125074387, 4.07251787186, 2.93378067017, 3.78591704369, 2.15992641449, 3.34446549416, 2.33786010742, 3.13244867325, 2.58665013313, 3.10319232941, 2.51051807404, 6.49122905731, 9.76521587372],
        "var": [4.31332825902e-14, 3.42900222106e-11, 9.40500715502e-13, 1.01125757074e-11, 1.04531237832e-10, 2.07750137093e-08, 1.47334935363e-08, 2.04927325109e-10, 3.31776806028e-09, 5.19767272635e-05, 2.32228264396e-11, 6.43841940473e-06, 8.41832853427e-12, 4.24945341138e-08, 9.82955583595e-09, 1.36549136442e-08, 1.95032878736e-08, 1.99600469486e-09, 4.73392713918e-10, 7.83061948617e-11, 5.81907189535e-13, 2.28123753611e-13, 7.16738747888e-14, 3.47222754936e-15, 1.44408084903e-15, 9.21458212676e-19, 7.54478933034e-19],
        "cov": [[4.34527901941e-14, 1.7881865693e-13, -3.16844566263e-14, -9.00714846133e-14, -3.62551080737e-13, -2.6857942953e-12, -2.51344626535e-12, 3.50833694507e-14, 1.34130900831e-12, 9.74581804147e-11, 1.5475617207e-13, -2.96592958526e-11, -2.2446828806e-14, 1.99179366576e-12, 3.44567256672e-12, 3.82104244079e-12, -3.87574222932e-13, 3.05484587279e-13, -2.68978226194e-13, -8.30545484817e-14, -5.56437711798e-15, -9.06865999396e-15, -6.26743871052e-16, -3.11778481264e-16, 5.2048586422e-16, 3.32480052521e-17, 3.26627815862e-17], [1.7881865693e-13, 3.45440204219e-11, 2.46541784384e-12, -2.15610830649e-14, 5.91083952617e-12, -1.67263390638e-11, -8.52743743673e-12, -2.01493878006e-12, 8.78690609857e-12, -8.64120830446e-10, 3.26702749055e-12, -1.03604902435e-09, 2.15561661403e-12, 7.3405996559e-11, -1.53080482318e-11, -2.53773148329e-11, 1.277986484e-11, 1.05619280683e-11, -1.23053108501e-12, -4.51006723287e-12, -2.65828781513e-13, 1.57552177007e-14, -1.24460093924e-13, -8.25374653606e-15, -3.13535365239e-15, -6.45141638425e-16, -5.94188212664e-16], [-3.16844566263e-14, 2.46541784384e-12, 9.47467364981e-13, 4.33471726395e-13, 5.10708120759e-13, 1.56304765138e-12, 1.24488841544e-12, -2.19617916518e-13, 7.35776890803e-12, 6.32203012163e-10, 1.22223433631e-12, -2.65304184871e-11, -2.94103222407e-14, 8.96797046346e-12, 3.82895104512e-12, 4.41267552012e-12, 1.12011502504e-11, 4.1954536633e-13, 1.11117072574e-12, -3.28002734565e-13, 3.28540600487e-14, 1.6794940479e-14, 1.02979267231e-14, 2.90331109407e-15, 2.20191106254e-15, -4.04628002863e-17, -8.8218130732e-17], [-9.00714846133e-14, -2.15610830649e-14, 4.33471726395e-13, 1.01874836692e-11, 2.35465011204e-12, 1.22608711378e-11, 3.01142574419e-12, -6.29183814424e-12, 2.42783505973e-12, -1.16672493888e-09, -6.40920801674e-13, -3.18513188047e-10, -8.63266652173e-13, 1.2320278478e-11, -2.79115272561e-11, -2.84836581405e-11, -9.04949899738e-12, -1.08965336754e-11, -3.13088032063e-12, -1.54447884603e-12, 4.74138652331e-14, 5.98854191063e-14, -1.78470485732e-14, -1.48951379049e-16, -7.81847070403e-15, -2.78645066996e-16, -2.33048674641e-16], [-3.62551080737e-13, 5.91083952617e-12, 5.10708120759e-13, 2.35465011204e-12, 1.05305542064e-10, 1.47401313377e-10, 1.13178681704e-10, -1.57423761526e-11, 1.37970496139e-10, 1.0158349717e-08, 5.08672227603e-12, 3.36554162317e-09, 1.95117229665e-12, 1.96696700594e-10, 1.68457164884e-10, 1.91305735142e-10, 1.05858953547e-10, 7.91664511723e-11, 2.75558516977e-11, 1.34382739311e-11, 8.94312998222e-13, 3.13458433472e-13, 2.8775107839e-13, 6.08297117646e-14, 6.12491218225e-14, -4.98217004077e-17, -6.9623387171e-16], [-2.6857942953e-12, -1.67263390638e-11, 1.56304765138e-12, 1.22608711378e-11, 1.47401313377e-10, 2.09289030551e-08, 1.65915547967e-08, -3.41438433082e-10, 4.82355000386e-09, 6.83544726598e-07, -1.79088358726e-11, 3.13795453621e-07, 3.45928008461e-11, 1.68219589369e-08, 5.7709352852e-09, 5.7783311469e-09, 1.41057352465e-08, 3.3773173147e-09, 2.52161425074e-09, 8.2952972269e-10, 8.41245198502e-11, 5.73233301104e-11, 2.80464384356e-11, 7.06087185248e-12, 3.62668163729e-12, 6.02810851366e-14, 2.20816813727e-14], [-2.51344626535e-12, -8.52743743673e-12, 1.24488841544e-12, 3.01142574419e-12, 1.13178681704e-10, 1.65915547967e-08, 1.4842630236e-08, -2.54940762945e-10, 3.49695872259e-09, 5.37863343197e-07, -6.34048629572e-12, 2.62535962747e-07, 2.46251873059e-11, 1.33019399939e-08, 4.77452299918e-09, 4.93652718703e-09, 1.18270913063e-08, 2.93518542804e-09, 2.15390061342e-09, 6.89864387837e-10, 7.01770447309e-11, 4.98000633786e-11, 2.25471429721e-11, 5.89829010286e-12, 3.0427051937e-12, 4.85712544403e-14, 1.84277726677e-14], [3.50833694507e-14, -2.01493878006e-12, -2.19617916518e-13, -6.29183814424e-12, -1.57423761526e-11, -3.41438433082e-10, -2.54940762945e-10, 2.06445305295e-10, -8.46199915694e-11, -1.20723440133e-08, 3.04149283883e-12, -4.6897268291e-09, 6.65774022284e-13, -3.18452653136e-10, -1.17593587645e-10, -1.21763821248e-10, -2.28126059709e-10, -6.36632274675e-11, -4.2254481164e-11, -1.52234457679e-11, -1.51940461081e-12, -9.61960762783e-13, -4.64630070529e-13, -1.07252192696e-13, -6.35009826297e-14, -1.76140046101e-15, -1.08930819297e-15], [1.34130900831e-12, 8.78690609857e-12, 7.35776890803e-12, 2.42783505973e-12, 1.37970496139e-10, 4.82355000386e-09, 3.49695872259e-09, -8.46199915694e-11, 3.3423441792e-09, 2.93336427148e-07, 2.16572905443e-11, 7.41924353065e-08, 1.14062544132e-11, 6.68684485561e-09, 3.49310735892e-09, 4.12411083062e-09, 4.85921836102e-09, 1.14917719785e-09, 7.41924910397e-10, 2.19369508669e-10, 2.58959260285e-11, 1.38748335737e-11, 9.21130186016e-12, 2.03785577822e-12, 1.48670257962e-12, 2.02013292162e-14, 4.71000759485e-15], [9.74581804147e-11, -8.64120830446e-10, 6.32203012163e-10, -1.16672493888e-09, 1.0158349717e-08, 6.83544726598e-07, 5.37863343197e-07, -1.20723440133e-08, 2.93336427148e-07, 5.23617381987e-05, 2.17927431656e-09, 1.43837523865e-05, 2.00794847416e-09, 7.60504235586e-07, 5.22632035427e-07, 5.80640630687e-07, 7.56529516366e-07, 2.45547681743e-07, 1.36276995022e-07, 4.70827785648e-08, 4.65517357995e-09, 2.3480426492e-09, 1.74663383756e-09, 3.17983778197e-10, 2.47547315979e-10, 3.00344796776e-12, 7.06652618365e-13], [1.5475617207e-13, 3.26702749055e-12, 1.22223433631e-12, -6.40920801674e-13, 5.08672227603e-12, -1.79088358726e-11, -6.34048629572e-12, 3.04149283883e-12, 2.16572905443e-11, 2.17927431656e-09, 2.33948485584e-11, 3.90026594355e-10, 2.7233159304e-12, 5.77939085478e-11, 6.34574129355e-11, 7.75127323438e-11, -1.35147633102e-12, 2.08223664006e-11, 3.15110730478e-13, 5.22459115901e-12, 8.75444939523e-14, 1.62247964613e-15, 7.88485962177e-14, -9.70231665971e-16, 2.04436382374e-14, -3.95830566471e-16, -4.72614685475e-16], [-2.96592958526e-11, -1.03604902435e-09, -2.65304184871e-11, -3.18513188047e-10, 3.36554162317e-09, 3.13795453621e-07, 2.62535962747e-07, -4.6897268291e-09, 7.41924353065e-08, 1.43837523865e-05, 3.90026594355e-10, 6.4861114879e-06, 1.00395303182e-09, 2.14586492575e-07, 1.29018147277e-07, 1.40472749877e-07, 2.60603229663e-07, 7.92690499907e-08, 5.06935542433e-08, 1.86811082159e-08, 1.62986701913e-09, 9.67713575939e-10, 5.89129744988e-10, 1.29898439227e-10, 7.7804741816e-11, 1.12086717945e-12, 4.04300480898e-13], [-2.2446828806e-14, 2.15561661403e-12, -2.94103222407e-14, -8.63266652173e-13, 1.95117229665e-12, 3.45928008461e-11, 2.46251873059e-11, 6.65774022284e-13, 1.14062544132e-11, 2.00794847416e-09, 2.7233159304e-12, 1.00395303182e-09, 8.48068663906e-12, 1.26031574066e-10, 3.65428833027e-11, 5.65522143003e-11, -9.75968351274e-12, 3.77344197555e-11, 8.77237865682e-12, 4.92379444508e-12, 2.84345626472e-13, 5.75755399303e-14, 6.53802709129e-14, 6.33098365162e-16, 2.04442396307e-14, -1.30909418454e-16, -1.89286836535e-16], [1.99179366576e-12, 7.3405996559e-11, 8.96797046346e-12, 1.2320278478e-11, 1.96696700594e-10, 1.68219589369e-08, 1.33019399939e-08, -3.18452653136e-10, 6.68684485561e-09, 7.60504235586e-07, 5.77939085478e-11, 2.14586492575e-07, 1.26031574066e-10, 4.28093080984e-08, 1.17475291717e-08, 1.40778881885e-08, 1.29693766837e-08, 5.06953945489e-09, 2.42074582602e-09, 7.34478700082e-10, 9.71593985821e-11, 5.32172153567e-11, 2.77441646046e-11, 4.99475114046e-12, 4.83711855293e-12, 6.39000842257e-14, 1.94899265726e-14], [3.44567256672e-12, -1.53080482318e-11, 3.82895104512e-12, -2.79115272561e-11, 1.68457164884e-10, 5.7709352852e-09, 4.77452299918e-09, -1.17593587645e-10, 3.49310735892e-09, 5.22632035427e-07, 6.34574129355e-11, 1.29018147277e-07, 3.65428833027e-11, 1.17475291717e-08, 9.90236692644e-09, 1.09905942125e-08, 6.07313666023e-09, 2.98453928238e-09, 1.25475030366e-09, 4.33490326968e-10, 4.65543263661e-11, 1.99070326196e-11, 1.55089552312e-11, 2.74891199213e-12, 2.97692621422e-12, 2.98623871128e-14, 6.36909568732e-15], [3.82104244079e-12, -2.53773148329e-11, 4.41267552012e-12, -2.84836581405e-11, 1.91305735142e-10, 5.7783311469e-09, 4.93652718703e-09, -1.21763821248e-10, 4.12411083062e-09, 5.80640630687e-07, 7.75127323438e-11, 1.40472749877e-07, 5.65522143003e-11, 1.40778881885e-08, 1.09905942125e-08, 1.3756061179e-08, 5.5484821182e-09, 3.94994881248e-09, 1.45696166243e-09, 4.42214848073e-10, 5.68410492285e-11, 2.21736344563e-11, 1.63264835679e-11, 2.82278887764e-12, 3.6717985423e-12, 3.10214500572e-14, 4.99864254196e-15], [-3.87574222932e-13, 1.277986484e-11, 1.12011502504e-11, -9.04949899738e-12, 1.05858953547e-10, 1.41057352465e-08, 1.18270913063e-08, -2.28126059709e-10, 4.85921836102e-09, 7.56529516366e-07, -1.35147633102e-12, 2.60603229663e-07, -9.75968351274e-12, 1.29693766837e-08, 6.07313666023e-09, 5.5484821182e-09, 1.9647757199e-08, 2.51372367366e-09, 2.46165332562e-09, 7.12690739757e-10, 7.40158628831e-11, 5.29303059715e-11, 2.77957778322e-11, 7.16371406639e-12, 3.26816351759e-12, 5.62367399827e-14, 1.56878870517e-14], [3.05484587279e-13, 1.05619280683e-11, 4.1954536633e-13, -1.08965336754e-11, 7.91664511723e-11, 3.3773173147e-09, 2.93518542804e-09, -6.36632274675e-11, 1.14917719785e-09, 2.45547681743e-07, 2.08223664006e-11, 7.92690499907e-08, 3.77344197555e-11, 5.06953945489e-09, 2.98453928238e-09, 3.94994881248e-09, 2.51372367366e-09, 2.01078975692e-09, 7.43418104854e-10, 2.50106407806e-10, 2.65696353807e-11, 1.18621145892e-11, 8.02736870031e-12, 1.30309630274e-12, 1.51957515581e-12, 1.42005302306e-14, 3.87627941762e-15], [-2.68978226194e-13, -1.23053108501e-12, 1.11117072574e-12, -3.13088032063e-12, 2.75558516977e-11, 2.52161425074e-09, 2.15390061342e-09, -4.2254481164e-11, 7.41924910397e-10, 1.36276995022e-07, 3.15110730478e-13, 5.06935542433e-08, 8.77237865682e-12, 2.42074582602e-09, 1.25475030366e-09, 1.45696166243e-09, 2.46165332562e-09, 7.43418104854e-10, 4.76899353341e-10, 1.47492795755e-10, 1.43467590238e-11, 8.81285322496e-12, 5.08247176984e-12, 1.10090745114e-12, 7.10799854305e-13, 9.90067674112e-15, 3.10308042655e-15], [-8.30545484817e-14, -4.51006723287e-12, -3.28002734565e-13, -1.54447884603e-12, 1.34382739311e-11, 8.2952972269e-10, 6.89864387837e-10, -1.52234457679e-11, 2.19369508669e-10, 4.70827785648e-08, 5.22459115901e-12, 1.86811082159e-08, 4.92379444508e-12, 7.34478700082e-10, 4.33490326968e-10, 4.42214848073e-10, 7.12690739757e-10, 2.50106407806e-10, 1.47492795755e-10, 7.88862378198e-11, 4.71831948512e-12, 2.46918978319e-12, 2.11606947242e-12, 3.19564389057e-13, 2.51977583764e-13, 3.11009936507e-15, 9.58832614204e-16], [-5.56437711798e-15, -2.65828781513e-13, 3.28540600487e-14, 4.74138652331e-14, 8.94312998222e-13, 8.41245198502e-11, 7.01770447309e-11, -1.51940461081e-12, 2.58959260285e-11, 4.65517357995e-09, 8.75444939523e-14, 1.62986701913e-09, 2.84345626472e-13, 9.71593985821e-11, 4.65543263661e-11, 5.68410492285e-11, 7.40158628831e-11, 2.65696353807e-11, 1.43467590238e-11, 4.71831948512e-12, 5.86217597902e-13, 2.79427875153e-13, 1.75849759016e-13, 3.2215258293e-14, 2.5570237388e-14, 2.84445919196e-16, 6.02183184599e-17], [-9.06865999396e-15, 1.57552177007e-14, 1.6794940479e-14, 5.98854191063e-14, 3.13458433472e-13, 5.73233301104e-11, 4.98000633786e-11, -9.61960762783e-13, 1.38748335737e-11, 2.3480426492e-09, 1.62247964613e-15, 9.67713575939e-10, 5.75755399303e-14, 5.32172153567e-11, 1.99070326196e-11, 2.21736344563e-11, 5.29303059715e-11, 1.18621145892e-11, 8.81285322496e-12, 2.46918978319e-12, 2.79427875153e-13, 2.29813564012e-13, 9.14077773434e-14, 2.53970987714e-14, 1.22177709437e-14, 1.83046149242e-16, 5.51331727047e-17], [-6.26743871052e-16, -1.24460093924e-13, 1.02979267231e-14, -1.78470485732e-14, 2.8775107839e-13, 2.80464384356e-11, 2.25471429721e-11, -4.64630070529e-13, 9.21130186016e-12, 1.74663383756e-09, 7.88485962177e-14, 5.89129744988e-10, 6.53802709129e-14, 2.77441646046e-11, 1.55089552312e-11, 1.63264835679e-11, 2.77957778322e-11, 8.02736870031e-12, 5.08247176984e-12, 2.11606947242e-12, 1.75849759016e-13, 9.14077773434e-14, 7.22047950401e-14, 1.16255221189e-14, 8.65608633897e-15, 1.11473559265e-16, 3.07553858117e-17], [-3.11778481264e-16, -8.25374653606e-15, 2.90331109407e-15, -1.48951379049e-16, 6.08297117646e-14, 7.06087185248e-12, 5.89829010286e-12, -1.07252192696e-13, 2.03785577822e-12, 3.17983778197e-10, -9.70231665971e-16, 1.29898439227e-10, 6.33098365162e-16, 4.99475114046e-12, 2.74891199213e-12, 2.82278887764e-12, 7.16371406639e-12, 1.30309630274e-12, 1.10090745114e-12, 3.19564389057e-13, 3.2215258293e-14, 2.53970987714e-14, 1.16255221189e-14, 3.49794791656e-15, 1.49802223645e-15, 2.61090196668e-17, 9.10614681347e-18], [5.2048586422e-16, -3.13535365239e-15, 2.20191106254e-15, -7.81847070403e-15, 6.12491218225e-14, 3.62668163729e-12, 3.0427051937e-12, -6.35009826297e-14, 1.48670257962e-12, 2.47547315979e-10, 2.04436382374e-14, 7.7804741816e-11, 2.04442396307e-14, 4.83711855293e-12, 2.97692621422e-12, 3.6717985423e-12, 3.26816351759e-12, 1.51957515581e-12, 7.10799854305e-13, 2.51977583764e-13, 2.5570237388e-14, 1.22177709437e-14, 8.65608633897e-15, 1.49802223645e-15, 1.45477771048e-15, 1.61732206251e-17, 4.83438553894e-18], [3.32480052521e-17, -6.45141638425e-16, -4.04628002863e-17, -2.78645066996e-16, -4.98217004077e-17, 6.02810851366e-14, 4.85712544403e-14, -1.76140046101e-15, 2.02013292162e-14, 3.00344796776e-12, -3.95830566471e-16, 1.12086717945e-12, -1.30909418454e-16, 6.39000842257e-14, 2.98623871128e-14, 3.10214500572e-14, 5.62367399827e-14, 1.42005302306e-14, 9.90067674112e-15, 3.11009936507e-15, 2.84445919196e-16, 1.83046149242e-16, 1.11473559265e-16, 2.61090196668e-17, 1.61732206251e-17, 9.28283796898e-19, 7.79296626157e-19], [3.26627815862e-17, -5.94188212664e-16, -8.8218130732e-17, -2.33048674641e-16, -6.9623387171e-16, 2.20816813727e-14, 1.84277726677e-14, -1.08930819297e-15, 4.71000759485e-15, 7.06652618365e-13, -4.72614685475e-16, 4.04300480898e-13, -1.89286836535e-16, 1.94899265726e-14, 6.36909568732e-15, 4.99864254196e-15, 1.56878870517e-14, 3.87627941762e-15, 3.10308042655e-15, 9.58832614204e-16, 6.02183184599e-17, 5.51331727047e-17, 3.07553858117e-17, 9.10614681347e-18, 4.83438553894e-18, 7.79296626157e-19, 7.60067675445e-19]]
    },
    "mfcc": {
        "kurt": [0.0230844020844, 2.4388923645, -0.0848450660706, 0.420632600784, 0.450180053711, -0.477080106735, -0.0960423946381, 1.41825819016, -0.114557266235, -0.167164564133, 0.545125007629, -0.046567440033, 0.324099302292],
        "max": [-740.585754395, 184.661956787, 2.36129760742, 22.0022163391, 8.13485717773, 10.4675064087, 27.0755386353, 36.5058860779, 17.7916069031, 10.844285965, 12.7722587585, 14.0334777832, 21.279914856],
        "mean": [-877.152526855, 151.863449097, -37.3540458679, -2.17151832581, -8.98665237427, -5.40660476685, 6.22922277451, -0.990667879581, -0.932511091232, -4.8534579277, -5.64276170731, -2.13082695007, 0.980076491833],
        "median": [-907.756958008, 150.107788086, -20.5841636658, -0.904720306396, -6.76467895508, -3.90790557861, 6.65797042847, -3.69103240967, -0.734111785889, -4.50718307495, -4.56223297119, 0.493980407715, -0.0923614501953],
        "min": [-1002.76293945, 111.665473938, -113.531341553, -33.4464797974, -34.0669212341, -26.1800804138, -15.053981781, -19.2425842285, -15.0217666626, -18.6028289795, -36.4373207092, -28.3901405334, -16.4254341125],
        "skew": [1.19696819782, 0.316404491663, -1.22692298889, -0.233760625124, -0.936045348644, -0.383495479822, -0.0821153074503, 1.28306984901, 0.199627533555, 0.0551256909966, -0.731080889702, -0.726692378521, 0.430594623089],
        "var": [3606.44726562, 100.659576416, 1095.64941406, 92.0107727051, 79.4555969238, 58.663646698, 57.726940155, 115.833839417, 38.2155227661, 27.8463115692, 94.2752990723, 88.1536712646, 49.076499939],
        "cov": [[3633.16162109, 291.330047607, -1955.05187988, -345.10925293, -329.339538574, -262.845703125, -255.363189697, 425.960998535, 1.97458541393, -38.7014007568, -429.974822998, -414.059417725, 231.526306152], [291.330047607, 101.405204773, -139.848129272, -53.2604751587, -9.87371063232, -15.041557312, -28.7472839355, 5.29792928696, 17.3879947662, 6.99260950089, -34.0402641296, -45.2641639709, 0.426690906286], [-1955.05187988, -139.848129272, 1103.76538086, 206.360794067, 165.717681885, 141.08430481, 140.141723633, -223.724136353, -2.61608076096, 17.076210022, 233.453155518, 232.927703857, -125.475624084], [-345.10925293, -53.2604751587, 206.360794067, 92.6923294067, 38.2093429565, 25.6196117401, 28.1932888031, -46.6240997314, -11.1742677689, -3.05925703049, 42.7406654358, 42.984828949, -10.009771347], [-329.339538574, -9.87371063232, 165.717681885, 38.2093429565, 80.0441513062, 48.0357017517, 18.0103149414, -54.0235595703, 6.27797079086, 7.18983221054, 40.8537750244, 30.8238964081, -26.3124980927], [-262.845703125, -15.041557312, 141.08430481, 25.6196117401, 48.0357017517, 59.0981903076, 33.2222099304, -34.6963424683, 3.77788066864, 3.05967307091, 33.5041427612, 30.4713897705, -23.5649394989], [-255.363189697, -28.7472839355, 140.141723633, 28.1932888031, 18.0103149414, 33.2222099304, 58.1545448303, -9.16185760498, -2.85176825523, 0.805386424065, 22.3992290497, 29.3277950287, -11.6858701706], [425.960998535, 5.29792928696, -223.724136353, -46.6240997314, -54.0235595703, -34.6963424683, -9.16185760498, 116.691871643, 9.36853694916, -10.1544122696, -54.138923645, -37.8436813354, 34.5409545898], [1.97458541393, 17.3879947662, -2.61608076096, -11.1742677689, 6.27797079086, 3.77788066864, -2.85176825523, 9.36853694916, 38.4986000061, 17.5970993042, -0.443361788988, -11.1036281586, -10.5308761597], [-38.7014007568, 6.99260950089, 17.076210022, -3.05925703049, 7.18983221054, 3.05967307091, 0.805386424065, -10.1544122696, 17.5970993042, 28.0525798798, 14.3130922318, 0.337024062872, -4.74339437485], [-429.974822998, -34.0402641296, 233.453155518, 42.7406654358, 40.8537750244, 33.5041427612, 22.3992290497, -54.138923645, -0.443361788988, 14.3130922318, 94.9736328125, 66.368522644, -32.1948661804], [-414.059417725, -45.2641639709, 232.927703857, 42.984828949, 30.8238964081, 30.4713897705, 29.3277950287, -37.8436813354, -11.1036281586, 0.337024062872, 66.368522644, 88.8066635132, -10.5946836472], [231.526306152, 0.426690906286, -125.475624084, -10.009771347, -26.3124980927, -23.5649394989, -11.6858701706, 34.5409545898, -10.5308761597, -4.74339437485, -32.1948661804, -10.5946836472, 49.4400291443]]
    },
    "sccoeffs": {
        "kurt": [0.323207855225, -0.435890436172, -0.135950088501, -0.163195848465, 0.273178577423, 17.3255157471],
        "max": [-0.66276550293, -0.544297158718, -0.364378333092, -0.482136458158, -0.651676595211, -0.743500590324],
        "mean": [-0.782217562199, -0.779947757721, -0.74663323164, -0.764431834221, -0.823933720589, -0.787479877472],
        "median": [-0.782868266106, -0.809727847576, -0.834776759148, -0.819650053978, -0.851798892021, -0.786098003387],
        "min": [-0.875381350517, -0.921897411346, -0.911289453506, -0.881631672382, -0.921023368835, -0.921237468719],
        "skew": [0.123966544867, 0.805784344673, 1.20729279518, 1.17990553379, 1.34315800667, -2.89094686508],
        "var": [0.00150245893747, 0.00803753640503, 0.0288016870618, 0.0132166203111, 0.00449804170057, 0.000361941958545],
        "cov": [[0.00151358824223, 7.9343582911e-05, 5.6977452914e-05, 5.70723796045e-06, -0.000110931279778, 0.000147998987813], [7.9343582911e-05, 0.00809707399458, 0.0128854289651, 0.0087190438062, 0.00498408498242, 9.90471089608e-05], [5.6977452914e-05, 0.0128854289651, 0.0290150325745, 0.0188184939325, 0.0108538065106, 0.000142630247865], [5.70723796045e-06, 0.0087190438062, 0.0188184939325, 0.0133145209402, 0.00735089182854, 2.22942799155e-05], [-0.000110931279778, 0.00498408498242, 0.0108538065106, 0.00735089182854, 0.004531360697, 9.33683477342e-05], [0.000147998987813, 9.90471089608e-05, 0.000142630247865, 2.22942799155e-05, 9.33683477342e-05, 0.000364623003406]]
    },
    "scvalleys": {
        "kurt": [0.464793205261, 0.588528156281, -0.00662684440613, 3.82213163376, 0.48069858551, -0.0175030231476],
        "max": [-7.0636639595, -6.92169904709, -6.75042867661, -7.86899805069, -8.67819023132, -10.9507322311],
        "mean": [-7.89104127884, -7.58629274368, -7.73946523666, -8.66053390503, -9.52368545532, -12.3468770981],
        "median": [-7.88307762146, -7.57165718079, -7.755194664, -8.65863418579, -9.62006664276, -12.6107053757],
        "min": [-8.85972881317, -8.55900764465, -8.43281173706, -9.85800170898, -10.6290092468, -12.9226102829],
        "skew": [-0.395182967186, -0.6414052248, 0.198749884963, -0.348195463419, 0.70175409317, 1.24953627586],
        "var": [0.109056197107, 0.0877448916435, 0.0906691923738, 0.0618347078562, 0.116086341441, 0.293918550014],
        "cov": [[0.109864026308, 0.0136254681274, 0.0368169732392, 0.0162930767983, 0.0169307682663, 0.0245937351137], [0.0136254681274, 0.0883948504925, 0.00855484511703, 0.028326112777, 0.0277368947864, 0.0310389734805], [0.0368169732392, 0.00855484511703, 0.0913408175111, 0.0230698697269, 0.05260701105, 0.0932570621371], [0.0162930767983, 0.028326112777, 0.0230698697269, 0.0622927434742, 0.0514586865902, 0.0632564648986], [0.0169307682663, 0.0277368947864, 0.05260701105, 0.0514586865902, 0.11694624275, 0.150018021464], [0.0245937351137, 0.0310389734805, 0.0932570621371, 0.0632564648986, 0.150018021464, 0.296095728874]]
    }
},
"rhythm": {
    "beats_loudness": {
        "kurt": -0.0407066345215,
        "max": 0.0324734859169,
        "mean": 0.00808700732887,
        "median": 0.000119645272207,
        "min": 8.2289261627e-05,
        "skew": 1.31592082977,
        "var": 0.000157248839969
    },
    "bpm": 118.136703491,
    "confidence": 0,
    "first_peak_bpm": {
        "kurt": 0,
        "max": 117,
        "mean": 117,
        "median": 117,
        "min": 117,
        "skew": 0,
        "var": 0
    },
    "first_peak_spread": {
        "kurt": 0,
        "max": 0.25,
        "mean": 0.25,
        "median": 0.25,
        "min": 0.25,
        "skew": 0,
        "var": 0
    },
    "first_peak_weight": {
        "kurt": 0,
        "max": 0.75,
        "mean": 0.75,
        "median": 0.75,
        "min": 0.75,
        "skew": 0,
        "var": 0
    },
    "onset_rate": 1.27810335159,
    "second_peak_bpm": {
        "kurt": 0,
        "max": 0,
        "mean": 0,
        "median": 0,
        "min": 0,
        "skew": 0,
        "var": 0
    },
    "second_peak_spread": {
        "kurt": 0,
        "max": 0,
        "mean": 0,
        "median": 0,
        "min": 0,
        "skew": 0,
        "var": 0
    },
    "second_peak_weight": {
        "kurt": 0,
        "max": 0,
        "mean": 0,
        "median": 0,
        "min": 0,
        "skew": 0,
        "var": 0
    },
    "beats_loudness_band_ratio": {
        "kurt": [-1.19656157494, -1.75708568096, -0.860728979111, -1.74373114109, 0.0573763847351, -1.01461398602],
        "max": [0.245148763061, 0.322613358498, 0.702980816364, 0.75771433115, 0.198101967573, 0.0206347741187],
        "mean": [0.100389644504, 0.188681289554, 0.406022369862, 0.452767699957, 0.074638530612, 0.0121332732961],
        "median": [0.116809390485, 0.27672624588, 0.424261778593, 0.309593528509, 0.049807202071, 0.0121875395998],
        "min": [0.000588609254919, 0.00959350168705, 0.170908108354, 0.194776326418, 0.021803541109, 0.00248837610707],
        "skew": [0.315087914467, -0.391333222389, 0.395521879196, 0.331534177065, 1.34245848656, -0.210539445281],
        "var": [0.00832736957818, 0.0175415370613, 0.0321643985808, 0.0540929734707, 0.0039759716019, 3.78022705263e-05],
        "cov": [[0.0104092117399, 0.0126360794529, -0.0179490242153, -0.0218000710011, -0.00251814583316, 0.000526117801201], [0.0126360794529, 0.021926920861, -0.0236715562642, -0.0373881682754, -0.0040090191178, 0.000905933498871], [-0.0179490242153, -0.0236715562642, 0.0402054972947, 0.0379656925797, -0.000920214341022, -0.00124015146866], [-0.0218000710011, -0.0373881682754, 0.0379656925797, 0.0676162168384, 0.00714332796633, -0.00138204020914], [-0.00251814583316, -0.0040090191178, -0.000920214341022, 0.00714332796633, 0.00496996426955, -4.31160151493e-05], [0.000526117801201, 0.000905933498871, -0.00124015146866, -0.00138204020914, -4.31160151493e-05, 4.72528372484e-05]]
    },
    "beats_position": [0.49922901392, 0.99845802784, 1.50929701328, 2.02013611794, 2.53097510338],
    "bpm_estimates": [120.185325623, 117.453842163, 117.453811646, 117.453842163],
    "bpm_intervals": [0.49922901392, 0.510838985443, 0.510839104652, 0.510838985443],
    "onset_times": [0.0116099771112, 0.417959183455, 0.661768734455, 0.9287981987],
    "histogram": [[0, 0, 0, 0, 0, 0, 0, 0, 0, 0, 0, 0, 0, 0, 0, 0, 0, 0, 0, 0, 0, 0, 0, 0, 0, 0, 0, 0, 0, 0, 0, 0, 0, 0, 0, 0, 0, 0, 0, 0, 0, 0, 0, 0, 0, 0, 0, 0, 0, 0, 0, 0, 0, 0, 0, 0, 0, 0, 0, 0, 0, 0, 0, 0, 0, 0, 0, 0, 0, 0, 0, 0, 0, 0, 0, 0, 0, 0, 0, 0, 0, 0, 0, 0, 0, 0, 0, 0, 0, 0, 0, 0, 0, 0, 0, 0, 0, 0, 0, 0, 0, 0, 0, 0, 0, 0, 0, 0, 0, 0, 0, 0, 0, 0, 0, 0, 0, 0.75, 0, 0, 0.25, 0, 0, 0, 0, 0, 0, 0, 0, 0, 0, 0, 0, 0, 0, 0, 0, 0, 0, 0, 0, 0, 0, 0, 0, 0, 0, 0, 0, 0, 0, 0, 0, 0, 0, 0, 0, 0, 0, 0, 0, 0, 0, 0, 0, 0, 0, 0, 0, 0, 0, 0, 0, 0, 0, 0, 0, 0, 0, 0, 0, 0, 0, 0, 0, 0, 0, 0, 0, 0, 0, 0, 0, 0, 0, 0, 0, 0, 0, 0, 0, 0, 0, 0, 0, 0, 0, 0, 0, 0, 0, 0, 0, 0, 0, 0, 0, 0, 0, 0, 0, 0, 0, 0, 0, 0, 0, 0, 0, 0, 0, 0, 0, 0, 0, 0, 0, 0, 0, 0, 0, 0, 0, 0, 0, 0, 0, 0, 0, 0]]
},
"sfx": {
    "inharmonicity": {
        "kurt": -0.245999097824,
        "max": 0.315716356039,
        "mean": 0.0940486267209,
        "median": 0.0684955865145,
        "min": 0.000716402078979,
        "skew": 0.915344417095,
        "var": 0.00650332076475
    },
    "oddtoevenharmonicenergyratio": {
        "kurt": 14.2010860443,
        "max": 17.5160694122,
        "mean": 2.06554341316,
        "median": 1.24114620686,
        "min": 0.0232014898211,
        "skew": 3.32060718536,
        "var": 7.34479570389
    },
    "pitch_after_max_to_before_max_energy_ratio": 9.18496417999,
    "pitch_centroid": 62.280670166,
    "pitch_max_to_total": 0.0735294148326,
    "pitch_min_to_total": 0.970588207245,
    "tristimulus": {
        "kurt": [3.44665431976, -1.015660882, -0.338269472122],
        "max": [0.73064494133, 0.78520745039, 0.86234408617],
        "mean": [0.159362763166, 0.491844892502, 0.348792344332],
        "median": [0.147347539663, 0.477411210537, 0.309762120247],
        "min": [0, 0.137655958533, 0.0525951758027],
        "skew": [1.43629288673, 0.0864030942321, 0.639238595963],
        "var": [0.0164463501424, 0.0268968921155, 0.0305511429906],
        "cov": [[0.0165681745857, -0.0064434343949, -0.0101247448474], [-0.0064434343949, 0.0270961280912, -0.0206527002156], [-0.0101247448474, -0.0206527002156, 0.0307774469256]]
    }
},
"tonal": {
    "chords_changes_rate": 0.0579710155725,
    "chords_number_rate": 0.0434782616794,
    "chords_strength": {
        "kurt": -0.974381923676,
        "max": 0.600278794765,
        "mean": 0.53843742609,
        "median": 0.546191513538,
        "min": 0.475205481052,
        "skew": -0.312360882759,
        "var": 0.000973167188931
    },
    "key_strength": 0.794801652431,
    "tuning_diatonic_strength": 0.640166938305,
    "tuning_equal_tempered_deviation": 0.169957175851,
    "tuning_frequency": 447.432556152,
    "tuning_nontempered_energy_ratio": 0.757458209991,
    "hpcp": {
        "kurt": [1.86558675766, 1.35290622711, 0.805307865143, 9.15127658844, 15.630109787, 1.97053050995, 0.787611246109, 0.621267318726, 0.00471210479736, 0.821716070175, 2.94310379028, 1.60937404633, 4.43456745148, 2.26111507416, 0.797617197037, -0.349262475967, 0.0696258544922, 0.780766487122, -0.232628107071, 0.351776838303, 1.22077798843, 1.1269993782, 1.7683224678, 1.37526798248, 7.82997322083, 4.46998882294, 11.8231210709, 3.28977060318, 8.53276157379, -0.85627746582, -1.70786941051, -0.947543621063, 3.36945104599, 1.30066871643, 4.86135387421, 2.61175251007],
        "max": [0.804637253284, 0.700764417648, 0.593860864639, 0.88209092617, 1, 0.857675254345, 1, 1, 1, 1, 1, 0.707608282566, 0.617690563202, 0.633704662323, 0.917332351208, 1, 1, 1, 1, 1, 1, 1, 1, 0.878642857075, 0.958917915821, 0.80060172081, 1, 0.564040780067, 0.735144913197, 0.873896718025, 1, 0.831520199776, 1, 1, 1, 0.78379034996],
        "mean": [0.153956532478, 0.160400107503, 0.134426489472, 0.11170604825, 0.116564169526, 0.193008780479, 0.264953315258, 0.258334934711, 0.251336693764, 0.233477547765, 0.198549315333, 0.141940012574, 0.0992147400975, 0.123886980116, 0.240529686213, 0.346643835306, 0.297997742891, 0.257292479277, 0.276263654232, 0.240961268544, 0.19123801589, 0.189230635762, 0.214698120952, 0.189701139927, 0.142509311438, 0.124337211251, 0.112486422062, 0.0985159575939, 0.11065158993, 0.351487159729, 0.568222045898, 0.369229972363, 0.194076567888, 0.207392036915, 0.171331569552, 0.141459569335],
