{
"metadata": {
    "version": {
        "essentia": "2.1-beta3"
    }
},
"lowLevel": {
    "average_loudness": 0.962346196175,
    "barkbands_kurtosis": {
        "kurt": -0.156413316727,
        "max": 4.55919075012,
        "mean": 0.0748670324683,
        "median": -0.0680842399597,
        "min": -1.87719988823,
        "skew": 0.567315518856,
        "var": 2.21062350273
    },
    "barkbands_skewness": {
        "kurt": -0.183560609818,
        "max": 2.37624621391,
        "mean": 0.640942156315,
        "median": 0.750435113907,
        "min": -1.15244972706,
        "skew": -0.187860637903,
        "var": 0.532049953938
    },
    "barkbands_spread": {
        "kurt": -1.25206434727,
        "max": 29.0473670959,
        "mean": 15.9917049408,
        "median": 13.3973884583,
        "min": 6.85340070724,
        "skew": 0.502312302589,
        "var": 47.7301254272
    },
    "dissonance": {
        "kurt": 4.75621318817,
        "max": 0.498354077339,
        "mean": 0.443330913782,
        "median": 0.451118528843,
        "min": 0.26290678978,
        "skew": -1.69487333298,
        "var": 0.00128544238396
    },
    "hfc": {
        "kurt": -0.903711557388,
        "max": 1.85978353024,
        "mean": 0.509405553341,
        "median": 0.0527755916119,
        "min": 4.23623760071e-07,
        "skew": 0.88428992033,
        "var": 0.435654968023
    },
    "pitch": {
        "kurt": -1.12965583801,
        "max": 497.572357178,
        "mean": 382.232208252,
        "median": 489.737243652,
        "min": 79.063911438,
        "skew": -0.778870820999,
        "var": 21861.4238281
    },
    "pitch_instantaneous_confidence": {
        "kurt": -1.72851669788,
        "max": 0.979299843311,
        "mean": 0.644605755806,
        "median": 0.772838711739,
        "min": 0.171787321568,
        "skew": -0.209673792124,
        "var": 0.0970577672124
    },
    "pitch_salience": {
        "kurt": -1.08580815792,
        "max": 0.850706219673,
        "mean": 0.58308339119,
        "median": 0.577129662037,
        "min": 0.270287185907,
        "skew": -0.0540056601167,
        "var": 0.0218082536012
    },
    "silence_rate_20dB": {
        "kurt": 0,
        "max": 1,
        "mean": 1,
        "median": 1,
        "min": 1,
        "skew": 0,
        "var": 0
    },
    "silence_rate_30dB": {
        "kurt": 0,
        "max": 1,
        "mean": 1,
        "median": 1,
        "min": 1,
        "skew": 0,
        "var": 0
    },
    "silence_rate_60dB": {
        "kurt": 0,
        "max": 1,
        "mean": 1,
        "median": 1,
        "min": 1,
        "skew": 0,
        "var": 0
    },
    "spectral_centroid": {
        "kurt": -1.13622641563,
        "max": 2039.91296387,
        "mean": 1021.19702148,
        "median": 760.009887695,
        "min": 385.237945557,
        "skew": 0.669964194298,
        "var": 273267.96875
    },
    "spectral_complexity": {
        "kurt": -0.232886552811,
        "max": 5,
        "mean": 1.20491802692,
        "median": 0,
        "min": 0,
        "skew": 1.03396451473,
        "var": 2.60554504395
    },
    "spectral_crest": {
        "kurt": -0.293011903763,
        "max": 19.5736427307,
        "mean": 10.0826263428,
        "median": 9.36241054535,
        "min": 4.36140012741,
        "skew": 0.714418053627,
        "var": 15.8341703415
    },
    "spectral_decrease": {
        "kurt": -1.41283094883,
        "max": -2.56328316405e-16,
        "mean": -7.6153666706e-11,
        "median": -1.26550792415e-11,
        "min": -2.38495972971e-10,
        "skew": -0.581220269203,
        "var": 7.36147205099e-21
    },
    "spectral_energy": {
        "kurt": -1.37267363071,
        "max": 0.00102124700788,
        "mean": 0.000333625939675,
        "median": 5.26331095898e-05,
        "min": 1.0058645028e-09,
        "skew": 0.608104288578,
        "var": 1.45140120367e-07
    },
    "spectral_energyband_high": {
        "kurt": 5.8285484314,
        "max": 6.50559377391e-06,
        "mean": 7.79835886533e-07,
        "median": 8.89876332621e-08,
        "min": 1.12562823645e-12,
        "skew": 2.2963206768,
        "var": 1.60277986629e-12
    },
    "spectral_energyband_low": {
        "kurt": 11.617773056,
        "max": 1.39173016578e-05,
        "mean": 2.06648041967e-06,
        "median": 1.54249676143e-06,
        "min": 6.74730618599e-11,
        "skew": 2.71660661697,
        "var": 3.68778792226e-12
    },
    "spectral_energyband_middle_high": {
        "kurt": -0.77223277092,
        "max": 0.000689697568305,
        "mean": 0.000175367633346,
        "median": 2.63344409177e-05,
        "min": 1.50714815628e-10,
        "skew": 0.939743459225,
        "var": 5.29782795411e-08
    },
    "spectral_energyband_middle_low": {
        "kurt": -0.712406873703,
        "max": 0.000613106356468,
        "mean": 0.00015605209046,
        "median": 2.48613632721e-05,
        "min": 8.11477274265e-10,
        "skew": 0.851108372211,
        "var": 3.36945049639e-08
    },
    "spectral_flatness_db": {
        "kurt": -1.18656229973,
        "max": 0.281839698553,
        "mean": 0.221028327942,
        "median": 0.214261054993,
        "min": 0.153585538268,
        "skew": 0.160967513919,
        "var": 0.000952500384301
    },
    "spectral_flux": {
        "kurt": -0.348725557327,
        "max": 0.0229738540947,
        "mean": 0.00709645403549,
        "median": 0.00335460808128,
        "min": 0.000218661079998,
        "skew": 0.951542973518,
        "var": 3.5087352444e-05
    },
    "spectral_kurtosis": {
        "kurt": -0.975281715393,
        "max": 33.6477508545,
        "mean": 17.3092460632,
        "median": 17.0522766113,
        "min": 5.37303829193,
        "skew": 0.250200092793,
        "var": 51.3676948547
    },
    "spectral_rms": {
        "kurt": -1.63224065304,
        "max": 0.000998167670332,
        "mean": 0.000444650795544,
        "median": 0.00022658763919,
        "min": 9.90621629171e-07,
        "skew": 0.38272896409,
        "var": 1.27774342218e-07
    },
    "spectral_rolloff": {
        "kurt": -1.64512360096,
        "max": 2971.58203125,
        "mean": 1755.3092041,
        "median": 1313.52539062,
        "min": 581.396484375,
        "skew": 0.397356450558,
        "var": 788232.625
    },
    "spectral_skewness": {
        "kurt": -1.3300255537,
        "max": 4.45269441605,
        "mean": 2.97436380386,
        "median": 3.17377400398,
        "min": 1.59752595425,
        "skew": -0.0772276744246,
        "var": 0.649381101131
    },
    "spectral_spread": {
        "kurt": 60.6153793335,
        "max": 8680978,
        "mean": 2432582.25,
        "median": 2334597.5,
        "min": 1747229.875,
        "skew": 6.73050403595,
        "var": 443686256640
    },
    "spectral_strongpeak": {
        "kurt": 6.24889850616,
        "max": 2.36052942276,
        "mean": 0.327517211437,
        "median": 0.0809366554022,
        "min": 5.05661773786e-05,
        "skew": 2.60199904442,
        "var": 0.304996609688
    },
    "zerocrossingrate": {
        "kurt": -0.468486309052,
        "max": 0.12841796875,
        "mean": 0.0588338896632,
        "median": 0.044677734375,
        "min": 0.0078125,
        "skew": 0.847875475883,
        "var": 0.000953096838202
    },
    "barkbands": {
        "kurt": [2.41356182098, 0.609441041946, 10.6102895737, 3.15724086761, 3.08747625351, -0.153104782104, -0.66437625885, -0.149191856384, 0.156062841415, 9.36877155304, 1.08896064758, 0.232100725174, 0.376656770706, 0.605863809586, 1.30812454224, 3.58619976044, 9.6010055542, 0.364622831345, -0.0223624706268, -0.0475656986237, 15.2234573364, 3.77682924271, 3.29000329971, 3.06327724457, 0.804565668106, 5.99800109863, 5.02020168304],
        "max": [1.13869347729e-07, 1.153245762e-06, 9.61344085226e-06, 5.45595594303e-06, 1.40008396556e-05, 5.78574145038e-06, 0.000544822309166, 8.08703553048e-05, 2.7558705824e-06, 3.55289121217e-05, 8.95674456842e-05, 1.96697692445e-06, 4.92081926495e-05, 6.58183198539e-05, 1.67227808561e-05, 2.84482734969e-06, 0.000436993374024, 0.000405499566114, 6.93800393492e-05, 2.67787936536e-06, 4.97895871376e-06, 1.74522108409e-06, 4.02738777439e-07, 2.18553694253e-07, 1.99589198502e-08, 5.22212495468e-10, 9.42043040797e-11],
        "mean": [2.40368809301e-08, 3.24063961443e-07, 1.22991036733e-06, 1.09948439331e-06, 3.20090316563e-06, 2.18122022488e-06, 0.000130868706037, 1.74810484168e-05, 9.19416379475e-07, 3.27737711814e-06, 1.86715442396e-05, 7.31053887648e-07, 8.91894069355e-06, 1.10299697553e-05, 3.26540043716e-06, 4.33708635228e-07, 3.53382929461e-05, 7.95638043201e-05, 1.37639390232e-05, 5.85098518968e-07, 4.03223879175e-07, 2.27401343977e-07, 5.54115935358e-08, 2.87532699872e-08, 3.61060115139e-09, 6.81845344075e-11, 1.17577015832e-11],
        "median": [1.54430885857e-08, 2.63041499693e-07, 7.27248050225e-07, 8.0971949501e-07, 2.69969655164e-06, 2.02658770831e-06, 1.69107370311e-05, 3.78357344744e-06, 8.19630486149e-07, 1.11217241283e-06, 5.90093713981e-06, 7.28480358703e-07, 1.21046707591e-06, 5.65820414522e-07, 1.54626400217e-06, 1.75960451543e-07, 2.26635756917e-06, 2.15738327825e-06, 4.66802362098e-07, 7.99948196573e-08, 4.18878443043e-08, 1.24422987469e-08, 2.75415246165e-09, 1.11858611263e-09, 2.56206889038e-10, 1.34903815549e-11, 2.24376116645e-12],
        "min": [1.57470455946e-12, 1.99579536925e-11, 2.46179257535e-11, 7.43455574881e-11, 5.35034516691e-10, 8.16195305786e-11, 1.91686857359e-11, 6.68373134616e-11, 3.00009045384e-11, 5.82635883983e-11, 1.44415712028e-11, 3.76421324666e-11, 8.88283543943e-12, 1.16062541522e-11, 1.32407409689e-11, 2.95648119701e-12, 6.86267665959e-13, 1.5065730781e-12, 2.0598214974e-12, 5.54277923472e-13, 3.85329436544e-13, 2.22070761302e-13, 7.42326935598e-14, 5.16215827137e-14, 4.77190613684e-14, 3.75168544506e-14, 2.56898198054e-14],
        "skew": [1.61116373539, 0.96558958292, 2.74832057953, 1.72105908394, 1.3675211668, 0.641752541065, 0.866568684578, 1.09083724022, 0.761417806149, 3.1562666893, 1.42265117168, 0.400430053473, 1.10879051685, 1.43959248066, 1.4246326685, 1.89264309406, 3.17098498344, 1.40100097656, 1.20222818851, 1.18000364304, 3.60158324242, 1.99613142014, 1.93628168106, 1.81250441074, 1.35784804821, 2.16986560822, 2.27902698517],
        "var": [6.3679645807e-16, 6.38862132142e-14, 2.1191995641e-12, 1.04816144913e-12, 5.12293506227e-12, 1.65256870688e-12, 2.64524331328e-08, 4.92637208804e-10, 3.24732618183e-13, 4.16581907858e-11, 5.66919622358e-10, 1.48557435884e-13, 1.26920043919e-10, 3.17234905012e-10, 1.58562833003e-11, 3.01276717333e-13, 6.69730138014e-09, 1.70151750467e-08, 4.33740016126e-10, 6.4750651672e-13, 6.36532330751e-13, 1.4108676792e-13, 8.17883070704e-15, 2.07142881339e-15, 2.74464913079e-17, 8.86170626352e-21, 3.72400558888e-22],
        "cov": [[6.4205928553e-16, 2.49130029249e-15, -1.74924204421e-15, -1.94903975229e-15, 8.38312319546e-15, 6.03137772202e-15, 9.05275583229e-13, 1.12758164351e-13, 2.45935677422e-15, 3.39967278233e-14, 7.71526804033e-14, 1.18141815555e-15, 6.84727407695e-14, 6.31980904241e-14, 1.7332972419e-14, 1.53445185296e-15, 4.57106900074e-13, 6.30295620384e-13, 1.13241691415e-13, 4.68231639374e-15, 5.25348595667e-15, 2.18034009799e-15, 6.89504512581e-16, 3.36754465323e-16, 3.91384808169e-17, 4.68843437954e-19, -2.14270414222e-21], [2.49130029249e-15, 6.44141993434e-14, 1.64868186919e-14, 6.69999122575e-15, 1.5914439566e-14, 5.47747475632e-14, 8.01561334668e-12, 1.02054725348e-12, 2.11668857897e-14, 8.71815098412e-14, 9.28066542887e-13, 9.29329736673e-15, 5.00390636045e-13, 7.77214718365e-13, 2.22334073353e-13, 2.04518188816e-14, 1.12026924196e-12, 6.27923754659e-12, 1.05973812625e-12, 2.83751463352e-14, 3.8652576555e-14, 1.46958115707e-14, 4.21674642835e-15, 2.51274843726e-15, 2.48732971967e-16, 4.24259281817e-18, 3.22943615452e-19], [-1.74924204421e-15, 1.64868186919e-14, 2.13671376599e-12, 6.72666620755e-13, -3.21164603701e-14, 4.52082998586e-14, 1.95624506177e-11, 4.88558239004e-12, 1.29208709704e-13, -1.01959456503e-12, 4.59804199923e-12, 2.82186620804e-14, 2.29236768456e-13, 3.7423853079e-12, 7.490153788e-14, 6.80614215703e-14, -1.18340112015e-11, 2.26709571255e-11, 3.01850081388e-12, 4.74105618046e-14, -4.47591945197e-15, -1.83147445912e-14, 6.71051603364e-15, 3.94089829062e-15, 3.62683732026e-16, -6.17274929439e-18, 4.86264657816e-18], [-1.94903975229e-15, 6.69999122575e-15, 6.72666620755e-13, 1.05682389923e-12, 4.58644352965e-13, 1.68449740376e-13, 6.33247447535e-12, 1.11632252921e-12, 6.52745883061e-14, -3.91665974826e-13, 1.1886210332e-12, 1.13065456046e-14, 1.60401629723e-14, 2.21713120953e-12, -3.86418409206e-13, -4.71707430603e-14, -4.43574430659e-12, 2.49512476652e-11, 4.18226477755e-12, 6.70747162782e-14, -1.42838181333e-14, 1.09413549726e-14, -5.49248654654e-17, 3.82138067121e-15, 6.04470186792e-16, 7.26092937844e-18, 1.82738941807e-18], [8.38312319546e-15, 1.5914439566e-14, -3.21164603701e-14, 4.58644352965e-13, 5.16527315711e-12, 2.02599506724e-13, 5.56805643259e-11, 7.91360033059e-12, 1.70870858695e-13, 2.05682150999e-12, 6.47756457847e-12, 2.22118954089e-13, 2.66174647427e-12, 1.87672316923e-12, 1.59020431371e-12, 2.31300899657e-13, 2.09548194768e-11, -8.4870149103e-12, 6.22842028604e-14, 8.61306739906e-14, 1.19431196635e-14, 3.54184489083e-14, 6.89713094444e-15, -3.91187131855e-15, 5.01588029771e-16, 2.02023512144e-17, 6.26596034851e-19], [6.03137772202e-15, 5.47747475632e-14, 4.52082998586e-14, 1.68449740376e-13, 2.02599506724e-13, 1.66622629322e-12, 1.37854181195e-11, 2.22092049612e-12, 1.64503136048e-13, 8.50765692704e-13, 2.36749053521e-12, 1.14266154047e-13, 1.15373563567e-12, 2.11762421834e-12, 5.14574331496e-13, 1.17599530239e-14, 1.28488877524e-11, 2.97780272662e-11, 4.9778323824e-12, 1.58222149575e-13, 2.39888160334e-13, 8.05795859725e-14, 2.61929116363e-14, 1.20083581411e-14, 1.59913065354e-15, 1.99809199275e-17, 3.4687622532e-19], [9.05275583229e-13, 8.01561334668e-12, 1.95624506177e-11, 6.33247447535e-12, 5.56805643259e-11, 1.37854181195e-11, 2.6671049369e-08, 3.30199445564e-09, 7.3043003937e-13, 1.12858791756e-10, 2.32820052126e-09, 3.92006913041e-12, 1.41251255137e-09, 2.19427143122e-09, 4.69781158419e-10, 6.10027792169e-11, 2.71597455637e-09, 1.39278260036e-08, 2.26011365179e-09, 8.07457434249e-11, 7.11450065527e-11, 3.7780004819e-11, 1.10745726825e-11, 4.77915623742e-12, 5.46365199177e-13, 8.32030553802e-15, 1.48563152086e-15], [1.12758164351e-13, 1.02054725348e-12, 4.88558239004e-12, 1.11632252921e-12, 7.91360033059e-12, 2.22092049612e-12, 3.30199445564e-09, 4.9670861868e-10, 3.44263354803e-13, -8.55419034218e-12, 3.65438207472e-10, 5.19709275615e-13, 1.75035083649e-10, 3.53926443708e-10, 6.22114859627e-11, 8.38351697091e-12, 7.74025912809e-11, 2.0064279127e-09, 3.14738318741e-10, 1.01552169451e-11, 9.14856558565e-12, 3.68935481124e-12, 1.3944657061e-12, 6.88789845472e-13, 7.29009544788e-14, 8.22198311818e-16, 2.03190895599e-16], [2.45935677422e-15, 2.11668857897e-14, 1.29208709704e-13, 6.52745883061e-14, 1.70870858695e-13, 1.64503136048e-13, 7.3043003937e-13, 3.44263354803e-13, 3.2741634382e-13, -2.3740840023e-13, 3.46366517282e-13, 3.38569030125e-14, -4.91374031308e-13, 5.50813497732e-14, -7.5618066767e-14, -5.77874633385e-15, -3.09280162245e-12, 3.04746657596e-12, 3.84241656505e-13, -2.38805438775e-14, 1.6876924798e-14, -8.78313365777e-15, -1.19486107134e-16, 5.93415718616e-16, 2.35857564934e-17, -1.22866233883e-18, -8.10044144447e-20], [3.39967278233e-14, 8.71815098412e-14, -1.01959456503e-12, -3.91665974826e-13, 2.05682150999e-12, 8.50765692704e-13, 1.12858791756e-10, -8.55419034218e-12, -2.3740840023e-13, 4.20024744152e-11, 4.92100735161e-11, 2.64865359463e-13, 3.64468108471e-11, -1.3449456826e-11, 7.63257772957e-12, 6.56649431011e-13, 5.21238163742e-10, 5.01263405783e-11, 2.8998286411e-11, 2.73358093973e-12, 8.06145840186e-13, 1.082373015e-12, 1.03916617607e-13, 5.40138375379e-14, 1.35991182033e-14, 3.87198691934e-16, 2.97435983388e-17], [7.71526804033e-14, 9.28066542887e-13, 4.59804199923e-12, 1.1886210332e-12, 6.47756457847e-12, 2.36749053521e-12, 2.32820052126e-09, 3.65438207472e-10, 3.46366517282e-13, 4.92100735161e-11, 5.71604930055e-10, 4.9089118187e-13, 1.73061467934e-10, 2.74152034407e-10, 5.82892970002e-11, 6.95862464872e-12, 7.58528573286e-10, 2.02247774084e-09, 3.38343519868e-10, 1.36781896573e-11, 6.51734785931e-12, 3.47178015503e-12, 9.31763889135e-13, 6.83096808285e-13, 8.38991623029e-14, 1.14594865088e-15, 2.25579670461e-16], [1.18141815555e-15, 9.29329736673e-15, 2.82186620804e-14, 1.13065456046e-14, 2.22118954089e-13, 1.14266154047e-13, 3.92006913041e-12, 5.19709275615e-13, 3.38569030125e-14, 2.64865359463e-13, 4.9089118187e-13, 1.49785186424e-13, 4.07714064333e-13, 2.00872291348e-13, 2.65287818839e-13, 2.36038792e-14, 2.29391592527e-12, -4.30382552513e-12, -8.43728949554e-13, -2.46362565087e-14, 2.64396269228e-14, -6.18987706821e-15, 1.17221027213e-15, -9.02607440668e-17, -1.80548745389e-17, -3.71928139804e-19, -3.14614785563e-20], [6.84727407695e-14, 5.00390636045e-13, 2.29236768456e-13, 1.60401629723e-14, 2.66174647427e-12, 1.15373563567e-12, 1.41251255137e-09, 1.75035083649e-10, -4.91374031308e-13, 3.64468108471e-11, 1.73061467934e-10, 4.07714064333e-13, 1.27968968755e-10, 1.44526501877e-10, 2.95047875021e-11, 2.948887445e-12, 5.44396971947e-10, 9.86792536573e-10, 1.77455120043e-10, 7.3510824164e-12, 5.72833577447e-12, 3.22620836296e-12, 7.57004214088e-13, 3.73617884677e-13, 4.49752573779e-14, 8.42617788017e-16, 1.36415688477e-16], [6.31980904241e-14, 7.77214718365e-13, 3.7423853079e-12, 2.21713120953e-12, 1.87672316923e-12, 2.11762421834e-12, 2.19427143122e-09, 3.53926443708e-10, 5.50813497732e-14, -1.3449456826e-11, 2.74152034407e-10, 2.00872291348e-13, 1.44526501877e-10, 3.19856696684e-10, 3.9240496269e-11, 4.41080548821e-12, -7.10723472262e-13, 1.86808346569e-09, 2.95355156998e-10, 8.56726061621e-12, 8.30365810833e-12, 2.93923088993e-12, 1.11337198141e-12, 6.31632821133e-13, 6.42524973656e-14, 6.75618360323e-16, 1.81196639567e-16], [1.7332972419e-14, 2.22334073353e-13, 7.490153788e-14, -3.86418409206e-13, 1.59020431371e-12, 5.14574331496e-13, 4.69781158419e-10, 6.22114859627e-11, -7.5618066767e-14, 7.63257772957e-12, 5.82892970002e-11, 2.65287818839e-13, 2.95047875021e-11, 3.9240496269e-11, 1.59873277811e-11, 1.74544363338e-12, 1.19637605378e-10, 2.14661607933e-10, 3.80678613632e-11, 1.79354892483e-12, 1.01480521035e-12, 6.61650530372e-13, 1.68537194834e-13, 7.86934875444e-14, 9.8105465063e-15, 1.80554482714e-16, 3.0846448471e-17], [1.53445185296e-15, 2.04518188816e-14, 6.80614215703e-14, -4.71707430603e-14, 2.31300899657e-13, 1.17599530239e-14, 6.10027792169e-11, 8.38351697091e-12, -5.77874633385e-15, 6.56649431011e-13, 6.95862464872e-12, 2.36038792e-14, 2.948887445e-12, 4.41080548821e-12, 1.74544363338e-12, 3.03766587622e-13, 9.8962947212e-12, 1.70253568188e-11, 3.12334273028e-12, 1.61494122654e-13, 8.40937427115e-14, 4.46109044616e-14, 1.61846515465e-14, 6.94785890062e-15, 8.56549362417e-16, 1.36460142817e-17, 3.46176968189e-18], [4.57106900074e-13, 1.12026924196e-12, -1.18340112015e-11, -4.43574430659e-12, 2.09548194768e-11, 1.28488877524e-11, 2.71597455637e-09, 7.74025912809e-11, -3.09280162245e-12, 5.21238163742e-10, 7.58528573286e-10, 2.29391592527e-12, 5.44396971947e-10, -7.10723472262e-13, 1.19637605378e-10, 9.8962947212e-12, 6.7526508829e-09, 1.85316295642e-09, 5.5794568965e-10, 4.10199894885e-11, 1.49031464253e-11, 1.58678244155e-11, 1.92093259702e-12, 1.05745327859e-12, 2.1382127026e-13, 5.44690974182e-15, 4.90080346029e-16], [6.30295620384e-13, 6.27923754659e-12, 2.26709571255e-11, 2.49512476652e-11, -8.4870149103e-12, 2.97780272662e-11, 1.39278260036e-08, 2.0064279127e-09, 3.04746657596e-12, 5.01263405783e-11, 2.02247774084e-09, -4.30382552513e-12, 9.86792536573e-10, 1.86808346569e-09, 2.14661607933e-10, 1.70253568188e-11, 1.85316295642e-09, 1.71557967832e-08, 2.62227217718e-09, 8.5817790374e-11, 6.49761078275e-11, 3.53647354456e-11, 8.70686769211e-12, 5.31066727052e-12, 5.73267453473e-13, 7.67033311188e-15, 1.44735357258e-15], [1.13241691415e-13, 1.05973812625e-12, 3.01850081388e-12, 4.18226477755e-12, 6.22842028604e-14, 4.9778323824e-12, 2.26011365179e-09, 3.14738318741e-10, 3.84241656505e-13, 2.8998286411e-11, 3.38343519868e-10, -8.43728949554e-13, 1.77455120043e-10, 2.95355156998e-10, 3.80678613632e-11, 3.12334273028e-12, 5.5794568965e-10, 2.62227217718e-09, 4.37324648717e-10, 1.48893015972e-11, 9.73537136323e-12, 5.8107711351e-12, 1.36685736514e-12, 8.32783603362e-13, 9.42822073668e-14, 1.41115138441e-15, 2.33762696945e-16], [4.68231639374e-15, 2.83751463352e-14, 4.74105618046e-14, 6.70747162782e-14, 8.61306739906e-14, 1.58222149575e-13, 8.07457434249e-11, 1.01552169451e-11, -2.38805438775e-14, 2.73358093973e-12, 1.36781896573e-11, -2.46362565087e-14, 7.3510824164e-12, 8.56726061621e-12, 1.79354892483e-12, 1.61494122654e-13, 4.10199894885e-11, 8.5817790374e-11, 1.48893015972e-11, 6.52857813383e-13, 3.37963327029e-13, 2.48279695414e-13, 4.88441820085e-14, 2.92832639105e-14, 3.63485512238e-15, 6.26135754335e-17, 9.26606481411e-18], [5.25348595667e-15, 3.8652576555e-14, -4.47591945197e-15, -1.42838181333e-14, 1.19431196635e-14, 2.39888160334e-13, 7.11450065527e-11, 9.14856558565e-12, 1.6876924798e-14, 8.06145840186e-13, 6.51734785931e-12, 2.64396269228e-14, 5.72833577447e-12, 8.30365810833e-12, 1.01480521035e-12, 8.40937427115e-14, 1.49031464253e-11, 6.49761078275e-11, 9.73537136323e-12, 3.37963327029e-13, 6.41792933902e-13, 2.06432527322e-13, 6.45529026825e-14, 3.02306736501e-14, 3.17898982522e-15, 3.99650724768e-17, 5.26048240249e-18], [2.18034009799e-15, 1.46958115707e-14, -1.83147445912e-14, 1.09413549726e-14, 3.54184489083e-14, 8.05795859725e-14, 3.7780004819e-11, 3.68935481124e-12, -8.78313365777e-15, 1.082373015e-12, 3.47178015503e-12, -6.18987706821e-15, 3.22620836296e-12, 2.93923088993e-12, 6.61650530372e-13, 4.46109044616e-14, 1.58678244155e-11, 3.53647354456e-11, 5.8107711351e-12, 2.48279695414e-13, 2.06432527322e-13, 1.42252773146e-13, 2.71730287062e-14, 1.27429677934e-14, 1.51203883178e-15, 2.95957414586e-17, 3.63844615495e-18], [6.89504512581e-16, 4.21674642835e-15, 6.71051603364e-15, -5.49248654654e-17, 6.89713094444e-15, 2.61929116363e-14, 1.10745726825e-11, 1.3944657061e-12, -1.19486107134e-16, 1.03916617607e-13, 9.31763889135e-13, 1.17221027213e-15, 7.57004214088e-13, 1.11337198141e-12, 1.68537194834e-13, 1.61846515465e-14, 1.92093259702e-12, 8.70686769211e-12, 1.36685736514e-12, 4.88441820085e-14, 6.45529026825e-14, 2.71730287062e-14, 8.24642478327e-15, 3.55085190038e-15, 3.93180756245e-16, 5.13522905978e-18, 6.89206317693e-19], [3.36754465323e-16, 2.51274843726e-15, 3.94089829062e-15, 3.82138067121e-15, -3.91187131855e-15, 1.20083581411e-14, 4.77915623742e-12, 6.88789845472e-13, 5.93415718616e-16, 5.40138375379e-14, 6.83096808285e-13, -9.02607440668e-17, 3.73617884677e-13, 6.31632821133e-13, 7.86934875444e-14, 6.94785890062e-15, 1.05745327859e-12, 5.31066727052e-12, 8.32783603362e-13, 2.92832639105e-14, 3.02306736501e-14, 1.27429677934e-14, 3.55085190038e-15, 2.08854819629e-15, 2.16875586364e-16, 2.71123934721e-18, 4.15422795677e-19], [3.91384808169e-17, 2.48732971967e-16, 3.62683732026e-16, 6.04470186792e-16, 5.01588029771e-16, 1.59913065354e-15, 5.46365199177e-13, 7.29009544788e-14, 2.35857564934e-17, 1.35991182033e-14, 8.38991623029e-14, -1.80548745389e-17, 4.49752573779e-14, 6.42524973656e-14, 9.8105465063e-15, 8.56549362417e-16, 2.1382127026e-13, 5.73267453473e-13, 9.42822073668e-14, 3.63485512238e-15, 3.17898982522e-15, 1.51203883178e-15, 3.93180756245e-16, 2.16875586364e-16, 2.76733224299e-17, 3.61612189439e-19, 4.70742347373e-20], [4.68843437954e-19, 4.24259281817e-18, -6.17274929439e-18, 7.26092937844e-18, 2.02023512144e-17, 1.99809199275e-17, 8.32030553802e-15, 8.22198311818e-16, -1.22866233883e-18, 3.87198691934e-16, 1.14594865088e-15, -3.71928139804e-19, 8.42617788017e-16, 6.75618360323e-16, 1.80554482714e-16, 1.36460142817e-17, 5.44690974182e-15, 7.67033311188e-15, 1.41115138441e-15, 6.26135754335e-17, 3.99650724768e-17, 2.95957414586e-17, 5.13522905978e-18, 2.71123934721e-18, 3.61612189439e-19, 8.93494325168e-21, 1.25824864337e-21], [-2.14270414222e-21, 3.22943615452e-19, 4.86264657816e-18, 1.82738941807e-18, 6.26596034851e-19, 3.4687622532e-19, 1.48563152086e-15, 2.03190895599e-16, -8.10044144447e-20, 2.97435983388e-17, 2.25579670461e-16, -3.14614785563e-20, 1.36415688477e-16, 1.81196639567e-16, 3.0846448471e-17, 3.46176968189e-18, 4.90080346029e-16, 1.44735357258e-15, 2.33762696945e-16, 9.26606481411e-18, 5.26048240249e-18, 3.63844615495e-18, 6.89206317693e-19, 4.15422795677e-19, 4.70742347373e-20, 1.25824864337e-21, 3.75478252378e-22]]
    },
    "mfcc": {
        "kurt": [-0.555876493454, 14.1373062134, -1.6229275465, -1.32104754448, -0.42599773407, -1.66841697693, -0.50930762291, -0.367519140244, -0.609588623047, 1.46440315247, -0.909718513489, -0.493894577026, -0.392021656036],
        "max": [-856.313293457, 145.186584473, 39.9578285217, 41.9312324524, 12.3239746094, 6.58492279053, 9.76016616821, 22.3422794342, 8.09596633911, 3.55009460449, 37.1226539612, 18.0999355316, 21.6774520874],
        "mean": [-949.997558594, 118.436325073, -21.9133167267, 0.903666913509, -3.94688344002, -21.8320713043, -7.98231744766, 0.249943971634, -13.5758190155, -10.0985841751, 4.0608549118, 0.775978028774, 4.89833498001],
        "median": [-958.501403809, 123.185646057, -23.5545806885, -1.92803573608, -3.53135681152, -24.3497409821, -7.22425079346, -0.262687683105, -11.646697998, -9.60781097412, -0.835987091064, -0.1086769104, 5.04426574707],
        "min": [-1138.42004395, 1.14440917969e-05, -86.1683425903, -28.8207168579, -31.1541976929, -51.152507782, -24.2278060913, -20.1320495605, -38.5339050293, -32.9014358521, -18.3547725677, -13.6298065186, -14.705745697],
        "skew": [-0.349399656057, -3.34459614754, -0.0435622446239, 0.319238692522, -0.271375328302, 0.0292036216706, -0.119507327676, 0.245364919305, -0.394157767296, -0.955450117588, 0.600036740303, 0.34352555871, -0.125713229179],
        "var": [4568.64355469, 483.520782471, 1614.23937988, 421.619293213, 76.7418289185, 352.126251221, 55.0865592957, 66.5630187988, 114.666000366, 44.9929389954, 215.668075562, 49.1373786926, 52.9523582458],
        "cov": [[4606.40087891, 426.542419434, -2519.89428711, 1072.84851074, 35.7781105042, -1135.07177734, -206.99067688, 282.357330322, -445.082000732, -100.645729065, 762.535827637, 282.481170654, 346.780273438], [426.542419434, 487.516815186, 29.7786960602, -137.680862427, 39.8911705017, -11.9906396866, -28.4404220581, 1.14916837215, 27.6773281097, 5.42104053497, -39.9365196228, 3.01366424561, 19.4025287628], [-2519.89428711, 29.7786960602, 1627.5802002, -694.259521484, -54.1350479126, 708.585449219, 124.959854126, -180.688110352, 262.247406006, 66.4513015747, -458.347229004, -183.233825684, -219.164535522], [1072.84851074, -137.680862427, -694.259521484, 425.103759766, -3.74964046478, -322.639465332, -28.4334793091, 89.2336502075, -152.981567383, -29.3157596588, 249.678375244, 72.2757492065, 80.7966537476], [35.7781105042, 39.8911705017, -54.1350479126, -3.74964046478, 77.3760604858, -12.4561281204, -15.4102602005, 17.0590553284, 25.1754989624, 2.4227848053, -19.5155220032, 10.1674079895, 20.1982631683], [-1135.07177734, -11.9906396866, 708.585449219, -322.639465332, -12.4561281204, 355.036376953, 48.124004364, -88.2758560181, 138.124740601, 25.580789566, -218.51651001, -76.7712860107, -89.5499954224], [-206.99067688, -28.4404220581, 124.959854126, -28.4334793091, -15.4102602005, 48.124004364, 55.5418205261, 7.59795427322, -2.85604286194, 10.4304761887, -17.5148677826, -22.9521427155, -24.4859485626], [282.357330322, 1.14916837215, -180.688110352, 89.2336502075, 17.0590553284, -88.2758560181, 7.59795427322, 67.1131210327, -13.721654892, -16.3163642883, 42.3974456787, 11.6902084351, 26.4417858124], [-445.082000732, 27.6773281097, 262.247406006, -152.981567383, 25.1754989624, 138.124740601, -2.85604286194, -13.721654892, 115.61365509, 4.52939224243, -128.806243896, -20.3322353363, -16.095872879], [-100.645729065, 5.42104053497, 66.4513015747, -29.3157596588, 2.4227848053, 25.580789566, 10.4304761887, -16.3163642883, 4.52939224243, 45.3647842407, 14.4014310837, -5.64339542389, -9.41468238831], [762.535827637, -39.9365196228, -458.347229004, 249.678375244, -19.5155220032, -218.51651001, -17.5148677826, 42.3974456787, -128.806243896, 14.4014310837, 217.450454712, 56.1968307495, 46.3127288818], [282.481170654, 3.01366424561, -183.233825684, 72.2757492065, 10.1674079895, -76.7712860107, -22.9521427155, 11.6902084351, -20.3322353363, -5.64339542389, 56.1968307495, 49.54347229, 34.7721748352], [346.780273438, 19.4025287628, -219.164535522, 80.7966537476, 20.1982631683, -89.5499954224, -24.4859485626, 26.4417858124, -16.095872879, -9.41468238831, 46.3127288818, 34.7721748352, 53.3899803162]]
    },
    "sccoeffs": {
        "kurt": [0.217268705368, -1.53012061119, -1.07326090336, -1.46672606468, -1.61013555527, -0.694489002228],
        "max": [-0.642558991909, -0.51134377718, -0.659877479076, -0.637519240379, -0.582123339176, -0.730329155922],
        "mean": [-0.792938828468, -0.736345410347, -0.814182400703, -0.772725939751, -0.758646547794, -0.817418158054],
        "median": [-0.798987686634, -0.757617294788, -0.829852223396, -0.781656146049, -0.769929409027, -0.833053052425],
        "min": [-0.902606368065, -0.931804418564, -0.914319336414, -0.910215318203, -0.92638784647, -0.923629939556],
        "skew": [0.475555211306, 0.142791464925, 0.389860063791, 0.124251849949, 0.162543147802, 0.490051031113],
        "var": [0.00229472341016, 0.013083320111, 0.00430909590796, 0.00600839918479, 0.012033992447, 0.00154590024613],
        "cov": [[0.00231368793175, -0.000376600684831, -6.3030704041e-05, -0.000202995404834, -0.000431769993156, -0.000133339839522], [-0.000376600684831, 0.0131914466619, 0.00586610846221, 0.00820149481297, 0.01133370772, 0.00389798497781], [-6.3030704041e-05, 0.00586610846221, 0.00434470828623, 0.00430322578177, 0.00612950092182, 0.00194872135762], [-0.000202995404834, 0.00820149481297, 0.00430322578177, 0.00605805544183, 0.00808316189796, 0.00276876776479], [-0.000431769993156, 0.01133370772, 0.00612950092182, 0.00808316189796, 0.0121334465221, 0.00389141519554], [-0.000133339839522, 0.00389798497781, 0.00194872135762, 0.00276876776479, 0.00389141519554, 0.00155867624562]]
    },
    "scvalleys": {
        "kurt": [14.83411026, 26.2395401001, 30.590877533, 27.4205627441, 9.75578117371, 4.90367555618],
        "max": [-8.08428478241, -7.60361146927, -8.05663204193, -9.27377033234, -9.64171028137, -11.6973714828],
        "mean": [-8.89225006104, -8.41371440887, -8.74546146393, -9.94289970398, -10.8198652267, -13.3865203857],
        "median": [-8.72993946075, -8.31694602966, -8.62466049194, -9.82062149048, -10.8471708298, -13.5419845581],
        "min": [-13.1941289902, -13.2257356644, -14.0191869736, -14.7056388855, -16.2229919434, -17.9457015991],
        "skew": [-3.06100487709, -4.44453525543, -4.78717947006, -4.61236333847, -2.26380705833, -1.32565796375],
        "var": [0.427682161331, 0.43056961894, 0.458611786366, 0.40763130784, 0.836866974831, 0.846035897732],
        "cov": [[0.431216716766, 0.340614080429, 0.343913912773, 0.336049586535, 0.429898917675, 0.398248881102], [0.340614080429, 0.434128046036, 0.382842123508, 0.380025297403, 0.464744150639, 0.43241879344], [0.343913912773, 0.382842123508, 0.46240195632, 0.385190159082, 0.483192145824, 0.452693372965], [0.336049586535, 0.380025297403, 0.385190159082, 0.411000162363, 0.506452322006, 0.480178385973], [0.429898917675, 0.464744150639, 0.483192145824, 0.506452322006, 0.843783199787, 0.816692888737], [0.398248881102, 0.43241879344, 0.452693372965, 0.480178385973, 0.816692888737, 0.853027939796]]
    }
},
"rhythm": {
    "beats_loudness": {
        "kurt": -1.592689991,
        "max": 0.000955529336352,
        "mean": 0.000479018548504,
        "median": 0.000563969893847,
        "min": 1.54786448547e-05,
        "skew": -0.167186796665,
        "var": 1.34528931994e-07
    },
    "bpm": 145.605484009,
    "confidence": 0,
    "first_peak_bpm": {
        "kurt": 0,
        "max": 144,
        "mean": 144,
        "median": 144,
        "min": 144,
        "skew": 0,
        "var": 0
    },
    "first_peak_spread": {
        "kurt": 0,
        "max": 0.5,
        "mean": 0.5,
        "median": 0.5,
        "min": 0.5,
        "skew": 0,
        "var": 0
    },
    "first_peak_weight": {
        "kurt": 0,
        "max": 0.40000000596,
        "mean": 0.40000000596,
        "median": 0.40000000596,
        "min": 0.40000000596,
        "skew": 0,
        "var": 0
    },
    "onset_rate": 2.85526990891,
    "second_peak_bpm": {
        "kurt": 0,
        "max": 152,
        "mean": 152,
        "median": 152,
        "min": 152,
        "skew": 0,
        "var": 0
    },
    "second_peak_spread": {
        "kurt": 0,
        "max": 0,
        "mean": 0,
        "median": 0,
        "min": 0,
        "skew": 0,
        "var": 0
    },
    "second_peak_weight": {
        "kurt": 0,
        "max": 0.20000000298,
        "mean": 0.20000000298,
        "median": 0.20000000298,
        "min": 0.20000000298,
        "skew": 0,
        "var": 0
    },
    "beats_loudness_band_ratio": {
        "kurt": [0.50798535347, -1.39963555336, -1.38025259972, -1.24116075039, -1.48831701279, -1.50721526146],
        "max": [0.180385947227, 0.336501181126, 0.772541224957, 0.236021623015, 0.444309294224, 0.0638038143516],
        "mean": [0.0451440326869, 0.111075617373, 0.49013710022, 0.153466254473, 0.197828486562, 0.0252982955426],
        "median": [0.013038277626, 0.0175800118595, 0.42850625515, 0.156917840242, 0.0946050882339, 0.0103814247996],
        "min": [0.0021128822118, 0.00339357205667, 0.247121065855, 0.0518346056342, 0.0307148210704, 0.00166979664937],
        "skew": [1.45461428165, 0.736367404461, 0.395643651485, -0.209608897567, 0.653301715851, 0.628165721893],
        "var": [0.00404312135652, 0.0201267078519, 0.0367170833051, 0.00419761938974, 0.029543781653, 0.000712938664947],
        "cov": [[0.00485174590722, 0.00957259070128, -0.00833978690207, 0.00346204871312, -0.00582026410848, -0.00104522006586], [0.00957259070128, 0.0241520497948, -0.0184998735785, 0.00898593477905, -0.0164230875671, -0.00259637017734], [-0.00833978690207, -0.0184998735785, 0.0440605022013, -0.00640085712075, -0.0135273765773, -0.00203740620054], [0.00346204871312, 0.00898593477905, -0.00640085712075, 0.00503714289516, -0.00807453040034, -0.00112387293484], [-0.00582026410848, -0.0164230875671, -0.0135273765773, -0.00807453040034, 0.0354525372386, 0.00540790474042], [-0.00104522006586, -0.00259637017734, -0.00203740620054, -0.00112387293484, 0.00540790474042, 0.000855526421219]]
    },
    "beats_position": [0.394739210606, 0.789478421211, 1.19582760334, 1.60217678547, 2.02013611794, 2.43809509277],
    "bpm_estimates": [147.656265259, 147.656265259, 143.554641724, 143.554763794],
    "bpm_intervals": [0.394739210606, 0.406349182129, 0.406349182129, 0.417959332466, 0.417958974838],
    "onset_times": [0.0348299331963, 0.162539675832, 0.592108845711, 0.801088452339, 0.975238084793, 1.1261677742, 1.27709746361, 1.40480720997],
    "histogram": [[0, 0, 0, 0, 0, 0, 0, 0, 0, 0, 0, 0, 0, 0, 0, 0, 0, 0, 0, 0, 0, 0, 0, 0, 0, 0, 0, 0, 0, 0, 0, 0, 0, 0, 0, 0, 0, 0, 0, 0, 0, 0, 0, 0, 0, 0, 0, 0, 0, 0, 0, 0, 0, 0, 0, 0, 0, 0, 0, 0, 0, 0, 0, 0, 0, 0, 0, 0, 0, 0, 0, 0, 0, 0, 0, 0, 0, 0, 0, 0, 0, 0, 0, 0, 0, 0, 0, 0, 0, 0, 0, 0, 0, 0, 0, 0, 0, 0, 0, 0, 0, 0, 0, 0, 0, 0, 0, 0, 0, 0, 0, 0, 0, 0, 0, 0, 0, 0, 0, 0, 0, 0, 0, 0, 0, 0, 0, 0, 0, 0, 0, 0, 0, 0, 0, 0, 0, 0, 0, 0, 0, 0, 0, 0, 0.40000000596, 0, 0, 0, 0.40000000596, 0, 0, 0, 0.20000000298, 0, 0, 0, 0, 0, 0, 0, 0, 0, 0, 0, 0, 0, 0, 0, 0, 0, 0, 0, 0, 0, 0, 0, 0, 0, 0, 0, 0, 0, 0, 0, 0, 0, 0, 0, 0, 0, 0, 0, 0, 0, 0, 0, 0, 0, 0, 0, 0, 0, 0, 0, 0, 0, 0, 0, 0, 0, 0, 0, 0, 0, 0, 0, 0, 0, 0, 0, 0, 0, 0, 0, 0, 0, 0, 0, 0, 0, 0, 0, 0, 0, 0, 0, 0, 0, 0, 0, 0, 0, 0, 0, 0, 0, 0, 0, 0, 0]]
},
"sfx": {
    "inharmonicity": {
        "kurt": 1.52628707886,
        "max": 0.299011170864,
        "mean": 0.0566005967557,
        "median": 0.0228046774864,
        "min": 0.000550083874259,
        "skew": 1.551176548,
        "var": 0.00501975091174
    },
    "oddtoevenharmonicenergyratio": {
        "kurt": 4.47496414185,
        "max": 3.68476557732,
        "mean": 0.768006384373,
        "median": 0.568337082863,
        "min": 0.0512522831559,
        "skew": 2.04247426987,
        "var": 0.526479125023
    },
    "pitch_after_max_to_before_max_energy_ratio": 0.0530092306435,
    "pitch_centroid": 52.682346344,
    "pitch_max_to_total": 0.836065590382,
    "pitch_min_to_total": 0.98360657692,
    "tristimulus": {
        "kurt": [0.0409829616547, -0.181015491486, -0.437835931778],
        "max": [0.552406787872, 0.70513689518, 0.799496352673],
        "mean": [0.283508241177, 0.339960306883, 0.376531392336],
        "median": [0.273867726326, 0.331567853689, 0.390397518873],
        "min": [0, 0.136588737369, 0.0994494482875],
        "skew": [-0.188768044114, 0.515338420868, -0.130288645625],
        "var": [0.0150208529085, 0.0138738714159, 0.0194626972079],
        "cov": [[0.0151449926198, -0.00475498940796, -0.0103900060058], [-0.00475498940796, 0.0139885311946, -0.00923354085535], [-0.0103900060058, -0.00923354085535, 0.0196235459298]]
    }
},
"tonal": {
    "chords_changes_rate": 0.0161290317774,
    "chords_number_rate": 0.0322580635548,
    "chords_strength": {
        "kurt": -1.20372068882,
        "max": 0.641899347305,
        "mean": 0.5744125247,
        "median": 0.603542804718,
        "min": 0.456946223974,
        "skew": -0.64163595438,
        "var": 0.00422970345244
    },
    "key_strength": 0.640199422836,
    "tuning_diatonic_strength": 0.550527453423,
    "tuning_equal_tempered_deviation": 0.138353466988,
    "tuning_frequency": 440.254241943,
    "tuning_nontempered_energy_ratio": 0.732122778893,
    "hpcp": {
        "kurt": [4.37983751297, 3.39591741562, 4.64669322968, 2.91221761703, 1.53165197372, -0.878767251968, -0.788928508759, 0.754019498825, 6.10074615479, 4.12578296661, 8.09746456146, 5.9397726059, 20.4792308807, 3.4455332756, 6.13583087921, 3.98999500275, 1.17441034317, 1.93534851074, 2.1270070076, 4.51440000534, 8.88311386108, 10.165804863, 6.26912975311, 13.3319454193, 12.619893074, 8.94292926788, 0.674911022186, -0.384611606598, 1.09748220444, 4.13601541519, 1.89027309418, 5.48008537292, 8.59181594849, 4.26238298416, 12.9094486237, 6.35950946808],
        "max": [1, 1, 1, 0.71587818861, 0.992032170296, 1, 1, 1, 1, 1, 1, 0.640312552452, 0.915021896362, 0.495150148869, 0.52568924427, 0.46000212431, 0.766063868999, 1, 0.771093726158, 0.753421723843, 0.786235809326, 0.653968334198, 0.5946007967, 1, 1, 0.838458240032, 0.767917990685, 1, 0.879887998104, 1, 1, 1, 0.505935549736, 0.378763407469, 0.580443799496, 0.790644109249],
        "mean": [0.163635879755, 0.178429320455, 0.156029954553, 0.126702591777, 0.238536894321, 0.619351923466, 0.720560610294, 0.338936150074, 0.123718999326, 0.130737483501, 0.113587684929, 0.0816288813949, 0.0794509574771, 0.0754634290934, 0.0677427500486, 0.0690511018038, 0.145977661014, 0.213934779167, 0.167778462172, 0.115060254931, 0.0838662087917, 0.0643724650145, 0.0699131712317, 0.0929148048162, 0.102570809424, 0.0911456942558, 0.218443840742, 0.355997890234, 0.229707285762, 0.134398713708, 0.177454590797, 0.121564544737, 0.0556398443878, 0.0534745119512, 0.0825435966253, 0.133995085955],
