{
"metadata": {
    "version": {
        "essentia": "2.1-beta3"
    }
},
"lowLevel": {
    "average_loudness": 0.99068403244,
    "barkbands_kurtosis": {
        "kurt": 3.30314922333,
        "max": 7.3752155304,
        "mean": 1.03744256496,
        "median": 0.814234018326,
        "min": -1.32871222496,
        "skew": 1.44016420841,
        "var": 2.62325620651
    },
    "barkbands_skewness": {
        "kurt": 0.508367776871,
        "max": 2.63029336929,
        "mean": 1.19210219383,
        "median": 1.2232105732,
        "min": -0.0674145519733,
        "skew": 0.0123745594174,
        "var": 0.255170494318
    },
    "barkbands_spread": {
        "kurt": -0.389474630356,
        "max": 27.8562755585,
        "mean": 16.6127738953,
        "median": 15.9727239609,
        "min": 7.33598661423,
        "skew": 0.277866393328,
        "var": 22.2633209229
    },
    "dissonance": {
        "kurt": 18.1947059631,
        "max": 0.495080709457,
        "mean": 0.439417988062,
        "median": 0.462216287851,
        "min": 0.0252342112362,
        "skew": -3.87433362007,
        "var": 0.00558746652678
    },
    "hfc": {
        "kurt": 4.26425552368,
        "max": 4.69088554382,
        "mean": 0.531527817249,
        "median": 0.024672627449,
        "min": 8.50410991626e-11,
        "skew": 2.43057584763,
        "var": 1.62613129616
    },
    "pitch": {
        "kurt": 0.275739908218,
        "max": 541.031799316,
        "mean": 239.862854004,
        "median": 210.746612549,
        "min": 85.1701965332,
        "skew": 1.17898130417,
        "var": 15693.2890625
    },
    "pitch_instantaneous_confidence": {
        "kurt": -0.249391078949,
        "max": 0.756692111492,
        "mean": 0.384083092213,
        "median": 0.343635678291,
        "min": 0.00940108299255,
        "skew": 0.494822859764,
        "var": 0.0279190540314
    },
    "pitch_salience": {
        "kurt": 0.0126740932465,
        "max": 0.84526693821,
        "mean": 0.636779665947,
        "median": 0.675379753113,
        "min": 0.250820070505,
        "skew": -1.01247310638,
        "var": 0.0258119925857
    },
    "silence_rate_20dB": {
        "kurt": 0,
        "max": 1,
        "mean": 1,
        "median": 1,
        "min": 1,
        "skew": 0,
        "var": 0
    },
    "silence_rate_30dB": {
        "kurt": 0,
        "max": 1,
        "mean": 1,
        "median": 1,
        "min": 1,
        "skew": 0,
        "var": 0
    },
    "silence_rate_60dB": {
        "kurt": 6.34757232666,
        "max": 1,
        "mean": 0.911111116409,
        "median": 1,
        "min": 0,
        "skew": -2.8892147541,
        "var": 0.080987624824
    },
    "spectral_centroid": {
        "kurt": 0.509114980698,
        "max": 1297.8067627,
        "mean": 832.633666992,
        "median": 816.76385498,
        "min": 477.955688477,
        "skew": 0.545138597488,
        "var": 29426.0976562
    },
    "spectral_complexity": {
        "kurt": 2.61906194687,
        "max": 9,
        "mean": 1.17777776718,
        "median": 0,
        "min": 0,
        "skew": 2.06225776672,
        "var": 6.81282949448
    },
    "spectral_crest": {
        "kurt": -0.515954971313,
        "max": 13.8881998062,
        "mean": 7.60692930222,
        "median": 7.33765888214,
        "min": 3.50641751289,
        "skew": 0.47434669733,
        "var": 7.24281263351
    },
    "spectral_decrease": {
        "kurt": 4.63709688187,
        "max": -4.50988078811e-20,
        "mean": -1.39626421536e-10,
        "median": -7.65997161534e-12,
        "min": -1.25674204376e-09,
        "skew": -2.48298358917,
        "var": 1.12831015693e-19
    },
    "spectral_energy": {
        "kurt": 4.59013748169,
        "max": 0.0051490822807,
        "mean": 0.000575193320401,
        "median": 3.13982891385e-05,
        "min": 1.77926738013e-13,
        "skew": 2.47528076172,
        "var": 1.91112280845e-06
    },
    "spectral_energyband_high": {
        "kurt": 8.37913990021,
        "max": 5.03641385876e-05,
        "mean": 4.23270194005e-06,
        "median": 4.06736660352e-07,
        "min": 2.16493214516e-15,
        "skew": 3.10948491096,
        "var": 1.27976948483e-10
    },
    "spectral_energyband_low": {
        "kurt": 3.0438170433,
        "max": 6.74603234074e-06,
        "mean": 1.70651230746e-06,
        "median": 1.41970485856e-06,
        "min": 7.56875641263e-14,
        "skew": 1.62852752209,
        "var": 2.13968925043e-12
    },
    "spectral_energyband_middle_high": {
        "kurt": 3.99698066711,
        "max": 0.00161988288164,
        "mean": 0.000185263736057,
        "median": 8.78051014297e-06,
        "min": 2.31060948776e-14,
        "skew": 2.35234117508,
        "var": 1.82534208193e-07
    },
    "spectral_energyband_middle_low": {
        "kurt": 5.51210975647,
        "max": 0.0037522749044,
        "mean": 0.0003852287482,
        "median": 1.90211649169e-05,
        "min": 7.47584706271e-14,
        "skew": 2.64700198174,
        "var": 9.38914695325e-07
    },
    "spectral_flatness_db": {
        "kurt": 0.421198368073,
        "max": 0.263850331306,
        "mean": 0.169569581747,
        "median": 0.16019256413,
        "min": 0.0901118218899,
        "skew": 0.946722924709,
        "var": 0.00157265923917
    },
    "spectral_flux": {
        "kurt": 4.55261993408,
        "max": 0.0397069007158,
        "mean": 0.00678165303543,
        "median": 0.00333128450438,
        "min": 0.000167248159414,
        "skew": 2.27934622765,
        "var": 7.71991544752e-05
    },
    "spectral_kurtosis": {
        "kurt": 4.04154539108,
        "max": 18.2971057892,
        "mean": 7.45729446411,
        "median": 7.2966594696,
        "min": 2.76461744308,
        "skew": 1.32175695896,
        "var": 7.09852552414
    },
    "spectral_rms": {
        "kurt": 2.82739019394,
        "max": 0.00224131532013,
        "mean": 0.000420486234361,
        "median": 0.000175021370524,
        "min": 1.31752448951e-08,
        "skew": 2.08106422424,
        "var": 3.84355445249e-07
    },
    "spectral_rolloff": {
        "kurt": -1.0247335434,
        "max": 2217.91992188,
        "mean": 1469.04309082,
        "median": 1399.65820312,
        "min": 602.9296875,
        "skew": -0.0174218770117,
        "var": 179163.21875
    },
    "spectral_skewness": {
        "kurt": 7.09305000305,
        "max": 3.48971247673,
        "mean": 2.07868146896,
        "median": 2.08147382736,
        "min": 1.43893134594,
        "skew": 1.70967328548,
        "var": 0.09767177701
    },
    "spectral_spread": {
        "kurt": 37.6053619385,
        "max": 26169532,
        "mean": 3720007,
        "median": 3134278.5,
        "min": 2411675.5,
        "skew": 6.20820617676,
        "var": 1.17912476058e+13
    },
    "spectral_strongpeak": {
        "kurt": 3.68925905228,
        "max": 1.25257444382,
        "mean": 0.176927879453,
        "median": 0.0272377151996,
        "min": 0,
        "skew": 2.27036237717,
        "var": 0.119522318244
    },
    "zerocrossingrate": {
        "kurt": 38.3656921387,
        "max": 0.46533203125,
        "mean": 0.0595377609134,
        "median": 0.048828125,
        "min": 0.0224609375,
        "skew": 6.28287029266,
        "var": 0.00381695828401
    },
    "barkbands": {
        "kurt": [2.89718532562, 0.446432590485, 4.98570919037, 2.48861122131, 2.11658620834, 10.1380710602, 5.12858295441, 5.92212963104, 3.02043056488, 6.89231777191, 5.38110542297, 15.9741134644, 10.8419446945, 17.0663909912, 7.97556018829, 6.8861913681, 6.49426460266, 17.526807785, 6.66999149323, 8.79772377014, 8.51893615723, 8.80993461609, 7.86225128174, 7.22488117218, 9.90391159058, 8.7081785202, 16.5370941162],
        "max": [1.47792562188e-07, 1.23894403714e-06, 4.32867454947e-06, 6.09460221312e-06, 1.19557989819e-05, 3.85571802326e-05, 0.00135058164597, 0.00239065708593, 4.20391688749e-06, 0.000389186898246, 0.000293177523417, 2.16372663999e-05, 3.86751016777e-05, 0.000622746010777, 0.000125339283841, 0.000329807400703, 0.000252111407463, 0.000150524603669, 3.96225113946e-05, 2.87931288767e-05, 2.01018283406e-05, 1.87259392987e-05, 5.11323514729e-06, 6.66130858917e-07, 8.40096703314e-08, 1.92810145627e-09, 4.41911313098e-10],
        "mean": [3.28186295917e-08, 3.39254000892e-07, 8.35439948332e-07, 1.39238784413e-06, 3.22833852806e-06, 5.61060733162e-06, 0.000142392207636, 0.000230628167628, 1.0339462051e-06, 3.42840321537e-05, 2.94794735964e-05, 1.97369172383e-06, 3.4892595977e-06, 3.85906787415e-05, 1.09211414383e-05, 3.00848460029e-05, 2.20418860408e-05, 8.785396858e-06, 3.91585717807e-06, 2.63476022155e-06, 1.57580609539e-06, 1.45908620652e-06, 4.02745797601e-07, 5.58146844298e-08, 6.35061292442e-09, 1.55825977122e-10, 2.40014032954e-11],
        "median": [2.81640364364e-08, 2.19694967996e-07, 6.23772848485e-07, 9.98347445602e-07, 3.01064892483e-06, 3.54688381776e-06, 4.74802618555e-06, 1.43861620927e-06, 8.04794126452e-07, 1.40798988468e-06, 1.24666166812e-06, 7.0382566264e-07, 1.020820946e-06, 7.16585532246e-07, 3.87906851529e-07, 5.49479352685e-07, 7.17579951015e-07, 1.63334533454e-07, 6.00622456659e-07, 4.61959416498e-07, 1.03270629381e-07, 4.56117525971e-08, 6.51115295014e-09, 2.33161578933e-09, 5.27709265175e-10, 1.25180490973e-11, 6.67651209926e-13],
        "min": [2.36350144371e-14, 3.39756502554e-14, 2.05309910511e-14, 1.81223901852e-14, 3.28051591426e-14, 1.58737989252e-14, 4.91158491916e-15, 9.28729275017e-16, 1.50596475852e-15, 1.96172534123e-15, 1.4722878932e-15, 3.84205251029e-15, 4.87371322905e-15, 9.77213864434e-16, 2.50196549608e-15, 1.04019150522e-15, 4.20719232022e-15, 1.23818100971e-15, 6.51239852128e-16, 9.47312966122e-16, 3.25650551599e-16, 4.65949965548e-16, 2.08008660184e-16, 2.40156895725e-16, 1.96837182347e-16, 2.09622324123e-16, 2.17784095375e-16],
        "skew": [1.65908002853, 1.12628793716, 2.19806623459, 1.53692889214, 1.23805570602, 2.97843337059, 2.57368206978, 2.72333288193, 1.4690309763, 2.76799941063, 2.52586531639, 3.77620029449, 3.42066287994, 3.94183397293, 2.97089195251, 2.84949350357, 2.82006168365, 4.0499329567, 2.79506015778, 3.18289279938, 3.14990448952, 3.18852710724, 3.06019544601, 2.91978549957, 3.24593544006, 3.16120243073, 4.02367782593],
        "var": [1.11241726348e-15, 9.98341830754e-14, 8.79528329507e-13, 1.70849749279e-12, 6.02589462703e-12, 4.88199411453e-11, 1.27149093032e-07, 3.74512978851e-07, 6.73432826431e-13, 7.11646075402e-09, 4.68300731526e-09, 1.35079499669e-11, 5.99471791651e-11, 1.15741016771e-08, 7.6835532381e-10, 6.25962082168e-09, 3.51843643109e-09, 6.78503975227e-10, 8.16440179352e-11, 4.22261670074e-11, 2.02504107233e-11, 1.87405282265e-11, 1.42502611274e-12, 2.40023997314e-14, 2.94404750255e-16, 1.9392769955e-19, 6.15857574524e-21],
        "cov": [[1.13769950288e-15, 5.30676941125e-15, 6.64177930997e-15, 5.93366654232e-15, 3.5934827298e-14, -1.13884225621e-15, -1.32479552502e-12, -2.68274313354e-12, -1.32640827914e-15, -5.16244815993e-13, -4.67424872679e-13, -2.39029944858e-15, -4.02900979181e-14, -2.00070008846e-13, -3.21280850502e-14, -3.44136801304e-13, -1.60041467925e-13, 1.08050877002e-14, -1.52195371242e-14, -4.88628108041e-15, -1.45868102888e-14, -1.78465877872e-14, -4.43061801237e-15, -7.00247907907e-16, -1.92921911515e-17, -1.50703405076e-18, -1.17659543579e-20], [5.30676941125e-15, 1.02103140396e-13, 6.13808456102e-14, 6.38065717883e-14, 3.95348684346e-13, 8.18271286233e-13, 1.09986316929e-11, 5.8933860396e-12, 1.4287153749e-14, -1.85173447756e-12, -1.25326528669e-12, 4.12966807018e-13, -2.18520893654e-13, 1.11256290639e-11, 1.87549043136e-12, 4.34060773435e-12, 4.05000555662e-12, 2.21493049596e-12, 6.89807802892e-13, 5.47984509332e-13, 7.26508290376e-14, 3.65677743619e-14, 2.0268629372e-14, 2.7875028437e-15, 1.87675904277e-15, 1.65016427611e-17, 3.72770390613e-18], [6.64177930997e-15, 6.13808456102e-14, 8.99517602331e-13, 3.52207602276e-13, 7.00191803409e-13, 3.04088850454e-12, 6.98750432515e-11, 9.82220346724e-11, 2.12960454393e-13, 1.19357353862e-11, 1.57880635648e-11, 7.20531327745e-13, 7.87513934272e-13, 1.90573459791e-11, 7.36590996531e-12, 1.30253273445e-11, 9.21114833713e-12, 7.32996909697e-12, 2.07714704811e-12, 1.18707983981e-12, 7.74103329181e-13, 5.82827026658e-13, 1.86738658933e-13, 2.05745810607e-14, 3.04343130762e-15, 6.28141171013e-17, 2.05352301996e-17], [5.93366654232e-15, 6.38065717883e-14, 3.52207602276e-13, 1.74732700097e-12, 1.02475395791e-12, 8.12726134222e-13, -6.5579736086e-11, -1.25501067871e-10, 8.34939281884e-14, -1.50114642938e-11, -9.31340941868e-12, -7.93368531136e-14, -9.48337762485e-13, -6.24537921379e-12, -2.81349184401e-12, -1.04693467437e-11, -9.03981143413e-12, -3.38615680634e-12, -1.276476971e-12, -7.85341464169e-13, -7.80407531133e-13, -8.5804486346e-13, -2.40618180762e-13, -3.14704927157e-14, -1.84462790671e-15, -7.65148485533e-17, -1.29678097247e-17], [3.5934827298e-14, 3.95348684346e-13, 7.00191803409e-13, 1.02475395791e-12, 6.16284670865e-12, 7.92363744062e-12, 7.02783317652e-11, 4.02407655808e-11, 3.13724334055e-13, 2.35449836711e-11, 3.06900824198e-11, 3.33488770453e-12, -3.5251174809e-13, 8.36770167045e-11, 7.63077274979e-12, 3.72059848208e-11, 1.65674175767e-11, 4.15530283793e-12, 3.0900948033e-12, 3.62731589557e-12, -4.55904357235e-13, -3.79671093826e-13, -4.44872512038e-14, 9.50907308082e-15, 9.38295495717e-15, 2.62711884259e-17, -1.20886718299e-18], [-1.13884225621e-15, 8.18271286233e-13, 3.04088850454e-12, 8.12726134222e-13, 7.92363744062e-12, 4.99294841583e-11, 8.53182580141e-10, 1.07678022054e-09, 1.95691856816e-12, 2.37305924911e-10, 2.54324450388e-10, 2.0655348959e-11, 6.15755797045e-12, 5.73527836334e-10, 7.3050017424e-11, 2.97095403834e-10, 1.85031850952e-10, 6.12766296038e-11, 2.88482501776e-11, 2.84608829559e-11, 4.30474232649e-12, 4.2129915008e-12, 1.40089600077e-12, 2.78102952993e-13, 7.79673024818e-14, 7.62718758289e-16, 8.58903253742e-17], [-1.32479552502e-12, 1.09986316929e-11, 6.98750432515e-11, -6.5579736086e-11, 7.02783317652e-11, 8.53182580141e-10, 1.30038841917e-07, 2.20890569835e-07, 4.20703888393e-11, 2.61989345773e-08, 2.04538341819e-08, 8.79551764754e-10, 2.40620878778e-09, 2.81261005597e-08, 9.19978937475e-09, 2.58819969901e-08, 2.01330934146e-08, 8.23983548059e-09, 3.05071234941e-09, 1.80966486241e-09, 1.56570723053e-09, 1.51087187206e-09, 4.2283068713e-10, 5.52995531311e-11, 5.04925441736e-12, 1.52214775073e-13, 2.46628143797e-14], [-2.68274313354e-12, 5.8933860396e-12, 9.82220346724e-11, -1.25501067871e-10, 4.02407655808e-11, 1.07678022054e-09, 2.20890569835e-07, 3.83024627126e-07, 7.46771255944e-11, 4.60261766477e-08, 3.54170168748e-08, 1.32394550878e-09, 4.38957270532e-09, 4.25472563848e-08, 1.50786565456e-08, 4.25902015877e-08, 3.32127498837e-08, 1.32917223894e-08, 4.97191843252e-09, 2.86580559283e-09, 2.72713829297e-09, 2.64505417569e-09, 7.3264916356e-10, 9.55759638099e-11, 7.83324446973e-12, 2.59526910596e-13, 4.1327289762e-14], [-1.32640827914e-15, 1.4287153749e-14, 2.12960454393e-13, 8.34939281884e-14, 3.13724334055e-13, 1.95691856816e-12, 4.20703888393e-11, 7.46771255944e-11, 6.88738129029e-13, 1.73007424359e-11, 1.72065573595e-11, 5.58170534532e-13, 1.2201717501e-12, 1.19266315574e-11, 1.3060338401e-12, 1.09371565624e-11, 4.46434859566e-12, 5.94734710698e-13, 6.12889296606e-13, 8.69035746143e-13, 3.40370879268e-13, 3.87918755278e-13, 1.08898241986e-13, 1.83268673268e-14, 1.33207556483e-15, 3.2935397155e-17, 4.26127758744e-18], [-5.16244815993e-13, -1.85173447756e-12, 1.19357353862e-11, -1.50114642938e-11, 2.35449836711e-11, 2.37305924911e-10, 2.61989345773e-08, 4.60261766477e-08, 1.73007424359e-11, 7.27819848834e-09, 5.6863949105e-09, 2.04723141217e-10, 5.56362789172e-10, 5.74661651598e-09, 1.54668988728e-09, 5.10963449329e-09, 3.65984242912e-09, 1.22042165263e-09, 5.3661075583e-10, 4.17053058754e-10, 2.90224400068e-10, 2.86501405933e-10, 7.86656365048e-11, 1.0979660757e-11, 9.06762566508e-13, 2.66579903226e-14, 4.03144484213e-15], [-4.67424872679e-13, -1.25326528669e-12, 1.57880635648e-11, -9.31340941868e-12, 3.06900824198e-11, 2.54324450388e-10, 2.04538341819e-08, 3.54170168748e-08, 1.72065573595e-11, 5.6863949105e-09, 4.78943951165e-09, 1.74252709484e-10, 4.31108371224e-10, 5.08616748718e-09, 1.18437482044e-09, 4.47653558666e-09, 2.91511392803e-09, 8.94077201163e-10, 4.18399731528e-10, 3.23969184812e-10, 2.15266610093e-10, 2.19432860771e-10, 6.07199221458e-11, 8.69059338382e-12, 7.49405908423e-13, 2.11099041893e-14, 2.90103723413e-15], [-2.39029944858e-15, 4.12966807018e-13, 7.20531327745e-13, -7.93368531136e-14, 3.33488770453e-12, 2.0655348959e-11, 8.79551764754e-10, 1.32394550878e-09, 5.58170534532e-13, 2.04723141217e-10, 1.74252709484e-10, 1.38149491846e-11, 1.20343821713e-11, 3.91378401909e-10, 7.16651807342e-11, 2.3502250146e-10, 1.74467010283e-10, 5.98925492534e-11, 2.58201619807e-11, 2.0719951796e-11, 8.1248957215e-12, 7.71572042368e-12, 2.19411966894e-12, 3.36436418004e-13, 5.92706493694e-14, 9.65136551035e-16, 1.17747849943e-16], [-4.02900979181e-14, -2.18520893654e-13, 7.87513934272e-13, -9.48337762485e-13, -3.5251174809e-13, 6.15755797045e-12, 2.40620878778e-09, 4.38957270532e-09, 1.2201717501e-12, 5.56362789172e-10, 4.31108371224e-10, 1.20343821713e-11, 6.13096171054e-11, 3.8584263562e-10, 1.49892889767e-10, 4.72524186446e-10, 3.57366747306e-10, 1.15395797085e-10, 4.8420382287e-11, 2.56006587457e-11, 3.19331922016e-11, 3.1490463015e-11, 8.35745795486e-12, 1.11541223306e-12, 7.12580222693e-14, 2.97065021338e-15, 3.81732100111e-16], [-2.00070008846e-13, 1.11256290639e-11, 1.90573459791e-11, -6.24537921379e-12, 8.36770167045e-11, 5.73527836334e-10, 2.81261005597e-08, 4.25472563848e-08, 1.19266315574e-11, 5.74661651598e-09, 5.08616748718e-09, 3.91378401909e-10, 3.8584263562e-10, 1.18371499269e-08, 2.25083129912e-09, 7.64608287795e-09, 5.52241630203e-09, 1.93086480138e-09, 8.01072985723e-10, 6.00665461814e-10, 2.7353183607e-10, 2.65514638054e-10, 7.62956850475e-11, 1.12833579285e-11, 1.8145364768e-12, 3.2811803269e-14, 4.14697886558e-15], [-3.21280850502e-14, 1.87549043136e-12, 7.36590996531e-12, -2.81349184401e-12, 7.63077274979e-12, 7.3050017424e-11, 9.19978937475e-09, 1.50786565456e-08, 1.3060338401e-12, 1.54668988728e-09, 1.18437482044e-09, 7.16651807342e-11, 1.49892889767e-10, 2.25083129912e-09, 7.85817966253e-10, 1.87477566804e-09, 1.59056667837e-09, 6.99327928899e-10, 2.52798060263e-10, 1.22675619663e-10, 1.14027204345e-10, 1.0637084269e-10, 2.95380039872e-11, 3.76625510293e-12, 4.18067137983e-13, 1.15214852971e-14, 1.7728328647e-15], [-3.44136801304e-13, 4.34060773435e-12, 1.30253273445e-11, -1.04693467437e-11, 3.72059848208e-11, 2.97095403834e-10, 2.58819969901e-08, 4.25902015877e-08, 1.09371565624e-11, 5.10963449329e-09, 4.47653558666e-09, 2.3502250146e-10, 4.72524186446e-10, 7.64608287795e-09, 1.87477566804e-09, 6.40188480006e-09, 4.52063719791e-09, 1.55098400789e-09, 6.42955522157e-10, 3.78020892366e-10, 2.92915164346e-10, 2.94199692386e-10, 8.18451903473e-11, 1.13486173584e-11, 1.23282775048e-12, 3.23147948287e-14, 4.02033896964e-15], [-1.60041467925e-13, 4.05000555662e-12, 9.21114833713e-12, -9.03981143413e-12, 1.65674175767e-11, 1.85031850952e-10, 2.01330934146e-08, 3.32127498837e-08, 4.46434859566e-12, 3.65984242912e-09, 2.91511392803e-09, 1.74467010283e-10, 3.57366747306e-10, 5.52241630203e-09, 1.59056667837e-09, 4.52063719791e-09, 3.59840091058e-09, 1.38421551998e-09, 5.30554544742e-10, 2.93815832775e-10, 2.43991271631e-10, 2.34113201047e-10, 6.45460629389e-11, 8.62649188194e-12, 9.69547359064e-13, 2.55463629173e-14, 3.48970374489e-15], [1.08050877002e-14, 2.21493049596e-12, 7.32996909697e-12, -3.38615680634e-12, 4.15530283793e-12, 6.12766296038e-11, 8.23983548059e-09, 1.32917223894e-08, 5.94734710698e-13, 1.22042165263e-09, 8.94077201163e-10, 5.98925492534e-11, 1.15395797085e-10, 1.93086480138e-09, 6.99327928899e-10, 1.55098400789e-09, 1.38421551998e-09, 6.93924528949e-10, 2.26779844903e-10, 1.23993856849e-10, 1.01918494477e-10, 9.30600874138e-11, 2.67719006686e-11, 3.30047122445e-12, 3.80220486172e-13, 9.98176998143e-15, 1.89748784481e-15], [-1.52195371242e-14, 6.89807802892e-13, 2.07714704811e-12, -1.276476971e-12, 3.0900948033e-12, 2.88482501776e-11, 3.05071234941e-09, 4.97191843252e-09, 6.12889296606e-13, 5.3661075583e-10, 4.18399731528e-10, 2.58201619807e-11, 4.8420382287e-11, 8.01072985723e-10, 2.52798060263e-10, 6.42955522157e-10, 5.30554544742e-10, 2.26779844903e-10, 8.34995614318e-11, 4.43066278111e-11, 3.64652787133e-11, 3.4400850224e-11, 9.61784037828e-12, 1.2502461089e-12, 1.44502926335e-13, 3.7558821545e-15, 5.73806323552e-16], [-4.88628108041e-15, 5.47984509332e-13, 1.18707983981e-12, -7.85341464169e-13, 3.62731589557e-12, 2.84608829559e-11, 1.80966486241e-09, 2.86580559283e-09, 8.69035746143e-13, 4.17053058754e-10, 3.23969184812e-10, 2.0719951796e-11, 2.56006587457e-11, 6.00665461814e-10, 1.22675619663e-10, 3.78020892366e-10, 2.93815832775e-10, 1.23993856849e-10, 4.43066278111e-11, 4.31858541983e-11, 1.81003025068e-11, 1.66984846089e-11, 4.99098852524e-12, 6.98640581151e-13, 9.70177646445e-14, 1.75328429719e-15, 3.63754805187e-16], [-1.45868102888e-14, 7.26508290376e-14, 7.74103329181e-13, -7.80407531133e-13, -4.55904357235e-13, 4.30474232649e-12, 1.56570723053e-09, 2.72713829297e-09, 3.40370879268e-13, 2.90224400068e-10, 2.15266610093e-10, 8.1248957215e-12, 3.19331922016e-11, 2.7353183607e-10, 1.14027204345e-10, 2.92915164346e-10, 2.43991271631e-10, 1.01918494477e-10, 3.64652787133e-11, 1.81003025068e-11, 2.0710648474e-11, 1.97337493568e-11, 5.40987393771e-12, 6.88062671075e-13, 5.5070084235e-14, 1.95324336505e-15, 3.07961459636e-16], [-1.78465877872e-14, 3.65677743619e-14, 5.82827026658e-13, -8.5804486346e-13, -3.79671093826e-13, 4.2129915008e-12, 1.51087187206e-09, 2.64505417569e-09, 3.87918755278e-13, 2.86501405933e-10, 2.19432860771e-10, 7.71572042368e-12, 3.1490463015e-11, 2.65514638054e-10, 1.0637084269e-10, 2.94199692386e-10, 2.34113201047e-10, 9.30600874138e-11, 3.4400850224e-11, 1.66984846089e-11, 1.97337493568e-11, 1.91664496774e-11, 5.24691878487e-12, 6.75064171229e-13, 5.19995322029e-14, 1.898713925e-15, 2.84580994481e-16], [-4.43061801237e-15, 2.0268629372e-14, 1.86738658933e-13, -2.40618180762e-13, -4.44872512038e-14, 1.40089600077e-12, 4.2283068713e-10, 7.3264916356e-10, 1.08898241986e-13, 7.86656365048e-11, 6.07199221458e-11, 2.19411966894e-12, 8.35745795486e-12, 7.62956850475e-11, 2.95380039872e-11, 8.18451903473e-11, 6.45460629389e-11, 2.67719006686e-11, 9.61784037828e-12, 4.99098852524e-12, 5.40987393771e-12, 5.24691878487e-12, 1.45741307477e-12, 1.86653603272e-13, 1.48072319786e-14, 5.2023847766e-16, 8.35903596072e-17], [-7.00247907907e-16, 2.7875028437e-15, 2.05745810607e-14, -3.14704927157e-14, 9.50907308082e-15, 2.78102952993e-13, 5.52995531311e-11, 9.55759638099e-11, 1.83268673268e-14, 1.0979660757e-11, 8.69059338382e-12, 3.36436418004e-13, 1.11541223306e-12, 1.12833579285e-11, 3.76625510293e-12, 1.13486173584e-11, 8.62649188194e-12, 3.30047122445e-12, 1.2502461089e-12, 6.98640581151e-13, 6.88062671075e-13, 6.75064171229e-13, 1.86653603272e-13, 2.45479092782e-14, 2.05022037894e-15, 6.76173630124e-17, 1.01126742449e-17], [-1.92921911515e-17, 1.87675904277e-15, 3.04343130762e-15, -1.84462790671e-15, 9.38295495717e-15, 7.79673024818e-14, 5.04925441736e-12, 7.83324446973e-12, 1.33207556483e-15, 9.06762566508e-13, 7.49405908423e-13, 5.92706493694e-14, 7.12580222693e-14, 1.8145364768e-12, 4.18067137983e-13, 1.23282775048e-12, 9.69547359064e-13, 3.80220486172e-13, 1.44502926335e-13, 9.70177646445e-14, 5.5070084235e-14, 5.19995322029e-14, 1.48072319786e-14, 2.05022037894e-15, 3.01095754673e-16, 6.13405916201e-18, 8.81577560598e-19], [-1.50703405076e-18, 1.65016427611e-17, 6.28141171013e-17, -7.65148485533e-17, 2.62711884259e-17, 7.62718758289e-16, 1.52214775073e-13, 2.59526910596e-13, 3.2935397155e-17, 2.66579903226e-14, 2.11099041893e-14, 9.65136551035e-16, 2.97065021338e-15, 3.2811803269e-14, 1.15214852971e-14, 3.23147948287e-14, 2.55463629173e-14, 9.98176998143e-15, 3.7558821545e-15, 1.75328429719e-15, 1.95324336505e-15, 1.898713925e-15, 5.2023847766e-16, 6.76173630124e-17, 6.13405916201e-18, 1.98335150499e-19, 2.75812583134e-20], [-1.17659543579e-20, 3.72770390613e-18, 2.05352301996e-17, -1.29678097247e-17, -1.20886718299e-18, 8.58903253742e-17, 2.46628143797e-14, 4.1327289762e-14, 4.26127758744e-18, 4.03144484213e-15, 2.90103723413e-15, 1.17747849943e-16, 3.81732100111e-16, 4.14697886558e-15, 1.7728328647e-15, 4.02033896964e-15, 3.48970374489e-15, 1.89748784481e-15, 5.73806323552e-16, 3.63754805187e-16, 3.07961459636e-16, 2.84580994481e-16, 8.35903596072e-17, 1.01126742449e-17, 8.81577560598e-19, 2.75812583134e-20, 6.29854334827e-21]]
    },
    "mfcc": {
        "kurt": [0.307749986649, 4.17511940002, -0.26550412178, -0.442692041397, 1.79016113281, -0.52614235878, 1.6660528183, -0.10197353363, 0.0081844329834, 0.186839342117, 3.33423280716, -0.0493907928467, -0.187308073044],
        "max": [-760.366821289, 144.556030273, 32.3795509338, 20.6764411926, 21.5111541748, 0.542427062988, 16.0641822815, 7.23858070374, 5.32360458374, 8.27998542786, 21.6845283508, 8.42071342468, 22.2273902893],
        "mean": [-949.082824707, 108.110229492, -22.2105121613, 4.09658622742, -7.61126565933, -15.7923526764, -7.62421274185, -8.51259422302, -8.8190279007, -4.02170658112, -6.87408971786, -2.75718021393, 5.76533460617],
        "median": [-957.366577148, 116.608329773, -14.4056091309, 4.0228767395, -3.62419128418, -16.2471694946, -4.31086349487, -9.22016906738, -8.30183410645, -3.94344329834, -7.46879005432, -1.69362640381, 4.54270172119],
        "min": [-1138.42004395, 1.14440917969e-05, -94.9964294434, -11.1733055115, -50.4791717529, -32.6445274353, -53.8789253235, -20.9145050049, -24.6488037109, -14.2350387573, -19.9560832977, -17.776550293, -4.7732925415],
        "skew": [0.28823018074, -2.12076401711, -0.775617241859, 0.152171090245, -1.22143793106, 0.253899127245, -1.43238997459, 0.344410866499, -0.163865655661, 0.544905483723, 1.26574385166, -0.49628970027, 0.68709218502],
        "var": [8240.875, 1007.21490479, 1063.18103027, 48.9187660217, 204.203430176, 63.4534454346, 242.677627563, 40.5955429077, 41.3199043274, 21.9662437439, 54.9762420654, 38.8420639038, 40.6844902039],
        "cov": [[8428.16796875, 1717.06066895, -2776.55541992, -119.475418091, -818.137145996, -440.735839844, -1053.60693359, 119.505149841, 138.481140137, 66.1214294434, 330.419708252, 115.606437683, 433.756256104], [1717.06066895, 1030.10620117, -357.36730957, 2.09873056412, -16.7805252075, -147.599945068, -1.90197753906, -61.874168396, -6.59100627899, 17.8175563812, -44.7801055908, -13.8274879456, 47.2354164124], [-2776.55541992, -357.36730957, 1087.34423828, 67.2003097534, 287.151062012, 140.333023071, 403.875854492, -60.1255836487, -85.7593383789, -34.0616950989, -146.18560791, -46.1473388672, -147.676391602], [-119.475418091, 2.09873056412, 67.2003097534, 50.0305557251, 49.4994659424, 19.2591629028, 43.3282279968, -11.1070213318, -12.2010030746, -3.91344690323, -8.24726486206, -8.5922203064, -5.1674323082], [-818.137145996, -16.7805252075, 287.151062012, 49.4994659424, 208.844421387, 54.7771263123, 158.194335938, -23.6225948334, -13.6058540344, 0.864686250687, -57.7750015259, -26.7319355011, -53.339466095], [-440.735839844, -147.599945068, 140.333023071, 19.2591629028, 54.7771263123, 64.8955688477, 54.8934211731, -0.621037244797, -7.80354452133, -6.75339841843, -11.4866371155, -5.15182447433, -24.2246589661], [-1053.60693359, -1.90197753906, 403.875854492, 43.3282279968, 158.194335938, 54.8934211731, 248.193023682, -41.0326843262, -37.3328208923, -1.09388172626, -72.5112533569, -22.1817340851, -74.1375656128], [119.505149841, -61.874168396, -60.1255836487, -11.1070213318, -23.6225948334, -0.621037244797, -41.0326843262, 41.5181694031, 15.8364677429, -0.891610145569, 16.8937397003, 14.043847084, 14.4227046967], [138.481140137, -6.59100627899, -85.7593383789, -12.2010030746, -13.6058540344, -7.80354452133, -37.3328208923, 15.8364677429, 42.2589950562, 9.29157352448, 13.1248016357, 9.72825050354, 8.43754863739], [66.1214294434, 17.8175563812, -34.0616950989, -3.91344690323, 0.864686250687, -6.75339841843, -1.09388172626, -0.891610145569, 9.29157352448, 22.4654769897, 10.6355199814, -3.59272170067, -0.88974070549], [330.419708252, -44.7801055908, -146.18560791, -8.24726486206, -57.7750015259, -11.4866371155, -72.5112533569, 16.8937397003, 13.1248016357, 10.6355199814, 56.2257041931, 19.9236965179, 19.155714035], [115.606437683, -13.8274879456, -46.1473388672, -8.5922203064, -26.7319355011, -5.15182447433, -22.1817340851, 14.043847084, 9.72825050354, -3.59272170067, 19.9236965179, 39.7248382568, 10.6092329025], [433.756256104, 47.2354164124, -147.676391602, -5.1674323082, -53.339466095, -24.2246589661, -74.1375656128, 14.4227046967, 8.43754863739, -0.88974070549, 19.155714035, 10.6092329025, 41.6091346741]]
    },
    "sccoeffs": {
        "kurt": [1.78062105179, 0.963888406754, 0.647916316986, 0.94873714447, 1.29963207245, 3.5778670311],
        "max": [-0.719248056412, -0.46204406023, -0.589038491249, -0.565919756889, -0.666925430298, -0.660777509212],
        "mean": [-0.810065686703, -0.776743888855, -0.829892814159, -0.811358451843, -0.836818158627, -0.799687504768],
        "median": [-0.809038162231, -0.814317822456, -0.86469489336, -0.844217002392, -0.856043219566, -0.807360172272],
        "min": [-0.982546925545, -0.918016791344, -0.986583709717, -0.943854093552, -0.931375622749, -0.954661726952],
        "skew": [-0.948528289795, 1.45533657074, 1.31003713608, 1.36733925343, 1.4623748064, 0.716804563999],
        "var": [0.00253124046139, 0.015172155574, 0.00859041884542, 0.00760102132335, 0.00378154194914, 0.00229697581381],
        "cov": [[0.00258876848966, 0.00198969640769, 0.00205693859607, 0.00184029072989, 0.00111080857459, 0.000935753108934], [0.00198969640769, 0.0155169777572, 0.010677613318, 0.00967356935143, 0.00726949283853, 0.00512587232515], [0.00205693859607, 0.010677613318, 0.00878565572202, 0.00763694755733, 0.00529430666938, 0.00353080406785], [0.00184029072989, 0.00967356935143, 0.00763694755733, 0.00777377188206, 0.00510646542534, 0.00322632864118], [0.00111080857459, 0.00726949283853, 0.00529430666938, 0.00510646542534, 0.00386748602614, 0.00247286865488], [0.000935753108934, 0.00512587232515, 0.00353080406785, 0.00322632864118, 0.00247286865488, 0.00234917993657]]
    },
    "scvalleys": {
        "kurt": [22.5154418945, 24.4997005463, 20.0665149689, 18.8102931976, 21.4493255615, 12.7076873779],
        "max": [-7.86004543304, -7.27476882935, -7.89690208435, -8.00484752655, -8.85424041748, -10.8956031799],
        "mean": [-9.01172065735, -8.5038690567, -9.00730323792, -9.65897464752, -10.305103302, -13.1349143982],
        "median": [-8.74935436249, -8.17659378052, -8.61561870575, -9.36866950989, -9.95367908478, -12.9715595245],
        "min": [-16.3320026398, -18.2278671265, -18.0479316711, -18.7506942749, -19.6502723694, -20.6353778839],
        "skew": [-4.45497465134, -4.70528078079, -4.23163509369, -3.97541856766, -4.32642269135, -2.97298359871],
        "var": [1.59260523319, 2.7014977932, 2.57058334351, 2.66743803024, 2.65578222275, 2.17780399323],
        "cov": [[1.62880086899, 1.99407684803, 1.96497964859, 1.96649587154, 1.98191297054, 1.66078948975], [1.99407684803, 2.76289558411, 2.64365983009, 2.65936040878, 2.69078445435, 2.32472395897], [1.96497964859, 2.64365983009, 2.62900567055, 2.63800787926, 2.63797497749, 2.31027412415], [1.96649587154, 2.65936040878, 2.63800787926, 2.72806143761, 2.69538617134, 2.40071082115], [1.98191297054, 2.69078445435, 2.63797497749, 2.69538617134, 2.71614098549, 2.39768075943], [1.66078948975, 2.32472395897, 2.31027412415, 2.40071082115, 2.39768075943, 2.22729945183]]
    }
},
"rhythm": {
    "beats_loudness": {
        "kurt": -2,
        "max": 6.18482372374e-05,
        "mean": 4.41514894192e-05,
        "median": 4.41514894192e-05,
        "min": 2.64547397819e-05,
        "skew": -1.91042431652e-07,
        "var": 3.13174930433e-10
    },
    "bpm": 161.499023438,
    "confidence": 0,
    "first_peak_bpm": {
        "kurt": 0,
        "max": 161,
        "mean": 161,
        "median": 161,
        "min": 161,
        "skew": 0,
        "var": 0
    },
    "first_peak_spread": {
        "kurt": 0,
        "max": 0,
        "mean": 0,
        "median": 0,
        "min": 0,
        "skew": 0,
        "var": 0
    },
    "first_peak_weight": {
        "kurt": 0,
        "max": 1,
        "mean": 1,
        "median": 1,
        "min": 1,
        "skew": 0,
        "var": 0
    },
    "onset_rate": 0.999750673771,
    "second_peak_bpm": {
        "kurt": 0,
        "max": 0,
        "mean": 0,
        "median": 0,
        "min": 0,
        "skew": 0,
        "var": 0
    },
    "second_peak_spread": {
        "kurt": 0,
        "max": 0,
        "mean": 0,
        "median": 0,
        "min": 0,
        "skew": 0,
        "var": 0
    },
    "second_peak_weight": {
        "kurt": 0,
        "max": 0,
        "mean": 0,
        "median": 0,
        "min": 0,
        "skew": 0,
        "var": 0
    },
    "beats_loudness_band_ratio": {
        "kurt": [-2, -2, -1.99999988079, -2, -2, -2],
        "max": [0.201540246606, 0.314995229244, 0.468163341284, 0.190408751369, 0.215914294124, 0.049678504467],
        "mean": [0.133399888873, 0.177653849125, 0.309344291687, 0.169084846973, 0.195142999291, 0.0468817427754],
        "median": [0.133399888873, 0.177653849125, 0.309344291687, 0.169084846973, 0.195142999291, 0.0468817427754],
        "min": [0.0652595236897, 0.040312461555, 0.150525256991, 0.147760942578, 0.174371704459, 0.0440849773586],
        "skew": [-1.37983803938e-07, 0, 1.74362753569e-07, 0, 0, -1.94883114091e-06],
        "var": [0.00464310869575, 0.0188626553863, 0.0252234879881, 0.000454708904726, 0.000431446678704, 7.8218863564e-06],
        "cov": [[0.00928621739149, 0.0187169834971, -0.021643973887, -0.00290603702888, -0.00283072702587, 0.000381144986022], [0.0187169834971, 0.0377253107727, -0.0436248555779, -0.00585730886087, -0.00570551678538, 0.000768222729675], [-0.021643973887, -0.0436248555779, 0.0504469759762, 0.00677328417078, 0.00659775454551, -0.00088835862698], [-0.00290603702888, -0.00585730886087, 0.00677328417078, 0.000909417809453, 0.000885850226041, -0.000119275835459], [-0.00283072702587, -0.00570551678538, 0.00659775454551, 0.000885850226041, 0.000862893357407, -0.000116184804938], [0.000381144986022, 0.000768222729675, -0.00088835862698, -0.000119275835459, -0.000116184804938, 1.56437727128e-05]]
    },
    "beats_position": [0.359909296036, 0.731428563595],
    "bpm_estimates": [161.499023438],
    "bpm_intervals": [0.371519267559],
    "onset_times": [0.0232199542224],
    "histogram": [[0, 0, 0, 0, 0, 0, 0, 0, 0, 0, 0, 0, 0, 0, 0, 0, 0, 0, 0, 0, 0, 0, 0, 0, 0, 0, 0, 0, 0, 0, 0, 0, 0, 0, 0, 0, 0, 0, 0, 0, 0, 0, 0, 0, 0, 0, 0, 0, 0, 0, 0, 0, 0, 0, 0, 0, 0, 0, 0, 0, 0, 0, 0, 0, 0, 0, 0, 0, 0, 0, 0, 0, 0, 0, 0, 0, 0, 0, 0, 0, 0, 0, 0, 0, 0, 0, 0, 0, 0, 0, 0, 0, 0, 0, 0, 0, 0, 0, 0, 0, 0, 0, 0, 0, 0, 0, 0, 0, 0, 0, 0, 0, 0, 0, 0, 0, 0, 0, 0, 0, 0, 0, 0, 0, 0, 0, 0, 0, 0, 0, 0, 0, 0, 0, 0, 0, 0, 0, 0, 0, 0, 0, 0, 0, 0, 0, 0, 0, 0, 0, 0, 0, 0, 0, 0, 0, 0, 0, 0, 0, 0, 1, 0, 0, 0, 0, 0, 0, 0, 0, 0, 0, 0, 0, 0, 0, 0, 0, 0, 0, 0, 0, 0, 0, 0, 0, 0, 0, 0, 0, 0, 0, 0, 0, 0, 0, 0, 0, 0, 0, 0, 0, 0, 0, 0, 0, 0, 0, 0, 0, 0, 0, 0, 0, 0, 0, 0, 0, 0, 0, 0, 0, 0, 0, 0, 0, 0, 0, 0, 0, 0, 0, 0, 0, 0, 0, 0, 0, 0, 0, 0, 0, 0, 0, 0, 0, 0, 0, 0, 0]]
},
"sfx": {
    "inharmonicity": {
        "kurt": -0.559991359711,
        "max": 0.39632755518,
        "mean": 0.133496910334,
        "median": 0.0990383550525,
        "min": 0.000402177218348,
        "skew": 0.657345294952,
        "var": 0.0104991672561
    },
    "oddtoevenharmonicenergyratio": {
        "kurt": 0,
        "max": 3.40282346639e+38,
        "mean": 7.5618299253e+36,
        "median": 0.841887831688,
        "min": 0.0303580015898,
        "skew": 0,
        "var": inf
    },
    "pitch_after_max_to_before_max_energy_ratio": 1.15647542477,
    "pitch_centroid": 20.2938365936,
    "pitch_max_to_total": 0.266666680574,
    "pitch_min_to_total": 0.244444444776,
    "tristimulus": {
        "kurt": [-0.223076581955, -0.454642295837, 1.2229180336],
        "max": [0.558263838291, 0.554088950157, 1],
        "mean": [0.165360942483, 0.342550456524, 0.492088526487],
        "median": [0.0960594266653, 0.363810688257, 0.495997816324],
        "min": [0, 0, 0.0383837744594],
        "skew": [0.929313600063, -0.40012216568, 0.206801220775],
        "var": [0.0278063621372, 0.016196442768, 0.0294526107609],
        "cov": [[0.0284383241087, -0.00744044175372, -0.0209978893399], [-0.00744044175372, 0.0165645442903, -0.00912410300225], [-0.0209978893399, -0.00912410300225, 0.0301219876856]]
    }
},
"tonal": {
    "chords_changes_rate": 0,
    "chords_number_rate": 0.0434782616794,
    "chords_strength": {
        "kurt": 15.0193500519,
        "max": 0.565653026104,
        "mean": 0.554714381695,
        "median": 0.554067611694,
        "min": 0.554067611694,
        "skew": 4.02168416977,
        "var": 5.88829198023e-06
    },
    "key_strength": 0.451981067657,
    "tuning_diatonic_strength": 0.391870886087,
    "tuning_equal_tempered_deviation": 0.227997347713,
    "tuning_frequency": 455.253540039,
    "tuning_nontempered_energy_ratio": 0.818713188171,
    "hpcp": {
        "kurt": [6.6891374588, 2.19864225388, 3.38114976883, 0.149276971817, -0.0402886867523, -0.637940168381, -1.67663955688, -0.283326625824, 3.01619100571, 1.96727132797, 2.8137087822, 6.29218578339, -0.135258436203, -0.13645362854, 0.40561413765, -0.214584350586, 1.61563444138, 0.875291585922, 1.00057792664, 1.24219608307, 2.11274671555, 0.537900924683, 0.26392364502, 2.84566497803, 0.534333467484, 2.3874630928, 2.95164108276, -0.311675786972, 0.359400272369, 0.470973730087, 0.19274687767, 0.954315423965, -0.786667108536, -0.544994831085, 2.13693141937, 1.67697572708],
        "max": [1, 1, 0.881188213825, 0.551196575165, 0.532133758068, 0.926596701145, 1, 0.910607159138, 0.791479051113, 0.802223801613, 0.775331199169, 0.922892987728, 0.790335774422, 1, 1, 0.660490810871, 1, 0.91325378418, 0.84998446703, 0.804627776146, 1, 1, 1, 0.802076399326, 0.399586290121, 0.637934625149, 0.563759326935, 0.368564993143, 0.634762465954, 0.963823437691, 0.971301138401, 1, 1, 1, 0.446598321199, 0.32508713007],
        "mean": [0.146069437265, 0.20365922153, 0.186889708042, 0.155984848738, 0.14750097692, 0.358196049929, 0.548044860363, 0.341321647167, 0.182649239898, 0.176787376404, 0.146984755993, 0.143296226859, 0.197951853275, 0.287855118513, 0.245149448514, 0.19991607964, 0.219265654683, 0.245809674263, 0.230338349938, 0.182810619473, 0.19945037365, 0.236593157053, 0.239094510674, 0.150866732001, 0.102829106152, 0.129808530211, 0.120319738984, 0.108525812626, 0.156985208392, 0.226444080472, 0.237021759152, 0.281391441822, 0.428021252155, 0.349071502686, 0.118359267712, 0.074587456882],
        "median": [0.0603231079876, 0.105831123888, 0.126707524061, 0.116155013442, 0.0906679257751, 0.29412072897, 0.612718820572, 0.301473081112, 0.12473732233, 0.0586843155324, 0.0491305701435, 0.0626890510321, 0.054434299469, 0.196726515889, 0.0877948179841, 0.121082141995, 0.0917326658964, 0.166804045439, 0.161104902625, 0.0945886299014, 0.0687061846256, 0.109054975212, 0.0746268033981, 0.0765302702785, 0.0575143247843, 0.0610848106444, 0.075400210917, 0.0597303770483, 0.0830532684922, 0.0652147755027, 0.0946380719543, 0.24598236382, 0.414369136095, 0.233757600188, 0.108111537993, 0.0407029278576],
        "min": [0, 0, 0, 0, 0, 0, 0, 0, 0, 0, 0, 0, 0, 0, 0, 0, 0, 0, 0, 0, 0, 0, 0, 0, 0, 0, 0, 0, 0, 0, 0, 0, 0, 0, 0, 0],
