{
"metadata": {
    "version": {
        "essentia": "2.1-beta3"
    }
},
"lowLevel": {
    "average_loudness": 0.99068403244,
    "barkbands_kurtosis": {
        "kurt": 20.5247974396,
        "max": 7.34123802185,
        "mean": -0.0524536445737,
        "median": -0.266190648079,
        "min": -1.6190072298,
        "skew": 4.25126266479,
        "var": 1.57177150249
    },
    "barkbands_skewness": {
        "kurt": 5.29295158386,
        "max": 0.824979186058,
        "mean": -0.9412073493,
        "median": -1.04306519032,
        "min": -2.75295901299,
        "skew": 0.602565765381,
        "var": 0.246301755309
    },
    "barkbands_spread": {
        "kurt": 3.94999408722,
        "max": 34.2000274658,
        "mean": 17.6494312286,
        "median": 18.7304954529,
        "min": 4.70261192322,
        "skew": -0.086639598012,
        "var": 19.9125003815
    },
    "dissonance": {
        "kurt": 12.2033863068,
        "max": 0.499685138464,
        "mean": 0.444835364819,
        "median": 0.44918525219,
        "min": 0.260961890221,
        "skew": -2.70989727974,
        "var": 0.00119377288502
    },
    "hfc": {
        "kurt": -0.927659034729,
        "max": 1625.72363281,
        "mean": 1035.88330078,
        "median": 1399.41772461,
        "min": 1.32220579971e-11,
        "skew": -1.00929260254,
        "var": 389250.78125
    },
    "pitch": {
        "kurt": 8.38561248779,
        "max": 4431.54931641,
        "mean": 795.565124512,
        "median": 503.47088623,
        "min": 165.906646729,
        "skew": 3.18828892708,
        "var": 1008597.5
    },
    "pitch_instantaneous_confidence": {
        "kurt": 3.50273227692,
        "max": 0.984449803829,
        "mean": 0.890955090523,
        "median": 0.983032822609,
        "min": 0.21160107851,
        "skew": -2.29060411453,
        "var": 0.0480740070343
    },
    "pitch_salience": {
        "kurt": 3.18903827667,
        "max": 0.887942373753,
        "mean": 0.729567348957,
        "median": 0.731308341026,
        "min": 0.543154239655,
        "skew": -0.220012873411,
        "var": 0.00295829214156
    },
    "silence_rate_20dB": {
        "kurt": -0.900813817978,
        "max": 1,
        "mean": 0.267857134342,
        "median": 0,
        "min": 0,
        "skew": 1.04842042923,
        "var": 0.196109741926
    },
    "silence_rate_30dB": {
        "kurt": -0.66666674614,
        "max": 1,
        "mean": 0.25,
        "median": 0,
        "min": 0,
        "skew": 1.15470063686,
        "var": 0.1875
    },
    "silence_rate_60dB": {
        "kurt": -0.0606069564819,
        "max": 1,
        "mean": 0.214285716414,
        "median": 0,
        "min": 0,
        "skew": 1.39262068272,
        "var": 0.168367370963
    },
    "spectral_centroid": {
        "kurt": 4.64993333817,
        "max": 4546.89550781,
        "mean": 2526.82885742,
        "median": 2467.38720703,
        "min": 1017.52484131,
        "skew": 1.43101811409,
        "var": 328198.53125
    },
    "spectral_complexity": {
        "kurt": 0.0341644287109,
        "max": 23,
        "mean": 8.80357170105,
        "median": 10,
        "min": 0,
        "skew": -0.407817035913,
        "var": 26.8364219666
    },
    "spectral_crest": {
        "kurt": 6.75454711914,
        "max": 15.8815412521,
        "mean": 7.97210025787,
        "median": 7.8955783844,
        "min": 3.43978834152,
        "skew": 1.34515857697,
        "var": 3.00003361702
    },
    "spectral_decrease": {
        "kurt": -0.903227806091,
        "max": -8.49994419445e-22,
        "mean": -8.62151665615e-08,
        "median": -1.17085726004e-07,
        "min": -1.2629563173e-07,
        "skew": 1.02848577499,
        "var": 2.64707558072e-15
    },
    "spectral_energy": {
        "kurt": -0.908467292786,
        "max": 0.624126553535,
        "mean": 0.419353306293,
        "median": 0.568754553795,
        "min": 4.40735552302e-15,
        "skew": -1.02503335476,
        "var": 0.0628637820482
    },
    "spectral_energyband_high": {
        "kurt": -0.954979419708,
        "max": 0.0467625297606,
        "mean": 0.027913954109,
        "median": 0.0368626713753,
        "min": 1.17729299921e-15,
        "skew": -0.95218193531,
        "var": 0.000289609160973
    },
    "spectral_energyband_low": {
        "kurt": -0.0701777935028,
        "max": 9.29983457354e-07,
        "mean": 2.66881897915e-07,
        "median": 2.53100836289e-07,
        "min": 5.7508527506e-19,
        "skew": 0.683955192566,
        "var": 5.29379769458e-14
    },
    "spectral_energyband_middle_high": {
        "kurt": -0.901057243347,
        "max": 0.460760712624,
        "mean": 0.317117214203,
        "median": 0.428997218609,
        "min": 2.88807106553e-15,
        "skew": -1.02977895737,
        "var": 0.0358644835651
    },
    "spectral_energyband_middle_low": {
        "kurt": -0.96484208107,
        "max": 0.116874791682,
        "mean": 0.0745541006327,
        "median": 0.101513065398,
        "min": 4.04390416739e-16,
        "skew": -0.984257698059,
        "var": 0.00202312855981
    },
    "spectral_flatness_db": {
        "kurt": 3.45305156708,
        "max": 0.401620864868,
        "mean": 0.329769700766,
        "median": 0.356931120157,
        "min": 0.0770492106676,
        "skew": -2.12436652184,
        "var": 0.00576397730038
    },
    "spectral_flux": {
        "kurt": 9.92443752289,
        "max": 0.641669332981,
        "mean": 0.0671053975821,
        "median": 0.0336775705218,
        "min": 1.51365355805e-07,
        "skew": 3.20797657967,
        "var": 0.0147491814569
    },
    "spectral_kurtosis": {
        "kurt": 5.22262096405,
        "max": 27.5034370422,
        "mean": 7.36870861053,
        "median": 6.08494472504,
        "min": 0.449768781662,
        "skew": 2.26331949234,
        "var": 25.3429718018
    },
    "spectral_rms": {
        "kurt": -0.774741649628,
        "max": 0.0246759783477,
        "mean": 0.0175538081676,
        "median": 0.0235559381545,
        "min": 2.07361017246e-09,
        "skew": -1.08245241642,
        "var": 0.000100988945633
    },
    "spectral_rolloff": {
        "kurt": 6.21430683136,
        "max": 7062.890625,
        "mean": 3649.49291992,
        "median": 3531.4453125,
        "min": 1528.85742188,
        "skew": 2.00480222702,
        "var": 706679.375
    },
    "spectral_skewness": {
        "kurt": 2.83776140213,
        "max": 3.25835466385,
        "mean": 1.87769770622,
        "median": 1.76679062843,
        "min": 0.873380124569,
        "skew": 1.32931804657,
        "var": 0.200549021363
    },
    "spectral_spread": {
        "kurt": 7.50946903229,
        "max": 19847852,
        "mean": 5153795,
        "median": 4241509,
        "min": 1687010.125,
        "skew": 2.7156431675,
        "var": 1.02682654147e+13
    },
    "spectral_strongpeak": {
        "kurt": -1.10539340973,
        "max": 60.5937080383,
        "mean": 34.0137786865,
        "median": 46.2602157593,
        "min": 8.62048295858e-07,
        "skew": -0.88847976923,
        "var": 446.279510498
    },
    "zerocrossingrate": {
        "kurt": 11.4351053238,
        "max": 0.341796875,
        "mean": 0.123334608972,
        "median": 0.113037109375,
        "min": 0.072265625,
        "skew": 3.08975958824,
        "var": 0.00177491363138
    },
    "barkbands": {
        "kurt": [-0.928168058395, 1.66176986694, 5.10956954956, 1.18473482132, 0.229980707169, 46.8044891357, -0.939204931259, -1.01211810112, 19.1093425751, 36.9029121399, -1.053809762, 26.0296096802, 14.8438987732, -1.00485360622, 32.3821029663, -1.03609514236, -1.0758690834, -0.950278520584, -0.971900463104, 6.9680147171, -1.0212123394, -0.972619056702, -1.4279435873, -1.0063174963, -0.955275774002, -1.03786790371, -0.971939563751],
        "max": [1.019932796e-07, 3.54024081162e-07, 6.9349482601e-07, 4.79415518839e-07, 1.42346539178e-06, 4.92563776788e-05, 0.0683248713613, 0.0485399514437, 4.58037029603e-05, 9.64589708019e-05, 0.0349823907018, 0.000112019246444, 0.0100033916533, 0.0341620966792, 0.0270554143935, 0.0526580251753, 0.0955316200852, 0.250918805599, 0.100463040173, 0.010337931104, 0.0374955162406, 0.00530685856938, 0.00147007871419, 0.000470932922326, 0.000301597145153, 9.31853446673e-06, 2.68343001153e-07],
        "mean": [2.95099589209e-08, 8.16781380308e-08, 1.12849704692e-07, 1.04219246566e-07, 3.92147285311e-07, 1.64316577411e-06, 0.0424461998045, 0.0320997871459, 4.67419931738e-06, 5.44023851035e-06, 0.017000714317, 9.23633797356e-06, 0.000509569712449, 0.0211135149002, 0.00146962585859, 0.0272504799068, 0.0609182454646, 0.123410761356, 0.0649707764387, 0.00177708989941, 0.0221785251051, 0.00300002819858, 0.000770900049247, 0.000270963995717, 0.000139780968311, 5.22086111232e-06, 1.18629834844e-07],
        "median": [1.41639580065e-08, 6.3197092004e-08, 6.31799963458e-08, 7.49570574499e-08, 3.72824956685e-07, 4.96832399222e-07, 0.0576952695847, 0.0438068807125, 3.26276358464e-06, 3.21693937622e-06, 0.0217491947114, 5.63822140975e-06, 2.52056306635e-05, 0.0259740874171, 0.000833616126329, 0.0364304855466, 0.0809154510498, 0.162457197905, 0.0863187611103, 0.00143476750236, 0.0284416936338, 0.0037375674583, 0.000833757105283, 0.000356610718882, 0.000167292862898, 6.85477243678e-06, 1.35876192076e-07],
        "min": [6.84741514613e-22, 8.78937626598e-20, 1.35882070748e-19, 1.80662100669e-19, 8.93568060565e-19, 4.69357665122e-18, 3.68313872345e-18, 1.64647653951e-17, 1.61772096209e-16, 9.60696430795e-17, 2.51698169617e-16, 8.836819453e-17, 9.2676223952e-17, 1.19558912263e-16, 1.14091346352e-15, 8.44463658097e-17, 1.10629226235e-16, 1.60245928126e-16, 4.03890402602e-16, 3.59680100255e-16, 3.98396493966e-16, 3.20768915436e-16, 1.48273382115e-16, 6.09884566975e-17, 8.44680048546e-17, 6.91364421571e-18, 7.0181332571e-19],
        "skew": [0.658287465572, 1.26457679272, 2.00568366051, 1.25441539288, 0.845531404018, 6.86483192444, -0.997471809387, -0.95600181818, 4.00286149979, 5.91950273514, -0.671510279179, 4.80283308029, 3.99504899979, -0.800936639309, 5.55926132202, -0.842200815678, -0.902962863445, -0.871307551861, -0.968841671944, 2.03231167793, -0.871075451374, -0.844456255436, -0.332146704197, -0.897648096085, -0.52008998394, -0.874055862427, -0.302060425282],
        "var": [9.05197005676e-16, 6.4094089499e-15, 1.76169740959e-14, 1.16954226658e-14, 1.2601656101e-13, 4.2934433786e-11, 0.000652028247714, 0.000380343117286, 4.94952308305e-11, 1.75952780124e-10, 0.000113504291221, 2.66983962716e-10, 3.50537266058e-06, 0.000164291981491, 1.48851413542e-05, 0.000281922722934, 0.0014353581937, 0.00582603458315, 0.00158150598872, 3.23125050272e-06, 0.000189650570974, 3.39678445016e-06, 2.90365960609e-07, 2.80149290433e-08, 8.31485014174e-09, 1.04504226453e-11, 6.41270729619e-15],
        "cov": [[9.21655173479e-16, 2.05737420745e-15, 1.24708152604e-15, 2.09205152456e-15, 7.21616336293e-15, 1.75954289658e-14, 4.46019499112e-10, 3.31755511951e-10, 1.51477138124e-14, 1.43125139155e-14, 1.48585421744e-10, 3.49758098189e-14, -1.99458028219e-12, 2.01231989405e-10, 2.18210388994e-12, 2.61220794995e-10, 6.48356923705e-10, 1.36677780205e-09, 6.69496957872e-10, 1.64131937208e-11, 2.44497561086e-10, 3.04875083512e-11, 8.56433066826e-12, 2.94988144155e-12, 1.42052884212e-12, 5.5957578252e-14, 1.1828330182e-15], [2.05737420745e-15, 6.52594331926e-15, 4.0843450143e-15, 5.32833741118e-15, 2.11784528716e-14, 1.08248852319e-13, 1.19690501954e-09, 8.82514950007e-10, 5.22677672085e-14, 1.16023578006e-13, 4.45984305042e-10, 1.56348729536e-13, 1.12678737868e-11, 5.55717749595e-10, 3.64329955094e-11, 7.06817604446e-10, 1.62464497411e-09, 3.86164522581e-09, 1.85636062078e-09, 5.18052857557e-11, 6.86522894089e-10, 8.18426298954e-11, 2.50631945753e-11, 8.1482060682e-12, 3.69200416767e-12, 1.48882032462e-13, 3.00932171435e-15], [1.24708152604e-15, 4.0843450143e-15, 1.7937282993e-14, 5.44595640624e-15, 1.34938726656e-14, -3.62342636093e-14, 1.78953196706e-09, 1.35408351198e-09, -5.56682038452e-15, -5.55423491488e-14, 6.12393136201e-10, -9.11669557121e-14, -2.79041963147e-11, 7.97440058431e-10, -1.33832476351e-11, 1.03567798782e-09, 2.68679922755e-09, 5.23111154394e-09, 2.73236411275e-09, 4.36720833108e-11, 9.01486441052e-10, 1.30631339079e-10, 3.34666634683e-11, 1.09893491876e-11, 6.08264437083e-12, 2.20020453679e-13, 4.33788611585e-15], [2.09205152456e-15, 5.32833741118e-15, 5.44595640624e-15, 1.19080660521e-14, 2.7298689432e-14, 1.73553256185e-14, 1.64677937953e-09, 1.19451659675e-09, 1.00347349516e-13, 3.42887014355e-13, 6.57311982621e-10, 4.56698589536e-13, 1.54380778994e-11, 7.42008787746e-10, 8.76407418859e-11, 8.60961857363e-10, 2.21581708537e-09, 4.58964199979e-09, 2.38605957215e-09, 4.01851711629e-11, 8.63175975141e-10, 1.12150254361e-10, 3.31774573092e-11, 9.98760536081e-12, 4.96802295483e-12, 1.94836253251e-13, 3.67011286881e-15], [7.21616336293e-15, 2.11784528716e-14, 1.34938726656e-14, 2.7298689432e-14, 1.28307778356e-13, 5.07301286482e-13, 5.95092108924e-09, 4.42623360186e-09, 2.41017329792e-13, 6.9223202474e-13, 2.31604246892e-09, 7.27028517684e-13, 3.00116702323e-11, 2.76798961529e-09, 1.70745223516e-10, 3.56746099328e-09, 8.21462364797e-09, 1.86737540986e-08, 9.28332521966e-09, 2.51258014394e-10, 3.37436700804e-09, 4.1372383297e-10, 1.21805135422e-10, 3.94114359203e-11, 1.86975036148e-11, 7.37001822418e-13, 1.66744602067e-14], [1.75954289658e-14, 1.08248852319e-13, -3.62342636093e-14, 1.73553256185e-14, 5.07301286482e-13, 4.37150593502e-11, -3.0367708348e-09, -7.40595318405e-09, 1.89690017166e-11, 3.62514393504e-11, 1.34098501192e-08, 1.52106070794e-11, 7.08397873694e-09, 6.30811669566e-09, 1.1648303655e-08, 2.10873913886e-08, -2.81023115889e-08, 5.02755739262e-08, 1.35410829216e-08, 8.02718957971e-09, 9.66184821038e-09, 4.41307337895e-11, 6.02398339544e-11, -2.00213751828e-11, -2.57842271839e-11, -1.05044195998e-12, -2.09541263599e-14], [4.46019499112e-10, 1.19690501954e-09, 1.78953196706e-09, 1.64677937953e-09, 5.95092108924e-09, -3.0367708348e-09, 0.000663883285597, 0.000504339230247, 1.03496438086e-08, 3.44328512369e-08, 0.000244817201747, 2.96060189697e-08, -6.04346223554e-06, 0.000306378991809, 5.37664800504e-06, 0.000399707379984, 0.00096867926186, 0.00192820676602, 0.00101735140197, 2.12031445699e-05, 0.000346065440681, 4.63052783743e-05, 1.21603088701e-05, 4.28271232522e-06, 2.20959077524e-06, 8.26835915291e-08, 1.86914062006e-09], [3.31755511951e-10, 8.82514950007e-10, 1.35408351198e-09, 1.19451659675e-09, 4.42623360186e-09, -7.40595318405e-09, 0.000504339230247, 0.000387258449337, 5.23238008476e-10, 3.82730336312e-09, 0.00018391435151, 3.16301596026e-10, -6.95057769917e-06, 0.000235980682191, -1.84148086646e-06, 0.000308883929392, 0.000741653668229, 0.00147275242489, 0.00077940907795, 1.50929427036e-05, 0.00026412672014, 3.50483642251e-05, 9.31208251131e-06, 3.28045507558e-06, 1.69275574535e-06, 6.34692653989e-08, 1.42010958548e-09], [1.51477138124e-14, 5.22677672085e-14, -5.56682038452e-15, 1.00347349516e-13, 2.41017329792e-13, 1.89690017166e-11, 1.03496438086e-08, 5.23238008476e-10, 5.03951429198e-11, 5.73598495091e-11, 1.27085275636e-08, 6.48144801718e-11, 8.06025290956e-09, 6.32856700378e-09, 1.40114995162e-08, 3.70647623704e-09, -3.1504048259e-09, 3.46143558261e-09, 1.30889521444e-09, 3.7476697301e-09, 1.54909995942e-09, 7.32594374053e-10, 4.3365304403e-11, -4.99580975546e-12, -1.45009733388e-11, -4.2462325431e-13, 7.70809214661e-15], [1.43125139155e-14, 1.16023578006e-13, -5.55423491488e-14, 3.42887014355e-13, 6.9223202474e-13, 3.62514393504e-11, 3.44328512369e-08, 3.82730336312e-09, 5.73598495091e-11, 1.79151915525e-10, 4.58195792419e-08, 1.88717569349e-10, 2.07758130699e-08, 7.26636661952e-09, 4.97244556641e-08, -3.71901676122e-10, 1.89698763364e-08, 2.6860975666e-08, 1.85937985009e-08, 1.09789413116e-08, 9.74826797062e-09, 3.77389852702e-09, 1.02732496121e-10, 7.54392659452e-11, 6.87684423295e-11, -1.93615604235e-13, 7.71713490094e-14], [1.48585421744e-10, 4.45984305042e-10, 6.12393136201e-10, 6.57311982621e-10, 2.31604246892e-09, 1.34098501192e-08, 0.000244817201747, 0.00018391435151, 1.27085275636e-08, 4.58195792419e-08, 0.000115568007459, 4.27387938373e-08, 3.33591333401e-06, 0.00013124832185, 1.33709781949e-05, 0.000164929093444, 0.000347905268427, 0.000686661282089, 0.000388087530155, 9.19564354263e-06, 0.000134348782012, 1.68877450051e-05, 5.18544175065e-06, 1.58941986683e-06, 7.34367915811e-07, 2.96753555062e-08, 6.10084760488e-10], [3.49758098189e-14, 1.56348729536e-13, -9.11669557121e-14, 4.56698589536e-13, 7.27028517684e-13, 1.52106070794e-11, 2.96060189697e-08, 3.16301596026e-10, 6.48144801718e-11, 1.88717569349e-10, 4.27387938373e-08, 2.71838218602e-10, 2.55256473736e-08, 3.54293994143e-09, 5.64906947886e-08, -1.54980721589e-08, 2.62030841469e-08, -1.35421815983e-08, -1.00863468688e-08, 1.01231059091e-08, -1.92514160169e-09, 4.39332037416e-09, -4.2769671138e-10, 3.91021555413e-11, 9.27165358378e-11, -1.53455156568e-13, 1.28871251778e-13], [-1.99458028219e-12, 1.12678737868e-11, -2.79041963147e-11, 1.54380778994e-11, 3.00116702323e-11, 7.08397873694e-09, -6.04346223554e-06, -6.95057769917e-06, 8.06025290956e-09, 2.07758130699e-08, 3.33591333401e-06, 2.55256473736e-08, 3.56910663868e-06, -1.28532610688e-06, 6.76410536471e-06, -2.39790051637e-06, -1.36274184115e-05, -1.92712323042e-05, -1.13092655738e-05, 1.66222082498e-06, -2.96941948363e-06, -1.90464035654e-07, -1.44166435234e-07, -5.22182830309e-08, -2.50364013965e-08, -1.19765641848e-09, -1.9580321739e-11], [2.01231989405e-10, 5.55717749595e-10, 7.97440058431e-10, 7.42008787746e-10, 2.76798961529e-09, 6.30811669566e-09, 0.000306378991809, 0.000235980682191, 6.32856700378e-09, 7.26636661952e-09, 0.00013124832185, 3.54293994143e-09, -1.28532610688e-06, 0.000167279111338, 2.47797242992e-06, 0.000212279977859, 0.00044286614866, 0.000878300983459, 0.000488673162181, 8.63397235662e-06, 0.00016824962222, 2.08012006624e-05, 6.45884074402e-06, 2.00215777113e-06, 9.36340200042e-07, 3.80586975268e-08, 7.79989683952e-10], [2.18210388994e-12, 3.64329955094e-11, -1.33832476351e-11, 8.76407418859e-11, 1.70745223516e-10, 1.1648303655e-08, 5.37664800504e-06, -1.84148086646e-06, 1.40114995162e-08, 4.97244556641e-08, 1.33709781949e-05, 5.64906947886e-08, 6.76410536471e-06, 2.47797242992e-06, 1.51557806021e-05, 7.77248658324e-07, -6.57549605876e-07, 7.91340028172e-07, 9.05622016489e-07, 3.5189098071e-06, 1.62339176768e-06, 8.80904906353e-07, -1.50589194448e-08, -1.99777749899e-10, 7.69603225592e-09, -4.85758488988e-10, 8.76281859574e-12], [2.61220794995e-10, 7.06817604446e-10, 1.03567798782e-09, 8.60961857363e-10, 3.56746099328e-09, 2.10873913886e-08, 0.000399707379984, 0.000308883929392, 3.70647623704e-09, -3.71901676122e-10, 0.000164929093444, -1.54980721589e-08, -2.39790051637e-06, 0.000212279977859, 7.77248658324e-07, 0.000287048576865, 0.000582606182434, 0.00119409291074, 0.000647237757221, 1.60600266099e-05, 0.000220462548896, 2.7846725061e-05, 7.83397535997e-06, 2.61987088379e-06, 1.29484499212e-06, 5.04287527292e-08, 1.07721298548e-09], [6.48356923705e-10, 1.62464497411e-09, 2.68679922755e-09, 2.21581708537e-09, 8.21462364797e-09, -2.81023115889e-08, 0.00096867926186, 0.000741653668229, -3.1504048259e-09, 1.89698763364e-08, 0.000347905268427, 2.62030841469e-08, -1.36274184115e-05, 0.00044286614866, -6.57549605876e-07, 0.000582606182434, 0.00146145559847, 0.00278893159702, 0.00147886481136, 2.93027878797e-05, 0.000493786123116, 6.90006563673e-05, 1.72075178853e-05, 6.27285089649e-06, 3.29056024384e-06, 1.21120706353e-07, 2.8113502637e-09], [1.36677780205e-09, 3.86164522581e-09, 5.23111154394e-09, 4.58964199979e-09, 1.86737540986e-08, 5.02755739262e-08, 0.00192820676602, 0.00147275242489, 3.46143558261e-09, 2.6860975666e-08, 0.000686661282089, -1.35421815983e-08, -1.92712323042e-05, 0.000878300983459, 7.91340028172e-07, 0.00119409291074, 0.00278893159702, 0.00593196274713, 0.00301518547349, 7.67041929066e-05, 0.00103564665187, 0.000135781068821, 3.44679356203e-05, 1.2627583601e-05, 6.68477241561e-06, 2.44759149837e-07, 5.62347102218e-09], [6.69496957872e-10, 1.85636062078e-09, 2.73236411275e-09, 2.38605957215e-09, 9.28332521966e-09, 1.35410829216e-08, 0.00101735140197, 0.00077940907795, 1.30889521444e-09, 1.85937985009e-08, 0.000388087530155, -1.00863468688e-08, -1.13092655738e-05, 0.000488673162181, 9.05622016489e-07, 0.000647237757221, 0.00147886481136, 0.00301518547349, 0.00161026068963, 3.43814499502e-05, 0.00055021548178, 6.99870506651e-05, 1.93479409063e-05, 6.689941074e-06, 3.38990093951e-06, 1.29002913241e-07, 2.7908233502e-09], [1.64131937208e-11, 5.18052857557e-11, 4.36720833108e-11, 4.01851711629e-11, 2.51258014394e-10, 8.02718957971e-09, 2.12031445699e-05, 1.50929427036e-05, 3.7476697301e-09, 1.09789413116e-08, 9.19564354263e-06, 1.01231059091e-08, 1.66222082498e-06, 8.63397235662e-06, 3.5189098071e-06, 1.60600266099e-05, 2.93027878797e-05, 7.67041929066e-05, 3.43814499502e-05, 3.29000044985e-06, 1.17170475278e-05, 1.80852691756e-06, 1.96925640239e-07, 1.34691887865e-07, 9.17530584843e-08, 2.62244093108e-09, 7.51089260231e-11], [2.44497561086e-10, 6.86522894089e-10, 9.01486441052e-10, 8.63175975141e-10, 3.37436700804e-09, 9.66184821038e-09, 0.000346065440681, 0.00026412672014, 1.54909995942e-09, 9.74826797062e-09, 0.000134348782012, -1.92514160169e-09, -2.96941948363e-06, 0.00016824962222, 1.62339176768e-06, 0.000220462548896, 0.000493786123116, 0.00103564665187, 0.00055021548178, 1.17170475278e-05, 0.000193098763702, 2.31958729273e-05, 6.87962710799e-06, 2.29476904678e-06, 1.13604482976e-06, 4.39534737495e-08, 9.37497079967e-10], [3.04875083512e-11, 8.18426298954e-11, 1.30631339079e-10, 1.12150254361e-10, 4.1372383297e-10, 4.41307337895e-11, 4.63052783743e-05, 3.50483642251e-05, 7.32594374053e-10, 3.77389852702e-09, 1.68877450051e-05, 4.39332037416e-09, -1.90464035654e-07, 2.08012006624e-05, 8.80904906353e-07, 2.7846725061e-05, 6.90006563673e-05, 0.000135781068821, 6.99870506651e-05, 1.80852691756e-06, 2.31958729273e-05, 3.45854414263e-06, 7.66552147979e-07, 2.93528245265e-07, 1.59033518798e-07, 5.68792390965e-09, 1.37948583112e-10], [8.56433066826e-12, 2.50631945753e-11, 3.34666634683e-11, 3.31774573092e-11, 1.21805135422e-10, 6.02398339544e-11, 1.21603088701e-05, 9.31208251131e-06, 4.3365304403e-11, 1.02732496121e-10, 5.18544175065e-06, -4.2769671138e-10, -1.44166435234e-07, 6.45884074402e-06, -1.50589194448e-08, 7.83397535997e-06, 1.72075178853e-05, 3.44679356203e-05, 1.93479409063e-05, 1.96925640239e-07, 6.87962710799e-06, 7.66552147979e-07, 2.95645349979e-07, 8.19295706833e-08, 3.39702594943e-08, 1.52125601005e-09, 2.89696634737e-11], [2.94988144155e-12, 8.1482060682e-12, 1.09893491876e-11, 9.98760536081e-12, 3.94114359203e-11, -2.00213751828e-11, 4.28271232522e-06, 3.28045507558e-06, -4.99580975546e-12, 7.54392659452e-11, 1.58941986683e-06, 3.91021555413e-11, -5.22182830309e-08, 2.00215777113e-06, -1.99777749899e-10, 2.61987088379e-06, 6.27285089649e-06, 1.2627583601e-05, 6.689941074e-06, 1.34691887865e-07, 2.29476904678e-06, 2.93528245265e-07, 8.19295706833e-08, 2.85242922615e-08, 1.43035094879e-08, 5.44769840349e-10, 1.19594950262e-11], [1.42052884212e-12, 3.69200416767e-12, 6.08264437083e-12, 4.96802295483e-12, 1.86975036148e-11, -2.57842271839e-11, 2.20959077524e-06, 1.69275574535e-06, -1.45009733388e-11, 6.87684423295e-11, 7.34367915811e-07, 9.27165358378e-11, -2.50364013965e-08, 9.36340200042e-07, 7.69603225592e-09, 1.29484499212e-06, 3.29056024384e-06, 6.68477241561e-06, 3.38990093951e-06, 9.17530584843e-08, 1.13604482976e-06, 1.59033518798e-07, 3.39702594943e-08, 1.43035094879e-08, 8.4660296551e-09, 2.81432321891e-10, 6.78699501114e-12], [5.5957578252e-14, 1.48882032462e-13, 2.20020453679e-13, 1.94836253251e-13, 7.37001822418e-13, -1.05044195998e-12, 8.26835915291e-08, 6.34692653989e-08, -4.2462325431e-13, -1.93615604235e-13, 2.96753555062e-08, -1.53455156568e-13, -1.19765641848e-09, 3.80586975268e-08, -4.85758488988e-10, 5.04287527292e-08, 1.21120706353e-07, 2.44759149837e-07, 1.29002913241e-07, 2.62244093108e-09, 4.39534737495e-08, 5.68792390965e-09, 1.52125601005e-09, 5.44769840349e-10, 2.81432321891e-10, 1.06404303771e-11, 2.3395697814e-13], [1.1828330182e-15, 3.00932171435e-15, 4.33788611585e-15, 3.67011286881e-15, 1.66744602067e-14, -2.09541263599e-14, 1.86914062006e-09, 1.42010958548e-09, 7.70809214661e-15, 7.71713490094e-14, 6.10084760488e-10, 1.28871251778e-13, -1.9580321739e-11, 7.79989683952e-10, 8.76281859574e-12, 1.07721298548e-09, 2.8113502637e-09, 5.62347102218e-09, 2.7908233502e-09, 7.51089260231e-11, 9.37497079967e-10, 1.37948583112e-10, 2.89696634737e-11, 1.19594950262e-11, 6.78699501114e-12, 2.3395697814e-13, 6.52930222842e-15]]
    },
    "mfcc": {
        "kurt": [-0.0856635570526, 0.726908683777, 0.837809085846, 3.65898370743, 0.45667386055, 0.599099159241, 1.3462305069, 3.975522995, -0.467090845108, 5.84136772156, 0.202972888947, 0.685187339783, 0.411259889603],
        "max": [-537.754699707, 59.9782714844, -6.103515625e-05, 27.9240684509, 18.6703338623, 2.28881835938e-05, 14.4191169739, 20.3114871979, -4.57763671875e-05, 21.4815063477, 48.407535553, 36.3394813538, 35.3923721313],
        "mean": [-680.380737305, -35.427318573, -114.687110901, 2.9485938549, -43.3384590149, -43.8236923218, -17.679107666, -11.0627384186, -9.75208377838, -0.578113138676, 31.0456752777, 25.6352100372, 22.5012378693],
        "median": [-554.197143555, -51.2637939453, -137.462585449, 5.10746479034, -53.3760604858, -52.7631950378, -20.809923172, -12.4219894409, -10.6094837189, -0.774319648743, 37.2133293152, 30.1421279907, 26.0120429993],
        "min": [-1138.42004395, -67.0779190063, -168.256347656, -37.0093421936, -62.1575317383, -62.3169631958, -42.3304595947, -51.3323974609, -21.5780181885, -10.4291687012, -2.67028808594e-05, -3.0517578125e-05, -3.46968841553],
        "skew": [-1.33208751678, 1.3541226387, 1.59280383587, -1.39355134964, 1.46315193176, 1.48273038864, 1.0407371521, -0.127318173647, 0.349677413702, 1.79748666286, -1.26046872139, -1.47574806213, -1.40059673786],
        "var": [51626.7070312, 1006.11633301, 2613.04882812, 102.774299622, 522.53692627, 395.586883545, 97.3446044922, 106.786781311, 30.2638130188, 26.3462200165, 212.364868164, 132.741363525, 120.477806091],
        "cov": [[52565.3710938, -5895.46923828, -10946.9921875, 1017.44775391, -5006.65283203, -4109.81494141, -1819.25231934, -1588.72668457, -866.703186035, -64.8650817871, 3108.85571289, 2483.68212891, 2297.66992188], [-5895.46923828, 1024.40942383, 960.969604492, -238.409362793, 502.77255249, 419.509735107, 167.848937988, 126.560760498, 87.1614761353, 62.5651473999, -348.521972656, -239.362869263, -203.00390625], [-10946.9921875, 960.969604492, 2660.55883789, -71.6933822632, 1123.50415039, 929.77545166, 389.511901855, 343.231109619, 190.639694214, -32.6373710632, -675.104125977, -566.653808594, -543.076416016], [1017.44775391, -238.409362793, -71.6933822632, 104.642921448, -53.302734375, -69.0578231812, -14.0291547775, -7.7968211174, -18.9635810852, -33.5558624268, 60.9230613708, 30.9208316803, 22.2840328217], [-5006.65283203, 502.77255249, 1123.50415039, -53.302734375, 532.037597656, 393.509338379, 171.81022644, 179.469985962, 76.3143005371, -21.1600055695, -289.50692749, -240.45703125, -239.920455933], [-4109.81494141, 419.509735107, 929.77545166, -69.0578231812, 393.509338379, 402.77935791, 135.448394775, 97.9334716797, 84.6194458008, 16.8391361237, -272.695892334, -209.038131714, -191.71937561], [-1819.25231934, 167.848937988, 389.511901855, -14.0291547775, 171.81022644, 135.448394775, 99.1145095825, 73.09009552, 24.2521018982, -6.72379493713, -106.188812256, -86.6219940186, -74.3125610352], [-1588.72668457, 126.560760498, 343.231109619, -7.7968211174, 179.469985962, 97.9334716797, 73.09009552, 108.728355408, 11.5754051208, -16.1333427429, -78.3386688232, -70.9322052002, -80.3208007812], [-866.703186035, 87.1614761353, 190.639694214, -18.9635810852, 76.3143005371, 84.6194458008, 24.2521018982, 11.5754051208, 30.8140640259, 7.26144695282, -53.3572921753, -46.8878669739, -38.5377655029], [-64.8650817871, 62.5651473999, -32.6373710632, -33.5558624268, -21.1600055695, 16.8391361237, -6.72379493713, -16.1333427429, 7.26144695282, 26.8252410889, -9.98000717163, 1.59631550312, 7.97610759735], [3108.85571289, -348.521972656, -675.104125977, 60.9230613708, -289.50692749, -272.695892334, -106.188812256, -78.3386688232, -53.3572921753, -9.98000717163, 216.226043701, 161.796508789, 142.219299316], [2483.68212891, -239.362869263, -566.653808594, 30.9208316803, -240.45703125, -209.038131714, -86.6219940186, -70.9322052002, -46.8878669739, 1.59631550312, 161.796508789, 135.154830933, 119.961685181], [2297.66992188, -203.00390625, -543.076416016, 22.2840328217, -239.920455933, -191.71937561, -74.3125610352, -80.3208007812, -38.5377655029, 7.97610759735, 142.219299316, 119.961685181, 122.668312073]]
    },
    "sccoeffs": {
        "kurt": [-0.110662460327, 0.34730219841, 0.458008766174, 0.320480823517, -0.068393945694, -0.0532133579254],
        "max": [-0.793414473534, -0.135849788785, -0.345059633255, -0.312975913286, -0.332858294249, -0.565519869328],
        "mean": [-0.883881986141, -0.335519582033, -0.501776397228, -0.481462031603, -0.496442854404, -0.668381810188],
        "median": [-0.882770061493, -0.185843676329, -0.408378660679, -0.37576854229, -0.384508013725, -0.605413138866],
        "min": [-0.99720042944, -0.962413012981, -0.968192338943, -0.95233476162, -0.948145091534, -0.941583871841],
        "skew": [-0.608138561249, -1.42405259609, -1.46895813942, -1.4287006855, -1.26835763454, -1.2694811821],
        "var": [0.00255686976016, 0.074423275888, 0.039874214679, 0.0425319634378, 0.0421605147421, 0.0143428817391],
        "cov": [[0.00260335835628, 0.00759503571317, 0.00556582491845, 0.00601137662306, 0.00622556963935, 0.0037392328959], [0.00759503571317, 0.0757764279842, 0.0544086284935, 0.0562921576202, 0.0558813437819, 0.0325518473983], [0.00556582491845, 0.0544086284935, 0.0405991971493, 0.0413044542074, 0.0401454716921, 0.0235124174505], [0.00601137662306, 0.0562921576202, 0.0413044542074, 0.0433052703738, 0.0418208502233, 0.02437193878], [0.00622556963935, 0.0558813437819, 0.0401454716921, 0.0418208502233, 0.0429270714521, 0.0247167497873], [0.0037392328959, 0.0325518473983, 0.0235124174505, 0.02437193878, 0.0247167497873, 0.0146036613733]]
    },
    "scvalleys": {
        "kurt": [3.53274250031, 3.82321548462, 3.30301046371, 2.90614557266, 2.50138378143, 1.61607599258],
        "max": [-8.4925031662, -6.74803352356, -6.77617454529, -6.65612125397, -5.71360349655, -7.60905694962],
        "mean": [-11.0998620987, -9.77133178711, -9.34592533112, -9.15992927551, -8.59353256226, -10.5056743622],
        "median": [-9.36817932129, -8.22596263885, -7.91343927383, -7.54518938065, -6.88622283936, -8.76682853699],
        "min": [-23.4792118073, -21.0087890625, -19.8688659668, -20.1302165985, -20.2767162323, -21.2582015991],
        "skew": [-2.18644475937, -2.26608800888, -2.17075395584, -2.07455253601, -1.96421611309, -1.74921560287],
        "var": [16.7014827728, 14.2939691544, 12.1839447021, 12.9738416672, 14.2969827652, 13.0861997604],
        "cov": [[17.0051460266, 15.4669647217, 14.2220458984, 14.5870227814, 15.3071994781, 14.5434455872], [15.4669647217, 14.5538597107, 13.3229503632, 13.6553115845, 14.1936502457, 13.3612442017], [14.2220458984, 13.3229503632, 12.4054708481, 12.7347021103, 13.2911224365, 12.4996547699], [14.5870227814, 13.6553115845, 12.7347021103, 13.2097301483, 13.7912712097, 13.015704155], [15.3071994781, 14.1936502457, 13.2911224365, 13.7912712097, 14.556927681, 13.8171052933], [14.5434455872, 13.3612442017, 12.4996547699, 13.015704155, 13.8171052933, 13.324131012]]
    }
},
"rhythm": {
    "beats_loudness": {
        "kurt": -2,
        "max": 0.573920369148,
        "mean": 0.53482478857,
        "median": 0.53482478857,
        "min": 0.49572917819,
        "skew": -1.12628526949e-06,
        "var": 0.00152846553829
    },
    "bpm": 117.453842163,
    "confidence": 0,
    "first_peak_bpm": {
        "kurt": 0,
        "max": 117,
        "mean": 117,
        "median": 117,
        "min": 117,
        "skew": 0,
        "var": 0
    },
    "first_peak_spread": {
        "kurt": 0,
        "max": 0,
        "mean": 0,
        "median": 0,
        "min": 0,
        "skew": 0,
        "var": 0
    },
    "first_peak_weight": {
        "kurt": 0,
        "max": 1,
        "mean": 1,
        "median": 1,
        "min": 1,
        "skew": 0,
        "var": 0
    },
    "onset_rate": 1.56730341911,
    "second_peak_bpm": {
        "kurt": 0,
        "max": 0,
        "mean": 0,
        "median": 0,
        "min": 0,
        "skew": 0,
        "var": 0
    },
    "second_peak_spread": {
        "kurt": 0,
        "max": 0,
        "mean": 0,
        "median": 0,
        "min": 0,
        "skew": 0,
        "var": 0
    },
    "second_peak_weight": {
        "kurt": 0,
        "max": 0,
        "mean": 0,
        "median": 0,
        "min": 0,
        "skew": 0,
        "var": 0
    },
    "beats_loudness_band_ratio": {
        "kurt": [-2, -1.99999976158, -1.99999988079, -2, -1.99999988079, -2],
        "max": [1.63414324561e-06, 2.36993146245e-05, 0.181537941098, 0.119095012546, 0.511142849922, 0.219404041767],
        "mean": [1.44847047068e-06, 1.28991323436e-05, 0.178982585669, 0.103509455919, 0.50106805563, 0.216501265764],
        "median": [1.44847047068e-06, 1.28991323436e-05, 0.178982585669, 0.103509455919, 0.50106805563, 0.216501265764],
        "min": [1.26279769574e-06, 2.09895097214e-06, 0.176427230239, 0.0879238992929, 0.490993231535, 0.21359847486],
        "skew": [0, 8.40460216978e-08, 0, 0, -4.44692386736e-06, -7.69825237512e-06],
        "var": [3.44743798667e-14, 1.16643916748e-10, 6.52984135741e-06, 0.000242909576627, 0.000101501776953, 8.42615190777e-06],
        "cov": [[6.89487597333e-14, -4.01059914446e-12, 9.489198316e-10, -5.78762726633e-09, 3.74123576563e-09, 1.07793574067e-09], [-4.01059914446e-12, 2.33287833495e-10, -5.5196608173e-08, 3.36653670274e-07, -2.17619543719e-07, -6.2701175807e-08], [9.489198316e-10, -5.5196608173e-08, 1.30596827148e-05, -7.96532767708e-05, 5.14894381922e-05, 1.48352864926e-05], [-5.78762726633e-09, 3.36653670274e-07, -7.96532767708e-05, 0.000485819153255, -0.000314043019898, -9.04829939827e-05], [3.74123576563e-09, -2.17619543719e-07, 5.14894381922e-05, -0.000314043019898, 0.000203003553906, 5.84899789828e-05], [1.07793574067e-09, -6.2701175807e-08, 1.48352864926e-05, -9.04829939827e-05, 5.84899789828e-05, 1.68523038155e-05]]
    },
    "beats_position": [0.487619042397, 0.99845802784],
    "bpm_estimates": [117.453842163],
    "bpm_intervals": [0.510838985443],
    "onset_times": [0.0580498874187, 0.99845802784],
    "histogram": [[0, 0, 0, 0, 0, 0, 0, 0, 0, 0, 0, 0, 0, 0, 0, 0, 0, 0, 0, 0, 0, 0, 0, 0, 0, 0, 0, 0, 0, 0, 0, 0, 0, 0, 0, 0, 0, 0, 0, 0, 0, 0, 0, 0, 0, 0, 0, 0, 0, 0, 0, 0, 0, 0, 0, 0, 0, 0, 0, 0, 0, 0, 0, 0, 0, 0, 0, 0, 0, 0, 0, 0, 0, 0, 0, 0, 0, 0, 0, 0, 0, 0, 0, 0, 0, 0, 0, 0, 0, 0, 0, 0, 0, 0, 0, 0, 0, 0, 0, 0, 0, 0, 0, 0, 0, 0, 0, 0, 0, 0, 0, 0, 0, 0, 0, 0, 0, 1, 0, 0, 0, 0, 0, 0, 0, 0, 0, 0, 0, 0, 0, 0, 0, 0, 0, 0, 0, 0, 0, 0, 0, 0, 0, 0, 0, 0, 0, 0, 0, 0, 0, 0, 0, 0, 0, 0, 0, 0, 0, 0, 0, 0, 0, 0, 0, 0, 0, 0, 0, 0, 0, 0, 0, 0, 0, 0, 0, 0, 0, 0, 0, 0, 0, 0, 0, 0, 0, 0, 0, 0, 0, 0, 0, 0, 0, 0, 0, 0, 0, 0, 0, 0, 0, 0, 0, 0, 0, 0, 0, 0, 0, 0, 0, 0, 0, 0, 0, 0, 0, 0, 0, 0, 0, 0, 0, 0, 0, 0, 0, 0, 0, 0, 0, 0, 0, 0, 0, 0, 0, 0, 0, 0, 0, 0, 0, 0, 0, 0, 0, 0]]
},
"sfx": {
    "inharmonicity": {
        "kurt": 18.431842804,
        "max": 0.3873218894,
        "mean": 0.0263566374779,
        "median": 0.00839018635452,
        "min": 0,
        "skew": 4.23471021652,
        "var": 0.00412876391783
    },
    "oddtoevenharmonicenergyratio": {
        "kurt": 5.64860153198,
        "max": 2.24802565575,
        "mean": 0.682206451893,
        "median": 0.659464240074,
        "min": 0,
        "skew": 1.40402519703,
        "var": 0.133801236749
    },
    "pitch_after_max_to_before_max_energy_ratio": 4.60473871231,
    "pitch_centroid": 32.0318489075,
    "pitch_max_to_total": 0.0178571436554,
    "pitch_min_to_total": 0.982142865658,
    "tristimulus": {
        "kurt": [6.18708229065, 2.78478813171, 2.77303028107],
        "max": [1, 0.572076141834, 0.87892895937],
        "mean": [0.225855574012, 0.2531709373, 0.52097350359],
        "median": [0.154283136129, 0.257565230131, 0.58515894413],
        "min": [0.0111311012879, 0, 0],
        "skew": [2.79764151573, 0.245064407587, -1.86862266064],
        "var": [0.0548784770072, 0.011287114583, 0.0355729199946],
        "cov": [[0.0558762662113, -0.015574448742, -0.0403018221259], [-0.015574448742, 0.0114923343062, 0.00408211397007], [-0.0403018221259, 0.00408211397007, 0.0362197011709]]
    }
},
"tonal": {
    "chords_changes_rate": 0,
    "chords_number_rate": 0.0344827584922,
    "chords_strength": {
        "kurt": 0.27481842041,
        "max": 0.451315492392,
        "mean": 0.431611955166,
        "median": 0.434878617525,
        "min": 0.41436958313,
        "skew": -0.491223752499,
        "var": 6.41168371658e-05
    },
    "key_strength": 0.728905797005,
    "tuning_diatonic_strength": 0.476833373308,
    "tuning_equal_tempered_deviation": 0.111959800124,
    "tuning_frequency": 449.245300293,
    "tuning_nontempered_energy_ratio": 0.658612728119,
    "hpcp": {
        "kurt": [-1.1943602562, 18.5785255432, 8.95266342163, 19.7771987915, 7.75737571716, 2.31872749329, 1.31050777435, 0.558670520782, 21.7362766266, 22.3268375397, 23.7123298645, 21.7885494232, -0.786773204803, -1.18452787399, 5.23212337494, 12.1971378326, 1.55653953552, 0.120258331299, -0.138354539871, 20.3519859314, 24.0341758728, 24.0347366333, 24.0344009399, 24.0229949951, 12.552406311, 12.4916744232, 1.73195552826, 0.7555103302, 0.0136089324951, 24.0062217712, 24.0336780548, 24.033821106, 24.0336418152, 24.0201835632, -0.750081539154, -1.15272951126],
        "max": [0.251984715462, 0.00779373059049, 0.00514234509319, 0.0162014439702, 0.259329915047, 1, 1, 0.654923796654, 0.771554708481, 0.866412103176, 0.86033564806, 0.692400693893, 0.157003596425, 0.0885475873947, 0.00261147250421, 0.00867865886539, 0.109400354326, 0.690141141415, 0.712917625904, 0.723435223103, 1, 0.958113670349, 0.774598479271, 0.157963439822, 0.00880285911262, 0.203911051154, 0.571206688881, 1, 0.528796255589, 0.746820569038, 0.868551075459, 0.408371180296, 0.96684640646, 0.884817004204, 0.22275608778, 0.473610490561],
        "mean": [0.163897827268, 0.000864074740093, 0.000614890886936, 0.00108506553806, 0.0212179534137, 0.391442835331, 0.712026655674, 0.350769042969, 0.035727225244, 0.0380030535161, 0.0332116596401, 0.0683641061187, 0.101632066071, 0.0550334192812, 0.000655860407278, 0.000697055715136, 0.0480756610632, 0.306490451097, 0.325095146894, 0.0890945270658, 0.0348640419543, 0.0333350151777, 0.0270052757114, 0.00568221462891, 0.000672932248563, 0.0122638978064, 0.411004006863, 0.810485422611, 0.415155410767, 0.0271003972739, 0.0304188244045, 0.0143969170749, 0.033751744777, 0.0314430296421, 0.151548653841, 0.310025274754],
        "median": [0.216401666403, 0.000592612253968, 0.00029333884595, 0.000364488689229, 0.000602867046837, 0.42263931036, 0.833692789078, 0.406035423279, 0.000341239618137, 0.000184298449312, 0.000128106796183, 0.0582704953849, 0.123897984624, 0.0690666586161, 0.000642521248665, 0.000171389765455, 0.0506612174213, 0.353450477123, 0.381175488234, 0.0777075439692, 0.000100282595668, 0.000109595806862, 0.00011086336599, 0.000111108354758, 0.000119656069728, 0.000174344400875, 0.477566212416, 1, 0.52149027586, 0.000723548058886, 0.000170619678102, 0.000186625344213, 0.000137153314427, 0.00014578756236, 0.194242909551, 0.410141944885],
