{
"metadata": {
    "version": {
        "essentia": "2.1-beta3"
    }
},
"lowLevel": {
    "average_loudness": 0.845651447773,
    "barkbands_kurtosis": {
        "kurt": 9.72985935211,
        "max": 5.55961036682,
        "mean": 0.161294594407,
        "median": -0.144056558609,
        "min": -1.32744753361,
        "skew": 2.78966879845,
        "var": 1.08649003506
    },
    "barkbands_skewness": {
        "kurt": 0.0704827308655,
        "max": 1.65320706367,
        "mean": 0.802458226681,
        "median": 0.832047820091,
        "min": 0.203992545605,
        "skew": -0.0448485761881,
        "var": 0.0735954940319
    },
    "barkbands_spread": {
        "kurt": 1.27832460403,
        "max": 28.0482635498,
        "mean": 18.9894008636,
        "median": 19.8942584991,
        "min": 5.56764745712,
        "skew": -1.10327911377,
        "var": 20.1863269806
    },
    "dissonance": {
        "kurt": 2.27367019653,
        "max": 0.49852502346,
        "mean": 0.464526295662,
        "median": 0.476391434669,
        "min": 0.343793749809,
        "skew": -1.59006083012,
        "var": 0.00105594622437
    },
    "hfc": {
        "kurt": 16.5428733826,
        "max": 2.87361359596,
        "mean": 0.147186413407,
        "median": 0.0142206791788,
        "min": 0.00172454398125,
        "skew": 4.20004415512,
        "var": 0.264064252377
    },
    "pitch": {
        "kurt": 5.5868062973,
        "max": 999.949707031,
        "mean": 286.034393311,
        "median": 275.417053223,
        "min": 75.8761749268,
        "skew": 1.42750597,
        "var": 16564.0507812
    },
    "pitch_instantaneous_confidence": {
        "kurt": 1.05254364014,
        "max": 0.972185492516,
        "mean": 0.342088133097,
        "median": 0.238317787647,
        "min": 0.141904056072,
        "skew": 1.56454324722,
        "var": 0.0591746903956
    },
    "pitch_salience": {
        "kurt": 3.37770938873,
        "max": 0.833273530006,
        "mean": 0.715753912926,
        "median": 0.724576354027,
        "min": 0.37376588583,
        "skew": -1.55066084862,
        "var": 0.00650820368901
    },
    "silence_rate_20dB": {
        "kurt": 0,
        "max": 1,
        "mean": 1,
        "median": 1,
        "min": 1,
        "skew": 0,
        "var": 0
    },
    "silence_rate_30dB": {
        "kurt": 0,
        "max": 1,
        "mean": 1,
        "median": 1,
        "min": 1,
        "skew": 0,
        "var": 0
    },
    "silence_rate_60dB": {
        "kurt": 0,
        "max": 1,
        "mean": 1,
        "median": 1,
        "min": 1,
        "skew": 0,
        "var": 0
    },
    "spectral_centroid": {
        "kurt": 0.665647029877,
        "max": 1407.03479004,
        "mean": 947.614562988,
        "median": 933.622924805,
        "min": 600.973999023,
        "skew": 0.567007958889,
        "var": 18389.7246094
    },
    "spectral_complexity": {
        "kurt": 10.9611940384,
        "max": 6,
        "mean": 0.392307698727,
        "median": 0,
        "min": 0,
        "skew": 3.51962661743,
        "var": 1.8230137825
    },
    "spectral_crest": {
        "kurt": 4.42073154449,
        "max": 20.5324611664,
        "mean": 6.73921298981,
        "median": 5.78738546371,
        "min": 3.04435300827,
        "skew": 2.1078107357,
        "var": 12.0297317505
    },
    "spectral_decrease": {
        "kurt": 17.7088108063,
        "max": -3.51833389896e-13,
        "mean": -3.25889870645e-11,
        "median": -3.88435551085e-12,
        "min": -6.84893419756e-10,
        "skew": -4.28438663483,
        "var": 1.22755048853e-20
    },
    "spectral_energy": {
        "kurt": 17.5421638489,
        "max": 0.00284559139982,
        "mean": 0.000136348593514,
        "median": 1.62730902957e-05,
        "min": 1.48432491187e-06,
        "skew": 4.27205705643,
        "var": 2.15849865981e-07
    },
    "spectral_energyband_high": {
        "kurt": 20.1880187988,
        "max": 3.33040698024e-05,
        "mean": 1.6015633264e-06,
        "median": 3.28386789761e-07,
        "min": 6.94499746601e-08,
        "skew": 4.57439088821,
        "var": 2.93145299701e-11
    },
    "spectral_energyband_low": {
        "kurt": 4.81028985977,
        "max": 6.16533361608e-06,
        "mean": 1.37152699153e-06,
        "median": 1.09116740532e-06,
        "min": 2.73100884129e-08,
        "skew": 2.01880574226,
        "var": 1.30389340817e-12
    },
    "spectral_energyband_middle_high": {
        "kurt": 19.1074352264,
        "max": 0.0021080931183,
        "mean": 8.99319275049e-05,
        "median": 5.82785969527e-06,
        "min": 6.4212451889e-07,
        "skew": 4.37969827652,
        "var": 1.03285358932e-07
    },
    "spectral_energyband_middle_low": {
        "kurt": 16.4104118347,
        "max": 0.000807593693025,
        "mean": 4.78288675367e-05,
        "median": 9.35760544962e-06,
        "min": 7.66894061144e-07,
        "skew": 4.19475889206,
        "var": 2.23104610342e-08
    },
    "spectral_flatness_db": {
        "kurt": 4.22497367859,
        "max": 0.311355888844,
        "mean": 0.153591647744,
        "median": 0.14078104496,
        "min": 0.0761199891567,
        "skew": 2.16868948936,
        "var": 0.00178933865391
    },
    "spectral_flux": {
        "kurt": 10.847817421,
        "max": 0.0217308532447,
        "mean": 0.00369946239516,
        "median": 0.00258404249325,
        "min": 0.00169562851079,
        "skew": 3.3447406292,
        "var": 1.24142889035e-05
    },
    "spectral_kurtosis": {
        "kurt": 7.04137229919,
        "max": 23.3172988892,
        "mean": 8.7025642395,
        "median": 7.85231494904,
        "min": 4.61831140518,
        "skew": 2.31352806091,
        "var": 7.40580034256
    },
    "spectral_rms": {
        "kurt": 12.3991193771,
        "max": 0.00166618928779,
        "mean": 0.000214380197576,
        "median": 0.000126000741147,
        "min": 3.80541969207e-05,
        "skew": 3.64493012428,
        "var": 8.70641230222e-08
    },
    "spectral_rolloff": {
        "kurt": 0.869791269302,
        "max": 3079.24804688,
        "mean": 1725.80407715,
        "median": 1722.65625,
        "min": 818.26171875,
        "skew": -0.0112975779921,
        "var": 146131
    },
    "spectral_skewness": {
        "kurt": 2.57420444489,
        "max": 3.33823680878,
        "mean": 2.18804049492,
        "median": 2.12004446983,
        "min": 1.66605734825,
        "skew": 1.24712824821,
        "var": 0.0654423385859
    },
    "spectral_spread": {
        "kurt": 102.888298035,
        "max": 16280097,
        "mean": 3461453.5,
        "median": 3430096.5,
        "min": 2362904,
        "skew": 9.72481918335,
        "var": 1.40080408166e+12
    },
    "spectral_strongpeak": {
        "kurt": 15.9096412659,
        "max": 1.26477539539,
        "mean": 0.0786233767867,
        "median": 0.0136431884021,
        "min": 0.00131111987866,
        "skew": 3.9037706852,
        "var": 0.0395320020616
    },
    "zerocrossingrate": {
        "kurt": 2.61178827286,
        "max": 0.07568359375,
        "mean": 0.0576585046947,
        "median": 0.058837890625,
        "min": 0.02197265625,
        "skew": -1.04004836082,
        "var": 6.46995977149e-05
    },
    "barkbands": {
        "kurt": [8.1439037323, 1.55977249146, 4.22305488586, 4.5817117691, 2.00303792953, 15.3737239838, 16.5682125092, 2.10169219971, 2.05163574219, 28.1931686401, 2.9188580513, 20.9344882965, 22.7940120697, 45.3490791321, 22.2444210052, 21.1744823456, 19.1489887238, 48.2142906189, 22.5079174042, 16.1541652679, 21.4524269104, 27.0542106628, 22.0484523773, 15.3968067169, 16.9545402527, 45.7153930664, 58.3159408569],
        "max": [1.60478528244e-08, 4.91102127853e-07, 3.51496646545e-06, 4.95715903526e-06, 7.69911639509e-06, 7.81089111115e-05, 0.000673226604704, 4.34843832409e-06, 3.50955633621e-06, 0.00155053613707, 3.07051823256e-06, 0.000134190311655, 8.34929960547e-06, 0.000209583973628, 2.06325989893e-06, 0.000205425807508, 0.000261335313553, 0.000151305415784, 3.14564822474e-05, 2.83618896901e-06, 2.90566440526e-05, 3.86948931919e-06, 2.34993649428e-07, 1.96100131689e-08, 5.96388360918e-09, 7.51269157995e-10, 8.10142064545e-10],
        "mean": [2.81126255608e-09, 1.31899909661e-07, 7.1428002002e-07, 9.60159127317e-07, 2.33794321503e-06, 5.5371488088e-06, 3.25129003613e-05, 1.26307645587e-06, 1.14027318432e-06, 5.22382142663e-05, 8.16533770376e-07, 6.45810177957e-06, 6.27318911484e-07, 6.07368019701e-06, 3.94667353021e-07, 7.89247133071e-06, 1.01342038761e-05, 3.90848617826e-06, 1.41912460094e-06, 4.13304235281e-07, 1.20688628158e-06, 1.49816159478e-07, 1.21033565392e-08, 2.29193641843e-09, 9.83442105529e-10, 7.0253490525e-11, 1.74846023077e-11],
        "median": [2.09558193021e-09, 1.09463783815e-07, 5.26013877789e-07, 6.38202095615e-07, 2.0489196686e-06, 1.71221063283e-06, 9.36527328577e-07, 1.1743630921e-06, 1.02241438071e-06, 1.20756396882e-06, 6.86519342707e-07, 9.02612669051e-07, 3.39704627095e-07, 5.29819772055e-07, 3.59179352927e-07, 4.71557285664e-07, 2.07287826015e-07, 3.73316396463e-07, 3.61366801371e-07, 3.04689734776e-07, 1.34343295599e-07, 3.1487033425e-08, 3.50339601773e-09, 1.37802380618e-09, 7.65650542967e-10, 5.49821507767e-11, 2.01894317237e-12],
        "min": [1.0398321787e-10, 3.44864292678e-09, 8.18426659777e-09, 3.19745439015e-08, 7.12296639449e-08, 2.81981556327e-07, 9.11659299163e-08, 6.52832028436e-08, 8.78873365195e-08, 1.01260752672e-07, 6.76324916071e-08, 1.30237424401e-07, 3.55196121404e-08, 1.17438510472e-07, 4.50639134897e-08, 4.24376267461e-08, 2.10398205525e-08, 1.65913434103e-08, 6.66442190322e-08, 4.17155021637e-08, 2.48088110055e-08, 3.72239483681e-09, 1.61482605066e-09, 7.16696979541e-10, 4.40594144502e-10, 3.00073507709e-11, 1.16955609693e-12],
        "skew": [2.51994180679, 1.24727475643, 1.89015626907, 1.99191725254, 1.29301822186, 4.08341503143, 4.22143793106, 1.19321608543, 1.32101392746, 5.07992553711, 1.39179134369, 4.57008552551, 4.65267562866, 6.17768001556, 3.51021790504, 4.56858778, 4.46984577179, 6.8493680954, 4.70080089569, 3.97911167145, 4.69751405716, 5.06570959091, 4.78282403946, 3.9912750721, 3.94702339172, 6.46626996994, 7.400578022],
        "var": [8.19867095167e-18, 8.65022402395e-15, 4.43880094356e-13, 8.42073372836e-13, 2.08207301226e-12, 2.14606693527e-10, 1.56529402773e-08, 6.19962577369e-13, 4.12686107076e-13, 4.07526528079e-08, 2.47006598118e-13, 4.65028182628e-10, 1.30219814966e-12, 5.40174405206e-10, 4.99602224554e-14, 9.06709540782e-10, 1.84918835799e-09, 3.46555478759e-10, 1.98810187063e-11, 2.03108146621e-13, 2.18305824806e-11, 2.63194603915e-13, 1.47245602924e-15, 1.10941968336e-17, 6.21183792103e-19, 6.55767544661e-21, 7.59536625492e-21],
        "cov": [[8.26222654686e-18, 6.58061749606e-17, -2.15451803389e-16, -1.46711069548e-16, 4.59095933758e-16, -4.38995391933e-16, -1.55337473841e-14, -2.32135652533e-16, 9.52989952988e-17, 9.78704007147e-16, -1.41597783108e-16, -2.35496059875e-15, -1.25117155698e-16, -3.25147678726e-16, 7.88092440861e-18, -3.10321552831e-15, -3.09129523364e-15, -2.04898349908e-15, -2.11926412558e-16, 4.15908992795e-17, -5.31918267909e-16, 1.10318547124e-17, 5.14890773198e-19, 8.39202778028e-20, 3.84800446615e-20, -5.07708556194e-22, -2.97561988715e-21], [6.58061749606e-17, 8.71727938722e-15, 1.17647878879e-14, 9.82837654984e-15, 9.39620509356e-15, 7.80492478373e-14, 7.45019497483e-13, -4.06013331866e-16, 1.50806762369e-15, 1.01418775721e-12, 3.83613005592e-15, 1.46966640246e-13, 2.55913746717e-15, 1.54700349211e-13, 2.86621952131e-15, 1.23238347153e-13, 2.33382432303e-13, 9.47796460998e-14, 3.30321809131e-14, 5.35818177005e-15, 2.60772848627e-14, 3.51798384566e-15, 1.90851941663e-16, 2.87739110503e-17, 6.67173317762e-18, -2.08917246226e-19, -5.78699278855e-19], [-2.15451803389e-16, 1.17647878879e-14, 4.47320999686e-13, 2.80231756853e-13, 6.20919602626e-14, 1.3052251337e-12, 1.05444498619e-11, -4.13719148458e-14, -3.1106875024e-14, 1.37119707949e-11, -1.48147824303e-14, 1.86607218393e-12, 2.04042376528e-14, 2.29581523063e-12, 3.13951237241e-14, 2.59418246433e-12, 2.51946467161e-12, 1.23891793092e-12, 3.30583352576e-13, 4.35676749668e-14, 2.7185071143e-13, 3.93804827886e-14, 2.84084389652e-15, 3.47822433087e-16, 8.30742915492e-17, -1.36829735387e-18, -2.45727484003e-18], [-1.46711069548e-16, 9.82837654984e-15, 2.80231756853e-13, 8.48601083066e-13, 1.60861165425e-13, 1.30077925427e-12, 1.25618838248e-11, -2.46771106018e-14, -5.19635333027e-14, 2.81601599678e-11, -3.00602878906e-14, 2.69666038631e-12, 5.02205190682e-14, 2.33557335798e-12, 5.73168086344e-14, 2.47889187475e-12, 1.07750169464e-12, 1.95793156536e-13, 4.84750857076e-13, 9.03801027617e-14, 2.42313574804e-13, 2.46889995562e-14, 3.67223807447e-15, 5.81495053372e-16, 1.13850810171e-16, -6.27469227386e-20, -4.7084721061e-18], [4.59095933758e-16, 9.39620509356e-15, 6.20919602626e-14, 1.60861165425e-13, 2.09821309632e-12, -4.78835558444e-13, -6.97184541001e-12, 7.43283134152e-14, 7.97670103255e-14, -1.09843913479e-11, -2.06724574118e-14, -1.97199873618e-12, -1.38227442188e-13, -1.89692359043e-12, -1.00764894408e-14, -9.27012264694e-13, -2.81185253033e-12, -1.0078939636e-12, -2.92075093495e-13, -6.41132472667e-16, -2.70175293813e-13, -2.67430781703e-14, -1.97310311129e-15, -4.52309770482e-17, 2.82190680739e-17, -1.46226126642e-17, -1.92714404987e-17], [-4.38995391933e-16, 7.80492478373e-14, 1.3052251337e-12, 1.30077925427e-12, -4.78835558444e-13, 2.16270321096e-10, 1.81399761878e-09, -1.21667853201e-13, 5.8899635386e-13, 2.70321298679e-09, 3.25591197883e-13, 2.68898320277e-10, 1.36315767701e-11, 2.7073851494e-10, 2.00647956366e-13, 4.30091212644e-10, 6.06656391788e-10, 2.02592484455e-10, 6.2361830977e-11, 5.78217942276e-12, 6.59250223856e-11, 6.91198530703e-12, 5.12148049664e-13, 4.6101252156e-14, 1.07739668627e-14, 5.02224257394e-16, 4.35368026276e-16], [-1.55337473841e-14, 7.45019497483e-13, 1.05444498619e-11, 1.25618838248e-11, -6.97184541001e-12, 1.81399761878e-09, 1.57742814366e-08, -8.37002938747e-13, 4.69450736965e-12, 2.38933406393e-08, 3.06939174598e-12, 2.38927322371e-09, 1.23833651666e-10, 2.27435403843e-09, 2.54797029829e-12, 3.58791707455e-09, 5.17001907951e-09, 1.78658798866e-09, 5.45495759674e-10, 5.17868872785e-11, 5.73608271992e-10, 5.62267524207e-11, 4.25251544048e-12, 4.03139219056e-13, 9.14820248634e-14, 4.56344548399e-15, 3.98700059987e-15], [-2.32135652533e-16, -4.06013331866e-16, -4.13719148458e-14, -2.46771106018e-14, 7.43283134152e-14, -1.21667853201e-13, -8.37002938747e-13, 6.24768466129e-13, 8.15780413057e-14, -5.07039939548e-12, 6.05721595386e-14, 5.20326349281e-13, -2.60081042938e-14, -5.36411084821e-13, 1.97844856681e-14, -6.89517941441e-13, -9.24589072838e-13, 7.57286811384e-13, -2.36216923029e-14, 2.13325129181e-14, -1.75438158602e-14, -2.95500115263e-14, -1.9726071735e-15, 3.09979846505e-17, 2.27271827222e-17, -8.03933611336e-18, -8.4737018879e-18], [9.52989952988e-17, 1.50806762369e-15, -3.1106875024e-14, -5.19635333027e-14, 7.97670103255e-14, 5.8899635386e-13, 4.69450736965e-12, 8.15780413057e-14, 4.15885208216e-13, 5.16024939792e-13, -9.57441066127e-15, 9.9178326142e-13, 3.51840918325e-14, -9.20086760687e-14, 1.51570006817e-14, 6.97288689462e-13, 7.51748544057e-13, 1.82251761426e-12, 8.11816434389e-14, 1.65184181031e-14, 1.82551605668e-13, -8.33117148843e-16, -9.85574926657e-16, 1.09428914375e-16, 4.33974584286e-17, -6.13016893159e-18, -7.95648983911e-18], [9.78704007147e-16, 1.01418775721e-12, 1.37119707949e-11, 2.81601599678e-11, -1.09843913479e-11, 2.70321298679e-09, 2.38933406393e-08, -5.07039939548e-12, 5.16024939792e-13, 4.10685636609e-08, -2.47387006713e-12, 3.6014535798e-09, 1.90507457032e-10, 3.1942577472e-09, 3.75426556162e-12, 5.24314858197e-09, 7.62321494818e-09, 2.37364927713e-09, 8.65686300422e-10, 8.07582820062e-11, 8.84156137193e-10, 8.56463233667e-11, 6.81476706663e-12, 6.12018357e-13, 1.34978914981e-13, 6.56610453943e-15, 5.62317899221e-15], [-1.41597783108e-16, 3.83613005592e-15, -1.48147824303e-14, -3.00602878906e-14, -2.06724574118e-14, 3.25591197883e-13, 3.06939174598e-12, 6.05721595386e-14, -9.57441066127e-15, -2.47387006713e-12, 2.4892138047e-13, 1.48572181034e-12, 7.16738070262e-14, 3.6475369166e-13, 9.21662174736e-17, 3.44442627632e-13, 8.23547989786e-13, 1.2911221571e-12, 7.82468436832e-14, 9.95684688399e-15, 1.3076619323e-13, -3.78774033419e-15, -7.51304883446e-16, 5.46598798105e-17, 2.4282965525e-17, -3.23605297904e-18, -4.20671344551e-18], [-2.35496059875e-15, 1.46966640246e-13, 1.86607218393e-12, 2.69666038631e-12, -1.97199873618e-12, 2.68898320277e-10, 2.38927322371e-09, 5.20326349281e-13, 9.9178326142e-13, 3.6014535798e-09, 1.48572181034e-12, 4.68633076789e-10, 2.08572881188e-11, 4.06487898896e-10, 8.51608985154e-13, 5.07973552111e-10, 7.61381624415e-10, 2.59049864892e-10, 8.75070224615e-11, 8.16161634803e-12, 8.4328981298e-11, 7.76055521928e-12, 6.32046877943e-13, 6.61044908591e-14, 1.47049849375e-14, 8.22572541562e-16, 7.3096185197e-16], [-1.25117155698e-16, 2.55913746717e-15, 2.04042376528e-14, 5.02205190682e-14, -1.38227442188e-13, 1.36315767701e-11, 1.23833651666e-10, -2.60081042938e-14, 3.51840918325e-14, 1.90507457032e-10, 7.16738070262e-14, 2.08572881188e-11, 1.31229272241e-12, 1.84861344982e-11, 1.56249508097e-14, 2.66645906744e-11, 4.22368008623e-11, 1.44095100435e-11, 4.36114599295e-12, 4.1050482783e-13, 4.620244725e-12, 4.27282991974e-13, 3.28809414863e-14, 3.16998650026e-15, 6.95246125414e-16, 4.32463126784e-17, 3.79590105989e-17], [-3.25147678726e-16, 1.54700349211e-13, 2.29581523063e-12, 2.33557335798e-12, -1.89692359043e-12, 2.7073851494e-10, 2.27435403843e-09, -5.36411084821e-13, -9.20086760687e-14, 3.1942577472e-09, 3.6475369166e-13, 4.06487898896e-10, 1.84861344982e-11, 5.44361833388e-10, 9.04130340474e-13, 5.85026083133e-10, 8.17135414888e-10, 1.58927718208e-10, 8.21831699915e-11, 7.08008261394e-12, 7.23628101884e-11, 9.73529763748e-12, 7.79242122217e-13, 6.58202401545e-14, 1.34932035095e-14, 1.00544663724e-15, 9.78853614341e-16], [7.88092440861e-18, 2.86621952131e-15, 3.13951237241e-14, 5.73168086344e-14, -1.00764894408e-14, 2.00647956366e-13, 2.54797029829e-12, 1.97844856681e-14, 1.51570006817e-14, 3.75426556162e-12, 9.21662174736e-17, 8.51608985154e-13, 1.56249508097e-14, 9.04130340474e-13, 5.03475130239e-14, 3.4060888875e-13, -3.40271024248e-13, 1.43647748319e-13, 6.98109105246e-14, 2.90411141315e-14, -1.69290207124e-14, -1.85245427938e-15, 2.27100835755e-16, 1.27122334147e-16, 8.23513886334e-18, -1.11474323166e-18, -1.60059272753e-18], [-3.10321552831e-15, 1.23238347153e-13, 2.59418246433e-12, 2.47889187475e-12, -9.27012264694e-13, 4.30091212644e-10, 3.58791707455e-09, -6.89517941441e-13, 6.97288689462e-13, 5.24314858197e-09, 3.44442627632e-13, 5.07973552111e-10, 2.66645906744e-11, 5.85026083133e-10, 3.4060888875e-13, 9.1373830724e-10, 1.22437437966e-09, 3.53062634684e-10, 1.21499463268e-10, 1.09927492456e-11, 1.26226723518e-10, 1.41546279905e-11, 1.08152310892e-12, 9.23023254508e-14, 2.08075811897e-14, 1.0556954904e-15, 9.43896564608e-16], [-3.09129523364e-15, 2.33382432303e-13, 2.51946467161e-12, 1.07750169464e-12, -2.81185253033e-12, 6.06656391788e-10, 5.17001907951e-09, -9.24589072838e-13, 7.51748544057e-13, 7.62321494818e-09, 8.23547989786e-13, 7.61381624415e-10, 4.22368008623e-11, 8.17135414888e-10, -3.40271024248e-13, 1.22437437966e-09, 1.8635231136e-09, 5.75712810758e-10, 1.83167328527e-10, 1.56968240489e-11, 1.92776739016e-10, 2.01001576494e-11, 1.52569688654e-12, 1.31739237574e-13, 3.06065631552e-14, 1.82513789035e-15, 1.67179432783e-15], [-2.04898349908e-15, 9.47796460998e-14, 1.23891793092e-12, 1.95793156536e-13, -1.0078939636e-12, 2.02592484455e-10, 1.78658798866e-09, 7.57286811384e-13, 1.82251761426e-12, 2.37364927713e-09, 1.2911221571e-12, 2.59049864892e-10, 1.44095100435e-11, 1.58927718208e-10, 1.43647748319e-13, 3.53062634684e-10, 5.75712810758e-10, 3.49241940922e-10, 5.65981289613e-11, 6.3104751459e-12, 7.17688131147e-11, 5.11738351347e-12, 3.10186473946e-13, 4.25085991797e-14, 1.16558899441e-14, 4.21547466132e-16, 3.28182756595e-16], [-2.11926412558e-16, 3.30321809131e-14, 3.30583352576e-13, 4.84750857076e-13, -2.92075093495e-13, 6.2361830977e-11, 5.45495759674e-10, -2.36216923029e-14, 8.11816434389e-14, 8.65686300422e-10, 7.82468436832e-14, 8.75070224615e-11, 4.36114599295e-12, 8.21831699915e-11, 6.98109105246e-14, 1.21499463268e-10, 1.83167328527e-10, 5.65981289613e-11, 2.00351350094e-11, 1.78519872496e-12, 2.01015922657e-11, 1.94661843068e-12, 1.56314143487e-13, 1.43105911507e-14, 3.21036456086e-15, 1.78895965733e-16, 1.59017214192e-16], [4.15908992795e-17, 5.35818177005e-15, 4.35676749668e-14, 9.03801027617e-14, -6.41132472667e-16, 5.78217942276e-12, 5.17868872785e-11, 2.13325129181e-14, 1.65184181031e-14, 8.07582820062e-11, 9.95684688399e-15, 8.16161634803e-12, 4.1050482783e-13, 7.08008261394e-12, 2.90411141315e-14, 1.09927492456e-11, 1.56968240489e-11, 6.3104751459e-12, 1.78519872496e-12, 2.04682625016e-13, 1.84221713405e-12, 1.65828139523e-13, 1.26834230713e-14, 1.37881950154e-15, 3.00423236982e-16, 1.3297149204e-17, 1.0505663618e-17], [-5.31918267909e-16, 2.60772848627e-14, 2.7185071143e-13, 2.42313574804e-13, -2.70175293813e-13, 6.59250223856e-11, 5.73608271992e-10, -1.75438158602e-14, 1.82551605668e-13, 8.84156137193e-10, 1.3076619323e-13, 8.4328981298e-11, 4.620244725e-12, 7.23628101884e-11, -1.69290207124e-14, 1.26226723518e-10, 1.92776739016e-10, 7.17688131147e-11, 2.01015922657e-11, 1.84221713405e-12, 2.19998116946e-11, 2.0311393626e-12, 1.50728252579e-13, 1.41650124451e-14, 3.38885451988e-15, 1.62551538574e-16, 1.39525159661e-16], [1.10318547124e-17, 3.51798384566e-15, 3.93804827886e-14, 2.46889995562e-14, -2.67430781703e-14, 6.91198530703e-12, 5.62267524207e-11, -2.95500115263e-14, -8.33117148843e-16, 8.56463233667e-11, -3.78774033419e-15, 7.76055521928e-12, 4.27282991974e-13, 9.73529763748e-12, -1.85245427938e-15, 1.41546279905e-11, 2.01001576494e-11, 5.11738351347e-12, 1.94661843068e-12, 1.65828139523e-13, 2.0311393626e-12, 2.65234855563e-13, 1.86021919982e-14, 1.38719739854e-15, 3.20443813603e-16, 1.66034372617e-17, 1.51781504723e-17], [5.14890773198e-19, 1.90851941663e-16, 2.84084389652e-15, 3.67223807447e-15, -1.97310311129e-15, 5.12148049664e-13, 4.25251544048e-12, -1.9726071735e-15, -9.85574926657e-16, 6.81476706663e-12, -7.51304883446e-16, 6.32046877943e-13, 3.28809414863e-14, 7.79242122217e-13, 2.27100835755e-16, 1.08152310892e-12, 1.52569688654e-12, 3.10186473946e-13, 1.56314143487e-13, 1.26834230713e-14, 1.50728252579e-13, 1.86021919982e-14, 1.48387043348e-15, 1.12079214292e-16, 2.4256828272e-17, 1.49941995662e-18, 1.3951325405e-18], [8.39202778028e-20, 2.87739110503e-17, 3.47822433087e-16, 5.81495053372e-16, -4.52309770482e-17, 4.6101252156e-14, 4.03139219056e-13, 3.09979846505e-17, 1.09428914375e-16, 6.12018357e-13, 5.46598798105e-17, 6.61044908591e-14, 3.16998650026e-15, 6.58202401545e-14, 1.27122334147e-16, 9.23023254508e-14, 1.31739237574e-13, 4.25085991797e-14, 1.43105911507e-14, 1.37881950154e-15, 1.41650124451e-14, 1.38719739854e-15, 1.12079214292e-16, 1.11801979747e-17, 2.4532611529e-18, 1.35744241778e-19, 1.18699190055e-19], [3.84800446615e-20, 6.67173317762e-18, 8.30742915492e-17, 1.13850810171e-16, 2.82190680739e-17, 1.07739668627e-14, 9.14820248634e-14, 2.27271827222e-17, 4.33974584286e-17, 1.34978914981e-13, 2.4282965525e-17, 1.47049849375e-14, 6.95246125414e-16, 1.34932035095e-14, 8.23513886334e-18, 2.08075811897e-14, 3.06065631552e-14, 1.16558899441e-14, 3.21036456086e-15, 3.00423236982e-16, 3.38885451988e-15, 3.20443813603e-16, 2.4256828272e-17, 2.4532611529e-18, 6.25999172341e-19, 2.99211648582e-20, 2.56642058515e-20], [-5.07708556194e-22, -2.08917246226e-19, -1.36829735387e-18, -6.27469227386e-20, -1.46226126642e-17, 5.02224257394e-16, 4.56344548399e-15, -8.03933611336e-18, -6.13016893159e-18, 6.56610453943e-15, -3.23605297904e-18, 8.22572541562e-16, 4.32463126784e-17, 1.00544663724e-15, -1.11474323166e-18, 1.0556954904e-15, 1.82513789035e-15, 4.21547466132e-16, 1.78895965733e-16, 1.3297149204e-17, 1.62551538574e-16, 1.66034372617e-17, 1.49941995662e-18, 1.35744241778e-19, 2.99211648582e-20, 6.60851029968e-21, 6.98066847001e-21], [-2.97561988715e-21, -5.78699278855e-19, -2.45727484003e-18, -4.7084721061e-18, -1.92714404987e-17, 4.35368026276e-16, 3.98700059987e-15, -8.4737018879e-18, -7.95648983911e-18, 5.62317899221e-15, -4.20671344551e-18, 7.3096185197e-16, 3.79590105989e-17, 9.78853614341e-16, -1.60059272753e-18, 9.43896564608e-16, 1.67179432783e-15, 3.28182756595e-16, 1.59017214192e-16, 1.0505663618e-17, 1.39525159661e-16, 1.51781504723e-17, 1.3951325405e-18, 1.18699190055e-19, 2.56642058515e-20, 6.98066847001e-21, 7.65424552022e-21]]
    },
    "mfcc": {
        "kurt": [6.55428600311, 7.6001625061, 5.48893260956, 0.727388143539, 1.36913537979, -0.29501247406, 2.28592920303, -0.435064554214, 0.568838834763, 3.95433139801, 0.418482542038, 0.786989212036, 0.413066387177],
        "max": [-820.3828125, 132.726593018, 4.87655639648, 22.775592804, 9.03784179688, -3.03121185303, 12.201877594, 6.39138031006, 14.9691429138, 7.29523658752, 0.181232452393, 9.70583343506, 9.75542449951],
        "mean": [-967.42779541, 108.234024048, -20.4575481415, 1.55808758736, -6.37780570984, -15.2110519409, -0.412503153086, -7.08185958862, -5.2436709404, -4.84441661835, -11.3612823486, -8.9983959198, -6.35308647156],
        "median": [-977.932189941, 107.944244385, -15.3613834381, 1.05588150024, -5.94718933105, -14.8550567627, 0.288158416748, -6.93522644043, -5.61098861694, -4.240650177, -11.3052997589, -9.18896865845, -6.67417144775],
        "min": [-1071.10876465, 58.701210022, -98.2608642578, -22.0557670593, -30.262096405, -29.1274375916, -28.1054916382, -19.8067779541, -16.9729537964, -36.7126083374, -25.8093013763, -21.7417373657, -20.0107688904],
        "skew": [2.38915419579, -1.03726184368, -2.38403272629, -0.0402241200209, -0.85573643446, -0.198018148541, -1.17103254795, 0.0355605445802, 0.660459220409, -1.70982372761, -0.451850771904, 0.386695802212, 0.144243746996],
        "var": [1489.78112793, 75.2187042236, 430.761627197, 63.0233764648, 50.2046012878, 30.0555095673, 54.8809967041, 30.6699981689, 34.4616127014, 69.9846115112, 20.8005332947, 28.9195823669, 23.0955886841],
        "cov": [[1501.32983398, 179.763290405, -759.752502441, 116.905799866, -153.267242432, -75.9184494019, -167.303329468, -38.0391120911, 112.877578735, -257.326934814, -23.9611606598, 88.9486846924, -52.2151947021], [179.763290405, 75.8017959595, -58.2001609802, 1.64911031723, -5.35958099365, -9.28678226471, -4.49862718582, 2.90656447411, 9.22449398041, -20.2201461792, -10.3178663254, 0.485780924559, -11.6869983673], [-759.752502441, -58.2001609802, 434.100860596, -34.0293998718, 87.1092681885, 42.2670783997, 93.4899749756, 21.3120517731, -56.2819824219, 136.91317749, 8.68694972992, -48.5627975464, 22.7550048828], [116.905799866, 1.64911031723, -34.0293998718, 63.511932373, 4.08919477463, -2.10240411758, -12.8182249069, -4.37145614624, 13.3075323105, -17.2011203766, 2.4979698658, 12.6456565857, -3.43081951141], [-153.267242432, -5.35958099365, 87.1092681885, 4.08919477463, 50.5937843323, 21.6106071472, 22.851026535, 9.3868637085, -10.5172014236, 33.4457130432, 2.97517681122, -11.9181451797, 4.91157913208], [-75.9184494019, -9.28678226471, 42.2670783997, -2.10240411758, 21.6106071472, 30.2884979248, 20.467546463, 3.74212002754, -2.85835933685, 14.840130806, 2.24005651474, -5.03218507767, 3.55235815048], [-167.303329468, -4.49862718582, 93.4899749756, -12.8182249069, 22.851026535, 20.467546463, 55.3064308167, 22.9803504944, -11.7175703049, 36.9194259644, 0.0789938643575, -14.2237911224, 3.8390583992], [-38.0391120911, 2.90656447411, 21.3120517731, -4.37145614624, 9.3868637085, 3.74212002754, 22.9803504944, 30.9077510834, 11.7308301926, 10.8315639496, -0.805687904358, -5.45671224594, -2.11615896225], [112.877578735, 9.22449398041, -56.2819824219, 13.3075323105, -10.5172014236, -2.85835933685, -11.7175703049, 11.7308301926, 34.7287597656, -7.33026266098, 0.124935768545, 6.50898981094, -7.23773860931], [-257.326934814, -20.2201461792, 136.91317749, -17.2011203766, 33.4457130432, 14.840130806, 36.9194259644, 10.8315639496, -7.33026266098, 70.5271224976, 12.1995592117, -20.034324646, 7.42590999603], [-23.9611606598, -10.3178663254, 8.68694972992, 2.4979698658, 2.97517681122, 2.24005651474, 0.0789938643575, -0.805687904358, 0.124935768545, 12.1995592117, 20.9617786407, 10.4625806808, 1.91502690315], [88.9486846924, 0.485780924559, -48.5627975464, 12.6456565857, -11.9181451797, -5.03218507767, -14.2237911224, -5.45671224594, 6.50898981094, -20.034324646, 10.4625806808, 29.1437644958, 8.03388404846], [-52.2151947021, -11.6869983673, 22.7550048828, -3.43081951141, 4.91157913208, 3.55235815048, 3.8390583992, -2.11615896225, -7.23773860931, 7.42590999603, 1.91502690315, 8.03388404846, 23.2746238708]]
    },
    "sccoeffs": {
        "kurt": [0.0128123760223, 5.34618091583, 4.74654912949, 5.57045650482, 9.5523815155, 6.37506961823],
        "max": [-0.646774172783, -0.5268034935, -0.490826845169, -0.581464707851, -0.630697906017, -0.717192351818],
        "mean": [-0.770147681236, -0.835797667503, -0.840965807438, -0.844428062439, -0.849307119846, -0.804665029049],
        "median": [-0.770695507526, -0.858455836773, -0.866120040417, -0.866693198681, -0.860936284065, -0.808773934841],
        "min": [-0.856572329998, -0.92251431942, -0.942765653133, -0.919668495655, -0.894224762917, -0.885531723499],
        "skew": [0.380191504955, 2.29266858101, 2.15169596672, 2.46874523163, 3.14217853546, 1.81504607201],
        "var": [0.00170932034962, 0.00598054658622, 0.00626394106075, 0.00509926769882, 0.0021557090804, 0.00048780121142],
        "cov": [[0.00172257085796, -0.000347519933712, -0.000402740668505, -0.000308716582367, -0.000234497405472, -5.50354016013e-05], [-0.000347519933712, 0.00602690735832, 0.00516497669742, 0.0048708114773, 0.00318791205063, 0.00128549081273], [-0.000402740668505, 0.00516497669742, 0.00631249882281, 0.00480297300965, 0.0031154633034, 0.00127258268185], [-0.000308716582367, 0.0048708114773, 0.00480297300965, 0.00513879675418, 0.00303086661734, 0.00123773037922], [-0.000234497405472, 0.00318791205063, 0.0031154633034, 0.00303086661734, 0.00217242003419, 0.000847386720125], [-5.50354016013e-05, 0.00128549081273, 0.00127258268185, 0.00123773037922, 0.000847386720125, 0.000491582613904]]
    },
    "scvalleys": {
        "kurt": [-0.165522575378, 0.436028957367, -0.344793081284, -0.152928352356, 3.32300376892, 5.07338428497],
        "max": [-8.57358169556, -7.89153623581, -8.17594623566, -8.93037700653, -9.32709121704, -12.0440759659],
        "mean": [-9.25512695312, -8.44896316528, -8.72231769562, -9.43313026428, -10.1047954559, -12.9924459457],
        "median": [-9.20258331299, -8.42035865784, -8.70725154877, -9.41971302032, -10.1348991394, -13.041560173],
        "min": [-10.3247718811, -9.40701198578, -9.37004470825, -10.0764970779, -11.0959663391, -13.2809419632],
        "skew": [-0.432088822126, -0.477820843458, -0.308975458145, -0.229312285781, 0.462046653032, 2.08587741852],
        "var": [0.135938748717, 0.0858522281051, 0.0690881982446, 0.0506008304656, 0.0552803836763, 0.0478089377284],
        "cov": [[0.136992529035, 0.0137098608539, 0.00908669922501, 0.0212489888072, 0.0260012708604, 0.0181130524725], [0.0137098608539, 0.0865177512169, 0.0143547402695, 0.0108432741836, 0.0231308136135, 0.0136870397255], [0.00908669922501, 0.0143547402695, 0.069623760879, 0.00617733271793, 0.0223512910306, 0.0109219904989], [0.0212489888072, 0.0108432741836, 0.00617733271793, 0.0509930849075, 0.0240132976323, 0.0142201660201], [0.0260012708604, 0.0231308136135, 0.0223512910306, 0.0240132976323, 0.0557089149952, 0.032729383558], [0.0181130524725, 0.0136870397255, 0.0109219904989, 0.0142201660201, 0.032729383558, 0.0481795482337]]
    }
},
"rhythm": {
    "beats_loudness": {
        "kurt": -0.706976652145,
        "max": 7.36297370167e-05,
        "mean": 2.94563396892e-05,
        "median": 1.62322266988e-05,
        "min": 1.1731174709e-05,
        "skew": 1.10711956024,
        "var": 6.59787724455e-10
    },
    "bpm": 93.9630737305,
    "confidence": 0,
    "first_peak_bpm": {
        "kurt": 0,
        "max": 94,
        "mean": 94,
        "median": 94,
        "min": 94,
        "skew": 0,
        "var": 0
    },
    "first_peak_spread": {
        "kurt": 0,
        "max": 0,
        "mean": 0,
        "median": 0,
        "min": 0,
        "skew": 0,
        "var": 0
    },
    "first_peak_weight": {
        "kurt": 0,
        "max": 1,
        "mean": 1,
        "median": 1,
        "min": 1,
        "skew": 0,
        "var": 0
    },
    "onset_rate": 0.668916583061,
    "second_peak_bpm": {
        "kurt": 0,
        "max": 0,
        "mean": 0,
        "median": 0,
        "min": 0,
        "skew": 0,
        "var": 0
    },
    "second_peak_spread": {
        "kurt": 0,
        "max": 0,
        "mean": 0,
        "median": 0,
        "min": 0,
        "skew": 0,
        "var": 0
    },
    "second_peak_weight": {
        "kurt": 0,
        "max": 0,
        "mean": 0,
        "median": 0,
        "min": 0,
        "skew": 0,
        "var": 0
    },
    "beats_loudness_band_ratio": {
        "kurt": [-0.709280490875, -1.82886731625, -1.34031295776, -1.02423095703, -1.71881234646, -1.09652388096],
        "max": [0.152165055275, 0.240236610174, 0.344637870789, 0.393026083708, 0.2519133389, 0.0843808725476],
        "mean": [0.11053159833, 0.181258797646, 0.250844836235, 0.273018628359, 0.177931278944, 0.0493057817221],
        "median": [0.137921318412, 0.185289591551, 0.236313462257, 0.250065028667, 0.170135900378, 0.049023590982],
        "min": [0.0141187142581, 0.114219382405, 0.186114579439, 0.198918402195, 0.119539961219, 0.0147950630635],
        "skew": [-1.10046696663, -0.0869269892573, 0.471487849951, 0.735155284405, 0.190612286329, 0.0322873219848],
        "var": [0.00314842700027, 0.00287701608613, 0.00387983373366, 0.00554187037051, 0.00306105893105, 0.000620756181888],
        "cov": [[0.00419790251181, 0.00316766207106, -0.00375184137374, -0.00521066598594, -0.00184751476627, 0.00137173291296], [0.00316766207106, 0.00383602152579, -0.00192962761503, -0.0031796277035, -0.00349537748843, 0.000294924131595], [-0.00375184137374, -0.00192962761503, 0.0051731118001, 0.00430952617899, -0.000178166505066, -0.00171284389216], [-0.00521066598594, -0.0031796277035, 0.00430952617899, 0.00738916033879, 0.00153693463653, -0.00207131518982], [-0.00184751476627, -0.00349537748843, -0.000178166505066, 0.00153693463653, 0.00408141175285, 0.000482520903461], [0.00137173291296, 0.000294924131595, -0.00171284389216, -0.00207131518982, 0.000482520903461, 0.000827674928587]]
    },
    "beats_position": [0.626938760281, 1.26548755169, 1.90403628349, 2.54258489609],
    "bpm_estimates": [93.9630661011, 93.9630737305, 93.9630889893],
    "bpm_intervals": [0.638548791409, 0.638548731804, 0.638548612595],
    "onset_times": [0.0116099771112, 0.336689352989],
    "histogram": [[0, 0, 0, 0, 0, 0, 0, 0, 0, 0, 0, 0, 0, 0, 0, 0, 0, 0, 0, 0, 0, 0, 0, 0, 0, 0, 0, 0, 0, 0, 0, 0, 0, 0, 0, 0, 0, 0, 0, 0, 0, 0, 0, 0, 0, 0, 0, 0, 0, 0, 0, 0, 0, 0, 0, 0, 0, 0, 0, 0, 0, 0, 0, 0, 0, 0, 0, 0, 0, 0, 0, 0, 0, 0, 0, 0, 0, 0, 0, 0, 0, 0, 0, 0, 0, 0, 0, 0, 0, 0, 0, 0, 0, 0, 1, 0, 0, 0, 0, 0, 0, 0, 0, 0, 0, 0, 0, 0, 0, 0, 0, 0, 0, 0, 0, 0, 0, 0, 0, 0, 0, 0, 0, 0, 0, 0, 0, 0, 0, 0, 0, 0, 0, 0, 0, 0, 0, 0, 0, 0, 0, 0, 0, 0, 0, 0, 0, 0, 0, 0, 0, 0, 0, 0, 0, 0, 0, 0, 0, 0, 0, 0, 0, 0, 0, 0, 0, 0, 0, 0, 0, 0, 0, 0, 0, 0, 0, 0, 0, 0, 0, 0, 0, 0, 0, 0, 0, 0, 0, 0, 0, 0, 0, 0, 0, 0, 0, 0, 0, 0, 0, 0, 0, 0, 0, 0, 0, 0, 0, 0, 0, 0, 0, 0, 0, 0, 0, 0, 0, 0, 0, 0, 0, 0, 0, 0, 0, 0, 0, 0, 0, 0, 0, 0, 0, 0, 0, 0, 0, 0, 0, 0, 0, 0, 0, 0, 0, 0, 0, 0]]
},
"sfx": {
    "inharmonicity": {
        "kurt": -0.773583650589,
        "max": 0.297826826572,
        "mean": 0.112913921475,
        "median": 0.101598009467,
        "min": 0.00360459531657,
        "skew": 0.465059876442,
        "var": 0.00617486890405
    },
    "oddtoevenharmonicenergyratio": {
        "kurt": 24.2504043579,
        "max": 13.2041072845,
        "mean": 1.27878904343,
        "median": 0.863338589668,
        "min": 0.0514999702573,
        "skew": 4.18292808533,
        "var": 2.53668737411
    },
    "pitch_after_max_to_before_max_energy_ratio": 0.132425129414,
    "pitch_centroid": 62.3908882141,
    "pitch_max_to_total": 0.899999976158,
    "pitch_min_to_total": 0.607692301273,
    "tristimulus": {
        "kurt": [0.128910064697, 0.559065818787, 0.111361980438],
        "max": [0.406222969294, 0.723424434662, 0.847143292427],
        "mean": [0.181689143181, 0.369854092598, 0.448456794024],
        "median": [0.190679222345, 0.365546554327, 0.442152321339],
        "min": [0, 0.0936723053455, 0.0689220651984],
        "skew": [-0.337955236435, 0.514658331871, 0.0119693921879],
        "var": [0.00716734165326, 0.0132968937978, 0.01969358325],
        "cov": [[0.00722290249541, -0.000388310756534, -0.00683458987623], [-0.000388310756534, 0.0133999707177, -0.0130116557702], [-0.00683458987623, -0.0130116557702, 0.0198462475091]]
    }
},
"tonal": {
    "chords_changes_rate": 0.0151515156031,
    "chords_number_rate": 0.0303030312061,
    "chords_strength": {
        "kurt": -0.328106403351,
        "max": 0.562483072281,
        "mean": 0.486399114132,
        "median": 0.489713191986,
        "min": 0.410753875971,
        "skew": -0.045649304986,
        "var": 0.00103776843753
    },
    "key_strength": 0.61980265379,
    "tuning_diatonic_strength": 0.475499778986,
    "tuning_equal_tempered_deviation": 0.252868890762,
    "tuning_frequency": 438.477722168,
    "tuning_nontempered_energy_ratio": 0.877046227455,
    "hpcp": {
        "kurt": [0.520620584488, -0.609673261642, -0.638854503632, 0.646052122116, 2.51488780975, 2.99819612503, 1.60492229462, 3.16792631149, 0.690209388733, -0.286788702011, -0.860918998718, 0.0956575870514, 0.603910923004, 0.163533449173, -0.415129423141, 0.495673418045, 1.13374090195, 2.33880281448, 2.07296276093, -0.255287408829, -0.202280759811, 0.844753742218, 0.633144855499, 2.47711277008, 4.82593107224, 3.44048213959, 1.55038690567, 1.60465717316, 0.940244436264, 0.162033319473, 1.19797372818, 0.733924150467, -1.08602929115, -0.97043967247, 1.08400774002, 1.79232978821],
        "max": [1, 0.962347567081, 1, 1, 0.889324426651, 0.803379416466, 0.757558643818, 0.988568663597, 1, 1, 1, 1, 1, 1, 1, 1, 1, 1, 1, 1, 1, 0.805313885212, 0.580229580402, 0.791245162487, 1, 1, 0.847072482109, 0.79724085331, 0.827972888947, 0.863952457905, 1, 1, 1, 1, 1, 0.913973331451],
        "mean": [0.254523456097, 0.306822299957, 0.351256132126, 0.289597511292, 0.217331618071, 0.18916669488, 0.193285763264, 0.226557478309, 0.299428313971, 0.368385046721, 0.357362896204, 0.30472356081, 0.281052976847, 0.314993858337, 0.349683523178, 0.320403426886, 0.280639111996, 0.254903316498, 0.272643893957, 0.332572460175, 0.302557975054, 0.205029651523, 0.1674669981, 0.173134103417, 0.195967704058, 0.210748523474, 0.205580592155, 0.189667746425, 0.210085391998, 0.248972341418, 0.24654532969, 0.312196314335, 0.49246263504, 0.506732046604, 0.314955204725, 0.238223254681],
        "median": [0.178035989404, 0.24609413743, 0.262148499489, 0.21848025918, 0.169671326876, 0.162625566125, 0.188062936068, 0.22752726078, 0.225787997246, 0.333883494139, 0.295854300261, 0.185913026333, 0.223636597395, 0.273410558701, 0.305627584457, 0.274372339249, 0.251391619444, 0.179168626666, 0.212634116411, 0.23553648591, 0.21854005754, 0.132626116276, 0.13445854187, 0.13070333004, 0.145798563957, 0.152293235064, 0.12252035737, 0.136314988136, 0.176602333784, 0.2034984231, 0.211293011904, 0.275659441948, 0.435480564833, 0.413603454828, 0.275297045708, 0.220114409924],
