{
"metadata": {
    "version": {
        "essentia": "2.1-beta3"
    }
},
"lowLevel": {
    "average_loudness": 0.975443840027,
    "barkbands_kurtosis": {
        "kurt": 4.16678524017,
        "max": 7.19057559967,
        "mean": 0.47458088398,
        "median": 0.115126013756,
        "min": -1.44652760029,
        "skew": 1.55608057976,
        "var": 2.16934943199
    },
    "barkbands_skewness": {
        "kurt": -1.21578836441,
        "max": 2.71883153915,
        "mean": 0.360220760107,
        "median": 0.508098483086,
        "min": -1.61664378643,
        "skew": 0.0131758311763,
        "var": 1.1245816946
    },
    "barkbands_spread": {
        "kurt": -0.793607711792,
        "max": 32.5411911011,
        "mean": 19.3221645355,
        "median": 20.1194725037,
        "min": 7.01273488998,
        "skew": 0.0348899178207,
        "var": 39.9080543518
    },
    "dissonance": {
        "kurt": 1.11013317108,
        "max": 0.496281862259,
        "mean": 0.462016671896,
        "median": 0.466361522675,
        "min": 0.369848817587,
        "skew": -1.12958145142,
        "var": 0.000692470523063
    },
    "hfc": {
        "kurt": 0.966764688492,
        "max": 5.58969974518,
        "mean": 1.00424551964,
        "median": 0.0391493663192,
        "min": 0.005908947438,
        "skew": 1.41273152828,
        "var": 2.17404222488
    },
    "pitch": {
        "kurt": -1.81702792645,
        "max": 521.259094238,
        "mean": 347.306060791,
        "median": 499.196990967,
        "min": 103.227020264,
        "skew": -0.21246317029,
        "var": 27496.2910156
    },
    "pitch_instantaneous_confidence": {
        "kurt": -1.85577178001,
        "max": 0.980694949627,
        "mean": 0.576575517654,
        "median": 0.454219311476,
        "min": 0.143198728561,
        "skew": 0.0696527659893,
        "var": 0.118849240243
    },
    "pitch_salience": {
        "kurt": -0.602545022964,
        "max": 0.798495292664,
        "mean": 0.620913028717,
        "median": 0.624739646912,
        "min": 0.450344324112,
        "skew": -0.0233267303556,
        "var": 0.00560632254928
    },
    "silence_rate_20dB": {
        "kurt": 0,
        "max": 1,
        "mean": 1,
        "median": 1,
        "min": 1,
        "skew": 0,
        "var": 0
    },
    "silence_rate_30dB": {
        "kurt": 0,
        "max": 1,
        "mean": 1,
        "median": 1,
        "min": 1,
        "skew": 0,
        "var": 0
    },
    "silence_rate_60dB": {
        "kurt": 0,
        "max": 1,
        "mean": 1,
        "median": 1,
        "min": 1,
        "skew": 0,
        "var": 0
    },
    "spectral_centroid": {
        "kurt": -1.50311720371,
        "max": 2176.68896484,
        "mean": 1225.42834473,
        "median": 1136.58886719,
        "min": 347.271148682,
        "skew": 0.215434759855,
        "var": 318216.875
    },
    "spectral_complexity": {
        "kurt": -1.1547344923,
        "max": 7,
        "mean": 1.71296298504,
        "median": 0,
        "min": 0,
        "skew": 0.734709382057,
        "var": 4.92686891556
    },
    "spectral_crest": {
        "kurt": -0.120247602463,
        "max": 16.1707439423,
        "mean": 8.63796806335,
        "median": 8.63972091675,
        "min": 3.14516115189,
        "skew": 0.206422001123,
        "var": 6.5230550766
    },
    "spectral_decrease": {
        "kurt": 0.507777929306,
        "max": -2.5032374177e-12,
        "mean": -1.19008483623e-10,
        "median": -1.25454230337e-11,
        "min": -6.08968986349e-10,
        "skew": -1.28561902046,
        "var": 2.61547562665e-20
    },
    "spectral_energy": {
        "kurt": 0.576732397079,
        "max": 0.00280538969673,
        "mean": 0.000540253007784,
        "median": 5.15684660058e-05,
        "min": 9.9836533991e-06,
        "skew": 1.30472624302,
        "var": 5.5263711829e-07
    },
    "spectral_energyband_high": {
        "kurt": 2.38144826889,
        "max": 0.000125890161144,
        "mean": 1.8142765839e-05,
        "median": 1.02324929685e-06,
        "min": 7.50085291656e-08,
        "skew": 1.7216643095,
        "var": 8.22002632628e-10
    },
    "spectral_energyband_low": {
        "kurt": 0.0881476402283,
        "max": 3.48538378603e-05,
        "mean": 1.06917186713e-05,
        "median": 8.7100561359e-06,
        "min": 6.47642366403e-07,
        "skew": 0.784609377384,
        "var": 5.46005324287e-11
    },
    "spectral_energyband_middle_high": {
        "kurt": 1.5504655838,
        "max": 0.00272935908288,
        "mean": 0.000452970940387,
        "median": 1.578948104e-05,
        "min": 1.54377562467e-06,
        "skew": 1.54760813713,
        "var": 4.62289563075e-07
    },
    "spectral_energyband_middle_low": {
        "kurt": 5.9809923172,
        "max": 0.000466855184641,
        "mean": 6.51573864161e-05,
        "median": 2.1818183086e-05,
        "min": 7.04672538632e-06,
        "skew": 2.39158630371,
        "var": 8.20362444642e-09
    },
    "spectral_flatness_db": {
        "kurt": -1.0702290535,
        "max": 0.304284870625,
        "mean": 0.19330085814,
        "median": 0.17620319128,
        "min": 0.125396937132,
        "skew": 0.456041425467,
        "var": 0.00202434626408
    },
    "spectral_flux": {
        "kurt": 3.39029169083,
        "max": 0.0316282920539,
        "mean": 0.00708448654041,
        "median": 0.00408903090283,
        "min": 0.00245057698339,
        "skew": 1.65021908283,
        "var": 2.82376749965e-05
    },
    "spectral_kurtosis": {
        "kurt": 5.54557514191,
        "max": 19.9159622192,
        "mean": 7.72298288345,
        "median": 7.02660083771,
        "min": 4.03664112091,
        "skew": 1.96547329426,
        "var": 6.19466495514
    },
    "spectral_rms": {
        "kurt": -0.902935266495,
        "max": 0.00165437767282,
        "mean": 0.000545465154573,
        "median": 0.000224299525144,
        "min": 9.86921950243e-05,
        "skew": 0.812729537487,
        "var": 2.29543843488e-07
    },
    "spectral_rolloff": {
        "kurt": -1.13245487213,
        "max": 3143.84765625,
        "mean": 1993.61584473,
        "median": 2260.98632812,
        "min": 344.53125,
        "skew": -0.383255034685,
        "var": 537138.6875
    },
    "spectral_skewness": {
        "kurt": 8.39438438416,
        "max": 3.46988248825,
        "mean": 1.90722799301,
        "median": 1.89807724953,
        "min": 1.3474714756,
        "skew": 2.00883936882,
        "var": 0.0805308520794
    },
    "spectral_spread": {
        "kurt": 2.19319820404,
        "max": 4932112.5,
        "mean": 3081909.25,
        "median": 3125972.5,
        "min": 2146921.5,
        "skew": 0.406468570232,
        "var": 172925370368
    },
    "spectral_strongpeak": {
        "kurt": -0.0373725891113,
        "max": 3.38901329041,
        "mean": 0.690270721912,
        "median": 0.0347684621811,
        "min": 0.0022219507955,
        "skew": 1.18965613842,
        "var": 0.949355244637
    },
    "zerocrossingrate": {
        "kurt": -1.0559412241,
        "max": 0.11376953125,
        "mean": 0.070384837687,
        "median": 0.068603515625,
        "min": 0.0234375,
        "skew": 0.209651559591,
        "var": 0.000517627922818
    },
    "barkbands": {
        "kurt": [5.61575222015, 2.26223802567, 0.192027807236, -0.151490449905, 3.25642776489, 3.53842735291, 6.70798492432, 6.12226486206, 0.435211896896, 24.1254653931, 0.881816625595, 0.515748500824, 28.6517829895, 3.82954692841, 6.98163032532, 15.975610733, 1.57699012756, 3.38326740265, 1.55955410004, 5.82162284851, 0.860062360764, 0.374259710312, 2.99956941605, 3.10383415222, 3.47991466522, 7.37781333923, 17.7438278198],
        "max": [3.41479164945e-08, 1.81852453807e-06, 2.46447871177e-05, 1.68031037902e-05, 1.63337972481e-05, 7.19035961083e-06, 0.000284079433186, 0.000202990180696, 3.29479325956e-06, 8.72788950801e-06, 0.000470610306365, 1.59273577083e-06, 2.5820445444e-05, 0.000952651374973, 1.13329151645e-05, 0.000126445360365, 0.00119265774265, 0.000306902715238, 1.58735438163e-05, 0.000110099579615, 3.09298011416e-05, 5.00551914229e-06, 5.08481161887e-06, 2.84398879558e-07, 8.27388646485e-08, 2.29459518053e-09, 2.12026687874e-10],
        "mean": [5.25437515719e-09, 4.55197806559e-07, 6.80134053255e-06, 5.31730483999e-06, 4.20820060754e-06, 1.83612723959e-06, 3.01840154862e-05, 2.21729660552e-05, 1.20062895803e-06, 1.16848173093e-06, 8.61511289258e-05, 7.11268910436e-07, 1.69029294739e-06, 0.000121234203107, 1.49138350025e-06, 9.35224397836e-06, 0.000182903444511, 4.1410276026e-05, 3.05377511722e-06, 1.20306740428e-05, 5.24236156707e-06, 9.42950066474e-07, 6.40296320853e-07, 3.95473236381e-08, 1.03238626536e-08, 2.68456729069e-10, 1.54727602258e-11],
        "median": [3.16346282503e-09, 3.4155340245e-07, 5.20188814335e-06, 4.626070222e-06, 3.61190564035e-06, 1.56373698701e-06, 2.77447725239e-06, 2.75004504147e-06, 1.00961210592e-06, 9.2865576562e-07, 2.48669152825e-06, 6.30778856703e-07, 5.90247168475e-07, 1.74785645868e-06, 5.02443981532e-07, 1.02809929103e-06, 1.07117341486e-06, 1.69006170836e-06, 1.08967037704e-06, 9.04629814613e-07, 2.60767308191e-07, 4.30496882586e-08, 1.25843193644e-08, 1.44338230257e-09, 8.25138457561e-10, 6.5385752368e-11, 3.49197125209e-12],
        "min": [6.73222033676e-11, 3.84505618456e-08, 9.48140055357e-08, 3.32812192028e-07, 3.86788144624e-07, 2.02007740313e-07, 3.24130809304e-07, 2.9506858823e-07, 1.16108438419e-07, 2.25038817803e-07, 1.21515768114e-07, 1.21724383462e-07, 1.3263661458e-07, 9.67341478031e-08, 4.34521005843e-08, 4.14317824493e-08, 4.92182472556e-08, 1.70828684531e-07, 2.40738245338e-07, 6.95485269375e-08, 4.21058281574e-08, 8.84129303103e-09, 2.28572272221e-09, 3.38286759716e-10, 2.28834617921e-10, 2.47081730076e-11, 1.07826573191e-12],
        "skew": [1.97338235378, 1.56893074512, 0.885412275791, 0.644882202148, 1.53799438477, 1.71451246738, 2.48810100555, 2.4408724308, 0.952892839909, 4.12468576431, 1.422935009, 0.967250347137, 5.12090349197, 2.02617573738, 2.56359958649, 3.65034604073, 1.56185114384, 2.05549740791, 1.56588280201, 2.36339521408, 1.46101140976, 1.34793555737, 2.07051706314, 2.08257985115, 1.74651312828, 2.56609082222, 3.87666940689],
        "var": [3.11597447824e-17, 1.40327690874e-13, 3.13332484958e-11, 1.19620693559e-11, 7.49748700624e-12, 1.68405469691e-12, 2.83398216006e-09, 1.50940282495e-09, 4.65213425508e-13, 1.09110268563e-12, 1.71331731025e-08, 1.124515452e-13, 1.27953134199e-11, 4.05676523485e-08, 4.49388399756e-12, 3.70844854825e-10, 8.45166567842e-08, 5.40319211595e-09, 1.30453972277e-11, 4.39321967693e-10, 6.74359595942e-11, 2.05357866129e-12, 1.60265160518e-12, 5.67282189918e-15, 2.35993967017e-16, 1.57778549689e-19, 9.53276077637e-22],
        "cov": [[3.14509553714e-17, 3.09696341931e-16, 6.82596323621e-16, 1.07667734354e-16, 1.60797441866e-15, -1.1133698579e-15, -6.36994695543e-15, -1.12806314786e-14, -3.85037752067e-16, -5.21906761989e-16, -5.85333309057e-14, -4.30243318127e-16, -7.05595862178e-16, -1.03424037455e-13, -9.21493707823e-16, -4.32569731174e-15, -1.67073996239e-13, -8.77785494844e-15, -9.23281264979e-16, -1.31855899422e-14, -7.20252189731e-15, -2.47311650681e-16, -4.37054415935e-16, -4.33595834827e-17, -1.13472024316e-17, -2.42438417432e-19, 8.87018809597e-21], [3.09696341931e-16, 1.41639168926e-13, 2.99036342292e-14, -9.69991841297e-14, 5.32405845485e-14, -3.33427878948e-14, -2.2480194789e-12, -1.97887951685e-12, -2.47864693316e-14, 3.94633564921e-14, -1.2523373831e-11, 1.84533581449e-14, -1.98504298936e-13, -1.33970577687e-11, -9.3990238498e-14, -9.8931821936e-13, -1.91434680608e-11, -4.1866683731e-12, -2.22825379567e-13, -1.51566346279e-12, -7.64444497287e-13, -7.56898002933e-14, -8.88633649087e-14, -4.49487350823e-15, -5.91727740771e-16, -1.41259568808e-17, -1.25864771358e-19], [6.82596323621e-16, 2.99036342292e-14, 3.16260836963e-11, 7.73548499561e-12, -3.66923532573e-13, -1.0132223836e-12, -2.4882543942e-11, -8.22776829307e-12, -1.0132500172e-13, -6.26581523212e-13, 1.74736586311e-10, -1.65724801503e-13, -4.07436481472e-13, 3.4753799838e-10, -8.5625327358e-13, 6.12402012781e-12, 3.49580642212e-10, 8.8720066016e-11, 1.16371875244e-12, 1.43334242045e-11, 1.41575362544e-11, 1.39479541198e-12, 1.51788217412e-12, 1.08919654979e-13, 7.57110743728e-15, 2.83066208404e-16, -1.47702677123e-17], [1.07667734354e-16, -9.69991841297e-14, 7.73548499561e-12, 1.20738644777e-11, -2.57946658824e-13, -9.61008941695e-13, 1.05613391296e-11, 9.5337245043e-12, 6.83726079226e-14, -2.10469242403e-13, 3.516095054e-11, -1.1983834335e-13, 4.43155305204e-13, 5.54051145241e-11, -9.62180435695e-14, 2.21342800859e-12, 6.03346539396e-11, 1.60297660562e-11, 1.47547696717e-12, 9.78811389579e-12, 4.86344861952e-12, 3.26770349061e-13, 3.17090321014e-13, 8.09248840356e-15, 4.5488815995e-15, 9.00202528842e-17, 1.65786278404e-18], [1.60797441866e-15, 5.32405845485e-14, -3.66923532573e-13, -2.57946658824e-13, 7.56755682424e-12, 5.83894965798e-13, -3.85978020379e-11, -2.80120562163e-11, -1.2370075938e-13, -4.75111107141e-13, -5.53829759831e-11, -9.60744342155e-14, -1.17356113976e-12, -6.68240254798e-11, -1.1838208365e-12, -1.14027641496e-11, -1.84326109931e-10, -2.20139843854e-11, -9.85982996637e-13, -1.0158784404e-11, -3.04414479735e-12, -5.10067628325e-13, 1.47559766597e-13, -1.65045098221e-14, -7.51493136518e-15, -1.19970901148e-16, -2.67825593388e-18], [-1.1133698579e-15, -3.33427878948e-14, -1.0132223836e-12, -9.61008941695e-13, 5.83894965798e-13, 1.69979351775e-12, -2.92457095867e-12, -4.73373900842e-12, 3.51228818436e-14, 3.43698078895e-13, -8.78899210355e-12, 3.75249724143e-14, 1.24928485525e-12, 1.47985649342e-12, 4.23814466594e-13, -2.70326664699e-12, -1.33593717686e-11, -1.98950922468e-13, 1.29508328974e-13, -1.22683045058e-15, -8.24924113393e-13, -4.78711342756e-14, 2.37975007674e-14, 6.36244351407e-15, -9.40559043037e-16, 4.0933595095e-17, -2.7853761334e-19], [-6.36994695543e-15, -2.2480194789e-12, -2.4882543942e-11, 1.05613391296e-11, -3.85978020379e-11, -2.92457095867e-12, 2.86046786258e-09, 1.99562300018e-09, -1.44436795423e-12, 1.80143608364e-11, 3.21534177061e-09, -1.75515873536e-12, 5.90751475515e-11, 3.03166580728e-09, 5.20764126266e-11, 6.52950915558e-10, 7.3269750267e-09, 1.35766264897e-09, 1.07771229441e-10, 4.2743850126e-10, 1.56037502363e-10, 2.98093355555e-11, 1.64656083906e-11, 9.87139840355e-13, 4.67676353373e-13, 1.0466961465e-14, 5.00143520959e-16], [-1.12806314786e-14, -1.97887951685e-12, -8.22776829307e-12, 9.5337245043e-12, -2.80120562163e-11, -4.73373900842e-12, 1.99562300018e-09, 1.5235093187e-09, -7.75752238055e-13, 9.6697294269e-12, 2.42975684017e-09, -1.6700267471e-12, 2.65669309468e-11, 2.14767092999e-09, 3.44981959666e-11, 5.39156996826e-10, 5.40175859598e-09, 9.38122357574e-10, 7.85061668451e-11, 3.54357626575e-10, 1.34681737984e-10, 2.26828313077e-11, 1.29417891334e-11, 8.01544703007e-13, 3.23486002525e-13, 7.19478425134e-15, 3.63888848151e-16], [-3.85037752067e-16, -2.47864693316e-14, -1.0132500172e-13, 6.83726079226e-14, -1.2370075938e-13, 3.51228818436e-14, -1.44436795423e-12, -7.75752238055e-13, 4.6956118464e-13, -5.84604250859e-14, 1.21456165438e-12, 8.52674610199e-15, -2.47683899215e-13, 1.79731229899e-12, 1.30480004514e-13, 2.22469964542e-13, -6.60558543628e-12, -3.93006807653e-12, 1.06773754606e-13, 1.70974790315e-12, 2.45611690708e-13, -5.44778811499e-15, 1.10627635931e-14, 1.56977439741e-16, -3.93720236823e-17, 1.34064708413e-18, -2.50047145239e-18], [-5.21906761989e-16, 3.94633564921e-14, -6.26581523212e-13, -2.10469242403e-13, -4.75111107141e-13, 3.43698078895e-13, 1.80143608364e-11, 9.6697294269e-12, -5.84604250859e-14, 1.10129982391e-12, 1.55321016465e-11, -1.90673667697e-16, 2.25565941793e-12, 1.33857508411e-11, 1.23916263535e-12, 2.15258800368e-12, 4.01543416573e-11, 3.57433613957e-12, 5.37744382443e-13, 2.34461819941e-14, 1.55579935328e-13, 8.57988200344e-14, 1.16623638169e-14, 2.95478443925e-15, 2.34278894705e-15, 6.25014362123e-17, 4.54692745478e-18], [-5.85333309057e-14, -1.2523373831e-11, 1.74736586311e-10, 3.516095054e-11, -5.53829759831e-11, -8.78899210355e-12, 3.21534177061e-09, 2.42975684017e-09, 1.21456165438e-12, 1.55321016465e-11, 1.72932956843e-08, -2.53097564608e-12, 1.1841906622e-10, 2.34281802847e-08, 8.04026220602e-11, 1.07191888699e-09, 3.37572991782e-08, 8.11260214562e-09, 2.77181166908e-10, 1.74463388181e-09, 9.56919987694e-10, 1.47118123239e-10, 1.23963450616e-10, 7.50261918564e-12, 1.56959959353e-12, 2.8969089226e-14, 1.58606284099e-15], [-4.30243318127e-16, 1.84533581449e-14, -1.65724801503e-13, -1.1983834335e-13, -9.60744342155e-14, 3.75249724143e-14, -1.75515873536e-12, -1.6700267471e-12, 8.52674610199e-15, -1.90673667697e-16, -2.53097564608e-12, 1.13502496247e-13, -9.0129938357e-15, 7.75719386729e-13, 7.03781718775e-15, -8.12105265847e-13, -1.11460580349e-12, -6.47950876981e-13, -1.26399650295e-13, -8.65383394284e-13, -3.67531038156e-13, -1.67003201226e-14, -4.30071322793e-14, -1.619953688e-16, -1.54934621265e-16, -3.26358940804e-18, -1.66760810903e-18], [-7.05595862178e-16, -1.98504298936e-13, -4.07436481472e-13, 4.43155305204e-13, -1.17356113976e-12, 1.24928485525e-12, 5.90751475515e-11, 2.65669309468e-11, -2.47683899215e-13, 2.25565941793e-12, 1.1841906622e-10, -9.0129938357e-15, 1.29148957154e-11, 1.86093779275e-10, 4.54682775805e-12, 2.00642388988e-12, 1.92519375442e-10, 4.77040247582e-11, 2.67633571555e-12, 6.15612292046e-12, 3.83442713345e-12, 8.51852009071e-13, 6.06701483757e-13, 3.85419167827e-14, 8.21232069571e-15, 2.89639131135e-16, 5.29916757179e-18], [-1.03424037455e-13, -1.33970577687e-11, 3.4753799838e-10, 5.54051145241e-11, -6.68240254798e-11, 1.47985649342e-12, 3.03166580728e-09, 2.14767092999e-09, 1.79731229899e-12, 1.33857508411e-11, 2.34281802847e-08, 7.75719386729e-13, 1.86093779275e-10, 4.09467908469e-08, 9.50796733012e-11, 1.03452391098e-09, 5.05053669997e-08, 1.32699780053e-08, 3.90595528144e-10, 2.23804863531e-09, 1.34759103876e-09, 2.26178784035e-10, 1.99703309445e-10, 1.27598409269e-11, 2.21185916804e-12, 4.78562671533e-14, 2.03089553401e-15], [-9.21493707823e-16, -9.3990238498e-14, -8.5625327358e-13, -9.62180435695e-14, -1.1838208365e-12, 4.23814466594e-13, 5.20764126266e-11, 3.44981959666e-11, 1.30480004514e-13, 1.23916263535e-12, 8.04026220602e-11, 7.03781718775e-15, 4.54682775805e-12, 9.50796733012e-11, 4.53588295396e-12, 2.17513628636e-11, 1.90212040563e-10, 3.45003400848e-11, 2.60696238902e-12, 8.18366208133e-12, 3.27985165069e-12, 9.0279606707e-13, 3.27250677728e-13, 2.23418746475e-14, 1.06183135472e-14, 2.10966234538e-16, 1.51826933483e-17], [-4.32569731174e-15, -9.8931821936e-13, 6.12402012781e-12, 2.21342800859e-12, -1.14027641496e-11, -2.70326664699e-12, 6.52950915558e-10, 5.39156996826e-10, 2.22469964542e-13, 2.15258800368e-12, 1.07191888699e-09, -8.12105265847e-13, 2.00642388988e-12, 1.03452391098e-09, 2.17513628636e-11, 3.74310693552e-10, 2.37732966646e-09, 4.27253898927e-10, 1.6856866597e-11, 1.27811275452e-10, 5.72811242883e-11, 8.95739385443e-12, 4.02850192441e-12, 1.99900778439e-13, 1.17425803781e-13, 1.07032586699e-15, 1.39519945114e-16], [-1.67073996239e-13, -1.91434680608e-11, 3.49580642212e-10, 6.03346539396e-11, -1.84326109931e-10, -1.33593717686e-11, 7.3269750267e-09, 5.40175859598e-09, -6.60558543628e-12, 4.01543416573e-11, 3.37572991782e-08, -1.11460580349e-12, 1.92519375442e-10, 5.05053669997e-08, 1.90212040563e-10, 2.37732966646e-09, 8.53065316164e-08, 1.85134361175e-08, 7.14785897138e-10, 3.89693388669e-09, 1.9785484362e-09, 3.57407353713e-10, 2.67887101391e-10, 1.83886048749e-11, 3.51815169879e-12, 8.22681563172e-14, 3.57064240168e-15], [-8.77785494844e-15, -4.1866683731e-12, 8.8720066016e-11, 1.60297660562e-11, -2.20139843854e-11, -1.98950922468e-13, 1.35766264897e-09, 9.38122357574e-10, -3.93006807653e-12, 3.57433613957e-12, 8.11260214562e-09, -6.47950876981e-13, 4.77040247582e-11, 1.32699780053e-08, 3.45003400848e-11, 4.27253898927e-10, 1.85134361175e-08, 5.4536895e-09, 1.65885929992e-10, 7.48730966116e-10, 4.4609629879e-10, 8.96690083296e-11, 7.59987073273e-11, 4.72648439484e-12, 8.06013946992e-13, 1.95026083499e-14, 9.17826796316e-16], [-9.23281264979e-16, -2.22825379567e-13, 1.16371875244e-12, 1.47547696717e-12, -9.85982996637e-13, 1.29508328974e-13, 1.07771229441e-10, 7.85061668451e-11, 1.06773754606e-13, 5.37744382443e-13, 2.77181166908e-10, -1.26399650295e-13, 2.67633571555e-12, 3.90595528144e-10, 2.60696238902e-12, 1.6856866597e-11, 7.14785897138e-10, 1.65885929992e-10, 1.31673170631e-11, 4.16076617604e-11, 1.93657659353e-11, 4.12078357548e-12, 2.95363625051e-12, 1.74735646417e-13, 3.96949048067e-14, 1.20305021235e-15, 4.62463213978e-17], [-1.31855899422e-14, -1.51566346279e-12, 1.43334242045e-11, 9.78811389579e-12, -1.0158784404e-11, -1.22683045058e-15, 4.2743850126e-10, 3.54357626575e-10, 1.70974790315e-12, 2.34461819941e-14, 1.74463388181e-09, -8.65383394284e-13, 6.15612292046e-12, 2.23804863531e-09, 8.18366208133e-12, 1.27811275452e-10, 3.89693388669e-09, 7.48730966116e-10, 4.16076617604e-11, 4.43427766728e-10, 1.28361557494e-10, 2.10686780522e-11, 1.53728592356e-11, 9.39564506926e-13, 2.12472983543e-13, 4.74115214929e-15, 2.39891218547e-16], [-7.20252189731e-15, -7.64444497287e-13, 1.41575362544e-11, 4.86344861952e-12, -3.04414479735e-12, -8.24924113393e-13, 1.56037502363e-10, 1.34681737984e-10, 2.45611690708e-13, 1.55579935328e-13, 9.56919987694e-10, -3.67531038156e-13, 3.83442713345e-12, 1.34759103876e-09, 3.27985165069e-12, 5.72811242883e-11, 1.9785484362e-09, 4.4609629879e-10, 1.93657659353e-11, 1.28361557494e-10, 6.80662054497e-11, 9.59551275242e-12, 8.55387809195e-12, 4.79375979016e-13, 9.47125543141e-14, 2.00555866097e-15, 8.61823399828e-17], [-2.47311650681e-16, -7.56898002933e-14, 1.39479541198e-12, 3.26770349061e-13, -5.10067628325e-13, -4.78711342756e-14, 2.98093355555e-11, 2.26828313077e-11, -5.44778811499e-15, 8.57988200344e-14, 1.47118123239e-10, -1.67003201226e-14, 8.51852009071e-13, 2.26178784035e-10, 9.0279606707e-13, 8.95739385443e-12, 3.57407353713e-10, 8.96690083296e-11, 4.12078357548e-12, 2.10686780522e-11, 9.59551275242e-12, 2.0727709913e-12, 1.56424005693e-12, 9.27523642201e-14, 1.67764836311e-14, 4.4104462933e-16, 2.00111417984e-17], [-4.37054415935e-16, -8.88633649087e-14, 1.51788217412e-12, 3.17090321014e-13, 1.47559766597e-13, 2.37975007674e-14, 1.64656083906e-11, 1.29417891334e-11, 1.10627635931e-14, 1.16623638169e-14, 1.23963450616e-10, -4.30071322793e-14, 6.06701483757e-13, 1.99703309445e-10, 3.27250677728e-13, 4.02850192441e-12, 2.67887101391e-10, 7.59987073273e-11, 2.95363625051e-12, 1.53728592356e-11, 8.55387809195e-12, 1.56424005693e-12, 1.61762974977e-12, 8.59144163147e-14, 1.24462165766e-14, 3.6553074211e-16, 1.36424193548e-17], [-4.33595834827e-17, -4.49487350823e-15, 1.08919654979e-13, 8.09248840356e-15, -1.65045098221e-14, 6.36244351407e-15, 9.87139840355e-13, 8.01544703007e-13, 1.56977439741e-16, 2.95478443925e-15, 7.50261918564e-12, -1.619953688e-16, 3.85419167827e-14, 1.27598409269e-11, 2.23418746475e-14, 1.99900778439e-13, 1.83886048749e-11, 4.72648439484e-12, 1.74735646417e-13, 9.39564506926e-13, 4.79375979016e-13, 9.27523642201e-14, 8.59144163147e-14, 5.7258389619e-15, 6.91071417654e-16, 2.35070883084e-17, 7.79041234143e-19], [-1.13472024316e-17, -5.91727740771e-16, 7.57110743728e-15, 4.5488815995e-15, -7.51493136518e-15, -9.40559043037e-16, 4.67676353373e-13, 3.23486002525e-13, -3.93720236823e-17, 2.34278894705e-15, 1.56959959353e-12, -1.54934621265e-16, 8.21232069571e-15, 2.21185916804e-12, 1.06183135472e-14, 1.17425803781e-13, 3.51815169879e-12, 8.06013946992e-13, 3.96949048067e-14, 2.12472983543e-13, 9.47125543141e-14, 1.67764836311e-14, 1.24462165766e-14, 6.91071417654e-16, 2.38199508463e-16, 4.03456061643e-18, 2.14793769942e-19], [-2.42438417432e-19, -1.41259568808e-17, 2.83066208404e-16, 9.00202528842e-17, -1.19970901148e-16, 4.0933595095e-17, 1.0466961465e-14, 7.19478425134e-15, 1.34064708413e-18, 6.25014362123e-17, 2.8969089226e-14, -3.26358940804e-18, 2.89639131135e-16, 4.78562671533e-14, 2.10966234538e-16, 1.07032586699e-15, 8.22681563172e-14, 1.95026083499e-14, 1.20305021235e-15, 4.74115214929e-15, 2.00555866097e-15, 4.4104462933e-16, 3.6553074211e-16, 2.35070883084e-17, 4.03456061643e-18, 1.59253115453e-19, 4.24858137962e-21], [8.87018809597e-21, -1.25864771358e-19, -1.47702677123e-17, 1.65786278404e-18, -2.67825593388e-18, -2.7853761334e-19, 5.00143520959e-16, 3.63888848151e-16, -2.50047145239e-18, 4.54692745478e-18, 1.58606284099e-15, -1.66760810903e-18, 5.29916757179e-18, 2.03089553401e-15, 1.51826933483e-17, 1.39519945114e-16, 3.57064240168e-15, 9.17826796316e-16, 4.62463213978e-17, 2.39891218547e-16, 8.61823399828e-17, 2.00111417984e-17, 1.36424193548e-17, 7.79041234143e-19, 2.14793769942e-19, 4.24858137962e-21, 9.62185131913e-22]]
    },
    "mfcc": {
        "kurt": [-1.54938089848, -0.63476228714, -1.60077250004, -0.748316526413, -0.722060203552, 0.537845373154, -0.406179666519, 0.26259970665, 0.541560649872, -0.427397727966, -0.729231834412, -1.07622992992, 0.0946226119995],
        "max": [-807.393859863, 129.370849609, 20.496887207, 54.6928138733, 18.0923309326, 12.453918457, 24.8928604126, 20.0950069427, 8.234790802, 6.88884925842, 26.7863426208, 24.697851181, 8.76075363159],
        "mean": [-909.202331543, 107.701965332, -40.2405815125, 26.8825073242, -4.77845954895, -11.5453872681, 6.99801969528, 0.111520081758, -9.21882820129, -10.1058702469, 0.548296868801, 1.99219441414, -5.75680351257],
        "median": [-944.96673584, 111.825752258, -25.5034141541, 24.9608268738, -0.230422973633, -11.4642105103, 8.33289718628, -0.605884552002, -9.03249931335, -6.38063812256, -1.78202438354, -0.517959594727, -5.63352584839],
        "min": [-1016.33825684, 75.6365966797, -96.4143066406, -0.0342826843262, -38.5863227844, -34.1006889343, -22.3958072662, -20.2844085693, -30.6792106628, -40.7848510742, -18.9052791595, -15.330368042, -21.7749519348],
        "skew": [0.388298422098, -0.718417346478, -0.188145592809, 0.278643041849, -0.647543728352, 0.175298601389, -0.467003166676, 0.271226286888, -0.423745840788, -0.689747571945, 0.518115222454, 0.402184337378, -0.093023814261],
        "var": [3829.07397461, 205.726791382, 1249.18127441, 149.992294312, 213.296066284, 63.5141525269, 93.2521820068, 57.0449409485, 51.6102256775, 130.273376465, 129.479278564, 116.082359314, 37.9862785339],
        "cov": [[3864.85986328, -688.875, -2136.97045898, 575.280334473, -743.886169434, 123.901306152, -332.730682373, 156.331848145, -56.4371528625, -606.83416748, 575.31439209, 567.43347168, 114.193977356], [-688.875, 207.649475098, 367.533325195, -140.798049927, 169.145278931, -48.6685714722, 39.6967849731, -55.9894943237, 24.1696510315, 124.321380615, -102.520896912, -92.2800292969, -8.82811069489], [-2136.97045898, 367.533325195, 1260.85583496, -272.785400391, 381.14956665, -48.9872665405, 205.779724121, -59.0529251099, 19.7050819397, 325.940460205, -319.22354126, -322.68170166, -65.1013412476], [575.280334473, -140.798049927, -272.785400391, 151.394088745, -123.823028564, 40.5825691223, -26.3171253204, 38.7462615967, -8.23195266724, -93.8126296997, 79.4247207642, 72.7884979248, 15.3812828064], [-743.886169434, 169.145278931, 381.14956665, -123.823028564, 215.289489746, -18.1933917999, 50.1281318665, -42.6952857971, 14.5449171066, 130.979003906, -106.424858093, -111.090629578, -26.6095409393], [123.901306152, -48.6685714722, -48.9872665405, 40.5825691223, -18.1933917999, 64.1077423096, 31.2491397858, 26.7412204742, -0.100226096809, -28.5553970337, 12.121752739, 9.4676656723, -11.7480287552], [-332.730682373, 39.6967849731, 205.779724121, -26.3171253204, 50.1281318665, 31.2491397858, 94.1236953735, 14.6827201843, 0.560290932655, 42.1472511292, -61.2415924072, -51.4078292847, -22.3524246216], [156.331848145, -55.9894943237, -59.0529251099, 38.7462615967, -42.6952857971, 26.7412204742, 14.6827201843, 57.5780715942, -8.54271030426, -39.2384910583, 30.1270771027, 16.2586612701, -4.78321838379], [-56.4371528625, 24.1696510315, 19.7050819397, -8.23195266724, 14.5449171066, -0.100226096809, 0.560290932655, -8.54271030426, 52.0925636292, 28.2181549072, -18.0288105011, -6.54887056351, 7.64665031433], [-606.83416748, 124.321380615, 325.940460205, -93.8126296997, 130.979003906, -28.5553970337, 42.1472511292, -39.2384910583, 28.2181549072, 131.490875244, -81.412651062, -86.5029602051, -10.0350904465], [575.31439209, -102.520896912, -319.22354126, 79.4247207642, -106.424858093, 12.121752739, -61.2415924072, 30.1270771027, -18.0288105011, -81.412651062, 130.689361572, 101.71698761, 15.6827783585], [567.43347168, -92.2800292969, -322.68170166, 72.7884979248, -111.090629578, 9.4676656723, -51.4078292847, 16.2586612701, -6.54887056351, -86.5029602051, 101.71698761, 117.167236328, 23.7104301453], [114.193977356, -8.82811069489, -65.1013412476, 15.3812828064, -26.6095409393, -11.7480287552, -22.3524246216, -4.78321838379, 7.64665031433, -10.0350904465, 15.6827783585, 23.7104301453, 38.3412895203]]
    },
    "sccoeffs": {
        "kurt": [-0.314283847809, -0.777682304382, -1.30811905861, -1.48397767544, -1.38544046879, -0.974776506424],
        "max": [-0.609900474548, -0.537822544575, -0.588477671146, -0.567250847816, -0.593925654888, -0.657635748386],
        "mean": [-0.731340408325, -0.782872736454, -0.790599703789, -0.767806589603, -0.777518689632, -0.762603461742],
        "median": [-0.733271062374, -0.826481223106, -0.841471195221, -0.830712556839, -0.837938427925, -0.785845637321],
        "min": [-0.835523605347, -0.911721587181, -0.91468077898, -0.891639232635, -0.881933152676, -0.828003168106],
        "skew": [0.151131018996, 0.724406421185, 0.530430197716, 0.398326575756, 0.579260826111, 0.719640135765],
        "var": [0.0022748215124, 0.00871877279133, 0.0103889368474, 0.0119833527133, 0.00963191222399, 0.00244421022944],
        "cov": [[0.00229608174413, 0.000825490744319, 0.00156610144768, 0.00168884138111, 0.00133923115209, 0.000755165936425], [0.000825490744319, 0.00880025606602, 0.00776573643088, 0.00804018229246, 0.00760125555098, 0.00351932900958], [0.00156610144768, 0.00776573643088, 0.0104860300198, 0.0103391809389, 0.00956206768751, 0.00461030518636], [0.00168884138111, 0.00804018229246, 0.0103391809389, 0.0120953470469, 0.0102276019752, 0.0048399171792], [0.00133923115209, 0.00760125555098, 0.00956206768751, 0.0102276019752, 0.00972193013877, 0.00466999318451], [0.000755165936425, 0.00351932900958, 0.00461030518636, 0.0048399171792, 0.00466999318451, 0.00246705324389]]
    },
    "scvalleys": {
        "kurt": [-0.26621055603, -0.173319578171, 1.0595407486, 1.09301280975, 0.260129451752, -0.61079454422],
        "max": [-7.91166114807, -7.82247495651, -8.05125427246, -8.88099384308, -8.97255706787, -11.8397445679],
        "mean": [-8.74426364899, -8.39684581757, -8.63075351715, -9.37797927856, -9.61029529572, -12.8452062607],
        "median": [-8.71563148499, -8.38894176483, -8.61836528778, -9.35577583313, -9.61047363281, -12.9855175018],
        "min": [-9.74049758911, -9.12124252319, -9.47026348114, -10.28977108, -10.5872039795, -13.5958461761],
        "skew": [-0.215887084603, -0.106438145041, -0.777723491192, -0.575793623924, -0.193078935146, 0.588329851627],
        "var": [0.144120618701, 0.0713734775782, 0.0656585842371, 0.0601772852242, 0.0830322727561, 0.147649765015],
        "cov": [[0.145467549562, -0.0186098814011, -0.0166774410754, -0.0207343325019, -0.0316006094217, -0.0353867225349], [-0.0186098814011, 0.0720405206084, 0.0126211494207, 0.0156113086268, 0.0271312836558, 0.0245160758495], [-0.0166774410754, 0.0126211494207, 0.0662722140551, 0.0129827205092, 0.0263005811721, 0.0291344821453], [-0.0207343325019, 0.0156113086268, 0.0129827205092, 0.0607396923006, 0.0494669489563, 0.0547466278076], [-0.0316006094217, 0.0271312836558, 0.0263005811721, 0.0494669489563, 0.083808273077, 0.0952464640141], [-0.0353867225349, 0.0245160758495, 0.0291344821453, 0.0547466278076, 0.0952464640141, 0.149029672146]]
    }
},
"rhythm": {
    "beats_loudness": {
        "kurt": -1.74504899979,
        "max": 0.00184936122969,
        "mean": 0.000934546347708,
        "median": 0.000981001183391,
        "min": 3.35211007041e-05,
        "skew": -0.0400786176324,
        "var": 6.25541133559e-07
    },
    "bpm": 139.674835205,
    "confidence": 0,
    "first_peak_bpm": {
        "kurt": 0,
        "max": 140,
        "mean": 140,
        "median": 140,
        "min": 140,
        "skew": 0,
        "var": 0
    },
    "first_peak_spread": {
        "kurt": 0,
        "max": 0,
        "mean": 0,
        "median": 0,
        "min": 0,
        "skew": 0,
        "var": 0
    },
    "first_peak_weight": {
        "kurt": 0,
        "max": 1,
        "mean": 1,
        "median": 1,
        "min": 1,
        "skew": 0,
        "var": 0
    },
    "onset_rate": 1.61156225204,
    "second_peak_bpm": {
        "kurt": 0,
        "max": 0,
        "mean": 0,
        "median": 0,
        "min": 0,
        "skew": 0,
        "var": 0
    },
    "second_peak_spread": {
        "kurt": 0,
        "max": 0,
        "mean": 0,
        "median": 0,
        "min": 0,
        "skew": 0,
        "var": 0
    },
    "second_peak_weight": {
        "kurt": 0,
        "max": 0,
        "mean": 0,
        "median": 0,
        "min": 0,
        "skew": 0,
        "var": 0
    },
    "beats_loudness_band_ratio": {
        "kurt": [-1.8320504427, -1.04223370552, -1.15531766415, -1.05317544937, -1.8252017498, -0.414850711823],
        "max": [0.523428022861, 0.179727062583, 0.257854521275, 0.399619966745, 0.485112637281, 0.0644270256162],
        "mean": [0.213740259409, 0.0571528077126, 0.18041998148, 0.210006073117, 0.302655279636, 0.0403390824795],
        "median": [0.013585682027, 0.00408139918, 0.201082795858, 0.199509710073, 0.44271415472, 0.0373422466218],
        "min": [0.00895731430501, 0.0014472178882, 0.0663543045521, 0.0760144963861, 0.0493676885962, 0.0268118716776],
        "skew": [0.408690333366, 0.78353780508, -0.526943087578, 0.473847657442, -0.393043637276, 0.965975165367],
        "var": [0.0617756359279, 0.00509889703244, 0.00486960588023, 0.0132698696107, 0.0419713370502, 0.000170676750713],
        "cov": [[0.0772195458412, 0.0207657255232, -0.00278061069548, -0.0293326675892, -0.0634662210941, -0.000946776825003], [0.0207657255232, 0.00637362105772, -0.00133704498876, -0.00824932195246, -0.0170306731015, -0.00013920913625], [-0.00278061069548, -0.00133704498876, 0.0060870074667, -0.00367099698633, 0.00154662842397, 0.000106478073576], [-0.0293326675892, -0.00824932195246, -0.00367099698633, 0.016587337479, 0.0243294257671, -0.000210610407521], [-0.0634662210941, -0.0170306731015, 0.00154662842397, 0.0243294257671, 0.0524641722441, 0.000957191979978], [-0.000946776825003, -0.00013920913625, 0.000106478073576, -0.000210610407521, 0.000957191979978, 0.000213345934753]]
    },
    "beats_position": [0.417959183455, 0.847528338432, 1.27709746361, 1.70666658878, 2.13623571396],
    "bpm_estimates": [139.674835205, 139.674835205, 139.674835205, 139.674835205],
    "bpm_intervals": [0.429569154978, 0.429569125175, 0.429569125175, 0.429569125175],
    "onset_times": [0.0116099771112, 0.336689352989, 0.545668959618, 0.743038535118],
    "histogram": [[0, 0, 0, 0, 0, 0, 0, 0, 0, 0, 0, 0, 0, 0, 0, 0, 0, 0, 0, 0, 0, 0, 0, 0, 0, 0, 0, 0, 0, 0, 0, 0, 0, 0, 0, 0, 0, 0, 0, 0, 0, 0, 0, 0, 0, 0, 0, 0, 0, 0, 0, 0, 0, 0, 0, 0, 0, 0, 0, 0, 0, 0, 0, 0, 0, 0, 0, 0, 0, 0, 0, 0, 0, 0, 0, 0, 0, 0, 0, 0, 0, 0, 0, 0, 0, 0, 0, 0, 0, 0, 0, 0, 0, 0, 0, 0, 0, 0, 0, 0, 0, 0, 0, 0, 0, 0, 0, 0, 0, 0, 0, 0, 0, 0, 0, 0, 0, 0, 0, 0, 0, 0, 0, 0, 0, 0, 0, 0, 0, 0, 0, 0, 0, 0, 0, 0, 0, 0, 0, 0, 1, 0, 0, 0, 0, 0, 0, 0, 0, 0, 0, 0, 0, 0, 0, 0, 0, 0, 0, 0, 0, 0, 0, 0, 0, 0, 0, 0, 0, 0, 0, 0, 0, 0, 0, 0, 0, 0, 0, 0, 0, 0, 0, 0, 0, 0, 0, 0, 0, 0, 0, 0, 0, 0, 0, 0, 0, 0, 0, 0, 0, 0, 0, 0, 0, 0, 0, 0, 0, 0, 0, 0, 0, 0, 0, 0, 0, 0, 0, 0, 0, 0, 0, 0, 0, 0, 0, 0, 0, 0, 0, 0, 0, 0, 0, 0, 0, 0, 0, 0, 0, 0, 0, 0, 0, 0, 0, 0, 0, 0]]
},
"sfx": {
    "inharmonicity": {
        "kurt": 2.26283788681,
        "max": 0.269283443689,
        "mean": 0.0607113689184,
        "median": 0.0472020804882,
        "min": 0.00142591295298,
        "skew": 1.4795088768,
        "var": 0.00313475169241
    },
    "oddtoevenharmonicenergyratio": {
        "kurt": 15.704996109,
        "max": 3.57153201103,
        "mean": 0.509344398975,
        "median": 0.39367428422,
        "min": 0.0600587651134,
        "skew": 3.46326947212,
        "var": 0.230101510882
    },
    "pitch_after_max_to_before_max_energy_ratio": 0.0971411243081,
    "pitch_centroid": 47.6443748474,
    "pitch_max_to_total": 0.675925910473,
    "pitch_min_to_total": 0.907407402992,
    "tristimulus": {
        "kurt": [-0.747725248337, -0.455893516541, -0.0252051353455],
        "max": [0.451277852058, 0.61617654562, 0.739554703236],
        "mean": [0.201050966978, 0.349419355392, 0.449529796839],
        "median": [0.197806805372, 0.342563390732, 0.458113849163],
        "min": [0, 0.0863247960806, 0.221987560391],
        "skew": [0.0787656754255, 0.15556755662, 0.105017617345],
        "var": [0.0122393136844, 0.0127926580608, 0.0108538335189],
        "cov": [[0.0123536996543, -0.00715532293543, -0.00519837765023], [-0.00715532293543, 0.012912215665, -0.00575689366087], [-0.00519837765023, -0.00575689366087, 0.0109552713111]]
    }
},
"tonal": {
    "chords_changes_rate": 0.0181818176061,
    "chords_number_rate": 0.0363636352122,
    "chords_strength": {
        "kurt": -0.895865678787,
        "max": 0.650699794292,
        "mean": 0.595292568207,
        "median": 0.593519628048,
        "min": 0.535036027431,
        "skew": 0.118011206388,
        "var": 0.000842509092763
    },
    "key_strength": 0.701409220695,
    "tuning_diatonic_strength": 0.5835698843,
    "tuning_equal_tempered_deviation": 0.206214889884,
    "tuning_frequency": 443.572570801,
    "tuning_nontempered_energy_ratio": 0.866224884987,
    "hpcp": {
        "kurt": [15.0538578033, 3.57809209824, 6.1352186203, 3.24070882797, 17.9936447144, 5.01535129547, -1.47750103474, -1.2849252224, -0.131854295731, 1.72460412979, 5.3934135437, 6.30967998505, 4.12080383301, 13.4804496765, 29.4539794922, 24.1972522736, 0.925666093826, 0.397844314575, -1.5338383913, 0.0679392814636, 8.69679546356, 8.81769371033, 0.0641307830811, 0.777162075043, -0.519580841064, 13.3455047607, 0.73507142067, -1.08087909222, -1.18362092972, 3.16851377487, 3.59354305267, 1.41528367996, 2.73748922348, 9.31195163727, 7.39519309998, 0.959751367569],
        "max": [0.539925217628, 0.58133071661, 0.619797945023, 0.368516176939, 0.538825929165, 0.830441713333, 1, 1, 1, 1, 0.978107571602, 1, 0.839672386646, 1, 1, 0.490668207407, 0.140440031886, 0.846839189529, 1, 1, 1, 1, 0.515799999237, 0.401178508997, 0.129086926579, 0.241936773062, 0.289225310087, 1, 1, 0.493269860744, 0.317262768745, 0.225031614304, 0.265249013901, 0.611261487007, 0.577587127686, 0.239967301488],
        "mean": [0.0628615841269, 0.0901766717434, 0.0881606936455, 0.0616868548095, 0.0555653087795, 0.162289261818, 0.516275465488, 0.58250951767, 0.338871508837, 0.21074950695, 0.131159320474, 0.121439605951, 0.126085668802, 0.109997861087, 0.0695223659277, 0.0401135720313, 0.0303162038326, 0.199923023582, 0.40773922205, 0.277544349432, 0.116050831974, 0.12465711683, 0.126124560833, 0.0827743262053, 0.0337929576635, 0.0304154995829, 0.085249774158, 0.369017243385, 0.40186303854, 0.133165434003, 0.0557615980506, 0.0510598793626, 0.0539720393717, 0.066556841135, 0.0678260922432, 0.0531217567623],
