{
"metadata": {
    "version": {
        "essentia": "2.1-beta3"
    }
},
"lowLevel": {
    "average_loudness": 0.971870303154,
    "barkbands_kurtosis": {
        "kurt": 8.8710641861,
        "max": 173.661727905,
        "mean": 14.3883218765,
        "median": 0.711380600929,
        "min": -1.67066144943,
        "skew": 2.66230773926,
        "var": 794.345458984
    },
    "barkbands_skewness": {
        "kurt": 0.00834941864014,
        "max": 1.28198695183,
        "mean": -1.79025220871,
        "median": -0.511987924576,
        "min": -12.0507287979,
        "skew": -1.02283728123,
        "var": 9.50817394257
    },
    "barkbands_spread": {
        "kurt": -1.08355641365,
        "max": 39.8790588379,
        "mean": 16.4865531921,
        "median": 15.7341709137,
        "min": 0.72242051363,
        "skew": 0.355020523071,
        "var": 137.364120483
    },
    "dissonance": {
        "kurt": 80.1277389526,
        "max": 0.498968929052,
        "mean": 0.476200371981,
        "median": 0.485000252724,
        "min": 0,
        "skew": -8.57030010223,
        "var": 0.00239407224581
    },
    "hfc": {
        "kurt": 6.3432302475,
        "max": 59.0330238342,
        "mean": 6.10121154785,
        "median": 0.0770318582654,
        "min": 2.00628829106e-08,
        "skew": 2.63741469383,
        "var": 173.257980347
    },
    "pitch": {
        "kurt": 0.319148778915,
        "max": 3703.59643555,
        "mean": 938.561584473,
        "median": 337.21697998,
        "min": 76.4510345459,
        "skew": 1.50433886051,
        "var": 1569417
    },
    "pitch_instantaneous_confidence": {
        "kurt": -1.66520822048,
        "max": 0.973890304565,
        "mean": 0.617811143398,
        "median": 0.7122656703,
        "min": 0.139055073261,
        "skew": -0.230560988188,
        "var": 0.0970547571778
    },
    "pitch_salience": {
        "kurt": -0.236269712448,
        "max": 0.995430529118,
        "mean": 0.607334077358,
        "median": 0.611346542835,
        "min": 0.177583515644,
        "skew": -0.420591145754,
        "var": 0.0241629034281
    },
    "silence_rate_20dB": {
        "kurt": 0,
        "max": 1,
        "mean": 1,
        "median": 1,
        "min": 1,
        "skew": 0,
        "var": 0
    },
    "silence_rate_30dB": {
        "kurt": 0,
        "max": 1,
        "mean": 1,
        "median": 1,
        "min": 1,
        "skew": 0,
        "var": 0
    },
    "silence_rate_60dB": {
        "kurt": 1.53975105286,
        "max": 1,
        "mean": 0.842592597008,
        "median": 1,
        "min": 0,
        "skew": -1.88141584396,
        "var": 0.132630482316
    },
    "spectral_centroid": {
        "kurt": -1.6914999485,
        "max": 3484.69042969,
        "mean": 2090.55981445,
        "median": 2195.09912109,
        "min": 608.463928223,
        "skew": -0.0560952723026,
        "var": 1225950.25
    },
    "spectral_complexity": {
        "kurt": -0.551508903503,
        "max": 6,
        "mean": 1.41666662693,
        "median": 0,
        "min": 0,
        "skew": 1.08334934711,
        "var": 4.65046930313
    },
    "spectral_crest": {
        "kurt": -1.00652611256,
        "max": 25.5236282349,
        "mean": 11.474114418,
        "median": 8.91734886169,
        "min": 3.44303894043,
        "skew": 0.575802028179,
        "var": 44.7161903381
    },
    "spectral_decrease": {
        "kurt": 6.15902042389,
        "max": -1.96414656836e-18,
        "mean": -3.29478888617e-10,
        "median": -7.39360135615e-12,
        "min": -3.06981706721e-09,
        "skew": -2.60501742363,
        "var": 4.86010020604e-19
    },
    "spectral_energy": {
        "kurt": 6.21514797211,
        "max": 0.0169406551868,
        "mean": 0.00179692555685,
        "median": 3.57200588041e-05,
        "min": 9.23290784105e-12,
        "skew": 2.6150124073,
        "var": 1.4630163605e-05
    },
    "spectral_energyband_high": {
        "kurt": 1.50940275192,
        "max": 0.000105983272078,
        "mean": 1.55503930728e-05,
        "median": 3.68758151126e-07,
        "min": 1.37720748434e-12,
        "skew": 1.5999584198,
        "var": 6.56604270954e-10
    },
    "spectral_energyband_low": {
        "kurt": 0.723521471024,
        "max": 4.00110093324e-06,
        "mean": 1.33004891723e-06,
        "median": 1.03372349258e-06,
        "min": 1.63545273922e-14,
        "skew": 1.16996753216,
        "var": 8.55805714923e-13
    },
    "spectral_energyband_middle_high": {
        "kurt": 6.32004165649,
        "max": 0.0167662184685,
        "mean": 0.00175048038363,
        "median": 2.46895688178e-05,
        "min": 6.85807877501e-12,
        "skew": 2.63654351234,
        "var": 1.42724393299e-05
    },
    "spectral_energyband_middle_low": {
        "kurt": -0.0156652927399,
        "max": 0.000127432183945,
        "mean": 3.0237082683e-05,
        "median": 1.14885569928e-05,
        "min": 1.04202280485e-12,
        "skew": 1.25408697128,
        "var": 1.23978083355e-09
    },
    "spectral_flatness_db": {
        "kurt": -0.64345908165,
        "max": 0.425191998482,
        "mean": 0.223188221455,
        "median": 0.180412441492,
        "min": 0.0738843977451,
        "skew": 0.823187887669,
        "var": 0.00807501748204
    },
    "spectral_flux": {
        "kurt": 0.0188684463501,
        "max": 0.0481614023447,
        "mean": 0.0113917607814,
        "median": 0.0036482126452,
        "min": 0.000911828654353,
        "skew": 1.17163670063,
        "var": 0.000159883042215
    },
    "spectral_kurtosis": {
        "kurt": 1.71045017242,
        "max": 25.6423397064,
        "mean": 10.0140342712,
        "median": 8.54540634155,
        "min": 1.63788461685,
        "skew": 1.39961802959,
        "var": 20.4864292145
    },
    "spectral_rms": {
        "kurt": 1.6949801445,
        "max": 0.00406539905816,
        "mean": 0.000782096991315,
        "median": 0.000186677891179,
        "min": 9.49089837832e-08,
        "skew": 1.65623962879,
        "var": 1.14142244456e-06
    },
    "spectral_rolloff": {
        "kurt": -1.5349906683,
        "max": 4048.2421875,
        "mean": 2758.44360352,
        "median": 3402.24609375,
        "min": 990.52734375,
        "skew": -0.595872282982,
        "var": 1278963.125
    },
    "spectral_skewness": {
        "kurt": 0.0855298042297,
        "max": 3.6362695694,
        "mean": 1.93173110485,
        "median": 1.85493659973,
        "min": 0.79552334547,
        "skew": 0.656777858734,
        "var": 0.387396037579
    },
    "spectral_spread": {
        "kurt": 80.0363464355,
        "max": 27525588,
        "mean": 3275007.5,
        "median": 3092192,
        "min": 1614962.875,
        "skew": 8.63459014893,
        "var": 6.22630587597e+12
    },
    "spectral_strongpeak": {
        "kurt": 1.5506734848,
        "max": 15.5621032715,
        "mean": 2.45556330681,
        "median": 0.313316017389,
        "min": 5.34829041499e-07,
        "skew": 1.61403930187,
        "var": 15.0137414932
    },
    "zerocrossingrate": {
        "kurt": -1.51037430763,
        "max": 0.16650390625,
        "mean": 0.104844838381,
        "median": 0.119384765625,
        "min": 0.00146484375,
        "skew": -0.25789809227,
        "var": 0.00219976343215
    },
    "barkbands": {
        "kurt": [0.847042560577, 1.65695285797, 0.939529180527, -0.0998055934906, 4.67016935349, 6.54652309418, 1.65075349808, 0.568555831909, 0.336575746536, 0.983456850052, 3.20603609085, -0.120809078217, 12.6049823761, 7.16746616364, 6.64801502228, 9.40700340271, 9.08744812012, 8.08567619324, 6.46449279785, 11.1354446411, 5.06829833984, 2.97871732712, 1.9987244606, 3.1256685257, 10.0166702271, 3.64971399307, 35.1207580566],
        "max": [5.96811577935e-09, 9.82273036243e-07, 2.52135896517e-06, 2.09893187275e-06, 9.97470488073e-06, 3.16984878737e-05, 1.83817451216e-06, 3.12908332489e-06, 0.000111622597615, 3.5551693145e-06, 5.96288646193e-06, 2.65469839178e-06, 7.27371070752e-06, 6.92213288858e-05, 2.45146020461e-06, 0.000116068440548, 0.000117995223263, 0.000567389826756, 0.0125368358567, 0.00669108238071, 5.8126199292e-05, 7.88712804933e-06, 6.61566843974e-07, 1.22812332393e-06, 5.17616797424e-07, 7.11527414765e-09, 1.9794619277e-09],
        "mean": [1.47959022812e-09, 2.65502080765e-07, 7.08730169663e-07, 6.02644320224e-07, 2.41646580434e-06, 4.92821300213e-06, 5.41530880582e-07, 1.02393994439e-06, 2.04047628358e-05, 1.16938338124e-06, 1.55480472586e-06, 1.06529216737e-06, 9.79494757303e-07, 5.73605302634e-06, 3.54571795924e-07, 9.49979767029e-06, 9.81271841738e-06, 4.85795826535e-05, 0.0012285024859, 0.000451163738035, 6.32151250102e-06, 1.00820250282e-06, 8.87993394372e-08, 1.59349312412e-07, 3.90611063494e-08, 8.6668772159e-10, 8.31485574837e-11],
        "median": [9.35831079296e-10, 2.17837992977e-07, 4.50508196082e-07, 4.32793200389e-07, 2.05045444091e-06, 2.74740477835e-06, 4.37305487822e-07, 8.5799149474e-07, 2.56704470303e-06, 1.02729723039e-06, 1.29207433019e-06, 1.00532997749e-06, 5.8540564396e-07, 2.72448801297e-07, 1.55777698296e-07, 2.65034998392e-07, 3.32797981173e-07, 1.43068632497e-06, 9.026751286e-06, 4.066888323e-06, 1.21764955452e-07, 2.73137104045e-08, 4.80369077849e-09, 1.40082589972e-09, 8.25849444386e-10, 5.75971700889e-11, 3.25138917526e-12],
        "min": [2.16891510584e-15, 5.02304174952e-15, 6.02188417675e-15, 9.34044491464e-15, 4.43164825854e-14, 8.58840179963e-14, 1.40514431145e-13, 2.05807023984e-13, 4.11222623878e-13, 5.59814510286e-13, 6.96559888762e-13, 1.0445843409e-12, 1.23685588681e-12, 1.25790675619e-12, 1.10712556744e-12, 6.52832388842e-13, 1.88813835443e-13, 5.006420422e-14, 8.66966478534e-14, 2.18952338356e-13, 7.17147858025e-13, 1.60469890414e-13, 9.97137553191e-14, 6.91803995275e-14, 4.92161073993e-14, 5.77077719378e-14, 5.1937678469e-14],
        "skew": [1.29575479031, 1.32856202126, 1.33673012257, 0.87051486969, 1.7249866724, 2.53973817825, 1.18482124805, 0.9068120718, 1.35522866249, 0.99947053194, 1.4464662075, 0.396345287561, 3.18409609795, 2.94158029556, 2.53432798386, 3.09450054169, 2.98973941803, 2.71007919312, 2.65137267113, 3.17246699333, 2.41336250305, 1.89809346199, 1.72490298748, 1.96587729454, 3.10112857819, 2.07726740837, 5.7377910614],
        "var": [2.12483943044e-18, 3.8690418599e-14, 4.02073556741e-13, 2.17337676718e-13, 2.36420930576e-12, 4.06545040688e-11, 1.24037553232e-13, 4.20795966431e-13, 9.66064339636e-10, 4.74895838799e-13, 9.81288943332e-13, 2.51028988178e-13, 1.20824097255e-12, 2.44297082563e-10, 2.26923446939e-13, 4.98137142646e-10, 4.62442362181e-10, 9.73012159733e-09, 7.36521269573e-06, 1.20803520076e-06, 1.7154987153e-10, 3.10326027028e-12, 2.30728708573e-14, 8.52888045562e-14, 8.17264736653e-15, 2.50981300984e-18, 7.55471549769e-20],
        "cov": [[2.14469776221e-18, 6.7146555796e-18, -2.80178084134e-17, 5.6037582208e-18, 1.71214343049e-16, 7.91079380127e-16, 2.39223660631e-17, 1.99135444122e-17, 1.16656791039e-14, 1.39629132955e-16, 3.09316103547e-16, 6.13968357659e-18, 7.35344506318e-17, 3.67229651974e-15, 1.28887312581e-16, 7.91205683327e-15, 2.33416466934e-15, 1.82143423879e-14, 6.83669294137e-14, 1.59112902975e-13, 1.34952783167e-15, 7.75182742229e-16, 4.34745053396e-17, 3.43722264227e-17, -1.86536217807e-18, 3.47042695418e-19, 1.45400111708e-20], [6.7146555796e-18, 3.90520101879e-14, 3.68661806811e-14, 1.43644929393e-14, 2.69068062508e-14, 1.84231319436e-13, 2.8763909047e-15, 1.12241045231e-15, -5.8580229426e-14, 2.22793398991e-14, -5.05042251306e-15, -1.46424840704e-14, 3.19631033609e-14, -2.94909604549e-13, -8.7483993777e-15, -4.13666686625e-13, -4.5848507689e-14, 3.86734128879e-13, -2.53682647805e-11, -2.9436120208e-11, -1.45826167981e-13, -2.14359369115e-15, -6.79577709956e-16, -1.55737891726e-15, -1.22950231014e-15, -2.7948503913e-17, -2.23384673913e-18], [-2.80178084134e-17, 3.68661806811e-14, 4.05831265945e-13, 1.31614256169e-13, -2.83150239366e-15, -3.37118869062e-13, 2.87433142879e-14, 5.29641163826e-14, 4.55555156044e-14, 1.61486814453e-14, 9.87088286542e-14, -6.76925488862e-14, 9.47323003462e-14, -4.23963056502e-13, -9.26277368745e-15, 6.28580304127e-13, -9.95713494295e-13, -1.12379485058e-12, -1.57530780087e-10, -5.79892488195e-11, -9.23218532872e-13, -3.54297855973e-14, 4.12712144868e-15, -1.29895314611e-14, -2.8632498238e-15, -5.82459426853e-17, -1.78961418881e-17], [5.6037582208e-18, 1.43644929393e-14, 1.31614256169e-13, 2.19368861726e-13, 3.71124639809e-14, -3.76740840944e-14, 4.04588336575e-15, -1.46526323721e-15, -1.31197526801e-12, 3.71624287604e-14, 1.3144913726e-14, -3.65659075013e-14, -9.76951131755e-14, -4.20601541876e-13, -1.98245164452e-14, 1.99892660475e-13, -9.50032478901e-13, -8.25723430603e-12, -1.71869893317e-10, -7.19607567978e-11, -4.89140900093e-13, -1.29730116081e-13, -9.90575555067e-15, -9.5698146605e-15, -4.31039312045e-15, -2.29782998669e-17, -3.51090855298e-18], [1.71214343049e-16, 2.69068062508e-14, -2.83150239366e-15, 3.71124639809e-14, 2.38630491235e-12, -2.26147727389e-13, 8.73620091741e-14, 1.44592657617e-13, 2.32716276805e-12, 2.31757484297e-13, 4.36270350358e-13, 4.4386013826e-14, 4.90589827876e-13, -4.48050884588e-13, -4.20821113145e-14, 2.12111469881e-12, -3.15401546026e-12, -7.43292320055e-12, -5.76705183608e-10, -1.31489416577e-10, -7.42828704364e-13, 3.85906909726e-13, 3.68039135951e-14, 6.90083544304e-15, -1.23159649322e-14, -1.29053029945e-17, -1.6595130714e-17], [7.91079380127e-16, 1.84231319436e-13, -3.37118869062e-13, -3.76740840944e-14, -2.26147727389e-13, 4.10344536128e-11, 5.46791507471e-13, 4.10575300971e-13, 1.09250698765e-10, 5.76434462229e-13, 1.31499531316e-12, 2.95729911913e-13, 1.84341994794e-12, 2.21020979296e-11, 1.29104138404e-12, 3.04936804973e-11, 1.01631363048e-10, 3.47392670186e-10, 1.1484292628e-08, 4.06022460098e-09, 6.32681129709e-11, 5.26993726435e-12, 4.67404706519e-13, 8.4996538887e-13, 3.1619487844e-13, 7.14197174708e-15, 8.61286341235e-16], [2.39223660631e-17, 2.8763909047e-15, 2.87433142879e-14, 4.04588336575e-15, 8.73620091741e-14, 5.46791507471e-13, 1.25196782195e-13, 4.8584332629e-14, 1.53559619447e-12, -5.85134806886e-16, 4.31353053049e-14, -1.58004731887e-16, 1.00920784045e-13, -7.88914560849e-13, 5.17134029116e-17, -1.5769067367e-13, 1.42262742385e-12, 3.1377123122e-12, 1.79421089097e-10, 2.07942239816e-11, 7.52598992241e-13, 9.77583899248e-14, 6.28613643344e-15, 1.19501330963e-14, 3.39801645175e-15, 8.02078724987e-17, 2.01500386581e-17], [1.99135444122e-17, 1.12241045231e-15, 5.29641163826e-14, -1.46526323721e-15, 1.44592657617e-13, 4.10575300971e-13, 4.8584332629e-14, 4.24728638761e-13, 2.55893873799e-12, -2.97066516351e-14, 6.19580680706e-14, 5.07749258491e-14, 7.66744320487e-14, 1.27059268055e-12, 2.52213140238e-14, 1.71610024368e-12, 1.34219772883e-12, 8.45086153833e-12, 1.56703483523e-10, 5.82225032075e-11, 6.46408978861e-13, 4.65804457994e-14, 1.41132248507e-14, 1.96484267658e-14, 4.45960729147e-15, 1.14101584863e-16, 1.08258718506e-17], [1.16656791039e-14, -5.8580229426e-14, 4.55555156044e-14, -1.31197526801e-12, 2.32716276805e-12, 1.09250698765e-10, 1.53559619447e-12, 2.55893873799e-12, 9.75092895317e-10, 8.66195353291e-13, 8.84629435677e-12, 2.10919866642e-12, 2.03154489758e-11, 3.34971800298e-10, 1.06619019169e-11, 4.67949179406e-10, 4.33423158475e-10, 2.20102958082e-09, 5.79960861558e-08, 2.41291768788e-08, 3.16807774459e-10, 4.3341854411e-11, 3.97338455541e-12, 7.93335449417e-12, 2.0762712296e-12, 4.23929893468e-14, 3.76309252246e-15], [1.39629132955e-16, 2.22793398991e-14, 1.61486814453e-14, 3.71624287604e-14, 2.31757484297e-13, 5.76434462229e-13, -5.85134806886e-16, -2.97066516351e-14, 8.66195353291e-13, 4.79334128813e-13, 2.99402511247e-13, 5.29766423058e-15, -7.05293460828e-15, 1.22073781205e-12, 3.98374130179e-14, 1.48501295896e-12, 1.12446781487e-12, -5.70168369983e-13, -8.0559468818e-11, 5.56182599976e-11, 7.31862975171e-13, -2.78927814006e-14, 2.60611094981e-15, 2.34513268722e-15, 1.67919157244e-15, 1.02341882349e-16, 2.07138052589e-17], [3.09316103547e-16, -5.05042251306e-15, 9.87088286542e-14, 1.3144913726e-14, 4.36270350358e-13, 1.31499531316e-12, 4.31353053049e-14, 6.19580680706e-14, 8.84629435677e-12, 2.99402511247e-13, 9.90459884248e-13, 9.62059005052e-14, 2.61004949207e-13, 3.90319157204e-12, 1.51495528904e-13, 5.84060621048e-12, 4.81680103789e-12, 2.10185410743e-11, 4.0224579223e-10, 2.66274668981e-10, 3.0359341343e-12, 5.65213349214e-13, 4.8795247221e-14, 5.44550061781e-14, 1.3746523959e-14, 3.59805249373e-16, -2.87354438431e-18], [6.13968357659e-18, -1.46424840704e-14, -6.76925488862e-14, -3.65659075013e-14, 4.4386013826e-14, 2.95729911913e-13, -1.58004731887e-16, 5.07749258491e-14, 2.10919866642e-12, 5.29766423058e-15, 9.62059005052e-14, 2.53375066154e-13, 5.76206833983e-14, 1.92112623552e-12, 6.84220407654e-14, 8.5282995943e-13, 1.1705576829e-12, 7.32739823678e-12, 2.35459429732e-10, 1.49132234339e-10, 1.16616113467e-12, 1.04959843714e-13, 7.75610705625e-15, 1.62627259614e-14, 6.92345418734e-15, 1.15578347102e-16, 1.7383096348e-17], [7.35344506318e-17, 3.19631033609e-14, 9.47323003462e-14, -9.76951131755e-14, 4.90589827876e-13, 1.84341994794e-12, 1.00920784045e-13, 7.66744320487e-14, 2.03154489758e-11, -7.05293460828e-15, 2.61004949207e-13, 5.76206833983e-14, 1.21953293818e-12, 5.76908703101e-12, 2.12327293876e-13, 6.00456403349e-12, 7.58578269644e-12, 5.93693150197e-11, 1.06788444754e-09, 4.1523087746e-10, 4.98025145429e-12, 1.23929826904e-12, 1.00053469741e-13, 1.7003354291e-13, 3.78148846871e-14, 6.18456606575e-16, 4.90394026152e-17], [3.67229651974e-15, -2.94909604549e-13, -4.23963056502e-13, -4.20601541876e-13, -4.48050884588e-13, 2.21020979296e-11, -7.88914560849e-13, 1.27059268055e-12, 3.34971800298e-10, 1.22073781205e-12, 3.90319157204e-12, 1.92112623552e-12, 5.76908703101e-12, 2.46580256213e-10, 5.97652656531e-12, 2.06266087543e-10, 8.34023058949e-11, 8.90778117935e-10, 1.70085403539e-08, 1.059970689e-08, 9.41647732011e-11, 1.29097401172e-11, 1.12276962901e-12, 2.72594381963e-12, 6.98644430069e-13, 1.23003913844e-14, 1.97971822685e-16], [1.28887312581e-16, -8.7483993777e-15, -9.26277368745e-15, -1.98245164452e-14, -4.20821113145e-14, 1.29104138404e-12, 5.17134029116e-17, 2.52213140238e-14, 1.06619019169e-11, 3.98374130179e-14, 1.51495528904e-13, 6.84220407654e-14, 2.12327293876e-13, 5.97652656531e-12, 2.29044241256e-13, 6.36128996701e-12, 4.71058999099e-12, 3.46956560704e-11, 8.33672908485e-10, 3.61555507755e-10, 3.85500355596e-12, 5.66725431774e-13, 4.01517604972e-14, 9.93261937e-14, 2.84841933569e-14, 4.59534855643e-16, 2.71806834355e-17], [7.91205683327e-15, -4.13666686625e-13, 6.28580304127e-13, 1.99892660475e-13, 2.12111469881e-12, 3.04936804973e-11, -1.5769067367e-13, 1.71610024368e-12, 4.67949179406e-10, 1.48501295896e-12, 5.84060621048e-12, 8.5282995943e-13, 6.00456403349e-12, 2.06266087543e-10, 6.36128996701e-12, 5.02792640855e-10, 1.66444538707e-10, 6.35795915915e-10, 1.83062809356e-08, 8.81317507861e-09, 1.08889876282e-10, 2.41005392726e-11, 2.14897977885e-12, 3.97389456411e-12, 7.90341208277e-13, 2.25884967605e-14, 1.01191595725e-15], [2.33416466934e-15, -4.5848507689e-14, -9.95713494295e-13, -9.50032478901e-13, -3.15401546026e-12, 1.01631363048e-10, 1.42262742385e-12, 1.34219772883e-12, 4.33423158475e-10, 1.12446781487e-12, 4.81680103789e-12, 1.1705576829e-12, 7.58578269644e-12, 8.34023058949e-11, 4.71058999099e-12, 1.66444538707e-10, 4.66764238372e-10, 1.44596168372e-09, 5.16080653767e-08, 1.75529049073e-08, 2.49640502714e-10, 2.24745760197e-11, 2.14779301115e-12, 4.14533988732e-12, 1.59093701754e-12, 2.87314761555e-14, 3.70486366602e-15], [1.82143423879e-14, 3.86734128879e-13, -1.12379485058e-12, -8.25723430603e-12, -7.43292320055e-12, 3.47392670186e-10, 3.1377123122e-12, 8.45086153833e-12, 2.20102958082e-09, -5.70168369983e-13, 2.10185410743e-11, 7.32739823678e-12, 5.93693150197e-11, 8.90778117935e-10, 3.46956560704e-11, 6.35795915915e-10, 1.44596168372e-09, 9.82105774483e-09, 2.14390439623e-07, 8.50691037613e-08, 9.16140607821e-10, 1.11052236851e-10, 9.39827903002e-12, 1.86826387694e-11, 6.59286861215e-12, 9.32890171904e-14, 8.300766182e-15], [6.83669294137e-14, -2.53682647805e-11, -1.57530780087e-10, -1.71869893317e-10, -5.76705183608e-10, 1.1484292628e-08, 1.79421089097e-10, 1.56703483523e-10, 5.79960861558e-08, -8.0559468818e-11, 4.0224579223e-10, 2.35459429732e-10, 1.06788444754e-09, 1.70085403539e-08, 8.33672908485e-10, 1.83062809356e-08, 5.16080653767e-08, 2.14390439623e-07, 7.43404643799e-06, 2.46930176218e-06, 3.05282803481e-08, 3.0446665189e-09, 2.60906241056e-10, 5.93860849385e-10, 2.16139675602e-10, 3.26360661586e-12, 3.47249030745e-13], [1.59112902975e-13, -2.9436120208e-11, -5.79892488195e-11, -7.19607567978e-11, -1.31489416577e-10, 4.06022460098e-09, 2.07942239816e-11, 5.82225032075e-11, 2.41291768788e-08, 5.56182599976e-11, 2.66274668981e-10, 1.49132234339e-10, 4.1523087746e-10, 1.059970689e-08, 3.61555507755e-10, 8.81317507861e-09, 1.75529049073e-08, 8.50691037613e-08, 2.46930176218e-06, 1.21932521324e-06, 1.15467733153e-08, 1.08332720572e-09, 1.03777132721e-10, 2.10837070025e-10, 7.65333491026e-11, 1.34132678922e-12, 1.27416374435e-13], [1.34952783167e-15, -1.45826167981e-13, -9.23218532872e-13, -4.89140900093e-13, -7.42828704364e-13, 6.32681129709e-11, 7.52598992241e-13, 6.46408978861e-13, 3.16807774459e-10, 7.31862975171e-13, 3.0359341343e-12, 1.16616113467e-12, 4.98025145429e-12, 9.41647732011e-11, 3.85500355596e-12, 1.08889876282e-10, 2.49640502714e-10, 9.16140607821e-10, 3.05282803481e-08, 1.15467733153e-08, 1.731531446e-10, 1.34726561504e-11, 1.34438749196e-12, 2.85570677348e-12, 1.01021643308e-12, 1.87119318927e-14, 2.17272527179e-15], [7.75182742229e-16, -2.14359369115e-15, -3.54297855973e-14, -1.29730116081e-13, 3.85906909726e-13, 5.26993726435e-12, 9.77583899248e-14, 4.65804457994e-14, 4.3341854411e-11, -2.78927814006e-14, 5.65213349214e-13, 1.04959843714e-13, 1.23929826904e-12, 1.29097401172e-11, 5.66725431774e-13, 2.41005392726e-11, 2.24745760197e-11, 1.11052236851e-10, 3.0446665189e-09, 1.08332720572e-09, 1.34726561504e-11, 3.1322626784e-12, 2.21731717731e-13, 3.96133077512e-13, 8.77588678268e-14, 1.83509815078e-15, 1.50082115094e-16], [4.34745053396e-17, -6.79577709956e-16, 4.12712144868e-15, -9.90575555067e-15, 3.68039135951e-14, 4.67404706519e-13, 6.28613643344e-15, 1.41132248507e-14, 3.97338455541e-12, 2.60611094981e-15, 4.8795247221e-14, 7.75610705625e-15, 1.00053469741e-13, 1.12276962901e-12, 4.01517604972e-14, 2.14897977885e-12, 2.14779301115e-12, 9.39827903002e-12, 2.60906241056e-10, 1.03777132721e-10, 1.34438749196e-12, 2.21731717731e-13, 2.32885051169e-14, 3.3190260978e-14, 8.6248045652e-15, 1.89570671981e-16, 1.74013555329e-17], [3.43722264227e-17, -1.55737891726e-15, -1.29895314611e-14, -9.5698146605e-15, 6.90083544304e-15, 8.4996538887e-13, 1.19501330963e-14, 1.96484267658e-14, 7.93335449417e-12, 2.34513268722e-15, 5.44550061781e-14, 1.62627259614e-14, 1.7003354291e-13, 2.72594381963e-12, 9.93261937e-14, 3.97389456411e-12, 4.14533988732e-12, 1.86826387694e-11, 5.93860849385e-10, 2.10837070025e-10, 2.85570677348e-12, 3.96133077512e-13, 3.3190260978e-14, 8.60858964408e-14, 2.01513119207e-14, 3.62450771495e-16, 3.0652633436e-17], [-1.86536217807e-18, -1.22950231014e-15, -2.8632498238e-15, -4.31039312045e-15, -1.23159649322e-14, 3.1619487844e-13, 3.39801645175e-15, 4.45960729147e-15, 2.0762712296e-12, 1.67919157244e-15, 1.3746523959e-14, 6.92345418734e-15, 3.78148846871e-14, 6.98644430069e-13, 2.84841933569e-14, 7.90341208277e-13, 1.59093701754e-12, 6.59286861215e-12, 2.16139675602e-10, 7.65333491026e-11, 1.01021643308e-12, 8.77588678268e-14, 8.6248045652e-15, 2.01513119207e-14, 8.24902686848e-15, 1.15054602808e-16, 1.40853621651e-17], [3.47042695418e-19, -2.7948503913e-17, -5.82459426853e-17, -2.29782998669e-17, -1.29053029945e-17, 7.14197174708e-15, 8.02078724987e-17, 1.14101584863e-16, 4.23929893468e-14, 1.02341882349e-16, 3.59805249373e-16, 1.15578347102e-16, 6.18456606575e-16, 1.23003913844e-14, 4.59534855643e-16, 2.25884967605e-14, 2.87314761555e-14, 9.32890171904e-14, 3.26360661586e-12, 1.34132678922e-12, 1.87119318927e-14, 1.83509815078e-15, 1.89570671981e-16, 3.62450771495e-16, 1.15054602808e-16, 2.53326916367e-18, 2.99567051902e-19], [1.45400111708e-20, -2.23384673913e-18, -1.78961418881e-17, -3.51090855298e-18, -1.6595130714e-17, 8.61286341235e-16, 2.01500386581e-17, 1.08258718506e-17, 3.76309252246e-15, 2.07138052589e-17, -2.87354438431e-18, 1.7383096348e-17, 4.90394026152e-17, 1.97971822685e-16, 2.71806834355e-17, 1.01191595725e-15, 3.70486366602e-15, 8.300766182e-15, 3.47249030745e-13, 1.27416374435e-13, 2.17272527179e-15, 1.50082115094e-16, 1.74013555329e-17, 3.0652633436e-17, 1.40853621651e-17, 2.99567051902e-19, 7.62532053285e-20]]
    },
    "mfcc": {
        "kurt": [-0.720856666565, -0.522713184357, -1.18012142181, -1.23047220707, 1.22434234619, -0.572125434875, -0.263868808746, 1.15569353104, -0.241565227509, 1.90143966675, 1.50597858429, -0.491355419159, 0.297250270844],
        "max": [-808.875915527, 130.265258789, 24.9341163635, 91.4147644043, 1.62149047852, 7.88246917725, 42.2959976196, 16.2247562408, 5.74108505249, 42.479549408, 19.6276473999, 3.26253509521, 8.34659576416],
        "mean": [-936.178588867, 87.5546340942, -34.9203910828, 28.9893302917, -14.6027784348, -31.4628639221, 15.5152416229, 2.09485507011, -17.4255828857, 3.21044111252, -2.31352496147, -17.1464672089, -5.05332326889],
        "median": [-960.734130859, 99.6700363159, -26.321308136, 24.1124839783, -13.2917671204, -34.4278526306, 15.9546146393, 3.52485275269, -16.4398803711, 2.26623535156, -2.60107421875, -16.7279624939, -3.64922904968],
        "min": [-1138.42004395, 1.14440917969e-05, -121.359649658, -35.9949417114, -46.2850227356, -74.1688842773, -7.78772735596, -22.9260101318, -37.5113143921, -15.8055343628, -16.9587459564, -41.9726829529, -25.6983966827],
        "skew": [0.284209907055, -0.770932197571, -0.380950450897, 0.200145334005, -0.710979044437, 0.0136794513091, 0.0345285572112, -0.926243841648, -0.0517315901816, 1.17388176918, 0.941920638084, -0.029752921313, -0.724120497704],
        "var": [5404.03076172, 799.863708496, 1542.47216797, 1171.27087402, 63.2990188599, 362.238830566, 90.0645980835, 60.1479530334, 64.3723297119, 129.040664673, 45.9847183228, 87.4382324219, 52.3918685913],
        "cov": [[5454.53564453, -1481.46374512, -2756.41162109, 2341.5715332, -279.028808594, -1136.48706055, -96.5838851929, -143.361495972, 30.0283565521, 601.377807617, 184.406341553, -444.453460693, -197.629989624], [-1481.46374512, 807.339050293, 906.309814453, -762.693908691, 85.2068634033, 317.872955322, 86.6105804443, 55.4484710693, -67.0478439331, -199.630508423, -71.2020111084, 104.472557068, 65.6076431274], [-2756.41162109, 906.309814453, 1556.88781738, -1264.31787109, 117.780181885, 616.496520996, 29.2042961121, 76.2077713013, -11.3506593704, -341.532745361, -110.751739502, 258.812927246, 100.620018005], [2341.5715332, -762.693908691, -1264.31787109, 1182.21728516, -93.158744812, -574.562866211, -6.94890022278, -16.9500331879, -7.64941453934, 260.932159424, 89.6708145142, -211.657165527, -48.890586853], [-279.028808594, 85.2068634033, 117.780181885, -93.158744812, 63.8905982971, 43.0172538757, 24.1085033417, 9.10873985291, -11.1164360046, -11.9946804047, -11.500453949, 0.134084403515, 19.244260788], [-1136.48706055, 317.872955322, 616.496520996, -574.562866211, 43.0172538757, 365.624237061, -31.6641120911, -9.67251682281, 48.0636405945, -115.892524719, -38.9033966064, 112.406082153, 6.10651826859], [-96.5838851929, 86.6105804443, 29.2042961121, -6.94890022278, 24.1085033417, -31.6641120911, 90.9063262939, 30.405122757, -44.974105835, -2.34537339211, -1.69091653824, -19.0228252411, 14.477312088], [-143.361495972, 55.4484710693, 76.2077713013, -16.9500331879, 9.10873985291, -9.67251682281, 30.405122757, 60.7100830078, -20.9946975708, -35.7934570312, 1.25653219223, 5.10774087906, 30.3992824554], [30.0283565521, -67.0478439331, -11.3506593704, -7.64941453934, -11.1164360046, 48.0636405945, -44.974105835, -20.9946975708, 64.9739379883, 14.2305755615, -7.66503095627, 15.7999258041, -14.8095645905], [601.377807617, -199.630508423, -341.532745361, 260.932159424, -11.9946804047, -115.892524719, -2.34537339211, -35.7934570312, 14.2305755615, 130.246643066, 27.5634403229, -73.3279037476, -27.9711055756], [184.406341553, -71.2020111084, -110.751739502, 89.6708145142, -11.500453949, -38.9033966064, -1.69091653824, 1.25653219223, -7.66503095627, 27.5634403229, 46.4144821167, -8.44857025146, -10.0218772888], [-444.453460693, 104.472557068, 258.812927246, -211.657165527, 0.134084403515, 112.406082153, -19.0228252411, 5.10774087906, 15.7999258041, -73.3279037476, -8.44857025146, 88.2554092407, 15.4769277573], [-197.629989624, 65.6076431274, 100.620018005, -48.890586853, 19.244260788, 6.10651826859, 14.477312088, 30.3992824554, -14.8095645905, -27.9711055756, -10.0218772888, 15.4769277573, 52.8815116882]]
    },
    "sccoeffs": {
        "kurt": [2.57679700851, -0.115335226059, -0.575503826141, 1.01136541367, -0.952830791473, -0.915649652481],
        "max": [-0.691790819168, -0.703518629074, -0.70743483305, -0.602729022503, -0.414379000664, -0.703150451183],
        "mean": [-0.783836901188, -0.832767724991, -0.838106572628, -0.807120740414, -0.729653835297, -0.794574320316],
        "median": [-0.780061542988, -0.843371927738, -0.860490679741, -0.833302378654, -0.751716017723, -0.813091993332],
        "min": [-0.946447372437, -0.970871448517, -0.984788179398, -0.977456450462, -0.947747528553, -0.920415341854],
        "skew": [-0.892329156399, 0.385244041681, 0.679624378681, 1.23296761513, 0.536473751068, 0.381390601397],
        "var": [0.00136935943738, 0.00251274975017, 0.00384076591581, 0.00488691031933, 0.0203687101603, 0.00237273727544],
        "cov": [[0.00138215720654, 4.64658078272e-05, 0.000252707337495, 0.000249970296863, 0.000116037030239, 0.000176817949978], [4.64658078272e-05, 0.00253623328172, 0.00215767440386, 0.00221172580495, 0.00531318830326, 0.00180613691919], [0.000252707337495, 0.00215767440386, 0.00387666095048, 0.00347312586382, 0.00748642068356, 0.00262349587865], [0.000249970296863, 0.00221172580495, 0.00347312586382, 0.00493258237839, 0.00787444785237, 0.0027301623486], [0.000116037030239, 0.00531318830326, 0.00748642068356, 0.00787444785237, 0.0205590724945, 0.00645921891555], [0.000176817949978, 0.00180613691919, 0.00262349587865, 0.0027301623486, 0.00645921891555, 0.00239491229877]]
    },
    "scvalleys": {
        "kurt": [73.2834396362, 66.9678192139, 67.2360153198, 50.1982421875, 23.3083610535, 9.74182701111],
        "max": [-8.45024967194, -7.86533164978, -7.73510169983, -8.99735546112, -8.20748615265, -11.3165521622],
        "mean": [-9.21979522705, -8.59780216217, -8.60109901428, -9.81960201263, -10.0034322739, -12.7060499191],
        "median": [-9.13766670227, -8.48543357849, -8.5234670639, -9.78496932983, -10.1171588898, -12.979432106],
        "min": [-17.0959186554, -15.8229293823, -15.151556015, -15.2095813751, -16.8002433777, -17.8379688263],
        "skew": [-7.98921108246, -7.5466375351, -7.54144144058, -6.10246515274, -3.45172286034, -1.60821008682],
        "var": [0.68380767107, 0.601487696171, 0.493415981531, 0.385023504496, 0.883658230305, 0.743411242962],
        "cov": [[0.690198361874, 0.547950804234, 0.509604990482, 0.42904099822, 0.549430727959, 0.419883519411], [0.547950804234, 0.607109069824, 0.475098907948, 0.413744568825, 0.544291853905, 0.421462595463], [0.509604990482, 0.475098907948, 0.498027324677, 0.370738297701, 0.494583696127, 0.383248895407], [0.42904099822, 0.413744568825, 0.370738297701, 0.388621866703, 0.536953747272, 0.41868686676], [0.549430727959, 0.544291853905, 0.494583696127, 0.536953747272, 0.891916692257, 0.747025549412], [0.419883519411, 0.421462595463, 0.383248895407, 0.41868686676, 0.747025549412, 0.750358998775]]
    }
},
"rhythm": {
    "beats_loudness": {
        "kurt": -0.729878902435,
        "max": 0.0105121387169,
        "mean": 0.00304288743064,
        "median": 0.000824096438009,
        "min": 1.12179550342e-05,
        "skew": 1.08221888542,
        "var": 1.90122718777e-05
    },
    "bpm": 124.047264099,
    "confidence": 0,
    "first_peak_bpm": {
        "kurt": 0,
        "max": 123,
        "mean": 123,
        "median": 123,
        "min": 123,
        "skew": 0,
        "var": 0
    },
    "first_peak_spread": {
        "kurt": 0,
        "max": 0.333333313465,
        "mean": 0.333333313465,
        "median": 0.333333313465,
        "min": 0.333333313465,
        "skew": 0,
        "var": 0
    },
    "first_peak_weight": {
        "kurt": 0,
        "max": 0.666666686535,
        "mean": 0.666666686535,
        "median": 0.666666686535,
        "min": 0.666666686535,
        "skew": 0,
        "var": 0
    },
    "onset_rate": 2.03085422516,
    "second_peak_bpm": {
        "kurt": 0,
        "max": 0,
        "mean": 0,
        "median": 0,
        "min": 0,
        "skew": 0,
        "var": 0
    },
    "second_peak_spread": {
        "kurt": 0,
        "max": 0,
        "mean": 0,
        "median": 0,
        "min": 0,
        "skew": 0,
        "var": 0
    },
    "second_peak_weight": {
        "kurt": 0,
        "max": 0,
        "mean": 0,
        "median": 0,
        "min": 0,
        "skew": 0,
        "var": 0
    },
    "beats_loudness_band_ratio": {
        "kurt": [-1.68485367298, -1.6378235817, -0.82497882843, -0.807038784027, -1.00678670406, -1.06290519238],
        "max": [0.0921461954713, 0.20183712244, 0.238678574562, 0.318798661232, 0.0697897821665, 0.95693808794],
        "mean": [0.0383349396288, 0.0837389826775, 0.0868701338768, 0.0988583266735, 0.0519316606224, 0.655469238758],
        "median": [0.0305320266634, 0.0658632814884, 0.0509429350495, 0.0380715504289, 0.0518857389688, 0.770551562309],
        "min": [0.000129505773657, 0.00139225553721, 0.00691607315093, 0.000491561368108, 0.0341653712094, 0.123835787177],
        "skew": [0.240932792425, 0.277303636074, 0.956126332283, 1.00136864185, 0.0108897397295, -0.74693697691],
        "var": [0.00154973391909, 0.00720297265798, 0.00816922076046, 0.0169293656945, 0.000158910581376, 0.108952909708],
        "cov": [[0.00206631189212, 0.00445346022025, 0.00428262725472, 0.0061741261743, 0.000532413192559, -0.0165911726654], [0.00445346022025, 0.00960396323353, 0.00933604035527, 0.0134552409872, 0.00116126413923, -0.0360170193017], [0.00428262725472, 0.00933604035527, 0.0108922943473, 0.0156148672104, 0.00136936956551, -0.0393097065389], [0.0061741261743, 0.0134552409872, 0.0156148672104, 0.0225724875927, 0.00187707180157, -0.0565345995128], [0.000532413192559, 0.00116126413923, 0.00136936956551, 0.00187707180157, 0.000211880775169, -0.00488782161847], [-0.0165911726654, -0.0360170193017, -0.0393097065389, -0.0565345995128, -0.00488782161847, 0.14527054131]]
    },
    "beats_position": [0.476009070873, 0.96362811327, 1.43963718414, 1.92725622654],
    "bpm_estimates": [123.046875, 126.048019409, 123.046875],
    "bpm_intervals": [0.487619042397, 0.476009070873, 0.487619042397],
    "onset_times": [0.0348299331963, 0.267029464245, 0.708208620548, 0.9287981987, 1.1261677742],
    "histogram": [[0, 0, 0, 0, 0, 0, 0, 0, 0, 0, 0, 0, 0, 0, 0, 0, 0, 0, 0, 0, 0, 0, 0, 0, 0, 0, 0, 0, 0, 0, 0, 0, 0, 0, 0, 0, 0, 0, 0, 0, 0, 0, 0, 0, 0, 0, 0, 0, 0, 0, 0, 0, 0, 0, 0, 0, 0, 0, 0, 0, 0, 0, 0, 0, 0, 0, 0, 0, 0, 0, 0, 0, 0, 0, 0, 0, 0, 0, 0, 0, 0, 0, 0, 0, 0, 0, 0, 0, 0, 0, 0, 0, 0, 0, 0, 0, 0, 0, 0, 0, 0, 0, 0, 0, 0, 0, 0, 0, 0, 0, 0, 0, 0, 0, 0, 0, 0, 0, 0, 0, 0, 0, 0, 0.666666686535, 0, 0, 0.333333343267, 0, 0, 0, 0, 0, 0, 0, 0, 0, 0, 0, 0, 0, 0, 0, 0, 0, 0, 0, 0, 0, 0, 0, 0, 0, 0, 0, 0, 0, 0, 0, 0, 0, 0, 0, 0, 0, 0, 0, 0, 0, 0, 0, 0, 0, 0, 0, 0, 0, 0, 0, 0, 0, 0, 0, 0, 0, 0, 0, 0, 0, 0, 0, 0, 0, 0, 0, 0, 0, 0, 0, 0, 0, 0, 0, 0, 0, 0, 0, 0, 0, 0, 0, 0, 0, 0, 0, 0, 0, 0, 0, 0, 0, 0, 0, 0, 0, 0, 0, 0, 0, 0, 0, 0, 0, 0, 0, 0, 0, 0, 0, 0, 0, 0, 0, 0, 0, 0, 0, 0, 0, 0, 0]]
},
"sfx": {
    "inharmonicity": {
        "kurt": -0.0112340450287,
        "max": 0.417491883039,
        "mean": 0.120433703065,
        "median": 0.0936889573932,
        "min": 0,
        "skew": 0.816050231457,
        "var": 0.0119578167796
    },
    "oddtoevenharmonicenergyratio": {
        "kurt": 85.6888961792,
        "max": 61.6390953064,
        "mean": 1.73425984383,
        "median": 0.582509994507,
        "min": 0,
        "skew": 9.01298236847,
        "var": 36.6844520569
    },
    "pitch_after_max_to_before_max_energy_ratio": 0.0750932395458,
    "pitch_centroid": 46.7308692932,
    "pitch_max_to_total": 0.666666686535,
    "pitch_min_to_total": 0.0833333358169,
    "tristimulus": {
        "kurt": [-0.191202640533, -1.12572312355, -1.34723365307],
        "max": [1, 0.580350339413, 1],
        "mean": [0.305074065924, 0.193485364318, 0.50144046545],
        "median": [0.155654758215, 0.161702871323, 0.558948159218],
        "min": [0, 0, 0],
        "skew": [1.20854198933, 0.441221863031, -0.228532671928],
        "var": [0.130635172129, 0.027421252802, 0.113760106266],
        "cov": [[0.131856068969, -0.0223551969975, -0.109500914812], [-0.0223551969975, 0.0276775266975, -0.00532232690603], [-0.109500914812, -0.00532232690603, 0.114823289216]]
    }
},
"tonal": {
    "chords_changes_rate": 0.0727272704244,
    "chords_number_rate": 0.0545454546809,
    "chords_strength": {
        "kurt": 2.8560295105,
        "max": 0.587358891964,
        "mean": 0.514756441116,
        "median": 0.527759075165,
        "min": 0.325093924999,
        "skew": -1.71210646629,
        "var": 0.00322963949293
    },
    "key_strength": 0.450510025024,
    "tuning_diatonic_strength": 0.381653159857,
    "tuning_equal_tempered_deviation": 0.213605999947,
    "tuning_frequency": 449.245300293,
    "tuning_nontempered_energy_ratio": 0.830193340778,
    "hpcp": {
        "kurt": [1.46313762665, -0.979700088501, -1.0849609375, -0.077511548996, 5.68904876709, 9.39698219299, 1.85828876495, 0.515744447708, -0.466280698776, 0.172996282578, 2.55107116699, 2.53719711304, 1.75255393982, 2.86109638214, 1.51987504959, 0.628557682037, 7.39275550842, 2.38869571686, 1.10968065262, 0.925035715103, 3.18648147583, 0.31406545639, 0.730396032333, 2.22451353073, 1.77341413498, 2.56674146652, 2.56858682632, 2.94830989838, 1.20941066742, 6.77303981781, 2.9870929718, 1.18242120743, -0.589429616928, -1.60841119289, 2.9953494072, 23.9836330414],
        "max": [0.606515645981, 1, 1, 0.634025037289, 0.977120041847, 1, 0.841825127602, 1, 1, 1, 0.849031448364, 1, 0.997944891453, 1, 0.765130102634, 0.616253376007, 1, 0.712562143803, 0.975160062313, 1, 0.964649200439, 0.819791913033, 1, 1, 0.659659087658, 0.73714697361, 1, 0.897394001484, 0.53321069479, 0.6163007617, 0.456447958946, 0.501615464687, 1, 1, 1, 1],
        "mean": [0.136740922928, 0.384814292192, 0.444639146328, 0.232398763299, 0.128766208887, 0.116908855736, 0.172391921282, 0.249405547976, 0.284792780876, 0.218895792961, 0.153569921851, 0.170763000846, 0.172897532582, 0.163711309433, 0.143837049603, 0.132603153586, 0.128346845508, 0.127025738358, 0.189796671271, 0.220331609249, 0.182954773307, 0.227695703506, 0.248871043324, 0.174579009414, 0.123879060149, 0.123441047966, 0.167772039771, 0.168779402971, 0.110262036324, 0.0811869725585, 0.0804206356406, 0.119482800364, 0.462305784225, 0.64598095417, 0.311066120863, 0.0853065773845],
