{
"metadata": {
    "version": {
        "essentia": "2.1-beta3"
    }
},
"lowLevel": {
    "average_loudness": 0.268741577864,
    "barkbands_kurtosis": {
        "kurt": 93.8685760498,
        "max": 70.6794204712,
        "mean": -0.0980876609683,
        "median": -0.96145772934,
        "min": -1.71983349323,
        "skew": 8.6303024292,
        "var": 19.3238716125
    },
    "barkbands_skewness": {
        "kurt": 15.6845054626,
        "max": 1.95687949657,
        "mean": -0.0982767641544,
        "median": 0.0583734102547,
        "min": -8.11947727203,
        "skew": -3.31032538414,
        "var": 0.89573597908
    },
    "barkbands_spread": {
        "kurt": 0.0792014598846,
        "max": 46.4985351562,
        "mean": 26.0387229919,
        "median": 26.8890476227,
        "min": 2.14953327179,
        "skew": -0.55453902483,
        "var": 61.6059684753
    },
    "dissonance": {
        "kurt": 7.59406757355,
        "max": 0.499857515097,
        "mean": 0.482435673475,
        "median": 0.486667752266,
        "min": 0.371949017048,
        "skew": -2.28448295593,
        "var": 0.000249907723628
    },
    "hfc": {
        "kurt": 52.0115623474,
        "max": 206.437545776,
        "mean": 7.89074611664,
        "median": 3.75604915619,
        "min": 0.27256321907,
        "skew": 6.90535449982,
        "var": 386.046691895
    },
    "pitch": {
        "kurt": 6.14055633545,
        "max": 4229.46240234,
        "mean": 593.65057373,
        "median": 273.020080566,
        "min": 70.9081039429,
        "skew": 2.79343032837,
        "var": 941260.625
    },
    "pitch_instantaneous_confidence": {
        "kurt": 0.308006286621,
        "max": 0.958898425102,
        "mean": 0.325619548559,
        "median": 0.205709576607,
        "min": 0.103293657303,
        "skew": 1.32489705086,
        "var": 0.0552123822272
    },
    "pitch_salience": {
        "kurt": 1.48277997971,
        "max": 0.865990996361,
        "mean": 0.710966229439,
        "median": 0.752941846848,
        "min": 0.227910980582,
        "skew": -1.42202889919,
        "var": 0.011359449476
    },
    "silence_rate_20dB": {
        "kurt": 0,
        "max": 1,
        "mean": 1,
        "median": 1,
        "min": 1,
        "skew": 0,
        "var": 0
    },
    "silence_rate_30dB": {
        "kurt": 0,
        "max": 1,
        "mean": 1,
        "median": 1,
        "min": 1,
        "skew": 0,
        "var": 0
    },
    "silence_rate_60dB": {
        "kurt": -1.3758739233,
        "max": 1,
        "mean": 0.683690309525,
        "median": 1,
        "min": 0,
        "skew": -0.790023028851,
        "var": 0.216255784035
    },
    "spectral_centroid": {
        "kurt": 2.33425426483,
        "max": 3607.88598633,
        "mean": 1555.85131836,
        "median": 1502.22631836,
        "min": 609.308105469,
        "skew": 1.18572092056,
        "var": 229542.140625
    },
    "spectral_complexity": {
        "kurt": -0.230035066605,
        "max": 29,
        "mean": 10.1554088593,
        "median": 9,
        "min": 0,
        "skew": 0.560398459435,
        "var": 33.0548362732
    },
    "spectral_crest": {
        "kurt": 6.97689914703,
        "max": 25.5775165558,
        "mean": 5.76521587372,
        "median": 4.19178581238,
        "min": 2.10133838654,
        "skew": 2.5805952549,
        "var": 18.0776824951
    },
    "spectral_decrease": {
        "kurt": 22.7206077576,
        "max": -3.53975702916e-11,
        "mean": -9.08345954009e-10,
        "median": -5.21941045939e-10,
        "min": -1.11705142913e-08,
        "skew": -4.26105737686,
        "var": 1.59950426124e-18
    },
    "spectral_energy": {
        "kurt": 30.9103279114,
        "max": 0.0608845874667,
        "mean": 0.00414402317256,
        "median": 0.00232981401496,
        "min": 0.000158321185154,
        "skew": 5.02711725235,
        "var": 4.143327169e-05
    },
    "spectral_energyband_high": {
        "kurt": 120.309997559,
        "max": 0.0032738414593,
        "mean": 0.000142775912536,
        "median": 0.00011198419088,
        "min": 1.00307133835e-05,
        "skew": 7.35944318771,
        "var": 2.2488116258e-08
    },
    "spectral_energyband_low": {
        "kurt": 11.910118103,
        "max": 0.00125021289568,
        "mean": 0.00014934669889,
        "median": 0.000103149424831,
        "min": 5.78174876864e-06,
        "skew": 2.9262573719,
        "var": 2.22663505411e-08
    },
    "spectral_energyband_middle_high": {
        "kurt": 40.3799743652,
        "max": 0.0600053705275,
        "mean": 0.00280695548281,
        "median": 0.00131804100238,
        "min": 0.000107827254396,
        "skew": 5.93986177444,
        "var": 3.63558756362e-05
    },
    "spectral_energyband_middle_low": {
        "kurt": 12.8100299835,
        "max": 0.0123440865427,
        "mean": 0.00113247730769,
        "median": 0.00068676052615,
        "min": 3.02047574223e-05,
        "skew": 3.32950615883,
        "var": 1.98976158572e-06
    },
    "spectral_flatness_db": {
        "kurt": 3.02497911453,
        "max": 0.315062582493,
        "mean": 0.152137875557,
        "median": 0.141608655453,
        "min": 0.0669290870428,
        "skew": 1.6745070219,
        "var": 0.00120074022561
    },
    "spectral_flux": {
        "kurt": 33.5129890442,
        "max": 0.172932267189,
        "mean": 0.0305149778724,
        "median": 0.0292148329318,
        "min": 0.0124463513494,
        "skew": 3.85765266418,
        "var": 0.000145502723171
    },
    "spectral_kurtosis": {
        "kurt": 3.07035827637,
        "max": 20.2256622314,
        "mean": 4.34252786636,
        "median": 3.7320356369,
        "min": 0.494162797928,
        "skew": 1.50155305862,
        "var": 6.30764579773
    },
    "spectral_rms": {
        "kurt": 9.3657283783,
        "max": 0.0077071134001,
        "mean": 0.00175625737756,
        "median": 0.00150764361024,
        "min": 0.000393013615394,
        "skew": 2.60428357124,
        "var": 9.58513055593e-07
    },
    "spectral_rolloff": {
        "kurt": -0.57809138298,
        "max": 4565.0390625,
        "mean": 2899.0793457,
        "median": 2993.11523438,
        "min": 947.4609375,
        "skew": -0.505648255348,
        "var": 493109.75
    },
    "spectral_skewness": {
        "kurt": 0.868599891663,
        "max": 2.81313681602,
        "mean": 1.33697342873,
        "median": 1.29425799847,
        "min": 0.548569202423,
        "skew": 0.807587444782,
        "var": 0.112073585391
    },
    "spectral_spread": {
        "kurt": 71.2975082397,
        "max": 14054198,
        "mean": 3085244.5,
        "median": 3020022.5,
        "min": 1842523.25,
        "skew": 5.40666437149,
        "var": 355270131712
    },
    "spectral_strongpeak": {
        "kurt": 22.1408290863,
        "max": 25.857421875,
        "mean": 1.15047907829,
        "median": 0.155041471124,
        "min": 0.00785134639591,
        "skew": 4.34070301056,
        "var": 7.96598625183
    },
    "zerocrossingrate": {
        "kurt": 0.859166622162,
        "max": 0.1689453125,
        "mean": 0.0888854190707,
        "median": 0.08837890625,
        "min": 0.0322265625,
        "skew": 0.546853363514,
        "var": 0.000417567614932
    },
    "barkbands": {
        "kurt": [40.1330490112, 15.8196048737, 21.1549987793, 27.003862381, 26.0338916779, 45.2271308899, 89.7418212891, 41.2845687866, 54.8438453674, 71.7211990356, 238.341384888, 21.1073970795, 17.9542198181, 32.5581932068, 45.9341468811, 66.4902648926, 74.7592163086, 34.9747200012, 65.9374160767, 39.2162246704, 133.631240845, 29.2877883911, 55.0254211426, 141.328933716, 107.714431763, 217.391967773, 1664.50463867],
        "max": [1.9014794816e-05, 0.000636208569631, 0.000700080650859, 0.0013575097546, 0.00606301892549, 0.00375473313034, 0.00946753844619, 0.00419628433883, 0.00525305606425, 0.00510650034994, 0.0119019038975, 0.00142207858153, 0.00424212729558, 0.0056144981645, 0.0026688654907, 0.00857844669372, 0.0120447417721, 0.00985561590642, 0.0552738755941, 0.0030956924893, 0.00133769446984, 0.000195970613277, 5.47110103071e-05, 3.63251128874e-05, 1.13257838166e-05, 2.50538164437e-07, 7.8222704758e-08],
        "mean": [8.81050425505e-07, 4.97166147397e-05, 5.4719257605e-05, 8.50021970109e-05, 0.000297224207316, 0.000171503255842, 0.0002027485898, 0.000155630841618, 0.000165843084687, 0.000177548528882, 0.000174326793058, 0.000130721877213, 0.000216169501073, 0.000217680906644, 0.000116050861834, 0.000214218976907, 0.000286457478069, 0.000342512386851, 0.000840823049657, 0.000178006695933, 5.03432202095e-05, 1.3105830476e-05, 2.12915801967e-06, 5.11681889748e-07, 1.50114658481e-07, 2.34002994759e-09, 1.97245622613e-10],
        "median": [4.74045094734e-07, 2.58875679719e-05, 3.42993334925e-05, 5.15494575666e-05, 0.00013384752674, 9.61147161433e-05, 7.44831559132e-05, 7.52649066271e-05, 8.58556522871e-05, 0.0001017616014, 9.86583254416e-05, 9.20121819945e-05, 8.22361471364e-05, 7.96592357801e-05, 6.34841417195e-05, 7.16818467481e-05, 8.92483367352e-05, 0.00010820668831, 0.000134881338454, 0.000129843087052, 3.81240279239e-05, 9.24843880057e-06, 1.06987147319e-06, 1.60116599091e-07, 2.78268341702e-08, 5.41976685753e-10, 4.63668443917e-11],
        "min": [2.83971890447e-09, 2.61230184151e-07, 5.07583877152e-07, 2.03409328492e-07, 1.92853735825e-06, 6.98167070823e-07, 4.91430910188e-06, 3.92850097342e-06, 7.49501214159e-06, 4.00847284254e-06, 3.96817722503e-06, 5.64127230973e-06, 5.10505788043e-06, 4.47540105597e-06, 5.06713195136e-06, 5.24056758877e-06, 5.36169000043e-06, 5.08504126628e-06, 2.94488836516e-06, 1.03510028566e-05, 3.13622649628e-06, 3.82467021609e-07, 5.6394998893e-08, 1.19023813028e-08, 3.06178771226e-09, 9.17046022453e-11, 2.88608221523e-12],
        "skew": [5.10608863831, 3.304718256, 3.73603272438, 4.06171894073, 4.9337143898, 6.11707210541, 8.6138343811, 5.79850912094, 6.76253461838, 7.38186168671, 14.3243160248, 3.92193412781, 4.07820034027, 5.11019039154, 6.48528385162, 7.55483341217, 8.12235546112, 5.80528879166, 8.10800075531, 4.88120126724, 8.31405067444, 3.96453285217, 6.63372135162, 11.1131095886, 9.94385528564, 12.4327926636, 40.0106086731],
        "var": [1.88513094024e-12, 4.44673764477e-09, 4.31639124443e-09, 1.16398393146e-08, 4.2822443902e-07, 9.81807630751e-08, 3.49171187963e-07, 1.06944241907e-07, 1.43868732039e-07, 1.11089555332e-07, 3.03787061284e-07, 1.90424174207e-08, 2.17860844032e-07, 2.26120903335e-07, 6.41907291765e-08, 4.84195595618e-07, 9.10199389637e-07, 1.19839148738e-06, 2.63254805759e-05, 4.63174316678e-08, 3.67756580744e-09, 2.13817324957e-10, 1.85231240069e-11, 5.10750339591e-12, 6.27392940118e-13, 1.080024381e-16, 3.49385787901e-18],
        "cov": [[1.88616678699e-12, 1.45167306995e-11, 1.85332391794e-12, -1.11179479251e-12, -2.51362628628e-11, 1.40704444623e-11, 4.07178075978e-11, -2.50930994733e-11, -2.07438736327e-11, 1.0917448369e-11, -1.84165981076e-11, -1.00233111741e-11, -3.28873699107e-11, 3.13754751347e-11, -1.62901202944e-11, -2.96992430648e-11, -3.5839498036e-11, -7.12887110454e-11, 2.0309680604e-09, 6.46227654721e-11, 1.36089039343e-11, 3.61921582114e-12, 1.31217183386e-12, 7.67981002143e-13, 2.65248055725e-13, 2.89030956185e-15, 7.38155663086e-17], [1.45167306995e-11, 4.4491810236e-09, 1.74486713966e-09, 1.76170456001e-09, 2.98742097726e-09, 4.83800999262e-09, 9.62446566888e-09, -8.74607331003e-10, -5.37685507229e-10, 1.20550347482e-09, -5.07821562579e-10, 7.66309737887e-10, -1.88425430814e-09, 1.84189230534e-09, -2.03200997695e-10, 5.12511200146e-10, 3.22877080627e-09, -4.53779502863e-09, 7.35324467982e-09, 2.06849293249e-09, 7.60434715197e-10, 1.59265434174e-10, 2.84220867328e-12, -3.35481534046e-12, -1.53129158659e-12, -1.17962687144e-14, -1.07676405854e-15], [1.85332391794e-12, 1.74486713966e-09, 4.3187631249e-09, 3.36655969768e-09, 5.22207788123e-09, 1.28822730261e-09, 1.66201086227e-09, -6.20765883141e-10, -6.21949214352e-10, -3.18314902215e-10, -3.18866322235e-10, 1.1206914563e-10, -2.26653851243e-09, -2.58979088175e-10, -3.66039282218e-10, 1.43352552051e-09, 3.11760817162e-09, -3.7172629419e-09, 2.21861657934e-08, 1.79291559377e-09, 4.39344671754e-10, 1.04341910112e-10, 6.29170717262e-12, -9.08659486629e-13, -4.24785450955e-13, -6.38361563198e-16, -9.08360885493e-16], [-1.11179479251e-12, 1.76170456001e-09, 3.36655969768e-09, 1.16462341992e-08, 1.15349472196e-08, 1.99034122517e-09, 2.39439823524e-09, 1.07387210235e-09, -5.66030389226e-10, 9.2624002912e-10, 7.06244396298e-10, 1.05076358725e-09, -1.47136325346e-09, 7.5539019484e-10, -1.70678277067e-10, 2.18937468155e-09, 8.20492473963e-09, -6.66693145135e-09, 4.44450591885e-08, 3.81280740314e-09, 6.72146172054e-10, 1.91628615753e-10, 1.81716152542e-11, -3.18738676945e-12, -1.98693730739e-12, -2.47669875738e-14, 6.94739335014e-16], [-2.51362628628e-11, 2.98742097726e-09, 5.22207788123e-09, 1.15349472196e-08, 4.2845971393e-07, 2.33127206428e-08, 6.26653751112e-09, 1.40188404885e-07, 1.41078846383e-08, -1.08950903854e-09, 1.2822551021e-08, 3.97512351924e-08, 1.73616058419e-07, 2.54896441731e-08, 3.09779757401e-08, -1.37283020507e-08, -1.52245807072e-08, -3.71179744718e-08, 1.59123523247e-08, 3.64157104471e-09, 3.04821679009e-09, 3.1509822529e-10, 3.2851703996e-11, 4.07960505655e-11, 1.89863125222e-11, 9.85424375021e-14, 2.2749317824e-14], [1.40704444623e-11, 4.83800999262e-09, 1.28822730261e-09, 1.99034122517e-09, 2.33127206428e-08, 9.82347074796e-08, 1.10412671006e-07, 3.70322528198e-09, 4.41391172501e-08, 1.81304429248e-08, 1.42285239146e-09, 5.12809927855e-09, 5.71509239933e-08, 7.2034517018e-08, 3.51155158285e-08, 1.89056521549e-08, 3.93360153339e-08, -1.78769732351e-09, 2.96890867446e-08, 4.86520868037e-09, 2.55352827772e-09, 5.92357995988e-10, 3.08400457949e-11, 5.07226292218e-12, 2.26767649797e-12, -1.59335554055e-14, 7.38297887859e-15], [4.07178075978e-11, 9.62446566888e-09, 1.66201086227e-09, 2.39439823524e-09, 6.26653751112e-09, 1.10412671006e-07, 3.49363062924e-07, 1.57579869153e-08, 1.13553424441e-08, 7.01378226609e-08, 1.9515281835e-08, 9.07905395309e-09, 2.01376515463e-08, 1.14331982104e-07, -1.403331229e-09, 4.6929660158e-08, 9.67758992942e-08, 2.54177603409e-08, 6.51307630051e-09, 6.55469012401e-09, 4.03780608949e-09, 1.37971833958e-09, 1.24873861251e-10, 1.04572045467e-11, -3.91611526193e-12, -2.73526081613e-14, 1.8058525595e-14], [-2.50930994733e-11, -8.74607331003e-10, -6.20765883141e-10, 1.07387210235e-09, 1.40188404885e-07, 3.70322528198e-09, 1.57579869153e-08, 1.07002996685e-07, 5.56790258344e-09, 3.35350502922e-09, 1.08707940427e-08, 1.73603069697e-08, 8.12181681908e-08, 1.58006479012e-08, 1.45892871117e-08, 3.91341514749e-10, -2.28401653146e-09, -1.21305863132e-08, 3.73252788677e-08, -8.35056357396e-10, -3.4946334021e-12, 4.57451368452e-11, 7.353920424e-12, -1.39072477492e-11, -2.47745162059e-12, -7.93794758115e-14, 7.59261190974e-15], [-2.07438736327e-11, -5.37685507229e-10, -6.21949214352e-10, -5.66030389226e-10, 1.41078846383e-08, 4.41391172501e-08, 1.13553424441e-08, 5.56790258344e-09, 1.43947787024e-07, 3.91450560855e-09, 4.11229628128e-09, 1.30279964594e-08, 1.018088156e-07, 7.72543202743e-08, 6.111805817e-08, 4.2435132741e-08, 4.07185352103e-09, 1.20963905559e-08, -6.85467753669e-08, -5.52800194509e-10, 1.50244794384e-09, 3.12751574638e-10, -5.69684716067e-11, -3.2127148164e-11, -3.01296487759e-12, -8.29851595427e-14, 2.63164073459e-15], [1.0917448369e-11, 1.20550347482e-09, -3.18314902215e-10, 9.2624002912e-10, -1.08950903854e-09, 1.81304429248e-08, 7.01378226609e-08, 3.35350502922e-09, 3.91450560855e-09, 1.11150590953e-07, 3.42484334226e-08, 1.38628086788e-08, 8.65241478465e-09, 4.88170890378e-08, -4.73009520441e-10, 6.57762768697e-08, 7.53171605083e-08, 4.66599416882e-08, 6.86968277819e-08, 5.49723866428e-09, 1.31887634147e-09, 8.96293039787e-10, 3.25613147556e-10, 2.68304631984e-11, 1.25433691212e-12, 1.97328861151e-14, 9.90286123909e-15], [-1.84165981076e-11, -5.07821562579e-10, -3.18866322235e-10, 7.06244396298e-10, 1.2822551021e-08, 1.42285239146e-09, 1.9515281835e-08, 1.08707940427e-08, 4.11229628128e-09, 3.42484334226e-08, 3.03953981984e-07, 1.79215415841e-08, 2.82902732351e-08, 9.84041790275e-08, 3.64059316027e-09, 1.85145481169e-08, 1.35834374859e-08, 2.32829844293e-09, -5.4616911882e-08, 1.85659176921e-09, 7.42775771445e-11, -9.6883633928e-13, -5.82388789971e-11, -2.8336909208e-11, -9.49312850551e-12, -1.40501773085e-13, -2.06879792906e-15], [-1.00233111741e-11, 7.66309737887e-10, 1.1206914563e-10, 1.05076358725e-09, 3.97512351924e-08, 5.12809927855e-09, 9.07905395309e-09, 1.73603069697e-08, 1.30279964594e-08, 1.38628086788e-08, 1.79215415841e-08, 1.90528801625e-08, 2.95009598972e-08, 1.85218738125e-08, 5.05620079139e-09, 1.19191749803e-08, 5.429431571e-09, 1.5694794353e-09, -2.40879476365e-08, 2.06731010088e-09, 1.08613595895e-09, 2.68313593565e-10, 1.45930628692e-11, -1.24955156899e-12, 2.74925319056e-13, -6.65454833165e-15, 6.8203082325e-16], [-3.28873699107e-11, -1.88425430814e-09, -2.26653851243e-09, -1.47136325346e-09, 1.73616058419e-07, 5.71509239933e-08, 2.01376515463e-08, 8.12181681908e-08, 1.018088156e-07, 8.65241478465e-09, 2.82902732351e-08, 2.95009598972e-08, 2.17980542061e-07, 9.8270760418e-08, 7.95588306346e-08, 2.63214214868e-08, -1.3593468573e-09, 2.68805369075e-08, -8.00802695267e-08, -2.36559194455e-09, 1.79840886627e-09, 3.11414949383e-10, 6.06112035562e-11, 2.86954592033e-11, 2.10149137675e-11, 1.19082695094e-13, 1.69401710541e-14], [3.13754751347e-11, 1.84189230534e-09, -2.58979088175e-10, 7.5539019484e-10, 2.54896441731e-08, 7.2034517018e-08, 1.14331982104e-07, 1.58006479012e-08, 7.72543202743e-08, 4.88170890378e-08, 9.84041790275e-08, 1.85218738125e-08, 9.8270760418e-08, 2.26245148838e-07, 5.00066619225e-08, 1.1812681322e-07, 1.25569144416e-07, 8.7831729445e-08, 4.88030593715e-07, 1.50695509404e-08, 3.39021322127e-09, 1.5593436542e-09, 2.33931402027e-10, 2.2754621104e-11, 8.9776129239e-12, 3.5636424367e-14, 3.89976611659e-14], [-1.62901202944e-11, -2.03200997695e-10, -3.66039282218e-10, -1.70678277067e-10, 3.09779757401e-08, 3.51155158285e-08, -1.403331229e-09, 1.45892871117e-08, 6.111805817e-08, -4.73009520441e-10, 3.64059316027e-09, 5.05620079139e-09, 7.95588306346e-08, 5.00066619225e-08, 6.42260005179e-08, 6.08485137277e-11, -7.8334148057e-09, -6.92905333111e-09, -2.28249472656e-08, 8.71638983213e-10, 1.45878176205e-09, 8.43002195827e-11, -3.42241408824e-11, -1.19836597243e-11, 4.62407239235e-12, -3.25547728152e-14, 3.48831736371e-15], [-2.96992430648e-11, 5.12511200146e-10, 1.43352552051e-09, 2.18937468155e-09, -1.37283020507e-08, 1.89056521549e-08, 4.6929660158e-08, 3.91341514749e-10, 4.2435132741e-08, 6.57762768697e-08, 1.85145481169e-08, 1.19191749803e-08, 2.63214214868e-08, 1.1812681322e-07, 6.08485137277e-11, 4.84461622818e-07, 5.52343351501e-07, 1.61954417877e-07, 5.19399954158e-08, 9.04951225067e-09, 3.06015457419e-09, 3.18942006139e-09, 4.67867744547e-10, 3.58224179486e-11, 1.13589311568e-11, 1.29359454463e-13, 3.19976860221e-14], [-3.5839498036e-11, 3.22877080627e-09, 3.11760817162e-09, 8.20492473963e-09, -1.52245807072e-08, 3.93360153339e-08, 9.67758992942e-08, -2.28401653146e-09, 4.07185352103e-09, 7.53171605083e-08, 1.35834374859e-08, 5.429431571e-09, -1.3593468573e-09, 1.25569144416e-07, -7.8334148057e-09, 5.52343351501e-07, 9.10699498036e-07, 1.59403256816e-07, 2.50820448855e-07, 1.5195617209e-08, 3.64774876971e-09, 4.02265376565e-09, 4.70880723302e-10, 3.1280294327e-11, -5.89455871267e-12, 4.46963124877e-14, 5.87144401024e-14], [-7.12887110454e-11, -4.53779502863e-09, -3.7172629419e-09, -6.66693145135e-09, -3.71179744718e-08, -1.78769732351e-09, 2.54177603409e-08, -1.21305863132e-08, 1.20963905559e-08, 4.66599416882e-08, 2.32829844293e-09, 1.5694794353e-09, 2.68805369075e-08, 8.7831729445e-08, -6.92905333111e-09, 1.61954417877e-07, 1.59403256816e-07, 1.19904996154e-06, -7.04021303477e-08, -3.15544146368e-10, 1.74471592729e-09, 2.74363975983e-09, 6.42333963796e-10, 7.81091927249e-11, 1.85558495652e-11, 3.1650441816e-13, 6.42849429626e-15], [2.0309680604e-09, 7.35324467982e-09, 2.21861657934e-08, 4.44450591885e-08, 1.59123523247e-08, 2.96890867446e-08, 6.51307630051e-09, 3.73252788677e-08, -6.85467753669e-08, 6.86968277819e-08, -5.4616911882e-08, -2.40879476365e-08, -8.00802695267e-08, 4.88030593715e-07, -2.28249472656e-08, 5.19399954158e-08, 2.50820448855e-07, -7.04021303477e-08, 2.63399451796e-05, 5.94699713474e-07, -2.97392177551e-09, 7.1056578399e-09, 6.05968075718e-09, 1.47694201313e-09, 3.0764890635e-10, 4.26605755929e-12, 1.06706776661e-12], [6.46227654721e-11, 2.06849293249e-09, 1.79291559377e-09, 3.81280740314e-09, 3.64157104471e-09, 4.86520868037e-09, 6.55469012401e-09, -8.35056357396e-10, -5.52800194509e-10, 5.49723866428e-09, 1.85659176921e-09, 2.06731010088e-09, -2.36559194455e-09, 1.50695509404e-08, 8.71638983213e-10, 9.04951225067e-09, 1.5195617209e-08, -3.15544146368e-10, 5.94699713474e-07, 4.63428797559e-08, 6.1208060842e-09, 1.45229173132e-09, 4.40267433621e-10, 1.41445979929e-10, 4.57135891641e-11, 4.80362494573e-13, 2.09506857121e-14], [1.36089039343e-11, 7.60434715197e-10, 4.39344671754e-10, 6.72146172054e-10, 3.04821679009e-09, 2.55352827772e-09, 4.03780608949e-09, -3.4946334021e-12, 1.50244794384e-09, 1.31887634147e-09, 7.42775771445e-11, 1.08613595895e-09, 1.79840886627e-09, 3.39021322127e-09, 1.45878176205e-09, 3.06015457419e-09, 3.64774876971e-09, 1.74471592729e-09, -2.97392177551e-09, 6.1208060842e-09, 3.67958641334e-09, 6.23275264733e-10, 1.68670494238e-10, 8.79673486831e-11, 2.99553680472e-11, 3.18998056052e-13, -1.69055715979e-17], [3.61921582114e-12, 1.59265434174e-10, 1.04341910112e-10, 1.91628615753e-10, 3.1509822529e-10, 5.92357995988e-10, 1.37971833958e-09, 4.57451368452e-11, 3.12751574638e-10, 8.96293039787e-10, -9.6883633928e-13, 2.68313593565e-10, 3.11414949383e-10, 1.5593436542e-09, 8.43002195827e-11, 3.18942006139e-09, 4.02265376565e-09, 2.74363975983e-09, 7.1056578399e-09, 1.45229173132e-09, 6.23275264733e-10, 2.13934814308e-10, 4.5318564873e-11, 1.94666522485e-11, 6.60999293495e-12, 7.53081746811e-14, 3.70300728743e-16], [1.31217183386e-12, 2.84220867328e-12, 6.29170717262e-12, 1.81716152542e-11, 3.2851703996e-11, 3.08400457949e-11, 1.24873861251e-10, 7.353920424e-12, -5.69684716067e-11, 3.25613147556e-10, -5.82388789971e-11, 1.45930628692e-11, 6.06112035562e-11, 2.33931402027e-10, -3.42241408824e-11, 4.67867744547e-10, 4.70880723302e-10, 6.42333963796e-10, 6.05968075718e-09, 4.40267433621e-10, 1.68670494238e-10, 4.5318564873e-11, 1.85333016295e-11, 7.7376681451e-12, 2.61216395736e-12, 2.90820732567e-14, 3.39761564635e-16], [7.67981002143e-13, -3.35481534046e-12, -9.08659486629e-13, -3.18738676945e-12, 4.07960505655e-11, 5.07226292218e-12, 1.04572045467e-11, -1.39072477492e-11, -3.2127148164e-11, 2.68304631984e-11, -2.8336909208e-11, -1.24955156899e-12, 2.86954592033e-11, 2.2754621104e-11, -1.19836597243e-11, 3.58224179486e-11, 3.1280294327e-11, 7.81091927249e-11, 1.47694201313e-09, 1.41445979929e-10, 8.79673486831e-11, 1.94666522485e-11, 7.7376681451e-12, 5.11030974482e-12, 1.59255573139e-12, 1.79281214847e-14, 1.15753404989e-16], [2.65248055725e-13, -1.53129158659e-12, -4.24785450955e-13, -1.98693730739e-12, 1.89863125222e-11, 2.26767649797e-12, -3.91611526193e-12, -2.47745162059e-12, -3.01296487759e-12, 1.25433691212e-12, -9.49312850551e-12, 2.74925319056e-13, 2.10149137675e-11, 8.9776129239e-12, 4.62407239235e-12, 1.13589311568e-11, -5.89455871267e-12, 1.85558495652e-11, 3.0764890635e-10, 4.57135891641e-11, 2.99553680472e-11, 6.60999293495e-12, 2.61216395736e-12, 1.59255573139e-12, 6.27737662198e-13, 7.189685113e-15, 3.79229322893e-17], [2.89030956185e-15, -1.17962687144e-14, -6.38361563198e-16, -2.47669875738e-14, 9.85424375021e-14, -1.59335554055e-14, -2.73526081613e-14, -7.93794758115e-14, -8.29851595427e-14, 1.97328861151e-14, -1.40501773085e-13, -6.65454833165e-15, 1.19082695094e-13, 3.5636424367e-14, -3.25547728152e-14, 1.29359454463e-13, 4.46963124877e-14, 3.1650441816e-13, 4.26605755929e-12, 4.80362494573e-13, 3.18998056052e-13, 7.53081746811e-14, 2.90820732567e-14, 1.79281214847e-14, 7.189685113e-15, 1.08061783346e-16, 3.77724747533e-18], [7.38155663086e-17, -1.07676405854e-15, -9.08360885493e-16, 6.94739335014e-16, 2.2749317824e-14, 7.38297887859e-15, 1.8058525595e-14, 7.59261190974e-15, 2.63164073459e-15, 9.90286123909e-15, -2.06879792906e-15, 6.8203082325e-16, 1.69401710541e-14, 3.89976611659e-14, 3.48831736371e-15, 3.19976860221e-14, 5.87144401024e-14, 6.42849429626e-15, 1.06706776661e-12, 2.09506857121e-14, -1.69055715979e-17, 3.70300728743e-16, 3.39761564635e-16, 1.15753404989e-16, 3.79229322893e-17, 3.77724747533e-18, 3.49577776521e-18]]
    },
    "mfcc": {
        "kurt": [-0.419758319855, 2.72279262543, 0.821418046951, -0.407807588577, 0.0127408504486, 0.506511449814, 1.04012918472, 2.53187799454, 1.59287452698, 2.75077772141, 0.692413330078, 2.67087078094, 2.73487854004],
        "max": [-637.522277832, 187.202636719, -17.9750385284, 79.6083831787, 2.74804496765, 23.5767173767, 35.3022003174, 31.8561038971, 16.3149757385, 35.7852706909, 24.2533531189, 18.7339553833, 18.1913146973],
        "mean": [-731.755065918, 139.024658203, -73.9359588623, 46.8857917786, -26.5738506317, 1.27700686455, 2.81053638458, -4.3813085556, -5.39713811874, -3.84471225739, -3.40205812454, -5.502409935, -1.15887999535],
        "median": [-726.966186523, 140.875366211, -73.4203948975, 47.642791748, -26.7388114929, 2.31976318359, 3.51820755005, -3.99049758911, -4.33075714111, -3.61260986328, -3.7779045105, -5.08874511719, -0.806667327881],
        "min": [-856.021911621, 38.4801445007, -128.036026001, 6.61840057373, -54.6379737854, -35.4175682068, -35.946231842, -48.506778717, -44.5305328369, -32.1915664673, -20.7526302338, -44.1550102234, -39.6767501831],
        "skew": [-0.207173541188, -1.09443664551, -0.131076082587, -0.229689732194, 0.196456730366, -0.591290473938, -0.628727912903, -0.554822444916, -0.992658436298, 0.358329504728, 0.45370978117, -0.749162077904, -0.80489128828],
        "var": [1268.02880859, 336.327392578, 203.799911499, 154.169891357, 68.2236328125, 83.9706268311, 101.561248779, 99.8178024292, 76.5124816895, 59.7706604004, 44.8254776001, 50.779750824, 45.7152671814],
        "cov": [[1268.72558594, -263.681274414, -224.076812744, 148.918457031, -28.3004512787, 53.4738807678, -166.805236816, 46.434299469, -70.7155303955, 48.7847328186, 5.58916378021, 7.1527967453, -19.4295825958], [-263.681274414, 336.512176514, -2.42567849159, -56.0063781738, 2.06385016441, 27.9277477264, 19.4666500092, -73.8800430298, 39.0379180908, -31.9020671844, 1.81517589092, 9.69601821899, 0.77708953619], [-224.076812744, -2.42567849159, 203.911880493, 1.30670559406, 3.50858736038, 4.80182027817, 64.6659927368, -7.0224814415, 1.57211863995, 4.57074785233, -12.383348465, 2.04156517982, 11.1954469681], [148.918457031, -56.0063781738, 1.30670559406, 154.254608154, 9.9028301239, 5.25190067291, -1.76012349129, 48.6295967102, 1.43793392181, 18.6366214752, 2.82342028618, -5.42746210098, 11.0528278351], [-28.3004512787, 2.06385016441, 3.50858736038, 9.9028301239, 68.2611160278, -10.6292848587, 4.10277605057, 11.2188014984, -0.958802342415, -1.40774011612, 6.426820755, -0.108919508755, -3.30535435677], [53.4738807678, 27.9277477264, 4.80182027817, 5.25190067291, -10.6292848587, 84.0167694092, 1.04333364964, -16.3096446991, 26.8048248291, -3.58189487457, -10.9866914749, 10.1235256195, -2.52469229698], [-166.805236816, 19.4666500092, 64.6659927368, -1.76012349129, 4.10277605057, 1.04333364964, 101.617050171, 3.07642817497, -6.7592086792, 11.8227100372, 5.47897100449, -16.9358768463, 9.01164245605], [46.434299469, -73.8800430298, -7.0224814415, 48.6295967102, 11.2188014984, -16.3096446991, 3.07642817497, 99.8726501465, 10.6955604553, -1.30975985527, 6.19293451309, 9.48236942291, 2.46017146111], [-70.7155303955, 39.0379180908, 1.57211863995, 1.43793392181, -0.958802342415, 26.8048248291, -6.7592086792, 10.6955604553, 76.5545272827, 6.36304044724, -10.8507318497, 13.6150627136, 8.72044754028], [48.7847328186, -31.9020671844, 4.57074785233, 18.6366214752, -1.40774011612, -3.58189487457, 11.8227100372, -1.30975985527, 6.36304044724, 59.8035011292, 8.23994541168, -16.533039093, 14.586151123], [5.58916378021, 1.81517589092, -12.383348465, 2.82342028618, 6.426820755, -10.9866914749, 5.47897100449, 6.19293451309, -10.8507318497, 8.23994541168, 44.8501091003, 10.8669214249, -3.00686383247], [7.1527967453, 9.69601821899, 2.04156517982, -5.42746210098, -0.108919508755, 10.1235256195, -16.9358768463, 9.48236942291, 13.6150627136, -16.533039093, 10.8669214249, 50.8076553345, 3.85649943352], [-19.4295825958, 0.77708953619, 11.1954469681, 11.0528278351, -3.30535435677, -2.52469229698, 9.01164245605, 2.46017146111, 8.72044754028, 14.586151123, -3.00686383247, 3.85649943352, 45.7403831482]]
    },
    "sccoeffs": {
        "kurt": [2.671022892, 2.44698047638, 5.96228790283, 3.10933494568, 8.3150510788, 0.197592496872],
        "max": [-0.43983733654, -0.483169943094, -0.504185557365, -0.56107378006, -0.483605951071, -0.616183638573],
        "mean": [-0.728345155716, -0.792759895325, -0.818734049797, -0.80129981041, -0.809285879135, -0.710349500179],
        "median": [-0.734022080898, -0.807894289494, -0.824870049953, -0.818731248379, -0.827805995941, -0.707143783569],
        "min": [-0.878315031528, -0.925841093063, -0.925547719002, -0.893865704536, -0.882549285889, -0.857279062271],
        "skew": [1.14763057232, 1.40992701054, 1.65984511375, 1.77724206448, 2.6335067749, -0.380401611328],
        "var": [0.00399222783744, 0.00432957708836, 0.00195783260278, 0.00347251049243, 0.00342701934278, 0.00113176414743],
        "cov": [[0.00399442156777, 0.00118929531891, 0.000468209880637, 0.000911368173547, 8.02953873063e-05, 0.000118082483823], [0.00118929531891, 0.00433195568621, 0.0012034997344, 0.00216326862574, 0.000810257915873, 0.000287299975753], [0.000468209880637, 0.0012034997344, 0.00195890828036, 0.00145837327, 0.000603610009421, 0.000149806030095], [0.000911368173547, 0.00216326862574, 0.00145837327, 0.00347441830672, 0.00157557229977, 0.00012793870701], [8.02953873063e-05, 0.000810257915873, 0.000603610009421, 0.00157557229977, 0.0034289022442, 0.000183536598342], [0.000118082483823, 0.000287299975753, 0.000149806030095, 0.00012793870701, 0.000183536598342, 0.00113238592166]]
    },
    "scvalleys": {
        "kurt": [0.21524810791, 0.0352733135223, 0.117497205734, 0.012761592865, -0.994319200516, 3.61481952667],
        "max": [-5.30714178085, -5.22998428345, -5.3012638092, -5.65124893188, -6.26041221619, -8.24257564545],
        "mean": [-6.75764083862, -6.33430337906, -6.37527656555, -6.88531923294, -7.16006469727, -10.8970861435],
        "median": [-6.7549905777, -6.32506656647, -6.36759185791, -6.86155796051, -7.1058754921, -10.9195976257],
        "min": [-8.63521099091, -7.93118953705, -7.53725814819, -8.00432872772, -8.3173122406, -12.0182609558],
        "skew": [-0.0106017952785, -0.167778968811, -0.115659035742, -0.142850041389, -0.189758718014, 1.15389072895],
        "var": [0.193055287004, 0.125892415643, 0.0903043746948, 0.126299440861, 0.172860816121, 0.293319344521],
        "cov": [[0.19316136837, 0.04169036448, 0.02772641927, 0.0456643477082, 0.0669616758823, 0.0406401380897], [0.04169036448, 0.125961586833, 0.0383771881461, 0.0514874607325, 0.0632632821798, 0.0458013191819], [0.02772641927, 0.0383771881461, 0.090353988111, 0.0602384470403, 0.0648635923862, 0.04114985466], [0.0456643477082, 0.0514874607325, 0.0602384470403, 0.126368835568, 0.108216255903, 0.0742034390569], [0.0669616758823, 0.0632632821798, 0.0648635923862, 0.108216255903, 0.172955796123, 0.136939570308], [0.0406401380897, 0.0458013191819, 0.04114985466, 0.0742034390569, 0.136939570308, 0.29348051548]]
    }
},
"rhythm": {
    "beats_loudness": {
        "kurt": 19.1885662079,
        "max": 0.0528554655612,
        "mean": 0.0049975910224,
        "median": 0.00260023679584,
        "min": 0.000635569158476,
        "skew": 4.13402938843,
        "var": 6.3570747443e-05
    },
    "bpm": 111.959602356,
    "confidence": 0.170380830765,
    "first_peak_bpm": {
        "kurt": 0,
        "max": 112,
        "mean": 112,
        "median": 112,
        "min": 112,
        "skew": 0,
        "var": 0
    },
    "first_peak_spread": {
        "kurt": 0,
        "max": 0.54545456171,
        "mean": 0.54545456171,
        "median": 0.54545456171,
        "min": 0.54545456171,
        "skew": 0,
        "var": 0
    },
    "first_peak_weight": {
        "kurt": 0,
        "max": 0.125,
        "mean": 0.125,
        "median": 0.125,
        "min": 0.125,
        "skew": 0,
        "var": 0
    },
    "onset_rate": 1.08869433403,
    "second_peak_bpm": {
        "kurt": 0,
        "max": 136,
        "mean": 136,
        "median": 136,
        "min": 136,
        "skew": 0,
        "var": 0
    },
    "second_peak_spread": {
        "kurt": 0,
        "max": 0.230769276619,
        "mean": 0.230769276619,
        "median": 0.230769276619,
        "min": 0.230769276619,
        "skew": 0,
        "var": 0
    },
    "second_peak_weight": {
        "kurt": 0,
        "max": 0.125,
        "mean": 0.125,
        "median": 0.125,
        "min": 0.125,
        "skew": 0,
        "var": 0
    },
    "beats_loudness_band_ratio": {
        "kurt": [0.0586180686951, 1.01803922653, 0.853779792786, 2.845266819, 5.29618549347, 14.0556774139],
        "max": [0.347598493099, 0.439539670944, 0.466647028923, 0.693432152271, 0.878685355186, 0.957770884037],
        "mean": [0.10115262121, 0.130219936371, 0.16734020412, 0.234915301204, 0.240706637502, 0.164344340563],
        "median": [0.0815839916468, 0.115079313517, 0.164663091302, 0.221281960607, 0.208709254861, 0.130650296807],
        "min": [0.00302416994236, 0.00415543513373, 0.00470394268632, 0.00682749599218, 0.0211206059903, 0.0165604352951],
        "skew": [0.787818789482, 0.920176506042, 0.668628871441, 1.14172613621, 1.97999334335, 3.44303441048],
        "var": [0.00596077088267, 0.00741756195202, 0.0074355956167, 0.0133422315121, 0.0229688528925, 0.023235546425],
        "cov": [[0.00603528041393, 0.00188990472816, 0.000329399277689, -0.000327175890561, -0.00473722722381, -0.00269865198061], [0.00188990472816, 0.00751028116792, 0.000527005991898, -0.000874496414326, -0.00562855321914, -0.00274161831476], [0.000329399277689, 0.000527005991898, 0.00752854067832, 0.00127039547078, -0.00253747566603, -0.00545008666813], [-0.000327175890561, -0.000874496414326, 0.00127039547078, 0.0135090099648, -0.00488663418218, -0.00741627672687], [-0.00473722722381, -0.00562855321914, -0.00253747566603, -0.00488663418218, 0.0232559628785, -0.00665075192228], [-0.00269865198061, -0.00274161831476, -0.00545008666813, -0.00741627672687, -0.00665075192228, 0.0235259905457]]
    },
    "beats_position": [0.522448956966, 1.09133780003, 1.62539684772, 2.15945577621, 2.69351458549, 3.27401351929, 3.80807256699, 4.34213161469, 4.85297060013, 5.3754196167, 5.93269824982, 6.45514726639, 6.97759628296, 7.47682523727, 7.98766422272, 8.52172279358, 9.0906124115, 9.63628101349, 10.1703395844, 10.7276191711, 11.2848978043, 11.8653964996, 12.387845993, 12.840634346, 13.3050336838, 13.7926530838, 14.2918815613, 14.7678909302, 15.1742401123, 15.6154193878, 16.0217685699, 16.50938797, 17.0202255249, 17.5426750183, 18.0302944183, 18.5527439117, 19.0635814667, 19.5976409912, 20.1084804535, 20.6541500092, 21.246257782, 21.826757431, 22.4420852661, 22.9993648529, 23.5914726257, 24.2416324615, 24.8685703278, 25.5187301636, 26.168888092, 26.7726078033, 27.3414955139, 27.9336051941, 28.5141029358, 29.1178226471, 29.6983222961, 30.3020401001, 30.9289798737, 31.4630374908, 31.9738769531, 32.5079345703, 32.9723358154, 33.4135131836, 33.8314743042, 34.2494316101, 34.6673927307, 35.0853500366, 35.5265312195, 35.9677085876, 36.4088897705, 36.8268470764, 37.2564163208, 37.6859855652, 38.1271629333, 38.5219039917, 38.9630813599, 39.3810424805, 39.8454399109, 40.2866210938, 40.7510185242, 41.192199707, 41.6333770752],
    "bpm_estimates": [112.347129822, 112.34715271, 112.347175598, 112.347129822, 112.347129822, 114.843742371, 107.666069031, 114.843742371, 114.843742371, 112.347229004, 109.956848145, 112.347229004, 107.665885925, 107.666069031, 114.843635559, 114.843635559, 114.843635559, 112.34703064, 109.95665741, 107.665885925, 112.347427368, 112.347427368],
    "bpm_intervals": [0.56888884306, 0.534059047699, 0.53405892849, 0.53405880928, 0.580498933792, 0.534059047699, 0.534059047699, 0.510838985443, 0.522449016571, 0.557278633118, 0.522449016571, 0.522449016571, 0.499228954315, 0.510838985443, 0.534058570862, 0.56888961792, 0.54566860199, 0.534058570862, 0.557279586792, 0.557278633118, 0.580498695374, 0.522449493408, 0.452788352966, 0.464399337769, 0.487619400024, 0.499228477478, 0.476009368896, 0.406349182129, 0.441179275513, 0.406349182129, 0.487619400024, 0.510837554932, 0.522449493408, 0.487619400024, 0.522449493408, 0.510837554932, 0.534059524536, 0.51083946228, 0.545669555664, 0.592107772827, 0.580499649048, 0.615327835083, 0.557279586792, 0.592107772827, 0.650159835815, 0.626937866211, 0.650159835815, 0.650157928467, 0.603719711304, 0.568887710571, 0.592109680176, 0.580497741699, 0.603719711304, 0.580499649048, 0.603717803955, 0.62693977356, 0.534057617188, 0.51083946228, 0.534057617188, 0.464401245117, 0.441177368164, 0.417961120605, 0.417957305908, 0.417961120605, 0.417957305908, 0.441181182861, 0.441177368164, 0.441181182861, 0.417957305908, 0.429569244385, 0.429569244385, 0.441177368164, 0.39474105835, 0.441177368164, 0.417961120605, 0.46439743042, 0.441181182861, 0.46439743042, 0.441181182861, 0.441177368164],
    "onset_times": [0.0116099771112, 4.8994102478, 5.50312948227, 5.86303853989, 6.52480745316, 6.78022670746, 8.54494285583, 9.64789104462, 9.85687065125, 10.1935596466, 10.47219944, 10.5999088287, 11.2500677109, 11.3777780533, 11.8770065308, 12.0627660751, 12.6548757553, 13.1541042328, 13.4559640884, 13.7694330215, 14.0596828461, 14.3151016235, 14.5356912613, 14.6982316971, 15.4296598434, 15.8476190567, 16.5442180634, 16.7415866852, 17.0666675568, 17.9838542938, 18.2276649475, 18.274105072, 18.7501125336, 20.45677948, 20.6657600403, 20.9908390045, 21.2810878754, 23.010974884, 23.7888431549, 24.8685722351, 25.5419502258, 25.8670291901, 26.4591388702, 28.7463035583, 29.0017242432, 31.1263484955],
    "histogram": [[0, 0, 0, 0, 0, 0, 0, 0, 0, 0, 0, 0, 0, 0, 0, 0, 0, 0, 0, 0, 0, 0, 0, 0, 0, 0, 0, 0, 0, 0, 0, 0, 0, 0, 0, 0, 0, 0, 0, 0, 0, 0, 0, 0, 0, 0, 0, 0, 0, 0, 0, 0, 0, 0, 0, 0, 0, 0, 0, 0, 0, 0, 0, 0, 0, 0, 0, 0, 0, 0, 0, 0, 0, 0, 0, 0, 0, 0, 0, 0, 0, 0, 0, 0, 0, 0, 0, 0, 0, 0, 0, 0, 0.0375000014901, 0, 0, 0, 0.0250000003725, 0, 0.0125000001863, 0.0375000014901, 0, 0.0375000014901, 0, 0.0625, 0, 0.0375000014901, 0, 0, 0.0500000007451, 0, 0.0250000003725, 0, 0.125, 0, 0, 0.0750000029802, 0, 0.0750000029802, 0, 0, 0.0250000003725, 0, 0, 0.0375000014901, 0, 0, 0.0125000001863, 0, 0, 0.0500000007451, 0, 0, 0, 0.0125000001863, 0, 0, 0.125, 0, 0, 0, 0.0250000003725, 0, 0, 0, 0.0750000029802, 0, 0, 0, 0.0250000003725, 0, 0, 0, 0.0125000001863, 0, 0, 0, 0, 0, 0, 0, 0, 0, 0, 0, 0, 0, 0, 0, 0, 0, 0, 0, 0, 0, 0, 0, 0, 0, 0, 0, 0, 0, 0, 0, 0, 0, 0, 0, 0, 0, 0, 0, 0, 0, 0, 0, 0, 0, 0, 0, 0, 0, 0, 0, 0, 0, 0, 0, 0, 0, 0, 0, 0, 0, 0, 0, 0, 0, 0, 0, 0, 0, 0, 0, 0, 0, 0, 0, 0, 0, 0, 0, 0, 0, 0, 0, 0, 0, 0, 0, 0, 0, 0, 0, 0, 0, 0, 0, 0, 0]]
},
"sfx": {
    "inharmonicity": {
        "kurt": -0.478776693344,
        "max": 0.470541626215,
        "mean": 0.137423917651,
        "median": 0.131972551346,
        "min": 0,
        "skew": 0.403099775314,
        "var": 0.0100839016959
    },
    "oddtoevenharmonicenergyratio": {
        "kurt": 96.6924362183,
        "max": 46.4254837036,
        "mean": 1.23079907894,
        "median": 0.742293357849,
