{
"metadata": {
    "version": {
        "essentia": "2.1-beta3"
    }
},
"lowLevel": {
    "average_loudness": 0.53994590044,
    "barkbands_kurtosis": {
        "kurt": 56.8519706726,
        "max": 12.0238828659,
        "mean": -0.370725393295,
        "median": -0.52654504776,
        "min": -1.48804593086,
        "skew": 5.07126188278,
        "var": 0.795905768871
    },
    "barkbands_skewness": {
        "kurt": 4.40526390076,
        "max": 3.32483816147,
        "mean": 0.744620263577,
        "median": 0.740989685059,
        "min": -0.555298984051,
        "skew": 0.657320261002,
        "var": 0.136678263545
    },
    "barkbands_spread": {
        "kurt": 1.03598737717,
        "max": 40.7666893005,
        "mean": 25.2658882141,
        "median": 25.5893135071,
        "min": 5.98954057693,
        "skew": -0.397508114576,
        "var": 28.7228832245
    },
    "dissonance": {
        "kurt": 28.9231014252,
        "max": 0.500000059605,
        "mean": 0.476475656033,
        "median": 0.480058014393,
        "min": 0.265670627356,
        "skew": -3.64363384247,
        "var": 0.000343695952324
    },
    "hfc": {
        "kurt": 74.9731063843,
        "max": 1.33990955353,
        "mean": 0.0521427020431,
        "median": 0.0316439568996,
        "min": 2.54672431765e-05,
        "skew": 8.35112953186,
        "var": 0.0143031394109
    },
    "pitch": {
        "kurt": 83.3608779907,
        "max": 3794.28295898,
        "mean": 277.185638428,
        "median": 232.006774902,
        "min": 67.3912963867,
        "skew": 8.669465065,
        "var": 113035.5625
    },
    "pitch_instantaneous_confidence": {
        "kurt": 12.3768043518,
        "max": 0.787326276302,
        "mean": 0.232647582889,
        "median": 0.208898216486,
        "min": 0.115995585918,
        "skew": 3.22384238243,
        "var": 0.0095291659236
    },
    "pitch_salience": {
        "kurt": 7.54765224457,
        "max": 0.877533733845,
        "mean": 0.744212627411,
        "median": 0.755457639694,
        "min": 0.408438563347,
        "skew": -2.15137386322,
        "var": 0.00378828542307
    },
    "silence_rate_20dB": {
        "kurt": 0,
        "max": 1,
        "mean": 1,
        "median": 1,
        "min": 1,
        "skew": 0,
        "var": 0
    },
    "silence_rate_30dB": {
        "kurt": 0,
        "max": 1,
        "mean": 1,
        "median": 1,
        "min": 1,
        "skew": 0,
        "var": 0
    },
    "silence_rate_60dB": {
        "kurt": 0,
        "max": 1,
        "mean": 1,
        "median": 1,
        "min": 1,
        "skew": 0,
        "var": 0
    },
    "spectral_centroid": {
        "kurt": 3.06347465515,
        "max": 2108.85668945,
        "mean": 1067.06323242,
        "median": 1047.60119629,
        "min": 416.31060791,
        "skew": 0.928456366062,
        "var": 44190.1835938
    },
    "spectral_complexity": {
        "kurt": 62.637550354,
        "max": 4,
        "mean": 0.0548961423337,
        "median": 0,
        "min": 0,
        "skew": 7.77385902405,
        "var": 0.158707514405
    },
    "spectral_crest": {
        "kurt": 2.0351061821,
        "max": 15.3943653107,
        "mean": 5.74616861343,
        "median": 5.30568981171,
        "min": 2.37006020546,
        "skew": 1.32376229763,
        "var": 4.70874929428
    },
    "spectral_decrease": {
        "kurt": 72.0053482056,
        "max": -5.08394680656e-15,
        "mean": -1.14172898566e-11,
        "median": -7.44033654132e-12,
        "min": -2.58536497766e-10,
        "skew": -8.15252304077,
        "var": 5.12177169232e-22
    },
    "spectral_energy": {
        "kurt": 72.3846740723,
        "max": 0.00109597470146,
        "mean": 4.78209876746e-05,
        "median": 3.11495496135e-05,
        "min": 2.14979447577e-08,
        "skew": 8.18713760376,
        "var": 9.24333320995e-09
    },
    "spectral_energyband_high": {
        "kurt": 8.99799823761,
        "max": 5.55393944524e-06,
        "mean": 9.83800873655e-07,
        "median": 8.09604102869e-07,
        "min": 1.20882426291e-09,
        "skew": 2.57348299026,
        "var": 4.38039741198e-13
    },
    "spectral_energyband_low": {
        "kurt": 33.4583053589,
        "max": 3.59254117939e-05,
        "mean": 3.05184948957e-06,
        "median": 2.22897142521e-06,
        "min": 3.90235843639e-09,
        "skew": 4.49493360519,
        "var": 9.27237366749e-12
    },
    "spectral_energyband_middle_high": {
        "kurt": 81.0438842773,
        "max": 0.00105836882722,
        "mean": 2.43056147156e-05,
        "median": 1.09050160972e-05,
        "min": 6.57371135304e-09,
        "skew": 8.7713804245,
        "var": 8.30180724165e-09
    },
    "spectral_energyband_middle_low": {
        "kurt": 70.0494613647,
        "max": 0.000241403904511,
        "mean": 2.06677777896e-05,
        "median": 1.70005769178e-05,
        "min": 1.09701696616e-08,
        "skew": 6.01959276199,
        "var": 2.2914233011e-10
    },
    "spectral_flatness_db": {
        "kurt": 14.1510829926,
        "max": 0.285212188959,
        "mean": 0.136098012328,
        "median": 0.132495447993,
        "min": 0.0511372573674,
        "skew": 2.85683870316,
        "var": 0.000476545508718
    },
    "spectral_flux": {
        "kurt": 16.3405761719,
        "max": 0.0132899358869,
        "mean": 0.00381249305792,
        "median": 0.00351788615808,
        "min": 0.00203623948619,
        "skew": 3.39520287514,
        "var": 1.69328291122e-06
    },
    "spectral_kurtosis": {
        "kurt": 11.1942138672,
        "max": 19.7958679199,
        "mean": 5.69380187988,
        "median": 5.29423332214,
        "min": 1.86064863205,
        "skew": 2.50558853149,
        "var": 4.18162631989
    },
    "spectral_rms": {
        "kurt": 39.5247802734,
        "max": 0.00103404233232,
        "mean": 0.000193521846086,
        "median": 0.000174326705746,
        "min": 4.57969463241e-06,
        "skew": 5.70799589157,
        "var": 9.20391407533e-09
    },
    "spectral_rolloff": {
        "kurt": 0.0453042984009,
        "max": 3875.9765625,
        "mean": 2287.85302734,
        "median": 2347.11914062,
        "min": 366.064453125,
        "skew": -0.253534436226,
        "var": 313869
    },
    "spectral_skewness": {
        "kurt": 5.01994609833,
        "max": 3.47488880157,
        "mean": 1.71992981434,
        "median": 1.68570518494,
        "min": 1.06074428558,
        "skew": 1.20442044735,
        "var": 0.06265258044
    },
    "spectral_spread": {
        "kurt": 408.737121582,
        "max": 25073114,
        "mean": 3454886.25,
        "median": 3446140.5,
        "min": 1815912.5,
        "skew": 18.0480594635,
        "var": 888498749440
    },
    "spectral_strongpeak": {
        "kurt": 40.7554206848,
        "max": 0.804212749004,
        "mean": 0.0372537150979,
        "median": 0.0168600454926,
        "min": 4.94550768053e-05,
        "skew": 6.20678710938,
        "var": 0.00895668379962
    },
    "zerocrossingrate": {
        "kurt": 3.73242235184,
        "max": 0.115234375,
        "mean": 0.0689345896244,
        "median": 0.0673828125,
        "min": 0.00537109375,
        "skew": 0.37643584609,
        "var": 0.000111992529128
    },
    "barkbands": {
        "kurt": [4.97041034698, 12.9158372879, 28.3780097961, 27.9255313873, 133.744812012, 93.8198242188, 29.6098518372, 16.2012195587, 21.7293243408, 110.98550415, 86.3841323853, 233.550125122, 37.6923789978, 85.8481826782, 6.362241745, 79.4298706055, 213.941879272, 106.812904358, 42.5875854492, 16.5166606903, 9.700050354, 37.3061790466, 18.934053421, 45.9376487732, 24.6477546692, 510.507141113, 667.710632324],
        "max": [2.17690043769e-07, 7.20876596461e-06, 2.19650319195e-05, 1.98102043214e-05, 0.000137883689604, 8.57846316649e-05, 5.02171860717e-05, 2.44825332629e-05, 1.87371551874e-05, 0.000408659747336, 0.000388398533687, 6.04390006629e-05, 8.94922050065e-06, 0.000192339663045, 2.57867009168e-06, 6.7892469815e-05, 0.000148608232848, 2.94818746625e-05, 1.46995962496e-05, 8.08337154012e-06, 2.59802072833e-06, 1.36513199323e-06, 7.89638789911e-08, 4.60781777178e-08, 4.26309441082e-08, 3.16251314025e-09, 3.27570370828e-09],
        "mean": [3.56598448548e-08, 7.07070569206e-07, 1.61437060342e-06, 1.50531195686e-06, 5.81600534133e-06, 4.25759253631e-06, 3.80224355467e-06, 2.53823645835e-06, 1.97811664293e-06, 5.70902602703e-06, 5.46444925931e-06, 1.67431244336e-06, 1.02541605429e-06, 2.69469660452e-06, 5.6224371292e-07, 1.68582448623e-06, 2.34276149058e-06, 1.28748774841e-06, 1.39731798754e-06, 1.17874617445e-06, 4.39563450527e-07, 8.74465797551e-08, 1.01514663342e-08, 4.05175182294e-09, 2.87362311724e-09, 5.9881391512e-11, 6.95024116384e-12],
        "median": [2.64832848984e-08, 4.79201617054e-07, 1.00067143194e-06, 1.00936256331e-06, 3.92337369703e-06, 3.04137438434e-06, 2.51224105341e-06, 1.66125641954e-06, 1.57347665208e-06, 1.70822795553e-06, 1.17851755022e-06, 1.12413090392e-06, 8.5388592197e-07, 5.08286802869e-07, 5.10543031851e-07, 7.95211064997e-07, 1.11059171104e-06, 8.89264413217e-07, 1.12853217615e-06, 9.75129069047e-07, 3.52616268628e-07, 5.80070462775e-08, 8.00493538122e-09, 3.31412675081e-09, 1.61489566164e-09, 4.31902638653e-11, 1.16395554219e-12],
        "min": [1.15233808606e-10, 1.09327424891e-09, 1.68343117224e-09, 2.14343387483e-09, 3.76784559109e-09, 4.07210903886e-10, 3.26928595307e-10, 1.2691987461e-09, 2.71572275778e-09, 8.49995962504e-10, 9.63567448053e-10, 1.00175745477e-09, 9.30127030951e-10, 8.75439720716e-11, 2.03912275953e-10, 4.66610250438e-10, 2.42467323996e-10, 4.029575007e-10, 3.84958842581e-10, 1.49994672238e-09, 4.37599928516e-10, 2.21587026505e-10, 7.77288511333e-11, 5.96915433748e-11, 4.64771068853e-11, 1.72160341538e-11, 5.10600459483e-13],
        "skew": [1.98572480679, 2.57834410667, 4.37257862091, 3.89611053467, 8.89040088654, 7.95492887497, 4.6941037178, 3.38135266304, 3.45118784904, 10.1070652008, 9.26673698425, 13.0156698227, 4.99549245834, 8.91778182983, 1.77737367153, 8.41166210175, 12.9944019318, 8.9688615799, 4.80559301376, 3.18956136703, 2.73193693161, 5.35823488235, 3.89913415909, 5.69530057907, 4.52816724777, 21.4380588531, 25.8665103912],
        "var": [1.13322346315e-15, 4.87173886302e-13, 4.33394856461e-12, 2.79295423594e-12, 5.85135551123e-11, 3.01873144537e-11, 2.28431926153e-11, 7.69598273997e-12, 2.61789917001e-12, 9.00109375923e-10, 1.25628052405e-09, 8.77727144438e-12, 6.84587965743e-13, 2.26148946791e-10, 8.56685734721e-14, 2.87640015972e-11, 5.83457587799e-11, 3.61467626664e-12, 1.12844347581e-12, 6.35757559878e-13, 1.04625672275e-13, 1.35703478822e-14, 7.98793759164e-17, 1.59557068656e-17, 1.82858498357e-17, 1.63848452722e-20, 1.58915774397e-20],
        "cov": [[1.13490725877e-15, 2.77806160271e-15, 1.58311152409e-14, 6.04960756511e-15, 5.66427635319e-14, 4.01139557227e-14, -4.56750192477e-15, -2.31190464349e-15, 1.20081330421e-15, -6.57242069471e-14, -5.46469133508e-14, 5.96536558571e-16, -8.39153793839e-16, -2.42106444755e-14, 7.41283371949e-16, -1.15004551631e-14, -3.55112485675e-15, 1.98732008285e-16, 1.5722574745e-15, 1.64395606062e-15, 1.03262093649e-15, 5.57869822166e-16, 2.02808920136e-17, 1.62279171159e-17, -2.90927507125e-18, 4.49568165128e-19, 2.7660694794e-19], [2.77806160271e-15, 4.87897753882e-13, 5.37344962363e-13, 3.41903155093e-13, 6.76349167644e-13, 5.05819019482e-13, -1.56930349791e-13, 1.20867210554e-13, 1.58977323493e-13, -1.65006756089e-12, -2.03571664734e-12, -3.78436533141e-14, -1.08206138141e-14, -8.90018473417e-13, 2.46726026925e-14, -3.5926903813e-13, -4.27488990387e-13, -3.22651180404e-14, 3.45657565105e-15, 4.25614506475e-14, 1.72526567549e-14, 8.80970423429e-15, 6.78081320375e-16, 3.65201537461e-16, -1.70277776072e-16, 1.24356943628e-17, 7.93485575737e-18], [1.58311152409e-14, 5.37344962363e-13, 4.34038829183e-12, 1.74130393264e-12, 5.02357877519e-12, 4.00349978863e-12, 2.58972232764e-13, 3.27619087932e-15, 2.98022159251e-13, -2.87846092448e-12, -3.82034508195e-12, 1.09158484389e-13, 1.15993179688e-13, -1.60726922223e-12, 6.47830516987e-14, -6.22479606922e-13, -4.35434132327e-13, 2.44039814398e-14, 1.86051112125e-13, 1.86443091868e-13, 6.03677128902e-14, 1.06238997295e-14, 1.04464213396e-15, 6.74473648234e-16, -5.33203640407e-16, 6.72248227984e-17, 5.89390935688e-17], [6.04960756511e-15, 3.41903155093e-13, 1.74130393264e-12, 2.79710412818e-12, 3.81458233056e-12, 2.2266515888e-12, -1.6071242644e-13, -4.28176103514e-13, 2.68717909252e-13, -2.9255755804e-12, -2.25093793431e-12, 3.70839528519e-14, 5.46089290053e-14, -1.60356786443e-12, 5.67676365171e-14, -2.99575224653e-13, -4.37176634954e-13, 5.17944147044e-14, 1.05580115776e-13, 1.47014846586e-13, 5.02042628119e-14, 1.73595099612e-14, 1.72920664451e-15, 7.60228693182e-16, -5.16203881061e-17, 7.18533152247e-17, 5.37066368726e-17], [5.66427635319e-14, 6.76349167644e-13, 5.02357877519e-12, 3.81458233056e-12, 5.86004994529e-11, 2.94740620799e-11, 1.08746291052e-12, 1.88002106829e-13, 1.38287710276e-12, -1.08548517397e-11, -1.16348640791e-11, 5.01028905864e-13, 2.28351463172e-13, -6.15692913319e-12, 2.38245539833e-13, -1.9629931361e-12, -8.0853325337e-13, 3.41880305533e-13, 5.28648305687e-13, 8.06369998985e-13, 2.11553403918e-13, 4.98514227674e-14, 3.07629343311e-15, 2.22162278977e-15, -1.64723630159e-15, 9.82705854011e-17, 5.82030285551e-17], [4.01139557227e-14, 5.05819019482e-13, 4.00349978863e-12, 2.2266515888e-12, 2.94740620799e-11, 3.02321709333e-11, 2.54888406388e-12, 2.45147164287e-13, 1.36864174508e-12, 2.19469603081e-12, 5.46117231298e-12, 1.15633967245e-12, 2.89820549287e-13, 1.8074559861e-12, 9.19200222123e-14, 6.26749086657e-13, 2.06585226356e-12, 7.01350381851e-13, 7.27574847158e-13, 8.01553864515e-13, 3.07736366771e-13, 8.32485258029e-14, 6.76986974983e-15, 2.67549883005e-15, -1.12643407057e-15, 2.83761265112e-17, 9.72848049002e-19], [-4.56750192477e-15, -1.56930349791e-13, 2.58972232764e-13, -1.6071242644e-13, 1.08746291052e-12, 2.54888406388e-12, 2.28771342148e-11, 5.71596589505e-12, 8.51031810127e-13, 7.93274196331e-11, 8.36525432257e-11, 8.0134093805e-12, 1.59854855047e-12, 4.69902589062e-11, 2.11587081948e-13, 1.56775148419e-11, 1.71540264632e-11, 4.53345347373e-12, 2.21071902104e-12, 1.71912050567e-12, 4.74237077559e-13, 9.02250482985e-14, 5.96830637822e-15, 8.34100659974e-16, -6.65424318803e-16, 2.37200641551e-17, 1.12384910468e-17], [-2.31190464349e-15, 1.20867210554e-13, 3.27619087932e-15, -4.28176103514e-13, 1.88002106829e-13, 2.45147164287e-13, 5.71596589505e-12, 7.70741803713e-12, 9.36792960912e-13, 2.6858237856e-11, 2.36677188264e-11, 2.82823959565e-12, 5.88385893827e-13, 1.52264988812e-11, 9.46529638522e-14, 5.01556782218e-12, 5.65954141191e-12, 1.39751296473e-12, 5.36918762489e-13, 5.151256483e-13, 6.45844732946e-14, 8.63295810435e-15, 3.93523936937e-16, -5.07906101464e-16, 4.55944600617e-16, -7.59789959894e-18, -6.11970426966e-18], [1.20081330421e-15, 1.58977323493e-13, 2.98022159251e-13, 2.68717909252e-13, 1.38287710276e-12, 1.36864174508e-12, 8.51031810127e-13, 9.36792960912e-13, 2.62178907057e-12, 3.16851774852e-12, 7.14523058776e-13, 7.45352943862e-13, 1.65518166122e-13, 1.43628164917e-12, 8.14298240924e-14, 4.30496323268e-13, 8.09039413154e-13, 2.91524508526e-13, 9.98308017199e-14, 9.05970245113e-14, -7.23898327756e-15, -9.03573243516e-15, -1.85954450102e-16, -2.36940102819e-16, -9.00963667355e-17, 2.67029667795e-17, 1.64336948369e-17], [-6.57242069471e-14, -1.65006756089e-12, -2.87846092448e-12, -2.9255755804e-12, -1.08548517397e-11, 2.19469603081e-12, 7.93274196331e-11, 2.6858237856e-11, 3.16851774852e-12, 9.01446861601e-10, 8.51093640009e-10, 6.54186843585e-11, 1.31788998117e-11, 4.07491457244e-10, 4.89057308106e-13, 1.10843306755e-10, 1.71659672588e-10, 3.64199712055e-11, 1.67007969953e-11, 1.31535051948e-11, 4.06649887374e-12, 7.46323738487e-13, 3.76953852789e-14, 3.32957174269e-15, -3.69658095434e-15, 8.2417602787e-17, 4.83755637039e-17], [-5.46469133508e-14, -2.03571664734e-12, -3.82034508195e-12, -2.25093793431e-12, -1.16348640791e-11, 5.46117231298e-12, 8.36525432257e-11, 2.36677188264e-11, 7.14523058776e-13, 8.51093640009e-10, 1.25814725305e-09, 5.23899361393e-11, 1.22026789715e-11, 4.37514718898e-10, 2.14753792548e-13, 1.43792408536e-10, 2.0177202964e-10, 4.019735933e-11, 2.11266126121e-11, 1.30083097072e-11, 5.08085804332e-12, 8.22446765639e-13, 4.41067030176e-14, 2.33989421196e-15, -5.70678919092e-15, -1.34184649602e-18, 5.76364826274e-17], [5.96536558571e-16, -3.78436533141e-14, 1.09158484389e-13, 3.70839528519e-14, 5.01028905864e-13, 1.15633967245e-12, 8.0134093805e-12, 2.82823959565e-12, 7.45352943862e-13, 6.54186843585e-11, 5.23899361393e-11, 8.79031309547e-12, 1.53342486278e-12, 3.00751611115e-11, 1.02290666714e-13, 9.48103574816e-12, 1.15050000776e-11, 2.51514889645e-12, 1.29354307214e-12, 1.09798368314e-12, 3.29294968029e-13, 7.20895375729e-14, 4.53990897949e-15, 9.85662912204e-16, -5.02193923026e-16, 1.40044506663e-17, 1.38021123623e-18], [-8.39153793839e-16, -1.08206138141e-14, 1.15993179688e-13, 5.46089290053e-14, 2.28351463172e-13, 2.89820549287e-13, 1.59854855047e-12, 5.88385893827e-13, 1.65518166122e-13, 1.31788998117e-11, 1.22026789715e-11, 1.53342486278e-12, 6.85605218431e-13, 5.80348442913e-12, 4.12927714754e-14, 2.10764630575e-12, 2.7647458975e-12, 6.81304459463e-13, 3.59160563703e-13, 2.48897907493e-13, 1.07536836423e-13, 2.1444472039e-14, 1.31259846572e-15, 3.96428968779e-16, -1.258753693e-16, 7.95071942716e-18, 3.68897076036e-18], [-2.42106444755e-14, -8.90018473417e-13, -1.60726922223e-12, -1.60356786443e-12, -6.15692913319e-12, 1.8074559861e-12, 4.69902589062e-11, 1.52264988812e-11, 1.43628164917e-12, 4.07491457244e-10, 4.37514718898e-10, 3.00751611115e-11, 5.80348442913e-12, 2.26484983545e-10, 2.32647397441e-13, 5.78893773195e-11, 8.99288837841e-11, 1.97186659362e-11, 9.73271550159e-12, 6.39783148335e-12, 1.9897152502e-12, 3.61685182672e-13, 2.04616393816e-14, 1.09169301423e-15, -2.26828414077e-15, 3.58866882451e-17, 3.19970798641e-17], [7.41283371949e-16, 2.46726026925e-14, 6.47830516987e-14, 5.67676365171e-14, 2.38245539833e-13, 9.19200222123e-14, 2.11587081948e-13, 9.46529638522e-14, 8.14298240924e-14, 4.89057308106e-13, 2.14753792548e-13, 1.02290666714e-13, 4.12927714754e-14, 2.32647397441e-13, 8.57958655834e-14, 1.03462818011e-13, 1.15632980621e-13, 9.37792866366e-14, 7.69763484725e-14, 5.07503856106e-14, 2.71245665631e-14, 9.56111309103e-15, 7.01702104659e-16, 3.09977027473e-16, -3.5197752674e-17, 2.76564756559e-18, -6.11892123981e-19], [-1.15004551631e-14, -3.5926903813e-13, -6.22479606922e-13, -2.99575224653e-13, -1.9629931361e-12, 6.26749086657e-13, 1.56775148419e-11, 5.01556782218e-12, 4.30496323268e-13, 1.10843306755e-10, 1.43792408536e-10, 9.48103574816e-12, 2.10764630575e-12, 5.78893773195e-11, 1.03462818011e-13, 2.88067399795e-11, 2.68182628882e-11, 6.71480752945e-12, 2.9161998337e-12, 2.52500949836e-12, 6.49007323578e-13, 1.19095963018e-13, 5.79016942018e-15, 5.76747169005e-16, -1.13586842941e-15, 5.13354492005e-18, 3.48646619306e-18], [-3.55112485675e-15, -4.27488990387e-13, -4.35434132327e-13, -4.37176634954e-13, -8.0853325337e-13, 2.06585226356e-12, 1.71540264632e-11, 5.65954141191e-12, 8.09039413154e-13, 1.71659672588e-10, 2.0177202964e-10, 1.15050000776e-11, 2.7647458975e-12, 8.99288837841e-11, 1.15632980621e-13, 2.68182628882e-11, 5.84324533204e-11, 9.22530628278e-12, 4.06205147643e-12, 2.87871853091e-12, 1.08590133413e-12, 1.69293385192e-13, 7.99774946248e-15, 1.26476842102e-15, -1.34143760824e-15, 1.55214502789e-17, 1.00134249791e-17], [1.98732008285e-16, -3.22651180404e-14, 2.44039814398e-14, 5.17944147044e-14, 3.41880305533e-13, 7.01350381851e-13, 4.53345347373e-12, 1.39751296473e-12, 2.91524508526e-13, 3.64199712055e-11, 4.019735933e-11, 2.51514889645e-12, 6.81304459463e-13, 1.97186659362e-11, 9.37792866366e-14, 6.71480752945e-12, 9.22530628278e-12, 3.6200474042e-12, 1.54187741134e-12, 9.44899106875e-13, 2.95916882578e-13, 7.52554824555e-14, 4.5645563677e-15, 1.54708354942e-15, -1.34813618301e-16, 1.90346650114e-17, 3.23564228386e-18], [1.5722574745e-15, 3.45657565105e-15, 1.86051112125e-13, 1.05580115776e-13, 5.28648305687e-13, 7.27574847158e-13, 2.21071902104e-12, 5.36918762489e-13, 9.98308017199e-14, 1.67007969953e-11, 2.11266126121e-11, 1.29354307214e-12, 3.59160563703e-13, 9.73271550159e-12, 7.69763484725e-14, 2.9161998337e-12, 4.06205147643e-12, 1.54187741134e-12, 1.13012019447e-12, 5.56092010547e-13, 2.3250764378e-13, 6.49151278521e-14, 4.66029904283e-15, 1.84950575769e-15, -5.79218830998e-18, 1.70725760548e-17, 1.30606328311e-18], [1.64395606062e-15, 4.25614506475e-14, 1.86443091868e-13, 1.47014846586e-13, 8.06369998985e-13, 8.01553864515e-13, 1.71912050567e-12, 5.151256483e-13, 9.05970245113e-14, 1.31535051948e-11, 1.30083097072e-11, 1.09798368314e-12, 2.48897907493e-13, 6.39783148335e-12, 5.07503856106e-14, 2.52500949836e-12, 2.87871853091e-12, 9.44899106875e-13, 5.56092010547e-13, 6.36702225231e-13, 1.72800196461e-13, 4.74226066131e-14, 3.57830889688e-15, 1.5029454037e-15, 1.98036451961e-17, 1.51379494946e-17, 1.14825707457e-18], [1.03262093649e-15, 1.72526567549e-14, 6.03677128902e-14, 5.02042628119e-14, 2.11553403918e-13, 3.07736366771e-13, 4.74237077559e-13, 6.45844732946e-14, -7.23898327756e-15, 4.06649887374e-12, 5.08085804332e-12, 3.29294968029e-13, 1.07536836423e-13, 1.9897152502e-12, 2.71245665631e-14, 6.49007323578e-13, 1.08590133413e-12, 2.95916882578e-13, 2.3250764378e-13, 1.72800196461e-13, 1.04781133314e-13, 2.89023701348e-14, 2.12137855805e-15, 9.20584100317e-16, 1.7722111359e-17, 7.63725271658e-18, 8.678945457e-19], [5.57869822166e-16, 8.80970423429e-15, 1.06238997295e-14, 1.73595099612e-14, 4.98514227674e-14, 8.32485258029e-14, 9.02250482985e-14, 8.63295810435e-15, -9.03573243516e-15, 7.46323738487e-13, 8.22446765639e-13, 7.20895375729e-14, 2.1444472039e-14, 3.61685182672e-13, 9.56111309103e-15, 1.19095963018e-13, 1.69293385192e-13, 7.52554824555e-14, 6.49151278521e-14, 4.74226066131e-14, 2.89023701348e-14, 1.35905123486e-14, 8.58475780037e-16, 3.99896536376e-16, 4.69326496957e-17, 2.71278576137e-18, -1.37598457594e-19], [2.02808920136e-17, 6.78081320375e-16, 1.04464213396e-15, 1.72920664451e-15, 3.07629343311e-15, 6.76986974983e-15, 5.96830637822e-15, 3.93523936937e-16, -1.85954450102e-16, 3.76953852789e-14, 4.41067030176e-14, 4.53990897949e-15, 1.31259846572e-15, 2.04616393816e-14, 7.01702104659e-16, 5.79016942018e-15, 7.99774946248e-15, 4.5645563677e-15, 4.66029904283e-15, 3.57830889688e-15, 2.12137855805e-15, 8.58475780037e-16, 7.99980664081e-17, 2.87484603572e-17, 4.8858891126e-18, 2.241639039e-19, 7.07406637001e-21], [1.62279171159e-17, 3.65201537461e-16, 6.74473648234e-16, 7.60228693182e-16, 2.22162278977e-15, 2.67549883005e-15, 8.34100659974e-16, -5.07906101464e-16, -2.36940102819e-16, 3.32957174269e-15, 2.33989421196e-15, 9.85662912204e-16, 3.96428968779e-16, 1.09169301423e-15, 3.09977027473e-16, 5.76747169005e-16, 1.26476842102e-15, 1.54708354942e-15, 1.84950575769e-15, 1.5029454037e-15, 9.20584100317e-16, 3.99896536376e-16, 2.87484603572e-17, 1.59794155163e-17, 2.74829869302e-18, 1.29765289838e-19, 1.56746622487e-20], [-2.90927507125e-18, -1.70277776072e-16, -5.33203640407e-16, -5.16203881061e-17, -1.64723630159e-15, -1.12643407057e-15, -6.65424318803e-16, 4.55944600617e-16, -9.00963667355e-17, -3.69658095434e-15, -5.70678919092e-15, -5.02193923026e-16, -1.258753693e-16, -2.26828414077e-15, -3.5197752674e-17, -1.13586842941e-15, -1.34143760824e-15, -1.34813618301e-16, -5.79218830998e-18, 1.98036451961e-17, 1.7722111359e-17, 4.69326496957e-17, 4.8858891126e-18, 2.74829869302e-18, 1.83130194101e-17, 5.80545856175e-20, 1.75236742585e-20], [4.49568165128e-19, 1.24356943628e-17, 6.72248227984e-17, 7.18533152247e-17, 9.82705854011e-17, 2.83761265112e-17, 2.37200641551e-17, -7.59789959894e-18, 2.67029667795e-17, 8.2417602787e-17, -1.34184649602e-18, 1.40044506663e-17, 7.95071942716e-18, 3.58866882451e-17, 2.76564756559e-18, 5.13354492005e-18, 1.55214502789e-17, 1.90346650114e-17, 1.70725760548e-17, 1.51379494946e-17, 7.63725271658e-18, 2.71278576137e-18, 2.241639039e-19, 1.29765289838e-19, 5.80545856175e-20, 1.64091905548e-20, 1.51125380926e-20], [2.7660694794e-19, 7.93485575737e-18, 5.89390935688e-17, 5.37066368726e-17, 5.82030285551e-17, 9.72848049002e-19, 1.12384910468e-17, -6.11970426966e-18, 1.64336948369e-17, 4.83755637039e-17, 5.76364826274e-17, 1.38021123623e-18, 3.68897076036e-18, 3.19970798641e-17, -6.11892123981e-19, 3.48646619306e-18, 1.00134249791e-17, 3.23564228386e-18, 1.30606328311e-18, 1.14825707457e-18, 8.678945457e-19, -1.37598457594e-19, 7.07406637001e-21, 1.56746622487e-20, 1.75236742585e-20, 1.51125380926e-20, 1.59151892457e-20]]
    },
    "mfcc": {
        "kurt": [16.8164615631, 23.6101722717, 13.7300758362, 0.436710834503, 0.232760429382, 0.33105301857, 0.00691223144531, 0.0807859897614, -0.0220711231232, 0.359409570694, 0.404457807541, -0.0119233131409, 0.0529282093048],
        "max": [-847.741760254, 148.204315186, 0.059814453125, 47.941986084, 15.108215332, 0.533088684082, 22.3798713684, 10.090921402, 12.7931938171, 11.578584671, 9.10400009155, 18.2901210785, 13.9280319214],
        "mean": [-941.427368164, 113.674949646, -25.3055305481, 19.5842514038, -5.01143312454, -19.4725246429, 5.76851320267, -7.09238243103, -5.17169284821, -5.36412715912, -10.372546196, -0.663611590862, -1.74373495579],
        "median": [-944.443359375, 113.615905762, -23.0982627869, 19.7176856995, -5.16148376465, -19.4467887878, 6.02031326294, -7.0237197876, -5.06238937378, -4.81079483032, -10.5802536011, -0.539833068848, -1.55757904053],
        "min": [-1138.37414551, 0.0636100769043, -105.523117065, -18.0281181335, -26.2314720154, -37.988079071, -13.7270507812, -25.6989593506, -20.4530258179, -28.5193328857, -28.5299739838, -14.2734603882, -17.2277183533],
        "skew": [-0.12671841681, -2.10601568222, -3.06515359879, -0.155063331127, 0.020425202325, 0.101045891643, -0.229517534375, -0.101370304823, -0.103664465249, -0.393445640802, 0.218747541308, 0.131698310375, -0.0751626640558],
        "var": [403.928649902, 101.205780029, 151.784362793, 97.854598999, 39.2029266357, 35.0084877014, 33.7216491699, 31.1720752716, 29.7289066315, 41.8140869141, 31.4793643951, 26.2850151062, 27.0845184326],
        "cov": [[404.528839111, 117.242721558, -166.431854248, 19.7072067261, -25.0673503876, -9.75901508331, -5.82605457306, -12.5958032608, 10.6478691101, -50.68019104, -7.23910188675, -5.57022285461, -19.739730835], [117.242721558, 101.356163025, -6.63865280151, -14.7515935898, 11.3847551346, -10.6161003113, -5.42776966095, 2.85566139221, -2.24541401863, -2.07792425156, -6.40630245209, 0.981484591961, 0.670465826988], [-166.431854248, -6.63865280151, 152.009902954, 45.2020606995, 22.5587177277, 13.1251029968, 13.167681694, 0.595361411572, -11.3791370392, 20.6596279144, 1.63719832897, 6.41222476959, 9.08328819275], [19.7072067261, -14.7515935898, 45.2020606995, 98, 11.7500238419, 15.9737157822, 16.1049308777, -13.0287714005, -6.3219332695, -15.7079210281, -0.696100533009, 1.5982105732, -9.17478847504], [-25.0673503876, 11.3847551346, 22.5587177277, 11.7500238419, 39.261177063, 12.3933954239, 0.425722658634, 4.90651750565, -3.08465218544, 4.87213230133, -1.45316171646, 0.51124048233, 0.716823935509], [-9.75901508331, -10.6161003113, 13.1251029968, 15.9737157822, 12.3933954239, 35.0605049133, 19.407289505, 2.38675165176, 4.54997301102, -0.489028424025, 3.15764856339, 0.198439508677, 0.813460230827], [-5.82605457306, -5.42776966095, 13.167681694, 16.1049308777, 0.425722658634, 19.407289505, 33.7717552185, 12.659781456, 1.02486002445, 2.93857550621, 1.06041872501, -0.235181555152, 1.00976967812], [-12.5958032608, 2.85566139221, 0.595361411572, -13.0287714005, 4.90651750565, 2.38675165176, 12.659781456, 31.2183933258, 15.099946022, 6.72436904907, 4.84436035156, 0.132394269109, 4.26837205887], [10.6478691101, -2.24541401863, -11.3791370392, -6.3219332695, -3.08465218544, 4.54997301102, 1.02486002445, 15.099946022, 29.7730808258, 15.5408172607, 5.66454553604, 2.03563380241, 3.33813428879], [-50.68019104, -2.07792425156, 20.6596279144, -15.7079210281, 4.87213230133, -0.489028424025, 2.93857550621, 6.72436904907, 15.5408172607, 41.8762168884, 17.180891037, 4.93203353882, 9.87931537628], [-7.23910188675, -6.40630245209, 1.63719832897, -0.696100533009, -1.45316171646, 3.15764856339, 1.06041872501, 4.84436035156, 5.66454553604, 17.180891037, 31.526140213, 15.8927345276, 5.24397563934], [-5.57022285461, 0.981484591961, 6.41222476959, 1.5982105732, 0.51124048233, 0.198439508677, -0.235181555152, 0.132394269109, 2.03563380241, 4.93203353882, 15.8927345276, 26.3240699768, 13.5283813477], [-19.739730835, 0.670465826988, 9.08328819275, -9.17478847504, 0.716823935509, 0.813460230827, 1.00976967812, 4.26837205887, 3.33813428879, 9.87931537628, 5.24397563934, 13.5283813477, 27.1247615814]]
    },
    "sccoeffs": {
        "kurt": [-0.0584647655487, 0.227007389069, 16.1536540985, 12.8671827316, 10.654586792, 7.77699947357],
        "max": [-0.648054122925, -0.694673299789, -0.593118071556, -0.654883205891, -0.73573333025, -0.740597605705],
        "mean": [-0.785478651524, -0.838306546211, -0.861806869507, -0.861896395683, -0.863242387772, -0.800240337849],
        "median": [-0.787374615669, -0.841192245483, -0.868780493736, -0.867650747299, -0.865996778011, -0.800464749336],
        "min": [-0.922260522842, -0.923484742641, -0.956114172935, -0.91336119175, -0.896919131279, -0.922988831997],
        "skew": [0.160937860608, 0.428850829601, 3.25238752365, 3.01506280899, 2.41967535019, -0.425927072763],
        "var": [0.00182839017361, 0.0012550058309, 0.00174850190524, 0.00105820898898, 0.00035295804264, 0.000217026463361],
        "cov": [[0.00183110695798, 0.000183674535947, 7.52540217945e-05, 8.98147991393e-05, 7.19199088053e-05, 6.66232808726e-05], [0.000183674535947, 0.00125687057152, 0.000309918425046, 0.000322026462527, 0.00012680364307, 0.000113798851089], [7.52540217945e-05, 0.000309918425046, 0.00175109994598, 0.000884593406226, 0.000467619305709, 0.000165845238371], [8.98147991393e-05, 0.000322026462527, 0.000884593406226, 0.00105978141073, 0.000390317029087, 0.000156223366503], [7.19199088053e-05, 0.00012680364307, 0.000467619305709, 0.000390317029087, 0.000353482522769, 7.72888452047e-05], [6.66232808726e-05, 0.000113798851089, 0.000165845238371, 0.000156223366503, 7.72888452047e-05, 0.000217348933802]]
    },
    "scvalleys": {
        "kurt": [2.54808664322, 19.2927589417, 21.5899658203, 64.9492645264, 59.3332824707, 2.92867946625],
        "max": [-7.42662000656, -7.31668138504, -7.71831417084, -8.27525424957, -8.79440593719, -11.5230493546],
        "mean": [-8.64238548279, -8.1817073822, -8.51992034912, -9.17307662964, -9.40638065338, -12.6349077225],
        "median": [-8.62978744507, -8.16681289673, -8.50263690948, -9.17044258118, -9.40759658813, -12.6577854156],
        "min": [-11.2165756226, -12.0197954178, -11.5629177094, -12.9534645081, -13.3354082108, -14.1718988419],
        "skew": [-0.561754763126, -2.01030421257, -2.30995225906, -4.41024971008, -4.2024846077, 0.665076434612],
        "var": [0.151250138879, 0.126074373722, 0.0788266807795, 0.0676198750734, 0.0760908573866, 0.0709240958095],
        "cov": [[0.151474878192, 0.0178720243275, 0.0198000501841, 0.0181712806225, 0.0296299755573, 0.017470786348], [0.0178720243275, 0.126261711121, 0.0418924950063, 0.0348249822855, 0.037625785917, 0.0157890431583], [0.0198000501841, 0.0418924950063, 0.078943811357, 0.0321965366602, 0.0342483334243, 0.0193597748876], [0.0181712806225, 0.0348249822855, 0.0321965366602, 0.0677203536034, 0.0400658734143, 0.0207047518343], [0.0296299755573, 0.037625785917, 0.0342483334243, 0.0400658734143, 0.0762039199471, 0.0518158897758], [0.017470786348, 0.0157890431583, 0.0193597748876, 0.0207047518343, 0.0518158897758, 0.071029484272]]
    }
},
"rhythm": {
    "beats_loudness": {
        "kurt": 23.7981472015,
        "max": 0.000978003605269,
        "mean": 6.76357958582e-05,
        "median": 3.40002661687e-05,
        "min": 1.5690260625e-05,
        "skew": 5.06634616852,
        "var": 2.97303230923e-08
    },
    "bpm": 109.575950623,
    "confidence": 1.23194646835,
    "first_peak_bpm": {
        "kurt": 0,
        "max": 108,
        "mean": 108,
        "median": 108,
        "min": 108,
        "skew": 0,
        "var": 0
    },
    "first_peak_spread": {
        "kurt": 0,
        "max": 0.588235259056,
        "mean": 0.588235259056,
        "median": 0.588235259056,
        "min": 0.588235259056,
        "skew": 0,
        "var": 0
    },
    "first_peak_weight": {
        "kurt": 0,
        "max": 0.25,
        "mean": 0.25,
        "median": 0.25,
        "min": 0.25,
        "skew": 0,
        "var": 0
    },
    "onset_rate": 0.640639185905,
    "second_peak_bpm": {
        "kurt": 0,
        "max": 126,
        "mean": 126,
        "median": 126,
        "min": 126,
        "skew": 0,
        "var": 0
    },
    "second_peak_spread": {
        "kurt": 0,
        "max": 0.363636374474,
        "mean": 0.363636374474,
        "median": 0.363636374474,
        "min": 0.363636374474,
        "skew": 0,
        "var": 0
    },
    "second_peak_weight": {
        "kurt": 0,
        "max": 0.25,
        "mean": 0.25,
        "median": 0.25,
        "min": 0.25,
        "skew": 0,
        "var": 0
    },
    "beats_loudness_band_ratio": {
        "kurt": [-0.62943148613, -0.468389987946, 0.827798843384, 14.144908905, 2.65583753586, -0.688221693039],
        "max": [0.338966280222, 0.449409604073, 0.512241125107, 0.634058177471, 0.30426594615, 0.148982509971],
        "mean": [0.163267299533, 0.26945078373, 0.242751806974, 0.171068370342, 0.138353958726, 0.0759022384882],
        "median": [0.160163462162, 0.266908437014, 0.22638463974, 0.146528631449, 0.122832871974, 0.0679302290082],
        "min": [0.00181528448593, 0.011343549937, 0.0341697111726, 0.0943090468645, 0.0780770853162, 0.0224203169346],
        "skew": [0.0784331783652, -0.183777555823, 0.742919206619, 3.59731388092, 1.66916155815, 0.494078278542],
        "var": [0.00633751787245, 0.0113914618269, 0.010153837502, 0.00965842790902, 0.00290784751996, 0.00106491846964],
        "cov": [[0.00656385766342, 0.00338193820789, -0.00316918012686, -0.003146271687, -0.00226812786423, 0.000862800341565], [0.00338193820789, 0.011798299849, -0.0029076912906, -0.00703809782863, -0.00336525915191, 0.000737862137612], [-0.00316918012686, -0.0029076912906, 0.0105164740235, -0.00219103158452, -0.00142981833778, -0.00096529017901], [-0.003146271687, -0.00703809782863, -0.00219103158452, 0.0100033720955, 0.00292393821292, -0.00155203102622], [-0.00226812786423, -0.00336525915191, -0.00142981833778, 0.00292393821292, 0.00301169930026, -0.000128880375996], [0.000862800341565, 0.000737862137612, -0.00096529017901, -0.00155203102622, -0.000128880375996, 0.00110295123886]]
    },
    "beats_position": [0.46439909935, 0.940408170223, 1.4164172411, 1.89242625237, 2.36843538284, 2.8444442749, 3.32045340538, 3.79646253586, 4.28408145905, 4.77170038223, 5.25931978226, 5.74693870544, 6.28099775314, 6.81505680084, 7.3491153717, 7.90639448166, 8.45206356049, 8.99773216248, 9.54340076447, 10.077460289, 10.6347389221, 11.1804075241, 11.7376871109, 12.294965744, 12.8522443771, 13.4095239639, 13.966802597, 14.512471199, 15.0581407547],
    "bpm_estimates": [112.347129822, 112.347129822, 112.347229004, 107.665977478, 109.956756592, 109.956848145, 109.956848145, 112.34703064, 107.666069031, 109.956848145, 107.665885925, 107.666069031, 107.666069031, 107.665885925, 107.666069031, 109.956848145, 109.95665741],
    "bpm_intervals": [0.476009070873, 0.476009070873, 0.476009011269, 0.476009130478, 0.476008892059, 0.476009130478, 0.476009130478, 0.487618923187, 0.487618923187, 0.487619400024, 0.487618923187, 0.534059047699, 0.534059047699, 0.534058570862, 0.557279109955, 0.545669078827, 0.54566860199, 0.54566860199, 0.534059524536, 0.557278633118, 0.54566860199, 0.557279586792, 0.557278633118, 0.557278633118, 0.557279586792, 0.557278633118, 0.54566860199, 0.545669555664],
    "onset_times": [0.0116099771112, 4.15637207031, 4.96907043457, 6.98920631409, 8.64943313599, 9.21832180023, 11.3429479599, 11.900226593, 13.9551925659, 15.5921993256],
    "histogram": [[0, 0, 0, 0, 0, 0, 0, 0, 0, 0, 0, 0, 0, 0, 0, 0, 0, 0, 0, 0, 0, 0, 0, 0, 0, 0, 0, 0, 0, 0, 0, 0, 0, 0, 0, 0, 0, 0, 0, 0, 0, 0, 0, 0, 0, 0, 0, 0, 0, 0, 0, 0, 0, 0, 0, 0, 0, 0, 0, 0, 0, 0, 0, 0, 0, 0, 0, 0, 0, 0, 0, 0, 0, 0, 0, 0, 0, 0, 0, 0, 0, 0, 0, 0, 0, 0, 0, 0, 0, 0, 0, 0, 0, 0, 0, 0, 0, 0, 0, 0, 0, 0, 0, 0, 0, 0, 0, 0, 0.25, 0, 0.214285716414, 0, 0.142857149243, 0, 0, 0, 0, 0, 0, 0, 0, 0, 0, 0.142857149243, 0, 0, 0.25, 0, 0, 0, 0, 0, 0, 0, 0, 0, 0, 0, 0, 0, 0, 0, 0, 0, 0, 0, 0, 0, 0, 0, 0, 0, 0, 0, 0, 0, 0, 0, 0, 0, 0, 0, 0, 0, 0, 0, 0, 0, 0, 0, 0, 0, 0, 0, 0, 0, 0, 0, 0, 0, 0, 0, 0, 0, 0, 0, 0, 0, 0, 0, 0, 0, 0, 0, 0, 0, 0, 0, 0, 0, 0, 0, 0, 0, 0, 0, 0, 0, 0, 0, 0, 0, 0, 0, 0, 0, 0, 0, 0, 0, 0, 0, 0, 0, 0, 0, 0, 0, 0, 0, 0, 0, 0, 0, 0, 0, 0, 0, 0, 0, 0, 0, 0, 0, 0, 0, 0, 0, 0, 0]]
},
"sfx": {
    "inharmonicity": {
        "kurt": -0.577083110809,
        "max": 0.359643280506,
        "mean": 0.135377898812,
        "median": 0.123889282346,
        "min": 0,
        "skew": 0.47967711091,
        "var": 0.00605542352423
    },
    "oddtoevenharmonicenergyratio": {
        "kurt": 46.7004623413,
        "max": 14.2031555176,
        "mean": 0.955363571644,
        "median": 0.686091542244,
        "min": 0,
        "skew": 5.0172252655,
        "var": 1.05659592152
    },
    "pitch_after_max_to_before_max_energy_ratio": 0.315133303404,
    "pitch_centroid": 333.161743164,
    "pitch_max_to_total": 0.603857576847,
    "pitch_min_to_total": 0.639465868473,
    "tristimulus": {
        "kurt": [13.3116436005, 1.34245491028, 2.10067081451],
        "max": [1, 0.726718008518, 0.947672843933],
        "mean": [0.174273237586, 0.315592199564, 0.510134279728],
        "median": [0.15945699811, 0.309336274862, 0.507120728493],
        "min": [0, 0, 0],
        "skew": [2.46405744553, 0.1360899508, -0.369156420231],
        "var": [0.0165623351932, 0.00918105617166, 0.0156072648242],
        "cov": [[0.0165869444609, -0.00507560605183, -0.011511368677], [-0.00507560605183, 0.00919469818473, -0.00411909492686], [-0.011511368677, -0.00411909492686, 0.0156304556876]]
    }
},
"tonal": {
    "chords_changes_rate": 0.097633138299,
    "chords_number_rate": 0.0177514795214,
    "chords_strength": {
        "kurt": 0.529112815857,
        "max": 0.80490809679,
        "mean": 0.513218045235,
        "median": 0.510743618011,
        "min": 0.318033248186,
        "skew": 0.59887111187,
        "var": 0.00820143241435
    },
    "key_strength": 0.540913820267,
    "tuning_diatonic_strength": 0.637219905853,
    "tuning_equal_tempered_deviation": 0.239090517163,
    "tuning_frequency": 448.985931396,
    "tuning_nontempered_energy_ratio": 0.901343882084,
    "hpcp": {
        "kurt": [4.92405462265, 2.48344564438, 1.11126756668, 0.723682641983, 0.589607715607, 1.01106786728, 0.227675437927, -0.153876543045, -0.665776252747, -0.430667161942, -0.0489151477814, 0.881931066513, 2.2684636116, 2.57315969467, 1.62946510315, 0.483285903931, 0.566685914993, 1.733481884, 2.04825544357, 2.88736248016, 2.65293836594, 2.678855896, 1.07906341553, 0.3610060215, 1.06272268295, 0.679332017899, 1.00258922577, 1.29071712494, 2.10750818253, 1.71211242676, 1.47956037521, 0.320315122604, -0.53701710701, -0.919416904449, -0.322150945663, 1.32427501678],
        "max": [1, 1, 1, 1, 1, 1, 1, 1, 1, 1, 1, 1, 1, 1, 1, 1, 1, 1, 1, 1, 1, 1, 1, 1, 1, 1, 1, 1, 1, 1, 1, 1, 1, 1, 1, 0.916943311691],
