{
"metadata": {
    "version": {
        "essentia": "2.1-beta3"
    }
},
"lowLevel": {
    "average_loudness": 0.0460983850062,
    "barkbands_kurtosis": {
        "kurt": 81.2864837646,
        "max": 97.3118057251,
        "mean": 2.53356051445,
        "median": 1.04849743843,
        "min": -1.43977737427,
        "skew": 6.61424303055,
        "var": 26.5229148865
    },
    "barkbands_skewness": {
        "kurt": 9.00318527222,
        "max": 0.429472416639,
        "mean": -1.26472210884,
        "median": -1.1098382473,
        "min": -8.5164270401,
        "skew": -2.0818157196,
        "var": 0.580738961697
    },
    "barkbands_spread": {
        "kurt": -0.148253917694,
        "max": 28.8278579712,
        "mean": 11.1829280853,
        "median": 11.0191802979,
        "min": 0.810036718845,
        "skew": 0.317379921675,
        "var": 21.3350315094
    },
    "dissonance": {
        "kurt": 22.3813323975,
        "max": 0.499999940395,
        "mean": 0.492782384157,
        "median": 0.494660556316,
        "min": 0.398009091616,
        "skew": -3.00292015076,
        "var": 4.62024108856e-05
    },
    "hfc": {
        "kurt": 102.595878601,
        "max": 109.307060242,
        "mean": 2.85203289986,
        "median": 1.26124405861,
        "min": 0.0186794251204,
        "skew": 8.27413082123,
        "var": 35.6247215271
    },
    "pitch": {
        "kurt": -1.35522782803,
        "max": 4344.23486328,
        "mean": 1454.58032227,
        "median": 1124.42163086,
        "min": 81.2581481934,
        "skew": 0.322631955147,
        "var": 1100064.125
    },
    "pitch_instantaneous_confidence": {
        "kurt": 0.0956971645355,
        "max": 0.93528097868,
        "mean": 0.383390754461,
        "median": 0.3289052248,
        "min": 0.122812628746,
        "skew": 0.958773255348,
        "var": 0.0300252214074
    },
    "pitch_salience": {
        "kurt": 5.13553142548,
        "max": 0.943640291691,
        "mean": 0.745528936386,
        "median": 0.764101266861,
        "min": 0.279874116182,
        "skew": -1.9130294323,
        "var": 0.00551459239796
    },
    "silence_rate_20dB": {
        "kurt": 0,
        "max": 1,
        "mean": 1,
        "median": 1,
        "min": 1,
        "skew": 0,
        "var": 0
    },
    "silence_rate_30dB": {
        "kurt": 0,
        "max": 1,
        "mean": 1,
        "median": 1,
        "min": 1,
        "skew": 0,
        "var": 0
    },
    "silence_rate_60dB": {
        "kurt": 9.95097255707,
        "max": 1,
        "mean": 0.93278837204,
        "median": 1,
        "min": 0,
        "skew": -3.45692777634,
        "var": 0.062693759799
    },
    "spectral_centroid": {
        "kurt": 2.56119537354,
        "max": 3936.88110352,
        "mean": 2211.92285156,
        "median": 2192.27880859,
        "min": 1582.7935791,
        "skew": 0.86387437582,
        "var": 67787.0390625
    },
    "spectral_complexity": {
        "kurt": 9.08671474457,
        "max": 46,
        "mean": 3.74795651436,
        "median": 1,
        "min": 0,
        "skew": 2.64600157738,
        "var": 33.5255088806
    },
    "spectral_crest": {
        "kurt": 2.55055999756,
        "max": 25.3083190918,
        "mean": 7.94266557693,
        "median": 6.89040756226,
        "min": 2.67294669151,
        "skew": 1.53671479225,
        "var": 14.4366874695
    },
    "spectral_decrease": {
        "kurt": 57.241394043,
        "max": -2.67620235868e-12,
        "mean": -2.49403248054e-10,
        "median": -1.19215581851e-10,
        "min": -6.1441709498e-09,
        "skew": -6.36462879181,
        "var": 2.07115879496e-19
    },
    "spectral_energy": {
        "kurt": 59.2459907532,
        "max": 0.0296334736049,
        "mean": 0.00119999214076,
        "median": 0.000564753077924,
        "min": 1.1794850252e-05,
        "skew": 6.49927854538,
        "var": 5.01253089169e-06
    },
    "spectral_energyband_high": {
        "kurt": 553.985290527,
        "max": 0.0141373667866,
        "mean": 7.00056480127e-05,
        "median": 1.14347894851e-05,
        "min": 3.15139800477e-07,
        "skew": 22.3532505035,
        "var": 2.52036727488e-07
    },
    "spectral_energyband_low": {
        "kurt": 23.2464313507,
        "max": 1.41221862577e-05,
        "mean": 1.17033721381e-06,
        "median": 8.91511263035e-07,
        "min": 5.78307286503e-08,
        "skew": 3.50810885429,
        "var": 1.10729491982e-12
    },
    "spectral_energyband_middle_high": {
        "kurt": 55.9657249451,
        "max": 0.0278616994619,
        "mean": 0.00106475688517,
        "median": 0.000514776096679,
        "min": 7.22050299373e-06,
        "skew": 6.22527742386,
        "var": 3.74687010662e-06
    },
    "spectral_energyband_middle_low": {
        "kurt": 181.188812256,
        "max": 0.00278227543458,
        "mean": 7.02826073393e-05,
        "median": 3.06193614961e-05,
        "min": 4.05868604503e-06,
        "skew": 10.3645439148,
        "var": 1.64939013558e-08
    },
    "spectral_flatness_db": {
        "kurt": 0.688207864761,
        "max": 0.395022273064,
        "mean": 0.246244728565,
        "median": 0.243051767349,
        "min": 0.105802871287,
        "skew": 0.615326821804,
        "var": 0.00134671467822
    },
    "spectral_flux": {
        "kurt": 10.8190050125,
        "max": 0.125632211566,
        "mean": 0.0193001683801,
        "median": 0.0157380905002,
        "min": 0.00455894088373,
        "skew": 2.63515520096,
        "var": 0.000184953896678
    },
    "spectral_kurtosis": {
        "kurt": 5.48247814178,
        "max": 54.8181648254,
        "mean": 7.45207500458,
        "median": 5.91540956497,
        "min": -0.279547214508,
        "skew": 1.89719343185,
        "var": 40.3795394897
    },
    "spectral_rms": {
        "kurt": 10.109416008,
        "max": 0.00537686794996,
        "mean": 0.000897665973753,
        "median": 0.00074227922596,
        "min": 0.000107271480374,
        "skew": 2.50419664383,
        "var": 3.64921817209e-07
    },
    "spectral_rolloff": {
        "kurt": 0.965861082077,
        "max": 5189.50195312,
        "mean": 3050.70166016,
        "median": 3036.18164062,
        "min": 2067.1875,
        "skew": 0.623864471912,
        "var": 158239.09375
    },
    "spectral_skewness": {
        "kurt": 2.89948558807,
        "max": 4.18934679031,
        "mean": 1.1560447216,
        "median": 1.07100296021,
        "min": -0.0218355543911,
        "skew": 1.29121887684,
        "var": 0.255038201809
    },
    "spectral_spread": {
        "kurt": 7.23265647888,
        "max": 5385310.5,
        "mean": 1801841.875,
        "median": 1800877.75,
        "min": 938349.375,
        "skew": 1.01632356644,
        "var": 111357181952
    },
    "spectral_strongpeak": {
        "kurt": 20.3493881226,
        "max": 8.4789056778,
        "mean": 0.654451549053,
        "median": 0.454409062862,
        "min": 0.00148680515122,
        "skew": 3.47210621834,
        "var": 0.497670561075
    },
    "zerocrossingrate": {
        "kurt": 3.73971509933,
        "max": 0.17626953125,
        "mean": 0.10829821229,
        "median": 0.10693359375,
        "min": 0.03125,
        "skew": 0.86067789793,
        "var": 0.000127142237034
    },
    "barkbands": {
        "kurt": [50.2666816711, 26.4111595154, 19.1353969574, 42.1214790344, 51.916015625, 23.5797176361, 99.5876464844, 65.0684204102, 528.515136719, 337.437133789, 853.869995117, 82.0004882812, 64.8611755371, 535.717590332, 297.462341309, 99.2121887207, 58.5902442932, 73.6389923096, 86.2263717651, 437.563537598, 615.486083984, 551.736022949, 383.167297363, 384.640472412, 269.512664795, 317.167816162, 317.568634033],
        "max": [2.40204958146e-08, 2.29546185437e-06, 7.16273780199e-06, 2.73134646704e-05, 0.000199996618903, 0.000111983688839, 0.000404241087381, 0.000483452342451, 0.00262365001254, 0.00167934363708, 0.00849872175604, 0.00113541353494, 0.000953841663431, 0.0063115763478, 0.00700306706131, 0.0113823674619, 0.00767297437415, 0.00361295673065, 0.00593868503347, 0.00878377165645, 0.00641865096986, 0.00171315181069, 0.000199498244911, 1.44567220559e-05, 3.80660081234e-09, 3.51994988712e-09, 3.63271146497e-09],
        "mean": [1.24121712908e-09, 1.51329501819e-07, 5.40192729659e-07, 1.28215526729e-06, 7.9665260273e-06, 6.47280558042e-06, 9.76250248641e-06, 1.53251057782e-05, 2.26761167141e-05, 2.53735834121e-05, 3.50278314727e-05, 3.62901191693e-05, 3.60687990906e-05, 5.38743952347e-05, 8.32773148431e-05, 0.000255872670095, 0.000254821701674, 0.000116762334073, 0.00013007040252, 7.32236585463e-05, 2.69356551144e-05, 7.3366113611e-06, 8.29079340292e-07, 5.13070084196e-08, 4.2521711846e-11, 3.71789300735e-11, 3.80015949264e-11],
        "median": [8.25697732409e-10, 1.09926602931e-07, 3.84593022318e-07, 7.10765334588e-07, 3.93543587052e-06, 3.1168035548e-06, 3.69414237866e-06, 6.32300634607e-06, 7.31478621674e-06, 8.915858416e-06, 1.12672169053e-05, 1.56284440891e-05, 1.80156475835e-05, 1.80838069355e-05, 3.16124060191e-05, 9.37820004765e-05, 9.68154490693e-05, 4.83653166157e-05, 3.33397474606e-05, 1.57975700859e-05, 3.2720456602e-06, 6.53546635476e-07, 4.72825192332e-08, 1.78364278902e-09, 8.80929010294e-12, 7.4010086254e-12, 7.3355314878e-12],
        "min": [1.7954793468e-12, 2.74780065368e-09, 4.53560566882e-09, 8.1739308655e-09, 3.21055892982e-07, 1.58134113803e-07, 1.22787753298e-07, 2.92636116228e-07, 3.14287774472e-07, 1.62578658092e-07, 3.10400736225e-07, 2.86037590058e-07, 9.32583532176e-07, 4.33432262525e-07, 6.23481184903e-07, 1.17183162729e-06, 1.74612489445e-06, 7.30075896627e-07, 6.78634933138e-07, 2.50367008903e-07, 1.19528650089e-07, 6.97078093026e-08, 1.96261909502e-10, 3.20458476378e-13, 2.00407873348e-13, 2.42465468141e-14, 1.06879771367e-15],
        "skew": [5.20106077194, 3.44531178474, 3.03978586197, 5.17801809311, 5.96475839615, 4.19064569473, 7.48184633255, 6.20088005066, 20.506023407, 14.0778903961, 28.2476158142, 7.77740049362, 6.4058175087, 19.7460155487, 13.9236736298, 8.23714828491, 6.67556142807, 6.7661690712, 7.6333899498, 19.24949646, 22.8060913086, 22.1010818481, 18.6328887939, 19.0251121521, 13.9383878708, 14.8032808304, 14.8034152985],
        "var": [2.31375445426e-18, 2.27458399067e-14, 2.82078695254e-13, 3.72888872557e-12, 1.85226584071e-10, 1.03495809145e-10, 3.78684666957e-10, 7.54728057828e-10, 8.30575253019e-09, 3.36839911519e-09, 7.09694560896e-08, 5.50422951662e-09, 3.43511752376e-09, 3.83567453355e-08, 6.31220373748e-08, 3.7846140799e-07, 3.33725949986e-07, 4.50398189855e-08, 1.0318323973e-07, 1.14821098407e-07, 4.01187776333e-08, 3.89873999751e-09, 7.33366145589e-11, 4.18071908473e-13, 2.23180260136e-20, 1.65923949046e-20, 1.76377799466e-20],
        "cov": [[2.31480559402e-18, 4.42594434926e-17, -1.12278769237e-19, 1.2323432057e-16, 1.75873156608e-15, 1.59185845217e-15, 2.57655585269e-15, 2.50531889952e-15, 3.49836592732e-15, 2.43005261062e-15, 1.55782551538e-15, 4.4415244086e-15, 7.10331570446e-15, 1.0513828645e-14, 3.2666960635e-14, 7.98455675492e-14, 4.50513548179e-14, 3.48059729367e-14, 4.84309451267e-14, 3.62055593568e-14, 3.21052185488e-14, 5.82425572004e-15, 1.12732387868e-15, 4.8244094926e-17, 6.46799016584e-21, 4.87817043504e-21, 4.61583341573e-21], [4.42594434926e-17, 2.27561737086e-14, 2.46062156382e-14, 5.10113259684e-14, 2.93472033784e-13, 2.41146485376e-13, 3.65877196162e-13, 5.898948322e-13, 1.0167167672e-12, 9.14847841579e-13, 1.16472196471e-12, 6.85824498321e-13, 9.16810139091e-13, 2.68830812646e-12, 4.35576227864e-12, 7.37539109646e-12, 9.20695637785e-12, 3.94502269394e-12, 5.33154943805e-12, 3.57263177375e-12, 1.52635033519e-12, 3.50206924007e-13, 6.60455238134e-14, 2.48008430572e-15, 1.66693199227e-18, 1.57833867392e-18, 1.60846448843e-18], [-1.12278769237e-19, 2.46062156382e-14, 2.82206875056e-13, 3.131405725e-13, 8.34512960037e-13, 8.78839210607e-13, 1.22053907779e-12, 1.88265570668e-12, 3.95704866443e-12, 2.74557568521e-12, 6.5771205756e-13, 1.43013866808e-12, 3.70467372057e-12, 2.72467725465e-12, 7.91605843375e-12, 1.80643399544e-11, 2.43859637344e-11, 1.03154802408e-11, 2.27421657895e-11, 1.2660439537e-11, 4.04157826997e-12, 1.46194417249e-12, 1.92137796016e-13, 8.98413288208e-15, 7.42909685134e-18, 7.33522674106e-18, 7.59526751023e-18], [1.2323432057e-16, 5.10113259684e-14, 3.131405725e-13, 3.73058311673e-12, 9.35543482961e-12, 8.78193091164e-12, 1.27127813485e-11, 1.59992453314e-11, 3.89546450652e-11, 2.52937653461e-11, 1.82612588245e-11, 3.0775423876e-11, 3.69238320475e-11, 4.52012385854e-11, 9.75971317652e-11, 2.68225525124e-10, 2.98434055246e-10, 1.28966615165e-10, 2.75030054286e-10, 1.95158111893e-10, 8.45763320489e-11, 3.21417059634e-11, 4.65956483467e-12, 3.105380265e-13, 9.52343296272e-17, 8.73166428306e-17, 8.93531085592e-17], [1.75873156608e-15, 2.93472033784e-13, 8.34512960037e-13, 9.35543482961e-12, 1.85310752854e-10, 6.41651384803e-11, 7.89260601319e-11, 9.94822973999e-11, 1.97014918268e-10, 1.32564847988e-10, 8.58190463138e-11, 1.87083071257e-10, 2.24600588128e-10, 3.43393868896e-10, 8.17534873132e-10, 2.02134375904e-09, 2.54353071938e-09, 9.04615826691e-10, 1.43622513882e-09, 9.3542962265e-10, 4.18521023393e-10, 1.30591509828e-10, 1.99946396245e-11, 1.24592458746e-12, 3.99162899965e-16, 3.61990594377e-16, 3.67730433735e-16], [1.59185845217e-15, 2.41146485376e-13, 8.78839210607e-13, 8.78193091164e-12, 6.41651384803e-11, 1.03542834029e-10, 9.28436008629e-11, 1.12887851844e-10, 2.38454617163e-10, 1.76699932464e-10, 1.73286038296e-10, 2.40945069452e-10, 2.16339585135e-10, 3.41117994962e-10, 7.85694953542e-10, 2.03774130902e-09, 2.24735696719e-09, 8.89539719662e-10, 1.53348489462e-09, 9.87929293927e-10, 4.27231777733e-10, 1.71312880548e-10, 2.61141212821e-11, 1.63922402128e-12, 4.43320315692e-16, 4.00658230754e-16, 4.08545880968e-16], [2.57655585269e-15, 3.65877196162e-13, 1.22053907779e-12, 1.27127813485e-11, 7.89260601319e-11, 9.28436008629e-11, 3.78856723771e-10, 2.51282189501e-10, 5.15955833613e-10, 6.53164022868e-10, 2.04928740644e-09, 5.51340473276e-10, 3.55831170085e-10, 1.87460424961e-09, 1.0202086953e-09, 3.33659433416e-09, 3.06758907165e-09, 1.92100535479e-09, 2.39582220729e-09, 1.4144591054e-09, 5.9625904214e-10, 1.99403230039e-10, 2.3610897959e-11, 1.52901617149e-12, 5.38424857373e-16, 4.86612328445e-16, 4.94497675788e-16], [2.50531889952e-15, 5.898948322e-13, 1.88265570668e-12, 1.59992453314e-11, 9.94822973999e-11, 1.12887851844e-10, 2.51282189501e-10, 7.55070950209e-10, 6.73973599152e-10, 6.33419594553e-10, 2.84001444584e-09, 8.12068856604e-10, 4.15434353584e-10, 1.7733008395e-09, 1.32441890788e-09, 3.9318348577e-09, 4.22421964075e-09, 2.46896258993e-09, 2.80915402051e-09, 1.67740432655e-09, 6.19889362063e-10, 1.70238018127e-10, 1.81046583975e-11, 1.00849851473e-12, 5.63022641221e-16, 5.16080922317e-16, 5.24524146736e-16], [3.49836592732e-15, 1.0167167672e-12, 3.95704866443e-12, 3.89546450652e-11, 1.97014918268e-10, 2.38454617163e-10, 5.15955833613e-10, 6.73973599152e-10, 8.3095264003e-09, 9.24911147671e-10, 5.99126692702e-10, 2.80978329492e-09, 1.19678222887e-09, 2.31469221568e-09, 3.70373021141e-09, 1.33356925502e-08, 8.15322920289e-09, 4.20942436463e-09, 7.9541528919e-09, 3.47772832754e-09, 1.55127322099e-09, 5.18821763329e-10, 3.86620457871e-11, 1.91184676597e-12, 2.27275202781e-15, 2.04473329951e-15, 2.07624800734e-15], [2.43005261062e-15, 9.14847841579e-13, 2.74557568521e-12, 2.52937653461e-11, 1.32564847988e-10, 1.76699932464e-10, 6.53164022868e-10, 6.33419594553e-10, 9.24911147671e-10, 3.36992944661e-09, 8.50087555904e-09, 1.82677439842e-09, 1.2122665094e-09, 7.80663089728e-09, 2.64701882635e-09, 1.14261053952e-08, 9.54729273417e-09, 5.62051205577e-09, 6.59786580925e-09, 3.22193427493e-09, 1.45256862094e-09, 3.5478964211e-10, 3.73965268474e-11, 2.19905777615e-12, 1.34094876435e-15, 1.22519271238e-15, 1.2503897191e-15], [1.55782551538e-15, 1.16472196471e-12, 6.5771205756e-13, 1.82612588245e-11, 8.58190463138e-11, 1.73286038296e-10, 2.04928740644e-09, 2.84001444584e-09, 5.99126692702e-10, 8.50087555904e-09, 7.10016934136e-08, 9.39547728507e-09, 1.84494508559e-09, 4.01798239125e-08, 3.08463943277e-09, 2.48348648313e-08, 3.84822271826e-08, 2.33943620032e-08, 9.00754670852e-09, 4.43991510224e-09, 1.41511502516e-09, 3.21528359493e-10, 4.2544051615e-11, 2.42730315014e-12, 1.97696028757e-15, 1.84609793239e-15, 1.90567526528e-15], [4.4415244086e-15, 6.85824498321e-13, 1.43013866808e-12, 3.0775423876e-11, 1.87083071257e-10, 2.40945069452e-10, 5.51340473276e-10, 8.12068856604e-10, 2.80978329492e-09, 1.82677439842e-09, 9.39547728507e-09, 5.50673062705e-09, 1.66492530873e-09, 7.47058948036e-09, 4.20247925348e-09, 1.53583386009e-08, 1.41264537845e-08, 7.67735386376e-09, 8.70022187627e-09, 6.36299679613e-09, 3.19426307627e-09, 9.05620078928e-10, 9.91698945185e-11, 7.55411445202e-12, 1.81242159647e-15, 1.66018320019e-15, 1.6984508782e-15], [7.10331570446e-15, 9.16810139091e-13, 3.70467372057e-12, 3.69238320475e-11, 2.24600588128e-10, 2.16339585135e-10, 3.55831170085e-10, 4.15434353584e-10, 1.19678222887e-09, 1.2122665094e-09, 1.84494508559e-09, 1.66492530873e-09, 3.43667827529e-09, 4.3861740906e-09, 4.13218748108e-09, 1.42261651348e-08, 1.68063269967e-08, 4.56595783405e-09, 9.17568865333e-09, 4.80302730921e-09, 2.42181030785e-09, 5.76258873952e-10, 6.74215613894e-11, 5.04474196791e-12, 2.3994844621e-15, 2.222258488e-15, 2.28544227542e-15], [1.0513828645e-14, 2.68830812646e-12, 2.72467725465e-12, 4.52012385854e-11, 3.43393868896e-10, 3.41117994962e-10, 1.87460424961e-09, 1.7733008395e-09, 2.31469221568e-09, 7.80663089728e-09, 4.01798239125e-08, 7.47058948036e-09, 4.3861740906e-09, 3.83741749488e-08, 1.13103659771e-08, 4.19300114629e-08, 4.46387957709e-08, 2.00676115725e-08, 1.69391309868e-08, 1.06141468947e-08, 4.50997150736e-09, 9.4953989116e-10, 9.33994409591e-11, 7.23087562049e-12, 4.28267862593e-15, 3.982916207e-15, 4.11159999344e-15], [3.2666960635e-14, 4.35576227864e-12, 7.91605843375e-12, 9.75971317652e-11, 8.17534873132e-10, 7.85694953542e-10, 1.0202086953e-09, 1.32441890788e-09, 3.70373021141e-09, 2.64701882635e-09, 3.08463943277e-09, 4.20247925348e-09, 4.13218748108e-09, 1.13103659771e-08, 6.31507148796e-08, 9.9382518215e-08, 6.5546139183e-08, 2.89625532446e-08, 3.90339849332e-08, 2.55502499158e-08, 1.33069457675e-08, 2.52557730285e-09, 2.76020317713e-10, 2.47647579527e-11, 6.45231794494e-15, 6.12266669791e-15, 6.39574207329e-15], [7.98455675492e-14, 7.37539109646e-12, 1.80643399544e-11, 2.68225525124e-10, 2.02134375904e-09, 2.03774130902e-09, 3.33659433416e-09, 3.9318348577e-09, 1.33356925502e-08, 1.14261053952e-08, 2.48348648313e-08, 1.53583386009e-08, 1.42261651348e-08, 4.19300114629e-08, 9.9382518215e-08, 3.78633359333e-07, 1.83445990842e-07, 7.29622442464e-08, 1.04518221633e-07, 6.54014513657e-08, 3.74038506834e-08, 8.56783088921e-09, 9.6484364942e-10, 7.01294994299e-11, 2.31785805691e-14, 2.1287366062e-14, 2.18788085115e-14], [4.50513548179e-14, 9.20695637785e-12, 2.43859637344e-11, 2.98434055246e-10, 2.54353071938e-09, 2.24735696719e-09, 3.06758907165e-09, 4.22421964075e-09, 8.15322920289e-09, 9.54729273417e-09, 3.84822271826e-08, 1.41264537845e-08, 1.68063269967e-08, 4.46387957709e-08, 6.5546139183e-08, 1.83445990842e-07, 3.33877579806e-07, 5.56921548878e-08, 8.40082137188e-08, 5.84558286221e-08, 2.84014110008e-08, 6.22901374925e-09, 6.97113144987e-10, 6.58832363665e-11, 2.50110126837e-14, 2.31682840366e-14, 2.38858835732e-14], [3.48059729367e-14, 3.94502269394e-12, 1.03154802408e-11, 1.28966615165e-10, 9.04615826691e-10, 8.89539719662e-10, 1.92100535479e-09, 2.46896258993e-09, 4.20942436463e-09, 5.62051205577e-09, 2.33943620032e-08, 7.67735386376e-09, 4.56595783405e-09, 2.00676115725e-08, 2.89625532446e-08, 7.29622442464e-08, 5.56921548878e-08, 4.50602826163e-08, 4.14064054155e-08, 3.5165104606e-08, 1.87842381649e-08, 4.78487827138e-09, 5.835663619e-10, 4.61956480013e-11, 8.62091837804e-15, 7.74543444112e-15, 7.87874387449e-15], [4.84309451267e-14, 5.33154943805e-12, 2.27421657895e-11, 2.75030054286e-10, 1.43622513882e-09, 1.53348489462e-09, 2.39582220729e-09, 2.80915402051e-09, 7.9541528919e-09, 6.59786580925e-09, 9.00754670852e-09, 8.70022187627e-09, 9.17568865333e-09, 1.69391309868e-08, 3.90339849332e-08, 1.04518221633e-07, 8.40082137188e-08, 4.14064054155e-08, 1.03230114235e-07, 6.11051049759e-08, 3.10325063424e-08, 9.65174073997e-09, 1.38280820128e-09, 1.01943148367e-10, 1.84347928768e-14, 1.6510781254e-14, 1.67984065379e-14], [3.62055593568e-14, 3.57263177375e-12, 1.2660439537e-11, 1.95158111893e-10, 9.3542962265e-10, 9.87929293927e-10, 1.4144591054e-09, 1.67740432655e-09, 3.47772832754e-09, 3.22193427493e-09, 4.43991510224e-09, 6.36299679613e-09, 4.80302730921e-09, 1.06141468947e-08, 2.55502499158e-08, 6.54014513657e-08, 5.84558286221e-08, 3.5165104606e-08, 6.11051049759e-08, 1.14873266455e-07, 6.43027178171e-08, 1.8088345044e-08, 2.23633289664e-09, 1.86949247749e-10, 1.02311110701e-14, 8.29818188447e-15, 8.07365632005e-15], [3.21052185488e-14, 1.52635033519e-12, 4.04157826997e-12, 8.45763320489e-11, 4.18521023393e-10, 4.27231777733e-10, 5.9625904214e-10, 6.19889362063e-10, 1.55127322099e-09, 1.45256862094e-09, 1.41511502516e-09, 3.19426307627e-09, 2.42181030785e-09, 4.50997150736e-09, 1.33069457675e-08, 3.74038506834e-08, 2.84014110008e-08, 1.87842381649e-08, 3.10325063424e-08, 6.43027178171e-08, 4.01370066072e-08, 1.07008197858e-08, 1.27486232682e-09, 1.04444661253e-10, 4.77183591781e-15, 3.61208857082e-15, 3.39817463516e-15], [5.82425572004e-15, 3.50206924007e-13, 1.46194417249e-12, 3.21417059634e-11, 1.30591509828e-10, 1.71312880548e-10, 1.99403230039e-10, 1.70238018127e-10, 5.18821763329e-10, 3.5478964211e-10, 3.21528359493e-10, 9.05620078928e-10, 5.76258873952e-10, 9.4953989116e-10, 2.52557730285e-09, 8.56783088921e-09, 6.22901374925e-09, 4.78487827138e-09, 9.65174073997e-09, 1.8088345044e-08, 1.07008197858e-08, 3.90051102528e-09, 5.03602548552e-10, 3.59957029461e-11, 2.37727419943e-15, 1.91270669754e-15, 1.85074877854e-15], [1.12732387868e-15, 6.60455238134e-14, 1.92137796016e-13, 4.65956483467e-12, 1.99946396245e-11, 2.61141212821e-11, 2.3610897959e-11, 1.81046583975e-11, 3.86620457871e-11, 3.73965268474e-11, 4.2544051615e-11, 9.91698945185e-11, 6.74215613894e-11, 9.33994409591e-11, 2.76020317713e-10, 9.6484364942e-10, 6.97113144987e-10, 5.835663619e-10, 1.38280820128e-09, 2.23633289664e-09, 1.27486232682e-09, 5.03602548552e-10, 7.33699351274e-11, 5.09189869088e-12, 3.48395080299e-16, 2.86872006845e-16, 2.80585725358e-16], [4.8244094926e-17, 2.48008430572e-15, 8.98413288208e-15, 3.105380265e-13, 1.24592458746e-12, 1.63922402128e-12, 1.52901617149e-12, 1.00849851473e-12, 1.91184676597e-12, 2.19905777615e-12, 2.42730315014e-12, 7.55411445202e-12, 5.04474196791e-12, 7.23087562049e-12, 2.47647579527e-11, 7.01294994299e-11, 6.58832363665e-11, 4.61956480013e-11, 1.01943148367e-10, 1.86949247749e-10, 1.04444661253e-10, 3.59957029461e-11, 5.09189869088e-12, 4.18261833588e-13, 2.36628778506e-17, 1.9429135865e-17, 1.89909799489e-17], [6.46799016584e-21, 1.66693199227e-18, 7.42909685134e-18, 9.52343296272e-17, 3.99162899965e-16, 4.43320315692e-16, 5.38424857373e-16, 5.63022641221e-16, 2.27275202781e-15, 1.34094876435e-15, 1.97696028757e-15, 1.81242159647e-15, 2.3994844621e-15, 4.28267862593e-15, 6.45231794494e-15, 2.31785805691e-14, 2.50110126837e-14, 8.62091837804e-15, 1.84347928768e-14, 1.02311110701e-14, 4.77183591781e-15, 2.37727419943e-15, 3.48395080299e-16, 2.36628778506e-17, 2.23281654384e-20, 1.8184704659e-20, 1.85399706542e-20], [4.87817043504e-21, 1.57833867392e-18, 7.33522674106e-18, 8.73166428306e-17, 3.61990594377e-16, 4.00658230754e-16, 4.86612328445e-16, 5.16080922317e-16, 2.04473329951e-15, 1.22519271238e-15, 1.84609793239e-15, 1.66018320019e-15, 2.222258488e-15, 3.982916207e-15, 6.12266669791e-15, 2.1287366062e-14, 2.31682840366e-14, 7.74543444112e-15, 1.6510781254e-14, 8.29818188447e-15, 3.61208857082e-15, 1.91270669754e-15, 2.86872006845e-16, 1.9429135865e-17, 1.8184704659e-20, 1.65999332341e-20, 1.7103127234e-20], [4.61583341573e-21, 1.60846448843e-18, 7.59526751023e-18, 8.93531085592e-17, 3.67730433735e-16, 4.08545880968e-16, 4.94497675788e-16, 5.24524146736e-16, 2.07624800734e-15, 1.2503897191e-15, 1.90567526528e-15, 1.6984508782e-15, 2.28544227542e-15, 4.11159999344e-15, 6.39574207329e-15, 2.18788085115e-14, 2.38858835732e-14, 7.87874387449e-15, 1.67984065379e-14, 8.07365632005e-15, 3.39817463516e-15, 1.85074877854e-15, 2.80585725358e-16, 1.89909799489e-17, 1.85399706542e-20, 1.7103127234e-20, 1.76457948744e-20]]
    },
    "mfcc": {
        "kurt": [0.232334375381, 6.00772953033, -0.00161099433899, -0.108845949173, 0.333299398422, 1.26968717575, 0.72777223587, 0.463391542435, 0.938333511353, 0.141899824142, 0.552166461945, 0.476994991302, 0.281276464462],
        "max": [-638.667236328, 134.247680664, -38.0722160339, 68.1770858765, 27.6949653625, 22.9628334045, 23.6553230286, 20.024766922, 30.8699073792, 9.88109779358, 19.8839988708, 26.0946903229, 18.8999481201],
        "mean": [-833.737304688, 96.4392242432, -113.798751831, 24.2195186615, -11.544593811, -20.5927314758, -5.80150985718, -10.7013444901, 0.281988948584, -12.5457696915, -8.62910747528, -5.39976119995, -2.76356482506],
        "median": [-842.58001709, 97.5548782349, -115.00112915, 22.9419136047, -8.13847351074, -20.5254135132, -4.78573226929, -11.1904983521, 0.248550415039, -12.1649513245, -8.73671722412, -5.23649597168, -2.93598175049],
        "min": [-982.140869141, 10.2611045837, -194.917678833, -10.2873954773, -78.6337051392, -57.4806938171, -49.1726455688, -33.0148925781, -38.4680023193, -39.4627761841, -35.9646453857, -38.4332847595, -25.0062980652],
        "skew": [0.816296100616, -1.33200550079, 0.0410392694175, 0.435326337814, -0.795289635658, 0.233353033662, -0.543847680092, 0.336156725883, -0.138596221805, -0.2288774997, -0.0207523163408, -0.136114895344, 0.0761264190078],
        "var": [2238.77905273, 127.049415588, 360.166992188, 155.808135986, 259.855651855, 91.5011825562, 98.9029312134, 58.2385368347, 56.6960372925, 53.1695556641, 46.527053833, 57.2766723633, 37.0506782532],
        "cov": [[2239.79614258, -104.140060425, -683.193725586, 353.298461914, -552.51953125, 160.532943726, -235.634841919, -29.0221042633, -20.0550384521, -70.0644607544, 14.8884849548, -157.329803467, 38.5388755798], [-104.140060425, 127.107139587, 30.6427612305, -63.6651954651, 53.4493179321, -25.7755661011, 33.8797950745, -12.5839776993, 11.741985321, 5.86191368103, -0.632992386818, 3.73526096344, -3.81541109085], [-683.193725586, 30.6427612305, 360.330627441, -72.7831878662, 99.7260742188, -25.0798110962, 56.257686615, 15.0683727264, -17.8745231628, 40.1267623901, 0.674048841, 40.5027961731, -7.85926389694], [353.298461914, -63.6651954651, -72.7831878662, 155.878936768, -80.7124710083, 12.1401119232, -40.836151123, 1.80420601368, -4.06052923203, -13.3428525925, 11.250287056, -25.009021759, 3.36375188828], [-552.51953125, 53.4493179321, 99.7260742188, -80.7124710083, 259.973693848, -34.4266853333, 50.5666046143, 16.961971283, 22.3556747437, 2.20862078667, -15.1251792908, 48.6717910767, -11.0347290039], [160.532943726, -25.7755661011, -25.0798110962, 12.1401119232, -34.4266853333, 91.542755127, -7.06789636612, -10.3449964523, -3.03470206261, -1.28631055355, -4.28532266617, -11.8845539093, 9.34428501129], [-235.634841919, 33.8797950745, 56.257686615, -40.836151123, 50.5666046143, -7.06789636612, 98.9478683472, 2.80028700829, -2.43243098259, 17.0878295898, 0.213656663895, 15.9829692841, -6.72452068329], [-29.0221042633, -12.5839776993, 15.0683727264, 1.80420601368, 16.961971283, -10.3449964523, 2.80028700829, 58.264995575, 10.6859273911, -5.66078567505, 4.45732498169, 7.59299039841, 2.17297887802], [-20.0550384521, 11.741985321, -17.8745231628, -4.06052923203, 22.3556747437, -3.03470206261, -2.43243098259, 10.6859273911, 56.7217941284, 10.3859519958, -1.71054410934, 9.17018413544, 1.40022695065], [-70.0644607544, 5.86191368103, 40.1267623901, -13.3428525925, 2.20862078667, -1.28631055355, 17.0878295898, -5.66078567505, 10.3859519958, 53.1937103271, 9.51325893402, -2.23809409142, 2.15878844261], [14.8884849548, -0.632992386818, 0.674048841, 11.250287056, -15.1251792908, -4.28532266617, 0.213656663895, 4.45732498169, -1.71054410934, 9.51325893402, 46.5481910706, 9.82530784607, -3.53678631783], [-157.329803467, 3.73526096344, 40.5027961731, -25.009021759, 48.6717910767, -11.8845539093, 15.9829692841, 7.59299039841, 9.17018413544, -2.23809409142, 9.82530784607, 57.302696228, 7.69996213913], [38.5388755798, -3.81541109085, -7.85926389694, 3.36375188828, -11.0347290039, 9.34428501129, -6.72452068329, 2.17297887802, 1.40022695065, 2.15878844261, -3.53678631783, 7.69996213913, 37.0675125122]]
    },
    "sccoeffs": {
        "kurt": [0.607934236526, 1.26316976547, 7.58614063263, 3.94798374176, 1.08465576172, 0.618339300156],
        "max": [-0.458949625492, -0.623405396938, -0.520413339138, -0.58201611042, -0.596447169781, -0.31102925539],
        "mean": [-0.723155260086, -0.835616648197, -0.843586683273, -0.81915551424, -0.777788043022, -0.539016127586],
        "median": [-0.72849214077, -0.839709699154, -0.848300635815, -0.827993571758, -0.785667300224, -0.54245942831],
        "min": [-0.859612107277, -0.944644749165, -0.937647461891, -0.906471848488, -0.869016230106, -0.787330508232],
        "skew": [0.617282152176, 0.79559969902, 1.60403895378, 1.56476092339, 0.959152281284, 0.391407608986],
        "var": [0.00313018052839, 0.00168854906224, 0.00139178941026, 0.00186420138925, 0.00187756121159, 0.00340198585764],
        "cov": [[0.00313160265796, 0.00028837370337, 0.00027463780134, 0.00032223816379, 0.000143230936374, 0.000895687495358], [0.00028837370337, 0.00168931623921, 0.000243590213358, 0.000248272437602, 0.000118165502499, 0.000325832283124], [0.00027463780134, 0.000243590213358, 0.00139242166188, 0.000517558772117, 0.000313752272632, 0.000190294042113], [0.00032223816379, 0.000248272437602, 0.000517558772117, 0.00186504831072, 0.000705163460225, 0.000284349225694], [0.000143230936374, 0.000118165502499, 0.000313752272632, 0.000705163460225, 0.00187841430306, -0.000406762788771], [0.000895687495358, 0.000325832283124, 0.000190294042113, 0.000284349225694, -0.000406762788771, 0.00340353138745]]
    },
    "scvalleys": {
        "kurt": [0.0626344680786, 0.208904981613, -0.528453826904, -0.645075321198, -0.1873087883, -0.154947519302],
        "max": [-8.08153915405, -6.05856084824, -5.79122924805, -5.42369937897, -5.31085968018, -10.7888994217],
        "mean": [-9.3719997406, -7.71398591995, -7.43464326859, -7.31160449982, -7.80975914001, -15.0052366257],
        "median": [-9.34167671204, -7.77903366089, -7.51750898361, -7.33873271942, -7.92501068115, -14.989616394],
        "min": [-10.8683080673, -9.13714885712, -8.943775177, -9.03522872925, -9.73787975311, -17.1072597504],
        "skew": [-0.222207829356, 0.564547121525, 0.372753441334, 0.211417421699, 0.671242177486, 0.155310824513],
        "var": [0.171207174659, 0.249993875623, 0.279898822308, 0.289687335491, 0.399577409029, 0.871659636497],
        "cov": [[0.17128495872, 0.0419548898935, 0.0419118404388, 0.0461227335036, 0.0613565407693, 0.0522700324655], [0.0419548898935, 0.250107467175, 0.182052612305, 0.170663967729, 0.225336134434, 0.177042126656], [0.0419118404388, 0.182052612305, 0.280025988817, 0.224042907357, 0.27084082365, 0.216675892472], [0.0461227335036, 0.170663967729, 0.224042907357, 0.289818972349, 0.277885228395, 0.242013677955], [0.0613565407693, 0.225336134434, 0.27084082365, 0.277885228395, 0.399758934975, 0.312023937702], [0.0522700324655, 0.177042126656, 0.216675892472, 0.242013677955, 0.312023937702, 0.872055649757]]
    }
},
"rhythm": {
    "beats_loudness": {
        "kurt": 22.1895370483,
        "max": 0.0246268250048,
        "mean": 0.0018221923383,
        "median": 0.000679829972796,
        "min": 8.09244738775e-05,
        "skew": 4.61051225662,
        "var": 1.54379013111e-05
    },
    "bpm": 109.048660278,
    "confidence": 0.144882634282,
    "first_peak_bpm": {
        "kurt": 0,
        "max": 110,
        "mean": 110,
        "median": 110,
        "min": 110,
        "skew": 0,
        "var": 0
    },
    "first_peak_spread": {
        "kurt": 0,
        "max": 0.461538493633,
        "mean": 0.461538493633,
        "median": 0.461538493633,
        "min": 0.461538493633,
        "skew": 0,
        "var": 0
    },
    "first_peak_weight": {
        "kurt": 0,
        "max": 0.0823529437184,
        "mean": 0.0823529437184,
        "median": 0.0823529437184,
        "min": 0.0823529437184,
        "skew": 0,
        "var": 0
    },
    "onset_rate": 1.42853140831,
    "second_peak_bpm": {
        "kurt": 0,
        "max": 96,
        "mean": 96,
        "median": 96,
        "min": 96,
        "skew": 0,
        "var": 0
    },
    "second_peak_spread": {
        "kurt": 0,
        "max": 0.647058844566,
        "mean": 0.647058844566,
        "median": 0.647058844566,
        "min": 0.647058844566,
        "skew": 0,
        "var": 0
    },
    "second_peak_weight": {
        "kurt": 0,
        "max": 0.0705882385373,
        "mean": 0.0705882385373,
        "median": 0.0705882385373,
        "min": 0.0705882385373,
        "skew": 0,
        "var": 0
    },
    "beats_loudness_band_ratio": {
        "kurt": [4.42789554596, 17.5667705536, 2.64290523529, 0.269864082336, -0.944761753082, 0.0276124477386],
        "max": [0.0344548113644, 0.199030846357, 0.235742002726, 0.483937233686, 0.966443479061, 0.385221302509],
        "mean": [0.00629107328132, 0.0223973654211, 0.0557632409036, 0.161565452814, 0.633447289467, 0.137370511889],
        "median": [0.00435504876077, 0.0122591033578, 0.044849447906, 0.150972500443, 0.603464126587, 0.112994857132],
        "min": [0.000187731726328, 0.000869994517416, 0.00273459916934, 0.0134340487421, 0.375783532858, 0.0113798864186],
        "skew": [2.08667612076, 3.93832564354, 1.38228261471, 0.634931564331, 0.472062051296, 0.865981459618],
        "var": [4.80086455354e-05, 0.000994641915895, 0.00182377186138, 0.00942718330771, 0.0234954170883, 0.00840387120843],
        "cov": [[4.85734526592e-05, 0.000103657832369, 0.000132051020046, 0.000141679585795, -0.000402760604629, 8.53951405588e-06], [0.000103657832369, 0.0010063436348, 0.000440809555585, 0.000135024951305, -0.00154491676949, -1.72764441686e-06], [0.000132051020046, 0.000440809555585, 0.0018452280201, 0.000809572753496, -0.00386903365143, 0.000842834590003], [0.000141679585795, 0.000135024951305, 0.000809572753496, 0.00953809078783, -0.0100435521454, -0.000386202242225], [-0.000402760604629, -0.00154491676949, -0.00386903365143, -0.0100435521454, 0.0237718336284, -0.00859803427011], [8.53951405588e-06, -1.72764441686e-06, 0.000842834590003, -0.000386202242225, -0.00859803427011, 0.00850274041295]]
    },
    "beats_position": [0.406349211931, 0.777868449688, 1.18421769142, 1.5673469305, 1.97369611263, 2.36843538284, 2.7863945961, 3.19274377823, 3.61070299149, 3.99383211136, 4.41179132462, 4.81814050674, 5.21287965775, 5.61922883987, 6.09523820877, 6.58285713196, 7.04725599289, 7.56970500946, 8.08054447174, 8.6146030426, 9.16027164459, 9.70594120026, 10.2516098022, 10.8553285599, 11.4822673798, 12.1208162308, 12.782585144, 13.5024032593, 14.2222223282, 14.9304304123, 15.6502494812, 16.3236274719, 17.0086174011, 17.7052154541, 18.3669834137, 19.0403633118, 19.7137413025, 20.4103393555, 21.1185474396, 21.8035373688, 22.5814056396, 23.3360538483, 24.1139221191, 24.9034004211, 25.6696586609, 26.4243087769, 27.2137870789, 27.9800453186, 28.6418132782, 29.3268013, 29.9421310425, 30.5690689087, 31.1960086823, 31.8461666107, 32.4847145081, 33.0768241882, 33.6921539307, 34.2378234863, 34.818321228, 35.3872108459, 35.8980484009, 36.397277832, 36.9313354492, 37.4653968811, 38.0226745605, 38.5683441162, 39.1140136719, 39.6596832275, 40.251789093, 40.8555107117, 41.4592285156, 42.0977783203, 42.7247161865, 43.3516540527, 43.9553718567, 44.5474815369, 45.1744194031, 45.8245811462, 46.3818588257, 46.9507484436, 47.5196380615, 48.0885238647, 48.6574134827, 49.2379112244, 49.8184127808, 50.3756904602],
    "bpm_estimates": [114.843742371, 112.347229004, 109.956848145, 109.95665741, 109.956848145, 109.95665741, 105.468612671, 112.347427368, 112.346626282, 107.666252136, 109.95665741, 109.95665741, 109.95665741, 107.666252136, 105.468612671, 105.468612671, 105.469322205, 105.468612671, 107.666252136],
    "bpm_intervals": [0.371519237757, 0.406349241734, 0.383129239082, 0.406349182129, 0.39473927021, 0.417959213257, 0.406349182129, 0.417959213257, 0.383129119873, 0.417959213257, 0.406349182129, 0.394739151001, 0.406349182129, 0.476009368896, 0.487618923187, 0.464398860931, 0.522449016571, 0.51083946228, 0.534058570862, 0.54566860199, 0.545669555664, 0.54566860199, 0.603718757629, 0.626938819885, 0.638548851013, 0.661768913269, 0.719818115234, 0.719819068909, 0.708208084106, 0.719819068909, 0.673377990723, 0.684989929199, 0.696598052979, 0.661767959595, 0.673379898071, 0.673377990723, 0.696598052979, 0.708208084106, 0.684989929199, 0.777868270874, 0.754648208618, 0.777868270874, 0.789478302002, 0.766258239746, 0.754650115967, 0.789478302002, 0.766258239746, 0.661767959595, 0.684988021851, 0.615329742432, 0.626937866211, 0.62693977356, 0.650157928467, 0.638547897339, 0.592109680176, 0.615329742432, 0.545669555664, 0.580497741699, 0.56888961792, 0.510837554932, 0.499229431152, 0.534057617188, 0.534061431885, 0.557277679443, 0.545669555664, 0.545669555664, 0.545669555664, 0.592105865479, 0.603721618652, 0.603717803955, 0.638549804688, 0.626937866211, 0.626937866211, 0.603717803955, 0.592109680176, 0.626937866211, 0.650161743164, 0.557277679443, 0.56888961792, 0.56888961792, 0.568885803223, 0.56888961792, 0.580497741699, 0.580501556396, 0.557277679443],
    "onset_times": [0.0116099771112, 0.777868509293, 2.21750569344, 2.28716564178, 10.4373693466, 14.3963718414, 15.5109300613, 16.6719264984, 16.9389572144, 17.5078449249, 17.5658950806, 18.2973251343, 18.4598636627, 18.9242630005, 19.3770523071, 19.6092510223, 19.853061676, 20.0272102356, 20.1781406403, 20.340681076, 20.7586402893, 21.1069393158, 21.3971881866, 21.5829486847, 21.7687072754, 22.1634464264, 22.523355484, 22.8832645416, 23.2083454132, 24.5783214569, 24.7060317993, 25.6696605682, 26.1804981232, 26.5984573364, 27.527256012, 27.6549663544, 28.5373249054, 29.8492507935, 30.0582313538, 30.2672100067, 30.5922908783, 31.2076187134, 31.7068481445, 32.3918380737, 33.0187759399, 33.0884361267, 34.2494316101, 35.0389099121, 35.572971344, 35.9561004639, 36.7571868896, 37.3725166321, 37.883354187, 38.545124054, 39.0095252991, 40.1124725342, 40.402721405, 40.5536499023, 40.6697502136, 41.2038078308, 41.9352378845, 42.5273475647, 43.0497970581, 44.4429931641, 45.0351028442, 45.5691604614, 45.708480835, 46.2309303284, 46.6721076965, 47.2293891907, 47.4267578125, 47.7866668701, 48.4484367371],
