{
"metadata": {
    "version": {
        "essentia": "2.1-beta3"
    }
},
"lowLevel": {
    "average_loudness": 0.889008462429,
    "barkbands_kurtosis": {
        "kurt": 5.37148761749,
        "max": 6.83602237701,
        "mean": 0.54269772768,
        "median": 0.465815782547,
        "min": -1.31297123432,
        "skew": 1.19223022461,
        "var": 0.397999316454
    },
    "barkbands_skewness": {
        "kurt": 3.26289701462,
        "max": 2.45187449455,
        "mean": 0.636785805225,
        "median": 0.625212430954,
        "min": -1.77757561207,
        "skew": 0.10481454432,
        "var": 0.0745010972023
    },
    "barkbands_spread": {
        "kurt": 8.43924236298,
        "max": 35.1086235046,
        "mean": 11.7821626663,
        "median": 11.4031581879,
        "min": 4.78244066238,
        "skew": 2.08669090271,
        "var": 7.62442302704
    },
    "dissonance": {
        "kurt": 2.03482198715,
        "max": 0.500000059605,
        "mean": 0.471317887306,
        "median": 0.475888103247,
        "min": 0.350367903709,
        "skew": -1.23052704334,
        "var": 0.000408675899962
    },
    "hfc": {
        "kurt": 28.7243824005,
        "max": 20.2670326233,
        "mean": 3.63617658615,
        "median": 3.35668897629,
        "min": 0.622973918915,
        "skew": 4.36306858063,
        "var": 2.03144192696
    },
    "pitch": {
        "kurt": 4.6531662941,
        "max": 1385.62817383,
        "mean": 263.08972168,
        "median": 206.010223389,
        "min": 55.2951660156,
        "skew": 2.11245369911,
        "var": 33986.4609375
    },
    "pitch_instantaneous_confidence": {
        "kurt": 5.46888446808,
        "max": 0.809575557709,
        "mean": 0.246694400907,
        "median": 0.236742764711,
        "min": 0.108857870102,
        "skew": 1.48779010773,
        "var": 0.00426902668551
    },
    "pitch_salience": {
        "kurt": 1.78589916229,
        "max": 0.907592892647,
        "mean": 0.7661703825,
        "median": 0.770698785782,
        "min": 0.48608058691,
        "skew": -0.773736596107,
        "var": 0.00229913182557
    },
    "silence_rate_20dB": {
        "kurt": 0,
        "max": 1,
        "mean": 1,
        "median": 1,
        "min": 1,
        "skew": 0,
        "var": 0
    },
    "silence_rate_30dB": {
        "kurt": 0,
        "max": 1,
        "mean": 1,
        "median": 1,
        "min": 1,
        "skew": 0,
        "var": 0
    },
    "silence_rate_60dB": {
        "kurt": 52.6123962402,
        "max": 1,
        "mean": 0.017361111939,
        "median": 0,
        "min": 0,
        "skew": 7.39020776749,
        "var": 0.0170604605228
    },
    "spectral_centroid": {
        "kurt": 9.76118373871,
        "max": 1916.27746582,
        "mean": 740.41607666,
        "median": 730.98046875,
        "min": 439.873443604,
        "skew": 1.7832056284,
        "var": 11065.5947266
    },
    "spectral_complexity": {
        "kurt": 14.9662532806,
        "max": 40,
        "mean": 14.5166301727,
        "median": 14,
        "min": 3,
        "skew": 2.57669210434,
        "var": 8.38262081146
    },
    "spectral_crest": {
        "kurt": 6.96621704102,
        "max": 20.2001914978,
        "mean": 5.75193119049,
        "median": 5.45675611496,
        "min": 2.50798821449,
        "skew": 1.79102134705,
        "var": 2.4378323555
    },
    "spectral_decrease": {
        "kurt": 35.7870635986,
        "max": -1.86103257804e-10,
        "mean": -1.21440146827e-09,
        "median": -1.14607856538e-09,
        "min": -8.03415201034e-09,
        "skew": -3.77278542519,
        "var": 1.5440236032e-19
    },
    "spectral_energy": {
        "kurt": 33.7145996094,
        "max": 0.0317669659853,
        "mean": 0.00491323694587,
        "median": 0.00463087530807,
        "min": 0.000758901645895,
        "skew": 3.72762131691,
        "var": 2.53418102147e-06
    },
    "spectral_energyband_high": {
        "kurt": 80.3979110718,
        "max": 0.00049901031889,
        "mean": 1.77913880179e-05,
        "median": 1.1567412912e-05,
        "min": 2.16604144043e-06,
        "skew": 8.35015010834,
        "var": 1.15735232509e-09
    },
    "spectral_energyband_low": {
        "kurt": 16.6356334686,
        "max": 0.00494770053774,
        "mean": 0.000364136503777,
        "median": 0.000280403008219,
        "min": 1.31796932692e-05,
        "skew": 2.61611509323,
        "var": 8.99363357121e-08
    },
    "spectral_energyband_middle_high": {
        "kurt": 33.1240005493,
        "max": 0.0141388177872,
        "mean": 0.00177648675162,
        "median": 0.00164635549299,
        "min": 0.000350628863089,
        "skew": 3.64837551117,
        "var": 4.99406439758e-07
    },
    "spectral_energyband_middle_low": {
        "kurt": 57.2038383484,
        "max": 0.0256962608546,
        "mean": 0.00300116906874,
        "median": 0.00280484650284,
        "min": 0.000398662523367,
        "skew": 4.68979310989,
        "var": 1.43724855661e-06
    },
    "spectral_flatness_db": {
        "kurt": 1.84970426559,
        "max": 0.284940838814,
        "mean": 0.203503072262,
        "median": 0.204402148724,
        "min": 0.1149944067,
        "skew": -0.571187436581,
        "var": 0.000386119412724
    },
    "spectral_flux": {
        "kurt": 7.02012062073,
        "max": 0.117060720921,
        "mean": 0.0444310046732,
        "median": 0.0435825437307,
        "min": 0.0275481697172,
        "skew": 1.56040537357,
        "var": 5.26918302057e-05
    },
    "spectral_kurtosis": {
        "kurt": 0.233438491821,
        "max": 46.4660453796,
        "mean": 15.5507030487,
        "median": 14.3664293289,
        "min": 2.32402086258,
        "skew": 0.730868816376,
        "var": 44.9618453979
    },
    "spectral_rms": {
        "kurt": 9.25556278229,
        "max": 0.00556706078351,
        "mean": 0.00216712406836,
        "median": 0.00212554167956,
        "min": 0.000860460277181,
        "skew": 1.84928429127,
        "var": 9.69879607737e-08
    },
    "spectral_rolloff": {
        "kurt": 24.1621627808,
        "max": 3273.046875,
        "mean": 1134.80480957,
        "median": 1076.66015625,
        "min": 602.9296875,
        "skew": 4.0506978035,
        "var": 53343.9648438
    },
    "spectral_skewness": {
        "kurt": 0.298276662827,
        "max": 4.7499127388,
        "mean": 2.71964359283,
        "median": 2.66034936905,
        "min": 1.32570028305,
        "skew": 0.435670733452,
        "var": 0.229648634791
    },
    "spectral_spread": {
        "kurt": 22.7710418701,
        "max": 6971751,
        "mean": 1823809.125,
        "median": 1747822.5,
        "min": 1092161,
        "skew": 3.54281449318,
        "var": 153817481216
    },
    "spectral_strongpeak": {
        "kurt": 113.247131348,
        "max": 6.59570407867,
        "mean": 0.305187851191,
        "median": 0.227629080415,
        "min": 0.0167697891593,
        "skew": 6.87872171402,
        "var": 0.0775186792016
    },
    "zerocrossingrate": {
        "kurt": 7.98282718658,
        "max": 0.09912109375,
        "mean": 0.0426146760583,
        "median": 0.0419921875,
        "min": 0.01708984375,
        "skew": 1.96900260448,
        "var": 4.19376701757e-05
    },
    "barkbands": {
        "kurt": [32.6844558716, 68.1981201172, 22.1761875153, 14.9828548431, 7.58345317841, 107.193687439, 10.246213913, 72.7132568359, 34.7714004517, 4.0287694931, 4.33908557892, 27.566532135, 1137.19543457, 20.3520145416, 99.3128051758, 46.5313072205, 54.2119598389, 561.198730469, 75.2177886963, 183.212844849, 91.6661911011, 89.757019043, 143.568222046, 771.483520508, 3593.56738281, 2419.80493164, 3791.31176758],
        "max": [1.89418005903e-05, 0.00116657593753, 0.00239967135713, 0.00371244503185, 0.00395522313192, 0.0138075295836, 0.00307898083702, 0.00563895143569, 0.00801928341389, 0.00342042674311, 0.00249259010889, 0.00278071942739, 0.012028071098, 0.000832378806081, 0.00143833516631, 0.000795301573817, 0.000838009640574, 0.00373039301485, 0.00107315159403, 0.00111887278035, 0.000234389328398, 4.86132266815e-05, 2.82125438389e-05, 3.04922577925e-05, 4.2835563363e-05, 2.13393477111e-07, 3.54084050969e-08],
        "mean": [9.88390638668e-07, 4.53775901406e-05, 0.000159810253535, 0.000279692991171, 0.000586520123761, 0.000571377342567, 0.000371299684048, 0.000369012443116, 0.000647511042189, 0.000610983232036, 0.000447759230155, 0.000257072912063, 0.00015420067939, 9.96966628009e-05, 8.73867247719e-05, 6.41176884528e-05, 5.36767292942e-05, 4.71698804176e-05, 3.1610186852e-05, 1.79083181138e-05, 8.3238364823e-06, 1.17073147976e-06, 2.51368646786e-07, 2.8688290854e-07, 3.55672327146e-08, 4.66787386522e-10, 1.57347010421e-10],
        "median": [6.11306063547e-07, 2.96266443911e-05, 0.000116484239697, 0.000206950353459, 0.000494648411404, 0.000436631555203, 0.000313240510877, 0.000315557583235, 0.000568529823795, 0.000538286403753, 0.000392518006265, 0.000224998890189, 0.000126879982417, 8.86039197212e-05, 7.67773162806e-05, 5.4488042224e-05, 4.20878495788e-05, 3.13467971864e-05, 1.87528894458e-05, 1.09244801934e-05, 5.9444814724e-06, 6.14781015429e-07, 5.37437045978e-08, 1.82705704788e-07, 1.57217361352e-09, 1.57017093771e-10, 6.79788447755e-11],
        "min": [2.26967866723e-09, 5.65134087083e-07, 2.67409291155e-07, 2.72351439889e-06, 1.5941061065e-05, 2.16909083974e-05, 1.60429026437e-05, 9.731845239e-06, 3.6146149796e-05, 4.7670371714e-05, 2.14358442463e-05, 3.01591862808e-05, 1.10321216198e-05, 1.099234305e-05, 6.78414562572e-06, 9.27402106754e-06, 8.2355863924e-06, 4.44593615612e-06, 4.11610608353e-06, 1.76312198619e-06, 1.08853441816e-06, 6.63902071096e-08, 2.75328448929e-09, 3.55699434351e-08, 3.06072500678e-10, 2.77653646602e-11, 1.3646916713e-12],
        "skew": [4.23138952255, 6.22999668121, 3.10372400284, 2.63802170753, 2.04754376411, 7.64188432693, 2.27195239067, 4.97453832626, 3.42113375664, 1.4813092947, 1.5971558094, 3.10496354103, 30.1142177582, 3.13440895081, 6.66084194183, 5.30267572403, 5.96941041946, 19.8565807343, 7.7233877182, 10.8812541962, 8.77469348907, 8.547706604, 10.0814619064, 22.6196537018, 55.7587127686, 43.6315765381, 56.4202194214],
        "var": [1.5162346205e-12, 3.44343931147e-09, 2.36361259454e-08, 6.56981242741e-08, 1.62358858802e-07, 3.56283379688e-07, 6.42914059767e-08, 6.95308983722e-08, 1.57431983894e-07, 1.2134694316e-07, 6.78489087136e-08, 2.29093863879e-08, 6.72701858662e-08, 3.41774875068e-09, 3.30173866026e-09, 2.13651651926e-09, 2.41667952317e-09, 1.0393656602e-08, 3.76077791131e-09, 1.47821788143e-09, 1.88051657579e-10, 8.16934974529e-12, 1.14959354969e-12, 4.92085647404e-13, 4.14475230396e-13, 1.26320116191e-17, 2.72734734547e-19],
        "cov": [[1.51651185099e-12, 2.44493505303e-11, 8.97083275719e-12, 9.07730314526e-12, 5.18255794182e-13, -2.06873858322e-11, 5.55319549025e-12, 2.26636504702e-11, 8.94036494142e-12, 3.59461462332e-12, -4.62172444413e-12, 1.4255553335e-11, 1.09694501746e-11, 5.43283733972e-12, 4.09977087001e-12, 5.03030299706e-12, 7.30709850266e-12, 7.00498296521e-12, 6.27366691583e-12, 4.231654957e-12, 1.80840997559e-12, 5.17661326131e-13, 1.2046959296e-13, 4.49862078199e-14, 2.92336269328e-15, -4.13688806944e-17, -6.44944493161e-18], [2.44493505303e-11, 3.44406880792e-09, 1.77758707753e-09, 9.16684617103e-10, 1.88757631747e-09, 1.4276857474e-09, 4.43020342633e-10, 1.40336997578e-09, 1.55901236365e-09, 6.18241957628e-10, 2.82804363261e-10, 5.08716235803e-10, 7.86130160968e-10, 4.30996710543e-10, 5.04753738806e-10, 5.48948775325e-10, 6.3623351032e-10, 7.05901559428e-10, 7.75265851516e-10, 6.51217579861e-10, 2.61856508699e-10, 5.74091399419e-11, 2.08125114365e-11, 5.97285068626e-12, 1.49804300908e-12, 7.00699408232e-15, 5.1795297101e-17], [8.97083275719e-12, 1.77758707753e-09, 2.36404460452e-08, 1.93008276028e-08, 5.8664357816e-09, 8.85995365962e-09, 1.65399982599e-09, 4.00321198413e-09, 3.6042691054e-09, 3.01574876183e-09, 1.76172021416e-09, 1.06210418238e-09, 1.8527367418e-09, 7.8459977404e-10, 8.01772204184e-10, 1.23349042092e-09, 1.48025691704e-09, 1.5644058271e-09, 1.74345116122e-09, 1.33119637535e-09, 4.796559816e-10, 9.74862343628e-11, 3.70706798591e-11, 1.27573333841e-11, 3.49993927069e-12, 4.73086535766e-15, 1.43319139346e-15], [9.07730314526e-12, 9.16684617103e-10, 1.93008276028e-08, 6.57101324464e-08, 1.56603423562e-08, 1.08430802115e-08, 1.70568992264e-09, 5.75007330639e-09, 5.76196601543e-09, 6.12595796312e-09, 3.78501452403e-09, 7.58583473814e-10, 7.50837336749e-10, -1.623604029e-10, 3.44076989123e-10, 3.38914479814e-10, 4.78796835512e-10, 1.2883780709e-09, 3.70939307048e-10, 4.16014778182e-10, 1.0250063992e-10, 3.0798377737e-11, 1.02147248993e-11, 6.46950852265e-12, 3.17784167037e-12, -8.08832100146e-15, -6.87969000666e-16], [5.18255794182e-13, 1.88757631747e-09, 5.8664357816e-09, 1.56603423562e-08, 1.62388531066e-07, 3.32684564341e-08, 5.27835064545e-09, 1.19799565823e-08, 1.6956704485e-08, 9.41757782869e-09, 4.79142903131e-09, 4.63886751234e-09, 3.29195626314e-09, 2.79491119137e-09, 2.75850098319e-09, 3.08172909413e-09, 3.81216969103e-09, 4.23310630993e-09, 4.03512379066e-09, 3.0441213994e-09, 1.21813636955e-09, 2.67366351281e-10, 9.91591739274e-11, 3.73201712589e-11, 1.69969038843e-11, 2.65217687899e-14, 1.3194872788e-15], [-2.06873858322e-11, 1.4276857474e-09, 8.85995365962e-09, 1.08430802115e-08, 3.32684564341e-08, 3.56348522246e-07, 1.73571894635e-08, 2.76882072825e-08, 4.4724373538e-08, 1.67469025314e-08, 6.66251454007e-09, 4.68050664892e-09, 4.90339235881e-09, 2.51683829333e-09, 2.28221130882e-09, 3.16756998409e-09, 3.16013681889e-09, 2.9371938215e-09, 3.2080593737e-09, 2.65210342576e-09, 9.8587238373e-10, 2.05984673762e-10, 7.32370483703e-11, 1.56057857609e-11, 1.86484681863e-12, 1.34200545913e-14, 4.53504573982e-15], [5.55319549025e-12, 4.43020342633e-10, 1.65399982599e-09, 1.70568992264e-09, 5.27835064545e-09, 1.73571894635e-08, 6.43031583536e-08, 1.08750999317e-08, 1.00391028823e-08, 4.27085566912e-09, 4.08825018283e-09, 4.9768127397e-09, 2.43566544711e-09, 1.90801752176e-09, 1.01390684737e-09, 1.55639579003e-09, 2.01477767803e-09, 1.69171698872e-09, 1.5517193086e-09, 8.01944399775e-10, 2.58397664377e-10, 7.25985244143e-11, 2.08903120497e-11, 9.11761464939e-12, 5.2071316009e-12, 1.10987082833e-14, 6.31280950094e-16], [2.26636504702e-11, 1.40336997578e-09, 4.00321198413e-09, 5.75007330639e-09, 1.19799565823e-08, 2.76882072825e-08, 1.08750999317e-08, 6.95436099818e-08, 2.68011355331e-08, 4.61627136517e-09, 3.68772745674e-09, 3.81671183547e-09, 2.30060503981e-09, 1.92334481675e-09, 9.30438837088e-10, 1.47582246424e-09, 1.68172320514e-09, 1.70352143503e-09, 1.50315337955e-09, 1.14083664737e-09, 3.85809689751e-10, 1.19869170145e-10, 2.99649992319e-11, 1.58731083832e-11, 3.9280557973e-12, -2.15765295577e-15, 1.69800608002e-15], [8.94036494142e-12, 1.55901236365e-09, 3.6042691054e-09, 5.76196601543e-09, 1.6956704485e-08, 4.4724373538e-08, 1.00391028823e-08, 2.68011355331e-08, 1.57460760875e-07, 1.48841019509e-08, 5.9159721566e-09, 6.45508579922e-09, 6.43159125957e-09, 3.0613558355e-09, 2.12257789123e-09, 3.26335536371e-09, 2.47413889376e-09, 2.1590687016e-09, 2.81378587097e-09, 1.82393600223e-09, 6.1123245354e-10, 1.73423872485e-10, 6.49941489517e-11, 4.65591801224e-11, 4.42969931569e-11, 7.71008013293e-14, -2.79998837404e-16], [3.59461462332e-12, 6.18241957628e-10, 3.01574876183e-09, 6.12595796312e-09, 9.41757782869e-09, 1.67469025314e-08, 4.27085566912e-09, 4.61627136517e-09, 1.48841019509e-08, 1.21369126305e-07, 1.13858442674e-08, 4.7869352926e-09, 6.53449017118e-10, 1.92148452705e-09, 1.5070156234e-09, 1.9457238043e-09, 2.1319215282e-09, 1.41431133471e-09, 1.97609884012e-09, 1.25316235167e-09, 4.14657114201e-10, 9.97879487374e-11, 4.34324486098e-11, 2.62838813214e-11, 2.54672151423e-11, 6.14211584493e-15, -7.94446441971e-16], [-4.62172444413e-12, 2.82804363261e-10, 1.76172021416e-09, 3.78501452403e-09, 4.79142903131e-09, 6.66251454007e-09, 4.08825018283e-09, 3.68772745674e-09, 5.9159721566e-09, 1.13858442674e-08, 6.78613076843e-08, 5.72714542457e-09, 4.4817403122e-09, 1.45014533715e-09, 2.48246712076e-09, 1.89877780166e-09, 1.89771487413e-09, 4.09862010997e-09, 2.03950478728e-09, 1.11525644275e-09, 3.89227455821e-10, 9.24148674253e-11, 2.91820734244e-11, 1.51097467871e-11, 7.49913325881e-12, 1.43040774673e-14, -8.43174553361e-16], [1.4255553335e-11, 5.08716235803e-10, 1.06210418238e-09, 7.58583473814e-10, 4.63886751234e-09, 4.68050664892e-09, 4.9768127397e-09, 3.81671183547e-09, 6.45508579922e-09, 4.7869352926e-09, 5.72714542457e-09, 2.29135750374e-08, 4.33059632599e-09, 1.87433579768e-09, 1.3309312541e-09, 1.97284899528e-09, 2.07023109766e-09, 1.66960667514e-09, 1.63288016441e-09, 8.93223606191e-10, 3.79070858036e-10, 1.16141818385e-10, 3.63235622136e-11, 2.25039049895e-11, 1.9044561067e-11, 1.33845681459e-14, 1.12070251625e-15], [1.09694501746e-11, 7.86130160968e-10, 1.8527367418e-09, 7.50837336749e-10, 3.29195626314e-09, 4.90339235881e-09, 2.43566544711e-09, 2.30060503981e-09, 6.43159125957e-09, 6.53449017118e-10, 4.4817403122e-09, 4.33059632599e-09, 6.72824782555e-08, 3.01960945137e-09, 1.4050660635e-09, 1.68579528115e-09, 1.92507187968e-09, 2.36797292885e-09, 2.03504124663e-09, 1.39330036397e-09, 5.61521162901e-10, 1.23931975793e-10, 4.0418061259e-11, 1.59828573987e-11, 6.60018307369e-12, 2.97450188395e-14, 2.27532552566e-15], [5.43283733972e-12, 4.30996710543e-10, 7.8459977404e-10, -1.623604029e-10, 2.79491119137e-09, 2.51683829333e-09, 1.90801752176e-09, 1.92334481675e-09, 3.0613558355e-09, 1.92148452705e-09, 1.45014533715e-09, 1.87433579768e-09, 3.01960945137e-09, 3.4183735842e-09, 8.02501676223e-10, 1.09326681041e-09, 1.18798015869e-09, 1.20265131187e-09, 1.36774669368e-09, 8.1026624299e-10, 3.03777225596e-10, 6.78884587435e-11, 2.12462374083e-11, 8.07640586353e-12, 2.11134777196e-12, 1.04799989962e-14, 6.24681134067e-16], [4.09977087001e-12, 5.04753738806e-10, 8.01772204184e-10, 3.44076989123e-10, 2.75850098319e-09, 2.28221130882e-09, 1.01390684737e-09, 9.30438837088e-10, 2.12257789123e-09, 1.5070156234e-09, 2.48246712076e-09, 1.3309312541e-09, 1.4050660635e-09, 8.02501676223e-10, 3.30234217749e-09, 1.11150955107e-09, 9.78283121178e-10, 3.24293325527e-09, 1.17079546058e-09, 9.37627642195e-10, 3.09461067882e-10, 7.01467495201e-11, 2.51316432942e-11, 1.39703639282e-11, 7.45886078596e-12, 1.54134111073e-14, 4.76936776968e-16], [5.03030299706e-12, 5.48948775325e-10, 1.23349042092e-09, 3.38914479814e-10, 3.08172909413e-09, 3.16756998409e-09, 1.55639579003e-09, 1.47582246424e-09, 3.26335536371e-09, 1.9457238043e-09, 1.89877780166e-09, 1.97284899528e-09, 1.68579528115e-09, 1.09326681041e-09, 1.11150955107e-09, 2.13690687367e-09, 1.36896527447e-09, 2.13754058898e-09, 1.4694663264e-09, 9.73802039006e-10, 3.66579239186e-10, 7.78757405784e-11, 2.78307724089e-11, 1.30840295196e-11, 6.3961913023e-12, 2.29408607725e-14, 7.11402590669e-16], [7.30709850266e-12, 6.3623351032e-10, 1.48025691704e-09, 4.78796835512e-10, 3.81216969103e-09, 3.16013681889e-09, 2.01477767803e-09, 1.68172320514e-09, 2.47413889376e-09, 2.1319215282e-09, 1.89771487413e-09, 2.07023109766e-09, 1.92507187968e-09, 1.18798015869e-09, 9.78283121178e-10, 1.36896527447e-09, 2.41712116988e-09, 1.74700864886e-09, 1.78854198118e-09, 1.11594800067e-09, 4.27359980737e-10, 8.90109028151e-11, 3.37824213048e-11, 1.47877664974e-11, 6.63677229493e-12, 1.98409065327e-14, 9.33121034969e-16], [7.00498296521e-12, 7.05901559428e-10, 1.5644058271e-09, 1.2883780709e-09, 4.23310630993e-09, 2.9371938215e-09, 1.69171698872e-09, 1.70352143503e-09, 2.1590687016e-09, 1.41431133471e-09, 4.09862010997e-09, 1.66960667514e-09, 2.36797292885e-09, 1.20265131187e-09, 3.24293325527e-09, 2.13754058898e-09, 1.74700864886e-09, 1.03955564157e-08, 2.37011232862e-09, 1.71968572715e-09, 5.5141635702e-10, 1.11485903842e-10, 3.8685169651e-11, 2.28572317323e-11, 6.96783516302e-12, 3.63391906627e-14, 1.91531682956e-15], [6.27366691583e-12, 7.75265851516e-10, 1.74345116122e-09, 3.70939307048e-10, 4.03512379066e-09, 3.2080593737e-09, 1.5517193086e-09, 1.50315337955e-09, 2.81378587097e-09, 1.97609884012e-09, 2.03950478728e-09, 1.63288016441e-09, 2.03504124663e-09, 1.36774669368e-09, 1.17079546058e-09, 1.4694663264e-09, 1.78854198118e-09, 2.37011232862e-09, 3.76146536141e-09, 1.46991696592e-09, 5.78719072664e-10, 1.14733014756e-10, 4.1552390001e-11, 1.59940775901e-11, 6.14351972072e-12, 3.34521364602e-14, 1.07184332651e-15], [4.231654957e-12, 6.51217579861e-10, 1.33119637535e-09, 4.16014778182e-10, 3.0441213994e-09, 2.65210342576e-09, 8.01944399775e-10, 1.14083664737e-09, 1.82393600223e-09, 1.25316235167e-09, 1.11525644275e-09, 8.93223606191e-10, 1.39330036397e-09, 8.1026624299e-10, 9.37627642195e-10, 9.73802039006e-10, 1.11594800067e-09, 1.71968572715e-09, 1.46991696592e-09, 1.47848810972e-09, 4.39734748614e-10, 8.23960760732e-11, 3.10007818027e-11, 1.11715445922e-11, 3.4364228043e-12, 2.54615850837e-14, 6.9869227896e-16], [1.80840997559e-12, 2.61856508699e-10, 4.796559816e-10, 1.0250063992e-10, 1.21813636955e-09, 9.8587238373e-10, 2.58397664377e-10, 3.85809689751e-10, 6.1123245354e-10, 4.14657114201e-10, 3.89227455821e-10, 3.79070858036e-10, 5.61521162901e-10, 3.03777225596e-10, 3.09461067882e-10, 3.66579239186e-10, 4.27359980737e-10, 5.5141635702e-10, 5.78719072664e-10, 4.39734748614e-10, 1.8808603286e-10, 3.40349207151e-11, 1.24837553489e-11, 4.18896514698e-12, 1.42233403874e-12, 6.77423366358e-15, 2.52200089578e-16], [5.17661326131e-13, 5.74091399419e-11, 9.74862343628e-11, 3.0798377737e-11, 2.67366351281e-10, 2.05984673762e-10, 7.25985244143e-11, 1.19869170145e-10, 1.73423872485e-10, 9.97879487374e-11, 9.24148674253e-11, 1.16141818385e-10, 1.23931975793e-10, 6.78884587435e-11, 7.01467495201e-11, 7.78757405784e-11, 8.90109028151e-11, 1.11485903842e-10, 1.14733014756e-10, 8.23960760732e-11, 3.40349207151e-11, 8.17084247484e-12, 2.7139503752e-12, 1.13794347209e-12, 5.56249057232e-13, 1.39125309817e-15, 6.7152990434e-17], [1.2046959296e-13, 2.08125114365e-11, 3.70706798591e-11, 1.02147248993e-11, 9.91591739274e-11, 7.32370483703e-11, 2.08903120497e-11, 2.99649992319e-11, 6.49941489517e-11, 4.34324486098e-11, 2.91820734244e-11, 3.63235622136e-11, 4.0418061259e-11, 2.12462374083e-11, 2.51316432942e-11, 2.78307724089e-11, 3.37824213048e-11, 3.8685169651e-11, 4.1552390001e-11, 3.10007818027e-11, 1.24837553489e-11, 2.7139503752e-12, 1.14980366808e-12, 5.37963553912e-13, 3.36882892459e-13, 7.96128914102e-16, 2.05295573949e-17], [4.49862078199e-14, 5.97285068626e-12, 1.27573333841e-11, 6.46950852265e-12, 3.73201712589e-11, 1.56057857609e-11, 9.11761464939e-12, 1.58731083832e-11, 4.65591801224e-11, 2.62838813214e-11, 1.51097467871e-11, 2.25039049895e-11, 1.59828573987e-11, 8.07640586353e-12, 1.39703639282e-11, 1.30840295196e-11, 1.47877664974e-11, 2.28572317323e-11, 1.59940775901e-11, 1.11715445922e-11, 4.18896514698e-12, 1.13794347209e-12, 5.37963553912e-13, 4.92175581974e-13, 3.58253194905e-13, 1.18994894199e-15, 6.08268669648e-18], [2.92336269328e-15, 1.49804300908e-12, 3.49993927069e-12, 3.17784167037e-12, 1.69969038843e-11, 1.86484681863e-12, 5.2071316009e-12, 3.9280557973e-12, 4.42969931569e-11, 2.54672151423e-11, 7.49913325881e-12, 1.9044561067e-11, 6.60018307369e-12, 2.11134777196e-12, 7.45886078596e-12, 6.3961913023e-12, 6.63677229493e-12, 6.96783516302e-12, 6.14351972072e-12, 3.4364228043e-12, 1.42233403874e-12, 5.56249057232e-13, 3.36882892459e-13, 3.58253194905e-13, 4.14550989022e-13, 7.22708521751e-16, 1.7089139933e-18], [-4.13688806944e-17, 7.00699408232e-15, 4.73086535766e-15, -8.08832100146e-15, 2.65217687899e-14, 1.34200545913e-14, 1.10987082833e-14, -2.15765295577e-15, 7.71008013293e-14, 6.14211584493e-15, 1.43040774673e-14, 1.33845681459e-14, 2.97450188395e-14, 1.04799989962e-14, 1.54134111073e-14, 2.29408607725e-14, 1.98409065327e-14, 3.63391906627e-14, 3.34521364602e-14, 2.54615850837e-14, 6.77423366358e-15, 1.39125309817e-15, 7.96128914102e-16, 1.18994894199e-15, 7.22708521751e-16, 1.26343202802e-17, 2.63691789296e-19], [-6.44944493161e-18, 5.1795297101e-17, 1.43319139346e-15, -6.87969000666e-16, 1.3194872788e-15, 4.53504573982e-15, 6.31280950094e-16, 1.69800608002e-15, -2.79998837404e-16, -7.94446441971e-16, -8.43174553361e-16, 1.12070251625e-15, 2.27532552566e-15, 6.24681134067e-16, 4.76936776968e-16, 7.11402590669e-16, 9.33121034969e-16, 1.91531682956e-15, 1.07184332651e-15, 6.9869227896e-16, 2.52200089578e-16, 6.7152990434e-17, 2.05295573949e-17, 6.08268669648e-18, 1.7089139933e-18, 2.63691789296e-19, 2.72784598029e-19]]
    },
    "mfcc": {
        "kurt": [10.866601944, 6.82939147949, 0.925157785416, 0.81259894371, 0.244251489639, 0.207194328308, 0.0982241630554, 0.121851682663, 0.181893825531, 0.0709011554718, 0.288118839264, 0.152561187744, -0.00121235847473],
        "max": [-620.634643555, 235.312225342, -25.0403518677, 48.740978241, 6.44180297852, 20.9177513123, 27.2622299194, 16.8251781464, 20.1312904358, 13.6188240051, 13.2388648987, 20.3860836029, 12.0525817871],
        "mean": [-744.29486084, 200.10647583, -60.3651428223, 13.9622249603, -19.743013382, -13.8052959442, 4.53205966949, -8.41754722595, 0.716381311417, -6.94507837296, -12.7276687622, -0.923541426659, -13.7738656998],
        "median": [-747.846557617, 201.823165894, -60.3685493469, 13.5241355896, -19.6666030884, -14.0536384583, 4.59889602661, -8.62115859985, 0.837087631226, -7.07162475586, -12.7343349457, -0.926654815674, -13.8377437592],
        "min": [-822.871276855, 118.492240906, -94.8456878662, -22.5054569244, -46.6404914856, -37.9035606384, -16.6369495392, -30.250617981, -22.7167053223, -24.7430496216, -35.3699645996, -25.8823471069, -34.2847671509],
        "skew": [2.63969755173, -1.95182538033, 0.0453454852104, 0.436975121498, -0.03403108567, 0.226049721241, -0.144525751472, 0.22128713131, -0.207944825292, 0.101905867457, 0.0784463733435, 0.054768383503, 0.078304938972],
        "var": [347.757263184, 160.009933472, 51.9101829529, 60.0246887207, 39.0648002625, 49.9824447632, 34.0718383789, 41.2417144775, 35.8089637756, 30.3738155365, 31.3731784821, 30.7957820892, 34.7428512573],
        "cov": [[347.820831299, -158.116577148, 8.35873413086, 81.6152420044, -26.2326793671, 49.6603469849, -31.1460819244, 53.2574272156, -37.2777557373, 20.8631916046, 22.6311340332, -22.6583366394, 40.0969734192], [-158.116577148, 160.03918457, 1.63220596313, -36.9215049744, 23.767572403, -32.836566925, 21.2438011169, -33.8725280762, 24.0938529968, -16.4457454681, -13.4552373886, 10.403840065, -20.2809009552], [8.35873413086, 1.63220596313, 51.9196739197, 11.5937433243, 3.60656356812, 10.9869785309, -0.972727119923, 4.32814121246, -0.0384837165475, 5.61183643341, -4.38808870316, 1.59982407093, -0.610141932964], [81.6152420044, -36.9215049744, 11.5937433243, 60.03565979, 1.11362731457, 21.3447303772, -4.36103725433, 16.5954914093, -5.38404464722, 5.04222583771, 11.2906780243, -9.63892745972, 14.9988632202], [-26.2326793671, 23.767572403, 3.60656356812, 1.11362731457, 39.0719413757, 2.31365799904, 10.3655061722, -2.46259617805, 4.34665107727, 0.914756655693, -4.32514429092, 5.23224878311, -7.43639993668], [49.6603469849, -32.836566925, 10.9869785309, 21.3447303772, 2.31365799904, 49.9915809631, 2.87124848366, 17.6290016174, -0.132831215858, 6.5517373085, 8.10653877258, -3.38025641441, 10.4165258408], [-31.1460819244, 21.2438011169, -0.972727119923, -4.36103725433, 10.3655061722, 2.87124848366, 34.0780639648, 4.94036006927, 9.3324842453, 1.20117878914, -1.44738721848, 3.51909828186, -6.28215122223], [53.2574272156, -33.8725280762, 4.32814121246, 16.5954914093, -2.46259617805, 17.6290016174, 4.94036006927, 41.2492523193, 4.07330751419, 10.2191476822, 8.04021835327, -4.33187007904, 9.3436756134], [-37.2777557373, 24.0938529968, -0.0384837165475, -5.38404464722, 4.34665107727, -0.132831215858, 9.3324842453, 4.07330751419, 35.8155059814, 7.10743379593, 2.45849585533, 5.48752832413, -4.16567516327], [20.8631916046, -16.4457454681, 5.61183643341, 5.04222583771, 0.914756655693, 6.5517373085, 1.20117878914, 10.2191476822, 7.10743379593, 30.379365921, 10.3238925934, 3.75299906731, 3.69366669655], [22.6311340332, -13.4552373886, -4.38808870316, 11.2906780243, -4.32514429092, 8.10653877258, -1.44738721848, 8.04021835327, 2.45849585533, 10.3238925934, 31.378911972, 5.86710453033, 8.84095573425], [-22.6583366394, 10.403840065, 1.59982407093, -9.63892745972, 5.23224878311, -3.38025641441, 3.51909828186, -4.33187007904, 5.48752832413, 3.75299906731, 5.86710453033, 30.801410675, 2.08359336853], [40.0969734192, -20.2809009552, -0.610141932964, 14.9988632202, -7.43639993668, 10.4165258408, -6.28215122223, 9.3436756134, -4.16567516327, 3.69366669655, 8.84095573425, 2.08359336853, 34.7492027283]]
    },
    "sccoeffs": {
        "kurt": [-0.0736229419708, 0.535705327988, 0.159321069717, 6.48447227478, 2.92332220078, 4.3741607666],
        "max": [-0.446933060884, -0.593854606152, -0.663850307465, -0.559678256512, -0.672555565834, -0.632037460804],
        "mean": [-0.665068507195, -0.789758622646, -0.798696219921, -0.814286708832, -0.807080805302, -0.712300240993],
        "median": [-0.666624248028, -0.792715549469, -0.799739062786, -0.815396249294, -0.808713436127, -0.708941042423],
        "min": [-0.842695295811, -0.924384713173, -0.912648618221, -0.894229948521, -0.884605050087, -0.86622428894],
        "skew": [0.187477439642, 0.45768275857, 0.268887013197, 0.982428133488, 0.871486902237, -1.44692909718],
        "var": [0.0035216351971, 0.00189897697419, 0.00115533638746, 0.000663175887894, 0.000410621752962, 0.000632590905298],
        "cov": [[0.00352227897383, 0.0001228365727, 5.78982217121e-05, -5.21203764947e-05, 1.45903313751e-05, 3.88702801501e-06], [0.0001228365727, 0.00189932412468, 2.07469438465e-05, 3.18661732308e-05, 1.53612290887e-05, -7.36355468689e-06], [5.78982217121e-05, 2.07469438465e-05, 0.00115554756485, -5.44915656064e-06, 2.01733546419e-05, -9.73175033891e-08], [-5.21203764947e-05, 3.18661732308e-05, -5.44915656064e-06, 0.000663297076244, 3.36730481649e-05, -1.00530805867e-05], [1.45903313751e-05, 1.53612290887e-05, 2.01733546419e-05, 3.36730481649e-05, 0.000410696811741, 4.66022754608e-07], [3.88702801501e-06, -7.36355468689e-06, -9.73175033891e-08, -1.00530805867e-05, 4.66022754608e-07, 0.000632706505712]]
    },
    "scvalleys": {
        "kurt": [0.198355436325, 0.241539955139, 0.180773735046, 1.06895017624, 8.50103855133, 5.95763969421],
        "max": [-5.11439228058, -4.29279994965, -4.51043796539, -5.5693693161, -6.24970197678, -8.0294675827],
        "mean": [-6.48588991165, -5.53065872192, -5.65636110306, -6.73410606384, -7.99009895325, -12.0510139465],
        "median": [-6.46419334412, -5.51886177063, -5.64521837234, -6.73693561554, -8.03925132751, -12.2293796539],
        "min": [-7.96051073074, -6.8123421669, -6.63203859329, -7.58561372757, -8.90190124512, -13.1237401962],
        "skew": [-0.243883937597, -0.197287514806, -0.231646090746, 0.27698084712, 2.22963666916, 2.17091274261],
        "var": [0.1597879529, 0.0893047824502, 0.0587770156562, 0.0443032681942, 0.0830640494823, 0.364276498556],
        "cov": [[0.159817159176, 0.0034244672861, 0.00281771807931, 0.0105567639694, 0.0287331566215, 0.0558465383947], [0.0034244672861, 0.0893211066723, 0.00490496959537, 0.00614112522453, 0.0116434367374, 0.0149375321344], [0.00281771807931, 0.00490496959537, 0.0587877593935, 0.00741071905941, 0.0109108928591, 0.0172052420676], [0.0105567639694, 0.00614112522453, 0.00741071905941, 0.0443113669753, 0.0268379617482, 0.0464931018651], [0.0287331566215, 0.0116434367374, 0.0109108928591, 0.0268379617482, 0.0830792337656, 0.130695641041], [0.0558465383947, 0.0149375321344, 0.0172052420676, 0.0464931018651, 0.130695641041, 0.364343076944]]
    }
},
"rhythm": {
    "beats_loudness": {
        "kurt": 13.9140033722,
        "max": 0.0167245920748,
        "mean": 0.0048888833262,
        "median": 0.00460572447628,
        "min": 0.0023465717677,
        "skew": 2.85796976089,
        "var": 2.63344304585e-06
    },
    "bpm": 132.45111084,
    "confidence": -0.0986718162894,
    "first_peak_bpm": {
        "kurt": 0,
        "max": 133,
        "mean": 133,
        "median": 133,
        "min": 133,
        "skew": 0,
        "var": 0
    },
    "first_peak_spread": {
        "kurt": 0,
        "max": 0.539682507515,
        "mean": 0.539682507515,
        "median": 0.539682507515,
        "min": 0.539682507515,
        "skew": 0,
        "var": 0
    },
    "first_peak_weight": {
        "kurt": 0,
        "max": 0.11328125,
        "mean": 0.11328125,
        "median": 0.11328125,
        "min": 0.11328125,
        "skew": 0,
        "var": 0
    },
    "onset_rate": 0.141695097089,
    "second_peak_bpm": {
        "kurt": 0,
        "max": 115,
        "mean": 115,
        "median": 115,
        "min": 115,
        "skew": 0,
        "var": 0
    },
    "second_peak_spread": {
        "kurt": 0,
        "max": 0.441176474094,
        "mean": 0.441176474094,
        "median": 0.441176474094,
        "min": 0.441176474094,
        "skew": 0,
        "var": 0
    },
    "second_peak_weight": {
        "kurt": 0,
        "max": 0.07421875,
        "mean": 0.07421875,
        "median": 0.07421875,
        "min": 0.07421875,
        "skew": 0,
        "var": 0
    },
    "beats_loudness_band_ratio": {
        "kurt": [1.57938718796, 0.437955379486, 0.166631221771, 1.36574411392, 5.38422489166, 38.8233718872],
        "max": [0.44877833128, 0.572542488575, 0.610730588436, 0.689974784851, 0.212236344814, 0.122462637722],
        "mean": [0.127312555909, 0.239414215088, 0.316361308098, 0.29511103034, 0.0623521395028, 0.0107912216336],
        "median": [0.113422639668, 0.229948401451, 0.314544290304, 0.290851920843, 0.0577004142106, 0.00761584937572],
        "min": [0.0182017758489, 0.0642933174968, 0.10946957022, 0.100780233741, 0.0194478072226, 0.00280474987812],
        "skew": [1.12894392014, 0.682073414326, 0.397869408131, 0.656835436821, 1.61639773846, 5.91394710541],
        "var": [0.00508330343291, 0.00879008602351, 0.00769700389355, 0.00716489506885, 0.000619265367277, 0.000189702026546],
        "cov": [[0.00510316016153, -0.00117814261466, -0.00174651574343, -0.00161392905284, -0.000220023619477, -2.95070840366e-05], [-0.00117814261466, 0.00882442202419, -0.00331813818775, -0.00342637347057, -0.000530810852069, -0.000197884204681], [-0.00174651574343, -0.00331813818775, 0.00772707024589, -0.0022144143004, -0.000161676158314, -7.92962819105e-05], [-0.00161392905284, -0.00342637347057, -0.0022144143004, 0.00719288270921, 7.8239798313e-05, -5.3164880228e-05], [-0.000220023619477, -0.000530810852069, -0.000161676158314, 7.8239798313e-05, 0.000621684361249, 0.000167413963936], [-2.95070840366e-05, -0.000197884204681, -7.92962819105e-05, -5.3164880228e-05, 0.000167413963936, 0.000190443053725]]
    },
    "beats_position": [0.441179126501, 0.893968224525, 1.3235373497, 1.74149656296, 2.15945577621, 2.57741498947, 3.09986400604, 3.63392281532, 4.1679816246, 4.71365070343, 5.24770975113, 5.78176879883, 6.31582736969, 6.84988641739, 7.37233543396, 7.90639448166, 8.42884349823, 8.91646194458, 9.4040813446, 9.8800907135, 10.3444900513, 10.7972784042, 11.2500677109, 11.6912469864, 12.1208162308, 12.5503854752, 12.9799547195, 13.4327430725, 13.8855323792, 14.3383216858, 14.8027210236, 15.2671203613, 15.7315187454, 16.1959171295, 16.6603164673, 17.1247158051, 17.5891151428, 18.0535144806, 18.5179138184, 18.9823131561, 19.4699325562, 19.9459400177, 20.4219493866, 20.8631286621, 21.3043079376, 21.733877182, 22.1634464264, 22.6046257019, 23.0458049774, 23.4869842529, 23.8468933105, 24.2068023682, 24.5667114258, 24.9266204834, 25.2633094788, 25.6000003815, 25.9366893768, 26.2733783722, 26.5984573364, 26.9351463318, 27.2602272034, 27.5969161987, 27.9452152252, 28.2935142517, 28.6418132782, 28.9785022736, 29.3035831451, 29.6402721405, 29.9769611359, 30.3136501312, 30.6503391266, 30.9870281219, 31.3469390869, 31.7068481445, 32.0667572021, 32.4150543213, 32.7749671936, 33.1348762512, 33.4947853088, 33.8546943665, 34.2726516724, 34.690612793, 35.1085700989, 35.5381393433, 35.9677085876, 36.3856697083, 36.8036270142, 37.2912483215, 37.7672538757, 38.2432632446, 38.7192726135, 39.1952819824, 39.6712913513, 40.1473007202, 40.6116981506, 41.0877075195, 41.5521087646, 42.0281181335, 42.5041275024, 42.9685249329, 43.560634613, 44.164352417, 44.7448501587, 45.3253517151, 45.9058494568, 46.4863471985, 47.0668487549, 47.6589546204, 48.2394561768, 48.8199539185, 49.4004516602, 49.9809532166, 50.538230896, 51.0839004517, 51.6411781311, 52.2797279358, 52.906665802, 53.5568237305, 54.2069816589, 54.8571434021, 55.5073013306, 56.157459259, 56.819229126, 57.4693870544, 58.1311569214, 58.7813148499, 59.4430847168, 60.104850769, 60.7550086975, 61.3935585022, 62.0321083069, 62.6590461731, 63.2975959778, 63.9129257202, 64.5282516479, 65.1435852051, 65.7472991943, 66.351020813, 66.9315185547, 67.5236282349, 68.115737915, 68.7078475952, 69.299949646, 69.8456192017, 70.3796844482, 70.9253463745, 71.4477996826, 71.9818572998, 72.5043106079, 73.0383682251, 73.5608139038, 74.094871521, 74.6173248291, 75.1397705078, 75.6622238159, 76.1382293701, 76.6142425537, 77.0902481079, 77.49659729, 77.8913345337, 78.2976837158, 78.7040328979, 79.1103820801, 79.5051269531, 79.8998641968, 80.3526535034, 80.8054428101, 81.2582321167, 81.7110214233, 82.16381073, 82.6166000366, 83.0693893433, 83.5221786499, 83.9633560181, 84.4045333862, 84.8341064453, 85.263671875, 85.6816329956, 86.1111984253, 86.5291595459, 86.9471206665, 87.3650741577, 87.8526992798, 88.3403167725, 88.8395462036, 89.2923355103, 89.7451248169, 90.2095184326, 90.6623077393, 91.1267089844, 91.5911102295, 92.0438995361, 92.5083007812, 92.9610900879, 93.4138793945, 93.8550567627, 94.3078460693, 94.760635376, 95.2018127441, 95.6429901123, 96.0841674805, 96.525352478, 96.9317016602, 97.3380508423, 97.7327880859, 98.2320175171, 98.7312469482, 99.2304763794, 99.7529220581, 100.275375366, 100.797821045, 101.320266724, 101.842720032, 102.353561401, 102.87600708, 103.398452759, 103.920906067, 104.362083435, 104.803260803, 105.25605011, 105.708839417, 106.150024414, 106.602806091, 107.055595398, 107.508384705, 107.961174011, 108.413963318, 108.924804688, 109.447257996, 109.969703674, 110.480545044, 110.991378784, 111.606712341, 112.222038269, 112.825759888, 113.429473877, 114.044807434, 114.6717453, 115.310295105, 115.937232971, 116.552558899, 117.167892456, 117.829658508, 118.491424561, 119.164802551, 119.838180542, 120.511566162, 121.173332214, 121.846710205, 122.415596008, 122.984489441, 123.541763306, 124.0990448, 124.644714355, 125.190383911, 125.736053467, 126.281723022],
    "bpm_estimates": [132.512023926, 129.199157715, 132.512237549, 132.511962891, 135.999130249, 132.512237549, 132.511962891, 132.511962891, 129.199157715, 129.199157715, 129.199417114, 129.199417114, 129.199157715, 129.199157715, 129.199157715, 129.199157715, 129.199157715, 129.199157715, 135.999130249, 135.999130249, 135.999130249, 135.999130249, 135.999130249, 129.199676514, 129.198623657, 129.199676514, 132.511962891, 132.511962891, 132.511962891, 132.511962891, 132.511962891, 132.511962891, 132.511962891, 132.511962891, 135.999725342, 135.999725342, 132.511962891, 132.511962891, 129.200744629, 132.511962891, 129.198623657, 129.198623657, 132.511962891, 129.198623657, 132.511962891, 132.511962891, 135.999725342, 132.511962891, 132.511962891, 135.999725342, 135.999725342, 135.999725342, 135.997375488, 135.999725342, 135.999725342, 132.511962891, 132.511962891, 135.997375488, 132.514190674, 132.511962891, 132.511962891, 132.511962891, 132.511962891],
