{
"metadata": {
    "version": {
        "essentia": "2.1-beta3"
    }
},
"lowLevel": {
    "average_loudness": 0.0194390807301,
    "barkbands_kurtosis": {
        "kurt": 17.3859901428,
        "max": 36.3406677246,
        "mean": 1.67651486397,
        "median": 0.593226671219,
        "min": -1.62776052952,
        "skew": 3.34949445724,
        "var": 11.4390239716
    },
    "barkbands_skewness": {
        "kurt": 0.924703359604,
        "max": 5.04940843582,
        "mean": 0.647721350193,
        "median": 0.723773658276,
        "min": -5.66059780121,
        "skew": -0.320061355829,
        "var": 1.57999038696
    },
    "barkbands_spread": {
        "kurt": -0.0677888393402,
        "max": 34.8008880615,
        "mean": 14.3988742828,
        "median": 14.1037082672,
        "min": 1.9900457859,
        "skew": 0.381667226553,
        "var": 24.37915802
    },
    "dissonance": {
        "kurt": 7.71349048615,
        "max": 0.499988526106,
        "mean": 0.458269476891,
        "median": 0.468434840441,
        "min": 0.117239415646,
        "skew": -1.92083966732,
        "var": 0.0011813697638
    },
    "hfc": {
        "kurt": 9.43123912811,
        "max": 41.7276992798,
        "mean": 3.04346561432,
        "median": 0.053650919348,
        "min": 4.08665528084e-07,
        "skew": 2.71123862267,
        "var": 29.4536952972
    },
    "pitch": {
        "kurt": 11.7155008316,
        "max": 4204.06884766,
        "mean": 448.99609375,
        "median": 203.302139282,
        "min": 43.0243911743,
        "skew": 3.61823964119,
        "var": 662505.625
    },
    "pitch_instantaneous_confidence": {
        "kurt": -1.19465053082,
        "max": 0.998092591763,
        "mean": 0.442599862814,
        "median": 0.371797800064,
        "min": 0.105037808418,
        "skew": 0.426140010357,
        "var": 0.0524045452476
    },
    "pitch_salience": {
        "kurt": -0.605630636215,
        "max": 0.889438509941,
        "mean": 0.628228127956,
        "median": 0.634030640125,
        "min": 0.227783799171,
        "skew": -0.252521246672,
        "var": 0.0124222449958
    },
    "silence_rate_20dB": {
        "kurt": 0,
        "max": 1,
        "mean": 1,
        "median": 1,
        "min": 1,
        "skew": 0,
        "var": 0
    },
    "silence_rate_30dB": {
        "kurt": 0,
        "max": 1,
        "mean": 1,
        "median": 1,
        "min": 1,
        "skew": 0,
        "var": 0
    },
    "silence_rate_60dB": {
        "kurt": -0.132747888565,
        "max": 1,
        "mean": 0.782055914402,
        "median": 1,
        "min": 0,
        "skew": -1.36650240421,
        "var": 0.170438319445
    },
    "spectral_centroid": {
        "kurt": 2.34419727325,
        "max": 3880.47045898,
        "mean": 1117.42163086,
        "median": 857.926818848,
        "min": 197.675979614,
        "skew": 1.4409314394,
        "var": 586818.25
    },
    "spectral_complexity": {
        "kurt": -0.667388677597,
        "max": 20,
        "mean": 3.98147463799,
        "median": 0,
        "min": 0,
        "skew": 0.896019518375,
        "var": 27.0532112122
    },
    "spectral_crest": {
        "kurt": 1.22461843491,
        "max": 25.5764942169,
        "mean": 8.81573581696,
        "median": 8.32970714569,
        "min": 2.90070962906,
        "skew": 0.934094727039,
        "var": 10.1247692108
    },
    "spectral_decrease": {
        "kurt": 11.9726886749,
        "max": -1.82233182901e-17,
        "mean": -4.63950489138e-10,
        "median": -2.38025380656e-11,
        "min": -7.20228854334e-09,
        "skew": -3.03445792198,
        "var": 7.37492624059e-19
    },
    "spectral_energy": {
        "kurt": 11.4642734528,
        "max": 0.0308362450451,
        "mean": 0.00202710996382,
        "median": 9.43999184528e-05,
        "min": 1.0584613741e-10,
        "skew": 2.97463679314,
        "var": 1.38556979437e-05
    },
    "spectral_energyband_high": {
        "kurt": 11.1872673035,
        "max": 7.9205208749e-05,
        "mean": 4.90769934913e-06,
        "median": 3.91307594327e-07,
        "min": 4.37546561483e-11,
        "skew": 3.08928012848,
        "var": 9.6622258805e-11
    },
    "spectral_energyband_low": {
        "kurt": 47.9860610962,
        "max": 0.000510570534971,
        "mean": 2.27832915698e-05,
        "median": 1.30741764224e-05,
        "min": 1.45258073148e-13,
        "skew": 5.7010807991,
        "var": 1.22421772719e-09
    },
    "spectral_energyband_middle_high": {
        "kurt": 11.9339742661,
        "max": 0.0299323368818,
        "mean": 0.00184467702638,
        "median": 2.0399071218e-05,
        "min": 5.5102044455e-11,
        "skew": 3.02287530899,
        "var": 1.21615667013e-05
    },
    "spectral_energyband_middle_low": {
        "kurt": 26.7080078125,
        "max": 0.00709281070158,
        "mean": 0.00033098863787,
        "median": 5.88491711824e-05,
        "min": 7.41128946408e-12,
        "skew": 4.54806375504,
        "var": 4.92682261211e-07
    },
    "spectral_flatness_db": {
        "kurt": 4.44356966019,
        "max": 0.681142091751,
        "mean": 0.193230614066,
        "median": 0.192365303636,
        "min": 0.0685155838728,
        "skew": 0.26468911767,
        "var": 0.0020825327374
    },
    "spectral_flux": {
        "kurt": 1.51516342163,
        "max": 0.0846357420087,
        "mean": 0.0144361359999,
        "median": 0.00607114192098,
        "min": 1.6456717276e-05,
        "skew": 1.3748434782,
        "var": 0.000209630947211
    },
    "spectral_kurtosis": {
        "kurt": 2.24948120117,
        "max": 38.1563034058,
        "mean": 11.2350101471,
        "median": 9.85524272919,
        "min": 1.26446390152,
        "skew": 1.27411198616,
        "var": 30.0827026367
    },
    "spectral_rms": {
        "kurt": 1.14149236679,
        "max": 0.00548490136862,
        "mean": 0.000948600412812,
        "median": 0.00030347565189,
        "min": 3.2134798289e-07,
        "skew": 1.33284759521,
        "var": 1.07782420855e-06
    },
    "spectral_rolloff": {
        "kurt": 1.15754318237,
        "max": 5512.5,
        "mean": 1781.1809082,
        "median": 1550.390625,
        "min": 150.732421875,
        "skew": 0.994321525097,
        "var": 1184661
    },
    "spectral_skewness": {
        "kurt": 0.948789358139,
        "max": 4.22017526627,
        "mean": 2.34463214874,
        "median": 2.36891174316,
        "min": 0.72689396143,
        "skew": -0.198432922363,
        "var": 0.238790944219
    },
    "spectral_spread": {
        "kurt": 12.6622171402,
        "max": 11721513,
        "mean": 2950344.75,
        "median": 2821674,
        "min": 1320871.5,
        "skew": 3.38689684868,
        "var": 2.66468641997e+12
    },
    "spectral_strongpeak": {
        "kurt": 3.56533813477,
        "max": 7.70429563522,
        "mean": 0.725392401218,
        "median": 0.0363580584526,
        "min": 0.000104713588371,
        "skew": 1.71224653721,
        "var": 1.08612120152
    },
    "zerocrossingrate": {
        "kurt": 6.08498859406,
        "max": 0.39306640625,
        "mean": 0.0619656033814,
        "median": 0.05322265625,
        "min": 0.0107421875,
        "skew": 1.91686630249,
        "var": 0.0012253022287
    },
    "barkbands": {
        "kurt": [8.22186088562, 23.1852703094, 59.9176254272, 20.3025360107, 44.1334915161, 12.0224733353, 15.5206680298, 18.5626144409, 29.1795082092, 38.9145202637, 28.8894042969, 18.5675621033, 39.4654083252, 22.642168045, 47.1654281616, 14.2863235474, 44.7705802917, 97.4850692749, 50.5809249878, 43.4093856812, 21.5218467712, 21.3617076874, 13.6656284332, 58.5763015747, 16.0168418884, 21.9305896759, 44.4059181213],
        "max": [1.07297717022e-06, 4.71434577776e-05, 0.000385025021387, 0.000186301302165, 0.000498385750689, 0.000299934792565, 0.00135514116846, 0.000292078708299, 7.58826208767e-05, 0.0151854660362, 0.00576490908861, 0.00667964946479, 0.00120254268404, 0.00550705008209, 0.00093760935124, 0.00286248675548, 0.0055774198845, 0.0105075417086, 0.0027342857793, 0.000262120738626, 5.39446482435e-05, 1.27551529658e-05, 2.95432846542e-06, 2.20016886487e-06, 4.20747795715e-07, 9.38324262734e-09, 2.94089441688e-09],
        "mean": [9.82480017342e-08, 2.95305835607e-06, 1.28521078295e-05, 1.29625614136e-05, 2.46451945713e-05, 2.05986871151e-05, 7.0024834713e-05, 1.4004469449e-05, 4.89590775032e-06, 0.000440697185695, 0.000220249668928, 0.000335104501573, 3.2107502193e-05, 0.000220400630496, 2.60746801359e-05, 0.00013492074504, 0.000154146022396, 0.000209764417377, 8.11597055872e-05, 6.4970299718e-06, 2.1604853373e-06, 5.68243308408e-07, 1.4767371681e-07, 5.54605676939e-08, 1.97097964616e-08, 4.01121691418e-10, 6.57694593231e-11],
        "median": [5.7707147505e-08, 1.89481625057e-06, 5.62414970773e-06, 7.4964345913e-06, 1.32143104565e-05, 7.14233192411e-06, 4.60454839413e-06, 3.24771212945e-06, 3.05090907204e-06, 3.9686724449e-06, 3.65380810763e-06, 3.50560526385e-06, 2.06089862331e-06, 1.85322187463e-06, 1.77309857463e-06, 1.61682874023e-06, 1.39728081194e-06, 1.31287322347e-06, 8.33935132505e-07, 4.12904370251e-07, 1.47977956999e-07, 5.2923908811e-08, 1.71297411811e-08, 5.46533618362e-09, 2.61869481655e-09, 4.96677074469e-11, 2.31354995925e-12],
        "min": [1.38623082807e-15, 6.24864336706e-14, 1.73502315623e-14, 1.15257101281e-13, 9.90869035043e-14, 7.32618393035e-13, 1.70698318761e-12, 7.818086456e-13, 1.62242268231e-12, 1.36920195234e-12, 9.84905299678e-13, 9.57093128709e-13, 1.86112149997e-12, 1.64568716727e-12, 2.72537071036e-12, 6.49317188559e-12, 3.81639598396e-12, 1.19947541483e-11, 1.56279780783e-11, 1.44138147598e-11, 1.50722559433e-11, 1.31248545018e-11, 3.41097094146e-12, 3.14006806668e-12, 1.99864929294e-12, 2.36466038807e-13, 1.96893520097e-14],
        "skew": [2.38300514221, 3.81391525269, 6.62214946747, 3.72430300713, 5.84484243393, 2.9067671299, 3.67372369766, 3.70576667786, 4.25440120697, 5.46378803253, 4.90728664398, 3.91563487053, 5.6514377594, 4.16475486755, 5.80674552917, 3.39833950996, 5.71103715897, 7.16583824158, 5.84394979477, 4.90139913559, 4.0331568718, 4.07286024094, 3.26344060898, 5.89690494537, 3.5404253006, 4.06551790237, 5.78613138199],
        "var": [1.35487019553e-14, 1.34548231931e-11, 7.11784742258e-10, 2.98954166977e-10, 1.86661885948e-09, 9.83578662961e-10, 2.58342769399e-08, 7.01002034198e-10, 4.10695089048e-11, 1.56430508014e-06, 3.62458621339e-07, 6.62079287395e-07, 1.04557384972e-08, 2.81092638943e-07, 4.72812677899e-09, 9.09473669708e-08, 1.72247595742e-07, 2.55115679693e-07, 4.09960705383e-08, 2.27893176552e-10, 2.3923779624e-11, 1.69470730851e-12, 8.6266504194e-14, 1.839415393e-14, 1.70238089931e-15, 8.00992798143e-19, 4.17450299369e-20],
        "cov": [[1.35536249108e-14, 8.7012340421e-14, 1.64356538362e-13, 9.52690956181e-14, 2.09855529763e-13, 4.02665422707e-13, 7.79086647626e-13, 2.89458398656e-13, 4.31024234858e-14, 3.01423317729e-12, 2.92302618742e-12, 3.87042091085e-12, -6.07308901248e-15, 2.48284639376e-12, 6.77078402025e-13, 2.88675767318e-12, 1.85257321636e-12, 3.67059984838e-12, 9.24388061756e-13, 3.27960992781e-14, 1.72993943389e-14, 6.96309109411e-15, 2.07383269289e-15, 1.18623502016e-15, 2.89110926683e-16, 4.93821614456e-18, 1.11909275412e-18], [8.7012340421e-14, 1.34597125112e-11, 2.08538134677e-11, 1.98129099932e-12, 1.55555117398e-11, 2.18729149376e-11, 5.33395792812e-11, 1.32251726931e-11, 1.76666884247e-12, 3.10146741622e-10, 2.33605579325e-10, 3.31342037141e-10, 1.33506721303e-11, 2.21277884904e-10, 1.32977196962e-11, 2.11576617337e-10, 1.38981590125e-10, 2.73135070117e-10, 1.14306071552e-10, 6.72228765708e-12, 1.49816064502e-12, 3.54535574076e-13, 1.10278627864e-13, 1.38976991807e-13, 2.68214642933e-14, 2.85037809938e-16, 9.05838606664e-17], [1.64356538362e-13, 2.08538134677e-11, 7.12043368711e-10, 1.77541203961e-10, 2.89333584869e-10, 1.90668342226e-10, 9.7720165293e-10, 1.95056415464e-10, 4.8074082909e-11, 6.5173404451e-09, 1.70039682335e-09, 3.37780026172e-09, 4.52265253026e-10, 1.7761572213e-09, 1.5750679927e-10, 2.77265832516e-09, 2.43550069001e-09, 2.40704056687e-09, 6.28308627348e-10, 8.41574171462e-11, 4.24304827384e-11, 1.40039117455e-11, 3.40558549243e-12, 1.30574002132e-12, 5.24493859802e-13, 8.3523250775e-15, 7.23507432639e-16], [9.52690956181e-14, 1.98129099932e-12, 1.77541203961e-10, 2.990628023e-10, 1.47095877145e-10, 8.74782954408e-11, 2.6199112324e-10, 5.1180611832e-11, 2.2914985881e-11, 1.39398059762e-09, 2.89394896935e-10, 6.24159890439e-10, 2.10294878733e-10, 3.98884647534e-10, 6.49202983038e-11, 6.77637057578e-10, 4.16780776558e-10, 1.73305772511e-10, 1.25217572422e-10, 1.72078028909e-11, 8.99262348614e-12, 2.65286664164e-12, 6.59917595829e-13, 2.11610378742e-13, 8.45427243837e-14, 1.33183236049e-15, 7.16830483674e-17], [2.09855529763e-13, 1.55555117398e-11, 2.89333584869e-10, 1.47095877145e-10, 1.86729720575e-09, 4.66151062195e-10, 3.44582962164e-09, 4.08476530378e-10, 1.81161655122e-10, 2.50407339308e-08, 9.2254115458e-09, 1.19850938063e-08, 1.59830759738e-09, 5.95696336703e-09, 4.78554140759e-10, 4.51618209496e-09, 8.54702175701e-09, 5.6455302655e-09, 1.6092558397e-09, 1.62235017087e-10, 8.57622167727e-11, 2.35622198835e-11, 5.05670678941e-12, 1.88517452517e-12, 7.03259824507e-13, 1.35712728422e-14, 2.24371700893e-15], [4.02665422707e-13, 2.18729149376e-11, 1.90668342226e-10, 8.74782954408e-11, 4.66151062195e-10, 9.83936043752e-10, 2.98153657319e-09, 4.00453753491e-10, 8.58879495302e-11, 1.60428239582e-08, 7.18848403025e-09, 1.08471516214e-08, 1.25386323546e-09, 7.79151232422e-09, 8.67883653832e-10, 4.63791138827e-09, 5.19418241751e-09, 5.27163024344e-09, 2.00816163698e-09, 2.00682775953e-10, 7.55896456539e-11, 1.78062061623e-11, 4.53019653041e-12, 1.61864532194e-12, 5.16731785399e-13, 1.0180231495e-14, 1.97019037674e-15], [7.79086647626e-13, 5.33395792812e-11, 9.7720165293e-10, 2.6199112324e-10, 3.44582962164e-09, 2.98153657319e-09, 2.58436649858e-08, 3.39330319399e-09, 5.33230404276e-10, 1.34858282763e-07, 5.76437386712e-08, 7.74795054781e-08, 9.47942702112e-09, 5.13474205377e-08, 5.3527768884e-09, 2.43423166069e-08, 4.61378562022e-08, 3.23050386442e-08, 1.12223146331e-08, 1.18134813043e-09, 5.52585588398e-10, 1.52564322287e-10, 3.18182286074e-11, 1.19501162438e-11, 3.63828845523e-12, 8.01686733491e-14, 1.30712608231e-14], [2.89458398656e-13, 1.32251726931e-11, 1.95056415464e-10, 5.1180611832e-11, 4.08476530378e-10, 4.00453753491e-10, 3.39330319399e-09, 7.01256774871e-10, 7.14029738114e-11, 1.60701265628e-08, 7.89893750408e-09, 1.07107442915e-08, 1.14387255223e-09, 7.28850535481e-09, 8.53757231578e-10, 3.55746698766e-09, 5.62876900645e-09, 4.84127093969e-09, 1.69601510613e-09, 1.83506029816e-10, 7.6615533362e-11, 2.0288867808e-11, 4.55427492593e-12, 1.60406746479e-12, 5.36066850632e-13, 1.08771032884e-14, 1.77386518611e-15], [4.31024234858e-14, 1.76666884247e-12, 4.8074082909e-11, 2.2914985881e-11, 1.81161655122e-10, 8.58879495302e-11, 5.33230404276e-10, 7.14029738114e-11, 4.10844344656e-11, 3.76871822638e-09, 1.46984246996e-09, 2.08281170089e-09, 2.60459820378e-10, 1.07932784932e-09, 1.23646592964e-10, 7.72725827769e-10, 1.2541292449e-09, 9.85491133143e-10, 3.30531768622e-10, 3.15208033286e-11, 1.38557238599e-11, 3.57729059049e-12, 8.38206294738e-13, 2.84645760738e-13, 1.04240448467e-13, 2.30937582662e-15, 3.57105543612e-16], [3.01423317729e-12, 3.10146741622e-10, 6.5173404451e-09, 1.39398059762e-09, 2.50407339308e-08, 1.60428239582e-08, 1.34858282763e-07, 1.60701265628e-08, 3.76871822638e-09, 1.56487351433e-06, 3.36663816825e-07, 5.27625445557e-07, 5.68015181557e-08, 2.98286096267e-07, 2.89658039776e-08, 1.56805981533e-07, 3.20916484498e-07, 2.12357875284e-07, 1.0326486688e-07, 7.31815053001e-09, 3.89460375061e-09, 1.03547770358e-09, 2.15547329985e-10, 8.18781431544e-11, 2.63249543692e-11, 5.7222808306e-13, 9.74071965123e-14], [2.92302618742e-12, 2.33605579325e-10, 1.70039682335e-09, 2.89394896935e-10, 9.2254115458e-09, 7.18848403025e-09, 5.76437386712e-08, 7.89893750408e-09, 1.46984246996e-09, 3.36663816825e-07, 3.62590327541e-07, 2.91451101475e-07, 2.79655534285e-08, 1.93366744838e-07, 1.84190529495e-08, 6.7420984351e-08, 1.28300200686e-07, 1.03456194722e-07, 3.7708041134e-08, 4.447485491e-09, 1.49929424431e-09, 3.84049014812e-10, 8.70853042456e-11, 3.25945138935e-11, 9.9868620318e-12, 2.14649356774e-13, 4.02085997961e-14], [3.87042091085e-12, 3.31342037141e-10, 3.37780026172e-09, 6.24159890439e-10, 1.19850938063e-08, 1.08471516214e-08, 7.74795054781e-08, 1.07107442915e-08, 2.08281170089e-09, 5.27625445557e-07, 2.91451101475e-07, 6.62319905587e-07, 3.93669488119e-08, 2.37692887595e-07, 2.35033290608e-08, 1.05073119983e-07, 1.7445736944e-07, 1.41079453897e-07, 6.04565855156e-08, 5.93178173247e-09, 2.25800467213e-09, 5.70452296511e-10, 1.33842284478e-10, 4.90143897691e-11, 1.53996242841e-11, 3.28437120166e-13, 6.50224977485e-14], [-6.07308901248e-15, 1.33506721303e-11, 4.52265253026e-10, 2.10294878733e-10, 1.59830759738e-09, 1.25386323546e-09, 9.47942702112e-09, 1.14387255223e-09, 2.60459820378e-10, 5.68015181557e-08, 2.79655534285e-08, 3.93669488119e-08, 1.04595381245e-08, 3.1246191412e-08, 2.82834977661e-09, 1.16667520089e-08, 1.83965358502e-08, 1.17090728224e-08, 4.79983075508e-09, 5.67228097825e-10, 2.85323126237e-10, 6.86310938636e-11, 1.4888958122e-11, 5.00740377982e-12, 1.67235897439e-12, 3.70977086669e-14, 6.4001847611e-15], [2.48284639376e-12, 2.21277884904e-10, 1.7761572213e-09, 3.98884647534e-10, 5.95696336703e-09, 7.79151232422e-09, 5.13474205377e-08, 7.28850535481e-09, 1.07932784932e-09, 2.98286096267e-07, 1.93366744838e-07, 2.37692887595e-07, 3.1246191412e-08, 2.81194786567e-07, 2.01622452067e-08, 6.74278197721e-08, 1.02315887318e-07, 9.97656997015e-08, 3.83189551201e-08, 4.47685266636e-09, 1.70997693782e-09, 3.96063265518e-10, 9.63260304854e-11, 3.11040533607e-11, 1.05873356956e-11, 2.16712241143e-13, 4.04834043892e-14], [6.77078402025e-13, 1.32977196962e-11, 1.5750679927e-10, 6.49202983038e-11, 4.78554140759e-10, 8.67883653832e-10, 5.3527768884e-09, 8.53757231578e-10, 1.23646592964e-10, 2.89658039776e-08, 1.84190529495e-08, 2.35033290608e-08, 2.82834977661e-09, 2.01622452067e-08, 4.72984451605e-09, 1.01775823325e-08, 1.01368158312e-08, 8.72378969063e-09, 4.22016110946e-09, 4.12270412253e-10, 1.75104639122e-10, 3.90374815806e-11, 9.67524151074e-12, 2.66283024276e-12, 9.48356410763e-13, 1.94352692306e-14, 4.05773250965e-15], [2.88675767318e-12, 2.11576617337e-10, 2.77265832516e-09, 6.77637057578e-10, 4.51618209496e-09, 4.63791138827e-09, 2.43423166069e-08, 3.55746698766e-09, 7.72725827769e-10, 1.56805981533e-07, 6.7420984351e-08, 1.05073119983e-07, 1.16667520089e-08, 6.74278197721e-08, 1.01775823325e-08, 9.09804143134e-08, 5.87440496247e-08, 5.01572472444e-08, 2.10776036624e-08, 1.85681370279e-09, 7.51093798268e-10, 1.96133637109e-10, 4.65130919891e-11, 1.98303439641e-11, 5.5997611062e-12, 1.10319298998e-13, 1.98062154514e-14], [1.85257321636e-12, 1.38981590125e-10, 2.43550069001e-09, 4.16780776558e-10, 8.54702175701e-09, 5.19418241751e-09, 4.61378562022e-08, 5.62876900645e-09, 1.2541292449e-09, 3.20916484498e-07, 1.28300200686e-07, 1.7445736944e-07, 1.83965358502e-08, 1.02315887318e-07, 1.01368158312e-08, 5.87440496247e-08, 1.72310180346e-07, 9.23340905956e-08, 3.02750180481e-08, 2.75820544182e-09, 1.25325738676e-09, 3.61397023418e-10, 7.61109161806e-11, 2.81992276752e-11, 9.48477147517e-12, 2.06308684329e-13, 3.6362104598e-14], [3.67059984838e-12, 2.73135070117e-10, 2.40704056687e-09, 1.73305772511e-10, 5.6455302655e-09, 5.27163024344e-09, 3.23050386442e-08, 4.84127093969e-09, 9.85491133143e-10, 2.12357875284e-07, 1.03456194722e-07, 1.41079453897e-07, 1.17090728224e-08, 9.97656997015e-08, 8.72378969063e-09, 5.01572472444e-08, 9.23340905956e-08, 2.55208391309e-07, 5.14572491284e-08, 3.77114339756e-09, 1.01817987375e-09, 2.82110945715e-10, 7.25335624896e-11, 2.57821611283e-11, 1.16954328166e-11, 2.305310348e-13, 2.93776504859e-14], [9.24388061756e-13, 1.14306071552e-10, 6.28308627348e-10, 1.25217572422e-10, 1.6092558397e-09, 2.00816163698e-09, 1.12223146331e-08, 1.69601510613e-09, 3.30531768622e-10, 1.0326486688e-07, 3.7708041134e-08, 6.04565855156e-08, 4.79983075508e-09, 3.83189551201e-08, 4.22016110946e-09, 2.10776036624e-08, 3.02750180481e-08, 5.14572491284e-08, 4.10109670668e-08, 1.64545865822e-09, 4.04579925117e-10, 9.99570218263e-11, 2.4824559075e-11, 9.68332098533e-12, 3.69881339099e-12, 8.33097222393e-14, 1.02072086474e-14], [3.27960992781e-14, 6.72228765708e-12, 8.41574171462e-11, 1.72078028909e-11, 1.62235017087e-10, 2.00682775953e-10, 1.18134813043e-09, 1.83506029816e-10, 3.15208033286e-11, 7.31815053001e-09, 4.447485491e-09, 5.93178173247e-09, 5.67228097825e-10, 4.47685266636e-09, 4.12270412253e-10, 1.85681370279e-09, 2.75820544182e-09, 3.77114339756e-09, 1.64545865822e-09, 2.27975985312e-10, 4.28366682403e-11, 1.05929839553e-11, 2.6075216205e-12, 8.18351029302e-13, 3.44553487304e-13, 8.01937421362e-15, 9.7512338712e-16], [1.72993943389e-14, 1.49816064502e-12, 4.24304827384e-11, 8.99262348614e-12, 8.57622167727e-11, 7.55896456539e-11, 5.52585588398e-10, 7.6615533362e-11, 1.38557238599e-11, 3.89460375061e-09, 1.49929424431e-09, 2.25800467213e-09, 2.85323126237e-10, 1.70997693782e-09, 1.75104639122e-10, 7.51093798268e-10, 1.25325738676e-09, 1.01817987375e-09, 4.04579925117e-10, 4.28366682403e-11, 2.39324740581e-11, 4.96641573353e-12, 1.10170368921e-12, 3.76036197623e-13, 1.28489124722e-13, 2.59772786473e-15, 4.00692641468e-16], [6.96309109411e-15, 3.54535574076e-13, 1.40039117455e-11, 2.65286664164e-12, 2.35622198835e-11, 1.78062061623e-11, 1.52564322287e-10, 2.0288867808e-11, 3.57729059049e-12, 1.03547770358e-09, 3.84049014812e-10, 5.70452296511e-10, 6.86310938636e-11, 3.96063265518e-10, 3.90374815806e-11, 1.96133637109e-10, 3.61397023418e-10, 2.82110945715e-10, 9.99570218263e-11, 1.05929839553e-11, 4.96641573353e-12, 1.69532313535e-12, 3.25947629347e-13, 1.09910182084e-13, 4.01462784999e-14, 7.75825904934e-16, 1.0447683551e-16], [2.07383269289e-15, 1.10278627864e-13, 3.40558549243e-12, 6.59917595829e-13, 5.05670678941e-12, 4.53019653041e-12, 3.18182286074e-11, 4.55427492593e-12, 8.38206294738e-13, 2.15547329985e-10, 8.70853042456e-11, 1.33842284478e-10, 1.4888958122e-11, 9.63260304854e-11, 9.67524151074e-12, 4.65130919891e-11, 7.61109161806e-11, 7.25335624896e-11, 2.4824559075e-11, 2.6075216205e-12, 1.10170368921e-12, 3.25947629347e-13, 8.62978511893e-14, 2.47087235655e-14, 9.85729594873e-15, 1.85046205789e-16, 2.32739193286e-17], [1.18623502016e-15, 1.38976991807e-13, 1.30574002132e-12, 2.11610378742e-13, 1.88517452517e-12, 1.61864532194e-12, 1.19501162438e-11, 1.60406746479e-12, 2.84645760738e-13, 8.18781431544e-11, 3.25945138935e-11, 4.90143897691e-11, 5.00740377982e-12, 3.11040533607e-11, 2.66283024276e-12, 1.98303439641e-11, 2.81992276752e-11, 2.57821611283e-11, 9.68332098533e-12, 8.18351029302e-13, 3.76036197623e-13, 1.09910182084e-13, 2.47087235655e-14, 1.840083702e-14, 3.71070776984e-15, 6.31743774191e-17, 8.86361414914e-18], [2.89110926683e-16, 2.68214642933e-14, 5.24493859802e-13, 8.45427243837e-14, 7.03259824507e-13, 5.16731785399e-13, 3.63828845523e-12, 5.36066850632e-13, 1.04240448467e-13, 2.63249543692e-11, 9.9868620318e-12, 1.53996242841e-11, 1.67235897439e-12, 1.05873356956e-11, 9.48356410763e-13, 5.5997611062e-12, 9.48477147517e-12, 1.16954328166e-11, 3.69881339099e-12, 3.44553487304e-13, 1.28489124722e-13, 4.01462784999e-14, 9.85729594873e-15, 3.71070776984e-15, 1.702999551e-15, 2.82793000574e-17, 3.16305863268e-18], [4.93821614456e-18, 2.85037809938e-16, 8.3523250775e-15, 1.33183236049e-15, 1.35712728422e-14, 1.0180231495e-14, 8.01686733491e-14, 1.08771032884e-14, 2.30937582662e-15, 5.7222808306e-13, 2.14649356774e-13, 3.28437120166e-13, 3.70977086669e-14, 2.16712241143e-13, 1.94352692306e-14, 1.10319298998e-13, 2.06308684329e-13, 2.305310348e-13, 8.33097222393e-14, 8.01937421362e-15, 2.59772786473e-15, 7.75825904934e-16, 1.85046205789e-16, 6.31743774191e-17, 2.82793000574e-17, 8.01283862321e-19, 8.66870677048e-20], [1.11909275412e-18, 9.05838606664e-17, 7.23507432639e-16, 7.16830483674e-17, 2.24371700893e-15, 1.97019037674e-15, 1.30712608231e-14, 1.77386518611e-15, 3.57105543612e-16, 9.74071965123e-14, 4.02085997961e-14, 6.50224977485e-14, 6.4001847611e-15, 4.04834043892e-14, 4.05773250965e-15, 1.98062154514e-14, 3.6362104598e-14, 2.93776504859e-14, 1.02072086474e-14, 9.7512338712e-16, 4.00692641468e-16, 1.0447683551e-16, 2.32739193286e-17, 8.86361414914e-18, 3.16305863268e-18, 8.66870677048e-20, 4.17602003e-20]]
    },
    "mfcc": {
        "kurt": [-0.578327655792, 11.8123731613, -1.57738912106, 3.71772432327, 0.764666795731, 0.613915205002, 1.86166381836, 0.51465177536, 0.583207607269, 0.0231130123138, 0.453739404678, 0.992300271988, 1.19652557373],
        "max": [-678.274291992, 189.996856689, 32.5602455139, 79.9573364258, 35.1199836731, 26.4349517822, 39.3352279663, 39.2581138611, 25.6982727051, 16.8016681671, 22.3952445984, 18.2754764557, 34.2723922729],
        "mean": [-885.722961426, 136.813415527, -47.8376426697, 8.35654735565, 8.01781177521, -9.071352005, 5.78726530075, 4.54863500595, -9.38304424286, -9.13478183746, -6.16625595093, -7.77028846741, -3.40216684341],
        "median": [-921.014160156, 141.032775879, -21.6903877258, 8.36815261841, 10.0988616943, -7.99160766602, 5.17596817017, 3.45542907715, -8.11940002441, -7.72489929199, -6.79574012756, -7.78656768799, -3.77910614014],
        "min": [-1138.42004395, -11.3238868713, -152.657516479, -28.5106582642, -42.4966621399, -56.5876731873, -48.8955764771, -24.0990219116, -48.3863601685, -42.0676956177, -31.188627243, -42.5553703308, -31.04870224],
        "skew": [-0.0755824223161, -3.23619651794, -0.284612447023, 0.838278591633, -0.853094160557, -0.566584050655, 0.157275885344, 0.57498472929, -0.609670937061, -0.543231189251, 0.39153444767, -0.223732948303, 0.528147041798],
        "var": [11193.4003906, 986.898376465, 2828.79199219, 125.928489685, 138.91166687, 141.653015137, 72.6997833252, 72.09715271, 85.3006134033, 80.6791992188, 54.18309021, 51.9025611877, 48.688457489],
        "cov": [[11197.4677734, 2199.90039062, -5191.09716797, 50.9277801514, -636.320007324, -537.582946777, 84.4918212891, 306.842437744, -506.606658936, -608.529724121, 71.7849731445, -58.119430542, 165.772521973], [2199.90039062, 987.257019043, -672.059020996, 5.84781885147, 1.97207355499, -113.793296814, 54.6229400635, 41.1952819824, -95.4103469849, -98.8628158569, -30.1551818848, -34.4824943542, -2.6300201416], [-5191.09716797, -672.059020996, 2829.82006836, 27.7209300995, 353.047302246, 304.484619141, -44.2613334656, -162.520980835, 262.315612793, 315.621948242, -83.2023162842, 5.07639789581, -109.418312073], [50.9277801514, 5.84781885147, 27.7209300995, 125.974243164, 34.7845077515, -37.1202507019, 11.8208808899, 18.5490493774, -11.1053600311, -2.16171121597, 17.4691848755, -13.545422554, -17.1115970612], [-636.320007324, 1.97207355499, 353.047302246, 34.7845077515, 138.962142944, 27.7863769531, 4.41964912415, -3.60208296776, 29.6844291687, 39.6691513062, -6.52325773239, -9.66453552246, -22.0299053192], [-537.582946777, -113.793296814, 304.484619141, -37.1202507019, 27.7863769531, 141.704483032, -6.36133718491, -36.755897522, 52.1720619202, 41.4252510071, -23.8151721954, 2.28149271011, 3.15042471886], [84.4918212891, 54.6229400635, -44.2613334656, 11.8208808899, 4.41964912415, -6.36133718491, 72.7261962891, 30.1408290863, -22.9852333069, -9.64386844635, 14.977306366, 1.64882647991, -6.08939790726], [306.842437744, 41.1952819824, -162.520980835, 18.5490493774, -3.60208296776, -36.755897522, 30.1408290863, 72.1233444214, -5.8610458374, -25.2413158417, 13.4618177414, -6.16225576401, -2.45802879333], [-506.606658936, -95.4103469849, 262.315612793, -11.1053600311, 29.6844291687, 52.1720619202, -22.9852333069, -5.8610458374, 85.3316116333, 51.4735641479, -24.3050422668, -5.77451038361, -4.87803554535], [-608.529724121, -98.8628158569, 315.621948242, -2.16171121597, 39.6691513062, 41.4252510071, -9.64386844635, -25.2413158417, 51.4735641479, 80.7085189819, 0.102033279836, -6.20193624496, -10.9671630859], [71.7849731445, -30.1551818848, -83.2023162842, 17.4691848755, -6.52325773239, -23.8151721954, 14.977306366, 13.4618177414, -24.3050422668, 0.102033279836, 54.2027778625, 16.5898284912, -1.39596176147], [-58.119430542, -34.4824943542, 5.07639789581, -13.545422554, -9.66453552246, 2.28149271011, 1.64882647991, -6.16225576401, -5.77451038361, -6.20193624496, 16.5898284912, 51.921421051, 22.8720359802], [165.772521973, -2.6300201416, -109.418312073, -17.1115970612, -22.0299053192, 3.15042471886, -6.08939790726, -2.45802879333, -4.87803554535, -10.9671630859, -1.39596176147, 22.8720359802, 48.7061500549]]
    },
    "sccoeffs": {
        "kurt": [0.328231573105, 0.346148490906, -0.746370792389, -1.12267386913, -1.42117369175, -0.657508611679],
        "max": [-0.518390834332, -0.525683283806, -0.366243422031, -0.462968915701, -0.527525007725, -0.675101101398],
        "mean": [-0.754795014858, -0.805556595325, -0.771829426289, -0.77011603117, -0.781050205231, -0.821596980095],
        "median": [-0.757960140705, -0.82527923584, -0.839997529984, -0.84583234787, -0.838783800602, -0.833193063736],
        "min": [-0.946506023407, -0.962965846062, -0.982156515121, -0.947615563869, -0.935757279396, -0.912055253983],
        "skew": [0.215660765767, 0.863219797611, 0.716036677361, 0.597670972347, 0.405272215605, 0.257277071476],
        "var": [0.00374888326041, 0.00597963342443, 0.0168648064137, 0.0160262081772, 0.00983237475157, 0.00144189922139],
        "cov": [[0.00375024555251, 0.00148075504694, 0.00256056711078, 0.0024614573922, 0.00187217723578, 0.000861335138325], [0.00148075504694, 0.0059818062, 0.00796396099031, 0.00766175659373, 0.00569233018905, 0.00216594757512], [0.00256056711078, 0.00796396099031, 0.0168709345162, 0.0153103042394, 0.011313832365, 0.00422200234607], [0.0024614573922, 0.00766175659373, 0.0153103042394, 0.0160320326686, 0.0112691754475, 0.00428160419688], [0.00187217723578, 0.00569233018905, 0.011313832365, 0.0112691754475, 0.00983594730496, 0.00327088870108], [0.000861335138325, 0.00216594757512, 0.00422200234607, 0.00428160419688, 0.00327088870108, 0.00144242320675]]
    },
    "scvalleys": {
        "kurt": [16.7608661652, 12.1921672821, 12.081700325, 9.837890625, 3.73893404007, 3.8171954155],
        "max": [-6.84869098663, -6.13813877106, -6.48405313492, -7.11947584152, -7.33933115005, -9.95865249634],
        "mean": [-8.21737861633, -8.08885574341, -8.30125617981, -8.81529712677, -9.57003879547, -12.3223400116],
        "median": [-7.94054698944, -7.82669782639, -8.05236816406, -8.66163825989, -9.65561580658, -12.3729467392],
        "min": [-16.3199424744, -15.1848688126, -15.4803705215, -15.0300445557, -14.9279336929, -16.2901287079],
        "skew": [-4.11658763885, -3.30026078224, -3.29560089111, -2.85352993011, -1.41045594215, -1.10319769382],
        "var": [1.96854531765, 1.99044013023, 1.98626124859, 1.78990900517, 1.48502397537, 0.715862989426],
        "cov": [[1.9692606926, 1.78391563892, 1.78610599041, 1.64297437668, 1.28941178322, 0.86955589056], [1.78391563892, 1.99116337299, 1.91662371159, 1.81081533432, 1.54208517075, 1.0103956461], [1.78610599041, 1.91662371159, 1.98698306084, 1.8290656805, 1.55762636662, 1.01689314842], [1.64297437668, 1.81081533432, 1.8290656805, 1.79055941105, 1.5400249958, 1.00785541534], [1.28941178322, 1.54208517075, 1.55762636662, 1.5400249958, 1.48556363583, 0.966220915318], [0.86955589056, 1.0103956461, 1.01689314842, 1.00785541534, 0.966220915318, 0.716123104095]]
    }
},
"rhythm": {
    "beats_loudness": {
        "kurt": 10.1450796127,
        "max": 0.0307520329952,
        "mean": 0.00288494653068,
        "median": 0.000200182374101,
        "min": 7.58163420933e-10,
        "skew": 2.69590568542,
        "var": 2.13843723031e-05
    },
    "bpm": 109.352333069,
    "confidence": 0.00119218823966,
    "first_peak_bpm": {
        "kurt": 0,
        "max": 108,
        "mean": 108,
        "median": 108,
        "min": 108,
        "skew": 0,
        "var": 0
    },
    "first_peak_spread": {
        "kurt": 0,
        "max": 0.555555582047,
        "mean": 0.555555582047,
        "median": 0.555555582047,
        "min": 0.555555582047,
        "skew": 0,
        "var": 0
    },
    "first_peak_weight": {
        "kurt": 0,
        "max": 0.125,
        "mean": 0.125,
        "median": 0.125,
        "min": 0.125,
        "skew": 0,
        "var": 0
    },
    "onset_rate": 0.65732717514,
    "second_peak_bpm": {
        "kurt": 0,
        "max": 161,
        "mean": 161,
        "median": 161,
        "min": 161,
        "skew": 0,
        "var": 0
    },
    "second_peak_spread": {
        "kurt": 0,
        "max": 0.181818187237,
        "mean": 0.181818187237,
        "median": 0.181818187237,
        "min": 0.181818187237,
        "skew": 0,
        "var": 0
    },
    "second_peak_weight": {
        "kurt": 0,
        "max": 0.0703125,
        "mean": 0.0703125,
        "median": 0.0703125,
        "min": 0.0703125,
        "skew": 0,
        "var": 0
    },
    "beats_loudness_band_ratio": {
        "kurt": [-0.427477359772, -0.139111757278, 1.23032140732, -1.06021356583, 0.462528944016, 28.7619304657],
        "max": [0.896230757236, 0.578752934933, 0.504514873028, 0.846023082733, 0.843188464642, 0.662461519241],
        "mean": [0.209222063422, 0.144382402301, 0.145940303802, 0.323232799768, 0.22431127727, 0.0436850562692],
        "median": [0.0570367984474, 0.0756928771734, 0.129986271262, 0.249971434474, 0.14364823699, 0.0188292544335],
        "min": [0.000726465659682, 0.00288909766823, 0.00620807288215, 0.0208143983036, 0.013282680884, 0.00340173090808],
        "skew": [0.970653831959, 0.983006536961, 0.919448256493, 0.506176710129, 1.0658107996, 5.27112197876],
        "var": [0.0622243583202, 0.0224080253392, 0.00735757825896, 0.0541825592518, 0.0380898974836, 0.00921679101884],
        "cov": [[0.0627104863524, 0.0153433326632, -0.00551121030003, -0.0404316931963, -0.0324140414596, -0.00582920387387], [0.0153433326632, 0.0225830879062, 0.00154472957365, -0.0212282184511, -0.0181993283331, -0.00325259170495], [-0.00551121030003, 0.00154472957365, 0.00741505948827, 0.00483756838366, -0.00344739994034, -0.0018229164416], [-0.0404316931963, -0.0212282184511, 0.00483756838366, 0.0546058602631, 0.0140016442165, -0.00337108597159], [-0.0324140414596, -0.0181993283331, -0.00344739994034, 0.0140016442165, 0.0383874736726, 0.00437659304589], [-0.00582920387387, -0.00325259170495, -0.0018229164416, -0.00337108597159, 0.00437659304589, 0.00928879715502]]
    },
    "beats_position": [0.580498874187, 1.13777780533, 1.71827661991, 2.28716540337, 2.83283448219, 3.39011335373, 3.94739222527, 4.48145103455, 5.06195020676, 5.61922883987, 6.15328788757, 6.67573690414, 7.17496585846, 7.70902490616, 8.24308395386, 8.75392246246, 9.287981987, 9.79882049561, 10.3560991287, 10.8437185287, 11.354557991, 11.8421764374, 12.3530158997, 12.8986845016, 13.4675731659, 14.0248527527, 14.5821313858, 15.1394100189, 15.6734695435, 16.2307472229, 16.7648067474, 17.2756462097, 17.8097057343, 18.2624931335, 18.784942627, 19.3073921204, 19.8066215515, 20.3058490753, 20.8282985687, 21.339138031, 21.8731975555, 22.4072551727, 22.9645347595, 23.4985942841, 23.9629936218, 24.4506111145, 24.9382305145, 25.3561897278, 25.8205890656, 26.2617683411, 26.6797275543, 27.1441268921, 27.6085262299, 28.0497055054, 28.4676647186, 28.8624038696, 29.2339229584, 29.5822219849, 29.9537410736, 30.3020401001, 30.6271190643, 30.9870281219, 31.3469390869, 31.7416782379, 32.0899772644, 32.4382743835, 32.7981834412, 33.204536438, 33.5992736816, 34.0172348022, 34.4351921082, 34.8067131042, 35.1782302856, 35.5381393433, 35.9096603394, 36.2927894592, 36.6643066406, 37.059047699, 37.4305648804, 37.8020858765, 38.1503829956, 38.545124054, 38.9630813599, 39.3810424805, 39.8222198486, 40.1589126587, 40.5420417786, 40.8903388977, 41.2618598938, 41.6101570129, 41.9352378845, 42.2835350037, 42.6318359375, 42.9453048706, 43.4445343018, 43.9321517944, 44.3965530396, 44.86095047, 45.3485717773, 45.8594093323, 46.3238105774, 46.8114280701, 47.3454856873, 47.8563270569, 48.3903846741, 48.8780021667, 49.4352836609, 49.9809532166, 50.5033988953, 51.0606803894, 51.6179580688, 52.1752357483, 52.7092971802, 53.2665748596, 53.8006324768, 54.3579139709, 54.9848518372, 55.6234016418, 56.2387275696, 56.9353294373, 57.6319274902, 58.3285255432, 59.0251235962, 59.7217216492, 60.4183197021, 61.1381378174, 61.8579597473, 62.5893859863, 63.2975959778],
    "bpm_estimates": [107.666015625, 103.359382629, 105.468772888, 109.956756592, 107.666023254, 107.666023254, 112.347175598, 103.359321594, 107.666069031, 112.347129822, 112.347129822, 112.347129822, 112.34703064, 107.666069031, 109.956848145, 105.468788147, 107.665885925, 107.666069031, 107.666069031, 112.34703064, 107.666252136, 112.34703064, 112.34703064, 112.34703064, 112.347427368, 107.665885925, 112.34703064, 112.347427368, 112.347427368, 107.665519714, 109.95665741, 107.665519714, 107.666252136, 107.666252136, 112.346626282, 107.666252136, 112.347427368, 107.665519714],
    "bpm_intervals": [0.557278931141, 0.580498814583, 0.568888783455, 0.545669078827, 0.557278871536, 0.557278871536, 0.53405880928, 0.580499172211, 0.557278633118, 0.534059047699, 0.522449016571, 0.499228954315, 0.534059047699, 0.534059047699, 0.510838508606, 0.534059524536, 0.510838508606, 0.557278633118, 0.487619400024, 0.51083946228, 0.48761844635, 0.51083946228, 0.54566860199, 0.568888664246, 0.557279586792, 0.557278633118, 0.557278633118, 0.534059524536, 0.557277679443, 0.534059524536, 0.51083946228, 0.534059524536, 0.452787399292, 0.522449493408, 0.522449493408, 0.499229431152, 0.499227523804, 0.522449493408, 0.51083946228, 0.534059524536, 0.534057617188, 0.557279586792, 0.534059524536, 0.464399337769, 0.487617492676, 0.487619400024, 0.417959213257, 0.464399337769, 0.441179275513, 0.417959213257, 0.464399337769, 0.464399337769, 0.441179275513, 0.417959213257, 0.394739151001, 0.371519088745, 0.348299026489, 0.371519088745, 0.348299026489, 0.325078964233, 0.359909057617, 0.359910964966, 0.394739151001, 0.348299026489, 0.348297119141, 0.359909057617, 0.406352996826, 0.394737243652, 0.417961120605, 0.417957305908, 0.371520996094, 0.371517181396, 0.359909057617, 0.371520996094, 0.383129119873, 0.371517181396, 0.39474105835, 0.371517181396, 0.371520996094, 0.348297119141, 0.39474105835, 0.417957305908, 0.417961120605, 0.441177368164, 0.336692810059, 0.383129119873, 0.348297119141, 0.371520996094, 0.348297119141, 0.325080871582, 0.348297119141, 0.348300933838, 0.313468933105, 0.499229431152, 0.487617492676, 0.464401245117, 0.46439743042, 0.487621307373, 0.510837554932, 0.464401245117, 0.487617492676, 0.534057617188, 0.510841369629, 0.534057617188, 0.487617492676, 0.557281494141, 0.545669555664, 0.522445678711, 0.557281494141, 0.557277679443, 0.557277679443, 0.534061431885, 0.557277679443, 0.534057617188, 0.557281494141, 0.626937866211, 0.638549804688, 0.615325927734, 0.696601867676, 0.696598052979, 0.696598052979, 0.696598052979, 0.696598052979, 0.696598052979, 0.719818115234, 0.719821929932, 0.731426239014, 0.708209991455],
