{
"metadata": {
    "version": {
        "essentia": "2.1-beta3"
    }
},
"lowLevel": {
    "average_loudness": 0.99068403244,
    "barkbands_kurtosis": {
        "kurt": 1.93449831009,
        "max": 114.53578186,
        "mean": 20.2568569183,
        "median": 1.50883293152,
        "min": -1.59963059425,
        "skew": 1.53337037563,
        "var": 823.57232666
    },
    "barkbands_skewness": {
        "kurt": -1.33505141735,
        "max": 1.37731397152,
        "mean": -2.47394108772,
        "median": -1.36497163773,
        "min": -9.08852863312,
        "skew": -0.357993781567,
        "var": 10.0224580765
    },
    "barkbands_spread": {
        "kurt": -1.73737514019,
        "max": 35.4535903931,
        "mean": 15.528342247,
        "median": 14.376127243,
        "min": 0.766161978245,
        "skew": 0.094791226089,
        "var": 146.969833374
    },
    "dissonance": {
        "kurt": 9.63076114655,
        "max": 0.499515086412,
        "mean": 0.485941976309,
        "median": 0.488806754351,
        "min": 0.406281650066,
        "skew": -2.69771528244,
        "var": 0.000217063730815
    },
    "hfc": {
        "kurt": 0.557621717453,
        "max": 166.884063721,
        "mean": 33.4430999756,
        "median": 6.57481527328,
        "min": 0.0717218518257,
        "skew": 1.25469207764,
        "var": 1946.96948242
    },
    "pitch": {
        "kurt": 3.53895378113,
        "max": 3818.62280273,
        "mean": 715.872741699,
        "median": 395.592315674,
        "min": 94.2091598511,
        "skew": 2.32018494606,
        "var": 1074010.5
    },
    "pitch_instantaneous_confidence": {
        "kurt": -1.70787775517,
        "max": 0.964505255222,
        "mean": 0.598356366158,
        "median": 0.672767758369,
        "min": 0.130146086216,
        "skew": -0.133470326662,
        "var": 0.0952172651887
    },
    "pitch_salience": {
        "kurt": 3.64621925354,
        "max": 0.841815054417,
        "mean": 0.674084424973,
        "median": 0.690290272236,
        "min": 0.304241538048,
        "skew": -1.66085124016,
        "var": 0.00940729212016
    },
    "silence_rate_20dB": {
        "kurt": 0,
        "max": 1,
        "mean": 1,
        "median": 1,
        "min": 1,
        "skew": 0,
        "var": 0
    },
    "silence_rate_30dB": {
        "kurt": 0,
        "max": 1,
        "mean": 1,
        "median": 1,
        "min": 1,
        "skew": 0,
        "var": 0
    },
    "silence_rate_60dB": {
        "kurt": -1.99944460392,
        "max": 1,
        "mean": 0.505882382393,
        "median": 1,
        "min": 0,
        "skew": -0.0235313884914,
        "var": 0.249965265393
    },
    "spectral_centroid": {
        "kurt": -1.77391338348,
        "max": 3676.44506836,
        "mean": 2380.05175781,
        "median": 3007.53320312,
        "min": 675.726013184,
        "skew": -0.196979507804,
        "var": 1124057.625
    },
    "spectral_complexity": {
        "kurt": -1.41508626938,
        "max": 16,
        "mean": 5.45882368088,
        "median": 6,
        "min": 0,
        "skew": 0.245721340179,
        "var": 27.0483055115
    },
    "spectral_crest": {
        "kurt": -1.32857465744,
        "max": 24.3645191193,
        "mean": 11.8064212799,
        "median": 11.0724172592,
        "min": 2.88894605637,
        "skew": 0.364689946175,
        "var": 46.8363876343
    },
    "spectral_decrease": {
        "kurt": 0.609103679657,
        "max": -8.97481568229e-12,
        "mean": -1.81278458911e-09,
        "median": -4.16994772046e-10,
        "min": -9.00171759355e-09,
        "skew": -1.25824999809,
        "var": 5.47095892295e-18
    },
    "spectral_energy": {
        "kurt": 0.589271068573,
        "max": 0.049111418426,
        "mean": 0.00987524911761,
        "median": 0.0021287931595,
        "min": 4.06033977924e-05,
        "skew": 1.25612854958,
        "var": 0.000164522367413
    },
    "spectral_energyband_high": {
        "kurt": 0.265662431717,
        "max": 0.00174145167693,
        "mean": 0.000396848132368,
        "median": 0.000209598205402,
        "min": 2.6657151011e-06,
        "skew": 1.0739480257,
        "var": 2.19948475433e-07
    },
    "spectral_energyband_low": {
        "kurt": 1.53191614151,
        "max": 5.10389400006e-05,
        "mean": 1.45630529005e-05,
        "median": 1.16430646813e-05,
        "min": 4.74797133165e-07,
        "skew": 1.45283448696,
        "var": 1.50317022718e-10
    },
    "spectral_energyband_middle_high": {
        "kurt": 0.623361110687,
        "max": 0.0474394969642,
        "mean": 0.0094015551731,
        "median": 0.0019478618633,
        "min": 2.08134370041e-05,
        "skew": 1.27428269386,
        "var": 0.000155646368512
    },
    "spectral_energyband_middle_low": {
        "kurt": 1.9516620636,
        "max": 0.000735165376682,
        "mean": 0.000183824566193,
        "median": 0.000131485023303,
        "min": 1.47711398313e-05,
        "skew": 1.64068865776,
        "var": 2.84242851478e-08
    },
    "spectral_flatness_db": {
        "kurt": -1.55702221394,
        "max": 0.361435562372,
        "mean": 0.217648267746,
        "median": 0.188491016626,
        "min": 0.0973174870014,
        "skew": 0.235000789165,
        "var": 0.00718138786033
    },
    "spectral_flux": {
        "kurt": -0.827083349228,
        "max": 0.114772230387,
        "mean": 0.0370660685003,
        "median": 0.0316377803683,
        "min": 0.00604593940079,
        "skew": 0.520071387291,
        "var": 0.000893017277122
    },
    "spectral_kurtosis": {
        "kurt": 1.2913403511,
        "max": 11.982131958,
        "mean": 4.89924621582,
        "median": 4.63902616501,
        "min": 1.12282133102,
        "skew": 0.918284296989,
        "var": 4.03327417374
    },
    "spectral_rms": {
        "kurt": -1.10707569122,
        "max": 0.00692196330056,
        "mean": 0.00229661841877,
        "median": 0.00144113542046,
        "min": 0.000199030328076,
        "skew": 0.569593787193,
        "var": 4.35993661085e-06
    },
    "spectral_rolloff": {
        "kurt": 0.149436712265,
        "max": 4478.90625,
        "mean": 3257.59448242,
        "median": 3574.51171875,
        "min": 1291.9921875,
        "skew": -0.947594046593,
        "var": 536870.3125
    },
    "spectral_skewness": {
        "kurt": 2.25128698349,
        "max": 2.58669757843,
        "mean": 1.55999290943,
        "median": 1.54910993576,
        "min": 0.826465964317,
        "skew": 0.604019761086,
        "var": 0.0747409015894
    },
    "spectral_spread": {
        "kurt": 54.7489585876,
        "max": 15153963,
        "mean": 4064429.25,
        "median": 4042110.75,
        "min": 2523208.75,
        "skew": 6.80584383011,
        "var": 1.75678121574e+12
    },
    "spectral_strongpeak": {
        "kurt": -0.0937130451202,
        "max": 22.8838272095,
        "mean": 5.23496389389,
        "median": 1.44802868366,
        "min": 0.00663980422541,
        "skew": 1.00415325165,
        "var": 40.6914978027
    },
    "zerocrossingrate": {
        "kurt": -1.47826206684,
        "max": 0.16796875,
        "mean": 0.118589155376,
        "median": 0.1396484375,
        "min": 0.02197265625,
        "skew": -0.281158924103,
        "var": 0.00160773156676
    },
    "barkbands": {
        "kurt": [68.9967880249, 9.54647064209, 3.45273208618, 11.403878212, 5.62463665009, 4.40626573563, 3.62174272537, 28.6067333221, 30.5444030762, 5.6264667511, 16.9990978241, 13.6476764679, 13.8254165649, 3.86518287659, 2.44286489487, 9.55271530151, 5.47857666016, 4.71234893799, 2.26673746109, 4.7774143219, 3.40685987473, 2.09679603577, 3.11382627487, 0.124327659607, 1.74719572067, 0.943024396896, 71.2455978394],
        "max": [7.0874342839e-08, 7.88624856796e-06, 4.08660780522e-05, 6.27978806733e-05, 6.62657839712e-05, 0.000352144299541, 0.00033291161526, 0.000146887439769, 0.000457257410744, 0.000477557827253, 5.61054730497e-05, 7.37424488761e-05, 4.14947026002e-05, 7.21980832168e-05, 7.68272511777e-05, 0.000278305378743, 0.00177578534931, 0.00420382060111, 0.0430352948606, 0.0145390005782, 0.000344040163327, 0.000109645647171, 0.000267423311016, 3.86922911275e-05, 1.46115053212e-05, 3.95922484131e-07, 2.61208761287e-08],
        "mean": [2.12119477538e-09, 1.24420762404e-06, 8.32946443552e-06, 8.73883618624e-06, 1.38354353112e-05, 5.08129414811e-05, 5.26580915903e-05, 1.1647231986e-05, 2.83916451735e-05, 6.20206701569e-05, 7.70304177422e-06, 9.86147097137e-06, 5.74424984734e-06, 1.19400392578e-05, 1.40530855788e-05, 2.6294901545e-05, 0.000206359633012, 0.00055107427761, 0.00686427718028, 0.00181852525566, 5.47875497432e-05, 1.87259611266e-05, 3.77293472411e-05, 7.85631254985e-06, 2.58131262854e-06, 6.83392258338e-08, 6.25225038409e-10],
        "median": [5.87352666503e-10, 9.37016238822e-07, 5.70915472053e-06, 5.51393259229e-06, 1.09267766675e-05, 1.66766258189e-05, 2.4461915018e-05, 6.9605457611e-06, 1.11649642349e-05, 2.04648385989e-05, 5.20160529049e-06, 6.29475516689e-06, 3.61633465218e-06, 4.01865236199e-06, 5.55499627808e-06, 8.65953006723e-06, 1.84449945664e-05, 5.72420831304e-05, 0.00102182175033, 0.000260477332631, 2.07313532883e-05, 3.57497083314e-06, 5.26476878804e-06, 2.77276080851e-06, 4.38493515276e-07, 1.33258239998e-08, 2.99910513091e-11],
        "min": [6.60947208422e-12, 1.0251842042e-08, 9.85770256534e-08, 2.50060850249e-07, 1.15751890917e-06, 9.57544898483e-07, 1.31759111355e-06, 6.65727895921e-07, 1.06453262561e-06, 8.32360285585e-07, 9.20773459256e-07, 9.14987765555e-07, 6.05767695561e-07, 6.12532119248e-07, 6.51840082355e-07, 9.26094912757e-07, 1.59550927492e-06, 1.93191317521e-06, 1.11054407625e-06, 2.15992781705e-06, 3.85060104691e-07, 1.88367849319e-07, 6.09207262414e-08, 2.2136886102e-08, 4.96201302269e-09, 1.38281108786e-10, 7.26104340364e-15],
        "skew": [8.16682529449, 2.72902965546, 1.72493982315, 2.86870622635, 2.03847670555, 2.16280889511, 1.81510794163, 5.00904798508, 5.25000047684, 2.41401910782, 3.51350164413, 3.11766505241, 3.50030612946, 1.88179945946, 1.72184932232, 3.14254450798, 2.38981509209, 2.08211565018, 1.71876835823, 2.06193137169, 1.68221116066, 1.63881337643, 1.85423707962, 1.11619544029, 1.64640462399, 1.31456124783, 8.35514545441],
        "var": [6.04406315214e-17, 1.74468089715e-12, 6.20650197902e-11, 9.3167792925e-11, 1.2301495933e-10, 5.07840347552e-09, 4.00131838774e-09, 3.80226850005e-10, 3.74454378615e-09, 9.17667541955e-09, 5.90909682296e-11, 1.13815644409e-10, 4.80914405521e-11, 2.0405689638e-10, 3.00060809533e-10, 2.67677036092e-09, 1.3876278615e-07, 7.0578374789e-07, 0.000103320009657, 7.55933842811e-06, 4.64689131618e-09, 7.23059723207e-10, 3.36148442415e-09, 9.93605822619e-11, 1.56048368671e-11, 8.76069575499e-15, 8.18476769994e-18],
        "cov": [[6.11601661577e-17, 4.34330797375e-15, 1.47173295957e-14, 1.40254612259e-14, -5.69087513591e-15, -6.32086275139e-14, -6.37519822089e-14, -1.41808375616e-14, -3.65242843023e-14, -7.82899271671e-14, -4.58154784862e-15, -1.0014975367e-14, -5.15737948089e-15, -1.29638595865e-14, -1.87529401458e-14, -3.75556722765e-14, -2.66973400852e-13, -6.82902790306e-13, -8.28995032343e-12, -2.04770033395e-12, -3.00108313309e-14, -2.53493261131e-14, -4.85340730821e-14, -7.56695443474e-15, -3.50330243534e-15, -7.03271802294e-17, 2.10063409913e-17], [4.34330797375e-15, 1.76545084975e-12, 4.40026834414e-12, 1.93819071036e-12, 4.35888738298e-12, 5.83661417808e-12, 2.26577675892e-12, 2.9680121208e-12, 2.12941955735e-11, 4.92077472519e-12, -3.21698884979e-13, 1.09073058745e-12, 3.04053895776e-12, 2.11166999685e-12, -7.13433598223e-13, -2.96867782093e-12, -3.06800158195e-12, -6.93373622407e-11, -1.17120479981e-09, -1.46898646025e-10, -6.07161803473e-12, -4.00942679665e-13, 1.32393369271e-12, -4.66169800244e-13, -3.11158163038e-13, -6.73466113131e-15, 1.67047962682e-15], [1.47173295957e-14, 4.40026834414e-12, 6.28038870909e-11, 3.52581644436e-11, 1.50545582944e-11, 4.52347881374e-12, -6.29487130824e-12, 8.79366197915e-12, 5.46264249113e-11, 7.59455692778e-12, -7.89638927162e-12, -1.09713887281e-11, 7.23821219975e-12, 3.45806586491e-12, -3.58479782317e-12, -3.68801933437e-11, -1.60816374106e-10, 5.11984010743e-10, -1.62561619721e-09, 9.97660509761e-10, -3.98707247773e-11, 1.3242362068e-11, 6.57660523262e-11, -5.57468611204e-12, -7.42683028249e-14, 6.89510162291e-14, 5.68055403944e-15], [1.40254612259e-14, 1.93819071036e-12, 3.52581644436e-11, 9.42769334822e-11, 1.84394444158e-11, -7.75751268778e-11, -8.36458333153e-11, 1.8912827901e-11, 2.6412336207e-10, 7.3740853701e-11, -5.32741732673e-12, -1.35696087613e-12, 2.46445936575e-11, -7.59826229713e-12, -1.28760517873e-11, -6.06830861602e-12, -6.63320676164e-10, -5.99404526014e-10, -8.35793123599e-09, -4.2003751588e-09, -5.20236492774e-11, -2.77354406802e-11, -9.42390054881e-11, -1.69869361633e-11, -5.94287032779e-12, -5.18283434562e-14, 5.0366874503e-15], [-5.69087513591e-15, 4.35888738298e-12, 1.50545582944e-11, 1.84394444158e-11, 1.24479426766e-10, 1.12946499375e-10, -7.9893756541e-12, 6.02402763089e-12, 3.46738804335e-10, 5.38159898589e-11, 5.52687344675e-13, 2.57752846844e-11, 4.24687784939e-11, 4.12321704557e-11, 1.88502997933e-11, -4.14666044557e-12, -3.06548980644e-10, 1.36731514999e-09, -1.70021596801e-08, -3.90883148071e-09, -6.82840936572e-11, 2.06936551228e-11, -4.83547160646e-11, -5.73754932454e-12, -1.34786268518e-12, -8.99818007648e-14, -2.91512381556e-15], [-6.32086275139e-14, 5.83661417808e-12, 4.52347881374e-12, -7.75751268778e-11, 1.12946499375e-10, 5.13886044828e-09, 3.57013374419e-09, -7.81397793692e-11, 2.93949364849e-10, 1.87471238533e-09, -3.03140429425e-11, 2.93503860105e-10, 8.95584786886e-11, 6.90007662119e-10, 7.97727495172e-10, 6.88431367468e-10, 9.57337409346e-09, 3.91964256607e-08, 3.5296710621e-07, 1.28723385728e-07, 1.05786224225e-09, 1.2595732235e-09, 2.26008678439e-09, 4.79603856629e-10, 2.05548023047e-10, 4.07488149126e-12, 5.62471550998e-15], [-6.37519822089e-14, 2.26577675892e-12, -6.29487130824e-12, -8.36458333153e-11, -7.9893756541e-12, 3.57013374419e-09, 4.04895317274e-09, -1.03158634412e-10, 2.86373341707e-10, 1.99874872209e-09, 1.51759479983e-10, 3.82114229147e-10, 7.90821852448e-11, 5.66455549134e-10, 5.3488835583e-10, 6.56244558694e-10, 7.54496021216e-09, 2.69998334801e-08, 2.84509042103e-07, 9.82507657454e-08, 1.57563584402e-09, 9.51761114365e-10, 1.69904301739e-09, 3.72445657648e-10, 1.69681851903e-10, 2.74643393965e-12, -6.81094534206e-16], [-1.41808375616e-14, 2.9680121208e-12, 8.79366197915e-12, 1.8912827901e-11, 6.02402763089e-12, -7.81397793692e-11, -1.03158634412e-10, 3.84753340299e-10, 3.09464953663e-10, -7.5817761791e-11, 1.0591141679e-11, 2.2129560337e-11, 2.27276183984e-11, -1.141814681e-11, -2.41567512521e-11, -8.94062948675e-11, -9.22679821436e-10, -1.13069964502e-09, -3.48447031229e-08, -7.70564145824e-09, -2.33558478113e-10, -4.3069322414e-11, -1.59686680545e-10, -3.24166839205e-11, -1.02122294995e-11, -2.96315896082e-13, -4.83597875829e-15], [-3.65242843023e-14, 2.12941955735e-11, 5.46264249113e-11, 2.6412336207e-10, 3.46738804335e-10, 2.93949364849e-10, 2.86373341707e-10, 3.09464953663e-10, 3.78912190513e-09, 5.97194405039e-10, 3.76957250137e-11, 3.13468140334e-10, 3.57929352823e-10, 1.48487638851e-10, -1.29782903174e-11, -7.05361324904e-11, -2.03938066434e-09, -2.75180722653e-09, -8.92012792519e-08, -2.38135626773e-08, -5.40262057314e-10, 2.35398870535e-11, -4.15307871426e-10, -6.98209962069e-11, -1.76107999711e-11, -8.71857707557e-13, -9.35617177537e-15], [-7.82899271671e-14, 4.92077472519e-12, 7.59455692778e-12, 7.3740853701e-11, 5.38159898589e-11, 1.87471238533e-09, 1.99874872209e-09, -7.5817761791e-11, 5.97194405039e-10, 9.28592136518e-09, -5.94562662992e-11, 2.13453657527e-10, 1.22917481749e-10, 6.38336439263e-10, 6.90042856188e-10, 2.29159469178e-09, 1.80574701858e-08, 2.46302587215e-08, 4.1210230961e-07, 5.50272396538e-08, 1.91479609946e-09, 8.72964256438e-10, 2.97093882828e-09, 1.95869057085e-10, 1.61729477033e-10, 4.24386827763e-12, -1.04960672112e-14], [-4.58154784862e-15, -3.21698884979e-13, -7.89638927162e-12, -5.32741732673e-12, 5.52687344675e-13, -3.03140429425e-11, 1.51759479983e-10, 1.0591141679e-11, 3.76957250137e-11, -5.94562662992e-11, 5.97944263547e-11, 1.37263906838e-11, 9.88399986857e-12, -5.6710643126e-12, -8.29055227247e-12, -2.43625414981e-11, -4.28907909189e-10, -6.25235196949e-10, -6.69756028415e-09, -1.72579106561e-09, 1.35164476833e-10, -9.2279829611e-12, -8.170145116e-11, 3.14626168001e-12, -3.79396991254e-12, -1.51060736728e-13, -2.6069232544e-15], [-1.0014975367e-14, 1.09073058745e-12, -1.09713887281e-11, -1.35696087613e-12, 2.57752846844e-11, 2.93503860105e-10, 3.82114229147e-10, 2.2129560337e-11, 3.13468140334e-10, 2.13453657527e-10, 1.37263906838e-11, 1.15170595283e-10, 4.03215759393e-11, 7.99043609057e-11, 6.2298062542e-11, 3.67598659845e-11, 1.2799213911e-09, 3.04252667505e-09, 1.63341766779e-08, 6.84460532696e-09, 1.32893640536e-10, 1.33758087939e-10, 1.37952135826e-10, 3.42007672183e-11, 1.56988970434e-11, 1.86914841786e-13, -2.41414660242e-15], [-5.15737948089e-15, 3.04053895776e-12, 7.23821219975e-12, 2.46445936575e-11, 4.24687784939e-11, 8.95584786886e-11, 7.90821852448e-11, 2.27276183984e-11, 3.57929352823e-10, 1.22917481749e-10, 9.88399986857e-12, 4.03215759393e-11, 4.86639548103e-11, 3.74858581675e-11, 2.05615871551e-11, 6.67999475179e-11, -9.25479831659e-11, 6.72806810265e-10, -8.2474862495e-09, -2.45366860163e-09, -2.40429690046e-11, 2.35429037376e-11, -3.80332432215e-11, -3.32672539689e-12, 3.44903305135e-13, -7.44420123417e-14, -1.57358265754e-15], [-1.29638595865e-14, 2.11166999685e-12, 3.45806586491e-12, -7.59826229713e-12, 4.12321704557e-11, 6.90007662119e-10, 5.66455549134e-10, -1.141814681e-11, 1.48487638851e-10, 6.38336439263e-10, -5.6710643126e-12, 7.99043609057e-11, 3.74858581675e-11, 2.06486147625e-10, 1.59835727986e-10, 3.19029941354e-10, 2.68100097678e-09, 8.18237033684e-09, 7.91069680872e-08, 2.02199039734e-08, 2.58554150312e-10, 2.54592680271e-10, 4.53489440444e-10, 7.4435554942e-11, 3.66764257853e-11, 6.27182008585e-13, -3.18068117796e-17], [-1.87529401458e-14, -7.13433598223e-13, -3.58479782317e-12, -1.28760517873e-11, 1.88502997933e-11, 7.97727495172e-10, 5.3488835583e-10, -2.41567512521e-11, -1.29782903174e-11, 6.90042856188e-10, -8.29055227247e-12, 6.2298062542e-11, 2.05615871551e-11, 1.59835727986e-10, 3.03632952114e-10, 4.43751924095e-10, 2.53211673851e-09, 1.14045288768e-08, 6.80368827943e-08, 2.85226722241e-08, 3.92473553656e-10, 3.2975777664e-10, 5.42323297381e-10, 9.45475781e-11, 3.71550221145e-11, 1.05590037582e-12, -8.9893457346e-16], [-3.75556722765e-14, -2.96867782093e-12, -3.68801933437e-11, -6.06830861602e-12, -4.14666044557e-12, 6.88431367468e-10, 6.56244558694e-10, -8.94062948675e-11, -7.05361324904e-11, 2.29159469178e-09, -2.43625414981e-11, 3.67598659845e-11, 6.67999475179e-11, 3.19029941354e-10, 4.43751924095e-10, 2.70863687035e-09, 2.97398505822e-09, 1.10396012332e-08, 1.65711895761e-07, 1.82018062844e-08, 7.38329952732e-10, 2.34734287563e-10, 4.53457965621e-10, 3.72231238888e-11, 6.63317317739e-11, 1.30940896147e-12, -5.11225761227e-15], [-2.66973400852e-13, -3.06800158195e-12, -1.60816374106e-10, -6.63320676164e-10, -3.06548980644e-10, 9.57337409346e-09, 7.54496021216e-09, -9.22679821436e-10, -2.03938066434e-09, 1.80574701858e-08, -4.28907909189e-10, 1.2799213911e-09, -9.25479831659e-11, 2.68100097678e-09, 2.53211673851e-09, 2.97398505822e-09, 1.40414726957e-07, 1.47210030832e-07, 2.28899079957e-06, 4.41489476088e-07, 1.27368018354e-08, 5.01666264086e-09, 1.56431525511e-08, 2.29390040296e-09, 9.0105334305e-10, 2.17812851089e-11, -5.00321609636e-15], [-6.82902790306e-13, -6.93373622407e-11, 5.11984010743e-10, -5.99404526014e-10, 1.36731514999e-09, 3.91964256607e-08, 2.69998334801e-08, -1.13069964502e-09, -2.75180722653e-09, 2.46302587215e-08, -6.25235196949e-10, 3.04252667505e-09, 6.72806810265e-10, 8.18237033684e-09, 1.14045288768e-08, 1.10396012332e-08, 1.47210030832e-07, 7.14185887318e-07, 4.0022309804e-06, 1.27606767819e-06, 1.68034794967e-08, 1.84359230104e-08, 2.78452976232e-08, 4.85868723032e-09, 2.2412509626e-09, 5.6357567918e-11, 1.38066641453e-14], [-8.28995032343e-12, -1.17120479981e-09, -1.62561619721e-09, -8.35793123599e-09, -1.70021596801e-08, 3.5296710621e-07, 2.84509042103e-07, -3.48447031229e-08, -8.92012792519e-08, 4.1210230961e-07, -6.69756028415e-09, 1.63341766779e-08, -8.2474862495e-09, 7.91069680872e-08, 6.80368827943e-08, 1.65711895761e-07, 2.28899079957e-06, 4.0022309804e-06, 0.000104550003016, 1.54574172484e-05, 3.55330570301e-07, 1.71030208662e-07, 3.71629681695e-07, 6.51373994742e-08, 2.75805440708e-08, 6.84989787114e-10, 2.00970468565e-12], [-2.04770033395e-12, -1.46898646025e-10, 9.97660509761e-10, -4.2003751588e-09, -3.90883148071e-09, 1.28723385728e-07, 9.82507657454e-08, -7.70564145824e-09, -2.38135626773e-08, 5.50272396538e-08, -1.72579106561e-09, 6.84460532696e-09, -2.45366860163e-09, 2.02199039734e-08, 2.85226722241e-08, 1.82018062844e-08, 4.41489476088e-07, 1.27606767819e-06, 1.54574172484e-05, 7.64933065511e-06, 6.75204816503e-08, 4.54978028586e-08, 1.14015989539e-07, 2.02566035057e-08, 6.61968613258e-09, 1.84965417982e-10, 3.80874368502e-13], [-3.00108313309e-14, -6.07161803473e-12, -3.98707247773e-11, -5.20236492774e-11, -6.82840936572e-11, 1.05786224225e-09, 1.57563584402e-09, -2.33558478113e-10, -5.40262057314e-10, 1.91479609946e-09, 1.35164476833e-10, 1.32893640536e-10, -2.40429690046e-11, 2.58554150312e-10, 3.92473553656e-10, 7.38329952732e-10, 1.27368018354e-08, 1.68034794967e-08, 3.55330570301e-07, 6.75204816503e-08, 4.70221150906e-09, 6.0349381048e-10, 1.68135139145e-09, 4.62597238293e-10, 8.47041672913e-11, 2.90011807971e-12, -3.15664297849e-15], [-2.53493261131e-14, -4.00942679665e-13, 1.3242362068e-11, -2.77354406802e-11, 2.06936551228e-11, 1.2595732235e-09, 9.51761114365e-10, -4.3069322414e-11, 2.35398870535e-11, 8.72964256438e-10, -9.2279829611e-12, 1.33758087939e-10, 2.35429037376e-11, 2.54592680271e-10, 3.2975777664e-10, 2.34734287563e-10, 5.01666264086e-09, 1.84359230104e-08, 1.71030208662e-07, 4.54978028586e-08, 6.0349381048e-10, 7.31667615383e-10, 1.08829656398e-09, 1.77384981703e-10, 7.7585639302e-11, 1.98571280946e-12, 3.06918280328e-15], [-4.85340730821e-14, 1.32393369271e-12, 6.57660523262e-11, -9.42390054881e-11, -4.83547160646e-11, 2.26008678439e-09, 1.69904301739e-09, -1.59686680545e-10, -4.15307871426e-10, 2.97093882828e-09, -8.170145116e-11, 1.37952135826e-10, -3.80332432215e-11, 4.53489440444e-10, 5.42323297381e-10, 4.53457965621e-10, 1.56431525511e-08, 2.78452976232e-08, 3.71629681695e-07, 1.14015989539e-07, 1.68135139145e-09, 1.08829656398e-09, 3.40150196898e-09, 3.95763505301e-10, 1.48264539535e-10, 4.20521300074e-12, 4.6517605272e-15], [-7.56695443474e-15, -4.66169800244e-13, -5.57468611204e-12, -1.69869361633e-11, -5.73754932454e-12, 4.79603856629e-10, 3.72445657648e-10, -3.24166839205e-11, -6.98209962069e-11, 1.95869057085e-10, 3.14626168001e-12, 3.42007672183e-11, -3.32672539689e-12, 7.4435554942e-11, 9.45475781e-11, 3.72231238888e-11, 2.29390040296e-09, 4.85868723032e-09, 6.51373994742e-08, 2.02566035057e-08, 4.62597238293e-10, 1.77384981703e-10, 3.95763505301e-10, 1.00543448567e-10, 2.642525955e-11, 6.54603866772e-13, 7.27749585397e-16], [-3.50330243534e-15, -3.11158163038e-13, -7.42683028249e-14, -5.94287032779e-12, -1.34786268518e-12, 2.05548023047e-10, 1.69681851903e-10, -1.02122294995e-11, -1.76107999711e-11, 1.61729477033e-10, -3.79396991254e-12, 1.56988970434e-11, 3.44903305135e-13, 3.66764257853e-11, 3.71550221145e-11, 6.63317317739e-11, 9.0105334305e-10, 2.2412509626e-09, 2.75805440708e-08, 6.61968613258e-09, 8.47041672913e-11, 7.7585639302e-11, 1.48264539535e-10, 2.642525955e-11, 1.57906084042e-11, 2.71867218408e-13, 2.95001326147e-16], [-7.03271802294e-17, -6.73466113131e-15, 6.89510162291e-14, -5.18283434562e-14, -8.99818007648e-14, 4.07488149126e-12, 2.74643393965e-12, -2.96315896082e-13, -8.71857707557e-13, 4.24386827763e-12, -1.51060736728e-13, 1.86914841786e-13, -7.44420123417e-14, 6.27182008585e-13, 1.05590037582e-12, 1.30940896147e-12, 2.17812851089e-11, 5.6357567918e-11, 6.84989787114e-10, 1.84965417982e-10, 2.90011807971e-12, 1.98571280946e-12, 4.20521300074e-12, 6.54603866772e-13, 2.71867218408e-13, 8.86498922772e-15, 1.89385598591e-17], [2.10063409913e-17, 1.67047962682e-15, 5.68055403944e-15, 5.0366874503e-15, -2.91512381556e-15, 5.62471550998e-15, -6.81094534206e-16, -4.83597875829e-15, -9.35617177537e-15, -1.04960672112e-14, -2.6069232544e-15, -2.41414660242e-15, -1.57358265754e-15, -3.18068117796e-17, -8.9893457346e-16, -5.11225761227e-15, -5.00321609636e-15, 1.38066641453e-14, 2.00970468565e-12, 3.80874368502e-13, -3.15664297849e-15, 3.06918280328e-15, 4.6517605272e-15, 7.27749585397e-16, 2.95001326147e-16, 1.89385598591e-17, 8.28220544019e-18]]
    },
    "mfcc": {
        "kurt": [-1.64233338833, -1.68054664135, -0.129233121872, -1.41475057602, 0.193464994431, -1.38119149208, 1.94498205185, -0.0817337036133, -1.14568948746, -0.0169713497162, -0.872191429138, -0.507546901703, -0.3848965168],
        "max": [-670.704345703, 137.989257812, -15.14503479, 86.5550308228, 1.89868927002, 4.89586639404, 36.3124427795, 29.3887844086, 13.5757789612, 26.2618751526, 4.70573043823, 14.0996742249, 22.9206562042],
        "mean": [-787.145935059, 64.722694397, -51.2160148621, 50.0109825134, -23.4419326782, -32.9104919434, 3.0880112648, 1.94838154316, -16.6255512238, 1.4840940237, -10.2497262955, -9.01562690735, -1.49487328529],
        "median": [-765.328674316, 55.2122993469, -52.7744560242, 46.8826599121, -22.4163246155, -36.7971000671, 1.87292861938, 0.367713928223, -20.328660965, 2.68562316895, -9.72661018372, -8.17343521118, -2.764503479],
        "min": [-922.637084961, -17.5609016418, -91.7265930176, 17.2476997375, -49.38722229, -62.9099693298, -14.9450378418, -21.1558227539, -47.9722480774, -32.0174789429, -29.1792449951, -31.0442352295, -19.3605232239],
        "skew": [-0.07864087075, -0.0491011105478, -0.213181033731, 0.0566675849259, -0.383700966835, 0.163562357426, 1.19544696808, 0.480887889862, 0.0698188096285, -0.433335274458, -0.170035555959, -0.0955244749784, 0.36981394887],
        "var": [6498.13476562, 2596.0793457, 241.737960815, 426.840576172, 99.7160186768, 356.207550049, 100.44418335, 103.081756592, 243.556274414, 144.663406372, 65.0098953247, 91.5924072266, 86.1664962769],
        "cov": [[6575.49316406, -3856.02416992, -840.831848145, 1489.37634277, 5.5441198349, -1342.19873047, 89.7617950439, 501.55291748, -1053.99572754, 671.963806152, -217.872634888, -353.696350098, 507.836212158], [-3856.02416992, 2626.98510742, 505.495635986, -961.877502441, -33.7184333801, 887.369812012, -101.505989075, -276.632293701, 670.672180176, -362.048919678, 172.15447998, 181.109786987, -332.9402771], [-840.831848145, 505.495635986, 244.61579895, -155.208709717, -7.48488140106, 174.768981934, 36.7169189453, -76.4432220459, 118.982383728, -71.3210449219, 41.7728996277, 80.3881759644, -85.1977920532], [1489.37634277, -961.877502441, -155.208709717, 431.922027588, 26.4838695526, -340.696228027, 60.5331916809, 107.246765137, -268.306091309, 165.316055298, -60.488735199, -79.884475708, 120.966461182], [5.5441198349, -33.7184333801, -7.48488140106, 26.4838695526, 100.903114319, 15.7275724411, -19.4515609741, 20.3488445282, 20.2194919586, -4.0659236908, 1.61623728275, -16.0962085724, 22.0687007904], [-1342.19873047, 887.369812012, 174.768981934, -340.696228027, 15.7275724411, 360.448120117, -40.7136192322, -80.7398376465, 251.107788086, -134.711578369, 61.473400116, 61.9316062927, -107.154808044], [89.7617950439, -101.505989075, 36.7169189453, 60.5331916809, -19.4515609741, -40.7136192322, 101.639953613, 0.022924060002, -39.6832504272, 48.1137504578, -12.2505512238, 28.7723007202, -4.17912530899], [501.55291748, -276.632293701, -76.4432220459, 107.246765137, 20.3488445282, -80.7398376465, 0.022924060002, 104.308921814, -51.8548927307, 52.9658889771, -13.5617675781, -34.4822921753, 42.2881278992], [-1053.99572754, 670.672180176, 118.982383728, -268.306091309, 20.2194919586, 251.107788086, -39.6832504272, -51.8548927307, 246.455749512, -112.922279358, 32.7734336853, 58.350730896, -72.893951416], [671.963806152, -362.048919678, -71.3210449219, 165.316055298, -4.0659236908, -134.711578369, 48.1137504578, 52.9658889771, -112.922279358, 146.3855896, -11.6179733276, -24.3292331696, 56.2126541138], [-217.872634888, 172.15447998, 41.7728996277, -60.488735199, 1.61623728275, 61.473400116, -12.2505512238, -13.5617675781, 32.7734336853, -11.6179733276, 65.7838287354, 14.7934541702, -14.4504117966], [-353.696350098, 181.109786987, 80.3881759644, -79.884475708, -16.0962085724, 61.9316062927, 28.7723007202, -34.4822921753, 58.350730896, -24.3292331696, 14.7934541702, 92.6827926636, -31.1457195282], [507.836212158, -332.9402771, -85.1977920532, 120.966461182, 22.0687007904, -107.154808044, -4.17912530899, 42.2881278992, -72.893951416, 56.2126541138, -14.4504117966, -31.1457195282, 87.1922912598]]
    },
    "sccoeffs": {
        "kurt": [1.13601255417, -0.452686548233, -0.193407535553, -0.924465417862, -1.64564085007, -1.02996277809],
        "max": [-0.532881259918, -0.635462582111, -0.656987905502, -0.70020121336, -0.371522992849, -0.666900753975],
        "mean": [-0.699650466442, -0.79082262516, -0.804679512978, -0.807128608227, -0.660839736462, -0.752385735512],
        "median": [-0.702877700329, -0.802308082581, -0.815586388111, -0.822828769684, -0.700066268444, -0.759791254997],
        "min": [-0.789573311806, -0.894707858562, -0.913156330585, -0.894259989262, -0.875826716423, -0.861491858959],
        "skew": [0.738276600838, 0.525047123432, 0.714098572731, 0.405646443367, 0.171769633889, 0.0640119835734],
        "var": [0.00231252470985, 0.00377440382726, 0.00343970418908, 0.00294024311006, 0.0299283172935, 0.0019897154998],
        "cov": [[0.00234005483799, -0.00041560898535, 0.000414699403336, 8.56092228787e-05, 0.000368134962628, 0.0002533820807], [-0.00041560898535, 0.00381933711469, 0.00131872668862, 0.00213130214252, 0.00806866213679, 0.00184864900075], [0.000414699403336, 0.00131872668862, 0.0034806530457, 0.00192220753524, 0.00595436990261, 0.0013558389619], [8.56092228787e-05, 0.00213130214252, 0.00192220753524, 0.00297524593771, 0.00719980662689, 0.00136636535171], [0.000368134962628, 0.00806866213679, 0.00595436990261, 0.00719980662689, 0.0302846059203, 0.00669426564127], [0.0002533820807, 0.00184864900075, 0.0013558389619, 0.00136636535171, 0.00669426564127, 0.00201340252534]]
    },
    "scvalleys": {
        "kurt": [0.85958480835, 0.14534330368, 0.859019041061, -0.0958244800568, -0.363428592682, -1.51066064835],
        "max": [-7.81917858124, -6.35939073563, -6.68009567261, -7.46402072906, -6.91300344467, -9.08015441895],
        "mean": [-8.66362762451, -7.37257575989, -7.64106893539, -8.38912010193, -8.35534381866, -10.5370140076],
        "median": [-8.61110496521, -7.41526651382, -7.65008020401, -8.45146083832, -8.45263290405, -10.1721639633],
        "min": [-10.1367578506, -8.33788585663, -8.39724349976, -9.11677837372, -9.31639671326, -11.8580560684],
        "skew": [-0.809995353222, 0.250198662281, 0.494567245245, 0.466199100018, 0.559821784496, -0.045240662992],
        "var": [0.210926130414, 0.139643639326, 0.103570848703, 0.123970411718, 0.288644015789, 0.667325079441],
        "cov": [[0.213437154889, 0.0223714169115, -0.00157473480795, 0.0141872223467, -0.00301590375602, 0.00135575304739], [0.0223714169115, 0.141306057572, 0.0550581216812, 0.0594833344221, 0.0925115048885, 0.0877798721194], [-0.00157473480795, 0.0550581216812, 0.104803837836, 0.0584168434143, 0.0956661328673, 0.0889948457479], [0.0141872223467, 0.0594833344221, 0.0584168434143, 0.125446245074, 0.090895794332, 0.120947994292], [-0.00301590375602, 0.0925115048885, 0.0956661328673, 0.090895794332, 0.292080253363, 0.309483677149], [0.00135575304739, 0.0877798721194, 0.0889948457479, 0.120947994292, 0.309483677149, 0.675269424915]]
    }
},
"rhythm": {
    "beats_loudness": {
        "kurt": -0.97005200386,
        "max": 0.034907117486,
        "mean": 0.0147919151932,
        "median": 0.0157040525228,
        "min": 0.000256164988969,
        "skew": 0.454327613115,
        "var": 0.000147056925925
    },
    "bpm": 184.570327759,
    "confidence": 0,
    "first_peak_bpm": {
        "kurt": 0,
        "max": 185,
        "mean": 185,
        "median": 185,
        "min": 185,
        "skew": 0,
        "var": 0
    },
    "first_peak_spread": {
        "kurt": 0,
        "max": 0,
        "mean": 0,
        "median": 0,
        "min": 0,
        "skew": 0,
        "var": 0
    },
    "first_peak_weight": {
        "kurt": 0,
        "max": 0.5,
        "mean": 0.5,
        "median": 0.5,
        "min": 0.5,
        "skew": 0,
        "var": 0
    },
    "onset_rate": 2.56449007988,
    "second_peak_bpm": {
        "kurt": 0,
        "max": 191,
        "mean": 191,
        "median": 191,
        "min": 191,
        "skew": 0,
        "var": 0
    },
    "second_peak_spread": {
        "kurt": 0,
        "max": 0,
        "mean": 0,
        "median": 0,
        "min": 0,
        "skew": 0,
        "var": 0
    },
    "second_peak_weight": {
        "kurt": 0,
        "max": 0.25,
        "mean": 0.25,
        "median": 0.25,
        "min": 0.25,
        "skew": 0,
        "var": 0
    },
    "beats_loudness_band_ratio": {
        "kurt": [0.239225625992, 0.153600215912, 0.237761259079, 0.188651800156, -1.33743655682, -0.522533655167],
        "max": [0.286889344454, 0.0473702587187, 0.333144277334, 0.147223114967, 0.459318399429, 0.926374435425],
        "mean": [0.0613019540906, 0.0135779436678, 0.0755440592766, 0.036542467773, 0.252304404974, 0.582747340202],
        "median": [0.00385307776742, 0.00593523494899, 0.0113532291725, 0.0090231122449, 0.24374563992, 0.606041431427],
        "min": [0.00051223160699, 0.00157587276772, 0.00294066942297, 0.00145180441905, 0.0251311752945, 0.0518601089716],
        "skew": [1.49217700958, 1.42780089378, 1.49099671841, 1.45611286163, -0.0914235413074, -0.790975093842],
        "var": [0.0127493990585, 0.000291147327516, 0.0166297592223, 0.00309977913275, 0.0242121778429, 0.0874227657914],
        "cov": [[0.015936749056, 0.00238182255998, 0.018199423328, 0.0078002307564, -0.00785039365292, -0.0367686748505], [0.00238182255998, 0.000363934144843, 0.00272434717044, 0.00117416982539, -0.00106329552364, -0.00560926878825], [0.018199423328, 0.00272434717044, 0.0207871980965, 0.00891669187695, -0.00908640027046, -0.0418744944036], [0.0078002307564, 0.00117416982539, 0.00891669187695, 0.00387472379953, -0.00398705573753, -0.0178070068359], [-0.00785039365292, -0.00106329552364, -0.00908640027046, -0.00398705573753, 0.0302652232349, -0.00724500231445], [-0.0367686748505, -0.00560926878825, -0.0418744944036, -0.0178070068359, -0.00724500231445, 0.109278455377]]
    },
    "beats_position": [0.336689323187, 0.66176867485, 0.96362811327, 1.27709746361, 1.60217678547],
    "bpm_estimates": [184.5703125, 184.570343018],
    "bpm_intervals": [0.325079351664, 0.301859438419, 0.313469350338, 0.325079321861],
    "onset_times": [0.0116099771112, 0.348299324512, 0.568888902664, 0.684988677502, 0.847528338432],
    "histogram": [[0, 0, 0, 0, 0, 0, 0, 0, 0, 0, 0, 0, 0, 0, 0, 0, 0, 0, 0, 0, 0, 0, 0, 0, 0, 0, 0, 0, 0, 0, 0, 0, 0, 0, 0, 0, 0, 0, 0, 0, 0, 0, 0, 0, 0, 0, 0, 0, 0, 0, 0, 0, 0, 0, 0, 0, 0, 0, 0, 0, 0, 0, 0, 0, 0, 0, 0, 0, 0, 0, 0, 0, 0, 0, 0, 0, 0, 0, 0, 0, 0, 0, 0, 0, 0, 0, 0, 0, 0, 0, 0, 0, 0, 0, 0, 0, 0, 0, 0, 0, 0, 0, 0, 0, 0, 0, 0, 0, 0, 0, 0, 0, 0, 0, 0, 0, 0, 0, 0, 0, 0, 0, 0, 0, 0, 0, 0, 0, 0, 0, 0, 0, 0, 0, 0, 0, 0, 0, 0, 0, 0, 0, 0, 0, 0, 0, 0, 0, 0, 0, 0, 0, 0, 0, 0, 0, 0, 0, 0, 0, 0, 0, 0, 0, 0, 0, 0, 0, 0, 0, 0, 0, 0, 0, 0, 0, 0, 0, 0, 0, 0, 0, 0, 0, 0, 0.5, 0, 0, 0, 0, 0, 0.25, 0, 0, 0, 0, 0, 0, 0, 0.25, 0, 0, 0, 0, 0, 0, 0, 0, 0, 0, 0, 0, 0, 0, 0, 0, 0, 0, 0, 0, 0, 0, 0, 0, 0, 0, 0, 0, 0, 0, 0, 0, 0, 0, 0, 0, 0, 0, 0, 0, 0, 0, 0, 0, 0, 0, 0, 0, 0, 0]]
},
"sfx": {
    "inharmonicity": {
        "kurt": 0.0218372344971,
        "max": 0.427627503872,
        "mean": 0.127207562327,
        "median": 0.0982696190476,
        "min": 0,
        "skew": 0.916513860226,
        "var": 0.0121315112337
    },
    "oddtoevenharmonicenergyratio": {
        "kurt": 30.4897155762,
        "max": 14.6980495453,
        "mean": 1.32729589939,
        "median": 0.880569756031,
        "min": 0,
        "skew": 4.73045349121,
        "var": 3.37482309341
    },
    "pitch_after_max_to_before_max_energy_ratio": 8.26191234589,
    "pitch_centroid": 42.1135101318,
    "pitch_max_to_total": 0.176470592618,
    "pitch_min_to_total": 0.89411765337,
    "tristimulus": {
        "kurt": [2.24983930588, -1.33806395531, -0.660593032837],
        "max": [1, 0.470803141594, 0.962975978851],
        "mean": [0.206523492932, 0.163000226021, 0.630476176739],
        "median": [0.0665222778916, 0.0714505985379, 0.659564316273],
        "min": [0, 0, 0],
        "skew": [1.92051839828, 0.497421830893, -0.711264669895],
        "var": [0.0949642434716, 0.0224984493107, 0.10004927963],
        "cov": [[0.0960947647691, -0.0088103460148, -0.0872844085097], [-0.0088103460148, 0.0227662883699, -0.0139559293166], [-0.0872844085097, -0.0139559293166, 0.101240336895]]
    }
},
"tonal": {
    "chords_changes_rate": 0.0232558138669,
    "chords_number_rate": 0.0465116277337,
    "chords_strength": {
        "kurt": -0.741076469421,
        "max": 0.571904182434,
        "mean": 0.440991461277,
        "median": 0.430726647377,
        "min": 0.355324596167,
        "skew": 0.384021162987,
        "var": 0.00374091463163
    },
    "key_strength": 0.416065692902,
    "tuning_diatonic_strength": 0.494632661343,
    "tuning_equal_tempered_deviation": 0.20684479177,
    "tuning_frequency": 444.855529785,
    "tuning_nontempered_energy_ratio": 0.772967219353,
    "hpcp": {
        "kurt": [-1.5245898962, -1.13334548473, 2.00568294525, 0.613957643509, 1.55200195312, 4.0969171524, 1.28697776794, 6.47600364685, 1.12498188019, 3.45650863647, 2.41933441162, 1.61739015579, 2.1758389473, 1.46782016754, 1.18470573425, 3.68340349197, 0.65064740181, 0.397827386856, 1.60208892822, 4.16489744186, -0.323018074036, 2.65013074875, 5.16700839996, 0.714339256287, 2.62213134766, 0.0140535831451, 0.212009906769, -0.0358915328979, 2.41226863861, 1.7903585434, -1.33510112762, -0.892065286636, 0.329977273941, 2.92600297928, 1.9786772728, 0.921006441116],
        "max": [1, 0.81814956665, 1, 0.911821901798, 0.723511338234, 1, 1, 1, 0.619023144245, 0.935715019703, 1, 0.910294115543, 1, 1, 0.929685473442, 1, 0.837231397629, 1, 1, 1, 0.440920203924, 0.552811145782, 0.795612037182, 0.805515885353, 1, 0.788634538651, 1, 0.947875499725, 0.801176309586, 1, 1, 1, 1, 1, 0.782744705677, 0.90745806694],
        "mean": [0.494529932737, 0.379582256079, 0.215237349272, 0.213101789355, 0.16953150928, 0.264237016439, 0.293742030859, 0.179218947887, 0.136895179749, 0.163025468588, 0.207294598222, 0.187931597233, 0.175430715084, 0.196744158864, 0.198157593608, 0.191028088331, 0.189547553658, 0.199447408319, 0.183470308781, 0.140616193414, 0.105564802885, 0.0974218472838, 0.13298946619, 0.222564920783, 0.218277022243, 0.190986782312, 0.261457324028, 0.225914955139, 0.141886785626, 0.309777438641, 0.531765460968, 0.450697332621, 0.286101967096, 0.221296727657, 0.164602845907, 0.272889524698],
