{
"metadata": {
    "version": {
        "essentia": "2.1-beta3"
    }
},
"lowLevel": {
    "average_loudness": 0.971159756184,
    "barkbands_kurtosis": {
        "kurt": 11.404135704,
        "max": 4.96973180771,
        "mean": -0.651609957218,
        "median": -0.890004873276,
        "min": -1.57498633862,
        "skew": 2.90933513641,
        "var": 0.770690321922
    },
    "barkbands_skewness": {
        "kurt": -0.19375705719,
        "max": 1.00417816639,
        "mean": 0.226414531469,
        "median": 0.2779918015,
        "min": -0.86676466465,
        "skew": -0.362145245075,
        "var": 0.130555316806
    },
    "barkbands_spread": {
        "kurt": -0.214869499207,
        "max": 26.3882350922,
        "mean": 16.3471279144,
        "median": 16.8295555115,
        "min": 2.94068670273,
        "skew": -0.483059257269,
        "var": 25.7929763794
    },
    "dissonance": {
        "kurt": 0.387018203735,
        "max": 0.499958634377,
        "mean": 0.469387710094,
        "median": 0.474776178598,
        "min": 0.395628422499,
        "skew": -1.060972929,
        "var": 0.000568620918784
    },
    "hfc": {
        "kurt": 4.33538866043,
        "max": 145.007003784,
        "mean": 18.9885749817,
        "median": 8.20571899414,
        "min": 0.349995523691,
        "skew": 2.25205183029,
        "var": 770.794433594
    },
    "pitch": {
        "kurt": 38.2504692078,
        "max": 3730.90063477,
        "mean": 407.80581665,
        "median": 401.150299072,
        "min": 100.273918152,
        "skew": 5.68900537491,
        "var": 193299.546875
    },
    "pitch_instantaneous_confidence": {
        "kurt": -0.948344945908,
        "max": 0.914059638977,
        "mean": 0.479513883591,
        "median": 0.470752418041,
        "min": 0.141744911671,
        "skew": 0.295830637217,
        "var": 0.042695261538
    },
    "pitch_salience": {
        "kurt": -0.811465978622,
        "max": 0.865390956402,
        "mean": 0.628505527973,
        "median": 0.616370737553,
        "min": 0.384387940168,
        "skew": 0.197577819228,
        "var": 0.0108126457781
    },
    "silence_rate_20dB": {
        "kurt": 0,
        "max": 1,
        "mean": 1,
        "median": 1,
        "min": 1,
        "skew": 0,
        "var": 0
    },
    "silence_rate_30dB": {
        "kurt": 0,
        "max": 1,
        "mean": 1,
        "median": 1,
        "min": 1,
        "skew": 0,
        "var": 0
    },
    "silence_rate_60dB": {
        "kurt": -1.16678118706,
        "max": 1,
        "mean": 0.292397648096,
        "median": 0,
        "min": 0,
        "skew": 0.912810921669,
        "var": 0.206901609898
    },
    "spectral_centroid": {
        "kurt": -0.352663040161,
        "max": 2283.63549805,
        "mean": 1603.31335449,
        "median": 1611.62719727,
        "min": 1057.69824219,
        "skew": 0.261791557074,
        "var": 68368.1796875
    },
    "spectral_complexity": {
        "kurt": -0.115128993988,
        "max": 24,
        "mean": 14.2573099136,
        "median": 15,
        "min": 0,
        "skew": -0.64319050312,
        "var": 20.0156707764
    },
    "spectral_crest": {
        "kurt": 3.31631183624,
        "max": 19.2754268646,
        "mean": 6.66408109665,
        "median": 6.00609779358,
        "min": 2.54405927658,
        "skew": 1.73686599731,
        "var": 9.48965549469
    },
    "spectral_decrease": {
        "kurt": 4.457280159,
        "max": -4.68060173953e-11,
        "mean": -2.43011499812e-09,
        "median": -1.2780103642e-09,
        "min": -1.70770544372e-08,
        "skew": -2.22994923592,
        "var": 9.997958356e-18
    },
    "spectral_energy": {
        "kurt": 4.44130802155,
        "max": 0.0776052698493,
        "mean": 0.0108941309154,
        "median": 0.00563258118927,
        "min": 0.000208402198041,
        "skew": 2.23517847061,
        "var": 0.000208391080378
    },
    "spectral_energyband_high": {
        "kurt": 21.627746582,
        "max": 0.00373001024127,
        "mean": 0.000292024953524,
        "median": 0.00013886411034,
        "min": 1.87555160664e-05,
        "skew": 4.17543649673,
        "var": 2.16373791773e-07
    },
    "spectral_energyband_low": {
        "kurt": 75.4297332764,
        "max": 1.20537351904e-05,
        "mean": 5.38591223176e-07,
        "median": 2.6161822575e-07,
        "min": 1.61782498509e-08,
        "skew": 7.70387029648,
        "var": 1.15571842461e-12
    },
    "spectral_energyband_middle_high": {
        "kurt": 5.4701166153,
        "max": 0.0755932629108,
        "mean": 0.00884692184627,
        "median": 0.00376728735864,
        "min": 0.000107775318611,
        "skew": 2.41627836227,
        "var": 0.000181736788363
    },
    "spectral_energyband_middle_low": {
        "kurt": 7.32676410675,
        "max": 0.0120150819421,
        "mean": 0.00203174725175,
        "median": 0.00145080208313,
        "min": 8.51830627653e-05,
        "skew": 2.21656107903,
        "var": 3.11142594001e-06
    },
    "spectral_flatness_db": {
        "kurt": 0.828216552734,
        "max": 0.384676247835,
        "mean": 0.23319670558,
        "median": 0.226956933737,
        "min": 0.112295590341,
        "skew": 0.847583472729,
        "var": 0.00192754343152
    },
    "spectral_flux": {
        "kurt": 3.11125087738,
        "max": 0.158293038607,
        "mean": 0.0492013730109,
        "median": 0.0406869016588,
        "min": 0.0207335483283,
        "skew": 1.78294801712,
        "var": 0.000657687953208
    },
    "spectral_kurtosis": {
        "kurt": 2.55537843704,
        "max": 18.0056800842,
        "mean": 6.31510829926,
        "median": 5.6602678299,
        "min": 2.42032814026,
        "skew": 1.28805363178,
        "var": 7.2914481163
    },
    "spectral_rms": {
        "kurt": 1.4755282402,
        "max": 0.00870129093528,
        "mean": 0.00278715370223,
        "median": 0.00234418455511,
        "min": 0.000450909312349,
        "skew": 1.5027974844,
        "var": 2.86019371742e-06
    },
    "spectral_rolloff": {
        "kurt": -0.709668397903,
        "max": 3940.57617188,
        "mean": 2778.28613281,
        "median": 2756.25,
        "min": 1593.45703125,
        "skew": 0.245520800352,
        "var": 294953.78125
    },
    "spectral_skewness": {
        "kurt": 1.34324884415,
        "max": 2.83878159523,
        "mean": 1.76649105549,
        "median": 1.74822425842,
        "min": 1.22894537449,
        "skew": 0.886489629745,
        "var": 0.0928218886256
    },
    "spectral_spread": {
        "kurt": 44.34375,
        "max": 9414367,
        "mean": 3133369.25,
        "median": 3113382,
        "min": 2012878.625,
        "skew": 4.96599245071,
        "var": 442745323520
    },
    "spectral_strongpeak": {
        "kurt": 5.30852413177,
        "max": 17.9762897491,
        "mean": 2.26649880409,
        "median": 0.935724139214,
        "min": 0.0169033240527,
        "skew": 2.42764616013,
        "var": 12.4901304245
    },
    "zerocrossingrate": {
        "kurt": 1.18822050095,
        "max": 0.10888671875,
        "mean": 0.0857918709517,
        "median": 0.08740234375,
        "min": 0.041015625,
        "skew": -0.812970638275,
        "var": 0.000149801853695
    },
    "barkbands": {
        "kurt": [38.3755149841, 40.2401924133, 80.4115066528, 39.8025512695, 2.64061594009, 4.18108320236, 1.45343065262, 5.82144737244, 18.1671257019, 9.59366607666, 10.0937252045, 3.09415006638, 9.33559894562, 6.73740768433, 14.1500453949, 20.5139217377, 12.1079149246, 7.96939849854, 12.7228298187, 20.6832771301, 23.9102497101, 21.2416763306, 25.7031288147, 11.1125459671, 31.1704063416, 11.7933511734, 115.024719238],
        "max": [1.65162816756e-08, 5.85904729178e-07, 6.23364485364e-06, 1.03706188384e-05, 9.07723006094e-05, 0.000958052929491, 0.00283905095421, 0.0016316738911, 0.0119318664074, 0.0102590257302, 0.00422457046807, 0.00146275293082, 0.0154931023717, 0.00449310662225, 0.0554028749466, 0.00529788807034, 0.00842805951834, 0.00149397272617, 0.00365009810776, 0.00738111929968, 0.00322722201236, 0.000340478145517, 0.000108188301965, 1.54741810547e-05, 2.0324102934e-06, 3.60510341579e-08, 2.61189576634e-08],
        "mean": [1.06098252406e-09, 2.96673903222e-08, 2.1351002033e-07, 6.74371563036e-07, 1.79767212103e-05, 0.00017077071243, 0.00050771451788, 0.00024510192452, 0.000773499952629, 0.00100280507468, 0.000456862529973, 0.000296218320727, 0.00124214706011, 0.000610573857557, 0.00302995950915, 0.000447348749731, 0.000755874672905, 0.00023183778103, 0.000433045526734, 0.000457915128209, 0.000181230352609, 2.3766360755e-05, 6.47865363135e-06, 1.85901706118e-06, 2.31125284245e-07, 5.34113242523e-09, 5.58122326133e-10],
        "median": [5.42408618021e-10, 1.14609939317e-08, 9.12610005344e-08, 3.5923460473e-07, 1.37185916174e-05, 0.000109030472231, 0.000214580912143, 0.000131251639687, 0.000201304443181, 0.000371547212126, 0.000188229329069, 0.00017035898054, 7.79742622399e-05, 0.000331141491188, 9.76026785793e-05, 0.000187601646758, 0.000280427571852, 0.000169733262737, 0.000273405428743, 0.000140582400491, 5.10889476573e-05, 8.2488559201e-06, 2.3591394438e-06, 9.04761861875e-07, 1.64415112636e-07, 3.66548125186e-09, 1.0166215092e-10],
        "min": [2.0085610692e-12, 5.96024840593e-10, 1.32895128235e-09, 1.6718709972e-08, 7.05971160642e-07, 3.62982518709e-06, 9.06520654098e-06, 1.46210027197e-06, 1.5961486497e-05, 2.61615496129e-05, 7.21370088286e-06, 6.23720006843e-06, 1.84754344446e-06, 2.92026174975e-06, 1.06297775346e-05, 7.41958820072e-06, 1.01700643427e-05, 3.84521990782e-06, 1.89879010577e-05, 1.55276356963e-05, 5.46421779291e-06, 2.77147296401e-06, 3.87584947248e-07, 1.14724372224e-07, 4.0565399928e-08, 9.29863741561e-10, 5.36022540644e-14],
        "skew": [5.17203712463, 5.89232301712, 8.18017959595, 5.3376865387, 1.36293697357, 1.95660984516, 1.51943981647, 2.34636926651, 3.92468190193, 2.89702892303, 2.95549488068, 1.81680560112, 3.14213442802, 2.497808218, 3.5708231926, 3.98244476318, 3.21855831146, 2.35499882698, 3.03386759758, 4.25986099243, 4.43628120422, 4.4059214592, 4.69130754471, 3.18265414238, 4.77039766312, 3.15151119232, 10.1397371292],
        "var": [2.94080243992e-18, 4.40031540868e-15, 3.07816651942e-13, 1.14113319488e-12, 2.14737713722e-10, 3.13375352334e-08, 3.76471803065e-07, 9.06498556219e-08, 2.57182341556e-06, 2.4697014851e-06, 4.77614037209e-07, 1.01160551935e-07, 8.92749540071e-06, 6.56427630474e-07, 6.54285613564e-05, 4.7587226959e-07, 1.58467207712e-06, 4.57040769675e-08, 2.33424287899e-07, 9.61937985267e-07, 1.64476887221e-07, 2.25584839697e-09, 1.83989823377e-10, 6.75840850298e-12, 4.58638017159e-14, 2.72990844141e-17, 4.61311968817e-18],
        "cov": [[2.95810126807e-18, 1.16214053601e-17, -4.81267246145e-18, -1.83265620111e-17, -2.13994361443e-15, 6.16730406368e-15, 8.26382453407e-15, 3.16978871807e-14, 2.12540366708e-13, 7.71827670136e-14, -6.63584516654e-14, -4.78101309627e-14, -2.71764137886e-13, 9.95094560544e-15, 1.81817465272e-13, -5.0330623187e-14, 1.46450261857e-13, -8.02165188522e-15, 3.8214988323e-15, 1.37959932242e-14, 1.55133033969e-14, 4.81273532718e-15, 2.18853789461e-15, 4.62931510701e-16, 6.47222341772e-18, 3.37350020475e-18, 2.39488970541e-18], [1.16214053601e-17, 4.426199465e-15, 2.9459663604e-14, 4.61871819545e-14, 4.04748906916e-13, 1.12553109194e-12, -3.24289315019e-12, -1.11156700164e-12, 9.63163142992e-13, -4.68832177941e-12, -3.12184176079e-12, -2.25595085147e-12, -9.85068363685e-12, -3.17104280117e-13, -2.60589362588e-11, -2.85172146314e-12, -2.8320093666e-12, -9.85796188603e-13, -2.94262140696e-12, -4.46215763991e-12, -1.87626585275e-12, -1.7236189418e-13, -4.97668346691e-14, -9.96735771583e-15, -7.33382883892e-16, -7.78450823641e-18, 1.1107907559e-18], [-4.81267246145e-18, 2.9459663604e-14, 3.09627350885e-13, 4.43145764225e-13, 3.73938900677e-12, 5.62831855774e-12, -3.93363154549e-11, -1.1319567679e-11, -2.9742640642e-12, -1.15054268196e-11, -2.92230475929e-11, -8.3732890413e-12, -3.47873813089e-11, -1.06166889516e-11, -2.10987644023e-10, -2.89204927367e-11, -4.36046442009e-11, 1.04218001416e-12, -9.40948187422e-12, -2.33912073738e-11, -7.93067608112e-12, -3.11108913154e-13, -8.06969237526e-14, -1.33217970753e-14, -1.59906384381e-15, -6.83551485618e-17, -2.20040597764e-17], [-1.83265620111e-17, 4.61871819545e-14, 4.43145764225e-13, 1.14784570737e-12, 3.96355431115e-12, -1.62417180399e-11, -1.51043011432e-10, -5.31058634567e-11, 4.08260508733e-10, 5.83608661398e-10, -1.22414689496e-10, -5.44671877045e-11, 1.05138464601e-09, 1.43799236407e-10, 2.30132712886e-09, 2.04117722724e-10, 1.5839848877e-10, 6.15223280306e-12, 4.54073341427e-11, 2.44381320735e-10, 1.2522687054e-10, 1.93606033982e-11, 4.82065776186e-12, 7.71091523966e-13, 3.01747220418e-14, -8.06459936732e-17, 1.57671702355e-16], [-2.13994361443e-15, 4.04748906916e-13, 3.73938900677e-12, 3.96355431115e-12, 2.16000869968e-10, 1.69702960018e-10, 4.37898578509e-10, 3.90884352663e-10, -4.07832523308e-09, -5.93408033822e-09, -7.90016177477e-11, 1.81755846484e-10, -1.19422418621e-08, -3.08371639335e-09, -3.60841561076e-08, -2.45637710172e-09, -5.08656672338e-09, 1.72814193511e-10, -1.41680667198e-09, -3.37164163255e-09, -1.4366661194e-09, -1.50407727939e-10, -4.676728102e-11, -8.0875505945e-12, -5.28806607674e-15, 3.81296793998e-15, -4.42250343673e-15], [6.16730406368e-15, 1.12553109194e-12, 5.62831855774e-12, -1.62417180399e-11, 1.69702960018e-10, 3.15218713354e-08, 7.05221054886e-08, 2.27747776194e-08, -7.88662504192e-08, -4.6593982006e-08, 4.51912818278e-08, 2.40311504029e-08, -1.53867901531e-07, -2.51807037444e-08, -4.24997239179e-07, -8.21005574636e-09, -4.48567263334e-08, 8.60858495599e-09, -7.9397191044e-09, -4.05828295413e-08, -1.98639185101e-08, -2.29257723916e-09, -6.14241657537e-10, -1.33598257457e-10, -7.3705503506e-12, 2.63276118978e-14, -4.2545987214e-14], [8.26382453407e-15, -3.24289315019e-12, -3.93363154549e-11, -1.51043011432e-10, 4.37898578509e-10, 7.05221054886e-08, 3.78686337399e-07, 1.48664597077e-07, -2.62807986928e-07, -1.64359803989e-07, 1.96109525064e-07, 9.44758582477e-08, -5.2900151104e-07, -6.81785081724e-08, -1.36279675189e-06, -1.34778153082e-08, -1.30823195832e-07, 4.42723830929e-08, -8.64393978617e-09, -1.37063310035e-07, -6.25764258189e-08, -7.52631557077e-09, -1.95594229702e-09, -4.53198228945e-10, -2.86650998077e-11, -1.53445127698e-13, -1.22845472943e-13], [3.16978871807e-14, -1.11156700164e-12, -1.1319567679e-11, -5.31058634567e-11, 3.90884352663e-10, 2.27747776194e-08, 1.48664597077e-07, 9.11830895234e-08, -1.24746335928e-07, -8.96065515121e-08, 7.93532066723e-08, 2.65219597395e-08, -2.35198797327e-07, -4.8427185817e-08, -6.33602894595e-07, -2.16540136933e-08, -5.91300342023e-08, 2.05041796875e-08, -2.10055901562e-08, -6.56707612734e-08, -2.73339271217e-08, -3.22851367862e-09, -8.90751084004e-10, -1.8744364394e-10, -1.02873699143e-11, -1.32872147529e-13, -5.43217882243e-14], [2.12540366708e-13, 9.63163142992e-13, -2.9742640642e-12, 4.08260508733e-10, -4.07832523308e-09, -7.88662504192e-08, -2.62807986928e-07, -1.24746335928e-07, 2.58695172306e-06, 8.03100078883e-07, -2.43454707061e-07, -1.34707647703e-07, 1.47545654272e-06, 6.6491850248e-07, 6.39442987449e-06, 3.80368646802e-07, 9.36111177907e-07, -3.13182191292e-08, 3.51029825651e-07, 7.74556326633e-07, 3.04632010284e-07, 4.0850551386e-08, 1.22687957571e-08, 2.22096074864e-09, 5.29066512822e-11, -1.14241385449e-12, 2.48960655693e-13], [7.71827670136e-14, -4.68832177941e-12, -1.15054268196e-11, 5.83608661398e-10, -5.93408033822e-09, -4.6593982006e-08, -1.64359803989e-07, -8.96065515121e-08, 8.03100078883e-07, 2.48422907134e-06, -1.64917693724e-07, -1.04424863423e-07, 3.37636402037e-06, 5.87951262787e-07, 6.83995358486e-06, 5.6797034631e-07, 8.265791962e-07, 1.93875244747e-08, 2.76967966784e-07, 9.23111883822e-07, 4.02627875928e-07, 4.56313138386e-08, 1.23450663025e-08, 2.33019070706e-09, 9.87724277368e-11, -9.75611952336e-13, 4.51025095093e-13], [-6.63584516654e-14, -3.12184176079e-12, -2.92230475929e-11, -1.22414689496e-10, -7.90016177477e-11, 4.51912818278e-08, 1.96109525064e-07, 7.93532066723e-08, -2.43454707061e-07, -1.64917693724e-07, 4.80423523186e-07, 4.46922427955e-08, -4.84171891912e-07, -6.38377883888e-08, -1.2218088159e-06, -1.09394253656e-08, -1.22717992213e-07, 3.68077337498e-08, -1.24635484156e-08, -1.22909796119e-07, -5.28527266397e-08, -6.73158373488e-09, -1.75885872533e-09, -4.25794566272e-10, -2.39695849974e-11, -5.39386142359e-14, -1.27464119988e-13], [-4.78101309627e-14, -2.25595085147e-12, -8.3732890413e-12, -5.44671877045e-11, 1.81755846484e-10, 2.40311504029e-08, 9.44758582477e-08, 2.65219597395e-08, -1.34707647703e-07, -1.04424863423e-07, 4.46922427955e-08, 1.01755617266e-07, -2.70635041488e-07, -5.13827629334e-08, -7.12040332473e-07, -1.93015843308e-08, -8.12200227074e-08, 1.9273862506e-08, 1.932864091e-09, -6.45209823347e-08, -3.15609227641e-08, -3.80998343985e-09, -1.00829977701e-09, -2.27266566677e-10, -1.19858662925e-11, 1.08455257308e-13, -7.99723853221e-14], [-2.71764137886e-13, -9.85068363685e-12, -3.47873813089e-11, 1.05138464601e-09, -1.19422418621e-08, -1.53867901531e-07, -5.2900151104e-07, -2.35198797327e-07, 1.47545654272e-06, 3.37636402037e-06, -4.84171891912e-07, -2.70635041488e-07, 8.98001053429e-06, 1.10285270694e-06, 1.58154161909e-05, 8.6778362629e-07, 1.65670439856e-06, -5.84129855596e-09, 4.42289575631e-07, 1.89881211554e-06, 9.22460628772e-07, 8.11061511286e-08, 2.27779928252e-08, 4.0858560979e-09, 2.12751580242e-10, -1.27383954079e-12, 1.38495128994e-12], [9.95094560544e-15, -3.17104280117e-13, -1.06166889516e-11, 1.43799236407e-10, -3.08371639335e-09, -2.51807037444e-08, -6.81785081724e-08, -4.8427185817e-08, 6.6491850248e-07, 5.87951262787e-07, -6.38377883888e-08, -5.13827629334e-08, 1.10285270694e-06, 6.60288947074e-07, 2.93662856166e-06, 2.19794202394e-07, 6.32553394553e-07, -3.67626329378e-09, 2.28210751629e-07, 4.54946672335e-07, 1.44438743632e-07, 1.59109809772e-08, 5.15012743563e-09, 1.15362985831e-09, 3.67617845887e-11, -7.85024389244e-13, 9.21321734724e-14], [1.81817465272e-13, -2.60589362588e-11, -2.10987644023e-10, 2.30132712886e-09, -3.60841561076e-08, -4.24997239179e-07, -1.36279675189e-06, -6.33602894595e-07, 6.39442987449e-06, 6.83995358486e-06, -1.2218088159e-06, -7.12040332473e-07, 1.58154161909e-05, 2.93662856166e-06, 6.58134304103e-05, 3.1577617392e-06, 5.51312086827e-06, -2.44705404384e-07, 1.1439632317e-06, 2.85914688902e-06, 1.64252810464e-06, 1.62619627986e-07, 5.66600171226e-08, 9.4844283538e-09, 3.41859540676e-10, -5.45999703783e-12, 2.39191565859e-12], [-5.0330623187e-14, -2.85172146314e-12, -2.89204927367e-11, 2.04117722724e-10, -2.45637710172e-09, -8.21005574636e-09, -1.34778153082e-08, -2.16540136933e-08, 3.80368646802e-07, 5.6797034631e-07, -1.09394253656e-08, -1.93015843308e-08, 8.6778362629e-07, 2.19794202394e-07, 3.1577617392e-06, 4.7867149533e-07, 3.30348314037e-07, 1.24194672324e-08, 8.08038294053e-08, 2.33663655536e-07, 8.08814135667e-08, 1.35955771086e-08, 3.11505221617e-09, 6.06519112711e-10, 1.72291035605e-11, -4.54195844346e-13, 6.86671653241e-14], [1.46450261857e-13, -2.8320093666e-12, -4.36046442009e-11, 1.5839848877e-10, -5.08656672338e-09, -4.48567263334e-08, -1.30823195832e-07, -5.91300342023e-08, 9.36111177907e-07, 8.265791962e-07, -1.22717992213e-07, -8.12200227074e-08, 1.65670439856e-06, 6.32553394553e-07, 5.51312086827e-06, 3.30348314037e-07, 1.59399371569e-06, -2.69216027249e-08, 2.6494151939e-07, 6.42549196073e-07, 2.61850885863e-07, 2.41493847142e-08, 6.46658815384e-09, 1.8341557162e-09, 8.77872843863e-11, -1.06565700275e-12, 1.29305000409e-13], [-8.02165188522e-15, -9.85796188603e-13, 1.04218001416e-12, 6.15223280306e-12, 1.72814193511e-10, 8.60858495599e-09, 4.42723830929e-08, 2.05041796875e-08, -3.13182191292e-08, 1.93875244747e-08, 3.68077337498e-08, 1.9273862506e-08, -5.84129855596e-09, -3.67626329378e-09, -2.44705404384e-07, 1.24194672324e-08, -2.69216027249e-08, 4.59729250224e-08, 1.48078118656e-08, -5.90090420971e-10, 1.93999327713e-09, -1.8115972264e-11, -5.14310573296e-11, -1.61503206642e-11, 2.90696340697e-13, 1.62243753588e-13, -2.02936541134e-14], [3.8214988323e-15, -2.94262140696e-12, -9.40948187422e-12, 4.54073341427e-11, -1.41680667198e-09, -7.9397191044e-09, -8.64393978617e-09, -2.10055901562e-08, 3.51029825651e-07, 2.76967966784e-07, -1.24635484156e-08, 1.932864091e-09, 4.42289575631e-07, 2.28210751629e-07, 1.1439632317e-06, 8.08038294053e-08, 2.6494151939e-07, 1.48078118656e-08, 2.34797383314e-07, 2.25983384894e-07, 7.01776059486e-08, 8.46435277424e-09, 2.77011036331e-09, 5.7113358487e-10, 1.62991911634e-11, -2.71938260755e-13, 3.76797456626e-14], [1.37959932242e-14, -4.46215763991e-12, -2.33912073738e-11, 2.44381320735e-10, -3.37164163255e-09, -4.05828295413e-08, -1.37063310035e-07, -6.56707612734e-08, 7.74556326633e-07, 9.23111883822e-07, -1.22909796119e-07, -6.45209823347e-08, 1.89881211554e-06, 4.54946672335e-07, 2.85914688902e-06, 2.33663655536e-07, 6.42549196073e-07, -5.90090420971e-10, 2.25983384894e-07, 9.67596406554e-07, 3.14435908422e-07, 3.05528544686e-08, 7.461607332e-09, 1.78976133913e-09, 9.78544953401e-11, -4.64365308359e-13, 2.49344219317e-13], [1.55133033969e-14, -1.87626585275e-12, -7.93067608112e-12, 1.2522687054e-10, -1.4366661194e-09, -1.98639185101e-08, -6.25764258189e-08, -2.73339271217e-08, 3.04632010284e-07, 4.02627875928e-07, -5.28527266397e-08, -3.15609227641e-08, 9.22460628772e-07, 1.44438743632e-07, 1.64252810464e-06, 8.08814135667e-08, 2.61850885863e-07, 1.93999327713e-09, 7.01776059486e-08, 3.14435908422e-07, 1.65444404843e-07, 1.48399612598e-08, 3.96366228728e-09, 7.5791495302e-10, 3.95377341977e-11, -9.12448827432e-14, 1.83233636597e-13], [4.81273532718e-15, -1.7236189418e-13, -3.11108913154e-13, 1.93606033982e-11, -1.50407727939e-10, -2.29257723916e-09, -7.52631557077e-09, -3.22851367862e-09, 4.0850551386e-08, 4.56313138386e-08, -6.73158373488e-09, -3.80998343985e-09, 8.11061511286e-08, 1.59109809772e-08, 1.62619627986e-07, 1.35955771086e-08, 2.41493847142e-08, -1.8115972264e-11, 8.46435277424e-09, 3.05528544686e-08, 1.48399612598e-08, 2.26911800461e-09, 6.03389394005e-10, 1.02637995325e-10, 4.53628237404e-12, 8.0947825923e-16, 2.13344356829e-14], [2.18853789461e-15, -4.97668346691e-14, -8.06969237526e-14, 4.82065776186e-12, -4.676728102e-11, -6.14241657537e-10, -1.95594229702e-09, -8.90751084004e-10, 1.22687957571e-08, 1.23450663025e-08, -1.75885872533e-09, -1.00829977701e-09, 2.27779928252e-08, 5.15012743563e-09, 5.66600171226e-08, 3.11505221617e-09, 6.46658815384e-09, -5.14310573296e-11, 2.77011036331e-09, 7.461607332e-09, 3.96366228728e-09, 6.03389394005e-10, 1.85072124292e-10, 2.9406001939e-11, 1.05714146204e-12, -1.66078935814e-15, 6.0695213097e-15], [4.62931510701e-16, -9.96735771583e-15, -1.33217970753e-14, 7.71091523966e-13, -8.0875505945e-12, -1.33598257457e-10, -4.53198228945e-10, -1.8744364394e-10, 2.22096074864e-09, 2.33019070706e-09, -4.25794566272e-10, -2.27266566677e-10, 4.0858560979e-09, 1.15362985831e-09, 9.4844283538e-09, 6.06519112711e-10, 1.8341557162e-09, -1.61503206642e-11, 5.7113358487e-10, 1.78976133913e-09, 7.5791495302e-10, 1.02637995325e-10, 2.9406001939e-11, 6.79816402824e-12, 3.5599003129e-13, 8.53972158796e-16, 8.37113291469e-16], [6.47222341772e-18, -7.33382883892e-16, -1.59906384381e-15, 3.01747220418e-14, -5.28806607674e-15, -7.3705503506e-12, -2.86650998077e-11, -1.02873699143e-11, 5.29066512822e-11, 9.87724277368e-11, -2.39695849974e-11, -1.19858662925e-11, 2.12751580242e-10, 3.67617845887e-11, 3.41859540676e-10, 1.72291035605e-11, 8.77872843863e-11, 2.90696340697e-13, 1.62991911634e-11, 9.78544953401e-11, 3.95377341977e-11, 4.53628237404e-12, 1.05714146204e-12, 3.5599003129e-13, 4.61335884858e-14, 5.09748345185e-16, 1.07349340956e-17], [3.37350020475e-18, -7.78450823641e-18, -6.83551485618e-17, -8.06459936732e-17, 3.81296793998e-15, 2.63276118978e-14, -1.53445127698e-13, -1.32872147529e-13, -1.14241385449e-12, -9.75611952336e-13, -5.39386142359e-14, 1.08455257308e-13, -1.27383954079e-12, -7.85024389244e-13, -5.45999703783e-12, -4.54195844346e-13, -1.06565700275e-12, 1.62243753588e-13, -2.71938260755e-13, -4.64365308359e-13, -9.12448827432e-14, 8.0947825923e-16, -1.66078935814e-15, 8.53972158796e-16, 5.09748345185e-16, 2.74596666407e-17, 3.58411858668e-18], [2.39488970541e-18, 1.1107907559e-18, -2.20040597764e-17, 1.57671702355e-16, -4.42250343673e-15, -4.2545987214e-14, -1.22845472943e-13, -5.43217882243e-14, 2.48960655693e-13, 4.51025095093e-13, -1.27464119988e-13, -7.99723853221e-14, 1.38495128994e-12, 9.21321734724e-14, 2.39191565859e-12, 6.86671653241e-14, 1.29305000409e-13, -2.02936541134e-14, 3.76797456626e-14, 2.49344219317e-13, 1.83233636597e-13, 2.13344356829e-14, 6.0695213097e-15, 8.37113291469e-16, 1.07349340956e-17, 3.58411858668e-18, 4.64025576175e-18]]
    },
    "mfcc": {
        "kurt": [0.837026834488, 0.377414226532, 0.0731701850891, 0.0315351486206, -0.0442986488342, 0.270770311356, -0.117342948914, 0.643199205399, 0.227604866028, 0.715591907501, -0.0599682331085, -0.220198154449, -0.390203475952],
        "max": [-633.581115723, 123.223144531, -71.2091827393, 14.8109703064, -35.8691635132, 6.49683189392, -8.8902797699, -1.57131958008, 16.6399765015, 35.4231567383, 3.97011947632, 13.8607063293, 19.3983879089],
        "mean": [-719.707092285, 84.9499053955, -123.162010193, -8.37624740601, -61.5810928345, -33.6786155701, -29.4065380096, -22.0263595581, -19.7370052338, -6.59414339066, -15.8583946228, -4.78427648544, -4.95909357071],
        "median": [-719.885925293, 91.8489685059, -121.487998962, -8.84265518188, -62.8239517212, -35.3775253296, -29.227481842, -22.1468734741, -22.2120571136, -11.499206543, -15.7011108398, -4.86859512329, -2.94853591919],
        "min": [-854.096923828, 25.0534934998, -165.200500488, -24.8087272644, -85.6667556763, -61.9453048706, -51.2220191956, -51.2459182739, -42.0621566772, -24.5803260803, -36.0054779053, -23.3328552246, -33.0773468018],
        "skew": [0.216587498784, -0.974494338036, 6.23614687356e-05, 0.507400333881, 0.385767042637, 0.694907188416, -0.116243287921, -0.17376306653, 0.870445251465, 1.25108075142, -0.0352170579135, -0.0184605233371, -0.451229244471],
        "var": [1209.99658203, 429.173980713, 327.936279297, 62.7464179993, 89.432472229, 194.481903076, 70.3861999512, 59.3794937134, 154.034973145, 179.93649292, 52.1069831848, 57.2444953918, 138.146316528],
        "cov": [[1217.11425781, -380.555847168, -505.146881104, -96.1310348511, 39.6394996643, 242.326950073, -97.9957962036, 6.62558460236, 228.437713623, 321.515136719, 53.4150619507, -53.4927978516, -226.933898926], [-380.555847168, 431.698516846, 174.906173706, 35.2001304626, 36.8015670776, -153.138137817, 38.4374694824, 4.60390758514, -157.892745972, -165.289169312, 2.69495463371, 69.2588043213, 142.854263306], [-505.146881104, 174.906173706, 329.865325928, 74.1635284424, -10.576584816, -98.0193557739, 57.9127998352, 23.8100566864, -95.2197418213, -145.638763428, -18.6528205872, 15.7719011307, 72.8880310059], [-96.1310348511, 35.2001304626, 74.1635284424, 63.1155166626, 16.9331169128, -13.1485233307, 21.7400894165, 10.0430078506, -10.2967576981, -11.7529096603, 3.78505921364, -5.38884115219, 1.45964610577], [39.6394996643, 36.8015670776, -10.576584816, 16.9331169128, 89.9585418701, 37.3760757446, -4.04459238052, 13.8803310394, 21.9522094727, 29.4427928925, 12.9266471863, -11.4262609482, -19.6039180756], [242.326950073, -153.138137817, -98.0193557739, -13.1485233307, 37.3760757446, 195.625915527, -4.60702800751, 12.013551712, 127.780822754, 136.66192627, 27.0839042664, -55.8349494934, -115.468788147], [-97.9957962036, 38.4374694824, 57.9127998352, 21.7400894165, -4.04459238052, -4.60702800751, 70.8002319336, 12.1590948105, -30.0990543365, -29.5688266754, -3.00826382637, 0.636301636696, 9.91299724579], [6.62558460236, 4.60390758514, 23.8100566864, 10.0430078506, 13.8803310394, 12.013551712, 12.1590948105, 59.7287864685, 19.218038559, 5.07597780228, 2.40776371956, -7.71697616577, -20.301202774], [228.437713623, -157.892745972, -95.2197418213, -10.2967576981, 21.9522094727, 127.780822754, -30.0990543365, 19.218038559, 154.941055298, 125.222381592, 15.7486028671, -41.9702339172, -99.1637496948], [321.515136719, -165.289169312, -145.638763428, -11.7529096603, 29.4427928925, 136.66192627, -29.5688266754, 5.07597780228, 125.222381592, 180.994949341, 37.3166542053, -49.700969696, -112.18019104], [53.4150619507, 2.69495463371, -18.6528205872, 3.78505921364, 12.9266471863, 27.0839042664, -3.00826382637, 2.40776371956, 15.7486028671, 37.3166542053, 52.4134941101, 4.75203227997, -31.1446743011], [-53.4927978516, 69.2588043213, 15.7719011307, -5.38884115219, -11.4262609482, -55.8349494934, 0.636301636696, -7.71697616577, -41.9702339172, -49.700969696, 4.75203227997, 57.5812263489, 54.1477127075], [-226.933898926, 142.854263306, 72.8880310059, 1.45964610577, -19.6039180756, -115.468788147, 9.91299724579, -20.301202774, -99.1637496948, -112.18019104, -31.1446743011, 54.1477127075, 138.958938599]]
    },
    "sccoeffs": {
        "kurt": [0.0134179592133, -0.424562454224, -0.45821928978, -0.371515512466, -0.349754810333, 1.7631688118],
        "max": [-0.486431956291, -0.537000417709, -0.536667943001, -0.361614406109, -0.541621625423, -0.552537679672],
        "mean": [-0.612499594688, -0.742866635323, -0.745249986649, -0.673979878426, -0.732270240784, -0.727447867393],
        "median": [-0.61101937294, -0.754499733448, -0.764831125736, -0.682760357857, -0.744531333447, -0.741030752659],
        "min": [-0.816034972668, -0.918551266193, -0.889888703823, -0.875348448753, -0.859140694141, -0.796592772007],
        "skew": [-0.286974698305, 0.343607515097, 0.631674349308, 0.52823394537, 0.57626748085, 1.38500905037],
        "var": [0.00333646452054, 0.00560680869967, 0.00743858562782, 0.0136251850054, 0.00477242656052, 0.00198377226479],
        "cov": [[0.00335609074682, -0.000950074812863, -0.00132961885538, -0.00225827726535, -0.00117882585619, -0.000715233269148], [-0.000950074812863, 0.00563979009166, 0.00385763403028, 0.00510154804215, 0.00294003868476, 0.00127028941642], [-0.00132961885538, 0.00385763403028, 0.00748234195635, 0.00814046896994, 0.00454394519329, 0.002531346865], [-0.00225827726535, 0.00510154804215, 0.00814046896994, 0.0137053336948, 0.00677908537909, 0.00351534760557], [-0.00117882585619, 0.00294003868476, 0.00454394519329, 0.00677908537909, 0.00480049988255, 0.00203164271079], [-0.000715233269148, 0.00127028941642, 0.002531346865, 0.00351534760557, 0.00203164271079, 0.00199544150382]]
    },
    "scvalleys": {
        "kurt": [0.509598493576, 1.41890907288, 0.693673372269, 0.160454511642, 0.352760791779, 4.34597253799],
        "max": [-8.36433410645, -4.96911382675, -5.3880147934, -6.35005521774, -6.61485719681, -9.16966438293],
        "mean": [-10.2224082947, -6.14630508423, -6.20617628098, -7.11375522614, -7.34134435654, -10.3740825653],
        "median": [-10.2645721436, -6.09818887711, -6.16747522354, -7.12576055527, -7.34682559967, -10.3494129181],
        "min": [-11.4458417892, -8.03924655914, -7.20550441742, -7.98511123657, -8.07821464539, -11.6190671921],
        "skew": [0.421911656857, -0.686632335186, -0.608368754387, -0.127393841743, 0.24247173965, -0.233477070928],
        "var": [0.296595960855, 0.196120306849, 0.106382757425, 0.0973414853215, 0.0592325888574, 0.0791279450059],
        "cov": [[0.298340648413, -0.016735104844, 0.000639151490759, 0.0267264749855, -0.0123801641166, -0.0174619443715], [-0.016735104844, 0.197273954749, 0.0747705847025, -0.00966701097786, 0.0134705631062, 0.0288102626801], [0.000639151490759, 0.0747705847025, 0.10700853914, 0.0153304124251, 0.0250499099493, 0.0353905037045], [0.0267264749855, -0.00966701097786, 0.0153304124251, 0.0979140773416, 0.0205469038337, 0.0125534590334], [-0.0123801641166, 0.0134705631062, 0.0250499099493, 0.0205469038337, 0.059581015259, 0.0359137356281], [-0.0174619443715, 0.0288102626801, 0.0353905037045, 0.0125534590334, 0.0359137356281, 0.0795933976769]]
    }
},
"rhythm": {
    "beats_loudness": {
        "kurt": -1.58508086205,
        "max": 0.00581704871729,
        "mean": 0.00402666907758,
        "median": 0.00457752635702,
        "min": 0.00246088393033,
        "skew": -0.0870253741741,
        "var": 1.76277046648e-06
    },
    "bpm": 84.3791809082,
    "confidence": 0,
    "first_peak_bpm": {
        "kurt": 0,
        "max": 85,
        "mean": 85,
        "median": 85,
        "min": 85,
        "skew": 0,
        "var": 0
    },
    "first_peak_spread": {
        "kurt": 0,
        "max": 0.25,
        "mean": 0.25,
        "median": 0.25,
        "min": 0.25,
        "skew": 0,
        "var": 0
    },
    "first_peak_weight": {
        "kurt": 0,
        "max": 0.75,
        "mean": 0.75,
        "median": 0.75,
        "min": 0.75,
        "skew": 0,
        "var": 0
    },
    "onset_rate": 2.02998948097,
    "second_peak_bpm": {
        "kurt": 0,
        "max": 0,
        "mean": 0,
        "median": 0,
        "min": 0,
        "skew": 0,
        "var": 0
    },
    "second_peak_spread": {
        "kurt": 0,
        "max": 0,
        "mean": 0,
        "median": 0,
        "min": 0,
        "skew": 0,
        "var": 0
    },
    "second_peak_weight": {
        "kurt": 0,
        "max": 0,
        "mean": 0,
        "median": 0,
        "min": 0,
        "skew": 0,
        "var": 0
    },
    "beats_loudness_band_ratio": {
        "kurt": [-1.19163167477, -1.68820655346, -1.50936973095, -1.77288711071, -1.77420544624, -1.79175055027],
        "max": [0.000910440285224, 0.0957010090351, 0.388862520456, 0.361016333103, 0.477239489555, 0.160474136472],
        "mean": [0.000423026562203, 0.0526274815202, 0.270027190447, 0.308148950338, 0.317487537861, 0.136478036642],
        "median": [0.00026546913432, 0.0468203686178, 0.311349332333, 0.3348505795, 0.234184011817, 0.12688100338],
        "min": [0.000133569556056, 0.0177639294416, 0.154325962067, 0.245499953628, 0.171301215887, 0.117124326527],
        "skew": [0.644577503204, 0.173702344298, -0.109953150153, -0.32776042819, 0.320341587067, 0.327634096146],
        "var": [8.67566711804e-08, 0.00105112849269, 0.00768532324582, 0.00241576693952, 0.0174061823636, 0.000366573251085],
        "cov": [[1.08445838976e-07, -4.38759434473e-06, -5.72260523768e-06, -1.40242855196e-06, -6.43565726932e-07, -7.84665701303e-07], [-4.38759434473e-06, 0.00131391058676, 0.0030709230341, 0.00185919948854, -0.00484432931989, -0.000656844174955], [-5.72260523768e-06, 0.0030709230341, 0.00960665382445, 0.00500685302541, -0.0129779484123, -0.00183932762593], [-1.40242855196e-06, 0.00185919948854, 0.00500685302541, 0.0030197086744, -0.00806241948158, -0.00115062633995], [-6.43565726932e-07, -0.00484432931989, -0.0129779484123, -0.00806241948158, 0.0217577274889, 0.00313197332434], [-7.84665701303e-07, -0.000656844174955, -0.00183932762593, -0.00115062633995, 0.00313197332434, 0.000458216556581]]
    },
    "beats_position": [0.708208620548, 1.4164172411, 2.12462592125, 2.83283448219, 3.55265307426],
    "bpm_estimates": [84.7208023071, 84.7207946777, 84.7208023071, 83.3543319702],
    "bpm_intervals": [0.708208620548, 0.708208680153, 0.708208560944, 0.719818592072],
    "onset_times": [0.0116099771112, 0.336689352989, 0.731428563595, 0.870748281479, 1.52090704441, 1.71827661991, 2.22911572456, 3.76163268089],
    "histogram": [[0, 0, 0, 0, 0, 0, 0, 0, 0, 0, 0, 0, 0, 0, 0, 0, 0, 0, 0, 0, 0, 0, 0, 0, 0, 0, 0, 0, 0, 0, 0, 0, 0, 0, 0, 0, 0, 0, 0, 0, 0, 0, 0, 0, 0, 0, 0, 0, 0, 0, 0, 0, 0, 0, 0, 0, 0, 0, 0, 0, 0, 0, 0, 0, 0, 0, 0, 0, 0, 0, 0, 0, 0, 0, 0, 0, 0, 0, 0, 0, 0, 0, 0, 0.25, 0, 0.75, 0, 0, 0, 0, 0, 0, 0, 0, 0, 0, 0, 0, 0, 0, 0, 0, 0, 0, 0, 0, 0, 0, 0, 0, 0, 0, 0, 0, 0, 0, 0, 0, 0, 0, 0, 0, 0, 0, 0, 0, 0, 0, 0, 0, 0, 0, 0, 0, 0, 0, 0, 0, 0, 0, 0, 0, 0, 0, 0, 0, 0, 0, 0, 0, 0, 0, 0, 0, 0, 0, 0, 0, 0, 0, 0, 0, 0, 0, 0, 0, 0, 0, 0, 0, 0, 0, 0, 0, 0, 0, 0, 0, 0, 0, 0, 0, 0, 0, 0, 0, 0, 0, 0, 0, 0, 0, 0, 0, 0, 0, 0, 0, 0, 0, 0, 0, 0, 0, 0, 0, 0, 0, 0, 0, 0, 0, 0, 0, 0, 0, 0, 0, 0, 0, 0, 0, 0, 0, 0, 0, 0, 0, 0, 0, 0, 0, 0, 0, 0, 0, 0, 0, 0, 0, 0, 0, 0, 0, 0, 0, 0, 0, 0, 0]]
},
"sfx": {
    "inharmonicity": {
        "kurt": -0.834810018539,
        "max": 0.432156324387,
        "mean": 0.128306046128,
        "median": 0.0752506405115,
        "min": 0,
        "skew": 0.718849480152,
        "var": 0.0134007120505
    },
    "oddtoevenharmonicenergyratio": {
        "kurt": 6.25817012787,
        "max": 12.6972360611,
        "mean": 1.85380041599,
        "median": 1.04517948627,
        "min": 0,
        "skew": 2.31327486038,
        "var": 4.39237594604
    },
    "pitch_after_max_to_before_max_energy_ratio": 3.19475698471,
    "pitch_centroid": 88.4345932007,
    "pitch_max_to_total": 0.128654971719,
    "pitch_min_to_total": 0.789473712444,
    "tristimulus": {
        "kurt": [11.6408185959, 0.452968120575, -0.726701259613],
        "max": [1, 0.805998563766, 1],
        "mean": [0.1197187379, 0.333159536123, 0.547121703625],
        "median": [0.0631826743484, 0.316899240017, 0.555949449539],
        "min": [0, 0, 0],
        "skew": [2.87230801582, 0.705344259739, -0.315279632807],
        "var": [0.0265415236354, 0.0291405897588, 0.0585935264826],
        "cov": [[0.0266976505518, 0.00146425608546, -0.0281619094312], [0.00146425608546, 0.0293120052665, -0.0307762511075], [-0.0281619094312, -0.0307762511075, 0.0589381940663]]
    }
},
"tonal": {
    "chords_changes_rate": 0.0348837226629,
    "chords_number_rate": 0.0348837226629,
    "chords_strength": {
        "kurt": 1.55397415161,
        "max": 0.673403501511,
        "mean": 0.595945775509,
        "median": 0.592403292656,
        "min": 0.450279504061,
        "skew": -0.57228988409,
        "var": 0.00166591827292
    },
    "key_strength": 0.528293192387,
    "tuning_diatonic_strength": 0.336399793625,
    "tuning_equal_tempered_deviation": 0.289641052485,
    "tuning_frequency": 438.731048584,
    "tuning_nontempered_energy_ratio": 0.898890852928,
    "hpcp": {
        "kurt": [1.93060874939, 0.382962942123, 0.488499403, 1.72482633591, 0.561665296555, -1.38498842716, -0.620742082596, -1.13339841366, -1.22158360481, 1.88665628433, 4.02120113373, 3.20277547836, 2.2916560173, 1.35450458527, 1.94825077057, 5.2711057663, -0.166504859924, -0.134186029434, 0.488894462585, 7.09765720367, -0.626210451126, -0.713428974152, 1.07033252716, 2.47375679016, 1.0731511116, 1.23870754242, 0.861171722412, 4.12581586838, 2.3961224556, 3.04233932495, 1.4667725563, -0.404990673065, -0.861417770386, -0.580399036407, 1.06727838516, 2.30703258514],
        "max": [0.958377897739, 0.799355387688, 0.901190280914, 1, 0.725947260857, 0.590842604637, 1, 1, 1, 0.951044261456, 1, 1, 0.919438183308, 0.78158223629, 0.726637601852, 0.966935455799, 1, 1, 0.716123342514, 0.904861211777, 0.788799166679, 1, 0.983451962471, 0.602054238319, 0.586625277996, 0.651435315609, 0.561989843845, 1, 0.94123005867, 1, 0.768845975399, 1, 1, 0.994948983192, 0.94977337122, 1],
        "mean": [0.173969790339, 0.188751369715, 0.21619169414, 0.207778468728, 0.161928772926, 0.237215861678, 0.514124274254, 0.666334211826, 0.422740966082, 0.178950041533, 0.161728963256, 0.159686550498, 0.15636497736, 0.155099764466, 0.140247762203, 0.160186111927, 0.295864999294, 0.32336640358, 0.188124388456, 0.141769647598, 0.251715511084, 0.354066550732, 0.241120204329, 0.11671243608, 0.134144291282, 0.151224404573, 0.133329927921, 0.152158528566, 0.192980483174, 0.170459866524, 0.174744024873, 0.369545817375, 0.504476547241, 0.361300498247, 0.207708582282, 0.176899477839],
