{
"metadata": {
    "version": {
        "essentia": "2.1-beta3"
    }
},
"lowLevel": {
    "average_loudness": 0.99068403244,
    "barkbands_kurtosis": {
        "kurt": -0.0875363349915,
        "max": 5.51103782654,
        "mean": 1.40228927135,
        "median": 1.06664276123,
        "min": -0.993430376053,
        "skew": 0.541235327721,
        "var": 2.1323261261
    },
    "barkbands_skewness": {
        "kurt": 4.5015130043,
        "max": 1.82757747173,
        "mean": -0.859111249447,
        "median": -0.955362081528,
        "min": -2.10077381134,
        "skew": 1.97991549969,
        "var": 0.585628807545
    },
    "barkbands_spread": {
        "kurt": 0.0318684577942,
        "max": 23.0412902832,
        "mean": 11.9345693588,
        "median": 11.5556077957,
        "min": 5.72845649719,
        "skew": 0.621380388737,
        "var": 18.6142959595
    },
    "dissonance": {
        "kurt": 16.8070354462,
        "max": 0.497272461653,
        "mean": 0.457668036222,
        "median": 0.469580411911,
        "min": 0.21712654829,
        "skew": -3.7238881588,
        "var": 0.00204381835647
    },
    "hfc": {
        "kurt": -0.486660242081,
        "max": 270.972137451,
        "mean": 61.4417114258,
        "median": 1.79918479919,
        "min": 6.95701382938e-05,
        "skew": 1.14990973473,
        "var": 9044.81054688
    },
    "pitch": {
        "kurt": 34.2433929443,
        "max": 416.854492188,
        "mean": 407.913879395,
        "median": 412.889038086,
        "min": 213.823730469,
        "skew": -5.95404434204,
        "var": 964.091918945
    },
    "pitch_instantaneous_confidence": {
        "kurt": 14.7547740936,
        "max": 0.973851084709,
        "mean": 0.876956582069,
        "median": 0.926286697388,
        "min": 0.06858253479,
        "skew": -3.65899944305,
        "var": 0.0248103030026
    },
    "pitch_salience": {
        "kurt": -0.620471715927,
        "max": 0.869406342506,
        "mean": 0.729881823063,
        "median": 0.725927174091,
        "min": 0.57995736599,
        "skew": 0.114147484303,
        "var": 0.0048223445192
    },
    "silence_rate_20dB": {
        "kurt": 0,
        "max": 1,
        "mean": 1,
        "median": 1,
        "min": 1,
        "skew": 0,
        "var": 0
    },
    "silence_rate_30dB": {
        "kurt": 0,
        "max": 1,
        "mean": 1,
        "median": 1,
        "min": 1,
        "skew": 0,
        "var": 0
    },
    "silence_rate_60dB": {
        "kurt": -1.87990343571,
        "max": 1,
        "mean": 0.585365831852,
        "median": 1,
        "min": 0,
        "skew": -0.346551269293,
        "var": 0.242712795734
    },
    "spectral_centroid": {
        "kurt": 4.60104799271,
        "max": 2914.53076172,
        "mean": 2282.94555664,
        "median": 2360.28198242,
        "min": 521.65423584,
        "skew": -2.05728006363,
        "var": 234250.90625
    },
    "spectral_complexity": {
        "kurt": -0.973141670227,
        "max": 26,
        "mean": 7.2682929039,
        "median": 4,
        "min": 0,
        "skew": 0.624004542828,
        "var": 62.7329025269
    },
    "spectral_crest": {
        "kurt": -0.564854860306,
        "max": 14.5576839447,
        "mean": 8.57077026367,
        "median": 7.85558319092,
        "min": 5.04092025757,
        "skew": 0.709803640842,
        "var": 6.11562347412
    },
    "spectral_decrease": {
        "kurt": -0.322950601578,
        "max": -7.04811117916e-15,
        "mean": -4.9271817737e-09,
        "median": -1.32198835212e-10,
        "min": -2.16404618669e-08,
        "skew": -1.19586193562,
        "var": 5.81831497506e-17
    },
    "spectral_energy": {
        "kurt": -0.371666431427,
        "max": 0.105002894998,
        "mean": 0.0241692513227,
        "median": 0.000662139907945,
        "min": 3.29114584474e-08,
        "skew": 1.18201208115,
        "var": 0.0013980937656
    },
    "spectral_energyband_high": {
        "kurt": 3.02395582199,
        "max": 0.0176835935563,
        "mean": 0.002563462127,
        "median": 2.07268767554e-05,
        "min": 2.4854367453e-09,
        "skew": 2.00526094437,
        "var": 2.16505941353e-05
    },
    "spectral_energyband_low": {
        "kurt": 1.11283445358,
        "max": 4.99629948081e-07,
        "mean": 1.74828301169e-07,
        "median": 1.5745104065e-07,
        "min": 2.71126732176e-10,
        "skew": 1.12020170689,
        "var": 1.38289487351e-14
    },
    "spectral_energyband_middle_high": {
        "kurt": -0.042017698288,
        "max": 0.0996358841658,
        "mean": 0.0210827384144,
        "median": 0.000599489547312,
        "min": 2.69009134968e-08,
        "skew": 1.28192412853,
        "var": 0.00110795046203
    },
    "spectral_energyband_middle_low": {
        "kurt": -0.406861305237,
        "max": 0.00256793270819,
        "mean": 0.000587545626331,
        "median": 5.42683919775e-05,
        "min": 3.39775962921e-09,
        "skew": 1.10361647606,
        "var": 7.16411989288e-07
    },
    "spectral_flatness_db": {
        "kurt": 0.35778427124,
        "max": 0.352557659149,
        "mean": 0.250937253237,
        "median": 0.257704675198,
        "min": 0.0876106098294,
        "skew": -0.629391908646,
        "var": 0.00354266818613
    },
    "spectral_flux": {
        "kurt": 0.354678630829,
        "max": 0.239305317402,
        "mean": 0.0552600808442,
        "median": 0.0168548021466,
        "min": 0.000946643645875,
        "skew": 1.27329957485,
        "var": 0.00487800640985
    },
    "spectral_kurtosis": {
        "kurt": 3.78306055069,
        "max": 19.0070514679,
        "mean": 7.2727022171,
        "median": 7.22015953064,
        "min": 3.3825674057,
        "skew": 1.577003479,
        "var": 9.24117183685
    },
    "spectral_rms": {
        "kurt": -0.939390182495,
        "max": 0.0101213557646,
        "mean": 0.00305886939168,
        "median": 0.000803735107183,
        "min": 5.66645758227e-06,
        "skew": 0.889583587646,
        "var": 1.42230755955e-05
    },
    "spectral_rolloff": {
        "kurt": 5.38851928711,
        "max": 4134.375,
        "mean": 3235.75830078,
        "median": 3337.64648438,
        "min": 710.595703125,
        "skew": -1.79286646843,
        "var": 383836.09375
    },
    "spectral_skewness": {
        "kurt": 4.14092826843,
        "max": 3.44754862785,
        "mean": 1.76540696621,
        "median": 1.69204986095,
        "min": 1.10163474083,
        "skew": 1.7029248476,
        "var": 0.186651408672
    },
    "spectral_spread": {
        "kurt": 18.4273738861,
        "max": 16135646,
        "mean": 3802414,
        "median": 3130565.5,
        "min": 2481794.75,
        "skew": 4.11591291428,
        "var": 5.20569120358e+12
    },
    "spectral_strongpeak": {
        "kurt": 0.144062519073,
        "max": 18.5758876801,
        "mean": 4.37568092346,
        "median": 1.01225543022,
        "min": 0.000266858172836,
        "skew": 1.34156048298,
        "var": 40.858039856
    },
    "zerocrossingrate": {
        "kurt": 4.05237197876,
        "max": 0.1337890625,
        "mean": 0.106921687722,
        "median": 0.115234375,
        "min": 0.02001953125,
        "skew": -2.01130008698,
        "var": 0.000626744003966
    },
    "barkbands": {
        "kurt": [0.379045724869, 0.446733474731, 3.77463436127, 3.72717046738, 23.8827781677, 5.89201927185, 0.150766849518, 5.39579296112, 14.7765197754, -0.575113534927, 2.03827953339, 4.75431251526, 1.36717557907, 1.3408575058, 21.8701629639, 1.5852060318, 3.02918243408, 3.82882404327, 0.00938725471497, 2.48925161362, 1.61892986298, 3.04781961441, -0.0764396190643, 0.167248010635, -0.442422389984, -0.238522052765, 2.86393451691],
        "max": [6.78716816083e-08, 3.29619979311e-07, 1.61551724887e-07, 2.04151319849e-07, 4.37934759248e-05, 0.000478697795188, 0.00223749526776, 1.60682384376e-06, 0.000377904769266, 0.00268101668917, 9.99942858471e-06, 0.020196326077, 0.00192525307648, 0.00335805187933, 0.00110842776485, 0.0461754463613, 0.0177311915904, 0.0114852637053, 0.0234691929072, 0.0119383083656, 0.00477617140859, 0.0024320546072, 0.000321935949614, 3.35879849445e-05, 1.10927448986e-05, 1.20903632705e-06, 5.29523935811e-09],
        "mean": [2.05529442354e-08, 1.05010414586e-07, 3.22240829576e-08, 3.94181505214e-08, 2.30076761909e-06, 6.66424602969e-05, 0.00041609670734, 2.17267768221e-07, 2.15604886762e-05, 0.000573185679968, 1.59818750944e-06, 0.00252199266106, 0.000320469815051, 0.000597953679971, 5.64997862966e-05, 0.00784263573587, 0.00244584633037, 0.00153537804727, 0.00467157550156, 0.00188931054436, 0.000788135686889, 0.000342605693731, 6.552029663e-05, 6.80316725266e-06, 2.50468156082e-06, 2.51441719001e-07, 8.12778233605e-10],
        "median": [1.44326870455e-08, 9.35494455234e-08, 2.00509049364e-08, 2.18691962317e-08, 7.01344617937e-08, 1.09854927359e-05, 1.47558603203e-05, 2.09088604208e-08, 3.53981192802e-07, 2.6814532248e-05, 7.40039851621e-08, 4.47059028374e-05, 2.1252519673e-06, 3.72354297724e-05, 7.25247048194e-07, 2.90524894808e-05, 9.78957759799e-05, 0.000129250751343, 9.2061527539e-05, 2.92353633995e-05, 1.25730448417e-05, 2.53011103268e-06, 4.75648846532e-07, 9.34159700705e-08, 2.50919107714e-08, 9.65783120144e-10, 6.89600113124e-11],
        "min": [7.91760684793e-11, 1.46502310283e-10, 5.98330204826e-11, 4.59481619419e-11, 1.23488497206e-10, 9.25097998206e-10, 1.58261337369e-09, 3.45722978023e-10, 1.26204893758e-10, 1.69290426122e-09, 8.33083380058e-10, 2.27330176905e-09, 2.88597701292e-10, 4.11523704003e-09, 2.74180567139e-09, 8.26817458943e-09, 5.74643332918e-10, 3.44623729553e-09, 1.8749461983e-09, 9.86980164264e-10, 1.97351357478e-09, 2.2692772661e-10, 5.98528449025e-11, 3.52640867896e-11, 2.8084640516e-11, 6.02118832224e-12, 9.50823756752e-14],
        "skew": [1.13078725338, 0.808229148388, 2.16950631142, 2.06824731827, 4.81539678574, 2.33364629745, 1.29394245148, 2.34997439384, 4.00595998764, 1.06153082848, 1.74199020863, 2.21828937531, 1.71523928642, 1.58384335041, 4.63361787796, 1.80291557312, 1.98516607285, 1.97776687145, 1.32771766186, 1.89948797226, 1.65413737297, 1.92596936226, 1.29404556751, 1.27783465385, 1.11330592632, 1.12454319, 2.02150964737],
        "var": [3.2901560174e-16, 5.37924282077e-15, 1.72103224718e-15, 2.09328522804e-15, 5.23106176431e-11, 1.0234125547e-08, 4.29959897019e-07, 1.41831750337e-13, 5.60021584661e-09, 7.22277206933e-07, 7.28225726249e-12, 2.02689843718e-05, 3.6749909782e-07, 8.56350425238e-07, 3.52655931124e-08, 0.000221331065404, 1.88963385881e-05, 6.49826188237e-06, 6.19189959252e-05, 1.12420057121e-05, 1.7156926333e-06, 3.64351961935e-07, 1.20018075478e-08, 1.10009217014e-10, 1.44155173909e-11, 1.40825583616e-13, 2.14036602413e-18],
        "cov": [[3.37240979872e-16, 8.97992778702e-16, 1.95559790489e-16, 1.89782681681e-16, 3.75213437252e-14, 4.65929920514e-13, 9.88693068388e-13, 1.20689510665e-15, 2.63830081913e-13, 2.54407931354e-12, 1.12002336523e-14, 1.08986474359e-12, 1.31838442073e-12, -1.88034852446e-12, -3.21310496655e-13, 4.38029022776e-11, 1.18161843157e-11, -1.90288648554e-12, 1.25536482251e-11, -3.48841571948e-12, -1.0441445885e-12, -1.14687068436e-12, 1.58920091171e-13, -6.10552613919e-15, 1.24997859048e-15, 1.41395659871e-16, -2.25417759782e-18], [8.97992778702e-16, 5.51372412422e-15, 8.99175448454e-16, 7.11782696704e-16, 2.09332510635e-13, 3.19933207531e-12, 1.29314224259e-11, 9.65208188846e-15, 1.57780754607e-12, 2.05150375854e-11, 5.67475957176e-14, 6.06809463788e-11, 9.53862856756e-12, 1.62543568015e-12, -1.34716741343e-13, 2.47936615683e-10, 7.01045888007e-11, 2.67652879027e-11, 1.5114759444e-10, 2.86008855488e-11, 1.00868558298e-11, 2.76116586193e-12, 1.84961486231e-12, 1.06799565394e-13, 5.0403457856e-14, 3.62307967034e-15, 7.93551667468e-18], [1.95559790489e-16, 8.99175448454e-16, 1.76405813276e-15, 1.17503195064e-15, 2.00849435011e-14, 7.02994086554e-13, 2.80098058462e-12, 2.09286806432e-15, 9.39492963135e-14, 3.72106468902e-12, 1.42816700577e-14, 4.47768645079e-12, 7.84896128127e-13, 5.4911856312e-12, -9.5512248284e-14, 6.047319763e-12, 5.15832732431e-12, 1.18523680454e-11, 2.69784385803e-11, 1.65554757403e-11, 3.72735826579e-12, 1.81093399824e-12, 2.60361014432e-13, 2.8580321432e-14, 1.58726063028e-14, 7.62581221314e-16, 1.36511916052e-17], [1.89782681681e-16, 7.11782696704e-16, 1.17503195064e-15, 2.14561746462e-15, 1.78504577114e-13, 1.47410122303e-12, 3.38876778201e-12, 6.36192216529e-15, 2.119369567e-12, 1.1115016893e-11, 3.62010971872e-14, -6.52111611238e-12, -1.74171473685e-12, 4.82309331362e-12, 4.82713435196e-12, -1.10111980298e-11, 2.35324086606e-11, 3.48062139006e-12, 4.31221017553e-14, 8.71754578247e-12, 8.34441977321e-12, 4.33494765691e-13, 3.37452499881e-16, 1.20164918597e-13, 1.62293630276e-14, 2.18231897871e-15, 1.35887642843e-17], [3.75213437252e-14, 2.09332510635e-13, 2.00849435011e-14, 1.78504577114e-13, 5.36183805688e-11, 4.33574454117e-10, 6.48654852053e-10, 1.97361484794e-12, 5.22631160571e-10, 2.22344143097e-09, 6.24874934782e-12, 2.55573184837e-09, -3.25263316281e-10, 3.13370579486e-10, 7.27538196355e-10, -5.38203703826e-09, 3.53736773206e-09, 6.6351153738e-11, 5.84345960508e-10, 1.56305690613e-09, 1.58844704057e-09, 2.28706165117e-10, 1.46585972527e-11, 1.88881098262e-11, 3.16358527916e-12, 4.66887975763e-13, -7.80660768996e-17], [4.65929920514e-13, 3.19933207531e-12, 7.02994086554e-13, 1.47410122303e-12, 4.33574454117e-10, 1.04899786635e-08, 4.55993287574e-08, 2.28837539196e-11, 4.08735356672e-09, 5.73839251672e-08, 1.55082419129e-10, 3.50569962393e-07, 2.07561079435e-08, 3.66011008168e-08, 7.69282149093e-09, 4.32275243156e-07, 1.55543673941e-07, 1.00647284285e-07, 5.19932029874e-07, 2.28724047702e-07, 9.78483640779e-08, 3.09496037687e-08, 6.55476251055e-09, 7.42592765057e-10, 2.53108478621e-10, 2.27714548606e-11, 5.0236582201e-14], [9.88693068388e-13, 1.29314224259e-11, 2.80098058462e-12, 3.38876778201e-12, 6.48654852053e-10, 4.55993287574e-08, 4.40708902261e-07, 1.17206563899e-10, 6.68188482322e-09, 5.36527693384e-07, 1.42537115444e-09, 2.57800229519e-06, 3.43934658531e-07, 3.91149399093e-07, 3.15335171308e-08, 7.8851426224e-06, 1.89909007986e-06, 1.53215148657e-06, 5.15767396791e-06, 1.99711166715e-06, 7.37621007829e-07, 3.58105353371e-07, 7.18456547588e-08, 6.25210816452e-09, 2.37655073398e-09, 2.23309842839e-10, 5.96794206935e-13], [1.20689510665e-15, 9.65208188846e-15, 2.09286806432e-15, 6.36192216529e-15, 1.97361484794e-12, 2.28837539196e-11, 1.17206563899e-10, 1.45377552227e-13, 1.70402286032e-11, 1.89592813671e-10, 5.90783498511e-13, 7.30256410897e-10, 6.23441992476e-11, 1.84662479752e-10, 2.49122059787e-11, 1.67718994248e-09, 6.20269557938e-10, 4.25870977372e-10, 1.19051812852e-09, 5.46786449451e-10, 2.41715286675e-10, 1.04831657244e-10, 1.66980197031e-11, 2.27177695059e-12, 7.06112794104e-13, 6.67319457613e-14, 1.97025925111e-16], [2.63830081913e-13, 1.57780754607e-12, 9.39492963135e-14, 2.119369567e-12, 5.22631160571e-10, 4.08735356672e-09, 6.68188482322e-09, 1.70402286032e-11, 5.74022163136e-09, 2.3967023921e-08, 5.92698737312e-11, 2.03088070805e-08, -3.81436926489e-09, -1.38362854507e-09, 1.08318962688e-08, -4.53565967007e-08, 5.9160537802e-08, -4.93884844133e-09, 2.79766187994e-09, 1.09197770826e-08, 1.93010460947e-08, 1.29452604192e-09, 1.29288010853e-10, 2.55924170744e-10, 3.88135114326e-11, 5.65946334935e-12, -4.48382184585e-16], [2.54407931354e-12, 2.05150375854e-11, 3.72106468902e-12, 1.1115016893e-11, 2.22344143097e-09, 5.73839251672e-08, 5.36527693384e-07, 1.89592813671e-10, 2.3967023921e-08, 7.40334144211e-07, 2.01139083167e-09, 2.69451697932e-06, 4.38092854438e-07, 4.95679273627e-07, 6.00536793627e-08, 1.04688942884e-05, 2.69241195383e-06, 1.90703940461e-06, 5.93110644331e-06, 2.25067151405e-06, 8.51507707011e-07, 4.21670705464e-07, 8.46829451007e-08, 7.71139596623e-09, 2.89523938157e-09, 2.84764600789e-10, 7.94062569604e-13], [1.12002336523e-14, 5.67475957176e-14, 1.42816700577e-14, 3.62010971872e-14, 6.24874934782e-12, 1.55082419129e-10, 1.42537115444e-09, 5.90783498511e-13, 5.92698737312e-11, 2.01139083167e-09, 7.4643138892e-12, 7.25112903055e-09, 1.06515885001e-09, 1.75596992502e-09, 1.14940244822e-10, 2.56662531228e-08, 5.76667336105e-09, 5.03787056516e-09, 1.54285366705e-08, 6.89349599625e-09, 2.50997267415e-09, 1.25281707231e-09, 2.31463653799e-10, 2.15262564718e-11, 7.7029303075e-12, 8.00970672166e-13, 2.09242104268e-15], [1.08986474359e-12, 6.06809463788e-11, 4.47768645079e-12, -6.52111611238e-12, 2.55573184837e-09, 3.50569962393e-07, 2.57800229519e-06, 7.30256410897e-10, 2.03088070805e-08, 2.69451697932e-06, 7.25112903055e-09, 2.07757075259e-05, 1.62910021118e-06, 2.25253643293e-06, 2.23742219418e-07, 3.43482315657e-05, 9.05779052118e-06, 7.86698547017e-06, 3.21524275932e-05, 1.39733792821e-05, 5.65155278309e-06, 2.28499948207e-06, 4.33415522139e-07, 4.24370512064e-08, 1.52926329378e-08, 1.40127787152e-09, 2.67288600107e-12], [1.31838442073e-12, 9.53862856756e-12, 7.84896128127e-13, -1.74171473685e-12, -3.25263316281e-10, 2.07561079435e-08, 3.43934658531e-07, 6.23441992476e-11, -3.81436926489e-09, 4.38092854438e-07, 1.06515885001e-09, 1.62910021118e-06, 3.76686585923e-07, 3.08505377689e-07, 1.29630389756e-10, 9.02739066078e-06, 2.14041915569e-06, 1.3495289295e-06, 4.09563472203e-06, 1.2472958133e-06, 4.31872706486e-07, 2.64858982746e-07, 5.92067337379e-08, 4.03918676284e-09, 1.85603710179e-09, 1.84648157875e-10, 5.40886075078e-13], [-1.88034852446e-12, 1.62543568015e-12, 5.4911856312e-12, 4.82309331362e-12, 3.13370579486e-10, 3.66011008168e-08, 3.91149399093e-07, 1.84662479752e-10, -1.38362854507e-09, 4.95679273627e-07, 1.75596992502e-09, 2.25253643293e-06, 3.08505377689e-07, 8.7775913471e-07, 6.59876908671e-09, 7.03515615896e-06, 1.52224401972e-06, 1.81544260158e-06, 4.26991300628e-06, 2.15365844269e-06, 7.49982575599e-07, 4.0850650862e-07, 6.29713667877e-08, 6.03434813229e-09, 2.32073071871e-09, 2.15091430777e-10, 7.66233701922e-13], [-3.21310496655e-13, -1.34716741343e-13, -9.5512248284e-14, 4.82713435196e-12, 7.27538196355e-10, 7.69282149093e-09, 3.15335171308e-08, 2.49122059787e-11, 1.08318962688e-08, 6.00536793627e-08, 1.14940244822e-10, 2.23742219418e-07, 1.29630389756e-10, 6.59876908671e-09, 3.61472345389e-08, 1.23791949136e-07, 2.47764404548e-07, 4.35743636729e-08, 2.60481670011e-07, 1.22610956055e-07, 1.00049874163e-07, 2.02007424122e-08, 3.73833053402e-09, 1.14690290598e-09, 2.21704030134e-10, 2.37493028715e-11, 1.45042499875e-14], [4.38029022776e-11, 2.47936615683e-10, 6.047319763e-12, -1.10111980298e-11, -5.38203703826e-09, 4.32275243156e-07, 7.8851426224e-06, 1.67718994248e-09, -4.53565967007e-08, 1.04688942884e-05, 2.56662531228e-08, 3.43482315657e-05, 9.02739066078e-06, 7.03515615896e-06, 1.23791949136e-07, 0.000226864329306, 5.76732054469e-05, 3.04990571749e-05, 9.49586246861e-05, 2.54186797974e-05, 9.10126800591e-06, 5.649207651e-06, 1.37843085213e-06, 9.35157018489e-08, 4.31426379066e-08, 4.34660263338e-09, 1.32905101854e-11], [1.18161843157e-11, 7.01045888007e-11, 5.15832732431e-12, 2.35324086606e-11, 3.53736773206e-09, 1.55543673941e-07, 1.89909007986e-06, 6.20269557938e-10, 5.9160537802e-08, 2.69241195383e-06, 5.76667336105e-09, 9.05779052118e-06, 2.14041915569e-06, 1.52224401972e-06, 2.47764404548e-07, 5.76732054469e-05, 1.93687483261e-05, 6.31743023405e-06, 2.40482677327e-05, 5.46090313946e-06, 2.5686626941e-06, 1.12558404908e-06, 3.32028918137e-07, 2.73481362001e-08, 1.24784920175e-08, 1.22475052322e-09, 4.02713409495e-12], [-1.90288648554e-12, 2.67652879027e-11, 1.18523680454e-11, 3.48062139006e-12, 6.6351153738e-11, 1.00647284285e-07, 1.53215148657e-06, 4.25870977372e-10, -4.93884844133e-09, 1.90703940461e-06, 5.03787056516e-09, 7.86698547017e-06, 1.3495289295e-06, 1.81544260158e-06, 4.35743636729e-08, 3.04990571749e-05, 6.31743023405e-06, 6.66071855449e-06, 1.72920372279e-05, 7.05346701579e-06, 2.38832808463e-06, 1.43812644637e-06, 2.53110300719e-07, 2.07046912948e-08, 8.20010548352e-09, 7.81600895117e-10, 2.23938077283e-12], [1.25536482251e-11, 1.5114759444e-10, 2.69784385803e-11, 4.31221017553e-14, 5.84345960508e-10, 5.19932029874e-07, 5.15767396791e-06, 1.19051812852e-09, 2.79766187994e-09, 5.93110644331e-06, 1.54285366705e-08, 3.21524275932e-05, 4.09563472203e-06, 4.26991300628e-06, 2.60481670011e-07, 9.49586246861e-05, 2.40482677327e-05, 1.72920372279e-05, 6.34669704596e-05, 2.34322797041e-05, 8.74907527759e-06, 4.09320546169e-06, 8.68683741828e-07, 7.27598390426e-08, 2.87344761318e-08, 2.65318367276e-09, 7.2442546753e-12], [-3.48841571948e-12, 2.86008855488e-11, 1.65554757403e-11, 8.71754578247e-12, 1.56305690613e-09, 2.28724047702e-07, 1.99711166715e-06, 5.46786449451e-10, 1.09197770826e-08, 2.25067151405e-06, 6.89349599625e-09, 1.39733792821e-05, 1.2472958133e-06, 2.15365844269e-06, 1.22610956055e-07, 2.54186797974e-05, 5.46090313946e-06, 7.05346701579e-06, 2.34322797041e-05, 1.15230559459e-05, 4.28305429523e-06, 1.94805807041e-06, 3.26375101167e-07, 3.14510728572e-08, 1.16391190019e-08, 1.08099929008e-09, 2.5698117679e-12], [-1.0441445885e-12, 1.00868558298e-11, 3.72735826579e-12, 8.34441977321e-12, 1.58844704057e-09, 9.78483640779e-08, 7.37621007829e-07, 2.41715286675e-10, 1.93010460947e-08, 8.51507707011e-07, 2.50997267415e-09, 5.65155278309e-06, 4.31872706486e-07, 7.49982575599e-07, 1.00049874163e-07, 9.10126800591e-06, 2.5686626941e-06, 2.38832808463e-06, 8.74907527759e-06, 4.28305429523e-06, 1.75858497187e-06, 7.06813068518e-07, 1.20747486676e-07, 1.31746462628e-08, 4.62046489957e-09, 4.37398034459e-10, 9.14116872475e-13], [-1.14687068436e-12, 2.76116586193e-12, 1.81093399824e-12, 4.33494765691e-13, 2.28706165117e-10, 3.09496037687e-08, 3.58105353371e-07, 1.04831657244e-10, 1.29452604192e-09, 4.21670705464e-07, 1.25281707231e-09, 2.28499948207e-06, 2.64858982746e-07, 4.0850650862e-07, 2.02007424122e-08, 5.649207651e-06, 1.12558404908e-06, 1.43812644637e-06, 4.09320546169e-06, 1.94805807041e-06, 7.06813068518e-07, 3.73460750325e-07, 6.04410530514e-08, 5.5441975455e-09, 2.04049288577e-09, 2.01183250614e-10, 4.1677807581e-13], [1.58920091171e-13, 1.84961486231e-12, 2.60361014432e-13, 3.37452499881e-16, 1.46585972527e-11, 6.55476251055e-09, 7.18456547588e-08, 1.66980197031e-11, 1.29288010853e-10, 8.46829451007e-08, 2.31463653799e-10, 4.33415522139e-07, 5.92067337379e-08, 6.29713667877e-08, 3.73833053402e-09, 1.37843085213e-06, 3.32028918137e-07, 2.53110300719e-07, 8.68683741828e-07, 3.26375101167e-07, 1.20747486676e-07, 6.04410530514e-08, 1.23018519815e-08, 1.02233899124e-09, 3.97575888877e-10, 3.83296519524e-11, 9.25684903079e-14], [-6.10552613919e-15, 1.06799565394e-13, 2.8580321432e-14, 1.20164918597e-13, 1.88881098262e-11, 7.42592765057e-10, 6.25210816452e-09, 2.27177695059e-12, 2.55924170744e-10, 7.71139596623e-09, 2.15262564718e-11, 4.24370512064e-08, 4.03918676284e-09, 6.03434813229e-09, 1.14690290598e-09, 9.35157018489e-08, 2.73481362001e-08, 2.07046912948e-08, 7.27598390426e-08, 3.14510728572e-08, 1.31746462628e-08, 5.5441975455e-09, 1.02233899124e-09, 1.12759447612e-10, 3.71743712202e-11, 3.58659239461e-12, 8.0127792151e-15], [1.24997859048e-15, 5.0403457856e-14, 1.58726063028e-14, 1.62293630276e-14, 3.16358527916e-12, 2.53108478621e-10, 2.37655073398e-09, 7.06112794104e-13, 3.88135114326e-11, 2.89523938157e-09, 7.7029303075e-12, 1.52926329378e-08, 1.85603710179e-09, 2.32073071871e-09, 2.21704030134e-10, 4.31426379066e-08, 1.24784920175e-08, 8.20010548352e-09, 2.87344761318e-08, 1.16391190019e-08, 4.62046489957e-09, 2.04049288577e-09, 3.97575888877e-10, 3.71743712202e-11, 1.4775906193e-11, 1.39391948505e-12, 3.67506335287e-15], [1.41395659871e-16, 3.62307967034e-15, 7.62581221314e-16, 2.18231897871e-15, 4.66887975763e-13, 2.27714548606e-11, 2.23309842839e-10, 6.67319457613e-14, 5.65946334935e-12, 2.84764600789e-10, 8.00970672166e-13, 1.40127787152e-09, 1.84648157875e-10, 2.15091430777e-10, 2.37493028715e-11, 4.34660263338e-09, 1.22475052322e-09, 7.81600895117e-10, 2.65318367276e-09, 1.08099929008e-09, 4.37398034459e-10, 2.01183250614e-10, 3.83296519524e-11, 3.58659239461e-12, 1.39391948505e-12, 1.44346218463e-13, 3.48430417455e-16], [-2.25417759782e-18, 7.93551667468e-18, 1.36511916052e-17, 1.35887642843e-17, -7.80660768996e-17, 5.0236582201e-14, 5.96794206935e-13, 1.97025925111e-16, -4.48382184585e-16, 7.94062569604e-13, 2.09242104268e-15, 2.67288600107e-12, 5.40886075078e-13, 7.66233701922e-13, 1.45042499875e-14, 1.32905101854e-11, 4.02713409495e-12, 2.23938077283e-12, 7.2442546753e-12, 2.5698117679e-12, 9.14116872475e-13, 4.1677807581e-13, 9.25684903079e-14, 8.0127792151e-15, 3.67506335287e-15, 3.48430417455e-16, 2.19387530398e-18]]
    },
    "mfcc": {
        "kurt": [-1.5243678093, -0.342495918274, -0.0656599998474, -0.486753702164, -1.36711978912, 2.04377746582, -0.977358579636, -0.904224395752, -1.16343736649, -0.703613042831, 2.6758275032, -0.938666343689, -0.146807670593],
        "max": [-604.78125, 88.5746917725, 42.0779151917, 48.113243103, 27.0057411194, 11.193862915, 26.5581436157, 6.97670936584, 3.67834091187, 11.6037693024, 14.7663612366, 15.1686706543, 38.6872711182],
        "mean": [-846.525817871, 16.5896930695, -99.7901000977, 21.8867015839, -12.4819517136, -10.9739160538, -8.44957256317, -7.82879638672, -13.1746330261, -12.8076057434, -4.91711711884, 0.851375877857, 9.55781936646],
        "median": [-870.01965332, 24.2327690125, -118.90234375, 18.468372345, -11.7260246277, -10.657043457, -7.5739364624, -6.09605407715, -11.2359008789, -15.0197296143, -4.32014465332, 0.673599243164, 6.95962524414],
        "min": [-1138.42004395, -35.6120300293, -158.818389893, 8.01086425781e-05, -53.0203437805, -44.1887321472, -32.5853424072, -27.8047924042, -30.6259727478, -27.7786540985, -40.6232833862, -13.4484634399, -10.0373840332],
        "skew": [0.0816355198622, 0.0327173508704, 0.861461102962, 0.624902486801, 0.108093306422, -0.696813762188, 0.185735568404, -0.417024374008, -0.0640568733215, 0.538024604321, -1.0947599411, 0.11541582644, 0.713672637939],
        "var": [29892.9335938, 943.203125, 2529.57763672, 133.307632446, 646.344055176, 97.0029373169, 212.718231201, 87.5282287598, 89.9552154541, 96.4985733032, 108.184272766, 66.8655853271, 154.685256958],
        "cov": [[30640.2558594, -3785.38623047, -7659.52832031, -28.5648193359, -4104.33251953, -562.026367188, -1925.36584473, -823.258666992, -1192.05151367, -1320.5012207, -1002.91894531, 88.5992202759, 1342.91455078], [-3785.38623047, 966.783203125, 1095.24243164, 61.8338851929, 461.078186035, -27.9386348724, 165.18421936, 84.0985641479, 142.94468689, 144.614608765, 61.6159744263, -89.9322509766, -304.941925049], [-7659.52832031, 1095.24243164, 2592.81713867, -155.375930786, 937.623840332, 97.0855941772, 368.050384521, 216.699005127, 322.590942383, 362.255371094, 147.11895752, -74.2297668457, -404.324676514], [-28.5648193359, 61.8338851929, -155.375930786, 136.640319824, 14.2593412399, 15.2028026581, 55.0889396667, -6.42954730988, -4.38604831696, -18.1924037933, 31.3322505951, -4.91710805893, -7.32530498505], [-4104.33251953, 461.078186035, 937.623840332, 14.2593412399, 662.502624512, 114.955978394, 268.243469238, 116.061935425, 166.549835205, 192.705474854, 150.206939697, 8.41599273682, -144.062805176], [-562.026367188, -27.9386348724, 97.0855941772, 15.2028026581, 114.955978394, 99.4280090332, 66.6504974365, 1.49217915535, 28.4472846985, 23.0462036133, 43.6443862915, 24.6208457947, -12.4401626587], [-1925.36584473, 165.18421936, 368.050384521, 55.0889396667, 268.243469238, 66.6504974365, 218.036178589, 53.0841293335, 60.5336074829, 88.3115997314, 108.227111816, 1.09547281265, -67.6817703247], [-823.258666992, 84.0985641479, 216.699005127, -6.42954730988, 116.061935425, 1.49217915535, 53.0841293335, 89.7164306641, 34.4512062073, 40.7927970886, 50.6436729431, 23.3486709595, -7.04540920258], [-1192.05151367, 142.94468689, 322.590942383, -4.38604831696, 166.549835205, 28.4472846985, 60.5336074829, 34.4512062073, 92.2040939331, 54.0509529114, 13.6865558624, -2.25914549828, -61.6970901489], [-1320.5012207, 144.614608765, 362.255371094, -18.1924037933, 192.705474854, 23.0462036133, 88.3115997314, 40.7927970886, 54.0509529114, 98.9110412598, 48.5884208679, -7.39855861664, -45.7978019714], [-1002.91894531, 61.6159744263, 147.11895752, 31.3322505951, 150.206939697, 43.6443862915, 108.227111816, 50.6436729431, 13.6865558624, 48.5884208679, 110.888877869, 27.3089179993, -17.0262851715], [88.5992202759, -89.9322509766, -74.2297668457, -4.91710805893, 8.41599273682, 24.6208457947, 1.09547281265, 23.3486709595, -2.25914549828, -7.39855861664, 27.3089179993, 68.5372238159, 49.9730148315], [1342.91455078, -304.941925049, -404.324676514, -7.32530498505, -144.062805176, -12.4401626587, -67.6817703247, -7.04540920258, -61.6970901489, -45.7978019714, -17.0262851715, 49.9730148315, 158.552398682]]
    },
    "sccoeffs": {
        "kurt": [1.42029285431, -0.680487632751, -0.200846195221, -0.036182641983, -0.180686950684, -0.503157377243],
        "max": [-0.61334836483, -0.406672537327, -0.498595327139, -0.34558698535, -0.513467907906, -0.585525631905],
        "mean": [-0.833703398705, -0.619692802429, -0.666499972343, -0.562992632389, -0.663996934891, -0.728456795216],
        "median": [-0.850795149803, -0.625655293465, -0.633340954781, -0.57895720005, -0.658415019512, -0.730734407902],
        "min": [-0.967656195164, -0.936238706112, -0.950472056866, -0.963218748569, -0.937183260918, -0.89080876112],
        "skew": [1.07869291306, -0.318093955517, -0.62409979105, -0.553456544876, -0.510363936424, -0.0361991599202],
        "var": [0.00501230731606, 0.0184477567673, 0.0120036238804, 0.0225547794253, 0.0103987306356, 0.0055021205917],
        "cov": [[0.00513761490583, 0.00381897995248, 0.00407333113253, 0.00358905130997, 0.00194896501489, 0.00190991198178], [0.00381897995248, 0.0189089514315, 0.0131637901068, 0.0183942336589, 0.0121958646923, 0.00888373143971], [0.00407333113253, 0.0131637901068, 0.0123037146404, 0.0145711097866, 0.00983315333724, 0.00696728518233], [0.00358905130997, 0.0183942336589, 0.0145711097866, 0.0231186486781, 0.0152402147651, 0.0107681136578], [0.00194896501489, 0.0121958646923, 0.00983315333724, 0.0152402147651, 0.0106586990878, 0.00725730042905], [0.00190991198178, 0.00888373143971, 0.00696728518233, 0.0107681136578, 0.00725730042905, 0.00563967321068]]
    },
    "scvalleys": {
        "kurt": [2.58679389954, -1.2133949995, -1.49925124645, -1.60154557228, -1.38115096092, -1.54455983639],
        "max": [-8.65935230255, -7.53655862808, -7.21372795105, -7.12098360062, -6.15690517426, -8.44419288635],
        "mean": [-9.92308044434, -9.84306716919, -9.57976436615, -9.66503047943, -9.05784797668, -11.4854698181],
        "median": [-9.9047908783, -9.75309848785, -9.78265953064, -10.1905326843, -8.96145057678, -11.5922241211],
        "min": [-12.3083839417, -12.0022621155, -11.8684368134, -11.8720846176, -12.8634777069, -14.5167531967],
        "skew": [-1.04275619984, 0.119258306921, 0.140193492174, 0.134674057364, -0.00691690435633, 0.0463319309056],
        "var": [0.423630923033, 1.41802787781, 2.2911093235, 2.64645886421, 3.66678118706, 3.904992342],
        "cov": [[0.434221684933, 0.589509367943, 0.677560687065, 0.688454091549, 0.812981784344, 0.821460425854], [0.589509367943, 1.45347857475, 1.73847579956, 1.83277511597, 2.12759327888, 2.22641801834], [0.677560687065, 1.73847579956, 2.34838724136, 2.43328952789, 2.81601548195, 2.92518186569], [0.688454091549, 1.83277511597, 2.43328952789, 2.71262025833, 3.12910223007, 3.24478673935], [0.812981784344, 2.12759327888, 2.81601548195, 3.12910223007, 3.75845074654, 3.83160400391], [0.821460425854, 2.22641801834, 2.92518186569, 3.24478673935, 3.83160400391, 4.00261735916]]
    }
},
"rhythm": {
    "bpm": 0,
    "confidence": 0,
    "first_peak_bpm": {
        "kurt": 0,
        "max": 0,
        "mean": 0,
        "median": 0,
        "min": 0,
        "skew": 0,
        "var": 0
    },
    "first_peak_spread": {
        "kurt": 0,
        "max": 0,
        "mean": 0,
        "median": 0,
        "min": 0,
        "skew": 0,
        "var": 0
    },
    "first_peak_weight": {
        "kurt": 0,
        "max": 0,
        "mean": 0,
        "median": 0,
        "min": 0,
        "skew": 0,
        "var": 0
    },
    "onset_rate": 2.18408751488,
    "second_peak_bpm": {
        "kurt": 0,
        "max": 0,
        "mean": 0,
        "median": 0,
        "min": 0,
        "skew": 0,
        "var": 0
    },
    "second_peak_spread": {
        "kurt": 0,
        "max": 0,
        "mean": 0,
        "median": 0,
        "min": 0,
        "skew": 0,
        "var": 0
    },
    "second_peak_weight": {
        "kurt": 0,
        "max": 0,
        "mean": 0,
        "median": 0,
        "min": 0,
        "skew": 0,
        "var": 0
    },
    "beats_position": [],
    "bpm_estimates": [],
    "bpm_intervals": [],
    "onset_times": [0.0348299331963, 0.487619042397],
    "histogram": [[0, 0, 0, 0, 0, 0, 0, 0, 0, 0, 0, 0, 0, 0, 0, 0, 0, 0, 0, 0, 0, 0, 0, 0, 0, 0, 0, 0, 0, 0, 0, 0, 0, 0, 0, 0, 0, 0, 0, 0, 0, 0, 0, 0, 0, 0, 0, 0, 0, 0, 0, 0, 0, 0, 0, 0, 0, 0, 0, 0, 0, 0, 0, 0, 0, 0, 0, 0, 0, 0, 0, 0, 0, 0, 0, 0, 0, 0, 0, 0, 0, 0, 0, 0, 0, 0, 0, 0, 0, 0, 0, 0, 0, 0, 0, 0, 0, 0, 0, 0, 0, 0, 0, 0, 0, 0, 0, 0, 0, 0, 0, 0, 0, 0, 0, 0, 0, 0, 0, 0, 0, 0, 0, 0, 0, 0, 0, 0, 0, 0, 0, 0, 0, 0, 0, 0, 0, 0, 0, 0, 0, 0, 0, 0, 0, 0, 0, 0, 0, 0, 0, 0, 0, 0, 0, 0, 0, 0, 0, 0, 0, 0, 0, 0, 0, 0, 0, 0, 0, 0, 0, 0, 0, 0, 0, 0, 0, 0, 0, 0, 0, 0, 0, 0, 0, 0, 0, 0, 0, 0, 0, 0, 0, 0, 0, 0, 0, 0, 0, 0, 0, 0, 0, 0, 0, 0, 0, 0, 0, 0, 0, 0, 0, 0, 0, 0, 0, 0, 0, 0, 0, 0, 0, 0, 0, 0, 0, 0, 0, 0, 0, 0, 0, 0, 0, 0, 0, 0, 0, 0, 0, 0, 0, 0, 0, 0, 0, 0, 0, 0]]
},
"sfx": {
    "inharmonicity": {
        "kurt": -0.252956151962,
        "max": 0.403157562017,
        "mean": 0.11158760637,
        "median": 0.0382556840777,
        "min": 0.00681082252413,
        "skew": 1.10456633568,
        "var": 0.015297472477
    },
    "oddtoevenharmonicenergyratio": {
        "kurt": 10.5686120987,
        "max": 4.08673000336,
        "mean": 0.989580690861,
        "median": 0.86531239748,
        "min": 0.0998882502317,
        "skew": 2.71110272408,
        "var": 0.4142601192
    },
    "pitch_after_max_to_before_max_energy_ratio": 0.523133993149,
    "pitch_centroid": 20.3090858459,
    "pitch_max_to_total": 0.658536612988,
    "pitch_min_to_total": 0,
    "tristimulus": {
        "kurt": [8.6516752243, -0.896736621857, 2.73782110214],
        "max": [0.310652941465, 0.414821028709, 0.782265722752],
        "mean": [0.0721531808376, 0.272724628448, 0.655122101307],
        "median": [0.0546002276242, 0.268184512854, 0.662673532963],
        "min": [0, 0.176324099302, 0.320813268423],
        "skew": [2.87449336052, 0.336028158665, -1.45271146297],
        "var": [0.0032117429655, 0.00422432972118, 0.00955468975008],
        "cov": [[0.00329203647561, 0.0010857922025, -0.00437782844529], [0.0010857922025, 0.00432993797585, -0.00541573064402], [-0.00437782844529, -0.00541573064402, 0.00979355722666]]
    }
},
"tonal": {
    "chords_changes_rate": 0,
    "chords_number_rate": 0.047619048506,
    "chords_strength": {
        "kurt": -2,
        "max": 0.589901447296,
        "mean": 0.589901328087,
        "median": 0.589901447296,
        "min": 0.589901447296,
        "skew": 1,
        "var": 1.42108547152e-14
    },
    "key_strength": 0.677408576012,
    "tuning_diatonic_strength": 0.514140605927,
    "tuning_equal_tempered_deviation": 0.115526214242,
    "tuning_frequency": 437.718536377,
    "tuning_nontempered_energy_ratio": 0.726944208145,
    "hpcp": {
        "kurt": [15.1335926056, 1.29860591888, 2.33167791367, 1.84788751602, 2.03024959564, 8.55324745178, 3.15861558914, 1.58951091766, -1.01035654545, -1.76023721695, -1.29562520981, 1.99150419235, 3.13091850281, -0.232182025909, -0.816213130951, 3.27874994278, 0.365976810455, 0.015590429306, -1.50325202942, 1.25066375732, 3.40225982666, 8.98435020447, 14.7933654785, 7.2812795639, -0.271976470947, 0.233083248138, 0.25072312355, 1.16730690002, 0.292630434036, 0.305751085281, 5.00217819214, 5.28898525238, -1.17580544949, -0.824225902557, 0.20986032486, 0.0791809558868],
        "max": [0.0781937837601, 0.0302302725613, 0.243640899658, 0.636673986912, 0.485398411751, 0.120227888227, 0.150712713599, 0.427279084921, 0.918879687786, 1, 0.584585607052, 0.0227134674788, 0.0843746140599, 0.14184615016, 0.146794468164, 0.190324008465, 0.314587682486, 1, 1, 1, 0.185816138983, 0.0549951195717, 0.124673753977, 0.110087916255, 0.0814527496696, 0.409886300564, 0.99939763546, 0.904171288013, 0.166924417019, 0.152135327458, 0.598287701607, 1, 0.596539616585, 1, 0.929988920689, 0.15185290575],
        "mean": [0.00573715055361, 0.00771305384114, 0.0602015554905, 0.154281944036, 0.115526869893, 0.0192687567323, 0.0266773328185, 0.101251639426, 0.411233633757, 0.557674825191, 0.227291837335, 0.00559171335772, 0.0178327001631, 0.0506850890815, 0.0604128725827, 0.0465340688825, 0.0948943272233, 0.329864352942, 0.555370092392, 0.330172121525, 0.0335113629699, 0.00556896347553, 0.00947552546859, 0.0142708010972, 0.0276492796838, 0.131997779012, 0.342614471912, 0.264121562243, 0.0483764745295, 0.0392613150179, 0.0861214250326, 0.141084685922, 0.373399496078, 0.726797223091, 0.475142419338, 0.0453289635479],
        "median": [0.00124656874686, 0.00453404290602, 0.0444485507905, 0.0999681726098, 0.061640907079, 0.00767004536465, 0.00936780311167, 0.045091394335, 0.43832758069, 0.445145577192, 0.121976703405, 0.00317420158535, 0.0115663912147, 0.035482082516, 0.056897893548, 0.0362672545016, 0.0736779794097, 0.282664746046, 0.544288694859, 0.358362674713, 0.0113691715524, 0.00110776303336, 0.00149831187446, 0.00417722202837, 0.0264214258641, 0.0771573036909, 0.274735242128, 0.18115362525, 0.0237951185554, 0.0205050036311, 0.0274556130171, 0.0470520332456, 0.43331643939, 0.874612569809, 0.478707551956, 0.0254500899464],
        "min": [0.000152689652168, 0.000153766173753, 0.00330476602539, 0.0137446569279, 0.00500355334952, 0.00183392362669, 0.000294968107482, 0.00041248666821, 0.0556485615671, 0.0199546124786, 0.00647332984954, 0.000691195833497, 0.000622471328825, 0.00843307003379, 0.0127533152699, 0.00818571541458, 0.00068247114541, 0.0546063557267, 0.0266975406557, 0.0117042865604, 0.00188552262262, 0, 0.000443015189376, 0.000453204003861, 0.000369939079974, 0.00937570258975, 0.0191400311887, 0.0118623385206, 0.00406379578635, 0.000264011090621, 0.000514460669365, 0.000699567375705, 0.0543762408197, 0.032997276634, 0.0247330088168, 0.00394172873348],
        "skew": [4.0851931572, 1.39921665192, 1.70068669319, 1.66279923916, 1.72829926014, 2.86624526978, 1.96743083, 1.39317893982, 0.332483381033, 0.0574997141957, 0.575393974781, 1.6064606905, 1.82515871525, 1.03497552872, 0.631905972958, 1.85034954548, 1.2163079977, 0.917682886124, -0.0518618673086, 1.17312407494, 2.05686593056, 3.12339711189, 4.02718114853, 2.79168725014, 0.600360155106, 1.18748831749, 1.09083127975, 1.24630558491, 1.14855229855, 1.12618482113, 2.5494222641, 2.6632502079, -0.537664353848, -0.826310753822, -0.010088047944, 1.01444113255],
        "var": [0.000269077456323, 5.89949049754e-05, 0.00356541993096, 0.0262700170279, 0.0164773091674, 0.000657449709252, 0.0014389785938, 0.0115360794589, 0.0673334226012, 0.158278644085, 0.0451469346881, 3.14113822242e-05, 0.000406851555454, 0.00174635625444, 0.00177478510886, 0.00188709585927, 0.0086292847991, 0.0669033750892, 0.105571381748, 0.059448286891, 0.00222732615657, 0.000156569876708, 0.000686682877131, 0.000641664373688, 0.000471156148706, 0.0139855993912, 0.082513384521, 0.0486024096608, 0.00204268610105, 0.0018563043559, 0.0250264201313, 0.0791707858443, 0.0328398942947, 0.105026960373, 0.0499157235026, 0.00189705158118],
