{
"metadata": {
    "version": {
        "essentia": "2.1-beta3"
    }
},
"lowLevel": {
    "average_loudness": 0.00471813930199,
    "barkbands_kurtosis": {
        "kurt": 23.0477218628,
        "max": 10.6781625748,
        "mean": -0.807068645954,
        "median": -1.07859063148,
        "min": -1.92596292496,
        "skew": 3.83067631721,
        "var": 0.875514745712
    },
    "barkbands_skewness": {
        "kurt": 2.43082332611,
        "max": 3.056183815,
        "mean": 0.22131228447,
        "median": 0.239751070738,
        "min": -3.07599258423,
        "skew": -0.428846925497,
        "var": 0.222728386521
    },
    "barkbands_spread": {
        "kurt": 0.305932760239,
        "max": 47.9043769836,
        "mean": 25.4765357971,
        "median": 26.1590194702,
        "min": 2.9752612114,
        "skew": -0.516377329826,
        "var": 39.9322967529
    },
    "dissonance": {
        "kurt": 26.7491188049,
        "max": 0.500000119209,
        "mean": 0.481701463461,
        "median": 0.485330492258,
        "min": 0.141021758318,
        "skew": -2.97511291504,
        "var": 0.000231506492128
    },
    "hfc": {
        "kurt": 4626.13964844,
        "max": 209.615356445,
        "mean": 0.541638731956,
        "median": 0.347460508347,
        "min": 1.10553575605e-16,
        "skew": 59.7326774597,
        "var": 5.76313018799
    },
    "pitch": {
        "kurt": -0.437971830368,
        "max": 4229.85009766,
        "mean": 1025.94311523,
        "median": 300.641601562,
        "min": 62.5581054688,
        "skew": 1.19561052322,
        "var": 1627621.5
    },
    "pitch_instantaneous_confidence": {
        "kurt": 3.56039714813,
        "max": 0.968306422234,
        "mean": 0.278646677732,
        "median": 0.247515201569,
        "min": 0.101191401482,
        "skew": 1.680803895,
        "var": 0.0120390886441
    },
    "pitch_salience": {
        "kurt": 3.53096675873,
        "max": 0.997754275799,
        "mean": 0.729498565197,
        "median": 0.742214560509,
        "min": 0.289298772812,
        "skew": -1.43081176281,
        "var": 0.0040362640284
    },
    "silence_rate_20dB": {
        "kurt": 0,
        "max": 1,
        "mean": 1,
        "median": 1,
        "min": 1,
        "skew": 0,
        "var": 0
    },
    "silence_rate_30dB": {
        "kurt": 0,
        "max": 1,
        "mean": 1,
        "median": 1,
        "min": 1,
        "skew": 0,
        "var": 0
    },
    "silence_rate_60dB": {
        "kurt": 266.551147461,
        "max": 1,
        "mean": 0.996319174767,
        "median": 1,
        "min": 0,
        "skew": -16.3856754303,
        "var": 0.003668154357
    },
    "spectral_centroid": {
        "kurt": 202.545837402,
        "max": 11695.015625,
        "mean": 1384.16564941,
        "median": 1321.74060059,
        "min": 374.331329346,
        "skew": 11.1531257629,
        "var": 274316.40625
    },
    "spectral_complexity": {
        "kurt": 73.5728530884,
        "max": 33,
        "mean": 0.689855694771,
        "median": 0,
        "min": 0,
        "skew": 7.01922416687,
        "var": 2.43348264694
    },
    "spectral_crest": {
        "kurt": 3.54133844376,
        "max": 22.4723892212,
        "mean": 6.17830181122,
        "median": 5.48600244522,
        "min": 2.34256434441,
        "skew": 1.61968803406,
        "var": 7.01992797852
    },
    "spectral_decrease": {
        "kurt": 3179.31274414,
        "max": 2.18987214325e-28,
        "mean": -8.10480016433e-11,
        "median": -6.12352391016e-11,
        "min": -1.47514471749e-08,
        "skew": -46.5716629028,
        "var": 3.44273346426e-20
    },
    "spectral_energy": {
        "kurt": 3548.87573242,
        "max": 0.074688076973,
        "mean": 0.000355022668373,
        "median": 0.00026383556542,
        "min": 1.03335376464e-20,
        "skew": 50.0648918152,
        "var": 8.34987019971e-07
    },
    "spectral_energyband_high": {
        "kurt": 316.812316895,
        "max": 0.000470445054816,
        "mean": 6.11346831647e-06,
        "median": 3.05624848806e-06,
        "min": 7.24119885901e-21,
        "skew": 15.14930439,
        "var": 2.38384145756e-10
    },
    "spectral_energyband_low": {
        "kurt": 118.351203918,
        "max": 0.000334760872647,
        "mean": 9.67972482613e-06,
        "median": 6.31569400866e-06,
        "min": 1.64824739532e-23,
        "skew": 8.5561876297,
        "var": 2.03735875393e-10
    },
    "spectral_energyband_middle_high": {
        "kurt": 4452.36962891,
        "max": 0.0686691999435,
        "mean": 0.000209390680538,
        "median": 0.000145116937347,
        "min": 1.20994935333e-21,
        "skew": 58.2780227661,
        "var": 6.29630960702e-07
    },
    "spectral_energyband_middle_low": {
        "kurt": 430.216522217,
        "max": 0.00821558944881,
        "mean": 0.000134351430461,
        "median": 9.72042034846e-05,
        "min": 1.70504825195e-22,
        "skew": 13.895986557,
        "var": 3.18874278094e-08
    },
    "spectral_flatness_db": {
        "kurt": 5.85476779938,
        "max": 0.352588176727,
        "mean": 0.137785300612,
        "median": 0.13503664732,
        "min": 0.0623669698834,
        "skew": 1.3045759201,
        "var": 0.000419810472522
    },
    "spectral_flux": {
        "kurt": 252.598464966,
        "max": 0.234701067209,
        "mean": 0.0110568851233,
        "median": 0.0104168523103,
        "min": 6.65374214059e-11,
        "skew": 9.12192726135,
        "var": 3.08389171551e-05
    },
    "spectral_kurtosis": {
        "kurt": 3.73560762405,
        "max": 21.6610469818,
        "mean": 6.86809110641,
        "median": 6.50312519073,
        "min": -1.24797415733,
        "skew": 1.28098785877,
        "var": 4.2484498024
    },
    "spectral_rms": {
        "kurt": 129.446228027,
        "max": 0.00853618234396,
        "mean": 0.000532931531779,
        "median": 0.000507346587256,
        "min": 3.17513788699e-12,
        "skew": 6.41743755341,
        "var": 6.23469205152e-08
    },
    "spectral_rolloff": {
        "kurt": 159.162658691,
        "max": 19595.2148438,
        "mean": 2753.68383789,
        "median": 2885.44921875,
        "min": 344.53125,
        "skew": 8.81451129913,
        "var": 845410.125
    },
    "spectral_skewness": {
        "kurt": 4.7760477066,
        "max": 3.47694730759,
        "mean": 1.92401528358,
        "median": 1.90152359009,
        "min": -0.0584912672639,
        "skew": 0.142218858004,
        "var": 0.0799551308155
    },
    "spectral_spread": {
        "kurt": 426.527008057,
        "max": 42827940,
        "mean": 3607572,
        "median": 3517287.5,
        "min": 1808075,
        "skew": 19.2014923096,
        "var": 2.7605359657e+12
    },
    "spectral_strongpeak": {
        "kurt": 1178.05358887,
        "max": 17.2241268158,
        "mean": 0.120962686837,
        "median": 0.0571116916835,
        "min": 6.48346432097e-10,
        "skew": 28.883348465,
        "var": 0.120333813131
    },
    "zerocrossingrate": {
        "kurt": 174.037750244,
        "max": 0.52783203125,
        "mean": 0.0804420337081,
        "median": 0.0791015625,
        "min": 0.0322265625,
        "skew": 10.0020236969,
        "var": 0.000541324203368
    },
    "barkbands": {
        "kurt": [278.900146484, 211.689697266, 86.2549514771, 104.987304688, 87.8867416382, 2593.50732422, 291.633270264, 47.2476005554, 101.006782532, 19.5295677185, 28.4470252991, 416.385803223, 1519.14404297, 1253.45349121, 260.948638916, 4508.20703125, 4268.47460938, 6279.75976562, 932.987243652, 755.274902344, 534.595031738, 1603.03027344, 3967.42114258, 1202.6541748, 4121.83251953, 6650.06787109, 1126.14416504],
        "max": [8.53135588841e-06, 0.000275259400951, 0.000107684762042, 0.000243929011049, 0.00191871717107, 0.00690137082711, 0.00164413475432, 0.000280613545328, 0.000459684990346, 0.000345876120264, 0.000553995079827, 0.00098289817106, 0.00144284707494, 0.0015135682188, 0.000564648245927, 0.00498167518526, 0.00707533070818, 0.0621637403965, 0.00548972468823, 0.00157896813471, 0.000239065208007, 0.000142489225254, 7.15995993232e-05, 1.07641144496e-05, 3.09249699058e-05, 1.01990044641e-05, 3.46188411271e-09],
        "mean": [8.931106521e-08, 3.99964119424e-06, 3.61838010576e-06, 5.57749854124e-06, 5.23775124748e-05, 2.40439530899e-05, 1.95057036763e-05, 1.31537626658e-05, 1.48949147842e-05, 2.02050068765e-05, 2.48337473749e-05, 1.5696783521e-05, 1.18418420243e-05, 1.19296482808e-05, 1.12278703455e-05, 1.29582631416e-05, 1.63301538123e-05, 3.88915577787e-05, 4.05698083341e-05, 9.8571235867e-06, 2.15978411688e-06, 9.37478148444e-07, 1.81994579407e-07, 7.99875792268e-08, 5.65532936037e-08, 4.25167989704e-09, 2.8205634009e-11],
        "median": [3.29394893583e-08, 2.06197864827e-06, 2.05064975489e-06, 3.11349231197e-06, 2.91603573714e-05, 1.41791215356e-05, 1.03518477772e-05, 9.08376478037e-06, 1.03372303784e-05, 1.1712376363e-05, 1.35975224111e-05, 1.01672530946e-05, 7.97780739958e-06, 7.59656268201e-06, 8.0046174844e-06, 7.79511901783e-06, 9.29282032303e-06, 1.50459909491e-05, 2.1517600544e-05, 4.12698136643e-06, 1.15673469736e-06, 6.01500005359e-07, 1.05751553292e-07, 4.45135874827e-08, 2.27949001896e-08, 1.29220434353e-09, 1.68586967303e-11],
        "min": [6.69977890475e-25, 2.47052933942e-24, 5.14613569293e-24, 1.75208432797e-24, 8.11009595085e-24, 1.23520944945e-23, 6.79326148581e-24, 1.56863460613e-23, 1.5276464979e-23, 2.50201766909e-23, 1.82494829378e-23, 3.75033435802e-23, 3.27783318152e-23, 5.06147387841e-23, 5.68250273277e-23, 5.68284793831e-23, 8.57452424039e-23, 1.19624003627e-22, 1.3657171461e-22, 1.65299668507e-22, 2.59373754835e-22, 4.33838914209e-22, 4.87802200298e-22, 6.23341075102e-22, 9.58599538218e-22, 1.28581732514e-21, 1.90677975111e-21],
        "skew": [11.6114711761, 11.7411184311, 7.22924137115, 7.533452034, 7.10845041275, 45.7466049194, 15.442481041, 5.03417348862, 6.62925577164, 3.52548646927, 4.33357095718, 11.2776346207, 31.5861301422, 30.1986255646, 10.7891178131, 59.4498252869, 58.5506324768, 73.7988433838, 24.1820011139, 20.4801635742, 18.0705680847, 35.9089660645, 57.8937263489, 29.7738456726, 57.2667503357, 77.2406768799, 26.6688728333],
        "var": [4.44696634117e-14, 8.16278850069e-11, 3.30350330424e-11, 7.86301718181e-11, 6.76371270103e-09, 9.94775373186e-09, 3.4338936139e-09, 2.27068530645e-10, 2.8912630623e-10, 6.44722553123e-10, 1.27642652004e-09, 4.0382203137e-10, 5.79987724514e-10, 8.633186388e-10, 2.1087154245e-10, 3.31055405312e-09, 7.08441305619e-09, 4.36306692109e-07, 1.07331290522e-08, 8.53685067081e-10, 2.67382296859e-11, 7.39405064953e-12, 7.87897741841e-13, 4.7793556222e-14, 1.3685093911e-13, 1.14816696664e-14, 4.29353630332e-21],
        "cov": [[4.4472936347e-14, 6.88922714449e-13, 1.54770469986e-13, 1.22759414396e-13, 9.98544563008e-13, 1.19030829572e-13, 1.87589080012e-13, 1.98106532264e-13, 1.79268790567e-13, 1.39168868487e-13, 1.47179645316e-13, 2.73084614817e-13, 3.50286504447e-13, 2.41294587392e-13, 2.26959686396e-13, 3.53613541443e-13, 3.50321334441e-13, 1.17042782259e-13, 1.04344983175e-12, 2.89050413379e-13, 4.34103877248e-14, 1.53481997348e-14, 2.63114585559e-15, 1.72562676564e-15, 6.80598914053e-16, -3.15834697055e-17, 5.01098260266e-19], [6.88922714449e-13, 8.1633894089e-11, 2.22489214552e-11, 1.76635824023e-11, 1.09707028184e-10, 3.50362794332e-11, 4.42344563756e-11, 1.51840900964e-11, 1.50911731028e-11, 1.60180774894e-11, 1.41451034913e-11, 2.01943826245e-11, 1.46688355906e-11, 1.74165421668e-11, 1.49249120007e-11, 1.82047085739e-11, 1.79907356374e-11, 8.49537020592e-12, 5.53866813524e-11, 1.32096616631e-11, 3.26610288294e-12, 9.14010186981e-13, 2.03164796184e-13, 9.35013378571e-14, 8.85186631568e-14, 4.50803512968e-15, 4.13870091847e-17], [1.54770469986e-13, 2.22489214552e-11, 3.30374651247e-11, 1.19273887642e-11, 5.47444069243e-11, 2.33742192268e-11, 2.4107186733e-11, 1.08247829103e-11, 8.59923156987e-12, 6.28113533407e-12, 4.4703572441e-12, 5.89189157532e-12, 4.0222113834e-12, 7.13592639839e-12, 8.21255476818e-12, 1.32147235862e-11, 1.23229360743e-11, 1.69651827309e-11, 3.99457272815e-11, 8.12550460944e-12, 2.25295997136e-12, 7.28229000539e-13, 1.27744901246e-13, 5.28270867805e-14, 3.01931500906e-14, -1.96256496263e-15, 1.88680592555e-17], [1.22759414396e-13, 1.76635824023e-11, 1.19273887642e-11, 7.86359657945e-11, 3.52382900637e-10, 1.67154665109e-10, 6.25487300843e-11, 3.64590579949e-11, 3.54076594433e-11, 2.03292816608e-11, 2.14562274198e-11, 3.09341788296e-11, 2.20798622441e-11, 3.25206216123e-11, 3.89304387338e-11, 5.68794247813e-11, 8.74419078811e-11, 3.53594875602e-10, 2.62435156939e-10, 9.71377075998e-11, 1.60021284418e-11, 4.25372280802e-12, 7.66688578943e-13, 2.65426217247e-13, 3.36102131369e-13, 2.76239246728e-14, 1.47511873025e-16], [9.98544563008e-13, 1.09707028184e-10, 5.47444069243e-11, 3.52382900637e-10, 6.76421096912e-09, 1.5490451144e-09, 7.92252818904e-10, 3.63866853315e-10, 4.41202241408e-10, 3.16657533528e-10, 3.51067702686e-10, 4.32188229649e-10, 3.0409708085e-10, 3.4809324867e-10, 4.24251994646e-10, 5.8445309703e-10, 8.64082527752e-10, 2.74860356697e-09, 2.61181143379e-09, 9.73919278557e-10, 1.57587332072e-10, 4.25455087827e-11, 8.00991911687e-12, 3.13234442724e-12, 3.73495765565e-12, 3.24304331219e-13, 1.50435529004e-15], [1.19030829572e-13, 3.50362794332e-11, 2.33742192268e-11, 1.67154665109e-10, 1.5490451144e-09, 9.94848647906e-09, 6.58367527162e-10, 1.2845913222e-10, 2.57207505294e-10, 9.6040120301e-11, 1.12728798518e-10, 1.66871141905e-10, 3.23353899212e-10, 4.86316598103e-10, 3.27619348317e-10, 8.79721850922e-10, 2.42176678711e-09, 4.62269476031e-08, 4.39400071883e-09, 9.65779456408e-10, 1.9745159674e-10, 1.09958354921e-10, 1.63163319661e-11, 4.86963464344e-12, 6.7385658685e-12, 1.11700619999e-13, 4.35185030102e-15], [1.87589080012e-13, 4.42344563756e-11, 2.4107186733e-11, 6.25487300843e-11, 7.92252818904e-10, 6.58367527162e-10, 3.43414652271e-09, 1.69723277099e-10, 1.95211125043e-10, 2.33757679879e-10, 1.28541025046e-10, 2.49800097274e-10, 4.52701987008e-10, 8.61695326204e-10, 2.72277950186e-10, 7.98158761306e-10, 1.0526310934e-09, 1.15869436268e-09, 1.31827004868e-09, 3.04657993278e-10, 7.54904611044e-11, 3.38062702832e-11, 1.06686378482e-11, 3.01515843543e-12, 1.31004961653e-12, 5.02215863297e-14, 7.73460088972e-16], [1.98106532264e-13, 1.51840900964e-11, 1.08247829103e-11, 3.64590579949e-11, 3.63866853315e-10, 1.2845913222e-10, 1.69723277099e-10, 2.27085253379e-10, 7.72085173573e-11, 5.43474674986e-11, 7.44475106562e-11, 6.89776638585e-11, 4.89376456025e-11, 5.79711556536e-11, 6.04422761841e-11, 8.03940594651e-11, 1.03565017673e-10, 2.52450088611e-10, 3.17896486912e-10, 1.02659457324e-10, 1.64098543781e-11, 4.9600939675e-12, 1.05507855057e-12, 4.85842757084e-13, 4.48955190515e-13, 2.5282403734e-14, 1.87996871531e-16], [1.79268790567e-13, 1.50911731028e-11, 8.59923156987e-12, 3.54076594433e-11, 4.41202241408e-10, 2.57207505294e-10, 1.95211125043e-10, 7.72085173573e-11, 2.89147594756e-10, 1.26956375968e-10, 1.13340142827e-10, 9.48001330214e-11, 1.81006307165e-10, 1.67500416315e-10, 1.06124650734e-10, 4.11676054357e-10, 5.59688961843e-10, 7.77891473458e-10, 8.06224809136e-10, 1.73237257872e-10, 4.01412618423e-11, 2.08024934084e-11, 6.62893351322e-12, 1.40274250549e-12, 5.3314655208e-13, 3.22025087531e-14, 2.5082231108e-16], [1.39168868487e-13, 1.60180774894e-11, 6.28113533407e-12, 2.03292816608e-11, 3.16657533528e-10, 9.6040120301e-11, 2.33757679879e-10, 5.43474674986e-11, 1.26956375968e-10, 6.44770015157e-10, 2.67839583845e-10, 1.66084840325e-10, 9.0426208188e-11, 1.34160363374e-10, 6.80095146866e-11, 1.98185967637e-10, 1.41623088257e-10, 1.36050420929e-10, 3.06883740642e-10, 8.685153291e-11, 1.57389795641e-11, 6.76176085609e-12, 1.65166740961e-12, 4.52939470869e-13, 5.02627778808e-13, 7.34179698373e-14, 1.62162088707e-16], [1.47179645316e-13, 1.41451034913e-11, 4.4703572441e-12, 2.14562274198e-11, 3.51067702686e-10, 1.12728798518e-10, 1.28541025046e-10, 7.44475106562e-11, 1.13340142827e-10, 2.67839583845e-10, 1.27652055593e-09, 1.98765129356e-10, 1.54826179655e-10, 1.19327603354e-10, 9.02174654427e-11, 1.77155207171e-10, 3.31749849813e-10, 1.79504813791e-10, 3.50646844893e-10, 1.04546468704e-10, 2.11309251347e-11, 7.37696102121e-12, 2.48429228578e-12, 6.00274224858e-13, 4.55894328365e-13, 5.4551384975e-14, 1.62609785324e-16], [2.73084614817e-13, 2.01943826245e-11, 5.89189157532e-12, 3.09341788296e-11, 4.32188229649e-10, 1.66871141905e-10, 2.49800097274e-10, 6.89776638585e-11, 9.48001330214e-11, 1.66084840325e-10, 1.98765129356e-10, 4.03851785347e-10, 1.62920260616e-10, 1.95446742124e-10, 1.09669780202e-10, 2.98783942032e-10, 3.92920584957e-10, 4.67137106774e-10, 5.94874816073e-10, 1.95308949569e-10, 3.09454406544e-11, 1.10002016177e-11, 2.93357612507e-12, 7.11820739071e-13, 5.04659790519e-13, 7.7562007381e-14, 2.12140367787e-16], [3.50286504447e-13, 1.46688355906e-11, 4.0222113834e-12, 2.20798622441e-11, 3.0409708085e-10, 3.23353899212e-10, 4.52701987008e-10, 4.89376456025e-11, 1.81006307165e-10, 9.0426208188e-11, 1.54826179655e-10, 1.62920260616e-10, 5.80030412589e-10, 4.13920620002e-10, 1.85233259287e-10, 8.71925087687e-10, 1.49360335211e-09, 9.08728314819e-10, 1.38007905104e-09, 2.31199656642e-10, 7.19058146359e-11, 3.86088626347e-11, 1.47562274899e-11, 2.68378375079e-12, 4.09978501885e-13, 1.65436918722e-14, 2.39941855235e-16], [2.41294587392e-13, 1.74165421668e-11, 7.13592639839e-12, 3.25206216123e-11, 3.4809324867e-10, 4.86316598103e-10, 8.61695326204e-10, 5.79711556536e-11, 1.67500416315e-10, 1.34160363374e-10, 1.19327603354e-10, 1.95446742124e-10, 4.13920620002e-10, 8.63382199068e-10, 2.68867567099e-10, 8.36217761702e-10, 1.39342037908e-09, 1.35783617683e-09, 1.31341792997e-09, 2.88375046065e-10, 7.5805792199e-11, 3.61883092936e-11, 1.31882265525e-11, 2.31554012076e-12, 5.45585115714e-13, 2.42751290938e-14, 3.49276603369e-16], [2.26959686396e-13, 1.49249120007e-11, 8.21255476818e-12, 3.89304387338e-11, 4.24251994646e-10, 3.27619348317e-10, 2.72277950186e-10, 6.04422761841e-11, 1.06124650734e-10, 6.80095146866e-11, 9.02174654427e-11, 1.09669780202e-10, 1.85233259287e-10, 2.68867567099e-10, 2.10887071694e-10, 3.18703535784e-10, 6.78995748515e-10, 1.23059007429e-09, 7.74551534022e-10, 2.18837448163e-10, 4.51210839525e-11, 1.70615813144e-11, 5.74137612452e-12, 1.17729502362e-12, 5.51124575664e-13, 2.09510668769e-14, 2.46905445443e-16], [3.53613541443e-13, 1.82047085739e-11, 1.32147235862e-11, 5.68794247813e-11, 5.8445309703e-10, 8.79721850922e-10, 7.98158761306e-10, 8.03940594651e-11, 4.11676054357e-10, 1.98185967637e-10, 1.77155207171e-10, 2.98783942032e-10, 8.71925087687e-10, 8.36217761702e-10, 3.18703535784e-10, 3.31079763605e-09, 2.3379944647e-09, 2.97105851033e-09, 3.44990969126e-09, 6.31077301527e-10, 1.59957602719e-10, 1.02957281589e-10, 3.16891721197e-11, 5.67435898616e-12, 1.00867632389e-12, 4.14555881485e-14, 5.80378028673e-16], [3.50321334441e-13, 1.79907356374e-11, 1.23229360743e-11, 8.74419078811e-11, 8.64082527752e-10, 2.42176678711e-09, 1.0526310934e-09, 1.03565017673e-10, 5.59688961843e-10, 1.41623088257e-10, 3.31749849813e-10, 3.92920584957e-10, 1.49360335211e-09, 1.39342037908e-09, 6.78995748515e-10, 2.3379944647e-09, 7.08493486101e-09, 1.71626073353e-08, 5.66119551237e-09, 9.07775132841e-10, 2.97828234297e-10, 1.61833893508e-10, 6.23837440039e-11, 1.0717316791e-11, 2.42445126475e-12, 9.88349145906e-14, 1.23658837602e-15], [1.17042782259e-13, 8.49537020592e-12, 1.69651827309e-11, 3.53594875602e-10, 2.74860356697e-09, 4.62269476031e-08, 1.15869436268e-09, 2.52450088611e-10, 7.77891473458e-10, 1.36050420929e-10, 1.79504813791e-10, 4.67137106774e-10, 9.08728314819e-10, 1.35783617683e-09, 1.23059007429e-09, 2.97105851033e-09, 1.71626073353e-08, 4.3633880864e-07, 2.68660738101e-08, 4.25602930676e-09, 9.28782217802e-10, 7.29298843538e-10, 7.53679965659e-11, 2.48389937091e-11, 4.33890284812e-11, 4.90184824155e-13, 2.06690980791e-14], [1.04344983175e-12, 5.53866813524e-11, 3.99457272815e-11, 2.62435156939e-10, 2.61181143379e-09, 4.39400071883e-09, 1.31827004868e-09, 3.17896486912e-10, 8.06224809136e-10, 3.06883740642e-10, 3.50646844893e-10, 5.94874816073e-10, 1.38007905104e-09, 1.31341792997e-09, 7.74551534022e-10, 3.44990969126e-09, 5.66119551237e-09, 2.68660738101e-08, 1.0733919531e-08, 2.03511296704e-09, 4.0741413021e-10, 2.44415848671e-10, 6.49808193365e-11, 1.43302895592e-11, 7.02051134241e-12, 3.34848603923e-13, 2.90832849374e-15], [2.89050413379e-13, 1.32096616631e-11, 8.12550460944e-12, 9.71377075998e-11, 9.73919278557e-10, 9.65779456408e-10, 3.04657993278e-10, 1.02659457324e-10, 1.73237257872e-10, 8.685153291e-11, 1.04546468704e-10, 1.95308949569e-10, 2.31199656642e-10, 2.88375046065e-10, 2.18837448163e-10, 6.31077301527e-10, 9.07775132841e-10, 4.25602930676e-09, 2.03511296704e-09, 8.53747905705e-10, 1.0767337022e-10, 4.33956828805e-11, 9.91303567011e-12, 2.23615245244e-12, 1.6551332787e-12, 9.15895573901e-14, 7.2369457398e-16], [4.34103877248e-14, 3.26610288294e-12, 2.25295997136e-12, 1.60021284418e-11, 1.57587332072e-10, 1.9745159674e-10, 7.54904611044e-11, 1.64098543781e-11, 4.01412618423e-11, 1.57389795641e-11, 2.11309251347e-11, 3.09454406544e-11, 7.19058146359e-11, 7.5805792199e-11, 4.51210839525e-11, 1.59957602719e-10, 2.97828234297e-10, 9.28782217802e-10, 4.0741413021e-10, 1.0767337022e-10, 2.67401985971e-11, 1.03925800257e-11, 3.10617482256e-12, 6.04151602877e-13, 3.19286182779e-13, 1.7132522072e-14, 1.46133710715e-16], [1.53481997348e-14, 9.14010186981e-13, 7.28229000539e-13, 4.25372280802e-12, 4.25455087827e-11, 1.09958354921e-10, 3.38062702832e-11, 4.9600939675e-12, 2.08024934084e-11, 6.76176085609e-12, 7.37696102121e-12, 1.10002016177e-11, 3.86088626347e-11, 3.61883092936e-11, 1.70615813144e-11, 1.02957281589e-10, 1.61833893508e-10, 7.29298843538e-10, 2.44415848671e-10, 4.33956828805e-11, 1.03925800257e-11, 7.39459535271e-12, 2.00141726109e-12, 3.98762511726e-13, 1.55128947882e-13, 8.06069417486e-15, 6.64072242461e-17], [2.63114585559e-15, 2.03164796184e-13, 1.27744901246e-13, 7.66688578943e-13, 8.00991911687e-12, 1.63163319661e-11, 1.06686378482e-11, 1.05507855057e-12, 6.62893351322e-12, 1.65166740961e-12, 2.48429228578e-12, 2.93357612507e-12, 1.47562274899e-11, 1.31882265525e-11, 5.74137612452e-12, 3.16891721197e-11, 6.23837440039e-11, 7.53679965659e-11, 6.49808193365e-11, 9.91303567011e-12, 3.10617482256e-12, 2.00141726109e-12, 7.87955746658e-13, 1.34889495407e-13, 2.98175621292e-14, 1.93667921225e-15, 1.08282566123e-17], [1.72562676564e-15, 9.35013378571e-14, 5.28270867805e-14, 2.65426217247e-13, 3.13234442724e-12, 4.86963464344e-12, 3.01515843543e-12, 4.85842757084e-13, 1.40274250549e-12, 4.52939470869e-13, 6.00274224858e-13, 7.11820739071e-13, 2.68378375079e-12, 2.31554012076e-12, 1.17729502362e-12, 5.67435898616e-12, 1.0717316791e-11, 2.48389937091e-11, 1.43302895592e-11, 2.23615245244e-12, 6.04151602877e-13, 3.98762511726e-13, 1.34889495407e-13, 4.77970764909e-14, 1.1854435314e-14, 7.90133191385e-16, 4.10420591528e-18], [6.80598914053e-16, 8.85186631568e-14, 3.01931500906e-14, 3.36102131369e-13, 3.73495765565e-12, 6.7385658685e-12, 1.31004961653e-12, 4.48955190515e-13, 5.3314655208e-13, 5.02627778808e-13, 4.55894328365e-13, 5.04659790519e-13, 4.09978501885e-13, 5.45585115714e-13, 5.51124575664e-13, 1.00867632389e-12, 2.42445126475e-12, 4.33890284812e-11, 7.02051134241e-12, 1.6551332787e-12, 3.19286182779e-13, 1.55128947882e-13, 2.98175621292e-14, 1.1854435314e-14, 1.36861008637e-13, 3.20960400998e-14, 4.89810781102e-18], [-3.15834697055e-17, 4.50803512968e-15, -1.96256496263e-15, 2.76239246728e-14, 3.24304331219e-13, 1.11700619999e-13, 5.02215863297e-14, 2.5282403734e-14, 3.22025087531e-14, 7.34179698373e-14, 5.4551384975e-14, 7.7562007381e-14, 1.65436918722e-14, 2.42751290938e-14, 2.09510668769e-14, 4.14555881485e-14, 9.88349145906e-14, 4.90184824155e-13, 3.34848603923e-13, 9.15895573901e-14, 1.7132522072e-14, 8.06069417486e-15, 1.93667921225e-15, 7.90133191385e-16, 3.20960400998e-14, 1.14825150053e-14, 2.72176516881e-19], [5.01098260266e-19, 4.13870091847e-17, 1.88680592555e-17, 1.47511873025e-16, 1.50435529004e-15, 4.35185030102e-15, 7.73460088972e-16, 1.87996871531e-16, 2.5082231108e-16, 1.62162088707e-16, 1.62609785324e-16, 2.12140367787e-16, 2.39941855235e-16, 3.49276603369e-16, 2.46905445443e-16, 5.80378028673e-16, 1.23658837602e-15, 2.06690980791e-14, 2.90832849374e-15, 7.2369457398e-16, 1.46133710715e-16, 6.64072242461e-17, 1.08282566123e-17, 4.10420591528e-18, 4.89810781102e-18, 2.72176516881e-19, 4.2938525545e-21]]
    },
    "mfcc": {
        "kurt": [10.0330715179, 21.9387207031, 1.73441028595, 0.330379009247, 0.233067035675, 0.467701196671, 0.418805360794, 0.360596895218, 0.376086950302, 0.287595748901, -0.0961859226227, 0.0727586746216, 0.21231508255],
        "max": [-653.734985352, 170.979278564, 18.4381408691, 81.3512115479, 32.815662384, 9.92549133301, 41.2730712891, 30.967042923, 19.0271568298, 18.2319736481, 28.466960907, 12.3562793732, 22.696685791],
        "mean": [-852.372924805, 129.535369873, -57.237991333, 26.4944858551, -8.21761131287, -17.6284446716, 3.74096226692, -2.70850157738, -10.7650146484, -9.487408638, -1.59301662445, -12.0472726822, -4.3804101944],
        "median": [-848.289672852, 131.097976685, -58.0511322021, 27.6036872864, -8.45793533325, -17.3926677704, 3.42477226257, -2.9754486084, -10.8624992371, -9.46850585938, -1.38268089294, -12.0822353363, -4.33491897583],
        "min": [-1138.42004395, 1.14440917969e-05, -114.932037354, -28.0806045532, -50.2501564026, -59.1164588928, -45.110332489, -40.3459014893, -53.5960922241, -42.2540473938, -27.1683177948, -34.6317176819, -30.878200531],
        "skew": [-1.79174542427, -3.27082753181, 0.629004061222, -0.37113904953, 0.136563196778, -0.196648612618, 0.157997563481, 0.207114771008, -0.0103008821607, -0.0452745147049, -0.0755316242576, 0.0487814098597, -0.0191618874669],
        "var": [2035.4440918, 257.54788208, 234.897079468, 206.079467773, 90.5325622559, 55.3920822144, 64.8684921265, 57.6744346619, 46.4076118469, 41.9995346069, 49.291519165, 37.063785553, 34.2203483582],
        "cov": [[2035.59387207, 265.404418945, -487.568511963, 373.722442627, -135.942108154, 2.81439518929, 7.43999290466, -63.8455200195, -79.7216262817, -37.2778015137, -7.55036973953, -39.3326034546, 4.71185779572], [265.404418945, 257.566833496, -56.1222038269, -25.5172157288, 5.48271369934, -18.8592433929, 26.1124286652, 8.13965511322, 6.13670730591, -12.6627597809, -13.2180690765, -12.4738073349, -2.20263695717], [-487.568511963, -56.1222038269, 234.914382935, -47.6667480469, 30.1226005554, 11.6759490967, -4.4850063324, 23.5422325134, 20.9541702271, 12.2469940186, 10.143283844, 13.6545801163, 1.84442126751], [373.722442627, -25.5172157288, -47.6667480469, 206.09463501, 3.88444542885, 21.5177021027, -11.7089805603, -33.7760772705, -16.6980686188, 4.89900636673, 23.5189094543, 3.4539141655, 1.77601051331], [-135.942108154, 5.48271369934, 30.1226005554, 3.88444542885, 90.5392303467, 10.6943397522, -13.1554040909, -4.81272554398, 2.48524475098, 9.9551153183, 13.5238237381, 11.5832300186, -1.69379711151], [2.81439518929, -18.8592433929, 11.6759490967, 21.5177021027, 10.6943397522, 55.3961601257, 15.4432563782, 2.53332400322, 5.08350610733, -0.574993848801, 6.03671693802, 3.98796629906, 4.92217636108], [7.43999290466, 26.1124286652, -4.4850063324, -11.7089805603, -13.1554040909, 15.4432563782, 64.8732681274, 28.3306388855, 8.99992656708, -1.59737122059, -12.6285905838, -1.00288200378, 4.77040958405], [-63.8455200195, 8.13965511322, 23.5422325134, -33.7760772705, -4.81272554398, 2.53332400322, 28.3306388855, 57.6786804199, 24.2624797821, -0.572048723698, -3.24402594566, -0.177792176604, 3.38480520248], [-79.7216262817, 6.13670730591, 20.9541702271, -16.6980686188, 2.48524475098, 5.08350610733, 8.99992656708, 24.2624797821, 46.4110298157, 16.1320438385, 3.7584335804, 2.96476244926, -1.10743367672], [-37.2778015137, -12.6627597809, 12.2469940186, 4.89900636673, 9.9551153183, -0.574993848801, -1.59737122059, -0.572048723698, 16.1320438385, 42.0026283264, 21.4194259644, 7.56166124344, 2.41092348099], [-7.55036973953, -13.2180690765, 10.143283844, 23.5189094543, 13.5238237381, 6.03671693802, -12.6285905838, -3.24402594566, 3.7584335804, 21.4194259644, 49.2951469421, 20.6291828156, 3.75783777237], [-39.3326034546, -12.4738073349, 13.6545801163, 3.4539141655, 11.5832300186, 3.98796629906, -1.00288200378, -0.177792176604, 2.96476244926, 7.56166124344, 20.6291828156, 37.0665130615, 15.6576852798], [4.71185779572, -2.20263695717, 1.84442126751, 1.77601051331, -1.69379711151, 4.92217636108, 4.77040958405, 3.38480520248, -1.10743367672, 2.41092348099, 3.75783777237, 15.6576852798, 34.2228660583]]
    },
    "sccoeffs": {
        "kurt": [0.496706724167, 3.93568944931, 1.21616411209, 11.2504730225, 8.77993774414, 5.99076652527],
        "max": [-0.434903204441, -0.50624114275, -0.634939968586, -0.5297935009, -0.530015826225, -0.630712211132],
        "mean": [-0.738306462765, -0.832826316357, -0.837500214577, -0.850942134857, -0.802433788776, -0.814595460892],
        "median": [-0.743442893028, -0.835996031761, -0.841962873936, -0.852115809917, -0.80351293087, -0.814547121525],
        "min": [-0.981420338154, -0.993662714958, -0.994316458702, -0.98395293951, -0.985526740551, -0.962882936001],
        "skew": [0.430827856064, 0.961035788059, 0.715949594975, 1.15599346161, 0.327652543783, -0.326864749193],
        "var": [0.00377705623396, 0.00161679345183, 0.00145744509064, 0.000565924041439, 0.000633960182313, 0.000425329664722],
        "cov": [[0.00377733446658, 0.000321965839248, 9.42377009778e-05, 0.000202200608328, 0.000221697686356, 0.000166116878972], [0.000321965839248, 0.0016169125447, 0.000123555902974, 0.000152093853103, 0.000166626472492, 8.91430536285e-05], [9.42377009778e-05, 0.000123555902974, 0.00145755230915, 0.000116085531772, 5.38764325029e-05, 5.65124464629e-05], [0.000202200608328, 0.000152093853103, 0.000116085531772, 0.000565965659916, 0.000151806656504, 0.000106654850242], [0.000221697686356, 0.000166626472492, 5.38764325029e-05, 0.000151806656504, 0.000634006864857, 0.000110392553324], [0.000166116878972, 8.91430536285e-05, 5.65124464629e-05, 0.000106654850242, 0.000110392553324, 0.000425360980444]]
    },
    "scvalleys": {
        "kurt": [228.205871582, 273.93170166, 262.629150391, 250.332977295, 195.379074097, 167.201171875],
        "max": [-6.14671850204, -5.50833940506, -6.12460613251, -6.0677614212, -6.16985940933, -9.36744213104],
        "mean": [-8.06071853638, -7.38458871841, -7.57137775421, -8.00680923462, -8.6349811554, -11.3704910278],
        "median": [-7.97378635406, -7.30061864853, -7.47721290588, -7.89760303497, -8.57035064697, -11.3124284744],
        "min": [-27.7716636658, -27.8716392517, -27.5170173645, -27.6076793671, -27.5809631348, -27.3637123108],
        "skew": [-12.5819034576, -14.3341522217, -13.9119052887, -13.4671497345, -11.1267261505, -10.0712413788],
        "var": [1.00657737255, 0.991811513901, 0.98169863224, 0.971192240715, 1.02448451519, 0.809456169605],
        "cov": [[1.00665152073, 0.860803306103, 0.830082297325, 0.845228910446, 0.862876355648, 0.756867349148], [0.860803306103, 0.991884529591, 0.886276185513, 0.899094104767, 0.900106847286, 0.780934095383], [0.830082297325, 0.886276185513, 0.981770932674, 0.902179181576, 0.888588547707, 0.756495594978], [0.845228910446, 0.899094104767, 0.902179181576, 0.971263766289, 0.933899879456, 0.794474244118], [0.862876355648, 0.900106847286, 0.888588547707, 0.933899879456, 1.02455997467, 0.861553013325], [0.756867349148, 0.780934095383, 0.756495594978, 0.794474244118, 0.861553013325, 0.809515714645]]
    }
},
"rhythm": {
    "beats_loudness": {
        "kurt": 357.017852783,
        "max": 0.0179100297391,
        "mean": 0.000368660723325,
        "median": 0.000267784052994,
        "min": 9.26896692732e-09,
        "skew": 17.2595424652,
        "var": 6.55184692278e-07
    },
    "bpm": 128.71434021,
    "confidence": -0.187789723277,
    "first_peak_bpm": {
        "kurt": 0,
        "max": 129,
        "mean": 129,
        "median": 129,
        "min": 129,
        "skew": 0,
        "var": 0
    },
    "first_peak_spread": {
        "kurt": 0,
        "max": 0.545454502106,
        "mean": 0.545454502106,
        "median": 0.545454502106,
        "min": 0.545454502106,
        "skew": 0,
        "var": 0
    },
    "first_peak_weight": {
        "kurt": 0,
        "max": 0.0806451588869,
        "mean": 0.0806451588869,
        "median": 0.0806451588869,
        "min": 0.0806451588869,
        "skew": 0,
        "var": 0
    },
    "onset_rate": 0.332917898893,
    "second_peak_bpm": {
        "kurt": 0,
        "max": 123,
        "mean": 123,
        "median": 123,
        "min": 123,
        "skew": 0,
        "var": 0
    },
    "second_peak_spread": {
        "kurt": 0,
        "max": 0.363636374474,
        "mean": 0.363636374474,
        "median": 0.363636374474,
        "min": 0.363636374474,
        "skew": 0,
        "var": 0
    },
    "second_peak_weight": {
        "kurt": 0,
        "max": 0.0677419379354,
        "mean": 0.0677419379354,
        "median": 0.0677419379354,
        "min": 0.0677419379354,
        "skew": 0,
        "var": 0
    },
    "beats_loudness_band_ratio": {
        "kurt": [4.2760310173, 0.150473833084, 4.01734352112, 1.30345535278, 4.35209083557, 4.87348937988],
        "max": [0.374854683876, 0.624421834946, 0.728538453579, 0.81489688158, 0.858233690262, 0.577184915543],
        "mean": [0.0725396350026, 0.216011479497, 0.17424044013, 0.247928485274, 0.216030225158, 0.121715597808],
        "median": [0.057878062129, 0.192360445857, 0.157041534781, 0.212407633662, 0.205440714955, 0.10169839114],
        "min": [0.00198594667017, 0.0307683255523, 0.0086808167398, 0.0131211094558, 0.0318295843899, 0.00962677691132],
        "skew": [1.72426748276, 0.754750788212, 1.52118837833, 1.20018625259, 1.27418684959, 1.83692145348],
        "var": [0.00285595678724, 0.012263648212, 0.00807117763907, 0.0190445203334, 0.00899498537183, 0.00582388881594],
        "cov": [[0.0028605631087, 0.0012158784084, 0.000131807479193, -0.00173410680145, -0.000958820863161, -0.00073936447734], [0.0012158784084, 0.0122834285721, -0.00177743320819, -0.00640642317012, -0.00275578792207, -0.00177151581738], [0.000131807479193, -0.00177743320819, 0.00808419566602, -0.00162694766186, -0.00238073989749, -0.00187557784375], [-0.00173410680145, -0.00640642317012, -0.00162694766186, 0.0190752372146, -0.00572723709047, -0.00415285723284], [-0.000958820863161, -0.00275578792207, -0.00238073989749, -0.00572723709047, 0.0090094935149, 0.00246065226384], [-0.00073936447734, -0.00177151581738, -0.00187557784375, -0.00415285723284, 0.00246065226384, 0.00583328260109]]
    },
