{
"metadata": {
    "version": {
        "essentia": "2.1-beta3"
    }
},
"lowLevel": {
    "average_loudness": 0.99068403244,
    "barkbands_kurtosis": {
        "kurt": 2.805727005,
        "max": 215.441680908,
        "mean": 26.9829330444,
        "median": -0.784340381622,
        "min": -1.84376633167,
        "skew": 1.88689231873,
        "var": 2686.64013672
    },
    "barkbands_skewness": {
        "kurt": 0.779281616211,
        "max": 1.61014008522,
        "mean": -2.07149863243,
        "median": -0.137583985925,
        "min": -14.0720911026,
        "skew": -1.29782283306,
        "var": 14.3169336319
    },
    "barkbands_spread": {
        "kurt": -1.2917958498,
        "max": 47.7268180847,
        "mean": 25.8069210052,
        "median": 33.2144546509,
        "min": 0.500044286251,
        "skew": -0.564871370792,
        "var": 268.885467529
    },
    "dissonance": {
        "kurt": 12.4030790329,
        "max": 0.498699277639,
        "mean": 0.482792645693,
        "median": 0.489611804485,
        "min": 0.37633356452,
        "skew": -3.29790329933,
        "var": 0.000474394182675
    },
    "hfc": {
        "kurt": 2.45166778564,
        "max": 8.69413948059,
        "mean": 1.24009251595,
        "median": 0.00824163854122,
        "min": 0.000150101361214,
        "skew": 2.03667187691,
        "var": 7.1099319458
    },
    "pitch": {
        "kurt": -1.75663006306,
        "max": 3909.30810547,
        "mean": 1525.97912598,
        "median": 344.984649658,
        "min": 152.317382812,
        "skew": 0.387961953878,
        "var": 2234585
    },
    "pitch_instantaneous_confidence": {
        "kurt": -1.65034782887,
        "max": 0.964196622372,
        "mean": 0.517410993576,
        "median": 0.392995417118,
        "min": 0.121134638786,
        "skew": 0.312814444304,
        "var": 0.101412959397
    },
    "pitch_salience": {
        "kurt": 0.116218328476,
        "max": 0.857883810997,
        "mean": 0.611664235592,
        "median": 0.637856304646,
        "min": 0.383361846209,
        "skew": -0.332191765308,
        "var": 0.00943126156926
    },
    "silence_rate_20dB": {
        "kurt": 0,
        "max": 1,
        "mean": 1,
        "median": 1,
        "min": 1,
        "skew": 0,
        "var": 0
    },
    "silence_rate_30dB": {
        "kurt": 0,
        "max": 1,
        "mean": 1,
        "median": 1,
        "min": 1,
        "skew": 0,
        "var": 0
    },
    "silence_rate_60dB": {
        "kurt": 0,
        "max": 1,
        "mean": 1,
        "median": 1,
        "min": 1,
        "skew": 0,
        "var": 0
    },
    "spectral_centroid": {
        "kurt": -1.50270450115,
        "max": 3060.05224609,
        "mean": 2002.42089844,
        "median": 1769.90075684,
        "min": 731.219604492,
        "skew": 0.140523359179,
        "var": 606862.3125
    },
    "spectral_complexity": {
        "kurt": 1.05043983459,
        "max": 4,
        "mean": 0.609756112099,
        "median": 0,
        "min": 0,
        "skew": 1.62584030628,
        "var": 1.35990536213
    },
    "spectral_crest": {
        "kurt": -1.25331962109,
        "max": 26.3942241669,
        "mean": 12.0254859924,
        "median": 9.66012001038,
        "min": 2.22946548462,
        "skew": 0.614801645279,
        "var": 71.797454834
    },
    "spectral_decrease": {
        "kurt": 2.4582695961,
        "max": -3.20657502016e-14,
        "mean": -8.00435343007e-11,
        "median": -1.35573410137e-12,
        "min": -5.58462553979e-10,
        "skew": -2.04035139084,
        "var": 2.93980409754e-20
    },
    "spectral_energy": {
        "kurt": 2.45578432083,
        "max": 0.0028953300789,
        "mean": 0.000414582638768,
        "median": 5.61316937819e-06,
        "min": 1.3463827031e-07,
        "skew": 2.03924870491,
        "var": 7.90260912709e-07
    },
    "spectral_energyband_high": {
        "kurt": 2.68754005432,
        "max": 5.96930258325e-05,
        "mean": 8.00538600743e-06,
        "median": 3.63936123904e-07,
        "min": 8.03786726067e-09,
        "skew": 2.11692237854,
        "var": 3.16879272821e-10
    },
    "spectral_energyband_low": {
        "kurt": 2.84633159637,
        "max": 1.88933574918e-06,
        "mean": 5.064597417e-07,
        "median": 4.44807369604e-07,
        "min": 3.71668562593e-08,
        "skew": 1.36468040943,
        "var": 1.34180562711e-13
    },
    "spectral_energyband_middle_high": {
        "kurt": 2.47803640366,
        "max": 0.00283482996747,
        "mean": 0.000403048965381,
        "median": 2.74991975857e-06,
        "min": 4.0784478017e-08,
        "skew": 2.04303359985,
        "var": 7.55082226078e-07
    },
    "spectral_energyband_middle_low": {
        "kurt": 1.48977804184,
        "max": 1.39378007589e-05,
        "mean": 3.31815635946e-06,
        "median": 2.00776594284e-06,
        "min": 5.60501298708e-08,
        "skew": 1.61708879471,
        "var": 1.21850793344e-11
    },
    "spectral_flatness_db": {
        "kurt": -0.983851194382,
        "max": 0.409095138311,
        "mean": 0.19645152986,
        "median": 0.133362621069,
        "min": 0.0705272257328,
        "skew": 0.869581758976,
        "var": 0.0121640861034
    },
    "spectral_flux": {
        "kurt": 3.39750957489,
        "max": 0.0350704304874,
        "mean": 0.00562987476587,
        "median": 0.00151190243196,
        "min": 0.000563981302548,
        "skew": 2.0215651989,
        "var": 6.55165567878e-05
    },
    "spectral_kurtosis": {
        "kurt": -0.00457167625427,
        "max": 17.8174991608,
        "mean": 5.86399698257,
        "median": 3.44515371323,
        "min": 1.75933647156,
        "skew": 1.1209833622,
        "var": 18.162979126
    },
    "spectral_rms": {
        "kurt": 1.24622678757,
        "max": 0.00168068800122,
        "mean": 0.000348350178683,
        "median": 7.40017785574e-05,
        "min": 1.14609956654e-05,
        "skew": 1.68900191784,
        "var": 2.83123057443e-07
    },
    "spectral_rolloff": {
        "kurt": 4.99909257889,
        "max": 4263.57421875,
        "mean": 3204.24584961,
        "median": 3122.31445312,
        "min": 1313.52539062,
        "skew": -1.11657989025,
        "var": 221349.421875
    },
    "spectral_skewness": {
        "kurt": 0.285556316376,
        "max": 3.13927340508,
        "mean": 1.60895800591,
        "median": 1.3819924593,
        "min": 1.06030511856,
        "skew": 1.19213688374,
        "var": 0.278541147709
    },
    "spectral_spread": {
        "kurt": 3.44324874878,
        "max": 9310723,
        "mean": 4283474.5,
        "median": 4465802.5,
        "min": 1909688.375,
        "skew": 0.997719764709,
        "var": 1.67982229094e+12
    },
    "spectral_strongpeak": {
        "kurt": 1.98968315125,
        "max": 5.35616064072,
        "mean": 0.798140287399,
        "median": 0.0100968014449,
        "min": 0.000204488795134,
        "skew": 1.8141105175,
        "var": 2.13304185867
    },
    "zerocrossingrate": {
        "kurt": 0.135043859482,
        "max": 0.14111328125,
        "mean": 0.105004288256,
        "median": 0.109375,
        "min": 0.0146484375,
        "skew": -0.680299460888,
        "var": 0.000922353530768
    },
    "barkbands": {
        "kurt": [8.30394935608, 12.5885372162, -0.283913373947, 3.26090478897, 13.111700058, 6.73924732208, 2.24586439133, 13.4334487915, 3.6209487915, 9.03302955627, 3.32699108124, 24.1161651611, 5.24767971039, 9.40847873688, 2.66766500473, 2.66224956512, 1.84124994278, 2.90027618408, 13.4734783173, 2.90815544128, 2.62347269058, 2.85146617889, 2.81735515594, 2.37569570541, 3.64778900146, 3.75513982773, 25.7842292786],
        "max": [9.9950661081e-09, 4.51088851605e-07, 5.90570380155e-07, 1.78298398623e-06, 2.79705614048e-06, 9.99422627501e-06, 3.41223028499e-07, 2.09146060115e-06, 6.83436110194e-06, 1.31548597437e-06, 1.61105094776e-06, 1.60855336162e-06, 1.23543372865e-06, 1.2413205468e-06, 8.28876920878e-07, 2.75711659015e-06, 2.00476661121e-05, 0.00273506180383, 0.000382782367524, 4.3747779273e-05, 2.41756188188e-05, 3.39716621056e-06, 5.03579940414e-06, 4.68079861093e-07, 1.68694739955e-07, 9.0434411959e-08, 3.86249282558e-10],
        "mean": [1.35554223402e-09, 5.33547286352e-08, 1.9451299238e-07, 4.71259568258e-07, 5.40959774753e-07, 1.03702461729e-06, 7.23296906813e-08, 2.06178029316e-07, 9.51952472406e-07, 1.72302620172e-07, 2.78055580338e-07, 1.17750694528e-07, 1.68860722738e-07, 1.66537830637e-07, 1.57259037792e-07, 3.94845017126e-07, 2.87838452095e-06, 0.000368910754332, 2.75033617072e-05, 5.83748033023e-06, 3.25939504364e-06, 4.71941092428e-07, 6.4233285002e-07, 6.40663984086e-08, 2.08515231748e-08, 1.01149799647e-08, 1.92246704667e-11],
        "median": [8.67525162818e-10, 2.80869656422e-08, 1.69148634654e-07, 3.93315247038e-07, 3.97544084763e-07, 1.00754384391e-07, 3.51877957883e-08, 6.34551540202e-08, 1.32867441494e-07, 6.92644306355e-08, 8.66185274617e-08, 4.44002310473e-08, 3.81081406431e-08, 8.24607866434e-08, 5.49639374015e-08, 6.20883753299e-08, 1.40216030786e-07, 5.31843568297e-07, 3.67626853404e-07, 2.72492059139e-07, 1.54771541361e-07, 4.87531579552e-08, 6.69262245623e-09, 2.12612016881e-09, 1.08604170102e-09, 3.48100853698e-11, 4.90225319106e-13],
        "min": [1.96795878205e-11, 9.74039848778e-10, 1.12679234832e-08, 1.2144623085e-08, 1.6217576615e-08, 1.72765517448e-08, 1.76265990692e-09, 7.88232978888e-10, 3.13982417843e-09, 1.40951239569e-09, 2.69940469977e-09, 5.17789766619e-09, 7.19713288966e-10, 4.2497143582e-09, 2.25559304567e-09, 5.07785014037e-09, 4.43151826346e-09, 7.03832414573e-09, 5.01138153197e-09, 3.90661547556e-09, 3.80777720466e-09, 1.03628883252e-09, 3.80472958694e-10, 1.06698490321e-10, 6.59403850967e-11, 1.40116165198e-11, 2.12217870772e-13],
        "skew": [2.73415064812, 3.33666419983, 0.646778643131, 1.57854175568, 3.11255884171, 2.66743159294, 1.73879885674, 3.4975938797, 2.2440764904, 3.06556606293, 1.97827255726, 4.79045772552, 2.46245479584, 2.81096863747, 1.95550584793, 2.08931040764, 1.864351511, 2.12566971779, 3.53251099586, 2.13924694061, 2.10963845253, 2.12124633789, 2.12263727188, 2.04401612282, 2.24526119232, 2.34691286087, 4.9799952507],
        "var": [3.72324498904e-18, 6.48745075401e-15, 2.05481061989e-14, 1.22973842481e-13, 2.00017506355e-13, 4.62507809829e-12, 6.97207387852e-15, 1.42141818606e-13, 3.21104492822e-12, 7.59823519207e-14, 1.51129529355e-13, 6.69628198377e-14, 8.56152375015e-14, 5.30257261711e-14, 5.04259855443e-14, 6.12093980102e-13, 3.38146767531e-11, 6.54440327708e-07, 5.02125452329e-09, 1.65739769131e-10, 5.45551624709e-11, 9.14880909746e-13, 2.16172847851e-12, 2.02178361943e-14, 2.06491004783e-15, 6.57299737591e-16, 3.92977757049e-21],
        "cov": [[3.81632596901e-18, 8.48318650624e-17, 9.90461234736e-17, 2.05445763479e-16, -8.71157636732e-17, -8.54526330101e-16, 2.87544458361e-17, -1.52074607902e-17, -6.35179683932e-16, 5.53218592199e-17, -1.26156478359e-16, 1.02258191524e-16, -1.086445751e-16, 2.73151317179e-17, -5.1177327009e-17, -3.20893191051e-16, -2.59416736173e-15, -3.20203715973e-13, -1.86978745339e-14, -4.47536295132e-15, -2.71796525038e-15, -3.81505386449e-16, -5.98760443574e-16, -5.56386693945e-17, -1.6852550975e-17, -1.02340017884e-17, -1.3665044722e-20], [8.48318650624e-17, 6.6496368111e-15, 6.31198660844e-15, 1.43012399069e-14, -3.67814792922e-16, 1.62345643393e-16, 4.4001058739e-16, -7.90797000518e-16, -1.44157096335e-14, -2.67032060001e-16, -3.62084519743e-15, 5.26656922757e-16, -2.05187336374e-15, -1.50783913655e-15, -1.27011436358e-15, -6.57288884982e-15, -4.08795481461e-14, -4.99273322338e-12, -7.23472171928e-13, -1.32857863166e-13, -6.54621688345e-14, -8.42146244775e-15, -1.03103704841e-14, -1.35205368392e-15, -4.4595681162e-16, -1.6926862896e-16, -4.39014891475e-19], [9.90461234736e-17, 6.31198660844e-15, 2.10618096585e-14, 3.27680862045e-14, 1.36818885689e-14, -5.32296307184e-14, 4.66968077975e-15, 2.05728463372e-14, -9.37422340273e-14, 4.31215410195e-15, -1.37365416757e-14, 6.75625115411e-15, -1.31460377387e-14, 3.81434521555e-15, -7.31600483049e-15, -3.72316211878e-14, -2.64473393272e-13, -4.33388949728e-11, -3.08189931908e-12, -6.12420541796e-13, -4.07569431763e-13, -4.96003520374e-14, -6.99491666304e-14, -7.87117394104e-15, -2.22021925618e-15, -1.1385193249e-15, -2.67409707655e-18], [2.05445763479e-16, 1.43012399069e-14, 3.27680862045e-14, 1.26048179056e-13, 5.66352317149e-14, -2.55658395929e-14, 6.87695758425e-15, 1.63817527252e-14, -3.16896777374e-14, 1.20036943777e-14, 1.09819405563e-14, -7.48077899675e-16, 3.34594001912e-15, 2.02250207277e-15, 1.01014883476e-15, 2.04792640196e-15, -8.01421510535e-14, -1.12829268498e-11, -3.70388008458e-12, -2.17024830182e-13, -1.56189663525e-13, -4.93449123115e-15, 2.42119349302e-15, -3.27996102297e-15, -9.66510650234e-16, 4.76843444525e-16, -2.84635867989e-18], [-8.71157636732e-17, -3.67814792922e-16, 1.36818885689e-14, 5.66352317149e-14, 2.05017941643e-13, 4.39282291098e-13, 1.63610885094e-14, 2.71831490558e-14, -1.53813678509e-14, 3.17585110228e-14, 1.79044418316e-14, 2.2846394576e-14, 6.63607200197e-15, 2.05233287911e-14, 1.55825972565e-15, 6.92024765942e-14, 8.04502298113e-13, 1.72283333433e-11, 7.59041180604e-12, 1.3081365418e-12, 6.77374619612e-14, 3.58202847267e-14, 1.6326252416e-13, 6.90485080272e-15, 6.08004992924e-15, 2.75447025282e-15, -2.80333370751e-18], [-8.54526330101e-16, 1.62345643393e-16, -5.32296307184e-14, -2.55658395929e-14, 4.39282291098e-13, 4.74070522422e-12, 1.82561011122e-16, -1.47252679885e-13, 1.68346608355e-12, -5.68905409977e-14, 2.3945670208e-13, -6.5279365572e-14, 2.62679906039e-13, 1.18375115957e-14, 1.7538975914e-13, 1.02705246651e-12, 9.97451427009e-12, 9.11778930135e-10, 1.05594887001e-10, 1.71951966554e-11, 7.82297230467e-12, 1.09525225261e-12, 2.03739846175e-12, 1.77556388104e-13, 6.65466488338e-14, 2.72752842176e-14, 3.02016545661e-17], [2.87544458361e-17, 4.4001058739e-16, 4.66968077975e-15, 6.87695758425e-15, 1.63610885094e-14, 1.82561011122e-16, 7.14637547137e-15, 1.1446105294e-14, 8.37723716351e-15, 1.4252650709e-14, 8.97133421425e-15, 1.56837535309e-14, 2.53435264785e-15, 1.36208818679e-14, 3.34567574484e-15, 9.64986202687e-16, 1.1126775567e-14, -3.54781612075e-12, -7.33884592094e-14, -3.27121201966e-15, -2.18330043579e-14, -3.18588917327e-16, 3.58002540915e-15, -2.05308477967e-16, 2.16981544892e-16, 1.37971926229e-16, -4.33792486678e-19], [-1.52074607902e-17, -7.90797000518e-16, 2.05728463372e-14, 1.63817527252e-14, 2.71831490558e-14, -1.47252679885e-13, 1.1446105294e-14, 1.45695372542e-13, -8.67554454925e-14, 2.09331572123e-14, -8.04877811535e-15, 2.54433484643e-14, -1.22799601027e-14, 2.48930057475e-14, 1.30049394139e-15, -5.29799355699e-14, -4.30439321339e-13, -5.91851775922e-11, -4.42339350912e-12, -9.23021099657e-13, -4.88964229349e-13, -6.33392670995e-14, -1.0218617673e-13, -9.95548146687e-15, -3.10661467152e-15, -1.6280628638e-15, -3.10579643439e-18], [-6.35179683932e-16, -1.44157096335e-14, -9.37422340273e-14, -3.16896777374e-14, -1.53813678509e-14, 1.68346608355e-12, 8.37723716351e-15, -8.67554454925e-14, 3.29132099179e-12, -1.30430063451e-14, 6.01973115452e-13, 1.12061815177e-14, 5.08963151572e-13, 9.68923427819e-14, 3.77156801883e-13, 1.33022358319e-12, 9.04375359323e-12, 1.44247847e-09, 8.22666518241e-11, 2.04128398212e-11, 1.32189103413e-11, 1.70204236989e-12, 2.44809229312e-12, 2.46006855295e-13, 6.97417248735e-14, 4.25341761866e-14, 6.95661542135e-17], [5.53218592199e-17, -2.67032060001e-16, 4.31215410195e-15, 1.20036943777e-14, 3.17585110228e-14, -5.68905409977e-14, 1.4252650709e-14, 2.09331572123e-14, -1.30430063451e-14, 7.78819147845e-14, 1.93624294793e-14, 5.48692052893e-14, -1.58879049883e-15, 4.75859111772e-14, 1.61447137313e-15, -2.73647258146e-14, -2.18562947146e-13, -3.5593909764e-11, -2.71276837799e-12, -5.21175550633e-13, -2.82998722113e-13, -3.10178925188e-14, -5.72304790364e-14, -5.94391733505e-15, -1.76716123797e-15, -9.07549957325e-16, -1.87880882611e-18], [-1.26156478359e-16, -3.62084519743e-15, -1.37365416757e-14, 1.09819405563e-14, 1.79044418316e-14, 2.3945670208e-13, 8.97133421425e-15, -8.04877811535e-15, 6.01973115452e-13, 1.93624294793e-14, 1.54907770639e-13, 2.21858071329e-14, 1.00345364071e-13, 3.9262440277e-14, 7.84628370848e-14, 2.49787386955e-13, 1.53138591218e-12, 2.57002918946e-10, 1.05423586527e-11, 3.57201030907e-12, 2.32478988317e-12, 3.21790500062e-13, 4.43560607081e-13, 4.24310143499e-14, 1.14604548792e-14, 8.26974444734e-15, 1.13123169165e-17], [1.02258191524e-16, 5.26656922757e-16, 6.75625115411e-15, -7.48077899675e-16, 2.2846394576e-14, -6.5279365572e-14, 1.56837535309e-14, 2.54433484643e-14, 1.12061815177e-14, 5.48692052893e-14, 2.21858071329e-14, 6.86368957547e-14, -2.34817994119e-16, 5.44772560396e-14, 6.70078277804e-15, -1.94650797081e-14, -1.87685614663e-13, -2.76697553758e-11, -2.0421169096e-12, -3.95975271886e-13, -2.01082341967e-13, -2.08493060327e-14, -4.41602117829e-14, -4.23657631668e-15, -1.23197998739e-15, -6.9010156493e-16, -1.60788639258e-18], [-1.086445751e-16, -2.05187336374e-15, -1.31460377387e-14, 3.34594001912e-15, 6.63607200197e-15, 2.62679906039e-13, 2.53435264785e-15, -1.22799601027e-14, 5.08963151572e-13, -1.58879049883e-15, 1.00345364071e-13, -2.34817994119e-16, 8.77556152203e-14, 1.60702394182e-14, 5.93876076788e-14, 2.10065444857e-13, 1.37564167956e-12, 2.23165819158e-10, 1.18954984751e-11, 2.97832656974e-12, 2.04491870485e-12, 2.66634316622e-13, 3.97058904852e-13, 3.86516922526e-14, 1.10149265604e-14, 6.88706819303e-15, 8.39841604445e-18], [2.73151317179e-17, -1.50783913655e-15, 3.81434521555e-15, 2.02250207277e-15, 2.05233287911e-14, 1.18375115957e-14, 1.36208818679e-14, 2.48930057475e-14, 9.68923427819e-14, 4.75859111772e-14, 3.9262440277e-14, 5.44772560396e-14, 1.60702394182e-14, 5.4351370003e-14, 1.77212489339e-14, 2.280474766e-14, 1.07702238241e-13, 1.38787367016e-11, 8.09193424073e-13, 2.22648464878e-13, 1.80949900246e-13, 3.19310279173e-14, 3.43908793587e-14, 3.20811992355e-15, 9.59535969188e-16, 4.99942032996e-16, -6.67474008254e-19], [-5.1177327009e-17, -1.27011436358e-15, -7.31600483049e-15, 1.01014883476e-15, 1.55825972565e-15, 1.7538975914e-13, 3.34567574484e-15, 1.30049394139e-15, 3.77156801883e-13, 1.61447137313e-15, 7.84628370848e-14, 6.70078277804e-15, 5.93876076788e-14, 1.77212489339e-14, 5.16866348441e-14, 1.50858207762e-13, 1.03388630122e-12, 1.66416491698e-10, 7.26081824873e-12, 2.28753235972e-12, 1.47454151753e-12, 1.98096286553e-13, 2.73465088465e-13, 2.65003710436e-14, 7.31459536766e-15, 5.16345651877e-15, 9.10647354981e-18], [-3.20893191051e-16, -6.57288884982e-15, -3.72316211878e-14, 2.04792640196e-15, 6.92024765942e-14, 1.02705246651e-12, 9.64986202687e-16, -5.29799355699e-14, 1.33022358319e-12, -2.73647258146e-14, 2.49787386955e-13, -1.94650797081e-14, 2.10065444857e-13, 2.280474766e-14, 1.50858207762e-13, 6.27396355354e-13, 4.21215493041e-12, 6.18906370597e-10, 4.3374262515e-11, 9.77704549265e-12, 5.70260982533e-12, 7.54238414346e-13, 1.16417498471e-12, 1.11186843695e-13, 3.40800453721e-14, 1.91566851764e-14, 2.341967517e-17], [-2.59416736173e-15, -4.08795481461e-14, -2.64473393272e-13, -8.01421510535e-14, 8.04502298113e-13, 9.97451427009e-12, 1.1126775567e-14, -4.30439321339e-13, 9.04375359323e-12, -2.18562947146e-13, 1.53138591218e-12, -1.87685614663e-13, 1.37564167956e-12, 1.07702238241e-13, 1.03388630122e-12, 4.21215493041e-12, 3.46600456669e-11, 4.35251923392e-09, 3.17133430627e-10, 7.03383462586e-11, 3.84014833821e-11, 5.08553572517e-12, 7.99965215598e-12, 7.52393048038e-13, 2.42469727022e-13, 1.34428573958e-13, 2.23521645097e-16], [-3.20203715973e-13, -4.99273322338e-12, -4.33388949728e-11, -1.12829268498e-11, 1.72283333433e-11, 9.11778930135e-10, -3.54781612075e-12, -5.91851775922e-11, 1.44247847e-09, -3.5593909764e-11, 2.57002918946e-10, -2.76697553758e-11, 2.23165819158e-10, 1.38787367016e-11, 1.66416491698e-10, 6.18906370597e-10, 4.35251923392e-09, 6.70801341585e-07, 3.89506880083e-08, 9.72697389301e-09, 6.0021463355e-09, 7.79088960012e-10, 1.15017861901e-09, 1.12333663205e-10, 3.28375902858e-11, 2.01968147068e-11, 3.35563824991e-14], [-1.86978745339e-14, -7.23472171928e-13, -3.08189931908e-12, -3.70388008458e-12, 7.59041180604e-12, 1.05594887001e-10, -7.33884592094e-14, -4.42339350912e-12, 8.22666518241e-11, -2.71276837799e-12, 1.05423586527e-11, -2.0421169096e-12, 1.18954984751e-11, 8.09193424073e-13, 7.26081824873e-12, 4.3374262515e-11, 3.17133430627e-10, 3.89506880083e-08, 5.14678610841e-09, 7.94597443399e-10, 3.99247690464e-10, 4.83612767888e-11, 8.29751267695e-11, 8.43349175217e-12, 2.98745706992e-12, 1.07986438801e-12, 1.41378660979e-15], [-4.47536295132e-15, -1.32857863166e-13, -6.12420541796e-13, -2.17024830182e-13, 1.3081365418e-12, 1.71951966554e-11, -3.27121201966e-15, -9.23021099657e-13, 2.04128398212e-11, -5.21175550633e-13, 3.57201030907e-12, -3.95975271886e-13, 2.97832656974e-12, 2.22648464878e-13, 2.28753235972e-12, 9.77704549265e-12, 7.03383462586e-11, 9.72697389301e-09, 7.94597443399e-10, 1.69883260237e-10, 9.06882416385e-11, 1.17331283578e-11, 1.80098869845e-11, 1.75893620415e-12, 5.64000181193e-13, 2.9594564104e-13, 4.98202227323e-16], [-2.71796525038e-15, -6.54621688345e-14, -4.07569431763e-13, -1.56189663525e-13, 6.77374619612e-14, 7.82297230467e-12, -2.18330043579e-14, -4.88964229349e-13, 1.32189103413e-11, -2.82998722113e-13, 2.32478988317e-12, -2.01082341967e-13, 2.04491870485e-12, 1.80949900246e-13, 1.47454151753e-12, 5.70260982533e-12, 3.84014833821e-11, 6.0021463355e-09, 3.99247690464e-10, 9.06882416385e-11, 5.59190402316e-11, 7.13410320402e-12, 1.05669240719e-11, 1.05913097303e-12, 3.12992036802e-13, 1.78461154817e-13, 2.85241256664e-16], [-3.81505386449e-16, -8.42146244775e-15, -4.96003520374e-14, -4.93449123115e-15, 3.58202847267e-14, 1.09525225261e-12, -3.18588917327e-16, -6.33392670995e-14, 1.70204236989e-12, -3.10178925188e-14, 3.21790500062e-13, -2.08493060327e-14, 2.66634316622e-13, 3.19310279173e-14, 1.98096286553e-13, 7.54238414346e-13, 5.08553572517e-12, 7.79088960012e-10, 4.83612767888e-11, 1.17331283578e-11, 7.13410320402e-12, 9.37752913516e-13, 1.3868875666e-12, 1.35249694473e-13, 3.97757524075e-14, 2.37167090708e-14, 3.49331773007e-17], [-5.98760443574e-16, -1.03103704841e-14, -6.99491666304e-14, 2.42119349302e-15, 1.6326252416e-13, 2.03739846175e-12, 3.58002540915e-15, -1.0218617673e-13, 2.44809229312e-12, -5.72304790364e-14, 4.43560607081e-13, -4.41602117829e-14, 3.97058904852e-13, 3.43908793587e-14, 2.73465088465e-13, 1.16417498471e-12, 7.99965215598e-12, 1.15017861901e-09, 8.29751267695e-11, 1.80098869845e-11, 1.05669240719e-11, 1.3868875666e-12, 2.21577162e-12, 2.08480300623e-13, 6.55825627095e-14, 3.63751963392e-14, 4.10234169834e-17], [-5.56386693945e-17, -1.35205368392e-15, -7.87117394104e-15, -3.27996102297e-15, 6.90485080272e-15, 1.77556388104e-13, -2.05308477967e-16, -9.95548146687e-15, 2.46006855295e-13, -5.94391733505e-15, 4.24310143499e-14, -4.23657631668e-15, 3.86516922526e-14, 3.20811992355e-15, 2.65003710436e-14, 1.11186843695e-13, 7.52393048038e-13, 1.12333663205e-10, 8.43349175217e-12, 1.75893620415e-12, 1.05913097303e-12, 1.35249694473e-13, 2.08480300623e-13, 2.07232810827e-14, 6.35519545314e-15, 3.37561094799e-15, 4.62798825968e-18], [-1.6852550975e-17, -4.4595681162e-16, -2.22021925618e-15, -9.66510650234e-16, 6.08004992924e-15, 6.65466488338e-14, 2.16981544892e-16, -3.10661467152e-15, 6.97417248735e-14, -1.76716123797e-15, 1.14604548792e-14, -1.23197998739e-15, 1.10149265604e-14, 9.59535969188e-16, 7.31459536766e-15, 3.40800453721e-14, 2.42469727022e-13, 3.28375902858e-11, 2.98745706992e-12, 5.64000181193e-13, 3.12992036802e-13, 3.97757524075e-14, 6.55825627095e-14, 6.35519545314e-15, 2.11653289431e-15, 1.0261469578e-15, 1.27621498769e-18], [-1.02340017884e-17, -1.6926862896e-16, -1.1385193249e-15, 4.76843444525e-16, 2.75447025282e-15, 2.72752842176e-14, 1.37971926229e-16, -1.6280628638e-15, 4.25341761866e-14, -9.07549957325e-16, 8.26974444734e-15, -6.9010156493e-16, 6.88706819303e-15, 4.99942032996e-16, 5.16345651877e-15, 1.91566851764e-14, 1.34428573958e-13, 2.01968147068e-11, 1.07986438801e-12, 2.9594564104e-13, 1.78461154817e-13, 2.37167090708e-14, 3.63751963392e-14, 3.37561094799e-15, 1.0261469578e-15, 6.73732229708e-16, 9.83179328057e-19], [-1.3665044722e-20, -4.39014891475e-19, -2.67409707655e-18, -2.84635867989e-18, -2.80333370751e-18, 3.02016545661e-17, -4.33792486678e-19, -3.10579643439e-18, 6.95661542135e-17, -1.87880882611e-18, 1.13123169165e-17, -1.60788639258e-18, 8.39841604445e-18, -6.67474008254e-19, 9.10647354981e-18, 2.341967517e-17, 2.23521645097e-16, 3.35563824991e-14, 1.41378660979e-15, 4.98202227323e-16, 2.85241256664e-16, 3.49331773007e-17, 4.10234169834e-17, 4.62798825968e-18, 1.27621498769e-18, 9.83179328057e-19, 4.028021828e-21]]
    },
    "mfcc": {
        "kurt": [0.016753911972, -0.239002943039, -0.52108669281, -1.21061956882, -0.346747159958, -0.859744310379, -0.640722513199, -0.979945659637, -1.00170004368, -0.035365819931, 0.165832519531, 0.57537150383, -0.27733874321],
        "max": [-869.034606934, 78.6278762817, 25.8689613342, 94.5625534058, 33.0411567688, 5.15460968018, 26.2105484009, 36.4616622925, 5.92986679077, 14.4565525055, 15.3317451477, 1.58184051514, -1.90538787842],
        "mean": [-1010.77514648, 43.5418243408, -18.5831413269, 39.821975708, -1.08450520039, -22.4905109406, 7.70137262344, 10.5810441971, -12.0106992722, -8.43325614929, -2.24643492699, -9.78172397614, -18.1875858307],
        "median": [-1026.94775391, 44.5467948914, -13.8521118164, 25.1465492249, -2.64276123047, -18.9390640259, 9.34491348267, 8.24991035461, -8.91813659668, -8.1711730957, -2.40505218506, -9.83355712891, -20.627281189],
        "min": [-1126.44787598, -16.4289627075, -81.6269683838, -0.934520721436, -24.2454338074, -69.3360595703, -14.3063869476, -14.9802246094, -35.6843261719, -28.4650115967, -18.2825222015, -25.5337295532, -28.1570854187],
        "skew": [0.848960042, -0.702303171158, -0.619764506817, 0.576186537743, 0.452009111643, -0.585176050663, -0.457775592804, 0.209542185068, -0.561378657818, -0.00761195132509, 0.234925165772, -0.471914410591, 0.688714981079],
        "var": [4376.87304688, 651.27557373, 914.225036621, 832.125488281, 174.842056274, 405.072784424, 93.9438476562, 175.854263306, 159.06300354, 81.6623687744, 49.1417045593, 34.3613319397, 41.1373634338],
        "cov": [[4486.29492188, -988.78112793, -1926.02404785, 1347.31933594, -368.490478516, -928.823120117, -423.197601318, 459.224853516, -582.370422363, -276.271911621, 61.6772689819, 60.1984138489, -219.406585693], [-988.78112793, 667.557495117, 537.373657227, -553.801391602, -2.90439677238, 325.161254883, 159.210067749, -243.779708862, 254.247802734, 138.680633545, -13.7038345337, -3.37527775764, 68.45287323], [-1926.02404785, 537.373657227, 937.080688477, -646.814819336, 138.080886841, 467.887634277, 180.31741333, -234.60458374, 289.027038574, 150.06211853, -46.5530662537, -10.8184490204, 127.265541077], [1347.31933594, -553.801391602, -646.814819336, 852.928588867, 113.851028442, -535.151000977, -156.222686768, 332.784454346, -345.376831055, -192.370391846, 74.9213409424, -6.7607717514, -91.4872055054], [-368.490478516, -2.90439677238, 138.080886841, 113.851028442, 179.213104248, -40.3940391541, 30.1662845612, 70.4730072021, -38.8196792603, -24.7990150452, 38.9236221313, -14.8900957108, 9.1504573822], [-928.823120117, 325.161254883, 467.887634277, -535.151000977, -40.3940391541, 415.199615479, 119.181190491, -202.233596802, 230.638153076, 122.758888245, -60.4080886841, 3.27646327019, 79.696762085], [-423.197601318, 159.210067749, 180.31741333, -156.222686768, 30.1662845612, 119.181190491, 96.2924423218, -42.6201210022, 76.2228546143, 32.9713935852, -2.56156206131, -6.47189617157, 12.5558633804], [459.224853516, -243.779708862, -234.60458374, 332.784454346, 70.4730072021, -202.233596802, -42.6201210022, 180.25062561, -130.73526001, -71.9815673828, 37.6778297424, -5.4734916687, -41.2828941345], [-582.370422363, 254.247802734, 289.027038574, -345.376831055, -38.8196792603, 230.638153076, 76.2228546143, -130.73526001, 163.039581299, 90.708656311, -24.2992305756, 3.76007699966, 42.5934677124], [-276.271911621, 138.680633545, 150.06211853, -192.370391846, -24.7990150452, 122.758888245, 32.9713935852, -71.9815673828, 90.708656311, 83.7039337158, 6.6355676651, 12.023144722, 30.8510074615], [61.6772689819, -13.7038345337, -46.5530662537, 74.9213409424, 38.9236221313, -60.4080886841, -2.56156206131, 37.6778297424, -24.2992305756, 6.6355676651, 50.3702468872, 10.2467327118, -8.1020526886], [60.1984138489, -3.37527775764, -10.8184490204, -6.7607717514, -14.8900957108, 3.27646327019, -6.47189617157, -5.4734916687, 3.76007699966, 12.023144722, 10.2467327118, 35.2203636169, 11.5542955399], [-219.406585693, 68.45287323, 127.265541077, -91.4872055054, 9.1504573822, 79.696762085, 12.5558633804, -41.2828941345, 42.5934677124, 30.8510074615, -8.1020526886, 11.5542955399, 42.1657981873]]
    },
    "sccoeffs": {
        "kurt": [0.658538341522, 0.23853969574, 0.989453792572, -0.0915217399597, -0.707374334335, -0.0574421882629],
        "max": [-0.634501934052, -0.656137108803, -0.717374503613, -0.770151376724, -0.574771165848, -0.751190543175],
        "mean": [-0.769714474678, -0.81934005022, -0.854299843311, -0.862559080124, -0.802334010601, -0.806073188782],
        "median": [-0.7781868577, -0.83661544323, -0.872632145882, -0.874224960804, -0.864664316177, -0.811309337616],
        "min": [-0.929018199444, -0.900121986866, -0.945866525173, -0.918520927429, -0.911478579044, -0.848765015602],
        "skew": [0.0709046274424, 0.905044913292, 1.29757714272, 0.849786758423, 0.971990704536, 0.690567791462],
        "var": [0.00303983478807, 0.00366577366367, 0.0028861714527, 0.00149134371895, 0.0126130133867, 0.000525552488398],
        "cov": [[0.00311583047733, 8.37913466967e-05, 0.000278467719909, 0.000377103977371, -0.000573409430217, 0.000233622064115], [8.37913466967e-05, 0.00375741790049, 0.00180995184928, 0.00132211088203, 0.00455474574119, 0.000679679738823], [0.000278467719909, 0.00180995184928, 0.002958325902, 0.00175191438757, 0.00425568129867, 0.000989001709968], [0.000377103977371, 0.00132211088203, 0.00175191438757, 0.00152862735558, 0.0030569890514, 0.000708354986273], [-0.000573409430217, 0.00455474574119, 0.00425568129867, 0.0030569890514, 0.0129283387214, 0.00192672782578], [0.000233622064115, 0.000679679738823, 0.000989001709968, 0.000708354986273, 0.00192672782578, 0.000538691296242]]
    },
    "scvalleys": {
        "kurt": [-0.283052921295, 2.38871908188, 0.122343063354, -0.505621910095, 0.368457078934, 0.0624346733093],
        "max": [-8.94027042389, -9.0374250412, -8.69964981079, -9.65552806854, -8.30521965027, -10.6466732025],
        "mean": [-10.0455207825, -10.0229034424, -10.0144882202, -10.4881305695, -9.98479652405, -12.5683279037],
        "median": [-9.966796875, -9.90333461761, -10.0525856018, -10.5001583099, -10.1410980225, -12.7899875641],
        "min": [-11.3551082611, -11.9271860123, -11.2089300156, -11.6406259537, -11.9058303833, -14.3008975983],
        "skew": [-0.331301897764, -1.08876824379, 0.173623979092, -0.332010984421, 0.326882153749, 0.816083908081],
        "var": [0.307920455933, 0.281340241432, 0.266901105642, 0.212049201131, 0.552494347095, 0.690242648125],
        "cov": [[0.31561845541, 0.0322411842644, 0.00630859052762, -0.0109857432544, -0.0132023142651, -0.0194056220353], [0.0322411842644, 0.288373738527, 0.168153569102, 0.146877735853, 0.186816751957, 0.181905731559], [0.00630859052762, 0.168153569102, 0.273573637009, 0.19571596384, 0.175919979811, 0.189287036657], [-0.0109857432544, 0.146877735853, 0.19571596384, 0.217350438237, 0.256969064474, 0.282118558884], [-0.0132023142651, 0.186816751957, 0.175919979811, 0.256969064474, 0.566306710243, 0.614381372929], [-0.0194056220353, 0.181905731559, 0.189287036657, 0.282118558884, 0.614381372929, 0.707498729229]]
    }
},
"rhythm": {
    "bpm": 0,
    "confidence": 0,
    "first_peak_bpm": {
        "kurt": 0,
        "max": 0,
        "mean": 0,
        "median": 0,
        "min": 0,
        "skew": 0,
        "var": 0
    },
    "first_peak_spread": {
        "kurt": 0,
        "max": 0,
        "mean": 0,
        "median": 0,
        "min": 0,
        "skew": 0,
        "var": 0
    },
    "first_peak_weight": {
        "kurt": 0,
        "max": 0,
        "mean": 0,
        "median": 0,
        "min": 0,
        "skew": 0,
        "var": 0
    },
    "onset_rate": 4.35050678253,
    "second_peak_bpm": {
        "kurt": 0,
        "max": 0,
        "mean": 0,
        "median": 0,
        "min": 0,
        "skew": 0,
        "var": 0
    },
    "second_peak_spread": {
        "kurt": 0,
        "max": 0,
        "mean": 0,
        "median": 0,
        "min": 0,
        "skew": 0,
        "var": 0
    },
    "second_peak_weight": {
        "kurt": 0,
        "max": 0,
        "mean": 0,
        "median": 0,
        "min": 0,
        "skew": 0,
        "var": 0
    },
    "beats_position": [],
    "bpm_estimates": [],
    "bpm_intervals": [],
    "onset_times": [0.0348299331963, 0.0928798168898, 0.545668959618, 0.661768734455],
    "histogram": [[0, 0, 0, 0, 0, 0, 0, 0, 0, 0, 0, 0, 0, 0, 0, 0, 0, 0, 0, 0, 0, 0, 0, 0, 0, 0, 0, 0, 0, 0, 0, 0, 0, 0, 0, 0, 0, 0, 0, 0, 0, 0, 0, 0, 0, 0, 0, 0, 0, 0, 0, 0, 0, 0, 0, 0, 0, 0, 0, 0, 0, 0, 0, 0, 0, 0, 0, 0, 0, 0, 0, 0, 0, 0, 0, 0, 0, 0, 0, 0, 0, 0, 0, 0, 0, 0, 0, 0, 0, 0, 0, 0, 0, 0, 0, 0, 0, 0, 0, 0, 0, 0, 0, 0, 0, 0, 0, 0, 0, 0, 0, 0, 0, 0, 0, 0, 0, 0, 0, 0, 0, 0, 0, 0, 0, 0, 0, 0, 0, 0, 0, 0, 0, 0, 0, 0, 0, 0, 0, 0, 0, 0, 0, 0, 0, 0, 0, 0, 0, 0, 0, 0, 0, 0, 0, 0, 0, 0, 0, 0, 0, 0, 0, 0, 0, 0, 0, 0, 0, 0, 0, 0, 0, 0, 0, 0, 0, 0, 0, 0, 0, 0, 0, 0, 0, 0, 0, 0, 0, 0, 0, 0, 0, 0, 0, 0, 0, 0, 0, 0, 0, 0, 0, 0, 0, 0, 0, 0, 0, 0, 0, 0, 0, 0, 0, 0, 0, 0, 0, 0, 0, 0, 0, 0, 0, 0, 0, 0, 0, 0, 0, 0, 0, 0, 0, 0, 0, 0, 0, 0, 0, 0, 0, 0, 0, 0, 0, 0, 0, 0]]
},
"sfx": {
    "inharmonicity": {
        "kurt": 0.771099567413,
        "max": 0.458550423384,
        "mean": 0.0910373404622,
        "median": 0.0378248617053,
        "min": 0,
        "skew": 1.20461642742,
        "var": 0.0129460822791
    },
    "oddtoevenharmonicenergyratio": {
        "kurt": 9.68788433075,
        "max": 3.73712873459,
        "mean": 0.459546804428,
        "median": 0.273067355156,
        "min": 0,
        "skew": 2.83046674728,
        "var": 0.491986125708
    },
    "pitch_after_max_to_before_max_energy_ratio": 5.93882608414,
    "pitch_centroid": 15.0653390884,
    "pitch_max_to_total": 0.0487804859877,
    "pitch_min_to_total": 0.0243902429938,
    "tristimulus": {
        "kurt": [-1.83009636402, -0.240680217743, -1.43684279919],
        "max": [1, 0.517574250698, 0.969658017159],
        "mean": [0.48816215992, 0.119350396097, 0.392487496138],
        "median": [0.211703971028, 0.0436738841236, 0.500718176365],
        "min": [0, 0, 0],
        "skew": [0.253732711077, 0.914740741253, 0.136132508516],
        "var": [0.191840961576, 0.0200993679464, 0.129289656878],
        "cov": [[0.196636989713, -0.0423584468663, -0.154278486967], [-0.0423584468663, 0.0206018518656, 0.0217565950006], [-0.154278486967, 0.0217565950006, 0.132521897554]]
    }
},
"tonal": {
    "chords_changes_rate": 0,
    "chords_number_rate": 0.047619048506,
    "chords_strength": {
        "kurt": 0,
        "max": 0.524241387844,
        "mean": 0.524241387844,
        "median": 0.524241387844,
        "min": 0.524241387844,
        "skew": 0,
        "var": 0
    },
    "key_strength": 0.67896181345,
    "tuning_diatonic_strength": 0.608608961105,
    "tuning_equal_tempered_deviation": 0.181253582239,
    "tuning_frequency": 434.946166992,
    "tuning_nontempered_energy_ratio": 0.779890418053,
    "hpcp": {
        "kurt": [0.5691883564, -0.835416316986, -0.210982561111, 1.24621963501, 0.0515367984772, -0.695301294327, -0.358943223953, 0.87318444252, 1.31286287308, 0.0190901756287, 0.836076974869, 3.82845211029, 2.59828138351, 0.0703928470612, -1.09012424946, -1.04029786587, 6.651263237, 0.578247070312, -0.513291835785, 3.91519498825, 2.03728485107, 0.987567424774, 0.37167096138, 0.509942531586, 3.57577180862, 4.88522481918, 0.974705934525, 3.06534147263, 3.17788171768, 0.0805413722992, -0.936782836914, -0.05029296875, 1.72774934769, 3.62090730667, -0.183935165405, 2.9392080307],
        "max": [0.353172451258, 0.227216094732, 0.265340894461, 0.323166966438, 0.325698167086, 0.411008745432, 0.474311023951, 0.562929332256, 0.924680292606, 0.703919112682, 0.538812756538, 0.628681361675, 0.650109052658, 1, 1, 0.883788049221, 0.994644463062, 0.638173818588, 0.416201651096, 1, 0.87664693594, 0.501446664333, 0.458130270243, 0.519032537937, 1, 0.484237223864, 0.464395582676, 0.819242715836, 0.907885611057, 1, 1, 1, 1, 0.861522197723, 0.402274549007, 0.585210442543],
        "mean": [0.118486277759, 0.0777841433883, 0.0751339495182, 0.0758085623384, 0.0930536389351, 0.129209756851, 0.13282969594, 0.134120374918, 0.193470776081, 0.193105489016, 0.127244621515, 0.10957505554, 0.131511330605, 0.237962469459, 0.320672154427, 0.251747399569, 0.187380626798, 0.163369297981, 0.125778675079, 0.163050144911, 0.162673830986, 0.124660924077, 0.12073033303, 0.204896330833, 0.256358355284, 0.135524570942, 0.102334737778, 0.142681106925, 0.179203897715, 0.483631402254, 0.715498268604, 0.444652229548, 0.20957043767, 0.162348151207, 0.126823782921, 0.144627973437],
        "median": [0.101487085223, 0.0481355562806, 0.0485806614161, 0.0444157607853, 0.0591812506318, 0.0797534584999, 0.0941490530968, 0.0719437226653, 0.0709224119782, 0.0927452594042, 0.0787006691098, 0.0578576847911, 0.065099529922, 0.0445803403854, 0.0452522076666, 0.102333977818, 0.173420190811, 0.0945608541369, 0.0767318233848, 0.053336571902, 0.0580632723868, 0.0748779401183, 0.0515198521316, 0.181405246258, 0.172156900167, 0.124530419707, 0.0416107028723, 0.0509918183088, 0.0652750954032, 0.500822544098, 0.880246579647, 0.49593564868, 0.093913577497, 0.0835709050298, 0.0888893604279, 0.101955614984],
        "min": [0.00315034296364, 0.00064140901668, 0.0003704475821, 0.000721660035197, 0.00170345325023, 0.00140709429979, 0.000336640921887, 0.000276745675365, 0.00227069365792, 0.00297404476441, 0.00111040798947, 0.000107561732875, 0.000497893546708, 0.00062726251781, 0.000318696664181, 0.000277241313597, 0.00354660814628, 0.00284306844696, 0.00127538095694, 0.000248997414019, 0.000273971498245, 0.000326381938066, 0.00232440070249, 0.0249205660075, 0.0148889506236, 0.016253143549, 0.000682623998728, 0.00167256442364, 0.00247745681554, 0.0461348183453, 0.0282218530774, 0.0403075888753, 0.00279426085763, 0.00208071875386, 0.00338280084543, 0.00456134183332],
        "skew": [0.962964653969, 0.678668737411, 0.940782129765, 1.35468661785, 1.08417487144, 0.690959393978, 0.687248945236, 1.32669496536, 1.48027813435, 1.16641056538, 1.39320850372, 2.06771063805, 1.88418638706, 1.22188019753, 0.860558331013, 0.786528587341, 2.36006450653, 1.29982757568, 0.989224970341, 2.29163265228, 1.81117415428, 1.35659587383, 1.26301884651, 0.80450117588, 1.92305028439, 2.00609064102, 1.53611648083, 1.93281257153, 1.95785653591, 0.241318449378, -0.757546722889, 0.251729696989, 1.60496389866, 1.90505206585, 1.03655278683, 1.81387543678],
