{
"metadata": {
    "version": {
        "essentia": "2.1-beta3"
    }
},
"lowLevel": {
    "average_loudness": 0.113311730325,
    "barkbands_kurtosis": {
        "kurt": 3.99118280411,
        "max": 18.8987751007,
        "mean": 2.3806977272,
        "median": 1.60389947891,
        "min": -1.62358617783,
        "skew": 1.76603269577,
        "var": 9.73505115509
    },
    "barkbands_skewness": {
        "kurt": -0.240916728973,
        "max": 4.08302021027,
        "mean": 1.29883182049,
        "median": 1.22253847122,
        "min": -0.705885887146,
        "skew": 0.395482599735,
        "var": 0.764367282391
    },
    "barkbands_spread": {
        "kurt": -0.224963903427,
        "max": 58.7245407104,
        "mean": 20.6297035217,
        "median": 19.8240947723,
        "min": 4.80770683289,
        "skew": 0.530758261681,
        "var": 88.4532470703
    },
    "dissonance": {
        "kurt": 4.95283746719,
        "max": 0.5,
        "mean": 0.473760336637,
        "median": 0.478913664818,
        "min": 0.33276361227,
        "skew": -1.8191062212,
        "var": 0.000431139342254
    },
    "hfc": {
        "kurt": 41.0940742493,
        "max": 45.5362358093,
        "mean": 1.76283991337,
        "median": 0.290600836277,
        "min": 0.00615159142762,
        "skew": 4.63294172287,
        "var": 10.9066934586
    },
    "pitch": {
        "kurt": 26.636800766,
        "max": 4493.63769531,
        "mean": 341.66204834,
        "median": 204.50692749,
        "min": 43.0243911743,
        "skew": 5.01272630692,
        "var": 303800.84375
    },
    "pitch_instantaneous_confidence": {
        "kurt": -0.337740421295,
        "max": 0.927974939346,
        "mean": 0.338841289282,
        "median": 0.26970654726,
        "min": 0.108465492725,
        "skew": 0.89600622654,
        "var": 0.0313991606236
    },
    "pitch_salience": {
        "kurt": -0.276063680649,
        "max": 0.839458584785,
        "mean": 0.585442245007,
        "median": 0.591547489166,
        "min": 0.205031886697,
        "skew": -0.284211665392,
        "var": 0.0100970286876
    },
    "silence_rate_20dB": {
        "kurt": 0,
        "max": 1,
        "mean": 1,
        "median": 1,
        "min": 1,
        "skew": 0,
        "var": 0
    },
    "silence_rate_30dB": {
        "kurt": 0,
        "max": 1,
        "mean": 1,
        "median": 1,
        "min": 1,
        "skew": 0,
        "var": 0
    },
    "silence_rate_60dB": {
        "kurt": 1.32931423187,
        "max": 1,
        "mean": 0.836998105049,
        "median": 1,
        "min": 0,
        "skew": -1.82462561131,
        "var": 0.136435642838
    },
    "spectral_centroid": {
        "kurt": -0.849143266678,
        "max": 2030.88305664,
        "mean": 795.922424316,
        "median": 713.019348145,
        "min": 206.486602783,
        "skew": 0.491601377726,
        "var": 130245.25
    },
    "spectral_complexity": {
        "kurt": 0.519860506058,
        "max": 20,
        "mean": 3.31166338921,
        "median": 1,
        "min": 0,
        "skew": 1.2215770483,
        "var": 17.3285369873
    },
    "spectral_crest": {
        "kurt": 0.721087217331,
        "max": 21.8086853027,
        "mean": 9.45207023621,
        "median": 8.94097900391,
        "min": 2.91545581818,
        "skew": 0.815588951111,
        "var": 10.3188962936
    },
    "spectral_decrease": {
        "kurt": 21.9410305023,
        "max": -3.7360379547e-12,
        "mean": -4.00062954986e-10,
        "median": -1.10407044618e-10,
        "min": -7.23667925584e-09,
        "skew": -3.71093988419,
        "var": 4.53596017723e-19
    },
    "spectral_energy": {
        "kurt": 21.3576564789,
        "max": 0.0295210927725,
        "mean": 0.00166982098017,
        "median": 0.000444611738203,
        "min": 1.5118461306e-05,
        "skew": 3.65409469604,
        "var": 7.9072869994e-06
    },
    "spectral_energyband_high": {
        "kurt": 126.305496216,
        "max": 0.00211965246126,
        "mean": 4.68805556011e-05,
        "median": 1.10990549729e-05,
        "min": 1.70999541638e-07,
        "skew": 9.21379184723,
        "var": 1.32261268604e-08
    },
    "spectral_energyband_low": {
        "kurt": 135.435333252,
        "max": 0.0125957671553,
        "mean": 0.000223291339353,
        "median": 5.74447767576e-05,
        "min": 2.59518196799e-06,
        "skew": 10.0964860916,
        "var": 4.37565489619e-07
    },
    "spectral_energyband_middle_high": {
        "kurt": 14.3289432526,
        "max": 0.0164331365377,
        "mean": 0.000887178583071,
        "median": 9.10914095584e-05,
        "min": 1.28403144117e-06,
        "skew": 3.17593932152,
        "var": 3.02492162518e-06
    },
    "spectral_energyband_middle_low": {
        "kurt": 114.280143738,
        "max": 0.0247642509639,
        "mean": 0.000552921381313,
        "median": 0.000126744009322,
        "min": 3.94967446482e-06,
        "skew": 8.86355876923,
        "var": 2.07487437365e-06
    },
    "spectral_flatness_db": {
        "kurt": -0.571552276611,
        "max": 0.261147111654,
        "mean": 0.156216725707,
        "median": 0.156633377075,
        "min": 0.0738812237978,
        "skew": 0.0918057858944,
        "var": 0.0012835644884
    },
    "spectral_flux": {
        "kurt": 17.4255924225,
        "max": 0.120760038495,
        "mean": 0.0135961128399,
        "median": 0.0111816171557,
        "min": 0.00240172352642,
        "skew": 3.41984128952,
        "var": 0.00015054467076
    },
    "spectral_kurtosis": {
        "kurt": 4.11619234085,
        "max": 17.7027606964,
        "mean": 4.80284261703,
        "median": 4.51153802872,
        "min": 0.917719125748,
        "skew": 1.44450724125,
        "var": 3.38457989693
    },
    "spectral_rms": {
        "kurt": 1.84040260315,
        "max": 0.00536666251719,
        "mean": 0.000964384351391,
        "median": 0.000658610078972,
        "min": 0.000121448421851,
        "skew": 1.35228765011,
        "var": 6.99056784015e-07
    },
    "spectral_rolloff": {
        "kurt": 0.540240287781,
        "max": 4349.70703125,
        "mean": 1326.3840332,
        "median": 1238.15917969,
        "min": 172.265625,
        "skew": 0.866424024105,
        "var": 581783.4375
    },
    "spectral_skewness": {
        "kurt": 0.499377727509,
        "max": 3.00695037842,
        "mean": 1.79744923115,
        "median": 1.79135990143,
        "min": 0.861735761166,
        "skew": 0.305259764194,
        "var": 0.0671144798398
    },
    "spectral_spread": {
        "kurt": 45.7147903442,
        "max": 25677574,
        "mean": 4679650.5,
        "median": 4612878,
        "min": 2274027.25,
        "skew": 3.33251428604,
        "var": 1.44416925286e+12
    },
    "spectral_strongpeak": {
        "kurt": 17.4751205444,
        "max": 7.99415254593,
        "mean": 0.388388156891,
        "median": 0.0439477004111,
        "min": 0.00273271254264,
        "skew": 3.16851592064,
        "var": 0.523643553257
    },
    "zerocrossingrate": {
        "kurt": -0.248516321182,
        "max": 0.115234375,
        "mean": 0.054889395833,
        "median": 0.05419921875,
        "min": 0.0078125,
        "skew": 0.341446727514,
        "var": 0.000252628175076
    },
    "barkbands": {
        "kurt": [20.8389530182, 54.8335838318, 111.9764328, 233.160980225, 228.108428955, 11.6238470078, 13.9473075867, 17.7513237, 18.7208423615, 20.3800621033, 23.6265392303, 31.2246704102, 18.8805885315, 78.1778869629, 538.951782227, 17.7782402039, 152.218704224, 33.1790466309, 82.7742843628, 37.3747291565, 159.084320068, 58.7266349792, 298.852325439, 148.738754272, 185.298095703, 250.379714966, 156.779647827],
        "max": [1.27381799757e-05, 0.00218267808668, 0.00574808102101, 0.00957458652556, 0.0234016813338, 0.00068037409801, 0.000755959248636, 0.00155274709687, 0.0022874714341, 0.00139418325853, 0.00386797916144, 0.0109193678945, 0.00251414906234, 0.00243262480944, 0.0120380362496, 0.000506293377839, 0.00125542224851, 0.000613226438873, 0.00295039685443, 0.000638946017716, 0.00112058233935, 0.000323056738125, 0.000581790634897, 8.41511355247e-05, 4.65282573714e-05, 6.35913465885e-06, 5.09984516839e-08],
        "mean": [7.08439699793e-07, 7.2019523941e-05, 0.000117390809464, 6.14877790213e-05, 0.000218261237023, 4.05063728977e-05, 4.22750890721e-05, 7.26860453142e-05, 0.000101954996353, 7.14826892363e-05, 0.00015017836995, 0.000325239321683, 0.000116466690088, 5.09713790962e-05, 5.14955463586e-05, 2.56806379184e-05, 2.62864741671e-05, 2.20236488531e-05, 4.63159194624e-05, 2.33615592151e-05, 1.93572141143e-05, 8.9982386271e-06, 3.22409277942e-06, 9.90568310044e-07, 4.25936434567e-07, 3.38920855825e-08, 4.55435772428e-10],
        "median": [3.30057446263e-07, 2.50261145993e-05, 2.27584569075e-05, 6.09870403423e-06, 1.83130432561e-05, 6.25373741059e-06, 5.75170724915e-06, 5.87317572354e-06, 6.38921937934e-06, 6.45368982077e-06, 5.58289411856e-06, 7.47128160583e-06, 6.90360411681e-06, 4.84892370878e-06, 5.27921883986e-06, 4.90251659357e-06, 4.66293340651e-06, 3.56570080839e-06, 4.25759662903e-06, 5.7698512137e-06, 5.12868018632e-06, 1.45424621678e-06, 1.99038936444e-07, 8.16496878997e-08, 3.55290659115e-08, 1.4296162032e-09, 2.36761964201e-11],
        "min": [1.47956813468e-09, 4.53109407772e-07, 4.5928608472e-08, 6.17479045673e-08, 4.308730297e-07, 1.03375725757e-07, 8.91261535685e-08, 1.02674064806e-07, 9.68295523762e-08, 1.02288993276e-07, 7.44591375224e-08, 8.05109650059e-08, 4.24636894536e-08, 3.96196782049e-08, 5.03529378193e-08, 3.77057816081e-08, 4.41466241341e-08, 5.482961285e-08, 8.94995011436e-08, 8.11864211414e-08, 6.86170125164e-08, 2.02866452526e-08, 2.56723153846e-09, 8.6564377888e-10, 6.78178624369e-10, 2.99345097321e-11, 5.41831933053e-13],
        "skew": [3.93674349785, 5.80077695847, 9.4242401123, 13.5523033142, 13.4340600967, 3.3440489769, 3.4661450386, 4.08330345154, 4.07166242599, 4.1919131279, 4.53185892105, 4.96317625046, 3.90633010864, 7.99017620087, 22.6780185699, 3.65585446358, 9.50968456268, 4.52212572098, 7.62654685974, 4.76365470886, 10.2717189789, 6.20075082779, 16.5728034973, 11.4831199646, 11.9736804962, 14.9914236069, 11.655248642],
        "var": [1.29591096968e-12, 1.79109136411e-08, 1.35537206347e-07, 1.60329591381e-07, 1.33345702125e-06, 8.17663092789e-09, 8.30319812906e-09, 3.95517929519e-08, 8.06234297102e-08, 3.30107496893e-08, 1.91470078903e-07, 9.87442717815e-07, 7.96310999363e-08, 3.03420257808e-08, 2.19870557316e-07, 2.60190025081e-09, 3.98318089623e-09, 2.04822625527e-09, 2.71374052119e-08, 2.03533101484e-09, 2.62339305834e-09, 4.50623482973e-10, 7.58799800771e-10, 2.48374532746e-11, 4.89204987283e-12, 8.52509726766e-14, 7.42750121994e-18],
        "cov": [[1.29653080806e-12, 7.12003442316e-11, 1.56158877496e-10, 1.31791799696e-10, 2.58217919269e-10, 1.3013442754e-11, 1.2180568186e-11, -1.10394931044e-11, -2.39655569695e-11, -1.70986870496e-11, -5.3325170668e-11, -1.29168606366e-10, -3.40067973781e-11, -9.97791172602e-12, -9.75062131731e-12, 4.68189592998e-12, 8.44877640072e-12, 8.38348574589e-12, 6.31411329471e-12, 8.82570492383e-12, 1.092271152e-11, 6.55329956967e-12, 2.80951016575e-13, 7.62572351185e-13, 5.63101269172e-13, 1.92462978741e-14, 4.90335620583e-16], [7.12003442316e-11, 1.79194792338e-08, 3.05110781085e-08, 2.72152878011e-08, 3.40365815532e-08, 2.23595630899e-09, 1.34545796726e-09, 8.59818827248e-10, -7.98241528432e-10, -1.52151391486e-09, -2.5269559778e-09, -1.13569615934e-08, -3.38393157939e-09, -7.23122728363e-10, -1.31600341735e-09, 7.25678017677e-10, 1.22983223605e-09, 1.09748921062e-09, 7.77887365633e-10, 1.21598764391e-09, 1.418280271e-09, 7.81645581593e-10, -5.69180878644e-13, 7.82856557358e-11, 5.97196181396e-11, 2.14336296107e-12, 5.41955938677e-14], [1.56158877496e-10, 3.05110781085e-08, 1.35602022056e-07, 1.27211620793e-07, 9.66622692999e-08, 3.87797616241e-09, 4.12466460986e-09, 1.43600809022e-09, -1.90806392908e-09, -2.63662713884e-09, -5.89380944049e-09, -2.3072267652e-08, -5.97259530721e-09, -7.78787256905e-10, -2.06221439925e-09, 2.224551654e-09, 2.94126256684e-09, 3.17014126061e-09, 2.44968489937e-09, 3.4126423909e-09, 3.75826392229e-09, 2.07354755588e-09, 1.06723602178e-10, 2.06606010078e-10, 1.83873138937e-10, 7.0719996699e-12, 1.58592756982e-13], [1.31791799696e-10, 2.72152878011e-08, 1.27211620793e-07, 1.60406273153e-07, 1.14668317508e-07, 3.86515042194e-09, 3.95194454939e-09, 1.69186942234e-09, -2.1671171524e-09, -1.69174729781e-09, -6.40961683729e-09, -1.61192552639e-08, -3.72839448204e-09, -1.27172952724e-10, -4.67769156742e-10, 2.05076688964e-09, 3.01546321246e-09, 2.8696161003e-09, 2.57151966387e-09, 3.54484930298e-09, 4.12776390846e-09, 2.16245465978e-09, 1.88465160145e-10, 2.06811692771e-10, 1.83608905857e-10, 8.4819052823e-12, 1.57074575785e-13], [2.58217919269e-10, 3.40365815532e-08, 9.66622692999e-08, 1.14668317508e-07, 1.33409480441e-06, 2.29559340426e-08, 3.47233108933e-09, 1.88881479346e-08, 1.36438263465e-10, 9.03502872518e-09, -2.2454379689e-08, -1.87299438181e-08, -1.4868575704e-08, 8.45435099706e-09, 1.38928257343e-07, 7.27188531613e-09, 1.68282792146e-08, 1.06116626597e-08, 6.81049669993e-08, 2.58489123439e-08, 4.50229542537e-08, 1.56546597907e-08, 2.61573447347e-08, 3.87951137881e-09, 1.5672004805e-09, 2.57638438361e-10, 2.5617097419e-12], [1.3013442754e-11, 2.23595630899e-09, 3.87797616241e-09, 3.86515042194e-09, 2.29559340426e-08, 8.18054157747e-09, 4.72119277006e-09, 4.09366401888e-10, 1.08094644347e-08, 4.61638904881e-09, 1.27641435199e-08, 5.52744836568e-08, 9.77217151643e-09, 1.06122621801e-09, 6.03031624635e-09, 2.8505811045e-09, 2.86025514384e-09, 2.05424788291e-09, 7.25051929606e-09, 2.16778417439e-09, 1.74149739074e-09, 8.042388977e-10, 3.26751320445e-10, 9.2194023249e-11, 4.22549772949e-11, 3.72603380441e-12, 5.47310982613e-14], [1.2180568186e-11, 1.34545796726e-09, 4.12466460986e-09, 3.95194454939e-09, 3.47233108933e-09, 4.72119277006e-09, 8.30716917477e-09, 1.72820291411e-09, 4.3086179069e-09, 7.51558371093e-09, 7.53736006942e-09, 5.24634344856e-08, 1.27499628633e-08, 1.66378000266e-09, 1.61211410887e-09, 2.027043422e-09, 2.40926811834e-09, 1.80514936332e-09, 1.96915950212e-09, 1.73613645682e-09, 1.15596343608e-09, 4.72033800936e-10, 1.86523088641e-11, 4.19127718643e-11, 2.14324460956e-11, 3.86386127087e-13, 1.87660725447e-14], [-1.10394931044e-11, 8.59818827248e-10, 1.43600809022e-09, 1.69186942234e-09, 1.88881479346e-08, 4.09366401888e-10, 1.72820291411e-09, 3.95707075995e-08, 6.45851638836e-09, -6.3186483823e-10, 1.08293845003e-08, 4.79165045419e-08, 1.83018755706e-09, 2.46012241689e-08, 6.74231070974e-09, 7.98666632829e-10, 1.17606557826e-09, 1.23611287872e-09, 9.87169346267e-10, 2.17730922181e-09, 2.06147765525e-09, 1.12573239619e-09, 6.45779041353e-10, 1.25567584108e-10, 3.49802062316e-11, 4.26612564719e-12, 4.81826425004e-14], [-2.39655569695e-11, -7.98241528432e-10, -1.90806392908e-09, -2.1671171524e-09, 1.36438263465e-10, 1.08094644347e-08, 4.3086179069e-09, 6.45851638836e-09, 8.06619908644e-08, 4.90605778225e-09, 5.96829892174e-08, 1.4910889945e-07, 2.67584727709e-08, 6.82065337543e-09, 5.62216895261e-09, 7.42970884815e-09, 5.84588377706e-09, 5.70028868552e-09, 1.68741305373e-08, 4.4804480126e-09, 2.8314863787e-09, 1.41203548853e-09, 2.33880220746e-10, 2.14764525608e-11, -2.75203037442e-12, 4.13699327887e-14, 4.61825783304e-15], [-1.70986870496e-11, -1.52151391486e-09, -2.63662713884e-09, -1.69174729781e-09, 9.03502872518e-09, 4.61638904881e-09, 7.51558371093e-09, -6.3186483823e-10, 4.90605778225e-09, 3.30265343962e-08, 2.04421422012e-08, 5.38204645295e-08, 2.27484910909e-08, 1.3484907635e-09, 2.02150456374e-08, 2.99503888357e-09, 4.42025083203e-09, 2.45416087452e-09, 5.5653646136e-09, 1.86288917625e-09, 1.52281065535e-09, 5.33068200692e-10, 5.37693778391e-10, 1.35061087314e-10, 5.2050714433e-11, 2.86109178883e-12, 5.29119289887e-14], [-5.3325170668e-11, -2.5269559778e-09, -5.89380944049e-09, -6.40961683729e-09, -2.2454379689e-08, 1.27641435199e-08, 7.53736006942e-09, 1.08293845003e-08, 5.96829892174e-08, 2.04421422012e-08, 1.91561653651e-07, 1.05229432279e-07, 3.52662219427e-08, 1.770568403e-08, 1.74325220925e-09, 1.11158069416e-08, 6.36607522253e-09, 5.33732746888e-09, 1.9633779047e-08, 4.1398910966e-09, 1.95690263993e-09, 1.33314270734e-09, -1.3827732015e-10, -1.8951057737e-11, -3.03299711735e-11, -3.89128226169e-12, -3.73614103522e-14], [-1.29168606366e-10, -1.13569615934e-08, -2.3072267652e-08, -1.61192552639e-08, -1.87299438181e-08, 5.52744836568e-08, 5.24634344856e-08, 4.79165045419e-08, 1.4910889945e-07, 5.38204645295e-08, 1.05229432279e-07, 9.87914972939e-07, 1.10275955478e-07, 4.2920266452e-08, 2.30680203828e-08, 2.15359730049e-08, 2.16860946978e-08, 1.80131447536e-08, 3.6019727645e-08, 1.7056663637e-08, 8.10655809147e-09, 3.41101302759e-09, 5.06453268212e-10, 1.05698253969e-11, -5.6298347928e-11, -2.05353160691e-12, -1.17777237751e-14], [-3.40067973781e-11, -3.38393157939e-09, -5.97259530721e-09, -3.72839448204e-09, -1.4868575704e-08, 9.77217151643e-09, 1.27499628633e-08, 1.83018755706e-09, 2.67584727709e-08, 2.27484910909e-08, 3.52662219427e-08, 1.10275955478e-07, 7.96691850269e-08, 3.8142369263e-09, 5.97654636891e-09, 6.25108054209e-09, 6.04302252682e-09, 4.54159998498e-09, 1.13231779508e-08, 3.19859649878e-09, 1.90686955115e-09, 8.64730120842e-10, -3.41624090128e-11, 3.07481687681e-12, -1.58396525063e-11, -2.09305728131e-12, -1.74758075849e-14], [-9.97791172602e-12, -7.23122728363e-10, -7.78787256905e-10, -1.27172952724e-10, 8.45435099706e-09, 1.06122621801e-09, 1.66378000266e-09, 2.46012241689e-08, 6.82065337543e-09, 1.3484907635e-09, 1.770568403e-08, 4.2920266452e-08, 3.8142369263e-09, 3.03565386162e-08, 1.54444212974e-09, 1.38629563384e-09, 1.2098979596e-09, 1.32744604198e-09, 1.99516647648e-09, 1.54518053908e-09, 1.22545573689e-09, 7.98546284653e-10, 3.13345988046e-10, 6.16430101408e-11, 9.48647931043e-12, 1.62806866513e-12, 1.82978598365e-14], [-9.75062131731e-12, -1.31600341735e-09, -2.06221439925e-09, -4.67769156742e-10, 1.38928257343e-07, 6.03031624635e-09, 1.61211410887e-09, 6.74231070974e-09, 5.62216895261e-09, 2.02150456374e-08, 1.74325220925e-09, 2.30680203828e-08, 5.97654636891e-09, 1.54444212974e-09, 2.19975717641e-07, 5.89631810044e-09, 2.13926938386e-08, 7.32362259726e-09, 4.01837567665e-08, 8.39915070827e-09, 9.86464510078e-09, 4.59538629372e-09, 5.66077718034e-09, 1.60271784733e-09, 6.77747968858e-10, 4.41560780995e-11, 6.53653997248e-13], [4.68189592998e-12, 7.25678017677e-10, 2.224551654e-09, 2.05076688964e-09, 7.27188531613e-09, 2.8505811045e-09, 2.027043422e-09, 7.98666632829e-10, 7.42970884815e-09, 2.99503888357e-09, 1.11158069416e-08, 2.15359730049e-08, 6.25108054209e-09, 1.38629563384e-09, 5.89631810044e-09, 2.60314458878e-09, 1.88322735184e-09, 1.47023371255e-09, 4.44849446168e-09, 1.15493370423e-09, 9.04068764296e-10, 4.60261467827e-10, 1.89696341968e-10, 6.53537224338e-11, 2.83987850597e-11, 1.9588718668e-12, 2.77743848293e-14], [8.44877640072e-12, 1.22983223605e-09, 2.94126256684e-09, 3.01546321246e-09, 1.68282792146e-08, 2.86025514384e-09, 2.40926811834e-09, 1.17606557826e-09, 5.84588377706e-09, 4.42025083203e-09, 6.36607522253e-09, 2.16860946978e-08, 6.04302252682e-09, 1.2098979596e-09, 2.13926938386e-08, 1.88322735184e-09, 3.98508559485e-09, 1.97086591491e-09, 6.09105210714e-09, 1.75086689591e-09, 1.72586589464e-09, 7.9300532807e-10, 5.79927383892e-10, 1.8448131911e-10, 8.42235656218e-11, 4.8936601299e-12, 7.87476095616e-14], [8.38348574589e-12, 1.09748921062e-09, 3.17014126061e-09, 2.8696161003e-09, 1.06116626597e-08, 2.05424788291e-09, 1.80514936332e-09, 1.23611287872e-09, 5.70028868552e-09, 2.45416087452e-09, 5.33732746888e-09, 1.80131447536e-08, 4.54159998498e-09, 1.32744604198e-09, 7.32362259726e-09, 1.47023371255e-09, 1.97086591491e-09, 2.04920569402e-09, 4.09704492554e-09, 1.28362087626e-09, 1.20942400539e-09, 5.45250067319e-10, 3.05833969261e-10, 9.25271387286e-11, 4.28475727121e-11, 2.86921679991e-12, 4.43460813047e-14], [6.31411329471e-12, 7.77887365633e-10, 2.44968489937e-09, 2.57151966387e-09, 6.81049669993e-08, 7.25051929606e-09, 1.96915950212e-09, 9.87169346267e-10, 1.68741305373e-08, 5.5653646136e-09, 1.9633779047e-08, 3.6019727645e-08, 1.13231779508e-08, 1.99516647648e-09, 4.01837567665e-08, 4.44849446168e-09, 6.09105210714e-09, 4.09704492554e-09, 2.71503832749e-08, 4.20584411742e-09, 4.43963132923e-09, 2.03473615734e-09, 2.23046692227e-09, 5.45890777026e-10, 2.38654263018e-10, 2.7354356627e-11, 2.62462767448e-13], [8.82570492383e-12, 1.21598764391e-09, 3.4126423909e-09, 3.54484930298e-09, 2.58489123439e-08, 2.16778417439e-09, 1.73613645682e-09, 2.17730922181e-09, 4.4804480126e-09, 1.86288917625e-09, 4.1398910966e-09, 1.7056663637e-08, 3.19859649878e-09, 1.54518053908e-09, 8.39915070827e-09, 1.15493370423e-09, 1.75086689591e-09, 1.28362087626e-09, 4.20584411742e-09, 2.03630445839e-09, 1.66882263564e-09, 7.32138905057e-10, 6.2142591073e-10, 1.44848855133e-10, 5.66511108857e-11, 6.25729763143e-12, 7.40617216535e-14], [1.092271152e-11, 1.418280271e-09, 3.75826392229e-09, 4.12776390846e-09, 4.50229542537e-08, 1.74149739074e-09, 1.15596343608e-09, 2.06147765525e-09, 2.8314863787e-09, 1.52281065535e-09, 1.95690263993e-09, 8.10655809147e-09, 1.90686955115e-09, 1.22545573689e-09, 9.86464510078e-09, 9.04068764296e-10, 1.72586589464e-09, 1.20942400539e-09, 4.43963132923e-09, 1.66882263564e-09, 2.62464783241e-09, 9.14659681328e-10, 1.10872255821e-09, 1.82849402286e-10, 7.53165585454e-11, 9.21620679079e-12, 1.05435456102e-13], [6.55329956967e-12, 7.81645581593e-10, 2.07354755588e-09, 2.16245465978e-09, 1.56546597907e-08, 8.042388977e-10, 4.72033800936e-10, 1.12573239619e-09, 1.41203548853e-09, 5.33068200692e-10, 1.33314270734e-09, 3.41101302759e-09, 8.64730120842e-10, 7.98546284653e-10, 4.59538629372e-09, 4.60261467827e-10, 7.9300532807e-10, 5.45250067319e-10, 2.03473615734e-09, 7.32138905057e-10, 9.14659681328e-10, 4.50839005017e-10, 3.47226830621e-10, 7.43273081971e-11, 3.2611253975e-11, 3.25529772409e-12, 3.96524244104e-14], [2.80951016575e-13, -5.69180878644e-13, 1.06723602178e-10, 1.88465160145e-10, 2.61573447347e-08, 3.26751320445e-10, 1.86523088641e-11, 6.45779041353e-10, 2.33880220746e-10, 5.37693778391e-10, -1.3827732015e-10, 5.06453268212e-10, -3.41624090128e-11, 3.13345988046e-10, 5.66077718034e-09, 1.89696341968e-10, 5.79927383892e-10, 3.05833969261e-10, 2.23046692227e-09, 6.2142591073e-10, 1.10872255821e-09, 3.47226830621e-10, 7.59162677166e-10, 1.09377222557e-10, 4.03035070595e-11, 6.35205169713e-12, 6.33973464546e-14], [7.62572351185e-13, 7.82856557358e-11, 2.06606010078e-10, 2.06811692771e-10, 3.87951137881e-09, 9.2194023249e-11, 4.19127718643e-11, 1.25567584108e-10, 2.14764525608e-11, 1.35061087314e-10, -1.8951057737e-11, 1.05698253969e-11, 3.07481687681e-12, 6.16430101408e-11, 1.60271784733e-09, 6.53537224338e-11, 1.8448131911e-10, 9.25271387286e-11, 5.45890777026e-10, 1.44848855133e-10, 1.82849402286e-10, 7.43273081971e-11, 1.09377222557e-10, 2.48493309263e-11, 9.89792362655e-12, 1.18982558181e-12, 1.21612865516e-14], [5.63101269172e-13, 5.97196181396e-11, 1.83873138937e-10, 1.83608905857e-10, 1.5672004805e-09, 4.22549772949e-11, 2.14324460956e-11, 3.49802062316e-11, -2.75203037442e-12, 5.2050714433e-11, -3.03299711735e-11, -5.6298347928e-11, -1.58396525063e-11, 9.48647931043e-12, 6.77747968858e-10, 2.83987850597e-11, 8.42235656218e-11, 4.28475727121e-11, 2.38654263018e-10, 5.66511108857e-11, 7.53165585454e-11, 3.2611253975e-11, 4.03035070595e-11, 9.89792362655e-12, 4.89438958112e-12, 4.82553233483e-13, 5.20114524976e-15], [1.92462978741e-14, 2.14336296107e-12, 7.0719996699e-12, 8.4819052823e-12, 2.57638438361e-10, 3.72603380441e-12, 3.86386127087e-13, 4.26612564719e-12, 4.13699327887e-14, 2.86109178883e-12, -3.89128226169e-12, -2.05353160691e-12, -2.09305728131e-12, 1.62806866513e-12, 4.41560780995e-11, 1.9588718668e-12, 4.8936601299e-12, 2.86921679991e-12, 2.7354356627e-11, 6.25729763143e-12, 9.21620679079e-12, 3.25529772409e-12, 6.35205169713e-12, 1.18982558181e-12, 4.82553233483e-13, 8.52917454545e-14, 6.81842464298e-16], [4.90335620583e-16, 5.41955938677e-14, 1.58592756982e-13, 1.57074575785e-13, 2.5617097419e-12, 5.47310982613e-14, 1.87660725447e-14, 4.81826425004e-14, 4.61825783304e-15, 5.29119289887e-14, -3.73614103522e-14, -1.17777237751e-14, -1.74758075849e-14, 1.82978598365e-14, 6.53653997248e-13, 2.77743848293e-14, 7.87476095616e-14, 4.43460813047e-14, 2.62462767448e-13, 7.40617216535e-14, 1.05435456102e-13, 3.96524244104e-14, 6.33973464546e-14, 1.21612865516e-14, 5.20114524976e-15, 6.81842464298e-16, 7.43105396067e-18]]
    },
    "mfcc": {
        "kurt": [-1.28651285172, 1.91491508484, -0.381292581558, -0.296521902084, -0.374129056931, -0.259193181992, 1.83361148834, 1.10343456268, -0.00672435760498, 0.517033338547, 1.08459281921, 1.68749046326, 0.0893828868866],
        "max": [-625.368225098, 170.629943848, 36.8449745178, 74.2564086914, 22.6728363037, 51.3718948364, 43.2595291138, 30.7694969177, 29.4481773376, 27.1610107422, 34.8212661743, 37.8171882629, 26.343662262],
        "mean": [-837.614135742, 124.996398926, -26.3024158478, 33.2453308105, -10.2695636749, 10.0672264099, 12.051817894, 0.295105934143, 4.79156637192, -2.27020311356, -0.971781134605, 1.37240803242, -0.821325361729],
        "median": [-834.399719238, 125.328262329, -19.7119255066, 36.9302062988, -7.50164794922, 9.46956729889, 12.5037689209, 0.415714263916, 5.34852409363, -2.06056404114, -1.42342567444, 0.27742767334, -1.62440109253],
        "min": [-1016.27734375, 20.1292247772, -116.021148682, -20.6735610962, -58.9965667725, -27.0586223602, -37.5839424133, -36.9563865662, -28.6649646759, -34.8300094604, -26.7784061432, -45.6470718384, -23.4600791931],
        "skew": [0.125025257468, -0.571062624454, -0.631438970566, -0.624209403992, -0.502337396145, 0.228545233607, -0.577894508839, -0.0739832296968, -0.28561899066, -0.104450754821, 0.42414867878, 0.244197413325, 0.380190402269],
        "var": [7490.42138672, 369.972747803, 943.662353516, 271.331787109, 247.345581055, 142.136657715, 89.539680481, 74.3129348755, 82.5275192261, 67.3916244507, 61.3705482483, 109.136268616, 64.4304504395],
        "cov": [[7494.00390625, -344.797210693, -1952.50292969, -533.941101074, -869.842590332, 602.174072266, -334.900939941, 13.3221559525, -183.775421143, -162.729507446, 127.022834778, 238.049255371, 237.216873169], [-344.797210693, 370.149688721, 80.45652771, 76.4245452881, 3.85246992111, -21.0599155426, 76.3719558716, 16.3386116028, 79.2077407837, 0.109127417207, -7.064245224, -11.5516786575, -4.70959043503], [-1952.50292969, 80.45652771, 944.113647461, 359.804321289, 362.245819092, -178.702011108, 48.5875244141, -68.6305389404, 80.7481002808, 38.5043525696, -56.6707611084, -150.245391846, -139.83493042], [-533.941101074, 76.4245452881, 359.804321289, 271.461547852, 161.435256958, -69.7642593384, 13.6617155075, -34.8174514771, 58.1126937866, 10.1481494904, -19.0597801208, -87.0681991577, -63.5677680969], [-869.842590332, 3.85246992111, 362.245819092, 161.435256958, 247.463882446, -87.0038375854, 17.7942142487, -9.02319812775, 24.5981998444, 11.6119785309, -27.5405712128, -59.5087432861, -55.7717018127], [602.174072266, -21.0599155426, -178.702011108, -69.7642593384, -87.0038375854, 142.204620361, -10.0053768158, 1.35707509518, -2.67448830605, -2.48163866997, 26.0251693726, 46.1465797424, 21.6638221741], [-334.900939941, 76.3719558716, 48.5875244141, 13.6617155075, 17.7942142487, -10.0053768158, 89.5825042725, 34.3417625427, 20.9949188232, 5.80725336075, -5.12538671494, -6.01919412613, -1.97245192528], [13.3221559525, 16.3386116028, -68.6305389404, -34.8174514771, -9.02319812775, 1.35707509518, 34.3417625427, 74.3484725952, 14.9436311722, 0.00928023923188, 5.75749206543, 11.4259023666, 16.3208332062], [-183.775421143, 79.2077407837, 80.7481002808, 58.1126937866, 24.5981998444, -2.67448830605, 20.9949188232, 14.9436311722, 82.5669937134, 26.2113132477, 0.7512409091, -17.784078598, -19.5054779053], [-162.729507446, 0.109127417207, 38.5043525696, 10.1481494904, 11.6119785309, -2.48163866997, 5.80725336075, 0.00928023923188, 26.2113132477, 67.4238586426, 31.0664901733, 3.3782954216, -7.74595594406], [127.022834778, -7.064245224, -56.6707611084, -19.0597801208, -27.5405712128, 26.0251693726, -5.12538671494, 5.75749206543, 0.7512409091, 31.0664901733, 61.3998985291, 45.3106651306, 12.5653104782], [238.049255371, -11.5516786575, -150.245391846, -87.0681991577, -59.5087432861, 46.1465797424, -6.01919412613, 11.4259023666, -17.784078598, 3.3782954216, 45.3106651306, 109.188461304, 49.1512069702], [237.216873169, -4.70959043503, -139.83493042, -63.5677680969, -55.7717018127, 21.6638221741, -1.97245192528, 16.3208332062, -19.5054779053, -7.74595594406, 12.5653104782, 49.1512069702, 64.461265564]]
    },
    "sccoeffs": {
        "kurt": [2.92486143112, 0.0617918968201, -0.135504245758, 0.0297431945801, 1.39001274109, -0.16500878334],
        "max": [-0.312423944473, -0.428916633129, -0.448825508356, -0.50030040741, -0.620651781559, -0.673261225224],
        "mean": [-0.736680150032, -0.780881524086, -0.787494540215, -0.809875667095, -0.839278817177, -0.786148071289],
        "median": [-0.747593283653, -0.817549705505, -0.839246153831, -0.843678057194, -0.853511929512, -0.791239321232],
        "min": [-0.897400736809, -0.937310755253, -0.927153587341, -0.92040926218, -0.905032336712, -0.929582476616],
        "skew": [1.1499825716, 1.03315937519, 1.10507500172, 1.05685675144, 1.19645857811, 0.499893963337],
        "var": [0.00547787267715, 0.0101185264066, 0.0126095404848, 0.00626155454665, 0.00176352832932, 0.00131506740581],
        "cov": [[0.00548049202189, 0.00108495994937, 0.000834570557345, 0.00100240111351, 0.000978993135504, 0.000918050180189], [0.00108495994937, 0.0101233655587, 0.00928989797831, 0.00670138327405, 0.00308919977397, 0.0025513113942], [0.000834570557345, 0.00928989797831, 0.0126155707985, 0.00758971041068, 0.00369194685481, 0.00290986592881], [0.00100240111351, 0.00670138327405, 0.00758971041068, 0.00626454921439, 0.00269449921325, 0.00201873015612], [0.000978993135504, 0.00308919977397, 0.00369194685481, 0.00269449921325, 0.00176437175833, 0.00112209760118], [0.000918050180189, 0.0025513113942, 0.00290986592881, 0.00201873015612, 0.00112209760118, 0.00131569628138]]
    },
    "scvalleys": {
        "kurt": [1.19987773895, -0.0553886890411, -0.965368509293, -1.17767179012, -0.682433128357, -0.172850131989],
        "max": [-4.87397384644, -5.5131778717, -6.08660554886, -6.56636190414, -6.38700771332, -8.29582500458],
        "mean": [-7.2956366539, -7.67062044144, -7.83125305176, -8.28760147095, -8.6659412384, -11.0259571075],
        "median": [-7.37945890427, -7.71027040482, -7.78333806992, -8.10972213745, -8.61620330811, -11.1175727844],
        "min": [-9.32361698151, -9.46223258972, -9.75463485718, -10.4690523148, -10.5462217331, -13.2455015182],
        "skew": [0.891927599907, 0.360817760229, -0.00067016488174, -0.158325567842, 0.06669370085, 0.49514105916],
        "var": [0.371868997812, 0.400598555803, 0.537811517715, 0.782815515995, 0.583372175694, 0.80187690258],
        "cov": [[0.372046858072, 0.236684799194, 0.183391958475, 0.192524924874, 0.198943257332, 0.254709452391], [0.236684799194, 0.400790154934, 0.338389247656, 0.38835927844, 0.350061535835, 0.377518266439], [0.183391958475, 0.338389247656, 0.538068711758, 0.578185856342, 0.487560123205, 0.477633535862], [0.192524924874, 0.38835927844, 0.578185856342, 0.783189892769, 0.634762465954, 0.663501083851], [0.198943257332, 0.350061535835, 0.487560123205, 0.634762465954, 0.583651125431, 0.615164518356], [0.254709452391, 0.377518266439, 0.477633535862, 0.663501083851, 0.615164518356, 0.802260398865]]
    }
},
"rhythm": {
    "beats_loudness": {
        "kurt": 19.1709079742,
        "max": 0.0258224699646,
        "mean": 0.00207882025279,
        "median": 0.000522193149664,
        "min": 2.82335713564e-05,
        "skew": 3.98666787148,
        "var": 1.56778005476e-05
    },
    "bpm": 125.80418396,
    "confidence": 0.112669706345,
    "first_peak_bpm": {
        "kurt": 0,
        "max": 126,
        "mean": 126,
        "median": 126,
        "min": 126,
        "skew": 0,
        "var": 0
    },
    "first_peak_spread": {
        "kurt": 0,
        "max": 0.59375,
        "mean": 0.59375,
        "median": 0.59375,
        "min": 0.59375,
        "skew": 0,
        "var": 0
    },
    "first_peak_weight": {
        "kurt": 0,
        "max": 0.12380952388,
        "mean": 0.12380952388,
        "median": 0.12380952388,
        "min": 0.12380952388,
        "skew": 0,
        "var": 0
    },
    "onset_rate": 0.35015052557,
    "second_peak_bpm": {
        "kurt": 0,
        "max": 136,
        "mean": 136,
        "median": 136,
        "min": 136,
        "skew": 0,
        "var": 0
    },
    "second_peak_spread": {
        "kurt": 0,
        "max": 0.538461565971,
        "mean": 0.538461565971,
        "median": 0.538461565971,
        "min": 0.538461565971,
        "skew": 0,
        "var": 0
    },
    "second_peak_weight": {
        "kurt": 0,
        "max": 0.114285714924,
        "mean": 0.114285714924,
        "median": 0.114285714924,
        "min": 0.114285714924,
        "skew": 0,
        "var": 0
    },
    "beats_loudness_band_ratio": {
        "kurt": [-1.09881269932, 1.35789060593, 2.29885435104, -0.383187294006, 24.2382774353, 3.95610427856],
        "max": [0.845221102238, 0.78869831562, 0.482963860035, 0.832972586155, 0.554844617844, 0.225155457854],
        "mean": [0.335238426924, 0.190412774682, 0.13730995357, 0.244373738766, 0.0769370123744, 0.0534600690007],
        "median": [0.380509793758, 0.147128969431, 0.111781127751, 0.1107782498, 0.060672685504, 0.0413933470845],
        "min": [0.000800211040769, 0.0026085821446, 0.00783060211688, 0.0154833002016, 0.00890754256397, 0.0119853606448],
        "skew": [-0.00288942083716, 1.22448611259, 1.35855042934, 1.07475996017, 3.91897535324, 1.79918789864],
        "var": [0.0580911710858, 0.0296464189887, 0.00828301347792, 0.0670549347997, 0.00433185696602, 0.00141103367787],
        "cov": [[0.0586444213986, 0.00928054656833, -0.00835531204939, -0.0489639230072, -0.0061226952821, -0.00254362169653], [0.00928054656833, 0.029928766191, -0.0060053137131, -0.0273690056056, -0.00231624324806, 0.00019282005087], [-0.00835531204939, -0.0060053137131, 0.00836189929396, 0.00438980245963, 0.000541326298844, 0.000436885951785], [-0.0489639230072, -0.0273690056056, 0.00438980245963, 0.067693553865, 0.00194882287178, -0.000781781272963], [-0.0061226952821, -0.00231624324806, 0.000541326298844, 0.00194882287178, 0.00437311269343, 0.00137531454675], [-0.00254362169653, 0.00019282005087, 0.000436885951785, -0.000781781272963, 0.00137531454675, 0.00142447208054]]
    },
    "beats_position": [0.476009070873, 0.96362811327, 1.43963718414, 1.91564619541, 2.41487526894, 2.86766433716, 3.32045340538, 3.7732424736, 4.22603178024, 4.6439909935, 5.08516979218, 5.50312900543, 5.92108821869, 6.33904743195, 6.78022670746, 7.22140598297, 7.66258478165, 8.08054447174, 8.52172279358, 8.96290206909, 9.42730140686, 9.8800907135, 10.3328800201, 10.774058342, 11.2152376175, 11.656416893, 12.0627660751, 12.4807252884, 12.8986845016, 13.3166437149, 13.7462129593, 14.1757822037, 14.6053514481, 15.0000905991, 15.3948297501, 15.7895689011, 16.1726989746, 16.5558280945, 16.9505672455, 17.3453063965, 17.7168254852, 18.088344574, 18.4598636627, 18.8546028137, 19.365442276, 19.8762817383, 20.3755092621, 20.8747386932, 21.3623580933, 21.8615875244, 22.3375968933, 22.825214386, 23.312833786, 23.7888431549, 24.2648525238, 24.7524719238, 25.2168693542, 25.6928787231, 26.168888092, 26.6332874298, 27.0976867676, 27.5736961365, 28.0380954742, 28.5141029358, 29.0017223358, 29.4777317047, 29.9537410736, 30.4181404114, 30.9057598114, 31.3933773041, 31.8809967041, 32.3686180115, 32.8678436279, 33.3902931213, 33.9243545532, 34.4351921082, 34.9344215393, 35.4336509705, 35.9212684631, 36.3856697083, 36.8268470764, 37.2912483215, 37.7672538757, 38.2432632446, 38.7773246765, 39.3113822937, 39.8338317871, 40.3795013428, 40.91355896, 41.4592285156, 41.88879776, 42.3299751282, 42.7595443726, 43.1891136169, 43.6302947998, 44.0598640442, 44.4894332886, 44.9073905945, 45.3253517151, 45.743309021, 46.1496582031, 46.5560073853, 46.9507484436, 47.3454856873, 47.7402267456, 48.1581840515],
    "bpm_estimates": [123.046875, 126.048019409, 126.048034668, 129.199157715, 123.046783447, 126.047935486, 123.047264099, 123.046783447, 126.047935486, 126.047935486, 123.046783447, 129.199676514, 126.047935486, 126.047935486, 129.199157715, 129.199157715, 126.047935486, 129.199157715, 126.048446655, 123.046783447, 126.047935486, 126.047935486, 129.199157715, 123.046783447, 123.047264099, 123.046783447, 123.046302795, 123.047264099, 129.198623657, 129.198623657, 126.048950195, 126.047935486],
    "bpm_intervals": [0.487619042397, 0.476009070873, 0.476009011269, 0.499229073524, 0.452789068222, 0.452789068222, 0.452789068222, 0.452789306641, 0.417959213257, 0.441178798676, 0.417959213257, 0.417959213257, 0.417959213257, 0.441179275513, 0.441179275513, 0.441178798676, 0.417959690094, 0.441178321838, 0.441179275513, 0.464399337769, 0.452789306641, 0.452789306641, 0.441178321838, 0.441179275513, 0.441179275513, 0.406349182129, 0.417959213257, 0.417959213257, 0.417959213257, 0.429569244385, 0.429569244385, 0.429569244385, 0.394739151001, 0.394739151001, 0.394739151001, 0.383130073547, 0.383129119873, 0.394739151001, 0.394739151001, 0.371519088745, 0.371519088745, 0.371519088745, 0.394739151001, 0.51083946228, 0.51083946228, 0.499227523804, 0.499229431152, 0.487619400024, 0.499229431152, 0.476009368896, 0.487617492676, 0.487619400024, 0.476009368896, 0.476009368896, 0.487619400024, 0.46439743042, 0.476009368896, 0.476009368896, 0.464399337769, 0.464399337769, 0.476009368896, 0.464399337769, 0.476007461548, 0.487619400024, 0.476009368896, 0.476009368896, 0.464399337769, 0.487619400024, 0.487617492676, 0.487619400024, 0.487621307373, 0.499225616455, 0.522449493408, 0.534061431885, 0.510837554932, 0.499229431152, 0.499229431152, 0.487617492676, 0.464401245117, 0.441177368164, 0.464401245117, 0.476005554199, 0.476009368896, 0.534061431885, 0.534057617188, 0.522449493408, 0.545669555664, 0.534057617188, 0.545669555664, 0.429569244385, 0.441177368164, 0.429569244385, 0.429569244385, 0.441181182861, 0.429569244385, 0.429569244385, 0.417957305908, 0.417961120605, 0.417957305908, 0.406349182129, 0.406349182129, 0.39474105835, 0.394737243652, 0.39474105835, 0.417957305908],
    "onset_times": [0.0348299331963, 1.09133791924, 1.8575963974, 2.42648530006, 6.025578022, 6.17650794983, 6.80344676971, 8.09215450287, 13.8158731461, 17.8445358276, 21.733877182, 39.1372337341, 39.5319709778, 40.1356925964, 40.7278022766, 47.7634468079, 48.5529251099],
    "histogram": [[0, 0, 0, 0, 0, 0, 0, 0, 0, 0, 0, 0, 0, 0, 0, 0, 0, 0, 0, 0, 0, 0, 0, 0, 0, 0, 0, 0, 0, 0, 0, 0, 0, 0, 0, 0, 0, 0, 0, 0, 0, 0, 0, 0, 0, 0, 0, 0, 0, 0, 0, 0, 0, 0, 0, 0, 0, 0, 0, 0, 0, 0, 0, 0, 0, 0, 0, 0, 0, 0, 0, 0, 0, 0, 0, 0, 0, 0, 0, 0, 0, 0, 0, 0, 0, 0, 0, 0, 0, 0, 0, 0, 0, 0, 0, 0, 0, 0, 0, 0, 0, 0, 0, 0, 0, 0, 0, 0, 0, 0, 0.0190476197749, 0, 0.0380952395499, 0, 0, 0.0190476197749, 0, 0.0285714287311, 0, 0, 0.0666666701436, 0, 0, 0.104761905968, 0, 0, 0.12380952388, 0, 0, 0.0761904790998, 0, 0, 0, 0.0571428574622, 0, 0, 0.114285714924, 0, 0, 0, 0.0761904790998, 0, 0, 0, 0.114285714924, 0, 0, 0, 0.0285714287311, 0, 0, 0, 0.0857142880559, 0, 0, 0, 0, 0.0190476197749, 0, 0, 0, 0.0285714287311, 0, 0, 0, 0, 0, 0, 0, 0, 0, 0, 0, 0, 0, 0, 0, 0, 0, 0, 0, 0, 0, 0, 0, 0, 0, 0, 0, 0, 0, 0, 0, 0, 0, 0, 0, 0, 0, 0, 0, 0, 0, 0, 0, 0, 0, 0, 0, 0, 0, 0, 0, 0, 0, 0, 0, 0, 0, 0, 0, 0, 0, 0, 0, 0, 0, 0, 0, 0, 0, 0, 0, 0, 0, 0, 0, 0, 0, 0, 0, 0, 0, 0, 0, 0, 0, 0, 0, 0]]
