{
"metadata": {
    "version": {
        "essentia": "2.1-beta3"
    }
},
"lowLevel": {
    "average_loudness": 0.955920875072,
    "barkbands_kurtosis": {
        "kurt": 4.91021299362,
        "max": 35.2894248962,
        "mean": 4.15989685059,
        "median": 2.7459154129,
        "min": -1.9048320055,
        "skew": 1.86752915382,
        "var": 39.0166778564
    },
    "barkbands_skewness": {
        "kurt": -0.203549385071,
        "max": 0.993767082691,
        "mean": -2.0155248642,
        "median": -2.07364463806,
        "min": -5.50331163406,
        "skew": -0.210681632161,
        "var": 1.39291191101
    },
    "barkbands_spread": {
        "kurt": -1.18794417381,
        "max": 41.5373420715,
        "mean": 20.9702167511,
        "median": 18.7475166321,
        "min": 3.13721895218,
        "skew": 0.288598954678,
        "var": 106.304878235
    },
    "dissonance": {
        "kurt": 12.0219659805,
        "max": 0.499140560627,
        "mean": 0.487968593836,
        "median": 0.490158975124,
        "min": 0.435411155224,
        "skew": -2.74910283089,
        "var": 8.25340030133e-05
    },
    "hfc": {
        "kurt": 7.64668560028,
        "max": 429.750854492,
        "mean": 72.4532775879,
        "median": 56.0303764343,
        "min": 0.00481937965378,
        "skew": 2.29649662971,
        "var": 4619.81005859
    },
    "pitch": {
        "kurt": 48.4215621948,
        "max": 3465.42431641,
        "mean": 3131.39379883,
        "median": 3173.69726562,
        "min": 115.882232666,
        "skew": -6.96791887283,
        "var": 157257.59375
    },
    "pitch_instantaneous_confidence": {
        "kurt": 27.8953800201,
        "max": 0.90945982933,
        "mean": 0.791070520878,
        "median": 0.79446798563,
        "min": 0.189200103283,
        "skew": -3.89688658714,
        "var": 0.0061937966384
    },
    "pitch_salience": {
        "kurt": 0.501716852188,
        "max": 0.838766872883,
        "mean": 0.591179490089,
        "median": 0.584552824497,
        "min": 0.440621197224,
        "skew": 0.476179838181,
        "var": 0.00536515470594
    },
    "silence_rate_20dB": {
        "kurt": 0,
        "max": 1,
        "mean": 1,
        "median": 1,
        "min": 1,
        "skew": 0,
        "var": 0
    },
    "silence_rate_30dB": {
        "kurt": 108.008712769,
        "max": 1,
        "mean": 0.991150438786,
        "median": 1,
        "min": 0,
        "skew": -10.4884786606,
        "var": 0.00877124816179
    },
    "silence_rate_60dB": {
        "kurt": 11.2088785172,
        "max": 1,
        "mean": 0.0619469024241,
        "median": 0,
        "min": 0,
        "skew": 3.63440275192,
        "var": 0.0581095069647
    },
    "spectral_centroid": {
        "kurt": 3.4504442215,
        "max": 3067.54296875,
        "mean": 2625.27148438,
        "median": 2758.87988281,
        "min": 851.996948242,
        "skew": -1.57081747055,
        "var": 139881.046875
    },
    "spectral_complexity": {
        "kurt": 0.45100069046,
        "max": 33,
        "mean": 19.9026546478,
        "median": 20,
        "min": 0,
        "skew": -0.470462113619,
        "var": 36.9905204773
    },
    "spectral_crest": {
        "kurt": -0.72235417366,
        "max": 19.9735679626,
        "mean": 12.5809278488,
        "median": 11.7131309509,
        "min": 5.27947950363,
        "skew": 0.469877928495,
        "var": 11.7076358795
    },
    "spectral_decrease": {
        "kurt": 6.66855144501,
        "max": -5.0676102854e-13,
        "mean": -5.31749622112e-09,
        "median": -4.49403048108e-09,
        "min": -2.85106036557e-08,
        "skew": -2.08921694756,
        "var": 2.16027928069e-17
    },
    "spectral_energy": {
        "kurt": 6.99488353729,
        "max": 0.146585151553,
        "mean": 0.0266411677003,
        "median": 0.0231789853424,
        "min": 2.34976369029e-06,
        "skew": 2.15096783638,
        "var": 0.000558543077204
    },
    "spectral_energyband_high": {
        "kurt": 4.35237360001,
        "max": 0.00334302522242,
        "mean": 0.000605174747761,
        "median": 0.000423409510404,
        "min": 5.70992533255e-08,
        "skew": 2.07623124123,
        "var": 4.62120823386e-07
    },
    "spectral_energyband_low": {
        "kurt": 3.42558670044,
        "max": 0.000539119471796,
        "mean": 0.00012395887461,
        "median": 9.22246326809e-05,
        "min": 1.53095513156e-07,
        "skew": 1.82225060463,
        "var": 1.04181561156e-08
    },
    "spectral_energyband_middle_high": {
        "kurt": 8.1418094635,
        "max": 0.134672269225,
        "mean": 0.0222254768014,
        "median": 0.0167122911662,
        "min": 1.52680092924e-06,
        "skew": 2.37897467613,
        "var": 0.000447629892733
    },
    "spectral_energyband_middle_low": {
        "kurt": 1.54515218735,
        "max": 0.0166705641896,
        "mean": 0.00381217314862,
        "median": 0.00209073605947,
        "min": 6.2383378463e-07,
        "skew": 1.53477704525,
        "var": 1.54062363436e-05
    },
    "spectral_flatness_db": {
        "kurt": 5.46056175232,
        "max": 0.30712467432,
        "mean": 0.240109682083,
        "median": 0.240954861045,
        "min": 0.0763264447451,
        "skew": -1.48078036308,
        "var": 0.00104847212788
    },
    "spectral_flux": {
        "kurt": 0.992106437683,
        "max": 0.244445830584,
        "mean": 0.0908536091447,
        "median": 0.0864467099309,
        "min": 0.0185082200915,
        "skew": 0.887320399284,
        "var": 0.0017646899214
    },
    "spectral_kurtosis": {
        "kurt": 3.96884965897,
        "max": 12.7645225525,
        "mean": 5.87166166306,
        "median": 5.5772857666,
        "min": 3.40055847168,
        "skew": 1.58271002769,
        "var": 2.27298808098
    },
    "spectral_rms": {
        "kurt": 0.755009174347,
        "max": 0.0119586745277,
        "mean": 0.00464955950156,
        "median": 0.00475538056344,
        "min": 4.78795627714e-05,
        "skew": 0.592686653137,
        "var": 4.37296375821e-06
    },
    "spectral_rolloff": {
        "kurt": 30.876033783,
        "max": 3832.91015625,
        "mean": 3378.99853516,
        "median": 3380.71289062,
        "min": 1464.2578125,
        "skew": -4.07314300537,
        "var": 59803.4570312
    },
    "spectral_skewness": {
        "kurt": 9.05116081238,
        "max": 2.65400719643,
        "mean": 1.51466429234,
        "median": 1.48480582237,
        "min": 1.15620875359,
        "skew": 2.36330747604,
        "var": 0.0511126965284
    },
    "spectral_spread": {
        "kurt": 78.7802429199,
        "max": 13722865,
        "mean": 3755436.75,
        "median": 3659108.75,
        "min": 2791286.5,
        "skew": 8.30693531036,
        "var": 1.0338402304e+12
    },
    "spectral_strongpeak": {
        "kurt": 3.68626832962,
        "max": 32.5272789001,
        "mean": 6.21241140366,
        "median": 4.49611473083,
        "min": 0.0119296545163,
        "skew": 1.70081973076,
        "var": 34.0103378296
    },
    "zerocrossingrate": {
        "kurt": 19.6644630432,
        "max": 0.14453125,
        "mean": 0.127579674125,
        "median": 0.1318359375,
        "min": 0.02001953125,
        "skew": -3.96547746658,
        "var": 0.000319786689943
    },
    "barkbands": {
        "kurt": [96.916633606, 19.0960788727, 7.00518131256, 9.66127586365, 25.7561168671, 1.77375030518, 0.6648209095, 1.87397146225, 8.01244258881, 6.25381374359, 10.2977771759, 6.30798530579, 16.6905822754, 4.44735336304, 3.17430496216, 3.02823400497, 1.4910492897, 10.2075500488, 6.55524730682, 4.79065561295, 2.23223209381, 10.3863687515, 1.70456171036, -0.136187314987, -0.455378770828, 9.63548660278, 23.6696643829],
        "max": [2.98260317777e-07, 0.00013164441043, 0.00039401644608, 0.000976462033577, 0.00453012064099, 0.0149649828672, 0.000483514362713, 0.00037305636215, 0.000754708424211, 0.000421297678258, 0.000276390783256, 0.000203208590392, 0.0002561781439, 0.000119760072266, 8.43334200908e-05, 0.000162513635587, 0.00608927570283, 0.096476495266, 0.0336245633662, 0.0089955534786, 0.000344562839018, 0.000264963367954, 9.52545306063e-05, 3.48466237483e-05, 2.3605160095e-05, 9.67668256635e-07, 1.45120377937e-08],
        "mean": [7.79854758548e-09, 1.46212187246e-05, 6.48449349683e-05, 0.00012299179798, 0.000486873323098, 0.00279677752405, 0.000169512888533, 9.76976662059e-05, 0.000120385622722, 6.29802598269e-05, 3.94223898184e-05, 3.2152132917e-05, 3.0362913094e-05, 2.50140237767e-05, 1.87099776667e-05, 3.50237605744e-05, 0.00140176201239, 0.0134186660871, 0.00593967409804, 0.00160873448476, 7.77576278779e-05, 3.96011309931e-05, 2.11531569221e-05, 9.44724888541e-06, 6.911469427e-06, 1.06804641575e-07, 1.19077614436e-09],
        "median": [3.20392601338e-09, 8.98983853403e-06, 4.41837473772e-05, 6.54385439702e-05, 0.000338325829944, 0.0011064967839, 0.000150473089889, 7.38515300327e-05, 7.9738041677e-05, 3.92159272451e-05, 2.63574365817e-05, 1.93539290194e-05, 1.78363188752e-05, 1.79531289177e-05, 1.39596540976e-05, 2.80471431324e-05, 0.000959945376962, 0.0086188223213, 0.00504948664457, 0.00109434733167, 5.57075763936e-05, 2.95738063869e-05, 1.53448308993e-05, 7.23585117157e-06, 5.09105029778e-06, 3.8270005831e-08, 5.81220238605e-10],
        "min": [2.71997997042e-11, 5.61876518645e-08, 4.45266437055e-08, 6.79932696812e-08, 1.97881732333e-07, 1.42255174751e-07, 9.5712536563e-08, 6.48017035587e-08, 3.99827229103e-08, 4.59544509113e-08, 2.20335643064e-08, 3.51126949738e-08, 4.43770638014e-08, 5.13924476309e-08, 4.393315578e-08, 4.66687311018e-08, 5.86220281207e-08, 6.09317908129e-07, 5.3398844102e-07, 5.79967966985e-08, 2.60808352692e-08, 1.06411572887e-08, 2.00742933387e-09, 1.48787471232e-09, 1.31276578497e-09, 1.06129294242e-09, 1.36919850457e-10],
        "skew": [9.71614170074, 3.56283760071, 2.28669261932, 2.69836258888, 4.14703178406, 1.64798653126, 1.10097956657, 1.29223930836, 2.49541354179, 2.39651870728, 2.80541658401, 2.25906848907, 3.6041738987, 1.95117557049, 1.63890254498, 1.52204418182, 1.35483896732, 2.76818466187, 2.20825219154, 1.90311658382, 1.4650541544, 2.44416666031, 1.26609528065, 0.881384313107, 0.765270531178, 3.03239583969, 4.20392179489],
        "var": [7.9415829195e-16, 2.89904850126e-10, 4.11148493029e-09, 2.18582538736e-08, 2.9308040439e-07, 1.30661110234e-05, 1.1709419212e-08, 5.22587395579e-09, 1.63483484528e-08, 5.46544320912e-09, 1.83734027992e-09, 1.11479614429e-09, 1.26359989139e-09, 4.50064902013e-10, 2.12415349199e-10, 7.89936005496e-10, 1.86146394299e-06, 0.000226699470659, 3.00677056657e-05, 2.34814342548e-06, 4.78503503487e-09, 1.41413369903e-09, 3.54210522024e-10, 6.54780951681e-11, 3.61388245718e-11, 3.01725705781e-14, 3.37521412298e-18],
        "cov": [[8.0124901651e-16, -2.21524425051e-14, -1.23729124819e-13, -7.54855094989e-14, -7.09268689787e-13, 1.04587670989e-12, -4.1046492919e-13, -1.56597147359e-13, -1.15817755776e-13, -1.61621936537e-13, -8.14063036815e-14, -5.65117072061e-14, -5.57666062038e-14, -4.34389903334e-14, -2.57097318559e-14, -5.13865785047e-14, -2.97807828745e-12, -2.77535668058e-11, -1.41740291379e-11, -3.36652884389e-12, -1.59928182351e-13, -7.99661308308e-14, -4.27130288875e-14, -2.08672563549e-14, -1.52859309547e-14, -2.47948540048e-16, 3.59919974361e-18], [-2.21524425051e-14, 2.92493307352e-10, 6.28364915656e-10, -3.73930525432e-10, -1.07302909613e-10, -3.95922628016e-09, -3.42360195749e-10, -1.23954929654e-10, -8.36617858324e-11, -1.71794994897e-10, -5.0252555589e-11, -3.59827237451e-11, -1.63654298446e-11, -1.30359056882e-11, -3.35217686942e-11, -1.73886269966e-11, 6.93962609599e-10, -2.71156057607e-08, -1.01540198472e-08, -2.19293760928e-09, -1.86700224725e-10, -9.29615481815e-11, -3.14438058924e-11, -1.89891383867e-11, -1.79476763312e-11, -8.37555326201e-14, -1.29424421467e-15], [-1.23729124819e-13, 6.28364915656e-10, 4.14819467665e-09, 1.14159315334e-09, 4.06120070906e-09, 1.94696481159e-09, -2.15542542148e-10, 5.38623645685e-10, 1.21420318244e-09, 4.55629339813e-10, -2.4099175433e-10, 1.4377186941e-10, 5.27803134531e-10, 1.78356690528e-10, 6.62378051713e-12, 2.8037119848e-10, 5.34713118228e-09, 8.82658426349e-08, 4.04162499024e-08, 1.02446815475e-08, 3.78867409667e-10, 1.6445525497e-10, 1.318588988e-10, 6.64057211996e-11, 7.00315196459e-12, 2.05798073895e-12, 3.20802272652e-15], [-7.54855094989e-14, -3.73930525432e-10, 1.14159315334e-09, 2.20534168704e-08, 2.55958987339e-08, 7.60545759704e-08, 5.37499733611e-09, 2.82541856578e-09, 6.80286893484e-09, 6.4551812784e-09, 2.60895727244e-09, 2.43793185639e-09, 2.00294869579e-09, 9.77743219721e-10, 1.18169207752e-09, 1.11274567338e-09, 2.47843034984e-09, 8.42238080168e-07, 3.81724987619e-07, 1.32651663876e-07, 6.61216636999e-09, 2.54978504977e-09, 1.19254639497e-09, 4.79379869134e-10, 3.72425063011e-10, 1.30016761246e-11, 4.11110591912e-14], [-7.09268689787e-13, -1.07302909613e-10, 4.06120070906e-09, 2.55958987339e-08, 2.95697191177e-07, 4.85739121814e-07, 2.66673279015e-08, 1.18820446815e-08, 2.84369914283e-08, 1.24738459562e-08, 1.30246524677e-08, 8.08988520618e-09, 6.81241019151e-09, 4.01162525421e-09, 4.36354685718e-09, 9.30738952576e-09, 1.47487682511e-07, 4.718294349e-06, 1.6987530671e-06, 4.02801049404e-07, 2.23221512385e-08, 8.54432435915e-09, 6.23924467646e-09, 2.44668063587e-09, 1.68118230448e-09, 5.17003315159e-11, 4.04723265535e-13], [1.04587670989e-12, -3.95922628016e-09, 1.94696481159e-09, 7.60545759704e-08, 4.85739121814e-07, 1.31827719088e-05, 9.00333390064e-08, 4.44726104831e-08, 1.63659166219e-07, 7.28102662606e-08, 4.58233095912e-08, 3.70253232518e-08, 2.26402043779e-08, 2.59093813071e-08, 1.57692472413e-08, 5.36556896691e-08, 1.43004194797e-06, 1.87948335224e-05, 5.6512167248e-06, 1.56565067755e-06, 8.47278371907e-08, 4.10859009037e-08, 2.50655460832e-08, 9.61702451008e-09, 7.32475990972e-09, 8.86022158419e-11, 1.55473539858e-12], [-4.1046492919e-13, -3.42360195749e-10, -2.15542542148e-10, 5.37499733611e-09, 2.66673279015e-08, 9.00333390064e-08, 1.1813967582e-08, 2.43340392281e-09, 5.31852339947e-09, 3.16210924112e-09, 2.09999395651e-09, 1.5471190995e-09, 1.35869171469e-09, 1.08238462637e-09, 7.47233330767e-10, 1.03197750345e-09, 2.03412362509e-08, 6.19529657797e-07, 2.86237565206e-07, 6.56264873555e-08, 4.12096357039e-09, 2.18493356741e-09, 1.08336606353e-09, 4.21631840553e-10, 2.94350571695e-10, 7.81068178884e-12, 2.48624854564e-14], [-1.56597147359e-13, -1.23954929654e-10, 5.38623645685e-10, 2.82541856578e-09, 1.18820446815e-08, 4.44726104831e-08, 2.43340392281e-09, 5.27253352089e-09, 4.61121940631e-09, 2.47502529582e-09, 1.59459134785e-09, 1.38614042466e-09, 1.3574362745e-09, 5.80458958677e-10, 5.22086540666e-10, 8.86961337709e-10, 1.2176288422e-08, 3.40546478128e-07, 1.64894601085e-07, 4.75727510718e-08, 2.20156404218e-09, 1.06661168786e-09, 5.39078282014e-10, 2.56066612359e-10, 1.82457687847e-10, 5.02432687469e-12, 1.24027908915e-14], [-1.15817755776e-13, -8.36617858324e-11, 1.21420318244e-09, 6.80286893484e-09, 2.84369914283e-08, 1.63659166219e-07, 5.31852339947e-09, 4.61121940631e-09, 1.6494315247e-08, 4.90544760368e-09, 2.98744362581e-09, 2.927260212e-09, 2.94911361998e-09, 1.62361568634e-09, 1.01029651312e-09, 2.02464489618e-09, 5.62494086864e-08, 9.34289062116e-07, 3.96586756324e-07, 1.25638862869e-07, 5.54129542252e-09, 2.58049825952e-09, 1.52287138455e-09, 5.96072080583e-10, 3.85520143587e-10, 1.56775790267e-11, 6.04900922104e-14], [-1.61621936537e-13, -1.71794994897e-10, 4.55629339813e-10, 6.4551812784e-09, 1.24738459562e-08, 7.28102662606e-08, 3.16210924112e-09, 2.47502529582e-09, 4.90544760368e-09, 5.51424195194e-09, 1.85970883138e-09, 1.76053382983e-09, 1.44936851409e-09, 7.46030182075e-10, 6.6192840098e-10, 8.41536618168e-10, 1.2041787123e-08, 5.46449371086e-07, 2.27585516654e-07, 6.77572344898e-08, 3.53222540106e-09, 1.76306069744e-09, 8.60948312642e-10, 3.3879857253e-10, 2.55271637162e-10, 7.56635986504e-12, 3.27818487958e-14], [-8.14063036815e-14, -5.0252555589e-11, -2.4099175433e-10, 2.60895727244e-09, 1.30246524677e-08, 4.58233095912e-08, 2.09999395651e-09, 1.59459134785e-09, 2.98744362581e-09, 1.85970883138e-09, 1.85374504635e-09, 1.10170883527e-09, 7.45454420414e-10, 4.58081794719e-10, 4.37085562188e-10, 7.20443760205e-10, 7.27659132949e-09, 3.51116625552e-07, 1.27151182028e-07, 3.28450120435e-08, 1.85319992685e-09, 7.37656546956e-10, 4.67590188791e-10, 1.85323714708e-10, 1.47403755868e-10, 3.963142748e-12, 1.26513391573e-14], [-5.65117072061e-14, -3.59827237451e-11, 1.4377186941e-10, 2.43793185639e-09, 8.08988520618e-09, 3.70253232518e-08, 1.5471190995e-09, 1.38614042466e-09, 2.927260212e-09, 1.76053382983e-09, 1.10170883527e-09, 1.12474973779e-09, 8.51310244521e-10, 4.14208750632e-10, 3.573903673e-10, 5.37899835784e-10, 8.17903078598e-09, 2.47256139119e-07, 1.05526780203e-07, 3.409064675e-08, 1.60708191199e-09, 6.70733801833e-10, 3.85672466185e-10, 1.56820084696e-10, 1.13549850078e-10, 3.91293854957e-12, 1.87640396656e-14], [-5.57666062038e-14, -1.63654298446e-11, 5.27803134531e-10, 2.00294869579e-09, 6.81241019151e-09, 2.26402043779e-08, 1.35869171469e-09, 1.3574362745e-09, 2.94911361998e-09, 1.44936851409e-09, 7.45454420414e-10, 8.51310244521e-10, 1.27488208879e-09, 4.00304150938e-10, 2.72246586386e-10, 4.39395464458e-10, 1.42292408967e-08, 2.45628569928e-07, 1.24034471582e-07, 3.34660015255e-08, 1.57109736332e-09, 5.32714872215e-10, 3.73184760871e-10, 1.64285404725e-10, 1.01446802347e-10, 4.82711049951e-12, 1.05698878266e-14], [-4.34389903334e-14, -1.30359056882e-11, 1.78356690528e-10, 9.77743219721e-10, 4.01162525421e-09, 2.59093813071e-08, 1.08238462637e-09, 5.80458958677e-10, 1.62361568634e-09, 7.46030182075e-10, 4.58081794719e-10, 4.14208750632e-10, 4.00304150938e-10, 4.54083354251e-10, 1.77127992829e-10, 2.30867075457e-10, 6.00763216951e-09, 1.09925380798e-07, 5.21727585578e-08, 1.50187950965e-08, 8.01793742511e-10, 3.6765809841e-10, 2.1309443099e-10, 9.36640556781e-11, 6.08867678498e-11, 1.95830266066e-12, 3.54083446523e-15], [-2.57097318559e-14, -3.35217686942e-11, 6.62378051713e-12, 1.18169207752e-09, 4.36354685718e-09, 1.57692472413e-08, 7.47233330767e-10, 5.22086540666e-10, 1.01029651312e-09, 6.6192840098e-10, 4.37085562188e-10, 3.573903673e-10, 2.72246586386e-10, 1.77127992829e-10, 2.14311915436e-10, 2.21309609527e-10, 2.91311974543e-09, 1.16362265601e-07, 5.22726359975e-08, 1.4577201668e-08, 7.48353823354e-10, 3.67153668579e-10, 1.8326511142e-10, 7.46850567501e-11, 5.68789008948e-11, 1.50036179227e-12, 7.91248458491e-15], [-5.13865785047e-14, -1.73886269966e-11, 2.8037119848e-10, 1.11274567338e-09, 9.30738952576e-09, 5.36556896691e-08, 1.03197750345e-09, 8.86961337709e-10, 2.02464489618e-09, 8.41536618168e-10, 7.20443760205e-10, 5.37899835784e-10, 4.39395464458e-10, 2.30867075457e-10, 2.21309609527e-10, 7.96989030327e-10, 1.61519242425e-08, 2.39017794001e-07, 8.97997409766e-08, 2.79238943079e-08, 1.210233469e-09, 5.43884826065e-10, 3.7466069136e-10, 1.54357873705e-10, 1.03039098087e-10, 2.42989894698e-12, 1.88356427487e-14], [-2.97807828745e-12, 6.93962609599e-10, 5.34713118228e-09, 2.47843034984e-09, 1.47487682511e-07, 1.43004194797e-06, 2.03412362509e-08, 1.2176288422e-08, 5.62494086864e-08, 1.2041787123e-08, 7.27659132949e-09, 8.17903078598e-09, 1.42292408967e-08, 6.00763216951e-09, 2.91311974543e-09, 1.61519242425e-08, 1.87808416285e-06, 6.3867460085e-06, 2.14885699279e-06, 7.17163914032e-07, 2.57792684977e-08, 1.76856556067e-08, 1.0498508729e-08, 4.37212666071e-09, 3.09849879088e-09, 6.19790677114e-11, 5.99275403607e-13], [-2.77535668058e-11, -2.71156057607e-08, 8.82658426349e-08, 8.42238080168e-07, 4.718294349e-06, 1.87948335224e-05, 6.19529657797e-07, 3.40546478128e-07, 9.34289062116e-07, 5.46449371086e-07, 3.51116625552e-07, 2.47256139119e-07, 2.45628569928e-07, 1.09925380798e-07, 1.16362265601e-07, 2.39017794001e-07, 6.3867460085e-06, 0.000228723583859, 6.90356973791e-05, 1.33311596073e-05, 7.71660154442e-07, 3.28320680865e-07, 1.84523102575e-07, 8.46814742772e-08, 6.67498838425e-08, 1.51830814588e-09, 8.53970973796e-12], [-1.41740291379e-11, -1.01540198472e-08, 4.04162499024e-08, 3.81724987619e-07, 1.6987530671e-06, 5.6512167248e-06, 2.86237565206e-07, 1.64894601085e-07, 3.96586756324e-07, 2.27585516654e-07, 1.27151182028e-07, 1.05526780203e-07, 1.24034471582e-07, 5.21727585578e-08, 5.22726359975e-08, 8.97997409766e-08, 2.14885699279e-06, 6.90356973791e-05, 3.03361684928e-05, 5.95069059273e-06, 3.02507572769e-07, 1.40101761303e-07, 7.68129524431e-08, 3.41766117629e-08, 2.36367903028e-08, 6.73780031768e-10, 2.29831496716e-12], [-3.36652884389e-12, -2.19293760928e-09, 1.02446815475e-08, 1.32651663876e-07, 4.02801049404e-07, 1.56565067755e-06, 6.56264873555e-08, 4.75727510718e-08, 1.25638862869e-07, 6.77572344898e-08, 3.28450120435e-08, 3.409064675e-08, 3.34660015255e-08, 1.50187950965e-08, 1.4577201668e-08, 2.79238943079e-08, 7.17163914032e-07, 1.33311596073e-05, 5.95069059273e-06, 2.36910886997e-06, 8.28677215736e-08, 3.94234440648e-08, 2.13467057364e-08, 9.19933995647e-09, 6.71169386735e-09, 2.05677225251e-10, 9.80485441102e-13], [-1.59928182351e-13, -1.86700224725e-10, 3.78867409667e-10, 6.61216636999e-09, 2.23221512385e-08, 8.47278371907e-08, 4.12096357039e-09, 2.20156404218e-09, 5.54129542252e-09, 3.53222540106e-09, 1.85319992685e-09, 1.60708191199e-09, 1.57109736332e-09, 8.01793742511e-10, 7.48353823354e-10, 1.210233469e-09, 2.57792684977e-08, 7.71660154442e-07, 3.02507572769e-07, 8.28677215736e-08, 4.8277586373e-09, 2.03155470224e-09, 1.09992559505e-09, 4.77666572962e-10, 3.43770734101e-10, 9.63676274196e-12, 4.83619017771e-14], [-7.99661308308e-14, -9.29615481815e-11, 1.6445525497e-10, 2.54978504977e-09, 8.54432435915e-09, 4.10859009037e-08, 2.18493356741e-09, 1.06661168786e-09, 2.58049825952e-09, 1.76306069744e-09, 7.37656546956e-10, 6.70733801833e-10, 5.32714872215e-10, 3.6765809841e-10, 3.67153668579e-10, 5.43884826065e-10, 1.76856556067e-08, 3.28320680865e-07, 1.40101761303e-07, 3.94234440648e-08, 2.03155470224e-09, 1.42675993242e-09, 6.1978744359e-10, 2.43524034271e-10, 1.75996064944e-10, 3.88995346351e-12, 2.55452854914e-14], [-4.27130288875e-14, -3.14438058924e-11, 1.318588988e-10, 1.19254639497e-09, 6.23924467646e-09, 2.50655460832e-08, 1.08336606353e-09, 5.39078282014e-10, 1.52287138455e-09, 8.60948312642e-10, 4.67590188791e-10, 3.85672466185e-10, 3.73184760871e-10, 2.1309443099e-10, 1.8326511142e-10, 3.7466069136e-10, 1.0498508729e-08, 1.84523102575e-07, 7.68129524431e-08, 2.13467057364e-08, 1.09992559505e-09, 6.1978744359e-10, 3.57373103332e-10, 1.35267352874e-10, 9.37549482494e-11, 2.39455330564e-12, 1.45880774501e-14], [-2.08672563549e-14, -1.89891383867e-11, 6.64057211996e-11, 4.79379869134e-10, 2.44668063587e-09, 9.61702451008e-09, 4.21631840553e-10, 2.56066612359e-10, 5.96072080583e-10, 3.3879857253e-10, 1.85323714708e-10, 1.56820084696e-10, 1.64285404725e-10, 9.36640556781e-11, 7.46850567501e-11, 1.54357873705e-10, 4.37212666071e-09, 8.46814742772e-08, 3.41766117629e-08, 9.19933995647e-09, 4.77666572962e-10, 2.43524034271e-10, 1.35267352874e-10, 6.60627177962e-11, 4.39298875055e-11, 1.03417090429e-12, 4.71320514423e-15], [-1.52859309547e-14, -1.79476763312e-11, 7.00315196459e-12, 3.72425063011e-10, 1.68118230448e-09, 7.32475990972e-09, 2.94350571695e-10, 1.82457687847e-10, 3.85520143587e-10, 2.55271637162e-10, 1.47403755868e-10, 1.13549850078e-10, 1.01446802347e-10, 6.08867678498e-11, 5.68789008948e-11, 1.03039098087e-10, 3.09849879088e-09, 6.67498838425e-08, 2.36367903028e-08, 6.71169386735e-09, 3.43770734101e-10, 1.75996064944e-10, 9.37549482494e-11, 4.39298875055e-11, 3.64614935466e-11, 6.86134905403e-13, 4.43462871337e-15], [-2.47948540048e-16, -8.37555326201e-14, 2.05798073895e-12, 1.30016761246e-11, 5.17003315159e-11, 8.86022158419e-11, 7.81068178884e-12, 5.02432687469e-12, 1.56775790267e-11, 7.56635986504e-12, 3.963142748e-12, 3.91293854957e-12, 4.82711049951e-12, 1.95830266066e-12, 1.50036179227e-12, 2.42989894698e-12, 6.19790677114e-11, 1.51830814588e-09, 6.73780031768e-10, 2.05677225251e-10, 9.63676274196e-12, 3.88995346351e-12, 2.39455330564e-12, 1.03417090429e-12, 6.86134905403e-13, 3.04419677129e-14, 8.06549338413e-17], [3.59919974361e-18, -1.29424421467e-15, 3.20802272652e-15, 4.11110591912e-14, 4.04723265535e-13, 1.55473539858e-12, 2.48624854564e-14, 1.24027908915e-14, 6.04900922104e-14, 3.27818487958e-14, 1.26513391573e-14, 1.87640396656e-14, 1.05698878266e-14, 3.54083446523e-15, 7.91248458491e-15, 1.88356427487e-14, 5.99275403607e-13, 8.53970973796e-12, 2.29831496716e-12, 9.80485441102e-13, 4.83619017771e-14, 2.55452854914e-14, 1.45880774501e-14, 4.71320514423e-15, 4.43462871337e-15, 8.06549338413e-17, 3.40534996706e-18]]
    },
    "mfcc": {
        "kurt": [14.7959384918, 2.97147512436, 6.18998908997, 9.4210357666, -0.13502240181, 4.86568784714, -0.372328281403, -0.0988616943359, 2.26488685608, -0.27450299263, 0.184498786926, -0.47017288208, -0.558675050735],
        "max": [-601.856323242, 151.936431885, 0.0769653320312, 98.492401123, 14.4479370117, -7.20753479004, 14.4607868195, 24.7016639709, -8.07073020935, 0.705177307129, 22.449596405, 2.14392852783, 2.70280265808],
        "mean": [-682.568725586, 77.3630828857, -42.7646026611, 76.6480331421, -10.1516675949, -54.4582061768, -0.0977765992284, 6.60629177094, -37.5941467285, -15.7951498032, 1.68358242512, -10.8727235794, -9.47250175476],
        "median": [-678.449829102, 75.1908111572, -41.9436759949, 77.5304489136, -10.3496513367, -55.8305664062, -0.0417366027832, 5.68242645264, -37.6888656616, -15.7208118439, 1.87810897827, -10.4225463867, -9.91781044006],
        "min": [-1058.50146484, 41.1896133423, -62.1993255615, 20.5897865295, -27.59882164, -69.2075576782, -15.5218296051, -9.46324157715, -56.9433822632, -31.0356235504, -14.900598526, -25.9309978485, -21.8119697571],
        "skew": [-2.71503639221, 1.46189773083, 1.05774259567, -2.21387410164, 0.0949287265539, 1.58535218239, -0.0247694514692, 0.0989190787077, 0.567692756653, 0.091770157218, 0.101620234549, -0.181330785155, 0.143577605486],
        "var": [3249.81030273, 340.398590088, 64.0860595703, 107.0835495, 61.4646835327, 95.6615905762, 41.309223175, 51.1066169739, 52.3620681763, 45.3289375305, 47.7172470093, 32.4390716553, 28.2533950806],
        "cov": [[3278.82641602, -539.290527344, -152.74647522, 150.76461792, -224.032745361, -366.280090332, 4.51832914352, 19.9338703156, -235.009078979, -190.970001221, -204.715118408, -150.793212891, -15.1734247208], [-539.290527344, 343.437835693, 11.5415210724, 3.30004453659, 22.0781974792, 109.667556763, 7.01656389236, -28.7745819092, 49.2172355652, 56.2889328003, 44.6015815735, 26.7095050812, 7.86936950684], [-152.74647522, 11.5415210724, 64.6582565308, -1.39704680443, 16.8042964935, 14.4978628159, -11.5531435013, -7.40624952316, -1.29659867287, -0.759383618832, -3.21110844612, -2.00332117081, 2.2159922123], [150.76461792, 3.30004453659, -1.39704680443, 108.039657593, 28.3573951721, -36.4467887878, 4.73300933838, 22.1220912933, -21.2166042328, -0.810498893261, 10.9622173309, 9.34585094452, 1.64423680305], [-224.032745361, 22.0781974792, 16.8042964935, 28.3573951721, 62.0134773254, 25.7434177399, 4.86168527603, 16.0774707794, 14.5542907715, 12.4337720871, 22.9208240509, 25.6323890686, 6.94465923309], [-366.280090332, 109.667556763, 14.4978628159, -36.4467887878, 25.7434177399, 96.5157089233, 15.6000232697, -7.01718759537, 42.7908439636, 35.514415741, 20.6939411163, 17.949678421, 5.24235486984], [4.51832914352, 7.01656389236, -11.5531435013, 4.73300933838, 4.86168527603, 15.6000232697, 41.6780586243, 23.5061359406, 13.0532073975, 17.0287895203, 11.5802869797, 1.77058899403, -0.513415336609], [19.9338703156, -28.7745819092, -7.40624952316, 22.1220912933, 16.0774707794, -7.01718759537, 23.5061359406, 51.5629272461, 15.3482542038, 10.7960214615, 16.6634273529, 8.37011241913, -0.105024076998], [-235.009078979, 49.2172355652, -1.29659867287, -21.2166042328, 14.5542907715, 42.7908439636, 13.0532073975, 15.3482542038, 52.8295860291, 26.7834033966, 20.3872089386, 15.7929010391, 5.38547420502], [-190.970001221, 56.2889328003, -0.759383618832, -0.810498893261, 12.4337720871, 35.514415741, 17.0287895203, 10.7960214615, 26.7834033966, 45.7336616516, 31.1293373108, 12.7208528519, -2.06192970276], [-204.715118408, 44.6015815735, -3.21110844612, 10.9622173309, 22.9208240509, 20.6939411163, 11.5802869797, 16.6634273529, 20.3872089386, 31.1293373108, 48.1432914734, 21.028585434, -7.5743432045], [-150.793212891, 26.7095050812, -2.00332117081, 9.34585094452, 25.6323890686, 17.949678421, 1.77058899403, 8.37011241913, 15.7929010391, 12.7208528519, 21.028585434, 32.7287063599, 9.15399265289], [-15.1734247208, 7.86936950684, 2.2159922123, 1.64423680305, 6.94465923309, 5.24235486984, -0.513415336609, -0.105024076998, 5.38547420502, -2.06192970276, -7.5743432045, 9.15399265289, 28.505657196]]
    },
    "sccoeffs": {
        "kurt": [2.1531624794, -0.488007545471, 0.285343408585, 4.28515434265, 4.18727350235, 3.88678503036],
        "max": [-0.440410912037, -0.462770909071, -0.756796121597, -0.781278133392, -0.49285197258, -0.766540169716],
        "mean": [-0.620298206806, -0.693158984184, -0.826267004013, -0.841265439987, -0.612923383713, -0.805923640728],
        "median": [-0.613856077194, -0.701077699661, -0.826979398727, -0.841431498528, -0.605803728104, -0.805247843266],
        "min": [-0.951595783234, -0.939641773701, -0.936122536659, -0.960274219513, -0.849422991276, -0.880366563797],
        "skew": [-0.400661289692, 0.150071114302, -0.139074981213, -0.614886164665, -1.3718111515, -0.823232591152],
        "var": [0.00569271342829, 0.00849568936974, 0.00097937497776, 0.000594356504735, 0.00292012817226, 0.000233270053286],
        "cov": [[0.00574354128912, 0.00188444426749, 0.000669422443025, 0.000905917549971, 0.00194387882948, 0.000586379843298], [0.00188444426749, 0.0085715437308, 0.000489369442221, 0.000755179091357, 0.00187670788728, 0.000365219078958], [0.000669422443025, 0.000489369442221, 0.000988119398244, 0.000265100359684, 0.000241255693254, 0.000115107643069], [0.000905917549971, 0.000755179091357, 0.000265100359684, 0.000599663238972, 0.000480014510686, 0.000135167239932], [0.00194387882948, 0.00187670788728, 0.000241255693254, 0.000480014510686, 0.00294620054774, 0.000361805374268], [0.000586379843298, 0.000365219078958, 0.000115107643069, 0.000135167239932, 0.000361805374268, 0.000235352810705]]
    },
    "scvalleys": {
        "kurt": [1.68708276749, 15.9174938202, 5.52240371704, 9.95836353302, 16.2813186646, 7.28678131104],
        "max": [-6.53904008865, -5.29095983505, -5.85153102875, -6.7686290741, -5.85192155838, -8.20910167694],
        "mean": [-7.30756759644, -6.15325975418, -6.94674730301, -7.53915691376, -6.68684864044, -9.01839351654],
        "median": [-7.28513288498, -6.1756362915, -6.90296697617, -7.52696895599, -6.55691623688, -8.83045387268],
        "min": [-8.903840065, -9.25263881683, -9.98298835754, -9.9271478653, -10.6778764725, -12.6618852615],
        "skew": [-0.811923265457, -2.58852672577, -1.25442564487, -1.75464105606, -2.87573409081, -2.07289958],
        "var": [0.157843962312, 0.214854478836, 0.324564427137, 0.157177776098, 0.35096436739, 0.435528874397],
        "cov": [[0.159253284335, 0.0523647889495, 0.0466008968651, 0.0388668254018, 0.0489141978323, 0.0384293496609], [0.0523647889495, 0.216772824526, 0.184502258897, 0.133263483644, 0.198177859187, 0.207353785634], [0.0466008968651, 0.184502258897, 0.327462345362, 0.187052041292, 0.279168874025, 0.315616190434], [0.0388668254018, 0.133263483644, 0.187052041292, 0.158581152558, 0.191322997212, 0.207919463515], [0.0489141978323, 0.198177859187, 0.279168874025, 0.191322997212, 0.354097992182, 0.376386314631], [0.0384293496609, 0.207353785634, 0.315616190434, 0.207919463515, 0.376386314631, 0.439417541027]]
    }
},
"rhythm": {
    "beats_loudness": {
        "kurt": -0.79318189621,
        "max": 0.0303391553462,
        "mean": 0.022976314649,
        "median": 0.0267923623323,
        "min": 0.00798138510436,
        "skew": -1.00283277035,
        "var": 7.85481825005e-05
    },
    "bpm": 114.84375,
    "confidence": 0,
    "first_peak_bpm": {
        "kurt": 0,
        "max": 115,
        "mean": 115,
        "median": 115,
        "min": 115,
        "skew": 0,
        "var": 0
    },
    "first_peak_spread": {
        "kurt": 0,
        "max": 0,
        "mean": 0,
        "median": 0,
        "min": 0,
        "skew": 0,
        "var": 0
    },
    "first_peak_weight": {
        "kurt": 0,
        "max": 1,
        "mean": 1,
        "median": 1,
        "min": 1,
        "skew": 0,
        "var": 0
    },
    "onset_rate": 0.772802948952,
    "second_peak_bpm": {
        "kurt": 0,
        "max": 0,
        "mean": 0,
        "median": 0,
        "min": 0,
        "skew": 0,
        "var": 0
    },
    "second_peak_spread": {
        "kurt": 0,
        "max": 0,
        "mean": 0,
        "median": 0,
        "min": 0,
        "skew": 0,
        "var": 0
    },
    "second_peak_weight": {
        "kurt": 0,
        "max": 0,
        "mean": 0,
        "median": 0,
        "min": 0,
        "skew": 0,
        "var": 0
    },
    "beats_loudness_band_ratio": {
        "kurt": [-1.37477731705, -0.76006603241, -1.62545669079, -0.882480144501, -1.16617703438, -1.1557213068],
        "max": [0.0169570241123, 0.231800943613, 0.0178545173258, 0.00810255389661, 0.811679542065, 0.318923920393],
        "mean": [0.0139759937301, 0.0908362418413, 0.0122322114184, 0.00643726158887, 0.62368106842, 0.258992403746],
        "median": [0.0143968295306, 0.0575475394726, 0.0115750227123, 0.00687001459301, 0.629409372807, 0.282322764397],
        "min": [0.0101532945409, 0.0164489354938, 0.00792428199202, 0.00390646373853, 0.424225956202, 0.15240009129],
        "skew": [-0.350050717592, 1.00603067875, 0.253497779369, -0.763207018375, -0.111435167491, -0.675030171871],
        "var": [6.81593064655e-06, 0.00691258627921, 1.64812900039e-05, 2.40140730057e-06, 0.019671741873, 0.00453319912776],
        "cov": [[9.08790752874e-06, 0.000228866876569, 1.0879569345e-05, 5.1426304708e-06, -0.000472533138236, 0.000228278906434], [0.000228866876569, 0.00921678170562, 0.000179439259227, 0.000131815308123, -0.014267870225, 0.00478159962222], [1.0879569345e-05, 0.000179439259227, 2.19750527322e-05, 4.73452519145e-06, -0.000485792203108, 0.000283984118141], [5.1426304708e-06, 0.000131815308123, 4.73452519145e-06, 3.20187632497e-06, -0.000272194389254, 0.000131903550937], [-0.000472533138236, -0.014267870225, -0.000485792203108, -0.000272194389254, 0.0262289885432, -0.0112436627969], [0.000228278906434, 0.00478159962222, 0.000283984118141, 0.000131903550937, -0.0112436627969, 0.00604426534846]]
    },
    "beats_position": [0.510838985443, 1.03328800201, 1.55573689938, 2.07818579674],
    "bpm_estimates": [114.843742371, 114.843765259, 114.843765259],
    "bpm_intervals": [0.522449016571, 0.522448897362, 0.522448897362],
    "onset_times": [0.0116099771112, 0.893968224525],
    "histogram": [[0, 0, 0, 0, 0, 0, 0, 0, 0, 0, 0, 0, 0, 0, 0, 0, 0, 0, 0, 0, 0, 0, 0, 0, 0, 0, 0, 0, 0, 0, 0, 0, 0, 0, 0, 0, 0, 0, 0, 0, 0, 0, 0, 0, 0, 0, 0, 0, 0, 0, 0, 0, 0, 0, 0, 0, 0, 0, 0, 0, 0, 0, 0, 0, 0, 0, 0, 0, 0, 0, 0, 0, 0, 0, 0, 0, 0, 0, 0, 0, 0, 0, 0, 0, 0, 0, 0, 0, 0, 0, 0, 0, 0, 0, 0, 0, 0, 0, 0, 0, 0, 0, 0, 0, 0, 0, 0, 0, 0, 0, 0, 0, 0, 0, 0, 1, 0, 0, 0, 0, 0, 0, 0, 0, 0, 0, 0, 0, 0, 0, 0, 0, 0, 0, 0, 0, 0, 0, 0, 0, 0, 0, 0, 0, 0, 0, 0, 0, 0, 0, 0, 0, 0, 0, 0, 0, 0, 0, 0, 0, 0, 0, 0, 0, 0, 0, 0, 0, 0, 0, 0, 0, 0, 0, 0, 0, 0, 0, 0, 0, 0, 0, 0, 0, 0, 0, 0, 0, 0, 0, 0, 0, 0, 0, 0, 0, 0, 0, 0, 0, 0, 0, 0, 0, 0, 0, 0, 0, 0, 0, 0, 0, 0, 0, 0, 0, 0, 0, 0, 0, 0, 0, 0, 0, 0, 0, 0, 0, 0, 0, 0, 0, 0, 0, 0, 0, 0, 0, 0, 0, 0, 0, 0, 0, 0, 0, 0, 0, 0, 0]]
},
"sfx": {
    "inharmonicity": {
        "kurt": 56.5012283325,
        "max": 0.0856362432241,
        "mean": 0.00131653342396,
        "median": 0,
        "min": 0,
        "skew": 7.57019615173,
        "var": 9.84367652563e-05
    },
    "oddtoevenharmonicenergyratio": {
        "kurt": 77.869392395,
        "max": 1.27654731274,
        "mean": 0.0162171702832,
        "median": 0,
        "min": 0,
        "skew": 8.7003660202,
        "var": 0.0168936308473
    },
    "pitch_after_max_to_before_max_energy_ratio": 93.6397018433,
    "pitch_centroid": 56.7762260437,
    "pitch_max_to_total": 0.00884955748916,
    "pitch_min_to_total": 0,
    "tristimulus": {
        "kurt": [52.7819137573, 100.229980469, 53.7188835144],
        "max": [1, 0.32459244132, 0.734767496586],
        "mean": [0.984740614891, 0.00342853879556, 0.0118308700621],
        "median": [1, 0, 0],
        "min": [0.0732867717743, 0, 0],
        "skew": [-7.37990522385, 9.98582649231, 7.42765617371],
        "var": [0.0129968803376, 0.000955576135311, 0.00784614309669],
        "cov": [[0.0131129240617, -0.00308040902019, -0.0100324852392], [-0.00308040902019, 0.000964108039625, 0.00211631553248], [-0.0100324852392, 0.00211631553248, 0.00791619811207]]
    }
},
"tonal": {
    "chords_changes_rate": 0,
    "chords_number_rate": 0.0175438597798,
    "chords_strength": {
        "kurt": -0.679379463196,
        "max": 0.486625999212,
        "mean": 0.441445380449,
        "median": 0.457032054663,
        "min": 0.350704580545,
        "skew": -0.778201520443,
        "var": 0.00138528796379
    },
    "key_strength": 0.426905542612,
    "tuning_diatonic_strength": 0.457384318113,
    "tuning_equal_tempered_deviation": 0.214570090175,
    "tuning_frequency": 450.024475098,
    "tuning_nontempered_energy_ratio": 0.803285241127,
    "hpcp": {
        "kurt": [1.1566567421, 14.4709300995, 13.4055767059, 1.90856981277, 21.1611099243, 17.6077976227, 0.629526615143, 2.17168426514, 17.2429542542, 32.1844863892, 8.8178653717, 1.25447940826, 1.52803993225, 5.68458557129, 4.84821033478, 7.87459182739, 3.19231462479, 8.02405834198, 16.4106292725, 15.3040390015, -1.0992128849, -1.42698168755, 1.063372612, 9.15021896362, 18.1197471619, 1.0688533783, -0.411657094955, 1.9756731987, -0.699438095093, -0.810854434967, -0.290323972702, 1.33100795746, 0.815019130707, -0.177240133286, -0.657375335693, 0.577424526215],
        "max": [0.251663357019, 0.849708735943, 0.777112722397, 0.273605942726, 0.427509993315, 0.468135714531, 0.175192698836, 0.112961381674, 0.159891873598, 0.216946035624, 0.116305045784, 0.0517614670098, 0.0795745626092, 0.167553976178, 0.154218375683, 0.106314629316, 0.0552252754569, 0.0787201151252, 0.150720998645, 0.928864717484, 1, 1, 0.848747134209, 0.862555742264, 0.691411435604, 0.232209801674, 0.96270686388, 1, 1, 1, 0.556700885296, 0.30606380105, 0.658080875874, 0.542799592018, 0.343961626291, 0.251182645559],
        "mean": [0.0849790275097, 0.167992711067, 0.16190302372, 0.0915547162294, 0.0652599930763, 0.0726827085018, 0.0632707104087, 0.0333574935794, 0.0210082475096, 0.0190530698746, 0.0174778345972, 0.0143952043727, 0.01952374354, 0.0330593623221, 0.0321847908199, 0.0201839078218, 0.0139122288674, 0.0120014464483, 0.0159377083182, 0.121024206281, 0.455634951591, 0.540924847126, 0.294491648674, 0.161788344383, 0.0764847323298, 0.0805728510022, 0.509677767754, 0.853086650372, 0.679627358913, 0.436753511429, 0.192007511854, 0.102309755981, 0.226394593716, 0.239375934005, 0.160197451711, 0.0898565351963],
