{
"metadata": {
    "version": {
        "essentia": "2.1-beta3"
    }
},
"lowLevel": {
    "average_loudness": 0.918165445328,
    "barkbands_kurtosis": {
        "kurt": 2.94689035416,
        "max": 237.370132446,
        "mean": 60.4474067688,
        "median": 68.8057556152,
        "min": -1.68872094154,
        "skew": 0.999996542931,
        "var": 1523.70080566
    },
    "barkbands_skewness": {
        "kurt": 0.866149187088,
        "max": 0.31371897459,
        "mean": -4.41848564148,
        "median": -4.76061582565,
        "min": -12.0746841431,
        "skew": -0.380942702293,
        "var": 4.04083490372
    },
    "barkbands_spread": {
        "kurt": 19.4919013977,
        "max": 53.3345832825,
        "mean": 3.36968874931,
        "median": 0.689595758915,
        "min": 0.283337384462,
        "skew": 3.69691109657,
        "var": 41.3318824768
    },
    "dissonance": {
        "kurt": 9.37662792206,
        "max": 0.499696791172,
        "mean": 0.494553953409,
        "median": 0.49484962225,
        "min": 0.473307549953,
        "skew": -2.07639956474,
        "var": 1.0530401596e-05
    },
    "hfc": {
        "kurt": -0.129957199097,
        "max": 1041.65673828,
        "mean": 254.539627075,
        "median": 114.230270386,
        "min": 0.000653593335301,
        "skew": 0.919135153294,
        "var": 88435.21875
    },
    "pitch": {
        "kurt": 0.242798805237,
        "max": 4348.46777344,
        "mean": 1048.6697998,
        "median": 333.875091553,
        "min": 297.6796875,
        "skew": 1.42059874535,
        "var": 1744895.875
    },
    "pitch_instantaneous_confidence": {
        "kurt": 2.07225227356,
        "max": 0.968251883984,
        "mean": 0.845184922218,
        "median": 0.940918922424,
        "min": 0.244644105434,
        "skew": -1.86548185349,
        "var": 0.0421117544174
    },
    "pitch_salience": {
        "kurt": 0.384719133377,
        "max": 0.824217498302,
        "mean": 0.607547938824,
        "median": 0.579558312893,
        "min": 0.324593067169,
        "skew": 0.309625595808,
        "var": 0.00831389334053
    },
    "silence_rate_20dB": {
        "kurt": 13.1494312286,
        "max": 1,
        "mean": 0.94472360611,
        "median": 1,
        "min": 0,
        "skew": -3.89222240448,
        "var": 0.052220992744
    },
    "silence_rate_30dB": {
        "kurt": -1.85676848888,
        "max": 1,
        "mean": 0.592964828014,
        "median": 1,
        "min": 0,
        "skew": -0.37846031785,
        "var": 0.241357162595
    },
    "silence_rate_60dB": {
        "kurt": -1.93585777283,
        "max": 1,
        "mean": 0.437185943127,
        "median": 0,
        "min": 0,
        "skew": 0.253262579441,
        "var": 0.246054589748
    },
    "spectral_centroid": {
        "kurt": 2.90024280548,
        "max": 4877.62890625,
        "mean": 3081.25976562,
        "median": 2879.91894531,
        "min": 2262.02734375,
        "skew": 2.00299906731,
        "var": 266830.03125
    },
    "spectral_complexity": {
        "kurt": -1.53706717491,
        "max": 15,
        "mean": 5.69849252701,
        "median": 8,
        "min": 0,
        "skew": -0.124024674296,
        "var": 21.1754302979
    },
    "spectral_crest": {
        "kurt": -0.00506567955017,
        "max": 24.462184906,
        "mean": 14.4509592056,
        "median": 14.0621147156,
        "min": 4.19278717041,
        "skew": -0.205168008804,
        "var": 21.1824550629
    },
    "spectral_decrease": {
        "kurt": -0.264814376831,
        "max": -1.97961425356e-14,
        "mean": -1.78326278188e-08,
        "median": -7.87015608239e-09,
        "min": -7.238062949e-08,
        "skew": -0.888626277447,
        "var": 4.34791699765e-16
    },
    "spectral_energy": {
        "kurt": -0.231328010559,
        "max": 0.367662101984,
        "mean": 0.0903918519616,
        "median": 0.0400647781789,
        "min": 1.33998241836e-07,
        "skew": 0.896135032177,
        "var": 0.0111647276208
    },
    "spectral_energyband_high": {
        "kurt": 1.76510047913,
        "max": 0.00106456968933,
        "mean": 0.00019583615358,
        "median": 0.000190669670701,
        "min": 7.80193261107e-08,
        "skew": 1.27577877045,
        "var": 4.72282870589e-08
    },
    "spectral_energyband_low": {
        "kurt": 27.5799026489,
        "max": 7.875627972e-08,
        "mean": 6.87613921357e-09,
        "median": 4.11135125944e-09,
        "min": 1.7234244587e-10,
        "skew": 4.47537899017,
        "var": 7.6158432971e-17
    },
    "spectral_energyband_middle_high": {
        "kurt": -0.225849151611,
        "max": 0.366933643818,
        "mean": 0.0900893360376,
        "median": 0.0395388975739,
        "min": 5.31866959363e-08,
        "skew": 0.898719131947,
        "var": 0.011112046428
    },
    "spectral_energyband_middle_low": {
        "kurt": -1.77183175087,
        "max": 0.000467141828267,
        "mean": 0.000173801003257,
        "median": 0.000171452527866,
        "min": 2.70110511735e-09,
        "skew": 0.138614088297,
        "var": 2.89872179593e-08
    },
    "spectral_flatness_db": {
        "kurt": -0.8973736763,
        "max": 0.659313261509,
        "mean": 0.435740709305,
        "median": 0.48381075263,
        "min": 0.0818947926164,
        "skew": -0.70405036211,
        "var": 0.0325224213302
    },
    "spectral_flux": {
        "kurt": 6.9198923111,
        "max": 0.22527807951,
        "mean": 0.0292280372232,
        "median": 0.0161346271634,
        "min": 0.000335325225024,
        "skew": 2.55473446846,
        "var": 0.00174040545244
    },
    "spectral_kurtosis": {
        "kurt": -1.0021084547,
        "max": 47.9728240967,
        "mean": 18.82746315,
        "median": 19.9400806427,
        "min": 0.459588766098,
        "skew": 0.0446653440595,
        "var": 160.974807739
    },
    "spectral_rms": {
        "kurt": -1.519734025,
        "max": 0.0189392380416,
        "mean": 0.00677602272481,
        "median": 0.00625200709328,
        "min": 1.14337217383e-05,
        "skew": 0.269118487835,
        "var": 4.22727462137e-05
    },
    "spectral_rolloff": {
        "kurt": 2.75760412216,
        "max": 7192.08984375,
        "mean": 3516.40380859,
        "median": 3014.6484375,
        "min": 2971.58203125,
        "skew": 2.07058405876,
        "var": 1087660.125
    },
    "spectral_skewness": {
        "kurt": -0.946442365646,
        "max": 5.41498422623,
        "mean": 3.11304688454,
        "median": 3.39392948151,
        "min": 0.83271831274,
        "skew": -0.44672665,
        "var": 1.58427250385
    },
    "spectral_spread": {
        "kurt": -0.445713043213,
        "max": 14350100,
        "mean": 4692209,
        "median": 2211340,
        "min": 1329647.5,
        "skew": 1.13354098797,
        "var": 1.81212052193e+13
    },
    "spectral_strongpeak": {
        "kurt": -1.58900737762,
        "max": 53.4156341553,
        "mean": 18.48254776,
        "median": 12.657333374,
        "min": 0.00225730217062,
        "skew": 0.289929538965,
        "var": 328.294891357
    },
    "zerocrossingrate": {
        "kurt": 2.39417600632,
        "max": 0.23828125,
        "mean": 0.143196448684,
        "median": 0.13525390625,
        "min": 0.06201171875,
        "skew": 1.76433193684,
        "var": 0.000963762460742
    },
    "barkbands": {
        "kurt": [26.814031601, 38.7625961304, 18.3323078156, 7.92723751068, 26.516620636, 0.0404777526855, 16.3733482361, 30.6816368103, -1.76697230339, 11.861541748, -1.21114480495, 9.32291889191, -1.41454064846, 2.88848543167, 8.12956809998, -1.30419015884, -1.17775964737, 1.20368099213, 3.95544481277, 2.5886759758, 4.52739334106, 0.0351161956787, -1.05284917355, -1.27740478516, -1.32123267651, -1.62677550316, 18.6551151276],
        "max": [1.17959029211e-08, 6.13349300238e-08, 1.63940097053e-08, 7.02769265004e-09, 1.40056790769e-05, 0.000202670489671, 2.60067849922e-07, 6.37897665001e-06, 0.000348756351741, 6.91430841471e-07, 0.000120236771181, 6.50042125017e-07, 1.30198886836e-05, 4.88273599331e-06, 8.6928894234e-06, 0.000134457630338, 0.130939781666, 0.236052721739, 0.0113450018689, 0.00118906178977, 0.000118949559692, 0.000133779438329, 4.54816945421e-05, 1.40857109727e-05, 8.77446655068e-06, 2.25649571917e-07, 3.99662596351e-08],
        "mean": [6.18435469502e-10, 4.72595829137e-09, 1.34854261091e-09, 9.84411552274e-10, 5.30854151748e-07, 4.22681223426e-05, 1.71964842366e-08, 2.51174981258e-07, 0.000130725020426, 5.95287517058e-08, 3.49475085386e-05, 5.55045893691e-08, 3.5941823171e-06, 6.7649381208e-07, 1.02447199879e-06, 3.41045597452e-05, 0.0374741591513, 0.0507860630751, 0.00162467989139, 0.00019014008285, 1.64561533893e-05, 3.21395564242e-05, 1.31628667077e-05, 4.31448324889e-06, 2.55000236393e-06, 7.96072185949e-08, 2.89339818771e-09],
        "median": [6.5210871425e-11, 3.16030202008e-09, 5.69112978965e-10, 5.241008183e-10, 7.20598114512e-09, 5.93529002799e-05, 4.53402471123e-09, 8.43763636738e-09, 3.96658288082e-05, 2.23918910081e-08, 1.59186620294e-05, 1.96154186227e-08, 1.48449043991e-06, 1.71136107951e-07, 5.53007339477e-07, 2.09602658288e-05, 0.00434590410441, 0.0187066812068, 0.000524494447745, 0.000121663128084, 1.47799846673e-05, 2.45299397648e-05, 1.04057353383e-05, 4.13896714235e-06, 1.7672911099e-06, 6.0147407055e-08, 8.78115691272e-10],
        "min": [3.81457425326e-13, 2.47539922588e-11, 1.10391557007e-12, 1.19943091917e-11, 2.4135943244e-10, 3.8704428551e-10, 1.88983412253e-10, 1.21274518206e-10, 4.41202879786e-10, 3.10062558961e-10, 1.86376511446e-10, 3.92988919184e-10, 4.66863048221e-10, 5.4208554312e-10, 9.67565694232e-10, 2.677736477e-09, 3.60292573554e-09, 8.34680946582e-09, 1.69239555703e-08, 2.3428635032e-08, 2.98135311994e-08, 1.61486912731e-08, 7.15022174802e-09, 8.30217050662e-09, 7.76871456054e-09, 1.08663888998e-09, 7.22667134467e-11],
        "skew": [4.62108230591, 5.33296251297, 3.60010576248, 2.65465664864, 5.08365821838, 0.580182611942, 3.9068903923, 5.28242397308, 0.226464644074, 3.28233575821, 0.460457116365, 2.95654392242, 0.483955532312, 1.84122169018, 2.84462952614, 0.473957031965, 0.676272332668, 1.27952337265, 2.17480492592, 1.53344583511, 1.57794690132, 0.972976326942, 0.489353656769, 0.399443775415, 0.37524920702, 0.234227612615, 3.47640657425],
        "var": [1.94416602067e-18, 3.87059282222e-17, 3.99153440328e-18, 1.61354048226e-18, 3.87078346806e-12, 1.71565661677e-09, 1.50264184826e-15, 6.47980963591e-13, 1.85114430451e-08, 1.27991574181e-14, 1.3775719454e-09, 1.04874029112e-14, 1.51509603474e-11, 9.66042892382e-13, 3.05240251477e-12, 1.30139476973e-09, 0.00203746883199, 0.0038578833919, 7.29449493519e-06, 5.24480974207e-08, 3.52536277948e-10, 1.34027167142e-09, 1.90427715263e-10, 1.95719881274e-11, 6.92151414308e-12, 6.20380991316e-15, 2.27698867485e-17],
        "cov": [[1.95398486133e-18, 5.53456208102e-18, 1.57785487666e-18, 1.50124347628e-18, 2.08128485568e-17, 1.57245686605e-14, 1.04871322907e-17, -1.97106816757e-17, 6.94628951798e-14, 4.61527614803e-18, 1.17727279748e-14, 3.68431456069e-18, 1.91665429459e-15, 4.92056420955e-16, 1.64533476556e-16, 1.12617282443e-14, 2.49311595674e-11, 3.55383500406e-11, 9.3080328601e-13, 6.65444397719e-14, 4.67570191346e-15, 1.94948681628e-14, 7.42307403018e-15, 1.52599687596e-15, 1.41445915395e-15, 3.93287588275e-17, 3.68088625894e-19], [5.53456208102e-18, 3.8901414162e-17, 8.64715918081e-18, 3.77476634708e-18, 2.81314564121e-17, 5.3888408899e-14, 3.99282331611e-17, -1.76210619828e-16, 2.1293561261e-13, 1.01924012211e-17, 4.14311631064e-14, 1.9039623132e-17, 5.34835407028e-15, 1.18500396365e-15, 1.20050350191e-15, 5.23176201797e-14, 7.10735498233e-11, 9.31210733524e-11, 2.05762208487e-12, 2.16180954973e-13, 1.90025472029e-14, 5.05651361169e-14, 2.03329479718e-14, 5.72454469556e-15, 3.7572217371e-15, 1.25641032341e-16, 4.68259127909e-18], [1.57785487666e-18, 8.64715918081e-18, 4.01169362198e-18, 1.58969638072e-18, -1.01703265829e-16, 3.23229094044e-14, 7.96349109581e-18, -6.70754803019e-17, 1.32276500408e-13, 1.16625311258e-18, 2.49410189631e-14, 1.29147080381e-17, 3.49310775854e-15, 7.64160090728e-16, 5.80230221424e-16, 3.11281287747e-14, 4.4151137607e-11, 5.79187010852e-11, 1.34502988174e-12, 1.17637805963e-13, 1.20854330571e-14, 3.17657684011e-14, 1.22945358457e-14, 3.28821514728e-15, 2.44134355981e-15, 7.45175448637e-17, 2.99242678195e-18], [1.50124347628e-18, 3.77476634708e-18, 1.58969638072e-18, 1.62168965886e-18, 2.09906318388e-16, 2.20564008274e-14, 1.04512285163e-17, 5.49473217647e-17, 7.74956203267e-14, 1.32616730819e-17, 1.22134790278e-14, 2.01230345198e-17, 2.27305293626e-15, 6.26756258909e-16, 2.43628777896e-16, 1.3682636499e-14, 2.78706242113e-11, 3.99656280292e-11, 1.07089716869e-12, 7.86865825319e-14, 7.25236131593e-15, 2.21513633852e-14, 8.09296528311e-15, 1.7659852386e-15, 1.58947638376e-15, 4.42519326927e-17, 5.46872264016e-19], [2.08128485568e-17, 2.81314564121e-17, -1.01703265829e-16, 2.09906318388e-16, 3.89033293427e-12, 3.46708668719e-11, 6.73835309382e-14, 1.35992118174e-12, -3.56683883818e-11, 1.1107899946e-13, 9.02061628519e-13, 1.34144201281e-13, 2.84064004957e-13, 5.53766234257e-13, 6.4989170729e-13, -1.63507380378e-12, -8.19964451892e-09, -1.4084411859e-08, 4.74483452528e-10, 4.75498113106e-11, 6.57015804609e-12, 4.48541160811e-12, -9.08698463697e-13, 7.0036566878e-14, -3.51141994171e-13, -1.00360851221e-14, -6.5583712345e-16], [1.57245686605e-14, 5.3888408899e-14, 3.23229094044e-14, 2.20564008274e-14, 3.46708668719e-11, 1.72432157441e-09, 7.00451144569e-13, 1.06788631757e-11, 4.40317027284e-09, 1.21415204279e-12, 1.21404619691e-09, 1.65725332762e-12, 1.28531310595e-10, 2.31881718687e-11, 3.77354675285e-11, 1.05990827226e-09, 1.31243473334e-06, 1.82911946922e-06, 6.2984589988e-08, 6.86613255141e-09, 5.29212174083e-10, 1.17401899313e-09, 4.60288890336e-10, 1.43804759767e-10, 8.81749534498e-11, 2.59551971929e-12, 1.01380418004e-13], [1.04871322907e-17, 3.99282331611e-17, 7.96349109581e-18, 1.04512285163e-17, 6.73835309382e-14, 7.00451144569e-13, 1.51023094583e-15, 2.51061243193e-14, -7.97815250821e-14, 2.73214055851e-15, 1.26911190433e-13, 2.94905595542e-15, 1.72023006462e-14, 1.65351944376e-14, 1.6182505165e-14, 1.27140797348e-13, -4.62920569932e-11, 1.76481676495e-11, 1.6820701082e-11, 1.8659798099e-12, 2.4743905926e-13, 2.30040514632e-13, 4.59188453049e-14, 2.34313267302e-14, 5.91972310946e-15, 2.40625146126e-16, -5.51379695251e-18], [-1.97106816757e-17, -1.76210619828e-16, -6.70754803019e-17, 5.49473217647e-17, 1.35992118174e-12, 1.06788631757e-11, 2.51061243193e-14, 6.51253627849e-13, -1.5915392268e-11, 5.75536932565e-14, 2.09703768564e-13, 6.39301911648e-14, 9.14635324401e-14, 2.31610900164e-13, 2.54016371739e-13, -1.25743458614e-12, -4.07072864306e-09, -5.91027715657e-09, 1.94669474984e-10, 1.96939929642e-11, 2.53245102839e-12, 1.16466623672e-12, -3.87065162907e-13, -9.68075818889e-15, -1.80966881562e-13, -4.61152349759e-15, -3.11122666004e-16], [6.94628951798e-14, 2.1293561261e-13, 1.32276500408e-13, 7.74956203267e-14, -3.56683883818e-11, 4.40317027284e-09, -7.97815250821e-14, -1.5915392268e-11, 1.86049362583e-08, -1.01595511517e-12, 4.27984314655e-09, -2.96747408547e-13, 4.90787355201e-10, 6.62861848744e-11, 7.42833294876e-11, 4.16275103277e-09, 5.75841932005e-06, 7.50944991523e-06, 1.78073051416e-07, 1.9291748643e-08, 1.64019420268e-09, 4.1436858389e-09, 1.7611883063e-09, 5.17745957218e-10, 3.45678680125e-10, 1.00257727467e-11, 3.98969133555e-13], [4.61527614803e-18, 1.01924012211e-17, 1.16625311258e-18, 1.32616730819e-17, 1.1107899946e-13, 1.21415204279e-12, 2.73214055851e-15, 5.75536932565e-14, -1.01595511517e-12, 1.28637995845e-14, -3.11968942975e-14, 8.87786243446e-15, 3.11150980198e-14, 3.9326299785e-14, 3.05734949889e-14, 1.04407374944e-13, -3.67013475167e-10, 5.10396343245e-11, 3.33908421746e-11, 4.6209134609e-12, 4.66260439546e-13, 4.07709185423e-13, 3.87885660006e-14, 1.43995905965e-14, 1.71119247719e-15, 9.19429978222e-17, -2.4794545301e-17], [1.17727279748e-14, 4.14311631064e-14, 2.49410189631e-14, 1.22134790278e-14, 9.02061628519e-13, 1.21404619691e-09, 1.26911190433e-13, 2.09703768564e-13, 4.27984314655e-09, -3.11968942975e-14, 1.38452938003e-09, 1.67896051879e-13, 1.01152863863e-10, 1.02605398136e-11, 4.31746478846e-11, 1.16207476974e-09, 1.09185111796e-06, 1.40046245178e-06, 5.29991837084e-08, 6.30179242123e-09, 4.4934675425e-10, 9.31878352262e-10, 4.2630146635e-10, 1.54205551106e-10, 7.96125387836e-11, 2.56731680186e-12, 8.58801148685e-14], [3.68431456069e-18, 1.9039623132e-17, 1.29147080381e-17, 2.01230345198e-17, 1.34144201281e-13, 1.65725332762e-12, 2.94905595542e-15, 6.39301911648e-14, -2.96747408547e-13, 8.87786243446e-15, 1.67896051879e-13, 1.05403695754e-14, 4.84542927429e-14, 4.72644655618e-14, 4.49096699228e-14, 2.55674387911e-13, -1.61161001211e-10, 2.00949867857e-10, 4.85012828511e-11, 5.73044910135e-12, 7.10657769611e-13, 5.61137399567e-13, 9.86882762468e-14, 5.0742555638e-14, 1.51089400323e-14, 6.68339117993e-16, -4.02965212667e-18], [1.91665429459e-15, 5.34835407028e-15, 3.49310775854e-15, 2.27305293626e-15, 2.84064004957e-13, 1.28531310595e-10, 1.72023006462e-14, 9.14635324401e-14, 4.90787355201e-10, 3.11150980198e-14, 1.01152863863e-10, 4.84542927429e-14, 1.52274807347e-11, 1.97946086605e-12, 7.58914036215e-13, 1.05751740698e-10, 1.67315306498e-07, 2.13574239183e-07, 3.88010601426e-09, 4.49658227319e-10, 4.36835879969e-11, 1.1191758631e-10, 4.56728925513e-11, 1.25178496041e-11, 9.13632624416e-12, 2.47607652697e-13, 1.0797677009e-14], [4.92056420955e-16, 1.18500396365e-15, 7.64160090728e-16, 6.26756258909e-16, 5.53766234257e-13, 2.31881718687e-11, 1.65351944376e-14, 2.31610900164e-13, 6.62861848744e-11, 3.9326299785e-14, 1.02605398136e-11, 4.72644655618e-14, 1.97946086605e-12, 9.70921802158e-13, 5.01510508469e-13, 9.62593199594e-12, 2.15235029799e-08, 4.25523118963e-08, 1.80963377616e-09, 1.20566279183e-10, 1.01461790358e-11, 2.74621089758e-11, 8.4315618723e-12, 1.53939545573e-12, 1.56737708749e-12, 4.40176459735e-14, 1.60746916351e-15], [1.64533476556e-16, 1.20050350191e-15, 5.80230221424e-16, 2.43628777896e-16, 6.4989170729e-13, 3.77354675285e-11, 1.6182505165e-14, 2.54016371739e-13, 7.42833294876e-11, 3.05734949889e-14, 4.31746478846e-11, 4.49096699228e-14, 7.58914036215e-13, 5.01510508469e-13, 3.06781878547e-12, 2.63314665211e-11, 2.08418993175e-09, 2.13968434082e-08, 3.39005934435e-09, 2.7641192113e-10, 1.54962934845e-11, 2.77031592111e-11, 1.04619082494e-11, 4.51513219174e-12, 1.79397675101e-12, 7.55671499225e-14, 1.51227822447e-15], [1.12617282443e-14, 5.23176201797e-14, 3.11281287747e-14, 1.3682636499e-14, -1.63507380378e-12, 1.05990827226e-09, 1.27140797348e-13, -1.25743458614e-12, 4.16275103277e-09, 1.04407374944e-13, 1.16207476974e-09, 2.55674387911e-13, 1.05751740698e-10, 9.62593199594e-12, 2.63314665211e-11, 1.30796751208e-09, 1.18092441426e-06, 1.31023648464e-06, 2.7391504176e-08, 3.94747123877e-09, 4.88127982479e-10, 7.77635456028e-10, 3.70946801054e-10, 1.39334446758e-10, 7.42673839094e-11, 2.31554445757e-12, 8.47729072812e-14], [2.49311595674e-11, 7.10735498233e-11, 4.4151137607e-11, 2.78706242113e-11, -8.19964451892e-09, 1.31243473334e-06, -4.62920569932e-11, -4.07072864306e-09, 5.75841932005e-06, -3.67013475167e-10, 1.09185111796e-06, -1.61161001211e-10, 1.67315306498e-07, 2.15235029799e-08, 2.08418993175e-09, 1.18092441426e-06, 0.00204775901511, 0.00246038264595, 3.95203787775e-05, 4.26579299528e-06, 4.00770176157e-07, 1.28288877477e-06, 5.1820978797e-07, 1.32854509616e-07, 1.0468211542e-07, 2.79185896623e-09, 1.23403856578e-10], [3.55383500406e-11, 9.31210733524e-11, 5.79187010852e-11, 3.99656280292e-11, -1.4084411859e-08, 1.82911946922e-06, 1.76481676495e-11, -5.91027715657e-09, 7.50944991523e-06, 5.10396343245e-11, 1.40046245178e-06, 2.00949867857e-10, 2.13574239183e-07, 4.25523118963e-08, 2.13968434082e-08, 1.31023648464e-06, 0.00246038264595, 0.00387736759149, 0.000102312777017, 8.77387719811e-06, 6.39238464828e-07, 2.05158971767e-06, 7.68295137732e-07, 1.79576005621e-07, 1.49841937969e-07, 4.17664125507e-09, 1.74265324393e-10], [9.3080328601e-13, 2.05762208487e-12, 1.34502988174e-12, 1.07089716869e-12, 4.74483452528e-10, 6.2984589988e-08, 1.6820701082e-11, 1.94669474984e-10, 1.78073051416e-07, 3.33908421746e-11, 5.29991837084e-08, 4.85012828511e-11, 3.88010601426e-09, 1.80963377616e-09, 3.39005934435e-09, 2.7391504176e-08, 3.95203787775e-05, 0.000102312777017, 7.33133583708e-06, 4.44675407607e-07, 2.17705302674e-08, 7.38126573196e-08, 2.2700518798e-08, 5.96961147181e-09, 4.1581440513e-09, 1.38591582655e-10, 5.31215696431e-12], [6.65444397719e-14, 2.16180954973e-13, 1.17637805963e-13, 7.86865825319e-14, 4.75498113106e-11, 6.86613255141e-09, 1.8659798099e-12, 1.96939929642e-11, 1.9291748643e-08, 4.6209134609e-12, 6.30179242123e-09, 5.73044910135e-12, 4.49658227319e-10, 1.20566279183e-10, 2.7641192113e-10, 3.94747123877e-09, 4.26579299528e-06, 8.77387719811e-06, 4.44675407607e-07, 5.27129841998e-08, 2.22599494393e-09, 6.10182615546e-09, 2.36887442995e-09, 7.13602954505e-10, 4.21223167457e-10, 1.34534093935e-11, 4.32895228995e-13], [4.67570191346e-15, 1.90025472029e-14, 1.20854330571e-14, 7.25236131593e-15, 6.57015804609e-12, 5.29212174083e-10, 2.4743905926e-13, 2.53245102839e-12, 1.64019420268e-09, 4.66260439546e-13, 4.4934675425e-10, 7.10657769611e-13, 4.36835879969e-11, 1.01461790358e-11, 1.54962934845e-11, 4.88127982479e-10, 4.00770176157e-07, 6.39238464828e-07, 2.17705302674e-08, 2.22599494393e-09, 3.54316770368e-10, 3.70525582438e-10, 1.64568803029e-10, 6.34272773192e-11, 3.28547883344e-11, 1.09268529554e-12, 3.10515298912e-14], [1.94948681628e-14, 5.05651361169e-14, 3.17657684011e-14, 2.21513633852e-14, 4.48541160811e-12, 1.17401899313e-09, 2.30040514632e-13, 1.16466623672e-12, 4.1436858389e-09, 4.07709185423e-13, 9.31878352262e-10, 5.61137399567e-13, 1.1191758631e-10, 2.74621089758e-11, 2.77031592111e-11, 7.77635456028e-10, 1.28288877477e-06, 2.05158971767e-06, 7.38126573196e-08, 6.10182615546e-09, 3.70525582438e-10, 1.34704070121e-09, 4.48698939115e-10, 1.07877165534e-10, 8.42924272049e-11, 2.42783484289e-12, 9.76076316127e-14], [7.42307403018e-15, 2.03329479718e-14, 1.22945358457e-14, 8.09296528311e-15, -9.08698463697e-13, 4.60288890336e-10, 4.59188453049e-14, -3.87065162907e-13, 1.7611883063e-09, 3.87885660006e-14, 4.2630146635e-10, 9.86882762468e-14, 4.56728925513e-11, 8.4315618723e-12, 1.04619082494e-11, 3.70946801054e-10, 5.1820978797e-07, 7.68295137732e-07, 2.2700518798e-08, 2.36887442995e-09, 1.64568803029e-10, 4.48698939115e-10, 1.91389473714e-10, 5.06251325583e-11, 3.48232796765e-11, 1.01359524073e-12, 3.54977244159e-14], [1.52599687596e-15, 5.72454469556e-15, 3.28821514728e-15, 1.7659852386e-15, 7.0036566878e-14, 1.43804759767e-10, 2.34313267302e-14, -9.68075818889e-15, 5.17745957218e-10, 1.43995905965e-14, 1.54205551106e-10, 5.0742555638e-14, 1.25178496041e-11, 1.53939545573e-12, 4.51513219174e-12, 1.39334446758e-10, 1.32854509616e-07, 1.79576005621e-07, 5.96961147181e-09, 7.13602954505e-10, 6.34272773192e-11, 1.07877165534e-10, 5.06251325583e-11, 1.96708378752e-11, 9.58317800115e-12, 3.18680628761e-13, 1.01807176919e-14], [1.41445915395e-15, 3.7572217371e-15, 2.44134355981e-15, 1.58947638376e-15, -3.51141994171e-13, 8.81749534498e-11, 5.91972310946e-15, -1.80966881562e-13, 3.45678680125e-10, 1.71119247719e-15, 7.96125387836e-11, 1.51089400323e-14, 9.13632624416e-12, 1.56737708749e-12, 1.79397675101e-12, 7.42673839094e-11, 1.0468211542e-07, 1.49841937969e-07, 4.1581440513e-09, 4.21223167457e-10, 3.28547883344e-11, 8.42924272049e-11, 3.48232796765e-11, 9.58317800115e-12, 6.95647142321e-12, 1.94928478198e-13, 7.02484911333e-15], [3.93287588275e-17, 1.25641032341e-16, 7.45175448637e-17, 4.42519326927e-17, -1.00360851221e-14, 2.59551971929e-12, 2.40625146126e-16, -4.61152349759e-15, 1.00257727467e-11, 9.19429978222e-17, 2.56731680186e-12, 6.68339117993e-16, 2.47607652697e-13, 4.40176459735e-14, 7.55671499225e-14, 2.31554445757e-12, 2.79185896623e-09, 4.17664125507e-09, 1.38591582655e-10, 1.34534093935e-11, 1.09268529554e-12, 2.42783484289e-12, 1.01359524073e-12, 3.18680628761e-13, 1.94928478198e-13, 6.2351420854e-15, 2.18518195007e-16], [3.68088625894e-19, 4.68259127909e-18, 2.99242678195e-18, 5.46872264016e-19, -6.5583712345e-16, 1.01380418004e-13, -5.51379695251e-18, -3.11122666004e-16, 3.98969133555e-13, -2.4794545301e-17, 8.58801148685e-14, -4.02965212667e-18, 1.0797677009e-14, 1.60746916351e-15, 1.51227822447e-15, 8.47729072812e-14, 1.23403856578e-10, 1.74265324393e-10, 5.31215696431e-12, 4.32895228995e-13, 3.10515298912e-14, 9.76076316127e-14, 3.54977244159e-14, 1.01807176919e-14, 7.02484911333e-15, 2.18518195007e-16, 2.28848863604e-17]]
    },
    "mfcc": {
        "kurt": [-1.63396131992, -1.23878884315, -1.0716843605, -0.0868530273438, -1.02680814266, -0.676885843277, -1.5243742466, -1.26569259167, -0.439197778702, -1.06683552265, -0.936722278595, -0.666794300079, -0.596421718597],
        "max": [-738.193908691, 29.9074058533, 9.21517944336, 95.2510375977, 22.2937927246, 0.611930847168, 8.90602493286, 61.0802841187, 2.05490875244, 4.11945343018, 19.4710578918, 24.5070991516, 4.59976959229],
        "mean": [-901.486938477, -29.3485355377, -87.6254730225, 46.9803695679, -13.7234783173, -71.8129882812, -13.7861146927, 29.7736663818, -22.3326148987, -32.9029541016, -0.906226217747, 5.63558626175, -8.49211597443],
        "median": [-777.348815918, -28.4134178162, -115.003318787, 48.3773078918, -20.995929718, -89.9177474976, -20.4043941498, 29.5901489258, -23.6264896393, -34.4243545532, -0.053768157959, 4.97240066528, -8.79722976685],
        "min": [-1138.42004395, -62.6221847534, -139.816574097, 8.01086425781e-05, -39.3278274536, -109.268058777, -39.0853500366, -16.7488555908, -48.6325683594, -59.9845123291, -21.8684997559, -12.1894741058, -25.1290245056],
        "skew": [-0.412169575691, 0.19049346447, 0.724682331085, -0.233432009816, 0.614054203033, 0.9017547369, 0.279135763645, -0.132384672761, 0.261102855206, 0.416629344225, -0.0523572266102, 0.142591923475, -0.223692893982],
        "var": [24614.546875, 455.460357666, 2190.47949219, 438.496856689, 290.204803467, 1202.76342773, 164.316131592, 385.631439209, 123.744407654, 331.591674805, 94.1168823242, 74.4036636353, 39.4745140076],
        "cov": [[24738.8632812, -3005.34887695, -7109.15283203, 1410.02783203, -2339.05371094, -5086.43554688, -1879.99353027, 2472.11279297, -1062.3918457, -2611.77172852, -742.483093262, 330.212585449, -261.405303955], [-3005.34887695, 457.760650635, 869.928283691, -94.4261474609, 256.869171143, 610.356140137, 216.356262207, -367.368530273, 89.2354278564, 316.254089355, 84.7270584106, -51.9129295349, 29.680770874], [-7109.15283203, 869.928283691, 2201.54272461, -573.133422852, 634.15838623, 1573.39782715, 524.598571777, -757.955749512, 363.52154541, 787.49621582, 168.62210083, -97.7121582031, 90.4606628418], [1410.02783203, -94.4261474609, -573.133422852, 440.711486816, -108.926986694, -478.345550537, -83.1544265747, 111.395500183, -195.320571899, -178.367523193, 8.30120182037, -19.9850616455, -39.4312744141], [-2339.05371094, 256.869171143, 634.15838623, -108.926986694, 291.670501709, 436.356445312, 185.564910889, -178.163391113, 91.1588668823, 222.468338013, 109.442848206, -12.515868187, -3.2024242878], [-5086.43554688, 610.356140137, 1573.39782715, -478.345550537, 436.356445312, 1208.8380127, 368.453765869, -563.957336426, 295.502593994, 591.434570312, 118.586303711, -79.5764541626, 74.4691162109], [-1879.99353027, 216.356262207, 524.598571777, -83.1544265747, 185.564910889, 368.453765869, 165.146011353, -177.656784058, 68.3057632446, 205.287826538, 71.3243179321, -35.1268577576, 19.3097705841], [2472.11279297, -367.368530273, -757.955749512, 111.395500183, -178.163391113, -563.957336426, -177.656784058, 387.579071045, -84.8874893188, -311.838775635, -49.0036087036, 92.064453125, -30.0194549561], [-1062.3918457, 89.2354278564, 363.52154541, -195.320571899, 91.1588668823, 295.502593994, 68.3057632446, -84.8874893188, 124.369377136, 128.235534668, 1.22698307037, 11.2464847565, 28.8607559204], [-2611.77172852, 316.254089355, 787.49621582, -178.367523193, 222.468338013, 591.434570312, 205.287826538, -311.838775635, 128.235534668, 333.266387939, 69.122467041, -73.5562286377, 41.7607955933], [-742.483093262, 84.7270584106, 168.62210083, 8.30120182037, 109.442848206, 118.586303711, 71.3243179321, -49.0036087036, 1.22698307037, 69.122467041, 94.5922241211, -19.2569408417, -22.4883060455], [330.212585449, -51.9129295349, -97.7121582031, -19.9850616455, -12.515868187, -79.5764541626, -35.1268577576, 92.064453125, 11.2464847565, -73.5562286377, -19.2569408417, 74.7794418335, -8.13570022583], [-261.405303955, 29.680770874, 90.4606628418, -39.4312744141, -3.2024242878, 74.4691162109, 19.3097705841, -30.0194549561, 28.8607559204, 41.7607955933, -22.4883060455, -8.13570022583, 39.6738815308]]
    },
    "sccoeffs": {
        "kurt": [1.11429071426, -1.37682676315, -1.77676153183, -1.61562991142, -1.40500593185, -1.69026243687],
        "max": [-0.550298511982, -0.413373142481, -0.441189467907, -0.637750923634, -0.261745363474, -0.643777191639],
        "mean": [-0.828833818436, -0.629629075527, -0.681780278683, -0.796814978123, -0.548786282539, -0.769746184349],
        "median": [-0.851798832417, -0.588937819004, -0.65765106678, -0.780142188072, -0.525676608086, -0.741227686405],
        "min": [-0.975737571716, -0.95598423481, -0.932116091251, -0.927653551102, -0.912971913815, -0.902601480484],
        "skew": [1.17860519886, -0.418478012085, -0.0860235616565, -0.0461496077478, -0.312365025282, -0.201032444835],
        "var": [0.006994667463, 0.0285339839756, 0.0333641842008, 0.00747923133895, 0.0470761060715, 0.00856218487024],
        "cov": [[0.00702999392524, -0.000851868651807, -0.00327378720976, -0.00135716248769, -0.00266101211309, -0.000981344375759], [-0.000851868651807, 0.0286780949682, 0.0294463075697, 0.0137884905562, 0.0356726273894, 0.0150265125558], [-0.00327378720976, 0.0294463075697, 0.0335326902568, 0.0154645023867, 0.0384002923965, 0.0164349079132], [-0.00135716248769, 0.0137884905562, 0.0154645023867, 0.00751700531691, 0.0177788846195, 0.00769820343703], [-0.00266101211309, 0.0356726273894, 0.0384002923965, 0.0177788846195, 0.0473138652742, 0.0194635912776], [-0.000981344375759, 0.0150265125558, 0.0164349079132, 0.00769820343703, 0.0194635912776, 0.00860542804003]]
    },
    "scvalleys": {
        "kurt": [-0.628974199295, -0.236108541489, -1.13881289959, -1.171261549, -1.07201755047, -0.769300222397],
        "max": [-9.7696647644, -8.75544834137, -8.78143501282, -8.96611309052, -6.74538326263, -9.01024723053],
        "mean": [-11.6402893066, -10.7884788513, -10.6715698242, -10.6238279343, -9.09000015259, -10.9760026932],
        "median": [-11.6980648041, -10.8225927353, -10.3952827454, -10.3734531403, -8.72087478638, -10.7475881577],
        "min": [-13.6071386337, -12.7160224915, -12.447851181, -12.2699136734, -11.3434314728, -12.1256303787],
        "skew": [0.263692945242, 0.43410089612, -0.193392843008, -0.221930786967, -0.193312823772, 0.349597781897],
        "var": [0.522757053375, 0.66742181778, 0.837202370167, 0.812707483768, 1.56689071655, 0.586935997009],
        "cov": [[0.525397241116, 0.38554251194, 0.447646260262, 0.46967920661, 0.619541883469, 0.395889848471], [0.38554251194, 0.670792639256, 0.657114982605, 0.638255476952, 0.882046639919, 0.498999148607], [0.447646260262, 0.657114982605, 0.841430664062, 0.795545876026, 1.09770774841, 0.609018862247], [0.46967920661, 0.638255476952, 0.795545876026, 0.816812098026, 1.09613823891, 0.618131756783], [0.619541883469, 0.882046639919, 1.09770774841, 1.09613823891, 1.57480430603, 0.890877366066], [0.395889848471, 0.498999148607, 0.609018862247, 0.618131756783, 0.890877366066, 0.589900314808]]
    }
},
"rhythm": {
    "beats_loudness": {
        "kurt": -0.643270730972,
        "max": 0.157679095864,
        "mean": 0.0918704941869,
        "median": 0.0831816717982,
        "min": 0.0339654050767,
        "skew": 0.283632278442,
        "var": 0.00159635324962
    },
    "bpm": 77.7357940674,
    "confidence": 0,
    "first_peak_bpm": {
        "kurt": 0,
        "max": 76,
        "mean": 76,
        "median": 76,
        "min": 76,
        "skew": 0,
        "var": 0
    },
    "first_peak_spread": {
        "kurt": 0,
        "max": 0.5,
        "mean": 0.5,
        "median": 0.5,
        "min": 0.5,
        "skew": 0,
        "var": 0
    },
    "first_peak_weight": {
        "kurt": 0,
        "max": 0.5,
        "mean": 0.5,
        "median": 0.5,
        "min": 0.5,
        "skew": 0,
        "var": 0
    },
    "onset_rate": 0.870028436184,
    "second_peak_bpm": {
        "kurt": 0,
        "max": 0,
        "mean": 0,
        "median": 0,
        "min": 0,
        "skew": 0,
        "var": 0
    },
    "second_peak_spread": {
        "kurt": 0,
        "max": 0,
        "mean": 0,
        "median": 0,
        "min": 0,
        "skew": 0,
        "var": 0
    },
    "second_peak_weight": {
        "kurt": 0,
        "max": 0,
        "mean": 0,
        "median": 0,
        "min": 0,
        "skew": 0,
        "var": 0
    },
    "beats_loudness_band_ratio": {
        "kurt": [-1.35274195671, -0.0529639720917, -0.682394504547, 0.124738931656, 0.0385019779205, 0.0252878665924],
        "max": [1.70322110193e-07, 0.00535240815952, 0.00305479252711, 0.00292288488708, 0.994192302227, 0.230766922235],
        "mean": [1.08466963411e-07, 0.00165586662479, 0.00212749349885, 0.00107701995876, 0.926596939564, 0.068671643734],
        "median": [1.08731860848e-07, 0.000483178970171, 0.00186935253441, 0.000615767785348, 0.963334262371, 0.0339273065329],
        "min": [2.90951156501e-08, 0.000399395008571, 0.00168689806014, 0.000470699655125, 0.758239448071, 0.00319954636507],
        "skew": [-0.243103995919, 1.30835783482, 0.927717387676, 1.41337180138, -1.34371078014, 1.3344630003],
        "var": [2.73607100314e-15, 3.62210153071e-06, 2.64577437292e-07, 8.72939040164e-07, 0.00740375602618, 0.00688231643289],
        "cov": [[3.42008864805e-15, 6.71736000157e-11, 2.28831467664e-11, 3.40990499725e-11, -3.90018639607e-09, 3.77980846622e-09], [6.71736000157e-11, 4.52762697023e-06, 1.01648981854e-06, 2.21113077714e-06, -0.000192498642718, 0.000185026554391], [2.28831467664e-11, 1.01648981854e-06, 3.30721803721e-07, 5.27433087427e-07, -5.33390193596e-05, 5.15170177096e-05], [3.40990499725e-11, 2.21113077714e-06, 5.27433087427e-07, 1.09117377178e-06, -9.71119225142e-05, 9.34153140406e-05], [-3.90018639607e-09, -0.000192498642718, -5.33390193596e-05, -9.71119225142e-05, 0.00925469491631, -0.00892252475023], [3.77980846622e-09, 0.000185026554391, 5.15170177096e-05, 9.34153140406e-05, -0.00892252475023, 0.00860289577395]]
    },
    "beats_position": [0.766258478165, 1.55573689938, 2.32199549675, 3.09986400604, 3.85451245308],
    "bpm_estimates": [75.9995422363, 78.3025436401, 77.1338577271, 79.5072174072],
    "bpm_intervals": [0.789478421211, 0.766258597374, 0.777868509293, 0.754648447037],
    "onset_times": [0.0116099771112, 1.54412698746, 3.08825397491, 3.86612248421],
    "histogram": [[0, 0, 0, 0, 0, 0, 0, 0, 0, 0, 0, 0, 0, 0, 0, 0, 0, 0, 0, 0, 0, 0, 0, 0, 0, 0, 0, 0, 0, 0, 0, 0, 0, 0, 0, 0, 0, 0, 0, 0, 0, 0, 0, 0, 0, 0, 0, 0, 0, 0, 0, 0, 0, 0, 0, 0, 0, 0, 0, 0, 0, 0, 0, 0, 0, 0, 0, 0, 0, 0, 0, 0, 0, 0, 0, 0, 0.25, 0.25, 0.25, 0, 0.25, 0, 0, 0, 0, 0, 0, 0, 0, 0, 0, 0, 0, 0, 0, 0, 0, 0, 0, 0, 0, 0, 0, 0, 0, 0, 0, 0, 0, 0, 0, 0, 0, 0, 0, 0, 0, 0, 0, 0, 0, 0, 0, 0, 0, 0, 0, 0, 0, 0, 0, 0, 0, 0, 0, 0, 0, 0, 0, 0, 0, 0, 0, 0, 0, 0, 0, 0, 0, 0, 0, 0, 0, 0, 0, 0, 0, 0, 0, 0, 0, 0, 0, 0, 0, 0, 0, 0, 0, 0, 0, 0, 0, 0, 0, 0, 0, 0, 0, 0, 0, 0, 0, 0, 0, 0, 0, 0, 0, 0, 0, 0, 0, 0, 0, 0, 0, 0, 0, 0, 0, 0, 0, 0, 0, 0, 0, 0, 0, 0, 0, 0, 0, 0, 0, 0, 0, 0, 0, 0, 0, 0, 0, 0, 0, 0, 0, 0, 0, 0, 0, 0, 0, 0, 0, 0, 0, 0, 0, 0, 0, 0, 0, 0, 0, 0, 0, 0, 0, 0]]
},
"sfx": {
    "inharmonicity": {
        "kurt": 1.53120326996,
        "max": 0.440001100302,
        "mean": 0.0696167424321,
        "median": 0.00963807478547,
        "min": 0,
        "skew": 1.60348987579,
        "var": 0.0114029962569
    },
    "oddtoevenharmonicenergyratio": {
        "kurt": 23.5672054291,
        "max": 14.3739061356,
        "mean": 1.35582923889,
        "median": 1.19242501259,
        "min": 0,
        "skew": 3.73508191109,
        "var": 2.54888129234
    },
    "pitch_after_max_to_before_max_energy_ratio": 0.067809343338,
    "pitch_centroid": 105.235366821,
    "pitch_max_to_total": 0.989949762821,
    "pitch_min_to_total": 0.974874377251,
    "tristimulus": {
        "kurt": [-0.290568113327, 86.3604202271, -0.463057994843],
        "max": [1, 0.951235532761, 0.979602813721],
        "mean": [0.241229265928, 0.0367758125067, 0.721994996071],
        "median": [0.0168943479657, 0.0327567011118, 0.943728923798],
        "min": [0.0078339939937, 0, 0],
        "skew": [1.30510652065, 9.14090538025, -1.23604547977],
        "var": [0.168444037437, 0.00794674921781, 0.161478936672],
        "cov": [[0.169294759631, -0.00749354064465, -0.161801189184], [-0.00749354064465, 0.00798688363284, -0.00049333809875], [-0.161801189184, -0.00049333809875, 0.162294477224]]
    }
},
"tonal": {
    "chords_changes_rate": 0.0500000007451,
    "chords_number_rate": 0.019999999553,
    "chords_strength": {
        "kurt": -0.509632110596,
        "max": 0.368778705597,
        "mean": 0.343312770128,
        "median": 0.346997976303,
        "min": 0.29502466321,
        "skew": -0.585794687271,
        "var": 0.000322443782352
    },
    "key_strength": 0.459474593401,
    "tuning_diatonic_strength": 0.44615188241,
    "tuning_equal_tempered_deviation": 0.018903920427,
    "tuning_frequency": 445.884552002,
    "tuning_nontempered_energy_ratio": 0.61182320118,
    "hpcp": {
        "kurt": [8.79754257202, 9.00868988037, 14.1873531342, 11.6157426834, 10.1004905701, 15.8839893341, 11.4771337509, 10.6950378418, 11.3356370926, 9.88956451416, 11.1839971542, 11.0963335037, 11.8015613556, 11.0467262268, 7.9727306366, 6.30315208435, 9.6551733017, 14.4083271027, 20.788602829, 16.4303703308, -0.857825040817, -0.981382846832, -0.823927640915, 8.93170833588, 9.14673233032, 6.54078769684, 2.25534629822, -1.29148757458, -0.734006166458, 13.3075065613, 13.6690425873, 11.3339633942, 7.52554893494, 10.194103241, 9.95387172699, 8.27104663849],
        "max": [0.594347178936, 0.679045677185, 1, 0.865796744823, 0.701010763645, 0.964246749878, 0.911365270615, 0.907680213451, 0.94697022438, 0.846723973751, 0.856973946095, 0.82600826025, 0.96847307682, 0.963991880417, 0.794697105885, 0.553183019161, 0.657962024212, 0.684035658836, 0.577518045902, 0.337358921766, 0.731639027596, 1, 0.799349308014, 0.384847819805, 0.291779100895, 0.310528665781, 1, 1, 0.87528270483, 0.556292712688, 0.523248493671, 0.511404335499, 0.877335071564, 1, 0.6651866436, 0.575781464577],
        "mean": [0.0478490740061, 0.0563747920096, 0.063975431025, 0.055979963392, 0.0462566055357, 0.0538882166147, 0.0680179148912, 0.0650385543704, 0.058186493814, 0.0558649674058, 0.0552844554186, 0.0545055903494, 0.0547739602625, 0.0723781660199, 0.0855679810047, 0.0631975606084, 0.045109115541, 0.0413936711848, 0.0267752129585, 0.0200742390007, 0.382984995842, 0.741518855095, 0.390358239412, 0.0327597893775, 0.0244670882821, 0.0336567461491, 0.34027671814, 0.708608627319, 0.418324500322, 0.0454125367105, 0.0327910296619, 0.0447188317776, 0.101901441813, 0.104130595922, 0.0535104572773, 0.0469088666141],
