{
"metadata": {
    "version": {
        "essentia": "2.1-beta3"
    }
},
"lowLevel": {
    "average_loudness": 0.00778696127236,
    "barkbands_kurtosis": {
        "kurt": 1.61416149139,
        "max": 141.329315186,
        "mean": 34.2086601257,
        "median": 30.3010597229,
        "min": -1.93074500561,
        "skew": 1.12891757488,
        "var": 440.656738281
    },
    "barkbands_skewness": {
        "kurt": 0.240077495575,
        "max": 10.5920295715,
        "mean": 4.6760134697,
        "median": 4.52305841446,
        "min": -0.0763953402638,
        "skew": 0.494044363499,
        "var": 2.24186754227
    },
    "barkbands_spread": {
        "kurt": 33.1122131348,
        "max": 50.9968490601,
        "mean": 5.17101669312,
        "median": 3.94708704948,
        "min": 1.02049708366,
        "skew": 4.35097885132,
        "var": 17.8718318939
    },
    "dissonance": {
        "kurt": 0.770014047623,
        "max": 0.498972505331,
        "mean": 0.457239598036,
        "median": 0.4608502388,
        "min": 0.341003358364,
        "skew": -0.856908977032,
        "var": 0.00056566024432
    },
    "hfc": {
        "kurt": 14.2035312653,
        "max": 3.1674349308,
        "mean": 0.187616974115,
        "median": 0.0358020402491,
        "min": 2.10975816598e-16,
        "skew": 3.45756793022,
        "var": 0.143665492535
    },
    "pitch": {
        "kurt": 12.2795963287,
        "max": 4222.69482422,
        "mean": 349.350463867,
        "median": 125.948036194,
        "min": 43.0998802185,
        "skew": 3.74704098701,
        "var": 745103.6875
    },
    "pitch_instantaneous_confidence": {
        "kurt": -0.394557476044,
        "max": 0.884524583817,
        "mean": 0.400699406862,
        "median": 0.404028773308,
        "min": 0.140513122082,
        "skew": 0.16365018487,
        "var": 0.0149191888049
    },
    "pitch_salience": {
        "kurt": -0.747764110565,
        "max": 0.811354696751,
        "mean": 0.457453846931,
        "median": 0.462202847004,
        "min": 0.118348143995,
        "skew": -0.0792490839958,
        "var": 0.0207628235221
    },
    "silence_rate_20dB": {
        "kurt": 0,
        "max": 1,
        "mean": 1,
        "median": 1,
        "min": 1,
        "skew": 0,
        "var": 0
    },
    "silence_rate_30dB": {
        "kurt": 0,
        "max": 1,
        "mean": 1,
        "median": 1,
        "min": 1,
        "skew": 0,
        "var": 0
    },
    "silence_rate_60dB": {
        "kurt": 4.95751333237,
        "max": 1,
        "mean": 0.898412704468,
        "median": 1,
        "min": 0,
        "skew": -2.63783502579,
        "var": 0.0912635177374
    },
    "spectral_centroid": {
        "kurt": 47.0740127563,
        "max": 1464.76379395,
        "mean": 206.067169189,
        "median": 180.676391602,
        "min": 105.822364807,
        "skew": 5.10833787918,
        "var": 8752.203125
    },
    "spectral_complexity": {
        "kurt": 0.924081325531,
        "max": 7,
        "mean": 1.24698412418,
        "median": 1,
        "min": 0,
        "skew": 1.13197112083,
        "var": 1.70978939533
    },
    "spectral_crest": {
        "kurt": -0.706193208694,
        "max": 23.5360374451,
        "mean": 13.4777641296,
        "median": 13.0771656036,
        "min": 4.67978000641,
        "skew": 0.284534692764,
        "var": 15.0784139633
    },
    "spectral_decrease": {
        "kurt": 18.1655216217,
        "max": -6.70215855297e-26,
        "mean": -2.9977256788e-10,
        "median": -5.48225874419e-11,
        "min": -5.96223692639e-09,
        "skew": -3.85643458366,
        "var": 4.20639487758e-19
    },
    "spectral_energy": {
        "kurt": 18.1166248322,
        "max": 0.0227901432663,
        "mean": 0.0011484286515,
        "median": 0.000211132661207,
        "min": 2.72091368977e-19,
        "skew": 3.85118198395,
        "var": 6.15674389337e-06
    },
    "spectral_energyband_high": {
        "kurt": 25.8185863495,
        "max": 3.62448263331e-05,
        "mean": 1.60931836035e-06,
        "median": 4.09740465557e-07,
        "min": 1.07380346205e-20,
        "skew": 4.54240751266,
        "var": 1.32219990165e-11
    },
    "spectral_energyband_low": {
        "kurt": 19.562505722,
        "max": 0.0211315527558,
        "mean": 0.000992573797703,
        "median": 0.000166109879501,
        "min": 1.55012496494e-19,
        "skew": 4.01191616058,
        "var": 5.20420826433e-06
    },
    "spectral_energyband_middle_high": {
        "kurt": 115.669692993,
        "max": 0.000607695023064,
        "mean": 1.34055544549e-05,
        "median": 2.54784617937e-06,
        "min": 1.53832894936e-20,
        "skew": 8.61953544617,
        "var": 1.27368449121e-09
    },
    "spectral_energyband_middle_low": {
        "kurt": 18.7900600433,
        "max": 0.00350994104519,
        "mean": 0.00019361890736,
        "median": 5.12838050781e-05,
        "min": 1.06641074536e-19,
        "skew": 3.46524500847,
        "var": 1.06282811885e-07
    },
    "spectral_flatness_db": {
        "kurt": -0.204123258591,
        "max": 0.397118419409,
        "mean": 0.289857596159,
        "median": 0.294863432646,
        "min": 0.0825580433011,
        "skew": -0.434984624386,
        "var": 0.00233384594321
    },
    "spectral_flux": {
        "kurt": 3.55122900009,
        "max": 0.074957691133,
        "mean": 0.0119192581624,
        "median": 0.00827352143824,
        "min": 3.53591030944e-06,
        "skew": 1.75882613659,
        "var": 0.000143619443406
    },
    "spectral_kurtosis": {
        "kurt": 1.02851581573,
        "max": 34.2244606018,
        "mean": 11.1901130676,
        "median": 10.5160331726,
        "min": -0.555800676346,
        "skew": 0.880064666271,
        "var": 21.1574401855
    },
    "spectral_rms": {
        "kurt": 3.79426431656,
        "max": 0.0047153243795,
        "mean": 0.000722494267393,
        "median": 0.000453853601357,
        "min": 1.62927900338e-11,
        "skew": 1.89532661438,
        "var": 5.98418921527e-07
    },
    "spectral_rolloff": {
        "kurt": 125.188583374,
        "max": 3251.51367188,
        "mean": 237.972518921,
        "median": 215.33203125,
        "min": 107.666015625,
        "skew": 9.93518447876,
        "var": 37391.1523438
    },
    "spectral_skewness": {
        "kurt": 0.259805440903,
        "max": 4.50404882431,
        "mean": 2.62580013275,
        "median": 2.60653614998,
        "min": 0.927463471889,
        "skew": 0.342865228653,
        "var": 0.24211011827
    },
    "spectral_spread": {
        "kurt": 984.567077637,
        "max": 46843988,
        "mean": 3212118.25,
        "median": 3111567.25,
        "min": 1590649.875,
        "skew": 28.0607242584,
        "var": 1.52669283942e+12
    },
    "spectral_strongpeak": {
        "kurt": 23.1482124329,
        "max": 1.37972819805,
        "mean": 0.0737611204386,
        "median": 0.0347746647894,
        "min": 0,
        "skew": 3.81740522385,
        "var": 0.0116919865832
    },
    "zerocrossingrate": {
        "kurt": 508.78918457,
        "max": 0.4375,
        "mean": 0.0178521834314,
        "median": 0.01611328125,
        "min": 0.00439453125,
        "skew": 18.3718318939,
        "var": 0.000200092341402
    },
    "barkbands": {
        "kurt": [8.17164421082, 5.28350830078, 23.2969245911, 73.8201904297, 7.47862625122, 10.6181974411, 175.343933105, 28.2520313263, 58.3025283813, 21.3064002991, 36.5703048706, 44.1634864807, 58.8588485718, 58.9556846619, 41.4985771179, 33.4879417419, 414.600189209, 280.986907959, 16.2809143066, 27.3287086487, 57.0614967346, 41.4723396301, 38.8408126831, 67.8905944824, 162.383407593, 60.8915214539, 148.551239014],
        "max": [4.08952973885e-06, 0.0018639654154, 0.0183463320136, 0.00253666867502, 0.000894877826795, 0.000404775695642, 0.000466166209662, 2.87362254312e-05, 2.34767157963e-05, 8.37966217659e-06, 7.04873855284e-06, 2.27340315178e-05, 3.53506584361e-05, 5.73636971239e-05, 4.14349378843e-05, 1.14510576168e-05, 0.000512183469255, 0.000152341730427, 6.59855941194e-05, 2.53056114161e-05, 2.64335885731e-05, 6.80827770339e-06, 8.79409014942e-07, 5.25502684923e-07, 4.48443273626e-07, 5.42203748566e-09, 2.12581530157e-09],
        "mean": [3.75072858105e-07, 0.000201693634153, 0.00073782983236, 7.19500894775e-05, 8.51770455483e-05, 2.66404749709e-05, 7.91318416304e-06, 1.14752594982e-06, 6.86626378865e-07, 4.39586472112e-07, 3.15468412282e-07, 6.71584245993e-07, 8.28325767088e-07, 1.45636442994e-06, 1.2107971088e-06, 5.60516184578e-07, 2.4259957172e-06, 1.62089554578e-06, 3.21088441524e-06, 1.24200482787e-06, 7.55257303808e-07, 2.28444406503e-07, 3.29714957559e-08, 1.03567794341e-08, 5.27924903793e-09, 1.27487936874e-10, 2.75667474958e-11],
        "median": [1.50532358134e-07, 5.15649517183e-05, 7.5319003372e-05, 1.48326371345e-05, 2.31937592616e-05, 4.34976846009e-06, 9.87815042208e-07, 2.47225528938e-07, 1.90271990164e-07, 1.59829596669e-07, 1.34490676373e-07, 2.08002163049e-07, 1.7065042357e-07, 1.02081827436e-07, 1.66886238162e-07, 1.44314526551e-07, 1.6604556663e-07, 1.67374309967e-07, 3.13533348617e-07, 4.49383435353e-07, 1.23376153738e-07, 4.23907842162e-08, 6.55933929394e-09, 1.12384612727e-09, 3.5867150916e-10, 2.08802714702e-11, 2.97218109499e-12],
        "min": [1.83205593811e-20, 6.14272853182e-20, 5.86897116939e-20, 4.50521271064e-20, 3.16122968465e-20, 1.38208470984e-20, 6.11443669305e-21, 4.7702875847e-21, 4.58050537187e-21, 2.96690460236e-21, 2.16619942396e-21, 1.98389778346e-21, 1.54068982703e-21, 1.37107872444e-21, 1.27478740886e-21, 1.07505439098e-21, 9.08008941733e-22, 9.42436093814e-22, 9.958895107e-22, 1.02648428815e-21, 9.19518081552e-22, 8.36733528789e-22, 1.14054696124e-21, 1.01745810381e-21, 1.60196258467e-21, 2.05899188903e-21, 2.84090233646e-21],
        "skew": [2.60253548622, 2.3527636528, 4.39502716064, 7.07970142365, 2.57150053978, 3.03404951096, 10.4971036911, 4.62424516678, 6.29340696335, 4.01590633392, 5.34334373474, 5.93561506271, 6.57450675964, 6.76323080063, 5.92508077621, 4.96521854401, 19.3399486542, 14.3986606598, 3.84268784523, 4.52463102341, 6.62672662735, 5.84442663193, 5.7598528862, 7.18970966339, 10.8643760681, 6.7714972496, 10.200173378],
        "var": [3.32453628429e-13, 1.13504569299e-07, 3.66061567547e-06, 2.83245817911e-08, 1.89759887803e-08, 2.65582000836e-09, 5.33759314525e-10, 7.22387948071e-12, 2.59955143349e-12, 6.45820907603e-13, 4.12547871299e-13, 3.1806235163e-12, 5.8835748773e-12, 2.14741922161e-11, 1.47635948605e-11, 1.32970294931e-12, 4.44784264975e-10, 4.16466479358e-11, 6.80250092366e-11, 5.73006182433e-12, 4.73297919953e-12, 3.6365330777e-13, 7.8710418039e-15, 1.13681043593e-15, 4.97524865663e-16, 1.51394343872e-19, 1.04768499187e-20],
        "cov": [[3.32664858117e-13, 9.62024140905e-11, 3.59064361577e-10, 2.65685893425e-11, 2.96181065784e-11, 8.80460721692e-12, 4.25762983897e-12, 5.58837047818e-13, 3.40139320789e-13, 1.93263875498e-13, 1.42330144524e-13, 3.59235346548e-13, 4.39229869923e-13, 9.6719962768e-13, 7.33887560098e-13, 2.95133031512e-13, 9.85875877463e-13, 9.71424221445e-13, 2.59721150836e-12, 7.60316289095e-13, 5.33032981902e-13, 1.33374919182e-13, 1.60354737979e-14, 6.06119116418e-15, 3.05147219138e-15, 7.44758549608e-17, 1.63555064167e-17], [9.62024140905e-11, 1.13576682281e-07, 4.83801215978e-07, 2.90090529376e-08, 3.36134782231e-08, 9.5647294529e-09, 3.83583964592e-09, 6.30231311582e-10, 3.46513401306e-10, 1.8121593115e-10, 1.41032976964e-10, 3.81967624197e-10, 4.89015328231e-10, 8.50027437327e-10, 8.0707995842e-10, 2.73210731816e-10, 6.37432939765e-10, 6.56338539073e-10, 1.62417990168e-09, 4.55264825838e-10, 3.66114055739e-10, 1.10876419157e-10, 1.50730747328e-11, 5.347874487e-12, 2.81549761803e-12, 6.46823428694e-14, 1.18746150269e-14], [3.59064361577e-10, 4.83801215978e-07, 3.6629414808e-06, 2.66166125584e-07, 1.74803190589e-07, 5.13646689626e-08, 2.32123387178e-08, 3.3254701215e-09, 2.003666566e-09, 1.00541408532e-09, 8.02298283364e-10, 2.49312859246e-09, 3.50323259291e-09, 3.22796878116e-09, 6.02904481894e-09, 1.43246936535e-09, 2.78256462316e-09, 4.00295085967e-09, 9.01803876019e-09, 3.11840886447e-09, 3.30537153204e-09, 9.7472852012e-10, 1.26587587634e-10, 4.26731844305e-11, 2.30881945507e-11, 5.12364619048e-13, 8.5488480715e-14], [2.65685893425e-11, 2.90090529376e-08, 2.66166125584e-07, 2.83425780623e-08, 1.35453204209e-08, 4.51557058412e-09, 1.58278012918e-09, 2.05300068612e-10, 1.40699354945e-10, 7.59140666995e-11, 5.38344646639e-11, 1.8671010571e-10, 2.72286110325e-10, 1.95913618661e-10, 4.65993410526e-10, 9.33429444849e-11, 2.7042773576e-10, 3.06345504519e-10, 5.58526502825e-10, 2.32550201318e-10, 2.67434574486e-10, 7.92972632002e-11, 1.07874629368e-11, 3.68768644093e-12, 1.94892691395e-12, 3.87464718513e-14, 6.38943972465e-15], [2.96181065784e-11, 3.36134782231e-08, 1.74803190589e-07, 1.35453204209e-08, 1.89880449142e-08, 5.23607290859e-09, 1.59859614435e-09, 2.20547233254e-10, 1.05103120651e-10, 6.15801507009e-11, 5.07477601608e-11, 1.26760893449e-10, 1.80665413185e-10, 2.30115843047e-10, 2.785851827e-10, 9.87338474867e-11, 2.85441476011e-10, 2.54347820583e-10, 5.49006562434e-10, 1.62329635844e-10, 1.40411474114e-10, 4.16474424392e-11, 6.08102240438e-12, 1.95026134998e-12, 1.09446035134e-12, 2.34918353758e-14, 4.55404130069e-15], [8.80460721692e-12, 9.5647294529e-09, 5.13646689626e-08, 4.51557058412e-09, 5.23607290859e-09, 2.65750732531e-09, 5.86804493885e-10, 5.38998116972e-11, 2.67194964071e-11, 1.38462175753e-11, 1.20134856924e-11, 3.17424767027e-11, 4.30267765861e-11, 4.48536277564e-11, 6.82214909564e-11, 2.78813205162e-11, 1.64317226492e-10, 9.45918343653e-11, 2.18804363517e-10, 6.09808314955e-11, 4.91296482663e-11, 1.48489640722e-11, 2.31898181213e-12, 6.59487059147e-13, 3.99866175328e-13, 8.23414026443e-15, 1.37133967122e-15], [4.25762983897e-12, 3.83583964592e-09, 2.32123387178e-08, 1.58278012918e-09, 1.59859614435e-09, 5.86804493885e-10, 5.34098432148e-10, 2.90404159053e-11, 1.46324220102e-11, 7.32563922717e-12, 6.35491529191e-12, 1.8645578137e-11, 2.41943565876e-11, 2.81130379393e-11, 3.70663777449e-11, 1.27893156135e-11, 2.65310440284e-10, 9.91052101496e-11, 1.03451129607e-10, 2.93001733986e-11, 2.50386707895e-11, 6.37543880536e-12, 1.22694909788e-12, 5.23674094539e-13, 4.05529234325e-13, 6.52376305646e-15, 5.40152645766e-16], [5.58837047818e-13, 6.30231311582e-10, 3.3254701215e-09, 2.05300068612e-10, 2.20547233254e-10, 5.38998116972e-11, 2.90404159053e-11, 7.22846869167e-12, 2.41408412358e-12, 1.27761288961e-12, 9.82601370061e-13, 2.78412275873e-12, 3.94866778164e-12, 6.03095568277e-12, 5.80928144131e-12, 1.9840377171e-12, 3.40540659907e-12, 4.53992963015e-12, 9.2374632249e-12, 2.93720538343e-12, 2.74204573977e-12, 8.31905074342e-13, 1.09204596863e-13, 4.05845773925e-14, 2.40656883392e-14, 5.03360922669e-16, 8.09261498205e-17], [3.40139320789e-13, 3.46513401306e-10, 2.003666566e-09, 1.40699354945e-10, 1.05103120651e-10, 2.67194964071e-11, 1.46324220102e-11, 2.41408412358e-12, 2.60120289024e-12, 7.67460205629e-13, 5.46287624512e-13, 1.96309093113e-12, 2.78518679474e-12, 2.86933909792e-12, 3.83347173449e-12, 1.02706981375e-12, 1.80274653712e-12, 2.69422917136e-12, 6.12551329104e-12, 1.87213287407e-12, 1.64660559493e-12, 4.82289284464e-13, 6.69743259333e-14, 2.60119278005e-14, 1.4693324682e-14, 2.81008580087e-16, 4.14978613129e-17], [1.93263875498e-13, 1.8121593115e-10, 1.00541408532e-09, 7.59140666995e-11, 6.15801507009e-11, 1.38462175753e-11, 7.32563922717e-12, 1.27761288961e-12, 7.67460205629e-13, 6.46231223915e-13, 3.45137628329e-13, 9.77246061851e-13, 1.26720107931e-12, 1.86735284353e-12, 2.12212257315e-12, 5.24785347556e-13, 1.05963089865e-12, 1.41205938001e-12, 2.71155992625e-12, 8.74187820656e-13, 8.50275362271e-13, 2.56880698353e-13, 3.71021437314e-14, 1.36188168016e-14, 7.20167994656e-15, 1.5261559064e-16, 2.81888859077e-17], [1.42330144524e-13, 1.41032976964e-10, 8.02298283364e-10, 5.38344646639e-11, 5.07477601608e-11, 1.20134856924e-11, 6.35491529191e-12, 9.82601370061e-13, 5.46287624512e-13, 3.45137628329e-13, 4.12809977174e-13, 7.63475762645e-13, 9.53181977792e-13, 1.12935550668e-12, 1.50294110924e-12, 4.67890103831e-13, 6.77131311091e-13, 1.05214112162e-12, 2.34152194162e-12, 7.99958298388e-13, 7.26968940774e-13, 1.99526362771e-13, 2.53622077902e-14, 9.56882363195e-15, 5.12377260168e-15, 1.16959540202e-16, 1.85926527793e-17], [3.59235346548e-13, 3.81967624197e-10, 2.49312859246e-09, 1.8671010571e-10, 1.26760893449e-10, 3.17424767027e-11, 1.8645578137e-11, 2.78412275873e-12, 1.96309093113e-12, 9.77246061851e-13, 7.63475762645e-13, 3.18264425231e-12, 3.64979921286e-12, 3.17608699757e-12, 5.26213534552e-12, 1.40414481258e-12, 2.64904179322e-12, 3.69584831489e-12, 6.92118584666e-12, 2.24808041106e-12, 2.1424396545e-12, 6.89516369348e-13, 9.89959660471e-14, 3.81012021521e-14, 2.11232297116e-14, 4.33708503444e-16, 5.54587807723e-17], [4.39229869923e-13, 4.89015328231e-10, 3.50323259291e-09, 2.72286110325e-10, 1.80665413185e-10, 4.30267765861e-11, 2.41943565876e-11, 3.94866778164e-12, 2.78518679474e-12, 1.26720107931e-12, 9.53181977792e-13, 3.64979921286e-12, 5.88731277271e-12, 3.98410644753e-12, 7.55320892637e-12, 1.92479235675e-12, 3.21353989426e-12, 4.86264544255e-12, 8.75462376204e-12, 3.18907183647e-12, 3.15451809639e-12, 1.00283984675e-12, 1.42162459105e-13, 5.37925213813e-14, 2.93517177252e-14, 5.98389178445e-16, 9.21506995653e-17], [9.6719962768e-13, 8.50027437327e-10, 3.22796878116e-09, 1.95913618661e-10, 2.30115843047e-10, 4.48536277564e-11, 2.81130379393e-11, 6.03095568277e-12, 2.86933909792e-12, 1.86735284353e-12, 1.12935550668e-12, 3.17608699757e-12, 3.98410644753e-12, 2.14878340815e-11, 6.69508502457e-12, 2.51615677078e-12, 7.44600908709e-12, 5.20453081673e-12, 1.14151726266e-11, 3.32124215283e-12, 2.72045211878e-12, 7.46685699382e-13, 8.45835988056e-14, 3.47077645487e-14, 1.93440471703e-14, 4.57269624844e-16, 8.78741294763e-17], [7.33887560098e-13, 8.0707995842e-10, 6.02904481894e-09, 4.65993410526e-10, 2.785851827e-10, 6.82214909564e-11, 3.70663777449e-11, 5.80928144131e-12, 3.83347173449e-12, 2.12212257315e-12, 1.50294110924e-12, 5.26213534552e-12, 7.55320892637e-12, 6.69508502457e-12, 1.47729745104e-11, 2.82183000924e-12, 4.64667540556e-12, 7.17967092029e-12, 1.53373598544e-11, 5.14354010772e-12, 5.39377396913e-12, 1.74673773709e-12, 2.46851828258e-13, 8.81277608398e-14, 4.50278106901e-14, 9.71884544888e-16, 1.81989343292e-16], [2.95133031512e-13, 2.73210731816e-10, 1.43246936535e-09, 9.33429444849e-11, 9.87338474867e-11, 2.78813205162e-11, 1.27893156135e-11, 1.9840377171e-12, 1.02706981375e-12, 5.24785347556e-13, 4.67890103831e-13, 1.40414481258e-12, 1.92479235675e-12, 2.51615677078e-12, 2.82183000924e-12, 1.33054765122e-12, 3.47926505315e-12, 2.83308749724e-12, 5.77334100665e-12, 1.46804280971e-12, 1.1903585756e-12, 3.65022004593e-13, 4.89513926627e-14, 1.90263217236e-14, 1.17456474844e-14, 2.26342503039e-16, 2.81642524691e-17], [9.85875877463e-13, 6.37432939765e-10, 2.78256462316e-09, 2.7042773576e-10, 2.85441476011e-10, 1.64317226492e-10, 2.65310440284e-10, 3.40540659907e-12, 1.80274653712e-12, 1.05963089865e-12, 6.77131311091e-13, 2.64904179322e-12, 3.21353989426e-12, 7.44600908709e-12, 4.64667540556e-12, 3.47926505315e-12, 4.4506684449e-10, 9.42521824476e-11, 3.72136418902e-11, 9.55970805988e-12, 3.62164746977e-12, 1.36798526066e-12, 6.58454139737e-13, 3.3820111967e-13, 2.8280532755e-13, 3.72933317731e-15, 6.31460216677e-17], [9.71424221445e-13, 6.56338539073e-10, 4.00295085967e-09, 3.06345504519e-10, 2.54347820583e-10, 9.45918343653e-11, 9.91052101496e-11, 4.53992963015e-12, 2.69422917136e-12, 1.41205938001e-12, 1.05214112162e-12, 3.69584831489e-12, 4.86264544255e-12, 5.20453081673e-12, 7.17967092029e-12, 2.83308749724e-12, 9.42521824476e-11, 4.16731059383e-11, 2.23819782152e-11, 6.93911291275e-12, 4.64477544967e-12, 1.40887692138e-12, 3.09754067014e-13, 1.60094648042e-13, 1.13503587226e-13, 1.60642678359e-15, 1.04557852888e-16], [2.59721150836e-12, 1.62417990168e-09, 9.01803876019e-09, 5.58526502825e-10, 5.49006562434e-10, 2.18804363517e-10, 1.03451129607e-10, 9.2374632249e-12, 6.12551329104e-12, 2.71155992625e-12, 2.34152194162e-12, 6.92118584666e-12, 8.75462376204e-12, 1.14151726266e-11, 1.53373598544e-11, 5.77334100665e-12, 3.72136418902e-11, 2.23819782152e-11, 6.80682246679e-11, 1.50908435054e-11, 1.04989966374e-11, 2.71048353033e-12, 3.64950799615e-13, 1.36430011169e-13, 8.13614312641e-14, 1.57827236133e-15, 2.10192562585e-16], [7.60316289095e-13, 4.55264825838e-10, 3.11840886447e-09, 2.32550201318e-10, 1.62329635844e-10, 6.09808314955e-11, 2.93001733986e-11, 2.93720538343e-12, 1.87213287407e-12, 8.74187820656e-13, 7.99958298388e-13, 2.24808041106e-12, 3.18907183647e-12, 3.32124215283e-12, 5.14354010772e-12, 1.46804280971e-12, 9.55970805988e-12, 6.93911291275e-12, 1.50908435054e-11, 5.73370257523e-12, 4.03500149959e-12, 1.09165974871e-12, 1.37609392739e-13, 4.73680170337e-14, 2.74704423027e-14, 5.96467578325e-16, 9.87897835105e-17], [5.33032981902e-13, 3.66114055739e-10, 3.30537153204e-09, 2.67434574486e-10, 1.40411474114e-10, 4.91296482663e-11, 2.50386707895e-11, 2.74204573977e-12, 1.64660559493e-12, 8.50275362271e-13, 7.26968940774e-13, 2.1424396545e-12, 3.15451809639e-12, 2.72045211878e-12, 5.39377396913e-12, 1.1903585756e-12, 3.62164746977e-12, 4.64477544967e-12, 1.04989966374e-11, 4.03500149959e-12, 4.73598634268e-12, 1.10320650185e-12, 1.37056774892e-13, 4.40659234633e-14, 2.51775054798e-14, 5.72243653643e-16, 1.1680715368e-16], [1.33374919182e-13, 1.10876419157e-10, 9.7472852012e-10, 7.92972632002e-11, 4.16474424392e-11, 1.48489640722e-11, 6.37543880536e-12, 8.31905074342e-13, 4.82289284464e-13, 2.56880698353e-13, 1.99526362771e-13, 6.89516369348e-13, 1.00283984675e-12, 7.46685699382e-13, 1.74673773709e-12, 3.65022004593e-13, 1.36798526066e-12, 1.40887692138e-12, 2.71048353033e-12, 1.09165974871e-12, 1.10320650185e-12, 3.63884351253e-13, 4.54691927827e-14, 1.46999196805e-14, 7.65424287402e-15, 1.8570297396e-16, 3.60684032821e-17], [1.60354737979e-14, 1.50730747328e-11, 1.26587587634e-10, 1.07874629368e-11, 6.08102240438e-12, 2.31898181213e-12, 1.22694909788e-12, 1.09204596863e-13, 6.69743259333e-14, 3.71021437314e-14, 2.53622077902e-14, 9.89959660471e-14, 1.42162459105e-13, 8.45835988056e-14, 2.46851828258e-13, 4.89513926627e-14, 6.58454139737e-13, 3.09754067014e-13, 3.64950799615e-13, 1.37609392739e-13, 1.37056774892e-13, 4.54691927827e-14, 7.87604268642e-15, 2.62996128002e-15, 1.54118375319e-15, 3.08955962343e-17, 4.98627864687e-18], [6.06119116418e-15, 5.347874487e-12, 4.26731844305e-11, 3.68768644093e-12, 1.95026134998e-12, 6.59487059147e-13, 5.23674094539e-13, 4.05845773925e-14, 2.60119278005e-14, 1.36188168016e-14, 9.56882363195e-15, 3.81012021521e-14, 5.37925213813e-14, 3.47077645487e-14, 8.81277608398e-14, 1.90263217236e-14, 3.3820111967e-13, 1.60094648042e-13, 1.36430011169e-13, 4.73680170337e-14, 4.40659234633e-14, 1.46999196805e-14, 2.62996128002e-15, 1.13753274327e-15, 6.71076463781e-16, 1.15021846456e-17, 1.36776134083e-18], [3.05147219138e-15, 2.81549761803e-12, 2.30881945507e-11, 1.94892691395e-12, 1.09446035134e-12, 3.99866175328e-13, 4.05529234325e-13, 2.40656883392e-14, 1.4693324682e-14, 7.20167994656e-15, 5.12377260168e-15, 2.11232297116e-14, 2.93517177252e-14, 1.93440471703e-14, 4.50278106901e-14, 1.17456474844e-14, 2.8280532755e-13, 1.13503587226e-13, 8.13614312641e-14, 2.74704423027e-14, 2.51775054798e-14, 7.65424287402e-15, 1.54118375319e-15, 6.71076463781e-16, 4.97840967771e-16, 7.51418064914e-18, 6.25893861909e-19], [7.44758549608e-17, 6.46823428694e-14, 5.12364619048e-13, 3.87464718513e-14, 2.34918353758e-14, 8.23414026443e-15, 6.52376305646e-15, 5.03360922669e-16, 2.81008580087e-16, 1.5261559064e-16, 1.16959540202e-16, 4.33708503444e-16, 5.98389178445e-16, 4.57269624844e-16, 9.71884544888e-16, 2.26342503039e-16, 3.72933317731e-15, 1.60642678359e-15, 1.57827236133e-15, 5.96467578325e-16, 5.72243653643e-16, 1.8570297396e-16, 3.08955962343e-17, 1.15021846456e-17, 7.51418064914e-18, 1.51490529467e-19, 2.37927291026e-20], [1.63555064167e-17, 1.18746150269e-14, 8.5488480715e-14, 6.38943972465e-15, 4.55404130069e-15, 1.37133967122e-15, 5.40152645766e-16, 8.09261498205e-17, 4.14978613129e-17, 2.81888859077e-17, 1.85926527793e-17, 5.54587807723e-17, 9.21506995653e-17, 8.78741294763e-17, 1.81989343292e-16, 2.81642524691e-17, 6.31460216677e-17, 1.04557852888e-16, 2.10192562585e-16, 9.87897835105e-17, 1.1680715368e-16, 3.60684032821e-17, 4.98627864687e-18, 1.36776134083e-18, 6.25893861909e-19, 2.37927291026e-20, 1.04835061377e-20]]
    },
    "mfcc": {
        "kurt": [-0.489276885986, 2.08293914795, -0.771770954132, -0.436274766922, -0.193378210068, 1.98234987259, -0.423090934753, -0.100408554077, 0.250576496124, 0.817047119141, -0.0244126319885, 0.296874761581, -0.0635077953339],
        "max": [-784.804870605, 185.800720215, 79.982421875, 128.093322754, 58.8433570862, 42.9428291321, 38.794670105, 20.1220054626, 13.6472206116, 21.2567386627, 27.2389335632, 23.2316303253, 19.2452850342],
        "mean": [-972.036804199, 121.75214386, 34.8424987793, 57.6697883606, 25.0188465118, 10.8757543564, 13.4010467529, -4.93456697464, -5.50930309296, -2.33957600594, -3.8157286644, -2.93336391449, 0.23255854845],
        "median": [-974.138061523, 128.561248779, 37.7185401917, 56.4420623779, 25.4646987915, 10.3680496216, 13.5448646545, -4.72441482544, -5.30116271973, -2.0570526123, -4.46378707886, -2.77370452881, 0.40438079834],
        "min": [-1138.42004395, 1.14440917969e-05, -19.066028595, 8.01086425781e-05, -6.07843017578, -30.9855613708, -10.3322753906, -30.9920349121, -34.4636154175, -35.9134292603, -24.3022975922, -21.7707901001, -21.0588340759],
        "skew": [0.0453099831939, -1.39083874226, -0.303425103426, 0.0752480402589, -0.100817009807, 0.2383672297, 0.0369328185916, -0.0649107843637, -0.378074079752, -0.355587363243, 0.309542030096, 0.115465655923, -0.205628305674],
        "var": [6212.44970703, 1234.71740723, 401.112792969, 577.515136719, 114.47883606, 59.0755500793, 74.5842056274, 53.4645576477, 49.8752937317, 60.0182952881, 65.1245117188, 39.2370300293, 42.928024292],
        "cov": [[6216.39648438, 2441.40136719, -928.974060059, 1668.50524902, 380.358032227, 180.867034912, 203.81072998, -236.998214722, -76.6119537354, -113.588531494, 279.539306641, -9.66886043549, -139.721008301], [2441.40136719, 1235.50183105, -154.398468018, 649.275756836, 199.962234497, 82.9107589722, 133.60168457, -86.7859954834, -34.2644882202, -22.1483573914, 58.5162620544, -8.15727710724, -29.0569629669], [-928.974060059, -154.398468018, 401.367614746, -186.284729004, -39.0891227722, -16.2952194214, -2.26696825027, 33.8731079102, -9.90264987946, 16.5689601898, -81.1781692505, -1.75096452236, 55.9450836182], [1668.50524902, 649.275756836, -186.284729004, 577.882080078, 139.296356201, 33.9416313171, 50.9731178284, -76.4505310059, -47.2913589478, -59.4530715942, 68.2282028198, -5.85708189011, -27.3648662567], [380.358032227, 199.962234497, -39.0891227722, 139.296356201, 114.551567078, 31.261423111, 27.2780685425, -10.8429002762, -15.4540319443, -13.1053438187, 1.36393880844, -1.08442556858, -6.33982753754], [180.867034912, 82.9107589722, -16.2952194214, 33.9416313171, 31.261423111, 59.1130828857, 27.9140472412, -4.45588541031, 1.31739604473, 4.1268248558, 4.47903156281, -2.68888020515, -0.886264204979], [203.81072998, 133.60168457, -2.26696825027, 50.9731178284, 27.2780685425, 27.9140472412, 74.6315917969, 18.6127281189, -0.1954292804, 13.0637617111, -16.5341567993, -9.00463485718, 7.09057092667], [-236.998214722, -86.7859954834, 33.8731079102, -76.4505310059, -10.8429002762, -4.45588541031, 18.6127281189, 53.4985275269, 23.9254779816, 10.5071382523, -15.5418720245, -2.76570940018, 4.45704841614], [-76.6119537354, -34.2644882202, -9.90264987946, -47.2913589478, -15.4540319443, 1.31739604473, -0.1954292804, 23.9254779816, 49.9069786072, 33.1641426086, 6.54321432114, 2.1088821888, -5.2903585434], [-113.588531494, -22.1483573914, 16.5689601898, -59.4530715942, -13.1053438187, 4.1268248558, 13.0637617111, 10.5071382523, 33.1641426086, 60.0564231873, 6.83341407776, 0.53010904789, 9.13278007507], [279.539306641, 58.5162620544, -81.1781692505, 68.2282028198, 1.36393880844, 4.47903156281, -16.5341567993, -15.5418720245, 6.54321432114, 6.83341407776, 65.1658859253, 22.5936355591, -17.4514026642], [-9.66886043549, -8.15727710724, -1.75096452236, -5.85708189011, -1.08442556858, -2.68888020515, -9.00463485718, -2.76570940018, 2.1088821888, 0.53010904789, 22.5936355591, 39.2619552612, 12.2503671646], [-139.721008301, -29.0569629669, 55.9450836182, -27.3648662567, -6.33982753754, -0.886264204979, 7.09057092667, 4.45704841614, -5.2903585434, 9.13278007507, -17.4514026642, 12.2503671646, 42.9552993774]]
    },
    "sccoeffs": {
        "kurt": [0.0642600059509, 0.548804044724, 0.675230503082, 0.791883468628, 4.51994562149, 0.542037248611],
        "max": [-0.425920546055, -0.515418946743, -0.759970605373, -0.752970576286, -0.677082717419, -0.732401192188],
        "mean": [-0.697751045227, -0.777929663658, -0.882366299629, -0.869783461094, -0.864563286304, -0.799561738968],
        "median": [-0.702024698257, -0.789200007915, -0.885081171989, -0.873516201973, -0.869457662106, -0.794424295425],
        "min": [-0.9638479352, -0.974291503429, -0.981822788715, -0.977861940861, -0.965621232986, -0.95816719532],
        "skew": [0.374539405107, 0.813599526882, 0.49384188652, 0.669216811657, 1.32505834103, -0.673815727234],
        "var": [0.00721398368478, 0.0055592674762, 0.000636957585812, 0.000755320186727, 0.000654501665849, 0.000825059600174],
        "cov": [[0.00721856672317, 0.00276887905784, 0.000729079009034, 0.00128243747167, 0.00114481942728, 0.00135410483927], [0.00276887905784, 0.0055627990514, 0.000230561941862, 0.000754502543714, 0.000908340909518, 0.000895210425369], [0.000729079009034, 0.000230561941862, 0.00063736224547, 0.000246583600529, 0.000170002502273, 0.000264923000941], [0.00128243747167, 0.000754502543714, 0.000246583600529, 0.000755800050683, 0.000334877840942, 0.000392322835978], [0.00114481942728, 0.000908340909518, 0.000170002502273, 0.000334877840942, 0.000654917501379, 0.000281410582829], [0.00135410483927, 0.000895210425369, 0.000264923000941, 0.000392322835978, 0.000281410582829, 0.000825583760161]]
    },
    "scvalleys": {
        "kurt": [13.6827774048, 28.308637619, 34.041179657, 18.4820861816, 16.8300113678, 9.24884033203],
        "max": [-5.33421373367, -6.71494722366, -7.53661060333, -7.50973892212, -8.07830619812, -10.3250703812],
        "mean": [-7.52147674561, -8.92870903015, -9.71184921265, -10.0555830002, -10.2797470093, -13.2113332748],
        "median": [-7.2427239418, -8.88829708099, -9.55390167236, -9.90958023071, -10.0941724777, -13.2390909195],
        "min": [-23.3899936676, -24.3417301178, -24.9386043549, -25.6121273041, -26.4489326477, -27.0366477966],
        "skew": [-2.16134691238, -2.81717610359, -3.39163422585, -2.25934910774, -2.13490080833, -1.23296010494],
        "var": [1.84113276005, 1.1889539957, 1.06426918507, 1.49261426926, 1.65270316601, 1.60153412819],
        "cov": [[1.84230256081, 1.30461370945, 1.25803518295, 1.53991115093, 1.64927923679, 1.59348118305], [1.30461370945, 1.18970930576, 1.02843630314, 1.22632777691, 1.27545905113, 1.22681629658], [1.25803518295, 1.02843630314, 1.06494534016, 1.17834985256, 1.22325599194, 1.15596210957], [1.53991115093, 1.22632777691, 1.17834985256, 1.49356257915, 1.52257180214, 1.44138503075], [1.64927923679, 1.27545905113, 1.22325599194, 1.52257180214, 1.65375316143, 1.58030951023], [1.59348118305, 1.22681629658, 1.15596210957, 1.44138503075, 1.58030951023, 1.60255157948]]
    }
},
"rhythm": {
    "beats_loudness": {
        "kurt": 19.6928367615,
        "max": 0.0129099627957,
        "mean": 0.000874069810379,
        "median": 0.000143737503095,
        "min": 7.91281280499e-08,
        "skew": 4.185090065,
        "var": 3.91013190892e-06
    },
    "bpm": 135.999160767,
    "confidence": 0.185296773911,
    "first_peak_bpm": {
        "kurt": 0,
        "max": 136,
        "mean": 136,
        "median": 136,
        "min": 136,
        "skew": 0,
        "var": 0
    },
    "first_peak_spread": {
        "kurt": 0,
        "max": 0,
        "mean": 0,
        "median": 0,
        "min": 0,
        "skew": 0,
        "var": 0
    },
    "first_peak_weight": {
        "kurt": 0,
        "max": 0.183098584414,
        "mean": 0.183098584414,
        "median": 0.183098584414,
        "min": 0.183098584414,
        "skew": 0,
        "var": 0
    },
    "onset_rate": 1.20446336269,
    "second_peak_bpm": {
        "kurt": 0,
        "max": 117,
        "mean": 117,
        "median": 117,
        "min": 117,
        "skew": 0,
        "var": 0
    },
    "second_peak_spread": {
        "kurt": 0,
        "max": 0.476190447807,
        "mean": 0.476190447807,
        "median": 0.476190447807,
        "min": 0.476190447807,
        "skew": 0,
        "var": 0
    },
    "second_peak_weight": {
        "kurt": 0,
        "max": 0.154929578304,
        "mean": 0.154929578304,
        "median": 0.154929578304,
        "min": 0.154929578304,
        "skew": 0,
        "var": 0
    },
    "beats_loudness_band_ratio": {
        "kurt": [0.551461696625, 0.0793232917786, 5.92943572998, 13.9633102417, 7.54080104828, 3.82662677765],
        "max": [0.963594079018, 0.585365831852, 0.204432681203, 0.0842621326447, 0.0366450995207, 0.0358759984374],
        "mean": [0.790651857853, 0.20341296494, 0.0308711025864, 0.0094982245937, 0.00709463097155, 0.00817456562072],
        "median": [0.807099878788, 0.163986548781, 0.0144162811339, 0.00489661796018, 0.00540785305202, 0.0055166836828],
        "min": [0.39268887043, 0.0300835762173, 0.00263656373136, 0.000522991816979, 0.000909989117645, 0.00172197935171],
        "skew": [-1.04635548592, 0.848028004169, 2.52852201462, 3.43207740784, 2.72084474564, 2.00286126137],
        "var": [0.0171413421631, 0.0169379636645, 0.00184341566637, 0.000177618727321, 5.15375941177e-05, 5.0621390983e-05],
        "cov": [[0.0173827689141, -0.0154136940837, -0.00294668413699, -0.000748583872337, -0.000150030144141, -0.000235128143686], [-0.0154136940837, 0.01717652753, 0.00204717833549, 0.000380199722713, 7.81944436312e-06, 4.88460973429e-05], [-0.00294668413699, 0.00204717833549, 0.00186937919352, 0.000442598335212, 7.56292793085e-05, 0.000128637606394], [-0.000748583872337, 0.000380199722713, 0.000442598335212, 0.000180120390723, 2.56731836998e-05, 4.1566137952e-05], [-0.000150030144141, 7.81944436312e-06, 7.56292793085e-05, 2.56731836998e-05, 5.22634763911e-05, 3.19086429954e-05], [-0.000235128143686, 4.88460973429e-05, 0.000128637606394, 4.1566137952e-05, 3.19086429954e-05, 5.13343693456e-05]]
    },
    "beats_position": [0.557278871536, 1.10294783115, 1.64861679077, 2.19428563118, 2.76317453384, 3.27401351929, 3.78485250473, 4.27247142792, 4.76009082794, 5.24770975113, 5.74693870544, 6.29260778427, 6.84988641739, 7.38394546509, 7.94122457504, 8.498503685, 9.04417228699, 9.58984088898, 10.1239004135, 10.6811790466, 11.2384576797, 11.7725172043, 12.2369155884, 12.7245349884, 13.2121543884, 13.7113828659, 14.1873922348, 14.6517915726, 15.0929698944, 15.5341491699, 15.9753284454, 16.4165077209, 16.8809070587, 17.3220863342, 17.7632656097, 18.2044448853, 18.6688423157, 19.1100215912, 19.5512008667, 20.0156002045, 20.45677948, 20.8979587555, 21.3623580933, 21.8035373688, 22.2447166443, 22.7323360443, 23.2431735992, 23.7772331238, 24.2880725861, 24.8105201721, 25.3097496033, 25.8205890656, 26.3314285278, 26.865486145, 27.3879356384, 27.9103851318, 28.3747844696, 28.8391838074, 29.3151912689, 29.7912006378, 30.2672100067, 30.7664394379, 31.2772789001, 31.7881164551, 32.2989578247, 32.7865753174, 33.2858047485, 33.8082542419, 34.3423118591, 34.8531494141, 35.3639907837, 35.8864402771],
    "bpm_estimates": [135.999435425, 135.999130249, 135.999130249, 135.999130249, 135.999130249, 135.999130249, 135.999130249, 135.999130249, 135.999130249, 135.999130249, 135.999130249, 135.999130249, 135.999130249],
    "bpm_intervals": [0.545668959618, 0.545668959618, 0.545668840408, 0.568888902664, 0.510838985443, 0.510838985443, 0.487618923187, 0.487619400024, 0.487618923187, 0.499228954315, 0.545669078827, 0.557278633118, 0.534059047699, 0.557279109955, 0.557279109955, 0.54566860199, 0.54566860199, 0.534059524536, 0.557278633118, 0.557278633118, 0.534059524536, 0.464398384094, 0.487619400024, 0.487619400024, 0.499228477478, 0.476009368896, 0.464399337769, 0.441178321838, 0.441179275513, 0.441179275513, 0.441179275513, 0.464399337769, 0.441179275513, 0.441179275513, 0.441179275513, 0.46439743042, 0.441179275513, 0.441179275513, 0.464399337769, 0.441179275513, 0.441179275513, 0.464399337769, 0.441179275513, 0.441179275513, 0.487619400024, 0.510837554932, 0.534059524536, 0.51083946228, 0.52244758606, 0.499229431152, 0.51083946228, 0.51083946228, 0.534057617188, 0.522449493408, 0.522449493408, 0.464399337769, 0.464399337769, 0.476007461548, 0.476009368896, 0.476009368896, 0.499229431152, 0.51083946228, 0.510837554932, 0.510841369629, 0.487617492676, 0.499229431152, 0.522449493408, 0.534057617188, 0.510837554932, 0.510841369629, 0.522449493408],
    "onset_times": [0.0116099771112, 0.359909296036, 0.592108845711, 3.30884361267, 3.41333341599, 8.91646289825, 9.82204055786, 10.1819505692, 10.5070295334, 10.623128891, 10.7276191711, 10.8437185287, 10.9714288712, 13.5256233215, 13.9784126282, 14.1525621414, 14.3383216858, 14.4312019348, 14.5240812302, 14.6169614792, 14.7911109924, 14.8956012726, 15.0697507858, 15.1045808792, 15.2322902679, 15.7431287766, 16.0333786011, 16.207529068, 16.3932876587, 16.6603183746, 16.8460769653, 17.1131057739, 17.2872562408, 17.5542850494, 17.7284355164, 17.995464325, 18.5527439117, 18.8081626892, 19.0751934052, 21.4204082489, 27.3066673279, 27.9103851318, 29.2803630829, 32.6820869446],
    "histogram": [[0, 0, 0, 0, 0, 0, 0, 0, 0, 0, 0, 0, 0, 0, 0, 0, 0, 0, 0, 0, 0, 0, 0, 0, 0, 0, 0, 0, 0, 0, 0, 0, 0, 0, 0, 0, 0, 0, 0, 0, 0, 0, 0, 0, 0, 0, 0, 0, 0, 0, 0, 0, 0, 0, 0, 0, 0, 0, 0, 0, 0, 0, 0, 0, 0, 0, 0, 0, 0, 0, 0, 0, 0, 0, 0, 0, 0, 0, 0, 0, 0, 0, 0, 0, 0, 0, 0, 0, 0, 0, 0, 0, 0, 0, 0, 0, 0, 0, 0, 0, 0, 0, 0, 0, 0, 0.0140845067799, 0, 0, 0.0704225376248, 0, 0.0845070406795, 0, 0.0845070406795, 0, 0, 0.0704225376248, 0, 0.154929578304, 0, 0, 0.0704225376248, 0, 0, 0.0985915511847, 0, 0, 0.0563380271196, 0, 0, 0.112676054239, 0, 0, 0, 0, 0, 0, 0.183098584414, 0, 0, 0, 0, 0, 0, 0, 0, 0, 0, 0, 0, 0, 0, 0, 0, 0, 0, 0, 0, 0, 0, 0, 0, 0, 0, 0, 0, 0, 0, 0, 0, 0, 0, 0, 0, 0, 0, 0, 0, 0, 0, 0, 0, 0, 0, 0, 0, 0, 0, 0, 0, 0, 0, 0, 0, 0, 0, 0, 0, 0, 0, 0, 0, 0, 0, 0, 0, 0, 0, 0, 0, 0, 0, 0, 0, 0, 0, 0, 0, 0, 0, 0, 0, 0, 0, 0, 0, 0, 0, 0, 0, 0, 0, 0, 0, 0, 0, 0, 0, 0, 0, 0, 0, 0, 0, 0, 0, 0, 0, 0, 0, 0]]
},
"sfx": {
    "inharmonicity": {
        "kurt": 7.10670852661,
        "max": 0.376684486866,
        "mean": 0.039707865566,
        "median": 0.0255834404379,
        "min": 0,
        "skew": 2.22179031372,
        "var": 0.00205230247229
    },
    "oddtoevenharmonicenergyratio": {
        "kurt": 1371.08483887,
        "max": 5612.89257812,
        "mean": 8.57014656067,
        "median": 0.120105169713,
        "min": 0,
        "skew": 36.0221595764,
        "var": 21356.6992188
    },
    "pitch_after_max_to_before_max_energy_ratio": 0.141619697213,
    "pitch_centroid": 829.761962891,
    "pitch_max_to_total": 0.933333337307,
    "pitch_min_to_total": 0.568888902664,
    "tristimulus": {
        "kurt": [0.290755748749, 0.65083694458, 6.44198703766],
        "max": [1, 0.919310212135, 1],
        "mean": [0.536125838757, 0.311438500881, 0.152435392141],
        "median": [0.577212750912, 0.281017959118, 0.133875668049],
        "min": [0, 0, 0],
