{
"metadata": {
    "version": {
        "essentia": "2.1-beta3"
    }
},
"lowLevel": {
    "average_loudness": 0.000604901637416,
    "barkbands_kurtosis": {
        "kurt": 1021.53820801,
        "max": 205.430984497,
        "mean": -0.640867114067,
        "median": -1.17694854736,
        "min": -1.79323267937,
        "skew": 29.2095241547,
        "var": 24.5108470917
    },
    "barkbands_skewness": {
        "kurt": 39.2510948181,
        "max": 4.42816829681,
        "mean": 0.0183496456593,
        "median": 0.142162710428,
        "min": -13.3163976669,
        "skew": -3.46739649773,
        "var": 0.685520887375
    },
    "barkbands_spread": {
        "kurt": 0.667762756348,
        "max": 54.1413269043,
        "mean": 31.8576946259,
        "median": 32.6680488586,
        "min": 0.720734417439,
        "skew": -0.610979378223,
        "var": 52.1450881958
    },
    "dissonance": {
        "kurt": 3.49235439301,
        "max": 0.500000119209,
        "mean": 0.486419975758,
        "median": 0.488579601049,
        "min": 0.414787560701,
        "skew": -1.45129108429,
        "var": 9.39508390729e-05
    },
    "hfc": {
        "kurt": 431.188751221,
        "max": 176.497360229,
        "mean": 1.27637326717,
        "median": 0.166498571634,
        "min": 0.0385912954807,
        "skew": 16.8024253845,
        "var": 29.0395298004
    },
    "pitch": {
        "kurt": -1.86412513256,
        "max": 4728.47851562,
        "mean": 1734.95825195,
        "median": 451.199737549,
        "min": 68.1018981934,
        "skew": 0.254882097244,
        "var": 2771577.75
    },
    "pitch_instantaneous_confidence": {
        "kurt": 4.81090736389,
        "max": 0.970624804497,
        "mean": 0.262706637383,
        "median": 0.223788797855,
        "min": 0.112054765224,
        "skew": 1.86772716045,
        "var": 0.0145420376211
    },
    "pitch_salience": {
        "kurt": 5.86454200745,
        "max": 0.878749728203,
        "mean": 0.747957408428,
        "median": 0.758411586285,
        "min": 0.29730167985,
        "skew": -1.80165660381,
        "var": 0.00307285436429
    },
    "silence_rate_20dB": {
        "kurt": 0,
        "max": 1,
        "mean": 1,
        "median": 1,
        "min": 1,
        "skew": 0,
        "var": 0
    },
    "silence_rate_30dB": {
        "kurt": 0,
        "max": 1,
        "mean": 1,
        "median": 1,
        "min": 1,
        "skew": 0,
        "var": 0
    },
    "silence_rate_60dB": {
        "kurt": 15.0050144196,
        "max": 1,
        "mean": 0.949893593788,
        "median": 1,
        "min": 0,
        "skew": -4.12398481369,
        "var": 0.0476003624499
    },
    "spectral_centroid": {
        "kurt": -0.0298535823822,
        "max": 3757.02685547,
        "mean": 1708.99609375,
        "median": 1624.6427002,
        "min": 332.250305176,
        "skew": 0.600277781487,
        "var": 270150.5625
    },
    "spectral_complexity": {
        "kurt": 17.8967781067,
        "max": 58,
        "mean": 2.06306838989,
        "median": 0,
        "min": 0,
        "skew": 4.15705299377,
        "var": 51.2526779175
    },
    "spectral_crest": {
        "kurt": 16.630241394,
        "max": 26.4902267456,
        "mean": 5.26117753983,
        "median": 4.71996307373,
        "min": 1.97258222103,
        "skew": 3.13788557053,
        "var": 5.5313539505
    },
    "spectral_decrease": {
        "kurt": 134.310958862,
        "max": -5.7485127769e-12,
        "mean": -1.30555136146e-10,
        "median": -2.32694419289e-11,
        "min": -1.00105550516e-08,
        "skew": -8.77508926392,
        "var": 1.75173266167e-19
    },
    "spectral_energy": {
        "kurt": 188.913543701,
        "max": 0.0537909679115,
        "mean": 0.000608514528722,
        "median": 0.000102473473817,
        "min": 2.59616917901e-05,
        "skew": 10.4097442627,
        "var": 4.17648425355e-06
    },
    "spectral_energyband_high": {
        "kurt": 71.5035018921,
        "max": 0.00224117329344,
        "mean": 4.5237615268e-05,
        "median": 8.37065454107e-06,
        "min": 1.13304645311e-06,
        "skew": 7.03205871582,
        "var": 1.70698264412e-08
    },
    "spectral_energyband_low": {
        "kurt": 75.5574645996,
        "max": 0.000619128870312,
        "mean": 1.52927386807e-05,
        "median": 6.59776378598e-06,
        "min": 2.56692374023e-07,
        "skew": 7.74885702133,
        "var": 1.53773449529e-09
    },
    "spectral_energyband_middle_high": {
        "kurt": 347.7605896,
        "max": 0.0533484853804,
        "mean": 0.000419631833211,
        "median": 4.53669854323e-05,
        "min": 1.03144820969e-05,
        "skew": 14.7356891632,
        "var": 2.97425685858e-06
    },
    "spectral_energyband_middle_low": {
        "kurt": 35.2358665466,
        "max": 0.00475901551545,
        "mean": 0.000138555289595,
        "median": 4.35711517639e-05,
        "min": 8.48320269142e-06,
        "skew": 5.48574066162,
        "var": 1.36977277521e-07
    },
    "spectral_flatness_db": {
        "kurt": 46.6347885132,
        "max": 0.417709380388,
        "mean": 0.124200038612,
        "median": 0.121221795678,
        "min": 0.0709042474627,
        "skew": 4.77708244324,
        "var": 0.000433526583947
    },
    "spectral_flux": {
        "kurt": 17.165304184,
        "max": 0.147014737129,
        "mean": 0.0109638404101,
        "median": 0.00668408349156,
        "min": 0.00363513664342,
        "skew": 3.62870526314,
        "var": 0.000142292192322
    },
    "spectral_kurtosis": {
        "kurt": 23.053817749,
        "max": 19.3773727417,
        "mean": 3.89398574829,
        "median": 3.76721286774,
        "min": 0.582722187042,
        "skew": 2.72975754738,
        "var": 1.35495829582
    },
    "spectral_rms": {
        "kurt": 18.7120552063,
        "max": 0.00724423862994,
        "mean": 0.000518258078955,
        "median": 0.000316186837154,
        "min": 0.000159149247338,
        "skew": 3.74030685425,
        "var": 3.25081742858e-07
    },
    "spectral_rolloff": {
        "kurt": 2.54659700394,
        "max": 5017.23632812,
        "mean": 3354.88769531,
        "median": 3445.3125,
        "min": 258.3984375,
        "skew": -1.07781720161,
        "var": 341436.25
    },
    "spectral_skewness": {
        "kurt": 0.114742279053,
        "max": 2.26288676262,
        "mean": 1.3789498806,
        "median": 1.37679874897,
        "min": 0.591755330563,
        "skew": 0.16298738122,
        "var": 0.0455923601985
    },
    "spectral_spread": {
        "kurt": 2.69269943237,
        "max": 9015675,
        "mean": 4324863,
        "median": 4337306.5,
        "min": 1296951.375,
        "skew": 0.218819096684,
        "var": 443910356992
    },
    "spectral_strongpeak": {
        "kurt": 381.086242676,
        "max": 17.8165454865,
        "mean": 0.161802127957,
        "median": 0.0248905140907,
        "min": 0.00248438841663,
        "skew": 17.2933883667,
        "var": 0.451519697905
    },
    "zerocrossingrate": {
        "kurt": -0.148326396942,
        "max": 0.173828125,
        "mean": 0.0994210168719,
        "median": 0.09814453125,
        "min": 0.017578125,
        "skew": 0.247663259506,
        "var": 0.000380821526051
    },
    "barkbands": {
        "kurt": [145.242202759, 131.740509033, 137.028182983, 75.5804977417, 63.3436965942, 74.9347229004, 117.704856873, 145.136734009, 82.142868042, 73.9061584473, 76.0042724609, 62.1914138794, 51.0788536072, 87.1251678467, 81.3181838989, 140.822525024, 701.84362793, 460.484619141, 1125.88818359, 132.790802002, 110.589683533, 91.2230072021, 117.341262817, 370.278045654, 483.735412598, 333.704833984, 211.958114624],
        "max": [5.46244882571e-06, 0.000150133098941, 0.000522485468537, 0.000483354378957, 0.00147783011198, 0.00148160045501, 0.00139157194644, 0.00171308231074, 0.00154072861187, 0.00150087173097, 0.00177131989039, 0.00168373831548, 0.00129105162341, 0.002010344062, 0.00220915884711, 0.00255701411515, 0.00828065443784, 0.00992489047348, 0.0504094362259, 0.00271667540073, 0.00143466738518, 0.000270737218671, 5.41797708138e-05, 2.54304140981e-05, 1.17110166684e-05, 2.5417242e-07, 9.00278696037e-09],
        "mean": [3.83074727495e-08, 1.89170646081e-06, 7.2213920248e-06, 1.28607316583e-05, 3.17989179166e-05, 2.82776763925e-05, 1.82579842658e-05, 1.85892786249e-05, 2.28760072787e-05, 2.26480242418e-05, 2.68935000349e-05, 2.779933493e-05, 2.2541393264e-05, 2.41254001594e-05, 2.84716043097e-05, 3.11655021505e-05, 4.27903723903e-05, 6.41193328192e-05, 0.000109357308247, 4.1127725126e-05, 1.98205398192e-05, 4.77315370517e-06, 7.58000112455e-07, 2.32619385088e-07, 7.69303909465e-08, 2.34796959653e-09, 8.608744273e-11],
        "median": [2.39018493886e-09, 6.35853666608e-07, 2.68561439043e-06, 5.78154867981e-06, 1.22211131384e-05, 6.61553804093e-06, 4.75453089166e-06, 4.45430487162e-06, 5.31059004061e-06, 4.14317491959e-06, 3.24558027387e-06, 2.95257132166e-06, 2.17891783905e-06, 1.94896620087e-06, 2.19197067963e-06, 2.53988241639e-06, 3.72548788619e-06, 6.43388693788e-06, 9.32134298637e-06, 7.10079666533e-06, 3.60850913239e-06, 8.57821191858e-07, 1.62079246024e-07, 5.09772277724e-08, 1.81007671074e-08, 7.4083578161e-10, 2.50800612916e-11],
        "min": [3.52126249166e-12, 4.62196148021e-09, 7.61522311876e-09, 1.83713488866e-08, 6.8894883043e-07, 3.24773139937e-07, 7.33887333126e-08, 2.52676244372e-07, 2.26813497761e-07, 2.40070079371e-07, 2.55523701753e-07, 1.16765995983e-07, 1.71386020043e-07, 2.86262519467e-07, 1.32708223077e-07, 2.6128404329e-07, 3.63703179573e-07, 6.6607253757e-07, 8.53685946822e-07, 6.83540747559e-07, 4.46830171086e-07, 1.18221038292e-07, 1.69656608762e-08, 7.06719394117e-09, 3.15282000507e-09, 2.02142233507e-10, 1.0631042921e-11],
        "skew": [11.3346042633, 10.0047359467, 9.89011859894, 7.58625507355, 6.95799160004, 7.75771760941, 8.94893455505, 9.33997535706, 7.45268726349, 7.51351594925, 7.69330453873, 6.80286073685, 6.47917747498, 7.54003143311, 7.34872579575, 9.36997890472, 19.9528770447, 16.7789669037, 31.0939102173, 9.10821151733, 8.23509979248, 7.98544216156, 8.96663475037, 16.0247745514, 18.8404827118, 15.6567649841, 12.3107070923],
        "var": [7.5866850508e-14, 4.53695969682e-11, 4.85074203027e-10, 8.82410366998e-10, 7.34925764689e-09, 1.00606367681e-08, 3.87692233872e-09, 4.02726874071e-09, 5.25824406239e-09, 7.22822202093e-09, 1.2317967979e-08, 1.10918190188e-08, 7.66509344885e-09, 8.63264748574e-09, 1.09323350372e-08, 1.35565851878e-08, 3.69169832481e-08, 7.21392723335e-08, 1.39962389767e-06, 1.57779407317e-08, 3.5913252372e-09, 2.18406667751e-10, 5.63829061564e-12, 7.39946623939e-13, 1.21672610138e-13, 7.90659662067e-17, 1.14659084847e-19],
        "cov": [[7.58815278949e-14, 7.2306434928e-13, 2.88640205487e-12, 3.80690054133e-12, 1.28028152316e-11, 1.5717531443e-11, 8.72785524408e-12, 1.08432264903e-11, 1.1448082933e-11, 1.42381132925e-11, 2.09193166262e-11, 1.93594289905e-11, 1.35862588541e-11, 1.19977777713e-11, 1.08715068198e-11, 9.66559124405e-12, 1.10535747222e-11, 1.24264027887e-11, 1.16901531858e-11, 9.71538301198e-12, 3.86839648855e-12, 7.90042185318e-13, 1.04138235307e-13, 2.04901793097e-14, 5.3181031356e-15, 1.27531742228e-16, 4.64604850758e-18], [7.2306434928e-13, 4.53783781384e-11, 1.09183967423e-10, 8.9587885721e-11, 3.22050802692e-10, 3.79749898194e-10, 2.61989319128e-10, 2.23707830038e-10, 3.11565634403e-10, 3.40892342132e-10, 4.33358737784e-10, 3.78280989866e-10, 3.54359597221e-10, 3.82883585948e-10, 4.50473797153e-10, 4.90182783253e-10, 6.13279482753e-10, 7.41255667958e-10, 8.1439477384e-10, 4.75142536427e-10, 2.21598586703e-10, 5.2704507425e-11, 8.09492230192e-12, 1.95477466679e-12, 6.63809339527e-13, 1.88681620377e-14, 2.87785240711e-16], [2.88640205487e-12, 1.09183967423e-10, 4.85168072384e-10, 3.93026444723e-10, 1.10720654867e-09, 1.26125765387e-09, 8.11792744138e-10, 7.78075159857e-10, 1.00422614668e-09, 1.17360132723e-09, 1.47251166815e-09, 1.299041541e-09, 1.13605747032e-09, 1.21463383795e-09, 1.3560305101e-09, 1.34857658374e-09, 1.67595459732e-09, 2.01171279635e-09, 2.07233075145e-09, 1.30191668557e-09, 5.76592329438e-10, 1.33703589866e-10, 1.97022415743e-11, 4.69880774914e-12, 1.54222923494e-12, 4.46022308442e-14, 8.44046203203e-16], [3.80690054133e-12, 8.9587885721e-11, 3.93026444723e-10, 8.82581119299e-10, 1.55360335707e-09, 1.63169422418e-09, 1.01061758961e-09, 1.01597241731e-09, 1.29054400499e-09, 1.56176416244e-09, 1.8335648555e-09, 1.90535431877e-09, 1.51735601861e-09, 1.5982574153e-09, 1.6810733916e-09, 1.61974877955e-09, 2.10036388282e-09, 2.57170262863e-09, 2.21326246219e-09, 1.56082191616e-09, 7.11474212878e-10, 1.62165836315e-10, 2.4664081541e-11, 5.93353144396e-12, 1.81181643039e-12, 5.17146411414e-14, 9.08855764492e-16], [1.28028152316e-11, 3.22050802692e-10, 1.10720654867e-09, 1.55360335707e-09, 7.35067962054e-09, 5.95691851402e-09, 3.44936434971e-09, 3.5164711143e-09, 4.2390011501e-09, 4.91763163524e-09, 6.25872376148e-09, 5.94402571608e-09, 5.00127272929e-09, 5.33640287514e-09, 5.61127455612e-09, 5.54559198562e-09, 6.72240707544e-09, 7.7288104805e-09, 8.01467781031e-09, 5.43171818634e-09, 2.42260589367e-09, 5.41166444989e-10, 8.04468922033e-11, 1.93404216253e-11, 6.2507763722e-12, 1.74880766877e-13, 3.97061940619e-15], [1.5717531443e-11, 3.79749898194e-10, 1.26125765387e-09, 1.63169422418e-09, 5.95691851402e-09, 1.00625836552e-08, 4.1830112707e-09, 3.90641030634e-09, 4.97830043855e-09, 5.89624482572e-09, 7.92785304071e-09, 7.55791518259e-09, 6.16981266077e-09, 6.03423844225e-09, 6.93326107637e-09, 6.62310739585e-09, 8.19482881553e-09, 9.82371162195e-09, 1.35193252149e-08, 6.31047569755e-09, 2.76566125557e-09, 5.95269722403e-10, 8.96285407004e-11, 2.0611009427e-11, 6.46710332855e-12, 1.81749756846e-13, 4.86397658532e-15], [8.72785524408e-12, 2.61989319128e-10, 8.11792744138e-10, 1.01061758961e-09, 3.44936434971e-09, 4.1830112707e-09, 3.87767240539e-09, 2.64615573897e-09, 3.38886319007e-09, 3.62027030576e-09, 4.70755745496e-09, 4.35130287357e-09, 3.90371024395e-09, 4.02775324204e-09, 4.60384930179e-09, 4.72172745347e-09, 5.72474956329e-09, 7.00175695201e-09, 9.25672605234e-09, 4.46786474484e-09, 2.05019179411e-09, 4.58844906515e-10, 6.99923730085e-11, 1.59480813972e-11, 5.31238074364e-12, 1.40588875177e-13, 3.28671801655e-15], [1.08432264903e-11, 2.23707830038e-10, 7.78075159857e-10, 1.01597241731e-09, 3.5164711143e-09, 3.90641030634e-09, 2.64615573897e-09, 4.02804767319e-09, 3.06341507716e-09, 3.72681396854e-09, 4.76807526795e-09, 4.82666573376e-09, 3.79591114097e-09, 3.86293708132e-09, 4.05135525128e-09, 3.89400822698e-09, 4.89041429574e-09, 5.8567928285e-09, 5.49997292154e-09, 3.67511709953e-09, 1.76674330721e-09, 3.97631511051e-10, 5.76074049574e-11, 1.35543755039e-11, 4.39481393985e-12, 1.16062758362e-13, 3.08141544134e-15], [1.1448082933e-11, 3.11565634403e-10, 1.00422614668e-09, 1.29054400499e-09, 4.2390011501e-09, 4.97830043855e-09, 3.38886319007e-09, 3.06341507716e-09, 5.25926147077e-09, 4.71014782732e-09, 5.95259441738e-09, 5.64308155759e-09, 4.82586637318e-09, 5.01770847094e-09, 5.39079891837e-09, 5.39177635872e-09, 6.6609286975e-09, 7.6825914519e-09, 7.39837124897e-09, 4.86075135697e-09, 2.28738539221e-09, 5.16393761085e-10, 7.63239957347e-11, 1.87036445359e-11, 6.0224360221e-12, 1.60531405335e-13, 3.72532628796e-15], [1.42381132925e-11, 3.40892342132e-10, 1.17360132723e-09, 1.56176416244e-09, 4.91763163524e-09, 5.89624482572e-09, 3.62027030576e-09, 3.72681396854e-09, 4.71014782732e-09, 7.22962045785e-09, 7.06538294537e-09, 6.47668052522e-09, 5.39266142852e-09, 5.86870418928e-09, 6.37741681686e-09, 6.25303320234e-09, 7.70450370169e-09, 9.41499234131e-09, 8.52563974973e-09, 5.80547077078e-09, 2.59017252091e-09, 5.815671833e-10, 8.83318487799e-11, 2.10061690264e-11, 6.93576879957e-12, 1.88327015115e-13, 4.08201990886e-15], [2.09193166262e-11, 4.33358737784e-10, 1.47251166815e-09, 1.8335648555e-09, 6.25872376148e-09, 7.92785304071e-09, 4.70755745496e-09, 4.76807526795e-09, 5.95259441738e-09, 7.06538294537e-09, 1.23203518498e-08, 8.95088092534e-09, 7.17158554764e-09, 7.14619119435e-09, 7.71367059116e-09, 7.2632642123e-09, 8.99560337331e-09, 1.02080877085e-08, 9.59918455834e-09, 6.79726985808e-09, 3.03087710485e-09, 6.89753865135e-10, 9.91154311403e-11, 2.24503488716e-11, 7.48414177854e-12, 1.96356264039e-13, 4.86263827327e-15], [1.93594289905e-11, 3.78280989866e-10, 1.299041541e-09, 1.90535431877e-09, 5.94402571608e-09, 7.55791518259e-09, 4.35130287357e-09, 4.82666573376e-09, 5.64308155759e-09, 6.47668052522e-09, 8.95088092534e-09, 1.10939657461e-08, 7.13584347167e-09, 6.94030077852e-09, 7.41397210291e-09, 7.32612992493e-09, 8.73143246594e-09, 1.02362749388e-08, 9.07340158562e-09, 6.63898136466e-09, 3.02106406558e-09, 6.4230665231e-10, 9.31105539892e-11, 2.14310808683e-11, 6.76451126017e-12, 1.87245306608e-13, 4.95720441963e-15], [1.35862588541e-11, 3.54359597221e-10, 1.13605747032e-09, 1.51735601861e-09, 5.00127272929e-09, 6.16981266077e-09, 3.90371024395e-09, 3.79591114097e-09, 4.82586637318e-09, 5.39266142852e-09, 7.17158554764e-09, 7.13584347167e-09, 7.66657670681e-09, 6.36084918071e-09, 7.13853243184e-09, 7.12247194556e-09, 9.43872091597e-09, 1.08881748062e-08, 9.8927541714e-09, 6.7273724369e-09, 3.082490041e-09, 7.17884141022e-10, 1.06736598726e-10, 2.57937404075e-11, 8.53299982756e-12, 2.24877001785e-13, 4.64589312998e-15], [1.19977777713e-11, 3.82883585948e-10, 1.21463383795e-09, 1.5982574153e-09, 5.33640287514e-09, 6.03423844225e-09, 4.02775324204e-09, 3.86293708132e-09, 5.01770847094e-09, 5.86870418928e-09, 7.14619119435e-09, 6.94030077852e-09, 6.36084918071e-09, 8.63431814935e-09, 8.26302049006e-09, 8.72921201989e-09, 1.09642419588e-08, 1.41083074112e-08, 1.23931842566e-08, 8.14770650948e-09, 3.63266150494e-09, 8.65937765937e-10, 1.27737848077e-10, 3.36885346008e-11, 1.04945219181e-11, 2.78361237055e-13, 5.01525074047e-15], [1.08715068198e-11, 4.50473797153e-10, 1.3560305101e-09, 1.6810733916e-09, 5.61127455612e-09, 6.93326107637e-09, 4.60384930179e-09, 4.05135525128e-09, 5.39079891837e-09, 6.37741681686e-09, 7.71367059116e-09, 7.41397210291e-09, 7.13853243184e-09, 8.26302049006e-09, 1.09344497901e-08, 1.05031734421e-08, 1.30299122603e-08, 1.73895777777e-08, 1.71008540661e-08, 1.00299768491e-08, 4.56197657428e-09, 1.09204556509e-09, 1.62775667945e-10, 4.27517916901e-11, 1.41134231038e-11, 3.75823937943e-13, 7.52472560715e-15], [9.66559124405e-12, 4.90182783253e-10, 1.34857658374e-09, 1.61974877955e-09, 5.54559198562e-09, 6.62310739585e-09, 4.72172745347e-09, 3.89400822698e-09, 5.39177635872e-09, 6.25303320234e-09, 7.2632642123e-09, 7.32612992493e-09, 7.12247194556e-09, 8.72921201989e-09, 1.05031734421e-08, 1.35592088668e-08, 1.59544200073e-08, 2.11938022687e-08, 2.17580353734e-08, 1.20425527328e-08, 5.39845945724e-09, 1.26486432439e-09, 1.97826102721e-10, 5.35539355917e-11, 1.71334162136e-11, 4.594902475e-13, 7.98452727817e-15], [1.10535747222e-11, 6.13279482753e-10, 1.67595459732e-09, 2.10036388282e-09, 6.72240707544e-09, 8.19482881553e-09, 5.72474956329e-09, 4.89041429574e-09, 6.6609286975e-09, 7.70450370169e-09, 8.99560337331e-09, 8.73143246594e-09, 9.43872091597e-09, 1.09642419588e-08, 1.30299122603e-08, 1.59544200073e-08, 3.69241277554e-08, 4.37288250055e-08, 3.48747342116e-08, 1.72194560832e-08, 7.8034609885e-09, 1.95184046703e-09, 3.28831989416e-10, 1.01689642817e-10, 3.81399981042e-11, 7.41496057263e-13, 1.08710165097e-14], [1.24264027887e-11, 7.41255667958e-10, 2.01171279635e-09, 2.57170262863e-09, 7.7288104805e-09, 9.82371162195e-09, 7.00175695201e-09, 5.8567928285e-09, 7.6825914519e-09, 9.41499234131e-09, 1.02080877085e-08, 1.02362749388e-08, 1.08881748062e-08, 1.41083074112e-08, 1.73895777777e-08, 2.11938022687e-08, 4.37288250055e-08, 7.21532344983e-08, 1.45064845469e-07, 2.3765448276e-08, 1.04479092045e-08, 2.64793897919e-09, 4.40143199665e-10, 1.39965761203e-10, 5.11275605186e-11, 9.80493789458e-13, 1.80628827325e-14], [1.16901531858e-11, 8.1439477384e-10, 2.07233075145e-09, 2.21326246219e-09, 8.01467781031e-09, 1.35193252149e-08, 9.25672605234e-09, 5.49997292154e-09, 7.39837124897e-09, 8.52563974973e-09, 9.59918455834e-09, 9.07340158562e-09, 9.8927541714e-09, 1.23931842566e-08, 1.71008540661e-08, 2.17580353734e-08, 3.48747342116e-08, 1.45064845469e-07, 1.39989469972e-06, 2.92273885094e-08, 1.24004353452e-08, 3.07810799072e-09, 4.94325247402e-10, 1.29607741206e-10, 4.24521147402e-11, 1.05265319031e-12, 3.48656887595e-14], [9.71538301198e-12, 4.75142536427e-10, 1.30191668557e-09, 1.56082191616e-09, 5.43171818634e-09, 6.31047569755e-09, 4.46786474484e-09, 3.67511709953e-09, 4.86075135697e-09, 5.80547077078e-09, 6.79726985808e-09, 6.63898136466e-09, 6.7273724369e-09, 8.14770650948e-09, 1.00299768491e-08, 1.20425527328e-08, 1.72194560832e-08, 2.3765448276e-08, 2.92273885094e-08, 1.57809942891e-08, 6.57534204862e-09, 1.63687030597e-09, 2.59299581806e-10, 7.44731429303e-11, 2.46347369587e-11, 6.54948859903e-13, 1.26677715965e-14], [3.86839648855e-12, 2.21598586703e-10, 5.76592329438e-10, 7.11474212878e-10, 2.42260589367e-09, 2.76566125557e-09, 2.05019179411e-09, 1.76674330721e-09, 2.28738539221e-09, 2.59017252091e-09, 3.03087710485e-09, 3.02106406558e-09, 3.082490041e-09, 3.63266150494e-09, 4.56197657428e-09, 5.39845945724e-09, 7.8034609885e-09, 1.04479092045e-08, 1.24004353452e-08, 6.57534204862e-09, 3.59202001476e-09, 8.17595158242e-10, 1.29464883258e-10, 4.07477385167e-11, 1.46673194423e-11, 3.7760704394e-13, 8.22178713593e-15], [7.90042185318e-13, 5.2704507425e-11, 1.33703589866e-10, 1.62165836315e-10, 5.41166444989e-10, 5.95269722403e-10, 4.58844906515e-10, 3.97631511051e-10, 5.16393761085e-10, 5.815671833e-10, 6.89753865135e-10, 6.4230665231e-10, 7.17884141022e-10, 8.65937765937e-10, 1.09204556509e-09, 1.26486432439e-09, 1.95184046703e-09, 2.64793897919e-09, 3.07810799072e-09, 1.63687030597e-09, 8.17595158242e-10, 2.18448925615e-10, 3.32424955618e-11, 1.08817919953e-11, 3.96232612693e-12, 1.00575553745e-13, 2.01851508869e-15], [1.04138235307e-13, 8.09492230192e-12, 1.97022415743e-11, 2.4664081541e-11, 8.04468922033e-11, 8.96285407004e-11, 6.99923730085e-11, 5.76074049574e-11, 7.63239957347e-11, 8.83318487799e-11, 9.91154311403e-11, 9.31105539892e-11, 1.06736598726e-10, 1.27737848077e-10, 1.62775667945e-10, 1.97826102721e-10, 3.28831989416e-10, 4.40143199665e-10, 4.94325247402e-10, 2.59299581806e-10, 1.29464883258e-10, 3.32424955618e-11, 5.63938175671e-12, 1.76760515946e-12, 6.43272219346e-13, 1.63115015066e-14, 3.06468908173e-16], [2.04901793097e-14, 1.95477466679e-12, 4.69880774914e-12, 5.93353144396e-12, 1.93404216253e-11, 2.0611009427e-11, 1.59480813972e-11, 1.35543755039e-11, 1.87036445359e-11, 2.10061690264e-11, 2.24503488716e-11, 2.14310808683e-11, 2.57937404075e-11, 3.36885346008e-11, 4.27517916901e-11, 5.35539355917e-11, 1.01689642817e-10, 1.39965761203e-10, 1.29607741206e-10, 7.44731429303e-11, 4.07477385167e-11, 1.08817919953e-11, 1.76760515946e-12, 7.40089792835e-13, 2.76999479127e-13, 6.74735519058e-15, 1.35174242579e-16], [5.3181031356e-15, 6.63809339527e-13, 1.54222923494e-12, 1.81181643039e-12, 6.2507763722e-12, 6.46710332855e-12, 5.31238074364e-12, 4.39481393985e-12, 6.0224360221e-12, 6.93576879957e-12, 7.48414177854e-12, 6.76451126017e-12, 8.53299982756e-12, 1.04945219181e-11, 1.41134231038e-11, 1.71334162136e-11, 3.81399981042e-11, 5.11275605186e-11, 4.24521147402e-11, 2.46347369587e-11, 1.46673194423e-11, 3.96232612693e-12, 6.43272219346e-13, 2.76999479127e-13, 1.2169616443e-13, 2.71828098191e-15, 5.83636537951e-17], [1.27531742228e-16, 1.88681620377e-14, 4.46022308442e-14, 5.17146411414e-14, 1.74880766877e-13, 1.81749756846e-13, 1.40588875177e-13, 1.16062758362e-13, 1.60531405335e-13, 1.88327015115e-13, 1.96356264039e-13, 1.87245306608e-13, 2.24877001785e-13, 2.78361237055e-13, 3.75823937943e-13, 4.594902475e-13, 7.41496057263e-13, 9.80493789458e-13, 1.05265319031e-12, 6.54948859903e-13, 3.7760704394e-13, 1.00575553745e-13, 1.63115015066e-14, 6.74735519058e-15, 2.71828098191e-15, 7.90812657393e-17, 1.47271856644e-18], [4.64604850758e-18, 2.87785240711e-16, 8.44046203203e-16, 9.08855764492e-16, 3.97061940619e-15, 4.86397658532e-15, 3.28671801655e-15, 3.08141544134e-15, 3.72532628796e-15, 4.08201990886e-15, 4.86263827327e-15, 4.95720441963e-15, 4.64589312998e-15, 5.01525074047e-15, 7.52472560715e-15, 7.98452727817e-15, 1.08710165097e-14, 1.80628827325e-14, 3.48656887595e-14, 1.26677715965e-14, 8.22178713593e-15, 2.01851508869e-15, 3.06468908173e-16, 1.35174242579e-16, 5.83636537951e-17, 1.47271856644e-18, 1.14681276552e-19]]
    },
    "mfcc": {
        "kurt": [2.98986530304, 2.6133556366, 0.321713209152, 2.10378408432, 0.0881023406982, 0.551912069321, -0.122881412506, 0.452672958374, 1.95737838745, 0.2940762043, 0.259648323059, 1.01535511017, 0.0588619709015],
        "max": [-601.638183594, 157.834594727, -9.17002868652, 117.807624817, 15.0060157776, 16.0010986328, 31.4012374878, 18.4886302948, 20.831287384, 16.3420505524, 15.0453643799, 11.9627456665, 14.9260482788],
        "mean": [-857.919616699, 103.01763916, -47.5843734741, 41.6827507019, -21.6644210815, -11.7651319504, 2.13923931122, -8.22842311859, -4.68899583817, -8.89087200165, -6.31323194504, -7.85520505905, -7.28348779678],
        "median": [-880.020324707, 104.955909729, -43.2539482117, 41.4320907593, -21.6045188904, -11.7380638123, 2.35569381714, -8.35623931885, -4.64418029785, -8.90814208984, -6.33805656433, -7.74869155884, -7.18110275269],
        "min": [-936.493835449, -0.255041122437, -108.188705444, -1.53873825073, -52.5491752625, -49.4395866394, -27.5930309296, -34.7071838379, -46.0977859497, -32.9406280518, -31.9237880707, -40.4661216736, -26.7826309204],
        "skew": [1.90340340137, -0.772325456142, -0.937653899193, 0.465529203415, -0.0632067620754, -0.189891174436, -0.054469563067, 0.192105725408, -0.401765912771, -0.00542383221909, 0.0191346909851, -0.258652448654, -0.0897278487682],
        "var": [3713.1015625, 254.432556152, 339.024932861, 113.00566864, 64.6248626709, 61.1382865906, 65.9350891113, 42.0613441467, 40.5832481384, 32.4943389893, 30.0181884766, 31.8875293732, 29.5686779022],
        "cov": [[3713.82006836, -140.282302856, -948.790161133, 137.678375244, -167.982254028, 172.408920288, -246.670211792, 65.2107772827, -87.5554428101, 25.087392807, -9.28461837769, 25.6440258026, 28.964548111], [-140.282302856, 254.481781006, 62.8314628601, -75.3707580566, 14.769030571, 7.84681177139, 35.1947250366, -23.0078086853, 9.73983764648, -9.93190288544, -5.65234279633, -3.62182474136, 8.7131023407], [-948.790161133, 62.8314628601, 339.090545654, -34.0460662842, 45.188659668, -28.831949234, 69.2403793335, -17.0549259186, 28.6100273132, -2.57887172699, 0.389568954706, -2.35624647141, -8.08799171448], [137.678375244, -75.3707580566, -34.0460662842, 113.027534485, 7.08109951019, -6.00203275681, -0.409415453672, 10.0678682327, -9.11332130432, 8.44161319733, 6.41336250305, -1.39311170578, 1.92223989964], [-167.982254028, 14.769030571, 45.188659668, 7.08109951019, 64.6373672485, -1.26453483105, 13.1068096161, 7.28984498978, 4.95900344849, 0.820083081722, 2.96918034554, 2.58676528931, -3.54463720322], [172.408920288, 7.84681177139, -28.831949234, -6.00203275681, -1.26453483105, 61.1501197815, -5.02034664154, 4.89841127396, 7.58653783798, -2.44943213463, -0.451358109713, 4.13755941391, 3.80041956902], [-246.670211792, 35.1947250366, 69.2403793335, -0.409415453672, 13.1068096161, -5.02034664154, 65.947845459, 1.11715018749, 8.57864952087, 5.60686349869, -0.0352188013494, -2.26952171326, -0.184430882335], [65.2107772827, -23.0078086853, -17.0549259186, 10.0678682327, 7.28984498978, 4.89841127396, 1.11715018749, 42.0694847107, 7.15820789337, 3.23412632942, 5.18729162216, 1.59256279469, -0.884828567505], [-87.5554428101, 9.73983764648, 28.6100273132, -9.11332130432, 4.95900344849, 7.58653783798, 8.57864952087, 7.15820789337, 40.5911026001, 7.81808328629, 1.23155248165, 6.11263608932, -0.88141721487], [25.087392807, -9.93190288544, -2.57887172699, 8.44161319733, 0.820083081722, -2.44943213463, 5.60686349869, 3.23412632942, 7.81808328629, 32.5006256104, 11.0331735611, 1.99099683762, 3.6886677742], [-9.28461837769, -5.65234279633, 0.389568954706, 6.41336250305, 2.96918034554, -0.451358109713, -0.0352188013494, 5.18729162216, 1.23155248165, 11.0331735611, 30.0239963531, 8.28931617737, 3.30310583115], [25.6440258026, -3.62182474136, -2.35624647141, -1.39311170578, 2.58676528931, 4.13755941391, -2.26952171326, 1.59256279469, 6.11263608932, 1.99099683762, 8.28931617737, 31.893699646, 8.73104286194], [28.964548111, 8.7131023407, -8.08799171448, 1.92223989964, -3.54463720322, 3.80041956902, -0.184430882335, -0.884828567505, -0.88141721487, 3.6886677742, 3.30310583115, 8.73104286194, 29.5743999481]]
    },
    "sccoeffs": {
        "kurt": [0.235224246979, 1.02833461761, 0.836954593658, 1.83299446106, 26.0328769684, 0.263940572739],
        "max": [-0.476283371449, -0.634312450886, -0.721425116062, -0.726189434528, -0.518335223198, -0.674739897251],
        "mean": [-0.714724779129, -0.844659507275, -0.858073592186, -0.858981728554, -0.848417043686, -0.776572287083],
        "median": [-0.717172682285, -0.847784698009, -0.860572576523, -0.862715423107, -0.853797256947, -0.782465457916],
        "min": [-0.881088554859, -0.936594843864, -0.931070387363, -0.927677333355, -0.900308847427, -0.874346613884],
        "skew": [0.401664376259, 0.671733379364, 0.655392885208, 1.02383363247, 3.38837814331, 0.710344254971],
        "var": [0.00249063875526, 0.00128946953919, 0.000814028258901, 0.000611546856817, 0.000809595338069, 0.00089458405273],
        "cov": [[0.00249112071469, 0.000201181217562, 0.000168328173459, 0.000205817603273, 0.000130554442876, 0.000223679642659], [0.000201181217562, 0.00128971901722, 0.000192964595044, 0.00022789677314, 0.000282862747554, 0.00029021842056], [0.000168328173459, 0.000192964595044, 0.000814185768832, 0.000194405787624, 0.000159116956638, 0.000221388007049], [0.000205817603273, 0.00022789677314, 0.000194405787624, 0.000611665192991, 0.000313905416988, 0.00033963524038], [0.000130554442876, 0.000282862747554, 0.000159116956638, 0.000313905416988, 0.000809751974884, 0.000393716298277], [0.000223679642659, 0.00029021842056, 0.000221388007049, 0.00033963524038, 0.000393716298277, 0.000894757162314]]
    },
    "scvalleys": {
        "kurt": [2.40873908997, 3.05353355408, 3.79227781296, 2.6108789444, 1.41536998749, 1.79010486603],
        "max": [-5.81222581863, -5.15179824829, -4.97816801071, -5.34033298492, -5.47362565994, -8.23810005188],
        "mean": [-8.48593711853, -7.55979394913, -7.82794046402, -8.31127738953, -8.2440738678, -11.1560153961],
        "median": [-8.53157043457, -7.66793012619, -7.99591159821, -8.54902553558, -8.45973682404, -11.3063602448],
        "min": [-10.6489810944, -9.05195999146, -9.26082420349, -9.56042575836, -9.48481750488, -12.2056465149],
        "skew": [0.96692097187, 1.55116820335, 1.89644408226, 1.77026116848, 1.41998589039, 1.32686841488],
        "var": [0.310129672289, 0.319962114096, 0.4090487957, 0.558726608753, 0.497336924076, 0.349625378847],
        "cov": [[0.310189694166, 0.180498182774, 0.214117795229, 0.251712858677, 0.216587439179, 0.147736161947], [0.180498182774, 0.320024013519, 0.285640329123, 0.338201642036, 0.295120090246, 0.208338260651], [0.214117795229, 0.285640329123, 0.409127950668, 0.419697761536, 0.365207612514, 0.260091990232], [0.251712858677, 0.338201642036, 0.419697761536, 0.558834731579, 0.478320837021, 0.349032312632], [0.216587439179, 0.295120090246, 0.365207612514, 0.478320837021, 0.497433155775, 0.358776926994], [0.147736161947, 0.208338260651, 0.260091990232, 0.349032312632, 0.358776926994, 0.349693030119]]
    }
},
"rhythm": {
    "beats_loudness": {
        "kurt": 53.2615966797,
        "max": 0.027842419222,
        "mean": 0.000832026067656,
        "median": 0.00011325693049,
        "min": 4.83769108541e-05,
        "skew": 6.70997619629,
        "var": 7.77319655754e-06
    },
    "bpm": 100.770675659,
    "confidence": 0.00273113255389,
    "first_peak_bpm": {
        "kurt": 0,
        "max": 101,
        "mean": 101,
        "median": 101,
        "min": 101,
        "skew": 0,
        "var": 0
    },
    "first_peak_spread": {
        "kurt": 0,
        "max": 0.747474789619,
        "mean": 0.747474789619,
        "median": 0.747474789619,
        "min": 0.747474789619,
        "skew": 0,
        "var": 0
    },
    "first_peak_weight": {
        "kurt": 0,
        "max": 0.127551019192,
        "mean": 0.127551019192,
        "median": 0.127551019192,
        "min": 0.127551019192,
        "skew": 0,
        "var": 0
    },
    "onset_rate": 1.95833325386,
    "second_peak_bpm": {
        "kurt": 0,
        "max": 96,
        "mean": 96,
        "median": 96,
        "min": 96,
        "skew": 0,
        "var": 0
    },
    "second_peak_spread": {
        "kurt": 0,
        "max": 0.488888919353,
        "mean": 0.488888919353,
        "median": 0.488888919353,
        "min": 0.488888919353,
        "skew": 0,
        "var": 0
    },
    "second_peak_weight": {
        "kurt": 0,
        "max": 0.117346942425,
        "mean": 0.117346942425,
        "median": 0.117346942425,
        "min": 0.117346942425,
        "skew": 0,
        "var": 0
    },
    "beats_loudness_band_ratio": {
        "kurt": [3.65530920029, 0.309098243713, -0.157124042511, 1.63168382645, 0.659181118011, 3.73034000397],
        "max": [0.579533874989, 0.50258910656, 0.368061035872, 0.35032120347, 0.71195936203, 0.818810164928],
        "mean": [0.119421645999, 0.154222324491, 0.157096356153, 0.136658415198, 0.254134297371, 0.223264604807],
        "median": [0.101264968514, 0.141519188881, 0.151358649135, 0.128989413381, 0.217529714108, 0.199720084667],
        "min": [0.000652991002426, 0.00524020334706, 0.00524762785062, 0.00168997468427, 0.062895603478, 0.0643768012524],
        "skew": [1.42157697678, 0.752961754799, 0.453931540251, 0.942501604557, 1.02659380436, 1.40219581127],
        "var": [0.00797963421792, 0.00834991689771, 0.00585158634931, 0.0035304245539, 0.0164829064161, 0.012149377726],
        "cov": [[0.00802034698427, 0.00403095269576, 0.00153474276885, -0.000199587142561, -0.00710242241621, -0.00480652600527], [0.00403095269576, 0.00839251838624, 0.00216273404658, 0.000604736909736, -0.00781457126141, -0.00553264655173], [0.00153474276885, 0.00216273404658, 0.00588144129142, 0.00139209418558, -0.00582584505901, -0.00459612952545], [-0.000199587142561, 0.000604736909736, 0.00139209418558, 0.00354843703099, -0.00201349682175, -0.00307414866984], [-0.00710242241621, -0.00781457126141, -0.00582584505901, -0.00201349682175, 0.0165670029819, 0.00444188946858], [-0.00480652600527, -0.00553264655173, -0.00459612952545, -0.00307414866984, 0.00444188946858, 0.0122113637626]]
    },
    "beats_position": [0.603718817234, 1.20743763447, 1.79954648018, 2.40326523781, 3.01859402657, 3.62231278419, 4.22603178024, 4.82975053787, 5.4334692955, 6.025578022, 6.62929677963, 7.22140598297, 7.80190467834, 8.38240337372, 8.98612213135, 9.57823085785, 10.1703395844, 10.774058342, 11.3661680222, 11.9698867798, 12.5736055374, 13.1889343262, 13.7694330215, 14.3383216858, 14.9188203812, 15.4877090454, 16.0449886322, 16.602268219, 17.1595458984, 17.7400455475, 18.3205432892, 18.9010429382, 19.4931507111, 20.0852603912, 20.6657600403, 21.2926979065, 21.9196376801, 22.5581855774, 23.1851234436, 23.8120632172, 24.4273910522, 25.0427207947, 25.6580486298, 26.2733783722, 26.9003162384, 27.527256012, 28.1658039093, 28.7811336517, 29.3964614868, 30.0001811981, 30.6038990021, 31.1960086823, 31.7997264862, 32.4034461975, 32.9375038147, 33.4715652466, 34.0056228638, 34.5512924194, 35.1085700989, 35.6426315308, 36.1766891479, 36.7107467651, 37.2331962585, 37.755645752, 38.2897033691, 38.8818130493, 39.462310791, 40.0428123474, 40.6813583374, 41.3199081421, 41.923625946, 42.5273475647, 43.0962333679, 43.6651229858, 44.2107925415, 44.7680702209, 45.3253517151, 45.8710212708, 46.4631271362, 47.0552368164, 47.6125144958, 48.16979599, 48.7270736694, 49.3075714111, 49.8996810913, 50.4917907715, 51.0606803894, 51.6411781311, 52.1868476868, 52.7441253662, 53.2897949219, 53.9399528503, 54.578502655, 55.182220459, 55.7859382629, 56.3780479431, 56.9585494995, 57.5390472412, 58.1195449829, 58.7000427246, 59.2921524048, 59.9307022095, 60.5576400757, 61.1845779419, 61.8115196228, 62.438457489, 63.0537872314, 63.6691131592, 64.2728347778, 64.8881607056, 65.4802703857, 66.0723800659, 66.6761016846, 67.3146438599, 67.9415893555, 68.5685272217, 69.1954650879, 69.8107910156, 70.4377288818, 71.053062439, 71.6800003052, 72.3069381714, 72.8990478516, 73.4911575317, 74.0832672119, 74.7450332642, 75.3835830688, 75.975692749, 76.5561904907, 77.1483001709, 77.7287979126, 78.3092956543, 78.8781814575, 79.4586868286, 80.0391845703, 80.584854126, 81.1189117432, 81.6645812988, 82.1754150391, 82.6978683472, 83.2087097168, 83.870475769, 84.5206298828, 85.1475753784, 85.7861175537, 86.4014511108, 87.0167770386, 87.6437149048, 88.2822647095, 88.9092025757, 89.5477523804, 90.1863021851, 90.8596801758, 91.521446228, 92.2064361572, 92.8798141479, 93.5764160156, 94.2381820679, 94.9115600586, 95.5733337402, 96.2350997925, 96.8388214111, 97.4425354004, 98.0578689575, 98.6615829468, 99.2420806885, 99.8225860596, 100.41469574, 101.006797791, 101.622131348, 102.237457275, 102.87600708, 103.537773132, 104.176322937, 104.838096619, 105.488250732, 106.126800537, 106.77696228, 107.427116394, 108.077278137, 108.762268066, 109.435646057, 110.097412109, 110.7707901, 111.455780029, 112.152381897, 112.837364197, 113.522354126, 114.207344055, 114.834281921, 115.449615479, 116.064941406, 116.680267334, 117.3072052, 117.934150696, 118.572692871, 119.199638367],
    "bpm_estimates": [99.3840179443, 101.332717896, 99.3840255737, 97.5088424683, 99.3840255737, 99.3839874268, 99.3840255737, 99.3840255737, 101.332740784, 99.3840255737, 101.33265686, 103.359405518, 103.359405518, 99.3840255737, 101.332740784, 101.332740784, 99.3840255737, 101.332580566, 99.3840255737, 99.3840255737, 97.5088424683, 103.359405518, 105.468788147, 103.359405518, 105.468788147, 103.359237671, 103.359573364, 103.359237671, 101.332901001, 101.332580566, 103.359237671, 97.5089950562, 97.5086975098, 97.5089950562, 97.5086975098, 97.5086975098, 97.5089950562, 99.3838653564, 99.3841781616, 101.332580566, 99.3841781616, 99.3838653564, 101.332580566, 103.359573364, 103.358894348, 99.3841781616, 99.3835525513, 105.469322205, 105.468612671, 101.333229065, 101.332580566, 103.359573364, 101.332580566, 101.332580566, 105.468612671, 103.359573364, 99.3841781616, 99.3841781616, 101.332580566, 103.358894348, 103.359573364, 103.359573364, 103.359573364, 101.332580566, 97.5086975098, 97.5093002319, 99.3835525513, 97.5093002319, 101.332580566, 101.332580566, 99.3835525513, 97.5093002319, 97.5080871582, 101.332580566, 101.332580566, 101.332580566, 101.332580566, 103.359573364, 101.332580566, 103.359573364, 103.359573364, 105.469322205, 103.358215332, 103.359573364, 97.5080871582, 97.5093002319, 99.3835525513, 99.3848114014, 97.5080871582, 99.3848114014, 103.359573364, 103.358215332, 101.332580566, 101.333885193, 97.5080871582, 97.5093002319, 97.5080871582, 97.5093002319, 97.5093002319],
