{
"metadata": {
    "version": {
        "essentia": "2.1-beta3"
    }
},
"lowLevel": {
    "average_loudness": 0.99068403244,
    "barkbands_kurtosis": {
        "kurt": 0.852845430374,
        "max": 44.1153717041,
        "mean": 8.78584384918,
        "median": 1.85961699486,
        "min": -1.26561200619,
        "skew": 1.53046059608,
        "var": 200.579818726
    },
    "barkbands_skewness": {
        "kurt": -0.398101806641,
        "max": 0.432053506374,
        "mean": -2.20793747902,
        "median": -1.63444137573,
        "min": -6.14409971237,
        "skew": -0.901660919189,
        "var": 3.62539362907
    },
    "barkbands_spread": {
        "kurt": -0.86771774292,
        "max": 40.7744674683,
        "mean": 18.1555728912,
        "median": 20.264787674,
        "min": 2.71437549591,
        "skew": 0.0687505975366,
        "var": 100.950920105
    },
    "dissonance": {
        "kurt": 4.46728801727,
        "max": 0.499477505684,
        "mean": 0.48817846179,
        "median": 0.49239090085,
        "min": 0.442109942436,
        "skew": -1.99430167675,
        "var": 0.000135314461659
    },
    "hfc": {
        "kurt": 0.406487226486,
        "max": 8.2035446167,
        "mean": 2.1009554863,
        "median": 0.925535678864,
        "min": 0.0590330846608,
        "skew": 1.34662246704,
        "var": 5.88994121552
    },
    "pitch": {
        "kurt": 5.17455101013,
        "max": 3238.41967773,
        "mean": 662.614318848,
        "median": 333.463439941,
        "min": 153.371994019,
        "skew": 2.55102562904,
        "var": 637300.625
    },
    "pitch_instantaneous_confidence": {
        "kurt": -0.877687931061,
        "max": 0.952251732349,
        "mean": 0.688771724701,
        "median": 0.753160655499,
        "min": 0.228781044483,
        "skew": -0.562347054482,
        "var": 0.0467404313385
    },
    "pitch_salience": {
        "kurt": 1.37355470657,
        "max": 0.873537421227,
        "mean": 0.6214864254,
        "median": 0.617388010025,
        "min": 0.46986413002,
        "skew": 0.645697712898,
        "var": 0.00620119040832
    },
    "silence_rate_20dB": {
        "kurt": 0,
        "max": 1,
        "mean": 1,
        "median": 1,
        "min": 1,
        "skew": 0,
        "var": 0
    },
    "silence_rate_30dB": {
        "kurt": 0,
        "max": 1,
        "mean": 1,
        "median": 1,
        "min": 1,
        "skew": 0,
        "var": 0
    },
    "silence_rate_60dB": {
        "kurt": 0,
        "max": 1,
        "mean": 1,
        "median": 1,
        "min": 1,
        "skew": 0,
        "var": 0
    },
    "spectral_centroid": {
        "kurt": -0.431022882462,
        "max": 3038.96557617,
        "mean": 2301.89550781,
        "median": 2419.58203125,
        "min": 902.438964844,
        "skew": -0.702177762985,
        "var": 360628.3125
    },
    "spectral_complexity": {
        "kurt": -1.31954014301,
        "max": 4,
        "mean": 1.65789473057,
        "median": 1.5,
        "min": 0,
        "skew": 0.0383962877095,
        "var": 1.43559575081
    },
    "spectral_crest": {
        "kurt": -1.33468878269,
        "max": 20.3635654449,
        "mean": 11.8838434219,
        "median": 11.3318872452,
        "min": 4.38834190369,
        "skew": 0.2789080441,
        "var": 23.9897708893
    },
    "spectral_decrease": {
        "kurt": 0.404461860657,
        "max": -7.30335930621e-12,
        "mean": -1.53189128049e-10,
        "median": -8.73807970425e-11,
        "min": -5.28855403914e-10,
        "skew": -1.33300042152,
        "var": 2.21884203825e-20
    },
    "spectral_energy": {
        "kurt": 0.406920433044,
        "max": 0.00274010677822,
        "mean": 0.000768733618315,
        "median": 0.000421703793108,
        "min": 3.29189279e-05,
        "skew": 1.33894002438,
        "var": 6.11606253642e-07
    },
    "spectral_energyband_high": {
        "kurt": 4.43434906006,
        "max": 1.56668720592e-05,
        "mean": 5.69619578528e-06,
        "median": 5.15963074577e-06,
        "min": 4.81183008105e-07,
        "skew": 1.37178874016,
        "var": 6.38664555269e-12
    },
    "spectral_energyband_low": {
        "kurt": 3.07921028137,
        "max": 8.04016672191e-05,
        "mean": 2.1846342861e-05,
        "median": 1.88292942767e-05,
        "min": 6.57178986785e-07,
        "skew": 1.72392857075,
        "var": 2.71472261337e-10
    },
    "spectral_energyband_middle_high": {
        "kurt": 0.397514820099,
        "max": 0.00268685584888,
        "mean": 0.000713588204235,
        "median": 0.000361555896234,
        "min": 2.88193095912e-05,
        "skew": 1.33969306946,
        "var": 6.16539352905e-07
    },
    "spectral_energyband_middle_low": {
        "kurt": 3.30400466919,
        "max": 7.22912445781e-05,
        "mean": 2.96962443826e-05,
        "median": 3.01279796986e-05,
        "min": 2.93247512673e-06,
        "skew": 0.991176009178,
        "var": 1.33035221728e-10
    },
    "spectral_flatness_db": {
        "kurt": -0.672571659088,
        "max": 0.291962742805,
        "mean": 0.173547938466,
        "median": 0.161933347583,
        "min": 0.0984743088484,
        "skew": 0.724480569363,
        "var": 0.00297496956773
    },
    "spectral_flux": {
        "kurt": 4.62385177612,
        "max": 0.0280336048454,
        "mean": 0.012600986287,
        "median": 0.012513468042,
        "min": 0.00730971293524,
        "skew": 1.71139621735,
        "var": 1.51217527673e-05
    },
    "spectral_kurtosis": {
        "kurt": 1.97736692429,
        "max": 16.145357132,
        "mean": 6.76670026779,
        "median": 5.72194719315,
        "min": 3.06317901611,
        "skew": 1.48806416988,
        "var": 7.99489212036
    },
    "spectral_rms": {
        "kurt": -0.413265943527,
        "max": 0.00163501524366,
        "mean": 0.000770398997702,
        "median": 0.000641102087684,
        "min": 0.000179209455382,
        "skew": 0.900860607624,
        "var": 1.5646925533e-07
    },
    "spectral_rolloff": {
        "kurt": 2.18447542191,
        "max": 3359.1796875,
        "mean": 2991.41577148,
        "median": 3090.01464844,
        "min": 1485.79101562,
        "skew": -1.86900377274,
        "var": 275288.25
    },
    "spectral_skewness": {
        "kurt": 11.0258712769,
        "max": 3.50063490868,
        "mean": 1.84188759327,
        "median": 1.73460459709,
        "min": 1.39512598515,
        "skew": 2.79876470566,
        "var": 0.120570294559
    },
    "spectral_spread": {
        "kurt": 6.97676849365,
        "max": 7457571,
        "mean": 3803849.25,
        "median": 3752483.25,
        "min": 2747907,
        "skew": 2.21882820129,
        "var": 715857330176
    },
    "spectral_strongpeak": {
        "kurt": -0.799891471863,
        "max": 5.05060482025,
        "mean": 1.71924412251,
        "median": 1.23228240013,
        "min": 0.0158415362239,
        "skew": 0.762037932873,
        "var": 2.41420078278
    },
    "zerocrossingrate": {
        "kurt": 1.23214530945,
        "max": 0.140625,
        "mean": 0.112317539752,
        "median": 0.121337890625,
        "min": 0.02880859375,
        "skew": -1.412499547,
        "var": 0.000796926557086
    },
    "barkbands": {
        "kurt": [6.3004617691, 4.71950674057, 3.76089859009, 0.369792938232, 0.403089284897, 2.71030950546, -0.525489091873, 3.17850971222, 1.04944324493, 5.87913990021, 15.5846767426, -0.248716115952, 2.61461305618, 3.37389421463, 0.93846654892, -0.308623075485, 1.10479402542, 0.676684856415, 0.279989719391, 0.0391199588776, 1.1474070549, 9.48099994659, 16.9853916168, 8.14797401428, 30.3046035767, 25.1605434418, 31.1829299927],
        "max": [2.75473013289e-07, 4.88179939566e-05, 3.86101237382e-05, 6.57874170429e-06, 1.6976515326e-05, 2.23848019232e-05, 8.44634632813e-06, 1.47717564687e-05, 1.98046909645e-05, 2.00840877369e-05, 0.00012083016918, 1.2935795894e-05, 5.90886847931e-05, 8.78285063663e-05, 1.53836481331e-05, 1.30153594e-05, 0.000189820595551, 0.00203921506181, 0.000695045047905, 8.3028771769e-06, 3.45465946339e-06, 7.45040324546e-06, 2.04698994821e-06, 1.16383216664e-06, 3.66655200423e-07, 1.0774764192e-08, 2.20765628001e-09],
        "mean": [6.45502638008e-08, 1.19553278637e-05, 8.51173263072e-06, 2.34821300182e-06, 6.131572718e-06, 5.8503856053e-06, 3.45785247191e-06, 3.66118956663e-06, 7.2364737207e-06, 4.85951341034e-06, 1.57356826094e-05, 6.25898201179e-06, 1.62348442245e-05, 2.01337916224e-05, 6.00488237978e-06, 5.68467885387e-06, 4.56908746855e-05, 0.000426616607001, 0.000164499782841, 4.19069101554e-06, 1.52064558279e-06, 1.39899600526e-06, 3.83924032121e-07, 2.60940737462e-07, 4.05190370145e-08, 1.72545466803e-09, 1.07384115489e-10],
        "median": [4.93240577271e-08, 9.70344262896e-06, 5.87753902437e-06, 1.82043720542e-06, 4.9774339459e-06, 4.75060915051e-06, 3.09739471049e-06, 3.06861647914e-06, 6.7553601184e-06, 3.30343664245e-06, 1.04414575617e-05, 6.08243044553e-06, 1.27017337945e-05, 1.41735999932e-05, 5.24082406628e-06, 5.27289057572e-06, 2.23490660574e-05, 0.000135937443702, 7.21602118574e-05, 3.98333486373e-06, 1.4940451365e-06, 1.02056014839e-06, 3.26744554968e-07, 2.08947113833e-07, 3.16893746799e-08, 1.3694910761e-09, 2.78747927518e-11],
        "min": [1.01907993155e-08, 3.33142452291e-07, 1.41231623729e-07, 1.42442786455e-07, 7.15785631655e-07, 2.36865304259e-07, 3.50563652773e-07, 1.56694895281e-07, 9.43555846789e-07, 7.28563236407e-07, 1.74148999577e-06, 1.35615550789e-06, 2.98628424389e-06, 2.97126621263e-06, 1.28554745515e-06, 1.70906901076e-06, 1.27138650896e-06, 2.46714466812e-06, 1.38216989853e-06, 2.80795489971e-07, 1.9629734993e-07, 8.36198594811e-08, 3.16252162236e-08, 1.73154006688e-08, 7.28004767581e-09, 4.96077290357e-10, 1.0735791596e-11],
        "skew": [2.05786108971, 1.95270550251, 1.89243078232, 1.13668739796, 0.985431969166, 1.65953063965, 0.694328427315, 1.7070556879, 0.871370136738, 2.34911155701, 3.80904483795, 0.351850092411, 1.71129202843, 1.86721467972, 1.13526141644, 0.730886340141, 1.35297429562, 1.41336321831, 1.24821603298, 0.21392172575, 0.653501093388, 2.83477973938, 3.74545884132, 2.34862446785, 5.55971479416, 4.93546628952, 5.68756771088],
        "var": [2.42664287949e-15, 8.61725621415e-11, 6.78952449817e-11, 2.88029257563e-12, 1.56605301643e-11, 2.29089091447e-11, 4.73849128338e-12, 9.26927718609e-12, 1.5587611063e-11, 1.58689224955e-11, 4.27077928578e-10, 7.16098838213e-12, 1.72899042306e-10, 3.57607859991e-10, 1.12787036655e-11, 1.01673001615e-11, 2.38762698501e-09, 3.39080770573e-07, 3.90168963804e-08, 2.81999792441e-12, 3.7436059027e-13, 1.74368213011e-12, 1.00842816356e-13, 4.02377174006e-14, 2.9903538938e-15, 2.50783646177e-18, 1.22400086589e-19],
        "cov": [[2.49222779356e-15, -1.20032374882e-13, -1.15403915807e-13, -7.97743083614e-15, -9.13330487086e-14, -3.87007591772e-14, -1.5034326594e-14, -4.6387800014e-14, -7.51636708603e-14, -5.47286452539e-14, -1.36487826249e-13, -4.84626817572e-14, -2.39950230909e-13, -3.73375673912e-13, -3.72522786273e-14, -2.20721336174e-14, -6.80615503193e-14, -3.26096131164e-14, -1.42017867193e-13, -2.53694431456e-14, -9.47002062678e-15, -1.10158566026e-14, -1.20419423622e-15, -1.98786562501e-15, -7.26168426347e-17, 5.44277563871e-18, 1.26639920759e-17], [-1.20032374882e-13, 8.85015463692e-11, 5.89967866227e-11, -8.12342706123e-13, 4.41576571315e-13, 8.10805329127e-12, 7.3824556494e-13, 1.55961116417e-12, 4.56661531506e-12, 8.28824075344e-12, 5.30317890296e-12, 7.92403122285e-12, 2.72350978575e-11, 1.47460689492e-11, -4.85351212345e-12, 5.5698669418e-13, -1.20787269076e-10, -1.41705081003e-09, -4.50520787343e-10, 4.5323592969e-12, 7.27184588586e-13, -2.24798326655e-12, -2.14195916321e-13, -2.53389757093e-13, -6.73894059587e-14, -1.62537184012e-15, -7.69965866307e-16], [-1.15403915807e-13, 5.89967866227e-11, 6.97302493524e-11, 1.93063902539e-12, 6.93652340428e-12, 7.30873955107e-12, -4.40502506433e-13, 6.02046667728e-12, 5.82824760675e-12, 5.45830134563e-12, -1.8135231164e-11, 6.06272063802e-12, 2.02469100513e-11, 2.11988955036e-12, -5.92456986248e-12, -3.3494940762e-13, -8.67029989471e-11, -1.13121811918e-09, -3.40147660038e-10, 3.54181896485e-12, 1.91051235704e-13, -1.92750481375e-12, 5.00908078308e-14, -2.52615772267e-13, -5.58235878042e-14, -2.11043618939e-16, -5.63044187622e-16], [-7.97743083614e-15, -8.12342706123e-13, 1.93063902539e-12, 2.95813850845e-12, 2.18301396925e-12, 3.02848376802e-13, 6.3303843504e-13, 1.4678588206e-12, 2.21973242738e-12, -9.65486168119e-14, -6.28921524234e-12, -1.56725042558e-13, -1.15016796001e-12, 6.28236991509e-13, -6.10230453408e-14, 2.42738392321e-13, 1.02532045354e-11, 1.67505648241e-10, 7.47562359238e-11, -7.8211437706e-14, 3.40553425033e-14, -3.10041333156e-14, -2.97704670974e-14, -3.55594595653e-15, -8.99841893977e-15, -2.78733767228e-16, -1.52508586556e-16], [-9.13330487086e-14, 4.41576571315e-13, 6.93652340428e-12, 2.18301396925e-12, 1.608378708e-11, 8.68563738727e-13, -1.64500493305e-13, 5.02421975551e-12, 5.34352813733e-12, 3.76732770414e-13, -5.97161122634e-12, -8.89325939279e-13, 1.34370431448e-11, 2.69875476133e-11, 2.47359012613e-12, 2.67068404067e-13, 6.44710326791e-12, 3.97068128377e-10, 9.98487750814e-11, 8.06355524886e-13, 3.95893062256e-13, -8.07362694494e-13, -1.13480276879e-13, -2.62762850893e-14, -3.78729911473e-14, -3.83612010328e-16, -3.13486496732e-16], [-3.87007591772e-14, 8.10805329127e-12, 7.30873955107e-12, 3.02848376802e-13, 8.68563738727e-13, 2.35280683825e-11, 1.3612863007e-12, 3.68922205068e-13, 6.56542691307e-13, 5.21138947968e-12, 5.5827820665e-12, 1.73568028439e-12, -1.17542156564e-11, -5.85980829831e-12, 5.72592407516e-12, 3.42254523333e-12, 1.67096718406e-11, 6.98445398739e-11, -1.04042139487e-11, 4.66945622793e-12, 9.30197867517e-13, 5.28082460573e-13, 1.10710038684e-13, 1.33244787816e-13, -5.54421519274e-15, -4.47717687238e-16, -3.67823369131e-16], [-1.5034326594e-14, 7.3824556494e-13, -4.40502506433e-13, 6.3303843504e-13, -1.64500493305e-13, 1.3612863007e-12, 4.86655854504e-12, 4.59817080245e-13, 6.59910833118e-14, -2.34814511585e-12, -1.91903524321e-12, -7.20791319426e-13, 3.56371941505e-12, 3.74756486694e-13, 1.65357983382e-12, 3.34023347176e-12, 2.19045372118e-11, 4.10580208721e-10, 8.69442538798e-12, -6.51923502161e-13, 2.1827922499e-13, -9.51897726766e-14, 2.9721251095e-14, 4.19731625487e-14, -5.1256678379e-15, -5.67955244945e-17, -1.69181463975e-16], [-4.6387800014e-14, 1.55961116417e-12, 6.02046667728e-12, 1.4678588206e-12, 5.02421975551e-12, 3.68922205068e-13, 4.59817080245e-13, 9.51979814423e-12, 6.27447703169e-12, 1.63266720022e-12, -1.02322117793e-11, 9.86511111516e-13, 1.71934359111e-11, 2.61760439713e-11, 2.64824338674e-12, 3.71868524472e-13, -1.02112181558e-11, -2.71208472347e-10, -8.30431487464e-11, 7.00389778726e-13, -4.20401086447e-14, -4.7303968468e-13, -5.74950514715e-14, -9.49908757881e-14, -2.142968962e-14, -7.76332536515e-16, -2.08232197473e-16], [-7.51636708603e-14, 4.56661531506e-12, 5.82824760675e-12, 2.21973242738e-12, 5.34352813733e-12, 6.56542691307e-13, 6.59910833118e-14, 6.27447703169e-12, 1.60088990675e-11, 4.21323219368e-12, -1.049763141e-12, 1.62136065207e-13, 2.07849380068e-11, 3.24382534722e-11, 5.9302163874e-12, 1.65314647822e-12, -2.98915857344e-11, -6.75977163134e-10, -1.10539424836e-10, 1.60267502394e-12, -7.52283706249e-14, -4.88970680352e-13, -2.31352697416e-13, -2.15141557455e-13, -5.43976010612e-14, -1.63275055589e-15, -4.28171819645e-16], [-5.47286452539e-14, 8.28824075344e-12, 5.45830134563e-12, -9.65486168119e-14, 3.76732770414e-13, 5.21138947968e-12, -2.34814511585e-12, 1.63266720022e-12, 4.21323219368e-12, 1.6297813793e-11, 5.36025520845e-12, 6.55164290875e-12, 1.88216087681e-12, 3.07510857056e-11, 1.71544202454e-13, -2.06847386441e-12, -3.51198757575e-11, -7.03978764172e-10, -1.14160333964e-10, 1.54733691138e-12, -1.56588324664e-13, -7.09866789916e-13, -1.32135554126e-13, -8.31172492486e-14, -1.70584727577e-14, -9.25374071634e-16, -2.96215336119e-16], [-1.36487826249e-13, 5.30317890296e-12, -1.8135231164e-11, -6.28921524234e-12, -5.97161122634e-12, 5.5827820665e-12, -1.91903524321e-12, -1.02322117793e-11, -1.049763141e-12, 5.36025520845e-12, 4.38620584298e-10, -8.40114349615e-12, -2.14555955468e-12, -4.22391600863e-11, 1.27390138369e-11, 1.88274153212e-11, -1.20534859871e-10, -1.75290870708e-09, -8.93513429912e-10, 4.16633177611e-12, 1.19258737e-12, -1.0104589691e-12, -1.87968781165e-13, -5.49523588526e-13, 4.23026719177e-14, 1.02661134361e-15, -9.20201664941e-16], [-4.84626817572e-14, 7.92403122285e-12, 6.06272063802e-12, -1.56725042558e-13, -8.89325939279e-13, 1.73568028439e-12, -7.20791319426e-13, 9.86511111516e-13, 1.62136065207e-13, 6.55164290875e-12, -8.40114349615e-12, 7.35452844458e-12, 6.74047146224e-12, 2.33650425396e-11, -2.06625276784e-12, -2.6993674223e-12, -3.55138488062e-11, -4.91764295951e-10, -1.35183905736e-10, 1.04285568896e-12, -2.71307126342e-14, -1.88062998334e-13, 2.29241301777e-14, 5.44462715744e-14, 1.16209684697e-14, -1.99216153789e-16, -3.21827971318e-16], [-2.39950230909e-13, 2.72350978575e-11, 2.02469100513e-11, -1.15016796001e-12, 1.34370431448e-11, -1.17542156564e-11, 3.56371941505e-12, 1.71934359111e-11, 2.07849380068e-11, 1.88216087681e-12, -2.14555955468e-12, 6.74047146224e-12, 1.77571984894e-10, 1.78566050835e-10, 1.05466113273e-11, 3.26988626063e-13, -2.42837000508e-10, -3.11682457621e-09, -1.08188280556e-09, 3.31145180721e-12, -8.5170721387e-13, -3.08171673943e-12, -8.65232635972e-13, -7.52292867758e-13, -1.37734767168e-13, -2.38730328129e-15, -9.08648135541e-16], [-3.73375673912e-13, 1.47460689492e-11, 2.11988955036e-12, 6.28236991509e-13, 2.69875476133e-11, -5.85980829831e-12, 3.74756486694e-13, 2.61760439713e-11, 3.24382534722e-11, 3.07510857056e-11, -4.22391600863e-11, 2.33650425396e-11, 1.78566050835e-10, 3.67272934287e-10, 1.90453555704e-11, 2.42766440631e-12, -2.16110379592e-10, -3.0510334259e-09, -9.99634597321e-10, 4.60957487458e-12, -9.09012719697e-13, -4.15390638553e-12, -1.01150988627e-12, -7.55590577085e-13, -1.62165514849e-13, -3.56265361044e-15, -9.86171026093e-16], [-3.72522786273e-14, -4.85351212345e-12, -5.92456986248e-12, -6.10230453408e-14, 2.47359012613e-12, 5.72592407516e-12, 1.65357983382e-12, 2.64824338674e-12, 5.9302163874e-12, 1.71544202454e-13, 1.27390138369e-11, -2.06625276784e-12, 1.05466113273e-11, 1.90453555704e-11, 1.15835336115e-11, 2.88192278201e-12, -4.09000827997e-12, -1.11938902592e-10, -6.98652455333e-11, 9.14550444923e-13, 2.25315900377e-13, -2.95264233527e-14, -1.05151774603e-13, -1.07812521931e-13, -2.28605789897e-14, -6.15535984034e-16, -2.14352950194e-16], [-2.20721336174e-14, 5.5698669418e-13, -3.3494940762e-13, 2.42738392321e-13, 2.67068404067e-13, 3.42254523333e-12, 3.34023347176e-12, 3.71868524472e-13, 1.65314647822e-12, -2.06847386441e-12, 1.88274153212e-11, -2.6993674223e-12, 3.26988626063e-13, 2.42766440631e-12, 2.88192278201e-12, 1.04420925032e-11, 8.95228335906e-11, 1.00052233165e-09, 2.4362742379e-10, 1.07831712309e-12, 7.29366220198e-13, 8.89784773639e-13, 8.70896440359e-14, 6.90937717739e-14, -1.00656550423e-14, -8.60312504808e-17, -1.39360292639e-16], [-6.80615503193e-14, -1.20787269076e-10, -8.67029989471e-11, 1.02532045354e-11, 6.44710326791e-12, 1.67096718406e-11, 2.19045372118e-11, -1.02112181558e-11, -2.98915857344e-11, -3.51198757575e-11, -1.20534859871e-10, -3.55138488062e-11, -2.42837000508e-10, -2.16110379592e-10, -4.09000827997e-12, 8.95228335906e-11, 2.4521575881e-09, 2.41362982933e-08, 7.89566723114e-09, -1.73694695779e-12, 5.69631017702e-12, 1.98178452815e-11, 2.88745893515e-12, 3.99492331576e-12, 1.00729903476e-13, -1.32706430616e-15, -7.55994375479e-16], [-3.26096131164e-14, -1.41705081003e-09, -1.13121811918e-09, 1.67505648241e-10, 3.97068128377e-10, 6.98445398739e-11, 4.10580208721e-10, -2.71208472347e-10, -6.75977163134e-10, -7.03978764172e-10, -1.75290870708e-09, -4.91764295951e-10, -3.11682457621e-09, -3.0510334259e-09, -1.11938902592e-10, 1.00052233165e-09, 2.41362982933e-08, 3.48245094983e-07, 1.00185552299e-07, -9.53704129558e-11, 1.11815022519e-10, 1.94052579561e-10, 1.55315395961e-11, 4.13084878803e-11, 2.82329091746e-13, 1.32293290295e-14, -3.30260729585e-15], [-1.42017867193e-13, -4.50520787343e-10, -3.40147660038e-10, 7.47562359238e-11, 9.98487750814e-11, -1.04042139487e-11, 8.69442538798e-12, -8.30431487464e-11, -1.10539424836e-10, -1.14160333964e-10, -8.93513429912e-10, -1.35183905736e-10, -1.08188280556e-09, -9.99634597321e-10, -6.98652455333e-11, 2.4362742379e-10, 7.89566723114e-09, 1.00185552299e-07, 4.00714057491e-08, 2.20905065074e-11, 3.98835860171e-11, 1.17224757679e-10, 1.67381351834e-11, 2.05520947483e-11, 2.38401269212e-12, 5.28379186379e-14, -2.3340066977e-15], [-2.53694431456e-14, 4.5323592969e-12, 3.54181896485e-12, -7.8211437706e-14, 8.06355524886e-13, 4.66945622793e-12, -6.51923502161e-13, 7.00389778726e-13, 1.60267502394e-12, 1.54733691138e-12, 4.16633177611e-12, 1.04285568896e-12, 3.31145180721e-12, 4.60957487458e-12, 9.14550444923e-13, 1.07831712309e-12, -1.73694695779e-12, -9.53704129558e-11, 2.20905065074e-11, 2.89621408453e-12, 5.85091274475e-13, 8.57447955954e-13, 2.15926140358e-13, 1.03691645656e-13, 2.87058923723e-14, 6.57266385669e-16, -2.30868173606e-16], [-9.47002062678e-15, 7.27184588586e-13, 1.91051235704e-13, 3.40553425033e-14, 3.95893062256e-13, 9.30197867517e-13, 2.1827922499e-13, -4.20401086447e-14, -7.52283706249e-14, -1.56588324664e-13, 1.19258737e-12, -2.71307126342e-14, -8.5170721387e-13, -9.09012719697e-13, 2.25315900377e-13, 7.29366220198e-13, 5.69631017702e-12, 1.11815022519e-10, 3.98835860171e-11, 5.85091274475e-13, 3.84478446259e-13, 4.97321313905e-13, 1.23713796911e-13, 6.77537656513e-14, 1.86301881311e-14, 5.16278122175e-16, -6.74618265875e-17], [-1.10158566026e-14, -2.24798326655e-12, -1.92750481375e-12, -3.10041333156e-14, -8.07362694494e-13, 5.28082460573e-13, -9.51897726766e-14, -4.7303968468e-13, -4.88970680352e-13, -7.09866789916e-13, -1.0104589691e-12, -1.88062998334e-13, -3.08171673943e-12, -4.15390638553e-12, -2.95264233527e-14, 8.89784773639e-13, 1.98178452815e-11, 1.94052579561e-10, 1.17224757679e-10, 8.57447955954e-13, 4.97321313905e-13, 1.79080871226e-12, 3.36814506407e-13, 2.16478961493e-13, 5.76150252182e-14, 1.53596020688e-15, -5.91194255598e-17], [-1.20419423622e-15, -2.14195916321e-13, 5.00908078308e-14, -2.97704670974e-14, -1.13480276879e-13, 1.10710038684e-13, 2.9721251095e-14, -5.74950514715e-14, -2.31352697416e-13, -1.32135554126e-13, -1.87968781165e-13, 2.29241301777e-14, -8.65232635972e-13, -1.01150988627e-12, -1.05151774603e-13, 8.70896440359e-14, 2.88745893515e-12, 1.55315395961e-11, 1.67381351834e-11, 2.15926140358e-13, 1.23713796911e-13, 3.36814506407e-13, 1.03568304106e-13, 5.28602701433e-14, 1.59675993537e-14, 4.43932164648e-16, -1.56501877063e-17], [-1.98786562501e-15, -2.53389757093e-13, -2.52615772267e-13, -3.55594595653e-15, -2.62762850893e-14, 1.33244787816e-13, 4.19731625487e-14, -9.49908757881e-14, -2.15141557455e-13, -8.31172492486e-14, -5.49523588526e-13, 5.44462715744e-14, -7.52292867758e-13, -7.55590577085e-13, -1.07812521931e-13, 6.90937717739e-14, 3.99492331576e-12, 4.13084878803e-11, 2.05520947483e-11, 1.03691645656e-13, 6.77537656513e-14, 2.16478961493e-13, 5.28602701433e-14, 4.13252230016e-14, 8.99626662905e-15, 2.28061159359e-16, -1.12286194734e-17], [-7.26168426347e-17, -6.73894059587e-14, -5.58235878042e-14, -8.99841893977e-15, -3.78729911473e-14, -5.54421519274e-15, -5.1256678379e-15, -2.142968962e-14, -5.43976010612e-14, -1.70584727577e-14, 4.23026719177e-14, 1.16209684697e-14, -1.37734767168e-13, -1.62165514849e-13, -2.28605789897e-14, -1.00656550423e-14, 1.00729903476e-13, 2.82329091746e-13, 2.38401269212e-12, 2.87058923723e-14, 1.86301881311e-14, 5.76150252182e-14, 1.59675993537e-14, 8.99626662905e-15, 3.07117417774e-15, 8.27951147837e-17, -1.401647932e-18], [5.44277563871e-18, -1.62537184012e-15, -2.11043618939e-16, -2.78733767228e-16, -3.83612010328e-16, -4.47717687238e-16, -5.67955244945e-17, -7.76332536515e-16, -1.63275055589e-15, -9.25374071634e-16, 1.02661134361e-15, -1.99216153789e-16, -2.38730328129e-15, -3.56265361044e-15, -6.15535984034e-16, -8.60312504808e-17, -1.32706430616e-15, 1.32293290295e-14, 5.28379186379e-14, 6.57266385669e-16, 5.16278122175e-16, 1.53596020688e-15, 4.43932164648e-16, 2.28061159359e-16, 8.27951147837e-17, 2.57561584795e-18, 6.5940544299e-20], [1.26639920759e-17, -7.69965866307e-16, -5.63044187622e-16, -1.52508586556e-16, -3.13486496732e-16, -3.67823369131e-16, -1.69181463975e-16, -2.08232197473e-16, -4.28171819645e-16, -2.96215336119e-16, -9.20201664941e-16, -3.21827971318e-16, -9.08648135541e-16, -9.86171026093e-16, -2.14352950194e-16, -1.39360292639e-16, -7.55994375479e-16, -3.30260729585e-15, -2.3340066977e-15, -2.30868173606e-16, -6.74618265875e-17, -5.91194255598e-17, -1.56501877063e-17, -1.12286194734e-17, -1.401647932e-18, 6.5940544299e-20, 1.25708201578e-19]]
    },
    "mfcc": {
        "kurt": [7.40199947357, 1.5834107399, 0.40417766571, -0.332436084747, -0.753308773041, -0.361653804779, -0.225247859955, 0.375536203384, -0.639329433441, -0.94814991951, -0.398017883301, 0.422741413116, 0.710815191269],
        "max": [-817.071228027, 134.796295166, -33.7724227905, 64.1430282593, 18.4296112061, 21.0059967041, 30.0143203735, 43.8552932739, 1.10105133057, 9.28066062927, 25.3215904236, 14.5022735596, 6.2162361145],
        "mean": [-844.49017334, 102.48563385, -65.1303863525, 38.3695220947, 4.80275726318, -8.6548871994, 12.856965065, 20.5076732635, -17.7272338867, -1.467918396, 15.2629394531, -3.77200889587, -9.44208335876],
        "median": [-839.823547363, 102.890655518, -66.8117446899, 36.4180374146, 4.87749481201, -8.22305679321, 10.5269126892, 24.0543270111, -17.9771232605, -0.534652709961, 16.0825653076, -4.80285835266, -9.23851490021],
        "min": [-948.275024414, 50.9250717163, -82.8201904297, -0.164501190186, -6.14013671875, -34.450252533, -5.52949142456, -15.1685943604, -34.6756057739, -15.1990661621, -2.42310714722, -17.8148880005, -27.2768688202],
        "skew": [-2.25280117989, -0.579361736774, 0.861026525497, -0.200335383415, 0.221560135484, 0.156789466739, 0.270744740963, -0.866150081158, 0.191354006529, -0.228799521923, -0.567327737808, 0.330086708069, -0.0825888216496],
        "var": [557.244018555, 244.515579224, 131.58354187, 227.171157837, 43.035736084, 188.480957031, 60.126914978, 165.012496948, 83.6458892822, 41.7064666748, 47.7810516357, 43.2901344299, 40.0360450745],
        "cov": [[572.3046875, -120.031303406, -108.98739624, 264.253356934, 18.4430561066, -153.871765137, -38.0809211731, 196.233215332, -122.003036499, -51.206237793, 52.4272193909, -25.6310920715, -21.8909168243], [-120.031303406, 251.124099731, 89.4155044556, -141.10256958, -48.252696991, 158.092727661, 27.7251243591, -150.745254517, 107.149543762, 59.7111206055, -44.638343811, 37.8264045715, 23.5009212494], [-108.98739624, 89.4155044556, 135.139846802, -93.3086929321, -42.5072822571, 124.931968689, 17.6950492859, -92.1966094971, 57.6923751831, 36.4109954834, -33.1381607056, 29.3697338104, 34.0152816772], [264.253356934, -141.10256958, -93.3086929321, 233.310913086, 46.6239585876, -166.293258667, -17.4530067444, 157.933609009, -104.85849762, -55.5597305298, 39.3316459656, -31.5608310699, -38.0998878479], [18.4430561066, -48.252696991, -42.5072822571, 46.6239585876, 44.1988639832, -57.0434112549, -16.2834320068, 36.1227073669, -31.9360027313, -15.8615636826, 15.9060935974, -0.231382697821, -13.0868558884], [-153.871765137, 158.092727661, 124.931968689, -166.293258667, -57.0434112549, 193.575042725, 35.1664428711, -140.552139282, 100.197875977, 58.7180366516, -34.3116798401, 30.856048584, 41.2222633362], [-38.0809211731, 27.7251243591, 17.6950492859, -17.4530067444, -16.2834320068, 35.1664428711, 61.7519645691, -2.85829281807, 10.387720108, 12.9882984161, 0.922222435474, -5.41777467728, -3.81352901459], [196.233215332, -150.745254517, -92.1966094971, 157.933609009, 36.1227073669, -140.552139282, -2.85829281807, 169.472305298, -82.7975006104, -48.6522102356, 37.7886581421, -32.7975082397, -23.9345245361], [-122.003036499, 107.149543762, 57.6923751831, -104.85849762, -31.9360027313, 100.197875977, 10.387720108, -82.7975006104, 85.9065856934, 34.6693496704, -32.5114860535, 21.003288269, 29.1584072113], [-51.206237793, 59.7111206055, 36.4109954834, -55.5597305298, -15.8615636826, 58.7180366516, 12.9882984161, -48.6522102356, 34.6693496704, 42.8336677551, -1.90198886395, 11.6089992523, 3.46237015724], [52.4272193909, -44.638343811, -33.1381607056, 39.3316459656, 15.9060935974, -34.3116798401, 0.922222435474, 37.7886581421, -32.5114860535, -1.90198886395, 49.072429657, 0.0155608719215, -14.9345703125], [-25.6310920715, 37.8264045715, 29.3697338104, -31.5608310699, -0.231382697821, 30.856048584, -5.41777467728, -32.7975082397, 21.003288269, 11.6089992523, 0.0155608719215, 44.4601402283, 23.1333580017], [-21.8909168243, 23.5009212494, 34.0152816772, -38.0998878479, -13.0868558884, 41.2222633362, -3.81352901459, -23.9345245361, 29.1584072113, 3.46237015724, -14.9345703125, 23.1333580017, 41.1181030273]]
    },
    "sccoeffs": {
        "kurt": [1.90926647186, -0.329376220703, 3.90692853928, 0.199533700943, -0.854401826859, 0.148921728134],
        "max": [-0.670077741146, -0.754901230335, -0.711749494076, -0.730653643608, -0.599363148212, -0.779249787331],
        "mean": [-0.778768062592, -0.843732833862, -0.847447156906, -0.820933699608, -0.733922183514, -0.810595870018],
        "median": [-0.775326251984, -0.848908126354, -0.85457098484, -0.814502954483, -0.73929309845, -0.807766914368],
        "min": [-0.944332540035, -0.951248109341, -0.912804365158, -0.896690487862, -0.862763404846, -0.849750101566],
        "skew": [-0.691410183907, -0.106963343918, 1.60507678986, 0.228609412909, 0.059426933527, -0.349691331387],
        "var": [0.0023768725805, 0.00180170591921, 0.00128380779643, 0.00115220644511, 0.00538339838386, 0.000236878782744],
        "cov": [[0.00244111241773, 0.000567034468986, 0.000485834782012, 0.000746033154428, -0.000483249692479, 0.000224636765779], [0.000567034468986, 0.00185040058568, 0.000255526450928, 7.09932719474e-05, 0.000406556413509, 0.000196959503228], [0.000485834782012, 0.000255526450928, 0.00131850526668, -0.000192763574887, 0.000213057603105, -0.000107976164145], [0.000746033154428, 7.09932719474e-05, -0.000192763574887, 0.00118334707804, -0.000649870664347, 0.000105865918158], [-0.000483249692479, 0.000406556413509, 0.000213057603105, -0.000649870664347, 0.00552889565006, 0.000349962559994], [0.000224636765779, 0.000196959503228, -0.000107976164145, 0.000105865918158, 0.000349962559994, 0.0002432809124]]
    },
    "scvalleys": {
        "kurt": [-0.699150323868, -0.135902881622, -0.302079677582, -0.0151786804199, 2.50451755524, 8.87674331665],
        "max": [-7.58858346939, -7.15390253067, -7.24476337433, -7.44398117065, -8.25086021423, -9.72793483734],
        "mean": [-8.00751686096, -7.89025640488, -7.81402921677, -8.10104084015, -8.65990829468, -11.0042161942],
        "median": [-7.96530056, -7.85925960541, -7.82091808319, -8.09203052521, -8.64211750031, -11.0016460419],
        "min": [-8.60099887848, -8.71113777161, -8.34051513672, -8.52794551849, -9.45611953735, -11.7975616455],
        "skew": [-0.512455701828, -0.0630938485265, -0.026077568531, 0.264302223921, -1.13627684116, 1.62996304035],
        "var": [0.0764498263597, 0.11874320358, 0.0662467703223, 0.0579975098372, 0.0493454188108, 0.0829984769225],
        "cov": [[0.078516036272, 0.0140794254839, 0.00766711123288, -0.00538730528206, 0.0108912680298, -0.00412763655186], [0.0140794254839, 0.121952481568, -0.00385405798443, 0.0181123800576, 0.00810136832297, 0.00669620232657], [0.00766711123288, -0.00385405798443, 0.0680372193456, 0.00405017891899, 0.0223053619266, 0.00120443745982], [-0.00538730528206, 0.0181123800576, 0.00405017891899, 0.0595650076866, 0.00530195981264, -0.00837673991919], [0.0108912680298, 0.00810136832297, 0.0223053619266, 0.00530195981264, 0.050679076463, 0.0347749106586], [-0.00412763655186, 0.00669620232657, 0.00120443745982, -0.00837673991919, 0.0347749106586, 0.0852416753769]]
    }
},
"rhythm": {
    "bpm": 0,
    "confidence": 0,
    "first_peak_bpm": {
        "kurt": 0,
        "max": 0,
        "mean": 0,
        "median": 0,
        "min": 0,
        "skew": 0,
        "var": 0
    },
    "first_peak_spread": {
        "kurt": 0,
        "max": 0,
        "mean": 0,
        "median": 0,
        "min": 0,
        "skew": 0,
        "var": 0
    },
    "first_peak_weight": {
        "kurt": 0,
        "max": 0,
        "mean": 0,
        "median": 0,
        "min": 0,
        "skew": 0,
        "var": 0
    },
    "onset_rate": 3.515625,
    "second_peak_bpm": {
        "kurt": 0,
        "max": 0,
        "mean": 0,
        "median": 0,
        "min": 0,
        "skew": 0,
        "var": 0
    },
    "second_peak_spread": {
        "kurt": 0,
        "max": 0,
        "mean": 0,
        "median": 0,
        "min": 0,
        "skew": 0,
        "var": 0
    },
    "second_peak_weight": {
        "kurt": 0,
        "max": 0,
        "mean": 0,
        "median": 0,
        "min": 0,
        "skew": 0,
        "var": 0
    },
    "beats_position": [],
    "bpm_estimates": [],
    "bpm_intervals": [],
    "onset_times": [0.0116099771112, 0.127709746361, 0.441179126501],
    "histogram": [[0, 0, 0, 0, 0, 0, 0, 0, 0, 0, 0, 0, 0, 0, 0, 0, 0, 0, 0, 0, 0, 0, 0, 0, 0, 0, 0, 0, 0, 0, 0, 0, 0, 0, 0, 0, 0, 0, 0, 0, 0, 0, 0, 0, 0, 0, 0, 0, 0, 0, 0, 0, 0, 0, 0, 0, 0, 0, 0, 0, 0, 0, 0, 0, 0, 0, 0, 0, 0, 0, 0, 0, 0, 0, 0, 0, 0, 0, 0, 0, 0, 0, 0, 0, 0, 0, 0, 0, 0, 0, 0, 0, 0, 0, 0, 0, 0, 0, 0, 0, 0, 0, 0, 0, 0, 0, 0, 0, 0, 0, 0, 0, 0, 0, 0, 0, 0, 0, 0, 0, 0, 0, 0, 0, 0, 0, 0, 0, 0, 0, 0, 0, 0, 0, 0, 0, 0, 0, 0, 0, 0, 0, 0, 0, 0, 0, 0, 0, 0, 0, 0, 0, 0, 0, 0, 0, 0, 0, 0, 0, 0, 0, 0, 0, 0, 0, 0, 0, 0, 0, 0, 0, 0, 0, 0, 0, 0, 0, 0, 0, 0, 0, 0, 0, 0, 0, 0, 0, 0, 0, 0, 0, 0, 0, 0, 0, 0, 0, 0, 0, 0, 0, 0, 0, 0, 0, 0, 0, 0, 0, 0, 0, 0, 0, 0, 0, 0, 0, 0, 0, 0, 0, 0, 0, 0, 0, 0, 0, 0, 0, 0, 0, 0, 0, 0, 0, 0, 0, 0, 0, 0, 0, 0, 0, 0, 0, 0, 0, 0, 0]]
},
"sfx": {
    "inharmonicity": {
        "kurt": -0.883162736893,
        "max": 0.471147567034,
        "mean": 0.187647536397,
        "median": 0.199815899134,
        "min": 0,
        "skew": 0.358461916447,
        "var": 0.0189682729542
    },
    "oddtoevenharmonicenergyratio": {
        "kurt": 10.9954910278,
        "max": 18.0976028442,
        "mean": 1.96869838238,
        "median": 0.561128675938,
        "min": 0,
        "skew": 3.23551726341,
        "var": 11.9623327255
    },
    "pitch_after_max_to_before_max_energy_ratio": 2.79967355728,
    "pitch_centroid": 20.3024139404,
    "pitch_max_to_total": 0.315789461136,
    "pitch_min_to_total": 0.0263157896698,
    "tristimulus": {
        "kurt": [4.68280982971, 1.54836177826, -0.613601922989],
        "max": [1, 0.866636455059, 0.9489377141],
        "mean": [0.151631072164, 0.22286696732, 0.625502049923],
        "median": [0.0510132722557, 0.145223289728, 0.771189212799],
        "min": [0, 0, 0],
        "skew": [2.49675512314, 1.63993990421, -1.04866623878],
        "var": [0.0752634629607, 0.0548521280289, 0.115920215845],
        "cov": [[0.0772976130247, -0.00728951580822, -0.0700080990791], [-0.00728951580822, 0.056334618479, -0.0490451082587], [-0.0700080990791, -0.0490451082587, 0.119053199887]]
    }
},
"tonal": {
    "chords_changes_rate": 0,
    "chords_number_rate": 0.0500000007451,
    "chords_strength": {
        "kurt": -2,
        "max": 0.279877066612,
        "mean": 0.279877126217,
        "median": 0.279877066612,
        "min": 0.279877066612,
        "skew": -1,
        "var": 3.5527136788e-15
    },
    "key_strength": 0.491603791714,
    "tuning_diatonic_strength": 0.393601059914,
    "tuning_equal_tempered_deviation": 0.160547867417,
    "tuning_frequency": 446.399932861,
    "tuning_nontempered_energy_ratio": 0.761876702309,
    "hpcp": {
        "kurt": [5.36588096619, -0.443391084671, 1.70351934433, 5.38578891754, 4.23482608795, 0.0589022636414, 0.600432872772, 3.5932598114, 2.24216413498, 0.171154022217, 2.26015424728, 6.42749500275, 3.32902526855, -0.364090681076, 1.65140247345, 0.491186857224, 10.1646499634, 12.4799528122, 3.15112113953, 0.0223443508148, -0.905421257019, -0.576252698898, 0.620184183121, 0.592958927155, -0.0220530033112, -0.191297769547, 1.46303129196, 2.02822113037, 1.31313943863, 3.63242578506, 6.45250701904, -0.478748321533, -0.918916702271, -0.880404233932, -0.782901525497, 5.658244133],
        "max": [0.391671806574, 0.193049788475, 0.456993728876, 1, 0.600011765957, 0.177475422621, 0.178834781051, 0.211589336395, 0.220080792904, 0.179549470544, 0.172321900725, 0.226793467999, 0.190049156547, 0.174026474357, 0.271817356348, 0.217375516891, 0.563289940357, 0.535651981831, 0.237933292985, 0.202623829246, 0.302336752415, 0.487385600805, 0.532420754433, 0.512875318527, 0.428130507469, 0.434056818485, 1, 1, 1, 1, 0.569805145264, 0.294628769159, 1, 1, 0.254579603672, 0.317816078663],
        "mean": [0.06952701509, 0.0719421356916, 0.112926326692, 0.157147929072, 0.104724571109, 0.0507727377117, 0.0448998995125, 0.0428554825485, 0.0498109385371, 0.0507171861827, 0.0434476695955, 0.0440618097782, 0.0440565235913, 0.0632886961102, 0.0802590101957, 0.0673733428121, 0.0712660104036, 0.0639365538955, 0.0501981601119, 0.0594240799546, 0.130294933915, 0.192671358585, 0.16413898766, 0.134836629033, 0.123904660344, 0.132761895657, 0.52458781004, 0.899975895882, 0.568785667419, 0.180520042777, 0.0892276018858, 0.12601056695, 0.421661555767, 0.403083086014, 0.106724694371, 0.0590625628829],
        "median": [0.0394704192877, 0.0653690174222, 0.0724709481001, 0.0521059408784, 0.0385988429189, 0.0312721580267, 0.0267637614161, 0.0218708366156, 0.0230415202677, 0.0296779461205, 0.0346411205828, 0.039027787745, 0.0431824848056, 0.0601241514087, 0.0757998526096, 0.0564880818129, 0.0422883592546, 0.0410065017641, 0.0321158021688, 0.0399639308453, 0.10579507798, 0.140857920051, 0.115373469889, 0.0688091143966, 0.0980108678341, 0.0824352502823, 0.522946298122, 1, 0.509876489639, 0.0753525197506, 0.0522532090545, 0.0970356464386, 0.331426680088, 0.282596707344, 0.0890324860811, 0.0379431210458],
        "min": [0.00265633524396, 0.00374524877407, 0.00295524974354, 0.00207661720924, 0.00135067268275, 0.0019774090033, 0.00204592337832, 0.00154184154235, 0.00115325662773, 0.000964598846622, 0.00187522068154, 0.00144996796735, 0.00202977657318, 0.00539719639346, 0.00720857735723, 0.00412889104337, 0.00144396570977, 0.00113260385115, 0.000957316136919, 0.00288931466639, 0.00850601773709, 0.0214644614607, 0.0304480306804, 0.00650205556303, 0.00271326489747, 0.00173711578827, 0.168712541461, 0.429537326097, 0.0706635415554, 0.00292606186122, 0.00222979160026, 0.034779522568, 0.0383781902492, 0.0764332041144, 0.0204975754023, 0.0011585111497],
        "skew": [2.31866383553, 0.697051107883, 1.56037271023, 2.40617227554, 2.13676929474, 0.91614741087, 1.2355363369, 2.00030732155, 1.53361785412, 1.02592122555, 1.42972493172, 2.38531923294, 1.67478525639, 0.685164809227, 1.24775350094, 1.04767346382, 3.25463056564, 3.63534903526, 1.84642779827, 1.09503149986, 0.478212535381, 0.676568031311, 1.17046833038, 1.31957840919, 0.933989644051, 1.0641258955, 0.383266091347, -1.60549855232, 0.186926037073, 2.2408220768, 2.69838118553, 0.784408032894, 0.727824389935, 0.790159761906, 0.606797337532, 2.29497814178],
