{
"metadata": {
    "version": {
        "essentia": "2.1-beta3"
    }
},
"lowLevel": {
    "average_loudness": 0.332577347755,
    "barkbands_kurtosis": {
        "kurt": 3.61913347244,
        "max": 37.0643196106,
        "mean": 3.16871595383,
        "median": -1.34729588032,
        "min": -1.89264082909,
        "skew": 2.33330154419,
        "var": 126.17666626
    },
    "barkbands_skewness": {
        "kurt": 1.80933141708,
        "max": 3.1438536644,
        "mean": -0.335251063108,
        "median": 0.191830098629,
        "min": -4.89438581467,
        "skew": -1.64549410343,
        "var": 3.10575056076
    },
    "barkbands_spread": {
        "kurt": 0.122675895691,
        "max": 58.5736312866,
        "mean": 36.386844635,
        "median": 42.0108718872,
        "min": 2.16351556778,
        "skew": -1.09771680832,
        "var": 240.773544312
    },
    "dissonance": {
        "kurt": 8.2425069809,
        "max": 0.500000119209,
        "mean": 0.479661047459,
        "median": 0.480548918247,
        "min": 0.392233192921,
        "skew": -1.87249290943,
        "var": 0.000163571865414
    },
    "hfc": {
        "kurt": 3.81433010101,
        "max": 458.295928955,
        "mean": 49.3086013794,
        "median": 0.00198305817321,
        "min": 0.000795115891378,
        "skew": 2.39341425896,
        "var": 17821.1191406
    },
    "pitch": {
        "kurt": -1.81468904018,
        "max": 4264.65966797,
        "mean": 2529.76660156,
        "median": 3894.82397461,
        "min": 70.9798965454,
        "skew": -0.395994126797,
        "var": 3196659
    },
    "pitch_instantaneous_confidence": {
        "kurt": -0.618453264236,
        "max": 0.977853298187,
        "mean": 0.484519004822,
        "median": 0.407740652561,
        "min": 0.11122238636,
        "skew": 0.785270094872,
        "var": 0.0660986304283
    },
    "pitch_salience": {
        "kurt": 5.54039287567,
        "max": 0.84522998333,
        "mean": 0.70948767662,
        "median": 0.724206924438,
        "min": 0.29685485363,
        "skew": -2.11295986176,
        "var": 0.00781172886491
    },
    "silence_rate_20dB": {
        "kurt": 0,
        "max": 1,
        "mean": 1,
        "median": 1,
        "min": 1,
        "skew": 0,
        "var": 0
    },
    "silence_rate_30dB": {
        "kurt": 4.2607665062,
        "max": 1,
        "mean": 0.890566051006,
        "median": 1,
        "min": 0,
        "skew": -2.50215649605,
        "var": 0.0974583625793
    },
    "silence_rate_60dB": {
        "kurt": 2.72360372543,
        "max": 1,
        "mean": 0.867924511433,
        "median": 1,
        "min": 0,
        "skew": -2.17337608337,
        "var": 0.11463175714
    },
    "spectral_centroid": {
        "kurt": -0.419474840164,
        "max": 3159.93359375,
        "mean": 1936.58081055,
        "median": 1868.29003906,
        "min": 394.641784668,
        "skew": 0.193854212761,
        "var": 431472.34375
    },
    "spectral_complexity": {
        "kurt": 4.0045747757,
        "max": 14,
        "mean": 1.19245278835,
        "median": 0,
        "min": 0,
        "skew": 2.35801315308,
        "var": 9.4535074234
    },
    "spectral_crest": {
        "kurt": -0.155409812927,
        "max": 16.4566345215,
        "mean": 7.0336432457,
        "median": 5.97279071808,
        "min": 2.66652321815,
        "skew": 0.952290534973,
        "var": 9.25044155121
    },
    "spectral_decrease": {
        "kurt": 3.77444171906,
        "max": -1.003122688e-13,
        "mean": -2.98477464966e-09,
        "median": -2.93459484144e-13,
        "min": -2.74531508637e-08,
        "skew": -2.38612771034,
        "var": 6.49734621642e-17
    },
    "spectral_energy": {
        "kurt": 3.78548955917,
        "max": 0.145182967186,
        "mean": 0.0157376546413,
        "median": 1.30074090521e-06,
        "min": 4.73175191473e-07,
        "skew": 2.3881547451,
        "var": 0.00180885114241
    },
    "spectral_energyband_high": {
        "kurt": 4.10726737976,
        "max": 0.00650855014101,
        "mean": 0.000643906823825,
        "median": 1.83815572541e-07,
        "min": 8.14533720472e-08,
        "skew": 2.43762469292,
        "var": 3.07523418996e-06
    },
    "spectral_energyband_low": {
        "kurt": 231.92918396,
        "max": 7.06378414179e-05,
        "mean": 6.09069843449e-07,
        "median": 8.09904108223e-08,
        "min": 1.06792619192e-08,
        "skew": 14.9407119751,
        "var": 1.96602508579e-11
    },
    "spectral_energyband_middle_high": {
        "kurt": 3.79048967361,
        "max": 0.137071669102,
        "mean": 0.0148658510298,
        "median": 3.21837518413e-07,
        "min": 1.00143331849e-07,
        "skew": 2.38957953453,
        "var": 0.00161815376487
    },
    "spectral_energyband_middle_low": {
        "kurt": 4.19486570358,
        "max": 0.00298651098274,
        "mean": 0.000227644908591,
        "median": 5.64387619306e-07,
        "min": 1.44575949435e-07,
        "skew": 2.38188481331,
        "var": 3.42950386312e-07
    },
    "spectral_flatness_db": {
        "kurt": 2.03568506241,
        "max": 0.458298325539,
        "mean": 0.138797819614,
        "median": 0.0859750434756,
        "min": 0.0534862354398,
        "skew": 1.90036535263,
        "var": 0.0140071120113
    },
    "spectral_flux": {
        "kurt": 37.8075447083,
        "max": 0.346223682165,
        "mean": 0.00978949666023,
        "median": 0.00067586672958,
        "min": 0.000350173708284,
        "skew": 6.06477212906,
        "var": 0.00167823222
    },
    "spectral_kurtosis": {
        "kurt": 3.12749385834,
        "max": 16.4611797333,
        "mean": 4.0133099556,
        "median": 2.63443470001,
        "min": 1.48117542267,
        "skew": 1.95455205441,
        "var": 9.86936187744
    },
    "spectral_rms": {
        "kurt": 3.46392440796,
        "max": 0.0119013413787,
        "mean": 0.00143452419434,
        "median": 3.56232449121e-05,
        "min": 2.148567728e-05,
        "skew": 2.32328820229,
        "var": 1.3295935787e-05
    },
    "spectral_rolloff": {
        "kurt": 5.83079147339,
        "max": 4457.37304688,
        "mean": 3625.8659668,
        "median": 3962.109375,
        "min": 344.53125,
        "skew": -2.22765135765,
        "var": 547813.8125
    },
    "spectral_skewness": {
        "kurt": 1.4292383194,
        "max": 2.78219079971,
        "mean": 1.53846430779,
        "median": 1.4060035944,
        "min": 1.16239666939,
        "skew": 1.47431766987,
        "var": 0.118712484837
    },
    "spectral_spread": {
        "kurt": -0.278234004974,
        "max": 11130300,
        "mean": 7996966,
        "median": 9213821,
        "min": 2223004.25,
        "skew": -1.07031297684,
        "var": 6.75124137165e+12
    },
    "spectral_strongpeak": {
        "kurt": 4.37737751007,
        "max": 36.4538383484,
        "mean": 3.71717715263,
        "median": 0.00466040987521,
        "min": 0.000588065362535,
        "skew": 2.49481964111,
        "var": 104.053634644
    },
    "zerocrossingrate": {
        "kurt": 0.239578485489,
        "max": 0.15185546875,
        "mean": 0.115155145526,
        "median": 0.119140625,
        "min": 0.0380859375,
        "skew": -0.742311239243,
        "var": 0.000543547677808
    },
    "barkbands": {
        "kurt": [177.990341187, 220.964126587, 209.51625061, 246.558181763, 253.192077637, 62.2936859131, 3.72260904312, 89.5945281982, 61.1511688232, 15.2670726776, 108.108161926, 5.8463640213, 6.07314491272, 12.6597576141, 43.2358894348, 8.92085170746, 3.65882205963, 3.71248483658, 4.11686944962, 3.68954324722, 3.90014791489, 5.96169471741, 4.11471319199, 4.01816368103, 6.99367713928, 6.07827949524, 11.7564525604],
        "max": [2.79641358247e-06, 1.87273053598e-05, 2.30610821745e-05, 5.37925225217e-05, 0.000165039673448, 0.000649667344987, 0.00247025699355, 7.41107805879e-06, 1.57035101438e-05, 2.84545149043e-05, 8.53570236359e-06, 3.22456107824e-05, 2.12534978346e-05, 5.74123441766e-05, 8.31202942209e-06, 0.000414547335822, 0.0139520894736, 0.0551085472107, 0.070500344038, 0.00417531793937, 0.00382214202546, 0.000916552962735, 0.000389776629163, 2.95527170238e-05, 2.52425670624e-05, 4.02541530775e-07, 3.57530538508e-08],
        "mean": [2.06707397865e-08, 1.57607573215e-07, 2.39380312905e-07, 4.13876392713e-07, 1.02997171325e-06, 1.69529284904e-05, 0.000208454337553, 1.9101113935e-07, 4.79431434997e-07, 1.39692883749e-06, 1.50941318111e-07, 2.78803463516e-06, 1.50223627315e-06, 3.05424669023e-06, 2.78952711597e-07, 2.21663885895e-05, 0.00137260369956, 0.00610028160736, 0.00703905150294, 0.000460799405118, 0.000383029342629, 7.88439429016e-05, 3.88068256143e-05, 2.99278212879e-06, 1.96020960175e-06, 2.97328135446e-08, 1.80442438769e-09],
        "median": [5.43205203041e-10, 2.38507844585e-08, 4.08422344833e-08, 5.42672111692e-08, 1.00672494341e-07, 1.30932079401e-07, 1.3072191507e-07, 1.87167721322e-08, 2.77728222642e-08, 1.61773314744e-08, 1.12345679426e-08, 1.11023465976e-08, 9.64425606043e-09, 1.0179377341e-08, 1.13044062999e-08, 1.92162303847e-08, 3.66354235837e-08, 4.8083219184e-08, 6.62634960236e-08, 1.62248696256e-07, 5.08586701642e-08, 2.07666381868e-08, 6.59738708109e-09, 4.72565409027e-09, 4.35774927254e-09, 4.17847395573e-10, 1.83636578166e-11],
        "min": [3.67244342575e-12, 1.39061095972e-09, 1.19644738561e-09, 3.85319820495e-09, 8.49613890352e-09, 1.89392377337e-08, 1.92703613067e-08, 1.53411783277e-09, 2.86944090711e-09, 1.24299992521e-09, 1.30213217986e-09, 9.77641079203e-10, 1.10237907691e-09, 1.6659192914e-09, 2.33640840008e-09, 4.19431778198e-09, 6.04480243638e-09, 1.32296946731e-08, 2.06324131113e-08, 5.50441789926e-08, 1.11676072834e-08, 5.39753397533e-09, 2.85879919737e-09, 2.37607822307e-09, 1.57827417802e-09, 2.11269987616e-10, 8.54855509297e-12],
        "skew": [12.9424648285, 14.543627739, 13.956943512, 15.5785522461, 15.8775959015, 7.01057100296, 2.33218169212, 8.2317276001, 6.55717182159, 3.62776064873, 9.63108825684, 2.66338896751, 2.62302660942, 3.49626874924, 6.12156152725, 2.91602516174, 2.35717749596, 2.3746907711, 2.44259405136, 2.36991024017, 2.40864396095, 2.7049934864, 2.43861913681, 2.42341327667, 2.83093619347, 2.69299721718, 3.34465122223],
        "var": [3.58449571023e-14, 1.41824182606e-12, 2.19683212593e-12, 1.10801142567e-11, 1.03237786375e-10, 3.57242257998e-09, 2.91755839044e-07, 3.40038137621e-13, 1.85391762705e-12, 1.41067921233e-11, 4.340954408e-13, 5.55177986916e-11, 1.46528605222e-11, 7.98478089203e-11, 8.3807759994e-13, 3.72508957014e-09, 1.35177397169e-05, 0.000270763935987, 0.000370073976228, 1.53756366217e-06, 1.08417839328e-06, 4.8602029068e-08, 1.1169302816e-08, 6.55953139028e-11, 3.0680884916e-11, 6.56973195802e-15, 2.78053057141e-17],
        "cov": [[3.59807330957e-14, 2.20709260872e-13, 2.61723368672e-13, 5.72696295768e-13, 1.77741155127e-12, 1.28538781181e-13, -3.06694795428e-12, 8.24390062508e-14, 1.73143481974e-13, 5.06439993312e-16, 2.74635915002e-14, 3.15055971492e-14, 3.93750143439e-14, -2.49379747267e-14, 3.73525300588e-14, -3.51359268286e-13, -2.54094644631e-11, -1.14231846204e-10, -1.32478999992e-10, -8.40736941871e-12, -7.06646763673e-12, -1.41894699116e-12, -7.19763441556e-13, -5.07669366343e-14, -3.2269092319e-14, -4.77205820357e-19, -2.66260637979e-17], [2.20709260872e-13, 1.42361393941e-12, 1.72489952009e-12, 3.85141007628e-12, 1.17767592553e-11, 8.74754207871e-13, -2.15613013554e-11, 5.49828357756e-13, 1.14305613585e-12, 1.81467898163e-14, 1.87076645407e-13, 1.85779898952e-13, 2.43599032005e-13, -1.94566923879e-13, 2.45105530924e-13, -2.5198287467e-12, -1.82621848199e-10, -8.24958434897e-10, -9.60471813194e-10, -6.06461131314e-11, -5.12129991193e-11, -1.02775435731e-11, -5.2099834863e-12, -3.71290482084e-13, -2.37127375027e-13, -3.3481285405e-16, -1.96862778624e-16], [2.61723368672e-13, 1.72489952009e-12, 2.20515359445e-12, 4.8066043333e-12, 1.45901919019e-11, 8.16387701798e-13, -3.29794004605e-11, 7.02420760446e-13, 1.53322504432e-12, 3.30432499396e-14, 3.19122929037e-13, 2.67874969168e-13, 3.10139527991e-13, -2.97094190612e-13, 3.29564961475e-13, -3.69659858279e-12, -2.64162053343e-10, -1.1954910395e-09, -1.39688804968e-09, -8.82814099601e-11, -7.48655026861e-11, -1.5218106289e-11, -7.59975155723e-12, -5.44559135198e-13, -3.5426086435e-13, -1.33952500784e-15, -3.0328909355e-16], [5.72696295768e-13, 3.85141007628e-12, 4.8066043333e-12, 1.11220850238e-11, 3.36495241393e-11, 3.11575851925e-12, -5.32501820416e-11, 1.57272621575e-12, 3.27649149132e-12, 1.59170731608e-13, 5.8955526008e-13, 7.00032154639e-13, 7.81425054872e-13, -4.16825916231e-13, 7.1750960208e-13, -6.1651851159e-12, -4.64620397711e-10, -2.10009609702e-09, -2.44590148135e-09, -1.54190576973e-10, -1.30173691271e-10, -2.57778139112e-11, -1.32321514856e-11, -9.34009922356e-13, -5.87471206664e-13, 3.634975454e-16, -4.85816011595e-16], [1.77741155127e-12, 1.17767592553e-11, 1.45901919019e-11, 3.36495241393e-11, 1.0362883468e-10, 1.13174686636e-11, -1.26779864384e-10, 4.75897099506e-12, 1.00642940162e-11, 6.75649586192e-13, 1.87443571949e-12, 2.71127478108e-12, 2.72015006006e-12, -7.39454992463e-13, 2.25454182233e-12, -1.52160194167e-11, -1.16153420215e-09, -5.22885601484e-09, -6.0579141703e-09, -3.81318809861e-10, -3.21541071546e-10, -6.38905942041e-11, -3.27806080891e-11, -2.26762510679e-12, -1.41236046296e-12, 7.09518672927e-15, -1.13648263418e-15], [1.28538781181e-13, 8.74754207871e-13, 8.16387701798e-13, 3.11575851925e-12, 1.13174686636e-11, 3.58595442229e-09, 2.32946906209e-08, 1.06715209586e-11, 3.18125803478e-11, 1.64079916321e-10, 4.72585165445e-12, 2.66507260704e-10, 1.53836859917e-10, 3.59414636941e-10, 3.42903379302e-11, 2.77872191923e-09, 1.40343644262e-07, 5.95998074004e-07, 6.47113722607e-07, 4.29192077434e-08, 3.40323431658e-08, 7.90366794234e-09, 3.63492524968e-09, 2.87119272802e-10, 1.93941640525e-10, 2.76333188103e-12, 1.72766491326e-13], [-3.06694795428e-12, -2.15613013554e-11, -3.29794004605e-11, -5.32501820416e-11, -1.26779864384e-10, 2.32946906209e-08, 2.92860988793e-07, 7.67177432692e-11, 3.53967938294e-10, 1.74193892644e-09, 2.93664155493e-11, 3.81998566112e-09, 1.99218530561e-09, 4.36053770869e-09, 2.65333893745e-10, 3.21518527358e-08, 1.95200686903e-06, 8.67992548592e-06, 1.00156648841e-05, 6.5133389171e-07, 5.43045644008e-07, 1.14630346104e-07, 5.54240102701e-08, 4.26184598723e-09, 2.84729817501e-09, 4.16789831814e-11, 2.54144383489e-12], [8.24390062508e-14, 5.49828357756e-13, 7.02420760446e-13, 1.57272621575e-12, 4.75897099506e-12, 1.06715209586e-11, 7.67177432692e-11, 3.41326169802e-13, 6.6718408142e-13, 6.98196600361e-13, 1.98878077635e-13, 1.10281163541e-12, 7.29998310064e-13, 1.1985845259e-12, 3.07387687352e-13, 8.52114039052e-12, 4.44663084131e-10, 1.86479520714e-09, 2.04629002631e-09, 1.41959694e-10, 1.13080010633e-10, 2.58033906742e-11, 1.16460990157e-11, 9.2417078764e-13, 6.38235449733e-13, 1.03681796357e-14, 5.72324862927e-16], [1.73143481974e-13, 1.14305613585e-12, 1.53322504432e-12, 3.27649149132e-12, 1.00642940162e-11, 3.18125803478e-11, 3.53967938294e-10, 6.6718408142e-13, 1.86094000452e-12, 2.44165516798e-12, 4.2815157344e-13, 5.09111936636e-12, 2.85172710099e-12, 5.18826257997e-12, 7.41097341914e-13, 3.82203955984e-11, 2.2735344718e-09, 1.00976853545e-08, 1.15575637949e-08, 7.69635855047e-10, 6.34958252643e-10, 1.37931749356e-10, 6.4620614415e-11, 4.9502940809e-12, 3.41832790372e-12, 5.21789270049e-14, 3.0182053959e-15], [5.06439993312e-16, 1.81467898163e-14, 3.30432499396e-14, 1.59170731608e-13, 6.75649586192e-13, 1.64079916321e-10, 1.74193892644e-09, 6.98196600361e-13, 2.44165516798e-12, 1.41602268106e-11, 7.2416210398e-13, 2.43401427485e-11, 1.30777775761e-11, 3.10603487375e-11, 2.09296989462e-12, 2.08135272906e-10, 1.07770290469e-08, 4.91537335279e-08, 5.75049732277e-08, 3.5560245859e-09, 3.02580249745e-09, 7.22728266123e-10, 3.21701054684e-10, 2.45959884404e-11, 1.83155990374e-11, 2.55102796526e-13, 1.60215892338e-14], [2.74635915002e-14, 1.87076645407e-13, 3.19122929037e-13, 5.8955526008e-13, 1.87443571949e-12, 4.72585165445e-12, 2.93664155493e-11, 1.98878077635e-13, 4.2815157344e-13, 7.2416210398e-13, 4.35739741815e-13, 6.85701170323e-13, 5.05128762169e-13, 6.86164992013e-13, 3.0246595159e-13, 3.80039402725e-12, 1.52321238955e-10, 5.9167820643e-10, 6.11867112532e-10, 4.53053324023e-11, 3.47303158454e-11, 9.60800015937e-12, 3.78501006579e-12, 3.03156534164e-13, 2.31120569731e-13, 3.43992785374e-15, 1.77788258397e-16], [3.15055971492e-14, 1.85779898952e-13, 2.67874969168e-13, 7.00032154639e-13, 2.71127478108e-12, 2.66507260704e-10, 3.81998566112e-09, 1.10281163541e-12, 5.09111936636e-12, 2.43401427485e-11, 6.85701170323e-13, 5.57280922797e-11, 2.80455120932e-11, 6.38655239804e-11, 2.65675827692e-12, 4.34514563219e-10, 2.60395776053e-08, 1.19249946806e-07, 1.40628031886e-07, 8.80645778523e-09, 7.50948192518e-09, 1.60915958336e-09, 7.73453912029e-10, 5.90605203632e-11, 4.07257942647e-11, 5.91808665875e-13, 3.68198954128e-14], [3.93750143439e-14, 2.43599032005e-13, 3.10139527991e-13, 7.81425054872e-13, 2.72015006006e-12, 1.53836859917e-10, 1.99218530561e-09, 7.29998310064e-13, 2.85172710099e-12, 1.30777775761e-11, 5.05128762169e-13, 2.80455120932e-11, 1.47083647345e-11, 3.29403102017e-11, 1.91238951758e-12, 2.27435015265e-10, 1.33698678795e-08, 6.0192249407e-08, 7.03249796175e-08, 4.4592192161e-09, 3.77386033534e-09, 8.13378253639e-10, 3.88985232913e-10, 2.98557151224e-11, 2.04919067825e-11, 2.96450743727e-13, 1.84129478971e-14], [-2.49379747267e-14, -1.94566923879e-13, -2.97094190612e-13, -4.16825916231e-13, -7.39454992463e-13, 3.59414636941e-10, 4.36053770869e-09, 1.1985845259e-12, 5.18826257997e-12, 3.10603487375e-11, 6.86164992013e-13, 6.38655239804e-11, 3.29403102017e-11, 8.01502614278e-11, 3.67553947347e-12, 5.20641418866e-10, 2.86041235142e-08, 1.31189139552e-07, 1.55162723559e-07, 9.50508560749e-09, 8.164295906e-09, 1.83823756217e-09, 8.57705129143e-10, 6.56303761337e-11, 4.69935756975e-11, 6.68763113464e-13, 4.23989795638e-14], [3.73525300588e-14, 2.45105530924e-13, 3.29564961475e-13, 7.1750960208e-13, 2.25454182233e-12, 3.42903379302e-11, 2.65333893745e-10, 3.07387687352e-13, 7.41097341914e-13, 2.09296989462e-12, 3.0246595159e-13, 2.65675827692e-12, 1.91238951758e-12, 3.67553947347e-12, 8.41252143901e-13, 2.95762685176e-11, 1.52220691607e-09, 5.86787995971e-09, 6.18027140575e-09, 4.60929877599e-10, 3.55335538771e-10, 8.29762786259e-11, 3.66665239837e-11, 2.91187039758e-12, 1.96620410925e-12, 2.81388139785e-14, 1.62916612421e-15], [-3.51359268286e-13, -2.5198287467e-12, -3.69659858279e-12, -6.1651851159e-12, -1.52160194167e-11, 2.77872191923e-09, 3.21518527358e-08, 8.52114039052e-12, 3.82203955984e-11, 2.08135272906e-10, 3.80039402725e-12, 4.34514563219e-10, 2.27435015265e-10, 5.20641418866e-10, 2.95762685176e-11, 3.7391996166e-09, 2.12299340774e-07, 9.54010715759e-07, 1.09996130959e-06, 7.04203273472e-08, 5.91520326054e-08, 1.30032216106e-08, 6.12115824694e-09, 4.68482419524e-10, 3.23111787326e-10, 4.64729166608e-12, 2.87748123939e-13], [-2.54094644631e-11, -1.82621848199e-10, -2.64162053343e-10, -4.64620397711e-10, -1.16153420215e-09, 1.40343644262e-07, 1.95200686903e-06, 4.44663084131e-10, 2.2735344718e-09, 1.07770290469e-08, 1.52321238955e-10, 2.60395776053e-08, 1.33698678795e-08, 2.86041235142e-08, 1.52220691607e-09, 2.12299340774e-07, 1.35689433591e-05, 6.02476247877e-05, 6.96360075381e-05, 4.54153314422e-06, 3.78702839043e-06, 7.70645272041e-07, 3.83054981512e-07, 2.95074844558e-08, 1.91135924865e-08, 2.84078510715e-10, 1.72201385096e-11], [-1.14231846204e-10, -8.24958434897e-10, -1.1954910395e-09, -2.10009609702e-09, -5.22885601484e-09, 5.95998074004e-07, 8.67992548592e-06, 1.86479520714e-09, 1.00976853545e-08, 4.91537335279e-08, 5.9167820643e-10, 1.19249946806e-07, 6.0192249407e-08, 1.31189139552e-07, 5.86787995971e-09, 9.54010715759e-07, 6.02476247877e-05, 0.000271789554972, 0.000316392659442, 2.03855215659e-05, 1.71245737874e-05, 3.53132031705e-06, 1.7384199964e-06, 1.33129873348e-07, 8.79164758771e-08, 1.30260568998e-09, 7.95583668389e-11], [-1.32478999992e-10, -9.60471813194e-10, -1.39688804968e-09, -2.44590148135e-09, -6.0579141703e-09, 6.47113722607e-07, 1.00156648841e-05, 2.04629002631e-09, 1.15575637949e-08, 5.75049732277e-08, 6.11867112532e-10, 1.40628031886e-07, 7.03249796175e-08, 1.55162723559e-07, 6.18027140575e-09, 1.09996130959e-06, 6.96360075381e-05, 0.000316392659442, 0.000371475762222, 2.36938376474e-05, 2.00121339731e-05, 4.13461839344e-06, 2.03435206458e-06, 1.55807128976e-07, 1.03810556595e-07, 1.534830818e-09, 9.42476513499e-11], [-8.40736941871e-12, -6.06461131314e-11, -8.82814099601e-11, -1.54190576973e-10, -3.81318809861e-10, 4.29192077434e-08, 6.5133389171e-07, 1.41959694e-10, 7.69635855047e-10, 3.5560245859e-09, 4.53053324023e-11, 8.80645778523e-09, 4.4592192161e-09, 9.50508560749e-09, 4.60929877599e-10, 7.04203273472e-08, 4.54153314422e-06, 2.03855215659e-05, 2.36938376474e-05, 1.54338783886e-06, 1.2901999753e-06, 2.62680458718e-07, 1.30162916889e-07, 9.97441862438e-09, 6.52367893039e-09, 9.69309493781e-11, 5.89572704893e-12], [-7.06646763673e-12, -5.12129991193e-11, -7.48655026861e-11, -1.30173691271e-10, -3.21541071546e-10, 3.40323431658e-08, 5.43045644008e-07, 1.13080010633e-10, 6.34958252643e-10, 3.02580249745e-09, 3.47303158454e-11, 7.50948192518e-09, 3.77386033534e-09, 8.164295906e-09, 3.55335538771e-10, 5.91520326054e-08, 3.78702839043e-06, 1.71245737874e-05, 2.00121339731e-05, 1.2901999753e-06, 1.08828510292e-06, 2.2283576584e-07, 1.09858412145e-07, 8.40099811938e-09, 5.55580959016e-09, 8.21540752094e-11, 5.0591666273e-12], [-1.41894699116e-12, -1.02775435731e-11, -1.5218106289e-11, -2.57778139112e-11, -6.38905942041e-11, 7.90366794234e-09, 1.14630346104e-07, 2.58033906742e-11, 1.37931749356e-10, 7.22728266123e-10, 9.60800015937e-12, 1.60915958336e-09, 8.13378253639e-10, 1.83823756217e-09, 8.29762786259e-11, 1.30032216106e-08, 7.70645272041e-07, 3.53132031705e-06, 4.13461839344e-06, 2.62680458718e-07, 2.2283576584e-07, 4.87861271381e-08, 2.29470149549e-08, 1.73399494763e-09, 1.21756382754e-09, 1.75928317053e-11, 1.08110048691e-12], [-7.19763441556e-13, -5.2099834863e-12, -7.59975155723e-12, -1.32321514856e-11, -3.27806080891e-11, 3.63492524968e-09, 5.54240102701e-08, 1.16460990157e-11, 6.4620614415e-11, 3.21701054684e-10, 3.78501006579e-12, 7.73453912029e-10, 3.88985232913e-10, 8.57705129143e-10, 3.66665239837e-11, 6.12115824694e-09, 3.83054981512e-07, 1.7384199964e-06, 2.03435206458e-06, 1.30162916889e-07, 1.09858412145e-07, 2.29470149549e-08, 1.1211611195e-08, 8.52916515193e-10, 5.73398328818e-10, 8.45312968928e-12, 5.17131097059e-13], [-5.07669366343e-14, -3.71290482084e-13, -5.44559135198e-13, -9.34009922356e-13, -2.26762510679e-12, 2.87119272802e-10, 4.26184598723e-09, 9.2417078764e-13, 4.9502940809e-12, 2.45959884404e-11, 3.03156534164e-13, 5.90605203632e-11, 2.98557151224e-11, 6.56303761337e-11, 2.91187039758e-12, 4.68482419524e-10, 2.95074844558e-08, 1.33129873348e-07, 1.55807128976e-07, 9.97441862438e-09, 8.40099811938e-09, 1.73399494763e-09, 8.52916515193e-10, 6.58437818157e-11, 4.35213184935e-11, 6.43082917647e-13, 3.93593645631e-14], [-3.2269092319e-14, -2.37127375027e-13, -3.5426086435e-13, -5.87471206664e-13, -1.41236046296e-12, 1.93941640525e-10, 2.84729817501e-09, 6.38235449733e-13, 3.41832790372e-12, 1.83155990374e-11, 2.31120569731e-13, 4.07257942647e-11, 2.04919067825e-11, 4.69935756975e-11, 1.96620410925e-12, 3.23111787326e-10, 1.91135924865e-08, 8.79164758771e-08, 1.03810556595e-07, 6.52367893039e-09, 5.55580959016e-09, 1.21756382754e-09, 5.73398328818e-10, 4.35213184935e-11, 3.07970975111e-11, 4.41029889475e-13, 2.72966548589e-14], [-4.77205820357e-19, -3.3481285405e-16, -1.33952500784e-15, 3.634975454e-16, 7.09518672927e-15, 2.76333188103e-12, 4.16789831814e-11, 1.03681796357e-14, 5.21789270049e-14, 2.55102796526e-13, 3.43992785374e-15, 5.91808665875e-13, 2.96450743727e-13, 6.68763113464e-13, 2.81388139785e-14, 4.64729166608e-12, 2.84078510715e-10, 1.30260568998e-09, 1.534830818e-09, 9.69309493781e-11, 8.21540752094e-11, 1.75928317053e-11, 8.45312968928e-12, 6.43082917647e-13, 4.41029889475e-13, 6.5946173625e-15, 4.00590203421e-16], [-2.66260637979e-17, -1.96862778624e-16, -3.0328909355e-16, -4.85816011595e-16, -1.13648263418e-15, 1.72766491326e-13, 2.54144383489e-12, 5.72324862927e-16, 3.0182053959e-15, 1.60215892338e-14, 1.77788258397e-16, 3.68198954128e-14, 1.84129478971e-14, 4.23989795638e-14, 1.62916612421e-15, 2.87748123939e-13, 1.72201385096e-11, 7.95583668389e-11, 9.42476513499e-11, 5.89572704893e-12, 5.0591666273e-12, 1.08110048691e-12, 5.17131097059e-13, 3.93593645631e-14, 2.72966548589e-14, 4.00590203421e-16, 2.79106289671e-17]]
    },
    "mfcc": {
        "kurt": [1.57668638229, 1.7606844902, 0.810476064682, 0.222389221191, 1.08134078979, 0.611578941345, 1.64918088913, 0.0904102325439, 1.21221590042, 0.664628267288, 1.75528335571, 1.78664922714, 0.379678010941],
        "max": [-666.48236084, 116.944862366, 57.0881080627, 87.6701126099, 23.6815795898, 3.04598236084, 12.7194862366, 10.4807453156, 6.51753616333, 7.20853614807, 32.9091911316, 27.4711799622, 25.773141861],
        "mean": [-1023.26452637, 30.1090373993, -0.844373583794, 35.864074707, -3.9621295929, -21.3059959412, -5.67990922928, -8.05030250549, -14.5032329559, -6.52897787094, -2.53874492645, -0.23601397872, 3.3266556263],
        "median": [-1086.64685059, 35.9535942078, 18.6268005371, 28.5120124817, 1.16729736328, -10.5430679321, -2.2384147644, -7.98412322998, -10.8806915283, -4.55665588379, -6.68187522888, -2.54098510742, 1.61499786377],
        "min": [-1113.37451172, -82.6527099609, -105.871414185, -17.6500358582, -50.8475837708, -82.7974090576, -50.8438186646, -23.2231292725, -52.585105896, -31.1631793976, -20.7813625336, -14.5396881104, -10.6156578064],
        "skew": [1.76544237137, -1.30867826939, -1.4794369936, 1.07023561001, -1.37143015862, -1.45252394676, -1.58359491825, 0.178988352418, -1.37671840191, -1.10406136513, 1.63612687588, 1.50052595139, 0.963282167912],
        "var": [17666.1953125, 1886.90002441, 1722.61547852, 465.697875977, 266.419891357, 571.202453613, 163.90663147, 31.1086082458, 149.724349976, 65.0597839355, 143.358337402, 67.2265167236, 58.9968795776],
        "cov": [[17733.1132812, -4092.74853516, -5274.80078125, 2358.30761719, -1921.74255371, -2742.08935547, -1399.8996582, 167.949157715, -1266.36914062, -856.984313965, 1390.51000977, 860.234924316, 702.704711914], [-4092.74853516, 1894.04736328, 1319.50732422, -661.639404297, 497.352630615, 791.72442627, 445.795349121, -42.5350952148, 450.436035156, 248.437255859, -432.901184082, -266.095245361, -254.260009766], [-5274.80078125, 1319.50732422, 1729.14050293, -716.292175293, 587.51953125, 894.641601562, 437.619903564, -55.7579421997, 400.801422119, 268.592102051, -433.332977295, -269.535430908, -225.269088745], [2358.30761719, -661.639404297, -716.292175293, 467.461883545, -215.023757935, -445.371459961, -207.915039062, 29.3274612427, -212.67817688, -120.35559082, 210.081222534, 134.417572021, 126.320014954], [-1921.74255371, 497.352630615, 587.51953125, -215.023757935, 267.429077148, 309.224578857, 168.112838745, -1.06472051144, 138.126358032, 92.5575790405, -151.682693481, -97.103843689, -77.9283828735], [-2742.08935547, 791.72442627, 894.641601562, -445.371459961, 309.224578857, 573.366149902, 268.013000488, -28.2888641357, 259.434509277, 143.094772339, -252.982635498, -157.815139771, -148.127746582], [-1399.8996582, 445.795349121, 437.619903564, -207.915039062, 168.112838745, 268.013000488, 164.527496338, -6.11641407013, 129.225234985, 82.2843017578, -129.546585083, -84.3814849854, -71.2259521484], [167.949157715, -42.5350952148, -55.7579421997, 29.3274612427, -1.06472051144, -28.2888641357, -6.11641407013, 31.2264442444, -4.4188117981, -8.88306331635, 24.8603343964, 10.2709112167, 2.58242702484], [-1266.36914062, 450.436035156, 400.801422119, -212.67817688, 138.126358032, 259.434509277, 129.225234985, -4.4188117981, 150.291488647, 80.5691833496, -119.713592529, -72.4305877686, -75.2722167969], [-856.984313965, 248.437255859, 268.592102051, -120.35559082, 92.5575790405, 143.094772339, 82.2843017578, -8.88306331635, 80.5691833496, 65.3062286377, -67.7674407959, -43.2202110291, -33.5945854187], [1390.51000977, -432.901184082, -433.332977295, 210.081222534, -151.682693481, -252.982635498, -129.546585083, 24.8603343964, -119.713592529, -67.7674407959, 143.901367188, 86.0444412231, 70.4702835083], [860.234924316, -266.095245361, -269.535430908, 134.417572021, -97.103843689, -157.815139771, -84.3814849854, 10.2709112167, -72.4305877686, -43.2202110291, 86.0444412231, 67.4811630249, 50.3869438171], [702.704711914, -254.260009766, -225.269088745, 126.320014954, -77.9283828735, -148.127746582, -71.2259521484, 2.58242702484, -75.2722167969, -33.5945854187, 70.4702835083, 50.3869438171, 59.2203521729]]
    },
    "sccoeffs": {
        "kurt": [1.23322439194, 1.56527662277, 2.17895078659, 2.40361642838, 2.76468420029, 2.73829698563],
        "max": [-0.670845806599, -0.362906962633, -0.684948265553, -0.562061369419, -0.331952124834, -0.563961088657],
        "mean": [-0.826301038265, -0.771428346634, -0.873303592205, -0.856981217861, -0.810489237309, -0.833803355694],
        "median": [-0.828427970409, -0.824122428894, -0.89166110754, -0.895923674107, -0.881982028484, -0.871519207954],
        "min": [-0.926292896271, -0.931739032269, -0.949365019798, -0.925678253174, -0.914315640926, -0.89325094223],
        "skew": [0.532897412777, 1.72279047966, 1.70218515396, 1.96395456791, 2.10280776024, 2.08747625351],
        "var": [0.00138135638554, 0.0221327375621, 0.00287602772005, 0.00872726831585, 0.0275448821485, 0.00790118798614],
        "cov": [[0.00138658878859, -0.000881346466485, -0.000120005002827, -0.00048386232811, -0.000921564933378, -0.000338801386533], [-0.000881346466485, 0.0222165733576, 0.00685779377818, 0.0131767354906, 0.0236641783267, 0.0122898966074], [-0.000120005002827, 0.00685779377818, 0.00288692186587, 0.00446095271036, 0.00772919878364, 0.00424204487354], [-0.00048386232811, 0.0131767354906, 0.00446095271036, 0.00876032561064, 0.0152160944417, 0.00806118547916], [-0.000921564933378, 0.0236641783267, 0.00772919878364, 0.0152160944417, 0.0276492182165, 0.0144370803609], [-0.000338801386533, 0.0122898966074, 0.00424204487354, 0.00806118547916, 0.0144370803609, 0.00793111696839]]
    },
    "scvalleys": {
        "kurt": [4.58500909805, 0.930755138397, 1.57230901718, 0.841078996658, 1.86422348022, 2.80188465118],
        "max": [-6.33864402771, -6.76413011551, -7.6783041954, -7.8378033638, -6.33767461777, -8.95070648193],
        "mean": [-10.1303310394, -9.97180843353, -10.5090618134, -10.7769193649, -10.2506227493, -12.0240478516],
        "median": [-10.2434873581, -10.165140152, -10.7615299225, -11.1501808167, -10.772898674, -12.3673887253],
        "min": [-11.5342273712, -11.5259609222, -11.7621097565, -11.9259052277, -11.2362060547, -12.6969919205],
        "skew": [1.46135723591, 0.99703758955, 1.36156523228, 1.33539247513, 1.74052667618, 2.02572274208],
        "var": [0.451365470886, 0.634504258633, 0.605684995651, 0.768183887005, 1.22688734531, 0.655794262886],
        "cov": [[0.453075170517, 0.357456028461, 0.313506245613, 0.303225040436, 0.261960476637, 0.138401776552], [0.357456028461, 0.636907696724, 0.533887565136, 0.582817196846, 0.614080190659, 0.389508485794], [0.313506245613, 0.533887565136, 0.607979297638, 0.610916495323, 0.642347514629, 0.407234847546], [0.303225040436, 0.582817196846, 0.610916495323, 0.771093666553, 0.881198883057, 0.593329489231], [0.261960476637, 0.614080190659, 0.642347514629, 0.881198883057, 1.23153471947, 0.870663523674], [0.138401776552, 0.389508485794, 0.407234847546, 0.593329489231, 0.870663523674, 0.658278346062]]
    }
},
"rhythm": {
    "beats_loudness": {
        "kurt": -0.607774734497,
        "max": 0.144778504968,
        "mean": 0.0338035710156,
        "median": 2.0638103706e-06,
        "min": 5.82967061291e-07,
        "skew": 1.17000722885,
        "var": 0.00344288907945
    },
    "bpm": 128.411437988,
    "confidence": 4.09999990463,
    "first_peak_bpm": {
        "kurt": 0,
        "max": 129,
        "mean": 129,
        "median": 129,
        "min": 129,
        "skew": 0,
        "var": 0
    },
    "first_peak_spread": {
        "kurt": 0,
        "max": 0.25,
        "mean": 0.25,
        "median": 0.25,
        "min": 0.25,
        "skew": 0,
        "var": 0
    },
    "first_peak_weight": {
        "kurt": 0,
        "max": 0.54545456171,
        "mean": 0.54545456171,
        "median": 0.54545456171,
        "min": 0.54545456171,
        "skew": 0,
        "var": 0
    },
    "onset_rate": 1.30504262447,
    "second_peak_bpm": {
        "kurt": 0,
        "max": 117,
        "mean": 117,
        "median": 117,
        "min": 117,
        "skew": 0,
        "var": 0
    },
    "second_peak_spread": {
        "kurt": 0,
        "max": 0.5,
        "mean": 0.5,
        "median": 0.5,
        "min": 0.5,
        "skew": 0,
        "var": 0
    },
    "second_peak_weight": {
        "kurt": 0,
        "max": 0.0909090936184,
        "mean": 0.0909090936184,
        "median": 0.0909090936184,
        "min": 0.0909090936184,
        "skew": 0,
        "var": 0
    },
    "beats_loudness_band_ratio": {
        "kurt": [0.664063930511, -1.43301904202, -0.975763082504, -0.861205101013, -1.08012723923, -1.16938412189],
        "max": [0.553833246231, 0.302470088005, 0.305856645107, 0.102531991899, 0.492453277111, 0.536004841328],
        "mean": [0.143300667405, 0.150969699025, 0.130592793226, 0.0384565219283, 0.2128611058, 0.357237190008],
        "median": [0.0816931724548, 0.157408490777, 0.123765811324, 0.0338449478149, 0.131342798471, 0.399525940418],
        "min": [9.57147790359e-07, 0.00224723340943, 0.0107601135969, 0.000320374470903, 0.0426634289324, 0.0631148591638],
        "skew": [1.42764389515, -0.190231576562, 0.242665618658, 0.602407634258, 0.768863677979, -0.584789335728],
        "var": [0.0304028894752, 0.0114056030288, 0.00843603536487, 0.00114259903785, 0.0266167744994, 0.0270807985216],
        "cov": [[0.0331667885184, 0.0150913083926, 0.00257987482473, 0.000798932276666, -0.0207345113158, -0.027612965554], [0.0150913083926, 0.0124424761161, 0.00600358098745, 0.00239511230029, -0.0177848264575, -0.015764163807], [0.00257987482473, 0.00600358098745, 0.00920294784009, 0.00288946414366, -0.0114965299144, -0.00778601597995], [0.000798932276666, 0.00239511230029, 0.00288946414366, 0.0012464717729, -0.00385892414488, -0.00301375449635], [-0.0207345113158, -0.0177848264575, -0.0114965299144, -0.00385892414488, 0.0290364809334, 0.0213339384645], [-0.027612965554, -0.015764163807, -0.00778601597995, -0.00301375449635, 0.0213339384645, 0.029542690143]]
    },
    "beats_position": [0.452789098024, 0.9287981987, 1.39319729805, 1.86920630932, 2.38004541397, 2.87927436829, 3.36689329147, 3.83129239082, 4.29569149017, 4.76009082794, 5.22448968887, 5.6888885498],
    "bpm_estimates": [126.04801178, 129.19921875, 126.048034668, 129.19921875, 129.19921875, 129.199157715, 129.199279785, 129.199279785],
    "bpm_intervals": [0.476009100676, 0.46439909935, 0.476009011269, 0.510839104652, 0.499228954315, 0.487618923187, 0.46439909935, 0.46439909935, 0.464399337769, 0.464398860931, 0.464398860931],
    "onset_times": [1.75310659409, 1.8575963974, 2.00852608681, 2.87927436829, 3.39011335373, 3.81968259811, 5.71210861206, 6.03718805313],
    "histogram": [[0, 0, 0, 0, 0, 0, 0, 0, 0, 0, 0, 0, 0, 0, 0, 0, 0, 0, 0, 0, 0, 0, 0, 0, 0, 0, 0, 0, 0, 0, 0, 0, 0, 0, 0, 0, 0, 0, 0, 0, 0, 0, 0, 0, 0, 0, 0, 0, 0, 0, 0, 0, 0, 0, 0, 0, 0, 0, 0, 0, 0, 0, 0, 0, 0, 0, 0, 0, 0, 0, 0, 0, 0, 0, 0, 0, 0, 0, 0, 0, 0, 0, 0, 0, 0, 0, 0, 0, 0, 0, 0, 0, 0, 0, 0, 0, 0, 0, 0, 0, 0, 0, 0, 0, 0, 0, 0, 0, 0, 0, 0, 0, 0, 0, 0, 0, 0, 0.0909090936184, 0, 0, 0.0909090936184, 0, 0, 0.0909090936184, 0, 0, 0.181818187237, 0, 0, 0.54545456171, 0, 0, 0, 0, 0, 0, 0, 0, 0, 0, 0, 0, 0, 0, 0, 0, 0, 0, 0, 0, 0, 0, 0, 0, 0, 0, 0, 0, 0, 0, 0, 0, 0, 0, 0, 0, 0, 0, 0, 0, 0, 0, 0, 0, 0, 0, 0, 0, 0, 0, 0, 0, 0, 0, 0, 0, 0, 0, 0, 0, 0, 0, 0, 0, 0, 0, 0, 0, 0, 0, 0, 0, 0, 0, 0, 0, 0, 0, 0, 0, 0, 0, 0, 0, 0, 0, 0, 0, 0, 0, 0, 0, 0, 0, 0, 0, 0, 0, 0, 0, 0, 0, 0, 0, 0, 0, 0, 0, 0, 0, 0, 0, 0, 0, 0, 0, 0, 0, 0, 0]]
},
"sfx": {
    "inharmonicity": {
        "kurt": 4.37863874435,
        "max": 0.3151435256,
        "mean": 0.0295228436589,
        "median": 0,
        "min": 0,
        "skew": 2.10165333748,
        "var": 0.0028453937266
    },
    "oddtoevenharmonicenergyratio": {
        "kurt": 3.60051870346,
        "max": 3.21886944771,
        "mean": 0.345914781094,
        "median": 0,
        "min": 0,
        "skew": 1.8097345829,
        "var": 0.300908356905
    },
    "pitch_after_max_to_before_max_energy_ratio": 0.785659909248,
    "pitch_centroid": 120.119087219,
    "pitch_max_to_total": 0.411320745945,
    "pitch_min_to_total": 0.826415121555,
    "tristimulus": {
        "kurt": [-1.67108654976, 8.02314281464, -1.2301479578],
        "max": [1, 0.747447729111, 0.938291788101],
        "mean": [0.660518825054, 0.0574975721538, 0.281983405352],
        "median": [1, 0, 0],
        "min": [0, 0, 0],
        "skew": [-0.491339355707, 2.7851319313, 0.705330729485],
        "var": [0.178397238255, 0.015476369299, 0.134774267673],
        "cov": [[0.179072991014, -0.0296617355198, -0.149411916733], [-0.0296617355198, 0.0155349913985, 0.0141267422587], [-0.149411916733, 0.0141267422587, 0.135284766555]]
    }
},
"tonal": {
    "chords_changes_rate": 0.0300751887262,
    "chords_number_rate": 0.0300751887262,
    "chords_strength": {
        "kurt": -1.36140990257,
        "max": 0.503126263618,
        "mean": 0.436134696007,
        "median": 0.428153783083,
        "min": 0.375537544489,
        "skew": 0.323640078306,
        "var": 0.00141695491038
    },
    "key_strength": 0.322086036205,
    "tuning_diatonic_strength": 0.242124885321,
    "tuning_equal_tempered_deviation": 0.239567130804,
    "tuning_frequency": 443.060424805,
    "tuning_nontempered_energy_ratio": 0.841934561729,
    "hpcp": {
        "kurt": [2.77662992477, 3.09172677994, 1.33401155472, 2.05029296875, 3.79395723343, 2.81856775284, 0.094425201416, -0.322875738144, -0.397016048431, -0.0150561332703, 3.99167346954, 8.36336898804, 3.04152345657, 4.28395414352, 7.730509758, -1.11301922798, -1.44241786003, 0.853069543839, 11.7308549881, 10.5445423126, 6.27899932861, 14.2889347076, 10.6031341553, 8.87092590332, 2.06039237976, -0.426718950272, -1.33273398876, 1.08305692673, 13.7119922638, 7.19436645508, 7.96611499786, 5.51825428009, -0.0117485523224, -0.683482646942, -0.608074903488, 1.87458086014],
        "max": [0.938032150269, 1, 1, 1, 1, 1, 0.812563955784, 0.870473086834, 0.908012032509, 0.754593193531, 0.916439294815, 1, 0.568225502968, 0.620992481709, 1, 1, 1, 1, 1, 1, 0.923648178577, 1, 0.818808615208, 1, 1, 1, 1, 1, 1, 0.756355822086, 0.742736101151, 0.64403873682, 0.894313693047, 1, 1, 0.924777686596],
        "mean": [0.176031351089, 0.199501544237, 0.239683017135, 0.255629688501, 0.223904550076, 0.220111250877, 0.234813839197, 0.26722741127, 0.299269139767, 0.238493978977, 0.178605258465, 0.147444218397, 0.11900909245, 0.130958467722, 0.170846953988, 0.404283165932, 0.524592041969, 0.297087132931, 0.15460832417, 0.137695237994, 0.127222657204, 0.116420477629, 0.106295794249, 0.126204401255, 0.196260869503, 0.413642287254, 0.482582271099, 0.256509155035, 0.118019543588, 0.107884041965, 0.105651319027, 0.109309449792, 0.350798547268, 0.730171084404, 0.547980368137, 0.197602212429],
