{
"metadata": {
    "version": {
        "essentia": "2.1-beta3"
    }
},
"lowLevel": {
    "average_loudness": 0.907528758049,
    "barkbands_kurtosis": {
        "kurt": 5.13476657867,
        "max": 5.11060619354,
        "mean": -0.459949821234,
        "median": -0.529590368271,
        "min": -1.76971507072,
        "skew": 1.31348323822,
        "var": 0.429907679558
    },
    "barkbands_skewness": {
        "kurt": 3.05470323563,
        "max": 2.1051466465,
        "mean": 0.500944256783,
        "median": 0.535742282867,
        "min": -2.53889894485,
        "skew": -0.890812456608,
        "var": 0.206095322967
    },
    "barkbands_spread": {
        "kurt": 2.37489700317,
        "max": 40.6024360657,
        "mean": 20.2230129242,
        "median": 19.6157112122,
        "min": 9.04648399353,
        "skew": 1.09504544735,
        "var": 18.1184749603
    },
    "dissonance": {
        "kurt": 49.5001106262,
        "max": 0.500000059605,
        "mean": 0.48050814867,
        "median": 0.48386362195,
        "min": 0.215055823326,
        "skew": -3.99640107155,
        "var": 0.000232302016229
    },
    "hfc": {
        "kurt": 20.0088634491,
        "max": 32.7085533142,
        "mean": 3.76592826843,
        "median": 2.89168024063,
        "min": 0.0142070911825,
        "skew": 3.60440039635,
        "var": 7.85841178894
    },
    "pitch": {
        "kurt": 39.1741981506,
        "max": 3996.140625,
        "mean": 335.656219482,
        "median": 256.805053711,
        "min": 62.4499588013,
        "skew": 5.53818321228,
        "var": 137501.59375
    },
    "pitch_instantaneous_confidence": {
        "kurt": 10.2286834717,
        "max": 0.893241286278,
        "mean": 0.261624097824,
        "median": 0.239991158247,
        "min": 0.122953414917,
        "skew": 2.66459536552,
        "var": 0.00969635136425
    },
    "pitch_salience": {
        "kurt": 1.60842037201,
        "max": 0.909081995487,
        "mean": 0.716634631157,
        "median": 0.729197561741,
        "min": 0.34900316596,
        "skew": -1.05258822441,
        "var": 0.0044959015213
    },
    "silence_rate_20dB": {
        "kurt": 0,
        "max": 1,
        "mean": 1,
        "median": 1,
        "min": 1,
        "skew": 0,
        "var": 0
    },
    "silence_rate_30dB": {
        "kurt": 0,
        "max": 1,
        "mean": 1,
        "median": 1,
        "min": 1,
        "skew": 0,
        "var": 0
    },
    "silence_rate_60dB": {
        "kurt": -1.74693906307,
        "max": 1,
        "mean": 0.62195122242,
        "median": 1,
        "min": 0,
        "skew": -0.503010869026,
        "var": 0.235122710466
    },
    "spectral_centroid": {
        "kurt": 4.19584178925,
        "max": 3101.55249023,
        "mean": 1131.38928223,
        "median": 1048.2355957,
        "min": 545.363769531,
        "skew": 1.76854741573,
        "var": 117957.796875
    },
    "spectral_complexity": {
        "kurt": 3.8520116806,
        "max": 41,
        "mean": 12.4420728683,
        "median": 12,
        "min": 0,
        "skew": 1.57701957226,
        "var": 23.9915370941
    },
    "spectral_crest": {
        "kurt": 1.29455089569,
        "max": 17.9473590851,
        "mean": 6.80566072464,
        "median": 6.06781196594,
        "min": 2.57126355171,
        "skew": 1.1974363327,
        "var": 7.79105997086
    },
    "spectral_decrease": {
        "kurt": 35.4662208557,
        "max": -4.39758646165e-12,
        "mean": -7.51276929556e-10,
        "median": -6.87555901102e-10,
        "min": -5.37435873582e-09,
        "skew": -3.68875432014,
        "var": 1.05021797401e-19
    },
    "spectral_energy": {
        "kurt": 32.5279960632,
        "max": 0.0231942608953,
        "mean": 0.00317707448266,
        "median": 0.00286308652721,
        "min": 1.78861446329e-05,
        "skew": 3.58855414391,
        "var": 2.03904096452e-06
    },
    "spectral_energyband_high": {
        "kurt": 63.2203598022,
        "max": 0.00246509257704,
        "mean": 8.43860034365e-05,
        "median": 4.01673059969e-05,
        "min": 1.82055472919e-07,
        "skew": 6.69716072083,
        "var": 2.58924224283e-08
    },
    "spectral_energyband_low": {
        "kurt": 57.2447433472,
        "max": 0.00113636709284,
        "mean": 5.49497744942e-05,
        "median": 3.71998175979e-05,
        "min": 1.02690250969e-06,
        "skew": 5.74112176895,
        "var": 4.54310367104e-09
    },
    "spectral_energyband_middle_high": {
        "kurt": 27.3739318848,
        "max": 0.0136596299708,
        "mean": 0.00156595127191,
        "median": 0.00127225066535,
        "min": 4.84667998535e-06,
        "skew": 3.60767292976,
        "var": 9.58026134867e-07
    },
    "spectral_energyband_middle_low": {
        "kurt": 23.1436023712,
        "max": 0.0097270347178,
        "mean": 0.00152939022519,
        "median": 0.0013853602577,
        "min": 1.21157072499e-05,
        "skew": 3.03746128082,
        "var": 5.26191115569e-07
    },
    "spectral_flatness_db": {
        "kurt": 1.42602348328,
        "max": 0.262158721685,
        "mean": 0.175330102444,
        "median": 0.174283891916,
        "min": 0.102768853307,
        "skew": 0.418354332447,
        "var": 0.000252132944297
    },
    "spectral_flux": {
        "kurt": 9.49816608429,
        "max": 0.116840146482,
        "mean": 0.0363336317241,
        "median": 0.0353383682668,
        "min": 0.0207937471569,
        "skew": 1.66842114925,
        "var": 5.91551870457e-05
    },
    "spectral_kurtosis": {
        "kurt": 2.16632461548,
        "max": 22.9584732056,
        "mean": 6.42626857758,
        "median": 6.06547307968,
        "min": 1.58909130096,
        "skew": 0.955300569534,
        "var": 5.06993246078
    },
    "spectral_rms": {
        "kurt": 6.19597625732,
        "max": 0.00475694704801,
        "mean": 0.00172624911647,
        "median": 0.00167130329646,
        "min": 0.000132098066388,
        "skew": 1.38985943794,
        "var": 1.19653321917e-07
    },
    "spectral_rolloff": {
        "kurt": 0.970237731934,
        "max": 4823.4375,
        "mean": 2059.25415039,
        "median": 1916.45507812,
        "min": 818.26171875,
        "skew": 1.07497131824,
        "var": 422202.53125
    },
    "spectral_skewness": {
        "kurt": 1.68713855743,
        "max": 3.72969841957,
        "mean": 1.80832326412,
        "median": 1.82630479336,
        "min": 0.59427344799,
        "skew": -0.151238501072,
        "var": 0.0910367369652
    },
    "spectral_spread": {
        "kurt": 72.0071411133,
        "max": 9964136,
        "mean": 2866265.5,
        "median": 2817073,
        "min": 2020220.125,
        "skew": 4.77768945694,
        "var": 137137430528
    },
    "spectral_strongpeak": {
        "kurt": 35.2227935791,
        "max": 8.8732509613,
        "mean": 0.39478495717,
        "median": 0.188473403454,
        "min": 0.00260164751671,
        "skew": 5.50878715515,
        "var": 0.651492655277
    },
    "zerocrossingrate": {
        "kurt": 3.70325803757,
        "max": 0.1630859375,
        "mean": 0.067011885345,
        "median": 0.06298828125,
        "min": 0.009765625,
        "skew": 1.70395481586,
        "var": 0.000265750073595
    },
    "barkbands": {
        "kurt": [12.1000509262, 140.607528687, 90.5579986572, 22.6787662506, 4.11557435989, 31.297077179, 187.329071045, 59.3229522705, 35.8272247314, 16.5262699127, 48.1890792847, 85.8123474121, 13.5884685516, 34.6823577881, 247.750427246, 32.3692932129, 14.7995376587, 20.1363182068, 99.1795349121, 34.3162918091, 388.38684082, 85.3401412964, 616.092041016, 420.610595703, 102.954231262, 90.2667388916, 1533.55969238],
        "max": [7.82223779083e-08, 0.000201087386813, 0.000843746529426, 0.000809865945484, 0.00414936523885, 0.00243541994132, 0.00343873212114, 0.00305338110775, 0.00308451848105, 0.00248101912439, 0.00361965480261, 0.00491083273664, 0.00088588509243, 0.00100683898199, 0.00254364334978, 0.00186381454114, 0.00188402738422, 0.0012438998092, 0.0067608403042, 0.00204262277111, 0.00243281922303, 0.000134206144139, 7.81479393481e-05, 1.17187664728e-05, 2.69852330348e-06, 7.4905102565e-08, 1.81629324914e-08],
        "mean": [7.52238271673e-09, 5.97868302066e-06, 2.7783884434e-05, 5.5014006648e-05, 0.000643854553346, 0.000211399674299, 0.000130162879941, 0.000157633388881, 0.000262022600509, 0.00023493799381, 0.000234692095546, 0.000237103478867, 0.000116442301078, 0.000104120474134, 0.000101376106613, 0.000139088835567, 0.000140619216836, 0.000104739156086, 0.000137557901326, 8.64496396389e-05, 3.79602242901e-05, 6.91359537086e-06, 9.17607223982e-07, 2.11733052424e-07, 8.8027505285e-08, 1.9286536812e-09, 1.12094646065e-10],
        "median": [4.85383289117e-09, 3.58922352461e-06, 1.55214929691e-05, 3.74408555217e-05, 0.000533823040314, 0.00016815966228, 0.000100731042039, 0.000116077178973, 0.000208951998502, 0.000180866132723, 0.00017466742429, 0.000170139494003, 9.27282526391e-05, 8.91383751878e-05, 8.0674974015e-05, 9.03459149413e-05, 7.33261549613e-05, 6.07252222835e-05, 5.38564672752e-05, 3.7096106098e-05, 1.89894271898e-05, 4.92457456858e-06, 5.44689100934e-07, 1.20232925838e-07, 4.53866633165e-08, 9.1141416636e-10, 5.27650145798e-11],
        "min": [4.74275393264e-12, 7.33223117777e-08, 7.21716375551e-08, 3.14909414101e-07, 1.78590289579e-06, 4.53119628219e-06, 2.01504940378e-06, 1.3415065041e-06, 1.78635582415e-06, 3.95954003807e-07, 6.24575932306e-07, 5.50918912268e-07, 1.1172738823e-06, 1.09261191028e-06, 2.05985756452e-07, 1.14275046315e-07, 2.38379612938e-07, 2.23682164346e-07, 3.87971681448e-07, 1.35106404286e-07, 6.38291695054e-08, 2.59690455806e-08, 5.16812281859e-09, 2.75989764376e-09, 1.92879179295e-09, 2.36594993597e-10, 4.68692142389e-12],
        "skew": [2.75347995758, 8.6792640686, 7.65004634857, 3.36669898033, 1.66197931767, 4.02187871933, 10.0492019653, 5.39809465408, 4.00521993637, 3.1262087822, 4.87847661972, 6.23645305634, 2.81900644302, 3.88904857635, 10.9943494797, 4.64710855484, 3.42435908318, 3.96083664894, 8.82644462585, 5.23406410217, 16.6245803833, 6.84916210175, 21.6198253632, 15.9714403152, 7.20095872879, 8.39803504944, 37.010219574],
        "var": [6.62094685227e-17, 8.08907177352e-11, 2.19408891056e-09, 3.36453487293e-09, 2.11280152485e-07, 3.17284403195e-08, 1.96084251058e-08, 2.75102696179e-08, 4.27852064888e-08, 3.97247923445e-08, 4.75192969418e-08, 5.72444562863e-08, 7.06639857739e-09, 4.71544225888e-09, 8.69821281668e-09, 2.49969076549e-08, 3.55593563484e-08, 1.7789359319e-08, 1.49079397715e-07, 2.84836811915e-08, 8.2571869342e-09, 5.14124333384e-11, 5.69454206012e-12, 1.48145547479e-13, 1.6491961876e-14, 2.07158285427e-17, 1.87408017059e-19],
        "cov": [[6.62431248474e-17, 4.05165208363e-15, 1.13601754956e-14, 1.20129592241e-14, 1.36461127771e-13, 1.01426069691e-13, 7.23967259297e-14, 6.92357887059e-14, 1.6701441933e-13, 1.23368573387e-13, 1.37373876922e-13, 1.76904287931e-14, 2.60326513086e-14, 3.99489240584e-15, 9.64684468375e-15, 6.23954962134e-15, -4.15488769692e-14, -1.06903765693e-14, -1.23868661639e-13, -2.31677266889e-14, 4.53393570314e-15, 2.81050487042e-15, -2.58296212169e-16, 1.09409505409e-16, 5.00688454311e-18, 1.61604818369e-18, 6.96799887415e-19], [4.05165208363e-15, 8.09318445594e-11, 2.80713285949e-10, 8.4323222016e-11, 2.06334588304e-10, 1.54294979571e-10, 4.22521809207e-11, -3.16148947299e-11, -1.17335127725e-10, -8.23396073546e-11, -7.78945796753e-11, 3.67927953729e-12, -8.20941231661e-12, -5.04354587608e-12, -1.45724179251e-11, 8.17968522776e-12, -5.56639179194e-11, -2.22889970369e-11, 1.0850301907e-10, -4.59062232672e-11, 3.39633730211e-13, 1.21213735121e-13, 1.39986682185e-13, -7.59615962254e-14, -6.07798994511e-14, -9.98835756841e-16, 1.83997711349e-16], [1.13601754956e-14, 2.80713285949e-10, 2.19520446265e-09, 6.69102662165e-10, 1.50411205713e-09, 1.20366061562e-09, 2.77124295733e-10, 2.26142594234e-11, -5.10490594241e-10, -4.48468345793e-10, -4.59651011697e-10, -3.36068867179e-10, 3.37475290768e-11, -6.43409908685e-11, -1.6503402811e-10, -4.09329601464e-12, -2.78820549982e-10, -1.54725038337e-10, 5.10478215254e-10, -2.7310650963e-10, 3.46453790136e-12, -2.38230203793e-12, 2.49487279794e-12, -3.04091956694e-13, -2.17521408329e-13, -3.99937151606e-15, 1.46983575929e-17], [1.20129592241e-14, 8.4323222016e-11, 6.69102662165e-10, 3.36624550457e-09, 3.79411480012e-09, 2.35448549546e-09, 7.99512345218e-10, 1.04874564588e-09, 1.27037480535e-09, 7.8154366312e-10, 9.52023460066e-10, 9.37263711087e-10, 3.87557291814e-10, 1.96127947216e-10, 9.14713096933e-11, 1.07551752226e-10, -4.49624837362e-10, -3.21466159248e-10, -3.36385946875e-10, -1.63276669962e-10, -4.57948193255e-11, 5.20141828914e-12, 1.18630487378e-11, -1.81753023005e-13, -8.5151747849e-14, 6.94052190123e-15, -1.65083465637e-16], [1.36461127771e-13, 2.06334588304e-10, 1.50411205713e-09, 3.79411480012e-09, 2.11387572335e-07, 1.0559932484e-08, 2.74630362895e-09, 4.09399136814e-09, 2.3620876366e-09, 5.28897980967e-10, 2.93715274324e-09, 4.71736094632e-10, 6.35437535923e-10, -7.48349548996e-10, -1.63495950112e-09, -1.4035955731e-09, -6.31872376644e-09, -5.41655209574e-09, -9.39584765547e-09, -5.18228304713e-09, -1.19300525014e-09, -6.93551882591e-11, -4.46908742652e-12, -6.6623503589e-12, -2.57555045e-12, 7.45883152605e-15, -3.5363589549e-15], [1.01426069691e-13, 1.54294979571e-10, 1.20366061562e-09, 2.35448549546e-09, 1.0559932484e-08, 3.17445696396e-08, 7.5129591437e-09, 7.07012937085e-09, 7.59126717043e-09, 4.21540224949e-09, 5.53325474328e-09, 6.3787735094e-09, 1.5338735837e-09, 1.46183953831e-09, 2.33079422429e-09, 1.47545575757e-09, 1.12676243336e-10, -2.99095304079e-10, -3.18584358894e-09, -7.43610728549e-10, 1.59689719781e-10, 1.43839315458e-10, 1.4477264873e-11, 1.22828917176e-12, -2.44602135855e-13, 4.19350426779e-14, 2.73866165341e-15], [7.23967259297e-14, 4.22521809207e-11, 2.77124295733e-10, 7.99512345218e-10, 2.74630362895e-09, 7.5129591437e-09, 1.96183940204e-08, 8.03423905182e-09, 9.74023350864e-09, 5.16660403349e-09, 7.15400005902e-09, 1.15467857498e-08, 2.34185804082e-09, 2.53662424399e-09, 6.15030026907e-09, 4.19479073699e-09, 4.35371916296e-09, 2.07278660902e-09, 2.31658492389e-09, 1.19838250434e-09, 1.90601712191e-09, 3.49137635469e-10, 2.84047837334e-11, 6.55977572608e-12, 1.34640714376e-12, 2.94564550432e-14, 1.84367118299e-15], [6.92357887059e-14, -3.16148947299e-11, 2.26142594234e-11, 1.04874564588e-09, 4.09399136814e-09, 7.07012937085e-09, 8.03423905182e-09, 2.75242566516e-08, 1.25006858198e-08, 7.89584309047e-09, 8.08061262347e-09, 1.21129790642e-08, 2.7448920914e-09, 2.51971354892e-09, 3.88316978572e-09, 4.10767064807e-09, 9.12266440167e-09, 5.62820456906e-09, 1.92854843206e-09, 1.11164979444e-08, 4.036340151e-09, 3.54124785051e-10, 4.88470895676e-11, 1.09879657456e-11, 5.44960994733e-12, 1.11042014613e-13, 2.72196705754e-15], [1.6701441933e-13, -1.17335127725e-10, -5.10490594241e-10, 1.27037480535e-09, 2.3620876366e-09, 7.59126717043e-09, 9.74023350864e-09, 1.25006858198e-08, 4.28069597547e-08, 1.32758248839e-08, 1.25590604583e-08, 1.33052759921e-08, 3.38962613533e-09, 3.37866801203e-09, 6.4066569827e-09, 5.62749624677e-09, 4.98510921432e-09, 2.42988806853e-09, -3.51438855795e-09, 2.03773065088e-09, 3.09167980106e-09, 4.14524442549e-10, 3.52355297717e-11, 1.23879413672e-11, 3.12061813022e-12, 1.0445760061e-13, 2.55778030863e-15], [1.23368573387e-13, -8.23396073546e-11, -4.48468345793e-10, 7.8154366312e-10, 5.28897980967e-10, 4.21540224949e-09, 5.16660403349e-09, 7.89584309047e-09, 1.32758248839e-08, 3.9744985969e-08, 1.45468233015e-08, 9.82490266921e-09, 3.15632808778e-09, 2.29042851352e-09, 4.94022911468e-09, 4.63293892139e-09, 5.59601609496e-09, 4.04079614214e-09, -1.33824196169e-09, 6.13589312692e-09, 2.74383449295e-09, 3.35654642969e-10, 1.96866880436e-11, 5.71237198169e-12, 3.36136804155e-12, 6.93862420862e-14, 2.85006977938e-15], [1.37373876922e-13, -7.78945796753e-11, -4.59651011697e-10, 9.52023460066e-10, 2.93715274324e-09, 5.53325474328e-09, 7.15400005902e-09, 8.08061262347e-09, 1.25590604583e-08, 1.45468233015e-08, 4.75434553948e-08, 1.86888762244e-08, 3.39482220113e-09, 4.63158400521e-09, 6.84340806245e-09, 5.66463453922e-09, 4.76822670237e-09, 3.74997677355e-09, -1.19044918367e-09, 3.6051825969e-09, 2.97826274753e-09, 3.97863297863e-10, 3.88290614939e-11, 5.39384986328e-12, 1.8380993342e-12, 3.11579409463e-14, 3.45313055629e-15], [1.76904287931e-14, 3.67927953729e-12, -3.36068867179e-10, 9.37263711087e-10, 4.71736094632e-10, 6.3787735094e-09, 1.15467857498e-08, 1.21129790642e-08, 1.33052759921e-08, 9.82490266921e-09, 1.86888762244e-08, 5.72735601168e-08, 5.27269339301e-09, 5.10944753174e-09, 9.45293887611e-09, 7.61495932977e-09, 9.21304010859e-09, 6.0045173278e-09, 3.56204821195e-09, 8.49088976906e-09, 4.98924457304e-09, 6.58341714477e-10, 1.76549830311e-10, 1.27729528343e-11, 4.76154662574e-12, 8.27263198265e-14, 4.61234046087e-15], [2.60326513086e-14, -8.20941231661e-12, 3.37475290768e-11, 3.87557291814e-10, 6.35437535923e-10, 1.5338735837e-09, 2.34185804082e-09, 2.7448920914e-09, 3.38962613533e-09, 3.15632808778e-09, 3.39482220113e-09, 5.27269339301e-09, 7.0699912591e-09, 1.03904629345e-09, 1.66394309442e-09, 1.16721621257e-09, 1.97318050787e-09, 1.62271618365e-09, 3.0447172561e-10, 1.75064296393e-09, 7.65723817686e-10, 1.27400909267e-10, 1.62849213281e-11, 3.00354120915e-12, 1.36472766681e-12, 3.61854982285e-14, 6.20486626912e-16], [3.99489240584e-15, -5.04354587608e-12, -6.43409908685e-11, 1.96127947216e-10, -7.48349548996e-10, 1.46183953831e-09, 2.53662424399e-09, 2.51971354892e-09, 3.37866801203e-09, 2.29042851352e-09, 4.63158400521e-09, 5.10944753174e-09, 1.03904629345e-09, 4.71783945244e-09, 2.65570165858e-09, 2.22988671972e-09, 2.30268892842e-09, 1.55778456801e-09, 1.00630570543e-09, 1.95421478999e-09, 1.41139566701e-09, 1.62297134065e-10, 2.5170143747e-11, 4.04816414765e-12, 1.55981499418e-12, 3.36046837059e-14, 1.34701976712e-15], [9.64684468375e-15, -1.45724179251e-11, -1.6503402811e-10, 9.14713096933e-11, -1.63495950112e-09, 2.33079422429e-09, 6.15030026907e-09, 3.88316978572e-09, 6.4066569827e-09, 4.94022911468e-09, 6.84340806245e-09, 9.45293887611e-09, 1.66394309442e-09, 2.65570165858e-09, 8.70263505703e-09, 5.81447556769e-09, 5.57531576462e-09, 3.44770856309e-09, 2.16223927652e-09, 3.32526828295e-09, 2.81528178547e-09, 3.5635627782e-10, 2.97122396131e-11, 7.95417291061e-12, 2.92940194671e-12, 4.53483144048e-14, 9.33366992161e-16], [6.23954962134e-15, 8.17968522776e-12, -4.09329601464e-12, 1.07551752226e-10, -1.4035955731e-09, 1.47545575757e-09, 4.19479073699e-09, 4.10767064807e-09, 5.62749624677e-09, 4.63293892139e-09, 5.66463453922e-09, 7.61495932977e-09, 1.16721621257e-09, 2.22988671972e-09, 5.81447556769e-09, 2.50096157117e-08, 1.08036752877e-08, 4.60488980281e-09, 6.26807494797e-09, 5.38611155676e-09, 3.39259176307e-09, 3.49982015591e-10, 3.94105616197e-11, 8.95002908591e-12, 4.29438515998e-12, 5.6005472883e-14, 1.29504095503e-15], [-4.15488769692e-14, -5.56639179194e-11, -2.78820549982e-10, -4.49624837362e-10, -6.31872376644e-09, 1.12676243336e-10, 4.35371916296e-09, 9.12266440167e-09, 4.98510921432e-09, 5.59601609496e-09, 4.76822670237e-09, 9.21304010859e-09, 1.97318050787e-09, 2.30268892842e-09, 5.57531576462e-09, 1.08036752877e-08, 3.55774361083e-08, 1.48100403052e-08, 8.81843487122e-09, 1.51775374491e-08, 5.68990055072e-09, 5.91419357931e-10, 5.97316640594e-11, 1.84718629281e-11, 1.01955058979e-11, 1.4980682981e-13, 1.863962069e-15], [-1.06903765693e-14, -2.22889970369e-11, -1.54725038337e-10, -3.21466159248e-10, -5.41655209574e-09, -2.99095304079e-10, 2.07278660902e-09, 5.62820456906e-09, 2.42988806853e-09, 4.04079614214e-09, 3.74997677355e-09, 6.0045173278e-09, 1.62271618365e-09, 1.55778456801e-09, 3.44770856309e-09, 4.60488980281e-09, 1.48100403052e-08, 1.77984027516e-08, 1.33919222378e-08, 1.22418910564e-08, 3.96095867217e-09, 4.49976444994e-10, 4.15169218448e-11, 1.42824987948e-11, 7.20613369323e-12, 1.15270043944e-13, 1.90657650834e-15], [-1.23868661639e-13, 1.0850301907e-10, 5.10478215254e-10, -3.36385946875e-10, -9.39584765547e-09, -3.18584358894e-09, 2.31658492389e-09, 1.92854843206e-09, -3.51438855795e-09, -1.33824196169e-09, -1.19044918367e-09, 3.56204821195e-09, 3.0447172561e-10, 1.00630570543e-09, 2.16223927652e-09, 6.26807494797e-09, 8.81843487122e-09, 1.33919222378e-08, 1.49155198415e-07, 2.95050366361e-08, 3.62864782666e-09, 4.71095551458e-10, 2.84786690757e-11, 7.47024751085e-12, 4.08993758999e-12, 4.84704202502e-14, 1.12955485758e-15], [-2.31677266889e-14, -4.59062232672e-11, -2.7310650963e-10, -1.63276669962e-10, -5.18228304713e-09, -7.43610728549e-10, 1.19838250434e-09, 1.11164979444e-08, 2.03773065088e-09, 6.13589312692e-09, 3.6051825969e-09, 8.49088976906e-09, 1.75064296393e-09, 1.95421478999e-09, 3.32526828295e-09, 5.38611155676e-09, 1.51775374491e-08, 1.22418910564e-08, 2.95050366361e-08, 2.84981620524e-08, 6.67205313221e-09, 4.84330020534e-10, 4.01352666379e-11, 1.48860767463e-11, 9.61438654384e-12, 1.52610129395e-13, 2.25581729809e-15], [4.53393570314e-15, 3.39633730211e-13, 3.46453790136e-12, -4.57948193255e-11, -1.19300525014e-09, 1.59689719781e-10, 1.90601712191e-09, 4.036340151e-09, 3.09167980106e-09, 2.74383449295e-09, 2.97826274753e-09, 4.98924457304e-09, 7.65723817686e-10, 1.41139566701e-09, 2.81528178547e-09, 3.39259176307e-09, 5.68990055072e-09, 3.96095867217e-09, 3.62864782666e-09, 6.67205313221e-09, 8.26138446541e-09, 2.62158600384e-10, 4.76839713548e-11, 7.70723936061e-12, 3.79782143234e-12, 6.39846519952e-14, 1.00390143738e-15], [2.81050487042e-15, 1.21213735121e-13, -2.38230203793e-12, 5.20141828914e-12, -6.93551882591e-11, 1.43839315458e-10, 3.49137635469e-10, 3.54124785051e-10, 4.14524442549e-10, 3.35654642969e-10, 3.97863297863e-10, 6.58341714477e-10, 1.27400909267e-10, 1.62297134065e-10, 3.5635627782e-10, 3.49982015591e-10, 5.91419357931e-10, 4.49976444994e-10, 4.71095551458e-10, 4.84330020534e-10, 2.62158600384e-10, 5.14385686823e-11, 5.59054408669e-12, 1.73441599624e-12, 5.06092780531e-13, 1.21982459873e-14, 7.85986885699e-17], [-2.58296212169e-16, 1.39986682185e-13, 2.49487279794e-12, 1.18630487378e-11, -4.46908742652e-12, 1.4477264873e-11, 2.84047837334e-11, 4.88470895676e-11, 3.52355297717e-11, 1.96866880436e-11, 3.88290614939e-11, 1.76549830311e-10, 1.62849213281e-11, 2.5170143747e-11, 2.97122396131e-11, 3.94105616197e-11, 5.97316640594e-11, 4.15169218448e-11, 2.84786690757e-11, 4.01352666379e-11, 4.76839713548e-11, 5.59054408669e-12, 5.69743687992e-12, 2.7455831662e-13, 1.07473302176e-13, 2.05906001478e-15, 1.05904992616e-17], [1.09409505409e-16, -7.59615962254e-14, -3.04091956694e-13, -1.81753023005e-13, -6.6623503589e-12, 1.22828917176e-12, 6.55977572608e-12, 1.09879657456e-11, 1.23879413672e-11, 5.71237198169e-12, 5.39384986328e-12, 1.27729528343e-11, 3.00354120915e-12, 4.04816414765e-12, 7.95417291061e-12, 8.95002908591e-12, 1.84718629281e-11, 1.42824987948e-11, 7.47024751085e-12, 1.48860767463e-11, 7.70723936061e-12, 1.73441599624e-12, 2.7455831662e-13, 1.48220872425e-13, 3.61983799055e-14, 9.16729994528e-16, 2.00678814253e-18], [5.00688454311e-18, -6.07798994511e-14, -2.17521408329e-13, -8.5151747849e-14, -2.57555045e-12, -2.44602135855e-13, 1.34640714376e-12, 5.44960994733e-12, 3.12061813022e-12, 3.36136804155e-12, 1.8380993342e-12, 4.76154662574e-12, 1.36472766681e-12, 1.55981499418e-12, 2.92940194671e-12, 4.29438515998e-12, 1.01955058979e-11, 7.20613369323e-12, 4.08993758999e-12, 9.61438654384e-12, 3.79782143234e-12, 5.06092780531e-13, 1.07473302176e-13, 3.61983799055e-14, 1.65003458081e-14, 3.17779021481e-16, 1.6666279e-18], [1.61604818369e-18, -9.98835756841e-16, -3.99937151606e-15, 6.94052190123e-15, 7.45883152605e-15, 4.19350426779e-14, 2.94564550432e-14, 1.11042014613e-13, 1.0445760061e-13, 6.93862420862e-14, 3.11579409463e-14, 8.27263198265e-14, 3.61854982285e-14, 3.36046837059e-14, 4.53483144048e-14, 5.6005472883e-14, 1.4980682981e-13, 1.15270043944e-13, 4.84704202502e-14, 1.52610129395e-13, 6.39846519952e-14, 1.21982459873e-14, 2.05906001478e-15, 9.16729994528e-16, 3.17779021481e-16, 2.07263602063e-17, 2.00097588041e-19], [6.96799887415e-19, 1.83997711349e-16, 1.46983575929e-17, -1.65083465637e-16, -3.5363589549e-15, 2.73866165341e-15, 1.84367118299e-15, 2.72196705754e-15, 2.55778030863e-15, 2.85006977938e-15, 3.45313055629e-15, 4.61234046087e-15, 6.20486626912e-16, 1.34701976712e-15, 9.33366992161e-16, 1.29504095503e-15, 1.863962069e-15, 1.90657650834e-15, 1.12955485758e-15, 2.25581729809e-15, 1.00390143738e-15, 7.85986885699e-17, 1.05904992616e-17, 2.00678814253e-18, 1.6666279e-18, 2.00097588041e-19, 1.87503297925e-19]]
    },
    "mfcc": {
        "kurt": [7.96022224426, 1.46739053726, 1.14135122299, 1.7936668396, 0.103137493134, 0.549502372742, 0.354907751083, 0.042617559433, 0.29705452919, 0.0732223987579, 0.0914196968079, 0.239727497101, 0.0258731842041],
        "max": [-613.086486816, 192.962219238, -4.70851135254, 72.8887176514, -0.98323059082, 25.1365470886, 25.2716751099, 10.9291477203, 20.2802619934, 4.73404312134, 9.91433334351, 7.30463600159, 14.3894958496],
        "mean": [-736.11517334, 152.452804565, -77.5330123901, 29.0127849579, -31.7355823517, -6.3962931633, -7.51780748367, -11.1047544479, -5.89126396179, -17.8271884918, -12.4868488312, -14.107003212, -8.86079597473],
        "median": [-739.076171875, 155.215667725, -77.2823791504, 28.1016044617, -31.19506073, -6.07605171204, -7.68981647491, -11.0711574554, -5.75366973877, -17.8430957794, -12.5536327362, -14.1288452148, -8.93730926514],
        "min": [-979.643981934, 92.7526550293, -110.038375854, -2.59712219238, -60.8739013672, -34.823299408, -32.8223571777, -37.1278991699, -30.5504646301, -37.8292694092, -34.8406448364, -41.3945884705, -27.6542701721],
        "skew": [0.160421460867, -1.08472681046, 0.0888886749744, 0.776596307755, -0.249112352729, -0.065605007112, 0.0941601023078, -0.0749713331461, -0.115783058107, 0.0848335698247, 0.00326148536988, -0.0695544332266, 0.0215475205332],
        "var": [490.338989258, 192.930130005, 108.54851532, 87.9620437622, 69.4484024048, 57.1404571533, 55.0742301941, 45.8415260315, 52.6658248901, 36.0084571838, 42.6058044434, 46.5884933472, 35.8949356079],
        "cov": [[490.588256836, -168.007843018, -76.3887023926, 61.7549743652, -72.5817184448, -34.8594818115, 13.1570777893, 5.10240745544, 30.6738796234, 14.3528633118, -26.8211593628, 32.5981063843, 11.9722070694], [-168.007843018, 193.028213501, 48.7722396851, -15.5737943649, 29.5535831451, 30.8512954712, -1.18090450764, -2.25784301758, 1.50577831268, -7.87512969971, 5.10065555573, -13.6918983459, 1.14495456219], [-76.3887023926, 48.7722396851, 108.60370636, -13.9327297211, 22.4463386536, 32.7905693054, -6.6601099968, 4.82400989532, -11.1346960068, 5.06347990036, 4.85261583328, -0.468164771795, -10.3226881027], [61.7549743652, -15.5737943649, -13.9327297211, 88.0067596436, 10.9658079147, -11.7864933014, 24.6032810211, 7.22930955887, 1.51498866081, 5.28542995453, 9.17724990845, -1.25245904922, 8.13928127289], [-72.5817184448, 29.5535831451, 22.4463386536, 10.9658079147, 69.4837112427, 15.3844957352, -3.97208070755, 11.1706724167, -2.67989611626, -1.35939466953, 10.056895256, 0.255332261324, 1.13979494572], [-34.8594818115, 30.8512954712, 32.7905693054, -11.7864933014, 15.3844957352, 57.169506073, 5.06784296036, 4.15501689911, 3.39967274666, 1.36759912968, -1.42979586124, 1.56365692616, 0.82715255022], [13.1570777893, -1.18090450764, -6.6601099968, 24.6032810211, -3.97208070755, 5.06784296036, 55.102230072, 6.53930187225, -2.2905831337, 7.83843660355, 5.32809209824, -0.234973460436, 3.93848705292], [5.10240745544, -2.25784301758, 4.82400989532, 7.22930955887, 11.1706724167, 4.15501689911, 6.53930187225, 45.8648338318, 5.44366836548, 2.1934466362, 9.79697418213, 1.92093968391, 5.62023019791], [30.6738796234, 1.50577831268, -11.1346960068, 1.51498866081, -2.67989611626, 3.39967274666, -2.2905831337, 5.44366836548, 52.6926002502, 10.8680181503, -8.90180683136, 14.1502428055, 1.90029191971], [14.3528633118, -7.87512969971, 5.06347990036, 5.28542995453, -1.35939466953, 1.36759912968, 7.83843660355, 2.1934466362, 10.8680181503, 36.0267601013, 10.7416257858, 0.831236481667, 2.87156224251], [-26.8211593628, 5.10065555573, 4.85261583328, 9.17724990845, 10.056895256, -1.42979586124, 5.32809209824, 9.79697418213, -8.90180683136, 10.7416257858, 42.6274681091, 6.18271589279, 2.13115310669], [32.5981063843, -13.6918983459, -0.468164771795, -1.25245904922, 0.255332261324, 1.56365692616, -0.234973460436, 1.92093968391, 14.1502428055, 0.831236481667, 6.18271589279, 46.6121788025, 9.66273403168], [11.9722070694, 1.14495456219, -10.3226881027, 8.13928127289, 1.13979494572, 0.82715255022, 3.93848705292, 5.62023019791, 1.90029191971, 2.87156224251, 2.13115310669, 9.66273403168, 35.9131851196]]
    },
    "sccoeffs": {
        "kurt": [0.180462121964, 0.345569133759, 0.269794940948, 0.326945781708, 3.68063783646, 2.76986503601],
        "max": [-0.348255366087, -0.63440823555, -0.677343070507, -0.709745287895, -0.627686202526, -0.602279126644],
        "mean": [-0.569131433964, -0.802884042263, -0.813634932041, -0.818905591965, -0.806561529636, -0.73293107748],
        "median": [-0.568042755127, -0.805895090103, -0.815345466137, -0.820943236351, -0.814397931099, -0.734562754631],
        "min": [-0.903233230114, -0.920144498348, -0.916252493858, -0.89086574316, -0.902772188187, -0.843945264816],
        "skew": [-0.0539596416056, 0.434398919344, 0.336338490248, 0.367794334888, 1.63827335835, 0.643065929413],
        "var": [0.00396463926882, 0.00175571558066, 0.00110737036448, 0.000642109371256, 0.00114094722085, 0.000506837037392],
        "cov": [[0.00396665465087, 0.000191296829144, -9.06905115698e-05, 4.59643069917e-06, -0.000194067135453, -6.0532882344e-05], [0.000191296829144, 0.00175660825334, 0.000128586965729, 1.13713422252e-05, -3.04724453599e-05, 4.6595276217e-05], [-9.06905115698e-05, 0.000128586965729, 0.00110793334898, 3.94508242607e-05, -5.47236923012e-05, 9.19322628761e-05], [4.59643069917e-06, 1.13713422252e-05, 3.94508242607e-05, 0.000642435858026, 1.28948222482e-05, 4.04464335588e-05], [-0.000194067135453, -3.04724453599e-05, -5.47236923012e-05, 1.28948222482e-05, 0.0011415273184, 0.000100126220786], [-6.0532882344e-05, 4.6595276217e-05, 9.19322628761e-05, 4.04464335588e-05, 0.000100126220786, 0.000507094722707]]
    },
    "scvalleys": {
        "kurt": [0.163232088089, 1.21759033203, 4.98826169968, 7.58469486237, 2.79201936722, 1.33954048157],
        "max": [-5.93315410614, -4.36459827423, -4.55033302307, -5.481944561, -6.01324415207, -8.93692398071],
        "mean": [-7.67333841324, -6.07635545731, -6.03312158585, -6.68837213516, -7.43449735641, -10.7705316544],
        "median": [-7.66335058212, -6.07814693451, -6.04320812225, -6.69698762894, -7.50102519989, -10.8535890579],
        "min": [-9.41043186188, -7.60853672028, -8.983959198, -9.31189441681, -9.91736602783, -12.6243171692],
        "skew": [-0.20510840416, -0.0443496145308, -0.257268071175, -0.402228742838, 0.96580529213, 0.993239045143],
        "var": [0.204461231828, 0.10799446702, 0.0905048549175, 0.0569738969207, 0.12018173933, 0.129962965846],
        "cov": [[0.204565182328, 0.0170536786318, 0.00157883472275, 0.000462964380858, -7.76020970079e-05, -0.00116527988575], [0.0170536786318, 0.108049370348, 0.0255655571818, 0.01590240933, 0.0273301396519, 0.0223923157901], [0.00157883472275, 0.0255655571818, 0.0905508697033, 0.0267585217953, 0.0425601378083, 0.0295058880001], [0.000462964380858, 0.01590240933, 0.0267585217953, 0.0570028610528, 0.0430498681962, 0.0357549414039], [-7.76020970079e-05, 0.0273301396519, 0.0425601378083, 0.0430498681962, 0.120242841542, 0.0841709896922], [-0.00116527988575, 0.0223923157901, 0.0295058880001, 0.0357549414039, 0.0841709896922, 0.130029037595]]
    }
},
"rhythm": {
    "beats_loudness": {
        "kurt": 26.0872402191,
        "max": 0.0172998830676,
        "mean": 0.00327845616266,
        "median": 0.00296546076424,
        "min": 0.00136552541517,
        "skew": 4.20132875443,
        "var": 3.52621077582e-06
    },
    "bpm": 155.804031372,
    "confidence": 0.481237590313,
    "first_peak_bpm": {
        "kurt": 0,
        "max": 157,
        "mean": 157,
        "median": 157,
        "min": 157,
        "skew": 0,
        "var": 0
    },
    "first_peak_spread": {
        "kurt": 0,
        "max": 0.278481006622,
        "mean": 0.278481006622,
        "median": 0.278481006622,
        "min": 0.278481006622,
        "skew": 0,
        "var": 0
    },
    "first_peak_weight": {
        "kurt": 0,
        "max": 0.508928596973,
        "mean": 0.508928596973,
        "median": 0.508928596973,
        "min": 0.508928596973,
        "skew": 0,
        "var": 0
    },
    "onset_rate": 0.306622028351,
    "second_peak_bpm": {
        "kurt": 0,
        "max": 152,
        "mean": 152,
        "median": 152,
        "min": 152,
        "skew": 0,
        "var": 0
    },
    "second_peak_spread": {
        "kurt": 0,
        "max": 0.0769230723381,
        "mean": 0.0769230723381,
        "median": 0.0769230723381,
        "min": 0.0769230723381,
        "skew": 0,
        "var": 0
    },
    "second_peak_weight": {
        "kurt": 0,
        "max": 0.107142858207,
        "mean": 0.107142858207,
        "median": 0.107142858207,
        "min": 0.107142858207,
        "skew": 0,
        "var": 0
    },
    "beats_loudness_band_ratio": {
        "kurt": [12.424996376, 0.122353076935, -0.602777957916, 1.97467374802, 0.259846448898, 24.3246307373],
        "max": [0.346500724554, 0.597501993179, 0.374144822359, 0.538281738758, 0.569930553436, 0.627436280251],
        "mean": [0.0534904934466, 0.241012066603, 0.200345724821, 0.237018436193, 0.241127043962, 0.0665922686458],
        "median": [0.0390604622662, 0.238549783826, 0.206242293119, 0.226998135448, 0.215542539954, 0.0427527762949],
        "min": [0.00225010397844, 0.0272730942816, 0.0581970773637, 0.0824338942766, 0.0531212389469, 0.0165802184492],
        "skew": [3.03353214264, 0.353382706642, 0.0491599626839, 0.951684474945, 0.768287956715, 4.36052083969],
        "var": [0.00243033538572, 0.0108598684892, 0.00445599434897, 0.00590228568763, 0.00981071032584, 0.00604520877823],
        "cov": [[0.00245203473605, 0.00111839745659, -6.68236170895e-05, -0.000557976251002, -0.00160375854466, -0.000608877337072], [0.00111839745659, 0.0109568312764, -0.000371478352463, -0.00270219892263, -0.0055651566945, -0.00275688315742], [-6.68236170895e-05, -0.000371478352463, 0.0044957799837, 0.000456463167211, -0.00242487690412, -0.00166880281176], [-0.000557976251002, -0.00270219892263, 0.000456463167211, 0.00595498457551, -0.00143128784839, -0.00144742545672], [-0.00160375854466, -0.0055651566945, -0.00242487690412, -0.00143128784839, 0.00989830587059, 4.79884947708e-05], [-0.000608877337072, -0.00275688315742, -0.00166880281176, -0.00144742545672, 4.79884947708e-05, 0.00609918357804]]
    },
    "beats_position": [0.417959183455, 0.835918366909, 1.25387752056, 1.63700675964, 2.02013611794, 2.40326523781, 2.7863945961, 3.16952371597, 3.56426286697, 3.93578219414, 4.31891155243, 4.7020406723, 5.07355976105, 5.45668935776, 5.85142850876, 6.2229475975, 6.6176867485, 6.98920631409, 7.37233543396, 7.75546455383, 8.13859367371, 8.52172279358, 8.90485286713, 9.287981987, 9.65950107574, 10.0542402267, 10.4257593155, 10.8088884354, 11.1920175552, 11.5751476288, 11.9582767487, 12.3414058685, 12.7245349884, 13.1308841705, 13.4907932281, 13.8507022858, 14.2222223282, 14.6053514481, 14.9884805679, 15.3716096878, 15.7547388077, 16.1262588501, 16.4977779388, 16.8809070587, 17.2756462097, 17.6587753296, 18.0419044495, 18.4250335693, 18.8081626892, 19.1912918091, 19.574420929, 19.9459400177, 20.3290691376, 20.7121982574, 21.0953292847, 21.4668483734, 21.8499774933, 22.2331066132, 22.6046257019, 22.9877548218, 23.3708839417, 23.7540130615, 24.1371421814, 24.5086612701, 24.89179039, 25.2749195099, 25.6580486298, 26.0411777496, 26.4243087769, 26.8074378967, 27.1905670166, 27.5620861053, 27.9336051941, 28.3283443451, 28.7230834961, 29.106212616, 29.4893417358, 29.8608608246, 30.2439899445, 30.6155090332, 30.9986381531, 31.3701572418, 31.753288269, 32.1364173889, 32.5195465088, 32.8910636902, 33.2741928101, 33.6689338684, 34.0404510498, 34.4235839844, 34.818321228, 35.1898422241, 35.5845794678, 35.9793205261, 36.3740577698, 36.7455787659, 37.1287078857, 37.6627655029, 38.1619949341, 38.6612243652, 39.1836738586, 39.7061233521, 40.2285690308, 40.7277984619, 41.2270278931, 41.7262573242, 42.2138786316, 42.7247161865, 43.2355537415, 43.7231750488, 44.2456245422, 44.7564620972, 45.2556915283],
    "bpm_estimates": [156.605117798, 156.605072021, 156.605163574, 156.605072021, 156.605163574, 151.99911499, 156.605072021, 156.605163574, 156.60496521, 151.99911499, 151.99911499, 156.605163574, 156.605163574, 156.605163574, 156.605163574, 156.604782104, 156.605163574, 151.99911499, 156.605163574, 156.605163574, 156.604782104, 156.605163574, 156.605163574, 156.605163574, 156.605163574, 156.605163574, 156.605163574, 156.605163574, 156.605163574, 151.99911499, 156.605163574, 156.605163574, 156.605163574, 156.605163574, 156.605163574, 156.605163574, 156.605163574, 156.605163574, 156.604385376, 156.605163574, 156.605163574, 156.605163574, 156.605163574, 156.605163574, 156.605163574, 156.605163574, 156.605163574, 156.605163574, 156.605163574, 156.604385376, 156.605163574, 156.605163574, 151.99911499, 151.99911499, 156.605163574, 156.605163574, 156.605163574, 156.605163574, 156.604385376, 156.605163574, 156.605163574, 156.605163574, 151.998382568, 156.603607178, 151.999847412, 151.999847412, 151.998382568, 151.999847412, 156.605163574],
    "bpm_intervals": [0.417959183455, 0.417959153652, 0.383129239082, 0.383129358292, 0.383129119873, 0.383129358292, 0.383129119873, 0.394739151001, 0.371519327164, 0.383129358292, 0.383129119873, 0.371519088745, 0.38312959671, 0.394739151001, 0.371519088745, 0.394739151001, 0.371519565582, 0.383129119873, 0.383129119873, 0.383129119873, 0.383129119873, 0.383130073547, 0.383129119873, 0.371519088745, 0.394739151001, 0.371519088745, 0.383129119873, 0.383129119873, 0.383130073547, 0.383129119873, 0.383129119873, 0.383129119873, 0.406349182129, 0.359909057617, 0.359909057617, 0.371520042419, 0.383129119873, 0.383129119873, 0.383129119873, 0.383129119873, 0.371520042419, 0.371519088745, 0.383129119873, 0.394739151001, 0.383129119873, 0.383129119873, 0.383129119873, 0.383129119873, 0.383129119873, 0.383129119873, 0.371519088745, 0.383129119873, 0.383129119873, 0.383131027222, 0.371519088745, 0.383129119873, 0.383129119873, 0.371519088745, 0.383129119873, 0.383129119873, 0.383129119873, 0.383129119873, 0.371519088745, 0.383129119873, 0.383129119873, 0.383129119873, 0.383129119873, 0.383131027222, 0.383129119873, 0.383129119873, 0.371519088745, 0.371519088745, 0.394739151001, 0.394739151001, 0.383129119873, 0.383129119873, 0.371519088745, 0.383129119873, 0.371519088745, 0.383129119873, 0.371519088745, 0.383131027222, 0.383129119873, 0.383129119873, 0.371517181396, 0.383129119873, 0.39474105835, 0.371517181396, 0.38313293457, 0.394737243652, 0.371520996094, 0.394737243652, 0.39474105835, 0.394737243652, 0.371520996094, 0.383129119873, 0.534057617188, 0.499229431152, 0.499229431152, 0.522449493408, 0.522449493408, 0.522445678711, 0.499229431152, 0.499229431152, 0.499229431152, 0.487621307373, 0.510837554932, 0.510837554932, 0.487621307373, 0.522449493408, 0.510837554932, 0.499229431152],
    "onset_times": [0.0116099771112, 1.04489791393, 1.25387752056, 12.0859861374, 12.9451246262, 13.1424942017, 13.8623132706, 15.7547388077, 18.0419044495, 22.4188671112, 27.9568252563, 34.4351921082, 38.4406356812, 40.7161903381],
