{
"metadata": {
    "version": {
        "essentia": "2.1-beta3"
    }
},
"lowLevel": {
    "average_loudness": 0.964281499386,
    "barkbands_kurtosis": {
        "kurt": 5.00104522705,
        "max": 89.7907028198,
        "mean": 11.4518289566,
        "median": 6.52691364288,
        "min": -1.91679644585,
        "skew": 2.05470204353,
        "var": 248.951477051
    },
    "barkbands_skewness": {
        "kurt": -0.634491205215,
        "max": 9.20636749268,
        "mean": 1.60773456097,
        "median": 1.3927590847,
        "min": -2.87497234344,
        "skew": 0.267917245626,
        "var": 8.62369441986
    },
    "barkbands_spread": {
        "kurt": -0.507079601288,
        "max": 46.3160095215,
        "mean": 14.4011669159,
        "median": 10.0920658112,
        "min": 1.24828279018,
        "skew": 0.815478146076,
        "var": 132.640151978
    },
    "dissonance": {
        "kurt": -0.59428524971,
        "max": 0.499999910593,
        "mean": 0.43107676506,
        "median": 0.459860414267,
        "min": 0.292268007994,
        "skew": -0.904178440571,
        "var": 0.00356167717837
    },
    "hfc": {
        "kurt": 2.47453546524,
        "max": 105.660118103,
        "mean": 11.9911327362,
        "median": 0.000339824851835,
        "min": 2.16356102101e-06,
        "skew": 1.96491646767,
        "var": 654.409606934
    },
    "pitch": {
        "kurt": 26.5953769684,
        "max": 4824.79833984,
        "mean": 501.334716797,
        "median": 430.162811279,
        "min": 83.8805923462,
        "skew": 5.11513566971,
        "var": 408598.9375
    },
    "pitch_instantaneous_confidence": {
        "kurt": -0.912608623505,
        "max": 0.978421211243,
        "mean": 0.718395292759,
        "median": 0.848299562931,
        "min": 0.137998402119,
        "skew": -0.765977978706,
        "var": 0.0802907645702
    },
    "pitch_salience": {
        "kurt": -1.22772073746,
        "max": 0.814275503159,
        "mean": 0.436513274908,
        "median": 0.486750274897,
        "min": 0.0657356008887,
        "skew": -0.11262755841,
        "var": 0.0490518659353
    },
    "silence_rate_20dB": {
        "kurt": 0,
        "max": 1,
        "mean": 1,
        "median": 1,
        "min": 1,
        "skew": 0,
        "var": 0
    },
    "silence_rate_30dB": {
        "kurt": 0,
        "max": 1,
        "mean": 1,
        "median": 1,
        "min": 1,
        "skew": 0,
        "var": 0
    },
    "silence_rate_60dB": {
        "kurt": 0.143070220947,
        "max": 1,
        "mean": 0.795321643353,
        "median": 1,
        "min": 0,
        "skew": -1.46392130852,
        "var": 0.162784948945
    },
    "spectral_centroid": {
        "kurt": -0.804943084717,
        "max": 3564.87133789,
        "mean": 1367.2578125,
        "median": 890.324707031,
        "min": 455.266204834,
        "skew": 0.92163926363,
        "var": 1034288.75
    },
    "spectral_complexity": {
        "kurt": 2.08292388916,
        "max": 16,
        "mean": 1.89473688602,
        "median": 0,
        "min": 0,
        "skew": 1.72877693176,
        "var": 12.2813482285
    },
    "spectral_crest": {
        "kurt": -1.08640992641,
        "max": 26.4439487457,
        "mean": 17.0719089508,
        "median": 18.6577510834,
        "min": 2.74086260796,
        "skew": -0.411489248276,
        "var": 53.6426620483
    },
    "spectral_decrease": {
        "kurt": 2.20610332489,
        "max": -4.06541033392e-16,
        "mean": -7.4444111986e-10,
        "median": -1.52834112011e-13,
        "min": -6.16253936769e-09,
        "skew": -1.91828525066,
        "var": 2.41926216857e-18
    },
    "spectral_energy": {
        "kurt": 2.27430915833,
        "max": 0.0328424684703,
        "mean": 0.00389732187614,
        "median": 6.01892168106e-07,
        "min": 1.73061986963e-09,
        "skew": 1.9306306839,
        "var": 6.7061460868e-05
    },
    "spectral_energyband_high": {
        "kurt": 4.15274572372,
        "max": 0.0046220459044,
        "mean": 0.000441805605078,
        "median": 1.64271529712e-09,
        "min": 5.96155069754e-11,
        "skew": 2.23146629333,
        "var": 9.56560597842e-07
    },
    "spectral_energyband_low": {
        "kurt": 21.0519485474,
        "max": 1.34503377325e-08,
        "mean": 1.52108148299e-09,
        "median": 1.08281916766e-09,
        "min": 1.28656765797e-10,
        "skew": 3.90686106682,
        "var": 2.76960107533e-18
    },
    "spectral_energyband_middle_high": {
        "kurt": 2.2352399826,
        "max": 0.0284823756665,
        "mean": 0.00332566094585,
        "median": 1.96111447082e-08,
        "min": 7.33778704465e-10,
        "skew": 1.92641329765,
        "var": 5.0133872719e-05
    },
    "spectral_energyband_middle_low": {
        "kurt": 4.33401679993,
        "max": 0.00125228671823,
        "mean": 0.000129982028739,
        "median": 5.93128788751e-07,
        "min": 7.87426235327e-10,
        "skew": 2.28891062737,
        "var": 7.18996133742e-08
    },
    "spectral_flatness_db": {
        "kurt": -1.59577214718,
        "max": 0.486023455858,
        "mean": 0.290875375271,
        "median": 0.320890247822,
        "min": 0.0619787834585,
        "skew": -0.143360182643,
        "var": 0.0188023746014
    },
    "spectral_flux": {
        "kurt": 9.01745128632,
        "max": 0.100500546396,
        "mean": 0.00955401733518,
        "median": 0.000252258440014,
        "min": 4.38684110122e-05,
        "skew": 3.05415010452,
        "var": 0.000444721110398
    },
    "spectral_kurtosis": {
        "kurt": 0.528090953827,
        "max": 14.2728385925,
        "mean": 6.29119920731,
        "median": 5.67650508881,
        "min": 0.952114343643,
        "skew": 0.795500814915,
        "var": 6.22205924988
    },
    "spectral_rms": {
        "kurt": 0.794893503189,
        "max": 0.00566051527858,
        "mean": 0.000941917707678,
        "median": 2.42324549617e-05,
        "min": 1.29938814553e-06,
        "skew": 1.58572208881,
        "var": 2.91505966743e-06
    },
    "spectral_rolloff": {
        "kurt": -1.29020452499,
        "max": 5318.70117188,
        "mean": 1898.19604492,
        "median": 1701.12304688,
        "min": 430.6640625,
        "skew": 0.345802307129,
        "var": 2040132.875
    },
    "spectral_skewness": {
        "kurt": -0.0484094619751,
        "max": 3.00638794899,
        "mean": 1.89627861977,
        "median": 1.8444801569,
        "min": 0.916951239109,
        "skew": 0.246258750558,
        "var": 0.153941676021
    },
    "spectral_spread": {
        "kurt": 39.3410263062,
        "max": 18688594,
        "mean": 4641666.5,
        "median": 4501619,
        "min": 2631712.25,
        "skew": 4.80775308609,
        "var": 2.36993275494e+12
    },
    "spectral_strongpeak": {
        "kurt": 2.84206724167,
        "max": 18.7661476135,
        "mean": 2.15445327759,
        "median": 0.010112750344,
        "min": 1.66432510014e-05,
        "skew": 2.00615739822,
        "var": 20.6216812134
    },
    "zerocrossingrate": {
        "kurt": -1.19533729553,
        "max": 0.15234375,
        "mean": 0.0686763301492,
        "median": 0.052734375,
        "min": 0.01953125,
        "skew": 0.558011174202,
        "var": 0.00196880614385
    },
    "barkbands": {
        "kurt": [83.7586135864, 28.3904685974, 9.67466449738, 16.7865505219, 10.7856416702, 18.5192298889, 4.40165519714, 38.8884887695, 43.8449935913, 1.07911300659, 38.1454811096, 36.0624771118, 4.76233768463, 7.91066932678, 3.39292764664, 1.72301864624, 2.8730340004, 2.49800825119, 9.0701341629, 9.84226512909, 3.9743680954, 7.82615852356, 1.8066573143, 1.14730453491, 1.75760126114, 2.36790847778, 27.8591976166],
        "max": [8.15180589697e-10, 2.16280082732e-09, 5.03167640886e-09, 1.60967523755e-08, 2.02266761562e-07, 2.08929959626e-05, 0.00125020358246, 5.42468933418e-06, 1.20059860365e-06, 0.000588864844758, 2.48166770689e-07, 7.43982400309e-06, 2.48850828939e-05, 2.29776355809e-06, 2.62058756562e-06, 3.05886642309e-05, 0.00330405775458, 0.0236548520625, 0.0020311025437, 0.00113491271622, 0.00377621152438, 0.000269227428362, 0.000104623701191, 5.90832678427e-05, 1.41398277265e-05, 8.49659045343e-07, 5.14734814772e-08],
        "mean": [2.04259976988e-11, 2.37189295982e-10, 6.40335118263e-10, 1.49843559782e-09, 1.56525263861e-08, 1.16698754482e-06, 0.000128551386297, 1.50420603973e-07, 3.87658829482e-08, 9.27935907384e-05, 1.03541184515e-08, 2.39072932118e-07, 2.18783429773e-06, 1.78743789547e-07, 2.83967239056e-07, 4.13436509916e-06, 0.000396273157094, 0.00261339684948, 0.000152340871864, 8.67050912348e-05, 0.000373056071112, 2.10355974559e-05, 1.42484004755e-05, 8.62547494762e-06, 1.79243579623e-06, 9.99144376124e-08, 2.44403008942e-09],
        "median": [4.76201977156e-12, 1.90087071084e-10, 3.92065935273e-10, 7.97152011067e-10, 1.80882664402e-09, 3.0982016952e-09, 5.84647352753e-07, 5.85923642937e-10, 5.36878264068e-10, 9.64521018609e-10, 1.8990742312e-10, 2.31850927346e-10, 3.34761829368e-10, 4.24302482038e-10, 4.63127536321e-10, 8.8778107088e-10, 1.4262331316e-09, 1.06508819542e-08, 1.46161738268e-09, 2.93526203343e-09, 4.97625773921e-10, 1.03623790104e-10, 1.92940021598e-11, 9.88108640049e-12, 5.55870540569e-12, 2.83422319901e-13, 1.39719583898e-14],
        "min": [1.49752145363e-13, 1.79724655297e-11, 5.91967447283e-12, 1.86990197631e-11, 1.39713185465e-10, 1.27769156366e-10, 1.72443365143e-10, 1.87032247329e-11, 1.66073717278e-11, 3.21307598583e-11, 1.54510987338e-11, 1.74036375589e-11, 1.26626313601e-11, 2.97572626262e-11, 4.56357035494e-11, 2.98185781622e-11, 2.67773546392e-11, 5.02148947423e-11, 3.73602052073e-11, 2.05838505962e-11, 2.33039386399e-11, 9.14387229128e-12, 2.42476438234e-12, 1.69180175511e-12, 1.24272976892e-12, 1.07929697081e-13, 2.96841214058e-15],
        "skew": [8.44871711731, 4.34581041336, 2.77687883377, 3.57063007355, 3.27899312973, 3.93184614182, 2.29977154732, 6.09348535538, 6.29114294052, 1.72183907032, 5.31186246872, 5.67906284332, 2.3254532814, 2.64051604271, 2.10545134544, 1.78494048119, 2.05361866951, 1.98176169395, 2.94632673264, 3.15358018875, 2.22502064705, 2.64069461823, 1.85998415947, 1.72169423103, 1.83863329887, 1.96435904503, 4.67529010773],
        "var": [5.26946685056e-21, 5.63387933072e-20, 5.59220778092e-19, 4.68397846098e-18, 1.32812066212e-15, 9.44990440066e-12, 7.07774390207e-08, 4.31114155876e-13, 1.8072022218e-14, 3.77940452267e-08, 7.16033531549e-16, 8.4780430289e-13, 2.26823386462e-11, 1.43533825775e-13, 3.62681049472e-13, 6.62561949749e-11, 7.44425449284e-07, 3.21373227052e-05, 1.29550429051e-07, 4.58306566031e-08, 6.93068386681e-07, 2.26768515077e-09, 9.28883192586e-10, 3.23638726929e-10, 1.40957341285e-11, 4.63961585351e-14, 4.42578486884e-17],
        "cov": [[5.30046390921e-21, 1.04831846359e-20, 8.55193924102e-21, 3.38382495684e-20, 2.86449906091e-19, 4.35690189964e-17, 3.27047192462e-15, 1.95221754859e-17, 4.49348414259e-18, 3.01230750549e-15, 1.32760844293e-18, 3.92160405798e-17, 1.65845437947e-16, 1.09063838211e-17, 7.98683495988e-18, 2.22198129647e-16, 8.92465761666e-15, 7.77272668971e-14, 1.1948890499e-14, 7.43705515601e-15, 1.40752582929e-14, 9.12572227427e-16, 3.01253673378e-16, 2.09177975933e-16, 4.59765513303e-17, 2.57629765157e-18, 1.82551032222e-19], [1.04831846359e-20, 5.66701954648e-20, 2.7832950633e-20, 3.77564458025e-20, 4.06677712994e-19, 2.43272203495e-16, 9.5758125008e-15, 6.42046540331e-17, 1.31459984907e-17, 8.19896129207e-15, 3.44831558923e-18, 1.10727515145e-16, 3.94402415983e-16, 3.14799927196e-17, 2.84040256589e-17, 5.71762062473e-16, 3.97652661396e-14, 2.16721755017e-13, 2.63399599441e-14, 2.3314910522e-14, 3.72743963516e-14, 2.09421272912e-15, 1.09160100528e-15, 7.51450573113e-16, 1.46618015038e-16, 9.44708501936e-18, 3.21006229211e-19], [8.55193924102e-21, 2.7832950633e-20, 5.62510320291e-19, 8.63204276531e-19, 4.50359063531e-18, 1.26817958151e-16, 1.78417783342e-14, 5.89874869434e-17, 1.50625188945e-17, -1.31700208414e-15, 3.29607113633e-18, 1.18771158387e-16, 3.81094363711e-16, 5.53079055101e-18, -6.11158301041e-18, 5.77662176346e-16, -1.0558946702e-14, -7.54346265357e-14, 1.91850946615e-14, 1.49701502957e-14, 4.8490082426e-15, 1.99609309426e-16, -6.6826383794e-16, -1.1342643343e-16, -8.04704196251e-17, -6.4061308596e-18, 8.1505556649e-20], [3.38382495684e-20, 3.77564458025e-20, 8.63204276531e-19, 4.71153102001e-18, 2.79151619168e-17, 1.50896304339e-15, 1.68924309219e-13, 3.24848543747e-16, 8.36613317037e-17, 9.89836603524e-14, 1.98273571555e-17, 4.23483201114e-16, 3.72508784818e-15, 1.69557506899e-16, 2.73525361635e-16, 6.38627732714e-15, 4.29468391188e-13, 2.72057116418e-12, 2.25522684837e-13, 1.11971162323e-13, 4.49269175464e-13, 2.11014541886e-14, 1.44357097754e-14, 9.24236951078e-15, 1.93536144074e-15, 8.11603014909e-17, 2.53112490473e-18], [2.86449906091e-19, 4.06677712994e-19, 4.50359063531e-18, 2.79151619168e-17, 1.33593316463e-15, 4.79117342588e-14, 6.55763854676e-12, 4.41593808436e-15, 1.24301799136e-15, 3.25588406062e-12, 4.05965103927e-16, 6.43972807073e-15, 6.73457939263e-14, 2.77667077461e-15, 7.04184737051e-15, 1.20907705506e-13, 1.39953248643e-11, 8.22060197692e-11, 4.03551454406e-12, 2.2766255027e-12, 1.18026179108e-11, 5.63118833247e-13, 5.09238918395e-13, 2.82418863686e-13, 5.93400247559e-14, 3.46258683211e-15, 6.04702115001e-17], [4.35690189964e-17, 2.43272203495e-16, 1.26817958151e-16, 1.50896304339e-15, 4.79117342588e-14, 9.50549274709e-12, 5.01846175727e-10, 1.12975980567e-12, 2.19959440202e-13, 1.58405399908e-10, 4.75624754696e-14, 1.57022387714e-12, 4.1839435562e-12, 6.97616552199e-13, 4.88417140933e-13, 8.41505858051e-12, 9.54437195944e-10, 4.61644944494e-09, 3.3998159843e-10, 4.63887567248e-10, 7.10950243121e-10, 4.18169943117e-11, 2.90628441452e-11, 1.77731735579e-11, 3.92899298166e-12, 2.06556438078e-13, 3.67996597957e-15], [3.27047192462e-15, 9.5758125008e-15, 1.78417783342e-14, 1.68924309219e-13, 6.55763854676e-12, 5.01846175727e-10, 7.11937815367e-08, 2.65468844823e-11, 8.2279443675e-12, 2.58537404818e-08, 3.31767707924e-12, 4.5985305841e-11, 5.89793880401e-10, 5.61696661405e-11, 7.31738974968e-11, 1.22088550381e-09, 1.41061846648e-07, 7.98848077466e-07, 3.9397509255e-08, 2.93480511004e-08, 1.18311930919e-07, 5.37568567438e-09, 4.78306860785e-09, 2.57560284211e-09, 5.41708788937e-10, 3.19128161397e-11, 5.7115000663e-13], [1.95221754859e-17, 6.42046540331e-17, 5.89874869434e-17, 3.24848543747e-16, 4.41593808436e-15, 1.12975980567e-12, 2.65468844823e-11, 4.33650131863e-13, 8.6134644881e-14, 3.17032199104e-11, 1.33708097898e-14, 5.53287504788e-13, 1.50535953061e-12, 1.18596579497e-13, 9.78236250142e-14, 2.1377960166e-12, 1.31942470838e-10, 6.07574879297e-10, 1.07673946148e-10, 9.48391157274e-11, 1.00760386146e-10, 6.39613145434e-12, 3.72076241345e-12, 2.19685966467e-12, 4.48822484169e-13, 3.07928799104e-14, 6.80706434297e-16], [4.49348414259e-18, 1.31459984907e-17, 1.50625188945e-17, 8.36613317037e-17, 1.24301799136e-15, 2.19959440202e-13, 8.2279443675e-12, 8.6134644881e-14, 1.8178328241e-14, 8.66048118636e-12, 2.9838687978e-15, 1.12222832752e-13, 3.57634874406e-13, 2.57043650552e-14, 2.6313991608e-14, 5.20499387948e-13, 3.08555125894e-11, 1.63617647209e-10, 2.39252125056e-11, 1.89044335741e-11, 2.54685317974e-11, 1.62378444024e-12, 9.77049604417e-13, 5.8884662554e-13, 1.24177320445e-13, 8.10575124545e-15, 1.8748290782e-16], [3.01230750549e-15, 8.19896129207e-15, -1.31700208414e-15, 9.89836603524e-14, 3.25588406062e-12, 1.58405399908e-10, 2.58537404818e-08, 3.17032199104e-11, 8.66048118636e-12, 3.80163633906e-08, 2.7088429156e-12, 3.73227872219e-11, 7.86582410317e-10, 3.99839154841e-11, 1.08611744598e-10, 1.44780454292e-09, 1.52048244217e-07, 1.03653349015e-06, 5.32636690309e-08, 2.21850964266e-08, 1.44468913277e-07, 8.11138978207e-09, 5.67667690632e-09, 3.41393713299e-09, 7.00466629144e-10, 3.9947462005e-11, 9.40866200054e-13], [1.32760844293e-18, 3.44831558923e-18, 3.29607113633e-18, 1.98273571555e-17, 4.05965103927e-16, 4.75624754696e-14, 3.31767707924e-12, 1.33708097898e-14, 2.9838687978e-15, 2.7088429156e-12, 7.20245455819e-16, 2.04743364054e-14, 8.76754655747e-14, 6.09505554141e-15, 7.58577635386e-15, 1.38908781938e-13, 1.02696453771e-11, 6.03500513452e-11, 5.6152691004e-12, 4.17217779422e-12, 9.14544221603e-12, 5.41025395057e-13, 3.47181349425e-13, 2.18082049273e-13, 4.85887947986e-14, 2.74896856207e-15, 6.91046734585e-17], [3.92160405798e-17, 1.10727515145e-16, 1.18771158387e-16, 4.23483201114e-16, 6.43972807073e-15, 1.57022387714e-12, 4.5985305841e-11, 5.53287504788e-13, 1.12222832752e-13, 3.73227872219e-11, 2.04743364054e-14, 8.52791361833e-13, 2.00969297627e-12, 1.93121072519e-13, 1.13096570954e-13, 2.84945396271e-12, 1.40054690068e-10, 6.27096263806e-10, 1.47346856938e-10, 1.32055477664e-10, 1.14662487838e-10, 7.91827280827e-12, 3.56216748806e-12, 2.47406652457e-12, 6.02812071093e-13, 3.40173581578e-14, 1.04853467387e-15], [1.65845437947e-16, 3.94402415983e-16, 3.81094363711e-16, 3.72508784818e-15, 6.73457939263e-14, 4.1839435562e-12, 5.89793880401e-10, 1.50535953061e-12, 3.57634874406e-13, 7.86582410317e-10, 8.76754655747e-14, 2.00969297627e-12, 2.28157649024e-11, 1.05490919819e-12, 2.4854829566e-12, 3.63482438592e-11, 3.41498251899e-09, 2.30389431977e-08, 1.57106805343e-09, 6.68338329124e-10, 3.41375128166e-09, 1.78501505244e-10, 1.18329804288e-10, 7.02170682709e-11, 1.42210401441e-11, 8.05554245271e-13, 2.27886049061e-14], [1.09063838211e-17, 3.14799927196e-17, 5.53079055101e-18, 1.69557506899e-16, 2.77667077461e-15, 6.97616552199e-13, 5.61696661405e-11, 1.18596579497e-13, 2.57043650552e-14, 3.99839154841e-11, 6.09505554141e-15, 1.93121072519e-13, 1.05490919819e-12, 1.44378148217e-13, 1.40855751542e-13, 2.05754749176e-12, 1.86777301958e-10, 1.1366652064e-09, 7.4487159496e-11, 6.06000041814e-11, 1.67669406137e-10, 9.3652845895e-12, 6.36865647025e-12, 3.91945807407e-12, 8.47638853638e-13, 4.70383450344e-14, 1.04714077527e-15], [7.98683495988e-18, 2.84040256589e-17, -6.11158301041e-18, 2.73525361635e-16, 7.04184737051e-15, 4.88417140933e-13, 7.31738974968e-11, 9.78236250142e-14, 2.6313991608e-14, 1.08611744598e-10, 7.58577635386e-15, 1.13096570954e-13, 2.4854829566e-12, 1.40855751542e-13, 3.64814461192e-13, 4.42228328609e-12, 4.69637939648e-10, 3.11589576363e-09, 1.64105173894e-10, 6.63252924804e-11, 4.35949470967e-10, 2.33552881895e-11, 1.66180645633e-11, 1.00324739835e-11, 2.04333013183e-12, 1.18720490253e-13, 2.68066911916e-15], [2.22198129647e-16, 5.71762062473e-16, 5.77662176346e-16, 6.38627732714e-15, 1.20907705506e-13, 8.41505858051e-12, 1.22088550381e-09, 2.1377960166e-12, 5.20499387948e-13, 1.44780454292e-09, 1.38908781938e-13, 2.84945396271e-12, 3.63482438592e-11, 2.05754749176e-12, 4.42228328609e-12, 6.66459387677e-11, 6.36070218718e-09, 4.18182644069e-08, 2.50720511019e-09, 1.15197573702e-09, 6.05999206371e-09, 3.23431920135e-10, 2.25392426945e-10, 1.33825436843e-10, 2.65878187522e-11, 1.53152360585e-12, 3.70034643931e-14], [8.92465761666e-15, 3.97652661396e-14, -1.0558946702e-14, 4.29468391188e-13, 1.39953248643e-11, 9.54437195944e-10, 1.41061846648e-07, 1.31942470838e-10, 3.08555125894e-11, 1.52048244217e-07, 1.02696453771e-11, 1.40054690068e-10, 3.41498251899e-09, 1.86777301958e-10, 4.69637939648e-10, 6.36070218718e-09, 7.48804382056e-07, 4.69211408927e-06, 2.37721152985e-07, 1.0664577843e-07, 6.70099495892e-07, 3.28544942363e-08, 2.58433399125e-08, 1.46866661055e-08, 2.93784641059e-09, 1.73879188825e-10, 3.56014653521e-12], [7.77272668971e-14, 2.16721755017e-13, -7.54346265357e-14, 2.72057116418e-12, 8.22060197692e-11, 4.61644944494e-09, 7.98848077466e-07, 6.07574879297e-10, 1.63617647209e-10, 1.03653349015e-06, 6.03500513452e-11, 6.27096263806e-10, 2.30389431977e-08, 1.1366652064e-09, 3.11589576363e-09, 4.18182644069e-08, 4.69211408927e-06, 3.2326366636e-05, 1.74451781731e-06, 7.14168720606e-07, 4.64667937194e-06, 2.5054487196e-07, 1.67545834984e-07, 9.91106148263e-08, 1.99772607345e-08, 1.11294495841e-09, 3.02169574085e-11], [1.1948890499e-14, 2.63399599441e-14, 1.91850946615e-14, 2.25522684837e-13, 4.03551454406e-12, 3.3998159843e-10, 3.9397509255e-08, 1.07673946148e-10, 2.39252125056e-11, 5.32636690309e-08, 5.6152691004e-12, 1.47346856938e-10, 1.57106805343e-09, 7.4487159496e-11, 1.64105173894e-10, 2.50720511019e-09, 2.37721152985e-07, 1.74451781731e-06, 1.30312486135e-07, 5.88791415623e-08, 2.68177586804e-07, 1.51367878232e-08, 8.15212963801e-09, 5.03459185452e-09, 1.00883723597e-09, 5.14422948683e-11, 2.07457163427e-12], [7.43705515601e-15, 2.3314910522e-14, 1.49701502957e-14, 1.11971162323e-13, 2.2766255027e-12, 4.63887567248e-10, 2.93480511004e-08, 9.48391157274e-11, 1.89044335741e-11, 2.21850964266e-08, 4.17217779422e-12, 1.32055477664e-10, 6.68338329124e-10, 6.06000041814e-11, 6.63252924804e-11, 1.15197573702e-09, 1.0664577843e-07, 7.14168720606e-07, 5.88791415623e-08, 4.61002471752e-08, 1.15507432952e-07, 6.95134882989e-09, 3.55625906501e-09, 2.22315055254e-09, 4.6455259084e-10, 2.4346294078e-11, 9.40662695306e-13], [1.40752582929e-14, 3.72743963516e-14, 4.8490082426e-15, 4.49269175464e-13, 1.18026179108e-11, 7.10950243121e-10, 1.18311930919e-07, 1.00760386146e-10, 2.54685317974e-11, 1.44468913277e-07, 9.14544221603e-12, 1.14662487838e-10, 3.41375128166e-09, 1.67669406137e-10, 4.35949470967e-10, 6.05999206371e-09, 6.70099495892e-07, 4.64667937194e-06, 2.68177586804e-07, 1.15507432952e-07, 6.97145253525e-07, 3.68910484383e-08, 2.36624622119e-08, 1.41620981609e-08, 2.85917445275e-09, 1.52784729313e-10, 4.62613237648e-12], [9.12572227427e-16, 2.09421272912e-15, 1.99609309426e-16, 2.11014541886e-14, 5.63118833247e-13, 4.18169943117e-11, 5.37568567438e-09, 6.39613145434e-12, 1.62378444024e-12, 8.11138978207e-09, 5.41025395057e-13, 7.91827280827e-12, 1.78501505244e-10, 9.3652845895e-12, 2.33552881895e-11, 3.23431920135e-10, 3.28544942363e-08, 2.5054487196e-07, 1.51367878232e-08, 6.95134882989e-09, 3.68910484383e-08, 2.28102448041e-09, 1.2208147826e-09, 7.80328246464e-10, 1.57334034689e-10, 7.95528313363e-12, 2.9645226161e-13], [3.01253673378e-16, 1.09160100528e-15, -6.6826383794e-16, 1.44357097754e-14, 5.09238918395e-13, 2.90628441452e-11, 4.78306860785e-09, 3.72076241345e-12, 9.77049604417e-13, 5.67667690632e-09, 3.47181349425e-13, 3.56216748806e-12, 1.18329804288e-10, 6.36865647025e-12, 1.66180645633e-11, 2.25392426945e-10, 2.58433399125e-08, 1.67545834984e-07, 8.15212963801e-09, 3.55625906501e-09, 2.36624622119e-08, 1.2208147826e-09, 9.34347266224e-10, 5.34652433437e-10, 1.07111174097e-10, 6.36379317298e-12, 1.34255020295e-13], [2.09177975933e-16, 7.51450573113e-16, -1.1342643343e-16, 9.24236951078e-15, 2.82418863686e-13, 1.77731735579e-11, 2.57560284211e-09, 2.19685966467e-12, 5.8884662554e-13, 3.41393713299e-09, 2.18082049273e-13, 2.47406652457e-12, 7.02170682709e-11, 3.91945807407e-12, 1.00324739835e-11, 1.33825436843e-10, 1.46866661055e-08, 9.91106148263e-08, 5.03459185452e-09, 2.22315055254e-09, 1.41620981609e-08, 7.80328246464e-10, 5.34652433437e-10, 3.2554248186e-10, 6.59832188887e-11, 3.61295802304e-12, 8.87270671431e-14], [4.59765513303e-17, 1.46618015038e-16, -8.04704196251e-17, 1.93536144074e-15, 5.93400247559e-14, 3.92899298166e-12, 5.41708788937e-10, 4.48822484169e-13, 1.24177320445e-13, 7.00466629144e-10, 4.85887947986e-14, 6.02812071093e-13, 1.42210401441e-11, 8.47638853638e-13, 2.04333013183e-12, 2.65878187522e-11, 2.93784641059e-09, 1.99772607345e-08, 1.00883723597e-09, 4.6455259084e-10, 2.85917445275e-09, 1.57334034689e-10, 1.07111174097e-10, 6.59832188887e-11, 1.41786504412e-11, 7.41623451019e-13, 1.83064656912e-14], [2.57629765157e-18, 9.44708501936e-18, -6.4061308596e-18, 8.11603014909e-17, 3.46258683211e-15, 2.06556438078e-13, 3.19128161397e-11, 3.07928799104e-14, 8.10575124545e-15, 3.9947462005e-11, 2.74896856207e-15, 3.40173581578e-14, 8.05554245271e-13, 4.70383450344e-14, 1.18720490253e-13, 1.53152360585e-12, 1.73879188825e-10, 1.11294495841e-09, 5.14422948683e-11, 2.4346294078e-11, 1.52784729313e-10, 7.95528313363e-12, 6.36379317298e-12, 3.61295802304e-12, 7.41623451019e-13, 4.66690759388e-14, 8.80383493124e-16], [1.82551032222e-19, 3.21006229211e-19, 8.1505556649e-20, 2.53112490473e-18, 6.04702115001e-17, 3.67996597957e-15, 5.7115000663e-13, 6.80706434297e-16, 1.8748290782e-16, 9.40866200054e-13, 6.91046734585e-17, 1.04853467387e-15, 2.27886049061e-14, 1.04714077527e-15, 2.68066911916e-15, 3.70034643931e-14, 3.56014653521e-12, 3.02169574085e-11, 2.07457163427e-12, 9.40662695306e-13, 4.62613237648e-12, 2.9645226161e-13, 1.34255020295e-13, 8.87270671431e-14, 1.83064656912e-14, 8.80383493124e-16, 4.45181888969e-17]]
    },
    "mfcc": {
        "kurt": [-0.574352264404, 0.296911239624, -0.792000055313, -1.1072934866, -0.774172544479, -1.4825886488, -1.55992352962, -0.585884094238, -0.844074964523, 0.596785306931, 0.227692127228, -1.28837394714, -0.636650085449],
        "max": [-755.009094238, 43.3593864441, 13.9770507812, 59.4009399414, 3.19976806641, 0.431709289551, 2.05980300903, 20.1169395447, 3.08110427856, 1.56252288818, 20.5544395447, 35.6277999878, 34.5931663513],
        "mean": [-1039.3626709, -7.50822877884, -21.584394455, 15.7518320084, -18.8725948334, -31.9411315918, -12.3591632843, -5.81185722351, -10.9924440384, -9.58754253387, 4.5187497139, 11.4938268661, 6.13825702667],
        "median": [-1125.50244141, 1.56092453003, -6.103515625e-05, 0.987018585205, -7.62907409668, -14.2764663696, -10.2119369507, -2.1282043457, -8.7559967041, -2.16670227051, 1.62322616577, 11.7417144775, 2.35950469971],
        "min": [-1138.42004395, -98.154296875, -104.707092285, -0.042797088623, -71.1108093262, -92.7334747314, -31.5146160126, -31.7366333008, -37.1181716919, -53.6869468689, -4.85543060303, -3.26745605469, -16.967168808],
        "skew": [1.10662424564, -1.24620509148, -1.00149559975, 0.792818784714, -0.922270178795, -0.536007225513, -0.237850517035, -0.186213567853, -0.665554583073, -1.41302239895, 1.05470478535, 0.352800428867, 0.396745860577],
        "var": [20770.9804688, 1325.14453125, 1518.21691895, 423.979949951, 543.414855957, 1222.74365234, 122.638092041, 136.362487793, 124.898139954, 199.310897827, 33.4492988586, 114.753974915, 121.40499115],
        "cov": [[20893.1640625, -4342.60644531, -5477.42041016, 2661.86352539, -3276.34936523, -4550.45458984, -945.079345703, 581.830627441, -789.740600586, -1930.12072754, 172.896209717, 1168.90490723, -481.703552246], [-4342.60644531, 1332.9395752, 1115.07885742, -411.988189697, 584.65435791, 659.887207031, 87.2690582275, -326.448242188, -11.2760667801, 412.781616211, 5.10750961304, -133.764450073, 294.349761963], [-5477.42041016, 1115.07885742, 1527.14758301, -717.657836914, 859.173339844, 1194.1048584, 200.982345581, -159.017791748, 191.737045288, 481.673431396, -29.4705944061, -293.972229004, 120.728538513], [2661.86352539, -411.988189697, -717.657836914, 426.473937988, -447.557983398, -700.347106934, -148.056182861, 6.87074327469, -168.231704712, -249.076400757, 32.8717308044, 190.093109131, 4.136947155], [-3276.34936523, 584.65435791, 859.173339844, -447.557983398, 546.61138916, 780.605041504, 173.88482666, -42.7545013428, 163.773910522, 296.528930664, -40.8123207092, -213.315368652, 28.2484264374], [-4550.45458984, 659.887207031, 1194.1048584, -700.347106934, 780.605041504, 1229.93615723, 295.405059814, 16.309463501, 314.097900391, 417.372467041, -87.2202529907, -345.726623535, -40.8633117676], [-945.079345703, 87.2690582275, 200.982345581, -148.056182861, 173.88482666, 295.405059814, 123.359489441, 45.2312355042, 98.8192443848, 97.9792251587, -43.3005714417, -105.593452454, -44.5218963623], [581.830627441, -326.448242188, -159.017791748, 6.87074327469, -42.7545013428, 16.309463501, 45.2312355042, 137.164627075, 71.5146331787, -61.4536705017, -27.1588115692, -32.9464225769, -122.140419006], [-789.740600586, -11.2760667801, 191.737045288, -168.231704712, 163.773910522, 314.097900391, 98.8192443848, 71.5146331787, 125.632835388, 73.8724365234, -40.3226623535, -100.286773682, -73.0252456665], [-1930.12072754, 412.781616211, 481.673431396, -249.076400757, 296.528930664, 417.372467041, 97.9792251587, -61.4536705017, 73.8724365234, 200.483322144, -13.0141973495, -109.651634216, 55.6067619324], [172.896209717, 5.10750961304, -29.4705944061, 32.8717308044, -40.8123207092, -87.2202529907, -43.3005714417, -27.1588115692, -40.3226623535, -13.0141973495, 33.6460609436, 38.1688117981, 32.0689888], [1168.90490723, -133.764450073, -293.972229004, 190.093109131, -213.315368652, -345.726623535, -105.593452454, -32.9464225769, -100.286773682, -109.651634216, 38.1688117981, 115.429000854, 38.2117347717], [-481.703552246, 294.349761963, 120.728538513, 4.136947155, 28.2484264374, -40.8633117676, -44.5218963623, -122.140419006, -73.0252456665, 55.6067619324, 32.0689888, 38.2117347717, 122.119140625]]
    },
    "sccoeffs": {
        "kurt": [0.937340021133, -1.47548413277, -0.241953372955, -0.766928434372, -0.109264850616, 0.208755970001],
        "max": [-0.663198947906, -0.375043839216, -0.45740032196, -0.638770639896, -0.466331452131, -0.514630317688],
        "mean": [-0.825594961643, -0.68012368679, -0.791841268539, -0.842371344566, -0.786616384983, -0.798556745052],
        "median": [-0.839369297028, -0.673179626465, -0.867932319641, -0.886321187019, -0.832922458649, -0.860483109951],
        "min": [-0.958265125751, -0.945524632931, -0.941699147224, -0.941112101078, -0.926083087921, -0.917721986771],
        "skew": [1.03498113155, 0.112392678857, 1.14998686314, 0.870792448521, 1.10118031502, 1.29467594624],
        "var": [0.00265651755035, 0.0297726746649, 0.024345068261, 0.00769030768424, 0.0197066105902, 0.0140253342688],
        "cov": [[0.002672143979, 0.00351677951403, 0.00377006991766, 0.00209363480099, 0.00334010086954, 0.00285612535663], [0.00351677951403, 0.0299478080124, 0.0205356385559, 0.0120678776875, 0.0196727346629, 0.0150130288675], [0.00377006991766, 0.0205356385559, 0.0244882758707, 0.0128962490708, 0.0214882493019, 0.0179437510669], [0.00209363480099, 0.0120678776875, 0.0128962490708, 0.00773554481566, 0.0115918293595, 0.00953431520611], [0.00334010086954, 0.0196727346629, 0.0214882493019, 0.0115918293595, 0.0198225323111, 0.0162976477295], [0.00285612535663, 0.0150130288675, 0.0179437510669, 0.00953431520611, 0.0162976477295, 0.0141078364104]]
    },
    "scvalleys": {
        "kurt": [0.705614566803, -0.375760555267, -0.932837486267, -0.885010242462, -1.0263197422, -0.938081502914],
        "max": [-10.7880306244, -7.86720085144, -8.92240524292, -8.89727687836, -6.52433204651, -9.26689434052],
        "mean": [-12.5622997284, -11.4107522964, -12.2027254105, -12.2290239334, -11.8266544342, -14.2064819336],
        "median": [-12.5778188705, -11.904882431, -12.8244428635, -12.8515834808, -13.1206789017, -15.5624828339],
        "min": [-13.6229887009, -13.4864454269, -13.9682998657, -14.25852108, -14.4212741852, -16.318397522],
        "skew": [0.422406762838, 0.87740945816, 0.755885541439, 0.807420969009, 0.774474799633, 0.875853836536],
        "var": [0.204188585281, 1.5241189003, 1.89896035194, 2.33529424667, 5.49795103073, 5.06657838821],
        "cov": [[0.205389693379, 0.3333337605, 0.387900084257, 0.424891024828, 0.661420106888, 0.626978814602], [0.3333337605, 1.53308427334, 1.60624170303, 1.7481058836, 2.71966314316, 2.58801674843], [0.387900084257, 1.60624170303, 1.91013073921, 2.0438785553, 3.12467694283, 3.01912975311], [0.424891024828, 1.7481058836, 2.0438785553, 2.34903120995, 3.50959253311, 3.39105439186], [0.661420106888, 2.71966314316, 3.12467694283, 3.50959253311, 5.53029203415, 5.23358249664], [0.626978814602, 2.58801674843, 3.01912975311, 3.39105439186, 5.23358249664, 5.09638166428]]
    }
},
"rhythm": {
    "beats_loudness": {
        "kurt": -0.178818225861,
        "max": 0.0233356188983,
        "mean": 0.00599408941343,
        "median": 7.86621239968e-06,
        "min": 8.64865956629e-09,
        "skew": 1.23626255989,
        "var": 8.17643594928e-05
    },
    "bpm": 92.28515625,
    "confidence": 0,
    "first_peak_bpm": {
        "kurt": 0,
        "max": 92,
        "mean": 92,
        "median": 92,
        "min": 92,
        "skew": 0,
        "var": 0
    },
    "first_peak_spread": {
        "kurt": 0,
        "max": 0,
        "mean": 0,
        "median": 0,
        "min": 0,
        "skew": 0,
        "var": 0
    },
    "first_peak_weight": {
        "kurt": 0,
        "max": 0.75,
        "mean": 0.75,
        "median": 0.75,
        "min": 0.75,
        "skew": 0,
        "var": 0
    },
    "onset_rate": 1.7751275301,
    "second_peak_bpm": {
        "kurt": 0,
        "max": 86,
        "mean": 86,
        "median": 86,
        "min": 86,
        "skew": 0,
        "var": 0
    },
    "second_peak_spread": {
        "kurt": 0,
        "max": 0,
        "mean": 0,
        "median": 0,
        "min": 0,
        "skew": 0,
        "var": 0
    },
    "second_peak_weight": {
        "kurt": 0,
        "max": 0.25,
        "mean": 0.25,
        "median": 0.25,
        "min": 0.25,
        "skew": 0,
        "var": 0
    },
    "beats_loudness_band_ratio": {
        "kurt": [-0.426268577576, -1.36021399498, -1.79407572746, -1.26660728455, -1.57415759563, -1.15108001232],
        "max": [0.0816080644727, 0.130857586861, 0.959557294846, 0.0528226159513, 0.774276375771, 0.340496569872],
        "mean": [0.0222564060241, 0.050574850291, 0.528483748436, 0.0276478342712, 0.28903478384, 0.118081726134],
        "median": [0.00019197614165, 0.0301686692983, 0.757719755173, 0.0209057144821, 0.0498939715326, 0.0261960867792],
        "min": [2.40114189864e-07, 0.000129524632939, 0.00463624438271, 0.00081162218703, 0.018940737471, 0.00887047406286],
        "skew": [1.09999728203, 0.50562864542, -0.339990735054, -0.0139108495787, 0.525020003319, 0.724753856659],
        "var": [0.00101045996416, 0.00258102524094, 0.175537750125, 0.000336151191732, 0.102509103715, 0.0174716338515],
        "cov": [[0.0012630749261, 0.00190847693011, 0.00730225630105, 0.000261037348537, -0.00688194297254, -0.00264372397214], [0.00190847693011, 0.00322628160939, 0.0179307386279, 0.000177404086571, -0.01535820961, -0.00585294282064], [0.00730225630105, 0.0179307386279, 0.219422191381, -0.00479229260236, -0.16364172101, -0.0642141699791], [0.000261037348537, 0.000177404086571, -0.00479229260236, 0.000420188996941, 0.00222125207074, 0.00181410601363], [-0.00688194297254, -0.01535820961, -0.16364172101, 0.00222125207074, 0.128136381507, 0.0452689900994], [-0.00264372397214, -0.00585294282064, -0.0642141699791, 0.00181410601363, 0.0452689900994, 0.0218395423144]]
    },
    "beats_position": [0.673378646374, 1.369977355, 2.02013611794, 2.67029476166, 3.32045340538],
    "bpm_estimates": [92.2851486206, 92.2851715088, 92.2851715088],
    "bpm_intervals": [0.69659870863, 0.650158762932, 0.650158643723, 0.650158643723],
    "onset_times": [0.197369620204, 0.452789127827, 1.10294783115, 1.28870749474, 1.39319729805, 2.40326523781, 2.67029476166],
    "histogram": [[0, 0, 0, 0, 0, 0, 0, 0, 0, 0, 0, 0, 0, 0, 0, 0, 0, 0, 0, 0, 0, 0, 0, 0, 0, 0, 0, 0, 0, 0, 0, 0, 0, 0, 0, 0, 0, 0, 0, 0, 0, 0, 0, 0, 0, 0, 0, 0, 0, 0, 0, 0, 0, 0, 0, 0, 0, 0, 0, 0, 0, 0, 0, 0, 0, 0, 0, 0, 0, 0, 0, 0, 0, 0, 0, 0, 0, 0, 0, 0, 0, 0, 0, 0, 0, 0, 0.25, 0, 0, 0, 0, 0, 0.75, 0, 0, 0, 0, 0, 0, 0, 0, 0, 0, 0, 0, 0, 0, 0, 0, 0, 0, 0, 0, 0, 0, 0, 0, 0, 0, 0, 0, 0, 0, 0, 0, 0, 0, 0, 0, 0, 0, 0, 0, 0, 0, 0, 0, 0, 0, 0, 0, 0, 0, 0, 0, 0, 0, 0, 0, 0, 0, 0, 0, 0, 0, 0, 0, 0, 0, 0, 0, 0, 0, 0, 0, 0, 0, 0, 0, 0, 0, 0, 0, 0, 0, 0, 0, 0, 0, 0, 0, 0, 0, 0, 0, 0, 0, 0, 0, 0, 0, 0, 0, 0, 0, 0, 0, 0, 0, 0, 0, 0, 0, 0, 0, 0, 0, 0, 0, 0, 0, 0, 0, 0, 0, 0, 0, 0, 0, 0, 0, 0, 0, 0, 0, 0, 0, 0, 0, 0, 0, 0, 0, 0, 0, 0, 0, 0, 0, 0, 0, 0, 0, 0, 0, 0, 0, 0, 0, 0]]
},
"sfx": {
    "inharmonicity": {
        "kurt": 3.22843885422,
        "max": 0.319686233997,
        "mean": 0.044471938163,
        "median": 0.00901978369802,
        "min": 0,
        "skew": 1.96399116516,
        "var": 0.00502460729331
    },
    "oddtoevenharmonicenergyratio": {
        "kurt": 70.5103225708,
        "max": 24.3596363068,
        "mean": 0.697477221489,
        "median": 0.0939295440912,
        "min": 0,
        "skew": 7.52388381958,
        "var": 5.07026147842
    },
    "pitch_after_max_to_before_max_energy_ratio": 4.79214477539,
    "pitch_centroid": 77.6960220337,
    "pitch_max_to_total": 0.0292397662997,
    "pitch_min_to_total": 0.578947365284,
    "tristimulus": {
        "kurt": [-1.46593308449, 0.569878816605, -0.884578943253],
        "max": [1, 0.567061305046, 0.895320832729],
        "mean": [0.414518296719, 0.15194003284, 0.433541595936],
        "median": [0.418987601995, 0.0894202589989, 0.381517589092],
        "min": [0, 0, 0],
        "skew": [0.0928264558315, 1.31533741951, 0.450046718121],
        "var": [0.0873187184334, 0.0198953673244, 0.0617862939835],
        "cov": [[0.0878323614597, -0.0228475183249, -0.064984858036], [-0.0228475183249, 0.0200123991817, 0.00283512100577], [-0.064984858036, 0.00283512100577, 0.0621497444808]]
    }
},
"tonal": {
    "chords_changes_rate": 0.0348837226629,
    "chords_number_rate": 0.0348837226629,
    "chords_strength": {
        "kurt": -1.05126261711,
        "max": 0.445680320263,
        "mean": 0.357617527246,
        "median": 0.34146887064,
        "min": 0.315300017595,
        "skew": 0.699044764042,
        "var": 0.00127258512657
    },
    "key_strength": 0.551372945309,
    "tuning_diatonic_strength": 0.409929871559,
    "tuning_equal_tempered_deviation": 0.185507595539,
    "tuning_frequency": 448.208557129,
    "tuning_nontempered_energy_ratio": 0.825659513474,
    "hpcp": {
        "kurt": [10.3832798004, 10.2096471786, 8.67858982086, 7.83480453491, 5.18506908417, 8.66053295135, 9.92184352875, 19.5869407654, 9.96759700775, 34.2240829468, 49.5377922058, 58.8243026733, 25.299495697, 26.4896125793, 27.8101463318, 22.5877819061, 14.4658241272, 9.42143630981, 12.4558238983, 5.87225055695, 39.6929359436, 28.6327228546, 27.1395549774, 30.1199073792, 41.3288955688, 33.0437965393, -0.0494780540466, -0.472254991531, -0.63621878624, 16.7597312927, 23.0787067413, 16.5019130707, 2.96921777725, -1.17764866352, -1.45562553406, -0.152704238892],
        "max": [0.381477981806, 0.260671585798, 0.690411925316, 1, 0.975725710392, 0.94155818224, 0.846991539001, 0.820761799812, 0.277562469244, 0.557829201221, 0.800752878189, 1, 0.724919617176, 0.824069559574, 1, 1, 0.929544210434, 0.67790800333, 0.606919765472, 0.537737548351, 1, 0.782788693905, 0.85136449337, 1, 1, 1, 0.893228828907, 1, 0.561824262142, 0.47949013114, 0.538489818573, 0.835622787476, 1, 1, 1, 1],
        "mean": [0.0292887445539, 0.0201649516821, 0.0584273077548, 0.114070445299, 0.121779352427, 0.0858981534839, 0.0669957920909, 0.0427557975054, 0.0235096998513, 0.0269483495504, 0.029338568449, 0.0284486878663, 0.0311913564801, 0.0376603268087, 0.060658749193, 0.0708723142743, 0.0603227466345, 0.0547411479056, 0.0579318292439, 0.0647105574608, 0.0485343597829, 0.0358801260591, 0.0441815890372, 0.0449550300837, 0.0413239449263, 0.0483260266483, 0.167583927512, 0.275804549456, 0.14890499413, 0.0267097670585, 0.028848297894, 0.0520860664546, 0.151265770197, 0.496055394411, 0.641667246819, 0.285666555166],
