{
"metadata": {
    "version": {
        "essentia": "2.1-beta3"
    }
},
"lowLevel": {
    "average_loudness": 0.0222143307328,
    "barkbands_kurtosis": {
        "kurt": 160.291717529,
        "max": 80.5786056519,
        "mean": 0.704231739044,
        "median": 0.0287771224976,
        "min": -1.83271002769,
        "skew": 10.7771615982,
        "var": 17.261800766
    },
    "barkbands_skewness": {
        "kurt": 6.7963104248,
        "max": 3.08208203316,
        "mean": 0.56143695116,
        "median": 0.894546985626,
        "min": -8.35542488098,
        "skew": -1.86385715008,
        "var": 1.38260018826
    },
    "barkbands_spread": {
        "kurt": -0.64582490921,
        "max": 57.2635536194,
        "mean": 25.0167789459,
        "median": 22.0657653809,
        "min": 1.98884654045,
        "skew": 0.548924028873,
        "var": 117.94708252
    },
    "dissonance": {
        "kurt": 5.46279144287,
        "max": 0.500000119209,
        "mean": 0.474529206753,
        "median": 0.479816377163,
        "min": 0.340116024017,
        "skew": -1.91946601868,
        "var": 0.000464679091237
    },
    "hfc": {
        "kurt": 54.789276123,
        "max": 22.1070270538,
        "mean": 0.539863824844,
        "median": 0.104310199618,
        "min": 0.0160749442875,
        "skew": 6.51929950714,
        "var": 2.44684863091
    },
    "pitch": {
        "kurt": -1.22636294365,
        "max": 5368.43212891,
        "mean": 1382.62695312,
        "median": 269.687255859,
        "min": 71.7853240967,
        "skew": 0.807821810246,
        "var": 2704064.25
    },
    "pitch_instantaneous_confidence": {
        "kurt": 1.60647773743,
        "max": 0.951718866825,
        "mean": 0.344894379377,
        "median": 0.296956479549,
        "min": 0.124782323837,
        "skew": 1.40801417828,
        "var": 0.0248664040118
    },
    "pitch_salience": {
        "kurt": 3.7865114212,
        "max": 0.892017245293,
        "mean": 0.717334806919,
        "median": 0.731853187084,
        "min": 0.270111650229,
        "skew": -1.56726312637,
        "var": 0.00664058839902
    },
    "silence_rate_20dB": {
        "kurt": 0,
        "max": 1,
        "mean": 1,
        "median": 1,
        "min": 1,
        "skew": 0,
        "var": 0
    },
    "silence_rate_30dB": {
        "kurt": 0,
        "max": 1,
        "mean": 1,
        "median": 1,
        "min": 1,
        "skew": 0,
        "var": 0
    },
    "silence_rate_60dB": {
        "kurt": 36.6677589417,
        "max": 1,
        "mean": 0.975986301899,
        "median": 1,
        "min": 0,
        "skew": -6.21826457977,
        "var": 0.0234369169921
    },
    "spectral_centroid": {
        "kurt": 0.451542854309,
        "max": 5350.6953125,
        "mean": 1450.9576416,
        "median": 1033.16638184,
        "min": 415.995635986,
        "skew": 1.18780565262,
        "var": 876470
    },
    "spectral_complexity": {
        "kurt": 22.1481380463,
        "max": 15,
        "mean": 0.602058291435,
        "median": 0,
        "min": 0,
        "skew": 4.64167308807,
        "var": 4.03600645065
    },
    "spectral_crest": {
        "kurt": 2.72253847122,
        "max": 24.2853240967,
        "mean": 7.33561468124,
        "median": 6.64060401917,
        "min": 2.64828324318,
        "skew": 1.37806296349,
        "var": 8.69320106506
    },
    "spectral_decrease": {
        "kurt": 66.7938308716,
        "max": -4.18396133711e-12,
        "mean": -7.14844919369e-11,
        "median": -2.40561980058e-11,
        "min": -3.202898613e-09,
        "skew": -7.56760883331,
        "var": 5.59422506764e-20
    },
    "spectral_energy": {
        "kurt": 61.5157318115,
        "max": 0.0132013196126,
        "mean": 0.000318765989505,
        "median": 0.000103224803752,
        "min": 1.86439374374e-05,
        "skew": 7.25739955902,
        "var": 1.02795820567e-06
    },
    "spectral_energyband_high": {
        "kurt": 276.915496826,
        "max": 0.0028267945163,
        "mean": 2.99355906463e-05,
        "median": 1.56107455496e-06,
        "min": 1.29091816348e-07,
        "skew": 14.3744935989,
        "var": 1.59453250603e-08
    },
    "spectral_energyband_low": {
        "kurt": 15.8833007812,
        "max": 6.09820781392e-05,
        "mean": 5.56598024559e-06,
        "median": 3.60657554666e-06,
        "min": 1.18330113708e-07,
        "skew": 3.29888558388,
        "var": 3.91454230142e-11
    },
    "spectral_energyband_middle_high": {
        "kurt": 58.18592453,
        "max": 0.00856241211295,
        "mean": 0.000156223090016,
        "median": 2.62820067292e-05,
        "min": 4.18017407355e-06,
        "skew": 7.19355010986,
        "var": 4.04536194765e-07
    },
    "spectral_energyband_middle_low": {
        "kurt": 116.070549011,
        "max": 0.00758992461488,
        "mean": 0.000130855230964,
        "median": 5.08107914357e-05,
        "min": 8.08334971225e-06,
        "skew": 9.87996196747,
        "var": 1.93757799138e-07
    },
    "spectral_flatness_db": {
        "kurt": 2.46774625778,
        "max": 0.360092312098,
        "mean": 0.15527112782,
        "median": 0.152553454041,
        "min": 0.0616728775203,
        "skew": 1.02268540859,
        "var": 0.00172941409983
    },
    "spectral_flux": {
        "kurt": 20.7738761902,
        "max": 0.0627952516079,
        "mean": 0.00839082803577,
        "median": 0.00655210064724,
        "min": 0.00238991854712,
        "skew": 4.00488090515,
        "var": 4.6501547331e-05
    },
    "spectral_kurtosis": {
        "kurt": 4.22237348557,
        "max": 34.3587036133,
        "mean": 5.98651027679,
        "median": 5.71731090546,
        "min": -0.670201778412,
        "skew": 1.36494493484,
        "var": 19.8363952637
    },
    "spectral_rms": {
        "kurt": 23.6963653564,
        "max": 0.00358877913095,
        "mean": 0.00041402206989,
        "median": 0.000317343859933,
        "min": 0.000134867368615,
        "skew": 4.42468881607,
        "var": 1.39577380764e-07
    },
    "spectral_rolloff": {
        "kurt": -0.408841848373,
        "max": 7988.81835938,
        "mean": 2587.51611328,
        "median": 2347.11914062,
        "min": 322.998046875,
        "skew": 0.576431930065,
        "var": 2247726.5
    },
    "spectral_skewness": {
        "kurt": -0.798549890518,
        "max": 3.58815479279,
        "mean": 1.67280209064,
        "median": 1.78165543079,
        "min": -0.780160784721,
        "skew": -0.257284164429,
        "var": 0.49114009738
    },
    "spectral_spread": {
        "kurt": 5.31160259247,
        "max": 21322110,
        "mean": 4393971.5,
        "median": 3833685.5,
        "min": 1430746.25,
        "skew": 1.84422338009,
        "var": 3.71963147059e+12
    },
    "spectral_strongpeak": {
        "kurt": 22.9575958252,
        "max": 2.83667302132,
        "mean": 0.13711553812,
        "median": 0.0373588688672,
        "min": 0.00197383435443,
        "skew": 4.41859960556,
        "var": 0.0959425568581
    },
    "zerocrossingrate": {
        "kurt": -0.331404447556,
        "max": 0.24951171875,
        "mean": 0.0831116661429,
        "median": 0.06640625,
        "min": 0.021484375,
        "skew": 0.866043448448,
        "var": 0.00167561369017
    },
    "barkbands": {
        "kurt": [47.0115776062, 12.0447816849, 25.5470600128, 29.0586700439, 118.962471008, 287.145263672, 138.497192383, 194.810119629, 36.1201782227, 142.292312622, 176.046859741, 141.797225952, 164.672744751, 149.112518311, 14.3818073273, 90.0799560547, 100.058944702, 142.680007935, 665.411499023, 315.47833252, 441.891296387, 215.983154297, 83.545173645, 117.79221344, 141.805374146, 105.500038147, 151.2578125],
        "max": [1.05632032898e-07, 6.57234340906e-06, 3.87732725358e-05, 0.000106323190266, 0.000866950314958, 0.000834736623801, 0.00508660823107, 0.00272021093406, 0.000135561887873, 0.00280175963417, 0.00239955657162, 0.00136257347185, 0.000426014390541, 0.00175070588011, 2.60317319771e-05, 0.00130298559088, 0.00106490636244, 0.000951499911025, 0.0043091326952, 0.00261741899885, 0.00238455552608, 0.000271084019914, 0.000169972801814, 0.000116363582492, 4.95398999192e-05, 1.92796142073e-06, 7.12783929657e-08],
        "mean": [3.16809889434e-09, 6.38525648355e-07, 2.8322911021e-06, 6.0046481849e-06, 2.55214763456e-05, 1.28677802422e-05, 4.9380108976e-05, 2.62814101006e-05, 9.02542342374e-06, 2.2204416382e-05, 1.71502724697e-05, 1.12498246381e-05, 4.48300625067e-06, 1.52198517753e-05, 2.15442582885e-06, 1.698664164e-05, 1.54293193191e-05, 1.44940904647e-05, 2.33498158195e-05, 2.26266856771e-05, 1.38667264764e-05, 2.84217071567e-06, 2.34953859035e-06, 1.28841656988e-06, 4.92945162023e-07, 2.29910455118e-08, 5.65110735984e-10],
        "median": [9.45551081877e-10, 3.88858609313e-07, 1.68805331668e-06, 2.78384732155e-06, 1.24908201542e-05, 6.44072451905e-06, 8.20014429337e-06, 6.15714543528e-06, 5.66795370105e-06, 2.27783220907e-06, 1.28782357933e-06, 1.40950692185e-06, 1.22434187233e-06, 1.02958335901e-06, 1.19492744943e-06, 1.64166510785e-06, 2.26254587687e-06, 3.06835659103e-06, 3.20961316902e-06, 1.84722159702e-06, 5.55180122319e-07, 1.37361652719e-07, 3.81132565508e-08, 1.45130742979e-08, 5.47409850782e-09, 2.26318422336e-10, 8.33203731704e-12],
        "min": [1.66025439924e-12, 3.9342298308e-09, 1.15002531942e-08, 4.11942053802e-08, 6.76501542785e-07, 2.88069287535e-07, 2.89303187628e-07, 2.20591360289e-07, 2.81071834252e-07, 1.52580398094e-07, 8.1975770172e-08, 9.64287707461e-08, 9.05400980855e-08, 7.79654882876e-08, 7.96512367174e-08, 1.2248052883e-07, 2.04551724892e-07, 3.10237055601e-07, 2.82916658989e-07, 9.62266426541e-08, 5.48088721075e-08, 1.50211967309e-08, 5.78397507667e-09, 2.15301909634e-09, 1.30086008632e-09, 8.66642937969e-11, 3.07300864442e-12],
        "skew": [5.84166669846, 2.9061820507, 4.12528657913, 4.27602100372, 8.41311264038, 14.7256622314, 11.013835907, 13.0892877579, 4.85721302032, 10.6838407516, 12.4313993454, 10.9379310608, 11.813375473, 11.1024284363, 3.19997692108, 9.0939245224, 9.36211585999, 10.7730054855, 23.4090671539, 15.2423009872, 19.1104354858, 12.0338611603, 7.97041559219, 9.28421878815, 10.7766141891, 9.3781375885, 10.5283317566],
        "var": [5.56129672385e-17, 5.6437770039e-13, 1.36481121543e-11, 7.98832250348e-11, 1.86958204473e-09, 1.3551085809e-09, 9.00942538351e-08, 2.27241425677e-08, 1.28573568459e-10, 2.00543635032e-08, 1.68231384379e-08, 5.26184296135e-09, 5.1797366396e-10, 1.00867723063e-08, 7.18003694694e-12, 1.01513153439e-08, 5.45448131106e-09, 3.05389269428e-09, 1.84947079873e-08, 1.00155057581e-08, 7.87917020517e-09, 1.30576577329e-10, 1.07607915634e-10, 3.810803062e-11, 8.2881531499e-12, 1.70600092755e-14, 1.14269203088e-17],
        "cov": [[5.56447839136e-17, 1.07130688996e-16, -4.51898006591e-16, -5.7782507137e-16, -2.09784870275e-14, -1.08177237377e-14, -4.18215538155e-14, -1.6916643867e-14, -4.152799676e-15, -2.88953499257e-14, -1.0547892075e-14, -1.08341409303e-14, -3.77739128564e-15, -1.16231656732e-14, -1.99188267876e-15, -2.22671443187e-14, -1.76641199497e-14, -1.79339727883e-14, -3.73703380795e-14, -4.14768486754e-14, -2.63108321751e-14, -3.03315108049e-15, -1.90174926757e-15, -4.8433942141e-16, -1.18734563917e-16, -4.43097617165e-18, 1.81168601453e-18], [1.07130688996e-16, 5.64700575797e-13, 9.87073378762e-13, 1.34872787851e-12, 2.15180282447e-12, 3.016524747e-13, -4.01494289204e-12, 3.46387176754e-12, 1.55172933964e-12, -3.29622006773e-12, -6.41193749571e-13, -1.64437040373e-12, -3.84070921768e-13, -9.92239710534e-13, 2.47303181622e-13, -1.19580951044e-12, -1.52029213871e-12, -7.98671025148e-14, 5.29673852522e-13, -1.57375913516e-12, -7.57431552374e-13, 8.49873827997e-13, 1.57424919454e-12, 8.7898053636e-13, 3.68144018959e-13, 1.8132412279e-14, 4.41647796198e-16], [-4.51898006591e-16, 9.87073378762e-13, 1.36559201447e-11, 1.44812824926e-11, 2.37272285153e-11, 8.69474631182e-12, 1.14255133132e-12, 1.15310183277e-11, 8.04026289991e-12, 2.11928369818e-12, -6.9753203864e-13, 3.49399480702e-12, 1.29951388192e-12, -2.13325841367e-12, 1.4423454835e-12, 7.70458176425e-12, 2.29668389341e-12, -5.62891981426e-18, -4.61953175365e-12, -7.66531803309e-12, 2.32220167574e-13, 2.84590146588e-12, 4.79628793279e-12, 2.67109554961e-12, 1.28647364029e-12, 5.97160735032e-14, 1.40611789112e-15], [-5.7782507137e-16, 1.34872787851e-12, 1.44812824926e-11, 7.99289245901e-11, 9.91662515992e-11, 1.52742367365e-11, 2.8817483122e-11, 2.80094246408e-11, 2.57434334267e-11, 2.43537794098e-11, 1.57208100704e-11, 1.26496478223e-11, 5.10133038242e-12, 1.84263750092e-11, 3.6622866198e-12, 1.69907872494e-11, 1.04310700702e-11, 5.17508518677e-12, -3.06955606766e-11, -3.84810204535e-11, -8.48953459615e-12, 6.78082102187e-13, 4.26875418694e-12, 2.72098511257e-12, 1.14162108586e-12, 5.87880371011e-14, 1.41138834188e-15], [-2.09784870275e-14, 2.15180282447e-12, 2.37272285153e-11, 9.91662515992e-11, 1.8706516336e-09, 2.20067478129e-10, 4.28311580647e-10, 3.36334127216e-10, 1.25457561007e-10, 3.88060306111e-10, 1.52861542868e-10, 1.39645683905e-10, 3.13873128877e-11, 2.09819980834e-10, 3.41861088049e-11, 1.79870549011e-10, 1.68574945669e-10, 1.24941668123e-10, 7.79979345e-11, 9.74320762959e-11, 1.05827941896e-11, 3.15319818867e-11, 6.99003702143e-11, 4.65349390966e-11, 1.19110650162e-11, 5.82719365382e-13, 8.98530009349e-15], [-1.08177237377e-14, 3.016524747e-13, 8.69474631182e-12, 1.52742367365e-11, 2.20067478129e-10, 1.35588384964e-09, 8.89262175008e-09, 1.55441637339e-09, 3.85497293809e-11, 2.01944971856e-09, 1.70773395425e-09, 1.03009600849e-09, 3.31557170608e-10, 1.63642455142e-09, 3.00548752552e-11, 1.50815393507e-09, 1.32784983009e-09, 6.67729538328e-10, 7.13513137462e-10, 9.45692690824e-11, -1.70489768136e-11, 9.53708639839e-12, 2.32944809275e-11, 1.33638013849e-11, 5.29315480335e-12, 2.61745865867e-13, 6.11765226286e-15], [-4.18215538155e-14, -4.01494289204e-12, 1.14255133132e-12, 2.8817483122e-11, 4.28311580647e-10, 8.89262175008e-09, 9.01457966052e-08, 2.52796272804e-08, 3.03232605692e-10, 2.66358206602e-08, 2.29163390486e-08, 1.35722855177e-08, 4.24470414373e-09, 1.98383514061e-08, 2.86251772286e-10, 1.88646414045e-08, 1.49118974946e-08, 7.50419903994e-09, 7.83192177778e-09, 3.35072025681e-10, -4.47296727435e-10, -7.70460362176e-11, -6.45096476237e-11, -3.49394471688e-11, -1.32554999963e-11, -5.95962678079e-13, -9.32212105089e-15], [-1.6916643867e-14, 3.46387176754e-12, 1.15310183277e-11, 2.80094246408e-11, 3.36334127216e-10, 1.55441637339e-09, 2.52796272804e-08, 2.2737141947e-08, 1.26503599263e-10, 1.14937401818e-08, 9.25636634008e-09, 5.15746556573e-09, 1.67220137737e-09, 6.76361722185e-09, 1.02525057888e-10, 7.19180492936e-09, 4.31368718523e-09, 2.49803089325e-09, 2.85553758417e-09, 6.56880539546e-12, -2.12669798438e-10, -3.43594631913e-11, -2.55441900271e-11, -1.34534119955e-11, -4.75229230967e-12, -2.17371476721e-13, -3.24213740199e-15], [-4.152799676e-15, 1.55172933964e-12, 8.04026289991e-12, 2.57434334267e-11, 1.25457561007e-10, 3.85497293809e-11, 3.03232605692e-10, 1.26503599263e-10, 1.28647120734e-10, 1.06390181387e-10, 1.95485114207e-10, 6.85405343592e-11, 1.96872639718e-11, 8.58965190642e-11, 9.37102825893e-12, 1.08171749336e-10, 7.64815849541e-11, 5.59682508672e-11, 3.75799356911e-11, 2.17951334064e-11, -5.08044387809e-12, 4.65150053891e-12, 9.03269212899e-12, 5.70985012743e-12, 2.10916722455e-12, 1.16061525082e-13, 1.96900093073e-15], [-2.88953499257e-14, -3.29622006773e-12, 2.11928369818e-12, 2.43537794098e-11, 3.88060306111e-10, 2.01944971856e-09, 2.66358206602e-08, 1.14937401818e-08, 1.06390181387e-10, 2.0065836992e-08, 7.96673838011e-09, 7.49922524079e-09, 2.21490359387e-09, 9.34726251955e-09, 1.2556838902e-10, 8.74158612163e-09, 6.65057164895e-09, 4.06307609779e-09, 3.25726223771e-09, 1.66159017101e-10, -2.27935725849e-10, -4.21539331219e-11, -3.71473476979e-11, -2.02539703759e-11, -7.86069993819e-12, -3.63371442311e-13, -6.1836090244e-15], [-1.0547892075e-14, -6.41193749571e-13, -6.9753203864e-13, 1.57208100704e-11, 1.52861542868e-10, 1.70773395425e-09, 2.29163390486e-08, 9.25636634008e-09, 1.95485114207e-10, 7.96673838011e-09, 1.68327627392e-08, 5.66870284047e-09, 1.62902047407e-09, 7.12251102541e-09, 1.19177362423e-10, 7.81044384723e-09, 5.46443912341e-09, 3.34310423789e-09, 2.54538878863e-09, -1.23846462599e-11, -1.86267515301e-10, -3.28723472054e-11, -2.77201057247e-11, -1.51309225566e-11, -5.65476008033e-12, -2.60390396311e-13, -3.30699767937e-15], [-1.08341409303e-14, -1.64437040373e-12, 3.49399480702e-12, 1.26496478223e-11, 1.39645683905e-10, 1.03009600849e-09, 1.35722855177e-08, 5.15746556573e-09, 6.85405343592e-11, 7.49922524079e-09, 5.66870284047e-09, 5.26485299801e-09, 1.49795442717e-09, 5.21851761803e-09, 7.48809902973e-11, 5.2951119045e-09, 4.2653289789e-09, 2.34880093153e-09, 2.01649852372e-09, 7.66692126453e-11, -1.0531460426e-10, -1.86359712384e-11, -1.64016439319e-11, -8.84321262051e-12, -3.10501537676e-12, -1.44395237954e-13, -1.38259250392e-15], [-3.77739128564e-15, -3.84070921768e-13, 1.29951388192e-12, 5.10133038242e-12, 3.13873128877e-11, 3.31557170608e-10, 4.24470414373e-09, 1.67220137737e-09, 1.96872639718e-11, 2.21490359387e-09, 1.62902047407e-09, 1.49795442717e-09, 5.18269982486e-10, 1.59297974811e-09, 2.252651711e-11, 1.52559942457e-09, 1.24590615602e-09, 7.82761244711e-10, 6.69485189508e-10, 3.70558653207e-11, -2.4955729757e-12, -3.08471282372e-12, -2.08169701095e-12, -1.2423494308e-12, -3.89853676685e-13, -1.52926377616e-14, 3.60378320101e-16], [-1.16231656732e-14, -9.92239710534e-13, -2.13325841367e-12, 1.84263750092e-11, 2.09819980834e-10, 1.63642455142e-09, 1.98383514061e-08, 6.76361722185e-09, 8.58965190642e-11, 9.34726251955e-09, 7.12251102541e-09, 5.21851761803e-09, 1.59297974811e-09, 1.00925428015e-08, 1.05240989534e-10, 6.86058054811e-09, 5.46761125264e-09, 3.31873062365e-09, 2.89104362672e-09, 1.5227120953e-10, -1.61447188951e-10, -2.71433379245e-11, -2.38941592207e-11, -1.31777956602e-11, -5.03772067464e-12, -2.26630007621e-13, -2.63202549931e-15], [-1.99188267876e-15, 2.47303181622e-13, 1.4423454835e-12, 3.6622866198e-12, 3.41861088049e-11, 3.00548752552e-11, 2.86251772286e-10, 1.02525057888e-10, 9.37102825893e-12, 1.2556838902e-10, 1.19177362423e-10, 7.48809902973e-11, 2.252651711e-11, 1.05240989534e-10, 7.18414433845e-12, 1.06684994172e-10, 8.72654934425e-11, 5.72866407089e-11, 4.97309970982e-11, 2.63176477139e-11, 6.1759256563e-12, 7.31152551697e-12, 1.09311188573e-11, 6.87047944578e-12, 2.7829513867e-12, 1.33105440732e-13, 3.12405063299e-15], [-2.22671443187e-14, -1.19580951044e-12, 7.70458176425e-12, 1.69907872494e-11, 1.79870549011e-10, 1.50815393507e-09, 1.88646414045e-08, 7.19180492936e-09, 1.08171749336e-10, 8.74158612163e-09, 7.81044384723e-09, 5.2951119045e-09, 1.52559942457e-09, 6.86058054811e-09, 1.06684994172e-10, 1.01571222544e-08, 5.75798386748e-09, 2.78835154965e-09, 2.60107513306e-09, 1.03797845319e-10, -9.92416981926e-11, -1.77441030619e-11, -1.48141325595e-11, -7.11998342229e-12, -2.61636784286e-12, -1.10172240525e-13, -8.31911979778e-16], [-1.76641199497e-14, -1.52029213871e-12, 2.29668389341e-12, 1.04310700702e-11, 1.68574945669e-10, 1.32784983009e-09, 1.49118974946e-08, 4.31368718523e-09, 7.64815849541e-11, 6.65057164895e-09, 5.46443912341e-09, 4.2653289789e-09, 1.24590615602e-09, 5.46761125264e-09, 8.72654934425e-11, 5.75798386748e-09, 5.45760192594e-09, 2.51625031922e-09, 2.3141377703e-09, 3.79483749979e-10, 4.86298779023e-11, 1.57568489506e-11, 1.73949882276e-11, 1.05157965669e-11, 4.82102378851e-12, 2.17475465262e-13, 7.78299018793e-15], [-1.79339727883e-14, -7.98671025148e-14, -5.62891981426e-18, 5.17508518677e-12, 1.24941668123e-10, 6.67729538328e-10, 7.50419903994e-09, 2.49803089325e-09, 5.59682508672e-11, 4.06307609779e-09, 3.34310423789e-09, 2.34880093153e-09, 7.82761244711e-10, 3.31873062365e-09, 5.72866407089e-11, 2.78835154965e-09, 2.51625031922e-09, 3.05563974123e-09, 3.89360277353e-09, 1.06798392352e-09, 1.63793950625e-10, 6.33129729199e-11, 4.27011065396e-11, 2.42565811187e-11, 9.95371667034e-12, 4.84374638923e-13, 1.28388663226e-14], [-3.73703380795e-14, 5.29673852522e-13, -4.61953175365e-12, -3.06955606766e-11, 7.79979345e-11, 7.13513137462e-10, 7.83192177778e-09, 2.85553758417e-09, 3.75799356911e-11, 3.25726223771e-09, 2.54538878863e-09, 2.01649852372e-09, 6.69485189508e-10, 2.89104362672e-09, 4.97309970982e-11, 2.60107513306e-09, 2.3141377703e-09, 3.89360277353e-09, 1.8505289745e-08, 7.64160201783e-09, 1.27195864952e-09, 1.35400635148e-10, 6.47295203549e-11, 2.8695410631e-11, 1.2266453478e-11, 5.81579489428e-13, 1.60790146795e-14], [-4.14768486754e-14, -1.57375913516e-12, -7.66531803309e-12, -3.84810204535e-11, 9.74320762959e-11, 9.45692690824e-11, 3.35072025681e-10, 6.56880539546e-12, 2.17951334064e-11, 1.66159017101e-10, -1.23846462599e-11, 7.66692126453e-11, 3.70558653207e-11, 1.5227120953e-10, 2.63176477139e-11, 1.03797845319e-10, 3.79483749979e-10, 1.06798392352e-09, 7.64160201783e-09, 1.00212353971e-08, 2.93731416967e-09, 1.9657778183e-10, 1.22765436705e-10, 6.70456676288e-11, 2.69361529609e-11, 1.29939321022e-12, 2.79581469331e-14], [-2.63108321751e-14, -7.57431552374e-13, 2.32220167574e-13, -8.48953459615e-12, 1.05827941896e-11, -1.70489768136e-11, -4.47296727435e-10, -2.12669798438e-10, -5.08044387809e-12, -2.27935725849e-10, -1.86267515301e-10, -1.0531460426e-10, -2.4955729757e-12, -1.61447188951e-10, 6.1759256563e-12, -9.92416981926e-11, 4.86298779023e-11, 1.63793950625e-10, 1.27195864952e-09, 2.93731416967e-09, 7.88367771065e-09, 2.82636025695e-10, 8.11136505185e-11, 4.45056665133e-11, 2.20646105553e-11, 9.33386831367e-13, 2.00504811186e-14], [-3.03315108049e-15, 8.49873827997e-13, 2.84590146588e-12, 6.78082102187e-13, 3.15319818867e-11, 9.53708639839e-12, -7.70460362176e-11, -3.43594631913e-11, 4.65150053891e-12, -4.21539331219e-11, -3.28723472054e-11, -1.86359712384e-11, -3.08471282372e-12, -2.71433379245e-11, 7.31152551697e-12, -1.77441030619e-11, 1.57568489506e-11, 6.33129729199e-11, 1.35400635148e-10, 1.9657778183e-10, 2.82636025695e-10, 1.30651267582e-10, 7.72242894631e-11, 3.60681380596e-11, 1.55915644978e-11, 7.39700130575e-13, 1.79019278378e-14], [-1.90174926757e-15, 1.57424919454e-12, 4.79628793279e-12, 4.26875418694e-12, 6.99003702143e-11, 2.32944809275e-11, -6.45096476237e-11, -2.55441900271e-11, 9.03269212899e-12, -3.71473476979e-11, -2.77201057247e-11, -1.64016439319e-11, -2.08169701095e-12, -2.38941592207e-11, 1.09311188573e-11, -1.48141325595e-11, 1.73949882276e-11, 4.27011065396e-11, 6.47295203549e-11, 1.22765436705e-10, 8.11136505185e-11, 7.72242894631e-11, 1.076694775e-10, 5.74452915791e-11, 2.47846205365e-11, 1.18739740262e-12, 2.85644175414e-14], [-4.8433942141e-16, 8.7898053636e-13, 2.67109554961e-12, 2.72098511257e-12, 4.65349390966e-11, 1.33638013849e-11, -3.49394471688e-11, -1.34534119955e-11, 5.70985012743e-12, -2.02539703759e-11, -1.51309225566e-11, -8.84321262051e-12, -1.2423494308e-12, -1.31777956602e-11, 6.87047944578e-12, -7.11998342229e-12, 1.05157965669e-11, 2.42565811187e-11, 2.8695410631e-11, 6.70456676288e-11, 4.45056665133e-11, 3.60681380596e-11, 5.74452915791e-11, 3.81298326246e-11, 1.55349431236e-11, 7.42207077048e-13, 1.6406506416e-14], [-1.18734563917e-16, 3.68144018959e-13, 1.28647364029e-12, 1.14162108586e-12, 1.19110650162e-11, 5.29315480335e-12, -1.32554999963e-11, -4.75229230967e-12, 2.10916722455e-12, -7.86069993819e-12, -5.65476008033e-12, -3.10501537676e-12, -3.89853676685e-13, -5.03772067464e-12, 2.7829513867e-12, -2.61636784286e-12, 4.82102378851e-12, 9.95371667034e-12, 1.2266453478e-11, 2.69361529609e-11, 2.20646105553e-11, 1.55915644978e-11, 2.47846205365e-11, 1.55349431236e-11, 8.29289501653e-12, 3.56722464068e-13, 8.30677079856e-15], [-4.43097617165e-18, 1.8132412279e-14, 5.97160735032e-14, 5.87880371011e-14, 5.82719365382e-13, 2.61745865867e-13, -5.95962678079e-13, -2.17371476721e-13, 1.16061525082e-13, -3.63371442311e-13, -2.60390396311e-13, -1.44395237954e-13, -1.52926377616e-14, -2.26630007621e-13, 1.33105440732e-13, -1.10172240525e-13, 2.17475465262e-13, 4.84374638923e-13, 5.81579489428e-13, 1.29939321022e-12, 9.33386831367e-13, 7.39700130575e-13, 1.18739740262e-12, 7.42207077048e-13, 3.56722464068e-13, 1.70697687891e-14, 3.88054909895e-16], [1.81168601453e-18, 4.41647796198e-16, 1.40611789112e-15, 1.41138834188e-15, 8.98530009349e-15, 6.11765226286e-15, -9.32212105089e-15, -3.24213740199e-15, 1.96900093073e-15, -6.1836090244e-15, -3.30699767937e-15, -1.38259250392e-15, 3.60378320101e-16, -2.63202549931e-15, 3.12405063299e-15, -8.31911979778e-16, 7.78299018793e-15, 1.28388663226e-14, 1.60790146795e-14, 2.79581469331e-14, 2.00504811186e-14, 1.79019278378e-14, 2.85644175414e-14, 1.6406506416e-14, 8.30677079856e-15, 3.88054909895e-16, 1.14334575172e-17]]
    },
    "mfcc": {
        "kurt": [0.675032138824, -0.268445253372, 6.9495716095, 1.0264005661, 2.03302907944, 1.71726942062, 2.12692308426, 1.84075260162, 2.80448102951, 1.72653484344, 1.55191278458, 1.4526348114, 1.15268707275],
        "max": [-730.617492676, 182.933197021, 19.7850494385, 108.654121399, 16.7886505127, 23.8120574951, 38.0055923462, 24.5304470062, 45.1954078674, 32.0986785889, 26.8911056519, 28.6460857391, 26.3259963989],
        "mean": [-892.421875, 109.74797821, -29.2232131958, 29.4516773224, -12.7446632385, -26.6522102356, -5.06431007385, -9.38652515411, -9.6611700058, -4.39886760712, -6.45223426819, -5.2107052803, -6.21824407578],
        "median": [-903.06628418, 118.596107483, -25.6359977722, 25.6614875793, -10.7616577148, -27.5494194031, -5.15432357788, -8.50483703613, -10.4315795898, -3.69769287109, -6.28047370911, -5.58640289307, -6.45882797241],
        "min": [-973.133972168, 7.54641532898, -138.355621338, -18.4286003113, -96.259185791, -67.1407775879, -53.7312660217, -50.9385375977, -44.2339401245, -49.8318023682, -41.3437843323, -31.0379600525, -41.4722099304],
        "skew": [1.02698481083, -0.67749196291, -2.08632087708, 0.942459344864, -1.08390212059, 0.301932394505, 0.130460187793, -0.720395505428, 0.749162256718, -0.660144984722, -0.0590891093016, 0.458752244711, 0.245604664087],
        "var": [2370.28735352, 1384.01269531, 416.41619873, 385.363708496, 234.039611816, 112.316558838, 85.1380157471, 81.9414672852, 81.5361022949, 78.2680130005, 64.1340255737, 53.0298576355, 52.4626274109],
        "cov": [[2371.64355469, -827.102050781, -369.719573975, 238.624984741, -282.106231689, 89.5583724976, -98.6791534424, -8.41348552704, -54.5284385681, -46.5984687805, -88.9059295654, -8.10503292084, 40.8416252136], [-827.102050781, 1384.80444336, -187.722885132, -414.728790283, 334.521331787, -199.457580566, 71.729598999, 3.71944952011, -28.8293476105, -25.7937774658, 73.6729736328, -42.6374206543, -2.72436070442], [-369.719573975, -187.722885132, 416.654418945, -17.0498600006, 52.5230941772, 61.3340034485, -8.75119018555, 38.7371330261, 3.25854992867, 50.0564117432, -18.180223465, 6.09141397476, -27.227306366], [238.624984741, -414.728790283, -17.0498600006, 385.58416748, -192.456039429, 98.1718597412, 25.3821868896, -59.9642753601, 67.1501922607, -13.5148658752, -11.5140991211, 16.9043598175, -10.2355966568], [-282.106231689, 334.521331787, 52.5230941772, -192.456039429, 234.17350769, -50.7653656006, -10.6324338913, 44.8294944763, -22.7113132477, 15.662771225, 10.3498811722, -9.31288814545, -1.92867708206], [89.5583724976, -199.457580566, 61.3340034485, 98.1718597412, -50.7653656006, 112.380813599, 2.01090788841, -0.582670092583, 27.5048961639, 0.183573260903, -3.97358703613, 7.1288561821, -5.94661521912], [-98.6791534424, 71.729598999, -8.75119018555, 25.3821868896, -10.6324338913, 2.01090788841, 85.1867218018, -11.637717247, 4.93302202225, 21.8380718231, 5.84760427475, 3.30716633797, 0.912571489811], [-8.41348552704, 3.71944952011, 38.7371330261, -59.9642753601, 44.8294944763, -0.582670092583, -11.637717247, 81.9883422852, -8.17585945129, 0.741194605827, 14.3331289291, -1.80465471745, 4.62753915787], [-54.5284385681, -28.8293476105, 3.25854992867, 67.1501922607, -22.7113132477, 27.5048961639, 4.93302202225, -8.17585945129, 81.5827484131, 2.70948028564, -3.51907491684, 21.0047340393, -8.66534042358], [-46.5984687805, -25.7937774658, 50.0564117432, -13.5148658752, 15.662771225, 0.183573260903, 21.8380718231, 0.741194605827, 2.70948028564, 78.3127822876, 2.3937420845, -3.92498207092, 14.3609552383], [-88.9059295654, 73.6729736328, -18.180223465, -11.5140991211, 10.3498811722, -3.97358703613, 5.84760427475, 14.3331289291, -3.51907491684, 2.3937420845, 64.170715332, 8.3324432373, 0.912279367447], [-8.10503292084, -42.6374206543, 6.09141397476, 16.9043598175, -9.31288814545, 7.1288561821, 3.30716633797, -1.80465471745, 21.0047340393, -3.92498207092, 8.3324432373, 53.0601921082, 8.64021015167], [40.8416252136, -2.72436070442, -27.227306366, -10.2355966568, -1.92867708206, -5.94661521912, 0.912571489811, 4.62753915787, -8.66534042358, 14.3609552383, 0.912279367447, 8.64021015167, 52.4926376343]]
    },
    "sccoeffs": {
        "kurt": [0.66016960144, 10.7049732208, 10.7357244492, 15.7890129089, 7.36944580078, 4.43422555923],
        "max": [-0.414883553982, -0.447821706533, -0.526298880577, -0.541489541531, -0.591175734997, -0.500786662102],
        "mean": [-0.697840034962, -0.827077329159, -0.837277889252, -0.854603767395, -0.831075549126, -0.809737980366],
        "median": [-0.704478144646, -0.836246192455, -0.8461997509, -0.864935934544, -0.843112945557, -0.827121257782],
        "min": [-0.860355138779, -0.929632365704, -0.927789628506, -0.920355021954, -0.896208226681, -0.876063704491],
        "skew": [0.575214445591, 2.59405136108, 2.70857095718, 3.58860015869, 2.50274276733, 2.07040166855],
        "var": [0.0036210459657, 0.00317841325887, 0.00247887568548, 0.00222047721036, 0.00200110906735, 0.00280011002906],
        "cov": [[0.00362311745994, 0.000640176236629, 0.000473763473565, 0.000302163301967, 0.000289563118713, -4.84836746182e-05], [0.000640176236629, 0.00318023166619, 0.00159850437194, 0.00167343765497, 0.0012617680477, 7.35381836421e-05], [0.000473763473565, 0.00159850437194, 0.00248029385693, 0.0015781436814, 0.00116182072088, 7.76800807216e-05], [0.000302163301967, 0.00167343765497, 0.0015781436814, 0.00222174753435, 0.00136792520061, 0.000367911270587], [0.000289563118713, 0.0012617680477, 0.00116182072088, 0.00136792520061, 0.00200225389563, 0.00101607502438], [-4.84836746182e-05, 7.35381836421e-05, 7.76800807216e-05, 0.000367911270587, 0.00101607502438, 0.00280171190389]]
    },
    "scvalleys": {
        "kurt": [0.0519807338715, -0.0994267463684, 0.0425131320953, -0.289847373962, -0.501079797745, 1.98201417923],
        "max": [-7.30839061737, -6.38365268707, -7.01698350906, -7.38254642487, -6.76562786102, -7.64132452011],
        "mean": [-8.81843185425, -7.58127069473, -8.3393163681, -8.80999279022, -8.92271900177, -11.5430679321],
        "median": [-8.81152153015, -7.59119701385, -8.37424087524, -8.84187412262, -9.07625579834, -11.9447698593],
        "min": [-10.7274875641, -9.01344203949, -9.81283473969, -9.93246364594, -10.2357740402, -12.7775936127],
        "skew": [-0.137581571937, -0.0297940615565, 0.30704587698, 0.340595304966, 0.588647127151, 1.65355026722],
        "var": [0.266835361719, 0.163287848234, 0.172081261873, 0.198767200112, 0.441805779934, 1.06041121483],
        "cov": [[0.266988009214, 0.0630345568061, 0.0634083449841, 0.0632016062737, -0.00938839837909, -0.0558519773185], [0.0630345568061, 0.163381263614, 0.0896358340979, 0.0967174321413, 0.034686576575, 0.00715298764408], [0.0634083449841, 0.0896358340979, 0.172179698944, 0.126323446631, 0.0794318169355, 0.0724074989557], [0.0632016062737, 0.0967174321413, 0.126323446631, 0.198880910873, 0.148514464498, 0.154189050198], [-0.00938839837909, 0.034686576575, 0.0794318169355, 0.148514464498, 0.44205853343, 0.545684099197], [-0.0558519773185, 0.00715298764408, 0.0724074989557, 0.154189050198, 0.545684099197, 1.0610178709]]
    }
},
"rhythm": {
    "beats_loudness": {
        "kurt": 35.5431213379,
        "max": 0.00767954904586,
        "mean": 0.00036659068428,
        "median": 0.000114577662316,
        "min": 2.75337279163e-05,
        "skew": 5.81483793259,
        "var": 1.0793689853e-06
    },
    "bpm": 84.4383468628,
    "confidence": 0.221180155873,
    "first_peak_bpm": {
        "kurt": 0,
        "max": 112,
        "mean": 112,
        "median": 112,
        "min": 112,
        "skew": 0,
        "var": 0
    },
    "first_peak_spread": {
        "kurt": 0,
        "max": 0.666666686535,
        "mean": 0.666666686535,
        "median": 0.666666686535,
        "min": 0.666666686535,
        "skew": 0,
        "var": 0
    },
    "first_peak_weight": {
        "kurt": 0,
        "max": 0.0895522385836,
        "mean": 0.0895522385836,
        "median": 0.0895522385836,
        "min": 0.0895522385836,
        "skew": 0,
        "var": 0
    },
    "onset_rate": 1.3797018528,
    "second_peak_bpm": {
        "kurt": 0,
        "max": 85,
        "mean": 85,
        "median": 85,
        "min": 85,
        "skew": 0,
        "var": 0
    },
    "second_peak_spread": {
        "kurt": 0,
        "max": 0.571428537369,
        "mean": 0.571428537369,
        "median": 0.571428537369,
        "min": 0.571428537369,
        "skew": 0,
        "var": 0
    },
    "second_peak_weight": {
        "kurt": 0,
        "max": 0.134328350425,
        "mean": 0.134328350425,
        "median": 0.134328350425,
        "min": 0.134328350425,
        "skew": 0,
        "var": 0
    },
    "beats_loudness_band_ratio": {
        "kurt": [1.93413639069, 0.587451219559, -0.473103761673, 10.4060764313, 2.69221353531, -0.405764579773],
        "max": [0.537801980972, 0.676515638828, 0.701659142971, 0.52107578516, 0.523230373859, 0.779475152493],
        "mean": [0.126383677125, 0.227940410376, 0.246465325356, 0.0904299244285, 0.15431240201, 0.225951582193],
        "median": [0.0956408083439, 0.215287655592, 0.224965572357, 0.0726179108024, 0.129776090384, 0.126089826226],
        "min": [0.00276054255664, 0.00991756655276, 0.0102766668424, 0.00432885764167, 0.0431188754737, 0.0126639576629],
        "skew": [1.43046700954, 0.620250880718, 0.587863624096, 2.85397315025, 1.54028081894, 0.925026416779],
        "var": [0.0129752531648, 0.0175722297281, 0.0256240200251, 0.00696168746799, 0.00893221888691, 0.050185430795],
        "cov": [[0.0131689142436, 0.00701617682353, 0.00336238881573, -0.000658831442706, -0.00480776885524, -0.0124725606292], [0.00701617682353, 0.017834501341, 0.0058670011349, -0.000524844101164, -0.00672338390723, -0.0185232479125], [0.00336238881573, 0.0058670011349, 0.0260064676404, 0.00232131732628, -0.00733406469226, -0.0257591065019], [-0.000658831442706, -0.000524844101164, 0.00232131732628, 0.007065593265, 0.000581063737627, -0.00837104674429], [-0.00480776885524, -0.00672338390723, -0.00733406469226, 0.000581063737627, 0.00906553585082, 0.00656545907259], [-0.0124725606292, -0.0185232479125, -0.0257591065019, -0.00837104674429, 0.00656545907259, 0.0509344674647]]
    },
    "beats_position": [0.522448956966, 1.06811785698, 1.6137868166, 2.14784574509, 2.68190479279, 3.22757363319, 3.78485250473, 4.31891155243, 4.85297060013, 5.36380958557, 5.89786815643, 6.40870714188, 6.91954612732, 7.4303855896, 7.94122457504, 8.46367359161, 9.0093421936, 9.53179073334, 10.0542402267, 10.6115188599, 11.1687984467, 11.7376871109, 12.2369155884, 12.7245349884, 13.2121543884, 13.6997728348, 14.1873922348, 14.6750106812, 15.1277999878, 15.5805892944, 16.0565986633, 16.5326080322, 17.0086174011, 17.4730148315, 17.9374141693, 18.4134235382, 18.877822876, 19.4002723694, 19.9343299866, 20.4799995422, 21.0953292847, 21.6874370575, 22.3143768311, 22.9645347595, 23.614692688, 24.2184123993, 24.8337402344, 25.5187301636, 26.2153282166, 26.9235363007, 27.6317462921, 28.3283443451, 29.0249423981, 29.7447605133, 30.4297504425, 31.1379585266, 31.8809967041, 32.6124267578, 33.332244873, 34.0404510498, 34.7602729797, 35.4916992188, 36.2231292725, 36.9313354492, 37.6511573792, 38.3361434937, 39.0327415466, 39.7641716003],
    "bpm_estimates": [87.5925292969, 86.1328887939, 84.7208633423, 84.7206344604, 86.1328887939, 86.1328887939, 83.3543930054, 87.5925292969, 84.7208633423, 80.7495498657, 82.0310821533, 83.3543930054, 84.7210922241, 83.3539505005, 82.0315093994, 82.0310821533, 84.7210922241, 83.3539505005, 87.5930175781, 86.1328887939, 82.0310821533],
    "bpm_intervals": [0.545668900013, 0.545668959618, 0.53405892849, 0.534059047699, 0.545668840408, 0.557278871536, 0.534059047699, 0.534059047699, 0.510838985443, 0.534058570862, 0.510838985443, 0.510838985443, 0.51083946228, 0.510838985443, 0.522449016571, 0.54566860199, 0.522448539734, 0.522449493408, 0.557278633118, 0.557279586792, 0.568888664246, 0.499228477478, 0.487619400024, 0.487619400024, 0.48761844635, 0.487619400024, 0.48761844635, 0.452789306641, 0.452789306641, 0.476009368896, 0.476009368896, 0.476009368896, 0.46439743042, 0.464399337769, 0.476009368896, 0.464399337769, 0.522449493408, 0.534057617188, 0.545669555664, 0.615329742432, 0.592107772827, 0.62693977356, 0.650157928467, 0.650157928467, 0.603719711304, 0.615327835083, 0.684989929199, 0.696598052979, 0.708208084106, 0.708209991455, 0.696598052979, 0.696598052979, 0.719818115234, 0.684989929199, 0.708208084106, 0.74303817749, 0.731430053711, 0.719818115234, 0.708206176758, 0.719821929932, 0.731426239014, 0.731430053711, 0.708206176758, 0.719821929932, 0.684986114502, 0.696598052979, 0.731430053711],
    "onset_times": [0.0116099771112, 0.243809521198, 0.348299324512, 2.65868473053, 3.80807256699, 6.8382768631, 7.32589578629, 7.47682523727, 7.6277551651, 7.79029464722, 8.27791404724, 9.67111110687, 11.5635375977, 12.1904764175, 13.1308841705, 13.2469844818, 13.7462129593, 14.1873922348, 15.0233106613, 15.8940591812, 15.9869384766, 16.3120174408, 17.4149665833, 17.7516555786, 18.2044448853, 20.5148296356, 22.3259868622, 22.4536952972, 23.2199554443, 23.6495246887, 23.8120632172, 25.4955101013, 26.958366394, 27.7710666656, 27.8987751007, 28.3515644073, 29.7099323273, 29.988571167, 31.753288269, 31.9042167664, 32.2873458862, 32.4847183228, 33.3670730591, 33.5992736816, 34.4468040466, 34.9460334778, 36.2347373962, 36.362449646, 37.7208175659, 38.1852149963, 38.3709754944, 38.5219039917, 39.0443534851, 39.8686637878, 40.0195922852, 40.4607696533],
    "histogram": [[0, 0, 0, 0, 0, 0, 0, 0, 0, 0, 0, 0, 0, 0, 0, 0, 0, 0, 0, 0, 0, 0, 0, 0, 0, 0, 0, 0, 0, 0, 0, 0, 0, 0, 0, 0, 0, 0, 0, 0, 0, 0, 0, 0, 0, 0, 0, 0, 0, 0, 0, 0, 0, 0, 0, 0, 0, 0, 0, 0, 0, 0, 0, 0, 0, 0, 0, 0, 0, 0, 0, 0, 0, 0, 0, 0, 0, 0, 0, 0, 0, 0.0149253727868, 0.0597014911473, 0.0597014911473, 0, 0.0746268630028, 0.0597014911473, 0, 0.0447761192918, 0, 0, 0, 0.0298507455736, 0, 0, 0, 0.0149253727868, 0, 0.0298507455736, 0.0149253727868, 0, 0.0149253727868, 0, 0, 0, 0.0149253727868, 0, 0, 0.0447761192918, 0, 0.0746268630028, 0, 0.0895522385836, 0, 0, 0.0597014911473, 0, 0.0746268630028, 0, 0, 0.0149253727868, 0, 0, 0.0746268630028, 0, 0, 0.0597014911473, 0, 0, 0.0447761192918, 0, 0, 0, 0.0298507455736, 0, 0, 0, 0, 0, 0, 0, 0, 0, 0, 0, 0, 0, 0, 0, 0, 0, 0, 0, 0, 0, 0, 0, 0, 0, 0, 0, 0, 0, 0, 0, 0, 0, 0, 0, 0, 0, 0, 0, 0, 0, 0, 0, 0, 0, 0, 0, 0, 0, 0, 0, 0, 0, 0, 0, 0, 0, 0, 0, 0, 0, 0, 0, 0, 0, 0, 0, 0, 0, 0, 0, 0, 0, 0, 0, 0, 0, 0, 0, 0, 0, 0, 0, 0, 0, 0, 0, 0, 0, 0, 0, 0, 0, 0, 0, 0, 0, 0, 0, 0, 0, 0, 0, 0, 0, 0, 0, 0, 0, 0, 0, 0, 0, 0, 0, 0]]
},
"sfx": {
    "inharmonicity": {
        "kurt": 0.11489367485,
        "max": 0.419282048941,
        "mean": 0.0850017517805,
        "median": 0.0608151629567,
        "min": 0,
        "skew": 0.987418830395,
        "var": 0.00836669374257
    },
    "oddtoevenharmonicenergyratio": {
        "kurt": 514.336608887,
        "max": 76.7627334595,
        "mean": 0.811578929424,
        "median": 0.374926894903,
        "min": 0,
