{
"metadata": {
    "version": {
        "essentia": "2.1-beta3"
    }
},
"lowLevel": {
    "average_loudness": 0.65952193737,
    "barkbands_kurtosis": {
        "kurt": 46.2361564636,
        "max": 33.0732841492,
        "mean": -0.461314946413,
        "median": -1.53637003899,
        "min": -1.71792936325,
        "skew": 6.30590581894,
        "var": 16.0946235657
    },
    "barkbands_skewness": {
        "kurt": 8.0688791275,
        "max": 4.84722614288,
        "mean": 0.23657399416,
        "median": 0.0947557091713,
        "min": -1.35627388954,
        "skew": 2.30122590065,
        "var": 0.778788387775
    },
    "barkbands_spread": {
        "kurt": 1.41409873962,
        "max": 58.2444992065,
        "mean": 43.7005729675,
        "median": 49.3874015808,
        "min": 2.54737281799,
        "skew": -1.67105185986,
        "var": 206.575622559
    },
    "dissonance": {
        "kurt": 33.628238678,
        "max": 0.498763173819,
        "mean": 0.470425456762,
        "median": 0.487858116627,
        "min": 0,
        "skew": -5.26702642441,
        "var": 0.00373203726485
    },
    "hfc": {
        "kurt": 18.9043941498,
        "max": 49.9634132385,
        "mean": 2.15053892136,
        "median": 0.000212846061913,
        "min": 4.53279769275e-09,
        "skew": 4.50345468521,
        "var": 89.0027084351
    },
    "pitch": {
        "kurt": -1.39355897903,
        "max": 4137.13037109,
        "mean": 2676.70288086,
        "median": 3729.34790039,
        "min": 134.761642456,
        "skew": -0.761349141598,
        "var": 2731368.75
    },
    "pitch_instantaneous_confidence": {
        "kurt": 2.21267843246,
        "max": 0.977939248085,
        "mean": 0.337370753288,
        "median": 0.248542785645,
        "min": 0.142591178417,
        "skew": 1.89428436756,
        "var": 0.0532536283135
    },
    "pitch_salience": {
        "kurt": 2.26288127899,
        "max": 0.933271288872,
        "mean": 0.709364414215,
        "median": 0.736350893974,
        "min": 0.405080527067,
        "skew": -1.41710281372,
        "var": 0.0086516039446
    },
    "silence_rate_20dB": {
        "kurt": 0,
        "max": 1,
        "mean": 1,
        "median": 1,
        "min": 1,
        "skew": 0,
        "var": 0
    },
    "silence_rate_30dB": {
        "kurt": 0,
        "max": 1,
        "mean": 1,
        "median": 1,
        "min": 1,
        "skew": 0,
        "var": 0
    },
    "silence_rate_60dB": {
        "kurt": 12.2285757065,
        "max": 1,
        "mean": 0.941747546196,
        "median": 1,
        "min": 0,
        "skew": -3.7720720768,
        "var": 0.0548589490354
    },
    "spectral_centroid": {
        "kurt": 0.783605575562,
        "max": 2574.05175781,
        "mean": 1816.8536377,
        "median": 1905.68225098,
        "min": 383.928344727,
        "skew": -1.0501730442,
        "var": 245397.890625
    },
    "spectral_complexity": {
        "kurt": 11.8586463928,
        "max": 10,
        "mean": 0.582524299622,
        "median": 0,
        "min": 0,
        "skew": 3.65649533272,
        "var": 4.63153219223
    },
    "spectral_crest": {
        "kurt": 3.19588375092,
        "max": 18.3189105988,
        "mean": 5.8484621048,
        "median": 4.62208652496,
        "min": 2.69227457047,
        "skew": 1.79303717613,
        "var": 9.73596954346
    },
    "spectral_decrease": {
        "kurt": 16.8721256256,
        "max": -4.59114294686e-19,
        "mean": -2.35851949082e-10,
        "median": -2.49014388075e-14,
        "min": -4.98857488651e-09,
        "skew": -4.26304626465,
        "var": 9.62305528697e-19
    },
    "spectral_energy": {
        "kurt": 17.2865562439,
        "max": 0.0233598444611,
        "mean": 0.00108521908987,
        "median": 1.15367839726e-07,
        "min": 2.14394300924e-12,
        "skew": 4.31117486954,
        "var": 2.07295452128e-05
    },
    "spectral_energyband_high": {
        "kurt": 17.4900665283,
        "max": 0.000350733433152,
        "mean": 1.51537451529e-05,
        "median": 1.77017565051e-08,
        "min": 3.79773605142e-13,
        "skew": 4.36096906662,
        "var": 4.36379421487e-09
    },
    "spectral_energyband_low": {
        "kurt": 41.2030754089,
        "max": 2.48007040682e-07,
        "mean": 2.43335573913e-08,
        "median": 1.85883823889e-08,
        "min": 3.54372808225e-13,
        "skew": 5.53080558777,
        "var": 7.46375681088e-16
    },
    "spectral_energyband_middle_high": {
        "kurt": 18.7665176392,
        "max": 0.0216337703168,
        "mean": 0.000940820027608,
        "median": 4.12121110571e-08,
        "min": 9.93630308241e-13,
        "skew": 4.48636722565,
        "var": 1.67713242263e-05
    },
    "spectral_energyband_middle_low": {
        "kurt": 31.0615768433,
        "max": 0.00440584216267,
        "mean": 0.000135634298204,
        "median": 3.64157308752e-08,
        "min": 4.27671813978e-13,
        "skew": 5.29501962662,
        "var": 3.32452515295e-07
    },
    "spectral_flatness_db": {
        "kurt": 4.76147174835,
        "max": 0.417483508587,
        "mean": 0.0985936671495,
        "median": 0.0677266344428,
        "min": 0.0365919359028,
        "skew": 2.44263195992,
        "var": 0.00748650729656
    },
    "spectral_flux": {
        "kurt": 20.1067371368,
        "max": 0.0970264822245,
        "mean": 0.00428028171882,
        "median": 0.000220271540456,
        "min": 0.000163393502589,
        "skew": 4.56719303131,
        "var": 0.000270751508651
    },
    "spectral_kurtosis": {
        "kurt": 14.5433578491,
        "max": 18.8564548492,
        "mean": 3.32290554047,
        "median": 2.40618991852,
        "min": 1.81459236145,
        "skew": 3.73038673401,
        "var": 8.51722240448
    },
    "spectral_rms": {
        "kurt": 13.780254364,
        "max": 0.00477389711887,
        "mean": 0.000273422338068,
        "median": 1.06091465568e-05,
        "min": 4.57345805671e-08,
        "skew": 3.89442896843,
        "var": 9.839905033e-07
    },
    "spectral_rolloff": {
        "kurt": 3.67852020264,
        "max": 4543.50585938,
        "mean": 3675.90576172,
        "median": 3962.109375,
        "min": 409.130859375,
        "skew": -2.15078306198,
        "var": 1034162.1875
    },
    "spectral_skewness": {
        "kurt": 16.2919483185,
        "max": 3.89820957184,
        "mean": 1.516097188,
        "median": 1.39751625061,
        "min": 1.24299526215,
        "skew": 3.75757551193,
        "var": 0.151037991047
    },
    "spectral_spread": {
        "kurt": 5.27991199493,
        "max": 18746074,
        "mean": 9387535,
        "median": 9968423,
        "min": 2337221.5,
        "skew": -1.31749022007,
        "var": 5.40327070925e+12
    },
    "spectral_strongpeak": {
        "kurt": 18.3295459747,
        "max": 6.57864046097,
        "mean": 0.294292330742,
        "median": 0.000591569754761,
        "min": 0,
        "skew": 4.45480537415,
        "var": 1.61527645588
    },
    "zerocrossingrate": {
        "kurt": 47.5026741028,
        "max": 0.49462890625,
        "mean": 0.116063982248,
        "median": 0.11865234375,
        "min": 0.03515625,
        "skew": 5.56317710876,
        "var": 0.00199798867106
    },
    "barkbands": {
        "kurt": [28.7181968689, 32.7233047485, 8.68892192841, 27.8815021515, 92.2568511963, 71.1950531006, 17.0578975677, 95.8296051025, 97.412612915, 16.8328075409, 67.5416488647, 15.495929718, 63.193901062, 18.875743866, 93.5260467529, 19.0374298096, 19.6142883301, 20.2844142914, 15.7428836823, 16.8686771393, 15.8282299042, 20.2314453125, 19.4354400635, 18.5441856384, 19.6704978943, 17.2883338928, 22.9956874847],
        "max": [9.6266750127e-10, 3.55387967943e-08, 8.27239858836e-08, 1.09279926619e-06, 6.23758023721e-05, 0.00236334116198, 0.00191748735961, 2.63252513832e-06, 1.79892813321e-05, 0.000715253758244, 2.72121201306e-06, 0.00278655276634, 2.99331513816e-05, 0.00441816449165, 2.62559115072e-05, 0.000938455166761, 0.00907878577709, 0.00457563856617, 6.9107140007e-05, 3.10774703394e-05, 0.000149987754412, 0.000168466198375, 4.99438328916e-06, 9.618098602e-07, 2.37700277239e-07, 9.86597648023e-09, 2.68058020225e-10],
        "mean": [5.88118442835e-11, 3.81917431014e-09, 1.25857138045e-08, 5.15541280777e-08, 9.16506337489e-07, 4.41352967755e-05, 8.32899968373e-05, 3.44517445683e-08, 1.98352381631e-07, 3.09944080072e-05, 4.88401390442e-08, 0.000123257777886, 6.24458493803e-07, 0.000182106261491, 3.29077181505e-07, 4.05364226026e-05, 0.000377353979275, 0.000182767063961, 3.17255239679e-06, 1.40101747093e-06, 7.04358581061e-06, 6.68360371492e-06, 2.083608166e-07, 3.97792803142e-08, 1.01956914023e-08, 4.8875153924e-10, 1.44611267405e-11],
        "median": [3.15747740454e-11, 2.87745627325e-09, 8.3656477301e-09, 8.2023454695e-09, 1.39454829906e-08, 5.34659694296e-09, 2.93870039414e-09, 2.41833864045e-09, 2.51604426182e-09, 1.78414505392e-09, 1.85448767454e-09, 2.0555919189e-09, 1.80490611346e-09, 1.67475644464e-09, 2.03200434257e-09, 3.17344150957e-09, 4.66185801073e-09, 7.12580749962e-09, 9.85554393651e-09, 1.03358228642e-08, 7.0144872133e-09, 3.13290460241e-09, 9.32213084504e-10, 6.53651743843e-10, 6.60162424726e-10, 7.36837119097e-11, 4.44868751212e-12],
        "min": [1.10327857419e-13, 1.58862750428e-13, 9.63137853976e-14, 8.52582978175e-14, 1.54224899453e-13, 7.13328322192e-14, 1.75325537102e-14, 8.0323744753e-15, 5.99585688716e-14, 1.29202827907e-13, 1.44309233617e-13, 1.21021329893e-13, 4.82325632342e-14, 2.41814929896e-14, 9.57934124005e-15, 1.75701331739e-14, 7.58412904418e-14, 1.57228274996e-13, 1.41711295476e-13, 2.13706914036e-13, 1.39707391706e-13, 8.882658335e-14, 1.36545963203e-14, 2.13667059442e-14, 2.84217704168e-14, 4.41795529332e-15, 2.37774536151e-15],
        "skew": [5.18715810776, 4.773001194, 2.46076869965, 5.08206415176, 9.58290863037, 8.14889812469, 4.20441961288, 9.8402338028, 9.95611476898, 4.19712352753, 8.04335021973, 4.09683465958, 7.553170681, 4.4960231781, 9.68169116974, 4.52843379974, 4.60188865662, 4.63422012329, 4.12197589874, 4.28680467606, 4.20261859894, 4.63507986069, 4.52279567719, 4.46160984039, 4.53221464157, 4.32674980164, 4.84904527664],
        "var": [1.64193138237e-20, 1.67438131204e-17, 1.61159109053e-16, 2.3213722272e-14, 3.81363690627e-11, 6.17940614234e-08, 1.11089654808e-07, 6.69027889187e-14, 3.11232376676e-12, 1.51297196993e-08, 8.51842535854e-14, 2.53904204328e-07, 1.04560145264e-11, 6.57771238366e-07, 6.74227123784e-12, 3.20902877604e-08, 2.92815070679e-06, 6.8794525987e-07, 1.63842467371e-10, 3.47143251644e-11, 8.98404517446e-10, 9.320856309e-10, 8.10113965927e-13, 2.96755248684e-14, 1.69869492957e-15, 3.17764368803e-18, 1.80249299577e-21],
        "cov": [[1.65802876946e-20, 2.84703081583e-19, 5.80874453673e-19, 5.95600357208e-18, 6.2330920539e-16, 2.58136661867e-14, 2.6966069758e-14, 2.44637441935e-17, 1.64397832171e-16, 5.82091078694e-15, 2.89902849549e-17, 2.89782642869e-14, 3.2501149171e-16, 2.17097796988e-14, 2.56698258044e-16, 5.77823430244e-15, 4.14399519203e-14, 1.81174130196e-14, 5.95030216353e-16, 2.25566594389e-16, 1.08232578275e-15, 6.37254597015e-16, 3.05945918268e-17, 4.96909645119e-18, 1.35251981426e-18, 6.43598732342e-20, 2.3169405698e-21], [2.84703081583e-19, 1.69079687673e-17, 2.73121108543e-17, 3.45224589655e-17, 1.90576890477e-14, 6.96800798484e-13, 4.52322505623e-13, 8.10938438152e-16, 5.56038886335e-15, 4.34515907955e-14, 8.01872962155e-16, 3.65309724745e-13, 8.71649079954e-15, -1.91359880958e-13, 8.05999367861e-15, 2.18032582548e-14, -3.60397584172e-13, -2.45760985347e-13, 3.57873198984e-15, -6.37496901378e-16, -8.55881985158e-15, -9.89805348008e-15, 2.76629148434e-17, -3.40793151503e-17, 2.61631954474e-18, -2.08106001765e-19, -2.80617549296e-21], [5.80874453673e-19, 2.73121108543e-17, 1.62739090197e-16, 1.37572960476e-16, 4.17266556323e-14, 1.46636717525e-12, 7.51277078742e-13, 1.77308358645e-15, 1.22126777346e-14, 1.48170795837e-14, 1.68380652557e-15, 3.66017058242e-13, 1.80261130323e-14, -1.17761096013e-12, 1.75700484706e-14, -1.13924820098e-13, -2.37918972718e-12, -1.30801446063e-12, -3.7023026619e-15, -6.8748480487e-15, -4.67179903975e-14, -4.99325414187e-14, -7.39679038607e-16, -2.35351413117e-16, -3.19829383844e-17, -2.08183265604e-18, -2.99812130008e-20], [5.95600357208e-18, 3.45224589655e-17, 1.37572960476e-16, 2.34413081665e-14, 2.67487095841e-13, 9.54681039084e-12, 1.38278390474e-11, 8.5866321784e-15, 4.66377526604e-14, 1.04642934942e-11, 8.75416428394e-15, 1.51242334628e-11, 1.22874448246e-13, 1.82083185335e-11, 7.80552380543e-14, 3.68555836891e-12, 3.325455189e-11, 1.77997633993e-11, 4.40556689437e-13, 1.86409440943e-13, 9.53870337751e-13, 6.2562276323e-13, 2.46414454325e-14, 4.04349007415e-15, 1.06468145118e-15, 5.06595946636e-17, 3.59479790198e-18], [6.2330920539e-16, 1.90576890477e-14, 4.17266556323e-14, 2.67487095841e-13, 3.85102540135e-11, 1.46641543353e-09, 1.19206922111e-09, 1.60045110845e-12, 1.08814623978e-11, 2.19654808231e-10, 1.662689951e-12, 1.1802289146e-09, 1.86037192595e-11, 3.76961406534e-10, 1.60616277223e-11, 1.95702329342e-10, 8.00392696565e-10, 2.61549865099e-10, 1.96559539478e-11, 4.81354843138e-12, 1.5480519644e-11, 7.97829770999e-12, 8.891866193e-13, 9.72276729613e-14, 4.17067537461e-14, 1.40155788925e-15, 4.28886629426e-17], [2.58136661867e-14, 6.96800798484e-13, 1.46636717525e-12, 9.54681039084e-12, 1.46641543353e-09, 6.23998843707e-08, 6.62705375021e-08, 6.13833012197e-11, 4.17176598821e-10, 1.23613723702e-08, 7.18632028884e-11, 7.86014808796e-08, 8.02140520673e-10, 6.60823928911e-08, 6.27677076981e-10, 1.92370563923e-08, 1.43104713857e-07, 6.11545942775e-08, 1.54757096027e-09, 5.48797340905e-10, 2.55375409708e-09, 2.20849050159e-09, 8.5234992675e-11, 1.48699316749e-11, 4.05862453021e-12, 1.64678234699e-13, 2.61780212206e-15], [2.6966069758e-14, 4.52322505623e-13, 7.51277078742e-13, 1.38278390474e-11, 1.19206922111e-09, 6.62705375021e-08, 1.12178767608e-07, 5.0015047659e-11, 3.32258442981e-10, 2.64369788283e-08, 7.6427177087e-11, 1.62651190294e-07, 9.03510044559e-10, 2.19985906824e-07, 5.31199195741e-10, 5.20677474469e-08, 4.70217742077e-07, 2.177148275e-07, 3.80744769046e-09, 1.6237140521e-09, 8.22374346399e-09, 8.00360222541e-09, 2.42924486082e-10, 4.75312463e-11, 1.14796557676e-11, 4.92306933067e-13, 6.63829038126e-15], [2.44637441935e-17, 8.10938438152e-16, 1.77308358645e-15, 8.5866321784e-15, 1.60045110845e-12, 6.13833012197e-11, 5.0015047659e-11, 6.75586973517e-14, 4.59702425865e-13, 8.49004807429e-12, 7.05207783445e-14, 5.07408490225e-11, 7.78877233976e-13, 1.71148199779e-11, 6.73635789077e-13, 9.04144467628e-12, 4.01029973118e-11, 1.28082067521e-11, 8.20947205615e-13, 1.90486203742e-13, 5.80859253925e-13, 4.06408576497e-13, 3.67501642724e-14, 4.32458346341e-15, 1.82754409919e-15, 5.59811618728e-17, 1.24029105068e-18], [1.64397832171e-16, 5.56038886335e-15, 1.22126777346e-14, 4.66377526604e-14, 1.08814623978e-11, 4.17176598821e-10, 3.32258442981e-10, 4.59702425865e-13, 3.14283668534e-12, 4.64991101179e-11, 4.81375681503e-13, 3.30665661519e-10, 5.28032955902e-12, 8.40813460523e-11, 4.59776314243e-12, 5.57880720786e-11, 2.1113351345e-10, 5.29052045228e-11, 5.01582716333e-12, 1.03104471575e-12, 2.61507135391e-12, 1.55352109215e-12, 2.11335235336e-13, 2.28449986657e-14, 1.06657228283e-14, 3.08355727003e-16, 4.62654276156e-18], [5.82091078694e-15, 4.34515907955e-14, 1.48170795837e-14, 1.04642934942e-11, 2.19654808231e-10, 1.23613723702e-08, 2.64369788283e-08, 8.49004807429e-12, 4.64991101179e-11, 1.52780508245e-08, 1.04394383763e-11, 4.21670129924e-08, 1.93096025281e-10, 7.09192349291e-08, 8.88434395496e-11, 1.42268810066e-08, 1.3842759472e-07, 7.22189668068e-08, 1.24491084108e-09, 5.70917646492e-10, 2.86073209566e-09, 2.61324495376e-09, 8.61056989598e-11, 1.50693520162e-11, 3.76458586526e-12, 1.6789166086e-13, 4.33842101716e-15], [2.89902849549e-17, 8.01872962155e-16, 1.68380652557e-15, 8.75416428394e-15, 1.662689951e-12, 7.18632028884e-11, 7.6427177087e-11, 7.05207783445e-14, 4.81375681503e-13, 1.04394383763e-11, 8.60193941901e-14, 9.0163487787e-11, 9.09835466516e-13, 6.81852768691e-11, 7.15429072321e-13, 2.20534771e-11, 1.5921038099e-10, 6.19031492732e-11, 1.60680637632e-12, 5.34632396947e-13, 2.50731054842e-12, 2.25979261345e-12, 8.12695519063e-14, 1.56261112448e-14, 4.16670541589e-15, 1.61847296853e-16, 1.79376163104e-18], [2.89782642869e-14, 3.65309724745e-13, 3.66017058242e-13, 1.51242334628e-11, 1.1802289146e-09, 7.86014808796e-08, 1.62651190294e-07, 5.07408490225e-11, 3.30665661519e-10, 4.21670129924e-08, 9.0163487787e-11, 2.56393462905e-07, 1.13584586181e-09, 3.8258076529e-07, 5.45458567203e-10, 8.82394957102e-08, 8.18703142613e-07, 3.85198035247e-07, 6.24246521141e-09, 2.73886380242e-09, 1.39438540714e-08, 1.42013885096e-08, 4.1642336801e-10, 8.22474380269e-11, 1.95893648525e-11, 8.38764062545e-13, 1.03246904231e-14], [3.2501149171e-16, 8.71649079954e-15, 1.80261130323e-14, 1.22874448246e-13, 1.86037192595e-11, 8.02140520673e-10, 9.03510044559e-10, 7.78877233976e-13, 5.28032955902e-12, 1.93096025281e-10, 9.09835466516e-13, 1.13584586181e-09, 1.05585245408e-11, 1.12826237242e-09, 7.97806352232e-12, 3.01374120104e-10, 2.38781416861e-09, 1.08135445043e-09, 2.39165770521e-11, 9.09585167602e-12, 4.25367831236e-11, 3.91900643881e-11, 1.42856180444e-12, 2.50146230769e-13, 6.65473874465e-14, 2.74278818617e-15, 3.8382437737e-17], [2.17097796988e-14, -1.91359880958e-13, -1.17761096013e-12, 1.82083185335e-11, 3.76961406534e-10, 6.60823928911e-08, 2.19985906824e-07, 1.71148199779e-11, 8.40813460523e-11, 7.09192349291e-08, 6.81852768691e-11, 3.8258076529e-07, 1.12826237242e-09, 6.64219953705e-07, 2.31914265569e-10, 1.43156654531e-07, 1.38992095344e-06, 6.78148296629e-07, 1.02560866466e-08, 4.73803885015e-09, 2.40814070906e-08, 2.4950463029e-08, 7.24788506989e-10, 1.40873382404e-10, 3.35238503624e-11, 1.44473051144e-12, 1.74920367362e-14], [2.56698258044e-16, 8.05999367861e-15, 1.75700484706e-14, 7.80552380543e-14, 1.60616277223e-11, 6.27677076981e-10, 5.31199195741e-10, 6.73635789077e-13, 4.59776314243e-12, 8.88434395496e-11, 7.15429072321e-13, 5.45458567203e-10, 7.97806352232e-12, 2.31914265569e-10, 6.80837200853e-12, 9.90983337057e-11, 4.96697072361e-10, 1.80427700558e-10, 9.33195708208e-12, 2.53036936022e-12, 9.1734753474e-12, 5.97866851512e-12, 4.43339023262e-13, 5.65479636044e-14, 2.09663541276e-14, 7.40896754348e-16, 1.3822518908e-17], [5.77823430244e-15, 2.18032582548e-14, -1.13924820098e-13, 3.68555836891e-12, 1.95702329342e-10, 1.92370563923e-08, 5.20677474469e-08, 9.04144467628e-12, 5.57880720786e-11, 1.42268810066e-08, 2.20534771e-11, 8.82394957102e-08, 3.01374120104e-10, 1.43156654531e-07, 9.90983337057e-11, 3.24048983202e-08, 3.07174161662e-07, 1.4597681286e-07, 2.22553131479e-09, 9.95330373676e-10, 5.07760766766e-09, 5.38952527052e-09, 1.53568241457e-10, 3.05507528997e-11, 7.24462156931e-12, 3.06798423472e-13, 3.41785269283e-15], [4.14399519203e-14, -3.60397584172e-13, -2.37918972718e-12, 3.325455189e-11, 8.00392696565e-10, 1.43104713857e-07, 4.70217742077e-07, 4.01029973118e-11, 2.1113351345e-10, 1.3842759472e-07, 1.5921038099e-10, 8.18703142613e-07, 2.38781416861e-09, 1.38992095344e-06, 4.96697072361e-10, 3.07174161662e-07, 2.95685822493e-06, 1.42012095239e-06, 2.12968647162e-08, 9.70940217115e-09, 4.96213097279e-08, 5.2388223537e-08, 1.48977252756e-09, 2.95508617576e-10, 6.98756191797e-11, 2.98033386165e-12, 3.38587868138e-14], [1.81174130196e-14, -2.45760985347e-13, -1.30801446063e-12, 1.77997633993e-11, 2.61549865099e-10, 6.11545942775e-08, 2.177148275e-07, 1.28082067521e-11, 5.29052045228e-11, 7.22189668068e-08, 6.19031492732e-11, 3.85198035247e-07, 1.08135445043e-09, 6.78148296629e-07, 1.80427700558e-10, 1.4597681286e-07, 1.42012095239e-06, 6.94689788361e-07, 1.04043209603e-08, 4.80848116879e-09, 2.4405528265e-08, 2.55609311495e-08, 7.40672856381e-10, 1.43649647733e-10, 3.42528956587e-11, 1.46939394246e-12, 1.77262599808e-14], [5.95030216353e-16, 3.57873198984e-15, -3.7023026619e-15, 4.40556689437e-13, 1.96559539478e-11, 1.54757096027e-09, 3.80744769046e-09, 8.20947205615e-13, 5.01582716333e-12, 1.24491084108e-09, 1.60680637632e-12, 6.24246521141e-09, 2.39165770521e-11, 1.02560866466e-08, 9.33195708208e-12, 2.22553131479e-09, 2.12968647162e-08, 1.04043209603e-08, 1.65448765799e-10, 7.49264678079e-11, 3.79401926542e-10, 3.81747938816e-10, 1.14575215635e-11, 2.17949204691e-12, 5.25921157752e-13, 2.27483403479e-14, 3.24536094469e-16], [2.25566594389e-16, -6.37496901378e-16, -6.8748480487e-15, 1.86409440943e-13, 4.81354843138e-12, 5.48797340905e-10, 1.6237140521e-09, 1.90486203742e-13, 1.03104471575e-12, 5.70917646492e-10, 5.34632396947e-13, 2.73886380242e-09, 9.09585167602e-12, 4.73803885015e-09, 2.53036936022e-12, 9.95330373676e-10, 9.70940217115e-09, 4.80848116879e-09, 7.49264678079e-11, 3.50546640326e-11, 1.77293402182e-10, 1.7629676885e-10, 5.28305567696e-12, 1.00570680256e-12, 2.40406246342e-13, 1.05645938707e-14, 1.42139579792e-16], [1.08232578275e-15, -8.55881985158e-15, -4.67179903975e-14, 9.53870337751e-13, 1.5480519644e-11, 2.55375409708e-09, 8.22374346399e-09, 5.80859253925e-13, 2.61507135391e-12, 2.86073209566e-09, 2.50731054842e-12, 1.39438540714e-08, 4.25367831236e-11, 2.40814070906e-08, 9.1734753474e-12, 5.07760766766e-09, 4.96213097279e-08, 2.4405528265e-08, 3.79401926542e-10, 1.77293402182e-10, 9.07212416301e-10, 8.96569207764e-10, 2.65490216617e-11, 5.11936283296e-12, 1.21009072988e-12, 5.35912561886e-14, 7.58939191399e-16], [6.37254597015e-16, -9.89805348008e-15, -4.99325414187e-14, 6.2562276323e-13, 7.97829770999e-12, 2.20849050159e-09, 8.00360222541e-09, 4.06408576497e-13, 1.55352109215e-12, 2.61324495376e-09, 2.25979261345e-12, 1.42013885096e-08, 3.91900643881e-11, 2.4950463029e-08, 5.97866851512e-12, 5.38952527052e-09, 5.2388223537e-08, 2.55609311495e-08, 3.81747938816e-10, 1.7629676885e-10, 8.96569207764e-10, 9.41223765594e-10, 2.7155637114e-11, 5.28962334004e-12, 1.25743393562e-12, 5.39711504655e-14, 6.42717906586e-16], [3.05945918268e-17, 2.76629148434e-17, -7.39679038607e-16, 2.46414454325e-14, 8.891866193e-13, 8.5234992675e-11, 2.42924486082e-10, 3.67501642724e-14, 2.11335235336e-13, 8.61056989598e-11, 8.12695519063e-14, 4.1642336801e-10, 1.42856180444e-12, 7.24788506989e-10, 4.43339023262e-13, 1.53568241457e-10, 1.48977252756e-09, 7.40672856381e-10, 1.14575215635e-11, 5.28305567696e-12, 2.65490216617e-11, 2.7155637114e-11, 8.18056288942e-13, 1.53390592329e-13, 3.71556524968e-14, 1.60719832472e-15, 2.15767531612e-17], [4.96909645119e-18, -3.40793151503e-17, -2.35351413117e-16, 4.04349007415e-15, 9.72276729613e-14, 1.48699316749e-11, 4.75312463e-11, 4.32458346341e-15, 2.28449986657e-14, 1.50693520162e-11, 1.56261112448e-14, 8.22474380269e-11, 2.50146230769e-13, 1.40873382404e-10, 5.65479636044e-14, 3.05507528997e-11, 2.95508617576e-10, 1.43649647733e-10, 2.17949204691e-12, 1.00570680256e-12, 5.11936283296e-12, 5.28962334004e-12, 1.53390592329e-13, 2.9966460357e-14, 7.0973060057e-15, 3.06999521375e-16, 3.68050498038e-18], [1.35251981426e-18, 2.61631954474e-18, -3.19829383844e-17, 1.06468145118e-15, 4.17067537461e-14, 4.05862453021e-12, 1.14796557676e-11, 1.82754409919e-15, 1.06657228283e-14, 3.76458586526e-12, 4.16670541589e-15, 1.95893648525e-11, 6.65473874465e-14, 3.35238503624e-11, 2.09663541276e-14, 7.24462156931e-12, 6.98756191797e-11, 3.42528956587e-11, 5.25921157752e-13, 2.40406246342e-13, 1.21009072988e-12, 1.25743393562e-12, 3.71556524968e-14, 7.0973060057e-15, 1.71534876198e-15, 7.3191130973e-17, 9.14238270097e-19], [6.43598732342e-20, -2.08106001765e-19, -2.08183265604e-18, 5.06595946636e-17, 1.40155788925e-15, 1.64678234699e-13, 4.92306933067e-13, 5.59811618728e-17, 3.08355727003e-16, 1.6789166086e-13, 1.61847296853e-16, 8.38764062545e-13, 2.74278818617e-15, 1.44473051144e-12, 7.40896754348e-16, 3.06798423472e-13, 2.98033386165e-12, 1.46939394246e-12, 2.27483403479e-14, 1.05645938707e-14, 5.35912561886e-14, 5.39711504655e-14, 1.60719832472e-15, 3.06999521375e-16, 7.3191130973e-17, 3.20879696426e-18, 4.26933408104e-20], [2.3169405698e-21, -2.80617549296e-21, -2.99812130008e-20, 3.59479790198e-18, 4.28886629426e-17, 2.61780212206e-15, 6.63829038126e-15, 1.24029105068e-18, 4.62654276156e-18, 4.33842101716e-15, 1.79376163104e-18, 1.03246904231e-14, 3.8382437737e-17, 1.74920367362e-14, 1.3822518908e-17, 3.41785269283e-15, 3.38587868138e-14, 1.77262599808e-14, 3.24536094469e-16, 1.42139579792e-16, 7.58939191399e-16, 6.42717906586e-16, 2.15767531612e-17, 3.68050498038e-18, 9.14238270097e-19, 4.26933408104e-20, 1.82016448979e-21]]
    },
    "mfcc": {
        "kurt": [8.7294178009, 9.50064086914, 9.96409225464, -0.138909578323, 8.85966396332, 8.23590087891, 8.52799892426, 4.49971914291, 4.81952190399, 5.97724437714, 6.0401506424, 2.50968599319, 9.29078006744],
        "max": [-735.897460938, 125.736091614, 38.5692481995, 16.4232215881, 10.5831756592, 8.20833587646, 5.66817092896, 3.32508087158, 2.1410484314, 1.3766784668, 0.658924102783, 5.01984405518, 7.82740783691],
        "mean": [-1101.43383789, 15.8399963379, -1.95142841339, 6.63740205765, 1.99634718895, 0.761351287365, -3.64571928978, -2.8154976368, -3.62431907654, -7.31138372421, -4.33835220337, -3.12589740753, -3.43208885193],
        "median": [-1131.203125, 9.94233322144, 7.18960571289, 7.09859085083, 4.76071166992, 2.80858612061, 1.40610122681, 0.334190368652, -0.665870666504, -1.952293396, -2.88019943237, -2.97972869873, -3.04633331299],
        "min": [-1138.42004395, 1.14440917969e-05, -157.307052612, -2.34293365479, -46.4703979492, -32.5884361267, -69.0454559326, -35.3336029053, -34.6468276978, -65.1225662231, -28.1508083344, -12.9408950806, -24.3389549255],
        "skew": [3.19343090057, 3.05378913879, -3.34139657021, 0.0174286104739, -2.92593455315, -2.81920385361, -3.04900050163, -2.30567479134, -2.32385492325, -2.66525387764, -2.35561609268, -0.438361108303, -1.96392989159],
        "var": [9076.41992188, 474.067077637, 1422.31555176, 11.9977893829, 88.1848526001, 56.52866745, 237.86416626, 67.9981918335, 53.1139297485, 222.52104187, 27.4259262085, 7.3078584671, 15.4066314697],
        "cov": [[9165.40429688, 1283.7635498, -3481.39453125, 39.0583648682, -770.555236816, -369.413421631, -1413.54748535, -672.766601562, -525.026367188, -1377.10986328, -302.304748535, -7.04309368134, -49.6320610046], [1283.7635498, 478.714813232, -330.325256348, 8.20887947083, -142.56048584, -145.439178467, -203.482437134, -150.714309692, -136.346542358, -236.888626099, -100.858032227, -24.9118213654, -31.4634609222], [-3481.39453125, -330.325256348, 1436.25976562, 0.0136897237971, 285.309326172, 93.6979522705, 521.915771484, 221.387237549, 156.48600769, 488.290466309, 76.2984848022, -11.9059400558, 7.77205181122], [39.0583648682, 8.20887947083, 0.0136897237971, 12.1154146194, 4.24663305283, 3.71693778038, -4.06291246414, -1.67619395256, -3.55746483803, -8.52771759033, -4.28052330017, -2.91075444221, -3.98494338989], [-770.555236816, -142.56048584, 285.309326172, 4.24663305283, 89.0494155884, 54.2408599854, 113.360458374, 65.0393371582, 50.7974433899, 118.821258545, 30.7489128113, 2.54655909538, 11.198050499], [-369.413421631, -145.439178467, 93.6979522705, 3.71693778038, 54.2408599854, 57.0828704834, 63.0657157898, 50.4987106323, 44.7348594666, 73.0863342285, 32.1145896912, 5.96623802185, 9.76884078979], [-1413.54748535, -203.482437134, 521.915771484, -4.06291246414, 113.360458374, 63.0657157898, 240.196166992, 114.427497864, 94.1166992188, 224.955444336, 51.7059288025, -2.55734610558, -3.80148530006], [-672.766601562, -150.714309692, 221.387237549, -1.67619395256, 65.0393371582, 50.4987106323, 114.427497864, 68.6648406982, 57.3362236023, 115.372550964, 37.0609855652, 4.04315328598, 4.97919845581], [-525.026367188, -136.346542358, 156.48600769, -3.55746483803, 50.7974433899, 44.7348594666, 94.1166992188, 57.3362236023, 53.6346549988, 98.1704940796, 33.7438659668, 4.06723737717, 3.49925112724], [-1377.10986328, -236.888626099, 488.290466309, -8.52771759033, 118.821258545, 73.0863342285, 224.955444336, 115.372550964, 98.1704940796, 224.70262146, 58.8540992737, 3.34921741486, 7.31800794601], [-302.304748535, -100.858032227, 76.2984848022, -4.28052330017, 30.7489128113, 32.1145896912, 51.7059288025, 37.0609855652, 33.7438659668, 58.8540992737, 27.6948070526, 7.89596509933, 8.85142803192], [-7.04309368134, -24.9118213654, -11.9059400558, -2.91075444221, 2.54655909538, 5.96623802185, -2.55734610558, 4.04315328598, 4.06723737717, 3.34921741486, 7.89596509933, 7.3795042038, 8.90984153748], [-49.6320610046, -31.4634609222, 7.77205181122, -3.98494338989, 11.198050499, 9.76884078979, -3.80148530006, 4.97919845581, 3.49925112724, 7.31800794601, 8.85142803192, 8.90984153748, 15.557677269]]
    },
    "sccoeffs": {
        "kurt": [1.72289323807, 4.7816491127, 6.34971523285, 10.371348381, 10.9869174957, 12.0413274765],
        "max": [-0.564153850079, -0.368590146303, -0.503421425819, -0.361981034279, -0.477643877268, -0.572031319141],
        "mean": [-0.805975139141, -0.847214281559, -0.87552344799, -0.869324982166, -0.878680348396, -0.864886283875],
        "median": [-0.827079951763, -0.895844399929, -0.905794084072, -0.903559148312, -0.903372585773, -0.881334960461],
        "min": [-0.981866240501, -0.944668114185, -0.983170151711, -0.931599199772, -0.976545929909, -0.920700550079],
        "skew": [1.3499007225, 2.41362929344, 2.75350594521, 3.35312461853, 3.44371843338, 3.58497238159],
        "var": [0.00545956939459, 0.0183051284403, 0.0100536905229, 0.0134398182854, 0.00818762183189, 0.0038910205476],
        "cov": [[0.00551309483126, 0.0081530790776, 0.00568981608376, 0.00604683673009, 0.00454051513225, 0.00292724440806], [0.0081530790776, 0.0184845905751, 0.0126253813505, 0.0147069683298, 0.0112500861287, 0.00758174015209], [0.00568981608376, 0.0126253813505, 0.0101522561163, 0.0108694303781, 0.0084306076169, 0.00573824066669], [0.00604683673009, 0.0147069683298, 0.0108694303781, 0.0135715818033, 0.0104574635625, 0.00718195084482], [0.00454051513225, 0.0112500861287, 0.0084306076169, 0.0104574635625, 0.0082678925246, 0.00562072498724], [0.00292724440806, 0.00758174015209, 0.00573824066669, 0.00718195084482, 0.00562072498724, 0.00392916752025]]
    },
    "scvalleys": {
        "kurt": [21.6629219055, 17.2714385986, 9.75476932526, 13.6916275024, 12.5405111313, 30.2534942627],
        "max": [-9.61610889435, -7.51415109634, -8.06306934357, -8.02118492126, -8.30365753174, -10.8021869659],
        "mean": [-11.4052677155, -11.2472467422, -11.6245508194, -11.8414564133, -11.5712127686, -13.2595701218],
        "median": [-11.3572044373, -11.3721237183, -11.7215881348, -12.0160913467, -11.7204284668, -13.32284832],
        "min": [-15.5582017899, -17.1069126129, -16.0271949768, -17.6992855072, -16.6118736267, -18.5515289307],
        "skew": [-3.18925905228, -1.10944056511, 0.514487326145, -0.025749148801, 0.209356889129, -2.87046599388],
        "var": [0.354420214891, 0.848804950714, 0.737300038338, 1.02968239784, 0.81058293581, 0.50401955843],
        "cov": [[0.357894927263, 0.380008727312, 0.319911330938, 0.392548471689, 0.338802218437, 0.307270973921], [0.380008727312, 0.85712659359, 0.723497748375, 0.868665754795, 0.756648719311, 0.601740717888], [0.319911330938, 0.723497748375, 0.744528472424, 0.828295469284, 0.733646035194, 0.556295216084], [0.392548471689, 0.868665754795, 0.828295469284, 1.03977739811, 0.900579988956, 0.693117618561], [0.338802218437, 0.756648719311, 0.733646035194, 0.900579988956, 0.818529844284, 0.616431474686], [0.307270973921, 0.601740717888, 0.556295216084, 0.693117618561, 0.616431474686, 0.508960962296]]
    }
},
"rhythm": {
    "beats_loudness": {
        "kurt": -1.50000023842,
        "max": 0.00343341683038,
        "mean": 0.00114455202129,
        "median": 1.35497757014e-07,
        "min": 1.03714931754e-07,
        "skew": 0.70710670948,
        "var": 2.61945137936e-06
    },
    "bpm": 103.359375,
    "confidence": 0,
    "first_peak_bpm": {
        "kurt": 0,
        "max": 103,
        "mean": 103,
        "median": 103,
        "min": 103,
        "skew": 0,
        "var": 0
    },
    "first_peak_spread": {
        "kurt": 0,
        "max": 0,
        "mean": 0,
        "median": 0,
        "min": 0,
        "skew": 0,
        "var": 0
    },
    "first_peak_weight": {
        "kurt": 0,
        "max": 1,
        "mean": 1,
        "median": 1,
        "min": 1,
        "skew": 0,
        "var": 0
    },
    "onset_rate": 0.426140457392,
    "second_peak_bpm": {
        "kurt": 0,
        "max": 0,
        "mean": 0,
        "median": 0,
        "min": 0,
        "skew": 0,
        "var": 0
    },
    "second_peak_spread": {
        "kurt": 0,
        "max": 0,
        "mean": 0,
        "median": 0,
        "min": 0,
        "skew": 0,
        "var": 0
    },
    "second_peak_weight": {
        "kurt": 0,
        "max": 0,
        "mean": 0,
        "median": 0,
        "min": 0,
        "skew": 0,
        "var": 0
    },
    "beats_loudness_band_ratio": {
        "kurt": [-1.5, -1.50000071526, -1.49999988079, -1.49999988079, -1.49999988079, -1.5],
        "max": [0.413029372692, 0.182066634297, 0.264390558004, 0.360304117203, 0.395775616169, 0.33769634366],
        "mean": [0.226927801967, 0.147316023707, 0.147008404136, 0.156726107001, 0.226148203015, 0.186440601945],
        "median": [0.266852170229, 0.138797610998, 0.13334697485, 0.0584198608994, 0.147233828902, 0.19120670855],
        "min": [0.000901850464288, 0.121083796024, 0.043287679553, 0.0514543503523, 0.135435193777, 0.0304187498987],
        "skew": [-0.338214039803, 0.462061911821, 0.222325280309, 0.705865800381, 0.701987087727, -0.0569147989154],
        "var": [0.029105162248, 0.000656099349726, 0.00824106391519, 0.0207300893962, 0.0144099295139, 0.0157479438931],
        "cov": [[0.0436577424407, 0.00602810736746, -0.0231897123158, -0.03476498276, -0.0283239725977, 0.0210953783244], [0.00602810736746, 0.000984149053693, -0.00328359007835, -0.00408057495952, -0.00320964842103, 0.00148498336785], [-0.0231897123158, -0.00328359007835, 0.0123615963385, 0.0180791467428, 0.0146677792072, -0.0104374475777], [-0.03476498276, -0.00408057495952, 0.0180791467428, 0.0310951340944, 0.0258787609637, -0.0235668700188], [-0.0283239725977, -0.00320964842103, 0.0146677792072, 0.0258787609637, 0.0216148942709, -0.0202812794596], [0.0210953783244, 0.00148498336785, -0.0104374475777, -0.0235668700188, -0.0202812794596, 0.0236219167709]]
    },
    "beats_position": [0.53405892849, 1.11455774307, 1.69505667686],
    "bpm_estimates": [103.359382629, 103.359359741],
    "bpm_intervals": [0.580498814583, 0.580498933792],
    "onset_times": [0.406349211931],
    "histogram": [[0, 0, 0, 0, 0, 0, 0, 0, 0, 0, 0, 0, 0, 0, 0, 0, 0, 0, 0, 0, 0, 0, 0, 0, 0, 0, 0, 0, 0, 0, 0, 0, 0, 0, 0, 0, 0, 0, 0, 0, 0, 0, 0, 0, 0, 0, 0, 0, 0, 0, 0, 0, 0, 0, 0, 0, 0, 0, 0, 0, 0, 0, 0, 0, 0, 0, 0, 0, 0, 0, 0, 0, 0, 0, 0, 0, 0, 0, 0, 0, 0, 0, 0, 0, 0, 0, 0, 0, 0, 0, 0, 0, 0, 0, 0, 0, 0, 0, 0, 0, 0, 0, 0, 1, 0, 0, 0, 0, 0, 0, 0, 0, 0, 0, 0, 0, 0, 0, 0, 0, 0, 0, 0, 0, 0, 0, 0, 0, 0, 0, 0, 0, 0, 0, 0, 0, 0, 0, 0, 0, 0, 0, 0, 0, 0, 0, 0, 0, 0, 0, 0, 0, 0, 0, 0, 0, 0, 0, 0, 0, 0, 0, 0, 0, 0, 0, 0, 0, 0, 0, 0, 0, 0, 0, 0, 0, 0, 0, 0, 0, 0, 0, 0, 0, 0, 0, 0, 0, 0, 0, 0, 0, 0, 0, 0, 0, 0, 0, 0, 0, 0, 0, 0, 0, 0, 0, 0, 0, 0, 0, 0, 0, 0, 0, 0, 0, 0, 0, 0, 0, 0, 0, 0, 0, 0, 0, 0, 0, 0, 0, 0, 0, 0, 0, 0, 0, 0, 0, 0, 0, 0, 0, 0, 0, 0, 0, 0, 0, 0, 0]]
},
"sfx": {
    "inharmonicity": {
        "kurt": 4.33873796463,
        "max": 0.311652600765,
        "mean": 0.0329133085907,
        "median": 0,
        "min": 0,
        "skew": 2.14536738396,
        "var": 0.00408884789795
    },
    "oddtoevenharmonicenergyratio": {
        "kurt": 6.60395336151,
        "max": 3.9190955162,
        "mean": 0.369191080332,
        "median": 0,
        "min": 0,
        "skew": 2.46839761734,
        "var": 0.529795527458
    },
    "pitch_after_max_to_before_max_energy_ratio": 0.277168422937,
    "pitch_centroid": 56.89793396,
    "pitch_max_to_total": 0.834951460361,
    "pitch_min_to_total": 0.359223306179,
    "tristimulus": {
        "kurt": [-1.15639293194, 0.171869754791, -0.317841053009],
        "max": [1, 0.548766851425, 0.770629763603],
        "mean": [0.742160439491, 0.0962371528149, 0.161602422595],
        "median": [1, 0, 0],
        "min": [0, 0, 0],
        "skew": [-0.863450288773, 1.25253498554, 1.1567363739],
        "var": [0.146165028214, 0.0232411772013, 0.0648775696754],
        "cov": [[0.147598013282, -0.0527765750885, -0.0948212742805], [-0.0527765750885, 0.0234690327197, 0.0293075758964], [-0.0948212742805, 0.0293075758964, 0.065513625741]]
    }
},
"tonal": {
    "chords_changes_rate": 0.0192307699472,
    "chords_number_rate": 0.0384615398943,
    "chords_strength": {
        "kurt": -0.814605712891,
        "max": 0.657965123653,
        "mean": 0.552592337132,
        "median": 0.568743824959,
        "min": 0.414287507534,
        "skew": -0.535574197769,
        "var": 0.0041059483774
    },
    "key_strength": 0.648583590984,
    "tuning_diatonic_strength": 0.569949150085,
    "tuning_equal_tempered_deviation": 0.217418923974,
    "tuning_frequency": 433.942382812,
    "tuning_nontempered_energy_ratio": 0.872216105461,
    "hpcp": {
        "kurt": [4.29520273209, 1.70845127106, 0.97005200386, 1.93227052689, 0.641638278961, 2.90442705154, 0.738354206085, 0.64914560318, 1.34288978577, 1.46957206726, 0.734672784805, 0.345235109329, 0.965625047684, 1.58836841583, 3.39019298553, 2.35749053955, 2.17518091202, 2.96835041046, 1.24840736389, 1.05939722061, 2.18574237823, 2.76256847382, 6.41150474548, 3.44091939926, 2.21071815491, 7.36494064331, -0.126893997192, 3.2791891098, 1.87782621384, 0.549698591232, -0.195754528046, 0.140678167343, 0.379133939743, 0.431788682938, 1.75275707245, 2.60294532776],
        "max": [1, 0.90908396244, 1, 1, 0.817789554596, 1, 1, 1, 1, 1, 1, 1, 1, 0.9265422225, 0.922312140465, 0.812655627728, 0.922019839287, 1, 1, 1, 1, 1, 1, 0.834726989269, 0.75133138895, 1, 0.613286197186, 1, 1, 1, 1, 1, 1, 1, 1, 0.994703769684],
        "mean": [0.220346987247, 0.221444383264, 0.262814253569, 0.265719711781, 0.240993440151, 0.266463249922, 0.300437271595, 0.295665085316, 0.287491261959, 0.30011510849, 0.31775444746, 0.331127107143, 0.305952906609, 0.251085549593, 0.202602222562, 0.198209837079, 0.218125194311, 0.259977966547, 0.302321642637, 0.283158481121, 0.227407082915, 0.18593993783, 0.167028054595, 0.169300287962, 0.17138209939, 0.189934626222, 0.209620475769, 0.224713623524, 0.253144055605, 0.300130397081, 0.332411557436, 0.306922197342, 0.323201388121, 0.358647614717, 0.306370019913, 0.240849494934],
        "median": [0.184083074331, 0.179850324988, 0.182987943292, 0.191059052944, 0.192073315382, 0.208835527301, 0.232431814075, 0.22326259315, 0.237526863813, 0.235398560762, 0.270603358746, 0.246762216091, 0.239771813154, 0.215725824237, 0.15503975749, 0.16450420022, 0.175609320402, 0.219913601875, 0.190989911556, 0.176052734256, 0.126935124397, 0.0901856124401, 0.109928771853, 0.10885079205, 0.109721139073, 0.160027861595, 0.20031401515, 0.172605127096, 0.182593166828, 0.259939491749, 0.249067649245, 0.226785153151, 0.248052716255, 0.274376600981, 0.23502188921, 0.199293494225],
        "min": [0, 0, 0, 0, 0, 0, 0, 0, 0, 0, 0.00269475439563, 6.88322033966e-05, 0.000675317423884, 0.00118676933926, 0, 0, 0, 0, 0, 0, 0, 0, 4.20666037826e-05, 5.91899406572e-05, 6.65994521114e-05, 0.00310819316655, 0, 0, 0, 0, 0, 0, 0, 0, 0, 0],
