{
"metadata": {
    "version": {
        "essentia": "2.1-beta3"
    }
},
"lowLevel": {
    "average_loudness": 0.166651561856,
    "barkbands_kurtosis": {
        "kurt": 19.4603404999,
        "max": 37.3078613281,
        "mean": 0.742788612843,
        "median": -0.903051376343,
        "min": -1.81837809086,
        "skew": 4.1126947403,
        "var": 23.7627506256
    },
    "barkbands_skewness": {
        "kurt": 2.49246072769,
        "max": 5.5604724884,
        "mean": 0.793531894684,
        "median": 0.610278606415,
        "min": -1.78024530411,
        "skew": 1.30563104153,
        "var": 1.32259142399
    },
    "barkbands_spread": {
        "kurt": 0.151439666748,
        "max": 58.7355384827,
        "mean": 32.6006698608,
        "median": 33.7943572998,
        "min": 4.05819177628,
        "skew": -0.545589566231,
        "var": 99.8841247559
    },
    "dissonance": {
        "kurt": 2.48271036148,
        "max": 0.500000059605,
        "mean": 0.485821485519,
        "median": 0.487919300795,
        "min": 0.435604959726,
        "skew": -1.30468463898,
        "var": 8.77928250702e-05
    },
    "hfc": {
        "kurt": 1.08123350143,
        "max": 4.17390537262,
        "mean": 0.787411510944,
        "median": 0.526441633701,
        "min": 6.61455305817e-06,
        "skew": 1.21345925331,
        "var": 0.619054555893
    },
    "pitch": {
        "kurt": -1.10417807102,
        "max": 4083.58056641,
        "mean": 1203.83862305,
        "median": 244.269393921,
        "min": 68.6519012451,
        "skew": 0.918442368507,
        "var": 2387754.25
    },
    "pitch_instantaneous_confidence": {
        "kurt": 1.37674188614,
        "max": 0.671544313431,
        "mean": 0.253144741058,
        "median": 0.231987118721,
        "min": 0.106544494629,
        "skew": 1.14102387428,
        "var": 0.00870278850198
    },
    "pitch_salience": {
        "kurt": 2.29731941223,
        "max": 0.850080907345,
        "mean": 0.675271213055,
        "median": 0.703111767769,
        "min": 0.174032852054,
        "skew": -1.40367412567,
        "var": 0.0107449656352
    },
    "silence_rate_20dB": {
        "kurt": 0,
        "max": 1,
        "mean": 1,
        "median": 1,
        "min": 1,
        "skew": 0,
        "var": 0
    },
    "silence_rate_30dB": {
        "kurt": 0,
        "max": 1,
        "mean": 1,
        "median": 1,
        "min": 1,
        "skew": 0,
        "var": 0
    },
    "silence_rate_60dB": {
        "kurt": 16.9939041138,
        "max": 1,
        "mean": 0.954432487488,
        "median": 1,
        "min": 0,
        "skew": -4.35819721222,
        "var": 0.043490126729
    },
    "spectral_centroid": {
        "kurt": -0.260437250137,
        "max": 3054.97924805,
        "mean": 1144.27893066,
        "median": 1064.87231445,
        "min": 158.434799194,
        "skew": 0.522245943546,
        "var": 329349.375
    },
    "spectral_complexity": {
        "kurt": 1.71769094467,
        "max": 9,
        "mean": 1.47555923462,
        "median": 1,
        "min": 0,
        "skew": 1.36182177067,
        "var": 2.92710661888
    },
    "spectral_crest": {
        "kurt": 1.13928079605,
        "max": 21.73670578,
        "mean": 6.98060321808,
        "median": 6.10338401794,
        "min": 2.45157766342,
        "skew": 1.17751729488,
        "var": 10.5583143234
    },
    "spectral_decrease": {
        "kurt": 16.7252521515,
        "max": -1.33889439181e-15,
        "mean": -1.89418689067e-10,
        "median": -9.71756355939e-11,
        "min": -2.59646903977e-09,
        "skew": -3.56103825569,
        "var": 7.6772616592e-20
    },
    "spectral_energy": {
        "kurt": 15.6675605774,
        "max": 0.0101520251483,
        "mean": 0.000786330667324,
        "median": 0.000415481423261,
        "min": 5.65325342095e-09,
        "skew": 3.40125513077,
        "var": 1.18735761134e-06
    },
    "spectral_energyband_high": {
        "kurt": 4.53834915161,
        "max": 0.000284683075733,
        "mean": 3.437941632e-05,
        "median": 1.64707435033e-05,
        "min": 2.74178207915e-10,
        "skew": 1.96423757076,
        "var": 1.91082927259e-09
    },
    "spectral_energyband_low": {
        "kurt": 22.8419189453,
        "max": 0.0084605962038,
        "mean": 0.000327435845975,
        "median": 6.87799038133e-05,
        "min": 1.67573788179e-09,
        "skew": 4.31682443619,
        "var": 6.56118288589e-07
    },
    "spectral_energyband_middle_high": {
        "kurt": 1.15997505188,
        "max": 0.00113157252781,
        "mean": 0.000222055750783,
        "median": 0.000151572850882,
        "min": 1.89812077167e-09,
        "skew": 1.1661850214,
        "var": 4.42848531179e-08
    },
    "spectral_energyband_middle_low": {
        "kurt": 11.4068975449,
        "max": 0.00303215719759,
        "mean": 0.000243468632107,
        "median": 0.000132143162773,
        "min": 2.02456851284e-09,
        "skew": 2.73228907585,
        "var": 9.19617946238e-08
    },
    "spectral_flatness_db": {
        "kurt": 2.62183046341,
        "max": 0.274289190769,
        "mean": 0.129463732243,
        "median": 0.124996729195,
        "min": 0.05933675915,
        "skew": 1.20549583435,
        "var": 0.00103944959119
    },
    "spectral_flux": {
        "kurt": 0.108448982239,
        "max": 0.0471778102219,
        "mean": 0.0141773242503,
        "median": 0.0134297376499,
        "min": 7.91961647337e-05,
        "skew": 0.473209172487,
        "var": 7.09914820618e-05
    },
    "spectral_kurtosis": {
        "kurt": 0.375471591949,
        "max": 11.6607675552,
        "mean": 5.46409749985,
        "median": 5.45715045929,
        "min": 1.15469169617,
        "skew": 0.216402575374,
        "var": 2.90443468094
    },
    "spectral_rms": {
        "kurt": 2.23105096817,
        "max": 0.00314712803811,
        "mean": 0.00072878645733,
        "median": 0.000636669225059,
        "min": 2.34848221226e-06,
        "skew": 1.17578220367,
        "var": 2.36020895272e-07
    },
    "spectral_rolloff": {
        "kurt": -0.860735177994,
        "max": 4263.57421875,
        "mean": 2390.45019531,
        "median": 2540.91796875,
        "min": 129.19921875,
        "skew": -0.480835139751,
        "var": 1290844.625
    },
    "spectral_skewness": {
        "kurt": -0.189234733582,
        "max": 2.74083948135,
        "mean": 1.75160741806,
        "median": 1.78089725971,
        "min": 0.981080591679,
        "skew": -0.00406967150047,
        "var": 0.0935095474124
    },
    "spectral_spread": {
        "kurt": 9.5293006897,
        "max": 16448546,
        "mean": 4519436.5,
        "median": 4143105.5,
        "min": 2710841,
        "skew": 1.70098400116,
        "var": 1.28845453722e+12
    },
    "spectral_strongpeak": {
        "kurt": 46.2110061646,
        "max": 1.54709768295,
        "mean": 0.0742507129908,
        "median": 0.0370607152581,
        "min": 5.16865002282e-05,
        "skew": 5.81293392181,
        "var": 0.0176062174141
    },
    "zerocrossingrate": {
        "kurt": -0.53841137886,
        "max": 0.142578125,
        "mean": 0.0728513970971,
        "median": 0.07080078125,
        "min": 0.00390625,
        "skew": 0.140338495374,
        "var": 0.000710156746209
    },
    "barkbands": {
        "kurt": [35.7221069336, 27.2411842346, 29.9172286987, 27.9431838989, 12.4387378693, 24.0329093933, 37.2748985291, 29.8237838745, 28.5645923615, 30.7819671631, 11.6457042694, 61.6156845093, 13.0292682648, 20.7123756409, 10.9985952377, 4.85738229752, 21.487197876, 11.1158037186, 6.67433547974, 6.65728855133, 4.66071748734, 10.3757486343, 46.1596488953, 10.6172056198, 7.77196407318, 22.3030052185, 13.9513397217],
        "max": [3.31761366397e-05, 0.00356552773155, 0.00447283918038, 0.00160794961266, 0.00117429578677, 0.00045296450844, 0.000336096127285, 0.000394419068471, 0.000371725443983, 0.000379350269213, 0.000160619485541, 0.000281347660348, 0.000157205111464, 0.000170886676642, 0.000162642783835, 0.000119890391943, 0.000312074902467, 0.00029915216146, 0.000409140513511, 0.000404013728257, 9.29467641981e-05, 2.4378661692e-05, 3.33447133016e-05, 5.61284377909e-06, 4.92322578793e-06, 2.91489527626e-07, 5.75079805998e-09],
        "mean": [1.34411436647e-06, 0.000122909463244, 0.000165912890225, 6.40686994302e-05, 9.481410234e-05, 2.82033397525e-05, 1.690749923e-05, 1.6620308088e-05, 1.78854897968e-05, 1.83043812285e-05, 1.31064416564e-05, 1.35739655889e-05, 1.42149901876e-05, 1.34572810566e-05, 1.67800917552e-05, 1.70311686816e-05, 2.01610928343e-05, 2.93161701848e-05, 4.56306916021e-05, 4.08888954553e-05, 1.1380977412e-05, 1.89758634406e-06, 1.04729099348e-06, 4.52529064887e-07, 4.06000935982e-07, 1.51940184878e-08, 3.60656560172e-10],
        "median": [5.02884461184e-07, 2.33577375184e-05, 2.4953042157e-05, 1.73714506673e-05, 5.13191553182e-05, 1.30353973873e-05, 8.64664980327e-06, 5.29015733264e-06, 5.67364031667e-06, 6.74412513035e-06, 6.42190525468e-06, 9.0133962658e-06, 1.08418416858e-05, 1.03123556983e-05, 1.14765789476e-05, 1.02787616925e-05, 1.19740006994e-05, 1.49310289999e-05, 2.39625078393e-05, 2.10665948543e-05, 5.47213039681e-06, 4.55566947721e-07, 1.42881333431e-07, 7.63185212804e-08, 4.80623718602e-08, 1.65176194944e-09, 4.10756012537e-11],
        "min": [3.60132214848e-12, 5.83545989308e-10, 6.32210062079e-10, 2.27830282418e-10, 1.909706282e-10, 6.66037058838e-10, 2.55721055442e-10, 1.44371625765e-10, 1.1698278457e-10, 1.40434511242e-10, 5.33488808685e-11, 9.76749445214e-11, 1.81388903897e-10, 1.45757572678e-10, 1.01279776232e-10, 3.78582498683e-10, 1.70705533042e-10, 1.42689637883e-10, 4.02038874414e-10, 1.30881805394e-10, 7.48367479098e-11, 3.60129322197e-11, 3.01040928297e-11, 1.57299208381e-11, 1.46367969828e-11, 2.17770376384e-12, 5.0058549428e-14],
        "skew": [5.12398004532, 4.68420553207, 5.05513477325, 4.63669300079, 2.9028608799, 3.68092155457, 4.95849609375, 4.45656108856, 4.34474563599, 4.41869974136, 2.82400918007, 5.53319215775, 2.49408507347, 3.17800021172, 2.57900667191, 2.04854750633, 3.08620524406, 2.68601679802, 2.23485374451, 2.23423266411, 2.03263092041, 3.05262899399, 5.1324634552, 3.10482048988, 2.62854933739, 3.89933133125, 3.38991355896],
        "var": [7.32131022474e-12, 1.01060450675e-07, 2.35906696844e-07, 2.05185699542e-08, 1.54760435578e-08, 1.58619062329e-09, 7.49799500266e-10, 9.68165103643e-10, 9.80868275491e-10, 9.75364233824e-10, 2.93290586262e-10, 2.94224838937e-10, 2.02223196522e-10, 1.98617622349e-10, 3.49076961781e-10, 3.82922360487e-10, 5.71797720283e-10, 1.38989186826e-09, 3.31569038892e-09, 2.71015698772e-09, 2.11154441154e-10, 1.19007512178e-11, 4.98085470438e-12, 7.47219614742e-13, 5.18554383461e-13, 8.70415821159e-16, 5.13815696895e-19],
        "cov": [[7.32738088954e-12, 4.07929523494e-10, 7.21048554198e-10, 1.92439689184e-10, 1.32532193553e-10, 3.23526101742e-11, 1.66663176315e-11, 2.25765638823e-11, 1.89550996427e-11, 2.24914791652e-11, 1.29413441768e-11, 6.8051198357e-12, 5.59985217918e-12, 4.03625006681e-12, 6.72744195421e-12, 5.85207143161e-12, 6.0020430466e-12, 9.64713725571e-12, 2.28956489184e-11, 3.25226338915e-11, 1.06446631024e-11, 1.34964673985e-12, 7.85201385248e-13, 3.67118905805e-13, 3.46479735094e-13, 1.79867564934e-14, 7.08820569548e-16], [4.07929523494e-10, 1.01144252085e-07, 1.02804357027e-07, 2.73997233791e-08, 2.10470894046e-08, 4.15269418852e-09, 2.19039852922e-09, 3.00195757141e-09, 2.18822604481e-09, 1.7489567572e-09, 1.34511723981e-09, 1.32917699069e-09, 1.39866074278e-09, 1.69608926903e-09, 2.09888950664e-09, 1.60617441569e-09, 9.38000010997e-10, 1.26373667086e-09, 3.33283023402e-09, 4.59326177094e-09, 2.05781436335e-09, 7.2085074021e-11, 3.4582010866e-11, 2.11503418945e-11, 6.88639423263e-11, 2.75266506637e-12, 1.55667931887e-13], [7.21048554198e-10, 1.02804357027e-07, 2.36102309259e-07, 5.55782158074e-08, 3.12930836799e-08, 5.2898769809e-09, 2.84911272352e-09, 4.08033740129e-09, 2.62414534546e-09, 2.94282931357e-09, 1.79624926044e-09, 1.27222410384e-09, 1.07240571978e-09, 8.85438167231e-10, 1.5676285825e-09, 1.19659848696e-09, 6.16107942442e-10, 6.85041523507e-10, 2.82535217444e-09, 4.64369120934e-09, 2.15677053994e-09, 6.24966051133e-11, 3.77314360311e-11, 2.88278949323e-11, 5.99009661317e-11, 2.97804207509e-12, 1.82130352466e-13], [1.92439689184e-10, 2.73997233791e-08, 5.55782158074e-08, 2.05355839e-08, 9.87910375727e-09, 1.78139525353e-09, 8.3088419478e-10, 1.2731498078e-09, 9.30825971857e-10, 8.96651031201e-10, 6.02134064831e-10, 4.93783458566e-10, 4.52675924523e-10, 4.12619410861e-10, 6.19468476515e-10, 5.28067034544e-10, 3.75058428759e-10, 4.42604952688e-10, 1.11341158515e-09, 1.61801760878e-09, 7.18488768481e-10, 3.44160498711e-11, 2.37549546006e-11, 1.12291365442e-11, 2.32526983779e-11, 1.06408176541e-12, 5.85743611817e-14], [1.32532193553e-10, 2.10470894046e-08, 3.12930836799e-08, 9.87910375727e-09, 1.54888759596e-08, 2.28837904181e-09, 1.20081700139e-09, 1.74470116132e-09, 1.32556654542e-09, 1.35838629234e-09, 8.42088676567e-10, 7.86323450797e-10, 6.85393353184e-10, 6.88298307239e-10, 8.24857848691e-10, 9.13249587065e-10, 7.9187362223e-10, 1.19671728083e-09, 2.18598206203e-09, 2.38050179568e-09, 7.90724985489e-10, 7.77951800202e-11, 5.11001588266e-11, 2.38556379512e-11, 2.60409263597e-11, 1.0418482483e-12, 4.85409645421e-14], [3.23526101742e-11, 4.15269418852e-09, 5.2898769809e-09, 1.78139525353e-09, 2.28837904181e-09, 1.58750579349e-09, 5.28363963692e-10, 5.99634508713e-10, 5.59251311927e-10, 5.85239245954e-10, 3.28693988694e-10, 2.98355729011e-10, 2.71026784349e-10, 2.36646119367e-10, 3.27024185509e-10, 3.32691374449e-10, 3.38621519713e-10, 4.7105808143e-10, 8.12693967678e-10, 7.85096487821e-10, 2.4537460952e-10, 2.72597430739e-11, 1.56018600816e-11, 7.24228793256e-12, 8.99310400454e-12, 3.96694206347e-13, 1.16483157755e-14], [1.66663176315e-11, 2.19039852922e-09, 2.84911272352e-09, 8.3088419478e-10, 1.20081700139e-09, 5.28363963692e-10, 7.5042122516e-10, 5.35855915196e-10, 4.67167637908e-10, 4.91617468956e-10, 2.30356608788e-10, 1.77715397953e-10, 1.42249212409e-10, 1.17728979343e-10, 1.86684223635e-10, 2.17119849877e-10, 2.27883614756e-10, 3.14890502562e-10, 5.32950239496e-10, 5.42472788911e-10, 1.56352111813e-10, 1.89872336603e-11, 1.12973371977e-11, 4.69891053151e-12, 5.05154338498e-12, 2.16311289627e-13, 5.79470316403e-15], [2.25765638823e-11, 3.00195757141e-09, 4.08033740129e-09, 1.2731498078e-09, 1.74470116132e-09, 5.99634508713e-10, 5.35855915196e-10, 9.68967905912e-10, 6.32484287166e-10, 5.67886959679e-10, 2.91418722487e-10, 1.97013072523e-10, 1.49995557641e-10, 1.33647037881e-10, 2.06966888072e-10, 2.72707356697e-10, 2.77908529522e-10, 3.78678810531e-10, 6.49120368568e-10, 6.12929373922e-10, 1.89686003016e-10, 2.27308536577e-11, 1.56371339488e-11, 7.08593080045e-12, 7.03410593661e-12, 2.91604414226e-13, 8.66109653886e-15], [1.89550996427e-11, 2.18822604481e-09, 2.62414534546e-09, 9.30825971857e-10, 1.32556654542e-09, 5.59251311927e-10, 4.67167637908e-10, 6.32484287166e-10, 9.81681624879e-10, 6.3800503769e-10, 3.21270426928e-10, 2.04717867658e-10, 1.4629411571e-10, 1.30566835121e-10, 2.36159258815e-10, 2.69520711305e-10, 2.7644134204e-10, 3.86436105337e-10, 6.2258898037e-10, 5.99419569536e-10, 1.78560208286e-10, 2.50256482204e-11, 1.62683148203e-11, 7.18645282172e-12, 7.07701432179e-12, 3.37496577994e-13, 7.23339031901e-15], [2.24914791652e-11, 1.7489567572e-09, 2.94282931357e-09, 8.96651031201e-10, 1.35838629234e-09, 5.85239245954e-10, 4.91617468956e-10, 5.67886959679e-10, 6.3800503769e-10, 9.76172920275e-10, 3.3127209309e-10, 2.13864995158e-10, 1.49021614493e-10, 1.1268694311e-10, 2.09272224549e-10, 2.4030344381e-10, 2.63516153343e-10, 3.49368312058e-10, 5.70664959731e-10, 5.66093782961e-10, 1.54308801847e-10, 1.93929785425e-11, 1.39408883743e-11, 5.96378328666e-12, 5.94045038854e-12, 2.88604047344e-13, 6.01341723541e-15], [1.29413441768e-11, 1.34511723981e-09, 1.79624926044e-09, 6.02134064831e-10, 8.42088676567e-10, 3.28693988694e-10, 2.30356608788e-10, 2.91418722487e-10, 3.21270426928e-10, 3.3127209309e-10, 2.93533780615e-10, 1.35176661531e-10, 1.02573040339e-10, 8.53802792355e-11, 1.37196254357e-10, 1.69352060153e-10, 1.85325657598e-10, 2.38350450488e-10, 3.91586679749e-10, 3.69359404173e-10, 1.12396134067e-10, 1.72812146537e-11, 1.26314366952e-11, 4.93888740669e-12, 4.67416643585e-12, 2.00029947575e-13, 4.50233671553e-15], [6.8051198357e-12, 1.32917699069e-09, 1.27222410384e-09, 4.93783458566e-10, 7.86323450797e-10, 2.98355729011e-10, 1.77715397953e-10, 1.97013072523e-10, 2.04717867658e-10, 2.13864995158e-10, 1.35176661531e-10, 2.94468810447e-10, 1.54245005657e-10, 1.21584992074e-10, 1.63145427723e-10, 1.47103745851e-10, 1.52679147103e-10, 2.20377910365e-10, 3.60505569841e-10, 3.29383242903e-10, 1.12961577592e-10, 1.40278543989e-11, 7.84879019416e-12, 3.58789061829e-12, 4.11298339137e-12, 1.65504884645e-13, 4.32348994388e-15], [5.59985217918e-12, 1.39866074278e-09, 1.07240571978e-09, 4.52675924523e-10, 6.85393353184e-10, 2.71026784349e-10, 1.42249212409e-10, 1.49995557641e-10, 1.4629411571e-10, 1.49021614493e-10, 1.02573040339e-10, 1.54245005657e-10, 2.02390881832e-10, 1.23389340412e-10, 1.59756666229e-10, 1.38132214e-10, 1.53222046162e-10, 2.20847881649e-10, 3.40564437762e-10, 2.99789165714e-10, 1.03684436037e-10, 1.07786418679e-11, 5.60275046843e-12, 2.67402853332e-12, 3.64972895656e-12, 1.66634514889e-13, 4.69339092601e-15], [4.03625006681e-12, 1.69608926903e-09, 8.85438167231e-10, 4.12619410861e-10, 6.88298307239e-10, 2.36646119367e-10, 1.17728979343e-10, 1.33647037881e-10, 1.30566835121e-10, 1.1268694311e-10, 8.53802792355e-11, 1.21584992074e-10, 1.23389340412e-10, 1.98782310057e-10, 1.54686652376e-10, 1.37039352088e-10, 1.49639550751e-10, 2.21917206833e-10, 3.40359740392e-10, 3.11329850788e-10, 1.14215491231e-10, 1.03499153692e-11, 6.26941597595e-12, 2.71926491741e-12, 3.95920319099e-12, 1.53691241591e-13, 5.23408720811e-15], [6.72744195421e-12, 2.09888950664e-09, 1.5676285825e-09, 6.19468476515e-10, 8.24857848691e-10, 3.27024185509e-10, 1.86684223635e-10, 2.06966888072e-10, 2.36159258815e-10, 2.09272224549e-10, 1.37196254357e-10, 1.63145427723e-10, 1.59756666229e-10, 1.54686652376e-10, 3.49366424679e-10, 2.22625126667e-10, 2.68530669922e-10, 3.67839786408e-10, 5.65197388891e-10, 5.04115471589e-10, 1.64788904744e-10, 2.19788319489e-11, 1.27913157497e-11, 6.02147758738e-12, 7.03505439667e-12, 2.88602881827e-13, 7.19878478795e-15], [5.85207143161e-12, 1.60617441569e-09, 1.19659848696e-09, 5.28067034544e-10, 9.13249587065e-10, 3.32691374449e-10, 2.17119849877e-10, 2.72707356697e-10, 2.69520711305e-10, 2.4030344381e-10, 1.69352060153e-10, 1.47103745851e-10, 1.38132214e-10, 1.37039352088e-10, 2.22625126667e-10, 3.83239884272e-10, 3.41925376901e-10, 5.02493768817e-10, 7.80856601601e-10, 6.56913079489e-10, 1.73504016709e-10, 3.46069041479e-11, 2.10731120054e-11, 9.07792938043e-12, 8.67994651849e-12, 2.89159213067e-13, 6.64255095698e-15], [6.0020430466e-12, 9.38000010997e-10, 6.16107942442e-10, 3.75058428759e-10, 7.9187362223e-10, 3.38621519713e-10, 2.27883614756e-10, 2.77908529522e-10, 2.7644134204e-10, 2.63516153343e-10, 1.85325657598e-10, 1.52679147103e-10, 1.53222046162e-10, 1.49639550751e-10, 2.68530669922e-10, 3.41925376901e-10, 5.72271896537e-10, 6.5838140495e-10, 9.7978380964e-10, 8.25986834485e-10, 2.04379152491e-10, 3.78789638544e-11, 2.33236190778e-11, 1.06262715641e-11, 9.50776003067e-12, 3.3126664389e-13, 6.3607397073e-15], [9.64713725571e-12, 1.26373667086e-09, 6.85041523507e-10, 4.42604952688e-10, 1.19671728083e-09, 4.7105808143e-10, 3.14890502562e-10, 3.78678810531e-10, 3.86436105337e-10, 3.49368312058e-10, 2.38350450488e-10, 2.20377910365e-10, 2.20847881649e-10, 2.21917206833e-10, 3.67839786408e-10, 5.02493768817e-10, 6.5838140495e-10, 1.39104439079e-09, 1.76898562465e-09, 1.39144273881e-09, 3.23979509886e-10, 7.03934618929e-11, 4.46714887303e-11, 1.78875126516e-11, 1.51022527817e-11, 4.99536718414e-13, 9.40992363917e-15], [2.28956489184e-11, 3.33283023402e-09, 2.82535217444e-09, 1.11341158515e-09, 2.18598206203e-09, 8.12693967678e-10, 5.32950239496e-10, 6.49120368568e-10, 6.2258898037e-10, 5.70664959731e-10, 3.91586679749e-10, 3.60505569841e-10, 3.40564437762e-10, 3.40359740392e-10, 5.65197388891e-10, 7.80856601601e-10, 9.7978380964e-10, 1.76898562465e-09, 3.31843952317e-09, 2.45337994365e-09, 5.55422208226e-10, 1.28088636919e-10, 7.81801567928e-11, 3.09596133452e-11, 2.70577883016e-11, 9.00101824672e-13, 1.84523247647e-14], [3.25226338915e-11, 4.59326177094e-09, 4.64369120934e-09, 1.61801760878e-09, 2.38050179568e-09, 7.85096487821e-10, 5.42472788911e-10, 6.12929373922e-10, 5.99419569536e-10, 5.66093782961e-10, 3.69359404173e-10, 3.29383242903e-10, 2.99789165714e-10, 3.11329850788e-10, 5.04115471589e-10, 6.56913079489e-10, 8.25986834485e-10, 1.39144273881e-09, 2.45337994365e-09, 2.71240430116e-09, 5.62910829061e-10, 1.19827842093e-10, 7.14132503132e-11, 2.83637384413e-11, 2.62430303183e-11, 8.16289635712e-13, 1.8816521827e-14], [1.06446631024e-11, 2.05781436335e-09, 2.15677053994e-09, 7.18488768481e-10, 7.90724985489e-10, 2.4537460952e-10, 1.56352111813e-10, 1.89686003016e-10, 1.78560208286e-10, 1.54308801847e-10, 1.12396134067e-10, 1.12961577592e-10, 1.03684436037e-10, 1.14215491231e-10, 1.64788904744e-10, 1.73504016709e-10, 2.04379152491e-10, 3.23979509886e-10, 5.55422208226e-10, 5.62910829061e-10, 2.11329523325e-10, 2.77973772472e-11, 1.58927211669e-11, 6.6320260915e-12, 7.11389324184e-12, 2.57734832825e-13, 6.79106039659e-15], [1.34964673985e-12, 7.2085074021e-11, 6.24966051133e-11, 3.44160498711e-11, 7.77951800202e-11, 2.72597430739e-11, 1.89872336603e-11, 2.27308536577e-11, 2.50256482204e-11, 1.93929785425e-11, 1.72812146537e-11, 1.40278543989e-11, 1.07786418679e-11, 1.03499153692e-11, 2.19788319489e-11, 3.46069041479e-11, 3.78789638544e-11, 7.03934618929e-11, 1.28088636919e-10, 1.19827842093e-10, 2.77973772472e-11, 1.19106191923e-11, 6.82670716831e-12, 2.62876938099e-12, 1.92788276662e-12, 5.75982404133e-14, 8.63062251688e-16], [7.85201385248e-13, 3.4582010866e-11, 3.77314360311e-11, 2.37549546006e-11, 5.11001588266e-11, 1.56018600816e-11, 1.12973371977e-11, 1.56371339488e-11, 1.62683148203e-11, 1.39408883743e-11, 1.26314366952e-11, 7.84879019416e-12, 5.60275046843e-12, 6.26941597595e-12, 1.27913157497e-11, 2.10731120054e-11, 2.33236190778e-11, 4.46714887303e-11, 7.81801567928e-11, 7.14132503132e-11, 1.58927211669e-11, 6.82670716831e-12, 4.98498464729e-12, 1.69575985198e-12, 1.22803774528e-12, 4.02913210337e-14, 5.22306932117e-16], [3.67118905805e-13, 2.11503418945e-11, 2.88278949323e-11, 1.12291365442e-11, 2.38556379512e-11, 7.24228793256e-12, 4.69891053151e-12, 7.08593080045e-12, 7.18645282172e-12, 5.96378328666e-12, 4.93888740669e-12, 3.58789061829e-12, 2.67402853332e-12, 2.71926491741e-12, 6.02147758738e-12, 9.07792938043e-12, 1.06262715641e-11, 1.78875126516e-11, 3.09596133452e-11, 2.83637384413e-11, 6.6320260915e-12, 2.62876938099e-12, 1.69575985198e-12, 7.47839182073e-13, 5.1433190389e-13, 1.63993981155e-14, 2.48953862277e-16], [3.46479735094e-13, 6.88639423263e-11, 5.99009661317e-11, 2.32526983779e-11, 2.60409263597e-11, 8.99310400454e-12, 5.05154338498e-12, 7.03410593661e-12, 7.07701432179e-12, 5.94045038854e-12, 4.67416643585e-12, 4.11298339137e-12, 3.64972895656e-12, 3.95920319099e-12, 7.03505439667e-12, 8.67994651849e-12, 9.50776003067e-12, 1.51022527817e-11, 2.70577883016e-11, 2.62430303183e-11, 7.11389324184e-12, 1.92788276662e-12, 1.22803774528e-12, 5.1433190389e-13, 5.18984378042e-13, 1.7458509478e-14, 3.28129102352e-16], [1.79867564934e-14, 2.75266506637e-12, 2.97804207509e-12, 1.06408176541e-12, 1.0418482483e-12, 3.96694206347e-13, 2.16311289627e-13, 2.91604414226e-13, 3.37496577994e-13, 2.88604047344e-13, 2.00029947575e-13, 1.65504884645e-13, 1.66634514889e-13, 1.53691241591e-13, 2.88602881827e-13, 2.89159213067e-13, 3.3126664389e-13, 4.99536718414e-13, 9.00101824672e-13, 8.16289635712e-13, 2.57734832825e-13, 5.75982404133e-14, 4.02913210337e-14, 1.63993981155e-14, 1.7458509478e-14, 8.71137546169e-16, 1.38312638614e-17], [7.08820569548e-16, 1.55667931887e-13, 1.82130352466e-13, 5.85743611817e-14, 4.85409645421e-14, 1.16483157755e-14, 5.79470316403e-15, 8.66109653886e-15, 7.23339031901e-15, 6.01341723541e-15, 4.50233671553e-15, 4.32348994388e-15, 4.69339092601e-15, 5.23408720811e-15, 7.19878478795e-15, 6.64255095698e-15, 6.3607397073e-15, 9.40992363917e-15, 1.84523247647e-14, 1.8816521827e-14, 6.79106039659e-15, 8.63062251688e-16, 5.22306932117e-16, 2.48953862277e-16, 3.28129102352e-16, 1.38312638614e-17, 5.1424174661e-19]]
    },
    "mfcc": {
        "kurt": [1.50475215912, 3.32620334625, 0.563700675964, 0.0128176212311, -0.0278944969177, 0.36202287674, -0.463030815125, -0.385225057602, 0.226914167404, -0.110188484192, -0.0950236320496, 0.0819630622864, 0.149579286575],
        "max": [-714.549194336, 174.401748657, 47.7243690491, 79.4921722412, 32.3964271545, 29.0705566406, 42.0195388794, 20.0414524078, 22.2160491943, 19.8714370728, 10.1049213409, 15.1870880127, 18.9007949829],
        "mean": [-842.09588623, 118.934066772, -34.2778892517, 46.6811943054, 6.18519020081, -0.688026726246, 17.731716156, -4.86119508743, -2.21912956238, 2.2506377697, -6.96718502045, -3.04025578499, -1.63891875744],
        "median": [-829.25012207, 128.853378296, -39.0863761902, 47.266204834, 7.09535217285, -0.400260925293, 18.6512107849, -4.73138427734, -2.30628395081, 2.0775642395, -6.74352836609, -3.13038635254, -1.57013702393],
        "min": [-1138.42004395, 1.14440917969e-05, -78.3143692017, 8.01086425781e-05, -32.8740272522, -29.6580543518, -7.90083694458, -28.5293197632, -24.4586849213, -17.9897460938, -24.0818080902, -23.3901863098, -18.3753318787],
        "skew": [-1.32701182365, -1.74047446251, 0.930065512657, -0.455354005098, -0.420801341534, -0.0513539984822, -0.264619737864, 0.0437055304646, 0.0296090263873, -0.0456633679569, -0.1296428442, -0.0675060376525, 0.0642098039389],
        "var": [9138.76367188, 863.66003418, 612.510437012, 224.667022705, 113.451881409, 77.3820648193, 76.5313262939, 74.7136611938, 48.9301795959, 34.752571106, 34.7200126648, 33.0401535034, 30.5109710693],
        "cov": [[9146.34179688, 1244.39111328, -1360.03234863, 959.783874512, -561.795715332, -278.61730957, 40.1141586304, -104.537567139, -2.23044490814, 80.0145339966, -42.4320983887, -64.5569610596, 58.7922706604], [1244.39111328, 864.376159668, -345.907714844, 190.932067871, -0.166899368167, -41.7080078125, 134.397018433, -96.7374420166, 16.3837089539, 14.9965486526, -49.4672393799, 24.2665748596, -28.962556839], [-1360.03234863, -345.907714844, 613.018371582, -171.519668579, 91.5188598633, 90.0194015503, -35.9876327515, 128.540344238, 33.6325645447, 31.7953910828, 20.3356761932, -29.4721183777, 26.2611484528], [959.783874512, 190.932067871, -171.519668579, 224.853317261, -25.6530838013, 2.43778824806, 42.2135467529, -31.351474762, -0.443506807089, 0.0995045602322, 2.28743743896, 4.50422048569, -9.2409992218], [-561.795715332, -0.166899368167, 91.5188598633, -25.6530838013, 113.545951843, 49.1307640076, 29.4241199493, -0.0402792356908, -1.29379701614, 1.0277005434, -2.51268529892, 7.74625587463, -3.97722649574], [-278.61730957, -41.7080078125, 90.0194015503, 2.43778824806, 49.1307640076, 77.4462280273, 28.2957057953, 12.186832428, 9.27281761169, -1.10470604897, 9.97784996033, 4.81930589676, -2.08780050278], [40.1141586304, 134.397018433, -35.9876327515, 42.2135467529, 29.4241199493, 28.2957057953, 76.5947875977, -9.58847808838, 13.3484706879, 4.10540390015, -3.97908616066, 13.9395942688, -8.56770515442], [-104.537567139, -96.7374420166, 128.540344238, -31.351474762, -0.0402792356908, 12.186832428, -9.58847808838, 74.7756118774, 18.957365036, 15.337556839, 6.60020208359, -15.1639003754, 13.1050691605], [-2.23044490814, 16.3837089539, 33.6325645447, -0.443506807089, -1.29379701614, 9.27281761169, 13.3484706879, 18.957365036, 48.9707527161, 18.8615493774, 6.04400920868, 5.64546871185, 0.156806230545], [80.0145339966, 14.9965486526, 31.7953910828, 0.0995045602322, 1.0277005434, -1.10470604897, 4.10540390015, 15.337556839, 18.8615493774, 34.7813911438, 9.84391403198, 0.568727791309, 10.1447706223], [-42.4320983887, -49.4672393799, 20.3356761932, 2.28743743896, -2.51268529892, 9.97784996033, -3.97908616066, 6.60020208359, 6.04400920868, 9.84391403198, 34.7488021851, 11.6987457275, 3.24395847321], [-64.5569610596, 24.2665748596, -29.4721183777, 4.50422048569, 7.74625587463, 4.81930589676, 13.9395942688, -15.1639003754, 5.64546871185, 0.568727791309, 11.6987457275, 33.0675506592, 4.1921877861], [58.7922706604, -28.962556839, 26.2611484528, -9.2409992218, -3.97722649574, -2.08780050278, -8.56770515442, 13.1050691605, 0.156806230545, 10.1447706223, 3.24395847321, 4.1921877861, 30.5362701416]]
    },
    "sccoeffs": {
        "kurt": [0.826588392258, 0.289163827896, 0.497237920761, 0.0706586837769, 0.418483734131, 0.687417030334],
        "max": [-0.466836929321, -0.646131336689, -0.709025084972, -0.759339690208, -0.748027741909, -0.724475026131],
        "mean": [-0.756036520004, -0.83384758234, -0.856547057629, -0.851050853729, -0.85076546669, -0.825657784939],
        "median": [-0.763002514839, -0.835042238235, -0.859305918217, -0.851553142071, -0.848558843136, -0.827719628811],
        "min": [-0.916173696518, -0.934183657169, -0.95294547081, -0.934560835361, -0.929186105728, -0.91995549202],
        "skew": [0.672739326954, 0.32566383481, 0.402136474848, 0.0718894153833, -0.258145898581, 0.248380273581],
        "var": [0.00396283948794, 0.0016224719584, 0.00120519381016, 0.000775257009082, 0.000608825299423, 0.000797293498181],
        "cov": [[0.00396612565964, 0.00038648158079, 0.000323980289977, 0.000180621966138, 0.000381146121072, 0.000136279704748], [0.00038648158079, 0.00162381737027, 0.000328573107254, 0.000309065770125, 0.000284750072751, 0.000254945945926], [0.000323980289977, 0.000328573107254, 0.0012061932357, 0.000432730215834, 0.000345289241523, 0.000314571516355], [0.000180621966138, 0.000309065770125, 0.000432730215834, 0.000775899854489, 0.000304012355627, 0.000349688460119], [0.000381146121072, 0.000284750072751, 0.000345289241523, 0.000304012355627, 0.000609330134466, 0.000323902699165], [0.000136279704748, 0.000254945945926, 0.000314571516355, 0.000349688460119, 0.000323902699165, 0.000797954620793]]
    },
    "scvalleys": {
        "kurt": [4.71998310089, 3.2422914505, 4.01129341125, 4.71284389496, 3.29221105576, 0.471500873566],
        "max": [-4.94147539139, -5.36699962616, -5.86660766602, -6.26732635498, -6.62902736664, -8.83176231384],
        "mean": [-7.14434194565, -7.66537570953, -7.87657308578, -8.08390808105, -8.25419139862, -11.0501823425],
        "median": [-6.99927568436, -7.49897384644, -7.71871328354, -7.79579496384, -7.95329380035, -11.0298080444],
        "min": [-12.5599279404, -12.4620075226, -12.9189119339, -12.9974021912, -13.701374054, -15.176656723],
        "skew": [-1.8510171175, -1.61957287788, -1.80911123753, -2.11759638786, -1.77788209915, -0.7828758955],
        "var": [1.09382891655, 1.23149764538, 1.1445953846, 1.16286146641, 1.42699050903, 1.64171457291],
        "cov": [[1.09473586082, 1.02136814594, 0.984459102154, 0.990464627743, 1.07994866371, 1.09584403038], [1.02136814594, 1.23251879215, 1.10900974274, 1.09883534908, 1.21910214424, 1.26501786709], [0.984459102154, 1.10900974274, 1.14554440975, 1.08130121231, 1.19250178337, 1.22488629818], [0.990464627743, 1.09883534908, 1.08130121231, 1.16382575035, 1.24806535244, 1.22726333141], [1.07994866371, 1.21910214424, 1.19250178337, 1.24806535244, 1.42817378044, 1.42226064205], [1.09584403038, 1.26501786709, 1.22488629818, 1.22726333141, 1.42226064205, 1.64307582378]]
    }
},
"rhythm": {
    "beats_loudness": {
        "kurt": 17.9171066284,
        "max": 0.00632568076253,
        "mean": 0.000722065276932,
        "median": 0.000372245645849,
        "min": 2.08350087405e-07,
        "skew": 3.86142778397,
        "var": 1.05375249859e-06
    },
    "bpm": 98.9441452026,
    "confidence": 0.337870180607,
    "first_peak_bpm": {
        "kurt": 0,
        "max": 99,
        "mean": 99,
        "median": 99,
        "min": 99,
        "skew": 0,
        "var": 0
    },
    "first_peak_spread": {
        "kurt": 0,
        "max": 0.526315808296,
        "mean": 0.526315808296,
        "median": 0.526315808296,
        "min": 0.526315808296,
        "skew": 0,
        "var": 0
    },
    "first_peak_weight": {
        "kurt": 0,
        "max": 0.214285716414,
        "mean": 0.214285716414,
        "median": 0.214285716414,
        "min": 0.214285716414,
        "skew": 0,
        "var": 0
    },
    "onset_rate": 0.75,
    "second_peak_bpm": {
        "kurt": 0,
        "max": 92,
        "mean": 92,
        "median": 92,
        "min": 92,
        "skew": 0,
        "var": 0
    },
    "second_peak_spread": {
        "kurt": 0,
        "max": 0.285714328289,
        "mean": 0.285714328289,
        "median": 0.285714328289,
        "min": 0.285714328289,
        "skew": 0,
        "var": 0
    },
    "second_peak_weight": {
        "kurt": 0,
        "max": 0.119047619402,
        "mean": 0.119047619402,
        "median": 0.119047619402,
        "min": 0.119047619402,
        "skew": 0,
        "var": 0
    },
    "beats_loudness_band_ratio": {
        "kurt": [0.446479558945, -0.116693973541, -0.136473894119, 3.69216871262, -0.654212474823, 0.905557870865],
        "max": [0.843163073063, 0.397330850363, 0.202374979854, 0.426651626825, 0.351710796356, 0.46310582757],
        "mean": [0.342166423798, 0.185358077288, 0.0791843608022, 0.12267255038, 0.17086879909, 0.144414678216],
        "median": [0.274865090847, 0.165787488222, 0.0675352737308, 0.105351619422, 0.166288584471, 0.103783108294],
        "min": [0.0990604162216, 0.0765864178538, 0.020002907142, 0.019024996087, 0.0203224625438, 0.0155361527577],
        "skew": [1.06129670143, 0.927860736847, 0.830350577831, 1.67277014256, 0.185937687755, 1.30128157139],
        "var": [0.0351338908076, 0.00768527528271, 0.0020455927588, 0.0060721100308, 0.00733500020579, 0.0115366214886],
        "cov": [[0.0359704121947, -0.00101115752477, -0.00371203292161, -0.00761379580945, -0.0129052242264, -0.0115593094379], [-0.00101115752477, 0.00786825828254, 0.000808348355349, -0.000853703997564, -0.00234356638975, -0.00337986252271], [-0.00371203292161, 0.000808348355349, 0.002094297437, 0.000976678566076, 0.00090916629415, -0.000617699115537], [-0.00761379580945, -0.000853703997564, 0.000976678566076, 0.00621668435633, 0.00265201949514, -0.00119818141684], [-0.0129052242264, -0.00234356638975, 0.00090916629415, 0.00265201949514, 0.00750964321196, 0.00452042417601], [-0.0115593094379, -0.00337986252271, -0.000617699115537, -0.00119818141684, 0.00452042417601, 0.0118113029748]]
    },
    "beats_position": [0.789478421211, 1.55573689938, 2.29877543449, 3.08825397491, 3.85451245308, 4.57433080673, 5.34058952332, 6.13006782532, 6.8963265419, 7.51165533066, 8.10376358032, 8.73070240021, 9.38086128235, 9.98458003998, 10.6115188599, 11.2152376175, 11.8189563751, 12.4691152573, 13.1192741394, 13.6765527725, 14.2802715302, 14.90721035, 15.5573692322, 16.1843090057, 16.7880268097, 17.391746521, 18.0302944183, 18.6107940674, 19.2609519958, 19.8066215515, 20.3406791687, 20.8747386932, 21.43201828, 21.9892959595, 22.5581855774, 23.1038551331, 23.6843528748, 24.3112926483, 24.9266204834, 25.5187301636, 26.1224479675, 26.7609977722, 27.353105545],
    "bpm_estimates": [97.5088424683, 101.332824707, 95.7031173706, 99.3840255737, 95.7031173706, 99.3840255737, 99.3840255737, 99.3840255737, 95.7031173706, 95.7029724121, 99.3841781616, 99.3838653564, 103.359237671, 103.359573364, 95.7029724121, 97.5089950562, 101.332580566, 99.3841781616, 101.332901001],
    "bpm_intervals": [0.766258478165, 0.743038535118, 0.789478540421, 0.766258478165, 0.719818353653, 0.766258716583, 0.789478302002, 0.766258716583, 0.615328788757, 0.592108249664, 0.626938819885, 0.650158882141, 0.603718757629, 0.626938819885, 0.603718757629, 0.603718757629, 0.650158882141, 0.650158882141, 0.557278633118, 0.603718757629, 0.626938819885, 0.650158882141, 0.62693977356, 0.603717803955, 0.603719711304, 0.638547897339, 0.580499649048, 0.650157928467, 0.545669555664, 0.534057617188, 0.534059524536, 0.557279586792, 0.557277679443, 0.56888961792, 0.545669555664, 0.580497741699, 0.62693977356, 0.615327835083, 0.592109680176, 0.603717803955, 0.638549804688, 0.592107772827],
    "onset_times": [0.452789127827, 0.557278931141, 0.661768734455, 1.14938771725, 1.49768710136, 1.59056687355, 1.69505667686, 6.04879808426, 6.40870761871, 8.54494285583, 11.261677742, 12.9451246262, 13.2353744507, 13.6649436951, 15.0349206924, 15.7663488388, 16.8692970276, 19.2841720581, 21.4784584045, 25.1704311371, 26.134059906],
    "histogram": [[0, 0, 0, 0, 0, 0, 0, 0, 0, 0, 0, 0, 0, 0, 0, 0, 0, 0, 0, 0, 0, 0, 0, 0, 0, 0, 0, 0, 0, 0, 0, 0, 0, 0, 0, 0, 0, 0, 0, 0, 0, 0, 0, 0, 0, 0, 0, 0, 0, 0, 0, 0, 0, 0, 0, 0, 0, 0, 0, 0, 0, 0, 0, 0, 0, 0, 0, 0, 0, 0, 0, 0, 0, 0, 0, 0, 0.047619048506, 0, 0.095238097012, 0, 0, 0.023809524253, 0, 0.023809524253, 0, 0, 0, 0, 0, 0, 0, 0, 0.119047619402, 0, 0.047619048506, 0, 0.119047619402, 0, 0.047619048506, 0.166666671634, 0, 0.0714285746217, 0, 0.047619048506, 0, 0.023809524253, 0, 0, 0.0714285746217, 0, 0.047619048506, 0, 0.047619048506, 0, 0, 0, 0, 0, 0, 0, 0, 0, 0, 0, 0, 0, 0, 0, 0, 0, 0, 0, 0, 0, 0, 0, 0, 0, 0, 0, 0, 0, 0, 0, 0, 0, 0, 0, 0, 0, 0, 0, 0, 0, 0, 0, 0, 0, 0, 0, 0, 0, 0, 0, 0, 0, 0, 0, 0, 0, 0, 0, 0, 0, 0, 0, 0, 0, 0, 0, 0, 0, 0, 0, 0, 0, 0, 0, 0, 0, 0, 0, 0, 0, 0, 0, 0, 0, 0, 0, 0, 0, 0, 0, 0, 0, 0, 0, 0, 0, 0, 0, 0, 0, 0, 0, 0, 0, 0, 0, 0, 0, 0, 0, 0, 0, 0, 0, 0, 0, 0, 0, 0, 0, 0, 0, 0, 0, 0, 0, 0, 0, 0, 0, 0, 0, 0, 0, 0, 0]]
},
"sfx": {
    "inharmonicity": {
        "kurt": 0.0733735561371,
        "max": 0.353560894728,
        "mean": 0.0754110738635,
        "median": 0.0569422580302,
        "min": 0,
        "skew": 0.934210717678,
        "var": 0.00606660498306
    },
    "oddtoevenharmonicenergyratio": {
        "kurt": 31.2790412903,
        "max": 11.8078451157,
        "mean": 0.54375576973,
        "median": 0.23808863759,
        "min": 0,
        "skew": 4.44285917282,
        "var": 0.905795276165
    },
    "pitch_after_max_to_before_max_energy_ratio": 16.1150608063,
    "pitch_centroid": 549.415710449,
    "pitch_max_to_total": 0.126760557294,
    "pitch_min_to_total": 0.922949433327,
    "tristimulus": {
        "kurt": [-1.29889428616, 0.701243877411, -1.39595496655],
        "max": [1, 0.73919403553, 1],
        "mean": [0.458274006844, 0.164171263576, 0.377554655075],
        "median": [0.296986758709, 0.159307420254, 0.465208411217],
        "min": [0, 0, 0],
        "skew": [0.583155572414, 0.823354244232, -0.306345313787],
        "var": [0.134479418397, 0.0212007164955, 0.0767638981342],
        "cov": [[0.134590938687, -0.0394908897579, -0.0950999855995], [-0.0394908897579, 0.0212182961404, 0.0182726141065], [-0.0950999855995, 0.0182726141065, 0.0768275484443]]
    }
},
"tonal": {
    "chords_changes_rate": 0.152317881584,
    "chords_number_rate": 0.0215231794864,
    "chords_strength": {
        "kurt": -0.44304227829,
        "max": 0.631025195122,
        "mean": 0.412187099457,
        "median": 0.409308224916,
        "min": 0.219054669142,
        "skew": 0.235656872392,
        "var": 0.0087912986055
    },
    "key_strength": 0.230682492256,
    "tuning_diatonic_strength": 0.202480465174,
    "tuning_equal_tempered_deviation": 0.233571529388,
    "tuning_frequency": 434.946166992,
    "tuning_nontempered_energy_ratio": 0.899971485138,
    "hpcp": {
