{
"metadata": {
    "version": {
        "essentia": "2.1-beta3"
    }
},
"lowLevel": {
    "average_loudness": 0.0244920961559,
    "barkbands_kurtosis": {
        "kurt": 129.301330566,
        "max": 101.329475403,
        "mean": 2.60376048088,
        "median": 2.11255884171,
        "min": -1.86338508129,
        "skew": 7.125207901,
        "var": 14.5949850082
    },
    "barkbands_skewness": {
        "kurt": 2.09475803375,
        "max": 7.7961306572,
        "mean": 1.17162275314,
        "median": 1.40250909328,
        "min": -6.17029333115,
        "skew": -0.978164076805,
        "var": 1.16887772083
    },
    "barkbands_spread": {
        "kurt": 2.21840429306,
        "max": 55.0610923767,
        "mean": 15.8939390182,
        "median": 14.4932527542,
        "min": 0.479913145304,
        "skew": 1.19552147388,
        "var": 49.1187973022
    },
    "dissonance": {
        "kurt": 4.16875886917,
        "max": 0.5,
        "mean": 0.457437872887,
        "median": 0.464861273766,
        "min": 0.219190865755,
        "skew": -1.65095353127,
        "var": 0.000965679006185
    },
    "hfc": {
        "kurt": 12.8014469147,
        "max": 135.675643921,
        "mean": 6.90922355652,
        "median": 0.440128922462,
        "min": 1.40966785693e-05,
        "skew": 3.55448102951,
        "var": 341.851959229
    },
    "pitch": {
        "kurt": 32.0201187134,
        "max": 4972.97705078,
        "mean": 334.434112549,
        "median": 240.540374756,
        "min": 55.5178031921,
        "skew": 5.62545728683,
        "var": 299770.28125
    },
    "pitch_instantaneous_confidence": {
        "kurt": -0.621358394623,
        "max": 0.986025214195,
        "mean": 0.44616022706,
        "median": 0.348418772221,
        "min": 0.111006081104,
        "skew": 0.877885103226,
        "var": 0.0590213015676
    },
    "pitch_salience": {
        "kurt": 1.45397424698,
        "max": 0.868971765041,
        "mean": 0.644148170948,
        "median": 0.660870730877,
        "min": 0.123786434531,
        "skew": -0.982407808304,
        "var": 0.0101338010281
    },
    "silence_rate_20dB": {
        "kurt": 0,
        "max": 1,
        "mean": 1,
        "median": 1,
        "min": 1,
        "skew": 0,
        "var": 0
    },
    "silence_rate_30dB": {
        "kurt": 0,
        "max": 1,
        "mean": 1,
        "median": 1,
        "min": 1,
        "skew": 0,
        "var": 0
    },
    "silence_rate_60dB": {
        "kurt": -0.0859003067017,
        "max": 1,
        "mean": 0.78443801403,
        "median": 1,
        "min": 0,
        "skew": -1.38349270821,
        "var": 0.169093087316
    },
    "spectral_centroid": {
        "kurt": 2.73609972,
        "max": 4153.66259766,
        "mean": 870.912963867,
        "median": 649.002502441,
        "min": 241.049575806,
        "skew": 1.83569061756,
        "var": 320994.40625
    },
    "spectral_complexity": {
        "kurt": 1.41315174103,
        "max": 26,
        "mean": 5.26359272003,
        "median": 4,
        "min": 0,
        "skew": 1.51624143124,
        "var": 22.5758647919
    },
    "spectral_crest": {
        "kurt": 2.13540935516,
        "max": 26.2867679596,
        "mean": 8.77081298828,
        "median": 7.96373176575,
        "min": 3.16579270363,
        "skew": 1.34754359722,
        "var": 12.36759758
    },
    "spectral_decrease": {
        "kurt": 13.1213035583,
        "max": -7.05737179037e-15,
        "mean": -9.10447717217e-10,
        "median": -1.81084244821e-10,
        "min": -2.01276453282e-08,
        "skew": -3.32924127579,
        "var": 3.43076922728e-18
    },
    "spectral_energy": {
        "kurt": 11.6525259018,
        "max": 0.0810733288527,
        "mean": 0.00406293245032,
        "median": 0.000725523917936,
        "min": 2.79148011373e-08,
        "skew": 3.26566767693,
        "var": 7.32120606699e-05
    },
    "spectral_energyband_high": {
        "kurt": 202.6690979,
        "max": 0.0102170826867,
        "mean": 7.46685909689e-05,
        "median": 4.96735992783e-06,
        "min": 1.1790120269e-10,
        "skew": 11.3373126984,
        "var": 1.20986342722e-07
    },
    "spectral_energyband_low": {
        "kurt": 112.285400391,
        "max": 0.00393701717257,
        "mean": 0.000136149028549,
        "median": 8.60648942762e-05,
        "min": 1.27634025571e-09,
        "skew": 8.38213920593,
        "var": 3.90911445436e-08
    },
    "spectral_energyband_middle_high": {
        "kurt": 14.4727172852,
        "max": 0.052786655724,
        "mean": 0.00259661860764,
        "median": 0.00011050458852,
        "min": 3.17509618597e-09,
        "skew": 3.72610616684,
        "var": 5.5185839301e-05
    },
    "spectral_energyband_middle_low": {
        "kurt": 170.409225464,
        "max": 0.0799837857485,
        "mean": 0.00136195984669,
        "median": 0.000489646510687,
        "min": 2.01158769642e-08,
        "skew": 10.2652187347,
        "var": 9.37618460739e-06
    },
    "spectral_flatness_db": {
        "kurt": 0.989691019058,
        "max": 0.45657646656,
        "mean": 0.198839128017,
        "median": 0.191686406732,
        "min": 0.0921350717545,
        "skew": 0.770747125149,
        "var": 0.00131247832906
    },
    "spectral_flux": {
        "kurt": 8.23346328735,
        "max": 0.224917203188,
        "mean": 0.0269716549665,
        "median": 0.0170473288745,
        "min": 0.000610634975601,
        "skew": 2.6237616539,
        "var": 0.000587081478443
    },
    "spectral_kurtosis": {
        "kurt": 2.73255681992,
        "max": 35.4875068665,
        "mean": 9.35791110992,
        "median": 8.75197315216,
        "min": 0.896813631058,
        "skew": 1.15730977058,
        "var": 13.4083499908
    },
    "spectral_rms": {
        "kurt": 4.08316612244,
        "max": 0.00889358948916,
        "mean": 0.00144164124504,
        "median": 0.000841325265355,
        "min": 5.21861602465e-06,
        "skew": 2.1690132618,
        "var": 1.88550177427e-06
    },
    "spectral_rolloff": {
        "kurt": -0.00645327568054,
        "max": 5060.30273438,
        "mean": 1400.3326416,
        "median": 882.861328125,
        "min": 236.865234375,
        "skew": 1.14818477631,
        "var": 984194.3125
    },
    "spectral_skewness": {
        "kurt": 0.909204006195,
        "max": 4.31970119476,
        "mean": 2.22433614731,
        "median": 2.23309922218,
        "min": 0.246025145054,
        "skew": -0.0628632307053,
        "var": 0.209892898798
    },
    "spectral_spread": {
        "kurt": 11.0987710953,
        "max": 12745996,
        "mean": 3150571,
        "median": 2989936,
        "min": 1280177.25,
        "skew": 2.24758338928,
        "var": 712861810688
    },
    "spectral_strongpeak": {
        "kurt": 9.98452091217,
        "max": 15.7076845169,
        "mean": 1.00310087204,
        "median": 0.111256808043,
        "min": 0.000159344461281,
        "skew": 3.1892812252,
        "var": 5.45529127121
    },
    "zerocrossingrate": {
        "kurt": 2.2980260849,
        "max": 0.19189453125,
        "mean": 0.0528246201575,
        "median": 0.04443359375,
        "min": 0.0107421875,
        "skew": 1.57780444622,
        "var": 0.00060855934862
    },
    "barkbands": {
        "kurt": [44.6027488708, 22.8388309479, 206.015975952, 101.337715149, 453.767028809, 303.815887451, 195.447128296, 75.6533737183, 1498.68737793, 65.0510482788, 400.426849365, 205.184417725, 39.9029655457, 109.203849792, 168.222122192, 31.4822235107, 72.3538665771, 17.7598495483, 30.2436676025, 27.0188331604, 792.045898438, 224.914215088, 87.8888626099, 1526.37329102, 37.7995185852, 1325.75622559, 1183.63903809],
        "max": [2.51997249734e-07, 0.000354313960997, 0.00353883113712, 0.00231109932065, 0.047040425241, 0.0184823870659, 0.0160885676742, 0.0119032170624, 0.0789317265153, 0.019108530134, 0.00787400919944, 0.0118185058236, 0.0015630077105, 0.00145017483737, 0.0161231663078, 0.0292976964265, 0.02095397003, 0.014266054146, 0.00917451828718, 0.0100664710626, 0.00148618384264, 9.45450810832e-05, 3.85219973396e-05, 4.74591761304e-05, 6.51244272376e-06, 2.77382605418e-06, 4.48344188442e-08],
        "mean": [1.16853478005e-08, 2.19494304474e-05, 7.87204044173e-05, 6.83060352458e-05, 0.00031282287091, 0.000164028460858, 0.000184004587936, 0.000214666826651, 0.000303680659272, 0.000373008195311, 4.51203341072e-05, 8.06637835922e-05, 3.5555640352e-05, 2.41440466198e-05, 0.000139118666993, 0.000717885734048, 0.000321287137922, 0.000510359066539, 0.000229647703236, 0.000229079625569, 6.67443828206e-06, 1.32631271299e-06, 5.69506653392e-07, 1.515657857e-07, 1.4165910045e-07, 6.77048950237e-09, 1.80222475832e-10],
        "median": [6.57512266855e-09, 1.38043778861e-05, 4.28634957643e-05, 3.87849868275e-05, 0.000117320683785, 5.62616478419e-05, 5.70400079596e-05, 5.14531093359e-05, 3.9381244278e-05, 2.08365454455e-05, 9.28877852857e-06, 7.99803092377e-06, 5.61674596611e-06, 5.18594788446e-06, 5.3534199651e-06, 5.87696058574e-06, 8.59570445755e-06, 9.86970007943e-06, 8.90179762791e-06, 5.23638891536e-06, 1.80126892246e-06, 4.00187417426e-07, 8.20020034098e-08, 3.03262481793e-08, 1.85583086676e-08, 8.70770566763e-10, 3.02555515364e-11],
        "min": [2.30859905845e-12, 2.60368171467e-10, 4.14253353842e-10, 3.11229220173e-09, 4.68691352395e-09, 6.12326966909e-10, 6.9688153026e-09, 6.04246541691e-10, 1.10102937878e-09, 5.02451524831e-10, 3.25108578947e-10, 1.2845524644e-10, 1.40366829271e-10, 6.45125203258e-11, 9.56302051436e-11, 9.80914460769e-10, 4.88925622211e-10, 4.06945116493e-10, 9.31104637836e-11, 9.67044153088e-11, 4.40188475948e-11, 6.18982426079e-12, 3.77252742934e-12, 3.41773506198e-12, 3.29599108423e-12, 1.50828636148e-13, 2.85243494948e-14],
        "skew": [5.11473274231, 3.58414983749, 11.4699840546, 8.36235332489, 19.4115219116, 15.2916593552, 11.7347478867, 6.7573800087, 30.4962234497, 6.7400302887, 17.8416061401, 12.9753236771, 5.58219099045, 8.55956554413, 10.8963899612, 5.35657835007, 7.65008592606, 4.04825687408, 4.95843029022, 4.86063289642, 24.1782894135, 12.1477603912, 7.48859977722, 35.0690956116, 5.68184614182, 32.8987541199, 28.5396404266],
        "var": [2.78780009933e-16, 6.64507171511e-10, 2.10506350129e-08, 1.47943230999e-08, 2.90969478556e-06, 4.44030774815e-07, 4.21954354124e-07, 3.13887767334e-07, 2.2233684831e-06, 1.51292965711e-06, 7.0358474602e-08, 2.51025824127e-07, 1.10433733269e-08, 5.50840661973e-09, 5.19081879702e-07, 8.35221635498e-06, 1.96490896087e-06, 2.62730213763e-06, 5.67245479033e-07, 6.424811545e-07, 1.33490019039e-09, 1.29253864556e-11, 3.19135841885e-12, 8.94020101005e-13, 2.15263245597e-13, 3.65843355501e-15, 8.59890539298e-19],
        "cov": [[2.78833558297e-16, 6.65497794676e-14, 3.16008341456e-13, 2.72266313227e-13, 1.25564998937e-12, 4.27932618811e-13, 4.28349386126e-13, -1.26909157554e-13, 7.93806074475e-14, -3.95438646021e-13, -2.76399098785e-14, 1.5038075223e-13, 6.91927577382e-15, -1.61186592096e-14, -1.9792884508e-13, -7.92457245657e-13, 2.35572195431e-14, -1.59961562225e-13, -4.30115402387e-14, -6.49816436554e-14, -1.26637642836e-14, -5.54687466443e-16, -3.27316771286e-16, -2.55988523844e-16, 1.53959405102e-17, -2.64086277934e-17, -1.58397862398e-19], [6.65497794676e-14, 6.6463490267e-10, 1.49646606218e-09, 8.14958267537e-10, 8.64446292326e-09, 1.85321713531e-09, 9.31088484091e-10, -1.95282096049e-10, 5.44986111795e-10, -2.12453762916e-10, 1.39015354783e-10, 1.25124605121e-10, 2.05823171007e-11, 8.13828865409e-11, 1.18315440778e-10, 7.89945775459e-10, -3.8307221284e-10, -1.31219590315e-12, 4.77089145967e-10, -1.16769274805e-10, 8.73708917715e-12, 4.16909042011e-12, 2.11191199077e-14, 5.57566796552e-13, 3.11457944938e-13, -1.4900889788e-16, 2.98453011877e-16], [3.16008341456e-13, 1.49646606218e-09, 2.10546797774e-08, 9.37271149581e-09, 1.64187426321e-07, 1.77539316581e-08, 3.65666918967e-09, 2.94365465336e-09, 1.16985692244e-08, -5.06839237246e-09, 2.62940308415e-10, 6.06982186735e-10, 5.8028892802e-10, 2.68181032936e-10, -9.52223078166e-10, 4.59521309892e-09, -4.8577373235e-09, -2.76549783074e-09, 6.60752563775e-10, -1.30836297352e-09, 2.63507271558e-10, 5.65541918851e-11, 4.97234588573e-12, 5.22812826018e-12, 8.21337030506e-13, 2.14042596581e-13, 2.44137659409e-15], [2.72266313227e-13, 8.14958267537e-10, 9.37271149581e-09, 1.47971652709e-08, 8.27656592151e-08, 2.89268804465e-08, 5.21672394171e-09, 3.10584957752e-09, 1.12157474419e-08, 2.2560110724e-10, 3.60744600858e-10, 3.81432219143e-10, 1.12542808406e-09, 4.05750683052e-10, 1.13509401878e-09, 1.85847461864e-08, 1.45842682375e-09, 6.28265706126e-09, 5.61078383754e-09, 2.34425479029e-09, 1.22604773556e-10, 4.05890807076e-11, 8.58105166784e-12, 3.74691120145e-12, 1.92297154762e-12, 7.25192882091e-14, 3.03494128463e-15], [1.25564998937e-12, 8.64446292326e-09, 1.64187426321e-07, 8.27656592151e-08, 2.91025389743e-06, 4.23770643465e-07, 7.09838374746e-08, 1.08697065571e-07, 2.33763145729e-07, 3.67152104275e-08, 1.86329547347e-08, 2.21848441839e-08, 1.17279519429e-08, 5.02289232429e-09, 8.425428355e-09, 9.7400118193e-08, 7.13334324942e-09, 3.47609265816e-08, 3.75304622935e-08, 1.2271383909e-08, 3.52347973021e-09, 8.60719107099e-10, 1.72444308832e-10, 6.6505564944e-11, 2.8314068104e-11, 8.94731717101e-13, 8.63187424099e-14], [4.27932618811e-13, 1.85321713531e-09, 1.77539316581e-08, 2.89268804465e-08, 4.23770643465e-07, 4.44116096787e-07, 1.34257419404e-07, 4.83337565527e-08, 9.74918066277e-08, 3.38203705041e-08, 6.47968478873e-09, 3.22821307464e-08, 5.90769255737e-09, 4.25919877145e-09, 2.34676522659e-09, 6.72025723958e-09, 4.09310949578e-08, 2.91396560215e-08, 2.32619310481e-08, 1.74298406819e-08, 1.33001198943e-09, 2.40067354884e-10, 8.90879037208e-11, 2.74222033969e-11, 1.98604865193e-11, 4.27309690453e-13, 4.40756474016e-14], [4.28349386126e-13, 9.31088484091e-10, 3.65666918967e-09, 5.21672394171e-09, 7.09838374746e-08, 1.34257419404e-07, 4.22035441261e-07, 1.46468526196e-08, 3.39082397716e-08, 7.08894489776e-08, 3.03703484583e-09, 1.33502794597e-07, 1.46488670083e-08, 1.11927063173e-08, 2.40205260127e-08, 7.63888419186e-09, 7.34666230073e-08, 4.46977068691e-08, 4.60193803065e-08, 2.49380782691e-08, 5.12597020386e-10, 1.1351721646e-10, 3.52179084506e-11, 1.3058729445e-11, 3.14136494595e-11, 2.40640271381e-13, 2.42481273775e-14], [-1.26909157554e-13, -1.95282096049e-10, 2.94365465336e-09, 3.10584957752e-09, 1.08697065571e-07, 4.83337565527e-08, 1.46468526196e-08, 3.13948078201e-07, 2.60620129922e-08, 1.969900012e-07, 9.08747566086e-09, 7.37200389622e-09, 8.71229932642e-09, 2.27127028296e-09, 2.05071568615e-08, 2.40657527684e-07, 3.01178118889e-07, 3.32517743118e-07, 1.45031151533e-07, 1.76272237695e-07, 9.65362123573e-10, 3.17891629686e-10, 3.13121389928e-10, 2.68785462637e-11, 7.93660484555e-11, -2.29603499841e-13, 6.58709875924e-14], [7.93806074475e-14, 5.44986111795e-10, 1.16985692244e-08, 1.12157474419e-08, 2.33763145729e-07, 9.74918066277e-08, 3.39082397716e-08, 2.60620129922e-08, 2.22379571824e-06, 7.82429268043e-08, 4.21387689187e-08, 1.00608197329e-08, 1.46620209307e-08, 6.84677470275e-09, 5.93653979308e-08, 1.20248245139e-07, 5.25176098165e-08, 9.8508500912e-08, 3.37130572348e-08, 4.86285678392e-08, 2.38505770689e-09, 5.84199078002e-10, 1.03086809922e-10, 4.4388338491e-12, 9.16298547454e-12, -7.54362772335e-13, 3.70394361883e-14], [-3.95438646021e-13, -2.12453762916e-10, -5.06839237246e-09, 2.2560110724e-10, 3.67152104275e-08, 3.38203705041e-08, 7.08894489776e-08, 1.969900012e-07, 7.82429268043e-08, 1.51322035435e-06, 1.67724792277e-07, 1.12415918352e-07, 5.67595535017e-08, 2.58325218994e-08, 5.35681408564e-07, 1.54178678713e-06, 7.04459523604e-07, 1.12764405458e-06, 4.97508438002e-07, 4.04979004998e-07, 7.98939048252e-09, 1.67331326573e-09, 9.42181110908e-10, 8.76858169407e-11, 2.57658255842e-10, -5.35012138758e-13, 1.76811934234e-13], [-2.76399098785e-14, 1.39015354783e-10, 2.62940308415e-10, 3.60744600858e-10, 1.86329547347e-08, 6.47968478873e-09, 3.03703484583e-09, 9.08747566086e-09, 4.21387689187e-08, 1.67724792277e-07, 7.03719962303e-08, 4.43877778977e-09, 2.03707806179e-09, 2.39772202093e-09, 9.15162488013e-08, 5.43181286616e-08, 8.30145907571e-09, 5.07752915269e-08, 1.91090077095e-08, 1.61627617956e-08, 2.14472106741e-09, 2.97943197891e-10, 4.56433710272e-11, 1.32135957991e-12, 3.85438556072e-12, -1.20080120435e-13, 9.86078318337e-15], [1.5038075223e-13, 1.25124605121e-10, 6.06982186735e-10, 3.81432219143e-10, 2.21848441839e-08, 3.22821307464e-08, 1.33502794597e-07, 7.37200389622e-09, 1.00608197329e-08, 1.12415918352e-07, 4.43877778977e-09, 2.51074055768e-07, 2.3664011195e-08, 1.1311226622e-08, 4.85699374053e-08, 1.52474171955e-07, 3.80121782939e-08, 7.89445593341e-08, 5.15704670079e-08, 2.4072866367e-08, 1.50120382791e-09, 3.74884318033e-10, 6.62072202617e-11, 1.07490813125e-11, 2.22325526045e-11, 2.35760711084e-13, 1.51233938025e-14], [6.91927577382e-15, 2.05823171007e-11, 5.8028892802e-10, 1.12542808406e-09, 1.17279519429e-08, 5.90769255737e-09, 1.46488670083e-08, 8.71229932642e-09, 1.46620209307e-08, 5.67595535017e-08, 2.03707806179e-09, 2.3664011195e-08, 1.10454960733e-08, 2.96616886608e-09, 3.05244682863e-08, 2.24255103376e-07, 3.41320181008e-08, 9.06944919166e-08, 4.36599236764e-08, 2.89173112122e-08, 1.3609834093e-10, 9.01972802003e-11, 7.6685185979e-11, 7.41756222417e-12, 1.57870921197e-11, -2.39268257578e-14, 1.5431063274e-14], [-1.61186592096e-14, 8.13828865409e-11, 2.68181032936e-10, 4.05750683052e-10, 5.02289232429e-09, 4.25919877145e-09, 1.11927063173e-08, 2.27127028296e-09, 6.84677470275e-09, 2.58325218994e-08, 2.39772202093e-09, 1.1311226622e-08, 2.96616886608e-09, 5.5094653284e-09, 1.73721144137e-08, 7.26546147689e-08, 1.35298234838e-08, 3.59397986927e-08, 1.84004420589e-08, 1.250324555e-08, 2.09632033954e-10, 4.61599022894e-11, 3.50713208475e-11, 3.15703301175e-12, 7.71966345015e-12, -2.62596917139e-14, 6.09454012187e-15], [-1.9792884508e-13, 1.18315440778e-10, -9.52223078166e-10, 1.13509401878e-09, 8.425428355e-09, 2.34676522659e-09, 2.40205260127e-08, 2.05071568615e-08, 5.93653979308e-08, 5.35681408564e-07, 9.15162488013e-08, 4.85699374053e-08, 3.05244682863e-08, 1.73721144137e-08, 5.19181583059e-07, 9.97317783913e-07, 1.18640208768e-07, 4.72605393043e-07, 2.32549737689e-07, 1.39504564345e-07, 5.40000177907e-09, 9.22107390444e-10, 4.1025036146e-10, 3.75761227689e-11, 8.35572305791e-11, -1.4440095712e-13, 7.43535617733e-14], [-7.92457245657e-13, 7.89945775459e-10, 4.59521309892e-09, 1.85847461864e-08, 9.7400118193e-08, 6.72025723958e-09, 7.63888419186e-09, 2.40657527684e-07, 1.20248245139e-07, 1.54178678713e-06, 5.43181286616e-08, 1.52474171955e-07, 2.24255103376e-07, 7.26546147689e-08, 9.97317783913e-07, 8.35382161313e-06, 1.30027171963e-06, 3.32687454829e-06, 1.48895981056e-06, 1.03548541119e-06, 2.96497271179e-09, 2.92123369938e-09, 2.98651592345e-09, 2.82705719945e-10, 6.2910093801e-10, -1.14506353618e-12, 5.08665429656e-13], [2.35572195431e-14, -3.8307221284e-10, -4.8577373235e-09, 1.45842682375e-09, 7.13334324942e-09, 4.09310949578e-08, 7.34666230073e-08, 3.01178118889e-07, 5.25176098165e-08, 7.04459523604e-07, 8.30145907571e-09, 3.80121782939e-08, 3.41320181008e-08, 1.35298234838e-08, 1.18640208768e-07, 1.30027171963e-06, 1.96528662855e-06, 1.39536439292e-06, 6.31411012364e-07, 5.85906036576e-07, 1.06422182178e-09, 9.89342052726e-10, 1.11238729339e-09, 1.37113126408e-10, 4.08020367493e-10, -3.94083772776e-13, 2.22784301857e-13], [-1.59961562225e-13, -1.31219590315e-12, -2.76549783074e-09, 6.28265706126e-09, 3.47609265816e-08, 2.91396560215e-08, 4.46977068691e-08, 3.32517743118e-07, 9.8508500912e-08, 1.12764405458e-06, 5.07752915269e-08, 7.89445593341e-08, 9.06944919166e-08, 3.59397986927e-08, 4.72605393043e-07, 3.32687454829e-06, 1.39536439292e-06, 2.62780690719e-06, 1.03457819023e-06, 9.31028012019e-07, 2.81982281969e-09, 2.0255226385e-09, 1.94768090545e-09, 1.94944435594e-10, 5.29843391384e-10, -6.4859429676e-13, 3.50487651055e-13], [-4.30115402387e-14, 4.77089145967e-10, 6.60752563775e-10, 5.61078383754e-09, 3.75304622935e-08, 2.32619310481e-08, 4.60193803065e-08, 1.45031151533e-07, 3.37130572348e-08, 4.97508438002e-07, 1.91090077095e-08, 5.15704670079e-08, 4.36599236764e-08, 1.84004420589e-08, 2.32549737689e-07, 1.48895981056e-06, 6.31411012364e-07, 1.03457819023e-06, 5.6735450471e-07, 4.09089153663e-07, 1.45382472727e-09, 8.83406348073e-10, 7.94798837855e-10, 9.08684655299e-11, 2.36418135069e-10, -2.0532585506e-13, 1.47340053027e-13], [-6.49816436554e-14, -1.16769274805e-10, -1.30836297352e-09, 2.34425479029e-09, 1.2271383909e-08, 1.74298406819e-08, 2.49380782691e-08, 1.76272237695e-07, 4.86285678392e-08, 4.04979004998e-07, 1.61627617956e-08, 2.4072866367e-08, 2.89173112122e-08, 1.250324555e-08, 1.39504564345e-07, 1.03548541119e-06, 5.85906036576e-07, 9.31028012019e-07, 4.09089153663e-07, 6.42604618406e-07, 2.26196039677e-09, 7.51969819746e-10, 9.92452786619e-10, 1.04529544742e-10, 2.5273258486e-10, -3.96136438539e-14, 1.43708206142e-13], [-1.26637642836e-14, 8.73708917715e-12, 2.63507271558e-10, 1.22604773556e-10, 3.52347973021e-09, 1.33001198943e-09, 5.12597020386e-10, 9.65362123573e-10, 2.38505770689e-09, 7.98939048252e-09, 2.14472106741e-09, 1.50120382791e-09, 1.3609834093e-10, 2.09632033954e-10, 5.40000177907e-09, 2.96497271179e-09, 1.06422182178e-09, 2.81982281969e-09, 1.45382472727e-09, 2.26196039677e-09, 1.3351566519e-09, 4.40868626328e-11, 5.52580160448e-12, 3.0605910601e-12, 9.72848429419e-13, 2.82249453708e-14, 8.11744495881e-16], [-5.54687466443e-16, 4.16909042011e-12, 5.65541918851e-11, 4.05890807076e-11, 8.60719107099e-10, 2.40067354884e-10, 1.1351721646e-10, 3.17891629686e-10, 5.84199078002e-10, 1.67331326573e-09, 2.97943197891e-10, 3.74884318033e-10, 9.01972802003e-11, 4.61599022894e-11, 9.22107390444e-10, 2.92123369938e-09, 9.89342052726e-10, 2.0255226385e-09, 8.83406348073e-10, 7.51969819746e-10, 4.40868626328e-11, 1.29278705796e-11, 2.58301800088e-12, 3.45965416688e-13, 4.97852681389e-13, 2.31196774744e-15, 3.86808580322e-16], [-3.27316771286e-16, 2.11191199077e-14, 4.97234588573e-12, 8.58105166784e-12, 1.72444308832e-10, 8.90879037208e-11, 3.52179084506e-11, 3.13121389928e-10, 1.03086809922e-10, 9.42181110908e-10, 4.56433710272e-11, 6.62072202617e-11, 7.6685185979e-11, 3.50713208475e-11, 4.1025036146e-10, 2.98651592345e-09, 1.11238729339e-09, 1.94768090545e-09, 7.94798837855e-10, 9.92452786619e-10, 5.52580160448e-12, 2.58301800088e-12, 3.1919716436e-12, 2.41546501767e-13, 5.54889684548e-13, 7.82566063732e-16, 3.03153832976e-16], [-2.55988523844e-16, 5.57566796552e-13, 5.22812826018e-12, 3.74691120145e-12, 6.6505564944e-11, 2.74222033969e-11, 1.3058729445e-11, 2.68785462637e-11, 4.4388338491e-12, 8.76858169407e-11, 1.32135957991e-12, 1.07490813125e-11, 7.41756222417e-12, 3.15703301175e-12, 3.75761227689e-11, 2.82705719945e-10, 1.37113126408e-10, 1.94944435594e-10, 9.08684655299e-11, 1.04529544742e-10, 3.0605910601e-12, 3.45965416688e-13, 2.41546501767e-13, 8.9419189284e-13, 7.41520018131e-14, 3.44541556845e-15, 9.12274865923e-17], [1.53959405102e-17, 3.11457944938e-13, 8.21337030506e-13, 1.92297154762e-12, 2.8314068104e-11, 1.98604865193e-11, 3.14136494595e-11, 7.93660484555e-11, 9.16298547454e-12, 2.57658255842e-10, 3.85438556072e-12, 2.22325526045e-11, 1.57870921197e-11, 7.71966345015e-12, 8.35572305791e-11, 6.2910093801e-10, 4.08020367493e-10, 5.29843391384e-10, 2.36418135069e-10, 2.5273258486e-10, 9.72848429419e-13, 4.97852681389e-13, 5.54889684548e-13, 7.41520018131e-14, 2.1530460791e-13, 8.37694832527e-16, 1.01901670062e-16], [-2.64086277934e-17, -1.4900889788e-16, 2.14042596581e-13, 7.25192882091e-14, 8.94731717101e-13, 4.27309690453e-13, 2.40640271381e-13, -2.29603499841e-13, -7.54362772335e-13, -5.35012138758e-13, -1.20080120435e-13, 2.35760711084e-13, -2.39268257578e-14, -2.62596917139e-14, -1.4440095712e-13, -1.14506353618e-12, -3.94083772776e-13, -6.4859429676e-13, -2.0532585506e-13, -3.96136438539e-14, 2.82249453708e-14, 2.31196774744e-15, 7.82566063732e-16, 3.44541556845e-15, 8.37694832527e-16, 3.65913659236e-15, 1.09960162851e-17], [-1.58397862398e-19, 2.98453011877e-16, 2.44137659409e-15, 3.03494128463e-15, 8.63187424099e-14, 4.40756474016e-14, 2.42481273775e-14, 6.58709875924e-14, 3.70394361883e-14, 1.76811934234e-13, 9.86078318337e-15, 1.51233938025e-14, 1.5431063274e-14, 6.09454012187e-15, 7.43535617733e-14, 5.08665429656e-13, 2.22784301857e-13, 3.50487651055e-13, 1.47340053027e-13, 1.43708206142e-13, 8.11744495881e-16, 3.86808580322e-16, 3.03153832976e-16, 9.12274865923e-17, 1.01901670062e-16, 1.09960162851e-17, 8.60055768626e-19]]
    },
    "mfcc": {
        "kurt": [1.14619112015, 3.8015871048, 1.02055501938, 0.749223232269, 0.297033548355, 1.71749401093, 0.483708381653, 1.28957605362, 1.19515562057, 1.0493478775, 0.683856010437, 1.57338905334, 0.911343812943],
        "max": [-621.798461914, 212.500549316, 28.1417274475, 101.840820312, 30.9771690369, 13.7258377075, 36.692779541, 41.3271255493, 45.0887069702, 46.455619812, 32.3699607849, 39.2044944763, 39.9951400757],
        "mean": [-811.892883301, 159.871246338, -40.1509170532, 40.9176368713, -10.4455747604, -25.1740093231, 0.33400529623, -4.54591941833, -0.610812902451, -2.43454241753, -4.18326044083, -5.77021741867, -4.42586898804],
        "median": [-832.350402832, 162.868164062, -29.7570915222, 39.6894264221, -10.2236938477, -22.7171058655, 0.766056060791, -6.07056045532, -0.45140838623, -3.08493804932, -3.58150100708, -4.8302154541, -5.14687347412],
        "min": [-1136.07495117, 3.20319747925, -138.437408447, -1.44730758667, -62.5328369141, -92.5149078369, -41.8841438293, -57.2595558167, -43.9195861816, -45.0522003174, -49.7882766724, -60.1096458435, -37.7901573181],
        "skew": [1.11970925331, -1.33430695534, -1.3585050106, 0.501541376114, -0.126935854554, -1.13148963451, -0.299356430769, 0.716074407101, -0.0262873079628, 0.398158788681, -0.338626891375, -0.701862454414, 0.52584862709],
        "var": [3311.88549805, 303.745239258, 932.296813965, 196.155578613, 153.391876221, 215.165679932, 96.5593566895, 124.046386719, 82.1041030884, 83.7143936157, 68.8135604858, 92.4212417603, 79.2626342773],
        "cov": [[3312.52197266, -386.674926758, -1506.15246582, 321.016235352, -77.5483551025, -416.070770264, -194.889938354, 323.563934326, -0.165426567197, 102.737388611, -153.07989502, -286.625457764, 230.854782104], [-386.674926758, 303.803619385, 212.311630249, -98.4259262085, -0.630380034447, 80.6961212158, 34.9983558655, -73.2735214233, -1.77177357674, -16.0626163483, 30.6603717804, 38.5085601807, -55.2055015564], [-1506.15246582, 212.311630249, 932.475952148, -111.456802368, -20.2678699493, 247.16607666, 106.269615173, -182.91998291, -19.4618721008, -57.9648361206, 89.8641586304, 157.012268066, -125.31640625], [321.016235352, -98.4259262085, -111.456802368, 196.193283081, 3.77469301224, -77.2632446289, -25.5456523895, 45.2712020874, 7.11725187302, 12.2423419952, -13.3610582352, -14.0640058517, 27.0550022125], [-77.5483551025, -0.630380034447, -20.2678699493, 3.77469301224, 153.421340942, 7.30755567551, -3.59922885895, 28.5472373962, 7.35383892059, -1.51622700691, -5.96307659149, -4.69774436951, 15.6294765472], [-416.070770264, 80.6961212158, 247.16607666, -77.2632446289, 7.30755567551, 215.20703125, 53.7507629395, -81.1248703003, -3.44277048111, -21.7869567871, 34.5118370056, 28.4629669189, -38.307472229], [-194.889938354, 34.9983558655, 106.269615173, -25.5456523895, -3.59922885895, 53.7507629395, 96.577911377, -12.9732961655, -3.88919615746, 9.2016210556, 8.48810863495, 17.7005252838, -14.9227828979], [323.563934326, -73.2735214233, -182.91998291, 45.2712020874, 28.5472373962, -81.1248703003, -12.9732961655, 124.070220947, 26.36810112, 7.5061879158, -15.886423111, -33.3712234497, 33.3648071289], [-0.165426567197, -1.77177357674, -19.4618721008, 7.11725187302, 7.35383892059, -3.44277048111, -3.88919615746, 26.36810112, 82.1198806763, 26.924987793, -11.1106882095, -0.892610490322, -8.26972770691], [102.737388611, -16.0626163483, -57.9648361206, 12.2423419952, -1.51622700691, -21.7869567871, 9.2016210556, 7.5061879158, 26.924987793, 83.7304763794, 3.25431466103, -24.7575492859, 8.17219257355], [-153.07989502, 30.6603717804, 89.8641586304, -13.3610582352, -5.96307659149, 34.5118370056, 8.48810863495, -15.886423111, -11.1106882095, 3.25431466103, 68.8267822266, 29.4324436188, -18.3834400177], [-286.625457764, 38.5085601807, 157.012268066, -14.0640058517, -4.69774436951, 28.4629669189, 17.7005252838, -33.3712234497, -0.892610490322, -24.7575492859, 29.4324436188, 92.4390029907, -5.87646627426], [230.854782104, -55.2055015564, -125.31640625, 27.0550022125, 15.6294765472, -38.307472229, -14.9227828979, 33.3648071289, -8.26972770691, 8.17219257355, -18.3834400177, -5.87646627426, 79.2778625488]]
    },
    "sccoeffs": {
        "kurt": [2.24070930481, 1.59789133072, 1.10815763474, 3.62716341019, 2.19401884079, 3.78413772583],
        "max": [-0.280971616507, -0.431731760502, -0.290879249573, -0.409095019102, -0.447718948126, -0.575426757336],
        "mean": [-0.674773097038, -0.780936956406, -0.772710621357, -0.803171038628, -0.790400981903, -0.797186732292],
        "median": [-0.67956507206, -0.796493053436, -0.802731156349, -0.835823059082, -0.829168200493, -0.801328599453],
        "min": [-0.837084531784, -0.924422442913, -0.916542470455, -0.937500357628, -0.906117737293, -0.941521525383],
        "skew": [0.879054009914, 1.18219959736, 1.28496909142, 2.01697468758, 1.78883457184, 1.19874167442],
        "var": [0.00384395825677, 0.00503303995356, 0.00839714333415, 0.0081538585946, 0.00926203932613, 0.000761179777328],
        "cov": [[0.0038446970284, 0.000423198827775, 0.00060717825545, 0.000591306074057, 0.000799427041784, 0.000139070732985], [0.000423198827775, 0.00503400666639, 0.00271726725623, 0.00264366040938, 0.00309894932434, 0.000491047278047], [0.00060717825545, 0.00271726725623, 0.00839875638485, 0.00598728004843, 0.00622278591618, 0.00101087952498], [0.000591306074057, 0.00264366040938, 0.00598728004843, 0.00815542507917, 0.00681699812412, 0.00116962648463], [0.000799427041784, 0.00309894932434, 0.00622278591618, 0.00681699812412, 0.00926381908357, 0.00136615685187], [0.000139070732985, 0.000491047278047, 0.00101087952498, 0.00116962648463, 0.00136615685187, 0.00076132605318]]
    },
    "scvalleys": {
        "kurt": [4.47059440613, 7.46568012238, 7.51054477692, 6.9644317627, 4.13517189026, 1.81186246872],
        "max": [-5.68702507019, -4.49443340302, -5.32170391083, -6.37870788574, -6.23408317566, -9.03548145294],
        "mean": [-7.29182338715, -6.5763502121, -7.43134212494, -8.1481256485, -8.44989776611, -11.4291553497],
        "median": [-7.27257442474, -6.59169721603, -7.46511507034, -8.19488143921, -8.54800033569, -11.4925270081],
        "min": [-12.0199222565, -11.8801212311, -12.5379076004, -13.1839179993, -13.58340168, -15.6587219238],
        "skew": [-0.695462167263, -0.189449802041, 0.19515812397, -0.0899721831083, 0.305256694555, 0.234733998775],
        "var": [0.23183272779, 0.183240666986, 0.180643126369, 0.170481786132, 0.22889970243, 0.315454185009],
        "cov": [[0.231877267361, 0.0504486896098, 0.0558113157749, 0.0546049885452, 0.0519483238459, 0.053582675755], [0.0504486896098, 0.183275878429, 0.0930018946528, 0.0887405201793, 0.102541334927, 0.0968575179577], [0.0558113157749, 0.0930018946528, 0.180677846074, 0.115527167916, 0.121960431337, 0.111641958356], [0.0546049885452, 0.0887405201793, 0.115527167916, 0.170514553785, 0.145162388682, 0.134455367923], [0.0519483238459, 0.102541334927, 0.121960431337, 0.145162388682, 0.228943690658, 0.206277668476], [0.053582675755, 0.0968575179577, 0.111641958356, 0.134455367923, 0.206277668476, 0.315514802933]]
    }
},
"rhythm": {
    "beats_loudness": {
        "kurt": 8.45695590973,
        "max": 0.0532891154289,
        "mean": 0.00477725453675,
        "median": 0.000799718138296,
        "min": 0.00021133563132,
        "skew": 2.87631440163,
        "var": 8.60913423821e-05
    },
    "bpm": 109.933456421,
    "confidence": -0.109017416835,
    "first_peak_bpm": {
        "kurt": 0,
        "max": 110,
        "mean": 110,
        "median": 110,
        "min": 110,
        "skew": 0,
        "var": 0
    },
    "first_peak_spread": {
        "kurt": 0,
        "max": 0.62790697813,
        "mean": 0.62790697813,
        "median": 0.62790697813,
        "min": 0.62790697813,
        "skew": 0,
        "var": 0
    },
    "first_peak_weight": {
        "kurt": 0,
        "max": 0.0720720738173,
        "mean": 0.0720720738173,
        "median": 0.0720720738173,
        "min": 0.0720720738173,
        "skew": 0,
        "var": 0
    },
    "onset_rate": 2.00279808044,
    "second_peak_bpm": {
        "kurt": 0,
        "max": 117,
        "mean": 117,
        "median": 117,
        "min": 117,
        "skew": 0,
        "var": 0
    },
    "second_peak_spread": {
        "kurt": 0,
        "max": 0.53125,
        "mean": 0.53125,
        "median": 0.53125,
        "min": 0.53125,
        "skew": 0,
        "var": 0
    },
    "second_peak_weight": {
        "kurt": 0,
        "max": 0.0675675645471,
        "mean": 0.0675675645471,
        "median": 0.0675675645471,
        "min": 0.0675675645471,
        "skew": 0,
        "var": 0
    },
    "beats_loudness_band_ratio": {
        "kurt": [-0.704959630966, -0.0126521587372, 1.01374197006, 17.2815914154, 2.80193805695, 35.1891975403],
        "max": [0.683122217655, 0.792945444584, 0.974234938622, 0.840061128139, 0.820380270481, 0.929866552353],
        "mean": [0.206520706415, 0.251818656921, 0.311359256506, 0.0938479825854, 0.14925070107, 0.0575470849872],
        "median": [0.19616150856, 0.247078940272, 0.265792220831, 0.0637275278568, 0.0633435845375, 0.0248884614557],
        "min": [0.00128075119574, 0.00298976222984, 0.0188808683306, 0.00303645199165, 0.00333483587019, 0.00102169474121],
        "skew": [0.487518638372, 0.504406452179, 1.14097726345, 3.54436016083, 1.90232098103, 4.85917329788],
        "var": [0.0273032803088, 0.0283969696611, 0.0391058288515, 0.00992082618177, 0.0341981202364, 0.00866492744535],
        "cov": [[0.0274262689054, 0.00898777320981, -0.00948475394398, -0.00429287087172, -0.0153214605525, -0.00504460697994], [0.00898777320981, 0.0285248849541, -0.00672934995964, -0.00409554922953, -0.0167154315859, -0.00540005462244], [-0.00948475394398, -0.00672934995964, 0.0392819829285, -0.00306489155628, -0.0129562811926, -0.00524970144033], [-0.00429287087172, -0.00409554922953, -0.00306489155628, 0.00996551383287, 0.00144265219569, 0.000132472297992], [-0.0153214605525, -0.0167154315859, -0.0129562811926, 0.00144265219569, 0.0343521684408, 0.00591770326719], [-0.00504460697994, -0.00540005462244, -0.00524970144033, 0.000132472297992, 0.00591770326719, 0.00870395824313]]
    },
    "beats_position": [0.53405892849, 1.11455774307, 1.68344664574, 2.2523355484, 2.83283448219, 3.39011335373, 3.97061228752, 4.55111122131, 5.10838985443, 5.6888885498, 6.26938772202, 6.86149644852, 7.50004529953, 8.12698364258, 8.75392246246, 9.4040813446, 10.0542402267, 10.6463489532, 11.2384576797, 11.7957363129, 12.3762359619, 12.9451246262, 13.5140132904, 14.0829019547, 14.66340065, 15.2090702057, 15.7547388077, 16.3004074097, 16.8460769653, 17.391746521, 17.9141941071, 18.4598636627, 18.9939231873, 19.5976409912, 20.2129707336, 20.9095687866, 21.5945568085, 22.2911567688, 22.9877548218, 23.6611328125, 24.3345127106, 24.984670639, 25.5767803192, 26.1921081543, 26.7609977722, 27.3298854828, 27.8871650696, 28.4328346252, 29.0017223358, 29.5590019226, 30.1394996643, 30.6967792511, 31.2540588379, 31.8113365173, 32.3686180115, 32.9026756287, 33.4483451843, 33.9824028015, 34.5164604187, 35.0389099121, 35.572971344, 36.1302490234, 36.6875267029, 37.3144645691, 37.9297943115, 38.5335159302, 39.1488418579, 39.7757797241, 40.402721405, 41.0180473328, 41.6449890137, 42.2835350037, 42.9104766846, 43.5258026123, 44.1527442932, 44.7216300964, 45.2672996521, 45.8129692078, 46.3238105774, 46.8346481323, 47.3687057495, 47.8795471191, 48.4019927979, 48.9128341675, 49.4236717224, 49.934513092, 50.4337387085, 50.9678001404, 51.5018577576, 52.0475273132, 52.6164169312, 53.1620864868, 53.6845359802, 54.2302017212, 54.7642631531, 55.275100708, 55.7743301392, 56.2619476318, 56.761177063, 57.2720184326, 57.7712478638, 58.2820854187, 58.7929229736, 59.280544281, 59.6985015869, 60.104850769, 60.5228118896, 60.9291610718, 61.3355102539, 61.741859436, 62.1598167419, 62.5777778625, 62.9841270447, 63.3904762268, 63.7852134705, 64.1915664673, 64.5979156494, 64.9926528931, 65.4570541382, 65.9214477539, 66.3742370605, 66.8270263672, 67.2798156738, 67.7326049805, 68.2086181641, 68.6730117798, 69.1490249634, 69.6134262085, 70.0778198242, 70.5422210693, 71.029838562, 71.5406799316, 72.0515213013, 72.57396698, 73.0731964111, 73.5608139038, 74.0368270874, 74.5244445801, 75.0004501343, 75.488067627, 75.9640808105, 76.4284820557, 76.9044876099, 77.5198135376, 78.1235351562, 78.738861084, 79.3774108887, 80.0275726318, 80.6661224365, 81.3162765503, 81.9432220459, 82.5701599121, 83.1738739014, 83.8008117676, 84.4277572632, 85.0082550049, 85.5655288696, 86.1344223022, 86.6336517334, 87.1560974121, 87.6669387817, 88.1197280884, 88.5609054565, 89.0020828247, 89.3968200684, 89.7915649414, 90.1746902466, 90.5810394287, 91.0106124878, 91.4401779175, 91.8813552856, 92.3341445923, 92.7637176514, 93.216506958, 93.6692962646, 94.1220855713, 94.5748748779, 94.9928359985, 95.4224014282, 95.8519744873, 96.281539917, 96.7227172852, 97.1755065918, 97.61668396, 98.0578689575, 98.5570983887, 99.0795440674, 99.6019973755, 100.147659302, 100.681724548, 101.215782166, 101.749839783, 102.260681152, 102.783126831, 103.305580139, 103.816413879, 104.431747437, 105.070289612, 105.708839417, 106.35900116, 106.997550964, 107.636100769, 108.251426697, 108.797096252, 109.33115387, 109.876823425, 110.434104919, 110.991378784, 111.583488464, 112.175598145, 112.779319763, 113.406257629, 114.033195496, 114.648521423, 115.26385498, 115.844352722, 116.436462402, 117.05178833, 117.64389801, 118.23600769, 118.839729309, 119.443443298, 120.047164917],
    "bpm_estimates": [105.46875, 105.46875, 107.666023254, 107.666069031, 107.666069031, 105.468788147, 105.468788147, 105.468788147, 109.95665741, 109.956848145, 109.956848145, 109.95665741, 109.95665741, 114.844055176, 109.95665741, 112.34703064, 105.468612671, 105.468971252, 107.665885925, 109.95665741, 105.468971252, 107.665885925, 107.665885925, 107.665885925, 107.666252136, 107.665519714, 112.347427368, 109.95665741, 112.347427368, 112.347427368, 114.843635559, 112.346626282, 107.666252136, 107.666252136, 105.469322205, 109.95665741, 109.95665741, 112.347427368, 114.844474792, 112.346626282, 112.347427368, 109.95665741, 105.468612671, 109.95665741, 114.843635559, 109.957427979, 112.346626282, 114.844474792, 107.666992188, 105.467910767, 114.844474792, 114.844474792, 114.842796326, 109.958190918, 112.345825195, 112.347427368, 112.347427368, 114.844474792, 114.842796326, 109.95665741, 112.347427368, 109.95665741, 107.665519714, 107.666992188],
