{
"metadata": {
    "version": {
        "essentia": "2.1-beta3"
    }
},
"lowLevel": {
    "average_loudness": 0.551293194294,
    "barkbands_kurtosis": {
        "kurt": 21.5156059265,
        "max": 21.1727333069,
        "mean": 1.03388512135,
        "median": 0.53352701664,
        "min": -1.43760025501,
        "skew": 3.67295908928,
        "var": 4.5242934227
    },
    "barkbands_skewness": {
        "kurt": 3.77541923523,
        "max": 4.4012131691,
        "mean": 1.07062280178,
        "median": 1.01718866825,
        "min": -1.24656021595,
        "skew": 0.980049729347,
        "var": 0.317734092474
    },
    "barkbands_spread": {
        "kurt": 2.98617315292,
        "max": 52.0904197693,
        "mean": 17.8802318573,
        "median": 17.5943145752,
        "min": 2.89048862457,
        "skew": 0.64362090826,
        "var": 28.7705287933
    },
    "dissonance": {
        "kurt": 38.5261573792,
        "max": 0.499840676785,
        "mean": 0.470510959625,
        "median": 0.477520406246,
        "min": 0.0930209308863,
        "skew": -5.21503973007,
        "var": 0.0011467753211
    },
    "hfc": {
        "kurt": 180.555023193,
        "max": 13.7014684677,
        "mean": 0.0821087658405,
        "median": 0.00161217304412,
        "min": 3.16617661156e-06,
        "skew": 13.0380373001,
        "var": 0.7258644104
    },
    "pitch": {
        "kurt": 11.0387325287,
        "max": 1267.49597168,
        "mean": 235.657852173,
        "median": 216.871459961,
        "min": 68.5461654663,
        "skew": 2.91378378868,
        "var": 22704.8710938
    },
    "pitch_instantaneous_confidence": {
        "kurt": 8.24883556366,
        "max": 0.857931733131,
        "mean": 0.246289774776,
        "median": 0.220081418753,
        "min": 0.0994559526443,
        "skew": 2.57700777054,
        "var": 0.0110925249755
    },
    "pitch_salience": {
        "kurt": 7.09508991241,
        "max": 0.94312775135,
        "mean": 0.704775035381,
        "median": 0.717989504337,
        "min": 0.135975718498,
        "skew": -1.89319956303,
        "var": 0.00680311815813
    },
    "silence_rate_20dB": {
        "kurt": 0,
        "max": 1,
        "mean": 1,
        "median": 1,
        "min": 1,
        "skew": 0,
        "var": 0
    },
    "silence_rate_30dB": {
        "kurt": 0,
        "max": 1,
        "mean": 1,
        "median": 1,
        "min": 1,
        "skew": 0,
        "var": 0
    },
    "silence_rate_60dB": {
        "kurt": 90.7245101929,
        "max": 1,
        "mean": 0.989552259445,
        "median": 1,
        "min": 0,
        "skew": -9.62939167023,
        "var": 0.0103386221454
    },
    "spectral_centroid": {
        "kurt": 3.02420186996,
        "max": 2126.98193359,
        "mean": 694.702453613,
        "median": 671.996643066,
        "min": 216.233322144,
        "skew": 1.13615131378,
        "var": 51464.6875
    },
    "spectral_complexity": {
        "kurt": 97.0686264038,
        "max": 12,
        "mean": 0.102985076606,
        "median": 0,
        "min": 0,
        "skew": 9.43232822418,
        "var": 0.743128716946
    },
    "spectral_crest": {
        "kurt": 1.31928682327,
        "max": 22.7143707275,
        "mean": 7.42845535278,
        "median": 6.78733301163,
        "min": 2.80849814415,
        "skew": 1.0168671608,
        "var": 8.56520557404
    },
    "spectral_decrease": {
        "kurt": 166.774673462,
        "max": -4.27488819922e-16,
        "mean": -1.95739344871e-11,
        "median": -5.88370064475e-13,
        "min": -3.03449021466e-09,
        "skew": -12.5863599777,
        "var": 3.83162047391e-20
    },
    "spectral_energy": {
        "kurt": 167.961990356,
        "max": 0.0126956347376,
        "mean": 8.13240330899e-05,
        "median": 2.36442792811e-06,
        "min": 1.90062010574e-09,
        "skew": 12.6250486374,
        "var": 6.65472896344e-07
    },
    "spectral_energyband_high": {
        "kurt": 149.99168396,
        "max": 1.81358900591e-05,
        "mean": 1.49732301225e-07,
        "median": 1.86596977869e-08,
        "min": 8.9188018082e-11,
        "skew": 11.7848777771,
        "var": 1.32158758763e-12
    },
    "spectral_energyband_low": {
        "kurt": 132.606903076,
        "max": 4.23488309025e-05,
        "mean": 7.48927675431e-07,
        "median": 3.65994822005e-07,
        "min": 1.44284126313e-10,
        "skew": 11.0282869339,
        "var": 7.95711413426e-12
    },
    "spectral_energyband_middle_high": {
        "kurt": 184.838302612,
        "max": 0.00988697912544,
        "mean": 5.87006434216e-05,
        "median": 6.43545035928e-07,
        "min": 1.13976972305e-09,
        "skew": 13.2061195374,
        "var": 3.85541738979e-07
    },
    "spectral_energyband_middle_low": {
        "kurt": 200.800674438,
        "max": 0.00448902323842,
        "mean": 2.47625412158e-05,
        "median": 1.3045871583e-06,
        "min": 5.61563129331e-10,
        "skew": 13.5654258728,
        "var": 6.43411937062e-08
    },
    "spectral_flatness_db": {
        "kurt": 3.84457111359,
        "max": 0.303337395191,
        "mean": 0.154465466738,
        "median": 0.152526050806,
        "min": 0.0675058439374,
        "skew": 1.17639505863,
        "var": 0.000922806560993
    },
    "spectral_flux": {
        "kurt": 65.2520294189,
        "max": 0.0895670354366,
        "mean": 0.00222580973059,
        "median": 0.000975576986093,
        "min": 0.000376555108232,
        "skew": 7.88487768173,
        "var": 6.84902988723e-05
    },
    "spectral_kurtosis": {
        "kurt": 1.18569850922,
        "max": 23.3741817474,
        "mean": 9.07896137238,
        "median": 8.69513702393,
        "min": -0.45484662056,
        "skew": 0.540195703506,
        "var": 10.3602237701
    },
    "spectral_rms": {
        "kurt": 106.111839294,
        "max": 0.00351937278174,
        "mean": 8.31425204524e-05,
        "median": 4.80287271785e-05,
        "min": 1.36171343001e-06,
        "skew": 9.91468048096,
        "var": 7.24278308439e-08
    },
    "spectral_rolloff": {
        "kurt": 7.32733726501,
        "max": 5254.1015625,
        "mean": 1242.40222168,
        "median": 1162.79296875,
        "min": 150.732421875,
        "skew": 1.7530053854,
        "var": 255986.203125
    },
    "spectral_skewness": {
        "kurt": 2.31925821304,
        "max": 3.88564634323,
        "mean": 2.37820053101,
        "median": 2.35597896576,
        "min": 0.614758431911,
        "skew": -0.14360947907,
        "var": 0.143070876598
    },
    "spectral_spread": {
        "kurt": 34.1692390442,
        "max": 13474554,
        "mean": 3432039.25,
        "median": 3218786.5,
        "min": 2142306.75,
        "skew": 5.12440156937,
        "var": 1.18855932314e+12
    },
    "spectral_strongpeak": {
        "kurt": 155.20930481,
        "max": 2.24541139603,
        "mean": 0.0214869212359,
        "median": 0.00314397737384,
        "min": 0,
        "skew": 11.834280014,
        "var": 0.0223971772939
    },
    "zerocrossingrate": {
        "kurt": 1.08491611481,
        "max": 0.087890625,
        "mean": 0.0459049977362,
        "median": 0.04443359375,
        "min": 0.00439453125,
        "skew": 0.676876723766,
        "var": 0.00014572168584
    },
    "barkbands": {
        "kurt": [6.94000148773, 19.781332016, 178.373535156, 107.089035034, 8.22250080109, 143.687011719, 223.573547363, 247.635498047, 143.955032349, 155.335479736, 177.346313477, 202.411102295, 210.714553833, 136.03817749, 254.38848877, 277.506469727, 200.317169189, 263.231323242, 176.843276978, 151.750015259, 187.468048096, 203.681411743, 121.341125488, 106.68548584, 151.045776367, 139.184768677, 212.186920166],
        "max": [2.72796274459e-08, 1.66046811501e-06, 2.45137071033e-05, 2.1308180294e-05, 4.26500628237e-06, 0.000114591537567, 0.00398504035547, 4.80552880617e-05, 7.99785175332e-06, 0.00147122493945, 0.00386863830499, 0.000794005696662, 0.00253264722414, 7.43421478546e-05, 0.000695551163517, 0.000295847596135, 0.000261131412117, 0.00016421561304, 8.40247594169e-05, 1.2445104403e-05, 8.35142509459e-06, 5.94926632402e-06, 4.19281946051e-07, 4.93714935601e-07, 9.7920508324e-07, 3.31655733987e-08, 6.44400643957e-10],
        "mean": [3.35928351802e-09, 1.54626434323e-07, 3.25615758356e-07, 4.01982447329e-07, 6.0913885136e-07, 9.37738263929e-07, 1.90080118045e-05, 3.34317803663e-07, 2.36774624796e-07, 1.01577097666e-05, 2.45044757321e-05, 4.30234103987e-06, 1.25760561787e-05, 5.68657242184e-07, 3.09570054924e-06, 1.19665321563e-06, 1.37269023526e-06, 7.702478797e-07, 5.41868985238e-07, 1.14905169823e-07, 5.84081192301e-08, 3.62157521749e-08, 4.39862768431e-09, 5.53236167988e-09, 6.45439390823e-09, 2.44319203757e-10, 4.03514981845e-12],
        "median": [2.19445928096e-09, 1.08547325794e-07, 1.28131190991e-07, 1.49172620922e-07, 4.07704476402e-07, 1.23145838415e-07, 8.89318130248e-08, 8.08850018075e-08, 1.33163354121e-07, 1.22540171787e-07, 1.01709204614e-07, 7.43393684388e-08, 6.14434583213e-08, 4.1412889118e-08, 4.44590781967e-08, 3.33983578571e-08, 3.23199458307e-08, 2.97379472158e-08, 2.71800715268e-08, 1.72885137317e-08, 6.98199853488e-09, 1.68478031526e-09, 4.70311678491e-10, 3.0594388134e-10, 1.18383081116e-10, 2.79022790116e-12, 8.52101727936e-14],
        "min": [1.08808248869e-11, 5.03487321279e-11, 4.96529414806e-11, 6.63576832372e-11, 2.1531518235e-10, 1.68956640345e-10, 5.17770479269e-11, 7.17566717851e-12, 3.52343570986e-11, 5.08015990386e-11, 7.32611610266e-11, 1.98054128653e-10, 9.54196860414e-11, 1.7563700494e-10, 4.05123885827e-11, 3.88533892559e-11, 3.40347507122e-11, 5.79368462927e-11, 1.78244904947e-10, 2.56550169997e-10, 2.00143755735e-11, 2.31573094034e-12, 3.3089210625e-12, 1.50677387234e-12, 1.23485314855e-12, 4.40963482092e-13, 1.35405069115e-14],
        "skew": [2.21597337723, 3.3695204258, 12.4824848175, 10.0345144272, 2.47849678993, 11.6245861053, 14.1786661148, 14.849697113, 11.0362691879, 12.02023983, 13.0257282257, 13.9418897629, 14.062245369, 11.0731716156, 15.504193306, 16.1323852539, 13.5754833221, 15.1888303757, 12.9391803741, 11.8324804306, 12.9191064835, 13.807926178, 10.7742910385, 10.1447935104, 11.8359146118, 11.5054035187, 13.8342580795],
        "var": [1.32497128774e-17, 2.56717475104e-14, 1.92890169982e-12, 2.62308967949e-12, 3.55007689912e-13, 5.69360079916e-11, 4.53489690244e-08, 6.02040205883e-12, 2.86709512468e-13, 9.17214837415e-09, 6.85186876126e-08, 2.37580044526e-09, 2.10355555197e-08, 2.17682503967e-11, 1.44281542269e-09, 2.28255109258e-10, 2.12611289685e-10, 6.7069398646e-11, 2.73334150452e-11, 6.99027424486e-13, 2.22736339464e-13, 1.33531166267e-13, 9.5474006864e-16, 1.75006620727e-15, 3.68369377157e-15, 5.37546753867e-18, 1.45674038546e-21],
        "cov": [[1.32695180628e-17, 1.10492800991e-16, 4.78975426453e-16, 7.86548653831e-16, 4.666547499e-16, 9.29148662205e-16, -1.9870336269e-15, -8.81659257091e-17, 7.41924231783e-17, 1.05414156611e-14, 4.72170689862e-14, 8.20216646474e-15, 7.80716874341e-15, 3.08534715653e-16, 2.23938104727e-15, 1.90966267288e-15, -2.93252256051e-16, 1.89685828758e-16, 9.87333684692e-16, 1.02194677287e-16, 8.96122278491e-17, 3.32715501211e-17, 2.66565755956e-18, 5.35718188405e-18, 4.27017308775e-18, 2.79908174066e-19, 7.63817365941e-21], [1.10492800991e-16, 2.57101214911e-14, 5.74686714774e-14, 7.18070622494e-14, 1.56509530271e-14, 8.83391667109e-15, -2.60015153939e-13, 3.47854196822e-15, 7.93086435283e-15, -1.55426778219e-13, -5.34722331517e-13, -6.28284249171e-14, -3.93316753949e-13, -2.21378430453e-14, -7.60611395373e-14, -1.77908407373e-15, -4.23032851696e-14, -3.5570199943e-14, -2.00956686323e-14, 5.53858856463e-16, 2.3139044221e-17, -3.10611799258e-16, -8.42347862439e-17, -5.33227688201e-17, -2.42224185512e-16, -4.15847268578e-18, 6.00009519386e-19], [4.78975426453e-16, 5.74686714774e-14, 1.93178481024e-12, 2.06962029979e-12, 4.23579187947e-14, -1.49239521023e-13, -4.55621087733e-12, -4.13014891384e-14, 4.73322857959e-14, -2.00957870136e-12, -4.95975482906e-12, -8.25668906076e-13, -2.78116744044e-12, -8.55228770289e-14, -6.48448308938e-13, -2.21616114674e-13, -3.00857510563e-13, -1.50602566442e-13, -9.27884884813e-14, -1.081839967e-14, -6.95194922272e-15, -6.4688630395e-15, -5.68339996427e-16, -9.06544635095e-16, -1.31073689906e-15, -4.95506068512e-17, -6.53811155884e-19], [7.86548653831e-16, 7.18070622494e-14, 2.06962029979e-12, 2.62701058823e-12, 1.00079531251e-13, 1.20475406994e-13, 4.24316126939e-13, 2.28579226944e-14, 8.65185811991e-14, 7.60550747814e-13, 2.15292042006e-12, 5.05826012586e-13, 1.24982879948e-12, 4.24563101418e-14, 3.94709709795e-13, 1.02072105108e-13, -8.28596224836e-14, 1.13757568361e-13, 7.67250100801e-14, 5.23589901159e-15, 3.11195648481e-15, 3.00836541415e-15, 2.65962204449e-16, 6.28811915228e-17, 3.87584488972e-16, 1.01000886919e-17, -1.45964329665e-19], [4.666547499e-16, 1.56509530271e-14, 4.23579187947e-14, 1.00079531251e-13, 3.55538352665e-13, 7.51293504405e-13, 2.13268690902e-11, 3.25287350224e-13, 9.79940073856e-14, 6.86338876357e-12, 1.3758286177e-11, 2.22162522753e-12, 8.7854046954e-12, 3.810229042e-13, 1.6788983398e-12, 4.4702365724e-13, 1.03999946675e-12, 5.4636682548e-13, 3.73939675882e-13, 4.74656324987e-14, 2.48763259747e-14, 2.10793246058e-14, 2.91928486491e-15, 3.84010433451e-15, 5.16827994789e-15, 1.80481439357e-16, 3.24253166439e-18], [9.29148662205e-16, 8.83391667109e-15, -1.49239521023e-13, 1.20475406994e-13, 7.51293504405e-13, 5.70211135253e-11, 1.3965466561e-09, 1.39060160956e-11, 2.58850297967e-12, 6.7856970043e-10, 1.76049697043e-09, 3.32622096533e-10, 1.01451091972e-09, 2.87984532055e-11, 2.59359284049e-10, 9.90780790744e-11, 7.68100305581e-11, 5.40473117649e-11, 3.54456637652e-11, 4.55582143191e-12, 3.00978881575e-12, 2.56792547296e-12, 2.05375701254e-13, 2.72488384937e-13, 4.07644024873e-13, 1.61974095567e-14, 1.42468797676e-16], [-1.9870336269e-15, -2.60015153939e-13, -4.55621087733e-12, 4.24316126939e-13, 2.13268690902e-11, 1.3965466561e-09, 4.54167548014e-08, 4.86639339936e-10, 7.69833086167e-11, 1.7427357335e-08, 4.07945606185e-08, 7.84421594346e-09, 2.67029349743e-08, 7.76251618539e-10, 6.37192343333e-09, 2.22106577574e-09, 2.19420193126e-09, 1.45857004252e-09, 8.95043206217e-10, 1.00495584077e-10, 7.04634822712e-11, 6.45545492062e-11, 5.58944470569e-12, 7.08536484692e-12, 1.08275463248e-11, 4.13960098838e-13, 3.26238826569e-15], [-8.81659257091e-17, 3.47854196822e-15, -4.13014891384e-14, 2.28579226944e-14, 3.25287350224e-13, 1.39060160956e-11, 4.86639339936e-10, 6.02940137054e-12, 1.09522503913e-12, 1.54811372055e-10, 3.15514975258e-10, 6.03581698511e-11, 2.31948807383e-10, 6.79277467608e-12, 5.08519025499e-11, 1.59865419513e-11, 2.17134921154e-11, 1.27606198178e-11, 7.45965181986e-12, 7.89220197441e-13, 5.51243241591e-13, 5.46059616795e-13, 5.3638286846e-14, 6.70433150727e-14, 9.89452253854e-14, 3.74452301916e-15, 4.10347559752e-17], [7.41924231783e-17, 7.93086435283e-15, 4.73322857959e-14, 8.65185811991e-14, 9.79940073856e-14, 2.58850297967e-12, 7.69833086167e-11, 1.09522503913e-12, 2.87138097587e-13, 2.40484351183e-11, 4.50028417309e-11, 8.45966179053e-12, 3.25127216816e-11, 9.99361075664e-13, 6.84044140775e-12, 2.12294743417e-12, 3.17074253138e-12, 1.75335180402e-12, 1.0573396542e-12, 1.23899412323e-13, 8.1331785111e-14, 7.90812727802e-14, 8.45753758097e-15, 1.09621547137e-14, 1.4814672316e-14, 5.85497284048e-16, 9.91102415516e-18], [1.05414156611e-14, -1.55426778219e-13, -2.00957870136e-12, 7.60550747814e-13, 6.86338876357e-12, 6.7856970043e-10, 1.7427357335e-08, 1.54811372055e-10, 2.40484351183e-11, 9.18585829623e-09, 2.44294167118e-08, 4.51247661459e-09, 1.35426070358e-08, 4.20235485299e-10, 3.46602524459e-09, 1.33096134114e-09, 1.09614062271e-09, 7.44834249833e-10, 4.91065632602e-10, 6.77993841625e-11, 4.27229779332e-11, 3.43395624436e-11, 2.80753523728e-12, 3.774634251e-12, 5.60905792299e-12, 2.18330860119e-13, 1.62903155185e-15], [4.72170689862e-14, -5.34722331517e-13, -4.95975482906e-12, 2.15292042006e-12, 1.3758286177e-11, 1.76049697043e-09, 4.07945606185e-08, 3.15514975258e-10, 4.50028417309e-11, 2.44294167118e-08, 6.86211052425e-08, 1.25287487052e-08, 3.59906699998e-08, 1.1004440692e-09, 9.41550393208e-09, 3.77467035406e-09, 2.90244428491e-09, 1.95383620394e-09, 1.33842914529e-09, 1.92975968538e-10, 1.20170706719e-10, 9.28267462896e-11, 7.37009238361e-12, 1.00942301393e-11, 1.48870308442e-11, 5.88502987661e-13, 3.97252184218e-15], [8.20216646474e-15, -6.28284249171e-14, -8.25668906076e-13, 5.05826012586e-13, 2.22162522753e-12, 3.32622096533e-10, 7.84421594346e-09, 6.03581698511e-11, 8.45966179053e-12, 4.51247661459e-09, 1.25287487052e-08, 2.37935160463e-09, 6.76692346602e-09, 1.9633017434e-10, 1.79609005446e-09, 7.18223314156e-10, 4.70177285994e-10, 3.58718388327e-10, 2.45220205253e-10, 3.25083293617e-11, 2.17779041328e-11, 1.74171822798e-11, 1.29131753034e-12, 1.74740376249e-12, 2.63626663902e-12, 1.05974914445e-13, 6.9177334327e-16], [7.80716874341e-15, -3.93316753949e-13, -2.78116744044e-12, 1.24982879948e-12, 8.7854046954e-12, 1.01451091972e-09, 2.67029349743e-08, 2.31948807383e-10, 3.25127216816e-11, 1.35426070358e-08, 3.59906699998e-08, 6.76692346602e-09, 2.10669988121e-08, 6.10632266973e-10, 5.44298561778e-09, 2.05464134595e-09, 1.6526114921e-09, 1.1535929989e-09, 7.24088011772e-10, 9.5822592916e-11, 6.16538070597e-11, 5.25531840267e-11, 4.14287657999e-12, 5.37102610651e-12, 8.39806783143e-12, 3.22557762835e-13, 1.86106373402e-15], [3.08534715653e-16, -2.21378430453e-14, -8.55228770289e-14, 4.24563101418e-14, 3.810229042e-13, 2.87984532055e-11, 7.76251618539e-10, 6.79277467608e-12, 9.99361075664e-13, 4.20235485299e-10, 1.1004440692e-09, 1.9633017434e-10, 6.10632266973e-10, 2.18007886049e-11, 1.5424479749e-10, 5.62884773514e-11, 5.43673092657e-11, 3.5850777208e-11, 2.2740004324e-11, 3.28394733282e-12, 1.92276034504e-12, 1.52384084084e-12, 1.34708609827e-13, 1.80245724487e-13, 2.71479724551e-13, 9.96649289519e-15, 6.9122322184e-17], [2.23938104727e-15, -7.60611395373e-14, -6.48448308938e-13, 3.94709709795e-13, 1.6788983398e-12, 2.59359284049e-10, 6.37192343333e-09, 5.08519025499e-11, 6.84044140775e-12, 3.46602524459e-09, 9.41550393208e-09, 1.79609005446e-09, 5.44298561778e-09, 1.5424479749e-10, 1.44497214194e-09, 5.54439771872e-10, 3.93621135686e-10, 2.95214519497e-10, 1.85667869967e-10, 2.46125758663e-11, 1.60536462596e-11, 1.37001729406e-11, 1.02005264044e-12, 1.32347301521e-12, 2.10208261388e-12, 8.147603821e-14, 4.50356247808e-16], [1.90966267288e-15, -1.77908407373e-15, -2.21616114674e-13, 1.02072105108e-13, 4.4702365724e-13, 9.90780790744e-11, 2.22106577574e-09, 1.59865419513e-11, 2.12294743417e-12, 1.33096134114e-09, 3.77467035406e-09, 7.18223314156e-10, 2.05464134595e-09, 5.62884773514e-11, 5.54439771872e-10, 2.28596294671e-10, 1.48426701485e-10, 1.05464331712e-10, 7.07518280074e-11, 1.02680650441e-11, 6.71948911443e-12, 5.3502207005e-12, 3.85092131794e-13, 5.1732142875e-13, 7.81667536687e-13, 3.1972745984e-14, 1.7812597308e-16], [-2.93252256051e-16, -4.23032851696e-14, -3.00857510563e-13, -8.28596224836e-14, 1.03999946675e-12, 7.68100305581e-11, 2.19420193126e-09, 2.17134921154e-11, 3.17074253138e-12, 1.09614062271e-09, 2.90244428491e-09, 4.70177285994e-10, 1.6526114921e-09, 5.43673092657e-11, 3.93621135686e-10, 1.48426701485e-10, 2.12929091026e-10, 9.49860745614e-11, 5.67905687754e-11, 1.07643173888e-11, 5.39517475834e-12, 4.12109452466e-12, 4.1699537703e-13, 5.53512910419e-13, 7.91892864217e-13, 2.92030600548e-14, 1.82069387905e-16], [1.89685828758e-16, -3.5570199943e-14, -1.50602566442e-13, 1.13757568361e-13, 5.4636682548e-13, 5.40473117649e-11, 1.45857004252e-09, 1.27606198178e-11, 1.75335180402e-12, 7.44834249833e-10, 1.95383620394e-09, 3.58718388327e-10, 1.1535929989e-09, 3.5850777208e-11, 2.95214519497e-10, 1.05464331712e-10, 9.49860745614e-11, 6.71696517851e-11, 4.05965989991e-11, 5.32143990331e-12, 3.23813914051e-12, 2.82274724428e-12, 2.33434772163e-13, 2.99809764688e-13, 4.79886258769e-13, 1.75467313476e-14, 1.08604056485e-16], [9.87333684692e-16, -2.00956686323e-14, -9.27884884813e-14, 7.67250100801e-14, 3.73939675882e-13, 3.54456637652e-11, 8.95043206217e-10, 7.45965181986e-12, 1.0573396542e-12, 4.91065632602e-10, 1.33842914529e-09, 2.45220205253e-10, 7.24088011772e-10, 2.2740004324e-11, 1.85667869967e-10, 7.07518280074e-11, 5.67905687754e-11, 4.05965989991e-11, 2.73742729873e-11, 3.55069272595e-12, 2.26901136768e-12, 1.8226717878e-12, 1.48676833648e-13, 2.00309875024e-13, 3.02754620419e-13, 1.16277269456e-14, 7.84981695819e-17], [1.02194677287e-16, 5.53858856463e-16, -1.081839967e-14, 5.23589901159e-15, 4.74656324987e-14, 4.55582143191e-12, 1.00495584077e-10, 7.89220197441e-13, 1.23899412323e-13, 6.77993841625e-11, 1.92975968538e-10, 3.25083293617e-11, 9.5822592916e-11, 3.28394733282e-12, 2.46125758663e-11, 1.02680650441e-11, 1.07643173888e-11, 5.32143990331e-12, 3.55069272595e-12, 7.0007227012e-13, 3.67359029481e-13, 2.55030317611e-13, 2.31469625232e-14, 3.26138550574e-14, 4.45174699513e-14, 1.73640515401e-15, 1.43179471554e-17], [8.96122278491e-17, 2.3139044221e-17, -6.95194922272e-15, 3.11195648481e-15, 2.48763259747e-14, 3.00978881575e-12, 7.04634822712e-11, 5.51243241591e-13, 8.1331785111e-14, 4.27229779332e-11, 1.20170706719e-10, 2.17779041328e-11, 6.16538070597e-11, 1.92276034504e-12, 1.60536462596e-11, 6.71948911443e-12, 5.39517475834e-12, 3.23813914051e-12, 2.26901136768e-12, 3.67359029481e-13, 2.23069284398e-13, 1.62903246665e-13, 1.32335608062e-14, 1.84634717183e-14, 2.58854369824e-14, 1.05114110013e-15, 7.63518311069e-18], [3.32715501211e-17, -3.10611799258e-16, -6.4688630395e-15, 3.00836541415e-15, 2.10793246058e-14, 2.56792547296e-12, 6.45545492062e-11, 5.46059616795e-13, 7.90812727802e-14, 3.43395624436e-11, 9.28267462896e-11, 1.74171822798e-11, 5.25531840267e-11, 1.52384084084e-12, 1.37001729406e-11, 5.3502207005e-12, 4.12109452466e-12, 2.82274724428e-12, 1.8226717878e-12, 2.55030317611e-13, 1.62903246665e-13, 1.33730754335e-13, 1.04177403805e-14, 1.37898031075e-14, 2.09342583551e-14, 8.22938618614e-16, 5.4609512783e-18], [2.66565755956e-18, -8.42347862439e-17, -5.68339996427e-16, 2.65962204449e-16, 2.91928486491e-15, 2.05375701254e-13, 5.58944470569e-12, 5.3638286846e-14, 8.45753758097e-15, 2.80753523728e-12, 7.37009238361e-12, 1.29131753034e-12, 4.14287657999e-12, 1.34708609827e-13, 1.02005264044e-12, 3.85092131794e-13, 4.1699537703e-13, 2.33434772163e-13, 1.48676833648e-13, 2.31469625232e-14, 1.32335608062e-14, 1.04177403805e-14, 9.56167213277e-16, 1.27509682314e-15, 1.85358464485e-15, 7.00708667361e-17, 5.07097439358e-19], [5.35718188405e-18, -5.33227688201e-17, -9.06544635095e-16, 6.28811915228e-17, 3.84010433451e-15, 2.72488384937e-13, 7.08536484692e-12, 6.70433150727e-14, 1.09621547137e-14, 3.774634251e-12, 1.00942301393e-11, 1.74740376249e-12, 5.37102610651e-12, 1.80245724487e-13, 1.32347301521e-12, 5.1732142875e-13, 5.53512910419e-13, 2.99809764688e-13, 2.00309875024e-13, 3.26138550574e-14, 1.84634717183e-14, 1.37898031075e-14, 1.27509682314e-15, 1.75268216265e-15, 2.45426081225e-15, 9.46047525368e-17, 7.99166021459e-19], [4.27017308775e-18, -2.42224185512e-16, -1.31073689906e-15, 3.87584488972e-16, 5.16827994789e-15, 4.07644024873e-13, 1.08275463248e-11, 9.89452253854e-14, 1.4814672316e-14, 5.60905792299e-12, 1.48870308442e-11, 2.63626663902e-12, 8.39806783143e-12, 2.71479724551e-13, 2.10208261388e-12, 7.81667536687e-13, 7.91892864217e-13, 4.79886258769e-13, 3.02754620419e-13, 4.45174699513e-14, 2.58854369824e-14, 2.09342583551e-14, 1.85358464485e-15, 2.45426081225e-15, 3.68919990924e-15, 1.37720741255e-16, 9.21708538209e-19], [2.79908174066e-19, -4.15847268578e-18, -4.95506068512e-17, 1.01000886919e-17, 1.80481439357e-16, 1.61974095567e-14, 4.13960098838e-13, 3.74452301916e-15, 5.85497284048e-16, 2.18330860119e-13, 5.88502987661e-13, 1.05974914445e-13, 3.22557762835e-13, 9.96649289519e-15, 8.147603821e-14, 3.1972745984e-14, 2.92030600548e-14, 1.75467313476e-14, 1.16277269456e-14, 1.73640515401e-15, 1.05114110013e-15, 8.22938618614e-16, 7.00708667361e-17, 9.46047525368e-17, 1.37720741255e-16, 5.38350277114e-18, 3.86949145192e-20], [7.63817365941e-21, 6.00009519386e-19, -6.53811155884e-19, -1.45964329665e-19, 3.24253166439e-18, 1.42468797676e-16, 3.26238826569e-15, 4.10347559752e-17, 9.91102415516e-18, 1.62903155185e-15, 3.97252184218e-15, 6.9177334327e-16, 1.86106373402e-15, 6.9122322184e-17, 4.50356247808e-16, 1.7812597308e-16, 1.82069387905e-16, 1.08604056485e-16, 7.84981695819e-17, 1.43179471554e-17, 7.63518311069e-18, 5.4609512783e-18, 5.07097439358e-19, 7.99166021459e-19, 9.21708538209e-19, 3.86949145192e-20, 1.45891789399e-21]]
    },
    "mfcc": {
        "kurt": [22.6440620422, 2.17720317841, 18.0516986847, 4.42786884308, 5.4669380188, 2.08477210999, 1.49367189407, 0.446583747864, 0.395952701569, 2.7122092247, 0.207390069962, -0.117571353912, 6.59457588196],
        "max": [-742.514343262, 149.012252808, 45.1213722229, 25.1340065002, 21.6959533691, 17.2512359619, 24.0141334534, 24.5494327545, 15.5272483826, 8.8524646759, 10.3058662415, 7.04730224609, 33.8492164612],
        "mean": [-1054.75720215, 76.5032043457, 17.5276737213, 0.787825405598, 0.827610552311, -0.120685167611, 2.66943836212, 2.45882225037, -1.82544004917, -3.92856812477, -5.20516252518, -6.78407621384, -5.07909297943],
        "median": [-1059.52050781, 77.0770797729, 21.628112793, 0.50110244751, 1.16012573242, 0.674758911133, 2.83860397339, 2.69137191772, -1.25996780396, -3.56502532959, -5.04205322266, -6.83061599731, -5.34465408325],
        "min": [-1138.42004395, 1.14440917969e-05, -127.11126709, -58.2064476013, -39.9084243774, -39.8757858276, -31.428565979, -17.5596656799, -21.6578273773, -33.9711112976, -23.3358821869, -23.0381622314, -20.5152854919],
        "skew": [3.88374567032, 0.471293658018, -3.52595376968, -1.12195968628, -1.37950408459, -0.992533326149, -0.382136523724, -0.0015591540141, -0.450708568096, -0.891042709351, -0.120531491935, 0.0356631502509, 1.51413726807],
        "var": [1667.15637207, 233.972137451, 456.976623535, 107.394096375, 55.3549957275, 57.5020980835, 40.1314964294, 36.8545188904, 38.7096977234, 31.4910831451, 24.2428855896, 23.3775138855, 32.8904304504],
        "cov": [[1669.64831543, 499.966705322, -803.424133301, -282.880249023, -117.251037598, -168.642547607, -50.6587142944, -52.3600578308, -99.3646850586, -80.5328445435, 19.7140140533, 3.83450961113, 105.20765686], [499.966705322, 234.321868896, -193.205688477, -88.5475921631, -19.1077804565, -42.2514877319, -7.05198860168, -4.45255661011, -30.819519043, -16.7104110718, 7.22242498398, -0.396800816059, 20.4135799408], [-803.424133301, -193.205688477, 457.659698486, 160.661895752, 65.4456863403, 94.4916992188, 31.8666114807, 31.1293010712, 48.8535919189, 38.4055862427, -4.21665143967, 1.97689151764, -53.1864547729], [-282.880249023, -88.5475921631, 160.661895752, 107.554626465, 51.5826568604, 27.3223361969, 11.0210485458, 9.53618335724, 14.1403160095, 17.8298492432, 0.85945636034, 0.682489752769, -18.2694377899], [-117.251037598, -19.1077804565, 65.4456863403, 51.5826568604, 55.4377403259, 28.3924007416, 10.1497612, 10.5359764099, 7.55949497223, 11.9983348846, 0.930738627911, -3.31844735146, -14.9026432037], [-168.642547607, -42.2514877319, 94.4916992188, 27.3223361969, 28.3924007416, 57.5880508423, 31.796995163, 17.3800468445, 18.4122028351, 9.274518013, -2.22081971169, -1.45553529263, -11.2624444962], [-50.6587142944, -7.05198860168, 31.8666114807, 11.0210485458, 10.1497612, 31.796995163, 40.1914863586, 27.6379776001, 15.3669376373, 9.36524868011, -0.925260841846, -3.34745049477, -4.70888280869], [-52.3600578308, -4.45255661011, 31.1293010712, 9.53618335724, 10.5359764099, 17.3800468445, 27.6379776001, 36.9096069336, 27.605386734, 13.1392936707, 0.660421133041, -3.12442588806, -8.12534332275], [-99.3646850586, -30.819519043, 48.8535919189, 14.1403160095, 7.55949497223, 18.4122028351, 15.3669376373, 27.605386734, 38.7675590515, 23.3296585083, 1.48095405102, -1.05777382851, -7.24009370804], [-80.5328445435, -16.7104110718, 38.4055862427, 17.8298492432, 11.9983348846, 9.274518013, 9.36524868011, 13.1392936707, 23.3296585083, 31.5381546021, 13.3478050232, 2.23790192604, -6.28306388855], [19.7140140533, 7.22242498398, -4.21665143967, 0.85945636034, 0.930738627911, -2.22081971169, -0.925260841846, 0.660421133041, 1.48095405102, 13.3478050232, 24.2791233063, 15.0075778961, 5.61793661118], [3.83450961113, -0.396800816059, 1.97689151764, 0.682489752769, -3.31844735146, -1.45553529263, -3.34745049477, -3.12442588806, -1.05777382851, 2.23790192604, 15.0075778961, 23.4124584198, 17.52501297], [105.20765686, 20.4135799408, -53.1864547729, -18.2694377899, -14.9026432037, -11.2624444962, -4.70888280869, -8.12534332275, -7.24009370804, -6.28306388855, 5.61793661118, 17.52501297, 32.9395942688]]
    },
    "sccoeffs": {
        "kurt": [2.16171073914, 27.7274150848, 34.6899986267, 33.8895492554, 24.4187431335, 6.79827594757],
        "max": [-0.581139981747, -0.420874714851, -0.415675073862, -0.556581556797, -0.701560080051, -0.797844171524],
        "mean": [-0.814155042171, -0.867740273476, -0.876683473587, -0.881436407566, -0.880567669868, -0.860178470612],
        "median": [-0.81855648756, -0.874859333038, -0.886166214943, -0.886710643768, -0.883588075638, -0.86003947258],
        "min": [-0.958036601543, -0.949290215969, -0.952401340008, -0.931977510452, -0.916098296642, -0.933958649635],
        "skew": [0.65571475029, 4.48805141449, 5.35306406021, 5.16864299774, 3.93757891655, -0.68374055624],
        "var": [0.00145071255974, 0.00302973645739, 0.00302565819584, 0.00142879609484, 0.000459494505776, 0.000148904786329],
        "cov": [[0.00145288102794, 0.00022334633104, 0.000269235490123, 0.000157853515702, 0.000136299364385, 3.08198395942e-05], [0.00022334633104, 0.00303426524624, 0.00229478115216, 0.00155669404194, 0.00081317697186, 0.000208330064197], [0.000269235490123, 0.00229478115216, 0.00303018069826, 0.00174156017601, 0.000865973357577, 0.000240534252953], [0.000157853515702, 0.00155669404194, 0.00174156017601, 0.00143093185034, 0.000605246750638, 0.000143483586726], [0.000136299364385, 0.00081317697186, 0.000865973357577, 0.000605246750638, 0.000460181356175, 8.8314016466e-05], [3.08198395942e-05, 0.000208330064197, 0.000240534252953, 0.000143483586726, 8.8314016466e-05, 0.000149127372424]]
    },
    "scvalleys": {
        "kurt": [3.31423330307, 5.76447868347, 2.98713350296, 6.687084198, 3.55366945267, 3.0843334198],
        "max": [-8.35308742523, -7.81498384476, -7.81048250198, -7.20534086227, -8.27555751801, -10.1729698181],
        "mean": [-9.59674930573, -9.64228248596, -9.79003810883, -10.4820280075, -11.2981100082, -13.8728542328],
        "median": [-9.58258247375, -9.67252445221, -9.74423217773, -10.4860610962, -11.265537262, -13.8943042755],
        "min": [-12.4555339813, -13.6020402908, -12.9381227493, -13.4188480377, -13.9461679459, -16.2311687469],
        "skew": [-0.704409003258, -0.290825217962, 0.00271224207245, 1.23929643631, 0.964226663113, 1.14186549187],
        "var": [0.171642661095, 0.251246929169, 0.249392017722, 0.320231229067, 0.388333857059, 0.613982081413],
        "cov": [[0.171899229288, 0.0694865733385, 0.0800654068589, 0.0779756531119, 0.0926062017679, 0.089591100812], [0.0694865733385, 0.251622468233, 0.170541167259, 0.198513403535, 0.228947550058, 0.25639078021], [0.0800654068589, 0.170541167259, 0.249764800072, 0.233334958553, 0.250495314598, 0.278178215027], [0.0779756531119, 0.198513403535, 0.233334958553, 0.320709913969, 0.319928079844, 0.356288582087], [0.0926062017679, 0.228947550058, 0.250495314598, 0.319928079844, 0.388914316893, 0.43935546279], [0.089591100812, 0.25639078021, 0.278178215027, 0.356288582087, 0.43935546279, 0.614899814129]]
    }
},
"rhythm": {
    "beats_loudness": {
        "kurt": 11.6326589584,
        "max": 0.00314926449209,
        "mean": 0.00024456254323,
        "median": 2.63928177446e-06,
        "min": 6.36479455807e-07,
        "skew": 3.43402552605,
        "var": 4.52237941317e-07
    },
    "bpm": 97.5175247192,
    "confidence": 1.85063803196,
    "first_peak_bpm": {
        "kurt": 0,
        "max": 98,
        "mean": 98,
        "median": 98,
        "min": 98,
        "skew": 0,
        "var": 0
    },
    "first_peak_spread": {
        "kurt": 0,
        "max": 0.125,
        "mean": 0.125,
        "median": 0.125,
        "min": 0.125,
        "skew": 0,
        "var": 0
    },
    "first_peak_weight": {
        "kurt": 0,
        "max": 0.304347813129,
        "mean": 0.304347813129,
        "median": 0.304347813129,
        "min": 0.304347813129,
        "skew": 0,
        "var": 0
    },
    "onset_rate": 1.0312833786,
    "second_peak_bpm": {
        "kurt": 0,
        "max": 110,
        "mean": 110,
        "median": 110,
        "min": 110,
        "skew": 0,
        "var": 0
    },
    "second_peak_spread": {
        "kurt": 0,
        "max": 0.499999940395,
        "mean": 0.499999940395,
        "median": 0.499999940395,
        "min": 0.499999940395,
        "skew": 0,
        "var": 0
    },
    "second_peak_weight": {
        "kurt": 0,
        "max": 0.173913046718,
        "mean": 0.173913046718,
        "median": 0.173913046718,
        "min": 0.173913046718,
        "skew": 0,
        "var": 0
    },
    "beats_loudness_band_ratio": {
        "kurt": [0.462324142456, -0.227720975876, -0.667232751846, 0.524061203003, 1.1856637001, 1.43618202209],
        "max": [0.81394302845, 0.608357429504, 0.316668182611, 0.814313173294, 0.198370173573, 0.0959374979138],
        "mean": [0.273477643728, 0.213782787323, 0.17597591877, 0.276829749346, 0.0814674273133, 0.0294908042997],
        "median": [0.221098542213, 0.197675779462, 0.183091789484, 0.178078919649, 0.0681762993336, 0.0188124142587],
        "min": [0.000112840440124, 0.00835228245705, 0.0314078480005, 0.0437868759036, 0.0242302324623, 0.00738361570984],
        "skew": [1.0076366663, 0.581958711147, -0.0794103145599, 1.43914973736, 1.41458463669, 1.61600458622],
        "var": [0.0483955554664, 0.0249286647886, 0.00527121359482, 0.0612461827695, 0.00214807456359, 0.000615356781054],
        "cov": [[0.0504997074604, -0.0029369443655, -0.00669497763738, -0.0386314503849, -0.00514302169904, -0.000256154686213], [-0.0029369443655, 0.0260125193745, 0.00127572158817, -0.0232213009149, -0.00103487994056, -0.000151735919644], [-0.00669497763738, 0.00127572158817, 0.00550039717928, -0.000791039143223, 0.00100575643592, 0.000618086894974], [-0.0386314503849, -0.0232213009149, -0.000791039143223, 0.0639090612531, 0.00280103087425, -0.00145379069727], [-0.00514302169904, -0.00103487994056, 0.00100575643592, 0.00280103087425, 0.00224146922119, 0.000614711956587], [-0.000256154686213, -0.000151735919644, 0.000618086894974, -0.00145379069727, 0.000614711956587, 0.000642111466732]]
    },
    "beats_position": [0.754648506641, 1.49768710136, 2.22911548615, 2.96054410934, 3.68036270142, 4.40018129349, 5.08516979218, 5.74693870544, 6.35065746307, 6.96598625183, 7.51165533066, 8.05732440948, 8.59138298035, 9.13705158234, 9.69433116913, 10.2516098022, 10.8088884354, 11.354557991, 11.9698867798, 12.5852155685, 13.2005443573, 13.8158731461, 14.4428119659, 15.0581407547],
    "bpm_estimates": [99.3840255737, 97.5088424683, 97.5088424683, 97.5088424683, 97.5088424683, 97.5088424683, 95.7031173706, 97.5088424683],
    "bpm_intervals": [0.743038594723, 0.731428384781, 0.731428623199, 0.719818592072, 0.719818592072, 0.684988498688, 0.661768913269, 0.603718757629, 0.615328788757, 0.545669078827, 0.545669078827, 0.534058570862, 0.54566860199, 0.557279586792, 0.557278633118, 0.557278633118, 0.545669555664, 0.615328788757, 0.615328788757, 0.615328788757, 0.615328788757, 0.626938819885, 0.615328788757],
    "onset_times": [5.06195020676, 6.61768722534, 6.94276666641, 7.44199562073, 7.59292507172, 7.8251247406, 8.31274414062, 8.55655288696, 8.64943313599, 8.74231338501, 9.11383247375, 11.3313379288, 12.3994560242, 12.8290252686, 13.0147848129, 13.7926530838],
    "histogram": [[0, 0, 0, 0, 0, 0, 0, 0, 0, 0, 0, 0, 0, 0, 0, 0, 0, 0, 0, 0, 0, 0, 0, 0, 0, 0, 0, 0, 0, 0, 0, 0, 0, 0, 0, 0, 0, 0, 0, 0, 0, 0, 0, 0, 0, 0, 0, 0, 0, 0, 0, 0, 0, 0, 0, 0, 0, 0, 0, 0, 0, 0, 0, 0, 0, 0, 0, 0, 0, 0, 0, 0, 0, 0, 0, 0, 0, 0, 0, 0, 0, 0.0434782616794, 0.0869565233588, 0.0869565233588, 0, 0, 0, 0, 0.0434782616794, 0, 0, 0.0434782616794, 0, 0, 0, 0, 0.0434782616794, 0, 0.260869562626, 0.0434782616794, 0, 0, 0, 0, 0, 0, 0, 0, 0.130434781313, 0, 0.173913046718, 0, 0.0434782616794, 0, 0, 0, 0, 0, 0, 0, 0, 0, 0, 0, 0, 0, 0, 0, 0, 0, 0, 0, 0, 0, 0, 0, 0, 0, 0, 0, 0, 0, 0, 0, 0, 0, 0, 0, 0, 0, 0, 0, 0, 0, 0, 0, 0, 0, 0, 0, 0, 0, 0, 0, 0, 0, 0, 0, 0, 0, 0, 0, 0, 0, 0, 0, 0, 0, 0, 0, 0, 0, 0, 0, 0, 0, 0, 0, 0, 0, 0, 0, 0, 0, 0, 0, 0, 0, 0, 0, 0, 0, 0, 0, 0, 0, 0, 0, 0, 0, 0, 0, 0, 0, 0, 0, 0, 0, 0, 0, 0, 0, 0, 0, 0, 0, 0, 0, 0, 0, 0, 0, 0, 0, 0, 0, 0, 0, 0, 0, 0, 0, 0, 0, 0, 0, 0, 0, 0, 0]]
},
"sfx": {
    "inharmonicity": {
        "kurt": 0.934149026871,
        "max": 0.396919429302,
        "mean": 0.106944471598,
        "median": 0.0958767533302,
        "min": 0.000176080036908,
        "skew": 0.89348512888,
        "var": 0.00460125738755
    },
    "oddtoevenharmonicenergyratio": {
        "kurt": 58.0579986572,
        "max": 12.9047908783,
        "mean": 0.681235909462,
        "median": 0.394831776619,
        "min": 0.0032983745914,
        "skew": 5.74864053726,
        "var": 0.807970166206
    },
    "pitch_after_max_to_before_max_energy_ratio": 0.0306473057717,
    "pitch_centroid": 347.051422119,
    "pitch_max_to_total": 0.99850744009,
    "pitch_min_to_total": 0.383582085371,
    "tristimulus": {
        "kurt": [1.92629671097, 1.08788490295, 1.18595314026],
        "max": [0.890834927559, 0.700652837753, 1],
        "mean": [0.241039261222, 0.311699956656, 0.447260648012],
        "median": [0.242798611522, 0.305988490582, 0.450390160084],
        "min": [0, 0, 0],
        "skew": [0.660594701767, 0.447120934725, -0.162698403001],
        "var": [0.019159168005, 0.0111914630979, 0.0226077772677],
        "cov": [[0.0191878061742, -0.0038772104308, -0.0153106143698], [-0.0038772104308, 0.0112081924453, -0.00733097270131], [-0.0153106143698, -0.00733097270131, 0.0226415712386]]
    }
},
"tonal": {
    "chords_changes_rate": 0.199404761195,
    "chords_number_rate": 0.0446428582072,
    "chords_strength": {
        "kurt": -0.4034512043,
        "max": 0.561300337315,
        "mean": 0.377097606659,
        "median": 0.37547364831,
        "min": 0.20353679359,
        "skew": 0.30239841342,
        "var": 0.00582549534738
    },
    "key_strength": 0.457346051931,
    "tuning_diatonic_strength": 0.464592278004,
    "tuning_equal_tempered_deviation": 0.276312768459,
    "tuning_frequency": 450.284484863,
    "tuning_nontempered_energy_ratio": 0.898357987404,
    "hpcp": {
        "kurt": [0.851482391357, 0.654611587524, -0.0503470897675, -0.0651068687439, 1.10218715668, 1.95696973801, 1.58047103882, 0.944051980972, 1.33011388779, 2.54663562775, 3.14982843399, 2.9323887825, 2.58441400528, 3.47027444839, 2.53047704697, 2.05707120895, 1.82166051865, 2.26901960373, 2.0171380043, 3.35526704788, 3.16447734833, 1.67956352234, 1.17866230011, 2.12077522278, 3.17203092575, 5.64214515686, 3.76152181625, 2.22362565994, 4.08630752563, 4.12546396255, 2.11047935486, 1.82161331177, 1.9423789978, 0.803821563721, 0.00598812103271, 0.376286029816],
        "max": [1, 1, 1, 1, 1, 1, 1, 1, 1, 1, 1, 1, 1, 1, 1, 1, 1, 1, 1, 1, 1, 1, 1, 1, 1, 1, 1, 1, 1, 1, 1, 1, 1, 1, 1, 1],
