{
"metadata": {
    "version": {
        "essentia": "2.1-beta3"
    }
},
"lowLevel": {
    "average_loudness": 0.99068403244,
    "barkbands_kurtosis": {
        "kurt": 6.59624099731,
        "max": 51.9180412292,
        "mean": 4.96565485001,
        "median": 0.913467288017,
        "min": -1.56536924839,
        "skew": 2.55696892738,
        "var": 101.247184753
    },
    "barkbands_skewness": {
        "kurt": -0.372124671936,
        "max": 5.06876373291,
        "mean": 0.483416318893,
        "median": -0.548188567162,
        "min": -1.26366496086,
        "skew": 0.995857000351,
        "var": 3.45405817032
    },
    "barkbands_spread": {
        "kurt": 0.696879386902,
        "max": 41.9421653748,
        "mean": 15.4935026169,
        "median": 13.484954834,
        "min": 1.49932610989,
        "skew": 0.92930150032,
        "var": 72.3948287964
    },
    "dissonance": {
        "kurt": 0.289873838425,
        "max": 0.491631448269,
        "mean": 0.453624337912,
        "median": 0.461159199476,
        "min": 0.358315140009,
        "skew": -0.925799071789,
        "var": 0.000786635850091
    },
    "hfc": {
        "kurt": -1.84452712536,
        "max": 11.4670114517,
        "mean": 5.15759897232,
        "median": 7.60107946396,
        "min": 1.04898674635e-06,
        "skew": -0.103288076818,
        "var": 21.6046047211
    },
    "pitch": {
        "kurt": -1.31077504158,
        "max": 411.15411377,
        "mean": 320.434967041,
        "median": 410.58215332,
        "min": 82.0663528442,
        "skew": -0.768416762352,
        "var": 16419.3007812
    },
    "pitch_instantaneous_confidence": {
        "kurt": -1.43771088123,
        "max": 0.976340532303,
        "mean": 0.727332472801,
        "median": 0.971526384354,
        "min": 0.171599030495,
        "skew": -0.600329041481,
        "var": 0.0926761776209
    },
    "pitch_salience": {
        "kurt": -0.723487138748,
        "max": 0.876341640949,
        "mean": 0.721951246262,
        "median": 0.779028773308,
        "min": 0.414596289396,
        "skew": -0.699173986912,
        "var": 0.017153436318
    },
    "silence_rate_20dB": {
        "kurt": 0,
        "max": 1,
        "mean": 1,
        "median": 1,
        "min": 1,
        "skew": 0,
        "var": 0
    },
    "silence_rate_30dB": {
        "kurt": 0,
        "max": 1,
        "mean": 1,
        "median": 1,
        "min": 1,
        "skew": 0,
        "var": 0
    },
    "silence_rate_60dB": {
        "kurt": -1.95959532261,
        "max": 1,
        "mean": 0.449999988079,
        "median": 0,
        "min": 0,
        "skew": 0.201007634401,
        "var": 0.247500017285
    },
    "spectral_centroid": {
        "kurt": -1.63860869408,
        "max": 2239.42333984,
        "mean": 1412.04956055,
        "median": 2010.08337402,
        "min": 120.079650879,
        "skew": -0.423597812653,
        "var": 695578.5625
    },
    "spectral_complexity": {
        "kurt": -1.85265552998,
        "max": 11,
        "mean": 5.48750019073,
        "median": 8.5,
        "min": 0,
        "skew": -0.267544418573,
        "var": 20.8498497009
    },
    "spectral_crest": {
        "kurt": 0.394362449646,
        "max": 13.9910545349,
        "mean": 7.68214035034,
        "median": 7.00270843506,
        "min": 3.96914386749,
        "skew": 0.955681622028,
        "var": 4.48673963547
    },
    "spectral_decrease": {
        "kurt": -1.85175848007,
        "max": -1.45237234867e-15,
        "mean": -5.27700716457e-10,
        "median": -7.73130670595e-10,
        "min": -1.14367948445e-09,
        "skew": 0.125924363732,
        "var": 2.09980690301e-19
    },
    "spectral_energy": {
        "kurt": -1.85312342644,
        "max": 0.00535339489579,
        "mean": 0.00245947018266,
        "median": 0.00362620176747,
        "min": 5.57672263923e-09,
        "skew": -0.122526355088,
        "var": 4.62308025817e-06
    },
    "spectral_energyband_high": {
        "kurt": -1.65906131268,
        "max": 0.000162417301908,
        "mean": 6.09030430496e-05,
        "median": 8.6874482804e-05,
        "min": 1.1151088733e-11,
        "skew": 0.0185634773225,
        "var": 3.16412185342e-09
    },
    "spectral_energyband_low": {
        "kurt": 12.7208299637,
        "max": 0.000530546938535,
        "mean": 6.74794791848e-05,
        "median": 4.34029825556e-05,
        "min": 4.36072866705e-09,
        "skew": 2.93899917603,
        "var": 6.35116981229e-09
    },
    "spectral_energyband_middle_high": {
        "kurt": -1.85546255112,
        "max": 0.00495884381235,
        "mean": 0.00223723659292,
        "median": 0.00330696674064,
        "min": 1.61219218531e-10,
        "skew": -0.111348859966,
        "var": 4.06184608437e-06
    },
    "spectral_energyband_middle_low": {
        "kurt": -1.45520567894,
        "max": 0.00025285204174,
        "mean": 0.000109264547064,
        "median": 0.000133131776238,
        "min": 1.41341760518e-09,
        "skew": -0.0847239121795,
        "var": 6.62556454145e-09
    },
    "spectral_flatness_db": {
        "kurt": 4.28392648697,
        "max": 0.371058762074,
        "mean": 0.213291957974,
        "median": 0.214344114065,
        "min": 0.146719843149,
        "skew": 1.39893341064,
        "var": 0.0012568810489
    },
    "spectral_flux": {
        "kurt": 10.6024560928,
        "max": 0.0416130572557,
        "mean": 0.00827328581363,
        "median": 0.00781194120646,
        "min": 0.000252308876952,
        "skew": 2.84917998314,
        "var": 4.63658980152e-05
    },
    "spectral_kurtosis": {
        "kurt": 7.11110877991,
        "max": 29.8998603821,
        "mean": 9.68661212921,
        "median": 8.68465995789,
        "min": 4.71599721909,
        "skew": 2.36051988602,
        "var": 17.5422668457
    },
    "spectral_rms": {
        "kurt": -1.82551026344,
        "max": 0.00228534988128,
        "mean": 0.00124963943381,
        "median": 0.00188089162111,
        "min": 2.33253194892e-06,
        "skew": -0.249350368977,
        "var": 8.3788398797e-07
    },
    "spectral_rolloff": {
        "kurt": -1.20336747169,
        "max": 3294.58007812,
        "mean": 2268.79248047,
        "median": 3079.24804688,
        "min": 150.732421875,
        "skew": -0.713246881962,
        "var": 1537214.875
    },
    "spectral_skewness": {
        "kurt": 3.20762014389,
        "max": 4.21886825562,
        "mean": 2.27771139145,
        "median": 2.11015558243,
        "min": 1.68717503548,
        "skew": 1.81836879253,
        "var": 0.241267174482
    },
    "spectral_spread": {
        "kurt": 5.12682819366,
        "max": 5776078.5,
        "mean": 3234993.5,
        "median": 3275181.5,
        "min": 1699450.125,
        "skew": 0.968931078911,
        "var": 298042097664
    },
    "spectral_strongpeak": {
        "kurt": 0.203704595566,
        "max": 4.07095861435,
        "mean": 1.1202480793,
        "median": 1.44654905796,
        "min": 5.22527225257e-05,
        "skew": 0.847089827061,
        "var": 1.31366705894
    },
    "zerocrossingrate": {
        "kurt": -1.3676712513,
        "max": 0.11279296875,
        "mean": 0.0782897919416,
        "median": 0.110595703125,
        "min": 0.0068359375,
        "skew": -0.558756053448,
        "var": 0.00157177972142
    },
    "barkbands": {
        "kurt": [6.28654193878, 15.8185939789, 8.99400424957, 8.12543487549, 15.7317562103, -0.241912603378, -1.55865108967, 0.500257015228, 15.1941757202, -1.60603737831, 1.77236270905, -1.662504673, 3.97452974319, -1.77713501453, 3.6616268158, -1.52107143402, 0.0582435131073, -1.19129407406, -1.6759557724, -1.53185665607, -1.66409468651, -1.3814355135, -1.62112462521, -1.59490954876, -0.514762878418, -0.851216077805, 1.27837324142],
        "max": [1.02935964605e-05, 0.000259811320575, 0.000230158097111, 9.67058440438e-05, 9.64113496593e-05, 4.84654228785e-05, 0.000160789917572, 2.13432508644e-06, 3.75782883566e-06, 0.000157856266014, 8.04149124178e-07, 0.00156579946633, 4.77378089272e-05, 0.000828501419164, 9.27335406686e-07, 0.000612296164036, 0.000817174033727, 0.00137718790211, 0.00094608485233, 0.000119028387417, 7.44052813388e-05, 7.55633845984e-06, 1.17166564451e-06, 5.17709258929e-06, 2.34582853409e-06, 7.80025555258e-09, 1.0396070671e-09],
        "mean": [1.52054644786e-06, 2.80475687759e-05, 2.98550585285e-05, 1.36302796818e-05, 1.26663890114e-05, 1.33584644573e-05, 6.10113311268e-05, 6.06758305821e-07, 5.57912585464e-07, 6.40387443127e-05, 2.21110369125e-07, 0.000579920480959, 8.29279633763e-06, 0.000335795863066, 2.16258655428e-07, 0.000218944303924, 0.000198980123969, 0.000444295961643, 0.000371717411326, 4.18572672061e-05, 2.84980342258e-05, 2.58685440713e-06, 4.33785459109e-07, 1.78983702881e-06, 6.29960254628e-07, 2.11253192717e-09, 2.11427875207e-10],
        "median": [7.35126491236e-07, 1.46470438267e-05, 1.25366577777e-05, 6.08465779806e-06, 9.8000637081e-06, 1.4321526578e-05, 7.44782519178e-05, 5.07251115778e-07, 4.40956029024e-07, 7.93769795564e-05, 1.87313062838e-07, 0.000788644538261, 9.52139816945e-06, 0.000483807758428, 1.84834718198e-07, 0.00030054396484, 0.000183637428563, 0.000429411273217, 0.000495454645716, 5.84091976634e-05, 3.95736060455e-05, 2.67212408289e-06, 5.41807821719e-07, 2.62344951807e-06, 5.66825804071e-07, 2.62720645239e-09, 1.70716607517e-10],
        "min": [2.28490545928e-10, 1.98448346644e-09, 1.7801207175e-09, 5.92900784024e-10, 5.6051191466e-10, 1.52526269392e-10, 6.2346391938e-11, 2.75293919605e-11, 1.4803602788e-11, 2.09152382913e-11, 1.01248558149e-11, 1.41745330751e-11, 2.52200031692e-11, 8.76629151214e-12, 1.86779636896e-11, 1.54859285117e-11, 1.39331159457e-11, 1.82771280749e-11, 1.23425740114e-11, 6.43487390109e-12, 6.19452709613e-12, 1.0692755275e-12, 4.42887073586e-13, 4.12046807265e-13, 4.91507333965e-13, 5.20342232843e-14, 1.03333979218e-14],
        "skew": [2.37408185005, 3.36595368385, 2.76469397545, 2.60298395157, 3.26772165298, 0.576101124287, 0.0911180973053, 0.870652377605, 3.15959119797, 0.116291128099, 1.10212171078, 0.0646213963628, 1.30352222919, -0.042596437037, 1.69180130959, 0.139469355345, 0.904549598694, 0.426448345184, 0.0343813858926, 0.108547873795, 0.0344773568213, 0.320317953825, 0.0867417082191, 0.0694075226784, 0.759053111076, 0.446265995502, 1.28701257706],
        "var": [3.9353711262e-12, 1.44269440838e-09, 1.79892600816e-09, 3.21778104162e-10, 1.89517623816e-10, 1.3009784916e-10, 3.015903971e-09, 2.11186672533e-13, 2.80108212016e-13, 3.51024587175e-09, 2.31168064563e-14, 2.92815201419e-07, 7.03527652801e-11, 9.2680657815e-08, 3.24473012749e-14, 4.27901589717e-08, 4.72500403248e-08, 2.00729260769e-07, 1.18395142579e-07, 1.51121992698e-09, 6.96530333411e-10, 6.46887968539e-12, 1.61700771588e-13, 2.79876209014e-12, 4.60512650149e-13, 4.3171672863e-18, 6.18452829462e-20],
        "cov": [[3.98518587921e-12, 2.54902279839e-11, 1.60231359431e-11, -1.14069441826e-12, 5.29467832425e-12, 6.59729215702e-12, 3.65748542563e-11, 7.72985123717e-14, 3.09702282808e-14, 4.67577539187e-11, 8.31760468877e-14, 3.46054740419e-10, 3.49424807665e-12, 2.24260041093e-10, 1.03086118743e-13, 1.77075090702e-10, 1.31085739485e-10, 3.25670407308e-10, 2.67921962394e-10, 3.29251383102e-11, 2.51205757584e-11, 1.96437722859e-12, 3.30674398454e-13, 1.3729481961e-12, 4.9753370911e-13, 1.17767956387e-15, 9.85598074479e-17], [2.54902279839e-11, 1.46095635589e-09, 1.11282927318e-09, 1.88021154202e-10, 1.91868354538e-10, 5.13018932891e-11, 2.6212298998e-10, 2.70881689475e-12, 4.54152470838e-12, 2.5722685093e-10, 9.21198447384e-13, 3.40024230994e-09, 3.64812381692e-11, 2.18701967647e-09, 8.47543281217e-13, 1.37555999924e-09, 1.40341416266e-09, 3.66227825843e-09, 2.31418595398e-09, 2.24484417166e-10, 1.7570801758e-10, 1.54636060901e-11, 3.56568810936e-12, 1.41419367536e-11, 5.94749857002e-12, 1.39986077404e-14, 1.05868371676e-15], [1.60231359431e-11, 1.11282927318e-09, 1.8216972375e-09, 3.62799623677e-10, 3.77292447284e-10, 4.01637334502e-11, 1.10939209208e-10, 3.04874138088e-12, 6.96463720029e-12, -5.03334596225e-11, 7.12527584677e-13, 2.98066193949e-09, 4.93495036502e-11, 1.60796509441e-09, 1.83029112699e-12, 5.75876513143e-10, 9.74333280723e-10, 2.80067147251e-09, 1.46724088435e-09, 5.58864898803e-11, 8.86053938554e-11, 8.23458228688e-12, 2.10060983365e-12, 1.28886970541e-11, 5.58761197034e-12, 1.66528964419e-14, 8.64417769101e-16], [-1.14069441826e-12, 1.88021154202e-10, 3.62799623677e-10, 3.25851262639e-10, 8.07791264434e-11, 6.20122078687e-11, 1.99306252058e-10, 1.49423409843e-12, 1.53269682102e-12, 2.02556124651e-10, 3.87777971626e-13, 2.1834849484e-09, 2.76902355212e-11, 1.15328691042e-09, 5.79772720718e-13, 6.42499942138e-10, 5.33489419308e-10, 2.35831909556e-09, 1.51443302343e-09, 1.16497228531e-10, 8.90831436395e-11, 6.66014205591e-12, 1.48566109501e-12, 5.40904820934e-12, 2.7429757684e-12, 9.76465595529e-15, 1.13464129043e-15], [5.29467832425e-12, 1.91868354538e-10, 3.77292447284e-10, 8.07791264434e-11, 1.9191657985e-10, 2.35962638317e-11, 1.05748410029e-10, 1.25135383826e-12, 1.50603162753e-12, 1.04251808575e-10, 4.37054662209e-13, 2.09510520044e-09, 3.46430037435e-11, 1.05241393378e-09, 6.69248890247e-13, 4.99084384931e-10, 9.09720188069e-10, 1.54340495939e-09, 1.18815124406e-09, 1.1050050458e-10, 8.34132762861e-11, 9.6855431661e-12, 1.35309699643e-12, 7.8484380453e-12, 2.56355678872e-12, 8.71578945626e-15, 9.23151668938e-16], [6.59729215702e-12, 5.13018932891e-11, 4.01637334502e-11, 6.20122078687e-11, 2.35962638317e-11, 1.31744656851e-10, 5.8075710907e-10, 1.83730287928e-12, 5.19156983028e-13, 4.99122798647e-10, 4.92878361822e-13, 4.67917571356e-09, 5.87492901549e-11, 2.80697154409e-09, 7.55165515624e-13, 1.86103432664e-09, 1.65215230385e-09, 3.58691365498e-09, 3.16789194876e-09, 3.30235089274e-10, 2.35109404167e-10, 2.28507959082e-11, 3.6233583408e-12, 1.49333618388e-11, 5.32573377759e-12, 1.86517756128e-14, 1.98826097764e-15], [3.65748542563e-11, 2.6212298998e-10, 1.10939209208e-10, 1.99306252058e-10, 1.05748410029e-10, 5.8075710907e-10, 3.05407987788e-09, 8.32864159583e-12, 1.26163879691e-12, 2.7946569503e-09, 2.6872245748e-12, 2.54884593431e-08, 3.21650150958e-10, 1.55651385114e-08, 3.25847161753e-12, 1.01646433492e-08, 8.98824126239e-09, 2.04337577969e-08, 1.70435558999e-08, 1.79234949105e-09, 1.27957056062e-09, 1.18511395142e-10, 2.00247578935e-11, 8.22621068486e-11, 2.92747735775e-11, 1.01269761619e-13, 1.0644376751e-14], [7.72985123717e-14, 2.70881689475e-12, 3.04874138088e-12, 1.49423409843e-12, 1.25135383826e-12, 1.83730287928e-12, 8.32864159583e-12, 2.13859922067e-13, 4.88442802643e-14, 9.0201535477e-12, 1.6994877524e-14, 8.32187235789e-11, 1.21714856076e-12, 3.95467027181e-11, 2.77456229785e-14, 2.40960810333e-11, 2.48734175617e-11, 5.11347145182e-11, 5.55772580735e-11, 5.72173688637e-12, 3.38835860411e-12, 3.81898234824e-13, 5.9546931188e-14, 2.34484984598e-13, 7.0406747381e-14, 2.73542672871e-16, 1.95744185591e-17], [3.09702282808e-14, 4.54152470838e-12, 6.96463720029e-12, 1.53269682102e-12, 1.50603162753e-12, 5.19156983028e-13, 1.26163879691e-12, 4.88442802643e-14, 2.8365387838e-13, -1.09390046934e-12, 1.35704164919e-14, -3.02924417321e-12, -1.21775004563e-14, 6.6180936599e-12, 5.41955947147e-15, -1.29379959437e-12, 1.48147206308e-11, -3.6080112422e-12, -5.69501260386e-12, -4.14681960645e-13, 1.44879930535e-13, 4.49825113681e-14, 9.80467063875e-15, 6.4161600566e-14, -2.69016901718e-14, 6.92516799969e-17, -2.24440838799e-18], [4.67577539187e-11, 2.5722685093e-10, -5.03334596225e-11, 2.02556124651e-10, 1.04251808575e-10, 4.99122798647e-10, 2.7946569503e-09, 9.0201535477e-12, -1.09390046934e-12, 3.55467943969e-09, 2.94160702741e-12, 2.78458234249e-08, 3.66484897985e-10, 1.56055559586e-08, 3.19020873087e-12, 1.04245234667e-08, 9.33964194871e-09, 2.08297716853e-08, 1.87710238464e-08, 2.2021495738e-09, 1.43306788658e-09, 1.31376701185e-10, 2.05033004463e-11, 8.56901979929e-11, 2.77619958272e-11, 9.47420988233e-14, 9.74851574248e-15], [8.31760468877e-14, 9.21198447384e-13, 7.12527584677e-13, 3.87777971626e-13, 4.37054662209e-13, 4.92878361822e-13, 2.6872245748e-12, 1.6994877524e-14, 1.35704164919e-14, 2.94160702741e-12, 2.34094241523e-14, 2.59931364627e-11, 4.05099646319e-13, 1.82344989802e-11, 7.67455811222e-15, 1.21367499384e-11, 6.45669585506e-12, 2.62681907476e-11, 1.80118437526e-11, 1.71400968505e-12, 1.26514781724e-12, 8.73588649878e-14, 1.96715321305e-14, 7.92683044312e-14, 3.65808728794e-14, 7.6132373473e-17, 1.00508234689e-17], [3.46054740419e-10, 3.40024230994e-09, 2.98066193949e-09, 2.1834849484e-09, 2.09510520044e-09, 4.67917571356e-09, 2.54884593431e-08, 8.32187235789e-11, -3.02924417321e-12, 2.78458234249e-08, 2.59931364627e-11, 2.96521733389e-07, 3.51982110125e-09, 1.56188079359e-07, 3.19331158738e-11, 1.04462756667e-07, 8.3979486476e-08, 2.18309324396e-07, 1.7091893767e-07, 1.89565785291e-08, 1.34080488934e-08, 1.10080300431e-09, 1.97491550891e-10, 8.06071431825e-10, 3.22084997562e-10, 1.02221302169e-12, 9.9739152755e-14], [3.49424807665e-12, 3.64812381692e-11, 4.93495036502e-11, 2.76902355212e-11, 3.46430037435e-11, 5.87492901549e-11, 3.21650150958e-10, 1.21714856076e-12, -1.21775004563e-14, 3.66484897985e-10, 4.05099646319e-13, 3.51982110125e-09, 7.12433098626e-11, 1.94733940084e-09, 8.31984980042e-13, 1.21684640142e-09, 1.06548081469e-09, 2.56057153258e-09, 1.96602578661e-09, 2.31905425419e-10, 1.52567541933e-10, 1.29460799719e-11, 2.47077054996e-12, 9.97782498985e-12, 3.67465649923e-12, 1.20918476376e-14, 1.14492088228e-15], [2.24260041093e-10, 2.18701967647e-09, 1.60796509441e-09, 1.15328691042e-09, 1.05241393378e-09, 2.80697154409e-09, 1.55651385114e-08, 3.95467027181e-11, 6.6180936599e-12, 1.56055559586e-08, 1.82344989802e-11, 1.56188079359e-07, 1.94733940084e-09, 9.3853834926e-08, 1.86611507497e-11, 6.07431616118e-08, 5.37276960699e-08, 1.27192564037e-07, 9.79063941031e-08, 1.0503844905e-08, 7.54749951426e-09, 6.41036779214e-10, 1.16573001252e-10, 4.82640316601e-10, 1.79385617471e-10, 5.82592893199e-13, 6.03404655343e-14], [1.03086118743e-13, 8.47543281217e-13, 1.83029112699e-12, 5.79772720718e-13, 6.69248890247e-13, 7.55165515624e-13, 3.25847161753e-12, 2.77456229785e-14, 5.41955947147e-15, 3.19020873087e-12, 7.67455811222e-15, 3.19331158738e-11, 8.31984980042e-13, 1.86611507497e-11, 3.2858027551e-14, 1.37358475288e-11, 5.58815667351e-12, 2.72376721872e-11, 1.90197996242e-11, 2.08732944124e-12, 1.50075785132e-12, 9.26283247153e-14, 2.15896788972e-14, 7.96033838889e-14, 4.58664376824e-14, 9.67047192666e-17, 9.26361305077e-18], [1.77075090702e-10, 1.37555999924e-09, 5.75876513143e-10, 6.42499942138e-10, 4.99084384931e-10, 1.86103432664e-09, 1.01646433492e-08, 2.40960810333e-11, -1.29379959437e-12, 1.04245234667e-08, 1.21367499384e-11, 1.04462756667e-07, 1.21684640142e-09, 6.07431616118e-08, 1.37358475288e-11, 4.33318056992e-08, 2.99381710533e-08, 8.58367812384e-08, 6.49540368158e-08, 7.06325531397e-09, 5.11299447226e-09, 4.06781885953e-10, 7.36126576362e-11, 3.00654279251e-10, 1.23741933367e-10, 3.76162452966e-13, 3.91526681952e-14], [1.31085739485e-10, 1.40341416266e-09, 9.74333280723e-10, 5.33489419308e-10, 9.09720188069e-10, 1.65215230385e-09, 8.98824126239e-09, 2.48734175617e-11, 1.48147206308e-11, 9.33964194871e-09, 6.45669585506e-12, 8.3979486476e-08, 1.06548081469e-09, 5.37276960699e-08, 5.58815667351e-12, 2.99381710533e-08, 4.78481432253e-08, 6.11114145954e-08, 5.71811931138e-08, 6.8392078667e-09, 4.39536895769e-09, 4.89896123668e-10, 7.50537063055e-11, 3.31089017314e-10, 7.56089149623e-11, 3.28160269141e-13, 3.32501563717e-14], [3.25670407308e-10, 3.66227825843e-09, 2.80067147251e-09, 2.35831909556e-09, 1.54340495939e-09, 3.58691365498e-09, 2.04337577969e-08, 5.11347145182e-11, -3.6080112422e-12, 2.08297716853e-08, 2.62681907476e-11, 2.18309324396e-07, 2.56057153258e-09, 1.27192564037e-07, 2.72376721872e-11, 8.58367812384e-08, 6.11114145954e-08, 2.0327013317e-07, 1.39764665619e-07, 1.36464919365e-08, 1.02634398758e-08, 7.46126271878e-10, 1.53040483064e-10, 6.19713225181e-10, 2.77042444541e-10, 8.09199929286e-13, 9.13205261736e-14], [2.67921962394e-10, 2.31418595398e-09, 1.46724088435e-09, 1.51443302343e-09, 1.18815124406e-09, 3.16789194876e-09, 1.70435558999e-08, 5.55772580735e-11, -5.69501260386e-12, 1.87710238464e-08, 1.80118437526e-11, 1.7091893767e-07, 1.96602578661e-09, 9.79063941031e-08, 1.90197996242e-11, 6.49540368158e-08, 5.71811931138e-08, 1.39764665619e-07, 1.19893812212e-07, 1.21854837332e-08, 8.47962677852e-09, 7.69847352533e-10, 1.24250845723e-10, 5.28148191847e-10, 1.93554242078e-10, 6.17217811149e-13, 6.89722665917e-14], [3.29251383102e-11, 2.24484417166e-10, 5.58864898803e-11, 1.16497228531e-10, 1.1050050458e-10, 3.30235089274e-10, 1.79234949105e-09, 5.72173688637e-12, -4.14681960645e-13, 2.2021495738e-09, 1.71400968505e-12, 1.89565785291e-08, 2.31905425419e-10, 1.0503844905e-08, 2.08732944124e-12, 7.06325531397e-09, 6.8392078667e-09, 1.36464919365e-08, 1.21854837332e-08, 1.53034929173e-09, 9.78398584373e-10, 9.16544062868e-11, 1.40840967361e-11, 5.98040297839e-11, 1.90435271719e-11, 6.49227714774e-14, 6.57379432804e-15], [2.51205757584e-11, 1.7570801758e-10, 8.86053938554e-11, 8.90831436395e-11, 8.34132762861e-11, 2.35109404167e-10, 1.27957056062e-09, 3.38835860411e-12, 1.44879930535e-13, 1.43306788658e-09, 1.26514781724e-12, 1.34080488934e-08, 1.52567541933e-10, 7.54749951426e-09, 1.50075785132e-12, 5.11299447226e-09, 4.39536895769e-09, 1.02634398758e-08, 8.47962677852e-09, 9.78398584373e-10, 7.05347169561e-10, 5.91942328487e-11, 9.77177453537e-12, 4.11944679757e-11, 1.4813627755e-11, 4.88297248501e-14, 4.86465632926e-15], [1.96437722859e-12, 1.54636060901e-11, 8.23458228688e-12, 6.66014205591e-12, 9.6855431661e-12, 2.28507959082e-11, 1.18511395142e-10, 3.81898234824e-13, 4.49825113681e-14, 1.31376701185e-10, 8.73588649878e-14, 1.10080300431e-09, 1.29460799719e-11, 6.41036779214e-10, 9.26283247153e-14, 4.06781885953e-10, 4.89896123668e-10, 7.46126271878e-10, 7.69847352533e-10, 9.16544062868e-11, 5.91942328487e-11, 6.55076427131e-12, 8.88009609422e-13, 3.98954567299e-12, 1.0468721159e-12, 4.10308011254e-15, 4.03132308114e-16], [3.30674398454e-13, 3.56568810936e-12, 2.10060983365e-12, 1.48566109501e-12, 1.35309699643e-12, 3.6233583408e-12, 2.00247578935e-11, 5.9546931188e-14, 9.80467063875e-15, 2.05033004463e-11, 1.96715321305e-14, 1.97491550891e-10, 2.47077054996e-12, 1.16573001252e-10, 2.15896788972e-14, 7.36126576362e-11, 7.50537063055e-11, 1.53040483064e-10, 1.24250845723e-10, 1.40840967361e-11, 9.77177453537e-12, 8.88009609422e-13, 1.63747623317e-13, 6.47527875503e-13, 2.2660249599e-13, 7.54321644227e-16, 7.23165429851e-17], [1.3729481961e-12, 1.41419367536e-11, 1.28886970541e-11, 5.40904820934e-12, 7.8484380453e-12, 1.49333618388e-11, 8.22621068486e-11, 2.34484984598e-13, 6.4161600566e-14, 8.56901979929e-11, 7.92683044312e-14, 8.06071431825e-10, 9.97782498985e-12, 4.82640316601e-10, 7.96033838889e-14, 3.00654279251e-10, 3.31089017314e-10, 6.19713225181e-10, 5.28148191847e-10, 5.98040297839e-11, 4.11944679757e-11, 3.98954567299e-12, 6.47527875503e-13, 2.83418948033e-12, 8.73293516494e-13, 3.13742888311e-15, 3.08682231734e-16], [4.9753370911e-13, 5.94749857002e-12, 5.58761197034e-12, 2.7429757684e-12, 2.56355678872e-12, 5.32573377759e-12, 2.92747735775e-11, 7.0406747381e-14, -2.69016901718e-14, 2.77619958272e-11, 3.65808728794e-14, 3.22084997562e-10, 3.67465649923e-12, 1.79385617471e-10, 4.58664376824e-14, 1.23741933367e-10, 7.56089149623e-11, 2.77042444541e-10, 1.93554242078e-10, 1.90435271719e-11, 1.4813627755e-11, 1.0468721159e-12, 2.2660249599e-13, 8.73293516494e-13, 4.66341917339e-13, 1.26117583665e-15, 1.26462694004e-16], [1.17767956387e-15, 1.39986077404e-14, 1.66528964419e-14, 9.76465595529e-15, 8.71578945626e-15, 1.86517756128e-14, 1.01269761619e-13, 2.73542672871e-16, 6.92516799969e-17, 9.47420988233e-14, 7.6132373473e-17, 1.02221302169e-12, 1.20918476376e-14, 5.82592893199e-13, 9.67047192666e-17, 3.76162452966e-13, 3.28160269141e-13, 8.09199929286e-13, 6.17217811149e-13, 6.49227714774e-14, 4.88297248501e-14, 4.10308011254e-15, 7.54321644227e-16, 3.13742888311e-15, 1.26117583665e-15, 4.37181497347e-18, 4.13462015733e-19], [9.85598074479e-17, 1.05868371676e-15, 8.64417769101e-16, 1.13464129043e-15, 9.23151668938e-16, 1.98826097764e-15, 1.0644376751e-14, 1.95744185591e-17, -2.24440838799e-18, 9.74851574248e-15, 1.00508234689e-17, 9.9739152755e-14, 1.14492088228e-15, 6.03404655343e-14, 9.26361305077e-18, 3.91526681952e-14, 3.32501563717e-14, 9.13205261736e-14, 6.89722665917e-14, 6.57379432804e-15, 4.86465632926e-15, 4.03132308114e-16, 7.23165429851e-17, 3.08682231734e-16, 1.26462694004e-16, 4.13462015733e-19, 6.26281318478e-20]]
    },
    "mfcc": {
        "kurt": [-1.23102867603, 0.332868814468, -1.30850505829, 0.167931318283, 0.872226238251, -0.0459699630737, -0.90664100647, -0.591551065445, -0.318791389465, -0.824683427811, -0.145144224167, 0.539700984955, -0.489031553268],
        "max": [-729.533996582, 151.260040283, 56.7460670471, 61.644115448, 44.1532936096, 14.2207698822, 30.0460777283, 15.7662143707, 7.31309890747, 10.0308551788, 11.8487510681, 13.4911994934, 2.6891746521],
        "mean": [-854.480163574, 88.9589004517, -42.4132614136, 40.6520652771, 26.8420982361, 0.75996619463, 14.8273715973, -2.61224484444, -9.5773601532, -7.56676244736, -0.0776441544294, 1.36620044708, -7.77196502686],
        "median": [-750.25201416, 77.9586791992, -78.4218597412, 43.6491584778, 26.2044315338, 0.173579216003, 16.8518924713, -3.32152938843, -10.9286050797, -8.74300765991, -0.028715133667, 1.2571516037, -7.8749628067],
        "min": [-1138.42004395, 1.14440917969e-05, -101.301574707, 8.01086425781e-05, -6.103515625e-05, -10.6565208435, -2.36240768433, -15.826789856, -27.3847007751, -23.3547954559, -12.6991271973, -17.9605331421, -18.3722667694],
        "skew": [-0.586692273617, 0.0806224122643, 0.598578929901, -0.780418455601, -0.43853366375, 0.37585863471, -0.251317858696, 0.455728709698, 0.299485832453, 0.38020208478, 0.0737596750259, -0.517351925373, 0.216578722],
        "var": [18061.0898438, 929.354492188, 2902.58764648, 161.273590088, 64.2510147095, 25.831319809, 66.5341415405, 62.1245307922, 50.0011062622, 63.270652771, 24.3025550842, 33.6092376709, 19.7958011627],
        "cov": [[18289.7128906, -1002.09753418, -6875.54101562, 1446.79052734, 525.323364258, -179.137069702, 872.605834961, -741.789550781, -691.384521484, -795.810241699, -81.9494018555, 497.906188965, -185.760314941], [-1002.09753418, 941.118469238, 758.332458496, -7.8325843811, 71.2736740112, -16.7705688477, -37.1879577637, 94.2559051514, 30.9956893921, 129.716812134, 49.4328269958, -74.2363433838, -7.93427371979], [-6875.54101562, 758.332458496, 2939.3293457, -451.956298828, -148.563674927, 89.416053772, -311.258850098, 324.531066895, 279.207946777, 327.207885742, 31.1457557678, -203.480331421, 67.5587768555], [1446.79052734, -7.8325843811, -451.956298828, 163.315032959, 59.9007606506, 1.51537179947, 79.2088699341, -43.4588127136, -46.7749938965, -58.0138397217, -8.01189231873, 37.1868095398, -14.9310750961], [525.323364258, 71.2736740112, -148.563674927, 59.9007606506, 65.0643157959, 7.70254182816, 32.8757591248, 0.373015403748, -16.5360984802, -17.7130508423, 7.11902618408, 16.7086658478, -10.7653694153], [-179.137069702, -16.7705688477, 89.416053772, 1.51537179947, 7.70254182816, 26.1582984924, 4.08923435211, 17.0489139557, 12.8067083359, 3.31381678581, -5.975710392, -0.173574358225, 0.465421169996], [872.605834961, -37.1879577637, -311.258850098, 79.2088699341, 32.8757591248, 4.08923435211, 67.3763504028, -27.1490402222, -30.4739513397, -33.3494377136, -2.78087663651, 21.6883926392, -8.52718925476], [-741.789550781, 94.2559051514, 324.531066895, -43.4588127136, 0.373015403748, 17.0489139557, -27.1490402222, 62.9109153748, 41.3659439087, 37.6544151306, 5.41626405716, -13.9251041412, 5.16156816483], [-691.384521484, 30.9956893921, 279.207946777, -46.7749938965, -16.5360984802, 12.8067083359, -30.4739513397, 41.3659439087, 50.6340293884, 38.6789474487, 3.81505179405, -11.8293476105, 9.72040081024], [-795.810241699, 129.716812134, 327.207885742, -58.0138397217, -17.7130508423, 3.31381678581, -33.3494377136, 37.6544151306, 38.6789474487, 64.0715484619, 17.6296424866, -23.6006603241, 9.34721755981], [-81.9494018555, 49.4328269958, 31.1457557678, -8.01189231873, 7.11902618408, -5.975710392, -2.78087663651, 5.41626405716, 3.81505179405, 17.6296424866, 24.6101818085, 3.53900408745, 4.41527605057], [497.906188965, -74.2363433838, -203.480331421, 37.1868095398, 16.7086658478, -0.173574358225, 21.6883926392, -13.9251041412, -11.8293476105, -23.6006603241, 3.53900408745, 34.0346717834, 1.04975628853], [-185.760314941, -7.93427371979, 67.5587768555, -14.9310750961, -10.7653694153, 0.465421169996, -8.52718925476, 5.16156816483, 9.72040081024, 9.34721755981, 4.41527605057, 1.04975628853, 20.0463809967]]
    },
    "sccoeffs": {
        "kurt": [-0.295023918152, -1.42359173298, -1.59216558933, -1.73527741432, -1.78880238533, -1.77071332932],
        "max": [-0.642150759697, -0.589851617813, -0.61911123991, -0.423684448004, -0.505587995052, -0.641631782055],
        "mean": [-0.792943775654, -0.734757602215, -0.749710083008, -0.629093289375, -0.676334738731, -0.74330919981],
        "median": [-0.791246056557, -0.695215821266, -0.693499326706, -0.484378010035, -0.556179285049, -0.683566808701],
        "min": [-0.906115651131, -0.921957492828, -0.935179710388, -0.909888803959, -0.926429510117, -0.908152997494],
        "skew": [0.181652292609, -0.357170671225, -0.38292708993, -0.36018076539, -0.300401061773, -0.23046772182],
        "var": [0.0029890940059, 0.0099432412535, 0.0119565762579, 0.0371304824948, 0.0250233169645, 0.00747088575736],
        "cov": [[0.00302693061531, 0.00200471654534, 0.00181131192949, 0.00303602172062, 0.00238529080525, 0.00117510079872], [0.00200471654534, 0.0100691057742, 0.010237022303, 0.0181610863656, 0.0147455120459, 0.00783799495548], [0.00181131192949, 0.010237022303, 0.0121079254895, 0.0203345250338, 0.0166061893106, 0.00888703484088], [0.00303602172062, 0.0181610863656, 0.0203345250338, 0.0376004911959, 0.0305833425373, 0.0160437487066], [0.00238529080525, 0.0147455120459, 0.0166061893106, 0.0305833425373, 0.0253400690854, 0.0134421056136], [0.00117510079872, 0.00783799495548, 0.00888703484088, 0.0160437487066, 0.0134421056136, 0.00756545364857]]
    },
    "scvalleys": {
        "kurt": [6.20386123657, 10.3978824615, 13.0474472046, 11.5505847931, 8.76646900177, 2.17092943192],
        "max": [-6.52330207825, -7.93855381012, -8.67459774017, -8.88339519501, -9.02207183838, -10.6414222717],
        "mean": [-7.54665756226, -8.76200771332, -9.44616127014, -9.80141639709, -10.1413173676, -12.697561264],
        "median": [-7.38717365265, -8.5426158905, -9.20109558105, -9.52152729034, -9.81406879425, -12.1773118973],
        "min": [-11.5861968994, -13.1937322617, -14.0754404068, -14.6348085403, -14.9393787384, -17.0723495483],
        "skew": [-2.22269892693, -2.94583201408, -3.40172147751, -3.09930419922, -2.69334197044, -1.3635058403],
        "var": [0.750203311443, 0.73443198204, 0.710448801517, 0.840885937214, 0.926233291626, 1.34881579876],
        "cov": [[0.759699583054, 0.640105843544, 0.632734060287, 0.668616294861, 0.723944246769, 0.804870486259], [0.640105843544, 0.743728578091, 0.67179954052, 0.727633059025, 0.766429781914, 0.841393470764], [0.632734060287, 0.67179954052, 0.719441831112, 0.730458796024, 0.766678750515, 0.827441334724], [0.668616294861, 0.727633059025, 0.730458796024, 0.851530075073, 0.860659241676, 0.948625504971], [0.723944246769, 0.766429781914, 0.766678750515, 0.860659241676, 0.937957763672, 1.06861686707], [0.804870486259, 0.841393470764, 0.827441334724, 0.948625504971, 1.06861686707, 1.36588943005]]
    }
},
"rhythm": {
    "beats_loudness": {
        "kurt": -1.5,
        "max": 0.00522398622707,
        "mean": 0.00316929700784,
        "median": 0.00422825198621,
        "min": 5.56525192223e-05,
        "skew": -0.603661000729,
        "var": 5.01263821207e-06
    },
    "bpm": 116.148796082,
    "confidence": 0,
    "first_peak_bpm": {
        "kurt": 0,
        "max": 115,
        "mean": 115,
        "median": 115,
        "min": 115,
        "skew": 0,
        "var": 0
    },
    "first_peak_spread": {
        "kurt": 0,
        "max": 0.5,
        "mean": 0.5,
        "median": 0.5,
        "min": 0.5,
        "skew": 0,
        "var": 0
    },
    "first_peak_weight": {
        "kurt": 0,
        "max": 0.5,
        "mean": 0.5,
        "median": 0.5,
        "min": 0.5,
        "skew": 0,
        "var": 0
    },
    "onset_rate": 1.0932213068,
    "second_peak_bpm": {
        "kurt": 0,
        "max": 0,
        "mean": 0,
        "median": 0,
        "min": 0,
        "skew": 0,
        "var": 0
    },
    "second_peak_spread": {
        "kurt": 0,
        "max": 0,
        "mean": 0,
        "median": 0,
        "min": 0,
        "skew": 0,
        "var": 0
    },
    "second_peak_weight": {
        "kurt": 0,
        "max": 0,
        "mean": 0,
        "median": 0,
        "min": 0,
        "skew": 0,
        "var": 0
    },
    "beats_loudness_band_ratio": {
        "kurt": [-1.50000011921, -1.5, -1.50000011921, -1.50000035763, -1.49999976158, -1.50000011921],
        "max": [0.444875717163, 0.245799317956, 0.0705180168152, 0.264904409647, 0.509996771812, 0.192666038871],
        "mean": [0.166681334376, 0.0945622846484, 0.0467393286526, 0.189928010106, 0.415875792503, 0.124437510967],
        "median": [0.0275884829462, 0.0261071883142, 0.0439511165023, 0.244816467166, 0.498753637075, 0.159315377474],
        "min": [0.0275797676295, 0.0117803439498, 0.0257488638163, 0.0600631833076, 0.23887693882, 0.0213311389089],
        "skew": [0.707106590271, 0.697628617287, 0.224022239447, -0.682012081146, -0.70283550024, -0.601391851902],
        "var": [0.0386960580945, 0.0114705311134, 0.000337933277478, 0.00849969219416, 0.0156853627414, 0.00550084048882],
        "cov": [[0.0580440871418, 0.0315550044179, 0.00496136210859, -0.0270957089961, -0.0369300842285, -0.0215127840638], [0.0315550044179, 0.0172057971358, 0.00276235863566, -0.0146583300084, -0.0201168563217, -0.011814580299], [0.00496136210859, 0.00276235863566, 0.000506899901666, -0.00222459970973, -0.00320776225999, -0.00199056486599], [-0.0270957089961, -0.0146583300084, -0.00222459970973, 0.0127495378256, 0.0171829815954, 0.00987493339926], [-0.0369300842285, -0.0201168563217, -0.00320776225999, 0.0171829815954, 0.0235280431807, 0.0137810241431], [-0.0215127840638, -0.011814580299, -0.00199056486599, 0.00987493339926, 0.0137810241431, 0.00825126096606]]
    },
    "beats_position": [0.49922901392, 1.01006805897, 1.53251695633],
    "bpm_estimates": [117.453826904, 114.843765259],
    "bpm_intervals": [0.510839045048, 0.522448897362],
    "onset_times": [0.0580498874187, 0.301859408617],
    "histogram": [[0, 0, 0, 0, 0, 0, 0, 0, 0, 0, 0, 0, 0, 0, 0, 0, 0, 0, 0, 0, 0, 0, 0, 0, 0, 0, 0, 0, 0, 0, 0, 0, 0, 0, 0, 0, 0, 0, 0, 0, 0, 0, 0, 0, 0, 0, 0, 0, 0, 0, 0, 0, 0, 0, 0, 0, 0, 0, 0, 0, 0, 0, 0, 0, 0, 0, 0, 0, 0, 0, 0, 0, 0, 0, 0, 0, 0, 0, 0, 0, 0, 0, 0, 0, 0, 0, 0, 0, 0, 0, 0, 0, 0, 0, 0, 0, 0, 0, 0, 0, 0, 0, 0, 0, 0, 0, 0, 0, 0, 0, 0, 0, 0, 0, 0, 0.5, 0, 0.5, 0, 0, 0, 0, 0, 0, 0, 0, 0, 0, 0, 0, 0, 0, 0, 0, 0, 0, 0, 0, 0, 0, 0, 0, 0, 0, 0, 0, 0, 0, 0, 0, 0, 0, 0, 0, 0, 0, 0, 0, 0, 0, 0, 0, 0, 0, 0, 0, 0, 0, 0, 0, 0, 0, 0, 0, 0, 0, 0, 0, 0, 0, 0, 0, 0, 0, 0, 0, 0, 0, 0, 0, 0, 0, 0, 0, 0, 0, 0, 0, 0, 0, 0, 0, 0, 0, 0, 0, 0, 0, 0, 0, 0, 0, 0, 0, 0, 0, 0, 0, 0, 0, 0, 0, 0, 0, 0, 0, 0, 0, 0, 0, 0, 0, 0, 0, 0, 0, 0, 0, 0, 0, 0, 0, 0, 0, 0, 0, 0, 0, 0, 0]]
},
"sfx": {
    "inharmonicity": {
        "kurt": 8.59043502808,
        "max": 0.373710036278,
        "mean": 0.0431634224951,
        "median": 0.0151321776211,
        "min": 0.00116214295849,
        "skew": 2.65530633926,
        "var": 0.00403911387548
    },
    "oddtoevenharmonicenergyratio": {
        "kurt": 26.175321579,
        "max": 9.44903755188,
        "mean": 0.999443352222,
        "median": 0.741294026375,
        "min": 0.0383101142943,
        "skew": 4.75070285797,
        "var": 1.58237290382
    },
    "pitch_after_max_to_before_max_energy_ratio": 4.88081264496,
    "pitch_centroid": 39.0474052429,
    "pitch_max_to_total": 0.25,
    "pitch_min_to_total": 0.887499988079,
    "tristimulus": {
        "kurt": [1.0322432518, 7.07421779633, 0.071887254715],
        "max": [0.596456885338, 0.832306981087, 0.725602388382],
        "mean": [0.144503831863, 0.357246696949, 0.498249530792],
        "median": [0.0641787946224, 0.349475979805, 0.576354563236],
        "min": [0, 0.125058367848, 0.116218261421],
        "skew": [1.49512112141, 1.42043399811, -1.16317510605],
        "var": [0.0243656225502, 0.00903962366283, 0.0212930329144],
        "cov": [[0.0246740467846, -0.00613276474178, -0.0185412820429], [-0.00613276474178, 0.00915404874831, -0.00302128400654], [-0.0185412820429, -0.00302128400654, 0.0215625651181]]
    }
},
"tonal": {
    "chords_changes_rate": 0,
    "chords_number_rate": 0.0243902429938,
    "chords_strength": {
        "kurt": -1.56952214241,
        "max": 0.527671217918,
        "mean": 0.490516752005,
        "median": 0.497859209776,
        "min": 0.451774835587,
        "skew": -0.203981369734,
        "var": 0.000590597221162
    },
    "key_strength": 0.647280216217,
    "tuning_diatonic_strength": 0.432448595762,
    "tuning_equal_tempered_deviation": 0.164844527841,
    "tuning_frequency": 435.952270508,
    "tuning_nontempered_energy_ratio": 0.672119855881,
    "hpcp": {
        "kurt": [18.5468273163, 14.1408786774, 6.0281124115, 8.19579792023, 5.81612682343, 5.27378368378, 5.42113399506, 8.0843000412, 2.02448272705, 5.89598941803, 4.57467556, 10.3624200821, 8.212474823, 21.8860855103, 14.1885623932, 15.3984489441, 13.543346405, -1.04006123543, -1.55074429512, -1.06672549248, 7.08239173889, 6.92203712463, 9.54627132416, 12.0383367538, 12.2689304352, 0.96187210083, -0.653857469559, 5.77934741974, 6.70310401917, 15.2839450836, 17.160112381, 17.0400695801, -0.350750684738, -1.19990801811, -0.440700769424, 1.95331382751],
        "max": [0.37706643343, 0.775709986687, 0.604527235031, 0.498867332935, 1, 1, 0.461974531412, 0.931556642056, 0.922660410404, 1, 0.74806022644, 0.519126236439, 0.167793482542, 0.668049275875, 1, 0.95411491394, 0.633373498917, 0.738939642906, 1, 0.787395179272, 1, 0.988462388515, 1, 1, 1, 0.669664919376, 1, 1, 0.502455949783, 0.554990172386, 0.782941460609, 0.858372449875, 1, 1, 0.826621592045, 0.147442832589],
        "mean": [0.0248325429857, 0.0527549497783, 0.0689725205302, 0.0648645535111, 0.103757567704, 0.104393213987, 0.0554075837135, 0.105433106422, 0.267636597157, 0.267049074173, 0.114610210061, 0.041251283139, 0.0171799827367, 0.039282374084, 0.0707352682948, 0.0588896609843, 0.0499949902296, 0.32820430398, 0.580307066441, 0.332450151443, 0.0946719348431, 0.0914854481816, 0.080267444253, 0.0789027363062, 0.0777348279953, 0.205007463694, 0.373429983854, 0.22979336977, 0.0507836453617, 0.0432208813727, 0.057250790298, 0.0646770820022, 0.387221753597, 0.665676414967, 0.323778659105, 0.0252372920513],
        "median": [0.00305432104506, 0.00312353204936, 0.0153574869037, 0.029606513679, 0.0170358773321, 0.00441119726747, 0.00544906919822, 0.0389299467206, 0.228915959597, 0.244970619678, 0.0536157749593, 0.000860765168909, 0.00366859626956, 0.010765152052, 0.0111805694178, 0.00311894761398, 0.00318768667057, 0.387361377478, 0.695412814617, 0.396024495363, 0.00467157782987, 0.00535359792411, 0.00641940440983, 0.00927529484034, 0.00646567344666, 0.193435162306, 0.379545688629, 0.196550533175, 0.00408290699124, 0.00526883127168, 0.00517965806648, 0.00868515111506, 0.504887878895, 0.905730545521, 0.40834158659, 0.00228193285875],
