{
"metadata": {
    "version": {
        "essentia": "2.1-beta3"
    }
},
"lowLevel": {
    "average_loudness": 0.972721278667,
    "barkbands_kurtosis": {
        "kurt": 6.15306568146,
        "max": 4.76920747757,
        "mean": -0.723057806492,
        "median": -1.04695928097,
        "min": -1.79064786434,
        "skew": 2.20640563965,
        "var": 1.09802138805
    },
    "barkbands_skewness": {
        "kurt": 0.0817375183105,
        "max": 2.01612138748,
        "mean": 0.292870432138,
        "median": 0.329959303141,
        "min": -1.46512281895,
        "skew": -0.0222005601972,
        "var": 0.430512189865
    },
    "barkbands_spread": {
        "kurt": -0.665920257568,
        "max": 47.1863975525,
        "mean": 25.5082416534,
        "median": 24.3469867706,
        "min": 8.17529201508,
        "skew": 0.379605948925,
        "var": 72.849067688
    },
    "dissonance": {
        "kurt": -0.205363988876,
        "max": 0.495653063059,
        "mean": 0.468191236258,
        "median": 0.470425963402,
        "min": 0.422617942095,
        "skew": -0.754516899586,
        "var": 0.000316182879033
    },
    "hfc": {
        "kurt": 1.35330152512,
        "max": 60.3452377319,
        "mean": 13.7797088623,
        "median": 11.2671632767,
        "min": 6.89523585606e-05,
        "skew": 1.29198944569,
        "var": 197.770370483
    },
    "pitch": {
        "kurt": 4.33902978897,
        "max": 3688.43554688,
        "mean": 615.205505371,
        "median": 334.746826172,
        "min": 100.996734619,
        "skew": 2.38039112091,
        "var": 686318.5625
    },
    "pitch_instantaneous_confidence": {
        "kurt": -0.665458440781,
        "max": 0.836143195629,
        "mean": 0.453141570091,
        "median": 0.433092713356,
        "min": 0.200034856796,
        "skew": 0.460391700268,
        "var": 0.0238688457757
    },
    "pitch_salience": {
        "kurt": -0.29293012619,
        "max": 0.808821022511,
        "mean": 0.609938263893,
        "median": 0.60989266634,
        "min": 0.322589784861,
        "skew": -0.383489519358,
        "var": 0.0100544309244
    },
    "silence_rate_20dB": {
        "kurt": 0,
        "max": 1,
        "mean": 1,
        "median": 1,
        "min": 1,
        "skew": 0,
        "var": 0
    },
    "silence_rate_30dB": {
        "kurt": 0,
        "max": 1,
        "mean": 1,
        "median": 1,
        "min": 1,
        "skew": 0,
        "var": 0
    },
    "silence_rate_60dB": {
        "kurt": -0.941958189011,
        "max": 1,
        "mean": 0.271317839622,
        "median": 0,
        "min": 0,
        "skew": 1.02861273289,
        "var": 0.197704941034
    },
    "spectral_centroid": {
        "kurt": -0.0879969596863,
        "max": 2471.9597168,
        "mean": 1199.06860352,
        "median": 1089.68225098,
        "min": 424.58895874,
        "skew": 0.914927303791,
        "var": 265198.78125
    },
    "spectral_complexity": {
        "kurt": -0.899677991867,
        "max": 37,
        "mean": 15.9612407684,
        "median": 18,
        "min": 0,
        "skew": -0.199550569057,
        "var": 81.8202056885
    },
    "spectral_crest": {
        "kurt": 1.33859968185,
        "max": 17.8788166046,
        "mean": 7.42409467697,
        "median": 6.91201925278,
        "min": 3.49435663223,
        "skew": 1.15647614002,
        "var": 7.78031206131
    },
    "spectral_decrease": {
        "kurt": -0.585735082626,
        "max": -1.79738883689e-14,
        "mean": -2.45259457188e-09,
        "median": -2.113063724e-09,
        "min": -8.66561222779e-09,
        "skew": -0.551477253437,
        "var": 4.07734032976e-18
    },
    "spectral_energy": {
        "kurt": -0.856136083603,
        "max": 0.034754447639,
        "mean": 0.0105065125972,
        "median": 0.00895554944873,
        "min": 7.40915595543e-08,
        "skew": 0.485872387886,
        "var": 7.50028921175e-05
    },
    "spectral_energyband_high": {
        "kurt": 7.31935024261,
        "max": 0.00200100755319,
        "mean": 0.000201462753466,
        "median": 7.72953717387e-05,
        "min": 7.79711406551e-10,
        "skew": 2.4644947052,
        "var": 1.07839596808e-07
    },
    "spectral_energyband_low": {
        "kurt": 0.725673913956,
        "max": 0.00407104613259,
        "mean": 0.00101876677945,
        "median": 0.000729648163542,
        "min": 1.30065229698e-08,
        "skew": 1.11556744576,
        "var": 9.37956315283e-07
    },
    "spectral_energyband_middle_high": {
        "kurt": 0.658120155334,
        "max": 0.0182333197445,
        "mean": 0.00443130312487,
        "median": 0.00355042284355,
        "min": 2.84926358063e-08,
        "skew": 1.08332157135,
        "var": 1.86995694094e-05
    },
    "spectral_energyband_middle_low": {
        "kurt": 3.81514692307,
        "max": 0.0298307649791,
        "mean": 0.00522662140429,
        "median": 0.00408734101802,
        "min": 3.38839107883e-08,
        "skew": 1.64001977444,
        "var": 2.5751944122e-05
    },
    "spectral_flatness_db": {
        "kurt": 0.615354776382,
        "max": 0.220403432846,
        "mean": 0.170599237084,
        "median": 0.172510653734,
        "min": 0.113257817924,
        "skew": -0.30407127738,
        "var": 0.000409124681028
    },
    "spectral_flux": {
        "kurt": -1.02973997593,
        "max": 0.123558476567,
        "mean": 0.0574838593602,
        "median": 0.0654580965638,
        "min": 0.000272197648883,
        "skew": -0.170925348997,
        "var": 0.000894658500329
    },
    "spectral_kurtosis": {
        "kurt": 0.749714374542,
        "max": 30.8359565735,
        "mean": 10.7717752457,
        "median": 10.3481359482,
        "min": 2.15112257004,
        "skew": 0.701959073544,
        "var": 28.5408344269
    },
    "spectral_rms": {
        "kurt": -1.16398334503,
        "max": 0.00582295283675,
        "mean": 0.00281737931073,
        "median": 0.00295586232096,
        "min": 8.50202650327e-06,
        "skew": -0.164241954684,
        "var": 2.31262788475e-06
    },
    "spectral_rolloff": {
        "kurt": -0.873572826385,
        "max": 3875.9765625,
        "mean": 2285.69165039,
        "median": 2110.25390625,
        "min": 559.86328125,
        "skew": 0.0226339399815,
        "var": 711312.8125
    },
    "spectral_skewness": {
        "kurt": -0.803040981293,
        "max": 3.60310029984,
        "mean": 2.25522851944,
        "median": 2.25372958183,
        "min": 1.04578089714,
        "skew": -0.0093109542504,
        "var": 0.392258822918
    },
    "spectral_spread": {
        "kurt": 1.49473810196,
        "max": 5770887,
        "mean": 2878629,
        "median": 2638696.25,
        "min": 1735563.75,
        "skew": 1.28885769844,
        "var": 673146208256
    },
    "spectral_strongpeak": {
        "kurt": 2.43467473984,
        "max": 12.2531909943,
        "mean": 1.79022240639,
        "median": 0.547542273998,
        "min": 0.000226150019444,
        "skew": 1.7889431715,
        "var": 6.72162532806
    },
    "zerocrossingrate": {
        "kurt": -0.351837873459,
        "max": 0.1298828125,
        "mean": 0.0690482705832,
        "median": 0.064453125,
        "min": 0.0244140625,
        "skew": 0.806792080402,
        "var": 0.000709044397809
    },
    "barkbands": {
        "kurt": [5.4223690033, 4.73572492599, 0.591256856918, 21.5470523834, 1.55516624451, 54.048324585, 25.0948009491, 13.0392360687, 14.2629394531, 11.6210584641, 8.74499607086, 3.20955181122, 6.22489833832, 4.99267053604, 21.9279460907, 6.23178195953, 1.99445724487, 6.39843273163, 12.4335870743, 17.6008033752, 11.6377229691, 15.9830360413, 5.39834785461, 12.9484167099, 38.1755371094, 51.7282524109, 25.3689651489],
        "max": [2.86274862447e-05, 0.00133763300255, 0.00197186646983, 0.0100761670619, 0.00583749264479, 0.013695971109, 0.0134096024558, 0.00796334352344, 0.0074742087163, 0.00143013650086, 0.00036002061097, 0.00213477225043, 0.00168360501993, 0.00289380154572, 0.00620766589418, 0.00180462969001, 0.00123186374549, 0.0145174879581, 0.0041282819584, 0.00416789297014, 0.00182878016494, 0.000127851119032, 1.17490999401e-05, 9.63853926805e-06, 4.94889172842e-06, 3.27593568272e-07, 7.36711625038e-09],
        "mean": [4.42910868514e-06, 0.000214984829654, 0.000458149821497, 0.000799943925813, 0.00128151720855, 0.000840260065161, 0.000835709506646, 0.000755063374527, 0.000658552045934, 0.000180590461241, 5.29498502146e-05, 0.000349144305801, 0.000222017653869, 0.000409208034398, 0.000440597446868, 0.000272485718597, 0.000227208918659, 0.00176114623901, 0.000347962457454, 0.000231107725995, 0.00014970410848, 1.08437698145e-05, 1.69155828189e-06, 8.99026929346e-07, 3.4475283428e-07, 1.47052112709e-08, 5.38444622222e-10],
        "median": [3.04669583784e-06, 0.000147328682942, 0.000254032929661, 0.000317846948747, 0.000877869781107, 0.000468012643978, 0.000286292721285, 0.000266753835604, 0.000331219431246, 0.000127223742311, 3.84356317227e-05, 0.00015058509598, 0.000109801883809, 0.000204802345252, 0.000161726013175, 0.00015226942196, 0.000128708285047, 0.000719449017197, 7.21985998098e-05, 2.9914015613e-05, 3.82218349841e-05, 5.05531670569e-06, 7.8996498587e-07, 3.5570431578e-07, 2.15740740828e-07, 3.27203886208e-09, 2.65397592791e-10],
        "min": [1.18740170474e-10, 2.5348416699e-09, 8.43169800646e-09, 2.12071293859e-09, 7.66472041391e-09, 8.3696072295e-09, 9.70277302947e-10, 2.74109179799e-09, 1.18332552645e-08, 1.68956915125e-09, 8.65537808092e-10, 1.25174270948e-09, 2.74256528598e-09, 9.48294864855e-09, 7.68371144488e-09, 3.160286699e-09, 6.58821275312e-10, 4.43796943639e-10, 3.41594919018e-10, 4.28186708312e-10, 3.84302117906e-10, 7.08496664115e-11, 2.37235092682e-11, 4.62803372014e-11, 3.02133422447e-11, 2.43636534558e-12, 2.44886088404e-13],
        "skew": [1.90427780151, 1.98485946655, 1.18985283375, 3.82846999168, 1.30501663685, 6.36532115936, 4.57333707809, 3.26602816582, 3.54262518883, 2.68450069427, 2.2436196804, 1.89666414261, 2.34495639801, 2.16234445572, 4.06194877625, 2.33546590805, 1.52725839615, 2.4322245121, 3.26731753349, 4.20520114899, 2.9316740036, 3.39673614502, 2.34429717064, 3.324041605, 5.21000957489, 6.36397218704, 4.40558671951],
        "var": [2.27417008836e-11, 5.87887427628e-08, 2.48043022566e-07, 1.59672651989e-06, 1.50552227751e-06, 1.93754385691e-06, 2.97067322208e-06, 1.60680178851e-06, 1.21665209463e-06, 3.98558732684e-08, 2.63703792136e-09, 1.99645057819e-07, 8.50232169114e-08, 2.92602493346e-07, 6.31824093489e-07, 1.13262792922e-07, 6.59609540321e-08, 7.36333322493e-06, 4.75282689649e-07, 4.812633847e-07, 7.11268128839e-08, 3.04939434814e-10, 6.13342059433e-12, 2.47698346209e-12, 2.95362123431e-13, 1.1796791969e-15, 8.53419091776e-19],
        "cov": [[2.2919371262e-11, 3.23148618975e-10, 3.32471689068e-10, 1.34210165204e-09, 2.03180361424e-09, 1.41926626007e-09, 8.34176450137e-10, 9.05026387166e-10, 9.39462174721e-10, 1.36160360764e-10, 4.11303560655e-11, 3.4404332161e-10, 2.69167688138e-10, 4.555658073e-10, 1.21444387879e-09, 2.8660324114e-10, 3.72937375426e-10, 2.19514961763e-10, 2.94831277448e-11, -2.66034333452e-10, -4.99775464069e-11, 3.75321518656e-13, 2.39340312977e-13, -1.53839668868e-13, 1.76684652288e-14, -6.18098195171e-15, 3.56049849392e-16], [3.23148618975e-10, 5.92480304817e-08, 5.50910215225e-08, 1.17570664315e-07, 1.05878683598e-07, 6.71122677431e-08, 7.47477599816e-08, 8.44332816996e-08, 6.30027230386e-08, 2.01712619941e-08, 3.05488057073e-09, 2.24032046248e-08, 2.62199275625e-08, 4.67709000418e-08, 5.82642947222e-08, 2.37382113966e-08, 2.39732926843e-08, 1.02587222273e-07, 2.60297063903e-08, -1.48888590346e-09, 4.51635884247e-09, 8.94224971848e-10, 8.13280137679e-11, 7.52686888511e-12, 1.45862159157e-11, 1.87747753e-13, 2.97581478502e-14], [3.32471689068e-10, 5.50910215225e-08, 2.49980871558e-07, 2.01594644977e-07, 3.59911553005e-07, 1.75065750341e-07, 3.34233391186e-07, 2.30665591516e-07, 1.33633179189e-07, 4.27379021062e-08, 8.65342997258e-09, 8.28105299888e-08, 7.05531775225e-08, 1.31653010271e-07, 9.66190896179e-08, 9.0319190349e-08, 4.76717190168e-08, 4.44684189915e-07, 1.44059526974e-07, 8.2687314773e-08, 6.93242725447e-08, 3.43242789747e-09, 6.28228302713e-10, 3.15191567291e-10, 7.37982452925e-11, 3.29087581838e-12, 1.01476302133e-13], [1.34210165204e-09, 1.17570664315e-07, 2.01594644977e-07, 1.60920092185e-06, 6.78336675719e-07, 7.70399765315e-07, 3.96825640792e-07, 5.3730690297e-07, 3.18920712061e-07, 1.21658089824e-07, 1.53250567791e-08, 9.49829797037e-08, 8.63499565185e-08, 2.35082040945e-07, 2.15240476109e-07, 1.58173747877e-07, 1.89100703096e-07, 2.21965322567e-07, 1.20569865203e-08, -7.78256037393e-08, 2.19505711385e-08, 8.2357565212e-10, 2.47671078091e-10, 1.09996206588e-10, 2.80295960053e-11, -6.65016381806e-13, 6.43270836988e-14], [2.03180361424e-09, 1.05878683598e-07, 3.59911553005e-07, 6.78336675719e-07, 1.51728420406e-06, 6.04381114044e-07, 6.59394970626e-07, 6.09813525898e-07, 4.17320990209e-07, 8.55950901268e-08, 2.4972585777e-08, 2.04876343446e-07, 1.64918645851e-07, 3.92975010755e-07, 2.91000702646e-07, 2.0559583902e-07, 1.51174702978e-07, 7.31491923034e-07, 1.87388721429e-07, 1.34629473791e-07, 1.13779933031e-07, 6.44535758099e-09, 1.12710807354e-09, 5.29586430265e-10, 1.38717690112e-10, 7.82041705699e-12, 2.88579490165e-13], [1.41926626007e-09, 6.71122677431e-08, 1.75065750341e-07, 7.70399765315e-07, 6.04381114044e-07, 1.95268080461e-06, 5.18385718351e-07, 9.54896677285e-07, 2.59284661297e-07, 1.11776152778e-07, 2.9750557573e-08, 8.00762478548e-08, 7.75586173063e-08, 1.97620011022e-07, 1.99147564217e-07, 1.74510290663e-07, 2.01767520025e-07, 9.18812588679e-07, 1.47591677546e-07, 5.65385285256e-08, 8.03561022167e-08, 4.74619632485e-09, 6.83998024886e-10, 3.60436541724e-10, 1.25041088594e-10, 4.14808378618e-12, 1.60033485487e-13], [8.34176450137e-10, 7.47477599816e-08, 3.34233391186e-07, 3.96825640792e-07, 6.59394970626e-07, 5.18385718351e-07, 2.99388170788e-06, 2.10681875501e-07, 3.4914137359e-07, 6.87983714442e-08, 2.17018527593e-08, 1.19146726263e-07, 1.20503628409e-07, 4.1606620016e-07, 1.57832488412e-07, 7.91799266153e-08, 6.54158966995e-08, 3.28697495888e-07, 2.70038896133e-07, 1.81677208388e-07, 1.79811038947e-07, 9.8821564265e-09, 1.15986675819e-09, 3.96327526353e-10, 1.54574159028e-10, 5.25117015843e-12, 2.68341663993e-13], [9.05026387166e-10, 8.44332816996e-08, 2.30665591516e-07, 5.3730690297e-07, 6.09813525898e-07, 9.54896677285e-07, 2.10681875501e-07, 1.61935497545e-06, 7.63238148238e-08, 5.43917693108e-08, 1.71154646011e-08, 2.51127858064e-07, 1.54119803142e-07, 1.36420425179e-07, 1.41344287385e-07, 8.59167457179e-08, 1.28679531031e-07, 1.60752762213e-07, -8.39680325271e-09, -4.692936173e-08, 9.83139081256e-09, 2.08765893461e-09, 7.77130790275e-11, 8.54696174946e-11, 1.77230122939e-11, 1.13796797506e-12, 7.02051332108e-14], [9.39462174721e-10, 6.30027230386e-08, 1.33633179189e-07, 3.18920712061e-07, 4.17320990209e-07, 2.59284661297e-07, 3.4914137359e-07, 7.63238148238e-08, 1.22615722375e-06, 7.19417130313e-08, 1.4971909934e-08, 6.58566889911e-08, 5.04630612852e-08, 3.03678007185e-07, 2.71047554179e-07, 1.34893937798e-07, 1.42650605994e-07, 2.79057900343e-07, 6.52397358358e-10, -4.08409555064e-08, 4.11769640607e-09, -3.12773307254e-10, -1.43065021635e-11, -4.86294615687e-11, -1.02117186235e-11, -2.0106182344e-12, 1.94967495924e-13], [1.36160360764e-10, 2.01712619941e-08, 4.27379021062e-08, 1.21658089824e-07, 8.55950901268e-08, 1.11776152778e-07, 6.87983714442e-08, 5.43917693108e-08, 7.19417130313e-08, 4.0167247306e-08, 3.78704978488e-09, 2.04745855825e-08, 1.86088549015e-08, 4.51303563409e-08, 4.14602396859e-08, 2.48095375355e-08, 3.08327443577e-08, 1.48405050027e-07, 3.07099021768e-08, 3.40168639923e-08, 1.12594138457e-08, 7.18846149272e-10, 1.68212624385e-10, 8.39450731149e-11, 2.52032110459e-11, 7.11626124781e-13, 3.01985541608e-14], [4.11303560655e-11, 3.05488057073e-09, 8.65342997258e-09, 1.53250567791e-08, 2.4972585777e-08, 2.9750557573e-08, 2.17018527593e-08, 1.71154646011e-08, 1.4971909934e-08, 3.78704978488e-09, 2.65763988594e-09, 6.73688882458e-09, 3.92092225354e-09, 9.75816849547e-09, 1.53754395882e-08, 6.18613960057e-09, 6.10969674852e-09, 4.48289263488e-08, 1.16588383392e-08, 3.44538797492e-09, 4.55226878415e-09, 3.05121733435e-10, 3.69893039809e-11, 2.17516629708e-11, 7.71793306348e-12, 3.37354791454e-13, 5.88273572176e-15], [3.4404332161e-10, 2.24032046248e-08, 8.28105299888e-08, 9.49829797037e-08, 2.04876343446e-07, 8.00762478548e-08, 1.19146726263e-07, 2.51127858064e-07, 6.58566889911e-08, 2.04745855825e-08, 6.73688882458e-09, 2.01204784389e-07, 7.66877690239e-08, 9.11560675831e-08, 3.63502330458e-08, 3.57698688447e-08, 2.90700743477e-08, 3.85088753774e-07, 8.18436660666e-08, 6.48034692574e-09, 3.06511935833e-08, 1.86782367351e-09, 2.2088865459e-10, 1.1374744896e-10, 3.40296887891e-11, 1.6603330039e-12, 6.79592084105e-14], [2.69167688138e-10, 2.62199275625e-08, 7.05531775225e-08, 8.63499565185e-08, 1.64918645851e-07, 7.75586173063e-08, 1.20503628409e-07, 1.54119803142e-07, 5.04630612852e-08, 1.86088549015e-08, 3.92092225354e-09, 7.66877690239e-08, 8.56874606825e-08, 9.55042551709e-08, 9.72628200202e-08, 3.39142971484e-08, 3.12137373726e-08, 3.7950893983e-08, -7.79105113757e-11, -1.71547522854e-08, 1.17680731826e-09, 5.97195015661e-10, 1.13758343023e-10, 3.22086662896e-11, 1.36165575343e-11, 6.18805733651e-13, 2.07930528806e-14], [4.555658073e-10, 4.67709000418e-08, 1.31653010271e-07, 2.35082040945e-07, 3.92975010755e-07, 1.97620011022e-07, 4.1606620016e-07, 1.36420425179e-07, 3.03678007185e-07, 4.51303563409e-08, 9.75816849547e-09, 9.11560675831e-08, 9.55042551709e-08, 2.94888451435e-07, 2.15246060975e-07, 8.9303149764e-08, 7.42466710335e-08, 6.8856891744e-08, 1.70538481115e-08, -7.10669034731e-09, 1.27314834231e-08, 1.5632792838e-09, 2.23201929161e-10, 4.80966551308e-11, 2.99031598094e-11, 1.3441024552e-12, 9.02866648632e-14], [1.21444387879e-09, 5.82642947222e-08, 9.66190896179e-08, 2.15240476109e-07, 2.91000702646e-07, 1.99147564217e-07, 1.57832488412e-07, 1.41344287385e-07, 2.71047554179e-07, 4.14602396859e-08, 1.53754395882e-08, 3.63502330458e-08, 9.72628200202e-08, 2.15246060975e-07, 6.36760205452e-07, 1.25772643855e-07, 7.58504228315e-08, -1.43475517689e-07, -5.9295686583e-08, -6.21044762283e-08, -2.7790568069e-08, -3.80199011163e-10, 6.27559879063e-11, -5.45618827896e-11, 2.32589034838e-12, 9.53596807096e-14, 6.63868103285e-14], [2.8660324114e-10, 2.37382113966e-08, 9.0319190349e-08, 1.58173747877e-07, 2.0559583902e-07, 1.74510290663e-07, 7.91799266153e-08, 8.59167457179e-08, 1.34893937798e-07, 2.48095375355e-08, 6.18613960057e-09, 3.57698688447e-08, 3.39142971484e-08, 8.9303149764e-08, 1.25772643855e-07, 1.14147660213e-07, 4.54183712861e-08, 3.83317996011e-07, 7.08448553155e-08, -8.27490787003e-09, 4.12635401403e-08, 1.60126623072e-09, 2.92889573705e-10, 2.03049424496e-10, 3.98170316163e-11, 1.28200954626e-12, 7.67012592762e-14], [3.72937375426e-10, 2.39732926843e-08, 4.76717190168e-08, 1.89100703096e-07, 1.51174702978e-07, 2.01767520025e-07, 6.54158966995e-08, 1.28679531031e-07, 1.42650605994e-07, 3.08327443577e-08, 6.10969674852e-09, 2.90700743477e-08, 3.12137373726e-08, 7.42466710335e-08, 7.58504228315e-08, 4.54183712861e-08, 6.64762751512e-08, 2.05959935329e-07, 1.43763045912e-08, -4.61347982039e-09, 5.88949511382e-09, 4.21439466658e-10, 8.78935535464e-11, 4.67725684572e-11, 1.74717740276e-11, 2.89818895879e-13, 3.58297952126e-14], [2.19514961763e-10, 1.02587222273e-07, 4.44684189915e-07, 2.21965322567e-07, 7.31491923034e-07, 9.18812588679e-07, 3.28697495888e-07, 1.60752762213e-07, 2.79057900343e-07, 1.48405050027e-07, 4.48289263488e-08, 3.85088753774e-07, 3.7950893983e-08, 6.8856891744e-08, -1.43475517689e-07, 3.83317996011e-07, 2.05959935329e-07, 7.42085921956e-06, 1.13698445148e-06, 7.07800836608e-07, 4.21599082756e-07, 2.08292760817e-08, 3.15516324179e-09, 1.94905225293e-09, 5.12421161059e-10, 2.09066496754e-11, 8.4655681987e-13], [2.94831277448e-11, 2.60297063903e-08, 1.44059526974e-07, 1.20569865203e-08, 1.87388721429e-07, 1.47591677546e-07, 2.70038896133e-07, -8.39680325271e-09, 6.52397358358e-10, 3.07099021768e-08, 1.16588383392e-08, 8.18436660666e-08, -7.79105113757e-11, 1.70538481115e-08, -5.9295686583e-08, 7.08448553155e-08, 1.43763045912e-08, 1.13698445148e-06, 4.78995843878e-07, 2.35682094285e-07, 1.38521457416e-07, 8.11798805955e-09, 1.19502552298e-09, 6.89144241672e-10, 2.04252587066e-10, 9.51264327725e-12, 2.35667930483e-13], [-2.66034333452e-10, -1.48888590346e-09, 8.2687314773e-08, -7.78256037393e-08, 1.34629473791e-07, 5.65385285256e-08, 1.81677208388e-07, -4.692936173e-08, -4.08409555064e-08, 3.40168639923e-08, 3.44538797492e-09, 6.48034692574e-09, -1.71547522854e-08, -7.10669034731e-09, -6.21044762283e-08, -8.27490787003e-09, -4.61347982039e-09, 7.07800836608e-07, 2.35682094285e-07, 4.85023235797e-07, 9.45365528082e-08, 8.19450640677e-09, 1.3274521482e-09, 7.27155058389e-10, 2.46681897131e-10, 1.56761392062e-11, 3.84521326455e-13], [-4.99775464069e-11, 4.51635884247e-09, 6.93242725447e-08, 2.19505711385e-08, 1.13779933031e-07, 8.03561022167e-08, 1.79811038947e-07, 9.83139081256e-09, 4.11769640607e-09, 1.12594138457e-08, 4.55226878415e-09, 3.06511935833e-08, 1.17680731826e-09, 1.27314834231e-08, -2.7790568069e-08, 4.12635401403e-08, 5.88949511382e-09, 4.21599082756e-07, 1.38521457416e-07, 9.45365528082e-08, 7.16824928304e-08, 3.32859828589e-09, 4.99562335943e-10, 3.17129517091e-10, 7.89891901887e-11, 3.77442088001e-12, 1.00883982158e-13], [3.75321518656e-13, 8.94224971848e-10, 3.43242789747e-09, 8.2357565212e-10, 6.44535758099e-09, 4.74619632485e-09, 9.8821564265e-09, 2.08765893461e-09, -3.12773307254e-10, 7.18846149272e-10, 3.05121733435e-10, 1.86782367351e-09, 5.97195015661e-10, 1.5632792838e-09, -3.80199011163e-10, 1.60126623072e-09, 4.21439466658e-10, 2.08292760817e-08, 8.11798805955e-09, 8.19450640677e-09, 3.32859828589e-09, 3.07321779136e-10, 3.50090269274e-11, 2.26428112371e-11, 8.3212386634e-12, 4.96920701202e-13, 9.75396470543e-15], [2.39340312977e-13, 8.13280137679e-11, 6.28228302713e-10, 2.47671078091e-10, 1.12710807354e-09, 6.83998024886e-10, 1.15986675819e-09, 7.77130790275e-11, -1.43065021635e-11, 1.68212624385e-10, 3.69893039809e-11, 2.2088865459e-10, 1.13758343023e-10, 2.23201929161e-10, 6.27559879063e-11, 2.92889573705e-10, 8.78935535464e-11, 3.15516324179e-09, 1.19502552298e-09, 1.3274521482e-09, 4.99562335943e-10, 3.50090269274e-11, 6.18133799354e-12, 3.43789276561e-12, 1.07208849003e-12, 6.09840818252e-14, 1.08813875811e-15], [-1.53839668868e-13, 7.52686888511e-12, 3.15191567291e-10, 1.09996206588e-10, 5.29586430265e-10, 3.60436541724e-10, 3.96327526353e-10, 8.54696174946e-11, -4.86294615687e-11, 8.39450731149e-11, 2.17516629708e-11, 1.1374744896e-10, 3.22086662896e-11, 4.80966551308e-11, -5.45618827896e-11, 2.03049424496e-10, 4.67725684572e-11, 1.94905225293e-09, 6.89144241672e-10, 7.27155058389e-10, 3.17129517091e-10, 2.26428112371e-11, 3.43789276561e-12, 2.49633495299e-12, 7.26085153373e-13, 4.18962451808e-14, 6.2829939412e-16], [1.76684652288e-14, 1.45862159157e-11, 7.37982452925e-11, 2.80295960053e-11, 1.38717690112e-10, 1.25041088594e-10, 1.54574159028e-10, 1.77230122939e-11, -1.02117186235e-11, 2.52032110459e-11, 7.71793306348e-12, 3.40296887891e-11, 1.36165575343e-11, 2.99031598094e-11, 2.32589034838e-12, 3.98170316163e-11, 1.74717740276e-11, 5.12421161059e-10, 2.04252587066e-10, 2.46681897131e-10, 7.89891901887e-11, 8.3212386634e-12, 1.07208849003e-12, 7.26085153373e-13, 2.97669630915e-13, 1.7827583756e-14, 2.79033008086e-16], [-6.18098195171e-15, 1.87747753e-13, 3.29087581838e-12, -6.65016381806e-13, 7.82041705699e-12, 4.14808378618e-12, 5.25117015843e-12, 1.13796797506e-12, -2.0106182344e-12, 7.11626124781e-13, 3.37354791454e-13, 1.6603330039e-12, 6.18805733651e-13, 1.3441024552e-12, 9.53596807096e-14, 1.28200954626e-12, 2.89818895879e-13, 2.09066496754e-11, 9.51264327725e-12, 1.56761392062e-11, 3.77442088001e-12, 4.96920701202e-13, 6.09840818252e-14, 4.18962451808e-14, 1.7827583756e-14, 1.18889544477e-15, 1.89953094122e-17], [3.56049849392e-16, 2.97581478502e-14, 1.01476302133e-13, 6.43270836988e-14, 2.88579490165e-13, 1.60033485487e-13, 2.68341663993e-13, 7.02051332108e-14, 1.94967495924e-13, 3.01985541608e-14, 5.88273572176e-15, 6.79592084105e-14, 2.07930528806e-14, 9.02866648632e-14, 6.63868103285e-14, 7.67012592762e-14, 3.58297952126e-14, 8.4655681987e-13, 2.35667930483e-13, 3.84521326455e-13, 1.00883982158e-13, 9.75396470543e-15, 1.08813875811e-15, 6.2829939412e-16, 2.79033008086e-16, 1.89953094122e-17, 8.60086426007e-19]]
    },
    "mfcc": {
        "kurt": [2.62240314484, 3.23267841339, 4.84263944626, -0.76268029213, 0.252116918564, 0.267773628235, 0.119294643402, -0.275068998337, -0.635143995285, -0.465522527695, -0.590505838394, -0.0543119907379, -0.0799267292023],
        "max": [-611.919921875, 211.757904053, 15.4840393066, 88.1847686768, 46.9588356018, 16.2846698761, 19.6574516296, 13.0317020416, 19.684589386, 16.602350235, 28.4898757935, 7.41802978516, 12.372505188],
        "mean": [-725.794616699, 162.992431641, -54.7815971375, 41.1461372375, -1.21237254143, -7.04461574554, -7.3249745369, -10.9381999969, 0.41469797492, -4.16104030609, 6.5982966423, -6.5457868576, -11.5256185532],
        "median": [-683.591125488, 171.834487915, -57.913356781, 44.7583961487, 0.94856262207, -7.54833221436, -7.6030330658, -11.0335388184, 0.162269592285, -3.66069030762, 7.13366699219, -5.95747375488, -11.0872783661],
        "min": [-1133.39501953, 6.35245895386, -82.7216339111, -10.3135490417, -33.7699050903, -38.783996582, -32.6246414185, -29.0282669067, -21.680513382, -31.0958213806, -18.0083675385, -24.5662307739, -27.0087356567],
        "skew": [-1.55245900154, -1.44388794899, 1.83721590042, -0.218780130148, 0.159975022078, -0.266047894955, 0.0130268931389, 0.229268684983, -0.12132524699, -0.0486700050533, -0.0428669452667, -0.311323732138, 0.0293748769909],
        "var": [10078.9921875, 1100.9140625, 295.40435791, 480.13583374, 268.639282227, 100.763458252, 109.296295166, 73.5678405762, 82.6217041016, 85.7466888428, 96.312171936, 41.6439323425, 53.815662384],
        "cov": [[10157.734375, 716.961547852, -1110.01489258, 1709.21643066, -905.32043457, -64.8842468262, 193.693222046, -25.5998764038, -342.504699707, -479.882598877, 544.528686523, 23.1810913086, -319.616851807], [716.961547852, 1109.51489258, -311.47164917, -199.731262207, 184.006912231, 104.313583374, -103.629043579, -47.7748184204, 154.054244995, 9.13811683655, 33.7015953064, -3.48153829575, 34.6152229309], [-1110.01489258, -311.47164917, 297.712219238, -93.5100021362, 9.73418331146, 2.65046787262, 11.428440094, -4.20873260498, -20.4679069519, 48.7341003418, -67.6746902466, -6.45764827728, 39.5400924683], [1709.21643066, -199.731262207, -93.5100021362, 483.886901855, -243.37071228, -84.9491958618, 80.5118103027, 18.2650947571, -117.127967834, -103.470123291, 106.818840027, -3.32105255127, -76.4969787598], [-905.32043457, 184.006912231, 9.73418331146, -243.37071228, 270.738037109, 44.197467804, -104.426216125, -4.81610870361, 89.3717727661, 57.9937667847, -49.5375595093, -9.67468547821, 38.2647438049], [-64.8842468262, 104.313583374, 2.65046787262, -84.9491958618, 44.197467804, 101.550674438, -16.7912921906, -32.7365493774, 16.5533618927, 23.2747325897, 1.20411038399, -7.31660699844, 22.5002689362], [193.693222046, -103.629043579, 11.428440094, 80.5118103027, -104.426216125, -16.7912921906, 110.150169373, 39.2689743042, -39.4675979614, -12.4393787384, -5.15587234497, 1.53499078751, -7.0891160965], [-25.5998764038, -47.7748184204, -4.20873260498, 18.2650947571, -4.81610870361, -32.7365493774, 39.2689743042, 74.1425857544, 4.82926702499, -21.7497615814, -8.66706848145, 6.75903940201, -6.51802682877], [-342.504699707, 154.054244995, -20.4679069519, -117.127967834, 89.3717727661, 16.5533618927, -39.4675979614, 4.82926702499, 83.2671890259, 28.430557251, -21.0074577332, 5.18796110153, 9.38788509369], [-479.882598877, 9.13811683655, 48.7341003418, -103.470123291, 57.9937667847, 23.2747325897, -12.4393787384, -21.7497615814, 28.430557251, 86.4165878296, -31.4003009796, -15.3099870682, 21.2952003479], [544.528686523, 33.7015953064, -67.6746902466, 106.818840027, -49.5375595093, 1.20411038399, -5.15587234497, -8.66706848145, -21.0074577332, -31.4003009796, 97.0646133423, 14.0145244598, -27.8573074341], [23.1810913086, -3.48153829575, -6.45764827728, -3.32105255127, -9.67468547821, -7.31660699844, 1.53499078751, 6.75903940201, 5.18796110153, -15.3099870682, 14.0145244598, 41.9692764282, -0.999009847641], [-319.616851807, 34.6152229309, 39.5400924683, -76.4969787598, 38.2647438049, 22.5002689362, -7.0891160965, -6.51802682877, 9.38788509369, 21.2952003479, -27.8573074341, -0.999009847641, 54.2360954285]]
    },
    "sccoeffs": {
        "kurt": [0.0981979370117, -0.106738567352, -0.369774103165, 0.0236868858337, -0.554837942123, -0.706034421921],
        "max": [-0.510585308075, -0.549147069454, -0.622541606426, -0.653241932392, -0.631765246391, -0.667216420174],
        "mean": [-0.685701966286, -0.751189827919, -0.770133733749, -0.777847766876, -0.737886607647, -0.761325538158],
        "median": [-0.683950662613, -0.758683502674, -0.774792015553, -0.777983605862, -0.731531858444, -0.753634333611],
        "min": [-0.863913476467, -0.889398217201, -0.884108543396, -0.892518699169, -0.91132324934, -0.898473680019],
        "skew": [-0.0495125614107, 0.416503399611, 0.327060043812, 0.249753832817, -0.367680698633, -0.0531963072717],
        "var": [0.00432415260002, 0.00476095080376, 0.00309461494908, 0.00205747457221, 0.00340953888372, 0.00230781920254],
        "cov": [[0.00435793492943, 0.00197482737713, 0.000930161622819, 0.0014250575332, 0.00189143046737, 0.00197182409465], [0.00197482737713, 0.00479814596474, 0.000837104045786, 0.000981416553259, 0.00174508977216, 0.00163196714129], [0.000930161622819, 0.000837104045786, 0.00311879161745, 0.000727154780179, 0.00146261253394, 0.000915877346415], [0.0014250575332, 0.000981416553259, 0.000727154780179, 0.00207354850136, 0.00112610787619, 0.00118696165737], [0.00189143046737, 0.00174508977216, 0.00146261253394, 0.00112610787619, 0.0034361758735, 0.00201727868989], [0.00197182409465, 0.00163196714129, 0.000915877346415, 0.00118696165737, 0.00201727868989, 0.00232584914193]]
    },
    "scvalleys": {
        "kurt": [5.52527999878, 7.44007015228, 6.79053115845, 6.34922885895, 3.7713136673, 1.80838251114],
        "max": [-4.8369140625, -4.59123945236, -5.61510372162, -5.19663333893, -6.31456708908, -8.59377861023],
        "mean": [-6.13938999176, -5.94424295425, -6.83005952835, -6.77147436142, -7.90293502808, -10.7082099915],
        "median": [-5.81330823898, -5.66218566895, -6.62072563171, -6.63660860062, -7.58897256851, -10.4377937317],
        "min": [-11.3239822388, -11.4479942322, -11.913277626, -11.6134157181, -13.1414089203, -14.9531898499],
        "skew": [-2.04252386093, -2.36032032967, -2.27969694138, -2.10040020943, -1.60371935368, -1.2642493248],
        "var": [1.05295801163, 1.05189907551, 0.964726269245, 0.963489770889, 1.26267528534, 1.31424915791],
        "cov": [[1.06118428707, 0.944860339165, 0.913871645927, 0.900383293629, 0.969158828259, 0.947880744934], [0.944860339165, 1.0601170063, 0.921176016331, 0.889715433121, 1.04072344303, 1.03390944004], [0.913871645927, 0.921176016331, 0.972263216972, 0.875119149685, 0.988963365555, 0.973635554314], [0.900383293629, 0.889715433121, 0.875119149685, 0.971017062664, 0.889049887657, 0.858606874943], [0.969158828259, 1.04072344303, 0.988963365555, 0.889049887657, 1.27253997326, 1.26477599144], [0.947880744934, 1.03390944004, 0.973635554314, 0.858606874943, 1.26477599144, 1.32451677322]]
    }
},
"rhythm": {
    "beats_loudness": {
        "kurt": -0.643433570862,
        "max": 0.0283265467733,
        "mean": 0.0117273200303,
        "median": 0.0135703068227,
        "min": 0.000649944471661,
        "skew": 0.413762867451,
        "var": 7.39111783332e-05
    },
    "bpm": 166.70866394,
    "confidence": 0,
    "first_peak_bpm": {
        "kurt": 0,
        "max": 167,
        "mean": 167,
        "median": 167,
        "min": 167,
        "skew": 0,
        "var": 0
    },
    "first_peak_spread": {
        "kurt": 0,
        "max": 0,
        "mean": 0,
        "median": 0,
        "min": 0,
        "skew": 0,
        "var": 0
    },
    "first_peak_weight": {
        "kurt": 0,
        "max": 0.285714298487,
        "mean": 0.285714298487,
        "median": 0.285714298487,
        "min": 0.285714298487,
        "skew": 0,
        "var": 0
    },
    "onset_rate": 2.69426107407,
    "second_peak_bpm": {
        "kurt": 0,
        "max": 172,
        "mean": 172,
        "median": 172,
        "min": 172,
        "skew": 0,
        "var": 0
    },
    "second_peak_spread": {
        "kurt": 0,
        "max": 0,
        "mean": 0,
        "median": 0,
        "min": 0,
        "skew": 0,
        "var": 0
    },
    "second_peak_weight": {
        "kurt": 0,
        "max": 0.285714298487,
        "mean": 0.285714298487,
        "median": 0.285714298487,
        "min": 0.285714298487,
        "skew": 0,
        "var": 0
    },
    "beats_loudness_band_ratio": {
        "kurt": [1.46455717087, 0.316928625107, -1.35277748108, -1.25069022179, -1.32844555378, 1.66489696503],
        "max": [0.450450092554, 0.388997375965, 0.359236866236, 0.213327527046, 0.354044795036, 0.29965993762],
        "mean": [0.178603425622, 0.202636480331, 0.259412884712, 0.11260329932, 0.235560029745, 0.063267454505],
        "median": [0.162052020431, 0.189839065075, 0.269470334053, 0.0931476205587, 0.235670655966, 0.0122866202146],
        "min": [0.0749629363418, 0.0952436923981, 0.139520853758, 0.0479975566268, 0.0751729980111, 0.00693898554891],
        "skew": [1.55271649361, 0.928637266159, -0.120751544833, 0.566834032536, -0.237055718899, 1.77536666393],
        "var": [0.0126330498606, 0.00728383520618, 0.00595534546301, 0.00421297969297, 0.0100953727961, 0.00922203809023],
        "cov": [[0.0144377714023, 0.00225629238412, 0.00385362841189, -0.00192030414473, -0.0102910650894, -0.00595152797177], [0.00225629238412, 0.00832438282669, 0.00101070513483, -0.00273095467128, -0.00399089837447, -0.00408791098744], [0.00385362841189, 0.00101070513483, 0.00680610910058, 0.000879517639987, -0.00592411775142, -0.00634901877493], [-0.00192030414473, -0.00273095467128, 0.000879517639987, 0.00481483386829, 0.000546513707377, -0.00218035862781], [-0.0102910650894, -0.00399089837447, -0.00592411775142, 0.000546513707377, 0.0115375686437, 0.00694916490465], [-0.00595152797177, -0.00408791098744, -0.00634901877493, -0.00218035862781, 0.00694916490465, 0.0105394721031]]
    },
    "beats_position": [0.336689323187, 0.684988677502, 1.02167797089, 1.38158726692, 1.74149656296, 2.06657600403, 2.41487526894, 2.72834467888],
    "bpm_estimates": [166.70866394, 166.70866394],
    "bpm_intervals": [0.348299354315, 0.336689293385, 0.359909296036, 0.359909296036, 0.325079441071, 0.348299264908, 0.313469409943],
    "onset_times": [0.104489795864, 0.452789127827, 0.638548731804, 1.11455786228, 1.55573701859, 1.71827661991, 2.33360552788, 2.42648530006],
    "histogram": [[0, 0, 0, 0, 0, 0, 0, 0, 0, 0, 0, 0, 0, 0, 0, 0, 0, 0, 0, 0, 0, 0, 0, 0, 0, 0, 0, 0, 0, 0, 0, 0, 0, 0, 0, 0, 0, 0, 0, 0, 0, 0, 0, 0, 0, 0, 0, 0, 0, 0, 0, 0, 0, 0, 0, 0, 0, 0, 0, 0, 0, 0, 0, 0, 0, 0, 0, 0, 0, 0, 0, 0, 0, 0, 0, 0, 0, 0, 0, 0, 0, 0, 0, 0, 0, 0, 0, 0, 0, 0, 0, 0, 0, 0, 0, 0, 0, 0, 0, 0, 0, 0, 0, 0, 0, 0, 0, 0, 0, 0, 0, 0, 0, 0, 0, 0, 0, 0, 0, 0, 0, 0, 0, 0, 0, 0, 0, 0, 0, 0, 0, 0, 0, 0, 0, 0, 0, 0, 0, 0, 0, 0, 0, 0, 0, 0, 0, 0, 0, 0, 0, 0, 0, 0, 0, 0, 0, 0, 0, 0, 0, 0, 0, 0, 0, 0, 0, 0.285714298487, 0, 0, 0, 0, 0.285714298487, 0, 0, 0, 0, 0, 0.142857149243, 0, 0, 0, 0, 0, 0, 0.142857149243, 0, 0, 0, 0, 0, 0.142857149243, 0, 0, 0, 0, 0, 0, 0, 0, 0, 0, 0, 0, 0, 0, 0, 0, 0, 0, 0, 0, 0, 0, 0, 0, 0, 0, 0, 0, 0, 0, 0, 0, 0, 0, 0, 0, 0, 0, 0, 0, 0, 0, 0, 0, 0, 0, 0, 0, 0, 0, 0, 0, 0, 0, 0, 0, 0, 0]]
},
"sfx": {
    "inharmonicity": {
        "kurt": -0.723101377487,
        "max": 0.373462617397,
        "mean": 0.124056942761,
        "median": 0.126569196582,
        "min": 0,
        "skew": 0.406280696392,
        "var": 0.00913695525378
    },
    "oddtoevenharmonicenergyratio": {
        "kurt": 26.9714565277,
        "max": 15.8089342117,
        "mean": 1.07696628571,
        "median": 0.443671226501,
        "min": 0,
        "skew": 4.44526720047,
        "var": 3.6508295536
    },
    "pitch_after_max_to_before_max_energy_ratio": 0.111206710339,
    "pitch_centroid": 72.6627655029,
    "pitch_max_to_total": 0.937984466553,
    "pitch_min_to_total": 0.317829459906,
    "tristimulus": {
        "kurt": [1.21464204788, 0.259938001633, -0.809445142746],
        "max": [1, 0.765574634075, 1],
        "mean": [0.293643563986, 0.256580412388, 0.449775904417],
        "median": [0.188256427646, 0.254158765078, 0.476104110479],
        "min": [0, 0, 0],
        "skew": [1.55771744251, 0.375311940908, -0.338043928146],
        "var": [0.0840682461858, 0.0256220344454, 0.066816970706],
        "cov": [[0.0847250297666, -0.0216041058302, -0.0631209313869], [-0.0216041058302, 0.0258222073317, -0.00421810010448], [-0.0631209313869, -0.00421810010448, 0.0673389807343]]
    }
},
"tonal": {
    "chords_changes_rate": 0.153846159577,
    "chords_number_rate": 0.0769230797887,
    "chords_strength": {
        "kurt": 1.6366443634,
        "max": 0.466812491417,
        "mean": 0.399946719408,
        "median": 0.410495102406,
        "min": 0.277654051781,
        "skew": -1.34224486351,
        "var": 0.00159463426098
    },
    "key_strength": 0.455777794123,
    "tuning_diatonic_strength": 0.377831459045,
    "tuning_equal_tempered_deviation": 0.229812979698,
    "tuning_frequency": 448.985931396,
    "tuning_nontempered_energy_ratio": 0.802749156952,
    "hpcp": {
        "kurt": [0.869908332825, 0.116088867188, 2.52400779724, 2.60129499435, 1.29868841171, 6.23933124542, 2.51510429382, 2.15664863586, 1.54041481018, 1.69032859802, 3.70060825348, 4.45389223099, 1.35030174255, 2.29156541824, 2.29952335358, 1.7877368927, 0.602912902832, -0.23105096817, 0.847944021225, 2.86958551407, 5.66693401337, 3.73410081863, 2.22317123413, 2.28904151917, 1.94614553452, 3.12037563324, 0.0535185337067, -1.54163956642, -0.820722579956, 5.09188175201, 6.87442588806, 3.38468313217, 0.0469577312469, 0.520586967468, 4.21399259567, 2.75708341599],
        "max": [1, 0.910356760025, 1, 1, 0.967013180256, 1, 0.814604520798, 1, 1, 1, 0.936342358589, 1, 0.891629099846, 1, 1, 0.947272002697, 1, 1, 1, 1, 1, 1, 1, 1, 0.762512505054, 1, 1, 1, 0.919629514217, 1, 1, 0.955588102341, 1, 1, 1, 1],
        "mean": [0.24293987453, 0.262486606836, 0.249151289463, 0.256889998913, 0.239632979035, 0.174122542143, 0.169052496552, 0.23092032969, 0.253321498632, 0.219968885183, 0.19573353231, 0.208324193954, 0.223551943898, 0.239182561636, 0.231706440449, 0.220728829503, 0.275192767382, 0.325116455555, 0.25723233819, 0.181071326137, 0.169763356447, 0.194693431258, 0.23736140132, 0.203143328428, 0.175288408995, 0.211189866066, 0.37150940299, 0.545204102993, 0.392663300037, 0.182165503502, 0.160352438688, 0.217940375209, 0.321561425924, 0.296525001526, 0.190653249621, 0.186994716525],
