{
"metadata": {
    "version": {
        "essentia": "2.1-beta3"
    }
},
"lowLevel": {
    "average_loudness": 0.99068403244,
    "barkbands_kurtosis": {
        "kurt": -0.750951290131,
        "max": -0.601704359055,
        "mean": -0.996033668518,
        "median": -1.0367846489,
        "min": -1.54700708389,
        "skew": -0.275219798088,
        "var": 0.0760147497058
    },
    "barkbands_skewness": {
        "kurt": 0.310608148575,
        "max": 0.0538756102324,
        "mean": -0.236105486751,
        "median": -0.232539862394,
        "min": -0.620008468628,
        "skew": -0.354818552732,
        "var": 0.0288921613246
    },
    "barkbands_spread": {
        "kurt": 0.384330749512,
        "max": 42.7863807678,
        "mean": 26.8083744049,
        "median": 25.439655304,
        "min": 18.2612953186,
        "skew": 1.01206564903,
        "var": 43.7694244385
    },
    "dissonance": {
        "kurt": -0.877857208252,
        "max": 0.491802066565,
        "mean": 0.465984433889,
        "median": 0.46943718195,
        "min": 0.428035676479,
        "skew": -0.429451167583,
        "var": 0.00036783181713
    },
    "hfc": {
        "kurt": -1.15432393551,
        "max": 59.267162323,
        "mean": 31.2443828583,
        "median": 34.2928390503,
        "min": 4.89289951324,
        "skew": -0.146426975727,
        "var": 288.202484131
    },
    "pitch": {
        "kurt": -0.0197460651398,
        "max": 825.632568359,
        "mean": 407.155670166,
        "median": 320.655212402,
        "min": 209.058792114,
        "skew": 0.932058215141,
        "var": 31492.5683594
    },
    "pitch_instantaneous_confidence": {
        "kurt": -0.87233376503,
        "max": 0.431412577629,
        "mean": 0.329738765955,
        "median": 0.342166215181,
        "min": 0.16280412674,
        "skew": -0.614766716957,
        "var": 0.00739909941331
    },
    "pitch_salience": {
        "kurt": -0.94576382637,
        "max": 0.783410668373,
        "mean": 0.684413611889,
        "median": 0.665082037449,
        "min": 0.612005412579,
        "skew": 0.668897807598,
        "var": 0.00315352692269
    },
    "silence_rate_20dB": {
        "kurt": 0,
        "max": 1,
        "mean": 1,
        "median": 1,
        "min": 1,
        "skew": 0,
        "var": 0
    },
    "silence_rate_30dB": {
        "kurt": 0,
        "max": 1,
        "mean": 1,
        "median": 1,
        "min": 1,
        "skew": 0,
        "var": 0
    },
    "silence_rate_60dB": {
        "kurt": 0,
        "max": 0,
        "mean": 0,
        "median": 0,
        "min": 0,
        "skew": 0,
        "var": 0
    },
    "spectral_centroid": {
        "kurt": 0.00446081161499,
        "max": 2093.05493164,
        "mean": 1824.75378418,
        "median": 1829.76831055,
        "min": 1628.89086914,
        "skew": 0.484039902687,
        "var": 14373.1513672
    },
    "spectral_complexity": {
        "kurt": 0.984992027283,
        "max": 44,
        "mean": 33.8333320618,
        "median": 38,
        "min": 5,
        "skew": -1.66136491299,
        "var": 171.638870239
    },
    "spectral_crest": {
        "kurt": -1.38301336765,
        "max": 5.30982208252,
        "mean": 3.94449234009,
        "median": 3.78214669228,
        "min": 2.6351954937,
        "skew": 0.0763342231512,
        "var": 0.843052566051
    },
    "spectral_decrease": {
        "kurt": -1.24449133873,
        "max": -5.82029979768e-10,
        "mean": -3.83403442328e-09,
        "median": -4.16658929581e-09,
        "min": -7.53261897302e-09,
        "skew": 0.037665490061,
        "var": 4.75377182517e-18
    },
    "spectral_energy": {
        "kurt": -1.22653436661,
        "max": 0.0338055379689,
        "mean": 0.0173044819385,
        "median": 0.0188361182809,
        "min": 0.00264051952399,
        "skew": -0.0559758767486,
        "var": 9.52047412284e-05
    },
    "spectral_energyband_high": {
        "kurt": -0.0801951885223,
        "max": 0.00160333921667,
        "mean": 0.00103867717553,
        "median": 0.00112975458615,
        "min": 0.000264374481048,
        "skew": -0.882787466049,
        "var": 1.50312004621e-07
    },
    "spectral_energyband_low": {
        "kurt": -1.25926709175,
        "max": 0.00128850270994,
        "mean": 0.000616893579718,
        "median": 0.000468862999696,
        "min": 0.000195900123799,
        "skew": 0.539988338947,
        "var": 1.49356722545e-07
    },
    "spectral_energyband_middle_high": {
        "kurt": -1.13428068161,
        "max": 0.0250580981374,
        "mean": 0.0120153063908,
        "median": 0.0124078523368,
        "min": 0.00132602686062,
        "skew": 0.0527876988053,
        "var": 5.4062325944e-05
    },
    "spectral_energyband_middle_low": {
        "kurt": -1.47438573837,
        "max": 0.00716997915879,
        "mean": 0.00398006988689,
        "median": 0.00394327519462,
        "min": 0.000866529589985,
        "skew": 0.0718365237117,
        "var": 4.75521574117e-06
    },
    "spectral_flatness_db": {
        "kurt": -0.55310344696,
        "max": 0.145602360368,
        "mean": 0.120320469141,
        "median": 0.120293885469,
        "min": 0.0910811573267,
        "skew": -0.232504427433,
        "var": 0.000220488684135
    },
    "spectral_flux": {
        "kurt": -0.76363325119,
        "max": 0.111036777496,
        "mean": 0.0820364579558,
        "median": 0.0856722518802,
        "min": 0.0513859838247,
        "skew": -0.292675852776,
        "var": 0.00027983522159
    },
    "spectral_kurtosis": {
        "kurt": 5.85673999786,
        "max": 8.8037519455,
        "mean": 3.21555876732,
        "median": 2.78411006927,
        "min": 1.89610481262,
        "skew": 2.66190505028,
        "var": 3.03843998909
    },
    "spectral_rms": {
        "kurt": -1.00723779202,
        "max": 0.00574290985242,
        "mean": 0.00389437680133,
        "median": 0.00427042599767,
        "min": 0.00160502851941,
        "skew": -0.468897789717,
        "var": 1.71625151779e-06
    },
    "spectral_rolloff": {
        "kurt": -0.865635871887,
        "max": 3746.77734375,
        "mean": 3317.90795898,
        "median": 3316.11328125,
        "min": 2928.515625,
        "skew": 0.24554720521,
        "var": 65800.53125
    },
    "spectral_skewness": {
        "kurt": 3.5723824501,
        "max": 2.0346531868,
        "mean": 1.37497198582,
        "median": 1.33698511124,
        "min": 1.11396443844,
        "skew": 1.95189547539,
        "var": 0.0498505346477
    },
    "spectral_spread": {
        "kurt": -0.648234367371,
        "max": 5235311.5,
        "mean": 4373241,
        "median": 4340103.5,
        "min": 3720920,
        "skew": 0.448608011007,
        "var": 197394219008
    },
    "spectral_strongpeak": {
        "kurt": -1.21652090549,
        "max": 4.45195388794,
        "mean": 1.76246964931,
        "median": 1.34696817398,
        "min": 0.0312262699008,
        "skew": 0.426270395517,
        "var": 2.37952637672
    },
    "zerocrossingrate": {
        "kurt": 0.93382358551,
        "max": 0.107421875,
        "mean": 0.0937906876206,
        "median": 0.099609375,
        "min": 0.0517578125,
        "skew": -1.62522292137,
        "var": 0.000336506316671
    },
    "barkbands": {
        "kurt": [6.73069381714, 0.211084365845, -1.1757093668, -1.45230102539, -0.296364068985, -0.425566911697, -0.729578495026, -1.6242364645, -0.877729415894, -0.932866573334, -1.28091859818, -0.943442344666, -0.741649150848, -0.645458459854, -1.05549299717, 2.49993991852, 0.535016536713, -1.47279882431, 2.02939796448, -0.685927391052, -0.757512331009, -1.11873984337, -0.181552886963, -0.519310951233, -0.230747938156, -0.397755384445, 6.71950244904],
        "max": [3.5858913634e-06, 0.000125966689666, 0.00068992911838, 0.000809472927358, 0.0011330563575, 0.00120323849842, 0.00254673929885, 0.00253955926746, 0.000797240820248, 0.00228779646568, 0.00267791235819, 0.00227669486776, 0.00196734257042, 0.00538768386468, 0.000555669597816, 0.00608273269609, 0.00382159743458, 0.00257006497122, 0.00388408335857, 0.00152958300896, 0.000777012726758, 0.000312231946737, 5.6512086303e-05, 2.11436490645e-05, 4.03643980462e-06, 8.72224816817e-08, 1.31564261707e-08],
        "mean": [4.74530367001e-07, 5.29178105353e-05, 0.000305871624732, 0.000407959072618, 0.000470504484838, 0.000447846367024, 0.000966229708865, 0.00112730497494, 0.000436485541286, 0.00111244467553, 0.00107777793892, 0.00092355342349, 0.000687536317855, 0.0018722936511, 0.000322507054079, 0.00159313657787, 0.00150846305769, 0.00131003686693, 0.00116378290113, 0.000792818609625, 0.000475061795441, 0.000197510686121, 3.54219919245e-05, 1.41983809954e-05, 2.29728470913e-06, 6.44774971192e-08, 1.72749670124e-09],
        "median": [1.39454868986e-07, 4.45019613835e-05, 0.000295619654935, 0.000324056163663, 0.000429632287705, 0.000349806970917, 0.00077431940008, 0.000809900346212, 0.00044245069148, 0.000951320515014, 0.00104840425774, 0.000672200811096, 0.000325873785187, 0.00133154797368, 0.00031011577812, 0.00129935599398, 0.0012926296331, 0.00119486171752, 0.000758792506531, 0.000844744383357, 0.000508440192789, 0.000200768379727, 3.6870722397e-05, 1.52909615281e-05, 2.34078197536e-06, 7.34028944294e-08, 5.82515313763e-10],
        "min": [3.47499522491e-08, 1.01292134786e-05, 1.82777421287e-05, 5.07934819325e-05, 5.08689481649e-05, 5.1780432841e-05, 6.56220290693e-05, 3.90420900658e-05, 3.61169222742e-05, 8.1435078755e-05, 5.82430511713e-05, 4.84830088681e-05, 1.40108577398e-05, 8.03099610494e-05, 7.49090977479e-05, 6.80927114445e-05, 0.000274231890216, 0.000227834461839, 0.000152074469952, 9.09583759494e-05, 0.000133346329676, 5.66023991269e-05, 5.60139915251e-06, 2.88370279122e-06, 5.10853737978e-07, 2.05304520051e-08, 1.29558488937e-10],
        "skew": [2.9185397625, 0.993917107582, 0.290311932564, 0.360732555389, 0.492962479591, 0.969292342663, 0.658838689327, 0.233302339911, -0.181971386075, 0.437407195568, 0.253866046667, 0.625150501728, 0.811449229717, 0.785234332085, 0.0226217973977, 1.66140174866, 0.913772523403, 0.264311343431, 1.58357262611, -0.0448264367878, -0.249222025275, -0.337863475084, -0.752539515495, -0.746069312096, -0.228193894029, -1.00328552723, 2.91566705704],
        "var": [8.96544286293e-13, 1.0340600598e-09, 4.36061071696e-08, 7.72529844539e-08, 9.25470260427e-08, 1.40102088153e-07, 6.19926424861e-07, 8.27892733923e-07, 5.07703568076e-08, 5.16257728123e-07, 7.49410503431e-07, 5.65574509892e-07, 4.03304142083e-07, 2.89446029456e-06, 2.25532374998e-08, 2.53192524724e-06, 9.01688906652e-07, 6.86337841671e-07, 9.7807298971e-07, 1.74426176613e-07, 3.58480534146e-08, 7.18875492467e-09, 2.07042147315e-10, 3.25337291829e-11, 8.75568281072e-13, 4.23047349723e-16, 1.21042108313e-17],
        "cov": [[9.78048263038e-13, -5.82798392879e-12, -5.45064895996e-11, -7.85703724304e-11, -1.10516505669e-10, -1.45632852999e-10, -2.0454207772e-10, -1.80778822467e-10, -9.24193777063e-11, -2.41108272236e-10, -3.19433118845e-10, -2.89446355772e-10, -2.34884528494e-10, -5.96594273983e-10, -8.66362120933e-11, -4.60882526587e-10, -4.44932007904e-10, -3.4104410962e-10, -2.40098413373e-10, -2.23081372819e-10, -1.07944805872e-10, -4.04292641032e-11, -9.04134492968e-12, -3.32167843578e-12, -5.27103913902e-13, -1.36346275185e-14, 3.53366899001e-15], [-5.82798392879e-12, 1.12806552988e-09, -5.53648182855e-10, -3.92198407084e-09, 2.63050004001e-09, 5.98370952787e-09, 1.28836123992e-08, 1.27905597225e-08, -1.4678210869e-09, -7.73470532067e-09, 8.93207463548e-09, 1.08725854986e-08, 1.02041788352e-08, 3.87540310953e-08, 3.57538798568e-09, 3.60758214413e-08, 1.19163301449e-08, 1.10673319398e-08, -4.82525686074e-10, 9.97777749312e-10, 4.03002076155e-09, 2.22703008812e-10, 1.33800984181e-10, -2.5736034831e-11, -2.54730725445e-13, -1.03324568682e-13, -2.16841586462e-14], [-5.45064895996e-11, -5.53648182855e-10, 4.75702996994e-08, 4.85013096352e-08, -8.44714165282e-09, 1.98430765153e-08, 5.07869941657e-08, 7.04257416828e-08, 1.81807973121e-08, 7.15768848636e-08, 6.60115659912e-08, 2.73454201505e-08, 2.84728223221e-08, 9.54159276034e-08, 4.87364149038e-10, -1.60605395649e-08, 8.44961434154e-08, 2.01067038574e-08, 1.09888439681e-07, -3.37071903722e-09, 1.59851882842e-08, 4.489609573e-09, 1.02563846305e-09, 4.95407492807e-10, 6.02586869292e-11, 1.52856644443e-12, -2.34406569675e-13], [-7.85703724304e-11, -3.92198407084e-09, 4.85013096352e-08, 8.42759817488e-08, 7.26600690726e-09, 5.83312287361e-09, 1.23700658605e-08, 1.536260541e-08, 3.289795103e-08, 1.03916910632e-07, 6.3746362855e-08, -2.58988688273e-08, 5.91535220806e-09, -6.57469740872e-08, -1.27196813082e-08, -9.52675662802e-08, 4.91433773675e-08, -1.904176955e-10, 1.67381898564e-07, 4.92727147972e-09, 4.54776172276e-09, 7.9597297642e-09, 1.54884038928e-09, 7.7956524569e-10, 1.02938484126e-10, 3.1097964915e-12, -3.4874880761e-13], [-1.10516505669e-10, 2.63050004001e-09, -8.44714165282e-09, 7.26600690726e-09, 1.00960392047e-07, -9.96561766442e-09, 6.8547109322e-08, 2.23300169466e-08, 4.47603056841e-08, 1.10976706935e-07, 1.06991961957e-07, 3.67892276643e-08, 2.23320455461e-08, 8.50716048717e-08, 1.17163105884e-08, 1.09558207839e-07, 4.79406807585e-08, 5.76922012385e-08, 2.26285294502e-07, 3.62540752974e-08, 2.5876575549e-08, 1.54526862417e-08, 2.02291783324e-09, 8.71938909963e-10, 9.25131915519e-11, 1.89612952076e-12, -4.43541389597e-13], [-1.45632852999e-10, 5.98370952787e-09, 1.98430765153e-08, 5.83312287361e-09, -9.96561766442e-09, 1.52838637746e-07, 2.02394872417e-07, 2.77252297565e-07, 9.80351355651e-09, 7.39047101295e-10, 2.79584554619e-07, 2.48355291887e-07, 2.42091545033e-07, 5.72576482227e-07, 3.35175407429e-08, 4.40146038727e-07, 3.1556447766e-07, 2.93611975621e-07, 5.4042427422e-08, 1.03935484219e-07, 5.14195939161e-08, 1.54052557377e-08, 3.51955686817e-09, 9.84080483768e-10, 1.73866698816e-10, 3.99970421366e-12, -4.7122326657e-13], [-2.0454207772e-10, 1.28836123992e-08, 5.07869941657e-08, 1.23700658605e-08, 6.8547109322e-08, 2.02394872417e-07, 6.76283377743e-07, 6.88502098001e-07, 8.34301800978e-08, 2.4849782676e-07, 4.79677851217e-07, 4.7246402346e-07, 3.49471690697e-07, 1.22639210076e-06, 6.09196533219e-08, 1.15687396374e-06, 3.41634518009e-07, 4.28681801168e-07, 3.47349640606e-07, 2.03183802228e-07, 1.14690330122e-07, 5.08029280866e-08, 9.16243791949e-09, 2.93091995118e-09, 5.69617464308e-10, 6.18606424765e-12, -8.27870974898e-13], [-1.80778822467e-10, 1.27905597225e-08, 7.04257416828e-08, 1.536260541e-08, 2.23300169466e-08, 2.77252297565e-07, 6.88502098001e-07, 9.03155694232e-07, 5.48010952173e-08, 1.6297899208e-07, 6.50642789424e-07, 6.23049913884e-07, 4.81644235606e-07, 1.50129062604e-06, 5.87707873478e-08, 1.07710809516e-06, 5.46769456378e-07, 5.11068662945e-07, 3.36548652058e-07, 2.0268554124e-07, 1.24287410586e-07, 4.24404582589e-08, 9.18787446125e-09, 2.74520761678e-09, 5.24140175706e-10, 4.43742178419e-12, -7.4621537248e-13], [-9.24193777063e-11, -1.4678210869e-09, 1.81807973121e-08, 3.289795103e-08, 4.47603056841e-08, 9.80351355651e-09, 8.34301800978e-08, 5.48010952173e-08, 5.53858434671e-08, 1.51734241172e-07, 9.50130711885e-08, 3.99772979165e-08, 1.79050019256e-08, 8.23340542411e-08, 1.027468155e-08, 7.66512826544e-08, 7.82543168043e-08, 7.57374394311e-08, 1.63338938819e-07, 5.5073481775e-08, 1.89443820631e-08, 1.80726278387e-08, 2.21936402589e-09, 1.25642241056e-09, 1.71157921169e-10, 3.8146608268e-12, -3.11640416164e-13], [-2.41108272236e-10, -7.73470532067e-09, 7.15768848636e-08, 1.03916910632e-07, 1.10976706935e-07, 7.39047101295e-10, 2.4849782676e-07, 1.6297899208e-07, 1.51734241172e-07, 5.63190269531e-07, 2.21799425049e-07, 9.53940286763e-08, 5.22740357667e-08, 2.58435903788e-07, 1.23972574428e-08, 7.2084397118e-08, 1.64090266708e-07, 8.83542909946e-08, 5.54959228793e-07, 1.24651990063e-07, 5.0266667273e-08, 4.37822471611e-08, 6.08163031046e-09, 3.72001007776e-09, 4.46404274657e-10, 1.04820622668e-11, -8.71054910059e-13], [-3.19433118845e-10, 8.93207463548e-09, 6.60115659912e-08, 6.3746362855e-08, 1.06991961957e-07, 2.79584554619e-07, 4.79677851217e-07, 6.50642789424e-07, 9.50130711885e-08, 2.21799425049e-07, 8.17538762021e-07, 5.81806602895e-07, 5.19807372257e-07, 1.19661365261e-06, 4.89177516272e-08, 7.62618356021e-07, 7.50077504108e-07, 6.67234473894e-07, 5.97029043092e-07, 2.30285607472e-07, 1.30899238115e-07, 5.27123482641e-08, 8.5981843867e-09, 3.45653372591e-09, 4.29283525394e-10, 9.60074207634e-12, -1.16940485073e-12], [-2.89446355772e-10, 1.08725854986e-08, 2.73454201505e-08, -2.58988688273e-08, 3.67892276643e-08, 2.48355291887e-07, 4.7246402346e-07, 6.23049913884e-07, 3.99772979165e-08, 9.53940286763e-08, 5.81806602895e-07, 6.1699034859e-07, 4.58896664668e-07, 1.14462045531e-06, 5.73381804259e-08, 9.50856133386e-07, 5.0649964578e-07, 5.7076158555e-07, 2.5853469765e-07, 2.51522465078e-07, 1.27107739445e-07, 3.96177775031e-08, 7.75368480532e-09, 2.5093243039e-09, 4.15258771813e-10, 6.06625600447e-12, -1.04554787137e-12], [-2.34884528494e-10, 1.02041788352e-08, 2.84728223221e-08, 5.91535220806e-09, 2.23320455461e-08, 2.42091545033e-07, 3.49471690697e-07, 4.81644235606e-07, 1.79050019256e-08, 5.22740357667e-08, 5.19807372257e-07, 4.58896664668e-07, 4.39968147248e-07, 9.79974174697e-07, 4.51187389672e-08, 7.25839754523e-07, 5.12980250278e-07, 4.79889365579e-07, 2.3947217187e-07, 1.7722018697e-07, 9.8824436634e-08, 2.61959947068e-08, 6.338892522e-09, 1.79907899689e-09, 2.62433963449e-10, 6.05401969875e-12, -8.34928859991e-13], [-5.96594273983e-10, 3.87540310953e-08, 9.54159276034e-08, -6.57469740872e-08, 8.50716048717e-08, 5.72576482227e-07, 1.22639210076e-06, 1.50129062604e-06, 8.23340542411e-08, 2.58435903788e-07, 1.19661365261e-06, 1.14462045531e-06, 9.79974174697e-07, 3.15759302794e-06, 1.9081262792e-07, 2.14987289837e-06, 1.29983266106e-06, 1.07006451344e-06, 4.98977669849e-07, 3.57161638931e-07, 2.71177071909e-07, 7.16590164984e-08, 1.6133064662e-08, 4.57716753388e-09, 7.71235575403e-10, 1.04013212973e-11, -2.070980323e-12], [-8.66362120933e-11, 3.57538798568e-09, 4.87364149038e-10, -1.27196813082e-08, 1.17163105884e-08, 3.35175407429e-08, 6.09196533219e-08, 5.87707873478e-08, 1.027468155e-08, 1.23972574428e-08, 4.89177516272e-08, 5.73381804259e-08, 4.51187389672e-08, 1.9081262792e-07, 2.46035316565e-08, 1.4874794374e-07, 9.40059621257e-08, 7.42706163237e-08, -9.31501631385e-09, 3.00951690235e-08, 2.00473362355e-08, 5.61830582058e-09, 1.16116016802e-09, 3.26863480726e-10, 6.15625952993e-11, 1.33312696819e-12, -2.6149538806e-13], [-4.60882526587e-10, 3.60758214413e-08, -1.60605395649e-08, -9.52675662802e-08, 1.09558207839e-07, 4.40146038727e-07, 1.15687396374e-06, 1.07710809516e-06, 7.66512826544e-08, 7.2084397118e-08, 7.62618356021e-07, 9.50856133386e-07, 7.25839754523e-07, 2.14987289837e-06, 1.4874794374e-07, 2.76210016636e-06, 5.16366469583e-07, 9.98904170046e-07, 2.02056796184e-07, 4.95831500302e-07, 2.3328631471e-07, 8.98315946074e-08, 1.77452577077e-08, 4.01702004993e-09, 1.01808927955e-09, 1.17279744943e-11, -1.69977226738e-12], [-4.44932007904e-10, 1.19163301449e-08, 8.44961434154e-08, 4.91433773675e-08, 4.79406807585e-08, 3.1556447766e-07, 3.41634518009e-07, 5.46769456378e-07, 7.82543168043e-08, 1.64090266708e-07, 7.50077504108e-07, 5.0649964578e-07, 5.12980250278e-07, 1.29983266106e-06, 9.40059621257e-08, 5.16366469583e-07, 9.83660584097e-07, 6.68339680487e-07, 3.73682524923e-07, 1.79307747317e-07, 1.28746933115e-07, 3.8233377353e-08, 6.8521561758e-09, 2.95004976003e-09, 2.94177460169e-10, 1.10201656828e-11, -1.37692851912e-12], [-3.4104410962e-10, 1.10673319398e-08, 2.01067038574e-08, -1.904176955e-10, 5.76922012385e-08, 2.93611975621e-07, 4.28681801168e-07, 5.11068662945e-07, 7.57374394311e-08, 8.83542909946e-08, 6.67234473894e-07, 5.7076158555e-07, 4.79889365579e-07, 1.07006451344e-06, 7.42706163237e-08, 9.98904170046e-07, 6.68339680487e-07, 7.48732190914e-07, 2.61357655518e-07, 2.95109401804e-07, 1.24974576465e-07, 5.38997610988e-08, 8.06144395682e-09, 3.05142289214e-09, 4.65641414316e-10, 1.10112760923e-11, -1.06570167187e-12], [-2.40098413373e-10, -4.82525686074e-10, 1.09888439681e-07, 1.67381898564e-07, 2.26285294502e-07, 5.4042427422e-08, 3.47349640606e-07, 3.36548652058e-07, 1.63338938819e-07, 5.54959228793e-07, 5.97029043092e-07, 2.5853469765e-07, 2.3947217187e-07, 4.98977669849e-07, -9.31501631385e-09, 2.02056796184e-07, 3.73682524923e-07, 2.61357655518e-07, 1.06698871605e-06, 1.10091235683e-07, 1.0676431117e-07, 5.41840030621e-08, 8.02731658922e-09, 3.98730737317e-09, 3.78832604175e-10, 9.2814115768e-12, -1.14005853369e-12], [-2.23081372819e-10, 9.97777749312e-10, -3.37071903722e-09, 4.92727147972e-09, 3.62540752974e-08, 1.03935484219e-07, 2.03183802228e-07, 2.0268554124e-07, 5.5073481775e-08, 1.24651990063e-07, 2.30285607472e-07, 2.51522465078e-07, 1.7722018697e-07, 3.57161638931e-07, 3.00951690235e-08, 4.95831500302e-07, 1.79307747317e-07, 2.95109401804e-07, 1.10091235683e-07, 1.90283103052e-07, 5.37022408764e-08, 3.13611643321e-08, 5.26393373335e-09, 2.03101246932e-09, 3.5624730943e-10, 7.11068573814e-12, -7.36574809392e-13], [-1.07944805872e-10, 4.03002076155e-09, 1.59851882842e-08, 4.54776172276e-09, 2.5876575549e-08, 5.14195939161e-08, 1.14690330122e-07, 1.24287410586e-07, 1.89443820631e-08, 5.0266667273e-08, 1.30899238115e-07, 1.27107739445e-07, 9.8824436634e-08, 2.71177071909e-07, 2.00473362355e-08, 2.3328631471e-07, 1.28746933115e-07, 1.24974576465e-07, 1.0676431117e-07, 5.37022408764e-08, 3.91069683303e-08, 1.11427418403e-08, 2.30887020614e-09, 7.06982417054e-10, 1.0802705952e-10, 2.0653606863e-12, -3.97104387134e-13], [-4.04292641032e-11, 2.22703008812e-10, 4.489609573e-09, 7.9597297642e-09, 1.54526862417e-08, 1.54052557377e-08, 5.08029280866e-08, 4.24404582589e-08, 1.80726278387e-08, 4.37822471611e-08, 5.27123482641e-08, 3.96177775031e-08, 2.61959947068e-08, 7.16590164984e-08, 5.61830582058e-09, 8.98315946074e-08, 3.8233377353e-08, 5.38997610988e-08, 5.41840030621e-08, 3.13611643321e-08, 1.11427418403e-08, 7.84227793815e-09, 1.07740860678e-09, 4.8303322453e-10, 7.6565503937e-11, 1.48067007873e-12, -1.41203346758e-13], [-9.04134492968e-12, 1.33800984181e-10, 1.02563846305e-09, 1.54884038928e-09, 2.02291783324e-09, 3.51955686817e-09, 9.16243791949e-09, 9.18787446125e-09, 2.21936402589e-09, 6.08163031046e-09, 8.5981843867e-09, 7.75368480532e-09, 6.338892522e-09, 1.6133064662e-08, 1.16116016802e-09, 1.77452577077e-08, 6.8521561758e-09, 8.06144395682e-09, 8.02731658922e-09, 5.26393373335e-09, 2.30887020614e-09, 1.07740860678e-09, 2.25864160708e-10, 7.36923785882e-11, 1.3164566659e-11, 2.40601158788e-13, -3.35032260994e-14], [-3.32167843578e-12, -2.5736034831e-11, 4.95407492807e-10, 7.7956524569e-10, 8.71938909963e-10, 9.84080483768e-10, 2.93091995118e-09, 2.74520761678e-09, 1.25642241056e-09, 3.72001007776e-09, 3.45653372591e-09, 2.5093243039e-09, 1.79907899689e-09, 4.57716753388e-09, 3.26863480726e-10, 4.01702004993e-09, 2.95004976003e-09, 3.05142289214e-09, 3.98730737317e-09, 2.03101246932e-09, 7.06982417054e-10, 4.8303322453e-10, 7.36923785882e-11, 3.54913425038e-11, 5.13463533844e-12, 1.11953354302e-13, -1.15610671467e-14], [-5.27103913902e-13, -2.54730725445e-13, 6.02586869292e-11, 1.02938484126e-10, 9.25131915519e-11, 1.73866698816e-10, 5.69617464308e-10, 5.24140175706e-10, 1.71157921169e-10, 4.46404274657e-10, 4.29283525394e-10, 4.15258771813e-10, 2.62433963449e-10, 7.71235575403e-10, 6.15625952993e-11, 1.01808927955e-09, 2.94177460169e-10, 4.65641414316e-10, 3.78832604175e-10, 3.5624730943e-10, 1.0802705952e-10, 7.6565503937e-11, 1.3164566659e-11, 5.13463533844e-12, 9.55165417246e-13, 1.63213203125e-14, -1.88530560521e-15], [-1.36346275185e-14, -1.03324568682e-13, 1.52856644443e-12, 3.1097964915e-12, 1.89612952076e-12, 3.99970421366e-12, 6.18606424765e-12, 4.43742178419e-12, 3.8146608268e-12, 1.04820622668e-11, 9.60074207634e-12, 6.06625600447e-12, 6.05401969875e-12, 1.04013212973e-11, 1.33312696819e-12, 1.17279744943e-11, 1.10201656828e-11, 1.10112760923e-11, 9.2814115768e-12, 7.11068573814e-12, 2.0653606863e-12, 1.48067007873e-12, 2.40601158788e-13, 1.11953354302e-13, 1.63213203125e-14, 4.61506218949e-16, -4.46308111917e-17], [3.53366899001e-15, -2.16841586462e-14, -2.34406569675e-13, -3.4874880761e-13, -4.43541389597e-13, -4.7122326657e-13, -8.27870974898e-13, -7.4621537248e-13, -3.11640416164e-13, -8.71054910059e-13, -1.16940485073e-12, -1.04554787137e-12, -8.34928859991e-13, -2.070980323e-12, -2.6149538806e-13, -1.69977226738e-12, -1.37692851912e-12, -1.06570167187e-12, -1.14005853369e-12, -7.36574809392e-13, -3.97104387134e-13, -1.41203346758e-13, -3.35032260994e-14, -1.15610671467e-14, -1.88530560521e-15, -4.46308111917e-17, 1.32045943109e-17]]
    },
    "mfcc": {
        "kurt": [0.0920035839081, -1.20995259285, -0.767747163773, 0.0581557750702, 1.03524780273, -0.713957071304, 0.067152261734, 0.833358287811, -0.656416654587, -1.56176352501, -0.276872158051, -1.49573433399, 0.242685556412],
        "max": [-575.895996094, 110.527496338, -44.105758667, 51.7387466431, -7.68025398254, 10.2216358185, -0.116249084473, 7.42706489563, 9.40548706055, 2.54195022583, 2.49810791016, 11.1209888458, 6.00403404236],
        "mean": [-610.794189453, 99.4215927124, -63.846786499, 33.9302635193, -23.8913345337, -0.309312194586, -7.74791955948, 1.15776312351, -5.69497060776, -3.52313995361, -6.04467630386, 0.499390125275, -7.24056482315],
        "median": [-592.239074707, 98.8084716797, -61.0691299438, 32.3613853455, -24.9071540833, -0.335783004761, -7.2768497467, 1.73517227173, -5.8448009491, -4.26324748993, -5.77045917511, -0.461866378784, -7.36458110809],
        "min": [-693.450866699, 90.9621734619, -79.3729248047, 24.2847862244, -31.2618694305, -7.08658981323, -15.5993499756, -9.99407958984, -18.1882152557, -8.92878913879, -16.124628067, -7.70687484741, -19.6274986267],
        "skew": [-1.21374213696, 0.28131377697, 0.268884032965, 0.917017936707, 1.26998770237, 0.409741461277, -0.0817048549652, -1.01390230656, 0.227404564619, 0.2339759022, -0.255545884371, 0.178765654564, 0.0774848684669],
        "var": [1556.61230469, 40.6188468933, 100.057243347, 59.2620735168, 40.1193275452, 25.6137084961, 14.3987493515, 19.7467288971, 57.2918281555, 20.6510753632, 23.2705841064, 44.0826835632, 39.4237098694],
        "cov": [[1698.12255859, 108.511276245, -359.013275146, -285.082794189, -149.572647095, -53.5094451904, -8.39264202118, -69.1835708618, -267.409942627, -67.8320617676, 13.5081453323, -5.07504558563, 162.250198364], [108.511276245, 44.3114700317, -34.4429016113, -17.394317627, -9.84899139404, -6.82750701904, -3.40384578705, -8.37277603149, -21.6292915344, -0.54080927372, 27.0792293549, 28.2944145203, 17.5838527679], [-359.013275146, -34.4429016113, 109.15335083, 69.2754592896, 26.1752815247, 8.01421737671, 14.8116455078, 26.3912906647, 66.2143707275, 20.0552921295, -13.5243444443, -24.2305240631, -47.2442512512], [-285.082794189, -17.394317627, 69.2754592896, 64.6495361328, 35.9383163452, 18.4525203705, 11.4584350586, 19.8733863831, 41.3278541565, 4.1500210762, -6.46046113968, -4.57130622864, -30.0949325562], [-149.572647095, -9.84899139404, 26.1752815247, 35.9383163452, 43.7665405273, 30.201335907, -1.97444760799, -5.04183530807, 15.3913879395, 0.942865908146, -3.72015166283, 8.92115306854, -7.45218086243], [-53.5094451904, -6.82750701904, 8.01421737671, 18.4525203705, 30.201335907, 27.9422283173, 1.59002792835, -5.61004304886, 3.01661753654, -2.02148413658, -9.46402835846, 0.524941205978, -3.72511219978], [-8.39264202118, -3.40384578705, 14.8116455078, 11.4584350586, -1.97444760799, 1.59002792835, 15.7077264786, 12.5846223831, -0.711956739426, -5.12358903885, -8.10428714752, -12.3732261658, -13.9526643753], [-69.1835708618, -8.37277603149, 26.3912906647, 19.8733863831, -5.04183530807, -5.61004304886, 12.5846223831, 21.541885376, 15.0443086624, -0.443045884371, -7.54531669617, -14.7276239395, -15.7912473679], [-267.409942627, -21.6292915344, 66.2143707275, 41.3278541565, 15.3913879395, 3.01661753654, -0.711956739426, 15.0443086624, 62.5001792908, 27.0372200012, -3.46557331085, -5.73625326157, -29.9292678833], [-67.8320617676, -0.54080927372, 20.0552921295, 4.1500210762, 0.942865908146, -2.02148413658, -5.12358903885, -0.443045884371, 27.0372200012, 22.5284461975, 4.94984865189, 1.54756999016, -11.3655815125], [13.5081453323, 27.0792293549, -13.5243444443, -6.46046113968, -3.72015166283, -9.46402835846, -8.10428714752, -7.54531669617, -3.46557331085, 4.94984865189, 25.3860912323, 27.0752334595, 9.78226852417], [-5.07504558563, 28.2944145203, -24.2305240631, -4.57130622864, 8.92115306854, 0.524941205978, -12.3732261658, -14.7276239395, -5.73625326157, 1.54756999016, 27.0752334595, 48.0901985168, 19.9274806976], [162.250198364, 17.5838527679, -47.2442512512, -30.0949325562, -7.45218086243, -3.72511219978, -13.9526643753, -15.7912473679, -29.9292678833, -11.3655815125, 9.78226852417, 19.9274806976, 43.007686615]]
    },
    "sccoeffs": {
        "kurt": [-0.66849565506, -0.45103764534, -0.97776055336, -1.17975091934, -1.07726049423, 0.14581823349],
        "max": [-0.592774450779, -0.67237842083, -0.738360285759, -0.618554234505, -0.711102128029, -0.681866466999],
        "mean": [-0.661724627018, -0.756070554256, -0.791887462139, -0.736784160137, -0.768500626087, -0.712767601013],
        "median": [-0.647075772285, -0.735963046551, -0.778409123421, -0.713170170784, -0.768198788166, -0.710671901703],
        "min": [-0.785107731819, -0.90157020092, -0.883743405342, -0.854572951794, -0.819029331207, -0.738617062569],
        "skew": [-0.691550374031, -0.853391170502, -0.599340975285, -0.03164364025, 0.0845889747143, 0.20924885571],
        "var": [0.00340036605485, 0.00547352386639, 0.00214459910057, 0.00572666665539, 0.00101169012487, 0.000201138449484],
        "cov": [[0.00370949041098, 0.000577064638492, 0.00168172258418, 0.00113405834418, 0.000574626435991, 0.000354001414962], [0.000577064638492, 0.00597111694515, 0.00188266218174, 0.00488719856367, 0.00162461213768, 0.000600756146014], [0.00168172258418, 0.00188266218174, 0.00233956263401, 0.00233375653625, 0.000881559797563, 0.000475835317047], [0.00113405834418, 0.00488719856367, 0.00233375653625, 0.00624727271497, 0.002040857682, 0.00077299302211], [0.000574626435991, 0.00162461213768, 0.000881559797563, 0.002040857682, 0.0011036619544, 0.000266280054348], [0.000354001414962, 0.000600756146014, 0.000475835317047, 0.00077299302211, 0.000266280054348, 0.000219423774979]]
    },
    "scvalleys": {
        "kurt": [0.0355384349823, -1.37771439552, -0.195094108582, 0.0402500629425, 0.589939117432, 2.12881851196],
        "max": [-5.96823596954, -5.102891922, -5.13378334045, -5.70740318298, -5.91487503052, -8.4931268692],
        "mean": [-6.39994430542, -5.53306007385, -5.56001710892, -6.04282236099, -6.21841192245, -8.78992462158],
        "median": [-6.36786317825, -5.43006229401, -5.3743429184, -5.9693107605, -6.14236545563, -8.71891593933],
        "min": [-7.04286909103, -6.08208084106, -6.40085458755, -6.73075437546, -6.90637207031, -9.50720882416],
        "skew": [-0.694438755512, -0.33036121726, -1.08149385452, -1.06528604031, -1.35733020306, -1.69519090652],
        "var": [0.079106003046, 0.104680143297, 0.158488690853, 0.0951750278473, 0.0879445448518, 0.0682749673724],
        "cov": [[0.0862974599004, -0.0103156054392, -0.00879220105708, 0.00461503909901, -0.0142338005826, -0.020898964256], [-0.0103156054392, 0.114196516573, 0.0539450012147, 0.0771828368306, 0.0669673904777, 0.0464252382517], [-0.00879220105708, 0.0539450012147, 0.172896757722, 0.100203603506, 0.110913209617, 0.095310382545], [0.00461503909901, 0.0771828368306, 0.100203603506, 0.103827305138, 0.0822265893221, 0.0724081471562], [-0.0142338005826, 0.0669673904777, 0.110913209617, 0.0822265893221, 0.0959395095706, 0.0684854462743], [-0.020898964256, 0.0464252382517, 0.095310382545, 0.0724081471562, 0.0684854462743, 0.0744817778468]]
    }
},
"rhythm": {
    "bpm": 0,
    "confidence": 0,
    "first_peak_bpm": {
        "kurt": 0,
        "max": 0,
        "mean": 0,
        "median": 0,
        "min": 0,
        "skew": 0,
        "var": 0
    },
    "first_peak_spread": {
        "kurt": 0,
        "max": 0,
        "mean": 0,
        "median": 0,
        "min": 0,
        "skew": 0,
        "var": 0
    },
    "first_peak_weight": {
        "kurt": 0,
        "max": 0,
        "mean": 0,
        "median": 0,
        "min": 0,
        "skew": 0,
        "var": 0
    },
    "onset_rate": 3.96689748764,
    "second_peak_bpm": {
        "kurt": 0,
        "max": 0,
        "mean": 0,
        "median": 0,
        "min": 0,
        "skew": 0,
        "var": 0
    },
    "second_peak_spread": {
        "kurt": 0,
        "max": 0,
        "mean": 0,
        "median": 0,
        "min": 0,
        "skew": 0,
        "var": 0
    },
    "second_peak_weight": {
        "kurt": 0,
        "max": 0,
        "mean": 0,
        "median": 0,
        "min": 0,
        "skew": 0,
        "var": 0
    },
    "beats_position": [],
    "bpm_estimates": [],
    "bpm_intervals": [],
    "onset_times": [0.0116099771112],
    "histogram": [[0, 0, 0, 0, 0, 0, 0, 0, 0, 0, 0, 0, 0, 0, 0, 0, 0, 0, 0, 0, 0, 0, 0, 0, 0, 0, 0, 0, 0, 0, 0, 0, 0, 0, 0, 0, 0, 0, 0, 0, 0, 0, 0, 0, 0, 0, 0, 0, 0, 0, 0, 0, 0, 0, 0, 0, 0, 0, 0, 0, 0, 0, 0, 0, 0, 0, 0, 0, 0, 0, 0, 0, 0, 0, 0, 0, 0, 0, 0, 0, 0, 0, 0, 0, 0, 0, 0, 0, 0, 0, 0, 0, 0, 0, 0, 0, 0, 0, 0, 0, 0, 0, 0, 0, 0, 0, 0, 0, 0, 0, 0, 0, 0, 0, 0, 0, 0, 0, 0, 0, 0, 0, 0, 0, 0, 0, 0, 0, 0, 0, 0, 0, 0, 0, 0, 0, 0, 0, 0, 0, 0, 0, 0, 0, 0, 0, 0, 0, 0, 0, 0, 0, 0, 0, 0, 0, 0, 0, 0, 0, 0, 0, 0, 0, 0, 0, 0, 0, 0, 0, 0, 0, 0, 0, 0, 0, 0, 0, 0, 0, 0, 0, 0, 0, 0, 0, 0, 0, 0, 0, 0, 0, 0, 0, 0, 0, 0, 0, 0, 0, 0, 0, 0, 0, 0, 0, 0, 0, 0, 0, 0, 0, 0, 0, 0, 0, 0, 0, 0, 0, 0, 0, 0, 0, 0, 0, 0, 0, 0, 0, 0, 0, 0, 0, 0, 0, 0, 0, 0, 0, 0, 0, 0, 0, 0, 0, 0, 0, 0, 0]]
},
"sfx": {
    "inharmonicity": {
        "kurt": -1.16387629509,
        "max": 0.338663309813,
        "mean": 0.196203231812,
        "median": 0.240347385406,
        "min": 0.00645206589252,
        "skew": -0.582292854786,
        "var": 0.0139981051907
    },
    "oddtoevenharmonicenergyratio": {
        "kurt": 2.01583242416,
        "max": 5.92660856247,
        "mean": 1.64240777493,
        "median": 1.13939940929,
        "min": 0.0854541510344,
        "skew": 1.6102052927,
        "var": 2.42289233208
    },
    "pitch_after_max_to_before_max_energy_ratio": 0.506714105606,
    "pitch_centroid": 6.3070230484,
    "pitch_max_to_total": 0.833333313465,
    "pitch_min_to_total": 0.5,
    "tristimulus": {
        "kurt": [0.776534795761, -1.01743745804, -0.529454946518],
        "max": [0.40361738205, 0.505516469479, 0.773484289646],
        "mean": [0.13239505887, 0.294841647148, 0.572763264179],
        "median": [0.0831181257963, 0.25652629137, 0.674753308296],
        "min": [0.023458706215, 0.178670883179, 0.146373808384],
        "skew": [1.37427616119, 0.680921554565, -0.828565895557],
        "var": [0.0119410669431, 0.0117283351719, 0.0378185734153],
        "cov": [[0.0130266183987, 0.00771772069857, -0.0207443423569], [0.00771772069857, 0.0127945477143, -0.0205122698098], [-0.0207443423569, -0.0205122698098, 0.0412566252053]]
    }
},
"tonal": {
    "chords_changes_rate": 0,
    "chords_number_rate": 0.142857149243,
    "chords_strength": {
        "kurt": 0,
        "max": 0.521755635738,
        "mean": 0.521755635738,
        "median": 0.521755635738,
        "min": 0.521755635738,
        "skew": 0,
        "var": 0
    },
    "key_strength": 0.589532375336,
    "tuning_diatonic_strength": 0.473859041929,
    "tuning_equal_tempered_deviation": 0.220553815365,
    "tuning_frequency": 446.399932861,
    "tuning_nontempered_energy_ratio": 0.83241045475,
    "hpcp": {
        "kurt": [-1.04558563232, -0.0824930667877, -1.03928935528, -1.26963961124, -1.4909696579, -1.81318950653, -1.57687485218, -1.25359380245, -1.56456613541, 0.0097222328186, -1.06533396244, -0.500703334808, -1.29851365089, -1.45705914497, -1.11038947105, -1.11010634899, -0.664637327194, -0.858167648315, -1.35626292229, -0.127341985703, -0.925138473511, -0.11319732666, -0.379596471786, -0.503527879715, 1.14341449738, -0.0344867706299, -0.0946507453918, -0.20769572258, -0.896188020706, 0.126443624496, -0.88991689682, -0.930209875107, 1.03831529617, 0.891986608505, -1.37473678589, -0.494999170303],
        "max": [0.539886653423, 0.433276176453, 0.314095705748, 0.297785937786, 0.41869276762, 0.498356252909, 0.620957672596, 1, 1, 1, 1, 0.693683743477, 0.296665787697, 0.269815266132, 0.703922271729, 1, 0.921520471573, 0.676659166813, 0.833012282848, 0.868544578552, 0.548291683197, 0.534303367138, 0.503120660782, 0.365504562855, 0.23538172245, 0.416227459908, 0.552318751812, 0.538647115231, 0.626472294331, 0.828735291958, 0.527595639229, 0.43106675148, 0.673706233501, 1, 0.761398732662, 0.892699122429],
        "mean": [0.224366351962, 0.1921004951, 0.17365963757, 0.16088937223, 0.179383143783, 0.252307027578, 0.325057089329, 0.541561722755, 0.650570333004, 0.497324407101, 0.382972240448, 0.284089297056, 0.180711552501, 0.169766753912, 0.311493486166, 0.386218875647, 0.321576446295, 0.423375070095, 0.541411519051, 0.419551223516, 0.252188742161, 0.1700810045, 0.154395312071, 0.130173236132, 0.100317969918, 0.166465759277, 0.231758445501, 0.233035489917, 0.394671976566, 0.49001160264, 0.282078236341, 0.167627170682, 0.454030930996, 0.60342592001, 0.395295798779, 0.26793473959],
        "median": [0.143088400364, 0.151121169329, 0.14895363152, 0.131091162562, 0.0664156898856, 0.145655989647, 0.255448251963, 0.66125369072, 0.798001527786, 0.49090898037, 0.164496526122, 0.202543020248, 0.171743378043, 0.160680770874, 0.269541114569, 0.151528596878, 0.149196103215, 0.470597147942, 0.616347134113, 0.31925752759, 0.204058617353, 0.0874326229095, 0.0593838430941, 0.0733873397112, 0.0697914063931, 0.0865861773491, 0.182649537921, 0.182809457183, 0.37309679389, 0.488020956516, 0.232196524739, 0.0911334678531, 0.419598907232, 0.553380310535, 0.320607841015, 0.0670361965895],
        "min": [0.0457381308079, 0.0590503774583, 0.0770545005798, 0.0469574183226, 0.034757129848, 0.0326846577227, 0.0922682285309, 0.0809052288532, 0.168643891811, 0.210327610373, 0.059142369777, 0.0906551033258, 0.0651387795806, 0.0641196221113, 0.0790709033608, 0.083857819438, 0.0764250159264, 0.164760559797, 0.230231463909, 0.201482698321, 0.0918300747871, 0.0386696718633, 0.0286045726389, 0.0281142871827, 0.0548217147589, 0.073196709156, 0.0698327720165, 0.0517465025187, 0.112702339888, 0.102316267788, 0.02878995426, 0.0349689871073, 0.359253555536, 0.462161689997, 0.114846616983, 0.0262051094323],
        "skew": [0.817389070988, 0.921699404716, 0.629865765572, 0.272757977247, 0.469011247158, 0.182614356279, 0.271569311619, -0.0857015773654, -0.285135775805, 0.94177031517, 0.792867541313, 0.977565169334, -0.0014603700256, -0.105176478624, 0.577108323574, 0.877514958382, 1.05578887463, -0.291490167379, -0.225480243564, 1.06485402584, 0.738085508347, 1.21434605122, 1.1539286375, 1.08373856544, 1.59635448456, 1.11099433899, 1.02521204948, 0.867656350136, -0.225604459643, -0.321682363749, 0.0126402592286, 0.847383499146, 1.52637648582, 1.46069502831, 0.383761078119, 1.07911062241],
