{
"metadata": {
    "version": {
        "essentia": "2.1-beta3"
    }
},
"lowLevel": {
    "average_loudness": 0.500402390957,
    "barkbands_kurtosis": {
        "kurt": 28.9779205322,
        "max": 241.630386353,
        "mean": 13.1975049973,
        "median": 6.82736587524,
        "min": -1.7346663475,
        "skew": 4.41699028015,
        "var": 469.597259521
    },
    "barkbands_skewness": {
        "kurt": 4.33483362198,
        "max": 10.8250303268,
        "mean": 2.89609122276,
        "median": 2.62719917297,
        "min": -0.371957778931,
        "skew": 1.71638596058,
        "var": 2.70003819466
    },
    "barkbands_spread": {
        "kurt": 1.29191017151,
        "max": 58.3033332825,
        "mean": 17.0206775665,
        "median": 16.2130012512,
        "min": 0.264112561941,
        "skew": 0.88824403286,
        "var": 104.938819885
    },
    "dissonance": {
        "kurt": 5.78640651703,
        "max": 0.500000119209,
        "mean": 0.459082573652,
        "median": 0.471148908138,
        "min": 0.266074538231,
        "skew": -2.24579644203,
        "var": 0.00144492846448
    },
    "hfc": {
        "kurt": 35.3561935425,
        "max": 0.498037278652,
        "mean": 0.0123055810109,
        "median": 1.10244891403e-05,
        "min": 5.57787507205e-06,
        "skew": 5.94873046875,
        "var": 0.00421713851392
    },
    "pitch": {
        "kurt": 9.085729599,
        "max": 4145.70068359,
        "mean": 457.864746094,
        "median": 168.100326538,
        "min": 53.3053779602,
        "skew": 3.29182839394,
        "var": 835334.1875
    },
    "pitch_instantaneous_confidence": {
        "kurt": 0.235558509827,
        "max": 0.951363682747,
        "mean": 0.379650980234,
        "median": 0.290682137012,
        "min": 0.116688728333,
        "skew": 1.22659349442,
        "var": 0.0497831441462
    },
    "pitch_salience": {
        "kurt": 0.831297636032,
        "max": 0.841740489006,
        "mean": 0.586472153664,
        "median": 0.62333625555,
        "min": 0.0865220427513,
        "skew": -1.08358621597,
        "var": 0.023382704705
    },
    "silence_rate_20dB": {
        "kurt": 0,
        "max": 1,
        "mean": 1,
        "median": 1,
        "min": 1,
        "skew": 0,
        "var": 0
    },
    "silence_rate_30dB": {
        "kurt": 0,
        "max": 1,
        "mean": 1,
        "median": 1,
        "min": 1,
        "skew": 0,
        "var": 0
    },
    "silence_rate_60dB": {
        "kurt": 0,
        "max": 1,
        "mean": 1,
        "median": 1,
        "min": 1,
        "skew": 0,
        "var": 0
    },
    "spectral_centroid": {
        "kurt": 8.55454921722,
        "max": 2066.17529297,
        "mean": 545.276855469,
        "median": 463.852661133,
        "min": 129.781951904,
        "skew": 2.60993742943,
        "var": 76819.1015625
    },
    "spectral_complexity": {
        "kurt": 18.4107303619,
        "max": 2,
        "mean": 0.0873440280557,
        "median": 0,
        "min": 0,
        "skew": 4.44753694534,
        "var": 0.151016622782
    },
    "spectral_crest": {
        "kurt": 0.428837537766,
        "max": 26.4961242676,
        "mean": 11.5421333313,
        "median": 9.81591510773,
        "min": 3.46823096275,
        "skew": 1.19889771938,
        "var": 32.326587677
    },
    "spectral_decrease": {
        "kurt": 35.9177513123,
        "max": -1.56769408449e-15,
        "mean": -8.17649854074e-12,
        "median": -6.74414281813e-15,
        "min": -3.31486255112e-10,
        "skew": -5.98078584671,
        "var": 1.855084194e-21
    },
    "spectral_energy": {
        "kurt": 35.8953514099,
        "max": 0.00129627727438,
        "mean": 3.19761202263e-05,
        "median": 2.6512777751e-08,
        "min": 6.42276987151e-09,
        "skew": 5.97934055328,
        "var": 2.83726784289e-08
    },
    "spectral_energyband_high": {
        "kurt": 46.3545379639,
        "max": 5.14172143085e-07,
        "mean": 1.00748795973e-08,
        "median": 5.38280364726e-10,
        "min": 3.19149984218e-10,
        "skew": 6.67009210587,
        "var": 2.66126973533e-15
    },
    "spectral_energyband_low": {
        "kurt": 151.647964478,
        "max": 1.91951075976e-05,
        "mean": 1.69010704099e-07,
        "median": 1.05808597439e-08,
        "min": 7.34594440832e-10,
        "skew": 11.5771198273,
        "var": 1.42009039077e-12
    },
    "spectral_energyband_middle_high": {
        "kurt": 45.0955734253,
        "max": 2.78026982414e-05,
        "mean": 4.83278085994e-07,
        "median": 1.42419753768e-09,
        "min": 7.70936259276e-10,
        "skew": 6.49609375,
        "var": 7.20138055091e-12
    },
    "spectral_energyband_middle_low": {
        "kurt": 36.0761108398,
        "max": 0.00127791555133,
        "mean": 3.13767632178e-05,
        "median": 1.45635832283e-08,
        "min": 3.25225291142e-09,
        "skew": 5.99263858795,
        "var": 2.74840346037e-08
    },
    "spectral_flatness_db": {
        "kurt": 2.89959907532,
        "max": 0.462783157825,
        "mean": 0.172502756119,
        "median": 0.143850192428,
        "min": 0.0820240676403,
        "skew": 1.94832777977,
        "var": 0.00697584124282
    },
    "spectral_flux": {
        "kurt": 33.1645622253,
        "max": 0.0181413013488,
        "mean": 0.000631000672001,
        "median": 9.78352836682e-05,
        "min": 5.11873295181e-05,
        "skew": 5.46769475937,
        "var": 4.67976497021e-06
    },
    "spectral_kurtosis": {
        "kurt": 20.3382530212,
        "max": 59.1132545471,
        "mean": 5.93464374542,
        "median": 3.51413345337,
        "min": 1.92253160477,
        "skew": 4.14695882797,
        "var": 52.9179191589
    },
    "spectral_rms": {
        "kurt": 24.3350524902,
        "max": 0.00112457142677,
        "mean": 4.62966454506e-05,
        "median": 5.08587527293e-06,
        "min": 2.50322136708e-06,
        "skew": 4.93748188019,
        "var": 2.90528330282e-08
    },
    "spectral_rolloff": {
        "kurt": 6.17716884613,
        "max": 4263.57421875,
        "mean": 735.19921875,
        "median": 452.197265625,
        "min": 150.732421875,
        "skew": 2.64949131012,
        "var": 664599.625
    },
    "spectral_skewness": {
        "kurt": 12.101020813,
        "max": 6.41961288452,
        "mean": 1.97842335701,
        "median": 1.74955785275,
        "min": 1.2262699604,
        "skew": 3.17642951012,
        "var": 0.478954672813
    },
    "spectral_spread": {
        "kurt": 1.87800645828,
        "max": 18809984,
        "mean": 7664045,
        "median": 8603989,
        "min": 1343208.125,
        "skew": -1.08176636696,
        "var": 4.58341797069e+12
    },
    "spectral_strongpeak": {
        "kurt": 25.5158596039,
        "max": 0.407047748566,
        "mean": 0.0149526353925,
        "median": 0.000449473562185,
        "min": 6.79996810504e-05,
        "skew": 5.0180516243,
        "var": 0.00358307175338
    },
    "zerocrossingrate": {
        "kurt": 0.69322514534,
        "max": 0.11669921875,
        "mean": 0.0442455932498,
        "median": 0.04443359375,
        "min": 0.009765625,
        "skew": 0.547976195812,
        "var": 0.000299485458527
    },
    "barkbands": {
        "kurt": [15.2714538574, 227.428085327, 117.163795471, 380.940917969, 372.629058838, 37.8798484802, 42.3917350769, 257.381988525, 38.3486557007, 73.754737854, 213.597442627, 59.3956985474, 164.72706604, 51.1285591125, 139.363647461, 44.6082344055, 58.3475341797, 77.1399993896, 69.80052948, 50.6282310486, 31.9001693726, 46.0741195679, 39.4001693726, 32.2425003052, 37.146282196, 75.521736145, 127.625],
        "max": [6.90713708451e-09, 4.17011688114e-06, 7.85451447882e-06, 2.23650822591e-05, 4.13983725593e-05, 0.00114464689977, 0.00019574239559, 1.58046702836e-06, 1.11473173092e-05, 1.64534560554e-06, 8.72076043379e-07, 2.76177217984e-07, 2.48743981501e-06, 3.83604538001e-06, 5.83782139074e-07, 6.22319646482e-07, 3.26279428009e-06, 1.00598699646e-05, 1.22097753774e-05, 7.72113423864e-07, 6.89797872155e-08, 5.08356450268e-08, 5.46374190336e-09, 1.90331284067e-09, 1.21007703857e-09, 1.59790083942e-10, 1.45173290056e-10],
        "mean": [3.52310847163e-10, 2.94311934823e-08, 8.77222490203e-08, 9.60318615739e-08, 2.07385241424e-07, 2.73940349871e-05, 3.41820623362e-06, 1.29331194643e-08, 2.34111027453e-07, 2.08827728443e-08, 7.09975722657e-09, 4.66741356675e-09, 2.25765219852e-08, 6.11600086131e-08, 5.6010311944e-09, 1.17059286708e-08, 5.09489694878e-08, 1.36719037869e-07, 1.57547887625e-07, 1.35393820599e-08, 2.16110773721e-09, 1.08110553843e-09, 1.52162518696e-10, 7.05301719806e-11, 4.69475673615e-11, 4.16262076891e-12, 1.54312847223e-12],
        "median": [1.28760951554e-11, 2.4855109082e-09, 4.39316405476e-09, 3.65386387813e-09, 4.1577736809e-09, 1.7281351905e-09, 1.32896160743e-09, 5.34297162069e-10, 2.81883794084e-10, 1.33981700734e-10, 1.09943741611e-10, 7.53967582812e-11, 7.90500512271e-11, 8.41398895002e-11, 8.30371257865e-11, 9.49413325735e-11, 1.28943605793e-10, 2.15998233188e-10, 2.88201768006e-10, 3.14194004147e-10, 2.23699461732e-10, 9.28449261917e-11, 2.93581582655e-11, 2.00226606129e-11, 1.85082973253e-11, 1.79946715081e-12, 7.75053510412e-14],
        "min": [6.02920423548e-14, 3.17900775149e-11, 5.02788921608e-11, 9.96809926268e-11, 4.99927321762e-10, 1.07142954231e-10, 5.84768344858e-11, 3.09960286604e-11, 2.19498811488e-11, 1.59668233496e-11, 1.68561414826e-11, 1.01002123332e-11, 1.06720882131e-11, 1.1177483418e-11, 1.44327830937e-11, 8.33751644114e-12, 3.48771254932e-11, 6.17836545813e-11, 6.66557503637e-11, 1.16657697391e-10, 8.72889607817e-11, 3.37605221556e-11, 1.42983003909e-11, 1.25424826775e-11, 1.11621744833e-11, 1.04848974555e-12, 4.41399202616e-14],
        "skew": [3.76135134697, 14.486946106, 10.4020195007, 18.7468223572, 18.2403888702, 6.1217045784, 6.18809318542, 14.2491750717, 6.17361879349, 7.77018022537, 13.012638092, 7.05190992355, 11.1692018509, 6.99362754822, 10.378695488, 6.64463424683, 7.50967025757, 8.29697132111, 7.94105100632, 6.9701333046, 5.52818155289, 6.46850776672, 6.17384815216, 5.60760450363, 6.01741361618, 8.13722801208, 10.3846073151],
        "var": [9.6653914247e-19, 5.69769857922e-14, 3.51147144131e-13, 1.08428999286e-12, 3.72219486136e-12, 2.14357491757e-08, 3.30854066366e-10, 6.48661812062e-15, 1.74947643178e-12, 1.48236525594e-14, 2.20200487144e-15, 5.09935327708e-16, 2.04084219955e-14, 1.38396631937e-13, 1.24734971785e-15, 4.88691720215e-15, 1.12517972912e-13, 6.93154409738e-13, 9.95890002409e-13, 6.12912617117e-15, 7.12880398464e-17, 2.4392831654e-17, 3.77714759327e-19, 5.27913258527e-20, 1.95988296929e-20, 1.78031151454e-22, 1.07124041889e-22],
        "cov": [[9.68265054818e-19, 4.81789494897e-17, 1.43454452859e-16, 1.85625033694e-16, 3.35967915823e-16, 1.27481109775e-14, 1.72023720088e-15, 1.08353207347e-17, 7.51382810477e-17, 1.42416595962e-17, 5.99751769907e-18, 2.84545002198e-18, 1.76267490149e-17, 1.85552129304e-17, 4.1582712673e-18, 3.5588126502e-18, 1.08260455585e-17, 5.68080910224e-17, 3.51137905331e-17, 3.42593663135e-18, 7.16542155396e-19, 2.89435485265e-19, 4.3224361683e-20, 2.29732532251e-20, 1.58543720836e-20, 1.27668188672e-21, 5.16795375541e-22], [4.81789494897e-17, 5.70787246136e-14, 1.1466038351e-13, 6.4980938924e-14, 1.56421506607e-13, 3.88224868919e-12, 4.4397943438e-13, 2.76263797978e-15, 2.13596111962e-14, 2.67479494567e-15, 1.56610219195e-15, 8.29561728047e-16, 4.20681793166e-15, 2.2875922568e-15, 9.40397047986e-16, 4.1732495395e-16, 4.71612857257e-16, 1.36567266081e-14, 3.45115654601e-15, 8.49546729284e-16, 1.78167808566e-16, 6.95045259491e-17, 9.66613402609e-18, 6.1900030412e-18, 3.67899123986e-18, 5.53046805397e-19, 3.68476832095e-19], [1.43454452859e-16, 1.1466038351e-13, 3.51774192458e-13, 4.23513763122e-13, 7.77919883458e-13, 1.81641403307e-11, 3.49882471086e-12, 2.49010000445e-14, 9.92858478267e-14, 2.77163342732e-14, 1.36448529003e-14, 5.58578756979e-15, 3.76674806255e-14, 2.009406774e-14, 8.9011660049e-15, 4.38436154312e-15, 7.70451258537e-15, 5.24990139794e-14, 2.94377118981e-14, 3.20527389285e-15, 8.70453567065e-16, 4.10815135174e-16, 4.38190889304e-17, 3.27703977839e-17, 2.08621650649e-17, 2.28530461106e-18, 9.94571259454e-19], [1.85625033694e-16, 6.4980938924e-14, 4.23513763122e-13, 1.08622626952e-12, 1.92303443135e-12, 3.4634135837e-11, 8.52298873838e-12, 6.70246125853e-14, 1.69386707894e-13, 8.10061924223e-14, 3.75450742002e-14, 1.47535910762e-14, 1.04332876702e-13, 4.33834859584e-14, 2.4835146621e-14, 1.01968062357e-14, 8.63498336013e-15, 5.28976785063e-14, 3.12718533252e-14, 2.39195391569e-15, 1.63377588927e-15, 7.20854631327e-16, 6.9054526461e-17, 6.67450249559e-17, 4.62185413641e-17, 4.56977997356e-18, 1.33721200984e-18], [3.35967915823e-16, 1.56421506607e-13, 7.77919883458e-13, 1.92303443135e-12, 3.72884188804e-12, 9.22135978687e-11, 1.92852955827e-11, 1.32491646777e-13, 5.64595245556e-13, 1.62726955391e-13, 7.51884448799e-14, 3.04817884258e-14, 2.16005165143e-13, 1.54040042982e-13, 5.04135815938e-14, 3.01196920053e-14, 5.98363386292e-14, 3.4683730497e-13, 2.70187762138e-13, 2.09421052684e-14, 4.78682374229e-15, 2.27746936605e-15, 2.43885852396e-16, 1.66422690901e-16, 1.09486644964e-16, 1.04077064083e-17, 4.0051224992e-18], [1.27481109775e-14, 3.88224868919e-12, 1.81641403307e-11, 3.4634135837e-11, 9.22135978687e-11, 2.14740278892e-08, 2.47948239718e-09, 7.1672208099e-12, 1.82451040387e-10, 1.47288761049e-11, 4.14226942677e-12, 2.47734797086e-12, 1.59852998893e-11, 5.1639303944e-11, 4.11249376567e-12, 9.85091262035e-12, 4.3834335467e-11, 8.86554649138e-11, 1.28915877973e-10, 9.36981308514e-12, 1.12793281659e-12, 6.33795479207e-13, 7.89488442611e-14, 3.17455649713e-14, 1.92500197369e-14, 1.57680911192e-15, 1.11047692275e-15], [1.72023720088e-15, 4.4397943438e-13, 3.49882471086e-12, 8.52298873838e-12, 1.92852955827e-11, 2.47948239718e-09, 3.31444871549e-10, 1.16018132601e-12, 2.09900465065e-11, 1.98682173144e-12, 6.71949854699e-13, 3.5498210274e-13, 2.30838070013e-12, 5.81102136896e-12, 5.79546230884e-13, 1.1277575011e-12, 4.9966363512e-12, 1.03199627663e-11, 1.4884541516e-11, 1.07938907378e-12, 1.32407607556e-13, 7.69230667119e-14, 8.9277230289e-15, 3.86085071248e-15, 2.36824715756e-15, 2.06427514369e-16, 1.38662761007e-16], [1.08353207347e-17, 2.76263797978e-15, 2.49010000445e-14, 6.70246125853e-14, 1.32491646777e-13, 7.1672208099e-12, 1.16018132601e-12, 6.49820129618e-15, 5.34292153977e-14, 8.18318953859e-15, 3.4955823653e-15, 1.41172577863e-15, 1.01916139238e-14, 1.52298658439e-14, 2.48504156604e-15, 2.90496196129e-15, 1.02430915041e-14, 2.56800602918e-14, 3.19075820453e-14, 2.72522622856e-15, 3.86413624741e-16, 2.01691713457e-16, 2.45901373911e-17, 1.19263628637e-17, 7.24523941659e-18, 6.05979902252e-19, 3.01144717975e-19], [7.51382810477e-17, 2.13596111962e-14, 9.92858478267e-14, 1.69386707894e-13, 5.64595245556e-13, 1.82451040387e-10, 2.09900465065e-11, 5.34292153977e-14, 1.75260045192e-12, 1.289359922e-13, 3.2127590383e-14, 2.15198376426e-14, 1.24671174534e-13, 4.10728092162e-13, 3.19851397701e-14, 8.71159359385e-14, 4.10948374939e-13, 6.84621738641e-13, 1.06387446595e-12, 7.02918016219e-14, 9.60954982308e-15, 5.22178151345e-15, 6.28197803106e-16, 2.68945295671e-16, 1.66423048243e-16, 1.42359421238e-17, 1.01546685502e-17], [1.42416595962e-17, 2.67479494567e-15, 2.77163342732e-14, 8.10061924223e-14, 1.62726955391e-13, 1.47288761049e-11, 1.98682173144e-12, 8.18318953859e-15, 1.289359922e-13, 1.4850124033e-14, 4.72430889914e-15, 2.46204313921e-15, 1.5261079008e-14, 3.12427526612e-14, 3.77300619607e-15, 6.56166608678e-15, 2.83343786395e-14, 5.36690172013e-14, 7.33722436107e-14, 5.10814696138e-15, 7.80786553389e-16, 3.93435183766e-16, 4.80348314659e-17, 2.2484678182e-17, 1.41000743995e-17, 1.19736068708e-18, 6.93931793737e-19], [5.99751769907e-18, 1.56610219195e-15, 1.36448529003e-14, 3.75450742002e-14, 7.51884448799e-14, 4.14226942677e-12, 6.71949854699e-13, 3.4955823653e-15, 3.2127590383e-14, 4.72430889914e-15, 2.20593701014e-15, 8.56834336064e-16, 5.87770180495e-15, 8.99771674946e-15, 1.43981169709e-15, 1.68187634924e-15, 5.78635607785e-15, 1.85189405179e-14, 1.96157617872e-14, 1.69699673439e-15, 2.32315329397e-16, 1.15508122777e-16, 1.46895266127e-17, 6.77705229475e-18, 4.18108325423e-18, 3.43555431203e-19, 1.76677946475e-19], [2.84545002198e-18, 8.29561728047e-16, 5.58578756979e-15, 1.47535910762e-14, 3.04817884258e-14, 2.47734797086e-12, 3.5498210274e-13, 1.41172577863e-15, 2.15198376426e-14, 2.46204313921e-15, 8.56834336064e-16, 5.10845888126e-16, 2.73882915418e-15, 5.30711923586e-15, 6.74510970623e-16, 1.10782539199e-15, 4.64962558066e-15, 1.17775382749e-14, 1.37281450381e-14, 1.04118359256e-15, 1.43904902333e-16, 7.59162940446e-17, 8.75011421575e-18, 4.04610516265e-18, 2.49259400462e-18, 2.14582321898e-19, 1.31095628908e-19], [1.76267490149e-17, 4.20681793166e-15, 3.76674806255e-14, 1.04332876702e-13, 2.16005165143e-13, 1.59852998893e-11, 2.30838070013e-12, 1.01916139238e-14, 1.24671174534e-13, 1.5261079008e-14, 5.87770180495e-15, 2.73882915418e-15, 2.04448647411e-14, 3.83351289352e-14, 4.88896786892e-15, 7.19350014939e-15, 2.78982312105e-14, 7.0680237379e-14, 8.82642957746e-14, 6.69577003706e-15, 8.80854072866e-16, 4.69657111121e-16, 5.73818962872e-17, 2.59997242924e-17, 1.60452855628e-17, 1.29047289312e-18, 7.42210655478e-19], [1.85552129304e-17, 2.2875922568e-15, 2.009406774e-14, 4.33834859584e-14, 1.54040042982e-13, 5.1639303944e-11, 5.81102136896e-12, 1.52298658439e-14, 4.10728092162e-13, 3.12427526612e-14, 8.99771674946e-15, 5.30711923586e-15, 3.83351289352e-14, 1.38643775822e-13, 9.70618865907e-15, 2.38409586398e-14, 1.02493473507e-13, 2.47565558548e-13, 3.3780920769e-13, 2.63664026186e-14, 2.79286646808e-15, 1.593406299e-15, 2.05492562049e-16, 7.68825667315e-17, 4.50732998799e-17, 3.45081222711e-18, 2.52004999031e-18], [4.1582712673e-18, 9.40397047986e-16, 8.9011660049e-15, 2.4835146621e-14, 5.04135815938e-14, 4.11249376567e-12, 5.79546230884e-13, 2.48504156604e-15, 3.19851397701e-14, 3.77300619607e-15, 1.43981169709e-15, 6.74510970623e-16, 4.88896786892e-15, 9.70618865907e-15, 1.24957720274e-15, 1.91036613374e-15, 7.40648827804e-15, 1.66470908781e-14, 2.21863983619e-14, 1.70527732848e-15, 2.20651143083e-16, 1.20310349601e-16, 1.50549038698e-17, 6.57290990983e-18, 4.16849356531e-18, 3.57689078589e-19, 2.24255695098e-19], [3.5588126502e-18, 4.1732495395e-16, 4.38436154312e-15, 1.01968062357e-14, 3.01196920053e-14, 9.85091262035e-12, 1.1277575011e-12, 2.90496196129e-15, 8.71159359385e-14, 6.56166608678e-15, 1.68187634924e-15, 1.10782539199e-15, 7.19350014939e-15, 2.38409586398e-14, 1.91036613374e-15, 4.89564375909e-15, 2.23133126966e-14, 3.84776100413e-14, 6.03955633335e-14, 4.19698853782e-15, 5.21890721303e-16, 2.95629877534e-16, 3.62259944237e-17, 1.48065412365e-17, 9.22602844528e-18, 7.80549959882e-19, 5.7034553015e-19], [1.08260455585e-17, 4.71612857257e-16, 7.70451258537e-15, 8.63498336013e-15, 5.98363386292e-14, 4.3834335467e-11, 4.9966363512e-12, 1.02430915041e-14, 4.10948374939e-13, 2.83343786395e-14, 5.78635607785e-15, 4.64962558066e-15, 2.78982312105e-14, 1.02493473507e-13, 7.40648827804e-15, 2.23133126966e-14, 1.12718895903e-13, 1.50971601756e-13, 2.82370670899e-13, 1.75860861924e-14, 2.28441355391e-15, 1.37309122948e-15, 1.5450056982e-16, 6.59012213217e-17, 4.16633669186e-17, 3.74066003607e-18, 2.8160909005e-18], [5.68080910224e-17, 1.36567266081e-14, 5.24990139794e-14, 5.28976785063e-14, 3.4683730497e-13, 8.86554649138e-11, 1.03199627663e-11, 2.56800602918e-14, 6.84621738641e-13, 5.36690172013e-14, 1.85189405179e-14, 1.17775382749e-14, 7.0680237379e-14, 2.47565558548e-13, 1.66470908781e-14, 3.84776100413e-14, 1.50971601756e-13, 6.94392189148e-13, 6.53351775893e-13, 5.52314812809e-14, 5.41896612489e-15, 2.92748774373e-15, 3.9544876637e-16, 1.35550047274e-16, 7.64874324791e-17, 5.10953145328e-18, 3.62288440609e-18], [3.51137905331e-17, 3.45115654601e-15, 2.94377118981e-14, 3.12718533252e-14, 2.70187762138e-13, 1.28915877973e-10, 1.4884541516e-11, 3.19075820453e-14, 1.06387446595e-12, 7.33722436107e-14, 1.96157617872e-14, 1.37281450381e-14, 8.82642957746e-14, 3.3780920769e-13, 2.21863983619e-14, 6.03955633335e-14, 2.82370670899e-13, 6.53351775893e-13, 9.97668419232e-13, 6.34280225998e-14, 6.56900816837e-15, 4.39831302279e-15, 4.97722806675e-16, 1.92736656145e-16, 1.15189823677e-16, 9.67601387133e-18, 7.44786971534e-18], [3.42593663135e-18, 8.49546729284e-16, 3.20527389285e-15, 2.39195391569e-15, 2.09421052684e-14, 9.36981308514e-12, 1.07938907378e-12, 2.72522622856e-15, 7.02918016219e-14, 5.10814696138e-15, 1.69699673439e-15, 1.04118359256e-15, 6.69577003706e-15, 2.63664026186e-14, 1.70527732848e-15, 4.19698853782e-15, 1.75860861924e-14, 5.52314812809e-14, 6.34280225998e-14, 6.1400711074e-15, 5.74290879337e-16, 3.21528942217e-16, 4.37530832263e-17, 1.48457611781e-17, 8.19560459314e-18, 5.83997060486e-19, 4.43387419892e-19], [7.16542155396e-19, 1.78167808566e-16, 8.70453567065e-16, 1.63377588927e-15, 4.78682374229e-15, 1.12793281659e-12, 1.32407607556e-13, 3.86413624741e-16, 9.60954982308e-15, 7.80786553389e-16, 2.32315329397e-16, 1.43904902333e-16, 8.80854072866e-16, 2.79286646808e-15, 2.20651143083e-16, 5.21890721303e-16, 2.28441355391e-15, 5.41896612489e-15, 6.56900816837e-15, 5.74290879337e-16, 7.14153396339e-17, 3.58816656045e-17, 4.79108139311e-18, 1.82456831859e-18, 1.06235829706e-18, 8.23254024959e-20, 5.57261368166e-20], [2.89435485265e-19, 6.95045259491e-17, 4.10815135174e-16, 7.20854631327e-16, 2.27746936605e-15, 6.33795479207e-13, 7.69230667119e-14, 2.01691713457e-16, 5.22178151345e-15, 3.93435183766e-16, 1.15508122777e-16, 7.59162940446e-17, 4.69657111121e-16, 1.593406299e-15, 1.20310349601e-16, 2.95629877534e-16, 1.37309122948e-15, 2.92748774373e-15, 4.39831302279e-15, 3.21528942217e-16, 3.58816656045e-17, 2.4436390985e-17, 2.77514732134e-18, 1.02434665958e-18, 6.08999473379e-19, 5.17693991358e-20, 3.81790220044e-20], [4.3224361683e-20, 9.66613402609e-18, 4.38190889304e-17, 6.9054526461e-17, 2.43885852396e-16, 7.89488442611e-14, 8.9277230289e-15, 2.45901373911e-17, 6.28197803106e-16, 4.80348314659e-17, 1.46895266127e-17, 8.75011421575e-18, 5.73818962872e-17, 2.05492562049e-16, 1.50549038698e-17, 3.62259944237e-17, 1.5450056982e-16, 3.9544876637e-16, 4.97722806675e-16, 4.37530832263e-17, 4.79108139311e-18, 2.77514732134e-18, 3.78389247568e-19, 1.27207763706e-19, 7.33681609106e-20, 5.53706947225e-21, 3.980606769e-21], [2.29732532251e-20, 6.1900030412e-18, 3.27703977839e-17, 6.67450249559e-17, 1.66422690901e-16, 3.17455649713e-14, 3.86085071248e-15, 1.19263628637e-17, 2.68945295671e-16, 2.2484678182e-17, 6.77705229475e-18, 4.04610516265e-18, 2.59997242924e-17, 7.68825667315e-17, 6.57290990983e-18, 1.48065412365e-17, 6.59012213217e-17, 1.35550047274e-16, 1.92736656145e-16, 1.48457611781e-17, 1.82456831859e-18, 1.02434665958e-18, 1.27207763706e-19, 5.28855985931e-20, 3.10648099097e-20, 2.58153274681e-21, 1.76666896667e-21], [1.58543720836e-20, 3.67899123986e-18, 2.08621650649e-17, 4.62185413641e-17, 1.09486644964e-16, 1.92500197369e-14, 2.36824715756e-15, 7.24523941659e-18, 1.66423048243e-16, 1.41000743995e-17, 4.18108325423e-18, 2.49259400462e-18, 1.60452855628e-17, 4.50732998799e-17, 4.16849356531e-18, 9.22602844528e-18, 4.16633669186e-17, 7.64874324791e-17, 1.15189823677e-16, 8.19560459314e-18, 1.06235829706e-18, 6.08999473379e-19, 7.33681609106e-20, 3.10648099097e-20, 1.9633828157e-20, 1.69306473536e-21, 1.16597771636e-21], [1.27668188672e-21, 5.53046805397e-19, 2.28530461106e-18, 4.56977997356e-18, 1.04077064083e-17, 1.57680911192e-15, 2.06427514369e-16, 6.05979902252e-19, 1.42359421238e-17, 1.19736068708e-18, 3.43555431203e-19, 2.14582321898e-19, 1.29047289312e-18, 3.45081222711e-18, 3.57689078589e-19, 7.80549959882e-19, 3.74066003607e-18, 5.10953145328e-18, 9.67601387133e-18, 5.83997060486e-19, 8.23254024959e-20, 5.17693991358e-20, 5.53706947225e-21, 2.58153274681e-21, 1.69306473536e-21, 1.78349056088e-22, 1.3189311311e-22], [5.16795375541e-22, 3.68476832095e-19, 9.94571259454e-19, 1.33721200984e-18, 4.0051224992e-18, 1.11047692275e-15, 1.38662761007e-16, 3.01144717975e-19, 1.01546685502e-17, 6.93931793737e-19, 1.76677946475e-19, 1.31095628908e-19, 7.42210655478e-19, 2.52004999031e-18, 2.24255695098e-19, 5.7034553015e-19, 2.8160909005e-18, 3.62288440609e-18, 7.44786971534e-18, 4.43387419892e-19, 5.57261368166e-20, 3.81790220044e-20, 3.980606769e-21, 1.76666896667e-21, 1.16597771636e-21, 1.3189311311e-22, 1.07315337503e-22]]
    },
    "mfcc": {
        "kurt": [15.4732093811, 9.81626796722, 8.54495048523, 14.1055850983, 11.4554710388, 17.5233917236, 11.0280218124, 8.52205467224, 8.53406429291, 3.88559293747, 3.87934207916, 9.32344722748, 9.46331214905],
        "max": [-939.178710938, 172.081512451, 72.1018371582, 70.3102416992, 30.3094367981, 18.8366699219, 13.2200813293, 9.04771614075, 5.17596054077, 6.45089149475, 12.2041053772, 5.87451934814, 10.0049362183],
        "mean": [-1124.50036621, 13.4450721741, 6.56017541885, 6.03698015213, 2.51206874847, -1.77608466148, -1.87056171894, -3.07129597664, -4.56287527084, -2.68374705315, -1.45146346092, -1.98323583603, -1.03803992271],
        "median": [-1135.49621582, 4.00806808472, 3.35955810547, 2.96403884888, 1.84997558594, 0.815818786621, 0.427021026611, 0.0832290649414, -4.57763671875e-05, -0.243751525879, -0.415554046631, -0.840026855469, -0.597595214844],
        "min": [-1138.42004395, 1.14440917969e-05, -32.2575645447, -1.83625411987, -24.181438446, -69.2723083496, -43.7487258911, -45.9401855469, -70.4392242432, -25.056892395, -14.8351345062, -24.5358276367, -16.9377479553],
        "skew": [3.95396733284, 3.15813422203, 2.10706782341, 3.46672797203, 1.26182508469, -4.12110757828, -3.11263942719, -2.81037926674, -2.90814852715, -2.06341314316, -1.15367329121, -2.84770774841, -1.93536984921],
        "var": [1265.54907227, 715.573669434, 157.874435425, 93.9580307007, 21.5050449371, 139.196502686, 58.5519714355, 74.6281890869, 131.608810425, 29.1024913788, 9.27015972137, 14.1145029068, 6.87619018555],
        "cov": [[1267.80895996, 914.657592773, 49.6798362732, 221.510421753, -12.6117506027, -391.373260498, -233.900085449, -270.472015381, -373.077697754, -106.226928711, -4.95851898193, -113.025680542, -24.086648941], [914.657592773, 716.85144043, 128.079650879, 198.067550659, 6.47803115845, -268.036956787, -172.822570801, -202.933029175, -284.378479004, -99.1577987671, -10.6771383286, -82.5169067383, -20.6921386719], [49.6798362732, 128.079650879, 158.156341553, 84.5328063965, 31.7033405304, 7.8595495224, -14.4306974411, -24.0854148865, -43.5340881348, -42.8023872375, -12.2143726349, -6.59056472778, -4.07317352295], [221.510421753, 198.067550659, 84.5328063965, 94.1258163452, 26.0176544189, -56.0454559326, -39.146030426, -51.633026123, -82.5986709595, -38.3458747864, -6.69075775146, -21.6077289581, -2.30043458939], [-12.6117506027, 6.47803115845, 31.7033405304, 26.0176544189, 21.5434474945, 18.0043582916, 9.0865020752, 6.61338424683, 1.0726249218, -6.16212892532, -2.62548971176, 0.447225898504, 0.203286856413], [-391.373260498, -268.036956787, 7.8595495224, -56.0454559326, 18.0043582916, 139.445068359, 83.1873626709, 90.9074325562, 120.500602722, 32.4116249084, 1.41262841225, 35.1654624939, 3.96872591972], [-233.900085449, -172.822570801, -14.4306974411, -39.146030426, 9.0865020752, 83.1873626709, 58.6565284729, 63.4286689758, 78.3728790283, 28.7460365295, 7.45274066925, 21.4001464844, 1.43961203098], [-270.472015381, -202.933029175, -24.0854148865, -51.633026123, 6.61338424683, 90.9074325562, 63.4286689758, 74.7614517212, 94.493309021, 34.7254066467, 8.84727191925, 25.5044746399, 1.69942331314], [-373.077697754, -284.378479004, -43.5340881348, -82.5986709595, 1.0726249218, 120.500602722, 78.3728790283, 94.493309021, 131.843826294, 49.2368164062, 8.33941459656, 36.305316925, 4.29048490524], [-106.226928711, -99.1577987671, -42.8023872375, -38.3458747864, -6.16212892532, 32.4116249084, 28.7460365295, 34.7254066467, 49.2368164062, 29.154460907, 10.4494628906, 13.1911420822, 1.58096981049], [-4.95851898193, -10.6771383286, -12.2143726349, -6.69075775146, -2.62548971176, 1.41262841225, 7.45274066925, 8.84727191925, 8.33941459656, 10.4494628906, 9.28671360016, 4.2753405571, 0.725877523422], [-113.025680542, -82.5169067383, -6.59056472778, -21.6077289581, 0.447225898504, 35.1654624939, 21.4001464844, 25.5044746399, 36.305316925, 13.1911420822, 4.2753405571, 14.1397075653, 5.09716510773], [-24.086648941, -20.6921386719, -4.07317352295, -2.30043458939, 0.203286856413, 3.96872591972, 1.43961203098, 1.69942331314, 4.29048490524, 1.58096981049, 0.725877523422, 5.09716510773, 6.88846921921]]
    },
    "sccoeffs": {
        "kurt": [1.54615879059, 4.20303058624, 10.1014661789, 11.5949907303, 7.42007541656, 7.29845428467],
        "max": [-0.661919474602, -0.405335217714, -0.732471525669, -0.715085744858, -0.71872061491, -0.764380693436],
        "mean": [-0.83599871397, -0.840543448925, -0.905995726585, -0.907357037067, -0.900700747967, -0.887828886509],
        "median": [-0.843210637569, -0.879306554794, -0.91095495224, -0.915643930435, -0.914124548435, -0.893781125546],
        "min": [-0.935873329639, -0.944552302361, -0.95775192976, -0.968458890915, -0.953576028347, -0.914219379425],
        "skew": [0.909750580788, 2.15375685692, 2.74702453613, 3.13571500778, 2.7425429821, 2.55656671524],
        "var": [0.0018622148782, 0.0116252703592, 0.00093623669818, 0.00102760340087, 0.00157938804477, 0.000405926955864],
        "cov": [[0.00186554028187, 0.00142287020572, 0.000529118871782, 0.000664339982904, 0.000607516383752, 0.000372453650925], [0.00142287020572, 0.0116460295394, 0.00206714146771, 0.00206485204399, 0.00380283477716, 0.00125962821767], [0.000529118871782, 0.00206714146771, 0.000937908596825, 0.000666585227009, 0.000778877583798, 0.000358899094863], [0.000664339982904, 0.00206485204399, 0.000666585227009, 0.00102943845559, 0.000883755099494, 0.000487789249746], [0.000607516383752, 0.00380283477716, 0.000778877583798, 0.000883755099494, 0.00158220843878, 0.000536881270818], [0.000372453650925, 0.00125962821767, 0.000358899094863, 0.000487789249746, 0.000536881270818, 0.000406651844969]]
    },
    "scvalleys": {
        "kurt": [3.54954433441, 5.60850811005, 5.16127872467, 5.86460781097, 5.38424491882, 9.64609146118],
        "max": [-8.21692562103, -7.5656452179, -8.54669284821, -9.13311100006, -10.1782503128, -13.0346193314],
        "mean": [-11.536482811, -11.8654928207, -12.8841314316, -13.3784885406, -13.223651886, -14.9723739624],
        "median": [-11.6845426559, -12.069144249, -13.1709308624, -13.6396007538, -13.5111970901, -15.0874137878],
        "min": [-13.1409835815, -13.1726970673, -14.0032110214, -14.2687988281, -13.9467697144, -15.301525116],
        "skew": [1.55770170689, 2.31649065018, 2.34246706963, 2.42602086067, 2.3296482563, 3.09105181694],
        "var": [0.507008373737, 0.758028507233, 0.849055171013, 0.659743309021, 0.524972140789, 0.151443183422],
        "cov": [[0.507913768291, 0.433978915215, 0.419684380293, 0.362814038992, 0.337025225163, 0.17098236084], [0.433978915215, 0.759382128716, 0.713613152504, 0.609724402428, 0.523763358593, 0.267506331205], [0.419684380293, 0.713613152504, 0.850571334362, 0.694702446461, 0.582649230957, 0.298148572445], [0.362814038992, 0.609724402428, 0.694702446461, 0.660921394825, 0.543448984623, 0.26888525486], [0.337025225163, 0.523763358593, 0.582649230957, 0.543448984623, 0.525909602642, 0.244968309999], [0.17098236084, 0.267506331205, 0.298148572445, 0.26888525486, 0.244968309999, 0.151713609695]]
    }
},
"rhythm": {
    "beats_loudness": {
        "kurt": 16.0809936523,
        "max": 0.00113538349979,
        "mean": 6.49926005281e-05,
        "median": 3.65591645846e-08,
        "min": 1.03229806925e-08,
        "skew": 4.13390731812,
        "var": 5.35906821142e-08
    },
    "bpm": 119.688674927,
    "confidence": 1.20185720921,
    "first_peak_bpm": {
        "kurt": 0,
        "max": 120,
        "mean": 120,
        "median": 120,
        "min": 120,
        "skew": 0,
        "var": 0
    },
    "first_peak_spread": {
        "kurt": 0,
        "max": 0.181818187237,
        "mean": 0.181818187237,
        "median": 0.181818187237,
        "min": 0.181818187237,
        "skew": 0,
        "var": 0
    },
    "first_peak_weight": {
        "kurt": 0,
        "max": 0.391304343939,
        "mean": 0.391304343939,
        "median": 0.391304343939,
        "min": 0.391304343939,
        "skew": 0,
        "var": 0
    },
    "onset_rate": 2.15384984016,
    "second_peak_bpm": {
        "kurt": 0,
        "max": 110,
        "mean": 110,
        "median": 110,
        "min": 110,
        "skew": 0,
        "var": 0
    },
    "second_peak_spread": {
        "kurt": 0,
        "max": 0.375,
        "mean": 0.375,
        "median": 0.375,
        "min": 0.375,
        "skew": 0,
        "var": 0
    },
    "second_peak_weight": {
        "kurt": 0,
        "max": 0.217391297221,
        "mean": 0.217391297221,
        "median": 0.217391297221,
        "min": 0.217391297221,
        "skew": 0,
        "var": 0
    },
    "beats_loudness_band_ratio": {
        "kurt": [-1.27848422527, -0.564306497574, -0.860664606094, 1.89029932022, 1.43545818329, 3.21091270447],
        "max": [0.873638093472, 0.946071743965, 0.21326123178, 0.0965262129903, 0.210876584053, 0.315789163113],
        "mean": [0.414648681879, 0.378955811262, 0.104955591261, 0.0246076285839, 0.051706019789, 0.0691957324743],
        "median": [0.457955241203, 0.248838275671, 0.108603723347, 0.0174786746502, 0.0240652896464, 0.0364306680858],
        "min": [0.000257251347648, 0.0512489937246, 0.0193311348557, 0.000429767911555, 0.00105735601392, 0.000397163879825],
        "skew": [-0.0274783521891, 0.914849460125, 0.243719920516, 1.47519922256, 1.56319308281, 1.98800289631],
        "var": [0.063096113503, 0.0804869756103, 0.00294500612654, 0.000524172384758, 0.00358241214417, 0.0070538725704],
        "cov": [[0.0658394247293, -0.0568522363901, -0.0012577426387, -0.000469113729196, -0.00405831960961, -0.00365769281052], [-0.0568522363901, 0.0839864090085, -0.00358349317685, -0.00362091022544, -0.00713324686512, -0.01191871427], [-0.0012577426387, -0.00358349317685, 0.00307304994203, 0.000577534490731, 0.00115694256965, 0.00166201929096], [-0.000469113729196, -0.00362091022544, 0.000577534490731, 0.000546962488443, 0.00122105632909, 0.00185775803402], [-0.00405831960961, -0.00713324686512, 0.00115694256965, 0.00122105632909, 0.00373816909268, 0.00485330447555], [-0.00365769281052, -0.01191871427, 0.00166201929096, 0.00185775803402, 0.00485330447555, 0.00736056268215]]
    },
    "beats_position": [0.487619042397, 0.986848056316, 1.46285712719, 1.97369611263, 2.47292518616, 2.97215414047, 3.47138309479, 3.97061228752, 4.46984100342, 4.96907043457, 5.46829938889, 5.9675283432, 6.48997735977, 7.02403593063, 7.56970500946, 8.10376358032, 8.64943313599, 9.18349170685, 9.72916126251, 10.2516098022, 10.774058342, 11.2848978043, 11.8305664062, 12.3762359619],
    "bpm_estimates": [120.185325623, 117.453842163, 120.185310364, 120.185333252, 120.185333252, 120.185279846, 120.185394287, 120.185218811, 120.185333252, 120.185333252, 117.453727722],
    "bpm_intervals": [0.49922901392, 0.476009070873, 0.510838985443, 0.499229073524, 0.499228954315, 0.499228954315, 0.499229192734, 0.499228715897, 0.499229431152, 0.499228954315, 0.499228954315, 0.522449016571, 0.534058570862, 0.545669078827, 0.534058570862, 0.545669555664, 0.534058570862, 0.545669555664, 0.522448539734, 0.522448539734, 0.51083946228, 0.54566860199, 0.545669555664],
    "onset_times": [0.267029464245, 0.46439909935, 0.917188227177, 0.975238084793, 1.19582772255, 1.83437645435, 2.47292518616, 3.47138333321, 4.446621418, 5.46829938889, 5.58439922333, 5.73532867432, 5.85142850876, 6.35065746307, 6.46675729752, 6.59446716309, 6.73378705978, 7.46521520615, 8.46367359161, 9.47374153137, 9.58984088898, 9.72916126251, 9.89170074463, 10.0426301956, 10.2167797089, 11.4590473175, 12.4575052261, 12.8870744705],
    "histogram": [[0, 0, 0, 0, 0, 0, 0, 0, 0, 0, 0, 0, 0, 0, 0, 0, 0, 0, 0, 0, 0, 0, 0, 0, 0, 0, 0, 0, 0, 0, 0, 0, 0, 0, 0, 0, 0, 0, 0, 0, 0, 0, 0, 0, 0, 0, 0, 0, 0, 0, 0, 0, 0, 0, 0, 0, 0, 0, 0, 0, 0, 0, 0, 0, 0, 0, 0, 0, 0, 0, 0, 0, 0, 0, 0, 0, 0, 0, 0, 0, 0, 0, 0, 0, 0, 0, 0, 0, 0, 0, 0, 0, 0, 0, 0, 0, 0, 0, 0, 0, 0, 0, 0, 0, 0, 0, 0, 0, 0, 0, 0.217391297221, 0, 0.130434781313, 0, 0, 0.130434781313, 0, 0.0869565233588, 0, 0, 0.391304343939, 0, 0, 0, 0, 0, 0.0434782616794, 0, 0, 0, 0, 0, 0, 0, 0, 0, 0, 0, 0, 0, 0, 0, 0, 0, 0, 0, 0, 0, 0, 0, 0, 0, 0, 0, 0, 0, 0, 0, 0, 0, 0, 0, 0, 0, 0, 0, 0, 0, 0, 0, 0, 0, 0, 0, 0, 0, 0, 0, 0, 0, 0, 0, 0, 0, 0, 0, 0, 0, 0, 0, 0, 0, 0, 0, 0, 0, 0, 0, 0, 0, 0, 0, 0, 0, 0, 0, 0, 0, 0, 0, 0, 0, 0, 0, 0, 0, 0, 0, 0, 0, 0, 0, 0, 0, 0, 0, 0, 0, 0, 0, 0, 0, 0, 0, 0, 0, 0, 0, 0, 0, 0, 0, 0, 0, 0, 0, 0, 0, 0, 0]]
},
"sfx": {
    "inharmonicity": {
        "kurt": 2.4287405014,
        "max": 0.369197636843,
        "mean": 0.06604475528,
        "median": 0.042256962508,
        "min": 0,
        "skew": 1.62432992458,
        "var": 0.00563202379271
    },
    "oddtoevenharmonicenergyratio": {
        "kurt": 303.431793213,
        "max": 78.9267120361,
        "mean": 0.81339943409,
        "median": 0.166776537895,
        "min": 0,
        "skew": 16.0225963593,
        "var": 14.9066524506
    },
    "pitch_after_max_to_before_max_energy_ratio": 2.5619893074,
    "pitch_centroid": 242.855987549,
    "pitch_max_to_total": 0.0392156876624,
    "pitch_min_to_total": 0.647058844566,
    "tristimulus": {
        "kurt": [-0.30039024353, -0.630153179169, -0.0740008354187],
        "max": [1, 0.883094906807, 0.688846051693],
        "mean": [0.45821043849, 0.276681661606, 0.265107810497],
        "median": [0.397914201021, 0.285385757685, 0.267543315887],
        "min": [0, 0, 0],
        "skew": [0.538806438446, 0.220281004906, -0.133206933737],
        "var": [0.0649193376303, 0.0341874696314, 0.0169849637896],
        "cov": [[0.0650352686644, -0.0411342345178, -0.0239010155201], [-0.0411342345178, 0.0342485196888, 0.00688570505008], [-0.0239010155201, 0.00688570505008, 0.0170152932405]]
    }
},
"tonal": {
    "chords_changes_rate": 0.188612103462,
    "chords_number_rate": 0.0355871878564,
    "chords_strength": {
        "kurt": 0.413952589035,
        "max": 0.578589856625,
        "mean": 0.379724055529,
        "median": 0.36752191186,
        "min": 0.240258201957,
        "skew": 0.748079717159,
        "var": 0.00438161147758
    },
    "key_strength": 0.381041884422,
    "tuning_diatonic_strength": 0.320719480515,
    "tuning_equal_tempered_deviation": 0.154473379254,
    "tuning_frequency": 444.855529785,
    "tuning_nontempered_energy_ratio": 0.803450524807,
    "hpcp": {
        "kurt": [12.6900062561, 7.51392936707, 6.98473739624, 2.94397974014, 3.08929920197, 4.64484024048, 7.70058250427, 5.3959274292, 3.23909473419, 3.21214962006, 1.91312885284, 0.420470714569, 0.446932315826, 1.86578798294, 2.43961620331, 3.16973352432, 6.52070713043, 20.8420810699, 15.1651058197, 8.40684700012, 0.172671318054, -1.47910988331, 0.276859045029, 6.50733661652, 6.84248352051, 10.9894342422, 7.26229667664, 7.65369701385, 9.52711582184, 7.7027759552, 5.94250106812, 7.88051700592, 11.9748878479, 16.3912506104, 13.1861763, 12.8203134537],
        "max": [1, 1, 1, 1, 1, 1, 1, 1, 1, 1, 1, 1, 1, 1, 1, 1, 0.994747817516, 1, 1, 1, 1, 1, 1, 1, 1, 1, 1, 1, 1, 1, 1, 1, 1, 1, 1, 0.987961828709],
