{
"metadata": {
    "version": {
        "essentia": "2.1-beta3"
    }
},
"lowLevel": {
    "average_loudness": 0.99068403244,
    "barkbands_kurtosis": {
        "kurt": 9.95557022095,
        "max": 10.5098800659,
        "mean": 0.557817399502,
        "median": -0.0763108730316,
        "min": -1.37368690968,
        "skew": 2.77437186241,
        "var": 3.87066030502
    },
    "barkbands_skewness": {
        "kurt": 0.138008356094,
        "max": 2.29613184929,
        "mean": 0.880906045437,
        "median": 0.835585951805,
        "min": -0.602395892143,
        "skew": 0.0417884476483,
        "var": 0.310169041157
    },
    "barkbands_spread": {
        "kurt": -0.139394521713,
        "max": 26.3188018799,
        "mean": 17.4072818756,
        "median": 17.0137081146,
        "min": 7.1862912178,
        "skew": -0.0859960019588,
        "var": 17.7643737793
    },
    "dissonance": {
        "kurt": 19.7862491608,
        "max": 0.495047092438,
        "mean": 0.458418548107,
        "median": 0.465512424707,
        "min": 0.244930535555,
        "skew": -3.73421478271,
        "var": 0.00123315758538
    },
    "hfc": {
        "kurt": 19.6011943817,
        "max": 23.7399730682,
        "mean": 3.52487111092,
        "median": 2.49490666389,
        "min": 0.00548258563504,
        "skew": 3.91387271881,
        "var": 11.3360757828
    },
    "pitch": {
        "kurt": 2.32783031464,
        "max": 649.625061035,
        "mean": 250.664505005,
        "median": 248.31010437,
        "min": 121.012825012,
        "skew": 1.64834618568,
        "var": 12557.5595703
    },
    "pitch_instantaneous_confidence": {
        "kurt": -0.881177902222,
        "max": 0.714389503002,
        "mean": 0.392344027758,
        "median": 0.366158723831,
        "min": 0.151640295982,
        "skew": 0.458433359861,
        "var": 0.0219984315336
    },
    "pitch_salience": {
        "kurt": 0.948820114136,
        "max": 0.951021671295,
        "mean": 0.676069140434,
        "median": 0.668098330498,
        "min": 0.532903432846,
        "skew": 0.712143659592,
        "var": 0.00648798560724
    },
    "silence_rate_20dB": {
        "kurt": 0,
        "max": 1,
        "mean": 1,
        "median": 1,
        "min": 1,
        "skew": 0,
        "var": 0
    },
    "silence_rate_30dB": {
        "kurt": 0,
        "max": 1,
        "mean": 1,
        "median": 1,
        "min": 1,
        "skew": 0,
        "var": 0
    },
    "silence_rate_60dB": {
        "kurt": -1.66316998005,
        "max": 1,
        "mean": 0.360655725002,
        "median": 0,
        "min": 0,
        "skew": 0.580371081829,
        "var": 0.230583190918
    },
    "spectral_centroid": {
        "kurt": 1.38644456863,
        "max": 1534.09777832,
        "mean": 757.214477539,
        "median": 734.260009766,
        "min": 404.84753418,
        "skew": 0.969568371773,
        "var": 45822.4882812
    },
    "spectral_complexity": {
        "kurt": 0.820734262466,
        "max": 19,
        "mean": 11.2295084,
        "median": 11,
        "min": 0,
        "skew": -0.507823705673,
        "var": 11.6522455215
    },
    "spectral_crest": {
        "kurt": -0.160618066788,
        "max": 12.348528862,
        "mean": 6.68243837357,
        "median": 6.37863540649,
        "min": 3.65370345116,
        "skew": 0.853593826294,
        "var": 4.99449586868
    },
    "spectral_decrease": {
        "kurt": 5.49580669403,
        "max": -1.85698136555e-12,
        "mean": -1.03799524531e-09,
        "median": -8.56087034595e-10,
        "min": -3.52961726513e-09,
        "skew": -1.95841646194,
        "var": 3.21564705371e-19
    },
    "spectral_energy": {
        "kurt": 6.82185649872,
        "max": 0.0154748754576,
        "mean": 0.00423734821379,
        "median": 0.00347315636463,
        "min": 7.50595654608e-06,
        "skew": 2.17358422279,
        "var": 5.86449141338e-06
    },
    "spectral_energyband_high": {
        "kurt": 5.54367256165,
        "max": 7.35289722797e-05,
        "mean": 1.73822991201e-05,
        "median": 1.30510270537e-05,
        "min": 8.99011212141e-08,
        "skew": 2.08646082878,
        "var": 1.85731263702e-10
    },
    "spectral_energyband_low": {
        "kurt": 8.9708108902,
        "max": 0.00232993834652,
        "mean": 0.000490404199809,
        "median": 0.000388634187402,
        "min": 2.68692559757e-07,
        "skew": 2.35453534126,
        "var": 1.29805684423e-07
    },
    "spectral_energyband_middle_high": {
        "kurt": 20.4584693909,
        "max": 0.0134370308369,
        "mean": 0.00164702511393,
        "median": 0.00103760580532,
        "min": 1.12986424483e-06,
        "skew": 4.10372924805,
        "var": 3.82539792554e-06
    },
    "spectral_energyband_middle_low": {
        "kurt": 2.76479434967,
        "max": 0.00580874504521,
        "mean": 0.00223972811364,
        "median": 0.00184385769535,
        "min": 6.23178993919e-06,
        "skew": 1.36469566822,
        "var": 9.93634785118e-07
    },
    "spectral_flatness_db": {
        "kurt": -0.282924175262,
        "max": 0.192670315504,
        "mean": 0.161358296871,
        "median": 0.163458779454,
        "min": 0.115051582456,
        "skew": -0.411119878292,
        "var": 0.00033965962939
    },
    "spectral_flux": {
        "kurt": 2.3907699585,
        "max": 0.0801690518856,
        "mean": 0.0403569638729,
        "median": 0.0375901721418,
        "min": 0.0228461902589,
        "skew": 1.30580687523,
        "var": 0.000112495297799
    },
    "spectral_kurtosis": {
        "kurt": 0.214867830276,
        "max": 17.8819198608,
        "mean": 10.4414205551,
        "median": 9.71300601959,
        "min": 4.05424022675,
        "skew": 0.470444262028,
        "var": 7.88012647629
    },
    "spectral_rms": {
        "kurt": 3.33694124222,
        "max": 0.00388554227538,
        "mean": 0.00195909384638,
        "median": 0.00184077303857,
        "min": 8.55738544487e-05,
        "skew": 0.452556997538,
        "var": 2.95950314921e-07
    },
    "spectral_rolloff": {
        "kurt": -0.0287642478943,
        "max": 2497.8515625,
        "mean": 1379.89025879,
        "median": 1291.9921875,
        "min": 581.396484375,
        "skew": 0.774289369583,
        "var": 230825.296875
    },
    "spectral_skewness": {
        "kurt": 0.522541046143,
        "max": 3.431630373,
        "mean": 2.54188966751,
        "median": 2.5100877285,
        "min": 1.95909619331,
        "skew": 0.64822947979,
        "var": 0.0819933265448
    },
    "spectral_spread": {
        "kurt": 39.1769256592,
        "max": 23231476,
        "mean": 3372299.5,
        "median": 2884389.25,
        "min": 2090663.5,
        "skew": 6.1176776886,
        "var": 7.84346801766e+12
    },
    "spectral_strongpeak": {
        "kurt": 9.2320022583,
        "max": 3.42087817192,
        "mean": 0.428370445967,
        "median": 0.178951382637,
        "min": 0.00199771323241,
        "skew": 2.72289729118,
        "var": 0.347254633904
    },
    "zerocrossingrate": {
        "kurt": 1.08755159378,
        "max": 0.07177734375,
        "mean": 0.0466668792069,
        "median": 0.046875,
        "min": 0.0048828125,
        "skew": -0.660533249378,
        "var": 0.000156890819198
    },
    "barkbands": {
        "kurt": [10.3043107986, 1.54529190063, 10.6299562454, 1.39375400543, 0.538007259369, 3.36505746841, 4.70728254318, 4.39803695679, 4.52484560013, 31.4896888733, 3.51092481613, 27.4962024689, 13.9187355042, 18.0141429901, 2.76342058182, 9.59627723694, 20.0105895996, 31.1122627258, 18.5084476471, 1.93410730362, 7.0160779953, 29.5868759155, 9.01730823517, 29.7224769592, 39.7527389526, 51.045539856, 55.9858360291],
        "max": [4.3656269554e-05, 0.00054058880778, 0.00133670039941, 0.00115737877786, 0.00204890943132, 0.00148658244871, 0.00232849130407, 0.00108612480108, 0.000610793707892, 0.00127641239669, 0.00264383363537, 0.00186099181883, 0.000590748153627, 0.00269768247381, 0.000332381227054, 0.000939445162658, 0.00185860111378, 0.00144242926035, 0.000336208730005, 5.16649488418e-05, 3.60488847946e-05, 2.35389470618e-05, 3.8303905967e-06, 4.6182776714e-06, 2.54236147157e-06, 3.62949748478e-07, 3.50140680894e-07],
        "mean": [6.10175811744e-06, 0.000146235412103, 0.000201120856218, 0.000301314023091, 0.000712749839295, 0.000391137728002, 0.000435526162619, 0.000207642369787, 0.000157342845341, 0.000161425938131, 0.000497862230986, 0.000118039904919, 8.56423721416e-05, 0.000264505215455, 7.42733900552e-05, 0.000130932414322, 0.000171725987457, 0.000105732033262, 4.32210799772e-05, 1.35194295581e-05, 7.25734116713e-06, 2.72213128483e-06, 7.56000588353e-07, 3.80562084956e-07, 1.66855656403e-07, 1.14965708065e-08, 5.97046589945e-09],
        "median": [3.58832403435e-06, 0.000105537001218, 0.000157275557285, 0.000195793167222, 0.000667839194648, 0.000309304421535, 0.000263045745669, 0.000137521594297, 0.000137881215778, 0.000120115699247, 0.000223146591452, 6.18504200247e-05, 5.69567018829e-05, 0.00014779639605, 4.89775629831e-05, 7.16742943041e-05, 7.50335457269e-05, 4.4799369789e-05, 3.27719753841e-05, 8.99089991435e-06, 4.92286426379e-06, 2.05372339224e-06, 6.04105764523e-07, 2.09285261121e-07, 9.35281008196e-08, 3.38318062454e-09, 8.15283465738e-11],
        "min": [3.8106193756e-08, 1.04933320699e-07, 9.73960680994e-08, 8.65175167064e-08, 1.68067401773e-07, 3.7357523297e-07, 8.85864665179e-07, 1.84095358691e-06, 2.46229956247e-06, 8.3960350139e-07, 1.33646537392e-07, 1.82020869488e-07, 3.88743721658e-08, 4.79366768502e-08, 6.34901908825e-09, 2.09139852103e-08, 1.04106687715e-08, 8.4080475915e-09, 4.6448757729e-08, 4.44625847251e-08, 2.99400824133e-08, 9.63511048724e-09, 6.14929041021e-09, 5.28575139214e-09, 5.31713029162e-09, 1.16854936838e-09, 2.27432846861e-11],
        "skew": [2.78895688057, 1.46979367733, 2.87122869492, 1.34374630451, 0.875613629818, 1.68395423889, 2.14897584915, 2.0339615345, 1.75665462017, 5.09857797623, 1.95275259018, 5.27270269394, 3.24532198906, 4.0110168457, 1.73924016953, 2.93204498291, 4.06869792938, 5.18988466263, 3.86367273331, 1.41706991196, 2.49778699875, 4.91183853149, 2.49710869789, 5.10251617432, 6.05855131149, 7.16239070892, 7.61381149292],
        "var": [5.24596442675e-11, 1.5410289933e-08, 4.74818300233e-08, 7.13289196597e-08, 1.67855972677e-07, 8.11019447156e-08, 2.08289932857e-07, 4.30929709694e-08, 1.18784662106e-08, 2.71662159435e-08, 3.7260323893e-07, 7.76610917796e-08, 8.31828828041e-09, 1.78122931516e-07, 4.72876093838e-09, 2.70136002456e-08, 7.81188376209e-08, 3.93570616097e-08, 2.47491627192e-09, 1.09281229899e-10, 4.43474250378e-11, 9.75070198195e-12, 3.74963216943e-13, 4.05668635619e-13, 1.10707043576e-13, 2.15235624699e-15, 1.97473492026e-15],
        "cov": [[5.33339691855e-11, 7.61261886861e-11, -1.76014047087e-11, 3.02645131178e-10, 6.79814982085e-10, 2.94244933974e-10, 1.71186664844e-09, 7.31538551957e-10, 7.43607536657e-11, -8.77361794327e-11, 2.83901541165e-10, -1.4382287028e-10, 5.86715120932e-11, -1.31590932595e-10, 1.8065898777e-10, 1.59873697614e-10, 3.79146519736e-10, -1.37057185046e-10, 2.15173209112e-11, 2.43081561824e-11, 7.95132015785e-12, 4.87884689246e-12, 1.34242649549e-12, 5.25570255719e-13, 2.3637515556e-13, 4.19917667803e-14, 3.70591042933e-14], [7.61261886861e-11, 1.56671280394e-08, 6.98309943203e-09, 6.1401950191e-09, 1.05741069234e-08, -5.37328181949e-10, 1.6977378392e-09, 3.07245617837e-10, 4.32628877167e-10, 5.1810005175e-09, 6.8907857198e-09, 2.25891388927e-10, 1.23610732761e-09, 4.98667018789e-09, 1.50427437173e-09, 7.92861831744e-10, 1.3873378002e-09, 2.33714558817e-09, 2.64843946773e-09, 3.55088597415e-10, 1.05864282618e-10, 4.34509060676e-11, 5.94878790325e-12, -6.00036838792e-13, -4.22112729969e-13, 2.91597719278e-13, 2.02469185623e-13], [-1.76014047087e-11, 6.98309943203e-09, 4.82731934426e-08, 1.99994136807e-08, 1.89146174279e-08, -4.81248996209e-09, 2.4045656577e-09, 5.41589262326e-09, 3.33152083698e-09, -1.34093602888e-09, -2.28301182403e-08, -6.97386237647e-09, -1.18072140953e-09, -1.27760255708e-08, -1.41750500227e-09, -7.4831900676e-09, -5.75306335904e-09, -4.60254989676e-09, -1.30635544049e-10, 4.76325263954e-11, -9.0214502535e-11, -4.05220683397e-11, -1.02013154868e-11, -7.68570103393e-12, -3.32159581957e-12, -5.34233844229e-13, -5.46116212148e-13], [3.02645131178e-10, 6.1401950191e-09, 1.99994136807e-08, 7.25177358163e-08, -6.64775012815e-10, -9.35178867678e-09, 4.85752993384e-09, 3.79935816142e-09, -2.99304603324e-09, 1.23831445098e-09, -6.35383612391e-09, -5.89695625663e-09, -7.76924136137e-10, -4.77173101032e-09, 3.20411386312e-09, 2.02234429203e-09, 2.96028956903e-09, -2.05991024238e-09, 1.90088189633e-09, 1.61668720078e-10, -4.19786566619e-11, -3.26228141723e-11, 1.89669894374e-11, 2.36835529487e-12, -9.11805028182e-13, -1.43509542357e-12, -1.50000292135e-12], [6.79814982085e-10, 1.05741069234e-08, 1.89146174279e-08, -6.64775012815e-10, 1.70653564169e-07, 5.76672132269e-09, 5.53758567889e-08, 2.38201227631e-08, 3.25907989485e-09, 7.46175921051e-09, 6.16769355588e-08, 8.98497365398e-09, 5.30580734903e-09, 8.82085071652e-09, 6.13972250818e-09, 7.85387221924e-09, 1.58251722837e-08, 5.68682390067e-09, 4.73437555826e-09, 1.16257059535e-09, 6.18704698585e-10, 2.37382807855e-10, 6.43924635835e-11, 4.95045116011e-11, 2.36494001465e-11, 7.04264229399e-13, -5.75419228867e-14], [2.94244933974e-10, -5.37328181949e-10, -4.81248996209e-09, -9.35178867678e-09, 5.76672132269e-09, 8.24536456889e-08, 4.37536478159e-08, 2.29786802919e-08, 1.33169708594e-09, -4.65511407199e-09, 3.5882010252e-08, -7.33259764019e-09, -1.24468235718e-09, -1.31068240705e-08, -2.38788611107e-09, -2.73040612342e-09, -5.0331944168e-10, -8.91768214828e-10, -6.34967523006e-10, 3.54185847318e-10, 1.263115567e-11, 1.07973373298e-10, 3.79866832434e-11, 1.33031450439e-11, 4.49914194442e-12, 9.23508556953e-13, 8.66399942241e-13], [1.71186664844e-09, 1.6977378392e-09, 2.4045656577e-09, 4.85752993384e-09, 5.53758567889e-08, 4.37536478159e-08, 2.11761431501e-07, 5.69664422301e-08, -3.46009731977e-09, 3.95441857037e-09, 1.26086547425e-07, 2.64376058823e-08, 1.68777987142e-08, 4.46536212451e-08, 6.12665518318e-09, 2.33559092067e-08, 3.60603173988e-08, 1.83314998736e-08, 4.96795005134e-09, 2.40002639984e-09, 7.89267651236e-10, 5.64686297722e-10, 1.42575520834e-10, 8.65716665022e-11, 3.61790458703e-11, 1.29696749759e-13, -8.89688713326e-13], [7.31538551957e-10, 3.07245617837e-10, 5.41589262326e-09, 3.79935816142e-09, 2.38201227631e-08, 2.29786802919e-08, 5.69664422301e-08, 4.38111875667e-08, 5.65970825761e-09, -2.84723067345e-09, 2.47259084318e-08, -4.75041828096e-09, 1.28457011694e-09, -6.43440323245e-09, 3.35774630322e-09, 1.5047222357e-09, 1.31009212367e-08, 2.46955988992e-09, 2.66348632039e-09, 9.12644793072e-10, 3.64950542009e-10, 2.78665424069e-10, 7.46501124804e-11, 5.55477226716e-11, 3.06368506953e-11, 3.78612332458e-12, 2.9388381919e-12], [7.43607536657e-11, 4.32628877167e-10, 3.33152083698e-09, -2.99304603324e-09, 3.25907989485e-09, 1.33169708594e-09, -3.46009731977e-09, 5.65970825761e-09, 1.20764402922e-08, 5.72557723455e-10, -9.4572278897e-09, -2.79088019361e-09, -1.01868724567e-09, -3.92440968611e-09, -5.78366021742e-10, -2.43535414057e-09, -2.0858463845e-09, -3.08208192301e-09, -3.88532234163e-10, -8.79561267569e-12, 4.27266659553e-11, 3.78260305023e-11, 7.97139611264e-12, 7.05485192834e-12, 5.97989279622e-12, 2.21622828596e-12, 2.10032555584e-12], [-8.77361794327e-11, 5.1810005175e-09, -1.34093602888e-09, 1.23831445098e-09, 7.46175921051e-09, -4.65511407199e-09, 3.95441857037e-09, -2.84723067345e-09, 5.72557723455e-10, 2.76189862092e-08, 5.46256337941e-08, 3.80136278011e-08, 6.9462902097e-09, 5.17800522459e-08, 3.29019500533e-09, 1.90567668312e-08, 3.52029516648e-08, 2.65095643215e-08, 3.22881565928e-09, 8.1925038975e-10, 5.60504642699e-10, 6.40758539977e-12, 3.4318322923e-12, 2.10618085472e-11, 1.12327616826e-12, 2.25722259352e-13, 3.33811266389e-13], [2.83901541165e-10, 6.8907857198e-09, -2.28301182403e-08, -6.35383612391e-09, 6.16769355588e-08, 3.5882010252e-08, 1.26086547425e-07, 2.47259084318e-08, -9.4572278897e-09, 5.46256337941e-08, 3.78813297175e-07, 1.02244911204e-07, 3.16335508899e-08, 1.72034930301e-07, 1.35846702776e-08, 6.15963315909e-08, 9.68439337612e-08, 8.10235860627e-08, 1.34347724057e-08, 2.84172485543e-09, 1.52601742354e-09, 2.96277391509e-10, 8.94567128706e-11, 5.26200992501e-11, 4.44847847794e-12, -2.21177026347e-12, -1.98956129349e-12], [-1.4382287028e-10, 2.25891388927e-10, -6.97386237647e-09, -5.89695625663e-09, 8.98497365398e-09, -7.33259764019e-09, 2.64376058823e-08, -4.75041828096e-09, -2.79088019361e-09, 3.80136278011e-08, 1.02244911204e-07, 7.89554377434e-08, 1.94136369203e-08, 1.05302689235e-07, 4.28316404566e-09, 3.72939368276e-08, 5.56132171425e-08, 4.75154529056e-08, 5.25357535253e-09, 1.27460952903e-09, 9.67292246301e-10, 3.60370934482e-11, 1.22658714782e-11, 4.13735885829e-11, 6.06389808158e-12, -2.6839216071e-13, -1.3778062892e-13], [5.86715120932e-11, 1.23610732761e-09, -1.18072140953e-09, -7.76924136137e-10, 5.30580734903e-09, -1.24468235718e-09, 1.68777987142e-08, 1.28457011694e-09, -1.01868724567e-09, 6.9462902097e-09, 3.16335508899e-08, 1.94136369203e-08, 8.45692582629e-09, 2.9235645016e-08, 1.49663548221e-09, 9.44074241005e-09, 1.10559268407e-08, 1.08849302904e-08, 2.17942952574e-09, 4.68322824965e-10, 2.52646598087e-10, 5.22811377524e-11, 1.23851094311e-11, 1.34243224176e-11, 3.85285206517e-12, 8.79123434206e-14, 4.06513303651e-14], [-1.31590932595e-10, 4.98667018789e-09, -1.27760255708e-08, -4.77173101032e-09, 8.82085071652e-09, -1.31068240705e-08, 4.46536212451e-08, -6.43440323245e-09, -3.92440968611e-09, 5.17800522459e-08, 1.72034930301e-07, 1.05302689235e-07, 2.9235645016e-08, 1.81091635909e-07, 9.01028940348e-09, 5.35430260129e-08, 7.95020937971e-08, 7.55439515387e-08, 9.59446655457e-09, 2.10854156357e-09, 1.47611356471e-09, 1.74325928692e-10, 3.87074747255e-11, 5.99495661446e-11, 8.82262665702e-12, -1.36278347548e-12, -1.23817427665e-12], [1.8065898777e-10, 1.50427437173e-09, -1.41750500227e-09, 3.20411386312e-09, 6.13972250818e-09, -2.38788611107e-09, 6.12665518318e-09, 3.35774630322e-09, -5.78366021742e-10, 3.29019500533e-09, 1.35846702776e-08, 4.28316404566e-09, 1.49663548221e-09, 9.01028940348e-09, 4.80757389454e-09, 7.08490688339e-09, 9.05317332212e-09, 4.07793043777e-09, 1.05070929735e-09, 1.72485609129e-10, 8.15330650217e-11, 4.09914116539e-11, 8.18161077082e-12, 4.36613722607e-12, 1.03642463535e-12, -1.9334845682e-13, -1.99390051453e-13], [1.59873697614e-10, 7.92861831744e-10, -7.4831900676e-09, 2.02234429203e-09, 7.85387221924e-09, -2.73040612342e-09, 2.33559092067e-08, 1.5047222357e-09, -2.43535414057e-09, 1.90567668312e-08, 6.15963315909e-08, 3.72939368276e-08, 9.44074241005e-09, 5.35430260129e-08, 7.08490688339e-09, 2.74638285447e-08, 3.44903554605e-08, 2.31289085662e-08, 2.92927793133e-09, 6.61130650226e-10, 4.28354379745e-10, 6.41337330465e-11, 1.46092599823e-11, 1.70494434543e-11, 1.05821319589e-12, -7.51411953492e-13, -6.22527908129e-13], [3.79146519736e-10, 1.3873378002e-09, -5.75306335904e-09, 2.96028956903e-09, 1.58251722837e-08, -5.0331944168e-10, 3.60603173988e-08, 1.31009212367e-08, -2.0858463845e-09, 3.52029516648e-08, 9.68439337612e-08, 5.56132171425e-08, 1.10559268407e-08, 7.95020937971e-08, 9.05317332212e-09, 3.44903554605e-08, 7.9420821919e-08, 4.59328326485e-08, 6.23981710746e-09, 1.63084168392e-09, 9.87484649606e-10, 9.0945959097e-11, 3.62521158925e-11, 3.57917098737e-11, 4.04158000469e-12, -1.014939543e-12, -9.0551052984e-13], [-1.37057185046e-10, 2.33714558817e-09, -4.60254989676e-09, -2.05991024238e-09, 5.68682390067e-09, -8.91768214828e-10, 1.83314998736e-08, 2.46955988992e-09, -3.08208192301e-09, 2.65095643215e-08, 8.10235860627e-08, 4.75154529056e-08, 1.08849302904e-08, 7.55439515387e-08, 4.07793043777e-09, 2.31289085662e-08, 4.59328326485e-08, 4.00130097944e-08, 5.09513720104e-09, 1.2067349342e-09, 8.29451785034e-10, 8.75070640949e-11, 2.42936816497e-11, 3.402717344e-11, 7.03653585052e-12, -4.58661320729e-13, -5.0400655871e-13], [2.15173209112e-11, 2.64843946773e-09, -1.30635544049e-10, 1.90088189633e-09, 4.73437555826e-09, -6.34967523006e-10, 4.96795005134e-09, 2.66348632039e-09, -3.88532234163e-10, 3.22881565928e-09, 1.34347724057e-08, 5.25357535253e-09, 2.17942952574e-09, 9.59446655457e-09, 1.05070929735e-09, 2.92927793133e-09, 6.23981710746e-09, 5.09513720104e-09, 2.51616483204e-09, 2.61790894518e-10, 1.58550922391e-10, 4.15576288659e-11, 1.39474881297e-11, 1.04432148693e-11, 3.72358090542e-12, 1.02216290445e-13, -1.83542417376e-14], [2.43081561824e-11, 3.55088597415e-10, 4.76325263954e-11, 1.61668720078e-10, 1.16257059535e-09, 3.54185847318e-10, 2.40002639984e-09, 9.12644793072e-10, -8.79561267569e-12, 8.1925038975e-10, 2.84172485543e-09, 1.27460952903e-09, 4.68322824965e-10, 2.10854156357e-09, 1.72485609129e-10, 6.61130650226e-10, 1.63084168392e-09, 1.2067349342e-09, 2.61790894518e-10, 1.11102585465e-10, 4.71047437167e-11, 1.77253489664e-11, 3.55446379795e-12, 3.46618762338e-12, 1.43601352597e-12, 7.44286969838e-14, 3.46891061069e-14], [7.95132015785e-12, 1.05864282618e-10, -9.0214502535e-11, -4.19786566619e-11, 6.18704698585e-10, 1.263115567e-11, 7.89267651236e-10, 3.64950542009e-10, 4.27266659553e-11, 5.60504642699e-10, 1.52601742354e-09, 9.67292246301e-10, 2.52646598087e-10, 1.47611356471e-09, 8.15330650217e-11, 4.28354379745e-10, 9.87484649606e-10, 8.29451785034e-10, 1.58550922391e-10, 4.71047437167e-11, 4.50865490775e-11, 1.09778245522e-11, 2.29455885715e-12, 2.63164555252e-12, 1.1424884476e-12, 3.62290458863e-14, 6.01709378192e-15], [4.87884689246e-12, 4.34509060676e-11, -4.05220683397e-11, -3.26228141723e-11, 2.37382807855e-10, 1.07973373298e-10, 5.64686297722e-10, 2.78665424069e-10, 3.78260305023e-11, 6.40758539977e-12, 2.96277391509e-10, 3.60370934482e-11, 5.22811377524e-11, 1.74325928692e-10, 4.09914116539e-11, 6.41337330465e-11, 9.0945959097e-11, 8.75070640949e-11, 4.15576288659e-11, 1.77253489664e-11, 1.09778245522e-11, 9.91321347926e-12, 1.65867124723e-12, 1.75791033206e-12, 9.36907235821e-13, 2.78722289931e-14, 1.44110808102e-15], [1.34242649549e-12, 5.94878790325e-12, -1.02013154868e-11, 1.89669894374e-11, 6.43924635835e-11, 3.79866832434e-11, 1.42575520834e-10, 7.46501124804e-11, 7.97139611264e-12, 3.4318322923e-12, 8.94567128706e-11, 1.22658714782e-11, 1.23851094311e-11, 3.87074747255e-11, 8.18161077082e-12, 1.46092599823e-11, 3.62521158925e-11, 2.42936816497e-11, 1.39474881297e-11, 3.55446379795e-12, 2.29455885715e-12, 1.65867124723e-12, 3.8121258537e-13, 3.23275233622e-13, 1.6336977886e-13, 7.99458918255e-15, 3.38331683023e-15], [5.25570255719e-13, -6.00036838792e-13, -7.68570103393e-12, 2.36835529487e-12, 4.95045116011e-11, 1.33031450439e-11, 8.65716665022e-11, 5.55477226716e-11, 7.05485192834e-12, 2.10618085472e-11, 5.26200992501e-11, 4.13735885829e-11, 1.34243224176e-11, 5.99495661446e-11, 4.36613722607e-12, 1.70494434543e-11, 3.57917098737e-11, 3.402717344e-11, 1.04432148693e-11, 3.46618762338e-12, 2.63164555252e-12, 1.75791033206e-12, 3.23275233622e-13, 4.12429774577e-13, 2.06543468309e-13, 9.25857240403e-15, 3.57324194579e-15], [2.3637515556e-13, -4.22112729969e-13, -3.32159581957e-12, -9.11805028182e-13, 2.36494001465e-11, 4.49914194442e-12, 3.61790458703e-11, 3.06368506953e-11, 5.97989279622e-12, 1.12327616826e-12, 4.44847847794e-12, 6.06389808158e-12, 3.85285206517e-12, 8.82262665702e-12, 1.03642463535e-12, 1.05821319589e-12, 4.04158000469e-12, 7.03653585052e-12, 3.72358090542e-12, 1.43601352597e-12, 1.1424884476e-12, 9.36907235821e-13, 1.6336977886e-13, 2.06543468309e-13, 1.12552159162e-13, 5.94017302591e-15, 2.77157078924e-15], [4.19917667803e-14, 2.91597719278e-13, -5.34233844229e-13, -1.43509542357e-12, 7.04264229399e-13, 9.23508556953e-13, 1.29696749759e-13, 3.78612332458e-12, 2.21622828596e-12, 2.25722259352e-13, -2.21177026347e-12, -2.6839216071e-13, 8.79123434206e-14, -1.36278347548e-12, -1.9334845682e-13, -7.51411953492e-13, -1.014939543e-12, -4.58661320729e-13, 1.02216290445e-13, 7.44286969838e-14, 3.62290458863e-14, 2.78722289931e-14, 7.99458918255e-15, 9.25857240403e-15, 5.94017302591e-15, 2.18822872759e-15, 2.0504274785e-15], [3.70591042933e-14, 2.02469185623e-13, -5.46116212148e-13, -1.50000292135e-12, -5.75419228867e-14, 8.66399942241e-13, -8.89688713326e-13, 2.9388381919e-12, 2.10032555584e-12, 3.33811266389e-13, -1.98956129349e-12, -1.3778062892e-13, 4.06513303651e-14, -1.23817427665e-12, -1.99390051453e-13, -6.22527908129e-13, -9.0551052984e-13, -5.0400655871e-13, -1.83542417376e-14, 3.46891061069e-14, 6.01709378192e-15, 1.44110808102e-15, 3.38331683023e-15, 3.57324194579e-15, 2.77157078924e-15, 2.0504274785e-15, 2.00764723246e-15]]
    },
    "mfcc": {
        "kurt": [23.4610176086, 9.68749237061, 3.93537902832, 6.10080051422, 2.01710700989, 0.759409189224, 0.141230344772, -0.386091709137, -0.574957847595, -0.576999902725, -0.953005075455, -0.20353269577, -0.647998094559],
        "max": [-667.505310059, 205.346588135, 31.4014625549, 46.4458999634, 14.3166313171, 18.1026153564, 16.9389839172, 17.4182491302, 8.97247314453, 7.47090339661, 7.67979049683, 6.25238990784, 8.63027572632],
        "mean": [-744.140136719, 178.166091919, -47.0240058899, 28.5710029602, -5.32330322266, -2.70438981056, -3.63316464424, -0.85527908802, -6.26000022888, -6.84756469727, -3.0812857151, -6.6744146347, -3.80843806267],
        "median": [-739.960754395, 180.22668457, -48.1554794312, 30.3198127747, -4.54528808594, -2.45991516113, -3.46516799927, -1.19932556152, -7.10676956177, -6.44613647461, -3.3260345459, -5.90407562256, -3.48697662354],
        "min": [-1044.51904297, 97.5459365845, -94.5331268311, -16.051158905, -34.8213768005, -23.4379348755, -23.4454593658, -17.130657196, -20.2804660797, -20.2012710571, -16.6709327698, -22.5076713562, -17.4910964966],
        "skew": [-4.02930927277, -2.39097094536, 0.890860080719, -1.77509021759, -0.772583007812, -0.0612836591899, 0.301043957472, -0.00899637676775, 0.309221178293, -0.0460014641285, 0.0175002552569, -0.454124182463, 0.0988491028547],
        "var": [2262.91210938, 248.348602295, 343.889465332, 91.8597412109, 62.996181488, 64.0034179688, 65.7300033569, 48.102142334, 46.0657196045, 39.8415222168, 37.481426239, 40.5835723877, 35.136680603],
        "cov": [[2300.62744141, 231.45010376, -607.479675293, 233.514266968, 173.247650146, 73.5140457153, -11.6870088577, 22.1291618347, -112.13117218, -86.5559921265, -26.4910545349, -2.47314453125, 23.6326408386], [231.45010376, 252.487747192, -124.736923218, 65.1928939819, 47.2345085144, 38.5905799866, -4.62309789658, 4.63506603241, 4.80159282684, -26.525686264, -22.4166164398, -38.6388320923, 0.236996456981], [-607.479675293, -124.736923218, 349.62097168, -43.3901252747, -75.8545608521, -23.4442024231, 7.97988271713, -40.2464408875, 42.272769928, 51.1376953125, 16.2564468384, 20.9399662018, -18.1830482483], [233.514266968, 65.1928939819, -43.3901252747, 93.3907394409, 25.4185409546, 15.471072197, -4.73320531845, 8.98742294312, 1.49927413464, -5.96865129471, 1.14837753773, -6.5351395607, 3.05080294609], [173.247650146, 47.2345085144, -75.8545608521, 25.4185409546, 64.0461196899, 24.9143009186, 11.668885231, 1.99313223362, -9.49221992493, -1.26842296124, -5.55755186081, -11.8352069855, -4.80038452148], [73.5140457153, 38.5905799866, -23.4442024231, 15.471072197, 24.9143009186, 65.0701446533, 22.5839004517, -3.01525163651, 5.24202728271, 14.99177742, 3.27130126953, -9.56315612793, -7.75648784637], [-11.6870088577, -4.62309789658, 7.97988271713, -4.73320531845, 11.668885231, 22.5839004517, 66.8255081177, 4.58236694336, -11.8936433792, 10.7404136658, 10.4188203812, 6.63334798813, -21.4994773865], [22.1291618347, 4.63506603241, -40.2464408875, 8.98742294312, 1.99313223362, -3.01525163651, 4.58236694336, 48.9038467407, 6.24341392517, -3.99741101265, 0.645640671253, -9.41627883911, 5.28319787979], [-112.13117218, 4.80159282684, 42.272769928, 1.49927413464, -9.49221992493, 5.24202728271, -11.8936433792, 6.24341392517, 46.833480835, 17.7709121704, -0.375042587519, -7.68138027191, -0.0830558165908], [-86.5559921265, -26.525686264, 51.1376953125, -5.96865129471, -1.26842296124, 14.99177742, 10.7404136658, -3.99741101265, 17.7709121704, 40.5055465698, 14.9969501495, 1.85160696507, -2.93537306786], [-26.4910545349, -22.4166164398, 16.2564468384, 1.14837753773, -5.55755186081, 3.27130126953, 10.4188203812, 0.645640671253, -0.375042587519, 14.9969501495, 38.1061172485, 8.78242397308, -2.81876111031], [-2.47314453125, -38.6388320923, 20.9399662018, -6.5351395607, -11.8352069855, -9.56315612793, 6.63334798813, -9.41627883911, -7.68138027191, 1.85160696507, 8.78242397308, 41.2599639893, 2.67916250229], [23.6326408386, 0.236996456981, -18.1830482483, 3.05080294609, -4.80038452148, -7.75648784637, -21.4994773865, 5.28319787979, -0.0830558165908, -2.93537306786, -2.81876111031, 2.67916250229, 35.7222900391]]
    },
    "sccoeffs": {
        "kurt": [2.33833217621, -0.0218799114227, 0.093841791153, 0.895713329315, 0.755875349045, 6.19489765167],
        "max": [-0.551395654678, -0.658511996269, -0.637976050377, -0.604344725609, -0.648896992207, -0.753679692745],
        "mean": [-0.72047150135, -0.776509225368, -0.788927316666, -0.77005058527, -0.788395345211, -0.811150610447],
        "median": [-0.720557510853, -0.780756235123, -0.795342564583, -0.783201873302, -0.791020154953, -0.812662065029],
        "min": [-0.964946389198, -0.901754975319, -0.868383049965, -0.860480844975, -0.912784099579, -0.92491453886],
        "skew": [-0.65340089798, 0.346261262894, 0.551940619946, 0.980421125889, 0.141399025917, -1.20546030998],
        "var": [0.00403301650658, 0.00258110137656, 0.00251360586844, 0.00275167985819, 0.00193558190949, 0.000594461685978],
        "cov": [[0.00410023331642, 0.000628593668807, 0.000492921855766, 9.24704872887e-05, 0.000865726906341, 0.000295879057376], [0.000628593668807, 0.00262411986478, 0.00073286582483, 0.000311875162879, 0.000559434934985, 0.000199751681066], [0.000492921855766, 0.00073286582483, 0.00255549931899, 0.00150837621186, 0.00146308564581, 0.000373602524633], [9.24704872887e-05, 0.000311875162879, 0.00150837621186, 0.00279754120857, 0.00153239769861, 0.000362124555977], [0.000865726906341, 0.000559434934985, 0.00146308564581, 0.00153239769861, 0.00196784152649, 0.000461840740172], [0.000295879057376, 0.000199751681066, 0.000373602524633, 0.000362124555977, 0.000461840740172, 0.000604369386565]]
    },
    "scvalleys": {
        "kurt": [12.9186878204, 10.5916395187, 18.7922763824, 35.9948196411, 21.518163681, 2.71480083466],
        "max": [-5.02944469452, -5.15432500839, -5.78090381622, -6.60599279404, -7.48430347443, -9.00256061554],
        "mean": [-5.96798658371, -5.90246009827, -6.38950777054, -7.17185544968, -8.0843038559, -10.5714511871],
        "median": [-5.90903282166, -5.88623523712, -6.32056379318, -7.08197450638, -8.09073448181, -10.5799102783],
        "min": [-8.7598361969, -8.16939926147, -8.89103317261, -11.004242897, -10.9452924728, -11.9551792145],
        "skew": [-2.65108895302, -2.34640836716, -3.57057666779, -5.53042888641, -3.76570534706, 0.489090621471],
        "var": [0.255665183067, 0.185001447797, 0.173484861851, 0.301684707403, 0.213044345379, 0.188156738877],
        "cov": [[0.259926259518, 0.124000102282, 0.131070241332, 0.203701004386, 0.172520145774, 0.0943024680018], [0.124000102282, 0.188084810972, 0.112368233502, 0.168547436595, 0.152611017227, 0.0990162044764], [0.131070241332, 0.112368233502, 0.176376283169, 0.17668530345, 0.138071671128, 0.0783766806126], [0.203701004386, 0.168547436595, 0.17668530345, 0.306712776423, 0.222419247031, 0.116516634822], [0.172520145774, 0.152611017227, 0.138071671128, 0.222419247031, 0.216595083475, 0.151320770383], [0.0943024680018, 0.0990162044764, 0.0783766806126, 0.116516634822, 0.151320770383, 0.191292688251]]
    }
},
"rhythm": {
    "bpm": 0,
    "confidence": 0,
    "first_peak_bpm": {
        "kurt": 0,
        "max": 0,
        "mean": 0,
        "median": 0,
        "min": 0,
        "skew": 0,
        "var": 0
    },
    "first_peak_spread": {
        "kurt": 0,
        "max": 0,
        "mean": 0,
        "median": 0,
        "min": 0,
        "skew": 0,
        "var": 0
    },
    "first_peak_weight": {
        "kurt": 0,
        "max": 0,
        "mean": 0,
        "median": 0,
        "min": 0,
        "skew": 0,
        "var": 0
    },
    "onset_rate": 2.18057751656,
    "second_peak_bpm": {
        "kurt": 0,
        "max": 0,
        "mean": 0,
        "median": 0,
        "min": 0,
        "skew": 0,
        "var": 0
    },
    "second_peak_spread": {
        "kurt": 0,
        "max": 0,
        "mean": 0,
        "median": 0,
        "min": 0,
        "skew": 0,
        "var": 0
    },
    "second_peak_weight": {
        "kurt": 0,
        "max": 0,
        "mean": 0,
        "median": 0,
        "min": 0,
        "skew": 0,
        "var": 0
    },
    "beats_position": [],
    "bpm_estimates": [],
    "bpm_intervals": [],
    "onset_times": [0.0116099771112, 0.487619042397, 0.731428563595],
    "histogram": [[0, 0, 0, 0, 0, 0, 0, 0, 0, 0, 0, 0, 0, 0, 0, 0, 0, 0, 0, 0, 0, 0, 0, 0, 0, 0, 0, 0, 0, 0, 0, 0, 0, 0, 0, 0, 0, 0, 0, 0, 0, 0, 0, 0, 0, 0, 0, 0, 0, 0, 0, 0, 0, 0, 0, 0, 0, 0, 0, 0, 0, 0, 0, 0, 0, 0, 0, 0, 0, 0, 0, 0, 0, 0, 0, 0, 0, 0, 0, 0, 0, 0, 0, 0, 0, 0, 0, 0, 0, 0, 0, 0, 0, 0, 0, 0, 0, 0, 0, 0, 0, 0, 0, 0, 0, 0, 0, 0, 0, 0, 0, 0, 0, 0, 0, 0, 0, 0, 0, 0, 0, 0, 0, 0, 0, 0, 0, 0, 0, 0, 0, 0, 0, 0, 0, 0, 0, 0, 0, 0, 0, 0, 0, 0, 0, 0, 0, 0, 0, 0, 0, 0, 0, 0, 0, 0, 0, 0, 0, 0, 0, 0, 0, 0, 0, 0, 0, 0, 0, 0, 0, 0, 0, 0, 0, 0, 0, 0, 0, 0, 0, 0, 0, 0, 0, 0, 0, 0, 0, 0, 0, 0, 0, 0, 0, 0, 0, 0, 0, 0, 0, 0, 0, 0, 0, 0, 0, 0, 0, 0, 0, 0, 0, 0, 0, 0, 0, 0, 0, 0, 0, 0, 0, 0, 0, 0, 0, 0, 0, 0, 0, 0, 0, 0, 0, 0, 0, 0, 0, 0, 0, 0, 0, 0, 0, 0, 0, 0, 0, 0]]
},
"sfx": {
    "inharmonicity": {
        "kurt": -0.782247304916,
        "max": 0.316711306572,
        "mean": 0.122298784554,
        "median": 0.113694794476,
        "min": 0.00403672549874,
        "skew": 0.394398599863,
        "var": 0.00623330892995
    },
    "oddtoevenharmonicenergyratio": {
        "kurt": 52.1164894104,
        "max": 59.3503265381,
        "mean": 2.37688398361,
        "median": 0.846020638943,
        "min": 0.000398855307139,
        "skew": 7.2334113121,
        "var": 55.9832992554
    },
    "pitch_after_max_to_before_max_energy_ratio": 0.0917657464743,
    "pitch_centroid": 30.4602241516,
    "pitch_max_to_total": 0.98360657692,
    "pitch_min_to_total": 0.278688520193,
    "tristimulus": {
        "kurt": [9.08991241455, 0.30846619606, 0.848044872284],
        "max": [0.820444047451, 0.621472716331, 0.655763745308],
        "mean": [0.186495959759, 0.348684459925, 0.464819550514],
        "median": [0.19472374022, 0.343589246273, 0.460258662701],
        "min": [0, 0.0491065643728, 0.13044936955],
        "skew": [1.94628071785, 0.161036923528, -0.601115942001],
        "var": [0.0153891239315, 0.0115517694503, 0.0100543079898],
        "cov": [[0.0156456101686, -0.00858401414007, -0.00706159556285], [-0.00858401414007, 0.0117442989722, -0.00316028553061], [-0.00706159556285, -0.00316028553061, 0.0102218799293]]
    }
},
"tonal": {
    "chords_changes_rate": 0.0967741906643,
    "chords_number_rate": 0.0967741906643,
    "chords_strength": {
        "kurt": 5.87300491333,
        "max": 0.57765609026,
        "mean": 0.557488799095,
        "median": 0.558882534504,
        "min": 0.504513144493,
        "skew": -2.07112622261,
        "var": 0.000185608994798
    },
    "key_strength": 0.687823057175,
    "tuning_diatonic_strength": 0.625606834888,
    "tuning_equal_tempered_deviation": 0.230740010738,
    "tuning_frequency": 440,
    "tuning_nontempered_energy_ratio": 0.868280827999,
    "hpcp": {
        "kurt": [7.19553279877, 3.15313625336, 1.11202049255, 5.46235752106, 0.264830589294, 2.68125677109, -1.16426503658, -1.16751778126, -0.937968730927, 0.254359483719, 0.909609079361, 1.70395040512, 1.46227359772, 1.10069084167, 4.38592195511, 1.3315615654, 1.25935173035, 1.09465074539, -0.337606430054, -0.516320705414, 0.513786554337, 0.703156471252, 1.5409283638, 3.46012783051, 0.832587718964, 0.721928834915, 4.62566328049, -0.224585056305, 0.978804349899, 3.91539716721, 0.0816550254822, 1.15324163437, 0.832721948624, 1.79859018326, 1.17682361603, 1.66517686844],
        "max": [0.853260397911, 0.454139202833, 0.552081763744, 1, 0.651842951775, 1, 1, 1, 0.641881167889, 0.656992614269, 1, 1, 0.718309402466, 0.612238645554, 0.971087694168, 0.726910412312, 0.655367851257, 0.868750691414, 0.857698857784, 0.794112801552, 1, 1, 0.98370295763, 1, 0.625656604767, 0.511008620262, 1, 0.773684740067, 0.819755196571, 1, 0.690483868122, 0.612811505795, 0.808175206184, 1, 1, 1],
        "mean": [0.172188818455, 0.103561632335, 0.151543587446, 0.213619694114, 0.208005934954, 0.321328520775, 0.691953837872, 0.669573664665, 0.288531571627, 0.207590550184, 0.256854325533, 0.218719765544, 0.157900348306, 0.148692935705, 0.164368823171, 0.166542634368, 0.178227841854, 0.252041459084, 0.313135743141, 0.294684648514, 0.271159559488, 0.268031418324, 0.242618530989, 0.229080617428, 0.194732874632, 0.151692762971, 0.201440349221, 0.299309700727, 0.298800468445, 0.226192519069, 0.182291597128, 0.161133646965, 0.193984985352, 0.233210608363, 0.26738807559, 0.270120173693],
        "median": [0.121835254133, 0.0779106542468, 0.0999244973063, 0.140157282352, 0.165073931217, 0.287131100893, 0.869378149509, 0.698085904121, 0.227784305811, 0.18028947711, 0.102486759424, 0.0970289632678, 0.0730389356613, 0.0671736672521, 0.0683951750398, 0.0888999551535, 0.135104879737, 0.201678171754, 0.254337906837, 0.252135425806, 0.121447309852, 0.161485001445, 0.137759208679, 0.14907515049, 0.132455378771, 0.147376865149, 0.115161821246, 0.22578035295, 0.247465968132, 0.159976825118, 0.078721396625, 0.104246586561, 0.0859516486526, 0.156308740377, 0.171174421906, 0.171275734901],
        "min": [0.0203422736377, 0.00584407383576, 0.0106768812984, 0.0142363244668, 0.012048038654, 0.0723487511277, 0.0723727717996, 0.151242628694, 0.0227864645422, 0.00764196459204, 0.0173610504717, 0.0169860366732, 0.00512685719877, 0.0118148280308, 0.00849273428321, 0.00817389134318, 0.0100806793198, 0.0338293612003, 0.0413509868085, 0.0412579961121, 0.0104794856161, 0.00805083103478, 0.0102651901543, 0.0236218906939, 0.0234137959778, 0.0153488758951, 0.0233403816819, 0.072249494493, 0.0578912124038, 0.025607066229, 0.00817674677819, 0.0108895283192, 0.0158396661282, 0.00835314206779, 0.00606522895396, 0.0138022648171],
        "skew": [2.34955763817, 1.75943243504, 1.437967062, 2.03523468971, 1.01844632626, 1.57065808773, -0.617974817753, -0.356063365936, 0.464043408632, 0.959904491901, 1.48865401745, 1.6665430069, 1.59098160267, 1.48468482494, 2.28475451469, 1.48795866966, 1.47929370403, 1.14064180851, 0.841247200966, 0.700213730335, 1.29488956928, 1.30914187431, 1.52624046803, 1.98845422268, 1.25194406509, 1.15577435493, 2.12049031258, 0.993996679783, 1.21616101265, 1.85893344879, 1.21581959724, 1.47398686409, 1.26826179028, 1.57751333714, 1.23677921295, 1.69631958008],
        "var": [0.0265303179622, 0.00980970729142, 0.0208697002381, 0.0395398810506, 0.0313950367272, 0.0435997918248, 0.105870649219, 0.0832083150744, 0.0303234029561, 0.030394949019, 0.0919705852866, 0.0693275406957, 0.0352175459266, 0.0282451994717, 0.0521758571267, 0.0335281081498, 0.0292335171252, 0.0385249890387, 0.0535402409732, 0.0412882342935, 0.0858496874571, 0.0807506516576, 0.069815017283, 0.0548924989998, 0.025970865041, 0.016916083172, 0.0440447814763, 0.0420531779528, 0.03622918576, 0.0436152480543, 0.0396521538496, 0.0296564921737, 0.0423620045185, 0.0630844905972, 0.0529285185039, 0.0690823718905],
