{
"metadata": {
    "version": {
        "essentia": "2.1-beta3"
    }
},
"lowLevel": {
    "average_loudness": 0.959875583649,
    "barkbands_kurtosis": {
        "kurt": 2.257791996,
        "max": 9.90545463562,
        "mean": 1.60756981373,
        "median": 1.40413594246,
        "min": -1.38336443901,
        "skew": 1.30202138424,
        "var": 4.53764104843
    },
    "barkbands_skewness": {
        "kurt": -0.309134960175,
        "max": 2.96385335922,
        "mean": 1.27747857571,
        "median": 1.36810302734,
        "min": 0.0392139069736,
        "skew": 0.0708726644516,
        "var": 0.394220203161
    },
    "barkbands_spread": {
        "kurt": 0.886091947556,
        "max": 27.2806148529,
        "mean": 16.1503353119,
        "median": 15.7932929993,
        "min": 7.79667901993,
        "skew": 0.631669104099,
        "var": 13.8468027115
    },
    "dissonance": {
        "kurt": 2.65725231171,
        "max": 0.498072206974,
        "mean": 0.45472201705,
        "median": 0.458968400955,
        "min": 0.342193394899,
        "skew": -1.27295660973,
        "var": 0.000719831965398
    },
    "hfc": {
        "kurt": 0.757546901703,
        "max": 16.3416976929,
        "mean": 4.33824110031,
        "median": 2.24364519119,
        "min": 0.126382052898,
        "skew": 1.34304964542,
        "var": 14.0850477219
    },
    "pitch": {
        "kurt": 0.917082548141,
        "max": 516.357666016,
        "mean": 198.103591919,
        "median": 182.374832153,
        "min": 90.8293228149,
        "skew": 0.850156724453,
        "var": 6946.79003906
    },
    "pitch_instantaneous_confidence": {
        "kurt": -1.00787329674,
        "max": 0.657602071762,
        "mean": 0.349412113428,
        "median": 0.340933650732,
        "min": 0.140953719616,
        "skew": 0.275484770536,
        "var": 0.0178636815399
    },
    "pitch_salience": {
        "kurt": -0.713082075119,
        "max": 0.817456901073,
        "mean": 0.654842197895,
        "median": 0.662015914917,
        "min": 0.446891278028,
        "skew": -0.187608227134,
        "var": 0.00673784408718
    },
    "silence_rate_20dB": {
        "kurt": 0,
        "max": 1,
        "mean": 1,
        "median": 1,
        "min": 1,
        "skew": 0,
        "var": 0
    },
    "silence_rate_30dB": {
        "kurt": 0,
        "max": 1,
        "mean": 1,
        "median": 1,
        "min": 1,
        "skew": 0,
        "var": 0
    },
    "silence_rate_60dB": {
        "kurt": -0.449162244797,
        "max": 1,
        "mean": 0.235714286566,
        "median": 0,
        "min": 0,
        "skew": 1.24532568455,
        "var": 0.180152982473
    },
    "spectral_centroid": {
        "kurt": -0.796350479126,
        "max": 1130.32983398,
        "mean": 652.258789062,
        "median": 616.192443848,
        "min": 340.53012085,
        "skew": 0.402708917856,
        "var": 31732.7851562
    },
    "spectral_complexity": {
        "kurt": -1.07814133167,
        "max": 21,
        "mean": 10.7857141495,
        "median": 9,
        "min": 0,
        "skew": 0.414155125618,
        "var": 21.4683551788
    },
    "spectral_crest": {
        "kurt": 1.3121380806,
        "max": 17.9743843079,
        "mean": 8.14648914337,
        "median": 7.78531932831,
        "min": 3.57892608643,
        "skew": 1.13917887211,
        "var": 8.33251094818
    },
    "spectral_decrease": {
        "kurt": 0.24537563324,
        "max": -4.61380274264e-11,
        "mean": -1.47849577026e-09,
        "median": -1.14042941757e-09,
        "min": -4.01959576735e-09,
        "skew": -1.09365725517,
        "var": 8.15902315094e-19
    },
    "spectral_energy": {
        "kurt": 0.282943248749,
        "max": 0.0165576860309,
        "mean": 0.00597367621958,
        "median": 0.00450266245753,
        "min": 0.000185598517419,
        "skew": 1.11890935898,
        "var": 1.39817711897e-05
    },
    "spectral_energyband_high": {
        "kurt": 6.51267242432,
        "max": 8.83960965439e-05,
        "mean": 2.49122476816e-05,
        "median": 2.10217131098e-05,
        "min": 1.8852778112e-06,
        "skew": 2.22965049744,
        "var": 1.74131070674e-10
    },
    "spectral_energyband_low": {
        "kurt": 3.58604288101,
        "max": 0.0029791300185,
        "mean": 0.000732707616407,
        "median": 0.000583106768318,
        "min": 2.97636579489e-05,
        "skew": 1.63717973232,
        "var": 2.706239286e-07
    },
    "spectral_energyband_middle_high": {
        "kurt": 0.791704177856,
        "max": 0.00733598740771,
        "mean": 0.00163846625946,
        "median": 0.000672649592161,
        "min": 3.88612788811e-05,
        "skew": 1.37512850761,
        "var": 2.99848534269e-06
    },
    "spectral_energyband_middle_low": {
        "kurt": 0.588024616241,
        "max": 0.0110718579963,
        "mean": 0.00370121467859,
        "median": 0.00296929618344,
        "min": 0.000111959772767,
        "skew": 1.08154785633,
        "var": 5.52862275072e-06
    },
    "spectral_flatness_db": {
        "kurt": 0.981251716614,
        "max": 0.214321628213,
        "mean": 0.171447753906,
        "median": 0.173436939716,
        "min": 0.099660076201,
        "skew": -0.689642369747,
        "var": 0.000419357180363
    },
    "spectral_flux": {
        "kurt": 0.316131830215,
        "max": 0.072163566947,
        "mean": 0.0410619527102,
        "median": 0.0402146726847,
        "min": 0.0230754557997,
        "skew": 0.590253710747,
        "var": 7.85986194387e-05
    },
    "spectral_kurtosis": {
        "kurt": 0.890534877777,
        "max": 21.4886951447,
        "mean": 10.2318706512,
        "median": 9.89519023895,
        "min": 1.99832248688,
        "skew": 0.82989180088,
        "var": 13.0899372101
    },
    "spectral_rms": {
        "kurt": -0.325597763062,
        "max": 0.00401918403804,
        "mean": 0.00230707903393,
        "median": 0.00209590606391,
        "min": 0.000425525242463,
        "skew": 0.639773309231,
        "var": 5.05361356318e-07
    },
    "spectral_rolloff": {
        "kurt": -0.97239279747,
        "max": 2110.25390625,
        "mean": 1093.11755371,
        "median": 925.927734375,
        "min": 387.59765625,
        "skew": 0.387007802725,
        "var": 178791.921875
    },
    "spectral_skewness": {
        "kurt": 0.845337152481,
        "max": 3.59383320808,
        "mean": 2.42576169968,
        "median": 2.3857831955,
        "min": 1.49411308765,
        "skew": 0.389024138451,
        "var": 0.12416729331
    },
    "spectral_spread": {
        "kurt": 9.06223773956,
        "max": 8201444.5,
        "mean": 3098396.75,
        "median": 2956540.5,
        "min": 1919197.125,
        "skew": 2.51650881767,
        "var": 859090452480
    },
    "spectral_strongpeak": {
        "kurt": 2.21486330032,
        "max": 2.301684618,
        "mean": 0.476141750813,
        "median": 0.292848885059,
        "min": 0,
        "skew": 1.73787295818,
        "var": 0.293337315321
    },
    "zerocrossingrate": {
        "kurt": -0.388615608215,
        "max": 0.0615234375,
        "mean": 0.0420654304326,
        "median": 0.04150390625,
        "min": 0.01904296875,
        "skew": -0.065953373909,
        "var": 6.72337846481e-05
    },
    "barkbands": {
        "kurt": [5.18811511993, 2.84916830063, 4.0278635025, 2.19849920273, 1.56837034225, 4.49132871628, 7.23126029968, 17.2119426727, 8.93395328522, 4.70866537094, 4.49858999252, 9.02771377563, 5.89040660858, 4.71377754211, 8.79778957367, 13.8584976196, 16.3381767273, 14.8109836578, 9.68184185028, 2.00110626221, 4.31722402573, 20.5533409119, 55.2715568542, 60.6231002808, 44.027973175, 16.4628334045, 79.5408935547],
        "max": [3.76937823603e-05, 0.00108505308162, 0.00196023611352, 0.00100762094371, 0.00405486905947, 0.00415348401293, 0.00498499535024, 0.00208634929731, 0.00584208220243, 0.00113221118227, 0.000950278772507, 0.00243093841709, 0.00299787078984, 0.000235038547544, 0.00265962793492, 0.00135509727988, 0.0009097152506, 0.000708542647772, 0.000436059432104, 5.73316065129e-05, 3.227588968e-05, 3.43547617376e-05, 1.65488636412e-05, 5.85841735301e-06, 1.04722976175e-05, 4.87471041311e-08, 8.98497543034e-09],
        "mean": [6.56054271531e-06, 0.000251767050941, 0.00036725460086, 0.000229979646974, 0.00112130842172, 0.000721502234228, 0.000708612205926, 0.000226484218729, 0.000657637719996, 0.000191060476936, 0.00016367387434, 0.000246508105192, 0.000348613306414, 4.77637477161e-05, 0.000247654650593, 0.000151562315295, 0.000106994863017, 7.86787713878e-05, 6.38858691673e-05, 2.09193040064e-05, 9.91191154753e-06, 3.77166611543e-06, 8.83501627413e-07, 3.08652943204e-07, 3.77136700536e-07, 5.04630293108e-09, 3.40180578151e-10],
        "median": [4.893689038e-06, 0.000183471682249, 0.000220066780457, 0.000197024928639, 0.000918562000152, 0.00045764062088, 0.00032685502083, 0.000136133501655, 0.000195624088519, 0.000113002781291, 8.47414703458e-05, 6.42889281153e-05, 6.03172229603e-05, 3.30636976287e-05, 5.55288934265e-05, 7.14339257684e-05, 6.61324957036e-05, 4.44615725428e-05, 3.89655688195e-05, 1.81029754458e-05, 8.46573493618e-06, 2.59385114987e-06, 5.28645102804e-07, 1.67466836842e-07, 8.70475176384e-08, 2.79335843345e-09, 1.34445621303e-10],
        "min": [8.45886489742e-08, 6.99168822393e-06, 3.43615738529e-06, 7.74591808295e-06, 2.53902962868e-05, 2.24779832934e-05, 2.2179698135e-05, 3.16854038829e-06, 1.73056632775e-05, 2.23041524805e-06, 2.22799280891e-06, 2.6538500606e-06, 4.01815896112e-06, 6.47277647658e-06, 1.13078806407e-06, 1.66479617292e-06, 4.7351268222e-06, 6.15250382907e-06, 1.67879557011e-06, 6.06425999194e-07, 1.2491476582e-06, 1.22585660733e-07, 8.23857959631e-08, 2.03135854804e-08, 1.98960439235e-08, 9.57310009042e-10, 1.56964649611e-11],
        "skew": [1.87069261074, 1.68874943256, 1.90827083588, 1.22565245628, 1.30771005154, 2.06615757942, 2.43187212944, 3.82453536987, 2.96522068977, 2.0199971199, 2.11765694618, 2.89744544029, 2.3307595253, 2.16019654274, 2.84648108482, 3.30245685577, 3.47092485428, 3.58964705467, 2.95281815529, 1.34722697735, 1.79808342457, 4.42723751068, 7.34809732437, 7.19926261902, 6.27821969986, 3.9509241581, 8.29504871368],
        "var": [3.66274476027e-11, 5.35979758354e-08, 1.305792523e-07, 3.01585032503e-08, 6.44655813176e-07, 5.32505396222e-07, 7.73687418132e-07, 8.84143460667e-08, 1.26068744066e-06, 3.68595074463e-08, 3.40113928132e-08, 1.88322132999e-07, 3.06213479462e-07, 1.76343428748e-09, 1.93103346646e-07, 3.85973564221e-08, 1.42245895063e-08, 1.09445608132e-08, 5.12003683895e-09, 9.97002827519e-11, 2.55401168964e-11, 2.42600661782e-11, 3.76709427541e-12, 3.38129020226e-13, 1.36980270876e-12, 5.73759670565e-17, 7.01838296224e-19],
        "cov": [[3.68909555681e-11, 5.09426389961e-10, 1.20707860374e-10, 3.19532698911e-11, -1.13431364301e-09, 1.15608755208e-11, -6.17352668986e-10, -6.01633950992e-11, -1.21706988931e-09, -2.17418388848e-10, -2.32948715873e-10, -4.67927363523e-10, -6.49474696246e-10, -1.98950890484e-11, -3.4862271403e-10, -1.28691599044e-10, -1.03326971979e-10, -8.05969249673e-11, 5.22593010532e-11, -2.74082145868e-12, -1.14282021346e-12, 6.62724269993e-13, 5.10268693618e-13, 1.3595793599e-13, -5.13516312806e-13, 1.75077729143e-15, 4.20532376554e-16], [5.09426389961e-10, 5.39835731672e-08, 1.63028861522e-08, 8.7242932878e-09, -4.98092731505e-08, -2.61014712066e-08, -4.83006914465e-08, -1.53774970535e-09, -7.45503498933e-08, -1.5694126887e-08, -1.40698421802e-08, -2.94641377963e-08, -4.43745982182e-08, -1.84870030395e-09, -3.01821785342e-08, -1.23913173056e-08, -8.04877142713e-09, -6.23287288448e-09, -7.57367224491e-10, -2.85556273072e-10, -7.49932754784e-11, -1.47243970489e-11, 7.69322938687e-11, 1.6809534667e-11, -2.04524348846e-11, 1.7045784543e-13, -1.33989465302e-14], [1.20707860374e-10, 1.63028861522e-08, 1.31518660851e-07, 1.61521764852e-08, -3.8908318345e-08, -3.50435520602e-08, -2.96920443787e-08, 7.2478530122e-11, -5.90157114289e-08, -1.11613376319e-08, -1.04446078453e-08, -1.79595218697e-08, -2.85920602749e-08, -1.44466405505e-09, -1.40898164247e-08, -8.0409199299e-09, -4.12385725568e-09, -3.43938544312e-09, 1.22371623945e-09, 1.5876955306e-10, -2.06126962721e-10, -1.01446497036e-10, -2.29981502592e-11, 5.21019815833e-12, -3.22664568675e-11, 1.10936630162e-13, -2.24183261473e-14], [3.19532698911e-11, 8.7242932878e-09, 1.61521764852e-08, 3.03754710274e-08, -1.08601561077e-09, 7.83956011219e-09, 1.45770897575e-08, 4.01030186836e-09, -7.40662775556e-09, -3.20766391226e-09, -3.25631122067e-09, 6.15321738007e-10, -3.17212700551e-09, 3.70190350596e-10, -3.28170546293e-11, 9.98510718553e-10, 1.81861625759e-09, -3.9725198131e-10, 8.90176543589e-10, 1.46249706789e-10, 1.04654280034e-11, 7.84875567317e-11, 3.09702055667e-11, 1.13154216899e-11, -6.73435656198e-12, 6.23369154147e-14, -1.05410488958e-14], [-1.13431364301e-09, -4.98092731505e-08, -3.8908318345e-08, -1.08601561077e-09, 6.49293610877e-07, -1.02676434022e-09, 3.04843155163e-08, -2.92223010234e-08, 1.37597666594e-07, 4.06667943764e-08, 2.61424784043e-08, 6.11531714156e-10, 1.01560615917e-07, 5.83051962266e-09, 9.56541654773e-08, 2.9215289743e-08, 8.65214389023e-09, 6.27979979129e-09, -3.72792419157e-09, -2.38430886146e-10, -1.84173662432e-10, 7.53330731129e-11, -1.50271059485e-10, -4.53034311454e-11, 2.18714338307e-10, -4.44574146377e-13, -6.19681579271e-14], [1.15608755208e-11, -2.61014712066e-08, -3.50435520602e-08, 7.83956011219e-09, -1.02676434022e-09, 5.36336358437e-07, 3.8492774479e-07, 5.39433706592e-08, 1.13062753826e-07, 3.61767042989e-08, 4.50466366431e-08, 1.38003329653e-07, 1.19585308767e-07, 1.28427526391e-08, 7.30967570917e-08, 4.68606522475e-08, 4.21251264981e-08, 3.50960682738e-08, 2.93524298201e-08, 4.20403295509e-10, 1.30868416104e-09, -3.45457690232e-11, -6.09403916219e-11, -1.89108034787e-11, -7.9098783079e-11, -6.56054529279e-13, -3.84782876677e-14], [-6.17352668986e-10, -4.83006914465e-08, -2.96920443787e-08, 1.45770897575e-08, 3.04843155163e-08, 3.8492774479e-07, 7.79253468863e-07, 3.97999748714e-08, 3.70001316696e-07, 5.13301223748e-08, 7.62200258464e-08, 2.25721635161e-07, 2.14139618038e-07, 1.06565396507e-08, 1.69942893535e-07, 8.68859757475e-08, 7.40512646757e-08, 5.89689541641e-08, 1.03700221743e-08, 1.38206512901e-09, 2.16276796472e-09, -8.68499543116e-12, -8.00461086303e-11, -4.99374326612e-11, -1.00938840619e-10, -8.47132639644e-13, 7.97937816489e-15], [-6.01633950992e-11, -1.53774970535e-09, 7.2478530122e-11, 4.01030186836e-09, -2.92223010234e-08, 5.39433706592e-08, 3.97999748714e-08, 8.90504168183e-08, -2.42091235947e-08, -2.60646015882e-09, -1.97172234095e-09, -5.67761282433e-10, -9.9111430174e-09, 3.17390536075e-09, -7.81709452724e-09, -4.21590318211e-09, 2.52837728532e-09, -1.13552256487e-09, 1.03254995665e-08, -1.19509971364e-10, -8.23810672457e-11, -3.47968528991e-11, -3.20586474034e-11, 2.62290905141e-12, -3.96404402359e-11, -2.96646957216e-13, -3.46998973067e-14], [-1.21706988931e-09, -7.45503498933e-08, -5.90157114289e-08, -7.40662775556e-09, 1.37597666594e-07, 1.13062753826e-07, 3.70001316696e-07, -2.42091235947e-08, 1.2697571492e-06, 8.50214334491e-08, 8.74392611649e-08, 1.84322558994e-07, 4.83276039631e-07, 1.42491467514e-08, 2.9185636663e-07, 1.55118627276e-07, 4.71256527135e-08, 1.99843004367e-08, 8.24827139922e-09, 1.82827408768e-09, 1.05975062059e-09, 6.61597054918e-10, -9.67568993676e-12, -2.4062056167e-11, -3.51392734355e-11, 6.20129436083e-13, 1.52350747577e-13], [-2.17418388848e-10, -1.5694126887e-08, -1.11613376319e-08, -3.20766391226e-09, 4.06667943764e-08, 3.61767042989e-08, 5.13301223748e-08, -2.60646015882e-09, 8.50214334491e-08, 3.7124685548e-08, 2.71014499731e-08, 3.45707000804e-08, 6.35549071148e-08, 2.60775268046e-09, 3.77460978029e-08, 1.79969976699e-08, 6.95576973797e-09, 5.93256999082e-09, 2.00058705713e-10, 4.15577017243e-10, 2.30091473652e-10, -6.88718006236e-12, -1.79901267494e-11, -1.1999805663e-11, 1.61280502842e-11, -9.02133660201e-14, 5.39570829423e-15], [-2.32948715873e-10, -1.40698421802e-08, -1.04446078453e-08, -3.25631122067e-09, 2.61424784043e-08, 4.50466366431e-08, 7.62200258464e-08, -1.97172234095e-09, 8.74392611649e-08, 2.71014499731e-08, 3.42560788624e-08, 4.83305981902e-08, 6.22843643328e-08, 2.42010766982e-09, 3.83431917328e-08, 1.59858082327e-08, 8.08222111459e-09, 7.86602250002e-09, 6.67258970299e-10, 4.66710448066e-10, 2.49857662338e-10, -3.94885270316e-11, -1.89265061956e-11, -1.28042246944e-11, -7.05741238019e-12, -1.36382875479e-13, 4.17158813732e-15], [-4.67927363523e-10, -2.94641377963e-08, -1.79595218697e-08, 6.15321738007e-10, 6.11531714156e-10, 1.38003329653e-07, 2.25721635161e-07, -5.67761282433e-10, 1.84322558994e-07, 3.45707000804e-08, 4.83305981902e-08, 1.89676967466e-07, 1.06044780068e-07, 3.73829722733e-09, 1.0855639232e-07, 5.08070776561e-08, 2.74059672734e-08, 2.38798651964e-08, -5.27425658703e-10, 1.67336755563e-09, 1.04894348762e-09, -2.73736276701e-11, -2.4347109398e-11, -2.95802826678e-11, -4.47652227786e-11, -3.01163662151e-13, -3.64470018632e-15], [-6.49474696246e-10, -4.43745982182e-08, -2.85920602749e-08, -3.17212700551e-09, 1.01560615917e-07, 1.19585308767e-07, 2.14139618038e-07, -9.9111430174e-09, 4.83276039631e-07, 6.35549071148e-08, 6.22843643328e-08, 1.06044780068e-07, 3.0841644616e-07, 1.19993064374e-08, 1.4658185421e-07, 6.13847817021e-08, 2.68342876808e-08, 1.67179230459e-08, 3.35549921182e-09, 9.240914145e-10, 6.61035615135e-10, 4.58833138151e-10, -5.73801769987e-12, -2.28328970314e-11, -3.67135211121e-11, 4.67773172627e-13, 8.10143036098e-14], [-1.98950890484e-11, -1.84870030395e-09, -1.44466405505e-09, 3.70190350596e-10, 5.83051962266e-09, 1.28427526391e-08, 1.06565396507e-08, 3.17390536075e-09, 1.42491467514e-08, 2.60775268046e-09, 2.42010766982e-09, 3.73829722733e-09, 1.19993064374e-08, 1.77612091701e-09, 7.8242905488e-09, 2.26020269167e-09, 1.09741149501e-09, 1.22173560158e-09, 1.13477749419e-09, 2.75891063467e-11, 3.25658874867e-11, 2.90495301425e-11, -2.01376431806e-13, 9.88988296639e-13, -9.20616122398e-13, -4.51055971138e-15, -1.76189015194e-15], [-3.4862271403e-10, -3.01821785342e-08, -1.40898164247e-08, -3.28170546293e-11, 9.56541654773e-08, 7.30967570917e-08, 1.69942893535e-07, -7.81709452724e-09, 2.9185636663e-07, 3.77460978029e-08, 3.83431917328e-08, 1.0855639232e-07, 1.4658185421e-07, 7.8242905488e-09, 1.94492571381e-07, 5.23642285088e-08, 2.31512160553e-08, 1.88278619362e-08, 1.33751265619e-09, 1.00213848331e-09, 9.42444566832e-10, 7.13421405285e-11, -1.9003966803e-11, -2.0323628197e-11, -3.42256119279e-11, -2.00763762711e-13, 2.32248281445e-15], [-1.28691599044e-10, -1.23913173056e-08, -8.0409199299e-09, 9.98510718553e-10, 2.9215289743e-08, 4.68606522475e-08, 8.68859757475e-08, -4.21590318211e-09, 1.55118627276e-07, 1.79969976699e-08, 1.59858082327e-08, 5.08070776561e-08, 6.13847817021e-08, 2.26020269167e-09, 5.23642285088e-08, 3.88750365232e-08, 1.28068231575e-08, 6.72124578216e-09, 4.20092932663e-10, 4.73321881689e-10, 4.3147319051e-10, 5.99024163606e-11, -6.24444072839e-12, -7.29569009372e-12, -1.20095105735e-11, 4.15436084242e-14, 1.10137432554e-14], [-1.03326971979e-10, -8.04877142713e-09, -4.12385725568e-09, 1.81861625759e-09, 8.65214389023e-09, 4.21251264981e-08, 7.40512646757e-08, 2.52837728532e-09, 4.71256527135e-08, 6.95576973797e-09, 8.08222111459e-09, 2.74059672734e-08, 2.68342876808e-08, 1.09741149501e-09, 2.31512160553e-08, 1.28068231575e-08, 1.43269245356e-08, 6.67767441342e-09, 6.59965027072e-10, 1.72714190172e-10, 3.10592690456e-10, 4.82644792188e-11, -6.52879269744e-12, -5.47505747336e-12, -1.03264749182e-11, 1.752031239e-14, 5.82053565722e-16], [-8.05969249673e-11, -6.23287288448e-09, -3.43938544312e-09, -3.9725198131e-10, 6.27979979129e-09, 3.50960682738e-08, 5.89689541641e-08, -1.13552256487e-09, 1.99843004367e-08, 5.93256999082e-09, 7.86602250002e-09, 2.38798651964e-08, 1.67179230459e-08, 1.22173560158e-09, 1.88278619362e-08, 6.72124578216e-09, 6.67767441342e-09, 1.10232987183e-08, 2.01692676449e-10, 1.46421000324e-10, 2.47109166462e-10, 2.07210273245e-11, -1.19419600077e-12, -4.0833655901e-12, -2.66631486855e-12, -5.63779640919e-14, -3.69789512596e-15], [5.22593010532e-11, -7.57367224491e-10, 1.22371623945e-09, 8.90176543589e-10, -3.72792419157e-09, 2.93524298201e-08, 1.03700221743e-08, 1.03254995665e-08, 8.24827139922e-09, 2.00058705713e-10, 6.67258970299e-10, -5.27425658703e-10, 3.35549921182e-09, 1.13477749419e-09, 1.33751265619e-09, 4.20092932663e-10, 6.59965027072e-10, 2.01692676449e-10, 5.15687181846e-09, 2.73808285073e-11, 1.66543844687e-11, 1.62111522123e-11, -1.66925598778e-12, 2.86153327596e-12, -4.84295459638e-12, -1.92446258311e-14, -4.36023677423e-15], [-2.74082145868e-12, -2.85556273072e-10, 1.5876955306e-10, 1.46249706789e-10, -2.38430886146e-10, 4.20403295509e-10, 1.38206512901e-09, -1.19509971364e-10, 1.82827408768e-09, 4.15577017243e-10, 4.66710448066e-10, 1.67336755563e-09, 9.240914145e-10, 2.75891063467e-11, 1.00213848331e-09, 4.73321881689e-10, 1.72714190172e-10, 1.46421000324e-10, 2.73808285073e-11, 1.00417556215e-10, 1.81661994475e-11, 7.17740580511e-12, 5.0440055778e-12, 1.58654328824e-12, 9.14585573074e-13, 1.53284689493e-14, -1.19572867131e-15], [-1.14282021346e-12, -7.49932754784e-11, -2.06126962721e-10, 1.04654280034e-11, -1.84173662432e-10, 1.30868416104e-09, 2.16276796472e-09, -8.23810672457e-11, 1.05975062059e-09, 2.30091473652e-10, 2.49857662338e-10, 1.04894348762e-09, 6.61035615135e-10, 3.25658874867e-11, 9.42444566832e-10, 4.3147319051e-10, 3.10592690456e-10, 2.47109166462e-10, 1.66543844687e-11, 1.81661994475e-11, 2.57238570722e-11, 9.54214398469e-12, 4.05442736676e-12, 8.42630923804e-13, -2.85238439856e-13, 1.16930746905e-14, -1.42412933206e-16], [6.62724269993e-13, -1.47243970489e-11, -1.01446497036e-10, 7.84875567317e-11, 7.53330731129e-11, -3.45457690232e-11, -8.68499543116e-12, -3.47968528991e-11, 6.61597054918e-10, -6.88718006236e-12, -3.94885270316e-11, -2.73736276701e-11, 4.58833138151e-10, 2.90495301425e-11, 7.13421405285e-11, 5.99024163606e-11, 4.82644792188e-11, 2.07210273245e-11, 1.62111522123e-11, 7.17740580511e-12, 9.54214398469e-12, 2.44346001765e-11, 5.07307477277e-12, 1.43744152865e-12, 8.72842447733e-14, 2.21382055754e-14, 2.39873589674e-16], [5.10268693618e-13, 7.69322938687e-11, -2.29981502592e-11, 3.09702055667e-11, -1.50271059485e-10, -6.09403916219e-11, -8.00461086303e-11, -3.20586474034e-11, -9.67568993676e-12, -1.79901267494e-11, -1.89265061956e-11, -2.4347109398e-11, -5.73801769987e-12, -2.01376431806e-13, -1.9003966803e-11, -6.24444072839e-12, -6.52879269744e-12, -1.19419600077e-12, -1.66925598778e-12, 5.0440055778e-12, 4.05442736676e-12, 5.07307477277e-12, 3.79419542659e-12, 1.04161080802e-12, 2.67756845342e-13, 1.04759425554e-14, 6.68699358458e-17], [1.3595793599e-13, 1.6809534667e-11, 5.21019815833e-12, 1.13154216899e-11, -4.53034311454e-11, -1.89108034787e-11, -4.99374326612e-11, 2.62290905141e-12, -2.4062056167e-11, -1.1999805663e-11, -1.28042246944e-11, -2.95802826678e-11, -2.28328970314e-11, 9.88988296639e-13, -2.0323628197e-11, -7.29569009372e-12, -5.47505747336e-12, -4.0833655901e-12, 2.86153327596e-12, 1.58654328824e-12, 8.42630923804e-13, 1.43744152865e-12, 1.04161080802e-12, 3.40561617535e-13, 1.38820419461e-13, 3.34578077693e-15, 1.66415405094e-17], [-5.13516312806e-13, -2.04524348846e-11, -3.22664568675e-11, -6.73435656198e-12, 2.18714338307e-10, -7.9098783079e-11, -1.00938840619e-10, -3.96404402359e-11, -3.51392734355e-11, 1.61280502842e-11, -7.05741238019e-12, -4.47652227786e-11, -3.67135211121e-11, -9.20616122398e-13, -3.42256119279e-11, -1.20095105735e-11, -1.03264749182e-11, -2.66631486855e-12, -4.84295459638e-12, 9.14585573074e-13, -2.85238439856e-13, 8.72842447733e-14, 2.67756845342e-13, 1.38820419461e-13, 1.37965734757e-12, 1.7458585711e-15, -5.58266635595e-18], [1.75077729143e-15, 1.7045784543e-13, 1.10936630162e-13, 6.23369154147e-14, -4.44574146377e-13, -6.56054529279e-13, -8.47132639644e-13, -2.96646957216e-13, 6.20129436083e-13, -9.02133660201e-14, -1.36382875479e-13, -3.01163662151e-13, 4.67773172627e-13, -4.51055971138e-15, -2.00763762711e-13, 4.15436084242e-14, 1.752031239e-14, -5.63779640919e-14, -1.92446258311e-14, 1.53284689493e-14, 1.16930746905e-14, 2.21382055754e-14, 1.04759425554e-14, 3.34578077693e-15, 1.7458585711e-15, 5.77887434171e-17, 1.44390300602e-18], [4.20532376554e-16, -1.33989465302e-14, -2.24183261473e-14, -1.05410488958e-14, -6.19681579271e-14, -3.84782876677e-14, 7.97937816489e-15, -3.46998973067e-14, 1.52350747577e-13, 5.39570829423e-15, 4.17158813732e-15, -3.64470018632e-15, 8.10143036098e-14, -1.76189015194e-15, 2.32248281445e-15, 1.10137432554e-14, 5.82053565722e-16, -3.69789512596e-15, -4.36023677423e-15, -1.19572867131e-15, -1.42412933206e-16, 2.39873589674e-16, 6.68699358458e-17, 1.66415405094e-17, -5.58266635595e-18, 1.44390300602e-18, 7.06887510081e-19]]
    },
    "mfcc": {
        "kurt": [3.2688126564, 3.04201841354, -0.558306217194, -0.79065656662, -0.0301067829132, -0.0275311470032, 0.338290214539, -0.0142683982849, -0.219848632812, -0.166168212891, 1.08857393265, -0.0646584033966, 1.35759687424],
        "max": [-676.233215332, 206.095428467, 0.766849517822, 71.1410522461, 21.7127971649, 14.2524299622, 19.6089801788, 13.8466491699, 20.1411437988, 15.6713581085, 13.5653686523, 12.5981369019, 16.387928009],
        "mean": [-730.27520752, 180.488052368, -45.8638839722, 38.752166748, -6.75587797165, -4.34794569016, -4.26035928726, -3.68088150024, 0.114387154579, -6.13529014587, -3.74916243553, -5.54546642303, -0.108765356243],
        "median": [-738.662963867, 181.998077393, -41.4397354126, 41.2992248535, -6.63098335266, -3.9900970459, -3.95128440857, -4.38929367065, 1.23290061951, -6.48122787476, -3.49409103394, -6.00827980042, 0.0211009979248],
        "min": [-882.060058594, 116.621414185, -85.6508712769, 4.09058380127, -27.8566818237, -28.9607810974, -25.8295459747, -25.0467147827, -20.2457313538, -27.0209274292, -24.3188114166, -25.0063304901, -22.8351821899],
        "skew": [-0.622080266476, -1.26057958603, -0.192294552922, -0.360455930233, 0.249403119087, -0.214274421334, 0.0506253130734, 0.119829230011, -0.435602575541, 0.309698849916, -0.198036462069, -0.201332986355, -0.55597949028],
        "var": [864.085327148, 225.84147644, 354.615661621, 211.044967651, 72.7471618652, 67.9504623413, 65.6292419434, 43.6776504517, 59.5147323608, 72.2740249634, 35.9637641907, 54.4169960022, 41.7375946045],
        "cov": [[870.301757812, 167.013458252, -367.74786377, -287.445709229, -76.2560424805, 40.0709991455, -99.6842803955, -41.715637207, -49.7759628296, -50.4195098877, 2.30225300789, -43.5870246887, -20.8975048065], [167.013458252, 227.4662323, -200.070343018, -66.3500137329, -49.9218482971, 9.50650882721, -25.1797771454, -26.6306667328, -15.8592061996, -28.7609825134, -4.18614768982, 21.3784885406, -3.55622076988], [-367.74786377, -200.070343018, 357.1668396, 174.291549683, 75.150894165, -27.6979541779, 62.3346786499, 38.0019798279, 29.4571399689, 53.8974876404, 4.25352954865, -8.29715061188, 22.9547519684], [-287.445709229, -66.3500137329, 174.291549683, 212.563278198, 29.066324234, -6.77654695511, 24.5492973328, 27.3097324371, 10.8855075836, 41.0662727356, -1.88172090054, 26.0524578094, 22.0919189453], [-76.2560424805, -49.9218482971, 75.150894165, 29.066324234, 73.2705230713, 9.08165931702, 26.182888031, 0.829664051533, 19.6238307953, 1.8314486742, -0.280416041613, -13.3250513077, 5.41723585129], [40.0709991455, 9.50650882721, -27.6979541779, -6.77654695511, 9.08165931702, 68.4393157959, -3.57834219933, 12.012588501, 5.66555547714, 7.93453264236, -5.02873468399, 3.23186469078, 2.70740127563], [-99.6842803955, -25.1797771454, 62.3346786499, 24.5492973328, 26.182888031, -3.57834219933, 66.1013946533, 6.62580776215, 13.3402509689, -0.296572029591, 4.86730337143, -8.49236488342, 10.6073179245], [-41.715637207, -26.6306667328, 38.0019798279, 27.3097324371, 0.829664051533, 12.012588501, 6.62580776215, 43.9918785095, 11.2678384781, 16.8090877533, -3.46440863609, 7.06553554535, 7.12715291977], [-49.7759628296, -15.8592061996, 29.4571399689, 10.8855075836, 19.6238307953, 5.66555547714, 13.3402509689, 11.2678384781, 59.9428939819, 11.2764415741, -6.55681467056, -2.16771817207, 0.11336363852], [-50.4195098877, -28.7609825134, 53.8974876404, 41.0662727356, 1.8314486742, 7.93453264236, -0.296572029591, 16.8090877533, 11.2764415741, 72.7939834595, 15.5303230286, 6.62701940536, 7.81293725967], [2.30225300789, -4.18614768982, 4.25352954865, -1.88172090054, -0.280416041613, -5.02873468399, 4.86730337143, -3.46440863609, -6.55681467056, 15.5303230286, 36.2224998474, 8.25427913666, 0.821833014488], [-43.5870246887, 21.3784885406, -8.29715061188, 26.0524578094, -13.3250513077, 3.23186469078, -8.49236488342, 7.06553554535, -2.16771817207, 6.62701940536, 8.25427913666, 54.8084831238, 21.3208847046], [-20.8975048065, -3.55622076988, 22.9547519684, 22.0919189453, 5.41723585129, 2.70740127563, 10.6073179245, 7.12715291977, 0.11336363852, 7.81293725967, 0.821833014488, 21.3208847046, 42.0378646851]]
    },
    "sccoeffs": {
        "kurt": [0.786321878433, 0.206491231918, -0.486046552658, -0.662823438644, -0.692420721054, 0.401596784592],
        "max": [-0.525074124336, -0.531658411026, -0.563451230526, -0.613133013248, -0.713383615017, -0.742927610874],
        "mean": [-0.700985848904, -0.747408390045, -0.770617604256, -0.781531572342, -0.799098014832, -0.794518649578],
        "median": [-0.69783103466, -0.750402927399, -0.79378259182, -0.816172540188, -0.803191065788, -0.793963670731],
        "min": [-0.904001832008, -0.884209096432, -0.878026366234, -0.881893277168, -0.85383695364, -0.859065175056],
        "skew": [-0.257821679115, 0.567795932293, 0.689618289471, 0.812227249146, 0.472520470619, -0.155794516206],
        "var": [0.00327997421846, 0.00477748736739, 0.00540843466297, 0.00505410227925, 0.00117955205496, 0.000484288437292],
        "cov": [[0.00330357113853, -0.000162687691045, 0.00114804611076, 0.000450615771115, 0.000229721961659, 4.35027977801e-05], [-0.000162687691045, 0.00481185782701, 0.00244166888297, 0.00264892866835, 0.00143038399983, 0.000540639797691], [0.00114804611076, 0.00244166888297, 0.00544734438881, 0.0042177871801, 0.00159972801339, 0.000599457183853], [0.000450615771115, 0.00264892866835, 0.0042177871801, 0.00509046250954, 0.00175843457691, 0.000600735482294], [0.000229721961659, 0.00143038399983, 0.00159972801339, 0.00175843457691, 0.00118803803343, 0.000287899572868], [4.35027977801e-05, 0.000540639797691, 0.000599457183853, 0.000600735482294, 0.000287899572868, 0.000487772515044]]
    },
    "scvalleys": {
        "kurt": [0.601577997208, 0.323543548584, 1.29291725159, 2.93813276291, 17.3503093719, 3.76539802551],
        "max": [-5.11011743546, -5.12287187576, -5.67861461639, -6.39437961578, -7.41927909851, -8.99768733978],
        "mean": [-5.80293464661, -5.85874176025, -6.45968389511, -7.07236528397, -7.73972320557, -10.5452613831],
        "median": [-5.78346443176, -5.82737922668, -6.5017285347, -7.09423923492, -7.74323654175, -10.6317062378],
        "min": [-7.0841422081, -7.09575462341, -7.75967645645, -8.40768909454, -9.07014465332, -11.3362779617],
        "skew": [-0.475003749132, -0.444393783808, -0.405536621809, -0.619125366211, -2.53751659393, 1.55738186836],
        "var": [0.121630519629, 0.117380864918, 0.0919892862439, 0.073554687202, 0.0339388586581, 0.115846931934],
        "cov": [[0.122505560517, -0.00143574120011, -0.0112365372479, -0.00163263594732, 0.00677552912384, 0.00572657259181], [-0.00143574120011, 0.118225328624, 0.0391540676355, 0.0240558180958, 0.0166666973382, 0.00244843051769], [-0.0112365372479, 0.0391540676355, 0.0926510766149, 0.0411572903395, 0.0263232812285, 0.00775621412322], [-0.00163263594732, 0.0240558180958, 0.0411572903395, 0.0740838572383, 0.0221724584699, 0.00879112910479], [0.00677552912384, 0.0166666973382, 0.0263232812285, 0.0221724584699, 0.0341830216348, 0.016424883157], [0.00572657259181, 0.00244843051769, 0.00775621412322, 0.00879112910479, 0.016424883157, 0.116680361331]]
    }
},
"rhythm": {
    "beats_loudness": {
        "kurt": -1.57208430767,
        "max": 0.0148364389315,
        "mean": 0.00895474757999,
        "median": 0.00825591478497,
        "min": 0.00447071995586,
        "skew": 0.283364146948,
        "var": 1.74759552465e-05
    },
    "bpm": 94.5430908203,
    "confidence": 0,
    "first_peak_bpm": {
        "kurt": 0,
        "max": 94,
        "mean": 94,
        "median": 94,
        "min": 94,
        "skew": 0,
        "var": 0
    },
    "first_peak_spread": {
        "kurt": 0,
        "max": 0.333333313465,
        "mean": 0.333333313465,
        "median": 0.333333313465,
        "min": 0.333333313465,
        "skew": 0,
        "var": 0
    },
    "first_peak_weight": {
        "kurt": 0,
        "max": 0.666666686535,
        "mean": 0.666666686535,
        "median": 0.666666686535,
        "min": 0.666666686535,
        "skew": 0,
        "var": 0
    },
    "onset_rate": 0.932005226612,
    "second_peak_bpm": {
        "kurt": 0,
        "max": 0,
        "mean": 0,
        "median": 0,
        "min": 0,
        "skew": 0,
        "var": 0
    },
    "second_peak_spread": {
        "kurt": 0,
        "max": 0,
        "mean": 0,
        "median": 0,
        "min": 0,
        "skew": 0,
        "var": 0
    },
    "second_peak_weight": {
        "kurt": 0,
        "max": 0,
        "mean": 0,
        "median": 0,
        "min": 0,
        "skew": 0,
        "var": 0
    },
    "beats_loudness_band_ratio": {
        "kurt": [-0.701686620712, -1.17389214039, -1.72747159004, -1.5549300909, -1.61291837692, -0.793692111969],
        "max": [0.478304028511, 0.35080358386, 0.482733130455, 0.172665774822, 0.183064132929, 0.0556368976831],
        "mean": [0.228444725275, 0.254555433989, 0.348021388054, 0.114068835974, 0.102695226669, 0.0210442841053],
        "median": [0.154537260532, 0.246248841286, 0.329933106899, 0.118034534156, 0.0898376330733, 0.0117393545806],
        "min": [0.126400336623, 0.17492043972, 0.249486133456, 0.0475404709578, 0.0480414889753, 0.00506153376773],
        "skew": [1.11219060421, 0.336742758751, 0.207179024816, -0.157642617822, 0.29791367054, 1.01213574409],
        "var": [0.0210747364908, 0.00416736351326, 0.0100700836629, 0.00238574435934, 0.00327534181997, 0.000417140981881],
        "cov": [[0.0280996486545, -0.00876592565328, -0.00993671175092, -0.00366035033949, -0.00678328052163, -8.82861204445e-05], [-0.00876592565328, 0.00555648468435, -0.000415415153839, 0.00191946234554, 0.00348384748213, -1.3105047401e-05], [-0.00993671175092, -0.000415415153839, 0.0134267779067, -0.00338626396842, -0.00268693896942, 0.0018348855665], [-0.00366035033949, 0.00191946234554, -0.00338626396842, 0.00318099255674, 0.003528958885, -0.00117558799684], [-0.00678328052163, 0.00348384748213, -0.00268693896942, 0.003528958885, 0.00436712242663, -0.00106969091576], [-8.82861204445e-05, -1.3105047401e-05, 0.0018348855665, -0.00117558799684, -0.00106969091576, 0.000556187995244]]
    },
    "beats_position": [0.626938760281, 1.26548755169, 1.90403628349, 2.53097510338],
    "bpm_estimates": [93.9630661011, 93.9630737305, 95.7031173706],
    "bpm_intervals": [0.638548791409, 0.638548731804, 0.626938819885],
    "onset_times": [0.0116099771112, 2.13623571396, 2.29877543449],
    "histogram": [[0, 0, 0, 0, 0, 0, 0, 0, 0, 0, 0, 0, 0, 0, 0, 0, 0, 0, 0, 0, 0, 0, 0, 0, 0, 0, 0, 0, 0, 0, 0, 0, 0, 0, 0, 0, 0, 0, 0, 0, 0, 0, 0, 0, 0, 0, 0, 0, 0, 0, 0, 0, 0, 0, 0, 0, 0, 0, 0, 0, 0, 0, 0, 0, 0, 0, 0, 0, 0, 0, 0, 0, 0, 0, 0, 0, 0, 0, 0, 0, 0, 0, 0, 0, 0, 0, 0, 0, 0, 0, 0, 0, 0, 0, 0.666666686535, 0, 0.333333343267, 0, 0, 0, 0, 0, 0, 0, 0, 0, 0, 0, 0, 0, 0, 0, 0, 0, 0, 0, 0, 0, 0, 0, 0, 0, 0, 0, 0, 0, 0, 0, 0, 0, 0, 0, 0, 0, 0, 0, 0, 0, 0, 0, 0, 0, 0, 0, 0, 0, 0, 0, 0, 0, 0, 0, 0, 0, 0, 0, 0, 0, 0, 0, 0, 0, 0, 0, 0, 0, 0, 0, 0, 0, 0, 0, 0, 0, 0, 0, 0, 0, 0, 0, 0, 0, 0, 0, 0, 0, 0, 0, 0, 0, 0, 0, 0, 0, 0, 0, 0, 0, 0, 0, 0, 0, 0, 0, 0, 0, 0, 0, 0, 0, 0, 0, 0, 0, 0, 0, 0, 0, 0, 0, 0, 0, 0, 0, 0, 0, 0, 0, 0, 0, 0, 0, 0, 0, 0, 0, 0, 0, 0, 0, 0, 0, 0, 0, 0, 0, 0, 0, 0, 0]]
},
"sfx": {
    "inharmonicity": {
        "kurt": -0.12979388237,
        "max": 0.392275720835,
        "mean": 0.120110973716,
        "median": 0.0985893756151,
        "min": 0.00539698405191,
        "skew": 0.802967250347,
        "var": 0.00747536262497
    },
    "oddtoevenharmonicenergyratio": {
        "kurt": 2.69694662094,
        "max": 5.96233081818,
        "mean": 1.22964262962,
        "median": 0.779010772705,
        "min": 0.0372840873897,
        "skew": 1.63163506985,
        "var": 1.37674200535
    },
    "pitch_after_max_to_before_max_energy_ratio": 0.273106604815,
    "pitch_centroid": 68.247543335,
    "pitch_max_to_total": 0.785714268684,
    "pitch_min_to_total": 0.207142859697,
    "tristimulus": {
        "kurt": [-0.395174026489, -0.619301080704, -0.091103553772],
        "max": [0.5745485425, 0.654050529003, 0.867785930634],
        "mean": [0.180004239082, 0.352760761976, 0.467234909534],
        "median": [0.182340711355, 0.352132737637, 0.423292458057],
        "min": [0, 0.099573366344, 0.201904326677],
        "skew": [0.390731781721, 0.20920330286, 0.891863226891],
        "var": [0.0185038428754, 0.014031611383, 0.0231220442802],
        "cov": [[0.0186369642615, -0.00474056228995, -0.013896394521], [-0.00474056228995, 0.0141325583681, -0.00939199887216], [-0.013896394521, -0.00939199887216, 0.0232883915305]]
    }
},
"tonal": {
    "chords_changes_rate": 0.126760557294,
    "chords_number_rate": 0.0845070406795,
    "chords_strength": {
        "kurt": -1.36028027534,
        "max": 0.554694771767,
        "mean": 0.442700266838,
        "median": 0.48125910759,
        "min": 0.277192771435,
        "skew": -0.396858006716,
        "var": 0.00826424919069
    },
    "key_strength": 0.487179785967,
    "tuning_diatonic_strength": 0.372666686773,
    "tuning_equal_tempered_deviation": 0.182597145438,
    "tuning_frequency": 432.191345215,
    "tuning_nontempered_energy_ratio": 0.754148542881,
    "hpcp": {
        "kurt": [2.13438367844, 5.06831169128, -0.814204931259, -1.26027822495, -0.328238010406, 1.25974798203, 0.538578033447, 0.679976224899, 1.72298049927, 1.75349998474, 7.59061050415, 7.67173290253, 2.9353055954, 2.72096014023, 3.40054273605, 7.99037647247, 7.87687587738, 8.73231983185, 12.4949331284, 6.25086116791, 3.5919675827, 6.94282722473, 9.78353691101, 10.7679986954, 6.38798522949, 4.99196481705, -0.950428009033, -1.29400074482, 1.33683872223, 19.3901462555, 9.36212444305, 5.89142799377, 3.86999177933, 2.68566942215, -0.830697536469, -0.325748205185],
        "max": [1, 1, 0.741403520107, 1, 0.977035403252, 1, 1, 1, 1, 1, 1, 1, 1, 0.692157328129, 0.613882958889, 1, 1, 0.950659096241, 1, 0.676117300987, 0.602515935898, 0.752630650997, 0.851050436497, 1, 1, 0.725473403931, 0.721725940704, 1, 1, 0.818550407887, 0.631177484989, 0.772593557835, 0.761177539825, 1, 1, 1],
        "mean": [0.18408973515, 0.143580913544, 0.277500152588, 0.432126969099, 0.336755990982, 0.223822250962, 0.247816696763, 0.261645585299, 0.246646851301, 0.191996112466, 0.141112983227, 0.174693360925, 0.213426351547, 0.15716791153, 0.123422540724, 0.144468560815, 0.134912341833, 0.130356445909, 0.119481317699, 0.107811644673, 0.11080648005, 0.103649586439, 0.108261823654, 0.156485214829, 0.194121569395, 0.153939723969, 0.27649268508, 0.424083769321, 0.255574911833, 0.0822423174977, 0.0803507789969, 0.109765328467, 0.130564257503, 0.23378880322, 0.377937883139, 0.32765096426],
