{
"metadata": {
    "version": {
        "essentia": "2.1-beta3"
    }
},
"lowLevel": {
    "average_loudness": 0.99068403244,
    "barkbands_kurtosis": {
        "kurt": -0.622615098953,
        "max": 2.22344636917,
        "mean": 0.675357580185,
        "median": 0.596602201462,
        "min": -0.909100294113,
        "skew": -0.186399996281,
        "var": 0.706010341644
    },
    "barkbands_skewness": {
        "kurt": -0.732316732407,
        "max": 1.43703985214,
        "mean": 0.729714870453,
        "median": 0.864999175072,
        "min": -0.357484847307,
        "skew": -0.658365249634,
        "var": 0.27234134078
    },
    "barkbands_spread": {
        "kurt": 0.187887430191,
        "max": 18.9741191864,
        "mean": 11.8632497787,
        "median": 11.8640508652,
        "min": 8.1140832901,
        "skew": 0.771459817886,
        "var": 7.84043884277
    },
    "dissonance": {
        "kurt": 5.4305562973,
        "max": 0.477096110582,
        "mean": 0.419439554214,
        "median": 0.436811029911,
        "min": 0.157289147377,
        "skew": -2.35575389862,
        "var": 0.00553718348965
    },
    "hfc": {
        "kurt": 12.7064886093,
        "max": 17.5210456848,
        "mean": 1.16558420658,
        "median": 0.0149688636884,
        "min": 0.000344471336575,
        "skew": 3.76803660393,
        "var": 15.4914932251
    },
    "pitch": {
        "kurt": -0.658636569977,
        "max": 406.863433838,
        "mean": 265.815216064,
        "median": 245.215896606,
        "min": 108.19569397,
        "skew": 0.17902430892,
        "var": 7357.57958984
    },
    "pitch_instantaneous_confidence": {
        "kurt": 0.991861581802,
        "max": 0.820221662521,
        "mean": 0.390822529793,
        "median": 0.343810141087,
        "min": 0.186790943146,
        "skew": 1.2259157896,
        "var": 0.0251242369413
    },
    "pitch_salience": {
        "kurt": -0.915649414062,
        "max": 0.828546464443,
        "mean": 0.645400762558,
        "median": 0.690573275089,
        "min": 0.454902857542,
        "skew": -0.344541043043,
        "var": 0.010584782809
    },
    "silence_rate_20dB": {
        "kurt": 0,
        "max": 1,
        "mean": 1,
        "median": 1,
        "min": 1,
        "skew": 0,
        "var": 0
    },
    "silence_rate_30dB": {
        "kurt": 0,
        "max": 1,
        "mean": 1,
        "median": 1,
        "min": 1,
        "skew": 0,
        "var": 0
    },
    "silence_rate_60dB": {
        "kurt": 4.61764240265,
        "max": 1,
        "mean": 0.89473682642,
        "median": 1,
        "min": 0,
        "skew": -2.57247757912,
        "var": 0.0941828563809
    },
    "spectral_centroid": {
        "kurt": 0.878069639206,
        "max": 1404.50524902,
        "mean": 683.803894043,
        "median": 551.628540039,
        "min": 413.092834473,
        "skew": 1.27347970009,
        "var": 69939.859375
    },
    "spectral_complexity": {
        "kurt": 3.23794269562,
        "max": 9,
        "mean": 1.10526311398,
        "median": 0,
        "min": 0,
        "skew": 2.15488529205,
        "var": 6.30470705032
    },
    "spectral_crest": {
        "kurt": -0.545795679092,
        "max": 14.3997850418,
        "mean": 8.62474536896,
        "median": 9.18974971771,
        "min": 3.77913022041,
        "skew": 0.0281308162957,
        "var": 7.58350515366
    },
    "spectral_decrease": {
        "kurt": 12.1283798218,
        "max": -1.77631292921e-13,
        "mean": -2.05916506069e-10,
        "median": -7.51819526773e-12,
        "min": -2.88421464489e-09,
        "skew": -3.67082715034,
        "var": 4.23467669971e-19
    },
    "spectral_energy": {
        "kurt": 12.2066688538,
        "max": 0.012474889867,
        "mean": 0.000882897526026,
        "median": 2.96349880955e-05,
        "min": 7.01666635905e-07,
        "skew": 3.68389058113,
        "var": 7.91162437963e-06
    },
    "spectral_energyband_high": {
        "kurt": 13.6790065765,
        "max": 8.68759088917e-05,
        "mean": 5.30585293745e-06,
        "median": 5.33039852257e-08,
        "min": 1.6318003615e-09,
        "skew": 3.93576693535,
        "var": 3.73817032884e-10
    },
    "spectral_energyband_low": {
        "kurt": 2.91877937317,
        "max": 1.63626136782e-05,
        "mean": 4.11598557548e-06,
        "median": 3.13106420435e-06,
        "min": 1.64806834846e-07,
        "skew": 1.89347207546,
        "var": 1.59153541041e-11
    },
    "spectral_energyband_middle_high": {
        "kurt": 12.5024242401,
        "max": 0.0109047964215,
        "mean": 0.000732437008992,
        "median": 6.98936128174e-06,
        "min": 1.75151001258e-07,
        "skew": 3.73412513733,
        "var": 6.03266653343e-06
    },
    "spectral_energyband_middle_low": {
        "kurt": 8.97288131714,
        "max": 0.00150890124496,
        "mean": 0.000147501166794,
        "median": 1.92031802726e-05,
        "min": 3.91901920693e-07,
        "skew": 3.13896751404,
        "var": 1.23906332306e-07
    },
    "spectral_flatness_db": {
        "kurt": -0.189770936966,
        "max": 0.24224755168,
        "mean": 0.20097091794,
        "median": 0.202075019479,
        "min": 0.134810775518,
        "skew": -0.527200162411,
        "var": 0.000772461760789
    },
    "spectral_flux": {
        "kurt": 3.74990940094,
        "max": 0.0943357422948,
        "mean": 0.0150320688263,
        "median": 0.00383936543949,
        "min": 0.00247367029078,
        "skew": 2.21454119682,
        "var": 0.000600805622526
    },
    "spectral_kurtosis": {
        "kurt": -0.397487640381,
        "max": 39.5636291504,
        "mean": 18.154378891,
        "median": 15.4954395294,
        "min": 6.47213935852,
        "skew": 0.685914993286,
        "var": 81.123878479
    },
    "spectral_rms": {
        "kurt": 7.89887809753,
        "max": 0.00348864216357,
        "mean": 0.000465067394543,
        "median": 0.000170035826159,
        "min": 2.61639597738e-05,
        "skew": 2.96029353142,
        "var": 6.45075772354e-07
    },
    "spectral_rolloff": {
        "kurt": -1.17624568939,
        "max": 1658.05664062,
        "mean": 1112.92663574,
        "median": 1012.06054688,
        "min": 710.595703125,
        "skew": 0.415546178818,
        "var": 84294.5078125
    },
    "spectral_skewness": {
        "kurt": -1.10401403904,
        "max": 4.485247612,
        "mean": 3.1042265892,
        "median": 2.95523786545,
        "min": 2.24014854431,
        "skew": 0.473477870226,
        "var": 0.442635685205
    },
    "spectral_spread": {
        "kurt": 6.58328437805,
        "max": 9091952,
        "mean": 2770378,
        "median": 2167548.25,
        "min": 1539561.625,
        "skew": 2.60004925728,
        "var": 2.9920985088e+12
    },
    "spectral_strongpeak": {
        "kurt": 6.74786376953,
        "max": 2.24714326859,
        "mean": 0.237801223993,
        "median": 0.0198785848916,
        "min": 0.000877870130353,
        "skew": 2.83058357239,
        "var": 0.30945071578
    },
    "zerocrossingrate": {
        "kurt": 0.145626068115,
        "max": 0.06005859375,
        "mean": 0.0368523858488,
        "median": 0.03955078125,
        "min": 0.0107421875,
        "skew": -0.401949465275,
        "var": 0.000150990963448
    },
    "barkbands": {
        "kurt": [0.282706022263, 3.20769882202, 2.87175607681, 8.84759044647, -1.07817673683, 7.60780620575, 9.64601612091, 9.39555549622, 6.12629127502, 6.91865539551, 12.7421274185, 11.3441791534, 12.8108911514, 13.3021011353, 5.01380348206, 11.6728277206, 13.6115512848, 13.9990959167, 13.6556587219, 13.7251319885, 13.6106128693, 13.8369026184, 13.5517559052, 13.7585926056, 13.6394004822, 13.552072525, 13.2689876556],
        "max": [2.11242848991e-07, 5.72900080442e-06, 6.99103156876e-06, 1.37948345582e-05, 1.3089854292e-05, 0.000440979289124, 0.000912132032681, 0.000113664646051, 8.07454489404e-06, 0.000167926598806, 0.000693758192938, 0.00533715309575, 0.000412373396102, 0.0026604202576, 3.31027076754e-05, 6.69274741085e-05, 0.00109663465992, 0.000248028460192, 0.00013947529078, 7.75511289248e-05, 1.95450247702e-05, 2.46139607043e-05, 5.9530125327e-06, 5.89108276472e-06, 1.8692114736e-06, 4.40421707992e-08, 1.32339716963e-09],
        "mean": [6.38453201418e-08, 1.43292902521e-06, 1.52836753387e-06, 2.25011240218e-06, 6.39431436866e-06, 4.37755297753e-05, 7.70703045418e-05, 9.60584475251e-06, 1.62917785929e-06, 1.91696890397e-05, 4.825401993e-05, 0.000373733637389, 2.86747017526e-05, 0.000164863231475, 3.53882637683e-06, 4.8234892347e-06, 6.53469542158e-05, 1.39457133628e-05, 8.60466116137e-06, 4.70127679364e-06, 1.20027107187e-06, 1.45326112033e-06, 3.68371047443e-07, 3.53543271103e-07, 1.13695165282e-07, 2.71297029286e-09, 9.00165358919e-11],
        "median": [4.02111020037e-08, 1.2600445416e-06, 9.02938495528e-07, 1.27596626953e-06, 5.99083887209e-06, 3.10647578772e-06, 9.85215251603e-07, 7.71492921103e-07, 9.81570792646e-07, 3.09873621518e-06, 1.61178547842e-06, 1.16610283385e-06, 4.85470764033e-07, 5.47895922409e-07, 2.5672090942e-07, 2.38312821921e-07, 1.67404294871e-07, 1.53750860932e-07, 1.09054980157e-07, 7.01087827792e-08, 1.87077890956e-08, 6.53945964046e-09, 8.8844315238e-10, 2.96632357566e-10, 4.7665940639e-11, 4.20546843877e-12, 1.24352969328e-12],
        "min": [3.61074947719e-09, 6.44766871005e-08, 2.94316961913e-08, 1.17042837644e-07, 1.37241102038e-07, 1.72653233932e-08, 9.41448732306e-08, 1.01222257243e-08, 5.23047649637e-09, 3.95230159711e-08, 6.44874873501e-08, 2.74714171411e-08, 1.14333191803e-08, 5.82968784357e-09, 1.51821470951e-08, 6.66512756098e-09, 4.45270664784e-09, 2.00561900421e-09, 1.31850985685e-09, 1.64254188029e-09, 8.07981570539e-10, 1.52930584862e-10, 5.36454006217e-11, 7.44948894238e-12, 3.23844575288e-12, 5.29158205968e-13, 7.10539754204e-14],
        "skew": [1.16199314594, 1.73731386662, 1.94800150394, 2.97656989098, 0.230751484632, 2.94279432297, 3.25776600838, 3.24453282356, 2.50538039207, 2.75635838509, 3.76941275597, 3.54877114296, 3.78148937225, 3.87031650543, 2.62178063393, 3.6000688076, 3.92482924461, 3.99592924118, 3.93144059181, 3.94453763962, 3.92385292053, 3.96510410309, 3.91266441345, 3.95020008087, 3.9286968708, 3.91295146942, 3.85882353783],
        "var": [3.96006198753e-15, 1.78311217788e-12, 3.31632746438e-12, 8.91100474659e-12, 1.34807659827e-11, 1.13661711154e-08, 4.52589041799e-08, 7.12318481977e-10, 3.21355984358e-12, 1.63262448005e-09, 2.41014372904e-08, 1.49545826389e-06, 8.49715586781e-09, 3.53931142172e-07, 8.36453475928e-11, 2.31347205282e-10, 5.98737770474e-08, 3.04923886141e-09, 9.62913859759e-10, 2.97750296641e-10, 1.89459142819e-11, 2.99948989257e-11, 1.75896558603e-12, 1.71867912697e-12, 1.73350469721e-13, 9.63332688495e-17, 8.65411155631e-20],
        "cov": [[4.18006524305e-15, 4.15217549742e-14, 4.20998041387e-14, 4.50827695759e-14, -9.72562467708e-15, -2.50134494281e-13, -1.01179177883e-12, -2.98661946953e-13, -6.73375226496e-15, -1.67164540673e-13, -1.38582504847e-12, -5.98454445722e-12, -6.19082530465e-13, -4.07614827308e-12, 1.2791879711e-14, -7.67644750392e-14, -1.7873547694e-12, -4.62730277272e-13, -2.44806616385e-13, -1.34929095891e-13, -3.32339001154e-14, -4.44483893322e-14, -1.02306502842e-14, -1.12882378344e-14, -3.75174482207e-15, -8.95352934347e-17, -2.77648466559e-18], [4.15217549742e-14, 1.88217410407e-12, 1.33008122745e-12, 1.67897949233e-13, 8.68383002225e-13, -3.49794802498e-12, -5.30329989992e-12, -2.20771751575e-12, 5.66928536722e-14, -2.6206174817e-12, -3.06525052736e-12, 1.34043887101e-11, -5.05702901429e-13, 7.30829719658e-12, 2.24604772173e-13, 2.32763515493e-13, 3.72421538053e-12, 7.22468959657e-13, 1.3928928269e-13, 1.43737981045e-13, 3.76989191004e-14, 4.10726919869e-14, 5.64843412657e-15, -7.45922042005e-16, -2.91682762233e-15, -1.04577347881e-16, -1.50711447339e-17], [4.20998041387e-14, 1.33008122745e-12, 3.50056789111e-12, 3.97457240731e-12, 1.91948735552e-12, -2.13591609677e-11, -5.80946332707e-11, -4.04536300291e-12, -7.06890817583e-13, -8.4338265538e-12, -3.73759322103e-11, -4.11087358598e-10, -2.5139687207e-11, -1.81451298431e-10, -3.23878814393e-12, -4.81884887896e-12, -7.5135161981e-11, -1.56854095684e-11, -8.97551911266e-12, -5.02345170669e-12, -1.29208677178e-12, -1.56435335606e-12, -3.85808166014e-13, -3.59379193071e-13, -1.09456436699e-13, -2.53619896792e-15, -4.4791075781e-17], [4.50827695759e-14, 1.67897949233e-13, 3.97457240731e-12, 9.40606099953e-12, -5.83910198838e-13, -1.33029125909e-11, -7.92264517879e-11, -1.04496706427e-11, -9.75851452596e-13, -1.47392723027e-11, -6.37611352605e-11, -5.21137799581e-10, -3.01406399839e-11, -2.23133511668e-10, -4.21247758897e-12, -6.06190835375e-12, -9.51787607062e-11, -1.99520122646e-11, -1.19695815759e-11, -6.55626247736e-12, -1.69848683729e-12, -2.04218066069e-12, -5.1439706444e-13, -5.02357595626e-13, -1.60572022258e-13, -3.78913582097e-15, -2.51650841651e-17], [-9.72562467708e-15, 8.68383002225e-13, 1.91948735552e-12, -5.83910198838e-13, 1.42296972816e-11, -4.11397339806e-11, -5.2923703614e-11, 5.77308166549e-12, -1.51820206797e-13, -1.56738901372e-12, 2.15253747986e-12, -3.57526175332e-10, -1.74204921322e-11, -1.17496790075e-10, -4.85710473577e-12, -4.10518841143e-12, -4.19608792157e-11, -5.76803665595e-12, -3.68320348179e-12, -2.24482585298e-12, -6.12685466597e-13, -6.37740999333e-13, -1.78020778999e-13, -9.71529578791e-14, -1.67796278174e-14, -3.00843127096e-16, -2.97101173763e-17], [-2.50134494281e-13, -3.49794802498e-12, -2.13591609677e-11, -1.33029125909e-11, -4.11397339806e-11, 1.19976242274e-08, 2.36573587387e-08, 2.55945331595e-09, 1.86742135644e-10, 4.30209778912e-09, 1.58319526378e-08, 1.34016516995e-07, 9.87729098512e-09, 6.27908818274e-08, 9.9385166763e-10, 1.66205005314e-09, 2.54695020629e-08, 5.56081847236e-09, 3.21458437647e-09, 1.78328385392e-09, 4.52877679802e-10, 5.61082513784e-10, 1.3823453493e-10, 1.33564756477e-10, 4.21443401011e-11, 9.93205084149e-13, 2.95449428811e-14], [-1.01179177883e-12, -5.30329989992e-12, -5.80946332707e-11, -7.92264517879e-11, -5.2923703614e-11, 2.36573587387e-08, 4.77732875481e-08, 5.47223866221e-09, 3.7504882533e-10, 8.79882477989e-09, 3.3323686921e-08, 2.71824603715e-07, 2.03048458047e-08, 1.29492065071e-07, 1.92414839617e-09, 3.37863581557e-09, 5.27972119357e-08, 1.16505063374e-08, 6.69254340835e-09, 3.71215858053e-09, 9.40702737928e-10, 1.17111975673e-09, 2.87209034333e-10, 2.79898326738e-10, 8.86145254397e-11, 2.0896255646e-12, 6.17703249119e-14], [-2.98661946953e-13, -2.20771751575e-12, -4.04536300291e-12, -1.04496706427e-11, 5.77308166549e-12, 2.55945331595e-09, 5.47223866221e-09, 7.51891715556e-10, 4.1585814653e-11, 1.07855380183e-09, 4.26727231329e-09, 3.07593559512e-08, 2.42063791234e-09, 1.53773793699e-08, 1.87585613709e-10, 3.85814852288e-10, 6.34549168765e-09, 1.44308165417e-09, 8.18835110827e-10, 4.53256404631e-10, 1.14140266683e-10, 1.44061665375e-10, 3.49596740445e-11, 3.49460738125e-11, 1.12009299405e-11, 2.65022297727e-13, 7.88904210106e-15], [-6.73375226496e-15, 5.66928536722e-14, -7.06890817583e-13, -9.75851452596e-13, -1.51820206797e-13, 1.86742135644e-10, 3.7504882533e-10, 4.1585814653e-11, 3.39209107851e-12, 6.82793682705e-11, 2.56036969404e-10, 2.14122120035e-09, 1.5805458331e-10, 1.00968955419e-09, 1.55910336724e-11, 2.65618239209e-11, 4.10829259501e-10, 9.00753152622e-11, 5.18977014141e-11, 2.87936809812e-11, 7.30827464518e-12, 9.06751757013e-12, 2.22899194761e-12, 2.16075594917e-12, 6.82327566844e-13, 1.60760331235e-14, 4.68978584791e-16], [-1.67164540673e-13, -2.6206174817e-12, -8.4338265538e-12, -1.47392723027e-11, -1.56738901372e-12, 4.30209778912e-09, 8.79882477989e-09, 1.07855380183e-09, 6.82793682705e-11, 1.72332592641e-09, 6.22627727154e-09, 4.86315592241e-08, 3.67820573999e-09, 2.31469101664e-08, 3.46119299888e-10, 6.05578198698e-10, 9.43554478994e-09, 2.08748440755e-09, 1.20859799946e-09, 6.68176014518e-10, 1.6925139068e-10, 2.10828340896e-10, 5.18610293598e-11, 5.08465353155e-11, 1.62105866924e-11, 3.8341603655e-13, 1.13140062708e-14], [-1.38582504847e-12, -3.06525052736e-12, -3.73759322103e-11, -6.37611352605e-11, 2.15253747986e-12, 1.58319526378e-08, 3.3323686921e-08, 4.26727231329e-09, 2.56036969404e-10, 6.22627727154e-09, 2.54404071143e-08, 1.92426256262e-07, 1.48906673658e-08, 9.56809600439e-08, 1.1931016175e-09, 2.40721975686e-09, 3.94380919033e-08, 8.91886298149e-09, 5.03680031017e-09, 2.79595435693e-09, 7.04779845595e-10, 8.87718565323e-10, 2.15163983852e-10, 2.13463469123e-10, 6.79565848039e-11, 1.60347473147e-12, 4.7662981011e-14], [-5.98454445722e-12, 1.34043887101e-11, -4.11087358598e-10, -5.21137799581e-10, -3.57526175332e-10, 1.34016516995e-07, 2.71824603715e-07, 3.07593559512e-08, 2.14122120035e-09, 4.86315592241e-08, 1.92426256262e-07, 1.57853935434e-06, 1.18023194773e-07, 7.59827514685e-07, 1.08291402512e-08, 1.96277092357e-08, 3.10702972683e-07, 6.88735966037e-08, 3.92336652055e-08, 2.18045350664e-08, 5.51960610551e-09, 6.88860835041e-09, 1.68181224502e-09, 1.64080793397e-09, 5.18190823584e-10, 1.22005686803e-11, 3.60529206316e-13], [-6.19082530465e-13, -5.05702901429e-13, -2.5139687207e-11, -3.01406399839e-11, -1.74204921322e-11, 9.87729098512e-09, 2.03048458047e-08, 2.42063791234e-09, 1.5805458331e-10, 3.67820573999e-09, 1.48906673658e-08, 1.18023194773e-07, 8.96922003335e-09, 5.77614009956e-08, 7.7040895885e-10, 1.47190226674e-09, 2.37096688949e-08, 5.30798693887e-09, 3.0067384138e-09, 1.67087144121e-09, 4.22047868875e-10, 5.29207511146e-10, 1.28663121823e-10, 1.26482865848e-10, 4.00666062828e-11, 9.43980353954e-13, 2.8077947885e-14], [-4.07614827308e-12, 7.30829719658e-12, -1.81451298431e-10, -2.23133511668e-10, -1.17496790075e-10, 6.27908818274e-08, 1.29492065071e-07, 1.53773793699e-08, 1.00968955419e-09, 2.31469101664e-08, 9.56809600439e-08, 7.59827514685e-07, 5.77614009956e-08, 3.73593962877e-07, 4.88230744722e-09, 9.47709200005e-09, 1.53557280669e-07, 3.44448451983e-08, 1.94418223742e-08, 1.08130100429e-08, 2.73005418272e-09, 3.42686190535e-09, 8.31541058233e-10, 8.17912626516e-10, 2.58834037536e-10, 6.09423926254e-12, 1.81081644362e-13], [1.2791879711e-14, 2.24604772173e-13, -3.23878814393e-12, -4.21247758897e-12, -4.85710473577e-12, 9.9385166763e-10, 1.92414839617e-09, 1.87585613709e-10, 1.55910336724e-11, 3.46119299888e-10, 1.1931016175e-09, 1.08291402512e-08, 7.7040895885e-10, 4.88230744722e-09, 8.82923109624e-11, 1.33462074725e-10, 1.96288474363e-09, 4.18074214137e-10, 2.45778897234e-10, 1.3624501527e-10, 3.47874472284e-11, 4.25890676892e-11, 1.06139281392e-11, 1.00763781e-11, 3.16076158302e-12, 7.44205044811e-14, 2.16091297383e-15], [-7.67644750392e-14, 2.32763515493e-13, -4.81884887896e-12, -6.06190835375e-12, -4.10518841143e-12, 1.66205005314e-09, 3.37863581557e-09, 3.85814852288e-10, 2.65618239209e-11, 6.05578198698e-10, 2.40721975686e-09, 1.96277092357e-08, 1.47190226674e-09, 9.47709200005e-09, 1.33462074725e-10, 2.44199827026e-10, 3.87804099944e-09, 8.6123513876e-10, 4.90050833246e-10, 2.7235264044e-10, 6.89150819744e-11, 8.60833973548e-11, 2.09996343231e-11, 2.05157366789e-11, 6.48247731536e-12, 1.52641679678e-13, 4.51655839871e-15], [-1.7873547694e-12, 3.72421538053e-12, -7.5135161981e-11, -9.51787607062e-11, -4.19608792157e-11, 2.54695020629e-08, 5.27972119357e-08, 6.34549168765e-09, 4.10829259501e-10, 9.43554478994e-09, 3.94380919033e-08, 3.10702972683e-07, 2.37096688949e-08, 1.53557280669e-07, 1.96288474363e-09, 3.87804099944e-09, 6.32000975997e-08, 1.42164680028e-08, 8.0066691055e-09, 4.4538563948e-09, 1.12381504103e-09, 1.41257061603e-09, 3.42263106745e-10, 3.37318700749e-10, 1.06798819788e-10, 2.51456321043e-12, 7.47367662549e-14], [-4.62730277272e-13, 7.22468959657e-13, -1.56854095684e-11, -1.99520122646e-11, -5.76803665595e-12, 5.56081847236e-09, 1.16505063374e-08, 1.44308165417e-09, 9.00753152622e-11, 2.08748440755e-09, 8.91886298149e-09, 6.88735966037e-08, 5.30798693887e-09, 3.44448451983e-08, 4.18074214137e-10, 8.6123513876e-10, 1.42164680028e-08, 3.21864090935e-09, 1.80449732934e-09, 1.00403096948e-09, 2.52980469906e-10, 3.1897526287e-10, 7.7043850466e-11, 7.62851795622e-11, 2.41866162515e-11, 5.69556337857e-13, 1.69746673179e-14], [-2.44806616385e-13, 1.3928928269e-13, -8.97551911266e-12, -1.19695815759e-11, -3.68320348179e-12, 3.21458437647e-09, 6.69254340835e-09, 8.18835110827e-10, 5.18977014141e-11, 1.20859799946e-09, 5.03680031017e-09, 3.92336652055e-08, 3.0067384138e-09, 1.94418223742e-08, 2.45778897234e-10, 4.90050833246e-10, 8.0066691055e-09, 1.80449732934e-09, 1.01640906802e-09, 5.65142099784e-10, 1.425442403e-10, 1.79315576276e-10, 4.34360811208e-11, 4.28940077901e-11, 1.35996457151e-11, 3.20364123684e-13, 9.52744099028e-15], [-1.34929095891e-13, 1.43737981045e-13, -5.02345170669e-12, -6.55626247736e-12, -2.24482585298e-12, 1.78328385392e-09, 3.71215858053e-09, 4.53256404631e-10, 2.87936809812e-11, 6.68176014518e-10, 2.79595435693e-09, 2.18045350664e-08, 1.67087144121e-09, 1.08130100429e-08, 1.3624501527e-10, 2.7235264044e-10, 4.4538563948e-09, 1.00403096948e-09, 5.65142099784e-10, 3.14291981329e-10, 7.92675716732e-11, 9.97316257356e-11, 2.41497117442e-11, 2.38472644409e-11, 7.55861519208e-12, 1.78028802095e-13, 5.29594305963e-15], [-3.32339001154e-14, 3.76989191004e-14, -1.29208677178e-12, -1.69848683729e-12, -6.12685466597e-13, 4.52877679802e-10, 9.40702737928e-10, 1.14140266683e-10, 7.30827464518e-12, 1.6925139068e-10, 7.04779845595e-10, 5.51960610551e-09, 4.22047868875e-10, 2.73005418272e-09, 3.47874472284e-11, 6.89150819744e-11, 1.12381504103e-09, 2.52980469906e-10, 1.425442403e-10, 7.92675716732e-11, 1.99984664245e-11, 2.51439008503e-11, 6.0928506164e-12, 6.01051500237e-12, 1.90455442216e-12, 4.48572521359e-14, 1.33340763002e-15], [-4.44483893322e-14, 4.10726919869e-14, -1.56435335606e-12, -2.04218066069e-12, -6.37740999333e-13, 5.61082513784e-10, 1.17111975673e-09, 1.44061665375e-10, 9.06751757013e-12, 2.10828340896e-10, 8.87718565323e-10, 6.88860835041e-09, 5.29207511146e-10, 3.42686190535e-09, 4.25890676892e-11, 8.60833973548e-11, 1.41257061603e-09, 3.1897526287e-10, 1.79315576276e-10, 9.97316257356e-11, 2.51439008503e-11, 3.16612812357e-11, 7.66011039322e-12, 7.57320421652e-12, 2.40116932414e-12, 5.65560375225e-14, 1.68370350519e-15], [-1.02306502842e-14, 5.64843412657e-15, -3.85808166014e-13, -5.1439706444e-13, -1.78020778999e-13, 1.3823453493e-10, 2.87209034333e-10, 3.49596740445e-11, 2.22899194761e-12, 5.18610293598e-11, 2.15163983852e-10, 1.68181224502e-09, 1.28663121823e-10, 8.31541058233e-10, 1.06139281392e-11, 2.09996343231e-11, 3.42263106745e-10, 7.7043850466e-11, 4.34360811208e-11, 2.41497117442e-11, 6.0928506164e-12, 7.66011039322e-12, 1.85668581204e-12, 1.83197380876e-12, 5.80708387193e-13, 1.3679603274e-14, 4.06676135147e-16], [-1.12882378344e-14, -7.45922042005e-16, -3.59379193071e-13, -5.02357595626e-13, -9.71529578791e-14, 1.33564756477e-10, 2.79898326738e-10, 3.49460738125e-11, 2.16075594917e-12, 5.08465353155e-11, 2.13463469123e-10, 1.64080793397e-09, 1.26482865848e-10, 8.17912626516e-10, 1.00763781e-11, 2.05157366789e-11, 3.37318700749e-10, 7.62851795622e-11, 4.28940077901e-11, 2.38472644409e-11, 6.01051500237e-12, 7.57320421652e-12, 1.83197380876e-12, 1.81416123443e-12, 5.75882603323e-13, 1.35700116102e-14, 4.03996414069e-16], [-3.75174482207e-15, -2.91682762233e-15, -1.09456436699e-13, -1.60572022258e-13, -1.67796278174e-14, 4.21443401011e-11, 8.86145254397e-11, 1.12009299405e-11, 6.82327566844e-13, 1.62105866924e-11, 6.79565848039e-11, 5.18190823584e-10, 4.00666062828e-11, 2.58834037536e-10, 3.16076158302e-12, 6.48247731536e-12, 1.06798819788e-10, 2.41866162515e-11, 1.35996457151e-11, 7.55861519208e-12, 1.90455442216e-12, 2.40116932414e-12, 5.80708387193e-13, 5.75882603323e-13, 1.82981058148e-13, 4.31319764654e-15, 1.28441892365e-16], [-8.95352934347e-17, -1.04577347881e-16, -2.53619896792e-15, -3.78913582097e-15, -3.00843127096e-16, 9.93205084149e-13, 2.0896255646e-12, 2.65022297727e-13, 1.60760331235e-14, 3.8341603655e-13, 1.60347473147e-12, 1.22005686803e-11, 9.43980353954e-13, 6.09423926254e-12, 7.44205044811e-14, 1.52641679678e-13, 2.51456321043e-12, 5.69556337857e-13, 3.20364123684e-13, 1.78028802095e-13, 4.48572521359e-14, 5.65560375225e-14, 1.3679603274e-14, 1.35700116102e-14, 4.31319764654e-15, 1.01685114178e-16, 3.02821702589e-18], [-2.77648466559e-18, -1.50711447339e-17, -4.4791075781e-17, -2.51650841651e-17, -2.97101173763e-17, 2.95449428811e-14, 6.17703249119e-14, 7.88904210106e-15, 4.68978584791e-16, 1.13140062708e-14, 4.7662981011e-14, 3.60529206316e-13, 2.8077947885e-14, 1.81081644362e-13, 2.16091297383e-15, 4.51655839871e-15, 7.47367662549e-14, 1.69746673179e-14, 9.52744099028e-15, 5.29594305963e-15, 1.33340763002e-15, 1.68370350519e-15, 4.06676135147e-16, 4.03996414069e-16, 1.28441892365e-16, 3.02821702589e-18, 9.13489542396e-20]]
    },
    "mfcc": {
        "kurt": [1.86451148987, 3.89758634567, 0.759475469589, -0.129164934158, 0.993951559067, -0.424000263214, -0.0503566265106, -0.10248875618, -1.12453854084, -0.304348945618, 0.119987249374, 0.283847570419, 0.385982513428],
        "max": [-692.507263184, 161.212249756, 32.3618812561, 10.2778816223, 19.582901001, 10.6308479309, 16.2961769104, 12.0312671661, 1.6608581543, 0.292221069336, 7.607213974, 18.5384292603, 22.1003341675],
        "mean": [-951.952941895, 126.461769104, -5.00663614273, -11.5447340012, -0.498785734177, 0.573545336723, 3.005838871, -2.10384774208, -11.852221489, -9.60956478119, -7.15884065628, -5.85387945175, 0.211548656225],
        "median": [-980.207946777, 131.985107422, 11.927520752, -11.1772880554, 2.15447998047, 1.36069488525, 3.58086013794, 1.68167877197, -5.97593688965, -9.41095733643, -7.85026359558, -7.17296600342, -2.16818237305],
        "min": [-1099.00927734, 46.9631767273, -99.5555725098, -28.2496185303, -31.377204895, -16.1378250122, -6.91611099243, -24.113571167, -33.1011505127, -23.4344558716, -18.3898525238, -19.736656189, -15.7176322937],
        "skew": [1.39824235439, -1.93724668026, -1.27949857712, 0.224457368255, -0.900824606419, -0.601366579533, 0.229611456394, -0.866012215614, -0.710159420967, -0.501377284527, 0.56717222929, 0.828408420086, 0.824260950089],
        "var": [8036.70947266, 584.507995605, 1408.32800293, 89.1238098145, 132.475082397, 56.0217094421, 31.8865394592, 82.9533996582, 146.653167725, 39.5419998169, 37.8094329834, 100.717575073, 87.9441757202],
        "cov": [[8483.19335938, 164.369308472, -3346.90209961, -639.881103516, -669.373962402, -171.784973145, -208.851119995, -539.939697266, -914.847900391, -401.161743164, 433.098358154, 730.515380859, 658.500305176], [164.369308472, 616.980712891, 44.8686943054, -77.1949768066, 67.6200637817, -0.99275547266, 6.31464290619, -29.1930065155, -30.8487014771, 20.6289272308, -14.3583116531, -59.1310768127, -48.0691070557], [-3346.90209961, 44.8686943054, 1486.56848145, 256.94052124, 253.804550171, 69.0653686523, 77.0827636719, 224.44493103, 409.393310547, 160.450210571, -186.943023682, -320.247772217, -298.373016357], [-639.881103516, -77.1949768066, 256.94052124, 94.0751342773, 56.9949417114, 8.29339981079, 21.6733970642, 60.4689254761, 85.2163391113, 32.9830284119, -30.8326034546, -49.3571777344, -46.153591156], [-669.373962402, 67.6200637817, 253.804550171, 56.9949417114, 139.83480835, 41.1453437805, 21.7300758362, 60.9490623474, 80.5453109741, 41.6263542175, -41.1777877808, -63.9014816284, -49.140007019], [-171.784973145, -0.99275547266, 69.0653686523, 8.29339981079, 41.1453437805, 59.1340255737, 0.509056210518, 5.44382238388, 26.429265976, 9.48250961304, -23.7524795532, -8.97332191467, 4.93350315094], [-208.851119995, 6.31464290619, 77.0827636719, 21.6733970642, 21.7300758362, 0.509056210518, 33.6580123901, 35.0032348633, 24.2655963898, 8.72755622864, -12.4795484543, -33.0388641357, -24.0476398468], [-539.939697266, -29.1930065155, 224.44493103, 60.4689254761, 60.9490623474, 5.44382238388, 35.0032348633, 87.561920166, 95.5210418701, 33.1258049011, -35.5025138855, -62.2675971985, -54.5576019287], [-914.847900391, -30.8487014771, 409.393310547, 85.2163391113, 80.5453109741, 26.429265976, 24.2655963898, 95.5210418701, 154.800567627, 62.4198875427, -53.6897163391, -85.5897521973, -78.2238693237], [-401.161743164, 20.6289272308, 160.450210571, 32.9830284119, 41.6263542175, 9.48250961304, 8.72755622864, 33.1258049011, 62.4198875427, 41.7387771606, -16.7756767273, -36.4165840149, -31.9717845917], [433.098358154, -14.3583116531, -186.943023682, -30.8326034546, -41.1777877808, -23.7524795532, -12.4795484543, -35.5025138855, -53.6897163391, -16.7756767273, 39.9099578857, 53.1544494629, 43.6850852966], [730.515380859, -59.1310768127, -320.247772217, -49.3571777344, -63.9014816284, -8.97332191467, -33.0388641357, -62.2675971985, -85.5897521973, -36.4165840149, 53.1544494629, 106.312995911, 94.9311447144], [658.500305176, -48.0691070557, -298.373016357, -46.153591156, -49.140007019, 4.93350315094, -24.0476398468, -54.5576019287, -78.2238693237, -31.9717845917, 43.6850852966, 94.9311447144, 92.8299636841]]
    },
    "sccoeffs": {
        "kurt": [-0.389009952545, 0.147047519684, 1.63999509811, 0.778972864151, 3.30857515335, 0.85245847702],
        "max": [-0.694256722927, -0.560224533081, -0.562459647655, -0.529700756073, -0.722261190414, -0.786221086979],
        "mean": [-0.796646237373, -0.783112347126, -0.812728703022, -0.8026304245, -0.852742552757, -0.822323441505],
        "median": [-0.811698555946, -0.827649593353, -0.838515400887, -0.837718546391, -0.859966158867, -0.812037885189],
        "min": [-0.894686460495, -0.894475162029, -0.916271448135, -0.923091888428, -0.907162964344, -0.903829991817],
        "skew": [0.232723876834, 1.11177539825, 1.50714623928, 1.35701656342, 1.61115038395, -1.00969612598],
        "var": [0.00272988644429, 0.00942235440016, 0.00740624498576, 0.0122501207516, 0.00161114556249, 0.000835123995785],
        "cov": [[0.00288154673763, -0.000814880535472, -9.44330022321e-05, -0.000227628537687, 9.9841519841e-05, 0.000508091470692], [-0.000814880535472, 0.00994581822306, 0.00664955470711, 0.0096598751843, 0.00281375506893, -0.000743029173464], [-9.44330022321e-05, 0.00664955470711, 0.00781770329922, 0.00900163687766, 0.00315461563878, -0.000611174560618], [-0.000227628537687, 0.0096598751843, 0.00900163687766, 0.0129306828603, 0.0041206786409, -0.000919635931496], [9.9841519841e-05, 0.00281375506893, 0.00315461563878, 0.0041206786409, 0.00170065357815, -0.000255694496445], [0.000508091470692, -0.000743029173464, -0.000611174560618, -0.000919635931496, -0.000255694496445, 0.0008815198089]]
    },
    "scvalleys": {
        "kurt": [-0.534198045731, 2.16996955872, 1.97030496597, 2.54717683792, 1.20606040955, 0.638892412186],
        "max": [-7.67142724991, -7.24060869217, -7.48347425461, -7.431828022, -7.40514707565, -9.03608989716],
        "mean": [-8.4398727417, -8.51829242706, -8.55064105988, -9.45808410645, -10.4016628265, -13.4123277664],
        "median": [-8.32692050934, -8.41727638245, -8.62773227692, -9.50689411163, -10.6407985687, -14.0190086365],
        "min": [-9.37918186188, -10.7158641815, -10.1351909637, -11.0049943924, -12.5022144318, -15.5682830811],
        "skew": [-0.564734995365, -1.16169440746, -0.597787618637, 0.874373197556, 1.06578910351, 1.26955008507],
        "var": [0.209866315126, 0.540714144707, 0.306408166885, 0.475872904062, 1.27847194672, 2.81269454956],
        "cov": [[0.221525549889, 0.126313298941, 0.117612682283, 0.103301540017, 0.166590988636, 0.1390696913], [0.126313298941, 0.57075381279, 0.394918471575, 0.43300268054, 0.719999313354, 0.904452204704], [0.117612682283, 0.394918471575, 0.323430866003, 0.364140868187, 0.6051171422, 0.76200979948], [0.103301540017, 0.43300268054, 0.364140868187, 0.502310276031, 0.784993767738, 1.03793179989], [0.166590988636, 0.719999313354, 0.6051171422, 0.784993767738, 1.34949815273, 1.84188520908], [0.1390696913, 0.904452204704, 0.76200979948, 1.03793179989, 1.84188520908, 2.9689552784]]
    }
},
"rhythm": {
    "bpm": 0,
    "confidence": 0,
    "first_peak_bpm": {
        "kurt": 0,
        "max": 0,
        "mean": 0,
        "median": 0,
        "min": 0,
        "skew": 0,
        "var": 0
    },
    "first_peak_spread": {
        "kurt": 0,
        "max": 0,
        "mean": 0,
        "median": 0,
        "min": 0,
        "skew": 0,
        "var": 0
    },
    "first_peak_weight": {
        "kurt": 0,
        "max": 0,
        "mean": 0,
        "median": 0,
        "min": 0,
        "skew": 0,
        "var": 0
    },
    "onset_rate": 4.88669729233,
    "second_peak_bpm": {
        "kurt": 0,
        "max": 0,
        "mean": 0,
        "median": 0,
        "min": 0,
        "skew": 0,
        "var": 0
    },
    "second_peak_spread": {
        "kurt": 0,
        "max": 0,
        "mean": 0,
        "median": 0,
        "min": 0,
        "skew": 0,
        "var": 0
    },
    "second_peak_weight": {
        "kurt": 0,
        "max": 0,
        "mean": 0,
        "median": 0,
        "min": 0,
        "skew": 0,
        "var": 0
    },
    "beats_position": [],
    "bpm_estimates": [],
    "bpm_intervals": [],
    "onset_times": [0.0348299331963, 0.0928798168898],
    "histogram": [[0, 0, 0, 0, 0, 0, 0, 0, 0, 0, 0, 0, 0, 0, 0, 0, 0, 0, 0, 0, 0, 0, 0, 0, 0, 0, 0, 0, 0, 0, 0, 0, 0, 0, 0, 0, 0, 0, 0, 0, 0, 0, 0, 0, 0, 0, 0, 0, 0, 0, 0, 0, 0, 0, 0, 0, 0, 0, 0, 0, 0, 0, 0, 0, 0, 0, 0, 0, 0, 0, 0, 0, 0, 0, 0, 0, 0, 0, 0, 0, 0, 0, 0, 0, 0, 0, 0, 0, 0, 0, 0, 0, 0, 0, 0, 0, 0, 0, 0, 0, 0, 0, 0, 0, 0, 0, 0, 0, 0, 0, 0, 0, 0, 0, 0, 0, 0, 0, 0, 0, 0, 0, 0, 0, 0, 0, 0, 0, 0, 0, 0, 0, 0, 0, 0, 0, 0, 0, 0, 0, 0, 0, 0, 0, 0, 0, 0, 0, 0, 0, 0, 0, 0, 0, 0, 0, 0, 0, 0, 0, 0, 0, 0, 0, 0, 0, 0, 0, 0, 0, 0, 0, 0, 0, 0, 0, 0, 0, 0, 0, 0, 0, 0, 0, 0, 0, 0, 0, 0, 0, 0, 0, 0, 0, 0, 0, 0, 0, 0, 0, 0, 0, 0, 0, 0, 0, 0, 0, 0, 0, 0, 0, 0, 0, 0, 0, 0, 0, 0, 0, 0, 0, 0, 0, 0, 0, 0, 0, 0, 0, 0, 0, 0, 0, 0, 0, 0, 0, 0, 0, 0, 0, 0, 0, 0, 0, 0, 0, 0, 0]]
},
"sfx": {
    "inharmonicity": {
        "kurt": 1.04803752899,
        "max": 0.34553450346,
        "mean": 0.1001862064,
        "median": 0.078796595335,
        "min": 0.00487433141097,
        "skew": 1.42209362984,
        "var": 0.00871474295855
    },
    "oddtoevenharmonicenergyratio": {
        "kurt": 3.04476451874,
        "max": 3.00890612602,
        "mean": 0.600472867489,
        "median": 0.292145192623,
        "min": 0.0419207215309,
        "skew": 2.01413798332,
        "var": 0.585748374462
    },
    "pitch_after_max_to_before_max_energy_ratio": 1.99616479874,
    "pitch_centroid": 8.19822597504,
    "pitch_max_to_total": 0.263157904148,
    "pitch_min_to_total": 0.789473712444,
    "tristimulus": {
        "kurt": [-0.980204105377, -0.619530677795, -0.174057483673],
        "max": [0.452818721533, 0.667345225811, 0.72144818306],
        "mean": [0.257532119751, 0.406329154968, 0.336138665676],
        "median": [0.294710129499, 0.372165709734, 0.332654505968],
        "min": [0, 0.143844738603, 0.0815284773707],
        "skew": [-0.455245286226, 0.343826144934, 0.721981883049],
        "var": [0.0195996500552, 0.0183322802186, 0.0274168029428],
        "cov": [[0.0206885188818, -0.00554965250194, -0.0151388626546], [-0.00554965250194, 0.0193507410586, -0.0138010922819], [-0.0151388626546, -0.0138010922819, 0.0289399586618]]
    }
},
"tonal": {
    "chords_changes_rate": 0,
    "chords_number_rate": 0.10000000149,
    "chords_strength": {
        "kurt": -2,
        "max": 0.61637377739,
        "mean": 0.616373836994,
        "median": 0.61637377739,
        "min": 0.61637377739,
        "skew": -1,
        "var": 3.5527136788e-15
    },
    "key_strength": 0.641070187092,
    "tuning_diatonic_strength": 0.473676413298,
    "tuning_equal_tempered_deviation": 0.213162019849,
    "tuning_frequency": 451.84777832,
    "tuning_nontempered_energy_ratio": 0.819103598595,
    "hpcp": {
        "kurt": [-0.313280582428, -0.804157495499, 3.22251749039, -0.858720064163, -1.11828136444, 1.60065698624, -0.927097082138, 0.207769393921, 0.941744089127, 2.60654258728, 1.98167228699, 0.723653554916, 3.71091032028, 2.43415355682, -0.0179882049561, -1.26988339424, -1.43705940247, 3.63701152802, -0.297696113586, -0.18669462204, -0.210902452469, 0.147696256638, 4.00243091583, 0.423598766327, 3.22657108307, -0.651164531708, -0.890619277954, 0.814674377441, -1.16287732124, 0.0902459621429, -1.02795791626, -0.666110515594, 0.123677968979, -1.00498282909, -0.765956163406, -0.247602462769],
        "max": [0.326136678457, 0.230440914631, 0.280317664146, 0.366603374481, 0.537103712559, 1, 0.775879323483, 1, 0.798691511154, 0.662754356861, 1, 0.564076960087, 0.398457616568, 0.330862939358, 0.76393777132, 1, 0.625988781452, 1, 0.489156067371, 0.394228279591, 0.440215319395, 0.383472532034, 0.471052289009, 0.413769155741, 1, 0.685769021511, 0.263425648212, 0.439433425665, 0.641877472401, 1, 1, 0.736646056175, 0.294090300798, 0.17442676425, 0.26378852129, 0.399357706308],
        "mean": [0.120535217226, 0.0823824331164, 0.0677006095648, 0.155506968498, 0.271700054407, 0.326806366444, 0.301677316427, 0.236092492938, 0.16079108417, 0.142254918814, 0.194666430354, 0.143907770514, 0.0792323052883, 0.0785960555077, 0.245300009847, 0.401918411255, 0.294473230839, 0.191381767392, 0.172561734915, 0.136348932981, 0.12157253921, 0.113648399711, 0.0969397872686, 0.122703671455, 0.221222996712, 0.242501586676, 0.130154177547, 0.104925073683, 0.2117010355, 0.365059912205, 0.456004559994, 0.301329016685, 0.0865637362003, 0.0578088238835, 0.0936079323292, 0.123232282698],
        "median": [0.117986157537, 0.0686625614762, 0.0444748327136, 0.129702478647, 0.243970513344, 0.223111122847, 0.222339630127, 0.0536023005843, 0.0380727946758, 0.0784227102995, 0.0592189654708, 0.0758907943964, 0.0377361401916, 0.0488068833947, 0.14591948688, 0.247634798288, 0.241658627987, 0.0762801915407, 0.152573317289, 0.137052893639, 0.0514692999423, 0.0659012496471, 0.0711444914341, 0.0740898400545, 0.124930329621, 0.151845902205, 0.103466309607, 0.0457791537046, 0.0643509030342, 0.240810751915, 0.450578987598, 0.265819966793, 0.0511899441481, 0.0159457270056, 0.0717390924692, 0.0594260916114],
        "min": [0.00164986972231, 0.00232185120694, 0.00555666442961, 0.0144216818735, 0.0558036714792, 0.0531630441546, 0.0197578985244, 0.00958216097206, 0.00121551274788, 0.00140842073597, 0.00124482996762, 0.00207129400223, 0.00254163402133, 0.0019956456963, 0.015701264143, 0.0298713278025, 0.0339623466134, 0.025918468833, 0.00297789974138, 0.000784714473411, 0.00111681316048, 0.00139117892832, 0.00380011275411, 0.00664162542671, 0.0247587114573, 0.0112277856097, 0.0564794801176, 0.00711444253102, 0.00862282235175, 0.0797109082341, 0.0324386171997, 0.00177627138328, 0.00668769935146, 0.00733208376914, 0.00407828763127, 0.0022004165221],
        "skew": [0.661890149117, 0.733280003071, 2.06484556198, 0.688435137272, 0.310304522514, 1.52679228783, 0.726907908916, 1.46972608566, 1.6296325922, 1.8783082962, 1.83737659454, 1.43822789192, 2.25103926659, 1.81683409214, 1.03454506397, 0.705049574375, 0.343100428581, 2.24800539017, 0.744813084602, 0.670727431774, 1.16227781773, 1.18589985371, 2.30250310898, 1.17381393909, 2.07914543152, 0.746771872044, 0.695645928383, 1.48965835571, 0.711189329624, 1.30640125275, 0.242164701223, 0.474017322063, 1.11508393288, 0.721435427666, 0.733230233192, 1.00558757782],
