{
"metadata": {
    "version": {
        "essentia": "2.1-beta3"
    }
},
"lowLevel": {
    "average_loudness": 0.217187345028,
    "barkbands_kurtosis": {
        "kurt": 15.1514320374,
        "max": 28.6394805908,
        "mean": 1.06262254715,
        "median": 0.404766082764,
        "min": -1.8787946701,
        "skew": 2.8696873188,
        "var": 5.49751901627
    },
    "barkbands_skewness": {
        "kurt": 2.51306247711,
        "max": 4.65193414688,
        "mean": 0.765049755573,
        "median": 0.75113338232,
        "min": -5.36672496796,
        "skew": -0.276166707277,
        "var": 0.662730813026
    },
    "barkbands_spread": {
        "kurt": 0.352861642838,
        "max": 50.8045272827,
        "mean": 15.8601779938,
        "median": 14.9015045166,
        "min": 2.04903936386,
        "skew": 0.67092359066,
        "var": 48.3095703125
    },
    "dissonance": {
        "kurt": 2.4169383049,
        "max": 0.500000119209,
        "mean": 0.457151770592,
        "median": 0.466032862663,
        "min": 0.276511758566,
        "skew": -1.42649292946,
        "var": 0.00109569518827
    },
    "hfc": {
        "kurt": 182.006820679,
        "max": 47.3046913147,
        "mean": 1.16126358509,
        "median": 0.802726507187,
        "min": 1.3747671801e-07,
        "skew": 11.6038837433,
        "var": 4.38181400299
    },
    "pitch": {
        "kurt": 33.6517562866,
        "max": 4319.26660156,
        "mean": 332.910064697,
        "median": 259.569458008,
        "min": 48.1168632507,
        "skew": 5.7032585144,
        "var": 216058.609375
    },
    "pitch_instantaneous_confidence": {
        "kurt": -0.48192858696,
        "max": 0.984252929688,
        "mean": 0.413376003504,
        "median": 0.36869519949,
        "min": 0.117515683174,
        "skew": 0.683662474155,
        "var": 0.0347358360887
    },
    "pitch_salience": {
        "kurt": 1.15549135208,
        "max": 0.87984919548,
        "mean": 0.651212275028,
        "median": 0.669494271278,
        "min": 0.142817676067,
        "skew": -0.956942617893,
        "var": 0.0103320106864
    },
    "silence_rate_20dB": {
        "kurt": 0,
        "max": 1,
        "mean": 1,
        "median": 1,
        "min": 1,
        "skew": 0,
        "var": 0
    },
    "silence_rate_30dB": {
        "kurt": 0,
        "max": 1,
        "mean": 1,
        "median": 1,
        "min": 1,
        "skew": 0,
        "var": 0
    },
    "silence_rate_60dB": {
        "kurt": 27.0078487396,
        "max": 1,
        "mean": 0.968724608421,
        "median": 1,
        "min": 0,
        "skew": -5.38608217239,
        "var": 0.0302960593253
    },
    "spectral_centroid": {
        "kurt": 15.4717388153,
        "max": 3297.68847656,
        "mean": 899.038818359,
        "median": 867.923095703,
        "min": 248.055236816,
        "skew": 2.74966526031,
        "var": 82165.1875
    },
    "spectral_complexity": {
        "kurt": 4.98715019226,
        "max": 22,
        "mean": 4.08306264877,
        "median": 4,
        "min": 0,
        "skew": 1.51010882854,
        "var": 7.31256008148
    },
    "spectral_crest": {
        "kurt": 1.24993944168,
        "max": 25.8917541504,
        "mean": 8.74242782593,
        "median": 7.79389381409,
        "min": 2.68773818016,
        "skew": 1.1811259985,
        "var": 15.0437746048
    },
    "spectral_decrease": {
        "kurt": 76.7745285034,
        "max": -9.52331053999e-17,
        "mean": -2.88324031317e-10,
        "median": -2.25302609902e-10,
        "min": -5.34889510462e-09,
        "skew": -6.79537343979,
        "var": 8.92519221398e-20
    },
    "spectral_energy": {
        "kurt": 79.8819122314,
        "max": 0.0223588999361,
        "mean": 0.00119353237096,
        "median": 0.000925423984881,
        "min": 3.71900565899e-10,
        "skew": 7.06556272507,
        "var": 1.6532585505e-06
    },
    "spectral_energyband_high": {
        "kurt": 333.753112793,
        "max": 0.00137555552647,
        "mean": 1.30055032059e-05,
        "median": 4.6854561333e-06,
        "min": 2.00399310861e-12,
        "skew": 14.8622331619,
        "var": 1.75941750058e-09
    },
    "spectral_energyband_low": {
        "kurt": 183.858322144,
        "max": 0.0021867917385,
        "mean": 4.94042578794e-05,
        "median": 2.74505982816e-05,
        "min": 1.24262961032e-10,
        "skew": 11.0432014465,
        "var": 8.3876381396e-09
    },
    "spectral_energyband_middle_high": {
        "kurt": 116.713829041,
        "max": 0.0178315602243,
        "mean": 0.000536914390977,
        "median": 0.000338469166309,
        "min": 2.9746843877e-11,
        "skew": 9.07550144196,
        "var": 7.85860947872e-07
    },
    "spectral_energyband_middle_low": {
        "kurt": 28.1172981262,
        "max": 0.00849499832839,
        "mean": 0.000659145764075,
        "median": 0.00046726106666,
        "min": 2.47155379496e-10,
        "skew": 4.13704204559,
        "var": 4.29990478779e-07
    },
    "spectral_flatness_db": {
        "kurt": 0.627264022827,
        "max": 0.388135790825,
        "mean": 0.178655296564,
        "median": 0.175288230181,
        "min": 0.0801814869046,
        "skew": 0.578216552734,
        "var": 0.00127447757404
    },
    "spectral_flux": {
        "kurt": 22.7412414551,
        "max": 0.130682766438,
        "mean": 0.0191878844053,
        "median": 0.0176004357636,
        "min": 0.000606771674938,
        "skew": 3.44717907906,
        "var": 8.12577418401e-05
    },
    "spectral_kurtosis": {
        "kurt": 2.56783819199,
        "max": 38.8820762634,
        "mean": 9.20702552795,
        "median": 7.96981716156,
        "min": -0.0974202156067,
        "skew": 1.38027095795,
        "var": 24.129655838
    },
    "spectral_rms": {
        "kurt": 11.8012447357,
        "max": 0.00467049889266,
        "mean": 0.00100201752502,
        "median": 0.000950185582042,
        "min": 6.02353566137e-07,
        "skew": 2.23131132126,
        "var": 1.60385866366e-07
    },
    "spectral_rolloff": {
        "kurt": 12.2045345306,
        "max": 10120.6054688,
        "mean": 1509.06506348,
        "median": 1335.05859375,
        "min": 172.265625,
        "skew": 2.00371718407,
        "var": 478148.9375
    },
    "spectral_skewness": {
        "kurt": 0.437461853027,
        "max": 4.69528770447,
        "mean": 2.32362174988,
        "median": 2.24297904968,
        "min": 0.578516602516,
        "skew": 0.592625975609,
        "var": 0.288032144308
    },
    "spectral_spread": {
        "kurt": 3.9950094223,
        "max": 10478194,
        "mean": 3330518,
        "median": 3163099,
        "min": 1440477.625,
        "skew": 1.37431001663,
        "var": 902842941440
    },
    "spectral_strongpeak": {
        "kurt": 109.216117859,
        "max": 11.7448854446,
        "mean": 0.388023138046,
        "median": 0.211814731359,
        "min": 8.1503239926e-06,
        "skew": 7.96630859375,
        "var": 0.325462311506
    },
    "zerocrossingrate": {
        "kurt": 16.6784420013,
        "max": 0.21728515625,
        "mean": 0.0527749322355,
        "median": 0.05029296875,
        "min": 0.01025390625,
        "skew": 2.63562703133,
        "var": 0.000215487641981
    },
    "barkbands": {
        "kurt": [29.61693573, 122.210639954, 26.0165462494, 298.224182129, 47.040309906, 33.9065246582, 159.377349854, 158.796951294, 106.330810547, 56.1897583008, 242.013031006, 155.909637451, 28.1126155853, 305.922576904, 50.5745048523, 300.291595459, 4059.19702148, 522.369567871, 506.519927979, 313.517120361, 147.663406372, 1690.52819824, 1352.00439453, 1553.02783203, 1285.07629395, 814.843994141, 1366.96655273],
        "max": [1.33648177325e-06, 0.000233249535086, 0.000330899347318, 0.00352400308475, 0.00462617492303, 0.001860053977, 0.00558480573818, 0.00299452268519, 0.00362216355279, 0.00452343793586, 0.00482326699421, 0.00724715087563, 0.0012089998927, 0.00168701820076, 0.000538101303391, 0.00151073280722, 0.0150210950524, 0.00334920873865, 0.012476561591, 0.000617683283053, 0.000344506232068, 0.000654300558381, 0.000577606551815, 0.000104277787614, 0.000531060795765, 1.28221172417e-05, 9.24089516019e-09],
        "mean": [6.01225025321e-08, 5.36911966265e-06, 1.76124012796e-05, 5.35521285201e-05, 0.000176596149686, 0.000105252496724, 0.000103885169665, 7.14046182111e-05, 9.00010345504e-05, 0.000133599518449, 7.26893777028e-05, 0.00011389577412, 5.38569474884e-05, 2.75055790553e-05, 2.02596038434e-05, 2.31819030887e-05, 2.83006756945e-05, 2.70635173365e-05, 5.0636161177e-05, 9.74682825472e-06, 5.06143214807e-06, 2.09463132705e-06, 9.68611743701e-07, 2.9909651289e-07, 6.18154274434e-07, 1.98639042992e-08, 4.82858683593e-11],
        "median": [2.65996646931e-08, 2.4534442673e-06, 9.6592848422e-06, 2.70322416327e-05, 9.09176669666e-05, 5.98654514761e-05, 4.77534085803e-05, 3.90191853512e-05, 3.82806611015e-05, 5.02152142872e-05, 2.60331889876e-05, 2.40886001848e-05, 2.36342675635e-05, 1.38567229442e-05, 1.20527829495e-05, 1.16672499644e-05, 1.18262923934e-05, 1.14046888484e-05, 1.06330244307e-05, 4.17866431235e-06, 1.71835199581e-06, 6.49097501082e-07, 1.3765395579e-07, 6.36940242771e-08, 3.7118816465e-08, 5.81922010578e-10, 1.80875522893e-11],
        "min": [3.28243638867e-12, 3.1252854471e-11, 5.8780154355e-11, 6.3470589895e-11, 1.45750439495e-10, 2.66527043491e-11, 3.36225708733e-12, 3.70393472837e-12, 3.37291609573e-12, 1.18844181458e-12, 3.72413688429e-12, 1.55739570545e-12, 3.93409783916e-12, 1.45984906021e-12, 3.10441407823e-12, 2.15791056898e-12, 1.01061303423e-11, 1.45052568047e-12, 1.11450768319e-12, 1.14554448826e-12, 7.34533419332e-13, 4.15536311957e-13, 7.19978479505e-14, 6.15020932944e-14, 2.86118175051e-14, 8.19151417839e-15, 7.72915107974e-15],
        "skew": [4.29190444946, 9.39085674286, 4.03606081009, 14.9646444321, 5.50224542618, 4.82196235657, 10.7792329788, 9.51614665985, 8.22389411926, 5.82133054733, 11.901348114, 10.0619211197, 4.31923866272, 13.9216194153, 5.45090818405, 14.9534845352, 61.1365318298, 18.1312103271, 21.4287528992, 14.457113266, 10.6513395309, 37.3587112427, 35.2774391174, 34.4691352844, 33.511428833, 27.5008640289, 31.638589859],
        "var": [9.25987598773e-15, 1.4917865554e-10, 5.84835624373e-10, 1.72221312766e-08, 7.82534854693e-08, 2.23300613555e-08, 6.11011188312e-08, 1.51449164321e-08, 3.40183525793e-08, 6.29976355526e-08, 3.13136361285e-08, 1.09006720095e-07, 7.46183026479e-09, 3.56239571175e-09, 8.22594548033e-10, 3.2369145142e-09, 5.02773467304e-08, 7.46340234059e-09, 1.90198718997e-07, 5.35762545439e-10, 2.33340513578e-10, 1.66568078774e-10, 1.8473626795e-10, 4.09093809176e-12, 1.30351951455e-10, 1.4090733246e-13, 3.46110850609e-20],
        "cov": [[9.26175640088e-15, 3.36906744907e-13, 6.65943699924e-13, 9.69810603352e-13, 4.41099934356e-12, 2.75602349102e-12, 2.62820971583e-12, 4.77944940569e-13, 1.53352840409e-12, 1.59831902487e-12, 1.72307806044e-13, 3.45362952646e-12, 8.41874963839e-13, 1.12763086629e-12, 6.79427705503e-13, 1.15312414565e-12, 9.53989925251e-13, 1.45113055686e-12, -5.43583027982e-13, 3.98189565088e-13, 4.19624485984e-13, 8.50188314389e-14, 1.08806986045e-13, 8.89220693742e-15, 5.28881680204e-14, 2.15226540271e-15, 2.64627589062e-18], [3.36906744907e-13, 1.4920895075e-10, 1.04538142032e-10, 9.21780499152e-11, 3.78446052274e-10, 2.69386568608e-10, 1.45996770229e-10, 9.30041321734e-11, 8.59538967779e-11, 1.39251291054e-10, 1.2965219176e-10, 1.64898317223e-10, 1.06885542084e-10, 1.24584578765e-10, 1.75313513706e-10, 1.11956492688e-10, 7.55612725167e-11, 1.25019855579e-10, -2.93196786294e-11, 2.52788848881e-11, 2.87203819754e-11, 6.6941799326e-12, 7.80362233166e-12, 9.61888880179e-13, 2.87721322462e-12, 1.32506337716e-13, 1.79154734299e-16], [6.65943699924e-13, 1.04538142032e-10, 5.84954418237e-10, 1.52737833492e-09, 9.6606789235e-10, 7.10842495977e-10, 4.82275608338e-10, 1.15949826129e-10, 2.22552851148e-10, 4.06884942405e-10, 1.01749407511e-10, 4.02379074504e-10, 2.32049574e-10, 1.58773966197e-10, 1.47648712701e-10, 1.99769825682e-10, 1.26653562638e-10, 2.89909041218e-10, -7.93236795693e-11, 6.64124102934e-11, 7.13142878084e-11, 1.8207825872e-11, 2.10355882019e-11, 3.04150649978e-12, 1.01044459258e-11, 1.71351106047e-13, 3.50495880827e-16], [9.69810603352e-13, 9.21780499152e-11, 1.52737833492e-09, 1.72256289233e-08, 2.19414397762e-09, 1.51008583416e-09, 1.1033407521e-09, -1.32726052371e-10, 1.44599762719e-10, 2.36804886811e-09, -1.71207020783e-10, 3.29496735452e-10, 1.63667446262e-09, 2.78255973818e-10, 8.69893809763e-11, 4.41112868454e-10, 2.80544670828e-10, 5.60017365814e-10, -3.45735495788e-10, 7.3650079091e-11, 1.16364196057e-10, 2.27006417136e-11, 6.85366954162e-12, 4.20029809545e-12, 8.98356584435e-13, -2.07616286359e-13, 1.0549709596e-15], [4.41099934356e-12, 3.78446052274e-10, 9.6606789235e-10, 2.19414397762e-09, 7.82693803103e-08, 1.51536099224e-08, 1.80054993137e-08, 4.68874805648e-09, 9.27576504495e-09, 4.16632905953e-09, 4.77329464843e-09, 1.1732950167e-09, -1.85618367898e-10, 1.9229537962e-09, 1.45050704781e-09, 2.22972817987e-09, 2.75790967841e-09, 4.07644140665e-09, 2.64391708527e-09, 1.13247433653e-09, 8.56896331669e-10, 2.26581448048e-10, 3.10204570364e-11, 2.89870003001e-11, 2.13013010009e-11, -7.04671848759e-14, 4.07390787432e-15], [2.75602349102e-12, 2.69386568608e-10, 7.10842495977e-10, 1.51008583416e-09, 1.51536099224e-08, 2.23345981709e-08, 1.29380754998e-08, 2.56879140181e-09, 4.10652400973e-09, 4.64421034962e-09, 8.46183290104e-10, 8.36771896218e-09, 6.27811802545e-10, 2.36202146731e-09, 8.61326565627e-10, 2.34307950819e-09, 2.36130892617e-09, 3.94428534278e-09, 1.52539270104e-09, 8.60167492789e-10, 7.07254477206e-10, 2.10263334521e-10, 7.69065575112e-11, 2.89426503597e-11, 4.9834671112e-11, 1.06693712025e-12, 3.43767538138e-15], [2.62820971583e-12, 1.45996770229e-10, 4.82275608338e-10, 1.1033407521e-09, 1.80054993137e-08, 1.29380754998e-08, 6.11135320128e-08, 4.93026153237e-09, 5.46004663704e-09, 1.71571166163e-08, 1.26349009033e-09, 3.73181059388e-08, 1.5806421727e-09, 7.11104197748e-09, 9.51456469167e-10, 7.49114459353e-09, 1.13837081983e-08, 8.36270608318e-09, 4.31441238291e-09, 1.01075081638e-09, 9.32713462021e-10, 2.88416929228e-10, 7.88413223596e-11, 2.72907269699e-11, 4.60596040475e-11, 5.32147242938e-13, 6.78076047595e-15], [4.77944940569e-13, 9.30041321734e-11, 1.15949826129e-10, -1.32726052371e-10, 4.68874805648e-09, 2.56879140181e-09, 4.93026153237e-09, 1.51479930821e-08, 3.06118752569e-09, 2.29639085525e-09, 2.49535814234e-09, 1.45687995001e-09, 6.28566532157e-10, 7.46881223535e-10, 3.89723892047e-10, 1.38723221799e-09, 1.019817919e-08, 5.25793908412e-10, 1.11315379137e-09, 1.84974396911e-10, 1.45848430555e-10, 2.90872013975e-11, 3.56601970175e-11, 4.33770033781e-12, 2.04869042737e-12, -5.11450250369e-14, 1.11411122349e-15], [1.53352840409e-12, 8.59538967779e-11, 2.22552851148e-10, 1.44599762719e-10, 9.27576504495e-09, 4.10652400973e-09, 5.46004663704e-09, 3.06118752569e-09, 3.40252626074e-08, 3.87902288068e-09, 4.10004563633e-09, 1.82819170913e-09, 1.39943723276e-09, 1.50203960381e-09, 5.77986658534e-10, 9.31162313922e-10, 1.89532745054e-09, 2.16483608817e-09, 3.29593929926e-09, 6.62415677866e-10, 6.12028927538e-10, 1.58081159274e-10, 4.5909109847e-11, 2.45790835601e-11, 2.46398994957e-11, 2.42090147842e-13, 2.70998175309e-15], [1.59831902487e-12, 1.39251291054e-10, 4.06884942405e-10, 2.36804886811e-09, 4.16632905953e-09, 4.64421034962e-09, 1.71571166163e-08, 2.29639085525e-09, 3.87902288068e-09, 6.30104324273e-08, 8.69310667895e-09, 3.21214699284e-08, 3.8120311352e-09, 2.82193779455e-09, 1.07166531205e-09, 4.68189709224e-09, 3.6917067181e-09, 4.66554883616e-09, 1.53802104386e-09, 1.12458176105e-09, 8.18133616409e-10, 3.01488334298e-10, 8.71527988666e-11, 1.04079654617e-10, 3.10637592038e-11, 2.90839536699e-13, 5.18175370098e-15], [1.72307806044e-13, 1.2965219176e-10, 1.01749407511e-10, -1.71207020783e-10, 4.77329464843e-09, 8.46183290104e-10, 1.26349009033e-09, 2.49535814234e-09, 4.10004563633e-09, 8.69310667895e-09, 3.1319995486e-08, 5.68719249472e-09, 1.90992621718e-09, 9.74160530021e-10, 1.06671682598e-09, 2.91065083147e-09, 3.90902021863e-09, 2.67178945634e-09, 5.60841595387e-09, 1.08569619961e-09, 4.91254759094e-10, 3.57578938681e-10, 8.71688901616e-11, 1.27523672178e-10, 3.84327396297e-11, -1.33039168874e-13, 1.54764555578e-15], [3.45362952646e-12, 1.64898317223e-10, 4.02379074504e-10, 3.29496735452e-10, 1.1732950167e-09, 8.36771896218e-09, 3.73181059388e-08, 1.45687995001e-09, 1.82819170913e-09, 3.21214699284e-08, 5.68719249472e-09, 1.09028860606e-07, 3.16548209867e-09, 7.16718906446e-09, 1.26524579702e-09, 8.61206927993e-09, 8.49409342862e-09, 9.66108792966e-09, 2.22315699183e-09, 1.24547683278e-09, 1.07605191424e-09, 3.84822007593e-10, 7.44658432139e-11, 4.21745416368e-11, 3.31893471039e-11, 1.724303751e-13, 9.71471489272e-15], [8.41874963839e-13, 1.06885542084e-10, 2.32049574e-10, 1.63667446262e-09, -1.85618367898e-10, 6.27811802545e-10, 1.5806421727e-09, 6.28566532157e-10, 1.39943723276e-09, 3.8120311352e-09, 1.90992621718e-09, 3.16548209867e-09, 7.46334638535e-09, 1.38873978983e-09, 4.78804940141e-10, 8.08164812849e-10, 9.15669318147e-10, 9.71419278351e-10, -7.07591346627e-11, 2.71949213149e-10, 2.11393250127e-10, 1.09167792861e-10, 9.85783468743e-11, 2.89135382303e-11, 1.56045593114e-10, 5.36866081105e-12, 1.03641479706e-15], [1.12763086629e-12, 1.24584578765e-10, 1.58773966197e-10, 2.78255973818e-10, 1.9229537962e-09, 2.36202146731e-09, 7.11104197748e-09, 7.46881223535e-10, 1.50203960381e-09, 2.82193779455e-09, 9.74160530021e-10, 7.16718906446e-09, 1.38873978983e-09, 3.56311935512e-09, 5.09974285023e-10, 1.53440216089e-09, 2.59462273888e-09, 2.18193441093e-09, 6.7374350543e-10, 3.09341968707e-10, 2.49270354358e-10, 1.20210771892e-10, 6.28374435818e-11, 1.31615534443e-11, 4.76365093205e-11, 1.48412380475e-12, 2.0037752331e-15], [6.79427705503e-13, 1.75313513706e-10, 1.47648712701e-10, 8.69893809763e-11, 1.45050704781e-09, 8.61326565627e-10, 9.51456469167e-10, 3.89723892047e-10, 5.77986658534e-10, 1.07166531205e-09, 1.06671682598e-09, 1.26524579702e-09, 4.78804940141e-10, 5.09974285023e-10, 8.22761636599e-10, 5.1430948389e-10, 5.6819993155e-10, 4.96941932049e-10, 2.07018305276e-10, 1.4058207376e-10, 9.93597773502e-11, 4.16429182803e-11, 2.7837829264e-11, 7.92139964734e-12, 1.7771823943e-11, 6.06737045588e-13, 1.09588656848e-15], [1.15312414565e-12, 1.11956492688e-10, 1.99769825682e-10, 4.41112868454e-10, 2.22972817987e-09, 2.34307950819e-09, 7.49114459353e-09, 1.38723221799e-09, 9.31162313922e-10, 4.68189709224e-09, 2.91065083147e-09, 8.61206927993e-09, 8.08164812849e-10, 1.53440216089e-09, 5.1430948389e-10, 3.23757198828e-09, 5.99986327288e-09, 2.33254282556e-09, 9.71857483378e-10, 4.85137874318e-10, 2.92388668832e-10, 1.28804134025e-10, 4.49849220374e-11, 2.1090861696e-11, 2.156651073e-11, 6.96733144269e-13, 1.45467193724e-15], [9.53989925251e-13, 7.55612725167e-11, 1.26653562638e-10, 2.80544670828e-10, 2.75790967841e-09, 2.36130892617e-09, 1.13837081983e-08, 1.019817919e-08, 1.89532745054e-09, 3.6917067181e-09, 3.90902021863e-09, 8.49409342862e-09, 9.15669318147e-10, 2.59462273888e-09, 5.6819993155e-10, 5.99986327288e-09, 5.02875572295e-08, 2.95531910055e-09, 3.54784224221e-09, 6.12847661507e-10, 3.10149017579e-10, 1.53315179996e-10, 3.40493432061e-11, 1.83363671469e-11, 1.29293650439e-11, 2.30907903475e-13, 3.13487147889e-15], [1.45113055686e-12, 1.25019855579e-10, 2.89909041218e-10, 5.60017365814e-10, 4.07644140665e-09, 3.94428534278e-09, 8.36270608318e-09, 5.25793908412e-10, 2.16483608817e-09, 4.66554883616e-09, 2.67178945634e-09, 9.66108792966e-09, 9.71419278351e-10, 2.18193441093e-09, 4.96941932049e-10, 2.33254282556e-09, 2.95531910055e-09, 7.46491846115e-09, 4.35869562665e-09, 9.49629375135e-10, 6.31944108154e-10, 4.3407222261e-10, 6.8799015096e-11, 3.5588421099e-11, 3.16319678784e-11, 6.60237001789e-13, 1.97396877896e-15], [-5.43583027982e-13, -2.93196786294e-11, -7.93236795693e-11, -3.45735495788e-10, 2.64391708527e-09, 1.52539270104e-09, 4.31441238291e-09, 1.11315379137e-09, 3.29593929926e-09, 1.53802104386e-09, 5.60841595387e-09, 2.22315699183e-09, -7.07591346627e-11, 6.7374350543e-10, 2.07018305276e-10, 9.71857483378e-10, 3.54784224221e-09, 4.35869562665e-09, 1.90237358311e-07, 5.83320836078e-10, 3.15736436995e-10, 2.10294365255e-10, 2.62739066614e-11, 2.50610539265e-11, 1.33924997828e-11, 1.55506575499e-13, 1.05949337438e-14], [3.98189565088e-13, 2.52788848881e-11, 6.64124102934e-11, 7.3650079091e-11, 1.13247433653e-09, 8.60167492789e-10, 1.01075081638e-09, 1.84974396911e-10, 6.62415677866e-10, 1.12458176105e-09, 1.08569619961e-09, 1.24547683278e-09, 2.71949213149e-10, 3.09341968707e-10, 1.4058207376e-10, 4.85137874318e-10, 6.12847661507e-10, 9.49629375135e-10, 5.83320836078e-10, 5.35871402807e-10, 2.23351379058e-10, 1.624221313e-10, 2.74368600756e-11, 1.44647575168e-11, 1.50626507794e-11, 3.8678717347e-13, 5.90596157693e-16], [4.19624485984e-13, 2.87203819754e-11, 7.13142878084e-11, 1.16364196057e-10, 8.56896331669e-10, 7.07254477206e-10, 9.32713462021e-10, 1.45848430555e-10, 6.12028927538e-10, 8.18133616409e-10, 4.91254759094e-10, 1.07605191424e-09, 2.11393250127e-10, 2.49270354358e-10, 9.93597773502e-11, 2.92388668832e-10, 3.10149017579e-10, 6.31944108154e-10, 3.15736436995e-10, 2.23351379058e-10, 2.33387920101e-10, 1.04738995255e-10, 2.11384833249e-11, 1.45968341581e-11, 1.24046693056e-11, 2.79033740558e-13, 4.28409571205e-16], [8.50188314389e-14, 6.6941799326e-12, 1.8207825872e-11, 2.27006417136e-11, 2.26581448048e-10, 2.10263334521e-10, 2.88416929228e-10, 2.90872013975e-11, 1.58081159274e-10, 3.01488334298e-10, 3.57578938681e-10, 3.84822007593e-10, 1.09167792861e-10, 1.20210771892e-10, 4.16429182803e-11, 1.28804134025e-10, 1.53315179996e-10, 4.3407222261e-10, 2.10294365255e-10, 1.624221313e-10, 1.04738995255e-10, 1.66601912821e-10, 1.45231040735e-11, 9.72913069552e-12, 4.04119966657e-12, 7.02501614823e-14, 1.30443722387e-16], [1.08806986045e-13, 7.80362233166e-12, 2.10355882019e-11, 6.85366954162e-12, 3.10204570364e-11, 7.69065575112e-11, 7.88413223596e-11, 3.56601970175e-11, 4.5909109847e-11, 8.71527988666e-11, 8.71688901616e-11, 7.44658432139e-11, 9.85783468743e-11, 6.28374435818e-11, 2.7837829264e-11, 4.49849220374e-11, 3.40493432061e-11, 6.8799015096e-11, 2.62739066614e-11, 2.74368600756e-11, 2.11384833249e-11, 1.45231040735e-11, 1.84773793488e-10, 2.69599772194e-12, 6.2296688641e-11, 1.64635492739e-12, 4.45933366012e-17], [8.89220693742e-15, 9.61888880179e-13, 3.04150649978e-12, 4.20029809545e-12, 2.89870003001e-11, 2.89426503597e-11, 2.72907269699e-11, 4.33770033781e-12, 2.45790835601e-11, 1.04079654617e-10, 1.27523672178e-10, 4.21745416368e-11, 2.89135382303e-11, 1.31615534443e-11, 7.92139964734e-12, 2.1090861696e-11, 1.83363671469e-11, 3.5588421099e-11, 2.50610539265e-11, 1.44647575168e-11, 1.45968341581e-11, 9.72913069552e-12, 2.69599772194e-12, 4.09176945798e-12, 1.0416310826e-12, 7.67910922025e-15, 1.43506207896e-17], [5.28881680204e-14, 2.87721322462e-12, 1.01044459258e-11, 8.98356584435e-13, 2.13013010009e-11, 4.9834671112e-11, 4.60596040475e-11, 2.04869042737e-12, 2.46398994957e-11, 3.10637592038e-11, 3.84327396297e-11, 3.31893471039e-11, 1.56045593114e-10, 4.76365093205e-11, 1.7771823943e-11, 2.156651073e-11, 1.29293650439e-11, 3.16319678784e-11, 1.33924997828e-11, 1.50626507794e-11, 1.24046693056e-11, 4.04119966657e-12, 6.2296688641e-11, 1.0416310826e-12, 1.30378430274e-10, 3.19552305623e-12, 4.64284764949e-17], [2.15226540271e-15, 1.32506337716e-13, 1.71351106047e-13, -2.07616286359e-13, -7.04671848759e-14, 1.06693712025e-12, 5.32147242938e-13, -5.11450250369e-14, 2.42090147842e-13, 2.90839536699e-13, -1.33039168874e-13, 1.724303751e-13, 5.36866081105e-12, 1.48412380475e-12, 6.06737045588e-13, 6.96733144269e-13, 2.30907903475e-13, 6.60237001789e-13, 1.55506575499e-13, 3.8678717347e-13, 2.79033740558e-13, 7.02501614823e-14, 1.64635492739e-12, 7.67910922025e-15, 3.19552305623e-12, 1.40935955397e-13, 1.09177004791e-18], [2.64627589062e-18, 1.79154734299e-16, 3.50495880827e-16, 1.0549709596e-15, 4.07390787432e-15, 3.43767538138e-15, 6.78076047595e-15, 1.11411122349e-15, 2.70998175309e-15, 5.18175370098e-15, 1.54764555578e-15, 9.71471489272e-15, 1.03641479706e-15, 2.0037752331e-15, 1.09588656848e-15, 1.45467193724e-15, 3.13487147889e-15, 1.97396877896e-15, 1.05949337438e-14, 5.90596157693e-16, 4.28409571205e-16, 1.30443722387e-16, 4.45933366012e-17, 1.43506207896e-17, 4.64284764949e-17, 1.09177004791e-18, 3.46181160961e-20]]
    },
    "mfcc": {
        "kurt": [2.81830453873, 2.62626266479, 0.391378879547, -0.534677267075, -0.0862324237823, 0.301908731461, -0.0683994293213, 0.316277265549, 0.57076382637, 0.132761716843, 0.300114870071, 0.265709877014, 0.454638957977],
        "max": [-635.078308105, 206.273040771, 24.4053077698, 67.2400283813, 26.6254310608, 19.4737319946, 34.0937805176, 33.803237915, 21.0660018921, 22.3377399445, 27.9188613892, 15.6441440582, 33.1728744507],
        "mean": [-813.78729248, 154.113250732, -48.3113670349, 16.8756504059, -15.6026620865, -15.792137146, -2.08045148849, -7.88769769669, -9.36610221863, -12.0822143555, -6.37811803818, -9.64248371124, -5.983710289],
        "median": [-818.858276367, 155.779998779, -48.9776916504, 18.6986312866, -15.7688484192, -15.8220920563, -2.26487922668, -8.27701568604, -9.35593700409, -12.045135498, -6.26561355591, -9.35387802124, -6.16907119751],
        "min": [-1138.42004395, 1.14440917969e-05, -112.530212402, -36.0299491882, -62.2099990845, -64.6754302979, -41.7183418274, -42.2721633911, -52.4313735962, -41.4128608704, -40.2475242615, -41.7977714539, -39.0922355652],
        "skew": [0.374499768019, -0.959315896034, 0.284542828798, -0.249974712729, -0.00234789797105, -0.0960288494825, 0.0886818394065, 0.217659786344, -0.150572761893, -0.0394319444895, -0.14560058713, -0.21776676178, 0.131685107946],
        "var": [1632.63146973, 384.502349854, 214.210174561, 297.306396484, 158.129684448, 118.562156677, 115.978561401, 92.0250930786, 68.3506851196, 58.6139945984, 68.0197067261, 59.7720413208, 61.419883728],
        "cov": [[1632.96313477, -268.367828369, -195.231323242, 141.636352539, -161.171737671, 46.2966499329, -30.6362838745, 48.2433586121, -17.6507091522, -38.536491394, 2.61516284943, -34.0591697693, 7.07892656326], [-268.367828369, 384.580474854, -40.5982513428, -162.326385498, 5.92527723312, -8.88368320465, 50.0103378296, -6.27953481674, 7.68820381165, 2.12678980827, -9.32622337341, 11.3453636169, 1.07734107971], [-195.231323242, -40.5982513428, 214.253677368, 54.4616584778, 23.5009689331, -19.5368232727, -40.1326675415, -20.1015357971, 0.463098704815, 17.2462253571, 11.1496887207, -2.49494934082, -13.4808282852], [141.636352539, -162.326385498, 54.4616584778, 297.366760254, 53.3429946899, -32.4495544434, -83.3808517456, -28.3765239716, -8.74761390686, 12.201842308, 21.895980835, -11.5123090744, -9.05101585388], [-161.171737671, 5.92527723312, 23.5009689331, 53.3429946899, 158.161804199, 21.1250247955, -16.9969882965, -23.6551990509, -1.25578784943, 6.87472057343, 16.8605060577, 20.3084716797, 3.69948744774], [46.2966499329, -8.88368320465, -19.5368232727, -32.4495544434, 21.1250247955, 118.586242676, 45.3650093079, 16.5652637482, 13.9756069183, -6.7801566124, 2.49010586739, 16.0995006561, 11.1919794083], [-30.6362838745, 50.0103378296, -40.1326675415, -83.3808517456, -16.9969882965, 45.3650093079, 116.002120972, 42.5976028442, 8.11538124084, -10.0386629105, -14.6726369858, 1.79641139507, 8.57858753204], [48.2433586121, -6.27953481674, -20.1015357971, -28.3765239716, -23.6551990509, 16.5652637482, 42.5976028442, 92.0437850952, 27.044418335, -8.53053951263, -16.122964859, -13.7870483398, 10.247086525], [-17.6507091522, 7.68820381165, 0.463098704815, -8.74761390686, -1.25578784943, 13.9756069183, 8.11538124084, 27.044418335, 68.3645706177, 14.8862628937, -3.36678314209, 1.13267350197, 1.27328550816], [-38.536491394, 2.12678980827, 17.2462253571, 12.201842308, 6.87472057343, -6.7801566124, -10.0386629105, -8.53053951263, 14.8862628937, 58.6259002686, 26.940612793, 3.79196071625, -9.64568519592], [2.61516284943, -9.32622337341, 11.1496887207, 21.895980835, 16.8605060577, 2.49010586739, -14.6726369858, -16.122964859, -3.36678314209, 26.940612793, 68.0335235596, 21.2831630707, -10.1109218597], [-34.0591697693, 11.3453636169, -2.49494934082, -11.5123090744, 20.3084716797, 16.0995006561, 1.79641139507, -13.7870483398, 1.13267350197, 3.79196071625, 21.2831630707, 59.7841835022, 13.9791078568], [7.07892656326, 1.07734107971, -13.4808282852, -9.05101585388, 3.69948744774, 11.1919794083, 8.57858753204, 10.247086525, 1.27328550816, -9.64568519592, -10.1109218597, 13.9791078568, 61.4323577881]]
    },
    "sccoeffs": {
        "kurt": [0.360736608505, 1.03638362885, -0.349385261536, 1.63721561432, 17.6836624146, 5.71583843231],
        "max": [-0.348909646273, -0.506093859673, -0.509927332401, -0.575280427933, -0.514171004295, -0.605138540268],
        "mean": [-0.660330712795, -0.788841247559, -0.775082707405, -0.816858053207, -0.818835020065, -0.813305675983],
        "median": [-0.665154576302, -0.79347628355, -0.788895249367, -0.824244558811, -0.822580099106, -0.816023468971],
        "min": [-0.93200302124, -0.926365733147, -0.922366201878, -0.933509349823, -0.915549695492, -0.90323227644],
        "skew": [0.423804610968, 0.671463668346, 0.596131920815, 1.00778186321, 2.68834805489, 1.31900894642],
        "var": [0.00479889195412, 0.00265045720153, 0.00534238805994, 0.00182111782487, 0.00100311916322, 0.000611670897342],
        "cov": [[0.0047998665832, 0.000423869438237, 5.86257192481e-05, 0.000119157666632, 0.000263161637122, -3.19511491398e-05], [0.000423869438237, 0.0026509957388, 6.62213715259e-05, 0.000183495110832, 0.000132572764414, 4.73435684398e-05], [5.86257192481e-05, 6.62213715259e-05, 0.0053434735164, 0.00121041527018, -7.20178868505e-05, 1.87195728358e-05], [0.000119157666632, 0.000183495110832, 0.00121041527018, 0.00182148767635, 2.39342280111e-05, 3.47952700395e-05], [0.000263161637122, 0.000132572764414, -7.20178868505e-05, 2.39342280111e-05, 0.00100332289003, 5.57275088795e-05], [-3.19511491398e-05, 4.73435684398e-05, 1.87195728358e-05, 3.47952700395e-05, 5.57275088795e-05, 0.000611795170698]]
    },
    "scvalleys": {
        "kurt": [2.33944272995, 15.1225414276, 14.0434818268, 14.2169437408, 7.80377674103, 4.01205015182],
        "max": [-5.82176780701, -5.08837080002, -4.87735462189, -6.10129642487, -6.12378644943, -7.91216897964],
        "mean": [-7.76956367493, -6.70483398438, -7.20464754105, -7.75086545944, -8.46167755127, -11.0831794739],
        "median": [-7.76997089386, -6.70322847366, -7.20909500122, -7.76070785522, -8.51044845581, -11.1692733765],
        "min": [-12.9554958344, -14.2278833389, -15.2896509171, -15.279665947, -15.875287056, -18.2218379974],
        "skew": [-0.223979219794, -1.04275822639, -0.890184164047, -0.797334909439, -0.320289134979, 0.364014476538],
        "var": [0.280489951372, 0.215100973845, 0.264458864927, 0.225918680429, 0.28755787015, 0.401440292597],
        "cov": [[0.280546933413, 0.0680305659771, 0.0875134393573, 0.108931846917, 0.109187319875, 0.114296741784], [0.0680305659771, 0.21514467895, 0.121855467558, 0.110683433712, 0.12040746212, 0.127702340484], [0.0875134393573, 0.121855467558, 0.264512568712, 0.159456416965, 0.164297953248, 0.164139077067], [0.108931846917, 0.110683433712, 0.159456416965, 0.225964576006, 0.183681458235, 0.171152383089], [0.109187319875, 0.12040746212, 0.164297953248, 0.183681458235, 0.287616282701, 0.276561886072], [0.114296741784, 0.127702340484, 0.164139077067, 0.171152383089, 0.276561886072, 0.401521831751]]
    }
},
"rhythm": {
    "beats_loudness": {
        "kurt": 38.1734771729,
        "max": 0.0157242417336,
        "mean": 0.00131219252944,
        "median": 0.000920098274946,
        "min": 0.000192000821698,
        "skew": 5.53760623932,
        "var": 2.58402837972e-06
    },
    "bpm": 144.422836304,
    "confidence": 0.0172407627106,
    "first_peak_bpm": {
        "kurt": 0,
        "max": 144,
        "mean": 144,
        "median": 144,
        "min": 144,
        "skew": 0,
        "var": 0
    },
    "first_peak_spread": {
        "kurt": 0,
        "max": 0.508474588394,
        "mean": 0.508474588394,
        "median": 0.508474588394,
        "min": 0.508474588394,
        "skew": 0,
        "var": 0
    },
    "first_peak_weight": {
        "kurt": 0,
        "max": 0.115079365671,
        "mean": 0.115079365671,
        "median": 0.115079365671,
        "min": 0.115079365671,
        "skew": 0,
        "var": 0
    },
    "onset_rate": 1.81104004383,
    "second_peak_bpm": {
        "kurt": 0,
        "max": 152,
        "mean": 152,
        "median": 152,
        "min": 152,
        "skew": 0,
        "var": 0
    },
    "second_peak_spread": {
        "kurt": 0,
        "max": 0,
        "mean": 0,
        "median": 0,
        "min": 0,
        "skew": 0,
        "var": 0
    },
    "second_peak_weight": {
        "kurt": 0,
        "max": 0.0753968283534,
        "mean": 0.0753968283534,
        "median": 0.0753968283534,
        "min": 0.0753968283534,
        "skew": 0,
        "var": 0
    },
    "beats_loudness_band_ratio": {
        "kurt": [6.88244915009, -0.255589485168, 0.388545036316, -0.679185152054, 3.50472164154, 100.572402954],
        "max": [0.739672064781, 0.75903314352, 0.809425890446, 0.881082594395, 0.399061024189, 0.905063986778],
        "mean": [0.115801945329, 0.244339153171, 0.282303094864, 0.303456693888, 0.0974274873734, 0.0390767529607],
        "median": [0.0847166851163, 0.209989383817, 0.262333154678, 0.234540194273, 0.0817505940795, 0.025688784197],
        "min": [0.00857500638813, 0.010808785446, 0.0287560392171, 0.0134809613228, 0.00424292869866, 0.0024107657373],
        "skew": [2.16217041016, 0.724776864052, 0.754133164883, 0.680300831795, 1.59716308117, 8.89384746552],
        "var": [0.0116351405159, 0.024093458429, 0.0206110030413, 0.049829505384, 0.00445580715314, 0.00476166699082],
        "cov": [[0.0116813117638, 0.00281979492866, -0.00418728077784, -0.00971235334873, 0.000271901546512, -0.000297718623187], [0.00281979492866, 0.0241890680045, -0.001710801851, -0.022220922634, -0.000486635428388, -0.00111485715024], [-0.00418728077784, -0.001710801851, 0.0206927936524, -0.00845759082586, -0.00264392280951, -0.00208391621709], [-0.00971235334873, -0.022220922634, -0.00845759082586, 0.0500272400677, -0.00365465250798, -0.00317631475627], [0.000271901546512, -0.000486635428388, -0.00264392280951, -0.00365465250798, 0.00447348877788, 0.00124055158813], [-0.000297718623187, -0.00111485715024, -0.00208391621709, -0.00317631475627, 0.00124055158813, 0.00478056259453]]
    },
    "beats_position": [0.441179126501, 0.893968224525, 1.369977355, 1.84598636627, 2.29877543449, 2.73995471001, 3.13469386101, 3.55265307426, 3.97061228752, 4.40018129349, 4.81814050674, 5.22448968887, 5.64244890213, 6.07201814651, 6.47836732864, 6.8963265419, 7.31428575516, 7.73224496841, 8.15020370483, 8.56816291809, 9.05578231812, 9.54340076447, 10.0310201645, 10.6463489532, 11.261677742, 11.8653964996, 12.445895195, 13.0496139526, 13.6301136017, 14.1990022659, 14.7678909302, 15.2787294388, 15.7895689011, 16.3120174408, 16.8809070587, 17.4497947693, 18.088344574, 18.7268924713, 19.365442276, 19.9923801422, 20.6309299469, 21.2926979065, 21.9892959595, 22.6626758575, 23.312833786, 23.9978218079, 24.6712017059, 25.3329696655, 26.0063495636, 26.6797275543, 27.353105545, 28.014875412, 28.6650333405, 29.3500213623, 30.0234012604, 30.6735591888, 31.3237190247, 32.0203170776, 32.7169151306, 33.3902931213, 34.0404510498, 34.7602729797, 35.4568710327, 36.0373687744, 36.6410865784, 37.2331962585, 37.8253059387, 38.4174156189, 39.0095214844, 39.5900230408, 40.124080658, 40.6697502136, 41.2038078308, 41.6333770752, 42.0745582581, 42.5273475647, 42.9801368713, 43.3864860535, 43.7928352356, 44.1875724792, 44.5707015991, 44.9422225952, 45.3137397766, 45.6736488342, 46.0451698303, 46.4166870117, 46.7649879456, 47.1132888794, 47.4615859985, 47.8098869324, 48.16979599, 48.5297050476, 48.866394043, 49.2030830383, 49.5513839722, 49.8880729675, 50.2247619629, 50.5846710205, 50.9445800781, 51.3160972595, 51.6876182556, 52.0591392517, 52.4306564331, 52.8021774292, 53.1736946106, 53.5684356689, 53.9399528503, 54.3114738464, 54.6946029663, 55.1706123352, 55.6350097656, 56.0994110107, 56.5405883789, 56.946937561, 57.3532867432, 57.7712478638, 58.247253418, 58.7000427246, 59.1412239075, 59.5940132141, 60.0468025208, 60.4879798889, 60.9407691956, 61.3935585022, 61.8579597473, 62.3223571777, 62.7170982361, 63.0886154175, 63.4833564758, 63.8780937195, 64.2612228394, 64.6443557739, 65.0390930176, 65.4106140137, 65.7937393188, 66.1768722534, 66.5483856201, 66.9315185547, 67.3262557983, 67.7093887329, 68.1041259766, 68.4988632202, 68.9052124023, 69.2883453369, 69.6830825806, 70.0662155151, 70.4377288818, 70.7976379395, 71.1691589355, 71.5406799316, 71.9122009277, 72.2837142944, 72.6436233521, 73.0383682251, 73.4447174072, 73.8626708984, 74.2922439575, 74.6985931396, 75.1049423218, 75.5229034424, 75.9524688721, 76.3704299927, 76.7767791748, 77.1947402954, 77.6010894775, 78.0074386597, 78.4137878418, 78.831741333, 79.2264862061, 79.6328353882, 80.0391845703, 80.433921814, 80.8402709961, 81.2698364258, 81.6645812988, 81.9896621704, 82.3147354126, 82.6514282227, 82.9881134033, 83.3131942749, 83.649887085, 83.9865722656, 84.3232650757, 84.6599502563, 84.9850311279, 85.3333282471, 85.6816329956, 86.0067138672, 86.3317871094, 86.656867981, 86.993560791, 87.3186416626, 87.7482070923, 88.1661682129, 88.5841217041, 89.0020828247, 89.4200439453, 89.8263931274, 90.2559585571, 90.6739196777, 91.0918807983, 91.486618042, 91.8813552856, 92.2993164062, 92.7056655884, 93.1120147705, 93.5183639526, 93.8550567627, 94.2033538818, 94.5632629395, 94.9231719971, 95.2830810547, 95.6429901123, 96.0028991699, 96.3628082275, 96.8039855957, 97.2451705933, 97.6631240845, 98.104309082, 98.5454864502, 99.0098876953, 99.404624939, 99.7993621826, 100.217323303, 100.635284424, 101.053237915, 101.471199036, 101.889160156, 102.330337524, 102.748298645, 103.177864075, 103.630653381, 104.095054626, 104.559455872, 105.023849487, 105.465034485, 105.929428101, 106.393829346, 106.858230591, 107.345848083, 107.833465576, 108.30947876, 108.785484314, 109.249885559, 109.737503052, 110.225120544, 110.701133728, 111.177139282, 111.641540527, 112.105941772, 112.570335388, 113.046348572, 113.522354126],
    "bpm_estimates": [143.554672241, 143.554672241, 139.674880981, 143.554672241, 147.656265259, 143.554672241, 139.674804688, 147.656265259, 143.554672241, 143.554672241, 143.554672241, 143.554840088, 143.554672241, 139.674804688, 147.656265259, 147.656265259, 147.656265259, 147.656265259, 143.554016113, 147.656265259, 147.656265259, 143.556640625, 139.673568726, 147.656265259, 147.656265259, 143.554016113, 139.676040649, 143.554016113, 147.656265259, 143.554016113, 147.656265259, 147.656265259, 147.656265259, 143.556640625, 147.656265259, 147.656265259, 147.656265259, 139.676040649, 139.676040649, 143.554016113, 143.556640625, 143.554016113, 143.554016113, 147.656265259, 139.676040649, 143.554016113, 143.554016113, 143.554016113, 147.656265259, 147.656265259, 147.656265259, 143.556640625, 143.554016113, 143.554016113, 143.556640625, 143.554016113, 143.554016113, 143.554016113, 139.676040649],
