{
"metadata": {
    "version": {
        "essentia": "2.1-beta3"
    }
},
"lowLevel": {
    "average_loudness": 0.794574081898,
    "barkbands_kurtosis": {
        "kurt": 10.2295532227,
        "max": 17.7526035309,
        "mean": 1.48390769958,
        "median": 0.773722887039,
        "min": -1.25831508636,
        "skew": 2.5572385788,
        "var": 5.76536941528
    },
    "barkbands_skewness": {
        "kurt": 6.06669044495,
        "max": 3.13480067253,
        "mean": 1.01103687286,
        "median": 1.068759799,
        "min": -4.05681324005,
        "skew": -1.48200404644,
        "var": 0.817242264748
    },
    "barkbands_spread": {
        "kurt": -0.137189388275,
        "max": 30.2292823792,
        "mean": 17.355632782,
        "median": 18.1563491821,
        "min": 3.54693365097,
        "skew": -0.393309414387,
        "var": 27.3279628754
    },
    "dissonance": {
        "kurt": 20.0780143738,
        "max": 0.499646216631,
        "mean": 0.468967467546,
        "median": 0.478025257587,
        "min": 0.216817706823,
        "skew": -3.6039993763,
        "var": 0.00100334442686
    },
    "hfc": {
        "kurt": 18.6179275513,
        "max": 33.1668357849,
        "mean": 1.52542817593,
        "median": 0.172080174088,
        "min": 0.00120625912677,
        "skew": 4.24092388153,
        "var": 23.2587890625
    },
    "pitch": {
        "kurt": 4.54453802109,
        "max": 1173.76745605,
        "mean": 266.454956055,
        "median": 164.015228271,
        "min": 73.0673446655,
        "skew": 2.02354216576,
        "var": 46212.1953125
    },
    "pitch_instantaneous_confidence": {
        "kurt": 2.28380393982,
        "max": 0.979096770287,
        "mean": 0.332297712564,
        "median": 0.246222615242,
        "min": 0.133553981781,
        "skew": 1.93935632706,
        "var": 0.0568163953722
    },
    "pitch_salience": {
        "kurt": 0.37238407135,
        "max": 0.845707833767,
        "mean": 0.641526460648,
        "median": 0.653773486614,
        "min": 0.386867463589,
        "skew": -0.720940649509,
        "var": 0.00738333724439
    },
    "silence_rate_20dB": {
        "kurt": 0,
        "max": 1,
        "mean": 1,
        "median": 1,
        "min": 1,
        "skew": 0,
        "var": 0
    },
    "silence_rate_30dB": {
        "kurt": 0,
        "max": 1,
        "mean": 1,
        "median": 1,
        "min": 1,
        "skew": 0,
        "var": 0
    },
    "silence_rate_60dB": {
        "kurt": 5.60534286499,
        "max": 1,
        "mean": 0.904761910439,
        "median": 1,
        "min": 0,
        "skew": -2.75778365135,
        "var": 0.0861673131585
    },
    "spectral_centroid": {
        "kurt": 3.86389446259,
        "max": 1959.87121582,
        "mean": 619.537231445,
        "median": 525.02331543,
        "min": 269.363006592,
        "skew": 2.01326417923,
        "var": 104001.140625
    },
    "spectral_complexity": {
        "kurt": 4.6101064682,
        "max": 10,
        "mean": 1.59307360649,
        "median": 1,
        "min": 0,
        "skew": 2.13566446304,
        "var": 4.19805049896
    },
    "spectral_crest": {
        "kurt": 1.27288103104,
        "max": 20.8058319092,
        "mean": 8.77090549469,
        "median": 8.00220298767,
        "min": 3.60220003128,
        "skew": 1.29568350315,
        "var": 14.0341472626
    },
    "spectral_decrease": {
        "kurt": 18.7185440063,
        "max": -3.01480411816e-13,
        "mean": -3.16890624852e-10,
        "median": -9.31819135741e-11,
        "min": -5.51240786351e-09,
        "skew": -4.31341171265,
        "var": 7.09376806737e-19
    },
    "spectral_energy": {
        "kurt": 18.6103248596,
        "max": 0.0238134097308,
        "mean": 0.0013343783794,
        "median": 0.000371721136617,
        "min": 1.24727057482e-06,
        "skew": 4.29785585403,
        "var": 1.3042912542e-05
    },
    "spectral_energyband_high": {
        "kurt": 21.6697025299,
        "max": 6.08527807344e-05,
        "mean": 4.22239918407e-06,
        "median": 1.67169741871e-06,
        "min": 1.88892546049e-08,
        "skew": 4.48350477219,
        "var": 6.94560936543e-11
    },
    "spectral_energyband_low": {
        "kurt": 1.98866462708,
        "max": 0.000599219929427,
        "mean": 0.000156940819579,
        "median": 0.000114472430141,
        "min": 2.17407261971e-07,
        "skew": 1.5447255373,
        "var": 1.58865507416e-08
    },
    "spectral_energyband_middle_high": {
        "kurt": 19.1790752411,
        "max": 0.0233784858137,
        "mean": 0.00102425843943,
        "median": 7.05787460902e-05,
        "min": 7.99673614438e-07,
        "skew": 4.34610700607,
        "var": 1.20395425256e-05
    },
    "spectral_energyband_middle_low": {
        "kurt": 10.4163885117,
        "max": 0.00140133022796,
        "mean": 0.000183194453712,
        "median": 0.000121055658383,
        "min": 1.67219354807e-07,
        "skew": 2.97607755661,
        "var": 4.56843842755e-08
    },
    "spectral_flatness_db": {
        "kurt": 2.34848642349,
        "max": 0.324090123177,
        "mean": 0.173134699464,
        "median": 0.16339045763,
        "min": 0.0836667045951,
        "skew": 1.55614578724,
        "var": 0.00169483188074
    },
    "spectral_flux": {
        "kurt": 10.5878210068,
        "max": 0.0761635825038,
        "mean": 0.013415847905,
        "median": 0.0103840837255,
        "min": 0.00447647599503,
        "skew": 3.13200139999,
        "var": 0.00011882459512
    },
    "spectral_kurtosis": {
        "kurt": 3.30805158615,
        "max": 25.0330715179,
        "mean": 9.91327095032,
        "median": 8.87741184235,
        "min": 3.92755413055,
        "skew": 1.70422148705,
        "var": 13.7923955917
    },
    "spectral_rms": {
        "kurt": 10.3894901276,
        "max": 0.00482002040371,
        "mean": 0.000806933676358,
        "median": 0.000602208252531,
        "min": 3.48833673343e-05,
        "skew": 3.23104786873,
        "var": 6.50690424209e-07
    },
    "spectral_rolloff": {
        "kurt": 1.9038643837,
        "max": 2497.8515625,
        "mean": 1086.35510254,
        "median": 1033.59375,
        "min": 172.265625,
        "skew": 0.772102534771,
        "var": 161462.90625
    },
    "spectral_skewness": {
        "kurt": 3.40675020218,
        "max": 4.2451133728,
        "mean": 2.420170784,
        "median": 2.37233519554,
        "min": 1.6818779707,
        "skew": 1.01180124283,
        "var": 0.107163347304
    },
    "spectral_spread": {
        "kurt": 106.698860168,
        "max": 16624369,
        "mean": 3126968.5,
        "median": 3145815,
        "min": 1597476.125,
        "skew": 8.60120677948,
        "var": 1.14711461888e+12
    },
    "spectral_strongpeak": {
        "kurt": 9.381980896,
        "max": 5.30132865906,
        "mean": 0.371178001165,
        "median": 0.0316039472818,
        "min": 0,
        "skew": 3.17160797119,
        "var": 0.99688488245
    },
    "zerocrossingrate": {
        "kurt": 3.59283304214,
        "max": 0.0927734375,
        "mean": 0.0414658598602,
        "median": 0.03955078125,
        "min": 0.01025390625,
        "skew": 1.5355540514,
        "var": 0.000165297955391
    },
    "barkbands": {
        "kurt": [0.0440471172333, 3.37381458282, 3.16658401489, 9.34270000458, 4.39807224274, 19.4461917877, 19.9086494446, 28.7748947144, 4.78696346283, 3.6204199791, 25.391046524, 14.7946624756, 42.7002906799, 35.5191192627, 26.0673370361, 23.9334888458, 22.9552268982, 27.7551746368, 43.8299446106, 40.5046157837, 28.0518608093, 26.9124755859, 17.7241001129, 15.1046123505, 23.1408023834, 215.592071533, 216.604522705],
        "max": [1.35143118314e-05, 0.000254767655861, 0.000328745925799, 0.000473919266369, 0.000202038005227, 0.000189138518181, 0.000994812464342, 0.000420315540396, 2.80541953543e-05, 3.85230450775e-05, 0.016096547246, 9.00703307707e-05, 0.00182840577327, 0.00684822257608, 0.000242797890678, 0.00386436865665, 0.00125881575514, 0.000104968290543, 0.000352998002199, 0.000521881156601, 4.15156937379e-05, 4.05867240261e-06, 4.91138450798e-07, 8.56790052239e-08, 3.00891791483e-08, 6.87055390358e-09, 6.61289645265e-09],
        "mean": [5.85931911701e-06, 5.92949509155e-05, 5.88429429627e-05, 4.54814144177e-05, 3.67175416613e-05, 2.35163297475e-05, 4.79101181554e-05, 2.08473720704e-05, 6.68590791975e-06, 9.58615237323e-06, 0.000546406954527, 1.17051995403e-05, 4.9745929573e-05, 0.000186009550816, 1.09838383651e-05, 0.000129978361656, 5.38170279469e-05, 5.01223212268e-06, 1.00825172922e-05, 1.33083449327e-05, 2.10204825635e-06, 3.72403178517e-07, 8.75012773349e-08, 1.9837036902e-08, 5.81791548271e-09, 2.59677473968e-10, 5.71921607295e-11],
        "median": [5.64220499655e-06, 4.86585267936e-05, 3.50911504938e-05, 1.33245366669e-05, 2.30755485973e-05, 1.77431138582e-05, 8.69359246281e-06, 6.86475368639e-06, 5.48674370293e-06, 8.02631893748e-06, 2.0067758669e-05, 8.81195410329e-06, 6.77439993524e-06, 4.87826264362e-06, 2.80007202491e-06, 2.61393915935e-06, 3.69453823623e-06, 1.66202187302e-06, 1.56897147008e-06, 1.16397063721e-06, 5.6898488765e-07, 2.30030096304e-07, 7.08830967255e-08, 1.75017671467e-08, 5.11224573785e-09, 2.22472706923e-10, 1.14443636859e-11],
        "min": [6.11728268041e-08, 1.17550520429e-07, 3.34820313697e-08, 1.47270986517e-08, 2.93842852273e-08, 2.04071959331e-08, 9.60126911309e-09, 3.05800433864e-08, 4.88244964458e-08, 1.41772460438e-07, 2.12428332702e-07, 2.11695038388e-07, 5.92168554192e-08, 8.73011813951e-08, 4.56553905792e-08, 7.07545888545e-09, 2.58298857858e-08, 6.29184704337e-09, 7.22989090818e-09, 7.52277617977e-09, 4.75335504291e-09, 2.41793673972e-09, 2.79186140872e-09, 6.04796768222e-10, 7.11652459184e-10, 1.3417582323e-10, 3.57431965969e-12],
        "skew": [0.266634434462, 1.51126348972, 1.74803495407, 3.05813789368, 2.03138780594, 3.51769781113, 4.44768571854, 5.14860010147, 1.9541182518, 1.54037129879, 4.92169380188, 3.16020846367, 6.27113342285, 5.74182701111, 4.98420381546, 4.8795003891, 4.74275588989, 5.08864307404, 6.44490909576, 6.08727645874, 5.16258144379, 4.73680353165, 3.50298953056, 3.30978965759, 4.20486497879, 14.586139679, 14.644572258],
        "var": [7.87120715828e-12, 1.60162560991e-09, 3.56650486921e-09, 7.15197501222e-09, 1.33846989048e-09, 5.00082586452e-10, 2.26339516018e-08, 2.96849034243e-09, 2.19449857591e-11, 3.597033435e-11, 4.46450121672e-06, 1.14540467389e-10, 4.29476543218e-08, 6.54596590266e-07, 1.11667597391e-09, 2.97326494092e-07, 3.71018202827e-08, 1.88044427252e-10, 1.86000692626e-09, 3.28456550847e-09, 3.26553714625e-11, 2.39936976537e-13, 3.4368649826e-15, 9.72180609373e-17, 9.96058220002e-18, 1.94491216343e-19, 1.90820330956e-19],
        "cov": [[7.90542978302e-12, 5.28809669664e-11, 1.66482140573e-11, -1.36278289001e-11, 1.69271506534e-11, 1.77739541835e-11, -2.66929707504e-13, 7.43620876681e-13, 2.85822602565e-12, 1.58823496889e-12, 1.11844554451e-10, 7.40740281613e-12, 1.18427197302e-12, -9.62440630664e-12, 2.23818272943e-12, 3.97078377123e-11, 2.41024908365e-12, 1.58140915727e-12, -3.20336921052e-12, -4.09581353208e-12, 2.08728894628e-13, 2.49266905538e-14, 1.45917891485e-14, 3.73846469872e-18, -1.87616024342e-16, 2.1655069629e-16, 2.08977718815e-16], [5.28809669664e-11, 1.60858915077e-09, 7.87513554368e-10, 3.59275331707e-10, 2.2053991966e-10, 1.78138476192e-10, -4.61129384677e-10, -1.21238658002e-10, 2.51709798837e-11, 1.90512345483e-11, -4.57838611467e-09, 6.91984872181e-11, -3.88190146694e-10, -2.07050532275e-09, -7.66487914805e-11, -1.44494261001e-09, -6.21295292991e-10, -2.55790458259e-11, -1.00851695051e-10, -1.59726218363e-10, -5.0737790705e-12, -5.01235717428e-13, 2.19812449492e-13, -3.77637510022e-14, -1.05990342303e-14, 7.06213388901e-18, 9.03856351044e-17], [1.66482140573e-11, 7.87513554368e-10, 3.58201157624e-09, 2.55408183492e-09, 4.08588857193e-10, 7.41554040395e-11, -1.06909148201e-09, -3.02865177382e-10, 4.02582897574e-11, 6.93363769178e-12, -1.54309578448e-08, 1.40909256485e-10, -1.03926312001e-09, -4.2090797514e-09, -2.08928041534e-10, -1.2171220698e-09, -1.35238553689e-09, -9.33790336721e-11, -2.5031923756e-10, -2.92478846697e-10, -2.60205849922e-11, 2.45138273829e-13, 2.33541823575e-14, -3.23855932306e-14, -8.27071091193e-15, -1.01070544129e-15, -7.21366980381e-16], [-1.36278289001e-11, 3.59275331707e-10, 2.55408183492e-09, 7.18307058278e-09, 7.74893482713e-10, -6.53843992837e-12, -1.40627787193e-09, -4.96151286722e-10, 9.2556821582e-12, -2.88150579786e-11, -1.93373050905e-08, 5.40305161723e-11, -1.54114987438e-09, -6.58752075111e-09, -2.96806523803e-10, -3.53666274044e-09, -1.81945059019e-09, -1.04502892451e-10, -2.96886515372e-10, -4.43727998789e-10, -2.03234356427e-11, 3.26890250979e-12, 6.47273196413e-13, -5.60738724876e-14, -3.60667264216e-15, -1.20895085562e-15, -1.18938270047e-15], [1.69271506534e-11, 2.2053991966e-10, 4.08588857193e-10, 7.74893482713e-10, 1.34428923548e-09, 2.70696381977e-10, -3.85243115186e-10, -4.48121956209e-11, 2.73581955701e-11, 4.6583993607e-11, -6.55816778661e-09, 7.33158603272e-11, -5.2718490684e-10, -2.08697747972e-09, -8.99859978198e-11, -1.24552446135e-09, -7.57345408609e-10, -3.12996711882e-11, -1.47368159342e-10, -1.84492018884e-10, -1.14246494209e-11, 2.06928268601e-14, 1.58165581327e-13, -1.46858301344e-14, -4.74573036237e-15, 4.87125842169e-16, 3.00792278649e-16], [1.77739541835e-11, 1.78138476192e-10, 7.41554040395e-11, -6.53843992837e-12, 2.70696381977e-10, 5.02256847223e-10, -8.39104619121e-11, 1.05508362463e-11, 2.85757858348e-11, 2.90955315396e-11, -1.95317317875e-09, 7.22192375346e-11, 7.19393225546e-11, 8.09694186699e-11, -3.19688980149e-12, -4.04825784006e-10, -1.73389205771e-10, -1.0779347033e-11, -5.41211415961e-11, -2.25775977775e-11, -1.67982468213e-12, -3.14508049595e-13, 6.75899630318e-14, -1.33731780939e-14, 4.4964627538e-16, 3.67432304607e-16, 3.61667371898e-16], [-2.66929707504e-13, -4.61129384677e-10, -1.06909148201e-09, -1.40627787193e-09, -3.85243115186e-10, -8.39104619121e-11, 2.27323599944e-08, 6.96676849543e-09, -8.1991510803e-11, 6.34095900787e-11, 2.48378484002e-07, -1.18599199905e-10, 2.11328199384e-08, 8.75553780588e-08, 3.56823792735e-09, 2.4106901364e-08, 2.13668602811e-08, 1.4503322987e-09, 4.2715604387e-09, 6.6213523553e-09, 6.38793129504e-10, 4.85525127047e-11, 5.62191179027e-12, 9.19538425438e-13, 3.33665549617e-13, 2.50905558537e-15, 1.89390574248e-15], [7.43620876681e-13, -1.21238658002e-10, -3.02865177382e-10, -4.96151286722e-10, -4.48121956209e-11, 1.05508362463e-11, 6.96676849543e-09, 2.98139668509e-09, -2.80284545573e-11, 4.66391092413e-11, 6.95850346233e-08, -2.09147924674e-11, 5.8627067645e-09, 2.3599923793e-08, 9.96219662319e-10, 7.33755678439e-09, 6.01596550354e-09, 4.02349820128e-10, 1.12715126122e-09, 1.71332659171e-09, 1.75390479917e-10, 1.41710410767e-11, 1.42426337651e-12, 2.61422285729e-13, 8.72668433284e-14, 4.96085491988e-16, 4.05487694982e-16], [2.85822602565e-12, 2.51709798837e-11, 4.02582897574e-11, 9.2556821582e-12, 2.73581955701e-11, 2.85757858348e-11, -8.1991510803e-11, -2.80284545573e-11, 2.20403990198e-11, 7.71878914951e-12, -1.13704612392e-09, 1.49174630981e-11, -8.6859575088e-11, -3.91583432346e-10, -7.73998573567e-12, -2.73123967887e-10, -9.92572621317e-11, -6.81405322792e-12, -2.33617326872e-11, -3.61180009512e-11, -3.05695291129e-12, -2.65455544915e-13, -1.91799362308e-14, -5.91796255148e-15, -7.18337514106e-16, 5.39343729302e-16, 5.46430006938e-16], [1.58823496889e-12, 1.90512345483e-11, 6.93363769178e-12, -2.88150579786e-11, 4.6583993607e-11, 2.90955315396e-11, 6.34095900787e-11, 4.66391092413e-11, 7.71878914951e-12, 3.61267266102e-11, 3.25059923423e-10, 1.41059325678e-11, 2.22961510365e-11, 1.35206804086e-10, 2.53975295655e-11, 2.11477016454e-11, 3.48784300053e-11, 1.6049791704e-12, -2.05089244198e-12, -3.01111631289e-12, -4.6043334076e-13, 8.6534622309e-15, -2.04995949279e-14, 3.56650210463e-15, 3.46474194863e-16, 1.46754321168e-16, 1.48779378422e-16], [1.11844554451e-10, -4.57838611467e-09, -1.54309578448e-08, -1.93373050905e-08, -6.55816778661e-09, -1.95317317875e-09, 2.48378484002e-07, 6.95850346233e-08, -1.13704612392e-09, 3.25059923423e-10, 4.48391210739e-06, -1.67810776386e-09, 3.19183357078e-07, 1.37428128255e-06, 5.45416547482e-08, 3.0068733281e-07, 2.88344324417e-07, 2.76523604015e-08, 6.1466764123e-08, 8.96402312378e-08, 9.75324621066e-09, 7.67838181925e-10, 7.4629802338e-11, 1.407340737e-11, 4.22438863404e-12, 4.65263407228e-14, 3.88715786176e-14], [7.40740281613e-12, 6.91984872181e-11, 1.40909256485e-10, 5.40305161723e-11, 7.33158603272e-11, 7.22192375346e-11, -1.18599199905e-10, -2.09147924674e-11, 1.49174630981e-11, 1.41059325678e-11, -1.67810776386e-09, 1.15038464865e-10, -1.73602812681e-10, -7.95362220529e-10, -2.82236907456e-11, -1.14245231331e-10, -1.24224477926e-10, -6.36438254528e-12, -1.15220550115e-11, -4.12526436622e-11, -5.0723509594e-12, 9.44741839962e-15, -1.99781648337e-14, -1.10221907149e-14, -3.31492442545e-15, 3.72659457421e-17, 6.40181413485e-17], [1.18427197302e-12, -3.88190146694e-10, -1.03926312001e-09, -1.54114987438e-09, -5.2718490684e-10, 7.19393225546e-11, 2.11328199384e-08, 5.8627067645e-09, -8.6859575088e-11, 2.22961510365e-11, 3.19183357078e-07, -1.73602812681e-10, 4.31343849527e-08, 1.61503123763e-07, 5.57762813713e-09, 4.70187693224e-08, 3.23569757654e-08, 1.81174109048e-09, 4.92308016575e-09, 1.0232596992e-08, 1.10039455326e-09, 5.11666334302e-11, 7.75723409119e-12, 1.4736655906e-12, 5.11264099633e-13, 2.24005465022e-15, 1.15245587562e-15], [-9.62440630664e-12, -2.07050532275e-09, -4.2090797514e-09, -6.58752075111e-09, -2.08697747972e-09, 8.09694186699e-11, 8.75553780588e-08, 2.3599923793e-08, -3.91583432346e-10, 1.35206804086e-10, 1.37428128255e-06, -7.95362220529e-10, 1.61503123763e-07, 6.57442683405e-07, 2.30653824929e-08, 1.97607917585e-07, 1.20216057553e-07, 7.68068453283e-09, 1.78072436796e-08, 4.015766919e-08, 4.30989910427e-09, 2.12860312709e-10, 2.79990076263e-11, 5.83613843017e-12, 1.92184766365e-12, 1.24262401516e-14, 9.02593649913e-15], [2.23818272943e-12, -7.66487914805e-11, -2.08928041534e-10, -2.96806523803e-10, -8.99859978198e-11, -3.19688980149e-12, 3.56823792735e-09, 9.96219662319e-10, -7.73998573567e-12, 2.53975295655e-11, 5.45416547482e-08, -2.82236907456e-11, 5.57762813713e-09, 2.30653824929e-08, 1.1215309792e-09, 5.54371881734e-09, 4.90140417142e-09, 3.05751091112e-10, 7.64527829933e-10, 1.42692591076e-09, 1.45061226919e-10, 9.25767362076e-12, 1.02573190826e-12, 2.14767399286e-13, 6.707748777e-14, 7.42274665195e-16, 5.87838641933e-16], [3.97078377123e-11, -1.44494261001e-09, -1.2171220698e-09, -3.53666274044e-09, -1.24552446135e-09, -4.04825784006e-10, 2.4106901364e-08, 7.33755678439e-09, -2.73123967887e-10, 2.11477016454e-11, 3.0068733281e-07, -1.14245231331e-10, 4.70187693224e-08, 1.97607917585e-07, 5.54371881734e-09, 2.98619227124e-07, 4.83894950776e-08, 1.98416061359e-09, 5.73257263881e-09, 1.28611024053e-08, 1.31267841041e-09, 6.92533114188e-11, 7.12156071961e-12, 1.51333752387e-12, 6.26694605498e-13, 1.66505088678e-15, 7.65118032052e-16], [2.41024908365e-12, -6.21295292991e-10, -1.35238553689e-09, -1.81945059019e-09, -7.57345408609e-10, -1.73389205771e-10, 2.13668602811e-08, 6.01596550354e-09, -9.92572621317e-11, 3.48784300053e-11, 2.88344324417e-07, -1.24224477926e-10, 3.23569757654e-08, 1.20216057553e-07, 4.90140417142e-09, 4.83894950776e-08, 3.72631312473e-08, 1.82039472385e-09, 6.36231911599e-09, 9.43444078416e-09, 8.48518033614e-10, 6.59935647795e-11, 6.88239222557e-12, 1.4433928228e-12, 4.56254283486e-13, 1.23488372221e-15, 2.39616329886e-16], [1.58140915727e-12, -2.55790458259e-11, -9.33790336721e-11, -1.04502892451e-10, -3.12996711882e-11, -1.0779347033e-11, 1.4503322987e-09, 4.02349820128e-10, -6.81405322792e-12, 1.6049791704e-12, 2.76523604015e-08, -6.36438254528e-12, 1.81174109048e-09, 7.68068453283e-09, 3.05751091112e-10, 1.98416061359e-09, 1.82039472385e-09, 1.88862009365e-10, 4.20326995432e-10, 5.12976383593e-10, 5.80050660282e-11, 5.43912788073e-12, 4.60147707698e-13, 8.86952187043e-14, 2.40950651358e-14, 2.76361069124e-16, 2.38153186348e-16], [-3.20336921052e-12, -1.00851695051e-10, -2.5031923756e-10, -2.96886515372e-10, -1.47368159342e-10, -5.41211415961e-11, 4.2715604387e-09, 1.12715126122e-09, -2.33617326872e-11, -2.05089244198e-12, 6.1466764123e-08, -1.15220550115e-11, 4.92308016575e-09, 1.78072436796e-08, 7.64527829933e-10, 5.73257263881e-09, 6.36231911599e-09, 4.20326995432e-10, 1.86809390179e-09, 1.94485005878e-09, 1.65496741311e-10, 1.74420252547e-11, 1.75629129295e-12, 2.84118567432e-13, 8.99217156357e-14, 3.85191832654e-16, 1.02436968415e-16], [-4.09581353208e-12, -1.59726218363e-10, -2.92478846697e-10, -4.43727998789e-10, -1.84492018884e-10, -2.25775977775e-11, 6.6213523553e-09, 1.71332659171e-09, -3.61180009512e-11, -3.01111631289e-12, 8.96402312378e-08, -4.12526436622e-11, 1.0232596992e-08, 4.015766919e-08, 1.42692591076e-09, 1.28611024053e-08, 9.43444078416e-09, 5.12976383593e-10, 1.94485005878e-09, 3.29884630723e-09, 2.95785451687e-10, 1.84064083419e-11, 2.42257494447e-12, 4.54386447088e-13, 1.4400502004e-13, 5.73415206088e-16, 2.25229687035e-16], [2.08728894628e-13, -5.0737790705e-12, -2.60205849922e-11, -2.03234356427e-11, -1.14246494209e-11, -1.67982468213e-12, 6.38793129504e-10, 1.75390479917e-10, -3.05695291129e-12, -4.6043334076e-13, 9.75324621066e-09, -5.0723509594e-12, 1.10039455326e-09, 4.30989910427e-09, 1.45061226919e-10, 1.31267841041e-09, 8.48518033614e-10, 5.80050660282e-11, 1.65496741311e-10, 2.95785451687e-10, 3.27973516401e-11, 1.78427877941e-12, 2.4097903035e-13, 4.23268835075e-14, 1.38169640659e-14, 7.65313590783e-17, 4.5043114405e-17], [2.49266905538e-14, -5.01235717428e-13, 2.45138273829e-13, 3.26890250979e-12, 2.06928268601e-14, -3.14508049595e-13, 4.85525127047e-11, 1.41710410767e-11, -2.65455544915e-13, 8.6534622309e-15, 7.67838181925e-10, 9.44741839962e-15, 5.11666334302e-11, 2.12860312709e-10, 9.25767362076e-12, 6.92533114188e-11, 6.59935647795e-11, 5.43912788073e-12, 1.74420252547e-11, 1.84064083419e-11, 1.78427877941e-12, 2.40980168762e-13, 1.82272325353e-14, 3.12963660351e-15, 9.0517858271e-16, 1.74471871291e-18, 3.78349827242e-20], [1.45917891485e-14, 2.19812449492e-13, 2.33541823575e-14, 6.47273196413e-13, 1.58165581327e-13, 6.75899630318e-14, 5.62191179027e-12, 1.42426337651e-12, -1.91799362308e-14, -2.04995949279e-14, 7.4629802338e-11, -1.99781648337e-14, 7.75723409119e-12, 2.79990076263e-11, 1.02573190826e-12, 7.12156071961e-12, 6.88239222557e-12, 4.60147707698e-13, 1.75629129295e-12, 2.42257494447e-12, 2.4097903035e-13, 1.82272325353e-14, 3.45180791434e-15, 3.45621497383e-16, 1.25950093488e-16, 8.47072238333e-19, 2.77457056966e-19], [3.73846469872e-18, -3.77637510022e-14, -3.23855932306e-14, -5.60738724876e-14, -1.46858301344e-14, -1.33731780939e-14, 9.19538425438e-13, 2.61422285729e-13, -5.91796255148e-15, 3.56650210463e-15, 1.407340737e-11, -1.10221907149e-14, 1.4736655906e-12, 5.83613843017e-12, 2.14767399286e-13, 1.51333752387e-12, 1.4433928228e-12, 8.86952187043e-14, 2.84118567432e-13, 4.54386447088e-13, 4.23268835075e-14, 3.12963660351e-15, 3.45621497383e-16, 9.76407502303e-17, 2.2427654005e-17, 2.17801405111e-20, -3.8187839879e-20], [-1.87616024342e-16, -1.05990342303e-14, -8.27071091193e-15, -3.60667264216e-15, -4.74573036237e-15, 4.4964627538e-16, 3.33665549617e-13, 8.72668433284e-14, -7.18337514106e-16, 3.46474194863e-16, 4.22438863404e-12, -3.31492442545e-15, 5.11264099633e-13, 1.92184766365e-12, 6.707748777e-14, 6.26694605498e-13, 4.56254283486e-13, 2.40950651358e-14, 8.99217156357e-14, 1.4400502004e-13, 1.38169640659e-14, 9.0517858271e-16, 1.25950093488e-16, 2.2427654005e-17, 1.0003889241e-17, 2.13534012643e-19, 1.91223503956e-19], [2.1655069629e-16, 7.06213388901e-18, -1.01070544129e-15, -1.20895085562e-15, 4.87125842169e-16, 3.67432304607e-16, 2.50905558537e-15, 4.96085491988e-16, 5.39343729302e-16, 1.46754321168e-16, 4.65263407228e-14, 3.72659457421e-17, 2.24005465022e-15, 1.24262401516e-14, 7.42274665195e-16, 1.66505088678e-15, 1.23488372221e-15, 2.76361069124e-16, 3.85191832654e-16, 5.73415206088e-16, 7.65313590783e-17, 1.74471871291e-18, 8.47072238333e-19, 2.17801405111e-20, 2.13534012643e-19, 1.95336827573e-19, 1.92594129307e-19], [2.08977718815e-16, 9.03856351044e-17, -7.21366980381e-16, -1.18938270047e-15, 3.00792278649e-16, 3.61667371898e-16, 1.89390574248e-15, 4.05487694982e-16, 5.46430006938e-16, 1.48779378422e-16, 3.88715786176e-14, 6.40181413485e-17, 1.15245587562e-15, 9.02593649913e-15, 5.87838641933e-16, 7.65118032052e-16, 2.39616329886e-16, 2.38153186348e-16, 1.02436968415e-16, 2.25229687035e-16, 4.5043114405e-17, 3.78349827242e-20, 2.77457056966e-19, -3.8187839879e-20, 1.91223503956e-19, 1.92594129307e-19, 1.91649980186e-19]]
    },
    "mfcc": {
        "kurt": [5.77840232849, 16.6664180756, 4.04477930069, 1.28916120529, 2.22032356262, -0.0861215591431, 0.52220416069, 0.4016289711, 1.21436452866, -0.0272197723389, 0.115079641342, 0.373042821884, 3.55517292023],
        "max": [-731.708679199, 187.958557129, 3.93600463867, 45.0831336975, 34.3018379211, 31.729850769, 33.3317184448, 18.4569644928, 26.5511512756, 7.09571266174, 8.53802108765, 23.0716724396, 41.4174461365],
        "mean": [-864.02557373, 158.004348755, -27.057849884, 22.7683677673, 3.81712174416, 8.42940330505, 15.8410415649, 2.83925890923, 3.06448745728, -7.44487667084, -4.51815605164, 3.23988175392, 5.59370231628],
        "median": [-864.269775391, 157.380828857, -18.9460945129, 22.6910591125, 4.35838317871, 7.09099578857, 15.8338813782, 3.24103546143, 2.53902053833, -7.95404815674, -4.10455703735, 3.05567932129, 4.53266906738],
        "min": [-1080.83996582, 54.3046989441, -120.319992065, -18.3074455261, -24.428478241, -17.1376724243, -9.08746337891, -19.7921600342, -9.25188446045, -24.8539276123, -24.1006374359, -11.3510742188, -14.9688529968],
        "skew": [0.512699007988, -2.14580774307, -2.23573207855, -0.410150289536, -0.159114331007, 0.0928270965815, -0.280251353979, -0.430311650038, 0.723803400993, 0.108898095787, -0.474059820175, 0.230981007218, 1.40275609493],
        "var": [1498.33886719, 165.536148071, 609.84564209, 81.8419342041, 68.443611145, 70.1985244751, 51.4041938782, 42.5202827454, 34.3283042908, 32.0793991089, 37.4769439697, 32.9037818909, 70.7943572998],
        "cov": [[1504.85339355, 192.545135498, -796.85345459, 141.630508423, -48.7110977173, 29.0110683441, -14.9854869843, -136.773193359, 12.6856689453, -48.6057281494, -66.1605529785, 60.2357215881, 192.598220825], [192.545135498, 166.255874634, 16.6722831726, -0.758262574673, 30.1284065247, 9.52866172791, -27.0853919983, -22.4247512817, -9.69983863831, -15.6315736771, -6.27935695648, 2.41360330582, -2.23324203491], [-796.85345459, 16.6722831726, 612.497131348, -30.3792324066, 40.0765762329, 28.9907741547, -6.85404634476, 67.6114273071, -23.0007343292, 3.69061899185, 50.6408996582, -47.6100273132, -152.835601807], [141.630508423, -0.758262574673, -30.3792324066, 82.197769165, 1.63647377491, 23.5526924133, 9.56017112732, -13.744187355, 3.66929960251, -10.0830287933, -6.97734832764, -4.13498783112, 2.22987794876], [-48.7110977173, 30.1284065247, 40.0765762329, 1.63647377491, 68.7411956787, 22.1356601715, -21.1437950134, 6.44282484055, 11.3441562653, -2.70009422302, -10.4940242767, -12.6057519913, -16.196521759], [29.0110683441, 9.52866172791, 28.9907741547, 23.5526924133, 22.1356601715, 70.5037307739, 7.44314289093, -2.69748878479, 11.907497406, -15.2383575439, -0.402956217527, -10.6763181686, -25.871175766], [-14.9854869843, -27.0853919983, -6.85404634476, 9.56017112732, -21.1437950134, 7.44314289093, 51.6276931763, 14.0479021072, -1.95849025249, 7.94515895844, -0.990481317043, 0.206254571676, 1.35155212879], [-136.773193359, -22.4247512817, 67.6114273071, -13.744187355, 6.44282484055, -2.69748878479, 14.0479021072, 42.7051544189, 5.53432130814, 2.68367362022, 9.14986419678, -9.45746135712, -14.404955864], [12.6856689453, -9.69983863831, -23.0007343292, 3.66929960251, 11.3441562653, 11.907497406, -1.95849025249, 5.53432130814, 34.477558136, 4.09955835342, -9.64161014557, 1.02806532383, -3.30070281029], [-48.6057281494, -15.6315736771, 3.69061899185, -10.0830287933, -2.70009422302, -15.2383575439, 7.94515895844, 2.68367362022, 4.09955835342, 32.218875885, 7.71421432495, 1.08773064613, 8.81190109253], [-66.1605529785, -6.27935695648, 50.6408996582, -6.97734832764, -10.4940242767, -0.402956217527, -0.990481317043, 9.14986419678, -9.64161014557, 7.71421432495, 37.6398849487, 9.61796855927, -10.6753368378], [60.2357215881, 2.41360330582, -47.6100273132, -4.13498783112, -12.6057519913, -10.6763181686, 0.206254571676, -9.45746135712, 1.02806532383, 1.08773064613, 9.61796855927, 33.0468406677, 22.9846763611], [192.598220825, -2.23324203491, -152.835601807, 2.22987794876, -16.196521759, -25.871175766, 1.35155212879, -14.404955864, -3.30070281029, 8.81190109253, -10.6753368378, 22.9846763611, 71.1021575928]]
    },
    "sccoeffs": {
        "kurt": [0.934583425522, 4.25395536423, 5.88810443878, 5.01221179962, 5.87721729279, 1.42662286758],
        "max": [-0.598814666271, -0.563484251499, -0.405710548162, -0.434170514345, -0.610785901546, -0.713720917702],
        "mean": [-0.776691377163, -0.811002671719, -0.815046906471, -0.804189562798, -0.830750644207, -0.799479484558],
        "median": [-0.781754493713, -0.821591377258, -0.842562317848, -0.833125293255, -0.846002459526, -0.804635882378],
        "min": [-0.888820409775, -0.921034812927, -0.923898279667, -0.883148431778, -0.883542120457, -0.905823290348],
        "skew": [0.644629836082, 1.90686750412, 2.46917438507, 2.40112471581, 2.50430583954, 0.642461597919],
        "var": [0.00229535088874, 0.00394125189632, 0.00907356292009, 0.00805211160332, 0.00276370067149, 0.000685879029334],
        "cov": [[0.00230533070862, -0.000531690311618, -0.000654020521324, -0.000661062542349, -0.000474283006042, 0.000214980216697], [-0.000531690311618, 0.00395838776603, 0.00432232581079, 0.00353490212001, 0.00235924264416, 0.000551829405595], [-0.000654020521324, 0.00432232581079, 0.00911301281303, 0.00742586376145, 0.0044328882359, 0.00114607345313], [-0.000661062542349, 0.00353490212001, 0.00742586376145, 0.0080871200189, 0.00421784631908, 0.00103412207682], [-0.000474283006042, 0.00235924264416, 0.0044328882359, 0.00421784631908, 0.00277571682818, 0.000582143547945], [0.000214980216697, 0.000551829405595, 0.00114607345313, 0.00103412207682, 0.000582143547945, 0.000688861124218]]
    },
    "scvalleys": {
        "kurt": [4.27360153198, 7.65159797668, 4.31735181808, 5.97224712372, 27.8232040405, 11.0949211121],
        "max": [-5.94863176346, -6.64711284637, -6.53853988647, -7.83280563354, -8.37268161774, -11.333527565],
        "mean": [-6.84244203568, -7.47772550583, -7.52717876434, -8.41182994843, -9.18505477905, -11.8843126297],
        "median": [-6.76252031326, -7.44605875015, -7.51663255692, -8.35651779175, -9.20076560974, -11.8956098557],
        "min": [-9.49404716492, -10.0543670654, -9.33212089539, -10.473572731, -11.8473529816, -12.9197101593],
        "skew": [-1.25114715099, -1.41743719578, -0.631050407887, -1.41703283787, -2.84446144104, -0.509894788265],
        "var": [0.209654539824, 0.147041350603, 0.0981920436025, 0.102911882102, 0.0861523896456, 0.0219651181251],
        "cov": [[0.210566088557, 0.0810651034117, 0.0483823865652, 0.0871189460158, 0.0560591332614, 0.013107124716], [0.0810651034117, 0.147680670023, 0.046804882586, 0.0694790780544, 0.0437710210681, 0.0117087420076], [0.0483823865652, 0.046804882586, 0.0986189618707, 0.0488310009241, 0.0294779483229, 0.00701970933005], [0.0871189460158, 0.0694790780544, 0.0488310009241, 0.10335931927, 0.0540980584919, 0.015983985737], [0.0560591332614, 0.0437710210681, 0.0294779483229, 0.0540980584919, 0.0865269601345, 0.0262473747134], [0.013107124716, 0.0117087420076, 0.00701970933005, 0.015983985737, 0.0262473747134, 0.0220606178045]]
    }
},
"rhythm": {
    "beats_loudness": {
        "kurt": 7.51862430573,
        "max": 0.0189349334687,
        "mean": 0.00202412926592,
        "median": 0.000385687249945,
        "min": 0.000106433872133,
        "skew": 3.04181337357,
        "var": 2.44692309934e-05
    },
    "bpm": 155.348937988,
    "confidence": 0,
    "first_peak_bpm": {
        "kurt": 0,
        "max": 157,
        "mean": 157,
        "median": 157,
        "min": 157,
        "skew": 0,
        "var": 0
    },
    "first_peak_spread": {
        "kurt": 0,
        "max": 0.111111104488,
        "mean": 0.111111104488,
        "median": 0.111111104488,
        "min": 0.111111104488,
        "skew": 0,
        "var": 0
    },
    "first_peak_weight": {
        "kurt": 0,
        "max": 0.666666686535,
        "mean": 0.666666686535,
        "median": 0.666666686535,
        "min": 0.666666686535,
        "skew": 0,
        "var": 0
    },
    "onset_rate": 0.563335895538,
    "second_peak_bpm": {
        "kurt": 0,
        "max": 152,
        "mean": 152,
        "median": 152,
        "min": 152,
        "skew": 0,
        "var": 0
    },
    "second_peak_spread": {
        "kurt": 0,
        "max": 0,
        "mean": 0,
        "median": 0,
        "min": 0,
        "skew": 0,
        "var": 0
    },
    "second_peak_weight": {
        "kurt": 0,
        "max": 0.25,
        "mean": 0.25,
        "median": 0.25,
        "min": 0.25,
        "skew": 0,
        "var": 0
    },
    "beats_loudness_band_ratio": {
        "kurt": [-0.437544107437, 0.239398956299, -1.07777786255, 3.34308242798, 6.29549217224, 0.270728588104],
        "max": [0.799976885319, 0.450658708811, 0.215046256781, 0.725499808788, 0.49634835124, 0.0295414347202],
        "mean": [0.447645813227, 0.154766187072, 0.0986871793866, 0.223249837756, 0.0865759775043, 0.0132971601561],
        "median": [0.458139568567, 0.125167563558, 0.0841107964516, 0.172358766198, 0.0448789596558, 0.01186590828],
        "min": [0.00476980768144, 0.00380479311571, 0.00913345254958, 0.100182816386, 0.0169516317546, 0.00451404089108],
        "skew": [-0.452483892441, 0.907949566841, 0.382959276438, 2.08616113663, 2.76470828056, 0.950088918209],
        "var": [0.0545123293996, 0.0146433347836, 0.00432502431795, 0.028444012627, 0.0153068406507, 4.471712964e-05],
        "cov": [[0.0590550266206, 0.000332104245899, -0.00327234878205, -0.0338724963367, -0.0217736344784, -0.000466208468424], [0.000332104245899, 0.0158636122942, 0.00445730099455, -0.0111809335649, -0.00641654012725, -0.000339112360962], [-0.00327234878205, 0.00445730099455, 0.00468544336036, -0.0020218885038, -0.00321882101707, 7.00429300196e-05], [-0.0338724963367, -0.0111809335649, -0.0020218885038, 0.0308143477887, 0.0138163650408, 0.000685320061166], [-0.0217736344784, -0.00641654012725, -0.00321882101707, 0.0138163650408, 0.0165824107826, -6.22227817075e-05], [-0.000466208468424, -0.000339112360962, 7.00429300196e-05, 0.000685320061166, -6.22227817075e-05, 4.84435586259e-05]]
    },
    "beats_position": [0.383129239082, 0.777868449688, 1.17260766029, 1.5673469305, 1.95047616959, 2.32199549675, 2.70512461662, 3.08825397491, 3.47138309479, 3.85451245308, 4.23764181137, 4.62077093124, 5.00390005112],
    "bpm_estimates": [151.999084473, 151.999084473, 151.999069214, 156.605117798, 156.605163574, 156.605072021, 156.605163574, 156.605072021, 156.605072021, 156.605163574, 156.605163574],
    "bpm_intervals": [0.394739210606, 0.394739210606, 0.39473927021, 0.383129239082, 0.371519327164, 0.383129119873, 0.383129358292, 0.383129119873, 0.383129358292, 0.383129358292, 0.383129119873, 0.383129119873],
    "onset_times": [0.0116099771112, 1.69505667686, 1.96208620071],
    "histogram": [[0, 0, 0, 0, 0, 0, 0, 0, 0, 0, 0, 0, 0, 0, 0, 0, 0, 0, 0, 0, 0, 0, 0, 0, 0, 0, 0, 0, 0, 0, 0, 0, 0, 0, 0, 0, 0, 0, 0, 0, 0, 0, 0, 0, 0, 0, 0, 0, 0, 0, 0, 0, 0, 0, 0, 0, 0, 0, 0, 0, 0, 0, 0, 0, 0, 0, 0, 0, 0, 0, 0, 0, 0, 0, 0, 0, 0, 0, 0, 0, 0, 0, 0, 0, 0, 0, 0, 0, 0, 0, 0, 0, 0, 0, 0, 0, 0, 0, 0, 0, 0, 0, 0, 0, 0, 0, 0, 0, 0, 0, 0, 0, 0, 0, 0, 0, 0, 0, 0, 0, 0, 0, 0, 0, 0, 0, 0, 0, 0, 0, 0, 0, 0, 0, 0, 0, 0, 0, 0, 0, 0, 0, 0, 0, 0, 0, 0, 0, 0, 0, 0, 0, 0.25, 0, 0, 0, 0, 0.666666686535, 0, 0, 0, 0.0833333358169, 0, 0, 0, 0, 0, 0, 0, 0, 0, 0, 0, 0, 0, 0, 0, 0, 0, 0, 0, 0, 0, 0, 0, 0, 0, 0, 0, 0, 0, 0, 0, 0, 0, 0, 0, 0, 0, 0, 0, 0, 0, 0, 0, 0, 0, 0, 0, 0, 0, 0, 0, 0, 0, 0, 0, 0, 0, 0, 0, 0, 0, 0, 0, 0, 0, 0, 0, 0, 0, 0, 0, 0, 0, 0, 0, 0, 0, 0, 0, 0, 0, 0, 0, 0, 0, 0, 0, 0]]
},
"sfx": {
    "inharmonicity": {
        "kurt": 0.774882793427,
        "max": 0.339106082916,
        "mean": 0.0917339101434,
        "median": 0.0756968930364,
        "min": 0.000461009156425,
        "skew": 1.07836461067,
        "var": 0.00503038894385
    },
    "oddtoevenharmonicenergyratio": {
        "kurt": 23.3148059845,
        "max": 15.1325302124,
        "mean": 1.04739487171,
        "median": 0.469321072102,
        "min": 0.00728736491874,
        "skew": 4.23872423172,
        "var": 3.1132838726
    },
    "pitch_after_max_to_before_max_energy_ratio": 0.113516941667,
    "pitch_centroid": 106.37877655,
    "pitch_max_to_total": 0.948051929474,
    "pitch_min_to_total": 0.562770545483,
    "tristimulus": {
        "kurt": [0.999847412109, 0.0526275634766, -0.175198078156],
        "max": [0.834843814373, 0.859547376633, 0.836121618748],
        "mean": [0.248120084405, 0.353275120258, 0.398604989052],
        "median": [0.236505463719, 0.317849844694, 0.406421840191],
        "min": [0, 0, 0],
        "skew": [0.759508013725, 0.795716941357, -0.153432920575],
        "var": [0.0264035854489, 0.0336281135678, 0.0289760995656],
        "cov": [[0.0265183839947, -0.0155953140929, -0.0109230745584], [-0.0155953140929, 0.0337743237615, -0.0181790161878], [-0.0109230745584, -0.0181790161878, 0.0291020832956]]
    }
},
"tonal": {
    "chords_changes_rate": 0.051724139601,
    "chords_number_rate": 0.0258620698005,
    "chords_strength": {
        "kurt": -0.730531215668,
        "max": 0.52406167984,
        "mean": 0.430483281612,
        "median": 0.419357001781,
        "min": 0.292477935553,
        "skew": -0.215500369668,
        "var": 0.00363329984248
    },
    "key_strength": 0.578921556473,
    "tuning_diatonic_strength": 0.453802496195,
    "tuning_equal_tempered_deviation": 0.237854123116,
    "tuning_frequency": 441.527557373,
    "tuning_nontempered_energy_ratio": 0.938914000988,
    "hpcp": {
        "kurt": [2.87039470673, 7.40667724609, 8.47111320496, 9.43904590607, 14.1149425507, 5.89356708527, 1.227602005, 0.319121837616, 1.1801738739, 5.90229225159, 4.0109872818, 4.77807378769, 3.40199995041, 8.58606338501, 7.84300041199, 6.46490001678, 4.00179862976, 5.21776199341, 7.2178812027, 20.5082035065, 19.4791107178, 13.5437469482, -0.148231744766, -1.60020172596, -1.05283224583, 28.7138404846, 10.2582674026, 8.29391956329, 6.379986763, 3.77814149857, 3.54764890671, 4.59779977798, 9.62585163116, 7.35898208618, 3.27361774445, 2.8595957756],
        "max": [1, 1, 1, 0.956953883171, 1, 1, 1, 1, 1, 1, 0.670203745365, 1, 1, 1, 1, 1, 1, 1, 1, 1, 1, 0.732754468918, 0.998125016689, 1, 0.93778693676, 1, 0.912628054619, 1, 1, 1, 1, 1, 1, 1, 1, 1],
        "mean": [0.185546442866, 0.141325131059, 0.112314552069, 0.111861169338, 0.106780789793, 0.161475300789, 0.251016944647, 0.285379976034, 0.256759345531, 0.167214527726, 0.128283038735, 0.168747082353, 0.171208918095, 0.12860506773, 0.12590610981, 0.148168519139, 0.167007446289, 0.171567827463, 0.129356056452, 0.0941361784935, 0.083033233881, 0.0801801905036, 0.2695132792, 0.510446369648, 0.321107536554, 0.0723209455609, 0.101226650178, 0.144333228469, 0.163592010736, 0.175500124693, 0.167865723372, 0.141744732857, 0.120808452368, 0.129376679659, 0.166506752372, 0.195450156927],
