{
"metadata": {
    "version": {
        "essentia": "2.1-beta3"
    }
},
"lowLevel": {
    "average_loudness": 0.98059296608,
    "barkbands_kurtosis": {
        "kurt": 2.48271656036,
        "max": 19.114238739,
        "mean": 3.4818789959,
        "median": 2.31575489044,
        "min": -1.53004550934,
        "skew": 1.57336342335,
        "var": 15.0251569748
    },
    "barkbands_skewness": {
        "kurt": -1.42332744598,
        "max": 3.78537130356,
        "mean": 0.334471046925,
        "median": 0.884686529636,
        "min": -2.53614282608,
        "skew": -0.0267257168889,
        "var": 3.38846802711
    },
    "barkbands_spread": {
        "kurt": 1.42390012741,
        "max": 28.2034740448,
        "mean": 10.8908557892,
        "median": 10.4052629471,
        "min": 4.01064538956,
        "skew": 1.04443573952,
        "var": 21.024105072
    },
    "dissonance": {
        "kurt": 1.28404569626,
        "max": 0.499237686396,
        "mean": 0.461042732,
        "median": 0.464231342077,
        "min": 0.366722106934,
        "skew": -0.930516898632,
        "var": 0.000594925135374
    },
    "hfc": {
        "kurt": -0.965899705887,
        "max": 20.279083252,
        "mean": 4.98022651672,
        "median": 0.0395159609616,
        "min": 3.68064070244e-06,
        "skew": 0.822444975376,
        "var": 43.1967277527
    },
    "pitch": {
        "kurt": -1.90518009663,
        "max": 520.036132812,
        "mean": 332.379425049,
        "median": 284.485565186,
        "min": 69.2174301147,
        "skew": -0.027964103967,
        "var": 33350.5625
    },
    "pitch_instantaneous_confidence": {
        "kurt": -1.79756307602,
        "max": 0.985490560532,
        "mean": 0.641831874847,
        "median": 0.550639748573,
        "min": 0.181016802788,
        "skew": -0.041490662843,
        "var": 0.103125557303
    },
    "pitch_salience": {
        "kurt": -0.278215646744,
        "max": 0.810479581356,
        "mean": 0.604141712189,
        "median": 0.628077864647,
        "min": 0.257803469896,
        "skew": -0.640974938869,
        "var": 0.0163339860737
    },
    "silence_rate_20dB": {
        "kurt": 0,
        "max": 1,
        "mean": 1,
        "median": 1,
        "min": 1,
        "skew": 0,
        "var": 0
    },
    "silence_rate_30dB": {
        "kurt": 0,
        "max": 1,
        "mean": 1,
        "median": 1,
        "min": 1,
        "skew": 0,
        "var": 0
    },
    "silence_rate_60dB": {
        "kurt": -1.59761798382,
        "max": 1,
        "mean": 0.651162803173,
        "median": 1,
        "min": 0,
        "skew": -0.634335935116,
        "var": 0.227149650455
    },
    "spectral_centroid": {
        "kurt": -1.80287706852,
        "max": 2618.09326172,
        "mean": 1283.84973145,
        "median": 706.754394531,
        "min": 210.379898071,
        "skew": 0.23203548789,
        "var": 875119.125
    },
    "spectral_complexity": {
        "kurt": -1.55106782913,
        "max": 8,
        "mean": 2.4806201458,
        "median": 1,
        "min": 0,
        "skew": 0.467415452003,
        "var": 7.93956184387
    },
    "spectral_crest": {
        "kurt": -0.0624625682831,
        "max": 16.7737941742,
        "mean": 9.60346126556,
        "median": 9.60853481293,
        "min": 4.14418125153,
        "skew": 0.151319056749,
        "var": 6.12590074539
    },
    "spectral_decrease": {
        "kurt": -1.10473585129,
        "max": -3.74828384544e-15,
        "mean": -4.42106046217e-10,
        "median": -2.49415019887e-11,
        "min": -1.74787051499e-09,
        "skew": -0.74677413702,
        "var": 3.10894747554e-19
    },
    "spectral_energy": {
        "kurt": -1.08082079887,
        "max": 0.00843622349203,
        "mean": 0.0021203297656,
        "median": 9.6490548458e-05,
        "min": 1.48819703227e-08,
        "skew": 0.760994493961,
        "var": 7.28356417312e-06
    },
    "spectral_energyband_high": {
        "kurt": -0.398057460785,
        "max": 0.000120937518659,
        "mean": 2.61657114606e-05,
        "median": 2.64936261374e-07,
        "min": 1.97990512874e-11,
        "skew": 0.986676335335,
        "var": 1.23243981687e-09
    },
    "spectral_energyband_low": {
        "kurt": 2.68153047562,
        "max": 8.42615336296e-05,
        "mean": 1.57016347657e-05,
        "median": 7.76779415901e-06,
        "min": 3.30344196442e-09,
        "skew": 1.72809517384,
        "var": 3.5958264144e-10
    },
    "spectral_energyband_middle_high": {
        "kurt": -1.01998031139,
        "max": 0.007916405797,
        "mean": 0.00193926529028,
        "median": 1.93995583686e-05,
        "min": 6.89738266502e-10,
        "skew": 0.782658994198,
        "var": 6.40166126686e-06
    },
    "spectral_energyband_middle_low": {
        "kurt": 0.973277807236,
        "max": 0.000705510843545,
        "mean": 0.00014488871966,
        "median": 4.17898372689e-05,
        "min": 7.92326737553e-09,
        "skew": 1.49566042423,
        "var": 3.55674707464e-08
    },
    "spectral_flatness_db": {
        "kurt": -1.4438123703,
        "max": 0.33377918601,
        "mean": 0.244281813502,
        "median": 0.247373774648,
        "min": 0.148378834128,
        "skew": -0.0182858221233,
        "var": 0.00277817575261
    },
    "spectral_flux": {
        "kurt": 5.27289295197,
        "max": 0.0390598326921,
        "mean": 0.00791561044753,
        "median": 0.00481943972409,
        "min": 0.000121991681226,
        "skew": 2.15981864929,
        "var": 5.55552142032e-05
    },
    "spectral_kurtosis": {
        "kurt": 0.244408369064,
        "max": 31.2467803955,
        "mean": 14.496796608,
        "median": 14.5578594208,
        "min": 5.74118614197,
        "skew": 0.565971910954,
        "var": 24.4461097717
    },
    "spectral_rms": {
        "kurt": -1.54396021366,
        "max": 0.00286887818947,
        "mean": 0.00102461862843,
        "median": 0.000306817732053,
        "min": 3.81037989428e-06,
        "skew": 0.517526507378,
        "var": 1.01877196812e-06
    },
    "spectral_rolloff": {
        "kurt": -1.82269227505,
        "max": 3122.31445312,
        "mean": 1822.64318848,
        "median": 1119.7265625,
        "min": 215.33203125,
        "skew": 0.0618368946016,
        "var": 1372214.375
    },
    "spectral_skewness": {
        "kurt": 0.027473449707,
        "max": 4.72861528397,
        "mean": 2.60207629204,
        "median": 2.61859321594,
        "min": 1.46445298195,
        "skew": 0.295873075724,
        "var": 0.380106776953
    },
    "spectral_spread": {
        "kurt": 5.59593582153,
        "max": 4372555.5,
        "mean": 2553871.5,
        "median": 2525669.75,
        "min": 2001846.125,
        "skew": 1.43959343433,
        "var": 107636858880
    },
    "spectral_strongpeak": {
        "kurt": -1.27763128281,
        "max": 6.61216020584,
        "mean": 1.90811574459,
        "median": 0.0508576855063,
        "min": 0.000261808483629,
        "skew": 0.682884395123,
        "var": 5.65622901917
    },
    "zerocrossingrate": {
        "kurt": -1.78058671951,
        "max": 0.12255859375,
        "mean": 0.0670989304781,
        "median": 0.04248046875,
        "min": 0.00732421875,
        "skew": 0.15136988461,
        "var": 0.00180186994839
    },
    "barkbands": {
        "kurt": [9.87027168274, 9.1931142807, 2.7618265152, 2.98449134827, 0.349800109863, 0.280839920044, 1.27859687805, 0.881570100784, -0.116632938385, 0.345132350922, 0.0240566730499, 0.49476146698, -0.431081295013, 3.43701982498, 3.05404806137, -1.42172861099, 0.895943641663, -0.548995018005, 0.4549472332, 5.1151304245, 1.03271579742, 7.2262430191, -0.156794071198, 1.43281698227, 0.330652475357, 13.3161144257, 7.14366912842],
        "max": [2.40577406885e-07, 2.30274281421e-06, 5.39119282621e-05, 3.56945420208e-05, 1.72310556081e-05, 1.26084560179e-05, 0.000106280996988, 0.000582160952035, 3.06570018438e-06, 3.1924371342e-06, 0.00108499731869, 1.00108563856e-05, 1.2482182683e-06, 5.09472956765e-05, 6.11264738382e-07, 0.00188846478704, 0.00279328017496, 0.00296267401427, 0.000274914869806, 6.7916502303e-05, 9.37377262744e-05, 1.09791599243e-05, 5.60322450838e-06, 9.06474781459e-07, 7.50656923287e-08, 9.36961264131e-09, 1.0023425423e-09],
        "mean": [3.25881046592e-08, 3.94539739546e-07, 9.77610579866e-06, 6.47079559712e-06, 4.93340803587e-06, 3.82041253033e-06, 2.02467417694e-05, 0.000107965541247, 1.06200138816e-06, 1.08369738427e-06, 0.000211383987335, 2.52130098488e-06, 5.3704553693e-07, 7.80954178481e-06, 1.63760830674e-07, 0.000533360638656, 0.000479389447719, 0.000649609370157, 5.35080798727e-05, 7.60689999879e-06, 1.61310945259e-05, 1.20372646961e-06, 1.16293313113e-06, 1.44811323821e-07, 1.37721292148e-08, 7.56620655018e-10, 9.54795964514e-11],
        "median": [1.96014173781e-08, 3.33441107614e-07, 5.11643929713e-06, 2.48985907092e-06, 4.1137500375e-06, 3.29784211317e-06, 5.37897085451e-06, 4.39674795416e-06, 9.69659595285e-07, 1.02329829588e-06, 9.46256568568e-06, 9.83692984846e-07, 5.13724558004e-07, 2.55700342677e-06, 1.51002097937e-07, 6.46877936106e-07, 2.22260428018e-06, 7.62063450566e-07, 8.05584022601e-07, 2.32020823887e-07, 5.1271999979e-08, 1.51569814477e-08, 1.43004292852e-08, 7.32811922255e-10, 2.35633540457e-10, 9.56628665172e-11, 9.55313692735e-12],
        "min": [3.45746452302e-11, 5.95455795782e-10, 1.95650540213e-09, 9.4280661056e-10, 3.62291946443e-10, 9.59049284432e-10, 3.29243882158e-10, 3.25847626659e-10, 1.79627909769e-10, 8.99523927567e-11, 3.21746962406e-10, 9.43132585918e-11, 6.15852369101e-11, 4.35215266603e-11, 2.06595227037e-11, 4.05189562458e-11, 3.02952211928e-11, 1.30091189557e-11, 1.68536851142e-11, 1.59691079804e-11, 3.15292388552e-12, 1.87504395691e-12, 1.57595421088e-12, 1.32712810468e-13, 5.81303126294e-14, 7.88322552581e-15, 8.19972468051e-16],
        "skew": [2.79935860634, 2.4753780365, 1.669906497, 1.89070129395, 0.879771530628, 0.877645075321, 1.55519556999, 1.47429907322, 0.60368001461, 0.731963992119, 1.10144305229, 1.28409159184, 0.173214331269, 1.90396332741, 1.16022193432, 0.619856357574, 1.53120696545, 1.02132380009, 1.24566078186, 2.34796142578, 1.36033964157, 2.5513188839, 1.16129124165, 1.44033682346, 1.17587697506, 3.45293617249, 2.68443059921],
        "var": [1.53576613046e-15, 1.32018487396e-13, 1.35102887211e-10, 7.04341029945e-11, 1.27813289466e-11, 7.71570047436e-12, 7.6267947513e-10, 2.66424624584e-08, 4.21106834299e-13, 4.80599067487e-13, 8.25161805551e-08, 7.97302154854e-12, 8.42905931685e-14, 1.21598925373e-10, 9.49679703231e-15, 4.6326761094e-07, 6.14305065483e-07, 8.54285815421e-07, 5.62771118595e-09, 1.9820903252e-10, 5.31785615543e-10, 4.31337084106e-12, 2.84345507209e-12, 4.55159523895e-14, 3.67027131691e-16, 2.48254582813e-18, 3.74603345302e-20],
        "cov": [[1.54776435216e-15, 8.27762015968e-15, -7.77340025031e-14, -5.06127427566e-14, 1.60235001401e-14, -4.994054588e-15, 7.11996718636e-14, 5.05331020084e-13, 7.77568622283e-15, 8.90735358058e-15, 4.71012985559e-12, 5.02458860109e-14, 1.98236499305e-15, 8.35168590643e-14, 6.9057955621e-16, 1.11014010484e-11, 4.60571684957e-12, 6.41157136064e-12, 8.61072552236e-13, 7.39369096546e-14, 2.8337147082e-13, 3.52770486163e-14, 1.49574024499e-14, 1.85093194942e-15, 1.94592968554e-16, 2.55709424006e-18, 2.38067233184e-18], [8.27762015968e-15, 1.33049875371e-13, -5.90103432698e-13, -3.87728640427e-13, 2.21888113894e-13, 8.45250789933e-14, 3.12536021368e-12, 1.84777540491e-11, 5.87121768304e-14, 7.35928245427e-14, 5.48481156326e-11, 5.46494327656e-13, 3.19052645631e-14, 1.3684836684e-12, 7.80880012887e-15, 1.11198328323e-10, 9.01157551358e-11, 1.17637705133e-10, 9.20083800815e-12, 1.79839476644e-12, 4.02488589332e-12, 2.84460822952e-13, 2.50840065949e-13, 3.13774376761e-14, 2.42670746575e-15, 1.40546059356e-17, 1.4980161484e-17], [-7.77340025031e-14, -5.90103432698e-13, 1.3615837624e-10, 8.48830311595e-11, 7.17403393635e-12, 1.16604989553e-11, -5.12459380486e-11, -3.93923477171e-10, 8.72859944046e-13, 1.32080956415e-12, -8.12238221126e-10, -8.50422596926e-12, 1.46656544873e-13, -2.91754884141e-11, 1.58836553394e-13, -2.25860219416e-09, -1.68500347009e-09, -2.57904586576e-09, -2.29537513996e-10, -1.9112727026e-11, -7.52072848442e-11, -6.18031363933e-12, -5.19522402528e-12, -5.80755821038e-13, -5.15782722251e-14, -1.12211139674e-16, -4.35428086206e-16], [-5.06127427566e-14, -3.87728640427e-13, 8.48830311595e-11, 7.09843711588e-11, 2.06628529391e-12, 5.84382325516e-12, -6.13049194742e-11, -4.03375277624e-10, 4.32680150389e-13, 2.65728032026e-13, -8.17214518278e-10, -7.47830009723e-12, -5.23360007946e-14, -2.72421009362e-11, 7.3812565218e-14, -2.07652717243e-09, -1.68253933008e-09, -2.41057906969e-09, -2.09531628159e-10, -2.61156200831e-11, -6.45710498959e-11, -4.84816744042e-12, -4.21980462725e-12, -5.54287247611e-13, -5.20447739267e-14, -1.27625567009e-15, -3.46479224121e-16], [1.60235001401e-14, 2.21888113894e-13, 7.17403393635e-12, 2.06628529391e-12, 1.28811830993e-11, 4.33418318596e-12, 7.38488957486e-12, 2.97321889331e-11, 5.56851114698e-13, 4.82592373181e-13, 1.29641991586e-10, 9.57371334986e-13, 3.17472881751e-13, 9.09117724678e-13, 1.18232260462e-13, 1.94754226635e-10, 3.04402392182e-10, 3.12739223407e-10, 1.74590723823e-11, 5.44563743057e-12, 8.80681985671e-12, 7.97421590565e-13, 4.28943556022e-13, 8.6651185901e-14, 2.57775038091e-15, 1.13310593733e-15, 1.81365801311e-18], [-4.994054588e-15, 8.45250789933e-14, 1.16604989553e-11, 5.84382325516e-12, 4.33418318596e-12, 7.77597951307e-12, -1.09467936018e-13, -2.12361187663e-11, 6.44224690954e-13, 7.47045329243e-13, 5.83435166499e-12, -1.26216772494e-13, 1.17437499612e-13, 1.80860968563e-13, 6.53743281297e-14, -1.59691690427e-10, 1.5742179782e-10, 1.71015528128e-11, -1.96953824777e-11, 3.81114324127e-12, -2.23565220156e-12, -9.83325400272e-13, -2.17325072868e-14, -8.53652509737e-16, 1.30930488399e-15, 1.23236385213e-16, 3.31284578013e-17], [7.11996718636e-14, 3.12536021368e-12, -5.12459380486e-11, -6.13049194742e-11, 7.38488957486e-12, -1.09467936018e-13, 7.68637931081e-10, 4.47762671385e-09, 2.3759089314e-12, 3.14798404358e-12, 5.34720401291e-09, 4.53423791569e-11, 1.8427997843e-12, 2.00812561024e-10, 1.06566306072e-13, 1.38277513884e-08, 1.12875069291e-08, 1.93330755849e-08, 1.50076151506e-09, 1.71993266851e-10, 5.2375992432e-10, 2.86350665402e-11, 3.23276926062e-11, 4.2693739169e-12, 4.11836011257e-13, 1.83404147717e-15, 2.00557348405e-15], [5.05331020084e-13, 1.84777540491e-11, -3.93923477171e-10, -4.03375277624e-10, 2.97321889331e-11, -2.12361187663e-11, 4.47762671385e-09, 2.68506070711e-08, 1.28850723494e-11, 1.61050305036e-11, 3.10437613393e-08, 2.70524574963e-10, 1.03917013883e-11, 1.15312137616e-09, 6.55171338189e-13, 8.19872454372e-08, 6.33497307945e-08, 1.14997412481e-07, 8.93346197017e-09, 9.78452874278e-10, 3.18123460907e-09, 1.77513240218e-10, 1.94625926486e-10, 2.6092428565e-11, 2.45002217299e-12, 4.96058831626e-15, 1.26418354477e-14], [7.77568622283e-15, 5.87121768304e-14, 8.72859944046e-13, 4.32680150389e-13, 5.56851114698e-13, 6.44224690954e-13, 2.3759089314e-12, 1.28850723494e-11, 4.24396737371e-13, 1.77922916201e-13, 4.17186701851e-11, 4.0695929699e-13, 5.40225619772e-14, 8.41837992545e-13, 2.54696064857e-14, 7.69306215953e-11, 3.26112366278e-11, 7.21718310115e-11, 4.7520355706e-12, 1.36223194183e-12, 1.94060175915e-12, 2.95893816176e-13, 8.31340069484e-14, 2.07492273959e-14, 2.16242281006e-15, -2.03826071048e-17, 1.7747039274e-17], [8.90735358058e-15, 7.35928245427e-14, 1.32080956415e-12, 2.65728032026e-13, 4.82592373181e-13, 7.47045329243e-13, 3.14798404358e-12, 1.61050305036e-11, 1.77922916201e-13, 4.84353768031e-13, 4.12013131945e-11, 4.77178409633e-13, 5.38305463843e-14, 1.34077959239e-12, 1.61398790789e-14, 8.31059179807e-11, 9.6606757316e-11, 9.2056022527e-11, 5.4759634327e-12, 1.99904892986e-12, 2.09089906847e-12, 6.24053217956e-14, 1.63820779858e-13, 1.56800672435e-14, 2.33556396777e-15, 1.23176775269e-16, 2.93018516316e-18], [4.71012985559e-12, 5.48481156326e-11, -8.12238221126e-10, -8.17214518278e-10, 1.29641991586e-10, 5.83435166499e-12, 5.34720401291e-09, 3.10437613393e-08, 4.17186701851e-11, 4.12013131945e-11, 8.31608417684e-08, 7.26775306603e-10, 1.87249174499e-11, 2.2206170236e-09, 4.2815698903e-12, 1.72422559785e-07, 1.57473664331e-07, 2.08602699558e-07, 1.67559957021e-08, 2.66502664381e-09, 5.08000752575e-09, 4.32635122172e-10, 3.44603928726e-10, 4.73683939295e-11, 4.52607005694e-12, 7.79643277021e-14, 2.37236581291e-14], [5.02458860109e-14, 5.46494327656e-13, -8.50422596926e-12, -7.47830009723e-12, 9.57371334986e-13, -1.26216772494e-13, 4.53423791569e-11, 2.70524574963e-10, 4.0695929699e-13, 4.77178409633e-13, 7.26775306603e-10, 8.03531113175e-12, 2.24935548703e-13, 2.13705962648e-11, 4.5131955085e-14, 1.57354784758e-09, 1.07515452097e-09, 1.71474945354e-09, 1.605154204e-10, 1.77031705267e-11, 4.75039833858e-11, 4.42457702421e-12, 2.90740305095e-12, 4.03115881604e-13, 4.01521806255e-14, 3.68464573072e-16, 1.8503768252e-16], [1.98236499305e-15, 3.19052645631e-14, 1.46656544873e-13, -5.23360007946e-14, 3.17472881751e-13, 1.17437499612e-13, 1.8427997843e-12, 1.03917013883e-11, 5.40225619772e-14, 5.38305463843e-14, 1.87249174499e-11, 2.24935548703e-13, 8.4949110463e-14, 6.26177874743e-13, 9.57443522522e-15, 5.31761128186e-11, 3.56627852249e-11, 6.34325300619e-11, 5.00837262288e-12, 4.77245847008e-13, 1.51212137429e-12, 1.05182308447e-13, 1.03234064905e-13, 1.28762416514e-14, 1.14492956436e-15, 1.95991644943e-17, 7.1185682863e-18], [8.35168590643e-14, 1.3684836684e-12, -2.91754884141e-11, -2.72421009362e-11, 9.09117724678e-13, 1.80860968563e-13, 2.00812561024e-10, 1.15312137616e-09, 8.41837992545e-13, 1.34077959239e-12, 2.2206170236e-09, 2.13705962648e-11, 6.26177874743e-13, 1.2254891546e-10, -2.52171364573e-15, 4.91364016142e-09, 4.29772661903e-09, 6.02783334358e-09, 5.49125578342e-10, 6.34900049201e-11, 1.58630247826e-10, 1.12974673019e-11, 1.03277785629e-11, 1.15381966134e-12, 1.32510295054e-13, 1.72922739682e-15, 6.5394072256e-16], [6.9057955621e-16, 7.80880012887e-15, 1.58836553394e-13, 7.3812565218e-14, 1.18232260462e-13, 6.53743281297e-14, 1.06566306072e-13, 6.55171338189e-13, 2.54696064857e-14, 1.61398790789e-14, 4.2815698903e-12, 4.5131955085e-14, 9.57443522522e-15, -2.52171364573e-15, 9.57099034223e-15, 1.38106167127e-11, 9.15514018762e-12, 9.83695156581e-12, 9.22570179973e-13, 1.89530005188e-13, 1.98430830686e-13, 3.59006952584e-14, 1.26599458591e-14, 1.66151939466e-15, 2.66049501782e-16, 9.61381567953e-18, -4.50866942087e-20], [1.11014010484e-11, 1.11198328323e-10, -2.25860219416e-09, -2.07652717243e-09, 1.94754226635e-10, -1.59691690427e-10, 1.38277513884e-08, 8.19872454372e-08, 7.69306215953e-11, 8.31059179807e-11, 1.72422559785e-07, 1.57354784758e-09, 5.31761128186e-11, 4.91364016142e-09, 1.38106167127e-11, 4.66886888262e-07, 3.67732923223e-07, 5.26477549556e-07, 4.43509264869e-08, 5.62827651152e-09, 1.30041764024e-08, 1.03002284479e-09, 8.9123164404e-10, 1.16010374918e-10, 1.14010693247e-11, 1.5073651962e-13, 6.57270665303e-14], [4.60571684957e-12, 9.01157551358e-11, -1.68500347009e-09, -1.68253933008e-09, 3.04402392182e-10, 1.5742179782e-10, 1.12875069291e-08, 6.33497307945e-08, 3.26112366278e-11, 9.6606757316e-11, 1.57473664331e-07, 1.07515452097e-09, 3.56627852249e-11, 4.29772661903e-09, 9.15514018762e-12, 3.67732923223e-07, 6.19104298494e-07, 5.94559764977e-07, 3.73698227918e-08, 9.08266439836e-09, 9.51783096781e-09, 4.65365662672e-10, 1.01843478095e-09, 1.03818863229e-10, 1.09194233516e-11, 4.63630924017e-13, 8.81226041032e-14], [6.41157136064e-12, 1.17637705133e-10, -2.57904586576e-09, -2.41057906969e-09, 3.12739223407e-10, 1.71015528128e-11, 1.93330755849e-08, 1.14997412481e-07, 7.21718310115e-11, 9.2056022527e-11, 2.08602699558e-07, 1.71474945354e-09, 6.34325300619e-11, 6.02783334358e-09, 9.83695156581e-12, 5.26477549556e-07, 5.94559764977e-07, 8.60959914917e-07, 5.82929118309e-08, 8.98760355028e-09, 1.74279257692e-08, 9.92334547867e-10, 1.42515654833e-09, 1.68430713821e-10, 1.61521230418e-11, 3.38323498991e-13, 1.09244258333e-13], [8.61072552236e-13, 9.20083800815e-12, -2.29537513996e-10, -2.09531628159e-10, 1.74590723823e-11, -1.96953824777e-11, 1.50076151506e-09, 8.93346197017e-09, 4.7520355706e-12, 5.4759634327e-12, 1.67559957021e-08, 1.605154204e-10, 5.00837262288e-12, 5.49125578342e-10, 9.22570179973e-13, 4.43509264869e-08, 3.73698227918e-08, 5.82929118309e-08, 5.67167779408e-09, 6.00503813342e-10, 1.31897981426e-09, 9.74661254483e-11, 9.1250014489e-11, 1.19028571721e-11, 1.19413084022e-12, 2.37310645852e-14, 7.29939790252e-15], [7.39369096546e-14, 1.79839476644e-12, -1.9112727026e-11, -2.61156200831e-11, 5.44563743057e-12, 3.81114324127e-12, 1.71993266851e-10, 9.78452874278e-10, 1.36223194183e-12, 1.99904892986e-12, 2.66502664381e-09, 1.77031705267e-11, 4.77245847008e-13, 6.34900049201e-11, 1.89530005188e-13, 5.62827651152e-09, 9.08266439836e-09, 8.98760355028e-09, 6.00503813342e-10, 1.99757543839e-10, 1.55268742308e-10, 8.46680624916e-12, 1.40621013098e-11, 1.72380902955e-12, 1.60846894614e-13, 5.24907291501e-15, 1.20359580744e-15], [2.8337147082e-13, 4.02488589332e-12, -7.52072848442e-11, -6.45710498959e-11, 8.80681985671e-12, -2.23565220156e-12, 5.2375992432e-10, 3.18123460907e-09, 1.94060175915e-12, 2.09089906847e-12, 5.08000752575e-09, 4.75039833858e-11, 1.51212137429e-12, 1.58630247826e-10, 1.98430830686e-13, 1.30041764024e-08, 9.51783096781e-09, 1.74279257692e-08, 1.31897981426e-09, 1.55268742308e-10, 5.35940181123e-10, 3.11554115839e-11, 3.30623931011e-11, 4.33387353782e-12, 3.68941314131e-13, 1.37908187e-15, 2.30502017145e-15], [3.52770486163e-14, 2.84460822952e-13, -6.18031363933e-12, -4.84816744042e-12, 7.97421590565e-13, -9.83325400272e-13, 2.86350665402e-11, 1.77513240218e-10, 2.95893816176e-13, 6.24053217956e-14, 4.32635122172e-10, 4.42457702421e-12, 1.05182308447e-13, 1.12974673019e-11, 3.59006952584e-14, 1.03002284479e-09, 4.65365662672e-10, 9.92334547867e-10, 9.74661254483e-11, 8.46680624916e-12, 3.11554115839e-11, 4.34706914562e-12, 1.68483239513e-12, 2.89464443083e-13, 2.26323273273e-14, 6.61496666731e-17, 1.30554776347e-16], [1.49574024499e-14, 2.50840065949e-13, -5.19522402528e-12, -4.21980462725e-12, 4.28943556022e-13, -2.17325072868e-14, 3.23276926062e-11, 1.94625926486e-10, 8.31340069484e-14, 1.63820779858e-13, 3.44603928726e-10, 2.90740305095e-12, 1.03234064905e-13, 1.03277785629e-11, 1.26599458591e-14, 8.9123164404e-10, 1.01843478095e-09, 1.42515654833e-09, 9.1250014489e-11, 1.40621013098e-11, 3.30623931011e-11, 1.68483239513e-12, 2.86566950725e-12, 3.03888370631e-13, 2.6775361984e-14, 4.76036751522e-16, 2.07136375067e-16], [1.85093194942e-15, 3.13774376761e-14, -5.80755821038e-13, -5.54287247611e-13, 8.6651185901e-14, -8.53652509737e-16, 4.2693739169e-12, 2.6092428565e-11, 2.07492273959e-14, 1.56800672435e-14, 4.73683939295e-11, 4.03115881604e-13, 1.28762416514e-14, 1.15381966134e-12, 1.66151939466e-15, 1.16010374918e-10, 1.03818863229e-10, 1.68430713821e-10, 1.19028571721e-11, 1.72380902955e-12, 4.33387353782e-12, 2.89464443083e-13, 3.03888370631e-13, 4.58715469851e-14, 3.39739176495e-15, 5.89459757115e-17, 2.36064029215e-17], [1.94592968554e-16, 2.42670746575e-15, -5.15782722251e-14, -5.20447739267e-14, 2.57775038091e-15, 1.30930488399e-15, 4.11836011257e-13, 2.45002217299e-12, 2.16242281006e-15, 2.33556396777e-15, 4.52607005694e-12, 4.01521806255e-14, 1.14492956436e-15, 1.32510295054e-13, 2.66049501782e-16, 1.14010693247e-11, 1.09194233516e-11, 1.61521230418e-11, 1.19413084022e-12, 1.60846894614e-13, 3.68941314131e-13, 2.26323273273e-14, 2.6775361984e-14, 3.39739176495e-15, 3.69894523506e-16, 4.70885426354e-18, 2.07451603672e-18], [2.55709424006e-18, 1.40546059356e-17, -1.12211139674e-16, -1.27625567009e-15, 1.13310593733e-15, 1.23236385213e-16, 1.83404147717e-15, 4.96058831626e-15, -2.03826071048e-17, 1.23176775269e-16, 7.79643277021e-14, 3.68464573072e-16, 1.95991644943e-17, 1.72922739682e-15, 9.61381567953e-18, 1.5073651962e-13, 4.63630924017e-13, 3.38323498991e-13, 2.37310645852e-14, 5.24907291501e-15, 1.37908187e-15, 6.61496666731e-17, 4.76036751522e-16, 5.89459757115e-17, 4.70885426354e-18, 2.50194073195e-18, 8.19136216472e-20], [2.38067233184e-18, 1.4980161484e-17, -4.35428086206e-16, -3.46479224121e-16, 1.81365801311e-18, 3.31284578013e-17, 2.00557348405e-15, 1.26418354477e-14, 1.7747039274e-17, 2.93018516316e-18, 2.37236581291e-14, 1.8503768252e-16, 7.1185682863e-18, 6.5394072256e-16, -4.50866942087e-20, 6.57270665303e-14, 8.81226041032e-14, 1.09244258333e-13, 7.29939790252e-15, 1.20359580744e-15, 2.30502017145e-15, 1.30554776347e-16, 2.07136375067e-16, 2.36064029215e-17, 2.07451603672e-18, 8.19136216472e-20, 3.77529949084e-20]]
    },
    "mfcc": {
        "kurt": [-1.22217869759, -0.45065164566, -1.74932456017, -1.63525032997, 0.191280603409, -1.47321164608, -1.20533084869, -1.02412855625, 0.0320835113525, -0.605782985687, 0.300036668777, -1.33170104027, -1.44073414803],
        "max": [-762.659667969, 144.846069336, 42.2975196838, 76.2107086182, 26.843585968, 8.75522613525, 14.9174842834, 40.4268264771, 12.8908119202, 4.88787841797, 10.3166389465, 34.4200515747, 33.4411430359],
        "mean": [-905.643310547, 101.744361877, -36.5924263, 27.5180778503, -0.225494146347, -20.3605480194, -7.28503036499, 8.44115829468, -9.86272716522, -11.9103288651, -8.41358470917, 5.18060541153, 7.63657617569],
        "median": [-945.13104248, 109.301856995, -8.55107116699, 15.5421180725, -0.384887695312, -18.3679580688, -2.3102684021, 4.43532562256, -9.49124908447, -11.5768470764, -8.3694896698, 0.667060852051, 4.05828857422],
        "min": [-1138.42004395, 1.14440917969e-05, -116.548675537, -11.565410614, -18.1131858826, -47.0590629578, -39.7757225037, -11.9484710693, -28.5551223755, -28.617805481, -26.1931114197, -19.2943954468, -13.4535865784],
        "skew": [-0.118829846382, -0.448321998119, -0.104940332472, 0.245053261518, 0.120704166591, -0.096405044198, -0.358935654163, 0.461905628443, 0.199419081211, -0.25764131546, -0.084302097559, 0.231342449784, 0.242631390691],
        "var": [10378.0400391, 1028.90100098, 3154.32177734, 737.79876709, 64.7160873413, 275.876983643, 206.925323486, 189.261306763, 56.9229850769, 54.467048645, 40.8113822937, 199.215713501, 171.901947021],
        "cov": [[10459.1181641, -1395.22192383, -5480.18994141, 2553.68041992, -229.476364136, -1497.12634277, -1205.37121582, 1166.72033691, 232.921020508, -483.206207275, -112.951774597, 1266.55786133, 1168.35437012], [-1395.22192383, 1036.93933105, 1117.5513916, -585.223327637, 94.2019958496, 247.994796753, 323.174255371, -280.382507324, -123.199539185, 96.2597122192, 21.6726398468, -299.129089355, -257.009338379], [-5480.18994141, 1117.5513916, 3178.96484375, -1446.61999512, 136.42805481, 844.623352051, 676.845703125, -649.11920166, -169.778121948, 278.001220703, 38.4381561279, -731.46685791, -664.169311523], [2553.68041992, -585.223327637, -1446.61999512, 743.562805176, -60.4408569336, -391.60836792, -331.734100342, 316.49987793, 87.9752502441, -132.473098755, -32.0203552246, 343.038787842, 308.987335205], [-229.476364136, 94.2019958496, 136.42805481, -60.4408569336, 65.2216796875, 45.7716217041, 43.2063064575, -15.4710731506, -22.7770729065, 7.33937883377, -8.37738323212, -33.0769729614, -42.3665657043], [-1497.12634277, 247.994796753, 844.623352051, -391.60836792, 45.7716217041, 278.032287598, 181.797531128, -159.735015869, -33.4602165222, 65.1989593506, 7.5571064949, -197.270019531, -170.59526062], [-1205.37121582, 323.174255371, 676.845703125, -331.734100342, 43.2063064575, 181.797531128, 208.541931152, -151.810501099, -46.2727127075, 60.0918731689, 19.1371917725, -169.085601807, -153.731521606], [1166.72033691, -280.382507324, -649.11920166, 316.49987793, -15.4710731506, -159.735015869, -151.810501099, 190.73991394, 44.7802391052, -61.9262123108, -26.0358753204, 165.332931519, 142.67628479], [232.921020508, -123.199539185, -169.778121948, 87.9752502441, -22.7770729065, -33.4602165222, -46.2727127075, 44.7802391052, 57.3676948547, -15.1082859039, -0.0675560235977, 46.1430206299, 45.6190071106], [-483.206207275, 96.2597122192, 278.001220703, -132.473098755, 7.33937883377, 65.1989593506, 60.0918731689, -61.9262123108, -15.1082859039, 54.8925743103, 15.4331026077, -61.682964325, -50.8464622498], [-112.951774597, 21.6726398468, 38.4381561279, -32.0203552246, -8.37738323212, 7.5571064949, 19.1371917725, -26.0358753204, -0.0675560235977, 15.4331026077, 41.1302223206, -5.32264280319, -9.96414852142], [1266.55786133, -299.129089355, -731.46685791, 343.038787842, -33.0769729614, -197.270019531, -169.085601807, 165.332931519, 46.1430206299, -61.682964325, -5.32264280319, 200.772079468, 160.446380615], [1168.35437012, -257.009338379, -664.169311523, 308.987335205, -42.3665657043, -170.59526062, -153.731521606, 142.67628479, 45.6190071106, -50.8464622498, -9.96414852142, 160.446380615, 173.244934082]]
    },
    "sccoeffs": {
        "kurt": [-0.503959178925, -1.14070916176, -1.63921225071, -1.73958134651, -1.69515037537, -1.62389600277],
        "max": [-0.564886629581, -0.553233742714, -0.562463402748, -0.508113205433, -0.456953674555, -0.620577275753],
        "mean": [-0.7431858778, -0.759682297707, -0.755271852016, -0.719964146614, -0.712964057922, -0.748157083988],
        "median": [-0.752889633179, -0.78809607029, -0.815529048443, -0.805291891098, -0.805199980736, -0.793040156364],
        "min": [-0.903343975544, -0.933074653149, -0.933417260647, -0.919117987156, -0.913712978363, -0.877183973789],
        "skew": [0.310023069382, 0.351268023252, 0.28489819169, 0.295999109745, 0.296447813511, 0.31459286809],
        "var": [0.00526081817225, 0.0104709872976, 0.0158699844033, 0.02250652574, 0.0280058290809, 0.00641158409417],
        "cov": [[0.00530191836879, -0.00202712789178, -0.00387501949444, -0.00479855714366, -0.00506212841719, -0.00237746047787], [-0.00202712789178, 0.0105527918786, 0.0112564275041, 0.0135463606566, 0.0150795364752, 0.0073695522733], [-0.00387501949444, 0.0112564275041, 0.015993969515, 0.0183666795492, 0.0203080344945, 0.0097236065194], [-0.00479855714366, 0.0135463606566, 0.0183666795492, 0.0226823575795, 0.0247701089829, 0.0117820007727], [-0.00506212841719, 0.0150795364752, 0.0203080344945, 0.0247701089829, 0.0282246246934, 0.0130999367684], [-0.00237746047787, 0.0073695522733, 0.0097236065194, 0.0117820007727, 0.0130999367684, 0.00646167481318]]
    },
    "scvalleys": {
        "kurt": [6.91846466064, 10.592171669, 16.2569446564, 14.6435527802, 13.5556049347, 4.32544136047],
        "max": [-7.62979793549, -7.36598825455, -7.9369020462, -9.04826068878, -9.38917064667, -11.6988115311],
        "mean": [-8.74622917175, -8.28027153015, -8.83409976959, -9.75309753418, -10.5023031235, -13.2916584015],
        "median": [-8.62656211853, -8.16999530792, -8.67761230469, -9.59628582001, -10.4000492096, -13.4626331329],
        "min": [-11.9489192963, -12.0795431137, -13.138428688, -13.9887533188, -14.9403963089, -17.5958156586],
        "skew": [-2.09857940674, -2.85835790634, -3.56810855865, -3.48646378517, -3.19398546219, -1.54328501225],
        "var": [0.420543074608, 0.473899841309, 0.472137451172, 0.489933520555, 0.553892970085, 0.895640134811],
        "cov": [[0.423828572035, 0.349202662706, 0.344112336636, 0.384183287621, 0.407077491283, 0.490194410086], [0.349202662706, 0.477602183819, 0.403781890869, 0.436246782541, 0.460890173912, 0.534430503845], [0.344112336636, 0.403781890869, 0.475826025009, 0.439460158348, 0.450148314238, 0.497489601374], [0.384183287621, 0.436246782541, 0.439460158348, 0.493761122227, 0.494376599789, 0.564020693302], [0.407077491283, 0.460890173912, 0.450148314238, 0.494376599789, 0.558220267296, 0.664807319641], [0.490194410086, 0.534430503845, 0.497489601374, 0.564020693302, 0.664807319641, 0.902637302876]]
    }
},
"rhythm": {
    "beats_loudness": {
        "kurt": -1.74953591824,
        "max": 0.00579059170559,
        "mean": 0.00291712745093,
        "median": 0.00296021881513,
        "min": 3.59338700946e-05,
        "skew": -0.0125174196437,
        "var": 6.49275898468e-06
    },
    "bpm": 112.971305847,
    "confidence": 0,
    "first_peak_bpm": {
        "kurt": 0,
        "max": 112,
        "mean": 112,
        "median": 112,
        "min": 112,
        "skew": 0,
        "var": 0
    },
    "first_peak_spread": {
        "kurt": 0,
        "max": 0.25,
        "mean": 0.25,
        "median": 0.25,
        "min": 0.25,
        "skew": 0,
        "var": 0
    },
    "first_peak_weight": {
        "kurt": 0,
        "max": 0.75,
        "mean": 0.75,
        "median": 0.75,
        "min": 0.75,
        "skew": 0,
        "var": 0
    },
    "onset_rate": 1.34678077698,
    "second_peak_bpm": {
        "kurt": 0,
        "max": 0,
        "mean": 0,
        "median": 0,
        "min": 0,
        "skew": 0,
        "var": 0
    },
    "second_peak_spread": {
        "kurt": 0,
        "max": 0,
        "mean": 0,
        "median": 0,
        "min": 0,
        "skew": 0,
        "var": 0
    },
    "second_peak_weight": {
        "kurt": 0,
        "max": 0,
        "mean": 0,
        "median": 0,
        "min": 0,
        "skew": 0,
        "var": 0
    },
    "beats_loudness_band_ratio": {
        "kurt": [-1.8328346014, -0.434284687042, -1.14801752567, -0.67754483223, -1.80457627773, -1.81621706486],
        "max": [0.719687402248, 0.214703693986, 0.106683179736, 0.233199894428, 0.85129314661, 0.0219623055309],
        "mean": [0.287109225988, 0.0606738701463, 0.0574940145016, 0.117144308984, 0.480460584164, 0.0138988271356],
        "median": [0.00303156976588, 0.00419262005016, 0.0449887923896, 0.110921151936, 0.698069274426, 0.0197147503495],
        "min": [0.00101076159626, 0.00221806508489, 0.0129364235327, 0.0425189957023, 0.0129686063156, 0.00352697516792],
        "skew": [0.408463895321, 1.09553170204, 0.214185267687, 0.722903370857, -0.358170509338, -0.384579688311],
        "var": [0.122034832835, 0.00681823119521, 0.00104296044447, 0.00433541554958, 0.139806240797, 6.8930843554e-05],
        "cov": [[0.152543544769, 0.0307107213885, 0.00157963566016, -0.010688197799, -0.161805167794, -0.00361105962656], [0.0307107213885, 0.00852278899401, 0.000880945823155, -0.00369202997535, -0.0331784263253, -0.000722627271898], [0.00157963566016, 0.000880945823155, 0.00130370061379, -0.00137771933805, -0.00209714658558, -1.26329759951e-05], [-0.010688197799, -0.00369202997535, -0.00137771933805, 0.00541926920414, 0.00901657436043, 0.000208277255297], [-0.161805167794, -0.0331784263253, -0.00209714658558, 0.00901657436043, 0.174757808447, 0.00384669029154], [-0.00361105962656, -0.000722627271898, -1.26329759951e-05, 0.000208277255297, 0.00384669029154, 8.61635562615e-05]]
    },
    "beats_position": [0.580498874187, 1.10294783115, 1.63700675964, 2.17106580734, 2.70512461662],
    "bpm_estimates": [114.843757629, 112.34715271, 112.347129822, 112.347175598],
    "bpm_intervals": [0.522448956966, 0.53405892849, 0.534059047699, 0.53405880928],
    "onset_times": [0.0696598663926, 0.371519267559, 0.487619042397, 0.592108845711],
    "histogram": [[0, 0, 0, 0, 0, 0, 0, 0, 0, 0, 0, 0, 0, 0, 0, 0, 0, 0, 0, 0, 0, 0, 0, 0, 0, 0, 0, 0, 0, 0, 0, 0, 0, 0, 0, 0, 0, 0, 0, 0, 0, 0, 0, 0, 0, 0, 0, 0, 0, 0, 0, 0, 0, 0, 0, 0, 0, 0, 0, 0, 0, 0, 0, 0, 0, 0, 0, 0, 0, 0, 0, 0, 0, 0, 0, 0, 0, 0, 0, 0, 0, 0, 0, 0, 0, 0, 0, 0, 0, 0, 0, 0, 0, 0, 0, 0, 0, 0, 0, 0, 0, 0, 0, 0, 0, 0, 0, 0, 0, 0, 0, 0, 0.75, 0, 0, 0.25, 0, 0, 0, 0, 0, 0, 0, 0, 0, 0, 0, 0, 0, 0, 0, 0, 0, 0, 0, 0, 0, 0, 0, 0, 0, 0, 0, 0, 0, 0, 0, 0, 0, 0, 0, 0, 0, 0, 0, 0, 0, 0, 0, 0, 0, 0, 0, 0, 0, 0, 0, 0, 0, 0, 0, 0, 0, 0, 0, 0, 0, 0, 0, 0, 0, 0, 0, 0, 0, 0, 0, 0, 0, 0, 0, 0, 0, 0, 0, 0, 0, 0, 0, 0, 0, 0, 0, 0, 0, 0, 0, 0, 0, 0, 0, 0, 0, 0, 0, 0, 0, 0, 0, 0, 0, 0, 0, 0, 0, 0, 0, 0, 0, 0, 0, 0, 0, 0, 0, 0, 0, 0, 0, 0, 0, 0, 0, 0, 0, 0, 0, 0, 0, 0]]
},
"sfx": {
    "inharmonicity": {
        "kurt": 1.47649765015,
        "max": 0.230859473348,
        "mean": 0.0482785776258,
        "median": 0.0241580680013,
        "min": 0.001122409245,
        "skew": 1.48116278648,
        "var": 0.00313378195278
    },
    "oddtoevenharmonicenergyratio": {
        "kurt": 0.373564481735,
        "max": 5.91870689392,
        "mean": 1.52828490734,
        "median": 0.937735915184,
        "min": 0.00944191031158,
        "skew": 1.2069593668,
        "var": 2.65210413933
    },
    "pitch_after_max_to_before_max_energy_ratio": 11.2998771667,
    "pitch_centroid": 53.6164779663,
    "pitch_max_to_total": 0.139534890652,
    "pitch_min_to_total": 0.945736408234,
    "tristimulus": {
        "kurt": [-0.84020447731, 0.852588415146, 0.144106149673],
        "max": [0.617349028587, 0.693827569485, 0.873071730137],
        "mean": [0.23089209199, 0.328351289034, 0.440756499767],
        "median": [0.180558472872, 0.334152460098, 0.439732611179],
        "min": [0, 0, 0.145790100098],
        "skew": [0.632012963295, -0.265193730593, 0.150567859411],
        "var": [0.0264283791184, 0.0123899169266, 0.015702823177],
        "cov": [[0.0266348514706, -0.0116480384022, -0.0149868214503], [-0.0116480384022, 0.0124867130071, -0.000838675594423], [-0.0149868214503, -0.000838675594423, 0.0158255007118]]
    }
},
"tonal": {
    "chords_changes_rate": 0.0615384615958,
    "chords_number_rate": 0.0615384615958,
    "chords_strength": {
        "kurt": -0.240393161774,
        "max": 0.550533950329,
        "mean": 0.456076085567,
        "median": 0.492512404919,
        "min": 0.257286369801,
        "skew": -0.980482637882,
        "var": 0.00676919566467
    },
    "key_strength": 0.586023688316,
    "tuning_diatonic_strength": 0.482635468245,
    "tuning_equal_tempered_deviation": 0.145519673824,
    "tuning_frequency": 436.456207275,
    "tuning_nontempered_energy_ratio": 0.706518173218,
    "hpcp": {
        "kurt": [8.85812568665, 29.6892852783, 5.56516551971, 13.6674919128, 8.88477802277, 9.57406425476, 7.10160732269, 24.1782474518, -1.69917201996, -1.76565027237, -0.382390260696, 1.64322042465, -0.858373403549, -0.329407215118, 7.12492179871, 12.9627780914, 15.5751514435, 28.357131958, 8.1548948288, 15.3370304108, -0.0449554920197, 0.275899171829, 11.0926485062, 19.3784332275, 5.8226852417, 16.4987487793, 19.4413433075, 12.3823356628, 13.4242286682, -1.47330057621, -1.38156402111, -0.293180465698, 9.06968212128, 17.8902206421, 4.38219881058, 17.4007644653],
        "max": [0.76030677557, 1, 0.370386689901, 0.64144974947, 0.790671765804, 1, 0.719134867191, 0.662253260612, 0.601760923862, 1, 1, 1, 1, 1, 1, 0.52792173624, 0.690657556057, 0.848734080791, 0.361813366413, 0.716492593288, 0.980781137943, 1, 0.694728195667, 1, 0.62671983242, 1, 0.814961910248, 0.275183051825, 0.429845124483, 0.568628787994, 1, 0.878282308578, 0.389811962843, 0.584689855576, 0.374724596739, 0.982311725616],
        "mean": [0.0667626783252, 0.0571470633149, 0.0622823797166, 0.065348573029, 0.0742160305381, 0.082703448832, 0.063983283937, 0.0403249002993, 0.285073906183, 0.547196984291, 0.341325312853, 0.191196218133, 0.298205196857, 0.260994255543, 0.115726478398, 0.0453935936093, 0.0465133041143, 0.0431121177971, 0.0371975824237, 0.0796457752585, 0.257022380829, 0.25747731328, 0.0890213400126, 0.0658679008484, 0.0776652172208, 0.0760924965143, 0.0479686409235, 0.0235213655978, 0.0315406508744, 0.211852923036, 0.397408485413, 0.226611375809, 0.0401333756745, 0.0462189726532, 0.0493523180485, 0.060693372041],
