{
"metadata": {
    "version": {
        "essentia": "2.1-beta3"
    }
},
"lowLevel": {
    "average_loudness": 0.785835325718,
    "barkbands_kurtosis": {
        "kurt": 7.11459922791,
        "max": 9.85342121124,
        "mean": 0.38474470377,
        "median": 0.314983844757,
        "min": -1.60193932056,
        "skew": 1.53664982319,
        "var": 1.96033895016
    },
    "barkbands_skewness": {
        "kurt": 0.791321277618,
        "max": 1.722432971,
        "mean": 0.461983829737,
        "median": 0.622543036938,
        "min": -2.40011048317,
        "skew": -0.883830547333,
        "var": 0.53150832653
    },
    "barkbands_spread": {
        "kurt": 0.407669067383,
        "max": 30.520116806,
        "mean": 16.3061389923,
        "median": 16.3856601715,
        "min": 3.99284720421,
        "skew": 0.172036781907,
        "var": 16.099905014
    },
    "dissonance": {
        "kurt": 19.0408115387,
        "max": 0.499047607183,
        "mean": 0.466730087996,
        "median": 0.471117317677,
        "min": 0.264687716961,
        "skew": -2.87438464165,
        "var": 0.000581809610594
    },
    "hfc": {
        "kurt": 14.7860927582,
        "max": 56.4390830994,
        "mean": 3.06891679764,
        "median": 0.0705956071615,
        "min": 4.18638599342e-08,
        "skew": 3.71135449409,
        "var": 70.9225540161
    },
    "pitch": {
        "kurt": 0.231428384781,
        "max": 846.778869629,
        "mean": 323.098083496,
        "median": 367.451660156,
        "min": 73.4889831543,
        "skew": 0.0193756874651,
        "var": 17096.2460938
    },
    "pitch_instantaneous_confidence": {
        "kurt": -0.644600152969,
        "max": 0.924599349499,
        "mean": 0.410831212997,
        "median": 0.34080696106,
        "min": 0.13317501545,
        "skew": 0.728112637997,
        "var": 0.0441601276398
    },
    "pitch_salience": {
        "kurt": 0.0862300395966,
        "max": 0.856137633324,
        "mean": 0.670375525951,
        "median": 0.68794709444,
        "min": 0.320690870285,
        "skew": -0.703832805157,
        "var": 0.010758060962
    },
    "silence_rate_20dB": {
        "kurt": 0,
        "max": 1,
        "mean": 1,
        "median": 1,
        "min": 1,
        "skew": 0,
        "var": 0
    },
    "silence_rate_30dB": {
        "kurt": 0,
        "max": 1,
        "mean": 1,
        "median": 1,
        "min": 1,
        "skew": 0,
        "var": 0
    },
    "silence_rate_60dB": {
        "kurt": 1.32012796402,
        "max": 1,
        "mean": 0.836734712124,
        "median": 1,
        "min": 0,
        "skew": -1.82211613655,
        "var": 0.136609911919
    },
    "spectral_centroid": {
        "kurt": -0.0988330841064,
        "max": 2312.71557617,
        "mean": 1059.51940918,
        "median": 878.598205566,
        "min": 439.646636963,
        "skew": 1.0265083313,
        "var": 236206.84375
    },
    "spectral_complexity": {
        "kurt": 2.52710103989,
        "max": 19,
        "mean": 2.41224479675,
        "median": 0,
        "min": 0,
        "skew": 1.93732106686,
        "var": 22.0871887207
    },
    "spectral_crest": {
        "kurt": 6.62649726868,
        "max": 20.96434021,
        "mean": 6.688164711,
        "median": 5.91370153427,
        "min": 3.225492239,
        "skew": 2.30092167854,
        "var": 8.04362201691
    },
    "spectral_decrease": {
        "kurt": 14.7666912079,
        "max": -1.63237526073e-17,
        "mean": -3.50051293507e-10,
        "median": -1.98689450309e-11,
        "min": -5.91897197921e-09,
        "skew": -3.69168066978,
        "var": 8.29937450438e-19
    },
    "spectral_energy": {
        "kurt": 14.7196273804,
        "max": 0.0274587813765,
        "mean": 0.00159953418188,
        "median": 8.13358128653e-05,
        "min": 6.54068535444e-11,
        "skew": 3.69009518623,
        "var": 1.76227968041e-05
    },
    "spectral_energyband_high": {
        "kurt": 12.4488983154,
        "max": 0.000636131502688,
        "mean": 3.78783151973e-05,
        "median": 7.14678094482e-07,
        "min": 7.28500701604e-13,
        "skew": 3.36745667458,
        "var": 9.63197965831e-09
    },
    "spectral_energyband_low": {
        "kurt": 1.92795801163,
        "max": 2.74637623079e-05,
        "mean": 6.77202888255e-06,
        "median": 5.63616958971e-06,
        "min": 7.71143999351e-12,
        "skew": 1.3153141737,
        "var": 2.63646882104e-11
    },
    "spectral_energyband_middle_high": {
        "kurt": 16.4828929901,
        "max": 0.0261492244899,
        "mean": 0.00136197137181,
        "median": 3.15014331136e-05,
        "min": 9.65442396167e-12,
        "skew": 3.922560215,
        "var": 1.49709585457e-05
    },
    "spectral_energyband_middle_low": {
        "kurt": 23.0604515076,
        "max": 0.00373425218277,
        "mean": 0.000203978270292,
        "median": 4.54740875284e-05,
        "min": 4.72888360414e-11,
        "skew": 4.00783967972,
        "var": 1.73356781374e-07
    },
    "spectral_flatness_db": {
        "kurt": 0.261402845383,
        "max": 0.27128225565,
        "mean": 0.17596681416,
        "median": 0.169718578458,
        "min": 0.0993456989527,
        "skew": 0.796818196774,
        "var": 0.000883928441908
    },
    "spectral_flux": {
        "kurt": 6.18213272095,
        "max": 0.113592781126,
        "mean": 0.0146229425445,
        "median": 0.00573584809899,
        "min": 0.000131739594508,
        "skew": 2.55482411385,
        "var": 0.00044908261043
    },
    "spectral_kurtosis": {
        "kurt": 2.07755708694,
        "max": 20.6142063141,
        "mean": 7.33137369156,
        "median": 6.77625179291,
        "min": 1.33878755569,
        "skew": 1.12199294567,
        "var": 9.48795604706
    },
    "spectral_rms": {
        "kurt": 4.91493988037,
        "max": 0.00517581449822,
        "mean": 0.000721648219042,
        "median": 0.000281694898149,
        "min": 2.52609510198e-07,
        "skew": 2.33049273491,
        "var": 1.03974514332e-06
    },
    "spectral_rolloff": {
        "kurt": -1.42881786823,
        "max": 3057.71484375,
        "mean": 1696.81591797,
        "median": 1528.85742188,
        "min": 732.12890625,
        "skew": 0.320779532194,
        "var": 487315.34375
    },
    "spectral_skewness": {
        "kurt": 1.13245153427,
        "max": 3.48645091057,
        "mean": 1.9959679842,
        "median": 2.01429748535,
        "min": 1.07996225357,
        "skew": 0.0612578354776,
        "var": 0.129365488887
    },
    "spectral_spread": {
        "kurt": 161.31010437,
        "max": 19878156,
        "mean": 2967887.25,
        "median": 2873926.5,
        "min": 1923080.125,
        "skew": 11.5873975754,
        "var": 1.42562400666e+12
    },
    "spectral_strongpeak": {
        "kurt": 7.6817483902,
        "max": 7.30569410324,
        "mean": 0.638879954815,
        "median": 0.050767686218,
        "min": 3.68941687157e-06,
        "skew": 2.91317462921,
        "var": 2.27339744568
    },
    "zerocrossingrate": {
        "kurt": 55.3657531738,
        "max": 0.38623046875,
        "mean": 0.0617466531694,
        "median": 0.05419921875,
        "min": 0.0205078125,
        "skew": 5.55348348618,
        "var": 0.000886057619937
    },
    "barkbands": {
        "kurt": [1.35052871704, 6.15421104431, 4.80349111557, 8.4185218811, 9.11514759064, 23.0373592377, 47.1494255066, 14.2093963623, 3.38763999939, 45.7453193665, 24.9710178375, 31.9744377136, 25.088186264, 27.3760890961, 18.946149826, 38.3862075806, 20.3898086548, 28.8665542603, 17.2857780457, 23.7787075043, 23.7331924438, 9.0263671875, 45.4335746765, 15.3735122681, 15.558883667, 17.7210998535, 62.2423324585],
        "max": [5.75443948492e-07, 1.494319622e-05, 1.99663663807e-05, 2.03854178835e-05, 5.06347605551e-05, 0.000263850757619, 0.0027556149289, 0.000953489099629, 2.57342835539e-05, 0.00651344982907, 0.000273557758192, 0.000625620479695, 0.00359169021249, 0.00289512774907, 0.000141439886647, 0.0124829923734, 0.00852471590042, 0.00383570278063, 0.000505529460497, 0.000914168253075, 0.000263116759015, 0.000119034601084, 9.0267334599e-05, 5.50706954527e-06, 4.92991148349e-07, 3.95032451195e-09, 3.08180081454e-09],
        "mean": [1.18811101402e-07, 2.36351183958e-06, 2.9120221825e-06, 2.84754855784e-06, 8.31188754091e-06, 1.62850192282e-05, 9.92089917418e-05, 6.00096864218e-05, 5.62374953006e-06, 0.000187522033229, 1.44554369399e-05, 2.45177416218e-05, 0.000124536614749, 0.00011080349941, 7.53658969188e-06, 0.00034794898238, 0.000368444132619, 0.000128099549329, 2.55458326137e-05, 3.90780260204e-05, 1.21766588563e-05, 8.1607422544e-06, 2.73961654784e-06, 2.65203595973e-07, 2.34615722405e-08, 2.02452971054e-10, 6.65650659593e-11],
        "median": [7.71686288203e-08, 1.87921318684e-06, 1.67760708791e-06, 1.89688591945e-06, 6.93244874128e-06, 5.53356267119e-06, 8.42333611217e-06, 5.48457137484e-06, 4.65166795038e-06, 9.57243719313e-06, 3.56456598638e-06, 2.1264058887e-06, 1.7949607809e-06, 3.31282717525e-06, 7.19077434042e-07, 2.40486474468e-06, 2.87497118734e-06, 9.10857579584e-07, 6.3694471919e-07, 5.55784026801e-07, 3.35501766813e-07, 1.27920230852e-07, 1.42230316413e-08, 3.42274408816e-09, 6.81573519845e-10, 1.68889208174e-11, 1.55373999257e-12],
        "min": [1.45918552848e-12, 4.63543396376e-12, 2.14248931096e-12, 1.66141108033e-13, 3.83309616686e-12, 1.18467605517e-11, 1.0789973949e-11, 1.02017960052e-11, 9.30681660211e-12, 1.85119823116e-12, 3.15042566687e-12, 7.57912179197e-13, 1.99885745976e-12, 4.89208283258e-13, 6.49743659483e-13, 3.93515217157e-13, 1.84186501229e-13, 2.2426417006e-13, 3.18658619457e-13, 4.13190830292e-13, 1.97490881613e-13, 1.98484918822e-13, 4.66030141452e-14, 3.61091331261e-14, 3.51449555222e-14, 3.38519190706e-14, 4.34164948324e-15],
        "skew": [1.29812788963, 2.09072065353, 2.04594540596, 2.41788649559, 2.53124141693, 4.44591760635, 5.72040987015, 3.70389842987, 1.61379885674, 6.37788963318, 4.52754688263, 4.98993062973, 4.75124406815, 4.93223285675, 3.99666118622, 5.79630231857, 4.119805336, 5.11311912537, 4.14344453812, 4.42434835434, 4.37491798401, 3.00346946716, 6.13434314728, 3.7014567852, 3.75357055664, 3.82513022423, 7.22543430328],
        "var": [1.3739633346e-14, 5.14129450818e-12, 1.09961475689e-11, 8.99278394806e-12, 5.2172887538e-11, 1.19286092115e-09, 6.66591759568e-08, 2.36271109344e-08, 2.06020721316e-11, 4.76816097716e-07, 1.03920139161e-09, 4.59323912239e-09, 2.04931410508e-07, 1.33148063242e-07, 3.39778538638e-10, 1.79797700639e-06, 1.13175474326e-06, 2.26356704047e-07, 6.45764464124e-09, 1.39167308788e-08, 1.18436338514e-09, 4.4596901172e-10, 9.44171130168e-11, 5.77297107687e-13, 4.60249709099e-15, 2.73093911879e-19, 7.95605254491e-20],
        "cov": [[1.37959432493e-14, 1.44794061723e-13, -2.31697697324e-14, 2.33093760087e-14, -5.09666094051e-14, 2.81015499499e-13, 9.48451820554e-13, -1.34191366786e-12, 9.66332591203e-14, 5.08670622984e-12, 1.66815563099e-13, 8.47007685344e-13, 8.50821149645e-12, 4.7258052506e-12, 3.98009397792e-13, 2.98273974964e-11, 6.8675230433e-12, 6.00208945045e-12, 9.97704956845e-13, 5.17881690223e-13, 2.1965917041e-13, 3.80624215956e-14, 1.17232121227e-14, 7.78048466448e-15, 9.93374723672e-16, 3.6268432925e-18, 1.50513629164e-18], [1.44794061723e-13, 5.16236532688e-12, 9.84800348908e-13, 4.74113424302e-13, 1.11731079304e-13, 6.9593324159e-12, 2.54684814904e-11, -2.13360076134e-11, 1.68620575402e-12, 4.53581130988e-11, 4.31147999247e-12, 2.14328190612e-11, 1.66053490402e-10, 6.52489104414e-11, 6.05330586004e-12, 3.55303092503e-10, 4.18924062107e-11, 3.90406214301e-11, 2.35807415261e-11, 2.68283355601e-12, 5.13801139493e-14, -4.52201915236e-13, 2.99762195318e-13, 9.63298722473e-14, 1.55742897691e-14, 5.58530679918e-17, 2.45700187043e-17], [-2.31697697324e-14, 9.84800348908e-13, 1.10412130827e-11, 2.73400811539e-12, 2.62517308239e-12, -8.39384377976e-12, -3.66029290211e-11, -4.03917489733e-11, -1.5722175623e-13, -1.51124373432e-11, 2.26612760675e-12, -9.07223081381e-12, -1.17978016245e-10, -1.77359377185e-11, -5.00626450017e-13, -1.96675883912e-10, -6.57751006439e-11, 9.98758367676e-13, -8.08600419695e-14, -1.7517459705e-11, 4.42870956921e-12, -7.48832744944e-13, 1.12460334014e-12, -3.47044136863e-14, 1.76338982377e-15, 1.89684310054e-17, -3.25280107034e-17], [2.33093760087e-14, 4.74113424302e-13, 2.73400811539e-12, 9.02963988303e-12, 5.23152051193e-12, -6.01675488403e-14, -3.92771024038e-11, -2.28947538011e-11, 1.77602995245e-12, 2.78133072129e-11, 5.69844518794e-12, 4.5083437851e-12, -2.00572284476e-11, 2.13077663153e-11, -3.18461619922e-13, -7.5401414279e-11, 5.74232363049e-11, -2.24265120363e-11, 2.23522780146e-11, 8.17312276885e-12, -1.80793300795e-13, -1.51631528514e-12, 5.59630087497e-13, 9.18895086974e-14, 1.90824647614e-14, -2.36100938014e-17, -5.40189008626e-17], [-5.09666094051e-14, 1.11731079304e-13, 2.62517308239e-12, 5.23152051193e-12, 5.23867095537e-11, 2.66115601777e-11, 2.6939753206e-10, 1.71388639392e-10, 6.03390124324e-12, 1.01343688996e-09, 5.27946540652e-11, 7.63436813767e-11, 7.32697458261e-10, 6.57274346061e-10, 2.9859500289e-11, 1.55881685338e-09, 1.25814647589e-09, 8.40715219663e-10, 1.63055707825e-10, 1.86407458913e-10, 6.62638832694e-11, 3.97011555575e-11, 1.71985377329e-11, 1.43076631272e-12, 1.24163930548e-13, 8.8000926338e-16, 2.70870786848e-16], [2.81015499499e-13, 6.9593324159e-12, -8.39384377976e-12, -6.01675488403e-14, 2.66115601777e-11, 1.19774967722e-09, 4.47189929531e-09, 9.61490775886e-10, 5.06729450067e-11, 8.71545502434e-09, 2.8045607503e-10, 1.46660672495e-09, 4.91304996686e-09, 5.71663028026e-09, 2.68530642167e-10, 1.4117545355e-08, 7.50207629352e-09, 5.48145662194e-09, 1.22587573426e-09, 1.10629128081e-09, 3.05007630264e-10, 2.27103322259e-10, 8.25969709295e-11, 8.67598007326e-12, 9.02808535395e-13, 5.74501028211e-15, 2.00707125006e-15], [9.48451820554e-13, 2.54684814904e-11, -3.66029290211e-11, -3.92771024038e-11, 2.6939753206e-10, 4.47189929531e-09, 6.69323725333e-08, 2.8529317575e-08, 2.49771842098e-10, 7.94148249383e-08, 3.77138409391e-09, 1.07932818239e-08, 6.01499579034e-08, 4.10151308472e-08, 3.22861870572e-09, 1.41647333862e-07, 1.27592599597e-07, 5.82365515811e-08, 8.8377873908e-09, 1.29968631413e-08, 5.34418109766e-09, 3.25103055587e-09, 1.03324948597e-09, 1.00787572732e-10, 8.01315611088e-12, 8.99481362874e-14, 4.30257534516e-14], [-1.34191366786e-12, -2.13360076134e-11, -4.03917489733e-11, -2.28947538011e-11, 1.71388639392e-10, 9.61490775886e-10, 2.8529317575e-08, 2.37239436984e-08, 1.41005304655e-10, 4.02823303602e-08, 2.4006370225e-09, 3.3060070237e-09, 2.0735541284e-08, 1.78237318238e-08, 1.14283826846e-09, 5.70225395791e-08, 8.22292420821e-08, 2.61679691249e-08, 3.13861847623e-09, 9.73541336435e-09, 2.94095547915e-09, 2.02361527535e-09, 5.49992884569e-10, 5.28688377799e-11, 3.64467527339e-12, 4.92256856479e-14, 2.06334413802e-14], [9.66332591203e-14, 1.68620575402e-12, -1.5722175623e-13, 1.77602995245e-12, 6.03390124324e-12, 5.06729450067e-11, 2.49771842098e-10, 1.41005304655e-10, 2.06865063274e-11, 6.65691002322e-10, 4.07681458037e-11, 8.4402290712e-11, 5.27654420157e-10, 3.84479170723e-10, 2.89143275295e-11, 1.32653454887e-09, 1.69312552867e-09, 3.71883190908e-10, 1.04624399422e-10, 1.772880176e-10, 3.03242084221e-11, 2.3434429744e-11, 8.57201809534e-12, 9.60317329129e-13, 1.01098478005e-13, 5.55392356674e-16, 1.09788698237e-16], [5.08670622984e-12, 4.53581130988e-11, -1.51124373432e-11, 2.78133072129e-11, 1.01343688996e-09, 8.71545502434e-09, 7.94148249383e-08, 4.02823303602e-08, 6.65691002322e-10, 4.78770289192e-07, 1.0607651646e-08, 1.93607565535e-08, 1.51241366098e-07, 2.27383083029e-07, 7.33568006339e-09, 5.93705749452e-07, 4.20584143512e-07, 2.6729216529e-07, 3.57793652483e-08, 3.81616409584e-08, 1.73080518806e-08, 9.34778121575e-09, 5.5705999813e-09, 4.27620577836e-10, 3.01679931036e-11, 2.94077072806e-13, 1.61647916732e-13], [1.66815563099e-13, 4.31147999247e-12, 2.26612760675e-12, 5.69844518794e-12, 5.27946540652e-11, 2.8045607503e-10, 3.77138409391e-09, 2.4006370225e-09, 4.07681458037e-11, 1.0607651646e-08, 1.04346042917e-09, 1.2968327523e-09, 7.44744355075e-09, 6.00412031204e-09, 2.64951144358e-10, 1.61101514351e-08, 1.61118762776e-08, 8.21442647236e-09, 1.48570922232e-09, 2.11741002509e-09, 7.50726203425e-10, 4.64150995416e-10, 1.50130352594e-10, 1.69636943381e-11, 1.52072581958e-12, 1.11423440326e-14, 4.35311026253e-15], [8.47007685344e-13, 2.14328190612e-11, -9.07223081381e-12, 4.5083437851e-12, 7.63436813767e-11, 1.46660672495e-09, 1.07932818239e-08, 3.3060070237e-09, 8.4402290712e-11, 1.93607565535e-08, 1.2968327523e-09, 4.61206406399e-09, 1.88565678627e-08, 1.39525626608e-08, 8.2682510838e-10, 4.56414177563e-08, 2.72885412045e-08, 1.5996512559e-08, 3.62560581557e-09, 3.61233687407e-09, 1.02801189783e-09, 7.86038012457e-10, 2.64908289749e-10, 2.86832207291e-11, 3.20005979181e-12, 1.9343398343e-14, 7.02957301608e-15], [8.50821149645e-12, 1.66053490402e-10, -1.17978016245e-10, -2.00572284476e-11, 7.32697458261e-10, 4.91304996686e-09, 6.01499579034e-08, 2.0735541284e-08, 5.27654420157e-10, 1.51241366098e-07, 7.44744355075e-09, 1.88565678627e-08, 2.05771300443e-07, 1.07509727343e-07, 6.28016616488e-09, 3.83685289762e-07, 2.44536494165e-07, 1.52394520114e-07, 2.74980411774e-08, 4.1384399907e-08, 9.22957976712e-09, 6.41581410221e-09, 2.61203458862e-09, 2.41826808578e-10, 2.09441960303e-11, 1.62007140017e-13, 6.28803039911e-14], [4.7258052506e-12, 6.52489104414e-11, -1.77359377185e-11, 2.13077663153e-11, 6.57274346061e-10, 5.71663028026e-09, 4.10151308472e-08, 1.78237318238e-08, 3.84479170723e-10, 2.27383083029e-07, 6.00412031204e-09, 1.39525626608e-08, 1.07509727343e-07, 1.33693760063e-07, 4.47995862629e-09, 3.63947975757e-07, 2.30771959764e-07, 1.57765157383e-07, 2.1800401484e-08, 2.55769538882e-08, 9.31855126396e-09, 5.65725732926e-09, 3.05481484553e-09, 2.39804537339e-10, 1.93065459453e-11, 1.61400962582e-13, 7.64697279023e-14], [3.98009397792e-13, 6.05330586004e-12, -5.00626450017e-13, -3.18461619922e-13, 2.9859500289e-11, 2.68530642167e-10, 3.22861870572e-09, 1.14283826846e-09, 2.89143275295e-11, 7.33568006339e-09, 2.64951144358e-10, 8.2682510838e-10, 6.28016616488e-09, 4.47995862629e-09, 3.41171091378e-10, 1.75144112546e-08, 1.22099992339e-08, 5.97342486586e-09, 9.96639326623e-10, 1.23416743492e-09, 4.19793505513e-10, 2.64434779629e-10, 1.03157697662e-10, 9.69017921459e-12, 8.4307804878e-13, 6.80237718028e-15, 2.64902015661e-15], [2.98273974964e-11, 3.55303092503e-10, -1.96675883912e-10, -7.5401414279e-11, 1.55881685338e-09, 1.4117545355e-08, 1.41647333862e-07, 5.70225395791e-08, 1.32653454887e-09, 5.93705749452e-07, 1.61101514351e-08, 4.56414177563e-08, 3.83685289762e-07, 3.63947975757e-07, 1.75144112546e-08, 1.80534584615e-06, 7.92697278484e-07, 4.66295688284e-07, 6.76496512142e-08, 7.11288805633e-08, 3.19267705606e-08, 2.06795061075e-08, 8.03930344517e-09, 7.33137495157e-10, 6.10290290526e-11, 5.1909778559e-13, 2.29948709813e-13], [6.8675230433e-12, 4.18924062107e-11, -6.57751006439e-11, 5.74232363049e-11, 1.25814647589e-09, 7.50207629352e-09, 1.27592599597e-07, 8.22292420821e-08, 1.69312552867e-09, 4.20584143512e-07, 1.61118762776e-08, 2.72885412045e-08, 2.44536494165e-07, 2.30771959764e-07, 1.22099992339e-08, 7.92697278484e-07, 1.13639305255e-06, 2.96373343645e-07, 4.65453844356e-08, 7.17707493436e-08, 2.69577995482e-08, 1.49767416247e-08, 7.58426121905e-09, 5.42270395254e-10, 4.99629573825e-11, 3.82820267457e-13, 1.46074775539e-13], [6.00208945045e-12, 3.90406214301e-11, 9.98758367676e-13, -2.24265120363e-11, 8.40715219663e-10, 5.48145662194e-09, 5.82365515811e-08, 2.61679691249e-08, 3.71883190908e-10, 2.6729216529e-07, 8.21442647236e-09, 1.5996512559e-08, 1.52394520114e-07, 1.57765157383e-07, 5.97342486586e-09, 4.66295688284e-07, 2.96373343645e-07, 2.27284402854e-07, 2.52063099282e-08, 3.78350613062e-08, 1.32786608376e-08, 8.01330823919e-09, 3.8425449489e-09, 2.90837937067e-10, 2.24526439108e-11, 2.09945640517e-13, 9.82998811473e-14], [9.97704956845e-13, 2.35807415261e-11, -8.08600419695e-14, 2.23522780146e-11, 1.63055707825e-10, 1.22587573426e-09, 8.8377873908e-09, 3.13861847623e-09, 1.04624399422e-10, 3.57793652483e-08, 1.48570922232e-09, 3.62560581557e-09, 2.74980411774e-08, 2.1800401484e-08, 9.96639326623e-10, 6.76496512142e-08, 4.65453844356e-08, 2.52063099282e-08, 6.48411058179e-09, 6.32573904369e-09, 1.85089776839e-09, 1.10084574789e-09, 5.26037657878e-10, 4.53140476531e-11, 4.52497067593e-12, 3.06552268921e-14, 1.11094249441e-14], [5.17881690223e-13, 2.68283355601e-12, -1.7517459705e-11, 8.17312276885e-12, 1.86407458913e-10, 1.10629128081e-09, 1.29968631413e-08, 9.73541336435e-09, 1.772880176e-10, 3.81616409584e-08, 2.11741002509e-09, 3.61233687407e-09, 4.1384399907e-08, 2.55769538882e-08, 1.23416743492e-09, 7.11288805633e-08, 7.17707493436e-08, 3.78350613062e-08, 6.32573904369e-09, 1.39737661442e-08, 2.36806951825e-09, 1.87281967712e-09, 7.08344938261e-10, 6.0928088963e-11, 5.36702886994e-12, 4.29556530049e-14, 1.28625688456e-14], [2.1965917041e-13, 5.13801139493e-14, 4.42870956921e-12, -1.80793300795e-13, 6.62638832694e-11, 3.05007630264e-10, 5.34418109766e-09, 2.94095547915e-09, 3.03242084221e-11, 1.73080518806e-08, 7.50726203425e-10, 1.02801189783e-09, 9.22957976712e-09, 9.31855126396e-09, 4.19793505513e-10, 3.19267705606e-08, 2.69577995482e-08, 1.32786608376e-08, 1.85089776839e-09, 2.36806951825e-09, 1.18921728021e-09, 5.98289306986e-10, 2.65001021127e-10, 2.0981837795e-11, 1.67311162754e-12, 1.57040518285e-14, 6.64666330194e-15], [3.80624215956e-14, -4.52201915236e-13, -7.48832744944e-13, -1.51631528514e-12, 3.97011555575e-11, 2.27103322259e-10, 3.25103055587e-09, 2.02361527535e-09, 2.3434429744e-11, 9.34778121575e-09, 4.64150995416e-10, 7.86038012457e-10, 6.41581410221e-09, 5.65725732926e-09, 2.64434779629e-10, 2.06795061075e-08, 1.49767416247e-08, 8.01330823919e-09, 1.10084574789e-09, 1.87281967712e-09, 5.98289306986e-10, 4.4779674413e-10, 1.48443424219e-10, 1.37919493534e-11, 1.12439658279e-12, 9.94725508289e-15, 3.85478680362e-15], [1.17232121227e-14, 2.99762195318e-13, 1.12460334014e-12, 5.59630087497e-13, 1.71985377329e-11, 8.25969709295e-11, 1.03324948597e-09, 5.49992884569e-10, 8.57201809534e-12, 5.5705999813e-09, 1.50130352594e-10, 2.64908289749e-10, 2.61203458862e-09, 3.05481484553e-09, 1.03157697662e-10, 8.03930344517e-09, 7.58426121905e-09, 3.8425449489e-09, 5.26037657878e-10, 7.08344938261e-10, 2.65001021127e-10, 1.48443424219e-10, 9.48040673743e-11, 5.65253616483e-12, 4.42188413706e-13, 4.27243672705e-15, 2.08402292277e-15], [7.78048466448e-15, 9.63298722473e-14, -3.47044136863e-14, 9.18895086974e-14, 1.43076631272e-12, 8.67598007326e-12, 1.00787572732e-10, 5.28688377799e-11, 9.60317329129e-13, 4.27620577836e-10, 1.69636943381e-11, 2.86832207291e-11, 2.41826808578e-10, 2.39804537339e-10, 9.69017921459e-12, 7.33137495157e-10, 5.42270395254e-10, 2.90837937067e-10, 4.53140476531e-11, 6.0928088963e-11, 2.0981837795e-11, 1.37919493534e-11, 5.65253616483e-12, 5.79663107878e-13, 4.52378206509e-14, 3.59159095583e-16, 1.49391809712e-16], [9.93374723672e-16, 1.55742897691e-14, 1.76338982377e-15, 1.90824647614e-14, 1.24163930548e-13, 9.02808535395e-13, 8.01315611088e-12, 3.64467527339e-12, 1.01098478005e-13, 3.01679931036e-11, 1.52072581958e-12, 3.20005979181e-12, 2.09441960303e-11, 1.93065459453e-11, 8.4307804878e-13, 6.10290290526e-11, 4.99629573825e-11, 2.24526439108e-11, 4.52497067593e-12, 5.36702886994e-12, 1.67311162754e-12, 1.12439658279e-12, 4.42188413706e-13, 4.52378206509e-14, 4.62135966769e-15, 2.81865532584e-17, 9.34296779566e-18], [3.6268432925e-18, 5.58530679918e-17, 1.89684310054e-17, -2.36100938014e-17, 8.8000926338e-16, 5.74501028211e-15, 8.99481362874e-14, 4.92256856479e-14, 5.55392356674e-16, 2.94077072806e-13, 1.11423440326e-14, 1.9343398343e-14, 1.62007140017e-13, 1.61400962582e-13, 6.80237718028e-15, 5.1909778559e-13, 3.82820267457e-13, 2.09945640517e-13, 3.06552268921e-14, 4.29556530049e-14, 1.57040518285e-14, 9.94725508289e-15, 4.27243672705e-15, 3.59159095583e-16, 2.81865532584e-17, 2.74213138947e-19, 1.25614652621e-19], [1.50513629164e-18, 2.45700187043e-17, -3.25280107034e-17, -5.40189008626e-17, 2.70870786848e-16, 2.00707125006e-15, 4.30257534516e-14, 2.06334413802e-14, 1.09788698237e-16, 1.61647916732e-13, 4.35311026253e-15, 7.02957301608e-15, 6.28803039911e-14, 7.64697279023e-14, 2.64902015661e-15, 2.29948709813e-13, 1.46074775539e-13, 9.82998811473e-14, 1.11094249441e-14, 1.28625688456e-14, 6.64666330194e-15, 3.85478680362e-15, 2.08402292277e-15, 1.49391809712e-16, 9.34296779566e-18, 1.25614652621e-19, 7.98865961691e-20]]
    },
    "mfcc": {
        "kurt": [0.281344175339, 3.49617338181, -0.803976535797, 0.741605758667, 1.00166034698, -0.504138946533, 0.200919151306, 1.57927513123, 0.881314277649, 0.784777879715, -0.310677051544, 0.307511329651, 0.399444103241],
        "max": [-648.14440918, 160.40246582, 35.21301651, 51.4579238892, 24.7363319397, 10.2041854858, 18.9752693176, 28.0990657806, 18.3391227722, 18.2290058136, 13.2070770264, 31.4480781555, 23.4334640503],
        "mean": [-890.511230469, 122.908699036, -35.2738304138, 8.48448944092, -10.5569477081, -9.9435005188, -5.1380648613, -1.39805424213, 1.08864295483, -4.86325120926, -4.69239807129, 1.26842236519, -0.580451190472],
        "median": [-914.453979492, 132.773590088, -27.0825157166, 7.02373123169, -9.08613586426, -9.14778137207, -1.48466110229, -1.29291534424, 2.34297561646, -4.40325164795, -5.52958679199, -3.0517578125e-05, -1.53079986572],
        "min": [-1138.42004395, 1.14440917969e-05, -125.539413452, -21.273235321, -60.1915359497, -33.7417869568, -47.9021453857, -20.7647247314, -28.8188724518, -31.7795181274, -18.7610530853, -18.7069625854, -16.102016449],
        "skew": [0.579685091972, -1.74339842796, -0.561884224415, 0.518639266491, -0.617829084396, -0.246529817581, -0.920996248722, 0.550466775894, -0.782366454601, -0.306279808283, 0.365337133408, 0.738250315189, 0.694314539433],
        "var": [9780.7890625, 780.529052734, 1697.4375, 121.397018433, 203.244979858, 71.4565353394, 234.951080322, 56.6808166504, 71.4688568115, 59.7936210632, 39.2964363098, 86.6339263916, 54.5880661011],
        "cov": [[9820.87402344, -585.997802734, -3806.51123047, 764.56652832, -666.441894531, -81.4619140625, -1177.40661621, 230.93737793, -259.753234863, -296.91104126, 200.401428223, 606.989501953, 424.221588135], [-585.997802734, 783.727966309, 311.233093262, -84.9299926758, 203.489776611, -65.0928878784, 188.37979126, -77.3822555542, 102.9871521, 35.8152809143, -35.1222457886, -75.4765701294, -47.7844924927], [-3806.51123047, 311.233093262, 1704.39416504, -281.711029053, 202.789810181, 74.5925598145, 502.592254639, -79.0147476196, 89.4217376709, 119.066818237, -106.609443665, -252.659332275, -185.012985229], [764.56652832, -84.9299926758, -281.711029053, 121.894546509, -62.5084571838, -2.41212940216, -92.238822937, 22.354019165, -16.145866394, -27.2889862061, 23.1521759033, 63.0126495361, 43.8845481873], [-666.441894531, 203.489776611, 202.789810181, -62.5084571838, 204.077941895, -4.78423976898, 96.569442749, -21.8950767517, 53.0037307739, 43.9084739685, -13.4064874649, -58.2624549866, -38.654335022], [-81.4619140625, -65.0928878784, 74.5925598145, -2.41212940216, -4.78423976898, 71.7493896484, 29.8317642212, 3.34305763245, -12.9508724213, 11.2169361115, 0.749114573002, -19.4766540527, -0.42512306571], [-1177.40661621, 188.37979126, 502.592254639, -92.238822937, 96.569442749, 29.8317642212, 235.914001465, -22.2059688568, 30.3184738159, 56.4119148254, -28.4339160919, -98.1265182495, -58.1409759521], [230.93737793, -77.3822555542, -79.0147476196, 22.354019165, -21.8950767517, 3.34305763245, -22.2059688568, 56.9131126404, 4.10400247574, -5.5928030014, 1.97127592564, 19.5955295563, 9.64963817596], [-259.753234863, 102.9871521, 89.4217376709, -16.145866394, 53.0037307739, -12.9508724213, 30.3184738159, 4.10400247574, 71.761756897, 23.8774642944, -6.69557619095, -10.597196579, -12.7859964371], [-296.91104126, 35.8152809143, 119.066818237, -27.2889862061, 43.9084739685, 11.2169361115, 56.4119148254, -5.5928030014, 23.8774642944, 60.0386772156, 2.49045729637, -33.8252487183, -18.9423847198], [200.401428223, -35.1222457886, -106.609443665, 23.1521759033, -13.4064874649, 0.749114573002, -28.4339160919, 1.97127592564, -6.69557619095, 2.49045729637, 39.4574890137, 28.0151176453, 19.9306526184], [606.989501953, -75.4765701294, -252.659332275, 63.0126495361, -58.2624549866, -19.4766540527, -98.1265182495, 19.5955295563, -10.597196579, -33.8252487183, 28.0151176453, 86.9889831543, 47.3166732788], [424.221588135, -47.7844924927, -185.012985229, 43.8845481873, -38.654335022, -0.42512306571, -58.1409759521, 9.64963817596, -12.7859964371, -18.9423847198, 19.9306526184, 47.3166732788, 54.8117866516]]
    },
    "sccoeffs": {
        "kurt": [0.554675579071, 0.549472332001, 1.63876056671, 0.678081274033, 0.0504670143127, 1.01959371567],
        "max": [-0.666403353214, -0.509409606457, -0.466773062944, -0.398632079363, -0.582587957382, -0.634699225426],
        "mean": [-0.8044282794, -0.797662675381, -0.805771112442, -0.773682594299, -0.811376869678, -0.760590434074],
        "median": [-0.80688148737, -0.826329648495, -0.828732848167, -0.816675305367, -0.84086728096, -0.773208260536],
        "min": [-0.925633966923, -0.982353389263, -0.926609575748, -0.937827110291, -0.950524091721, -0.939769148827],
        "skew": [0.189089328051, 1.15783858299, 1.31703996658, 1.21171545982, 1.05696737766, 0.647010922432],
        "var": [0.00153113820124, 0.00874010287225, 0.00621502194554, 0.0125241344795, 0.00697332248092, 0.00192725367378],
        "cov": [[0.00153741333634, 0.000260139087914, 0.000134734043968, 0.000411379965954, 0.000277867569821, 0.000377296906663], [0.000260139087914, 0.00877592340112, 0.00587662123144, 0.00874261651188, 0.00678034918383, 0.00343264709227], [0.000134734043968, 0.00587662123144, 0.00624049361795, 0.00778533751145, 0.00563913909718, 0.00260648108087], [0.000411379965954, 0.00874261651188, 0.00778533751145, 0.0125754633918, 0.00867800787091, 0.00401791650802], [0.000277867569821, 0.00678034918383, 0.00563913909718, 0.00867800787091, 0.00700190197676, 0.00315875676461], [0.000377296906663, 0.00343264709227, 0.00260648108087, 0.00401791650802, 0.00315875676461, 0.00193515222054]]
    },
    "scvalleys": {
        "kurt": [26.5284976959, 17.0776729584, 26.5583267212, 13.7910804749, 7.88661384583, 2.55717849731],
        "max": [-7.2026257515, -6.43446969986, -6.8024020195, -7.11394453049, -7.12592077255, -9.6300945282],
        "mean": [-8.20910739899, -7.77009868622, -8.08896923065, -8.97210502625, -9.553855896, -12.5738401413],
        "median": [-8.06142044067, -7.64697551727, -8.01832389832, -8.96102809906, -9.71632671356, -12.833404541],
        "min": [-14.6602058411, -13.5657491684, -15.2263593674, -15.7862272263, -16.607126236, -17.9199028015],
        "skew": [-4.17213249207, -3.15442419052, -3.87985420227, -2.45653939247, -1.1592258215, 0.160553053021],
        "var": [0.564882874489, 0.589741230011, 0.662613987923, 0.854081273079, 1.18160271645, 1.40220308304],
        "cov": [[0.567197978497, 0.439629346132, 0.496281355619, 0.53290194273, 0.551384985447, 0.511169850826], [0.439629346132, 0.592158198357, 0.561316072941, 0.630943775177, 0.697228968143, 0.676123797894], [0.496281355619, 0.561316072941, 0.665329575539, 0.68700492382, 0.779646337032, 0.753851234913], [0.53290194273, 0.630943775177, 0.68700492382, 0.857581615448, 0.95176756382, 0.945993721485], [0.551384985447, 0.697228968143, 0.779646337032, 0.95176756382, 1.18644535542, 1.23004662991], [0.511169850826, 0.676123797894, 0.753851234913, 0.945993721485, 1.23004662991, 1.40794980526]]
    }
},
"rhythm": {
    "beats_loudness": {
        "kurt": 2.52291965485,
        "max": 0.0234626680613,
        "mean": 0.00371696799994,
        "median": 0.000143217126606,
        "min": 1.20558515846e-05,
        "skew": 1.90635573864,
        "var": 4.35589718109e-05
    },
    "bpm": 215.332015991,
    "confidence": 2.59999990463,
    "first_peak_bpm": {
        "kurt": 0,
        "max": 215,
        "mean": 215,
        "median": 215,
        "min": 215,
        "skew": 0,
        "var": 0
    },
    "first_peak_spread": {
        "kurt": 0,
        "max": 0,
        "mean": 0,
        "median": 0,
        "min": 0,
        "skew": 0,
        "var": 0
    },
    "first_peak_weight": {
        "kurt": 0,
        "max": 0.352941185236,
        "mean": 0.352941185236,
        "median": 0.352941185236,
        "min": 0.352941185236,
        "skew": 0,
        "var": 0
    },
    "onset_rate": 1.59194934368,
    "second_peak_bpm": {
        "kurt": 0,
        "max": 199,
        "mean": 199,
        "median": 199,
        "min": 199,
        "skew": 0,
        "var": 0
    },
    "second_peak_spread": {
        "kurt": 0,
        "max": 0,
        "mean": 0,
        "median": 0,
        "min": 0,
        "skew": 0,
        "var": 0
    },
    "second_peak_weight": {
        "kurt": 0,
        "max": 0.235294118524,
        "mean": 0.235294118524,
        "median": 0.235294118524,
        "min": 0.235294118524,
        "skew": 0,
        "var": 0
    },
    "beats_loudness_band_ratio": {
        "kurt": [1.5245847702, -0.614916563034, -0.855986118317, -0.699725389481, -1.16975224018, 0.379571914673],
        "max": [0.497267276049, 0.431965023279, 0.454599022865, 0.478463321924, 0.656341552734, 0.119654506445],
        "mean": [0.116040043533, 0.136315613985, 0.247278034687, 0.253557264805, 0.255760759115, 0.0408954285085],
        "median": [0.0735481530428, 0.0807267054915, 0.285182356834, 0.234317392111, 0.189074203372, 0.0311403665692],
        "min": [0.000311078096274, 0.00411274610087, 0.0203209668398, 0.124715253711, 0.0307888910174, 0.00977770425379],
        "skew": [1.47912669182, 0.814906060696, -0.278209328651, 0.56168627739, 0.497026234865, 1.22000932693],
        "var": [0.0183677598834, 0.018263913691, 0.0166993923485, 0.0101311346516, 0.0434089489281, 0.00101682438981],
        "cov": [[0.0194482170045, 0.0058417241089, 0.00481442688033, -0.00673067988828, -0.0197408013046, -0.00238117412664], [0.0058417241089, 0.0193382613361, 0.0129192024469, -0.00640528369695, -0.0239846669137, -0.001981445821], [0.00481442688033, 0.0129192024469, 0.0176817085594, -0.00714795198292, -0.0210981611162, -0.00191624462605], [-0.00673067988828, -0.00640528369695, -0.00714795198292, 0.0107270842418, 0.00733205769211, 0.000373620219762], [-0.0197408013046, -0.0239846669137, -0.0210981611162, 0.00733205769211, 0.0459624193609, 0.00425601843745], [-0.00238117412664, -0.001981445821, -0.00191624462605, 0.000373620219762, 0.00425601843745, 0.00107663765084]]
    },
    "beats_position": [0.301859408617, 0.603718817234, 0.9287981987, 1.27709746361, 1.57895684242, 1.91564619541, 2.20589566231, 2.48453521729, 2.76317453384, 3.04181408882, 3.34367346764, 3.62231278419, 3.87773227692, 4.20281171799, 4.48145103455, 4.76009082794, 5.08516979218, 5.38702917099],
    "bpm_estimates": [215.331954956, 215.332138062, 215.331954956, 215.332138062, 215.332138062, 215.331771851],
    "bpm_intervals": [0.301859408617, 0.325079381466, 0.348299264908, 0.301859378815, 0.336689352989, 0.290249466896, 0.278639554977, 0.278639316559, 0.278639554977, 0.301859378815, 0.278639316559, 0.255419492722, 0.325079441071, 0.278639316559, 0.278639793396, 0.325078964233, 0.301859378815],
    "onset_times": [0.0812698379159, 0.301859408617, 0.952018141747, 1.47446715832, 3.04181408882, 3.34367346764, 3.63392281532, 3.90095233917, 4.5046710968],
    "histogram": [[0, 0, 0, 0, 0, 0, 0, 0, 0, 0, 0, 0, 0, 0, 0, 0, 0, 0, 0, 0, 0, 0, 0, 0, 0, 0, 0, 0, 0, 0, 0, 0, 0, 0, 0, 0, 0, 0, 0, 0, 0, 0, 0, 0, 0, 0, 0, 0, 0, 0, 0, 0, 0, 0, 0, 0, 0, 0, 0, 0, 0, 0, 0, 0, 0, 0, 0, 0, 0, 0, 0, 0, 0, 0, 0, 0, 0, 0, 0, 0, 0, 0, 0, 0, 0, 0, 0, 0, 0, 0, 0, 0, 0, 0, 0, 0, 0, 0, 0, 0, 0, 0, 0, 0, 0, 0, 0, 0, 0, 0, 0, 0, 0, 0, 0, 0, 0, 0, 0, 0, 0, 0, 0, 0, 0, 0, 0, 0, 0, 0, 0, 0, 0, 0, 0, 0, 0, 0, 0, 0, 0, 0, 0, 0, 0, 0, 0, 0, 0, 0, 0, 0, 0, 0, 0, 0, 0, 0, 0, 0, 0, 0, 0, 0, 0, 0, 0, 0, 0, 0, 0, 0, 0.0588235296309, 0, 0, 0, 0, 0, 0.0588235296309, 0, 0, 0, 0, 0, 0, 0.176470592618, 0, 0, 0, 0, 0, 0, 0, 0, 0, 0, 0, 0, 0, 0.235294118524, 0, 0, 0, 0, 0, 0, 0, 0.0588235296309, 0, 0, 0, 0, 0, 0, 0, 0.352941185236, 0, 0, 0, 0, 0, 0, 0, 0, 0, 0, 0, 0, 0, 0, 0, 0, 0, 0, 0, 0.0588235296309, 0, 0, 0, 0, 0, 0, 0, 0, 0, 0, 0, 0, 0, 0]]
},
"sfx": {
    "inharmonicity": {
        "kurt": -0.197956323624,
        "max": 0.367208212614,
        "mean": 0.113530084491,
        "median": 0.0890415683389,
        "min": 0.00391781330109,
        "skew": 0.837882697582,
        "var": 0.00754703115672
    },
    "oddtoevenharmonicenergyratio": {
        "kurt": 6.49173545837,
        "max": 8.44588375092,
        "mean": 1.29167687893,
        "median": 0.819932222366,
        "min": 0.0194472465664,
        "skew": 2.40079951286,
        "var": 1.99698960781
    },
    "pitch_after_max_to_before_max_energy_ratio": 0.0435954593122,
    "pitch_centroid": 119.14616394,
    "pitch_max_to_total": 0.963265299797,
    "pitch_min_to_total": 0.355102032423,
    "tristimulus": {
        "kurt": [2.25470876694, 0.192399024963, -0.554699659348],
        "max": [0.714500546455, 0.660149991512, 0.817794382572],
        "mean": [0.172268018126, 0.376551926136, 0.451180249453],
        "median": [0.158140107989, 0.383291423321, 0.448700398207],
        "min": [0, 0.0712570473552, 0.0531901083887],
        "skew": [0.993496835232, -0.126853644848, 0.096112139523],
        "var": [0.0133390408009, 0.0115346675739, 0.0239875540137],
        "cov": [[0.0133937085047, -0.000444893055828, -0.0129488138482], [-0.000444893055828, 0.0115819405764, -0.0111370477825], [-0.0129488138482, -0.0111370477825, 0.0240858644247]]
    }
},
"tonal": {
    "chords_changes_rate": 0.0487804859877,
    "chords_number_rate": 0.0243902429938,
    "chords_strength": {
        "kurt": 0.0201795101166,
        "max": 0.726281940937,
        "mean": 0.618969023228,
        "median": 0.641240119934,
        "min": 0.413603156805,
        "skew": -0.766575455666,
        "var": 0.00563385104761
    },
    "key_strength": 0.508098423481,
    "tuning_diatonic_strength": 0.488950192928,
    "tuning_equal_tempered_deviation": 0.253829866648,
    "tuning_frequency": 448.726654053,
    "tuning_nontempered_energy_ratio": 0.871331810951,
    "hpcp": {
        "kurt": [2.34202194214, 2.2739610672, 4.87409114838, 4.37646436691, 3.14110660553, 0.0223593711853, -0.769145727158, -1.14885222912, -0.923377037048, -0.05495262146, 3.4550485611, 5.17771816254, 2.19735145569, 5.34902381897, 2.49655580521, 5.10990047455, 3.75319337845, 1.3489689827, -0.495197534561, -0.19194483757, 4.69799900055, 5.84095668793, 2.83514881134, 1.61238670349, 0.374154806137, 2.95491075516, 3.1200466156, 2.25459194183, 1.94137144089, 0.997773170471, 1.75450372696, 0.389562129974, -0.8618953228, -1.08831334114, -0.225217342377, 2.71326732635],
        "max": [1, 1, 1, 1, 1, 1, 1, 1, 1, 1, 1, 0.867553055286, 0.81801122427, 1, 0.962343871593, 1, 0.87613517046, 0.829163134098, 1, 1, 1, 1, 0.956683754921, 0.880260109901, 0.61775636673, 0.966138541698, 1, 1, 1, 1, 1, 1, 1, 1, 1, 1],
        "mean": [0.224057391286, 0.206101596355, 0.16609813273, 0.163244575262, 0.212865382433, 0.315853714943, 0.435480833054, 0.519009888172, 0.467464715242, 0.329364478588, 0.211606070399, 0.141269654036, 0.150606289506, 0.188706606627, 0.196034669876, 0.163268879056, 0.173320144415, 0.264292120934, 0.402750700712, 0.371034920216, 0.202216640115, 0.146539032459, 0.164114817977, 0.166883736849, 0.16043150425, 0.195531219244, 0.234748482704, 0.240998283029, 0.249912202358, 0.270170897245, 0.241676330566, 0.294615060091, 0.426094353199, 0.483951330185, 0.35789090395, 0.216534003615],
