{
"metadata": {
    "version": {
        "essentia": "2.1-beta3"
    }
},
"lowLevel": {
    "average_loudness": 0.708336949348,
    "barkbands_kurtosis": {
        "kurt": 1.1382651329,
        "max": 4.78414726257,
        "mean": 0.26626971364,
        "median": 0.48650431633,
        "min": -1.73774409294,
        "skew": 0.221997126937,
        "var": 1.37727630138
    },
    "barkbands_skewness": {
        "kurt": 0.622549295425,
        "max": 2.31348657608,
        "mean": 0.663180828094,
        "median": 0.703579068184,
        "min": -0.398162394762,
        "skew": 0.218319118023,
        "var": 0.218262284994
    },
    "barkbands_spread": {
        "kurt": 0.0352010726929,
        "max": 23.8945713043,
        "mean": 13.4940385818,
        "median": 12.1152973175,
        "min": 6.70753860474,
        "skew": 1.02605044842,
        "var": 18.5096092224
    },
    "dissonance": {
        "kurt": 1.9469408989,
        "max": 0.49862742424,
        "mean": 0.455222010612,
        "median": 0.463541716337,
        "min": 0.326375335455,
        "skew": -1.24755215645,
        "var": 0.00103223545011
    },
    "hfc": {
        "kurt": 2.34231281281,
        "max": 13.6360864639,
        "mean": 1.72655260563,
        "median": 0.0111016184092,
        "min": 4.08795676776e-06,
        "skew": 2.02665758133,
        "var": 15.419175148
    },
    "pitch": {
        "kurt": -0.624228715897,
        "max": 507.513275146,
        "mean": 256.028381348,
        "median": 229.476226807,
        "min": 97.8254394531,
        "skew": 0.67262172699,
        "var": 12888.0224609
    },
    "pitch_instantaneous_confidence": {
        "kurt": -0.968407392502,
        "max": 0.85551995039,
        "mean": 0.395354837179,
        "median": 0.337306439877,
        "min": 0.158822655678,
        "skew": 0.600873589516,
        "var": 0.0360091403127
    },
    "pitch_salience": {
        "kurt": -0.875499486923,
        "max": 0.836582064629,
        "mean": 0.633976221085,
        "median": 0.6971180439,
        "min": 0.284863620996,
        "skew": -0.735533773899,
        "var": 0.0288317166269
    },
    "silence_rate_20dB": {
        "kurt": 0,
        "max": 1,
        "mean": 1,
        "median": 1,
        "min": 1,
        "skew": 0,
        "var": 0
    },
    "silence_rate_30dB": {
        "kurt": 0,
        "max": 1,
        "mean": 1,
        "median": 1,
        "min": 1,
        "skew": 0,
        "var": 0
    },
    "silence_rate_60dB": {
        "kurt": 1.19999980927,
        "max": 1,
        "mean": 0.833333313465,
        "median": 1,
        "min": 0,
        "skew": -1.78884887695,
        "var": 0.138888835907
    },
    "spectral_centroid": {
        "kurt": 0.671494960785,
        "max": 1775.04797363,
        "mean": 838.410583496,
        "median": 701.993164062,
        "min": 506.426574707,
        "skew": 1.36763441563,
        "var": 117182.070312
    },
    "spectral_complexity": {
        "kurt": 1.38307905197,
        "max": 11,
        "mean": 1.67592597008,
        "median": 0,
        "min": 0,
        "skew": 1.78107917309,
        "var": 12.4783000946
    },
    "spectral_crest": {
        "kurt": 0.290268421173,
        "max": 11.9979829788,
        "mean": 6.76967525482,
        "median": 6.30057144165,
        "min": 4.03956317902,
        "skew": 0.914750695229,
        "var": 3.33044838905
    },
    "spectral_decrease": {
        "kurt": 2.03375148773,
        "max": -1.97274460459e-15,
        "mean": -2.68154443095e-10,
        "median": -4.55311396225e-12,
        "min": -1.96269067665e-09,
        "skew": -1.95083117485,
        "var": 3.44277766673e-19
    },
    "spectral_energy": {
        "kurt": 2.05442667007,
        "max": 0.00864448212087,
        "mean": 0.00116867898032,
        "median": 1.83431857295e-05,
        "min": 7.81632625291e-09,
        "skew": 1.95656001568,
        "var": 6.58996259517e-06
    },
    "spectral_energyband_high": {
        "kurt": 6.65338516235,
        "max": 0.000311789714033,
        "mean": 2.54148853855e-05,
        "median": 6.54120668742e-08,
        "min": 2.21650198196e-11,
        "skew": 2.7490735054,
        "var": 4.4054435655e-09
    },
    "spectral_energyband_low": {
        "kurt": 5.07727336884,
        "max": 4.75921433463e-06,
        "mean": 1.1752052842e-06,
        "median": 1.05604681266e-06,
        "min": 1.81673343036e-09,
        "skew": 1.80180132389,
        "var": 7.03631217961e-13
    },
    "spectral_energyband_middle_high": {
        "kurt": 2.21175670624,
        "max": 0.00456669135019,
        "mean": 0.000608313595876,
        "median": 5.86921532886e-06,
        "min": 1.77609826846e-09,
        "skew": 2.00865936279,
        "var": 1.89231820968e-06
    },
    "spectral_energyband_middle_low": {
        "kurt": 2.4460682869,
        "max": 0.00448539014906,
        "mean": 0.000534808903467,
        "median": 1.13921532829e-05,
        "min": 4.74493377922e-09,
        "skew": 2.01478624344,
        "var": 1.37194365379e-06
    },
    "spectral_flatness_db": {
        "kurt": 0.433807134628,
        "max": 0.316312402487,
        "mean": 0.200593501329,
        "median": 0.184249788523,
        "min": 0.149500668049,
        "skew": 1.27633845806,
        "var": 0.00168878852855
    },
    "spectral_flux": {
        "kurt": 10.6005821228,
        "max": 0.0456740222871,
        "mean": 0.00558458361775,
        "median": 0.0026091071777,
        "min": 0.000398644857341,
        "skew": 3.21670246124,
        "var": 6.65382176521e-05
    },
    "spectral_kurtosis": {
        "kurt": 0.142241239548,
        "max": 29.5519714355,
        "mean": 15.6177415848,
        "median": 15.4192361832,
        "min": 4.59403467178,
        "skew": 0.139583602548,
        "var": 26.1297893524
    },
    "spectral_rms": {
        "kurt": 1.32271242142,
        "max": 0.0029040731024,
        "mean": 0.000562991539482,
        "median": 0.000133775058202,
        "min": 2.76146420219e-06,
        "skew": 1.76987433434,
        "var": 8.23215316359e-07
    },
    "spectral_rolloff": {
        "kurt": 0.430778741837,
        "max": 2906.98242188,
        "mean": 1451.29772949,
        "median": 1119.7265625,
        "min": 882.861328125,
        "skew": 1.41408109665,
        "var": 450180.15625
    },
    "spectral_skewness": {
        "kurt": 0.707989454269,
        "max": 4.42725467682,
        "mean": 2.94484829903,
        "median": 3.07316088676,
        "min": 1.45070695877,
        "skew": -0.885083317757,
        "var": 0.327043175697
    },
    "spectral_spread": {
        "kurt": 4.66612529755,
        "max": 3910645.5,
        "mean": 2418423,
        "median": 2436178.5,
        "min": 1626026.5,
        "skew": 0.852298498154,
        "var": 91577556992
    },
    "spectral_strongpeak": {
        "kurt": 22.2123603821,
        "max": 3.79721450806,
        "mean": 0.229119881988,
        "median": 0.0181800313294,
        "min": 0.000144314646604,
        "skew": 3.97467637062,
        "var": 0.249667048454
    },
    "zerocrossingrate": {
        "kurt": 0.51031088829,
        "max": 0.08984375,
        "mean": 0.047765661031,
        "median": 0.042724609375,
        "min": 0.01611328125,
        "skew": 1.12783110142,
        "var": 0.000270312884822
    },
    "barkbands": {
        "kurt": [3.14027404785, 0.956654071808, 7.0447473526, 4.09718465805, 6.92009735107, 20.6939926147, 2.01760053635, 3.52926492691, 3.03055286407, 13.9152069092, 4.39390230179, 18.9363937378, 17.9435310364, 3.03655576706, 18.6201267242, 3.45745372772, 4.9107093811, 2.73254013062, 6.63610649109, 6.41507053375, 9.03138065338, 5.74819660187, 4.81818532944, 3.39359760284, 4.09368085861, 3.3904671669, 37.9162597656],
        "max": [1.24183060279e-07, 1.00052477592e-06, 3.03723663819e-06, 3.42619227922e-06, 1.50987743837e-05, 0.000224742791033, 0.00199929741211, 0.00263860891573, 3.70569523511e-06, 8.6970270786e-05, 0.000622906372882, 0.000138130795676, 3.36519042321e-05, 0.000395951414248, 4.16794609919e-05, 0.00194902485237, 0.000496097491123, 0.00167063577101, 9.32660041144e-05, 0.00032972896588, 4.34683424828e-05, 1.40208403536e-05, 1.16094702207e-06, 4.85702287278e-07, 1.33998000251e-07, 1.93981675167e-09, 7.80995934591e-10],
        "mean": [2.37840040995e-08, 2.83185698891e-07, 5.29441535946e-07, 7.58284727453e-07, 2.86773888547e-06, 1.34669608087e-05, 0.000264872214757, 0.000250940996921, 9.80892195912e-07, 6.89716807756e-06, 6.54584364383e-05, 8.91951094673e-06, 2.28405110647e-06, 4.58814465674e-05, 2.3931324904e-06, 0.000214891319047, 4.71462590212e-05, 0.000201691334951, 7.17211105439e-06, 2.6753757993e-05, 2.99867474496e-06, 1.29214993194e-06, 1.09378554214e-07, 5.43938618591e-08, 1.36921247673e-08, 2.23790042053e-10, 2.48019799143e-11],
        "median": [1.84703665695e-08, 2.24331699883e-07, 3.5612512761e-07, 6.47528565878e-07, 2.58028217104e-06, 2.3283041628e-06, 2.28309454542e-06, 1.36363178171e-06, 8.98410348782e-07, 1.51852509589e-06, 1.92094444174e-06, 1.01408738828e-06, 7.14735847396e-07, 3.55474412572e-07, 1.2778218661e-07, 1.91061204191e-07, 9.07953960905e-08, 6.01455383276e-08, 6.43847215542e-08, 7.83032660934e-08, 1.96069258607e-08, 4.3966239538e-09, 1.1547578449e-09, 5.66966196214e-10, 2.95332258649e-10, 1.44789987291e-11, 7.97554242701e-13],
        "min": [7.91270451939e-11, 8.57588278169e-10, 3.43487766008e-10, 9.21446641211e-10, 1.19282272948e-09, 1.81633941221e-09, 2.20882478974e-10, 3.43771344724e-10, 2.15488113464e-10, 2.98224833717e-10, 1.87751147962e-10, 4.54168036512e-10, 5.91764692803e-10, 4.46149783784e-11, 1.0217009877e-10, 3.98549526714e-11, 2.24169641183e-11, 1.77276093111e-11, 2.5591070929e-11, 3.04447127231e-11, 7.58063230244e-12, 2.11940903196e-12, 5.12664238318e-13, 3.02483976452e-13, 1.33023773203e-13, 2.7301826842e-14, 2.31371538817e-14],
        "skew": [1.41490006447, 1.2099905014, 2.36040306091, 1.71633303165, 1.91954541206, 4.04052066803, 1.92844378948, 2.19632339478, 1.42844665051, 3.53765940666, 2.34631252289, 3.97573852539, 3.96867966652, 2.15301036835, 4.0477809906, 2.21681261063, 2.45934915543, 2.11003732681, 2.60945129395, 2.72910642624, 2.98158669472, 2.60614037514, 2.42132759094, 2.23283195496, 2.37471723557, 2.20690941811, 6.01649093628],
        "var": [4.56685489748e-16, 4.84729749015e-14, 3.06100305693e-13, 3.56360394752e-13, 4.97263818663e-12, 9.4980412424e-10, 3.3272593214e-07, 3.40381689057e-07, 4.59493716947e-13, 2.0201976203e-10, 2.16130047193e-08, 3.90217053114e-10, 2.35879458327e-11, 1.13584963657e-08, 4.14002825078e-11, 2.56218697814e-07, 1.33323672102e-08, 2.31574688314e-07, 2.97202457089e-10, 4.92764540283e-09, 6.03837049806e-11, 1.06833803956e-11, 6.98063094416e-14, 1.70280981562e-14, 1.12435068715e-15, 2.5193677731e-19, 1.04636643044e-20],
        "cov": [[4.6095358289e-16, 2.75902729008e-15, 6.6899514501e-16, 4.15040453152e-16, -4.44768022054e-15, 1.06985641591e-13, -2.84685930428e-13, -7.80994084508e-13, 3.40675994935e-15, 1.93020885462e-14, 2.6512978282e-14, 2.58744831523e-14, -1.35562885118e-16, 2.80293010888e-14, 1.26367388504e-14, 1.06781892898e-13, -1.12521754067e-13, -1.08580475882e-13, -4.15082651275e-15, -1.29846572947e-13, -5.53804625178e-15, -4.69401561281e-15, 3.33872912176e-16, -9.1798241215e-17, -3.02669323513e-17, 1.08592653387e-18, 5.3006783784e-20], [2.75902729008e-15, 4.89259952268e-14, 3.4503645702e-15, 1.58864586796e-14, -2.28306668682e-14, 6.37806322513e-13, -1.13845087871e-11, -1.57992490618e-11, 2.67125324681e-14, 1.56587701247e-13, -2.35247238356e-12, -3.83050280947e-13, -9.60828909925e-14, -1.87817057913e-12, -1.73297045659e-14, -7.21312679725e-12, -3.32984920019e-12, -1.03506795149e-11, -4.19987747921e-13, -2.46055801602e-12, -2.31999749273e-13, -1.05784013547e-13, -2.82144239511e-15, -3.44487410264e-15, -8.52268404962e-16, -4.86898464281e-19, -1.43725123313e-18], [6.6899514501e-16, 3.4503645702e-15, 3.0896105444e-13, 1.11157143331e-13, 1.17881168694e-13, -1.4288710189e-12, -1.39769055704e-11, -7.8164974493e-12, 5.07253100472e-14, -4.06759803791e-13, -9.7221133867e-14, -8.84833168107e-13, -2.67057290995e-13, -1.7697794185e-12, -1.79564994601e-13, -1.15811474993e-11, -7.77134866875e-13, -5.53521204566e-12, -1.49945417953e-13, -2.55700103831e-14, -1.4200592064e-14, 6.57722904664e-15, -6.54397326258e-15, -1.56293577103e-15, -6.15900353785e-17, -1.68901728036e-17, -4.22034827714e-18], [4.15040453152e-16, 1.58864586796e-14, 1.11157143331e-13, 3.59690846986e-13, 2.16008322882e-13, 3.23891223087e-13, -6.12542655487e-12, -7.37458445005e-12, 8.21844288045e-14, -1.4907947923e-13, -1.93464580293e-12, 4.54292365445e-13, 8.09636578158e-14, -5.33290913599e-13, 1.48532011343e-13, -4.45588444614e-12, -3.80830393262e-12, -9.47289555825e-12, -2.84476462569e-13, -2.61318180636e-12, -3.07087017761e-14, -1.10139274003e-13, 2.05456523444e-15, -2.52980937488e-15, -8.16777142137e-16, 4.05503871326e-18, -7.52955297365e-18], [-4.44768022054e-15, -2.28306668682e-14, 1.17881168694e-13, 2.16008322882e-13, 5.01911142856e-12, 1.11554212048e-12, 2.15019974048e-10, 3.16946385803e-10, 2.56111158756e-13, 1.89908378194e-13, 1.50593131715e-11, 2.71219765396e-12, 2.30189782166e-12, 1.52785024216e-11, 3.06544590059e-12, 4.67586143416e-11, 2.31844352744e-11, 3.92252653969e-11, 5.24955643191e-12, 1.45147774008e-11, 1.20697126339e-12, 5.14175561937e-13, 1.51129160049e-14, 1.66692526481e-14, 2.93429810038e-15, 1.48456073225e-17, 1.49032531258e-18], [1.06985641591e-13, 6.37806322513e-13, -1.4288710189e-12, 3.23891223087e-13, 1.11554212048e-12, 9.58680801411e-10, 1.24013306291e-08, 9.85715420398e-09, 1.08623726333e-11, 2.66420635553e-10, 2.78054779201e-09, 3.9549488684e-10, 8.25693818873e-11, 2.06398542701e-09, 1.61670940524e-10, 1.07333129051e-08, 2.48273002157e-09, 1.01662624985e-08, 3.7074532333e-10, 1.23148014008e-09, 1.420216722e-10, 6.21923762489e-11, 5.48416086849e-12, 2.64468893833e-12, 6.49831642489e-13, 1.19034395581e-14, 1.3270995639e-15], [-2.84685930428e-13, -1.13845087871e-11, -1.39769055704e-11, -6.12542655487e-12, 2.15019974048e-10, 1.24013306291e-08, 3.35835522947e-07, 3.28199575961e-07, 1.84846429829e-10, 4.4301091684e-09, 7.95331871473e-08, 6.70217836785e-09, 1.79658377064e-09, 5.93753277656e-08, 2.38947150955e-09, 2.79069837461e-07, 5.98499454441e-08, 2.5999233344e-07, 9.10160480316e-09, 3.61583936126e-08, 3.85030674011e-09, 1.70430891622e-09, 1.33585309481e-10, 7.03585245621e-11, 1.77908833499e-11, 2.61079081531e-13, 2.71614497658e-14], [-7.80994084508e-13, -1.57992490618e-11, -7.8164974493e-12, -7.37458445005e-12, 3.16946385803e-10, 9.85715420398e-09, 3.28199575961e-07, 3.43562817307e-07, 1.56125390394e-10, 3.68303565423e-09, 7.87771767818e-08, 5.59986768067e-09, 1.58982194076e-09, 5.74810101739e-08, 2.27637908523e-09, 2.64766725877e-07, 5.41301616863e-08, 2.39778358946e-07, 8.27436696937e-09, 3.40597026138e-08, 3.54255380586e-09, 1.57962387615e-09, 1.23618490444e-10, 6.51870571411e-11, 1.67032412207e-11, 2.38475472009e-13, 2.48363765128e-14], [3.40675994935e-15, 2.67125324681e-14, 5.07253100472e-14, 8.21844288045e-14, 2.56111158756e-13, 1.08623726333e-11, 1.84846429829e-10, 1.56125390394e-10, 4.63788024912e-13, 3.8708823473e-12, 3.94265557702e-11, 4.67594496109e-12, 1.27888032195e-12, 3.02561378729e-11, 1.6343065139e-12, 1.56830340381e-10, 3.61788099479e-11, 1.4013736005e-10, 5.26070810178e-12, 1.92141094701e-11, 1.86922764593e-12, 8.92798367787e-13, 7.9481140094e-14, 3.70619672647e-14, 8.79375714499e-15, 1.65212386699e-16, 2.00131204144e-17], [1.93020885462e-14, 1.56587701247e-13, -4.06759803791e-13, -1.4907947923e-13, 1.89908378194e-13, 2.66420635553e-10, 4.4301091684e-09, 3.68303565423e-09, 3.8708823473e-12, 2.03907807306e-10, 1.09432785056e-09, 1.11567872996e-10, 3.03951447345e-11, 6.08233130528e-10, 3.53334930758e-11, 2.82951018171e-09, 7.93876908656e-10, 3.09726266856e-09, 1.25718463417e-10, 3.58796853339e-10, 4.52849112376e-11, 1.88970297743e-11, 1.61529969088e-12, 7.28448497269e-13, 1.84240955283e-13, 3.43502882693e-15, 5.04147710398e-16], [2.6512978282e-14, -2.35247238356e-12, -9.7221133867e-14, -1.93464580293e-12, 1.50593131715e-11, 2.78054779201e-09, 7.95331871473e-08, 7.87771767818e-08, 3.94265557702e-11, 1.09432785056e-09, 2.18149960318e-08, 1.37662059529e-09, 3.41580680407e-10, 1.48926551091e-08, 4.89124796221e-10, 6.76963196611e-08, 1.37417464074e-08, 6.38972821321e-08, 2.07732453461e-09, 8.23918355763e-09, 9.37756428065e-10, 4.02629318774e-10, 3.4191892373e-11, 1.64162346911e-11, 4.2692559557e-12, 6.66945882202e-14, 7.87087239731e-15], [2.58744831523e-14, -3.83050280947e-13, -8.84833168107e-13, 4.54292365445e-13, 2.71219765396e-12, 3.9549488684e-10, 6.70217836785e-09, 5.59986768067e-09, 4.67594496109e-12, 1.11567872996e-10, 1.37662059529e-09, 3.93863941461e-10, 8.5605821043e-11, 1.17065390715e-09, 9.46830044923e-11, 5.51654633085e-09, 1.41210410032e-09, 5.50153966827e-09, 2.26016205751e-10, 6.73231914661e-10, 9.21250506436e-11, 3.38104232112e-11, 3.77190206152e-12, 1.51307081014e-12, 3.19641313201e-13, 6.44015836347e-15, 7.0146535895e-16], [-1.35562885118e-16, -9.60828909925e-14, -2.67057290995e-13, 8.09636578158e-14, 2.30189782166e-12, 8.25693818873e-11, 1.79658377064e-09, 1.58982194076e-09, 1.27888032195e-12, 3.03951447345e-11, 3.41580680407e-10, 8.5605821043e-11, 2.3808394492e-11, 2.98773283891e-10, 1.89894263508e-11, 1.38994293852e-09, 3.58059693006e-10, 1.37272349043e-09, 5.61884948291e-11, 1.70209971118e-10, 2.28242962724e-11, 8.25470594656e-12, 9.59624849202e-13, 3.78115887125e-13, 7.84898201663e-14, 1.6112527538e-15, 1.99101460234e-16], [2.80293010888e-14, -1.87817057913e-12, -1.7697794185e-12, -5.33290913599e-13, 1.52785024216e-11, 2.06398542701e-09, 5.93753277656e-08, 5.74810101739e-08, 3.02561378729e-11, 6.08233130528e-10, 1.48926551091e-08, 1.17065390715e-09, 2.98773283891e-10, 1.14646505622e-08, 3.75445868839e-10, 5.30050243697e-08, 1.07216120426e-08, 4.88788955977e-08, 1.62897828559e-09, 6.62604993096e-09, 7.19928783255e-10, 3.1381319765e-10, 2.59104734196e-11, 1.31649803906e-11, 3.34578220164e-12, 5.04018959273e-14, 5.40292205032e-15], [1.26367388504e-14, -1.73297045659e-14, -1.79564994601e-13, 1.48532011343e-13, 3.06544590059e-12, 1.61670940524e-10, 2.38947150955e-09, 2.27637908523e-09, 1.6343065139e-12, 3.53334930758e-11, 4.89124796221e-10, 9.46830044923e-11, 1.89894263508e-11, 3.75445868839e-10, 4.17872021707e-11, 1.83795467734e-09, 4.44125097809e-10, 1.72900538331e-09, 6.81542322578e-11, 2.27019555932e-10, 2.46737838494e-11, 1.10167838394e-11, 9.63819735827e-13, 4.62707292186e-13, 1.12999758476e-13, 1.9807132788e-15, 2.06896320636e-16], [1.06781892898e-13, -7.21312679725e-12, -1.15811474993e-11, -4.45588444614e-12, 4.67586143416e-11, 1.07333129051e-08, 2.79069837461e-07, 2.64766725877e-07, 1.56830340381e-10, 2.82951018171e-09, 6.76963196611e-08, 5.51654633085e-09, 1.38994293852e-09, 5.30050243697e-08, 1.83795467734e-09, 2.58613283677e-07, 5.22606988795e-08, 2.33210087686e-07, 7.47339257146e-09, 3.20513144914e-08, 3.32267613423e-09, 1.5036852874e-09, 1.2169473762e-10, 6.37263228298e-11, 1.61323662762e-11, 2.36960028422e-13, 2.34129037636e-14], [-1.12521754067e-13, -3.32984920019e-12, -7.77134866875e-13, -3.80830393262e-12, 2.31844352744e-11, 2.48273002157e-09, 5.98499454441e-08, 5.41301616863e-08, 3.61788099479e-11, 7.93876908656e-10, 1.37417464074e-08, 1.41210410032e-09, 3.58059693006e-10, 1.07216120426e-08, 4.44125097809e-10, 5.22606988795e-08, 1.34569688726e-08, 5.40156648299e-08, 1.88692972358e-09, 7.85460407826e-09, 7.82216458273e-10, 3.70163372176e-10, 2.44648173248e-11, 1.46213874341e-11, 3.69524983529e-12, 4.87230969546e-14, 5.67733616128e-15], [-1.08580475882e-13, -1.03506795149e-11, -5.53521204566e-12, -9.47289555825e-12, 3.92252653969e-11, 1.01662624985e-08, 2.5999233344e-07, 2.39778358946e-07, 1.4013736005e-10, 3.09726266856e-09, 6.38972821321e-08, 5.50153966827e-09, 1.37272349043e-09, 4.88788955977e-08, 1.72900538331e-09, 2.33210087686e-07, 5.40156648299e-08, 2.33738930433e-07, 7.73486252825e-09, 3.20701118994e-08, 3.37368910586e-09, 1.53006773917e-09, 1.1121503718e-10, 6.23058549198e-11, 1.59112844428e-11, 2.22171849602e-13, 2.33508823172e-14], [-4.15082651275e-15, -4.19987747921e-13, -1.49945417953e-13, -2.84476462569e-13, 5.24955643191e-12, 3.7074532333e-10, 9.10160480316e-09, 8.27436696937e-09, 5.26070810178e-12, 1.25718463417e-10, 2.07732453461e-09, 2.26016205751e-10, 5.61884948291e-11, 1.62897828559e-09, 6.81542322578e-11, 7.47339257146e-09, 1.88692972358e-09, 7.73486252825e-09, 2.99980040808e-10, 1.10550957277e-09, 1.20299825657e-10, 5.30670681009e-11, 3.68811968812e-12, 2.10778464994e-12, 5.23380384171e-13, 7.281311208e-15, 7.76140418855e-16], [-1.29846572947e-13, -2.46055801602e-12, -2.55700103831e-14, -2.61318180636e-12, 1.45147774008e-11, 1.23148014008e-09, 3.61583936126e-08, 3.40597026138e-08, 1.92141094701e-11, 3.58796853339e-10, 8.23918355763e-09, 6.73231914661e-10, 1.70209971118e-10, 6.62604993096e-09, 2.27019555932e-10, 3.20513144914e-08, 7.85460407826e-09, 3.20701118994e-08, 1.10550957277e-09, 4.97369834207e-09, 4.64140920142e-10, 2.28393928769e-10, 1.34280746245e-11, 8.89621883104e-12, 2.30546029316e-12, 2.69833627827e-14, 2.91319194516e-15], [-5.53804625178e-15, -2.31999749273e-13, -1.4200592064e-14, -3.07087017761e-14, 1.20697126339e-12, 1.420216722e-10, 3.85030674011e-09, 3.54255380586e-09, 1.86922764593e-12, 4.52849112376e-11, 9.37756428065e-10, 9.21250506436e-11, 2.28242962724e-11, 7.19928783255e-10, 2.46737838494e-11, 3.32267613423e-09, 7.82216458273e-10, 3.37368910586e-09, 1.20299825657e-10, 4.64140920142e-10, 6.09480382829e-11, 2.24696702217e-11, 1.71220297055e-12, 9.20064046651e-13, 2.3052883929e-13, 3.20223495039e-15, 2.64241404077e-16], [-4.69401561281e-15, -1.05784013547e-13, 6.57722904664e-15, -1.10139274003e-13, 5.14175561937e-13, 6.21923762489e-11, 1.70430891622e-09, 1.57962387615e-09, 8.92798367787e-13, 1.88970297743e-11, 4.02629318774e-10, 3.38104232112e-11, 8.25470594656e-12, 3.1381319765e-10, 1.10167838394e-11, 1.5036852874e-09, 3.70163372176e-10, 1.53006773917e-09, 5.30670681009e-11, 2.28393928769e-10, 2.24696702217e-11, 1.07832250074e-11, 6.60597282171e-13, 4.18829521846e-13, 1.08211277937e-13, 1.32686017121e-15, 1.39375565702e-16], [3.33872912176e-16, -2.82144239511e-15, -6.54397326258e-15, 2.05456523444e-15, 1.51129160049e-14, 5.48416086849e-12, 1.33585309481e-10, 1.23618490444e-10, 7.9481140094e-14, 1.61529969088e-12, 3.4191892373e-11, 3.77190206152e-12, 9.59624849202e-13, 2.59104734196e-11, 9.63819735827e-13, 1.2169473762e-10, 2.44648173248e-11, 1.1121503718e-10, 3.68811968812e-12, 1.34280746245e-11, 1.71220297055e-12, 6.60597282171e-13, 7.04587009939e-14, 2.93492037314e-14, 7.00910785304e-15, 1.27320883964e-16, 1.39916194406e-17], [-9.1798241215e-17, -3.44487410264e-15, -1.56293577103e-15, -2.52980937488e-15, 1.66692526481e-14, 2.64468893833e-12, 7.03585245621e-11, 6.51870571411e-11, 3.70619672647e-14, 7.28448497269e-13, 1.64162346911e-11, 1.51307081014e-12, 3.78115887125e-13, 1.31649803906e-11, 4.62707292186e-13, 6.37263228298e-11, 1.46213874341e-11, 6.23058549198e-11, 2.10778464994e-12, 8.89621883104e-12, 9.20064046651e-13, 4.18829521846e-13, 2.93492037314e-14, 1.71872387064e-14, 4.3440652212e-15, 5.79213901001e-17, 5.43910295679e-18], [-3.02669323513e-17, -8.52268404962e-16, -6.15900353785e-17, -8.16777142137e-16, 2.93429810038e-15, 6.49831642489e-13, 1.77908833499e-11, 1.67032412207e-11, 8.79375714499e-15, 1.84240955283e-13, 4.2692559557e-12, 3.19641313201e-13, 7.84898201663e-14, 3.34578220164e-12, 1.12999758476e-13, 1.61323662762e-11, 3.69524983529e-12, 1.59112844428e-11, 5.23380384171e-13, 2.30546029316e-12, 2.3052883929e-13, 1.08211277937e-13, 7.00910785304e-15, 4.3440652212e-15, 1.13485855438e-15, 1.42895963671e-17, 1.3974325162e-18], [1.08592653387e-18, -4.86898464281e-19, -1.68901728036e-17, 4.05503871326e-18, 1.48456073225e-17, 1.19034395581e-14, 2.61079081531e-13, 2.38475472009e-13, 1.65212386699e-16, 3.43502882693e-15, 6.66945882202e-14, 6.44015836347e-15, 1.6112527538e-15, 5.04018959273e-14, 1.9807132788e-15, 2.36960028422e-13, 4.87230969546e-14, 2.22171849602e-13, 7.281311208e-15, 2.69833627827e-14, 3.20223495039e-15, 1.32686017121e-15, 1.27320883964e-16, 5.79213901001e-17, 1.42895963671e-17, 2.54291346923e-19, 3.02133890278e-20], [5.3006783784e-20, -1.43725123313e-18, -4.22034827714e-18, -7.52955297365e-18, 1.49032531258e-18, 1.3270995639e-15, 2.71614497658e-14, 2.48363765128e-14, 2.00131204144e-17, 5.04147710398e-16, 7.87087239731e-15, 7.0146535895e-16, 1.99101460234e-16, 5.40292205032e-15, 2.06896320636e-16, 2.34129037636e-14, 5.67733616128e-15, 2.33508823172e-14, 7.76140418855e-16, 2.91319194516e-15, 2.64241404077e-16, 1.39375565702e-16, 1.39916194406e-17, 5.43910295679e-18, 1.3974325162e-18, 3.02133890278e-20, 1.05614557936e-20]]
    },
    "mfcc": {
        "kurt": [0.369673490524, 11.7526130676, 0.00252366065979, 0.651681900024, 0.00895929336548, -0.465446233749, 0.258927345276, 0.471531867981, -0.082909822464, -0.011905670166, -0.849165439606, -0.537217617035, 0.125839471817],
        "max": [-744.152404785, 151.9402771, 31.5054359436, 27.0869522095, 9.82514953613, 12.9243087769, 11.3490791321, 11.6700305939, 2.35155105591, 8.63220024109, 6.112159729, 28.24817276, 35.6018638611],
        "mean": [-955.658447266, 117.206352234, -16.2351341248, -10.4961204529, -9.99652099609, -10.6417474747, -5.98321485519, -7.83180856705, -10.4027175903, -8.25427627563, -6.46414470673, 1.83988559246, 6.00674009323],
        "median": [-997.961181641, 122.244781494, 10.4342041016, -15.9942436218, -9.15851593018, -4.45439910889, -1.29934310913, -4.81203460693, -10.1559638977, -7.63245201111, -6.46139335632, -1.31160354614, 4.96178436279],
        "min": [-1138.42004395, 1.14440917969e-05, -128.721969604, -34.0171585083, -37.8921775818, -42.672164917, -40.3866577148, -44.0077171326, -26.8790206909, -25.5109786987, -18.2734127045, -17.7390975952, -10.0219841003],
        "skew": [1.17494511604, -2.95949935913, -1.23400497437, 1.36976885796, -0.490079492331, -0.890894532204, -1.18005907536, -1.01798725128, -0.311104536057, -0.314848512411, 0.00830653775483, 0.662748217583, 0.698587119579],
        "var": [9019.04394531, 467.879882812, 2514.60498047, 224.894943237, 100.784339905, 210.848342896, 190.812088013, 136.744445801, 37.8507080078, 45.3129348755, 32.1957168579, 120.146987915, 77.709526062],
        "cov": [[9103.33398438, 140.046585083, -4623.00634766, 1088.98828125, -628.657409668, -1234.51831055, -1177.87426758, -827.45135498, -213.832305908, 106.140487671, 267.801422119, 870.954101562, 681.49407959], [140.046585083, 472.252593994, 124.431221008, -159.358322144, 35.8507270813, 9.92197799683, 58.2064476013, 58.7187423706, -7.00093078613, -37.5847549438, -25.4562244415, -29.0116500854, 1.23154687881], [-4623.00634766, 124.431221008, 2538.10595703, -590.418457031, 307.619750977, 685.97277832, 641.803222656, 422.97644043, 104.606613159, -44.7014007568, -157.964080811, -488.594055176, -375.616607666], [1088.98828125, -159.358322144, -590.418457031, 226.996765137, -86.6533279419, -143.075531006, -167.565261841, -132.678604126, -19.9932022095, 34.9619827271, 41.1657981873, 112.827606201, 79.1236572266], [-628.657409668, 35.8507270813, 307.619750977, -86.6533279419, 101.726249695, 89.6147613525, 77.6583709717, 84.4854736328, 19.6658859253, -22.6244297028, -18.2413635254, -44.8134231567, -38.1407661438], [-1234.51831055, 9.92197799683, 685.97277832, -143.075531006, 89.6147613525, 212.818893433, 173.977386475, 104.584976196, 29.1941108704, -1.95208764076, -42.7263908386, -133.240539551, -102.000450134], [-1177.87426758, 58.2064476013, 641.803222656, -167.565261841, 77.6583709717, 173.977386475, 192.595367432, 130.196090698, 28.4699382782, -15.159497261, -41.2614593506, -129.272247314, -94.6816558838], [-827.45135498, 58.7187423706, 422.97644043, -132.678604126, 84.4854736328, 104.584976196, 130.196090698, 138.02243042, 35.3032531738, -23.6874198914, -28.4909172058, -77.9894866943, -61.059589386], [-213.832305908, -7.00093078613, 104.606613159, -19.9932022095, 19.6658859253, 29.1941108704, 28.4699382782, 35.3032531738, 38.2044525146, 18.6917285919, -5.10130119324, -24.6717128754, -17.9238777161], [106.140487671, -37.5847549438, -44.7014007568, 34.9619827271, -22.6244297028, -1.95208764076, -15.159497261, -23.6874198914, 18.6917285919, 45.7364196777, 15.8126564026, 2.51013708115, 4.18054628372], [267.801422119, -25.4562244415, -157.964080811, 41.1657981873, -18.2413635254, -42.7263908386, -41.2614593506, -28.4909172058, -5.10130119324, 15.8126564026, 32.4966125488, 43.810634613, 26.0793609619], [870.954101562, -29.0116500854, -488.594055176, 112.827606201, -44.8134231567, -133.240539551, -129.272247314, -77.9894866943, -24.6717128754, 2.51013708115, 43.810634613, 121.269859314, 83.4326629639], [681.49407959, 1.23154687881, -375.616607666, 79.1236572266, -38.1407661438, -102.000450134, -94.6816558838, -61.059589386, -17.9238777161, 4.18054628372, 26.0793609619, 83.4326629639, 78.4357833862]]
    },
    "sccoeffs": {
        "kurt": [-0.157088756561, 0.283398151398, -0.0504667758942, 0.0931603908539, 0.749179363251, 0.711476802826],
        "max": [-0.688061177731, -0.409052550793, -0.597597122192, -0.513601183891, -0.550529778004, -0.717455863953],
        "mean": [-0.806775569916, -0.769740581512, -0.82088303566, -0.77727997303, -0.817779660225, -0.829970300198],
        "median": [-0.813805043697, -0.835899353027, -0.856268882751, -0.8306183815, -0.869161427021, -0.848333716393],
        "min": [-0.899088144302, -0.921067237854, -0.921178996563, -0.900928974152, -0.932366907597, -0.884506702423],
        "skew": [0.478774338961, 1.37469494343, 1.14316189289, 1.19184625149, 1.49427187443, 1.4971768856],
        "var": [0.00172374758404, 0.024424161762, 0.00792427547276, 0.0129731670022, 0.0111087122932, 0.00197530491278],
        "cov": [[0.0017398573691, 0.000932720548008, 0.000307399954181, 0.000497304194141, 0.000482092873426, 0.000203785806661], [0.000932720548008, 0.0246524251997, 0.0129530830309, 0.0171758476645, 0.016032544896, 0.00669608963653], [0.000307399954181, 0.0129530830309, 0.00799833424389, 0.00935672223568, 0.00873484648764, 0.00359821342863], [0.000497304194141, 0.0171758476645, 0.00935672223568, 0.0130944121629, 0.0117430509999, 0.00468460237607], [0.000482092873426, 0.016032544896, 0.00873484648764, 0.0117430509999, 0.0112125314772, 0.00450265454128], [0.000203785806661, 0.00669608963653, 0.00359821342863, 0.00468460237607, 0.00450265454128, 0.00199376582168]]
    },
    "scvalleys": {
        "kurt": [9.75261688232, 17.4968090057, 18.6292591095, 5.85923290253, 3.20202350616, 3.05056476593],
        "max": [-8.09684562683, -7.50098371506, -7.70884990692, -8.12186336517, -8.42919635773, -11.2599191666],
        "mean": [-8.92607402802, -8.38694953918, -8.67091369629, -9.69096469879, -10.6423034668, -13.3133554459],
        "median": [-8.80010223389, -8.25177001953, -8.62451171875, -9.76008987427, -10.8447856903, -13.5128917694],
        "min": [-11.9683332443, -12.6712961197, -12.7378778458, -13.4156045914, -14.5360078812, -17.3385162354],
        "skew": [-2.53894209862, -3.30115318298, -3.42738771439, -1.13213312626, -0.135382458568, -0.0300183985382],
        "var": [0.309640616179, 0.412681221962, 0.369770467281, 0.557294368744, 0.823842763901, 0.875682532787],
        "cov": [[0.312534451485, 0.237124249339, 0.233996450901, 0.232524231076, 0.221577361226, 0.23027138412], [0.237124249339, 0.416538059711, 0.323562443256, 0.399546712637, 0.446197390556, 0.455721706152], [0.233996450901, 0.323562443256, 0.373226284981, 0.373076409101, 0.439651966095, 0.443253487349], [0.232524231076, 0.399546712637, 0.373076409101, 0.562502682209, 0.647887229919, 0.662535130978], [0.221577361226, 0.446197390556, 0.439651966095, 0.647887229919, 0.831542253494, 0.844330966473], [0.23027138412, 0.455721706152, 0.443253487349, 0.662535130978, 0.844330966473, 0.883866488934]]
    }
},
"rhythm": {
    "beats_loudness": {
        "kurt": 0.249980211258,
        "max": 0.00735210208222,
        "mean": 0.00148690200876,
        "median": 2.56117946265e-05,
        "min": 1.14488921099e-05,
        "skew": 1.49998533726,
        "var": 8.600176443e-06
    },
    "bpm": 149.827667236,
    "confidence": 0,
    "first_peak_bpm": {
        "kurt": 0,
        "max": 148,
        "mean": 148,
        "median": 148,
        "min": 148,
        "skew": 0,
        "var": 0
    },
    "first_peak_spread": {
        "kurt": 0,
        "max": 0.5,
        "mean": 0.5,
        "median": 0.5,
        "min": 0.5,
        "skew": 0,
        "var": 0
    },
    "first_peak_weight": {
        "kurt": 0,
        "max": 0.5,
        "mean": 0.5,
        "median": 0.5,
        "min": 0.5,
        "skew": 0,
        "var": 0
    },
    "onset_rate": 0.805898964405,
    "second_peak_bpm": {
        "kurt": 0,
        "max": 0,
        "mean": 0,
        "median": 0,
        "min": 0,
        "skew": 0,
        "var": 0
    },
    "second_peak_spread": {
        "kurt": 0,
        "max": 0,
        "mean": 0,
        "median": 0,
        "min": 0,
        "skew": 0,
        "var": 0
    },
    "second_peak_weight": {
        "kurt": 0,
        "max": 0,
        "mean": 0,
        "median": 0,
        "min": 0,
        "skew": 0,
        "var": 0
    },
    "beats_loudness_band_ratio": {
        "kurt": [-0.965242624283, -1.4262765646, -0.491539239883, -0.514037132263, -0.0218567848206, -0.207128763199],
        "max": [0.264060586691, 0.310994803905, 0.414302289486, 0.617824137211, 0.504162609577, 0.0331571958959],
        "mean": [0.12567999959, 0.188242927194, 0.228158473969, 0.342028826475, 0.15815320611, 0.0155043378472],
        "median": [0.103677749634, 0.242022410035, 0.197669297457, 0.346220642328, 0.0820097178221, 0.0123163377866],
        "min": [0.00012186494132, 0.0328601412475, 0.12913954258, 0.0464129373431, 0.0295566935092, 0.00740874139592],
        "skew": [0.205395072699, -0.382894307375, 0.960651397705, -0.162421494722, 1.31109178066, 1.167740345],
        "var": [0.00782331638038, 0.0105850230902, 0.01030071266, 0.0328617729247, 0.0316228494048, 8.60232976265e-05],
        "cov": [[0.00977914594114, 0.00980612449348, -0.00846740230918, 0.00765468832105, -0.0162349455059, -0.000882200780325], [0.00980612449348, 0.0132312783971, -0.00771051645279, 0.00586648052558, -0.0179650466889, -0.00108229578473], [-0.00846740230918, -0.00771051645279, 0.0128758903593, -0.020556896925, 0.0213090181351, 0.00100530963391], [0.00765468832105, 0.00586648052558, -0.020556896925, 0.0410772152245, -0.0313212200999, -0.00131745636463], [-0.0162349455059, -0.0179650466889, 0.0213090181351, -0.0313212200999, 0.0395285636187, 0.00200200243853], [-0.000882200780325, -0.00108229578473, 0.00100530963391, -0.00131745636463, 0.00200200243853, 0.000107529122033]]
    },
    "beats_position": [0.394739210606, 0.801088392735, 1.20743763447, 1.60217678547, 1.99691605568],
    "bpm_estimates": [147.656265259, 147.656234741, 151.99911499, 151.999069214],
    "bpm_intervals": [0.406349182129, 0.406349241734, 0.394739151001, 0.39473927021],
    "onset_times": [0.0464399084449, 0.18575963378],
    "histogram": [[0, 0, 0, 0, 0, 0, 0, 0, 0, 0, 0, 0, 0, 0, 0, 0, 0, 0, 0, 0, 0, 0, 0, 0, 0, 0, 0, 0, 0, 0, 0, 0, 0, 0, 0, 0, 0, 0, 0, 0, 0, 0, 0, 0, 0, 0, 0, 0, 0, 0, 0, 0, 0, 0, 0, 0, 0, 0, 0, 0, 0, 0, 0, 0, 0, 0, 0, 0, 0, 0, 0, 0, 0, 0, 0, 0, 0, 0, 0, 0, 0, 0, 0, 0, 0, 0, 0, 0, 0, 0, 0, 0, 0, 0, 0, 0, 0, 0, 0, 0, 0, 0, 0, 0, 0, 0, 0, 0, 0, 0, 0, 0, 0, 0, 0, 0, 0, 0, 0, 0, 0, 0, 0, 0, 0, 0, 0, 0, 0, 0, 0, 0, 0, 0, 0, 0, 0, 0, 0, 0, 0, 0, 0, 0, 0, 0, 0, 0, 0.5, 0, 0, 0, 0.5, 0, 0, 0, 0, 0, 0, 0, 0, 0, 0, 0, 0, 0, 0, 0, 0, 0, 0, 0, 0, 0, 0, 0, 0, 0, 0, 0, 0, 0, 0, 0, 0, 0, 0, 0, 0, 0, 0, 0, 0, 0, 0, 0, 0, 0, 0, 0, 0, 0, 0, 0, 0, 0, 0, 0, 0, 0, 0, 0, 0, 0, 0, 0, 0, 0, 0, 0, 0, 0, 0, 0, 0, 0, 0, 0, 0, 0, 0, 0, 0, 0, 0, 0, 0, 0, 0, 0, 0, 0, 0, 0, 0, 0, 0, 0, 0, 0]]
},
"sfx": {
    "inharmonicity": {
        "kurt": -0.419840574265,
        "max": 0.357872843742,
        "mean": 0.122591011226,
        "median": 0.0957872122526,
        "min": 0.00066092365887,
        "skew": 0.737102866173,
        "var": 0.00837936159223
    },
    "oddtoevenharmonicenergyratio": {
        "kurt": 10.2003135681,
        "max": 8.04316043854,
        "mean": 1.08189189434,
        "median": 0.612149596214,
        "min": 0.0532821677625,
        "skew": 2.73405575752,
        "var": 1.48760926723
    },
    "pitch_after_max_to_before_max_energy_ratio": 1.59656953812,
    "pitch_centroid": 50.2838821411,
    "pitch_max_to_total": 0.25925925374,
    "pitch_min_to_total": 0.685185194016,
    "tristimulus": {
        "kurt": [0.108486413956, -0.349131345749, -0.722451925278],
        "max": [0.604062378407, 0.557508707047, 0.761291265488],
        "mean": [0.17864562571, 0.365548700094, 0.455805659294],
        "median": [0.157715946436, 0.379123955965, 0.465508878231],
        "min": [0, 0.117925316095, 0.0792533233762],
        "skew": [0.723263680935, -0.432976275682, -0.288272827864],
        "var": [0.0198467392474, 0.0103100119159, 0.0306378472596],
        "cov": [[0.020032223314, 0.000242796086241, -0.020275015384], [0.000242796086241, 0.0104063674808, -0.010649163276], [-0.020275015384, -0.010649163276, 0.0309241823852]]
    }
},
"tonal": {
    "chords_changes_rate": 0.0909090936184,
    "chords_number_rate": 0.0909090936184,
    "chords_strength": {
        "kurt": -0.388156414032,
        "max": 0.562092065811,
        "mean": 0.51163226366,
        "median": 0.514115452766,
        "min": 0.44050860405,
        "skew": -0.429078638554,
        "var": 0.000955662049819
    },
    "key_strength": 0.481838554144,
    "tuning_diatonic_strength": 0.341624498367,
    "tuning_equal_tempered_deviation": 0.227552652359,
    "tuning_frequency": 453.940612793,
    "tuning_nontempered_energy_ratio": 0.806181311607,
    "hpcp": {
        "kurt": [1.37560749054, 3.17460727692, 1.58247375488, 5.06596755981, 0.98378610611, 0.0628290176392, -1.10321950912, -0.324547529221, -0.123851776123, 2.58549928665, 0.48642539978, 3.85002565384, 5.75998592377, 3.84587430954, 3.78671073914, 1.54666996002, 0.488686084747, 0.872659683228, 8.5515422821, 3.04065561295, 5.25023651123, 1.14842176437, 2.45378351212, 2.60725450516, 2.41833877563, 8.52866744995, 9.44797992706, -0.0757608413696, 2.07998561859, 5.53768157959, 2.32520103455, -0.496066331863, 0.211926221848, 0.528934955597, 1.09355163574, 1.51549005508],
        "max": [1, 0.90554869175, 0.756566762924, 1, 0.635095059872, 1, 1, 1, 0.635853290558, 0.838873624802, 0.619292736053, 1, 1, 0.728256940842, 0.866023957729, 0.801503658295, 1, 1, 1, 0.979779779911, 1, 0.748964369297, 0.99615830183, 1, 0.80563813448, 0.922524511814, 0.773527026176, 0.670937418938, 0.874736845493, 0.783110797405, 0.979293763638, 1, 1, 1, 1, 1],
        "mean": [0.223925516009, 0.160894811153, 0.159897789359, 0.175049349666, 0.156279757619, 0.41216391325, 0.703013658524, 0.503170013428, 0.210162088275, 0.149364516139, 0.146142959595, 0.164555907249, 0.154241532087, 0.123689442873, 0.152469873428, 0.196151837707, 0.279425382614, 0.268569678068, 0.175550580025, 0.175571858883, 0.170129537582, 0.159674629569, 0.188968673348, 0.204393520951, 0.205656647682, 0.156242862344, 0.121745914221, 0.180861473083, 0.166396960616, 0.119129292667, 0.200565293431, 0.35699352622, 0.340077131987, 0.269776433706, 0.241205960512, 0.219602122903],
