{
"metadata": {
    "version": {
        "essentia": "2.1-beta3"
    }
},
"lowLevel": {
    "average_loudness": 0.950179100037,
    "barkbands_kurtosis": {
        "kurt": 6.65521812439,
        "max": 10.6998100281,
        "mean": 0.489711999893,
        "median": 0.354138493538,
        "min": -1.71808898449,
        "skew": 1.87840306759,
        "var": 3.63303780556
    },
    "barkbands_skewness": {
        "kurt": -0.862378120422,
        "max": 2.42966103554,
        "mean": 0.439195841551,
        "median": 0.755718767643,
        "min": -1.61582529545,
        "skew": -0.317740142345,
        "var": 0.82954198122
    },
    "barkbands_spread": {
        "kurt": -1.31194770336,
        "max": 20.5300922394,
        "mean": 12.0626554489,
        "median": 10.2832717896,
        "min": 4.41283082962,
        "skew": 0.361379027367,
        "var": 21.5482006073
    },
    "dissonance": {
        "kurt": 14.7195663452,
        "max": 0.496983528137,
        "mean": 0.444355010986,
        "median": 0.449286937714,
        "min": 0.194188922644,
        "skew": -2.4589009285,
        "var": 0.00121035927441
    },
    "hfc": {
        "kurt": -0.346760749817,
        "max": 3.00446891785,
        "mean": 0.649364113808,
        "median": 0.01090873871,
        "min": 5.93546634065e-09,
        "skew": 1.07201874256,
        "var": 0.877310037613
    },
    "pitch": {
        "kurt": -1.6565515995,
        "max": 516.304504395,
        "mean": 354.645690918,
        "median": 407.87890625,
        "min": 55.2064666748,
        "skew": -0.290080994368,
        "var": 27815.9355469
    },
    "pitch_instantaneous_confidence": {
        "kurt": -1.76647543907,
        "max": 0.983338296413,
        "mean": 0.582826018333,
        "median": 0.438763648272,
        "min": 0.0647522807121,
        "skew": 0.160780191422,
        "var": 0.111062824726
    },
    "pitch_salience": {
        "kurt": -0.00167346000671,
        "max": 0.906167209148,
        "mean": 0.648749053478,
        "median": 0.65516102314,
        "min": 0.312980920076,
        "skew": -0.505642652512,
        "var": 0.0137640340254
    },
    "silence_rate_20dB": {
        "kurt": 0,
        "max": 1,
        "mean": 1,
        "median": 1,
        "min": 1,
        "skew": 0,
        "var": 0
    },
    "silence_rate_30dB": {
        "kurt": 0,
        "max": 1,
        "mean": 1,
        "median": 1,
        "min": 1,
        "skew": 0,
        "var": 0
    },
    "silence_rate_60dB": {
        "kurt": 0,
        "max": 1,
        "mean": 1,
        "median": 1,
        "min": 1,
        "skew": 0,
        "var": 0
    },
    "spectral_centroid": {
        "kurt": -1.48979592323,
        "max": 2237.87084961,
        "mean": 1014.75311279,
        "median": 619.504638672,
        "min": 314.989349365,
        "skew": 0.583119094372,
        "var": 426868.40625
    },
    "spectral_complexity": {
        "kurt": -1.25116848946,
        "max": 5,
        "mean": 1.53703701496,
        "median": 0,
        "min": 0,
        "skew": 0.778401076794,
        "var": 4.37208795547
    },
    "spectral_crest": {
        "kurt": -0.642211675644,
        "max": 17.9712543488,
        "mean": 9.60409164429,
        "median": 9.48401927948,
        "min": 4.15148735046,
        "skew": 0.348574131727,
        "var": 10.1652059555
    },
    "spectral_decrease": {
        "kurt": -0.715844631195,
        "max": -4.8500200797e-18,
        "mean": -7.86848849965e-11,
        "median": -4.65370450509e-12,
        "min": -3.27919247312e-10,
        "skew": -0.958690226078,
        "var": 1.13888932845e-20
    },
    "spectral_energy": {
        "kurt": -0.6583776474,
        "max": 0.00150957331061,
        "mean": 0.000355874100933,
        "median": 1.86361576198e-05,
        "min": 1.88434788606e-11,
        "skew": 0.976805448532,
        "var": 2.3752173206e-07
    },
    "spectral_energyband_high": {
        "kurt": 0.7192029953,
        "max": 6.74361490383e-06,
        "mean": 1.12309385258e-06,
        "median": 1.2705079655e-08,
        "min": 1.34184858862e-14,
        "skew": 1.29415893555,
        "var": 2.69748611469e-12
    },
    "spectral_energyband_low": {
        "kurt": 0.926890611649,
        "max": 5.57806561119e-06,
        "mean": 1.45821638853e-06,
        "median": 1.08862923298e-06,
        "min": 5.85336466796e-12,
        "skew": 1.15565764904,
        "var": 1.34151966879e-12
    },
    "spectral_energyband_middle_high": {
        "kurt": -0.413256883621,
        "max": 0.00117613747716,
        "mean": 0.000252553931205,
        "median": 5.52456367586e-06,
        "min": 1.15855209541e-12,
        "skew": 1.04877758026,
        "var": 1.32373543238e-07
    },
    "spectral_energyband_middle_low": {
        "kurt": -1.0213124752,
        "max": 0.000361302867532,
        "mean": 0.000101183024526,
        "median": 1.2369147953e-05,
        "min": 1.30617018937e-11,
        "skew": 0.860753655434,
        "var": 1.65210813918e-08
    },
    "spectral_flatness_db": {
        "kurt": -1.19846022129,
        "max": 0.321662306786,
        "mean": 0.243114754558,
        "median": 0.227450668812,
        "min": 0.177626371384,
        "skew": 0.494849890471,
        "var": 0.00169868697412
    },
    "spectral_flux": {
        "kurt": 11.0040073395,
        "max": 0.0210153460503,
        "mean": 0.00335755734704,
        "median": 0.00246097962372,
        "min": 5.86252972425e-05,
        "skew": 3.12570738792,
        "var": 9.95193022391e-06
    },
    "spectral_kurtosis": {
        "kurt": -0.788122415543,
        "max": 40.871723175,
        "mean": 21.655248642,
        "median": 22.2079963684,
        "min": 4.19373130798,
        "skew": -0.110462427139,
        "var": 75.2932739258
    },
    "spectral_rms": {
        "kurt": -1.27368330956,
        "max": 0.00121357094031,
        "mean": 0.000417406816268,
        "median": 0.000134839181555,
        "min": 1.35587171712e-07,
        "skew": 0.69776982069,
        "var": 1.72965570755e-07
    },
    "spectral_rolloff": {
        "kurt": -1.67367553711,
        "max": 3079.24804688,
        "mean": 1518.62243652,
        "median": 1033.59375,
        "min": 495.263671875,
        "skew": 0.446736574173,
        "var": 708639.75
    },
    "spectral_skewness": {
        "kurt": -1.30365109444,
        "max": 5.19113731384,
        "mean": 3.35627889633,
        "median": 3.71407175064,
        "min": 1.3594725132,
        "skew": -0.338097661734,
        "var": 1.1447455883
    },
    "spectral_spread": {
        "kurt": 117.458992004,
        "max": 9619057,
        "mean": 2128092.75,
        "median": 2057773.5,
        "min": 1667190.875,
        "skew": 10.1838998795,
        "var": 401779326976
    },
    "spectral_strongpeak": {
        "kurt": -0.537143945694,
        "max": 2.96080350876,
        "mean": 0.67165094614,
        "median": 0.0493868924677,
        "min": 1.36368532822e-06,
        "skew": 1.10228574276,
        "var": 0.997334122658
    },
    "zerocrossingrate": {
        "kurt": 13.6090946198,
        "max": 0.408203125,
        "mean": 0.0625542551279,
        "median": 0.03662109375,
        "min": 0.01708984375,
        "skew": 2.46248459816,
        "var": 0.00234796153381
    },
    "barkbands": {
        "kurt": [1.18074131012, 16.9183616638, 2.71718358994, 5.29071331024, 1.96485280991, -0.435365915298, -0.861123561859, -1.0187138319, 0.821179866791, 1.05334234238, -0.647554636002, 0.898773670197, 1.29576015472, 1.73460531235, -0.0114052295685, 0.427686452866, -0.0192873477936, 2.36284351349, -0.232070922852, 4.51732063293, 3.20985507965, 2.49729776382, 0.629310131073, 0.147430181503, 0.678686618805, 4.5350317955, 5.57692337036],
        "max": [8.04436268709e-08, 2.48998230745e-06, 4.00706858272e-06, 6.17639943812e-06, 1.11284516606e-05, 6.92655930834e-06, 8.97308636922e-05, 0.000281127373455, 1.85773410522e-06, 2.15612180909e-06, 0.000160063340445, 1.44650039147e-06, 8.40788345613e-07, 7.33797469366e-06, 1.75481474685e-07, 0.000167032281752, 0.000772976316512, 9.22305189306e-05, 6.06580470048e-05, 5.97390635448e-06, 1.36256880978e-06, 1.64459174812e-06, 1.68524692867e-07, 7.09935079612e-08, 5.84086645716e-09, 1.1343227746e-10, 9.57729381912e-11],
        "mean": [1.7850096512e-08, 3.24201096191e-07, 7.55388498419e-07, 9.9685519217e-07, 2.62823050434e-06, 2.39385644818e-06, 2.1696640033e-05, 7.27284204913e-05, 5.7402036191e-07, 6.09770552273e-07, 3.69088593288e-05, 4.3267235128e-07, 2.34755432871e-07, 1.14946942631e-06, 6.34151717804e-08, 3.29812246491e-05, 0.000154617140652, 1.32228678922e-05, 1.24093357954e-05, 6.87608519456e-07, 1.9432994236e-07, 2.06000095204e-07, 2.69251323459e-08, 1.36104763016e-08, 1.03428421383e-09, 1.76061214219e-11, 9.75231354006e-12],
        "median": [1.07491988643e-08, 2.40518261307e-07, 4.79760615235e-07, 6.43842042791e-07, 2.27302871281e-06, 2.12171335079e-06, 2.11751535062e-06, 1.37802442168e-06, 5.37794448974e-07, 5.57931002731e-07, 2.7048404263e-06, 3.92380741232e-07, 2.16490704474e-07, 5.0331368584e-07, 5.91549493834e-08, 1.29860652009e-07, 1.61782793384e-07, 4.0395818246e-08, 2.3447302766e-08, 9.7264187815e-09, 5.62402213689e-09, 1.75971304195e-09, 4.35114444475e-10, 1.94765620298e-10, 1.19900409046e-10, 8.58924736891e-12, 7.17011790653e-13],
        "min": [4.76200242433e-13, 1.67985373875e-12, 2.53530443167e-12, 2.65166230987e-12, 4.64829823937e-12, 2.40907510954e-12, 1.69737542164e-12, 9.1553696048e-13, 6.07858164844e-13, 5.17962463285e-13, 1.20684346305e-13, 2.67283835039e-13, 9.2020304137e-14, 7.56502946766e-14, 8.69633751403e-14, 2.03666903763e-14, 7.41352034557e-15, 1.17260767882e-14, 6.77133299925e-15, 4.09544749865e-15, 3.96984352401e-15, 1.84339272091e-15, 1.17286428745e-15, 1.04708370643e-15, 1.03444481019e-15, 9.53692077126e-16, 1.47384328392e-16],
        "skew": [1.4027775526, 3.36216616631, 1.77779960632, 2.14589095116, 1.21055746078, 0.55674380064, 0.933319568634, 0.862234950066, 0.847778916359, 0.941235184669, 0.980713307858, 0.89056801796, 0.956213772297, 1.38529157639, 0.509494960308, 1.32129514217, 1.17660188675, 1.83163380623, 1.14414203167, 2.13184070587, 2.02161598206, 1.78419911861, 1.27586722374, 1.22641432285, 1.26106631756, 2.19956278801, 2.47579264641],
        "var": [3.48797765056e-16, 1.20338146999e-13, 6.82417880885e-13, 1.14375241049e-12, 3.79701131648e-12, 2.45484752318e-12, 8.44692038537e-10, 9.79749970043e-09, 1.46531156891e-13, 1.6910299929e-13, 2.57223820022e-09, 8.40249636362e-14, 2.26877622456e-14, 1.90745466297e-12, 1.32495032368e-15, 2.56748489136e-09, 5.39036122404e-08, 5.16897025182e-10, 3.41341233057e-10, 1.40611112164e-12, 1.10687995499e-13, 1.21066839279e-13, 1.58050005798e-15, 4.07537091198e-16, 1.94404401153e-18, 4.69104656987e-22, 3.80959586114e-22],
        "cov": [[3.50964210637e-16, 1.64552105987e-15, 1.59182340618e-15, 5.19357828093e-16, 9.25173515408e-15, 5.32892355798e-15, 7.08719582044e-14, 2.8266299891e-13, 1.94175272785e-15, 1.41067545777e-15, 2.72374675847e-14, 6.64797249724e-16, 5.82018360915e-16, 4.52273030428e-15, 1.45656632643e-16, 5.36896746408e-14, 3.94086212231e-13, 2.51616032832e-14, 3.28283136352e-14, 4.33232619159e-15, 4.69016913032e-16, 5.8130918258e-16, 1.46517165178e-16, 3.8577003852e-17, 3.85376044122e-18, 1.85161714401e-20, 1.6808756353e-21], [1.64552105987e-15, 1.21085595977e-13, 2.743335073e-14, 2.67755059796e-14, 1.88827360866e-13, 1.51298922392e-13, -1.17394191156e-12, -3.88918628205e-12, 4.38478226438e-14, 3.03836647411e-14, -2.08183058466e-12, 1.63335616327e-14, 1.26581543844e-14, -2.6720633703e-16, 4.68762305516e-15, -1.40019332934e-12, -8.14228545698e-12, -4.03288974481e-13, -8.43234553363e-13, -2.38148768013e-14, -1.48069374229e-15, -5.92639518799e-15, -8.38572146902e-16, -6.35156390526e-16, -3.43998608726e-17, -2.13751095855e-19, -4.22486504518e-19], [1.59182340618e-15, 2.743335073e-14, 6.86656515068e-13, 2.93368248531e-13, 2.95607126017e-13, 1.13690754402e-13, 3.13216705176e-12, 9.4388455385e-12, 6.3047948752e-14, 4.23494315245e-14, 5.07391914942e-12, 4.72731120742e-14, 1.75129245686e-14, 2.49961184563e-13, 4.1579132139e-15, 1.87980642337e-12, 1.0948952682e-11, -1.90023222309e-13, 2.34635011073e-12, 6.72004159675e-14, 3.63224795497e-15, 2.47549292127e-14, 3.09806133282e-15, 1.9393221668e-15, 1.61440840152e-16, 1.19190873966e-18, 1.03928678221e-18], [5.19357828093e-16, 2.67755059796e-14, 2.93368248531e-13, 1.15085653681e-12, 7.30534068568e-13, 2.71131966705e-13, 3.6318749657e-12, 1.03048966929e-11, 1.03717212499e-13, 8.45490601901e-14, 8.58830020989e-12, 1.07567532897e-13, 4.10500152208e-14, 3.35216907401e-13, 5.28029709055e-15, 5.47408776294e-12, 2.2196740973e-11, 1.44669768786e-12, 2.87096301593e-12, 1.64157736341e-13, 1.75632078325e-14, 6.80121378053e-14, 4.5177510211e-15, 4.06023464497e-15, 3.06343017902e-16, 3.91627213447e-18, 3.2058428955e-18], [9.25173515408e-15, 1.88827360866e-13, 2.95607126017e-13, 7.30534068568e-13, 3.82059531581e-12, 5.72994505576e-13, 6.49534939723e-12, 1.83318360492e-11, 2.92785625388e-13, 3.12602293226e-13, 1.18233565299e-11, 1.31120849313e-13, 6.5089508219e-14, 5.53984375734e-13, 3.11209256065e-14, 7.76082063197e-12, 2.78823665545e-11, 1.92074524688e-12, 4.09780846408e-12, 2.18725523262e-13, 5.72776147258e-14, 6.37911761175e-14, 7.59730955447e-15, 3.18049796738e-15, 3.83469126458e-16, 7.58787665146e-18, 5.09639913387e-18], [5.32892355798e-15, 1.51298922392e-13, 1.13690754402e-13, 2.71131966705e-13, 5.72994505576e-13, 2.47009509201e-12, 9.95332115339e-12, 3.48613256318e-11, 1.63511863554e-13, 1.04872138534e-13, 2.01948787554e-11, 1.27883624914e-13, 6.38936467753e-14, 5.26417722347e-13, 2.13103240431e-14, 1.28481929956e-11, 6.92075910469e-11, 5.88955446912e-12, 6.69991666313e-12, 2.63117218985e-13, 5.80165865978e-14, 8.3314933186e-14, 9.60202478238e-15, 5.26544690892e-15, 3.27097389752e-16, 6.51274947747e-18, 4.34616534344e-18], [7.08719582044e-14, -1.17394191156e-12, 3.13216705176e-12, 3.6318749657e-12, 6.49534939723e-12, 9.95332115339e-12, 8.49938619485e-10, 2.85590928684e-09, 1.88240720754e-12, 1.37399867959e-12, 1.32874389269e-09, 3.03372648183e-12, 1.11461220028e-12, 2.99472877052e-11, 3.3246403677e-13, 1.23036802968e-09, 6.18016215981e-09, 4.7491460764e-10, 4.8694087651e-10, 2.66608402022e-11, 6.51226078272e-12, 6.88574544605e-12, 1.01768767025e-12, 5.00383859781e-13, 3.56416488662e-14, 4.61918247538e-16, 3.77795964475e-16], [2.8266299891e-13, -3.88918628205e-12, 9.4388455385e-12, 1.03048966929e-11, 1.83318360492e-11, 3.48613256318e-11, 2.85590928684e-09, 9.85835413303e-09, 6.88162027362e-12, 5.49769561473e-12, 4.56637927471e-09, 1.02014265091e-11, 3.44225342674e-12, 1.0319258642e-10, 1.19610343765e-12, 4.3282990525e-09, 2.15036148887e-08, 1.69720082432e-09, 1.66913249888e-09, 8.74076644397e-11, 2.34685257339e-11, 2.45316995884e-11, 3.47903108232e-12, 1.73178084286e-12, 1.19558077089e-13, 1.57129132754e-15, 1.27266954435e-15], [1.94175272785e-15, 4.38478226438e-14, 6.3047948752e-14, 1.03717212499e-13, 2.92785625388e-13, 1.63511863554e-13, 1.88240720754e-12, 6.88162027362e-12, 1.47441290405e-13, 7.49443096557e-14, 4.50179780606e-12, 3.04282390029e-14, 2.16470789319e-14, 1.51581221533e-13, 5.88446748062e-15, 4.06485478957e-12, 1.5675086229e-11, 1.65022791439e-12, 1.53443197818e-12, 7.90414283504e-14, 2.73088199461e-14, 2.7764815051e-14, 3.23642522355e-15, 1.78351850297e-15, 1.26968160916e-16, 1.07878972294e-18, 4.68453060404e-19], [1.41067545777e-15, 3.03836647411e-14, 4.23494315245e-14, 8.45490601901e-14, 3.12602293226e-13, 1.04872138534e-13, 1.37399867959e-12, 5.49769561473e-12, 7.49443096557e-14, 1.70153320145e-13, 3.01810161064e-12, 3.37950899361e-14, 2.17661107779e-14, 1.43922092126e-13, 7.17511699334e-15, 3.14903290076e-12, 9.98396677832e-12, 1.49934340117e-12, 9.46512833389e-13, 5.56415773645e-14, 2.97409496932e-14, 1.54447055866e-14, 2.4745900265e-15, 1.25736863531e-15, 9.65000218435e-17, 1.63056520344e-18, 9.7467549777e-19], [2.72374675847e-14, -2.08183058466e-12, 5.07391914942e-12, 8.58830020989e-12, 1.18233565299e-11, 2.01948787554e-11, 1.32874389269e-09, 4.56637927471e-09, 4.50179780606e-12, 3.01810161064e-12, 2.58821475363e-09, 5.42874339232e-12, 1.73253631493e-12, 5.35521453571e-11, 6.16548533148e-13, 2.10394857092e-09, 1.03097272941e-08, 7.85453424523e-10, 8.82181550033e-10, 4.16542633719e-11, 1.04474328494e-11, 1.25795936168e-11, 1.64801776826e-12, 8.38128394812e-13, 6.00474463447e-14, 7.29130196161e-16, 5.80990168796e-16], [6.64797249724e-16, 1.63335616327e-14, 4.72731120742e-14, 1.07567532897e-13, 1.31120849313e-13, 1.27883624914e-13, 3.03372648183e-12, 1.02014265091e-11, 3.04282390029e-14, 3.37950899361e-14, 5.42874339232e-12, 8.45468579045e-14, 2.1793314088e-14, 1.45141480757e-13, 3.99302554522e-15, 4.81650006337e-12, 2.21292168617e-11, 1.77974952484e-12, 1.74206059734e-12, 8.98338478258e-14, 3.44593467259e-14, 3.72289648924e-14, 3.72149727552e-15, 1.93987422053e-15, 1.58709873581e-16, 2.27181143412e-18, 1.67563176097e-18], [5.82018360915e-16, 1.26581543844e-14, 1.75129245686e-14, 4.10500152208e-14, 6.5089508219e-14, 6.38936467753e-14, 1.11461220028e-12, 3.44225342674e-12, 2.16470789319e-14, 2.17661107779e-14, 1.73253631493e-12, 2.1793314088e-14, 2.2828681423e-14, 7.30256173999e-14, 1.72552596872e-15, 1.60006914402e-12, 6.97134624333e-12, 7.31486052286e-13, 5.59490496467e-13, 4.07950684681e-14, 1.25718053047e-14, 1.62469559019e-14, 1.52269514153e-15, 7.77050820454e-16, 5.8859326888e-17, 5.97911375762e-19, 3.09991440475e-19], [4.52273030428e-15, -2.6720633703e-16, 2.49961184563e-13, 3.35216907401e-13, 5.53984375734e-13, 5.26417722347e-13, 2.99472877052e-11, 1.0319258642e-10, 1.51581221533e-13, 1.43922092126e-13, 5.35521453571e-11, 1.45141480757e-13, 7.30256173999e-14, 1.91930217379e-12, 1.85039971626e-14, 5.51463354148e-11, 2.56214049976e-10, 2.3125387022e-11, 1.99203518264e-11, 8.14757332782e-13, 3.05838931654e-13, 3.74783835693e-13, 4.07346919596e-14, 2.16292980163e-14, 1.4068430572e-15, 1.93972844483e-17, 1.55424209618e-17], [1.45656632643e-16, 4.68762305516e-15, 4.1579132139e-15, 5.28029709055e-15, 3.11209256065e-14, 2.13103240431e-14, 3.3246403677e-13, 1.19610343765e-12, 5.88446748062e-15, 7.17511699334e-15, 6.16548533148e-13, 3.99302554522e-15, 1.72552596872e-15, 1.85039971626e-14, 1.33317988403e-15, 4.54854253221e-13, 2.17408599804e-12, 1.88507209516e-13, 2.02095135873e-13, 1.02024483222e-14, 3.16284071856e-15, 2.68397297117e-15, 4.15783962791e-16, 1.83576960968e-16, 1.61837555974e-17, 2.85270992773e-19, 2.08084365822e-19], [5.36896746408e-14, -1.40019332934e-12, 1.87980642337e-12, 5.47408776294e-12, 7.76082063197e-12, 1.28481929956e-11, 1.23036802968e-09, 4.3282990525e-09, 4.06485478957e-12, 3.14903290076e-12, 2.10394857092e-09, 4.81650006337e-12, 1.60006914402e-12, 5.51463354148e-11, 4.54854253221e-13, 2.58343213488e-09, 1.13677351976e-08, 1.10356812577e-09, 7.08144154427e-10, 3.51279387523e-11, 1.54929714891e-11, 1.54543444014e-11, 1.69680935969e-12, 9.45378215815e-13, 5.55642127632e-14, 8.24854765959e-16, 6.55943108447e-16], [3.94086212231e-13, -8.14228545698e-12, 1.0948952682e-11, 2.2196740973e-11, 2.78823665545e-11, 6.92075910469e-11, 6.18016215981e-09, 2.15036148887e-08, 1.5675086229e-11, 9.98396677832e-12, 1.03097272941e-08, 2.21292168617e-11, 6.97134624333e-12, 2.56214049976e-10, 2.17408599804e-12, 1.13677351976e-08, 5.42384164248e-08, 4.77861883397e-09, 3.68837316245e-09, 1.88392787481e-10, 6.40055716761e-11, 6.75688879848e-11, 8.35056416376e-12, 4.26623710317e-12, 2.71386022379e-13, 3.67591927966e-15, 2.90209242542e-15], [2.51616032832e-14, -4.03288974481e-13, -1.90023222309e-13, 1.44669768786e-12, 1.92074524688e-12, 5.88955446912e-12, 4.7491460764e-10, 1.69720082432e-09, 1.65022791439e-12, 1.49934340117e-12, 7.85453424523e-10, 1.77974952484e-12, 7.31486052286e-13, 2.3125387022e-11, 1.88507209516e-13, 1.10356812577e-09, 4.77861883397e-09, 5.20107568125e-10, 2.58368354489e-10, 1.20330134745e-11, 6.74108381962e-12, 6.81551863557e-12, 6.89514363574e-13, 3.87731676193e-13, 2.05697868542e-14, 3.22267475538e-16, 2.47238197043e-16], [3.28283136352e-14, -8.43234553363e-13, 2.34635011073e-12, 2.87096301593e-12, 4.09780846408e-12, 6.69991666313e-12, 4.8694087651e-10, 1.66913249888e-09, 1.53443197818e-12, 9.46512833389e-13, 8.82181550033e-10, 1.74206059734e-12, 5.59490496467e-13, 1.99203518264e-11, 2.02095135873e-13, 7.08144154427e-10, 3.68837316245e-09, 2.58368354489e-10, 3.434613427e-10, 1.56389814293e-11, 3.41595306728e-12, 4.04821705671e-12, 6.19098522447e-13, 2.90697262269e-13, 2.1568824946e-14, 2.40610005412e-16, 1.93154640435e-16], [4.33232619159e-15, -2.38148768013e-14, 6.72004159675e-14, 1.64157736341e-13, 2.18725523262e-13, 2.63117218985e-13, 2.66608402022e-11, 8.74076644397e-11, 7.90414283504e-14, 5.56415773645e-14, 4.16542633719e-11, 8.98338478258e-14, 4.07950684681e-14, 8.14757332782e-13, 1.02024483222e-14, 3.51279387523e-11, 1.88392787481e-10, 1.20330134745e-11, 1.56389814293e-11, 1.4148446954e-12, 1.68547494754e-13, 1.87035987826e-13, 3.90073546109e-14, 1.79281909414e-14, 1.45659671373e-15, 1.27918196047e-17, 1.05362957705e-17], [4.69016913032e-16, -1.48069374229e-15, 3.63224795497e-15, 1.75632078325e-14, 5.72776147258e-14, 5.80165865978e-14, 6.51226078272e-12, 2.34685257339e-11, 2.73088199461e-14, 2.97409496932e-14, 1.04474328494e-11, 3.44593467259e-14, 1.25718053047e-14, 3.05838931654e-13, 3.16284071856e-15, 1.54929714891e-11, 6.40055716761e-11, 6.74108381962e-12, 3.41595306728e-12, 1.68547494754e-13, 1.11375494873e-13, 9.14593176042e-14, 9.16403082162e-15, 5.39669085245e-15, 2.96564922498e-16, 5.20380109179e-18, 4.14119329637e-18], [5.8130918258e-16, -5.92639518799e-15, 2.47549292127e-14, 6.80121378053e-14, 6.37911761175e-14, 8.3314933186e-14, 6.88574544605e-12, 2.45316995884e-11, 2.7764815051e-14, 1.54447055866e-14, 1.25795936168e-11, 3.72289648924e-14, 1.62469559019e-14, 3.74783835693e-13, 2.68397297117e-15, 1.54543444014e-11, 6.75688879848e-11, 6.81551863557e-12, 4.04821705671e-12, 1.87035987826e-13, 9.14593176042e-14, 1.21818801249e-13, 1.0169277665e-14, 6.06375005072e-15, 3.2573933124e-16, 4.19322212972e-18, 3.1156134139e-18], [1.46517165178e-16, -8.38572146902e-16, 3.09806133282e-15, 4.5177510211e-15, 7.59730955447e-15, 9.60202478238e-15, 1.01768767025e-12, 3.47903108232e-12, 3.23642522355e-15, 2.4745900265e-15, 1.64801776826e-12, 3.72149727552e-15, 1.52269514153e-15, 4.07346919596e-14, 4.15783962791e-16, 1.69680935969e-12, 8.35056416376e-12, 6.89514363574e-13, 6.19098522447e-13, 3.90073546109e-14, 9.16403082162e-15, 1.0169277665e-14, 1.59031685221e-15, 7.10983521118e-16, 5.00911495292e-17, 5.72456391676e-19, 4.5871988463e-19], [3.8577003852e-17, -6.35156390526e-16, 1.9393221668e-15, 4.06023464497e-15, 3.18049796738e-15, 5.26544690892e-15, 5.00383859781e-13, 1.73178084286e-12, 1.78351850297e-15, 1.25736863531e-15, 8.38128394812e-13, 1.93987422053e-15, 7.77050820454e-16, 2.16292980163e-14, 1.83576960968e-16, 9.45378215815e-13, 4.26623710317e-12, 3.87731676193e-13, 2.90697262269e-13, 1.79281909414e-14, 5.39669085245e-15, 6.06375005072e-15, 7.10983521118e-16, 4.10068369752e-16, 2.40722313378e-17, 2.95184442221e-19, 2.36777529362e-19], [3.85376044122e-18, -3.43998608726e-17, 1.61440840152e-16, 3.06343017902e-16, 3.83469126458e-16, 3.27097389752e-16, 3.56416488662e-14, 1.19558077089e-13, 1.26968160916e-16, 9.65000218435e-17, 6.00474463447e-14, 1.58709873581e-16, 5.8859326888e-17, 1.4068430572e-15, 1.61837555974e-17, 5.55642127632e-14, 2.71386022379e-13, 2.05697868542e-14, 2.1568824946e-14, 1.45659671373e-15, 2.96564922498e-16, 3.2573933124e-16, 5.00911495292e-17, 2.40722313378e-17, 1.95611878052e-18, 2.07845317087e-20, 1.71208679963e-20], [1.85161714401e-20, -2.13751095855e-19, 1.19190873966e-18, 3.91627213447e-18, 7.58787665146e-18, 6.51274947747e-18, 4.61918247538e-16, 1.57129132754e-15, 1.07878972294e-18, 1.63056520344e-18, 7.29130196161e-16, 2.27181143412e-18, 5.97911375762e-19, 1.93972844483e-17, 2.85270992773e-19, 8.24854765959e-16, 3.67591927966e-15, 3.22267475538e-16, 2.40610005412e-16, 1.27918196047e-17, 5.20380109179e-18, 4.19322212972e-18, 5.72456391676e-19, 2.95184442221e-19, 2.07845317087e-20, 4.72018317896e-22, 4.18069142952e-22], [1.6808756353e-21, -4.22486504518e-19, 1.03928678221e-18, 3.2058428955e-18, 5.09639913387e-18, 4.34616534344e-18, 3.77795964475e-16, 1.27266954435e-15, 4.68453060404e-19, 9.7467549777e-19, 5.80990168796e-16, 1.67563176097e-18, 3.09991440475e-19, 1.55424209618e-17, 2.08084365822e-19, 6.55943108447e-16, 2.90209242542e-15, 2.47238197043e-16, 1.93154640435e-16, 1.05362957705e-17, 4.14119329637e-18, 3.1156134139e-18, 4.5871988463e-19, 2.36777529362e-19, 1.71208679963e-20, 4.18069142952e-22, 3.8332581542e-22]]
    },
    "mfcc": {
        "kurt": [-1.23218142986, 6.92223072052, -1.63918280602, -1.49077939987, -0.525979757309, -1.598523736, -0.31898188591, -1.04256010056, -0.0358583927155, -0.277638912201, -0.363351345062, -0.833379745483, -1.18631887436],
        "max": [-858.744995117, 137.793884277, 48.0907020569, 50.996055603, 11.9699554443, 11.150177002, 9.25008010864, 24.1983661652, 3.53076553345, 4.90713500977, 18.5720787048, 22.8362369537, 42.6422538757],
        "mean": [-970.629455566, 107.376167297, -12.1164236069, 8.51489543915, -5.64908885956, -23.2870044708, -6.70717144012, 2.70746231079, -9.6886472702, -13.3329772949, -2.39618372917, 2.66233420372, 10.4328861237],
        "median": [-1004.79144287, 112.061912537, 16.0333251953, -2.24691390991, -5.17768096924, -9.39444732666, -4.52608108521, 0.563320159912, -9.45272445679, -13.4500312805, -3.80865478516, 1.35593414307, 2.94244384766],
        "min": [-1138.42004395, 1.14440917969e-05, -91.1363983154, -29.065864563, -24.882106781, -68.3016204834, -33.3797454834, -18.5390625, -23.5162658691, -34.2418289185, -19.4837093353, -12.0238342285, -12.1787147522],
        "skew": [0.0646485239267, -2.42798113823, -0.423275917768, 0.387067019939, 0.0619786418974, -0.360625714064, -0.686744332314, 0.27178800106, 0.0562535375357, -0.231138750911, 0.492467939854, 0.285490870476, 0.613987326622],
        "var": [6348.15722656, 615.593566895, 2674.30908203, 582.860595703, 53.4317855835, 741.06060791, 104.326072693, 104.837722778, 29.7094993591, 56.1205635071, 56.9787330627, 68.1826858521, 255.326889038],
        "cov": [[6387.58642578, 546.66229248, -3805.74487305, 1647.81518555, 296.416595459, -1960.06115723, -592.67364502, 695.82635498, 2.9764919281, -387.726501465, 284.77557373, 477.462158203, 1124.81420898], [546.66229248, 619.417114258, 142.260147095, -126.559906006, -22.0724239349, 26.7512989044, 43.0355911255, -0.760616719723, -31.2737083435, -8.52810573578, -4.56068849564, 5.64243173599, -24.8726577759], [-3805.74487305, 142.260147095, 2690.91967773, -1185.55517578, -227.899124146, 1352.40148926, 419.770996094, -467.863708496, -18.1350650787, 245.552841187, -188.726379395, -324.605529785, -775.05847168], [1647.81518555, -126.559906006, -1185.55517578, 586.480834961, 111.004066467, -607.961914062, -190.750869751, 211.023178101, 17.5179691315, -102.889846802, 82.6074905396, 135.532592773, 345.089904785], [296.416595459, -22.0724239349, -227.899124146, 111.004066467, 53.7636604309, -99.0475997925, -27.7760944366, 47.5970497131, 5.39997577667, -17.0000190735, 15.5102157593, 26.136100769, 57.1985816956], [-1960.06115723, 26.7512989044, 1352.40148926, -607.961914062, -99.0475997925, 745.663452148, 219.318084717, -233.991500854, 3.88536572456, 113.22052002, -95.2866668701, -174.464981079, -399.733734131], [-592.67364502, 43.0355911255, 419.770996094, -190.750869751, -27.7760944366, 219.318084717, 104.974060059, -66.1356582642, -5.81659793854, 47.1255073547, -45.1174545288, -52.2152442932, -124.02306366], [695.82635498, -0.760616719723, -467.863708496, 211.023178101, 47.5970497131, -233.991500854, -66.1356582642, 105.488891602, 16.0932331085, -44.8111495972, 40.1657180786, 59.5485076904, 127.294578552], [2.9764919281, -31.2737083435, -18.1350650787, 17.5179691315, 5.39997577667, 3.88536572456, -5.81659793854, 16.0932331085, 29.8940315247, 7.11635065079, 4.93645572662, 1.12798666954, -0.55150026083], [-387.726501465, -8.52810573578, 245.552841187, -102.889846802, -17.0000190735, 113.22052002, 47.1255073547, -44.8111495972, 7.11635065079, 56.4691390991, -9.25167942047, -25.3983974457, -66.234375], [284.77557373, -4.56068849564, -188.726379395, 82.6074905396, 15.5102157593, -95.2866668701, -45.1174545288, 40.1657180786, 4.93645572662, -9.25167942047, 57.3326377869, 38.5433654785, 50.9105567932], [477.462158203, 5.64243173599, -324.605529785, 135.532592773, 26.136100769, -174.464981079, -52.2152442932, 59.5485076904, 1.12798666954, -25.3983974457, 38.5433654785, 68.6061859131, 105.428268433], [1124.81420898, -24.8726577759, -775.05847168, 345.089904785, 57.1985816956, -399.733734131, -124.02306366, 127.294578552, -0.55150026083, -66.234375, 50.9105567932, 105.428268433, 256.912780762]]
    },
    "sccoeffs": {
        "kurt": [0.841649055481, -1.35154187679, -1.30931973457, -1.39359307289, -1.55626356602, -1.25111198425],
        "max": [-0.649997591972, -0.540543198586, -0.630228936672, -0.612478852272, -0.49782577157, -0.69118976593],
        "mean": [-0.803630888462, -0.763665258884, -0.802141547203, -0.780133664608, -0.749813437462, -0.815696239471],
        "median": [-0.80762130022, -0.806845903397, -0.837363123894, -0.828396439552, -0.840319037437, -0.857276022434],
        "min": [-0.959913671017, -0.965589642525, -0.946373701096, -0.921585321426, -0.928637504578, -0.941998064518],
        "skew": [0.401115328074, 0.374681830406, 0.424111664295, 0.514500081539, 0.481399089098, 0.577105998993],
        "var": [0.00201946892776, 0.012155296281, 0.00822362676263, 0.00898972712457, 0.0234730914235, 0.00440263049677],
        "cov": [[0.00203201221302, 0.000781878829002, 0.000605376379099, 0.000572372286115, 0.000903675274458, 0.000448938633781], [0.000781878829002, 0.0122307958081, 0.00878506526351, 0.00923026911914, 0.0156905595213, 0.00674659991637], [0.000605376379099, 0.00878506526351, 0.00827470514923, 0.00798100885004, 0.0131533546373, 0.00552611704916], [0.000572372286115, 0.00923026911914, 0.00798100885004, 0.00904556363821, 0.0142249278724, 0.00614193966612], [0.000903675274458, 0.0156905595213, 0.0131533546373, 0.0142249278724, 0.0236188862473, 0.0100162159652], [0.000448938633781, 0.00674659991637, 0.00552611704916, 0.00614193966612, 0.0100162159652, 0.00442997599021]]
    },
    "scvalleys": {
        "kurt": [13.0372867584, 20.6219215393, 29.7136039734, 33.1966743469, 19.8362178802, 15.7099285126],
        "max": [-7.95270633698, -7.64171409607, -8.31377792358, -9.63129615784, -10.1343240738, -12.5445671082],
        "mean": [-9.01298427582, -8.60293292999, -9.14273452759, -10.3331308365, -11.6979455948, -14.0056562424],
        "median": [-8.84041404724, -8.43581295013, -8.96918106079, -10.1634140015, -11.6030960083, -14.0078487396],
        "min": [-14.2729415894, -14.7146196365, -15.9635896683, -17.2080783844, -18.888874054, -19.9705581665],
        "skew": [-2.98462486267, -3.76378202438, -4.69969987869, -5.02856016159, -3.45638632774, -3.09986710548],
        "var": [0.666852176189, 0.688533425331, 0.701040029526, 0.673957645893, 0.940194010735, 0.769259870052],
        "cov": [[0.670994102955, 0.550608038902, 0.580843985081, 0.564922094345, 0.643683969975, 0.584368407726], [0.550608038902, 0.692809998989, 0.614875435829, 0.618272781372, 0.724302887917, 0.648126959801], [0.580843985081, 0.614875435829, 0.705394327641, 0.648430228233, 0.733947575092, 0.657018363476], [0.564922094345, 0.618272781372, 0.648430228233, 0.678143680096, 0.757344305515, 0.677580952644], [0.643683969975, 0.724302887917, 0.733947575092, 0.757344305515, 0.946033716202, 0.841525554657], [0.584368407726, 0.648126959801, 0.657018363476, 0.677580952644, 0.841525554657, 0.774037837982]]
    }
},
"rhythm": {
    "beats_loudness": {
        "kurt": -1.66490542889,
        "max": 0.00111236853991,
        "mean": 0.000486839504447,
        "median": 0.000535623286851,
        "min": 8.83097436599e-06,
        "skew": 0.0596273168921,
        "var": 1.91399180949e-07
    },
    "bpm": 127.938743591,
    "confidence": 0,
    "first_peak_bpm": {
        "kurt": 0,
        "max": 129,
        "mean": 129,
        "median": 129,
        "min": 129,
        "skew": 0,
        "var": 0
    },
    "first_peak_spread": {
        "kurt": 0,
        "max": 0.400000035763,
        "mean": 0.400000035763,
        "median": 0.400000035763,
        "min": 0.400000035763,
        "skew": 0,
        "var": 0
    },
    "first_peak_weight": {
        "kurt": 0,
        "max": 0.5,
        "mean": 0.5,
        "median": 0.5,
        "min": 0.5,
        "skew": 0,
        "var": 0
    },
    "onset_rate": 1.61115515232,
    "second_peak_bpm": {
        "kurt": 0,
        "max": 120,
        "mean": 120,
        "median": 120,
        "min": 120,
        "skew": 0,
        "var": 0
    },
    "second_peak_spread": {
        "kurt": 0,
        "max": 0,
        "mean": 0,
        "median": 0,
        "min": 0,
        "skew": 0,
        "var": 0
    },
    "second_peak_weight": {
        "kurt": 0,
        "max": 0.166666671634,
        "mean": 0.166666671634,
        "median": 0.166666671634,
        "min": 0.166666671634,
        "skew": 0,
        "var": 0
    },
    "beats_loudness_band_ratio": {
        "kurt": [0.282557249069, -1.90684962273, -0.615284442902, 1.96681880951, -1.79921782017, -1.83106660843],
        "max": [0.399854212999, 0.452755481005, 0.425084114075, 0.324111223221, 0.759898126125, 0.0453374870121],
        "mean": [0.103197850287, 0.19186720252, 0.226457566023, 0.140492215753, 0.370644986629, 0.0233167354017],
        "median": [0.00890527758747, 0.0144344726577, 0.218721807003, 0.115357100964, 0.546976983547, 0.0269000455737],
        "min": [0.00133327790536, 0.00267196609639, 0.0453669987619, 0.0960582345724, 0.0131674138829, 0.00101212144364],
        "skew": [1.26089811325, 0.292800158262, 0.156488493085, 1.95021390915, -0.152615502477, -0.0814492255449],
        "var": [0.018816312775, 0.0449271388352, 0.0127808349207, 0.00574322324246, 0.097336307168, 0.000398004427552],
        "cov": [[0.0219523664564, 0.0271096676588, 0.000735817186069, 0.00180036586244, -0.0400971807539, -0.00251136696897], [0.0271096676588, 0.0524149946868, 0.00759199494496, 0.00816872622818, -0.0751157775521, -0.00472288625315], [0.000735817186069, 0.00759199494496, 0.0149109736085, -0.00355995236896, -0.0162901040167, -0.000631622853689], [0.00180036586244, 0.00816872622818, -0.00355995236896, 0.00670042680576, -0.0110762501135, -0.000720478652511], [-0.0400971807539, -0.0751157775521, -0.0162901040167, -0.0110762501135, 0.113559029996, 0.00672422302887], [-0.00251136696897, -0.00472288625315, -0.000631622853689, -0.000720478652511, 0.00672422302887, 0.00046433848911]]
    },
    "beats_position": [0.49922901392, 0.99845802784, 1.47446703911, 1.95047616959, 2.41487526894, 2.87927436829, 3.34367346764],
    "bpm_estimates": [126.048034668, 126.04800415, 129.19921875, 129.19921875, 129.19921875],
    "bpm_intervals": [0.49922901392, 0.476009011269, 0.476009130478, 0.46439909935, 0.46439909935, 0.46439909935],
    "onset_times": [0.0580498874187, 0.27863946557, 0.545668959618, 0.719818592072, 0.847528338432, 1.02167797089],
    "histogram": [[0, 0, 0, 0, 0, 0, 0, 0, 0, 0, 0, 0, 0, 0, 0, 0, 0, 0, 0, 0, 0, 0, 0, 0, 0, 0, 0, 0, 0, 0, 0, 0, 0, 0, 0, 0, 0, 0, 0, 0, 0, 0, 0, 0, 0, 0, 0, 0, 0, 0, 0, 0, 0, 0, 0, 0, 0, 0, 0, 0, 0, 0, 0, 0, 0, 0, 0, 0, 0, 0, 0, 0, 0, 0, 0, 0, 0, 0, 0, 0, 0, 0, 0, 0, 0, 0, 0, 0, 0, 0, 0, 0, 0, 0, 0, 0, 0, 0, 0, 0, 0, 0, 0, 0, 0, 0, 0, 0, 0, 0, 0, 0, 0, 0, 0, 0, 0, 0, 0, 0, 0.166666671634, 0, 0, 0, 0, 0, 0.333333343267, 0, 0, 0.5, 0, 0, 0, 0, 0, 0, 0, 0, 0, 0, 0, 0, 0, 0, 0, 0, 0, 0, 0, 0, 0, 0, 0, 0, 0, 0, 0, 0, 0, 0, 0, 0, 0, 0, 0, 0, 0, 0, 0, 0, 0, 0, 0, 0, 0, 0, 0, 0, 0, 0, 0, 0, 0, 0, 0, 0, 0, 0, 0, 0, 0, 0, 0, 0, 0, 0, 0, 0, 0, 0, 0, 0, 0, 0, 0, 0, 0, 0, 0, 0, 0, 0, 0, 0, 0, 0, 0, 0, 0, 0, 0, 0, 0, 0, 0, 0, 0, 0, 0, 0, 0, 0, 0, 0, 0, 0, 0, 0, 0, 0, 0, 0, 0, 0, 0, 0, 0, 0, 0, 0]]
},
"sfx": {
    "inharmonicity": {
        "kurt": 0.677929878235,
        "max": 0.310786038637,
        "mean": 0.0614159964025,
        "median": 0.0231546293944,
        "min": 0.000217149223317,
        "skew": 1.21322417259,
        "var": 0.00530610699207
    },
    "oddtoevenharmonicenergyratio": {
        "kurt": 5.20698642731,
        "max": 4.29714393616,
        "mean": 0.69847869873,
        "median": 0.368333160877,
        "min": 0.0225727967918,
        "skew": 2.26451659203,
        "var": 0.628903687
    },
    "pitch_after_max_to_before_max_energy_ratio": 5.01091575623,
    "pitch_centroid": 74.592300415,
    "pitch_max_to_total": 0.216049388051,
    "pitch_min_to_total": 0.814814805984,
    "tristimulus": {
        "kurt": [0.143895626068, 1.15604925156, 0.0504105091095],
        "max": [0.656212925911, 0.640786290169, 0.974969804287],
        "mean": [0.260836929083, 0.355345517397, 0.383817493916],
        "median": [0.24029019475, 0.341443270445, 0.429736584425],
        "min": [0, 0, 0.061057806015],
        "skew": [0.465036392212, 0.0153346657753, 0.00772226555273],
        "var": [0.0228937715292, 0.00996410101652, 0.0257501509041],
        "cov": [[0.0230359695852, -0.00357593875378, -0.0194600336254], [-0.00357593875378, 0.0100259901956, -0.00645005423576], [-0.0194600336254, -0.00645005423576, 0.0259100906551]]
    }
},
"tonal": {
    "chords_changes_rate": 0.0121951214969,
    "chords_number_rate": 0.0243902429938,
    "chords_strength": {
        "kurt": -1.03583729267,
        "max": 0.629454553127,
        "mean": 0.558145105839,
        "median": 0.564902842045,
        "min": 0.452013939619,
        "skew": -0.349176615477,
        "var": 0.0023094008211
    },
    "key_strength": 0.555691123009,
    "tuning_diatonic_strength": 0.427475661039,
    "tuning_equal_tempered_deviation": 0.200378417969,
    "tuning_frequency": 433.691802979,
    "tuning_nontempered_energy_ratio": 0.768100500107,
    "hpcp": {
        "kurt": [7.78694725037, 4.52594804764, 5.64350700378, 2.57024145126, 2.38545179367, 3.69250631332, 4.40007209778, 5.92549991608, 0.109517097473, -1.27438259125, 0.322561502457, 5.72470378876, 4.77821493149, 1.4060292244, 6.97690391541, 12.1032962799, 10.7911863327, 2.62780237198, 6.91702365875, 5.69259929657, -1.49698066711, -1.40071630478, 1.63485240936, 4.01845645905, 1.22323608398, 3.9486451149, 2.72661876678, 2.82405519485, 3.0768237114, 2.96867656708, -0.131249666214, -0.247894525528, 2.17948150635, 2.13548183441, 2.62610149384, 3.2558889389],
        "max": [1, 0.824979960918, 1, 0.923778295517, 1, 1, 0.70142519474, 0.841805458069, 1, 1, 1, 1, 0.73828959465, 0.571582078934, 1, 1, 0.943274974823, 0.61127024889, 1, 1, 1, 1, 0.508698344231, 0.498665779829, 0.552681863308, 0.751595258713, 0.809642314911, 1, 1, 0.805199146271, 1, 1, 0.80938321352, 0.337689399719, 0.463443517685, 0.669943034649],
        "mean": [0.113737650216, 0.129009261727, 0.17389677465, 0.179496213794, 0.166368305683, 0.14823538065, 0.10636895895, 0.107955060899, 0.41978174448, 0.694604873657, 0.409914493561, 0.136598616838, 0.108125932515, 0.110246881843, 0.117512345314, 0.0930330008268, 0.095959611237, 0.106305576861, 0.134555831552, 0.187706083059, 0.402367383242, 0.395328789949, 0.130964964628, 0.0770016908646, 0.109924420714, 0.11637429148, 0.125383704901, 0.166572913527, 0.14547431469, 0.154220074415, 0.285064011812, 0.292982459068, 0.141355648637, 0.060689534992, 0.0735212638974, 0.103916421533],
