{
"metadata": {
    "version": {
        "essentia": "2.1-beta3"
    }
},
"lowLevel": {
    "average_loudness": 0.99068403244,
    "barkbands_kurtosis": {
        "kurt": 5.21321105957,
        "max": 251.518035889,
        "mean": 30.4289703369,
        "median": 1.70474004745,
        "min": -1.62145340443,
        "skew": 2.06184244156,
        "var": 2332.45092773
    },
    "barkbands_skewness": {
        "kurt": -0.613584518433,
        "max": 1.83725667,
        "mean": -2.60522198677,
        "median": -0.455464452505,
        "min": -14.4078645706,
        "skew": -0.758971214294,
        "var": 17.1624755859
    },
    "barkbands_spread": {
        "kurt": -1.17789161205,
        "max": 49.9697494507,
        "mean": 17.8095035553,
        "median": 14.6444702148,
        "min": 0.586812853813,
        "skew": 0.449972391129,
        "var": 247.669555664
    },
    "dissonance": {
        "kurt": 4.30240297318,
        "max": 0.499909102917,
        "mean": 0.485089957714,
        "median": 0.488693505526,
        "min": 0.422989428043,
        "skew": -1.880874753,
        "var": 0.000250593351666
    },
    "hfc": {
        "kurt": -1.06185090542,
        "max": 718.558837891,
        "mean": 173.245147705,
        "median": 3.35436105728,
        "min": 0.0659870058298,
        "skew": 0.860823690891,
        "var": 60069.1289062
    },
    "pitch": {
        "kurt": 15.2034053802,
        "max": 3633.79345703,
        "mean": 464.346862793,
        "median": 332.454071045,
        "min": 93.394744873,
        "skew": 4.09129810333,
        "var": 504149.59375
    },
    "pitch_instantaneous_confidence": {
        "kurt": -1.45273447037,
        "max": 0.966632723808,
        "mean": 0.660183548927,
        "median": 0.789977669716,
        "min": 0.139993071556,
        "skew": -0.45859965682,
        "var": 0.0935121402144
    },
    "pitch_salience": {
        "kurt": -0.0949981212616,
        "max": 0.798469543457,
        "mean": 0.579464137554,
        "median": 0.56649428606,
        "min": 0.379701763391,
        "skew": 0.488709896803,
        "var": 0.00825367495418
    },
    "silence_rate_20dB": {
        "kurt": 0,
        "max": 1,
        "mean": 1,
        "median": 1,
        "min": 1,
        "skew": 0,
        "var": 0
    },
    "silence_rate_30dB": {
        "kurt": -1.38632941246,
        "max": 1,
        "mean": 0.68235296011,
        "median": 1,
        "min": 0,
        "skew": -0.783369243145,
        "var": 0.216747194529
    },
    "silence_rate_60dB": {
        "kurt": -1.90419530869,
        "max": 1,
        "mean": 0.57647061348,
        "median": 1,
        "min": 0,
        "skew": -0.309523552656,
        "var": 0.244152143598
    },
    "spectral_centroid": {
        "kurt": -1.7583053112,
        "max": 3537.12329102,
        "mean": 2043.47961426,
        "median": 2103.03198242,
        "min": 308.354064941,
        "skew": -0.03392316401,
        "var": 1587049.375
    },
    "spectral_complexity": {
        "kurt": -1.09063780308,
        "max": 16,
        "mean": 6.45882368088,
        "median": 6,
        "min": 0,
        "skew": 0.288637012243,
        "var": 18.4130134583
    },
    "spectral_crest": {
        "kurt": -1.61034917831,
        "max": 26.0432853699,
        "mean": 15.3780059814,
        "median": 13.43932724,
        "min": 3.94108295441,
        "skew": 0.107485748827,
        "var": 67.4433822632
    },
    "spectral_decrease": {
        "kurt": -1.08843076229,
        "max": -1.76962004078e-11,
        "mean": -9.28430843317e-09,
        "median": -3.43365752498e-10,
        "min": -3.7606294967e-08,
        "skew": -0.85313564539,
        "var": 1.65991048205e-16
    },
    "spectral_energy": {
        "kurt": -1.08040976524,
        "max": 0.207110375166,
        "mean": 0.0507549494505,
        "median": 0.00161991175264,
        "min": 7.2774819273e-05,
        "skew": 0.855457425117,
        "var": 0.00502043729648
    },
    "spectral_energyband_high": {
        "kurt": -1.0462886095,
        "max": 0.00162347673904,
        "mean": 0.000438856193796,
        "median": 4.5257875172e-06,
        "min": 2.21163801939e-07,
        "skew": 0.90817207098,
        "var": 4.046106028e-07
    },
    "spectral_energyband_low": {
        "kurt": 1.25181818008,
        "max": 0.000636896351352,
        "mean": 0.000172311600181,
        "median": 0.00014434804325,
        "min": 6.07117090112e-06,
        "skew": 1.1353276968,
        "var": 1.78496559755e-08
    },
    "spectral_energyband_middle_high": {
        "kurt": -1.08104026318,
        "max": 0.206468269229,
        "mean": 0.0501859225333,
        "median": 0.0010375387501,
        "min": 4.0329330659e-05,
        "skew": 0.855127155781,
        "var": 0.00502049271017
    },
    "spectral_energyband_middle_low": {
        "kurt": 6.42890834808,
        "max": 0.00115183589514,
        "mean": 0.000332413677825,
        "median": 0.000317350379191,
        "min": 2.85909809463e-05,
        "skew": 1.58723366261,
        "var": 2.52688732161e-08
    },
    "spectral_flatness_db": {
        "kurt": -1.45931243896,
        "max": 0.387001156807,
        "mean": 0.249034076929,
        "median": 0.203146442771,
        "min": 0.104362845421,
        "skew": 0.498040705919,
        "var": 0.00710504315794
    },
    "spectral_flux": {
        "kurt": 10.4759845734,
        "max": 0.339768946171,
        "mean": 0.0396260656416,
        "median": 0.0173270124942,
        "min": 0.00853081606328,
        "skew": 3.26541090012,
        "var": 0.00388129288331
    },
    "spectral_kurtosis": {
        "kurt": -0.44885468483,
        "max": 26.7400379181,
        "mean": 11.8389663696,
        "median": 11.2951278687,
        "min": 3.37994146347,
        "skew": 0.598084926605,
        "var": 31.4365444183
    },
    "spectral_rms": {
        "kurt": -1.36745405197,
        "max": 0.0142147419974,
        "mean": 0.00480035506189,
        "median": 0.00125714030582,
        "min": 0.000266457936959,
        "skew": 0.724540889263,
        "var": 2.64736299869e-05
    },
    "spectral_rolloff": {
        "kurt": -1.26329398155,
        "max": 3703.7109375,
        "mean": 2738.26220703,
        "median": 3660.64453125,
        "min": 473.73046875,
        "skew": -0.724401175976,
        "var": 1410356.625
    },
    "spectral_skewness": {
        "kurt": -0.536141872406,
        "max": 3.66540789604,
        "mean": 1.91359758377,
        "median": 1.91154837608,
        "min": 0.577986836433,
        "skew": 0.216505840421,
        "var": 0.426948547363
    },
    "spectral_spread": {
        "kurt": 58.8686790466,
        "max": 8978579,
        "mean": 2412035.5,
        "median": 2417310.25,
        "min": 1724356.25,
        "skew": 7.19672679901,
        "var": 594897993728
    },
    "spectral_strongpeak": {
        "kurt": -0.955645799637,
        "max": 45.3335418701,
        "mean": 11.3743982315,
        "median": 2.67942047119,
        "min": 0.00314928265288,
        "skew": 0.846507251263,
        "var": 211.317169189
    },
    "zerocrossingrate": {
        "kurt": -1.64884722233,
        "max": 0.162109375,
        "mean": 0.103429459035,
        "median": 0.12158203125,
        "min": 0.01806640625,
        "skew": -0.257389545441,
        "var": 0.00274426629767
    },
    "barkbands": {
        "kurt": [0.82463145256, 2.3716378212, 3.88398599625, 0.568919181824, 25.8279647827, 1.24057340622, 2.91188526154, 0.364214897156, 3.45265960693, 1.33104038239, 0.775624275208, -0.305797576904, -0.535994291306, -1.02133464813, -0.825787305832, -1.07479226589, 1.32108354568, 9.14163208008, -1.06261384487, -0.0833411216736, -1.05002331734, -0.930640697479, 0.539019823074, 0.449306726456, -0.115352869034, -0.22629070282, 8.22621440887],
        "max": [1.16494929898e-05, 0.000614560151007, 0.000128675310407, 0.000158757291501, 0.00102845451329, 0.000196183595108, 0.000119353775517, 5.12566330144e-05, 0.000123793812236, 8.5194616986e-05, 8.55177131598e-05, 4.99585548823e-05, 0.000168688391568, 0.0040898011066, 0.000336120137945, 0.000505745294504, 0.000587369606365, 0.0011983460281, 0.198022499681, 0.00672782678157, 0.000110793247586, 5.73080033064e-05, 5.71801683691e-05, 1.51875929078e-05, 3.24292386722e-06, 4.2811969081e-08, 2.11718269583e-08],
        "mean": [2.93941502605e-06, 0.000124766753288, 2.56232924585e-05, 4.47220481874e-05, 0.000128983272589, 6.44707397441e-05, 3.25504079228e-05, 1.89376169146e-05, 3.36791235895e-05, 2.98710128845e-05, 3.35165896104e-05, 2.25240764848e-05, 4.6884866606e-05, 0.00112896563951, 7.80670743552e-05, 0.000136495320476, 0.000123727164464, 0.00013292269432, 0.0473116301, 0.00117604411207, 2.84110574285e-05, 1.50423275045e-05, 1.08445365186e-05, 2.81701750282e-06, 5.81299389069e-07, 8.82840467398e-09, 1.87172410904e-09],
        "median": [1.92923971554e-06, 8.12248981674e-05, 1.73316147993e-05, 3.66922686226e-05, 9.64453502093e-05, 5.71330238017e-05, 2.69989304797e-05, 1.60712133948e-05, 2.83722310996e-05, 2.79637333733e-05, 3.08925700665e-05, 1.9866414732e-05, 1.89729034901e-05, 6.50762740406e-05, 1.04746959551e-05, 1.15333377835e-05, 5.90280542383e-05, 2.56765524682e-05, 0.000760600320064, 1.35873042382e-05, 1.49182869791e-06, 3.86399705121e-07, 1.19066925208e-07, 1.93729245979e-08, 6.0669438362e-09, 3.19022280815e-10, 8.29083260379e-11],
        "min": [9.35631732091e-08, 1.64025914273e-06, 1.80072640887e-06, 1.93120376935e-06, 1.04643013401e-05, 1.97516874323e-06, 2.00135377781e-06, 3.76200409846e-06, 3.20342701343e-06, 6.28181487627e-06, 4.85687405671e-06, 3.01240743283e-06, 2.53512666859e-06, 1.07794528503e-06, 4.66209087335e-07, 2.37219026644e-07, 8.98064115518e-07, 4.18986729755e-07, 1.49730988142e-06, 4.18191490326e-07, 1.22310368056e-07, 2.95249407145e-08, 7.22007076348e-09, 1.85668957986e-09, 1.24280963298e-09, 7.94577043051e-11, 3.0935451683e-12],
        "skew": [1.3288449049, 1.51286888123, 1.89243650436, 1.17902159691, 4.21700382233, 0.91945797205, 1.35627830029, 0.973577916622, 1.51272857189, 0.846653461456, 0.923352658749, 0.658894479275, 0.981708168983, 0.914481461048, 0.95891982317, 0.889669656754, 1.40416741371, 2.77855587006, 0.863990187645, 0.98290604353, 0.864052116871, 0.855040848255, 1.34632492065, 1.33584916592, 1.04819619656, 1.11546504498, 2.73274445534],
        "var": [8.10699857939e-12, 1.54944288511e-08, 6.15408279891e-10, 1.44602807506e-09, 1.65141518238e-08, 1.35698474679e-09, 4.03918426484e-10, 1.15518358768e-10, 4.1644770965e-10, 2.00695807195e-10, 2.86187712417e-10, 1.27502300384e-10, 2.32189845129e-09, 2.51207666224e-06, 1.07949214012e-08, 3.4905166757e-08, 2.15971454054e-08, 4.29109796585e-08, 0.00455565797165, 2.60492060988e-06, 1.47093692782e-09, 3.99595023737e-10, 2.80816703224e-10, 1.91820153511e-11, 6.74513071265e-13, 1.58505698936e-16, 1.42572618769e-17],
        "cov": [[8.20351078734e-12, -7.6899639434e-11, 2.72273870117e-12, -5.77100476781e-12, -5.45001231644e-11, 6.90068358358e-12, -5.60561536425e-12, -4.38174279846e-12, -4.45779090724e-12, 5.61902694513e-12, -5.76324469918e-13, -4.54509173353e-12, 4.25898205592e-11, 1.12625497817e-09, 5.98413193997e-11, 1.11893223853e-10, 1.03687537722e-10, 1.87799678586e-10, 4.71011212255e-08, 1.38460243271e-09, 3.73618427862e-11, 1.82249076941e-11, 8.74527446987e-12, 2.27657302732e-12, 7.2506524439e-13, 5.92768691323e-15, 1.46716969662e-15], [-7.6899639434e-11, 1.56788857453e-08, 5.52577594792e-10, 1.21081922266e-10, 6.81495526678e-09, 2.13574075092e-10, 8.63128346573e-10, 1.37195893535e-10, 3.96804360203e-11, 6.84391571193e-11, 2.91635798844e-10, 3.17618348289e-10, -2.82990408884e-09, -9.75427738581e-08, -6.45881437222e-09, -1.16780123349e-08, -8.84452333594e-09, -9.64385193924e-09, -4.28578005085e-06, -1.08766371909e-07, -2.46287368277e-09, -1.36214439728e-09, -9.64833435368e-10, -2.52250081934e-10, -5.35962454973e-11, -7.87545376135e-13, -1.78663859965e-13], [2.72273870117e-12, 5.52577594792e-10, 6.2273458612e-10, 3.38975902903e-10, 9.29291421592e-10, 1.53434959183e-10, 1.90822860985e-11, -8.04632662582e-12, 4.79562015099e-11, 4.73931796585e-11, 5.46887188313e-11, 1.66475028207e-11, -2.62857235978e-10, -8.53303383508e-09, -5.24230214793e-10, -9.35306609939e-10, -7.25892346232e-10, -1.28287991341e-09, -3.38343255635e-07, -9.80556613683e-09, -2.01441974212e-10, -1.21312418444e-10, -7.83274070604e-11, -1.95461216657e-11, -4.4245726874e-12, -6.90876324791e-14, -1.82472309831e-14], [-5.77100476781e-12, 1.21081922266e-10, 3.38975902903e-10, 1.46324263817e-09, 4.52131609929e-10, 4.72226924231e-10, 1.96440752553e-10, -1.68078519852e-11, 9.87721432422e-11, -3.81079404144e-11, 1.4574388571e-11, 7.68067467266e-13, -1.63879576576e-10, -6.71287203602e-09, -4.3671072314e-10, -7.30602967014e-10, -4.51030879312e-10, -8.76430539254e-10, -2.79115795365e-07, -9.93859572418e-09, -1.3724291148e-10, -8.76037714592e-11, -6.43614467277e-11, -1.71641728608e-11, -3.30283651991e-12, -3.90781564009e-14, -1.09234546254e-14], [-5.45001231644e-11, 6.81495526678e-09, 9.29291421592e-10, 4.52131609929e-10, 1.67107483406e-08, -4.71836424099e-11, 4.18318490958e-10, 1.0084850316e-10, 6.81938117086e-11, 1.51740259247e-10, 6.71580735467e-10, 4.72233752102e-10, -1.83780646257e-09, -6.31495353787e-08, -4.21083168334e-09, -7.31500415796e-09, -5.81704817648e-09, -4.58370186251e-09, -2.53630923908e-06, -6.09180190736e-08, -1.47606427081e-09, -7.93232979301e-10, -6.19633233612e-10, -1.58742102796e-10, -2.79039534534e-11, -4.65979631183e-13, -1.07884506179e-13], [6.90068358358e-12, 2.13574075092e-10, 1.53434959183e-10, 4.72226924231e-10, -4.71836424099e-11, 1.37313926896e-09, 1.85865267621e-10, -3.99867161952e-12, 3.87305243432e-10, -3.38557376578e-11, 8.07782660206e-11, 3.85183412943e-11, -9.43900374528e-11, -6.39013952863e-09, -5.03254549145e-10, -7.91542664746e-10, 5.14091269554e-11, -6.13506398461e-11, -1.50894678086e-07, -5.68625546649e-09, -1.37647504506e-10, -6.7773842094e-11, -4.61008418939e-11, -1.08391542269e-11, -1.59958558985e-12, -4.02832877732e-14, -1.90643433386e-14], [-5.60561536425e-12, 8.63128346573e-10, 1.90822860985e-11, 1.96440752553e-10, 4.18318490958e-10, 1.85865267621e-10, 4.08726968937e-10, -6.21118087518e-12, 5.18189206822e-11, 4.6110411496e-12, 9.53814666138e-11, 8.60626847565e-11, -1.41980455171e-10, -5.13658315882e-09, -4.29011354219e-10, -7.35651373152e-10, -6.15821005301e-10, -4.94551843921e-10, -3.09773810159e-07, -8.5865945465e-09, -1.50683715505e-10, -8.50538112163e-11, -7.07458605587e-11, -1.83888407973e-11, -4.34151846418e-12, -6.45563111431e-14, -1.29142751248e-14], [-4.38174279846e-12, 1.37195893535e-10, -8.04632662582e-12, -1.68078519852e-11, 1.0084850316e-10, -3.99867161952e-12, -6.21118087518e-12, 1.1689357815e-10, 4.49322870577e-11, 1.38924149962e-11, 1.09414387273e-11, 9.88331985696e-12, -8.35616506545e-11, -4.81121720242e-09, -2.15863965591e-10, -3.71311786873e-10, -4.12979456188e-10, -2.36974800893e-10, -1.17862470006e-07, -1.89458737587e-09, -7.38777442e-11, -2.54900649199e-11, -4.72906887261e-11, -1.12168833249e-11, -2.05068994012e-13, -1.24790170805e-14, 2.7571176543e-15], [-4.45779090724e-12, 3.96804360203e-11, 4.79562015099e-11, 9.87721432422e-11, 6.81938117086e-11, 3.87305243432e-10, 5.18189206822e-11, 4.49322870577e-11, 4.21405438322e-10, -1.97687994447e-11, -3.2538759881e-11, 2.53882661422e-11, 8.94091675696e-11, 2.36708630474e-09, 7.39794753235e-11, 1.62757085587e-10, 2.08528277978e-10, 5.74673419962e-10, 8.02917696774e-08, 5.10795072906e-10, 2.07611150493e-11, 4.99410235388e-11, 1.22253335927e-11, 1.90584245434e-12, 9.87443200123e-13, 1.62527309726e-14, 1.55399086488e-16], [5.61902694513e-12, 6.84391571193e-11, 4.73931796585e-11, -3.81079404144e-11, 1.51740259247e-10, -3.38557376578e-11, 4.6110411496e-12, 1.38924149962e-11, -1.97687994447e-11, 2.030850349e-10, 5.27430391029e-11, -3.26867526101e-12, 5.85852130697e-11, -3.74475700449e-10, 8.70353511484e-11, 1.92216548234e-10, 3.43007740267e-12, -2.45893833073e-10, 8.77570229818e-08, 9.88432002913e-10, 5.85982859458e-11, 1.90044230353e-11, 1.18493387845e-12, 1.71188096251e-12, 1.741571839e-12, 1.26403709277e-14, 1.449119001e-15], [-5.76324469918e-13, 2.91635798844e-10, 5.46887188313e-11, 1.4574388571e-11, 6.71580735467e-10, 8.07782660206e-11, 9.53814666138e-11, 1.09414387273e-11, -3.2538759881e-11, 5.27430391029e-11, 2.89594709324e-10, 3.0407537599e-11, -2.21281326596e-11, -2.77322631526e-09, -1.78396158956e-10, -2.34578995117e-10, -2.52012855029e-10, -8.49280257231e-10, -1.26631633179e-07, -5.66565727667e-09, -4.00315475213e-11, -5.30639386598e-11, -2.92863025497e-11, -5.13367993948e-12, -1.89446418622e-12, -3.23151742995e-14, -8.82871758286e-15], [-4.54509173353e-12, 3.17618348289e-10, 1.66475028207e-11, 7.68067467266e-13, 4.72233752102e-10, 3.85183412943e-11, 8.60626847565e-11, 9.88331985696e-12, 2.53882661422e-11, -3.26867526101e-12, 3.0407537599e-11, 1.29020197304e-10, -2.24462930881e-11, -1.32783539719e-09, -5.76922641604e-11, -2.49758495136e-11, -1.5381394769e-10, -2.67367433748e-10, -9.62314583575e-09, -1.01151387266e-09, -1.30244252883e-11, -7.34260048596e-12, -1.24765172152e-11, -2.4365949796e-12, -3.47952494996e-15, -6.54971318135e-15, -1.96562656322e-15], [4.25898205592e-11, -2.82990408884e-09, -2.62857235978e-10, -1.63879576576e-10, -1.83780646257e-09, -9.43900374528e-11, -1.41980455171e-10, -8.35616506545e-11, 8.94091675696e-11, 5.85852130697e-11, -2.21281326596e-11, -2.24462930881e-11, 2.34953989597e-09, 7.11420895527e-08, 4.71979078043e-09, 8.66024141288e-09, 6.14494544138e-09, 4.66895855311e-09, 3.10012501359e-06, 6.38423998112e-08, 1.74460534907e-09, 8.89224083256e-10, 7.22829907041e-10, 1.87486942638e-10, 3.47735590323e-11, 5.5790018872e-13, 1.08486333252e-13], [1.12625497817e-09, -9.75427738581e-08, -8.53303383508e-09, -6.71287203602e-09, -6.31495353787e-08, -6.39013952863e-09, -5.13658315882e-09, -4.81121720242e-09, 2.36708630474e-09, -3.74475700449e-10, -2.77322631526e-09, -1.32783539719e-09, 7.11420895527e-08, 2.54198221228e-06, 1.5559487565e-07, 2.82915664229e-07, 2.07560631793e-07, 1.81034721436e-07, 9.78118841886e-05, 2.05428113986e-06, 5.53070371723e-08, 2.84694472441e-08, 2.44556908058e-08, 6.32319219207e-09, 1.02701702698e-09, 1.72363564394e-11, 3.34606951521e-12], [5.98413193997e-11, -6.45881437222e-09, -5.24230214793e-10, -4.3671072314e-10, -4.21083168334e-09, -5.03254549145e-10, -4.29011354219e-10, -2.15863965591e-10, 7.39794753235e-11, 8.70353511484e-11, -1.78396158956e-10, -5.76922641604e-11, 4.71979078043e-09, 1.5559487565e-07, 1.09234319368e-08, 1.93546512151e-08, 1.31069795017e-08, 1.03898596393e-08, 6.73332851875e-06, 1.42865459907e-07, 3.81661457993e-09, 1.94518245955e-09, 1.57799939782e-09, 4.02914729358e-10, 7.56165477456e-11, 1.20737816446e-12, 2.48512663356e-13], [1.11893223853e-10, -1.16780123349e-08, -9.35306609939e-10, -7.30602967014e-10, -7.31500415796e-09, -7.91542664746e-10, -7.35651373152e-10, -3.71311786873e-10, 1.62757085587e-10, 1.92216548234e-10, -2.34578995117e-10, -2.49758495136e-11, 8.66024141288e-09, 2.82915664229e-07, 1.93546512151e-08, 3.53207063597e-08, 2.40077877578e-08, 1.66673288504e-08, 1.23410063679e-05, 2.50726344575e-07, 6.96047042226e-09, 3.49489681639e-09, 2.88403501081e-09, 7.54826645633e-10, 1.36993347222e-10, 2.22061431743e-12, 4.45932109598e-13], [1.03687537722e-10, -8.84452333594e-09, -7.25892346232e-10, -4.51030879312e-10, -5.81704817648e-09, 5.14091269554e-11, -6.15821005301e-10, -4.12979456188e-10, 2.08528277978e-10, 3.43007740267e-12, -2.52012855029e-10, -1.5381394769e-10, 6.14494544138e-09, 2.07560631793e-07, 1.31069795017e-08, 2.40077877578e-08, 2.1854253518e-08, 1.57444191018e-08, 9.14475822356e-06, 1.98589077627e-07, 4.7180055418e-09, 2.25072538385e-09, 2.38418351728e-09, 6.12873030104e-10, 9.22417142668e-11, 1.63466777007e-12, 2.65756817594e-13], [1.87799678586e-10, -9.64385193924e-09, -1.28287991341e-09, -8.76430539254e-10, -4.58370186251e-09, -6.13506398461e-11, -4.94551843921e-10, -2.36974800893e-10, 5.74673419962e-10, -2.45893833073e-10, -8.49280257231e-10, -2.67367433748e-10, 4.66895855311e-09, 1.81034721436e-07, 1.03898596393e-08, 1.66673288504e-08, 1.57444191018e-08, 4.34218243583e-08, 6.05298009759e-06, 1.96208901571e-07, 3.40814265698e-09, 2.36428587819e-09, 1.3897845097e-09, 3.12692233218e-10, 8.5785940851e-11, 1.05887531816e-12, 1.87976736499e-13], [4.71011212255e-08, -4.28578005085e-06, -3.38343255635e-07, -2.79115795365e-07, -2.53630923908e-06, -1.50894678086e-07, -3.09773810159e-07, -1.17862470006e-07, 8.02917696774e-08, 8.77570229818e-08, -1.26631633179e-07, -9.62314583575e-09, 3.10012501359e-06, 9.78118841886e-05, 6.73332851875e-06, 1.23410063679e-05, 9.14475822356e-06, 6.05298009759e-06, 0.0046098921448, 9.64038263191e-05, 2.48235801337e-06, 1.23285144582e-06, 1.07352025225e-06, 2.79663112224e-07, 5.16462428379e-08, 8.24846246861e-10, 1.56229723602e-10], [1.38460243271e-09, -1.08766371909e-07, -9.80556613683e-09, -9.93859572418e-09, -6.09180190736e-08, -5.68625546649e-09, -8.5865945465e-09, -1.89458737587e-09, 5.10795072906e-10, 9.88432002913e-10, -5.66565727667e-09, -1.01151387266e-09, 6.38423998112e-08, 2.05428113986e-06, 1.42865459907e-07, 2.50726344575e-07, 1.98589077627e-07, 1.96208901571e-07, 9.64038263191e-05, 2.63593165073e-06, 5.32055217661e-08, 2.83766539155e-08, 2.25911360729e-08, 5.73031044837e-09, 1.203931288e-09, 1.66500788851e-11, 3.03118901507e-12], [3.73618427862e-11, -2.46287368277e-09, -2.01441974212e-10, -1.3724291148e-10, -1.47606427081e-09, -1.37647504506e-10, -1.50683715505e-10, -7.38777442e-11, 2.07611150493e-11, 5.85982859458e-11, -4.00315475213e-11, -1.30244252883e-11, 1.74460534907e-09, 5.53070371723e-08, 3.81661457993e-09, 6.96047042226e-09, 4.7180055418e-09, 3.40814265698e-09, 2.48235801337e-06, 5.32055217661e-08, 1.48844814252e-09, 7.28170523878e-10, 5.69452485166e-10, 1.48669396238e-10, 2.90815305865e-11, 4.32409858787e-13, 9.0378544221e-14], [1.82249076941e-11, -1.36214439728e-09, -1.21312418444e-10, -8.76037714592e-11, -7.93232979301e-10, -6.7773842094e-11, -8.50538112163e-11, -2.54900649199e-11, 4.99410235388e-11, 1.90044230353e-11, -5.30639386598e-11, -7.34260048596e-12, 8.89224083256e-10, 2.84694472441e-08, 1.94518245955e-09, 3.49489681639e-09, 2.25072538385e-09, 2.36428587819e-09, 1.23285144582e-06, 2.83766539155e-08, 7.28170523878e-10, 4.04352107353e-10, 2.64161054142e-10, 6.83378562072e-11, 1.53824366439e-11, 2.17871131292e-13, 4.73333971031e-14], [8.74527446987e-12, -9.64833435368e-10, -7.83274070604e-11, -6.43614467277e-11, -6.19633233612e-10, -4.61008418939e-11, -7.07458605587e-11, -4.72906887261e-11, 1.22253335927e-11, 1.18493387845e-12, -2.92863025497e-11, -1.24765172152e-11, 7.22829907041e-10, 2.44556908058e-08, 1.57799939782e-09, 2.88403501081e-09, 2.38418351728e-09, 1.3897845097e-09, 1.07352025225e-06, 2.25911360729e-08, 5.69452485166e-10, 2.64161054142e-10, 2.84159751285e-10, 7.3194880712e-11, 1.08022757406e-11, 1.89462323868e-13, 3.19874504759e-14], [2.27657302732e-12, -2.52250081934e-10, -1.95461216657e-11, -1.71641728608e-11, -1.58742102796e-10, -1.08391542269e-11, -1.83888407973e-11, -1.12168833249e-11, 1.90584245434e-12, 1.71188096251e-12, -5.13367993948e-12, -2.4365949796e-12, 1.87486942638e-10, 6.32319219207e-09, 4.02914729358e-10, 7.54826645633e-10, 6.12873030104e-10, 3.12692233218e-10, 2.79663112224e-07, 5.73031044837e-09, 1.48669396238e-10, 6.83378562072e-11, 7.3194880712e-11, 1.94103726148e-11, 2.83347650898e-12, 4.94597682851e-14, 8.15220930854e-15], [7.2506524439e-13, -5.35962454973e-11, -4.4245726874e-12, -3.30283651991e-12, -2.79039534534e-11, -1.59958558985e-12, -4.34151846418e-12, -2.05068994012e-13, 9.87443200123e-13, 1.741571839e-12, -1.89446418622e-12, -3.47952494996e-15, 3.47735590323e-11, 1.02701702698e-09, 7.56165477456e-11, 1.36993347222e-10, 9.22417142668e-11, 8.5785940851e-11, 5.16462428379e-08, 1.203931288e-09, 2.90815305865e-11, 1.53824366439e-11, 1.08022757406e-11, 2.83347650898e-12, 6.82542997815e-13, 9.14257717113e-15, 1.79742085473e-15], [5.92768691323e-15, -7.87545376135e-13, -6.90876324791e-14, -3.90781564009e-14, -4.65979631183e-13, -4.02832877732e-14, -6.45563111431e-14, -1.24790170805e-14, 1.62527309726e-14, 1.26403709277e-14, -3.23151742995e-14, -6.54971318135e-15, 5.5790018872e-13, 1.72363564394e-11, 1.20737816446e-12, 2.22061431743e-12, 1.63466777007e-12, 1.05887531816e-12, 8.24846246861e-10, 1.66500788851e-11, 4.32409858787e-13, 2.17871131292e-13, 1.89462323868e-13, 4.94597682851e-14, 9.14257717113e-15, 1.6039266335e-16, 3.56657284512e-17], [1.46716969662e-15, -1.78663859965e-13, -1.82472309831e-14, -1.09234546254e-14, -1.07884506179e-13, -1.90643433386e-14, -1.29142751248e-14, 2.7571176543e-15, 1.55399086488e-16, 1.449119001e-15, -8.82871758286e-15, -1.96562656322e-15, 1.08486333252e-13, 3.34606951521e-12, 2.48512663356e-13, 4.45932109598e-13, 2.65756817594e-13, 1.87976736499e-13, 1.56229723602e-10, 3.03118901507e-12, 9.0378544221e-14, 4.73333971031e-14, 3.19874504759e-14, 8.15220930854e-15, 1.79742085473e-15, 3.56657284512e-17, 1.44269910668e-17]]
    },
    "mfcc": {
        "kurt": [-1.26406705379, -1.61757469177, -1.24892926216, 0.580244541168, -0.267065286636, -0.379806756973, 0.133431911469, -0.93746471405, -1.39340436459, -1.24910521507, 1.04362821579, -1.4364054203, -0.320375204086],
        "max": [-650.331970215, 189.071380615, -14.8899536133, 80.5235443115, 21.4228820801, 10.2548217773, 41.3369979858, 14.1240787506, 4.94738388062, 44.9104614258, 27.7154693604, 5.03034973145, 15.3378753662],
        "mean": [-761.54107666, 126.089042664, -62.6758155823, 53.0791549683, 2.77812790871, -12.4926700592, 23.3913936615, -3.02666378021, -20.8607559204, 14.9036817551, 5.71621322632, -21.9047470093, 1.74717223644],
        "median": [-799.226074219, 163.816070557, -61.9801902771, 55.3350372314, 2.34331893921, -11.2542915344, 24.0054206848, -1.284034729, -18.2912521362, 8.72567939758, 5.37924194336, -19.1590194702, 1.44258117676],
        "min": [-928.481750488, 32.7312660217, -98.9671173096, -5.71229171753, -13.2448768616, -32.9173088074, 2.8868560791, -20.2277183533, -43.7857437134, -12.376991272, -14.3196773529, -54.3824310303, -14.8829975128],
        "skew": [0.224243745208, -0.457523614168, 0.194224819541, -0.916749596596, -0.00518856849521, -0.0739319771528, -0.292464345694, -0.416629761457, 0.0403289683163, 0.440054804087, 0.0794490277767, -0.0583052523434, 0.00565265957266],
        "var": [5850.92285156, 3400.7980957, 648.57434082, 391.386108398, 49.9672660828, 84.8921737671, 49.9190139771, 72.4982376099, 217.764450073, 280.315429688, 51.5725059509, 264.843017578, 39.8037757874],
        "cov": [[5920.57666016, -4239.65722656, -1800.9732666, 1306.61169434, -39.4126014709, 92.2358703613, 3.57858991623, -552.717895508, -998.890808105, 1216.76464844, 322.571960449, -1122.26220703, 209.400741577], [-4239.65722656, 3441.28393555, 1312.11242676, -835.999816895, 89.078125, -67.484664917, 31.9350757599, 408.190338135, 782.809692383, -919.125854492, -222.427902222, 858.526428223, -177.805557251], [-1800.9732666, 1312.11242676, 656.295471191, -450.50201416, 9.28393745422, 23.3483600616, -18.4213790894, 155.801483154, 346.345306396, -385.665039062, -127.778915405, 375.047241211, -62.6583900452], [1306.61169434, -835.999816895, -450.50201416, 396.045471191, 2.13981676102, -19.2496547699, 24.0919570923, -101.673057556, -232.588012695, 257.575286865, 110.023155212, -264.362915039, 37.0111656189], [-39.4126014709, 89.078125, 9.28393745422, 2.13981676102, 50.5621147156, -7.29935789108, 17.341506958, 4.55881929398, 13.9966268539, -5.73508834839, -10.5240802765, 28.2573070526, -15.7443037033], [92.2358703613, -67.484664917, 23.3483600616, -19.2496547699, -7.29935789108, 85.9027938843, -18.3661594391, -19.6187095642, 11.8752384186, 10.1765193939, -3.6634554863, 1.76312577724, 7.20620346069], [3.57858991623, 31.9350757599, -18.4213790894, 24.0919570923, 17.341506958, -18.3661594391, 50.5132865906, 11.1020765305, -7.45259618759, 8.85462760925, -3.06647706032, -2.11601376534, 4.11804437637], [-552.717895508, 408.190338135, 155.801483154, -101.673057556, 4.55881929398, -19.6187095642, 11.1020765305, 73.3613128662, 94.2646636963, -118.62462616, -19.0119113922, 101.914588928, -22.0825748444], [-998.890808105, 782.809692383, 346.345306396, -232.588012695, 13.9966268539, 11.8752384186, -7.45259618759, 94.2646636963, 220.356887817, -215.641677856, -64.9738082886, 220.42401123, -40.2246513367], [1216.76464844, -919.125854492, -385.665039062, 257.575286865, -5.73508834839, 10.1765193939, 8.85462760925, -118.62462616, -215.641677856, 283.652526855, 63.1353988647, -241.468704224, 50.2739143372], [322.571960449, -222.427902222, -127.778915405, 110.023155212, -10.5240802765, -3.6634554863, -3.06647706032, -19.0119113922, -64.9738082886, 63.1353988647, 52.186466217, -68.3523406982, 9.81878662109], [-1122.26220703, 858.526428223, 375.047241211, -264.362915039, 28.2573070526, 1.76312577724, -2.11601376534, 101.914588928, 220.42401123, -241.468704224, -68.3523406982, 267.995910645, -39.238910675], [209.400741577, -177.805557251, -62.6583900452, 37.0111656189, -15.7443037033, 7.20620346069, 4.11804437637, -22.0825748444, -40.2246513367, 50.2739143372, 9.81878662109, -39.238910675, 40.2776298523]]
    },
    "sccoeffs": {
        "kurt": [0.153069496155, 0.138428926468, 0.128178119659, -1.37099802494, -1.49688255787, -1.0177513361],
        "max": [-0.610701680183, -0.705453574657, -0.777576446533, -0.519454360008, -0.329113334417, -0.60361880064],
        "mean": [-0.763527393341, -0.814975261688, -0.846952021122, -0.733532011509, -0.618218183517, -0.735387086868],
        "median": [-0.761938810349, -0.812795042992, -0.845735251904, -0.797920644283, -0.673179030418, -0.773465037346],
        "min": [-0.919158041477, -0.896237850189, -0.906181871891, -0.867577075958, -0.858464837074, -0.883644998074],
        "skew": [0.0817580968142, 0.272879481316, 0.247644618154, 0.615834712982, 0.345817953348, 0.604669809341],
        "var": [0.00319574028254, 0.00136664393358, 0.000708775594831, 0.0142964143306, 0.036885317415, 0.00538220070302],
        "cov": [[0.00323378480971, -5.69808362343e-05, 0.000104886261397, -0.00327089102939, -0.00529913743958, -0.00146007083822], [-5.69808362343e-05, 0.00138291355688, -1.18077277875e-05, 0.000547068659216, 0.00117076688912, 0.000398138683522], [0.000104886261397, -1.18077277875e-05, 0.000717213377357, -5.98782535235e-05, -0.000100112345535, 1.19199366964e-05], [-0.00327089102939, 0.000547068659216, -5.98782535235e-05, 0.0144666088745, 0.0220074020326, 0.0083927270025], [-0.00529913743958, 0.00117076688912, -0.000100112345535, 0.0220074020326, 0.0373244285583, 0.0133014898747], [-0.00146007083822, 0.000398138683522, 1.19199366964e-05, 0.0083927270025, 0.0133014898747, 0.00544627476484]]
    },
    "scvalleys": {
        "kurt": [0.185749530792, 0.36038184166, -0.185495853424, 3.66625928879, 1.28427743912, -0.122380018234],
        "max": [-6.01462841034, -6.29516029358, -6.49461889267, -7.33749055862, -7.43432188034, -9.70769023895],
        "mean": [-6.63137149811, -6.88153505325, -6.97961568832, -7.8286356926, -8.52777957916, -11.5922718048],
        "median": [-6.57069349289, -6.84310007095, -6.95558071136, -7.79636526108, -8.56030368805, -11.888209343],
        "min": [-7.69946527481, -7.88354206085, -7.54825353622, -9.02284622192, -9.89399909973, -12.7907924652],
        "skew": [-0.511759161949, -0.622628748417, -0.206600978971, -1.58005654812, 0.176764160395, 0.853345870972],
        "var": [0.12400200963, 0.096065916121, 0.0483345873654, 0.0856485292315, 0.197129324079, 0.46428334713],
        "cov": [[0.125478222966, 0.0329082943499, 0.0133580313995, 0.0231611169875, 0.0280448757112, -0.00648837164044], [0.0329082943499, 0.0972095578909, 0.00355506502092, 0.0144155593589, 0.00931162200868, -0.0199843682349], [0.0133580313995, 0.00355506502092, 0.0489099994302, 0.0116908717901, 0.00075977324741, -0.0120125031099], [0.0231611169875, 0.0144155593589, 0.0116908717901, 0.0866681560874, 0.084006652236, 0.060446113348], [0.0280448757112, 0.00931162200868, 0.00075977324741, 0.084006652236, 0.199476107955, 0.251019895077], [-0.00648837164044, -0.0199843682349, -0.0120125031099, 0.060446113348, 0.251019895077, 0.469810545444]]
    }
},
"rhythm": {
    "beats_loudness": {
        "kurt": -1.48459792137,
        "max": 0.141825243831,
        "mean": 0.0480627976358,
        "median": 0.00613217614591,
        "min": 0.000781940936577,
        "skew": 0.702893733978,
        "var": 0.00399119639769
    },
    "bpm": 206.718765259,
    "confidence": 0,
    "first_peak_bpm": {
        "kurt": 0,
        "max": 207,
        "mean": 207,
        "median": 207,
        "min": 207,
        "skew": 0,
        "var": 0
    },
    "first_peak_spread": {
        "kurt": 0,
        "max": 0,
        "mean": 0,
        "median": 0,
        "min": 0,
        "skew": 0,
        "var": 0
    },
    "first_peak_weight": {
        "kurt": 0,
        "max": 0.800000011921,
        "mean": 0.800000011921,
        "median": 0.800000011921,
        "min": 0.800000011921,
        "skew": 0,
        "var": 0
    },
    "onset_rate": 1.54062926769,
    "second_peak_bpm": {
        "kurt": 0,
        "max": 215,
        "mean": 215,
        "median": 215,
        "min": 215,
        "skew": 0,
        "var": 0
    },
    "second_peak_spread": {
        "kurt": 0,
        "max": 0,
        "mean": 0,
        "median": 0,
        "min": 0,
        "skew": 0,
        "var": 0
    },
    "second_peak_weight": {
        "kurt": 0,
        "max": 0.20000000298,
        "mean": 0.20000000298,
        "median": 0.20000000298,
        "min": 0.20000000298,
        "skew": 0,
        "var": 0
    },
    "beats_loudness_band_ratio": {
        "kurt": [-0.948005199432, -1.18791151047, -1.32464909554, -1.31154870987, 0.573773145676, -1.50020635128],
        "max": [0.422340452671, 0.466017067432, 0.147230818868, 0.150087937713, 0.308197617531, 0.96260535717],
        "mean": [0.140717834234, 0.164870843291, 0.0545027963817, 0.0557599030435, 0.0973876789212, 0.529735088348],
        "median": [0.0788575708866, 0.105284564197, 0.0368726067245, 0.0371504016221, 0.0455602481961, 0.552680313587],
        "min": [0.000850601471029, 0.00064709893195, 0.000560555723496, 0.00154130009469, 0.0327317789197, 0.0188492704183],
        "skew": [0.725669503212, 0.566145598888, 0.484567672014, 0.500957965851, 1.49235117435, -0.117004469037],
        "var": [0.0246688704938, 0.0311404485255, 0.00316931982525, 0.00325865647756, 0.00971430819482, 0.134623244405],
        "cov": [[0.0296026431024, 0.0281865037978, 0.00916609354317, 0.00931226182729, -0.0055368905887, -0.061585277319], [0.0281865037978, 0.0373685397208, 0.0119112525135, 0.0120795322582, -0.00669496646151, -0.0740341097116], [0.00916609354317, 0.0119112525135, 0.0038031837903, 0.00385605474003, -0.00207191007212, -0.0237999018282], [0.00931226182729, 0.0120795322582, 0.00385605474003, 0.0039103878662, -0.0021163392812, -0.0241320021451], [-0.0055368905887, -0.00669496646151, -0.00207191007212, -0.0021163392812, 0.01165717002, 0.00292876688763], [-0.061585277319, -0.0740341097116, -0.0237999018282, -0.0241320021451, 0.00292876688763, 0.161547899246]]
    },
    "beats_position": [0.267029464245, 0.557278871536, 0.835918366909, 1.1261677742, 1.4164172411, 1.70666658878],
    "bpm_estimates": [206.718765259, 206.718765259, 206.718719482, 206.718811035],
    "bpm_intervals": [0.290249407291, 0.278639495373, 0.290249407291, 0.290249466896, 0.290249347687],
    "onset_times": [0.0232199542224, 0.0928798168898, 0.383129239082],
    "histogram": [[0, 0, 0, 0, 0, 0, 0, 0, 0, 0, 0, 0, 0, 0, 0, 0, 0, 0, 0, 0, 0, 0, 0, 0, 0, 0, 0, 0, 0, 0, 0, 0, 0, 0, 0, 0, 0, 0, 0, 0, 0, 0, 0, 0, 0, 0, 0, 0, 0, 0, 0, 0, 0, 0, 0, 0, 0, 0, 0, 0, 0, 0, 0, 0, 0, 0, 0, 0, 0, 0, 0, 0, 0, 0, 0, 0, 0, 0, 0, 0, 0, 0, 0, 0, 0, 0, 0, 0, 0, 0, 0, 0, 0, 0, 0, 0, 0, 0, 0, 0, 0, 0, 0, 0, 0, 0, 0, 0, 0, 0, 0, 0, 0, 0, 0, 0, 0, 0, 0, 0, 0, 0, 0, 0, 0, 0, 0, 0, 0, 0, 0, 0, 0, 0, 0, 0, 0, 0, 0, 0, 0, 0, 0, 0, 0, 0, 0, 0, 0, 0, 0, 0, 0, 0, 0, 0, 0, 0, 0, 0, 0, 0, 0, 0, 0, 0, 0, 0, 0, 0, 0, 0, 0, 0, 0, 0, 0, 0, 0, 0, 0, 0, 0, 0, 0, 0, 0, 0, 0, 0, 0, 0, 0, 0, 0, 0, 0, 0, 0, 0, 0, 0, 0, 0, 0, 0, 0, 0.800000011921, 0, 0, 0, 0, 0, 0, 0, 0.20000000298, 0, 0, 0, 0, 0, 0, 0, 0, 0, 0, 0, 0, 0, 0, 0, 0, 0, 0, 0, 0, 0, 0, 0, 0, 0, 0, 0, 0, 0, 0, 0, 0, 0, 0]]
},
"sfx": {
    "inharmonicity": {
        "kurt": -0.373187541962,
        "max": 0.47101816535,
        "mean": 0.161848261952,
        "median": 0.1242909953,
        "min": 0,
        "skew": 0.771618306637,
        "var": 0.014822662808
    },
    "oddtoevenharmonicenergyratio": {
        "kurt": 7.58082294464,
        "max": 5.48849105835,
        "mean": 0.900485575199,
        "median": 0.75905841589,
        "min": 0,
        "skew": 2.50421595573,
        "var": 0.90562582016
    },
    "pitch_after_max_to_before_max_energy_ratio": 0.77473282814,
    "pitch_centroid": 31.1669063568,
    "pitch_max_to_total": 0.188235297799,
    "pitch_min_to_total": 0.976470589638,
    "tristimulus": {
        "kurt": [6.27384662628, -0.536896467209, -0.0692763328552],
        "max": [1, 0.523994207382, 0.977436721325],
        "mean": [0.157147154212, 0.155977860093, 0.6868750453],
        "median": [0.101739130914, 0.119774498045, 0.735781908035],
        "min": [0, 0, 0],
        "skew": [2.50247454643, 0.735146582127, -0.807280361652],
        "var": [0.0522938556969, 0.0200875345618, 0.0773283913732],
        "cov": [[0.0529164001346, 0.00250294874422, -0.055419370532], [0.00250294874422, 0.0203266702592, -0.022829618305], [-0.055419370532, -0.022829618305, 0.07824896276]]
    }
},
"tonal": {
    "chords_changes_rate": 0.162790700793,
    "chords_number_rate": 0.0930232554674,
    "chords_strength": {
        "kurt": -1.39689791203,
        "max": 0.382013052702,
        "mean": 0.33366894722,
        "median": 0.335107386112,
        "min": 0.286281883717,
        "skew": -0.119682297111,
        "var": 0.000733040098567
    },
    "key_strength": 0.307493835688,
    "tuning_diatonic_strength": 0.401975333691,
    "tuning_equal_tempered_deviation": 0.234253048897,
    "tuning_frequency": 440.763122559,
    "tuning_nontempered_energy_ratio": 0.859018445015,
    "hpcp": {
        "kurt": [2.476749897, -1.01736164093, -1.63582479954, -1.34152746201, 9.75221157074, 19.2953014374, 5.51073074341, 7.18826961517, 3.85580539703, 4.38580322266, 3.78834009171, 5.89455604553, 13.501455307, 2.275411129, 8.45904922485, 3.44116449356, 7.05916690826, 7.26281166077, 2.53249788284, 5.79434490204, 0.189937353134, 2.39480781555, 2.22110414505, 2.46439313889, 1.20394706726, 4.42983341217, 3.16942501068, 7.91789054871, 3.53310775757, 5.11899471283, 0.444716453552, 2.71860361099, -0.839195013046, -1.4698343277, 2.13150405884, 1.69113254547],
        "max": [0.748072743416, 0.829437792301, 1, 0.588369011879, 0.655010819435, 1, 0.5740249753, 1, 1, 1, 1, 1, 1, 0.474020272493, 1, 1, 1, 0.359714388847, 0.140099585056, 0.220495283604, 0.214323624969, 0.739626467228, 0.771550357342, 0.489913761616, 0.417336076498, 0.359990924597, 0.29582747817, 0.434418201447, 0.286403864622, 0.349487036467, 0.265550762415, 0.323827147484, 0.813570261002, 1, 1, 1],
        "mean": [0.129171088338, 0.356704324484, 0.597938239574, 0.309434056282, 0.0667278915644, 0.0774398595095, 0.0910917073488, 0.128136366606, 0.136044681072, 0.144783645868, 0.150411859155, 0.121164791286, 0.0865627080202, 0.0727175474167, 0.104077607393, 0.142641738057, 0.10848660022, 0.0431052781641, 0.0277489367872, 0.0309988763183, 0.051859524101, 0.123355939984, 0.122249633074, 0.080646827817, 0.0824099779129, 0.0547208897769, 0.0497596599162, 0.0605681836605, 0.0514645576477, 0.0503566935658, 0.0560654550791, 0.0591838136315, 0.321190267801, 0.572966694832, 0.370206087828, 0.174541011453],
