{
"metadata": {
    "version": {
        "essentia": "2.1-beta3"
    }
},
"lowLevel": {
    "average_loudness": 0.000891633622814,
    "barkbands_kurtosis": {
        "kurt": 9.57141113281,
        "max": 58.8924484253,
        "mean": 3.91509056091,
        "median": 2.23501682281,
        "min": -1.87444841862,
        "skew": 2.34872674942,
        "var": 30.2934074402
    },
    "barkbands_skewness": {
        "kurt": 0.421418428421,
        "max": 7.12727499008,
        "mean": 1.68913042545,
        "median": 1.6674888134,
        "min": -2.09896588326,
        "skew": 0.237237408757,
        "var": 1.34963154793
    },
    "barkbands_spread": {
        "kurt": 0.420870065689,
        "max": 41.997833252,
        "mean": 15.9457273483,
        "median": 15.1420955658,
        "min": 2.31537461281,
        "skew": 0.689016222954,
        "var": 46.8084754944
    },
    "dissonance": {
        "kurt": 197.721206665,
        "max": 0.5,
        "mean": 0.475883126259,
        "median": 0.479356706142,
        "min": 0,
        "skew": -8.91109752655,
        "var": 0.000383319420507
    },
    "hfc": {
        "kurt": 30.8205413818,
        "max": 131.660919189,
        "mean": 3.33617782593,
        "median": 0.255283117294,
        "min": 1.09952129273e-16,
        "skew": 5.41699743271,
        "var": 196.880508423
    },
    "pitch": {
        "kurt": 38.9150505066,
        "max": 4177.24853516,
        "mean": 223.228713989,
        "median": 136.845443726,
        "min": 60.2265586853,
        "skew": 4.88713026047,
        "var": 71952.6015625
    },
    "pitch_instantaneous_confidence": {
        "kurt": 4.94708824158,
        "max": 0.944574058056,
        "mean": 0.297951638699,
        "median": 0.26985168457,
        "min": 0.0562508106232,
        "skew": 1.92147386074,
        "var": 0.0164950527251
    },
    "pitch_salience": {
        "kurt": -0.997939586639,
        "max": 0.85660558939,
        "mean": 0.536332011223,
        "median": 0.553369760513,
        "min": 0.110800504684,
        "skew": -0.264698773623,
        "var": 0.0273926164955
    },
    "silence_rate_20dB": {
        "kurt": 0,
        "max": 1,
        "mean": 1,
        "median": 1,
        "min": 1,
        "skew": 0,
        "var": 0
    },
    "silence_rate_30dB": {
        "kurt": 877.489624023,
        "max": 1,
        "mean": 0.998866856098,
        "median": 1,
        "min": 0,
        "skew": -29.6561050415,
        "var": 0.00113186787348
    },
    "silence_rate_60dB": {
        "kurt": 10.551197052,
        "max": 1,
        "mean": 0.935410737991,
        "median": 1,
        "min": 0,
        "skew": -3.54282712936,
        "var": 0.0604177862406
    },
    "spectral_centroid": {
        "kurt": 91.4738388062,
        "max": 11605.6162109,
        "mean": 631.427856445,
        "median": 435.156799316,
        "min": 148.027160645,
        "skew": 9.20072364807,
        "var": 1021686.625
    },
    "spectral_complexity": {
        "kurt": 14.7761611938,
        "max": 48,
        "mean": 3.77620387077,
        "median": 1,
        "min": 0,
        "skew": 3.90679931641,
        "var": 67.0360870361
    },
    "spectral_crest": {
        "kurt": -1.16300284863,
        "max": 23.5611820221,
        "mean": 11.5327587128,
        "median": 10.8453464508,
        "min": 2.55068922043,
        "skew": 0.220957294106,
        "var": 26.7862377167
    },
    "spectral_decrease": {
        "kurt": 38.1404151917,
        "max": 1.76046042321e-28,
        "mean": -7.92461207766e-10,
        "median": -2.11683212625e-10,
        "min": -2.71161422205e-08,
        "skew": -5.84532499313,
        "var": 7.20002076122e-18
    },
    "spectral_energy": {
        "kurt": 37.1723327637,
        "max": 0.11428463459,
        "mean": 0.00329353078268,
        "median": 0.000835799321067,
        "min": 1.03322669872e-20,
        "skew": 5.78941392899,
        "var": 0.000129660606035
    },
    "spectral_energyband_high": {
        "kurt": 22.6986904144,
        "max": 0.0013665696606,
        "mean": 4.59022994619e-05,
        "median": 2.77637400359e-06,
        "min": 7.26505461863e-21,
        "skew": 4.69105577469,
        "var": 2.92951902736e-08
    },
    "spectral_energyband_low": {
        "kurt": -0.0425231456757,
        "max": 0.00337582197972,
        "mean": 0.000651500653476,
        "median": 0.000354814546881,
        "min": 2.86787100432e-23,
        "skew": 0.99885225296,
        "var": 4.86367412122e-07
    },
    "spectral_energyband_middle_high": {
        "kurt": 45.4506340027,
        "max": 0.102046325803,
        "mean": 0.001946257893,
        "median": 7.55618166295e-05,
        "min": 1.29108949083e-21,
        "skew": 6.35364437103,
        "var": 8.58652711031e-05
    },
    "spectral_energyband_middle_low": {
        "kurt": 34.5262565613,
        "max": 0.0253087729216,
        "mean": 0.000743827142287,
        "median": 0.000178283953574,
        "min": 2.06913217217e-22,
        "skew": 5.62759304047,
        "var": 5.80463529332e-06
    },
    "spectral_flatness_db": {
        "kurt": 0.197659254074,
        "max": 0.316624194384,
        "mean": 0.189901724458,
        "median": 0.188493341208,
        "min": 0.0662084072828,
        "skew": 0.202257305384,
        "var": 0.00172972143628
    },
    "spectral_flux": {
        "kurt": 16.751209259,
        "max": 0.155272558331,
        "mean": 0.0160631742328,
        "median": 0.01067351643,
        "min": 6.3826242902e-11,
        "skew": 3.91096878052,
        "var": 0.00039541075239
    },
    "spectral_kurtosis": {
        "kurt": 2.29726886749,
        "max": 31.4916763306,
        "mean": 8.97641468048,
        "median": 8.23860740662,
        "min": -1.24222624302,
        "skew": 1.06925630569,
        "var": 14.788936615
    },
    "spectral_rms": {
        "kurt": 16.7098121643,
        "max": 0.0105592235923,
        "mean": 0.00114749115892,
        "median": 0.000903002743144,
        "min": 3.17494251376e-12,
        "skew": 3.84843564034,
        "var": 1.89646368653e-06
    },
    "spectral_rolloff": {
        "kurt": 81.6839141846,
        "max": 19143.0175781,
        "mean": 1104.01220703,
        "median": 925.927734375,
        "min": 129.19921875,
        "skew": 8.49812984467,
        "var": 3071849.75
    },
    "spectral_skewness": {
        "kurt": 5.21412658691,
        "max": 4.19303369522,
        "mean": 2.23529577255,
        "median": 2.21491479874,
        "min": -0.0507933162153,
        "skew": -0.63966947794,
        "var": 0.194264143705
    },
    "spectral_spread": {
        "kurt": 101.791107178,
        "max": 41919848,
        "mean": 3354312.5,
        "median": 2940052.5,
        "min": 1479623.5,
        "skew": 10.0492916107,
        "var": 1.26298986906e+13
    },
    "spectral_strongpeak": {
        "kurt": 46.4728775024,
        "max": 10.9416399002,
        "mean": 0.290749460459,
        "median": 0.092993862927,
        "min": 8.51634596177e-11,
        "skew": 6.51649713516,
        "var": 1.08417868614
    },
    "zerocrossingrate": {
        "kurt": 78.4253997803,
        "max": 0.51611328125,
        "mean": 0.040263146162,
        "median": 0.0322265625,
        "min": 0.0068359375,
        "skew": 8.29641246796,
        "var": 0.00215537915938
    },
    "barkbands": {
        "kurt": [60.3679351807, 4.28049945831, 0.253620386124, 53.8639984131, 87.6725997925, 44.0820159912, 57.5990104675, 62.4586868286, 57.7022476196, 72.9550704956, 73.9415512085, 70.789894104, 44.6100883484, 36.4903259277, 81.0172195435, 40.2402458191, 97.2203292847, 50.2690963745, 32.9046134949, 38.2230491638, 27.4636497498, 24.4030780792, 26.1681919098, 25.9147090912, 25.6570835114, 24.8492393494, 112.431617737],
        "max": [7.77654204285e-05, 0.000678646727465, 0.00289035914466, 0.00583975575864, 0.00392773887143, 0.00101884722244, 0.0193897373974, 0.00523871229962, 0.00225956970826, 0.0034623586107, 0.0818078815937, 0.00522474152967, 0.00540314521641, 0.0066703078337, 0.00833954010159, 0.00219074054621, 0.0142786875367, 0.00453136116266, 0.00162502063904, 0.00167321239132, 0.000859707186464, 0.00026098213857, 4.05795108236e-05, 7.12136170478e-06, 3.76021080228e-06, 1.7662313212e-07, 1.07954916118e-08],
        "mean": [1.98033626475e-06, 6.73031026963e-05, 0.000495632528327, 0.000176728324732, 0.000103415630292, 4.22421617259e-05, 0.000264044821961, 9.08668225748e-05, 5.1412403991e-05, 5.88805523876e-05, 0.00106723839417, 0.000109237465949, 0.000111526802357, 0.000151287022163, 0.000113935508125, 5.3129690059e-05, 0.000149334722664, 7.35981957405e-05, 4.31405023846e-05, 3.47049790435e-05, 2.49192908086e-05, 7.58992791816e-06, 1.05659421479e-06, 2.12913775499e-07, 1.08255157727e-07, 5.63535484943e-09, 1.3277806632e-10],
        "median": [2.79055541341e-07, 2.64652935584e-05, 0.000179317677976, 4.75080050819e-05, 4.53698921774e-05, 1.79427443072e-05, 9.594432413e-06, 1.0268972801e-05, 1.10186492748e-05, 8.49662501423e-06, 1.15449347504e-05, 1.59261708177e-05, 7.90970352682e-06, 6.19570255367e-06, 3.50273671756e-06, 4.33843479186e-06, 3.39611187883e-06, 2.85049327431e-06, 2.59022340288e-06, 1.82884195965e-06, 1.31434637751e-06, 4.01762747515e-07, 6.15599589082e-08, 1.12170814859e-08, 4.9309720751e-09, 3.01346558818e-10, 1.18905814014e-11],
        "min": [2.9534104266e-24, 1.07354991963e-23, 4.40002039915e-24, 2.40298889296e-25, 1.52349961389e-23, 1.85562598998e-23, 8.19697635778e-24, 6.12034893416e-24, 1.65486010074e-23, 4.62438025032e-23, 2.39387288536e-23, 4.52348304727e-23, 2.68020446595e-23, 5.56596841332e-23, 5.65153520908e-23, 6.85117365813e-23, 9.89617927664e-23, 1.01804462505e-22, 1.57010255006e-22, 2.51920496028e-22, 3.12814676164e-22, 3.78916171312e-22, 4.13979688019e-22, 7.36237799147e-22, 9.92358443071e-22, 1.33601664662e-21, 2.1113144959e-21],
        "skew": [6.72854280472, 1.93185663223, 1.15830910206, 6.36853313446, 8.18370246887, 5.45264148712, 7.0114068985, 7.29669857025, 6.8333439827, 7.53939771652, 8.04026603699, 7.56003046036, 6.2746386528, 5.89955806732, 8.1309928894, 6.04054355621, 9.01986122131, 6.52939844131, 5.4898018837, 5.72517442703, 5.06731700897, 4.810587883, 4.92758131027, 5.01377105713, 4.91966056824, 4.90593671799, 8.97664165497],
        "var": [3.04368787118e-11, 7.9044353285e-09, 3.69614468809e-07, 1.90977871739e-07, 6.57255512237e-08, 5.65012614473e-09, 1.94592166736e-06, 1.59097041319e-07, 2.57582755125e-08, 4.80233310896e-08, 3.95115894207e-05, 1.5150610011e-07, 2.3008139749e-07, 5.02580860484e-07, 3.53936115971e-07, 4.62565701298e-08, 7.71868428728e-07, 1.13325334894e-07, 2.94385209543e-08, 2.01307290837e-08, 9.55469658948e-09, 8.34007529704e-10, 1.61854054465e-11, 6.9024094166e-13, 1.74932727266e-13, 4.76819039388e-16, 3.11847556222e-19],
        "cov": [[3.04541322715e-11, -1.69867730992e-11, 4.72544003927e-10, 4.00669025735e-10, 1.50398193899e-10, 7.67363811383e-11, 2.50433562776e-10, 1.27661700655e-10, 7.18615514317e-11, 1.15422227331e-10, 1.11727693763e-09, 2.14877018956e-10, 1.56683874208e-10, 1.15168465042e-10, 1.30408586707e-10, 8.20341919394e-11, 1.32890087823e-10, 7.37650635019e-11, 5.96516308571e-11, 5.45427869536e-11, 5.46046853567e-11, 1.81525055404e-11, 2.5834096147e-12, 5.67685059117e-13, 2.52154064772e-13, 1.72140422169e-14, 3.23809657837e-16], [-1.69867730992e-11, 7.90891618863e-09, 2.66850737063e-08, -5.39545830236e-09, -6.04579108998e-10, -1.92910645791e-10, -1.16575300524e-08, -3.47863049477e-09, -1.39562550405e-09, -2.03890881956e-09, -4.52137633999e-08, -3.14323123085e-09, -4.38642233647e-09, -5.11125675118e-09, -3.7483323112e-09, -2.00387328952e-09, -7.15445613864e-09, -3.20745763283e-09, -1.86454274242e-09, -1.54427426402e-09, -1.1235630204e-09, -3.43256201241e-10, -4.77315374725e-11, -9.74665053527e-12, -4.95472543202e-12, -2.6424251242e-13, -4.35753685671e-15], [4.72544003927e-10, 2.66850737063e-08, 3.69823993651e-07, -4.39473613056e-09, 5.43491029958e-10, 6.55874066169e-09, -5.85221471283e-08, -1.86986479633e-08, -5.02965713522e-09, -1.01330384084e-08, -2.1290480845e-07, -8.85002560125e-09, -2.42921913696e-08, -4.31771240983e-08, -2.97901365798e-08, -1.18005063499e-08, -5.07174320319e-08, -1.55222732445e-08, -1.26941959167e-08, -1.02964037296e-08, -7.65876340125e-09, -2.41545916602e-09, -3.19369863888e-10, -6.74447581117e-11, -3.47659505351e-11, -1.87476596747e-12, -2.15297547043e-14], [4.00669025735e-10, -5.39545830236e-09, -4.39473613056e-09, 1.9108613003e-07, 8.9777984158e-08, 1.72818115374e-08, 3.32090849042e-07, 1.04549037871e-07, 4.0660186329e-08, 5.75483163345e-08, 1.12258544505e-06, 1.0041402021e-07, 1.16865095379e-07, 1.76459593604e-07, 1.59389458076e-07, 6.17822095705e-08, 1.68413237134e-07, 7.22218658211e-08, 5.35301687421e-08, 3.93633392548e-08, 2.86361547808e-08, 8.34782110104e-09, 1.17645315711e-09, 2.21332202566e-10, 1.14777701232e-10, 5.72264935092e-12, 1.30038625809e-13], [1.50398193899e-10, -6.04579108998e-10, 5.43491029958e-10, 8.9777984158e-08, 6.57628120848e-08, 9.24261023272e-09, 1.87872529978e-07, 6.06335959219e-08, 2.33184316301e-08, 3.26507496595e-08, 6.3411755491e-07, 4.99077081884e-08, 6.24800904347e-08, 9.5696989888e-08, 8.10563065556e-08, 3.30182423625e-08, 9.69229674297e-08, 4.24949568867e-08, 2.85911401221e-08, 2.06163015548e-08, 1.5076697224e-08, 4.16984891061e-09, 6.15596185138e-10, 1.09354164612e-10, 5.82614234634e-11, 2.69786341704e-12, 6.36583884564e-14], [7.67363811383e-11, -1.92910645791e-10, 6.55874066169e-09, 1.72818115374e-08, 9.24261023272e-09, 5.6533293602e-09, 5.41031681678e-08, 1.65503664107e-08, 6.99597846321e-09, 9.2404954799e-09, 2.24692300321e-07, 1.80025132579e-08, 1.93384863678e-08, 2.87284347422e-08, 2.33579875442e-08, 8.65283844576e-09, 2.86240897651e-08, 1.23804655416e-08, 7.12992198615e-09, 5.57121593303e-09, 4.02752320383e-09, 1.10339415382e-09, 1.50983031633e-10, 3.11636376427e-11, 1.59517052345e-11, 7.32153487143e-13, 2.44152825534e-14], [2.50433562776e-10, -1.16575300524e-08, -5.85221471283e-08, 3.32090849042e-07, 1.87872529978e-07, 5.41031681678e-08, 1.94702465706e-06, 4.61105145177e-07, 1.55345830422e-07, 2.07355611792e-07, 6.179810498e-06, 3.82365044516e-07, 5.52197150228e-07, 7.29105011033e-07, 6.36128049791e-07, 2.24770289492e-07, 7.64358560446e-07, 3.5378280927e-07, 1.52890066829e-07, 1.32203439307e-07, 9.50399581257e-08, 2.38914985573e-08, 3.60945251465e-09, 6.87195189641e-10, 3.45031031523e-10, 1.59750684903e-11, 4.83545332681e-13], [1.27661700655e-10, -3.47863049477e-09, -1.86986479633e-08, 1.04549037871e-07, 6.06335959219e-08, 1.65503664107e-08, 4.61105145177e-07, 1.59187223403e-07, 4.30715410005e-08, 6.72035724847e-08, 1.51347455812e-06, 1.09984711116e-07, 1.42481169974e-07, 2.05535030773e-07, 1.64597807384e-07, 6.46222986234e-08, 2.20583942223e-07, 9.04459227513e-08, 4.76733710286e-08, 3.92604810884e-08, 2.79634910783e-08, 7.55506412986e-09, 1.09512665603e-09, 2.09008060859e-10, 1.03914994665e-10, 5.02385242782e-12, 1.28971323638e-13], [7.18615514317e-11, -1.39562550405e-09, -5.02965713522e-09, 4.0660186329e-08, 2.33184316301e-08, 6.99597846321e-09, 1.55345830422e-07, 4.30715410005e-08, 2.57728771658e-08, 2.53963712282e-08, 6.98222606843e-07, 4.82332538354e-08, 5.90020619029e-08, 7.86325031754e-08, 6.53934009165e-08, 2.59811656633e-08, 9.4507768722e-08, 3.64586760782e-08, 1.85798221253e-08, 1.62048046093e-08, 1.19476473159e-08, 3.09276537713e-09, 4.52062720591e-10, 9.20536424864e-11, 4.44537601174e-11, 2.05441674957e-12, 5.90938363239e-14], [1.15422227331e-10, -2.03890881956e-09, -1.01330384084e-08, 5.75483163345e-08, 3.26507496595e-08, 9.2404954799e-09, 2.07355611792e-07, 6.72035724847e-08, 2.53963712282e-08, 4.80505555345e-08, 7.67751203057e-07, 6.22049327603e-08, 7.6455599185e-08, 1.1529350985e-07, 7.89904177623e-08, 3.60308192171e-08, 1.28930437882e-07, 4.63365985581e-08, 2.75498894808e-08, 2.30722498884e-08, 1.70248615206e-08, 4.65243799042e-09, 6.41276365343e-10, 1.32019603583e-10, 6.36464769777e-11, 3.2502015402e-12, 8.03285254069e-14], [1.11727693763e-09, -4.52137633999e-08, -2.1290480845e-07, 1.12258544505e-06, 6.3411755491e-07, 2.24692300321e-07, 6.179810498e-06, 1.51347455812e-06, 6.98222606843e-07, 7.67751203057e-07, 3.95339884562e-05, 1.68267763456e-06, 2.31398939832e-06, 3.13050941259e-06, 2.53578582488e-06, 9.33754677135e-07, 2.84219163404e-06, 1.73549642568e-06, 7.16981389814e-07, 5.98686369813e-07, 3.90681378803e-07, 1.03320196843e-07, 1.42793332714e-08, 2.97158053719e-09, 1.58881441337e-09, 7.29223625928e-11, 2.31296470692e-12], [2.14877018956e-10, -3.14323123085e-09, -8.85002560125e-09, 1.0041402021e-07, 4.99077081884e-08, 1.80025132579e-08, 3.82365044516e-07, 1.09984711116e-07, 4.82332538354e-08, 6.22049327603e-08, 1.68267763456e-06, 1.51591990516e-07, 1.30178420932e-07, 1.91722065779e-07, 1.66821351399e-07, 6.55207728073e-08, 2.140530313e-07, 8.31319013628e-08, 4.64600020678e-08, 4.13855119064e-08, 2.79151475269e-08, 7.48088435643e-09, 1.05480790769e-09, 2.14099710183e-10, 1.02723204942e-10, 5.09701525778e-12, 1.48110514196e-13], [1.56683874208e-10, -4.38642233647e-09, -2.42921913696e-08, 1.16865095379e-07, 6.24800904347e-08, 1.93384863678e-08, 5.52197150228e-07, 1.42481169974e-07, 5.90020619029e-08, 7.6455599185e-08, 2.31398939832e-06, 1.30178420932e-07, 2.30211824714e-07, 2.97044067565e-07, 2.06383290902e-07, 8.32575395293e-08, 3.11768900474e-07, 1.28424957779e-07, 6.13428170482e-08, 5.24828145387e-08, 3.72527431125e-08, 1.00703827499e-08, 1.45018552722e-09, 2.96632968189e-10, 1.49418019624e-10, 7.07589325674e-12, 1.97779984122e-13], [1.15168465042e-10, -5.11125675118e-09, -4.31771240983e-08, 1.76459593604e-07, 9.5696989888e-08, 2.87284347422e-08, 7.29105011033e-07, 2.05535030773e-07, 7.86325031754e-08, 1.1529350985e-07, 3.13050941259e-06, 1.91722065779e-07, 2.97044067565e-07, 5.02865759699e-07, 3.00546901144e-07, 1.24847701954e-07, 4.78655636016e-07, 1.77694758463e-07, 9.72186100512e-08, 8.26492581041e-08, 5.80296486419e-08, 1.61984381464e-08, 2.22750129453e-09, 4.55683324407e-10, 2.37194874853e-10, 1.09047050903e-11, 2.73118197979e-13], [1.30408586707e-10, -3.7483323112e-09, -2.97901365798e-08, 1.59389458076e-07, 8.10563065556e-08, 2.33579875442e-08, 6.36128049791e-07, 1.64597807384e-07, 6.53934009165e-08, 7.89904177623e-08, 2.53578582488e-06, 1.66821351399e-07, 2.06383290902e-07, 3.00546901144e-07, 3.5413677324e-07, 1.02413530101e-07, 2.70537867664e-07, 1.36467278367e-07, 6.79005864868e-08, 5.49465255517e-08, 3.79440514564e-08, 1.03644666183e-08, 1.41540135168e-09, 2.85840795478e-10, 1.45712789057e-10, 6.85457073046e-12, 2.14097389448e-13], [8.20341919394e-11, -2.00387328952e-09, -1.18005063499e-08, 6.17822095705e-08, 3.30182423625e-08, 8.65283844576e-09, 2.24770289492e-07, 6.46222986234e-08, 2.59811656633e-08, 3.60308192171e-08, 9.33754677135e-07, 6.55207728073e-08, 8.32575395293e-08, 1.24847701954e-07, 1.02413530101e-07, 4.62827927095e-08, 1.37345935514e-07, 5.58869608369e-08, 3.02570590804e-08, 2.60027714916e-08, 1.78364381043e-08, 5.0075281699e-09, 6.9045086315e-10, 1.37345065876e-10, 6.94327720319e-11, 3.35937983161e-12, 7.98986731269e-14], [1.32890087823e-10, -7.15445613864e-09, -5.07174320319e-08, 1.68413237134e-07, 9.69229674297e-08, 2.86240897651e-08, 7.64358560446e-07, 2.20583942223e-07, 9.4507768722e-08, 1.28930437882e-07, 2.84219163404e-06, 2.140530313e-07, 3.11768900474e-07, 4.78655636016e-07, 2.70537867664e-07, 1.37345935514e-07, 7.72305952523e-07, 1.73482590071e-07, 9.76481686621e-08, 9.6482821732e-08, 7.01981761608e-08, 1.70155836088e-08, 2.6210735804e-09, 5.39158551138e-10, 2.6385887919e-10, 1.23328448148e-11, 3.14739689389e-13], [7.37650635019e-11, -3.20745763283e-09, -1.55222732445e-08, 7.22218658211e-08, 4.24949568867e-08, 1.23804655416e-08, 3.5378280927e-07, 9.04459227513e-08, 3.64586760782e-08, 4.63365985581e-08, 1.73549642568e-06, 8.31319013628e-08, 1.28424957779e-07, 1.77694758463e-07, 1.36467278367e-07, 5.58869608369e-08, 1.73482590071e-07, 1.13389582168e-07, 4.55606858907e-08, 3.85704161943e-08, 2.51974601184e-08, 6.97114677095e-09, 9.59394674815e-10, 1.93380131353e-10, 1.01896088789e-10, 4.89493211589e-12, 1.07750715631e-13], [5.96516308571e-11, -1.86454274242e-09, -1.26941959167e-08, 5.35301687421e-08, 2.85911401221e-08, 7.12992198615e-09, 1.52890066829e-07, 4.76733710286e-08, 1.85798221253e-08, 2.75498894808e-08, 7.16981389814e-07, 4.64600020678e-08, 6.13428170482e-08, 9.72186100512e-08, 6.79005864868e-08, 3.02570590804e-08, 9.76481686621e-08, 4.55606858907e-08, 2.94552080504e-08, 2.18218012549e-08, 1.46120520128e-08, 4.36045466401e-09, 5.79105707832e-10, 1.21199217329e-10, 6.32631932951e-11, 3.06888672461e-12, 6.09078149786e-14], [5.45427869536e-11, -1.54427426402e-09, -1.02964037296e-08, 3.93633392548e-08, 2.06163015548e-08, 5.57121593303e-09, 1.32203439307e-07, 3.92604810884e-08, 1.62048046093e-08, 2.30722498884e-08, 5.98686369813e-07, 4.13855119064e-08, 5.24828145387e-08, 8.26492581041e-08, 5.49465255517e-08, 2.60027714916e-08, 9.6482821732e-08, 3.85704161943e-08, 2.18218012549e-08, 2.01421421764e-08, 1.27309487397e-08, 3.60485441497e-09, 4.92252294482e-10, 1.02729408313e-10, 5.17919700183e-11, 2.61989627041e-12, 5.14610360889e-14], [5.46046853567e-11, -1.1235630204e-09, -7.65876340125e-09, 2.86361547808e-08, 1.5076697224e-08, 4.02752320383e-09, 9.50399581257e-08, 2.79634910783e-08, 1.19476473159e-08, 1.70248615206e-08, 3.90681378803e-07, 2.79151475269e-08, 3.72527431125e-08, 5.80296486419e-08, 3.79440514564e-08, 1.78364381043e-08, 7.01981761608e-08, 2.51974601184e-08, 1.46120520128e-08, 1.27309487397e-08, 9.56011358966e-09, 2.59304355765e-09, 3.67030822401e-10, 7.60735224814e-11, 3.79543618756e-11, 1.9092277672e-12, 4.01418434354e-14], [1.81525055404e-11, -3.43256201241e-10, -2.41545916602e-09, 8.34782110104e-09, 4.16984891061e-09, 1.10339415382e-09, 2.38914985573e-08, 7.55506412986e-09, 3.09276537713e-09, 4.65243799042e-09, 1.03320196843e-07, 7.48088435643e-09, 1.00703827499e-08, 1.61984381464e-08, 1.03644666183e-08, 5.0075281699e-09, 1.70155836088e-08, 6.97114677095e-09, 4.36045466401e-09, 3.60485441497e-09, 2.59304355765e-09, 8.34480318179e-10, 1.07986085351e-10, 2.24192019116e-11, 1.1403877842e-11, 5.85464890544e-13, 1.06530359688e-14], [2.5834096147e-12, -4.77315374725e-11, -3.19369863888e-10, 1.17645315711e-09, 6.15596185138e-10, 1.50983031633e-10, 3.60945251465e-09, 1.09512665603e-09, 4.52062720591e-10, 6.41276365343e-10, 1.42793332714e-08, 1.05480790769e-09, 1.45018552722e-09, 2.22750129453e-09, 1.41540135168e-09, 6.9045086315e-10, 2.6210735804e-09, 9.59394674815e-10, 5.79105707832e-10, 4.92252294482e-10, 3.67030822401e-10, 1.07986085351e-10, 1.61945803989e-11, 3.08612163602e-12, 1.56148282238e-12, 7.97080839375e-14, 1.55025515842e-15], [5.67685059117e-13, -9.74665053527e-12, -6.74447581117e-11, 2.21332202566e-10, 1.09354164612e-10, 3.11636376427e-11, 6.87195189641e-10, 2.09008060859e-10, 9.20536424864e-11, 1.32019603583e-10, 2.97158053719e-09, 2.14099710183e-10, 2.96632968189e-10, 4.55683324407e-10, 2.85840795478e-10, 1.37345065876e-10, 5.39158551138e-10, 1.93380131353e-10, 1.21199217329e-10, 1.02729408313e-10, 7.60735224814e-11, 2.24192019116e-11, 3.08612163602e-12, 6.90632230224e-13, 3.2926756482e-13, 1.70845325734e-14, 3.18143457406e-16], [2.52154064772e-13, -4.95472543202e-12, -3.47659505351e-11, 1.14777701232e-10, 5.82614234634e-11, 1.59517052345e-11, 3.45031031523e-10, 1.03914994665e-10, 4.44537601174e-11, 6.36464769777e-11, 1.58881441337e-09, 1.02723204942e-10, 1.49418019624e-10, 2.37194874853e-10, 1.45712789057e-10, 6.94327720319e-11, 2.6385887919e-10, 1.01896088789e-10, 6.32631932951e-11, 5.17919700183e-11, 3.79543618756e-11, 1.1403877842e-11, 1.56148282238e-12, 3.2926756482e-13, 1.7503190466e-13, 8.6583055653e-15, 1.59153970308e-16], [1.72140422169e-14, -2.6424251242e-13, -1.87476596747e-12, 5.72264935092e-12, 2.69786341704e-12, 7.32153487143e-13, 1.59750684903e-11, 5.02385242782e-12, 2.05441674957e-12, 3.2502015402e-12, 7.29223625928e-11, 5.09701525778e-12, 7.07589325674e-12, 1.09047050903e-11, 6.85457073046e-12, 3.35937983161e-12, 1.23328448148e-11, 4.89493211589e-12, 3.06888672461e-12, 2.61989627041e-12, 1.9092277672e-12, 5.85464890544e-13, 7.97080839375e-14, 1.70845325734e-14, 8.6583055653e-15, 4.77089348777e-16, 7.99152011087e-18], [3.23809657837e-16, -4.35753685671e-15, -2.15297547043e-14, 1.30038625809e-13, 6.36583884564e-14, 2.44152825534e-14, 4.83545332681e-13, 1.28971323638e-13, 5.90938363239e-14, 8.03285254069e-14, 2.31296470692e-12, 1.48110514196e-13, 1.97779984122e-13, 2.73118197979e-13, 2.14097389448e-13, 7.98986731269e-14, 3.14739689389e-13, 1.07750715631e-13, 6.09078149786e-14, 5.14610360889e-14, 4.01418434354e-14, 1.06530359688e-14, 1.55025515842e-15, 3.18143457406e-16, 1.59153970308e-16, 7.99152011087e-18, 3.12024340228e-19]]
    },
    "mfcc": {
        "kurt": [2.29494714737, 14.3844509125, 1.2604675293, 0.21068406105, 0.873177051544, -0.348756074905, 0.582729101181, 0.862835884094, -0.158424854279, 0.644265174866, 0.482188463211, 0.42911529541, -0.0529270172119],
        "max": [-576.31048584, 190.323455811, 31.704410553, 61.0084877014, 42.9389533997, 35.0544891357, 35.9602127075, 25.0910778046, 28.7670936584, 29.5916385651, 19.8092765808, 17.1960315704, 18.636390686],
        "mean": [-845.749023438, 152.768554688, -27.3755970001, 27.7830276489, -0.15428674221, 9.62588977814, 12.8506174088, 1.19261288643, 2.98338007927, -7.4010014534, -2.42363643646, -1.52194607258, -3.00588512421],
        "median": [-857.627258301, 157.2003479, -24.6160240173, 30.7120399475, 1.36386108398, 10.1872406006, 13.3782691956, 1.38678741455, 2.94784927368, -7.30313110352, -2.0687828064, -1.44298553467, -2.81567382812],
        "min": [-1138.42004395, 1.14440917969e-05, -105.884765625, -27.0262832642, -49.6434631348, -19.2270126343, -20.9420509338, -35.7385101318, -16.7736587524, -33.1898269653, -27.5279750824, -24.2585372925, -27.7387733459],
        "skew": [0.403230279684, -3.03813934326, -0.894183218479, -0.739646792412, -0.775917708874, -0.202190235257, -0.468917101622, -0.375196695328, 0.0271592680365, 0.151374846697, -0.0758750587702, -0.146424546838, -0.0985061302781],
        "var": [7572.71142578, 635.768615723, 488.621643066, 239.100372314, 181.902587891, 85.4889450073, 71.3875732422, 46.2534255981, 45.1626205444, 48.5881080627, 38.5616493225, 33.982131958, 39.8396263123],
        "cov": [[7577.00439453, 647.111694336, -1599.09411621, 643.346008301, -809.329162598, 209.542785645, -259.507385254, -47.1268539429, 4.23721837997, -253.321884155, 24.6634654999, -113.172569275, 89.7415618896], [647.111694336, 636.12902832, 4.3453669548, 180.422470093, 76.7529602051, 90.5608520508, 71.5137176514, 1.10200190544, 48.1676826477, -12.9549589157, 22.2245368958, 19.7226867676, 21.309173584], [-1599.09411621, 4.3453669548, 488.898620605, -52.8372001648, 213.258804321, -8.54855060577, 82.2227859497, 2.21856045723, 9.27119731903, 55.194152832, -4.20746088028, 33.9930381775, -16.781255722], [643.346008301, 180.422470093, -52.8372001648, 239.235916138, -18.4043197632, 89.0377578735, 17.9245586395, -2.84476661682, 31.5572814941, -15.7317352295, 31.2261257172, -1.48860740662, 15.2924871445], [-809.329162598, 76.7529602051, 213.258804321, -18.4043197632, 182.005706787, 17.8721694946, 59.3332519531, 1.99739897251, 14.7535820007, 40.1262397766, 10.4629335403, 23.3600845337, -6.41414022446], [209.542785645, 90.5608520508, -8.54855060577, 89.0377578735, 17.8721694946, 85.5374069214, 30.9944019318, 10.2416582108, 24.3730716705, -1.01424920559, 22.9423465729, 5.17214202881, 14.2269020081], [-259.507385254, 71.5137176514, 82.2227859497, 17.9245586395, 59.3332519531, 30.9944019318, 71.4280395508, 23.6610965729, 18.459728241, 13.2913208008, 8.99470043182, 18.0562801361, 4.1923160553], [-47.1268539429, 1.10200190544, 2.21856045723, -2.84476661682, 1.99739897251, 10.2416582108, 23.6610965729, 46.2796478271, 21.3578567505, 4.52388763428, 7.64590549469, 6.88549137115, 9.44750022888], [4.23721837997, 48.1676826477, 9.27119731903, 31.5572814941, 14.7535820007, 24.3730716705, 18.459728241, 21.3578567505, 45.1882209778, 19.6269397736, 15.0117931366, 9.85430431366, 6.15149116516], [-253.321884155, -12.9549589157, 55.194152832, -15.7317352295, 40.1262397766, -1.01424920559, 13.2913208008, 4.52388763428, 19.6269397736, 48.615650177, 20.3665657043, 5.78471708298, -6.68348407745], [24.6634654999, 22.2245368958, -4.20746088028, 31.2261257172, 10.4629335403, 22.9423465729, 8.99470043182, 7.64590549469, 15.0117931366, 20.3665657043, 38.5835113525, 13.2896108627, 3.29311084747], [-113.172569275, 19.7226867676, 33.9930381775, -1.48860740662, 23.3600845337, 5.17214202881, 18.0562801361, 6.88549137115, 9.85430431366, 5.78471708298, 13.2896108627, 34.0013961792, 15.3392868042], [89.7415618896, 21.309173584, -16.781255722, 15.2924871445, -6.41414022446, 14.2269020081, 4.1923160553, 9.44750022888, 6.15149116516, -6.68348407745, 3.29311084747, 15.3392868042, 39.8622093201]]
    },
    "sccoeffs": {
        "kurt": [-0.235074043274, 7.24156475067, 11.525718689, 6.50669193268, 5.27468681335, 16.5691394806],
        "max": [-0.427909135818, -0.497999817133, -0.450077950954, -0.548803806305, -0.705409944057, -0.669531166553],
        "mean": [-0.675280928612, -0.826184928417, -0.838089108467, -0.835032701492, -0.847507894039, -0.765683591366],
        "median": [-0.669335484505, -0.834159314632, -0.848564267159, -0.840943038464, -0.851345479488, -0.765878975391],
        "min": [-0.969880640507, -0.973186135292, -0.972144961357, -0.984681606293, -0.964452087879, -0.972777068615],
        "skew": [-0.28057974577, 2.02721619606, 2.82984519005, 1.65609395504, 1.17181944847, -2.15916204453],
        "var": [0.00818845443428, 0.0032836527098, 0.00344207999296, 0.0016294750385, 0.00089526589727, 0.000872220727615],
        "cov": [[0.00819309614599, 0.00177701096982, 0.00175825750921, 0.00129333662335, 0.000986617524177, 0.00123494083527], [0.00177701096982, 0.00328551419079, 0.00218422105536, 0.00135968113318, 0.00105122406967, 0.000866543501616], [0.00175825750921, 0.00218422105536, 0.00344403134659, 0.00154320697766, 0.00122151919641, 0.00096681213472], [0.00129333662335, 0.00135968113318, 0.00154320697766, 0.00163039879408, 0.000824392191134, 0.000712515728083], [0.000986617524177, 0.00105122406967, 0.00122151919641, 0.000824392191134, 0.000895773409866, 0.000589480681811], [0.00123494083527, 0.000866543501616, 0.00096681213472, 0.000712515728083, 0.000589480681811, 0.000872715201695]]
    },
    "scvalleys": {
        "kurt": [82.6586837769, 77.0498352051, 74.4941101074, 69.0713882446, 60.8604202271, 41.9370880127],
        "max": [-5.66030025482, -4.78910732269, -4.62530899048, -5.14590787888, -5.87893819809, -8.79454040527],
        "mean": [-7.34249448776, -7.43771982193, -7.49288225174, -8.18658447266, -8.99238967896, -12.0853157043],
        "median": [-7.09508800507, -7.27380084991, -7.43946170807, -8.17741584778, -8.94566631317, -12.0035018921],
        "min": [-27.8534069061, -27.5585651398, -27.4613761902, -27.5743160248, -27.4259300232, -27.3359699249],
        "skew": [-8.61804008484, -8.16053199768, -7.94093799591, -7.48456382751, -6.79171514511, -5.08252620697],
        "var": [3.96644282341, 4.06140995026, 4.09864997864, 3.97678232193, 3.86924409866, 3.19488763809],
        "cov": [[3.96869134903, 3.86204314232, 3.83003473282, 3.75902867317, 3.65279436111, 3.16315746307], [3.86204314232, 4.06371212006, 3.99621272087, 3.93143630028, 3.85183048248, 3.37823843956], [3.83003473282, 3.99621272087, 4.10097360611, 3.98162865639, 3.90208768845, 3.41890931129], [3.75902867317, 3.93143630028, 3.98162865639, 3.97903680801, 3.87453818321, 3.42018342018], [3.65279436111, 3.85183048248, 3.90208768845, 3.87453818321, 3.87143754959, 3.45273065567], [3.16315746307, 3.37823843956, 3.41890931129, 3.42018342018, 3.45273065567, 3.19669866562]]
    }
},
"rhythm": {
    "beats_loudness": {
        "kurt": 23.7567081451,
        "max": 0.100677601993,
        "mean": 0.00451329164207,
        "median": 0.000947884516791,
        "min": 2.02807623282e-05,
        "skew": 4.81271648407,
        "var": 0.000227140408242
    },
    "bpm": 136.734344482,
    "confidence": 0.199090436101,
    "first_peak_bpm": {
        "kurt": 0,
        "max": 136,
        "mean": 136,
        "median": 136,
        "min": 136,
        "skew": 0,
        "var": 0
    },
    "first_peak_spread": {
        "kurt": 0,
        "max": 0.200000047684,
        "mean": 0.200000047684,
        "median": 0.200000047684,
        "min": 0.200000047684,
        "skew": 0,
        "var": 0
    },
    "first_peak_weight": {
        "kurt": 0,
        "max": 0.10666666925,
        "mean": 0.10666666925,
        "median": 0.10666666925,
        "min": 0.10666666925,
        "skew": 0,
        "var": 0
    },
    "onset_rate": 0.415049642324,
    "second_peak_bpm": {
        "kurt": 0,
        "max": 112,
        "mean": 112,
        "median": 112,
        "min": 112,
        "skew": 0,
        "var": 0
    },
    "second_peak_spread": {
        "kurt": 0,
        "max": 0.461538493633,
        "mean": 0.461538493633,
        "median": 0.461538493633,
        "min": 0.461538493633,
        "skew": 0,
        "var": 0
    },
    "second_peak_weight": {
        "kurt": 0,
        "max": 0.0933333337307,
        "mean": 0.0933333337307,
        "median": 0.0933333337307,
        "min": 0.0933333337307,
        "skew": 0,
        "var": 0
    },
    "beats_loudness_band_ratio": {
        "kurt": [-0.674938440323, 4.38901233673, 2.30111217499, 3.46619796753, 4.41323566437, 22.72631073],
        "max": [0.941033482552, 0.517975568771, 0.399065345526, 0.768989026546, 0.279825121164, 0.201933428645],
        "mean": [0.560561776161, 0.116598531604, 0.103491894901, 0.171462386847, 0.0594951659441, 0.0204282142222],
        "median": [0.616088032722, 0.0911590456963, 0.0809352397919, 0.120564207435, 0.0410209558904, 0.0116564333439],
        "min": [0.00265470077284, 0.00552103109658, 0.00999140646309, 0.0187957454473, 0.00800325162709, 0.00158476794604],
        "skew": [-0.581546664238, 1.71575307846, 1.63050544262, 1.83578252792, 2.07470440865, 4.31810426712],
        "var": [0.0681488290429, 0.00783926155418, 0.00685767037794, 0.0253167785704, 0.00316146831028, 0.000787961354945],
        "cov": [[0.0690574869514, -0.0051133884117, -0.0157210361212, -0.0360530428588, -0.0106785651296, -0.00346387550235], [-0.0051133884117, 0.00794378481805, 0.00132841034792, -0.00229723774828, -0.000857815146446, -3.28034766426e-05], [-0.0157210361212, 0.00132841034792, 0.00694910623133, 0.00620550848544, 0.00171954312827, 0.000400169985369], [-0.0360530428588, -0.00229723774828, 0.00620550848544, 0.0256543345749, 0.00579863553867, 0.00133295462001], [-0.0106785651296, -0.000857815146446, 0.00171954312827, 0.00579863553867, 0.00320362113416, 0.000983959180303], [-0.00346387550235, -3.28034766426e-05, 0.000400169985369, 0.00133295462001, 0.000983959180303, 0.000798467488494]]
    },
    "beats_position": [0.684988677502, 1.369977355, 2.04335594177, 2.72834467888, 3.41333317757, 4.08671188354, 4.77170038223, 5.46829938889, 6.15328788757, 6.82666635513, 7.4303855896, 7.99927425385, 8.59138298035, 9.11383247375, 9.63628101349, 10.1471195221, 10.6811790466, 11.1920175552, 11.7260770798, 12.2717456818, 12.7941951752, 13.3050336838, 13.8390922546, 14.3731517792, 14.90721035, 15.4412698746, 15.9753284454, 16.4513378143, 16.9273471832, 17.391746521, 17.8561439514, 18.3321533203, 18.8081626892, 19.3190021515, 19.8298416138, 20.3290691376, 20.8166885376, 21.2926979065, 21.7803173065, 22.2447166443, 22.7091159821, 23.1967334747, 23.6843528748, 24.1255321503, 24.589931488, 25.0543308258, 25.4955101013, 25.9250793457, 26.3546485901, 26.7726078033, 27.2137870789, 27.6549663544, 28.0961437225, 28.537322998, 28.9785022736, 29.4196815491, 29.8260307312, 30.2323799133, 30.6271190643, 31.0450782776, 31.567527771, 32.0899772644, 32.6936950684, 33.2974128723, 33.8895225525, 34.5048522949, 35.0853500366, 35.6774597168, 36.2579574585, 36.8500671387, 37.4305648804, 38.034286499, 38.6147842407, 39.1952819824, 39.7757797241, 40.3795013428],
    "bpm_estimates": [135.999130249, 135.999130249, 139.674804688, 139.674804688, 135.999130249, 135.999130249, 135.999725342, 135.999130249, 135.999130249, 135.999130249],
    "bpm_intervals": [0.684988677502, 0.673378586769, 0.684988737106, 0.684988498688, 0.673378705978, 0.684988498688, 0.696599006653, 0.684988498688, 0.67337846756, 0.603719234467, 0.568888664246, 0.592108726501, 0.522449493408, 0.522448539734, 0.510838508606, 0.534059524536, 0.510838508606, 0.534059524536, 0.54566860199, 0.522449493408, 0.510838508606, 0.534058570862, 0.534059524536, 0.534058570862, 0.534059524536, 0.534058570862, 0.476009368896, 0.476009368896, 0.464399337769, 0.46439743042, 0.476009368896, 0.476009368896, 0.51083946228, 0.51083946228, 0.499227523804, 0.487619400024, 0.476009368896, 0.487619400024, 0.464399337769, 0.464399337769, 0.487617492676, 0.487619400024, 0.441179275513, 0.464399337769, 0.464399337769, 0.441179275513, 0.429569244385, 0.429569244385, 0.417959213257, 0.441179275513, 0.441179275513, 0.441177368164, 0.441179275513, 0.441179275513, 0.441179275513, 0.406349182129, 0.406349182129, 0.394739151001, 0.417959213257, 0.522449493408, 0.522449493408, 0.603717803955, 0.603717803955, 0.592109680176, 0.615329742432, 0.580497741699, 0.592109680176, 0.580497741699, 0.592109680176, 0.580497741699, 0.603721618652, 0.580497741699, 0.580497741699, 0.580497741699, 0.603721618652],
    "onset_times": [0.777868509293, 0.940408170223, 22.9645347595, 23.0690250397, 23.7307929993, 23.974603653, 24.1371421814, 24.2880725861, 33.7966423035, 35.3756027222, 35.7238998413, 36.2811775208, 36.8848991394, 37.4537849426, 37.6163253784, 38.4870758057, 39.520362854],
    "histogram": [[0, 0, 0, 0, 0, 0, 0, 0, 0, 0, 0, 0, 0, 0, 0, 0, 0, 0, 0, 0, 0, 0, 0, 0, 0, 0, 0, 0, 0, 0, 0, 0, 0, 0, 0, 0, 0, 0, 0, 0, 0, 0, 0, 0, 0, 0, 0, 0, 0, 0, 0, 0, 0, 0, 0, 0, 0, 0, 0, 0, 0, 0, 0, 0, 0, 0, 0, 0, 0, 0, 0, 0, 0, 0, 0, 0, 0, 0, 0, 0, 0, 0, 0, 0, 0, 0, 0.0133333336562, 0, 0.0666666701436, 0.0399999991059, 0, 0, 0, 0, 0, 0, 0, 0, 0.0133333336562, 0.0666666701436, 0, 0.0533333346248, 0, 0.0799999982119, 0, 0.0133333336562, 0, 0, 0, 0, 0.0133333336562, 0, 0.0933333337307, 0, 0, 0.0666666701436, 0, 0.0666666701436, 0, 0, 0.0133333336562, 0, 0, 0.0533333346248, 0, 0, 0.0666666701436, 0, 0, 0.0799999982119, 0, 0, 0, 0, 0, 0, 0.10666666925, 0, 0, 0, 0.0266666673124, 0, 0, 0, 0.0266666673124, 0, 0, 0, 0.0266666673124, 0, 0, 0, 0.0133333336562, 0, 0, 0, 0, 0, 0, 0, 0, 0, 0, 0, 0, 0, 0, 0, 0, 0, 0, 0, 0, 0, 0, 0, 0, 0, 0, 0, 0, 0, 0, 0, 0, 0, 0, 0, 0, 0, 0, 0, 0, 0, 0, 0, 0, 0, 0, 0, 0, 0, 0, 0, 0, 0, 0, 0, 0, 0, 0, 0, 0, 0, 0, 0, 0, 0, 0, 0, 0, 0, 0, 0, 0, 0, 0, 0, 0, 0, 0, 0, 0, 0, 0, 0, 0, 0, 0, 0, 0, 0, 0, 0, 0, 0, 0, 0, 0, 0]]
},
"sfx": {
    "inharmonicity": {
        "kurt": 2.58506631851,
        "max": 0.365221440792,
        "mean": 0.0630881413817,
        "median": 0.0361624322832,
        "min": 0,
        "skew": 1.70362377167,
        "var": 0.00439331959933
    },
    "oddtoevenharmonicenergyratio": {
        "kurt": 154.94329834,
        "max": 30.0691604614,
        "mean": 0.587452232838,
        "median": 0.159654006362,
        "min": 0,
        "skew": 9.7015953064,
        "var": 1.97619771957
    },
    "pitch_after_max_to_before_max_energy_ratio": 0.148807540536,
    "pitch_centroid": 907.071594238,
    "pitch_max_to_total": 0.991501390934,
    "pitch_min_to_total": 0.31558072567,
    "tristimulus": {
        "kurt": [-0.400193691254, 0.615248441696, 0.76359128952],
        "max": [1, 0.790873944759, 1],
        "mean": [0.363714456558, 0.239992052317, 0.396293282509],
        "median": [0.385388791561, 0.209950879216, 0.387161850929],
        "min": [0, 0, 0],
        "skew": [-0.104679457843, 0.969582378864, 0.0902039930224],
        "var": [0.0349869951606, 0.020694879815, 0.0269347336143],
