{
"metadata": {
    "version": {
        "essentia": "2.1-beta3"
    }
},
"lowLevel": {
    "average_loudness": 0.00892477203161,
    "barkbands_kurtosis": {
        "kurt": 9.4352388382,
        "max": 85.9440917969,
        "mean": 13.0019397736,
        "median": 10.6934719086,
        "min": -1.71670591831,
        "skew": 2.26398515701,
        "var": 100.822044373
    },
    "barkbands_skewness": {
        "kurt": 2.73039245605,
        "max": 6.13566017151,
        "mean": 2.34944438934,
        "median": 2.40654182434,
        "min": -2.05549144745,
        "skew": -0.969693481922,
        "var": 1.74830293655
    },
    "barkbands_spread": {
        "kurt": 9.64052581787,
        "max": 61.3100967407,
        "mean": 7.71891641617,
        "median": 4.6983590126,
        "min": 0.598889052868,
        "skew": 2.86960029602,
        "var": 76.9416732788
    },
    "dissonance": {
        "kurt": 9.377161026,
        "max": 0.499996036291,
        "mean": 0.444570422173,
        "median": 0.452522665262,
        "min": 0.165922731161,
        "skew": -2.14274644852,
        "var": 0.00168092164677
    },
    "hfc": {
        "kurt": 120.727897644,
        "max": 5.97398853302,
        "mean": 0.0485829152167,
        "median": 0.00175171333831,
        "min": 1.11075758182e-16,
        "skew": 10.9143199921,
        "var": 0.21169501543
    },
    "pitch": {
        "kurt": 39.0999679565,
        "max": 4359.93603516,
        "mean": 256.980895996,
        "median": 137.746337891,
        "min": 49.9888343811,
        "skew": 6.19131994247,
        "var": 283721.5
    },
    "pitch_instantaneous_confidence": {
        "kurt": 2.35916900635,
        "max": 0.985693871975,
        "mean": 0.357629984617,
        "median": 0.33630746603,
        "min": 0.110998213291,
        "skew": 1.15579688549,
        "var": 0.0230186954141
    },
    "pitch_salience": {
        "kurt": 0.316627264023,
        "max": 0.847267329693,
        "mean": 0.584012508392,
        "median": 0.591941416264,
        "min": 0.141828507185,
        "skew": -0.610910892487,
        "var": 0.0173279177397
    },
    "silence_rate_20dB": {
        "kurt": 0,
        "max": 1,
        "mean": 1,
        "median": 1,
        "min": 1,
        "skew": 0,
        "var": 0
    },
    "silence_rate_30dB": {
        "kurt": 0,
        "max": 1,
        "mean": 1,
        "median": 1,
        "min": 1,
        "skew": 0,
        "var": 0
    },
    "silence_rate_60dB": {
        "kurt": 96.0065460205,
        "max": 1,
        "mean": 0.990099012852,
        "median": 1,
        "min": 0,
        "skew": -9.89976119995,
        "var": 0.00980312749743
    },
    "spectral_centroid": {
        "kurt": 17.4831848145,
        "max": 11517.5507812,
        "mean": 751.133056641,
        "median": 221.464889526,
        "min": 93.0502471924,
        "skew": 4.38968467712,
        "var": 4884809
    },
    "spectral_complexity": {
        "kurt": 48.2053642273,
        "max": 3,
        "mean": 0.0636492222548,
        "median": 0,
        "min": 0,
        "skew": 6.49514389038,
        "var": 0.107688516378
    },
    "spectral_crest": {
        "kurt": 0.214328527451,
        "max": 21.4580669403,
        "mean": 10.8864040375,
        "median": 10.2573928833,
        "min": 3.35667729378,
        "skew": 0.703216552734,
        "var": 12.0865345001
    },
    "spectral_decrease": {
        "kurt": 120.887756348,
        "max": 2.12749777237e-28,
        "mean": -2.64628475383e-11,
        "median": -1.76232899801e-12,
        "min": -2.92602719831e-09,
        "skew": -10.9163427353,
        "var": 5.00739147558e-20
    },
    "spectral_energy": {
        "kurt": 120.884986877,
        "max": 0.011585352011,
        "mean": 0.000104283375549,
        "median": 6.83991356709e-06,
        "min": 1.02076478658e-20,
        "skew": 10.9167041779,
        "var": 7.85506358625e-07
    },
    "spectral_energyband_high": {
        "kurt": 148.455947876,
        "max": 6.32907585896e-06,
        "mean": 7.39985850373e-08,
        "median": 8.96817908824e-09,
        "min": 7.22160744163e-21,
        "skew": 11.4854297638,
        "var": 1.854109314e-13
    },
    "spectral_energyband_low": {
        "kurt": 14.3620014191,
        "max": 0.000136362927151,
        "mean": 1.16722831081e-05,
        "median": 3.62529931408e-06,
        "min": 2.43458867881e-23,
        "skew": 3.23861265182,
        "var": 3.12456754914e-10
    },
    "spectral_energyband_middle_high": {
        "kurt": 116.280906677,
        "max": 0.000339503400028,
        "mean": 3.15874513035e-06,
        "median": 1.8163582638e-07,
        "min": 1.21970931716e-21,
        "skew": 10.6749897003,
        "var": 7.67418850689e-10
    },
    "spectral_energyband_middle_low": {
        "kurt": 121.376708984,
        "max": 0.0112934038043,
        "mean": 9.0937326604e-05,
        "median": 2.60199908553e-06,
        "min": 1.4901762991e-22,
        "skew": 10.9385938644,
        "var": 7.38846210879e-07
    },
    "spectral_flatness_db": {
        "kurt": 0.288991689682,
        "max": 0.526488959789,
        "mean": 0.250180333853,
        "median": 0.249885112047,
        "min": 0.0628582537174,
        "skew": -0.120290577412,
        "var": 0.00606045313179
    },
    "spectral_flux": {
        "kurt": 157.298522949,
        "max": 0.0566581711173,
        "mean": 0.00220404844731,
        "median": 0.00153945886996,
        "min": 6.64123617211e-11,
        "skew": 11.4427156448,
        "var": 1.3033473806e-05
    },
    "spectral_kurtosis": {
        "kurt": 2.86607217789,
        "max": 107.602203369,
        "mean": 20.058555603,
        "median": 17.8115196228,
        "min": -1.24207353592,
        "skew": 1.15280771255,
        "var": 201.854995728
    },
    "spectral_rms": {
        "kurt": 90.3777389526,
        "max": 0.00336196110584,
        "mean": 0.000140716612805,
        "median": 8.16889587441e-05,
        "min": 3.15573782383e-12,
        "skew": 9.16108608246,
        "var": 8.19387651063e-08
    },
    "spectral_rolloff": {
        "kurt": 17.0549964905,
        "max": 19724.4140625,
        "mean": 1226.17480469,
        "median": 301.46484375,
        "min": 107.666015625,
        "skew": 4.3263297081,
        "var": 14316722
    },
    "spectral_skewness": {
        "kurt": 0.558398246765,
        "max": 8.49073028564,
        "mean": 3.40264701843,
        "median": 3.49902677536,
        "min": -0.0437001213431,
        "skew": -0.385993123055,
        "var": 1.75466358662
    },
    "spectral_spread": {
        "kurt": 16.4662685394,
        "max": 41682624,
        "mean": 4586597.5,
        "median": 2633779,
        "min": 730226.875,
        "skew": 4.2324757576,
        "var": 6.08736326451e+13
    },
    "spectral_strongpeak": {
        "kurt": 132.030105591,
        "max": 2.14855074883,
        "mean": 0.0251419171691,
        "median": 0.00600475259125,
        "min": 0,
        "skew": 11.1677112579,
        "var": 0.0230085048825
    },
    "zerocrossingrate": {
        "kurt": 16.6668205261,
        "max": 0.52978515625,
        "mean": 0.0413181260228,
        "median": 0.01611328125,
        "min": 0.00390625,
        "skew": 4.27100849152,
        "var": 0.00998305156827
    },
    "barkbands": {
        "kurt": [8.39388656616, 6.69830417633, 25.2872238159, 11.595656395, 14.3341369629, 17.1667137146, 122.073226929, 120.651489258, 156.396026611, 601.923095703, 117.765365601, 194.662033081, 241.090133667, 134.975784302, 137.274505615, 131.329101562, 97.3770828247, 93.5269851685, 227.374145508, 181.135818481, 151.032791138, 93.537147522, 152.585784912, 357.441009521, 594.591674805, 451.369873047, 224.857147217],
        "max": [8.97304289538e-07, 4.24615136581e-05, 0.00010022270726, 3.61357087968e-05, 5.09629171574e-05, 1.57568229042e-05, 0.00879013352096, 0.00250109704211, 4.87162742502e-06, 1.77156507561e-05, 0.000252589874435, 3.10059090225e-06, 1.61840816872e-05, 5.63423272979e-05, 2.10661692108e-05, 1.34212414196e-05, 4.80570361105e-06, 5.26177063875e-06, 5.12180895385e-06, 7.26153666619e-06, 2.72140096058e-06, 4.33397246979e-07, 7.4774234804e-08, 4.93844183325e-08, 7.38436085612e-08, 5.80987968846e-09, 1.70453692827e-10],
        "mean": [9.91990916077e-08, 4.21265303885e-06, 5.81749145567e-06, 2.63138008449e-06, 3.68643600268e-06, 1.0838189155e-06, 6.4335144998e-05, 1.90117207239e-05, 1.60891900691e-07, 1.08691899925e-07, 2.0336333364e-06, 5.17707903214e-08, 1.02000356605e-07, 3.96405368974e-07, 1.53695339122e-07, 1.18143930194e-07, 6.31288656905e-08, 6.61138273017e-08, 4.53824178237e-08, 6.6571374191e-08, 3.03929716949e-08, 7.06924740967e-09, 1.13243658895e-09, 3.77800984941e-10, 2.9551774916e-10, 2.79622314886e-11, 1.45297901315e-12],
        "median": [4.57769253615e-08, 1.38958330353e-06, 1.38621555834e-06, 5.14741145707e-07, 1.24533391954e-06, 3.21947567272e-07, 1.7478591019e-07, 9.98010278863e-08, 9.62924673331e-08, 5.24198249252e-08, 4.22799004696e-08, 2.14054676206e-08, 1.21735315162e-08, 6.52137854829e-09, 4.84928275313e-09, 5.38588862398e-09, 7.05614633389e-09, 8.06568856149e-09, 7.61833351959e-09, 6.61232490984e-09, 3.82809428601e-09, 1.42767442313e-09, 2.99777563884e-10, 7.04561131659e-11, 3.45034487093e-11, 4.14376909522e-12, 2.42572319653e-13],
        "min": [9.35416273054e-25, 4.31875115983e-24, 7.85483495863e-25, 3.34254722811e-24, 1.29802447118e-23, 6.72315857261e-24, 6.27969015955e-24, 1.07553303706e-23, 2.51549756646e-23, 2.05920779711e-23, 1.97504990693e-23, 4.45985131785e-23, 1.99720506545e-23, 4.72768663457e-23, 3.94934503175e-23, 9.76109599741e-23, 8.07235873841e-23, 1.17558727912e-22, 1.26946664934e-22, 2.02593793553e-22, 2.90941191472e-22, 3.71499692356e-22, 3.5309252559e-22, 5.9251789402e-22, 7.35888276968e-22, 1.3982479523e-21, 1.95126736622e-21],
        "skew": [2.77389025688, 2.33371114731, 4.57075023651, 3.17325949669, 3.22284913063, 3.77307510376, 10.9688768387, 10.9194335938, 9.82932567596, 23.8970069885, 10.755654335, 12.7305231094, 14.0496854782, 11.5352640152, 11.5948591232, 11.3105678558, 9.32048225403, 9.23606586456, 14.0105485916, 12.8236341476, 11.1167268753, 8.95154476166, 11.1470890045, 17.1864776611, 23.6521873474, 20.0982971191, 14.2821760178],
        "var": [2.1445369894e-14, 3.7109343376e-11, 1.49110404579e-10, 2.55006658151e-11, 3.52800011427e-11, 4.09070693985e-12, 4.42682477342e-07, 3.84357861094e-08, 6.75819534883e-14, 4.74556375099e-13, 4.01746330647e-10, 2.79550467925e-14, 6.49058118449e-13, 1.65476573416e-11, 2.31971690121e-12, 1.0893204741e-12, 1.30122814108e-13, 1.53887427974e-13, 7.24558081719e-14, 2.00179282872e-13, 2.56964757903e-14, 9.41831921799e-16, 2.18253556768e-17, 4.81619294214e-18, 8.32812389036e-18, 5.96693326461e-20, 1.01335948547e-22],
        "cov": [[2.14757461895e-14, 1.93147703235e-13, 8.3738896893e-14, -8.82297165015e-14, -5.2483862254e-14, -4.25360396591e-14, -2.41832595615e-12, -7.28709518942e-13, -2.35150428081e-15, -4.83370680416e-16, -7.60683427055e-14, -8.29429948249e-17, -1.33289284574e-15, -1.41040116733e-14, -4.91058245566e-15, -1.94945733953e-15, -4.24589723928e-17, 5.44689153061e-15, 4.91392357713e-15, 1.02386877798e-14, 2.63863934432e-15, 6.37486472285e-16, 7.20042525254e-17, 4.792910124e-17, 5.92755112326e-17, 4.77487857927e-18, -9.81642940236e-21], [1.93147703235e-13, 3.71619054973e-11, 3.83263178139e-11, 1.02597730658e-11, 1.46574124366e-11, 3.54602436824e-12, -2.43236902842e-10, -7.1175593197e-11, 4.23117107757e-13, 1.45966097824e-13, -7.35394731222e-12, 2.13729275706e-13, 4.16023755701e-14, -1.41325536343e-12, -5.29138310858e-13, -3.82164867243e-13, -1.61042552449e-13, -1.30894007113e-13, -6.23335950456e-14, -1.36899985705e-13, -6.32306910281e-14, -9.98112200122e-15, -1.61895757725e-15, -7.65217505483e-16, -6.67526072243e-16, -6.4464382128e-17, -1.295230836e-18], [8.3738896893e-14, 3.83263178139e-11, 1.49321596754e-10, 2.02084217416e-11, 1.74251758855e-11, 4.0979463746e-12, -3.08546910244e-10, -9.2120970574e-11, 4.62830999654e-13, 3.86221463882e-13, -9.27161646069e-12, 4.26685162896e-13, 4.88051005859e-13, -1.76742203772e-12, -6.94551295817e-13, -5.05155813013e-13, -2.02481369345e-13, -1.89461700452e-13, -9.60202173306e-14, -2.47084823305e-13, -1.01514337301e-13, -1.27238672005e-14, -1.95891298008e-15, -1.26619514214e-15, -1.2266001635e-15, -1.15020734725e-16, -1.41485924715e-18], [-8.82297165015e-14, 1.02597730658e-11, 2.02084217416e-11, 2.55367844926e-11, 1.23296650667e-11, 4.95022989613e-12, -1.48784540244e-10, -4.33572726333e-11, 4.15190478569e-13, 5.8174751366e-14, -4.46360613401e-12, 8.2702860402e-14, -1.48999248269e-13, -8.49683658936e-13, -3.17737508396e-13, -2.10651103765e-13, -8.84171479521e-14, -4.6975915318e-14, -2.05733901323e-14, -5.11338475902e-14, -2.49313001071e-14, -2.82029021854e-15, -4.21550907203e-16, 1.17064858492e-17, 3.11070149962e-16, 2.19824819429e-17, -5.00378716531e-19], [-5.2483862254e-14, 1.46574124366e-11, 1.74251758855e-11, 1.23296650667e-11, 3.53299715872e-11, 6.66515714148e-12, -1.6244722234e-10, -4.65368715785e-11, 7.54873756819e-13, 2.66226439765e-13, -4.73931571071e-12, 2.20631089895e-13, -7.61289834883e-14, -7.89845619464e-13, -2.93962879212e-13, -4.78662147082e-14, 1.54876010291e-14, 3.50052533618e-13, 2.69004816252e-13, 3.9335949862e-13, 1.36449784306e-13, 4.39268169365e-14, 6.16254966775e-15, 3.75022566847e-15, 5.37891671308e-15, 4.53976201927e-16, 7.97699326835e-19], [-4.25360396591e-14, 3.54602436824e-12, 4.0979463746e-12, 4.95022989613e-12, 6.66515714148e-12, 4.09650134994e-12, -4.15142850652e-11, -1.18216825218e-11, 2.93466477248e-13, 1.14628724806e-13, -1.22930571972e-12, 6.67345885041e-14, -1.69223427046e-14, -1.99984207796e-13, -8.10148660397e-14, -5.52307020106e-14, -9.19879983004e-15, -1.80980532345e-15, 6.66091293721e-15, 1.14904982908e-14, -7.06769055749e-16, 4.08922561814e-15, 4.45982116729e-16, 1.53185498229e-16, 1.17923675454e-16, 4.96559458207e-18, 1.47980194667e-19], [-2.41832595615e-12, -2.43236902842e-10, -3.08546910244e-10, -1.48784540244e-10, -1.6244722234e-10, -4.15142850652e-11, 4.43309517095e-07, 1.29435647978e-07, 2.01567365229e-12, 4.45691704029e-12, 1.30625323891e-08, 2.71778498144e-12, 3.67529173761e-10, 2.6905155881e-09, 9.91440374243e-10, 6.56973475621e-10, 1.78274894846e-10, 1.22543003522e-10, 2.65409274419e-11, 6.43076772389e-11, 1.51191125591e-11, 5.59820371754e-14, 3.65990007398e-13, 5.65982197632e-14, 4.70236989877e-15, 1.74243518157e-15, 2.38020302761e-15], [-7.28709518942e-13, -7.1175593197e-11, -9.2120970574e-11, -4.33572726333e-11, -4.65368715785e-11, -1.18216825218e-11, 1.29435647978e-07, 3.84902278938e-08, 9.4070465393e-13, 1.22099877951e-12, 3.83472942289e-09, 1.19147790592e-12, 1.0196182787e-10, 7.88619169967e-10, 2.96341090555e-10, 1.99367383713e-10, 5.42263733916e-11, 3.83752196687e-11, 8.00132789885e-12, 1.93620015854e-11, 4.60414649114e-12, 1.61745633841e-14, 1.08301761385e-13, 1.61017507379e-14, 1.15555538093e-15, 5.51357726988e-16, 7.43085381605e-16], [-2.35150428081e-15, 4.23117107757e-13, 4.62830999654e-13, 4.15190478569e-13, 7.54873756819e-13, 2.93466477248e-13, 2.01567365229e-12, 9.4070465393e-13, 6.76776817639e-14, 4.26918157943e-14, 8.30326408216e-14, 2.18552559134e-14, 2.58101086483e-14, 2.26281650074e-14, 8.82421052054e-15, 9.46300634695e-15, 1.03742350742e-14, 1.15918567944e-14, 8.91952036183e-15, 1.30265925407e-14, 5.23980086886e-15, 2.43063219291e-15, 3.09952675276e-16, 9.93226201739e-17, 7.52955115385e-17, 4.92824820459e-18, 3.64070570219e-19], [-4.83370680416e-16, 1.45966097824e-13, 3.86221463882e-13, 5.8174751366e-14, 2.66226439765e-13, 1.14628724806e-13, 4.45691704029e-12, 1.22099877951e-12, 4.26918157943e-14, 4.75228580446e-13, 4.12083561718e-13, 7.4606194432e-14, 1.07081180132e-13, 7.54803798674e-14, 2.79891889965e-14, 5.28549643289e-14, 1.28980308964e-13, 8.81386977292e-14, 2.00961565233e-14, 2.1843497402e-14, 3.20855199506e-14, 5.05839690474e-15, 8.19886282449e-16, 3.49871802833e-16, 2.36640650202e-16, 1.14450686515e-17, 3.06311934315e-19], [-7.60683427055e-14, -7.35394731222e-12, -9.27161646069e-12, -4.46360613401e-12, -4.73931571071e-12, -1.22930571972e-12, 1.30625323891e-08, 3.83472942289e-09, 8.30326408216e-14, 4.12083561718e-13, 4.02315375458e-10, 1.31545707487e-13, 1.1772718217e-11, 7.84863077308e-11, 2.9166304788e-11, 1.94594427377e-11, 5.49562392121e-12, 3.99480665561e-12, 8.48285580234e-13, 1.93738232922e-12, 4.853666297e-13, 5.45579850557e-15, 1.15343864559e-14, 1.94619096873e-15, 3.36484897088e-16, 7.73390513157e-17, 8.4619696544e-17], [-8.29429948249e-17, 2.13729275706e-13, 4.26685162896e-13, 8.2702860402e-14, 2.20631089895e-13, 6.67345885041e-14, 2.71778498144e-12, 1.19147790592e-12, 2.18552559134e-14, 7.4606194432e-14, 1.31545707487e-13, 2.79946438887e-14, 4.58435915097e-14, 2.49996743006e-14, 1.2264618642e-14, 1.60716454929e-14, 2.28244056007e-14, 2.28492050313e-14, 1.22976097282e-14, 1.58303952629e-14, 8.62355942677e-15, 2.09225290664e-15, 3.35464831191e-16, 9.52984659032e-17, 6.99028630449e-17, 5.33224859244e-18, 3.08218585627e-19], [-1.33289284574e-15, 4.16023755701e-14, 4.88051005859e-13, -1.48999248269e-13, -7.61289834883e-14, -1.69223427046e-14, 3.67529173761e-10, 1.0196182787e-10, 2.58101086483e-14, 1.07081180132e-13, 1.1772718217e-11, 4.58435915097e-14, 6.49977467682e-13, 2.03452727755e-12, 7.13161897158e-13, 4.5942508695e-13, 1.62037253732e-13, 1.14119271758e-13, 3.46658262534e-14, 5.74933777344e-14, 1.91317976544e-14, 2.54749076414e-15, 6.11662290607e-16, 1.48741381053e-16, 7.07981371655e-17, 9.61548162128e-18, 5.3759741868e-18], [-1.41040116733e-14, -1.41325536343e-12, -1.76742203772e-12, -8.49683658936e-13, -7.89845619464e-13, -1.99984207796e-13, 2.6905155881e-09, 7.88619169967e-10, 2.26281650074e-14, 7.54803798674e-14, 7.84863077308e-11, 2.49996743006e-14, 2.03452727755e-12, 1.65710951905e-11, 6.1153222243e-12, 4.06562847624e-12, 1.10708003095e-12, 7.54368247556e-13, 1.69470448959e-13, 4.13794243011e-13, 9.97969339545e-14, 1.97027169191e-15, 2.52435744732e-15, 4.31288821481e-16, 1.0774388791e-16, 1.37459120571e-17, 1.158556776e-17], [-4.91058245566e-15, -5.29138310858e-13, -6.94551295817e-13, -3.17737508396e-13, -2.93962879212e-13, -8.10148660397e-14, 9.91440374243e-10, 2.96341090555e-10, 8.82421052054e-15, 2.79891889965e-14, 2.9166304788e-11, 1.2264618642e-14, 7.13161897158e-13, 6.1153222243e-12, 2.32300268431e-12, 1.57010743383e-12, 4.31312998555e-13, 3.08161401128e-13, 7.20754158396e-14, 1.70153387907e-13, 4.26446868811e-14, 1.25695348329e-15, 1.03136785713e-15, 1.88665484928e-16, 6.35310113771e-17, 7.96718611161e-18, 4.57589035675e-18], [-1.94945733953e-15, -3.82164867243e-13, -5.05155813013e-13, -2.10651103765e-13, -4.78662147082e-14, -5.52307020106e-14, 6.56973475621e-10, 1.99367383713e-10, 9.46300634695e-15, 5.28549643289e-14, 1.94594427377e-11, 1.60716454929e-14, 4.5942508695e-13, 4.06562847624e-12, 1.57010743383e-12, 1.09086351063e-12, 3.14063174339e-13, 2.43327629096e-13, 6.66216959529e-14, 1.42179738577e-13, 4.07261945251e-14, 3.11394658872e-15, 1.04682652605e-15, 3.35862963146e-16, 3.13152368704e-16, 2.73702351816e-17, 3.49793132994e-18], [-4.24589723928e-17, -1.61042552449e-13, -2.02481369345e-13, -8.84171479521e-14, 1.54876010291e-14, -9.19879983004e-15, 1.78274894846e-10, 5.42263733916e-11, 1.03742350742e-14, 1.28980308964e-13, 5.49562392121e-12, 2.28244056007e-14, 1.62037253732e-13, 1.10708003095e-12, 4.31312998555e-13, 3.14063174339e-13, 1.30307114925e-13, 1.02231503157e-13, 3.70422517258e-14, 6.6444178176e-14, 2.88875809395e-14, 3.64573144894e-15, 7.25937993681e-16, 2.59699534005e-16, 2.00350979415e-16, 1.66894193776e-17, 1.40429129104e-18], [5.44689153061e-15, -1.30894007113e-13, -1.89461700452e-13, -4.6975915318e-14, 3.50052533618e-13, -1.80980532345e-15, 1.22543003522e-10, 3.83752196687e-11, 1.15918567944e-14, 8.81386977292e-14, 3.99480665561e-12, 2.28492050313e-14, 1.14119271758e-13, 7.54368247556e-13, 3.08161401128e-13, 2.43327629096e-13, 1.02231503157e-13, 1.54105406821e-13, 8.75901659688e-14, 1.42632420089e-13, 4.96024221859e-14, 8.31931705057e-15, 1.44841988118e-15, 6.30952618948e-16, 7.24326460559e-16, 6.23541848283e-17, 1.3037851243e-18], [4.91392357713e-15, -6.23335950456e-14, -9.60202173306e-14, -2.05733901323e-14, 2.69004816252e-13, 6.66091293721e-15, 2.65409274419e-11, 8.00132789885e-12, 8.91952036183e-15, 2.00961565233e-14, 8.48285580234e-13, 1.22976097282e-14, 3.46658262534e-14, 1.69470448959e-13, 7.20754158396e-14, 6.66216959529e-14, 3.70422517258e-14, 8.75901659688e-14, 7.25584346837e-14, 1.1206601646e-13, 3.94695262801e-14, 6.73861889276e-15, 1.15541562049e-15, 4.6311425806e-16, 5.14025914508e-16, 4.36449243981e-17, 3.98142708337e-19], [1.02386877798e-14, -1.36899985705e-13, -2.47084823305e-13, -5.11338475902e-14, 3.9335949862e-13, 1.14904982908e-14, 6.43076772389e-11, 1.93620015854e-11, 1.30265925407e-14, 2.1843497402e-14, 1.93738232922e-12, 1.58303952629e-14, 5.74933777344e-14, 4.13794243011e-13, 1.70153387907e-13, 1.42179738577e-13, 6.6444178176e-14, 1.42632420089e-13, 1.1206601646e-13, 2.00462815293e-13, 5.91425102251e-14, 1.11553985044e-14, 1.76573546976e-15, 7.84912080298e-16, 8.58584147314e-16, 7.12402221895e-17, 5.78665881438e-19], [2.63863934432e-15, -6.32306910281e-14, -1.01514337301e-13, -2.49313001071e-14, 1.36449784306e-13, -7.06769055749e-16, 1.51191125591e-11, 4.60414649114e-12, 5.23980086886e-15, 3.20855199506e-14, 4.853666297e-13, 8.62355942677e-15, 1.91317976544e-14, 9.97969339545e-14, 4.26446868811e-14, 4.07261945251e-14, 2.88875809395e-14, 4.96024221859e-14, 3.94695262801e-14, 5.91425102251e-14, 2.5732872796e-14, 3.97203945692e-15, 6.85405878968e-16, 2.74402914238e-16, 2.87875132083e-16, 2.33430087621e-17, 1.81100286674e-19], [6.37486472285e-16, -9.98112200122e-15, -1.27238672005e-14, -2.82029021854e-15, 4.39268169365e-14, 4.08922561814e-15, 5.59820371754e-14, 1.61745633841e-14, 2.43063219291e-15, 5.05839690474e-15, 5.45579850557e-15, 2.09225290664e-15, 2.54749076414e-15, 1.97027169191e-15, 1.25695348329e-15, 3.11394658872e-15, 3.64573144894e-15, 8.31931705057e-15, 6.73861889276e-15, 1.11553985044e-14, 3.97203945692e-15, 9.43165998691e-16, 1.26564999703e-16, 5.68184473237e-17, 6.34078342577e-17, 5.77446637894e-18, 3.17064952699e-20], [7.20042525254e-17, -1.61895757725e-15, -1.95891298008e-15, -4.21550907203e-16, 6.16254966775e-15, 4.45982116729e-16, 3.65990007398e-13, 1.08301761385e-13, 3.09952675276e-16, 8.19886282449e-16, 1.15343864559e-14, 3.35464831191e-16, 6.11662290607e-16, 2.52435744732e-15, 1.03136785713e-15, 1.04682652605e-15, 7.25937993681e-16, 1.44841988118e-15, 1.15541562049e-15, 1.76573546976e-15, 6.85405878968e-16, 1.26564999703e-16, 2.18562690707e-17, 8.81730857845e-18, 9.75346031054e-18, 7.97186319759e-19, 4.86753300546e-21], [4.792910124e-17, -7.65217505483e-16, -1.26619514214e-15, 1.17064858492e-17, 3.75022566847e-15, 1.53185498229e-16, 5.65982197632e-14, 1.61017507379e-14, 9.93226201739e-17, 3.49871802833e-16, 1.94619096873e-15, 9.52984659032e-17, 1.48741381053e-16, 4.31288821481e-16, 1.88665484928e-16, 3.35862963146e-16, 2.59699534005e-16, 6.30952618948e-16, 4.6311425806e-16, 7.84912080298e-16, 2.74402914238e-16, 5.68184473237e-17, 8.81730857845e-18, 4.82301470065e-18, 6.02868627814e-18, 4.83109304991e-19, 1.65643311463e-21], [5.92755112326e-17, -6.67526072243e-16, -1.2266001635e-15, 3.11070149962e-16, 5.37891671308e-15, 1.17923675454e-16, 4.70236989877e-15, 1.15555538093e-15, 7.52955115385e-17, 2.36640650202e-16, 3.36484897088e-16, 6.99028630449e-17, 7.07981371655e-17, 1.0774388791e-16, 6.35310113771e-17, 3.13152368704e-16, 2.00350979415e-16, 7.24326460559e-16, 5.14025914508e-16, 8.58584147314e-16, 2.87875132083e-16, 6.34078342577e-17, 9.75346031054e-18, 6.02868627814e-18, 8.33992031307e-18, 6.67868625105e-19, 1.35614039996e-21], [4.77487857927e-18, -6.4464382128e-17, -1.15020734725e-16, 2.19824819429e-17, 4.53976201927e-16, 4.96559458207e-18, 1.74243518157e-15, 5.51357726988e-16, 4.92824820459e-18, 1.14450686515e-17, 7.73390513157e-17, 5.33224859244e-18, 9.61548162128e-18, 1.37459120571e-17, 7.96718611161e-18, 2.73702351816e-17, 1.66894193776e-17, 6.23541848283e-17, 4.36449243981e-17, 7.12402221895e-17, 2.33430087621e-17, 5.77446637894e-18, 7.97186319759e-19, 4.83109304991e-19, 6.67868625105e-19, 5.97538472402e-20, 2.56091184701e-22], [-9.81642940236e-21, -1.295230836e-18, -1.41485924715e-18, -5.00378716531e-19, 7.97699326835e-19, 1.47980194667e-19, 2.38020302761e-15, 7.43085381605e-16, 3.64070570219e-19, 3.06311934315e-19, 8.4619696544e-17, 3.08218585627e-19, 5.3759741868e-18, 1.158556776e-17, 4.57589035675e-18, 3.49793132994e-18, 1.40429129104e-18, 1.3037851243e-18, 3.98142708337e-19, 5.78665881438e-19, 1.81100286674e-19, 3.17064952699e-20, 4.86753300546e-21, 1.65643311463e-21, 1.35614039996e-21, 2.56091184701e-22, 1.01479483366e-22]]
    },
    "mfcc": {
        "kurt": [3.83503055573, 1.42414951324, 3.29819440842, 3.0400519371, 3.31605005264, 7.07273292542, 1.93203496933, 3.38544559479, 0.538767576218, 1.63287878036, 2.58514261246, 8.97719192505, 17.8638477325],
        "max": [-912.888977051, 152.01739502, 85.3209838867, 73.5546112061, 27.3934822083, 31.9012145996, 36.904914856, 23.7071170807, 21.4293785095, 22.4494571686, 20.8582344055, 32.7432479858, 40.5255393982],
        "mean": [-1061.27648926, 88.866569519, 53.4622764587, 26.7274360657, 7.93297958374, 2.1405069828, 4.31328058243, 3.87230420113, 1.3761099577, -1.78376793861, -3.52888631821, -2.52981352806, -1.26551961899],
        "median": [-1066.25427246, 86.0311050415, 56.7080421448, 27.6238288879, 8.39720153809, 2.91976165771, 4.43480300903, 4.49002838135, 1.25151824951, -1.17883300781, -3.38486862183, -2.77429199219, -1.19657897949],
        "min": [-1138.42004395, 1.14440917969e-05, -50.427532196, -32.1477737427, -31.2651634216, -48.9659690857, -23.382232666, -32.7787628174, -18.9530487061, -28.0886154175, -31.409078598, -16.1941604614, -16.7714195251],
        "skew": [0.692202448845, -0.993833959103, -1.75261294842, -0.893676459789, -1.01756107807, -1.62369918823, -0.0908621698618, -0.924496471882, -0.03179166466, -0.0588340684772, -0.107314653695, 1.81850540638, 2.79657125473],
        "var": [1161.09069824, 993.950317383, 531.860351562, 133.176712036, 60.5010719299, 68.7372894287, 52.0621414185, 43.1009178162, 30.3474388123, 30.897983551, 32.8573379517, 29.9742088318, 32.8567047119],
        "cov": [[1162.73535156, 898.781860352, 127.995994568, 106.83341217, -31.3082733154, -55.1805801392, 33.9061203003, -31.8121814728, -39.9634132385, -37.7530670166, -26.9779491425, 31.4378795624, 39.3032875061], [898.781860352, 995.358154297, 477.892272949, 140.669754028, 27.3682746887, 25.88530159, 41.8834838867, 13.1356468201, -32.3036079407, -45.6160011292, -29.0617523193, -5.89492893219, 2.0610871315], [127.995994568, 477.892272949, 532.613647461, 149.885452271, 89.2354354858, 98.0163192749, 43.4008903503, 56.7931175232, 3.12940120697, -29.8890628815, -26.6284198761, -49.4070739746, -47.0946083069], [106.83341217, 140.669754028, 149.885452271, 133.365356445, 65.4923400879, 42.1558303833, 42.2177429199, 29.3579673767, 13.6502895355, -11.8921995163, -25.0959663391, -25.5774002075, -25.8076038361], [-31.3082733154, 27.3682746887, 89.2354354858, 65.4923400879, 60.586769104, 52.421257019, 32.4621124268, 27.475446701, 11.6854248047, -4.68935585022, -10.3183813095, -16.3902816772, -18.8536338806], [-55.1805801392, 25.88530159, 98.0163192749, 42.1558303833, 52.421257019, 68.8346557617, 43.770401001, 33.7665176392, 9.68931770325, -9.94761276245, -9.93704032898, -18.4340286255, -22.1126422882], [33.9061203003, 41.8834838867, 43.4008903503, 42.2177429199, 32.4621124268, 43.770401001, 52.1358833313, 37.3238525391, 13.08618927, -6.62780046463, -11.7000293732, -12.1298179626, -12.9395265579], [-31.8121814728, 13.1356468201, 56.7931175232, 29.3579673767, 27.475446701, 33.7665176392, 37.3238525391, 43.1619682312, 24.3995876312, 3.63914251328, -4.84248971939, -11.6894874573, -12.5893335342], [-39.9634132385, -32.3036079407, 3.12940120697, 13.6502895355, 11.6854248047, 9.68931770325, 13.08618927, 24.3995876312, 30.390422821, 19.0117912292, 4.27739858627, -0.654039144516, -2.1464600563], [-37.7530670166, -45.6160011292, -29.8890628815, -11.8921995163, -4.68935585022, -9.94761276245, -6.62780046463, 3.63914251328, 19.0117912292, 30.9417495728, 23.638633728, 14.5745420456, 12.215221405], [-26.9779491425, -29.0617523193, -26.6284198761, -25.0959663391, -10.3183813095, -9.93704032898, -11.7000293732, -4.84248971939, 4.27739858627, 23.638633728, 32.9038772583, 23.0438270569, 15.6539583206], [31.4378795624, -5.89492893219, -49.4070739746, -25.5774002075, -16.3902816772, -18.4340286255, -12.1298179626, -11.6894874573, -0.654039144516, 14.5745420456, 23.0438270569, 30.016664505, 26.398393631], [39.3032875061, 2.0610871315, -47.0946083069, -25.8076038361, -18.8536338806, -22.1126422882, -12.9395265579, -12.5893335342, -2.1464600563, 12.215221405, 15.6539583206, 26.398393631, 32.9032440186]]
    },
    "sccoeffs": {
        "kurt": [0.0408594608307, 28.2660484314, 27.264673233, 35.3354797363, 17.9728546143, 7.93263339996],
        "max": [-0.63142323494, -0.257638961077, -0.523793280125, -0.56188416481, -0.706050872803, -0.757758259773],
        "mean": [-0.806389510632, -0.845196902752, -0.878754854202, -0.889173865318, -0.895794153214, -0.844066023827],
        "median": [-0.80839651823, -0.849866390228, -0.880019307137, -0.890571177006, -0.896008849144, -0.841620087624],
        "min": [-0.97342300415, -0.978750288486, -0.982660710812, -0.982861399651, -0.981004238129, -0.980613052845],
        "skew": [-0.0797506421804, 3.99343562126, 3.56524920464, 4.52886962891, 1.99004530907, -2.35869455338],
        "var": [0.00423394655809, 0.0049397693947, 0.00176203995943, 0.00139409047551, 0.000592994911131, 0.000906391243916],
        "cov": [[0.00423994380981, 0.00109074544162, 0.000507968186866, 0.000659116951283, 0.000445053156, 0.00101401342545], [0.00109074544162, 0.00494676595554, 0.00204188586213, 0.00197229138575, 0.00112514290959, 0.000844303343911], [0.000507968186866, 0.00204188586213, 0.00176453578752, 0.00116136961151, 0.000723637349438, 0.000585201603826], [0.000659116951283, 0.00197229138575, 0.00116136961151, 0.0013960651122, 0.000704787205905, 0.000578371109441], [0.000445053156, 0.00112514290959, 0.000723637349438, 0.000704787205905, 0.000593834847677, 0.000495780666824], [0.00101401342545, 0.000844303343911, 0.000585201603826, 0.000578371109441, 0.000495780666824, 0.000907675072085]]
    },
    "scvalleys": {
        "kurt": [16.3343219757, 16.1352367401, 16.1993141174, 15.9101924896, 15.5152702332, 14.9450073242],
        "max": [-7.08435869217, -7.43500328064, -8.01814079285, -8.84652042389, -8.58486938477, -11.0650415421],
        "mean": [-9.3897485733, -10.2858915329, -10.9923839569, -12.1386041641, -12.4935407639, -14.9520406723],
        "median": [-8.55366420746, -9.55274677277, -10.2286348343, -11.4892234802, -11.8458127975, -14.526515007],
        "min": [-28.0432815552, -27.8638648987, -27.7670154572, -27.6912536621, -27.415599823, -27.3446350098],
        "skew": [-4.21315670013, -4.17819690704, -4.19558906555, -4.14149713516, -4.06700181961, -3.95838451385],
        "var": [15.5116205215, 13.8501911163, 12.6385507584, 11.1163873672, 10.6306324005, 7.50526332855],
        "cov": [[15.5335922241, 14.5332450867, 13.8987789154, 12.9977855682, 12.6194295883, 10.4844589233], [14.5332450867, 13.8698091507, 13.1643533707, 12.3249826431, 11.9428348541, 9.91334438324], [13.8987789154, 13.1643533707, 12.656452179, 11.8099355698, 11.4842777252, 9.55000400543], [12.9977855682, 12.3249826431, 11.8099355698, 11.1321334839, 10.8232021332, 9.0093536377], [12.6194295883, 11.9428348541, 11.4842777252, 10.8232021332, 10.6456899643, 8.89852142334], [10.4844589233, 9.91334438324, 9.55000400543, 9.0093536377, 8.89852142334, 7.51589393616]]
    }
},
"rhythm": {
    "beats_loudness": {
        "kurt": 20.0325603485,
        "max": 0.0101317325607,
        "mean": 0.000431125430623,
        "median": 2.54868191405e-05,
        "min": 0,
        "skew": 4.69334077835,
        "var": 3.92168612962e-06
    },
    "bpm": 111.550361633,
    "confidence": 1.32309031487,
    "first_peak_bpm": {
        "kurt": 0,
        "max": 112,
        "mean": 112,
        "median": 112,
        "min": 112,
        "skew": 0,
        "var": 0
    },
    "first_peak_spread": {
        "kurt": 0,
        "max": 0.333333313465,
        "mean": 0.333333313465,
        "median": 0.333333313465,
        "min": 0.333333313465,
        "skew": 0,
        "var": 0
    },
    "first_peak_weight": {
        "kurt": 0,
        "max": 0.166666671634,
        "mean": 0.166666671634,
        "median": 0.166666671634,
        "min": 0.166666671634,
        "skew": 0,
        "var": 0
    },
    "onset_rate": 2.07532858849,
    "second_peak_bpm": {
        "kurt": 0,
        "max": 82,
        "mean": 82,
        "median": 82,
        "min": 82,
        "skew": 0,
        "var": 0
    },
    "second_peak_spread": {
        "kurt": 0,
        "max": 0.333333313465,
        "mean": 0.333333313465,
        "median": 0.333333313465,
        "min": 0.333333313465,
        "skew": 0,
        "var": 0
    },
    "second_peak_weight": {
        "kurt": 0,
        "max": 0.25,
        "mean": 0.25,
        "median": 0.25,
        "min": 0.25,
        "skew": 0,
        "var": 0
    },
    "beats_loudness_band_ratio": {
        "kurt": [-0.0244927406311, 0.350225925446, 9.42841720581, 1.98111915588, 12.0256299973, 12.7273330688],
        "max": [0.967892110348, 0.742159247398, 0.966758966446, 0.0622012428939, 0.152273207903, 0.193102970719],
        "mean": [0.594713807106, 0.270801872015, 0.112395077944, 0.0156148336828, 0.0136717148125, 0.0153310857713],
        "median": [0.610135853291, 0.280116826296, 0.0325868092477, 0.00896943174303, 0.00194264436141, 0.00107669574209],
        "min": [0, 0, 0, 0, 0, 0],
        "skew": [-0.700095295906, 0.583057999611, 3.09045338631, 1.53821241856, 3.48139238358, 3.58037281036],
        "var": [0.0655667632818, 0.0301359556615, 0.0422915667295, 0.000214768850128, 0.000997264753096, 0.00159956945572],
        "cov": [[0.0682987123728, 0.000365145504475, -0.0328400544822, -0.00182677747216, -0.00239313393831, -0.00278753810562], [0.000365145504475, 0.031391620636, -0.0109603600577, 0.000346914166585, 0.00113443273585, 0.00117809034418], [-0.0328400544822, -0.0109603600577, 0.0440537147224, 0.00136955967173, -0.000193946936633, -0.000398105941713], [-0.00182677747216, 0.000346914166585, 0.00136955967173, 0.000223717550398, 0.000285311980406, 0.000382547645131], [-0.00239313393831, 0.00113443273585, -0.000193946936633, 0.000285311980406, 0.00103881745599, 0.00129923201166], [-0.00278753810562, 0.00117809034418, -0.000398105941713, 0.000382547645131, 0.00129923201166, 0.00166621815879]]
    },
    "beats_position": [0.49922901392, 1.01006805897, 1.52090704441, 2.02013611794, 2.50775504112, 3.04181408882, 3.5758728981, 4.1099319458, 4.65560102463, 5.20126962662, 5.73532867432, 6.39709758759, 7.05886602402, 7.70902490616, 8.34757328033, 9.11383247375, 9.89170074463, 10.6579589844, 11.412607193, 12.1324262619, 12.8638544083, 13.6068935394, 14.3499317169, 15.0813598633, 15.8127889633],
    "bpm_estimates": [112.347129822, 112.347175598, 112.347129822, 109.956756592, 109.956848145, 112.347129822],
    "bpm_intervals": [0.510839045048, 0.510838985443, 0.499229073524, 0.487618923187, 0.534059047699, 0.53405880928, 0.534059047699, 0.545669078827, 0.54566860199, 0.534059047699, 0.661768913269, 0.661768436432, 0.650158882141, 0.638548374176, 0.76625919342, 0.777868270874, 0.766258239746, 0.754648208618, 0.719819068909, 0.731428146362, 0.743039131165, 0.74303817749, 0.731428146362, 0.731429100037],
    "onset_times": [0.220589563251, 0.255419492722, 0.31346938014, 0.510838985443, 1.4164172411, 1.49768710136, 2.03174614906, 2.26394557953, 2.47292518616, 2.80961441994, 2.90249443054, 3.03020405769, 3.65714287758, 4.06349229813, 4.43501138687, 5.39863967896, 6.04879808426, 6.46675729752, 6.93115663528, 7.40716552734, 7.67419481277, 7.70902490616, 7.98766422272, 8.40562343597, 9.65950107574, 9.97297096252, 10.2864398956, 10.3909301758, 10.565079689, 10.6347389221, 12.8406352997, 13.0728340149, 13.1889343262, 13.6997728348],
    "histogram": [[0, 0, 0, 0, 0, 0, 0, 0, 0, 0, 0, 0, 0, 0, 0, 0, 0, 0, 0, 0, 0, 0, 0, 0, 0, 0, 0, 0, 0, 0, 0, 0, 0, 0, 0, 0, 0, 0, 0, 0, 0, 0, 0, 0, 0, 0, 0, 0, 0, 0, 0, 0, 0, 0, 0, 0, 0, 0, 0, 0, 0, 0, 0, 0, 0, 0, 0, 0, 0, 0, 0, 0, 0, 0, 0, 0, 0, 0.0416666679084, 0.0833333358169, 0, 0.0416666679084, 0.0833333358169, 0.125, 0.0416666679084, 0, 0, 0, 0, 0, 0, 0, 0.0833333358169, 0.0416666679084, 0, 0.0416666679084, 0, 0, 0, 0, 0, 0, 0, 0, 0, 0, 0, 0, 0, 0, 0, 0.0833333358169, 0, 0.166666671634, 0, 0, 0, 0, 0.0833333358169, 0, 0, 0.0416666679084, 0, 0, 0.0416666679084, 0, 0, 0, 0, 0, 0, 0, 0, 0, 0, 0, 0, 0, 0, 0, 0, 0, 0, 0, 0, 0, 0, 0, 0, 0, 0, 0, 0, 0, 0, 0, 0, 0, 0, 0, 0, 0, 0, 0, 0, 0, 0, 0, 0, 0, 0, 0, 0, 0, 0, 0, 0, 0, 0, 0, 0, 0, 0, 0, 0, 0, 0, 0, 0, 0, 0, 0, 0, 0, 0, 0, 0, 0, 0, 0, 0, 0, 0, 0, 0, 0, 0, 0, 0, 0, 0, 0, 0, 0, 0, 0, 0, 0, 0, 0, 0, 0, 0, 0, 0, 0, 0, 0, 0, 0, 0, 0, 0, 0, 0, 0, 0, 0, 0, 0, 0, 0, 0, 0, 0, 0, 0, 0, 0, 0, 0]]
},
"sfx": {
    "inharmonicity": {
        "kurt": 1.96595239639,
        "max": 0.319755315781,
        "mean": 0.065700404346,
        "median": 0.0441626496613,
        "min": 0,
        "skew": 1.5276132822,
        "var": 0.00449473503977
    },
    "oddtoevenharmonicenergyratio": {
        "kurt": 141.446578979,
        "max": 493.401916504,
        "mean": 4.56109666824,
        "median": 0.332818895578,
        "min": 0,
        "skew": 11.7219934464,
        "var": 1278.76391602
    },
    "pitch_after_max_to_before_max_energy_ratio": 0.398716509342,
    "pitch_centroid": 354.650421143,
    "pitch_max_to_total": 0.736916542053,
    "pitch_min_to_total": 0.352192372084,
    "tristimulus": {
        "kurt": [-0.221596002579, 0.0398576259613, 4.40370845795],
        "max": [1, 0.953426539898, 1],
        "mean": [0.39894554019, 0.373437553644, 0.227617040277],
        "median": [0.402634054422, 0.360253244638, 0.189722672105],
        "min": [0, 0, 0],
        "skew": [0.00231519341469, 0.449450671673, 1.82695889473],
        "var": [0.0535880029202, 0.032596629113, 0.0242216382176],
        "cov": [[0.0536639094353, -0.0310254022479, -0.0226385723799], [-0.0310254022479, 0.0326428003609, -0.00161738565657], [-0.0226385723799, -0.00161738565657, 0.0242559462786]]
    }
},
"tonal": {
    "chords_changes_rate": 0.152542367578,
    "chords_number_rate": 0.0310734454542,
    "chords_strength": {
        "kurt": -0.537654161453,
        "max": 0.60285204649,
        "mean": 0.45372658968,
        "median": 0.449594289064,
        "min": 0.272136986256,
        "skew": -0.165213167667,
        "var": 0.00534335337579
    },
    "key_strength": 0.401528775692,
    "tuning_diatonic_strength": 0.592527270317,
    "tuning_equal_tempered_deviation": 0.293514639139,
    "tuning_frequency": 442.548919678,
    "tuning_nontempered_energy_ratio": 0.914868712425,
    "hpcp": {
        "kurt": [7.00686073303, 8.05032253265, 5.87860774994, 2.89239931107, 1.77275180817, 0.999314308167, 1.48522424698, 1.74642896652, 1.55442762375, 1.34160900116, 0.847979545593, 2.00566053391, 9.03344345093, 12.789560318, 14.0607624054, 9.08892631531, 5.6318693161, 5.62860393524, 7.44480228424, 11.7104587555, 15.6409549713, 20.1962337494, 7.02242946625, 3.1791305542, 4.59061098099, 8.9672088623, 10.3923187256, 13.1352748871, 7.87020111084, 4.9128446579, 5.68724441528, 8.48393344879, 10.1285276413, 9.56677913666, 6.67706394196, 6.52548122406],
        "max": [1, 1, 1, 1, 1, 1, 1, 1, 1, 1, 1, 1, 1, 1, 1, 1, 1, 1, 1, 1, 1, 1, 1, 1, 1, 1, 1, 1, 1, 1, 1, 1, 1, 1, 1, 1],
