{
"metadata": {
    "version": {
        "essentia": "2.1-beta3"
    }
},
"lowLevel": {
    "average_loudness": 0.962511777878,
    "barkbands_kurtosis": {
        "kurt": 18.2436256409,
        "max": 18.113779068,
        "mean": 1.50925970078,
        "median": 1.0636343956,
        "min": -1.80513799191,
        "skew": 3.59988546371,
        "var": 7.18992948532
    },
    "barkbands_skewness": {
        "kurt": 5.83860492706,
        "max": 2.49271774292,
        "mean": 0.906400740147,
        "median": 1.27166807652,
        "min": -4.35754680634,
        "skew": -2.42003679276,
        "var": 1.49845802784
    },
    "barkbands_spread": {
        "kurt": 1.02899837494,
        "max": 44.6332206726,
        "mean": 19.3975486755,
        "median": 16.7947120667,
        "min": 7.48962068558,
        "skew": 1.37230324745,
        "var": 68.2537384033
    },
    "dissonance": {
        "kurt": 15.9519481659,
        "max": 0.499999910593,
        "mean": 0.473812580109,
        "median": 0.47786578536,
        "min": 0.341604918242,
        "skew": -3.19567418098,
        "var": 0.00045955972746
    },
    "hfc": {
        "kurt": 21.4020462036,
        "max": 195.33114624,
        "mean": 9.66531085968,
        "median": 1.93278264999,
        "min": 0.0775102302432,
        "skew": 4.41162872314,
        "var": 695.397399902
    },
    "pitch": {
        "kurt": 0.801512718201,
        "max": 4773.39990234,
        "mean": 853.820800781,
        "median": 282.314819336,
        "min": 75.1555175781,
        "skew": 1.6304204464,
        "var": 1546052.75
    },
    "pitch_instantaneous_confidence": {
        "kurt": 1.5082244873,
        "max": 0.958415925503,
        "mean": 0.34199115634,
        "median": 0.263890177011,
        "min": 0.136647641659,
        "skew": 1.64990127087,
        "var": 0.0434607379138
    },
    "pitch_salience": {
        "kurt": 3.16722393036,
        "max": 0.851988971233,
        "mean": 0.72564804554,
        "median": 0.742492854595,
        "min": 0.375515818596,
        "skew": -1.41903805733,
        "var": 0.0063860998489
    },
    "silence_rate_20dB": {
        "kurt": 0,
        "max": 1,
        "mean": 1,
        "median": 1,
        "min": 1,
        "skew": 0,
        "var": 0
    },
    "silence_rate_30dB": {
        "kurt": 0,
        "max": 1,
        "mean": 1,
        "median": 1,
        "min": 1,
        "skew": 0,
        "var": 0
    },
    "silence_rate_60dB": {
        "kurt": -1.35838222504,
        "max": 1,
        "mean": 0.685897409916,
        "median": 1,
        "min": 0,
        "skew": -0.801010608673,
        "var": 0.215442091227
    },
    "spectral_centroid": {
        "kurt": 3.35375785828,
        "max": 3238.74902344,
        "mean": 1019.43847656,
        "median": 750.150756836,
        "min": 481.983001709,
        "skew": 2.12831830978,
        "var": 459031.75
    },
    "spectral_complexity": {
        "kurt": 1.40734195709,
        "max": 23,
        "mean": 9.92307662964,
        "median": 9,
        "min": 0,
        "skew": 1.23344838619,
        "var": 16.5453624725
    },
    "spectral_crest": {
        "kurt": 3.59149599075,
        "max": 22.9148712158,
        "mean": 8.49790477753,
        "median": 7.98450613022,
        "min": 3.43041324615,
        "skew": 1.55898237228,
        "var": 11.1194667816
    },
    "spectral_decrease": {
        "kurt": 19.0143451691,
        "max": -1.58557177804e-11,
        "mean": -1.1130290023e-09,
        "median": -6.68726074515e-10,
        "min": -1.12853468792e-08,
        "skew": -4.14878702164,
        "var": 2.25853683965e-18
    },
    "spectral_energy": {
        "kurt": 19.7990474701,
        "max": 0.060310639441,
        "mean": 0.00507749803364,
        "median": 0.00273466482759,
        "min": 6.68735738145e-05,
        "skew": 4.2411532402,
        "var": 6.48175773676e-05
    },
    "spectral_energyband_high": {
        "kurt": 38.9869766235,
        "max": 0.000586855458096,
        "mean": 4.25814250775e-05,
        "median": 2.43220456468e-05,
        "min": 6.69674363962e-06,
        "skew": 5.69205617905,
        "var": 4.39921343798e-09
    },
    "spectral_energyband_low": {
        "kurt": 3.1823797226,
        "max": 0.000884537352249,
        "mean": 0.000187650352018,
        "median": 0.000125524267787,
        "min": 4.93775223731e-06,
        "skew": 1.82812964916,
        "var": 2.97781888037e-08
    },
    "spectral_energyband_middle_high": {
        "kurt": 20.7214012146,
        "max": 0.0576403439045,
        "mean": 0.00290883588605,
        "median": 0.000628220615909,
        "min": 9.07846788323e-06,
        "skew": 4.35298919678,
        "var": 6.1623090005e-05
    },
    "spectral_energyband_middle_low": {
        "kurt": 0.686751842499,
        "max": 0.00450907228515,
        "mean": 0.00204422604293,
        "median": 0.00187581428327,
        "min": 4.6438723075e-05,
        "skew": 0.741461753845,
        "var": 5.27593442712e-07
    },
    "spectral_flatness_db": {
        "kurt": 5.54674816132,
        "max": 0.32142111659,
        "mean": 0.183637946844,
        "median": 0.178912907839,
        "min": 0.0793158710003,
        "skew": 1.54259490967,
        "var": 0.000877044803929
    },
    "spectral_flux": {
        "kurt": 11.2833623886,
        "max": 0.15436001122,
        "mean": 0.0392522215843,
        "median": 0.0336983203888,
        "min": 0.0223021972924,
        "skew": 3.08703637123,
        "var": 0.000356573000317
    },
    "spectral_kurtosis": {
        "kurt": -0.136068820953,
        "max": 18.3082828522,
        "mean": 9.01010990143,
        "median": 8.71408462524,
        "min": 0.698714971542,
        "skew": 0.217518270016,
        "var": 11.532286644
    },
    "spectral_rms": {
        "kurt": 10.1174135208,
        "max": 0.00767070055008,
        "mean": 0.00195622374304,
        "median": 0.00163338833954,
        "min": 0.000255426130025,
        "skew": 3.10460662842,
        "var": 1.12684415399e-06
    },
    "spectral_rolloff": {
        "kurt": -0.382754802704,
        "max": 4220.5078125,
        "mean": 1715.06469727,
        "median": 1270.45898438,
        "min": 559.86328125,
        "skew": 1.09173417091,
        "var": 953144.3125
    },
    "spectral_skewness": {
        "kurt": 0.535921812057,
        "max": 3.08732104301,
        "mean": 1.96836829185,
        "median": 2.06845855713,
        "min": 0.21159106493,
        "skew": -0.90642541647,
        "var": 0.342457741499
    },
    "spectral_spread": {
        "kurt": 117.648529053,
        "max": 20722650,
        "mean": 2890280.5,
        "median": 2725333.75,
        "min": 1897029.5,
        "skew": 10.4673128128,
        "var": 2.32354244198e+12
    },
    "spectral_strongpeak": {
        "kurt": 22.4562358856,
        "max": 31.3561897278,
        "mean": 1.37397897243,
        "median": 0.154222160578,
        "min": 0.00916780810803,
        "skew": 4.47063350677,
        "var": 17.9502315521
    },
    "zerocrossingrate": {
        "kurt": 1.98565101624,
        "max": 0.154296875,
        "mean": 0.061905298382,
        "median": 0.05078125,
        "min": 0.01904296875,
        "skew": 1.71001458168,
        "var": 0.000874223711435
    },
    "barkbands": {
        "kurt": [4.18285512924, 4.22441244125, 2.85630178452, 5.29780197144, 2.53306865692, 1.92832374573, 3.78416061401, 0.0791580677032, 2.61604166031, 0.528092861176, -0.0536057949066, 0.00629377365112, 0.451257705688, 1.07772874832, 0.237700462341, 0.456258773804, 13.8166027069, 25.9512557983, 36.972026825, 19.2201709747, 56.3957176208, 69.1546554565, 35.0893669128, 62.7910919189, 103.541091919, 70.1672821045, 71.8139572144],
        "max": [9.2571639243e-07, 0.000178351838258, 0.000360017060302, 0.0012062699534, 0.00278313551098, 0.00178629718721, 0.00124621915165, 0.000377399672288, 0.000663552375045, 0.000316344521707, 0.000190098435269, 0.000173660911969, 0.000128067287733, 0.000126956409076, 0.000116890951176, 8.27057810966e-05, 0.00128212955315, 0.0137659534812, 0.051185619086, 0.0050755306147, 0.000323215703247, 0.000181999930646, 8.01585338195e-06, 2.69379142992e-06, 1.023319669e-06, 7.56044187256e-08, 6.74339091233e-08],
        "mean": [1.59358620522e-07, 3.49875190295e-05, 6.64036706439e-05, 0.000204683441552, 0.000734372762963, 0.000453344429843, 0.000283481844235, 0.000133262714371, 0.000195354470634, 0.000121121513075, 7.78517714934e-05, 7.50333492761e-05, 5.32852864126e-05, 4.71180865134e-05, 5.12926744705e-05, 3.5720422602e-05, 9.55375944613e-05, 0.000596643367317, 0.0015270068543, 0.000269494456006, 1.63142194651e-05, 4.36340542365e-06, 5.24752579167e-07, 1.0542390072e-07, 3.69221950791e-08, 3.00272273712e-09, 1.14417919583e-09],
        "median": [1.08877081573e-07, 2.42596179305e-05, 4.51312407677e-05, 0.000116444920423, 0.000659427372739, 0.000409758940805, 0.000245925504714, 0.000118601084978, 0.000172768108314, 0.000108795211418, 7.20842508599e-05, 7.20571842976e-05, 5.13073973707e-05, 4.54346627521e-05, 4.88370133098e-05, 3.3700496715e-05, 2.74270933005e-05, 3.99547789129e-05, 5.47536074009e-05, 2.88304763671e-05, 7.24661913409e-06, 1.39655958264e-06, 2.81001888425e-07, 5.30208588145e-08, 2.43776590025e-08, 1.87457405154e-09, 1.19817877842e-10],
        "min": [1.27774724135e-09, 1.47080049828e-06, 1.83783913599e-06, 3.02591706713e-06, 7.79173751653e-06, 2.33222181123e-05, 8.19691285869e-06, 2.27979535339e-06, 1.78464745204e-06, 1.02570277249e-06, 8.94221841463e-07, 4.23131467642e-08, 1.62817912042e-06, 1.89548302387e-07, 8.65061508648e-07, 4.26358411687e-07, 4.01621974788e-07, 1.693653644e-06, 7.07710739789e-07, 4.30085310654e-06, 1.45019271258e-06, 5.20308390151e-07, 9.39105930797e-08, 2.34423040979e-08, 1.41088536409e-08, 1.17986009851e-09, 4.7561690697e-11],
        "skew": [1.72696197033, 1.96357023716, 1.55891239643, 2.21192502975, 1.45025539398, 1.22695326805, 1.68290305138, 0.769772410393, 1.27076554298, 0.948904395103, 0.625215530396, 0.642356812954, 0.697357058525, 0.675328016281, 0.567309081554, 0.666640639305, 3.77965044975, 4.8895368576, 5.79255199432, 4.31799554825, 6.70495939255, 8.1979598999, 5.37984704971, 7.71457862854, 9.80793952942, 8.32157802582, 8.56032180786],
        "var": [2.37730757253e-14, 1.08508746433e-09, 3.77245834571e-09, 5.69285916185e-08, 2.19678696567e-07, 9.09475161848e-08, 4.20774384224e-08, 6.13652240133e-09, 1.12847517997e-08, 4.44764447494e-09, 1.67109526217e-09, 1.30332322712e-09, 5.37233646458e-10, 4.55315368741e-10, 4.38616254428e-10, 2.10997302963e-10, 5.22929326507e-08, 3.83631549994e-06, 3.63725121133e-05, 6.40556322651e-07, 1.00349673016e-09, 3.38769789998e-10, 8.29118837389e-13, 7.69045268548e-14, 7.62200903521e-15, 5.91765208744e-17, 5.73511582556e-17],
        "cov": [[2.39264513692e-14, 4.79905774408e-13, -5.28893552218e-13, 9.22719583032e-13, 6.28477781969e-12, 2.37709114545e-12, 1.3153542925e-12, -5.07680215141e-13, -5.87685932904e-13, -1.88516357472e-13, -7.2299918873e-13, -5.71689288791e-13, 2.86053271998e-13, -3.67733567121e-13, -2.68310953967e-13, -2.01154265228e-14, 2.76768408539e-12, 4.02459593429e-11, 4.46848877345e-11, 7.31822068223e-12, 6.44979241456e-13, 1.90807669686e-13, 2.17223954075e-14, 3.15689984123e-15, 5.22949565426e-16, 5.60832624301e-17, 4.61863905081e-17], [4.79905774408e-13, 1.09208808663e-09, 8.73472738583e-10, 1.87219528769e-09, 1.99575711513e-09, 2.31999885969e-09, -6.5565802787e-10, -1.93814034266e-10, 5.57926704836e-10, 1.03243705252e-10, -7.21159382211e-11, 1.64744971137e-11, 5.74669721531e-11, -2.34992251352e-11, 3.80393355703e-11, 5.48235415399e-11, 2.29738161828e-09, 2.08901642651e-08, 6.6203497795e-08, 4.68116923003e-09, 2.83846158383e-11, -9.4534761963e-12, 4.10666726319e-12, -3.55821498839e-14, -1.9535085626e-13, -1.08767373702e-14, -9.68093183065e-15], [-5.28893552218e-13, 8.73472738583e-10, 3.79679665485e-09, 2.94313329263e-09, -4.60234794719e-10, 2.03968419932e-09, -1.45486223069e-09, -2.39642972133e-10, 3.06602271349e-10, 1.32334768144e-10, -1.95191612873e-10, 1.5866780112e-10, 2.65229956053e-11, 1.08108341723e-10, -1.89124115674e-11, 3.5985459404e-12, 1.03726949252e-09, 8.42458636185e-09, 4.50617463343e-08, 5.26780352672e-09, -3.79823637819e-11, -1.03068220625e-10, -1.49096718045e-12, -1.62137057252e-12, -4.52196331595e-13, -5.70824312297e-14, -5.13088954191e-14], [9.22719583032e-13, 1.87219528769e-09, 2.94313329263e-09, 5.72958711587e-08, 1.98035738919e-08, 2.02897574297e-08, -1.45995593392e-09, 7.97849619705e-10, 3.7102458883e-09, -1.3518872688e-09, 4.66796268306e-10, -5.34730093538e-10, 1.02025221604e-09, 4.72735683932e-10, -3.38738925798e-10, 6.13712747288e-10, 1.90365962993e-08, 1.08253928488e-07, 4.9783460554e-07, 5.10852018465e-08, 1.48286327661e-09, 3.60505181263e-10, 6.44432632257e-11, 8.1319456377e-12, 3.03854516418e-13, -1.10237145272e-14, -3.83315307392e-14], [6.28477781969e-12, 1.99575711513e-09, -4.60234794719e-10, 1.98035738919e-08, 2.21095973529e-07, 1.54799000285e-08, -1.28748944839e-09, -5.61732216298e-09, -3.87676646341e-09, 1.48026557678e-09, 5.31639010592e-10, 3.93758803341e-10, -2.29621197056e-10, -5.60597818167e-11, 6.72692346271e-10, -8.85561762809e-11, -3.54748030951e-09, 3.77882756197e-08, -2.02645395575e-07, -2.74851998938e-08, 1.15541720636e-09, 8.52299508747e-10, 5.91122914506e-11, 1.30567960957e-11, -1.49220327934e-12, -1.88988906989e-13, -2.68450084211e-13], [2.37709114545e-12, 2.31999885969e-09, 2.03968419932e-09, 2.02897574297e-08, 1.54799000285e-08, 9.15342752705e-08, 3.63709351525e-09, -2.97445096331e-10, -2.04547601079e-09, -2.87266155308e-10, 1.3572570845e-09, -2.04502789702e-10, 4.53476395323e-10, 5.19575660274e-10, -7.55177365086e-10, 5.03986685718e-10, 1.42893341604e-08, 5.82501975543e-08, 3.99207948476e-07, 3.35986705124e-08, 2.24768481605e-10, 1.27299240593e-10, 4.32329172462e-11, 4.26436143341e-12, 3.06571760166e-12, -3.5110603254e-14, -7.36744310849e-14], [1.3153542925e-12, -6.5565802787e-10, -1.45486223069e-09, -1.45995593392e-09, -1.28748944839e-09, 3.63709351525e-09, 4.23489083801e-08, 1.04233066622e-09, -5.46954148639e-10, 1.32046285017e-09, 4.54534326844e-10, -5.68395830403e-10, -5.10000430776e-10, 2.55286597417e-10, -9.96715904256e-11, -1.35876213059e-10, -5.65844171518e-09, -4.56001991722e-08, -1.22635285038e-07, -2.18307878441e-08, -6.33945174133e-10, -2.07566658306e-10, -2.01076724715e-11, -3.87073402844e-12, 4.48571382946e-13, -1.0802083105e-13, -1.15363109148e-13], [-5.07680215141e-13, -1.93814034266e-10, -2.39642972133e-10, 7.97849619705e-10, -5.61732216298e-09, -2.97445096331e-10, 1.04233066622e-09, 6.17611295439e-09, 1.6391750457e-10, 2.15716246948e-11, 1.45573150756e-10, 2.62071503387e-10, -9.46636605909e-12, 1.39964220769e-10, 5.64457508512e-11, 1.06230725605e-10, 1.89185334065e-09, 1.35331195139e-08, -1.59513202647e-08, 8.23464318955e-09, -1.63655519692e-10, -9.94038393265e-11, -3.03829075614e-12, -1.29224278847e-12, 6.97272711033e-14, -6.03212141695e-14, -5.68074301249e-14], [-5.87685932904e-13, 5.57926704836e-10, 3.06602271349e-10, 3.7102458883e-09, -3.87676646341e-09, -2.04547601079e-09, -5.46954148639e-10, 1.6391750457e-10, 1.13575566729e-08, 2.32838331948e-10, 4.30312507849e-10, 1.25592508615e-10, 4.65869877397e-11, 2.90321967855e-11, 3.01025260274e-10, 7.47708492344e-11, 3.41106787261e-09, 9.95236337786e-09, 1.90585197402e-07, 1.13093223675e-08, -2.40044012445e-10, -1.91078500245e-10, -1.13351613252e-12, -2.96704566298e-12, -1.15605702095e-12, -1.21803080317e-13, -1.12845476507e-13], [-1.88516357472e-13, 1.03243705252e-10, 1.32334768144e-10, -1.3518872688e-09, 1.48026557678e-09, -2.87266155308e-10, 1.32046285017e-09, 2.15716246948e-11, 2.32838331948e-10, 4.47633885514e-09, 5.28133259348e-10, -1.13697759541e-10, -9.4936655759e-11, 1.57380150578e-10, 1.88743992657e-10, 3.16842177495e-11, 4.72890129832e-11, 8.7995610798e-10, 5.95684213067e-09, 1.30656951924e-09, -1.15092303743e-10, -8.94761278958e-11, -4.90651096141e-12, -1.82017313548e-12, -7.30378322926e-13, -6.12549900668e-14, -5.33036037997e-14], [-7.2299918873e-13, -7.21159382211e-11, -1.95191612873e-10, 4.66796268306e-10, 5.31639010592e-10, 1.3572570845e-09, 4.54534326844e-10, 1.45573150756e-10, 4.30312507849e-10, 5.28133259348e-10, 1.68187652694e-09, -2.73771144643e-11, 4.91569042416e-11, 7.46973524701e-11, 7.30342314403e-11, -2.85564107083e-12, 7.53284379318e-10, -3.59649732218e-09, 9.79027969805e-09, -1.59967747382e-10, -6.10264477841e-11, -6.27768947936e-11, -2.89200651274e-12, -9.79817355723e-13, -4.42903607669e-13, -4.32735038124e-14, -3.92511950676e-14], [-5.71689288791e-13, 1.64744971137e-11, 1.5866780112e-10, -5.34730093538e-10, 3.93758803341e-10, -2.04502789702e-10, -5.68395830403e-10, 2.62071503387e-10, 1.25592508615e-10, -1.13697759541e-10, -2.73771144643e-11, 1.31173172324e-09, 2.235738851e-11, 9.39511662912e-11, 6.22705081943e-11, 3.59254778703e-11, -4.59060567337e-10, 2.87710549829e-10, -1.77899437404e-08, -1.56022184061e-09, -9.09050126841e-11, -5.53288734273e-11, -3.90179165019e-12, -1.01961061122e-12, -2.88678152563e-13, -4.18373899435e-14, -3.88438399826e-14], [2.86053271998e-13, 5.74669721531e-11, 2.65229956053e-11, 1.02025221604e-09, -2.29621197056e-10, 4.53476395323e-10, -5.10000430776e-10, -9.46636605909e-12, 4.65869877397e-11, -9.4936655759e-11, 4.91569042416e-11, 2.235738851e-11, 5.4069970723e-10, -1.0919822338e-11, -7.69864519357e-11, 4.22015998536e-11, 9.15504172472e-10, 2.83272583168e-09, 2.9710275129e-08, 2.37046160478e-09, 9.00383656521e-11, 2.1323413521e-11, 2.00349545981e-12, 4.16487374102e-13, 7.87181395913e-14, -1.52202757369e-14, -1.96546050241e-14], [-3.67733567121e-13, -2.34992251352e-11, 1.08108341723e-10, 4.72735683932e-10, -5.60597818167e-11, 5.19575660274e-10, 2.55286597417e-10, 1.39964220769e-10, 2.90321967855e-11, 1.57380150578e-10, 7.46973524701e-11, 9.39511662912e-11, -1.0919822338e-11, 4.58252880087e-10, 3.04715558341e-11, 3.04114060323e-11, 4.73919271882e-11, 3.85203646758e-10, 2.96141777767e-09, 8.36266000892e-10, -8.78530165282e-11, -5.06906010223e-11, -1.59692582508e-12, -7.11722618774e-13, -5.67525864357e-14, -2.76765864052e-14, -2.58291872184e-14], [-2.68310953967e-13, 3.80393355703e-11, -1.89124115674e-11, -3.38738925798e-10, 6.72692346271e-10, -7.55177365086e-10, -9.96715904256e-11, 5.64457508512e-11, 3.01025260274e-10, 1.88743992657e-10, 7.30342314403e-11, 6.22705081943e-11, -7.69864519357e-11, 3.04715558341e-11, 4.41446046384e-10, 2.70366264099e-11, -5.5194820936e-10, -3.72155728456e-09, -2.18494662363e-08, -1.22277843406e-09, -7.8317491381e-11, -3.78667479317e-11, -3.12237648931e-12, -7.04552789808e-13, -2.50657757354e-13, -2.79190445041e-14, -2.60970004016e-14], [-2.01154265228e-14, 5.48235415399e-11, 3.5985459404e-12, 6.13712747288e-10, -8.85561762809e-11, 5.03986685718e-10, -1.35876213059e-10, 1.06230725605e-10, 7.47708492344e-11, 3.16842177495e-11, -2.85564107083e-12, 3.59254778703e-11, 4.22015998536e-11, 3.04114060323e-11, 2.70366264099e-11, 2.12358575169e-10, 1.7233109384e-09, 1.35014222025e-08, 2.98490441253e-08, 5.33163158067e-09, -1.41823792293e-12, 3.48206294527e-12, 3.28984105583e-12, 3.53760396627e-13, 2.12007725286e-13, -4.34537600469e-15, -7.30900240911e-15], [2.76768408539e-12, 2.29738161828e-09, 1.03726949252e-09, 1.90365962993e-08, -3.54748030951e-09, 1.42893341604e-08, -5.65844171518e-09, 1.89185334065e-09, 3.41106787261e-09, 4.72890129832e-11, 7.53284379318e-10, -4.59060567337e-10, 9.15504172472e-10, 4.73919271882e-11, -5.5194820936e-10, 1.7233109384e-09, 5.26303054471e-08, 3.84597427683e-07, 9.76598016678e-07, 1.30865956294e-07, 8.80616413124e-10, 7.94404611537e-11, 9.52596543313e-11, 8.22254330596e-12, 2.36925583319e-12, 3.76167975621e-14, 1.10119492396e-14], [4.02459593429e-11, 2.08901642651e-08, 8.42458636185e-09, 1.08253928488e-07, 3.77882756197e-08, 5.82501975543e-08, -4.56001991722e-08, 1.35331195139e-08, 9.95236337786e-09, 8.7995610798e-10, -3.59649732218e-09, 2.87710549829e-10, 2.83272583168e-09, 3.85203646758e-10, -3.72155728456e-09, 1.35014222025e-08, 3.84597427683e-07, 3.86106603401e-06, 5.32636840944e-06, 1.12162933874e-06, 6.12365980146e-09, 3.8788233736e-10, 7.52655326952e-10, 6.73365460613e-11, 3.42230653538e-11, 2.38834478453e-13, -1.15422902898e-13], [4.46848877345e-11, 6.6203497795e-08, 4.50617463343e-08, 4.9783460554e-07, -2.02645395575e-07, 3.99207948476e-07, -1.22635285038e-07, -1.59513202647e-08, 1.90585197402e-07, 5.95684213067e-09, 9.79027969805e-09, -1.77899437404e-08, 2.9710275129e-08, 2.96141777767e-09, -2.18494662363e-08, 2.98490441253e-08, 9.76598016678e-07, 5.32636840944e-06, 3.66071726603e-05, 2.53578923548e-06, 2.39201529695e-08, 2.17468021368e-09, 1.99618388486e-09, 1.49828788265e-10, 6.34243282893e-11, 1.55444765133e-12, 8.90453455329e-13], [7.31822068223e-12, 4.68116923003e-09, 5.26780352672e-09, 5.10852018465e-08, -2.74851998938e-08, 3.35986705124e-08, -2.18307878441e-08, 8.23464318955e-09, 1.13093223675e-08, 1.30656951924e-09, -1.59967747382e-10, -1.56022184061e-09, 2.37046160478e-09, 8.36266000892e-10, -1.22277843406e-09, 5.33163158067e-09, 1.30865956294e-07, 1.12162933874e-06, 2.53578923548e-06, 6.44688952889e-07, 2.72423839043e-09, 4.0840406057e-10, 2.75550138262e-10, 2.99802092874e-11, 9.08203980771e-12, 7.84502061295e-14, -1.76062015309e-14], [6.44979241456e-13, 2.83846158383e-11, -3.79823637819e-11, 1.48286327661e-09, 1.15541720636e-09, 2.24768481605e-10, -6.33945174133e-10, -1.63655519692e-10, -2.40044012445e-10, -1.15092303743e-10, -6.10264477841e-11, -9.09050126841e-11, 9.00383656521e-11, -8.78530165282e-11, -7.8317491381e-11, -1.41823792293e-12, 8.80616413124e-10, 6.12365980146e-09, 2.39201529695e-08, 2.72423839043e-09, 1.00997099572e-09, 4.64705413039e-10, 2.36713374596e-11, 6.94707008933e-12, 1.02423289034e-12, 8.04352922159e-14, 4.85108440505e-14], [1.90807669686e-13, -9.4534761963e-12, -1.03068220625e-10, 3.60505181263e-10, 8.52299508747e-10, 1.27299240593e-10, -2.07566658306e-10, -9.94038393265e-11, -1.91078500245e-10, -8.94761278958e-11, -6.27768947936e-11, -5.53288734273e-11, 2.1323413521e-11, -5.06906010223e-11, -3.78667479317e-11, 3.48206294527e-12, 7.94404611537e-11, 3.8788233736e-10, 2.17468021368e-09, 4.0840406057e-10, 4.64705413039e-10, 3.409554028e-10, 1.3928563164e-11, 5.06184460666e-12, 6.96235712312e-13, 9.49064096626e-14, 7.64993943842e-14], [2.17223954075e-14, 4.10666726319e-12, -1.49096718045e-12, 6.44432632257e-11, 5.91122914506e-11, 4.32329172462e-11, -2.01076724715e-11, -3.03829075614e-12, -1.13351613252e-12, -4.90651096141e-12, -2.89200651274e-12, -3.90179165019e-12, 2.00349545981e-12, -1.59692582508e-12, -3.12237648931e-12, 3.28984105583e-12, 9.52596543313e-11, 7.52655326952e-10, 1.99618388486e-09, 2.75550138262e-10, 2.36713374596e-11, 1.3928563164e-11, 8.34467965647e-13, 2.21948653033e-13, 3.31847959214e-14, 3.2822857049e-15, 2.3956948367e-15], [3.15689984123e-15, -3.55821498839e-14, -1.62137057252e-12, 8.1319456377e-12, 1.30567960957e-11, 4.26436143341e-12, -3.87073402844e-12, -1.29224278847e-12, -2.96704566298e-12, -1.82017313548e-12, -9.79817355723e-13, -1.01961061122e-12, 4.16487374102e-13, -7.11722618774e-13, -7.04552789808e-13, 3.53760396627e-13, 8.22254330596e-12, 6.73365460613e-11, 1.49828788265e-10, 2.99802092874e-11, 6.94707008933e-12, 5.06184460666e-12, 2.21948653033e-13, 7.7400684874e-14, 1.26609072415e-14, 1.44106361179e-15, 1.14695969058e-15], [5.22949565426e-16, -1.9535085626e-13, -4.52196331595e-13, 3.03854516418e-13, -1.49220327934e-12, 3.06571760166e-12, 4.48571382946e-13, 6.97272711033e-14, -1.15605702095e-12, -7.30378322926e-13, -4.42903607669e-13, -2.88678152563e-13, 7.87181395913e-14, -5.67525864357e-14, -2.50657757354e-13, 2.12007725286e-13, 2.36925583319e-12, 3.42230653538e-11, 6.34243282893e-11, 9.08203980771e-12, 1.02423289034e-12, 6.96235712312e-13, 3.31847959214e-14, 1.26609072415e-14, 7.67118268593e-15, 2.76123502852e-16, 1.85168681459e-16], [5.60832624301e-17, -1.08767373702e-14, -5.70824312297e-14, -1.10237145272e-14, -1.88988906989e-13, -3.5110603254e-14, -1.0802083105e-13, -6.03212141695e-14, -1.21803080317e-13, -6.12549900668e-14, -4.32735038124e-14, -4.18373899435e-14, -1.52202757369e-14, -2.76765864052e-14, -2.79190445041e-14, -4.34537600469e-15, 3.76167975621e-14, 2.38834478453e-13, 1.55444765133e-12, 7.84502061295e-14, 8.04352922159e-14, 9.49064096626e-14, 3.2822857049e-15, 1.44106361179e-15, 2.76123502852e-16, 5.95583077405e-17, 5.76188405193e-17], [4.61863905081e-17, -9.68093183065e-15, -5.13088954191e-14, -3.83315307392e-14, -2.68450084211e-13, -7.36744310849e-14, -1.15363109148e-13, -5.68074301249e-14, -1.12845476507e-13, -5.33036037997e-14, -3.92511950676e-14, -3.88438399826e-14, -1.96546050241e-14, -2.58291872184e-14, -2.60970004016e-14, -7.30900240911e-15, 1.10119492396e-14, -1.15422902898e-13, 8.90453455329e-13, -1.76062015309e-14, 4.85108440505e-14, 7.64993943842e-14, 2.3956948367e-15, 1.14695969058e-15, 1.85168681459e-16, 5.76188405193e-17, 5.77211660698e-17]]
    },
    "mfcc": {
        "kurt": [9.30394077301, 5.21942901611, 4.49014568329, 0.96080493927, 1.46504640579, 1.69509220123, -0.507494926453, 2.32888364792, 0.283140420914, -0.168493032455, -0.0532228946686, -0.10603427887, -0.296396017075],
        "max": [-680.476745605, 200.544921875, 3.56408691406, 104.391067505, -3.37739562988, 21.1246166229, 22.8164901733, 19.8906745911, 14.5198631287, 9.81981468201, 13.9043655396, 1.20349884033, 7.84833526611],
        "mean": [-752.252868652, 171.754745483, -59.1853218079, 47.8212127686, -22.6223011017, -16.4268379211, 2.12381601334, -12.6578092575, -12.4316511154, -7.08956289291, -4.81029129028, -14.1573238373, -4.97735118866],
        "median": [-758.122192383, 176.587997437, -57.7225532532, 42.2597236633, -21.4205665588, -14.9235496521, 2.81093215942, -14.9181060791, -11.5862731934, -6.98067855835, -6.04730987549, -13.843044281, -5.31565475464],
        "min": [-912.565002441, 97.1442260742, -92.7308807373, 19.8811225891, -53.2799911499, -56.7829627991, -18.2173137665, -30.4508514404, -42.5182495117, -22.7010955811, -18.3709011078, -30.8692893982, -19.7564716339],
        "skew": [-0.492051661015, -2.0754263401, 0.380509674549, 1.26954114437, -0.838002026081, -0.757372140884, -0.155223786831, 1.42665934563, -0.58682101965, 0.0938058868051, 0.595854103565, -0.150028884411, -0.0951526537538],
        "var": [665.237670898, 284.444152832, 153.018066406, 327.657104492, 62.0656814575, 127.553749084, 75.0509185791, 90.4079971313, 123.567497253, 38.2244949341, 45.7115974426, 38.143409729, 30.4644775391],
        "cov": [[669.529541016, -195.74937439, -204.785263062, 370.404724121, -23.0312519073, -154.863037109, 96.2543258667, 155.930770874, -184.969207764, 13.5380325317, 81.0074157715, -63.2290458679, -32.0229911804], [-195.74937439, 286.279296875, 38.3139076233, -190.658950806, 54.4321708679, 52.3951911926, -10.3009977341, -63.1650085449, 90.9097747803, 6.76935720444, -46.7788848877, 16.8309059143, 27.191488266], [-204.785263062, 38.3139076233, 154.005279541, -121.769554138, -9.5069770813, 108.68585968, -59.8185920715, -62.8475990295, 77.9016418457, -22.7939033508, -40.4789466858, 30.7971019745, 1.42201626301], [370.404724121, -190.658950806, -121.769554138, 329.771026611, -1.84742236137, -126.20401001, 88.3409957886, 119.364173889, -147.221420288, 24.1343708038, 77.8047485352, -48.1905136108, -20.3587551117], [-23.0312519073, 54.4321708679, -9.5069770813, -1.84742236137, 62.4661026001, -11.2865877151, 8.43554496765, 18.3631420135, -10.9529733658, 11.1773271561, 3.22971010208, -10.8893680573, 11.039691925], [-154.863037109, 52.3951911926, 108.68585968, -126.20401001, -11.2865877151, 128.376678467, -41.3047866821, -62.17212677, 89.5867614746, -22.8410320282, -45.0964889526, 29.3437023163, -8.03905105591], [96.2543258667, -10.3009977341, -59.8185920715, 88.3409957886, 8.43554496765, -41.3047866821, 75.535118103, 36.2840156555, -32.1346054077, 26.5563259125, 22.4693698883, -14.7643871307, -1.93384850025], [155.930770874, -63.1650085449, -62.8475990295, 119.364173889, 18.3631420135, -62.17212677, 36.2840156555, 90.9912719727, -61.7992515564, 12.197016716, 35.9411811829, -25.0466804504, -7.2350025177], [-184.969207764, 90.9097747803, 77.9016418457, -147.221420288, -10.9529733658, 89.5867614746, -32.1346054077, -61.7992515564, 124.364707947, 2.00760817528, -37.3936195374, 39.0560874939, -0.74693608284], [13.5380325317, 6.76935720444, -22.7939033508, 24.1343708038, 11.1773271561, -22.8410320282, 26.5563259125, 12.197016716, 2.00760817528, 38.4711036682, 15.1479883194, -4.25719213486, 5.92850875854], [81.0074157715, -46.7788848877, -40.4789466858, 77.8047485352, 3.22971010208, -45.0964889526, 22.4693698883, 35.9411811829, -37.3936195374, 15.1479883194, 46.0065116882, -3.41986370087, -4.51822471619], [-63.2290458679, 16.8309059143, 30.7971019745, -48.1905136108, -10.8893680573, 29.3437023163, -14.7643871307, -25.0466804504, 39.0560874939, -4.25719213486, -3.41986370087, 38.3894958496, 8.9055891037], [-32.0229911804, 27.191488266, 1.42201626301, -20.3587551117, 11.039691925, -8.03905105591, -1.93384850025, -7.2350025177, -0.74693608284, 5.92850875854, -4.51822471619, 8.9055891037, 30.6610221863]]
    },
    "sccoeffs": {
        "kurt": [1.18654203415, -0.542553663254, -0.163394451141, -0.203722715378, 2.73077440262, 2.46555614471],
        "max": [-0.440206438303, -0.68616604805, -0.739507853985, -0.781147360802, -0.52646780014, -0.64675283432],
        "mean": [-0.631282687187, -0.783669769764, -0.81899523735, -0.830283522606, -0.793337523937, -0.758150994778],
        "median": [-0.627748191357, -0.785230219364, -0.821586608887, -0.830678462982, -0.823557972908, -0.76592361927],
        "min": [-0.879538178444, -0.905023574829, -0.887251257896, -0.877194881439, -0.889459550381, -0.813388764858],
        "skew": [-0.262998729944, 0.0131382290274, 0.406025379896, 0.157899737358, 1.93767166138, 1.52002227306],
        "var": [0.00361967505887, 0.002318441635, 0.000842530105729, 0.000333668140229, 0.00627113971859, 0.000865667592734],
        "cov": [[0.0036430277396, -0.000146856022184, -4.72985339002e-05, 9.20992388274e-05, -9.7864503914e-05, 0.000269299634965], [-0.000146856022184, 0.00233339937404, -8.72477357916e-06, -0.000146758262417, 0.000288560491754, -0.00011823263776], [-4.72985339002e-05, -8.72477357916e-06, 0.000847965769935, -1.12835787149e-05, -0.000209273799555, -9.71720728558e-05], [9.20992388274e-05, -0.000146758262417, -1.12835787149e-05, 0.000335820834152, 7.34748027753e-05, 6.06337816862e-05], [-9.7864503914e-05, 0.000288560491754, -0.000209273799555, 7.34748027753e-05, 0.00631159869954, 0.000564460235182], [0.000269299634965, -0.00011823263776, -9.71720728558e-05, 6.06337816862e-05, 0.000564460235182, 0.000871252559591]]
    },
    "scvalleys": {
        "kurt": [0.379495859146, 3.69803714752, 39.787902832, 48.0975151062, 1.35392332077, 10.2444992065],
        "max": [-5.76953840256, -5.24082517624, -5.90153980255, -6.74412679672, -6.61230373383, -9.69303703308],
        "mean": [-6.796479702, -5.86888647079, -6.41805315018, -7.0872387886, -7.61015605927, -11.1462306976],
        "median": [-6.78572225571, -5.8641910553, -6.37494468689, -7.07209777832, -7.67354249954, -11.2057609558],
        "min": [-8.41722202301, -7.49193239212, -9.25338363647, -9.53596973419, -8.93200111389, -11.4850616455],
        "skew": [-0.138148114085, -0.828955471516, -4.71606397629, -5.39208984375, 0.43353793025, 2.75550723076],
        "var": [0.181502386928, 0.0947152748704, 0.0990865603089, 0.0674976631999, 0.111289553344, 0.0707759037614],
        "cov": [[0.182673379779, -0.00646492419764, 0.013550571166, 0.0192812122405, 0.0301110949367, 0.0105707561597], [-0.00646492419764, 0.0953263416886, 0.0285662952811, 0.0225592572242, 0.0208945702761, -0.00106045929715], [0.013550571166, 0.0285662952811, 0.0997258275747, 0.0473201833665, 0.0279261227697, -0.0123570365831], [0.0192812122405, 0.0225592572242, 0.0473201833665, 0.0679331347346, 0.0238767825067, -0.0098713664338], [0.0301110949367, 0.0208945702761, 0.0279261227697, 0.0238767825067, 0.112007550895, 0.0472240820527], [0.0105707561597, -0.00106045929715, -0.0123570365831, -0.0098713664338, 0.0472240820527, 0.0712325274944]]
    }
},
"rhythm": {
    "beats_loudness": {
        "kurt": 1.19221830368,
        "max": 0.0319108329713,
        "mean": 0.00704880431294,
        "median": 0.00215505762026,
        "min": 0.00140810012817,
        "skew": 1.78447818756,
        "var": 0.000123758334666
    },
    "bpm": 117.453842163,
    "confidence": 0,
    "first_peak_bpm": {
        "kurt": 0,
        "max": 117,
        "mean": 117,
        "median": 117,
        "min": 117,
        "skew": 0,
        "var": 0
    },
    "first_peak_spread": {
        "kurt": 0,
        "max": 0,
        "mean": 0,
        "median": 0,
        "min": 0,
        "skew": 0,
        "var": 0
    },
    "first_peak_weight": {
        "kurt": 0,
        "max": 1,
        "mean": 1,
        "median": 1,
        "min": 1,
        "skew": 0,
        "var": 0
    },
    "onset_rate": 1.67248177528,
    "second_peak_bpm": {
        "kurt": 0,
        "max": 0,
        "mean": 0,
        "median": 0,
        "min": 0,
        "skew": 0,
        "var": 0
    },
    "second_peak_spread": {
        "kurt": 0,
        "max": 0,
        "mean": 0,
        "median": 0,
        "min": 0,
        "skew": 0,
        "var": 0
    },
    "second_peak_weight": {
        "kurt": 0,
        "max": 0,
        "mean": 0,
        "median": 0,
        "min": 0,
        "skew": 0,
        "var": 0
    },
    "beats_loudness_band_ratio": {
        "kurt": [-0.699565887451, 0.156904697418, 0.0944306850433, 0.809821844101, 0.275063991547, 1.05934000015],
        "max": [0.261062502861, 0.284911960363, 0.421864390373, 0.230850324035, 0.267368584871, 0.633133649826],
        "mean": [0.150457084179, 0.218113780022, 0.244964540005, 0.173639535904, 0.123268939555, 0.157451793551],
        "median": [0.15797111392, 0.255020201206, 0.254381716251, 0.198381990194, 0.0905392020941, 0.0739157497883],
        "min": [0.0202136188745, 0.054191865027, 0.0234101805836, 0.00860593933612, 0.0639704614878, 0.0207229312509],
        "skew": [-0.317409336567, -1.28470575809, -0.565352797508, -1.56826210022, 1.33599483967, 1.71082663536],
        "var": [0.00570807233453, 0.00631527416408, 0.013510462828, 0.00577075406909, 0.00478139147162, 0.046161711216],
        "cov": [[0.00684968661517, 0.00398663477972, 0.00468153785914, 0.00461109075695, -0.00489791901782, -0.0143741052598], [0.00398663477972, 0.00757832918316, 0.00841546524316, 0.00658040773124, -0.005360503681, -0.0184090677649], [0.00468153785914, 0.00841546524316, 0.0162125565112, 0.00935169775039, -0.00766179850325, -0.0267914198339], [0.00461109075695, 0.00658040773124, 0.00935169775039, 0.00692490488291, -0.00602416088805, -0.0186497438699], [-0.00489791901782, -0.005360503681, -0.00766179850325, -0.00602416088805, 0.00573766976595, 0.0159170981497], [-0.0143741052598, -0.0184090677649, -0.0267914198339, -0.0186497438699, 0.0159170981497, 0.0553940534592]]
    },
    "beats_position": [0.510838985443, 1.02167797089, 1.53251695633, 2.04335594177, 2.55419492722, 3.06503391266],
    "bpm_estimates": [117.453842163, 117.453842163, 117.453842163, 117.453842163, 117.453842163],
    "bpm_intervals": [0.510838985443, 0.510838985443, 0.510838985443, 0.510838985443, 0.510838985443],
    "onset_times": [0.0116099771112, 0.417959183455, 2.70512461662, 2.82122445107, 3.04181408882, 3.55265307426],
    "histogram": [[0, 0, 0, 0, 0, 0, 0, 0, 0, 0, 0, 0, 0, 0, 0, 0, 0, 0, 0, 0, 0, 0, 0, 0, 0, 0, 0, 0, 0, 0, 0, 0, 0, 0, 0, 0, 0, 0, 0, 0, 0, 0, 0, 0, 0, 0, 0, 0, 0, 0, 0, 0, 0, 0, 0, 0, 0, 0, 0, 0, 0, 0, 0, 0, 0, 0, 0, 0, 0, 0, 0, 0, 0, 0, 0, 0, 0, 0, 0, 0, 0, 0, 0, 0, 0, 0, 0, 0, 0, 0, 0, 0, 0, 0, 0, 0, 0, 0, 0, 0, 0, 0, 0, 0, 0, 0, 0, 0, 0, 0, 0, 0, 0, 0, 0, 0, 0, 1, 0, 0, 0, 0, 0, 0, 0, 0, 0, 0, 0, 0, 0, 0, 0, 0, 0, 0, 0, 0, 0, 0, 0, 0, 0, 0, 0, 0, 0, 0, 0, 0, 0, 0, 0, 0, 0, 0, 0, 0, 0, 0, 0, 0, 0, 0, 0, 0, 0, 0, 0, 0, 0, 0, 0, 0, 0, 0, 0, 0, 0, 0, 0, 0, 0, 0, 0, 0, 0, 0, 0, 0, 0, 0, 0, 0, 0, 0, 0, 0, 0, 0, 0, 0, 0, 0, 0, 0, 0, 0, 0, 0, 0, 0, 0, 0, 0, 0, 0, 0, 0, 0, 0, 0, 0, 0, 0, 0, 0, 0, 0, 0, 0, 0, 0, 0, 0, 0, 0, 0, 0, 0, 0, 0, 0, 0, 0, 0, 0, 0, 0, 0]]
},
"sfx": {
    "inharmonicity": {
        "kurt": 3.14852333069,
        "max": 0.434739589691,
        "mean": 0.0843527913094,
        "median": 0.071759454906,
        "min": 0,
        "skew": 1.49963223934,
        "var": 0.00601042481139
    },
    "oddtoevenharmonicenergyratio": {
        "kurt": 38.3968772888,
        "max": 8.42450332642,
        "mean": 0.593204557896,
        "median": 0.321521937847,
        "min": 0,
        "skew": 5.07595491409,
        "var": 0.781176507473
    },
    "pitch_after_max_to_before_max_energy_ratio": 0.0648137480021,
    "pitch_centroid": 115.834564209,
    "pitch_max_to_total": 0.980769217014,
    "pitch_min_to_total": 0.467948704958,
    "tristimulus": {
        "kurt": [-0.0566000938416, -0.363678455353, -0.162910461426],
        "max": [1, 0.658034324646, 0.908741831779],
        "mean": [0.377090811729, 0.270281910896, 0.352627128363],
        "median": [0.280493497849, 0.308208316565, 0.388889849186],
        "min": [0, 0, 0],
        "skew": [1.10865414143, -0.594135463238, -0.305060446262],
        "var": [0.10230628401, 0.0234782658517, 0.0423913560808],
        "cov": [[0.102966323495, -0.0419656224549, -0.0610007382929], [-0.0419656224549, 0.0236297380179, 0.0183358937502], [-0.0610007382929, 0.0183358937502, 0.042664848268]]
    }
},
"tonal": {
    "chords_changes_rate": 0.139240503311,
    "chords_number_rate": 0.0632911399007,
    "chords_strength": {
        "kurt": -1.38519573212,
        "max": 0.48803076148,
        "mean": 0.359432905912,
        "median": 0.372523486614,
        "min": 0.248068019748,
        "skew": -0.164929568768,
        "var": 0.00451040174812
    },
    "key_strength": 0.425823390484,
    "tuning_diatonic_strength": 0.375928342342,
    "tuning_equal_tempered_deviation": 0.231284052134,
    "tuning_frequency": 451.065460205,
    "tuning_nontempered_energy_ratio": 0.873792529106,
    "hpcp": {
        "kurt": [1.79231357574, 0.000566005706787, -0.953747749329, -0.326473712921, 3.49042129517, 3.38909006119, 3.79376554489, 1.49232769012, 2.07928752899, 4.67360448837, 4.00947618484, 1.25061035156, 1.54852104187, 1.21780967712, 2.24370765686, 3.35969829559, 1.44418811798, 1.22882938385, 3.30532073975, 2.9750289917, 5.16627883911, 2.30865764618, 1.40879106522, 0.83695268631, 1.44180679321, 2.31416130066, -0.354336738586, -0.418132543564, 1.27421569824, 0.981563091278, 0.519723892212, -0.358452558517, -0.468983888626, -0.28835105896, 1.7946472168, 3.26213121414],
        "max": [1, 1, 1, 1, 1, 0.819840729237, 1, 1, 1, 1, 1, 0.793028593063, 1, 1, 1, 1, 1, 1, 0.880503475666, 0.849329948425, 1, 1, 1, 1, 0.954172253609, 1, 1, 1, 1, 1, 1, 1, 1, 1, 1, 1],
        "mean": [0.260820955038, 0.346234440804, 0.42215976119, 0.35136500001, 0.200101733208, 0.149053350091, 0.189099490643, 0.245965614915, 0.237451642752, 0.19997292757, 0.18467181921, 0.210195109248, 0.246668562293, 0.236524552107, 0.227888390422, 0.231723517179, 0.251528382301, 0.253911316395, 0.209298968315, 0.192341074347, 0.21615549922, 0.244063049555, 0.241310074925, 0.24319639802, 0.244850516319, 0.245210811496, 0.32153365016, 0.333180844784, 0.267679840326, 0.269493788481, 0.295037448406, 0.356070786715, 0.431828409433, 0.410542935133, 0.283041477203, 0.212081238627],
