{
"metadata": {
    "version": {
        "essentia": "2.1-beta3"
    }
},
"lowLevel": {
    "average_loudness": 0.72013437748,
    "barkbands_kurtosis": {
        "kurt": 3.18315553665,
        "max": 3.36126947403,
        "mean": -0.257218122482,
        "median": -0.319558024406,
        "min": -1.74730122089,
        "skew": 1.22846102715,
        "var": 0.676294922829
    },
    "barkbands_skewness": {
        "kurt": -0.192982196808,
        "max": 1.79368412495,
        "mean": 0.495284587145,
        "median": 0.574182868004,
        "min": -0.806844174862,
        "skew": -0.105653472245,
        "var": 0.250569164753
    },
    "barkbands_spread": {
        "kurt": 7.74317836761,
        "max": 54.2573890686,
        "mean": 17.3479099274,
        "median": 15.2783298492,
        "min": 7.26361227036,
        "skew": 2.50012993813,
        "var": 70.1957702637
    },
    "dissonance": {
        "kurt": 15.4853992462,
        "max": 0.498720735312,
        "mean": 0.455703496933,
        "median": 0.468756645918,
        "min": 0.185129851103,
        "skew": -3.12602853775,
        "var": 0.00178437749855
    },
    "hfc": {
        "kurt": 2.35135602951,
        "max": 25.3196029663,
        "mean": 3.25553822517,
        "median": 0.0348846949637,
        "min": 9.1766787591e-06,
        "skew": 1.93823003769,
        "var": 45.2318267822
    },
    "pitch": {
        "kurt": -0.913784503937,
        "max": 498.944915771,
        "mean": 257.32522583,
        "median": 235.218078613,
        "min": 105.551063538,
        "skew": 0.62335985899,
        "var": 14772.5273438
    },
    "pitch_instantaneous_confidence": {
        "kurt": -1.32938241959,
        "max": 0.819359898567,
        "mean": 0.410117864609,
        "median": 0.429344892502,
        "min": 0.124958634377,
        "skew": 0.0612593516707,
        "var": 0.0320480950177
    },
    "pitch_salience": {
        "kurt": -1.25086390972,
        "max": 0.926318645477,
        "mean": 0.620516002178,
        "median": 0.633369445801,
        "min": 0.372145920992,
        "skew": -0.110211759806,
        "var": 0.0199778694659
    },
    "silence_rate_20dB": {
        "kurt": 0,
        "max": 1,
        "mean": 1,
        "median": 1,
        "min": 1,
        "skew": 0,
        "var": 0
    },
    "silence_rate_30dB": {
        "kurt": 0,
        "max": 1,
        "mean": 1,
        "median": 1,
        "min": 1,
        "skew": 0,
        "var": 0
    },
    "silence_rate_60dB": {
        "kurt": 0.250007390976,
        "max": 1,
        "mean": 0.800000011921,
        "median": 1,
        "min": 0,
        "skew": -1.49999690056,
        "var": 0.159999996424
    },
    "spectral_centroid": {
        "kurt": 1.12872552872,
        "max": 3015.91235352,
        "mean": 1286.26794434,
        "median": 1119.21044922,
        "min": 540.286804199,
        "skew": 1.23020005226,
        "var": 249708.1875
    },
    "spectral_complexity": {
        "kurt": 0.181199550629,
        "max": 18,
        "mean": 3.42000007629,
        "median": 0,
        "min": 0,
        "skew": 1.40591144562,
        "var": 36.6035385132
    },
    "spectral_crest": {
        "kurt": 2.88650226593,
        "max": 17.3313293457,
        "mean": 6.91585350037,
        "median": 6.48405075073,
        "min": 3.70271039009,
        "skew": 1.48223507404,
        "var": 6.34606695175
    },
    "spectral_decrease": {
        "kurt": 1.84040784836,
        "max": -4.27966869435e-15,
        "mean": -3.7020211896e-10,
        "median": -5.88167015092e-12,
        "min": -2.64397148619e-09,
        "skew": -1.84158039093,
        "var": 5.4825189788e-19
    },
    "spectral_energy": {
        "kurt": 1.88089513779,
        "max": 0.0122114578262,
        "mean": 0.00169251533225,
        "median": 2.49760669249e-05,
        "min": 1.69847993448e-08,
        "skew": 1.84854149818,
        "var": 1.15517414088e-05
    },
    "spectral_energyband_high": {
        "kurt": 2.794901371,
        "max": 0.000842987385113,
        "mean": 0.000101197736512,
        "median": 2.66247468517e-07,
        "min": 2.43130821032e-10,
        "skew": 2.05247163773,
        "var": 4.90231322203e-08
    },
    "spectral_energyband_low": {
        "kurt": 5.40272140503,
        "max": 3.48603907696e-06,
        "mean": 7.09066000582e-07,
        "median": 5.32385968199e-07,
        "min": 2.68665045766e-09,
        "skew": 1.98401522636,
        "var": 3.11667467008e-13
    },
    "spectral_energyband_middle_high": {
        "kurt": 2.05199241638,
        "max": 0.0114230625331,
        "mean": 0.00154863367788,
        "median": 1.54972694872e-05,
        "min": 1.89849269638e-09,
        "skew": 1.88541126251,
        "var": 9.94206948235e-06
    },
    "spectral_energyband_middle_low": {
        "kurt": 2.27590799332,
        "max": 0.000277643179288,
        "mean": 4.4698426791e-05,
        "median": 8.37140851218e-06,
        "min": 1.26907240272e-08,
        "skew": 1.69941842556,
        "var": 4.00337540896e-09
    },
    "spectral_flatness_db": {
        "kurt": -1.23115289211,
        "max": 0.279033154249,
        "mean": 0.176315009594,
        "median": 0.156795576215,
        "min": 0.106911748648,
        "skew": 0.501993477345,
        "var": 0.00270140380599
    },
    "spectral_flux": {
        "kurt": 2.94814252853,
        "max": 0.065699107945,
        "mean": 0.0107713900506,
        "median": 0.00290494086221,
        "min": 0.00150763697457,
        "skew": 1.90518915653,
        "var": 0.000226158517762
    },
    "spectral_kurtosis": {
        "kurt": -0.32986330986,
        "max": 17.8535175323,
        "mean": 8.57095432281,
        "median": 8.26040458679,
        "min": 0.948076486588,
        "skew": 0.454050958157,
        "var": 14.5826339722
    },
    "spectral_rms": {
        "kurt": 0.619307994843,
        "max": 0.00345161091536,
        "mean": 0.000719760777429,
        "median": 0.000156096240971,
        "min": 4.07069228459e-06,
        "skew": 1.52133822441,
        "var": 1.13317764772e-06
    },
    "spectral_rolloff": {
        "kurt": 5.47120380402,
        "max": 6201.5625,
        "mean": 2254.74072266,
        "median": 1948.75488281,
        "min": 732.12890625,
        "skew": 2.14340043068,
        "var": 1079865
    },
    "spectral_skewness": {
        "kurt": -0.58308839798,
        "max": 3.3689892292,
        "mean": 2.11153244972,
        "median": 2.17359876633,
        "min": 0.975100159645,
        "skew": -0.0691540762782,
        "var": 0.236977875233
    },
    "spectral_spread": {
        "kurt": 6.51697540283,
        "max": 8050250,
        "mean": 3320051.5,
        "median": 3094960.5,
        "min": 1936623.25,
        "skew": 1.94969367981,
        "var": 829212721152
    },
    "spectral_strongpeak": {
        "kurt": 6.7927532196,
        "max": 4.97667884827,
        "mean": 0.525031626225,
        "median": 0.0704506039619,
        "min": 3.66944623238e-05,
        "skew": 2.58858394623,
        "var": 0.983896017075
    },
    "zerocrossingrate": {
        "kurt": 7.43393993378,
        "max": 0.2060546875,
        "mean": 0.072617188096,
        "median": 0.0654296875,
        "min": 0.00634765625,
        "skew": 2.11964321136,
        "var": 0.000730624888092
    },
    "barkbands": {
        "kurt": [8.25845813751, 0.203386306763, 3.79565000534, 6.11014461517, 0.689061880112, 1.98725700378, 2.87850379944, 3.73268604279, 0.895116090775, 3.64492702484, 4.01442337036, 4.10219621658, 7.48678302765, 10.8791255951, 10.5191831589, 3.99673271179, 6.15962314606, 8.56435012817, 10.2980384827, 1.91762971878, 4.37936449051, 1.91869163513, 10.3550395966, 3.89913606644, 2.18890047073, 8.36034584045, 36.4878692627],
        "max": [3.67030672521e-08, 3.57086832992e-07, 1.6775164795e-06, 2.23856090997e-06, 6.32423279967e-06, 7.77651803219e-06, 0.000258197862422, 1.11884282887e-05, 2.27820100918e-06, 0.00254071759991, 0.00273239775561, 0.000201204878977, 0.001018546056, 0.00448264367878, 0.00106181763113, 0.000363711093087, 0.00101189059205, 0.00168631563429, 0.00240796175785, 0.000864908040967, 0.000172253785422, 4.75035121781e-05, 2.26843458222e-05, 9.14543988983e-07, 4.62881956764e-07, 1.85789819085e-08, 1.02378139299e-09],
        "mean": [5.86415538351e-09, 9.97725848606e-08, 3.562130928e-07, 3.99650843974e-07, 1.94310200641e-06, 1.81415282441e-06, 3.5616914829e-05, 1.82068254162e-06, 7.51913773911e-07, 0.000264205678832, 0.000290528434562, 2.37817785091e-05, 9.04034168343e-05, 0.000318750768201, 8.22828587843e-05, 4.35364490841e-05, 9.6255716926e-05, 0.000129746360471, 0.000175843655597, 0.000108019485197, 1.84658420039e-05, 6.20923628958e-06, 1.52249606344e-06, 9.75764749001e-08, 5.69869236244e-08, 1.49598644583e-09, 4.02245528552e-11],
        "median": [3.85012199899e-09, 6.84749821289e-08, 2.57836802575e-07, 2.96689449897e-07, 1.52831057676e-06, 1.26719726268e-06, 2.20638457904e-06, 7.67247797739e-07, 6.51654090689e-07, 1.65236383509e-06, 2.1659786853e-06, 7.69798873534e-07, 2.0371262508e-06, 7.95521884811e-07, 1.4061552065e-06, 6.68694497108e-07, 4.70334583724e-07, 3.62570119705e-07, 4.16014643179e-07, 1.88499498677e-07, 8.73008048075e-08, 3.93824990397e-08, 8.62917381994e-09, 1.19204457416e-09, 6.41066977281e-10, 5.23424914523e-11, 2.1400403151e-12],
        "min": [4.67356049694e-11, 8.26949619892e-10, 9.88638504396e-10, 1.33716038242e-09, 4.47102443957e-09, 3.88357568326e-09, 1.25265564588e-09, 5.08380171294e-10, 1.04141184565e-09, 3.59065915889e-10, 6.21964701963e-11, 1.08498571239e-10, 2.82027734499e-10, 1.59457030913e-10, 2.57943860715e-10, 4.24522333953e-10, 8.33229527042e-11, 9.74629335571e-11, 1.08515862962e-10, 1.24465812656e-10, 1.43593734125e-10, 3.43515563217e-11, 4.73095217515e-12, 1.40689640927e-12, 1.49067021747e-12, 8.46567824522e-13, 6.97683122212e-13],
        "skew": [2.5842859745, 0.946104049683, 1.85904276371, 2.04672670364, 1.00587975979, 1.41777718067, 1.84665083885, 2.09031820297, 1.04168176651, 2.20099592209, 2.27567195892, 2.27980422974, 2.67828583717, 3.10318040848, 3.16161823273, 2.2111313343, 2.55474567413, 2.94097423553, 3.21608829498, 1.87669837475, 2.3162791729, 1.83666396141, 3.23928880692, 2.17414999008, 1.89856350422, 2.70428395271, 5.96255016327],
        "var": [4.45741658634e-17, 6.54440355532e-15, 9.92105703146e-14, 1.29736702609e-13, 1.61862504736e-12, 2.17629538522e-12, 3.38784200693e-09, 5.75382406651e-12, 1.93886898724e-13, 3.34765388743e-07, 4.0831397996e-07, 2.47110554241e-09, 3.66857868528e-08, 5.75559511162e-07, 3.8355906895e-08, 8.04476485428e-09, 4.55000979116e-08, 1.03712899602e-07, 2.18489731196e-07, 5.26939025747e-08, 1.69549640994e-09, 1.52766799211e-10, 1.67620223257e-11, 4.41879504179e-14, 1.40081910711e-14, 1.03454197082e-17, 2.09241604423e-20],
        "cov": [[4.50244068882e-17, 2.61944488952e-16, 3.66227162012e-16, 1.8857400537e-16, 4.53234942219e-16, 1.97467774554e-15, 1.16531743565e-13, 2.90200602806e-15, 1.15872002837e-16, 8.9890307654e-13, 1.4088899318e-12, 1.05331006775e-13, 5.02707847138e-13, 8.65143026663e-13, 4.68650149883e-14, 8.67837702742e-14, 2.27106067242e-13, 3.92000478302e-13, 2.42936747108e-13, 2.09950031535e-13, 2.63660350063e-14, 1.38132786256e-14, 6.97569197975e-15, 1.94473973659e-16, 1.21599388163e-16, 2.4911698064e-18, 2.04012013494e-19], [2.61944488952e-16, 6.61050897114e-15, 1.43369135465e-15, -8.20940941038e-18, -6.56191606738e-16, 2.40917396845e-14, 8.31076255991e-13, 2.40168280906e-14, 1.83208483107e-15, 1.22823270651e-11, 1.30897289535e-11, 1.17673731002e-12, 3.6283591149e-12, 1.76243273448e-11, 2.84343252069e-12, 1.36008207734e-12, 5.15601320319e-12, 4.54622407428e-12, 6.22747513279e-12, 3.61599075335e-12, 6.81062519749e-13, 1.77902031756e-13, 6.53728847856e-14, 2.49575505051e-15, 1.85239054015e-15, 6.53822879101e-17, 2.36144906799e-18], [3.66227162012e-16, 1.43369135465e-15, 1.00212698383e-13, 7.03125844223e-14, 1.01799367276e-13, 2.03652826075e-14, 4.54582118475e-13, 7.25177771023e-14, 1.60282079492e-14, 8.29563674698e-12, -6.15569661216e-12, 1.60998861812e-12, 2.77867681121e-12, 3.52280114801e-11, 7.99252417721e-12, 2.40765718994e-12, 7.86711841505e-12, 7.64573387241e-12, 1.87355287534e-11, 4.36138018062e-12, 1.34816376812e-12, 3.00437707481e-13, -7.59323092142e-14, 4.43015976754e-15, 2.30409605851e-15, 1.57747895616e-16, -2.61856275516e-19], [1.8857400537e-16, -8.20940941038e-18, 7.03125844223e-14, 1.31047177775e-13, 6.5628207621e-14, -4.17144160062e-15, -1.25068358447e-12, -4.77924516911e-14, 4.86692019422e-14, -1.08821450115e-11, -1.63459211444e-11, 6.00711971485e-13, 3.16919103807e-12, 1.82339612159e-11, 2.77743951969e-12, -1.62735038119e-12, 3.35604547624e-12, 5.62588170494e-12, 1.53462745983e-11, -1.42775103806e-12, 2.86393196484e-13, 2.07009499061e-13, -1.62784350344e-13, -2.96328547366e-15, 9.48118984145e-17, 6.22517352008e-18, 2.30081342037e-18], [4.53234942219e-16, -6.56191606738e-16, 1.01799367276e-13, 6.5628207621e-14, 1.63497481612e-12, 4.38887072301e-13, 1.23021055148e-11, 6.35879749463e-13, 6.62817782431e-14, 1.050631665e-10, 8.56297671659e-11, 2.33898438812e-11, 5.46287112768e-11, 2.02813016381e-10, 4.69035886519e-11, 2.05731837816e-11, 3.94643970281e-11, 1.68143780149e-11, 8.4176852988e-11, 3.36784697352e-11, 5.66443289843e-12, 3.48158177635e-12, -5.48160793829e-14, 4.37370002411e-14, 2.42460640053e-14, 9.21010369648e-16, 2.65571761965e-17], [1.97467774554e-15, 2.40917396845e-14, 2.03652826075e-14, -4.17144160062e-15, 4.38887072301e-13, 2.19827823479e-12, 5.10961967182e-11, 1.93599628516e-12, 9.73575536053e-14, 4.0924738598e-10, 5.40689271133e-10, 3.52103554646e-11, 1.35425379244e-10, 5.97578708739e-10, 1.6060512642e-10, 7.11982486856e-11, 1.63841620826e-10, 1.87285215114e-10, 2.51896031811e-10, 1.99438743298e-10, 3.06097924785e-11, 9.72686601403e-12, 2.64678903794e-12, 1.77578316093e-13, 9.97905913718e-14, 2.60823594371e-15, 6.52431759834e-17], [1.16531743565e-13, 8.31076255991e-13, 4.54582118475e-13, -1.25068358447e-12, 1.23021055148e-11, 5.10961967182e-11, 3.42206263326e-09, 1.16357611046e-10, 3.38015856624e-12, 2.33537722494e-08, 2.77749432342e-08, 1.68957858815e-09, 7.01773794631e-09, 2.68014748173e-08, 8.03563171559e-09, 4.04015354505e-09, 8.34110291947e-09, 1.30665496201e-08, 1.58645168113e-08, 1.11269686798e-08, 1.7463801516e-09, 5.73691150141e-10, 1.46100562204e-10, 1.01910545974e-11, 5.43922025475e-12, 1.27910513128e-13, 1.68116632388e-15], [2.90200602806e-15, 2.40168280906e-14, 7.25177771023e-14, -4.77924516911e-14, 6.35879749463e-13, 1.93599628516e-12, 1.16357611046e-10, 5.81194337448e-12, 1.04938058026e-13, 7.17104209347e-10, 9.3676477686e-10, 5.68601658812e-11, 1.93980553842e-10, 8.12688361052e-10, 2.69756689208e-10, 1.59172730552e-10, 2.97237734426e-10, 4.74543015994e-10, 5.01165442479e-10, 4.18438339533e-10, 6.57325305298e-11, 2.07867924262e-11, 4.68393683214e-12, 3.86810402502e-13, 2.06271943428e-13, 5.0074360145e-15, 3.67832130628e-17], [1.15872002837e-16, 1.83208483107e-15, 1.60282079492e-14, 4.86692019422e-14, 6.62817782431e-14, 9.73575536053e-14, 3.38015856624e-12, 1.04938058026e-13, 1.9584536087e-13, 7.80512460219e-11, 4.87413824579e-11, 5.26543609061e-12, 2.4600658316e-11, 7.5455565407e-11, 1.52226131006e-11, 9.20762424639e-12, 2.57545009624e-11, 3.1537061157e-11, 8.2432061177e-11, 2.36428029932e-11, 4.69408409712e-12, 1.47743850574e-12, 3.35479718007e-13, 2.12773609089e-14, 1.17945915892e-14, 3.96084041081e-16, 1.1383760506e-17], [8.9890307654e-13, 1.22823270651e-11, 8.29563674698e-12, -1.08821450115e-11, 1.050631665e-10, 4.0924738598e-10, 2.33537722494e-08, 7.17104209347e-10, 7.80512460219e-11, 3.38146861623e-07, 3.09750191718e-07, 2.06348289566e-08, 8.8426006073e-08, 3.61760612577e-07, 7.23784765455e-08, 3.97954309506e-08, 1.03844840282e-07, 1.39406736821e-07, 2.11278944562e-07, 1.11131711833e-07, 1.9026270337e-08, 6.09211836533e-09, 1.83907822304e-09, 1.02000241586e-10, 5.84713596985e-11, 1.63072636991e-12, 3.48967104942e-14], [1.4088899318e-12, 1.30897289535e-11, -6.15569661216e-12, -1.63459211444e-11, 8.56297671659e-11, 5.40689271133e-10, 2.77749432342e-08, 9.3676477686e-10, 4.87413824579e-11, 3.09750191718e-07, 4.12438367903e-07, 2.03640162511e-08, 1.0431241293e-07, 3.56731902684e-07, 7.78989956984e-08, 4.19161345633e-08, 9.36480617497e-08, 1.45812478536e-07, 1.62347632227e-07, 1.20969602335e-07, 1.78183885424e-08, 6.35759711543e-09, 2.09702366583e-09, 1.02895400533e-10, 6.10922978872e-11, 1.48851222147e-12, 4.07628303941e-14], [1.05331006775e-13, 1.17673731002e-12, 1.60998861812e-12, 6.00711971485e-13, 2.33898438812e-11, 3.52103554646e-11, 1.68957858815e-09, 5.68601658812e-11, 5.26543609061e-12, 2.06348289566e-08, 2.03640162511e-08, 2.49606624259e-09, 8.00344146512e-09, 2.60851571454e-08, 5.2263264827e-09, 2.5878312826e-09, 7.33185601121e-09, 7.87033993532e-09, 1.51643764212e-08, 6.58611609694e-09, 1.16280107765e-09, 4.29265817337e-10, 8.05130406789e-11, 6.75494686228e-12, 3.78935815018e-12, 1.11030589833e-13, 2.7521212187e-15], [5.02707847138e-13, 3.6283591149e-12, 2.77867681121e-12, 3.16919103807e-12, 5.46287112768e-11, 1.35425379244e-10, 7.01773794631e-09, 1.93980553842e-10, 2.4600658316e-11, 8.8426006073e-08, 1.0431241293e-07, 8.00344146512e-09, 3.70563491003e-08, 1.07636431323e-07, 2.00505265724e-08, 1.00282022686e-08, 2.75495644075e-08, 4.1784723237e-08, 6.17607014419e-08, 3.00789935181e-08, 4.78092987422e-09, 1.82685233607e-09, 4.88530993437e-10, 2.82628573323e-11, 1.58398953676e-11, 3.96047940537e-13, 1.26339876874e-14], [8.65143026663e-13, 1.76243273448e-11, 3.52280114801e-11, 1.82339612159e-11, 2.02813016381e-10, 5.97578708739e-10, 2.68014748173e-08, 8.12688361052e-10, 7.5455565407e-11, 3.61760612577e-07, 3.56731902684e-07, 2.60851571454e-08, 1.07636431323e-07, 5.8137322867e-07, 1.2968125418e-07, 4.70600056701e-08, 1.4978377294e-07, 1.76710059918e-07, 2.70031847549e-07, 1.43871361047e-07, 2.6280956078e-08, 7.7081745431e-09, 1.56632318227e-09, 1.1930523236e-10, 7.49419484802e-11, 2.19221667729e-12, 3.68242491621e-14], [4.68650149883e-14, 2.84343252069e-12, 7.99252417721e-12, 2.77743951969e-12, 4.69035886519e-11, 1.6060512642e-10, 8.03563171559e-09, 2.69756689208e-10, 1.52226131006e-11, 7.23784765455e-08, 7.78989956984e-08, 5.2263264827e-09, 2.00505265724e-08, 1.2968125418e-07, 3.87433409799e-08, 1.30591626402e-08, 3.51314994873e-08, 4.25771276014e-08, 6.23038332037e-08, 3.8355956633e-08, 7.00629865236e-09, 1.8817516434e-09, 3.4134572946e-10, 3.12897485699e-11, 1.92785197528e-11, 5.31997135147e-13, 5.44597419393e-15], [8.67837702742e-14, 1.36008207734e-12, 2.40765718994e-12, -1.62735038119e-12, 2.05731837816e-11, 7.11982486856e-11, 4.04015354505e-09, 1.59172730552e-10, 9.20762424639e-12, 3.97954309506e-08, 4.19161345633e-08, 2.5878312826e-09, 1.00282022686e-08, 4.70600056701e-08, 1.30591626402e-08, 8.12602518607e-09, 1.52025858569e-08, 1.86187065765e-08, 2.63304062997e-08, 1.83963368983e-08, 3.15056802869e-09, 9.30066912375e-10, 2.28376026423e-10, 1.55688743148e-11, 8.87890802548e-12, 2.35096068047e-13, 4.08884318277e-15], [2.27106067242e-13, 5.15601320319e-12, 7.86711841505e-12, 3.35604547624e-12, 3.94643970281e-11, 1.63841620826e-10, 8.34110291947e-09, 2.97237734426e-10, 2.57545009624e-11, 1.03844840282e-07, 9.36480617497e-08, 7.33185601121e-09, 2.75495644075e-08, 1.4978377294e-07, 3.51314994873e-08, 1.52025858569e-08, 4.59596947167e-08, 5.34230899518e-08, 7.96545123194e-08, 4.38309335493e-08, 8.33235969111e-09, 2.20307105891e-09, 4.2037681669e-10, 3.78397868595e-11, 2.18807749697e-11, 6.40038640577e-13, 9.58851545391e-15], [3.92000478302e-13, 4.54622407428e-12, 7.64573387241e-12, 5.62588170494e-12, 1.68143780149e-11, 1.87285215114e-10, 1.30665496201e-08, 4.74543015994e-10, 3.1537061157e-11, 1.39406736821e-07, 1.45812478536e-07, 7.87033993532e-09, 4.1784723237e-08, 1.76710059918e-07, 4.25771276014e-08, 1.86187065765e-08, 5.34230899518e-08, 1.04760502495e-07, 1.11826629734e-07, 6.33002343875e-08, 1.15062679384e-08, 3.43489214849e-09, 8.23076995449e-10, 5.65616407877e-11, 3.19731637e-11, 7.32439662306e-13, 7.47912643547e-15], [2.42936747108e-13, 6.22747513279e-12, 1.87355287534e-11, 1.53462745983e-11, 8.4176852988e-11, 2.51896031811e-10, 1.58645168113e-08, 5.01165442479e-10, 8.2432061177e-11, 2.11278944562e-07, 1.62347632227e-07, 1.51643764212e-08, 6.17607014419e-08, 2.70031847549e-07, 6.23038332037e-08, 2.63304062997e-08, 7.96545123194e-08, 1.11826629734e-07, 2.20696691144e-07, 7.95937680209e-08, 1.53755337351e-08, 4.49312942408e-09, 8.16830936223e-10, 7.6079892386e-11, 4.02180164172e-11, 1.22333696992e-12, 1.16273644155e-14], [2.09950031535e-13, 3.61599075335e-12, 4.36138018062e-12, -1.42775103806e-12, 3.36784697352e-11, 1.99438743298e-10, 1.11269686798e-08, 4.18438339533e-10, 2.36428029932e-11, 1.11131711833e-07, 1.20969602335e-07, 6.58611609694e-09, 3.00789935181e-08, 1.43871361047e-07, 3.8355956633e-08, 1.83963368983e-08, 4.38309335493e-08, 6.33002343875e-08, 7.95937680209e-08, 5.32261665853e-08, 8.98895713419e-09, 2.59696775196e-09, 6.37295660688e-10, 4.60470619967e-11, 2.6033352557e-11, 6.55322692812e-13, 1.00299288867e-14], [2.63660350063e-14, 6.81062519749e-13, 1.34816376812e-12, 2.86393196484e-13, 5.66443289843e-12, 3.06097924785e-11, 1.7463801516e-09, 6.57325305298e-11, 4.69408409712e-12, 1.9026270337e-08, 1.78183885424e-08, 1.16280107765e-09, 4.78092987422e-09, 2.6280956078e-08, 7.00629865236e-09, 3.15056802869e-09, 8.33235969111e-09, 1.15062679384e-08, 1.53755337351e-08, 8.98895713419e-09, 1.71262259929e-09, 4.49918019507e-10, 9.51024953233e-11, 7.85659991925e-12, 4.48692341962e-12, 1.17942236381e-13, 1.41726399768e-15], [1.38132786256e-14, 1.77902031756e-13, 3.00437707481e-13, 2.07009499061e-13, 3.48158177635e-12, 9.72686601403e-12, 5.73691150141e-10, 2.07867924262e-11, 1.47743850574e-12, 6.09211836533e-09, 6.35759711543e-09, 4.29265817337e-10, 1.82685233607e-09, 7.7081745431e-09, 1.8817516434e-09, 9.30066912375e-10, 2.20307105891e-09, 3.43489214849e-09, 4.49312942408e-09, 2.59696775196e-09, 4.49918019507e-10, 1.54309898193e-10, 3.49406961697e-11, 2.35610250927e-12, 1.39897208401e-12, 3.3015545186e-14, 4.04140118503e-16], [6.97569197975e-15, 6.53728847856e-14, -7.59323092142e-14, -1.62784350344e-13, -5.48160793829e-14, 2.64678903794e-12, 1.46100562204e-10, 4.68393683214e-12, 3.35479718007e-13, 1.83907822304e-09, 2.09702366583e-09, 8.05130406789e-11, 4.88530993437e-10, 1.56632318227e-09, 3.4134572946e-10, 2.28376026423e-10, 4.2037681669e-10, 8.23076995449e-10, 8.16830936223e-10, 6.37295660688e-10, 9.51024953233e-11, 3.49406961697e-11, 1.69313365411e-11, 5.75899300036e-13, 3.48875035848e-13, 7.31376104021e-15, 2.26240356159e-16], [1.94473973659e-16, 2.49575505051e-15, 4.43015976754e-15, -2.96328547366e-15, 4.37370002411e-14, 1.77578316093e-13, 1.01910545974e-11, 3.86810402502e-13, 2.12773609089e-14, 1.02000241586e-10, 1.02895400533e-10, 6.75494686228e-12, 2.82628573323e-11, 1.1930523236e-10, 3.12897485699e-11, 1.55688743148e-11, 3.78397868595e-11, 5.65616407877e-11, 7.6079892386e-11, 4.60470619967e-11, 7.85659991925e-12, 2.35610250927e-12, 5.75899300036e-13, 4.46342961235e-14, 2.31062151563e-14, 5.76351657558e-16, 7.5048856206e-18], [1.21599388163e-16, 1.85239054015e-15, 2.30409605851e-15, 9.48118984145e-17, 2.42460640053e-14, 9.97905913718e-14, 5.43922025475e-12, 2.06271943428e-13, 1.17945915892e-14, 5.84713596985e-11, 6.10922978872e-11, 3.78935815018e-12, 1.58398953676e-11, 7.49419484802e-11, 1.92785197528e-11, 8.87890802548e-12, 2.18807749697e-11, 3.19731637e-11, 4.02180164172e-11, 2.6033352557e-11, 4.48692341962e-12, 1.39897208401e-12, 3.48875035848e-13, 2.31062151563e-14, 1.4149687925e-14, 3.35059367108e-16, 4.83877083696e-18], [2.4911698064e-18, 6.53822879101e-17, 1.57747895616e-16, 6.22517352008e-18, 9.21010369648e-16, 2.60823594371e-15, 1.27910513128e-13, 5.0074360145e-15, 3.96084041081e-16, 1.63072636991e-12, 1.48851222147e-12, 1.11030589833e-13, 3.96047940537e-13, 2.19221667729e-12, 5.31997135147e-13, 2.35096068047e-13, 6.40038640577e-13, 7.32439662306e-13, 1.22333696992e-12, 6.55322692812e-13, 1.17942236381e-13, 3.3015545186e-14, 7.31376104021e-15, 5.76351657558e-16, 3.35059367108e-16, 1.04499190894e-17, 1.48010231663e-19], [2.04012013494e-19, 2.36144906799e-18, -2.61856275516e-19, 2.30081342037e-18, 2.65571761965e-17, 6.52431759834e-17, 1.68116632388e-15, 3.67832130628e-17, 1.1383760506e-17, 3.48967104942e-14, 4.07628303941e-14, 2.7521212187e-15, 1.26339876874e-14, 3.68242491621e-14, 5.44597419393e-15, 4.08884318277e-15, 9.58851545391e-15, 7.47912643547e-15, 1.16273644155e-14, 1.00299288867e-14, 1.41726399768e-15, 4.04140118503e-16, 2.26240356159e-16, 7.5048856206e-18, 4.83877083696e-18, 1.48010231663e-19, 2.11355147824e-20]]
    },
    "mfcc": {
        "kurt": [-0.468977689743, 1.52579689026, -0.900805473328, -0.585963487625, -0.282432317734, -0.174606800079, 0.255053520203, 0.0720226764679, -0.18551659584, 0.282557725906, -0.115097045898, 0.333025693893, -0.308097839355],
        "max": [-711.661743164, 130.509063721, 9.86616516113, 23.3998374939, 12.032333374, 13.9315567017, 14.6878852844, 14.480928421, 4.81883621216, 10.4003162384, 8.11916732788, 11.9315414429, 22.4127197266],
        "mean": [-922.168334961, 94.3029556274, -51.5315818787, -3.90271902084, -10.6996192932, -9.7876739502, -4.66946458817, -8.60813045502, -10.2085237503, -6.74871778488, -9.55640792847, -10.2475662231, 1.4573174715],
        "median": [-966.171691895, 101.226448059, -35.6593742371, -3.17058181763, -4.99830627441, -10.2561721802, -4.03104782104, -8.06920623779, -9.61966323853, -6.15783691406, -9.15319442749, -9.92531967163, 0.958003997803],
        "min": [-1138.42004395, 1.14440917969e-05, -159.17527771, -34.6470718384, -47.7748260498, -30.8958091736, -27.4793319702, -36.4362182617, -27.0007476807, -24.920753479, -24.5543880463, -30.144985199, -15.7211799622],
        "skew": [0.977828741074, -1.25819075108, -0.790576279163, 0.00488177873194, -0.999591350555, 0.158937901258, -0.361150056124, -0.268115490675, -0.0408560149372, -0.202464714646, 0.0627319514751, -0.203985512257, 0.265030413866],
        "var": [11437.7617188, 559.488464355, 2817.81494141, 186.048416138, 281.546112061, 84.2992706299, 65.8603210449, 83.2846221924, 42.7867622375, 36.9474143982, 40.7497367859, 53.9453315735, 58.9583015442],
        "cov": [[11553.2939453, -1430.5222168, -5575.12109375, 740.038696289, -1569.01611328, 488.367156982, 193.901596069, -332.901000977, -58.2584342957, -104.22933197, -267.539855957, -262.73538208, 412.475036621], [-1430.5222168, 565.139892578, 666.400390625, -220.330596924, 297.243835449, -96.873046875, -40.9364242554, -37.2679824829, -16.1092205048, 15.1673622131, 23.5559444427, 73.0001373291, -42.4750289917], [-5575.12109375, 666.400390625, 2846.27783203, -281.122680664, 723.890625, -244.131332397, -107.548629761, 208.188446045, 19.9582023621, 37.7309684753, 138.834014893, 103.536582947, -203.676925659], [740.038696289, -220.330596924, -281.122680664, 187.927688599, -134.998260498, 38.0129508972, 37.5308609009, 23.1962356567, 22.1972732544, -22.0581169128, -14.7605895996, -35.9350128174, 17.1635227203], [-1569.01611328, 297.243835449, 723.890625, -134.998260498, 284.390014648, -57.1340293884, -25.0232467651, 9.93075180054, 10.517616272, 26.6822128296, 26.1285381317, 49.3206939697, -53.0263557434], [488.367156982, -96.873046875, -244.131332397, 38.0129508972, -57.1340293884, 85.1507720947, 28.3371486664, 0.447707563639, -15.1057376862, -13.9834690094, -9.62351989746, -24.0065174103, 20.8204956055], [193.901596069, -40.9364242554, -107.548629761, 37.5308609009, -25.0232467651, 28.3371486664, 66.5255737305, 14.086602211, 1.2213101387, -7.01232099533, -3.90673303604, -5.5545964241, -14.3704118729], [-332.901000977, -37.2679824829, 208.188446045, 23.1962356567, 9.93075180054, 0.447707563639, 14.086602211, 84.1258773804, 6.38284540176, -2.84608197212, 21.9118251801, -10.6496973038, -10.426864624], [-58.2584342957, -16.1092205048, 19.9582023621, 22.1972732544, 10.517616272, -15.1057376862, 1.2213101387, 6.38284540176, 43.218952179, 13.1004934311, -6.14097929001, 4.99632787704, -2.92180752754], [-104.22933197, 15.1673622131, 37.7309684753, -22.0581169128, 26.6822128296, -13.9834690094, -7.01232099533, -2.84608197212, 13.1004934311, 37.3206214905, 10.9717884064, 8.74757862091, -2.80587911606], [-267.539855957, 23.5559444427, 138.834014893, -14.7605895996, 26.1285381317, -9.62351989746, -3.90673303604, 21.9118251801, -6.14097929001, 10.9717884064, 41.1613502502, 10.2704524994, -12.2219953537], [-262.73538208, 73.0001373291, 103.536582947, -35.9350128174, 49.3206939697, -24.0065174103, -5.5545964241, -10.6496973038, 4.99632787704, 8.74757862091, 10.2704524994, 54.490234375, 9.61907291412], [412.475036621, -42.4750289917, -203.676925659, 17.1635227203, -53.0263557434, 20.8204956055, -14.3704118729, -10.426864624, -2.92180752754, -2.80587911606, -12.2219953537, 9.61907291412, 59.5538406372]]
    },
    "sccoeffs": {
        "kurt": [1.83591985703, -1.06039106846, -0.517525196075, -0.980578660965, -0.120671987534, -0.823925018311],
        "max": [-0.587431013584, -0.574775993824, -0.441915035248, -0.487817913294, -0.610010147095, -0.660650312901],
        "mean": [-0.781122565269, -0.783646166325, -0.761269390583, -0.757252812386, -0.812618196011, -0.775972902775],
        "median": [-0.783804178238, -0.824524879456, -0.839663982391, -0.791054427624, -0.849812865257, -0.804783940315],
        "min": [-0.941175580025, -0.921692311764, -0.91622453928, -0.944317698479, -0.9362398386, -0.855206549168],
        "skew": [0.624069213867, 0.582776129246, 1.02440607548, 0.662570774555, 1.13545191288, 0.851109802723],
        "var": [0.00287184584886, 0.0095768943429, 0.0236391015351, 0.017000021413, 0.00689025176689, 0.00280595337972],
        "cov": [[0.00290085445158, -0.000297484104522, -0.000735409266781, -0.000368193606846, -0.000464426964754, -0.000196500972379], [-0.000297484104522, 0.00967363081872, 0.0129201449454, 0.011296746321, 0.00689405761659, 0.00388927105814], [-0.000735409266781, 0.0129201449454, 0.0238778814673, 0.0191054400057, 0.0123506160453, 0.00704542314634], [-0.000368193606846, 0.011296746321, 0.0191054400057, 0.0171717386693, 0.0102033829316, 0.00566291203722], [-0.000464426964754, 0.00689405761659, 0.0123506160453, 0.0102033829316, 0.00695984996855, 0.00388349522837], [-0.000196500972379, 0.00388927105814, 0.00704542314634, 0.00566291203722, 0.00388349522837, 0.00283429631963]]
    },
    "scvalleys": {
        "kurt": [1.71294021606, 18.8190364838, 26.1355457306, 2.68167972565, 0.671371221542, 0.679012298584],
        "max": [-8.55990123749, -7.79803657532, -7.76787614822, -7.584192276, -7.28437185287, -10.4246864319],
        "mean": [-9.41820144653, -8.5977973938, -8.76980400085, -9.26547241211, -9.6669216156, -12.6088895798],
        "median": [-9.35460281372, -8.57509708405, -8.82406902313, -9.53006649017, -10.1691970825, -13.0816001892],
        "min": [-11.2081222534, -11.4910879135, -12.7495117188, -12.7305307388, -13.6250314713, -16.2423400879],
        "skew": [-0.95127594471, -3.10820960999, -3.6279706955, -0.083433881402, 0.611423015594, 0.783038258553],
        "var": [0.244141757488, 0.182831153274, 0.297224640846, 0.603928864002, 1.28770685196, 1.16309607029],
        "cov": [[0.24660782516, 0.091839209199, 0.118739910424, 0.157773569226, 0.230715706944, 0.200323835015], [0.091839209199, 0.184677928686, 0.168762534857, 0.201304778457, 0.273343354464, 0.254095286131], [0.118739910424, 0.168762534857, 0.300226926804, 0.343005627394, 0.468262672424, 0.433069974184], [0.157773569226, 0.201304778457, 0.343005627394, 0.610029160976, 0.851614296436, 0.791011750698], [0.230715706944, 0.273343354464, 0.468262672424, 0.851614296436, 1.30071401596, 1.21346819401], [0.200323835015, 0.254095286131, 0.433069974184, 0.791011750698, 1.21346819401, 1.1748445034]]
    }
},
"rhythm": {
    "beats_loudness": {
        "kurt": -0.674712181091,
        "max": 0.00905738770962,
        "mean": 0.00240729004145,
        "median": 0.000281886692392,
        "min": 7.99893496151e-06,
        "skew": 1.14474308491,
        "var": 1.47843538798e-05
    },
    "bpm": 120.185325623,
    "confidence": 0,
    "first_peak_bpm": {
        "kurt": 0,
        "max": 120,
        "mean": 120,
        "median": 120,
        "min": 120,
        "skew": 0,
        "var": 0
    },
    "first_peak_spread": {
        "kurt": 0,
        "max": 0,
        "mean": 0,
        "median": 0,
        "min": 0,
        "skew": 0,
        "var": 0
    },
    "first_peak_weight": {
        "kurt": 0,
        "max": 1,
        "mean": 1,
        "median": 1,
        "min": 1,
        "skew": 0,
        "var": 0
    },
    "onset_rate": 1.75299119949,
    "second_peak_bpm": {
        "kurt": 0,
        "max": 0,
        "mean": 0,
        "median": 0,
        "min": 0,
        "skew": 0,
        "var": 0
    },
    "second_peak_spread": {
        "kurt": 0,
        "max": 0,
        "mean": 0,
        "median": 0,
        "min": 0,
        "skew": 0,
        "var": 0
    },
    "second_peak_weight": {
        "kurt": 0,
        "max": 0,
        "mean": 0,
        "median": 0,
        "min": 0,
        "skew": 0,
        "var": 0
    },
    "beats_loudness_band_ratio": {
        "kurt": [-1.06357181072, -1.84791874886, -0.873717546463, -1.90836894512, -0.880122184753, -0.687928915024],
        "max": [0.0793734565377, 0.0622630231082, 0.350568652153, 0.538356900215, 0.545488119125, 0.204102531075],
        "mean": [0.0284776911139, 0.0345552153885, 0.147923380136, 0.402674376965, 0.324995964766, 0.0745700672269],
        "median": [0.0171725731343, 0.0370365902781, 0.114861369133, 0.416835933924, 0.279550850391, 0.0356688722968],
        "min": [0.000192165156477, 0.00188465625979, 0.0114021236077, 0.238668695092, 0.195394083858, 0.022840006277],
        "skew": [0.751383304596, -0.0971023738384, 0.741038322449, -0.0689453557134, 0.861334621906, 1.12788772583],
        "var": [0.000997382216156, 0.000684131053276, 0.015472503379, 0.018552839756, 0.0177572332323, 0.00563701987267],
        "cov": [[0.00132984295487, 0.000943608407397, 0.00497931987047, -0.00126259948593, -0.00417319079861, -0.00145068392158], [0.000943608407397, 0.000912174757104, 0.00331174326129, 0.00102189788595, -0.00405639177188, -0.0018458222039], [0.00497931987047, 0.00331174326129, 0.0206300038844, -0.00261127226986, -0.0177971217781, -0.00707075791433], [-0.00126259948593, 0.00102189788595, -0.00261127226986, 0.0247371196747, -0.0115673663095, -0.0102432193235], [-0.00417319079861, -0.00405639177188, -0.0177971217781, -0.0115673663095, 0.0236763115972, 0.0124756479636], [-0.00145068392158, -0.0018458222039, -0.00707075791433, -0.0102432193235, 0.0124756479636, 0.00751602649689]]
    },
    "beats_position": [0.487619042397, 0.986848056316, 1.48607707024, 1.98530614376],
    "bpm_estimates": [120.185325623, 120.185325623, 120.185310364],
    "bpm_intervals": [0.49922901392, 0.49922901392, 0.499229073524],
    "onset_times": [0.0232199542224, 0.255419492722, 0.383129239082, 0.603718817234],
    "histogram": [[0, 0, 0, 0, 0, 0, 0, 0, 0, 0, 0, 0, 0, 0, 0, 0, 0, 0, 0, 0, 0, 0, 0, 0, 0, 0, 0, 0, 0, 0, 0, 0, 0, 0, 0, 0, 0, 0, 0, 0, 0, 0, 0, 0, 0, 0, 0, 0, 0, 0, 0, 0, 0, 0, 0, 0, 0, 0, 0, 0, 0, 0, 0, 0, 0, 0, 0, 0, 0, 0, 0, 0, 0, 0, 0, 0, 0, 0, 0, 0, 0, 0, 0, 0, 0, 0, 0, 0, 0, 0, 0, 0, 0, 0, 0, 0, 0, 0, 0, 0, 0, 0, 0, 0, 0, 0, 0, 0, 0, 0, 0, 0, 0, 0, 0, 0, 0, 0, 0, 0, 1, 0, 0, 0, 0, 0, 0, 0, 0, 0, 0, 0, 0, 0, 0, 0, 0, 0, 0, 0, 0, 0, 0, 0, 0, 0, 0, 0, 0, 0, 0, 0, 0, 0, 0, 0, 0, 0, 0, 0, 0, 0, 0, 0, 0, 0, 0, 0, 0, 0, 0, 0, 0, 0, 0, 0, 0, 0, 0, 0, 0, 0, 0, 0, 0, 0, 0, 0, 0, 0, 0, 0, 0, 0, 0, 0, 0, 0, 0, 0, 0, 0, 0, 0, 0, 0, 0, 0, 0, 0, 0, 0, 0, 0, 0, 0, 0, 0, 0, 0, 0, 0, 0, 0, 0, 0, 0, 0, 0, 0, 0, 0, 0, 0, 0, 0, 0, 0, 0, 0, 0, 0, 0, 0, 0, 0, 0, 0, 0, 0]]
},
"sfx": {
    "inharmonicity": {
        "kurt": -1.29246592522,
        "max": 0.341510564089,
        "mean": 0.151765733957,
        "median": 0.15107318759,
        "min": 0.00330446870066,
        "skew": 0.14807420969,
        "var": 0.0106380973011
    },
    "oddtoevenharmonicenergyratio": {
        "kurt": 6.73091220856,
        "max": 10.1804466248,
        "mean": 1.52576553822,
        "median": 0.864906072617,
        "min": 0.143594667315,
        "skew": 2.47106695175,
        "var": 3.1338198185
    },
    "pitch_after_max_to_before_max_energy_ratio": 0.475958436728,
    "pitch_centroid": 49.4772109985,
    "pitch_max_to_total": 0.689999997616,
    "pitch_min_to_total": 0.0900000035763,
    "tristimulus": {
        "kurt": [-0.121972322464, -0.515387058258, -0.679351568222],
        "max": [0.455733776093, 0.588390648365, 0.963429331779],
        "mean": [0.117097765207, 0.299749493599, 0.583152592182],
        "median": [0.0684651434422, 0.314578860998, 0.596822202206],
        "min": [0, 0.0351157858968, 0.135805428028],
        "skew": [0.927523672581, -0.236498534679, -0.0676046609879],
        "var": [0.0141583513469, 0.0192071329802, 0.049296669662],
        "cov": [[0.0143013652414, 0.00804605707526, -0.0223474241793], [0.00804605707526, 0.0194011442363, -0.027447193861], [-0.0223474241793, -0.027447193861, 0.049794614315]]
    }
},
"tonal": {
    "chords_changes_rate": 0.0784313753247,
    "chords_number_rate": 0.0784313753247,
    "chords_strength": {
        "kurt": -1.25029444695,
        "max": 0.350877612829,
        "mean": 0.320949465036,
        "median": 0.322888314724,
        "min": 0.287262409925,
        "skew": -0.228116706014,
        "var": 0.000355404423317
    },
    "key_strength": 0.494779884815,
    "tuning_diatonic_strength": 0.388862669468,
    "tuning_equal_tempered_deviation": 0.223824232817,
    "tuning_frequency": 447.691040039,
    "tuning_nontempered_energy_ratio": 0.868249297142,
    "hpcp": {
        "kurt": [4.26309633255, 4.24905252457, 2.89080572128, 2.0657377243, -1.20909118652, -0.97688627243, 1.93485546112, 1.89337682724, 1.97180986404, 0.867786169052, 1.72628116608, 0.447938680649, -0.0948138237, 1.27278089523, 5.48921108246, 2.97261428833, 10.0823221207, 7.3123216629, 2.9263253212, 1.9413228035, 2.79120016098, 0.493247032166, 2.9914226532, 4.98215198517, 2.04968452454, 0.924256563187, 1.1518445015, 4.76667070389, 6.47253227234, 1.58436775208, 3.18620491028, 1.11186695099, -0.42209649086, -1.37182402611, 0.788817644119, 2.77685689926],
        "max": [0.997857511044, 1, 1, 1, 1, 1, 0.570209205151, 0.74179494381, 1, 0.869534134865, 1, 1, 1, 1, 1, 0.749633669853, 0.793108820915, 0.780870199203, 1, 0.837268054485, 0.666149795055, 0.54302072525, 0.924620628357, 0.882922112942, 0.594122886658, 0.902893543243, 0.994115650654, 0.98063492775, 1, 0.698886692524, 0.688382923603, 0.592385649681, 1, 1, 1, 1],
        "mean": [0.147237107158, 0.154159426689, 0.161098629236, 0.319353252649, 0.630110442638, 0.4759722054, 0.146243155003, 0.15089379251, 0.236151114106, 0.253692090511, 0.218914419413, 0.250942021608, 0.261271595955, 0.200221508741, 0.144709572196, 0.15178899467, 0.140141025186, 0.160205096006, 0.225409239531, 0.190508931875, 0.118963092566, 0.117558583617, 0.148825928569, 0.12822368741, 0.136090174317, 0.269303709269, 0.283107757568, 0.173150062561, 0.139582440257, 0.133397161961, 0.116224326193, 0.135386824608, 0.387773245573, 0.589373886585, 0.382266223431, 0.169988498092],
        "median": [0.058855637908, 0.0572529062629, 0.0546946227551, 0.329168260098, 0.684886991978, 0.418805956841, 0.0997869968414, 0.069907143712, 0.166302889585, 0.158423244953, 0.0959492847323, 0.0688562393188, 0.0686825886369, 0.0669997707009, 0.038098115474, 0.0986219719052, 0.101906120777, 0.13110485673, 0.152893573046, 0.148366838694, 0.0541164018214, 0.029922068119, 0.0435657761991, 0.0415311083198, 0.0947074219584, 0.177244067192, 0.220174878836, 0.0782305598259, 0.0435788296163, 0.0489238798618, 0.0553972087801, 0.0794663205743, 0.406851112843, 0.572361886501, 0.377555161715, 0.0636714175344],
