{
"metadata": {
    "version": {
        "essentia": "2.1-beta3"
    }
},
"lowLevel": {
    "average_loudness": 0.229549825191,
    "barkbands_kurtosis": {
        "kurt": 12.4537658691,
        "max": 14.7977848053,
        "mean": 1.48338055611,
        "median": 1.13501739502,
        "min": -1.03525137901,
        "skew": 3.00271224976,
        "var": 4.92729949951
    },
    "barkbands_skewness": {
        "kurt": 1.3502035141,
        "max": 3.1788084507,
        "mean": 1.05501699448,
        "median": 1.09665966034,
        "min": -0.918099105358,
        "skew": 0.0198222752661,
        "var": 0.454204916954
    },
    "barkbands_spread": {
        "kurt": 1.30275535583,
        "max": 23.7785224915,
        "mean": 15.5507564545,
        "median": 15.9642162323,
        "min": 1.78445327282,
        "skew": -1.0519733429,
        "var": 20.131483078
    },
    "dissonance": {
        "kurt": 7.59156799316,
        "max": 0.499919235706,
        "mean": 0.462651908398,
        "median": 0.475773364305,
        "min": 0.264621853828,
        "skew": -2.49000239372,
        "var": 0.00155480485409
    },
    "hfc": {
        "kurt": 21.4553604126,
        "max": 30.8863048553,
        "mean": 1.16615378857,
        "median": 0.0139937438071,
        "min": 0.000116599170724,
        "skew": 4.70515060425,
        "var": 24.6942691803
    },
    "pitch": {
        "kurt": 2.13959121704,
        "max": 1015.42749023,
        "mean": 291.586303711,
        "median": 206.75869751,
        "min": 63.2025947571,
        "skew": 1.35304248333,
        "var": 33480.3125
    },
    "pitch_instantaneous_confidence": {
        "kurt": 0.110204935074,
        "max": 0.951131761074,
        "mean": 0.374843269587,
        "median": 0.26876565814,
        "min": 0.108563840389,
        "skew": 1.26146686077,
        "var": 0.0597922280431
    },
    "pitch_salience": {
        "kurt": 2.05977773666,
        "max": 0.912809431553,
        "mean": 0.636474847794,
        "median": 0.663329184055,
        "min": 0.196673318744,
        "skew": -1.30932700634,
        "var": 0.0153517518193
    },
    "silence_rate_20dB": {
        "kurt": 0,
        "max": 1,
        "mean": 1,
        "median": 1,
        "min": 1,
        "skew": 0,
        "var": 0
    },
    "silence_rate_30dB": {
        "kurt": 0,
        "max": 1,
        "mean": 1,
        "median": 1,
        "min": 1,
        "skew": 0,
        "var": 0
    },
    "silence_rate_60dB": {
        "kurt": 13.5570411682,
        "max": 1,
        "mean": 0.94594591856,
        "median": 1,
        "min": 0,
        "skew": -3.94424057007,
        "var": 0.0511323958635
    },
    "spectral_centroid": {
        "kurt": 0.312535047531,
        "max": 1540.12646484,
        "mean": 783.613708496,
        "median": 693.994628906,
        "min": 433.700134277,
        "skew": 1.07674765587,
        "var": 65818.7734375
    },
    "spectral_complexity": {
        "kurt": 16.4952812195,
        "max": 11,
        "mean": 0.560810804367,
        "median": 0,
        "min": 0,
        "skew": 4.14156246185,
        "var": 4.21927928925
    },
    "spectral_crest": {
        "kurt": 3.61874675751,
        "max": 24.9113636017,
        "mean": 8.32677555084,
        "median": 6.65127086639,
        "min": 3.40489864349,
        "skew": 2.05502653122,
        "var": 23.1293735504
    },
    "spectral_decrease": {
        "kurt": 21.4518299103,
        "max": -4.97319131948e-14,
        "mean": -2.46418607741e-10,
        "median": -5.69267809974e-12,
        "min": -6.35009600458e-09,
        "skew": -4.70244693756,
        "var": 1.08761315514e-18
    },
    "spectral_energy": {
        "kurt": 21.4431304932,
        "max": 0.0267682056874,
        "mean": 0.00103581335861,
        "median": 2.27645632549e-05,
        "min": 1.98275643015e-07,
        "skew": 4.70204210281,
        "var": 1.92419265659e-05
    },
    "spectral_energyband_high": {
        "kurt": 27.7285785675,
        "max": 0.000137926050229,
        "mean": 4.45213800049e-06,
        "median": 2.30647884791e-07,
        "min": 4.0694674297e-09,
        "skew": 5.22953510284,
        "var": 3.62522734054e-10
    },
    "spectral_energyband_low": {
        "kurt": 0.574622154236,
        "max": 1.76143566932e-05,
        "mean": 4.72048850497e-06,
        "median": 4.1294924813e-06,
        "min": 2.64226098778e-08,
        "skew": 0.95576697588,
        "var": 1.20030973008e-11
    },
    "spectral_energyband_middle_high": {
        "kurt": 21.36951828,
        "max": 0.0262243654579,
        "mean": 0.000999719370157,
        "median": 5.60712396691e-06,
        "min": 3.01427256488e-08,
        "skew": 4.69740009308,
        "var": 1.86409852176e-05
    },
    "spectral_energyband_middle_low": {
        "kurt": 20.5564460754,
        "max": 0.00040021922905,
        "mean": 2.85586829705e-05,
        "median": 1.29296704472e-05,
        "min": 1.4980605556e-07,
        "skew": 4.53281784058,
        "var": 3.89982668381e-09
    },
    "spectral_flatness_db": {
        "kurt": 7.44649982452,
        "max": 0.400453716516,
        "mean": 0.177684783936,
        "median": 0.163344442844,
        "min": 0.12283719331,
        "skew": 2.769541502,
        "var": 0.00284988805652
    },
    "spectral_flux": {
        "kurt": 14.8031806946,
        "max": 0.107984416187,
        "mean": 0.00802528951317,
        "median": 0.00283874897286,
        "min": 0.00195815367624,
        "skew": 3.92047929764,
        "var": 0.000318237522151
    },
    "spectral_kurtosis": {
        "kurt": 10.3986358643,
        "max": 31.5364112854,
        "mean": 9.98739051819,
        "median": 9.0994758606,
        "min": 5.4219455719,
        "skew": 2.70916748047,
        "var": 13.2444124222
    },
    "spectral_rms": {
        "kurt": 15.5679588318,
        "max": 0.0051103150472,
        "mean": 0.000402344652684,
        "median": 0.000149027691805,
        "min": 1.3908258552e-05,
        "skew": 4.06285762787,
        "var": 8.48668776143e-07
    },
    "spectral_rolloff": {
        "kurt": 0.799978494644,
        "max": 2454.78515625,
        "mean": 1215.31640625,
        "median": 1055.12695312,
        "min": 645.99609375,
        "skew": 1.35605275631,
        "var": 157282.4375
    },
    "spectral_skewness": {
        "kurt": 11.6000022888,
        "max": 4.2359457016,
        "mean": 2.35994553566,
        "median": 2.30280303955,
        "min": 1.66988265514,
        "skew": 2.69008708,
        "var": 0.110574938357
    },
    "spectral_spread": {
        "kurt": 28.5589160919,
        "max": 8598646,
        "mean": 3222652,
        "median": 3290325,
        "min": 1651869.875,
        "skew": 3.37832975388,
        "var": 430336114688
    },
    "spectral_strongpeak": {
        "kurt": 22.8978385925,
        "max": 5.38085889816,
        "mean": 0.253047764301,
        "median": 0.0125633534044,
        "min": 0.000151404572534,
        "skew": 4.72095155716,
        "var": 0.727337479591
    },
    "zerocrossingrate": {
        "kurt": 0.963255643845,
        "max": 0.07861328125,
        "mean": 0.0483761355281,
        "median": 0.04736328125,
        "min": 0.01025390625,
        "skew": 0.312885850668,
        "var": 0.000116007053293
    },
    "barkbands": {
        "kurt": [8.29874134064, 3.8570098877, 0.231407880783, 1.2759552002, 1.74275112152, 3.62720060349, 24.3156700134, 19.049949646, 25.2701625824, 3.88729143143, 21.489572525, 88.5530166626, 44.8939971924, 27.7201194763, 39.9715042114, 32.3760681152, 36.0964927673, 29.611618042, 43.8477401733, 32.4298858643, 34.7401275635, 23.051782608, 50.4534416199, 34.7057571411, 25.4788551331, 26.8461170197, 39.6908149719],
        "max": [4.5603762544e-08, 7.80205255069e-07, 1.17386143756e-05, 8.48503896123e-06, 1.1525357877e-05, 6.09803464613e-06, 0.000178294503712, 0.000228077420616, 1.30022726808e-05, 5.5787254496e-06, 0.0232370048761, 1.2421415704e-05, 0.000850287091453, 0.000607703055721, 0.000100379431387, 0.00135999347549, 0.000776166561991, 0.000453708693385, 0.000270651973551, 0.000102298836282, 0.000118330404803, 1.13948390208e-05, 1.09781547053e-06, 2.18480224135e-07, 2.79372223133e-08, 2.81225287502e-09, 1.1261023225e-09],
        "mean": [5.975740347e-09, 1.59374963005e-07, 3.10698283101e-06, 2.376484872e-06, 3.39384632753e-06, 1.41800330766e-06, 8.2451997514e-06, 1.11110730359e-05, 1.66242637079e-06, 1.39775875141e-06, 0.000873788783792, 9.51788763359e-07, 1.90514783753e-05, 1.9724964659e-05, 3.2453986023e-06, 3.87038453482e-05, 2.00509603019e-05, 1.42762692121e-05, 6.49329285807e-06, 2.97527139992e-06, 3.20853951052e-06, 4.32054036992e-07, 2.73023736952e-08, 6.82730316726e-09, 1.42697131889e-09, 1.36354524893e-10, 3.11095628425e-11],
        "median": [3.747982813e-09, 1.29322913267e-07, 2.69938982456e-06, 1.98696966436e-06, 3.1839751955e-06, 1.19888386507e-06, 1.14655244943e-06, 1.2154275737e-06, 1.26953204926e-06, 1.26714667203e-06, 1.42280237014e-06, 7.85960025951e-07, 3.59277549933e-07, 2.48843946338e-07, 2.02584416797e-07, 2.47899492933e-07, 2.07775883609e-07, 2.40121636352e-07, 2.10879136375e-07, 2.04896309697e-07, 1.10402496034e-07, 2.30852759131e-08, 3.43349393361e-09, 9.43159994549e-10, 5.73244562929e-10, 4.83101961213e-11, 2.13262220383e-12],
        "min": [3.61578406105e-11, 4.18699741545e-09, 1.19021645872e-08, 2.11705568631e-08, 4.30776125881e-08, 3.04030827181e-08, 1.56172585974e-08, 1.26972965475e-08, 8.93679263925e-09, 1.52569228362e-08, 3.84766840611e-09, 6.25666629617e-10, 1.23766796811e-09, 1.62886426569e-09, 3.93377819208e-09, 2.69000571818e-10, 8.23140611228e-10, 7.03970937099e-10, 2.64048960474e-09, 2.54641885356e-09, 1.92695548407e-09, 2.42988656973e-10, 1.08570409607e-10, 3.25867562101e-11, 2.39740310937e-11, 1.08793642498e-11, 9.9597045021e-13],
        "skew": [2.65073466301, 1.62862586975, 0.856012105942, 1.269541502, 1.13948774338, 1.64581501484, 4.91414213181, 4.39651155472, 4.03721284866, 1.49494755268, 4.70076036453, 8.56875991821, 6.64746952057, 5.29792976379, 5.84790897369, 5.43253183365, 5.76407194138, 5.42896461487, 6.3340215683, 5.61704158783, 5.7682723999, 4.87345790863, 6.73938131332, 5.68225955963, 4.89039993286, 5.14011001587, 5.93448209763],
        "var": [5.07572880026e-17, 1.53737005087e-14, 5.74361001468e-12, 2.99422812933e-12, 3.82817258796e-12, 9.90161837071e-13, 7.30516647174e-10, 1.36193512024e-09, 2.10665968177e-12, 7.13221690908e-13, 1.44839505083e-05, 1.13189134714e-12, 1.08272582011e-08, 7.86852449863e-09, 1.3152678946e-10, 2.75919518344e-08, 8.56808846095e-09, 4.19470103097e-09, 9.38105593207e-10, 1.73615344323e-10, 2.2157288504e-10, 3.14987684373e-12, 1.41505773096e-14, 7.16462500798e-16, 1.32562757284e-17, 1.51718766693e-19, 1.66076331224e-20],
        "cov": [[5.11025763514e-17, 3.61297509668e-16, -1.73321056925e-15, 3.54985817192e-16, 1.65659654505e-15, -3.30617129285e-16, -1.83720650048e-14, -2.81163659114e-14, 3.18697046377e-16, 1.87501145498e-16, -2.40759885986e-12, -1.77725948535e-16, -5.25259225221e-14, -5.5045354261e-14, -9.55994333853e-15, -1.11208127939e-13, -4.99963365521e-14, -3.67058712255e-14, -1.74000862275e-14, -7.20172738041e-15, -8.94114596001e-15, -1.06113471247e-15, -6.27754050486e-17, -1.76493674416e-17, -2.44966539878e-18, -2.46329113142e-19, -7.7418470167e-20], [3.61297509668e-16, 1.54782836667e-14, -2.7166083036e-14, 5.33342289112e-16, -1.185417951e-15, -1.62705478871e-15, -3.95395494774e-13, -6.43557743988e-13, 1.00596809189e-14, 2.80582776624e-15, -3.43428861738e-11, 5.23401478679e-15, -1.05459467114e-12, -1.03510776339e-12, -1.80803885318e-13, -1.83419750742e-12, -6.60643848654e-13, -5.57054239975e-13, -4.01930008373e-13, -1.52721070382e-13, -1.83137467864e-13, -2.17609269363e-14, -1.05964393449e-15, -3.66985944714e-16, -3.10381823195e-17, -4.12060890683e-18, -1.55431155867e-18], [-1.73321056925e-15, -2.7166083036e-14, 5.78268249257e-12, 2.10808974443e-12, -5.71187303185e-13, -6.36524634609e-15, -3.74362346678e-12, -3.5903227006e-12, 1.31377588387e-13, 1.13873212075e-13, -4.46656434061e-10, -1.34649371731e-14, -3.41428860011e-12, -8.27113551261e-12, -2.58025588742e-12, -3.44232246874e-11, -7.81504418471e-13, -3.06591319173e-12, -3.49617318603e-12, -1.10084890422e-12, -2.43545960309e-13, -2.70110539838e-13, 1.91869246762e-15, -1.60315660114e-15, -2.14082773154e-16, -2.70288527797e-17, -2.26958259596e-17], [3.54985817192e-16, 5.33342289112e-16, 2.10808974443e-12, 3.01459703554e-12, 6.16573415588e-13, -1.83384476224e-13, -2.09839871174e-12, -2.10606055165e-12, -6.1497892011e-14, 8.43570683142e-14, -4.00202926354e-11, -8.70245648005e-14, -2.66964748918e-12, -3.07684064858e-12, -1.50350164176e-12, -1.23015295866e-11, -4.55434301383e-12, -4.4784689195e-13, -1.24175073436e-12, -8.55202898515e-13, -5.25002459041e-13, -1.11851974622e-13, -3.40498160368e-15, 3.28729357544e-16, -1.47981980861e-18, 5.77602768235e-18, -4.90560537609e-18], [1.65659654505e-15, -1.185417951e-15, -5.71187303185e-13, 6.16573415588e-13, 3.85421469046e-12, 4.00583869732e-14, -6.75899700792e-12, -4.81796633839e-12, 1.0644581733e-13, 2.5287153556e-13, -1.08258436937e-11, 3.39038367693e-13, 7.87504610134e-13, 2.43317714067e-12, 5.65539715752e-12, 1.24291427844e-11, 7.50174315028e-12, -5.9758534926e-12, -4.95095663685e-13, 1.77751216524e-12, 2.4568838717e-12, -4.22909591461e-14, 2.19849857855e-15, 7.8222402124e-16, 2.72004487508e-16, -2.97528032046e-17, -5.73292371422e-18], [-3.30617129285e-16, -1.62705478871e-15, -6.36524634609e-15, -1.83384476224e-13, 4.00583869732e-14, 9.96897659908e-13, -3.3219896018e-12, -4.69752535481e-12, 5.09260297506e-14, -5.06767900941e-16, -2.70997391194e-10, -7.58478159836e-14, -8.90280384136e-12, -7.79053557776e-12, -7.98215063925e-13, -8.17399967157e-12, -7.38706144865e-12, -6.41161949921e-12, -3.37254790067e-12, -1.33186484844e-12, -1.3164032581e-12, -1.80940061111e-13, -1.17199154705e-14, -2.79033616891e-15, -2.76178004128e-16, -3.66268626921e-17, -1.04576168321e-17], [-1.83720650048e-14, -3.95395494774e-13, -3.74362346678e-12, -2.09839871174e-12, -6.75899700792e-12, -3.3219896018e-12, 7.35486171966e-10, 9.38470190448e-10, -3.9026867675e-12, 1.77730237211e-12, 7.49163362457e-08, 6.59696949845e-12, 1.53390322666e-09, 1.65443814204e-09, 1.50610551808e-10, 3.16674753087e-09, 1.66285174519e-09, 1.2749712397e-09, 5.05710306964e-10, 2.07270894892e-10, 2.6497415373e-10, 3.68750655011e-11, 2.17420417607e-12, 4.88982281315e-13, 6.91764421895e-14, 7.92087614032e-15, 2.5786564944e-15], [-2.81163659114e-14, -6.43557743988e-13, -3.5903227006e-12, -2.10606055165e-12, -4.81796633839e-12, -4.69752535481e-12, 9.38470190448e-10, 1.37119993138e-09, -4.85736798006e-12, 2.28081030625e-12, 1.22961850479e-07, 8.2978736729e-12, 2.85142731649e-09, 2.82583068056e-09, 2.61423355186e-10, 5.02756547505e-09, 2.6870583536e-09, 2.07187067502e-09, 9.08526143206e-10, 3.66587038503e-10, 4.56614718258e-10, 5.80017180118e-11, 3.56730400428e-12, 8.57274104135e-13, 1.13159813822e-13, 1.25145933113e-14, 3.41740313009e-15], [3.18697046377e-16, 1.00596809189e-14, 1.31377588387e-13, -6.1497892011e-14, 1.0644581733e-13, 5.09260297506e-14, -3.9026867675e-12, -4.85736798006e-12, 2.12099066609e-12, -9.00538070357e-15, -3.17633641611e-10, 9.80571011758e-14, -9.44617127574e-12, -7.55976704847e-12, -1.79881066639e-13, -1.47366389924e-11, -3.59748407279e-12, -4.51334325816e-12, -2.25801842502e-12, -5.52804980611e-13, -8.23842892777e-13, -1.18518923516e-13, -8.45050551345e-15, -2.03455916326e-15, -2.57887254074e-16, -3.43178277169e-17, -9.79976422687e-18], [1.87501145498e-16, 2.80582776624e-15, 1.13873212075e-13, 8.43570683142e-14, 2.5287153556e-13, -5.06767900941e-16, 1.77730237211e-12, 2.28081030625e-12, -9.00538070357e-15, 7.1807354984e-13, 3.06855985066e-10, 3.77212706058e-14, 5.05516115079e-12, 7.02822435666e-12, 8.12449500037e-13, 1.12093945237e-11, 1.08530207391e-11, 5.00860767791e-12, 4.53084564225e-13, 6.87319342066e-13, 1.77888227152e-12, 1.24958908238e-13, 1.24596140968e-14, 1.26101235929e-15, 3.68634800225e-16, 3.15948020799e-17, 1.20755498502e-17], [-2.40759885986e-12, -3.43428861738e-11, -4.46656434061e-10, -4.00202926354e-11, -1.08258436937e-11, -2.70997391194e-10, 7.49163362457e-08, 1.22961850479e-07, -3.17633641611e-10, 3.06855985066e-10, 1.45824806168e-05, 1.36825839547e-09, 3.24952225128e-07, 3.23586021977e-07, 2.93124795547e-08, 5.78846822918e-07, 3.16393112598e-07, 2.38443561784e-07, 1.04013082591e-07, 4.26793391739e-08, 5.07453030707e-08, 6.50818954284e-09, 3.91525395438e-10, 9.56655310524e-11, 1.33273661204e-11, 1.42034734668e-12, 3.58814188214e-13], [-1.77725948535e-16, 5.23401478679e-15, -1.34649371731e-14, -8.70245648005e-14, 3.39038367693e-13, -7.58478159836e-14, 6.59696949845e-12, 8.2978736729e-12, 9.80571011758e-14, 3.77212706058e-14, 1.36825839547e-09, 1.13959124255e-12, 1.34006443095e-11, 2.23375918457e-11, 6.84860935324e-12, 4.4674357963e-11, 5.22034845907e-11, 2.63553900925e-11, 9.17417444096e-12, 6.82321690468e-12, 5.00553548263e-12, 8.25425502688e-13, 4.7336016129e-14, 7.98788322271e-15, 1.69923099554e-15, 1.43723584343e-16, 5.68786660723e-17], [-5.25259225221e-14, -1.05459467114e-12, -3.41428860011e-12, -2.66964748918e-12, 7.87504610134e-13, -8.90280384136e-12, 1.53390322666e-09, 2.85142731649e-09, -9.44617127574e-12, 5.05516115079e-12, 3.24952225128e-07, 1.34006443095e-11, 1.09009130611e-08, 8.61511928463e-09, 6.29871987901e-10, 1.33816246972e-08, 7.93874921357e-09, 5.53796075664e-09, 2.97843394392e-09, 1.22745114073e-09, 1.32475119763e-09, 1.4632435541e-10, 1.12379359291e-11, 2.40895671466e-12, 3.20040760386e-13, 3.54708836359e-14, 7.92223647523e-15], [-5.5045354261e-14, -1.03510776339e-12, -8.27113551261e-12, -3.07684064858e-12, 2.43317714067e-12, -7.79053557776e-12, 1.65443814204e-09, 2.82583068056e-09, -7.55976704847e-12, 7.02822435666e-12, 3.23586021977e-07, 2.23375918457e-11, 8.61511928463e-09, 7.92205234745e-09, 6.69066579917e-10, 1.35540432211e-08, 7.40623828932e-09, 5.31412291949e-09, 2.54286858237e-09, 1.04207209528e-09, 1.24985055638e-09, 1.47888409852e-10, 9.61165955854e-12, 2.20070511293e-12, 3.00410927688e-13, 3.265418399e-14, 8.24735736654e-15], [-9.55994333853e-15, -1.80803885318e-13, -2.58025588742e-12, -1.50350164176e-12, 5.65539715752e-12, -7.98215063925e-13, 1.50610551808e-10, 2.61423355186e-10, -1.79881066639e-13, 8.12449500037e-13, 2.93124795547e-08, 6.84860935324e-12, 6.29871987901e-10, 6.69066579917e-10, 1.32421532073e-10, 1.34814759356e-09, 7.6093970014e-10, 4.40562697435e-10, 2.13134926375e-10, 1.1114063142e-10, 1.26704688408e-10, 1.393980157e-11, 8.51485060845e-13, 2.04606107447e-13, 3.02501520198e-14, 2.64875461178e-15, 7.85631793606e-16], [-1.11208127939e-13, -1.83419750742e-12, -3.44232246874e-11, -1.23015295866e-11, 1.24291427844e-11, -8.17399967157e-12, 3.16674753087e-09, 5.02756547505e-09, -1.47366389924e-11, 1.12093945237e-11, 5.78846822918e-07, 4.4674357963e-11, 1.33816246972e-08, 1.35540432211e-08, 1.34814759356e-09, 2.77796523562e-08, 1.18334000376e-08, 8.48579961854e-09, 4.12233180924e-09, 1.65367985971e-09, 2.00801020256e-09, 2.64013838569e-10, 1.42496821634e-11, 3.48783328608e-12, 5.02974018771e-13, 5.45386455995e-14, 1.67226225001e-14], [-4.99963365521e-14, -6.60643848654e-13, -7.81504418471e-13, -4.55434301383e-12, 7.50174315028e-12, -7.38706144865e-12, 1.66285174519e-09, 2.6870583536e-09, -3.59748407279e-12, 1.08530207391e-11, 3.16393112598e-07, 5.22034845907e-11, 7.93874921357e-09, 7.40623828932e-09, 7.6093970014e-10, 1.18334000376e-08, 8.62637516974e-09, 5.59237411935e-09, 2.37908581724e-09, 1.13128084678e-09, 1.30312971525e-09, 1.48353371254e-10, 1.07071686586e-11, 2.16226884488e-12, 3.24194908115e-13, 3.29771983104e-14, 8.35121292324e-15], [-3.67058712255e-14, -5.57054239975e-13, -3.06591319173e-12, -4.4784689195e-13, -5.9758534926e-12, -6.41161949921e-12, 1.2749712397e-09, 2.07187067502e-09, -4.51334325816e-12, 5.00860767791e-12, 2.38443561784e-07, 2.63553900925e-11, 5.53796075664e-09, 5.31412291949e-09, 4.40562697435e-10, 8.48579961854e-09, 5.59237411935e-09, 4.22323642724e-09, 1.79793835375e-09, 7.55284057519e-10, 8.63843718779e-10, 1.09590427011e-10, 7.09818618813e-12, 1.66661302814e-12, 2.2551787369e-13, 2.43927159016e-14, 5.68312520796e-15], [-1.74000862275e-14, -4.01930008373e-13, -3.49617318603e-12, -1.24175073436e-12, -4.95095663685e-13, -3.37254790067e-12, 5.05710306964e-10, 9.08526143206e-10, -2.25801842502e-12, 4.53084564225e-13, 1.04013082591e-07, 9.17417444096e-12, 2.97843394392e-09, 2.54286858237e-09, 2.13134926375e-10, 4.12233180924e-09, 2.37908581724e-09, 1.79793835375e-09, 9.44487266175e-10, 3.83093418099e-10, 3.80396381061e-10, 4.95831084524e-11, 3.18257442969e-12, 7.77321566489e-13, 9.69358599466e-14, 1.10816481927e-14, 2.62602850604e-15], [-7.20172738041e-15, -1.52721070382e-13, -1.10084890422e-12, -8.55202898515e-13, 1.77751216524e-12, -1.33186484844e-12, 2.07270894892e-10, 3.66587038503e-10, -5.52804980611e-13, 6.87319342066e-13, 4.26793391739e-08, 6.82321690468e-12, 1.22745114073e-09, 1.04207209528e-09, 1.1114063142e-10, 1.65367985971e-09, 1.13128084678e-09, 7.55284057519e-10, 3.83093418099e-10, 1.74796399577e-10, 1.70781083719e-10, 2.07998583635e-11, 1.45863844007e-12, 3.18952167195e-13, 4.3270640841e-14, 4.64783537653e-15, 1.16467940808e-15], [-8.94114596001e-15, -1.83137467864e-13, -2.43545960309e-13, -5.25002459041e-13, 2.4568838717e-12, -1.3164032581e-12, 2.6497415373e-10, 4.56614718258e-10, -8.23842892777e-13, 1.77888227152e-12, 5.07453030707e-08, 5.00553548263e-12, 1.32475119763e-09, 1.24985055638e-09, 1.26704688408e-10, 2.00801020256e-09, 1.30312971525e-09, 8.63843718779e-10, 3.80396381061e-10, 1.70781083719e-10, 2.23080179329e-10, 2.31722679239e-11, 1.66357400945e-12, 3.57292889936e-13, 5.02061364488e-14, 5.04406426024e-15, 1.18603437923e-15], [-1.06113471247e-15, -2.17609269363e-14, -2.70110539838e-13, -1.11851974622e-13, -4.22909591461e-14, -1.80940061111e-13, 3.68750655011e-11, 5.80017180118e-11, -1.18518923516e-13, 1.24958908238e-13, 6.50818954284e-09, 8.25425502688e-13, 1.4632435541e-10, 1.47888409852e-10, 1.393980157e-11, 2.64013838569e-10, 1.48353371254e-10, 1.09590427011e-10, 4.95831084524e-11, 2.07998583635e-11, 2.31722679239e-11, 3.17130458179e-12, 1.80630114815e-13, 4.33365772738e-14, 5.89690615945e-15, 6.58395533527e-16, 1.86117808346e-16], [-6.27754050486e-17, -1.05964393449e-15, 1.91869246762e-15, -3.40498160368e-15, 2.19849857855e-15, -1.17199154705e-14, 2.17420417607e-12, 3.56730400428e-12, -8.45050551345e-15, 1.24596140968e-14, 3.91525395438e-10, 4.7336016129e-14, 1.12379359291e-11, 9.61165955854e-12, 8.51485060845e-13, 1.42496821634e-11, 1.07071686586e-11, 7.09818618813e-12, 3.18257442969e-12, 1.45863844007e-12, 1.66357400945e-12, 1.80630114815e-13, 1.42468400629e-14, 2.85076413464e-15, 4.09905024742e-16, 4.27481845135e-17, 9.96526735101e-18], [-1.76493674416e-17, -3.66985944714e-16, -1.60315660114e-15, 3.28729357544e-16, 7.8222402124e-16, -2.79033616891e-15, 4.88982281315e-13, 8.57274104135e-13, -2.03455916326e-15, 1.26101235929e-15, 9.56655310524e-11, 7.98788322271e-15, 2.40895671466e-12, 2.20070511293e-12, 2.04606107447e-13, 3.48783328608e-12, 2.16226884488e-12, 1.66661302814e-12, 7.77321566489e-13, 3.18952167195e-13, 3.57292889936e-13, 4.33365772738e-14, 2.85076413464e-15, 7.21336381316e-16, 9.08962437704e-17, 9.75495089001e-18, 2.08446970783e-18], [-2.44966539878e-18, -3.10381823195e-17, -2.14082773154e-16, -1.47981980861e-18, 2.72004487508e-16, -2.76178004128e-16, 6.91764421895e-14, 1.13159813822e-13, -2.57887254074e-16, 3.68634800225e-16, 1.33273661204e-11, 1.69923099554e-15, 3.20040760386e-13, 3.00410927688e-13, 3.02501520198e-14, 5.02974018771e-13, 3.24194908115e-13, 2.2551787369e-13, 9.69358599466e-14, 4.3270640841e-14, 5.02061364488e-14, 5.89690615945e-15, 4.09905024742e-16, 9.08962437704e-17, 1.33464549588e-17, 1.35817038842e-18, 3.33489366931e-19], [-2.46329113142e-19, -4.12060890683e-18, -2.70288527797e-17, 5.77602768235e-18, -2.97528032046e-17, -3.66268626921e-17, 7.92087614032e-15, 1.25145933113e-14, -3.43178277169e-17, 3.15948020799e-17, 1.42034734668e-12, 1.43723584343e-16, 3.54708836359e-14, 3.265418399e-14, 2.64875461178e-15, 5.45386455995e-14, 3.29771983104e-14, 2.43927159016e-14, 1.10816481927e-14, 4.64783537653e-15, 5.04406426024e-15, 6.58395533527e-16, 4.27481845135e-17, 9.75495089001e-18, 1.35817038842e-18, 1.52750868377e-19, 4.11397179054e-20], [-7.7418470167e-20, -1.55431155867e-18, -2.26958259596e-17, -4.90560537609e-18, -5.73292371422e-18, -1.04576168321e-17, 2.5786564944e-15, 3.41740313009e-15, -9.79976422687e-18, 1.20755498502e-17, 3.58814188214e-13, 5.68786660723e-17, 7.92223647523e-15, 8.24735736654e-15, 7.85631793606e-16, 1.67226225001e-14, 8.35121292324e-15, 5.68312520796e-15, 2.62602850604e-15, 1.16467940808e-15, 1.18603437923e-15, 1.86117808346e-16, 9.96526735101e-18, 2.08446970783e-18, 3.33489366931e-19, 4.11397179054e-20, 1.67206111307e-20]]
    },
    "mfcc": {
        "kurt": [5.78780269623, 22.6258220673, 3.68508815765, 2.0890250206, 4.00992584229, -0.0368325710297, -0.281581401825, -0.377672672272, 0.147963047028, 2.50563430786, -0.131514787674, 0.847928524017, 1.47753238678],
        "max": [-753.295654297, 133.391357422, 18.3944396973, 31.8136100769, 24.9776039124, 4.30133056641, 22.9556312561, 15.274805069, 10.9869194031, 6.27800178528, 3.83660507202, 14.1815185547, 23.5344924927],
        "mean": [-961.946655273, 114.93888855, -13.5358095169, 3.41920995712, -7.99694824219, -11.7931308746, 7.18911314011, 0.314514636993, -4.33564424515, -7.18687915802, -12.5556440353, -7.22068405151, -2.91718745232],
        "median": [-979.081970215, 115.938522339, 0.219688415527, 2.73163223267, -6.27648162842, -12.2046852112, 8.17256546021, 1.02474212646, -4.39924240112, -5.97297668457, -12.4394397736, -7.58317184448, -4.85173797607],
        "min": [-1117.9564209, 26.0236930847, -137.382568359, -16.4374504089, -52.1573104858, -27.023525238, -10.6084060669, -15.41431427, -18.7453460693, -35.9373092651, -23.9475841522, -21.7903671265, -15.4805183411],
        "skew": [2.19754552841, -3.55401110649, -2.05950164795, 0.640323162079, -1.36066424847, 0.0611343830824, -0.336173981428, -0.0304429717362, -0.0129155181348, -1.31672954559, 0.311864763498, 0.624251842499, 1.24653625488],
        "var": [2772.85180664, 133.392440796, 1176.28076172, 49.7494049072, 134.358444214, 30.5105571747, 47.2296295166, 42.3781433105, 27.3608264923, 53.9516792297, 27.8790225983, 36.7171173096, 66.081489563],
        "cov": [[2791.71459961, -115.600830078, -1737.68579102, 178.792633057, -406.874023438, -4.44039392471, 30.4079170227, 31.6169090271, 39.43227005, -264.964569092, 31.6373500824, 151.843276978, 305.074432373], [-115.600830078, 134.299880981, 137.366760254, -33.0024185181, 61.2228736877, -9.84652328491, -0.982396960258, 3.40381145477, 9.109333992, 32.6258087158, -6.43258619308, -10.0589723587, -17.4085636139], [-1737.68579102, 137.366760254, 1184.28259277, -92.5351791382, 234.966644287, 5.66075229645, -1.07946240902, -6.64415502548, -24.8377304077, 174.852523804, -19.5332889557, -100.189804077, -204.426574707], [178.792633057, -33.0024185181, -92.5351791382, 50.0878372192, -38.2528762817, 2.22597575188, 10.797958374, 4.89061069489, -2.18495607376, -24.0265579224, 6.09884500504, 13.5829792023, 16.7716712952], [-406.874023438, 61.2228736877, 234.966644287, -38.2528762817, 135.272445679, 1.66330850124, -23.4459209442, -2.6667175293, 3.94217276573, 47.7032585144, -9.23655033112, -14.2042827606, -35.7437973022], [-4.44039392471, -9.84652328491, 5.66075229645, 2.22597575188, 1.66330850124, 30.7181129456, 18.49933815, -4.15075206757, -4.8130698204, -3.07878160477, 0.03276020661, 2.67370724678, -7.0987663269], [30.4079170227, -0.982396960258, -1.07946240902, 10.797958374, -23.4459209442, 18.49933815, 47.5509223938, 12.6938247681, -8.51486682892, -6.8422999382, 2.39495944977, -3.27839446068, -11.1087255478], [31.6169090271, 3.40381145477, -6.64415502548, 4.89061069489, -2.6667175293, -4.15075206757, 12.6938247681, 42.666431427, 13.7344245911, -2.56046509743, -0.372717052698, -3.63210749626, 0.757708609104], [39.43227005, 9.109333992, -24.8377304077, -2.18495607376, 3.94217276573, -4.8130698204, -8.51486682892, 13.7344245911, 27.5469551086, 9.2995557785, 1.80650961399, 6.45953321457, 8.07785797119], [-264.964569092, 32.6258087158, 174.852523804, -24.0265579224, 47.7032585144, -3.07878160477, -6.8422999382, -2.56046509743, 9.2995557785, 54.3186988831, 8.39804935455, -12.4598741531, -28.8302211761], [31.6373500824, -6.43258619308, -19.5332889557, 6.09884500504, -9.23655033112, 0.03276020661, 2.39495944977, -0.372717052698, 1.80650961399, 8.39804935455, 28.0686740875, 15.9479446411, 1.2876560688], [151.843276978, -10.0589723587, -100.189804077, 13.5829792023, -14.2042827606, 2.67370724678, -3.27839446068, -3.63210749626, 6.45953321457, -12.4598741531, 15.9479446411, 36.9668922424, 28.2833995819], [305.074432373, -17.4085636139, -204.426574707, 16.7716712952, -35.7437973022, -7.0987663269, -11.1087255478, 0.757708609104, 8.07785797119, -28.8302211761, 1.2876560688, 28.2833995819, 66.5310211182]]
    },
    "sccoeffs": {
        "kurt": [-0.238995075226, 3.75551176071, 7.03335189819, 4.47222805023, 6.59804725647, 6.1544008255],
        "max": [-0.616294384003, -0.570363581181, -0.30226072669, -0.453370630741, -0.583079874516, -0.669143378735],
        "mean": [-0.738006412983, -0.831250429153, -0.81575524807, -0.822568297386, -0.853700757027, -0.800005316734],
        "median": [-0.740997672081, -0.851126790047, -0.853889584541, -0.858328104019, -0.876611113548, -0.809170842171],
        "min": [-0.879196703434, -0.949321269989, -0.924446702003, -0.915407180786, -0.925947785378, -0.867482304573],
        "skew": [-0.0313941799104, 1.8746240139, 2.75087308884, 2.17040610313, 2.5669233799, 2.48206806183],
        "var": [0.00216872780584, 0.00508339283988, 0.0153375361115, 0.00897022429854, 0.0038818619214, 0.00108885089867],
        "cov": [[0.00218348111957, 0.000258587999269, 0.000210864338442, 6.93635374773e-05, 0.000151870728587, 5.73758006794e-05], [0.000258587999269, 0.0051179737784, 0.00734934816137, 0.0053859045729, 0.00367098324932, 0.00189056503586], [0.000210864338442, 0.00734934816137, 0.0154418731108, 0.0108184739947, 0.00717642530799, 0.00363000808284], [6.93635374773e-05, 0.0053859045729, 0.0108184739947, 0.00903124641627, 0.00555546069518, 0.00262635922991], [0.000151870728587, 0.00367098324932, 0.00717642530799, 0.00555546069518, 0.00390826910734, 0.00184368051123], [5.73758006794e-05, 0.00189056503586, 0.00363000808284, 0.00262635922991, 0.00184368051123, 0.00109625805635]]
    },
    "scvalleys": {
        "kurt": [0.32124876976, 2.26727437973, 27.1468524933, 29.969669342, 8.51646232605, 8.31048202515],
        "max": [-8.22911643982, -7.88944864273, -7.9158949852, -8.91766166687, -8.49611663818, -11.6739473343],
        "mean": [-9.07582378387, -8.50786304474, -8.59294319153, -9.67867088318, -10.0979003906, -13.0902605057],
        "median": [-9.05864715576, -8.51175880432, -8.567070961, -9.68126296997, -10.1894283295, -13.1737718582],
        "min": [-10.4553613663, -10.0779867172, -11.3649110794, -12.4790401459, -12.3199625015, -14.7838697433],
        "skew": [-0.518857836723, -0.901841104031, -3.49303603172, -3.60323262215, 0.810042500496, 1.78608345985],
        "var": [0.142737358809, 0.122367881238, 0.116680406034, 0.114031858742, 0.174096748233, 0.141335308552],
        "cov": [[0.143708363175, 0.031020745635, 0.0398933701217, 0.013919162564, 0.0105664879084, 0.0037400056608], [0.031020745635, 0.123200319707, 0.0503796115518, 0.0416779629886, 0.0505105704069, 0.0298600364476], [0.0398933701217, 0.0503796115518, 0.117474146187, 0.0728330090642, 0.076253965497, 0.0584844090044], [0.013919162564, 0.0416779629886, 0.0728330090642, 0.114807583392, 0.101719029248, 0.0795860812068], [0.0105664879084, 0.0505105704069, 0.076253965497, 0.101719029248, 0.175281077623, 0.143538281322], [0.0037400056608, 0.0298600364476, 0.0584844090044, 0.0795860812068, 0.143538281322, 0.142296776175]]
    }
},
"rhythm": {
    "beats_loudness": {
        "kurt": 4.12497758865,
        "max": 0.0345526449382,
        "mean": 0.00386568950489,
        "median": 2.28863937082e-05,
        "min": 1.94407148228e-05,
        "skew": 2.47486639023,
        "var": 0.000117711344501
    },
    "bpm": 172.265609741,
    "confidence": 0,
    "first_peak_bpm": {
        "kurt": 0,
        "max": 172,
        "mean": 172,
        "median": 172,
        "min": 172,
        "skew": 0,
        "var": 0
    },
    "first_peak_spread": {
        "kurt": 0,
        "max": 0,
        "mean": 0,
        "median": 0,
        "min": 0,
        "skew": 0,
        "var": 0
    },
    "first_peak_weight": {
        "kurt": 0,
        "max": 0.875,
        "mean": 0.875,
        "median": 0.875,
        "min": 0.875,
        "skew": 0,
        "var": 0
    },
    "onset_rate": 0.882235229015,
    "second_peak_bpm": {
        "kurt": 0,
        "max": 178,
        "mean": 178,
        "median": 178,
        "min": 178,
        "skew": 0,
        "var": 0
    },
    "second_peak_spread": {
        "kurt": 0,
        "max": 0,
        "mean": 0,
        "median": 0,
        "min": 0,
        "skew": 0,
        "var": 0
    },
    "second_peak_weight": {
        "kurt": 0,
        "max": 0.125,
        "mean": 0.125,
        "median": 0.125,
        "min": 0.125,
        "skew": 0,
        "var": 0
    },
    "beats_loudness_band_ratio": {
        "kurt": [-1.02473139763, -1.01094996929, -0.224503517151, 2.63152122498, 0.2455265522, -0.63432097435],
        "max": [0.393357604742, 0.279103726149, 0.306160151958, 0.934886157513, 0.193954274058, 0.0295094605535],
        "mean": [0.267105937004, 0.1675465554, 0.200066313148, 0.32892587781, 0.0708233490586, 0.0184002704918],
        "median": [0.334371209145, 0.168160751462, 0.22042915225, 0.266930609941, 0.0452815927565, 0.0180077794939],
        "min": [0.000189884493011, 3.78114309569e-05, 0.00869789067656, 0.160775467753, 0.0324022956192, 0.0109186246991],
        "skew": [-0.835477828979, -0.475855886936, -0.857033073902, 1.9820548296, 1.40293955803, 0.428109049797],
        "var": [0.0224105641246, 0.00820921175182, 0.00797200202942, 0.0519664846361, 0.00306491181254, 3.21445986629e-05],
        "cov": [[0.0252118855715, 0.0134703628719, 0.00225068605505, -0.0303671341389, -0.00537658017129, 0.000729846477043], [0.0134703628719, 0.00923536345363, 0.00100880116224, -0.0179033540189, -0.00260982126929, 0.000416911498178], [0.00225068605505, 0.00100880116224, 0.0089685022831, -0.0155422110111, 0.00257417210378, 5.55500810151e-06], [-0.0303671341389, -0.0179033540189, -0.0155422110111, 0.0584622956812, 0.000591048039496, -0.000844979425892], [-0.00537658017129, -0.00260982126929, 0.00257417210378, 0.000591048039496, 0.00344802578911, -0.000156525798957], [0.000729846477043, 0.000416911498178, 5.55500810151e-06, -0.000844979425892, -0.000156525798957, 3.61626734957e-05]]
    },
    "beats_position": [0.301859408617, 0.638548731804, 0.986848056316, 1.33514738083, 1.68344664574, 2.03174591064, 2.38004541397, 2.72834467888, 3.07664394379],
    "bpm_estimates": [172.265625, 172.265625, 172.265655518, 172.265655518, 172.265533447, 172.265655518, 172.265655518],
    "bpm_intervals": [0.336689323187, 0.348299324512, 0.348299324512, 0.348299264908, 0.348299264908, 0.348299503326, 0.348299264908, 0.348299264908],
    "onset_times": [0.0232199542224, 0.301859408617, 0.870748281479],
    "histogram": [[0, 0, 0, 0, 0, 0, 0, 0, 0, 0, 0, 0, 0, 0, 0, 0, 0, 0, 0, 0, 0, 0, 0, 0, 0, 0, 0, 0, 0, 0, 0, 0, 0, 0, 0, 0, 0, 0, 0, 0, 0, 0, 0, 0, 0, 0, 0, 0, 0, 0, 0, 0, 0, 0, 0, 0, 0, 0, 0, 0, 0, 0, 0, 0, 0, 0, 0, 0, 0, 0, 0, 0, 0, 0, 0, 0, 0, 0, 0, 0, 0, 0, 0, 0, 0, 0, 0, 0, 0, 0, 0, 0, 0, 0, 0, 0, 0, 0, 0, 0, 0, 0, 0, 0, 0, 0, 0, 0, 0, 0, 0, 0, 0, 0, 0, 0, 0, 0, 0, 0, 0, 0, 0, 0, 0, 0, 0, 0, 0, 0, 0, 0, 0, 0, 0, 0, 0, 0, 0, 0, 0, 0, 0, 0, 0, 0, 0, 0, 0, 0, 0, 0, 0, 0, 0, 0, 0, 0, 0, 0, 0, 0, 0, 0, 0, 0, 0, 0, 0, 0, 0, 0, 0.875, 0, 0, 0, 0, 0, 0.125, 0, 0, 0, 0, 0, 0, 0, 0, 0, 0, 0, 0, 0, 0, 0, 0, 0, 0, 0, 0, 0, 0, 0, 0, 0, 0, 0, 0, 0, 0, 0, 0, 0, 0, 0, 0, 0, 0, 0, 0, 0, 0, 0, 0, 0, 0, 0, 0, 0, 0, 0, 0, 0, 0, 0, 0, 0, 0, 0, 0, 0, 0, 0, 0, 0, 0, 0, 0, 0, 0, 0]]
},
"sfx": {
    "inharmonicity": {
        "kurt": 0.277428865433,
        "max": 0.35863956809,
        "mean": 0.112132549286,
        "median": 0.0885070264339,
        "min": 0.00045988461352,
        "skew": 0.856302440166,
        "var": 0.00585945416242
    },
    "oddtoevenharmonicenergyratio": {
        "kurt": 31.3551101685,
        "max": 46.2348709106,
        "mean": 2.38696360588,
        "median": 0.684525370598,
        "min": 0.0156587511301,
        "skew": 5.38535308838,
        "var": 37.1454162598
    },
    "pitch_after_max_to_before_max_energy_ratio": 0.651967346668,
    "pitch_centroid": 59.6841964722,
    "pitch_max_to_total": 0.324324309826,
    "pitch_min_to_total": 0.540540516376,
    "tristimulus": {
        "kurt": [4.82021808624, -0.241753339767, -0.731933116913],
        "max": [0.754669010639, 0.858586013317, 0.730850636959],
        "mean": [0.207833334804, 0.401382148266, 0.390784740448],
        "median": [0.214216411114, 0.374124586582, 0.419536501169],
        "min": [0, 0.0577273219824, 0.0182607546449],
        "skew": [1.33871805668, 0.580996453762, -0.253883004189],
        "var": [0.0163789317012, 0.0318131707609, 0.0282266754657],
        "cov": [[0.0164903532714, -0.0100506180897, -0.00643973564729], [-0.0100506180897, 0.0320295877755, -0.0219789613038], [-0.00643973564729, -0.0219789613038, 0.0284186936915]]
    }
},
"tonal": {
    "chords_changes_rate": 0.10666666925,
    "chords_number_rate": 0.0533333346248,
    "chords_strength": {
        "kurt": -1.00759291649,
        "max": 0.506968438625,
        "mean": 0.41332757473,
        "median": 0.420463740826,
        "min": 0.312981575727,
        "skew": -0.320845901966,
        "var": 0.00239467737265
    },
    "key_strength": 0.444066226482,
    "tuning_diatonic_strength": 0.388117671013,
    "tuning_equal_tempered_deviation": 0.23509414494,
    "tuning_frequency": 436.456207275,
    "tuning_nontempered_energy_ratio": 0.887647628784,
    "hpcp": {
        "kurt": [4.6285200119, 3.32916402817, 4.10548400879, 1.53119182587, 1.0540895462, 2.50325870514, 2.02741575241, -0.259497880936, -1.2656866312, -0.902611494064, -1.56789124012, 0.199469089508, 9.25982952118, 10.2962408066, 4.27867841721, 3.90123414993, 0.647003889084, 3.76037025452, 3.76347732544, 12.5580596924, 5.14616012573, 5.57027816772, 8.04522228241, 14.2803554535, 8.66667938232, 3.00305891037, 0.426265239716, 0.16605591774, -0.178837537766, 2.64645624161, 11.4525775909, 11.2365264893, 2.07567358017, 2.30163478851, 3.48188495636, 2.47760629654],
        "max": [0.934373795986, 1, 1, 0.664143562317, 0.442009031773, 0.755268514156, 1, 1, 1, 1, 1, 1, 1, 0.790844142437, 0.587142705917, 0.581272125244, 0.397598803043, 0.709111571312, 0.664774358273, 0.986045002937, 0.592424273491, 0.556919038296, 0.558797836304, 1, 1, 0.559134423733, 0.535400688648, 1, 1, 1, 1, 0.596717298031, 0.350486189127, 0.506913900375, 0.566530764103, 0.607153534889],
        "mean": [0.157601237297, 0.198581859469, 0.199598804116, 0.14782397449, 0.110964506865, 0.167403668165, 0.257991284132, 0.323530465364, 0.476748496294, 0.609514415264, 0.51044511795, 0.27349242568, 0.127973988652, 0.0954326689243, 0.1076567173, 0.114320486784, 0.119475565851, 0.13465885818, 0.129947200418, 0.114086635411, 0.107605732977, 0.0946540087461, 0.0812752693892, 0.105023019016, 0.130811840296, 0.112251602113, 0.158119231462, 0.30601477623, 0.313004314899, 0.203280627728, 0.129481703043, 0.0776141360402, 0.0799031853676, 0.10546900332, 0.115260317922, 0.130712017417],
