{
"metadata": {
    "version": {
        "essentia": "2.1-beta3"
    }
},
"lowLevel": {
    "average_loudness": 0.682900905609,
    "barkbands_kurtosis": {
        "kurt": 0.306417703629,
        "max": 56.2641105652,
        "mean": 10.5506381989,
        "median": 1.90154838562,
        "min": -1.65056610107,
        "skew": 1.31491661072,
        "var": 249.481903076
    },
    "barkbands_skewness": {
        "kurt": -1.11299979687,
        "max": 1.76817202568,
        "mean": -0.641744375229,
        "median": 0.862381279469,
        "min": -6.28473138809,
        "skew": -0.735310316086,
        "var": 5.68694400787
    },
    "barkbands_spread": {
        "kurt": -0.396971940994,
        "max": 37.553188324,
        "mean": 13.7282876968,
        "median": 12.2290716171,
        "min": 1.10802102089,
        "skew": 0.650744378567,
        "var": 102.891212463
    },
    "dissonance": {
        "kurt": 23.5284118652,
        "max": 0.499132066965,
        "mean": 0.473862200975,
        "median": 0.482665210962,
        "min": 0.252635985613,
        "skew": -4.0441737175,
        "var": 0.00101012957748
    },
    "hfc": {
        "kurt": 1.29173326492,
        "max": 81.6948928833,
        "mean": 12.3218688965,
        "median": 0.0259436964989,
        "min": 2.91531814582e-05,
        "skew": 1.65899193287,
        "var": 526.165466309
    },
    "pitch": {
        "kurt": 10.1769046783,
        "max": 3574.9387207,
        "mean": 500.863830566,
        "median": 339.392974854,
        "min": 65.7653961182,
        "skew": 3.45466899872,
        "var": 615247.4375
    },
    "pitch_instantaneous_confidence": {
        "kurt": -1.5655798912,
        "max": 0.965497374535,
        "mean": 0.55603325367,
        "median": 0.500561892986,
        "min": 0.157971441746,
        "skew": 0.187041178346,
        "var": 0.0857723876834
    },
    "pitch_salience": {
        "kurt": -0.73131608963,
        "max": 0.877000212669,
        "mean": 0.700200140476,
        "median": 0.725446939468,
        "min": 0.495117545128,
        "skew": -0.371386796236,
        "var": 0.00740525685251
    },
    "silence_rate_20dB": {
        "kurt": 0,
        "max": 1,
        "mean": 1,
        "median": 1,
        "min": 1,
        "skew": 0,
        "var": 0
    },
    "silence_rate_30dB": {
        "kurt": 0,
        "max": 1,
        "mean": 1,
        "median": 1,
        "min": 1,
        "skew": 0,
        "var": 0
    },
    "silence_rate_60dB": {
        "kurt": -0.777172803879,
        "max": 1,
        "mean": 0.741935491562,
        "median": 1,
        "min": 0,
        "skew": -1.10581791401,
        "var": 0.191467061639
    },
    "spectral_centroid": {
        "kurt": -1.62582099438,
        "max": 3393.56201172,
        "mean": 1659.20410156,
        "median": 907.723999023,
        "min": 479.448913574,
        "skew": 0.478066086769,
        "var": 1373241.75
    },
    "spectral_complexity": {
        "kurt": -0.452261686325,
        "max": 14,
        "mean": 2.60215044022,
        "median": 0,
        "min": 0,
        "skew": 1.09630286694,
        "var": 16.2180919647
    },
    "spectral_crest": {
        "kurt": -0.740988492966,
        "max": 18.6176872253,
        "mean": 9.43771362305,
        "median": 8.96528530121,
        "min": 3.54988145828,
        "skew": 0.450858652592,
        "var": 13.4432382584
    },
    "spectral_decrease": {
        "kurt": 1.15018033981,
        "max": -6.62920171773e-15,
        "mean": -7.15621117919e-10,
        "median": -6.71326189083e-12,
        "min": -4.55313298175e-09,
        "skew": -1.63235092163,
        "var": 1.74691094833e-18
    },
    "spectral_energy": {
        "kurt": 1.18914175034,
        "max": 0.024594547227,
        "mean": 0.00381854572333,
        "median": 2.75434813375e-05,
        "min": 2.76644254171e-08,
        "skew": 1.6396958828,
        "var": 4.99623711221e-05
    },
    "spectral_energyband_high": {
        "kurt": 0.412395954132,
        "max": 0.00154262175784,
        "mean": 0.000278682564385,
        "median": 1.5700412348e-07,
        "min": 5.1503423748e-10,
        "skew": 1.46842479706,
        "var": 2.6091692007e-07
    },
    "spectral_energyband_low": {
        "kurt": 1.80345773697,
        "max": 9.60922989179e-06,
        "mean": 2.37659560298e-06,
        "median": 1.71373346802e-06,
        "min": 3.82662568299e-10,
        "skew": 1.408462286,
        "var": 4.05393297057e-12
    },
    "spectral_energyband_middle_high": {
        "kurt": 1.37195062637,
        "max": 0.0229275897145,
        "mean": 0.00349545711651,
        "median": 7.99023564468e-06,
        "min": 1.60480269074e-08,
        "skew": 1.68370831013,
        "var": 4.28378189099e-05
    },
    "spectral_energyband_middle_low": {
        "kurt": 0.281029701233,
        "max": 0.00017781931092,
        "mean": 4.31609223597e-05,
        "median": 1.69347385963e-05,
        "min": 1.1401697364e-08,
        "skew": 1.38539922237,
        "var": 2.61795940482e-09
    },
    "spectral_flatness_db": {
        "kurt": -0.688673496246,
        "max": 0.40179631114,
        "mean": 0.222778707743,
        "median": 0.178886219859,
        "min": 0.0863200426102,
        "skew": 0.92424672842,
        "var": 0.00665770052001
    },
    "spectral_flux": {
        "kurt": 3.51526832581,
        "max": 0.0833875089884,
        "mean": 0.013633527793,
        "median": 0.00325099239126,
        "min": 0.00105270987842,
        "skew": 2.05789256096,
        "var": 0.00039010643377
    },
    "spectral_kurtosis": {
        "kurt": 2.03192138672,
        "max": 23.126953125,
        "mean": 11.8723840714,
        "median": 12.6618013382,
        "min": 3.49177885056,
        "skew": -0.0778798237443,
        "var": 9.79858493805
    },
    "spectral_rms": {
        "kurt": -0.0259664058685,
        "max": 0.00489843636751,
        "mean": 0.00110013911035,
        "median": 0.000163925869856,
        "min": 5.19515970154e-06,
        "skew": 1.30416142941,
        "var": 2.5151052796e-06
    },
    "spectral_rolloff": {
        "kurt": -1.86121416092,
        "max": 4069.77539062,
        "mean": 2270.0168457,
        "median": 2024.12109375,
        "min": 839.794921875,
        "skew": 0.0625187456608,
        "var": 1495522.375
    },
    "spectral_skewness": {
        "kurt": 1.31010341644,
        "max": 4.07050132751,
        "mean": 2.47223353386,
        "median": 2.58684968948,
        "min": 0.737666189671,
        "skew": -0.940209031105,
        "var": 0.393613249063
    },
    "spectral_spread": {
        "kurt": 72.3892822266,
        "max": 17983542,
        "mean": 3205171.5,
        "median": 3003409.25,
        "min": 2409125.75,
        "skew": 8.30987548828,
        "var": 2.61166963098e+12
    },
    "spectral_strongpeak": {
        "kurt": 1.83066368103,
        "max": 16.3378944397,
        "mean": 2.46421837807,
        "median": 0.0256465990096,
        "min": 0.000104711834865,
        "skew": 1.76044952869,
        "var": 19.4664974213
    },
    "zerocrossingrate": {
        "kurt": -1.58635234833,
        "max": 0.1552734375,
        "mean": 0.086683049798,
        "median": 0.06494140625,
        "min": 0.01171875,
        "skew": 0.328043162823,
        "var": 0.00235642422922
    },
    "barkbands": {
        "kurt": [4.60050964355, 2.40055036545, 3.68141365051, 1.57630586624, -0.0393538475037, 5.30500602722, 4.27550554276, 2.16912841797, 0.283796072006, 4.45197057724, 0.682133674622, -0.0439777374268, 5.520195961, 5.28561019897, 26.5043296814, 2.84472894669, 1.15848588943, 0.745952367783, 4.83301782608, 5.53406620026, 1.24266290665, 0.967736005783, 1.97968149185, 0.38329744339, 1.98020362854, 1.68873786926, 1.91278886795],
        "max": [2.86758403689e-08, 1.2285432831e-06, 6.85996383254e-06, 4.90088177685e-06, 1.03496677184e-05, 4.0256716602e-05, 3.90676314055e-06, 5.51344874111e-06, 0.000152455919306, 4.5585902626e-06, 7.05909542376e-06, 2.21974391934e-06, 4.32619071944e-06, 1.26884901874e-06, 4.71910652777e-06, 2.57848751062e-05, 0.000487962213811, 0.0102416304871, 0.0157407298684, 0.00235203211196, 0.00130322948098, 1.97868921532e-05, 2.46748149948e-05, 7.93971048552e-06, 8.7552016339e-06, 1.16838357656e-07, 3.25969362613e-09],
        "mean": [4.71069050434e-09, 2.62579618493e-07, 1.23704876387e-06, 1.2262095197e-06, 3.75988543055e-06, 7.18567753211e-06, 1.00653278423e-06, 1.45172771226e-06, 2.82045639324e-05, 1.23707025068e-06, 1.9987764972e-06, 8.64588344029e-07, 7.69092252995e-07, 3.17712249398e-07, 3.43292953175e-07, 3.55331758328e-06, 7.79673282523e-05, 0.00159113691188, 0.00163690862246, 0.000246448267717, 0.000203723524464, 3.06429183183e-06, 3.20403137266e-06, 1.41889017868e-06, 1.24063592466e-06, 1.69196514577e-08, 4.57602622461e-10],
        "median": [2.61073895835e-09, 1.96096650029e-07, 8.42054134864e-07, 9.27775488435e-07, 3.11074404635e-06, 4.71723842566e-06, 8.54018082919e-07, 1.22403503156e-06, 1.72883596861e-06, 1.05475328382e-06, 1.50290043166e-06, 8.59840781686e-07, 5.23989513113e-07, 2.62567454001e-07, 1.90158786495e-07, 1.83378219276e-07, 1.61849030178e-07, 1.12196948976e-06, 1.4772342638e-06, 7.24281164821e-07, 5.59175035164e-08, 8.43592484756e-09, 1.68863145689e-09, 9.12515285556e-10, 6.84545364837e-10, 5.99626945319e-11, 3.12997306025e-12],
        "min": [2.87453550546e-11, 1.88584481364e-10, 8.65080299062e-11, 4.06489703009e-11, 2.17914664091e-09, 3.84136811249e-09, 1.99102201393e-09, 4.06703198896e-10, 1.67151470443e-09, 5.74668357345e-09, 2.22137397365e-09, 2.02002126137e-09, 1.71805825122e-09, 1.03063735324e-09, 2.36989272651e-09, 4.7375542378e-10, 2.99486102584e-10, 2.55026444407e-10, 3.44188344492e-10, 2.43986858495e-10, 1.88525015044e-10, 8.7947475691e-11, 2.16095058514e-11, 2.30655598787e-11, 2.05731837816e-11, 5.55194215254e-12, 3.81606448914e-13],
        "skew": [2.07137489319, 1.48890459538, 1.75376629829, 1.34512352943, 0.801037788391, 2.18838977814, 1.77705192566, 1.3299189806, 1.44736111164, 1.64878988266, 1.31509125233, 0.318669915199, 2.26837468147, 2.05161309242, 4.93656206131, 1.9943407774, 1.6443901062, 1.55726587772, 2.29326105118, 2.29704928398, 1.66858386993, 1.57388782501, 1.82394695282, 1.46802961826, 1.77194607258, 1.74382543564, 1.78373277187],
        "var": [3.09009034251e-17, 5.57990509538e-14, 1.5769539537e-12, 1.10106639518e-12, 5.39132584063e-12, 5.28354790474e-11, 4.47169455327e-13, 1.02953290424e-12, 2.45055176151e-09, 4.93291063379e-13, 2.70018144129e-12, 1.82858895669e-13, 5.82630460804e-13, 5.16251063708e-14, 4.08627531768e-13, 4.31181097771e-11, 2.12486099826e-08, 8.98868256627e-06, 1.12758525574e-05, 2.11398329952e-07, 1.51987620711e-07, 3.14128584256e-11, 3.91109956921e-11, 6.88106516211e-12, 5.53433470926e-12, 1.05273913366e-15, 7.51940264035e-19],
        "cov": [[3.12367817672e-17, 2.90309451834e-16, 4.91496062339e-17, 7.95039629732e-16, -6.05600075804e-16, 1.84960083714e-15, 2.00072821736e-16, -1.53489424239e-16, -1.00322010526e-15, 4.04921824034e-16, 5.09043137317e-16, 2.97686314711e-16, 5.55969609628e-16, -1.29800308219e-16, 3.805324897e-16, -9.36202646711e-16, 7.98923508729e-15, -2.00959000417e-13, -4.59437988955e-13, 5.56843796334e-14, 3.23400126936e-14, -1.16214243852e-15, -2.6248280486e-15, -3.19916456184e-16, -4.96313079153e-16, -1.45680038545e-17, -1.56712572373e-19], [2.90309451834e-16, 5.64055604253e-14, 1.80077544402e-14, -3.81654817884e-14, 6.05285339537e-14, 3.22680657151e-13, -1.27051969003e-14, 4.35450388584e-14, 9.20890859228e-13, -2.98595101654e-15, 2.300059523e-14, 8.90945930449e-15, 3.49649576328e-14, 2.60847184239e-16, 1.83946824786e-14, 1.17751091538e-13, 2.84742130048e-12, 4.01896502189e-11, 2.0679402201e-12, 1.18819745709e-11, 5.90817672563e-12, 8.3785429495e-14, 8.97765816224e-14, 5.74953564034e-14, 4.46258088533e-14, 4.49609588265e-16, 8.83224415159e-18], [4.91496062339e-17, 1.80077544402e-14, 1.59409475637e-12, 8.98880145664e-13, 1.49920183147e-13, 4.45529073703e-12, 5.57234007472e-14, 3.76731225426e-13, -6.83528494222e-12, -1.03399607331e-14, -3.02229595517e-13, 3.22692922188e-14, 8.81653419976e-14, -1.75497044333e-14, 2.22107475099e-13, -2.40455902802e-13, -9.51221219847e-12, -3.76062236906e-10, -6.60426602295e-10, 5.84833709238e-11, -7.00571267664e-11, -5.05045549652e-13, -1.00128130613e-12, -2.65893481278e-13, -4.04358567029e-13, -2.41302428376e-15, -7.88043455225e-17], [7.95039629732e-16, -3.81654817884e-14, 8.98880145664e-13, 1.11303446928e-12, 1.40712469566e-15, 2.47864879663e-13, -3.4822357942e-14, -3.40561454905e-15, -7.8051514904e-12, 1.47360337772e-14, -1.77329247748e-13, 4.55579618355e-14, -2.09258134366e-14, -2.21976706764e-14, 7.18321005433e-14, -6.30892256839e-13, -1.71527774623e-11, -4.223429384e-10, -5.12516307172e-10, 2.41562347382e-12, -6.72383468348e-11, -6.63142338351e-13, -8.91184749694e-13, -3.41386532758e-13, -3.90061816397e-13, -3.45122324985e-15, -8.62292245799e-17], [-6.05600075804e-16, 6.05285339537e-14, 1.49920183147e-13, 1.40712469566e-15, 5.44992740173e-12, 9.94770129985e-13, 3.5854785395e-13, 2.62873734282e-13, 7.96378848283e-12, 2.38673637061e-13, -7.55838940698e-14, 8.66783045079e-14, 2.8044195655e-13, 6.49227511486e-14, 2.2279824402e-14, -3.51092337711e-13, 3.23249968459e-11, 7.05391911549e-10, 9.87496306948e-10, -1.96367141297e-11, 1.21222282212e-10, 1.11323580562e-12, 4.79241971628e-13, 2.62528063524e-13, 4.13881982072e-13, 4.80111107053e-15, 3.29388613875e-16], [1.84960083714e-15, 3.22680657151e-13, 4.45529073703e-12, 2.47864879663e-13, 9.94770129985e-13, 5.34097800708e-11, 9.53889311289e-13, 3.28938655828e-12, 5.51465088872e-11, 5.10910758145e-13, 8.1794038773e-13, 4.8734258816e-13, 1.61105514779e-12, 1.59440711502e-13, 1.45607441035e-12, 9.17979667975e-12, 1.94522675745e-10, 2.73549716212e-09, 1.55260249102e-09, 6.6931166165e-10, 4.28161478494e-10, 6.5097358927e-12, 3.50071729417e-12, 2.17256551291e-12, 1.38773834004e-12, 2.31734492435e-14, 7.17388890144e-16], [2.00072821736e-16, -1.27051969003e-14, 5.57234007472e-14, -3.4822357942e-14, 3.5854785395e-13, 9.53889311289e-13, 4.52029987877e-13, 1.22265123237e-14, -2.00702670629e-12, 6.44956025977e-14, -9.15102073436e-14, 1.90633116524e-14, 2.90178308899e-14, 2.16678757083e-15, 2.26089458299e-14, -6.06096444734e-13, -2.02660848173e-12, -1.06430045332e-10, -2.00567035202e-10, -5.70142544287e-12, -2.58521398733e-11, -3.61178480787e-13, -4.05102248404e-13, -1.20522190318e-13, -5.20709201397e-14, 1.08607649758e-16, 1.31475188486e-17], [-1.53489424239e-16, 4.35450388584e-14, 3.76731225426e-13, -3.40561454905e-15, 2.62873734282e-13, 3.28938655828e-12, 1.22265123237e-14, 1.04072349696e-12, -5.75786033435e-12, 7.69401615309e-15, -1.63359045258e-13, 1.56645828036e-13, 6.56545672863e-14, 2.5963297945e-14, 2.91257306901e-13, 1.64358151112e-13, -1.42870663217e-11, -4.11814859991e-10, -3.55832530108e-10, -2.06109556505e-11, -4.14718606678e-11, -5.27662386441e-13, -5.56983549994e-13, -3.94319830694e-13, -2.68471470099e-13, -5.38768350408e-15, -8.79317806562e-17], [-1.00322010526e-15, 9.20890859228e-13, -6.83528494222e-12, -7.8051514904e-12, 7.96378848283e-12, 5.51465088872e-11, -2.00702670629e-12, -5.75786033435e-12, 2.47718823232e-09, 6.34776627963e-13, 7.00431865286e-11, 1.04996415208e-12, 2.85128275157e-11, 5.54258288571e-12, 2.12813772681e-12, 2.6452956492e-10, 6.91473234227e-09, 1.43350490589e-07, 1.3785947317e-07, 1.86052151463e-08, 1.84150383831e-08, 2.64310823228e-10, 2.90587026663e-10, 1.25741084211e-10, 1.08769958318e-10, 1.50128141255e-12, 3.90319185664e-14], [4.04921824034e-16, -2.98595101654e-15, -1.03399607331e-14, 1.47360337772e-14, 2.38673637061e-13, 5.10910758145e-13, 6.44956025977e-14, 7.69401615309e-15, 6.34776627963e-13, 4.98652931013e-13, 7.59998346807e-14, -5.83497449848e-15, 1.15559002458e-14, 7.07498118183e-15, 6.92920859038e-14, 3.4709417957e-13, 3.17321884914e-12, 4.00342640983e-11, 1.96183971846e-10, 2.87937226146e-11, 1.80086744128e-11, 1.75311154482e-13, 1.29127380988e-13, 4.91232624239e-14, 8.57022582784e-14, -1.64759422595e-16, -1.49182437064e-17], [5.09043137317e-16, 2.300059523e-14, -3.02229595517e-13, -1.77329247748e-13, -7.55838940698e-14, 8.1794038773e-13, -9.15102073436e-14, -1.63359045258e-13, 7.00431865286e-11, 7.59998346807e-14, 2.72953122778e-12, 3.5352651389e-14, 7.88898135186e-13, 1.9100697315e-13, 8.68265217211e-14, 8.47880446408e-12, 2.04284603122e-10, 4.13375156327e-09, 3.92241972236e-09, 5.35371302846e-10, 5.24673304803e-10, 7.34928524287e-12, 8.88387280407e-12, 3.72016523489e-12, 3.11829121552e-12, 4.29011684576e-14, 1.16072651707e-15], [2.97686314711e-16, 8.90945930449e-15, 3.22692922188e-14, 4.55579618355e-14, 8.66783045079e-14, 4.8734258816e-13, 1.90633116524e-14, 1.56645828036e-13, 1.04996415208e-12, -5.83497449848e-15, 3.5352651389e-14, 1.84846495749e-13, 4.48542976849e-14, 1.98317518007e-15, 4.52270125105e-14, 3.16546973095e-13, 2.54641663658e-12, 4.01962456376e-11, 8.40711042449e-11, -4.26161796824e-12, 1.6319331303e-11, 1.52322246613e-13, 9.51098059901e-14, -1.36688925424e-14, 3.52622145283e-15, -6.43524387831e-16, 1.10013218216e-17], [5.55969609628e-16, 3.49649576328e-14, 8.81653419976e-14, -2.09258134366e-14, 2.8044195655e-13, 1.61105514779e-12, 2.90178308899e-14, 6.56545672863e-14, 2.85128275157e-11, 1.15559002458e-14, 7.88898135186e-13, 4.48542976849e-14, 5.88963394114e-13, 5.1107389669e-14, 1.07742977138e-13, 2.72557887718e-12, 8.9667613612e-11, 1.81495041218e-09, 1.56270174578e-09, 2.63937732781e-10, 2.21296772573e-10, 3.03565918063e-12, 2.84704052868e-12, 1.55622693551e-12, 1.17907278992e-12, 1.67881167816e-14, 4.78044907821e-16], [-1.29800308219e-16, 2.60847184239e-16, -1.75497044333e-14, -2.21976706764e-14, 6.49227511486e-14, 1.59440711502e-13, 2.16678757083e-15, 2.5963297945e-14, 5.54258288571e-12, 7.07498118183e-15, 1.9100697315e-13, 1.98317518007e-15, 5.1107389669e-14, 5.21862487577e-14, 2.82553013376e-14, 5.19238189771e-13, 1.05556119401e-11, 3.30126537218e-10, 5.23742993419e-10, 5.20876952681e-11, 4.02884843542e-11, 5.59208278642e-13, 6.59559754902e-13, 2.99784041992e-13, 3.63253969005e-13, 4.13178690616e-15, 1.07772548064e-16], [3.805324897e-16, 1.83946824786e-14, 2.22107475099e-13, 7.18321005433e-14, 2.2279824402e-14, 1.45607441035e-12, 2.26089458299e-14, 2.91257306901e-13, 2.12813772681e-12, 6.92920859038e-14, 8.68265217211e-14, 4.52270125105e-14, 1.07742977138e-13, 2.82553013376e-14, 4.13069155703e-13, 1.53797384984e-12, 9.1147037834e-12, 4.12941764116e-11, 2.84011647533e-10, 6.92211427067e-11, 1.75040659051e-11, 6.83734373372e-13, 2.35323343927e-13, 1.04095571952e-13, 1.30505740763e-13, 1.32576093421e-15, 5.3009684267e-17], [-9.36202646711e-16, 1.17751091538e-13, -2.40455902802e-13, -6.30892256839e-13, -3.51092337711e-13, 9.17979667975e-12, -6.06096444734e-13, 1.64358151112e-13, 2.6452956492e-10, 3.4709417957e-13, 8.47880446408e-12, 3.16546973095e-13, 2.72557887718e-12, 5.19238189771e-13, 1.53797384984e-12, 4.35867869575e-11, 7.82858389226e-10, 1.40263685111e-08, 1.28474075822e-08, 1.77558756587e-09, 2.02808569938e-09, 3.11239471695e-11, 3.56916683708e-11, 1.3060793766e-11, 1.07158362045e-11, 1.45617106697e-13, 4.06882313554e-15], [7.98923508729e-15, 2.84742130048e-12, -9.51221219847e-12, -1.71527774623e-11, 3.23249968459e-11, 1.94522675745e-10, -2.02660848173e-12, -1.42870663217e-11, 6.91473234227e-09, 3.17321884914e-12, 2.04284603122e-10, 2.54641663658e-12, 8.9667613612e-11, 1.05556119401e-11, 9.1147037834e-12, 7.82858389226e-10, 2.14795736753e-08, 4.09399206092e-07, 3.40257031439e-07, 5.29803045879e-08, 5.19559577583e-08, 7.47736539353e-10, 8.11212041985e-10, 3.58990198679e-10, 2.79647138779e-10, 4.14849448196e-12, 1.11652156162e-13], [-2.00959000417e-13, 4.01896502189e-11, -3.76062236906e-10, -4.223429384e-10, 7.05391911549e-10, 2.73549716212e-09, -1.06430045332e-10, -4.11814859991e-10, 1.43350490589e-07, 4.00342640983e-11, 4.13375156327e-09, 4.01962456376e-11, 1.81495041218e-09, 3.30126537218e-10, 4.12941764116e-11, 1.40263685111e-08, 4.09399206092e-07, 9.0863859441e-06, 8.8000051619e-06, 1.15746979645e-06, 1.12058467039e-06, 1.55983563843e-08, 1.65536420127e-08, 7.77246178529e-09, 6.34628349871e-09, 9.07804942329e-11, 2.39200803262e-12], [-4.59437988955e-13, 2.0679402201e-12, -6.60426602295e-10, -5.12516307172e-10, 9.87496306948e-10, 1.55260249102e-09, -2.00567035202e-10, -3.55832530108e-10, 1.3785947317e-07, 1.96183971846e-10, 3.92241972236e-09, 8.40711042449e-11, 1.56270174578e-09, 5.23742993419e-10, 2.84011647533e-10, 1.28474075822e-08, 3.40257031439e-07, 8.8000051619e-06, 1.13984160635e-05, 1.10878352189e-06, 1.15889179142e-06, 1.59689523827e-08, 1.58282684737e-08, 7.38871630546e-09, 7.11859504676e-09, 8.83290732223e-11, 2.37584062666e-12], [5.56843796334e-14, 1.18819745709e-11, 5.84833709238e-11, 2.41562347382e-12, -1.96367141297e-11, 6.6931166165e-10, -5.70142544287e-12, -2.06109556505e-11, 1.86052151463e-08, 2.87937226146e-11, 5.35371302846e-10, -4.26161796824e-12, 2.63937732781e-10, 5.20876952681e-11, 6.92211427067e-11, 1.77558756587e-09, 5.29803045879e-08, 1.15746979645e-06, 1.10878352189e-06, 2.13696139895e-07, 1.30052626446e-07, 1.97387417522e-09, 1.99851291072e-09, 1.0625363922e-09, 8.72895644655e-10, 1.29923762721e-11, 3.00444917426e-13], [3.23400126936e-14, 5.90817672563e-12, -7.00571267664e-11, -6.72383468348e-11, 1.21222282212e-10, 4.28161478494e-10, -2.58521398733e-11, -4.14718606678e-11, 1.84150383831e-08, 1.80086744128e-11, 5.24673304803e-10, 1.6319331303e-11, 2.21296772573e-10, 4.02884843542e-11, 1.75040659051e-11, 2.02808569938e-09, 5.19559577583e-08, 1.12058467039e-06, 1.15889179142e-06, 1.30052626446e-07, 1.53639660994e-07, 2.09559480879e-09, 2.19451856687e-09, 9.41604350047e-10, 7.96753218957e-10, 1.06179639733e-11, 2.93392317819e-13], [-1.16214243852e-15, 8.3785429495e-14, -5.05045549652e-13, -6.63142338351e-13, 1.11323580562e-12, 6.5097358927e-12, -3.61178480787e-13, -5.27662386441e-13, 2.64310823228e-10, 1.75311154482e-13, 7.34928524287e-12, 1.52322246613e-13, 3.03565918063e-12, 5.59208278642e-13, 6.83734373372e-13, 3.11239471695e-11, 7.47736539353e-10, 1.55983563843e-08, 1.59689523827e-08, 1.97387417522e-09, 2.09559480879e-09, 3.17543005779e-11, 3.21682333548e-11, 1.36629344991e-11, 1.13723509776e-11, 1.61037903932e-13, 4.1509023222e-15], [-2.6248280486e-15, 8.97765816224e-14, -1.00128130613e-12, -8.91184749694e-13, 4.79241971628e-13, 3.50071729417e-12, -4.05102248404e-13, -5.56983549994e-13, 2.90587026663e-10, 1.29127380988e-13, 8.88387280407e-12, 9.51098059901e-14, 2.84704052868e-12, 6.59559754902e-13, 2.35323343927e-13, 3.56916683708e-11, 8.11212041985e-10, 1.65536420127e-08, 1.58282684737e-08, 1.99851291072e-09, 2.19451856687e-09, 3.21682333548e-11, 3.9536113966e-11, 1.47584462012e-11, 1.29629362799e-11, 1.750704616e-13, 4.70192562999e-15], [-3.19916456184e-16, 5.74953564034e-14, -2.65893481278e-13, -3.41386532758e-13, 2.62528063524e-13, 2.17256551291e-12, -1.20522190318e-13, -3.94319830694e-13, 1.25741084211e-10, 4.91232624239e-14, 3.72016523489e-12, -1.36688925424e-14, 1.55622693551e-12, 2.99784041992e-13, 1.04095571952e-13, 1.3060793766e-11, 3.58990198679e-10, 7.77246178529e-09, 7.38871630546e-09, 1.0625363922e-09, 9.41604350047e-10, 1.36629344991e-11, 1.47584462012e-11, 6.95585906582e-12, 5.70147271409e-12, 8.24115827121e-14, 2.11165440805e-15], [-4.96313079153e-16, 4.46258088533e-14, -4.04358567029e-13, -3.90061816397e-13, 4.13881982072e-13, 1.38773834004e-12, -5.20709201397e-14, -2.68471470099e-13, 1.08769958318e-10, 8.57022582784e-14, 3.11829121552e-12, 3.52622145283e-15, 1.17907278992e-12, 3.63253969005e-13, 1.30505740763e-13, 1.07158362045e-11, 2.79647138779e-10, 6.34628349871e-09, 7.11859504676e-09, 8.72895644655e-10, 7.96753218957e-10, 1.13723509776e-11, 1.29629362799e-11, 5.70147271409e-12, 5.5944905826e-12, 7.12916257604e-14, 1.87417241591e-15], [-1.45680038545e-17, 4.49609588265e-16, -2.41302428376e-15, -3.45122324985e-15, 4.80111107053e-15, 2.31734492435e-14, 1.08607649758e-16, -5.38768350408e-15, 1.50128141255e-12, -1.64759422595e-16, 4.29011684576e-14, -6.43524387831e-16, 1.67881167816e-14, 4.13178690616e-15, 1.32576093421e-15, 1.45617106697e-13, 4.14849448196e-12, 9.07804942329e-11, 8.83290732223e-11, 1.29923762721e-11, 1.06179639733e-11, 1.61037903932e-13, 1.750704616e-13, 8.24115827121e-14, 7.12916257604e-14, 1.0641819135e-15, 2.60695548798e-17], [-1.56712572373e-19, 8.83224415159e-18, -7.88043455225e-17, -8.62292245799e-17, 3.29388613875e-16, 7.17388890144e-16, 1.31475188486e-17, -8.79317806562e-17, 3.90319185664e-14, -1.49182437064e-17, 1.16072651707e-15, 1.10013218216e-17, 4.78044907821e-16, 1.07772548064e-16, 5.3009684267e-17, 4.06882313554e-15, 1.11652156162e-13, 2.39200803262e-12, 2.37584062666e-12, 3.00444917426e-13, 2.93392317819e-13, 4.1509023222e-15, 4.70192562999e-15, 2.11165440805e-15, 1.87417241591e-15, 2.60695548798e-17, 7.6011353227e-19]]
    },
    "mfcc": {
        "kurt": [-0.922206878662, -0.931586503983, -1.48918926716, -1.51591062546, -0.514331102371, -1.28064882755, 0.0211262702942, -0.631350755692, -0.728925943375, 0.102929830551, -0.165318489075, -0.24430346489, -0.451348543167],
        "max": [-750.740539551, 131.09854126, 27.4944801331, 99.2120513916, 4.04032897949, 5.07483673096, 25.7932815552, 28.0324115753, 12.6760025024, 0.361038208008, 10.4098396301, 14.1664886475, 7.92153930664],
        "mean": [-921.966003418, 78.7119064331, -21.1669178009, 31.4507522583, -13.9035511017, -34.4659461975, 8.19234085083, 3.83218669891, -13.0776195526, -8.99049568176, -6.01533842087, -8.10488510132, -6.24443674088],
        "median": [-966.748352051, 113.117042542, -8.02062988281, 11.7394142151, -12.7087669373, -30.4224205017, 8.18895339966, 1.5916595459, -13.6828765869, -8.93717193604, -6.02789115906, -8.93946075439, -4.87181091309],
        "min": [-1138.42004395, -23.9604930878, -83.8167114258, -19.5040092468, -35.2479019165, -77.9113464355, -7.97240257263, -13.708694458, -33.3880081177, -25.5655479431, -17.6173763275, -25.178855896, -24.1956653595],
        "skew": [0.654308378696, -0.92280036211, -0.377872288227, 0.468684881926, -0.22557272017, -0.315474510193, 0.0232625398785, 0.553523421288, 0.219343408942, -0.675657749176, 0.287094444036, 0.47259798646, -0.406234055758],
        "var": [10039.9267578, 3196.35449219, 1294.8671875, 1856.71557617, 88.0843963623, 668.609008789, 45.8299827576, 102.670761108, 123.980384827, 32.7991943359, 28.9750022888, 68.6735534668, 50.1965370178],
        "cov": [[10149.0566406, -5072.98388672, -3411.70410156, 4112.10205078, -704.84185791, -2414.75195312, 156.540374756, 801.806884766, 672.289367676, -336.938415527, 45.0376014709, 421.350708008, -514.927978516], [-5072.98388672, 3231.09741211, 1786.78686523, -2115.68457031, 405.502807617, 1232.37109375, -16.6843833923, -451.073059082, -479.716064453, 183.989761353, -32.136592865, -291.240936279, 273.210113525], [-3411.70410156, 1786.78686523, 1308.94177246, -1521.74731445, 239.067764282, 895.539978027, -83.6504592896, -268.015045166, -193.829162598, 99.3767700195, -28.7265777588, -131.363677979, 169.515472412], [4112.10205078, -2115.68457031, -1521.74731445, 1876.8972168, -271.677124023, -1042.68200684, 103.705566406, 318.353271484, 241.925567627, -123.086265564, 33.4483642578, 164.087661743, -204.239151001], [-704.84185791, 405.502807617, 239.067764282, -271.677124023, 89.0418319702, 173.963195801, 0.206038355827, -44.8857727051, -63.055065155, 26.0887336731, 4.60873889923, -41.7050704956, 32.6722183228], [-2414.75195312, 1232.37109375, 895.539978027, -1042.68200684, 173.963195801, 675.876525879, -60.1444740295, -201.46862793, -119.889404297, 75.0804443359, -24.3991680145, -86.2170410156, 122.218894958], [156.540374756, -16.6843833923, -83.6504592896, 103.705566406, 0.206038355827, -60.1444740295, 46.3281364441, 16.5596599579, -18.7114315033, 4.98392009735, 6.77617359161, -5.51687192917, -2.91389226913], [801.806884766, -451.073059082, -268.015045166, 318.353271484, -44.8857727051, -201.46862793, 16.5596599579, 103.786750793, 69.7307510376, -30.1506404877, 9.31120681763, 40.2032623291, -47.5439682007], [672.289367676, -479.716064453, -193.829162598, 241.925567627, -63.055065155, -119.889404297, -18.7114315033, 69.7307510376, 125.3279953, -26.9449195862, -9.69633674622, 64.7989120483, -40.0064582825], [-336.938415527, 183.989761353, 99.3767700195, -123.086265564, 26.0887336731, 75.0804443359, 4.98392009735, -30.1506404877, -26.9449195862, 33.155708313, 5.93685007095, -20.4829235077, 26.0337657928], [45.0376014709, -32.136592865, -28.7265777588, 33.4483642578, 4.60873889923, -24.3991680145, 6.77617359161, 9.31120681763, -9.69633674622, 5.93685007095, 29.2899494171, 4.03808736801, -1.0747923851], [421.350708008, -291.240936279, -131.363677979, 164.087661743, -41.7050704956, -86.2170410156, -5.51687192917, 40.2032623291, 64.7989120483, -20.4829235077, 4.03808736801, 69.4200057983, -14.4406671524], [-514.927978516, 273.210113525, 169.515472412, -204.239151001, 32.6722183228, 122.218894958, -2.91389226913, -47.5439682007, -40.0064582825, 26.0337657928, -1.0747923851, -14.4406671524, 50.742149353]]
    },
    "sccoeffs": {
        "kurt": [-0.0890243053436, -0.133081674576, -0.340080738068, -0.0709779262543, -0.836798191071, -0.598719596863],
        "max": [-0.661529302597, -0.711143553257, -0.66343665123, -0.740336835384, -0.435116916895, -0.600995779037],
        "mean": [-0.76084458828, -0.829799175262, -0.833159506321, -0.838664293289, -0.740712881088, -0.786607861519],
        "median": [-0.759590685368, -0.835184931755, -0.860851347446, -0.849014341831, -0.798024296761, -0.834521889687],
        "min": [-0.887375473976, -0.939230144024, -0.933728456497, -0.924087285995, -0.921538352966, -0.926344096661],
        "skew": [-0.0070679183118, 0.292227566242, 1.01967346668, 0.874437868595, 0.801063001156, 0.97950476408],
        "var": [0.00199536420405, 0.00221949303523, 0.00549307418987, 0.00168719561771, 0.0247290562838, 0.00733031146228],
        "cov": [[0.00201705284417, 6.60824007355e-05, -0.000184908465599, -3.4550914279e-05, 0.000240736320848, 1.79979506356e-05], [6.60824007355e-05, 0.0022436180152, 0.00155034812633, 0.000692699861247, 0.00389586295933, 0.00211015762761], [-0.000184908465599, 0.00155034812633, 0.00555278174579, 0.00262496154755, 0.0103132100776, 0.0058168224059], [-3.4550914279e-05, 0.000692699861247, 0.00262496154755, 0.00170553475618, 0.00533014256507, 0.00307509489357], [0.000240736320848, 0.00389586295933, 0.0103132100776, 0.00533014256507, 0.02499785088, 0.0132394758984], [1.79979506356e-05, 0.00211015762761, 0.0058168224059, 0.00307509489357, 0.0132394758984, 0.00740998843685]]
    },
    "scvalleys": {
        "kurt": [11.231171608, 25.4278202057, 23.6707687378, 7.31697654724, -0.25918674469, -0.882807731628],
        "max": [-8.22674369812, -7.58955097198, -8.05970573425, -8.78958034515, -6.93869113922, -10.1959037781],
        "mean": [-9.10792160034, -8.34030532837, -8.62951660156, -9.70787239075, -9.8410358429, -12.5657463074],
        "median": [-9.03959560394, -8.31701183319, -8.62001037598, -9.6963262558, -10.4495677948, -13.2107830048],
        "min": [-12.2268886566, -11.604183197, -11.293050766, -11.9728164673, -13.3376588821, -14.7732439041],
        "skew": [-2.44497156143, -3.83557677269, -3.77765512466, -1.42319464684, 0.453884243965, 0.770223617554],
        "var": [0.288301289082, 0.209324702621, 0.145007163286, 0.180599823594, 1.42149627209, 1.21699166298],
        "cov": [[0.291435003281, 0.146379575133, 0.109664037824, 0.107707500458, 0.209594100714, 0.143328204751], [0.146379575133, 0.211599975824, 0.127036049962, 0.10707654804, 0.177780374885, 0.115309849381], [0.109664037824, 0.127036049962, 0.146583333611, 0.104060567915, 0.215559586883, 0.155110269785], [0.107707500458, 0.10707654804, 0.104060567915, 0.182562872767, 0.398633867502, 0.314922332764], [0.209594100714, 0.177780374885, 0.215559586883, 0.398633867502, 1.43694734573, 1.27908146381], [0.143328204751, 0.115309849381, 0.155110269785, 0.314922332764, 1.27908146381, 1.230219841]]
    }
},
"rhythm": {
    "beats_loudness": {
        "kurt": -0.622819900513,
        "max": 0.0223860219121,
        "mean": 0.00584503123537,
        "median": 5.38815729669e-05,
        "min": 1.78908849193e-05,
        "skew": 1.02570033073,
        "var": 7.55525688874e-05
    },
    "bpm": 198.768035889,
    "confidence": 0,
    "first_peak_bpm": {
        "kurt": 0,
        "max": 199,
        "mean": 199,
        "median": 199,
        "min": 199,
        "skew": 0,
        "var": 0
    },
    "first_peak_spread": {
        "kurt": 0,
        "max": 0,
        "mean": 0,
        "median": 0,
        "min": 0,
        "skew": 0,
        "var": 0
    },
    "first_peak_weight": {
        "kurt": 0,
        "max": 0.800000011921,
        "mean": 0.800000011921,
        "median": 0.800000011921,
        "min": 0.800000011921,
        "skew": 0,
        "var": 0
    },
    "onset_rate": 1.88374996185,
    "second_peak_bpm": {
        "kurt": 0,
        "max": 191,
        "mean": 191,
        "median": 191,
        "min": 191,
        "skew": 0,
        "var": 0
    },
    "second_peak_spread": {
        "kurt": 0,
        "max": 0,
        "mean": 0,
        "median": 0,
        "min": 0,
        "skew": 0,
        "var": 0
    },
    "second_peak_weight": {
        "kurt": 0,
        "max": 0.20000000298,
        "mean": 0.20000000298,
        "median": 0.20000000298,
        "min": 0.20000000298,
        "skew": 0,
        "var": 0
    },
    "beats_loudness_band_ratio": {
        "kurt": [-1.47983121872, -1.05694496632, -1.44465303421, -1.44458603859, -1.32989764214, -1.26035988331],
        "max": [0.302685111761, 0.462887823582, 0.222715243697, 0.27836638689, 0.644128739834, 0.520022690296],
        "mean": [0.121970616281, 0.195059165359, 0.10967694968, 0.113852716982, 0.256110101938, 0.213599443436],
        "median": [0.0751385837793, 0.202480509877, 0.113483652472, 0.0989860743284, 0.181962952018, 0.188986882567],
        "min": [0.000117462834169, 0.000497038068715, 0.00460118893534, 0.000525084731635, 0.0252129770815, 0.0174885783345],
        "skew": [0.520795404911, 0.225674301386, -0.0335686057806, 0.297308325768, 0.490523487329, 0.401058733463],
        "var": [0.0152061013505, 0.026351781562, 0.0068367999047, 0.0111014610156, 0.0560584627092, 0.0340742729604],
        "cov": [[0.0182473212481, 0.0109590375796, 0.0071617863141, 0.012714532204, -0.0274771116674, -0.0206883344799], [0.0109590375796, 0.0316221378744, 0.0141129316762, 0.0144869033247, -0.0396406687796, -0.0300149470568], [0.0071617863141, 0.0141129316762, 0.00820416025817, 0.00938263814896, -0.0213352665305, -0.0165666248649], [0.012714532204, 0.0144869033247, 0.00938263814896, 0.01332175266, -0.0271604806185, -0.0214938111603], [-0.0274771116674, -0.0396406687796, -0.0213352665305, -0.0271604806185, 0.0672701522708, 0.0458473302424], [-0.0206883344799, -0.0300149470568, -0.0165666248649, -0.0214938111603, 0.0458473302424, 0.0408891253173]]
    },
    "beats_position": [0.301859408617, 0.603718817234, 0.917188167572, 1.21904754639, 1.52090704441, 1.82276642323],
    "bpm_estimates": [198.768035889, 198.768051147, 198.767974854, 198.768051147],
    "bpm_intervals": [0.301859408617, 0.313469350338, 0.301859378815, 0.301859498024, 0.301859378815],
    "onset_times": [0.0464399084449, 0.162539675832, 0.476009070873, 0.615328788757],
    "histogram": [[0, 0, 0, 0, 0, 0, 0, 0, 0, 0, 0, 0, 0, 0, 0, 0, 0, 0, 0, 0, 0, 0, 0, 0, 0, 0, 0, 0, 0, 0, 0, 0, 0, 0, 0, 0, 0, 0, 0, 0, 0, 0, 0, 0, 0, 0, 0, 0, 0, 0, 0, 0, 0, 0, 0, 0, 0, 0, 0, 0, 0, 0, 0, 0, 0, 0, 0, 0, 0, 0, 0, 0, 0, 0, 0, 0, 0, 0, 0, 0, 0, 0, 0, 0, 0, 0, 0, 0, 0, 0, 0, 0, 0, 0, 0, 0, 0, 0, 0, 0, 0, 0, 0, 0, 0, 0, 0, 0, 0, 0, 0, 0, 0, 0, 0, 0, 0, 0, 0, 0, 0, 0, 0, 0, 0, 0, 0, 0, 0, 0, 0, 0, 0, 0, 0, 0, 0, 0, 0, 0, 0, 0, 0, 0, 0, 0, 0, 0, 0, 0, 0, 0, 0, 0, 0, 0, 0, 0, 0, 0, 0, 0, 0, 0, 0, 0, 0, 0, 0, 0, 0, 0, 0, 0, 0, 0, 0, 0, 0, 0, 0, 0, 0, 0, 0, 0, 0, 0, 0, 0, 0, 0.20000000298, 0, 0, 0, 0, 0, 0, 0, 0.800000011921, 0, 0, 0, 0, 0, 0, 0, 0, 0, 0, 0, 0, 0, 0, 0, 0, 0, 0, 0, 0, 0, 0, 0, 0, 0, 0, 0, 0, 0, 0, 0, 0, 0, 0, 0, 0, 0, 0, 0, 0, 0, 0, 0, 0, 0, 0, 0, 0, 0, 0]]
},
"sfx": {
    "inharmonicity": {
        "kurt": 2.0446190834,
        "max": 0.436899632215,
        "mean": 0.104403652251,
        "median": 0.0805870965123,
        "min": 0,
        "skew": 1.55597317219,
        "var": 0.00997593253851
    },
    "oddtoevenharmonicenergyratio": {
        "kurt": -0.237782478333,
        "max": 3.68812179565,
        "mean": 1.07742619514,
        "median": 0.759666860104,
        "min": 0,
        "skew": 0.828737318516,
        "var": 0.851733028889
    },
    "pitch_after_max_to_before_max_energy_ratio": 0.244478955865,
    "pitch_centroid": 35.1822471619,
    "pitch_max_to_total": 0.365591406822,
    "pitch_min_to_total": 0.731182813644,
    "tristimulus": {
        "kurt": [3.99057483673, -1.17329585552, -0.977662563324],
        "max": [1, 0.579126298428, 0.959505021572],
        "mean": [0.220164164901, 0.227342382073, 0.552493453026],
        "median": [0.165807247162, 0.227651119232, 0.49842992425],
        "min": [0, 0, 0],
        "skew": [2.00651526451, 0.241731375456, -0.0717993974686],
        "var": [0.0596891231835, 0.0280074942857, 0.0835499167442],
        "cov": [[0.0603379160166, -0.00209590373561, -0.0582420043647], [-0.00209590373561, 0.0283119231462, -0.0262160226703], [-0.0582420043647, -0.0262160226703, 0.0844580680132]]
    }
},
"tonal": {
    "chords_changes_rate": 0.021276595071,
    "chords_number_rate": 0.0425531901419,
    "chords_strength": {
        "kurt": -1.27003931999,
        "max": 0.648261845112,
        "mean": 0.578219056129,
        "median": 0.591593980789,
        "min": 0.483710169792,
        "skew": -0.320679485798,
        "var": 0.00256701535545
    },
    "key_strength": 0.532016932964,
    "tuning_diatonic_strength": 0.452385723591,
    "tuning_equal_tempered_deviation": 0.190636694431,
    "tuning_frequency": 449.764648438,
    "tuning_nontempered_energy_ratio": 0.839250087738,
    "hpcp": {
        "kurt": [4.31087064743, 2.02488422394, 2.08665847778, 1.13081979752, 1.11273622513, 0.327243804932, 2.41279554367, 1.65748643875, -0.397938489914, 0.620892524719, 1.51529073715, 0.83819770813, 1.44002723694, 0.501914024353, 1.54029846191, 2.55791378021, 1.82120800018, 9.42272377014, 7.54849147797, 9.20808887482, 1.74238348007, -1.37154996395, -1.2939234972, 1.94482517242, 6.10656261444, 15.1976909637, 1.15429401398, -0.567805051804, 1.70300769806, 14.1811771393, 2.53045940399, 8.77276706696, -0.500252008438, -1.43304908276, 1.46869659424, 4.1324839592],
        "max": [0.92023229599, 1, 1, 0.598356187344, 0.292469650507, 0.311190724373, 0.579055786133, 1, 1, 1, 1, 1, 1, 1, 1, 1, 0.690369784832, 0.787431657314, 1, 0.925969481468, 0.702311873436, 1, 1, 0.630338907242, 0.386511415243, 0.60112708807, 0.526366472244, 0.636741042137, 1, 0.773791491985, 0.383187264204, 0.676680862904, 0.787270486355, 1, 1, 0.70793992281],
        "mean": [0.154587373137, 0.238312378526, 0.281261652708, 0.167883142829, 0.0702326819301, 0.0825195685029, 0.144784465432, 0.24264100194, 0.284070879221, 0.22970430553, 0.224588051438, 0.249565020204, 0.23224952817, 0.225195884705, 0.229668572545, 0.210706368089, 0.136481776834, 0.0997647196054, 0.12150812149, 0.113613992929, 0.180139437318, 0.485482364893, 0.492370843887, 0.176810592413, 0.0616499148309, 0.0633523091674, 0.120604380965, 0.259676247835, 0.262541860342, 0.122544370592, 0.0772097632289, 0.103933811188, 0.296923458576, 0.53968256712, 0.378832399845, 0.138316422701],
