{
"metadata": {
    "version": {
        "essentia": "2.1-beta3"
    }
},
"lowLevel": {
    "average_loudness": 0.216570869088,
    "barkbands_kurtosis": {
        "kurt": 11.3109874725,
        "max": 12.4160223007,
        "mean": 0.562599956989,
        "median": 0.334341883659,
        "min": -1.82990264893,
        "skew": 2.46257138252,
        "var": 3.51865720749
    },
    "barkbands_skewness": {
        "kurt": 0.36533164978,
        "max": 3.00236272812,
        "mean": 0.530305147171,
        "median": 0.7073148489,
        "min": -1.63838768005,
        "skew": -0.615120530128,
        "var": 0.686590731144
    },
    "barkbands_spread": {
        "kurt": 2.95686769485,
        "max": 36.5477294922,
        "mean": 14.5454902649,
        "median": 14.312713623,
        "min": 4.18460655212,
        "skew": 1.02762246132,
        "var": 22.9390716553
    },
    "dissonance": {
        "kurt": 4.58326292038,
        "max": 0.499993860722,
        "mean": 0.454485863447,
        "median": 0.46053147316,
        "min": 0.255524516106,
        "skew": -1.56844830513,
        "var": 0.00110336800572
    },
    "hfc": {
        "kurt": 1.21935176849,
        "max": 12.2459583282,
        "mean": 1.66713583469,
        "median": 0.0285931043327,
        "min": 2.09795289265e-05,
        "skew": 1.52755749226,
        "var": 7.83235549927
    },
    "pitch": {
        "kurt": 48.9816894531,
        "max": 3356.6574707,
        "mean": 385.313842773,
        "median": 300.311950684,
        "min": 82.0531463623,
        "skew": 6.29427957535,
        "var": 115875.546875
    },
    "pitch_instantaneous_confidence": {
        "kurt": -1.59229755402,
        "max": 0.983931839466,
        "mean": 0.556028902531,
        "median": 0.449237257242,
        "min": 0.139329016209,
        "skew": 0.326826959848,
        "var": 0.0997724980116
    },
    "pitch_salience": {
        "kurt": 1.54983568192,
        "max": 0.895736575127,
        "mean": 0.667439877987,
        "median": 0.683503031731,
        "min": 0.252066910267,
        "skew": -0.887372910976,
        "var": 0.00832044985145
    },
    "silence_rate_20dB": {
        "kurt": 0,
        "max": 1,
        "mean": 1,
        "median": 1,
        "min": 1,
        "skew": 0,
        "var": 0
    },
    "silence_rate_30dB": {
        "kurt": 0,
        "max": 1,
        "mean": 1,
        "median": 1,
        "min": 1,
        "skew": 0,
        "var": 0
    },
    "silence_rate_60dB": {
        "kurt": 4.09330701828,
        "max": 1,
        "mean": 0.888489186764,
        "median": 1,
        "min": 0,
        "skew": -2.46846795082,
        "var": 0.0990756377578
    },
    "spectral_centroid": {
        "kurt": -0.414803504944,
        "max": 2550.1015625,
        "mean": 1133.74902344,
        "median": 891.104248047,
        "min": 452.139648438,
        "skew": 0.888121843338,
        "var": 320045.375
    },
    "spectral_complexity": {
        "kurt": -0.845458984375,
        "max": 8,
        "mean": 1.8669065237,
        "median": 0,
        "min": 0,
        "skew": 0.9764508605,
        "var": 7.46071338654
    },
    "spectral_crest": {
        "kurt": 1.2895731926,
        "max": 21.137878418,
        "mean": 8.24004077911,
        "median": 7.33844661713,
        "min": 3.26154732704,
        "skew": 1.15913200378,
        "var": 10.7275924683
    },
    "spectral_decrease": {
        "kurt": 0.342424631119,
        "max": -7.92551788087e-15,
        "mean": -1.99152264124e-10,
        "median": -8.9703270853e-12,
        "min": -1.12611386882e-09,
        "skew": -1.35881543159,
        "var": 9.94295523966e-20
    },
    "spectral_energy": {
        "kurt": 0.329049110413,
        "max": 0.00499792350456,
        "mean": 0.000902860192582,
        "median": 3.65032465197e-05,
        "min": 3.18155954915e-08,
        "skew": 1.35393714905,
        "var": 2.06447612072e-06
    },
    "spectral_energyband_high": {
        "kurt": 2.7540268898,
        "max": 0.000197908651899,
        "mean": 2.17468859773e-05,
        "median": 2.34711507119e-07,
        "min": 2.38563280242e-10,
        "skew": 1.85600340366,
        "var": 1.60711288721e-09
    },
    "spectral_energyband_low": {
        "kurt": 3.26728916168,
        "max": 1.17907284221e-05,
        "mean": 2.12211762118e-06,
        "median": 1.48090884977e-06,
        "min": 1.27910726455e-09,
        "skew": 1.61495816708,
        "var": 3.39799846247e-12
    },
    "spectral_energyband_middle_high": {
        "kurt": 0.819025278091,
        "max": 0.00461485423148,
        "mean": 0.000678298354615,
        "median": 1.10954842967e-05,
        "min": 5.95261484548e-09,
        "skew": 1.46259403229,
        "var": 1.25911697069e-06
    },
    "spectral_energyband_middle_low": {
        "kurt": 2.88983345032,
        "max": 0.00165162328631,
        "mean": 0.000201760820346,
        "median": 2.48115320574e-05,
        "min": 2.51126639483e-08,
        "skew": 2.01854348183,
        "var": 1.3083098338e-07
    },
    "spectral_flatness_db": {
        "kurt": -1.24259400368,
        "max": 0.345127373934,
        "mean": 0.213566169143,
        "median": 0.182288855314,
        "min": 0.10423976928,
        "skew": 0.524341762066,
        "var": 0.00378469727002
    },
    "spectral_flux": {
        "kurt": 5.39456367493,
        "max": 0.035205475986,
        "mean": 0.00651640398428,
        "median": 0.00385936768726,
        "min": 0.00205329922028,
        "skew": 1.91553676128,
        "var": 2.42454334511e-05
    },
    "spectral_kurtosis": {
        "kurt": -0.465490102768,
        "max": 23.6857337952,
        "mean": 11.2815217972,
        "median": 11.0782365799,
        "min": 1.95970630646,
        "skew": 0.269789457321,
        "var": 17.2122440338
    },
    "spectral_rms": {
        "kurt": -0.639848232269,
        "max": 0.00220817187801,
        "mean": 0.000631852133665,
        "median": 0.000188713835087,
        "min": 5.57131988899e-06,
        "skew": 1.04228556156,
        "var": 4.81602114633e-07
    },
    "spectral_rolloff": {
        "kurt": -1.51512253284,
        "max": 3251.51367188,
        "mean": 1804.83813477,
        "median": 1313.52539062,
        "min": 430.6640625,
        "skew": 0.416422367096,
        "var": 781338.25
    },
    "spectral_skewness": {
        "kurt": -0.9869389534,
        "max": 3.48395967484,
        "mean": 2.39773416519,
        "median": 2.43080258369,
        "min": 1.18519926071,
        "skew": -0.0686014816165,
        "var": 0.275005161762
    },
    "spectral_spread": {
        "kurt": 8.70367050171,
        "max": 6284726,
        "mean": 2828354.25,
        "median": 2771440.5,
        "min": 1646968.125,
        "skew": 1.76906847954,
        "var": 298598727680
    },
    "spectral_strongpeak": {
        "kurt": 4.72873353958,
        "max": 6.30996179581,
        "mean": 0.645577430725,
        "median": 0.0576616302133,
        "min": 0.000121911427414,
        "skew": 2.38468790054,
        "var": 1.62968289852
    },
    "zerocrossingrate": {
        "kurt": -0.240986347198,
        "max": 0.1357421875,
        "mean": 0.0614918209612,
        "median": 0.052001953125,
        "min": 0.0048828125,
        "skew": 0.856158673763,
        "var": 0.000721565098502
    },
    "barkbands": {
        "kurt": [8.98693275452, 6.29319572449, 4.11556959152, 3.48893690109, 5.760887146, 16.9670219421, 3.80089712143, 2.73446035385, 11.4614582062, 32.5857582092, 3.00977134705, 22.14610672, 108.280578613, 11.3356380463, 7.42543506622, 1.8295750618, 5.96250629425, 11.0523996353, 11.61677742, 8.59708309174, 3.80657625198, 16.8121814728, 3.22672939301, 4.09246110916, 4.52264451981, 4.79486942291, 30.1481170654],
        "max": [3.53396778507e-08, 8.43749035084e-07, 8.02494923846e-06, 6.08048958384e-06, 2.04828102142e-05, 2.85305486614e-05, 0.000336718134349, 0.00131892610807, 4.06231847592e-05, 0.000333683739882, 0.00149509077892, 6.24002277618e-05, 0.000313029770041, 0.000163225937285, 1.97113649847e-06, 0.00126909138635, 0.00129332370125, 0.0029124810826, 0.000135165872052, 4.14986716351e-05, 0.000167953723576, 1.02653311842e-05, 1.54846429723e-06, 1.29938632654e-06, 1.26786986243e-07, 1.39059552762e-09, 3.39954897566e-10],
        "mean": [4.96275864847e-09, 1.3549502853e-07, 1.24101870824e-06, 1.24802363644e-06, 4.08825826526e-06, 3.39279995387e-06, 3.74168048438e-05, 0.000151413711137, 3.54925691681e-06, 1.07493315227e-05, 0.000179679904249, 3.50322716258e-06, 4.42045484306e-06, 1.29088748508e-05, 3.29696717927e-07, 0.000146447870065, 0.000118868883874, 0.000192292151041, 9.22892559174e-06, 3.24655570694e-06, 1.77576512215e-05, 6.14284374478e-07, 1.59170653546e-07, 1.51069087906e-07, 1.30919337593e-08, 1.72539149634e-10, 1.62532296649e-11],
        "median": [3.37004379958e-09, 1.10376035423e-07, 7.53533640818e-07, 1.02984529349e-06, 3.41834538631e-06, 2.48731794272e-06, 2.39005703406e-06, 3.70820475837e-06, 1.49987295117e-06, 1.72940985976e-06, 2.12414352063e-06, 1.32203945213e-06, 4.65987284315e-07, 6.3283948748e-07, 2.4502855922e-07, 3.66913724292e-07, 4.26931592301e-07, 8.20719094463e-07, 5.61395268051e-07, 2.06591749929e-07, 9.75999157049e-08, 2.07942765229e-08, 4.59447946355e-09, 1.08913722485e-09, 6.50581921668e-10, 5.4530401028e-11, 2.85777759963e-12],
        "min": [1.87677286906e-11, 1.20731480369e-10, 5.07499264835e-10, 1.63006530496e-09, 9.72294866841e-09, 4.35575042701e-09, 3.81658615822e-09, 3.52450912899e-09, 1.68700475811e-09, 7.19770021362e-10, 4.91752416565e-10, 7.355794307e-10, 1.35742028728e-09, 4.66454375125e-10, 4.70297023547e-10, 3.49003076439e-10, 6.32299546055e-10, 3.72276209859e-10, 3.38673977751e-10, 2.51846321575e-10, 1.2032796981e-10, 6.02669233962e-11, 8.74480696189e-12, 5.54166825276e-12, 2.58905375437e-12, 8.91592789182e-13, 5.7793743749e-13],
        "skew": [2.48083686829, 2.02793812752, 1.84929203987, 1.65964007378, 1.8343616724, 3.46578192711, 2.14839696884, 1.99554729462, 3.287504673, 5.59197568893, 1.97393536568, 4.54849863052, 10.1442012787, 3.1164329052, 2.46291637421, 1.64963805676, 2.52860975266, 3.08864402771, 2.93755221367, 2.74214076996, 2.08436107635, 3.75930476189, 1.95266342163, 2.16244101524, 2.24586558342, 2.15454769135, 5.15413856506],
        "var": [2.67812594244e-17, 1.34861019853e-14, 1.66789607299e-12, 1.08638608092e-12, 7.37131536366e-12, 1.16916996917e-11, 5.07631936486e-09, 8.54435953102e-08, 3.52767190459e-11, 1.70110325826e-09, 1.17920620823e-07, 6.22643256398e-11, 7.38026917357e-10, 6.91073420711e-10, 8.86607817328e-14, 6.73955611319e-08, 6.43201261141e-08, 1.90494461094e-07, 3.06075609302e-10, 4.18079564024e-11, 1.21176302326e-09, 2.08888331979e-12, 8.64743931843e-14, 8.65750410272e-14, 6.19177749251e-16, 5.45137097585e-20, 1.86068543459e-21],
        "cov": [[2.68779419488e-17, 7.57392906284e-17, 1.05638349292e-15, 6.93135584007e-16, 3.75741777229e-16, 1.03330025692e-15, -4.41218615192e-14, -1.83051300897e-13, 4.929037186e-15, -1.37936213202e-15, -1.42647449842e-13, -3.1008428302e-16, 9.35263287172e-15, -2.24004639165e-14, 2.81661827777e-16, -2.05610769838e-13, -2.11698334644e-13, -3.68510262453e-13, -7.08452131391e-15, -5.3481927105e-15, -1.79125276081e-14, -2.76113206108e-16, -2.54415398372e-16, -8.7952943245e-17, -9.05464323981e-18, -1.21699929899e-19, -2.09475961493e-20], [7.57392906284e-17, 1.35347885921e-14, 2.16203465721e-14, 1.46821726462e-14, 9.6930215319e-17, -5.75315873907e-15, -2.25495091891e-13, -1.05213179748e-12, 1.81813301258e-14, -2.78144223826e-14, -1.85657977707e-12, 5.24333485972e-14, -1.75924853569e-13, 8.02388212297e-15, 9.16861178756e-16, -2.56875114712e-13, -2.89485167608e-12, -2.67466084003e-12, -1.17622095196e-14, -7.12158196997e-14, 1.25970767021e-13, -4.05849695688e-15, -1.9424663531e-15, -6.94799897869e-16, -1.16745849671e-16, -1.03922195193e-18, -1.38968307463e-19], [1.05638349292e-15, 2.16203465721e-14, 1.67391729818e-12, 5.92016182171e-13, -2.65735160656e-13, -1.98370752333e-13, -1.97371632926e-11, -8.64971774761e-11, 1.16819856739e-12, 3.57259035723e-12, -1.06698636038e-10, 5.42928820391e-13, 6.21651547513e-13, -7.39944997635e-12, 2.76373975788e-14, -9.06404951095e-11, -6.06751177079e-11, -1.08067922666e-10, -5.24674834829e-12, -1.54851153601e-12, -9.82507651626e-12, -4.00572126467e-13, -8.76171219453e-14, -9.92060166655e-14, -7.85249262939e-15, -7.95324894547e-17, -7.18329268769e-18], [6.93135584007e-16, 1.46821726462e-14, 5.92016182171e-13, 1.09030807386e-12, 8.77147882323e-14, -2.67346474819e-13, -7.0778096925e-12, -3.51736487159e-11, 5.10135390961e-13, -1.61924325944e-12, -4.10536396545e-11, 3.57236077742e-13, 3.46516672506e-14, -3.73402741019e-12, -1.67510455376e-14, -3.41555152217e-11, -5.38479243833e-12, -4.58448799756e-11, -1.86730210287e-12, -5.77711977649e-13, -2.47458542373e-12, -1.60921108253e-13, -2.34595549502e-14, -2.69505538085e-14, -2.8902079179e-15, -2.32812547663e-17, 5.90117835127e-19], [3.75741777229e-16, 9.6930215319e-17, -2.65735160656e-13, 8.77147882323e-14, 7.39792688914e-12, 9.17616134986e-13, -1.89642017367e-11, -9.29215593359e-11, -3.30356130906e-13, -1.93490167465e-12, -1.15670840961e-10, 2.29672753255e-13, 4.0257985205e-14, -3.99522775973e-12, 1.13712208052e-13, -6.471976427e-11, -4.30842098109e-11, -4.25004337279e-11, -8.4532879828e-13, -1.17153129645e-12, -5.46182543637e-12, -3.40953881881e-13, -2.43266998478e-14, -4.88118185736e-14, -5.77295559311e-15, -1.45979494471e-17, -1.25988344387e-19], [1.03330025692e-15, -5.75315873907e-15, -1.98370752333e-13, -2.67346474819e-13, 9.17616134986e-13, 1.1733908116e-11, 1.94040946505e-11, 1.12674633512e-10, 2.06086384937e-12, -3.861569918e-12, 1.15150694535e-10, 7.43639904429e-13, 9.50833942831e-12, -1.0633663004e-12, 2.70670882626e-13, 4.11776272802e-11, -5.95986107688e-11, 1.07493333679e-10, 1.91883770158e-12, 1.87618735652e-12, 1.28951745115e-11, 2.61255318594e-13, 2.25723828057e-14, 6.77711128861e-14, 1.95754396308e-14, 1.02103561689e-16, 1.96105043133e-18], [-4.41218615192e-14, -2.25495091891e-13, -1.97371632926e-11, -7.0778096925e-12, -1.89642017367e-11, 1.94040946505e-11, 5.09464559428e-09, 2.05577599388e-08, -7.29281218748e-11, -3.36749489405e-10, 1.92453875059e-08, -3.59662404026e-11, -1.45676179453e-10, 7.85309817175e-10, -3.32622297761e-12, 1.39810296673e-08, 8.66618599105e-09, 1.38849225451e-08, 8.03849653508e-10, 1.83874471205e-10, 1.76349179704e-09, 6.13987402587e-11, 9.61184951076e-12, 1.63142225423e-11, 1.32203135158e-12, 1.08709580644e-14, 4.50088850095e-16], [-1.83051300897e-13, -1.05213179748e-12, -8.64971774761e-11, -3.51736487159e-11, -9.29215593359e-11, 1.12674633512e-10, 2.05577599388e-08, 8.57520561226e-08, -2.27848642731e-10, -5.02497432553e-10, 8.11728497752e-08, 2.61223529786e-12, -5.48410983292e-10, 3.16062753747e-09, -1.29567450519e-11, 5.7988849278e-08, 3.36126149136e-08, 5.6121162828e-08, 3.31370575424e-09, 7.57293339149e-10, 7.44455164181e-09, 2.52350362828e-10, 3.9104823546e-11, 6.79250475311e-11, 5.61088415313e-12, 4.52648003444e-14, 1.79851437427e-15], [4.929037186e-15, 1.81813301258e-14, 1.16819856739e-12, 5.10135390961e-13, -3.30356130906e-13, 2.06086384937e-12, -7.29281218748e-11, -2.27848642731e-10, 3.54040720352e-11, 1.10731840364e-10, -3.03507108335e-10, 2.50145095609e-11, 6.32199084749e-11, -1.26495428715e-11, 2.98703905577e-13, -2.32158597901e-10, -2.30430133308e-10, -2.43801673294e-10, -7.17354604537e-12, -3.01524235267e-12, -3.12758673127e-11, -1.22572861149e-12, -2.63243067752e-13, -2.9548396065e-13, -2.50837914486e-14, -2.07337174815e-16, -1.66998104205e-17], [-1.37936213202e-15, -2.78144223826e-14, 3.57259035723e-12, -1.61924325944e-12, -1.93490167465e-12, -3.861569918e-12, -3.36749489405e-10, -5.02497432553e-10, 1.10731840364e-10, 1.70724445692e-09, -1.426021079e-09, 2.15481493759e-10, 7.28721805121e-11, -5.22667950587e-11, 1.59199064521e-12, -1.35182154359e-09, -1.07009867634e-09, -1.41309297597e-09, -1.57705272452e-11, -2.37436043049e-11, -1.6498365174e-10, -5.58135742484e-12, -1.45175386469e-12, -1.40937879856e-12, -1.16893121701e-13, -1.01259644234e-15, -2.89098135162e-17], [-1.42647449842e-13, -1.85657977707e-12, -1.06698636038e-10, -4.10536396545e-11, -1.15670840961e-10, 1.15150694535e-10, 1.92453875059e-08, 8.11728497752e-08, -3.03507108335e-10, -1.426021079e-09, 1.18346328293e-07, -5.42866272768e-11, -6.95578539212e-10, 5.43620970461e-09, -2.44994181192e-11, 7.38147463153e-08, 4.70616470238e-08, 9.74605782744e-08, 3.6967011674e-09, 1.30124144793e-09, 9.63012070088e-09, 3.26097981951e-10, 6.35006214278e-11, 8.30300897481e-11, 7.11173828161e-12, 6.45978767439e-14, 4.41289342443e-15], [-3.1008428302e-16, 5.24333485972e-14, 5.42928820391e-13, 3.57236077742e-13, 2.29672753255e-13, 7.43639904429e-13, -3.59662404026e-11, 2.61223529786e-12, 2.50145095609e-11, 2.15481493759e-10, -5.42866272768e-11, 6.2489104169e-11, 5.31108906854e-11, -7.62331951037e-12, 3.97952070602e-13, -1.54368295924e-10, -1.59227936392e-10, -1.17154869139e-10, 4.31691444744e-12, -1.74711590681e-12, -1.40450828051e-11, -6.21738500527e-13, -2.02547668308e-13, -1.35091495824e-13, -6.88543596054e-15, -8.2778326326e-17, -2.70796267801e-18], [9.35263287172e-15, -1.75924853569e-13, 6.21651547513e-13, 3.46516672506e-14, 4.0257985205e-14, 9.50833942831e-12, -1.45676179453e-10, -5.48410983292e-10, 6.32199084749e-11, 7.28721805121e-11, -6.95578539212e-10, 5.31108906854e-11, 7.40691286083e-10, -2.47238843981e-11, 1.76105094049e-12, -5.77163594695e-10, -4.37629849026e-10, -7.08164304974e-10, -7.71268725969e-12, 3.63389613539e-12, -7.11088896099e-11, -2.34648541916e-12, -6.24364600819e-13, -5.95896758587e-13, -4.99328192455e-14, -4.37969290927e-16, -3.60572859747e-17], [-2.24004639165e-14, 8.02388212297e-15, -7.39944997635e-12, -3.73402741019e-12, -3.99522775973e-12, -1.0633663004e-12, 7.85309817175e-10, 3.16062753747e-09, -1.26495428715e-11, -5.22667950587e-11, 5.43620970461e-09, -7.62331951037e-12, -2.47238843981e-11, 6.93568258381e-10, -1.46314124011e-12, 4.62308680227e-09, 3.5339007276e-09, 7.73841790647e-09, 2.50987203243e-10, 9.36315955324e-11, 5.43933065256e-10, 1.44577310193e-11, 5.1426111633e-12, 3.81736049021e-12, 3.05866524599e-13, 3.75696169799e-15, 5.01834463419e-16], [2.81661827777e-16, 9.16861178756e-16, 2.76373975788e-14, -1.67510455376e-14, 1.13712208052e-13, 2.70670882626e-13, -3.32622297761e-12, -1.29567450519e-11, 2.98703905577e-13, 1.59199064521e-12, -2.44994181192e-11, 3.97952070602e-13, 1.76105094049e-12, -1.46314124011e-12, 8.89808585429e-14, -1.7756768278e-11, -1.82405930638e-11, -2.93237448212e-11, -9.35361814045e-13, -3.55255375898e-13, -2.21324239318e-12, -9.27673329864e-14, -2.28078952345e-14, -2.2478811076e-14, -1.42401633257e-15, -1.70427379958e-17, -1.65728706633e-18], [-2.05610769838e-13, -2.56875114712e-13, -9.06404951095e-11, -3.41555152217e-11, -6.471976427e-11, 4.11776272802e-11, 1.39810296673e-08, 5.7988849278e-08, -2.32158597901e-10, -1.35182154359e-09, 7.38147463153e-08, -1.54368295924e-10, -5.77163594695e-10, 4.62308680227e-09, -1.7756768278e-11, 6.76388651755e-08, 4.02626127993e-08, 7.2267553719e-08, 3.30515925739e-09, 1.09015851901e-09, 7.18099402164e-09, 2.49569309663e-10, 5.88172080485e-11, 6.04791355885e-11, 4.81307051506e-12, 4.76628929196e-14, 3.95188303739e-15], [-2.11698334644e-13, -2.89485167608e-12, -6.06751177079e-11, -5.38479243833e-12, -4.30842098109e-11, -5.95986107688e-11, 8.66618599105e-09, 3.36126149136e-08, -2.30430133308e-10, -1.07009867634e-09, 4.70616470238e-08, -1.59227936392e-10, -4.37629849026e-10, 3.5339007276e-09, -1.82405930638e-11, 4.02626127993e-08, 6.45523314802e-08, 5.17350358109e-08, 1.70784419939e-09, 1.25793619965e-09, 4.42508607534e-09, 1.58579233078e-10, 5.66272861935e-11, 3.45572633009e-11, 2.9886544628e-12, 3.095298269e-14, 5.82472921146e-15], [-3.68510262453e-13, -2.67466084003e-12, -1.08067922666e-10, -4.58448799756e-11, -4.25004337279e-11, 1.07493333679e-10, 1.38849225451e-08, 5.6121162828e-08, -2.43801673294e-10, -1.41309297597e-09, 9.74605782744e-08, -1.17154869139e-10, -7.08164304974e-10, 7.73841790647e-09, -2.93237448212e-11, 7.2267553719e-08, 5.17350358109e-08, 1.91182166986e-07, 4.30649338412e-09, 1.84487902732e-09, 8.33904323372e-09, 2.60405502717e-10, 8.75044342541e-11, 6.25298909873e-11, 5.72079059472e-12, 7.09627465839e-14, 6.92838476613e-15], [-7.08452131391e-15, -1.17622095196e-14, -5.24674834829e-12, -1.86730210287e-12, -8.4532879828e-13, 1.91883770158e-12, 8.03849653508e-10, 3.31370575424e-09, -7.17354604537e-12, -1.57705272452e-11, 3.6967011674e-09, 4.31691444744e-12, -7.71268725969e-12, 2.50987203243e-10, -9.35361814045e-13, 3.30515925739e-09, 1.70784419939e-09, 4.30649338412e-09, 3.07180586523e-10, 5.3651721954e-11, 4.32181013199e-10, 1.39913497454e-11, 3.01337101972e-12, 3.63742694819e-12, 2.66217115626e-13, 2.59548809786e-15, 1.74905143533e-16], [-5.3481927105e-15, -7.12158196997e-14, -1.54851153601e-12, -5.77711977649e-13, -1.17153129645e-12, 1.87618735652e-12, 1.83874471205e-10, 7.57293339149e-10, -3.01524235267e-12, -2.37436043049e-11, 1.30124144793e-09, -1.74711590681e-12, 3.63389613539e-12, 9.36315955324e-11, -3.55255375898e-13, 1.09015851901e-09, 1.25793619965e-09, 1.84487902732e-09, 5.3651721954e-11, 4.19588877532e-11, 1.22810414616e-10, 3.80998184391e-12, 1.46991793737e-12, 8.52479653708e-13, 8.86807513816e-14, 9.32819702998e-16, 1.30842754314e-16], [-1.79125276081e-14, 1.25970767021e-13, -9.82507651626e-12, -2.47458542373e-12, -5.46182543637e-12, 1.28951745115e-11, 1.76349179704e-09, 7.44455164181e-09, -3.12758673127e-11, -1.6498365174e-10, 9.63012070088e-09, -1.40450828051e-11, -7.11088896099e-11, 5.43933065256e-10, -2.21324239318e-12, 7.18099402164e-09, 4.42508607534e-09, 8.33904323372e-09, 4.32181013199e-10, 1.22810414616e-10, 1.21613763504e-09, 2.85737926375e-11, 7.00039852475e-12, 8.25608678645e-12, 6.94154260981e-13, 6.08451082825e-15, 4.72283230895e-16], [-2.76113206108e-16, -4.05849695688e-15, -4.00572126467e-13, -1.60921108253e-13, -3.40953881881e-13, 2.61255318594e-13, 6.13987402587e-11, 2.52350362828e-10, -1.22572861149e-12, -5.58135742484e-12, 3.26097981951e-10, -6.21738500527e-13, -2.34648541916e-12, 1.44577310193e-11, -9.27673329864e-14, 2.49569309663e-10, 1.58579233078e-10, 2.60405502717e-10, 1.39913497454e-11, 3.80998184391e-12, 2.85737926375e-11, 2.09642459642e-12, 2.29556228627e-13, 3.03410671153e-13, 2.16545226574e-14, 1.92849642399e-16, 1.25372357461e-17], [-2.54415398372e-16, -1.9424663531e-15, -8.76171219453e-14, -2.34595549502e-14, -2.43266998478e-14, 2.25723828057e-14, 9.61184951076e-12, 3.9104823546e-11, -2.63243067752e-13, -1.45175386469e-12, 6.35006214278e-11, -2.02547668308e-13, -6.24364600819e-13, 5.1426111633e-12, -2.28078952345e-14, 5.88172080485e-11, 5.66272861935e-11, 8.75044342541e-11, 3.01337101972e-12, 1.46991793737e-12, 7.00039852475e-12, 2.29556228627e-13, 8.67865756473e-14, 5.71805989602e-14, 4.66665729565e-15, 5.27751123889e-17, 6.9098730993e-18], [-8.7952943245e-17, -6.94799897869e-16, -9.92060166655e-14, -2.69505538085e-14, -4.88118185736e-14, 6.77711128861e-14, 1.63142225423e-11, 6.79250475311e-11, -2.9548396065e-13, -1.40937879856e-12, 8.30300897481e-11, -1.35091495824e-13, -5.95896758587e-13, 3.81736049021e-12, -2.2478811076e-14, 6.04791355885e-11, 3.45572633009e-11, 6.25298909873e-11, 3.63742694819e-12, 8.52479653708e-13, 8.25608678645e-12, 3.03410671153e-13, 5.71805989602e-14, 8.68875894085e-14, 6.02876674296e-15, 5.79107161615e-17, 2.97378771441e-18], [-9.05464323981e-18, -1.16745849671e-16, -7.85249262939e-15, -2.8902079179e-15, -5.77295559311e-15, 1.95754396308e-14, 1.32203135158e-12, 5.61088415313e-12, -2.50837914486e-14, -1.16893121701e-13, 7.11173828161e-12, -6.88543596054e-15, -4.99328192455e-14, 3.05866524599e-13, -1.42401633257e-15, 4.81307051506e-12, 2.9886544628e-12, 5.72079059472e-12, 2.66217115626e-13, 8.86807513816e-14, 6.94154260981e-13, 2.16545226574e-14, 4.66665729565e-15, 6.02876674296e-15, 6.21413069198e-16, 4.86807164221e-18, 3.44723074186e-19], [-1.21699929899e-19, -1.03922195193e-18, -7.95324894547e-17, -2.32812547663e-17, -1.45979494471e-17, 1.02103561689e-16, 1.08709580644e-14, 4.52648003444e-14, -2.07337174815e-16, -1.01259644234e-15, 6.45978767439e-14, -8.2778326326e-17, -4.37969290927e-16, 3.75696169799e-15, -1.70427379958e-17, 4.76628929196e-14, 3.095298269e-14, 7.09627465839e-14, 2.59548809786e-15, 9.32819702998e-16, 6.08451082825e-15, 1.92849642399e-16, 5.27751123889e-17, 5.79107161615e-17, 4.86807164221e-18, 5.47105076584e-20, 5.40204637364e-21], [-2.09475961493e-20, -1.38968307463e-19, -7.18329268769e-18, 5.90117835127e-19, -1.25988344387e-19, 1.96105043133e-18, 4.50088850095e-16, 1.79851437427e-15, -1.66998104205e-17, -2.89098135162e-17, 4.41289342443e-15, -2.70796267801e-18, -3.60572859747e-17, 5.01834463419e-16, -1.65728706633e-18, 3.95188303739e-15, 5.82472921146e-15, 6.92838476613e-15, 1.74905143533e-16, 1.30842754314e-16, 4.72283230895e-16, 1.25372357461e-17, 6.9098730993e-18, 2.97378771441e-18, 3.44723074186e-19, 5.40204637364e-21, 1.86740284395e-21]]
    },
    "mfcc": {
        "kurt": [-0.983511209488, 0.182155847549, -1.31748771667, -0.988715410233, -0.492507219315, -0.12503528595, 0.144552469254, 5.36251926422, 0.71272611618, -0.0375065803528, 0.0281224250793, -0.662471294403, -0.0382463932037],
        "max": [-788.358886719, 149.13180542, 18.4632263184, 55.9759597778, 11.6195831299, 1.35010528564, 34.6459579468, 47.5087966919, 12.2264595032, 6.25873756409, 16.4921989441, 41.6388702393, 26.9533843994],
        "mean": [-921.555480957, 109.41532135, -38.3138465881, 6.41398906708, -12.2430458069, -25.815120697, -4.73741817474, 0.686177551746, -10.7090444565, -11.4483737946, -6.47466087341, 1.89731383324, -2.37428450584],
        "median": [-962.778076172, 118.080833435, -17.6970024109, -1.46027755737, -10.3524398804, -23.6690750122, -2.28165817261, -0.223190307617, -10.4748191833, -11.2048606873, -7.53712081909, -4.67419052124, -4.12104797363],
        "min": [-1136.82214355, 2.14970016479, -122.31741333, -30.1563491821, -42.9202651978, -74.6295928955, -45.4669456482, -19.0126609802, -37.3479995728, -36.8219223022, -28.4792079926, -21.8566055298, -28.8217887878],
        "skew": [0.645529091358, -0.849985718727, -0.534902393818, 0.597664773464, -0.454347550869, -0.543510019779, -0.16924726963, 1.73882317543, -0.243022173643, -0.320150077343, 0.438528358936, 0.797228097916, 0.176922753453],
        "var": [5626.85351562, 568.132324219, 1929.13012695, 485.173614502, 117.093826294, 196.664154053, 227.364486694, 103.846839905, 73.7849655151, 67.6622543335, 67.0693664551, 263.21572876, 108.09954834],
        "cov": [[5647.16699219, -1314.29333496, -3175.03710938, 1406.28149414, -534.919250488, -746.678161621, -731.844787598, 44.7107810974, 170.534606934, -321.807922363, 9.0049238205, 1090.34851074, 446.331542969], [-1314.29333496, 570.183349609, 796.926086426, -453.312744141, 130.225112915, 128.496337891, 257.275909424, 43.1133537292, -78.7135696411, 99.1401062012, 53.6127929688, -293.22164917, -154.341888428], [-3175.03710938, 796.926086426, 1936.09448242, -780.731506348, 281.027404785, 452.943206787, 367.309295654, -40.7537384033, -58.6408462524, 188.360488892, -28.0688362122, -606.960571289, -221.292251587], [1406.28149414, -453.312744141, -780.731506348, 486.925140381, -113.311080933, -172.699783325, -241.662399292, -33.5248184204, 68.9752807617, -89.5021591187, -31.4336643219, 291.102508545, 146.938735962], [-534.919250488, 130.225112915, 281.027404785, -113.311080933, 117.516548157, 95.4771118164, 62.8055114746, -17.1384792328, -28.7664775848, 37.7049331665, -2.4321949482, -111.761550903, -45.8965568542], [-746.678161621, 128.496337891, 452.943206787, -172.699783325, 95.4771118164, 197.374130249, 71.136756897, -35.6215171814, 2.58260941505, 45.3471488953, -32.6020889282, -141.380203247, -42.6018943787], [-731.844787598, 257.275909424, 367.309295654, -241.662399292, 62.8055114746, 71.136756897, 228.185302734, 67.350227356, -70.744468689, 45.6852035522, 43.5942153931, -173.706176758, -119.72480011], [44.7107810974, 43.1133537292, -40.7537384033, -33.5248184204, -17.1384792328, -35.6215171814, 67.350227356, 104.221740723, -6.83627080917, -16.5319423676, 27.2870883942, -12.2346048355, -35.2346687317], [170.534606934, -78.7135696411, -58.6408462524, 68.9752807617, -28.7664775848, 2.58260941505, -70.744468689, -6.83627080917, 74.0513381958, -1.46049332619, -26.4449768066, 53.374130249, 48.2911376953], [-321.807922363, 99.1401062012, 188.360488892, -89.5021591187, 37.7049331665, 45.3471488953, 45.6852035522, -16.5319423676, -1.46049332619, 67.9065246582, 17.2488040924, -68.1599807739, -21.5763339996], [9.0049238205, 53.6127929688, -28.0688362122, -31.4336643219, -2.4321949482, -32.6020889282, 43.5942153931, 27.2870883942, -26.4449768066, 17.2488040924, 67.3114929199, 1.82286381721, -29.6000576019], [1090.34851074, -293.22164917, -606.960571289, 291.102508545, -111.761550903, -141.380203247, -173.706176758, -12.2346048355, 53.374130249, -68.1599807739, 1.82286381721, 264.165985107, 117.842529297], [446.331542969, -154.341888428, -221.292251587, 146.938735962, -45.8965568542, -42.6018943787, -119.72480011, -35.2346687317, 48.2911376953, -21.5763339996, -29.6000576019, 117.842529297, 108.4897995]]
    },
    "sccoeffs": {
        "kurt": [0.0989646911621, -0.66407752037, -0.788303375244, -1.17745566368, -1.12138223648, -0.802061319351],
        "max": [-0.60805529356, -0.46384754777, -0.530058562756, -0.52281075716, -0.508752942085, -0.609001159668],
        "mean": [-0.743268430233, -0.758332788944, -0.781925261021, -0.766404926777, -0.767691671848, -0.774739027023],
        "median": [-0.744424700737, -0.804615736008, -0.836133897305, -0.836819052696, -0.840825676918, -0.816034436226],
        "min": [-0.874156713486, -0.969926953316, -0.94460362196, -0.918158590794, -0.912169992924, -0.872591197491],
        "skew": [0.245127663016, 0.750035583973, 0.84442961216, 0.717198550701, 0.73369717598, 0.959487020969],
        "var": [0.00173230841756, 0.0141651779413, 0.0125771649182, 0.0156670268625, 0.016182910651, 0.00630276603624],
        "cov": [[0.00173856224865, -0.000434401561506, -0.000364032690413, -0.00023553041683, -0.000113705893455, -0.000179213355295], [-0.000434401561506, 0.0142163150012, 0.0117973741144, 0.0130309797823, 0.0133943045512, 0.0082027791068], [-0.000364032690413, 0.0117973741144, 0.0126225696877, 0.0128159383312, 0.0131489280611, 0.00814302172512], [-0.00023553041683, 0.0130309797823, 0.0128159383312, 0.0157235860825, 0.0152844656259, 0.00930010993034], [-0.000113705893455, 0.0133943045512, 0.0131489280611, 0.0152844656259, 0.0162413325161, 0.00939883757383], [-0.000179213355295, 0.0082027791068, 0.00814302172512, 0.00930010993034, 0.00939883757383, 0.00632551964372]]
    },
    "scvalleys": {
        "kurt": [6.21851158142, 6.28493118286, 20.6121788025, 34.5788803101, 19.727273941, 5.90723133087],
        "max": [-8.19430732727, -7.31752967834, -7.26923418045, -8.47866153717, -9.27511692047, -11.7225818634],
        "mean": [-9.21259784698, -8.2344045639, -8.45794773102, -9.53285980225, -10.1773681641, -12.9614887238],
        "median": [-9.19523429871, -8.22574996948, -8.47256088257, -9.53818511963, -10.1939229965, -13.1017541885],
        "min": [-12.026515007, -10.7029008865, -11.9326505661, -12.74127388, -13.2453184128, -15.8245220184],
        "skew": [-1.17050683498, -1.08597552776, -2.01197266579, -3.31404280663, -2.07266688347, -0.491354882717],
        "var": [0.178584352136, 0.135914683342, 0.15745447576, 0.103558674455, 0.122528105974, 0.182850301266],
        "cov": [[0.179229065776, 0.0300604403019, 0.0567982345819, 0.0443116500974, 0.0217514373362, 0.00289244251326], [0.0300604403019, 0.136405348778, 0.0493353903294, 0.0472649745643, 0.0501694604754, 0.0520507991314], [0.0567982345819, 0.0493353903294, 0.158022895455, 0.0757432505488, 0.0754434168339, 0.0365323349833], [0.0443116500974, 0.0472649745643, 0.0757432505488, 0.103932537138, 0.0627036094666, 0.0324687547982], [0.0217514373362, 0.0501694604754, 0.0754434168339, 0.0627036094666, 0.122970446944, 0.0987736880779], [0.00289244251326, 0.0520507991314, 0.0365323349833, 0.0324687547982, 0.0987736880779, 0.183510407805]]
    }
},
"rhythm": {
    "beats_loudness": {
        "kurt": -0.895902395248,
        "max": 0.00439199572429,
        "mean": 0.00127311563119,
        "median": 0.000404432881624,
        "min": 2.4080665753e-05,
        "skew": 0.897886872292,
        "var": 2.60327442447e-06
    },
    "bpm": 106.455711365,
    "confidence": 4,
    "first_peak_bpm": {
        "kurt": 0,
        "max": 105,
        "mean": 105,
        "median": 105,
        "min": 105,
        "skew": 0,
        "var": 0
    },
    "first_peak_spread": {
        "kurt": 0,
        "max": 0.25,
        "mean": 0.25,
        "median": 0.25,
        "min": 0.25,
        "skew": 0,
        "var": 0
    },
    "first_peak_weight": {
        "kurt": 0,
        "max": 0.600000023842,
        "mean": 0.600000023842,
        "median": 0.600000023842,
        "min": 0.600000023842,
        "skew": 0,
        "var": 0
    },
    "onset_rate": 1.24670922756,
    "second_peak_bpm": {
        "kurt": 0,
        "max": 110,
        "mean": 110,
        "median": 110,
        "min": 110,
        "skew": 0,
        "var": 0
    },
    "second_peak_spread": {
        "kurt": 0,
        "max": 0.5,
        "mean": 0.5,
        "median": 0.5,
        "min": 0.5,
        "skew": 0,
        "var": 0
    },
    "second_peak_weight": {
        "kurt": 0,
        "max": 0.10000000149,
        "mean": 0.10000000149,
        "median": 0.10000000149,
        "min": 0.10000000149,
        "skew": 0,
        "var": 0
    },
    "beats_loudness_band_ratio": {
        "kurt": [-0.51845407486, -0.54477596283, 1.0644993782, -0.33496427536, -0.832877874374, -1.29082596302],
        "max": [0.324461340904, 0.216818898916, 0.720933556557, 0.692375361919, 0.676353037357, 0.0421224571764],
        "mean": [0.0827888175845, 0.0633524134755, 0.303134173155, 0.313260227442, 0.232006207108, 0.0214347988367],
        "median": [0.0045522027649, 0.0123822968453, 0.263089388609, 0.249694794416, 0.117311120033, 0.0154235120863],
        "min": [0.000221545138629, 0.000797408749349, 0.0732396021485, 0.0535394698381, 0.0247416049242, 0.00885027553886],
        "skew": [0.95748013258, 0.972917020321, 1.19809675217, 0.703131079674, 0.890758931637, 0.473781198263],
        "var": [0.0122367888689, 0.00582148693502, 0.0280324220657, 0.0326165817678, 0.0564689002931, 0.000130190514028],
        "cov": [[0.0134604675695, 0.00779064977542, -0.00100200227462, -0.00312699144706, -0.0148914633319, -0.000375211937353], [0.00779064977542, 0.00640363525599, 0.00239461986348, -0.00455026933923, -0.010658307001, -6.04377419222e-07], [-0.00100200227462, 0.00239461986348, 0.0308356638998, -0.0097772590816, -0.0219084527344, -0.000266953429673], [-0.00312699144706, -0.00455026933923, -0.0097772590816, 0.0358782410622, -0.0183492135257, -0.000681449659169], [-0.0148914633319, -0.010658307001, -0.0219084527344, -0.0183492135257, 0.0621157884598, 0.00124276638962], [-0.000375211937353, -6.04377419222e-07, -0.000266953429673, -0.000681449659169, 0.00124276638962, 0.00014320955961]]
    },
    "beats_position": [0.522448956966, 1.06811785698, 1.62539684772, 2.15945577621, 2.72834467888, 3.29723358154, 3.86612248421, 4.43501138687, 4.99229001999, 5.56117916107, 6.13006782532],
    "bpm_estimates": [109.956787109, 107.666000366, 105.46875, 105.46875, 105.46875, 105.46875, 107.666069031, 105.468704224, 105.468788147],
    "bpm_intervals": [0.545668900013, 0.557278990746, 0.53405892849, 0.568888902664, 0.568888902664, 0.568888902664, 0.568888902664, 0.557278633118, 0.568889141083, 0.568888664246],
    "onset_times": [0.0116099771112, 0.255419492722, 1.38158726692, 2.55419492722, 3.05342411995, 3.14630389214, 3.62231302261, 4.71365070343],
    "histogram": [[0, 0, 0, 0, 0, 0, 0, 0, 0, 0, 0, 0, 0, 0, 0, 0, 0, 0, 0, 0, 0, 0, 0, 0, 0, 0, 0, 0, 0, 0, 0, 0, 0, 0, 0, 0, 0, 0, 0, 0, 0, 0, 0, 0, 0, 0, 0, 0, 0, 0, 0, 0, 0, 0, 0, 0, 0, 0, 0, 0, 0, 0, 0, 0, 0, 0, 0, 0, 0, 0, 0, 0, 0, 0, 0, 0, 0, 0, 0, 0, 0, 0, 0, 0, 0, 0, 0, 0, 0, 0, 0, 0, 0, 0, 0, 0, 0, 0, 0, 0, 0, 0, 0, 0, 0, 0.600000023842, 0, 0, 0.20000000298, 0, 0.10000000149, 0, 0.10000000149, 0, 0, 0, 0, 0, 0, 0, 0, 0, 0, 0, 0, 0, 0, 0, 0, 0, 0, 0, 0, 0, 0, 0, 0, 0, 0, 0, 0, 0, 0, 0, 0, 0, 0, 0, 0, 0, 0, 0, 0, 0, 0, 0, 0, 0, 0, 0, 0, 0, 0, 0, 0, 0, 0, 0, 0, 0, 0, 0, 0, 0, 0, 0, 0, 0, 0, 0, 0, 0, 0, 0, 0, 0, 0, 0, 0, 0, 0, 0, 0, 0, 0, 0, 0, 0, 0, 0, 0, 0, 0, 0, 0, 0, 0, 0, 0, 0, 0, 0, 0, 0, 0, 0, 0, 0, 0, 0, 0, 0, 0, 0, 0, 0, 0, 0, 0, 0, 0, 0, 0, 0, 0, 0, 0, 0, 0, 0, 0, 0, 0, 0, 0, 0, 0, 0, 0, 0]]
},
"sfx": {
    "inharmonicity": {
        "kurt": 0.865746736526,
        "max": 0.392337977886,
        "mean": 0.0772302225232,
        "median": 0.0420089066029,
        "min": 0,
        "skew": 1.27457523346,
        "var": 0.00769375404343
    },
    "oddtoevenharmonicenergyratio": {
        "kurt": 37.270149231,
        "max": 19.641740799,
        "mean": 1.35672008991,
        "median": 0.824814200401,
        "min": 0,
        "skew": 5.15781164169,
        "var": 3.96766400337
    },
    "pitch_after_max_to_before_max_energy_ratio": 0.589790344238,
    "pitch_centroid": 117.140319824,
    "pitch_max_to_total": 0.45323741436,
    "pitch_min_to_total": 0.784172654152,
    "tristimulus": {
        "kurt": [7.14902496338, 1.54092168808, 1.23221111298],
        "max": [1, 0.768112957478, 0.890318334103],
        "mean": [0.207352817059, 0.392430633307, 0.400216430426],
        "median": [0.196599066257, 0.393549829721, 0.384696245193],
        "min": [0, 0, 0],
        "skew": [2.12152099609, -0.087591893971, 0.339856624603],
        "var": [0.0253138914704, 0.0153209427372, 0.0218046586961],
        "cov": [[0.0254052784294, -0.00944908056408, -0.0159562062472], [-0.00944908056408, 0.0153762530535, -0.00592716690153], [-0.0159562062472, -0.00592716690153, 0.0218833759427]]
    }
},
"tonal": {
    "chords_changes_rate": 0.121428571641,
    "chords_number_rate": 0.0428571440279,
    "chords_strength": {
        "kurt": -0.566289901733,
        "max": 0.510816395283,
        "mean": 0.432021647692,
        "median": 0.437173843384,
        "min": 0.306839942932,
        "skew": -0.476555556059,
        "var": 0.00229175761342
    },
    "key_strength": 0.59145796299,
    "tuning_diatonic_strength": 0.432676583529,
    "tuning_equal_tempered_deviation": 0.203208953142,
    "tuning_frequency": 434.444000244,
    "tuning_nontempered_energy_ratio": 0.802863419056,
    "hpcp": {
        "kurt": [3.56426286697, 1.35296010971, 0.268005847931, 1.99325418472, 6.3505153656, 9.45875263214, 11.9895048141, 5.05413722992, -0.52375793457, -1.52695786953, -0.273342370987, 0.950372934341, 1.60788822174, 1.25356578827, 2.09925460815, 3.23660993576, 2.06325435638, 3.58806943893, 1.87342166901, 3.19595623016, 0.639951229095, 1.32958889008, 6.2777338028, 3.83796358109, 4.15625667572, 5.35447311401, 5.60778617859, 5.89251995087, 6.13037776947, 3.53395366669, 3.83433055878, 1.61234807968, 6.14227962494, 4.68321037292, 4.72956562042, 2.35175418854],
        "max": [0.86816328764, 1, 1, 1, 1, 0.918151915073, 1, 0.913384020329, 1, 1, 1, 1, 1, 1, 1, 1, 1, 1, 0.702886164188, 0.978879153728, 1, 0.941286325455, 1, 1, 1, 1, 1, 1, 1, 1, 1, 0.580031573772, 1, 1, 1, 0.81163841486],
