{
"metadata": {
    "version": {
        "essentia": "2.1-beta3"
    }
},
"lowLevel": {
    "average_loudness": 0.779683828354,
    "barkbands_kurtosis": {
        "kurt": 2.8740029335,
        "max": 5.24186992645,
        "mean": 0.767615199089,
        "median": 0.544523835182,
        "min": -1.38717198372,
        "skew": 1.28004848957,
        "var": 1.40298354626
    },
    "barkbands_skewness": {
        "kurt": -0.0732314586639,
        "max": 2.2268178463,
        "mean": 0.745992004871,
        "median": 0.991712093353,
        "min": -1.1632848978,
        "skew": -0.940966546535,
        "var": 0.693599402905
    },
    "barkbands_spread": {
        "kurt": -0.829154729843,
        "max": 23.0979194641,
        "mean": 14.9110851288,
        "median": 15.0116996765,
        "min": 7.01893138885,
        "skew": -0.0262801237404,
        "var": 16.3611621857
    },
    "dissonance": {
        "kurt": 19.7361507416,
        "max": 0.499888271093,
        "mean": 0.460409760475,
        "median": 0.463839113712,
        "min": 0.238827839494,
        "skew": -3.35226154327,
        "var": 0.00110174564179
    },
    "hfc": {
        "kurt": 2.90077972412,
        "max": 1.42333638668,
        "mean": 0.175212591887,
        "median": 0.00692563503981,
        "min": 0.000112242611067,
        "skew": 2.13484382629,
        "var": 0.153353393078
    },
    "pitch": {
        "kurt": -1.36401569843,
        "max": 514.5546875,
        "mean": 314.073059082,
        "median": 267.749328613,
        "min": 99.4622192383,
        "skew": 0.29940789938,
        "var": 21038.4394531
    },
    "pitch_instantaneous_confidence": {
        "kurt": -0.565704345703,
        "max": 0.865100085735,
        "mean": 0.39875805378,
        "median": 0.304189532995,
        "min": 0.133945703506,
        "skew": 0.95929735899,
        "var": 0.0520619489253
    },
    "pitch_salience": {
        "kurt": -0.382473468781,
        "max": 0.818714261055,
        "mean": 0.687825143337,
        "median": 0.709431052208,
        "min": 0.421107858419,
        "skew": -0.620019316673,
        "var": 0.00883437413722
    },
    "silence_rate_20dB": {
        "kurt": 0,
        "max": 1,
        "mean": 1,
        "median": 1,
        "min": 1,
        "skew": 0,
        "var": 0
    },
    "silence_rate_30dB": {
        "kurt": 0,
        "max": 1,
        "mean": 1,
        "median": 1,
        "min": 1,
        "skew": 0,
        "var": 0
    },
    "silence_rate_60dB": {
        "kurt": 0,
        "max": 1,
        "mean": 1,
        "median": 1,
        "min": 1,
        "skew": 0,
        "var": 0
    },
    "spectral_centroid": {
        "kurt": 0.359278678894,
        "max": 1899.9251709,
        "mean": 905.938476562,
        "median": 787.339782715,
        "min": 478.823028564,
        "skew": 1.21148097515,
        "var": 115281.742188
    },
    "spectral_complexity": {
        "kurt": 4.37887859344,
        "max": 6,
        "mean": 0.588888883591,
        "median": 0,
        "min": 0,
        "skew": 2.42552995682,
        "var": 2.19765138626
    },
    "spectral_crest": {
        "kurt": -0.201487064362,
        "max": 17.189409256,
        "mean": 8.50448894501,
        "median": 7.23281669617,
        "min": 4.04210424423,
        "skew": 0.988742113113,
        "var": 13.4460697174
    },
    "spectral_decrease": {
        "kurt": 3.02063179016,
        "max": -4.37951270301e-14,
        "mean": -2.7431274266e-11,
        "median": -2.69833005766e-12,
        "min": -2.10529732536e-10,
        "skew": -2.1745865345,
        "var": 3.48682639144e-21
    },
    "spectral_energy": {
        "kurt": 3.00044107437,
        "max": 0.00092368881451,
        "mean": 0.000119424155855,
        "median": 1.0794073205e-05,
        "min": 1.7547242237e-07,
        "skew": 2.16844725609,
        "var": 6.67283046596e-08
    },
    "spectral_energyband_high": {
        "kurt": 6.98528575897,
        "max": 8.15814655653e-06,
        "mean": 7.30109775304e-07,
        "median": 1.00604353293e-07,
        "min": 2.21387064236e-09,
        "skew": 2.74350667,
        "var": 2.62961375765e-12
    },
    "spectral_energyband_low": {
        "kurt": 1.87207841873,
        "max": 2.3565939955e-06,
        "mean": 5.89006901919e-07,
        "median": 4.31001950574e-07,
        "min": 3.92137664562e-08,
        "skew": 1.56184625626,
        "var": 2.26915843971e-13
    },
    "spectral_energyband_middle_high": {
        "kurt": 3.01344871521,
        "max": 0.000813098973595,
        "mean": 9.82086494332e-05,
        "median": 2.84509792436e-06,
        "min": 4.45149908046e-08,
        "skew": 2.16599035263,
        "var": 5.04367356768e-08
    },
    "spectral_energyband_middle_low": {
        "kurt": 3.93397760391,
        "max": 0.00013976613991,
        "mean": 2.07612374652e-05,
        "median": 7.12211658538e-06,
        "min": 1.06103371422e-07,
        "skew": 2.32893705368,
        "var": 1.17814669132e-09
    },
    "spectral_flatness_db": {
        "kurt": 0.968908786774,
        "max": 0.2921269238,
        "mean": 0.175398126245,
        "median": 0.161262333393,
        "min": 0.116862148046,
        "skew": 1.4337143898,
        "var": 0.00209931121208
    },
    "spectral_flux": {
        "kurt": 9.87999916077,
        "max": 0.0148810241371,
        "mean": 0.00295210140757,
        "median": 0.00204802746885,
        "min": 0.00128240208142,
        "skew": 3.11214804649,
        "var": 6.60645582684e-06
    },
    "spectral_kurtosis": {
        "kurt": 1.78736925125,
        "max": 22.7663173676,
        "mean": 11.5144300461,
        "median": 10.7465457916,
        "min": 5.18196582794,
        "skew": 1.32663357258,
        "var": 10.7460918427
    },
    "spectral_rms": {
        "kurt": 2.03726053238,
        "max": 0.000949294364545,
        "mean": 0.00021628808463,
        "median": 0.000102619618701,
        "min": 1.30840589918e-05,
        "skew": 1.93553125858,
        "var": 6.97308522035e-08
    },
    "spectral_rolloff": {
        "kurt": 0.625456571579,
        "max": 3036.18164062,
        "mean": 1458.51574707,
        "median": 1302.75878906,
        "min": 818.26171875,
        "skew": 1.00372934341,
        "var": 199410.734375
    },
    "spectral_skewness": {
        "kurt": 0.439151763916,
        "max": 3.16210246086,
        "mean": 2.5505027771,
        "median": 2.56437730789,
        "min": 1.7196341753,
        "skew": -0.205154240131,
        "var": 0.0714396759868
    },
    "spectral_spread": {
        "kurt": -0.151248693466,
        "max": 5016985.5,
        "mean": 3230881,
        "median": 3383941.5,
        "min": 1917620.25,
        "skew": -0.419436812401,
        "var": 382006427648
    },
    "spectral_strongpeak": {
        "kurt": 2.05907917023,
        "max": 1.36488330364,
        "mean": 0.208419233561,
        "median": 0.0120530053973,
        "min": 0.00032203036244,
        "skew": 1.95547366142,
        "var": 0.182646155357
    },
    "zerocrossingrate": {
        "kurt": 0.891033411026,
        "max": 0.0966796875,
        "mean": 0.051535371691,
        "median": 0.048583984375,
        "min": 0.00732421875,
        "skew": 0.563473582268,
        "var": 0.000211515231058
    },
    "barkbands": {
        "kurt": [5.49269580841, 1.48693561554, 5.34188270569, 2.48697328568, 1.78433084488, 3.62959432602, 4.12226915359, 4.52539825439, 7.92427921295, 4.29574155807, 4.29661417007, 2.85564422607, 26.8721370697, 3.17911577225, 60.9763870239, 4.78919696808, 15.5512428284, 5.72118473053, 6.60211086273, 9.27959346771, 5.67712211609, 4.78303480148, 4.37217569351, 3.23878860474, 4.8318104744, 6.13207530975, 10.952381134],
        "max": [9.36210131641e-09, 3.59164971542e-07, 1.31568276629e-06, 2.12046279557e-06, 7.84915482654e-06, 1.03023039628e-05, 8.03025322966e-05, 4.71242638014e-05, 2.8603562896e-06, 4.77103858429e-05, 7.9768084106e-05, 2.06061531571e-06, 1.97301869775e-06, 0.000509185774717, 6.27914414508e-06, 0.000131153617986, 4.06042563554e-05, 6.56267875456e-05, 7.31035970603e-06, 6.92280445946e-06, 9.32428349643e-07, 1.35777793275e-06, 3.60508465747e-07, 1.66853801886e-08, 1.82868431509e-09, 1.17507850672e-10, 6.8273123266e-11],
        "mean": [1.48946255329e-09, 9.07295714114e-08, 2.41718197458e-07, 4.81153506371e-07, 2.36448272517e-06, 2.05442893275e-06, 8.9365103122e-06, 5.53256268176e-06, 5.46923502043e-07, 4.92707431476e-06, 9.23052539292e-06, 5.87295289733e-07, 2.36241248786e-07, 6.08155751252e-05, 2.76800619758e-07, 1.29801737785e-05, 2.51863730227e-06, 6.03158059675e-06, 7.39845404496e-07, 5.35002186552e-07, 1.26052910332e-07, 1.31032365402e-07, 3.5549099664e-08, 2.35431563134e-09, 5.72115410602e-10, 4.43090251989e-11, 6.17440777326e-12],
        "median": [8.37099722872e-10, 6.5935047644e-08, 1.48099530861e-07, 3.24776578964e-07, 1.96270207198e-06, 1.24135965507e-06, 9.41914265695e-07, 6.75800265526e-07, 4.02396267418e-07, 4.85524708438e-07, 6.05742854987e-07, 5.29907367763e-07, 1.75299277316e-07, 2.35663094372e-07, 1.52721781888e-07, 1.73141756932e-07, 1.10406773501e-07, 1.36646363558e-07, 1.29799630599e-07, 7.24322006818e-08, 4.0818836311e-08, 1.10857705238e-08, 1.6842025552e-09, 5.90864912553e-10, 4.74747463564e-10, 3.97101067307e-11, 1.84513537262e-12],
        "min": [8.33458128902e-12, 6.25076168603e-09, 1.37869724526e-08, 2.49468605773e-08, 4.68896672601e-08, 5.85290216293e-09, 5.30841548496e-09, 2.55065013555e-09, 8.28115798157e-09, 1.05122559546e-08, 1.04721724625e-08, 3.79015974161e-09, 4.10793132843e-09, 1.41704925571e-09, 3.2513258752e-09, 4.39796687957e-09, 1.77088887998e-09, 4.02509403585e-09, 2.28690977266e-09, 9.92034565606e-10, 1.07864261967e-09, 4.26158164313e-10, 5.4672974481e-11, 1.91667862137e-11, 1.58543352058e-11, 1.39302035618e-12, 8.50597478737e-13],
        "skew": [1.96837306023, 1.35556602478, 2.21494841576, 1.67311251163, 1.32192087173, 1.99480569363, 2.36753225327, 2.46029114723, 2.38797712326, 2.35416674614, 2.41771101952, 1.58318519592, 4.52145719528, 2.23429870605, 7.50381755829, 2.44271564484, 3.80800461769, 2.61797571182, 2.65381240845, 2.99973654747, 2.59278678894, 2.49800014496, 2.45190382004, 2.17828512192, 2.18620491028, 2.09517097473, 3.40876722336],
        "var": [2.49977744785e-18, 5.7093518891e-15, 6.24396096893e-14, 2.11173716317e-13, 2.3701214602e-12, 4.38182433046e-12, 3.66682656461e-10, 1.45333731161e-10, 1.92065398416e-13, 1.16056012023e-10, 4.28479890457e-10, 1.38877936386e-13, 5.97101917064e-14, 2.23994405246e-08, 4.76215041793e-13, 9.54640144712e-10, 4.43972705821e-11, 2.22285634344e-10, 2.16952324161e-12, 1.48603254268e-12, 4.63087379587e-14, 9.90008449568e-14, 7.70569927853e-15, 1.77388501859e-17, 9.82998757115e-20, 2.73575422074e-22, 1.72214772715e-22],
        "cov": [[2.52786477914e-18, 3.9742665944e-18, -2.63365505835e-17, -6.22586487763e-17, -1.83886948556e-16, -1.81379638388e-16, -1.49275739729e-15, -2.57295178044e-16, 4.61252221561e-17, 5.33164888649e-16, -1.65170980022e-15, -9.99326245166e-18, 4.9326705603e-17, -1.83673826067e-14, 2.25468523856e-16, -1.268489225e-15, 1.69218622252e-15, 2.01413780771e-17, 1.03639503737e-16, -1.81774130749e-16, -3.76622876783e-17, -4.63485344517e-17, -1.49822145463e-17, -4.43858654347e-19, 3.06876313023e-21, 1.58159578644e-21, 5.8277090538e-22], [3.9742665944e-18, 5.77350192936e-15, -1.68224989077e-15, -3.80683838605e-15, -5.62282281486e-15, 4.24951686253e-14, 5.05147898337e-13, 2.7195555378e-13, 7.95377659406e-15, 2.65069541837e-13, 5.09848782117e-13, 5.41204501868e-15, 6.4515302043e-15, 3.98902222018e-12, 1.16100434388e-14, 8.42405897643e-13, 1.6438924061e-13, 3.59028751824e-13, 3.75893604708e-14, 2.41768393906e-14, 3.93593044238e-15, 7.4403814544e-15, 2.46535186166e-15, 9.5490947523e-17, 9.79795352851e-18, 2.38470742226e-19, 1.8812878864e-19], [-2.63365505835e-17, -1.68224989077e-15, 6.31411765863e-14, 5.02080880127e-14, 1.6367686896e-14, -1.68529266605e-14, -6.17684939655e-13, -2.86565232264e-13, -1.44262196183e-14, -3.14947747786e-13, -6.0562492521e-13, -1.06594336087e-14, -7.07736600309e-15, -4.949462281e-12, -1.40823869222e-14, -9.36390938747e-13, -2.36047834924e-13, -3.61224071488e-13, -4.54180523214e-14, -4.87219856474e-14, -8.15237193887e-15, -8.92152782992e-15, -2.91549058082e-15, -1.36379649872e-16, -8.78335364149e-18, -2.20786318664e-19, -3.11243766073e-19], [-6.22586487763e-17, -3.80683838605e-15, 5.02080880127e-14, 2.13546452114e-13, 4.7424659821e-14, -3.47306988128e-14, -6.87094586956e-13, -3.03841912568e-13, -2.10288583828e-14, -4.36197898548e-13, -8.46076735148e-13, -5.84918347617e-15, -1.02595027675e-14, -7.07920441018e-12, -2.62239130422e-14, -5.2750197873e-13, -1.65663191715e-13, -4.646154338e-13, -8.13944791016e-14, -5.62639432928e-14, -1.03003873538e-14, -1.48798125378e-14, -4.85337766206e-15, -1.42542423368e-16, -8.27332152041e-18, 9.46566168646e-20, -2.39279776564e-19], [-1.83886948556e-16, -5.62282281486e-15, 1.6367686896e-14, 4.7424659821e-14, 2.39675206765e-12, 7.1491938888e-13, 2.60734793131e-12, 8.8021322002e-13, -8.60384354907e-14, 6.0086901817e-13, 2.41084235908e-12, -4.57622729587e-14, 1.35743136905e-14, 1.39540028837e-11, -5.06563378484e-14, 8.30939104416e-13, -2.23902317585e-13, 3.78992681422e-13, -9.69366121119e-14, 8.70477531744e-14, 3.83065669842e-14, 1.58141796641e-14, 1.41078186629e-15, 3.96731835997e-16, 8.13324477025e-17, 4.35651316611e-19, -2.72444833592e-19], [-1.81379638388e-16, 4.24951686253e-14, -1.68529266605e-14, -3.47306988128e-14, 7.1491938888e-13, 4.4310583848e-12, 3.53368515005e-11, 2.12721871368e-11, 1.37195796716e-13, 1.89110706261e-11, 3.73047495672e-11, 3.11600165158e-13, 1.31041024928e-13, 2.73769590331e-10, 3.10748144881e-13, 4.68710174839e-11, 7.69451950072e-12, 2.41538750806e-11, 2.09315073954e-12, 1.9427745003e-12, 3.5221974534e-13, 5.4016318328e-13, 1.51472421845e-13, 7.4596734768e-15, 4.5170355959e-16, 2.44180904412e-17, 2.0247071907e-17], [-1.49275739729e-15, 5.05147898337e-13, -6.17684939655e-13, -6.87094586956e-13, 2.60734793131e-12, 3.53368515005e-11, 3.7080266635e-10, 2.27380100859e-10, 1.0406030421e-12, 1.93004320859e-10, 3.92587434783e-10, 3.26182592221e-12, 7.79429038672e-13, 2.81531176149e-09, 1.55358159063e-12, 4.61169546995e-10, 6.68324146025e-11, 2.52923459954e-10, 2.06495064103e-11, 1.88366093556e-11, 3.51241778718e-12, 5.75687110829e-12, 1.57218606623e-12, 7.68448076439e-14, 4.3455022126e-15, 2.39151811723e-16, 1.97533562544e-16], [-2.57295178044e-16, 2.7195555378e-13, -2.86565232264e-13, -3.03841912568e-13, 8.8021322002e-13, 2.12721871368e-11, 2.27380100859e-10, 1.46966688819e-10, 2.78971290513e-13, 1.24764226728e-10, 2.45253983788e-10, 1.95446350076e-12, 3.66048554315e-13, 1.73597003439e-09, 9.8603417098e-13, 2.79609529974e-10, 4.23341119105e-11, 1.68255284705e-10, 1.25312486082e-11, 1.1215154673e-11, 2.04791739122e-12, 3.56654874904e-12, 9.51019319718e-13, 4.81420865629e-14, 2.46443854839e-15, 1.56762161024e-16, 1.32054117308e-16], [4.61252221561e-17, 7.95377659406e-15, -1.44262196183e-14, -2.10288583828e-14, -8.60384354907e-14, 1.37195796716e-13, 1.0406030421e-12, 2.78971290513e-13, 1.94223435078e-13, 7.83559306848e-13, 9.14635446374e-13, 5.52805346529e-14, 5.31807298123e-14, 9.42303700346e-12, 1.34561171884e-13, 4.73982224997e-12, 1.37189630316e-12, 9.56163316926e-13, 3.41074933054e-13, 1.60944323732e-13, 2.47680700819e-14, 2.38254765716e-14, 7.40398953085e-15, 4.25183619756e-16, 6.46657443588e-17, 7.87872524555e-19, 4.05772699855e-19], [5.33164888649e-16, 2.65069541837e-13, -3.14947747786e-13, -4.36197898548e-13, 6.0086901817e-13, 1.89110706261e-11, 1.93004320859e-10, 1.24764226728e-10, 7.83559306848e-13, 1.17360010599e-10, 2.08683764713e-10, 1.84227936725e-12, 9.07454829596e-13, 1.50243195662e-09, 2.69642229551e-12, 2.63400856682e-10, 5.12437141331e-11, 1.5073242654e-10, 1.21577877973e-11, 9.61538921401e-12, 1.83665886319e-12, 2.99035145604e-12, 7.91616121612e-13, 4.30132919029e-14, 2.47132259691e-15, 1.3721515523e-16, 1.16317502462e-16], [-1.65170980022e-15, 5.09848782117e-13, -6.0562492521e-13, -8.46076735148e-13, 2.41084235908e-12, 3.73047495672e-11, 3.92587434783e-10, 2.45253983788e-10, 9.14635446374e-13, 2.08683764713e-10, 4.33294261581e-10, 3.60855572853e-12, 7.35743931057e-13, 3.06513903148e-09, 1.57624943913e-12, 4.97294427859e-10, 6.48739395537e-11, 2.81434014981e-10, 2.04788425801e-11, 1.9816292704e-11, 3.67557807107e-12, 6.29481839917e-12, 1.71868227115e-12, 8.47610555962e-14, 4.4640762373e-15, 2.56402272969e-16, 2.14289462428e-16], [-9.99326245166e-18, 5.41204501868e-15, -1.06594336087e-14, -5.84918347617e-15, -4.57622729587e-14, 3.11600165158e-13, 3.26182592221e-12, 1.95446350076e-12, 5.52805346529e-14, 1.84227936725e-12, 3.60855572853e-12, 1.40438374363e-13, 2.23454050809e-14, 2.61522088707e-11, 4.06398784796e-14, 4.66786375178e-12, 7.35430379789e-13, 2.35680398808e-12, 3.02883965738e-13, 1.57796329172e-13, 3.70354551334e-14, 6.28219468091e-14, 1.68454355012e-14, 7.93085948239e-16, 5.51892026107e-17, 1.94400513404e-18, 1.28078236884e-18], [4.9326705603e-17, 6.4515302043e-15, -7.07736600309e-15, -1.02595027675e-14, 1.35743136905e-14, 1.31041024928e-13, 7.79429038672e-13, 3.66048554315e-13, 5.31807298123e-14, 9.07454829596e-13, 7.35743931057e-13, 2.23454050809e-14, 6.03810892345e-14, 7.90644719834e-12, 1.4441591911e-13, 2.99889193339e-12, 1.18933714873e-12, 6.29143438735e-13, 1.75087957912e-13, 1.05729498507e-13, 1.87661928233e-14, 1.0653837262e-14, 4.16465474913e-15, 2.80288602081e-16, 4.94752837846e-17, 9.81164833073e-19, 7.40927956841e-19], [-1.83673826067e-14, 3.98902222018e-12, -4.949462281e-12, -7.07920441018e-12, 1.39540028837e-11, 2.73769590331e-10, 2.81531176149e-09, 1.73597003439e-09, 9.42303700346e-12, 1.50243195662e-09, 3.06513903148e-09, 2.61522088707e-11, 7.90644719834e-12, 2.26511183143e-08, 1.34820904441e-11, 3.78245790245e-09, 5.24032428562e-10, 1.9934944806e-09, 1.5794342223e-10, 1.5325003766e-10, 2.79964211536e-11, 4.51778024713e-11, 1.28647214409e-11, 6.13618747827e-13, 3.53262510661e-14, 1.91277297786e-15, 1.61599613831e-15], [2.25468523856e-16, 1.16100434388e-14, -1.40823869222e-14, -2.62239130422e-14, -5.06563378484e-14, 3.10748144881e-13, 1.55358159063e-12, 9.8603417098e-13, 1.34561171884e-13, 2.69642229551e-12, 1.57624943913e-12, 4.06398784796e-14, 1.4441591911e-13, 1.34820904441e-11, 4.81565796354e-13, 6.90597318914e-12, 3.47215940895e-12, 1.83853930344e-12, 4.32512207472e-13, 2.08030072118e-13, 3.55933646001e-14, 1.53479778122e-14, 4.48651159897e-15, 6.15545566094e-16, 1.11724241313e-16, 2.39656536654e-18, 1.86482595824e-18], [-1.268489225e-15, 8.42405897643e-13, -9.36390938747e-13, -5.2750197873e-13, 8.30939104416e-13, 4.68710174839e-11, 4.61169546995e-10, 2.79609529974e-10, 4.73982224997e-12, 2.63400856682e-10, 4.97294427859e-10, 4.66786375178e-12, 2.99889193339e-12, 3.78245790245e-09, 6.90597318914e-12, 9.65366453443e-10, 1.40869385601e-10, 3.78358067099e-10, 3.32497467059e-11, 2.98722158121e-11, 4.84839989337e-12, 6.62530186962e-12, 2.06910421956e-12, 1.10039900098e-13, 6.92854273778e-15, 3.22498133198e-16, 2.89658401135e-16], [1.69218622252e-15, 1.6438924061e-13, -2.36047834924e-13, -1.65663191715e-13, -2.23902317585e-13, 7.69451950072e-12, 6.68324146025e-11, 4.23341119105e-11, 1.37189630316e-12, 5.12437141331e-11, 6.48739395537e-11, 7.35430379789e-13, 1.18933714873e-12, 5.24032428562e-10, 3.47215940895e-12, 1.40869385601e-10, 4.48961180732e-11, 6.17575435236e-11, 7.84856121067e-12, 4.83140740956e-12, 7.46914845511e-13, 8.98639398571e-13, 2.50532477793e-13, 1.65857894096e-14, 1.47549814807e-15, 6.33305027966e-17, 5.40332276308e-17], [2.01413780771e-17, 3.59028751824e-13, -3.61224071488e-13, -4.646154338e-13, 3.78992681422e-13, 2.41538750806e-11, 2.52923459954e-10, 1.68255284705e-10, 9.56163316926e-13, 1.5073242654e-10, 2.81434014981e-10, 2.35680398808e-12, 6.29143438735e-13, 1.9934944806e-09, 1.83853930344e-12, 3.78358067099e-10, 6.17575435236e-11, 2.24783233693e-10, 1.58963502084e-11, 1.281797498e-11, 2.18888579137e-12, 4.01036365574e-12, 1.06431432677e-12, 5.86563200897e-14, 2.73130898391e-15, 1.80526517392e-16, 1.55830874768e-16], [1.03639503737e-16, 3.75893604708e-14, -4.54180523214e-14, -8.13944791016e-14, -9.69366121119e-14, 2.09315073954e-12, 2.06495064103e-11, 1.25312486082e-11, 3.41074933054e-13, 1.21577877973e-11, 2.04788425801e-11, 3.02883965738e-13, 1.75087957912e-13, 1.5794342223e-10, 4.32512207472e-13, 3.32497467059e-11, 7.84856121067e-12, 1.58963502084e-11, 2.19389979274e-12, 1.42110672188e-12, 2.39540836168e-13, 3.37048477236e-13, 9.15823881033e-14, 4.74338789276e-15, 3.54125364066e-16, 1.58289215844e-17, 1.29355306556e-17], [-1.81774130749e-16, 2.41768393906e-14, -4.87219856474e-14, -5.62639432928e-14, 8.70477531744e-14, 1.9427745003e-12, 1.88366093556e-11, 1.1215154673e-11, 1.60944323732e-13, 9.61538921401e-12, 1.9816292704e-11, 1.57796329172e-13, 1.05729498507e-13, 1.5325003766e-10, 2.08030072118e-13, 2.98722158121e-11, 4.83140740956e-12, 1.281797498e-11, 1.42110672188e-12, 1.5027295814e-12, 2.28015279184e-13, 3.0337632905e-13, 9.07364732395e-14, 4.31266613336e-15, 2.86863324758e-16, 1.51479203297e-17, 1.29799411555e-17], [-3.76622876783e-17, 3.93593044238e-15, -8.15237193887e-15, -1.03003873538e-14, 3.83065669842e-14, 3.5221974534e-13, 3.51241778718e-12, 2.04791739122e-12, 2.47680700819e-14, 1.83665886319e-12, 3.67557807107e-12, 3.70354551334e-14, 1.87661928233e-14, 2.79964211536e-11, 3.55933646001e-14, 4.84839989337e-12, 7.46914845511e-13, 2.18888579137e-12, 2.39540836168e-13, 2.28015279184e-13, 4.68290601338e-14, 5.60123778956e-14, 1.5987580861e-14, 7.88180039288e-16, 5.46086045387e-17, 2.12480386168e-18, 1.75194703069e-18], [-4.63485344517e-17, 7.4403814544e-15, -8.92152782992e-15, -1.48798125378e-14, 1.58141796641e-14, 5.4016318328e-13, 5.75687110829e-12, 3.56654874904e-12, 2.38254765716e-14, 2.99035145604e-12, 6.29481839917e-12, 6.28219468091e-14, 1.0653837262e-14, 4.51778024713e-11, 1.53479778122e-14, 6.62530186962e-12, 8.98639398571e-13, 4.01036365574e-12, 3.37048477236e-13, 3.0337632905e-13, 5.60123778956e-14, 1.00113209281e-13, 2.67458123926e-14, 1.26182339334e-15, 6.80034776875e-17, 3.75820329609e-18, 3.05184771484e-18], [-1.49822145463e-17, 2.46535186166e-15, -2.91549058082e-15, -4.85337766206e-15, 1.41078186629e-15, 1.51472421845e-13, 1.57218606623e-12, 9.51019319718e-13, 7.40398953085e-15, 7.91616121612e-13, 1.71868227115e-12, 1.68454355012e-14, 4.16465474913e-15, 1.28647214409e-11, 4.48651159897e-15, 2.06910421956e-12, 2.50532477793e-13, 1.06431432677e-12, 9.15823881033e-14, 9.07364732395e-14, 1.5987580861e-14, 2.67458123926e-14, 7.79227959827e-15, 3.42213883836e-16, 2.02475500174e-17, 1.05729905364e-18, 8.78679533322e-19], [-4.43858654347e-19, 9.5490947523e-17, -1.36379649872e-16, -1.42542423368e-16, 3.96731835997e-16, 7.4596734768e-15, 7.68448076439e-14, 4.81420865629e-14, 4.25183619756e-16, 4.30132919029e-14, 8.47610555962e-14, 7.93085948239e-16, 2.80288602081e-16, 6.13618747827e-13, 6.15545566094e-16, 1.10039900098e-13, 1.65857894096e-14, 5.86563200897e-14, 4.74338789276e-15, 4.31266613336e-15, 7.88180039288e-16, 1.26182339334e-15, 3.42213883836e-16, 1.79381626632e-17, 9.9118374805e-19, 5.23299917154e-20, 4.39847022247e-20], [3.06876313023e-21, 9.79795352851e-18, -8.78335364149e-18, -8.27332152041e-18, 8.13324477025e-17, 4.5170355959e-16, 4.3455022126e-15, 2.46443854839e-15, 6.46657443588e-17, 2.47132259691e-15, 4.4640762373e-15, 5.51892026107e-17, 4.94752837846e-17, 3.53262510661e-14, 1.11724241313e-16, 6.92854273778e-15, 1.47549814807e-15, 2.73130898391e-15, 3.54125364066e-16, 2.86863324758e-16, 5.46086045387e-17, 6.80034776875e-17, 2.02475500174e-17, 9.9118374805e-19, 9.94043686244e-20, 3.17127213388e-21, 2.36207240028e-21], [1.58159578644e-21, 2.38470742226e-19, -2.20786318664e-19, 9.46566168646e-20, 4.35651316611e-19, 2.44180904412e-17, 2.39151811723e-16, 1.56762161024e-16, 7.87872524555e-19, 1.3721515523e-16, 2.56402272969e-16, 1.94400513404e-18, 9.81164833073e-19, 1.91277297786e-15, 2.39656536654e-18, 3.22498133198e-16, 6.33305027966e-17, 1.80526517392e-16, 1.58289215844e-17, 1.51479203297e-17, 2.12480386168e-18, 3.75820329609e-18, 1.05729905364e-18, 5.23299917154e-20, 3.17127213388e-21, 2.76649303788e-22, 1.964279305e-22], [5.8277090538e-22, 1.8812878864e-19, -3.11243766073e-19, -2.39279776564e-19, -2.72444833592e-19, 2.0247071907e-17, 1.97533562544e-16, 1.32054117308e-16, 4.05772699855e-19, 1.16317502462e-16, 2.14289462428e-16, 1.28078236884e-18, 7.40927956841e-19, 1.61599613831e-15, 1.86482595824e-18, 2.89658401135e-16, 5.40332276308e-17, 1.55830874768e-16, 1.29355306556e-17, 1.29799411555e-17, 1.75194703069e-18, 3.05184771484e-18, 8.78679533322e-19, 4.39847022247e-20, 2.36207240028e-21, 1.964279305e-22, 1.74149766474e-22]]
    },
    "mfcc": {
        "kurt": [0.854733467102, 23.7867698669, 0.39876127243, 0.99006152153, 1.69909906387, 0.440189361572, -0.523835897446, 0.58594417572, 0.0825238227844, -0.0708017349243, 0.238908290863, -0.607718467712, -0.0994157791138],
        "max": [-851.54498291, 121.313972473, 26.5123023987, 12.0930519104, 19.4632263184, 6.39691925049, 10.1324806213, 2.70040893555, -0.701118469238, 6.96687507629, 13.8973579407, 4.68196868896, 13.8988189697],
        "mean": [-986.572021484, 103.767250061, -13.6542491913, -6.43868541718, -4.10608196259, -12.7404985428, -5.72372913361, -8.06478404999, -14.8236398697, -9.45701122284, -7.67015647888, -8.40746974945, -1.70553338528],
        "median": [-1010.55847168, 104.900146484, 0.301422119141, -6.58152389526, -3.3264465332, -12.298866272, -4.61060714722, -7.43927001953, -14.9902420044, -9.73904418945, -9.23245239258, -8.25629425049, -1.39926528931],
        "min": [-1124.88171387, 17.8397331238, -96.401763916, -23.823223114, -33.7221031189, -33.8086662292, -22.8787689209, -25.5068130493, -32.0455932617, -24.1337356567, -22.8059749603, -21.6425552368, -14.3640556335],
        "skew": [1.28847372532, -3.75880742073, -1.3622276783, 0.239037543535, -0.40394872427, -0.242974817753, -0.312426120043, -0.680151998997, -0.0351603515446, 0.239129573107, 0.822854459286, 0.0756208896637, 0.00863959454],
        "var": [3290.9934082, 152.665206909, 1267.71801758, 43.8540000916, 69.1202011108, 59.2425308228, 49.0330085754, 33.448299408, 37.4050750732, 36.7447471619, 67.1758575439, 38.3099975586, 28.92619133],
        "cov": [[3327.97094727, 411.593933105, -1979.71923828, 18.1982307434, -152.535644531, -281.004882812, -237.047866821, -184.499084473, -141.904556274, 94.1805343628, 311.070343018, 130.999984741, 30.8161239624], [411.593933105, 154.38053894, -169.489929199, -22.9841194153, -8.85223960876, -42.4099082947, -39.6680908203, -18.6224403381, -22.4419136047, -7.76521158218, 23.4831962585, 17.8820228577, 12.6916875839], [-1979.71923828, -169.489929199, 1281.96203613, -17.994102478, 66.0252075195, 186.225418091, 146.233398438, 104.86164856, 67.1758728027, -75.7078552246, -191.235626221, -79.588394165, -20.9279079437], [18.1982307434, -22.9841194153, -17.994102478, 44.3467407227, 17.994726181, -1.24180519581, 9.49935531616, -4.43113803864, -2.9081530571, 9.07911109924, 2.00215125084, -8.55364894867, -5.48055791855], [-152.535644531, -8.85223960876, 66.0252075195, 17.994726181, 69.8968353271, 3.8210477829, -0.501669228077, 19.4171009064, 17.467748642, -0.678915739059, -14.6060886383, -2.829818964, 4.33033323288], [-281.004882812, -42.4099082947, 186.225418091, -1.24180519581, 3.8210477829, 59.9081764221, 35.946975708, 15.7994718552, 9.73749828339, -11.9143276215, -23.9399433136, -8.55074119568, -9.62165927887], [-237.047866821, -39.6680908203, 146.233398438, 9.49935531616, -0.501669228077, 35.946975708, 49.5839385986, 18.0288105011, 5.98644399643, -5.92373895645, -28.0156269073, -17.8539962769, -6.58226966858], [-184.499084473, -18.6224403381, 104.86164856, -4.43113803864, 19.4171009064, 15.7994718552, 18.0288105011, 33.8241233826, 18.6177539825, -4.33084344864, -6.82179117203, -2.49726963043, 0.0740655586123], [-141.904556274, -22.4419136047, 67.1758728027, -2.9081530571, 17.467748642, 9.73749828339, 5.98644399643, 18.6177539825, 37.8253555298, 18.2166194916, -10.8503704071, -4.8179192543, -0.789749741554], [94.1805343628, -7.76521158218, -75.7078552246, 9.07911109924, -0.678915739059, -11.9143276215, -5.92373895645, -4.33084344864, 18.2166194916, 37.1576118469, 19.3057022095, -0.823798716068, 1.2972458601], [311.070343018, 23.4831962585, -191.235626221, 2.00215125084, -14.6060886383, -23.9399433136, -28.0156269073, -6.82179117203, -10.8503704071, 19.3057022095, 67.9306411743, 32.1086387634, 2.01236605644], [130.999984741, 17.8820228577, -79.588394165, -8.55364894867, -2.829818964, -8.55074119568, -17.8539962769, -2.49726963043, -4.8179192543, -0.823798716068, 32.1086387634, 38.740447998, 15.3405847549], [30.8161239624, 12.6916875839, -20.9279079437, -5.48055791855, 4.33033323288, -9.62165927887, -6.58226966858, 0.0740655586123, -0.789749741554, 1.2972458601, 2.01236605644, 15.3405847549, 29.251203537]]
    },
    "sccoeffs": {
        "kurt": [-0.346545934677, 0.741147279739, 1.04564380646, 0.800177097321, 0.604796171188, 1.47267007828],
        "max": [-0.650255858898, -0.592223167419, -0.627599656582, -0.539497792721, -0.668632030487, -0.716975986958],
        "mean": [-0.759554564953, -0.812560677528, -0.84239679575, -0.815900087357, -0.841976165771, -0.817318320274],
        "median": [-0.762793183327, -0.833098769188, -0.870085120201, -0.857365608215, -0.872912049294, -0.829869389534],
        "min": [-0.887929439545, -0.922219336033, -0.952081561089, -0.934358239174, -0.911363720894, -0.862348914146],
        "skew": [-0.115679323673, 1.22738683224, 1.48167777061, 1.50707757473, 1.38884806633, 1.64901983738],
        "var": [0.00238225213252, 0.00659138290212, 0.0060331504792, 0.0112917199731, 0.00449958909303, 0.00140703632496],
        "cov": [[0.00240901904181, -0.000506758049596, -0.000630297872704, -0.00102652085479, -0.000758824462537, -0.000211471546208], [-0.000506758049596, 0.00666544353589, 0.00565273361281, 0.00784520898014, 0.00490760523826, 0.00259245955385], [-0.000630297872704, 0.00565273361281, 0.00610093865544, 0.00790885463357, 0.00486826617271, 0.0026393502485], [-0.00102652085479, 0.00784520898014, 0.00790885463357, 0.0114185931161, 0.00691636698321, 0.00362774403766], [-0.000758824462537, 0.00490760523826, 0.00486826617271, 0.00691636698321, 0.00455014640465, 0.00217088195495], [-0.000211471546208, 0.00259245955385, 0.0026393502485, 0.00362774403766, 0.00217088195495, 0.0014228457585]]
    },
    "scvalleys": {
        "kurt": [-0.55370426178, 9.30741500854, 6.76748943329, 5.67491722107, 5.52472782135, 21.9627437592],
        "max": [-8.79022598267, -7.93027877808, -8.36574935913, -8.71231269836, -9.29836559296, -12.678853035],
        "mean": [-9.53761100769, -8.76207351685, -9.01938247681, -9.828083992, -10.5852956772, -13.3351993561],
        "median": [-9.51483917236, -8.73534202576, -8.99373912811, -9.83680534363, -10.6374492645, -13.3541469574],
        "min": [-10.4316797256, -10.9796562195, -10.6023654938, -11.4666509628, -12.3510665894, -14.9746141434],
        "skew": [-0.239808872342, -1.95820808411, -1.52713406086, -0.365313410759, 0.134198188782, -2.85202050209],
        "var": [0.144319042563, 0.156058594584, 0.0916276276112, 0.121006183326, 0.152673825622, 0.0586381927133],
        "cov": [[0.145940601826, 0.0188764985651, 0.0394745022058, 0.0326756983995, 0.035395488143, 0.0279880668968], [0.0188764985651, 0.157812058926, 0.0543425269425, 0.0756989941001, 0.0754887983203, 0.0617989972234], [0.0394745022058, 0.0543425269425, 0.0926571562886, 0.0647435113788, 0.0711672529578, 0.0495957620442], [0.0326756983995, 0.0756989941001, 0.0647435113788, 0.122365802526, 0.11669973284, 0.0719239115715], [0.035395488143, 0.0754887983203, 0.0711672529578, 0.11669973284, 0.154389262199, 0.0830597952008], [0.0279880668968, 0.0617989972234, 0.0495957620442, 0.0719239115715, 0.0830597952008, 0.0592970475554]]
    }
},
"rhythm": {
    "beats_loudness": {
        "kurt": 0.882547616959,
        "max": 0.000741914904211,
        "mean": 0.000156413501827,
        "median": 1.11022218334e-05,
        "min": 6.74670263834e-06,
        "skew": 1.6351480484,
        "var": 7.15934334039e-08
    },
    "bpm": 198.768051147,
    "confidence": 0,
    "first_peak_bpm": {
        "kurt": 0,
        "max": 199,
        "mean": 199,
        "median": 199,
        "min": 199,
        "skew": 0,
        "var": 0
    },
    "first_peak_spread": {
        "kurt": 0,
        "max": 0,
        "mean": 0,
        "median": 0,
        "min": 0,
        "skew": 0,
        "var": 0
    },
    "first_peak_weight": {
        "kurt": 0,
        "max": 0.600000023842,
        "mean": 0.600000023842,
        "median": 0.600000023842,
        "min": 0.600000023842,
        "skew": 0,
        "var": 0
    },
    "onset_rate": 1.45958828926,
    "second_peak_bpm": {
        "kurt": 0,
        "max": 207,
        "mean": 207,
        "median": 207,
        "min": 207,
        "skew": 0,
        "var": 0
    },
    "second_peak_spread": {
        "kurt": 0,
        "max": 0,
        "mean": 0,
        "median": 0,
        "min": 0,
        "skew": 0,
        "var": 0
    },
    "second_peak_weight": {
        "kurt": 0,
        "max": 0.40000000596,
        "mean": 0.40000000596,
        "median": 0.40000000596,
        "min": 0.40000000596,
        "skew": 0,
        "var": 0
    },
    "beats_loudness_band_ratio": {
        "kurt": [0.168258190155, -1.55502724648, -0.484045028687, 0.137179136276, 0.670674324036, -1.06007516384],
        "max": [0.329285353422, 0.334207653999, 0.440239459276, 0.695643424988, 0.441350996494, 0.0511884838343],
        "mean": [0.104750595987, 0.174367249012, 0.262222498655, 0.304508239031, 0.164639130235, 0.0272295009345],
        "median": [0.0725701898336, 0.18762665987, 0.257177948952, 0.267817556858, 0.125860959291, 0.0236220434308],
        "min": [0.00173229491338, 0.017941987142, 0.150160729885, 0.116007134318, 0.0440759770572, 0.012123468332],
        "skew": [1.2132768631, -0.0830764397979, 0.715098679066, 1.14763736725, 1.46298694611, 0.565611004829],
        "var": [0.0119534628466, 0.0140767134726, 0.00896571110934, 0.0367491431534, 0.0166586320847, 0.000189903425053],
        "cov": [[0.0143441557884, 0.00648654252291, 0.00127135496587, -0.0159451626241, -0.00662647094578, 0.00168904813472], [0.00648654252291, 0.0168920569122, 0.0111953215674, -0.0203678719699, -0.0137828271836, 0.000749635859393], [0.00127135496587, 0.0111953215674, 0.0107588535175, -0.0143153965473, -0.00810048542917, 0.00010378123261], [-0.0159451626241, -0.0203678719699, -0.0143153965473, 0.0440989695489, 0.00728965550661, -0.0019175397465], [-0.00662647094578, -0.0137828271836, -0.00810048542917, 0.00728965550661, 0.0199903585017, -0.000734144938178], [0.00168904813472, 0.000749635859393, 0.00010378123261, -0.0019175397465, -0.000734144938178, 0.000227884112974]]
    },
    "beats_position": [0.255419492722, 0.545668900013, 0.847528338432, 1.13777780533, 1.43963718414, 1.74149656296],
    "bpm_estimates": [198.768005371, 198.768051147, 198.768051147],
    "bpm_intervals": [0.290249407291, 0.301859438419, 0.290249466896, 0.301859378815, 0.301859378815],
    "onset_times": [0.0116099771112, 0.174149662256, 0.476009070873],
    "histogram": [[0, 0, 0, 0, 0, 0, 0, 0, 0, 0, 0, 0, 0, 0, 0, 0, 0, 0, 0, 0, 0, 0, 0, 0, 0, 0, 0, 0, 0, 0, 0, 0, 0, 0, 0, 0, 0, 0, 0, 0, 0, 0, 0, 0, 0, 0, 0, 0, 0, 0, 0, 0, 0, 0, 0, 0, 0, 0, 0, 0, 0, 0, 0, 0, 0, 0, 0, 0, 0, 0, 0, 0, 0, 0, 0, 0, 0, 0, 0, 0, 0, 0, 0, 0, 0, 0, 0, 0, 0, 0, 0, 0, 0, 0, 0, 0, 0, 0, 0, 0, 0, 0, 0, 0, 0, 0, 0, 0, 0, 0, 0, 0, 0, 0, 0, 0, 0, 0, 0, 0, 0, 0, 0, 0, 0, 0, 0, 0, 0, 0, 0, 0, 0, 0, 0, 0, 0, 0, 0, 0, 0, 0, 0, 0, 0, 0, 0, 0, 0, 0, 0, 0, 0, 0, 0, 0, 0, 0, 0, 0, 0, 0, 0, 0, 0, 0, 0, 0, 0, 0, 0, 0, 0, 0, 0, 0, 0, 0, 0, 0, 0, 0, 0, 0, 0, 0, 0, 0, 0, 0, 0, 0, 0, 0, 0, 0, 0, 0, 0, 0.600000023842, 0, 0, 0, 0, 0, 0, 0, 0.40000000596, 0, 0, 0, 0, 0, 0, 0, 0, 0, 0, 0, 0, 0, 0, 0, 0, 0, 0, 0, 0, 0, 0, 0, 0, 0, 0, 0, 0, 0, 0, 0, 0, 0, 0, 0, 0, 0, 0, 0, 0, 0, 0]]
},
"sfx": {
    "inharmonicity": {
        "kurt": 0.394191503525,
        "max": 0.291892826557,
        "mean": 0.0844815671444,
        "median": 0.0622908249497,
        "min": 0.00175562908407,
        "skew": 1.02915275097,
        "var": 0.00546961789951
    },
    "oddtoevenharmonicenergyratio": {
        "kurt": 4.8180270195,
        "max": 4.30726766586,
        "mean": 0.821253061295,
        "median": 0.441344946623,
        "min": 0.0612506940961,
        "skew": 2.1263692379,
        "var": 0.685368299484
    },
    "pitch_after_max_to_before_max_energy_ratio": 0.538230359554,
    "pitch_centroid": 39.0490455627,
    "pitch_max_to_total": 0.388888895512,
    "pitch_min_to_total": 0.0777777805924,
    "tristimulus": {
        "kurt": [-0.639661073685, -0.772499084473, -0.628617048264],
        "max": [0.445818305016, 0.730263948441, 0.750993788242],
        "mean": [0.209098622203, 0.412510216236, 0.378391236067],
        "median": [0.194159984589, 0.369475752115, 0.380980968475],
        "min": [0, 0.0661047920585, 0.114623270929],
        "skew": [-0.0145414350554, 0.47546595335, 0.103475041687],
        "var": [0.0117175141349, 0.0251809377223, 0.0211871098727],
        "cov": [[0.011849171482, -0.00794394500554, -0.00390522694215], [-0.00794394500554, 0.0254638697952, -0.0175199359655], [-0.00390522694215, -0.0175199359655, 0.0214251670986]]
    }
},
"tonal": {
    "chords_changes_rate": 0,
    "chords_number_rate": 0.0217391308397,
    "chords_strength": {
        "kurt": -1.3909920454,
        "max": 0.558078408241,
        "mean": 0.507043778896,
        "median": 0.498781681061,
        "min": 0.460099458694,
        "skew": 0.295161157846,
        "var": 0.000905317428987
    },
    "key_strength": 0.508716881275,
    "tuning_diatonic_strength": 0.340860158205,
    "tuning_equal_tempered_deviation": 0.182387128472,
    "tuning_frequency": 432.690917969,
    "tuning_nontempered_energy_ratio": 0.788958668709,
    "hpcp": {
        "kurt": [0.643894910812, 3.93184900284, 0.115440607071, 1.67933750153, 5.57672405243, 3.049659729, 4.26228761673, 4.93541193008, 0.00625824928284, -1.50126791, -1.19829452038, 3.44908857346, 2.15159463882, 0.995017290115, 0.686408519745, 3.47919654846, 0.391211986542, -0.124838113785, 3.4871468544, 1.22130584717, 3.47790908813, 5.51411914825, 1.65970945358, 7.79007816315, 2.25851488113, 10.4357042313, 9.14624500275, 6.26367282867, 0.287044525146, -0.687653541565, -0.00373530387878, -0.85165309906, 7.2731962204, 3.49909543991, 0.0396711826324, -0.189886569977],
        "max": [1, 1, 0.814472615719, 1, 1, 0.733807682991, 0.767833650112, 1, 1, 1, 0.738724708557, 1, 1, 1, 0.920809745789, 1, 0.77869451046, 0.736142456532, 1, 0.908555984497, 0.931183159351, 0.74699819088, 0.470484048128, 0.973661720753, 0.759792506695, 1, 1, 0.958179712296, 0.504440665245, 0.739174604416, 1, 0.632385253906, 0.9854773283, 1, 1, 1],
        "mean": [0.258491903543, 0.189444750547, 0.214057177305, 0.219009935856, 0.164760097861, 0.140542849898, 0.138991370797, 0.1773622334, 0.362299412489, 0.515989482403, 0.348316431046, 0.204699397087, 0.218895554543, 0.221395105124, 0.200642153621, 0.190728336573, 0.213532015681, 0.233670815825, 0.228500306606, 0.210286810994, 0.173370718956, 0.119800701737, 0.106204025447, 0.138927847147, 0.157121524215, 0.128788083792, 0.132119640708, 0.14146257937, 0.134566023946, 0.235332176089, 0.320850938559, 0.226441696286, 0.150025963783, 0.224146097898, 0.327968776226, 0.33268520236],
