{
"metadata": {
    "version": {
        "essentia": "2.1-beta3"
    }
},
"lowLevel": {
    "average_loudness": 0.327375084162,
    "barkbands_kurtosis": {
        "kurt": 0.604549646378,
        "max": 3.59617137909,
        "mean": 0.313325583935,
        "median": 0.317380189896,
        "min": -1.63385140896,
        "skew": 0.51719135046,
        "var": 1.02241790295
    },
    "barkbands_skewness": {
        "kurt": 1.10704231262,
        "max": 1.85026144981,
        "mean": 0.594020187855,
        "median": 0.786457002163,
        "min": -1.61275589466,
        "skew": -1.17795968056,
        "var": 0.471001923084
    },
    "barkbands_spread": {
        "kurt": 4.88008642197,
        "max": 44.4632415771,
        "mean": 16.4359092712,
        "median": 15.4073390961,
        "min": 4.05349493027,
        "skew": 1.49073171616,
        "var": 31.5045681
    },
    "dissonance": {
        "kurt": 72.9421463013,
        "max": 0.500000059605,
        "mean": 0.472871214151,
        "median": 0.478550970554,
        "min": 0.161709964275,
        "skew": -7.53174066544,
        "var": 0.000937142292969
    },
    "hfc": {
        "kurt": 34.2404670715,
        "max": 16.9433822632,
        "mean": 0.465391606092,
        "median": 0.00773777347058,
        "min": 1.29087484311e-05,
        "skew": 5.79752159119,
        "var": 5.08234596252
    },
    "pitch": {
        "kurt": 55.2575378418,
        "max": 4339.31103516,
        "mean": 347.36050415,
        "median": 266.593536377,
        "min": 76.2052154541,
        "skew": 7.2573595047,
        "var": 245409.875
    },
    "pitch_instantaneous_confidence": {
        "kurt": 1.37722396851,
        "max": 0.97553396225,
        "mean": 0.363233566284,
        "median": 0.26821154356,
        "min": 0.132272660732,
        "skew": 1.60739266872,
        "var": 0.0508164092898
    },
    "pitch_salience": {
        "kurt": 2.45215034485,
        "max": 0.877542078495,
        "mean": 0.719955384731,
        "median": 0.730247914791,
        "min": 0.410435080528,
        "skew": -0.859269678593,
        "var": 0.00422917632386
    },
    "silence_rate_20dB": {
        "kurt": 0,
        "max": 1,
        "mean": 1,
        "median": 1,
        "min": 1,
        "skew": 0,
        "var": 0
    },
    "silence_rate_30dB": {
        "kurt": 0,
        "max": 1,
        "mean": 1,
        "median": 1,
        "min": 1,
        "skew": 0,
        "var": 0
    },
    "silence_rate_60dB": {
        "kurt": 30.2790565491,
        "max": 1,
        "mean": 0.971631228924,
        "median": 1,
        "min": 0,
        "skew": -5.68144226074,
        "var": 0.0275640934706
    },
    "spectral_centroid": {
        "kurt": 2.60704755783,
        "max": 2549.79833984,
        "mean": 957.575134277,
        "median": 767.913146973,
        "min": 486.587921143,
        "skew": 1.82226204872,
        "var": 234046.734375
    },
    "spectral_complexity": {
        "kurt": 15.9923362732,
        "max": 6,
        "mean": 0.283687949181,
        "median": 0,
        "min": 0,
        "skew": 4.13365030289,
        "var": 1.29540491104
    },
    "spectral_crest": {
        "kurt": 2.03158473969,
        "max": 17.322183609,
        "mean": 6.77261352539,
        "median": 6.35683107376,
        "min": 3.26610732079,
        "skew": 1.14906322956,
        "var": 5.73174667358
    },
    "spectral_decrease": {
        "kurt": 32.5388832092,
        "max": -2.55751306973e-15,
        "mean": -4.17522509621e-11,
        "median": -2.80669281219e-12,
        "min": -1.3685915734e-09,
        "skew": -5.66193532944,
        "var": 3.52396744718e-20
    },
    "spectral_energy": {
        "kurt": 32.9146156311,
        "max": 0.00670220004395,
        "mean": 0.000199795002118,
        "median": 1.1415753761e-05,
        "min": 1.082349943e-08,
        "skew": 5.69201374054,
        "var": 8.33177978166e-07
    },
    "spectral_energyband_high": {
        "kurt": 44.316242218,
        "max": 0.000139598516398,
        "mean": 3.20957087752e-06,
        "median": 7.65932739455e-08,
        "min": 1.91573104602e-10,
        "skew": 6.45133638382,
        "var": 2.59906790534e-10
    },
    "spectral_energyband_low": {
        "kurt": 5.89063835144,
        "max": 5.37931600775e-06,
        "mean": 1.11981739792e-06,
        "median": 8.90138494469e-07,
        "min": 1.43759892879e-10,
        "skew": 1.97704410553,
        "var": 7.17530906653e-13
    },
    "spectral_energyband_middle_high": {
        "kurt": 33.3076515198,
        "max": 0.0066048563458,
        "mean": 0.000187804878806,
        "median": 3.39637949764e-06,
        "min": 6.54284759705e-09,
        "skew": 5.72352838516,
        "var": 8.01776764092e-07
    },
    "spectral_energyband_middle_low": {
        "kurt": 13.4327812195,
        "max": 4.24534700869e-05,
        "mean": 8.18407715997e-06,
        "median": 6.46536454951e-06,
        "min": 4.09604217211e-09,
        "skew": 3.46670389175,
        "var": 4.43370895553e-11
    },
    "spectral_flatness_db": {
        "kurt": 8.63454532623,
        "max": 0.339130103588,
        "mean": 0.159000813961,
        "median": 0.149333447218,
        "min": 0.0957931727171,
        "skew": 2.81060791016,
        "var": 0.00151403085329
    },
    "spectral_flux": {
        "kurt": 17.7611942291,
        "max": 0.0357826314867,
        "mean": 0.00360497250222,
        "median": 0.00216410658322,
        "min": 0.00135053496342,
        "skew": 4.1984667778,
        "var": 2.84722682409e-05
    },
    "spectral_kurtosis": {
        "kurt": 4.46188545227,
        "max": 24.6202373505,
        "mean": 11.2315235138,
        "median": 11.2706031799,
        "min": 2.81596422195,
        "skew": 0.363858908415,
        "var": 7.55240869522
    },
    "spectral_rms": {
        "kurt": 21.1073112488,
        "max": 0.00255709444173,
        "mean": 0.000204098207178,
        "median": 0.000105533501483,
        "min": 3.2495402138e-06,
        "skew": 4.58691453934,
        "var": 1.53265872882e-07
    },
    "spectral_rolloff": {
        "kurt": 1.50308513641,
        "max": 4392.7734375,
        "mean": 1598.64941406,
        "median": 1248.92578125,
        "min": 710.595703125,
        "skew": 1.47968018055,
        "var": 550790.8125
    },
    "spectral_skewness": {
        "kurt": 1.59456014633,
        "max": 3.41635608673,
        "mean": 2.5691075325,
        "median": 2.6271147728,
        "min": 1.09285867214,
        "skew": -1.02486610413,
        "var": 0.179495736957
    },
    "spectral_spread": {
        "kurt": 51.8800888062,
        "max": 10167318,
        "mean": 3317614,
        "median": 3292093.5,
        "min": 2160814.5,
        "skew": 5.80619478226,
        "var": 536949456896
    },
    "spectral_strongpeak": {
        "kurt": 25.0861778259,
        "max": 6.6676492691,
        "mean": 0.250347077847,
        "median": 0.0102613093331,
        "min": 0.000165365825524,
        "skew": 4.94031000137,
        "var": 0.95396143198
    },
    "zerocrossingrate": {
        "kurt": 2.60667943954,
        "max": 0.13525390625,
        "mean": 0.0555844120681,
        "median": 0.0478515625,
        "min": 0.00830078125,
        "skew": 1.65932667255,
        "var": 0.000552186334971
    },
    "barkbands": {
        "kurt": [1.65555000305, 1.81565999985, 5.13072395325, 3.88765001297, 1.18411254883, 0.227509498596, 14.0736217499, 18.5801086426, 2.66544103622, 1.87815141678, 30.4560470581, 18.4265785217, 6.12745380402, 37.6224212646, 20.6972026825, 31.1638221741, 37.5928535461, 36.8612823486, 52.8449020386, 68.9418487549, 40.6498336792, 43.304271698, 28.3327198029, 30.3742294312, 34.287776947, 43.3519897461, 106.362442017],
        "max": [1.67254441408e-08, 7.87456201579e-07, 2.95923337035e-06, 4.13958878198e-06, 7.1051699706e-06, 4.10870597989e-06, 1.2524406884e-05, 2.55835184362e-05, 2.30804516832e-06, 1.87092496162e-06, 0.000502050912473, 3.531522907e-06, 1.3120454696e-06, 0.00142828468233, 7.77554396336e-06, 0.000741156749427, 0.00127809785772, 0.0029978309758, 0.000115582450235, 7.51998595661e-05, 5.97947037022e-05, 2.76330629276e-05, 2.08419783121e-06, 4.29597264429e-07, 7.47157145042e-08, 1.83749770954e-09, 5.7010024479e-10],
        "mean": [3.48759821023e-09, 1.87466582702e-07, 5.2940686146e-07, 7.71328359406e-07, 2.26727775043e-06, 1.26468728467e-06, 1.18003299576e-06, 1.89603861145e-06, 6.59044303575e-07, 6.3103817638e-07, 1.6698249965e-05, 6.5196536525e-07, 3.24008993857e-07, 3.67581596947e-05, 4.76779263181e-07, 2.18864261115e-05, 3.19744722219e-05, 7.54374268581e-05, 2.63988499682e-06, 1.43465138081e-06, 1.41424118283e-06, 6.30015961178e-07, 6.41978346039e-08, 1.23672085905e-08, 2.50904985677e-09, 8.43272812689e-11, 9.75251910479e-12],
        "median": [2.69117905738e-09, 1.35335014306e-07, 3.42560241506e-07, 5.31767852863e-07, 1.99830083147e-06, 1.12968041321e-06, 5.4175114883e-07, 7.25756990505e-07, 5.54799328256e-07, 5.59968555081e-07, 7.72364217028e-07, 5.86651538015e-07, 2.87426956902e-07, 3.40436372426e-07, 1.55221130171e-07, 1.79019806978e-07, 9.07370321102e-08, 9.90183082195e-08, 1.11441870843e-07, 6.9461961516e-08, 2.98170554913e-08, 8.46619485628e-09, 1.65969582522e-09, 8.32023450137e-10, 5.37386801724e-10, 4.52961071429e-11, 2.06451349072e-12],
        "min": [2.24868179632e-11, 2.02469603583e-11, 3.80607802219e-11, 1.91701376995e-10, 5.01485353244e-10, 5.09014275174e-10, 6.19408080382e-10, 6.72138511515e-10, 1.36155131614e-09, 3.56206786289e-10, 1.13155118608e-09, 1.55778023814e-09, 1.89083504409e-09, 3.78070547091e-10, 1.94415122889e-10, 3.17411125161e-10, 2.60996613211e-10, 3.85548926118e-10, 1.04720732086e-10, 2.20753304525e-10, 5.27327348454e-11, 1.32323093455e-11, 6.95981206694e-12, 4.82074710012e-12, 2.45349270414e-12, 1.56634416808e-12, 9.75785533104e-13],
        "skew": [1.22730815411, 1.46698355675, 2.03690743446, 1.78415226936, 1.08903968334, 0.786573469639, 3.63445186615, 4.30569934845, 1.48573613167, 1.31061983109, 5.37757825851, 3.47308421135, 2.05531954765, 6.05394649506, 4.37904977798, 5.64476299286, 6.11504793167, 5.92922639847, 7.12763023376, 7.94496822357, 6.17612504959, 6.48854351044, 5.3857088089, 5.41058158875, 5.83797502518, 6.43515062332, 9.98422050476],
        "var": [9.34152022959e-18, 2.67346569687e-14, 2.65865535967e-13, 4.98481084969e-13, 1.87330359558e-12, 6.12645188486e-13, 4.11542761675e-12, 1.8129133611e-11, 1.82218416788e-13, 1.23862956025e-13, 4.68055993963e-09, 2.08080988963e-13, 3.74653480711e-14, 3.34014558234e-08, 1.26326607595e-12, 1.1829325075e-08, 2.96012974133e-08, 1.39765873541e-07, 1.79366396735e-10, 5.64623590937e-11, 4.92819882125e-11, 1.18299519486e-11, 9.6234896137e-14, 3.04578817679e-15, 9.98261614087e-17, 4.57549172032e-20, 2.53334139819e-21],
        "cov": [[9.40824558088e-18, 5.87675561621e-17, 3.12671439279e-16, 8.36259548433e-17, 3.63767643031e-16, -1.91986582001e-16, -3.99906555188e-17, -4.7212287697e-16, 1.5175439636e-16, 9.20792840999e-17, -1.39935916113e-14, -1.28306247979e-16, -8.23341965115e-17, -5.63888671e-14, -3.11690416307e-16, -3.13544525901e-14, -5.3003794794e-14, -1.30442192963e-13, -3.65867030072e-15, -1.93816067287e-15, -1.92126045975e-15, -1.02693162794e-15, -8.91310403432e-17, -2.06841872299e-17, -3.44712196761e-18, -4.89294619107e-20, -3.81241889771e-21], [5.87675561621e-17, 2.69256188526e-14, 1.7540647957e-14, 7.72563165784e-15, 8.83726583936e-15, -5.48379633261e-15, 5.4825105366e-14, 1.06465393955e-13, 4.69250450603e-15, -3.52082182955e-15, 1.59044793394e-12, 1.30262325517e-14, 3.42227992229e-15, 2.54003285419e-12, 4.20021920619e-14, 2.29014160066e-12, 3.52148236786e-12, 7.84300836082e-12, 3.96552989014e-13, 2.1391227548e-13, 2.19910502026e-13, 4.5828043373e-14, 6.56816706465e-15, 1.34263361876e-15, 2.4039043859e-16, 3.55003171441e-18, 1.06227485522e-18], [3.12671439279e-16, 1.7540647957e-14, 2.67764570282e-13, 1.4197050111e-13, 1.35537292652e-13, -1.20423470322e-14, 4.35324350081e-14, -7.78105946103e-14, -5.14009619712e-15, 1.82597624121e-15, -3.47869519648e-13, -2.27393279174e-14, 2.10411844063e-14, -3.17944000121e-12, 1.14406070338e-13, -1.60501559959e-12, -2.90064066516e-12, -9.1022970411e-12, 2.23180455779e-13, -3.12620155457e-13, -1.55538613673e-13, -7.89367554069e-14, -5.26521270431e-15, -1.8204692565e-15, -4.04163041332e-16, -5.00781760285e-19, 4.38303361052e-18], [8.36259548433e-17, 7.72563165784e-15, 1.4197050111e-13, 5.02041659113e-13, 2.6963728559e-13, 4.49882271464e-14, 1.11116187594e-13, 2.21549124532e-13, -4.50479395811e-15, -8.02468680427e-15, 5.06330918762e-14, -1.78267401112e-14, 1.07375037884e-14, -4.88269017232e-12, 5.58641979518e-14, -2.28014373875e-12, -3.95856654747e-12, -9.00614825772e-12, 3.02537807089e-13, -2.51279005199e-13, -1.35001263098e-13, -1.07644199544e-13, -6.17478421164e-15, -1.04384147607e-15, -3.46378797777e-16, -2.43868271499e-18, 3.24684334333e-18], [3.63767643031e-16, 8.83726583936e-15, 1.35537292652e-13, 2.6963728559e-13, 1.88668416827e-12, 9.28198964629e-14, 2.02197294823e-13, 4.77095847638e-13, 1.93953587322e-14, 1.05076944324e-13, 1.97048939665e-11, 4.20619248253e-14, 1.50219294198e-14, 2.69848466489e-11, 2.18320993879e-13, 2.24509282692e-11, 2.55618703288e-11, 6.31901198034e-11, 3.63436732966e-12, 1.63586678925e-12, 1.88481175112e-12, 4.04882372204e-13, 7.8023531917e-14, 8.85672557429e-15, 1.40329165981e-15, 4.59258980983e-17, 1.48196950626e-17], [-1.91986582001e-16, -5.48379633261e-15, -1.20423470322e-14, 4.49882271464e-14, 9.28198964629e-14, 6.17021191085e-13, -1.48271179405e-13, -2.7526958035e-13, 7.79103073289e-14, 4.46714808699e-14, -4.21746578633e-12, 3.54996590392e-14, -8.98903127362e-16, -8.77983623304e-12, -4.80055380755e-14, -6.1069552193e-12, -7.94354859668e-12, -1.66748906349e-11, -9.26379632726e-13, -1.65306096177e-13, -3.16010699596e-13, -1.55361549905e-13, -1.63697858437e-14, -8.68718420072e-16, -2.74043189933e-16, -9.92396125994e-18, -3.3691461328e-18], [-3.99906555188e-17, 5.4825105366e-14, 4.35324350081e-14, 1.11116187594e-13, 2.02197294823e-13, -1.48271179405e-13, 4.14482337341e-12, 8.21309426718e-12, 1.9306686241e-14, 4.58140741056e-14, 8.0672350744e-11, 2.55410709943e-13, 1.00691061934e-13, 2.00873859213e-10, 1.50768850529e-12, 1.18441034758e-10, 1.77946352098e-10, 4.41386566186e-10, 1.37531461913e-11, 6.53954971772e-12, 6.91560047075e-12, 3.49003291544e-12, 3.28928453485e-13, 6.20272401692e-14, 1.08777072229e-14, 2.09535092964e-16, 3.6033046274e-17], [-4.7212287697e-16, 1.06465393955e-13, -7.78105946103e-14, 2.21549124532e-13, 4.77095847638e-13, -2.7526958035e-13, 8.21309426718e-12, 1.8258627249e-11, 8.7414606532e-14, 1.19904154422e-13, 1.50563103651e-10, 5.2046539821e-13, 1.44715470618e-13, 4.43661052341e-10, 2.9031072251e-12, 2.68898625588e-10, 4.11827294489e-10, 1.02307440297e-09, 3.14027519266e-11, 1.44197223606e-11, 1.53026029348e-11, 7.94805454091e-12, 7.25551129593e-13, 1.34971393328e-13, 2.48722619106e-14, 4.53135892304e-16, 7.2098637142e-17], [1.5175439636e-16, 4.69250450603e-15, -5.14009619712e-15, -4.50479395811e-15, 1.93953587322e-14, 7.79103073289e-14, 1.9306686241e-14, 8.7414606532e-14, 1.83519974391e-13, 2.39001137268e-14, -5.14600677608e-13, -9.59500287925e-16, 1.32764432189e-17, -1.87764756e-12, -1.73839078983e-14, -1.99468328139e-12, -3.39026658309e-12, -4.59069371059e-12, -1.56505884641e-13, -2.7798913887e-13, -2.25455166146e-13, -5.06443370856e-14, -6.01761809531e-15, -1.01603550199e-15, -2.54000828684e-16, -3.05972909171e-18, -3.14008940388e-20], [9.20792840999e-17, -3.52082182955e-15, 1.82597624121e-15, -8.02468680427e-15, 1.05076944324e-13, 4.46714808699e-14, 4.58140741056e-14, 1.19904154422e-13, 2.39001137268e-14, 1.24747692102e-13, 3.9497862446e-12, 8.16025188638e-15, 8.20898423293e-15, 4.69042643267e-12, 1.78402036999e-15, 2.45946622443e-12, 1.81231581391e-12, 9.80809530815e-12, 1.58647129721e-13, 1.5077250158e-13, 1.54171421181e-13, 5.82810302839e-14, 9.86793044738e-15, 6.5335219348e-16, 1.31594297532e-16, 4.60585414726e-18, 1.82493013256e-19], [-1.39935916113e-14, 1.59044793394e-12, -3.47869519648e-13, 5.06330918762e-14, 1.97048939665e-11, -4.21746578633e-12, 8.0672350744e-11, 1.50563103651e-10, -5.14600677608e-13, 3.9497862446e-12, 4.7139927517e-09, 1.23658609394e-11, 2.53681082217e-12, 9.32043153767e-09, 5.63712444779e-11, 5.45806333463e-09, 7.75232056327e-09, 1.86914874689e-08, 7.10983716345e-10, 2.5458227193e-10, 3.22313536971e-10, 1.57149668278e-10, 1.67483492353e-11, 2.75946670028e-12, 4.27999839346e-13, 1.02590089473e-14, 2.30515866134e-15], [-1.28306247979e-16, 1.30262325517e-14, -2.27393279174e-14, -1.78267401112e-14, 4.20619248253e-14, 3.54996590392e-14, 2.55410709943e-13, 5.2046539821e-13, -9.59500287925e-16, 8.16025188638e-15, 1.23658609394e-11, 2.09567281063e-13, 1.41311794081e-14, 2.61061432888e-11, 1.77260577093e-13, 1.81394621546e-11, 2.93089892633e-11, 5.95361052125e-11, 1.62216290747e-12, 2.12142434695e-12, 1.80893234419e-12, 4.99737133185e-13, 5.61398394135e-14, 1.32471074041e-14, 2.38909073257e-15, 3.33526435996e-17, 6.14663127335e-19], [-8.23341965115e-17, 3.42227992229e-15, 2.10411844063e-14, 1.07375037884e-14, 1.50219294198e-14, -8.98903127362e-16, 1.00691061934e-13, 1.44715470618e-13, 1.32764432189e-17, 8.20898423293e-15, 2.53681082217e-12, 1.41311794081e-14, 3.77329596605e-14, 7.04829120415e-12, 6.82065217023e-14, 3.70240600331e-12, 5.42193069955e-12, 1.28631038113e-11, 2.404971838e-13, 2.66682428094e-13, 2.32045014713e-13, 1.16649569236e-13, 1.10727450294e-14, 1.92947075011e-15, 3.50612215508e-16, 7.51646697636e-18, 8.06613231911e-19], [-5.63888671e-14, 2.54003285419e-12, -3.17944000121e-12, -4.88269017232e-12, 2.69848466489e-11, -8.77983623304e-12, 2.00873859213e-10, 4.43661052341e-10, -1.87764756e-12, 4.69042643267e-12, 9.32043153767e-09, 2.61061432888e-11, 7.04829120415e-12, 3.36400347578e-08, 1.38049308096e-10, 1.95079312704e-08, 3.08103089708e-08, 6.6973335322e-08, 2.04636685375e-09, 8.91257734281e-10, 1.04047914729e-09, 6.27520035934e-10, 5.47078771174e-11, 9.32759685462e-12, 1.67781359552e-12, 3.67491105634e-14, 5.81351830689e-15], [-3.11690416307e-16, 4.20021920619e-14, 1.14406070338e-13, 5.58641979518e-14, 2.18320993879e-13, -4.80055380755e-14, 1.50768850529e-12, 2.9031072251e-12, -1.73839078983e-14, 1.78402036999e-15, 5.63712444779e-11, 1.77260577093e-13, 6.82065217023e-14, 1.38049308096e-10, 1.27228945695e-12, 8.62438592764e-11, 1.2879557143e-10, 2.98354008166e-10, 1.18521824299e-11, 4.12856337659e-12, 5.13898689228e-12, 2.40203126486e-12, 2.44933711984e-13, 4.15183702305e-14, 6.95355307961e-15, 1.55196592674e-16, 4.12863843175e-17], [-3.13544525901e-14, 2.29014160066e-12, -1.60501559959e-12, -2.28014373875e-12, 2.24509282692e-11, -6.1069552193e-12, 1.18441034758e-10, 2.68898625588e-10, -1.99468328139e-12, 2.45946622443e-12, 5.45806333463e-09, 1.81394621546e-11, 3.70240600331e-12, 1.95079312704e-08, 8.62438592764e-11, 1.19138201526e-08, 1.86055757467e-08, 4.01096329483e-08, 1.29264243753e-09, 6.1061233847e-10, 6.87434997815e-10, 3.66437463706e-10, 3.34473629349e-11, 5.53925611976e-12, 1.02943445868e-12, 2.20055043117e-14, 3.60495951802e-15], [-5.3003794794e-14, 3.52148236786e-12, -2.90064066516e-12, -3.95856654747e-12, 2.55618703288e-11, -7.94354859668e-12, 1.77946352098e-10, 4.11827294489e-10, -3.39026658309e-12, 1.81231581391e-12, 7.75232056327e-09, 2.93089892633e-11, 5.42193069955e-12, 3.08103089708e-08, 1.2879557143e-10, 1.86055757467e-08, 2.98127353915e-08, 6.33694625662e-08, 1.96496752203e-09, 9.44481493015e-10, 1.053853671e-09, 5.88200488316e-10, 5.12847680989e-11, 8.85988764993e-12, 1.66027825169e-12, 3.39581810479e-14, 5.08541640873e-15], [-1.30442192963e-13, 7.84300836082e-12, -9.1022970411e-12, -9.00614825772e-12, 6.31901198034e-11, -1.66748906349e-11, 4.41386566186e-10, 1.02307440297e-09, -4.59069371059e-12, 9.80809530815e-12, 1.86914874689e-08, 5.95361052125e-11, 1.28631038113e-11, 6.6973335322e-08, 2.98354008166e-10, 4.01096329483e-08, 6.33694625662e-08, 1.40764200296e-07, 4.43362457858e-09, 1.89836679709e-09, 2.19543450086e-09, 1.25694610276e-09, 1.10522119234e-10, 1.88141689728e-11, 3.49597737911e-12, 7.07827961283e-14, 1.1292776237e-14], [-3.65867030072e-15, 3.96552989014e-13, 2.23180455779e-13, 3.02537807089e-13, 3.63436732966e-12, -9.26379632726e-13, 1.37531461913e-11, 3.14027519266e-11, -1.56505884641e-13, 1.58647129721e-13, 7.10983716345e-10, 1.62216290747e-12, 2.404971838e-13, 2.04636685375e-09, 1.18521824299e-11, 1.29264243753e-09, 1.96496752203e-09, 4.43362457858e-09, 1.80647580228e-10, 5.06092841246e-11, 7.00360255901e-11, 3.73729207304e-11, 3.59540934351e-12, 5.68072336133e-13, 9.90691022599e-14, 2.22967637903e-15, 5.58042458068e-16], [-1.93816067287e-15, 2.1391227548e-13, -3.12620155457e-13, -2.51279005199e-13, 1.63586678925e-12, -1.65306096177e-13, 6.53954971772e-12, 1.44197223606e-11, -2.7798913887e-13, 1.5077250158e-13, 2.5458227193e-10, 2.12142434695e-12, 2.66682428094e-13, 8.91257734281e-10, 4.12856337659e-12, 6.1061233847e-10, 9.44481493015e-10, 1.89836679709e-09, 5.06092841246e-11, 5.68656614852e-11, 5.04151338732e-11, 1.71774174745e-11, 1.83259353873e-12, 3.31660073754e-13, 6.52363972846e-14, 1.21619669308e-15, 1.01808933189e-16], [-1.92126045975e-15, 2.19910502026e-13, -1.55538613673e-13, -1.35001263098e-13, 1.88481175112e-12, -3.16010699596e-13, 6.91560047075e-12, 1.53026029348e-11, -2.25455166146e-13, 1.54171421181e-13, 3.22313536971e-10, 1.80893234419e-12, 2.32045014713e-13, 1.04047914729e-09, 5.13898689228e-12, 6.87434997815e-10, 1.053853671e-09, 2.19543450086e-09, 7.00360255901e-11, 5.04151338732e-11, 4.96340017697e-11, 1.961202728e-11, 2.02039752116e-12, 3.46267177258e-13, 6.54618910077e-14, 1.32412743117e-15, 1.84436659704e-16], [-1.02693162794e-15, 4.5828043373e-14, -7.89367554069e-14, -1.07644199544e-13, 4.04882372204e-13, -1.55361549905e-13, 3.49003291544e-12, 7.94805454091e-12, -5.06443370856e-14, 5.82810302839e-14, 1.57149668278e-10, 4.99737133185e-13, 1.16649569236e-13, 6.27520035934e-10, 2.40203126486e-12, 3.66437463706e-10, 5.88200488316e-10, 1.25694610276e-09, 3.73729207304e-11, 1.71774174745e-11, 1.961202728e-11, 1.19144520638e-11, 1.01179503144e-12, 1.74449145992e-13, 3.22516840979e-14, 6.79639808059e-16, 9.85667888523e-17], [-8.91310403432e-17, 6.56816706465e-15, -5.26521270431e-15, -6.17478421164e-15, 7.8023531917e-14, -1.63697858437e-14, 3.28928453485e-13, 7.25551129593e-13, -6.01761809531e-15, 9.86793044738e-15, 1.67483492353e-11, 5.61398394135e-14, 1.10727450294e-14, 5.47078771174e-11, 2.44933711984e-13, 3.34473629349e-11, 5.12847680989e-11, 1.10522119234e-10, 3.59540934351e-12, 1.83259353873e-12, 2.02039752116e-12, 1.01179503144e-12, 9.69222870907e-14, 1.60317011131e-14, 2.88897675551e-15, 6.4662117999e-17, 1.08061444201e-17], [-2.06841872299e-17, 1.34263361876e-15, -1.8204692565e-15, -1.04384147607e-15, 8.85672557429e-15, -8.68718420072e-16, 6.20272401692e-14, 1.34971393328e-13, -1.01603550199e-15, 6.5335219348e-16, 2.75946670028e-12, 1.32471074041e-14, 1.92947075011e-15, 9.32759685462e-12, 4.15183702305e-14, 5.53925611976e-12, 8.85988764993e-12, 1.88141689728e-11, 5.68072336133e-13, 3.31660073754e-13, 3.46267177258e-13, 1.74449145992e-13, 1.60317011131e-14, 3.06754379453e-15, 5.31576543054e-16, 1.08899998547e-17, 1.51693736724e-18], [-3.44712196761e-18, 2.4039043859e-16, -4.04163041332e-16, -3.46378797777e-16, 1.40329165981e-15, -2.74043189933e-16, 1.08777072229e-14, 2.48722619106e-14, -2.54000828684e-16, 1.31594297532e-16, 4.27999839346e-13, 2.38909073257e-15, 3.50612215508e-16, 1.67781359552e-12, 6.95355307961e-15, 1.02943445868e-12, 1.66027825169e-12, 3.49597737911e-12, 9.90691022599e-14, 6.52363972846e-14, 6.54618910077e-14, 3.22516840979e-14, 2.88897675551e-15, 5.31576543054e-16, 1.00539204332e-16, 1.90635973077e-18, 2.15176883812e-19], [-4.89294619107e-20, 3.55003171441e-18, -5.00781760285e-19, -2.43868271499e-18, 4.59258980983e-17, -9.92396125994e-18, 2.09535092964e-16, 4.53135892304e-16, -3.05972909171e-18, 4.60585414726e-18, 1.02590089473e-14, 3.33526435996e-17, 7.51646697636e-18, 3.67491105634e-14, 1.55196592674e-16, 2.20055043117e-14, 3.39581810479e-14, 7.07827961283e-14, 2.22967637903e-15, 1.21619669308e-15, 1.32412743117e-15, 6.79639808059e-16, 6.4662117999e-17, 1.08899998547e-17, 1.90635973077e-18, 4.60817375557e-20, 7.67573848365e-21], [-3.81241889771e-21, 1.06227485522e-18, 4.38303361052e-18, 3.24684334333e-18, 1.48196950626e-17, -3.3691461328e-18, 3.6033046274e-17, 7.2098637142e-17, -3.14008940388e-20, 1.82493013256e-19, 2.30515866134e-15, 6.14663127335e-19, 8.06613231911e-19, 5.81351830689e-15, 4.12863843175e-17, 3.60495951802e-15, 5.08541640873e-15, 1.1292776237e-14, 5.58042458068e-16, 1.01808933189e-16, 1.84436659704e-16, 9.85667888523e-17, 1.08061444201e-17, 1.51693736724e-18, 2.15176883812e-19, 7.67573848365e-21, 2.55143678188e-21]]
    },
    "mfcc": {
        "kurt": [7.2425775528, 12.7455835342, 4.69026470184, 3.54722166061, 0.45694732666, 0.317890167236, 3.90044164658, 1.78165197372, -0.181761026382, 1.77573060989, 1.95670413971, -0.283850669861, 0.210465908051],
        "max": [-784.980651855, 129.106536865, 20.0340881348, 57.5200119019, 17.5349731445, 8.85274505615, 20.3573036194, 12.2420444489, 0.170486450195, 4.69738006592, 21.1084899902, 11.1591873169, 11.8931732178],
        "mean": [-988.90057373, 103.90296936, -9.80307197571, -3.67561721802, -0.759510755539, -6.81364202499, 0.927207231522, -2.71228837967, -11.1294107437, -7.79525709152, -6.16841316223, -7.92423057556, -4.87349319458],
        "median": [-1005.70135498, 106.942115784, 2.87243652344, -7.77445602417, -0.884017944336, -5.59702301025, 1.38974380493, -2.44661712646, -10.8266906738, -7.61571502686, -6.37494087219, -8.51502990723, -5.46267700195],
        "min": [-1138.42004395, 1.14440917969e-05, -143.293151855, -33.0862808228, -24.2517662048, -30.680721283, -30.8721656799, -27.8990707397, -25.2138061523, -30.4270782471, -19.8891201019, -21.7269515991, -14.7014808655],
        "skew": [2.41258335114, -3.10808348656, -2.23348402977, 1.68338668346, -0.1414090693, -0.739810883999, -0.83054047823, -0.616255223751, -0.273666709661, -0.720377445221, 0.930988609791, 0.385964006186, 0.710434913635],
        "var": [2475.12866211, 288.300476074, 1131.26904297, 222.099700928, 60.6204071045, 60.8588409424, 43.6051635742, 35.2854881287, 30.8622970581, 31.268661499, 44.9049530029, 40.6252593994, 27.4981193542],
        "cov": [[2492.80834961, -382.234161377, -1571.55834961, 616.007141113, 34.7072525024, -81.8650512695, -84.5384597778, 34.0433158875, -120.6667099, -123.109863281, 195.53453064, 129.807678223, -0.393817126751], [-382.234161377, 290.359771729, 372.628814697, -155.623291016, 21.7858219147, 3.43689703941, 24.7223892212, -2.8319196701, 20.3321437836, 32.2067871094, -40.3676185608, -32.6851577759, -2.45839309692], [-1571.55834961, 372.628814697, 1139.34960938, -413.667144775, -30.8860740662, 86.0065994263, 52.5435295105, -13.255446434, 85.2792282104, 77.8159255981, -130.908889771, -92.2702331543, -3.81140565872], [616.007141113, -155.623291016, -413.667144775, 223.686126709, 23.1500720978, -25.8683795929, 2.98657107353, 9.76710891724, -30.7466487885, -25.2436447144, 51.5224838257, 40.6689796448, -0.27681556344], [34.7072525024, 21.7858219147, -30.8860740662, 23.1500720978, 61.0534095764, 0.796174883842, 5.53452348709, 10.4032840729, -8.09740257263, 3.96262550354, 10.4380474091, 1.43976986408, -4.94216585159], [-81.8650512695, 3.43689703941, 86.0065994263, -25.8683795929, 0.796174883842, 61.293548584, -0.552424013615, 4.9820227623, 10.8746023178, -7.19618606567, -7.2413225174, -8.69982337952, -2.14486145973], [-84.5384597778, 24.7223892212, 52.5435295105, 2.98657107353, 5.53452348709, -0.552424013615, 43.9166297913, 6.16870212555, 5.56687784195, 13.3134450912, -10.8691520691, -4.33546209335, 3.74392485619], [34.0433158875, -2.8319196701, -13.255446434, 9.76710891724, 10.4032840729, 4.9820227623, 6.16870212555, 35.5375289917, 9.69788837433, -1.90157866478, 13.3544034958, 3.72808933258, 0.537855267525], [-120.6667099, 20.3321437836, 85.2792282104, -30.7466487885, -8.09740257263, 10.8746023178, 5.56687784195, 9.69788837433, 31.082742691, 13.6248626709, -7.74186992645, 2.96921777725, 7.48908424377], [-123.109863281, 32.2067871094, 77.8159255981, -25.2436447144, 3.96262550354, -7.19618606567, 13.3134450912, -1.90157866478, 13.6248626709, 31.4920101166, -2.96508598328, -5.33976650238, 4.76237392426], [195.53453064, -40.3676185608, -130.908889771, 51.5224838257, 10.4380474091, -7.2413225174, -10.8691520691, 13.3544034958, -7.74186992645, -2.96508598328, 45.2257003784, 26.3738250732, -1.95608127117], [129.807678223, -32.6851577759, -92.2702331543, 40.6689796448, 1.43976986408, -8.69982337952, -4.33546209335, 3.72808933258, 2.96921777725, -5.33976650238, 26.3738250732, 40.9154396057, 14.7592411041], [-0.393817126751, -2.45839309692, -3.81140565872, -0.27681556344, -4.94216585159, -2.14486145973, 3.74392485619, 0.537855267525, 7.48908424377, 4.76237392426, -1.95608127117, 14.7592411041, 27.6945343018]]
    },
    "sccoeffs": {
        "kurt": [0.273868322372, 1.96213722229, 6.42415809631, 6.72681808472, 6.74353599548, 6.40462207794],
        "max": [-0.655093789101, -0.692795991898, -0.595628380775, -0.519269645214, -0.598827600479, -0.671626031399],
        "mean": [-0.776546597481, -0.849661707878, -0.857198476791, -0.83774125576, -0.853482663631, -0.834294080734],
        "median": [-0.781734824181, -0.854094445705, -0.875024795532, -0.863105475903, -0.872837305069, -0.847057580948],
        "min": [-0.89145308733, -0.952503800392, -0.934458553791, -0.918214559555, -0.933006167412, -0.897873818874],
        "skew": [0.197968900204, 1.00342130661, 2.51476764679, 2.58023285866, 2.57383203506, 2.46155357361],
        "var": [0.00158005813137, 0.00182358443271, 0.00392600893974, 0.0056491587311, 0.00340159120969, 0.00148002908099],
        "cov": [[0.00159134424757, 0.0001006663515, 0.000145701036672, 0.000106298459286, 9.04368207557e-05, 7.53687127144e-05], [0.0001006663515, 0.00183661002666, 0.00125622248743, 0.00156425277237, 0.00127059558872, 0.000804777431767], [0.000145701036672, 0.00125622248743, 0.00395405199379, 0.00409444794059, 0.00318643334322, 0.00210393499583], [0.000106298459286, 0.00156425277237, 0.00409444794059, 0.00568950967863, 0.00416239025071, 0.00259704701602], [9.04368207557e-05, 0.00127059558872, 0.00318643334322, 0.00416239025071, 0.00342588825151, 0.00205083680339], [7.53687127144e-05, 0.000804777431767, 0.00210393499583, 0.00259704701602, 0.00205083680339, 0.00149060075637]]
    },
    "scvalleys": {
        "kurt": [14.0037994385, 18.2557048798, 33.9428062439, 21.3644542694, 6.40311145782, 14.0251502991],
        "max": [-8.35739135742, -7.89108753204, -8.29804515839, -8.60562229156, -8.08222293854, -11.3531188965],
        "mean": [-9.27549362183, -8.74446773529, -8.90669155121, -9.69976329803, -10.4749212265, -13.167090416],
        "median": [-9.19373512268, -8.71319007874, -8.89185523987, -9.72271633148, -10.6336164474, -13.2536334991],
        "min": [-12.7913589478, -11.8097572327, -11.859618187, -12.5816726685, -13.3020505905, -15.9852848053],
        "skew": [-2.56206703186, -2.8695628643, -4.29835176468, -2.52746152878, 1.05124783516, 0.479759544134],
        "var": [0.267955422401, 0.178343728185, 0.122104182839, 0.146469682455, 0.367302387953, 0.215198487043],
        "cov": [[0.26986938715, 0.08167091012, 0.076376773417, 0.0803868100047, 0.0777499228716, 0.0832790955901], [0.08167091012, 0.179617613554, 0.0797708705068, 0.0925940796733, 0.106968402863, 0.0961619615555], [0.076376773417, 0.0797708705068, 0.122976355255, 0.0774532705545, 0.0768720880151, 0.071741566062], [0.0803868100047, 0.0925940796733, 0.0774532705545, 0.147515892982, 0.179880663753, 0.137413114309], [0.0777499228716, 0.106968402863, 0.0768720880151, 0.179880663753, 0.3699259758, 0.247195929289], [0.0832790955901, 0.0961619615555, 0.071741566062, 0.137413114309, 0.247195929289, 0.216735616326]]
    }
},
"rhythm": {
    "beats_loudness": {
        "kurt": -0.083372592926,
        "max": 2.68868207058e-05,
        "mean": 1.36268527058e-05,
        "median": 1.07497135104e-05,
        "min": 7.10458652975e-06,
        "skew": 1.21948134899,
        "var": 4.74997333133e-11
    },
    "bpm": 107.666015625,
    "confidence": 0,
    "first_peak_bpm": {
        "kurt": 0,
        "max": 108,
        "mean": 108,
        "median": 108,
        "min": 108,
        "skew": 0,
        "var": 0
    },
    "first_peak_spread": {
        "kurt": 0,
        "max": 0,
        "mean": 0,
        "median": 0,
        "min": 0,
        "skew": 0,
        "var": 0
    },
    "first_peak_weight": {
        "kurt": 0,
        "max": 1,
        "mean": 1,
        "median": 1,
        "min": 1,
        "skew": 0,
        "var": 0
    },
    "onset_rate": 1.23661899567,
    "second_peak_bpm": {
        "kurt": 0,
        "max": 0,
        "mean": 0,
        "median": 0,
        "min": 0,
        "skew": 0,
        "var": 0
    },
    "second_peak_spread": {
        "kurt": 0,
        "max": 0,
        "mean": 0,
        "median": 0,
        "min": 0,
        "skew": 0,
        "var": 0
    },
    "second_peak_weight": {
        "kurt": 0,
        "max": 0,
        "mean": 0,
        "median": 0,
        "min": 0,
        "skew": 0,
        "var": 0
    },
    "beats_loudness_band_ratio": {
        "kurt": [-0.645401716232, -0.152234315872, -1.13323271275, -1.69652152061, -1.34525895119, -0.319390535355],
        "max": [0.236025243998, 0.422528684139, 0.321993917227, 0.360195577145, 0.10202755034, 0.0459764488041],
        "mean": [0.150286152959, 0.32516014576, 0.215197727084, 0.261130779982, 0.071271084249, 0.0248021464795],
        "median": [0.140302091837, 0.370795816183, 0.229144513607, 0.28113374114, 0.0592962019145, 0.0219510588795],
        "min": [0.0761716365814, 0.117028072476, 0.136829048395, 0.166943758726, 0.0506497360766, 0.0115766283125],
        "skew": [0.319413155317, -1.20273447037, 0.332950800657, -0.127190694213, 0.540244221687, 0.928699612617],
        "var": [0.00267620990053, 0.0118172829971, 0.00444329483435, 0.00636350829154, 0.000374749681214, 0.000131681474159],
        "cov": [[0.00334526225924, -0.00449372828007, -0.00166432338301, 0.00139370793477, 0.000449235085398, 0.000478041125461], [-0.00449372828007, 0.0147716039792, 0.0035920762457, -0.0074111269787, -0.00233173556626, -0.00142535381019], [-0.00166432338301, 0.0035920762457, 0.00555411865935, -0.00553172873333, -0.000772066938225, -0.000650874630082], [0.00139370793477, -0.0074111269787, -0.00553172873333, 0.0079543851316, 0.00139805080835, 0.000901670369785], [0.000449235085398, -0.00233173556626, -0.000772066938225, 0.00139805080835, 0.000468437094241, 0.000256054860074], [0.000478041125461, -0.00142535381019, -0.000650874630082, 0.000901670369785, 0.000256054860074, 0.000164601849974]]
    },
    "beats_position": [0.545668900013, 1.10294783115, 1.66022670269, 2.21750569344, 2.77478456497],
    "bpm_estimates": [107.666015625, 107.666023254, 107.666000366, 107.666023254],
    "bpm_intervals": [0.557278931141, 0.557278871536, 0.557278990746, 0.557278871536],
    "onset_times": [0.0116099771112, 0.650158703327, 1.20743763447, 2.48453521729],
    "histogram": [[0, 0, 0, 0, 0, 0, 0, 0, 0, 0, 0, 0, 0, 0, 0, 0, 0, 0, 0, 0, 0, 0, 0, 0, 0, 0, 0, 0, 0, 0, 0, 0, 0, 0, 0, 0, 0, 0, 0, 0, 0, 0, 0, 0, 0, 0, 0, 0, 0, 0, 0, 0, 0, 0, 0, 0, 0, 0, 0, 0, 0, 0, 0, 0, 0, 0, 0, 0, 0, 0, 0, 0, 0, 0, 0, 0, 0, 0, 0, 0, 0, 0, 0, 0, 0, 0, 0, 0, 0, 0, 0, 0, 0, 0, 0, 0, 0, 0, 0, 0, 0, 0, 0, 0, 0, 0, 0, 0, 1, 0, 0, 0, 0, 0, 0, 0, 0, 0, 0, 0, 0, 0, 0, 0, 0, 0, 0, 0, 0, 0, 0, 0, 0, 0, 0, 0, 0, 0, 0, 0, 0, 0, 0, 0, 0, 0, 0, 0, 0, 0, 0, 0, 0, 0, 0, 0, 0, 0, 0, 0, 0, 0, 0, 0, 0, 0, 0, 0, 0, 0, 0, 0, 0, 0, 0, 0, 0, 0, 0, 0, 0, 0, 0, 0, 0, 0, 0, 0, 0, 0, 0, 0, 0, 0, 0, 0, 0, 0, 0, 0, 0, 0, 0, 0, 0, 0, 0, 0, 0, 0, 0, 0, 0, 0, 0, 0, 0, 0, 0, 0, 0, 0, 0, 0, 0, 0, 0, 0, 0, 0, 0, 0, 0, 0, 0, 0, 0, 0, 0, 0, 0, 0, 0, 0, 0, 0, 0, 0, 0, 0]]
},
"sfx": {
    "inharmonicity": {
        "kurt": -0.108564376831,
        "max": 0.408386945724,
        "mean": 0.11716427654,
        "median": 0.09621091187,
        "min": 0,
        "skew": 0.693926632404,
        "var": 0.00665454240516
    },
    "oddtoevenharmonicenergyratio": {
        "kurt": 8.82608699799,
        "max": 7.02034521103,
        "mean": 1.02683210373,
        "median": 0.720887959003,
        "min": 0,
        "skew": 2.62969827652,
        "var": 1.12549555302
    },
    "pitch_after_max_to_before_max_energy_ratio": 1.2475155592,
    "pitch_centroid": 71.0165100098,
    "pitch_max_to_total": 0.758865237236,
    "pitch_min_to_total": 0.60283690691,
    "tristimulus": {
        "kurt": [10.9116640091, 0.700523614883, 0.57409453392],
        "max": [1, 0.711831569672, 0.893429636955],
        "mean": [0.187795087695, 0.372212201357, 0.439992755651],
        "median": [0.180143564939, 0.377565532923, 0.420546233654],
        "min": [0, 0, 0],
        "skew": [2.33663916588, -0.0871233120561, 0.0432469137013],
        "var": [0.0218954384327, 0.0149926450104, 0.023353183642],
        "cov": [[0.0220518354326, -0.00681578600779, -0.0152360452339], [-0.00681578600779, 0.0150997349992, -0.00828395131975], [-0.0152360452339, -0.00828395131975, 0.0235199928284]]
    }
},
"tonal": {
    "chords_changes_rate": 0.126760557294,
    "chords_number_rate": 0.0845070406795,
    "chords_strength": {
        "kurt": -1.43708479404,
        "max": 0.649315536022,
        "mean": 0.502405464649,
        "median": 0.5219835639,
        "min": 0.339472383261,
        "skew": -0.10551392287,
        "var": 0.00997072272003
    },
    "key_strength": 0.601250112057,
    "tuning_diatonic_strength": 0.411047518253,
    "tuning_equal_tempered_deviation": 0.232449904084,
    "tuning_frequency": 432.690917969,
    "tuning_nontempered_energy_ratio": 0.876057982445,
    "hpcp": {
        "kurt": [4.44787931442, -0.141916036606, 0.234887123108, 1.66046333313, 0.756473064423, -0.225428581238, 1.3789358139, 1.01635217667, -0.358546733856, -0.775746107101, -0.623493671417, -0.390717744827, 0.176154851913, -0.321784734726, 0.559113502502, 1.56209039688, 0.566859483719, -0.534999132156, 0.0198092460632, 1.59763860703, 0.919552087784, 2.36671638489, 4.28654432297, 2.43410301208, 1.34280538559, 1.83981323242, 1.11649513245, 2.53824186325, 0.0852115154266, 0.230972528458, 0.191129922867, 1.50473833084, 1.79021167755, 6.51330661774, 6.66697406769, 3.07680463791],
        "max": [0.785998821259, 0.516346275806, 0.586051821709, 0.71126550436, 1, 1, 1, 1, 1, 1, 1, 1, 1, 1, 1, 1, 1, 1, 1, 1, 0.968403756618, 0.950943529606, 0.807193696499, 0.65375071764, 0.91288882494, 1, 1, 1, 1, 1, 1, 1, 0.691989004612, 1, 1, 0.914941012859],
        "mean": [0.175304219127, 0.182072237134, 0.176437482238, 0.188104957342, 0.274577438831, 0.319773554802, 0.290486872196, 0.298350691795, 0.395153909922, 0.456059098244, 0.390847593546, 0.323092728853, 0.30558604002, 0.304512232542, 0.28193205595, 0.251198023558, 0.285506516695, 0.367976129055, 0.34102293849, 0.258556425571, 0.263666570187, 0.232829272747, 0.151518285275, 0.145564377308, 0.210203677416, 0.239345923066, 0.224743634462, 0.250109642744, 0.317961156368, 0.351407051086, 0.336096912622, 0.239145547152, 0.165426626801, 0.194913938642, 0.202701345086, 0.186161488295],
        "median": [0.141848474741, 0.151589751244, 0.160681843758, 0.143816903234, 0.192735344172, 0.179800227284, 0.244671091437, 0.248155340552, 0.325971990824, 0.350586295128, 0.264410108328, 0.26619336009, 0.191735371947, 0.210770428181, 0.203181579709, 0.200381040573, 0.216418012977, 0.280925244093, 0.26734623313, 0.193171069026, 0.186530292034, 0.161139637232, 0.111891619861, 0.0973330065608, 0.146366506815, 0.134704887867, 0.132342025638, 0.172715842724, 0.225699797273, 0.248308449984, 0.210338562727, 0.155477851629, 0.118058949709, 0.16917707026, 0.144078031182, 0.137046247721],
