{
"metadata": {
    "version": {
        "essentia": "2.1-beta3"
    }
},
"lowLevel": {
    "average_loudness": 0.810291528702,
    "barkbands_kurtosis": {
        "kurt": 5.0311126709,
        "max": 6.18062973022,
        "mean": -0.246504887938,
        "median": -0.65019261837,
        "min": -1.73477053642,
        "skew": 1.87933027744,
        "var": 1.3828305006
    },
    "barkbands_skewness": {
        "kurt": 1.21903467178,
        "max": 1.77044391632,
        "mean": 0.538945734501,
        "median": 0.641763091087,
        "min": -1.93561053276,
        "skew": -0.853198349476,
        "var": 0.461110204458
    },
    "barkbands_spread": {
        "kurt": 0.038093328476,
        "max": 42.4154090881,
        "mean": 20.9175834656,
        "median": 21.0925712585,
        "min": 7.12407493591,
        "skew": 0.531722128391,
        "var": 43.3054046631
    },
    "dissonance": {
        "kurt": 17.9095802307,
        "max": 0.497874855995,
        "mean": 0.466327905655,
        "median": 0.475270986557,
        "min": 0.240044504404,
        "skew": -3.00669312477,
        "var": 0.00084694911493
    },
    "hfc": {
        "kurt": 0.787673950195,
        "max": 12.4629449844,
        "mean": 2.00306177139,
        "median": 0.0711625218391,
        "min": 1.16075277509e-16,
        "skew": 1.49466323853,
        "var": 12.1150550842
    },
    "pitch": {
        "kurt": 16.4096908569,
        "max": 4091.12084961,
        "mean": 447.274139404,
        "median": 280.288116455,
        "min": 76.7103729248,
        "skew": 4.20247268677,
        "var": 523348.625
    },
    "pitch_instantaneous_confidence": {
        "kurt": -1.07374477386,
        "max": 0.944219410419,
        "mean": 0.435831040144,
        "median": 0.279270350933,
        "min": 0.131090044975,
        "skew": 0.840814352036,
        "var": 0.0862498804927
    },
    "pitch_salience": {
        "kurt": 0.328871488571,
        "max": 0.961465716362,
        "mean": 0.677960515022,
        "median": 0.679134190083,
        "min": 0.474178165197,
        "skew": -0.0310901980847,
        "var": 0.00552454125136
    },
    "silence_rate_20dB": {
        "kurt": 0,
        "max": 1,
        "mean": 1,
        "median": 1,
        "min": 1,
        "skew": 0,
        "var": 0
    },
    "silence_rate_30dB": {
        "kurt": 0,
        "max": 1,
        "mean": 1,
        "median": 1,
        "min": 1,
        "skew": 0,
        "var": 0
    },
    "silence_rate_60dB": {
        "kurt": -0.421711683273,
        "max": 1,
        "mean": 0.765957474709,
        "median": 1,
        "min": 0,
        "skew": -1.2563034296,
        "var": 0.179266363382
    },
    "spectral_centroid": {
        "kurt": 94.654296875,
        "max": 11310.8183594,
        "mean": 1240.31188965,
        "median": 1084.79101562,
        "min": 571.196838379,
        "skew": 8.59699249268,
        "var": 751291.3125
    },
    "spectral_complexity": {
        "kurt": -0.395763158798,
        "max": 13,
        "mean": 2.59042549133,
        "median": 0,
        "min": 0,
        "skew": 1.19783973694,
        "var": 18.7205066681
    },
    "spectral_crest": {
        "kurt": -0.321644544601,
        "max": 15.3670358658,
        "mean": 7.87474298477,
        "median": 7.57354784012,
        "min": 3.46772933006,
        "skew": 0.385527551174,
        "var": 6.11032962799
    },
    "spectral_decrease": {
        "kurt": 0.00958061218262,
        "max": -7.56796940171e-29,
        "mean": -3.13290920984e-10,
        "median": -1.74489103721e-11,
        "min": -1.65198998925e-09,
        "skew": -1.31830275059,
        "var": 2.7566533206e-19
    },
    "spectral_energy": {
        "kurt": 0.0880663394928,
        "max": 0.0073603214696,
        "mean": 0.00136411644053,
        "median": 7.19618838048e-05,
        "min": 1.08140059899e-20,
        "skew": 1.33624374866,
        "var": 5.26485064256e-06
    },
    "spectral_energyband_high": {
        "kurt": 3.29866838455,
        "max": 0.000164736586157,
        "mean": 1.74442084244e-05,
        "median": 1.24485018205e-06,
        "min": 8.02375776272e-21,
        "skew": 2.09685730934,
        "var": 1.18176290975e-09
    },
    "spectral_energyband_low": {
        "kurt": 90.8955001831,
        "max": 6.53308234178e-05,
        "mean": 2.47365801442e-06,
        "median": 1.10329278868e-06,
        "min": 4.38692617587e-23,
        "skew": 8.40156459808,
        "var": 2.98383193154e-11
    },
    "spectral_energyband_middle_high": {
        "kurt": 0.826845169067,
        "max": 0.00626120716333,
        "mean": 0.000987801002339,
        "median": 2.51122164627e-05,
        "min": 1.58846788826e-21,
        "skew": 1.51797354221,
        "var": 3.03754904962e-06
    },
    "spectral_energyband_middle_low": {
        "kurt": -0.28159737587,
        "max": 0.00295772845857,
        "mean": 0.000576047226787,
        "median": 3.90751483792e-05,
        "min": 2.49494666703e-22,
        "skew": 1.26025283337,
        "var": 9.24614994346e-07
    },
    "spectral_flatness_db": {
        "kurt": -0.203382968903,
        "max": 0.304625213146,
        "mean": 0.203007772565,
        "median": 0.191802471876,
        "min": 0.0750899016857,
        "skew": 0.0884863957763,
        "var": 0.00252342363819
    },
    "spectral_flux": {
        "kurt": 3.79678869247,
        "max": 0.0436108857393,
        "mean": 0.00764485867694,
        "median": 0.00542850280181,
        "min": 1.03990413503e-10,
        "skew": 1.92821204662,
        "var": 8.01350834081e-05
    },
    "spectral_kurtosis": {
        "kurt": 2.46344900131,
        "max": 20.5428504944,
        "mean": 6.03765678406,
        "median": 5.17178106308,
        "min": -1.21477544308,
        "skew": 1.54313182831,
        "var": 13.5154781342
    },
    "spectral_rms": {
        "kurt": -0.574784994125,
        "max": 0.00267970166169,
        "mean": 0.000703856581822,
        "median": 0.000264963135123,
        "min": 3.24811466786e-12,
        "skew": 1.09816908836,
        "var": 8.35430398638e-07
    },
    "spectral_rolloff": {
        "kurt": 94.388343811,
        "max": 18776.953125,
        "mean": 2281.60302734,
        "median": 2347.11914062,
        "min": 796.728515625,
        "skew": 8.41792392731,
        "var": 2014909.75
    },
    "spectral_skewness": {
        "kurt": 2.06491613388,
        "max": 2.69794678688,
        "mean": 1.72714173794,
        "median": 1.68253898621,
        "min": -0.00683843204752,
        "skew": 0.0843773707747,
        "var": 0.13206385076
    },
    "spectral_spread": {
        "kurt": 86.0751266479,
        "max": 40934476,
        "mean": 3658164.75,
        "median": 3055884.75,
        "min": 1780826.125,
        "skew": 8.27938365936,
        "var": 1.08292242145e+13
    },
    "spectral_strongpeak": {
        "kurt": 5.57748413086,
        "max": 4.47917366028,
        "mean": 0.498269289732,
        "median": 0.0204617120326,
        "min": 2.66016697559e-09,
        "skew": 2.38211798668,
        "var": 0.884959340096
    },
    "zerocrossingrate": {
        "kurt": 49.5473709106,
        "max": 0.49755859375,
        "mean": 0.0763588771224,
        "median": 0.067626953125,
        "min": 0.033203125,
        "skew": 6.57452344894,
        "var": 0.00255120568909
    },
    "barkbands": {
        "kurt": [13.5980415344, 83.78855896, 38.9780426025, 86.3094482422, 16.0380268097, 8.63171768188, 5.44975948334, 2.43780708313, 9.85924243927, 0.512580394745, 2.44235706329, 2.32182502747, 10.6685781479, 2.98578548431, 3.11079645157, 3.16447687149, 16.8634223938, 20.9122314453, 10.6238641739, 3.30488777161, 3.91031646729, 6.72212028503, 3.5464849472, 5.24659252167, 7.26214599609, 16.7849292755, 17.0226535797],
        "max": [2.04630001832e-09, 1.14666590889e-06, 1.67275684362e-05, 0.000139001640491, 0.000182795876754, 0.00150325382128, 0.00105489813723, 1.6101901565e-05, 5.82070024393e-05, 0.00205841939896, 0.000115536473459, 0.000163931777934, 4.04606180382e-05, 0.000865931622684, 0.00197601760738, 0.000821216148324, 0.00217843358405, 0.00064096407732, 0.000822121219244, 8.65069450811e-05, 0.000139197640237, 1.48998169607e-05, 6.98651206221e-07, 3.13768481419e-07, 5.92232254348e-08, 6.42933817296e-10, 6.5646132974e-10],
        "mean": [1.28712526748e-10, 3.66642360916e-08, 8.8790392283e-07, 4.64947925138e-06, 1.7994116206e-05, 0.000133535344503, 0.000101940182503, 2.55948043559e-06, 6.71977113598e-06, 0.000361308368156, 1.59523660841e-05, 2.20662968786e-05, 3.70779457626e-06, 0.000107659907371, 0.00024118401052, 9.12219329621e-05, 0.000124734709971, 3.79155135306e-05, 6.40789003228e-05, 1.0995611774e-05, 1.35160335049e-05, 1.3208650671e-06, 8.90925733188e-08, 3.5888362504e-08, 6.32582786153e-09, 3.60462493187e-11, 3.53873805259e-11],
        "median": [8.2054588818e-12, 1.09047508801e-08, 3.08135810201e-07, 1.457694907e-06, 1.08352414827e-05, 4.86445014758e-06, 2.30612567975e-06, 1.82249209502e-06, 3.34711648975e-06, 3.51224912265e-06, 3.40680458066e-06, 2.08527103496e-06, 1.13485270958e-06, 1.76121261575e-06, 1.35579148264e-06, 2.0842212507e-06, 2.02453975362e-06, 2.12322038351e-06, 9.01074827198e-07, 7.70097813074e-07, 5.09289975525e-07, 1.60589962661e-07, 3.21823954152e-08, 8.2530178247e-09, 2.07236450223e-09, 1.27055657662e-12, 4.26411672898e-13],
        "min": [1.12392231719e-23, 1.79142422967e-23, 1.21695426147e-23, 1.1977723197e-23, 1.99532237002e-23, 7.27016292844e-23, 2.58316889481e-23, 6.72394364698e-23, 4.93413689772e-23, 1.38987029997e-22, 4.21940367404e-23, 1.48288192319e-22, 7.55047676251e-23, 1.25984948827e-22, 1.10554261541e-22, 1.31989202679e-22, 1.87050090898e-22, 2.53598207536e-22, 2.39532880705e-22, 3.86722208716e-22, 4.62687292456e-22, 6.17001612163e-22, 7.69780619221e-22, 9.59817488968e-22, 1.17630263081e-21, 1.83894811361e-21, 2.11800100715e-21],
        "skew": [3.59969735146, 8.28307819366, 5.25462865829, 8.37766933441, 3.35405540466, 2.80257582664, 2.41167354584, 1.45457029343, 2.74548339844, 1.52176010609, 1.80779922009, 1.82951831818, 3.30472135544, 2.03265357018, 2.00898361206, 2.0279276371, 3.91351747513, 4.04050588608, 3.27567386627, 2.0987136364, 2.21807122231, 2.54095864296, 1.79661118984, 2.40178871155, 2.69395208359, 3.87637543678, 3.92220067978],
        "var": [1.13183743601e-19, 9.82337227919e-15, 2.98335878571e-12, 1.41736913872e-10, 6.72067124174e-10, 7.6503333446e-08, 4.31565219117e-08, 7.97954671089e-12, 8.97757423957e-11, 4.57734444126e-07, 6.42992936672e-10, 1.5277630272e-09, 5.64953327176e-11, 4.52802275674e-08, 2.25262382969e-07, 3.20651452057e-08, 1.07904355673e-07, 7.20775705787e-09, 2.51130831685e-08, 4.28479085546e-10, 8.19686707398e-10, 6.82440258817e-12, 1.51119249764e-14, 4.19150145839e-15, 1.23852323749e-16, 8.68580517535e-21, 9.22591857243e-21],
        "cov": [[1.1378899424e-19, 1.99009687854e-18, 8.2178249805e-17, 5.28829615206e-16, 2.76901592611e-15, 5.40862995124e-14, 4.37071711289e-14, 3.72687720528e-16, 8.74536901145e-16, 1.1025329819e-13, 3.81603165815e-15, 7.52367189816e-15, 1.55697329436e-15, 2.29797107856e-14, 7.01954160488e-14, 2.57001536074e-14, 5.71630281087e-14, 1.58336969973e-14, 1.30057301192e-14, 3.41347120315e-15, 3.06301238002e-15, 3.00838044898e-16, 1.95691907776e-17, 7.15520411563e-18, 8.79178736822e-19, 1.23715959691e-20, 1.2462489709e-20], [1.99009687854e-18, 9.87590356851e-15, 8.42375485772e-14, 2.14105520964e-13, 4.70174463599e-13, 5.99428547163e-13, 4.39338859346e-13, 3.39710491725e-14, 6.35578693625e-14, 2.34100998135e-12, 1.76875522692e-13, 2.0165531571e-13, 7.11016870923e-14, 7.9813304403e-13, 1.25190808241e-12, 4.63180654855e-13, -1.11107371675e-13, 3.31146134819e-13, 7.26234231172e-13, 5.36465843807e-14, 6.52848340167e-14, 1.03168494391e-14, 4.09304901899e-16, 1.5751500126e-16, 4.42626364098e-17, 3.75280832073e-19, 3.84783974089e-19], [8.2178249805e-17, 8.42375485772e-14, 2.99931260384e-12, 1.43322229085e-11, 1.7845974698e-11, 9.61834847879e-11, 6.64260313421e-11, 1.03220698048e-12, 2.92076020487e-12, 1.82037718233e-10, 1.13285379341e-11, 1.74522115509e-11, 3.33750757066e-12, 6.09032130283e-11, 1.3395920484e-10, 5.59173748971e-11, 1.03778027838e-10, 2.67400459414e-11, 4.29639449018e-11, 2.97870799207e-12, 6.85797599265e-12, 4.62186549883e-13, 3.89973494577e-14, 1.51098802388e-14, 3.30990744931e-15, 2.92523622428e-17, 2.94463989621e-17], [5.28829615206e-16, 2.14105520964e-13, 1.43322229085e-11, 1.42494877009e-10, 1.29170257823e-10, 5.12566766808e-10, 4.20664780787e-10, 5.38075053264e-12, 2.04460094688e-11, 1.65452362921e-09, 6.17695339322e-11, 1.05259183314e-10, 1.62113499708e-11, 4.26539858989e-10, 7.62791274589e-10, 2.67062816306e-10, 4.79894735061e-10, 1.50518056352e-10, 1.33886401965e-10, 7.06968719677e-11, 8.33443938864e-11, 5.24907504615e-12, 2.62093244243e-13, 1.88372660027e-13, 1.44715765386e-14, 2.89048325654e-16, 2.93326239085e-16], [2.76901592611e-15, 4.70174463599e-13, 1.7845974698e-11, 1.29170257823e-10, 6.75661082639e-10, 2.04535788306e-09, 1.63707813972e-09, 2.57433241391e-11, 8.48401141007e-11, 8.34162783292e-09, 2.33458419263e-10, 5.88649073929e-10, 1.08538823762e-10, 1.6969209371e-09, 5.52587620106e-09, 1.94315541435e-09, 1.81928350163e-09, 5.33762423149e-10, 8.51400783208e-10, 2.17241072353e-10, 2.67179639524e-10, 2.42727105776e-11, 1.27302367866e-12, 5.6846985886e-13, 9.46781444477e-14, 1.01035032273e-15, 1.02106253665e-15], [5.40862995124e-14, 5.99428547163e-13, 9.61834847879e-11, 5.12566766808e-10, 2.04535788306e-09, 7.6912442637e-08, 5.39349187534e-08, 4.81238160432e-10, 1.64851354789e-09, 9.78381891059e-08, 4.3888119805e-09, 6.90540158388e-09, 1.38986522291e-09, 2.57241996593e-08, 6.49868283631e-08, 2.32032544289e-08, 6.36668247012e-08, 1.86181789985e-08, 1.24314052385e-08, 3.08414938033e-09, 2.85881607276e-09, 3.28011146022e-10, 2.10173059512e-11, 6.80691614185e-12, 8.75326016097e-13, 1.35845212846e-14, 1.37913099791e-14], [4.37071711289e-14, 4.39338859346e-13, 6.64260313421e-11, 4.20664780787e-10, 1.63707813972e-09, 5.39349187534e-08, 4.33873026395e-08, 3.62997132353e-10, 1.01097874516e-09, 8.80677930581e-08, 3.42578343471e-09, 5.6340350163e-09, 1.05139763562e-09, 2.13288586792e-08, 5.57124550937e-08, 1.97757898945e-08, 5.4826671203e-08, 1.23659287254e-08, 1.08377173902e-08, 2.82814038854e-09, 2.55835486129e-09, 2.57836113571e-10, 1.6609220943e-11, 5.50739011687e-12, 7.56200061337e-13, 1.05772629425e-14, 1.07096618154e-14], [3.72687720528e-16, 3.39710491725e-14, 1.03220698048e-12, 5.38075053264e-12, 2.57433241391e-11, 4.81238160432e-10, 3.62997132353e-10, 8.02221830631e-12, 1.52693586941e-11, 8.66702931646e-10, 3.55848614464e-11, 5.35414317049e-11, 9.39140258616e-12, 2.59526927726e-10, 5.93373461477e-10, 2.02673822169e-10, 4.54653259485e-10, 1.28275570721e-10, 1.54535176322e-10, 2.3608720881e-11, 2.79877458015e-11, 3.15850058781e-12, 2.04148397948e-13, 7.09980034833e-14, 1.20145067533e-14, 1.09184313759e-16, 1.09680092731e-16], [8.74536901145e-16, 6.35578693625e-14, 2.92076020487e-12, 2.04460094688e-11, 8.48401141007e-11, 1.64851354789e-09, 1.01097874516e-09, 1.52693586941e-11, 9.02558236482e-11, 3.20104098783e-09, 1.38626110591e-10, 2.02689129369e-10, 3.3754447154e-11, 1.02133834723e-09, 2.28905960853e-09, 8.61271165498e-10, 1.30305244372e-09, 4.82753947928e-10, 5.55311241435e-10, 8.64860821848e-11, 1.20885898514e-10, 1.28540615651e-11, 7.59456842032e-13, 2.9326302671e-13, 4.34477859235e-14, 3.60382899373e-16, 3.59594629337e-16], [1.1025329819e-13, 2.34100998135e-12, 1.82037718233e-10, 1.65452362921e-09, 8.34162783292e-09, 9.78381891059e-08, 8.80677930581e-08, 8.66702931646e-10, 3.20104098783e-09, 4.60182207007e-07, 1.3317476899e-08, 2.37814941073e-08, 2.71071676217e-09, 1.3047434777e-07, 2.89698192546e-07, 1.02491199527e-07, 9.8578681218e-08, 3.02376221839e-08, 8.33097928421e-08, 1.14288907227e-08, 1.71586211906e-08, 1.49764789459e-09, 7.07922193088e-11, 3.66862061563e-11, 6.15082073815e-12, 3.26486952165e-14, 3.172090276e-14], [3.81603165815e-15, 1.76875522692e-13, 1.13285379341e-11, 6.17695339322e-11, 2.33458419263e-10, 4.3888119805e-09, 3.42578343471e-09, 3.55848614464e-11, 1.38626110591e-10, 1.3317476899e-08, 6.46431408402e-10, 7.75179642698e-10, 9.49627668168e-11, 4.19974188759e-09, 8.0471549424e-09, 2.96964630664e-09, 4.09571532245e-09, 1.18163312468e-09, 2.37627584276e-09, 3.66204483404e-10, 5.70186176052e-10, 4.47368496415e-11, 2.41211542927e-12, 1.36366189608e-12, 1.75855017397e-13, 1.24605185162e-15, 1.2097196439e-15], [7.52367189816e-15, 2.0165531571e-13, 1.74522115509e-11, 1.05259183314e-10, 5.88649073929e-10, 6.90540158388e-09, 5.6340350163e-09, 5.35414317049e-11, 2.02689129369e-10, 2.37814941073e-08, 7.75179642698e-10, 1.53593293639e-09, 2.33657149185e-10, 6.17071860276e-09, 1.58129793704e-08, 5.81601566907e-09, 7.13338721425e-09, 2.14078665906e-09, 3.77303166488e-09, 5.71733826948e-10, 8.34975311115e-10, 6.96764590469e-11, 3.75229448207e-12, 1.76400615035e-12, 2.8248849657e-13, 1.99290610632e-15, 1.96599036387e-15], [1.55697329436e-15, 7.11016870923e-14, 3.33750757066e-12, 1.62113499708e-11, 1.08538823762e-10, 1.38986522291e-09, 1.05139763562e-09, 9.39140258616e-12, 3.3754447154e-11, 2.71071676217e-09, 9.49627668168e-11, 2.33657149185e-10, 5.67974486887e-11, 4.54394050164e-10, 2.09520067962e-09, 7.9049794488e-10, 1.47527634553e-09, 3.92015725437e-10, 2.1431728614e-10, 6.63842800175e-11, 6.51176820798e-11, 5.16776855683e-12, 4.55928209683e-13, 1.27156802882e-13, 2.03200781532e-14, 3.25265972171e-16, 3.317311629e-16], [2.29797107856e-14, 7.9813304403e-13, 6.09032130283e-11, 4.26539858989e-10, 1.6969209371e-09, 2.57241996593e-08, 2.13288586792e-08, 2.59526927726e-10, 1.02133834723e-09, 1.3047434777e-07, 4.19974188759e-09, 6.17071860276e-09, 4.54394050164e-10, 4.55223698737e-08, 8.5093091684e-08, 2.99299287576e-08, 2.02273913175e-08, 8.94951401875e-09, 3.09199421622e-08, 3.07212122408e-09, 5.31293986583e-09, 5.00632257872e-10, 2.15514134316e-11, 1.19089156939e-11, 2.13035600445e-12, 8.73919212956e-15, 8.3556107183e-15], [7.01954160488e-14, 1.25190808241e-12, 1.3395920484e-10, 7.62791274589e-10, 5.52587620106e-09, 6.49868283631e-08, 5.57124550937e-08, 5.93373461477e-10, 2.28905960853e-09, 2.89698192546e-07, 8.0471549424e-09, 1.58129793704e-08, 2.09520067962e-09, 8.5093091684e-08, 2.26467008702e-07, 8.26938588716e-08, 7.27181017623e-08, 2.07398400676e-08, 6.16010140675e-08, 6.13385786608e-09, 9.6749559475e-09, 9.8878916166e-10, 4.78876070742e-11, 2.08808925012e-11, 4.16122344915e-12, 2.08321688621e-14, 2.04096129239e-14], [2.57001536074e-14, 4.63180654855e-13, 5.59173748971e-11, 2.67062816306e-10, 1.94315541435e-09, 2.32032544289e-08, 1.97757898945e-08, 2.02673822169e-10, 8.61271165498e-10, 1.02491199527e-07, 2.96964630664e-09, 5.81601566907e-09, 7.9049794488e-10, 2.99299287576e-08, 8.26938588716e-08, 3.22366169314e-08, 2.80532130859e-08, 7.77453124101e-09, 2.20233484782e-08, 2.23497487184e-09, 3.49154261059e-09, 3.42471884185e-10, 1.78551548546e-11, 7.37036126575e-12, 1.4847037445e-12, 7.08022092764e-15, 6.90706918201e-15], [5.71630281087e-14, -1.11107371675e-13, 1.03778027838e-10, 4.79894735061e-10, 1.81928350163e-09, 6.36668247012e-08, 5.4826671203e-08, 4.54653259485e-10, 1.30305244372e-09, 9.8578681218e-08, 4.09571532245e-09, 7.13338721425e-09, 1.47527634553e-09, 2.02273913175e-08, 7.27181017623e-08, 2.80532130859e-08, 1.08481387429e-07, 1.42967104821e-08, 1.10632578654e-08, 2.99417601823e-09, 2.84868240108e-09, 2.86107026959e-10, 1.97044620204e-11, 5.05154511971e-12, 6.4873415884e-13, 1.30778541276e-14, 1.33217547237e-14], [1.58336969973e-14, 3.31146134819e-13, 2.67400459414e-11, 1.50518056352e-10, 5.33762423149e-10, 1.86181789985e-08, 1.23659287254e-08, 1.28275570721e-10, 4.82753947928e-10, 3.02376221839e-08, 1.18163312468e-09, 2.14078665906e-09, 3.92015725437e-10, 8.94951401875e-09, 2.07398400676e-08, 7.77453124101e-09, 1.42967104821e-08, 7.24630133675e-09, 5.46643086352e-09, 7.46972594889e-10, 9.70821534274e-10, 1.24276866575e-10, 6.88248329855e-12, 2.10029996867e-12, 3.89085736286e-13, 3.64708500759e-15, 3.68488342934e-15], [1.30057301192e-14, 7.26234231172e-13, 4.29639449018e-11, 1.33886401965e-10, 8.51400783208e-10, 1.24314052385e-08, 1.08377173902e-08, 1.54535176322e-10, 5.55311241435e-10, 8.33097928421e-08, 2.37627584276e-09, 3.77303166488e-09, 2.1431728614e-10, 3.09199421622e-08, 6.16010140675e-08, 2.20233484782e-08, 1.10632578654e-08, 5.46643086352e-09, 2.5247377522e-08, 1.48020273816e-09, 3.13042503031e-09, 3.33529703855e-10, 1.40356814712e-11, 6.77996330953e-12, 1.61152742626e-12, 4.30632397417e-15, 4.03722838309e-15], [3.41347120315e-15, 5.36465843807e-14, 2.97870799207e-12, 7.06968719677e-11, 2.17241072353e-10, 3.08414938033e-09, 2.82814038854e-09, 2.3608720881e-11, 8.64860821848e-11, 1.14288907227e-08, 3.66204483404e-10, 5.71733826948e-10, 6.63842800175e-11, 3.07212122408e-09, 6.13385786608e-09, 2.23497487184e-09, 2.99417601823e-09, 7.46972594889e-10, 1.48020273816e-09, 4.30770419335e-10, 4.62630767029e-10, 3.57842748488e-11, 1.78673829204e-12, 1.05623094906e-12, 1.21503135786e-13, 9.31246868694e-16, 9.09127767947e-16], [3.06301238002e-15, 6.52848340167e-14, 6.85797599265e-12, 8.33443938864e-11, 2.67179639524e-10, 2.85881607276e-09, 2.55835486129e-09, 2.79877458015e-11, 1.20885898514e-10, 1.71586211906e-08, 5.70186176052e-10, 8.34975311115e-10, 6.51176820798e-11, 5.31293986583e-09, 9.6749559475e-09, 3.49154261059e-09, 2.84868240108e-09, 9.70821534274e-10, 3.13042503031e-09, 4.62630767029e-10, 8.24070089944e-10, 6.0929393475e-11, 2.67896317109e-12, 1.73137339968e-12, 2.4115117455e-13, 1.23699177546e-15, 1.1762739127e-15], [3.00838044898e-16, 1.03168494391e-14, 4.62186549883e-13, 5.24907504615e-12, 2.42727105776e-11, 3.28011146022e-10, 2.57836113571e-10, 3.15850058781e-12, 1.28540615651e-11, 1.49764789459e-09, 4.47368496415e-11, 6.96764590469e-11, 5.16776855683e-12, 5.00632257872e-10, 9.8878916166e-10, 3.42471884185e-10, 2.86107026959e-10, 1.24276866575e-10, 3.33529703855e-10, 3.57842748488e-11, 6.0929393475e-11, 6.8608968333e-12, 2.68347247635e-13, 1.37002890044e-13, 2.30782783156e-14, 1.07812113767e-16, 1.03885824889e-16], [1.95691907776e-17, 4.09304901899e-16, 3.89973494577e-14, 2.62093244243e-13, 1.27302367866e-12, 2.10173059512e-11, 1.6609220943e-11, 2.04148397948e-13, 7.59456842032e-13, 7.07922193088e-11, 2.41211542927e-12, 3.75229448207e-12, 4.55928209683e-13, 2.15514134316e-11, 4.78876070742e-11, 1.78551548546e-11, 1.97044620204e-11, 6.88248329855e-12, 1.40356814712e-11, 1.78673829204e-12, 2.67896317109e-12, 2.68347247635e-13, 1.51927370017e-14, 5.95538446709e-15, 1.03051171857e-15, 4.74909163726e-18, 4.56404802551e-18], [7.15520411563e-18, 1.5751500126e-16, 1.51098802388e-14, 1.88372660027e-13, 5.6846985886e-13, 6.80691614185e-12, 5.50739011687e-12, 7.09980034833e-14, 2.9326302671e-13, 3.66862061563e-11, 1.36366189608e-12, 1.76400615035e-12, 1.27156802882e-13, 1.19089156939e-11, 2.08808925012e-11, 7.37036126575e-12, 5.05154511971e-12, 2.10029996867e-12, 6.77996330953e-12, 1.05623094906e-12, 1.73137339968e-12, 1.37002890044e-13, 5.95538446709e-15, 4.21391564424e-15, 5.22408840769e-16, 2.90914706505e-18, 2.77009490216e-18], [8.79178736822e-19, 4.42626364098e-17, 3.30990744931e-15, 1.44715765386e-14, 9.46781444477e-14, 8.75326016097e-13, 7.56200061337e-13, 1.20145067533e-14, 4.34477859235e-14, 6.15082073815e-12, 1.75855017397e-13, 2.8248849657e-13, 2.03200781532e-14, 2.13035600445e-12, 4.16122344915e-12, 1.4847037445e-12, 6.4873415884e-13, 3.89085736286e-13, 1.61152742626e-12, 1.21503135786e-13, 2.4115117455e-13, 2.30782783156e-14, 1.03051171857e-15, 5.22408840769e-16, 1.2451463734e-16, 3.04888382331e-19, 2.82334113857e-19], [1.23715959691e-20, 3.75280832073e-19, 2.92523622428e-17, 2.89048325654e-16, 1.01035032273e-15, 1.35845212846e-14, 1.05772629425e-14, 1.09184313759e-16, 3.60382899373e-16, 3.26486952165e-14, 1.24605185162e-15, 1.99290610632e-15, 3.25265972171e-16, 8.73919212956e-15, 2.08321688621e-14, 7.08022092764e-15, 1.30778541276e-14, 3.64708500759e-15, 4.30632397417e-15, 9.31246868694e-16, 1.23699177546e-15, 1.07812113767e-16, 4.74909163726e-18, 2.90914706505e-18, 3.04888382331e-19, 8.73225330545e-21, 8.99111075398e-21], [1.2462489709e-20, 3.84783974089e-19, 2.94463989621e-17, 2.93326239085e-16, 1.02106253665e-15, 1.37913099791e-14, 1.07096618154e-14, 1.09680092731e-16, 3.59594629337e-16, 3.172090276e-14, 1.2097196439e-15, 1.96599036387e-15, 3.317311629e-16, 8.3556107183e-15, 2.04096129239e-14, 6.90706918201e-15, 1.33217547237e-14, 3.68488342934e-15, 4.03722838309e-15, 9.09127767947e-16, 1.1762739127e-15, 1.03885824889e-16, 4.56404802551e-18, 2.77009490216e-18, 2.82334113857e-19, 8.99111075398e-21, 9.27525456453e-21]]
    },
    "mfcc": {
        "kurt": [-1.258461833, -0.539409399033, -1.22636532784, -0.184255599976, -0.754365682602, -0.693430185318, 0.169501304626, -0.94474363327, -0.580384492874, -0.483296394348, -0.352736473083, -0.442700624466, -0.54087471962],
        "max": [-744.506713867, 152.083282471, 22.8186950684, 35.8629188538, 15.6245117188, 2.04529571533, 8.44510269165, 6.30459594727, 8.93323898315, 4.49618530273, -2.67028808594e-05, 2.28211975098, 9.24216461182],
        "mean": [-937.475036621, 89.3315124512, -47.981262207, 8.14068508148, -13.5865268707, -18.9030094147, -13.4238424301, -13.683339119, -6.34110355377, -14.7503376007, -18.0398082733, -15.4385099411, -11.3574171066],
        "median": [-918.467041016, 110.272834778, -37.5472373962, 9.00471115112, -11.8534832001, -20.7255020142, -9.53843307495, -13.0908508301, -6.32383346558, -14.7923126221, -18.6945133209, -14.1610221863, -12.4939823151],
        "min": [-1138.42004395, 1.14440917969e-05, -138.723632812, -22.7187004089, -45.3521957397, -48.0161552429, -50.1162376404, -34.900894165, -25.4664916992, -42.0887680054, -48.1315307617, -45.3876991272, -29.7454566956],
        "skew": [-0.0919523239136, -0.96615177393, -0.420463174582, -0.346233934164, -0.493228346109, 0.044845983386, -0.960625171661, -0.318943947554, -0.310183465481, -0.244448244572, -0.0810740441084, -0.427857428789, 0.174695208669],
        "var": [18486.3535156, 2083.41894531, 2536.98046875, 137.377700806, 174.883865356, 138.688415527, 159.689788818, 110.765968323, 47.9292106628, 97.3816833496, 112.997871399, 117.367523193, 61.0708312988],
        "cov": [[18585.2109375, 5369.06152344, -6560.91992188, 1039.00415039, -1362.68969727, -1153.30151367, -1310.13757324, -1215.26330566, 162.394210815, -656.06817627, -1162.26989746, -1018.33581543, -352.120361328], [5369.06152344, 2094.56030273, -1586.46643066, 213.802383423, -312.80770874, -402.256896973, -335.959869385, -330.946655273, -36.9265365601, -300.775726318, -375.177978516, -263.466918945, -169.755889893], [-6560.91992188, -1586.46643066, 2550.54711914, -392.72442627, 499.478637695, 382.271759033, 506.465881348, 436.690063477, -115.568519592, 168.534408569, 385.178070068, 362.139953613, 60.2696609497], [1039.00415039, 213.802383423, -392.72442627, 138.112335205, -69.4100189209, -57.1628494263, -57.3446083069, -66.4878921509, 14.030787468, -24.9712772369, -45.9014816284, -56.08776474, -15.0097837448], [-1362.68969727, -312.80770874, 499.478637695, -69.4100189209, 175.819076538, 93.4472427368, 96.2644577026, 108.167396545, -9.8574962616, 19.5971908569, 89.0657577515, 102.744560242, 30.105796814], [-1153.30151367, -402.256896973, 382.271759033, -57.1628494263, 93.4472427368, 139.43006897, 98.7719345093, 78.2789230347, 18.6810684204, 54.9506378174, 74.8550415039, 62.0130729675, 19.9893188477], [-1310.13757324, -335.959869385, 506.465881348, -57.3446083069, 96.2644577026, 98.7719345093, 160.543746948, 94.8143615723, -20.3964691162, 62.0115661621, 83.765914917, 57.8470649719, -3.03893589973], [-1215.26330566, -330.946655273, 436.690063477, -66.4878921509, 108.167396545, 78.2789230347, 94.8143615723, 111.358299255, -3.84237003326, 33.5289459229, 89.7813415527, 78.8868255615, 26.2681751251], [162.394210815, -36.9265365601, -115.568519592, 14.030787468, -9.8574962616, 18.6810684204, -20.3964691162, -3.84237003326, 48.1855163574, 18.5340538025, -5.11490678787, 2.09962749481, 18.0466880798], [-656.06817627, -300.775726318, 168.534408569, -24.9712772369, 19.5971908569, 54.9506378174, 62.0115661621, 33.5289459229, 18.5340538025, 97.9024353027, 56.2157096863, 9.20033550262, 25.4377403259], [-1162.26989746, -375.177978516, 385.178070068, -45.9014816284, 89.0657577515, 74.8550415039, 83.765914917, 89.7813415527, -5.11490678787, 56.2157096863, 113.602134705, 79.826675415, 37.207736969], [-1018.33581543, -263.466918945, 362.139953613, -56.08776474, 102.744560242, 62.0130729675, 57.8470649719, 78.8868255615, 2.09962749481, 9.20033550262, 79.826675415, 117.995155334, 45.665927887], [-352.120361328, -169.755889893, 60.2696609497, -15.0097837448, 30.105796814, 19.9893188477, -3.03893589973, 26.2681751251, 18.0466880798, 25.4377403259, 37.207736969, 45.665927887, 61.3974151611]]
    },
    "sccoeffs": {
        "kurt": [2.21222734451, -0.455916881561, -0.406250476837, -0.384061336517, -0.868545055389, -0.647284030914],
        "max": [-0.444272577763, -0.504606902599, -0.536254167557, -0.46579927206, -0.602016031742, -0.651933193207],
        "mean": [-0.608404874802, -0.794439136982, -0.804995000362, -0.792867779732, -0.814138352871, -0.788681983948],
        "median": [-0.603789567947, -0.841547250748, -0.853444218636, -0.857872009277, -0.855110228062, -0.808243095875],
        "min": [-0.96363812685, -0.978744626045, -0.963891983032, -0.960550546646, -0.962679624557, -0.961322128773],
        "skew": [-0.985271215439, 0.906973481178, 1.04469323158, 1.07327318192, 0.728981018066, 0.220703050494],
        "var": [0.00697197346017, 0.0137629956007, 0.014343704097, 0.0187988057733, 0.00856013968587, 0.00467504514381],
        "cov": [[0.0070092570968, 0.00463620852679, 0.00463742250577, 0.00508626084775, 0.00374767254107, 0.00339421257377], [0.00463620852679, 0.0138365942985, 0.0123055130243, 0.0138066224754, 0.00997466687113, 0.00691217975691], [0.00463742250577, 0.0123055130243, 0.0144204087555, 0.0155914267525, 0.0101261688396, 0.00728420447558], [0.00508626084775, 0.0138066224754, 0.0155914267525, 0.0188993345946, 0.0117015736178, 0.00827875174582], [0.00374767254107, 0.00997466687113, 0.0101261688396, 0.0117015736178, 0.00860591605306, 0.00588832842186], [0.00339421257377, 0.00691217975691, 0.00728420447558, 0.00827875174582, 0.00588832842186, 0.00470004510134]]
    },
    "scvalleys": {
        "kurt": [10.2726993561, 14.1018333435, 15.9122581482, 12.1342163086, 13.3850574493, 12.2396755219],
        "max": [-8.25292682648, -6.70357131958, -6.83729887009, -7.48805904388, -8.15964126587, -11.300617218],
        "mean": [-11.3785400391, -9.03551769257, -9.16581726074, -9.92565536499, -10.2415208817, -13.1415081024],
        "median": [-10.4728431702, -7.96082735062, -8.12254047394, -8.81661605835, -9.38550949097, -12.2768974304],
        "min": [-27.3875675201, -26.8083610535, -27.7793140411, -27.3177661896, -27.1644039154, -27.1976566315],
        "skew": [-2.56874418259, -3.03392982483, -3.1832420826, -2.77928256989, -2.81428790092, -2.61434960365],
        "var": [5.92308139801, 6.31227731705, 6.4874997139, 6.34728813171, 5.63276386261, 4.04914617538],
        "cov": [[5.95475578308, 5.95701646805, 6.01028966904, 5.96356964111, 5.56380939484, 4.65040588379], [5.95701646805, 6.34603261948, 6.35282754898, 6.28082895279, 5.88845825195, 4.92994499207], [6.01028966904, 6.35282754898, 6.52219200134, 6.34655714035, 5.95768880844, 4.96702575684], [5.96356964111, 6.28082895279, 6.34655714035, 6.38123083115, 5.92090082169, 4.94858503342], [5.56380939484, 5.88845825195, 5.95768880844, 5.92090082169, 5.66288566589, 4.7358455658], [4.65040588379, 4.92994499207, 4.96702575684, 4.94858503342, 4.7358455658, 4.07079935074]]
    }
},
"rhythm": {
    "beats_loudness": {
        "kurt": -1.90745401382,
        "max": 0.00604927027598,
        "mean": 0.00247220904566,
        "median": 9.27915825741e-05,
        "min": 8.19917204353e-07,
        "skew": 0.246457561851,
        "var": 7.45553734305e-06
    },
    "bpm": 137.469451904,
    "confidence": 0,
    "first_peak_bpm": {
        "kurt": 0,
        "max": 136,
        "mean": 136,
        "median": 136,
        "min": 136,
        "skew": 0,
        "var": 0
    },
    "first_peak_spread": {
        "kurt": 0,
        "max": 0.399999976158,
        "mean": 0.399999976158,
        "median": 0.399999976158,
        "min": 0.399999976158,
        "skew": 0,
        "var": 0
    },
    "first_peak_weight": {
        "kurt": 0,
        "max": 0.375,
        "mean": 0.375,
        "median": 0.375,
        "min": 0.375,
        "skew": 0,
        "var": 0
    },
    "onset_rate": 0.925440132618,
    "second_peak_bpm": {
        "kurt": 0,
        "max": 148,
        "mean": 148,
        "median": 148,
        "min": 148,
        "skew": 0,
        "var": 0
    },
    "second_peak_spread": {
        "kurt": 0,
        "max": 0.333333313465,
        "mean": 0.333333313465,
        "median": 0.333333313465,
        "min": 0.333333313465,
        "skew": 0,
        "var": 0
    },
    "second_peak_weight": {
        "kurt": 0,
        "max": 0.25,
        "mean": 0.25,
        "median": 0.25,
        "min": 0.25,
        "skew": 0,
        "var": 0
    },
    "beats_loudness_band_ratio": {
        "kurt": [-0.218792915344, -0.93602514267, -1.43666875362, -0.853063821793, -1.48326122761, -1.43499350548],
        "max": [0.329442083836, 0.462983191013, 0.407381266356, 0.341413617134, 0.579138040543, 0.0834430009127],
        "mean": [0.0953672528267, 0.242200672626, 0.256744414568, 0.217600673437, 0.298368394375, 0.0493027716875],
        "median": [0.0792999342084, 0.220471590757, 0.228087365627, 0.208333179355, 0.281301230192, 0.0431054085493],
        "min": [0.000996709801257, 0.065370708704, 0.126000970602, 0.11426833272, 0.0617301873863, 0.0182658601552],
        "skew": [1.02095890045, 0.449974834919, 0.255693912506, 0.104113169014, 0.155643641949, 0.0728006362915],
        "var": [0.012103382498, 0.0166435390711, 0.00989637803286, 0.00491888495162, 0.0307007562369, 0.000490842096042],
        "cov": [[0.0136163048446, 0.00666410662234, -0.00569568853825, -0.00329511752352, -0.0178030449897, 0.000627844769042], [0.00666410662234, 0.018723981455, -0.00899349432439, -0.00425508758053, -0.019624652341, -0.000507001939695], [-0.00569568853825, -0.00899349432439, 0.0111334249377, 0.000526220363099, 0.0132469721138, -0.00027450689231], [-0.00329511752352, -0.00425508758053, 0.000526220363099, 0.00553374551237, 0.00384430657141, -0.000285118236206], [-0.0178030449897, -0.019624652341, 0.0132469721138, 0.00384430657141, 0.0345383509994, -0.000937613542192], [0.000627844769042, -0.000507001939695, -0.00027450689231, -0.000285118236206, -0.000937613542192, 0.000552197336219]]
    },
    "beats_position": [0.441179126501, 0.882358253002, 1.3235373497, 1.71827661991, 2.12462592125, 2.53097510338, 2.96054410934, 3.39011335373, 3.83129239082],
    "bpm_estimates": [135.999176025, 135.999191284, 139.674880981, 139.674804688, 135.999206543],
    "bpm_intervals": [0.441179126501, 0.441179096699, 0.39473927021, 0.406349301338, 0.406349182129, 0.429569005966, 0.429569244385, 0.441179037094],
    "onset_times": [0.476009070873, 0.545668959618, 1.28870749474, 1.66022670269],
    "histogram": [[0, 0, 0, 0, 0, 0, 0, 0, 0, 0, 0, 0, 0, 0, 0, 0, 0, 0, 0, 0, 0, 0, 0, 0, 0, 0, 0, 0, 0, 0, 0, 0, 0, 0, 0, 0, 0, 0, 0, 0, 0, 0, 0, 0, 0, 0, 0, 0, 0, 0, 0, 0, 0, 0, 0, 0, 0, 0, 0, 0, 0, 0, 0, 0, 0, 0, 0, 0, 0, 0, 0, 0, 0, 0, 0, 0, 0, 0, 0, 0, 0, 0, 0, 0, 0, 0, 0, 0, 0, 0, 0, 0, 0, 0, 0, 0, 0, 0, 0, 0, 0, 0, 0, 0, 0, 0, 0, 0, 0, 0, 0, 0, 0, 0, 0, 0, 0, 0, 0, 0, 0, 0, 0, 0, 0, 0, 0, 0, 0, 0, 0, 0, 0, 0, 0, 0, 0.375, 0, 0, 0, 0.25, 0, 0, 0, 0, 0, 0, 0, 0.25, 0, 0, 0, 0.125, 0, 0, 0, 0, 0, 0, 0, 0, 0, 0, 0, 0, 0, 0, 0, 0, 0, 0, 0, 0, 0, 0, 0, 0, 0, 0, 0, 0, 0, 0, 0, 0, 0, 0, 0, 0, 0, 0, 0, 0, 0, 0, 0, 0, 0, 0, 0, 0, 0, 0, 0, 0, 0, 0, 0, 0, 0, 0, 0, 0, 0, 0, 0, 0, 0, 0, 0, 0, 0, 0, 0, 0, 0, 0, 0, 0, 0, 0, 0, 0, 0, 0, 0, 0, 0, 0, 0, 0, 0, 0, 0, 0, 0, 0, 0, 0, 0]]
},
"sfx": {
    "inharmonicity": {
        "kurt": -0.599590301514,
        "max": 0.312023490667,
        "mean": 0.0926025807858,
        "median": 0.0723840892315,
        "min": 0,
        "skew": 0.730944097042,
        "var": 0.00721448427066
    },
    "oddtoevenharmonicenergyratio": {
        "kurt": 5.10221099854,
        "max": 4.61693668365,
        "mean": 0.863226473331,
        "median": 0.659259915352,
        "min": 0,
        "skew": 1.85236334801,
        "var": 0.598226130009
    },
    "pitch_after_max_to_before_max_energy_ratio": 8.10845756531,
    "pitch_centroid": 106.067253113,
    "pitch_max_to_total": 0.00531914876774,
    "pitch_min_to_total": 0.0957446843386,
    "tristimulus": {
        "kurt": [8.09206771851, 1.16284704208, 3.08836126328],
        "max": [1, 0.513707101345, 0.78587013483],
        "mean": [0.218706086278, 0.296502619982, 0.48479115963],
        "median": [0.183712273836, 0.296142786741, 0.498815119267],
        "min": [0, 0, 0],
        "skew": [2.64618515968, -0.810288250446, -1.42243814468],
        "var": [0.0385398752987, 0.0102422889322, 0.0228170230985],
        "cov": [[0.0387459732592, -0.0130519978702, -0.0256939604878], [-0.0130519978702, 0.0102970609441, 0.00275493389927], [-0.0256939604878, 0.00275493389927, 0.0229390393943]]
    }
},
"tonal": {
    "chords_changes_rate": 0.157894730568,
    "chords_number_rate": 0.0842105299234,
    "chords_strength": {
        "kurt": -1.12676143646,
        "max": 0.629610598087,
        "mean": 0.502327501774,
        "median": 0.500608563423,
        "min": 0.37389883399,
        "skew": 0.285134166479,
        "var": 0.00499384384602
    },
    "key_strength": 0.702525556087,
    "tuning_diatonic_strength": 0.567851364613,
    "tuning_equal_tempered_deviation": 0.176240757108,
    "tuning_frequency": 445.884552002,
    "tuning_nontempered_energy_ratio": 0.8068972826,
    "hpcp": {
        "kurt": [2.40821361542, 1.88033246994, 5.43313789368, 5.37393379211, 1.03883266449, 1.67286777496, 1.48278617859, 4.44212675095, 1.81274080276, 0.555434942245, 0.762619018555, 1.76266479492, 4.58008670807, 7.82500743866, 4.37445878983, 1.6737909317, 1.83729505539, 4.91478586197, 7.45582008362, 5.34414863586, 4.35515642166, 3.17039680481, 7.09272480011, 5.73223304749, 9.05726051331, 3.34576034546, 3.65594863892, 3.51610088348, 1.3766503334, -0.318969726562, -1.5174946785, 0.845991373062, 4.56465339661, 3.61217069626, 4.44899892807, 1.99328327179],
        "max": [1, 1, 1, 1, 0.713407933712, 1, 1, 1, 1, 1, 1, 1, 1, 1, 1, 1, 1, 0.879575848579, 0.950428724289, 1, 1, 0.810263752937, 1, 1, 1, 0.784095287323, 1, 1, 1, 1, 1, 1, 0.853932797909, 1, 1, 0.820667266846],
        "mean": [0.204334318638, 0.181863442063, 0.146000787616, 0.16470913589, 0.180762901902, 0.248618200421, 0.237078920007, 0.183450222015, 0.198879525065, 0.220729351044, 0.237466871738, 0.193400815129, 0.138467565179, 0.125555083156, 0.185676589608, 0.254009366035, 0.204122945666, 0.136027351022, 0.132648944855, 0.141911253333, 0.14591498673, 0.135952994227, 0.151881068945, 0.155689254403, 0.121741011739, 0.130006596446, 0.159830510616, 0.160629123449, 0.203360572457, 0.401400387287, 0.498359769583, 0.286342918873, 0.141892969608, 0.162323415279, 0.155726909637, 0.161528229713],
