{
"metadata": {
    "version": {
        "essentia": "2.1-beta3"
    }
},
"lowLevel": {
    "average_loudness": 0.00310851237737,
    "barkbands_kurtosis": {
        "kurt": 1116.08898926,
        "max": 236.267333984,
        "mean": 1.53851830959,
        "median": 0.799718976021,
        "min": -1.76153492928,
        "skew": 26.4699192047,
        "var": 24.4285316467
    },
    "barkbands_skewness": {
        "kurt": 28.0614776611,
        "max": 12.2040700912,
        "mean": 0.922532320023,
        "median": 0.849389970303,
        "min": -1.49585127831,
        "skew": 2.65494179726,
        "var": 0.440843820572
    },
    "barkbands_spread": {
        "kurt": 4.89395189285,
        "max": 46.4198265076,
        "mean": 10.6639261246,
        "median": 9.71012496948,
        "min": 0.551849246025,
        "skew": 1.57923185825,
        "var": 22.3596744537
    },
    "dissonance": {
        "kurt": 1.82434749603,
        "max": 0.500000119209,
        "mean": 0.454671025276,
        "median": 0.460639953613,
        "min": 0.271155178547,
        "skew": -1.13096964359,
        "var": 0.000899081467651
    },
    "hfc": {
        "kurt": 1037.55273438,
        "max": 15.1033210754,
        "mean": 0.0939162448049,
        "median": 0.0602164939046,
        "min": 0.000104984246718,
        "skew": 30.5756015778,
        "var": 0.168151676655
    },
    "pitch": {
        "kurt": 118.868080139,
        "max": 3258.6887207,
        "mean": 242.4243927,
        "median": 207.817321777,
        "min": 43.0871200562,
        "skew": 8.69960021973,
        "var": 33398.3085938
    },
    "pitch_instantaneous_confidence": {
        "kurt": 0.822405099869,
        "max": 0.87036895752,
        "mean": 0.33526173234,
        "median": 0.313306421041,
        "min": 0.114545762539,
        "skew": 0.948369324207,
        "var": 0.0135325007141
    },
    "pitch_salience": {
        "kurt": 2.4985332489,
        "max": 0.922484278679,
        "mean": 0.692793011665,
        "median": 0.705212116241,
        "min": 0.0927116274834,
        "skew": -1.06274616718,
        "var": 0.00677784346044
    },
    "silence_rate_20dB": {
        "kurt": 0,
        "max": 1,
        "mean": 1,
        "median": 1,
        "min": 1,
        "skew": 0,
        "var": 0
    },
    "silence_rate_30dB": {
        "kurt": 0,
        "max": 1,
        "mean": 1,
        "median": 1,
        "min": 1,
        "skew": 0,
        "var": 0
    },
    "silence_rate_60dB": {
        "kurt": 274.523071289,
        "max": 1,
        "mean": 0.996422529221,
        "median": 1,
        "min": 0,
        "skew": -16.6290283203,
        "var": 0.00356470653787
    },
    "spectral_centroid": {
        "kurt": 8.59641075134,
        "max": 2220.23022461,
        "mean": 530.983154297,
        "median": 492.778045654,
        "min": 160.269866943,
        "skew": 2.09516000748,
        "var": 31203.9941406
    },
    "spectral_complexity": {
        "kurt": 48.6907844543,
        "max": 12,
        "mean": 0.28303873539,
        "median": 0,
        "min": 0,
        "skew": 4.96499013901,
        "var": 0.461745202541
    },
    "spectral_crest": {
        "kurt": 2.27618598938,
        "max": 23.7406654358,
        "mean": 7.62732315063,
        "median": 6.96856307983,
        "min": 2.96524715424,
        "skew": 1.29797720909,
        "var": 8.34253311157
    },
    "spectral_decrease": {
        "kurt": 1124.68115234,
        "max": -4.24887447274e-14,
        "mean": -5.56598690749e-11,
        "median": -3.08075821798e-11,
        "min": -1.98449541244e-08,
        "skew": -31.9646987915,
        "var": 2.18196390316e-19
    },
    "spectral_energy": {
        "kurt": 1120.17736816,
        "max": 0.0761791914701,
        "mean": 0.000218590983422,
        "median": 0.000121978853713,
        "min": 1.6988478535e-07,
        "skew": 31.9120464325,
        "var": 3.235708391e-06
    },
    "spectral_energyband_high": {
        "kurt": 2455.76147461,
        "max": 0.000149882849655,
        "mean": 1.65623859516e-07,
        "median": 2.08508339483e-08,
        "min": 8.61701709987e-10,
        "skew": 44.9539413452,
        "var": 6.62419988653e-12
    },
    "spectral_energyband_low": {
        "kurt": 1751.32446289,
        "max": 0.0371834971011,
        "mean": 5.55541191716e-05,
        "median": 1.76761386683e-05,
        "min": 3.90188112931e-08,
        "skew": 39.1236381531,
        "var": 5.32350384219e-07
    },
    "spectral_energyband_middle_high": {
        "kurt": 433.299285889,
        "max": 0.00196934840642,
        "mean": 3.05130415654e-05,
        "median": 1.85790959222e-05,
        "min": 2.68214961352e-08,
        "skew": 15.2899608612,
        "var": 2.81829870552e-09
    },
    "spectral_energyband_middle_low": {
        "kurt": 1181.7142334,
        "max": 0.0727299898863,
        "mean": 0.000162636279128,
        "median": 7.9878460383e-05,
        "min": 1.02166076488e-07,
        "skew": 32.8560905457,
        "var": 2.82011524178e-06
    },
    "spectral_flatness_db": {
        "kurt": 2.59049749374,
        "max": 0.411038696766,
        "mean": 0.253069102764,
        "median": 0.251612782478,
        "min": 0.0801384150982,
        "skew": 0.212667614222,
        "var": 0.000692269764841
    },
    "spectral_flux": {
        "kurt": 410.507324219,
        "max": 0.221802994609,
        "mean": 0.00757019268349,
        "median": 0.00682926177979,
        "min": 0.00311500765383,
        "skew": 17.696762085,
        "var": 5.18254710187e-05
    },
    "spectral_kurtosis": {
        "kurt": -0.146045207977,
        "max": 114.081626892,
        "mean": 41.5817871094,
        "median": 39.468711853,
        "min": 3.08187007904,
        "skew": 0.522676825523,
        "var": 378.937011719
    },
    "spectral_rms": {
        "kurt": 443.949951172,
        "max": 0.00862097274512,
        "mean": 0.000372389244149,
        "median": 0.000344969215803,
        "min": 1.28740539367e-05,
        "skew": 18.3756027222,
        "var": 7.45859480844e-08
    },
    "spectral_rolloff": {
        "kurt": 5.49712085724,
        "max": 2950.04882812,
        "mean": 910.157409668,
        "median": 839.794921875,
        "min": 172.265625,
        "skew": 1.8770583868,
        "var": 148040.1875
    },
    "spectral_skewness": {
        "kurt": -0.190020084381,
        "max": 8.27317905426,
        "mean": 4.13485336304,
        "median": 4.05914497375,
        "min": 1.11432921886,
        "skew": 0.307019859552,
        "var": 1.38060224056
    },
    "spectral_spread": {
        "kurt": 1015.03063965,
        "max": 25502360,
        "mean": 1207718.25,
        "median": 1137258.375,
        "min": 613011,
        "skew": 23.4371109009,
        "var": 269810958336
    },
    "spectral_strongpeak": {
        "kurt": 60.2540054321,
        "max": 1.688164711,
        "mean": 0.0636420100927,
        "median": 0.0339214280248,
        "min": 0.000487052224344,
        "skew": 6.2682352066,
        "var": 0.0104610454291
    },
    "zerocrossingrate": {
        "kurt": 7.00591564178,
        "max": 0.11767578125,
        "mean": 0.0314626991749,
        "median": 0.029296875,
        "min": 0.0068359375,
        "skew": 1.89346861839,
        "var": 0.000103049016616
    },
    "barkbands": {
        "kurt": [1486.45129395, 1321.80175781, 754.406494141, 1746.16162109, 2585.22973633, 1787.30700684, 1816.69848633, 2063.83325195, 2416.41967773, 1590.76501465, 115.097312927, 357.622039795, 160.22946167, 540.332397461, 199.77406311, 54.694984436, 421.35369873, 463.893005371, 781.901489258, 1044.62475586, 3273.78295898, 1694.3515625, 3460.46362305, 2230.87084961, 2523.92797852, 4401.10058594, 2076.56835938],
        "max": [0.000238734966842, 0.00329398061149, 0.00321296975017, 0.0654754042625, 0.0249472055584, 0.00602518115193, 0.0039724400267, 0.00213770894334, 0.00140984379686, 0.000545609160326, 0.000244067792664, 0.000470480823424, 0.000188458012417, 0.000287746923277, 0.000111169043521, 8.91291056178e-05, 0.000140680655022, 0.000212304294109, 9.8281634564e-05, 5.42643465451e-05, 0.000105503546365, 2.35253864957e-05, 5.3706203289e-06, 1.21207904158e-06, 1.60695230988e-06, 2.10360738606e-07, 3.39363670498e-09],
        "mean": [7.93683568645e-07, 1.11663257485e-05, 1.41163964145e-05, 6.15697208559e-05, 3.969161844e-05, 2.21190493903e-05, 1.28241517814e-05, 1.58711045515e-05, 8.96646997717e-06, 5.71775126446e-06, 6.78446940583e-06, 5.48422212887e-06, 3.7276531657e-06, 3.1544579997e-06, 1.53877408593e-06, 2.11663154914e-06, 1.06551783574e-06, 1.17768809105e-06, 4.48965181477e-07, 1.47348757196e-07, 7.75224293648e-08, 2.6376095974e-08, 3.73247166507e-09, 9.48108702659e-10, 9.51136280847e-10, 7.83447681729e-11, 6.9511670725e-12],
        "median": [2.39835856064e-07, 4.50998959423e-06, 5.71662440052e-06, 8.49141360959e-06, 1.85438784683e-05, 1.077802699e-05, 7.5240895967e-06, 1.00962524812e-05, 6.48319428365e-06, 4.05479931942e-06, 3.78476374863e-06, 2.97145356853e-06, 1.80599363375e-06, 1.39181224768e-06, 8.2357928477e-07, 6.16274405729e-07, 3.42892917615e-07, 2.32150284774e-07, 1.17869916494e-07, 3.50083269041e-08, 6.81757050813e-09, 6.89454104918e-10, 7.94164733975e-11, 4.01240152215e-11, 3.51878040594e-11, 5.69557769003e-12, 1.88476686515e-12],
        "min": [1.81430925839e-10, 2.41773960852e-08, 1.69670233419e-09, 1.78078387592e-08, 5.16369169645e-08, 8.13729528204e-09, 9.35277455483e-09, 6.86309231668e-09, 4.94506302573e-09, 5.70138558587e-09, 3.82186415848e-09, 1.27897203939e-09, 1.59341106976e-09, 1.68440750237e-09, 1.04461650441e-09, 1.42744160936e-09, 2.35131847326e-09, 5.35765121157e-09, 3.80031695002e-09, 7.32284122229e-10, 1.43410852638e-10, 4.6772908463e-11, 2.02842898728e-11, 1.63663249619e-11, 1.60739789534e-11, 1.64823547606e-12, 6.12839585936e-14],
        "skew": [33.9828109741, 32.175994873, 25.1028118134, 39.4838180542, 47.9465637207, 38.3792991638, 41.0421333313, 39.7968597412, 44.9402503967, 33.6597633362, 8.41106128693, 15.6866168976, 10.6784696579, 18.4276371002, 12.5521831512, 6.28377437592, 16.6078720093, 19.2451629639, 25.2189540863, 30.3548164368, 53.6805686951, 37.0716018677, 55.415802002, 44.9320793152, 49.2959327698, 65.4552612305, 41.9298439026],
        "var": [2.25531624626e-11, 4.59990712187e-09, 7.67829000381e-09, 1.6516667074e-06, 1.83623214411e-07, 1.31006450133e-08, 6.36900709949e-09, 1.46497391995e-09, 5.91798110516e-10, 1.10105306816e-10, 1.37999431327e-10, 2.12463852067e-10, 7.53005990894e-11, 6.21348320018e-11, 2.25402873449e-11, 2.86625081308e-11, 1.54839596006e-11, 5.02529302893e-11, 6.74431127265e-12, 1.75044549168e-12, 2.82549266102e-12, 2.04330774306e-13, 7.1114971957e-15, 4.90068011112e-16, 8.35871329411e-16, 9.67097303268e-18, 3.80469800679e-21],
        "cov": [[2.2557908666e-11, 2.75845762898e-10, 1.10146419763e-10, 9.83210957095e-10, 4.50318282663e-10, 9.21650117336e-11, 4.98759610001e-11, 2.42106126813e-11, 3.91371587916e-11, 7.71472816186e-12, 1.19401528595e-11, 9.76661806984e-12, 7.67940312035e-12, 6.23735394931e-12, 5.53621645055e-12, 2.94396191453e-12, 2.07215516447e-12, 2.40052834381e-12, 1.29108822158e-12, 1.23344455309e-12, 4.74903211374e-13, 2.56926397475e-13, 2.51930485344e-14, 1.02975963802e-14, 5.66279726425e-15, 1.80932854978e-16, 4.71070888519e-17], [2.75845762898e-10, 4.60087523635e-09, 2.46679432436e-09, 2.05364383277e-08, 1.08614592875e-08, 2.45036280155e-09, 1.42706380046e-09, 6.50770437538e-10, 8.98660312831e-10, 2.1019853913e-10, 2.0166594783e-10, 1.63193930591e-10, 1.29184385411e-10, 1.38967226615e-10, 1.07608956468e-10, 6.27630447614e-11, 6.41780448229e-11, 7.31018232059e-11, 5.60322378773e-11, 3.6533703146e-11, 2.60610300701e-11, 8.42193936118e-12, 1.23439583208e-12, 3.58201586882e-13, 2.76368988458e-13, 9.49477008247e-15, 6.15629528235e-16], [1.10146419763e-10, 2.46679432436e-09, 7.67990648853e-09, 9.01108307971e-08, 1.88467055295e-08, 3.93520283026e-09, 4.53312143378e-09, 1.39140376998e-09, 7.18738624172e-10, 3.8790134993e-10, 1.87924467654e-10, 2.56483251304e-10, 1.2777791325e-10, 2.44177539299e-10, 1.24121185552e-10, 7.49881268192e-11, 6.0644766986e-11, 1.20373488954e-10, 9.67405808239e-11, 6.08956288173e-11, 8.61829843601e-11, 2.15913294188e-11, 3.51165602673e-12, 6.92243625703e-13, 6.57416504048e-13, 2.98832952741e-14, 2.91951822249e-15], [9.83210957095e-10, 2.05364383277e-08, 9.01108307971e-08, 1.65201436175e-06, 2.21973948555e-07, 4.01603124089e-08, 8.41275991093e-08, 1.75449006434e-08, 1.17693810253e-08, 4.21966506181e-09, 1.84718740304e-09, 2.26742380427e-09, 1.13558007442e-09, 1.09735542875e-09, 9.59244128573e-10, 8.89324336395e-10, 1.13996878603e-09, 8.43739245138e-10, 6.77264966331e-10, 7.49626860586e-10, 7.31153304567e-10, 1.49108669856e-10, 2.02538246591e-11, 4.29268860042e-12, 3.39493233872e-12, 2.01851515645e-13, 5.30260717605e-14], [4.50318282663e-10, 1.08614592875e-08, 1.88467055295e-08, 2.21973948555e-07, 1.83661867936e-07, 4.43132748273e-08, 2.19979359173e-08, 1.46126160061e-08, 7.65944285774e-09, 3.85135745518e-09, 1.90262050559e-09, 2.77166933849e-09, 1.16916620829e-09, 1.88679494251e-09, 8.94281315666e-10, 5.11818087912e-10, 5.71414027206e-10, 5.66115543332e-10, 4.70133987296e-10, 3.74999337138e-10, 2.11131098715e-10, 9.96220120286e-11, 8.92659730856e-12, 1.9924502586e-12, 1.98642794921e-12, 8.11091848524e-14, 4.26812617638e-15], [9.21650117336e-11, 2.45036280155e-09, 3.93520283026e-09, 4.01603124089e-08, 4.43132748273e-08, 1.31034028072e-08, 5.24476906349e-09, 3.43508976819e-09, 1.92367433094e-09, 9.34506361183e-10, 4.57073628946e-10, 6.50587139717e-10, 2.74688299884e-10, 4.4582459946e-10, 2.20887946822e-10, 1.24626794995e-10, 1.47778955739e-10, 1.39023764723e-10, 1.15766583819e-10, 9.18499512559e-11, 4.02790925613e-11, 2.31944012608e-11, 1.67745006253e-12, 4.903121637e-13, 4.96149128726e-13, 2.85790678232e-14, 6.33134099364e-16], [4.98759610001e-11, 1.42706380046e-09, 4.53312143378e-09, 8.41275991093e-08, 2.19979359173e-08, 5.24476906349e-09, 6.37034780482e-09, 1.79888859364e-09, 1.21665288955e-09, 4.85630424762e-10, 2.5642832302e-10, 3.18030213275e-10, 1.5386143748e-10, 1.66138172664e-10, 1.14722391309e-10, 9.47207728919e-11, 1.11241245382e-10, 7.67133301327e-11, 6.23892118523e-11, 5.99316291039e-11, 3.79604368772e-11, 9.94400568832e-12, 8.50346919615e-13, 2.55091358193e-13, 2.0573004563e-13, 1.24390896414e-14, 3.04691790698e-15], [2.42106126813e-11, 6.50770437538e-10, 1.39140376998e-09, 1.75449006434e-08, 1.46126160061e-08, 3.43508976819e-09, 1.79888859364e-09, 1.46528233991e-09, 5.77302983196e-10, 3.14287290637e-10, 1.5430640099e-10, 2.29355617831e-10, 9.14031281218e-11, 1.46985160154e-10, 6.38356659199e-11, 3.91084838125e-11, 4.15200929194e-11, 3.52551564331e-11, 2.95378894954e-11, 2.66463396487e-11, 9.71501178115e-12, 6.59340681011e-12, 3.3709054428e-13, 9.72881104562e-14, 6.94383447768e-14, 3.39240464672e-15, 4.08888955782e-16], [3.91371587916e-11, 8.98660312831e-10, 7.18738624172e-10, 1.17693810253e-08, 7.65944285774e-09, 1.92367433094e-09, 1.21665288955e-09, 5.77302983196e-10, 5.9192267754e-10, 1.68669064826e-10, 1.02606687036e-10, 9.36925675932e-11, 5.37236539977e-11, 6.50167003569e-11, 4.73815535418e-11, 3.5230471318e-11, 4.61939410334e-11, 3.01327608698e-11, 2.76864815796e-11, 2.31599513872e-11, 9.95688080596e-12, 3.91875204162e-12, 3.7937852187e-13, 1.1956248166e-13, 1.16873985533e-13, 5.21202242335e-15, 1.51466497802e-16], [7.71472816186e-12, 2.1019853913e-10, 3.8790134993e-10, 4.21966506181e-09, 3.85135745518e-09, 9.34506361183e-10, 4.85630424762e-10, 3.14287290637e-10, 1.68669064826e-10, 1.10128482722e-10, 5.68076211072e-11, 8.35532060206e-11, 4.17287697452e-11, 4.84124580702e-11, 2.68035229428e-11, 1.74917979406e-11, 1.3915066148e-11, 1.50597572607e-11, 1.13148908645e-11, 8.44116703619e-12, 4.96859975038e-12, 2.23098449437e-12, 2.04682015152e-13, 4.58504253716e-14, 4.86115901493e-14, 2.09120131524e-15, 9.05343952658e-17], [1.19401528595e-11, 2.0166594783e-10, 1.87924467654e-10, 1.84718740304e-09, 1.90262050559e-09, 4.57073628946e-10, 2.5642832302e-10, 1.5430640099e-10, 1.02606687036e-10, 5.68076211072e-11, 1.38028477537e-10, 7.13736708624e-11, 4.49162339267e-11, 4.29844181082e-11, 2.10717762683e-11, 2.88367437568e-11, 1.36712863252e-11, 1.42070331194e-11, 7.40252477371e-12, 5.31691661185e-12, 2.49667040514e-12, 1.12535761959e-12, 1.01169811732e-13, 3.02202822499e-14, 3.1270254127e-14, 1.7953375772e-15, 4.20962669291e-17], [9.76661806984e-12, 1.63193930591e-10, 2.56483251304e-10, 2.26742380427e-09, 2.77166933849e-09, 6.50587139717e-10, 3.18030213275e-10, 2.29355617831e-10, 9.36925675932e-11, 8.35532060206e-11, 7.13736708624e-11, 2.12508580177e-10, 1.03262669249e-10, 4.96071586586e-11, 4.62066114537e-11, 2.13034780788e-11, 9.62541938515e-12, 1.44171159386e-11, 7.30919057917e-12, 5.37759073382e-12, 1.76043110211e-12, 1.34707880701e-12, 6.24508176292e-14, 2.20371477685e-14, 1.84352401102e-14, 1.48339958904e-15, 9.42301455984e-17], [7.67940312035e-12, 1.29184385411e-10, 1.2777791325e-10, 1.13558007442e-09, 1.16916620829e-09, 2.74688299884e-10, 1.5386143748e-10, 9.14031281218e-11, 5.37236539977e-11, 4.17287697452e-11, 4.49162339267e-11, 1.03262669249e-10, 7.53164475231e-11, 2.81853620304e-11, 2.90740834186e-11, 1.54360187826e-11, 6.82409380739e-12, 9.57814036417e-12, 4.98352834694e-12, 3.30553574963e-12, 1.50916204446e-12, 7.63991029728e-13, 6.32801238709e-14, 2.21478973264e-14, 2.30335160125e-14, 1.85233844763e-15, 4.91413840586e-17], [6.23735394931e-12, 1.38967226615e-10, 2.44177539299e-10, 1.09735542875e-09, 1.88679494251e-09, 4.4582459946e-10, 1.66138172664e-10, 1.46985160154e-10, 6.50167003569e-11, 4.84124580702e-11, 4.29844181082e-11, 4.96071586586e-11, 2.81853620304e-11, 6.21479118168e-11, 2.14566871215e-11, 2.103023658e-11, 8.22316520432e-12, 1.36415219398e-11, 1.14370778473e-11, 5.98403314747e-12, 6.09032485901e-12, 2.28065222957e-12, 2.99712511753e-13, 8.76629904735e-14, 1.12331612111e-13, 8.87854260191e-15, 5.462496948e-17], [5.53621645055e-12, 1.07608956468e-10, 1.24121185552e-10, 9.59244128573e-10, 8.94281315666e-10, 2.20887946822e-10, 1.14722391309e-10, 6.38356659199e-11, 4.73815535418e-11, 2.68035229428e-11, 2.10717762683e-11, 4.62066114537e-11, 2.90740834186e-11, 2.14566871215e-11, 2.25450318136e-11, 8.77425562762e-12, 5.21891644484e-12, 8.00969273546e-12, 6.57849339239e-12, 3.83133542253e-12, 2.67320584071e-12, 1.07270485897e-12, 1.25160569842e-13, 5.12088676042e-14, 6.26834941917e-14, 5.74522627552e-15, 3.59014186775e-17], [2.94396191453e-12, 6.27630447614e-11, 7.49881268192e-11, 8.89324336395e-10, 5.11818087912e-10, 1.24626794995e-10, 9.47207728919e-11, 3.91084838125e-11, 3.5230471318e-11, 1.74917979406e-11, 2.88367437568e-11, 2.13034780788e-11, 1.54360187826e-11, 2.103023658e-11, 8.77425562762e-12, 2.86685397644e-11, 7.10288555403e-12, 1.07162317214e-11, 5.01070539227e-12, 2.63428059748e-12, 1.75628728141e-12, 5.79387015795e-13, 7.48702586473e-14, 2.71962577377e-14, 3.43722141407e-14, 2.85498214696e-15, 2.47312163533e-17], [2.07215516447e-12, 6.41780448229e-11, 6.0644766986e-11, 1.13996878603e-09, 5.71414027206e-10, 1.47778955739e-10, 1.11241245382e-10, 4.15200929194e-11, 4.61939410334e-11, 1.3915066148e-11, 1.36712863252e-11, 9.62541938515e-12, 6.82409380739e-12, 8.22316520432e-12, 5.21891644484e-12, 7.10288555403e-12, 1.5487219146e-11, 1.37782988144e-11, 4.08369778965e-12, 2.28069624818e-12, 8.87026183841e-13, 2.84819070455e-13, 2.98520668634e-14, 1.0287539558e-14, 9.6403106716e-15, 4.26089309735e-16, 1.46214579201e-17], [2.40052834381e-12, 7.31018232059e-11, 1.20373488954e-10, 8.43739245138e-10, 5.66115543332e-10, 1.39023764723e-10, 7.67133301327e-11, 3.52551564331e-11, 3.01327608698e-11, 1.50597572607e-11, 1.42070331194e-11, 1.44171159386e-11, 9.57814036417e-12, 1.36415219398e-11, 8.00969273546e-12, 1.07162317214e-11, 1.37782988144e-11, 5.0263508633e-11, 1.1006798771e-11, 3.38009893512e-12, 3.05008470737e-12, 8.42666431425e-13, 1.42881366461e-13, 3.31415836885e-14, 3.84164373219e-14, 2.16600554766e-15, 3.16679347722e-17], [1.29108822158e-12, 5.60322378773e-11, 9.67405808239e-11, 6.77264966331e-10, 4.70133987296e-10, 1.15766583819e-10, 6.23892118523e-11, 2.95378894954e-11, 2.76864815796e-11, 1.13148908645e-11, 7.40252477371e-12, 7.30919057917e-12, 4.98352834694e-12, 1.14370778473e-11, 6.57849339239e-12, 5.01070539227e-12, 4.08369778965e-12, 1.1006798771e-11, 6.74573071013e-12, 2.82738416013e-12, 2.8184136882e-12, 8.91900431548e-13, 1.34927862611e-13, 4.57109325977e-14, 5.65922295462e-14, 4.74727577398e-15, 2.72404108389e-17], [1.23344455309e-12, 3.6533703146e-11, 6.08956288173e-11, 7.49626860586e-10, 3.74999337138e-10, 9.18499512559e-11, 5.99316291039e-11, 2.66463396487e-11, 2.31599513872e-11, 8.44116703619e-12, 5.31691661185e-12, 5.37759073382e-12, 3.30553574963e-12, 5.98403314747e-12, 3.83133542253e-12, 2.63428059748e-12, 2.28069624818e-12, 3.38009893512e-12, 2.82738416013e-12, 1.75081390358e-12, 1.31691814571e-12, 4.63831555629e-13, 5.79996256101e-14, 2.20500108108e-14, 2.69567168202e-14, 2.39751871039e-15, 2.44619128156e-17], [4.74903211374e-13, 2.60610300701e-11, 8.61829843601e-11, 7.31153304567e-10, 2.11131098715e-10, 4.02790925613e-11, 3.79604368772e-11, 9.71501178115e-12, 9.95688080596e-12, 4.96859975038e-12, 2.49667040514e-12, 1.76043110211e-12, 1.50916204446e-12, 6.09032485901e-12, 2.67320584071e-12, 1.75628728141e-12, 8.87026183841e-13, 3.05008470737e-12, 2.8184136882e-12, 1.31691814571e-12, 2.82608745433e-12, 6.60243886473e-13, 1.35792188583e-13, 2.26893089278e-14, 2.97700368046e-14, 1.25264992064e-15, 3.33603297619e-17], [2.56926397475e-13, 8.42193936118e-12, 2.15913294188e-11, 1.49108669856e-10, 9.96220120286e-11, 2.31944012608e-11, 9.94400568832e-12, 6.59340681011e-12, 3.91875204162e-12, 2.23098449437e-12, 1.12535761959e-12, 1.34707880701e-12, 7.63991029728e-13, 2.28065222957e-12, 1.07270485897e-12, 5.79387015795e-13, 2.84819070455e-13, 8.42666431425e-13, 8.91900431548e-13, 4.63831555629e-13, 6.60243886473e-13, 2.04373790027e-13, 3.29994583363e-14, 7.87595035983e-15, 1.01540166723e-14, 7.16677805985e-16, 6.73082778776e-18], [2.51930485344e-14, 1.23439583208e-12, 3.51165602673e-12, 2.02538246591e-11, 8.92659730856e-12, 1.67745006253e-12, 8.50346919615e-13, 3.3709054428e-13, 3.7937852187e-13, 2.04682015152e-13, 1.01169811732e-13, 6.24508176292e-14, 6.32801238709e-14, 2.99712511753e-13, 1.25160569842e-13, 7.48702586473e-14, 2.98520668634e-14, 1.42881366461e-13, 1.34927862611e-13, 5.79996256101e-14, 1.35792188583e-13, 3.29994583363e-14, 7.11299390292e-15, 1.10635811917e-15, 1.47036756363e-15, 5.90201837386e-17, 8.66421181933e-19], [1.02975963802e-14, 3.58201586882e-13, 6.92243625703e-13, 4.29268860042e-12, 1.9924502586e-12, 4.903121637e-13, 2.55091358193e-13, 9.72881104562e-14, 1.1956248166e-13, 4.58504253716e-14, 3.02202822499e-14, 2.20371477685e-14, 2.21478973264e-14, 8.76629904735e-14, 5.12088676042e-14, 2.71962577377e-14, 1.0287539558e-14, 3.31415836885e-14, 4.57109325977e-14, 2.20500108108e-14, 2.26893089278e-14, 7.87595035983e-15, 1.10635811917e-15, 4.90171137373e-16, 6.24316539323e-16, 6.13606217987e-17, 2.8553351922e-19], [5.66279726425e-15, 2.76368988458e-13, 6.57416504048e-13, 3.39493233872e-12, 1.98642794921e-12, 4.96149128726e-13, 2.0573004563e-13, 6.94383447768e-14, 1.16873985533e-13, 4.86115901493e-14, 3.1270254127e-14, 1.84352401102e-14, 2.30335160125e-14, 1.12331612111e-13, 6.26834941917e-14, 3.43722141407e-14, 9.6403106716e-15, 3.84164373219e-14, 5.65922295462e-14, 2.69567168202e-14, 2.97700368046e-14, 1.01540166723e-14, 1.47036756363e-15, 6.24316539323e-16, 8.36047247566e-16, 8.10832810497e-17, 2.89202840718e-19], [1.80932854978e-16, 9.49477008247e-15, 2.98832952741e-14, 2.01851515645e-13, 8.11091848524e-14, 2.85790678232e-14, 1.24390896414e-14, 3.39240464672e-15, 5.21202242335e-15, 2.09120131524e-15, 1.7953375772e-15, 1.48339958904e-15, 1.85233844763e-15, 8.87854260191e-15, 5.74522627552e-15, 2.85498214696e-15, 4.26089309735e-16, 2.16600554766e-15, 4.74727577398e-15, 2.39751871039e-15, 1.25264992064e-15, 7.16677805985e-16, 5.90201837386e-17, 6.13606217987e-17, 8.10832810497e-17, 9.67300872416e-18, 3.06701252041e-20], [4.71070888519e-17, 6.15629528235e-16, 2.91951822249e-15, 5.30260717605e-14, 4.26812617638e-15, 6.33134099364e-16, 3.04691790698e-15, 4.08888955782e-16, 1.51466497802e-16, 9.05343952658e-17, 4.20962669291e-17, 9.42301455984e-17, 4.91413840586e-17, 5.462496948e-17, 3.59014186775e-17, 2.47312163533e-17, 1.46214579201e-17, 3.16679347722e-17, 2.72404108389e-17, 2.44619128156e-17, 3.33603297619e-17, 6.73082778776e-18, 8.66421181933e-19, 2.8553351922e-19, 2.89202840718e-19, 3.06701252041e-20, 3.80549893412e-21]]
    },
    "mfcc": {
        "kurt": [8.60770225525, 12.5094718933, 0.430837154388, 9.95681667328, 0.420983791351, 2.07921934128, 0.652415275574, 0.978439807892, 0.635806083679, 0.231741905212, 0.220683813095, 0.331907272339, 0.873279809952],
        "max": [-690.922119141, 231.244812012, 53.3443336487, 72.7767868042, 46.1241340637, 31.880859375, 27.7458724976, 32.7082595825, 13.9399147034, 17.6978702545, 28.8381767273, 19.8807697296, 24.3209381104],
        "mean": [-935.344177246, 168.196960449, 5.95954561234, -12.404381752, 7.94981622696, -4.95138883591, -4.63282108307, 1.40453720093, -5.19130992889, -4.08339834213, 0.140099078417, -3.08654308319, -3.06679987907],
        "median": [-937.537475586, 168.642929077, 9.78675842285, -13.8957939148, 7.26624298096, -4.30661773682, -4.98582839966, 1.20034408569, -4.88143157959, -3.94876098633, 0.0895652770996, -3.07788848877, -3.27746963501],
        "min": [-1123.57470703, 20.1565971375, -63.899181366, -39.5755996704, -25.5164794922, -52.8911247253, -27.2507553101, -37.2582321167, -45.7028427124, -31.3506546021, -21.0966243744, -32.1643981934, -30.0292167664],
        "skew": [1.46110785007, -0.527646303177, -0.839157044888, 2.23790454865, 0.308762401342, -0.704621493816, 0.4380890131, 0.101126439869, -0.413411408663, -0.137496635318, 0.116800844669, -0.134930729866, 0.250887453556],
        "var": [647.75982666, 95.598991394, 365.184906006, 123.981872559, 81.4792251587, 65.9836120605, 54.3119392395, 49.7095909119, 44.8502197266, 42.4875488281, 42.1711540222, 34.4464683533, 39.4835891724],
        "cov": [[647.896179199, 118.09879303, -371.498779297, 122.74206543, 114.385993958, -38.4673309326, 70.3107223511, 34.0077514648, -44.1088676453, 12.3988323212, 11.8163366318, -19.2565670013, 36.522644043], [118.09879303, 95.6191101074, -4.08421993256, -6.94364500046, 19.8387947083, 13.9418144226, 2.24904370308, -0.368640094995, 2.75900220871, 1.95990765095, -5.62041759491, -2.53189563751, 7.34312915802], [-371.498779297, -4.08421993256, 365.261749268, -27.1060676575, -99.9471130371, 49.5996322632, -58.6137275696, -46.5596199036, 44.1078796387, -11.6023540497, -17.6314926147, 1.77535831928, -36.1395606995], [122.74206543, -6.94364500046, -27.1060676575, 124.007972717, 31.4426040649, -23.8478355408, 16.1305599213, 8.92497444153, -12.9042615891, -3.45452189445, 6.35978937149, -11.2279500961, -8.01388454437], [114.385993958, 19.8387947083, -99.9471130371, 31.4426040649, 81.4963760376, 2.56295251846, 20.9231204987, 27.2756252289, -9.98307704926, -0.979260325432, 4.20668554306, 2.1048104763, 9.05488777161], [-38.4673309326, 13.9418144226, 49.5996322632, -23.8478355408, 2.56295251846, 65.9974975586, 14.1369218826, -12.1094608307, 18.8978748322, 5.69661092758, -10.550775528, 2.83687973022, 4.2975487709], [70.3107223511, 2.24904370308, -58.6137275696, 16.1305599213, 20.9231204987, 14.1369218826, 54.3233718872, 26.05311203, -6.83872509003, 13.3429479599, 8.96462631226, -0.711933255196, 11.2024898529], [34.0077514648, -0.368640094995, -46.5596199036, 8.92497444153, 27.2756252289, -12.1094608307, 26.05311203, 49.7200508118, 9.33980941772, 3.46087670326, 14.8636541367, 7.15130853653, 1.83034324646], [-44.1088676453, 2.75900220871, 44.1078796387, -12.9042615891, -9.98307704926, 18.8978748322, -6.83872509003, 9.33980941772, 44.8596611023, 19.4596672058, -1.02737128735, 8.04121589661, 1.99873912334], [12.3988323212, 1.95990765095, -11.6023540497, -3.45452189445, -0.979260325432, 5.69661092758, 13.3429479599, 3.46087670326, 19.4596672058, 42.4964904785, 20.8111782074, 3.08454442024, 9.54079437256], [11.8163366318, -5.62041759491, -17.6314926147, 6.35978937149, 4.20668554306, -10.550775528, 8.96462631226, 14.8636541367, -1.02737128735, 20.8111782074, 42.1800308228, 17.8285007477, -1.34730052948], [-19.2565670013, -2.53189563751, 1.77535831928, -11.2279500961, 2.1048104763, 2.83687973022, -0.711933255196, 7.15130853653, 8.04121589661, 3.08454442024, 17.8285007477, 34.4537200928, 15.4059305191], [36.522644043, 7.34312915802, -36.1395606995, -8.01388454437, 9.05488777161, 4.2975487709, 11.2024898529, 1.83034324646, 1.99873912334, 9.54079437256, -1.34730052948, 15.4059305191, 39.4919013977]]
    },
    "sccoeffs": {
        "kurt": [6.29056835175, 0.598963737488, 0.544179439545, 3.70927810669, 4.99882555008, 0.339156389236],
        "max": [-0.291575431824, -0.609240591526, -0.7142354846, -0.608285605907, -0.612553536892, -0.725987017155],
        "mean": [-0.783083438873, -0.823239982128, -0.850258469582, -0.841117739677, -0.81918990612, -0.833115935326],
        "median": [-0.787321448326, -0.826015710831, -0.853115737438, -0.84784424305, -0.824292302132, -0.839549422264],
        "min": [-0.917455017567, -0.94504660368, -0.938991427422, -0.915976405144, -0.931159615517, -0.949881672859],
        "skew": [1.19391083717, 0.516139090061, 0.540504157543, 1.50252461433, 1.54303193092, 0.770286023617],
        "var": [0.00254436139949, 0.00167617981788, 0.000910786679015, 0.00119850295596, 0.00105048250407, 0.000710132357199],
        "cov": [[0.00254489690997, 0.000204441283131, 1.47831424329e-05, -9.65443978203e-05, -0.000123462072224, 2.29177858273e-05], [0.000204441283131, 0.00167653267272, 3.97099211114e-05, 7.37668779038e-06, -1.43714430578e-06, 9.88791816781e-06], [1.47831424329e-05, 3.97099211114e-05, 0.000910978356842, 0.000295267498586, 0.000135469410452, 0.000210011741729], [-9.65443978203e-05, 7.37668779038e-06, 0.000295267498586, 0.00119875522796, 0.000389123510104, 0.000461310584797], [-0.000123462072224, -1.43714430578e-06, 0.000135469410452, 0.000389123510104, 0.00105070357677, 0.000206520591746], [2.29177858273e-05, 9.88791816781e-06, 0.000210011741729, 0.000461310584797, 0.000206520591746, 0.000710281834472]]
    },
    "scvalleys": {
        "kurt": [3.00835752487, 4.4295835495, 3.6843123436, 2.19810533524, 5.38755989075, 25.6313056946],
        "max": [-4.28424692154, -4.46315717697, -5.22576522827, -6.26121711731, -7.04302787781, -9.52546405792],
        "mean": [-7.53416490555, -7.45537137985, -7.98847436905, -8.95359039307, -10.7972860336, -14.5990371704],
        "median": [-7.53643798828, -7.45219326019, -7.9791469574, -8.9437084198, -10.8942155838, -14.7155294418],
        "min": [-9.91391086578, -10.5316448212, -11.4239854813, -12.08319664, -12.6950521469, -15.0595874786],
        "skew": [0.509969115257, 0.239160597324, -0.0815789923072, 0.1346141994, 1.3921546936, 4.62977838516],
        "var": [0.198050275445, 0.122110486031, 0.1093570292, 0.142730876803, 0.206229001284, 0.229341968894],
        "cov": [[0.198091953993, 0.0336383618414, 0.0372905023396, 0.0581067614257, 0.075709618628, 0.0584394410253], [0.0336383618414, 0.122136190534, 0.0358289815485, 0.0447054952383, 0.0432022809982, 0.031678814441], [0.0372905023396, 0.0358289815485, 0.109380051494, 0.0737789943814, 0.0611541680992, 0.00437473971397], [0.0581067614257, 0.0447054952383, 0.0737789943814, 0.142760917544, 0.117565475404, 0.0272393021733], [0.075709618628, 0.0432022809982, 0.0611541680992, 0.117565475404, 0.206272408366, 0.113293752074], [0.0584394410253, 0.031678814441, 0.00437473971397, 0.0272393021733, 0.113293752074, 0.229390233755]]
    }
},
"rhythm": {
    "beats_loudness": {
        "kurt": 144.782989502,
        "max": 0.0113915847614,
        "mean": 0.000229673576541,
        "median": 0.000125506718177,
        "min": 4.31599728472e-05,
        "skew": 11.711514473,
        "var": 7.36619199415e-07
    },
    "bpm": 111.485404968,
    "confidence": -0.060467146337,
    "first_peak_bpm": {
        "kurt": 0,
        "max": 112,
        "mean": 112,
        "median": 112,
        "min": 112,
        "skew": 0,
        "var": 0
    },
    "first_peak_spread": {
        "kurt": 0,
        "max": 0.644444465637,
        "mean": 0.644444465637,
        "median": 0.644444465637,
        "min": 0.644444465637,
        "skew": 0,
        "var": 0
    },
    "first_peak_weight": {
        "kurt": 0,
        "max": 0.0816326513886,
        "mean": 0.0816326513886,
        "median": 0.0816326513886,
        "min": 0.0816326513886,
        "skew": 0,
        "var": 0
    },
    "onset_rate": 0.652741551399,
    "second_peak_bpm": {
        "kurt": 0,
        "max": 167,
        "mean": 167,
        "median": 167,
        "min": 167,
        "skew": 0,
        "var": 0
    },
    "second_peak_spread": {
        "kurt": 0,
        "max": 0,
        "mean": 0,
        "median": 0,
        "min": 0,
        "skew": 0,
        "var": 0
    },
    "second_peak_weight": {
        "kurt": 0,
        "max": 0.0561224482954,
        "mean": 0.0561224482954,
        "median": 0.0561224482954,
        "min": 0.0561224482954,
        "skew": 0,
        "var": 0
    },
    "beats_loudness_band_ratio": {
        "kurt": [3.16889953613, 0.681710958481, -0.112039804459, 2.56075429916, 7.00218296051, 39.0486869812],
        "max": [0.920017540455, 0.816980600357, 0.637437880039, 0.630795180798, 0.305068671703, 0.0527615882456],
        "mean": [0.274643957615, 0.280271410942, 0.285159945488, 0.16611482203, 0.0472181737423, 0.00298144668341],
        "median": [0.250149160624, 0.254518002272, 0.27522572875, 0.137885302305, 0.0275208186358, 0.00137730373535],
        "min": [0.0453089736402, 0.0328703597188, 0.0345957875252, 0.00252359686419, 0.000635412405245, 0.000128309460706],
        "skew": [1.53466355801, 0.904541194439, 0.370770573616, 1.4417566061, 2.58607149124, 5.56116962433],
        "var": [0.0256233140826, 0.0224234312773, 0.0152825741097, 0.0117662735283, 0.00306090293452, 2.9790426197e-05],
        "cov": [[0.0257540456951, -0.00669691292569, -0.00755255576223, -0.00775898667052, -0.00255578593351, -0.000123169709696], [-0.00669691292569, 0.022537836805, -0.00522495480254, -0.00665625929832, -0.00264969049022, -3.72006652469e-05], [-0.00755255576223, -0.00522495480254, 0.0153605462983, -0.00105738162529, -0.00115848367568, -0.000115292830742], [-0.00775898667052, -0.00665625929832, -0.00105738162529, 0.0118263056502, 0.002861575922, 0.000101916528365], [-0.00255578593351, -0.00264969049022, -0.00115848367568, 0.002861575922, 0.00307651981711, 0.000118473151815], [-0.000123169709696, -3.72006652469e-05, -0.000115292830742, 0.000101916528365, 0.000118473151815, 2.99424173136e-05]]
    },
    "beats_position": [0.731428563595, 1.47446703911, 2.22911548615, 2.99537420273, 3.75002264977, 4.53950119019, 5.32897949219, 6.11845779419, 6.8963265419, 7.67419481277, 8.45206356049, 9.22993183136, 10.0426301956, 10.8204984665, 11.5983667374, 12.3065757751, 13.0496139526, 13.7113828659, 14.3963718414, 15.0581407547, 15.7199087143, 16.3700675964, 17.0086174011, 17.6587753296, 18.3089332581, 18.970703125, 19.6556911469, 20.3522891998, 21.1649875641, 21.9544658661, 22.7207260132, 23.4985942841, 24.2648525238, 25.0427207947, 25.8438091278, 26.6565074921, 27.4111557007, 28.2006340027, 28.897233963, 29.6402721405, 30.3717002869, 31.0915184021, 31.8113365173, 32.542766571, 33.2625846863, 33.9475746155, 34.5512924194, 35.1434020996, 35.6774597168, 36.2231292725, 36.7804069519, 37.3260765076, 37.883354187, 38.4406356812, 38.9746932983, 39.4971427917, 39.9963722229, 40.5304298401, 41.0644874573, 41.5869369507, 42.0513381958, 42.5389556885, 43.0033569336, 43.4561424255, 43.9205436707, 44.3733329773, 44.8029022217, 45.2440795898, 45.6852607727, 46.0799980164, 46.4863471985, 46.8926963806, 47.2990455627, 47.6821746826, 48.0420837402, 48.4019927979, 48.7735137939, 49.1682548523, 49.5281639099, 49.8880729675, 50.2363700867, 50.5962791443, 50.9561882019, 51.327709198, 51.6876182556, 52.0591392517, 52.4306564331, 52.7789573669, 53.1620864868, 53.5452156067, 53.9051246643, 54.2650337219, 54.6249427795, 55.0080718994, 55.3795890808, 55.7395019531, 56.1110191345, 56.5522003174, 56.9817695618, 57.3997268677, 57.8409042358, 58.3169136047, 58.7813148499, 59.222492218, 59.6868934631, 60.1512908936, 60.5924720764, 61.0336494446, 61.4748306274, 61.9508361816, 62.4036254883, 62.8564147949, 63.3092041016, 63.7619934082, 64.2844467163, 64.7952804565, 65.3177337646, 65.8517913818, 66.3626327515, 66.8734664917, 67.3726959229, 67.8835372925, 68.4059829712, 68.9168243408, 69.416053772, 69.9152832031, 70.3912887573, 70.8905181885, 71.5174560547, 72.1444015503, 72.759727478, 73.4214935303, 74.0832672119, 74.7218093872, 75.3603591919, 75.9872970581, 76.6026306152, 77.217956543, 77.8100662231, 78.4137878418, 79.0291137695, 79.6560516357, 80.2481613159, 80.8402709961, 81.4439926147, 82.0593185425, 82.6862564087, 83.2667541504, 83.8472518921, 84.4161453247, 84.9966430664, 85.5771408081, 86.1692504883, 86.7033081055, 87.2605895996, 87.8062591553, 88.36353302, 88.8975982666, 89.4316558838, 89.9773254395, 90.4997711182, 91.0338287354, 91.579498291, 92.1135559082, 92.5431289673, 92.9843063354, 93.4138793945, 93.8434448242, 94.2730178833, 94.702583313, 95.2598648071, 95.8055343628, 96.316368103, 96.8272094727, 97.3496551514, 97.8837203979, 98.4526062012, 98.9866638184, 99.532333374, 100.054779053, 100.588844299, 101.111289978, 101.656959534, 102.191017151, 102.725074768, 103.270744324, 103.804801941, 104.350471497, 104.896141052, 105.476638794, 106.068748474, 106.672470093, 107.229751587, 107.810249329, 108.379135132, 108.936416626, 109.458862305],
    "bpm_estimates": [112.347427368, 109.95665741, 107.666252136, 109.95665741, 107.666252136, 107.665519714, 112.347427368, 114.843635559, 112.347427368, 112.347427368, 114.843635559, 114.842796326, 114.842796326, 112.347427368, 114.844474792, 112.347427368, 107.665519714, 109.95665741, 107.666992188, 112.345825195, 112.347427368, 109.95665741, 114.844474792, 112.347427368, 109.95665741, 112.347427368, 107.665519714, 109.95665741, 114.844474792, 112.345825195, 112.347427368, 109.95665741, 114.844474792, 112.345825195, 114.844474792, 109.95665741, 112.347427368, 112.347427368, 109.95665741, 112.347427368, 109.95665741, 109.95665741, 107.665519714, 107.665519714, 114.844474792],
