{
"metadata": {
    "version": {
        "essentia": "2.1-beta3"
    }
},
"lowLevel": {
    "average_loudness": 0.99068403244,
    "barkbands_kurtosis": {
        "kurt": 1.21858787537,
        "max": 10.8809204102,
        "mean": 1.19543707371,
        "median": 0.224764823914,
        "min": -1.45606398582,
        "skew": 1.30315375328,
        "var": 8.1111831665
    },
    "barkbands_skewness": {
        "kurt": -0.184655189514,
        "max": 2.67014098167,
        "mean": 0.814412772655,
        "median": 0.613349556923,
        "min": -0.558938264847,
        "skew": 0.695778429508,
        "var": 0.461688041687
    },
    "barkbands_spread": {
        "kurt": -0.268539905548,
        "max": 34.7113685608,
        "mean": 15.7435045242,
        "median": 15.2479438782,
        "min": 5.14639472961,
        "skew": 0.368562221527,
        "var": 40.4481163025
    },
    "dissonance": {
        "kurt": 0.447075128555,
        "max": 0.492382645607,
        "mean": 0.419032514095,
        "median": 0.433697491884,
        "min": 0.278096139431,
        "skew": -0.885301887989,
        "var": 0.00183065782767
    },
    "hfc": {
        "kurt": 0.901616811752,
        "max": 171.894424438,
        "mean": 29.7967967987,
        "median": 0.00934772752225,
        "min": 5.44666836504e-05,
        "skew": 1.65547955036,
        "var": 3495.50927734
    },
    "pitch": {
        "kurt": 43.3946495056,
        "max": 2503.88305664,
        "mean": 265.054260254,
        "median": 207.840072632,
        "min": 102.451011658,
        "skew": 5.87022972107,
        "var": 80375.8671875
    },
    "pitch_instantaneous_confidence": {
        "kurt": 0.593202114105,
        "max": 0.786878943443,
        "mean": 0.547563433647,
        "median": 0.591596961021,
        "min": 0.0783053040504,
        "skew": -1.0528781414,
        "var": 0.0226893573999
    },
    "pitch_salience": {
        "kurt": 0.555807352066,
        "max": 0.842240214348,
        "mean": 0.493349343538,
        "median": 0.467233836651,
        "min": 0.306291520596,
        "skew": 1.05252170563,
        "var": 0.0138483755291
    },
    "silence_rate_20dB": {
        "kurt": 0,
        "max": 1,
        "mean": 1,
        "median": 1,
        "min": 1,
        "skew": 0,
        "var": 0
    },
    "silence_rate_30dB": {
        "kurt": 3.53510856628,
        "max": 1,
        "mean": 0.880952358246,
        "median": 1,
        "min": 0,
        "skew": -2.352684021,
        "var": 0.104875437915
    },
    "silence_rate_60dB": {
        "kurt": -0.970768213272,
        "max": 1,
        "mean": 0.726190447807,
        "median": 1,
        "min": 0,
        "skew": -1.01450884342,
        "var": 0.198837623
    },
    "spectral_centroid": {
        "kurt": -0.956243038177,
        "max": 2142.4362793,
        "mean": 971.93572998,
        "median": 993.368652344,
        "min": 321.000488281,
        "skew": 0.218096539378,
        "var": 177333.078125
    },
    "spectral_complexity": {
        "kurt": -0.704221725464,
        "max": 22,
        "mean": 5.26190471649,
        "median": 0,
        "min": 0,
        "skew": 1.0508658886,
        "var": 63.336101532
    },
    "spectral_crest": {
        "kurt": 0.438743591309,
        "max": 17.3887729645,
        "mean": 8.68439674377,
        "median": 7.85783576965,
        "min": 4.28383350372,
        "skew": 1.10531151295,
        "var": 10.2983722687
    },
    "spectral_decrease": {
        "kurt": 0.910304307938,
        "max": -3.23780173679e-14,
        "mean": -4.58854376717e-09,
        "median": -2.43289589863e-12,
        "min": -2.65859441129e-08,
        "skew": -1.65143740177,
        "var": 8.15060431346e-17
    },
    "spectral_energy": {
        "kurt": 0.90856385231,
        "max": 0.115932941437,
        "mean": 0.0200208798051,
        "median": 1.00301613202e-05,
        "min": 1.27142044448e-07,
        "skew": 1.65184903145,
        "var": 0.00155488715973
    },
    "spectral_energyband_high": {
        "kurt": 0.838784456253,
        "max": 0.00442032702267,
        "mean": 0.000701941899024,
        "median": 3.46690853803e-08,
        "min": 1.52237578099e-09,
        "skew": 1.6081725359,
        "var": 1.84379473467e-06
    },
    "spectral_energyband_low": {
        "kurt": 7.17011928558,
        "max": 1.48712581449e-06,
        "mean": 3.00125464037e-07,
        "median": 2.29654887107e-07,
        "min": 3.0099840842e-08,
        "skew": 2.39618659019,
        "var": 6.15648957053e-14
    },
    "spectral_energyband_middle_high": {
        "kurt": 1.04044437408,
        "max": 0.0656472444534,
        "mean": 0.0110273147002,
        "median": 5.26525491296e-06,
        "min": 1.12551674647e-08,
        "skew": 1.69137775898,
        "var": 0.000488678284455
    },
    "spectral_energyband_middle_low": {
        "kurt": 0.803652763367,
        "max": 0.0465070642531,
        "mean": 0.00830515474081,
        "median": 3.8986599975e-06,
        "min": 6.37677999293e-08,
        "skew": 1.61472046375,
        "var": 0.00025863701012
    },
    "spectral_flatness_db": {
        "kurt": -0.674451589584,
        "max": 0.281180024147,
        "mean": 0.2122181952,
        "median": 0.219715952873,
        "min": 0.0952377021313,
        "skew": -0.500697016716,
        "var": 0.00203014118597
    },
    "spectral_flux": {
        "kurt": 3.56777715683,
        "max": 0.181766092777,
        "mean": 0.0252106674016,
        "median": 0.00135197397321,
        "min": 0.000323567976011,
        "skew": 2.09154081345,
        "var": 0.00194341118913
    },
    "spectral_kurtosis": {
        "kurt": -0.961849689484,
        "max": 19.5692119598,
        "mean": 8.35350513458,
        "median": 7.34313344955,
        "min": 1.46009778976,
        "skew": 0.422868728638,
        "var": 19.9316711426
    },
    "spectral_rms": {
        "kurt": 0.276846885681,
        "max": 0.0106350975111,
        "mean": 0.00226440816186,
        "median": 9.87601379165e-05,
        "min": 1.11373701657e-05,
        "skew": 1.4379067421,
        "var": 1.44050154631e-05
    },
    "spectral_rolloff": {
        "kurt": -1.06239318848,
        "max": 3983.64257812,
        "mean": 1618.57946777,
        "median": 1550.390625,
        "min": 430.6640625,
        "skew": 0.344281166792,
        "var": 777002.25
    },
    "spectral_skewness": {
        "kurt": -1.18751144409,
        "max": 3.37562656403,
        "mean": 2.22711777687,
        "median": 2.23454999924,
        "min": 1.05498182774,
        "skew": 0.118590973318,
        "var": 0.403608411551
    },
    "spectral_spread": {
        "kurt": -0.880100488663,
        "max": 6320354.5,
        "mean": 3961327.25,
        "median": 4165048.5,
        "min": 1984190.5,
        "skew": -0.0522830672562,
        "var": 1.17936422912e+12
    },
    "spectral_strongpeak": {
        "kurt": 0.278675794601,
        "max": 2.89018893242,
        "mean": 0.627621114254,
        "median": 0.034228656441,
        "min": 0.000350188231096,
        "skew": 1.40877425671,
        "var": 1.02409958839
    },
    "zerocrossingrate": {
        "kurt": -1.15039944649,
        "max": 0.09765625,
        "mean": 0.0555943064392,
        "median": 0.053955078125,
        "min": 0.0126953125,
        "skew": 0.0777065604925,
        "var": 0.000507599674165
    },
    "barkbands": {
        "kurt": [3.67277860641, 17.3814735413, 10.1983594894, 6.80121421814, 18.3987293243, 0.413458824158, 1.05628871918, 0.557965517044, 17.7362270355, 1.39504337311, 1.88559389114, 0.898550987244, 0.747716903687, 2.54908561707, 3.08372688293, 3.71411085129, 1.25016546249, 1.28433275223, 0.996372938156, 1.4753575325, 1.02724790573, 4.73109531403, -0.0354182720184, 0.792029619217, 0.648388385773, 0.681221246719, 3.59038543701],
        "max": [1.55576671546e-08, 9.36933588491e-07, 8.64718117555e-07, 4.31800259548e-07, 4.01326688007e-05, 0.00191400793847, 0.0308164171875, 0.0141944531351, 6.21347426204e-05, 0.00450507923961, 0.00366198760457, 0.0108460402116, 0.00309732812457, 0.00871940422803, 3.04199929815e-05, 0.0163977891207, 0.0140577731654, 0.00625035725534, 0.00747943064198, 0.00172285037115, 0.00168450141791, 0.00160813459661, 0.000166529876878, 4.92979306728e-05, 3.39896796504e-05, 5.77843309202e-07, 1.33821469461e-08],
        "mean": [3.20638093854e-09, 1.3374126695e-07, 1.23847271993e-07, 6.70592541496e-08, 2.21005325329e-06, 0.000369139335817, 0.00525898765773, 0.00265699671581, 4.44371698904e-06, 0.000714801659342, 0.000543282541912, 0.00185596500523, 0.000543640635442, 0.0011535770027, 3.67615780306e-06, 0.0017972063506, 0.00225601228885, 0.000891529722139, 0.00123351078946, 0.000260045664618, 0.00027716247132, 0.000155839428771, 2.9319044188e-05, 7.38353764973e-06, 5.741347195e-06, 9.25892109649e-08, 1.58059232369e-09],
        "median": [2.19291296233e-09, 1.06006595502e-07, 8.29113417922e-08, 3.83251261837e-08, 1.19316069913e-07, 1.62020498351e-07, 2.49385925599e-06, 7.16478325558e-07, 3.94707342366e-08, 1.35171467264e-06, 1.23037648336e-06, 2.40137438823e-07, 8.2952240632e-08, 4.52017815178e-07, 7.99565746945e-09, 2.57782261315e-07, 2.83217502783e-07, 3.05840558212e-07, 1.54391358365e-07, 3.55287355092e-08, 1.08134230459e-08, 4.94660934436e-09, 8.11303635384e-10, 1.71129721505e-10, 9.09437941621e-11, 1.21101071879e-11, 3.71309401411e-13],
        "min": [3.90482958468e-11, 9.75316272189e-09, 3.53834472833e-09, 6.29879592928e-10, 8.51155057546e-09, 9.57050705352e-09, 5.34243760342e-09, 5.84005910298e-09, 2.04249461788e-09, 3.41461880993e-09, 6.89652224217e-10, 1.48283707535e-09, 9.69358343594e-11, 1.74288694588e-10, 1.42528294722e-10, 7.69552921387e-10, 8.15302880763e-10, 1.20450371899e-09, 1.22854082463e-09, 9.74081815208e-10, 4.50286141707e-10, 1.65101918248e-10, 4.04413655342e-11, 2.45139152033e-11, 2.54881914186e-11, 2.71257929313e-12, 1.58634607186e-13],
        "skew": [1.87043750286, 3.58731532097, 2.66137194633, 2.51782822609, 4.24930477142, 1.49795973301, 1.67807865143, 1.5541626215, 3.87841510773, 1.74613821507, 1.85506534576, 1.65345442295, 1.62375557423, 1.99546992779, 2.05541276932, 2.22389864922, 1.74991047382, 1.74579942226, 1.68259930611, 1.73894035816, 1.66612815857, 2.1152484417, 1.33643424511, 1.5869987011, 1.59439826012, 1.56325364113, 2.11297726631],
        "var": [1.06658198467e-17, 1.72107760579e-14, 1.79395665938e-14, 6.30532172969e-15, 4.18702503224e-11, 4.67000234039e-07, 0.000106460356619, 2.61080876953e-05, 9.51023357287e-11, 1.91632602764e-06, 1.17327920179e-06, 1.40347137858e-05, 1.20168806461e-06, 5.69515486859e-06, 5.47193020062e-11, 1.55549769261e-05, 2.20336751227e-05, 3.33244338435e-06, 6.18249487161e-06, 2.56640959151e-07, 2.96207474548e-07, 9.47753449054e-08, 2.74369904574e-09, 2.04084013578e-10, 1.30033955825e-10, 3.21072615923e-14, 1.07277210806e-17],
        "cov": [[1.07943240092e-17, 9.83328820274e-17, 2.38499887522e-16, 1.35462074962e-16, 6.73709169236e-15, 1.22611805691e-12, 1.82517490704e-11, 8.71511456751e-12, 5.8281829883e-15, 2.44038621776e-12, 1.64914382064e-12, 6.3671750164e-12, 1.88132127064e-12, 3.99012637167e-12, 1.37133126442e-14, 7.51191383402e-12, 8.17991507862e-12, 3.11838315586e-12, 4.26529037784e-12, 7.81791460996e-13, 9.8892888236e-13, 5.45901648538e-13, 9.46215694231e-14, 2.45288730598e-14, 2.00607912037e-14, 3.3027071928e-16, 4.94854184015e-18], [9.83328820274e-17, 1.74181348056e-14, 6.98764573222e-15, 1.56394511667e-15, 3.86408468428e-14, 2.57147046712e-11, 4.21463142164e-10, 1.77200157325e-10, 6.59529058428e-14, 4.83516560124e-11, 4.50009439434e-11, 1.42960768224e-10, 4.15785392227e-11, 1.22182985951e-10, 3.96095943588e-13, 1.48438830672e-10, 1.87021828579e-10, 6.92788534873e-11, 9.89464968293e-11, 1.81985971431e-11, 2.35808855081e-11, 1.09144698487e-11, 1.35594747236e-12, 4.87509988975e-13, 4.01543300563e-13, 7.2175355563e-15, 9.12377833366e-17], [2.38499887522e-16, 6.98764573222e-15, 1.81557056851e-14, 6.80807898257e-15, 3.75655249637e-14, 3.08542705274e-11, 4.98116881076e-10, 2.17348236631e-10, 2.29203022664e-13, 6.22129153749e-11, 4.97546517875e-11, 1.71609518262e-10, 4.96243948711e-11, 1.33710070793e-10, 4.20641684462e-13, 2.15597220632e-10, 2.25451060598e-10, 8.5920402737e-11, 1.17742204875e-10, 1.75204850628e-11, 2.568651368e-11, 1.39718557904e-11, 1.79132197357e-12, 5.86555218458e-13, 5.01857507374e-13, 8.70739451272e-15, 1.10914127091e-16], [1.35462074962e-16, 1.56394511667e-15, 6.80807898257e-15, 6.38128957363e-15, 8.55532888999e-14, 2.406652308e-11, 3.70239339187e-10, 1.70990915871e-10, 2.14510443371e-13, 5.07919505066e-11, 3.41935195436e-11, 1.29483007649e-10, 3.73758281269e-11, 8.23906914915e-11, 2.44464577704e-13, 1.43984116296e-10, 1.63894620098e-10, 6.31377380933e-11, 8.68515884211e-11, 1.31121511218e-11, 1.79398822187e-11, 9.53524065261e-12, 1.69553715686e-12, 4.65768049129e-13, 3.80179123859e-13, 6.11852047163e-15, 9.04198208248e-17], [6.73709169236e-15, 3.86408468428e-14, 3.75655249637e-14, 8.55532888999e-14, 4.23747113787e-11, 1.5144682175e-09, 1.47000820405e-08, 8.79357653361e-09, 1.2924574605e-11, 1.88168125526e-09, 1.54444357303e-09, 4.84539297574e-09, 1.39836098256e-09, 2.86850432296e-09, 1.11288244245e-11, 3.91800503152e-09, 4.14627310263e-09, 1.73620351429e-09, 2.88927903824e-09, 9.9273489429e-10, 1.0415823759e-09, 9.38331745637e-10, 1.54368504091e-10, 2.92064011864e-11, 1.70947873912e-11, 4.05054841664e-13, 4.83834790944e-15], [1.22611805691e-12, 2.57147046712e-11, 3.08542705274e-11, 2.406652308e-11, 1.5144682175e-09, 4.72626737746e-07, 7.05072898199e-06, 3.48625167135e-06, 2.69044764245e-09, 9.34451065859e-07, 7.08054074039e-07, 2.54431006397e-06, 7.4460245969e-07, 1.54708493483e-06, 4.45078418565e-09, 2.41171710513e-06, 3.14654334943e-06, 1.22305493733e-06, 1.68040764947e-06, 3.27945969048e-07, 3.67231024256e-07, 1.97606922825e-07, 3.45817170455e-08, 9.63369561902e-09, 7.75763808747e-09, 1.21483004212e-10, 2.07625930337e-12], [1.82517490704e-11, 4.21463142164e-10, 4.98116881076e-10, 3.70239339187e-10, 1.47000820405e-08, 7.05072898199e-06, 0.000107743013359, 5.25955802004e-05, 3.84666201114e-08, 1.43261031553e-05, 1.08703407022e-05, 3.8905753172e-05, 1.13625419544e-05, 2.37996682699e-05, 6.72482656228e-08, 3.67884240404e-05, 4.86465687572e-05, 1.87886307685e-05, 2.57642477663e-05, 4.91290347782e-06, 5.55588258067e-06, 2.85880173578e-06, 5.02788964241e-07, 1.43894737903e-07, 1.1711210135e-07, 1.82397552617e-09, 3.09911644958e-11], [8.71511456751e-12, 1.77200157325e-10, 2.17348236631e-10, 1.70990915871e-10, 8.79357653361e-09, 3.48625167135e-06, 5.25955802004e-05, 2.64226418949e-05, 1.7437432831e-08, 6.97658242643e-06, 5.39569737157e-06, 1.92304723896e-05, 5.63118237551e-06, 1.14293115985e-05, 3.32073497589e-08, 1.82391613635e-05, 2.36018495343e-05, 9.15033797355e-06, 1.259333294e-05, 2.48493438448e-06, 2.72897545983e-06, 1.41905809414e-06, 2.5805235282e-07, 7.30656495307e-08, 5.83852219904e-08, 9.10695185929e-10, 1.57998735623e-11], [5.8281829883e-15, 6.59529058428e-14, 2.29203022664e-13, 2.14510443371e-13, 1.2924574605e-11, 2.69044764245e-09, 3.84666201114e-08, 1.7437432831e-08, 9.62481483402e-11, 4.95293051017e-09, 3.9106429206e-09, 1.24457049111e-08, 3.73490216532e-09, 1.00418064974e-08, 2.80098132188e-11, 1.19783631902e-08, 1.67593494638e-08, 6.77667388871e-09, 9.51229139901e-09, 2.02068828337e-09, 2.17171081118e-09, 1.28665145205e-09, 1.94026877898e-10, 4.77790029763e-11, 3.94345597843e-11, 6.30459497542e-13, 9.0774869243e-15], [2.44038621776e-12, 4.83516560124e-11, 6.22129153749e-11, 5.07919505066e-11, 1.88168125526e-09, 9.34451065859e-07, 1.43261031553e-05, 6.97658242643e-06, 4.95293051017e-09, 1.93941423277e-06, 1.42372948631e-06, 5.17624494023e-06, 1.50786888753e-06, 3.07776690534e-06, 8.77874661853e-09, 4.92224216941e-06, 6.48121977065e-06, 2.47689558819e-06, 3.41339932675e-06, 6.44310432563e-07, 7.29425664758e-07, 3.68681526197e-07, 6.69396129638e-08, 1.90824689383e-08, 1.55229606946e-08, 2.3921389869e-10, 4.12835130664e-12], [1.64914382064e-12, 4.50009439434e-11, 4.97546517875e-11, 3.41935195436e-11, 1.54444357303e-09, 7.08054074039e-07, 1.08703407022e-05, 5.39569737157e-06, 3.9106429206e-09, 1.42372948631e-06, 1.1874150232e-06, 3.95895358452e-06, 1.15542081858e-06, 2.45580167757e-06, 6.65615562667e-09, 3.52612232746e-06, 4.87151328343e-06, 1.89200056866e-06, 2.61899822362e-06, 5.22770392308e-07, 5.67054428302e-07, 2.86666562488e-07, 5.10117601493e-08, 1.47355745383e-08, 1.1719414772e-08, 1.90223628516e-10, 3.0778591481e-12], [6.3671750164e-12, 1.42960768224e-10, 1.71609518262e-10, 1.29483007649e-10, 4.84539297574e-09, 2.54431006397e-06, 3.8905753172e-05, 1.92304723896e-05, 1.24457049111e-08, 5.17624494023e-06, 3.95895358452e-06, 1.42038070408e-05, 4.14725536757e-06, 8.48113631946e-06, 2.40617428204e-08, 1.34777610583e-05, 1.75730074261e-05, 6.77926936987e-06, 9.30692476686e-06, 1.78082302682e-06, 1.99669739231e-06, 1.01619014004e-06, 1.82200878385e-07, 5.29114103642e-08, 4.27200284037e-08, 6.63025134795e-10, 1.144703516e-11], [1.88132127064e-12, 4.15785392227e-11, 4.96243948711e-11, 3.73758281269e-11, 1.39836098256e-09, 7.4460245969e-07, 1.13625419544e-05, 5.63118237551e-06, 3.73490216532e-09, 1.50786888753e-06, 1.15542081858e-06, 4.14725536757e-06, 1.21616619708e-06, 2.47987395596e-06, 7.04626090808e-09, 3.94499511458e-06, 5.14537805429e-06, 1.99045030058e-06, 2.73156342701e-06, 5.27123518168e-07, 5.86151656989e-07, 3.00453962154e-07, 5.36245075011e-08, 1.54905830385e-08, 1.25779484605e-08, 1.94009308618e-10, 3.35351733362e-12], [3.99012637167e-12, 1.22182985951e-10, 1.33710070793e-10, 8.23906914915e-11, 2.86850432296e-09, 1.54708493483e-06, 2.37996682699e-05, 1.14293115985e-05, 1.00418064974e-08, 3.07776690534e-06, 2.45580167757e-06, 8.48113631946e-06, 2.47987395596e-06, 5.76377078687e-06, 1.52208148307e-08, 7.76076831244e-06, 1.08017584353e-05, 4.25231246481e-06, 5.75230023969e-06, 1.10950395538e-06, 1.27694852381e-06, 6.79365086853e-07, 1.06430753988e-07, 3.10051291308e-08, 2.55200003352e-08, 4.0605288576e-10, 6.35455273471e-12], [1.37133126442e-14, 3.96095943588e-13, 4.20641684462e-13, 2.44464577704e-13, 1.11288244245e-11, 4.45078418565e-09, 6.72482656228e-08, 3.32073497589e-08, 2.80098132188e-11, 8.77874661853e-09, 6.65615562667e-09, 2.40617428204e-08, 7.04626090808e-09, 1.52208148307e-08, 5.53785732549e-11, 2.70891771237e-08, 3.02677172215e-08, 1.1676131173e-08, 1.60197259902e-08, 3.19485704559e-09, 3.54255336177e-09, 1.83554971223e-09, 3.27484817042e-10, 9.24889817511e-11, 7.29915641817e-11, 1.15148775931e-12, 2.05749537552e-14], [7.51191383402e-12, 1.48438830672e-10, 2.15597220632e-10, 1.43984116296e-10, 3.91800503152e-09, 2.41171710513e-06, 3.67884240404e-05, 1.82391613635e-05, 1.19783631902e-08, 4.92224216941e-06, 3.52612232746e-06, 1.34777610583e-05, 3.94499511458e-06, 7.76076831244e-06, 2.70891771237e-08, 1.57423874043e-05, 1.67744001374e-05, 6.3257043621e-06, 8.79486378835e-06, 1.63724826052e-06, 1.8624856466e-06, 9.31866622977e-07, 1.71722462028e-07, 5.10902182782e-08, 4.08486933168e-08, 6.1984434252e-10, 1.19912430679e-11], [8.17991507862e-12, 1.87021828579e-10, 2.25451060598e-10, 1.63894620098e-10, 4.14627310263e-09, 3.14654334943e-06, 4.86465687572e-05, 2.36018495343e-05, 1.67593494638e-08, 6.48121977065e-06, 4.87151328343e-06, 1.75730074261e-05, 5.14537805429e-06, 1.08017584353e-05, 3.02677172215e-08, 1.67744001374e-05, 2.22991420742e-05, 8.59552892507e-06, 1.17611998576e-05, 2.21106688514e-06, 2.5158265089e-06, 1.26860106775e-06, 2.202274203e-07, 6.4591965554e-08, 5.30133057453e-08, 8.10519706906e-10, 1.38070050185e-11], [3.11838315586e-12, 6.92788534873e-11, 8.5920402737e-11, 6.31377380933e-11, 1.73620351429e-09, 1.22305493733e-06, 1.87886307685e-05, 9.15033797355e-06, 6.77667388871e-09, 2.47689558819e-06, 1.89200056866e-06, 6.77926936987e-06, 1.99045030058e-06, 4.25231246481e-06, 1.1676131173e-08, 6.3257043621e-06, 8.59552892507e-06, 3.37259325534e-06, 4.55516419606e-06, 8.65471292855e-07, 9.78425873654e-07, 5.06168305492e-07, 8.59264659425e-08, 2.49579894529e-08, 2.06090540189e-08, 3.15220599623e-10, 5.27379095255e-12], [4.26529037784e-12, 9.89464968293e-11, 1.17742204875e-10, 8.68515884211e-11, 2.88927903824e-09, 1.68040764947e-06, 2.57642477663e-05, 1.259333294e-05, 9.51229139901e-09, 3.41339932675e-06, 2.61899822362e-06, 9.30692476686e-06, 2.73156342701e-06, 5.75230023969e-06, 1.60197259902e-08, 8.79486378835e-06, 1.17611998576e-05, 4.55516419606e-06, 6.25698294243e-06, 1.19885248751e-06, 1.34213564706e-06, 6.87572196512e-07, 1.192804433e-07, 3.45341639729e-08, 2.81961654025e-08, 4.34666719284e-10, 7.3208826154e-12], [7.81791460996e-13, 1.81985971431e-11, 1.75204850628e-11, 1.31121511218e-11, 9.9273489429e-10, 3.27945969048e-07, 4.91290347782e-06, 2.48493438448e-06, 2.02068828337e-09, 6.44310432563e-07, 5.22770392308e-07, 1.78082302682e-06, 5.27123518168e-07, 1.10950395538e-06, 3.19485704559e-09, 1.63724826052e-06, 2.21106688514e-06, 8.65471292855e-07, 1.19885248751e-06, 2.59733013763e-07, 2.64602959987e-07, 1.41779679552e-07, 2.49850575784e-08, 6.83742840124e-09, 5.48710143988e-09, 8.72020997078e-11, 1.40788151536e-12], [9.8892888236e-13, 2.35808855081e-11, 2.568651368e-11, 1.79398822187e-11, 1.0415823759e-09, 3.67231024256e-07, 5.55588258067e-06, 2.72897545983e-06, 2.17171081118e-09, 7.29425664758e-07, 5.67054428302e-07, 1.99669739231e-06, 5.86151656989e-07, 1.27694852381e-06, 3.54255336177e-09, 1.8624856466e-06, 2.5158265089e-06, 9.78425873654e-07, 1.34213564706e-06, 2.64602959987e-07, 2.99776246493e-07, 1.59345034945e-07, 2.64183608323e-08, 7.55437046251e-09, 6.09514705374e-09, 9.60389545668e-11, 1.56588945369e-12], [5.45901648538e-13, 1.09144698487e-11, 1.39718557904e-11, 9.53524065261e-12, 9.38331745637e-10, 1.97606922825e-07, 2.85880173578e-06, 1.41905809414e-06, 1.28665145205e-09, 3.68681526197e-07, 2.86666562488e-07, 1.01619014004e-06, 3.00453962154e-07, 6.79365086853e-07, 1.83554971223e-09, 9.31866622977e-07, 1.26860106775e-06, 5.06168305492e-07, 6.87572196512e-07, 1.41779679552e-07, 1.59345034945e-07, 9.59172155035e-08, 1.45480774094e-08, 3.94139876292e-09, 3.20384407893e-09, 5.0844047722e-11, 8.07388444296e-13], [9.46215694231e-14, 1.35594747236e-12, 1.79132197357e-12, 1.69553715686e-12, 1.54368504091e-10, 3.45817170455e-08, 5.02788964241e-07, 2.5805235282e-07, 1.94026877898e-10, 6.69396129638e-08, 5.10117601493e-08, 1.82200878385e-07, 5.36245075011e-08, 1.06430753988e-07, 3.27484817042e-10, 1.71722462028e-07, 2.202274203e-07, 8.59264659425e-08, 1.192804433e-07, 2.49850575784e-08, 2.64183608323e-08, 1.45480774094e-08, 2.77675571425e-09, 7.1758510245e-10, 5.66917068845e-10, 8.98267571436e-12, 1.5475617207e-13], [2.45288730598e-14, 4.87509988975e-13, 5.86555218458e-13, 4.65768049129e-13, 2.92064011864e-11, 9.63369561902e-09, 1.43894737903e-07, 7.30656495307e-08, 4.77790029763e-11, 1.90824689383e-08, 1.47355745383e-08, 5.29114103642e-08, 1.54905830385e-08, 3.10051291308e-08, 9.24889817511e-11, 5.10902182782e-08, 6.4591965554e-08, 2.49579894529e-08, 3.45341639729e-08, 6.83742840124e-09, 7.55437046251e-09, 3.94139876292e-09, 7.1758510245e-10, 2.06542852266e-10, 1.61372387675e-10, 2.51474405535e-12, 4.37533107076e-14], [2.00607912037e-14, 4.01543300563e-13, 5.01857507374e-13, 3.80179123859e-13, 1.70947873912e-11, 7.75763808747e-09, 1.1711210135e-07, 5.83852219904e-08, 3.94345597843e-11, 1.55229606946e-08, 1.1719414772e-08, 4.27200284037e-08, 1.25779484605e-08, 2.55200003352e-08, 7.29915641817e-11, 4.08486933168e-08, 5.30133057453e-08, 2.06090540189e-08, 2.81961654025e-08, 5.48710143988e-09, 6.09514705374e-09, 3.20384407893e-09, 5.66917068845e-10, 1.61372387675e-10, 1.31600633169e-10, 2.00923349139e-12, 3.49532618018e-14], [3.3027071928e-16, 7.2175355563e-15, 8.70739451272e-15, 6.11852047163e-15, 4.05054841664e-13, 1.21483004212e-10, 1.82397552617e-09, 9.10695185929e-10, 6.30459497542e-13, 2.3921389869e-10, 1.90223628516e-10, 6.63025134795e-10, 1.94009308618e-10, 4.0605288576e-10, 1.15148775931e-12, 6.1984434252e-10, 8.10519706906e-10, 3.15220599623e-10, 4.34666719284e-10, 8.72020997078e-11, 9.60389545668e-11, 5.0844047722e-11, 8.98267571436e-12, 2.51474405535e-12, 2.00923349139e-12, 3.2494094763e-14, 5.35538539665e-16], [4.94854184015e-18, 9.12377833366e-17, 1.10914127091e-16, 9.04198208248e-17, 4.83834790944e-15, 2.07625930337e-12, 3.09911644958e-11, 1.57998735623e-11, 9.0774869243e-15, 4.12835130664e-12, 3.0778591481e-12, 1.144703516e-11, 3.35351733362e-12, 6.35455273471e-12, 2.05749537552e-14, 1.19912430679e-11, 1.38070050185e-11, 5.27379095255e-12, 7.3208826154e-12, 1.40788151536e-12, 1.56588945369e-12, 8.07388444296e-13, 1.5475617207e-13, 4.37533107076e-14, 3.49532618018e-14, 5.35538539665e-16, 1.08569713601e-17]]
    },
    "mfcc": {
        "kurt": [-1.11858475208, -0.879081964493, -1.59699892998, -1.18804728985, -1.38871383667, -1.47184753418, -0.936973810196, -0.909931898117, -0.954764604568, -0.68368935585, -0.345650196075, -0.29296708107, -1.1536295414],
        "max": [-571.154663086, 115.232948303, 42.824131012, 29.0701942444, 12.0304870605, 6.99843597412, 15.7217140198, 20.7553195953, 16.7660560608, 11.1967105865, 16.9001331329, 34.4892196655, 46.8535728455],
        "mean": [-920.140258789, 61.5372772217, -31.1944198608, -4.18581771851, -24.2966575623, -20.4568881989, -13.5571126938, -3.88521695137, -12.5452222824, -8.18289756775, 2.66388320923, 8.30914783478, 17.6012229919],
        "median": [-1017.09570312, 55.9626235962, -10.6094894409, -5.91547393799, -10.9097671509, -13.3873062134, -7.5913848877, -1.34135437012, -9.46115875244, -7.64116287231, 2.60502052307, 4.74021816254, 14.9240226746],
        "min": [-1124.36914062, 18.0476779938, -128.761688232, -32.2269363403, -80.5438537598, -52.0257148743, -55.7347412109, -28.148267746, -39.6134643555, -28.9377822876, -13.6793575287, -10.0186309814, -5.29479217529],
        "skew": [0.728024661541, 0.442634254694, -0.30076789856, 0.0890609994531, -0.539981305599, -0.170104146004, -0.580897092819, -0.257738173008, -0.115867987275, -0.145450666547, -0.212512880564, 0.902316987514, 0.282066196203],
        "var": [41121.28125, 738.059448242, 3763.59326172, 283.631286621, 933.040527344, 325.891876221, 340.885498047, 158.136306763, 213.61000061, 77.1400756836, 42.0774040222, 124.159759521, 213.823455811],
        "cov": [[41616.71875, -1590.16455078, -11897.8105469, -2198.42016602, -5877.23291016, -3273.52978516, -3377.11132812, -1976.09436035, -2585.68212891, -1252.11413574, 665.27166748, 1711.14208984, 2633.57983398], [-1590.16455078, 746.951782227, 66.9916610718, -42.546787262, 206.241851807, -17.4299411774, 153.265106201, 199.499389648, 44.7462463379, 25.3693943024, 7.38796949387, -119.067886353, -9.9461555481], [-11897.8105469, 66.9916610718, 3808.93798828, 741.950561523, 1666.47424316, 1061.13635254, 948.117858887, 475.964752197, 759.973266602, 338.505889893, -229.318328857, -467.565948486, -814.707641602], [-2198.42016602, -42.546787262, 741.950561523, 287.048522949, 310.441375732, 214.011245728, 114.853042603, 49.7750740051, 150.155258179, 84.9688034058, -31.8809738159, -113.20488739, -187.89364624], [-5877.23291016, 206.241851807, 1666.47424316, 310.441375732, 944.281982422, 461.62387085, 500.318817139, 280.836517334, 371.030517578, 191.530609131, -76.5751266479, -198.643051147, -357.037353516], [-3273.52978516, -17.4299411774, 1061.13635254, 214.011245728, 461.62387085, 329.81829834, 269.21697998, 135.665084839, 218.133850098, 102.257164001, -65.6589889526, -139.766067505, -239.442962646], [-3377.11132812, 153.265106201, 948.117858887, 114.853042603, 500.318817139, 269.21697998, 344.992553711, 195.428817749, 213.090362549, 98.5704269409, -47.1950302124, -110.127433777, -193.969436646], [-1976.09436035, 199.499389648, 475.964752197, 49.7750740051, 280.836517334, 135.665084839, 195.428817749, 160.041564941, 146.342987061, 63.1714096069, -22.0265522003, -82.4889907837, -111.294113159], [-2585.68212891, 44.7462463379, 759.973266602, 150.155258179, 371.030517578, 218.133850098, 213.090362549, 146.342987061, 216.183624268, 100.737503052, -43.9697418213, -101.703338623, -180.788848877], [-1252.11413574, 25.3693943024, 338.505889893, 84.9688034058, 191.530609131, 102.257164001, 98.5704269409, 63.1714096069, 100.737503052, 78.0694732666, -3.73013353348, -54.7321510315, -93.1825485229], [665.27166748, 7.38796949387, -229.318328857, -31.8809738159, -76.5751266479, -65.6589889526, -47.1950302124, -22.0265522003, -43.9697418213, -3.73013353348, 42.58436203, 38.9819488525, 41.7418212891], [1711.14208984, -119.067886353, -467.565948486, -113.20488739, -198.643051147, -139.766067505, -110.127433777, -82.4889907837, -101.703338623, -54.7321510315, 38.9819488525, 125.655662537, 126.675331116], [2633.57983398, -9.9461555481, -814.707641602, -187.89364624, -357.037353516, -239.442962646, -193.969436646, -111.294113159, -180.788848877, -93.1825485229, 41.7418212891, 126.675331116, 216.399642944]]
    },
    "sccoeffs": {
        "kurt": [3.70289850235, -0.643555879593, -0.991649866104, -0.96463727951, -0.509471178055, -1.25878000259],
        "max": [-0.560436487198, -0.230613783002, -0.437504470348, -0.400121301413, -0.525098562241, -0.621127188206],
        "mean": [-0.811270952225, -0.649429023266, -0.708014130592, -0.708282053471, -0.778102993965, -0.786740005016],
        "median": [-0.823267579079, -0.717841804028, -0.72694003582, -0.756956934929, -0.798081219196, -0.82869464159],
        "min": [-0.91023093462, -0.945054411888, -0.943230450153, -0.963561475277, -0.957577884197, -0.886622905731],
        "skew": [1.62282693386, 0.800996363163, 0.263919204473, 0.578070163727, 0.861994147301, 0.558132708073],
        "var": [0.00334564037621, 0.0433305092156, 0.018584087491, 0.0285831466317, 0.0156744476408, 0.00869552046061],
        "cov": [[0.00338594918139, 0.00536752631888, 0.0026959781535, 0.00432699127123, 0.00269871577621, 0.00268650148064], [0.00536752631888, 0.0438525602221, 0.0260975621641, 0.0345970876515, 0.0252776239067, 0.0183164179325], [0.0026959781535, 0.0260975621641, 0.0188079923391, 0.0219710599631, 0.0157874841243, 0.0109285367653], [0.00432699127123, 0.0345970876515, 0.0219710599631, 0.0289275217801, 0.0208702348173, 0.0149971609935], [0.00269871577621, 0.0252776239067, 0.0157874841243, 0.0208702348173, 0.0158632956445, 0.0110201062635], [0.00268650148064, 0.0183164179325, 0.0109285367653, 0.0149971609935, 0.0110201062635, 0.00880028586835]]
    },
    "scvalleys": {
        "kurt": [-0.393453836441, -1.45563900471, -1.38780593872, -1.37225449085, -1.4255708456, -1.15571713448],
        "max": [-8.81431293488, -6.30269098282, -6.36568593979, -6.99574327469, -6.50267744064, -8.22813224792],
        "mean": [-9.85265254974, -9.03711414337, -9.68555450439, -10.3133039474, -10.3364686966, -12.6350374222],
        "median": [-9.87470912933, -9.72058868408, -10.6781005859, -11.1459236145, -11.4923639297, -14.1319637299],
        "min": [-10.9378871918, -11.0996084213, -11.6370038986, -13.0912275314, -12.9011583328, -14.9126033783],
        "skew": [0.25588336587, 0.418162614107, 0.548509955406, 0.503277420998, 0.519014596939, 0.771719813347],
        "var": [0.231533184648, 2.44727492332, 3.06710529327, 3.85818767548, 4.9299492836, 5.14534854889],
        "cov": [[0.234322741628, 0.493535876274, 0.580299258232, 0.659470558167, 0.731389462948, 0.739326298237], [0.493535876274, 2.476760149, 2.69531989098, 2.98244023323, 3.38901305199, 3.37147021294], [0.580299258232, 2.69531989098, 3.10405826569, 3.41946959496, 3.88308024406, 3.9005420208], [0.659470558167, 2.98244023323, 3.41946959496, 3.90467190742, 4.38930034637, 4.39061927795], [0.731389462948, 3.38901305199, 3.88308024406, 4.38930034637, 4.98934602737, 4.98814296722], [0.739326298237, 3.37147021294, 3.9005420208, 4.39061927795, 4.98814296722, 5.20734071732]]
    }
},
"rhythm": {
    "beats_loudness": {
        "kurt": -1.49999988079,
        "max": 0.113553501666,
        "mean": 0.0378605350852,
        "median": 2.65611979557e-05,
        "min": 1.54530425789e-06,
        "skew": 0.707106769085,
        "var": 0.00286471261643
    },
    "bpm": 129.19921875,
    "confidence": 0,
    "first_peak_bpm": {
        "kurt": 0,
        "max": 129,
        "mean": 129,
        "median": 129,
        "min": 129,
        "skew": 0,
        "var": 0
    },
    "first_peak_spread": {
        "kurt": 0,
        "max": 0,
        "mean": 0,
        "median": 0,
        "min": 0,
        "skew": 0,
        "var": 0
    },
    "first_peak_weight": {
        "kurt": 0,
        "max": 1,
        "mean": 1,
        "median": 1,
        "min": 1,
        "skew": 0,
        "var": 0
    },
    "onset_rate": 1.03904056549,
    "second_peak_bpm": {
        "kurt": 0,
        "max": 0,
        "mean": 0,
        "median": 0,
        "min": 0,
        "skew": 0,
        "var": 0
    },
    "second_peak_spread": {
        "kurt": 0,
        "max": 0,
        "mean": 0,
        "median": 0,
        "min": 0,
        "skew": 0,
        "var": 0
    },
    "second_peak_weight": {
        "kurt": 0,
        "max": 0,
        "mean": 0,
        "median": 0,
        "min": 0,
        "skew": 0,
        "var": 0
    },
    "beats_loudness_band_ratio": {
        "kurt": [-1.5, -1.5, -1.5, -1.50000023842, -1.50000023842, -1.49999952316],
        "max": [0.21062284708, 0.234099775553, 0.608519256115, 0.56067109108, 0.241591662169, 0.0959468781948],
        "mean": [0.0749657303095, 0.110143013299, 0.45615363121, 0.306640863419, 0.0993310138583, 0.0416834838688],
        "median": [0.0142636634409, 0.0686926692724, 0.4060074687, 0.255401104689, 0.0444946177304, 0.0246131513268],
        "min": [1.06776615212e-05, 0.0276366062462, 0.35393422842, 0.103850334883, 0.0119067430496, 0.00449043093249],
        "skew": [0.695458948612, 0.596518933773, 0.589739978313, 0.384940713644, 0.652799844742, 0.570213913918],
        "var": [0.00923528522253, 0.0079635726288, 0.0120595768094, 0.0360936224461, 0.0102960411459, 0.00153974501882],
        "cov": [[0.0138529278338, 0.0124654192477, 0.0153165590018, -0.0195447299629, -0.00959709752351, -0.00403830688447], [0.0124654192477, 0.0119453584775, 0.014699540101, -0.0219862349331, -0.00610461411998, -0.00272557744756], [0.0153165590018, 0.014699540101, 0.0180893652141, -0.027147822082, -0.00742446724325, -0.00332156242803], [-0.0195447299629, -0.0219862349331, -0.027147822082, 0.0541404336691, -0.00174534413964, 0.000212787650526], [-0.00959709752351, -0.00610461411998, -0.00742446724325, -0.00174534413964, 0.0154440617189, 0.0059535978362], [-0.00403830688447, -0.00272557744756, -0.00332156242803, 0.000212787650526, 0.0059535978362, 0.00230961758643]]
    },
    "beats_position": [0.46439909935, 0.9287981987, 1.39319729805],
    "bpm_estimates": [129.19921875, 129.19921875],
    "bpm_intervals": [0.46439909935, 0.46439909935],
    "onset_times": [0.0348299331963, 0.325079351664],
    "histogram": [[0, 0, 0, 0, 0, 0, 0, 0, 0, 0, 0, 0, 0, 0, 0, 0, 0, 0, 0, 0, 0, 0, 0, 0, 0, 0, 0, 0, 0, 0, 0, 0, 0, 0, 0, 0, 0, 0, 0, 0, 0, 0, 0, 0, 0, 0, 0, 0, 0, 0, 0, 0, 0, 0, 0, 0, 0, 0, 0, 0, 0, 0, 0, 0, 0, 0, 0, 0, 0, 0, 0, 0, 0, 0, 0, 0, 0, 0, 0, 0, 0, 0, 0, 0, 0, 0, 0, 0, 0, 0, 0, 0, 0, 0, 0, 0, 0, 0, 0, 0, 0, 0, 0, 0, 0, 0, 0, 0, 0, 0, 0, 0, 0, 0, 0, 0, 0, 0, 0, 0, 0, 0, 0, 0, 0, 0, 0, 0, 0, 1, 0, 0, 0, 0, 0, 0, 0, 0, 0, 0, 0, 0, 0, 0, 0, 0, 0, 0, 0, 0, 0, 0, 0, 0, 0, 0, 0, 0, 0, 0, 0, 0, 0, 0, 0, 0, 0, 0, 0, 0, 0, 0, 0, 0, 0, 0, 0, 0, 0, 0, 0, 0, 0, 0, 0, 0, 0, 0, 0, 0, 0, 0, 0, 0, 0, 0, 0, 0, 0, 0, 0, 0, 0, 0, 0, 0, 0, 0, 0, 0, 0, 0, 0, 0, 0, 0, 0, 0, 0, 0, 0, 0, 0, 0, 0, 0, 0, 0, 0, 0, 0, 0, 0, 0, 0, 0, 0, 0, 0, 0, 0, 0, 0, 0, 0, 0, 0, 0, 0, 0]]
},
"sfx": {
    "inharmonicity": {
        "kurt": -0.498124837875,
        "max": 0.343679636717,
        "mean": 0.102276191115,
        "median": 0.0486178845167,
        "min": 0.000938952609431,
        "skew": 0.948692262173,
        "var": 0.0113941077143
    },
    "oddtoevenharmonicenergyratio": {
        "kurt": 5.62466430664,
        "max": 12.8842945099,
        "mean": 2.18044567108,
        "median": 1.66626679897,
        "min": 0.04310188815,
        "skew": 2.30490636826,
        "var": 6.82834148407
    },
    "pitch_after_max_to_before_max_energy_ratio": 0.660589158535,
    "pitch_centroid": 42.1233062744,
    "pitch_max_to_total": 0.809523820877,
    "pitch_min_to_total": 0.904761910439,
    "tristimulus": {
        "kurt": [0.392621278763, -0.587809324265, -1.22016012669],
        "max": [0.64659267664, 0.68311393261, 0.860624313354],
        "mean": [0.157963618636, 0.32803350687, 0.514003098011],
        "median": [0.0862187445164, 0.269001722336, 0.513208806515],
        "min": [0, 0.102080203593, 0],
        "skew": [1.08321225643, 0.815743148327, -0.140502333641],
        "var": [0.0300237983465, 0.0246934555471, 0.0509723983705],
        "cov": [[0.0303855314851, -0.00189498602413, -0.0284905433655], [-0.00189498602413, 0.0249909665436, -0.0230959765613], [-0.0284905433655, -0.0230959765613, 0.0515865236521]]
    }
},
"tonal": {
    "chords_changes_rate": 0,
    "chords_number_rate": 0.0232558138669,
    "chords_strength": {
        "kurt": 0.127955675125,
        "max": 0.556742608547,
        "mean": 0.535908222198,
        "median": 0.536338567734,
        "min": 0.516698539257,
        "skew": -0.170063734055,
        "var": 6.28457055427e-05
    },
    "key_strength": 0.511699259281,
    "tuning_diatonic_strength": 0.410424530506,
    "tuning_equal_tempered_deviation": 0.153247967362,
    "tuning_frequency": 442.03793335,
    "tuning_nontempered_energy_ratio": 0.718255281448,
    "hpcp": {
        "kurt": [6.2865114212, 10.7922315598, 12.636220932, 18.8251304626, 7.34251308441, 8.31894302368, 2.91324663162, 2.85631799698, -1.37927174568, -0.512809514999, 5.06558895111, 8.71500968933, 10.0895586014, 8.35827159882, 14.8974781036, 10.6490211487, 14.8456249237, 1.12799787521, -0.231283187866, -0.550165891647, 5.02555179596, 13.08893013, 4.46786880493, 4.21906137466, 3.56918430328, 12.1061010361, 10.2653141022, 4.97791385651, 6.73518657684, 0.130613327026, 0.277944326401, 14.0900192261, 0.205742120743, 4.83712148666, 2.30040979385, 10.4247360229],
        "max": [0.412052929401, 0.596635103226, 0.833973944187, 0.989535629749, 0.430520743132, 0.431602746248, 0.445029586554, 0.971609115601, 1, 1, 0.743307232857, 0.56941652298, 0.426158308983, 0.375887572765, 0.596459209919, 0.507454156876, 0.653217017651, 0.700031220913, 0.804637849331, 0.4503711164, 0.34133914113, 0.403037041426, 0.278551518917, 0.264041393995, 0.226305231452, 0.522925198078, 0.774244904518, 0.494479298592, 0.58763229847, 0.517483711243, 0.339097678661, 0.889049530029, 1, 1, 1, 0.785535633564],
        "mean": [0.0583031401038, 0.0791075229645, 0.090483263135, 0.0712797343731, 0.0422869808972, 0.04115447402, 0.0675218179822, 0.294122099876, 0.616419434547, 0.43640011549, 0.101832069457, 0.0527574792504, 0.039138186723, 0.03910382092, 0.0528492368758, 0.050858233124, 0.0488178059459, 0.144420385361, 0.228748217225, 0.146330550313, 0.0560027882457, 0.0404518023133, 0.0343562811613, 0.0321953222156, 0.0297200102359, 0.0703680291772, 0.114418029785, 0.0857279598713, 0.0997117608786, 0.161949172616, 0.111229673028, 0.0730121731758, 0.519193410873, 0.890814244747, 0.472675710917, 0.0736545845866],
        "median": [0.0178617872298, 0.0414317809045, 0.0327617116272, 0.00814891327173, 0.00468812091276, 0.0017626847839, 0.00230352976359, 0.30775052309, 0.597882211208, 0.49211153388, 0.0331859327853, 0.00534317875281, 0.00520008103922, 0.0118460943922, 0.012624126859, 0.0164583344012, 0.00786256603897, 0.0690726265311, 0.0893622115254, 0.093281686306, 0.0329440683126, 0.014451533556, 0.0031545648817, 0.00233499216847, 0.00343921035528, 0.0433511696756, 0.0653732344508, 0.0548205301166, 0.0637366473675, 0.131266474724, 0.0917903780937, 0.0118885077536, 0.504936754704, 1, 0.457541704178, 0.0212032608688],
