{
"metadata": {
    "version": {
        "essentia": "2.1-beta3"
    }
},
"lowLevel": {
    "average_loudness": 0.000400761084165,
    "barkbands_kurtosis": {
        "kurt": 414.375640869,
        "max": 146.342758179,
        "mean": 1.25638103485,
        "median": 0.39767074585,
        "min": -1.8044244051,
        "skew": 17.655872345,
        "var": 28.1352653503
    },
    "barkbands_skewness": {
        "kurt": 39.0462226868,
        "max": 3.78198337555,
        "mean": 0.959955692291,
        "median": 1.04990458488,
        "min": -11.4199552536,
        "skew": -3.94894242287,
        "var": 0.834703743458
    },
    "barkbands_spread": {
        "kurt": 6.73275184631,
        "max": 86.283454895,
        "mean": 21.3254489899,
        "median": 19.8185272217,
        "min": 1.17314851284,
        "skew": 2.00809216499,
        "var": 110.819389343
    },
    "dissonance": {
        "kurt": 3.68615245819,
        "max": 0.500000059605,
        "mean": 0.472519010305,
        "median": 0.476307541132,
        "min": 0.335330843925,
        "skew": -1.44299781322,
        "var": 0.000360964768333
    },
    "hfc": {
        "kurt": 85.2665481567,
        "max": 87.7024078369,
        "mean": 1.15602195263,
        "median": 0.104727089405,
        "min": 0.00205293833278,
        "skew": 8.56716251373,
        "var": 38.940322876
    },
    "pitch": {
        "kurt": 26.504524231,
        "max": 4748.48144531,
        "mean": 348.721008301,
        "median": 196.546447754,
        "min": 58.6506271362,
        "skew": 5.08345413208,
        "var": 346180.34375
    },
    "pitch_instantaneous_confidence": {
        "kurt": 7.55669498444,
        "max": 0.992214024067,
        "mean": 0.280309319496,
        "median": 0.244652748108,
        "min": 0.110847711563,
        "skew": 2.51865172386,
        "var": 0.0186507869512
    },
    "pitch_salience": {
        "kurt": 7.04039955139,
        "max": 0.865056395531,
        "mean": 0.689011454582,
        "median": 0.706827580929,
        "min": 0.0566071793437,
        "skew": -1.88527369499,
        "var": 0.00933207478374
    },
    "silence_rate_20dB": {
        "kurt": 0,
        "max": 1,
        "mean": 1,
        "median": 1,
        "min": 1,
        "skew": 0,
        "var": 0
    },
    "silence_rate_30dB": {
        "kurt": 0,
        "max": 1,
        "mean": 1,
        "median": 1,
        "min": 1,
        "skew": 0,
        "var": 0
    },
    "silence_rate_60dB": {
        "kurt": 25.3123226166,
        "max": 1,
        "mean": 0.966973662376,
        "median": 1,
        "min": 0,
        "skew": -5.22598028183,
        "var": 0.0319357588887
    },
    "spectral_centroid": {
        "kurt": 14.4743614197,
        "max": 6802.12451172,
        "mean": 958.669311523,
        "median": 771.902160645,
        "min": 171.222061157,
        "skew": 3.48297953606,
        "var": 566820.5625
    },
    "spectral_complexity": {
        "kurt": 41.539478302,
        "max": 37,
        "mean": 0.860908210278,
        "median": 0,
        "min": 0,
        "skew": 5.86740636826,
        "var": 8.69937229156
    },
    "spectral_crest": {
        "kurt": 6.15524959564,
        "max": 26.5473041534,
        "mean": 7.22428369522,
        "median": 6.470307827,
        "min": 2.40779018402,
        "skew": 1.86039531231,
        "var": 9.54649448395
    },
    "spectral_decrease": {
        "kurt": 68.8182449341,
        "max": -5.37932816781e-13,
        "mean": -1.18928547566e-10,
        "median": -2.83626490349e-11,
        "min": -7.20895654283e-09,
        "skew": -7.66423988342,
        "var": 2.40201281616e-19
    },
    "spectral_energy": {
        "kurt": 65.0217208862,
        "max": 0.0335537642241,
        "mean": 0.000553718069568,
        "median": 0.000118207426567,
        "min": 2.21647815124e-06,
        "skew": 7.5285358429,
        "var": 5.63711955692e-06
    },
    "spectral_energyband_high": {
        "kurt": 392.742553711,
        "max": 0.0105961738154,
        "mean": 3.93842601625e-05,
        "median": 1.83430813649e-06,
        "min": 2.33512320591e-08,
        "skew": 18.9917850494,
        "var": 1.74505387918e-07
    },
    "spectral_energyband_low": {
        "kurt": 47.126663208,
        "max": 0.000577454222366,
        "mean": 2.56175499089e-05,
        "median": 1.47865812323e-05,
        "min": 2.44670644634e-07,
        "skew": 5.35639190674,
        "var": 1.41254030694e-09
    },
    "spectral_energyband_middle_high": {
        "kurt": 73.708404541,
        "max": 0.0314257107675,
        "mean": 0.000401455996325,
        "median": 2.89889194391e-05,
        "min": 7.72792191128e-07,
        "skew": 7.97004127502,
        "var": 4.53088114227e-06
    },
    "spectral_energyband_middle_low": {
        "kurt": 60.4379234314,
        "max": 0.00210593198426,
        "mean": 9.86988379736e-05,
        "median": 6.27881818218e-05,
        "min": 1.04457592442e-06,
        "skew": 6.9310631752,
        "var": 2.72009348379e-08
    },
    "spectral_flatness_db": {
        "kurt": 2.58198022842,
        "max": 0.363751262426,
        "mean": 0.163885399699,
        "median": 0.160935729742,
        "min": 0.0714625120163,
        "skew": 0.668046414852,
        "var": 0.00083059159806
    },
    "spectral_flux": {
        "kurt": 29.3564949036,
        "max": 0.0947737023234,
        "mean": 0.00837383139879,
        "median": 0.00649910559878,
        "min": 0.00148878409527,
        "skew": 4.75071525574,
        "var": 7.60071197874e-05
    },
    "spectral_kurtosis": {
        "kurt": 0.920353412628,
        "max": 28.9860687256,
        "mean": 7.22718048096,
        "median": 6.24561214447,
        "min": -1.54351294041,
        "skew": 0.87282037735,
        "var": 21.240032196
    },
    "spectral_rms": {
        "kurt": 28.9003238678,
        "max": 0.00572148431093,
        "mean": 0.000459839589894,
        "median": 0.000339594349498,
        "min": 4.65018056275e-05,
        "skew": 5.04030132294,
        "var": 3.28760165758e-07
    },
    "spectral_rolloff": {
        "kurt": 12.8032360077,
        "max": 10852.734375,
        "mean": 1847.51379395,
        "median": 1421.19140625,
        "min": 172.265625,
        "skew": 3.3003745079,
        "var": 2578422.5
    },
    "spectral_skewness": {
        "kurt": -0.111017227173,
        "max": 3.95359277725,
        "mean": 1.97214853764,
        "median": 1.86609041691,
        "min": 0.294902443886,
        "skew": 0.283402234316,
        "var": 0.344106048346
    },
    "spectral_spread": {
        "kurt": 15.3219528198,
        "max": 18320968,
        "mean": 3612961.5,
        "median": 3038278,
        "min": 1807409.375,
        "skew": 3.78953099251,
        "var": 5.08768865485e+12
    },
    "spectral_strongpeak": {
        "kurt": 82.5469818115,
        "max": 20.2048778534,
        "mean": 0.286290943623,
        "median": 0.0294156298041,
        "min": 0.000703057390638,
        "skew": 8.03450393677,
        "var": 1.6150687933
    },
    "zerocrossingrate": {
        "kurt": 13.2422676086,
        "max": 0.34814453125,
        "mean": 0.061803009361,
        "median": 0.0537109375,
        "min": 0.0126953125,
        "skew": 3.34691596031,
        "var": 0.00175566319376
    },
    "barkbands": {
        "kurt": [212.882553101, 29.4146995544, 69.6905670166, 10.4848518372, 15.1502132416, 16.9879665375, 129.044830322, 233.706039429, 90.8690795898, 156.511734009, 122.200202942, 262.2784729, 377.229553223, 260.777160645, 210.898498535, 89.2862091064, 164.931762695, 162.845718384, 411.336212158, 449.2394104, 434.5440979, 549.504455566, 549.315246582, 254.399383545, 502.805755615, 743.726501465, 1573.76416016],
        "max": [5.19037666891e-06, 0.000174716231413, 0.000472954649013, 0.000124270169181, 0.000251065648627, 0.000267479452305, 0.00186013581697, 0.000316203106195, 0.000297737511573, 0.00584704149514, 0.00389817846008, 0.0017320268089, 0.00322355376557, 0.0025868343655, 0.00944620836526, 0.000626356981229, 0.0145726874471, 0.00310833705589, 0.0219213981181, 0.00595707399771, 0.00510331848636, 0.00253392360173, 0.000869869196322, 0.000648778514005, 0.000570752832573, 6.68500388201e-06, 4.07113276424e-08],
        "mean": [9.24423702031e-08, 7.49961736801e-06, 1.35550399136e-05, 1.13710702863e-05, 2.02242827072e-05, 1.7132710127e-05, 2.46111467277e-05, 7.91908405517e-06, 9.55132327363e-06, 4.14643873228e-05, 4.26097358286e-05, 1.20983058878e-05, 1.66862428159e-05, 1.54948502313e-05, 5.26062030985e-05, 8.7500875452e-06, 8.71927913977e-05, 2.55601171375e-05, 8.80769803189e-05, 2.16661919694e-05, 1.48678691403e-05, 6.59617126075e-06, 2.0639683953e-06, 4.00296539738e-06, 2.01384705178e-06, 1.11161106986e-08, 5.01089274241e-11],
        "median": [4.07269737934e-08, 3.71955775336e-06, 5.22846494277e-06, 6.84050473865e-06, 1.20493959912e-05, 9.4743718364e-06, 6.03369926466e-06, 4.88130353915e-06, 5.19493733009e-06, 3.26924850924e-06, 2.79382311419e-06, 1.95502889255e-06, 1.87152784292e-06, 1.53509790835e-06, 1.943794814e-06, 2.06504910238e-06, 2.68774761025e-06, 3.70370275959e-06, 2.44723469223e-06, 1.5637638171e-06, 6.45251304832e-07, 1.90153173207e-07, 2.42221531721e-08, 1.07307469577e-08, 2.46427900308e-09, 2.45855748954e-11, 1.66007106065e-12],
        "min": [2.05787296925e-11, 2.57070649212e-08, 1.9309684518e-08, 3.88232095361e-08, 1.95584419771e-07, 8.48688372912e-08, 3.83963865147e-08, 4.45903971524e-08, 5.83313770619e-08, 3.78453712813e-08, 9.99910909627e-08, 4.75359023255e-08, 3.98405148871e-08, 5.05116624083e-08, 2.41321735928e-08, 4.37312017709e-08, 4.15635383888e-08, 2.95908950676e-08, 2.9492939646e-08, 2.13027195883e-08, 7.56862750251e-09, 2.40695618992e-09, 3.65869279317e-10, 2.28727578544e-10, 1.36392147576e-10, 3.40787294217e-12, 5.98430403538e-14],
        "skew": [10.4563341141, 4.06909894943, 6.72208929062, 2.68197321892, 3.18128442764, 3.41968107224, 10.7166051865, 10.80560112, 6.28876161575, 11.4760847092, 10.1063947678, 15.1040449142, 17.2842159271, 14.8566837311, 13.7924499512, 8.91184043884, 11.8626928329, 11.5418367386, 18.4132080078, 20.1150035858, 19.7779502869, 22.1739292145, 22.1367053986, 14.3004970551, 20.9950008392, 25.5197753906, 36.5340194702],
        "var": [3.40666182058e-14, 1.22395205082e-10, 7.84533049636e-10, 1.7268515784e-10, 5.86126869262e-10, 5.20648191227e-10, 1.30446267121e-08, 1.33295693927e-10, 1.75698081084e-10, 7.54482627485e-08, 5.34833120014e-08, 6.03808603117e-09, 1.46155123559e-08, 1.2683923245e-08, 2.22997371679e-07, 1.53237134093e-09, 4.89394324177e-07, 2.32594388194e-08, 6.49557364341e-07, 4.79581530044e-08, 3.30522524905e-08, 7.29544602507e-09, 7.74554587135e-10, 8.57165227686e-10, 4.28542590303e-10, 3.47977058951e-14, 7.56662431357e-19],
        "cov": [[3.40774398988e-14, 6.67534441352e-13, 4.45127848426e-13, 2.51634704827e-13, 1.1924264744e-12, 7.27368740325e-13, 6.5412410731e-12, 3.45262934996e-13, 4.74324464254e-13, 8.24554140244e-12, 7.50912439867e-12, 1.51556317409e-12, 2.72331159359e-12, 4.15376327084e-12, 2.14561111933e-11, 2.21025563303e-12, 3.03461838991e-11, 3.65473753691e-12, 2.85674591621e-11, 1.75794958018e-12, 9.32682750476e-13, 6.60541283129e-13, 1.40560279345e-13, 9.24408593834e-14, 1.57614494915e-13, 1.85799350428e-16, 8.49022316627e-18], [6.67534441352e-13, 1.22434090644e-10, 1.7790882656e-10, 2.36778166518e-11, 5.84826978511e-11, 5.12180090007e-11, 9.30900842522e-11, 2.45251371295e-11, 3.81926122672e-11, 3.41860761921e-10, 4.01982863663e-10, 8.86398524025e-11, 1.54967150223e-10, 8.58942778015e-11, 2.5748625454e-10, 3.95042575041e-11, 4.97047625281e-10, 1.32875557779e-10, 4.39034086863e-10, 4.81876344383e-11, 6.61707537722e-12, -5.95985934215e-13, 2.05924621972e-12, -5.88299027549e-12, -3.19719055918e-12, -2.52097994579e-14, 7.27694111356e-18], [4.45127848426e-13, 1.7790882656e-10, 7.84782239194e-10, 8.26786972219e-11, 7.0294693677e-11, 5.76605013736e-11, 8.34190772014e-11, 4.57438739665e-11, 6.09179581779e-11, 3.76656983381e-10, 4.86844065062e-10, 1.37371877762e-10, 2.12324782756e-10, 9.26550641767e-11, 1.99637265053e-10, 3.79059665601e-11, 4.63136029527e-10, 1.6250914503e-10, 5.05817832064e-10, 1.29061353618e-11, -5.40513432623e-11, -2.51165997722e-11, -5.28815272821e-12, -2.70616844905e-11, -1.39257182175e-11, -9.1561402015e-14, -1.16821156194e-16], [2.51634704827e-13, 2.36778166518e-11, 8.26786972219e-11, 1.72740016735e-10, 1.28890204065e-10, 3.72080179167e-11, 3.2009473197e-12, 2.92674461055e-11, 4.54635218361e-11, -7.20632581386e-11, -1.10294731681e-10, -7.69181766891e-12, -2.77682425665e-11, -4.27543937753e-11, -1.54471990754e-10, 1.75734502905e-12, -1.87292931164e-10, -2.17556320181e-11, -3.2852751769e-11, -9.63569155021e-12, -1.99369427217e-11, 7.69098066483e-12, -4.51768234367e-13, -5.90336590375e-12, 1.46643645577e-12, 1.80655627448e-14, 4.11371212304e-17], [1.1924264744e-12, 5.84826978511e-11, 7.0294693677e-11, 1.28890204065e-10, 5.86313053663e-10, 2.26347662835e-10, 3.79108799908e-10, 1.02025235482e-10, 1.63963204125e-10, 6.00561378405e-10, 4.82128115209e-10, 1.11084121068e-10, 2.21965862357e-10, 2.86165147134e-10, 1.13737985696e-09, 1.30009433774e-10, 1.75842462813e-09, 3.75934922081e-10, 1.45400891327e-09, 3.13364251214e-10, 1.89940410622e-10, 9.52969370083e-11, 2.66750042194e-11, 2.83360591935e-11, 2.45446510339e-11, 1.1975194599e-13, 3.96775087617e-16], [7.27368740325e-13, 5.12180090007e-11, 5.76605013736e-11, 3.72080179167e-11, 2.26347662835e-10, 5.20813558946e-10, 1.12867082347e-09, 1.13486213482e-10, 9.37019142833e-11, 1.70488423379e-09, 1.27202204325e-09, 2.68818828308e-10, 4.69036809392e-10, 6.94221180542e-10, 3.17677284478e-09, 3.22831567034e-10, 5.06260100508e-09, 7.34740102093e-10, 1.08651021513e-09, 3.48887613244e-10, 1.68898950381e-10, 1.14531689688e-10, 2.36850331015e-11, 4.28602509386e-12, 4.98677748401e-12, 6.94306808227e-14, 4.93582668447e-16], [6.5412410731e-12, 9.30900842522e-11, 8.34190772014e-11, 3.2009473197e-12, 3.79108799908e-10, 1.12867082347e-09, 1.30487700645e-08, 3.56502716237e-10, 1.66174726757e-10, 1.56937822737e-08, 1.16108100912e-08, 2.30181296246e-09, 4.5162997786e-09, 8.13811951161e-09, 3.47551925017e-08, 3.36138028523e-09, 5.83674868437e-08, 6.6156027323e-09, 1.17499769914e-08, 3.29504667995e-09, 1.29358057599e-09, 8.0676071379e-10, 1.32255581486e-10, 3.77639655658e-11, 1.59189484511e-11, 3.20818438276e-14, 2.06863339291e-15], [3.45262934996e-13, 2.45251371295e-11, 4.57438739665e-11, 2.92674461055e-11, 1.02025235482e-10, 1.13486213482e-10, 3.56502716237e-10, 1.33338035058e-10, 9.13564640603e-11, 5.92442317426e-10, 3.164032647e-10, 9.74755762218e-11, 1.57474339124e-10, 2.98157221135e-10, 1.16158005437e-09, 1.00730757069e-10, 1.64934399471e-09, 2.32252356236e-10, 4.03101774182e-10, 1.93187563169e-10, 8.50088749393e-11, 6.33666799588e-11, 1.51544610194e-11, 1.23503499094e-11, 8.94412668928e-12, 7.0111044791e-14, 2.87437904263e-16], [4.74324464254e-13, 3.81926122672e-11, 6.09179581779e-11, 4.54635218361e-11, 1.63963204125e-10, 9.37019142833e-11, 1.66174726757e-10, 9.13564640603e-11, 1.75753897547e-10, 3.21452336971e-10, 3.3219621498e-10, 9.57166498838e-11, 1.27084759383e-10, 1.35860309114e-10, 4.75854522453e-10, 8.9506985157e-11, 7.9698769806e-10, 3.36993821737e-10, 5.50966938739e-10, 4.97357377505e-10, 2.87428830736e-10, 2.08228184695e-10, 5.83603304571e-11, 5.54322386603e-11, 4.91453579221e-11, 3.89343532458e-13, 1.15936120584e-15], [8.24554140244e-12, 3.41860761921e-10, 3.76656983381e-10, -7.20632581386e-11, 6.00561378405e-10, 1.70488423379e-09, 1.56937822737e-08, 5.92442317426e-10, 3.21452336971e-10, 7.5472229355e-08, 3.57293536979e-08, 1.13649765154e-08, 1.9757891323e-08, 2.19534683765e-08, 7.25540232338e-08, 5.71674663163e-09, 1.27317775878e-07, 1.89254709682e-08, 4.57022899525e-08, 1.02523038947e-08, 4.16758405564e-09, 2.24382068481e-09, 6.25580920399e-10, 1.05887888735e-10, 4.18189753659e-11, 1.71471235648e-13, 1.23899702008e-14], [7.50912439867e-12, 4.01982863663e-10, 4.86844065062e-10, -1.10294731681e-10, 4.82128115209e-10, 1.27202204325e-09, 1.16108100912e-08, 3.164032647e-10, 3.3219621498e-10, 3.57293536979e-08, 5.35003010782e-08, 6.53230314285e-09, 1.36945006446e-08, 9.02447272466e-09, 3.87303842331e-08, 4.50650894379e-09, 6.43596749228e-08, 1.62136828408e-08, 2.65793183019e-08, 7.671351554e-09, 2.45325870729e-09, 1.15358678165e-09, 3.92517851555e-10, 5.10105568896e-11, 1.81981929526e-11, 6.36608143588e-14, 9.27360215664e-15], [1.51556317409e-12, 8.86398524025e-11, 1.37371877762e-10, -7.69181766891e-12, 1.11084121068e-10, 2.68818828308e-10, 2.30181296246e-09, 9.74755762218e-11, 9.57166498838e-11, 1.13649765154e-08, 6.53230314285e-09, 6.04000405247e-09, 6.70342092945e-09, 2.90858537255e-09, 9.32165455936e-09, 1.38942735095e-09, 2.58396859465e-08, 5.12146991483e-09, 1.31813413518e-08, 2.09553219221e-09, 8.75201078276e-10, 5.13601328134e-10, 1.93478649768e-10, 5.23784175754e-11, 3.0599030254e-11, 3.0322172182e-13, 2.81700034257e-15], [2.72331159359e-12, 1.54967150223e-10, 2.12324782756e-10, -2.77682425665e-11, 2.21965862357e-10, 4.69036809392e-10, 4.5162997786e-09, 1.57474339124e-10, 1.27084759383e-10, 1.9757891323e-08, 1.36945006446e-08, 6.70342092945e-09, 1.46201548645e-08, 5.98843419297e-09, 2.09157935416e-08, 2.00352157087e-09, 4.8091781224e-08, 8.59321147573e-09, 1.29509434288e-08, 3.93718702085e-09, 1.27487831403e-09, 8.26480772709e-10, 2.61773352994e-10, 6.39696559612e-11, 3.50899309609e-11, 3.15677307428e-13, 3.67483592452e-15], [4.15376327084e-12, 8.58942778015e-11, 9.26550641767e-11, -4.27543937753e-11, 2.86165147134e-10, 6.94221180542e-10, 8.13811951161e-09, 2.98157221135e-10, 1.35860309114e-10, 2.19534683765e-08, 9.02447272466e-09, 2.90858537255e-09, 5.98843419297e-09, 1.26879529105e-08, 3.66587542544e-08, 2.41588993255e-09, 5.81245842568e-08, 7.26414040031e-09, 1.47528860239e-08, 4.83405404594e-09, 2.0349002483e-09, 1.26025556657e-09, 2.6722865587e-10, 1.14052239875e-10, 8.36282015859e-11, 5.30855578679e-13, 4.31439831574e-15], [2.14561111933e-11, 2.5748625454e-10, 1.99637265053e-10, -1.54471990754e-10, 1.13737985696e-09, 3.17677284478e-09, 3.47551925017e-08, 1.16158005437e-09, 4.75854522453e-10, 7.25540232338e-08, 3.87303842331e-08, 9.32165455936e-09, 2.09157935416e-08, 3.66587542544e-08, 2.2306821279e-07, 1.16929959049e-08, 2.61612711938e-07, 2.48908733624e-08, 5.24904812949e-08, 1.65679043818e-08, 6.45651976328e-09, 3.28929150584e-09, 7.72776176383e-10, 2.50789305989e-10, 1.63530244901e-10, 1.02090167917e-12, 1.52789632617e-14], [2.21025563303e-12, 3.95042575041e-11, 3.79059665601e-11, 1.75734502905e-12, 1.30009433774e-10, 3.22831567034e-10, 3.36138028523e-09, 1.00730757069e-10, 8.9506985157e-11, 5.71674663163e-09, 4.50650894379e-09, 1.38942735095e-09, 2.00352157087e-09, 2.41588993255e-09, 1.16929959049e-08, 1.53285817373e-09, 2.01400585098e-08, 3.53229534511e-09, 7.59142260165e-09, 3.65555541393e-09, 2.42128916916e-09, 1.33828492732e-09, 3.94695748307e-10, 3.15406978313e-10, 2.60433757893e-10, 2.32100731863e-12, 6.68897344469e-15], [3.03461838991e-11, 4.97047625281e-10, 4.63136029527e-10, -1.87292931164e-10, 1.75842462813e-09, 5.06260100508e-09, 5.83674868437e-08, 1.64934399471e-09, 7.9698769806e-10, 1.27317775878e-07, 6.43596749228e-08, 2.58396859465e-08, 4.8091781224e-08, 5.81245842568e-08, 2.61612711938e-07, 2.01400585098e-08, 4.89549790927e-07, 4.63051605948e-08, 1.12365725613e-07, 3.09360537187e-08, 1.37060851557e-08, 7.75521780128e-09, 1.95858795848e-09, 8.93773055566e-10, 6.68806399151e-10, 4.91725540494e-12, 3.61389181926e-14], [3.65473753691e-12, 1.32875557779e-10, 1.6250914503e-10, -2.17556320181e-11, 3.75934922081e-10, 7.34740102093e-10, 6.6156027323e-09, 2.32252356236e-10, 3.36993821737e-10, 1.89254709682e-08, 1.62136828408e-08, 5.12146991483e-09, 8.59321147573e-09, 7.26414040031e-09, 2.48908733624e-08, 3.53229534511e-09, 4.63051605948e-08, 2.32668266875e-08, 3.44498438665e-08, 2.52500491627e-08, 1.62232502987e-08, 8.7647711311e-09, 2.83047341121e-09, 2.25519980468e-09, 1.88602933271e-09, 1.77703754489e-11, 4.56656129469e-14], [2.85674591621e-11, 4.39034086863e-10, 5.05817832064e-10, -3.2852751769e-11, 1.45400891327e-09, 1.08651021513e-09, 1.17499769914e-08, 4.03101774182e-10, 5.50966938739e-10, 4.57022899525e-08, 2.65793183019e-08, 1.31813413518e-08, 1.29509434288e-08, 1.47528860239e-08, 5.24904812949e-08, 7.59142260165e-09, 1.12365725613e-07, 3.44498438665e-08, 6.49763705951e-07, 4.37548166587e-08, 2.80460508151e-08, 1.48799976785e-08, 5.19157605794e-09, 4.5305852403e-09, 3.82287757006e-09, 2.65882975359e-11, 9.01253220274e-14], [1.75794958018e-12, 4.81876344383e-11, 1.29061353618e-11, -9.63569155021e-12, 3.13364251214e-10, 3.48887613244e-10, 3.29504667995e-09, 1.93187563169e-10, 4.97357377505e-10, 1.02523038947e-08, 7.671351554e-09, 2.09553219221e-09, 3.93718702085e-09, 4.83405404594e-09, 1.65679043818e-08, 3.65555541393e-09, 3.09360537187e-08, 2.52500491627e-08, 4.37548166587e-08, 4.79733870407e-08, 3.22803046515e-08, 1.73171041951e-08, 5.79198111694e-09, 4.75801265054e-09, 3.96608346165e-09, 3.61470610388e-11, 9.09499187659e-14], [9.32682750476e-13, 6.61707537722e-12, -5.40513432623e-11, -1.99369427217e-11, 1.89940410622e-10, 1.68898950381e-10, 1.29358057599e-09, 8.50088749393e-11, 2.87428830736e-10, 4.16758405564e-09, 2.45325870729e-09, 8.75201078276e-10, 1.27487831403e-09, 2.0349002483e-09, 6.45651976328e-09, 2.42128916916e-09, 1.37060851557e-08, 1.62232502987e-08, 2.80460508151e-08, 3.22803046515e-08, 3.30627543121e-08, 1.2597728194e-08, 4.34811253669e-09, 3.4471689947e-09, 2.78033285284e-09, 2.68847808599e-11, 6.16777069413e-14], [6.60541283129e-13, -5.95985934215e-13, -2.51165997722e-11, 7.69098066483e-12, 9.52969370083e-11, 1.14531689688e-10, 8.0676071379e-10, 6.33666799588e-11, 2.08228184695e-10, 2.24382068481e-09, 1.15358678165e-09, 5.13601328134e-10, 8.26480772709e-10, 1.26025556657e-09, 3.28929150584e-09, 1.33828492732e-09, 7.75521780128e-09, 8.7647711311e-09, 1.48799976785e-08, 1.73171041951e-08, 1.2597728194e-08, 7.29776372665e-09, 2.28351959564e-09, 1.96808325192e-09, 1.64798874547e-09, 1.51238223334e-11, 3.80524706526e-14], [1.40560279345e-13, 2.05924621972e-12, -5.28815272821e-12, -4.51768234367e-13, 2.66750042194e-11, 2.36850331015e-11, 1.32255581486e-10, 1.51544610194e-11, 5.83603304571e-11, 6.25580920399e-10, 3.92517851555e-10, 1.93478649768e-10, 2.61773352994e-10, 2.6722865587e-10, 7.72776176383e-10, 3.94695748307e-10, 1.95858795848e-09, 2.83047341121e-09, 5.19157605794e-09, 5.79198111694e-09, 4.34811253669e-09, 2.28351959564e-09, 7.74800668069e-10, 6.30048402339e-10, 5.24195964413e-10, 4.8752733621e-12, 1.20384828679e-14], [9.24408593834e-14, -5.88299027549e-12, -2.70616844905e-11, -5.90336590375e-12, 2.83360591935e-11, 4.28602509386e-12, 3.77639655658e-11, 1.23503499094e-11, 5.54322386603e-11, 1.05887888735e-10, 5.10105568896e-11, 5.23784175754e-11, 6.39696559612e-11, 1.14052239875e-10, 2.50789305989e-10, 3.15406978313e-10, 8.93773055566e-10, 2.25519980468e-09, 4.5305852403e-09, 4.75801265054e-09, 3.4471689947e-09, 1.96808325192e-09, 6.30048402339e-10, 8.57437565394e-10, 5.05134656326e-10, 4.22262485394e-12, 1.07060873364e-14], [1.57614494915e-13, -3.19719055918e-12, -1.39257182175e-11, 1.46643645577e-12, 2.45446510339e-11, 4.98677748401e-12, 1.59189484511e-11, 8.94412668928e-12, 4.91453579221e-11, 4.18189753659e-11, 1.81981929526e-11, 3.0599030254e-11, 3.50899309609e-11, 8.36282015859e-11, 1.63530244901e-10, 2.60433757893e-10, 6.68806399151e-10, 1.88602933271e-09, 3.82287757006e-09, 3.96608346165e-09, 2.78033285284e-09, 1.64798874547e-09, 5.24195964413e-10, 5.05134656326e-10, 4.28678731401e-10, 3.50128736767e-12, 9.12478609111e-15], [1.85799350428e-16, -2.52097994579e-14, -9.1561402015e-14, 1.80655627448e-14, 1.1975194599e-13, 6.94306808227e-14, 3.20818438276e-14, 7.0111044791e-14, 3.89343532458e-13, 1.71471235648e-13, 6.36608143588e-14, 3.0322172182e-13, 3.15677307428e-13, 5.30855578679e-13, 1.02090167917e-12, 2.32100731863e-12, 4.91725540494e-12, 1.77703754489e-11, 2.65882975359e-11, 3.61470610388e-11, 2.68847808599e-11, 1.51238223334e-11, 4.8752733621e-12, 4.22262485394e-12, 3.50128736767e-12, 3.48087613692e-14, 7.7961905082e-17], [8.49022316627e-18, 7.27694111356e-18, -1.16821156194e-16, 4.11371212304e-17, 3.96775087617e-16, 4.93582668447e-16, 2.06863339291e-15, 2.87437904263e-16, 1.15936120584e-15, 1.23899702008e-14, 9.27360215664e-15, 2.81700034257e-15, 3.67483592452e-15, 4.31439831574e-15, 1.52789632617e-14, 6.68897344469e-15, 3.61389181926e-14, 4.56656129469e-14, 9.01253220274e-14, 9.09499187659e-14, 6.16777069413e-14, 3.80524706526e-14, 1.20384828679e-14, 1.07060873364e-14, 9.12478609111e-15, 7.7961905082e-17, 7.56902779024e-19]]
    },
    "mfcc": {
        "kurt": [1.59724187851, 15.4988632202, 0.0700645446777, -0.913909912109, 0.203977108002, 1.35402822495, 2.69962263107, 0.83416891098, 0.479692935944, 0.34147143364, 0.233410596848, 0.90523648262, 1.01955318451],
        "max": [-617.875854492, 183.97833252, 41.6079750061, 61.5469474792, 42.1915397644, 23.3704071045, 56.4575538635, 32.6015090942, 34.6147842407, 23.0218086243, 22.0365180969, 15.7430896759, 30.6108264923],
        "mean": [-896.381286621, 131.054931641, -19.9244174957, 21.7896099091, 0.664690732956, -13.4650621414, 3.88121128082, -2.39228510857, -0.669694781303, -4.39203739166, -3.68341445923, -4.32983112335, -3.00895547867],
        "median": [-891.919128418, 135.045623779, -21.961139679, 22.2251014709, 1.46760559082, -13.572101593, 2.93420791626, -2.06496429443, -1.31002044678, -4.35527038574, -3.2781791687, -4.17707824707, -3.31364440918],
        "min": [-1054.35620117, -52.4670181274, -106.679229736, -34.8609161377, -36.4312553406, -59.6647338867, -35.1188735962, -37.5961380005, -19.7007522583, -32.0474243164, -27.7865657806, -38.193321228, -28.4530448914],
        "skew": [0.848904848099, -2.99485611916, -0.397810280323, -0.0988124087453, -0.000888704613317, -0.343882113695, 0.910742461681, -0.350161194801, 0.547723054886, -0.0506235063076, -0.243572250009, -0.415934324265, 0.43330720067],
        "var": [4909.00488281, 485.233154297, 690.177124023, 301.611755371, 111.094444275, 112.439682007, 107.917991638, 75.6684112549, 54.7611999512, 42.3879699707, 42.218208313, 46.4413452148, 38.3978805542],
        "cov": [[4910.56396484, -491.192504883, -1532.61743164, 581.133605957, -377.011993408, 66.8783035278, 207.791519165, -65.1592636108, 194.81942749, -96.1237869263, -35.8609390259, -7.0625910759, 100.006217957], [-491.192504883, 485.387298584, -10.5477905273, 32.333316803, -0.0451605692506, 16.4536781311, -21.6415214539, 25.6746444702, -12.6089038849, 6.09940958023, 2.89206600189, 30.505771637, -36.6050224304], [-1532.61743164, -10.5477905273, 690.396362305, -227.906494141, 158.594818115, -56.201965332, -29.6212024689, -7.74836969376, -42.3231010437, 26.9176387787, 13.0201025009, -17.9443645477, -24.1654987335], [581.133605957, 32.333316803, -227.906494141, 301.707580566, -79.9717941284, 31.1300296783, 1.56136226654, -12.4435024261, 20.0518245697, -12.645819664, 20.8713226318, 30.1074542999, -1.89882898331], [-377.011993408, -0.0451605692506, 158.594818115, -79.9717941284, 111.129737854, -26.9689998627, 8.19828414917, -8.81204605103, -6.35158872604, 5.43492889404, 1.88821721077, -5.02005815506, -2.72300028801], [66.8783035278, 16.4536781311, -56.201965332, 31.1300296783, -26.9689998627, 112.475402832, -5.57979106903, 48.8411827087, 6.15402889252, 15.4354190826, -6.94875955582, 6.30397319794, 4.79238176346], [207.791519165, -21.6415214539, -29.6212024689, 1.56136226654, 8.19828414917, -5.57979106903, 107.952270508, -3.71183156967, 33.0472602844, -0.876870632172, -8.57440757751, -11.5548315048, 4.95913648605], [-65.1592636108, 25.6746444702, -7.74836969376, -12.4435024261, -8.81204605103, 48.8411827087, -3.71183156967, 75.6924514771, 6.10205745697, 13.6877393723, -10.0323457718, -5.98330307007, -5.49219083786], [194.81942749, -12.6089038849, -42.3231010437, 20.0518245697, -6.35158872604, 6.15402889252, 33.0472602844, 6.10205745697, 54.7785949707, 6.60213279724, -3.78840446472, -3.59047555923, 1.06440532207], [-96.1237869263, 6.09940958023, 26.9176387787, -12.645819664, 5.43492889404, 15.4354190826, -0.876870632172, 13.6877393723, 6.60213279724, 42.4014358521, 8.51723098755, 1.59133672714, 6.78272104263], [-35.8609390259, 2.89206600189, 13.0201025009, 20.8713226318, 1.88821721077, -6.94875955582, -8.57440757751, -10.0323457718, -3.78840446472, 8.51723098755, 42.2316207886, 22.9492855072, 4.46636676788], [-7.0625910759, 30.505771637, -17.9443645477, 30.1074542999, -5.02005815506, 6.30397319794, -11.5548315048, -5.98330307007, -3.59047555923, 1.59133672714, 22.9492855072, 46.4560966492, 11.8700876236], [100.006217957, -36.6050224304, -24.1654987335, -1.89882898331, -2.72300028801, 4.79238176346, 4.95913648605, -5.49219083786, 1.06440532207, 6.78272104263, 4.46636676788, 11.8700876236, 38.4100799561]]
    },
    "sccoeffs": {
        "kurt": [0.0447232723236, 3.11681842804, 10.2561216354, 18.6949615479, 13.3321475983, 1.05392408371],
        "max": [-0.572880685329, -0.558369517326, -0.478272557259, -0.501083374023, -0.561588764191, -0.645417451859],
        "mean": [-0.758526325226, -0.831470072269, -0.842127382755, -0.855387866497, -0.842446088791, -0.798264324665],
        "median": [-0.761678636074, -0.836993634701, -0.853299498558, -0.864050209522, -0.851179897785, -0.796733915806],
        "min": [-0.88688737154, -0.9418836236, -0.940064132214, -0.92003673315, -0.900939524174, -0.910029709339],
        "skew": [0.334666341543, 1.18378245831, 2.68249392509, 3.86759471893, 3.30710220337, 0.778120756149],
        "var": [0.00230205524713, 0.00207413663156, 0.00292774266563, 0.00221269484609, 0.00176231516525, 0.00130083796103],
        "cov": [[0.00230278633535, 2.86355698336e-05, 0.000110586712253, -4.44451143267e-05, 3.77212854801e-05, 3.13118616759e-05], [2.86355698336e-05, 0.00207479554228, 0.00101077184081, 0.00102782493923, 0.000853184435982, 0.000635551929008], [0.000110586712253, 0.00101077184081, 0.00292867259122, 0.00183779420331, 0.00158020225354, 0.000717637361959], [-4.44451143267e-05, 0.00102782493923, 0.00183779420331, 0.00221339776181, 0.0015159844188, 0.000741569499951], [3.77212854801e-05, 0.000853184435982, 0.00158020225354, 0.0015159844188, 0.00176287500653, 0.000794969848357], [3.13118616759e-05, 0.000635551929008, 0.000717637361959, 0.000741569499951, 0.000794969848357, 0.00130125123542]]
    },
    "scvalleys": {
        "kurt": [-0.16682767868, -0.00867772102356, -0.718484401703, -0.606503248215, -0.127297401428, 1.98708677292],
        "max": [-6.35246372223, -6.13614225388, -6.33930587769, -6.68958568573, -5.46067857742, -6.52453613281],
        "mean": [-7.9225487709, -7.61601352692, -8.10931491852, -8.7022190094, -9.25158309937, -12.2608108521],
        "median": [-7.88315296173, -7.57554721832, -8.12389850616, -8.63920021057, -9.0000295639, -12.225605011],
        "min": [-9.89874839783, -9.85716533661, -9.75762748718, -10.4735422134, -11.1303472519, -13.921500206],
        "skew": [-0.273677974939, -0.259704977274, 0.0895455479622, 0.0187521800399, 0.019614296034, 0.934063732624],
        "var": [0.294022738934, 0.276118069887, 0.394112735987, 0.463109493256, 0.770844459534, 1.13747835159],
        "cov": [[0.294116139412, 0.154649972916, 0.21600972116, 0.247142165899, 0.323613673449, 0.346562415361], [0.154649972916, 0.276205778122, 0.220742672682, 0.25740262866, 0.333929300308, 0.337542682886], [0.21600972116, 0.220742672682, 0.394237935543, 0.37124851346, 0.4431822896, 0.504106998444], [0.247142165899, 0.25740262866, 0.37124851346, 0.463256597519, 0.544931292534, 0.609569728374], [0.323613673449, 0.333929300308, 0.4431822896, 0.544931292534, 0.771089315414, 0.84837937355], [0.346562415361, 0.337542682886, 0.504106998444, 0.609569728374, 0.84837937355, 1.13783967495]]
    }
},
"rhythm": {
    "beats_loudness": {
        "kurt": 35.3994750977,
        "max": 0.0173773746938,
        "mean": 0.000598903978243,
        "median": 0.000104765953438,
        "min": 1.04889668364e-05,
        "skew": 5.88251209259,
        "var": 5.48472098671e-06
    },
    "bpm": 116.937927246,
    "confidence": 0.0124685289338,
    "first_peak_bpm": {
        "kurt": 0,
        "max": 117,
        "mean": 117,
        "median": 117,
        "min": 117,
        "skew": 0,
        "var": 0
    },
    "first_peak_spread": {
        "kurt": 0,
        "max": 0.558823525906,
        "mean": 0.558823525906,
        "median": 0.558823525906,
        "min": 0.558823525906,
        "skew": 0,
        "var": 0
    },
    "first_peak_weight": {
        "kurt": 0,
        "max": 0.0961538478732,
        "mean": 0.0961538478732,
        "median": 0.0961538478732,
        "min": 0.0961538478732,
        "skew": 0,
        "var": 0
    },
    "onset_rate": 0.342014044523,
    "second_peak_bpm": {
        "kurt": 0,
        "max": 161,
        "mean": 161,
        "median": 161,
        "min": 161,
        "skew": 0,
        "var": 0
    },
    "second_peak_spread": {
        "kurt": 0,
        "max": 0.176470577717,
        "mean": 0.176470577717,
        "median": 0.176470577717,
        "min": 0.176470577717,
        "skew": 0,
        "var": 0
    },
    "second_peak_weight": {
        "kurt": 0,
        "max": 0.089743591845,
        "mean": 0.089743591845,
        "median": 0.089743591845,
        "min": 0.089743591845,
        "skew": 0,
        "var": 0
    },
    "beats_loudness_band_ratio": {
        "kurt": [-0.223923444748, -0.633997917175, 2.17728471756, 3.54407072067, 10.0127515793, 20.096157074],
        "max": [0.779296934605, 0.547510027885, 0.652959644794, 0.690542161465, 0.654944181442, 0.970282912254],
        "mean": [0.27930521965, 0.236774131656, 0.209383368492, 0.15281406045, 0.108575507998, 0.0692858397961],
        "median": [0.260883808136, 0.230931058526, 0.187168076634, 0.120581410825, 0.0828719586134, 0.0329420045018],
        "min": [0.00215090531856, 0.00389974680729, 0.00552005367354, 0.00735390605405, 0.00675137527287, 0.00244150916114],
        "skew": [0.493339240551, 0.19042532146, 1.1550180912, 1.71135830879, 2.76894259453, 4.37293148041],
        "var": [0.028619736433, 0.0145870698616, 0.0116257146001, 0.0121921114624, 0.0089099034667, 0.0191436968744],
        "cov": [[0.0288031958044, -0.0010281217983, -0.0032330728136, -0.0091753192246, -0.00759760849178, -0.00818223785609], [-0.0010281217983, 0.0146805765107, 0.00173995585646, -0.00357734132558, -0.00361612811685, -0.00642193295062], [-0.0032330728136, 0.00173995585646, 0.0117002381012, -0.00125436112285, -0.00314165023156, -0.00545692676678], [-0.0091753192246, -0.00357734132558, -0.00125436112285, 0.0122702652588, 0.00392589671537, -0.00144623743836], [-0.00759760849178, -0.00361612811685, -0.00314165023156, 0.00392589671537, 0.00896701868623, 0.00137410906609], [-0.00818223785609, -0.00642193295062, -0.00545692676678, -0.00144623743836, 0.00137410906609, 0.0192664135247]]
    },
    "beats_position": [0.522448956966, 1.04489791393, 1.5673469305, 2.08979582787, 2.62385487556, 3.15791368484, 3.69197273254, 4.22603178024, 4.69043064117, 5.14321994781, 5.61922883987, 5.99074840546, 6.35065746307, 6.71056699753, 7.05886602402, 7.40716552734, 7.75546455383, 8.10376358032, 8.46367359161, 8.82358264923, 9.17188167572, 9.52018165588, 9.84526062012, 10.1935596466, 10.5999088287, 11.0062580109, 11.412607193, 11.807346344, 12.2136955261, 12.5852155685, 12.9799547195, 13.3863039017, 13.7926530838, 14.1873922348, 14.5821313858, 14.9884805679, 15.3948297501, 15.8127889633, 16.2307472229, 16.602268219, 16.9505672455, 17.3220863342, 17.693605423, 18.0767345428, 18.4598636627, 18.8313827515, 19.179681778, 19.5279808044, 19.8878898621, 20.247800827, 20.6193199158, 20.9908390045, 21.3623580933, 21.7106571198, 22.0705661774, 22.4420852661, 22.8136043549, 23.1735134125, 23.5450344086, 23.9165534973, 24.2880725861, 24.6712017059, 25.0659408569, 25.4839000702, 25.9134693146, 26.343038559, 26.7726078033, 27.2137870789, 27.6317462921, 28.0497055054, 28.4792747498, 28.8856239319, 29.3035831451, 29.7099323273, 30.2439899445, 30.7896595001, 31.3701572418, 31.9506568909, 32.5311546326, 33.111656189, 33.6689338684, 34.1797714233, 34.6673927307, 35.1782302856, 35.6658477783, 36.1302490234, 36.5714263916, 37.0126075745, 37.4770050049, 37.9530143738, 38.4174156189, 38.8702049255, 39.3462142944, 39.8454399109, 40.3562812805, 40.8671188354, 41.3779602051, 41.830745697, 42.2835350037, 42.7247161865, 43.1658935547, 43.6302947998, 44.0830841064, 44.5590934753, 45.011882782, 45.4646720886, 45.929069519, 46.4282989502, 46.9275283813, 47.415145874, 47.9259872437, 48.4368247986, 48.9476623535, 49.4236717224, 49.9112930298, 50.4105224609, 50.9329681396, 51.4321975708, 51.9198188782, 52.4074363708, 52.906665802, 53.4291152954, 53.9980049133, 54.5668907166, 55.1473922729, 55.7278900146, 56.3083877563, 56.8656692505, 57.4461669922, 58.0150566101, 58.583946228, 59.1644439697, 59.6752815247, 60.2093429565, 60.7434005737, 61.2658500671, 61.7882995605, 62.310749054, 62.8564147949, 63.3904762268, 63.924533844, 64.4469833374, 64.9694290161, 65.4802703857, 65.9911117554, 66.5019454956, 67.0127868652, 67.5236282349, 68.0460739136, 68.5569152832, 69.0793609619, 69.60181427, 70.1707000732, 70.7511978149, 71.3316955566, 71.9122009277, 72.4926986694],
    "bpm_estimates": [114.843757629, 114.843742371, 114.843765259, 117.454170227, 117.454170227, 120.186141968, 117.453292847, 117.454170227, 117.453292847, 120.185218811, 120.185218811, 117.453292847, 117.454170227, 117.454170227, 120.185218811, 114.844474792, 120.185218811, 120.185218811, 114.843635559, 117.454170227, 114.843635559, 114.843635559, 114.843635559, 114.843635559, 114.844474792, 117.453292847, 117.453292847, 117.455047607, 117.453292847, 117.453292847, 114.844474792, 117.453292847, 114.844474792, 114.842796326],
