{
"metadata": {
    "version": {
        "essentia": "2.1-beta3"
    }
},
"lowLevel": {
    "average_loudness": 0.0705794468522,
    "barkbands_kurtosis": {
        "kurt": 73.4078445435,
        "max": 189.078018188,
        "mean": 6.63287258148,
        "median": 2.90573740005,
        "min": -1.8897356987,
        "skew": 6.62818479538,
        "var": 148.796981812
    },
    "barkbands_skewness": {
        "kurt": 21.1410808563,
        "max": 7.25591373444,
        "mean": 1.83620333672,
        "median": 1.6882327795,
        "min": -13.7217416763,
        "skew": -2.23269438744,
        "var": 2.47310900688
    },
    "barkbands_spread": {
        "kurt": 0.621929645538,
        "max": 56.3016815186,
        "mean": 14.5998020172,
        "median": 13.3501882553,
        "min": 0.633043885231,
        "skew": 0.699812412262,
        "var": 67.0372009277
    },
    "dissonance": {
        "kurt": 7.93847179413,
        "max": 0.5,
        "mean": 0.458668112755,
        "median": 0.467276573181,
        "min": 0.193456962705,
        "skew": -2.35939788818,
        "var": 0.00122846465092
    },
    "hfc": {
        "kurt": 211.566162109,
        "max": 97.1484985352,
        "mean": 0.752338945866,
        "median": 0.0739913508296,
        "min": 1.0252354059e-06,
        "skew": 14.237575531,
        "var": 31.5978832245
    },
    "pitch": {
        "kurt": 31.5026893616,
        "max": 4047.42407227,
        "mean": 325.826599121,
        "median": 225.252029419,
        "min": 55.305229187,
        "skew": 5.59845304489,
        "var": 299262.40625
    },
    "pitch_instantaneous_confidence": {
        "kurt": 1.23663711548,
        "max": 1.00094461441,
        "mean": 0.384104937315,
        "median": 0.334371447563,
        "min": 0.0576007962227,
        "skew": 1.28187906742,
        "var": 0.0325412936509
    },
    "pitch_salience": {
        "kurt": 2.01018810272,
        "max": 0.918778538704,
        "mean": 0.613129138947,
        "median": 0.62871414423,
        "min": 0.0457748658955,
        "skew": -1.07938444614,
        "var": 0.0138033665717
    },
    "silence_rate_20dB": {
        "kurt": 0,
        "max": 1,
        "mean": 1,
        "median": 1,
        "min": 1,
        "skew": 0,
        "var": 0
    },
    "silence_rate_30dB": {
        "kurt": 0,
        "max": 1,
        "mean": 1,
        "median": 1,
        "min": 1,
        "skew": 0,
        "var": 0
    },
    "silence_rate_60dB": {
        "kurt": 21.4306316376,
        "max": 1,
        "mean": 0.962107777596,
        "median": 1,
        "min": 0,
        "skew": -4.84049510956,
        "var": 0.0364561714232
    },
    "spectral_centroid": {
        "kurt": 19.9974632263,
        "max": 3778.63452148,
        "mean": 671.711791992,
        "median": 603.315185547,
        "min": 178.050033569,
        "skew": 3.63098049164,
        "var": 196509.625
    },
    "spectral_complexity": {
        "kurt": 4.61875295639,
        "max": 11,
        "mean": 1.37122559547,
        "median": 1,
        "min": 0,
        "skew": 2.02614378929,
        "var": 3.61529421806
    },
    "spectral_crest": {
        "kurt": 0.625090360641,
        "max": 26.8366394043,
        "mean": 10.6547746658,
        "median": 9.94888687134,
        "min": 2.8118391037,
        "skew": 0.840665519238,
        "var": 19.5484027863
    },
    "spectral_decrease": {
        "kurt": 63.5806427002,
        "max": -6.10897896312e-17,
        "mean": -1.48465559291e-10,
        "median": -3.90179277776e-11,
        "min": -5.50099432672e-09,
        "skew": -7.06400966644,
        "var": 1.58555246434e-19
    },
    "spectral_energy": {
        "kurt": 86.4843139648,
        "max": 0.0261198282242,
        "mean": 0.000628582201898,
        "median": 0.000153302884428,
        "min": 3.23559040671e-10,
        "skew": 8.39057731628,
        "var": 3.6659446323e-06
    },
    "spectral_energyband_high": {
        "kurt": 31.3571205139,
        "max": 3.19279570249e-05,
        "mean": 1.4960843373e-06,
        "median": 5.83281746458e-07,
        "min": 9.2161847598e-11,
        "skew": 4.66980743408,
        "var": 6.26789288874e-12
    },
    "spectral_energyband_low": {
        "kurt": 8.44451904297,
        "max": 0.0005933935754,
        "mean": 5.21592119185e-05,
        "median": 2.39796518144e-05,
        "min": 7.3062470787e-13,
        "skew": 2.61704921722,
        "var": 5.54693757593e-09
    },
    "spectral_energyband_middle_high": {
        "kurt": 169.012527466,
        "max": 0.0255643371493,
        "mean": 0.000248864525929,
        "median": 1.71543160832e-05,
        "min": 1.8505695587e-10,
        "skew": 12.3759250641,
        "var": 2.44886246037e-06
    },
    "spectral_energyband_middle_low": {
        "kurt": 182.053192139,
        "max": 0.0219734217972,
        "mean": 0.000351216905983,
        "median": 9.00397499208e-05,
        "min": 3.7454796209e-11,
        "skew": 11.018453598,
        "var": 9.89709519672e-07
    },
    "spectral_flatness_db": {
        "kurt": 2.19205951691,
        "max": 0.514378786087,
        "mean": 0.206899210811,
        "median": 0.200378984213,
        "min": 0.060806132853,
        "skew": 0.913147270679,
        "var": 0.00320271542296
    },
    "spectral_flux": {
        "kurt": 23.9043598175,
        "max": 0.12734131515,
        "mean": 0.0113158915192,
        "median": 0.00753604108468,
        "min": 1.22161309264e-05,
        "skew": 3.73020815849,
        "var": 0.000119307595014
    },
    "spectral_kurtosis": {
        "kurt": 14.6270980835,
        "max": 65.3862304688,
        "mean": 8.73704624176,
        "median": 7.26885890961,
        "min": -1.33978223801,
        "skew": 2.8553211689,
        "var": 31.0658035278
    },
    "spectral_rms": {
        "kurt": 18.888710022,
        "max": 0.00504804495722,
        "mean": 0.000564648711588,
        "median": 0.000386734784115,
        "min": 5.61842853131e-07,
        "skew": 3.61141705513,
        "var": 2.94422619618e-07
    },
    "spectral_rolloff": {
        "kurt": 5.54067134857,
        "max": 8764.01367188,
        "mean": 1102.46179199,
        "median": 839.794921875,
        "min": 150.732421875,
        "skew": 1.75068771839,
        "var": 737503.5625
    },
    "spectral_skewness": {
        "kurt": 4.4726934433,
        "max": 6.25177621841,
        "mean": 2.29146409035,
        "median": 2.1990582943,
        "min": -0.204327300191,
        "skew": 1.18459582329,
        "var": 0.312404841185
    },
    "spectral_spread": {
        "kurt": 22.0983371735,
        "max": 18673572,
        "mean": 3602698.75,
        "median": 3524427.75,
        "min": 1256185.375,
        "skew": 3.06924796104,
        "var": 1.48113706189e+12
    },
    "spectral_strongpeak": {
        "kurt": 193.22807312,
        "max": 23.5122318268,
        "mean": 0.241322726011,
        "median": 0.0453099682927,
        "min": 2.00904796657e-05,
        "skew": 13.5927324295,
        "var": 2.14017891884
    },
    "zerocrossingrate": {
        "kurt": 10.7501459122,
        "max": 0.1787109375,
        "mean": 0.0440675988793,
        "median": 0.04150390625,
        "min": 0.0078125,
        "skew": 2.37223505974,
        "var": 0.000482560135424
    },
    "barkbands": {
        "kurt": [117.654754639, 8.85510063171, 8.34796524048, 22.8156890869, 30.2015686035, 82.2059402466, 189.264373779, 147.037139893, 361.886016846, 252.385940552, 344.488616943, 247.736557007, 533.993896484, 66.366859436, 76.0667572021, 465.774291992, 51.0200004578, 129.346191406, 120.416496277, 225.583831787, 161.643417358, 30.315071106, 213.719116211, 114.875228882, 83.0554656982, 36.4146461487, 405.659790039],
        "max": [2.39519948764e-07, 3.60770027328e-05, 0.000454565393738, 0.000456783862319, 0.00156654801685, 0.00243426160887, 0.00614064792171, 0.00113773462363, 0.0216680243611, 0.00719991698861, 0.0102924881503, 0.00306025054306, 0.000795967585873, 0.000263966561761, 0.00019307967159, 0.00117762910668, 8.03085786174e-05, 0.000298336410196, 0.000432333297795, 0.0255028121173, 2.6483214242e-05, 3.20847766488e-06, 4.84228075948e-06, 2.14414808397e-06, 6.42849556698e-07, 2.67348232441e-09, 2.60003729657e-09],
        "mean": [5.48518830357e-09, 3.11001781483e-06, 3.52418028342e-05, 2.53887938015e-05, 7.056297909e-05, 4.98498811794e-05, 5.64952060813e-05, 1.62693140737e-05, 0.000111028843094, 5.35243671038e-05, 4.46740123152e-05, 1.9654920834e-05, 4.97931796417e-06, 5.23203016201e-06, 4.58908471046e-06, 6.7623304858e-06, 2.45206115324e-06, 5.87114482187e-06, 7.73079955252e-06, 0.000104359613033, 5.15915360211e-07, 1.60074165478e-07, 6.27917700058e-08, 4.43156942254e-08, 1.75611347686e-08, 1.26979080028e-10, 1.83891391697e-11],
        "median": [2.19568874193e-09, 1.4463705611e-06, 1.22966775962e-05, 1.04538539745e-05, 3.22563791997e-05, 9.60805027717e-06, 6.06621279076e-06, 3.55818019671e-06, 3.46815181729e-06, 3.09654706143e-06, 2.0944435164e-06, 9.72972884483e-07, 6.05332218129e-07, 6.38868414171e-07, 1.12550856102e-06, 1.56270687057e-06, 7.96219637778e-07, 2.04278012461e-06, 1.61914624641e-06, 7.24259166418e-07, 1.68128181599e-07, 6.91063348768e-08, 1.60674407113e-08, 1.82383548264e-08, 8.03430744156e-09, 6.3899101288e-11, 2.50756381805e-12],
        "min": [1.31198593385e-14, 4.97616237224e-14, 1.77821177379e-13, 4.36214866312e-13, 1.63302271011e-12, 2.15883365871e-12, 2.4867206818e-12, 1.76463585497e-12, 1.76582153847e-12, 1.57177103364e-12, 1.45956499924e-12, 2.57084414521e-12, 2.18577109537e-12, 3.00030009517e-12, 4.42458829991e-12, 6.48185715171e-12, 1.66176326172e-11, 2.71351743159e-11, 3.16736532835e-11, 4.82906735433e-11, 2.6222003735e-11, 1.59104309588e-11, 4.70950015097e-12, 3.11981712166e-12, 2.88739908719e-12, 3.24597228436e-13, 1.61297197658e-14],
        "skew": [8.95226192474, 2.54393529892, 2.59278774261, 4.16852807999, 4.08197498322, 7.63282680511, 12.5473165512, 10.9546689987, 17.1156234741, 13.7830886841, 17.1929130554, 14.0222263336, 19.2215442657, 7.4513669014, 7.95418167114, 19.2936611176, 5.92848348618, 9.79068470001, 9.95566082001, 14.9003562927, 10.1438398361, 5.01133441925, 12.6186552048, 8.82859420776, 7.86414194107, 5.00073337555, 17.4412879944],
        "var": [1.58150990655e-16, 1.72213545507e-11, 2.89936186171e-09, 1.92952365197e-09, 1.17901910457e-08, 2.44089299883e-08, 1.04303111925e-07, 4.50481563163e-09, 6.90811759796e-07, 9.19560250168e-08, 1.6261952851e-07, 1.74607865944e-08, 6.65273169886e-10, 4.0957334746e-10, 2.17145981751e-10, 1.65929703311e-09, 2.77710840435e-11, 2.67632582762e-10, 7.77452047185e-10, 2.12847839975e-06, 1.4809621628e-12, 8.36490504142e-14, 4.86899711901e-14, 1.22784117265e-14, 1.801798321e-15, 3.95836716197e-20, 8.72018486956e-21],
        "cov": [[1.5824468044e-16, 4.92777595394e-15, -3.1399956047e-15, 1.8473824155e-14, 1.6649686187e-13, 3.09743902619e-13, 3.95113222739e-13, 4.16549254941e-14, -5.24313597638e-14, 1.64574856022e-13, 1.11339787352e-14, 1.49759084257e-13, 3.22777998177e-14, 3.43411314197e-14, 1.7158282038e-14, 1.485220604e-14, 4.89288412575e-15, 1.46020043658e-14, 3.48712351312e-14, -2.96008768712e-13, 4.17092787513e-15, 7.64509756516e-16, 2.14804842271e-16, 1.10895796768e-16, 3.09541506955e-17, 2.99552498693e-19, 1.99587921999e-20], [4.92777595394e-15, 1.72315564595e-11, 8.24919854647e-11, 4.15746222171e-11, 7.06186428778e-11, 5.46663235512e-11, -3.5448782798e-11, 1.18586616221e-11, 2.07666467356e-10, 1.25395221984e-10, -2.75470739969e-11, 1.48203505024e-10, 1.57588248006e-11, 1.06824046137e-11, 6.12018768997e-12, -6.00313548871e-12, 2.94913963042e-12, 2.86414511899e-12, 5.03006837571e-12, 2.55958414186e-11, 5.07425861312e-13, 2.52611245723e-13, 8.02529632918e-14, 1.15341509808e-14, 1.00342275789e-14, 9.19228013803e-17, 1.92899643813e-17], [-3.1399956047e-15, 8.24919854647e-11, 2.90107959877e-09, 1.38400579885e-09, 1.23772048166e-09, 5.14797260376e-10, -1.70181216341e-10, 1.16767373548e-10, 4.0836523052e-10, 2.56290516587e-10, 1.49401124805e-09, 3.38547134771e-10, 2.59258101099e-11, 6.74586914107e-11, 4.78629497147e-11, -9.25646226335e-11, 1.34593516887e-11, 8.40887949549e-12, 7.23359360692e-13, 6.74839206738e-09, 4.71312062728e-13, 9.36124333432e-13, 1.28612593665e-12, -1.8700190322e-14, 1.0725586543e-13, 7.50754100272e-16, 5.78567389869e-16], [1.8473824155e-14, 4.15746222171e-11, 1.38400579885e-09, 1.93066673759e-09, 1.69533664884e-09, 5.8327798147e-10, -1.77850650873e-10, 3.6091716421e-11, 5.14698950127e-10, 8.51249126743e-10, 2.28300281457e-10, 8.32734381451e-10, -1.42439350245e-11, 3.926796735e-11, 3.63860989949e-11, -5.47981729437e-11, 1.14295231265e-11, 3.3789817732e-12, 2.2549470971e-11, 1.31348076859e-09, 2.77690609223e-12, 1.15154196942e-12, 5.94005584737e-13, 1.61851299507e-13, 7.14665550046e-14, 4.49989535482e-16, 3.04686539094e-16], [1.6649686187e-13, 7.06186428778e-11, 1.23772048166e-09, 1.69533664884e-09, 1.17971756808e-08, 6.08010841674e-09, 1.35676536672e-09, 8.22403256606e-10, 2.633959717e-09, 5.42895151057e-09, -1.50445919611e-10, 1.0776646242e-09, 1.174845915e-10, 3.34377581179e-10, 1.04404339341e-10, -1.82999778525e-11, 3.68451692767e-11, 1.78199621725e-10, 1.46911052767e-10, -4.18522194678e-09, 1.14423496719e-11, 2.24788959148e-12, 1.51313288071e-13, 2.92280902172e-13, 4.14209580535e-14, 6.43454454673e-16, 3.43623902526e-16], [3.09743902619e-13, 5.46663235512e-11, 5.14797260376e-10, 5.8327798147e-10, 6.08010841674e-09, 2.4423389533e-08, 5.82217252187e-09, 1.08247732999e-09, 2.3907372082e-08, 4.98356289569e-09, 1.1296327429e-08, 3.22880366888e-09, 9.07738328948e-10, 6.33660013349e-10, 3.93973936808e-10, 1.13626830167e-10, 1.41379838392e-10, 3.55892759707e-10, 5.61281632283e-10, -3.62846597213e-09, 2.05982158413e-11, 3.21241969657e-12, 1.43190784208e-13, 5.2438798746e-13, -6.37675472864e-14, 1.14795315435e-15, 1.01848554479e-15], [3.95113222739e-13, -3.5448782798e-11, -1.70181216341e-10, -1.77850650873e-10, 1.35676536672e-09, 5.82217252187e-09, 1.04364907827e-07, 1.36571765008e-09, -4.25221871603e-11, 9.0945038167e-09, 6.2017851965e-10, 5.49388312621e-10, 5.13252718104e-10, 3.52165241413e-10, 3.35100530657e-10, 2.48193243735e-09, 2.43785103216e-10, 1.78437931098e-09, 2.32511077058e-09, -4.3084451562e-09, 4.37622091343e-11, 3.18508782716e-12, 1.21284912994e-13, 9.52782557712e-13, 1.11219030947e-13, 2.50191700345e-15, 2.2317026936e-15], [4.16549254941e-14, 1.18586616221e-11, 1.16767373548e-10, 3.6091716421e-11, 8.22403256606e-10, 1.08247732999e-09, 1.36571765008e-09, 4.5074841637e-09, 7.77242536998e-09, 1.06773556663e-09, 3.6181249663e-10, 1.88410995139e-10, 1.5096397743e-10, 1.46977902071e-10, 5.78547730556e-11, 7.68714397692e-11, 1.31495023203e-10, 1.74260259e-10, 1.38418290718e-10, -4.69428329541e-10, 8.66348832951e-12, 1.25500727432e-12, 2.91452761448e-13, 7.95882592686e-14, -1.37220514831e-14, 8.76994567241e-16, 6.9710218636e-16], [-5.24313597638e-14, 2.07666467356e-10, 4.0836523052e-10, 5.14698950127e-10, 2.633959717e-09, 2.3907372082e-08, -4.25221871603e-11, 7.77242536998e-09, 6.91221032412e-07, 1.20014966853e-08, 4.0734772e-08, 7.68357821812e-09, 5.12033215827e-09, 1.00237218525e-09, 4.12589629128e-10, 2.94040125581e-10, 1.13549325498e-09, 3.85175891182e-09, 2.35472352728e-09, -1.0473907075e-08, 1.05080125157e-10, 1.70846756881e-11, 1.86419044264e-12, 2.80013447325e-12, 2.84951505751e-14, 1.57832866785e-14, 1.49325674438e-14], [1.64574856022e-13, 1.25395221984e-10, 2.56290516587e-10, 8.51249126743e-10, 5.42895151057e-09, 4.98356289569e-09, 9.0945038167e-09, 1.06773556663e-09, 1.20014966853e-08, 9.20105023283e-08, 7.45754391573e-09, 1.50314249936e-08, 8.81291262189e-10, 1.77775583143e-09, 1.11606268671e-09, 3.00323144131e-09, 4.38120817403e-10, 1.31097199763e-09, 2.32612196172e-09, -3.18372839203e-09, 5.31193214415e-11, 8.78322414799e-12, 1.47644711127e-12, 1.14860876886e-12, 1.44881055395e-14, 5.73085254992e-15, 4.57650461445e-15], [1.11339787352e-14, -2.75470739969e-11, 1.49401124805e-09, 2.28300281457e-10, -1.50445919611e-10, 1.1296327429e-08, 6.2017851965e-10, 3.6181249663e-10, 4.0734772e-08, 7.45754391573e-09, 1.62715863894e-07, 1.18052601028e-09, 1.23300303301e-09, 1.00689701021e-09, 8.0217654741e-10, 8.24171897396e-10, 7.8016183791e-11, 3.42324585345e-10, 5.69667757411e-10, -3.95481558613e-09, 1.94050331359e-11, -2.20695477952e-13, -7.88357443562e-13, -4.29427055981e-13, -1.68330342612e-13, 2.97163573622e-15, 3.3029787198e-15], [1.49759084257e-13, 1.48203505024e-10, 3.38547134771e-10, 8.32734381451e-10, 1.0776646242e-09, 3.22880366888e-09, 5.49388312621e-10, 1.88410995139e-10, 7.68357821812e-09, 1.50314249936e-08, 1.18052601028e-09, 1.74711303202e-08, 3.61436686136e-10, 8.14378897651e-10, 6.5795469073e-10, 2.90635654432e-10, 1.46171089122e-10, 2.87396523246e-10, 5.89512771931e-10, -1.7704837596e-09, 1.89422366681e-11, 6.62286241473e-12, 1.06227765299e-12, 9.811933167e-13, 1.21058965261e-13, 2.26858780208e-15, 7.49777100707e-16], [3.22777998177e-14, 1.57588248006e-11, 2.59258101099e-11, -1.42439350245e-11, 1.174845915e-10, 9.07738328948e-10, 5.13252718104e-10, 1.5096397743e-10, 5.12033215827e-09, 8.81291262189e-10, 1.23300303301e-09, 3.61436686136e-10, 6.6566729906e-10, 2.18919091188e-10, 5.18247320058e-11, 3.06478419032e-11, 1.61527319298e-11, 3.59686828932e-11, 1.89430512942e-10, -4.40339181784e-10, 4.38845140782e-12, 1.07476961358e-12, 3.35750009609e-13, 1.39467078294e-13, 2.20824098211e-14, 4.66493231305e-16, 1.737603388e-16], [3.43411314197e-14, 1.06824046137e-11, 6.74586914107e-11, 3.926796735e-11, 3.34377581179e-10, 6.33660013349e-10, 3.52165241413e-10, 1.46977902071e-10, 1.00237218525e-09, 1.77775583143e-09, 1.00689701021e-09, 8.14378897651e-10, 2.18919091188e-10, 4.09815986702e-10, 1.24944055102e-10, 5.27206715784e-11, 2.9597338469e-11, 4.88896631512e-11, 1.34238037353e-10, -4.60640137145e-10, 4.76005910036e-12, 1.15112834629e-12, 3.45421011672e-13, 1.64828478015e-13, 3.97162873064e-14, 5.32431093419e-16, 1.74684862027e-16], [1.7158282038e-14, 6.12018768997e-12, 4.78629497147e-11, 3.63860989949e-11, 1.04404339341e-10, 3.93973936808e-10, 3.35100530657e-10, 5.78547730556e-11, 4.12589629128e-10, 1.11606268671e-09, 8.0217654741e-10, 6.5795469073e-10, 5.18247320058e-11, 1.24944055102e-10, 2.17274628844e-10, 7.65413912807e-11, 2.04781851199e-11, 6.67888036543e-11, 1.34020766707e-10, -3.39419298223e-10, 3.02320625131e-12, 8.06584399965e-13, 2.22162904935e-13, 9.59041060542e-14, 1.85763693517e-14, 3.69557351453e-16, 1.20890964217e-16], [1.485220604e-14, -6.00313548871e-12, -9.25646226335e-11, -5.47981729437e-11, -1.82999778525e-11, 1.13626830167e-10, 2.48193243735e-09, 7.68714397692e-11, 2.94040125581e-10, 3.00323144131e-09, 8.24171897396e-10, 2.90635654432e-10, 3.06478419032e-11, 5.27206715784e-11, 7.65413912807e-11, 1.66028002457e-09, 6.48043424478e-11, 3.81436271457e-10, 8.33507152187e-10, -6.00337224377e-10, 1.46957879893e-11, 6.45967600157e-13, 1.11070644327e-13, 1.09432638461e-13, 1.08223002567e-14, 2.65974274668e-16, 1.44001305271e-16], [4.89288412575e-15, 2.94913963042e-12, 1.34593516887e-11, 1.14295231265e-11, 3.68451692767e-11, 1.41379838392e-10, 2.43785103216e-10, 1.31495023203e-10, 1.13549325498e-09, 4.38120817403e-10, 7.8016183791e-11, 1.46171089122e-10, 1.61527319298e-11, 2.9597338469e-11, 2.04781851199e-11, 6.48043424478e-11, 2.7787536161e-11, 4.22857443505e-11, 6.17543446935e-11, 5.17540288403e-10, 2.37506715683e-12, 5.95434888461e-13, 3.21345787436e-13, 8.27980669053e-14, 2.09528863037e-14, 2.85640288591e-16, 9.17305182839e-17], [1.46020043658e-14, 2.86414511899e-12, 8.40887949549e-12, 3.3789817732e-12, 1.78199621725e-10, 3.55892759707e-10, 1.78437931098e-09, 1.74260259e-10, 3.85175891182e-09, 1.31097199763e-09, 3.42324585345e-10, 2.87396523246e-10, 3.59686828932e-11, 4.88896631512e-11, 6.67888036543e-11, 3.81436271457e-10, 4.22857443505e-11, 2.6779112261e-10, 3.44283490605e-10, 6.24366003343e-10, 7.25058294654e-12, 8.55807937537e-13, 3.89509849071e-13, 1.13822064838e-13, 2.57853312405e-14, 4.34195812087e-16, 2.31132024369e-16], [3.48712351312e-14, 5.03006837571e-12, 7.23359360692e-13, 2.2549470971e-11, 1.46911052767e-10, 5.61281632283e-10, 2.32511077058e-09, 1.38418290718e-10, 2.35472352728e-09, 2.32612196172e-09, 5.69667757411e-10, 5.89512771931e-10, 1.89430512942e-10, 1.34238037353e-10, 1.34020766707e-10, 8.33507152187e-10, 6.17543446935e-11, 3.44283490605e-10, 7.77912623207e-10, 1.8972448057e-09, 1.41217376334e-11, 1.29064597551e-12, 6.96330688423e-13, 1.91481189628e-13, 4.69972571602e-14, 6.48852330948e-16, 3.73052474091e-16], [-2.96008768712e-13, 2.55958414186e-11, 6.74839206738e-09, 1.31348076859e-09, -4.18522194678e-09, -3.62846597213e-09, -4.3084451562e-09, -4.69428329541e-10, -1.0473907075e-08, -3.18372839203e-09, -3.95481558613e-09, -1.7704837596e-09, -4.40339181784e-10, -4.60640137145e-10, -3.39419298223e-10, -6.00337224377e-10, 5.17540288403e-10, 6.24366003343e-10, 1.8972448057e-09, 2.12973941416e-06, 2.16134801029e-11, -2.8451947829e-12, 2.43597059191e-10, -1.59550237605e-12, -1.9776774619e-13, 8.21436153689e-14, 8.52868394397e-14], [4.17092787513e-15, 5.07425861312e-13, 4.71312062728e-13, 2.77690609223e-12, 1.14423496719e-11, 2.05982158413e-11, 4.37622091343e-11, 8.66348832951e-12, 1.05080125157e-10, 5.31193214415e-11, 1.94050331359e-11, 1.89422366681e-11, 4.38845140782e-12, 4.76005910036e-12, 3.02320625131e-12, 1.46957879893e-11, 2.37506715683e-12, 7.25058294654e-12, 1.41217376334e-11, 2.16134801029e-11, 1.4818394992e-12, 2.17035157207e-13, 8.01008971608e-14, 2.78621526892e-14, 9.36487927407e-15, 7.97509710155e-17, 1.23459601556e-17], [7.64509756516e-16, 2.52611245723e-13, 9.36124333432e-13, 1.15154196942e-12, 2.24788959148e-12, 3.21241969657e-12, 3.18508782716e-12, 1.25500727432e-12, 1.70846756881e-11, 8.78322414799e-12, -2.20695477952e-13, 6.62286241473e-12, 1.07476961358e-12, 1.15112834629e-12, 8.06584399965e-13, 6.45967600157e-13, 5.95434888461e-13, 8.55807937537e-13, 1.29064597551e-12, -2.8451947829e-12, 2.17035157207e-13, 8.36986052298e-14, 3.04675887655e-14, 1.21929384788e-14, 3.96444623007e-15, 2.99416683908e-17, 1.24075303105e-18], [2.14804842271e-16, 8.02529632918e-14, 1.28612593665e-12, 5.94005584737e-13, 1.51313288071e-13, 1.43190784208e-13, 1.21284912994e-13, 2.91452761448e-13, 1.86419044264e-12, 1.47644711127e-12, -7.88357443562e-13, 1.06227765299e-12, 3.35750009609e-13, 3.45421011672e-13, 2.22162904935e-13, 1.11070644327e-13, 3.21345787436e-13, 3.89509849071e-13, 6.96330688423e-13, 2.43597059191e-10, 8.01008971608e-14, 3.04675887655e-14, 4.87188177441e-14, 5.41696162142e-15, 1.78918197701e-15, 2.27701117417e-17, 1.11945131624e-17], [1.10895796768e-16, 1.15341509808e-14, -1.8700190322e-14, 1.61851299507e-13, 2.92280902172e-13, 5.2438798746e-13, 9.52782557712e-13, 7.95882592686e-14, 2.80013447325e-12, 1.14860876886e-12, -4.29427055981e-13, 9.811933167e-13, 1.39467078294e-13, 1.64828478015e-13, 9.59041060542e-14, 1.09432638461e-13, 8.27980669053e-14, 1.13822064838e-13, 1.91481189628e-13, -1.59550237605e-12, 2.78621526892e-14, 1.21929384788e-14, 5.41696162142e-15, 1.22856860454e-14, 2.94039652585e-15, 1.26003248114e-17, 1.44407924719e-19], [3.09541506955e-17, 1.00342275789e-14, 1.0725586543e-13, 7.14665550046e-14, 4.14209580535e-14, -6.37675472864e-14, 1.11219030947e-13, -1.37220514831e-14, 2.84951505751e-14, 1.44881055395e-14, -1.68330342612e-13, 1.21058965261e-13, 2.20824098211e-14, 3.97162873064e-14, 1.85763693517e-14, 1.08223002567e-14, 2.09528863037e-14, 2.57853312405e-14, 4.69972571602e-14, -1.9776774619e-13, 9.36487927407e-15, 3.96444623007e-15, 1.78918197701e-15, 2.94039652585e-15, 1.80286579428e-15, 4.74437836213e-18, 3.89188357037e-21], [2.99552498693e-19, 9.19228013803e-17, 7.50754100272e-16, 4.49989535482e-16, 6.43454454673e-16, 1.14795315435e-15, 2.50191700345e-15, 8.76994567241e-16, 1.57832866785e-14, 5.73085254992e-15, 2.97163573622e-15, 2.26858780208e-15, 4.66493231305e-16, 5.32431093419e-16, 3.69557351453e-16, 2.65974274668e-16, 2.85640288591e-16, 4.34195812087e-16, 6.48852330948e-16, 8.21436153689e-14, 7.97509710155e-17, 2.99416683908e-17, 2.27701117417e-17, 1.26003248114e-17, 4.74437836213e-18, 3.96071202514e-20, 8.64298484616e-21], [1.99587921999e-20, 1.92899643813e-17, 5.78567389869e-16, 3.04686539094e-16, 3.43623902526e-16, 1.01848554479e-15, 2.2317026936e-15, 6.9710218636e-16, 1.49325674438e-14, 4.57650461445e-15, 3.3029787198e-15, 7.49777100707e-16, 1.737603388e-16, 1.74684862027e-16, 1.20890964217e-16, 1.44001305271e-16, 9.17305182839e-17, 2.31132024369e-16, 3.73052474091e-16, 8.52868394397e-14, 1.23459601556e-17, 1.24075303105e-18, 1.11945131624e-17, 1.44407924719e-19, 3.89188357037e-21, 8.64298484616e-21, 8.72535070942e-21]]
    },
    "mfcc": {
        "kurt": [3.58192777634, 9.52415657043, 0.398731231689, 2.12579727173, 0.507786989212, 0.859717130661, 0.989230632782, 0.816593885422, 0.54113984108, 3.06534719467, 1.00543642044, 0.539505243301, 0.931037187576],
        "max": [-776.364685059, 207.450561523, 31.8921546936, 106.480232239, 35.0109443665, 16.0241851807, 51.6043014526, 31.1183185577, 22.0125694275, 46.9539337158, 25.3229637146, 16.0804309845, 26.3788070679],
        "mean": [-910.416748047, 140.982513428, -14.5163831711, 25.9747104645, 1.1668112278, -23.4313545227, 1.869363904, -2.75366258621, -9.19864559174, -4.71227407455, -11.3572063446, -13.3353319168, -5.63980436325],
        "median": [-922.425720215, 140.922485352, -13.5175476074, 26.7901344299, 3.60296630859, -22.0635070801, 1.94166946411, -2.28726196289, -8.75945281982, -4.89811706543, -11.4683742523, -12.8537063599, -5.73539733887],
        "min": [-1138.42004395, 1.14440917969e-05, -106.699554443, -38.7451553345, -67.669090271, -77.9444580078, -32.9984970093, -39.4616851807, -40.9398956299, -37.2603988647, -45.5383071899, -41.7475242615, -32.7156105042],
        "skew": [-0.462693840265, -1.87345802784, -0.59253180027, 0.0258228797466, -0.754805743694, -0.611154735088, 0.284201771021, -0.387994945049, -0.15129391849, 0.539126157761, -0.172493010759, -0.272722154856, 0.0817293897271],
        "var": [2744.54272461, 648.866760254, 500.47857666, 219.69480896, 236.171478271, 198.002609253, 121.229721069, 79.2407455444, 66.6953735352, 67.4537734985, 63.1355552673, 53.0088996887, 49.4697341919],
        "cov": [[2746.16845703, 952.425964355, -751.465270996, 39.4343528748, -399.231628418, -121.698623657, 71.8240814209, -58.7372741699, -36.8270454407, -12.4119529724, 19.9410362244, -58.0594444275, -69.3242111206], [952.425964355, 649.251159668, -69.6588516235, 19.8573703766, -70.4945373535, -68.8279571533, 49.3250808716, -12.9884986877, -30.4584732056, -11.2749786377, -18.6026039124, -48.8660736084, -34.5204811096], [-751.465270996, -69.6588516235, 500.775054932, 123.081520081, 192.071105957, 56.5850410461, 9.90328216553, 25.2904949188, -14.6513166428, 8.66237735748, -11.3219814301, 16.2671089172, 11.8052148819], [39.4343528748, 19.8573703766, 123.081520081, 219.824966431, 97.3893203735, 1.13480019569, 12.2518806458, 2.90379667282, -16.9988670349, 10.3747882843, 1.06162965298, 16.3805198669, 5.38313436508], [-399.231628418, -70.4945373535, 192.071105957, 97.3893203735, 236.311386108, 88.6547164917, 0.333104819059, 30.7700271606, 2.10531806946, 2.0172958374, -8.31247425079, 4.8286075592, 5.04597425461], [-121.698623657, -68.8279571533, 56.5850410461, 1.13480019569, 88.6547164917, 198.119903564, 69.7547683716, 20.1541671753, 14.2477388382, 15.0083351135, 28.7671546936, 8.23215484619, -6.43320322037], [71.8240814209, 49.3250808716, 9.90328216553, 12.2518806458, 0.333104819059, 69.7547683716, 121.30153656, 36.690284729, 0.780109524727, 32.8073501587, -0.588268518448, -10.0489788055, -4.75871372223], [-58.7372741699, -12.9884986877, 25.2904949188, 2.90379667282, 30.7700271606, 20.1541671753, 36.690284729, 79.287689209, 40.3906440735, 8.26314735413, -0.349555850029, -3.14442420006, -4.1496796608], [-36.8270454407, -30.4584732056, -14.6513166428, -16.9988670349, 2.10531806946, 14.2477388382, 0.780109524727, 40.3906440735, 66.7348861694, 20.0901470184, 6.31813383102, 3.51289606094, -2.67334532738], [-12.4119529724, -11.2749786377, 8.66237735748, 10.3747882843, 2.0172958374, 15.0083351135, 32.8073501587, 8.26314735413, 20.0901470184, 67.4937362671, 21.3822231293, 2.26124405861, 6.15278100967], [19.9410362244, -18.6026039124, -11.3219814301, 1.06162965298, -8.31247425079, 28.7671546936, -0.588268518448, -0.349555850029, 6.31813383102, 21.3822231293, 63.172958374, 29.7211933136, -1.19682335854], [-58.0594444275, -48.8660736084, 16.2671089172, 16.3805198669, 4.8286075592, 8.23215484619, -10.0489788055, -3.14442420006, 3.51289606094, 2.26124405861, 29.7211933136, 53.0403022766, 26.5298805237], [-69.3242111206, -34.5204811096, 11.8052148819, 5.38313436508, 5.04597425461, -6.43320322037, -4.75871372223, -4.1496796608, -2.67334532738, 6.15278100967, -1.19682335854, 26.5298805237, 49.499042511]]
    },
    "sccoeffs": {
        "kurt": [0.291508436203, 2.77217292786, 5.83223819733, 6.57925605774, 20.0750598907, 1.80835342407],
        "max": [-0.419234931469, -0.4369328022, -0.398802816868, -0.537876546383, -0.497739732265, -0.740797042847],
        "mean": [-0.665819704533, -0.802135944366, -0.818782508373, -0.846236407757, -0.835061132908, -0.846056699753],
        "median": [-0.667597055435, -0.819693684578, -0.839738845825, -0.855663239956, -0.841202557087, -0.848520636559],
        "min": [-0.94298684597, -0.947525680065, -0.960362255573, -0.988254487514, -0.968526124954, -0.913557648659],
        "skew": [0.00379415042698, 1.55959045887, 2.17819476128, 2.06230473518, 3.16115570068, 0.662115871906],
        "var": [0.00524615962058, 0.00580745050684, 0.0057067759335, 0.00188340642489, 0.00153453624807, 0.000385392486351],
        "cov": [[0.00524926744401, 0.000984611921012, 0.000579191953875, 0.000280158797977, 0.000460977316834, 0.000139937052154], [0.000984611921012, 0.00581089081243, 0.00314308120869, 0.00150883791503, 0.00101259932853, 0.000491835409775], [0.000579191953875, 0.00314308120869, 0.00571015663445, 0.00207391218282, 0.00113374181092, 0.000514188199304], [0.000280158797977, 0.00150883791503, 0.00207391218282, 0.00188452214934, 0.000628615554888, 0.000319672020851], [0.000460977316834, 0.00101259932853, 0.00113374181092, 0.000628615554888, 0.00153544533532, 0.000281632412225], [0.000139937052154, 0.000491835409775, 0.000514188199304, 0.000319672020851, 0.000281632412225, 0.000385620805901]]
    },
    "scvalleys": {
        "kurt": [25.6695384979, 31.0282783508, 21.1670722961, 19.1854228973, 18.2148971558, 10.1970443726],
        "max": [-6.56097841263, -5.60403680801, -5.49776124954, -7.16323518753, -7.80813455582, -10.2599668503],
        "mean": [-8.3859872818, -7.75572109222, -8.34572315216, -9.09690093994, -9.44879817963, -11.9470586777],
        "median": [-8.2889919281, -7.7305688858, -8.42507839203, -9.19588565826, -9.5461139679, -11.9508810043],
        "min": [-15.7530984879, -14.9304571152, -15.0187044144, -15.0697450638, -14.3879461288, -15.9997529984],
        "skew": [-3.65398669243, -4.20912742615, -2.82654333115, -2.77141165733, -2.80624675751, -1.5688148737],
        "var": [0.755977988243, 0.705532729626, 0.733271598816, 0.633958756924, 0.485586374998, 0.404178589582],
        "cov": [[0.756425857544, 0.507346630096, 0.493396878242, 0.467413723469, 0.398241966963, 0.285790205002], [0.507346630096, 0.705950677395, 0.582950055599, 0.524259746075, 0.47423350811, 0.352686434984], [0.493396878242, 0.582950055599, 0.733705997467, 0.606084525585, 0.514378190041, 0.380455374718], [0.467413723469, 0.524259746075, 0.606084525585, 0.63433432579, 0.501007139683, 0.389864057302], [0.398241966963, 0.47423350811, 0.514378190041, 0.501007139683, 0.485874056816, 0.37187319994], [0.285790205002, 0.352686434984, 0.380455374718, 0.389864057302, 0.37187319994, 0.404418051243]]
    }
},
"rhythm": {
    "beats_loudness": {
        "kurt": 16.4937648773,
        "max": 0.00811385549605,
        "mean": 0.000791580649093,
        "median": 0.000478882546304,
        "min": 3.64632178389e-05,
        "skew": 3.67052912712,
        "var": 1.38607117606e-06
    },
    "bpm": 138.119522095,
    "confidence": 1.78109622002,
    "first_peak_bpm": {
        "kurt": 0,
        "max": 140,
        "mean": 140,
        "median": 140,
        "min": 140,
        "skew": 0,
        "var": 0
    },
    "first_peak_spread": {
        "kurt": 0,
        "max": 0.479452013969,
        "mean": 0.479452013969,
        "median": 0.479452013969,
        "min": 0.479452013969,
        "skew": 0,
        "var": 0
    },
    "first_peak_weight": {
        "kurt": 0,
        "max": 0.436781615019,
        "mean": 0.436781615019,
        "median": 0.436781615019,
        "min": 0.436781615019,
        "skew": 0,
        "var": 0
    },
    "onset_rate": 2.37273454666,
    "second_peak_bpm": {
        "kurt": 0,
        "max": 133,
        "mean": 133,
        "median": 133,
        "min": 133,
        "skew": 0,
        "var": 0
    },
    "second_peak_spread": {
        "kurt": 0,
        "max": 0.399999976158,
        "mean": 0.399999976158,
        "median": 0.399999976158,
        "min": 0.399999976158,
        "skew": 0,
        "var": 0
    },
    "second_peak_weight": {
        "kurt": 0,
        "max": 0.0689655169845,
        "mean": 0.0689655169845,
        "median": 0.0689655169845,
        "min": 0.0689655169845,
        "skew": 0,
        "var": 0
    },
    "beats_loudness_band_ratio": {
        "kurt": [-1.06204998493, -0.0827939510345, 2.62070655823, 5.99479103088, 9.63158607483, 5.11605358124],
        "max": [0.87197548151, 0.927758812904, 0.883835196495, 0.659725666046, 0.35965654254, 0.107312843204],
        "mean": [0.362251132727, 0.350508004427, 0.194653809071, 0.0903120860457, 0.0502805821598, 0.017402715981],
        "median": [0.365323603153, 0.356540262699, 0.135098367929, 0.0342263430357, 0.0306007303298, 0.0102437883615],
        "min": [0.00117515178863, 0.0324255079031, 0.0286808945239, 0.00269019929692, 0.00528039131314, 0.00193196628243],
        "skew": [0.22278021276, 0.36921364069, 1.74823594093, 2.50580143929, 2.77333593369, 2.08958745003],
        "var": [0.0667040422559, 0.0322310775518, 0.0358809493482, 0.0170408561826, 0.00343365152366, 0.000355926546035],
        "cov": [[0.0674707591534, -0.0041427644901, -0.032829746604, -0.0180126801133, -0.00609438447282, -0.00164867134299], [-0.0041427644901, 0.0326015502214, -0.0137366121635, -0.00929816439748, -0.00224650395103, -0.000488498713821], [-0.032829746604, -0.0137366121635, 0.0362933725119, 0.00592848332599, 0.00218149391003, 0.000466282072011], [-0.0180126801133, -0.00929816439748, 0.00592848332599, 0.0172367282212, 0.00146919523831, 0.00062621710822], [-0.00609438447282, -0.00224650395103, 0.00218149391003, 0.00146919523831, 0.0034731188789, 0.000529327371623], [-0.00164867134299, -0.000488498713821, 0.000466282072011, 0.00062621710822, 0.000529327371623, 0.000360017671483]]
    },
    "beats_position": [0.452789098024, 0.9287981987, 1.40480720997, 1.8575963974, 2.32199549675, 2.7863945961, 3.26240348816, 3.70358276367, 4.15637159348, 4.59755086899, 5.01551008224, 5.45668935776, 5.89786815643, 6.32743740082, 6.7570066452, 7.19818592072, 7.63936471939, 8.08054447174, 8.51011276245, 8.96290206909, 9.38086128235, 9.81043052673, 10.2399997711, 10.6695690155, 11.0991382599, 11.5403175354, 11.9814968109, 12.4110651016, 12.840634346, 13.2934236526, 13.7346029282, 14.1641721725, 14.5937414169, 15.0233106613, 15.4528799057, 15.8824491501, 16.3236274719, 16.7531967163, 17.1827659607, 17.6239452362, 18.0651245117, 18.4946937561, 18.9242630005, 19.365442276, 19.7950115204, 20.2245807648, 20.6657600403, 21.1069393158, 21.548116684, 21.9776859283, 22.4072551727, 22.8484344482, 23.2780036926, 23.707572937, 24.1487522125, 24.589931488, 25.0195007324, 25.4490699768, 25.8902492523, 26.3314285278, 26.7609977722, 27.2021770477, 27.6317462921, 28.0613155365, 28.4908847809, 28.932062149, 29.3732414246, 29.8028106689, 30.2323799133, 30.6735591888, 31.1147384644, 31.5443077087, 31.9738769531, 32.4150543213, 32.8446235657, 33.2741928101, 33.7153739929, 34.1565513611, 34.5977325439, 35.0273017883, 35.4568710327, 35.8980484009, 36.3392295837, 36.7920188904, 37.244808197, 37.7092056274, 38.1736030579, 38.6496124268],
    "bpm_estimates": [135.999130249, 135.999130249, 143.554672241, 135.999130249, 135.999282837, 139.674804688, 139.674804688, 135.999130249, 135.999282837, 135.99899292, 139.675109863, 143.554672241, 139.674804688, 139.674804688, 139.674804688, 139.674804688, 135.999130249, 135.999130249, 139.675109863, 139.674804688, 135.999130249, 139.674804688, 139.674804688, 139.674804688, 139.674804688, 139.674804688, 135.999435425, 139.674804688, 139.674804688, 135.999130249, 135.999130249, 139.674804688, 139.674804688, 135.999130249, 139.674804688, 139.674804688, 135.999130249, 135.999130249, 135.999725342, 139.674804688, 139.674804688, 135.999130249, 139.674804688, 139.674804688, 135.999130249, 135.999130249, 139.674804688, 139.674804688, 135.999130249, 135.999130249, 139.674804688, 135.999130249, 139.674804688, 139.674804688, 139.674804688, 135.999725342, 135.999130249, 139.674804688, 139.674804688, 135.999130249, 135.999130249, 139.674804688, 139.674804688, 135.999725342, 139.674804688, 139.674804688, 135.998550415, 135.999725342, 135.998550415, 139.674804688, 139.674804688, 135.999725342, 135.998550415],
    "bpm_intervals": [0.476009100676, 0.476009011269, 0.452789187431, 0.46439909935, 0.46439909935, 0.476008892059, 0.441179275513, 0.452788829803, 0.441179275513, 0.417959213257, 0.441179275513, 0.441178798676, 0.429569244385, 0.429569244385, 0.441179275513, 0.441178798676, 0.44117975235, 0.42956829071, 0.452789306641, 0.417959213257, 0.429569244385, 0.429569244385, 0.429569244385, 0.429569244385, 0.441179275513, 0.441179275513, 0.42956829071, 0.429569244385, 0.452789306641, 0.441179275513, 0.429569244385, 0.429569244385, 0.429569244385, 0.429569244385, 0.429569244385, 0.441178321838, 0.429569244385, 0.429569244385, 0.441179275513, 0.441179275513, 0.429569244385, 0.429569244385, 0.441179275513, 0.429569244385, 0.429569244385, 0.441179275513, 0.441179275513, 0.441177368164, 0.429569244385, 0.429569244385, 0.441179275513, 0.429569244385, 0.429569244385, 0.441179275513, 0.441179275513, 0.429569244385, 0.429569244385, 0.441179275513, 0.441179275513, 0.429569244385, 0.441179275513, 0.429569244385, 0.429569244385, 0.429569244385, 0.441177368164, 0.441179275513, 0.429569244385, 0.429569244385, 0.441179275513, 0.441179275513, 0.429569244385, 0.429569244385, 0.441177368164, 0.429569244385, 0.429569244385, 0.441181182861, 0.441177368164, 0.441181182861, 0.429569244385, 0.429569244385, 0.441177368164, 0.441181182861, 0.452789306641, 0.452789306641, 0.46439743042, 0.46439743042, 0.476009368896],
