{
"metadata": {
    "version": {
        "essentia": "2.1-beta3"
    }
},
"lowLevel": {
    "average_loudness": 0.625865101814,
    "barkbands_kurtosis": {
        "kurt": 39.2540779114,
        "max": 25.8477287292,
        "mean": 0.0932504609227,
        "median": -0.521313309669,
        "min": -1.6711243391,
        "skew": 5.20752382278,
        "var": 4.99533987045
    },
    "barkbands_skewness": {
        "kurt": 1.35397815704,
        "max": 2.87240767479,
        "mean": 0.0178557820618,
        "median": -0.00163950049318,
        "min": -2.24434065819,
        "skew": 0.33317092061,
        "var": 0.383783459663
    },
    "barkbands_spread": {
        "kurt": 0.111833810806,
        "max": 45.938167572,
        "mean": 17.5788822174,
        "median": 16.9491844177,
        "min": 1.43980228901,
        "skew": 0.435392022133,
        "var": 54.9752693176
    },
    "dissonance": {
        "kurt": 5.56225585938,
        "max": 0.500000119209,
        "mean": 0.452876806259,
        "median": 0.465006828308,
        "min": 0.181135579944,
        "skew": -1.97603654861,
        "var": 0.00168095948175
    },
    "hfc": {
        "kurt": 208.819366455,
        "max": 605.530700684,
        "mean": 12.9376659393,
        "median": 4.59698963165,
        "min": 2.05335792813e-09,
        "skew": 11.3053588867,
        "var": 692.577514648
    },
    "pitch": {
        "kurt": 62.0499420166,
        "max": 3920.47387695,
        "mean": 378.09475708,
        "median": 403.77734375,
        "min": 81.5550384521,
        "skew": 7.11428070068,
        "var": 111018.140625
    },
    "pitch_instantaneous_confidence": {
        "kurt": -0.323109149933,
        "max": 0.975050151348,
        "mean": 0.532095432281,
        "median": 0.529713153839,
        "min": 0.118527948856,
        "skew": 0.162578314543,
        "var": 0.0339488126338
    },
    "pitch_salience": {
        "kurt": -0.202934980392,
        "max": 0.910398066044,
        "mean": 0.566818654537,
        "median": 0.570543646812,
        "min": 0.208032265306,
        "skew": -0.124889217317,
        "var": 0.0113799171522
    },
    "silence_rate_20dB": {
        "kurt": 0,
        "max": 1,
        "mean": 1,
        "median": 1,
        "min": 1,
        "skew": 0,
        "var": 0
    },
    "silence_rate_30dB": {
        "kurt": 731.023498535,
        "max": 1,
        "mean": 0.998641312122,
        "median": 1,
        "min": 0,
        "skew": -27.0746269226,
        "var": 0.00135682919063
    },
    "silence_rate_60dB": {
        "kurt": -1.99857389927,
        "max": 1,
        "mean": 0.490489125252,
        "median": 0,
        "min": 0,
        "skew": 0.0380487851799,
        "var": 0.249912068248
    },
    "spectral_centroid": {
        "kurt": -0.207213163376,
        "max": 3029.55493164,
        "mean": 1504.74316406,
        "median": 1462.96020508,
        "min": 299.353973389,
        "skew": 0.228973567486,
        "var": 183808.671875
    },
    "spectral_complexity": {
        "kurt": -0.533809661865,
        "max": 47,
        "mean": 10.6453800201,
        "median": 10,
        "min": 0,
        "skew": 0.258167982101,
        "var": 47.6567077637
    },
    "spectral_crest": {
        "kurt": 2.66752481461,
        "max": 24.3607330322,
        "mean": 7.93000459671,
        "median": 6.59744548798,
        "min": 2.31571984291,
        "skew": 1.67713689804,
        "var": 17.5360622406
    },
    "spectral_decrease": {
        "kurt": 48.3476753235,
        "max": -4.51148441989e-19,
        "mean": -1.68151548241e-09,
        "median": -7.10231762291e-10,
        "min": -3.84054601454e-08,
        "skew": -4.85197257996,
        "var": 5.83791030474e-18
    },
    "spectral_energy": {
        "kurt": 71.3755493164,
        "max": 0.199874386191,
        "mean": 0.00751990359277,
        "median": 0.00319455796853,
        "min": 1.88898614632e-12,
        "skew": 5.93615579605,
        "var": 0.000128990606754
    },
    "spectral_energyband_high": {
        "kurt": 219.475067139,
        "max": 0.012786003761,
        "mean": 0.000190618462511,
        "median": 4.57862843177e-05,
        "min": 2.01078540483e-14,
        "skew": 11.8092699051,
        "var": 2.97303671459e-07
    },
    "spectral_energyband_low": {
        "kurt": 227.939620972,
        "max": 0.00536654423922,
        "mean": 8.1100173702e-05,
        "median": 3.01800610032e-05,
        "min": 1.85788355729e-13,
        "skew": 13.3058824539,
        "var": 5.85173225431e-08
    },
    "spectral_energyband_middle_high": {
        "kurt": 80.2339630127,
        "max": 0.181935817003,
        "mean": 0.00609862618148,
        "median": 0.00225544674322,
        "min": 1.1091202826e-12,
        "skew": 6.42250108719,
        "var": 0.000102341800812
    },
    "spectral_energyband_middle_low": {
        "kurt": 18.4603805542,
        "max": 0.0223600994796,
        "mean": 0.00125763542019,
        "median": 0.000553998397663,
        "min": 6.22091787805e-13,
        "skew": 3.64525818825,
        "var": 4.03142394134e-06
    },
    "spectral_flatness_db": {
        "kurt": 0.140827655792,
        "max": 0.376733452082,
        "mean": 0.189088329673,
        "median": 0.181708186865,
        "min": 0.0799449980259,
        "skew": 0.563916862011,
        "var": 0.00231465674005
    },
    "spectral_flux": {
        "kurt": 20.2873916626,
        "max": 0.355180233717,
        "mean": 0.0397864840925,
        "median": 0.0333941355348,
        "min": 0.000197261833819,
        "skew": 2.9047973156,
        "var": 0.000714916794095
    },
    "spectral_kurtosis": {
        "kurt": 4.11073207855,
        "max": 29.6615905762,
        "mean": 8.47778511047,
        "median": 7.5915017128,
        "min": 2.6079454422,
        "skew": 1.67254829407,
        "var": 13.7719211578
    },
    "spectral_rms": {
        "kurt": 3.80435705185,
        "max": 0.0139642190188,
        "mean": 0.0022380403243,
        "median": 0.00176540133543,
        "min": 4.29291659998e-08,
        "skew": 1.40575349331,
        "var": 2.32767570196e-06
    },
    "spectral_rolloff": {
        "kurt": -0.981300830841,
        "max": 3962.109375,
        "mean": 2511.15136719,
        "median": 2519.38476562,
        "min": 258.3984375,
        "skew": -0.290371835232,
        "var": 619528.3125
    },
    "spectral_skewness": {
        "kurt": 2.2414317131,
        "max": 4.01569890976,
        "mean": 1.92354130745,
        "median": 1.84530901909,
        "min": 1.08129990101,
        "skew": 1.20829749107,
        "var": 0.187135443091
    },
    "spectral_spread": {
        "kurt": 48.4304389954,
        "max": 12568970,
        "mean": 2862186.5,
        "median": 2748570,
        "min": 1679059,
        "skew": 4.03799057007,
        "var": 360439578624
    },
    "spectral_strongpeak": {
        "kurt": 16.1416187286,
        "max": 22.7585868835,
        "mean": 1.60224163532,
        "median": 0.999084353447,
        "min": 2.2818116463e-07,
        "skew": 2.86446809769,
        "var": 3.53753995895
    },
    "zerocrossingrate": {
        "kurt": 62.0625228882,
        "max": 0.45458984375,
        "mean": 0.0804041996598,
        "median": 0.078125,
        "min": 0.033203125,
        "skew": 3.73467516899,
        "var": 0.000457945512608
    },
    "barkbands": {
        "kurt": [30.0389823914, 197.879867554, 380.726348877, 97.4462890625, 72.2980575562, 53.6524848938, 10.8187046051, 19.7790737152, 302.384277344, 83.1165771484, 25.1239814758, 52.792804718, 24.2827529907, 29.2380142212, 176.428253174, 39.0520858765, 121.51663208, 175.739028931, 448.265655518, 678.633666992, 182.774612427, 106.831703186, 248.783691406, 754.940307617, 471.941558838, 873.851135254, 96.1248168945],
        "max": [1.05350682134e-05, 0.00186861329712, 0.00334196398035, 0.00166559801437, 0.0017176612746, 0.00464943936095, 0.00887575838715, 0.0036163800396, 0.00553156388924, 0.0118728643283, 0.0152182383463, 0.0505304709077, 0.0060308505781, 0.0172812249511, 0.00811538100243, 0.0152017092332, 0.0319280549884, 0.0290455296636, 0.0579059720039, 0.059836179018, 0.00349639379419, 0.000512779748533, 0.000109302032797, 7.13635236025e-05, 2.06706918107e-05, 8.64223807184e-07, 1.18691136919e-08],
        "mean": [5.05484308633e-07, 2.68753119599e-05, 3.54222793248e-05, 3.51622875314e-05, 5.99438026256e-05, 0.000156639158376, 0.00066500774119, 0.000198412133614, 4.25289581472e-05, 0.000321936095133, 0.000638096069451, 0.00146545795724, 0.0002918614191, 0.000812795769889, 9.81252815109e-05, 0.00053425488295, 0.000673209084198, 0.000460641749669, 0.000565388123505, 0.000368420849554, 5.66534108657e-05, 1.04492492028e-05, 1.47275011386e-06, 4.4989116077e-07, 1.9823482944e-07, 5.6055995401e-09, 2.98922692155e-10],
        "median": [1.45096834103e-07, 8.10522942629e-06, 1.13602472993e-05, 9.36954438657e-06, 3.08977541863e-05, 5.46240917174e-05, 0.000166620477103, 4.48680984846e-05, 9.60893339652e-06, 0.000105119979708, 0.000146702164784, 0.000317332014674, 7.4964525993e-05, 0.000227426266065, 2.14566953218e-05, 0.00012597485329, 0.00015269764117, 0.000122324447148, 0.000130529879243, 6.60470104776e-05, 1.40723823279e-05, 2.77715025732e-06, 4.26211613558e-07, 1.33889713538e-07, 6.70138149417e-08, 2.06122585666e-09, 8.15857381653e-11],
        "min": [4.52527775587e-15, 6.22203162473e-14, 7.91956018993e-14, 7.78069422043e-14, 1.14836092024e-13, 1.33425578528e-13, 2.10841354141e-13, 6.05422762162e-14, 1.03894011992e-14, 9.70234634821e-14, 2.40059897958e-13, 2.55436161589e-13, 1.66508164678e-13, 5.50764064889e-14, 5.97334342905e-14, 3.79774709673e-14, 1.21761460506e-13, 3.04973128457e-14, 3.39053532971e-14, 2.22311437244e-14, 7.41621645144e-15, 3.47903430613e-15, 1.17938940576e-15, 9.47884713361e-16, 8.18081625815e-16, 4.85896373846e-16, 5.16531861483e-16],
        "skew": [4.77789020538, 11.8230247498, 17.4427928925, 9.05475139618, 6.33780479431, 6.66281366348, 3.16305136681, 3.95628070831, 15.9701366425, 6.91070318222, 4.36293029785, 5.80227565765, 4.48483610153, 4.57096338272, 11.5999946594, 5.32809638977, 9.53592967987, 11.5734329224, 19.2879009247, 23.5566616058, 10.7965049744, 8.58674240112, 13.5992717743, 25.2315635681, 19.1544361115, 27.1269569397, 8.0126991272],
        "var": [1.14526378832e-12, 7.02513958117e-09, 1.64388556101e-08, 1.31600073061e-08, 9.56074686087e-09, 1.5505068518e-07, 1.61032016877e-06, 1.61830627121e-07, 5.70740681383e-08, 4.41424134578e-07, 1.86941747415e-06, 1.12241768875e-05, 4.24046049829e-07, 2.60202045865e-06, 1.5390114072e-07, 1.45863180023e-06, 3.85073735742e-06, 2.13440671359e-06, 4.87120314574e-06, 3.61479055755e-06, 2.53399488059e-08, 8.94302909504e-10, 2.58253002317e-11, 4.88850106228e-12, 5.32748324622e-13, 6.53884394869e-16, 5.04299811128e-19],
        "cov": [[1.1460423539e-12, 2.36731641234e-11, 1.00597507754e-11, 1.25583632035e-11, 1.89151506957e-11, -2.35984582569e-11, -1.62534055659e-10, -3.891214434e-11, 1.93940679488e-11, -7.76667480329e-11, -1.87889065417e-10, -3.89363319364e-10, -8.07785435764e-11, -2.60923838091e-10, -3.11665866726e-11, -1.40205277943e-10, -1.94719948499e-10, -1.39401351573e-10, -1.58086113644e-10, -1.23502902349e-10, -1.84571941064e-11, -3.52602994545e-12, -4.64062707532e-13, -1.39030619157e-13, -5.18096070874e-14, -1.4604154559e-15, -7.40245783058e-17], [2.36731641234e-11, 7.02991531654e-09, 6.76177736025e-09, 4.34978408848e-09, 2.07711114975e-09, -1.4148294758e-09, -1.0081031121e-08, -2.29844032695e-09, 2.08570771765e-10, -4.3952450568e-09, -1.00642658651e-08, -2.34547989919e-08, -1.99229144293e-09, -1.37154643198e-08, -1.58148161233e-09, -8.91712037543e-09, -1.15533635991e-08, -7.87683340775e-09, -9.42433686646e-09, -6.57477627897e-09, -1.03093711346e-09, -1.93828342265e-10, -2.56035592033e-11, -7.40529859655e-12, -2.84685968376e-12, -8.06264641639e-14, -3.82072125606e-15], [1.00597507754e-11, 6.76177736025e-09, 1.6450030671e-08, 8.65933635907e-09, 3.3582514547e-09, -1.19516163632e-09, -1.1066765282e-08, -2.68249888968e-09, 2.24696206086e-10, -4.36460423359e-09, -9.2451957201e-09, -2.64724118182e-08, -2.12643613828e-09, -1.3523492548e-08, -1.4871069931e-09, -9.69661595462e-09, -1.27744055334e-08, -8.36975377894e-09, -8.48113845819e-09, -6.50702913774e-09, -9.05738262169e-10, -1.90976762182e-10, -2.57620869082e-11, -7.08261184076e-12, -2.26619482728e-12, -7.65102770636e-14, -4.27132626686e-15], [1.25583632035e-11, 4.34978408848e-09, 8.65933635907e-09, 1.31689539273e-08, 6.49952669463e-09, -3.22009502396e-10, -1.42370089051e-08, -3.31564753431e-09, 2.39834235805e-10, -5.60333734967e-09, -1.10830224997e-08, -2.60753250103e-08, -1.41739597836e-09, -1.26452839311e-08, -1.79569126235e-09, -9.86991022245e-09, -1.16476641665e-08, -7.7576078894e-09, -6.76330547122e-09, -3.38668293409e-09, -9.8384189684e-10, -2.15741841059e-10, -2.5902792064e-11, -5.77170212665e-12, -2.63525204262e-12, -6.54566122984e-14, -2.49899156341e-15], [1.89151506957e-11, 2.07711114975e-09, 3.3582514547e-09, 6.49952669463e-09, 9.56724655055e-09, -1.81426607071e-09, -1.78775625415e-08, -3.21920001767e-09, 7.86708642675e-10, -7.98574539829e-09, -1.68574540993e-08, -4.18670715874e-08, -6.62041665933e-09, -2.23376233066e-08, -2.69857158841e-09, -1.23285985865e-08, -1.72301231061e-08, -1.1004500422e-08, -9.86733716957e-09, -6.74058320271e-09, -1.46686296443e-09, -2.99377300728e-10, -3.59406532313e-11, -6.6449948842e-12, -2.71048526505e-12, -7.17598926787e-14, -5.43259573205e-15], [-2.35984582569e-11, -1.4148294758e-09, -1.19516163632e-09, -3.22009502396e-10, -1.81426607071e-09, 1.55156087089e-07, 3.58721393923e-07, 2.07958468224e-08, -1.15782605725e-09, 1.36649674687e-07, 9.22273954984e-08, 2.69126303465e-07, 8.78742412169e-08, 1.32466269065e-07, 4.76520760628e-08, 2.78575349455e-08, 2.254771303e-08, 2.41658248967e-08, 3.81793405779e-08, 2.19147100466e-08, 1.03199795376e-08, 2.08192796336e-09, 2.83680967605e-10, 4.78080387778e-11, 1.47216804719e-11, 4.07004996112e-13, 3.56223907251e-14], [-1.62534055659e-10, -1.0081031121e-08, -1.1066765282e-08, -1.42370089051e-08, -1.78775625415e-08, 3.58721393923e-07, 1.61141485933e-06, 3.10025484396e-07, -1.20164731499e-08, 3.76406973146e-07, 5.53512734314e-07, 8.06628861483e-07, 2.07341656733e-07, 8.30419878639e-07, 1.89123483096e-07, 5.1355954156e-07, 5.73374961732e-07, 4.39033925659e-07, 4.6331368253e-07, 3.3365668628e-07, 5.87868278501e-08, 1.39041018699e-08, 2.04575889562e-09, 4.62455823635e-10, 1.63098756722e-10, 4.80675265216e-12, 2.29792151019e-13], [-3.891214434e-11, -2.29844032695e-09, -2.68249888968e-09, -3.31564753431e-09, -3.21920001767e-09, 2.07958468224e-08, 3.10025484396e-07, 1.61940647558e-07, 2.14189110892e-09, 4.05288638206e-08, 1.48425684188e-07, 2.53230130198e-08, 1.3279350064e-08, 1.76764643811e-07, 2.35189858699e-08, 2.12260331978e-07, 1.98135666096e-07, 1.63075483783e-07, 2.10602109973e-07, 1.48072786033e-07, 1.62517732605e-08, 3.67360253328e-09, 6.00575700282e-10, 1.77459491546e-10, 6.63896368436e-11, 1.98294158871e-12, 6.39967137443e-14], [1.93940679488e-11, 2.08570771765e-10, 2.24696206086e-10, 2.39834235805e-10, 7.86708642675e-10, -1.15782605725e-09, -1.20164731499e-08, 2.14189110892e-09, 5.71128708771e-08, -2.231963947e-09, -1.08616200478e-08, -1.32231345873e-08, -4.54383153325e-09, -1.6807124581e-08, -1.87422610765e-09, -1.13917568711e-08, -1.6930504998e-08, -5.47870593337e-09, -7.23494153476e-10, -1.37442947648e-11, -7.35480565339e-10, -1.69864428079e-10, -1.06104439471e-11, 3.86377258313e-12, 8.02855232383e-13, 8.8590498327e-14, -3.89163781902e-15], [-7.76667480329e-11, -4.3952450568e-09, -4.36460423359e-09, -5.60333734967e-09, -7.98574539829e-09, 1.36649674687e-07, 3.76406973146e-07, 4.05288638206e-08, -2.231963947e-09, 4.41724210987e-07, 3.21452120033e-07, 8.84129804035e-07, 1.83840541013e-07, 3.64534685104e-07, 7.17595867172e-08, 1.95320836838e-07, 2.29802623153e-07, 2.80629592453e-07, 3.53820126975e-07, 2.95364571912e-07, 3.57696059439e-08, 6.39931396762e-09, 1.03855279932e-09, 4.55178089664e-10, 1.41328310166e-10, 4.9566618171e-12, 1.28136203362e-13], [-1.87889065417e-10, -1.00642658651e-08, -9.2451957201e-09, -1.10830224997e-08, -1.68574540993e-08, 9.22273954984e-08, 5.53512734314e-07, 1.48425684188e-07, -1.08616200478e-08, 3.21452120033e-07, 1.87068837931e-06, 6.0295616322e-07, 2.93447641297e-07, 1.25775318338e-06, 2.05615251048e-07, 6.08160974025e-07, 5.90158094838e-07, 7.91216280049e-07, 1.0875105545e-06, 8.64896833264e-07, 1.11961810489e-07, 1.76123773343e-08, 2.89082091598e-09, 1.2344769651e-09, 4.0219805264e-10, 1.38472011635e-11, 3.77951847336e-13], [-3.89363319364e-10, -2.34547989919e-08, -2.64724118182e-08, -2.60753250103e-08, -4.18670715874e-08, 2.69126303465e-07, 8.06628861483e-07, 2.53230130198e-08, -1.32231345873e-08, 8.84129804035e-07, 6.0295616322e-07, 1.1231807548e-05, 1.0566839137e-06, 6.13813142536e-07, 5.34852482303e-08, 4.19015492525e-07, 4.75216808127e-07, 3.91824528378e-07, 4.43824063723e-07, 4.64808636025e-07, 5.06963857561e-08, 9.13760445087e-09, 1.28538768518e-09, 5.09755959666e-10, 1.89759194469e-10, 5.73730646325e-12, 5.2970795068e-13], [-8.07785435764e-11, -1.99229144293e-09, -2.12643613828e-09, -1.41739597836e-09, -6.62041665933e-09, 8.78742412169e-08, 2.07341656733e-07, 1.3279350064e-08, -4.54383153325e-09, 1.83840541013e-07, 2.93447641297e-07, 1.0566839137e-06, 4.24334331228e-07, 3.94418009364e-07, 4.87399134386e-08, 1.24291943848e-07, 1.06539232547e-07, 1.38474320011e-07, 2.21414580892e-07, 2.01578885139e-07, 2.70530744473e-08, 4.35979341518e-09, 6.4658800536e-10, 1.78755746316e-10, 7.46739822755e-11, 2.06546346866e-12, 1.05053898252e-13], [-2.60923838091e-10, -1.37154643198e-08, -1.3523492548e-08, -1.26452839311e-08, -2.23376233066e-08, 1.32466269065e-07, 8.30419878639e-07, 1.76764643811e-07, -1.6807124581e-08, 3.64534685104e-07, 1.25775318338e-06, 6.13813142536e-07, 3.94418009364e-07, 2.60378942585e-06, 2.8593603929e-07, 9.75129296421e-07, 1.10090661565e-06, 1.21960840715e-06, 1.71016313288e-06, 1.38044026698e-06, 1.67315889144e-07, 3.17666568606e-08, 5.11411668569e-09, 1.69501512826e-09, 5.91470095124e-10, 1.86837177674e-11, 4.82600233647e-13], [-3.11665866726e-11, -1.58148161233e-09, -1.4871069931e-09, -1.79569126235e-09, -2.69857158841e-09, 4.76520760628e-08, 1.89123483096e-07, 2.35189858699e-08, -1.87422610765e-09, 7.17595867172e-08, 2.05615251048e-07, 5.34852482303e-08, 4.87399134386e-08, 2.8593603929e-07, 1.54005761033e-07, 1.07766240376e-07, 4.49874519859e-08, 9.84410561955e-08, 1.72663604303e-07, 8.16933223291e-08, 3.4331439025e-08, 6.94481938623e-09, 1.09699338502e-09, 1.80022566298e-10, 6.1209051716e-11, 1.96349056805e-12, 3.98964986482e-14], [-1.40205277943e-10, -8.91712037543e-09, -9.69661595462e-09, -9.86991022245e-09, -1.23285985865e-08, 2.78575349455e-08, 5.1355954156e-07, 2.12260331978e-07, -1.13917568711e-08, 1.95320836838e-07, 6.08160974025e-07, 4.19015492525e-07, 1.24291943848e-07, 9.75129296421e-07, 1.07766240376e-07, 1.45962337683e-06, 1.61151888278e-06, 1.11178178486e-06, 9.44533383063e-07, 8.58699536366e-07, 8.4647602705e-08, 2.05350296767e-08, 2.96330449068e-09, 1.03242392413e-09, 3.70640740321e-10, 1.2228367624e-11, 3.36571157229e-13], [-1.94719948499e-10, -1.15533635991e-08, -1.27744055334e-08, -1.16476641665e-08, -1.72301231061e-08, 2.254771303e-08, 5.73374961732e-07, 1.98135666096e-07, -1.6930504998e-08, 2.29802623153e-07, 5.90158094838e-07, 4.75216808127e-07, 1.06539232547e-07, 1.10090661565e-06, 4.49874519859e-08, 1.61151888278e-06, 3.85335488318e-06, 1.76136916252e-06, 9.18985961107e-07, 7.05782269961e-07, 7.42658343711e-08, 2.34515855624e-08, 2.89646395757e-09, 8.86110629317e-10, 3.78776787713e-10, 1.02427033868e-11, 5.37649406333e-13], [-1.39401351573e-10, -7.87683340775e-09, -8.36975377894e-09, -7.7576078894e-09, -1.1004500422e-08, 2.41658248967e-08, 4.39033925659e-07, 1.63075483783e-07, -5.47870593337e-09, 2.80629592453e-07, 7.91216280049e-07, 3.91824528378e-07, 1.38474320011e-07, 1.21960840715e-06, 9.84410561955e-08, 1.11178178486e-06, 1.76136916252e-06, 2.13585781239e-06, 2.46404965765e-06, 2.04429761652e-06, 1.36308585752e-07, 2.6303148104e-08, 4.74780437187e-09, 2.46449749497e-09, 8.18655032653e-10, 2.82717460554e-11, 6.50666640793e-13], [-1.58086113644e-10, -9.42433686646e-09, -8.48113845819e-09, -6.76330547122e-09, -9.86733716957e-09, 3.81793405779e-08, 4.6331368253e-07, 2.10602109973e-07, -7.23494153476e-10, 3.53820126975e-07, 1.0875105545e-06, 4.43824063723e-07, 2.21414580892e-07, 1.71016313288e-06, 1.72663604303e-07, 9.44533383063e-07, 9.18985961107e-07, 2.46404965765e-06, 4.87451461595e-06, 3.73200191461e-06, 2.41712228899e-07, 3.95148198606e-08, 8.10095190928e-09, 4.36596137021e-09, 1.46102452359e-09, 4.87691449724e-11, 7.58068792201e-13], [-1.23502902349e-10, -6.57477627897e-09, -6.50702913774e-09, -3.38668293409e-09, -6.74058320271e-09, 2.19147100466e-08, 3.3365668628e-07, 1.48072786033e-07, -1.37442947648e-11, 2.95364571912e-07, 8.64896833264e-07, 4.64808636025e-07, 2.01578885139e-07, 1.38044026698e-06, 8.16933223291e-08, 8.58699536366e-07, 7.05782269961e-07, 2.04429761652e-06, 3.73200191461e-06, 3.61724801223e-06, 2.09872368373e-07, 3.44615855852e-08, 6.77059697196e-09, 3.84567799827e-09, 1.29962463014e-09, 4.54088294743e-11, 6.65631937589e-13], [-1.84571941064e-11, -1.03093711346e-09, -9.05738262169e-10, -9.8384189684e-10, -1.46686296443e-09, 1.03199795376e-08, 5.87868278501e-08, 1.62517732605e-08, -7.35480565339e-10, 3.57696059439e-08, 1.11961810489e-07, 5.06963857561e-08, 2.70530744473e-08, 1.67315889144e-07, 3.4331439025e-08, 8.4647602705e-08, 7.42658343711e-08, 1.36308585752e-07, 2.41712228899e-07, 2.09872368373e-07, 2.53571741382e-08, 3.9917922301e-09, 6.76647460285e-10, 2.62766058912e-10, 8.86095780084e-11, 3.01171999666e-12, 5.14603076406e-14], [-3.52602994545e-12, -1.93828342265e-10, -1.90976762182e-10, -2.15741841059e-10, -2.99377300728e-10, 2.08192796336e-09, 1.39041018699e-08, 3.67360253328e-09, -1.69864428079e-10, 6.39931396762e-09, 1.76123773343e-08, 9.13760445087e-09, 4.35979341518e-09, 3.17666568606e-08, 6.94481938623e-09, 2.05350296767e-08, 2.34515855624e-08, 2.6303148104e-08, 3.95148198606e-08, 3.44615855852e-08, 3.9917922301e-09, 8.94910867633e-10, 1.32521438267e-10, 4.20060305983e-11, 1.54464028373e-11, 4.83843596698e-13, 9.51804824192e-15], [-4.64062707532e-13, -2.56035592033e-11, -2.57620869082e-11, -2.5902792064e-11, -3.59406532313e-11, 2.83680967605e-10, 2.04575889562e-09, 6.00575700282e-10, -1.06104439471e-11, 1.03855279932e-09, 2.89082091598e-09, 1.28538768518e-09, 6.4658800536e-10, 5.11411668569e-09, 1.09699338502e-09, 2.96330449068e-09, 2.89646395757e-09, 4.74780437187e-09, 8.10095190928e-09, 6.77059697196e-09, 6.76647460285e-10, 1.32521438267e-10, 2.5842857368e-11, 8.19564208165e-12, 2.91415351052e-12, 9.2892551561e-14, 1.63009764869e-15], [-1.39030619157e-13, -7.40529859655e-12, -7.08261184076e-12, -5.77170212665e-12, -6.6449948842e-12, 4.78080387778e-11, 4.62455823635e-10, 1.77459491546e-10, 3.86377258313e-12, 4.55178089664e-10, 1.2344769651e-09, 5.09755959666e-10, 1.78755746316e-10, 1.69501512826e-09, 1.80022566298e-10, 1.03242392413e-09, 8.86110629317e-10, 2.46449749497e-09, 4.36596137021e-09, 3.84567799827e-09, 2.62766058912e-10, 4.20060305983e-11, 8.19564208165e-12, 4.89182435878e-12, 1.47237788368e-12, 5.54385130738e-14, 8.16602335712e-16], [-5.18096070874e-14, -2.84685968376e-12, -2.26619482728e-12, -2.63525204262e-12, -2.71048526505e-12, 1.47216804719e-11, 1.63098756722e-10, 6.63896368436e-11, 8.02855232383e-13, 1.41328310166e-10, 4.0219805264e-10, 1.89759194469e-10, 7.46739822755e-11, 5.91470095124e-10, 6.1209051716e-11, 3.70640740321e-10, 3.78776787713e-10, 8.18655032653e-10, 1.46102452359e-09, 1.29962463014e-09, 8.86095780084e-11, 1.54464028373e-11, 2.91415351052e-12, 1.47237788368e-12, 5.33110502358e-13, 1.715725374e-14, 2.59466335246e-16], [-1.4604154559e-15, -8.06264641639e-14, -7.65102770636e-14, -6.54566122984e-14, -7.17598926787e-14, 4.07004996112e-13, 4.80675265216e-12, 1.98294158871e-12, 8.8590498327e-14, 4.9566618171e-12, 1.38472011635e-11, 5.73730646325e-12, 2.06546346866e-12, 1.86837177674e-11, 1.96349056805e-12, 1.2228367624e-11, 1.02427033868e-11, 2.82717460554e-11, 4.87691449724e-11, 4.54088294743e-11, 3.01171999666e-12, 4.83843596698e-13, 9.2892551561e-14, 5.54385130738e-14, 1.715725374e-14, 6.54328928347e-16, 9.54772560295e-18], [-7.40245783058e-17, -3.82072125606e-15, -4.27132626686e-15, -2.49899156341e-15, -5.43259573205e-15, 3.56223907251e-14, 2.29792151019e-13, 6.39967137443e-14, -3.89163781902e-15, 1.28136203362e-13, 3.77951847336e-13, 5.2970795068e-13, 1.05053898252e-13, 4.82600233647e-13, 3.98964986482e-14, 3.36571157229e-13, 5.37649406333e-13, 6.50666640793e-13, 7.58068792201e-13, 6.65631937589e-13, 5.14603076406e-14, 9.51804824192e-15, 1.63009764869e-15, 8.16602335712e-16, 2.59466335246e-16, 9.54772560295e-18, 5.04642625794e-19]]
    },
    "mfcc": {
        "kurt": [3.47479200363, 0.538796663284, -0.438932418823, 0.638025522232, 0.245105743408, 0.13726234436, -0.0968692302704, 1.22726726532, -0.0772399902344, -0.0653064250946, 0.0695850849152, -0.14319229126, -0.136478424072],
        "max": [-528.829956055, 201.260559082, 4.84817504883, 73.4936523438, 19.4776306152, 30.6097602844, 47.585609436, 20.8055152893, 14.9375419617, 21.9441165924, 25.9150352478, 32.1030158997, 37.0886001587],
        "mean": [-751.143737793, 131.835540771, -92.469619751, 28.6203746796, -19.0147705078, -4.15924692154, 11.2035121918, -9.29869365692, -14.3556623459, -9.11913299561, 0.425066024065, 3.7634704113, 8.03296375275],
        "median": [-750.215576172, 136.524353027, -93.9956359863, 29.8402500153, -18.4694194794, -4.16373252869, 11.4176673889, -8.93984413147, -14.1045007706, -8.55212402344, 0.204570770264, 3.32795524597, 7.40501785278],
        "min": [-1138.42004395, 1.14440917969e-05, -157.56262207, -32.7994155884, -62.3578071594, -38.2738113403, -28.7908420563, -50.8987083435, -42.6698913574, -38.2627105713, -25.0774040222, -23.5651779175, -24.2118301392],
        "skew": [-0.926628708839, -0.686591744423, 0.301110267639, -0.539572536945, -0.196562379599, -0.0233312807977, -0.19026979804, -0.400200992823, -0.0665163323283, -0.136149406433, 0.154503598809, 0.0949453487992, 0.217612475157],
        "var": [4015.65478516, 721.733337402, 865.195983887, 235.784332275, 187.101242065, 118.052497864, 158.223968506, 84.8761901855, 84.9994659424, 83.1842575073, 60.2176361084, 82.2281188965, 89.5873794556],
        "cov": [[4018.38476562, -512.031799316, -1450.02246094, -31.8414211273, -502.499572754, -121.863090515, -238.443603516, -123.452224731, -199.206390381, -57.2751617432, 68.1306533813, 208.52696228, 257.311553955], [-512.031799316, 722.223999023, 405.489501953, 97.0415649414, 124.660438538, 24.4694519043, 39.9810066223, 39.0796775818, 58.8818397522, 23.3529853821, 3.39483428001, -66.2929840088, -75.8876876831], [-1450.02246094, 405.489501953, 865.784179688, 128.36630249, 204.117752075, 59.7815437317, 90.8354721069, 66.9534378052, 133.593200684, 63.3929824829, -17.0176811218, -127.334197998, -154.721435547], [-31.8414211273, 97.0415649414, 128.36630249, 235.944610596, 97.4866943359, 22.3515777588, 56.7205123901, 33.5746955872, 29.6331710815, 39.6006660461, -8.25489616394, -46.9774513245, -42.4924049377], [-502.499572754, 124.660438538, 204.117752075, 97.4866943359, 187.228439331, 49.0818443298, 52.6212387085, 39.497127533, 33.6030273438, 12.4467782974, -15.4352045059, -39.5223350525, -44.2828636169], [-121.863090515, 24.4694519043, 59.7815437317, 22.3515777588, 49.0818443298, 118.132751465, 67.0487060547, 13.9859628677, 8.72111034393, -6.22591400146, -9.65790748596, -7.73249483109, -20.45520401], [-238.443603516, 39.9810066223, 90.8354721069, 56.7205123901, 52.6212387085, 67.0487060547, 158.33152771, 50.256855011, 10.6433591843, 3.8939371109, -27.1358337402, -21.2395019531, -33.2479705811], [-123.452224731, 39.0796775818, 66.9534378052, 33.5746955872, 39.497127533, 13.9859628677, 50.256855011, 84.9338912964, 36.2855033875, 1.68618416786, -10.9141778946, -16.4606533051, -23.605556488], [-199.206390381, 58.8818397522, 133.593200684, 29.6331710815, 33.6030273438, 8.72111034393, 10.6433591843, 36.2855033875, 85.0572509766, 30.4664955139, -4.13627243042, -27.5884552002, -37.2095527649], [-57.2751617432, 23.3529853821, 63.3929824829, 39.6006660461, 12.4467782974, -6.22591400146, 3.8939371109, 1.68618416786, 30.4664955139, 83.2408065796, 17.4472980499, -23.5241165161, -15.9211292267], [68.1306533813, 3.39483428001, -17.0176811218, -8.25489616394, -15.4352045059, -9.65790748596, -27.1358337402, -10.9141778946, -4.13627243042, 17.4472980499, 60.2585716248, 23.6119689941, 10.7335548401], [208.52696228, -66.2929840088, -127.334197998, -46.9774513245, -39.5223350525, -7.73249483109, -21.2395019531, -16.4606533051, -27.5884552002, -23.5241165161, 23.6119689941, 82.2840194702, 51.8590736389], [257.311553955, -75.8876876831, -154.721435547, -42.4924049377, -44.2828636169, -20.45520401, -33.2479705811, -23.605556488, -37.2095527649, -15.9211292267, 10.7335548401, 51.8590736389, 89.6482849121]]
    },
    "sccoeffs": {
        "kurt": [0.896309375763, -0.101453065872, -0.680433750153, -0.998460292816, -0.853292226791, 0.608759641647],
        "max": [-0.539521336555, -0.287274390459, -0.406786948442, -0.402666717768, -0.486337691545, -0.638362586498],
        "mean": [-0.763291478157, -0.695031762123, -0.715286672115, -0.660096347332, -0.736669063568, -0.76509141922],
        "median": [-0.767897605896, -0.725408792496, -0.733743906021, -0.668415427208, -0.745784461498, -0.76726603508],
        "min": [-0.953948140144, -0.930677771568, -0.94365555048, -0.938658952713, -0.928347587585, -0.931416094303],
        "skew": [0.615332007408, 0.783323943615, 0.464993566275, 0.140851870179, 0.279376387596, 0.403888940811],
        "var": [0.00283773313276, 0.0157877095044, 0.0113602802157, 0.0131080606952, 0.00600488483906, 0.00115282472689],
        "cov": [[0.00283966213465, -0.000537583022378, -0.000723740842659, -0.000686229264829, -0.00044523293036, -2.61109580606e-05], [-0.000537583022378, 0.0157984420657, 0.00989722646773, 0.0101567013189, 0.00619230326265, 0.00238615158014], [-0.000723740842659, 0.00989722646773, 0.0113680027425, 0.0100122261792, 0.00635001109913, 0.00230597518384], [-0.000686229264829, 0.0101567013189, 0.0100122261792, 0.0131169715896, 0.00723481690511, 0.00243707885966], [-0.00044523293036, 0.00619230326265, 0.00635001109913, 0.00723481690511, 0.0060089668259, 0.00178213848267], [-2.61109580606e-05, 0.00238615158014, 0.00230597518384, 0.00243707885966, 0.00178213848267, 0.00115360843483]]
    },
    "scvalleys": {
        "kurt": [13.7968711853, 26.9673671722, 34.5842399597, 56.3408050537, 43.5137634277, 34.5902442932],
        "max": [-5.62426137924, -5.32966899872, -5.36742353439, -5.17326879501, -5.34848833084, -7.84665727615],
        "mean": [-7.43252182007, -7.13670063019, -7.24025011063, -7.5450797081, -7.80621385574, -10.8249025345],
        "median": [-7.34930276871, -7.06340169907, -7.18219852448, -7.47464895248, -7.76920986176, -10.8241500854],
        "min": [-16.1969947815, -16.5426082611, -16.4391784668, -16.9291210175, -17.945848465, -20.0473613739],
        "skew": [-1.71230757236, -2.50597786903, -2.92716312408, -4.1029958725, -3.46526646614, -2.90581393242],
        "var": [0.559035181999, 0.459522485733, 0.388866007328, 0.316681623459, 0.424989938736, 0.413401991129],
        "cov": [[0.559415221214, 0.345424592495, 0.278728187084, 0.207771554589, 0.137278437614, 0.0699878036976], [0.345424592495, 0.459834873676, 0.329684823751, 0.27130267024, 0.237893998623, 0.172139495611], [0.278728187084, 0.329684823751, 0.389130353928, 0.279112607241, 0.268570274115, 0.208950683475], [0.207771554589, 0.27130267024, 0.279112607241, 0.316896885633, 0.31367534399, 0.265304625034], [0.137278437614, 0.237893998623, 0.268570274115, 0.31367534399, 0.425278872252, 0.376550763845], [0.0699878036976, 0.172139495611, 0.208950683475, 0.265304625034, 0.376550763845, 0.413682997227]]
    }
},
"rhythm": {
    "beats_loudness": {
        "kurt": 9.4074306488,
        "max": 0.0805475637317,
        "mean": 0.011934639886,
        "median": 0.00672333361581,
        "min": 7.52472042223e-05,
        "skew": 2.78104686737,
        "var": 0.0002109339257
    },
    "bpm": 97.8604431152,
    "confidence": 0.51709830761,
    "first_peak_bpm": {
        "kurt": 0,
        "max": 98,
        "mean": 98,
        "median": 98,
        "min": 98,
        "skew": 0,
        "var": 0
    },
    "first_peak_spread": {
        "kurt": 0,
        "max": 0.294117629528,
        "mean": 0.294117629528,
        "median": 0.294117629528,
        "min": 0.294117629528,
        "skew": 0,
        "var": 0
    },
    "first_peak_weight": {
        "kurt": 0,
        "max": 0.1875,
        "mean": 0.1875,
        "median": 0.1875,
        "min": 0.1875,
        "skew": 0,
        "var": 0
    },
    "onset_rate": 2.25547575951,
    "second_peak_bpm": {
        "kurt": 0,
        "max": 120,
        "mean": 120,
        "median": 120,
        "min": 120,
        "skew": 0,
        "var": 0
    },
    "second_peak_spread": {
        "kurt": 0,
        "max": 0.416666686535,
        "mean": 0.416666686535,
        "median": 0.416666686535,
        "min": 0.416666686535,
        "skew": 0,
        "var": 0
    },
    "second_peak_weight": {
        "kurt": 0,
        "max": 0.109375,
        "mean": 0.109375,
        "median": 0.109375,
        "min": 0.109375,
        "skew": 0,
        "var": 0
    },
    "beats_loudness_band_ratio": {
        "kurt": [4.02720832825, 1.49648427963, 0.984908819199, -0.754923820496, 2.46074962616, 3.1213722229],
        "max": [0.632616579533, 0.302755534649, 0.516996264458, 0.888695061207, 0.796417117119, 0.560744643211],
        "mean": [0.0804098397493, 0.0662907660007, 0.154162377119, 0.415854156017, 0.212371006608, 0.121435306966],
        "median": [0.00735209835693, 0.046503867954, 0.13011020422, 0.38283008337, 0.182311296463, 0.0991670712829],
        "min": [5.91828247707e-05, 0.000752965046559, 0.00560461217538, 0.071471311152, 0.0229973662645, 0.00586906448007],
        "skew": [2.25891542435, 1.43234777451, 1.25631308556, 0.36613830924, 1.43308675289, 1.51760828495],
        "var": [0.0233748145401, 0.00468101492152, 0.0155549449846, 0.0450620278716, 0.0224979314953, 0.0110690500587],
        "cov": [[0.0237400457263, 0.00443556020036, -0.000176471599843, -0.012858656235, -0.00913741160184, -0.00507118180394], [0.00443556020036, 0.00475415587425, 0.00422956468537, -0.00387462507933, -0.00393576780334, -0.00293450499885], [-0.000176471599843, 0.00422956468537, 0.0157979913056, -0.00566212274134, -0.00489673297852, -0.00470058713108], [-0.012858656235, -0.00387462507933, -0.00566212274134, 0.0457661226392, -0.0148759987205, -0.00787492655218], [-0.00913741160184, -0.00393576780334, -0.00489673297852, -0.0148759987205, 0.0228494610637, 0.00677237519994], [-0.00507118180394, -0.00293450499885, -0.00470058713108, -0.00787492655218, 0.00677237519994, 0.0112420041114]]
    },
    "beats_position": [0.394739210606, 0.812698423862, 1.20743763447, 1.60217678547, 2.00852608681, 2.41487526894, 2.83283448219, 3.27401351929, 3.7151927948, 4.14476203918, 4.69043064117, 5.23609972, 5.79337835312, 6.33904743195, 6.88471651077, 7.4303855896, 7.92961454391, 8.42884349823, 8.91646194458, 9.41569137573, 9.93814086914, 10.4373693466, 10.9365987778, 11.4242172241, 11.9118366241, 12.3994560242, 12.933514595, 13.4559631348, 13.9784126282, 14.4776411057, 14.9768705368, 15.5109291077, 16.0217685699, 16.6254863739, 17.2292060852, 17.786485672, 18.3205432892, 18.8546028137, 19.3306121826, 19.7950115204, 20.2594108582, 20.7121982574, 21.1882076263, 21.6293869019, 22.0821762085, 22.523355484, 22.9645347595, 23.405714035, 24.0210418701, 24.6363716125, 25.2284793854, 25.8786392212, 26.5055770874, 27.1092967987, 27.7362346649, 28.3631744385, 28.9901123047, 29.6054420471, 30.2207698822, 30.8360996246, 31.4398174286, 32.0435371399, 32.6124267578, 33.2277526855, 33.843082428],
    "bpm_estimates": [99.3841781616, 99.3838653564, 97.5089950562, 97.5086975098, 101.332901001, 95.7032623291, 99.3838653564, 95.7032623291, 95.7029724121, 95.7032623291, 97.5086975098, 97.5089950562, 97.5086975098, 99.3841781616, 99.3838653564, 97.5093002319, 97.5086975098],
    "bpm_intervals": [0.417959213257, 0.394739210606, 0.394739151001, 0.406349301338, 0.406349182129, 0.417959213257, 0.441179037094, 0.441179275513, 0.429569244385, 0.54566860199, 0.545669078827, 0.557278633118, 0.545669078827, 0.545669078827, 0.545669078827, 0.499228954315, 0.499228954315, 0.48761844635, 0.499229431152, 0.522449493408, 0.499228477478, 0.499229431152, 0.48761844635, 0.487619400024, 0.487619400024, 0.534058570862, 0.522448539734, 0.522449493408, 0.499228477478, 0.499229431152, 0.534058570862, 0.51083946228, 0.603717803955, 0.603719711304, 0.557279586792, 0.534057617188, 0.534059524536, 0.476009368896, 0.464399337769, 0.464399337769, 0.452787399292, 0.476009368896, 0.441179275513, 0.452789306641, 0.441179275513, 0.441179275513, 0.441179275513, 0.615327835083, 0.615329742432, 0.592107772827, 0.650159835815, 0.626937866211, 0.603719711304, 0.626937866211, 0.62693977356, 0.626937866211, 0.615329742432, 0.615327835083, 0.615329742432, 0.603717803955, 0.603719711304, 0.56888961792, 0.615325927734, 0.615329742432],
    "onset_times": [0.0464399084449, 0.290249437094, 1.34675741196, 1.88081634045, 2.77478456497, 3.01859402657, 3.56426310539, 3.88934230804, 4.82975053787, 6.90793657303, 8.28952407837, 8.82358264923, 9.57823085785, 9.77560043335, 9.92653083801, 10.1122903824, 10.2864398956, 10.6811790466, 10.9249887466, 11.2848978043, 11.5403175354, 11.7957372665, 12.294965744, 12.4575052261, 12.538775444, 13.2585945129, 13.5256233215, 13.6997728348, 13.9087524414, 14.2106122971, 14.7098417282, 14.9420404434, 15.4993200302, 16.1726989746, 16.3468475342, 16.3932876587, 16.6254882812, 16.8692970276, 17.0782775879, 17.4033565521, 17.5542850494, 18.2508850098, 18.6572341919, 18.7268924713, 18.8546028137, 19.0519733429, 19.3190021515, 19.5163726807, 19.7717914581, 19.9111118317, 20.2942409515, 20.5032196045, 20.7238101959, 20.7934684753, 21.0024490356, 21.1998176575, 22.0705661774, 22.3375968933, 22.9413146973, 23.3592739105, 24.0442638397, 24.2184123993, 24.5202713013, 24.7408618927, 24.8685722351, 25.2284812927, 25.4258499146, 25.8902492523, 26.2037181854, 26.4126987457, 26.6565074921, 27.1209068298, 28.0497055054, 28.5605449677, 29.593832016, 30.1046714783, 33.6805458069],
    "histogram": [[0, 0, 0, 0, 0, 0, 0, 0, 0, 0, 0, 0, 0, 0, 0, 0, 0, 0, 0, 0, 0, 0, 0, 0, 0, 0, 0, 0, 0, 0, 0, 0, 0, 0, 0, 0, 0, 0, 0, 0, 0, 0, 0, 0, 0, 0, 0, 0, 0, 0, 0, 0, 0, 0, 0, 0, 0, 0, 0, 0, 0, 0, 0, 0, 0, 0, 0, 0, 0, 0, 0, 0, 0, 0, 0, 0, 0, 0, 0, 0, 0, 0, 0, 0, 0, 0, 0, 0, 0, 0, 0, 0, 0.015625, 0, 0, 0, 0.0625, 0, 0.109375, 0.078125, 0, 0.015625, 0, 0, 0, 0.015625, 0, 0, 0.03125, 0, 0.078125, 0, 0.0625, 0, 0, 0.046875, 0, 0.015625, 0, 0, 0.109375, 0, 0, 0.0625, 0, 0, 0.03125, 0, 0, 0.03125, 0, 0, 0, 0.03125, 0, 0, 0.09375, 0, 0, 0, 0.015625, 0, 0, 0, 0.03125, 0, 0, 0, 0.03125, 0, 0, 0, 0.03125, 0, 0, 0, 0, 0, 0, 0, 0, 0, 0, 0, 0, 0, 0, 0, 0, 0, 0, 0, 0, 0, 0, 0, 0, 0, 0, 0, 0, 0, 0, 0, 0, 0, 0, 0, 0, 0, 0, 0, 0, 0, 0, 0, 0, 0, 0, 0, 0, 0, 0, 0, 0, 0, 0, 0, 0, 0, 0, 0, 0, 0, 0, 0, 0, 0, 0, 0, 0, 0, 0, 0, 0, 0, 0, 0, 0, 0, 0, 0, 0, 0, 0, 0, 0, 0, 0, 0, 0, 0, 0, 0, 0, 0, 0, 0, 0, 0]]
},
"sfx": {
    "inharmonicity": {
        "kurt": -1.00439953804,
        "max": 0.436942666769,
        "mean": 0.128581151366,
        "median": 0.0876933634281,
        "min": 0,
        "skew": 0.589562952518,
        "var": 0.0124467751011
    },
    "oddtoevenharmonicenergyratio": {
        "kurt": 54.4692306519,
        "max": 41.5118942261,
        "mean": 1.81017947197,
        "median": 0.823519229889,
        "min": 0,
        "skew": 5.95910692215,
