{
"metadata": {
    "version": {
        "essentia": "2.1-beta3"
    }
},
"lowLevel": {
    "average_loudness": 0.00155165034812,
    "barkbands_kurtosis": {
        "kurt": 80.9808959961,
        "max": 64.17943573,
        "mean": 2.1254529953,
        "median": 1.47992873192,
        "min": -1.81735217571,
        "skew": 6.78037691116,
        "var": 10.0062217712
    },
    "barkbands_skewness": {
        "kurt": 10.1610527039,
        "max": 6.62209224701,
        "mean": 1.31356263161,
        "median": 1.24920964241,
        "min": -2.22483468056,
        "skew": 0.649016797543,
        "var": 0.364674061537
    },
    "barkbands_spread": {
        "kurt": 5.23299217224,
        "max": 51.2923583984,
        "mean": 14.4609804153,
        "median": 14.09856987,
        "min": 1.07548379898,
        "skew": 1.16516041756,
        "var": 23.6766109467
    },
    "dissonance": {
        "kurt": 2.69561243057,
        "max": 0.500000238419,
        "mean": 0.468517720699,
        "median": 0.47248840332,
        "min": 0.320473790169,
        "skew": -1.30381476879,
        "var": 0.000445660145488
    },
    "hfc": {
        "kurt": 62.7320022583,
        "max": 5.49929141998,
        "mean": 0.179288208485,
        "median": 0.104901723564,
        "min": 1.0956997183e-16,
        "skew": 6.13020896912,
        "var": 0.0629951655865
    },
    "pitch": {
        "kurt": 217.041030884,
        "max": 4528.62207031,
        "mean": 231.008773804,
        "median": 208.751785278,
        "min": 51.1242408752,
        "skew": 13.1710643768,
        "var": 50828.4921875
    },
    "pitch_instantaneous_confidence": {
        "kurt": 5.16990375519,
        "max": 0.918068766594,
        "mean": 0.258859425783,
        "median": 0.240241378546,
        "min": 0.0981354117393,
        "skew": 1.75541841984,
        "var": 0.00788450334221
    },
    "pitch_salience": {
        "kurt": 3.73658752441,
        "max": 0.881990015507,
        "mean": 0.72129046917,
        "median": 0.734898746014,
        "min": 0.208087548614,
        "skew": -1.45898222923,
        "var": 0.00578358955681
    },
    "silence_rate_20dB": {
        "kurt": 0,
        "max": 1,
        "mean": 1,
        "median": 1,
        "min": 1,
        "skew": 0,
        "var": 0
    },
    "silence_rate_30dB": {
        "kurt": 0,
        "max": 1,
        "mean": 1,
        "median": 1,
        "min": 1,
        "skew": 0,
        "var": 0
    },
    "silence_rate_60dB": {
        "kurt": 85.4597854614,
        "max": 1,
        "mean": 0.988943934441,
        "median": 1,
        "min": 0,
        "skew": -9.35218334198,
        "var": 0.010933787562
    },
    "spectral_centroid": {
        "kurt": 149.696624756,
        "max": 11697.5585938,
        "mean": 674.038818359,
        "median": 602.136474609,
        "min": 90.9752120972,
        "skew": 12.0842523575,
        "var": 674255.8125
    },
    "spectral_complexity": {
        "kurt": 5.63910198212,
        "max": 12,
        "mean": 0.910121977329,
        "median": 0,
        "min": 0,
        "skew": 2.15663528442,
        "var": 2.17388725281
    },
    "spectral_crest": {
        "kurt": 2.64686965942,
        "max": 23.5638523102,
        "mean": 7.63709926605,
        "median": 6.902592659,
        "min": 2.78034806252,
        "skew": 1.42380821705,
        "var": 9.20864105225
    },
    "spectral_decrease": {
        "kurt": 167.748168945,
        "max": 1.29887724715e-28,
        "mean": -8.79952707922e-11,
        "median": -4.29496646581e-11,
        "min": -5.1281179303e-09,
        "skew": -10.4237203598,
        "var": 3.34385565426e-20
    },
    "spectral_energy": {
        "kurt": 163.303131104,
        "max": 0.0197759848088,
        "mean": 0.00034837675048,
        "median": 0.000172168540303,
        "min": 9.88706691082e-21,
        "skew": 10.256483078,
        "var": 5.03926798956e-07
    },
    "spectral_energyband_high": {
        "kurt": 2909.4362793,
        "max": 0.0011889860034,
        "mean": 1.99212331609e-06,
        "median": 6.26688745342e-07,
        "min": 7.20593301526e-21,
        "skew": 46.2648582458,
        "var": 2.67017824518e-10
    },
    "spectral_energyband_low": {
        "kurt": 105.305107117,
        "max": 0.00210807379335,
        "mean": 4.61868039565e-05,
        "median": 1.95946013264e-05,
        "min": 1.87659391284e-23,
        "skew": 7.61141490936,
        "var": 8.12995715194e-09
    },
    "spectral_energyband_middle_high": {
        "kurt": 119.273727417,
        "max": 0.00133429397829,
        "mean": 5.15668689332e-05,
        "median": 3.55160227627e-05,
        "min": 1.10692719883e-21,
        "skew": 8.96846103668,
        "var": 4.48189529934e-09
    },
    "spectral_energyband_middle_low": {
        "kurt": 198.646942139,
        "max": 0.0196652114391,
        "mean": 0.000264706730377,
        "median": 0.000115559145343,
        "min": 1.64436717785e-22,
        "skew": 11.6193704605,
        "var": 4.45748753464e-07
    },
    "spectral_flatness_db": {
        "kurt": 5.69885444641,
        "max": 0.405006021261,
        "mean": 0.187066853046,
        "median": 0.184026688337,
        "min": 0.0633440464735,
        "skew": 1.09023177624,
        "var": 0.000873703102116
    },
    "spectral_flux": {
        "kurt": 26.8209571838,
        "max": 0.0990484729409,
        "mean": 0.0100110322237,
        "median": 0.00833458360285,
        "min": 6.37819311256e-11,
        "skew": 3.70365047455,
        "var": 3.93397458538e-05
    },
    "spectral_kurtosis": {
        "kurt": 4.06235408783,
        "max": 51.7490692139,
        "mean": 11.7255382538,
        "median": 10.8335018158,
        "min": -1.27858877182,
        "skew": 1.278195858,
        "var": 26.1939640045
    },
    "spectral_rms": {
        "kurt": 19.8545799255,
        "max": 0.00439245300367,
        "mean": 0.000495157088153,
        "median": 0.000409840577049,
        "min": 3.10578797923e-12,
        "skew": 3.30530309677,
        "var": 9.46989189288e-08
    },
    "spectral_rolloff": {
        "kurt": 136.602905273,
        "max": 19509.0820312,
        "mean": 1118.50756836,
        "median": 947.4609375,
        "min": 150.732421875,
        "skew": 11.343629837,
        "var": 2033611.5
    },
    "spectral_skewness": {
        "kurt": 5.23150444031,
        "max": 5.4112071991,
        "mean": 2.43757724762,
        "median": 2.39867544174,
        "min": -0.0983177646995,
        "skew": -0.091866157949,
        "var": 0.225876495242
    },
    "spectral_spread": {
        "kurt": 154.980377197,
        "max": 42764404,
        "mean": 2561772.5,
        "median": 2275666.5,
        "min": 1233062.625,
        "skew": 12.3998575211,
        "var": 8.82803159859e+12
    },
    "spectral_strongpeak": {
        "kurt": 284.255249023,
        "max": 3.52026462555,
        "mean": 0.0579930022359,
        "median": 0.0350826010108,
        "min": 0,
        "skew": 12.3619499207,
        "var": 0.0107603501529
    },
    "zerocrossingrate": {
        "kurt": 136.632385254,
        "max": 0.51806640625,
        "mean": 0.0432481653988,
        "median": 0.0400390625,
        "min": 0.01025390625,
        "skew": 11.3507709503,
        "var": 0.00135664455593
    },
    "barkbands": {
        "kurt": [47.7232627869, 117.581352234, 69.7115325928, 663.640319824, 307.66897583, 62.0223312378, 143.751068115, 428.57623291, 220.438781738, 88.8505401611, 344.903503418, 51.4915733337, 41.7792778015, 168.418869019, 34.0105514526, 112.822669983, 187.647521973, 215.680633545, 549.626403809, 2293.51171875, 800.997497559, 338.735168457, 1490.30480957, 667.682556152, 1256.48730469, 892.763061523, 207.954971313],
        "max": [5.19586546943e-06, 0.00072625419125, 0.000853120873217, 0.00662589306012, 0.0158333722502, 0.00100966333412, 0.0011874132324, 0.00240260525607, 0.00162179186009, 0.000378699362045, 0.000871450291015, 0.000105589999293, 8.79412182258e-05, 0.000117165800475, 8.70736330398e-05, 0.000178637681529, 0.000120952507132, 0.000113111433166, 0.000183936979738, 0.00125319173094, 8.95876146387e-05, 2.22481667151e-05, 1.24188618429e-05, 1.50431753809e-06, 8.14347743017e-07, 7.3848251958e-09, 1.05037201159e-09],
        "mean": [1.8559907744e-07, 1.33855064632e-05, 1.8504279069e-05, 3.64333682228e-05, 0.000117786992632, 3.03099295706e-05, 2.68253679678e-05, 2.61851400865e-05, 2.36236101046e-05, 1.23078989418e-05, 1.07330652099e-05, 5.49865126231e-06, 3.90416971641e-06, 3.37452866006e-06, 3.73079228666e-06, 4.18652143708e-06, 3.25990390593e-06, 2.75680326922e-06, 2.47297384703e-06, 2.18198147195e-06, 4.97032374369e-07, 1.85162662092e-07, 3.66201682311e-08, 8.14207989919e-09, 2.75837086505e-09, 4.25305485274e-11, 1.11107572795e-11],
        "median": [9.19115024089e-08, 5.04905756316e-06, 6.64394792693e-06, 1.03765714812e-05, 3.50976915797e-05, 1.55839006766e-05, 1.42627814057e-05, 1.30887119667e-05, 1.13127862278e-05, 8.00437010184e-06, 5.99702070758e-06, 3.66891231351e-06, 2.69905240202e-06, 2.19196090256e-06, 2.43449198933e-06, 2.36556525124e-06, 2.22435960495e-06, 1.88289050129e-06, 1.54606118485e-06, 7.33021693122e-07, 2.19727922968e-07, 6.99181725849e-08, 1.11856452989e-08, 2.49893128412e-09, 8.18868195473e-10, 2.02387898107e-11, 2.8973754819e-12],
        "min": [1.03384274402e-24, 8.39179581352e-25, 2.30797528079e-24, 1.07663401079e-24, 7.56971282014e-24, 1.06952026036e-23, 7.39277447454e-24, 1.11027226252e-23, 1.21433421774e-23, 1.51215674071e-23, 1.19837422057e-23, 1.58665282029e-23, 3.56287166131e-23, 3.82452893497e-23, 5.32438007664e-23, 6.73148073962e-23, 6.08778349382e-23, 1.01407280505e-22, 1.37079980847e-22, 1.44150724156e-22, 1.92828945102e-22, 2.55999373914e-22, 3.83395891512e-22, 5.86920187523e-22, 7.67424537822e-22, 1.30762300566e-21, 1.99577517618e-21],
        "skew": [4.7519197464, 9.44975185394, 6.71552658081, 20.4733486176, 14.7157411575, 6.1555056572, 9.30099391937, 15.3596801758, 13.2540378571, 6.51689147949, 16.6312522888, 5.56873369217, 4.40599393845, 10.0890417099, 4.12926912308, 8.53936672211, 11.0506305695, 10.2821989059, 18.7659549713, 41.2820968628, 24.1483001709, 15.9173107147, 31.7049312592, 22.5584106445, 30.9342708588, 23.4008998871, 11.3718366623],
        "var": [7.28247757237e-14, 1.23417309705e-09, 1.65344438141e-09, 2.08762021003e-08, 2.11478990764e-07, 2.53113840998e-09, 2.20262164063e-09, 3.22285775844e-09, 4.7479722376e-09, 2.38059461033e-10, 9.36182131817e-10, 4.5178607383e-11, 1.70477972017e-11, 2.2919220341e-11, 1.75387499662e-11, 5.32636434958e-11, 2.26371161399e-11, 1.2083818321e-11, 2.20589744387e-11, 3.45046519135e-10, 3.76412572986e-12, 5.2847553807e-13, 4.49032832943e-14, 1.53937216147e-15, 2.28834765137e-16, 1.97406103886e-20, 1.10168896047e-21],
        "cov": [[7.28317146176e-14, 1.40185844703e-12, 1.58552652344e-12, 6.78640249465e-13, -4.01794483101e-13, 1.22476117789e-12, 1.02511879194e-12, 6.43664592112e-13, -2.64238067191e-13, 5.59933935156e-13, 5.58236074553e-13, 2.63669782622e-13, 1.46487937882e-13, 1.54964921646e-13, 2.08001611811e-13, 3.10963684273e-13, 1.54753231171e-13, 1.37709613678e-13, 9.66427797706e-14, 4.48734419848e-13, 1.70672835944e-14, 3.92403217057e-15, 6.48477783566e-16, 5.46370661693e-16, 8.05338345996e-17, 1.93866671716e-18, 3.24181000101e-19], [1.40185844703e-12, 1.23429078069e-09, 3.4482691702e-10, 2.50916148969e-10, 6.33499142033e-10, 3.44372502736e-10, 2.47619647009e-10, 2.33536245897e-10, 9.64748142485e-11, 1.2176895603e-10, 4.85116946614e-10, 8.81238554351e-11, 4.07114272849e-11, 8.0654302681e-11, 4.42887324037e-11, 8.51509349142e-11, 7.48500428305e-11, 4.97952200307e-11, 3.41293486528e-11, 4.5936185411e-11, 5.65791207288e-12, 1.67923693613e-12, 4.46812156501e-13, 1.71136461122e-13, 5.12509007672e-14, 7.52637742728e-16, 1.65971420863e-16], [1.58552652344e-12, 3.4482691702e-10, 1.65360203308e-09, 2.23655183262e-09, 4.40547776037e-09, 8.22078072282e-10, 6.27861596048e-10, 5.45980816113e-10, 2.7111723977e-10, 1.9573358212e-10, 2.74882561158e-10, 1.04436376214e-10, 6.04055694353e-11, 6.15052175856e-11, 6.28852248052e-11, 1.11121736812e-10, 5.93092797097e-11, 4.84084924923e-11, 4.38967404093e-11, 7.02080824033e-11, 1.19757311706e-11, 2.94995191469e-12, 7.56139183385e-13, 2.14006275808e-13, 6.26846122752e-14, 1.08763032658e-15, 2.82967105549e-16], [6.78640249465e-13, 2.50916148969e-10, 2.23655183262e-09, 2.087819162e-08, 4.29906030774e-08, 3.49629258878e-09, 2.29986962808e-09, 3.09074299487e-09, 1.30937027887e-09, 3.85436932371e-10, 3.91301629987e-10, 2.16826320787e-10, 1.32834632183e-10, 1.28794530596e-10, 1.06378586495e-10, 1.23293111831e-10, 8.5747284273e-11, 8.47977521534e-11, 7.12191486341e-11, 9.96015561694e-11, 1.387942105e-11, 4.11886627236e-12, 8.57033573883e-13, 2.38661141631e-13, 5.57629978434e-14, 1.97480395345e-15, 1.45427404351e-15], [-4.01794483101e-13, 6.33499142033e-10, 4.40547776037e-09, 4.29906030774e-08, 2.11499155967e-07, 1.20871002096e-08, 6.50946674341e-09, 1.51610937138e-08, 6.96634483432e-09, 1.31282973381e-09, 1.19850940283e-09, 7.58881124607e-10, 4.6233597506e-10, 4.16169154693e-10, 3.36267458323e-10, 3.49123757681e-10, 2.442405167e-10, 2.6705168632e-10, 2.1130634742e-10, 3.55477952629e-10, 4.16667360337e-11, 9.95643237994e-12, 2.34372265519e-12, 6.68838411304e-13, 1.49314303868e-13, 7.53181696699e-15, 6.16033298253e-15], [1.22476117789e-12, 3.44372502736e-10, 8.22078072282e-10, 3.49629258878e-09, 1.20871002096e-08, 2.53137977246e-09, 1.1407541578e-09, 1.24476751129e-09, 7.3173545001e-10, 2.79979567308e-10, 3.70436958885e-10, 1.42673942105e-10, 8.10979131072e-11, 9.61755189377e-11, 7.94409538152e-11, 1.19917173413e-10, 7.20265444509e-11, 6.40812750086e-11, 5.17746678863e-11, 1.04639692744e-10, 1.20166697773e-11, 3.27468455998e-12, 8.87886823526e-13, 2.58367681633e-13, 7.03084915591e-14, 1.38143418637e-15, 6.09125903386e-16], [1.02511879194e-12, 2.47619647009e-10, 6.27861596048e-10, 2.29986962808e-09, 6.50946674341e-09, 1.1407541578e-09, 2.20283147279e-09, 8.62185545181e-10, 5.74704450695e-10, 2.62960903052e-10, 3.46626727321e-10, 1.00357257227e-10, 6.81947484593e-11, 7.88447571121e-11, 6.30873686625e-11, 9.06126354505e-11, 6.22340373679e-11, 5.52045839597e-11, 3.97037090705e-11, 9.76131397934e-11, 1.01602216224e-11, 2.4918812673e-12, 8.53147251196e-13, 2.24331566778e-13, 5.69751223197e-14, 1.03540121626e-15, 3.46353836775e-16], [6.43664592112e-13, 2.33536245897e-10, 5.45980816113e-10, 3.09074299487e-09, 1.51610937138e-08, 1.24476751129e-09, 8.62185545181e-10, 3.22316506818e-09, 8.99602170534e-10, 2.19178314387e-10, 3.34632654919e-10, 1.33115449219e-10, 6.81928680191e-11, 7.81521722337e-11, 6.81916398348e-11, 9.99310426075e-11, 6.06116892787e-11, 5.20005080662e-11, 4.2965662278e-11, 6.96692287194e-11, 8.49765049993e-12, 2.39207547e-12, 7.02598678022e-13, 1.74881742659e-13, 4.82732648614e-14, 1.17600752084e-15, 6.61232511565e-16], [-2.64238067191e-13, 9.64748142485e-11, 2.7111723977e-10, 1.30937027887e-09, 6.96634483432e-09, 7.3173545001e-10, 5.74704450695e-10, 8.99602170534e-10, 4.7484247645e-09, 1.92916946307e-10, 1.57110241483e-10, 8.01624391866e-11, 9.91194487598e-11, 6.64711619081e-11, 5.46260744971e-11, 6.64550844909e-11, 4.05746963805e-11, 3.99208478774e-11, 3.27440019543e-11, 4.21484964985e-11, 4.13411405803e-12, 7.25102378314e-13, 2.41975656092e-13, 6.76113963535e-14, 1.63846461897e-14, 7.46581192457e-16, 5.40845254019e-16], [5.59933935156e-13, 1.2176895603e-10, 1.9573358212e-10, 3.85436932371e-10, 1.31282973381e-09, 2.79979567308e-10, 2.62960903052e-10, 2.19178314387e-10, 1.92916946307e-10, 2.38082137338e-10, 1.95853819274e-10, 4.41028602527e-11, 2.68454928426e-11, 3.33991480306e-11, 2.75739188427e-11, 4.85431590758e-11, 3.31859158209e-11, 2.57276092791e-11, 1.88152878694e-11, 3.75381774276e-11, 4.11589078791e-12, 9.6194471659e-13, 2.61728112056e-13, 7.05093400116e-14, 2.41521873437e-14, 4.08608693755e-16, 1.17827431335e-16], [5.58236074553e-13, 4.85116946614e-10, 2.74882561158e-10, 3.91301629987e-10, 1.19850940283e-09, 3.70436958885e-10, 3.46626727321e-10, 3.34632654919e-10, 1.57110241483e-10, 1.95853819274e-10, 9.36271393748e-10, 1.14272445673e-10, 4.10909466175e-11, 1.02651651068e-10, 4.58363139111e-11, 1.21035487188e-10, 1.0626381719e-10, 6.72354394382e-11, 3.907813656e-11, 7.72516633996e-11, 8.45215911149e-12, 1.95124992552e-12, 6.4293481563e-13, 1.92487017536e-13, 6.60924697675e-14, 1.0944307306e-15, 2.50806852729e-16], [2.63669782622e-13, 8.81238554351e-11, 1.04436376214e-10, 2.16826320787e-10, 7.58881124607e-10, 1.42673942105e-10, 1.00357257227e-10, 1.33115449219e-10, 8.01624391866e-11, 4.41028602527e-11, 1.14272445673e-10, 4.51829129666e-11, 1.48808500244e-11, 1.93610058541e-11, 1.59355827145e-11, 2.95536026207e-11, 2.02679956152e-11, 1.44002188646e-11, 9.9420792779e-12, 2.33027833141e-11, 1.99652815981e-12, 5.30721679711e-13, 1.41843879849e-13, 4.38648412298e-14, 1.41022955846e-14, 2.41372070367e-16, 6.98745602331e-17], [1.46487937882e-13, 4.07114272849e-11, 6.04055694353e-11, 1.32834632183e-10, 4.6233597506e-10, 8.10979131072e-11, 6.81947484593e-11, 6.81928680191e-11, 9.91194487598e-11, 2.68454928426e-11, 4.10909466175e-11, 1.48808500244e-11, 1.70494226376e-11, 9.83625507434e-12, 9.43167592637e-12, 1.3700775757e-11, 8.40936261598e-12, 7.03590224277e-12, 5.28778453315e-12, 9.98281492193e-12, 9.70527152568e-13, 2.16480818189e-13, 6.28050468078e-14, 1.78252137578e-14, 5.56539948675e-15, 9.6461296556e-17, 3.98037623312e-17], [1.54964921646e-13, 8.0654302681e-11, 6.15052175856e-11, 1.28794530596e-10, 4.16169154693e-10, 9.61755189377e-11, 7.88447571121e-11, 7.81521722337e-11, 6.64711619081e-11, 3.33991480306e-11, 1.02651651068e-10, 1.93610058541e-11, 9.83625507434e-12, 2.29214060926e-11, 1.03704198007e-11, 2.00295283831e-11, 1.48989987014e-11, 1.05313700469e-11, 7.33020762145e-12, 1.64384443557e-11, 1.51050385307e-12, 3.47133617424e-13, 1.0667864297e-13, 3.28286016264e-14, 1.03639148248e-14, 1.74532290217e-16, 4.88690199526e-17], [2.08001611811e-13, 4.42887324037e-11, 6.28852248052e-11, 1.06378586495e-10, 3.36267458323e-10, 7.94409538152e-11, 6.30873686625e-11, 6.81916398348e-11, 5.46260744971e-11, 2.75739188427e-11, 4.58363139111e-11, 1.59355827145e-11, 9.43167592637e-12, 1.03704198007e-11, 1.75404205049e-11, 1.98087778819e-11, 1.04379777391e-11, 7.93925515608e-12, 7.17792145166e-12, 1.39004901339e-11, 1.48399174893e-12, 4.31065692039e-13, 1.13206014387e-13, 3.34946100803e-14, 9.50261445459e-15, 1.44181948282e-16, 3.26000978394e-17], [3.10963684273e-13, 8.51509349142e-11, 1.11121736812e-10, 1.23293111831e-10, 3.49123757681e-10, 1.19917173413e-10, 9.06126354505e-11, 9.99310426075e-11, 6.64550844909e-11, 4.85431590758e-11, 1.21035487188e-10, 2.95536026207e-11, 1.3700775757e-11, 2.00295283831e-11, 1.98087778819e-11, 5.32687192967e-11, 2.32251509691e-11, 1.53919134382e-11, 1.0379824604e-11, 2.8012038869e-11, 2.38013471779e-12, 6.13082718273e-13, 1.74421824098e-13, 4.75161258267e-14, 1.57829834407e-14, 2.55565219129e-16, 5.21073923461e-17], [1.54753231171e-13, 7.48500428305e-11, 5.93092797097e-11, 8.5747284273e-11, 2.442405167e-10, 7.20265444509e-11, 6.22340373679e-11, 6.06116892787e-11, 4.05746963805e-11, 3.31859158209e-11, 1.0626381719e-10, 2.02679956152e-11, 8.40936261598e-12, 1.48989987014e-11, 1.04379777391e-11, 2.32251509691e-11, 2.26392741359e-11, 1.18773740843e-11, 9.51123468179e-12, 1.62960790695e-11, 2.47079461925e-12, 7.95265166654e-13, 2.10523615142e-13, 5.39316719539e-14, 1.81880504852e-14, 2.57848264089e-16, 3.84197965222e-17], [1.37709613678e-13, 4.97952200307e-11, 4.84084924923e-11, 8.47977521534e-11, 2.6705168632e-10, 6.40812750086e-11, 5.52045839597e-11, 5.20005080662e-11, 3.99208478774e-11, 2.57276092791e-11, 6.72354394382e-11, 1.44002188646e-11, 7.03590224277e-12, 1.05313700469e-11, 7.93925515608e-12, 1.53919134382e-11, 1.18773740843e-11, 1.20849701774e-11, 5.99469432427e-12, 1.18070475272e-11, 1.80793780554e-12, 3.80081057773e-13, 1.46365965138e-13, 2.77993299496e-14, 1.21529746173e-14, 1.39841116185e-16, 3.16792704553e-17], [9.66427797706e-14, 3.41293486528e-11, 4.38967404093e-11, 7.12191486341e-11, 2.1130634742e-10, 5.17746678863e-11, 3.97037090705e-11, 4.2965662278e-11, 3.27440019543e-11, 1.88152878694e-11, 3.907813656e-11, 9.9420792779e-12, 5.28778453315e-12, 7.33020762145e-12, 7.17792145166e-12, 1.0379824604e-11, 9.51123468179e-12, 5.99469432427e-12, 2.20610769236e-11, 1.01563904856e-11, 5.41693469594e-12, 2.1158253101e-12, 3.92584646432e-13, 9.26918725152e-14, 3.38766490446e-14, 2.85740185539e-16, 2.39761658902e-17], [4.48734419848e-13, 4.5936185411e-11, 7.02080824033e-11, 9.96015561694e-11, 3.55477952629e-10, 1.04639692744e-10, 9.76131397934e-11, 6.96692287194e-11, 4.21484964985e-11, 3.75381774276e-11, 7.72516633996e-11, 2.33027833141e-11, 9.98281492193e-12, 1.64384443557e-11, 1.39004901339e-11, 2.8012038869e-11, 1.62960790695e-11, 1.18070475272e-11, 1.01563904856e-11, 3.45079409492e-10, 2.13723244831e-12, 8.99272843691e-13, 2.74655108769e-13, 2.07009133142e-13, 1.60375896862e-14, 3.66734825915e-16, 5.63431228739e-17], [1.70672835944e-14, 5.65791207288e-12, 1.19757311706e-11, 1.387942105e-11, 4.16667360337e-11, 1.20166697773e-11, 1.01602216224e-11, 8.49765049993e-12, 4.13411405803e-12, 4.11589078791e-12, 8.45215911149e-12, 1.99652815981e-12, 9.70527152568e-13, 1.51050385307e-12, 1.48399174893e-12, 2.38013471779e-12, 2.47079461925e-12, 1.80793780554e-12, 5.41693469594e-12, 2.13723244831e-12, 3.76448438394e-12, 8.58901112125e-13, 3.17919762781e-13, 3.99412457047e-14, 2.13883205309e-14, 1.27707395686e-16, 4.8812089247e-18], [3.92403217057e-15, 1.67923693613e-12, 2.94995191469e-12, 4.11886627236e-12, 9.95643237994e-12, 3.27468455998e-12, 2.4918812673e-12, 2.39207547e-12, 7.25102378314e-13, 9.6194471659e-13, 1.95124992552e-12, 5.30721679711e-13, 2.16480818189e-13, 3.47133617424e-13, 4.31065692039e-13, 6.13082718273e-13, 7.95265166654e-13, 3.80081057773e-13, 2.1158253101e-12, 8.99272843691e-13, 8.58901112125e-13, 5.28525899261e-13, 8.8429589172e-14, 1.73046442491e-14, 6.3612538563e-15, 4.65492349381e-17, 1.23228880203e-18], [6.48477783566e-16, 4.46812156501e-13, 7.56139183385e-13, 8.57033573883e-13, 2.34372265519e-12, 8.87886823526e-13, 8.53147251196e-13, 7.02598678022e-13, 2.41975656092e-13, 2.61728112056e-13, 6.4293481563e-13, 1.41843879849e-13, 6.28050468078e-14, 1.0667864297e-13, 1.13206014387e-13, 1.74421824098e-13, 2.10523615142e-13, 1.46365965138e-13, 3.92584646432e-13, 2.74655108769e-13, 3.17919762781e-13, 8.8429589172e-14, 4.49075625048e-14, 5.039610561e-15, 2.6182106037e-15, 1.52742870575e-17, 3.89369475664e-19], [5.46370661693e-16, 1.71136461122e-13, 2.14006275808e-13, 2.38661141631e-13, 6.68838411304e-13, 2.58367681633e-13, 2.24331566778e-13, 1.74881742659e-13, 6.76113963535e-14, 7.05093400116e-14, 1.92487017536e-13, 4.38648412298e-14, 1.78252137578e-14, 3.28286016264e-14, 3.34946100803e-14, 4.75161258267e-14, 5.39316719539e-14, 2.77993299496e-14, 9.26918725152e-14, 2.07009133142e-13, 3.99412457047e-14, 1.73046442491e-14, 5.039610561e-15, 1.53951890993e-15, 3.5758623481e-16, 3.80388972209e-18, 1.12510715851e-19], [8.05338345996e-17, 5.12509007672e-14, 6.26846122752e-14, 5.57629978434e-14, 1.49314303868e-13, 7.03084915591e-14, 5.69751223197e-14, 4.82732648614e-14, 1.63846461897e-14, 2.41521873437e-14, 6.60924697675e-14, 1.41022955846e-14, 5.56539948675e-15, 1.03639148248e-14, 9.50261445459e-15, 1.57829834407e-14, 1.81880504852e-14, 1.21529746173e-14, 3.38766490446e-14, 1.60375896862e-14, 2.13883205309e-14, 6.3612538563e-15, 2.6182106037e-15, 3.5758623481e-16, 2.28856602706e-16, 1.37930102736e-18, 3.20564023625e-20], [1.93866671716e-18, 7.52637742728e-16, 1.08763032658e-15, 1.97480395345e-15, 7.53181696699e-15, 1.38143418637e-15, 1.03540121626e-15, 1.17600752084e-15, 7.46581192457e-16, 4.08608693755e-16, 1.0944307306e-15, 2.41372070367e-16, 9.6461296556e-17, 1.74532290217e-16, 1.44181948282e-16, 2.55565219129e-16, 2.57848264089e-16, 1.39841116185e-16, 2.85740185539e-16, 3.66734825915e-16, 1.27707395686e-16, 4.65492349381e-17, 1.52742870575e-17, 3.80388972209e-18, 1.37930102736e-18, 1.97424925476e-20, 1.4702458861e-21], [3.24181000101e-19, 1.65971420863e-16, 2.82967105549e-16, 1.45427404351e-15, 6.16033298253e-15, 6.09125903386e-16, 3.46353836775e-16, 6.61232511565e-16, 5.40845254019e-16, 1.17827431335e-16, 2.50806852729e-16, 6.98745602331e-17, 3.98037623312e-17, 4.88690199526e-17, 3.26000978394e-17, 5.21073923461e-17, 3.84197965222e-17, 3.16792704553e-17, 2.39761658902e-17, 5.63431228739e-17, 4.8812089247e-18, 1.23228880203e-18, 3.89369475664e-19, 1.12510715851e-19, 3.20564023625e-20, 1.4702458861e-21, 1.10179397363e-21]]
    },
    "mfcc": {
        "kurt": [9.91196537018, 23.0666007996, 1.58544063568, -0.0143885612488, 1.04550981522, 0.419892072678, 0.328153610229, 0.157879829407, 0.0264928340912, 0.305957555771, 0.0539307594299, 0.0445153713226, 0.53657078743],
        "max": [-756.43371582, 221.19631958, 39.7707557678, 61.054019928, 29.6467323303, 14.7472991943, 33.1114883423, 19.8585910797, 22.23179245, 22.0019397736, 18.0103187561, 14.9716873169, 22.5222244263],
        "mean": [-892.627075195, 157.961715698, -19.9815654755, 15.6834220886, 2.36116909981, -17.7025413513, 0.999529778957, -3.030138731, -3.36704826355, -2.13537740707, -6.24481582642, -5.37678003311, -3.15215539932],
        "median": [-894.410766602, 159.902648926, -19.8144340515, 14.6454582214, 2.93912506104, -18.0427131653, 0.936473846436, -2.75511169434, -3.50199890137, -1.94048690796, -6.1109085083, -5.22208786011, -2.98578643799],
        "min": [-1138.42004395, 1.14440917969e-05, -67.4801025391, -18.6184196472, -44.1729354858, -48.8658256531, -29.5923538208, -31.4735870361, -27.0697402954, -28.5145072937, -27.8589267731, -32.1184959412, -29.1843223572],
        "skew": [-1.90818607807, -3.75588512421, 0.105854868889, 0.43399527669, -0.549328267574, 0.228456050158, -0.00475233513862, -0.208494260907, 0.101034797728, -0.138417303562, -0.116802170873, -0.184337049723, -0.165323913097],
        "var": [1964.03125, 523.766723633, 127.652511597, 124.130531311, 71.5120010376, 56.5789604187, 41.8396682739, 48.2019577026, 39.6724815369, 36.8596191406, 35.764831543, 35.6306304932, 36.1637382507],
        "cov": [[1964.21850586, 841.0390625, -306.945587158, 303.549957275, -103.68662262, -15.5576696396, 34.1468544006, -103.655731201, 31.2635002136, -31.7766590118, -41.4575424194, -48.897190094, -30.4120788574], [841.0390625, 523.816650391, -80.234085083, 74.6952362061, 3.39099502563, -46.3246650696, 15.5346498489, -34.8621749878, -4.62309265137, -1.76745474339, -25.5092334747, -24.6205387115, -20.378578186], [-306.945587158, -80.234085083, 127.664680481, -26.9305915833, 21.4376583099, 5.57570505142, -13.9313573837, 18.733543396, -6.30366039276, 2.00796413422, 5.93103551865, 1.78765392303, -2.65919518471], [303.549957275, 74.6952362061, -26.9305915833, 124.142356873, -12.3211755753, 23.8557052612, 12.7203168869, -19.0531215668, 17.212896347, -10.1329669952, -2.60371732712, -4.30613946915, -3.27172136307], [-103.68662262, 3.39099502563, 21.4376583099, -12.3211755753, 71.5188217163, 12.1055717468, 9.95294189453, 21.5285682678, -2.10483956337, 10.0733909607, 4.02889108658, 10.0364551544, 9.40474414825], [-15.5576696396, -46.3246650696, 5.57570505142, 23.8557052612, 12.1055717468, 56.5843505859, 15.1452684402, 6.79906892776, 16.294500351, -4.38834142685, 6.88348722458, 6.65947675705, 7.15883636475], [34.1468544006, 15.5346498489, -13.9313573837, 12.7203168869, 9.95294189453, 15.1452684402, 41.8436546326, 17.3277111053, 5.51703119278, 7.99390268326, 1.20347845554, 5.83430767059, 5.77081251144], [-103.655731201, -34.8621749878, 18.733543396, -19.0531215668, 21.5285682678, 6.79906892776, 17.3277111053, 48.2065505981, 15.2029161453, 9.45628261566, 12.8492116928, 8.86535263062, 9.63252544403], [31.2635002136, -4.62309265137, -6.30366039276, 17.212896347, -2.10483956337, 16.294500351, 5.51703119278, 15.2029161453, 39.6762657166, 12.9950284958, 7.29465818405, 9.46783638, 4.5092253685], [-31.7766590118, -1.76745474339, 2.00796413422, -10.1329669952, 10.0733909607, -4.38834142685, 7.99390268326, 9.45628261566, 12.9950284958, 36.8631324768, 15.4173698425, 6.96266794205, 9.9574136734], [-41.4575424194, -25.5092334747, 5.93103551865, -2.60371732712, 4.02889108658, 6.88348722458, 1.20347845554, 12.8492116928, 7.29465818405, 15.4173698425, 35.7682418823, 17.7148094177, 5.73953437805], [-48.897190094, -24.6205387115, 1.78765392303, -4.30613946915, 10.0364551544, 6.65947675705, 5.83430767059, 8.86535263062, 9.46783638, 6.96266794205, 17.7148094177, 35.6340293884, 18.9254970551], [-30.4120788574, -20.378578186, -2.65919518471, -3.27172136307, 9.40474414825, 7.15883636475, 5.77081251144, 9.63252544403, 4.5092253685, 9.9574136734, 5.73953437805, 18.9254970551, 36.1671867371]]
    },
    "sccoeffs": {
        "kurt": [3.00692081451, 0.928669691086, 2.4593091011, 3.30120944977, 7.00993156433, 13.8721866608],
        "max": [-0.280695050955, -0.586293518543, -0.604283392429, -0.697188138962, -0.595294237137, -0.546796381474],
        "mean": [-0.744267702103, -0.833840489388, -0.847097158432, -0.863040268421, -0.824828863144, -0.783691942692],
        "median": [-0.752606749535, -0.836753368378, -0.850124776363, -0.863920688629, -0.825779080391, -0.785507440567],
        "min": [-0.981781184673, -0.977749168873, -0.975434482098, -0.97869259119, -0.979381978512, -0.978551805019],
        "skew": [0.98224234581, 0.378646612167, 0.622770428658, 0.162754788995, -0.0365647859871, 0.0487491898239],
        "var": [0.00495431572199, 0.00164182542358, 0.00117989827413, 0.000504244409967, 0.000677441887092, 0.000863188062795],
        "cov": [[0.0049547883682, 0.000912869756576, 0.000684827624355, 0.000358081277227, 0.000270147545962, 0.000624007894658], [0.000912869756576, 0.00164198188577, 0.000288075854769, 0.000190882448805, 0.000163946664543, 0.000288333452772], [0.000684827624355, 0.000288075854769, 0.00118001073133, 0.000179602851858, 0.000189029393368, 0.000239663684624], [0.000358081277227, 0.000190882448805, 0.000179602851858, 0.000504292489495, 0.000156837209943, 0.000190404243767], [0.000270147545962, 0.000163946664543, 0.000189029393368, 0.000156837209943, 0.000677506497595, 0.000307615613565], [0.000624007894658, 0.000288333452772, 0.000239663684624, 0.000190404243767, 0.000307615613565, 0.000863270310219]]
    },
    "scvalleys": {
        "kurt": [113.58870697, 118.066467285, 121.58719635, 120.158081055, 114.969802856, 99.8755340576],
        "max": [-5.93016147614, -5.1711769104, -6.30258703232, -7.15721464157, -7.93751382828, -11.0463876724],
        "mean": [-7.67865180969, -7.2983174324, -7.88839769363, -8.60766506195, -9.66436672211, -13.0852794647],
        "median": [-7.53637886047, -7.17173242569, -7.74095344543, -8.48554229736, -9.54786300659, -13.0521697998],
        "min": [-28.3049793243, -27.8159751892, -27.8619041443, -27.693151474, -27.5549678802, -27.3827056885],
        "skew": [-10.0036535263, -10.2898178101, -10.533747673, -10.4588346481, -10.1194829941, -9.10922718048],
        "var": [2.78352808952, 2.81171107292, 2.61015105247, 2.45803570747, 2.22070074081, 1.54426145554],
        "cov": [[2.7837934494, 2.66177415848, 2.57657241821, 2.51344513893, 2.37274956703, 1.95318639278], [2.66177415848, 2.8119790554, 2.63090872765, 2.55691885948, 2.41449785233, 1.97139358521], [2.57657241821, 2.63090872765, 2.61039996147, 2.48440408707, 2.34458637238, 1.9115306139], [2.51344513893, 2.55691885948, 2.48440408707, 2.45827007294, 2.29031777382, 1.8731995821], [2.37274956703, 2.41449785233, 2.34458637238, 2.29031777382, 2.22091245651, 1.79016518593], [1.95318639278, 1.97139358521, 1.9115306139, 1.8731995821, 1.79016518593, 1.54440867901]]
    }
},
"rhythm": {
    "beats_loudness": {
        "kurt": 32.2367630005,
        "max": 0.00471313623711,
        "mean": 0.000335969263688,
        "median": 0.00018154225836,
        "min": 0,
        "skew": 5.04949569702,
        "var": 2.72561180736e-07
    },
    "bpm": 117.960243225,
    "confidence": -0.176323741674,
    "first_peak_bpm": {
        "kurt": 0,
        "max": 117,
        "mean": 117,
        "median": 117,
        "min": 117,
        "skew": 0,
        "var": 0
    },
    "first_peak_spread": {
        "kurt": 0,
        "max": 0.50684928894,
        "mean": 0.50684928894,
        "median": 0.50684928894,
        "min": 0.50684928894,
        "skew": 0,
        "var": 0
    },
    "first_peak_weight": {
        "kurt": 0,
        "max": 0.0761099383235,
        "mean": 0.0761099383235,
        "median": 0.0761099383235,
        "min": 0.0761099383235,
        "skew": 0,
        "var": 0
    },
    "onset_rate": 0.22167904675,
    "second_peak_bpm": {
        "kurt": 0,
        "max": 123,
        "mean": 123,
        "median": 123,
        "min": 123,
        "skew": 0,
        "var": 0
    },
    "second_peak_spread": {
        "kurt": 0,
        "max": 0.467741906643,
        "mean": 0.467741906643,
        "median": 0.467741906643,
        "min": 0.467741906643,
        "skew": 0,
        "var": 0
    },
    "second_peak_weight": {
        "kurt": 0,
        "max": 0.0697674453259,
        "mean": 0.0697674453259,
        "median": 0.0697674453259,
        "min": 0.0697674453259,
        "skew": 0,
        "var": 0
    },
    "beats_loudness_band_ratio": {
        "kurt": [0.37801361084, 0.518398284912, 2.01303672791, 1.44889736176, 3.92878818512, 266.577941895],
        "max": [0.714342474937, 0.774534225464, 0.855636656284, 0.402095675468, 0.247129961848, 0.608494579792],
        "mean": [0.260279893875, 0.316190898418, 0.283488750458, 0.133061513305, 0.0658113732934, 0.0181946735829],
        "median": [0.24357059598, 0.308536469936, 0.270470738411, 0.124299153686, 0.0604951530695, 0.0133509896696],
        "min": [0, 0, 0, 0, 0, 0],
        "skew": [0.702944397926, 0.577431082726, 0.901464223862, 1.00082039833, 1.42865121365, 14.7328414917],
        "var": [0.0170584674925, 0.0163526069373, 0.0123419258744, 0.0044239256531, 0.00110846257303, 0.000978383468464],
        "cov": [[0.0170945320278, -0.00162928143982, -0.00730240205303, -0.00291365501471, -0.0010432129493, -0.000593457429204], [-0.00162928143982, 0.0163871776313, -0.00496556283906, -0.00299976021051, -0.00155743618961, -0.000601358653512], [-0.00730240205303, -0.00496556283906, 0.0123680187389, 0.000168735859916, 2.40482968366e-05, -0.000300347077427], [-0.00291365501471, -0.00299976021051, 0.000168735859916, 0.00443327846006, 0.00106173707172, 9.85310834949e-05], [-0.0010432129493, -0.00155743618961, 2.40482968366e-05, 0.00106173707172, 0.00111080601346, 0.000286372029223], [-0.000593457429204, -0.000601358653512, -0.000300347077427, 9.85310834949e-05, 0.000286372029223, 0.000980451935902]]
    },
