{
"metadata": {
    "version": {
        "essentia": "2.1-beta3"
    }
},
"lowLevel": {
    "average_loudness": 0.0378381088376,
    "barkbands_kurtosis": {
        "kurt": 40.7742805481,
        "max": 27.1824703217,
        "mean": 0.146323502064,
        "median": -0.202341556549,
        "min": -1.77456367016,
        "skew": 4.42725133896,
        "var": 2.40230679512
    },
    "barkbands_skewness": {
        "kurt": 3.43691587448,
        "max": 4.07841062546,
        "mean": 0.812880814075,
        "median": 0.781379282475,
        "min": -1.76640725136,
        "skew": 0.383159548044,
        "var": 0.231280624866
    },
    "barkbands_spread": {
        "kurt": 0.622195482254,
        "max": 58.249912262,
        "mean": 24.0038280487,
        "median": 23.9926891327,
        "min": 2.10177826881,
        "skew": 0.0936771556735,
        "var": 44.5910415649
    },
    "dissonance": {
        "kurt": 4.73531150818,
        "max": 0.500000119209,
        "mean": 0.474874794483,
        "median": 0.479456841946,
        "min": 0.325613200665,
        "skew": -1.69229710102,
        "var": 0.000358067540219
    },
    "hfc": {
        "kurt": 28.4402179718,
        "max": 57.9011268616,
        "mean": 3.56194758415,
        "median": 2.60523033142,
        "min": 0.0577961839736,
        "skew": 4.16584634781,
        "var": 13.9174156189
    },
    "pitch": {
        "kurt": 31.0411567688,
        "max": 4675.52441406,
        "mean": 365.893585205,
        "median": 244.774032593,
        "min": 58.5111923218,
        "skew": 5.42128896713,
        "var": 294000.15625
    },
    "pitch_instantaneous_confidence": {
        "kurt": 4.33928155899,
        "max": 0.914374291897,
        "mean": 0.272177070379,
        "median": 0.234861552715,
        "min": 0.108185946941,
        "skew": 1.97221755981,
        "var": 0.0153360646218
    },
    "pitch_salience": {
        "kurt": 3.396900177,
        "max": 0.896219134331,
        "mean": 0.702015340328,
        "median": 0.721127748489,
        "min": 0.158649280667,
        "skew": -1.53652060032,
        "var": 0.00766525929794
    },
    "silence_rate_20dB": {
        "kurt": 0,
        "max": 1,
        "mean": 1,
        "median": 1,
        "min": 1,
        "skew": 0,
        "var": 0
    },
    "silence_rate_30dB": {
        "kurt": 0,
        "max": 1,
        "mean": 1,
        "median": 1,
        "min": 1,
        "skew": 0,
        "var": 0
    },
    "silence_rate_60dB": {
        "kurt": -1.83035385609,
        "max": 1,
        "mean": 0.600903391838,
        "median": 1,
        "min": 0,
        "skew": -0.412072777748,
        "var": 0.239827826619
    },
    "spectral_centroid": {
        "kurt": 4.76595211029,
        "max": 3373.12597656,
        "mean": 990.197143555,
        "median": 955.819763184,
        "min": 287.009796143,
        "skew": 1.44974482059,
        "var": 83594.90625
    },
    "spectral_complexity": {
        "kurt": 4.56834793091,
        "max": 55,
        "mean": 10.2572069168,
        "median": 9,
        "min": 0,
        "skew": 1.66584634781,
        "var": 41.3279800415
    },
    "spectral_crest": {
        "kurt": 4.54625844955,
        "max": 25.1173725128,
        "mean": 6.48918390274,
        "median": 5.63719081879,
        "min": 2.29422044754,
        "skew": 1.87885057926,
        "var": 9.09686565399
    },
    "spectral_decrease": {
        "kurt": 70.590133667,
        "max": -1.19560975703e-11,
        "mean": -8.83130124585e-10,
        "median": -6.45810183109e-10,
        "min": -2.1730873101e-08,
        "skew": -7.00941991806,
        "var": 1.23598050911e-18
    },
    "spectral_energy": {
        "kurt": 65.5352096558,
        "max": 0.0850548520684,
        "mean": 0.00365620665252,
        "median": 0.00269594392739,
        "min": 5.03673654748e-05,
        "skew": 6.73109292984,
        "var": 2.01081747946e-05
    },
    "spectral_energyband_high": {
        "kurt": 507.55178833,
        "max": 0.00764687964693,
        "mean": 0.000106011772004,
        "median": 5.85977250012e-05,
        "min": 1.13803253043e-06,
        "skew": 13.9184474945,
        "var": 2.94728490502e-08
    },
    "spectral_energyband_low": {
        "kurt": 128.143539429,
        "max": 0.0184722729027,
        "mean": 0.000455143832369,
        "median": 0.000247783144005,
        "min": 4.79337450088e-06,
        "skew": 9.67639255524,
        "var": 8.18158468974e-07
    },
    "spectral_energyband_middle_high": {
        "kurt": 344.594787598,
        "max": 0.0519450567663,
        "mean": 0.00111912714783,
        "median": 0.000824643531814,
        "min": 1.79792532435e-05,
        "skew": 12.8837280273,
        "var": 1.90567470781e-06
    },
    "spectral_energyband_middle_low": {
        "kurt": 103.938819885,
        "max": 0.078103043139,
        "mean": 0.00212393351831,
        "median": 0.00138844712637,
        "min": 2.76671999018e-05,
        "skew": 8.52878952026,
        "var": 1.15682887554e-05
    },
    "spectral_flatness_db": {
        "kurt": 2.65730619431,
        "max": 0.300415247679,
        "mean": 0.143975019455,
        "median": 0.141618445516,
        "min": 0.0647580996156,
        "skew": 1.02270877361,
        "var": 0.000581417058129
    },
    "spectral_flux": {
        "kurt": 13.8838729858,
        "max": 0.171024113894,
        "mean": 0.034504365176,
        "median": 0.0324361287057,
        "min": 0.0113386083394,
        "skew": 2.61514043808,
        "var": 0.000218908418901
    },
    "spectral_kurtosis": {
        "kurt": 3.69813203812,
        "max": 18.0609817505,
        "mean": 4.71211338043,
        "median": 4.26519870758,
        "min": 0.0387721061707,
        "skew": 1.48246359825,
        "var": 4.25313425064
    },
    "spectral_rms": {
        "kurt": 12.7813558578,
        "max": 0.00910935457796,
        "mean": 0.00173203810118,
        "median": 0.00162178580649,
        "min": 0.000221672948101,
        "skew": 2.56226944923,
        "var": 5.67085066905e-07
    },
    "spectral_rolloff": {
        "kurt": 0.0985722541809,
        "max": 5900.09765625,
        "mean": 1962.5925293,
        "median": 1894.921875,
        "min": 258.3984375,
        "skew": 0.476623684168,
        "var": 584033.1875
    },
    "spectral_skewness": {
        "kurt": 1.13456630707,
        "max": 3.01575994492,
        "mean": 1.63841569424,
        "median": 1.6207896471,
        "min": 0.501317918301,
        "skew": 0.473183304071,
        "var": 0.0753758847713
    },
    "spectral_spread": {
        "kurt": 31.4307441711,
        "max": 18592992,
        "mean": 3623571.75,
        "median": 3528335.5,
        "min": 1811568.375,
        "skew": 2.14405417442,
        "var": 468678311936
    },
    "spectral_strongpeak": {
        "kurt": 68.8670349121,
        "max": 10.2938566208,
        "mean": 0.317494690418,
        "median": 0.15908972919,
        "min": 0.00716129131615,
        "skew": 6.57141160965,
        "var": 0.282529652119
    },
    "zerocrossingrate": {
        "kurt": 2.07437849045,
        "max": 0.1416015625,
        "mean": 0.064366132021,
        "median": 0.06298828125,
        "min": 0.02001953125,
        "skew": 0.946677088737,
        "var": 0.000218164888793
    },
    "barkbands": {
        "kurt": [13.2821979523, 14.5258712769, 120.057563782, 229.305038452, 304.52142334, 187.532287598, 71.800163269, 81.143951416, 155.263412476, 893.573059082, 113.553497314, 183.463821411, 775.87322998, 56.1111869812, 80.0405654907, 87.1411590576, 111.381210327, 194.906616211, 150.604034424, 191.027770996, 1019.925354, 85.7759552002, 61.7235412598, 24.3914375305, 68.6453475952, 2752.97509766, 3567.09130859],
        "max": [4.80428388983e-05, 0.00264515331946, 0.00973815098405, 0.0145733393729, 0.0371809080243, 0.0318800620735, 0.0124958232045, 0.00937544647604, 0.0179157555103, 0.049821164459, 0.00356317148544, 0.00436251657084, 0.00755479419604, 0.00221833121032, 0.00228989450261, 0.00260957330465, 0.00257231714204, 0.00641691917554, 0.00632446957752, 0.00430570635945, 0.004304417409, 0.00059963518288, 0.000111654066131, 1.79682501766e-05, 8.73892713571e-06, 1.49147683715e-06, 4.08912868011e-08],
        "mean": [2.07709922506e-06, 0.000172354426468, 0.00017742619093, 0.000198043126147, 0.000452624371974, 0.000388973334339, 0.000351303722709, 0.000294623780064, 0.000345833046595, 0.000237981439568, 0.000103263751953, 0.000103094884253, 8.91108793439e-05, 9.1948757472e-05, 7.40171526559e-05, 8.0336802057e-05, 8.88326831046e-05, 0.000119338292279, 0.00013187523291, 8.92493553692e-05, 4.32316701335e-05, 1.62423384609e-05, 3.39120947501e-06, 8.03449040632e-07, 2.28360661936e-07, 6.11963324459e-09, 1.69207675649e-10],
        "median": [6.60570094624e-07, 7.8347264207e-05, 6.5266744059e-05, 7.97161628725e-05, 0.00020333219436, 0.00017643647152, 0.000173889071448, 0.000166980389622, 0.000193891755771, 0.000111374094558, 6.35960604995e-05, 6.48411514703e-05, 5.69187650399e-05, 5.32748090336e-05, 4.8232570407e-05, 4.90200436616e-05, 5.84524022997e-05, 6.70715380693e-05, 7.30702959117e-05, 5.14869425388e-05, 2.23641964112e-05, 7.56930558055e-06, 1.43387262597e-06, 3.14012623903e-07, 7.37950713869e-08, 1.72525604913e-09, 6.97757060464e-11],
        "min": [2.50461373863e-10, 3.39487485235e-07, 2.02199856858e-07, 4.60781649281e-07, 6.41899532638e-06, 8.56724113873e-07, 2.87418561129e-06, 2.79450864582e-06, 4.36807249571e-06, 2.86758881884e-06, 3.65450659956e-07, 1.34541471652e-06, 1.76903631655e-06, 2.50104926636e-06, 4.3612482159e-07, 1.58976456532e-06, 7.3323695915e-07, 3.15178772325e-06, 1.96893188331e-06, 8.80058792063e-07, 2.38755916371e-07, 2.0179552962e-07, 6.22535480943e-08, 1.94369640383e-08, 4.24296908719e-09, 1.03218704417e-10, 1.49370793512e-12],
        "skew": [3.1278192997, 3.0018415451, 9.5058965683, 13.1844882965, 14.4934644699, 11.9535551071, 7.37274837494, 6.92842912674, 9.6971321106, 26.5541152954, 7.41029596329, 9.68926429749, 22.0740737915, 6.22411441803, 6.24244165421, 6.94051218033, 7.58226680756, 11.8391332626, 9.93992519379, 8.00676441193, 21.6178359985, 7.21774625778, 5.91945695877, 4.19157028198, 6.64275550842, 44.1848678589, 51.0686721802],
        "var": [1.34211817007e-11, 5.45057794454e-08, 2.36022501099e-07, 3.57962449016e-07, 1.49208938183e-06, 1.37123231525e-06, 5.1617604413e-07, 2.06363708344e-07, 4.17841590661e-07, 1.24164034787e-06, 1.98463006029e-08, 2.2053688653e-08, 2.78249725483e-08, 2.09838830756e-08, 8.86894202523e-09, 1.32373347839e-08, 1.30408270849e-08, 6.27061922387e-08, 5.98250124995e-08, 1.53534571723e-08, 6.59157661786e-09, 8.45449044107e-10, 3.46906427195e-11, 1.88886558304e-12, 2.34399684992e-13, 4.945587151e-16, 3.20837665312e-19],
        "cov": [[1.34229649965e-11, 3.54335144559e-10, -6.26988669317e-11, 1.76902722614e-13, -2.17123766882e-11, 4.27523259849e-11, 1.92244789532e-10, 1.19860163461e-11, 5.40627820289e-11, 9.37365809972e-12, 3.91617901302e-12, -2.45948227062e-11, 8.82324866381e-13, 3.41469595655e-11, -1.09676211255e-13, 3.97870408494e-12, 4.43103323131e-12, -2.61067122781e-11, -2.44248545e-11, -7.67704563115e-12, -2.47059642709e-12, -4.14538900168e-13, -2.18925856718e-13, -8.5658544602e-14, -3.70516063577e-14, -1.19206186568e-15, 1.11843686193e-17], [3.54335144559e-10, 5.45130198759e-08, 3.40414487709e-08, 1.25029657738e-08, 1.70519900422e-08, 3.0227074177e-08, 3.35577965416e-09, 7.22827442345e-09, 3.01677044456e-10, -1.8892445941e-10, 9.63254365161e-10, 3.04309938359e-10, 3.66911778737e-10, -2.57916993318e-10, 2.14082329641e-09, 1.47395884387e-09, 7.96729904273e-10, 4.86626960949e-10, 3.62503332907e-10, 2.12951123402e-09, 8.96696938923e-10, 2.98355368189e-10, 4.25568712215e-11, 8.92200723024e-12, 1.2251543096e-12, 5.57398264101e-14, 4.95532358297e-15], [-6.26988669317e-11, 3.40414487709e-08, 2.36053864455e-07, 2.02737467703e-07, 2.79614710053e-07, 2.71319123613e-07, 7.34967358085e-08, 5.54323165147e-08, 2.01866257044e-08, 1.13942455471e-08, 5.66945290714e-09, 5.9126259444e-09, 5.15179721106e-09, 5.8204387976e-09, 9.70700142489e-09, 8.72034000565e-09, 7.94339971577e-09, 1.88902742337e-08, 1.7187824497e-08, 1.59822501899e-08, 9.11891451238e-09, 4.07593825358e-09, 5.17032527902e-10, 1.28821592282e-10, 4.19905811511e-11, 7.67945115051e-13, 3.60670017073e-14], [1.76902722614e-13, 1.25029657738e-08, 2.02737467703e-07, 3.58009998536e-07, 4.05505318213e-07, 3.8111048184e-07, 1.0761726088e-07, 7.48216635316e-08, 3.37329275624e-08, 1.78429200304e-08, 9.57265999801e-09, 1.14456710776e-08, 9.99593741113e-09, 1.09064837162e-08, 1.61688920031e-08, 1.41556419919e-08, 1.37649545096e-08, 2.91721171664e-08, 3.06024858787e-08, 2.45470150873e-08, 1.53901460465e-08, 6.38635544448e-09, 9.42169897655e-10, 2.28337987407e-10, 7.1793578027e-11, 1.41359070716e-12, 5.74834776133e-14], [-2.17123766882e-11, 1.70519900422e-08, 2.79614710053e-07, 4.05505318213e-07, 1.49228765167e-06, 1.05356491531e-06, 2.45953344802e-07, 1.35464915729e-07, 7.84940468179e-08, 3.89304446458e-08, 2.49991369827e-08, 2.63210182538e-08, 2.24925855719e-08, 2.35512267466e-08, 3.58278242629e-08, 3.24430651233e-08, 3.35779688498e-08, 6.35982857489e-08, 6.68410322646e-08, 5.92203797112e-08, 3.58389726784e-08, 1.44206344643e-08, 2.35520691838e-09, 5.72837277613e-10, 1.74393915975e-10, 3.25615012384e-12, 1.06493800052e-13], [4.27523259849e-11, 3.0227074177e-08, 2.71319123613e-07, 3.8111048184e-07, 1.05356491531e-06, 1.37141455525e-06, 3.41675587379e-07, 1.55487597908e-07, 9.19246829767e-08, 4.95869940664e-08, 3.24445466049e-08, 2.9019668446e-08, 2.66014925643e-08, 3.06330782962e-08, 4.43634107228e-08, 3.74538871029e-08, 3.68162709208e-08, 6.57747989408e-08, 7.24786559658e-08, 6.4088219176e-08, 3.90941252704e-08, 1.58012820606e-08, 2.68135869064e-09, 6.00258509564e-10, 1.57145213509e-10, 3.55154252361e-12, 1.21239349398e-13], [1.92244789532e-10, 3.35577965416e-09, 7.34967358085e-08, 1.0761726088e-07, 2.45953344802e-07, 3.41675587379e-07, 5.16244654136e-07, 7.97881796188e-08, 2.9559664938e-08, 2.84185741606e-08, 2.95514190896e-08, 1.73518444058e-08, 1.69347078582e-08, 5.69779636805e-08, 1.96936138508e-08, 3.27300142544e-08, 2.82667951268e-08, 3.0811410312e-08, 3.89496186415e-08, 2.74916232001e-08, 1.42292995164e-08, 5.68498537135e-09, 1.05349939883e-09, 2.28006086234e-10, 5.56408495667e-11, 1.31197537643e-12, 6.26104663991e-14], [1.19860163461e-11, 7.22827442345e-09, 5.54323165147e-08, 7.48216635316e-08, 1.35464915729e-07, 1.55487597908e-07, 7.97881796188e-08, 2.06391121083e-07, 5.95684106486e-08, 1.30223698491e-08, 1.18519425385e-08, 1.35047129035e-08, 9.42622513378e-09, 1.16941745176e-08, 1.28933690391e-08, 1.19361462936e-08, 1.17969847224e-08, 1.51939474335e-08, 1.92027602708e-08, 1.51857371122e-08, 7.98960897441e-09, 3.66976071753e-09, 5.67870916957e-10, 1.20138440862e-10, 3.27105703635e-11, 7.03748040745e-13, 2.84500443766e-14], [5.40627820289e-11, 3.01677044456e-10, 2.01866257044e-08, 3.37329275624e-08, 7.84940468179e-08, 9.19246829767e-08, 2.9559664938e-08, 5.95684106486e-08, 4.17897098259e-07, 1.36510621473e-07, 2.02903596147e-08, 1.21389200913e-08, 2.01188701254e-08, 1.0782779114e-08, 1.17502629848e-08, 8.82349038278e-09, 1.22482353149e-08, 1.18102398972e-08, 1.69080784929e-08, 1.33292381577e-08, 6.54049703286e-09, 2.64509791847e-09, 4.38841379902e-10, 1.01047954726e-10, 2.69099152683e-11, 1.15771541659e-12, 2.74706201796e-14], [9.37365809972e-12, -1.8892445941e-10, 1.13942455471e-08, 1.78429200304e-08, 3.89304446458e-08, 4.95869940664e-08, 2.84185741606e-08, 1.30223698491e-08, 1.36510621473e-07, 1.24180530747e-06, 1.20045982044e-08, 1.27037376174e-08, 1.01760164739e-08, 2.69670117348e-08, 1.1203924899e-08, 7.05201674833e-09, 3.53634170835e-08, 1.58167825504e-08, 9.22877063658e-09, 1.12647402517e-08, 3.71178465741e-09, 1.62729441033e-09, 2.34220781659e-10, 5.79387753052e-11, 1.71556761852e-11, 4.21728000828e-13, 2.8842166421e-14], [3.91617901302e-12, 9.63254365161e-10, 5.66945290714e-09, 9.57265999801e-09, 2.49991369827e-08, 3.24445466049e-08, 2.95514190896e-08, 1.18519425385e-08, 2.02903596147e-08, 1.20045982044e-08, 1.98489384928e-08, 5.35976507621e-09, 3.93282029165e-09, 6.05896666173e-09, 2.88513790636e-09, 4.49667503233e-09, 3.89621224173e-09, 4.74554617824e-09, 6.31883079194e-09, 4.59145299558e-09, 2.30455055039e-09, 9.73106151214e-10, 1.79596185146e-10, 4.19294460263e-11, 1.14303384466e-11, 2.70803697392e-13, 7.70367571682e-15], [-2.45948227062e-11, 3.04309938359e-10, 5.9126259444e-09, 1.14456710776e-08, 2.63210182538e-08, 2.9019668446e-08, 1.73518444058e-08, 1.35047129035e-08, 1.21389200913e-08, 1.27037376174e-08, 5.35976507621e-09, 2.20566196418e-08, 7.01564006889e-09, 3.90581433862e-09, 3.86755205639e-09, 4.95954610713e-09, 4.52772308535e-09, 5.39053335302e-09, 8.00691868363e-09, 5.34410338204e-09, 2.72059463846e-09, 1.14846299137e-09, 1.88323648342e-10, 4.43152042839e-11, 1.35686895747e-11, 3.25347306604e-13, 8.41829877969e-15], [8.82324866381e-13, 3.66911778737e-10, 5.15179721106e-09, 9.99593741113e-09, 2.24925855719e-08, 2.66014925643e-08, 1.69347078582e-08, 9.42622513378e-09, 2.01188701254e-08, 1.01760164739e-08, 3.93282029165e-09, 7.01564006889e-09, 2.78286709232e-08, 3.665621362e-09, 3.48107498382e-09, 4.12902467772e-09, 3.85033693817e-09, 4.19957002507e-09, 5.73902658729e-09, 4.52391057948e-09, 2.38376141048e-09, 8.1368306537e-10, 1.58824300933e-10, 3.57617616076e-11, 1.04493072181e-11, 3.18287795209e-13, 7.36082811999e-15], [3.41469595655e-11, -2.57916993318e-10, 5.8204387976e-09, 1.09064837162e-08, 2.35512267466e-08, 3.06330782962e-08, 5.69779636805e-08, 1.16941745176e-08, 1.0782779114e-08, 2.69670117348e-08, 6.05896666173e-09, 3.90581433862e-09, 3.665621362e-09, 2.09866719558e-08, 3.9620355885e-09, 6.58215792981e-09, 5.99663829703e-09, 4.91919394108e-09, 6.50711928785e-09, 4.31060431794e-09, 2.27880336823e-09, 8.68650040786e-10, 1.57129059764e-10, 3.50795642534e-11, 1.00454297658e-11, 2.5143919607e-13, 1.0987563161e-14], [-1.09676211255e-13, 2.14082329641e-09, 9.70700142489e-09, 1.61688920031e-08, 3.58278242629e-08, 4.43634107228e-08, 1.96936138508e-08, 1.28933690391e-08, 1.17502629848e-08, 1.1203924899e-08, 2.88513790636e-09, 3.86755205639e-09, 3.48107498382e-09, 3.9620355885e-09, 8.87012063799e-09, 5.20944043458e-09, 4.85292384056e-09, 5.42713030072e-09, 7.2983050714e-09, 6.05103522844e-09, 3.39865224852e-09, 1.22807097824e-09, 2.33544295014e-10, 5.01572360034e-11, 1.41106093823e-11, 3.4058389789e-13, 8.79807108379e-15], [3.97870408494e-12, 1.47395884387e-09, 8.72034000565e-09, 1.41556419919e-08, 3.24430651233e-08, 3.74538871029e-08, 3.27300142544e-08, 1.19361462936e-08, 8.82349038278e-09, 7.05201674833e-09, 4.49667503233e-09, 4.95954610713e-09, 4.12902467772e-09, 6.58215792981e-09, 5.20944043458e-09, 1.32390942653e-08, 6.23577500747e-09, 6.60239241057e-09, 8.38017566451e-09, 6.55084164691e-09, 3.5706291257e-09, 1.30355026773e-09, 2.48480624965e-10, 5.92333473937e-11, 1.75759025389e-11, 4.29121229653e-13, 1.11090039687e-14], [4.43103323131e-12, 7.96729904273e-10, 7.94339971577e-09, 1.37649545096e-08, 3.35779688498e-08, 3.68162709208e-08, 2.82667951268e-08, 1.17969847224e-08, 1.22482353149e-08, 3.53634170835e-08, 3.89621224173e-09, 4.52772308535e-09, 3.85033693817e-09, 5.99663829703e-09, 4.85292384056e-09, 6.23577500747e-09, 1.3042559921e-08, 8.74178240906e-09, 9.96267690567e-09, 6.663410268e-09, 3.34640093413e-09, 1.30718424973e-09, 2.77350475919e-10, 6.19598122809e-11, 1.70199600941e-11, 4.25114424999e-13, 9.69251331214e-15], [-2.61067122781e-11, 4.86626960949e-10, 1.88902742337e-08, 2.91721171664e-08, 6.35982857489e-08, 6.57747989408e-08, 3.0811410312e-08, 1.51939474335e-08, 1.18102398972e-08, 1.58167825504e-08, 4.74554617824e-09, 5.39053335302e-09, 4.19957002507e-09, 4.91919394108e-09, 5.42713030072e-09, 6.60239241057e-09, 8.74178240906e-09, 6.2714526905e-08, 4.39942127173e-08, 1.19106688956e-08, 6.14366157947e-09, 2.35171060403e-09, 6.22675466744e-10, 1.62142535509e-10, 3.37835454056e-11, 1.30320125351e-12, 1.7939595393e-14], [-2.44248545e-11, 3.62503332907e-10, 1.7187824497e-08, 3.06024858787e-08, 6.68410322646e-08, 7.24786559658e-08, 3.89496186415e-08, 1.92027602708e-08, 1.69080784929e-08, 9.22877063658e-09, 6.31883079194e-09, 8.00691868363e-09, 5.73902658729e-09, 6.50711928785e-09, 7.2983050714e-09, 8.38017566451e-09, 9.96267690567e-09, 4.39942127173e-08, 5.98329563672e-08, 1.59868012162e-08, 8.67867822052e-09, 2.7730702179e-09, 6.90923485092e-10, 1.76313741385e-10, 3.83648390834e-11, 1.81578461034e-12, 2.21242989884e-14], [-7.67704563115e-12, 2.12951123402e-09, 1.59822501899e-08, 2.45470150873e-08, 5.92203797112e-08, 6.4088219176e-08, 2.74916232001e-08, 1.51857371122e-08, 1.33292381577e-08, 1.12647402517e-08, 4.59145299558e-09, 5.34410338204e-09, 4.52391057948e-09, 4.31060431794e-09, 6.05103522844e-09, 6.55084164691e-09, 6.663410268e-09, 1.19106688956e-08, 1.59868012162e-08, 1.53554982063e-08, 8.30739388391e-09, 2.44408715488e-09, 4.65775473746e-10, 1.05966638242e-10, 3.27639096409e-11, 1.56998795475e-12, 1.9758618976e-14], [-2.47059642709e-12, 8.96696938923e-10, 9.11891451238e-09, 1.53901460465e-08, 3.58389726784e-08, 3.90941252704e-08, 1.42292995164e-08, 7.98960897441e-09, 6.54049703286e-09, 3.71178465741e-09, 2.30455055039e-09, 2.72059463846e-09, 2.38376141048e-09, 2.27880336823e-09, 3.39865224852e-09, 3.5706291257e-09, 3.34640093413e-09, 6.14366157947e-09, 8.67867822052e-09, 8.30739388391e-09, 6.59245280588e-09, 1.61918345398e-09, 2.70954453319e-10, 6.47305889445e-11, 2.17801211094e-11, 1.30756245675e-12, 1.39701533626e-14], [-4.14538900168e-13, 2.98355368189e-10, 4.07593825358e-09, 6.38635544448e-09, 1.44206344643e-08, 1.58012820606e-08, 5.68498537135e-09, 3.66976071753e-09, 2.64509791847e-09, 1.62729441033e-09, 9.73106151214e-10, 1.14846299137e-09, 8.1368306537e-10, 8.68650040786e-10, 1.22807097824e-09, 1.30355026773e-09, 1.30718424973e-09, 2.35171060403e-09, 2.7730702179e-09, 2.44408715488e-09, 1.61918345398e-09, 8.45561343166e-10, 1.16059870048e-10, 2.60336197044e-11, 7.74825429511e-12, 2.46044856581e-13, 3.55498076248e-15], [-2.18925856718e-13, 4.25568712215e-11, 5.17032527902e-10, 9.42169897655e-10, 2.35520691838e-09, 2.68135869064e-09, 1.05349939883e-09, 5.67870916957e-10, 4.38841379902e-10, 2.34220781659e-10, 1.79596185146e-10, 1.88323648342e-10, 1.58824300933e-10, 1.57129059764e-10, 2.33544295014e-10, 2.48480624965e-10, 2.77350475919e-10, 6.22675466744e-10, 6.90923485092e-10, 4.65775473746e-10, 2.70954453319e-10, 1.16059870048e-10, 3.46952536145e-11, 6.72530477488e-12, 1.91538408398e-12, 5.14884359107e-14, 6.89722623565e-16], [-8.5658544602e-14, 8.92200723024e-12, 1.28821592282e-10, 2.28337987407e-10, 5.72837277613e-10, 6.00258509564e-10, 2.28006086234e-10, 1.20138440862e-10, 1.01047954726e-10, 5.79387753052e-11, 4.19294460263e-11, 4.43152042839e-11, 3.57617616076e-11, 3.50795642534e-11, 5.01572360034e-11, 5.92333473937e-11, 6.19598122809e-11, 1.62142535509e-10, 1.76313741385e-10, 1.05966638242e-10, 6.47305889445e-11, 2.60336197044e-11, 6.72530477488e-12, 1.88911646742e-12, 5.3057634241e-13, 1.52618345614e-14, 1.87484893053e-16], [-3.70516063577e-14, 1.2251543096e-12, 4.19905811511e-11, 7.1793578027e-11, 1.74393915975e-10, 1.57145213509e-10, 5.56408495667e-11, 3.27105703635e-11, 2.69099152683e-11, 1.71556761852e-11, 1.14303384466e-11, 1.35686895747e-11, 1.04493072181e-11, 1.00454297658e-11, 1.41106093823e-11, 1.75759025389e-11, 1.70199600941e-11, 3.37835454056e-11, 3.83648390834e-11, 3.27639096409e-11, 2.17801211094e-11, 7.74825429511e-12, 1.91538408398e-12, 5.3057634241e-13, 2.34430828699e-13, 6.38475012674e-15, 7.21701915737e-17], [-1.19206186568e-15, 5.57398264101e-14, 7.67945115051e-13, 1.41359070716e-12, 3.25615012384e-12, 3.55154252361e-12, 1.31197537643e-12, 7.03748040745e-13, 1.15771541659e-12, 4.21728000828e-13, 2.70803697392e-13, 3.25347306604e-13, 3.18287795209e-13, 2.5143919607e-13, 3.4058389789e-13, 4.29121229653e-13, 4.25114424999e-13, 1.30320125351e-12, 1.81578461034e-12, 1.56998795475e-12, 1.30756245675e-12, 2.46044856581e-13, 5.14884359107e-14, 1.52618345614e-14, 6.38475012674e-15, 4.94624466033e-16, 3.97937732981e-18], [1.11843686193e-17, 4.95532358297e-15, 3.60670017073e-14, 5.74834776133e-14, 1.06493800052e-13, 1.21239349398e-13, 6.26104663991e-14, 2.84500443766e-14, 2.74706201796e-14, 2.8842166421e-14, 7.70367571682e-15, 8.41829877969e-15, 7.36082811999e-15, 1.0987563161e-14, 8.79807108379e-15, 1.11090039687e-14, 9.69251331214e-15, 1.7939595393e-14, 2.21242989884e-14, 1.9758618976e-14, 1.39701533626e-14, 3.55498076248e-15, 6.89722623565e-16, 1.87484893053e-16, 7.21701915737e-17, 3.97937732981e-18, 3.20880290962e-19]]
    },
    "mfcc": {
        "kurt": [-0.428728342056, 0.583457708359, 0.345229387283, 0.500119686127, 0.141767263412, 0.55304646492, 0.216398239136, 0.328514575958, 0.551199913025, 0.20784163475, 0.0978453159332, 0.170021772385, 0.48770737648],
        "max": [-582.951477051, 197.627227783, 4.32043075562, 81.702255249, 8.87580490112, 29.1972637177, 32.6329421997, 33.9877090454, 29.6562995911, 32.4781074524, 29.4854469299, 22.4469947815, 31.3342514038],
        "mean": [-729.497009277, 147.06388855, -48.2954292297, 43.7453689575, -23.772562027, -2.26569056511, -3.97780156136, -0.728537738323, -1.65400576591, 0.3761305511, 1.27507650852, -2.69929122925, -2.1555147171],
        "median": [-728.262023926, 149.444732666, -48.3698654175, 43.7022438049, -23.9368896484, -2.20114898682, -4.16133880615, -0.801685333252, -1.67301559448, 0.465797424316, 1.08737182617, -2.81340026855, -2.26602935791],
        "min": [-921.723510742, 59.5977554321, -97.5356445312, 9.01982498169, -55.6143341064, -41.7159042358, -37.9601821899, -32.4569015503, -45.8649864197, -34.0377426147, -24.8880081177, -33.9640541077, -28.380022049],
        "skew": [0.179110318422, -0.714425623417, -0.0296460483223, 0.0692025274038, 0.0332321003079, -0.111851394176, 0.0485649481416, 0.0584371015429, -0.0882462635636, -0.0755173265934, 0.0795141980052, 0.110642552376, 0.101389199495],
        "var": [1896.49902344, 295.608215332, 152.83039856, 97.0783615112, 80.5791320801, 65.0348358154, 71.693321228, 55.1445274353, 66.8448486328, 47.7628135681, 53.6517181396, 42.4331626892, 44.7237319946],
        "cov": [[1896.75097656, -405.425323486, 50.734664917, 61.702507019, -121.392585754, 31.555727005, -163.35798645, -30.0667915344, -146.548797607, -29.6365680695, -118.092651367, -26.3274650574, -58.9960670471], [-405.425323486, 295.647491455, -46.3339920044, -13.5997142792, 27.4655323029, -12.1673240662, 46.3463401794, 6.8857626915, 45.4618797302, 16.5086688995, 45.0863037109, 13.1613378525, 20.1529846191], [50.734664917, -46.3339920044, 152.850708008, 45.685043335, 22.8146209717, 28.7098045349, 5.05541133881, 9.76797485352, 1.47043955326, 0.481164485216, -11.490193367, -4.96020364761, -7.25943946838], [61.702507019, -13.5997142792, 45.685043335, 97.091255188, 33.2929191589, 19.7000846863, -1.06285238266, 1.93382966518, 0.68960249424, 4.83150148392, -4.50450277328, 0.0372495763004, 0.0295328572392], [-121.392585754, 27.4655323029, 22.8146209717, 33.2929191589, 80.5898361206, 18.0151081085, 18.0730781555, 4.17969894409, 14.2987356186, 9.08681297302, 13.2500419617, 6.30612277985, 9.41165828705], [31.555727005, -12.1673240662, 28.7098045349, 19.7000846863, 18.0151081085, 65.04347229, 16.1730365753, 7.67931461334, 7.21504545212, 4.16966676712, -2.67456030846, 1.47897255421, 2.08213710785], [-163.35798645, 46.3463401794, 5.05541133881, -1.06285238266, 18.0730781555, 16.1730365753, 71.7028503418, 27.6932373047, 25.4644470215, 7.38334369659, 16.0211715698, 4.59296369553, 7.96014547348], [-30.0667915344, 6.8857626915, 9.76797485352, 1.93382966518, 4.17969894409, 7.67931461334, 27.6932373047, 55.1518516541, 22.2240371704, 9.50859832764, 7.4308962822, 4.20208644867, 0.221747979522], [-146.548797607, 45.4618797302, 1.47043955326, 0.68960249424, 14.2987356186, 7.21504545212, 25.4644470215, 22.2240371704, 66.853729248, 26.0834178925, 18.5101261139, 4.87705135345, 6.67903470993], [-29.6365680695, 16.5086688995, 0.481164485216, 4.83150148392, 9.08681297302, 4.16966676712, 7.38334369659, 9.50859832764, 26.0834178925, 47.7691574097, 22.387676239, 7.9282951355, 5.20849895477], [-118.092651367, 45.0863037109, -11.490193367, -4.50450277328, 13.2500419617, -2.67456030846, 16.0211715698, 7.4308962822, 18.5101261139, 22.387676239, 53.6588439941, 23.2796077728, 11.6412324905], [-26.3274650574, 13.1613378525, -4.96020364761, 0.0372495763004, 6.30612277985, 1.47897255421, 4.59296369553, 4.20208644867, 4.87705135345, 7.9282951355, 23.2796077728, 42.4388008118, 22.763677597], [-58.9960670471, 20.1529846191, -7.25943946838, 0.0295328572392, 9.41165828705, 2.08213710785, 7.96014547348, 0.221747979522, 6.67903470993, 5.20849895477, 11.6412324905, 22.763677597, 44.729675293]]
    },
    "sccoeffs": {
        "kurt": [1.35081338882, 2.7885890007, 4.43930625916, 4.1580247879, 5.59939098358, 1.40470409393],
        "max": [-0.344494879246, -0.455201208591, -0.457291245461, -0.599635899067, -0.621013402939, -0.621663510799],
        "mean": [-0.71173119545, -0.786963880062, -0.800294160843, -0.819254994392, -0.823662936687, -0.745749473572],
        "median": [-0.717930555344, -0.794708907604, -0.80624204874, -0.824087977409, -0.826575994492, -0.747222959995],
        "min": [-0.919761061668, -0.933546721935, -0.916446983814, -0.902356028557, -0.894802927971, -0.89317214489],
        "skew": [0.763890683651, 1.19887197018, 1.33634972572, 1.43458759785, 1.4546931982, 0.386765658855],
        "var": [0.00438135163859, 0.00312503078021, 0.00219790474512, 0.00117513351142, 0.000556406739634, 0.000467161677079],
        "cov": [[0.00438193418086, 0.000360554287909, 2.29192755796e-05, -7.84097865107e-05, 5.85462767049e-05, 0.000215110616409], [0.000360554287909, 0.00312544591725, 0.000352654140443, 0.000570036878344, 0.000262945133727, 0.000132621309604], [2.29192755796e-05, 0.000352654140443, 0.00219819671474, 0.000370460184058, 0.000203028917895, 7.30620595277e-05], [-7.84097865107e-05, 0.000570036878344, 0.000370460184058, 0.00117528962437, 0.000235118801356, 5.01210306538e-05], [5.85462767049e-05, 0.000262945133727, 0.000203028917895, 0.000235118801356, 0.000556480663363, 0.00010040513007], [0.000215110616409, 0.000132621309604, 7.30620595277e-05, 5.01210306538e-05, 0.00010040513007, 0.00046722375555]]
    },
    "scvalleys": {
        "kurt": [0.239315509796, 0.134016275406, -0.268179655075, -0.253842830658, -0.381834983826, -0.682020187378],
        "max": [-4.42567205429, -3.99542403221, -5.0881934166, -5.41514921188, -5.76199531555, -8.28400421143],
        "mean": [-6.4426407814, -5.95035982132, -6.47828197479, -7.0264043808, -7.38229131699, -10.4489040375],
        "median": [-6.43026447296, -5.94046735764, -6.46076869965, -7.01335954666, -7.37585639954, -10.4781036377],
        "min": [-8.64690876007, -8.31829357147, -8.22578334808, -9.00835227966, -9.02988815308, -11.8349351883],
        "skew": [-0.131030261517, 0.0324798449874, -0.14238961041, 0.0421878993511, 0.173503160477, 0.229047343135],
        "var": [0.221577078104, 0.216463670135, 0.180769130588, 0.173525348306, 0.216204091907, 0.441768676043],
        "cov": [[0.221606522799, 0.0748895183206, 0.0582512356341, 0.0718775242567, 0.0870311930776, 0.117447584867], [0.0748895183206, 0.216492429376, 0.115744814277, 0.125757217407, 0.14555644989, 0.181626558304], [0.0582512356341, 0.115744814277, 0.180793151259, 0.121613301337, 0.133691072464, 0.168339014053], [0.0718775242567, 0.125757217407, 0.121613301337, 0.173548400402, 0.160413816571, 0.196723103523], [0.0870311930776, 0.14555644989, 0.133691072464, 0.160413816571, 0.216232821345, 0.264170944691], [0.117447584867, 0.181626558304, 0.168339014053, 0.196723103523, 0.264170944691, 0.441827386618]]
    }
},
"rhythm": {
    "beats_loudness": {
        "kurt": 41.49659729,
        "max": 0.0416053570807,
        "mean": 0.00380033697002,
        "median": 0.00270379614085,
        "min": 0.000413375964854,
        "skew": 5.57806634903,
        "var": 1.81429277291e-05
    },
    "bpm": 129.791030884,
    "confidence": -0.140781790018,
    "first_peak_bpm": {
        "kurt": 0,
        "max": 129,
        "mean": 129,
        "median": 129,
        "min": 129,
        "skew": 0,
        "var": 0
    },
    "first_peak_spread": {
        "kurt": 0,
        "max": 0.578313231468,
        "mean": 0.578313231468,
        "median": 0.578313231468,
        "min": 0.578313231468,
        "skew": 0,
        "var": 0
    },
    "first_peak_weight": {
        "kurt": 0,
        "max": 0.0980392172933,
        "mean": 0.0980392172933,
        "median": 0.0980392172933,
        "min": 0.0980392172933,
        "skew": 0,
        "var": 0
    },
    "onset_rate": 0.446364462376,
    "second_peak_bpm": {
        "kurt": 0,
        "max": 152,
        "mean": 152,
        "median": 152,
        "min": 152,
        "skew": 0,
        "var": 0
    },
    "second_peak_spread": {
        "kurt": 0,
        "max": 0.382978737354,
        "mean": 0.382978737354,
        "median": 0.382978737354,
        "min": 0.382978737354,
        "skew": 0,
        "var": 0
    },
    "second_peak_weight": {
        "kurt": 0,
        "max": 0.0812324956059,
        "mean": 0.0812324956059,
        "median": 0.0812324956059,
        "min": 0.0812324956059,
        "skew": 0,
        "var": 0
    },
    "beats_loudness_band_ratio": {
        "kurt": [0.519789218903, 2.06474685669, 1.33194637299, 1.77088212967, 11.4730682373, 6.38846683502],
        "max": [0.66846036911, 0.734555125237, 0.845176696777, 0.534460783005, 0.581939578056, 0.384197592735],
        "mean": [0.199571147561, 0.193452373147, 0.308992236853, 0.152351915836, 0.121809057891, 0.0715048760176],
        "median": [0.162882834673, 0.173277586699, 0.271296799183, 0.136125162244, 0.115364924073, 0.0581287071109],
        "min": [0.0128120705485, 0.0216311663389, 0.0384457185864, 0.0120267560706, 0.0266012009233, 0.00964270438999],
        "skew": [1.06539988518, 1.19195342064, 1.14125907421, 1.10654652119, 2.41166329384, 2.04150986671],
        "var": [0.0201982706785, 0.0116504756734, 0.021336723119, 0.00611804239452, 0.00402714684606, 0.00230547063984],
        "cov": [[0.0202548485249, -0.00284270453267, -0.00979501660913, -0.00418966123834, -0.00242263055407, -0.00134565576445], [-0.00284270453267, 0.0116831101477, -0.00548340333626, -0.00172897963785, -0.000781346927397, -0.00013065256644], [-0.00979501660913, -0.00548340333626, 0.0213964898139, -0.000200768787181, -0.00255936989561, -0.00246525020339], [-0.00418966123834, -0.00172897963785, -0.000200768787181, 0.00613517966121, 0.000161042800755, 3.56046766683e-05], [-0.00242263055407, -0.000781346927397, -0.00255936989561, 0.000161042800755, 0.00403842749074, 0.00146666029468], [-0.00134565576445, -0.00013065256644, -0.00246525020339, 3.56046766683e-05, 0.00146666029468, 0.0023119286634]]
    },
