{
"metadata": {
    "version": {
        "essentia": "2.1-beta3"
    }
},
"lowLevel": {
    "average_loudness": 0.260337293148,
    "barkbands_kurtosis": {
        "kurt": 26.7281227112,
        "max": 18.8865356445,
        "mean": 0.255979448557,
        "median": -0.23361158371,
        "min": -1.48010778427,
        "skew": 4.19113779068,
        "var": 2.98240113258
    },
    "barkbands_skewness": {
        "kurt": 1.88254070282,
        "max": 4.04068183899,
        "mean": 0.357348918915,
        "median": 0.35049572587,
        "min": -2.30249857903,
        "skew": 0.449238032103,
        "var": 0.55041462183
    },
    "barkbands_spread": {
        "kurt": 0.319584608078,
        "max": 38.3852882385,
        "mean": 15.9919586182,
        "median": 16.2963275909,
        "min": 2.72924113274,
        "skew": 0.120244309306,
        "var": 27.0359859467
    },
    "dissonance": {
        "kurt": 3.59525728226,
        "max": 0.499999970198,
        "mean": 0.469796210527,
        "median": 0.476174503565,
        "min": 0.318931818008,
        "skew": -1.58463799953,
        "var": 0.000558100757189
    },
    "hfc": {
        "kurt": 16.1641368866,
        "max": 5.50144195557,
        "mean": 0.385711252689,
        "median": 0.132163152099,
        "min": 1.16326661006e-16,
        "skew": 3.27949762344,
        "var": 0.340778380632
    },
    "pitch": {
        "kurt": 22.2265338898,
        "max": 1867.47692871,
        "mean": 283.376922607,
        "median": 261.708312988,
        "min": 58.3837776184,
        "skew": 2.72810864449,
        "var": 19701.171875
    },
    "pitch_instantaneous_confidence": {
        "kurt": -0.248031616211,
        "max": 0.883518993855,
        "mean": 0.373040556908,
        "median": 0.334849238396,
        "min": 0.106832146645,
        "skew": 0.741655468941,
        "var": 0.0263831578195
    },
    "pitch_salience": {
        "kurt": 0.152051687241,
        "max": 0.874612569809,
        "mean": 0.669954717159,
        "median": 0.680203974247,
        "min": 0.330508470535,
        "skew": -0.586849868298,
        "var": 0.00781277101487
    },
    "silence_rate_20dB": {
        "kurt": 0,
        "max": 1,
        "mean": 1,
        "median": 1,
        "min": 1,
        "skew": 0,
        "var": 0
    },
    "silence_rate_30dB": {
        "kurt": 0,
        "max": 1,
        "mean": 1,
        "median": 1,
        "min": 1,
        "skew": 0,
        "var": 0
    },
    "silence_rate_60dB": {
        "kurt": 299.132720947,
        "max": 1,
        "mean": 0.996712088585,
        "median": 1,
        "min": 0,
        "skew": -17.3531284332,
        "var": 0.00327719096094
    },
    "spectral_centroid": {
        "kurt": 460.772949219,
        "max": 11226.7070312,
        "mean": 996.269165039,
        "median": 1002.15917969,
        "min": 304.835662842,
        "skew": 14.7080249786,
        "var": 105488.554688
    },
    "spectral_complexity": {
        "kurt": 1.43954610825,
        "max": 9,
        "mean": 1.23391258717,
        "median": 0,
        "min": 0,
        "skew": 1.50336945057,
        "var": 3.34500479698
    },
    "spectral_crest": {
        "kurt": 2.40267467499,
        "max": 21.0138645172,
        "mean": 7.15671443939,
        "median": 6.20319843292,
        "min": 2.50037932396,
        "skew": 1.49205827713,
        "var": 11.0348501205
    },
    "spectral_decrease": {
        "kurt": 25.9532470703,
        "max": -5.61967926021e-30,
        "mean": -8.26970228407e-11,
        "median": -3.78726112971e-11,
        "min": -1.50413492772e-09,
        "skew": -3.71410632133,
        "var": 1.27150778717e-20
    },
    "spectral_energy": {
        "kurt": 21.5227012634,
        "max": 0.00583837367594,
        "mean": 0.000347102264641,
        "median": 0.00015782029368,
        "min": 1.05723844327e-20,
        "skew": 3.49589037895,
        "var": 2.25785754537e-07
    },
    "spectral_energyband_high": {
        "kurt": 46.6047821045,
        "max": 0.000130867381813,
        "mean": 3.42563566846e-06,
        "median": 9.64564605965e-07,
        "min": 7.71690445162e-21,
        "skew": 6.10560321808,
        "var": 9.15286180181e-11
    },
    "spectral_energyband_low": {
        "kurt": 59.0776977539,
        "max": 0.000298489379929,
        "mean": 1.12685320346e-05,
        "median": 6.51519803796e-06,
        "min": 1.27318275218e-22,
        "skew": 5.70570039749,
        "var": 2.78444739488e-10
    },
    "spectral_energyband_middle_high": {
        "kurt": 18.3551540375,
        "max": 0.00367413298227,
        "mean": 0.000228126489674,
        "median": 5.81594467803e-05,
        "min": 1.47041976367e-21,
        "skew": 3.48191857338,
        "var": 1.40041819918e-07
    },
    "spectral_energyband_middle_low": {
        "kurt": 394.880432129,
        "max": 0.00557981850579,
        "mean": 0.000109791370051,
        "median": 6.03754524491e-05,
        "min": 3.66815423679e-22,
        "skew": 16.1362342834,
        "var": 4.1206156709e-08
    },
    "spectral_flatness_db": {
        "kurt": 0.941970586777,
        "max": 0.317985832691,
        "mean": 0.168056845665,
        "median": 0.161685273051,
        "min": 0.0716623589396,
        "skew": 0.919447362423,
        "var": 0.00102200568654
    },
    "spectral_flux": {
        "kurt": 6.91502475739,
        "max": 0.0652878060937,
        "mean": 0.00881482753903,
        "median": 0.00737872021273,
        "min": 1.02822098058e-10,
        "skew": 1.57687246799,
        "var": 3.02355801978e-05
    },
    "spectral_kurtosis": {
        "kurt": 3.27515649796,
        "max": 41.9423065186,
        "mean": 11.483253479,
        "median": 10.9315872192,
        "min": -1.22350943089,
        "skew": 1.08437430859,
        "var": 21.8032360077
    },
    "spectral_rms": {
        "kurt": 1.86255979538,
        "max": 0.00238662399352,
        "mean": 0.000485582713736,
        "median": 0.000392391404603,
        "min": 3.21162280797e-12,
        "skew": 1.20273184776,
        "var": 1.02846009042e-07
    },
    "spectral_rolloff": {
        "kurt": 436.076751709,
        "max": 18712.3535156,
        "mean": 1611.69287109,
        "median": 1614.99023438,
        "min": 279.931640625,
        "skew": 14.5652484894,
        "var": 303938.78125
    },
    "spectral_skewness": {
        "kurt": 1.94313240051,
        "max": 5.0662279129,
        "mean": 2.48005151749,
        "median": 2.47505497932,
        "min": -0.0254943724722,
        "skew": 0.0764834806323,
        "var": 0.18374222517
    },
    "spectral_spread": {
        "kurt": 735.397460938,
        "max": 40087940,
        "mean": 2847689.25,
        "median": 2818956.75,
        "min": 1359273.375,
        "skew": 21.0611381531,
        "var": 1.10667156685e+12
    },
    "spectral_strongpeak": {
        "kurt": 14.2845497131,
        "max": 3.22437572479,
        "mean": 0.243832319975,
        "median": 0.101406127214,
        "min": 9.861997885e-10,
        "skew": 3.07387661934,
        "var": 0.127223417163
    },
    "zerocrossingrate": {
        "kurt": 438.913635254,
        "max": 0.50537109375,
        "mean": 0.0573442652822,
        "median": 0.0576171875,
        "min": 0.0185546875,
        "skew": 14.3051300049,
        "var": 0.000207467688597
    },
    "barkbands": {
        "kurt": [811.664550781, 72.573638916, 29.2013893127, 188.122848511, 738.360046387, 949.506652832, 29.2626647949, 30.4605178833, 706.109436035, 24.4754905701, 18.3548660278, 15.8421401978, 45.7673072815, 194.947067261, 105.784370422, 15.1345748901, 22.5154399872, 168.296569824, 355.727416992, 27.1722164154, 57.5871276855, 42.77734375, 49.2267875671, 60.6875305176, 53.9529342651, 53.9706916809, 276.600982666],
        "max": [1.64542518633e-06, 0.000123455014545, 9.50507310336e-05, 0.000369056244381, 0.00375358387828, 0.00204137968831, 0.000524701899849, 0.000492053455673, 0.000604138185736, 0.000896929355804, 0.000293612538371, 0.000251745950663, 0.00238886778243, 0.00251414324157, 0.000530435645487, 0.000186366421985, 0.000144177349284, 0.000191609142348, 0.000653853348922, 5.88991206314e-05, 6.5357729909e-05, 2.53815524047e-05, 6.29813530395e-06, 2.42423084273e-06, 6.58352007576e-07, 6.66632926638e-09, 8.94784579764e-10],
        "mean": [1.5699896494e-08, 3.20531034959e-06, 4.88883461003e-06, 7.60987677495e-06, 2.99119983538e-05, 1.73281114257e-05, 2.40571698669e-05, 2.02155079023e-05, 7.42670408727e-06, 4.45019795734e-05, 1.69986087712e-05, 1.79041271622e-05, 6.94194823154e-05, 3.69167537428e-05, 1.41491836985e-05, 1.14965250759e-05, 7.05724642103e-06, 3.97278654418e-06, 4.96746770295e-06, 2.73360501524e-06, 1.58098646352e-06, 5.53501138256e-07, 1.35704482318e-07, 4.11747507201e-08, 1.42813920689e-08, 2.78726153269e-10, 1.63046121743e-11],
        "median": [8.02108957032e-09, 1.2160105598e-06, 2.48798050961e-06, 3.44994191437e-06, 1.12476491267e-05, 8.18767057353e-06, 9.60369652603e-06, 6.17263958702e-06, 4.50622019343e-06, 9.33742649067e-06, 5.49370543013e-06, 6.46499438517e-06, 9.8537066151e-06, 6.69222845318e-06, 4.88033947477e-06, 3.44304726241e-06, 2.21285927182e-06, 1.83404858944e-06, 1.68869917161e-06, 9.43482916682e-07, 3.88813191421e-07, 9.18311542364e-08, 1.83718054103e-08, 6.36049790614e-09, 2.65142530154e-09, 1.73309117057e-10, 8.27846124984e-12],
        "min": [1.36710482343e-24, 3.49011028686e-23, 4.02823017563e-23, 9.36957865035e-23, 6.04362495361e-23, 3.2154270264e-23, 8.19146095788e-23, 3.0563841482e-23, 5.16623618434e-23, 5.37818859453e-23, 4.51674396633e-23, 9.6963746933e-23, 1.1370507297e-22, 6.17165770962e-23, 1.15462718176e-22, 1.84112385509e-22, 2.59404122824e-22, 1.74392445332e-22, 2.14601897361e-22, 4.46353605558e-22, 4.4333382077e-22, 5.13915036117e-22, 5.96148724155e-22, 7.03072925489e-22, 1.17991064078e-21, 1.84420462829e-21, 2.34239192366e-21],
        "skew": [24.9950790405, 7.12437391281, 4.64037656784, 10.9211816788, 23.4899139404, 26.5217227936, 4.27336263657, 4.81468868256, 22.1660575867, 4.2758026123, 3.79337024689, 3.29260087013, 5.77355527878, 12.2628383636, 8.23703098297, 3.32161855698, 4.03883504868, 10.7742767334, 17.7440261841, 4.77240276337, 6.59979581833, 6.11940097809, 6.52120494843, 7.11368894577, 6.91443777084, 6.65919589996, 12.8955278397],
        "var": [2.1022089319e-15, 5.35500116472e-11, 6.41715777738e-11, 2.75103551051e-10, 1.14929372685e-08, 2.89694224165e-09, 1.58008195417e-09, 1.86053328299e-09, 2.94625879249e-10, 8.36972002816e-09, 9.57792734013e-10, 7.39479089074e-10, 3.12175494344e-08, 1.69850391529e-08, 9.46314138162e-10, 3.52542439686e-10, 1.58207558165e-10, 7.54836679273e-11, 6.61974641769e-10, 3.47114906263e-11, 2.071663327e-11, 4.13107135305e-12, 2.93698279672e-13, 2.83835082445e-14, 3.14431187284e-15, 2.87409435602e-19, 1.07315223908e-21],
        "cov": [[2.10319678408e-15, 1.28625314067e-13, 7.5371878335e-14, 3.41401196592e-13, 3.42263522211e-12, 8.22650541438e-13, 3.75999924284e-14, 7.13934255681e-14, 5.56611018127e-13, -6.42687061881e-14, -2.51534836254e-14, -2.00826954757e-14, -2.13821649731e-13, -1.17046834464e-13, -2.79841000226e-14, -2.50418870346e-14, -1.12146061074e-14, -8.19314217572e-15, -6.92637179233e-15, -7.21032222372e-15, -6.68638406497e-15, -2.38221155448e-15, -6.374894369e-16, -1.66563642477e-16, -5.12288636699e-17, -6.48360643108e-20, 3.96190109727e-20], [1.28625314067e-13, 5.35751755459e-11, 2.20653825073e-11, 3.97386394624e-11, 3.22553567189e-10, 9.23162518651e-11, 8.80139017223e-11, 6.88708673424e-11, 5.61803381594e-11, 5.6485850719e-11, 3.36314760763e-11, 2.59504431832e-11, 1.34160932364e-10, 6.64445928833e-11, 3.8314209444e-11, 2.65434722813e-11, 1.23205334823e-11, 1.29338493041e-11, 1.69687649348e-11, 1.95713775047e-11, 1.1071401608e-11, 6.19573663208e-12, 1.72559958943e-12, 4.36423331284e-13, 1.43143906017e-13, 1.29114333293e-15, 2.38557498997e-17], [7.5371878335e-14, 2.20653825073e-11, 6.42017342067e-11, 6.06187947061e-11, 3.7249181517e-10, 1.45451983791e-10, 4.55625329132e-11, 1.00662915503e-11, 3.21449915297e-11, 5.43108093221e-12, 4.03374902924e-12, 4.98313066158e-12, 1.45348598608e-12, 4.09513005104e-12, 1.86479894027e-11, 8.41125780138e-12, 2.02426465347e-12, 2.38455435952e-12, 5.30803526133e-12, 8.56021416945e-12, 2.11043118745e-12, 1.54601212474e-12, 4.8580573158e-13, 7.62545950862e-14, 1.9509448988e-14, 2.12381136902e-16, 1.63889261678e-17], [3.41401196592e-13, 3.97386394624e-11, 6.06187947061e-11, 2.75232808766e-10, 1.24503229948e-09, 5.61063195903e-10, 9.77243008737e-11, 9.59990698046e-11, 1.49650042358e-10, 2.78005066884e-11, 2.44214960754e-11, 2.85133687494e-11, 4.20631689202e-11, 3.69077338136e-11, 3.67543322166e-11, 1.96502935451e-11, 7.29134808086e-12, 1.11034913902e-11, 1.5569380854e-11, 1.68184442068e-11, 7.5049437151e-12, 4.45568668767e-12, 1.14460383446e-12, 3.36281566829e-13, 9.5277423646e-14, 1.01342653463e-15, 4.1591322796e-17], [3.42263522211e-12, 3.22553567189e-10, 3.7249181517e-10, 1.24503229948e-09, 1.14983382815e-08, 3.88627885428e-09, 5.33776522982e-10, 6.25821672262e-10, 1.40203837429e-09, -9.38550973051e-11, 9.27995735811e-11, 2.19813212771e-11, 1.15586698199e-11, -5.30497217335e-12, 1.33207014863e-10, 4.20459188299e-11, 8.0388213447e-12, 5.2399310585e-11, 5.82699166696e-11, 9.50879236461e-11, 5.68373681453e-11, 2.92437289662e-11, 7.30413212552e-12, 2.27544155393e-12, 7.11322710803e-13, 6.78242913086e-15, 2.39878116006e-16], [8.22650541438e-13, 9.23162518651e-11, 1.45451983791e-10, 5.61063195903e-10, 3.88627885428e-09, 2.89830359712e-09, 4.1666659012e-10, 4.25076640553e-10, 4.82327566775e-10, 2.36923675123e-10, 1.47714673826e-10, 7.46039827138e-11, 3.90342702605e-10, 1.13634171517e-10, 1.39666569976e-10, 7.37557723229e-11, 5.82092152257e-11, 4.33889556228e-11, 6.8714908763e-11, 8.54672305151e-11, 6.65006660849e-11, 2.81983360273e-11, 7.28907038894e-12, 2.54028569013e-12, 8.01539553046e-13, 7.24729012967e-15, 1.36116897605e-16], [3.75999924284e-14, 8.80139017223e-11, 4.55625329132e-11, 9.77243008737e-11, 5.33776522982e-10, 4.1666659012e-10, 1.58082447133e-09, 9.00057972597e-10, 1.45515655081e-10, 1.3132622767e-09, 6.05584526969e-10, 3.96916971512e-10, 2.42577669063e-09, 1.01772501537e-09, 4.33915237075e-10, 3.30316052288e-10, 2.63045057958e-10, 1.3234156826e-10, 2.55101689772e-10, 1.31370470058e-10, 9.40686140094e-11, 4.49008365211e-11, 1.12477128306e-11, 3.3062096897e-12, 1.12760072547e-12, 1.03459407857e-14, 3.31143083806e-16], [7.13934255681e-14, 6.88708673424e-11, 1.00662915503e-11, 9.59990698046e-11, 6.25821672262e-10, 4.25076640553e-10, 9.00057972597e-10, 1.86140758363e-09, 1.53369539291e-10, 1.34246680439e-09, 7.68120067551e-10, 3.93854143743e-10, 2.44347386769e-09, 2.20477391899e-09, 3.85549620008e-10, 3.62780805396e-10, 2.83198603457e-10, 1.170076952e-10, 1.18391699222e-10, 1.18443935215e-10, 6.64070534673e-11, 3.12725817464e-11, 7.00260465933e-12, 2.37072124085e-12, 8.06929718357e-13, 7.35348942653e-15, 4.06605804942e-16], [5.56611018127e-13, 5.61803381594e-11, 3.21449915297e-11, 1.49650042358e-10, 1.40203837429e-09, 4.82327566775e-10, 1.45515655081e-10, 1.53369539291e-10, 2.9476432406e-10, 1.14631873438e-10, 6.74955022428e-11, 4.48549010434e-11, 3.00722169388e-10, 6.53870291245e-11, 5.81064432681e-11, 3.66690983133e-11, 1.9468926471e-11, 2.1339404202e-11, 2.40777744964e-11, 2.47941198822e-11, 1.82010292255e-11, 8.99923972147e-12, 2.4524644468e-12, 7.37188576242e-13, 2.36996566035e-13, 2.24957508879e-15, 5.02722855397e-17], [-6.42687061881e-14, 5.6485850719e-11, 5.43108093221e-12, 2.78005066884e-11, -9.38550973051e-11, 2.36923675123e-10, 1.3132622767e-09, 1.34246680439e-09, 1.14631873438e-10, 8.3736528822e-09, 1.21891485794e-09, 1.1328490368e-09, 5.80781511772e-09, 2.4948680899e-09, 8.86632545161e-10, 7.91892162955e-10, 5.23429855015e-10, 1.74812178622e-10, 2.00324201671e-10, 1.2248298209e-10, 6.35478614175e-11, 2.67613951832e-11, 6.01742570702e-12, 2.0470066614e-12, 6.3548905721e-13, 6.62267067019e-15, 6.71766160358e-16], [-2.51534836254e-14, 3.36314760763e-11, 4.03374902924e-12, 2.44214960754e-11, 9.27995735811e-11, 1.47714673826e-10, 6.05584526969e-10, 7.68120067551e-10, 6.74955022428e-11, 1.21891485794e-09, 9.58242818427e-10, 4.64602745165e-10, 2.19744666907e-09, 1.22401044855e-09, 3.22617044191e-10, 2.80256817753e-10, 2.41404951584e-10, 7.49008424727e-11, 8.50835998878e-11, 7.98083196751e-11, 4.43505926429e-11, 2.0329776057e-11, 4.68635633771e-12, 1.55582599755e-12, 5.25578224605e-13, 5.20808795531e-15, 2.50078669092e-16], [-2.00826954757e-14, 2.59504431832e-11, 4.98313066158e-12, 2.85133687494e-11, 2.19813212771e-11, 7.46039827138e-11, 3.96916971512e-10, 3.93854143743e-10, 4.48549010434e-11, 1.1328490368e-09, 4.64602745165e-10, 7.3982658888e-10, 1.58813939777e-09, 8.81866302205e-10, 2.27256172214e-10, 2.59163634997e-10, 1.42952649718e-10, 7.58196005979e-11, 1.32388988661e-10, 4.76977242425e-11, 2.29961171633e-11, 1.0971825011e-11, 2.76726970332e-12, 7.97132704896e-13, 2.75885434289e-13, 3.40001799061e-15, 1.84977609355e-16], [-2.13821649731e-13, 1.34160932364e-10, 1.45348598608e-12, 4.20631689202e-11, 1.15586698199e-11, 3.90342702605e-10, 2.42577669063e-09, 2.44347386769e-09, 3.00722169388e-10, 5.80781511772e-09, 2.19744666907e-09, 1.58813939777e-09, 3.12322185891e-08, 7.81745246314e-09, 2.88079937683e-09, 1.42572464945e-09, 7.22140458542e-10, 4.51555459691e-10, 5.65180735546e-10, 3.39094918811e-10, 1.59619761853e-10, 8.48408426846e-11, 1.88339014523e-11, 6.08702281288e-12, 1.95895188092e-12, 1.96300325983e-14, 1.67767474819e-15], [-1.17046834464e-13, 6.64445928833e-11, 4.09513005104e-12, 3.69077338136e-11, -5.30497217335e-12, 1.13634171517e-10, 1.01772501537e-09, 2.20477391899e-09, 6.53870291245e-11, 2.4948680899e-09, 1.22401044855e-09, 8.81866302205e-10, 7.81745246314e-09, 1.69930221006e-08, 1.05232333958e-09, 9.75687419746e-10, 4.83350082181e-10, 1.96331950697e-10, 2.30610142093e-10, 2.34714025993e-10, 6.41696487613e-11, 3.43570172312e-11, 6.274170853e-12, 1.98180751323e-12, 6.36480614307e-13, 7.4034304891e-15, 1.77677442664e-15], [-2.79841000226e-14, 3.8314209444e-11, 1.86479894027e-11, 3.67543322166e-11, 1.33207014863e-10, 1.39666569976e-10, 4.33915237075e-10, 3.85549620008e-10, 5.81064432681e-11, 8.86632545161e-10, 3.22617044191e-10, 2.27256172214e-10, 2.88079937683e-09, 1.05232333958e-09, 9.46758893505e-10, 2.41438813386e-10, 1.55558510517e-10, 7.0469970137e-11, 8.08964076282e-11, 7.39741878863e-11, 3.80108201858e-11, 1.96060580965e-11, 4.76777818614e-12, 1.47290925116e-12, 4.82093694392e-13, 4.48193507996e-15, 2.00039655102e-16], [-2.50418870346e-14, 2.65434722813e-11, 8.41125780138e-12, 1.96502935451e-11, 4.20459188299e-11, 7.37557723229e-11, 3.30316052288e-10, 3.62780805396e-10, 3.66690983133e-11, 7.91892162955e-10, 2.80256817753e-10, 2.59163634997e-10, 1.42572464945e-09, 9.75687419746e-10, 2.41438813386e-10, 3.52708084961e-10, 1.19394660825e-10, 5.99094038267e-11, 7.57293810993e-11, 5.0129303486e-11, 2.8256171708e-11, 1.27836864358e-11, 2.93727108608e-12, 9.19459061839e-13, 3.1709839832e-13, 3.39003613084e-15, 1.93851589732e-16], [-1.12146061074e-14, 1.23205334823e-11, 2.02426465347e-12, 7.29134808086e-12, 8.0388213447e-12, 5.82092152257e-11, 2.63045057958e-10, 2.83198603457e-10, 1.9468926471e-11, 5.23429855015e-10, 2.41404951584e-10, 1.42952649718e-10, 7.22140458542e-10, 4.83350082181e-10, 1.55558510517e-10, 1.19394660825e-10, 1.58281901474e-10, 3.47321338356e-11, 4.88834216161e-11, 3.19684556604e-11, 1.74284336962e-11, 7.89395892403e-12, 1.7983463026e-12, 6.00862621377e-13, 2.12535352273e-13, 2.06153525681e-15, 1.05058753762e-16], [-8.19314217572e-15, 1.29338493041e-11, 2.38455435952e-12, 1.11034913902e-11, 5.2399310585e-11, 4.33889556228e-11, 1.3234156826e-10, 1.170076952e-10, 2.1339404202e-11, 1.74812178622e-10, 7.49008424727e-11, 7.58196005979e-11, 4.51555459691e-10, 1.96331950697e-10, 7.0469970137e-11, 5.99094038267e-11, 3.47321338356e-11, 7.55191395529e-11, 1.76198083901e-10, 2.03531826809e-11, 1.39598801269e-11, 6.55033102412e-12, 1.66498433964e-12, 5.08515376075e-13, 1.6698589126e-13, 1.54851577626e-15, 6.26782940447e-17], [-6.92637179233e-15, 1.69687649348e-11, 5.30803526133e-12, 1.5569380854e-11, 5.82699166696e-11, 6.8714908763e-11, 2.55101689772e-10, 1.18391699222e-10, 2.40777744964e-11, 2.00324201671e-10, 8.50835998878e-11, 1.32388988661e-10, 5.65180735546e-10, 2.30610142093e-10, 8.08964076282e-11, 7.57293810993e-11, 4.88834216161e-11, 1.76198083901e-10, 6.62285726261e-10, 2.72626643483e-11, 2.04665520642e-11, 8.23112498299e-12, 2.18344851748e-12, 6.57746264138e-13, 2.19490102634e-13, 2.02833241231e-15, 8.1046547613e-17], [-7.21032222372e-15, 1.95713775047e-11, 8.56021416945e-12, 1.68184442068e-11, 9.50879236461e-11, 8.54672305151e-11, 1.31370470058e-10, 1.18443935215e-10, 2.47941198822e-11, 1.2248298209e-10, 7.98083196751e-11, 4.76977242425e-11, 3.39094918811e-10, 2.34714025993e-10, 7.39741878863e-11, 5.0129303486e-11, 3.19684556604e-11, 2.03531826809e-11, 2.72626643483e-11, 3.47278039659e-11, 2.1118558291e-11, 1.01130701036e-11, 2.6335036582e-12, 8.16774219873e-13, 2.68168164541e-13, 2.39593708812e-15, 5.1280492975e-17], [-6.68638406497e-15, 1.1071401608e-11, 2.11043118745e-12, 7.5049437151e-12, 5.68373681453e-11, 6.65006660849e-11, 9.40686140094e-11, 6.64070534673e-11, 1.82010292255e-11, 6.35478614175e-11, 4.43505926429e-11, 2.29961171633e-11, 1.59619761853e-10, 6.41696487613e-11, 3.80108201858e-11, 2.8256171708e-11, 1.74284336962e-11, 1.39598801269e-11, 2.04665520642e-11, 2.1118558291e-11, 2.07263685381e-11, 7.87554309961e-12, 2.08753717437e-12, 6.73278815512e-13, 2.18497352915e-13, 1.91871279641e-15, 2.13404574387e-17], [-2.38221155448e-15, 6.19573663208e-12, 1.54601212474e-12, 4.45568668767e-12, 2.92437289662e-11, 2.81983360273e-11, 4.49008365211e-11, 3.12725817464e-11, 8.99923972147e-12, 2.67613951832e-11, 2.0329776057e-11, 1.0971825011e-11, 8.48408426846e-11, 3.43570172312e-11, 1.96060580965e-11, 1.27836864358e-11, 7.89395892403e-12, 6.55033102412e-12, 8.23112498299e-12, 1.01130701036e-11, 7.87554309961e-12, 4.13301250862e-12, 9.97505897327e-13, 3.10731637903e-13, 1.04151964017e-13, 9.20085409669e-16, 1.17418354126e-17], [-6.374894369e-16, 1.72559958943e-12, 4.8580573158e-13, 1.14460383446e-12, 7.30413212552e-12, 7.28907038894e-12, 1.12477128306e-11, 7.00260465933e-12, 2.4524644468e-12, 6.01742570702e-12, 4.68635633771e-12, 2.76726970332e-12, 1.88339014523e-11, 6.274170853e-12, 4.76777818614e-12, 2.93727108608e-12, 1.7983463026e-12, 1.66498433964e-12, 2.18344851748e-12, 2.6335036582e-12, 2.08753717437e-12, 9.97505897327e-13, 2.93836298609e-13, 8.38317994667e-14, 2.78468874614e-14, 2.451007094e-16, 2.33740540913e-18], [-1.66563642477e-16, 4.36423331284e-13, 7.62545950862e-14, 3.36281566829e-13, 2.27544155393e-12, 2.54028569013e-12, 3.3062096897e-12, 2.37072124085e-12, 7.37188576242e-13, 2.0470066614e-12, 1.55582599755e-12, 7.97132704896e-13, 6.08702281288e-12, 1.98180751323e-12, 1.47290925116e-12, 9.19459061839e-13, 6.00862621377e-13, 5.08515376075e-13, 6.57746264138e-13, 8.16774219873e-13, 6.73278815512e-13, 3.10731637903e-13, 8.38317994667e-14, 2.83968456253e-14, 9.07913948558e-15, 8.02578672949e-17, 8.64159566741e-19], [-5.12288636699e-17, 1.43143906017e-13, 1.9509448988e-14, 9.5277423646e-14, 7.11322710803e-13, 8.01539553046e-13, 1.12760072547e-12, 8.06929718357e-13, 2.36996566035e-13, 6.3548905721e-13, 5.25578224605e-13, 2.75885434289e-13, 1.95895188092e-12, 6.36480614307e-13, 4.82093694392e-13, 3.1709839832e-13, 2.12535352273e-13, 1.6698589126e-13, 2.19490102634e-13, 2.68168164541e-13, 2.18497352915e-13, 1.04151964017e-13, 2.78468874614e-14, 9.07913948558e-15, 3.14578931006e-15, 2.75219119818e-17, 3.12872200356e-19], [-6.48360643108e-20, 1.29114333293e-15, 2.12381136902e-16, 1.01342653463e-15, 6.78242913086e-15, 7.24729012967e-15, 1.03459407857e-14, 7.35348942653e-15, 2.24957508879e-15, 6.62267067019e-15, 5.20808795531e-15, 3.40001799061e-15, 1.96300325983e-14, 7.4034304891e-15, 4.48193507996e-15, 3.39003613084e-15, 2.06153525681e-15, 1.54851577626e-15, 2.02833241231e-15, 2.39593708812e-15, 1.91871279641e-15, 9.20085409669e-16, 2.451007094e-16, 8.02578672949e-17, 2.75219119818e-17, 2.87544498686e-19, 3.66741793296e-21], [3.96190109727e-20, 2.38557498997e-17, 1.63889261678e-17, 4.1591322796e-17, 2.39878116006e-16, 1.36116897605e-16, 3.31143083806e-16, 4.06605804942e-16, 5.02722855397e-17, 6.71766160358e-16, 2.50078669092e-16, 1.84977609355e-16, 1.67767474819e-15, 1.77677442664e-15, 2.00039655102e-16, 1.93851589732e-16, 1.05058753762e-16, 6.26782940447e-17, 8.1046547613e-17, 5.1280492975e-17, 2.13404574387e-17, 1.17418354126e-17, 2.33740540913e-18, 8.64159566741e-19, 3.12872200356e-19, 3.66741793296e-21, 1.07365650421e-21]]
    },
    "mfcc": {
        "kurt": [1.8162484169, 8.69664859772, -0.376002788544, 0.0493092536926, 0.948042392731, 0.518657445908, 0.123271465302, 0.0398590564728, 0.0684952735901, 0.0104653835297, 0.269868850708, 0.592305898666, 0.493103504181],
        "max": [-725.373962402, 219.023498535, 21.0139160156, 44.7684669495, 23.1410522461, 25.0489845276, 28.9829025269, 10.9571781158, 12.6083946228, 16.411699295, 23.8635673523, 28.5382938385, 22.0392456055],
        "mean": [-890.982910156, 139.957397461, -43.3878364563, 1.06463873386, -1.68503260612, -6.16738796234, 3.70465731621, -10.7687911987, -8.11274814606, -4.96455001831, -6.0521607399, -2.75136518478, -3.04677271843],
        "median": [-892.184265137, 143.407775879, -40.6353263855, 0.0865364074707, -0.442489624023, -6.80992126465, 3.83040237427, -9.89294433594, -8.24412536621, -4.9235496521, -6.14467048645, -2.7700881958, -3.15040588379],
        "min": [-1138.42004395, 1.14440917969e-05, -109.582870483, -39.2142410278, -44.3534393311, -36.859249115, -21.6970100403, -39.6899719238, -31.5723819733, -29.3764572144, -31.1500453949, -35.4623374939, -27.4204673767],
        "skew": [-0.666082143784, -2.29036521912, -0.0509175546467, 0.475604891777, -0.795066297054, 0.477984189987, -0.0896970704198, -0.371610939503, 0.0660914927721, 0.00864369701594, 0.175040662289, -0.170625627041, 0.0650253221393],
        "var": [3789.54345703, 466.748321533, 617.327697754, 188.710510254, 103.658416748, 80.7269744873, 53.678276062, 57.3443374634, 41.5859794617, 39.1610603333, 52.5989952087, 65.832321167, 35.313243866],
        "cov": [[3791.32421875, 892.768981934, -1152.3046875, 154.430358887, -279.015167236, 169.596817017, 63.3268051147, -112.20010376, -19.8426609039, -72.2245559692, 74.7020492554, 72.2271957397, 44.2891349792], [892.768981934, 466.967651367, -321.844665527, -7.42366981506, 22.4870147705, -6.41961622238, 54.4467773438, -34.6922607422, -3.13113760948, -12.301451683, -3.82050561905, 8.89488124847, 2.74400472641], [-1152.3046875, -321.844665527, 617.617797852, 117.171272278, 61.4177703857, -21.7314758301, -56.4604415894, 28.2172222137, -1.7232490778, 32.9442176819, -48.300907135, -73.720916748, -12.4395933151], [154.430358887, -7.42366981506, 117.171272278, 188.799194336, -12.2635421753, 18.3738441467, -13.881937027, -21.4910182953, 1.49066650867, 1.26073586941, -21.8021583557, -38.5495643616, -2.41722726822], [-279.015167236, 22.4870147705, 61.4177703857, -12.2635421753, 103.707130432, -6.92085933685, 12.6181507111, 8.0340385437, -3.21369671822, 12.6578998566, -8.72535991669, -11.8935403824, -2.47465920448], [169.596817017, -6.41961622238, -21.7314758301, 18.3738441467, -6.92085933685, 80.7649154663, 12.8324556351, -6.56545972824, -6.11370229721, 2.88065600395, 16.5136680603, -1.09875941277, 7.20001745224], [63.3268051147, 54.4467773438, -56.4604415894, -13.881937027, 12.6181507111, 12.8324556351, 53.7034988403, 14.4337978363, 2.46633982658, -0.00449481932446, 3.99154138565, 14.7268848419, -3.4965736866], [-112.20010376, -34.6922607422, 28.2172222137, -21.4910182953, 8.0340385437, -6.56545972824, 14.4337978363, 57.3712844849, 17.6593437195, 1.66688084602, 6.76385164261, 6.6409034729, 4.85505723953], [-19.8426609039, -3.13113760948, -1.7232490778, 1.49066650867, -3.21369671822, -6.11370229721, 2.46633982658, 17.6593437195, 41.6055183411, 14.4709663391, -3.33130764961, 6.39972019196, 0.22615391016], [-72.2245559692, -12.301451683, 32.9442176819, 1.26073586941, 12.6578998566, 2.88065600395, -0.00449481932446, 1.66688084602, 14.4709663391, 39.1794624329, 15.0550727844, -3.62276148796, 1.78144872189], [74.7020492554, -3.82050561905, -48.300907135, -21.8021583557, -8.72535991669, 16.5136680603, 3.99154138565, 6.76385164261, -3.33130764961, 15.0550727844, 52.6237106323, 27.5356235504, 6.21711397171], [72.2271957397, 8.89488124847, -73.720916748, -38.5495643616, -11.8935403824, -1.09875941277, 14.7268848419, 6.6409034729, 6.39972019196, -3.62276148796, 27.5356235504, 65.8632583618, 16.1458415985], [44.2891349792, 2.74400472641, -12.4395933151, -2.41722726822, -2.47465920448, 7.20001745224, -3.4965736866, 4.85505723953, 0.22615391016, 1.78144872189, 6.21711397171, 16.1458415985, 35.3298377991]]
    },
    "sccoeffs": {
        "kurt": [1.12809038162, 0.590569972992, 0.314878463745, -0.00127339363098, 2.44168233871, 0.639075517654],
        "max": [-0.471312403679, -0.598741173744, -0.575598299503, -0.548570334911, -0.690504312515, -0.695619523525],
        "mean": [-0.748897612095, -0.820369541645, -0.825037121773, -0.801980733871, -0.843121707439, -0.810402393341],
        "median": [-0.756206691265, -0.825464248657, -0.837516486645, -0.818040311337, -0.846981227398, -0.811633586884],
        "min": [-0.942960321903, -0.959522604942, -0.963038861752, -0.95756739378, -0.960498452187, -0.95986354351],
        "skew": [0.732144057751, 0.700064122677, 0.822692275047, 0.747108399868, 0.99058419466, 0.0772907435894],
        "var": [0.00323592801578, 0.00267282943241, 0.00316022965126, 0.00408435706049, 0.000716641487088, 0.000559894600883],
        "cov": [[0.00323744863272, 0.000644656247459, 0.000139472438605, 0.000198192909011, 3.86953252018e-05, 0.000369518849766], [0.000644656247459, 0.00267408555374, 0.00123206456192, 0.00150803313591, 0.000595339166466, 0.000554390193429], [0.000139472438605, 0.00123206456192, 0.0031617146451, 0.00249117868952, 0.000887106289156, 0.000627371540759], [0.000198192909011, 0.00150803313591, 0.00249117868952, 0.00408627605066, 0.00106618960854, 0.000842142035253], [3.86953252018e-05, 0.000595339166466, 0.000887106289156, 0.00106618960854, 0.000716978276614, 0.000311794545269], [0.000369518849766, 0.000554390193429, 0.000627371540759, 0.000842142035253, 0.000311794545269, 0.000560157757718]]
    },
    "scvalleys": {
        "kurt": [163.340484619, 197.280258179, 186.986373901, 162.203201294, 127.575820923, 55.7413139343],
        "max": [-5.63031339645, -5.76197242737, -6.38415050507, -6.90212106705, -7.49760103226, -9.53810024261],
        "mean": [-8.35554981232, -7.63333129883, -7.90696001053, -8.37582206726, -9.33607769012, -12.306596756],
        "median": [-8.26151371002, -7.55575799942, -7.82006645203, -8.29116249084, -9.28031826019, -12.3239469528],
        "min": [-27.7322158813, -27.1548118591, -27.1294136047, -27.3513183594, -27.2786750793, -27.2234649658],
        "skew": [-7.54571676254, -8.58421230316, -8.40147399902, -7.66153860092, -6.25166559219, -2.66931152344],
        "var": [0.638608515263, 0.590142905712, 0.587674379349, 0.615048885345, 0.620874226093, 0.659084737301],
        "cov": [[0.638908624649, 0.472266674042, 0.471116244793, 0.489813327789, 0.497334480286, 0.47595012188], [0.472266674042, 0.59042018652, 0.512775957584, 0.531605482101, 0.538862287998, 0.506586611271], [0.471116244793, 0.512775957584, 0.587950527668, 0.551987528801, 0.553017020226, 0.512631595135], [0.489813327789, 0.531605482101, 0.551987528801, 0.615337908268, 0.573838412762, 0.522008597851], [0.497334480286, 0.538862287998, 0.553017020226, 0.573838412762, 0.621165990829, 0.583902299404], [0.47595012188, 0.506586611271, 0.512631595135, 0.522008597851, 0.583902299404, 0.659394443035]]
    }
},
"rhythm": {
    "beats_loudness": {
        "kurt": 11.9431838989,
        "max": 0.00361394998617,
        "mean": 0.0003978946188,
        "median": 0.000141934026033,
        "min": 2.5790102427e-06,
        "skew": 3.07862234116,
        "var": 3.38419795298e-07
    },
    "bpm": 123.071144104,
    "confidence": 0.243627697229,
    "first_peak_bpm": {
        "kurt": 0,
        "max": 123,
        "mean": 123,
        "median": 123,
        "min": 123,
        "skew": 0,
        "var": 0
    },
    "first_peak_spread": {
        "kurt": 0,
        "max": 0.347826123238,
        "mean": 0.347826123238,
        "median": 0.347826123238,
        "min": 0.347826123238,
        "skew": 0,
        "var": 0
    },
    "first_peak_weight": {
        "kurt": 0,
        "max": 0.161290317774,
        "mean": 0.161290317774,
        "median": 0.161290317774,
        "min": 0.161290317774,
        "skew": 0,
        "var": 0
    },
    "onset_rate": 0.323849201202,
    "second_peak_bpm": {
        "kurt": 0,
        "max": 117,
        "mean": 117,
        "median": 117,
        "min": 117,
        "skew": 0,
        "var": 0
    },
    "second_peak_spread": {
        "kurt": 0,
        "max": 0.352941215038,
        "mean": 0.352941215038,
        "median": 0.352941215038,
        "min": 0.352941215038,
        "skew": 0,
        "var": 0
    },
    "second_peak_weight": {
        "kurt": 0,
        "max": 0.118279568851,
        "mean": 0.118279568851,
        "median": 0.118279568851,
        "min": 0.118279568851,
        "skew": 0,
        "var": 0
    },
    "beats_loudness_band_ratio": {
        "kurt": [0.658761978149, 1.48787260056, 0.4405169487, -0.642579555511, 5.19519805908, 5.31565380096],
        "max": [0.435529172421, 0.724514722824, 0.467318445444, 0.871187269688, 0.636520981789, 0.132019415498],
        "mean": [0.122990772128, 0.210113927722, 0.185558319092, 0.367305189371, 0.162730917335, 0.0280991289765],
        "median": [0.0925680473447, 0.166814625263, 0.170657157898, 0.33083575964, 0.145260185003, 0.0220038294792],
        "min": [0.00364052597433, 0.00928033608943, 0.0319973677397, 0.00856479723006, 0.00246754614636, 0.000641047139652],
        "skew": [1.06540751457, 1.40953207016, 0.861624777317, 0.440583527088, 1.64073252678, 2.07469248772],
        "var": [0.0100979935378, 0.0318487025797, 0.00807111524045, 0.0433572866023, 0.0089700659737, 0.000491741753649],
        "cov": [[0.0102065745741, 0.0110020739958, 2.84853667836e-05, -0.0154390260577, -0.00400530965999, 0.000211285107071], [0.0110020739958, 0.0321911610663, -0.00129454187118, -0.0293445456773, -0.00972984451801, 0.000128630243125], [2.84853667836e-05, -0.00129454187118, 0.00815790146589, -0.00549226114526, -0.00130491622258, 0.000571813143324], [-0.0154390260577, -0.0293445456773, -0.00549226114526, 0.0438234917819, 0.00587677070871, -0.00151802937035], [-0.00400530965999, -0.00972984451801, -0.00130491622258, 0.00587677070871, 0.00906651839614, -9.7615768027e-05], [0.000211285107071, 0.000128630243125, 0.000571813143324, -0.00151802937035, -9.7615768027e-05, 0.000497029337566]]
    },
    "beats_position": [0.545668900013, 1.09133780003, 1.64861679077, 2.21750569344, 2.7863945961, 3.35528349876, 3.92417216301, 4.53950119019, 5.15482997894, 5.75854873657, 6.3622674942, 6.96598625183, 7.56970500946, 8.17342376709, 8.80036258698, 9.32281208038, 9.84526062012, 10.379319191, 10.9133787155, 11.4474372864, 11.9582767487, 12.4691152573, 13.0031747818, 13.5140132904, 14.0132427216, 14.5240812302, 15.0697498322, 15.6038093567, 16.1726989746, 16.7415866852, 17.3220863342, 17.8445339203, 18.3205432892, 18.8313827515, 19.3190021515, 19.8066215515, 20.2942390442, 20.7818584442, 21.2810878754, 21.7687072754, 22.2679367065, 22.7903842926, 23.3012237549, 23.8236732483, 24.3577327728, 24.89179039, 25.4026298523, 25.8902492523, 26.3778686523, 26.865486145, 27.353105545, 27.8407249451, 28.316734314, 28.7927436829, 29.2803630829, 29.7563705444, 30.2555999756, 30.7432193756, 31.2308387756, 31.7184581757, 32.2060775757, 32.7169151306, 33.2277526855, 33.7385940552, 34.3190917969, 34.8995895386, 35.480091095, 36.0722007751, 36.6410865784, 37.2331962585, 37.8253059387, 38.4058036804, 38.9514732361, 39.4971427917, 40.0312004089, 40.5884780884, 41.1689796448, 41.7378692627, 42.3067550659, 42.8640365601, 43.374874115, 43.9089317322, 44.4313812256, 44.8377304077, 45.2324714661, 45.6272087097, 46.0103378296, 46.3934669495, 46.7649879456, 47.1365089417, 47.5312461853, 47.9259872437, 48.3091163635, 48.6922454834],
    "bpm_estimates": [120.185218811, 126.047935486, 123.046783447, 123.046783447, 123.047264099, 123.046783447, 120.185218811, 123.046783447, 120.185218811, 123.046783447, 123.046783447, 123.047264099, 123.046783447, 123.046783447, 126.047935486, 126.047935486, 123.046783447, 126.048446655, 120.185218811, 123.046783447, 123.046783447, 123.046783447, 123.046783447],
    "bpm_intervals": [0.545668900013, 0.557278990746, 0.568888902664, 0.568888902664, 0.568888902664, 0.568888664246, 0.615329027176, 0.615328788757, 0.603718757629, 0.603718757629, 0.603718757629, 0.603718757629, 0.603718757629, 0.626938819885, 0.522449493408, 0.522448539734, 0.534058570862, 0.534059524536, 0.534058570862, 0.51083946228, 0.510838508606, 0.534059524536, 0.510838508606, 0.499229431152, 0.510838508606, 0.54566860199, 0.534059524536, 0.56888961792, 0.568887710571, 0.580499649048, 0.52244758606, 0.476009368896, 0.51083946228, 0.487619400024, 0.487619400024, 0.487617492676, 0.487619400024, 0.499229431152, 0.487619400024, 0.499229431152, 0.52244758606, 0.51083946228, 0.522449493408, 0.534059524536, 0.534057617188, 0.51083946228, 0.487619400024, 0.487619400024, 0.487617492676, 0.487619400024, 0.487619400024, 0.476009368896, 0.476009368896, 0.487619400024, 0.476007461548, 0.499229431152, 0.487619400024, 0.487619400024, 0.487619400024, 0.487619400024, 0.510837554932, 0.510837554932, 0.510841369629, 0.580497741699, 0.580497741699, 0.580501556396, 0.592109680176, 0.568885803223, 0.592109680176, 0.592109680176, 0.580497741699, 0.545669555664, 0.545669555664, 0.534057617188, 0.557277679443, 0.580501556396, 0.56888961792, 0.568885803223, 0.557281494141, 0.510837554932, 0.534057617188, 0.522449493408, 0.406349182129, 0.39474105835, 0.394737243652, 0.383129119873, 0.383129119873, 0.371520996094, 0.371520996094, 0.394737243652, 0.39474105835, 0.383129119873, 0.383129119873],
    "onset_times": [0.394739240408, 1.40480720997, 1.60217690468, 2.61224484444, 4.20281171799, 11.9814968109, 15.3716096878, 15.6270294189, 25.4374599457, 29.4661216736, 30.2788200378, 32.1364173889, 32.4034461975, 36.3508377075, 37.3725166321, 44.6751937866],
    "histogram": [[0, 0, 0, 0, 0, 0, 0, 0, 0, 0, 0, 0, 0, 0, 0, 0, 0, 0, 0, 0, 0, 0, 0, 0, 0, 0, 0, 0, 0, 0, 0, 0, 0, 0, 0, 0, 0, 0, 0, 0, 0, 0, 0, 0, 0, 0, 0, 0, 0, 0, 0, 0, 0, 0, 0, 0, 0, 0, 0, 0, 0, 0, 0, 0, 0, 0, 0, 0, 0, 0, 0, 0, 0, 0, 0, 0, 0, 0, 0, 0, 0, 0, 0, 0, 0, 0, 0, 0, 0, 0, 0, 0, 0, 0, 0, 0, 0.010752688162, 0, 0.0215053763241, 0.0537634417415, 0, 0.0322580635548, 0, 0.0645161271095, 0, 0.0967741906643, 0, 0, 0.0322580635548, 0, 0.0430107526481, 0, 0.0967741906643, 0, 0, 0.0645161271095, 0, 0.118279568851, 0, 0, 0.0430107526481, 0, 0, 0.161290317774, 0, 0, 0.0430107526481, 0, 0, 0, 0, 0, 0, 0, 0, 0, 0, 0, 0, 0, 0, 0, 0, 0, 0, 0, 0, 0, 0.010752688162, 0, 0, 0, 0.0430107526481, 0, 0, 0, 0, 0.0430107526481, 0, 0, 0, 0.0215053763241, 0, 0, 0, 0, 0, 0, 0, 0, 0, 0, 0, 0, 0, 0, 0, 0, 0, 0, 0, 0, 0, 0, 0, 0, 0, 0, 0, 0, 0, 0, 0, 0, 0, 0, 0, 0, 0, 0, 0, 0, 0, 0, 0, 0, 0, 0, 0, 0, 0, 0, 0, 0, 0, 0, 0, 0, 0, 0, 0, 0, 0, 0, 0, 0, 0, 0, 0, 0, 0, 0, 0, 0, 0, 0, 0, 0, 0, 0, 0, 0, 0, 0, 0, 0, 0, 0, 0, 0]]
},
"sfx": {
    "inharmonicity": {
        "kurt": -0.617822885513,
        "max": 0.438367843628,
        "mean": 0.140178337693,
        "median": 0.118014879525,
        "min": 0.000129643638502,
        "skew": 0.598087072372,
        "var": 0.00976664572954
    },
    "oddtoevenharmonicenergyratio": {
        "kurt": 777.393371582,
        "max": 108.615409851,
        "mean": 1.41407227516,
