{
"metadata": {
    "version": {
        "essentia": "2.1-beta3"
    }
},
"lowLevel": {
    "average_loudness": 0.975621461868,
    "barkbands_kurtosis": {
        "kurt": 162.507324219,
        "max": 28.3345527649,
        "mean": -0.14130282402,
        "median": -0.348649263382,
        "min": -1.9265165329,
        "skew": 11.2539796829,
        "var": 2.89677786827
    },
    "barkbands_skewness": {
        "kurt": 12.9690685272,
        "max": 2.26979422569,
        "mean": -1.13186812401,
        "median": -1.21981167793,
        "min": -5.32078695297,
        "skew": 1.77791571617,
        "var": 0.413859695196
    },
    "barkbands_spread": {
        "kurt": 11.17582798,
        "max": 51.501789093,
        "mean": 24.8744049072,
        "median": 24.6060829163,
        "min": 4.03337335587,
        "skew": 1.08458888531,
        "var": 16.503534317
    },
    "dissonance": {
        "kurt": -0.846202373505,
        "max": 0.498798906803,
        "mean": 0.474128246307,
        "median": 0.474635899067,
        "min": 0.438506782055,
        "skew": -0.182451754808,
        "var": 9.0411878773e-05
    },
    "hfc": {
        "kurt": 3.04720401764,
        "max": 149.052536011,
        "mean": 81.662979126,
        "median": 88.3333587646,
        "min": 1.14161843316e-16,
        "skew": -1.7043337822,
        "var": 824.736572266
    },
    "pitch": {
        "kurt": 25.8230609894,
        "max": 3955.21704102,
        "mean": 507.343139648,
        "median": 414.750793457,
        "min": 53.8188934326,
        "skew": 5.17880916595,
        "var": 278705.34375
    },
    "pitch_instantaneous_confidence": {
        "kurt": 14.6368598938,
        "max": 0.973135709763,
        "mean": 0.868489742279,
        "median": 0.894377827644,
        "min": 0.131371557713,
        "skew": -3.93211364746,
        "var": 0.0216960012913
    },
    "pitch_salience": {
        "kurt": 7.79246044159,
        "max": 0.824850201607,
        "mean": 0.494596153498,
        "median": 0.492828845978,
        "min": 0.11779884249,
        "skew": 0.44642201066,
        "var": 0.00497352378443
    },
    "silence_rate_20dB": {
        "kurt": 0,
        "max": 1,
        "mean": 1,
        "median": 1,
        "min": 1,
        "skew": 0,
        "var": 0
    },
    "silence_rate_30dB": {
        "kurt": 0,
        "max": 1,
        "mean": 1,
        "median": 1,
        "min": 1,
        "skew": 0,
        "var": 0
    },
    "silence_rate_60dB": {
        "kurt": 7.12911605835,
        "max": 1,
        "mean": 0.0830670893192,
        "median": 0,
        "min": 0,
        "skew": 3.02144503593,
        "var": 0.0761667713523
    },
    "spectral_centroid": {
        "kurt": 129.140853882,
        "max": 10896.0634766,
        "mean": 2448.77319336,
        "median": 2538.96362305,
        "min": 521.748046875,
        "skew": 6.13836288452,
        "var": 252515.1875
    },
    "spectral_complexity": {
        "kurt": 5.07762527466,
        "max": 18,
        "mean": 12.5958461761,
        "median": 13.5,
        "min": 0,
        "skew": -2.43625998497,
        "var": 16.1833133698
    },
    "spectral_crest": {
        "kurt": 4.42290592194,
        "max": 25.6882762909,
        "mean": 12.3866157532,
        "median": 12.8016719818,
        "min": 3.68675088882,
        "skew": 0.788823306561,
        "var": 6.59729337692
    },
    "spectral_decrease": {
        "kurt": 4.28446578979,
        "max": -9.96081277402e-29,
        "mean": -6.54388498944e-09,
        "median": -7.08148739648e-09,
        "min": -1.06426440993e-08,
        "skew": 2.17280864716,
        "var": 4.70075037508e-18
    },
    "spectral_energy": {
        "kurt": 3.9921374321,
        "max": 0.0536872334778,
        "mean": 0.0321052074432,
        "median": 0.0347711592913,
        "min": 1.07307547849e-20,
        "skew": -2.06756901741,
        "var": 0.000116021990834
    },
    "spectral_energyband_high": {
        "kurt": -0.536691188812,
        "max": 0.00103794212919,
        "mean": 0.00047677589464,
        "median": 0.00039579597069,
        "min": 7.54106960252e-21,
        "skew": 0.111905753613,
        "var": 6.19253697209e-08
    },
    "spectral_energyband_low": {
        "kurt": 4.0762014389,
        "max": 3.05006778945e-07,
        "mean": 5.78312828736e-08,
        "median": 4.74068428957e-08,
        "min": 9.75917370115e-23,
        "skew": 1.69348609447,
        "var": 1.89291577272e-15
    },
    "spectral_energyband_middle_high": {
        "kurt": 3.10239696503,
        "max": 0.0484087504447,
        "mean": 0.0244807228446,
        "median": 0.0261341072619,
        "min": 1.90946243355e-21,
        "skew": -1.59939193726,
        "var": 7.51944753574e-05
    },
    "spectral_energyband_middle_low": {
        "kurt": 6.17118263245,
        "max": 0.00848784763366,
        "mean": 0.0071485536173,
        "median": 0.00782009121031,
        "min": 3.03621051361e-22,
        "skew": -2.80294346809,
        "var": 4.90905949846e-06
    },
    "spectral_flatness_db": {
        "kurt": 10.3707380295,
        "max": 0.400277018547,
        "mean": 0.3382358253,
        "median": 0.353339254856,
        "min": 0.0655640736222,
        "skew": -3.36671447754,
        "var": 0.00370085961185
    },
    "spectral_flux": {
        "kurt": 58.4981460571,
        "max": 0.177567318082,
        "mean": 0.0206559300423,
        "median": 0.0201591290534,
        "min": 1.03589359313e-10,
        "skew": 4.99375247955,
        "var": 0.000137486145832
    },
    "spectral_kurtosis": {
        "kurt": 7.69994831085,
        "max": 15.5675640106,
        "mean": 6.68192768097,
        "median": 6.54133653641,
        "min": -1.20401275158,
        "skew": 1.02662611008,
        "var": 2.08111548424
    },
    "spectral_rms": {
        "kurt": 5.90445995331,
        "max": 0.00723724998534,
        "mean": 0.00534519692883,
        "median": 0.00582435261458,
        "min": 3.23558779596e-12,
        "skew": -2.70391464233,
        "var": 2.75102024716e-06
    },
    "spectral_rolloff": {
        "kurt": 380.019683838,
        "max": 18518.5546875,
        "mean": 3286.07080078,
        "median": 3337.64648438,
        "min": 430.6640625,
        "skew": 16.6452655792,
        "var": 475080.1875
    },
    "spectral_skewness": {
        "kurt": 22.3759269714,
        "max": 2.83914971352,
        "mean": 1.70669209957,
        "median": 1.6805138588,
        "min": 0.0268460679799,
        "skew": 0.418024629354,
        "var": 0.0288102272898
    },
    "spectral_spread": {
        "kurt": 286.436004639,
        "max": 40724260,
        "mean": 4266092,
        "median": 4000465.5,
        "min": 2594234,
        "skew": 14.6861162186,
        "var": 3.13639226573e+12
    },
    "spectral_strongpeak": {
        "kurt": 3.20555591583,
        "max": 23.4307689667,
        "mean": 14.8299093246,
        "median": 16.2865982056,
        "min": 3.98295840753e-09,
        "skew": -1.92394268513,
        "var": 26.2005348206
    },
    "zerocrossingrate": {
        "kurt": 129.947738647,
        "max": 0.5009765625,
        "mean": 0.132020801306,
        "median": 0.13427734375,
        "min": 0.048828125,
        "skew": 7.53898429871,
        "var": 0.000501005910337
    },
    "barkbands": {
        "kurt": [1.49900007248, 11.660410881, 8.78743648529, 3.08629798889, 192.730499268, 2.45943212509, 6.12095546722, 85.9300079346, 11.7506046295, 3.04409694672, 0.929674386978, 4.56599378586, 4.00792646408, 2.35923862457, 3.42272520065, 0.738368988037, -0.392058610916, 33.6883773804, 0.747868061066, 2.75666618347, -0.876314163208, -0.436378479004, 0.622613668442, 0.37230682373, 3.51321411133, 2.90938138962, 1.7435259819],
        "max": [1.29675266081e-08, 2.47862146807e-07, 1.5729375491e-07, 9.72195124405e-08, 2.77600611298e-06, 0.00222313916311, 0.0071921730414, 2.70190071205e-06, 0.000115872775496, 4.40165022155e-05, 1.50476753333e-05, 0.00010262766591, 5.00473215652e-05, 4.59312796011e-05, 2.09731515497e-05, 0.000129049585667, 0.00646608509123, 0.0381533838809, 0.0279087498784, 0.00100330740679, 0.000283450586721, 0.000162785698194, 8.32680088934e-05, 1.9711398636e-05, 1.27907014758e-05, 4.5878530841e-07, 1.46559635539e-08],
        "mean": [2.57247667612e-09, 2.96582332027e-08, 2.01915586473e-08, 1.86734663288e-08, 1.41877052329e-07, 0.00106109993067, 0.00605621794239, 1.66625738984e-07, 2.99877301586e-05, 2.70378895948e-05, 6.1084083427e-06, 7.41157928132e-05, 1.74871238414e-05, 2.86385147774e-05, 4.83775647808e-06, 6.52006347082e-05, 0.00213887030259, 0.00721157994121, 0.0145785454661, 0.000544640410226, 0.000119852244097, 7.84087969805e-05, 4.62087227788e-05, 1.16261671792e-05, 4.13978887082e-06, 2.69778468009e-07, 4.3831449581e-09],
        "median": [1.62883861954e-09, 1.93258884451e-08, 1.45021195053e-08, 1.52705972312e-08, 1.20390097891e-07, 0.00111273978837, 0.00659686978906, 1.30608043492e-07, 2.91796313832e-05, 2.88635601464e-05, 5.78994240641e-06, 8.11900536064e-05, 1.82320727617e-05, 3.11376352329e-05, 5.36125571671e-06, 6.69613946229e-05, 0.00181900546886, 0.00745173823088, 0.0161971822381, 0.000573347788304, 0.000120984950627, 7.9244186054e-05, 4.69059159514e-05, 1.21115717775e-05, 3.99455029765e-06, 2.91143805953e-07, 4.22386481347e-09],
        "min": [1.09337336309e-23, 8.23164679457e-23, 4.99526525595e-24, 6.62623123319e-24, 1.85987400596e-23, 4.79909337707e-23, 1.95030255147e-23, 4.29189494252e-23, 9.1743526157e-23, 1.69285687997e-22, 3.76058954979e-23, 1.70893664201e-22, 2.09281339789e-22, 2.12362340184e-22, 5.01938183822e-23, 1.34318955057e-22, 2.78324288993e-22, 1.96099713876e-22, 2.63211203418e-22, 4.67872923259e-22, 4.48810762128e-22, 4.33860169278e-22, 5.83803114097e-22, 1.01874431312e-21, 9.85357498174e-22, 1.72042015963e-21, 2.27300710107e-21],
        "skew": [1.34917056561, 2.86820793152, 2.39811706543, 1.36682081223, 10.8395462036, -1.58847439289, -2.7918343544, 7.69756793976, 1.85650253296, -1.79081118107, 0.260092288256, -2.37600708008, -0.6295312047, -1.62073683739, -0.261132240295, -0.658321678638, 0.676820039749, 4.1160235405, -0.989518761635, -1.56570160389, 0.120387837291, -0.365599185228, -0.72359842062, -0.895736813545, 0.620476663113, -1.74090051651, 0.520595788956],
        "var": [6.83118547558e-18, 1.03288256379e-15, 3.73770440393e-16, 1.96150556265e-16, 1.99047829814e-14, 1.46300337178e-07, 3.53599898517e-06, 3.4904266028e-14, 2.13515510827e-10, 8.91805448933e-11, 8.74404802037e-12, 5.88715243222e-10, 4.53484819141e-11, 1.0752889551e-10, 5.35223991863e-12, 7.43623718158e-10, 2.59066518993e-06, 1.42776307257e-05, 3.5289911466e-05, 3.78826250369e-08, 4.86611684281e-09, 1.40018818762e-09, 3.73500425033e-10, 2.3942568414e-11, 3.77828454287e-12, 9.02855891313e-15, 5.0601235417e-18],
        "cov": [[6.8421154266e-18, 1.40736277809e-17, 1.20846256759e-17, 1.00872640837e-17, 4.33056149108e-17, 2.56211389859e-14, 1.39183814214e-12, 1.73163164028e-17, 5.50543124815e-15, 6.2685223833e-15, 1.43963276138e-15, 1.53443643696e-14, 3.79937348469e-15, 7.02558349089e-15, 1.14751820293e-15, 1.41173693829e-14, 6.11088003116e-13, 1.82506852513e-12, 3.51341135005e-12, 1.19443260079e-13, 2.65655586992e-14, 1.83552276839e-14, 9.36134206448e-15, 2.6389112419e-15, 8.98733826651e-16, 5.94480147863e-17, 5.34818019443e-19], [1.40736277809e-17, 1.03453512507e-15, 1.72334822054e-16, 2.72079506173e-17, 1.72850943052e-16, 2.41171774391e-12, 1.3470312539e-11, -4.6849352608e-17, 2.869195021e-14, 6.04253585644e-14, 4.28698621198e-15, 1.66532057783e-13, 3.35757185672e-14, 5.56816487991e-14, 1.9065229335e-14, 1.50360708042e-13, 5.60090732474e-12, 1.23582168804e-11, 4.11691826463e-11, 1.07036927065e-12, 1.30745186813e-13, 2.94625923051e-13, 4.56045893052e-14, 4.21899250562e-14, 3.07317084615e-15, 8.43172488718e-16, 7.20584245837e-18], [1.20846256759e-17, 1.72334822054e-16, 3.74368472124e-16, 5.35677565565e-17, 2.4363671883e-16, 1.5906042759e-12, 7.26975814616e-12, 8.15094445012e-17, 5.09997648157e-15, 4.99956961952e-14, 4.26786550199e-16, 1.12992982213e-13, 3.07553563509e-14, 5.63045602167e-14, 1.08211643856e-14, 4.83610276391e-14, 4.49639891292e-12, 6.23921053711e-12, 2.01459075116e-11, 2.42139912721e-13, 2.87458262489e-13, 9.59719296764e-14, 3.48498865128e-14, 1.63919459197e-14, -2.69275320883e-16, 4.21246848845e-16, 4.01865269248e-18], [1.00872640837e-17, 2.72079506173e-17, 5.35677565565e-17, 1.96464395206e-16, 2.38348877429e-16, 1.1852007006e-12, 7.74612492205e-12, 1.67459750396e-16, 4.4399125896e-14, 3.47444783447e-14, 1.12077807159e-14, 9.92538367575e-14, 2.28285882494e-14, 4.17610790512e-14, 2.17072669755e-15, 8.34754899752e-14, 1.86625324569e-12, 7.86428214217e-12, 1.23464164239e-11, 8.19806082828e-13, 2.0857247136e-13, 3.4707154685e-14, 8.87665659835e-14, 1.00336295736e-14, 7.20793189675e-15, 3.57324528099e-16, 3.08185989541e-18], [4.33056149108e-17, 1.72850943052e-16, 2.4363671883e-16, 2.38348877429e-16, 1.99366297261e-14, 1.34612234554e-11, 4.26449292545e-11, 1.45766154003e-14, 3.63894298808e-13, 1.61520021533e-13, 7.78207996633e-14, 3.1925395487e-13, 2.05600998466e-13, 2.15346322588e-13, 1.17071513616e-13, 3.68147976297e-13, 1.40056213155e-11, 1.83089279848e-10, 8.83195599988e-11, 6.54811231279e-12, 8.9699672386e-13, 4.440615898e-13, 1.85079219745e-13, 3.7488278947e-14, 2.22671426247e-14, 2.05897615852e-15, 3.65456103949e-17], [2.56211389859e-14, 2.41171774391e-12, 1.5906042759e-12, 1.1852007006e-12, 1.34612234554e-11, 1.46534418377e-07, 5.95115523083e-07, 1.45465211057e-11, 1.94291138733e-09, 2.84053203181e-09, 5.04903674425e-10, 7.51319095826e-09, 1.5876298054e-09, 3.04785574556e-09, 5.84030823703e-10, 6.3362954883e-09, 2.28087003507e-07, 4.52220120906e-07, 1.44099976751e-06, 4.89299871731e-08, 1.2701137031e-08, 7.23002901992e-09, 4.48675185893e-09, 1.1293330715e-09, 3.71907116214e-10, 2.74339700262e-11, 3.50102623758e-13], [1.39183814214e-12, 1.3470312539e-11, 7.26975814616e-12, 7.74612492205e-12, 4.26449292545e-11, 5.95115523083e-07, 3.54165649696e-06, 3.22755641657e-11, 1.64609410547e-08, 1.49476004907e-08, 3.72763953038e-09, 4.19290451248e-08, 8.61167315236e-09, 1.57557362712e-08, 2.58099075445e-09, 3.99883859359e-08, 1.00219028809e-06, 3.53819291377e-06, 9.17477518669e-06, 3.08623128831e-07, 5.52687744459e-08, 4.96414251927e-08, 2.61641055488e-08, 7.43883443732e-09, 2.59294608007e-09, 1.51669385384e-10, 2.66485032825e-12], [1.73163164028e-17, -4.6849352608e-17, 8.15094445012e-17, 1.67459750396e-16, 1.45766154003e-14, 1.45465211057e-11, 3.22755641657e-11, 3.49601126043e-14, 1.19065320754e-13, 1.48670653696e-13, 9.10795215831e-14, 3.46694217388e-13, 2.14627645626e-13, 2.23685382283e-13, 1.06942375149e-13, 3.3459788217e-13, -1.30228475573e-11, 9.93136614613e-11, -1.63297014799e-11, 4.15608953502e-12, 1.57125473656e-12, -7.25529594628e-14, 2.53092604383e-13, -1.09334301324e-14, 5.9324010751e-15, 1.54630650257e-15, 6.30985944401e-18], [5.50543124815e-15, 2.869195021e-14, 5.09997648157e-15, 4.4399125896e-14, 3.63894298808e-13, 1.94291138733e-09, 1.64609410547e-08, 1.19065320754e-13, 2.13857126452e-10, 5.47700426679e-11, 2.70338439134e-11, 1.916622e-10, 5.82804221549e-11, 4.16972741057e-11, 1.34030080871e-12, 1.86753112974e-10, 3.65733510144e-09, 4.30499547122e-08, 3.83174061369e-08, 2.07329553525e-09, 2.05985700719e-10, 2.40451630829e-10, 1.53131743397e-10, 3.12050767171e-11, 1.80752635082e-11, 5.99984417617e-13, 1.78984973544e-14], [6.2685223833e-15, 6.04253585644e-14, 4.99956961952e-14, 3.47444783447e-14, 1.61520021533e-13, 2.84053203181e-09, 1.49476004907e-08, 1.48670653696e-13, 5.47700426679e-11, 8.93232293686e-11, 1.12962165663e-11, 2.06413053316e-10, 4.87498721946e-11, 8.44725400739e-11, 1.27084974488e-11, 1.3480723482e-10, 8.63224425274e-09, 1.36929489969e-08, 3.05910781151e-08, 1.27306076791e-09, 4.2652378851e-10, 1.48170073433e-10, 1.18687892847e-10, 2.45668277388e-11, 9.58943948554e-12, 6.87327853053e-13, 8.91416118438e-15], [1.43963276138e-15, 4.28698621198e-15, 4.26786550199e-16, 1.12077807159e-14, 7.78207996633e-14, 5.04903674425e-10, 3.72763953038e-09, 9.10795215831e-14, 2.70338439134e-11, 1.12962165663e-11, 8.7580385652e-12, 3.85897563904e-11, 5.94493855186e-12, 9.75736939163e-12, 6.35609512072e-13, 4.92558112353e-11, -3.73998332304e-10, 4.3260932614e-09, 8.74306671506e-09, 4.00656341437e-10, -2.22070002361e-13, 4.84117052002e-11, 3.77917384886e-11, 9.14410127478e-12, 4.65285492426e-12, 9.66750686665e-14, 3.92823980674e-15], [1.53443643696e-14, 1.66532057783e-13, 1.12992982213e-13, 9.92538367575e-14, 3.1925395487e-13, 7.51319095826e-09, 4.19290451248e-08, 3.46694217388e-13, 1.916622e-10, 2.06413053316e-10, 3.85897563904e-11, 5.89657211947e-10, 1.2937610705e-10, 2.17991166784e-10, 3.15327070011e-11, 4.05271843862e-10, 1.73730434483e-08, 3.73459876357e-08, 9.15369895438e-08, 3.74516462287e-09, 1.03033293009e-09, 4.37221203686e-10, 3.6859038044e-10, 7.35428801191e-11, 2.79205582265e-11, 1.9002043862e-12, 2.55081837543e-14], [3.79937348469e-15, 3.35757185672e-14, 3.07553563509e-14, 2.28285882494e-14, 2.05600998466e-13, 1.5876298054e-09, 8.61167315236e-09, 2.14627645626e-13, 5.82804221549e-11, 4.87498721946e-11, 5.94493855186e-12, 1.2937610705e-10, 4.54210419276e-11, 5.26819456115e-11, 8.11150365626e-12, 6.08727165896e-11, 6.15935213943e-09, 1.79381203225e-08, 1.35400073376e-08, 8.92758700299e-10, 3.57122803551e-10, 6.40125591422e-11, 7.93980506342e-11, 8.7626789505e-12, 4.25032621945e-12, 4.61032904561e-13, 4.91552235181e-15], [7.02558349089e-15, 5.56816487991e-14, 5.63045602167e-14, 4.17610790512e-14, 2.15346322588e-13, 3.04785574556e-09, 1.57557362712e-08, 2.23685382283e-13, 4.16972741057e-11, 8.44725400739e-11, 9.75736939163e-12, 2.17991166784e-10, 5.26819456115e-11, 1.07700938445e-10, 1.49587599252e-11, 1.46257145284e-10, 7.38834149416e-09, 1.31801858316e-08, 3.58249891974e-08, 1.28163279989e-09, 5.1776150034e-10, 1.53936224878e-10, 1.22092697064e-10, 2.271258355e-11, 7.59342241863e-12, 8.12158445964e-13, 7.96934421259e-15], [1.14751820293e-15, 1.9065229335e-14, 1.08211643856e-14, 2.17072669755e-15, 1.17071513616e-13, 5.84030823703e-10, 2.58099075445e-09, 1.06942375149e-13, 1.34030080871e-12, 1.27084974488e-11, 6.35609512072e-13, 3.15327070011e-11, 8.11150365626e-12, 1.49587599252e-11, 5.36080338107e-12, 1.94760613886e-11, 1.58952118134e-09, 2.33870478539e-09, 7.46395567575e-09, 1.73044203966e-10, 6.52707679571e-11, 3.7878145065e-11, 1.03071856605e-11, 5.07713012257e-12, 3.45683632543e-13, 1.55428079261e-13, 1.17141723754e-15], [1.41173693829e-14, 1.50360708042e-13, 4.83610276391e-14, 8.34754899752e-14, 3.68147976297e-13, 6.3362954883e-09, 3.99883859359e-08, 3.3459788217e-13, 1.86753112974e-10, 1.3480723482e-10, 4.92558112353e-11, 4.05271843862e-10, 6.08727165896e-11, 1.46257145284e-10, 1.94760613886e-11, 7.44813488662e-10, 7.54400042435e-10, 4.05062898778e-08, 1.18172586383e-07, 3.58597906924e-09, 2.01162489444e-10, 7.85591591779e-10, 2.43158021496e-10, 1.06937451949e-10, 3.44216981307e-11, 1.53302078063e-12, 3.64046188756e-14], [6.11088003116e-13, 5.60090732474e-12, 4.49639891292e-12, 1.86625324569e-12, 1.40056213155e-11, 2.28087003507e-07, 1.00219028809e-06, -1.30228475573e-11, 3.65733510144e-09, 8.63224425274e-09, -3.73998332304e-10, 1.73730434483e-08, 6.15935213943e-09, 7.38834149416e-09, 1.58952118134e-09, 7.54400042435e-10, 2.59481021203e-06, 1.57255738031e-06, 7.35618243652e-07, 8.17876042447e-08, 6.23423233037e-08, -1.75400660662e-09, 9.93158533191e-09, 1.29358301848e-10, 1.57549792656e-10, 6.6361027784e-11, 1.33363033616e-13], [1.82506852513e-12, 1.23582168804e-11, 6.23921053711e-12, 7.86428214217e-12, 1.83089279848e-10, 4.52220120906e-07, 3.53819291377e-06, 9.93136614613e-11, 4.30499547122e-08, 1.36929489969e-08, 4.3260932614e-09, 3.73459876357e-08, 1.79381203225e-08, 1.31801858316e-08, 2.33870478539e-09, 4.05062898778e-08, 1.57255738031e-06, 1.43004745041e-05, 8.33494232211e-06, 4.667714677e-07, 7.85269591574e-08, 6.27774028317e-08, 2.18347331327e-08, 5.87931658913e-09, 2.84618129065e-09, 1.64733213182e-10, 4.05483242469e-12], [3.51341135005e-12, 4.11691826463e-11, 2.01459075116e-11, 1.23464164239e-11, 8.83195599988e-11, 1.44099976751e-06, 9.17477518669e-06, -1.63297014799e-11, 3.83174061369e-08, 3.05910781151e-08, 8.74306671506e-09, 9.15369895438e-08, 1.35400073376e-08, 3.58249891974e-08, 7.46395567575e-09, 1.18172586383e-07, 7.35618243652e-07, 8.33494232211e-06, 3.5346376535e-05, 6.56273243749e-07, 3.69246748733e-08, 2.00180849674e-07, 3.42787274121e-08, 2.48875267062e-08, 6.03144112432e-09, 3.97284344311e-10, 8.15087147082e-12], [1.19443260079e-13, 1.07036927065e-12, 2.42139912721e-13, 8.19806082828e-13, 6.54811231279e-12, 4.89299871731e-08, 3.08623128831e-07, 4.15608953502e-12, 2.07329553525e-09, 1.27306076791e-09, 4.00656341437e-10, 3.74516462287e-09, 8.92758700299e-10, 1.28163279989e-09, 1.73044203966e-10, 3.58597906924e-09, 8.17876042447e-08, 4.667714677e-07, 6.56273243749e-07, 3.7943237885e-08, 5.02367569766e-09, 3.75604214398e-09, 2.80133582997e-09, 5.6792703873e-10, 2.78419287625e-10, 1.26503339054e-11, 2.52346700393e-13], [2.65655586992e-14, 1.30745186813e-13, 2.87458262489e-13, 2.0857247136e-13, 8.9699672386e-13, 1.2701137031e-08, 5.52687744459e-08, 1.57125473656e-12, 2.05985700719e-10, 4.2652378851e-10, -2.22070002361e-13, 1.03033293009e-09, 3.57122803551e-10, 5.1776150034e-10, 6.52707679571e-11, 2.01162489444e-10, 6.23423233037e-08, 7.85269591574e-08, 3.69246748733e-08, 5.02367569766e-09, 4.87390261483e-09, -1.55109994293e-10, 6.07456529522e-10, -9.66150597026e-12, 8.61678697145e-12, 3.55538450243e-12, 5.93216178829e-15], [1.83552276839e-14, 2.94625923051e-13, 9.59719296764e-14, 3.4707154685e-14, 4.440615898e-13, 7.23002901992e-09, 4.96414251927e-08, -7.25529594628e-14, 2.40451630829e-10, 1.48170073433e-10, 4.84117052002e-11, 4.37221203686e-10, 6.40125591422e-11, 1.53936224878e-10, 3.7878145065e-11, 7.85591591779e-10, -1.75400660662e-09, 6.27774028317e-08, 2.00180849674e-07, 3.75604214398e-09, -1.55109994293e-10, 1.40242850666e-09, 1.11791437218e-10, 1.59060292715e-10, 3.4440842539e-11, 2.0953755224e-12, 5.2047223546e-14], [9.36134206448e-15, 4.56045893052e-14, 3.48498865128e-14, 8.87665659835e-14, 1.85079219745e-13, 4.48675185893e-09, 2.61641055488e-08, 2.53092604383e-13, 1.53131743397e-10, 1.18687892847e-10, 3.77917384886e-11, 3.6859038044e-10, 7.93980506342e-11, 1.22092697064e-10, 1.03071856605e-11, 2.43158021496e-10, 9.93158533191e-09, 2.18347331327e-08, 3.42787274121e-08, 2.80133582997e-09, 6.07456529522e-10, 1.11791437218e-10, 3.74098030331e-10, 4.19786046202e-11, 2.4680693253e-11, 9.88095781411e-13, 1.7946641013e-14], [2.6389112419e-15, 4.21899250562e-14, 1.63919459197e-14, 1.00336295736e-14, 3.7488278947e-14, 1.1293330715e-09, 7.43883443732e-09, -1.09334301324e-14, 3.12050767171e-11, 2.45668277388e-11, 9.14410127478e-12, 7.35428801191e-11, 8.7626789505e-12, 2.271258355e-11, 5.07713012257e-12, 1.06937451949e-10, 1.29358301848e-10, 5.87931658913e-09, 2.48875267062e-08, 5.6792703873e-10, -9.66150597026e-12, 1.59060292715e-10, 4.19786046202e-11, 2.39808763125e-11, 5.95357270428e-12, 2.76989775517e-13, 7.10193588779e-15], [8.98733826651e-16, 3.07317084615e-15, -2.69275320883e-16, 7.20793189675e-15, 2.22671426247e-14, 3.71907116214e-10, 2.59294608007e-09, 5.9324010751e-15, 1.80752635082e-11, 9.58943948554e-12, 4.65285492426e-12, 2.79205582265e-11, 4.25032621945e-12, 7.59342241863e-12, 3.45683632543e-13, 3.44216981307e-11, 1.57549792656e-10, 2.84618129065e-09, 6.03144112432e-09, 2.78419287625e-10, 8.61678697145e-12, 3.4440842539e-11, 2.4680693253e-11, 5.95357270428e-12, 3.78433005419e-12, 7.58484258474e-14, 2.67800117714e-15], [5.94480147863e-17, 8.43172488718e-16, 4.21246848845e-16, 3.57324528099e-16, 2.05897615852e-15, 2.74339700262e-11, 1.51669385384e-10, 1.54630650257e-15, 5.99984417617e-13, 6.87327853053e-13, 9.66750686665e-14, 1.9002043862e-12, 4.61032904561e-13, 8.12158445964e-13, 1.55428079261e-13, 1.53302078063e-12, 6.6361027784e-11, 1.64733213182e-10, 3.97284344311e-10, 1.26503339054e-11, 3.55538450243e-12, 2.0953755224e-12, 9.88095781411e-13, 2.76989775517e-13, 7.58484258474e-14, 9.04300421302e-15, 9.82059131121e-17], [5.34818019443e-19, 7.20584245837e-18, 4.01865269248e-18, 3.08185989541e-18, 3.65456103949e-17, 3.50102623758e-13, 2.66485032825e-12, 6.30985944401e-18, 1.78984973544e-14, 8.91416118438e-15, 3.92823980674e-15, 2.55081837543e-14, 4.91552235181e-15, 7.96934421259e-15, 1.17141723754e-15, 3.64046188756e-14, 1.33363033616e-13, 4.05483242469e-12, 8.15087147082e-12, 2.52346700393e-13, 5.93216178829e-15, 5.2047223546e-14, 1.7946641013e-14, 7.10193588779e-15, 2.67800117714e-15, 9.82059131121e-17, 5.06821998553e-18]]
    },
    "mfcc": {
        "kurt": [7.23647212982, 19.4639625549, 6.96384620667, 4.67781686783, 5.83944034576, 7.75339794159, 6.61514949799, 1.38209486008, 7.09269523621, 7.10399627686, 1.60368108749, 2.76634597778, 0.954185724258],
        "max": [-700.79107666, 67.4507598877, 18.3450012207, 52.4991950989, 19.2844238281, 8.5698928833, 6.63801956177, 9.20255470276, 2.85494613647, 1.39706420898, 16.2284183502, 28.7494678497, 26.2070732117],
        "mean": [-745.520141602, -1.73051726818, -87.9005126953, 36.7250900269, -40.7781562805, -68.6973342896, -32.1916885376, -9.09928321838, -56.7378959656, -34.0470848083, 6.21408224106, 6.78998756409, 12.5475730896],
        "median": [-711.583190918, -1.8944606781, -95.5753326416, 38.7156295776, -43.9296569824, -73.3732070923, -34.3385848999, -9.57596969604, -61.130153656, -35.9166564941, 6.64083766937, 6.91945171356, 12.9178371429],
        "min": [-1138.42004395, -19.6971893311, -110.1745224, 8.01086425781e-05, -71.4066848755, -89.8430099487, -61.3101501465, -27.1899986267, -70.7726745605, -50.9399337769, -17.1023197174, -6.22570800781, -6.50232315063],
        "skew": [-3.02404475212, 3.10037112236, 2.90973901749, -2.09878873825, 2.51708960533, 3.00014472008, 2.50655317307, 0.707131743431, 2.91482996941, 2.63471913338, -0.754686594009, 0.403339266777, -0.713237345219],
        "var": [12799.796875, 80.096572876, 740.855957031, 98.3903274536, 220.781280518, 387.112457275, 86.6337051392, 21.4936084747, 265.508117676, 80.4262542725, 16.2543754578, 18.8076286316, 30.616361618],
        "cov": [[12820.2763672, -478.10559082, -3016.35644531, 972.176086426, -1570.47668457, -2111.33813477, -905.10760498, -328.590515137, -1796.75964355, -884.614990234, 250.683044434, 75.9046401978, 403.953765869], [-478.10559082, 80.2247238159, 113.926300049, -12.6000423431, 79.2560958862, 75.7056274414, 23.6893463135, 16.1536884308, 65.7190093994, 25.4923286438, -5.07023477554, 10.0020456314, -17.0990886688], [-3016.35644531, 113.926300049, 742.041320801, -223.178024292, 378.290649414, 511.064208984, 231.151031494, 85.3351593018, 429.042541504, 219.282455444, -58.7563171387, -23.1580486298, -90.678565979], [972.176086426, -12.6000423431, -223.178024292, 98.5477523804, -103.068183899, -152.120880127, -68.7853240967, -18.2534351349, -130.475570679, -66.5299301147, 23.9879341125, 13.8005170822, 26.6883773804], [-1570.47668457, 79.2560958862, 378.290649414, -103.068183899, 221.134521484, 271.089080811, 110.927375793, 50.3102035522, 226.971893311, 106.63911438, -27.5818214417, -0.369734019041, -50.3968772888], [-2111.33813477, 75.7056274414, 511.064208984, -152.120880127, 271.089080811, 387.731842041, 165.59526062, 60.8992576599, 308.720214844, 160.686416626, -37.3209762573, -15.2943620682, -75.9445724487], [-905.10760498, 23.6893463135, 231.151031494, -68.7853240967, 110.927375793, 165.59526062, 86.772315979, 28.1766624451, 134.142868042, 75.5937652588, -14.7382707596, -12.3518371582, -27.454996109], [-328.590515137, 16.1536884308, 85.3351593018, -18.2534351349, 50.3102035522, 60.8992576599, 28.1766624451, 21.5279979706, 52.7792015076, 25.2241477966, -3.0037343502, 4.85575056076, -7.01268529892], [-1796.75964355, 65.7190093994, 429.042541504, -130.475570679, 226.971893311, 308.720214844, 134.142868042, 52.7792015076, 265.932922363, 128.12361145, -31.9980869293, -5.93240451813, -54.8607749939], [-884.614990234, 25.4923286438, 219.282455444, -66.5299301147, 106.63911438, 160.686416626, 75.5937652588, 25.2241477966, 128.12361145, 80.55493927, -13.3091249466, -10.8433485031, -24.6953868866], [250.683044434, -5.07023477554, -58.7563171387, 23.9879341125, -27.5818214417, -37.3209762573, -14.7382707596, -3.0037343502, -31.9980869293, -13.3091249466, 16.2803821564, 6.68381881714, 6.76502656937], [75.9046401978, 10.0020456314, -23.1580486298, 13.8005170822, -0.369734019041, -15.2943620682, -12.3518371582, 4.85575056076, -5.93240451813, -10.8433485031, 6.68381881714, 18.837720871, 5.85906934738], [403.953765869, -17.0990886688, -90.678565979, 26.6883773804, -50.3968772888, -75.9445724487, -27.454996109, -7.01268529892, -54.8607749939, -24.6953868866, 6.76502656937, 5.85906934738, 30.6653461456]]
    },
    "sccoeffs": {
        "kurt": [0.93511724472, 7.64525032043, 5.81678390503, 6.77172660828, 7.76128578186, 6.87908554077],
        "max": [-0.70130443573, -0.25391626358, -0.651301026344, -0.61483424902, -0.396533340216, -0.653469860554],
        "mean": [-0.843507111073, -0.346731871367, -0.752467870712, -0.679410278797, -0.53300589323, -0.700856268406],
        "median": [-0.845293283463, -0.302518039942, -0.741999149323, -0.661403954029, -0.504097402096, -0.685688495636],
        "min": [-0.950622737408, -0.959675014019, -0.971788525581, -0.966069221497, -0.960819721222, -0.961039483547],
        "skew": [0.466300070286, -3.03080320358, -2.43968009949, -2.79917645454, -3.00569796562, -2.86915802956],
        "var": [0.00109441683162, 0.0231330636889, 0.00250664143823, 0.0045043095015, 0.0103096412495, 0.00308100134134],
        "cov": [[0.00109616783448, 0.000373396440409, 0.00010795739945, 0.000145888378029, 0.00024616040173, 0.000125828402815], [0.000373396440409, 0.0231700781733, 0.00697072222829, 0.00982872024179, 0.0150949982926, 0.00819603260607], [0.00010795739945, 0.00697072222829, 0.00251065194607, 0.00312225800008, 0.00471034133807, 0.00257620750926], [0.000145888378029, 0.00982872024179, 0.00312225800008, 0.00451151654124, 0.00652057351544, 0.003589092521], [0.00024616040173, 0.0150949982926, 0.00471034133807, 0.00652057351544, 0.0103261368349, 0.00546510191634], [0.000125828402815, 0.00819603260607, 0.00257620750926, 0.003589092521, 0.00546510191634, 0.00308593106456]]
    },
    "scvalleys": {
        "kurt": [237.61505127, 96.3773880005, 51.9858627319, 51.4510955811, 38.2082443237, 31.8593254089],
        "max": [-9.45454502106, -7.41885614395, -7.4898686409, -7.94777393341, -6.56666088104, -9.30215930939],
        "mean": [-10.3729095459, -9.17819499969, -8.45780563354, -9.02779960632, -8.09387016296, -10.3611516953],
        "median": [-10.2326107025, -8.94794464111, -8.09692382812, -8.6835899353, -7.67618656158, -9.95863723755],
        "min": [-27.3427734375, -27.1511192322, -27.1946163177, -27.0226726532, -27.3096599579, -27.1815185547],
        "skew": [-12.5997877121, -7.5237402916, -5.63869905472, -5.60922288895, -4.95315599442, -4.611287117],
        "var": [0.744489133358, 1.33290803432, 2.01829624176, 1.87408423424, 2.5265185833, 2.15805912018],
        "cov": [[0.745680332184, 0.822216033936, 0.961829900742, 0.930703520775, 1.04488706589, 0.945902168751], [0.822216033936, 1.33504068851, 1.55468511581, 1.50191497803, 1.72984886169, 1.57770121098], [0.961829900742, 1.55468511581, 2.02152562141, 1.92610192299, 2.23573207855, 2.06357264519], [0.930703520775, 1.50191497803, 1.92610192299, 1.87708282471, 2.15603232384, 1.98596036434], [1.04488706589, 1.72984886169, 2.23573207855, 2.15603232384, 2.53056097031, 2.32637357712], [0.945902168751, 1.57770121098, 2.06357264519, 1.98596036434, 2.32637357712, 2.16151213646]]
    }
},
"rhythm": {
    "beats_loudness": {
        "kurt": 9.19978618622,
        "max": 0.0462615042925,
        "mean": 0.033867046237,
        "median": 0.0351014323533,
        "min": 2.31066465517e-07,
        "skew": -2.60096597672,
        "var": 6.67617714498e-05
    },
    "bpm": 102.386459351,
    "confidence": 1.22557771206,
    "first_peak_bpm": {
        "kurt": 0,
        "max": 101,
        "mean": 101,
        "median": 101,
        "min": 101,
        "skew": 0,
        "var": 0
    },
    "first_peak_spread": {
        "kurt": 0,
        "max": 0.599999964237,
        "mean": 0.599999964237,
        "median": 0.599999964237,
        "min": 0.599999964237,
        "skew": 0,
        "var": 0
    },
    "first_peak_weight": {
        "kurt": 0,
        "max": 0.166666671634,
        "mean": 0.166666671634,
        "median": 0.166666671634,
        "min": 0.166666671634,
        "skew": 0,
        "var": 0
    },
    "onset_rate": 0.0689338222146,
    "second_peak_bpm": {
        "kurt": 0,
        "max": 115,
        "mean": 115,
        "median": 115,
        "min": 115,
        "skew": 0,
        "var": 0
    },
    "second_peak_spread": {
        "kurt": 0,
        "max": 0.5,
        "mean": 0.5,
        "median": 0.5,
        "min": 0.5,
        "skew": 0,
        "var": 0
    },
    "second_peak_weight": {
        "kurt": 0,
        "max": 0.166666671634,
        "mean": 0.166666671634,
        "median": 0.166666671634,
        "min": 0.166666671634,
        "skew": 0,
        "var": 0
    },
    "beats_loudness_band_ratio": {
        "kurt": [20.0416660309, 14.7768573761, 0.296549320221, 19.9893550873, -1.24607622623, 4.44927597046],
        "max": [0.103381522, 0.201606214046, 0.245503649116, 0.109185248613, 0.414672195911, 0.562400102615],
        "mean": [0.00413800543174, 0.0836607143283, 0.203320369124, 0.00815336313099, 0.313501119614, 0.456579744816],
        "median": [2.83979557025e-06, 0.0783600583673, 0.20571808517, 0.00401046173647, 0.306118398905, 0.482954114676],
        "min": [1.14156819109e-06, 0.0595610439777, 0.144012600183, 0.00241340580396, 0.223089635372, 0.0858796462417],
        "skew": [4.69485569, 3.77705621719, -0.584901750088, 4.68611621857, 0.315976768732, -1.86779391766],
        "var": [0.000410386477597, 0.000661324942484, 0.000554901314899, 0.000425796373747, 0.00318950833753, 0.0103095825762],
        "cov": [[0.000427485909313, 0.000508042925503, -0.000255466788076, 0.000435189140262, 0.000435785652371, -0.00159676652402], [0.000508042925503, 0.000688880158123, -0.000118107163871, 0.000523241586052, 0.000855638470966, -0.00242548808455], [-0.000255466788076, -0.000118107163871, 0.000578022154514, -0.000247427669819, 0.000420912663685, -0.000162109106896], [0.000435189140262, 0.000523241586052, -0.000247427669819, 0.000443537865067, 0.000473930034786, -0.00166888826061], [0.000435785652371, 0.000855638470966, 0.000420912663685, 0.000473930034786, 0.00332240457647, -0.00522189354524], [-0.00159676652402, -0.00242548808455, -0.000162109106896, -0.00166888826061, -0.00522189354524, 0.0107391485944]]
    },
    "beats_position": [0.603718817234, 1.19582760334, 1.764716506, 2.33360528946, 2.92571425438, 3.50621318817, 4.09832191467, 4.69043064117, 5.2941493988, 5.89786815643, 6.420317173, 6.94276618958, 7.44199514389, 7.96444416046, 8.47528362274, 8.96290206909, 9.46213150024, 9.98458003998, 10.5186395645, 11.0526981354, 11.5867567062, 12.144036293, 12.7013149261, 13.2469835281, 13.8158731461],
    "bpm_estimates": [101.332733154, 105.46875, 105.468772888, 101.332702637, 103.359359741, 101.332740784, 101.332740784, 99.3840255737, 99.3840255737, 105.468612671],
    "bpm_intervals": [0.592108786106, 0.568888902664, 0.568888783455, 0.59210896492, 0.580498933792, 0.592108726501, 0.592108726501, 0.603718757629, 0.603718757629, 0.522449016571, 0.522449016571, 0.499228954315, 0.522449016571, 0.51083946228, 0.48761844635, 0.499229431152, 0.522448539734, 0.534059524536, 0.534058570862, 0.534058570862, 0.557279586792, 0.557278633118, 0.54566860199, 0.56888961792],
    "onset_times": [0.220589563251],
    "histogram": [[0, 0, 0, 0, 0, 0, 0, 0, 0, 0, 0, 0, 0, 0, 0, 0, 0, 0, 0, 0, 0, 0, 0, 0, 0, 0, 0, 0, 0, 0, 0, 0, 0, 0, 0, 0, 0, 0, 0, 0, 0, 0, 0, 0, 0, 0, 0, 0, 0, 0, 0, 0, 0, 0, 0, 0, 0, 0, 0, 0, 0, 0, 0, 0, 0, 0, 0, 0, 0, 0, 0, 0, 0, 0, 0, 0, 0, 0, 0, 0, 0, 0, 0, 0, 0, 0, 0, 0, 0, 0, 0, 0, 0, 0, 0, 0, 0, 0, 0, 0.0833333358169, 0, 0.166666671634, 0, 0.0416666679084, 0, 0.125, 0, 0, 0.0833333358169, 0, 0.0416666679084, 0, 0.125, 0, 0, 0.166666671634, 0, 0.0416666679084, 0, 0, 0.0833333358169, 0, 0, 0.0416666679084, 0, 0, 0, 0, 0, 0, 0, 0, 0, 0, 0, 0, 0, 0, 0, 0, 0, 0, 0, 0, 0, 0, 0, 0, 0, 0, 0, 0, 0, 0, 0, 0, 0, 0, 0, 0, 0, 0, 0, 0, 0, 0, 0, 0, 0, 0, 0, 0, 0, 0, 0, 0, 0, 0, 0, 0, 0, 0, 0, 0, 0, 0, 0, 0, 0, 0, 0, 0, 0, 0, 0, 0, 0, 0, 0, 0, 0, 0, 0, 0, 0, 0, 0, 0, 0, 0, 0, 0, 0, 0, 0, 0, 0, 0, 0, 0, 0, 0, 0, 0, 0, 0, 0, 0, 0, 0, 0, 0, 0, 0, 0, 0, 0, 0, 0, 0, 0, 0, 0, 0, 0, 0, 0, 0, 0, 0]]
},
"sfx": {
    "inharmonicity": {
        "kurt": 44.0555686951,
        "max": 0.32330262661,
        "mean": 0.0199046880007,
        "median": 0.0144778769463,
        "min": 0,
        "skew": 6.14188432693,
        "var": 0.000902553438209
    },
    "oddtoevenharmonicenergyratio": {
        "kurt": 514.052734375,
        "max": 96.3826751709,
        "mean": 1.41294920444,
        "median": 1.20440340042,
        "min": 0,
        "skew": 21.8979282379,
        "var": 15.8665838242
    },
    "pitch_after_max_to_before_max_energy_ratio": 0.0909567922354,
    "pitch_centroid": 323.58972168,
    "pitch_max_to_total": 0.996805131435,
    "pitch_min_to_total": 0.966453671455,
    "tristimulus": {
        "kurt": [20.787103653, 87.7342987061, 16.2467269897],
        "max": [1, 0.910309135914, 0.880755364895],
        "mean": [0.24087010324, 0.059406157583, 0.699723780155],
        "median": [0.213167726994, 0.0507799088955, 0.735444545746],
        "min": [0, 0, 0],
        "skew": [4.64496326447, 8.42624473572, -4.13947629929],
        "var": [0.0220829825848, 0.00387691566721, 0.0217265132815],
        "cov": [[0.0221183151007, -0.00212008552626, -0.0199982393533], [-0.00212008552626, 0.00388311874121, -0.00176303251646], [-0.0199982393533, -0.00176303251646, 0.0217612758279]]
    }
},
"tonal": {
    "chords_changes_rate": 0.0063694268465,
    "chords_number_rate": 0.00955414026976,
    "chords_strength": {
        "kurt": 3.79905319214,
        "max": 0.536407589912,
        "mean": 0.397726207972,
        "median": 0.378823101521,
        "min": 0.378600865602,
        "skew": 2.30659580231,
        "var": 0.00190348818433
    },
    "key_strength": 0.582364737988,
    "tuning_diatonic_strength": 0.411927580833,
    "tuning_equal_tempered_deviation": 0.040980540216,
    "tuning_frequency": 440,
    "tuning_nontempered_energy_ratio": 0.630765020847,
    "hpcp": {
        "kurt": [73.7480926514, 89.9728469849, 97.1389312744, 142.675720215, 240.345169067, 61.1807022095, 128.489501953, 128.031478882, 168.979324341, 147.608032227, 168.465896606, 132.024597168, 89.6983337402, 256.545776367, 122.195602417, 106.062721252, 79.3386611938, 45.7622718811, 12.9356822968, 16.6240921021, 102.017997742, 71.6941986084, 65.5885925293, 98.1393737793, 53.665802002, 2.23453760147, 7.38405132294, 24.993478775, 41.3083190918, 95.9838790894, 90.0317687988, 90.4849853516, 8.72617053986, 8.05563926697, 7.8877248764, 88.8512268066],
        "max": [0.630854964256, 0.504058778286, 0.225709944963, 0.373776197433, 0.581894874573, 0.23761986196, 0.728815615177, 0.885321259499, 0.854197204113, 0.916073083878, 0.979533314705, 0.415498256683, 0.254151672125, 0.941392660141, 0.753444373608, 0.950538873672, 0.889845013618, 1, 1, 0.992858767509, 1, 0.367265284061, 0.279037207365, 0.688250303268, 0.552933096886, 0.361193627119, 1, 1, 0.619361996651, 1, 1, 1, 1, 1, 1, 1],
