{
"metadata": {
    "version": {
        "essentia": "2.1-beta3"
    }
},
"lowLevel": {
    "average_loudness": 0.887930333614,
    "barkbands_kurtosis": {
        "kurt": 0.0370161533356,
        "max": 0.896126508713,
        "mean": -0.865519583225,
        "median": -1.00523161888,
        "min": -1.54812562466,
        "skew": 0.804311573505,
        "var": 0.29693993926
    },
    "barkbands_skewness": {
        "kurt": -0.592194080353,
        "max": 0.959694683552,
        "mean": -0.115733571351,
        "median": -0.0910827070475,
        "min": -1.00293397903,
        "skew": 0.184665888548,
        "var": 0.213968917727
    },
    "barkbands_spread": {
        "kurt": -0.262878656387,
        "max": 18.5319423676,
        "mean": 11.2999668121,
        "median": 10.7668647766,
        "min": 6.50880002975,
        "skew": 0.62912094593,
        "var": 8.27220726013
    },
    "dissonance": {
        "kurt": -0.304160833359,
        "max": 0.49957677722,
        "mean": 0.460972219706,
        "median": 0.463196635246,
        "min": 0.379001945257,
        "skew": -0.586796998978,
        "var": 0.000773145351559
    },
    "hfc": {
        "kurt": -1.32306289673,
        "max": 34.1775817871,
        "mean": 11.0574131012,
        "median": 10.712556839,
        "min": 1.73337175511e-05,
        "skew": 0.370933324099,
        "var": 119.671058655
    },
    "pitch": {
        "kurt": 30.225692749,
        "max": 2518.71533203,
        "mean": 360.564422607,
        "median": 401.111907959,
        "min": 43.9603919983,
        "skew": 4.73341560364,
        "var": 85897.0546875
    },
    "pitch_instantaneous_confidence": {
        "kurt": -0.604758739471,
        "max": 0.788640856743,
        "mean": 0.530045330524,
        "median": 0.616119384766,
        "min": 0.0150188803673,
        "skew": -0.827719092369,
        "var": 0.0369356386364
    },
    "pitch_salience": {
        "kurt": -0.446001529694,
        "max": 0.997483789921,
        "mean": 0.56170630455,
        "median": 0.515615105629,
        "min": 0.322455793619,
        "skew": 0.619431436062,
        "var": 0.0213341582566
    },
    "silence_rate_20dB": {
        "kurt": 0,
        "max": 1,
        "mean": 1,
        "median": 1,
        "min": 1,
        "skew": 0,
        "var": 0
    },
    "silence_rate_30dB": {
        "kurt": 0,
        "max": 1,
        "mean": 1,
        "median": 1,
        "min": 1,
        "skew": 0,
        "var": 0
    },
    "silence_rate_60dB": {
        "kurt": -1.98291563988,
        "max": 1,
        "mean": 0.467391312122,
        "median": 0,
        "min": 0,
        "skew": 0.130713045597,
        "var": 0.248936772346
    },
    "spectral_centroid": {
        "kurt": -0.0323805809021,
        "max": 2464.23901367,
        "mean": 2041.07885742,
        "median": 2056.48266602,
        "min": 1381.86877441,
        "skew": -0.370046615601,
        "var": 56654.4960938
    },
    "spectral_complexity": {
        "kurt": -1.82119345665,
        "max": 17,
        "mean": 8.39130401611,
        "median": 13,
        "min": 0,
        "skew": -0.230764940381,
        "var": 49.3251686096
    },
    "spectral_crest": {
        "kurt": -0.679042577744,
        "max": 15.6998920441,
        "mean": 7.8143696785,
        "median": 7.09019184113,
        "min": 3.13089418411,
        "skew": 0.58153796196,
        "var": 10.3405580521
    },
    "spectral_decrease": {
        "kurt": -1.36725783348,
        "max": -1.76217380209e-15,
        "mean": -1.08698539059e-09,
        "median": -1.1038017167e-09,
        "min": -3.17708237496e-09,
        "skew": -0.339377015829,
        "var": 1.13286334677e-18
    },
    "spectral_energy": {
        "kurt": -1.37776041031,
        "max": 0.0149500444531,
        "mean": 0.00510547403246,
        "median": 0.00521360849962,
        "min": 8.22308354742e-09,
        "skew": 0.336346358061,
        "var": 2.50118719123e-05
    },
    "spectral_energyband_high": {
        "kurt": 0.537551879883,
        "max": 0.00203370326199,
        "mean": 0.000392947898945,
        "median": 0.00021889861091,
        "min": 5.44596923113e-10,
        "skew": 1.1334117651,
        "var": 2.25248882657e-07
    },
    "spectral_energyband_low": {
        "kurt": -0.0932500362396,
        "max": 1.43792533436e-07,
        "mean": 4.59936408959e-08,
        "median": 4.55448301295e-08,
        "min": 8.05760666522e-11,
        "skew": 0.566314637661,
        "var": 1.13007493581e-15
    },
    "spectral_energyband_middle_high": {
        "kurt": -1.40208494663,
        "max": 0.0134586198255,
        "mean": 0.00469271978363,
        "median": 0.00495323259383,
        "min": 6.50912079792e-09,
        "skew": 0.322593480349,
        "var": 2.09608679143e-05
    },
    "spectral_energyband_middle_low": {
        "kurt": 1.50742721558,
        "max": 0.000767165969592,
        "mean": 0.000125516584376,
        "median": 3.28667010763e-05,
        "min": 1.14014886421e-09,
        "skew": 1.47908747196,
        "var": 2.81285874593e-08
    },
    "spectral_flatness_db": {
        "kurt": -1.14286112785,
        "max": 0.393851101398,
        "mean": 0.273663789034,
        "median": 0.322276443243,
        "min": 0.0637438967824,
        "skew": -0.657014548779,
        "var": 0.008769585751
    },
    "spectral_flux": {
        "kurt": -1.07623767853,
        "max": 0.0619052499533,
        "mean": 0.0214987937361,
        "median": 0.0246647000313,
        "min": 9.87822495517e-05,
        "skew": 0.208734944463,
        "var": 0.000303833920043
    },
    "spectral_kurtosis": {
        "kurt": -0.273951053619,
        "max": 30.2877960205,
        "mean": 12.8767967224,
        "median": 10.910369873,
        "min": 2.24976730347,
        "skew": 0.605501294136,
        "var": 42.9638710022
    },
    "spectral_rms": {
        "kurt": -1.70908033848,
        "max": 0.0038190849591,
        "mean": 0.00172172614839,
        "median": 0.00225515989587,
        "min": 2.83240547105e-06,
        "skew": -0.0653095766902,
        "var": 2.01660623134e-06
    },
    "spectral_rolloff": {
        "kurt": 0.535171031952,
        "max": 4048.2421875,
        "mean": 3112.24926758,
        "median": 3122.31445312,
        "min": 2024.12109375,
        "skew": 0.0104705002159,
        "var": 133322.328125
    },
    "spectral_skewness": {
        "kurt": -0.336902141571,
        "max": 3.26102614403,
        "mean": 1.96716690063,
        "median": 2.05307769775,
        "min": 0.760499000549,
        "skew": -0.378494590521,
        "var": 0.316531687975
    },
    "spectral_spread": {
        "kurt": 37.72290802,
        "max": 23144140,
        "mean": 2630905.5,
        "median": 1829365.25,
        "min": 1435915.875,
        "skew": 6.02273607254,
        "var": 7.94694831309e+12
    },
    "spectral_strongpeak": {
        "kurt": -0.446595430374,
        "max": 6.50736045837,
        "mean": 1.80288541317,
        "median": 2.01236486435,
        "min": 5.00638961967e-05,
        "skew": 0.586611092091,
        "var": 2.92750310898
    },
    "zerocrossingrate": {
        "kurt": 5.40362739563,
        "max": 0.1220703125,
        "mean": 0.10030464828,
        "median": 0.100830078125,
        "min": 0.0458984375,
        "skew": -1.51678776741,
        "var": 0.000154392764671
    },
    "barkbands": {
        "kurt": [6.57084083557, -1.02241039276, 8.40613937378, 19.7696399689, 5.90147304535, 1.35429573059, -1.34614121914, -0.690974712372, 0.456359624863, 3.49101114273, 2.8809709549, 1.3701004982, 1.80436658859, 1.16723489761, 6.11813354492, 0.572850227356, 4.36628007889, 0.0836145877838, 2.5771446228, 0.661622524261, 0.639352798462, -0.823938369751, 0.337589502335, -1.0157752037, -0.444382190704, 13.2240982056, 15.2532482147],
        "max": [2.7267974545e-09, 8.29061903573e-08, 4.67190375275e-08, 2.06835366612e-07, 7.09943719812e-07, 3.70840166397e-06, 3.49763904524e-05, 6.22435845798e-06, 3.07419190904e-06, 0.00164846424013, 0.00132519577164, 0.00801816675812, 0.000739891431294, 0.00124152260832, 0.00130742578767, 0.000611922063399, 0.00522009888664, 0.00355311692692, 0.00273656588979, 0.00193534512073, 0.000301262683934, 5.2788859648e-06, 8.56545909755e-07, 3.79649698345e-08, 1.42772602629e-08, 3.46388739914e-09, 3.44373329852e-09],
        "mean": [4.50050829937e-10, 3.37098740033e-08, 6.3437570752e-09, 1.84269133285e-08, 1.11670757974e-07, 7.80253458288e-07, 1.14295471576e-05, 1.57529620992e-06, 6.90729223152e-07, 0.000226435469813, 0.000219037130591, 0.00148066726979, 0.00013085239334, 0.000226435164222, 0.000167756821611, 0.000133887384436, 0.000763585965615, 0.000826490868349, 0.000482142582769, 0.000369562476408, 6.2340281147e-05, 1.42849069107e-06, 1.9495010406e-07, 1.14387344041e-08, 3.77711684152e-09, 3.40893729911e-10, 2.54679749512e-10],
        "median": [2.6985053081e-10, 3.68062345046e-08, 3.54522300405e-09, 8.90628459871e-09, 8.18683361103e-08, 3.64435038591e-07, 1.11221679617e-05, 1.54464919433e-06, 4.24764010631e-07, 5.39405591553e-05, 0.000120905788208, 0.000316111661959, 5.75198282604e-05, 0.000113015667011, 5.82423890592e-05, 5.76335660298e-05, 0.000319166283589, 0.00041929751751, 0.000342969840858, 0.00015363903367, 3.93877126044e-05, 1.21648781715e-06, 1.00706330386e-07, 1.18224932066e-08, 3.62786956032e-09, 1.62885066546e-10, 3.33081895398e-11],
        "min": [7.06131388171e-13, 3.13620587833e-11, 1.17502951813e-11, 1.09720539945e-11, 1.9820300956e-10, 1.5389411967e-10, 6.62031124365e-11, 2.14507564489e-10, 3.83239273649e-10, 4.16954248905e-10, 5.91086901647e-10, 4.39919767281e-10, 4.85989415377e-10, 4.97875851657e-10, 5.57544177493e-10, 7.7357936723e-10, 9.09049446829e-10, 1.02558128656e-09, 6.35245911429e-10, 4.1898257086e-10, 2.32579344672e-10, 4.24960379386e-11, 1.02660154683e-11, 6.49119386714e-12, 5.93633519078e-12, 5.16112272277e-13, 5.08646740721e-14],
        "skew": [2.19651603699, 0.118697866797, 2.63378500938, 3.81944894791, 1.9572609663, 1.50677359104, 0.311975508928, 0.534472644329, 1.04068052769, 1.8317514658, 1.74710273743, 1.43434739113, 1.56929433346, 1.31405079365, 2.35548949242, 1.22076380253, 2.02212619781, 1.01779663563, 1.63939356804, 1.20789134502, 1.06390523911, 0.565675973892, 1.1689735651, 0.458890974522, 0.584856510162, 3.25413632393, 3.54883265495],
        "var": [2.32620042055e-19, 5.26087504858e-16, 6.87522151082e-17, 8.0471147544e-16, 1.41176073991e-14, 9.83295259452e-13, 1.23203003355e-10, 2.32802579297e-12, 4.73198628718e-13, 1.06538742273e-07, 8.25653145853e-08, 3.94653079638e-06, 2.9598508533e-08, 7.7270094323e-08, 6.42833555276e-08, 2.74231748421e-08, 1.13202918328e-06, 9.43200120673e-07, 3.73376565221e-07, 2.12363985952e-07, 5.04185271311e-09, 2.10268694817e-12, 5.61674459113e-14, 1.17582890276e-16, 1.16504700053e-17, 2.80703353129e-19, 2.73469684522e-19],
        "cov": [[2.35176314491e-19, 6.25368478143e-18, 8.42270661673e-19, 1.64470937153e-18, 2.39057810919e-17, 2.15020332747e-16, 2.99657662135e-15, 4.17724674092e-16, 1.5129989701e-16, 6.94092813823e-14, 8.29365195227e-14, 3.83972665946e-13, 3.36588768738e-14, 5.55211157268e-14, 5.61331749583e-14, 4.56873749174e-14, 2.35293040477e-13, 2.09395150416e-13, 1.69096250132e-13, 1.09126974763e-13, 1.34381107926e-14, 3.90316461394e-16, 4.52041300743e-17, 3.13046213307e-18, 1.02344585989e-18, 9.87414609116e-20, 8.15659925325e-20], [6.25368478143e-18, 5.31868663542e-16, 8.59304204729e-17, 3.29583828499e-16, 1.78981576942e-15, 1.29500936071e-14, 1.71008633686e-13, 2.82160871003e-14, 1.23303204466e-14, 3.74797935743e-12, 4.09262511034e-12, 2.19265786083e-11, 2.4702189079e-12, 4.81563226795e-12, 2.52130846583e-12, 2.28496171636e-12, 1.58815374046e-11, 1.59132238636e-11, 9.88163110366e-12, 6.06074608903e-12, 9.96823500479e-13, 2.1399430215e-14, 2.11183334376e-15, 1.64121289148e-16, 6.15176471487e-17, 5.76415929492e-18, 4.6088005646e-18], [8.42270661673e-19, 8.59304204729e-17, 6.95077354099e-17, 9.81399835085e-17, 3.20634475425e-16, 1.91135292713e-15, 1.69716484925e-14, 4.40115778294e-15, 2.29306663074e-15, 1.29166317399e-13, 6.99163708699e-13, -2.37598542186e-13, 4.53364288385e-13, 6.00720428262e-13, 2.80930985939e-13, 2.99994539843e-13, 2.41417844916e-12, 1.43614547338e-12, 1.97686853866e-12, -8.19487774623e-14, 8.44091167947e-14, 1.64570158377e-15, 1.33689221768e-16, 1.56336689095e-17, 9.09545054096e-18, 1.07715862617e-18, 7.97111253118e-19], [1.64470937153e-18, 3.29583828499e-16, 9.81399835085e-17, 8.1355449941e-16, 1.89077553222e-15, 1.04367757519e-14, 8.19493466684e-14, 1.36641627104e-14, 1.23358795238e-14, 1.30309207435e-12, 1.27102332565e-12, 6.48143951704e-12, 1.6061670223e-12, 3.61521858457e-12, 6.00039495088e-13, 1.32473882124e-12, 7.17968956856e-12, 7.743487275e-12, 5.47485754648e-12, 2.08542211277e-12, 5.77019985612e-13, 8.52915167557e-15, 1.04496098892e-16, 5.77142111352e-17, 2.4491133798e-17, 2.63403506513e-18, 1.75537321279e-18], [2.39057810919e-17, 1.78981576942e-15, 3.20634475425e-16, 1.89077553222e-15, 1.42727457186e-14, 5.3453826787e-14, 5.29947179889e-13, 8.78117972216e-14, 4.9883576138e-14, 1.389471177e-11, 1.1791663132e-11, 5.5129026344e-11, 8.59122148422e-12, 1.89184206495e-11, 7.08609039501e-12, 6.74357878566e-12, 4.60396130941e-11, 5.89239629312e-11, 2.9248610478e-11, 1.93130962611e-11, 3.32117840174e-12, 7.49652618627e-14, 5.31359692032e-15, 4.7944415331e-16, 1.85359647684e-16, 1.87165991766e-17, 1.37183388186e-17], [2.15020332747e-16, 1.29500936071e-14, 1.91135292713e-15, 1.04367757519e-14, 5.3453826787e-14, 9.94100743563e-13, 8.64830169284e-12, 9.44833295803e-13, 3.45251686398e-13, 1.05009854978e-10, 1.30735311465e-10, 7.78212383423e-10, 7.64565910583e-11, 1.32365743366e-10, 1.34770500315e-10, 9.51665135585e-11, 3.42499167916e-10, 5.09420283734e-10, 3.28952892703e-10, 1.22646046097e-10, 2.23094875906e-11, 8.12917821166e-13, 1.0973586948e-13, 7.10778126216e-15, 1.89476251631e-15, 9.88975287484e-17, 6.29195197636e-17], [2.99657662135e-15, 1.71008633686e-13, 1.69716484925e-14, 8.19493466684e-14, 5.29947179889e-13, 8.64830169284e-12, 1.245568787e-10, 1.42312984314e-11, 3.53015208211e-12, 1.85363968619e-09, 1.81352444173e-09, 1.35090356679e-08, 9.50359346774e-10, 1.6548471482e-09, 1.82827375461e-09, 1.24169541316e-09, 5.25713783617e-09, 6.59155086069e-09, 4.1617123081e-09, 2.97567859242e-09, 4.97281271716e-10, 1.29661715392e-11, 2.13183875934e-12, 1.11025683818e-13, 2.89577728658e-14, 2.2103976974e-15, 1.74818547649e-15], [4.17724674092e-16, 2.82160871003e-14, 4.40115778294e-15, 1.36641627104e-14, 8.78117972216e-14, 9.44833295803e-13, 1.42312984314e-11, 2.3536084106e-12, 6.62970492307e-13, 3.04018449304e-10, 2.99428204453e-10, 1.5279407739e-09, 1.53333359898e-10, 3.02044000922e-10, 2.12323658655e-10, 1.88529164502e-10, 1.00755259691e-09, 1.02672670366e-09, 7.34679650449e-10, 4.24035501156e-10, 7.10482159216e-11, 1.70958332126e-12, 1.85869860627e-13, 1.27429025719e-14, 4.11496991402e-15, 4.28181269356e-16, 3.63975033754e-16], [1.5129989701e-16, 1.23303204466e-14, 2.29306663074e-15, 1.23358795238e-14, 4.9883576138e-14, 3.45251686398e-13, 3.53015208211e-12, 6.62970492307e-13, 4.78398624968e-13, 1.21503376804e-10, 9.72481192796e-11, 5.22937415592e-10, 6.92952917269e-11, 1.43672657105e-10, 4.37982740353e-11, 5.90189841443e-11, 4.47518799795e-10, 4.46385400865e-10, 2.63135069289e-10, 1.65122915341e-10, 2.62438404341e-11, 5.41534319557e-13, 2.82765161248e-14, 3.09884102665e-15, 1.48560886273e-15, 1.1455288137e-16, 8.28601708845e-17], [6.94092813823e-14, 3.74797935743e-12, 1.29166317399e-13, 1.30309207435e-12, 1.389471177e-11, 1.05009854978e-10, 1.85363968619e-09, 3.04018449304e-10, 1.21503376804e-10, 1.07709496433e-07, 5.37011963786e-08, 1.59446798875e-07, 2.53650203064e-08, 5.80001611183e-08, 3.12307584238e-08, 2.38839632516e-08, 1.76291578668e-07, 2.1573961817e-07, 9.26238428178e-08, 8.20743366603e-08, 1.05732729239e-08, 2.94158364333e-10, 2.93201990464e-11, 1.75724560771e-12, 5.80196264297e-13, 4.94857688084e-14, 3.91600204412e-14], [8.29365195227e-14, 4.09262511034e-12, 6.99163708699e-13, 1.27102332565e-12, 1.1791663132e-11, 1.30735311465e-10, 1.81352444173e-09, 2.99428204453e-10, 9.72481192796e-11, 5.37011963786e-08, 8.34726279209e-08, 1.70304346625e-07, 3.65144252612e-08, 5.37208642015e-08, 2.29528733797e-08, 2.68532058811e-08, 1.72335575144e-07, 1.82590980558e-07, 1.24942346247e-07, 6.6315244851e-08, 9.53352419231e-09, 2.6370217121e-10, 2.02650327075e-11, 1.89315230159e-12, 6.5733806202e-13, 7.52181452432e-14, 6.60037142671e-14], [3.83972665946e-13, 2.19265786083e-11, -2.37598542186e-13, 6.48143951704e-12, 5.5129026344e-11, 7.78212383423e-10, 1.35090356679e-08, 1.5279407739e-09, 5.22937415592e-10, 1.59446798875e-07, 1.70304346625e-07, 3.98989914174e-06, 7.88588749856e-08, 2.2916145781e-07, 1.36230724479e-07, 9.17589204619e-08, 5.89475519064e-07, 1.06992104065e-06, 3.5250755559e-07, 7.83317432251e-07, 8.16015628402e-08, 2.04989425434e-09, 2.49935350194e-10, 1.43755510967e-11, 4.34625556031e-12, 3.95650824386e-13, 3.44018623267e-13], [3.36588768738e-14, 2.4702189079e-12, 4.53364288385e-13, 1.6061670223e-12, 8.59122148422e-12, 7.64565910583e-11, 9.50359346774e-10, 1.53333359898e-10, 6.92952917269e-11, 2.53650203064e-08, 3.65144252612e-08, 7.88588749856e-08, 2.99237683521e-08, 3.47601059048e-08, 1.13136140456e-08, 1.59104320829e-08, 1.1829648372e-07, 9.03472852087e-08, 7.70647474724e-08, 2.6098327055e-08, 7.00090563299e-09, 1.21054777313e-10, 1.09280544683e-11, 8.01515158497e-13, 3.56125041566e-13, 2.68911496938e-14, 2.09674722111e-14], [5.55211157268e-14, 4.81563226795e-12, 6.00720428262e-13, 3.61521858457e-12, 1.89184206495e-11, 1.32365743366e-10, 1.6548471482e-09, 3.02044000922e-10, 1.43672657105e-10, 5.80001611183e-08, 5.37208642015e-08, 2.2916145781e-07, 3.47601059048e-08, 7.81192142085e-08, 1.77494694498e-08, 2.45656526232e-08, 2.08942822155e-07, 2.10159996072e-07, 1.08071830596e-07, 7.9927545471e-08, 1.17714984427e-08, 2.57855570229e-10, 1.28517457093e-11, 1.59051938287e-12, 6.41564709344e-13, 5.80146553627e-14, 4.78531297433e-14], [5.61331749583e-14, 2.52130846583e-12, 2.80930985939e-13, 6.00039495088e-13, 7.08609039501e-12, 1.34770500315e-10, 1.82827375461e-09, 2.12323658655e-10, 4.37982740353e-11, 3.12307584238e-08, 2.29528733797e-08, 1.36230724479e-07, 1.13136140456e-08, 1.77494694498e-08, 6.49897629046e-08, 1.74571681555e-08, 7.15134902407e-08, 9.39926394494e-08, 6.48262172831e-08, 2.76691469736e-08, 4.79036055268e-09, 1.9969788323e-10, 3.59820541418e-11, 1.60042313603e-12, 4.03454315312e-13, 4.20632360323e-14, 3.48794377983e-14], [4.56873749174e-14, 2.28496171636e-12, 2.99994539843e-13, 1.32473882124e-12, 6.74357878566e-12, 9.51665135585e-11, 1.24169541316e-09, 1.88529164502e-10, 5.90189841443e-11, 2.38839632516e-08, 2.68532058811e-08, 9.17589204619e-08, 1.59104320829e-08, 2.45656526232e-08, 1.74571681555e-08, 2.77245284508e-08, 1.03172069998e-07, 7.80440174708e-08, 6.51675406971e-08, 2.7296289673e-08, 6.10419803593e-09, 1.31782515456e-10, 1.51432460321e-11, 1.19737531522e-12, 3.45161399462e-13, 3.63376084051e-14, 3.11602008302e-14], [2.35293040477e-13, 1.58815374046e-11, 2.41417844916e-12, 7.17968956856e-12, 4.60396130941e-11, 3.42499167916e-10, 5.25713783617e-09, 1.00755259691e-09, 4.47518799795e-10, 1.76291578668e-07, 1.72335575144e-07, 5.89475519064e-07, 1.1829648372e-07, 2.08942822155e-07, 7.15134902407e-08, 1.03172069998e-07, 1.14446913813e-06, 6.30763906884e-07, 4.74394795447e-07, 2.40904086013e-07, 3.54520466317e-08, 6.79054590336e-10, 4.72339424518e-11, 5.22977321171e-12, 2.29931438472e-12, 2.04716248836e-13, 1.73723841844e-13], [2.09395150416e-13, 1.59132238636e-11, 1.43614547338e-12, 7.743487275e-12, 5.89239629312e-11, 5.09420283734e-10, 6.59155086069e-09, 1.02672670366e-09, 4.46385400865e-10, 2.1573961817e-07, 1.82590980558e-07, 1.06992104065e-06, 9.03472852087e-08, 2.10159996072e-07, 9.39926394494e-08, 7.80440174708e-08, 6.30763906884e-07, 9.53564949668e-07, 3.5403269294e-07, 3.00626226135e-07, 4.07825133664e-08, 1.05223774138e-09, 9.18475642764e-11, 6.81079628459e-12, 2.24314815854e-12, 1.96906998085e-13, 1.59602054337e-13], [1.69096250132e-13, 9.88163110366e-12, 1.97686853866e-12, 5.47485754648e-12, 2.9248610478e-11, 3.28952892703e-10, 4.1617123081e-09, 7.34679650449e-10, 2.63135069289e-10, 9.26238428178e-08, 1.24942346247e-07, 3.5250755559e-07, 7.70647474724e-08, 1.08071830596e-07, 6.48262172831e-08, 6.51675406971e-08, 4.74394795447e-07, 3.5403269294e-07, 3.7747960846e-07, 1.118192543e-07, 2.41267876788e-08, 4.64602079031e-10, 4.28401931984e-11, 3.58459811313e-12, 1.44332516858e-12, 1.53228639629e-13, 1.31367925435e-13], [1.09126974763e-13, 6.06074608903e-12, -8.19487774623e-14, 2.08542211277e-12, 1.93130962611e-11, 1.22646046097e-10, 2.97567859242e-09, 4.24035501156e-10, 1.65122915341e-10, 8.20743366603e-08, 6.6315244851e-08, 7.83317432251e-07, 2.6098327055e-08, 7.9927545471e-08, 2.76691469736e-08, 2.7296289673e-08, 2.40904086013e-07, 3.00626226135e-07, 1.118192543e-07, 2.14697664092e-07, 2.10240447274e-08, 5.01106767192e-10, 4.84075626805e-11, 3.37277189684e-12, 1.08987526035e-12, 1.1174633945e-13, 9.82817207609e-14], [1.34381107926e-14, 9.96823500479e-13, 8.44091167947e-14, 5.77019985612e-13, 3.32117840174e-12, 2.23094875906e-11, 4.97281271716e-10, 7.10482159216e-11, 2.62438404341e-11, 1.05732729239e-08, 9.53352419231e-09, 8.16015628402e-08, 7.00090563299e-09, 1.17714984427e-08, 4.79036055268e-09, 6.10419803593e-09, 3.54520466317e-08, 4.07825133664e-08, 2.41267876788e-08, 2.10240447274e-08, 5.09725772702e-09, 6.26177720786e-11, 9.67555462833e-12, 4.94646858196e-13, 1.45295383255e-13, 1.18902199149e-14, 9.55815016978e-15], [3.90316461394e-16, 2.1399430215e-14, 1.64570158377e-15, 8.52915167557e-15, 7.49652618627e-14, 8.12917821166e-13, 1.29661715392e-11, 1.70958332126e-12, 5.41534319557e-13, 2.94158364333e-10, 2.6370217121e-10, 2.04989425434e-09, 1.21054777313e-10, 2.57855570229e-10, 1.9969788323e-10, 1.31782515456e-10, 6.79054590336e-10, 1.05223774138e-09, 4.64602079031e-10, 5.01106767192e-10, 6.26177720786e-11, 2.12579346487e-12, 2.07332184732e-13, 1.25951181925e-14, 3.65313748151e-15, 3.56238552451e-16, 2.99080848579e-16], [4.52041300743e-17, 2.11183334376e-15, 1.33689221768e-16, 1.04496098892e-16, 5.31359692032e-15, 1.0973586948e-13, 2.13183875934e-12, 1.85869860627e-13, 2.82765161248e-14, 2.93201990464e-11, 2.02650327075e-11, 2.49935350194e-10, 1.09280544683e-11, 1.28517457093e-11, 3.59820541418e-11, 1.51432460321e-11, 4.72339424518e-11, 9.18475642764e-11, 4.28401931984e-11, 4.84075626805e-11, 9.67555462833e-12, 2.07332184732e-13, 5.67846720437e-14, 1.96576992355e-15, 4.51756869726e-16, 2.11985810744e-17, 1.42542525938e-17], [3.13046213307e-18, 1.64121289148e-16, 1.56336689095e-17, 5.77142111352e-17, 4.7944415331e-16, 7.10778126216e-15, 1.11025683818e-13, 1.27429025719e-14, 3.09884102665e-15, 1.75724560771e-12, 1.89315230159e-12, 1.43755510967e-11, 8.01515158497e-13, 1.59051938287e-12, 1.60042313603e-12, 1.19737531522e-12, 5.22977321171e-12, 6.81079628459e-12, 3.58459811313e-12, 3.37277189684e-12, 4.94646858196e-13, 1.25951181925e-14, 1.96576992355e-15, 1.18875012568e-16, 2.81565199847e-17, 2.63545078474e-18, 2.22778412563e-18], [1.02344585989e-18, 6.15176471487e-17, 9.09545054096e-18, 2.4491133798e-17, 1.85359647684e-16, 1.89476251631e-15, 2.89577728658e-14, 4.11496991402e-15, 1.48560886273e-15, 5.80196264297e-13, 6.5733806202e-13, 4.34625556031e-12, 3.56125041566e-13, 6.41564709344e-13, 4.03454315312e-13, 3.45161399462e-13, 2.29931438472e-12, 2.24314815854e-12, 1.44332516858e-12, 1.08987526035e-12, 1.45295383255e-13, 3.65313748151e-15, 4.51756869726e-16, 2.81565199847e-17, 1.17784968846e-17, 1.11081246939e-18, 9.6129936688e-19], [9.87414609116e-20, 5.76415929492e-18, 1.07715862617e-18, 2.63403506513e-18, 1.87165991766e-17, 9.88975287484e-17, 2.2103976974e-15, 4.28181269356e-16, 1.1455288137e-16, 4.94857688084e-14, 7.52181452432e-14, 3.95650824386e-13, 2.68911496938e-14, 5.80146553627e-14, 4.20632360323e-14, 3.63376084051e-14, 2.04716248836e-13, 1.96906998085e-13, 1.53228639629e-13, 1.1174633945e-13, 1.18902199149e-14, 3.56238552451e-16, 2.11985810744e-17, 2.63545078474e-18, 1.11081246939e-18, 2.83788013031e-19, 2.77676130581e-19], [8.15659925325e-20, 4.6088005646e-18, 7.97111253118e-19, 1.75537321279e-18, 1.37183388186e-17, 6.29195197636e-17, 1.74818547649e-15, 3.63975033754e-16, 8.28601708845e-17, 3.91600204412e-14, 6.60037142671e-14, 3.44018623267e-13, 2.09674722111e-14, 4.78531297433e-14, 3.48794377983e-14, 3.11602008302e-14, 1.73723841844e-13, 1.59602054337e-13, 1.31367925435e-13, 9.82817207609e-14, 9.55815016978e-15, 2.99080848579e-16, 1.42542525938e-17, 2.22778412563e-18, 9.6129936688e-19, 2.77676130581e-19, 2.76474857536e-19]]
    },
    "mfcc": {
        "kurt": [-1.26441192627, 0.378157138824, -1.21404230595, -0.636528253555, -1.60217654705, -0.383762359619, -1.09444284439, -0.302805900574, -0.285429477692, -0.611531734467, 2.91250514984, -0.445073366165, -1.1753988266],
        "max": [-755.429382324, 88.3732070923, -6.103515625e-05, 22.3780250549, 10.3053741455, 4.39708709717, 40.28540802, 24.8322238922, 10.2800712585, 6.8793964386, 11.7236061096, 29.9728031158, 37.4024925232],
        "mean": [-888.218811035, 51.0648841858, -137.629852295, -4.5412364006, -26.0655040741, -14.2620620728, 18.6565132141, 0.665631651878, -5.45667123795, -10.9813718796, -5.29672956467, 5.90460729599, 10.5796194077],
        "median": [-784.98815918, 57.492515564, -187.100830078, -0.390239715576, -33.7249336243, -14.9437484741, 20.7032661438, -5.34057617188e-05, -4.48725891113, -10.2636642456, -5.20052051544, 4.89430236816, 6.79876708984],
        "min": [-1138.42004395, 1.14440917969e-05, -215.553283691, -34.564491272, -58.1286621094, -27.8829154968, -4.93810653687, -25.0261993408, -21.8836364746, -28.5515594482, -28.8195018768, -14.2177047729, -12.1743583679],
        "skew": [-0.650347828865, -1.10494685173, 0.701567053795, -0.419850677252, 0.0827244520187, 0.397201895714, -0.129269048572, 0.16027456522, -0.370849847794, -0.15963344276, -0.834661722183, 0.329064160585, 0.415315270424],
        "var": [19492.4101562, 460.770507812, 5657.00292969, 188.939071655, 457.443023682, 62.8993034363, 151.070739746, 92.3384246826, 53.525177002, 62.8609352112, 32.7834320068, 74.028968811, 166.495681763],
        "cov": [[19706.6132812, 2411.84423828, -10541.0537109, 1233.02246094, -2665.54589844, -649.734741211, 1363.16540527, -811.896057129, -443.351806641, -779.002319336, -222.720169067, 640.415588379, 1195.29968262], [2411.84423828, 465.83392334, -1285.0501709, 59.9501304626, -244.365081787, -124.134025574, 176.685317993, -60.6333694458, -41.2432670593, -79.2090454102, -49.5453224182, 31.6915893555, 82.686164856], [-10541.0537109, -1285.0501709, 5719.16748047, -627.692260742, 1383.93383789, 348.808837891, -755.696960449, 415.413116455, 219.528945923, 416.097991943, 135.600967407, -359.929260254, -638.412414551], [1233.02246094, 59.9501304626, -627.692260742, 191.015319824, -203.056838989, -23.7767772675, 69.8306274414, -103.397109985, -31.2774887085, -64.8871459961, 8.11530971527, 53.878074646, 78.7760848999], [-2665.54589844, -244.365081787, 1383.93383789, -203.056838989, 462.46987915, 70.3583526611, -184.057327271, 121.666305542, 75.2452468872, 111.377372742, 2.26843762398, -105.772865295, -191.891143799], [-649.734741211, -124.134025574, 348.808837891, -23.7767772675, 70.3583526611, 63.5905036926, -38.4236030579, -1.93921172619, 0.154536157846, 20.8271999359, 9.27782917023, -4.56401395798, -13.1031999588], [1363.16540527, 176.685317993, -755.696960449, 69.8306274414, -184.057327271, -38.4236030579, 152.73085022, -44.4285202026, -38.2101745605, -58.8768501282, -18.1080932617, 61.3951683044, 68.2165145874], [-811.896057129, -60.6333694458, 415.413116455, -103.397109985, 121.666305542, -1.93921172619, -44.4285202026, 93.3531265259, 23.9132862091, 30.8317756653, 1.65237641335, -31.0670413971, -51.8799743652], [-443.351806641, -41.2432670593, 219.528945923, -31.2774887085, 75.2452468872, 0.154536157846, -38.2101745605, 23.9132862091, 54.113368988, 30.0842151642, -2.8581507206, -26.7590312958, -61.2026634216], [-779.002319336, -79.2090454102, 416.097991943, -64.8871459961, 111.377372742, 20.8271999359, -58.8768501282, 30.8317756653, 30.0842151642, 63.5517158508, 6.14777898788, -45.3802490234, -57.4740066528], [-222.720169067, -49.5453224182, 135.600967407, 8.11530971527, 2.26843762398, 9.27782917023, -18.1080932617, 1.65237641335, -2.8581507206, 6.14777898788, 33.1436882019, -4.40015220642, -16.9868507385], [640.415588379, 31.6915893555, -359.929260254, 53.878074646, -105.772865295, -4.56401395798, 61.3951683044, -31.0670413971, -26.7590312958, -45.3802490234, -4.40015220642, 74.8424758911, 73.6435928345], [1195.29968262, 82.686164856, -638.412414551, 78.7760848999, -191.891143799, -13.1031999588, 68.2165145874, -51.8799743652, -61.2026634216, -57.4740066528, -16.9868507385, 73.6435928345, 168.325302124]]
    },
    "sccoeffs": {
        "kurt": [2.02257871628, -1.37480449677, -1.26447629929, -1.38675761223, -1.55889701843, -1.13246047497],
        "max": [-0.715695142746, -0.630445420742, -0.46935749054, -0.462080091238, -0.524860560894, -0.636167824268],
        "mean": [-0.841513156891, -0.781251728535, -0.678437054157, -0.656677424908, -0.686090409756, -0.738329827785],
        "median": [-0.841893911362, -0.758553624153, -0.621932983398, -0.584710597992, -0.603685975075, -0.688698649406],
        "min": [-0.981578171253, -0.972931802273, -0.978557884693, -0.994653344154, -0.928572952747, -0.955950319767],
        "skew": [-0.0205981414765, -0.13167732954, -0.462944358587, -0.49903061986, -0.422347426414, -0.525444567204],
        "var": [0.00141984969378, 0.00827844534069, 0.0213189125061, 0.025335688144, 0.0195479802787, 0.00675630848855],
        "cov": [[0.00143545249011, 0.00138976739254, 0.00249869376421, 0.0028030872345, 0.00228276313283, 0.00159591867123], [0.00138976739254, 0.00836941692978, 0.0115769170225, 0.0131845241413, 0.0115176057443, 0.00687382882461], [0.00249869376421, 0.0115769170225, 0.0215531866997, 0.0225108116865, 0.0197119880468, 0.011319055222], [0.0028030872345, 0.0131845241413, 0.0225108116865, 0.0256141014397, 0.0218392405659, 0.0125757809728], [0.00228276313283, 0.0115176057443, 0.0197119880468, 0.0218392405659, 0.0197627916932, 0.0111634861678], [0.00159591867123, 0.00687382882461, 0.011319055222, 0.0125757809728, 0.0111634861678, 0.0068305535242]]
    },
    "scvalleys": {
        "kurt": [1.75946521759, 1.62531661987, 0.72931265831, 0.27140879631, -0.092707157135, 0.697936534882],
        "max": [-9.61828899384, -8.20028877258, -7.5608921051, -7.52058267593, -7.79942035675, -11.880317688],
        "mean": [-10.7782783508, -9.55586242676, -8.88992404938, -8.98635196686, -9.1631155014, -12.9179821014],
        "median": [-10.5929794312, -9.21698188782, -8.56053924561, -8.56624984741, -8.51962661743, -12.5033178329],
        "min": [-13.5653705597, -13.2536010742, -12.3460540771, -12.4556903839, -12.9821653366, -15.6934013367],
        "skew": [-1.37697815895, -1.33225667477, -1.17382454872, -1.04901611805, -0.990770995617, -1.23694431782],
        "var": [0.610725343227, 1.04907548428, 1.14686381817, 1.41338014603, 1.67872965336, 0.78314948082],
        "cov": [[0.617436647415, 0.707300066948, 0.750817537308, 0.828439295292, 0.876019179821, 0.621905148029], [0.707300066948, 1.06060385704, 1.04569363594, 1.15991342068, 1.27041041851, 0.843893527985], [0.750817537308, 1.04569363594, 1.15946662426, 1.24195766449, 1.33921205997, 0.894816577435], [0.828439295292, 1.15991342068, 1.24195766449, 1.42891180515, 1.52793633938, 1.01393651962], [0.876019179821, 1.27041041851, 1.33921205997, 1.52793633938, 1.69717729092, 1.099588871], [0.621905148029, 0.843893527985, 0.894816577435, 1.01393651962, 1.099588871, 0.791755497456]]
    }
},
"rhythm": {
    "beats_loudness": {
        "kurt": -1.49999976158,
        "max": 0.0118472017348,
        "mean": 0.00615870999172,
        "median": 0.00662697572261,
        "min": 1.95417123905e-06,
        "skew": -0.144008219242,
        "var": 2.3494614652e-05
    },
    "bpm": 103.359375,
    "confidence": 0,
    "first_peak_bpm": {
        "kurt": 0,
        "max": 103,
        "mean": 103,
        "median": 103,
        "min": 103,
        "skew": 0,
        "var": 0
    },
    "first_peak_spread": {
        "kurt": 0,
        "max": 0,
        "mean": 0,
        "median": 0,
        "min": 0,
        "skew": 0,
        "var": 0
    },
    "first_peak_weight": {
        "kurt": 0,
        "max": 1,
        "mean": 1,
        "median": 1,
        "min": 1,
        "skew": 0,
        "var": 0
    },
    "onset_rate": 0.474560946226,
    "second_peak_bpm": {
        "kurt": 0,
        "max": 0,
        "mean": 0,
        "median": 0,
        "min": 0,
        "skew": 0,
        "var": 0
    },
    "second_peak_spread": {
        "kurt": 0,
        "max": 0,
        "mean": 0,
        "median": 0,
        "min": 0,
        "skew": 0,
        "var": 0
    },
    "second_peak_weight": {
        "kurt": 0,
        "max": 0,
        "mean": 0,
        "median": 0,
        "min": 0,
        "skew": 0,
        "var": 0
    },
    "beats_loudness_band_ratio": {
        "kurt": [-1.49999976158, -1.49999976158, -1.50000023842, -1.49999952316, -1.49999833107, -1.49999976158],
        "max": [0.00460540503263, 0.024432733655, 0.25558078289, 0.488628029823, 0.336725443602, 0.193125337362],
        "mean": [0.00154029298574, 0.00819715671241, 0.0919254049659, 0.466845035553, 0.308918505907, 0.150919497013],
        "median": [9.44409293879e-06, 0.00010155452037, 0.0126770790666, 0.467678040266, 0.326390028, 0.183708146214],
        "min": [6.02978525421e-06, 5.71823147766e-05, 0.00751833058894, 0.444228976965, 0.263639986515, 0.0759249851108],
        "skew": [0.707105457783, 0.707098901272, 0.706053078175, -0.0688067600131, -0.653175294399, -0.690506160259],
        "var": [4.69745782539e-06, 0.000131797292852, 0.0133959772065, 0.000328892929247, 0.00104287476279, 0.00282686855644],
        "cov": [[7.04618696545e-06, 3.73229340767e-05, 0.000376220967155, -5.19726381754e-05, -0.000104096579889, -0.000172407962964], [3.73229340767e-05, 0.000197695946554, 0.00199283682741, -0.000275155936833, -0.000551456585526, -0.000913288735319], [0.000376220967155, 0.00199283682741, 0.0200939662755, -0.00274890824221, -0.00557088200003, -0.00921708531678], [-5.19726381754e-05, -0.000275155936833, -0.00274890824221, 0.000493339379318, 0.000713883491699, 0.00122273643501], [-0.000104096579889, -0.000551456585526, -0.00557088200003, 0.000713883491699, 0.00156431214418, 0.00257106171921], [-0.000172407962964, -0.000913288735319, -0.00921708531678, 0.00122273643501, 0.00257106171921, 0.00424030283466]]
    },
    "beats_position": [0.580498874187, 1.16099774837, 1.74149656296],
    "bpm_estimates": [103.359375, 103.359382629],
    "bpm_intervals": [0.580498874187, 0.580498814583],
    "onset_times": [0.0116099771112],
    "histogram": [[0, 0, 0, 0, 0, 0, 0, 0, 0, 0, 0, 0, 0, 0, 0, 0, 0, 0, 0, 0, 0, 0, 0, 0, 0, 0, 0, 0, 0, 0, 0, 0, 0, 0, 0, 0, 0, 0, 0, 0, 0, 0, 0, 0, 0, 0, 0, 0, 0, 0, 0, 0, 0, 0, 0, 0, 0, 0, 0, 0, 0, 0, 0, 0, 0, 0, 0, 0, 0, 0, 0, 0, 0, 0, 0, 0, 0, 0, 0, 0, 0, 0, 0, 0, 0, 0, 0, 0, 0, 0, 0, 0, 0, 0, 0, 0, 0, 0, 0, 0, 0, 0, 0, 1, 0, 0, 0, 0, 0, 0, 0, 0, 0, 0, 0, 0, 0, 0, 0, 0, 0, 0, 0, 0, 0, 0, 0, 0, 0, 0, 0, 0, 0, 0, 0, 0, 0, 0, 0, 0, 0, 0, 0, 0, 0, 0, 0, 0, 0, 0, 0, 0, 0, 0, 0, 0, 0, 0, 0, 0, 0, 0, 0, 0, 0, 0, 0, 0, 0, 0, 0, 0, 0, 0, 0, 0, 0, 0, 0, 0, 0, 0, 0, 0, 0, 0, 0, 0, 0, 0, 0, 0, 0, 0, 0, 0, 0, 0, 0, 0, 0, 0, 0, 0, 0, 0, 0, 0, 0, 0, 0, 0, 0, 0, 0, 0, 0, 0, 0, 0, 0, 0, 0, 0, 0, 0, 0, 0, 0, 0, 0, 0, 0, 0, 0, 0, 0, 0, 0, 0, 0, 0, 0, 0, 0, 0, 0, 0, 0, 0]]
},
"sfx": {
    "inharmonicity": {
        "kurt": -1.35680890083,
        "max": 0.402453273535,
        "mean": 0.146381169558,
        "median": 0.0642862915993,
        "min": 0.00469807581976,
        "skew": 0.477928429842,
        "var": 0.0164421088994
    },
    "oddtoevenharmonicenergyratio": {
        "kurt": 86.8886413574,
        "max": 961.34954834,
        "mean": 12.3931541443,
        "median": 1.16772067547,
        "min": 0.0276901759207,
        "skew": 9.42479896545,
        "var": 9902.53320312
    },
    "pitch_after_max_to_before_max_energy_ratio": 0.319381773472,
    "pitch_centroid": 51.263671875,
    "pitch_max_to_total": 0.989130437374,
    "pitch_min_to_total": 0.978260874748,
    "tristimulus": {
        "kurt": [33.6730957031, -0.784657478333, 1.02077770233],
        "max": [0.799630999565, 0.750465750694, 1],
        "mean": [0.0353078730404, 0.265797942877, 0.698894262314],
        "median": [0.00638338085264, 0.262076437473, 0.724553346634],
        "min": [0, 0, 0],
        "skew": [5.37999296188, 0.319411247969, -1.03351187706],
        "var": [0.0103730848059, 0.0345124714077, 0.0569421835244],
        "cov": [[0.0104870749637, 0.00609455117956, -0.016581626609], [0.00609455117956, 0.0348917320371, -0.0409862883389], [-0.016581626609, -0.0409862883389, 0.0575679205358]]
    }
},
"tonal": {
    "chords_changes_rate": 0,
    "chords_number_rate": 0.021276595071,
    "chords_strength": {
        "kurt": -0.947583198547,
        "max": 0.707511484623,
        "mean": 0.656442642212,
        "median": 0.660210907459,
        "min": 0.616711616516,
        "skew": 0.0703925564885,
        "var": 0.000583309447393
    },
    "key_strength": 0.509735584259,
    "tuning_diatonic_strength": 0.415174245834,
    "tuning_equal_tempered_deviation": 0.232044324279,
    "tuning_frequency": 453.154663086,
    "tuning_nontempered_energy_ratio": 0.866706252098,
    "hpcp": {
        "kurt": [5.55688762665, 14.8822784424, 15.3575267792, 0.0838832855225, -0.350582361221, 1.29798316956, 1.53233718872, 5.03013420105, 5.15522766113, 6.47260379791, 6.87885379791, 6.55428314209, 4.79965496063, 2.72184801102, -0.342963695526, 1.86990690231, -0.136458396912, 2.22436285019, 6.1668548584, 4.30777978897, 5.50561618805, 6.62751483917, 4.24407291412, 2.55568981171, 0.474228620529, -1.01949441433, -0.846764087677, 2.3426027298, 3.59921455383, 0.380914211273, -0.722414255142, 0.287512302399, 3.13342761993, 4.79760313034, 9.27684211731, 5.65701770782],
        "max": [0.699594914913, 0.88137036562, 0.784288346767, 0.590313851833, 0.924437940121, 1, 0.731318891048, 0.814052164555, 0.831890404224, 0.77674716711, 0.682145535946, 0.746790528297, 0.866375029087, 0.849682331085, 0.987860500813, 1, 1, 0.775441646576, 0.882760941982, 0.724055588245, 0.790517687798, 0.965695559978, 1, 1, 1, 1, 0.945584833622, 0.83597278595, 0.861475229263, 0.987954854965, 1, 1, 0.733014583588, 0.681344985962, 0.780228257179, 0.71824246645],
        "mean": [0.124998234212, 0.107018917799, 0.0725856125355, 0.185153186321, 0.365643471479, 0.374279916286, 0.250581532717, 0.142864391208, 0.0945269837976, 0.0825435593724, 0.0841409564018, 0.0957135930657, 0.103737965226, 0.122053772211, 0.380923330784, 0.84322988987, 0.661032140255, 0.182014912367, 0.0998868346214, 0.090437695384, 0.0839495956898, 0.0953080579638, 0.152311980724, 0.226076960564, 0.32714599371, 0.48775023222, 0.373194158077, 0.14386382699, 0.12679772079, 0.262252479792, 0.410855710506, 0.2868463099, 0.122744105756, 0.109198123217, 0.0962100327015, 0.094660282135],
        "median": [0.0656855776906, 0.0573182106018, 0.0148237412795, 0.130126461387, 0.305206567049, 0.33029332757, 0.210585340858, 0.0808520540595, 0.00155825843103, 0.00694639328867, 0.024602195248, 0.0257643107325, 0.00927848462015, 0.00440978584811, 0.359832078218, 1, 0.669018507004, 0.116007052362, 0.00642478372902, 0.00137703155633, 0.00162227125838, 0.0032799965702, 0.0521288365126, 0.155871376395, 0.229890972376, 0.462785005569, 0.261548548937, 0.042604830116, 0.00594959175214, 0.160495683551, 0.319378644228, 0.234002947807, 0.0353286489844, 0.0571616888046, 0.0393407940865, 0.0264243092388],
