{
"metadata": {
    "version": {
        "essentia": "2.1-beta3"
    }
},
"lowLevel": {
    "average_loudness": 0.828641355038,
    "barkbands_kurtosis": {
        "kurt": 5.00337696075,
        "max": 43.7454795837,
        "mean": 6.27878952026,
        "median": 4.48952007294,
        "min": -1.83822512627,
        "skew": 1.82596278191,
        "var": 42.9066772461
    },
    "barkbands_skewness": {
        "kurt": 3.19659852982,
        "max": 5.75147485733,
        "mean": 1.98910999298,
        "median": 1.97513306141,
        "min": -2.89707732201,
        "skew": -0.672959625721,
        "var": 1.1197668314
    },
    "barkbands_spread": {
        "kurt": 1.62414455414,
        "max": 63.9752502441,
        "mean": 16.6394443512,
        "median": 14.2201766968,
        "min": 1.97184288502,
        "skew": 1.23483932018,
        "var": 104.346557617
    },
    "dissonance": {
        "kurt": 6.15960502625,
        "max": 0.499962061644,
        "mean": 0.464088618755,
        "median": 0.469164967537,
        "min": 0.291225165129,
        "skew": -1.91269016266,
        "var": 0.000623390136752
    },
    "hfc": {
        "kurt": 304.325500488,
        "max": 2.47867560387,
        "mean": 0.0214095748961,
        "median": 0.00702853593975,
        "min": 4.23040946771e-05,
        "skew": 15.3915176392,
        "var": 0.00969230569899
    },
    "pitch": {
        "kurt": 19.741268158,
        "max": 5083.53320312,
        "mean": 340.937469482,
        "median": 179.002532959,
        "min": 50.5617523193,
        "skew": 4.57025766373,
        "var": 515632.53125
    },
    "pitch_instantaneous_confidence": {
        "kurt": 4.00015258789,
        "max": 0.984591126442,
        "mean": 0.343068867922,
        "median": 0.303424835205,
        "min": 0.107708573341,
        "skew": 1.78843402863,
        "var": 0.0258136801422
    },
    "pitch_salience": {
        "kurt": 3.13819026947,
        "max": 0.967574119568,
        "mean": 0.644351541996,
        "median": 0.661925911903,
        "min": 0.162191033363,
        "skew": -1.41865742207,
        "var": 0.0119479727
    },
    "silence_rate_20dB": {
        "kurt": 0,
        "max": 1,
        "mean": 1,
        "median": 1,
        "min": 1,
        "skew": 0,
        "var": 0
    },
    "silence_rate_30dB": {
        "kurt": 0,
        "max": 1,
        "mean": 1,
        "median": 1,
        "min": 1,
        "skew": 0,
        "var": 0
    },
    "silence_rate_60dB": {
        "kurt": 0,
        "max": 1,
        "mean": 1,
        "median": 1,
        "min": 1,
        "skew": 0,
        "var": 0
    },
    "spectral_centroid": {
        "kurt": 20.9787044525,
        "max": 5480.97558594,
        "mean": 571.619750977,
        "median": 437.41015625,
        "min": 122.48664093,
        "skew": 4.18788099289,
        "var": 262761.1875
    },
    "spectral_complexity": {
        "kurt": 88.1703414917,
        "max": 4,
        "mean": 0.0403690896928,
        "median": 0,
        "min": 0,
        "skew": 7.99912023544,
        "var": 0.054887380451
    },
    "spectral_crest": {
        "kurt": 2.91166687012,
        "max": 24.0257568359,
        "mean": 9.1242351532,
        "median": 8.42841339111,
        "min": 3.10468816757,
        "skew": 1.5098502636,
        "var": 12.6451759338
    },
    "spectral_decrease": {
        "kurt": 132.333328247,
        "max": -3.04932369231e-14,
        "mean": -5.98392299253e-12,
        "median": -4.32785404736e-12,
        "min": -1.61136590182e-10,
        "skew": -10.2979154587,
        "var": 5.97775001932e-23
    },
    "spectral_energy": {
        "kurt": 197.057357788,
        "max": 0.000832988589536,
        "mean": 2.45266019192e-05,
        "median": 1.71329847944e-05,
        "min": 1.18925854053e-07,
        "skew": 11.5946016312,
        "var": 1.31197452902e-09
    },
    "spectral_energyband_high": {
        "kurt": 380.062591553,
        "max": 0.000271431403235,
        "mean": 9.26218376662e-07,
        "median": 1.39017217293e-07,
        "min": 1.32621369442e-09,
        "skew": 18.6850700378,
        "var": 1.19874138393e-10
    },
    "spectral_energyband_low": {
        "kurt": 25.6417827606,
        "max": 7.95700761955e-05,
        "mean": 7.31478849048e-06,
        "median": 5.21736410519e-06,
        "min": 4.59141915599e-08,
        "skew": 4.29460048676,
        "var": 6.16874537562e-11
    },
    "spectral_energyband_middle_high": {
        "kurt": 90.1396636963,
        "max": 0.000259654887486,
        "mean": 4.52675794804e-06,
        "median": 1.27807584249e-06,
        "min": 6.83553524894e-09,
        "skew": 8.26384925842,
        "var": 2.4280336075e-10
    },
    "spectral_energyband_middle_low": {
        "kurt": 226.350646973,
        "max": 0.000492304156069,
        "mean": 1.31195592985e-05,
        "median": 9.35696698434e-06,
        "min": 6.19389268763e-08,
        "skew": 12.5944042206,
        "var": 4.19513507266e-10
    },
    "spectral_flatness_db": {
        "kurt": 0.371220350266,
        "max": 0.294815957546,
        "mean": 0.161657482386,
        "median": 0.157095938921,
        "min": 0.0547025427222,
        "skew": 0.474863290787,
        "var": 0.0015195182059
    },
    "spectral_flux": {
        "kurt": 58.5586090088,
        "max": 0.0192456003278,
        "mean": 0.00268631894141,
        "median": 0.00246348464862,
        "min": 0.00122052244842,
        "skew": 6.17528963089,
        "var": 1.70951420841e-06
    },
    "spectral_kurtosis": {
        "kurt": 2.6461224556,
        "max": 22.3168430328,
        "mean": 6.63699817657,
        "median": 6.49661064148,
        "min": -0.535133838654,
        "skew": 0.889178395271,
        "var": 7.99476003647
    },
    "spectral_rms": {
        "kurt": 32.0050392151,
        "max": 0.00090148311574,
        "mean": 0.000142592776683,
        "median": 0.000129286912852,
        "min": 1.0771500456e-05,
        "skew": 4.20124673843,
        "var": 3.59569285457e-09
    },
    "spectral_rolloff": {
        "kurt": 6.84538173676,
        "max": 7213.62304688,
        "mean": 935.365844727,
        "median": 559.86328125,
        "min": 86.1328125,
        "skew": 2.45362091064,
        "var": 880683.0625
    },
    "spectral_skewness": {
        "kurt": 1.40524768829,
        "max": 3.84723973274,
        "mean": 2.22456789017,
        "median": 2.22630405426,
        "min": 0.43444865942,
        "skew": -0.075702726841,
        "var": 0.188719674945
    },
    "spectral_spread": {
        "kurt": 12.9381694794,
        "max": 22729384,
        "mean": 5328817.5,
        "median": 4971236.5,
        "min": 2515936,
        "skew": 2.57592940331,
        "var": 2.50586805043e+12
    },
    "spectral_strongpeak": {
        "kurt": 41.4032058716,
        "max": 1.60275542736,
        "mean": 0.0433141626418,
        "median": 0.00920093804598,
        "min": 0,
        "skew": 6.4754986763,
        "var": 0.0348958261311
    },
    "zerocrossingrate": {
        "kurt": 11.000793457,
        "max": 0.17333984375,
        "mean": 0.0430875830352,
        "median": 0.03759765625,
        "min": 0.00634765625,
        "skew": 2.87550663948,
        "var": 0.000694878515787
    },
    "barkbands": {
        "kurt": [16.5623703003, 47.2295036316, 33.3565101624, 249.833435059, 138.736068726, 111.678962708, 1014.26940918, 212.232467651, 704.344360352, 289.045013428, 200.468139648, 191.664123535, 1012.48223877, 494.63180542, 1177.67736816, 679.038513184, 780.866210938, 586.791503906, 736.336608887, 48.5770149231, 647.646484375, 579.941955566, 627.505371094, 540.073852539, 400.889648438, 651.680725098, 1121.55456543],
        "max": [2.410281013e-06, 7.44756689528e-05, 3.55485390173e-05, 0.000107005311293, 0.00010958276107, 9.98422983685e-05, 0.000269037496764, 6.38562487438e-05, 0.000119731143059, 0.00015020367573, 1.05365234049e-05, 6.44390229354e-06, 2.48009346251e-05, 1.83421761903e-05, 0.000104202961666, 5.34431746928e-05, 5.14599669259e-05, 2.08760266105e-05, 5.27817901457e-05, 0.00010891535203, 0.0001478275517, 0.000103996993857, 2.62513603957e-05, 3.21208171954e-05, 2.03878244065e-05, 1.13971555038e-06, 2.65037094493e-08],
        "mean": [1.55860774953e-07, 3.76970638172e-06, 2.17132696889e-06, 2.71475482805e-06, 4.197691851e-06, 2.93843049803e-06, 1.49810398398e-06, 8.44398527988e-07, 6.97899793067e-07, 7.88769341398e-07, 1.87606801205e-07, 2.16644579609e-07, 1.53467638597e-07, 2.90782935508e-07, 2.89076979243e-07, 3.12014179826e-07, 1.98111195004e-07, 1.76634188165e-07, 3.36074862162e-07, 1.78197296918e-06, 3.71656852849e-07, 2.38580554424e-07, 5.84969583883e-08, 7.19673707295e-08, 6.40859596501e-08, 2.48448417395e-09, 3.75631886707e-11],
        "median": [6.97155542184e-08, 2.22414109885e-06, 1.34668766805e-06, 1.66296763382e-06, 2.92694880955e-06, 1.59218461704e-06, 7.36952131319e-07, 3.91437964709e-07, 2.15910219481e-07, 1.72476291027e-07, 1.14060895839e-07, 1.52459591618e-07, 9.70559597135e-08, 1.35912955557e-07, 9.28125700739e-08, 1.20029739037e-07, 7.74905259959e-08, 4.80426507465e-08, 5.77878402908e-08, 8.33775004594e-08, 5.96145426357e-08, 2.14663167242e-08, 4.99027041911e-09, 2.1384183313e-09, 2.83904433296e-09, 1.09720621477e-10, 2.02373751437e-12],
        "min": [2.43915082576e-10, 2.19120650513e-08, 1.04207149576e-08, 1.15506164633e-08, 3.52400633119e-08, 1.38229880875e-08, 4.99316588076e-10, 1.85624987603e-10, 4.41355979541e-10, 5.04128572221e-10, 1.9258707476e-11, 6.18773920991e-10, 1.34563846177e-10, 1.56485407965e-10, 1.92025040313e-09, 1.04126007816e-09, 1.08497055784e-09, 5.4687365747e-10, 5.59300994407e-10, 6.06128258696e-10, 2.72055572514e-10, 3.5743447091e-10, 1.43083656035e-10, 8.95082688523e-11, 7.74736386155e-11, 2.45738603077e-11, 4.19591417817e-13],
        "skew": [3.48986458778, 5.96935081482, 4.38834142685, 11.7008857727, 9.79926681519, 9.37755966187, 30.0351085663, 13.1953334808, 23.8115367889, 15.7908010483, 12.6726579666, 11.3650970459, 29.9769077301, 17.9305114746, 32.5170783997, 23.5796966553, 26.7845897675, 21.6956367493, 24.3284568787, 6.89640140533, 23.6687545776, 22.5325469971, 23.509595871, 22.5208835602, 19.5244407654, 24.488822937, 31.9885654449],
        "var": [5.80604154706e-14, 3.52808719739e-11, 7.45801597563e-12, 1.71162667373e-11, 3.41654239622e-11, 3.9579048372e-11, 5.54136944664e-11, 8.90030583955e-12, 1.32798346972e-11, 3.84493964445e-11, 2.2808090052e-13, 9.24990403825e-14, 4.68684444553e-13, 3.56323775824e-13, 7.60398514987e-12, 2.71492138666e-12, 2.50662316424e-12, 4.73862648339e-13, 2.52375225752e-12, 1.12185920276e-10, 2.18451819134e-11, 1.1760688777e-11, 7.11457856604e-13, 1.54536583183e-12, 7.77973551466e-13, 1.49007134993e-15, 5.10988755453e-19],
        "cov": [[5.80939173178e-14, 2.36187642794e-13, 7.11815453585e-14, 1.0953710134e-13, 6.91996576685e-14, 1.31457633001e-14, -9.32523474401e-15, -3.84215669534e-14, -3.13308203708e-14, -1.94159077515e-14, -4.33555423415e-15, -7.776564596e-15, -5.39444706217e-15, -1.79476625348e-14, -1.63965774958e-14, -1.85725848085e-14, -9.44181697074e-15, -1.21298844992e-14, -2.6148992978e-14, -8.96578140506e-14, -3.00766695078e-14, -2.28844314375e-14, -6.08923557803e-15, -7.91795048852e-15, -6.53707375571e-15, -2.7581145062e-16, -4.05250175032e-18], [2.36187642794e-13, 3.53012306886e-11, 4.7463660606e-12, 1.74479354575e-12, 1.30893483986e-12, -1.11883728194e-13, 3.6917994703e-13, -3.05573383437e-13, -3.47530408314e-13, -9.45850927962e-13, -3.82375880091e-14, -1.68394994943e-14, -4.6273010109e-14, -1.05627854553e-13, -6.5767832532e-14, -6.19498425337e-15, -6.76293737808e-14, 1.0570401298e-13, 2.4092159474e-13, -3.05796681651e-14, -2.69922674706e-13, -1.05955597012e-14, -2.21711657449e-15, 1.56980175658e-14, -4.05552056781e-14, -2.97069976481e-15, -3.04565155302e-17], [7.11815453585e-14, 4.7463660606e-12, 7.46231895721e-12, 2.0432924016e-12, 7.63948474793e-13, -7.01631881392e-14, 8.85991854969e-14, -8.87805521915e-14, 1.07106862171e-13, -7.24377833107e-14, -3.33862881189e-14, -2.66544581952e-14, -3.19333149062e-14, -1.0443658064e-13, -9.25749684159e-14, 6.35926180421e-14, 4.33605008723e-14, -5.01479080158e-14, -1.06538177802e-14, -6.06603742931e-13, -1.77142914053e-14, 1.69591513684e-13, 4.51659787045e-14, 5.09008152739e-14, -9.12834786465e-15, -4.20992282357e-17, 3.15128681859e-17], [1.0953710134e-13, 1.74479354575e-12, 2.0432924016e-12, 1.7126142518e-11, 4.85065199812e-12, 8.64056656086e-12, 9.89320864814e-12, 8.63876949576e-13, -2.31097693065e-14, -5.64344794854e-13, -2.8221479312e-14, -2.95607112464e-14, 8.10312442688e-14, 6.61945270732e-14, 1.41001698707e-13, 1.78572536261e-14, 2.2587761197e-13, -4.86697406552e-14, -6.11843136377e-14, -9.53244644677e-13, 2.52361201597e-13, 9.92147106116e-14, -2.07610536699e-14, -2.41701834057e-14, -4.47580510252e-14, -1.51134818229e-15, -1.54907734587e-17], [6.91996576685e-14, 1.30893483986e-12, 7.63948474793e-13, 4.85065199812e-12, 3.41851373598e-11, 2.06742453018e-11, 1.42298542741e-11, 9.03240329753e-12, 8.25986761627e-12, 1.78527657067e-13, 3.87549069442e-13, 3.9811825169e-13, 5.08461816488e-13, 4.5403047641e-13, 2.30552773053e-12, 3.27413725472e-12, 2.77325536667e-12, 9.26893327716e-13, 3.01586706997e-12, 4.21712231108e-12, 6.17977457401e-12, 6.786766895e-12, 1.60292590833e-12, 2.15638444601e-12, 9.44709046234e-13, 2.92678953447e-14, 7.08756406802e-16], [1.31457633001e-14, -1.11883728194e-13, -7.01631881392e-14, 8.64056656086e-12, 2.06742453018e-11, 3.96018877413e-11, 2.25991361041e-11, 7.07370403571e-12, 3.04766563548e-12, 1.27383563767e-12, 1.99396380483e-13, 1.14938454262e-13, 3.00917548258e-13, 3.13519338529e-13, 8.96362628219e-13, 7.85710743429e-13, 9.48382973716e-13, 2.67667696818e-13, 6.62612055068e-13, -2.41598798259e-12, 1.96522984518e-12, 1.36261444836e-12, 2.20767428318e-13, 2.93135958215e-13, 1.40143742423e-13, 4.94221701866e-15, 7.51626663321e-17], [-9.32523474401e-15, 3.6917994703e-13, 8.85991854969e-14, 9.89320864814e-12, 1.42298542741e-11, 2.25991361041e-11, 5.54456723589e-11, 4.34338936345e-12, 1.79950737471e-12, 4.09621859002e-12, 2.18551359735e-13, 9.9434580036e-14, 1.2630829271e-13, 3.24409038044e-13, 6.04692565551e-13, 6.78134089681e-13, 2.94578814466e-13, 1.0375585753e-13, 1.96979002662e-13, 1.06553925839e-12, 4.75931414504e-13, 4.68095831194e-13, 9.82291776131e-14, 1.66909265272e-13, 7.92922720755e-14, 1.99377643268e-15, 3.57504052761e-17], [-3.84215669534e-14, -3.05573383437e-13, -8.87805521915e-14, 8.63876949576e-13, 9.03240329753e-12, 7.07370403571e-12, 4.34338936345e-12, 8.9054414884e-12, 5.40592657444e-12, 1.37691756868e-12, 4.34952719458e-13, 3.7973289335e-13, 7.32775331299e-13, 7.03789890949e-13, 2.87538200715e-12, 2.14500856313e-12, 2.18763288734e-12, 7.51995633732e-13, 2.04867026121e-12, 2.77813514381e-12, 6.06901248007e-12, 5.175021002e-12, 1.11163931792e-12, 1.74025117233e-12, 9.675788816e-13, 3.25590926832e-14, 7.02290951376e-16], [-3.13308203708e-14, -3.47530408314e-13, 1.07106862171e-13, -2.31097693065e-14, 8.25986761627e-12, 3.04766563548e-12, 1.79950737471e-12, 5.40592657444e-12, 1.32874978381e-11, 3.85309145701e-12, 8.26284407649e-13, 7.30136166371e-13, 1.11116562999e-12, 9.28436797928e-13, 3.87340029842e-12, 4.60333767632e-12, 4.35222647852e-12, 1.358582951e-12, 4.56529128737e-12, 5.67737827237e-12, 1.12535918084e-11, 1.01818145928e-11, 2.28436627253e-12, 3.17749103938e-12, 1.64799695158e-12, 5.07176765863e-14, 1.08253224703e-15], [-1.94159077515e-14, -9.45850927962e-13, -7.24377833107e-14, -5.64344794854e-13, 1.78527657067e-13, 1.27383563767e-12, 4.09621859002e-12, 1.37691756868e-12, 3.85309145701e-12, 3.84715835577e-11, 8.46779677627e-13, 3.75530308889e-13, 2.68439269294e-13, 7.0052665925e-13, 9.31223414352e-13, 3.32125906638e-12, 6.2029260851e-13, 1.43973280021e-13, 4.19659261768e-13, -2.69984772386e-13, 1.7182743943e-12, 1.21280524686e-12, 2.25457388761e-13, 3.43221924406e-13, 1.64919496787e-13, 6.23476049705e-15, 1.32140594078e-16], [-4.33555423415e-15, -3.82375880091e-14, -3.33862881189e-14, -2.8221479312e-14, 3.87549069442e-13, 1.99396380483e-13, 2.18551359735e-13, 4.34952719458e-13, 8.26284407649e-13, 8.46779677627e-13, 2.28212495559e-13, 6.74000108112e-14, 1.04603859483e-13, 1.36061192695e-13, 6.03620506443e-13, 3.78804274189e-13, 2.48989170211e-13, 1.41349686946e-13, 2.53564584694e-13, 3.53313434282e-13, 7.34320265185e-13, 6.88070802592e-13, 1.50134855177e-13, 2.76385387016e-13, 1.45692296118e-13, 3.94203543235e-15, 8.02318607364e-17], [-7.776564596e-15, -1.68394994943e-14, -2.66544581952e-14, -2.95607112464e-14, 3.9811825169e-13, 1.14938454262e-13, 9.9434580036e-14, 3.7973289335e-13, 7.30136166371e-13, 3.75530308889e-13, 6.74000108112e-14, 9.25524170107e-14, 1.11135743891e-13, 1.35878314893e-13, 5.64751750139e-13, 3.3980056182e-13, 2.61935140461e-13, 1.43159464318e-13, 2.58953584487e-13, 5.59570131117e-13, 7.72137779062e-13, 6.8793511469e-13, 1.55766241919e-13, 2.84034297818e-13, 1.75475573742e-13, 4.3537984768e-15, 8.41971131301e-17], [-5.39444706217e-15, -4.6273010109e-14, -3.19333149062e-14, 8.10312442688e-14, 5.08461816488e-13, 3.00917548258e-13, 1.2630829271e-13, 7.32775331299e-13, 1.11116562999e-12, 2.68439269294e-13, 1.04603859483e-13, 1.11135743891e-13, 4.68954898785e-13, 2.55283668553e-13, 1.27504235468e-12, 4.82822386672e-13, 9.04710063376e-13, 2.43028551927e-13, 5.66597116447e-13, 6.2827764909e-13, 2.67745981636e-12, 1.50713924847e-12, 1.78539230926e-13, 3.7186529897e-13, 2.57215445774e-13, 6.80345079454e-15, 9.86166380647e-17], [-1.79476625348e-14, -1.05627854553e-13, -1.0443658064e-13, 6.61945270732e-14, 4.5403047641e-13, 3.13519338529e-13, 3.24409038044e-13, 7.03789890949e-13, 9.28436797928e-13, 7.0052665925e-13, 1.36061192695e-13, 1.35878314893e-13, 2.55283668553e-13, 3.56529394766e-13, 1.4024792612e-12, 6.17282375388e-13, 4.25091656753e-13, 3.07171090863e-13, 4.08353255724e-13, 1.02872148734e-12, 1.37145557497e-12, 1.19689837468e-12, 2.44876872686e-13, 5.32528068951e-13, 3.30826783069e-13, 8.39903725047e-15, 1.61723749156e-16], [-1.63965774958e-14, -6.5767832532e-14, -9.25749684159e-14, 1.41001698707e-13, 2.30552773053e-12, 8.96362628219e-13, 6.04692565551e-13, 2.87538200715e-12, 3.87340029842e-12, 9.31223414352e-13, 6.03620506443e-13, 5.64751750139e-13, 1.27504235468e-12, 1.4024792612e-12, 7.60837313291e-12, 2.77975711026e-12, 1.98115742561e-12, 1.57339527691e-12, 1.69193912353e-12, 3.21549666234e-12, 6.35836478954e-12, 5.62304976887e-12, 1.07745474869e-12, 2.6360471965e-12, 1.55784868512e-12, 3.02487222282e-14, 5.52591483415e-16], [-1.85725848085e-14, -6.19498425337e-15, 6.35926180421e-14, 1.78572536261e-14, 3.27413725472e-12, 7.85710743429e-13, 6.78134089681e-13, 2.14500856313e-12, 4.60333767632e-12, 3.32125906638e-12, 3.78804274189e-13, 3.3980056182e-13, 4.82822386672e-13, 6.17282375388e-13, 2.77975711026e-12, 2.7164880588e-12, 1.62777473792e-12, 8.60800580121e-13, 1.97691689408e-12, 2.62193110105e-12, 4.09796589024e-12, 4.5408759218e-12, 1.05672306842e-12, 1.66278514395e-12, 8.10102907065e-13, 2.36343232582e-14, 5.43822998345e-16], [-9.44181697074e-15, -6.76293737808e-14, 4.33605008723e-14, 2.2587761197e-13, 2.77325536667e-12, 9.48382973716e-13, 2.94578814466e-13, 2.18763288734e-12, 4.35222647852e-12, 6.2029260851e-13, 2.48989170211e-13, 2.61935140461e-13, 9.04710063376e-13, 4.25091656753e-13, 1.98115742561e-12, 1.62777473792e-12, 2.50806948994e-12, 5.32094604922e-13, 2.0014940226e-12, 2.16017156419e-12, 6.74614097224e-12, 4.52265178433e-12, 7.36146549534e-13, 1.02087316465e-12, 5.69445695025e-13, 2.00820500366e-14, 3.68682128191e-16], [-1.21298844992e-14, 1.0570401298e-13, -5.01479080158e-14, -4.86697406552e-14, 9.26893327716e-13, 2.67667696818e-13, 1.0375585753e-13, 7.51995633732e-13, 1.358582951e-12, 1.43973280021e-13, 1.41349686946e-13, 1.43159464318e-13, 2.43028551927e-13, 3.07171090863e-13, 1.57339527691e-12, 8.60800580121e-13, 5.32094604922e-13, 4.74136084127e-13, 6.92526927731e-13, 9.15389725825e-13, 1.52594408463e-12, 1.64532732057e-12, 3.72134099794e-13, 7.08435480418e-13, 3.92937337399e-13, 9.45048635295e-15, 1.87973432541e-16], [-2.6148992978e-14, 2.4092159474e-13, -1.06538177802e-14, -6.11843136377e-14, 3.01586706997e-12, 6.62612055068e-13, 1.96979002662e-13, 2.04867026121e-12, 4.56529128737e-12, 4.19659261768e-13, 2.53564584694e-13, 2.58953584487e-13, 5.66597116447e-13, 4.08353255724e-13, 1.69193912353e-12, 1.97691689408e-12, 2.0014940226e-12, 6.92526927731e-13, 2.52520855788e-12, 2.3776566653e-12, 5.43824100335e-12, 4.81211901923e-12, 1.0283737837e-12, 1.29233743932e-12, 6.59497955378e-13, 2.91060984993e-14, 5.94441263757e-16], [-8.96578140506e-14, -3.05796681651e-14, -6.06603742931e-13, -9.53244644677e-13, 4.21712231108e-12, -2.41598798259e-12, 1.06553925839e-12, 2.77813514381e-12, 5.67737827237e-12, -2.69984772386e-13, 3.53313434282e-13, 5.59570131117e-13, 6.2827764909e-13, 1.02872148734e-12, 3.21549666234e-12, 2.62193110105e-12, 2.16017156419e-12, 9.15389725825e-13, 2.3776566653e-12, 1.12250653217e-10, 6.33684120802e-12, 6.18601654276e-12, 1.60315738549e-12, 2.16577103473e-12, 1.5105394149e-12, 4.42301563756e-14, 7.8476294956e-16], [-3.00766695078e-14, -2.69922674706e-13, -1.77142914053e-14, 2.52361201597e-13, 6.17977457401e-12, 1.96522984518e-12, 4.75931414504e-13, 6.06901248007e-12, 1.12535918084e-11, 1.7182743943e-12, 7.34320265185e-13, 7.72137779062e-13, 2.67745981636e-12, 1.37145557497e-12, 6.35836478954e-12, 4.09796589024e-12, 6.74614097224e-12, 1.52594408463e-12, 5.43824100335e-12, 6.33684120802e-12, 2.18577864142e-11, 1.36418289859e-11, 2.56280630398e-12, 3.09117835495e-12, 2.59495224787e-12, 1.09642113097e-13, 1.40276279362e-15], [-2.28844314375e-14, -1.05955597012e-14, 1.69591513684e-13, 9.92147106116e-14, 6.786766895e-12, 1.36261444836e-12, 4.68095831194e-13, 5.175021002e-12, 1.01818145928e-11, 1.21280524686e-12, 6.88070802592e-13, 6.8793511469e-13, 1.50713924847e-12, 1.19689837468e-12, 5.62304976887e-12, 4.5408759218e-12, 4.52265178433e-12, 1.64532732057e-12, 4.81211901923e-12, 6.18601654276e-12, 1.36418289859e-11, 1.17674750152e-11, 2.60470551378e-12, 3.57282844803e-12, 2.14815426731e-12, 8.82250883135e-14, 1.6705126611e-15], [-6.08923557803e-15, -2.21711657449e-15, 4.51659787045e-14, -2.07610536699e-14, 1.60292590833e-12, 2.20767428318e-13, 9.82291776131e-14, 1.11163931792e-12, 2.28436627253e-12, 2.25457388761e-13, 1.50134855177e-13, 1.55766241919e-13, 1.78539230926e-13, 2.44876872686e-13, 1.07745474869e-12, 1.05672306842e-12, 7.36146549534e-13, 3.72134099794e-13, 1.0283737837e-12, 1.60315738549e-12, 2.56280630398e-12, 2.60470551378e-12, 7.11868389756e-13, 8.96246076486e-13, 6.1196821265e-13, 2.63477136837e-14, 4.54333649831e-16], [-7.91795048852e-15, 1.56980175658e-14, 5.09008152739e-14, -2.41701834057e-14, 2.15638444601e-12, 2.93135958215e-13, 1.66909265272e-13, 1.74025117233e-12, 3.17749103938e-12, 3.43221924406e-13, 2.76385387016e-13, 2.84034297818e-13, 3.7186529897e-13, 5.32528068951e-13, 2.6360471965e-12, 1.66278514395e-12, 1.02087316465e-12, 7.08435480418e-13, 1.29233743932e-12, 2.16577103473e-12, 3.09117835495e-12, 3.57282844803e-12, 8.96246076486e-13, 1.5462574797e-12, 8.73307502702e-13, 2.67327968843e-14, 6.01751052213e-16], [-6.53707375571e-15, -4.05552056781e-14, -9.12834786465e-15, -4.47580510252e-14, 9.44709046234e-13, 1.40143742423e-13, 7.92922720755e-14, 9.675788816e-13, 1.64799695158e-12, 1.64919496787e-13, 1.45692296118e-13, 1.75475573742e-13, 2.57215445774e-13, 3.30826783069e-13, 1.55784868512e-12, 8.10102907065e-13, 5.69445695025e-13, 3.92937337399e-13, 6.59497955378e-13, 1.5105394149e-12, 2.59495224787e-12, 2.14815426731e-12, 6.1196821265e-13, 8.73307502702e-13, 7.78422465375e-13, 2.76778230733e-14, 3.65471423334e-16], [-2.7581145062e-16, -2.97069976481e-15, -4.20992282357e-17, -1.51134818229e-15, 2.92678953447e-14, 4.94221701866e-15, 1.99377643268e-15, 3.25590926832e-14, 5.07176765863e-14, 6.23476049705e-15, 3.94203543235e-15, 4.3537984768e-15, 6.80345079454e-15, 8.39903725047e-15, 3.02487222282e-14, 2.36343232582e-14, 2.00820500366e-14, 9.45048635295e-15, 2.91060984993e-14, 4.42301563756e-14, 1.09642113097e-13, 8.82250883135e-14, 2.63477136837e-14, 2.67327968843e-14, 2.76778230733e-14, 1.49093108837e-15, 2.16015206031e-17], [-4.05250175032e-18, -3.04565155302e-17, 3.15128681859e-17, -1.54907734587e-17, 7.08756406802e-16, 7.51626663321e-17, 3.57504052761e-17, 7.02290951376e-16, 1.08253224703e-15, 1.32140594078e-16, 8.02318607364e-17, 8.41971131301e-17, 9.86166380647e-17, 1.61723749156e-16, 5.52591483415e-16, 5.43822998345e-16, 3.68682128191e-16, 1.87973432541e-16, 5.94441263757e-16, 7.8476294956e-16, 1.40276279362e-15, 1.6705126611e-15, 4.54333649831e-16, 6.01751052213e-16, 3.65471423334e-16, 2.16015206031e-17, 5.11283645341e-19]]
    },
    "mfcc": {
        "kurt": [19.5445861816, 15.8682842255, -0.65836763382, 0.503574848175, 1.681016922, 0.373574018478, 1.60576725006, 0.278607845306, 1.47109556198, 2.3216342926, 0.239450216293, -0.0312607288361, 1.55431032181],
        "max": [-739.958374023, 158.468994141, 67.459564209, 61.1023712158, 35.3288002014, 40.5096130371, 29.8187484741, 19.9974460602, 41.7591590881, 36.8321990967, 22.9627494812, 17.9045848846, 30.1678276062],
        "mean": [-1006.93707275, 110.457260132, 27.6640148163, 21.4421691895, 12.0979137421, 2.43566536903, 0.476793825626, -6.78304862976, -2.02037119865, 1.3695294857, -4.32516860962, -1.93517005444, 2.03645300865],
        "median": [-1013.83911133, 110.260055542, 29.7173194885, 20.9601554871, 13.0861358643, 3.71961212158, 0.710338592529, -6.24987030029, -1.89294052124, 0.523624420166, -4.4917678833, -1.76596069336, 1.70547485352],
        "min": [-1124.61938477, -6.90335655212, -35.5576705933, -19.8045768738, -32.7750663757, -32.4986839294, -35.4286727905, -33.6254119873, -26.8904037476, -25.9165420532, -33.4870071411, -25.7206039429, -25.917470932],
        "skew": [2.82274317741, -1.91686451435, -0.219169378281, 0.148567512631, -0.852215409279, -0.550176918507, -0.221160948277, -0.270213007927, 0.213566184044, 0.953395068645, 0.00244824076071, -0.245709225535, 0.600074112415],
        "var": [672.36114502, 137.578933716, 277.069549561, 110.57244873, 78.5327301025, 85.6331558228, 76.7279891968, 62.0193481445, 72.2859191895, 66.670753479, 59.6015357971, 48.1773757935, 44.9280052185],
        "cov": [[672.749145508, -35.698513031, -300.577056885, 57.5010223389, -79.2525405884, -79.1493377686, 2.96407294273, -43.7779197693, 26.6994838715, 67.868637085, 29.935251236, -32.4514427185, -4.21133184433], [-35.698513031, 137.658325195, 59.1775474548, -27.5068664551, 16.2644271851, -12.0608530045, -23.8923435211, 0.763727724552, 2.63918280602, -1.90503180027, -11.8174705505, -1.17827665806, 1.18071734905], [-300.577056885, 59.1775474548, 277.229431152, -15.3021478653, 26.1887187958, 62.684173584, -27.8297843933, 10.3470182419, 6.15264177322, -59.156703949, -34.4542007446, 32.2902145386, 1.27285885811], [57.5010223389, -27.5068664551, -15.3021478653, 110.636253357, 28.3988170624, -18.8511695862, 34.217010498, 0.654913902283, -33.8424072266, 10.4119844437, 13.3339967728, -5.10857009888, 19.0352687836], [-79.2525405884, 16.2644271851, 26.1887187958, 28.3988170624, 78.5780410767, 14.2299194336, 10.549079895, 20.6059017181, -26.3417644501, -4.98415088654, 11.0093297958, -1.45647740364, 8.52735424042], [-79.1493377686, -12.0608530045, 62.684173584, -18.8511695862, 14.2299194336, 85.6825714111, 11.2656888962, -1.22747302055, 28.8898525238, -17.5347824097, -11.1468448639, 25.3001232147, -2.60218524933], [2.96407294273, -23.8923435211, -27.8297843933, 34.217010498, 10.549079895, 11.2656888962, 76.7722625732, 28.5076637268, -20.0678901672, 23.5853786469, 12.6972303391, -6.23268413544, 12.8968763351], [-43.7779197693, 0.763727724552, 10.3470182419, 0.654913902283, 20.6059017181, -1.22747302055, 28.5076637268, 62.0551338196, 2.6153614521, -11.7888307571, 14.6436281204, -7.22038125992, -6.01043605804], [26.6994838715, 2.63918280602, 6.15264177322, -33.8424072266, -26.3417644501, 28.8898525238, -20.0678901672, 2.6153614521, 72.3276367188, 2.34320187569, -19.0015258789, 15.3728656769, -11.6942901611], [67.868637085, -1.90503180027, -59.156703949, 10.4119844437, -4.98415088654, -17.5347824097, 23.5853786469, -11.7888307571, 2.34320187569, 66.7092208862, 18.4789352417, -9.38453102112, 17.0156536102], [29.935251236, -11.8174705505, -34.4542007446, 13.3339967728, 11.0093297958, -11.1468448639, 12.6972303391, 14.6436281204, -19.0015258789, 18.4789352417, 59.6359291077, 9.05091571808, -0.495860487223], [-32.4514427185, -1.17827665806, 32.2902145386, -5.10857009888, -1.45647740364, 25.3001232147, -6.23268413544, -7.22038125992, 15.3728656769, -9.38453102112, 9.05091571808, 48.2051773071, 14.3377828598], [-4.21133184433, 1.18071734905, 1.27285885811, 19.0352687836, 8.52735424042, -2.60218524933, 12.8968763351, -6.01043605804, -11.6942901611, 17.0156536102, -0.495860487223, 14.3377828598, 44.9539337158]]
    },
    "sccoeffs": {
        "kurt": [0.790997743607, 0.89577460289, 8.00373268127, 0.320094585419, 6.22751617432, 1.20149946213],
        "max": [-0.620979249477, -0.63478654623, -0.624551892281, -0.773604571819, -0.687382340431, -0.755513489246],
        "mean": [-0.808230936527, -0.828595399857, -0.87405025959, -0.86951315403, -0.868867993355, -0.846686780453],
        "median": [-0.811160266399, -0.834398210049, -0.879527390003, -0.871547281742, -0.880079448223, -0.847918450832],
        "min": [-0.980885446072, -0.929248631001, -0.936693429947, -0.927165031433, -0.939896643162, -0.92136824131],
        "skew": [0.462269544601, 0.724157512188, 2.01989221573, 0.560597240925, 2.18557167053, 0.448202461004],
        "var": [0.00170421774965, 0.00178388040513, 0.0010944098467, 0.000542995752767, 0.00119838607498, 0.000250649056397],
        "cov": [[0.00170520122629, 0.000136204107548, -6.04347114859e-05, 5.78019826207e-05, 0.00010791933164, 1.9656810764e-05], [0.000136204107548, 0.0017849097494, 0.000177203066414, 8.27013445814e-06, 0.000133223482408, 8.59077499626e-06], [-6.04347114859e-05, 0.000177203066414, 0.00109504139982, 0.000199824731681, 6.99917218299e-05, 2.23434999498e-05], [5.78019826207e-05, 8.27013445814e-06, 0.000199824731681, 0.000543309084605, 0.00029146525776, 4.85150594614e-05], [0.00010791933164, 0.000133223482408, 6.99917218299e-05, 0.00029146525776, 0.00119907758199, 0.000148735693074], [1.9656810764e-05, 8.59077499626e-06, 2.23434999498e-05, 4.85150594614e-05, 0.000148735693074, 0.000250793673331]]
    },
    "scvalleys": {
        "kurt": [0.335134744644, 4.41620826721, 9.6298418045, 8.52852344513, 14.3181667328, 13.2650222778],
        "max": [-7.12755441666, -7.05626678467, -7.3202457428, -7.2142829895, -7.36041641235, -8.12191486359],
        "mean": [-8.24603843689, -8.83434104919, -9.60852146149, -10.0765275955, -10.6977548599, -12.6008615494],
        "median": [-8.24307632446, -8.84580612183, -9.62955570221, -10.1136054993, -10.7422504425, -12.7471199036],
        "min": [-10.0587730408, -12.3594779968, -13.0083208084, -12.853053093, -12.6757478714, -14.0825872421],
        "skew": [-0.131862089038, -0.124644629657, 0.28073579073, 1.14003670216, 2.33199501038, 2.75978732109],
        "var": [0.145116612315, 0.155639722943, 0.11109226197, 0.122802838683, 0.121535591781, 0.295313954353],
        "cov": [[0.145200356841, 0.00313731888309, -0.00568350125104, -0.00662101153284, -0.00647761020809, -0.0057506444864], [0.00313731888309, 0.155729532242, 0.0468446053565, 0.0576258189976, 0.0516664795578, 0.0589805692434], [-0.00568350125104, 0.0468446053565, 0.111156366765, 0.0624464340508, 0.0594291016459, 0.0767080783844], [-0.00662101153284, 0.0576258189976, 0.0624464340508, 0.122873701155, 0.0880352258682, 0.103453978896], [-0.00647761020809, 0.0516664795578, 0.0594291016459, 0.0880352258682, 0.121605724096, 0.146674126387], [-0.0057506444864, 0.0589805692434, 0.0767080783844, 0.103453978896, 0.146674126387, 0.295484364033]]
    }
},
"rhythm": {
    "beats_loudness": {
        "kurt": 45.8018417358,
        "max": 0.000469873979455,
        "mean": 2.98538943753e-05,
        "median": 1.82573458005e-05,
        "min": 6.86475050315e-06,
        "skew": 6.53393125534,
        "var": 3.0421889452e-09
    },
    "bpm": 135.865264893,
    "confidence": 0.218214839697,
    "first_peak_bpm": {
        "kurt": 0,
        "max": 136,
        "mean": 136,
        "median": 136,
        "min": 136,
        "skew": 0,
        "var": 0
    },
    "first_peak_spread": {
        "kurt": 0,
        "max": 0.578947365284,
        "mean": 0.578947365284,
        "median": 0.578947365284,
        "min": 0.578947365284,
        "skew": 0,
        "var": 0
    },
    "first_peak_weight": {
        "kurt": 0,
        "max": 0.179775282741,
        "mean": 0.179775282741,
        "median": 0.179775282741,
        "min": 0.179775282741,
        "skew": 0,
        "var": 0
    },
    "onset_rate": 1.51642501354,
    "second_peak_bpm": {
        "kurt": 0,
        "max": 144,
        "mean": 144,
        "median": 144,
        "min": 144,
        "skew": 0,
        "var": 0
    },
    "second_peak_spread": {
        "kurt": 0,
        "max": 0.375,
        "mean": 0.375,
        "median": 0.375,
        "min": 0.375,
        "skew": 0,
        "var": 0
    },
    "second_peak_weight": {
        "kurt": 0,
        "max": 0.112359553576,
        "mean": 0.112359553576,
        "median": 0.112359553576,
        "min": 0.112359553576,
        "skew": 0,
        "var": 0
    },
    "beats_loudness_band_ratio": {
        "kurt": [-0.59032034874, 0.969909191132, 2.16009044647, 6.2497844696, 1.6354970932, 20.2411956787],
        "max": [0.834405124187, 0.806386113167, 0.411455273628, 0.204003721476, 0.184625387192, 0.807006955147],
        "mean": [0.496680915356, 0.313173860312, 0.122790783644, 0.0458507649601, 0.0479834415019, 0.0561081320047],
        "median": [0.514567732811, 0.299166679382, 0.110902532935, 0.0399923101068, 0.0322264879942, 0.0169924385846],
        "min": [0.0244021359831, 0.0378709435463, 0.00968090537935, 0.00388289242983, 0.00404644012451, 0.00305509543978],
        "skew": [-0.256102532148, 0.851506471634, 1.22808837891, 2.14116477966, 1.45396387577, 4.47066640854],
        "var": [0.0348004102707, 0.0216425321996, 0.00562828173861, 0.00116664019879, 0.00187015999109, 0.0171793904155],
        "cov": [[0.0351914279163, -0.010695438832, -0.00561116775498, -0.00221056421287, -0.00387544301338, -0.0123007325456], [-0.010695438832, 0.0218857061118, 0.00133145379368, -0.0004156792711, -0.00124705978669, -0.00636794464663], [-0.00561116775498, 0.00133145379368, 0.00569152086973, 0.00107379537076, 0.000924331601709, -0.00127771357074], [-0.00221056421287, -0.0004156792711, 0.00107379537076, 0.00117974856403, 0.000743719283491, -0.000146358273923], [-0.00387544301338, -0.00124705978669, 0.000924331601709, 0.000743719283491, 0.00189117295668, 0.00117773958482], [-0.0123007325456, -0.00636794464663, -0.00127771357074, -0.000146358273923, 0.00117773958482, 0.017372418195]]
    },
    "beats_position": [0.371519267559, 0.801088392735, 1.21904754639, 1.66022670269, 2.0549659729, 2.47292518616, 2.83283448219, 3.20435357094, 3.5758728981, 3.93578219414, 4.35374164581, 4.80653047562, 5.21287965775, 5.60761880875, 5.99074840546, 6.420317173, 6.84988641739, 7.2910656929, 7.70902490616, 8.10376358032, 8.51011276245, 8.91646194458, 9.27637195587, 9.682721138, 10.077460289, 10.47219944, 10.8553285599, 11.2384576797, 11.656416893, 12.0743761063, 12.5155553818, 12.9219045639, 13.3398637772, 13.7810430527, 14.1757822037, 14.6053514481, 15.0349206924, 15.4528799057, 15.870839119, 16.3004074097, 16.7880268097, 17.2640361786, 17.7052154541, 18.2044448853, 18.7152824402, 19.2261219025, 19.6905212402, 20.1433105469, 20.5728797913, 21.0140590668, 21.4668483734, 21.9196376801, 22.3608150482, 22.8368244171, 23.2780036926, 23.7424030304, 24.195192337, 24.6712017059, 25.1356010437, 25.5883903503, 26.0295696259, 26.4591369629, 26.9003162384, 27.353105545, 27.8291149139, 28.2935142517, 28.7463035583, 29.1758728027, 29.6402721405, 30.0930614471, 30.5458488464, 30.9870281219, 31.4282073975, 31.869386673, 32.322177887, 32.7285270691, 33.1580963135, 33.5992736816, 34.0172348022, 34.4584121704, 34.8995895386, 35.3523788452, 35.8632202148, 36.397277832, 36.9197273254, 37.4537849426, 38.0110664368, 38.5567321777, 39.1024017334, 39.6480712891],
    "bpm_estimates": [139.674835205, 135.999176025, 132.51210022, 139.674957275, 139.674804688, 135.999130249, 135.999130249, 135.999130249, 139.674804688, 139.674804688, 139.675109863, 135.999130249, 132.511962891, 139.674804688, 135.999130249, 132.511962891, 132.511962891, 135.999725342, 135.999130249, 132.511962891, 132.511962891, 135.999130249, 139.675430298, 135.999130249, 132.511962891, 132.511962891, 139.674804688, 132.511962891, 132.512527466, 135.999130249, 135.999130249, 135.999130249, 132.511398315, 139.674804688, 135.999725342, 135.999725342, 135.999725342, 132.511962891],
    "bpm_intervals": [0.429569125175, 0.417959153652, 0.441179156303, 0.39473927021, 0.417959213257, 0.359909296036, 0.371519088745, 0.371519327164, 0.359909296036, 0.417959451675, 0.452788829803, 0.406349182129, 0.394739151001, 0.38312959671, 0.429568767548, 0.429569244385, 0.441179275513, 0.417959213257, 0.394738674164, 0.406349182129, 0.406349182129, 0.359910011292, 0.406349182129, 0.394739151001, 0.394739151001, 0.383129119873, 0.383129119873, 0.417959213257, 0.417959213257, 0.441179275513, 0.406349182129, 0.417959213257, 0.441179275513, 0.394739151001, 0.429569244385, 0.429569244385, 0.417959213257, 0.417959213257, 0.42956829071, 0.487619400024, 0.476009368896, 0.441179275513, 0.499229431152, 0.510837554932, 0.51083946228, 0.464399337769, 0.452789306641, 0.429569244385, 0.441179275513, 0.452789306641, 0.452789306641, 0.441177368164, 0.476009368896, 0.441179275513, 0.464399337769, 0.452789306641, 0.476009368896, 0.464399337769, 0.452789306641, 0.441179275513, 0.429567337036, 0.441179275513, 0.452789306641, 0.476009368896, 0.464399337769, 0.452789306641, 0.429569244385, 0.464399337769, 0.452789306641, 0.452787399292, 0.441179275513, 0.441179275513, 0.441179275513, 0.452791213989, 0.406349182129, 0.429569244385, 0.441177368164, 0.417961120605, 0.441177368164, 0.441177368164, 0.452789306641, 0.510841369629, 0.534057617188, 0.522449493408, 0.534057617188, 0.557281494141, 0.545665740967, 0.545669555664, 0.545669555664],
    "onset_times": [0.0464399084449, 0.673378705978, 0.789478480816, 1.95047616959, 2.22911572456, 3.35528349876, 4.26086187363, 4.93424034119, 5.59600925446, 5.83981847763, 6.8963265419, 8.17342376709, 9.13705253601, 10.4605894089, 10.5766897202, 11.6331968307, 12.8174152374, 13.0147848129, 13.4559640884, 13.8274831772, 14.9536504745, 15.5341501236, 15.6966896057, 16.0217685699, 16.7299766541, 18.0999546051, 19.9807701111, 20.851518631, 22.8484344482, 24.764081955, 25.9366893768, 25.9831295013, 26.3778686523, 27.22539711, 27.8407249451, 28.107755661, 28.2470741272, 28.5373249054, 28.8624038696, 28.897233963, 29.0365524292, 29.1178226471, 29.1874828339, 29.9537410736, 30.1162815094, 31.0102500916, 32.2757377625, 32.357006073, 33.4483451843, 33.8082542419, 33.8546943665, 34.2494316101, 34.4468040466, 35.1317901611, 35.3872108459, 36.0141487122, 37.1635360718, 38.2548751831, 38.3593635559, 39.1720619202, 39.8338317871],
