{
"metadata": {
    "version": {
        "essentia": "2.1-beta3"
    }
},
"lowLevel": {
    "average_loudness": 0.910674571991,
    "barkbands_kurtosis": {
        "kurt": 4.54759216309,
        "max": 156.716262817,
        "mean": 15.6996107101,
        "median": 0.0456215143204,
        "min": -1.77096807957,
        "skew": 2.34018349648,
        "var": 1123.58068848
    },
    "barkbands_skewness": {
        "kurt": -0.173549175262,
        "max": 2.86510658264,
        "mean": -1.47275996208,
        "median": -0.179579555988,
        "min": -9.2963848114,
        "skew": -1.02508866787,
        "var": 9.83197593689
    },
    "barkbands_spread": {
        "kurt": -0.670595169067,
        "max": 56.2114295959,
        "mean": 18.66289711,
        "median": 16.3290233612,
        "min": 0.519800245762,
        "skew": 0.463560312986,
        "var": 185.085800171
    },
    "dissonance": {
        "kurt": 3.35955142975,
        "max": 0.49999448657,
        "mean": 0.464300692081,
        "median": 0.485995918512,
        "min": 0.236915931106,
        "skew": -1.85455954075,
        "var": 0.00203308346681
    },
    "hfc": {
        "kurt": 9.41649913788,
        "max": 78.3345413208,
        "mean": 5.61442184448,
        "median": 0.0968369990587,
        "min": 1.57799786393e-05,
        "skew": 3.13800168037,
        "var": 197.741119385
    },
    "pitch": {
        "kurt": -1.5909126997,
        "max": 4311.30859375,
        "mean": 1493.58129883,
        "median": 456.832336426,
        "min": 80.6815261841,
        "skew": 0.463982641697,
        "var": 2129098.5
    },
    "pitch_instantaneous_confidence": {
        "kurt": -1.34638929367,
        "max": 0.969602584839,
        "mean": 0.595147430897,
        "median": 0.594887137413,
        "min": 0.136651992798,
        "skew": -0.0679286718369,
        "var": 0.065721206367
    },
    "pitch_salience": {
        "kurt": -1.34239470959,
        "max": 0.845794439316,
        "mean": 0.536189496517,
        "median": 0.524820268154,
        "min": 0.246958345175,
        "skew": 0.0053753615357,
        "var": 0.0249908268452
    },
    "silence_rate_20dB": {
        "kurt": 0,
        "max": 1,
        "mean": 1,
        "median": 1,
        "min": 1,
        "skew": 0,
        "var": 0
    },
    "silence_rate_30dB": {
        "kurt": 0,
        "max": 1,
        "mean": 1,
        "median": 1,
        "min": 1,
        "skew": 0,
        "var": 0
    },
    "silence_rate_60dB": {
        "kurt": 1.25650310516,
        "max": 1,
        "mean": 0.834951460361,
        "median": 1,
        "min": 0,
        "skew": -1.8045809269,
        "var": 0.137807399035
    },
    "spectral_centroid": {
        "kurt": -1.43163478374,
        "max": 3069.79541016,
        "mean": 1819.37414551,
        "median": 1635.39135742,
        "min": 276.811737061,
        "skew": 0.200355619192,
        "var": 733481.25
    },
    "spectral_complexity": {
        "kurt": 0.237520694733,
        "max": 12,
        "mean": 2.18446612358,
        "median": 0,
        "min": 0,
        "skew": 1.16064620018,
        "var": 8.75237751007
    },
    "spectral_crest": {
        "kurt": -0.770716667175,
        "max": 22.686958313,
        "mean": 10.6497373581,
        "median": 9.5144329071,
        "min": 3.13558459282,
        "skew": 0.654759943485,
        "var": 28.4059562683
    },
    "spectral_decrease": {
        "kurt": 8.33006000519,
        "max": -3.89016186411e-15,
        "mean": -4.1873979284e-10,
        "median": -1.26848921991e-11,
        "min": -4.96287766438e-09,
        "skew": -2.91590070724,
        "var": 8.03250380829e-19
    },
    "spectral_energy": {
        "kurt": 8.72142314911,
        "max": 0.0258362144232,
        "mean": 0.00208966480568,
        "median": 5.18536326126e-05,
        "min": 1.61136988197e-08,
        "skew": 2.99506568909,
        "var": 2.15930303966e-05
    },
    "spectral_energyband_high": {
        "kurt": 3.00964975357,
        "max": 2.4141596441e-05,
        "mean": 3.2393904803e-06,
        "median": 3.59914224646e-07,
        "min": 2.27695126642e-10,
        "skew": 1.9945743084,
        "var": 2.98183838732e-11
    },
    "spectral_energyband_low": {
        "kurt": 134.83656311,
        "max": 2.69461161224e-05,
        "mean": 7.217549296e-07,
        "median": 4.66855794912e-07,
        "min": 2.80382028706e-09,
        "skew": 11.260225296,
        "var": 4.16884192098e-12
    },
    "spectral_energyband_middle_high": {
        "kurt": 9.44942378998,
        "max": 0.0257588513196,
        "mean": 0.00185920286458,
        "median": 4.02793993999e-05,
        "min": 7.32626448396e-09,
        "skew": 3.13650178909,
        "var": 2.12617524085e-05
    },
    "spectral_energyband_middle_low": {
        "kurt": 2.849152565,
        "max": 0.00182214484084,
        "mean": 0.000236489853705,
        "median": 5.27608335688e-06,
        "min": 6.71051170187e-09,
        "skew": 2.13817286491,
        "var": 2.77638008583e-07
    },
    "spectral_flatness_db": {
        "kurt": -0.780433177948,
        "max": 0.485194146633,
        "mean": 0.240839615464,
        "median": 0.252054274082,
        "min": 0.0903910174966,
        "skew": 0.502210795879,
        "var": 0.0114172352478
    },
    "spectral_flux": {
        "kurt": 2.74500846863,
        "max": 0.0988660007715,
        "mean": 0.0151259433478,
        "median": 0.00364279933274,
        "min": 0.000686745683197,
        "skew": 1.90213358402,
        "var": 0.000498562352732
    },
    "spectral_kurtosis": {
        "kurt": 3.02239704132,
        "max": 52.9856300354,
        "mean": 12.9844284058,
        "median": 9.65495681763,
        "min": 1.65787649155,
        "skew": 1.7262969017,
        "var": 104.220092773
    },
    "spectral_rms": {
        "kurt": 2.44073390961,
        "max": 0.00502056395635,
        "mean": 0.000847391434945,
        "median": 0.000224863091717,
        "min": 3.96493169319e-06,
        "skew": 1.75237381458,
        "var": 1.32062552893e-06
    },
    "spectral_rolloff": {
        "kurt": -0.32923746109,
        "max": 4263.57421875,
        "mean": 2642.62475586,
        "median": 3122.31445312,
        "min": 366.064453125,
        "skew": -0.671766221523,
        "var": 714243.5625
    },
    "spectral_skewness": {
        "kurt": 1.42027282715,
        "max": 4.54686117172,
        "mean": 2.02374315262,
        "median": 1.86629247665,
        "min": 0.859003543854,
        "skew": 1.17545497417,
        "var": 0.551996409893
    },
    "spectral_spread": {
        "kurt": 32.2031669617,
        "max": 14839629,
        "mean": 2671340.5,
        "median": 2319091.5,
        "min": 1043950.6875,
        "skew": 4.00078010559,
        "var": 1.76064285901e+12
    },
    "spectral_strongpeak": {
        "kurt": 6.11395168304,
        "max": 18.7183074951,
        "mean": 1.67079699039,
        "median": 0.323344051838,
        "min": 5.8668647398e-05,
        "skew": 2.50696444511,
        "var": 10.2296619415
    },
    "zerocrossingrate": {
        "kurt": -1.31724524498,
        "max": 0.14208984375,
        "mean": 0.0952669903636,
        "median": 0.09228515625,
        "min": 0.01025390625,
        "skew": -0.0407618284225,
        "var": 0.00116201711353
    },
    "barkbands": {
        "kurt": [0.695729017258, 140.907394409, 141.63923645, 13.9680957794, 5.80918502808, 1.93819570541, 2.94685602188, 3.31098175049, 6.93554496765, 13.7858924866, 8.58665275574, 12.2320547104, 12.9871149063, 6.09042453766, 5.06711578369, 5.87886810303, 13.1035232544, 9.85647201538, 7.79072189331, 3.24198532104, 2.56561470032, 5.09798717499, 5.47606563568, 7.00950336456, 2.87689828873, 10.937078476, 21.5076961517],
        "max": [9.43883264881e-08, 4.77617004435e-06, 2.17658725887e-05, 1.79919425136e-06, 1.15965603982e-05, 0.000183928685146, 0.000701583863702, 0.000950762012508, 2.45325772994e-05, 0.000413097499404, 0.000275879981928, 0.000259690132225, 1.96589680854e-05, 0.000275060854619, 6.16908209849e-06, 6.68929205858e-05, 0.00306200003251, 0.019600238651, 0.00363380019553, 1.94146196009e-05, 3.58900706487e-06, 5.13748045705e-06, 1.07454013687e-06, 3.03695998127e-07, 2.96777731279e-08, 1.38634503877e-09, 1.23973342703e-09],
        "mean": [2.78128204911e-08, 1.69405026895e-07, 4.06694880439e-07, 2.25927365705e-07, 1.40231202295e-06, 2.67739160336e-05, 8.75010009622e-05, 0.000107279091026, 2.5447156986e-06, 2.52853442362e-05, 1.91851922864e-05, 1.49682364281e-05, 1.33791809276e-06, 2.29565921472e-05, 6.95195581102e-07, 7.58434362069e-06, 0.000193326981389, 0.00127763708588, 0.00029649908538, 2.70137911684e-06, 4.6898577466e-07, 5.54587757051e-07, 1.03839433052e-07, 2.78142007204e-08, 3.61251828451e-09, 1.0888964036e-10, 6.06928951541e-11],
        "median": [2.42536675188e-08, 1.17718450099e-07, 1.91606346789e-07, 1.61014597211e-07, 4.60171520444e-07, 1.05165111108e-06, 2.2810286282e-07, 1.23158400811e-07, 2.98778076058e-07, 1.3166345525e-07, 2.25926342523e-07, 1.01039105971e-07, 9.2469569779e-08, 2.91685353204e-07, 1.47404350059e-07, 1.18580101116e-06, 3.84426948585e-06, 6.55464100419e-06, 3.72075965061e-06, 4.49794356427e-07, 5.92610192029e-08, 1.66016498326e-08, 5.59905721786e-09, 1.33246458311e-09, 2.96944580036e-10, 8.48185237323e-12, 1.1398628352e-12],
        "min": [1.75438427674e-10, 5.17812903666e-10, 1.25899346504e-09, 1.96101446193e-09, 3.21317794594e-09, 6.91652290996e-10, 9.73564839857e-11, 1.35437064341e-10, 4.3479378431e-10, 9.08766228935e-10, 5.49333689648e-10, 2.41874742457e-10, 1.37658565103e-10, 3.3166376312e-09, 7.23387516555e-10, 2.59586935281e-10, 3.98033495053e-10, 4.30164182053e-10, 3.67575747617e-10, 1.65144675712e-10, 8.60895243981e-11, 1.33778838701e-11, 4.39490631388e-12, 5.31481499436e-12, 7.95891911404e-12, 2.90054503853e-12, 7.31499821653e-14],
        "skew": [0.876067996025, 11.2712841034, 11.5718288422, 3.10601997375, 2.55890893936, 1.81291151047, 2.16606068611, 2.23762321472, 2.69641017914, 3.54600691795, 2.91859412193, 3.29922008514, 3.51961421967, 2.53246116638, 2.33309817314, 2.42796111107, 3.48576498032, 3.21145653725, 2.92073941231, 2.05444002151, 1.63659477234, 2.2987985611, 2.18352746964, 2.50138998032, 1.87348151207, 3.23038911819, 4.46765184402],
        "var": [3.00954776626e-16, 1.23993615939e-13, 2.68597253814e-12, 5.59153756825e-14, 5.57629463438e-12, 2.19821205683e-09, 4.28081925463e-08, 6.77070133293e-08, 2.54393936472e-11, 4.38061942276e-09, 2.3208337474e-09, 1.47315171173e-09, 1.01812117764e-11, 2.62056376599e-09, 1.3764178599e-12, 1.75907663436e-10, 2.40001526208e-07, 1.18739653772e-05, 5.2055395372e-07, 2.13793132503e-11, 4.51147013627e-13, 1.03737309541e-12, 3.02535740329e-14, 2.5480771227e-15, 3.57408960078e-17, 5.60367819107e-20, 3.17207350549e-20],
        "cov": [[3.02422870012e-16, 4.64529597175e-16, 9.8969728381e-18, 2.89884214824e-16, -6.68407717074e-15, 6.49210841878e-14, 5.18442385376e-13, 6.39081290058e-13, -1.00411520732e-14, 2.44255570631e-13, 1.2432488036e-13, 1.10129218028e-13, 2.37677275593e-15, 5.04462330199e-14, -1.08200009858e-15, 9.72502921292e-15, 9.99041412206e-14, -1.96142689764e-12, -4.55910266137e-13, -1.3408004277e-15, 2.63747345641e-16, -1.16110079976e-15, -6.10525400339e-17, -1.18466650043e-16, 3.05788303138e-18, -5.12922135039e-19, -4.3080535654e-19], [4.64529597175e-16, 1.24598465226e-13, 5.56458145621e-13, 2.15594313506e-14, 2.34713046525e-13, -2.91277906742e-13, -4.6005430368e-13, -5.21582072237e-13, -3.41761836116e-14, 2.54404082436e-13, -1.55237422309e-13, -3.14820021994e-14, -2.85997388153e-14, -1.60580492588e-13, -1.11326234825e-14, -1.01229930742e-13, -5.70355134649e-12, -4.87682741412e-11, -9.91502886738e-12, -8.04252836746e-14, -9.4852765372e-15, -1.60872630863e-14, -2.97873408407e-15, -6.22369422335e-16, -5.47181067082e-17, -2.92431652351e-18, -1.4729808861e-18], [9.8969728381e-18, 5.56458145621e-13, 2.69907490455e-12, 1.13269718041e-13, 1.00940013726e-12, -4.38965920904e-12, -1.40661093884e-11, -1.72037731283e-11, -2.84223030311e-13, -5.08570919752e-12, -3.62934422099e-12, -3.07220655166e-12, -2.35474563026e-13, -4.06793435742e-12, -1.17200696305e-13, -1.31027654005e-12, -3.82491191497e-11, -2.44616826794e-10, -5.77434280946e-11, -4.46301063597e-13, -7.95299291917e-14, -1.04132685547e-13, -1.96757300258e-14, -5.27838237257e-15, -6.18966520409e-16, -2.16646923865e-17, -1.28135091076e-17], [2.89884214824e-16, 2.15594313506e-14, 1.13269718041e-13, 5.6188133844e-14, 2.24478215286e-14, 1.97301419994e-12, 8.71913565653e-12, 1.09346767752e-11, -1.1248993951e-13, 4.69086791979e-12, 2.45743096011e-12, 2.43042586924e-12, -5.89999579683e-14, 1.76079756244e-12, -7.80358494701e-15, 4.22294577779e-13, -9.35982801681e-12, -7.43601222264e-11, -1.80119408971e-11, -3.23296043528e-14, 4.35064370259e-15, -1.11999346497e-14, -1.31946271485e-15, -2.11183101442e-16, 9.27056583469e-17, -3.38631240526e-18, -1.18078502158e-18], [-6.68407717074e-15, 2.34713046525e-13, 1.00940013726e-12, 2.24478215286e-14, 5.60349596584e-12, 3.19492279854e-11, -8.70584962627e-13, -1.01326820198e-11, 4.81648141509e-12, 2.65091074092e-11, 1.35290997155e-11, 5.49873352147e-13, 2.26771748081e-12, 1.63981526383e-13, 1.71741212831e-12, 3.65568859906e-12, 2.67727340297e-10, 1.4182444108e-09, 4.8394266372e-10, 2.75650856307e-12, 5.84886739735e-13, 1.1213382653e-12, 1.87992945321e-13, 7.22219051057e-14, 3.54245483926e-15, 2.10774950676e-16, 1.36798057678e-16], [6.49210841878e-14, -2.91277906742e-13, -4.38965920904e-12, 1.97301419994e-12, 3.19492279854e-11, 2.20893503489e-09, 9.04748809205e-09, 1.12891553883e-08, 5.60394751437e-11, 1.9596204659e-09, 1.95033789119e-09, 5.98159355381e-10, 2.8025696347e-11, 1.83785586749e-09, 1.83784151092e-11, 5.13682374415e-10, 3.867724363e-09, 1.89567739284e-08, 5.86466875063e-09, 9.88931297963e-11, 2.20243354804e-11, 1.87564287019e-11, 4.42874643208e-12, 1.0055493764e-12, 2.05744817884e-13, 2.58977062546e-15, 1.43376705822e-15], [5.18442385376e-13, -4.6005430368e-13, -1.40661093884e-11, 8.71913565653e-12, -8.70584962627e-13, 9.04748809205e-09, 4.30170139509e-08, 5.38767004343e-08, 1.25653029648e-11, 8.26002466425e-09, 8.8465004211e-09, 2.67488631245e-09, 6.71539993752e-12, 8.65985150256e-09, 9.36625776937e-12, 2.24664731263e-09, -2.49225484694e-09, -3.84626410721e-08, -4.45401893145e-09, 2.82989132128e-10, 7.57160306675e-11, 3.32116001367e-11, 1.25159015096e-11, 1.53703699074e-12, 7.56355210667e-13, 1.05907917527e-15, 1.64667466581e-16], [6.39081290058e-13, -5.21582072237e-13, -1.72037731283e-11, 1.09346767752e-11, -1.01326820198e-11, 1.12891553883e-08, 5.38767004343e-08, 6.80372949091e-08, -1.6324268326e-12, 9.74114122698e-09, 1.09296030004e-08, 3.12688475113e-09, -6.71428407664e-13, 1.06599999938e-08, 8.27570997841e-12, 2.78408851528e-09, -4.18700984994e-09, -5.5172932889e-08, -6.85052414795e-09, 3.43064188169e-10, 9.37079094876e-11, 3.76309469696e-11, 1.48683704237e-11, 1.80505675511e-12, 9.515989342e-13, 1.11811705406e-15, 3.26322513424e-16], [-1.00411520732e-14, -3.41761836116e-14, -2.84223030311e-13, -1.1248993951e-13, 4.81648141509e-12, 5.60394751437e-11, 1.25653029648e-11, -1.6324268326e-12, 2.55634888258e-11, 1.55119823236e-11, 2.03096255091e-11, -1.36659485811e-11, 1.29242961819e-11, 1.72868577092e-11, 4.27722093854e-12, 1.33608462835e-11, 2.0903718756e-09, 1.4298073836e-08, 2.95960855823e-09, 1.64526552104e-11, 2.34525051289e-12, 4.37335324205e-12, 6.79532385223e-13, 1.95182167954e-13, 1.78903539796e-14, 8.51356573994e-16, 4.02383133942e-16], [2.44255570631e-13, 2.54404082436e-13, -5.08570919752e-12, 4.69086791979e-12, 2.65091074092e-11, 1.9596204659e-09, 8.26002466425e-09, 9.74114122698e-09, 1.55119823236e-11, 4.40198810736e-09, 2.38510122763e-09, 1.83981796464e-09, 1.49118686149e-11, 2.06412686943e-09, 1.15679419169e-11, 5.16656106786e-10, 1.23802779139e-09, -1.11341469378e-08, -5.52495202366e-11, 5.88855977868e-11, 1.46447211996e-11, 1.04883324248e-11, 3.43170674169e-12, 4.95688071752e-13, 1.55704266212e-13, 2.14294346102e-16, -1.11819333996e-16], [1.2432488036e-13, -1.55237422309e-13, -3.62934422099e-12, 2.45743096011e-12, 1.35290997155e-11, 1.95033789119e-09, 8.8465004211e-09, 1.09296030004e-08, 2.03096255091e-11, 2.38510122763e-09, 2.33215491363e-09, 7.20234871743e-10, 1.5913491011e-11, 1.73355751976e-09, 5.80043651999e-12, 4.94050078625e-10, 1.47760237379e-09, -1.24586718719e-09, 1.47436940434e-09, 6.86090628754e-11, 1.66419222153e-11, 1.21253822954e-11, 3.65518119244e-12, 5.18571893326e-13, 1.82171050705e-13, 6.7911120656e-16, 1.20578448764e-16], [1.10129218028e-13, -3.14820021994e-14, -3.07220655166e-12, 2.43042586924e-12, 5.49873352147e-13, 5.98159355381e-10, 2.67488631245e-09, 3.12688475113e-09, -1.36659485811e-11, 1.83981796464e-09, 7.20234871743e-10, 1.4803378523e-09, -4.54115911541e-12, 1.15906007014e-09, 2.33857009278e-12, 1.88326076955e-10, -1.04369834997e-09, -1.44461713703e-08, -2.40011743813e-09, 4.42253612204e-12, 3.88617436842e-12, -6.53909597911e-13, 3.93349171594e-13, 2.95871234278e-15, 3.12997884718e-14, -5.63000141909e-16, -3.35477510216e-16], [2.37677275593e-15, -2.85997388153e-14, -2.35474563026e-13, -5.89999579683e-14, 2.26771748081e-12, 2.8025696347e-11, 6.71539993752e-12, -6.71428407664e-13, 1.29242961819e-11, 1.49118686149e-11, 1.5913491011e-11, -4.54115911541e-12, 1.02308760422e-11, 3.70374998032e-12, 2.71134828998e-12, 1.0076123963e-11, 1.39587941206e-09, 9.19364762098e-09, 2.03458805359e-09, 9.78954591002e-12, 1.29125302031e-12, 2.59788458107e-12, 4.39173301675e-13, 1.09813945589e-13, 1.17390643443e-14, 4.35139618548e-16, 1.52936324959e-16], [5.04462330199e-14, -1.60580492588e-13, -4.06793435742e-12, 1.76079756244e-12, 1.63981526383e-13, 1.83785586749e-09, 8.65985150256e-09, 1.06599999938e-08, 1.72868577092e-11, 2.06412686943e-09, 1.73355751976e-09, 1.15906007014e-09, 3.70374998032e-12, 2.63334709594e-09, 4.18097544433e-12, 4.81762130189e-10, -5.23801835239e-10, -7.28199900379e-09, -1.0862143407e-09, 5.28086567531e-11, 1.64105170425e-11, 6.95590633704e-12, 2.84563778791e-12, 3.54192695139e-13, 1.44367794087e-13, 2.91502947726e-16, 6.21778365392e-17], [-1.08200009858e-15, -1.11326234825e-14, -1.17200696305e-13, -7.80358494701e-15, 1.71741212831e-12, 1.83784151092e-11, 9.36625776937e-12, 8.27570997841e-12, 4.27722093854e-12, 1.15679419169e-11, 5.80043651999e-12, 2.33857009278e-12, 2.71134828998e-12, 4.18097544433e-12, 1.38313210711e-12, 3.74057035346e-12, 3.92093219004e-10, 2.45230058482e-09, 5.90806348288e-10, 2.950007209e-12, 4.76970351236e-13, 9.57497102438e-13, 1.4634978342e-13, 5.12176733588e-14, 3.98121451781e-15, 1.85514840002e-16, 9.73027907018e-17], [9.72502921292e-15, -1.01229930742e-13, -1.31027654005e-12, 4.22294577779e-13, 3.65568859906e-12, 5.13682374415e-10, 2.24664731263e-09, 2.78408851528e-09, 1.33608462835e-11, 5.16656106786e-10, 4.94050078625e-10, 1.88326076955e-10, 1.0076123963e-11, 4.81762130189e-10, 3.74057035346e-12, 1.76765754811e-10, 1.34322020173e-09, 8.47051317976e-09, 2.15867768105e-09, 2.8447834366e-11, 5.35644055152e-12, 4.80300174632e-12, 1.18974600137e-12, 2.11089121443e-13, 5.26811430037e-14, 6.13771455586e-16, 2.6233031246e-16], [9.99041412206e-14, -5.70355134649e-12, -3.82491191497e-11, -9.35982801681e-12, 2.67727340297e-10, 3.867724363e-09, -2.49225484694e-09, -4.18700984994e-09, 2.0903718756e-09, 1.23802779139e-09, 1.47760237379e-09, -1.04369834997e-09, 1.39587941206e-09, -5.23801835239e-10, 3.92093219004e-10, 1.34322020173e-09, 2.41172273263e-07, 1.61831155765e-06, 3.26239131709e-07, 1.77478287622e-09, 2.11951858842e-10, 4.25338292365e-10, 6.63997190564e-11, 1.68861123001e-11, 1.9233098187e-12, 8.25904489655e-14, 3.5772525621e-14], [-1.96142689764e-12, -4.87682741412e-11, -2.44616826794e-10, -7.43601222264e-11, 1.4182444108e-09, 1.89567739284e-08, -3.84626410721e-08, -5.5172932889e-08, 1.4298073836e-08, -1.11341469378e-08, -1.24586718719e-09, -1.44461713703e-08, 9.19364762098e-09, -7.28199900379e-09, 2.45230058482e-09, 8.47051317976e-09, 1.61831155765e-06, 1.19318865472e-05, 2.37644576373e-06, 1.32907764794e-08, 1.51728363207e-09, 2.84656564986e-09, 4.49011910986e-10, 1.13680106995e-10, 1.35198467005e-11, 5.55517220766e-13, 2.28758147407e-13], [-4.55910266137e-13, -9.91502886738e-12, -5.77434280946e-11, -1.80119408971e-11, 4.8394266372e-10, 5.86466875063e-09, -4.45401893145e-09, -6.85052414795e-09, 2.95960855823e-09, -5.52495202366e-11, 1.47436940434e-09, -2.40011743813e-09, 2.03458805359e-09, -1.0862143407e-09, 5.90806348288e-10, 2.15867768105e-09, 3.26239131709e-07, 2.37644576373e-06, 5.23093262927e-07, 2.74328537664e-09, 3.23621435205e-10, 6.09068406821e-10, 1.00917850465e-10, 2.57465038872e-11, 3.05731221589e-12, 1.18276251965e-13, 4.989704735e-14], [-1.3408004277e-15, -8.04252836746e-14, -4.46301063597e-13, -3.23296043528e-14, 2.75650856307e-12, 9.88931297963e-11, 2.82989132128e-10, 3.43064188169e-10, 1.64526552104e-11, 5.88855977868e-11, 6.86090628754e-11, 4.42253612204e-12, 9.78954591002e-12, 5.28086567531e-11, 2.950007209e-12, 2.8447834366e-11, 1.77478287622e-09, 1.32907764794e-08, 2.74328537664e-09, 2.14836013562e-11, 2.61213490074e-12, 3.83761598888e-12, 6.74591079611e-13, 1.65033270253e-13, 2.20200800546e-14, 7.26883600087e-16, 3.51589744469e-16], [2.63747345641e-16, -9.4852765372e-15, -7.95299291917e-14, 4.35064370259e-15, 5.84886739735e-13, 2.20243354804e-11, 7.57160306675e-11, 9.37079094876e-11, 2.34525051289e-12, 1.46447211996e-11, 1.66419222153e-11, 3.88617436842e-12, 1.29125302031e-12, 1.64105170425e-11, 4.76970351236e-13, 5.35644055152e-12, 2.11951858842e-10, 1.51728363207e-09, 3.23621435205e-10, 2.61213490074e-12, 4.53347727197e-13, 5.33931622873e-13, 9.80771453635e-14, 2.64164233023e-14, 3.45141446754e-15, 9.49974912742e-17, 4.52418925236e-17], [-1.16110079976e-15, -1.60872630863e-14, -1.04132685547e-13, -1.11999346497e-14, 1.1213382653e-12, 1.87564287019e-11, 3.32116001367e-11, 3.76309469696e-11, 4.37335324205e-12, 1.04883324248e-11, 1.21253822954e-11, -6.53909597911e-13, 2.59788458107e-12, 6.95590633704e-12, 9.57497102438e-13, 4.80300174632e-12, 4.25338292365e-10, 2.84656564986e-09, 6.09068406821e-10, 3.83761598888e-12, 5.33931622873e-13, 1.04243350063e-12, 1.63910606008e-13, 4.35393434088e-14, 4.57415706264e-15, 1.72475442758e-16, 7.96057908918e-17], [-6.10525400339e-17, -2.97873408407e-15, -1.96757300258e-14, -1.31946271485e-15, 1.87992945321e-13, 4.42874643208e-12, 1.25159015096e-11, 1.48683704237e-11, 6.79532385223e-13, 3.43170674169e-12, 3.65518119244e-12, 3.93349171594e-13, 4.39173301675e-13, 2.84563778791e-12, 1.4634978342e-13, 1.18974600137e-12, 6.63997190564e-11, 4.49011910986e-10, 1.00917850465e-10, 6.74591079611e-13, 9.80771453635e-14, 1.63910606008e-13, 3.04011508892e-14, 6.91550224204e-15, 8.74186600082e-16, 2.62696664135e-17, 1.15324172698e-17], [-1.18466650043e-16, -6.22369422335e-16, -5.27838237257e-15, -2.11183101442e-16, 7.22219051057e-14, 1.0055493764e-12, 1.53703699074e-12, 1.80505675511e-12, 1.95182167954e-13, 4.95688071752e-13, 5.18571893326e-13, 2.95871234278e-15, 1.09813945589e-13, 3.54192695139e-13, 5.12176733588e-14, 2.11089121443e-13, 1.68861123001e-11, 1.13680106995e-10, 2.57465038872e-11, 1.65033270253e-13, 2.64164233023e-14, 4.35393434088e-14, 6.91550224204e-15, 2.56050690768e-15, 2.00976791179e-16, 8.3009650693e-18, 4.38593081062e-18], [3.05788303138e-18, -5.47181067082e-17, -6.18966520409e-16, 9.27056583469e-17, 3.54245483926e-15, 2.05744817884e-13, 7.56355210667e-13, 9.515989342e-13, 1.78903539796e-14, 1.55704266212e-13, 1.82171050705e-13, 3.12997884718e-14, 1.17390643443e-14, 1.44367794087e-13, 3.98121451781e-15, 5.26811430037e-14, 1.9233098187e-12, 1.35198467005e-11, 3.05731221589e-12, 2.20200800546e-14, 3.45141446754e-15, 4.57415706264e-15, 8.74186600082e-16, 2.00976791179e-16, 3.59152425199e-17, 8.39189517288e-19, 4.03321091616e-19], [-5.12922135039e-19, -2.92431652351e-18, -2.16646923865e-17, -3.38631240526e-18, 2.10774950676e-16, 2.58977062546e-15, 1.05907917527e-15, 1.11811705406e-15, 8.51356573994e-16, 2.14294346102e-16, 6.7911120656e-16, -5.63000141909e-16, 4.35139618548e-16, 2.91502947726e-16, 1.85514840002e-16, 6.13771455586e-16, 8.25904489655e-14, 5.55517220766e-13, 1.18276251965e-13, 7.26883600087e-16, 9.49974912742e-17, 1.72475442758e-16, 2.62696664135e-17, 8.3009650693e-18, 8.39189517288e-19, 5.63101327914e-20, 3.88279064209e-20], [-4.3080535654e-19, -1.4729808861e-18, -1.28135091076e-17, -1.18078502158e-18, 1.36798057678e-16, 1.43376705822e-15, 1.64667466581e-16, 3.26322513424e-16, 4.02383133942e-16, -1.11819333996e-16, 1.20578448764e-16, -3.35477510216e-16, 1.52936324959e-16, 6.21778365392e-17, 9.73027907018e-17, 2.6233031246e-16, 3.5772525621e-14, 2.28758147407e-13, 4.989704735e-14, 3.51589744469e-16, 4.52418925236e-17, 7.96057908918e-17, 1.15324172698e-17, 4.38593081062e-18, 4.03321091616e-19, 3.88279064209e-20, 3.18754727594e-20]]
    },
    "mfcc": {
        "kurt": [-1.34635388851, -0.425917387009, -1.49336516857, -0.866387605667, -0.111503601074, -1.41544008255, -0.943659067154, -0.730993032455, -1.13516879082, -0.645069122314, -0.679393529892, -0.44743013382, 0.634120941162],
        "max": [-762.762695312, 142.855987549, 36.5722389221, 96.017616272, 42.3094215393, 11.9304504395, 23.8008918762, 40.7812309265, 17.1269187927, 14.1284580231, 37.914478302, 21.494134903, 33.6645469666],
        "mean": [-955.759094238, 80.4296951294, -46.069393158, 24.0371837616, 5.37330770493, -32.3021621704, -8.65030193329, 9.50466632843, -13.3743886948, -10.5857906342, 5.45194292068, -2.13399410248, 1.23904824257],
        "median": [-983.375610352, 69.7520217896, -46.6908226013, 16.7124900818, 9.42432403564, -35.4186515808, -8.38872146606, 8.27540779114, -13.0777816772, -7.52819061279, 4.68877410889, -2.79081344604, -1.80151748657],
        "min": [-1138.42004395, 1.14440917969e-05, -126.896194458, -38.775642395, -41.8049316406, -74.1486358643, -39.6517333984, -28.9747924805, -44.1434020996, -45.9492263794, -18.7807216644, -21.5416717529, -22.4532661438],
        "skew": [0.306699901819, 0.67746758461, 0.0185215733945, 0.412890940905, -0.781507670879, 0.0873244255781, 0.030391715467, 0.00954829994589, -0.0412193760276, -0.468918144703, 0.148658081889, 0.359632521868, 1.04994034767],
        "var": [8460.78417969, 736.469177246, 2430.97290039, 915.714294434, 405.565338135, 592.774475098, 210.787033081, 203.461532593, 238.201416016, 172.84677124, 144.374771118, 86.2204055786, 140.343078613],
        "cov": [[8502.05664062, 1162.8972168, -4362.68310547, 417.281829834, -1039.41223145, -1738.43664551, -830.09564209, 54.8574295044, -1089.2487793, -666.406188965, 880.421264648, 299.443756104, 459.449584961], [1162.8972168, 740.061767578, -434.328552246, -573.17010498, -384.333282471, -64.5018310547, -29.441734314, -220.675811768, -79.222076416, 83.1655807495, 133.94229126, 148.38067627, 235.683044434], [-4362.68310547, -434.328552246, 2442.83129883, -308.119506836, 407.042724609, 965.314086914, 413.247406006, -122.617256165, 605.97479248, 400.960357666, -474.590362549, -132.342926025, -181.578308105], [417.281829834, -573.17010498, -308.119506836, 920.181152344, 298.7293396, -383.355224609, -156.92414856, 307.26461792, -142.215835571, -243.571792603, 30.5199451447, -149.999603271, -203.276473999], [-1039.41223145, -384.333282471, 407.042724609, 298.7293396, 407.543701172, 90.4128494263, 47.0228118896, 166.797897339, 61.0270004272, -40.2985992432, -92.2886123657, -118.485092163, -176.152816772], [-1738.43664551, -64.5018310547, 965.314086914, -383.355224609, 90.4128494263, 595.666015625, 234.493041992, -158.862792969, 268.86328125, 205.598144531, -214.17805481, -3.38709545135, -17.6019897461], [-830.09564209, -29.441734314, 413.247406006, -156.92414856, 47.0228118896, 234.493041992, 211.815261841, -26.9360389709, 95.8574142456, 97.6585388184, -95.4363250732, -5.47087049484, -29.2688808441], [54.8574295044, -220.675811768, -122.617256165, 307.26461792, 166.797897339, -158.862792969, -26.9360389709, 204.454025269, -54.2930679321, -112.572547913, 25.3253135681, -58.3516426086, -102.873748779], [-1089.2487793, -79.222076416, 605.97479248, -142.215835571, 61.0270004272, 268.86328125, 95.8574142456, -54.2930679321, 239.363372803, 151.200637817, -136.546859741, -5.50738716125, -4.24802017212], [-666.406188965, 83.1655807495, 400.960357666, -243.571792603, -40.2985992432, 205.598144531, 97.6585388184, -112.572547913, 151.200637817, 173.689926147, -67.1005630493, 16.9625911713, 47.5269241333], [880.421264648, 133.94229126, -474.590362549, 30.5199451447, -92.2886123657, -214.17805481, -95.4363250732, 25.3253135681, -136.546859741, -67.1005630493, 145.079040527, 36.8056221008, 40.2913017273], [299.443756104, 148.38067627, -132.342926025, -149.999603271, -118.485092163, -3.38709545135, -5.47087049484, -58.3516426086, -5.50738716125, 16.9625911713, 36.8056221008, 86.6409988403, 76.7845611572], [459.449584961, 235.683044434, -181.578308105, -203.276473999, -176.152816772, -17.6019897461, -29.2688808441, -102.873748779, -4.24802017212, 47.5269241333, 40.2913017273, 76.7845611572, 141.027679443]]
    },
    "sccoeffs": {
        "kurt": [0.383957862854, 0.0937466621399, -0.450486898422, -0.938783884048, -1.05704677105, -1.26872444153],
        "max": [-0.682481825352, -0.352613061666, -0.53229445219, -0.571352481842, -0.441810071468, -0.709565579891],
        "mean": [-0.837222635746, -0.747086763382, -0.787370383739, -0.787494897842, -0.728150308132, -0.799577951431],
        "median": [-0.843983113766, -0.788061738014, -0.820574641228, -0.803859472275, -0.743289351463, -0.807735681534],
        "min": [-0.921768009663, -0.926044642925, -0.939093768597, -0.922250449657, -0.915848493576, -0.92931586504],
        "skew": [0.724424302578, 1.0195068121, 0.83767926693, 0.534741044044, 0.356790989637, 0.111691206694],
        "var": [0.00204023206607, 0.0223175678402, 0.0120915491134, 0.00936993770301, 0.0146475378424, 0.00230835238472],
        "cov": [[0.00205018441193, 0.000710195396096, 0.000369570596376, 0.000254093116382, 0.00182198558468, 0.000435370631749], [0.000710195396096, 0.0224264338613, 0.0146037545055, 0.01197590027, 0.0109279053286, 0.00571607332677], [0.000369570596376, 0.0146037545055, 0.0121505316347, 0.0095174247399, 0.00799050182104, 0.00417794892564], [0.000254093116382, 0.01197590027, 0.0095174247399, 0.00941564422101, 0.00683305831626, 0.00346116232686], [0.00182198558468, 0.0109279053286, 0.00799050182104, 0.00683305831626, 0.0147189898416, 0.00462900381535], [0.000435370631749, 0.00571607332677, 0.00417794892564, 0.00346116232686, 0.00462900381535, 0.0023196125403]]
    },
    "scvalleys": {
        "kurt": [6.41195201874, 2.50931072235, 2.43547010422, 0.904361248016, -0.520793676376, -0.597832202911],
        "max": [-8.54056072235, -7.39219379425, -8.09384250641, -8.21920490265, -7.93445682526, -11.606751442],
        "mean": [-9.22613430023, -9.20503044128, -9.60864067078, -9.91911697388, -9.96711349487, -13.1191558838],
        "median": [-9.21291923523, -9.31401348114, -9.63645172119, -9.97301673889, -10.1297397614, -13.4327859879],
        "min": [-11.3817844391, -12.4729652405, -12.1401891708, -12.7399635315, -13.2896089554, -15.4576768875],
        "skew": [-1.33280587196, 0.228867515922, -0.199334070086, -0.0330926515162, 0.242124557495, 0.511470675468],
        "var": [0.117779076099, 0.448912143707, 0.25128403306, 0.39790007472, 0.923692703247, 0.529750704765],
        "cov": [[0.11835360527, 0.0733460560441, 0.0462219417095, 0.0639439895749, 0.077944599092, 0.0639334619045], [0.0733460560441, 0.451101958752, 0.272492706776, 0.335728764534, 0.436806678772, 0.334528923035], [0.0462219417095, 0.272492706776, 0.25250980258, 0.261613100767, 0.311794519424, 0.224033370614], [0.0639439895749, 0.335728764534, 0.261613100767, 0.399841040373, 0.477088958025, 0.35518732667], [0.077944599092, 0.436806678772, 0.311794519424, 0.477088958025, 0.928198516369, 0.661586880684], [0.0639334619045, 0.334528923035, 0.224033370614, 0.35518732667, 0.661586880684, 0.532334804535]]
    }
},
"rhythm": {
    "beats_loudness": {
        "kurt": 0.687125682831,
        "max": 0.018148124218,
        "mean": 0.00396173261106,
        "median": 0.00157227320597,
        "min": 2.72751412922e-06,
        "skew": 1.55173754692,
        "var": 3.77587712137e-05
    },
    "bpm": 146.449920654,
    "confidence": 0,
    "first_peak_bpm": {
        "kurt": 0,
        "max": 148,
        "mean": 148,
        "median": 148,
        "min": 148,
        "skew": 0,
        "var": 0
    },
    "first_peak_spread": {
        "kurt": 0,
        "max": 0.5,
        "mean": 0.5,
        "median": 0.5,
        "min": 0.5,
        "skew": 0,
        "var": 0
    },
    "first_peak_weight": {
        "kurt": 0,
        "max": 0.5,
        "mean": 0.5,
        "median": 0.5,
        "min": 0.5,
        "skew": 0,
        "var": 0
    },
    "onset_rate": 2.52879047394,
    "second_peak_bpm": {
        "kurt": 0,
        "max": 0,
        "mean": 0,
        "median": 0,
        "min": 0,
        "skew": 0,
        "var": 0
    },
    "second_peak_spread": {
        "kurt": 0,
        "max": 0,
        "mean": 0,
        "median": 0,
        "min": 0,
        "skew": 0,
        "var": 0
    },
    "second_peak_weight": {
        "kurt": 0,
        "max": 0,
        "mean": 0,
        "median": 0,
        "min": 0,
        "skew": 0,
        "var": 0
    },
    "beats_loudness_band_ratio": {
        "kurt": [4.32021427155, 1.02105093002, 4.06624984741, 2.22041559219, -1.50232505798, 0.0880362987518],
        "max": [0.573236227036, 0.227533221245, 0.714145004749, 0.559721171856, 0.992347300053, 0.409624099731],
        "mean": [0.0850007683039, 0.0603074468672, 0.130464494228, 0.124421723187, 0.534767985344, 0.115764170885],
        "median": [0.000439486873802, 0.0386371314526, 0.0920714214444, 0.0700236260891, 0.437749862671, 0.0561984665692],
        "min": [2.70611508313e-05, 0.00101374823134, 0.000935805786867, 0.00078916340135, 0.0680118352175, 0.00424093334004],
        "skew": [2.34959864616, 1.4104745388, 2.25531768799, 1.71745169163, 0.188861832023, 1.23803079128],
        "var": [0.0266500003636, 0.00440683029592, 0.0388418473303, 0.02541728504, 0.110859490931, 0.0166564062238],
        "cov": [[0.0293150003999, 0.00952201802284, -0.00321294809692, -0.00328201986849, -0.0302494224161, 0.0033054004889], [0.00952201802284, 0.00484751304612, 0.00668099988252, -0.000972809444647, -0.017471704632, 0.000715243979357], [-0.00321294809692, 0.00668099988252, 0.0427260324359, 0.0075099458918, -0.0438463911414, -0.002415984869], [-0.00328201986849, -0.000972809444647, 0.0075099458918, 0.0279590133578, -0.0267778784037, -0.00202553486452], [-0.0302494224161, -0.017471704632, -0.0438463911414, -0.0267778784037, 0.121945440769, -0.0185921750963], [0.0033054004889, 0.000715243979357, -0.002415984869, -0.00202553486452, -0.0185921750963, 0.0183220468462]]
    },
    "beats_position": [0.394739210606, 0.801088392735, 1.21904754639, 1.62539684772, 2.03174591064, 2.43809509277, 2.85605430603, 3.27401351929, 3.69197273254, 4.08671188354, 4.49306106567],
    "bpm_estimates": [147.656265259, 143.554702759, 147.656219482, 147.656295776, 147.656265259, 143.554672241, 143.554672241, 143.554672241, 151.99911499, 147.656265259],
    "bpm_intervals": [0.406349182129, 0.417959153652, 0.406349301338, 0.40634906292, 0.406349182129, 0.417959213257, 0.417959213257, 0.417959213257, 0.394739151001, 0.406349182129],
    "onset_times": [0.0232199542224, 0.0812698379159, 1.20743763447, 1.52090704441, 2.42648530006, 2.68190479279, 2.85605430603, 3.21596360207, 3.66875290871, 3.81968259811, 4.02866220474, 4.29569149017],
    "histogram": [[0, 0, 0, 0, 0, 0, 0, 0, 0, 0, 0, 0, 0, 0, 0, 0, 0, 0, 0, 0, 0, 0, 0, 0, 0, 0, 0, 0, 0, 0, 0, 0, 0, 0, 0, 0, 0, 0, 0, 0, 0, 0, 0, 0, 0, 0, 0, 0, 0, 0, 0, 0, 0, 0, 0, 0, 0, 0, 0, 0, 0, 0, 0, 0, 0, 0, 0, 0, 0, 0, 0, 0, 0, 0, 0, 0, 0, 0, 0, 0, 0, 0, 0, 0, 0, 0, 0, 0, 0, 0, 0, 0, 0, 0, 0, 0, 0, 0, 0, 0, 0, 0, 0, 0, 0, 0, 0, 0, 0, 0, 0, 0, 0, 0, 0, 0, 0, 0, 0, 0, 0, 0, 0, 0, 0, 0, 0, 0, 0, 0, 0, 0, 0, 0, 0, 0, 0, 0, 0, 0, 0, 0, 0, 0, 0.40000000596, 0, 0, 0, 0.5, 0, 0, 0, 0.10000000149, 0, 0, 0, 0, 0, 0, 0, 0, 0, 0, 0, 0, 0, 0, 0, 0, 0, 0, 0, 0, 0, 0, 0, 0, 0, 0, 0, 0, 0, 0, 0, 0, 0, 0, 0, 0, 0, 0, 0, 0, 0, 0, 0, 0, 0, 0, 0, 0, 0, 0, 0, 0, 0, 0, 0, 0, 0, 0, 0, 0, 0, 0, 0, 0, 0, 0, 0, 0, 0, 0, 0, 0, 0, 0, 0, 0, 0, 0, 0, 0, 0, 0, 0, 0, 0, 0, 0, 0, 0, 0, 0, 0, 0, 0, 0, 0, 0]]
},
"sfx": {
    "inharmonicity": {
        "kurt": 0.161487579346,
        "max": 0.432260453701,
        "mean": 0.0910770818591,
        "median": 0.0363971106708,
        "min": 0,
        "skew": 1.15693235397,
        "var": 0.0134151400998
    },
    "oddtoevenharmonicenergyratio": {
        "kurt": 11.8909111023,
        "max": 7.79045772552,
        "mean": 0.688944816589,
        "median": 0.140725344419,
        "min": 0,
        "skew": 3.04270505905,
        "var": 1.4191416502
    },
    "pitch_after_max_to_before_max_energy_ratio": 1.54772996902,
    "pitch_centroid": 112.743858337,
    "pitch_max_to_total": 0.407766997814,
    "pitch_min_to_total": 0.213592231274,
    "tristimulus": {
        "kurt": [-1.81634509563, -0.235815286636, -1.17141282558],
        "max": [1, 0.912777245045, 0.955986261368],
        "mean": [0.491181671619, 0.200447410345, 0.308370918036],
        "median": [0.263273358345, 0.138212323189, 0.274696648121],
        "min": [0, 0, 0],
        "skew": [0.211748927832, 0.888262033463, 0.47085788846],
        "var": [0.188853234053, 0.0495833978057, 0.0994967222214],
        "cov": [[0.189774468541, -0.0698089301586, -0.119965597987], [-0.0698089301586, 0.0498252697289, 0.0199836529791], [-0.119965597987, 0.0199836529791, 0.0999820679426]]
    }
},
"tonal": {
    "chords_changes_rate": 0.0961538478732,
    "chords_number_rate": 0.0384615398943,
    "chords_strength": {
        "kurt": -1.56355178356,
        "max": 0.618567407131,
        "mean": 0.467462003231,
        "median": 0.45967912674,
        "min": 0.298402398825,
        "skew": -0.132818847895,
        "var": 0.0118692060933
    },
    "key_strength": 0.828090786934,
    "tuning_diatonic_strength": 0.584643900394,
    "tuning_equal_tempered_deviation": 0.206349015236,
    "tuning_frequency": 437.718536377,
    "tuning_nontempered_energy_ratio": 0.8184466362,
    "hpcp": {
        "kurt": [10.5964536667, 5.8954334259, 2.85726070404, 7.18574237823, 4.88652420044, 4.3291926384, 5.11082744598, 1.60578584671, -1.06761848927, -0.756127119064, 2.78067588806, 3.79295873642, 5.33959293365, 8.17953014374, 6.81638813019, 7.3102684021, 3.35174894333, 1.9904088974, 2.08276033401, 4.68797111511, 7.73416423798, 9.05718803406, 7.01622486115, 7.28224372864, 0.071102142334, 9.40821838379, 9.12672233582, 11.7234754562, 2.29845046997, -0.815201282501, -1.4445207119, -0.23837852478, -0.0898840427399, 0.319125652313, 11.3789539337, 9.66723823547],
        "max": [1, 0.902071297169, 0.735317528248, 1, 1, 1, 1, 1, 1, 1, 1, 1, 0.89593565464, 0.887064933777, 1, 1, 0.986631035805, 1, 0.71323788166, 0.488766223192, 0.654915571213, 1, 1, 0.976156234741, 0.510179042816, 0.890429198742, 1, 1, 0.542197465897, 1, 1, 1, 1, 0.802009642124, 0.936788022518, 1],
        "mean": [0.105415299535, 0.10288438201, 0.103606343269, 0.113128013909, 0.127201974392, 0.128254830837, 0.137285321951, 0.206479415298, 0.36081212759, 0.312842398882, 0.14842158556, 0.125593960285, 0.107761949301, 0.0918749719858, 0.102260097861, 0.108722537756, 0.179328128695, 0.257899343967, 0.168082162738, 0.0746560171247, 0.08393907547, 0.100486703217, 0.107831478119, 0.121149815619, 0.123528704047, 0.106796912849, 0.102291151881, 0.0888621732593, 0.104871697724, 0.405311226845, 0.636833190918, 0.444326728582, 0.283776074648, 0.187204942107, 0.101742781699, 0.108514562249],
