{
"metadata": {
    "version": {
        "essentia": "2.1-beta3"
    }
},
"lowLevel": {
    "average_loudness": 0.0785248503089,
    "barkbands_kurtosis": {
        "kurt": 0.519600629807,
        "max": 17.733669281,
        "mean": 3.10241699219,
        "median": 2.73180961609,
        "min": -1.87500786781,
        "skew": 0.760965108871,
        "var": 9.80854129791
    },
    "barkbands_skewness": {
        "kurt": -0.102075338364,
        "max": 3.69061517715,
        "mean": 1.7011166811,
        "median": 1.74271929264,
        "min": -0.523261070251,
        "skew": -0.187217965722,
        "var": 0.437661290169
    },
    "barkbands_spread": {
        "kurt": 1.3845334053,
        "max": 55.4184036255,
        "mean": 17.5554008484,
        "median": 15.0580463409,
        "min": 3.76397490501,
        "skew": 1.29931640625,
        "var": 86.2406997681
    },
    "dissonance": {
        "kurt": 11.3390512466,
        "max": 0.5,
        "mean": 0.470290482044,
        "median": 0.473336130381,
        "min": 0.244684204459,
        "skew": -1.72241199017,
        "var": 0.000333900912665
    },
    "hfc": {
        "kurt": 26.5201797485,
        "max": 21.1826229095,
        "mean": 1.32173466682,
        "median": 0.718289136887,
        "min": 0.00265144137666,
        "skew": 4.80300998688,
        "var": 4.46179771423
    },
    "pitch": {
        "kurt": 7.27565670013,
        "max": 4521.08251953,
        "mean": 563.201171875,
        "median": 225.014694214,
        "min": 43.1237678528,
        "skew": 2.99547386169,
        "var": 1240482.375
    },
    "pitch_instantaneous_confidence": {
        "kurt": 2.65726566315,
        "max": 0.853094518185,
        "mean": 0.300342440605,
        "median": 0.264571905136,
        "min": 0.115460276604,
        "skew": 1.6538797617,
        "var": 0.016715425998
    },
    "pitch_salience": {
        "kurt": 1.42380094528,
        "max": 0.885458290577,
        "mean": 0.708952724934,
        "median": 0.720140874386,
        "min": 0.374350845814,
        "skew": -1.0096334219,
        "var": 0.00529961287975
    },
    "silence_rate_20dB": {
        "kurt": 0,
        "max": 1,
        "mean": 1,
        "median": 1,
        "min": 1,
        "skew": 0,
        "var": 0
    },
    "silence_rate_30dB": {
        "kurt": 0,
        "max": 1,
        "mean": 1,
        "median": 1,
        "min": 1,
        "skew": 0,
        "var": 0
    },
    "silence_rate_60dB": {
        "kurt": 8.33747959137,
        "max": 1,
        "mean": 0.924562215805,
        "median": 1,
        "min": 0,
        "skew": -3.21522140503,
        "var": 0.0697469934821
    },
    "spectral_centroid": {
        "kurt": 3.28202533722,
        "max": 2216.32885742,
        "mean": 674.981750488,
        "median": 590.495422363,
        "min": 286.048370361,
        "skew": 1.67794239521,
        "var": 84517.921875
    },
    "spectral_complexity": {
        "kurt": 17.16680336,
        "max": 40,
        "mean": 5.87561750412,
        "median": 5,
        "min": 0,
        "skew": 3.89592862129,
        "var": 24.1601448059
    },
    "spectral_crest": {
        "kurt": 0.327733516693,
        "max": 20.4342517853,
        "mean": 8.81637573242,
        "median": 8.31157207489,
        "min": 2.75888037682,
        "skew": 0.760148704052,
        "var": 8.74822711945
    },
    "spectral_decrease": {
        "kurt": 23.1802043915,
        "max": -1.18663184747e-12,
        "mean": -4.37845121271e-10,
        "median": -3.13948533837e-10,
        "min": -4.86865525673e-09,
        "skew": -4.56759881973,
        "var": 2.51135807983e-19
    },
    "spectral_energy": {
        "kurt": 23.4510726929,
        "max": 0.020296735689,
        "mean": 0.00177241500933,
        "median": 0.00126260530669,
        "min": 4.71911880595e-06,
        "skew": 4.59675216675,
        "var": 4.30396949014e-06
    },
    "spectral_energyband_high": {
        "kurt": 9.30844116211,
        "max": 0.000637710676529,
        "mean": 4.62868520117e-05,
        "median": 1.10350147224e-05,
        "min": 3.56785676559e-08,
        "skew": 2.96868872643,
        "var": 7.82340769945e-09
    },
    "spectral_energyband_low": {
        "kurt": 38.7764053345,
        "max": 0.00360364932567,
        "mean": 0.00021465626196,
        "median": 0.000135354392114,
        "min": 4.42799603206e-07,
        "skew": 5.24210214615,
        "var": 8.43042684551e-08
    },
    "spectral_energyband_middle_high": {
        "kurt": 34.5530395508,
        "max": 0.00921160820872,
        "mean": 0.000373757531634,
        "median": 0.000176900808583,
        "min": 4.49548423376e-07,
        "skew": 5.38758945465,
        "var": 5.55808696845e-07
    },
    "spectral_energyband_middle_low": {
        "kurt": 24.5510692596,
        "max": 0.012118329294,
        "mean": 0.00122455041856,
        "median": 0.000921745318919,
        "min": 3.92190986531e-06,
        "skew": 4.57831716537,
        "var": 1.55523764533e-06
    },
    "spectral_flatness_db": {
        "kurt": -0.0236361026764,
        "max": 0.288496017456,
        "mean": 0.183678358793,
        "median": 0.182721361518,
        "min": 0.104283764958,
        "skew": 0.257658690214,
        "var": 0.000657700817101
    },
    "spectral_flux": {
        "kurt": 10.4732074738,
        "max": 0.0853793919086,
        "mean": 0.0245623830706,
        "median": 0.022437883541,
        "min": 0.00372324185446,
        "skew": 2.92817902565,
        "var": 8.51340737427e-05
    },
    "spectral_kurtosis": {
        "kurt": 4.48331642151,
        "max": 33.6880989075,
        "mean": 8.70555019379,
        "median": 7.92768859863,
        "min": 1.53204870224,
        "skew": 1.52779865265,
        "var": 12.4212503433
    },
    "spectral_rms": {
        "kurt": 12.6264848709,
        "max": 0.00444990955293,
        "mean": 0.00122180616017,
        "median": 0.00110986945219,
        "min": 6.78529177094e-05,
        "skew": 3.32578444481,
        "var": 2.36374305018e-07
    },
    "spectral_rolloff": {
        "kurt": 2.97618961334,
        "max": 4414.30664062,
        "mean": 1254.52355957,
        "median": 882.861328125,
        "min": 322.998046875,
        "skew": 1.90109324455,
        "var": 936027.875
    },
    "spectral_skewness": {
        "kurt": 1.24694538116,
        "max": 4.60091590881,
        "mean": 2.23188686371,
        "median": 2.20179224014,
        "min": 1.03882396221,
        "skew": 0.504645049572,
        "var": 0.180876344442
    },
    "spectral_spread": {
        "kurt": 234.655303955,
        "max": 22643504,
        "mean": 3313121,
        "median": 3212084.75,
        "min": 1604786.75,
        "skew": 9.12987041473,
        "var": 515923116032
    },
    "spectral_strongpeak": {
        "kurt": 27.8328800201,
        "max": 3.63829851151,
        "mean": 0.184946462512,
        "median": 0.101275056601,
        "min": 0.00108921539504,
        "skew": 5.01179933548,
        "var": 0.123575486243
    },
    "zerocrossingrate": {
        "kurt": 1.17539215088,
        "max": 0.12158203125,
        "mean": 0.0476840510964,
        "median": 0.04345703125,
        "min": 0.0048828125,
        "skew": 1.15847468376,
        "var": 0.000336007069563
    },
    "barkbands": {
        "kurt": [91.6728134155, 84.1855926514, 35.6715240479, 95.5621337891, 16.6161327362, 42.5553245544, 50.4352989197, 73.4068603516, 62.9312133789, 84.7823257446, 80.0018768311, 69.3911361694, 88.251159668, 107.216468811, 63.2945098877, 39.273563385, 23.5724487305, 20.078962326, 38.9171524048, 21.342086792, 15.0093269348, 69.7301559448, 42.1352996826, 26.6582927704, 61.3530502319, 116.195762634, 1894.34924316],
        "max": [3.53775612894e-06, 0.00194173539057, 0.0017422195524, 0.00456557888538, 0.00421149795875, 0.00309326965362, 0.00264415121637, 0.00453947251663, 0.0033403171692, 0.00251374766231, 0.00180222000927, 0.000985707971267, 0.00182398897596, 0.0014755356824, 0.000746464240365, 0.000958268588874, 0.000692611909471, 0.00121917633805, 0.0011749851983, 0.000733119260985, 0.000414135167375, 3.89505694329e-05, 4.72475312563e-06, 2.07876291825e-06, 3.7997290292e-06, 3.58280999535e-07, 2.74730762584e-08],
        "mean": [8.59915445517e-08, 3.38812787959e-05, 0.000106429004518, 0.000168520346051, 0.000453754561022, 0.000241494461079, 0.00013661441335, 0.000105127306597, 9.59841127042e-05, 7.3558789154e-05, 5.02481270814e-05, 3.0508130294e-05, 3.28628448187e-05, 2.55230370385e-05, 1.98799571081e-05, 2.79300802504e-05, 3.12140437018e-05, 4.60826704511e-05, 3.42478233506e-05, 3.41236627719e-05, 2.2594769689e-05, 1.34421793518e-06, 2.06332003927e-07, 1.01161724331e-07, 9.39853137538e-08, 5.64260416169e-09, 1.04930994449e-10],
        "median": [2.43930191601e-08, 9.04845364857e-06, 6.57152122585e-05, 0.000106233288534, 0.000353219686076, 0.000184177726624, 8.70219737408e-05, 4.17403025494e-05, 4.50824009022e-05, 4.5057204261e-05, 2.74238482234e-05, 1.51500507855e-05, 1.16028259072e-05, 9.75978946371e-06, 8.36301387608e-06, 8.85535791895e-06, 1.01585073935e-05, 1.09495549623e-05, 1.26960376292e-05, 1.09949423859e-05, 4.51705363957e-06, 7.16941826795e-07, 9.60292894092e-08, 4.02393176557e-08, 3.09285113076e-08, 1.34358624226e-09, 5.10554688804e-11],
        "min": [1.00704597439e-10, 2.85094952091e-08, 1.88154842817e-07, 3.64269766351e-07, 1.52263839936e-06, 1.12153099963e-06, 2.59482703768e-07, 1.10586086066e-07, 5.05144612362e-07, 4.23624015866e-08, 7.50208641875e-08, 3.99449149313e-08, 6.28663059388e-08, 2.84180945442e-08, 5.37817967938e-08, 2.22072067402e-08, 5.13971230021e-08, 3.04559861775e-08, 1.36675737394e-08, 3.01434326389e-08, 1.31360184952e-08, 1.43765266358e-09, 2.17363141375e-10, 1.21953405707e-10, 7.71872010752e-11, 2.27285586185e-11, 4.2663724116e-12],
        "skew": [7.85883569717, 8.39895915985, 4.76415967941, 7.70837306976, 3.23079919815, 4.94555425644, 6.31409025192, 7.89925956726, 7.15723419189, 7.5592083931, 7.10736608505, 7.5575594902, 8.52632427216, 9.00113964081, 7.01162481308, 5.6374168396, 4.5033416748, 3.93481135368, 5.80377388, 4.02181196213, 3.63507080078, 7.45436477661, 5.86025285721, 4.8764629364, 6.99903345108, 9.4177274704, 42.0120315552],
        "var": [4.46556718469e-14, 1.47458898425e-08, 1.97741041319e-08, 6.27906615591e-08, 1.50638570062e-07, 5.39812532452e-08, 4.77608139704e-08, 1.07613161049e-07, 5.50702488056e-08, 1.72623888517e-08, 8.65442384423e-09, 5.40066213972e-09, 1.36086892866e-08, 6.31572305565e-09, 2.58609356152e-09, 5.69586555699e-09, 5.04310682103e-09, 1.05529878169e-08, 8.63264304485e-09, 4.24167856394e-09, 2.44639974945e-09, 7.76527800395e-12, 1.74191241401e-13, 4.20374184681e-14, 6.20120748913e-14, 4.11598190664e-16, 3.64449082898e-19],
        "cov": [[4.46757329753e-14, -5.54367309165e-14, 7.93306067538e-13, -7.48219980981e-14, 1.60790163736e-12, 3.3314323522e-13, -1.36595400789e-12, -1.80439528336e-12, -7.34842742212e-13, -6.35164799445e-14, 1.17645951032e-13, 4.55991242486e-14, -3.58187736199e-13, -1.54699536059e-13, -1.15163155162e-13, -6.54285856722e-14, -2.93423380211e-13, -1.66972121893e-12, -5.58650077153e-13, -3.02662056658e-13, -5.08017402017e-13, 2.29661167538e-15, -6.7757992981e-16, -2.65505044885e-16, -9.89707918044e-16, -1.01197315844e-16, -1.84442419466e-19], [-5.54367309165e-14, 1.47525138772e-08, 9.81654935117e-09, 1.17866640892e-08, 1.57581538929e-08, 8.72751027003e-09, 1.42627625266e-08, 2.00280165785e-08, 9.12989683854e-09, 5.47910561366e-09, 2.97920776937e-09, 1.82713444374e-09, 2.10065276285e-09, 1.98621985525e-09, 2.03206163008e-09, 2.44827380591e-09, 2.95022317687e-09, 4.6775157081e-09, 5.7159206257e-09, 2.51395970707e-09, 7.42439221213e-10, 9.61767956942e-11, 1.80763529145e-11, 1.27241880227e-11, 1.11504330075e-11, 7.55303914031e-13, 7.15711330804e-15], [7.93306067538e-13, 9.81654935117e-09, 1.97829876925e-08, 8.97034801994e-09, 1.7592199697e-08, 1.06805098099e-08, 1.32592168356e-08, 1.45672940377e-08, 1.01264685526e-08, 6.16963813371e-09, 4.39307346056e-09, 3.18921067333e-09, 3.87844689698e-09, 2.81830803139e-09, 2.16352180615e-09, 3.07436809344e-09, 2.6888733462e-09, 2.98896463136e-09, 4.98256813586e-09, 2.37164066164e-09, 5.50879453165e-10, 9.56844395383e-11, 1.5329244818e-11, 1.03401115795e-11, 9.69768883252e-12, 6.94788952933e-13, 4.82760922573e-15], [-7.48219980981e-14, 1.17866640892e-08, 8.97034801994e-09, 6.28188701057e-08, 3.60620582285e-08, 1.61794737608e-08, 1.83867800985e-08, 2.64773873937e-08, 1.85834014843e-08, 1.09443023533e-08, 6.18410256337e-09, 4.99565766532e-09, 9.33410770898e-09, 7.07021330371e-09, 4.82698681026e-09, 7.71151675849e-09, 7.57295826048e-09, 8.68615046556e-09, 1.15112408494e-08, 5.90542814649e-09, 1.71246528069e-09, 2.62435934095e-10, 4.97642378694e-11, 2.32337812184e-11, 2.76145599443e-11, 1.87987125866e-12, 1.18092994693e-14], [1.60790163736e-12, 1.57581538929e-08, 1.7592199697e-08, 3.60620582285e-08, 1.50706242152e-07, 3.6204397702e-08, 3.40110588581e-08, 5.55666908042e-08, 4.4282518985e-08, 2.34821193601e-08, 1.639705971e-08, 1.26677228707e-08, 2.13599413712e-08, 1.43432625777e-08, 9.16362452585e-09, 1.39453568693e-08, 1.23596475277e-08, 1.16212701684e-08, 1.80325319121e-08, 1.03844399746e-08, 3.58658702737e-09, 5.02393571189e-10, 7.72571243091e-11, 4.17766168881e-11, 4.62059453199e-11, 3.74255878025e-12, 2.2391632751e-14], [3.3314323522e-13, 8.72751027003e-09, 1.06805098099e-08, 1.61794737608e-08, 3.6204397702e-08, 5.40055040688e-08, 2.55012668759e-08, 3.21227950906e-08, 2.97455766685e-08, 1.56646997596e-08, 1.11843831974e-08, 9.22424892025e-09, 1.50426266998e-08, 1.06454569604e-08, 6.29062535396e-09, 9.60613455447e-09, 8.16952550053e-09, 8.021695308e-09, 1.22286714088e-08, 6.77317490982e-09, 2.33848163056e-09, 3.75766529004e-10, 5.43662545538e-11, 2.74407510603e-11, 3.33510580264e-11, 2.46358966213e-12, 1.57886348445e-14], [-1.36595400789e-12, 1.42627625266e-08, 1.32592168356e-08, 1.83867800985e-08, 3.40110588581e-08, 2.55012668759e-08, 4.77822688083e-08, 4.23133421634e-08, 3.14303392202e-08, 1.76991132861e-08, 1.07009441308e-08, 8.01501887082e-09, 1.2134786509e-08, 8.29514323897e-09, 6.07517147699e-09, 1.00612691512e-08, 8.85593109956e-09, 1.00728874131e-08, 1.41855629465e-08, 7.76554021087e-09, 2.42354536439e-09, 3.31453531288e-10, 5.58530964534e-11, 3.24398702345e-11, 3.60949603539e-11, 2.59425705744e-12, 1.85180460511e-14], [-1.80439528336e-12, 2.00280165785e-08, 1.45672940377e-08, 2.64773873937e-08, 5.55666908042e-08, 3.21227950906e-08, 4.23133421634e-08, 1.07661499271e-07, 5.27380663584e-08, 2.72921596434e-08, 1.89182092214e-08, 1.42618654664e-08, 2.27241656603e-08, 1.58837263342e-08, 1.10144089405e-08, 1.50004400012e-08, 1.24452155248e-08, 1.64737183894e-08, 2.3587707787e-08, 1.2671438121e-08, 4.165470191e-09, 5.90955118174e-10, 8.99695318246e-11, 5.11455391927e-11, 6.1817682917e-11, 4.66380753461e-12, 3.20734683658e-14], [-7.34842742212e-13, 9.12989683854e-09, 1.01264685526e-08, 1.85834014843e-08, 4.4282518985e-08, 2.97455766685e-08, 3.14303392202e-08, 5.27380663584e-08, 5.50949899036e-08, 2.14110418284e-08, 1.4406664306e-08, 1.24630350484e-08, 2.06097023892e-08, 1.44829295223e-08, 8.5506153269e-09, 1.20840617512e-08, 9.88991732953e-09, 1.0279002538e-08, 1.64751465803e-08, 9.45650668882e-09, 3.45168449378e-09, 4.8553339127e-10, 7.25496190901e-11, 3.70682165518e-11, 4.61643535898e-11, 3.60743769925e-12, 2.31730799371e-14], [-6.35164799445e-14, 5.47910561366e-09, 6.16963813371e-09, 1.09443023533e-08, 2.34821193601e-08, 1.56646997596e-08, 1.76991132861e-08, 2.72921596434e-08, 2.14110418284e-08, 1.72701444257e-08, 8.93084450837e-09, 6.50148246351e-09, 1.04485282648e-08, 7.52221129829e-09, 4.39534275642e-09, 6.45630393592e-09, 5.32928767782e-09, 5.91567816954e-09, 8.91195828245e-09, 5.03252728379e-09, 1.64271130032e-09, 2.62986465938e-10, 3.86226918503e-11, 1.94238843759e-11, 2.37756463822e-11, 1.89387329604e-12, 1.17678177248e-14], [1.17645951032e-13, 2.97920776937e-09, 4.39307346056e-09, 6.18410256337e-09, 1.639705971e-08, 1.11843831974e-08, 1.07009441308e-08, 1.89182092214e-08, 1.4406664306e-08, 8.93084450837e-09, 8.65831228936e-09, 5.14432274556e-09, 7.68884156344e-09, 5.69597968791e-09, 3.23118864998e-09, 4.51298776127e-09, 3.57227092351e-09, 3.70767860858e-09, 5.8901790112e-09, 3.34539840274e-09, 1.05491715363e-09, 1.84964973893e-10, 2.46498377265e-11, 1.25017479008e-11, 1.56998580803e-11, 1.26960128608e-12, 8.11671778102e-15], [4.55991242486e-14, 1.82713444374e-09, 3.18921067333e-09, 4.99565766532e-09, 1.26677228707e-08, 9.22424892025e-09, 8.01501887082e-09, 1.42618654664e-08, 1.24630350484e-08, 6.50148246351e-09, 5.14432274556e-09, 5.40308819907e-09, 6.27818685928e-09, 4.72613237434e-09, 2.4659880804e-09, 3.80881504114e-09, 2.88823831518e-09, 2.9714073424e-09, 4.84421924796e-09, 2.63687960356e-09, 9.09217257039e-10, 1.49801573923e-10, 2.08387664763e-11, 1.02606378255e-11, 1.28208008446e-11, 1.01954957064e-12, 6.50300482002e-15], [-3.58187736199e-13, 2.10065276285e-09, 3.87844689698e-09, 9.33410770898e-09, 2.13599413712e-08, 1.50426266998e-08, 1.2134786509e-08, 2.27241656603e-08, 2.06097023892e-08, 1.04485282648e-08, 7.68884156344e-09, 6.27818685928e-09, 1.36148035068e-08, 7.21730941677e-09, 4.3309578146e-09, 6.32180086058e-09, 4.90132068265e-09, 4.68480543248e-09, 7.45779171751e-09, 4.5997867737e-09, 1.61049595881e-09, 2.6173624379e-10, 3.58655154187e-11, 1.67901595405e-11, 2.16815454479e-11, 1.73308611386e-12, 1.02050681951e-14], [-1.54699536059e-13, 1.98621985525e-09, 2.81830803139e-09, 7.07021330371e-09, 1.43432625777e-08, 1.06454569604e-08, 8.29514323897e-09, 1.58837263342e-08, 1.44829295223e-08, 7.52221129829e-09, 5.69597968791e-09, 4.72613237434e-09, 7.21730941677e-09, 6.31856034161e-09, 2.96846658365e-09, 4.10971967568e-09, 3.35048810918e-09, 3.51818729705e-09, 5.4909037317e-09, 3.07752889839e-09, 1.11460840557e-09, 1.78059053613e-10, 2.52353589414e-11, 1.1900339221e-11, 1.54700436489e-11, 1.30590438636e-12, 7.70465658097e-15], [-1.15163155162e-13, 2.03206163008e-09, 2.16352180615e-09, 4.82698681026e-09, 9.16362452585e-09, 6.29062535396e-09, 6.07517147699e-09, 1.10144089405e-08, 8.5506153269e-09, 4.39534275642e-09, 3.23118864998e-09, 2.4659880804e-09, 4.3309578146e-09, 2.96846658365e-09, 2.58725529889e-09, 2.75510836367e-09, 2.3755049039e-09, 2.53820475749e-09, 3.52243745283e-09, 2.17602202923e-09, 7.24696358478e-10, 1.1021625973e-10, 1.65337240426e-11, 8.18939100561e-12, 9.53052307212e-12, 7.74077850429e-13, 4.76764352823e-15], [-6.54285856722e-14, 2.44827380591e-09, 3.07436809344e-09, 7.71151675849e-09, 1.39453568693e-08, 9.60613455447e-09, 1.00612691512e-08, 1.50004400012e-08, 1.20840617512e-08, 6.45630393592e-09, 4.51298776127e-09, 3.80881504114e-09, 6.32180086058e-09, 4.10971967568e-09, 2.75510836367e-09, 5.69842439901e-09, 4.38406466685e-09, 3.66553853937e-09, 5.36080468905e-09, 3.17688808593e-09, 1.09549780358e-09, 1.60792851256e-10, 2.54089926183e-11, 1.21617238849e-11, 1.44724935161e-11, 1.15008621116e-12, 7.09714633999e-15], [-2.93423380211e-13, 2.95022317687e-09, 2.6888733462e-09, 7.57295826048e-09, 1.23596475277e-08, 8.16952550053e-09, 8.85593109956e-09, 1.24452155248e-08, 9.88991732953e-09, 5.32928767782e-09, 3.57227092351e-09, 2.88823831518e-09, 4.90132068265e-09, 3.35048810918e-09, 2.3755049039e-09, 4.38406466685e-09, 5.04537256418e-09, 4.56311077812e-09, 4.61581795008e-09, 2.50371900989e-09, 9.60398649497e-10, 1.30342514559e-10, 2.12979234943e-11, 1.04819833369e-11, 1.15513935223e-11, 8.68084358736e-13, 5.62190039598e-15], [-1.66972121893e-12, 4.6775157081e-09, 2.98896463136e-09, 8.68615046556e-09, 1.16212701684e-08, 8.021695308e-09, 1.00728874131e-08, 1.64737183894e-08, 1.0279002538e-08, 5.91567816954e-09, 3.70767860858e-09, 2.9714073424e-09, 4.68480543248e-09, 3.51818729705e-09, 2.53820475749e-09, 3.66553853937e-09, 4.56311077812e-09, 1.05577280252e-08, 5.82420689454e-09, 2.79786016577e-09, 1.03710706689e-09, 1.37713673798e-10, 2.31011269142e-11, 1.163399585e-11, 1.29452950096e-11, 9.76443643823e-13, 6.40455756869e-15], [-5.58650077153e-13, 5.7159206257e-09, 4.98256813586e-09, 1.15112408494e-08, 1.80325319121e-08, 1.22286714088e-08, 1.41855629465e-08, 2.3587707787e-08, 1.64751465803e-08, 8.91195828245e-09, 5.8901790112e-09, 4.84421924796e-09, 7.45779171751e-09, 5.4909037317e-09, 3.52243745283e-09, 5.36080468905e-09, 4.61581795008e-09, 5.82420689454e-09, 8.63652083183e-09, 4.08484668313e-09, 1.36275712936e-09, 2.1013837892e-10, 3.28723125109e-11, 1.71198333287e-11, 2.05587404739e-11, 1.53737320183e-12, 1.04364521853e-14], [-3.02662056658e-13, 2.51395970707e-09, 2.37164066164e-09, 5.90542814649e-09, 1.03844399746e-08, 6.77317490982e-09, 7.76554021087e-09, 1.2671438121e-08, 9.45650668882e-09, 5.03252728379e-09, 3.34539840274e-09, 2.63687960356e-09, 4.5997867737e-09, 3.07752889839e-09, 2.17602202923e-09, 3.17688808593e-09, 2.50371900989e-09, 2.79786016577e-09, 4.08484668313e-09, 4.24358415074e-09, 2.09779771332e-09, 1.196980709e-10, 1.88470784118e-11, 9.58348157776e-12, 1.1429984563e-11, 9.23001692438e-13, 5.20421277958e-15], [-5.08017402017e-13, 7.42439221213e-10, 5.50879453165e-10, 1.71246528069e-09, 3.58658702737e-09, 2.33848163056e-09, 2.42354536439e-09, 4.165470191e-09, 3.45168449378e-09, 1.64271130032e-09, 1.05491715363e-09, 9.09217257039e-10, 1.61049595881e-09, 1.11460840557e-09, 7.24696358478e-10, 1.09549780358e-09, 9.60398649497e-10, 1.03710706689e-09, 1.36275712936e-09, 2.09779771332e-09, 2.44749864819e-09, 4.15340019322e-11, 6.52032984896e-12, 3.27979570586e-12, 3.98734214049e-12, 3.18410418474e-13, 1.71212124881e-15], [2.29661167538e-15, 9.61767956942e-11, 9.56844395383e-11, 2.62435934095e-10, 5.02393571189e-10, 3.75766529004e-10, 3.31453531288e-10, 5.90955118174e-10, 4.8553339127e-10, 2.62986465938e-10, 1.84964973893e-10, 1.49801573923e-10, 2.6173624379e-10, 1.78059053613e-10, 1.1021625973e-10, 1.60792851256e-10, 1.30342514559e-10, 1.37713673798e-10, 2.1013837892e-10, 1.196980709e-10, 4.15340019322e-11, 7.76876653286e-12, 1.02895155504e-12, 4.86378786638e-13, 6.05256188051e-13, 4.69471534673e-14, 2.9173064077e-16], [-6.7757992981e-16, 1.80763529145e-11, 1.5329244818e-11, 4.97642378694e-11, 7.72571243091e-11, 5.43662545538e-11, 5.58530964534e-11, 8.99695318246e-11, 7.25496190901e-11, 3.86226918503e-11, 2.46498377265e-11, 2.08387664763e-11, 3.58655154187e-11, 2.52353589414e-11, 1.65337240426e-11, 2.54089926183e-11, 2.12979234943e-11, 2.31011269142e-11, 3.28723125109e-11, 1.88470784118e-11, 6.52032984896e-12, 1.02895155504e-12, 1.74269493692e-13, 7.79705144308e-14, 9.22792997072e-14, 7.3033255943e-15, 4.43580368042e-17], [-2.65505044885e-16, 1.27241880227e-11, 1.03401115795e-11, 2.32337812184e-11, 4.17766168881e-11, 2.74407510603e-11, 3.24398702345e-11, 5.11455391927e-11, 3.70682165518e-11, 1.94238843759e-11, 1.25017479008e-11, 1.02606378255e-11, 1.67901595405e-11, 1.1900339221e-11, 8.18939100561e-12, 1.21617238849e-11, 1.04819833369e-11, 1.163399585e-11, 1.71198333287e-11, 9.58348157776e-12, 3.27979570586e-12, 4.86378786638e-13, 7.79705144308e-14, 4.20563039147e-14, 4.7210069106e-14, 3.63615997663e-15, 2.34406706683e-17], [-9.89707918044e-16, 1.11504330075e-11, 9.69768883252e-12, 2.76145599443e-11, 4.62059453199e-11, 3.33510580264e-11, 3.60949603539e-11, 6.1817682917e-11, 4.61643535898e-11, 2.37756463822e-11, 1.56998580803e-11, 1.28208008446e-11, 2.16815454479e-11, 1.54700436489e-11, 9.53052307212e-12, 1.44724935161e-11, 1.15513935223e-11, 1.29452950096e-11, 2.05587404739e-11, 1.1429984563e-11, 3.98734214049e-12, 6.05256188051e-13, 9.22792997072e-14, 4.7210069106e-14, 6.20399321109e-14, 4.66787109386e-15, 2.81699434717e-17], [-1.01197315844e-16, 7.55303914031e-13, 6.94788952933e-13, 1.87987125866e-12, 3.74255878025e-12, 2.46358966213e-12, 2.59425705744e-12, 4.66380753461e-12, 3.60743769925e-12, 1.89387329604e-12, 1.26960128608e-12, 1.01954957064e-12, 1.73308611386e-12, 1.30590438636e-12, 7.74077850429e-13, 1.15008621116e-12, 8.68084358736e-13, 9.76443643823e-13, 1.53737320183e-12, 9.23001692438e-13, 3.18410418474e-13, 4.69471534673e-14, 7.3033255943e-15, 3.63615997663e-15, 4.66787109386e-15, 4.11783108544e-16, 2.57149317978e-18], [-1.84442419466e-19, 7.15711330804e-15, 4.82760922573e-15, 1.18092994693e-14, 2.2391632751e-14, 1.57886348445e-14, 1.85180460511e-14, 3.20734683658e-14, 2.31730799371e-14, 1.17678177248e-14, 8.11671778102e-15, 6.50300482002e-15, 1.02050681951e-14, 7.70465658097e-15, 4.76764352823e-15, 7.09714633999e-15, 5.62190039598e-15, 6.40455756869e-15, 1.04364521853e-14, 5.20421277958e-15, 1.71212124881e-15, 2.9173064077e-16, 4.43580368042e-17, 2.34406706683e-17, 2.81699434717e-17, 2.57149317978e-18, 3.64612787111e-19]]
    },
    "mfcc": {
        "kurt": [7.81681251526, 0.980370283127, 1.86114597321, 0.160200357437, -0.327322006226, 0.56852722168, 0.503793478012, 1.16664552689, 0.0735692977905, 0.286463975906, 0.760023117065, 0.31992316246, 0.136226177216],
        "max": [-626.565917969, 203.928009033, 33.4920387268, 72.4543914795, 10.477645874, 8.92557525635, 34.448097229, 12.7737674713, 20.8174819946, 15.2014122009, 13.4380874634, 16.0851821899, 9.24124908447],
        "mean": [-800.579345703, 168.150405884, -35.7906608582, 42.4123878479, -17.576385498, -14.9637002945, 3.79046750069, -15.6763648987, -3.66623044014, -12.0632286072, -12.4135389328, -8.42117404938, -8.90351200104],
        "median": [-807.706054688, 168.429077148, -34.5393486023, 42.1934394836, -17.7132530212, -14.3820304871, 3.46326065063, -15.3228759766, -3.87435913086, -12.2349395752, -12.0762233734, -9.04862976074, -8.66444778442],
        "min": [-1049.46691895, 90.2104873657, -85.6665115356, -2.88453292847, -46.1389694214, -44.2121391296, -23.9790992737, -50.6000823975, -21.4098587036, -35.9080200195, -41.8212089539, -28.272441864, -29.3394813538],
        "skew": [2.11153745651, -0.352872490883, -0.547773003578, -0.0508025251329, 0.0938946530223, -0.471822530031, 0.18997630477, -0.449457496405, 0.266111344099, 0.123561553657, -0.256951421499, 0.469643861055, -0.168701171875],
        "var": [1373.87841797, 165.998336792, 140.018753052, 102.629615784, 84.0777587891, 51.4902496338, 52.5953903198, 60.6426467896, 39.6509590149, 49.7614135742, 54.2578544617, 44.5143928528, 30.0876522064],
        "cov": [[1374.49560547, -140.492111206, -295.948547363, 126.466041565, -54.924156189, 3.09188628197, -26.9255599976, 43.0112571716, 49.767665863, 61.4548225403, 74.5764389038, 36.1376266479, 37.3089675903], [-140.492111206, 166.072921753, 55.065864563, -58.3172035217, 59.6091003418, 21.2778072357, 23.0885238647, 0.211040079594, 7.77081918716, 18.3842105865, -4.67358875275, 5.11652088165, 0.677023231983], [-295.948547363, 55.065864563, 140.08164978, -21.5119094849, 25.207069397, 12.0530090332, 12.3707551956, -15.8288002014, -5.01589870453, 6.56982803345, -18.0668067932, -8.44828414917, 0.379707157612], [126.466041565, -58.3172035217, -21.5119094849, 102.675720215, -5.99559926987, -9.92289733887, 0.658989965916, 4.60210514069, 12.0570402145, -1.60816586018, -1.70228242874, 15.526052475, 2.00736117363], [-54.924156189, 59.6091003418, 25.207069397, -5.99559926987, 84.1155319214, 10.1907424927, -1.69521462917, 26.4028015137, 2.15175700188, 4.70345306396, 15.445807457, 5.30289506912, 1.10821723938], [3.09188628197, 21.2778072357, 12.0530090332, -9.92289733887, 10.1907424927, 51.513381958, 21.0110721588, -8.37932682037, 13.1620159149, 16.4762859344, -9.46479415894, -2.07766580582, 11.6146650314], [-26.9255599976, 23.0885238647, 12.3707551956, 0.658989965916, -1.69521462917, 21.0110721588, 52.6190185547, -4.57542610168, 8.47322654724, 15.5795497894, -8.79484558105, 14.2501497269, -1.53774678707], [43.0112571716, 0.211040079594, -15.8288002014, 4.60210514069, 26.4028015137, -8.37932682037, -4.57542610168, 60.6698875427, 2.82470607758, -10.7272510529, 31.4015159607, -9.24617290497, -2.98180937767], [49.767665863, 7.77081918716, -5.01589870453, 12.0570402145, 2.15175700188, 13.1620159149, 8.47322654724, 2.82470607758, 39.6687736511, 28.0572566986, -8.59452342987, 12.446023941, 9.54705047607], [61.4548225403, 18.3842105865, 6.56982803345, -1.60816586018, 4.70345306396, 16.4762859344, 15.5795497894, -10.7272510529, 28.0572566986, 49.7837715149, 3.5763001442, 14.3095846176, 13.2166776657], [74.5764389038, -4.67358875275, -18.0668067932, -1.70228242874, 15.445807457, -9.46479415894, -8.79484558105, 31.4015159607, -8.59452342987, 3.5763001442, 54.2822303772, 2.857421875, -0.211341142654], [36.1376266479, 5.11652088165, -8.44828414917, 15.526052475, 5.30289506912, -2.07766580582, 14.2501497269, -9.24617290497, 12.446023941, 14.3095846176, 2.857421875, 44.5343894958, 9.99610900879], [37.3089675903, 0.677023231983, 0.379707157612, 2.00736117363, 1.10821723938, 11.6146650314, -1.53774678707, -2.98180937767, 9.54705047607, 13.2166776657, -0.211341142654, 9.99610900879, 30.1011695862]]
    },
    "sccoeffs": {
        "kurt": [-0.0450022220612, 0.0843784809113, 0.492396593094, 1.84204816818, 0.676261901855, 6.14739704132],
        "max": [-0.401362895966, -0.608498692513, -0.665172815323, -0.721946954727, -0.700278460979, -0.743543922901],
        "mean": [-0.619536280632, -0.787115514278, -0.828552246094, -0.846409738064, -0.835608005524, -0.796564340591],
        "median": [-0.618965387344, -0.790075004101, -0.830156803131, -0.84948861599, -0.846164941788, -0.797481358051],
        "min": [-0.831251740456, -0.906271457672, -0.913295328617, -0.919553816319, -0.900616943836, -0.939776301384],
        "skew": [0.0166902001947, 0.342180848122, 0.382001519203, 0.957971394062, 1.12899291515, -0.00253143464215],
        "var": [0.00347541389056, 0.00207497552037, 0.00096469296841, 0.000604180211667, 0.00108137307689, 0.000187052544788],
        "cov": [[0.00347697502002, 0.000114742571895, 9.72148918663e-05, -2.55621253018e-05, -2.39089367824e-05, 8.49995703902e-05], [0.000114742571895, 0.00207590777427, 7.21988108126e-05, 6.51335649309e-05, 0.000105922415969, 3.14257886203e-05], [9.72148918663e-05, 7.21988108126e-05, 0.000965126324445, 0.000119402269775, 8.92845637281e-05, 7.58711612434e-05], [-2.55621253018e-05, 6.51335649309e-05, 0.000119402269775, 0.00060445163399, 0.000153056360432, 0.00010097015911], [-2.39089367824e-05, 0.000105922415969, 8.92845637281e-05, 0.000153056360432, 0.00108185887802, 0.000109657688881], [8.49995703902e-05, 3.14257886203e-05, 7.58711612434e-05, 0.00010097015911, 0.000109657688881, 0.000187136567547]]
    },
    "scvalleys": {
        "kurt": [0.617131948471, 3.63582897186, 5.16530609131, 6.62510585785, 3.75321435928, 1.68213319778],
        "max": [-5.34235954285, -4.44996070862, -4.97962427139, -5.68226861954, -6.15955734253, -9.30767631531],
        "mean": [-7.17213392258, -6.34164333344, -6.920317173, -7.72439432144, -8.14085102081, -11.1580066681],
        "median": [-7.19934797287, -6.37567234039, -6.97356510162, -7.80202388763, -8.19030475616, -11.2555646896],
        "min": [-9.89291858673, -9.00179290771, -9.74635601044, -10.6579580307, -10.9928693771, -14.185464859],
        "skew": [0.10529679805, 0.714146316051, 1.20105230808, 1.76784181595, 1.13743579388, 0.819007515907],
        "var": [0.28878057003, 0.164065644145, 0.154430449009, 0.177936658263, 0.227132931352, 0.26035630703],
        "cov": [[0.28891029954, 0.0703439563513, 0.0679128542542, 0.0951925069094, 0.0795865282416, 0.0619784779847], [0.0703439563513, 0.164139345288, 0.0832409709692, 0.103445984423, 0.108045823872, 0.0978376492858], [0.0679128542542, 0.0832409709692, 0.154499813914, 0.11965354532, 0.117361478508, 0.106096893549], [0.0951925069094, 0.103445984423, 0.11965354532, 0.178016602993, 0.15378639102, 0.139545440674], [0.0795865282416, 0.108045823872, 0.117361478508, 0.15378639102, 0.227234974504, 0.219054624438], [0.0619784779847, 0.0978376492858, 0.106096893549, 0.139545440674, 0.219054624438, 0.260473251343]]
    }
},
"rhythm": {
    "beats_loudness": {
        "kurt": 20.9987621307,
        "max": 0.0125351799652,
        "mean": 0.00168793613557,
        "median": 0.00117233151104,
        "min": 0.000644430750981,
        "skew": 4.54098320007,
        "var": 3.75923627871e-06
    },
    "bpm": 99.9918746948,
    "confidence": 0.0943927764893,
    "first_peak_bpm": {
        "kurt": 0,
        "max": 99,
        "mean": 99,
        "median": 99,
        "min": 99,
        "skew": 0,
        "var": 0
    },
    "first_peak_spread": {
        "kurt": 0,
        "max": 0.407407402992,
        "mean": 0.407407402992,
        "median": 0.407407402992,
        "min": 0.407407402992,
        "skew": 0,
        "var": 0
    },
    "first_peak_weight": {
        "kurt": 0,
        "max": 0.161616161466,
        "mean": 0.161616161466,
        "median": 0.161616161466,
        "min": 0.161616161466,
        "skew": 0,
        "var": 0
    },
    "onset_rate": 0.15481968224,
    "second_peak_bpm": {
        "kurt": 0,
        "max": 108,
        "mean": 108,
        "median": 108,
        "min": 108,
        "skew": 0,
        "var": 0
    },
    "second_peak_spread": {
        "kurt": 0,
        "max": 0.625,
        "mean": 0.625,
        "median": 0.625,
        "min": 0.625,
        "skew": 0,
        "var": 0
    },
    "second_peak_weight": {
        "kurt": 0,
        "max": 0.0909090936184,
        "mean": 0.0909090936184,
        "median": 0.0909090936184,
        "min": 0.0909090936184,
        "skew": 0,
        "var": 0
    },
    "beats_loudness_band_ratio": {
        "kurt": [0.010502576828, -0.864839076996, 1.17220878601, 2.5571103096, 11.2992296219, 4.72495317459],
        "max": [0.619273364544, 0.674897670746, 0.498481035233, 0.2926184237, 0.503651082516, 0.27429240942],
        "mean": [0.24040222168, 0.424747347832, 0.197579413652, 0.0979512035847, 0.0687644854188, 0.0473678857088],
        "median": [0.223367214203, 0.419104009867, 0.182642534375, 0.0848659798503, 0.0396443046629, 0.0242471732199],
        "min": [0.0661655589938, 0.126046746969, 0.074657201767, 0.0192950330675, 0.00788690708578, 0.00675624003634],
        "skew": [0.709108650684, -0.038275975734, 1.03347945213, 1.45977675915, 3.13861751556, 2.30330204964],
        "var": [0.0145074054599, 0.0205279570073, 0.00663227122277, 0.00229869363829, 0.00618876237422, 0.00327598676085],
        "cov": [[0.0146554401144, -0.00502980081365, -0.00283217895776, -0.00189414387569, -0.002028523013, -0.000793372630142], [-0.00502980081365, 0.0207374263555, -0.00430387211964, -0.00244856672361, -0.00521492166445, -0.00268499646336], [-0.00283217895776, -0.00430387211964, 0.0066999476403, 0.00162659003399, -0.000426933896961, -0.00036510580685], [-0.00189414387569, -0.00244856672361, 0.00162659003399, 0.00232214969583, 0.000222523522098, 5.78846447752e-05], [-0.002028523013, -0.00521492166445, -0.000426933896961, 0.000222523522098, 0.0062519130297, 0.000155789035489], [-0.000793372630142, -0.00268499646336, -0.00036510580685, 5.78846447752e-05, 0.000155789035489, 0.00330941542052]]
    },
    "beats_position": [0.406349211931, 0.812698423862, 1.23065757751, 1.64861679077, 2.06657600403, 2.47292518616, 2.87927436829, 3.27401351929, 3.66875267029, 4.06349182129, 4.446621418, 4.82975053787, 5.22448968887, 5.59600877762, 6.01396799088, 6.43192720413, 6.84988641739, 7.27945566177, 7.70902490616, 8.13859367371, 8.54494285583, 8.96290206909, 9.38086128235, 9.82204055786, 10.2632198334, 10.7043991089, 11.1339683533, 11.5751476288, 12.0743761063, 12.5619955063, 13.0496139526, 13.5372333527, 14.0480718613, 14.5356912613, 15.0233106613, 15.5109291077, 16.0101585388, 16.5790481567, 17.1363258362, 17.7052154541, 18.2741031647, 18.8546028137, 19.4351024628, 19.9923801422, 20.549659729, 21.1069393158, 21.6642169952, 22.2447166443, 22.8368244171, 23.405714035, 23.9629936218, 24.5318813324, 25.1239910126, 25.7277088165, 26.3198184967, 26.9119262695, 27.5040359497, 28.0845336914, 28.6998634338, 29.3151912689, 29.9305210114, 30.5342407227, 31.1379585266, 31.6836280823, 32.2292976379, 32.7285270691, 33.2277526855, 33.7385940552, 34.2494316101, 34.7370529175, 35.2362823486, 35.7355079651, 36.2347373962, 36.7339668274, 37.244808197, 37.7672538757, 38.2897033691, 38.8353729248, 39.3810424805, 39.9151000977, 40.4723815918, 41.006439209, 41.5637168884, 42.1093864441, 42.6550559998, 43.2239456177, 43.7696151733, 44.3268928528, 44.9306106567, 45.5343284607, 46.1380500793, 46.7649879456, 47.3687057495, 47.9724235535, 48.5761451721, 49.1798629761, 49.7719726562, 50.3756904602, 50.9910202026, 51.5947380066],
    "bpm_estimates": [103.359237671, 103.359237671, 103.359237671, 101.332901001, 101.332580566, 99.3841781616, 101.332580566, 101.332901001, 101.332580566, 103.359573364, 97.5086975098, 97.5089950562, 97.5086975098, 99.3838653564, 99.3841781616, 99.3841781616, 99.3841781616, 99.3835525513, 95.7032623291, 99.3841781616, 99.3841781616, 99.3835525513, 99.3841781616, 101.332580566, 99.3841781616, 97.5086975098, 99.3841781616],
    "bpm_intervals": [0.406349211931, 0.417959153652, 0.417959213257, 0.417959213257, 0.406349182129, 0.406349182129, 0.394739151001, 0.394739151001, 0.394739151001, 0.38312959671, 0.383129119873, 0.394739151001, 0.371519088745, 0.417959213257, 0.417959213257, 0.417959213257, 0.429569244385, 0.429569244385, 0.429568767548, 0.406349182129, 0.417959213257, 0.417959213257, 0.441179275513, 0.441179275513, 0.441179275513, 0.429569244385, 0.441179275513, 0.499228477478, 0.487619400024, 0.48761844635, 0.487619400024, 0.510838508606, 0.487619400024, 0.487619400024, 0.48761844635, 0.499229431152, 0.56888961792, 0.557277679443, 0.56888961792, 0.568887710571, 0.580499649048, 0.580499649048, 0.557277679443, 0.557279586792, 0.557279586792, 0.557277679443, 0.580499649048, 0.592107772827, 0.56888961792, 0.557279586792, 0.568887710571, 0.592109680176, 0.603717803955, 0.592109680176, 0.592107772827, 0.592109680176, 0.580497741699, 0.615329742432, 0.615327835083, 0.615329742432, 0.603719711304, 0.603717803955, 0.545669555664, 0.545669555664, 0.499229431152, 0.499225616455, 0.510841369629, 0.510837554932, 0.487621307373, 0.499229431152, 0.499225616455, 0.499229431152, 0.499229431152, 0.510841369629, 0.522445678711, 0.522449493408, 0.545669555664, 0.545669555664, 0.534057617188, 0.557281494141, 0.534057617188, 0.557277679443, 0.545669555664, 0.545669555664, 0.56888961792, 0.545669555664, 0.557277679443, 0.603717803955, 0.603717803955, 0.603721618652, 0.626937866211, 0.603717803955, 0.603717803955, 0.603721618652, 0.603717803955, 0.592109680176, 0.603717803955, 0.615329742432, 0.603717803955],
    "onset_times": [0.0232199542224, 12.2717456818, 14.8839912415, 21.6990470886, 46.4631309509, 48.5877532959, 51.327709198, 51.6179580688],
    "histogram": [[0, 0, 0, 0, 0, 0, 0, 0, 0, 0, 0, 0, 0, 0, 0, 0, 0, 0, 0, 0, 0, 0, 0, 0, 0, 0, 0, 0, 0, 0, 0, 0, 0, 0, 0, 0, 0, 0, 0, 0, 0, 0, 0, 0, 0, 0, 0, 0, 0, 0, 0, 0, 0, 0, 0, 0, 0, 0, 0, 0, 0, 0, 0, 0, 0, 0, 0, 0, 0, 0, 0, 0, 0, 0, 0, 0, 0, 0, 0, 0, 0, 0, 0, 0, 0, 0, 0, 0, 0, 0, 0, 0, 0, 0, 0, 0, 0.0101010100916, 0, 0.0404040403664, 0.121212124825, 0, 0.0606060624123, 0, 0.0404040403664, 0, 0.0606060624123, 0, 0, 0.0909090936184, 0, 0.0707070678473, 0, 0.0202020201832, 0, 0, 0.0202020201832, 0, 0.0404040403664, 0, 0, 0.0808080807328, 0, 0, 0.0707070678473, 0, 0, 0, 0, 0, 0, 0, 0, 0, 0, 0, 0, 0.0404040403664, 0, 0, 0, 0.0404040403664, 0, 0, 0, 0.0808080807328, 0, 0, 0, 0.0404040403664, 0, 0, 0, 0.0404040403664, 0, 0, 0, 0, 0.0202020201832, 0, 0, 0, 0.0101010100916, 0, 0, 0, 0, 0, 0, 0, 0, 0, 0, 0, 0, 0, 0, 0, 0, 0, 0, 0, 0, 0, 0, 0, 0, 0, 0, 0, 0, 0, 0, 0, 0, 0, 0, 0, 0, 0, 0, 0, 0, 0, 0, 0, 0, 0, 0, 0, 0, 0, 0, 0, 0, 0, 0, 0, 0, 0, 0, 0, 0, 0, 0, 0, 0, 0, 0, 0, 0, 0, 0, 0, 0, 0, 0, 0, 0, 0, 0, 0, 0, 0, 0, 0, 0, 0, 0, 0, 0]]
},
"sfx": {
    "inharmonicity": {
        "kurt": 1.18334531784,
        "max": 0.421547293663,
        "mean": 0.0920859202743,
        "median": 0.0732097253203,
        "min": 0,
        "skew": 1.20266723633,
        "var": 0.00593273062259
    },
    "oddtoevenharmonicenergyratio": {
        "kurt": 125.29737854,
