{
"metadata": {
    "version": {
        "essentia": "2.1-beta3"
    }
},
"lowLevel": {
    "average_loudness": 0.669970631599,
    "barkbands_kurtosis": {
        "kurt": 14.0030612946,
        "max": 61.1426239014,
        "mean": 7.49224472046,
        "median": 6.66246366501,
        "min": -1.97032403946,
        "skew": 2.38053631783,
        "var": 52.2522468567
    },
    "barkbands_skewness": {
        "kurt": 1.99025774002,
        "max": 4.42003583908,
        "mean": 1.45914900303,
        "median": 2.13551092148,
        "min": -7.83325338364,
        "skew": -1.4403179884,
        "var": 4.41149616241
    },
    "barkbands_spread": {
        "kurt": 1.13278341293,
        "max": 51.453868866,
        "mean": 14.8155021667,
        "median": 10.3550720215,
        "min": 2.44900608063,
        "skew": 1.39713430405,
        "var": 104.373016357
    },
    "dissonance": {
        "kurt": 2.84329748154,
        "max": 0.497427791357,
        "mean": 0.459776669741,
        "median": 0.467513024807,
        "min": 0.322549521923,
        "skew": -1.42365407944,
        "var": 0.000735993438866
    },
    "hfc": {
        "kurt": 12.7038497925,
        "max": 1.29319036007,
        "mean": 0.0598318688571,
        "median": 1.04744467535e-05,
        "min": 9.54072465476e-09,
        "skew": 3.56502532959,
        "var": 0.0399157181382
    },
    "pitch": {
        "kurt": 0.622428655624,
        "max": 3232.78857422,
        "mean": 722.920288086,
        "median": 179.007446289,
        "min": 60.2322311401,
        "skew": 1.605640769,
        "var": 1289991.125
    },
    "pitch_instantaneous_confidence": {
        "kurt": -0.846453666687,
        "max": 0.993738293648,
        "mean": 0.462308466434,
        "median": 0.320287913084,
        "min": 0.0962505340576,
        "skew": 0.918049812317,
        "var": 0.087942764163
    },
    "pitch_salience": {
        "kurt": 0.0971891880035,
        "max": 0.8205062747,
        "mean": 0.574673295021,
        "median": 0.627502799034,
        "min": 0.115330681205,
        "skew": -0.947446167469,
        "var": 0.0264816358685
    },
    "silence_rate_20dB": {
        "kurt": 0,
        "max": 1,
        "mean": 1,
        "median": 1,
        "min": 1,
        "skew": 0,
        "var": 0
    },
    "silence_rate_30dB": {
        "kurt": 0,
        "max": 1,
        "mean": 1,
        "median": 1,
        "min": 1,
        "skew": 0,
        "var": 0
    },
    "silence_rate_60dB": {
        "kurt": 0,
        "max": 1,
        "mean": 1,
        "median": 1,
        "min": 1,
        "skew": 0,
        "var": 0
    },
    "spectral_centroid": {
        "kurt": -0.120629787445,
        "max": 3060.28955078,
        "mean": 879.625244141,
        "median": 359.570007324,
        "min": 166.708129883,
        "skew": 1.27612185478,
        "var": 864510.875
    },
    "spectral_complexity": {
        "kurt": 8.03823471069,
        "max": 3,
        "mean": 0.173469394445,
        "median": 0,
        "min": 0,
        "skew": 3.09933423996,
        "var": 0.327050387859
    },
    "spectral_crest": {
        "kurt": 0.27587890625,
        "max": 26.2547874451,
        "mean": 11.6296539307,
        "median": 9.62579536438,
        "min": 4.64192152023,
        "skew": 1.12261712551,
        "var": 29.3293647766
    },
    "spectral_decrease": {
        "kurt": 17.428571701,
        "max": -4.89620943152e-18,
        "mean": -5.39185926809e-12,
        "median": -8.43456774151e-15,
        "min": -1.35549751978e-10,
        "skew": -3.90798687935,
        "var": 3.2895878401e-22
    },
    "spectral_energy": {
        "kurt": 15.1597709656,
        "max": 0.000602147250902,
        "mean": 2.57770316239e-05,
        "median": 3.27577183157e-08,
        "min": 1.93448052715e-11,
        "skew": 3.75089120865,
        "var": 7.43342853937e-09
    },
    "spectral_energyband_high": {
        "kurt": 14.3961467743,
        "max": 4.65767743663e-06,
        "mean": 2.06548421033e-07,
        "median": 1.0897502345e-10,
        "min": 2.26232010556e-13,
        "skew": 3.69253778458,
        "var": 4.85414768277e-13
    },
    "spectral_energyband_low": {
        "kurt": 107.203338623,
        "max": 2.81853544948e-07,
        "mean": 1.70335869853e-08,
        "median": 1.3114343389e-08,
        "min": 1.12833848168e-11,
        "skew": 9.21733474731,
        "var": 4.77863536891e-16
    },
    "spectral_energyband_middle_high": {
        "kurt": 13.3965835571,
        "max": 0.000405418744776,
        "mean": 1.80640181497e-05,
        "median": 1.93687266226e-09,
        "min": 2.32755524923e-12,
        "skew": 3.62542104721,
        "var": 3.67963814973e-09
    },
    "spectral_energyband_middle_low": {
        "kurt": 60.462562561,
        "max": 0.000310299335979,
        "mean": 7.49433274905e-06,
        "median": 1.84947808179e-08,
        "min": 6.99481661828e-12,
        "skew": 6.68967962265,
        "var": 8.34415703199e-10
    },
    "spectral_flatness_db": {
        "kurt": 0.303520679474,
        "max": 0.411477267742,
        "mean": 0.2399777174,
        "median": 0.21811132133,
        "min": 0.0917467623949,
        "skew": 1.05133593082,
        "var": 0.00369928451255
    },
    "spectral_flux": {
        "kurt": 45.505115509,
        "max": 0.0185975246131,
        "mean": 0.000589372648392,
        "median": 0.000116968534712,
        "min": 5.70384581806e-05,
        "skew": 6.42916107178,
        "var": 4.29975671068e-06
    },
    "spectral_kurtosis": {
        "kurt": -0.607973337173,
        "max": 24.3834209442,
        "mean": 12.1241950989,
        "median": 12.5077133179,
        "min": 2.79204702377,
        "skew": 0.162280783057,
        "var": 23.1838760376
    },
    "spectral_rms": {
        "kurt": 7.55689239502,
        "max": 0.000766459910665,
        "mean": 5.66514354432e-05,
        "median": 5.65317986911e-06,
        "min": 1.3737896154e-07,
        "skew": 2.97910523415,
        "var": 2.19389324485e-08
    },
    "spectral_rolloff": {
        "kurt": -1.04031670094,
        "max": 3402.24609375,
        "mean": 1195.31213379,
        "median": 506.030273438,
        "min": 150.732421875,
        "skew": 0.939993917942,
        "var": 1446032.875
    },
    "spectral_skewness": {
        "kurt": -0.483314037323,
        "max": 4.29375839233,
        "mean": 2.54413604736,
        "median": 2.7446744442,
        "min": 0.739041566849,
        "skew": -0.514624834061,
        "var": 0.54812002182
    },
    "spectral_spread": {
        "kurt": 112.968536377,
        "max": 26740466,
        "mean": 3437517,
        "median": 3113879,
        "min": 1684222.125,
        "skew": 9.61159801483,
        "var": 3.60733396173e+12
    },
    "spectral_strongpeak": {
        "kurt": 9.13259410858,
        "max": 2.17156338692,
        "mean": 0.143237009645,
        "median": 0.000450458930572,
        "min": 0,
        "skew": 3.25192594528,
        "var": 0.189962312579
    },
    "zerocrossingrate": {
        "kurt": -0.542442560196,
        "max": 0.14111328125,
        "mean": 0.0541170090437,
        "median": 0.02978515625,
        "min": 0.00341796875,
        "skew": 1.12318360806,
        "var": 0.00208489992656
    },
    "barkbands": {
        "kurt": [92.3743972778, 140.267959595, 35.1599960327, 7.2065076828, 70.7659835815, 61.216758728, 161.814880371, 9.19169044495, 48.3910675049, 46.186290741, 7.15716838837, 88.8312225342, 10.6079711914, 55.1642341614, 8.66856575012, 8.41774845123, 20.9313659668, 15.2949066162, 12.2152843475, 12.1333971024, 16.1731777191, 27.317401886, 10.5848436356, 10.5946731567, 8.91643238068, 7.92975234985, 8.64583301544],
        "max": [1.34111521888e-08, 1.46861253825e-07, 9.68975584215e-08, 4.88170428525e-08, 6.54872565065e-07, 0.000308612827212, 4.43830202812e-07, 1.0609759471e-07, 2.67581981461e-06, 7.71881332184e-08, 6.44126600946e-07, 1.60487900303e-07, 9.90603098217e-07, 2.44099510383e-07, 1.70996145243e-07, 9.10944606858e-07, 2.24596055887e-06, 0.000377613352612, 3.41703525919e-05, 1.777883881e-06, 2.37487893173e-06, 6.58556700728e-07, 3.54908962663e-07, 1.31305682771e-07, 2.66176584773e-07, 1.10768381134e-08, 8.96748231227e-11],
        "mean": [2.7396940272e-10, 4.90202811676e-09, 8.06756972338e-09, 7.32789340319e-09, 1.65507056948e-08, 7.38584367355e-06, 5.75968250871e-09, 6.88116541525e-09, 7.14981851502e-08, 2.3447790376e-09, 4.72343550939e-08, 2.96615909612e-09, 6.05089169881e-08, 5.46626521825e-09, 1.16881526679e-08, 6.35712567032e-08, 8.40981613237e-08, 1.5835303202e-05, 1.90374305475e-06, 8.2746588248e-08, 1.04450705862e-07, 2.16453699409e-08, 2.00141734297e-08, 6.39586605899e-09, 1.70499845353e-08, 7.27371440856e-10, 5.89532892989e-12],
        "median": [4.6244199442e-11, 2.90485147048e-09, 5.03913577532e-09, 5.12373965478e-09, 5.41279687738e-09, 3.2557667673e-09, 9.82556036533e-10, 5.90250626153e-10, 6.71458222357e-10, 5.05682606899e-10, 3.02782854344e-10, 1.84274789872e-10, 1.11238837586e-10, 7.54475371068e-11, 5.57396594159e-11, 5.10392839104e-11, 4.91690195503e-11, 1.68166452985e-10, 2.89664819908e-10, 5.64383331736e-11, 7.29541149713e-11, 3.85303681322e-12, 7.15919511174e-13, 4.53659462427e-13, 3.78147274778e-13, 3.38155068183e-14, 2.12285980691e-15],
        "min": [3.30921379708e-13, 5.07149487336e-12, 4.44719955306e-12, 2.33950857818e-12, 1.21750721484e-12, 1.2215725393e-12, 1.22096300084e-12, 4.39704696265e-13, 4.38320685086e-13, 1.99005620468e-13, 2.34594217966e-13, 1.40627093304e-13, 7.95636207742e-14, 2.95180356937e-13, 4.85180743238e-13, 1.35372087346e-13, 6.08951365895e-13, 1.00422091703e-13, 7.04676050042e-14, 6.07834840945e-14, 5.7877171751e-14, 2.71859408764e-14, 2.13672903969e-14, 2.53217196153e-14, 2.39159007268e-14, 1.34193972937e-14, 6.64769827032e-16],
        "skew": [9.09848213196, 11.1396808624, 4.66515254974, 2.39623117447, 8.24907684326, 6.7361779213, 12.3913488388, 3.1618847847, 6.0467376709, 6.70186853409, 2.98758220673, 8.78770065308, 3.46327280998, 6.93119525909, 3.18804550171, 3.18414211273, 4.22947740555, 3.81146764755, 3.618942976, 3.48620319366, 3.90536808968, 4.73747730255, 3.41731095314, 3.33771300316, 3.23475718498, 3.07001876831, 3.1723651886],
        "var": [1.31284378599e-18, 1.20318462589e-16, 9.39285555471e-17, 5.61264015534e-17, 4.64923425144e-15, 8.20523204936e-10, 1.06848844076e-15, 3.66223509182e-16, 7.03067636119e-14, 8.79580519125e-17, 2.2335228827e-14, 1.93207130008e-16, 4.26938961073e-14, 5.90709765987e-16, 1.43292055467e-15, 4.41978607033e-14, 8.49711265434e-14, 2.93618973579e-09, 4.3170404751e-11, 7.56921516567e-14, 1.30695001804e-13, 6.08450998122e-15, 4.63327826829e-15, 4.46516541579e-16, 3.24245927451e-15, 5.4647017152e-18, 3.67612084841e-22],
        "cov": [[1.31957631239e-18, 9.98095483133e-18, 5.67731442959e-18, 2.47303428506e-18, 2.05642352878e-18, -1.37032609042e-15, -4.43371134774e-19, -1.17993416292e-18, -1.44532557056e-17, -1.47506866411e-19, -1.01545353741e-17, -4.40181784826e-19, -1.39336572407e-17, -8.28303872126e-19, -2.40706125453e-18, -1.43034516423e-17, -1.56534004758e-17, -3.29226354126e-15, -3.99046697633e-16, -1.66457640936e-17, -1.98780517465e-17, -4.04563821919e-18, -4.41573081937e-18, -1.29990916275e-18, -3.77963761371e-18, -1.47834843524e-19, -1.3034143002e-21], [9.98095483133e-18, 1.20935486386e-16, 7.13848530653e-17, 2.92876530764e-17, 1.72943034724e-17, -3.15388398042e-15, -6.0612548604e-19, -2.40352174869e-18, -4.74628129113e-17, -1.42460570951e-18, -2.73362794175e-17, -2.03804791826e-18, -1.12434392412e-17, -5.93339176285e-18, -1.03530752648e-18, -1.20646500913e-17, -6.01006272024e-17, -7.81586861881e-15, -7.40146600794e-16, -5.00946832448e-17, -6.64781235507e-17, -1.49630537346e-17, -7.91046468265e-18, -3.11349355678e-18, -4.80834175736e-18, -4.53398683448e-19, -1.91664210277e-21], [5.67731442959e-18, 7.13848530653e-17, 9.44102393614e-17, 3.04523167614e-17, 1.91077358306e-16, 1.37546605575e-14, 2.5975732746e-17, 1.65258344853e-17, 1.09704808888e-16, 1.228699624e-17, 4.65674527639e-17, 9.91072057988e-18, -6.94999863819e-17, 2.58607066643e-17, -4.03086601422e-18, 5.30392055159e-18, 2.53130343512e-16, 2.18392469907e-14, -3.2242213846e-16, 6.71967714495e-17, 1.35486533038e-16, 6.49135279657e-17, 2.44215563279e-17, 8.44686897601e-18, 1.06689805038e-17, 1.38732012981e-18, -1.85560825008e-21], [2.47303428506e-18, 2.92876530764e-17, 3.04523167614e-17, 5.64142339368e-17, 8.69425255832e-17, 4.94674491799e-14, 2.52684238391e-17, 4.84446465199e-17, 5.01333178733e-16, 1.79477033644e-17, 3.69153052039e-16, 2.49559050775e-17, 4.3492317516e-16, 5.02878464614e-17, 9.00476821934e-17, 4.82492571948e-16, 6.70804036809e-16, 1.52262764571e-13, 1.36580962604e-14, 7.13408788204e-16, 9.05195735127e-16, 1.89341509864e-16, 1.72713114909e-16, 5.28971943211e-17, 1.29931836554e-16, 6.25639172998e-18, 4.31182369954e-20], [2.05642352878e-18, 1.72943034724e-17, 1.91077358306e-16, 8.69425255832e-17, 4.67307653484e-15, 6.94616347947e-13, 7.73514669658e-16, 6.37351158771e-16, 6.74720568926e-15, 4.33358705307e-16, 2.81031301745e-15, 4.16125475888e-16, 1.06074888897e-15, 1.19020887523e-15, 3.99560396645e-16, 1.77097934486e-15, 1.06645742516e-14, 8.25853112025e-13, 1.28235326546e-13, 6.44244619946e-15, 1.09683372072e-14, 2.27752103506e-15, 6.92300833038e-16, 4.34648657076e-16, 5.44358005531e-16, 6.10570001917e-17, 2.28153370145e-19], [-1.37032609042e-15, -3.15388398042e-15, 1.37546605575e-14, 4.94674491799e-14, 6.94616347947e-13, 8.24731061222e-10, 7.92255800894e-13, 4.03726206112e-13, 4.92294486426e-12, 1.95612718189e-13, 3.04980194744e-12, 3.55511599976e-13, 3.98337092478e-12, 4.62470773482e-13, 8.2366492099e-13, 4.28007239026e-12, 7.80170979903e-12, 1.22229459887e-09, 1.49280768302e-10, 6.56103209956e-12, 9.04222790393e-12, 2.08073554046e-12, 1.33586826497e-12, 5.44877836427e-13, 1.23122833543e-12, 5.63765241359e-14, 4.12150164978e-16], [-4.43371134774e-19, -6.0612548604e-19, 2.5975732746e-17, 2.52684238391e-17, 7.73514669658e-16, 7.92255800894e-13, 1.0739678969e-15, 2.69708445886e-16, 3.1615060064e-15, 2.10527140599e-16, 1.25649915599e-15, 4.09228483645e-16, 1.64315497921e-15, 3.65975646166e-16, 4.46883200966e-16, 1.91527490143e-15, 6.41242523422e-15, 8.40219441332e-13, 1.00786790209e-13, 4.52163382013e-15, 6.780864661e-15, 1.82403653576e-15, 5.79328290154e-16, 3.91382399419e-16, 6.14336214803e-16, 3.71114548735e-17, 2.03062319678e-19], [-1.17993416292e-18, -2.40352174869e-18, 1.65258344853e-17, 4.84446465199e-17, 6.37351158771e-16, 4.03726206112e-13, 2.69708445886e-16, 3.68101592984e-16, 4.37601360991e-15, 1.08568441397e-16, 2.50825556275e-15, 1.61950476054e-16, 3.29008073735e-15, 3.43453781252e-16, 6.41509772905e-16, 3.3220765599e-15, 4.57878652121e-15, 7.93280317737e-13, 1.10117623841e-13, 4.46818392358e-15, 5.77871033495e-15, 1.12625937002e-15, 9.72539195478e-16, 3.3033072627e-16, 8.53595652651e-16, 3.78164278223e-17, 3.14341221425e-19], [-1.44532557056e-17, -4.74628129113e-17, 1.09704808888e-16, 5.01333178733e-16, 6.74720568926e-15, 4.92294486426e-12, 3.1615060064e-15, 4.37601360991e-15, 7.06673082681e-14, 1.49539643431e-15, 2.94584879222e-14, 1.98638141153e-15, 3.45649175243e-14, 4.93117763826e-15, 7.08068044301e-15, 3.44419147879e-14, 5.0753970254e-14, 8.41848552674e-12, 1.13458016853e-12, 4.78112016124e-14, 6.28735480563e-14, 1.28065172873e-14, 1.03425789119e-14, 3.62038610557e-15, 9.10636058341e-15, 4.00911970062e-16, 3.37645385992e-18], [-1.47506866411e-19, -1.42460570951e-18, 1.228699624e-17, 1.79477033644e-17, 4.33358705307e-16, 1.95612718189e-13, 2.10527140599e-16, 1.08568441397e-16, 1.49539643431e-15, 8.84091234267e-17, 6.7936822812e-16, 1.15682333631e-16, 4.84010772627e-16, 2.02771349592e-16, 1.35198700655e-16, 6.54297641068e-16, 2.06018169816e-15, 3.23054191904e-13, 3.28525218368e-14, 1.77478432273e-15, 2.589681687e-15, 5.92929098188e-16, 2.69007155545e-16, 1.24755552039e-16, 1.98406509406e-16, 1.39170160212e-17, 7.0985111727e-20], [-1.01545353741e-17, -2.73362794175e-17, 4.65674527639e-17, 3.69153052039e-16, 2.81031301745e-15, 3.04980194744e-12, 1.25649915599e-15, 2.50825556275e-15, 2.94584879222e-14, 6.7936822812e-16, 2.24497680103e-14, 1.00065116021e-15, 2.86691175899e-14, 2.26840166659e-15, 5.37045697152e-15, 3.02546243538e-14, 3.62028488513e-14, 7.04604343621e-12, 8.60900760402e-13, 3.7228619303e-14, 4.63147586689e-14, 9.21810794607e-15, 9.59878657542e-15, 2.88823623695e-15, 8.08551647537e-15, 3.2683459778e-16, 2.75686311428e-18], [-4.40181784826e-19, -2.03804791826e-18, 9.91072057988e-18, 2.49559050775e-17, 4.16125475888e-16, 3.55511599976e-13, 4.09228483645e-16, 1.61950476054e-16, 1.98638141153e-15, 1.15682333631e-16, 1.00065116021e-15, 1.94197933563e-16, 1.11450721139e-15, 2.38644306639e-16, 2.70248535269e-16, 1.30006513096e-15, 3.27256324897e-15, 5.41419990438e-13, 5.7577484718e-14, 2.85132762331e-15, 4.06514785958e-15, 9.58218409438e-16, 4.5488263306e-16, 2.17332613579e-16, 3.85964167883e-16, 2.25111777401e-17, 1.3478911959e-19], [-1.39336572407e-17, -1.12434392412e-17, -6.94999863819e-17, 4.3492317516e-16, 1.06074888897e-15, 3.98337092478e-12, 1.64315497921e-15, 3.29008073735e-15, 3.45649175243e-14, 4.84010772627e-16, 2.86691175899e-14, 1.11450721139e-15, 4.29128371835e-14, 2.01713802488e-15, 7.67806482863e-15, 4.25434088457e-14, 4.44846626711e-14, 8.87149555207e-12, 1.23858302087e-12, 4.81017373014e-14, 5.85541137061e-14, 1.08190357918e-14, 1.23414013316e-14, 3.75102526758e-15, 1.10658146058e-14, 4.16042387249e-16, 3.89488083024e-18], [-8.28303872126e-19, -5.93339176285e-18, 2.58607066643e-17, 5.02878464614e-17, 1.19020887523e-15, 4.62470773482e-13, 3.65975646166e-16, 3.43453781252e-16, 4.93117763826e-15, 2.02771349592e-16, 2.26840166659e-15, 2.38644306639e-16, 2.01713802488e-15, 5.93739073444e-16, 4.7327584763e-16, 2.21604656012e-15, 5.52386903783e-15, 7.43540916771e-13, 9.46438158964e-14, 4.52724498989e-15, 6.81524191668e-15, 1.35296784423e-15, 7.47688688036e-16, 3.22711691379e-16, 6.14061670249e-16, 3.71032194633e-17, 2.33949812438e-19], [-2.40706125453e-18, -1.03530752648e-18, -4.03086601422e-18, 9.00476821934e-17, 3.99560396645e-16, 8.2366492099e-13, 4.46883200966e-16, 6.41509772905e-16, 7.08068044301e-15, 1.35198700655e-16, 5.37045697152e-15, 2.70248535269e-16, 7.67806482863e-15, 4.7327584763e-16, 1.44026888313e-15, 7.78229900905e-15, 9.08166364376e-15, 1.72517794321e-12, 2.25937730981e-13, 9.23116072379e-15, 1.15081343638e-14, 2.25298799629e-15, 2.30193908911e-15, 7.31619149537e-16, 2.04345618558e-15, 8.06278618742e-17, 7.13499630006e-19], [-1.43034516423e-17, -1.20646500913e-17, 5.30392055159e-18, 4.82492571948e-16, 1.77097934486e-15, 4.28007239026e-12, 1.91527490143e-15, 3.3220765599e-15, 3.44419147879e-14, 6.54297641068e-16, 3.02546243538e-14, 1.30006513096e-15, 4.25434088457e-14, 2.21604656012e-15, 7.78229900905e-15, 4.44245165556e-14, 4.83819053072e-14, 9.93974347274e-12, 1.22517859573e-12, 5.13140995895e-14, 6.20345111e-14, 1.24588043333e-14, 1.37068921344e-14, 4.07724391359e-15, 1.18361876832e-14, 4.5426408725e-16, 3.99972555929e-18], [-1.56534004758e-17, -6.01006272024e-17, 2.53130343512e-16, 6.70804036809e-16, 1.06645742516e-14, 7.80170979903e-12, 6.41242523422e-15, 4.57878652121e-15, 5.0753970254e-14, 2.06018169816e-15, 3.62028488513e-14, 3.27256324897e-15, 4.44846626711e-14, 5.52386903783e-15, 9.08166364376e-15, 4.83819053072e-14, 8.54068741727e-14, 1.31584734428e-11, 1.59804548067e-12, 7.21645643633e-14, 9.9775351555e-14, 2.14827731748e-14, 1.54123014942e-14, 5.82878099357e-15, 1.36213723e-14, 6.38642672258e-16, 4.5918963016e-18], [-3.29226354126e-15, -7.81586861881e-15, 2.18392469907e-14, 1.52262764571e-13, 8.25853112025e-13, 1.22229459887e-09, 8.40219441332e-13, 7.93280317737e-13, 8.41848552674e-12, 3.23054191904e-13, 7.04604343621e-12, 5.41419990438e-13, 8.87149555207e-12, 7.43540916771e-13, 1.72517794321e-12, 9.93974347274e-12, 1.31584734428e-11, 2.95124702454e-09, 2.95143687268e-10, 1.43469255573e-11, 1.7817129716e-11, 3.93021986483e-12, 3.4646513089e-12, 1.08984663742e-12, 2.75656927839e-12, 1.20638105083e-13, 9.11054238507e-16], [-3.99046697633e-16, -7.40146600794e-16, -3.2242213846e-16, 1.36580962604e-14, 1.28235326546e-13, 1.49280768302e-10, 1.00786790209e-13, 1.10117623841e-13, 1.13458016853e-12, 3.28525218368e-14, 8.60900760402e-13, 5.7577484718e-14, 1.23858302087e-12, 9.46438158964e-14, 2.25937730981e-13, 1.22517859573e-12, 1.59804548067e-12, 2.95143687268e-10, 4.33917936304e-11, 1.68847715757e-12, 2.16381188141e-12, 4.0303632827e-13, 3.54013015734e-13, 1.22006354672e-13, 3.15145695998e-13, 1.35690239697e-14, 1.16250388336e-16], [-1.66457640936e-17, -5.00946832448e-17, 6.71967714495e-17, 7.13408788204e-16, 6.44244619946e-15, 6.56103209956e-12, 4.52163382013e-15, 4.46818392358e-15, 4.78112016124e-14, 1.77478432273e-15, 3.7228619303e-14, 2.85132762331e-15, 4.81017373014e-14, 4.52724498989e-15, 9.23116072379e-15, 5.13140995895e-14, 7.21645643633e-14, 1.43469255573e-11, 1.68847715757e-12, 7.60803163633e-14, 9.74788961572e-14, 1.98377030541e-14, 1.67269169571e-14, 5.59826224752e-15, 1.38346306321e-14, 6.25610064513e-16, 4.84453587224e-18], [-1.98780517465e-17, -6.64781235507e-17, 1.35486533038e-16, 9.05195735127e-16, 1.09683372072e-14, 9.04222790393e-12, 6.780864661e-15, 5.77871033495e-15, 6.28735480563e-14, 2.589681687e-15, 4.63147586689e-14, 4.06514785958e-15, 5.85541137061e-14, 6.81524191668e-15, 1.15081343638e-14, 6.20345111e-14, 9.9775351555e-14, 1.7817129716e-11, 2.16381188141e-12, 9.74788961572e-14, 1.31365242035e-13, 2.63836007756e-14, 2.00038993887e-14, 7.23904002877e-15, 1.68861777859e-14, 8.03425997064e-16, 5.99366179664e-18], [-4.04563821919e-18, -1.49630537346e-17, 6.49135279657e-17, 1.89341509864e-16, 2.27752103506e-15, 2.08073554046e-12, 1.82403653576e-15, 1.12625937002e-15, 1.28065172873e-14, 5.92929098188e-16, 9.21810794607e-15, 9.58218409438e-16, 1.08190357918e-14, 1.35296784423e-15, 2.25298799629e-15, 1.24588043333e-14, 2.14827731748e-14, 3.93021986483e-12, 4.0303632827e-13, 1.98377030541e-14, 2.63836007756e-14, 6.11571255741e-15, 4.36201596694e-15, 1.57183448742e-15, 3.60317863125e-15, 1.702720586e-16, 1.17596783188e-18], [-4.41573081937e-18, -7.91046468265e-18, 2.44215563279e-17, 1.72713114909e-16, 6.92300833038e-16, 1.33586826497e-12, 5.79328290154e-16, 9.72539195478e-16, 1.03425789119e-14, 2.69007155545e-16, 9.59878657542e-15, 4.5488263306e-16, 1.23414013316e-14, 7.47688688036e-16, 2.30193908911e-15, 1.37068921344e-14, 1.54123014942e-14, 3.4646513089e-12, 3.54013015734e-13, 1.67269169571e-14, 2.00038993887e-14, 4.36201596694e-15, 4.65703881301e-15, 1.33377301886e-15, 3.78570279644e-15, 1.49593059446e-16, 1.2203440038e-18], [-1.29990916275e-18, -3.11349355678e-18, 8.44686897601e-18, 5.28971943211e-17, 4.34648657076e-16, 5.44877836427e-13, 3.91382399419e-16, 3.3033072627e-16, 3.62038610557e-15, 1.24755552039e-16, 2.88823623695e-15, 2.17332613579e-16, 3.75102526758e-15, 3.22711691379e-16, 7.31619149537e-16, 4.07724391359e-15, 5.82878099357e-15, 1.08984663742e-12, 1.22006354672e-13, 5.59826224752e-15, 7.23904002877e-15, 1.57183448742e-15, 1.33377301886e-15, 4.48806336333e-16, 1.13604630633e-15, 4.89247785434e-17, 3.7704223564e-19], [-3.77963761371e-18, -4.80834175736e-18, 1.06689805038e-17, 1.29931836554e-16, 5.44358005531e-16, 1.23122833543e-12, 6.14336214803e-16, 8.53595652651e-16, 9.10636058341e-15, 1.98406509406e-16, 8.08551647537e-15, 3.85964167883e-16, 1.10658146058e-14, 6.14061670249e-16, 2.04345618558e-15, 1.18361876832e-14, 1.36213723e-14, 2.75656927839e-12, 3.15145695998e-13, 1.38346306321e-14, 1.68861777859e-14, 3.60317863125e-15, 3.78570279644e-15, 1.13604630633e-15, 3.25908716654e-15, 1.25067379277e-16, 1.0649550238e-18], [-1.47834843524e-19, -4.53398683448e-19, 1.38732012981e-18, 6.25639172998e-18, 6.10570001917e-17, 5.63765241359e-14, 3.71114548735e-17, 3.78164278223e-17, 4.00911970062e-16, 1.39170160212e-17, 3.2683459778e-16, 2.25111777401e-17, 4.16042387249e-16, 3.71032194633e-17, 8.06278618742e-17, 4.5426408725e-16, 6.38642672258e-16, 1.20638105083e-13, 1.35690239697e-14, 6.25610064513e-16, 8.03425997064e-16, 1.702720586e-16, 1.49593059446e-16, 4.89247785434e-17, 1.25067379277e-16, 5.49272576717e-18, 4.19485422169e-20], [-1.3034143002e-21, -1.91664210277e-21, -1.85560825008e-21, 4.31182369954e-20, 2.28153370145e-19, 4.12150164978e-16, 2.03062319678e-19, 3.14341221425e-19, 3.37645385992e-18, 7.0985111727e-20, 2.75686311428e-18, 1.3478911959e-19, 3.89488083024e-18, 2.33949812438e-19, 7.13499630006e-19, 3.99972555929e-18, 4.5918963016e-18, 9.11054238507e-16, 1.16250388336e-16, 4.84453587224e-18, 5.99366179664e-18, 1.17596783188e-18, 1.2203440038e-18, 3.7704223564e-19, 1.0649550238e-18, 4.19485422169e-20, 3.69497273078e-22]]
    },
    "mfcc": {
        "kurt": [5.44341754913, 6.90279483795, 5.58907699585, 3.58350372314, 5.56135463715, 3.57475328445, 3.49334430695, 4.49499988556, 3.129591465, 4.67922544479, 1.80137729645, 3.52821445465, 2.40486383438],
        "max": [-940.349609375, 67.5229263306, 28.1375770569, 58.9069252014, 21.085723877, 16.6490783691, 12.0900306702, 11.0558338165, 5.18001937866, 4.14157867432, 19.6696434021, 3.14450836182, 12.9815940857],
        "mean": [-1117.32006836, 8.31116008759, -0.918224275112, 9.72550106049, 2.19181656837, -5.62412166595, 0.285959213972, 0.153392061591, -6.43004798889, -4.41936731339, 1.53292548656, -2.53925275803, -1.94060969353],
        "median": [-1134.6171875, 4.89771652222, 3.52960205078, 4.62456130981, 2.9806060791, 1.76708984375, 1.70351791382, 1.03926849365, 0.0675277709961, -0.376396179199, -0.00714111328125, -1.43004608154, -1.5094909668],
        "min": [-1138.42004395, -2.75825881958, -53.5973052979, 8.01086425781e-05, -22.110660553, -74.0112457275, -22.4757919312, -21.0680046082, -55.0896148682, -49.5099220276, -3.8002281189, -18.0783348083, -17.930721283],
        "skew": [2.66897535324, 2.53437232971, -2.5871515274, 2.14233136177, -1.9529350996, -2.25250267982, -1.97039878368, -1.98088181019, -2.16483902931, -2.43208527565, 1.5941106081, -1.81076180935, -0.12707798183],
        "var": [2269.7265625, 114.351303101, 226.534393311, 176.623641968, 37.0549964905, 383.246826172, 32.1485786438, 36.2658882141, 257.228790283, 118.722503662, 19.71509552, 12.9852266312, 24.7983398438],
        "cov": [[2281.36621094, 443.8878479, -681.926208496, 589.261962891, -231.655914307, -899.492614746, -238.623291016, -245.775024414, -722.059204102, -504.787994385, 127.032264709, -123.853233337, 65.6938018799], [443.8878479, 114.937721252, -111.526100159, 122.942626953, -38.6848869324, -180.262985229, -47.5766029358, -45.1341552734, -146.635620117, -98.0287780762, 27.555223465, -28.440071106, -0.555847465992], [-681.926208496, -111.526100159, 227.696121216, -163.443893433, 79.7323913574, 271.600006104, 72.8147735596, 77.5567550659, 213.627609253, 149.674331665, -37.1212882996, 33.0168190002, -27.5238037109], [589.261962891, 122.942626953, -163.443893433, 177.529403687, -46.1553840637, -241.091934204, -59.2150726318, -53.4325752258, -197.849258423, -137.599975586, 40.7394218445, -37.5091285706, 2.83908605576], [-231.655914307, -38.6848869324, 79.7323913574, -46.1553840637, 37.2450218201, 93.2269668579, 29.3295078278, 32.0936279297, 68.6166381836, 49.709274292, -7.5986866951, 9.27880954742, -10.3942871094], [-899.492614746, -180.262985229, 271.600006104, -241.091934204, 93.2269668579, 385.212188721, 103.195053101, 96.5680007935, 309.930084229, 208.47543335, -62.0269470215, 55.9341163635, -12.8150787354], [-238.623291016, -47.5766029358, 72.8147735596, -59.2150726318, 29.3295078278, 103.195053101, 32.3134422302, 30.9990978241, 81.1096191406, 56.5200958252, -12.1309547424, 13.9237346649, -5.50436878204], [-245.775024414, -45.1341552734, 77.5567550659, -53.4325752258, 32.0936279297, 96.5680007935, 30.9990978241, 36.4518661499, 76.3837127686, 54.1817321777, -7.7555065155, 11.1438074112, -14.4296836853], [-722.059204102, -146.635620117, 213.627609253, -197.849258423, 68.6166381836, 309.930084229, 81.1096191406, 76.3837127686, 258.547912598, 170.269958496, -53.4229927063, 49.2368927002, -10.3473863602], [-504.787994385, -98.0287780762, 149.674331665, -137.599975586, 49.709274292, 208.47543335, 56.5200958252, 54.1817321777, 170.269958496, 119.331336975, -30.3233757019, 32.138458252, -8.14784049988], [127.032264709, 27.555223465, -37.1212882996, 40.7394218445, -7.5986866951, -62.0269470215, -12.1309547424, -7.7555065155, -53.4229927063, -30.3233757019, 19.816198349, -10.0775222778, -1.98261761665], [-123.853233337, -28.440071106, 33.0168190002, -37.5091285706, 9.27880954742, 55.9341163635, 13.9237346649, 11.1438074112, 49.2368927002, 32.138458252, -10.0775222778, 13.051817894, 3.3787791729], [65.6938018799, -0.555847465992, -27.5238037109, 2.83908605576, -10.3942871094, -12.8150787354, -5.50436878204, -14.4296836853, -10.3473863602, -8.14784049988, -1.98261761665, 3.3787791729, 24.9255104065]]
    },
    "sccoeffs": {
        "kurt": [0.963927507401, 4.11238431931, 5.20733547211, 7.16783428192, 0.631781339645, -0.522833585739],
        "max": [-0.708775341511, -0.420500427485, -0.656489849091, -0.689851939678, -0.607217550278, -0.736981868744],
        "mean": [-0.849701881409, -0.836470007896, -0.886828780174, -0.894870579243, -0.845320045948, -0.848785817623],
        "median": [-0.851957917213, -0.875082969666, -0.902729392052, -0.90836083889, -0.888571739197, -0.858308792114],
        "min": [-0.935553431511, -0.954083442688, -0.952921509743, -0.943511784077, -0.922276496887, -0.957120478153],
        "skew": [0.380948930979, 2.26081728935, 2.42031311989, 2.81674170494, 1.44792187214, 0.522029101849],
        "var": [0.00115523638669, 0.0133447526023, 0.00352246058173, 0.00252223736607, 0.00790691003203, 0.00181926891673],
        "cov": [[0.00116116064601, 0.00117183115799, 0.000528865784872, 0.000342487299349, 0.00108582759276, 0.000479396607261], [0.00117183115799, 0.0134131871164, 0.00610941415653, 0.00520997541025, 0.00874544866383, 0.00321351294406], [0.000528865784872, 0.00610941415653, 0.00354052451439, 0.00270795915276, 0.00398120423779, 0.00147390039638], [0.000342487299349, 0.00520997541025, 0.00270795915276, 0.00253517180681, 0.00333343935199, 0.00131550512742], [0.00108582759276, 0.00874544866383, 0.00398120423779, 0.00333343935199, 0.00794745795429, 0.00285668624565], [0.000479396607261, 0.00321351294406, 0.00147390039638, 0.00131550512742, 0.00285668624565, 0.00182859855704]]
    },
    "scvalleys": {
        "kurt": [12.8454809189, 6.53879642487, 8.92089653015, 5.08559322357, 4.55676460266, 4.69848585129],
        "max": [-9.33059310913, -9.45631027222, -9.85744285583, -9.94199085236, -9.09859371185, -11.0129365921],
        "mean": [-11.437541008, -11.9233875275, -12.5710010529, -13.4821615219, -13.774107933, -16.4583797455],
        "median": [-11.4271202087, -12.0127477646, -12.696931839, -13.7268505096, -14.1877117157, -16.9896736145],
        "min": [-14.7793798447, -15.1092214584, -16.0887012482, -16.6550178528, -17.317615509, -18.1837158203],
        "skew": [-1.37445223331, 0.931396961212, 0.872877836227, 2.028236866, 2.16641664505, 2.48308539391],
        "var": [0.224077105522, 0.396816134453, 0.39163056016, 0.768911778927, 1.424254179, 2.0683734417],
        "cov": [[0.225226223469, 0.112420618534, 0.120956204832, 0.119448050857, 0.128368511796, 0.112227238715], [0.112420618534, 0.39885109663, 0.319013357162, 0.443501681089, 0.594061136246, 0.670455753803], [0.120956204832, 0.319013357162, 0.393638938665, 0.478120774031, 0.645916640759, 0.733111083508], [0.119448050857, 0.443501681089, 0.478120774031, 0.772854924202, 1.0029361248, 1.19022500515], [0.128368511796, 0.594061136246, 0.645916640759, 1.0029361248, 1.43155801296, 1.6847589016], [0.112227238715, 0.670455753803, 0.733111083508, 1.19022500515, 1.6847589016, 2.07898068428]]
    }
},
"rhythm": {
    "beats_loudness": {
        "kurt": 5.11474895477,
        "max": 0.000316537742037,
        "mean": 3.57346252713e-05,
        "median": 3.0927253647e-08,
        "min": 1.36639330961e-08,
        "skew": 2.59370684624,
        "var": 8.35738944716e-09
    },
    "bpm": 156.605133057,
    "confidence": 0,
    "first_peak_bpm": {
        "kurt": 0,
        "max": 157,
        "mean": 157,
        "median": 157,
        "min": 157,
        "skew": 0,
        "var": 0
    },
    "first_peak_spread": {
        "kurt": 0,
        "max": 0,
        "mean": 0,
        "median": 0,
        "min": 0,
        "skew": 0,
        "var": 0
    },
    "first_peak_weight": {
        "kurt": 0,
        "max": 0.600000023842,
        "mean": 0.600000023842,
        "median": 0.600000023842,
        "min": 0.600000023842,
        "skew": 0,
        "var": 0
    },
    "onset_rate": 0.2216347754,
    "second_peak_bpm": {
        "kurt": 0,
        "max": 167,
        "mean": 167,
        "median": 167,
        "min": 167,
        "skew": 0,
        "var": 0
    },
    "second_peak_spread": {
        "kurt": 0,
        "max": 0,
        "mean": 0,
        "median": 0,
        "min": 0,
        "skew": 0,
        "var": 0
    },
    "second_peak_weight": {
        "kurt": 0,
        "max": 0.20000000298,
        "mean": 0.20000000298,
        "median": 0.20000000298,
        "min": 0.20000000298,
        "skew": 0,
        "var": 0
    },
    "beats_loudness_band_ratio": {
        "kurt": [-1.06287407875, 0.364877939224, -1.31348752975, 1.95764017105, -0.208054304123, -0.588674545288],
        "max": [0.774506688118, 0.48708987236, 0.217247202992, 0.137822717428, 0.803922474384, 0.041883982718],
        "mean": [0.411623865366, 0.294328302145, 0.0905720740557, 0.03779104352, 0.201114758849, 0.0185720380396],
        "median": [0.506678462029, 0.30707475543, 0.067188359797, 0.02674039267, 0.014181622304, 0.0146645745263],
        "min": [0.000160860494361, 0.0675450488925, 0.00174349744339, 0.00355368154123, 0.00607453100383, 0.00702630635351],
        "skew": [-0.476199895144, -0.401008725166, 0.472794145346, 1.643658638, 1.23787927628, 0.74131923914],
        "var": [0.0649529546499, 0.0107150180265, 0.00548483943567, 0.0013869368704, 0.0903568938375, 0.000122653145809],
        "cov": [[0.071448251605, 0.00220382260159, 0.00619842251763, 0.00184658600483, -0.0701528936625, -0.00139481725637], [0.00220382260159, 0.0117865195498, 0.00275633228011, 0.00100898684468, -0.017668614164, 0.000572053832002], [0.00619842251763, 0.00275633228011, 0.00603332323954, 0.0022153602913, -0.0159966759384, -0.000165651639691], [0.00184658600483, 0.00100898684468, 0.0022153602913, 0.00152563047595, -0.00638501578942, 0.000110033564852], [-0.0701528936625, -0.017668614164, -0.0159966759384, -0.00638501578942, 0.0993925854564, 0.000600070692599], [-0.00139481725637, 0.000572053832002, -0.000165651639691, 0.000110033564852, 0.000600070692599, 0.00013491846039]]
    },
    "beats_position": [0.336689323187, 0.684988677502, 1.03328800201, 1.39319729805, 1.75310659409, 2.13623571396, 2.51936507225, 2.90249419212, 3.28562355042, 3.66875267029, 4.05188179016],
    "bpm_estimates": [156.605163574, 156.605072021, 156.605163574, 156.605072021, 156.605163574, 156.605163574],
    "bpm_intervals": [0.348299354315, 0.348299324512, 0.359909296036, 0.359909296036, 0.383129119873, 0.383129358292, 0.383129119873, 0.383129358292, 0.383129119873, 0.383129119873],
    "onset_times": [1.34675741196],
    "histogram": [[0, 0, 0, 0, 0, 0, 0, 0, 0, 0, 0, 0, 0, 0, 0, 0, 0, 0, 0, 0, 0, 0, 0, 0, 0, 0, 0, 0, 0, 0, 0, 0, 0, 0, 0, 0, 0, 0, 0, 0, 0, 0, 0, 0, 0, 0, 0, 0, 0, 0, 0, 0, 0, 0, 0, 0, 0, 0, 0, 0, 0, 0, 0, 0, 0, 0, 0, 0, 0, 0, 0, 0, 0, 0, 0, 0, 0, 0, 0, 0, 0, 0, 0, 0, 0, 0, 0, 0, 0, 0, 0, 0, 0, 0, 0, 0, 0, 0, 0, 0, 0, 0, 0, 0, 0, 0, 0, 0, 0, 0, 0, 0, 0, 0, 0, 0, 0, 0, 0, 0, 0, 0, 0, 0, 0, 0, 0, 0, 0, 0, 0, 0, 0, 0, 0, 0, 0, 0, 0, 0, 0, 0, 0, 0, 0, 0, 0, 0, 0, 0, 0, 0, 0, 0, 0, 0, 0, 0.600000023842, 0, 0, 0, 0, 0, 0, 0, 0, 0, 0.20000000298, 0, 0, 0, 0, 0.20000000298, 0, 0, 0, 0, 0, 0, 0, 0, 0, 0, 0, 0, 0, 0, 0, 0, 0, 0, 0, 0, 0, 0, 0, 0, 0, 0, 0, 0, 0, 0, 0, 0, 0, 0, 0, 0, 0, 0, 0, 0, 0, 0, 0, 0, 0, 0, 0, 0, 0, 0, 0, 0, 0, 0, 0, 0, 0, 0, 0, 0, 0, 0, 0, 0, 0, 0, 0, 0, 0, 0, 0, 0, 0, 0, 0, 0, 0]]
},
"sfx": {
    "inharmonicity": {
        "kurt": 1.31718540192,
        "max": 0.261554926634,
        "mean": 0.0568499825895,
        "median": 0.0384119302034,
        "min": 0,
        "skew": 1.26968586445,
        "var": 0.00346496002749
    },
    "oddtoevenharmonicenergyratio": {
        "kurt": 132.081115723,
        "max": 74.4869232178,
        "mean": 1.13390278816,
        "median": 0.174797296524,
        "min": 0,
        "skew": 10.9399023056,
        "var": 33.2571907043
    },
    "pitch_after_max_to_before_max_energy_ratio": 0.0298458896577,
    "pitch_centroid": 90.5819549561,
    "pitch_max_to_total": 0.979591846466,
    "pitch_min_to_total": 0.23469388485,
    "tristimulus": {
        "kurt": [-0.267994165421, -0.117785453796, 0.0471036434174],
        "max": [1, 0.984027445316, 0.801309704781],
        "mean": [0.439476519823, 0.279379606247, 0.281143754721],
        "median": [0.373286068439, 0.285975813866, 0.281966149807],
        "min": [0, 0, 0],
        "skew": [0.743521392345, 0.38439822197, 0.324011594057],
        "var": [0.0907409787178, 0.0405476056039, 0.034643355757],
        "cov": [[0.0912063196301, -0.0485704019666, -0.0426358431578], [-0.0485704019666, 0.0407555401325, 0.00781485438347], [-0.0426358431578, 0.00781485438347, 0.0348210148513]]
    }
},
"tonal": {
    "chords_changes_rate": 0.0606060624123,
    "chords_number_rate": 0.0404040403664,
    "chords_strength": {
        "kurt": -1.08777427673,
        "max": 0.613648295403,
        "mean": 0.442170083523,
        "median": 0.44013902545,
        "min": 0.288050413132,
        "skew": 0.042831659317,
        "var": 0.00627630902454
    },
    "key_strength": 0.524976074696,
    "tuning_diatonic_strength": 0.459772467613,
    "tuning_equal_tempered_deviation": 0.179837718606,
    "tuning_frequency": 435.448913574,
    "tuning_nontempered_energy_ratio": 0.750985503197,
    "hpcp": {
        "kurt": [10.2516927719, 6.71423721313, 4.68986034393, 9.49130153656, 4.54483413696, 7.31077098846, 6.73677635193, 4.18423748016, 4.51847982407, 2.03113269806, 4.94015312195, 3.67005491257, 2.74458885193, 3.04834651947, 3.94298505783, 4.89537334442, 4.68624973297, 2.88098049164, 1.63724279404, 1.17606878281, 1.78489685059, 2.07511329651, 2.80226945877, 1.84694099426, 1.36417913437, 3.29010343552, 7.35406494141, 10.5323324203, 7.29343509674, -0.444777727127, -1.28701651096, -0.744834184647, 5.00937461853, 5.60663795471, 6.30497741699, 6.76446056366],
        "max": [1, 1, 0.930786848068, 1, 0.918784976006, 1, 1, 0.975335776806, 1, 1, 1, 1, 1, 1, 1, 1, 1, 1, 1, 1, 1, 1, 1, 1, 1, 1, 1, 0.956015706062, 0.974421977997, 0.988008677959, 1, 0.912048876286, 1, 1, 1, 1],
        "mean": [0.103852562606, 0.115000732243, 0.117506675422, 0.103674262762, 0.111774325371, 0.11185978353, 0.109355501831, 0.116785667837, 0.143162935972, 0.166869804263, 0.144386008382, 0.140191882849, 0.155077829957, 0.154560372233, 0.129967704415, 0.115280255675, 0.130407974124, 0.159926727414, 0.186521351337, 0.190320923924, 0.183752045035, 0.168098047376, 0.163276791573, 0.196473896503, 0.211240485311, 0.15795083344, 0.111329220235, 0.0869789049029, 0.105414316058, 0.275510907173, 0.377227395773, 0.217198386788, 0.108887866139, 0.122609563172, 0.125410288572, 0.11926035583],
