{
"metadata": {
    "version": {
        "essentia": "2.1-beta3"
    }
},
"lowLevel": {
    "average_loudness": 0.751286268234,
    "barkbands_kurtosis": {
        "kurt": 10.053817749,
        "max": 36.1576385498,
        "mean": 2.47148823738,
        "median": 1.75111627579,
        "min": -1.80331838131,
        "skew": 2.3337032795,
        "var": 10.8701276779
    },
    "barkbands_skewness": {
        "kurt": 1.51426076889,
        "max": 5.12298059464,
        "mean": 1.4063795805,
        "median": 1.39997637272,
        "min": -1.66579186916,
        "skew": 0.0404074974358,
        "var": 0.521975815296
    },
    "barkbands_spread": {
        "kurt": 1.14514350891,
        "max": 47.5289802551,
        "mean": 14.5301456451,
        "median": 13.5243768692,
        "min": 1.13699710369,
        "skew": 0.91090798378,
        "var": 38.4717140198
    },
    "dissonance": {
        "kurt": 2.59243345261,
        "max": 0.500000059605,
        "mean": 0.455761641264,
        "median": 0.462525010109,
        "min": 0.255771875381,
        "skew": -1.35065186024,
        "var": 0.00102953286842
    },
    "hfc": {
        "kurt": 15.7191982269,
        "max": 47.1728210449,
        "mean": 3.82022309303,
        "median": 2.37367677689,
        "min": 0.364773511887,
        "skew": 3.31656956673,
        "var": 17.1028385162
    },
    "pitch": {
        "kurt": 95.539276123,
        "max": 5516.02880859,
        "mean": 326.749969482,
        "median": 278.193023682,
        "min": 53.2975158691,
        "skew": 8.36174678802,
        "var": 87233.25
    },
    "pitch_instantaneous_confidence": {
        "kurt": 0.0842587947845,
        "max": 0.93675416708,
        "mean": 0.411195755005,
        "median": 0.379968047142,
        "min": 0.108355402946,
        "skew": 0.771162092686,
        "var": 0.0245845019817
    },
    "pitch_salience": {
        "kurt": 0.657192707062,
        "max": 0.915974318981,
        "mean": 0.664058685303,
        "median": 0.678291559219,
        "min": 0.203226327896,
        "skew": -0.771597206593,
        "var": 0.00938308145851
    },
    "silence_rate_20dB": {
        "kurt": 0,
        "max": 1,
        "mean": 1,
        "median": 1,
        "min": 1,
        "skew": 0,
        "var": 0
    },
    "silence_rate_30dB": {
        "kurt": 0,
        "max": 1,
        "mean": 1,
        "median": 1,
        "min": 1,
        "skew": 0,
        "var": 0
    },
    "silence_rate_60dB": {
        "kurt": -1.93473351002,
        "max": 1,
        "mean": 0.563299059868,
        "median": 1,
        "min": 0,
        "skew": -0.255272328854,
        "var": 0.245984166861
    },
    "spectral_centroid": {
        "kurt": 5.63325119019,
        "max": 3056.4987793,
        "mean": 921.077392578,
        "median": 854.517089844,
        "min": 305.194335938,
        "skew": 1.91746640205,
        "var": 87050.546875
    },
    "spectral_complexity": {
        "kurt": 2.96962213516,
        "max": 39,
        "mean": 8.81852245331,
        "median": 8,
        "min": 0,
        "skew": 1.22685968876,
        "var": 13.2746276855
    },
    "spectral_crest": {
        "kurt": 1.54222488403,
        "max": 24.6084079742,
        "mean": 8.77847385406,
        "median": 7.95151758194,
        "min": 2.99611949921,
        "skew": 1.21057069302,
        "var": 11.8380508423
    },
    "spectral_decrease": {
        "kurt": 11.2875375748,
        "max": -9.5933774813e-11,
        "mean": -1.00390473712e-09,
        "median": -6.72972122473e-10,
        "min": -8.66867999605e-09,
        "skew": -2.86971139908,
        "var": 9.3446728217e-19
    },
    "spectral_energy": {
        "kurt": 10.9754123688,
        "max": 0.0348653048277,
        "mean": 0.00413545640185,
        "median": 0.00276709394529,
        "min": 0.000404479244025,
        "skew": 2.83597588539,
        "var": 1.57944195962e-05
    },
    "spectral_energyband_high": {
        "kurt": 134.678833008,
        "max": 0.00385644170456,
        "mean": 9.18389923754e-05,
        "median": 4.54275068478e-05,
        "min": 6.20873834123e-06,
        "skew": 9.69654655457,
        "var": 3.65719188267e-08
    },
    "spectral_energyband_low": {
        "kurt": 189.617416382,
        "max": 0.00271022412926,
        "mean": 2.88021619781e-05,
        "median": 8.03587317932e-06,
        "min": 4.65633114288e-08,
        "skew": 11.8016405106,
        "var": 1.28903776542e-08
    },
    "spectral_energyband_middle_high": {
        "kurt": 42.8377990723,
        "max": 0.0292907208204,
        "mean": 0.00124126148876,
        "median": 0.000670054112561,
        "min": 0.000104957500298,
        "skew": 5.16616821289,
        "var": 3.20909634866e-06
    },
    "spectral_energyband_middle_low": {
        "kurt": 16.6277084351,
        "max": 0.032226536423,
        "mean": 0.002865341492,
        "median": 0.00187262310646,
        "min": 0.000222265938646,
        "skew": 3.40199971199,
        "var": 9.00128361536e-06
    },
    "spectral_flatness_db": {
        "kurt": 1.10113143921,
        "max": 0.35904571414,
        "mean": 0.197938889265,
        "median": 0.194872438908,
        "min": 0.109957933426,
        "skew": 0.666695833206,
        "var": 0.00105027668178
    },
    "spectral_flux": {
        "kurt": 4.36249160767,
        "max": 0.164962038398,
        "mean": 0.0402340851724,
        "median": 0.0347938202322,
        "min": 0.0132366651669,
        "skew": 1.76823341846,
        "var": 0.000374480208848
    },
    "spectral_kurtosis": {
        "kurt": 2.3988275528,
        "max": 21.1050186157,
        "mean": 5.40758657455,
        "median": 5.07361602783,
        "min": -0.731947422028,
        "skew": 1.03945672512,
        "var": 5.97344446182
    },
    "spectral_rms": {
        "kurt": 2.71572971344,
        "max": 0.00583223206922,
        "mean": 0.00185391015839,
        "median": 0.00164304720238,
        "min": 0.00062818301376,
        "skew": 1.49840223789,
        "var": 5.97608334374e-07
    },
    "spectral_rolloff": {
        "kurt": 1.82715368271,
        "max": 6029.296875,
        "mean": 1470.77844238,
        "median": 1227.39257812,
        "min": 322.998046875,
        "skew": 1.35005629063,
        "var": 567154.25
    },
    "spectral_skewness": {
        "kurt": 0.441697120667,
        "max": 3.6122174263,
        "mean": 1.9464495182,
        "median": 1.94275069237,
        "min": 0.332471430302,
        "skew": 0.148456007242,
        "var": 0.140525043011
    },
    "spectral_spread": {
        "kurt": 3.6880941391,
        "max": 12987701,
        "mean": 4400918,
        "median": 4232312,
        "min": 2010343.25,
        "skew": 1.28721606731,
        "var": 1.06952359936e+12
    },
    "spectral_strongpeak": {
        "kurt": 19.0628700256,
        "max": 8.37000656128,
        "mean": 0.590547263622,
        "median": 0.372661411762,
        "min": 0.0137147158384,
        "skew": 3.48329758644,
        "var": 0.445362240076
    },
    "zerocrossingrate": {
        "kurt": 2.28216695786,
        "max": 0.15185546875,
        "mean": 0.0562140084803,
        "median": 0.0537109375,
        "min": 0.01953125,
        "skew": 1.2067656517,
        "var": 0.000243627728196
    },
    "barkbands": {
        "kurt": [6367.46777344, 158.351119995, 230.638061523, 253.655609131, 111.286834717, 60.7271308899, 92.8654327393, 82.8466033936, 76.7461624146, 201.263870239, 159.107086182, 872.2578125, 441.266021729, 684.733093262, 245.226333618, 200.614807129, 185.953231812, 93.1828536987, 321.494476318, 108.788223267, 335.916503906, 322.272644043, 195.03894043, 802.759887695, 148.606079102, 1114.59033203, 99.8744735718],
        "max": [1.96362498173e-06, 0.000207644712646, 0.00158593989909, 0.00309424521402, 0.0112562701106, 0.0154725592583, 0.0212135799229, 0.0267635453492, 0.0238658953458, 0.0281457342207, 0.0112503990531, 0.0253477320075, 0.0118387704715, 0.0140616809949, 0.0118469409645, 0.00594043824822, 0.0055459565483, 0.0035075256601, 0.00548933260143, 0.00353224179707, 0.00291439308785, 0.000747059821151, 0.000177197798621, 0.000152061998961, 2.86387876258e-05, 1.99425971914e-06, 6.54710419212e-09],
        "mean": [1.03474084856e-09, 1.64390326063e-06, 1.40101055877e-05, 3.26194094669e-05, 0.00033190427348, 0.000550782773644, 0.000499685760587, 0.000676990486681, 0.000617456040345, 0.000376452720957, 0.000167750869878, 0.000124343190691, 8.33625017549e-05, 0.000100829434814, 0.000124422469526, 8.35293467389e-05, 8.82646636455e-05, 7.4300034612e-05, 6.39317731839e-05, 7.06508508301e-05, 3.61506754416e-05, 1.08568701762e-05, 3.36603329743e-06, 1.48970593727e-06, 6.61338560803e-07, 1.30703643464e-08, 1.91252277904e-10],
        "median": [2.5863866604e-10, 1.44305488448e-07, 2.92764389087e-06, 1.38545519803e-05, 0.000208441255381, 0.000299169769278, 0.00024780377862, 0.000280120177194, 0.000236672465689, 0.000141107768286, 6.77422358422e-05, 4.23513993155e-05, 2.64168011199e-05, 3.7543970393e-05, 4.02869227401e-05, 3.07768350467e-05, 3.59198638762e-05, 2.86456124741e-05, 2.80524182017e-05, 2.97057558782e-05, 1.67113685166e-05, 5.92032301938e-06, 1.84147825166e-06, 7.55247810957e-07, 3.32839874773e-07, 6.2909855103e-09, 9.86192100205e-11],
        "min": [1.16266978006e-14, 6.94372559451e-10, 1.51315604491e-09, 4.72590144796e-08, 1.64671359926e-06, 5.8668042584e-06, 9.15974851523e-06, 3.00024476019e-06, 1.97798885893e-06, 6.34651723885e-06, 2.46818603955e-06, 2.17916931433e-06, 1.30745036131e-06, 1.47888817992e-06, 2.15161617234e-06, 2.26258748626e-06, 2.22492849389e-06, 2.24394557335e-06, 2.33377727454e-06, 3.18789420817e-06, 1.7071243974e-06, 6.79992126607e-07, 1.51156797301e-07, 6.58524896835e-08, 2.70541811176e-08, 6.30504315424e-10, 2.26288844433e-12],
        "skew": [79.6803894043, 11.2184801102, 12.9236574173, 12.7014102936, 7.37760639191, 6.21624946594, 7.5151515007, 7.30490970612, 7.41206550598, 11.3263473511, 9.75527191162, 26.5463962555, 16.5056285858, 19.293806076, 12.5216245651, 12.4501123428, 11.6008815765, 8.20185375214, 14.1017379761, 8.72852897644, 14.7766256332, 15.1185750961, 11.0261831284, 22.8541870117, 9.50081634521, 27.431886673, 7.56084346771],
        "var": [6.02572250655e-16, 8.06423122723e-11, 4.13131617805e-09, 8.98534224802e-09, 2.01382931664e-07, 7.68155757669e-07, 8.46006969368e-07, 1.92496918316e-06, 1.99035230253e-06, 1.03880154256e-06, 1.58537062589e-07, 4.35912141938e-07, 9.36203434776e-08, 9.69182494259e-08, 1.54724943968e-07, 7.24315469824e-08, 5.43299272238e-08, 3.2266910921e-08, 2.77739680143e-08, 2.71026827647e-08, 8.42365110998e-09, 6.1300015064e-10, 3.99581756572e-11, 1.32805780262e-11, 1.51245693487e-12, 1.64985924499e-15, 1.00162860934e-19],
        "cov": [[6.02666218372e-16, 2.25686825422e-15, 5.65365057897e-15, 3.93600244018e-15, 1.44654945032e-13, 2.39175893717e-13, 9.32559490242e-14, 2.87354883811e-13, 6.71995350533e-14, 3.59234533396e-14, -1.2098797543e-14, 1.36168881075e-14, -1.8418318086e-14, -2.555746159e-15, -5.12179732084e-15, -1.5252158057e-14, -7.53343818805e-15, 1.69923152494e-15, -7.73848622985e-15, -2.3326607094e-16, -2.92046774642e-15, -1.18934341932e-15, -6.45984647965e-16, -2.56821977794e-16, -1.10781639226e-16, -1.83207705061e-18, 1.37823199982e-18], [2.25686825422e-15, 8.0654892487e-11, 3.8326078422e-10, 3.84250048446e-10, 3.7758443594e-10, 7.75949790532e-11, -3.17187005827e-11, -3.42674527642e-10, -1.89859530875e-10, -1.22874668773e-10, -1.44229281296e-11, -4.33145741496e-11, -4.54731044486e-11, -3.43182531004e-11, -6.27643631512e-11, -3.9898116061e-11, -3.8923888418e-11, -3.47413070534e-11, -3.45180134476e-11, -3.23228666055e-11, -2.11303752273e-11, -4.88758339356e-12, -1.878665409e-12, -9.16091638312e-13, -3.96140341667e-13, -9.57734563043e-15, -1.05851763544e-17], [5.65365057897e-15, 3.8326078422e-10, 4.13196055149e-09, 3.99296418152e-09, 3.28770721758e-09, 8.12347744628e-10, 2.22599341737e-10, -2.27047913803e-09, -5.09179920449e-10, -9.1280238923e-10, -8.1564435761e-11, -3.78189674022e-10, -2.72672689983e-10, -2.58198684655e-10, -4.15343454074e-10, -1.75940373381e-10, -2.22670076822e-10, -2.01002117728e-10, -2.30097829679e-10, -1.97666313873e-10, -1.39015965406e-10, -2.83806016882e-11, -1.0797361269e-11, -4.80464322841e-12, -2.24510362558e-12, -5.79649921269e-14, 9.18667251523e-17], [3.93600244018e-15, 3.84250048446e-10, 3.99296418152e-09, 8.98674379357e-09, 6.12138872924e-09, 2.79408540749e-09, 6.93509361049e-10, -3.34037042471e-09, 1.20169030282e-09, -1.39926037424e-09, -9.87770976124e-11, -6.85490608721e-10, -4.35069480442e-10, -3.6345509935e-10, -6.20499762682e-10, -4.05132094539e-10, -3.7448252832e-10, -2.99107183466e-10, -1.2767917279e-10, -2.73256972605e-10, -1.75455344698e-10, -5.07070600786e-11, -1.75451927292e-11, -6.92685709139e-12, -4.04499047105e-12, -9.61409703476e-14, -1.78165029239e-16], [1.44654945032e-13, 3.7758443594e-10, 3.28770721758e-09, 6.12138872924e-09, 2.01414337653e-07, 5.96845879386e-08, 4.72871697355e-08, 7.44824646404e-08, 2.54448444537e-08, 2.14376036922e-08, 5.967780492e-09, 3.71188568771e-09, 2.03197059179e-09, 3.55464546686e-09, 5.00471397658e-09, 4.8938857411e-09, 1.04350803554e-08, 5.58190205169e-09, 1.86403559255e-09, 3.78961395597e-09, 1.19098830798e-09, 3.47197076644e-10, 3.4428678658e-11, 7.17302953146e-11, 3.49636743169e-11, 2.49162859399e-13, 1.23556840012e-14], [2.39175893717e-13, 7.75949790532e-11, 8.12347744628e-10, 2.79408540749e-09, 5.96845879386e-08, 7.68275583596e-07, 1.41028237977e-07, 1.36434778142e-07, 1.65399711705e-07, 4.4656712106e-08, 3.09348386907e-08, 2.20495639525e-08, 7.77907693816e-09, 1.57333666095e-08, 2.86691932416e-08, 6.7439134277e-09, 1.27420056728e-08, 8.80382966528e-09, 8.81608208658e-09, 8.36702440665e-09, 6.03551963962e-09, 9.84670678328e-10, 7.91382098742e-11, 3.34601825414e-11, 1.75014915754e-11, 1.66081490466e-13, 3.04311799013e-14], [9.32559490242e-14, -3.17187005827e-11, 2.22599341737e-10, 6.93509361049e-10, 4.72871697355e-08, 1.41028237977e-07, 8.461388461e-07, 1.5352073035e-07, 1.61263443488e-07, 3.750808375e-08, 4.60153621873e-08, 1.53305972361e-08, 3.67626178388e-08, 2.74028568725e-08, 2.64465036537e-08, 1.10052882363e-08, 1.62105209256e-08, 1.71478315991e-08, 6.99935887027e-09, 1.50526258125e-08, 6.56169962809e-09, 2.14981321633e-09, 5.30805122079e-10, 1.25547905405e-10, 7.06133207462e-11, 8.38484609435e-13, 3.34121869983e-14], [2.87354883811e-13, -3.42674527642e-10, -2.27047913803e-09, -3.34037042471e-09, 7.44824646404e-08, 1.36434778142e-07, 1.5352073035e-07, 1.92526954379e-06, 3.18181236025e-07, 2.53333922728e-07, 7.02963021126e-08, 3.55004772246e-08, 1.49953773843e-08, 5.1212452945e-08, 5.31861950037e-08, 2.20158380415e-08, 3.31221698957e-08, 4.25519424141e-08, 1.77478156616e-08, 2.76804286159e-08, 8.9110470114e-09, 1.66947689006e-09, 3.56157020542e-10, 2.69004374331e-10, 6.36550048783e-11, 1.49325441335e-12, 1.14772151201e-13], [6.71995350533e-14, -1.89859530875e-10, -5.09179920449e-10, 1.20169030282e-09, 2.54448444537e-08, 1.65399711705e-07, 1.61263443488e-07, 3.18181236025e-07, 1.99066266759e-06, 1.37500919095e-07, 9.07586468202e-08, 5.69928069183e-08, 5.61184982928e-08, 5.86770028121e-08, 8.07066129482e-08, 1.48805208156e-08, 2.24102780777e-08, 4.20135819468e-08, 2.08508552646e-08, 1.85960189469e-08, 1.63119082686e-08, 1.35267819168e-09, 1.75971376359e-10, 1.13174677963e-10, 4.56607598953e-11, 4.08159834056e-14, 6.81823168888e-14], [3.59234533396e-14, -1.22874668773e-10, -9.1280238923e-10, -1.39926037424e-09, 2.14376036922e-08, 4.4656712106e-08, 3.750808375e-08, 2.53333922728e-07, 1.37500919095e-07, 1.03896354631e-06, 7.03061644458e-08, 6.94190447348e-08, 2.8045313627e-08, 2.87338863814e-08, 1.42843026296e-08, 2.0999989303e-08, 1.42256721958e-08, 2.25188294678e-08, 7.09556102763e-09, 1.19383276598e-08, 2.96870017458e-09, 5.62224433676e-10, 1.85463963631e-10, -9.97603909203e-12, -1.55846494564e-12, -1.81392159865e-13, 6.41324084225e-14], [-1.2098797543e-14, -1.44229281296e-11, -8.1564435761e-11, -9.87770976124e-11, 5.967780492e-09, 3.09348386907e-08, 4.60153621873e-08, 7.02963021126e-08, 9.07586468202e-08, 7.03061644458e-08, 1.58561789476e-07, 2.63705643988e-08, 2.62942574381e-08, 1.22881607112e-08, 1.41169147483e-08, 6.78517464436e-09, 8.62972893145e-09, 8.35612112837e-09, 4.06747036052e-09, 4.52809612028e-09, 1.07926134696e-09, 5.57969559445e-10, 1.28991289872e-10, 1.2928955866e-12, -2.3041546969e-12, 2.19546077959e-14, 2.59780583411e-14], [1.36168881075e-14, -4.33145741496e-11, -3.78189674022e-10, -6.85490608721e-10, 3.71188568771e-09, 2.20495639525e-08, 1.53305972361e-08, 3.55004772246e-08, 5.69928069183e-08, 6.94190447348e-08, 2.63705643988e-08, 4.35980126667e-07, 2.04499563949e-08, 1.19203038551e-08, 5.29553378925e-09, 7.16283521385e-09, 5.477210685e-09, 9.02434571515e-09, 7.33269489572e-09, 4.84038631399e-09, 1.1939165212e-09, 3.75896647142e-10, 1.24456986383e-10, 5.6333892412e-11, 2.57855369001e-11, 3.93256716254e-13, 1.87097058902e-14], [-1.8418318086e-14, -4.54731044486e-11, -2.72672689983e-10, -4.35069480442e-10, 2.03197059179e-09, 7.77907693816e-09, 3.67626178388e-08, 1.49953773843e-08, 5.61184982928e-08, 2.8045313627e-08, 2.62942574381e-08, 2.04499563949e-08, 9.36349451308e-08, 1.32790223262e-08, 7.68024754905e-09, 1.87734494617e-09, 1.31264137337e-08, 4.83843853871e-09, 4.05624600575e-09, 8.13196354699e-09, 1.41129175013e-09, 1.94420834987e-09, 5.98926075401e-10, 9.6008333228e-11, 3.39123694404e-11, 1.38014578065e-12, 7.09060131641e-15], [-2.555746159e-15, -3.43182531004e-11, -2.58198684655e-10, -3.6345509935e-10, 3.55464546686e-09, 1.57333666095e-08, 2.74028568725e-08, 5.1212452945e-08, 5.86770028121e-08, 2.87338863814e-08, 1.22881607112e-08, 1.19203038551e-08, 1.32790223262e-08, 9.69333626699e-08, 1.94067517612e-08, 6.50300302496e-09, 8.44451530924e-09, 8.56257642567e-09, 6.34446672976e-09, 1.10697495614e-08, 3.20978243984e-09, 6.25856033665e-10, 9.14082559644e-11, 6.49279172094e-11, 2.80296636596e-11, 5.15426351773e-13, 1.09460610877e-14], [-5.12179732084e-15, -6.27643631512e-11, -4.15343454074e-10, -6.20499762682e-10, 5.00471397658e-09, 2.86691932416e-08, 2.64465036537e-08, 5.31861950037e-08, 8.07066129482e-08, 1.42843026296e-08, 1.41169147483e-08, 5.29553378925e-09, 7.68024754905e-09, 1.94067517612e-08, 1.54749073999e-07, 1.72546723576e-08, 1.64527058644e-08, 1.37072131423e-08, 1.04598374406e-08, 1.85353954407e-08, 1.14159872666e-08, 1.45191070278e-09, 2.45108461305e-10, 5.12694990629e-11, 1.27418136806e-11, 4.3318983383e-13, 1.2284826307e-14], [-1.5252158057e-14, -3.9898116061e-11, -1.75940373381e-10, -4.05132094539e-10, 4.8938857411e-09, 6.7439134277e-09, 1.10052882363e-08, 2.20158380415e-08, 1.48805208156e-08, 2.0999989303e-08, 6.78517464436e-09, 7.16283521385e-09, 1.87734494617e-09, 6.50300302496e-09, 1.72546723576e-08, 7.24428446119e-08, 1.87444122446e-08, 1.06289306245e-08, 9.90003012902e-09, 1.2265539695e-08, 5.28574117808e-09, 7.36148253466e-10, 1.1110706799e-10, 6.39814104475e-11, 1.9905072382e-11, 3.61812603532e-13, 7.85031151955e-15], [-7.53343818805e-15, -3.8923888418e-11, -2.22670076822e-10, -3.7448252832e-10, 1.04350803554e-08, 1.27420056728e-08, 1.62105209256e-08, 3.31221698957e-08, 2.24102780777e-08, 1.42256721958e-08, 8.62972893145e-09, 5.477210685e-09, 1.31264137337e-08, 8.44451530924e-09, 1.64527058644e-08, 1.87444122446e-08, 5.43384004459e-08, 1.70219873752e-08, 1.0084635349e-08, 1.17237446418e-08, 4.27672697256e-09, 1.73215597421e-09, 3.61573188057e-10, 6.896441751e-11, 3.29428810619e-11, 7.27823996818e-13, 9.17794503184e-15], [1.69923152494e-15, -3.47413070534e-11, -2.01002117728e-10, -2.99107183466e-10, 5.58190205169e-09, 8.80382966528e-09, 1.71478315991e-08, 4.25519424141e-08, 4.20135819468e-08, 2.25188294678e-08, 8.35612112837e-09, 9.02434571515e-09, 4.83843853871e-09, 8.56257642567e-09, 1.37072131423e-08, 1.06289306245e-08, 1.70219873752e-08, 3.22719415635e-08, 1.13132845314e-08, 1.17221565787e-08, 4.69499195077e-09, 1.23716681344e-09, 1.78918851956e-10, 6.47005227172e-11, 2.65936959953e-11, 5.31040814621e-13, 1.03908741895e-14], [-7.73848622985e-15, -3.45180134476e-11, -2.30097829679e-10, -1.2767917279e-10, 1.86403559255e-09, 8.81608208658e-09, 6.99935887027e-09, 1.77478156616e-08, 2.08508552646e-08, 7.09556102763e-09, 4.06747036052e-09, 7.33269489572e-09, 4.05624600575e-09, 6.34446672976e-09, 1.04598374406e-08, 9.90003012902e-09, 1.0084635349e-08, 1.13132845314e-08, 2.77782987723e-08, 1.09534177284e-08, 7.30985316721e-09, 4.85259943339e-10, 1.00988287177e-10, 4.94204364931e-11, 2.11239463421e-11, 3.28151432893e-13, 5.55290871539e-15], [-2.3326607094e-16, -3.23228666055e-11, -1.97666313873e-10, -2.73256972605e-10, 3.78961395597e-09, 8.36702440665e-09, 1.50526258125e-08, 2.76804286159e-08, 1.85960189469e-08, 1.19383276598e-08, 4.52809612028e-09, 4.84038631399e-09, 8.13196354699e-09, 1.10697495614e-08, 1.85353954407e-08, 1.2265539695e-08, 1.17237446418e-08, 1.17221565787e-08, 1.09534177284e-08, 2.7106910494e-08, 7.78127695611e-09, 1.07655873105e-09, 1.85103835038e-10, 5.93785368097e-11, 2.85078679413e-11, 6.26359478607e-13, 7.40187703068e-15], [-2.92046774642e-15, -2.11303752273e-11, -1.39015965406e-10, -1.75455344698e-10, 1.19098830798e-09, 6.03551963962e-09, 6.56169962809e-09, 8.9110470114e-09, 1.63119082686e-08, 2.96870017458e-09, 1.07926134696e-09, 1.1939165212e-09, 1.41129175013e-09, 3.20978243984e-09, 1.14159872666e-08, 5.28574117808e-09, 4.27672697256e-09, 4.69499195077e-09, 7.30985316721e-09, 7.78127695611e-09, 8.42496472586e-09, 4.98639851632e-10, 9.10461636638e-11, 3.42775287321e-11, 1.38006299097e-11, 2.67892587454e-13, 4.4086739298e-15], [-1.18934341932e-15, -4.88758339356e-12, -2.83806016882e-11, -5.07070600786e-11, 3.47197076644e-10, 9.84670678328e-10, 2.14981321633e-09, 1.66947689006e-09, 1.35267819168e-09, 5.62224433676e-10, 5.57969559445e-10, 3.75896647142e-10, 1.94420834987e-09, 6.25856033665e-10, 1.45191070278e-09, 7.36148253466e-10, 1.73215597421e-09, 1.23716681344e-09, 4.85259943339e-10, 1.07655873105e-09, 4.98639851632e-10, 6.13095740842e-10, 1.11651111967e-10, 2.48126814234e-11, 9.54290813038e-12, 2.92879950977e-13, 1.50698384503e-15], [-6.45984647965e-16, -1.878665409e-12, -1.0797361269e-11, -1.75451927292e-11, 3.4428678658e-11, 7.91382098742e-11, 5.30805122079e-10, 3.56157020542e-10, 1.75971376359e-10, 1.85463963631e-10, 1.28991289872e-10, 1.24456986383e-10, 5.98926075401e-10, 9.14082559644e-11, 2.45108461305e-10, 1.1110706799e-10, 3.61573188057e-10, 1.78918851956e-10, 1.00988287177e-10, 1.85103835038e-10, 9.10461636638e-11, 1.11651111967e-10, 3.99644067839e-11, 1.23356758835e-11, 4.30073815103e-12, 1.25352351654e-13, 5.48958400286e-16], [-2.56821977794e-16, -9.16091638312e-13, -4.80464322841e-12, -6.92685709139e-12, 7.17302953146e-11, 3.34601825414e-11, 1.25547905405e-10, 2.69004374331e-10, 1.13174677963e-10, -9.97603909203e-12, 1.2928955866e-12, 5.6333892412e-11, 9.6008333228e-11, 6.49279172094e-11, 5.12694990629e-11, 6.39814104475e-11, 6.896441751e-11, 6.47005227172e-11, 4.94204364931e-11, 5.93785368097e-11, 3.42775287321e-11, 2.48126814234e-11, 1.23356758835e-11, 1.32826484187e-11, 3.48793823685e-12, 9.5112502943e-14, 4.69767860679e-16], [-1.10781639226e-16, -3.96140341667e-13, -2.24510362558e-12, -4.04499047105e-12, 3.49636743169e-11, 1.75014915754e-11, 7.06133207462e-11, 6.36550048783e-11, 4.56607598953e-11, -1.55846494564e-12, -2.3041546969e-12, 2.57855369001e-11, 3.39123694404e-11, 2.80296636596e-11, 1.27418136806e-11, 1.9905072382e-11, 3.29428810619e-11, 2.65936959953e-11, 2.11239463421e-11, 2.85078679413e-11, 1.38006299097e-11, 9.54290813038e-12, 4.30073815103e-12, 3.48793823685e-12, 1.51269274884e-12, 3.59098770956e-14, 1.34324589123e-16], [-1.83207705061e-18, -9.57734563043e-15, -5.79649921269e-14, -9.61409703476e-14, 2.49162859399e-13, 1.66081490466e-13, 8.38484609435e-13, 1.49325441335e-12, 4.08159834056e-14, -1.81392159865e-13, 2.19546077959e-14, 3.93256716254e-13, 1.38014578065e-12, 5.15426351773e-13, 4.3318983383e-13, 3.61812603532e-13, 7.27823996818e-13, 5.31040814621e-13, 3.28151432893e-13, 6.26359478607e-13, 2.67892587454e-13, 2.92879950977e-13, 1.25352351654e-13, 9.5112502943e-14, 3.59098770956e-14, 1.65011653125e-15, 4.68388209444e-18], [1.37823199982e-18, -1.05851763544e-17, 9.18667251523e-17, -1.78165029239e-16, 1.23556840012e-14, 3.04311799013e-14, 3.34121869983e-14, 1.14772151201e-13, 6.81823168888e-14, 6.41324084225e-14, 2.59780583411e-14, 1.87097058902e-14, 7.09060131641e-15, 1.09460610877e-14, 1.2284826307e-14, 7.85031151955e-15, 9.17794503184e-15, 1.03908741895e-14, 5.55290871539e-15, 7.40187703068e-15, 4.4086739298e-15, 1.50698384503e-15, 5.48958400286e-16, 4.69767860679e-16, 1.34324589123e-16, 4.68388209444e-18, 1.00178480431e-19]]
    },
    "mfcc": {
        "kurt": [-0.154022932053, 1.21775007248, 0.91019487381, 0.455840587616, 0.780738353729, 0.405641794205, 0.504548311234, 0.566678524017, 0.616223335266, 0.330489873886, 0.619696378708, 0.174525499344, 0.452368974686],
        "max": [-617.312683105, 192.104492188, 14.8435554504, 62.8866424561, 6.65332794189, 17.6057472229, 26.7395896912, 16.9194908142, 26.8734359741, 23.326833725, 17.0381774902, 15.983165741, 28.3148002625],
        "mean": [-745.196960449, 123.295181274, -52.1940002441, 7.4635014534, -44.6586074829, -28.5597572327, -28.0031471252, -22.1069412231, -13.2383346558, -12.4234008789, -15.4699392319, -13.3873472214, -11.4060926437],
        "median": [-746.885375977, 124.410720825, -51.1870193481, 6.85744667053, -44.8759460449, -28.3746376038, -27.8362598419, -22.1518745422, -13.5725412369, -12.6232147217, -15.5557746887, -13.3265342712, -11.3457736969],
        "min": [-830.544372559, 10.5753135681, -136.709381104, -46.0755653381, -99.4657821655, -83.475692749, -71.3004760742, -71.0849075317, -54.3314971924, -50.855632782, -59.330909729, -43.1562919617, -47.722366333],
        "skew": [0.335968464613, -0.414898812771, -0.40448141098, 0.200856506824, 0.0629315376282, -0.0630384758115, 0.0321594178677, -0.0477979145944, 0.154740333557, 0.0822917073965, -0.0839199721813, -0.0451235286891, -0.0459347702563],
        "var": [946.050842285, 413.964996338, 307.696746826, 187.28704834, 137.228759766, 137.699356079, 115.125022888, 98.502456665, 85.5366363525, 77.6051712036, 78.2214431763, 61.5647125244, 60.6917037964],
        "cov": [[946.198364258, -172.845626831, -139.574890137, -5.37588214874, -32.4613952637, -53.4318656921, 5.13332462311, -19.7021522522, 0.916845440865, 29.1846008301, 14.0795993805, 23.2336559296, 6.1970872879], [-172.845626831, 414.029541016, -7.66964817047, 10.0831718445, 19.1824512482, 47.7419052124, 41.6865158081, 32.3070068359, 32.6773071289, 9.45325565338, 6.59737443924, 7.68879318237, 5.79868125916], [-139.574890137, -7.66964817047, 307.744720459, 22.6167602539, 37.2001495361, 38.5273628235, 15.3670301437, 36.2326393127, 2.59171104431, -3.50164055824, 15.8558835983, 12.0595531464, 19.7634754181], [-5.37588214874, 10.0831718445, 22.6167602539, 187.316253662, 60.0363578796, 8.46829414368, 11.3529815674, 7.54515552521, 34.5565910339, 17.750705719, 1.02953732014, 14.9050378799, 14.1788034439], [-32.4613952637, 19.1824512482, 37.2001495361, 60.0363578796, 137.250167847, 38.4446029663, 8.64832210541, 19.542345047, 22.4464874268, 16.4595317841, 8.87386798859, 11.356420517, 10.2234210968], [-53.4318656921, 47.7419052124, 38.5273628235, 8.46829414368, 38.4446029663, 137.720825195, 41.5416526794, 16.5976333618, 16.8798904419, 14.1021938324, 15.3917093277, 5.06300544739, 10.5548048019], [5.13332462311, 41.6865158081, 15.3670301437, 11.3529815674, 8.64832210541, 41.5416526794, 115.142974854, 37.5338935852, -0.805000185966, 11.0171937943, 12.4692497253, 11.6356229782, 7.15124988556], [-19.7021522522, 32.3070068359, 36.2326393127, 7.54515552521, 19.542345047, 16.5976333618, 37.5338935852, 98.5178146362, 24.0507164001, -0.567863643169, 7.61065816879, 4.44013118744, 11.5881404877], [0.916845440865, 32.6773071289, 2.59171104431, 34.5565910339, 22.4464874268, 16.8798904419, -0.805000185966, 24.0507164001, 85.5499801636, 29.9162788391, -3.91957950592, 4.41575479507, 2.79544091225], [29.1846008301, 9.45325565338, -3.50164055824, 17.750705719, 16.4595317841, 14.1021938324, 11.0171937943, -0.567863643169, 29.9162788391, 77.6172714233, 27.3895206451, 1.59297060966, -1.12265515327], [14.0795993805, 6.59737443924, 15.8558835983, 1.02953732014, 8.87386798859, 15.3917093277, 12.4692497253, 7.61065816879, -3.91957950592, 27.3895206451, 78.2336349487, 25.5263195038, -2.39603257179], [23.2336559296, 7.68879318237, 12.0595531464, 14.9050378799, 11.356420517, 5.06300544739, 11.6356229782, 4.44013118744, 4.41575479507, 1.59297060966, 25.5263195038, 61.5743103027, 21.2732772827], [6.1970872879, 5.79868125916, 19.7634754181, 14.1788034439, 10.2234210968, 10.5548048019, 7.15124988556, 11.5881404877, 2.79544091225, -1.12265515327, -2.39603257179, 21.2732772827, 60.7011680603]]
    },
    "sccoeffs": {
        "kurt": [-0.10792183876, 0.934482574463, 1.27416229248, 2.97859334946, 3.74232959747, 2.66809654236],
        "max": [-0.259256780148, -0.444125831127, -0.460863769054, -0.483355671167, -0.577687680721, -0.639722943306],
        "mean": [-0.500691056252, -0.75054371357, -0.763351619244, -0.795682489872, -0.81759172678, -0.79524409771],
        "median": [-0.500530958176, -0.759378671646, -0.773754239082, -0.806895017624, -0.826074063778, -0.797837138176],
        "min": [-0.735015332699, -0.900199174881, -0.909462988377, -0.908127427101, -0.890001416206, -0.866680920124],
        "skew": [-0.0275565944612, 0.802356123924, 0.962077498436, 1.43126296997, 1.5705704689, 1.0544501543],
        "var": [0.0054525048472, 0.00443861121312, 0.00425233552232, 0.00276149343699, 0.00142682832666, 0.000809771066997],
        "cov": [[0.00545335514471, 0.000297687423881, 0.000320535356877, 8.33689337014e-05, 0.000169053673744, -4.3155891035e-05], [0.000297687423881, 0.00443930365145, 0.00101650226861, 0.000833577068988, 0.000615693628788, 0.000249787379289], [0.000320535356877, 0.00101650226861, 0.004252998624, 0.0013451797422, 0.000755160930566, 0.000252410914982], [8.33689337014e-05, 0.000833577068988, 0.0013451797422, 0.00276192417368, 0.000960769189987, 0.000441897864221], [0.000169053673744, 0.000615693628788, 0.000755160930566, 0.000960769189987, 0.00142705091275, 0.000323836720781], [-4.3155891035e-05, 0.000249787379289, 0.000252410914982, 0.000441897864221, 0.000323836720781, 0.000809897319414]]
    },
    "scvalleys": {
        "kurt": [1.22887516022, 0.775847196579, 0.983553647995, 0.314532756805, 0.455395936966, -0.0448052883148],
        "max": [-5.98623657227, -4.1045923233, -4.31194400787, -5.61440563202, -5.7837433815, -8.0077457428],
        "mean": [-9.17920780182, -5.80954790115, -6.56349897385, -7.3185749054, -7.73123168945, -9.90680503845],
        "median": [-9.25847053528, -5.8076210022, -6.58155632019, -7.33446979523, -7.75800418854, -9.94071292877],
        "min": [-11.7668323517, -8.04393005371, -8.51381587982, -8.37550163269, -8.74312496185, -11.1295728683],
        "skew": [0.744594871998, -0.0880331993103, 0.305434346199, 0.314029246569, 0.496388316154, 0.387612849474],
        "var": [0.596675097942, 0.162174269557, 0.154675617814, 0.110622994602, 0.132908076048, 0.205706000328],
        "cov": [[0.596768140793, 0.0340980552137, 0.0375736877322, 0.0269623063505, 0.0136640919372, -0.00204570195638], [0.0340980552137, 0.162199556828, 0.0583399347961, 0.0433585718274, 0.0415978431702, 0.0323842838407], [0.0375736877322, 0.0583399347961, 0.154699742794, 0.0563012808561, 0.040612552315, 0.0245107375085], [0.0269623063505, 0.0433585718274, 0.0563012808561, 0.110640242696, 0.0624833665788, 0.0395310930908], [0.0136640919372, 0.0415978431702, 0.040612552315, 0.0624833665788, 0.132928803563, 0.096826300025], [-0.00204570195638, 0.0323842838407, 0.0245107375085, 0.0395310930908, 0.096826300025, 0.205738082528]]
    }
},
"rhythm": {
    "beats_loudness": {
        "kurt": 4.28830385208,
        "max": 0.0228471755981,
        "mean": 0.00447128899395,
        "median": 0.00312553835101,
        "min": 0.000679134042002,
        "skew": 1.99146485329,
        "var": 1.4992283468e-05
    },
    "bpm": 152.211074829,
    "confidence": -0.121851205826,
    "first_peak_bpm": {
        "kurt": 0,
        "max": 152,
        "mean": 152,
        "median": 152,
        "min": 152,
        "skew": 0,
        "var": 0
    },
    "first_peak_spread": {
        "kurt": 0,
        "max": 0.413043439388,
        "mean": 0.413043439388,
        "median": 0.413043439388,
        "min": 0.413043439388,
        "skew": 0,
        "var": 0
    },
    "first_peak_weight": {
        "kurt": 0,
        "max": 0.0900000035763,
        "mean": 0.0900000035763,
        "median": 0.0900000035763,
        "min": 0.0900000035763,
        "skew": 0,
        "var": 0
    },
    "onset_rate": 2.73993611336,
    "second_peak_bpm": {
        "kurt": 0,
        "max": 112,
        "mean": 112,
        "median": 112,
        "min": 112,
        "skew": 0,
        "var": 0
    },
    "second_peak_spread": {
        "kurt": 0,
        "max": 0.647058844566,
        "mean": 0.647058844566,
        "median": 0.647058844566,
        "min": 0.647058844566,
        "skew": 0,
        "var": 0
    },
    "second_peak_weight": {
        "kurt": 0,
        "max": 0.0799999982119,
        "mean": 0.0799999982119,
        "median": 0.0799999982119,
        "min": 0.0799999982119,
        "skew": 0,
        "var": 0
    },
    "beats_loudness_band_ratio": {
        "kurt": [25.6408233643, 0.853445768356, -0.703382968903, 3.84842061996, 10.2653579712, 16.9743080139],
        "max": [0.377363443375, 0.739460408688, 0.875438213348, 0.809308350086, 0.724773585796, 0.544532060623],
        "mean": [0.0265293382108, 0.235314458609, 0.451969325542, 0.178827628493, 0.110454075038, 0.0537010394037],
        "median": [0.0147683518007, 0.207077488303, 0.452916353941, 0.138898447156, 0.0765408873558, 0.0331287644804],
        "min": [3.91303074139e-05, 0.0215868558735, 0.0504563078284, 0.016399582848, 0.0128548489884, 0.005296302028],
        "skew": [4.28230762482, 0.953901708126, -0.0436557382345, 1.86431026459, 2.89258956909, 3.66521644592],
        "var": [0.00163466786034, 0.0197878330946, 0.0312499012798, 0.0200771801174, 0.0108211888, 0.00435630604625],
        "cov": [[0.0016401167959, 0.000929388217628, -0.000854811572935, -0.000474795262562, -0.000472256651847, -0.000232575068367], [0.000929388217628, 0.0198537930846, -0.00883771106601, -0.00512062944472, -0.00375130143948, -0.00174811761826], [-0.000854811572935, -0.00883771106601, 0.0313540697098, -0.0100093707442, -0.00764236785471, -0.00383231882006], [-0.000474795262562, -0.00512062944472, -0.0100093707442, 0.0201441049576, -0.00197748607025, -0.00134829897434], [-0.000472256651847, -0.00375130143948, -0.00764236785471, -0.00197748607025, 0.0108572598547, 0.00239505036734], [-0.000232575068367, -0.00174811761826, -0.00383231882006, -0.00134829897434, 0.00239505036734, 0.00437082676217]]
    },
    "beats_position": [0.719818592072, 1.46285712719, 2.19428563118, 2.91410422325, 3.62231278419, 4.33052158356, 5.05034017563, 5.78176879883, 6.51319694519, 7.25623559952, 7.97605419159, 8.6958732605, 9.41569137573, 10.1471195221, 10.866938591, 11.5635375977, 12.2833557129, 13.0031747818, 13.6649427414, 14.3151016235, 14.9652605057, 15.6154193878, 16.2655773163, 16.8344669342, 17.3801364899, 17.9258041382, 18.483083725, 19.0403633118, 19.6092510223, 20.1781406403, 20.7470283508, 21.3043079376, 21.8499774933, 22.3840351105, 22.9297046661, 23.4753742218, 23.9978218079, 24.5086612701, 25.0195007324, 25.5419502258, 26.0527877808, 26.5752372742, 27.1557369232, 27.7246246338, 28.2819042206, 28.8391838074, 29.4080715179, 29.988571167, 30.5922889709, 31.1960086823, 31.8577766418, 32.5079345703, 33.1580963135, 33.8198623657, 34.4351921082, 35.0621299744, 35.6774597168, 36.2811775208, 36.8965072632, 37.5002250671, 38.0923347473, 38.6844444275, 39.2881622314, 39.8918800354, 40.4956016541, 41.099319458, 41.6101570129, 42.1209983826, 42.6318359375, 43.1194534302, 43.6186828613, 44.1063041687, 44.6055335999, 45.1163711548, 45.6039886475, 46.0916099548, 46.5676193237, 47.0320167542, 47.508026123, 48.0304756165, 48.5761451721, 49.1102027893, 49.6442604065, 50.1899299622, 50.7123794556, 51.2464370728, 51.7804985046, 52.3145561218, 52.8486175537, 53.3826751709, 53.9051246643, 54.4275741577, 54.9848518372, 55.5305213928, 56.06457901, 56.5754165649, 57.0862579346, 57.608707428, 58.1311569214, 58.6652145386, 59.1992721558, 59.6985015869, 60.2209510803, 60.7201805115, 61.2194099426, 61.7302474976, 62.2410888672, 62.7403144836, 63.2395439148, 63.7503852844, 64.1799545288, 64.5979156494, 65.0158691406, 65.4222183228, 65.8285675049, 66.2233123779, 66.6064376831, 67.0243988037, 67.4307479858, 67.8487091064, 68.2434463501, 68.6497955322, 69.0329208374, 69.4392700195, 69.8224029541, 70.2055282593, 70.6002731323, 70.995010376, 71.3781356812, 71.7612686157, 72.1676177979, 72.57396698, 72.9803161621, 73.3634490967, 73.7465744019, 74.1413116455, 74.5360565186, 74.9307937622, 75.3255310059, 75.7202682495, 76.1034011841, 76.5097503662, 76.9160995483, 77.2992248535, 77.6707458496, 78.0422668457, 78.4137878418, 78.7853012085, 79.1684341431, 79.5399551392, 79.8998641968, 80.282989502, 80.677734375, 81.0724716187, 81.4672088623, 81.8851699829, 82.3147354126, 82.7210845947, 83.1158294678, 83.5221786499, 83.928527832, 84.3464813232, 84.8457107544, 85.3449401855, 85.8441696167, 86.3550109863, 86.877456665, 87.3999099731, 87.9107437134, 88.4331970215, 88.9440383911, 89.4548721313, 89.965713501, 90.4765548706, 91.0222167969, 91.5562820435, 92.0787277222, 92.5895690918, 93.100402832, 93.6344680786, 94.1569137573, 94.6909713745, 95.2250289917, 95.7590942383, 96.2931518555, 96.8388214111, 97.4077072144, 97.9649887085, 98.4990463257, 99.0331039429, 99.5671615601, 100.124443054, 100.67011261, 101.215782166, 101.749839783, 102.2838974, 102.841178894, 103.398452759, 103.967346191, 104.571060181, 105.163169861, 105.732063293, 106.300949097, 106.869842529, 107.450340271, 108.042449951, 108.506843567, 108.98285675, 109.447257996, 109.911651611, 110.294784546, 110.677909851, 111.061042786, 111.455780029, 111.850517273, 112.245262146, 112.616775513, 113.011520386, 113.394645691, 113.789382935, 114.184127808, 114.578865051, 114.985214233, 115.379951477, 115.774688721, 116.134597778, 116.494506836, 116.866027832, 117.237548828, 117.597457886, 117.968978882, 118.317276001, 118.642356873, 119.013877869, 119.385391235, 119.76852417, 120.128433228, 120.476730347, 120.836639404, 121.2081604, 121.579681396, 121.951202393, 122.334327698, 122.729064941, 123.135414124, 123.553375244, 123.959724426, 124.35446167, 124.760810852, 125.155555725, 125.561904907, 125.968254089, 126.421043396, 126.873832703, 127.315010071, 127.756187439, 128.220581055, 128.673370361, 129.137771606, 129.61378479, 130.089797974, 130.565795898, 131.053421021, 131.529434204, 131.982223511, 132.423400879, 132.864578247, 133.317367554, 133.77015686, 134.222946167, 134.664123535, 135.105300903, 135.534866333, 135.98765564, 136.440444946, 136.835189819, 137.218322754, 137.601455688, 137.972961426, 138.35609436, 138.727615356, 139.099136353, 139.493881226, 139.923446655, 140.341400146, 140.759368896, 141.258590698, 141.757827759, 142.257049561, 142.756271362, 143.243896484, 143.766342163, 144.312011719, 144.846069336, 145.380126953, 145.902587891, 146.425033569, 146.93586731, 147.458312988, 147.980773926, 148.503219604],
