{
"metadata": {
    "version": {
        "essentia": "2.1-beta3"
    }
},
"lowLevel": {
    "average_loudness": 1.56030855578e-05,
    "barkbands_kurtosis": {
        "kurt": 379.740631104,
        "max": 280.613006592,
        "mean": 0.188351482153,
        "median": -1.13939666748,
        "min": -1.94701182842,
        "skew": 17.2674751282,
        "var": 84.0139007568
    },
    "barkbands_skewness": {
        "kurt": 19.92603302,
        "max": 7.96059608459,
        "mean": -0.0496095828712,
        "median": 0.118092656136,
        "min": -13.4384336472,
        "skew": -2.80670952797,
        "var": 1.32848596573
    },
    "barkbands_spread": {
        "kurt": 0.548077106476,
        "max": 83.7621994019,
        "mean": 31.8032360077,
        "median": 32.2293777466,
        "min": 0.328615039587,
        "skew": -0.175844073296,
        "var": 105.386749268
    },
    "dissonance": {
        "kurt": 14.2718830109,
        "max": 0.500000059605,
        "mean": 0.483854025602,
        "median": 0.487067341805,
        "min": 0.339818447828,
        "skew": -2.84203147888,
        "var": 0.000184804957826
    },
    "hfc": {
        "kurt": 430.044647217,
        "max": 14.7275485992,
        "mean": 0.0586269274354,
        "median": 0.00519560463727,
        "min": 1.13957708376e-16,
        "skew": 18.5961227417,
        "var": 0.180845856667
    },
    "pitch": {
        "kurt": -1.64761567116,
        "max": 4479.96923828,
        "mean": 1561.11108398,
        "median": 487.266052246,
        "min": 60.913608551,
        "skew": 0.434655725956,
        "var": 2277760.75
    },
    "pitch_instantaneous_confidence": {
        "kurt": 0.236671924591,
        "max": 0.974599063396,
        "mean": 0.370821863413,
        "median": 0.305912107229,
        "min": 0.0889737010002,
        "skew": 1.05202400684,
        "var": 0.038669552654
    },
    "pitch_salience": {
        "kurt": 3.2192401886,
        "max": 0.917801916599,
        "mean": 0.686203837395,
        "median": 0.708777070045,
        "min": 0.0946414247155,
        "skew": -1.45068275928,
        "var": 0.00855494849384
    },
    "silence_rate_20dB": {
        "kurt": 0,
        "max": 1,
        "mean": 1,
        "median": 1,
        "min": 1,
        "skew": 0,
        "var": 0
    },
    "silence_rate_30dB": {
        "kurt": 0,
        "max": 1,
        "mean": 1,
        "median": 1,
        "min": 1,
        "skew": 0,
        "var": 0
    },
    "silence_rate_60dB": {
        "kurt": 7386.94482422,
        "max": 1,
        "mean": 0.999864697456,
        "median": 1,
        "min": 0,
        "skew": -85.9617156982,
        "var": 0.000135272741318
    },
    "spectral_centroid": {
        "kurt": 8.2224149704,
        "max": 11337.7851562,
        "mean": 1582.07104492,
        "median": 1481.54821777,
        "min": 272.543945312,
        "skew": 1.4025914669,
        "var": 324738.96875
    },
    "spectral_complexity": {
        "kurt": 276.257171631,
        "max": 12,
        "mean": 0.0510756336153,
        "median": 0,
        "min": 0,
        "skew": 14.3594398499,
        "var": 0.180527120829
    },
    "spectral_crest": {
        "kurt": 3.39040851593,
        "max": 26.2755756378,
        "mean": 6.98231124878,
        "median": 5.8174238205,
        "min": 2.07487154007,
        "skew": 1.74248540401,
        "var": 14.2726154327
    },
    "spectral_decrease": {
        "kurt": 282.90536499,
        "max": 5.41702666723e-30,
        "mean": -5.19177235925e-12,
        "median": -8.67659839376e-13,
        "min": -7.31578853053e-10,
        "skew": -14.6309604645,
        "var": 5.83322174002e-22
    },
    "spectral_energy": {
        "kurt": 330.266448975,
        "max": 0.00409697415307,
        "mean": 2.49125896516e-05,
        "median": 3.78537924917e-06,
        "min": 1.03158582764e-20,
        "skew": 15.9650278091,
        "var": 1.65349405279e-08
    },
    "spectral_energyband_high": {
        "kurt": 647.528442383,
        "max": 0.000441527314251,
        "mean": 1.39808980748e-06,
        "median": 1.27368949165e-07,
        "min": 7.37577969065e-21,
        "skew": 21.8058776855,
        "var": 1.12066016189e-10
    },
    "spectral_energyband_low": {
        "kurt": 156.044403076,
        "max": 7.29962048354e-05,
        "mean": 8.37384618535e-07,
        "median": 1.94457328462e-07,
        "min": 4.44058512573e-23,
        "skew": 9.26420688629,
        "var": 5.07996032392e-12
    },
    "spectral_energyband_middle_high": {
        "kurt": 404.662475586,
        "max": 0.0039448835887,
        "mean": 1.74190299731e-05,
        "median": 1.65506014582e-06,
        "min": 1.61498108677e-21,
        "skew": 17.8625717163,
        "var": 1.34197080115e-08
    },
    "spectral_energyband_middle_low": {
        "kurt": 265.963775635,
        "max": 0.000765559321735,
        "mean": 5.7379311329e-06,
        "median": 1.12501334115e-06,
        "min": 2.93924095435e-22,
        "skew": 14.0594263077,
        "var": 6.04952976602e-10
    },
    "spectral_flatness_db": {
        "kurt": 9.76362800598,
        "max": 0.485639721155,
        "mean": 0.147815465927,
        "median": 0.139269202948,
        "min": 0.0699493065476,
        "skew": 2.3480014801,
        "var": 0.00132854946423
    },
    "spectral_flux": {
        "kurt": 42.6069869995,
        "max": 0.0346755124629,
        "mean": 0.00178984680679,
        "median": 0.00120973982848,
        "min": 1.01567011745e-10,
        "skew": 5.19937562943,
        "var": 4.97679684486e-06
    },
    "spectral_kurtosis": {
        "kurt": 20.5584964752,
        "max": 44.6504669189,
        "mean": 5.44327306747,
        "median": 4.95862531662,
        "min": -1.15651381016,
        "skew": 2.978038311,
        "var": 6.21637201309
    },
    "spectral_rms": {
        "kurt": 45.9520225525,
        "max": 0.00199926178902,
        "mean": 9.44532002904e-05,
        "median": 6.07704860158e-05,
        "min": 3.17242044266e-12,
        "skew": 5.3285984993,
        "var": 1.53835078009e-08
    },
    "spectral_rolloff": {
        "kurt": 31.0217285156,
        "max": 18669.2871094,
        "mean": 3029.19775391,
        "median": 3079.24804688,
        "min": 215.33203125,
        "skew": 1.60156488419,
        "var": 558362.125
    },
    "spectral_skewness": {
        "kurt": 2.26485776901,
        "max": 3.88617396355,
        "mean": 1.56491875648,
        "median": 1.55102038383,
        "min": 0.0191225223243,
        "skew": 0.565731465816,
        "var": 0.0906277522445
    },
    "spectral_spread": {
        "kurt": 158.106430054,
        "max": 39895520,
        "mean": 3708628.25,
        "median": 3611416,
        "min": 1093506.875,
        "skew": 5.65331363678,
        "var": 894297571328
    },
    "spectral_strongpeak": {
        "kurt": 237.131835938,
        "max": 7.41558647156,
        "mean": 0.0671017318964,
        "median": 0.00644476432353,
        "min": 7.28274607287e-10,
        "skew": 12.8989162445,
        "var": 0.0669946372509
    },
    "zerocrossingrate": {
        "kurt": 17.0783615112,
        "max": 0.50732421875,
        "mean": 0.0924178808928,
        "median": 0.08984375,
        "min": 0.01416015625,
        "skew": 1.82379996777,
        "var": 0.000570759526454
    },
    "barkbands": {
        "kurt": [85.9464111328, 95.5554199219, 118.362091064, 1236.92382812, 514.578552246, 889.392883301, 327.669158936, 1731.3581543, 826.484619141, 529.011657715, 228.315185547, 249.409179688, 361.996368408, 481.419067383, 1102.42565918, 387.743469238, 239.108108521, 674.495239258, 636.176696777, 782.496337891, 1202.01928711, 652.051330566, 424.177246094, 869.679138184, 384.425628662, 717.030456543, 466],
        "max": [5.5620258621e-08, 1.15645161713e-05, 2.63816891675e-05, 0.000117247618618, 0.00055402534781, 0.0002132513182, 0.000235271960264, 0.00016693919315, 9.33886840357e-05, 0.000196949171368, 6.18363847025e-05, 5.86449132243e-05, 4.51989435533e-05, 5.63137800782e-05, 8.61308144522e-05, 8.50941505632e-05, 0.000297180027701, 0.00115194893442, 0.00341386464424, 0.000922478619032, 0.0002650776878, 1.80317401828e-05, 2.53938924288e-06, 4.24203290095e-06, 1.49312415942e-06, 2.04165019113e-07, 2.46368231371e-10],
        "mean": [1.21824683674e-09, 2.10764468989e-07, 3.97559972498e-07, 4.87071986299e-07, 2.08281994674e-06, 8.53013546021e-07, 1.23445738609e-06, 4.1858976374e-07, 3.77660398954e-07, 7.95153368927e-07, 5.04766148879e-07, 4.286720241e-07, 3.00044632695e-07, 3.46264215523e-07, 2.9096270282e-07, 4.4898186502e-07, 2.24135101234e-06, 3.44141199093e-06, 7.37428536013e-06, 2.03023773793e-06, 5.6345078292e-07, 5.81026178281e-08, 1.03099901949e-08, 8.6332541116e-09, 6.28586471763e-09, 5.00516073032e-10, 7.68812368369e-13],
        "median": [4.84117024246e-10, 4.38756906362e-08, 7.63614025345e-08, 9.77495915322e-08, 2.79193983488e-07, 1.65526600426e-07, 1.04631006081e-07, 6.56560530388e-08, 7.07472977979e-08, 8.13029146229e-08, 6.64385453319e-08, 7.85058347219e-08, 7.30217024625e-08, 7.50939364025e-08, 6.64495800606e-08, 6.24373370783e-08, 1.5332253156e-07, 2.22125549953e-07, 2.16501518935e-07, 1.356636119e-07, 4.68838621259e-08, 5.35943556201e-09, 6.79412859306e-10, 3.78404030332e-10, 3.30353439049e-10, 1.5811286308e-11, 4.11731873639e-14],
        "min": [1.82748818924e-24, 7.99120435724e-24, 1.96334983753e-23, 3.49605009393e-23, 5.44952433956e-23, 4.56975384144e-23, 1.65682120895e-23, 6.56295796216e-23, 7.03581570379e-23, 4.56769333676e-23, 2.98246977465e-23, 3.45577369601e-23, 1.45653018242e-22, 1.75907525275e-22, 9.23268603974e-23, 1.13099240417e-22, 1.13567356789e-22, 2.75959902466e-22, 4.03711849233e-22, 3.89290184465e-22, 4.39095984256e-22, 4.78727144444e-22, 6.65042711176e-22, 7.28305215833e-22, 1.0507602014e-21, 1.806620417e-21, 2.32395201601e-21],
        "skew": [7.3144826889, 8.270403862, 9.36188030243, 27.4120864868, 21.5614013672, 25.1397590637, 16.3100681305, 37.4683380127, 23.563457489, 20.0425605774, 12.9918193817, 13.3231983185, 15.9369716644, 16.027135849, 27.8629703522, 17.0087013245, 13.7347555161, 22.1708507538, 22.9224739075, 24.7691955566, 32.0166549683, 22.6489486694, 18.5482139587, 27.087884903, 17.8589744568, 22.6551437378, 24.2869434357],
        "var": [6.07715740767e-18, 4.12555189663e-13, 1.63037313684e-12, 3.99777563484e-12, 3.32418426119e-10, 1.89304596304e-11, 6.48756881549e-11, 9.95791209907e-12, 3.2578204457e-12, 2.76250741033e-11, 5.18143947886e-12, 3.0800138915e-12, 1.63138903428e-12, 1.65068360456e-12, 2.90256642506e-12, 5.84351794383e-12, 1.37439629122e-10, 6.28071206155e-10, 7.02733382596e-09, 3.92447518927e-10, 3.49783396691e-11, 2.04232504931e-13, 5.99084507791e-15, 1.07094585275e-14, 2.36957615225e-15, 2.01276501876e-17, 2.82525421386e-23],
        "cov": [[6.07756851644e-18, 4.66583387374e-16, 3.28303194092e-16, 4.00673450878e-16, 2.51554745763e-15, 1.77796831958e-15, 1.75253160254e-15, 4.8565454594e-16, 5.6719501964e-16, 1.63719938468e-15, 7.68123728465e-16, 6.91843488186e-16, 3.7933984084e-16, 3.91857293735e-16, 2.63423990813e-16, 6.56685744584e-16, 1.6968866201e-15, 1.81221979087e-15, -5.0977290914e-16, 1.11201259348e-15, 7.0005896662e-16, 8.62434189992e-17, 1.86780327077e-17, 1.41597720243e-17, 9.87631979256e-18, 6.4453277435e-19, 5.38058370246e-22], [4.66583387374e-16, 4.12583080764e-13, 3.05127207138e-13, 2.11144198913e-13, 5.61322256037e-13, 3.39435890419e-13, 3.06811135742e-13, 2.05203245346e-13, 3.54655568151e-13, 3.75866953664e-13, 1.96838652691e-13, 1.86114212691e-13, 5.84995715606e-14, 5.74993205176e-14, 1.08985140791e-13, 3.47127085106e-13, 8.9422219629e-13, 1.03631968458e-12, 4.14121888908e-13, 6.65176138996e-13, 3.32863917636e-13, 3.93993682352e-14, 7.28817048081e-15, 3.60841837706e-15, 2.69818914864e-15, 2.38331486784e-16, 1.78624457553e-19], [3.28303194092e-16, 3.05127207138e-13, 1.63048350862e-12, 7.97084024218e-13, 1.34543212075e-12, 5.03044708753e-13, 3.53597847617e-13, 1.72584629964e-13, 2.11030723603e-13, 5.13196039484e-13, 1.86132467946e-13, 2.01316868449e-13, 8.08768199981e-14, 1.17888243113e-13, 1.05060186625e-13, 2.46634879403e-13, 1.54500490093e-12, 8.05241452944e-13, -4.46840128917e-13, 5.79518963199e-13, 3.40617264212e-13, 3.95212867695e-14, 7.53788765212e-15, 4.2728441499e-15, 2.84172629309e-15, 1.98767345441e-16, 2.35149120928e-19], [4.00673450878e-16, 2.11144198913e-13, 7.97084024218e-13, 3.9980462517e-12, 9.37800618411e-12, 1.20356578436e-12, 8.57651894382e-13, 6.05022759323e-13, 5.25791216122e-13, 8.32890126225e-13, 6.54541633567e-13, 4.75178381885e-13, 3.65601510654e-13, 5.10986055986e-13, 2.98884018663e-13, 6.38749741034e-13, 1.72715672059e-12, 3.4826969867e-12, 2.4925784093e-12, 2.1415998315e-12, 1.18698161109e-12, 1.40022338884e-13, 2.28291642318e-14, 1.90032570165e-14, 1.07089155794e-14, 8.17500614153e-16, 8.18246441552e-19], [2.51554745763e-15, 5.61322256037e-13, 1.34543212075e-12, 9.37800618411e-12, 3.32440935891e-10, 1.34061624649e-11, 1.03154490158e-11, 4.21523970243e-12, 3.47602979386e-12, 3.93551033775e-12, 2.6737264746e-12, 2.1558234798e-12, 1.56413705772e-12, 1.8607591596e-12, 1.44058246235e-12, 2.65219790574e-12, 6.08254679263e-12, 8.51684694991e-12, 6.38959067947e-12, 8.6573951133e-12, 4.55313868206e-12, 5.58275160042e-13, 7.59353517565e-14, 6.7466384313e-14, 4.93696846371e-14, 3.71271227331e-15, 1.20063785259e-17], [1.77796831958e-15, 3.39435890419e-13, 5.03044708753e-13, 1.20356578436e-12, 1.34061624649e-11, 1.89317415911e-11, 9.68613210472e-12, 2.0435235535e-12, 1.52830395908e-12, 7.53557893168e-12, 1.25670990541e-12, 2.92111972632e-12, 1.21744064482e-12, 1.02472045606e-12, 2.56817679102e-12, 4.32693594496e-12, 1.3063105285e-11, 4.92770407812e-11, 5.56699165932e-11, 2.22386362797e-11, 1.55939601509e-11, 1.08773558737e-12, 1.76940330877e-13, 2.61318663106e-13, 9.72184843479e-14, 6.31537601077e-15, 5.91022532903e-18], [1.75253160254e-15, 3.06811135742e-13, 3.53597847617e-13, 8.57651894382e-13, 1.03154490158e-11, 9.68613210472e-12, 6.48800804748e-11, 2.6403224225e-12, 1.61319373658e-12, 8.78457983439e-12, 2.50234143302e-12, 3.09440017013e-12, 1.39130536519e-12, 1.9970010888e-12, 1.87261946401e-12, 4.66409593239e-12, 8.91080351867e-12, 1.8463583093e-11, 2.67507786755e-11, 1.34113232672e-11, 5.97962651616e-12, 5.64441017797e-13, 1.08315097072e-13, 1.17443693117e-13, 5.81743990003e-14, 4.14236380657e-15, 6.32115790399e-18], [4.8565454594e-16, 2.05203245346e-13, 1.72584629964e-13, 6.05022759323e-13, 4.21523970243e-12, 2.0435235535e-12, 2.6403224225e-12, 9.95858517178e-12, 1.68191534918e-12, 4.29302383573e-12, 1.92323349087e-12, 1.67227993605e-12, 9.32673317917e-13, 4.58120141215e-13, 7.4737324619e-13, 1.64844125763e-12, 3.48475371822e-12, 1.0098456793e-11, 1.04336123075e-11, 5.19179881378e-12, 3.08963987207e-12, 2.66487786699e-13, 4.66004967633e-14, 4.92009455096e-14, 2.47069820657e-14, 1.81893527983e-15, 1.56603198417e-18], [5.6719501964e-16, 3.54655568151e-13, 2.11030723603e-13, 5.25791216122e-13, 3.47602979386e-12, 1.52830395908e-12, 1.61319373658e-12, 1.68191534918e-12, 3.25804075559e-12, 2.0280814788e-12, 1.18587713434e-12, 1.10298901089e-12, 4.05779441081e-13, 2.47611908191e-13, 6.72127392805e-13, 2.39980626517e-12, 4.6250754962e-12, 8.22488691737e-12, 8.69479228199e-12, 5.42333105508e-12, 2.26164074447e-12, 2.65903916724e-13, 4.81388813902e-14, 3.77690839216e-14, 2.20018281887e-14, 2.11802557813e-15, 1.24817335813e-18], [1.63719938468e-15, 3.75866953664e-13, 5.13196039484e-13, 8.32890126225e-13, 3.93551033775e-12, 7.53557893168e-12, 8.78457983439e-12, 4.29302383573e-12, 2.0280814788e-12, 2.76269441352e-11, 5.91822511137e-12, 4.64421643503e-12, 2.70708173759e-12, 1.95204854885e-12, 1.99316474783e-12, 3.40099628147e-12, 7.39261082905e-12, 1.29151281683e-11, 1.67273053048e-11, 5.58934626013e-12, 2.37616133367e-12, 2.45793728253e-13, 4.62598844864e-14, 3.80745883769e-14, 2.1345028677e-14, 1.62803639402e-15, 4.38359443898e-18], [7.68123728465e-16, 1.96838652691e-13, 1.86132467946e-13, 6.54541633567e-13, 2.6737264746e-12, 1.25670990541e-12, 2.50234143302e-12, 1.92323349087e-12, 1.18587713434e-12, 5.91822511137e-12, 5.18178989301e-12, 1.67420027494e-12, 1.69274858887e-12, 1.39406661128e-12, 8.44128098584e-13, 2.10685440448e-12, 3.85089486341e-12, 7.80925584615e-12, 9.53591025588e-12, 4.52968695538e-12, 2.16885797516e-12, 2.1823450165e-13, 3.86022085878e-14, 3.6467255268e-14, 1.99514985425e-14, 1.54089544435e-15, 1.72540280483e-18], [6.91843488186e-16, 1.86114212691e-13, 2.01316868449e-13, 4.75178381885e-13, 2.1558234798e-12, 2.92111972632e-12, 3.09440017013e-12, 1.67227993605e-12, 1.10298901089e-12, 4.64421643503e-12, 1.67420027494e-12, 3.08022227516e-12, 1.17356319974e-12, 7.59560979651e-13, 1.37996439362e-12, 2.16751876864e-12, 5.16026110731e-12, 1.03876256555e-11, 1.04672546672e-11, 5.37777851764e-12, 2.74398277537e-12, 2.67230980183e-13, 4.52015337595e-14, 4.65994057848e-14, 2.3507805335e-14, 1.68399573156e-15, 1.99596138229e-18], [3.7933984084e-16, 5.84995715606e-14, 8.08768199981e-14, 3.65601510654e-13, 1.56413705772e-12, 1.21744064482e-12, 1.39130536519e-12, 9.32673317917e-13, 4.05779441081e-13, 2.70708173759e-12, 1.69274858887e-12, 1.17356319974e-12, 1.63149940606e-12, 7.40974556018e-13, 7.31207087067e-13, 1.2076068227e-12, 2.43365484015e-12, 8.66726829196e-12, 1.07127128349e-11, 4.30325306638e-12, 2.62320937541e-12, 2.09875424873e-13, 3.50726121322e-14, 4.52985325845e-14, 2.15957487353e-14, 1.4662905823e-15, 1.33030918763e-18], [3.91857293735e-16, 5.74993205176e-14, 1.17888243113e-13, 5.10986055986e-13, 1.8607591596e-12, 1.02472045606e-12, 1.9970010888e-12, 4.58120141215e-13, 2.47611908191e-13, 1.95204854885e-12, 1.39406661128e-12, 7.59560979651e-13, 7.40974556018e-13, 1.65079527738e-12, 5.47387601826e-13, 9.26297341781e-13, 2.2890606511e-12, 4.80392678762e-12, 5.51147192121e-12, 2.39516999984e-12, 1.24647048325e-12, 1.2635098317e-13, 2.10995534467e-14, 2.17133135202e-14, 1.09946121692e-14, 7.62915852268e-16, 8.23219813286e-19], [2.63423990813e-16, 1.08985140791e-13, 1.05060186625e-13, 2.98884018663e-13, 1.44058246235e-12, 2.56817679102e-12, 1.87261946401e-12, 7.4737324619e-13, 6.72127392805e-13, 1.99316474783e-12, 8.44128098584e-13, 1.37996439362e-12, 7.31207087067e-13, 5.47387601826e-13, 2.90276266565e-12, 2.09264593501e-12, 5.51342955665e-12, 1.78844699467e-11, 1.72403775284e-11, 6.94723271966e-12, 4.26860500072e-12, 3.44055865612e-13, 5.69142985778e-14, 6.86336024906e-14, 3.13565701724e-14, 2.17202223445e-15, 1.75810104765e-18], [6.56685744584e-16, 3.47127085106e-13, 2.46634879403e-13, 6.38749741034e-13, 2.65219790574e-12, 4.32693594496e-12, 4.66409593239e-12, 1.64844125763e-12, 2.39980626517e-12, 3.40099628147e-12, 2.10685440448e-12, 2.16751876864e-12, 1.2076068227e-12, 9.26297341781e-13, 2.09264593501e-12, 5.84391346078e-12, 1.22883292084e-11, 3.0736115042e-11, 3.38961289592e-11, 1.4999864198e-11, 8.57613632887e-12, 7.24380137037e-13, 1.2540885214e-13, 1.46407151268e-13, 6.61769765506e-14, 5.0556245659e-15, 3.58824414999e-18], [1.6968866201e-15, 8.9422219629e-13, 1.54500490093e-12, 1.72715672059e-12, 6.08254679263e-12, 1.3063105285e-11, 8.91080351867e-12, 3.48475371822e-12, 4.6250754962e-12, 7.39261082905e-12, 3.85089486341e-12, 5.16026110731e-12, 2.43365484015e-12, 2.2890606511e-12, 5.51342955665e-12, 1.22883292084e-11, 1.3744892724e-10, 1.45858269907e-10, 1.34285332853e-10, 4.81341355663e-11, 2.31850615096e-11, 2.01536183575e-12, 3.29881304564e-13, 4.02941162424e-13, 1.97261627063e-13, 1.44465382446e-14, 1.59953999545e-17], [1.81221979087e-15, 1.03631968458e-12, 8.05241452944e-13, 3.4826969867e-12, 8.51684694991e-12, 4.92770407812e-11, 1.8463583093e-11, 1.0098456793e-11, 8.22488691737e-12, 1.29151281683e-11, 7.80925584615e-12, 1.03876256555e-11, 8.66726829196e-12, 4.80392678762e-12, 1.78844699467e-11, 3.0736115042e-11, 1.45858269907e-10, 6.28113672185e-10, 7.92540921779e-10, 2.15740286746e-10, 1.00677820247e-10, 7.22166423883e-12, 1.16776488653e-12, 1.69781192143e-12, 7.36936390817e-13, 4.94123683214e-14, 4.93815344427e-17], [-5.0977290914e-16, 4.14121888908e-13, -4.46840128917e-13, 2.4925784093e-12, 6.38959067947e-12, 5.56699165932e-11, 2.67507786755e-11, 1.04336123075e-11, 8.69479228199e-12, 1.67273053048e-11, 9.53591025588e-12, 1.04672546672e-11, 1.07127128349e-11, 5.51147192121e-12, 1.72403775284e-11, 3.38961289592e-11, 1.34285332853e-10, 7.92540921779e-10, 7.02780900141e-09, 1.38562172847e-09, 1.30028932066e-10, 9.38926280475e-12, 1.55176945512e-12, 2.07921028485e-12, 1.00764026029e-12, 8.26624332135e-14, 2.49709971532e-16], [1.11201259348e-15, 6.65176138996e-13, 5.79518963199e-13, 2.1415998315e-12, 8.6573951133e-12, 2.22386362797e-11, 1.34113232672e-11, 5.19179881378e-12, 5.42333105508e-12, 5.58934626013e-12, 4.52968695538e-12, 5.37777851764e-12, 4.30325306638e-12, 2.39516999984e-12, 6.94723271966e-12, 1.4999864198e-11, 4.81341355663e-11, 2.15740286746e-10, 1.38562172847e-09, 3.92474081012e-10, 5.13361957111e-11, 3.94523996805e-12, 6.59687148657e-13, 8.70169442144e-13, 4.0412700855e-13, 3.05398779453e-14, 5.22894614164e-17], [7.0005896662e-16, 3.32863917636e-13, 3.40617264212e-13, 1.18698161109e-12, 4.55313868206e-12, 1.55939601509e-11, 5.97962651616e-12, 3.08963987207e-12, 2.26164074447e-12, 2.37616133367e-12, 2.16885797516e-12, 2.74398277537e-12, 2.62320937541e-12, 1.24647048325e-12, 4.26860500072e-12, 8.57613632887e-12, 2.31850615096e-11, 1.00677820247e-10, 1.30028932066e-10, 5.13361957111e-11, 3.49807093014e-11, 2.35010253445e-12, 3.94024412707e-13, 5.64773217342e-13, 2.3463108084e-13, 1.53714795883e-14, 9.92667772107e-18], [8.62434189992e-17, 3.93993682352e-14, 3.95212867695e-14, 1.40022338884e-13, 5.58275160042e-13, 1.08773558737e-12, 5.64441017797e-13, 2.66487786699e-13, 2.65903916724e-13, 2.45793728253e-13, 2.1823450165e-13, 2.67230980183e-13, 2.09875424873e-13, 1.2635098317e-13, 3.44055865612e-13, 7.24380137037e-13, 2.01536183575e-12, 7.22166423883e-12, 9.38926280475e-12, 3.94523996805e-12, 2.35010253445e-12, 2.04246314956e-13, 3.20841782504e-14, 4.2218842761e-14, 1.85747278019e-14, 1.27406757223e-15, 8.21797683018e-19], [1.86780327077e-17, 7.28817048081e-15, 7.53788765212e-15, 2.28291642318e-14, 7.59353517565e-14, 1.76940330877e-13, 1.08315097072e-13, 4.66004967633e-14, 4.81388813902e-14, 4.62598844864e-14, 3.86022085878e-14, 4.52015337595e-14, 3.50726121322e-14, 2.10995534467e-14, 5.69142985778e-14, 1.2540885214e-13, 3.29881304564e-13, 1.16776488653e-12, 1.55176945512e-12, 6.59687148657e-13, 3.94024412707e-13, 3.20841782504e-14, 5.99125038318e-15, 7.37218767884e-15, 3.27304139907e-15, 2.26524562183e-16, 1.34207249727e-19], [1.41597720243e-17, 3.60841837706e-15, 4.2728441499e-15, 1.90032570165e-14, 6.7466384313e-14, 2.61318663106e-13, 1.17443693117e-13, 4.92009455096e-14, 3.77690839216e-14, 3.80745883769e-14, 3.6467255268e-14, 4.65994057848e-14, 4.52985325845e-14, 2.17133135202e-14, 6.86336024906e-14, 1.46407151268e-13, 4.02941162424e-13, 1.69781192143e-12, 2.07921028485e-12, 8.70169442144e-13, 5.64773217342e-13, 4.2218842761e-14, 7.37218767884e-15, 1.07101827407e-14, 4.4123424295e-15, 2.9065223548e-16, 1.68369834875e-19], [9.87631979256e-18, 2.69818914864e-15, 2.84172629309e-15, 1.07089155794e-14, 4.93696846371e-14, 9.72184843479e-14, 5.81743990003e-14, 2.47069820657e-14, 2.20018281887e-14, 2.1345028677e-14, 1.99514985425e-14, 2.3507805335e-14, 2.15957487353e-14, 1.09946121692e-14, 3.13565701724e-14, 6.61769765506e-14, 1.97261627063e-13, 7.36936390817e-13, 1.00764026029e-12, 4.0412700855e-13, 2.3463108084e-13, 1.85747278019e-14, 3.27304139907e-15, 4.4123424295e-15, 2.36973645324e-15, 1.38824279602e-16, 8.04150288712e-20], [6.4453277435e-19, 2.38331486784e-16, 1.98767345441e-16, 8.17500614153e-16, 3.71271227331e-15, 6.31537601077e-15, 4.14236380657e-15, 1.81893527983e-15, 2.11802557813e-15, 1.62803639402e-15, 1.54089544435e-15, 1.68399573156e-15, 1.4662905823e-15, 7.62915852268e-16, 2.17202223445e-15, 5.0556245659e-15, 1.44465382446e-14, 4.94123683214e-14, 8.26624332135e-14, 3.05398779453e-14, 1.53714795883e-14, 1.27406757223e-15, 2.26524562183e-16, 2.9065223548e-16, 1.38824279602e-16, 2.01290117269e-17, 5.5473967091e-21], [5.38058370246e-22, 1.78624457553e-19, 2.35149120928e-19, 8.18246441552e-19, 1.20063785259e-17, 5.91022532903e-18, 6.32115790399e-18, 1.56603198417e-18, 1.24817335813e-18, 4.38359443898e-18, 1.72540280483e-18, 1.99596138229e-18, 1.33030918763e-18, 8.23219813286e-19, 1.75810104765e-18, 3.58824414999e-18, 1.59953999545e-17, 4.93815344427e-17, 2.49709971532e-16, 5.22894614164e-17, 9.92667772107e-18, 8.21797683018e-19, 1.34207249727e-19, 1.68369834875e-19, 8.04150288712e-20, 5.5473967091e-21, 2.82544543375e-23]]
    },
    "mfcc": {
        "kurt": [-0.262314319611, -1.13132035732, 0.0949983596802, 0.689285993576, 1.70368146896, 0.507903814316, 0.993019104004, 1.13686513901, 0.860577344894, 0.49445104599, 0.598026752472, 0.880969047546, 2.58592033386],
        "max": [-761.442504883, 140.106567383, 60.6881446838, 106.439170837, 47.4422798157, 27.1834716797, 54.4841384888, 36.1952018738, 20.2882423401, 22.2802066803, 24.3870048523, 32.6785049438, 36.2610740662],
        "mean": [-1037.39868164, 59.2173843384, -8.01343631744, 20.5958747864, 5.07485103607, -11.8077030182, 4.85053777695, -0.936925530434, -9.33726215363, -6.53660058975, -4.21135282516, -2.6658244133, -5.03509807587],
        "median": [-1037.77856445, 61.0184898376, -5.35252380371, 17.4932441711, 6.00314331055, -10.9488372803, 4.36602401733, -0.832195281982, -8.81106948853, -6.17651367188, -3.97853851318, -2.91791915894, -4.64038848877],
        "min": [-1138.42004395, 1.14440917969e-05, -107.053634644, -28.4329605103, -53.1120452881, -81.9671325684, -27.7730712891, -40.3145294189, -52.4174118042, -39.0810394287, -33.3490371704, -38.7535972595, -42.1859703064],
        "skew": [0.503953814507, 0.0406810455024, -0.691505432129, 0.809953987598, -0.594539344311, -0.533177316189, 0.402903735638, -0.0821199268103, -0.436354964972, -0.297496765852, -0.196515902877, 0.117383733392, -0.460637390614],
        "var": [4147.48974609, 697.061523438, 597.089416504, 323.880828857, 112.8177948, 230.304748535, 67.4977264404, 68.7081985474, 65.5514297485, 52.3502998352, 44.5289993286, 44.7471046448, 49.3788337708],
        "cov": [[4147.77001953, 1454.16882324, -1335.11340332, 575.068481445, -273.195983887, -701.569702148, 170.77130127, -59.5706863403, -62.2673912048, -58.6349143982, -131.15562439, 48.2132759094, -18.0187797546], [1454.16882324, 697.108642578, -376.41418457, 112.056221008, -80.7710342407, -221.867736816, 52.73828125, -8.77669906616, -19.8932056427, -18.2174949646, -57.7567901611, 9.12376976013, -4.18637466431], [-1335.11340332, -376.41418457, 597.129821777, -131.251266479, 90.2323608398, 256.766876221, -56.9551277161, 16.1636867523, 45.4120750427, 22.3072547913, 31.1975326538, -17.9970836639, -1.05239236355], [575.068481445, 112.056221008, -131.251266479, 323.902740479, 10.7536058426, -138.103683472, 42.1243362427, 1.79211688042, -0.504539608955, -12.3208265305, -8.16888332367, 16.4750919342, -26.8813495636], [-273.195983887, -80.7710342407, 90.2323608398, 10.7536058426, 112.825424194, 68.7993469238, -12.7027578354, 30.4653930664, 1.77087914944, -13.1716508865, 18.8664188385, 7.56253290176, -12.0115909576], [-701.569702148, -221.867736816, 256.766876221, -138.103683472, 68.7993469238, 230.320327759, -7.37624120712, -4.73005580902, 36.6897697449, 14.4206695557, 15.2132368088, -2.71085214615, 6.25421524048], [170.77130127, 52.73828125, -56.9551277161, 42.1243362427, -12.7027578354, -7.37624120712, 67.5022888184, 16.1575031281, -3.48848676682, 15.1031551361, -1.73410868645, -3.65309000015, 1.94206678867], [-59.5706863403, -8.77669906616, 16.1636867523, 1.79211688042, 30.4653930664, -4.73005580902, 16.1575031281, 68.712852478, 19.4541015625, -6.09268283844, 13.3345479965, 6.13829994202, -3.87266302109], [-62.2673912048, -19.8932056427, 45.4120750427, -0.504539608955, 1.77087914944, 36.6897697449, -3.48848676682, 19.4541015625, 65.5558624268, 18.5631084442, -3.01469492912, 14.8525733948, 1.32658040524], [-58.6349143982, -18.2174949646, 22.3072547913, -12.3208265305, -13.1716508865, 14.4206695557, 15.1031551361, -6.09268283844, 18.5631084442, 52.3538398743, 16.8031387329, -5.80143022537, 11.2699604034], [-131.15562439, -57.7567901611, 31.1975326538, -8.16888332367, 18.8664188385, 15.2132368088, -1.73410868645, 13.3345479965, -3.01469492912, 16.8031387329, 44.5320129395, 14.1185379028, -0.59330457449], [48.2132759094, 9.12376976013, -17.9970836639, 16.4750919342, 7.56253290176, -2.71085214615, -3.65309000015, 6.13829994202, 14.8525733948, -5.80143022537, 14.1185379028, 44.7501296997, 14.9065008163], [-18.0187797546, -4.18637466431, -1.05239236355, -26.8813495636, -12.0115909576, 6.25421524048, 1.94206678867, -3.87266302109, 1.32658040524, 11.2699604034, -0.59330457449, 14.9065008163, 49.3821754456]]
    },
    "sccoeffs": {
        "kurt": [3.04967451096, 7.01998233795, 5.05233478546, 3.64099836349, 5.77545261383, 2.25318622589],
        "max": [-0.444920688868, -0.524404287338, -0.626177251339, -0.665355682373, -0.553923785686, -0.640152156353],
        "mean": [-0.800570726395, -0.85960739851, -0.877287566662, -0.873295724392, -0.857649207115, -0.804404735565],
        "median": [-0.806795597076, -0.866985797882, -0.88408267498, -0.87996160984, -0.87005853653, -0.807275652885],
        "min": [-0.971727490425, -0.967169106007, -0.966963589191, -0.969676196575, -0.962706565857, -0.962198615074],
        "skew": [1.08970880508, 1.88953733444, 1.69386231899, 1.61356830597, 2.05673217773, 0.875573039055],
        "var": [0.00276757427491, 0.00198820326477, 0.00130725745112, 0.00100295606535, 0.00185085448902, 0.000856427941471],
        "cov": [[0.00276776147075, 0.000530640711077, 0.000483998970594, 0.000382788915886, 0.000419199845055, 0.000321123807225], [0.000530640711077, 0.00198833760805, 0.000642301398329, 0.000567315029912, 0.000639981532004, 0.000298401952023], [0.000483998970594, 0.000642301398329, 0.00130734581035, 0.000621551589575, 0.000525720999576, 0.000299579987768], [0.000382788915886, 0.000567315029912, 0.000621551589575, 0.00100302393548, 0.000607184774708, 0.000343686260749], [0.000419199845055, 0.000639981532004, 0.000525720999576, 0.000607184774708, 0.00185097975191, 0.000612471834756], [0.000321123807225, 0.000298401952023, 0.000299579987768, 0.000343686260749, 0.000612471834756, 0.000856485858094]]
    },
    "scvalleys": {
        "kurt": [32.3042640686, 11.3736543655, 10.3810167313, 14.726978302, 9.32989406586, 3.19050788879],
        "max": [-7.43164396286, -6.80065631866, -6.92566347122, -7.70216083527, -6.7796254158, -9.57506370544],
        "mean": [-9.95182704926, -9.74127388, -10.0609464645, -10.4115839005, -10.3911418915, -13.8411474228],
        "median": [-9.98131370544, -9.69562149048, -9.99351119995, -10.3361330032, -10.4313526154, -14.021156311],
        "min": [-27.4536743164, -27.1165924072, -27.351184845, -27.332818985, -27.2146873474, -27.1680297852],
        "skew": [-1.58736610413, -0.736141085625, -0.71299469471, -0.851138591766, -0.147382542491, 0.582857072353],
        "var": [0.53593981266, 0.816766560078, 0.814813733101, 0.642338216305, 0.778945207596, 0.887619197369],
        "cov": [[0.535976111889, 0.47957727313, 0.451931297779, 0.388599425554, 0.464535683393, 0.448788404465], [0.47957727313, 0.816821813583, 0.721297740936, 0.6239387393, 0.702344655991, 0.661027848721], [0.451931297779, 0.721297740936, 0.814868807793, 0.658590734005, 0.691657245159, 0.630744755268], [0.388599425554, 0.6239387393, 0.658590734005, 0.642381727695, 0.62046033144, 0.559203028679], [0.464535683393, 0.702344655991, 0.691657245159, 0.62046033144, 0.778997898102, 0.743734121323], [0.448788404465, 0.661027848721, 0.630744755268, 0.559203028679, 0.743734121323, 0.887679278851]]
    }
},
"rhythm": {
    "beats_loudness": {
        "kurt": 150.274185181,
        "max": 0.00204411544837,
        "mean": 2.87106140604e-05,
        "median": 4.5789674914e-06,
        "min": 1.48690901369e-07,
        "skew": 11.5996141434,
        "var": 1.95595752928e-08
    },
    "bpm": 123.134475708,
    "confidence": -0.187602758408,
    "first_peak_bpm": {
        "kurt": 0,
        "max": 123,
        "mean": 123,
        "median": 123,
        "min": 123,
        "skew": 0,
        "var": 0
    },
    "first_peak_spread": {
        "kurt": 0,
        "max": 0.361702084541,
        "mean": 0.361702084541,
        "median": 0.361702084541,
        "min": 0.361702084541,
        "skew": 0,
        "var": 0
    },
    "first_peak_weight": {
        "kurt": 0,
        "max": 0.0898203626275,
        "mean": 0.0898203626275,
        "median": 0.0898203626275,
        "min": 0.0898203626275,
        "skew": 0,
        "var": 0
    },
    "onset_rate": 0.673083305359,
    "second_peak_bpm": {
        "kurt": 0,
        "max": 129,
        "mean": 129,
        "median": 129,
        "min": 129,
        "skew": 0,
        "var": 0
    },
    "second_peak_spread": {
        "kurt": 0,
        "max": 0.147058784962,
        "mean": 0.147058784962,
        "median": 0.147058784962,
        "min": 0.147058784962,
        "skew": 0,
        "var": 0
    },
    "second_peak_weight": {
        "kurt": 0,
        "max": 0.0868263468146,
        "mean": 0.0868263468146,
        "median": 0.0868263468146,
        "min": 0.0868263468146,
        "skew": 0,
        "var": 0
    },
    "beats_loudness_band_ratio": {
        "kurt": [0.591785430908, 4.25857400894, 10.873093605, 3.04404163361, 2.38970375061, 5.99886131287],
        "max": [0.759447336197, 0.96890848875, 0.865625917912, 0.727740049362, 0.925386250019, 0.993978202343],
        "mean": [0.175646856427, 0.173586726189, 0.119923874736, 0.147543236613, 0.262739866972, 0.173485606909],
        "median": [0.136391609907, 0.148301169276, 0.0985080003738, 0.113804981112, 0.216601252556, 0.128534987569],
        "min": [0.00011131305655, 0.000904240296222, 0.000794214138296, 0.000470650120405, 0.00598757108673, 0.00691758515313],
        "skew": [1.04951143265, 1.52359986305, 2.54165196419, 1.57702291012, 1.62188839912, 2.19747877121],
        "var": [0.0208471268415, 0.0142413051799, 0.00928024202585, 0.0140776596963, 0.027964182198, 0.0190923865885],
        "cov": [[0.020878335461, 0.00381062319502, -0.00258109043352, -0.00391928805038, -0.0111615676433, -0.00572470575571], [0.00381062319502, 0.0142626250163, 0.000744566961657, -0.00204946473241, -0.00932130776346, -0.00523563753814], [-0.00258109043352, 0.000744566961657, 0.0092941345647, 0.00140416191425, -0.00477059278637, -0.00321729877032], [-0.00391928805038, -0.00204946473241, 0.00140416191425, 0.0140987345949, -0.00406141858548, -0.00565495155752], [-0.0111615676433, -0.00932130776346, -0.00477059278637, -0.00406141858548, 0.0280060451478, 2.49081476795e-05], [-0.00572470575571, -0.00523563753814, -0.00321729877032, -0.00565495155752, 2.49081476795e-05, 0.0191209688783]]
    },
