{
"metadata": {
    "version": {
        "essentia": "2.1-beta3"
    }
},
"lowLevel": {
    "average_loudness": 0.920733392239,
    "barkbands_kurtosis": {
        "kurt": 23.6977119446,
        "max": 361.428741455,
        "mean": 26.160993576,
        "median": 16.3609886169,
        "min": -1.96406054497,
        "skew": 3.51021289825,
        "var": 1097.1730957
    },
    "barkbands_skewness": {
        "kurt": 1.45856523514,
        "max": 17.9636554718,
        "mean": 4.29859781265,
        "median": 4.01937580109,
        "min": -1.85000169277,
        "skew": 0.864965677261,
        "var": 6.78653478622
    },
    "barkbands_spread": {
        "kurt": 11.8852081299,
        "max": 33.4238815308,
        "mean": 3.40691637993,
        "median": 1.71492338181,
        "min": 0.073192179203,
        "skew": 3.33685493469,
        "var": 26.9659004211
    },
    "dissonance": {
        "kurt": -1.403606534,
        "max": 0.500000238419,
        "mean": 0.36511027813,
        "median": 0.354784786701,
        "min": 0.119739547372,
        "skew": -0.120602212846,
        "var": 0.0128412861377
    },
    "hfc": {
        "kurt": 2.16109848022,
        "max": 12.4926166534,
        "mean": 2.8684990406,
        "median": 2.10173511505,
        "min": 1.12791211659e-16,
        "skew": 1.49806392193,
        "var": 5.59576320648
    },
    "pitch": {
        "kurt": -0.237076282501,
        "max": 1737.57458496,
        "mean": 1183.25854492,
        "median": 1233.06433105,
        "min": 81.9920272827,
        "skew": -0.578681647778,
        "var": 144763.953125
    },
    "pitch_instantaneous_confidence": {
        "kurt": 17.9238605499,
        "max": 0.99907964468,
        "mean": 0.964451551437,
        "median": 0.997246205807,
        "min": 0.109265089035,
        "skew": -4.38013076782,
        "var": 0.0197604969144
    },
    "pitch_salience": {
        "kurt": 1.5589799881,
        "max": 0.885983109474,
        "mean": 0.243260353804,
        "median": 0.203274548054,
        "min": 0.0568483173847,
        "skew": 1.24736905098,
        "var": 0.0195181015879
    },
    "silence_rate_20dB": {
        "kurt": 0,
        "max": 1,
        "mean": 1,
        "median": 1,
        "min": 1,
        "skew": 0,
        "var": 0
    },
    "silence_rate_30dB": {
        "kurt": 0,
        "max": 1,
        "mean": 1,
        "median": 1,
        "min": 1,
        "skew": 0,
        "var": 0
    },
    "silence_rate_60dB": {
        "kurt": 0.448766231537,
        "max": 1,
        "mean": 0.808108091354,
        "median": 1,
        "min": 0,
        "skew": -1.56487929821,
        "var": 0.155067577958
    },
    "spectral_centroid": {
        "kurt": 213.098876953,
        "max": 11453.0341797,
        "mean": 1349.98205566,
        "median": 1339.26086426,
        "min": 636.718139648,
        "skew": 10.6872396469,
        "var": 255506.421875
    },
    "spectral_complexity": {
        "kurt": -0.189831256866,
        "max": 3,
        "mean": 1.56081080437,
        "median": 2,
        "min": 0,
        "skew": -0.15769341588,
        "var": 0.486845105886
    },
    "spectral_crest": {
        "kurt": 2.08389806747,
        "max": 26.8983745575,
        "mean": 22.763130188,
        "median": 24.3851680756,
        "min": 4.72544765472,
        "skew": -1.58083295822,
        "var": 19.6183319092
    },
    "spectral_decrease": {
        "kurt": 2.14292001724,
        "max": -5.71643572366e-29,
        "mean": -4.86575557623e-10,
        "median": -3.97006705288e-10,
        "min": -2.13541628824e-09,
        "skew": -1.30176341534,
        "var": 1.28337899218e-19
    },
    "spectral_energy": {
        "kurt": 2.20271730423,
        "max": 0.00919266790152,
        "mean": 0.00209662877023,
        "median": 0.00170445302501,
        "min": 1.04462442361e-20,
        "skew": 1.32865047455,
        "var": 2.40798362938e-06
    },
    "spectral_energyband_high": {
        "kurt": 4.71782112122,
        "max": 1.48168219312e-05,
        "mean": 2.40032409238e-06,
        "median": 1.75420541382e-06,
        "min": 7.40548791466e-21,
        "skew": 2.0200419426,
        "var": 6.03907635705e-12
    },
    "spectral_energyband_low": {
        "kurt": 25.674654007,
        "max": 5.89294968378e-09,
        "mean": 5.27900334557e-10,
        "median": 3.52467555143e-10,
        "min": 1.26112453993e-22,
        "skew": 4.14996814728,
        "var": 3.13251591914e-19
    },
    "spectral_energyband_middle_high": {
        "kurt": 2.22806882858,
        "max": 0.00919194146991,
        "mean": 0.00183223432396,
        "median": 0.0014267929364,
        "min": 1.54814858893e-21,
        "skew": 1.409755826,
        "var": 2.65105745711e-06
    },
    "spectral_energyband_middle_low": {
        "kurt": 7.87746238708,
        "max": 0.0045071169734,
        "mean": 0.000294061377645,
        "median": 4.03415700845e-09,
        "min": 4.64671283944e-22,
        "skew": 2.91192579269,
        "var": 6.53573124509e-07
    },
    "spectral_flatness_db": {
        "kurt": 7.74881362915,
        "max": 0.86581492424,
        "mean": 0.668542504311,
        "median": 0.698756337166,
        "min": 0.0644235014915,
        "skew": -2.6947517395,
        "var": 0.0197691321373
    },
    "spectral_flux": {
        "kurt": 0.392491817474,
        "max": 0.0605947785079,
        "mean": 0.0180210918188,
        "median": 0.0164694618434,
        "min": 1.02206867969e-10,
        "skew": 0.392155051231,
        "var": 8.09382618172e-05
    },
    "spectral_kurtosis": {
        "kurt": -0.396922826767,
        "max": 130.049102783,
        "mean": 45.5772476196,
        "median": 43.5237541199,
        "min": -1.21911048889,
        "skew": 0.30050611496,
        "var": 575.795166016
    },
    "spectral_rms": {
        "kurt": 0.505928277969,
        "max": 0.00299473805353,
        "mean": 0.00131756160408,
        "median": 0.00128952716477,
        "min": 3.19240640867e-12,
        "skew": -0.107327826321,
        "var": 3.09521880126e-07
    },
    "spectral_rolloff": {
        "kurt": 191.800033569,
        "max": 18712.3535156,
        "mean": 1522.63037109,
        "median": 1421.19140625,
        "min": 667.529296875,
        "skew": 10.2794141769,
        "var": 779901.8125
    },
    "spectral_skewness": {
        "kurt": -0.70220041275,
        "max": 9.36327457428,
        "mean": 4.7997879982,
        "median": 4.65643215179,
        "min": -0.0458592325449,
        "skew": 0.061973053962,
        "var": 2.62281775475
    },
    "spectral_spread": {
        "kurt": 282.451019287,
        "max": 41580044,
        "mean": 1877938.375,
        "median": 1645550.75,
        "min": 559068.9375,
        "skew": 14.745306015,
        "var": 3.57776936141e+12
    },
    "spectral_strongpeak": {
        "kurt": -0.0467684268951,
        "max": 5.32825469971,
        "mean": 1.88943529129,
        "median": 1.7687895298,
        "min": 3.38052208448e-09,
        "skew": 0.387955784798,
        "var": 1.01639902592
    },
    "zerocrossingrate": {
        "kurt": 136.429504395,
        "max": 0.490234375,
        "mean": 0.0580130927265,
        "median": 0.0576171875,
        "min": 0.029296875,
        "skew": 9.17294597626,
        "var": 0.000680628407281
    },
    "barkbands": {
        "kurt": [28.9694042206, 27.1399269104, 30.2960357666, 6.68285751343, 39.8238792419, 85.0848846436, 237.134231567, 216.174118042, 12.3215389252, 13.4369754791, 14.2929782867, 10.2262086868, 6.03205394745, 4.78034448624, 39.0082702637, 11.0713596344, 25.9365386963, 11.3531494141, 13.3394241333, 12.6877670288, 6.44152545929, 12.507147789, 27.2809791565, 31.5749855042, 27.0871562958, 14.966381073, 15.0622329712],
        "max": [1.46953582636e-09, 2.20234142034e-09, 1.94983496016e-09, 1.82798332027e-09, 1.54019144105e-08, 1.23912835548e-08, 3.77180597866e-08, 4.32190336142e-06, 0.00450710020959, 0.00299811502919, 0.00378277013078, 0.00318036344834, 0.00904815923423, 0.00475722923875, 0.00187849823851, 0.000214516578126, 0.00041404447984, 0.00176247500349, 0.000133323657792, 1.25067554109e-05, 1.48043527588e-05, 2.7716380373e-06, 5.56428233267e-07, 2.04509291279e-07, 2.50993998918e-08, 8.79446182545e-10, 9.2724444789e-10],
        "mean": [7.57643045524e-11, 2.09365386139e-10, 1.48720480375e-10, 2.95998170419e-10, 1.60790869508e-09, 4.14832057594e-10, 7.19843407104e-10, 2.21065299399e-08, 0.000226830423344, 0.000155798319611, 0.00017448120343, 0.000194112799363, 0.00069644767791, 0.000444564066129, 4.68837606604e-05, 1.27533057821e-05, 1.65501769516e-05, 0.000115199189167, 1.0093799574e-05, 8.62155047798e-07, 1.7808715711e-06, 2.07971410759e-07, 2.72719109518e-08, 9.01523478092e-09, 9.60932666771e-10, 6.46987602382e-11, 6.72676150892e-11],
        "median": [2.15971789064e-11, 1.37480277163e-10, 9.68703450788e-11, 2.33107338987e-10, 1.40872824517e-09, 1.90877563755e-10, 3.51409401578e-10, 3.7145916898e-10, 9.75804548276e-10, 9.29407328876e-10, 1.40936928794e-09, 2.3123432058e-09, 5.00394836678e-09, 1.18171019636e-08, 3.51307338775e-09, 4.20815737812e-09, 3.40482309014e-09, 7.59090426072e-08, 9.86328473118e-07, 4.90041287549e-08, 1.00077750176e-06, 4.29673150393e-08, 6.0747717967e-09, 2.35985808672e-09, 1.76935605056e-10, 2.39162526589e-11, 2.43366941183e-11],
        "min": [1.44203836583e-23, 6.4827308081e-23, 2.03169832408e-23, 7.74053922921e-23, 6.10929225972e-23, 8.79674698848e-23, 2.42621634025e-23, 5.02032720913e-23, 1.18599809737e-22, 7.47363035074e-23, 4.89022353548e-23, 3.10053006664e-23, 4.53035686566e-23, 1.14778529647e-22, 1.96622621371e-22, 2.19809767731e-22, 1.71949829047e-22, 2.05588145466e-22, 2.72273107383e-22, 3.52564405302e-22, 4.01450633091e-22, 4.3290399413e-22, 7.36393248922e-22, 9.02693862011e-22, 1.13356752384e-21, 1.61737377131e-21, 2.32922488852e-21],
        "skew": [4.49973249435, 4.29278802872, 4.4983086586, 1.95591449738, 3.77685070038, 7.64840841293, 14.1980609894, 14.3455600739, 3.53946256638, 3.58880591393, 3.56367921829, 3.13588905334, 2.53147625923, 2.25246930122, 5.95752906799, 3.09908771515, 4.28325653076, 3.20470952988, 3.18023753166, 3.37340641022, 2.30898785591, 3.02683758736, 4.77893590927, 4.96650314331, 4.67246866226, 3.25719642639, 3.26320981979],
        "var": [2.14424747222e-20, 4.99751862261e-20, 3.47821305019e-20, 5.43678804014e-20, 1.10564465852e-18, 6.55531329666e-19, 4.22497097599e-18, 6.38330737552e-14, 5.34487583081e-07, 2.1503699088e-07, 2.61037541804e-07, 2.66502524937e-07, 2.54197129834e-06, 7.7171898738e-07, 4.00267978762e-08, 9.25970133903e-10, 1.66067970486e-09, 6.75673064165e-08, 3.10423214911e-10, 3.61793863098e-12, 5.48080851537e-12, 1.26007074241e-13, 4.10537430128e-15, 4.17674196222e-16, 5.84353678727e-18, 1.03278879382e-20, 1.15045854791e-20],
        "cov": [[2.14714906671e-20, 3.20860936229e-20, 2.40787219526e-20, 2.32306857258e-20, 6.4059516199e-20, 8.49440689072e-20, 1.18745861136e-19, 6.80499776456e-18, 5.81831607091e-14, 6.08262025071e-15, 5.26422982845e-16, -4.00156702546e-15, 1.88609232941e-14, -1.40985576282e-14, -1.10916455108e-15, 1.42730567914e-15, 2.66863791612e-16, -6.75621999918e-17, -1.61176962919e-16, 7.50195326533e-19, -4.51226792537e-17, -8.02313288593e-19, 1.96776651752e-19, -1.2792078047e-19, 9.55909787588e-22, -1.7268945241e-22, -2.02426390958e-22], [3.20860936229e-20, 5.00428114723e-20, 3.59107829049e-20, 3.42124680162e-20, 9.71192304834e-20, 1.27107312961e-19, 1.77396843975e-19, 9.77418449361e-18, 8.70769520942e-14, 8.28819706009e-15, 5.2459926797e-16, -5.01654161869e-15, 2.86381636179e-14, -2.06607514165e-14, -1.52206950182e-15, 2.25502383998e-15, 3.69405759025e-16, 4.26032856312e-17, -2.17389351552e-16, 1.6643496378e-18, -6.12653702968e-17, -9.25531456807e-19, 2.28662939251e-19, -1.6365186808e-19, 5.06355865476e-21, -9.10774230527e-24, -4.04850737189e-23], [2.40787219526e-20, 3.59107829049e-20, 3.48291990175e-20, 2.65318504594e-20, 7.43567128285e-20, 9.79272566949e-20, 1.3928650058e-19, 9.60787569555e-18, 6.5459919115e-14, 1.10582480605e-14, -2.33750017921e-16, -5.02654888944e-15, 1.94710055506e-14, -1.74191851264e-14, -1.22982248859e-15, 1.4602471081e-15, 2.07117184477e-16, -6.5363923177e-16, -1.9625377517e-16, -9.46161341284e-19, -5.42063995464e-17, 2.74694066925e-19, 1.04814924699e-19, -2.017729002e-19, -5.51064694857e-21, -3.43132759075e-22, -3.73013825667e-22], [2.32306857258e-20, 3.42124680162e-20, 2.65318504594e-20, 5.44414477772e-20, 5.21671179141e-20, 8.8749435767e-20, 1.18700353278e-19, 7.15520907872e-18, 6.49047533926e-14, 1.16631922151e-14, 3.94991876799e-15, -3.82190286702e-15, 1.25682240494e-14, -2.83825849786e-14, -3.20965030033e-15, 1.92384179266e-15, 5.93220106945e-16, -3.11379221696e-15, -2.8453911929e-16, -1.37351779411e-18, -7.32144773186e-17, -4.69537742341e-18, 1.28029179904e-19, -4.19575164803e-19, -3.61696161196e-20, -4.02220132194e-22, -4.12127240665e-22], [6.4059516199e-20, 9.71192304834e-20, 7.43567128285e-20, 5.21671179141e-20, 1.10714071805e-18, 5.30988535099e-19, 1.24859945954e-18, 2.15070582315e-17, 1.95378652493e-13, 3.00255493754e-14, 1.28445346671e-14, -1.25308783667e-14, 1.18114543211e-13, -1.18149264786e-13, -7.96535045225e-15, 5.65315167657e-15, 6.22097588287e-15, -1.4322297146e-14, -7.77930305351e-16, 1.58706803087e-16, -3.01369663952e-16, 4.61476050431e-19, 1.36473724606e-19, -1.71777382144e-18, -8.0277762126e-20, -4.70824984655e-21, -4.82949844926e-21], [8.49440689072e-20, 1.27107312961e-19, 9.79272566949e-20, 8.8749435767e-20, 5.30988535099e-19, 6.56418377476e-19, 1.50819748029e-18, 4.31218815532e-17, 3.05519661219e-13, 2.62955533948e-14, -1.0496190878e-14, -1.88904118991e-14, 7.25452345223e-14, -8.85164676474e-14, -5.01558913014e-15, 6.9563550646e-15, 4.72725742082e-15, -1.14800924911e-14, -7.32493711055e-16, 1.46297942463e-16, -2.35686361708e-16, -1.08218079122e-17, -1.195452795e-18, -1.05073123958e-18, -2.10190018694e-20, 3.99538454452e-21, 4.29973692674e-21], [1.18745861136e-19, 1.77396843975e-19, 1.3928650058e-19, 1.18700353278e-19, 1.24859945954e-18, 1.50819748029e-18, 4.2306880348e-18, 7.68181326705e-17, 4.67911354194e-13, 3.52572754791e-14, -2.30275969462e-14, -3.59730894703e-14, 1.27153225015e-13, -1.61027332961e-13, -9.08722102693e-15, 1.02073746658e-14, 1.24923409087e-14, -2.37776158219e-14, -1.49196266862e-15, 4.89154539018e-16, -4.00478103904e-16, -2.64287415171e-17, -3.79414594806e-18, -1.78620967884e-18, -5.23829843871e-22, 1.01995893172e-20, 1.10257836138e-20], [6.80499776456e-18, 9.77418449361e-18, 9.60787569555e-18, 7.15520907872e-18, 2.15070582315e-17, 4.31218815532e-17, 7.68181326705e-17, 6.3919450787e-14, 5.43255787577e-11, -3.21424289094e-12, -3.7307197262e-12, -4.09208170821e-12, -1.37417030879e-11, -9.69494623471e-12, 2.09698252686e-12, 1.30154532104e-14, 2.69031216575e-13, -2.48114701527e-12, -4.92157448692e-14, -1.36784081105e-14, -3.25383945861e-14, -2.38828266313e-15, -4.03270268605e-16, -1.46343629303e-16, -1.56266544179e-17, 7.66000318196e-19, 8.42170986409e-19], [5.81831607091e-14, 8.70769520942e-14, 6.5459919115e-14, 6.49047533926e-14, 1.95378652493e-13, 3.05519661219e-13, 4.67911354194e-13, 5.43255787577e-11, 5.352108019e-07, -1.03468362767e-08, -3.96302901606e-08, -4.40891128051e-08, -1.55621705744e-07, -1.00298258587e-07, -3.201614307e-09, 1.34448718825e-08, -2.28318475237e-09, -2.44966180674e-08, 1.2683402939e-10, -1.33142247227e-10, -1.99290250968e-10, -2.31443579579e-11, -4.40197661308e-12, -1.75580752194e-12, -1.62978205692e-13, 1.85136541853e-15, 2.25118720425e-15], [6.08262025071e-15, 8.28819706009e-15, 1.10582480605e-14, 1.16631922151e-14, 3.00255493754e-14, 2.62955533948e-14, 3.52572754791e-14, -3.21424289094e-12, -1.03468362767e-08, 2.15327972342e-07, -1.44924303669e-08, -3.0282340191e-08, -1.08642829844e-07, -6.81401672864e-08, -5.84809756177e-09, -1.22020271665e-09, 3.98750010788e-09, -1.46444882887e-08, -9.4629382108e-10, -7.13674952468e-11, -1.39725203629e-10, 2.84796249084e-11, -2.22664616779e-12, -1.18136782908e-12, -1.18512242121e-13, -1.86124859896e-15, -1.84823584355e-15], [5.26422982845e-16, 5.2459926797e-16, -2.33750017921e-16, 3.94991876799e-15, 1.28445346671e-14, -1.0496190878e-14, -2.30275969462e-14, -3.7307197262e-12, -3.96302901606e-08, -1.44924303669e-08, 2.61390766809e-07, 1.05849986554e-08, -1.21663489949e-07, -7.76726238882e-08, -4.12817291462e-09, 3.81090003998e-09, -2.86725732046e-09, -1.36522004812e-09, -7.36878724705e-10, -3.63187570296e-11, -7.71957428536e-11, -1.73117457869e-11, -3.02447585206e-12, -1.13301230377e-12, -1.0071281374e-13, -2.73681088642e-15, -2.76494233291e-15], [-4.00156702546e-15, -5.01654161869e-15, -5.02654888944e-15, -3.82190286702e-15, -1.25308783667e-14, -1.88904118991e-14, -3.59730894703e-14, -4.09208170821e-12, -4.40891128051e-08, -3.0282340191e-08, 1.05849986554e-08, 2.66863139586e-07, -9.63379491736e-08, -8.64109779286e-08, -9.11252850955e-09, 4.09879352681e-10, 2.56027288259e-09, -2.23746923211e-08, 3.45775275079e-09, 2.63841476444e-10, -3.77615798873e-13, 4.53320575522e-11, 4.21229023884e-12, -2.08734261429e-13, -5.37830244479e-14, 1.25718419389e-15, 1.47381181135e-15], [1.88609232941e-14, 2.86381636179e-14, 1.94710055506e-14, 1.25682240494e-14, 1.18114543211e-13, 7.25452345223e-14, 1.27153225015e-13, -1.37417030879e-11, -1.55621705744e-07, -1.08642829844e-07, -1.21663489949e-07, -9.63379491736e-08, 2.5454110073e-06, -2.67694389322e-07, -3.26667120021e-08, -8.82345929654e-09, 2.66868589449e-08, 1.45879653246e-07, -7.01731828201e-09, 1.08825681799e-09, -7.97374111183e-10, 7.58547460955e-11, 4.12954948015e-11, 1.36668662498e-11, 1.43104115797e-12, 6.27948349785e-14, 6.5212524508e-14], [-1.40985576282e-14, -2.06607514165e-14, -1.74191851264e-14, -2.83825849786e-14, -1.18149264786e-13, -8.85164676474e-14, -1.61027332961e-13, -9.69494623471e-12, -1.00298258587e-07, -6.81401672864e-08, -7.76726238882e-08, -8.64109779286e-08, -2.67694389322e-07, 7.72763257828e-07, -9.08921293785e-09, -5.64554269999e-09, -7.33465821412e-09, 3.3700732871e-08, 1.37030564673e-09, -3.74480557674e-10, 7.98743182706e-10, -5.7166393147e-11, -1.02271498562e-11, -1.44128188117e-12, 3.80664433081e-14, 9.48798788966e-15, 9.73631253881e-15], [-1.10916455108e-15, -1.52206950182e-15, -1.22982248859e-15, -3.20965030033e-15, -7.96535045225e-15, -5.01558913014e-15, -9.08722102693e-15, 2.09698252686e-12, -3.201614307e-09, -5.84809756177e-09, -4.12817291462e-09, -9.11252850955e-09, -3.26667120021e-08, -9.08921293785e-09, 4.00809625489e-08, -4.64042138049e-10, -6.33414432016e-10, -4.59008786535e-09, 2.26623747546e-10, -3.41514004576e-11, 8.23985463194e-11, -9.17178399201e-12, 8.32971861517e-15, -1.5931784429e-13, -3.59214001318e-14, -4.86247680761e-16, -5.68724284687e-16], [1.42730567914e-15, 2.25502383998e-15, 1.4602471081e-15, 1.92384179266e-15, 5.65315167657e-15, 6.9563550646e-15, 1.02073746658e-14, 1.30154532104e-14, 1.34448718825e-08, -1.22020271665e-09, 3.81090003998e-09, 4.09879352681e-10, -8.82345929654e-09, -5.64554269999e-09, -4.64042138049e-10, 9.27223131608e-10, -1.85205267789e-10, -1.13788267697e-09, 5.76613444492e-11, -7.13494714699e-12, -1.36294395908e-11, 4.12672229288e-13, -1.35002930059e-13, -7.55376392946e-14, -9.15848868505e-15, -1.24940800791e-16, -1.22552062001e-16], [2.66863791612e-16, 3.69405759025e-16, 2.07117184477e-16, 5.93220106945e-16, 6.22097588287e-15, 4.72725742082e-15, 1.24923409087e-14, 2.69031216575e-13, -2.28318475237e-09, 3.98750010788e-09, -2.86725732046e-09, 2.56027288259e-09, 2.66868589449e-08, -7.33465821412e-09, -6.33414432016e-10, -1.85205267789e-10, 1.66292690729e-09, -1.82500925483e-09, -5.04119385125e-11, 2.27056255742e-11, -1.07009895736e-11, -2.0948709076e-13, 8.59077484714e-14, 1.23499734744e-13, 1.27922871338e-14, 9.19196766229e-16, 9.73895824622e-16], [-6.75621999918e-17, 4.26032856312e-17, -6.5363923177e-16, -3.11379221696e-15, -1.4322297146e-14, -1.14800924911e-14, -2.37776158219e-14, -2.48114701527e-12, -2.44966180674e-08, -1.46444882887e-08, -1.36522004812e-09, -2.23746923211e-08, 1.45879653246e-07, 3.3700732871e-08, -4.59008786535e-09, -1.13788267697e-09, -1.82500925483e-09, 6.76587390558e-08, -1.13431142257e-09, 1.77083001041e-10, -2.68964156502e-11, 2.47268976128e-11, 4.8481271081e-12, 3.08925758238e-12, 3.05806568219e-13, 4.27115431917e-15, 4.22635347604e-15], [-1.61176962919e-16, -2.17389351552e-16, -1.9625377517e-16, -2.8453911929e-16, -7.77930305351e-16, -7.32493711055e-16, -1.49196266862e-15, -4.92157448692e-14, 1.2683402939e-10, -9.4629382108e-10, -7.36878724705e-10, 3.45775275079e-09, -7.01731828201e-09, 1.37030564673e-09, 2.26623747546e-10, 5.76613444492e-11, -5.04119385125e-11, -1.13431142257e-09, 3.10843267792e-10, -7.5840765959e-12, 9.07819392576e-12, 1.8714771486e-12, 1.60643200131e-13, -6.04204525496e-15, 1.34913597306e-15, -1.01969406228e-16, -1.05023184996e-16], [7.50195326533e-19, 1.6643496378e-18, -9.46161341284e-19, -1.37351779411e-18, 1.58706803087e-16, 1.46297942463e-16, 4.89154539018e-16, -1.36784081105e-14, -1.33142247227e-10, -7.13674952468e-11, -3.63187570296e-11, 2.63841476444e-10, 1.08825681799e-09, -3.74480557674e-10, -3.41514004576e-11, -7.13494714699e-12, 2.27056255742e-11, 1.77083001041e-10, -7.5840765959e-12, 3.62283445431e-12, -4.05096339503e-13, 1.11498362084e-13, 2.39897111778e-14, 1.43292343458e-14, 1.11410836475e-15, 2.33612464403e-17, 2.40419267489e-17], [-4.51226792537e-17, -6.12653702968e-17, -5.42063995464e-17, -7.32144773186e-17, -3.01369663952e-16, -2.35686361708e-16, -4.00478103904e-16, -3.25383945861e-14, -1.99290250968e-10, -1.39725203629e-10, -7.71957428536e-11, -3.77615798873e-13, -7.97374111183e-10, 7.98743182706e-10, 8.23985463194e-11, -1.36294395908e-11, -1.07009895736e-11, -2.68964156502e-11, 9.07819392576e-12, -4.05096339503e-13, 5.48822532559e-12, -9.7294249751e-14, -1.06524167877e-14, -3.47485287504e-16, 3.56537978598e-16, -1.11088081519e-17, -1.21453787832e-17], [-8.02313288593e-19, -9.25531456807e-19, 2.74694066925e-19, -4.69537742341e-18, 4.61476050431e-19, -1.08218079122e-17, -2.64287415171e-17, -2.38828266313e-15, -2.31443579579e-11, 2.84796249084e-11, -1.73117457869e-11, 4.53320575522e-11, 7.58547460955e-11, -5.7166393147e-11, -9.17178399201e-12, 4.12672229288e-13, -2.0948709076e-13, 2.47268976128e-11, 1.8714771486e-12, 1.11498362084e-13, -9.7294249751e-14, 1.26177578585e-13, 7.25677351055e-15, 2.72710071247e-15, 1.62700100212e-16, 3.71458523521e-18, 3.72580800817e-18], [1.96776651752e-19, 2.28662939251e-19, 1.04814924699e-19, 1.28029179904e-19, 1.36473724606e-19, -1.195452795e-18, -3.79414594806e-18, -4.03270268605e-16, -4.40197661308e-12, -2.22664616779e-12, -3.02447585206e-12, 4.21229023884e-12, 4.12954948015e-11, -1.02271498562e-11, 8.32971861517e-15, -1.35002930059e-13, 8.59077484714e-14, 4.8481271081e-12, 1.60643200131e-13, 2.39897111778e-14, -1.06524167877e-14, 7.25677351055e-15, 4.11092956686e-15, 4.02885556829e-16, 3.87144845785e-17, 7.12084013785e-19, 7.19825493741e-19], [-1.2792078047e-19, -1.6365186808e-19, -2.017729002e-19, -4.19575164803e-19, -1.71777382144e-18, -1.05073123958e-18, -1.78620967884e-18, -1.46343629303e-16, -1.75580752194e-12, -1.18136782908e-12, -1.13301230377e-12, -2.08734261429e-13, 1.36668662498e-11, -1.44128188117e-12, -1.5931784429e-13, -7.55376392946e-14, 1.23499734744e-13, 3.08925758238e-12, -6.04204525496e-15, 1.43292343458e-14, -3.47485287504e-16, 2.72710071247e-15, 4.02885556829e-16, 4.18239378956e-16, 3.34783783615e-17, 3.74965598712e-19, 3.77993958633e-19], [9.55909787588e-22, 5.06355865476e-21, -5.51064694857e-21, -3.61696161196e-20, -8.0277762126e-20, -2.10190018694e-20, -5.23829843871e-22, -1.56266544179e-17, -1.62978205692e-13, -1.18512242121e-13, -1.0071281374e-13, -5.37830244479e-14, 1.43104115797e-12, 3.80664433081e-14, -3.59214001318e-14, -9.15848868505e-15, 1.27922871338e-14, 3.05806568219e-13, 1.34913597306e-15, 1.11410836475e-15, 3.56537978598e-16, 1.62700100212e-16, 3.87144845785e-17, 3.34783783615e-17, 5.85144380675e-18, 4.26456131352e-20, 4.31921888809e-20], [-1.7268945241e-22, -9.10774230527e-24, -3.43132759075e-22, -4.02220132194e-22, -4.70824984655e-21, 3.99538454452e-21, 1.01995893172e-20, 7.66000318196e-19, 1.85136541853e-15, -1.86124859896e-15, -2.73681088642e-15, 1.25718419389e-15, 6.27948349785e-14, 9.48798788966e-15, -4.86247680761e-16, -1.24940800791e-16, 9.19196766229e-16, 4.27115431917e-15, -1.01969406228e-16, 2.33612464403e-17, -1.11088081519e-17, 3.71458523521e-18, 7.12084013785e-19, 3.74965598712e-19, 4.26456131352e-20, 1.03418627669e-20, 1.09133250168e-20], [-2.02426390958e-22, -4.04850737189e-23, -3.73013825667e-22, -4.12127240665e-22, -4.82949844926e-21, 4.29973692674e-21, 1.10257836138e-20, 8.42170986409e-19, 2.25118720425e-15, -1.84823584355e-15, -2.76494233291e-15, 1.47381181135e-15, 6.5212524508e-14, 9.73631253881e-15, -5.68724284687e-16, -1.22552062001e-16, 9.73895824622e-16, 4.22635347604e-15, -1.05023184996e-16, 2.40419267489e-17, -1.21453787832e-17, 3.72580800817e-18, 7.19825493741e-19, 3.77993958633e-19, 4.31921888809e-20, 1.09133250168e-20, 1.15201532768e-20]]
    },
    "mfcc": {
        "kurt": [2.07860708237, 0.105125665665, 5.91945075989, 0.29779291153, -0.637927055359, -0.424466133118, -0.362368822098, -1.13214111328, -0.960221290588, -1.3716353178, -1.26600527763, -0.802857875824, -0.638300895691],
        "max": [-971.871582031, 56.9613418579, -6.103515625e-05, 20.9802703857, 25.444355011, 37.1345214844, 55.8748092651, 57.622833252, 73.1621704102, 51.8035583496, 76.9270019531, 86.2262878418, 72.5661010742],
        "mean": [-1054.89575195, 2.37594842911, -69.7520294189, -7.8247795105, -2.74396324158, 6.42195796967, 17.7072906494, 2.56074500084, -7.16033792496, -4.80399227142, 15.2167482376, 0.350312024355, -21.4950637817],
        "median": [-1053.18847656, -0.0829124450684, -73.5411529541, -7.19442367554, -6.103515625e-05, 16.476940155, 21.0243186951, 3.9495010376, -14.0116920471, -2.28881835938e-05, 19.031867981, -4.53589248657, -36.6897315979],
        "min": [-1138.42004395, -22.9771308899, -118.878234863, -73.3519058228, -54.4020996094, -61.197933197, -33.5730667114, -54.8446273804, -68.0817489624, -64.8256530762, -51.6200141907, -62.1125144958, -80.8435516357],
        "skew": [-0.958002746105, 0.850020468235, 2.24421262741, -0.541375398636, -0.448213100433, -0.830368101597, -0.407669126987, -0.236504077911, 0.377790033817, -0.05421237275, -0.15488743782, 0.548320114613, 0.743129491806],
        "var": [799.313842773, 216.8359375, 385.318572998, 179.668182373, 312.267059326, 614.248413086, 333.892791748, 988.443054199, 1265.61340332, 1153.90026855, 1461.66027832, 1455.01000977, 1731.38500977],
        "cov": [[800.395446777, 215.010620117, -490.634429932, -168.764678955, -282.96786499, -371.500244141, 34.2986335754, 464.764251709, 411.618743896, -52.6325950623, -251.044464111, -47.3649291992, 25.3523445129], [215.010620117, 217.129348755, -68.0264129639, -168.732940674, -168.066070557, -299.736602783, -97.393447876, 303.296508789, 394.436096191, 75.7621765137, -238.500717163, -140.714538574, 31.1442222595], [-490.634429932, -68.0264129639, 385.839996338, 71.5906677246, 56.1528358459, 91.9748687744, -101.763778687, -173.944229126, -26.4875831604, 108.054878235, 17.740486145, -71.2349243164, 40.8794136047], [-168.764678955, -168.732940674, 71.5906677246, 179.911300659, 125.358772278, 157.339324951, 2.48592782021, -275.160919189, -230.13381958, 97.8376083374, 237.269088745, -13.6363201141, -145.196350098], [-282.96786499, -168.066070557, 56.1528358459, 125.358772278, 312.689605713, 317.050262451, 6.49431085587, -422.029418945, -477.754425049, 58.4411621094, 461.967956543, 141.281112671, -256.793670654], [-371.500244141, -299.736602783, 91.9748687744, 157.339324951, 317.050262451, 615.079650879, 196.912063599, -557.233764648, -739.651306152, -205.595840454, 432.859527588, 396.003753662, 3.45305299759], [34.2986335754, -97.393447876, -101.763778687, 2.48592782021, 6.49431085587, 196.912063599, 334.344604492, 105.412849426, -343.147735596, -511.640716553, -149.015686035, 373.517669678, 377.669616699], [464.764251709, 303.296508789, -173.944229126, -275.160919189, -422.029418945, -557.233764648, 105.412849426, 989.780639648, 649.187866211, -487.909423828, -917.510681152, -61.9456939697, 641.618713379], [411.618743896, 394.436096191, -26.4875831604, -230.13381958, -477.754425049, -739.651306152, -343.147735596, 649.187866211, 1267.32592773, 438.970184326, -856.977355957, -902.627868652, 77.9916229248], [-52.6325950623, 75.7621765137, 108.054878235, 97.8376083374, 58.4411621094, -205.595840454, -511.640716553, -487.909423828, 438.970184326, 1155.46166992, 471.072570801, -866.273254395, -997.431335449], [-251.044464111, -238.500717163, 17.740486145, 237.269088745, 461.967956543, 432.859527588, -149.015686035, -917.510681152, -856.977355957, 471.072570801, 1463.63818359, 457.82989502, -1118.24414062], [-47.3649291992, -140.714538574, -71.2349243164, -13.6363201141, 141.281112671, 396.003753662, 373.517669678, -61.9456939697, -902.627868652, -866.273254395, 457.82989502, 1456.97888184, 435.133087158], [25.3523445129, 31.1442222595, 40.8794136047, -145.196350098, -256.793670654, 3.45305299759, 377.669616699, 641.618713379, 77.9916229248, -997.431335449, -1118.24414062, 435.133087158, 1733.7277832]]
    },
    "sccoeffs": {
        "kurt": [-0.479972600937, 19.2145061493, -1.87925457954, 0.286907911301, 4.98650455475, -0.0193319320679],
        "max": [-0.74837821722, -0.31259945035, -0.251965254545, -0.280074059963, -0.461843371391, -0.544019937515],
        "mean": [-0.871790289879, -0.888506770134, -0.664320170879, -0.498276203871, -0.597295165062, -0.723857104778],
        "median": [-0.872592806816, -0.907207608223, -0.887305736542, -0.430820524693, -0.584063887596, -0.718201041222],
        "min": [-0.959335565567, -0.97090446949, -0.965811789036, -0.958577096462, -0.966508090496, -0.961981236935],
        "skew": [0.169151365757, 4.29242658615, 0.22690038383, -0.987320125103, -2.01276779175, -0.365622699261],
        "var": [0.00151371734682, 0.00955541897565, 0.0813320726156, 0.0243667401373, 0.00713917613029, 0.0050522396341],
        "cov": [[0.00151576567441, -0.000363499770174, -0.00101010559592, -0.00102208962198, -0.000647376175039, -4.78545553051e-05], [-0.000363499770174, 0.00956834945828, 0.00738583318889, -0.000216251573875, 0.00013416550064, -0.000276586011751], [-0.00101010559592, 0.00738583318889, 0.0814421325922, -0.0234502684325, 0.00271285139024, 0.00351393874735], [-0.00102208962198, -0.000216251573875, -0.0234502684325, 0.0243997126818, 0.00720808608457, 0.00323990429752], [-0.000647376175039, 0.00013416550064, 0.00271285139024, 0.00720808608457, 0.00714883673936, 0.00230424641632], [-4.78545553051e-05, -0.000276586011751, 0.00351393874735, 0.00323990429752, 0.00230424641632, 0.00505907647312]]
    },
    "scvalleys": {
        "kurt": [141.417648315, 123.949714661, 89.3318481445, 138.783737183, 106.302223206, 35.9437713623],
        "max": [-10.6994628906, -10.0756397247, -7.80396413803, -8.6453666687, -11.0178766251, -12.7219362259],
        "mean": [-12.6020679474, -12.4263143539, -11.9347829819, -11.9297809601, -12.6338891983, -14.5888900757],
        "median": [-12.619977951, -12.5195417404, -11.8035430908, -11.8312330246, -12.5391235352, -14.4802446365],
        "min": [-27.4193401337, -27.5998039246, -27.1820163727, -27.3304977417, -27.2214584351, -27.2648601532],
        "skew": [-7.8048992157, -6.87655735016, -5.75747823715, -8.21753120422, -6.94197654724, -3.26222014427],
        "var": [0.673751533031, 0.75450283289, 0.89939981699, 0.739529013634, 0.755592882633, 0.969948768616],
        "cov": [[0.674663245678, 0.641424179077, 0.599530935287, 0.467314571142, 0.431030899286, 0.399632751942], [0.641424179077, 0.75552380085, 0.686342120171, 0.498370289803, 0.485179930925, 0.450284749269], [0.599530935287, 0.686342120171, 0.900616824627, 0.662484049797, 0.650672018528, 0.662453174591], [0.467314571142, 0.498370289803, 0.662484049797, 0.740529716015, 0.64544737339, 0.69502311945], [0.431030899286, 0.485179930925, 0.650672018528, 0.64544737339, 0.75661534071, 0.647988975048], [0.399632751942, 0.450284749269, 0.662453174591, 0.69502311945, 0.647988975048, 0.971261262894]]
    }
},
"rhythm": {
    "beats_loudness": {
        "kurt": 0.879179239273,
        "max": 0.00752086192369,
        "mean": 0.00284304912202,
        "median": 0.00285980035551,
        "min": 0.00053952872986,
        "skew": 0.954639792442,
        "var": 2.60696651821e-06
    },
    "bpm": 89.7423934937,
    "confidence": 0.850841879845,
    "first_peak_bpm": {
        "kurt": 0,
        "max": 88,
        "mean": 88,
        "median": 88,
        "min": 88,
        "skew": 0,
        "var": 0
    },
    "first_peak_spread": {
        "kurt": 0,
        "max": 0.428571403027,
        "mean": 0.428571403027,
        "median": 0.428571403027,
        "min": 0.428571403027,
        "skew": 0,
        "var": 0
    },
    "first_peak_weight": {
        "kurt": 0,
        "max": 0.5,
        "mean": 0.5,
        "median": 0.5,
        "min": 0.5,
        "skew": 0,
        "var": 0
    },
    "onset_rate": 0.758236050606,
    "second_peak_bpm": {
        "kurt": 0,
        "max": 94,
        "mean": 94,
        "median": 94,
        "min": 94,
        "skew": 0,
        "var": 0
    },
    "second_peak_spread": {
        "kurt": 0,
        "max": 0,
        "mean": 0,
        "median": 0,
        "min": 0,
        "skew": 0,
        "var": 0
    },
    "second_peak_weight": {
        "kurt": 0,
        "max": 0.125,
        "mean": 0.125,
        "median": 0.125,
        "min": 0.125,
        "skew": 0,
        "var": 0
    },
    "beats_loudness_band_ratio": {
        "kurt": [0.00629544258118, 7.19350242615, 1.48410177231, -0.595131397247, 1.80125141144, 5.69354248047],
        "max": [8.62574211169e-07, 4.34197727373e-06, 0.958510577679, 0.990205645561, 0.988288879395, 0.0646352544427],
        "mean": [3.30259439352e-07, 9.19910576158e-07, 0.154371127486, 0.703417003155, 0.196673378348, 0.00840267911553],
        "median": [3.06149587459e-07, 6.05396110132e-07, 7.31991690373e-07, 0.916896045208, 0.0417813211679, 0.00142160104588],
        "min": [7.0190282031e-08, 2.23530292942e-07, 2.26326335451e-07, 2.74748822449e-06, 0.0096030998975, 8.80294974195e-05],
        "skew": [0.976829588413, 2.51476931572, 1.79251718521, -1.1435251236, 1.84543848038, 2.51582384109],
        "var": [5.00013001652e-14, 7.43828447187e-13, 0.103292033076, 0.159108757973, 0.0989135354757, 0.000229315890465],
        "cov": [[5.20846895073e-14, 1.40898889236e-13, 4.55984121572e-08, -4.52972308551e-08, 2.22647611459e-09, 5.16541476259e-10], [1.40898889236e-13, 7.74821342069e-13, 3.67294070713e-08, -1.00518832369e-07, 5.05480066693e-08, 1.95683025339e-09], [4.55984121572e-08, 3.67294070713e-08, 0.107595868409, -0.0726926624775, -0.0242401435971, -0.000718397088349], [-4.52972308551e-08, -1.00518832369e-07, -0.0726926624775, 0.165738299489, -0.0778464972973, -0.000889721850399], [2.22647611459e-09, 5.05480066693e-08, -0.0242401435971, -0.0778464972973, 0.103034935892, 0.00102720386349], [5.16541476259e-10, 1.95683025339e-09, -0.000718397088349, -0.000889721850399, 0.00102720386349, 0.00023887072166]]
    },
    "beats_position": [0.638548731804, 1.27709746361, 1.92725622654, 2.57741498947, 3.22757363319, 3.87773227692, 4.52789115906, 5.20126962662, 5.88625860214, 6.57124710083, 7.25623559952, 7.94122457504, 8.62621307373, 9.31120204926, 9.98458003998, 10.6695690155, 11.354557991, 12.0279359818, 12.7129249573, 13.3746938705, 14.0132427216, 14.6517915726, 15.301949501, 15.9521083832, 16.602268219],
    "bpm_estimates": [92.2851486206, 92.2851486206, 92.2851715088, 92.2851715088, 92.2851333618, 89.102935791, 87.5926513672, 87.5927124023, 87.5927124023, 87.5926513672, 87.5927124023, 87.5926513672, 89.1030044556, 87.5926513672, 87.5926513672, 89.1030044556, 87.5926513672, 90.6660919189, 92.2852706909, 92.2851333618, 92.2849960327],
    "bpm_intervals": [0.638548731804, 0.650158762932, 0.650158762932, 0.650158643723, 0.650158643723, 0.650158882141, 0.67337846756, 0.684988975525, 0.684988498688, 0.684988498688, 0.684988975525, 0.684988498688, 0.684988975525, 0.673377990723, 0.684988975525, 0.684988975525, 0.673377990723, 0.684988975525, 0.661768913269, 0.638548851013, 0.638548851013, 0.650157928467, 0.650158882141, 0.650159835815],
    "onset_times": [0.568888902664, 2.10140585899, 3.41333341599, 4.51628112793, 5.16644001007, 6.88471651077, 8.20825386047, 9.32281208038, 9.99619007111, 11.6680269241, 14.117732048, 14.7911109924, 16.4745578766],
    "histogram": [[0, 0, 0, 0, 0, 0, 0, 0, 0, 0, 0, 0, 0, 0, 0, 0, 0, 0, 0, 0, 0, 0, 0, 0, 0, 0, 0, 0, 0, 0, 0, 0, 0, 0, 0, 0, 0, 0, 0, 0, 0, 0, 0, 0, 0, 0, 0, 0, 0, 0, 0, 0, 0, 0, 0, 0, 0, 0, 0, 0, 0, 0, 0, 0, 0, 0, 0, 0, 0, 0, 0, 0, 0, 0, 0, 0, 0, 0, 0, 0, 0, 0, 0, 0, 0, 0, 0, 0, 0.375, 0.125, 0, 0.0416666679084, 0.333333343267, 0, 0.125, 0, 0, 0, 0, 0, 0, 0, 0, 0, 0, 0, 0, 0, 0, 0, 0, 0, 0, 0, 0, 0, 0, 0, 0, 0, 0, 0, 0, 0, 0, 0, 0, 0, 0, 0, 0, 0, 0, 0, 0, 0, 0, 0, 0, 0, 0, 0, 0, 0, 0, 0, 0, 0, 0, 0, 0, 0, 0, 0, 0, 0, 0, 0, 0, 0, 0, 0, 0, 0, 0, 0, 0, 0, 0, 0, 0, 0, 0, 0, 0, 0, 0, 0, 0, 0, 0, 0, 0, 0, 0, 0, 0, 0, 0, 0, 0, 0, 0, 0, 0, 0, 0, 0, 0, 0, 0, 0, 0, 0, 0, 0, 0, 0, 0, 0, 0, 0, 0, 0, 0, 0, 0, 0, 0, 0, 0, 0, 0, 0, 0, 0, 0, 0, 0, 0, 0, 0, 0, 0, 0, 0, 0, 0, 0, 0, 0, 0, 0, 0, 0, 0, 0, 0, 0, 0]]
},
"sfx": {
    "inharmonicity": {
        "kurt": 94.6858520508,
        "max": 0.291285812855,
        "mean": 0.00387879577465,
        "median": 9.35302305152e-05,
        "min": 2.8425742471e-07,
        "skew": 8.9219493866,
        "var": 0.000484025396872
    },
    "oddtoevenharmonicenergyratio": {
        "kurt": 351.085113525,
        "max": 13.2343683243,
        "mean": 0.115807555616,
        "median": 0.0232692137361,
        "min": 0.00236405455507,
        "skew": 16.9940071106,
        "var": 0.341906219721
    },
    "pitch_after_max_to_before_max_energy_ratio": 0.537254095078,
    "pitch_centroid": 374.596191406,
    "pitch_max_to_total": 0.65675675869,
    "pitch_min_to_total": 0.0283783785999,
    "tristimulus": {
        "kurt": [4.16147756577, 0.678909540176, 19.3378658295],
        "max": [0.935652315617, 0.808198928833, 0.687439978123],
        "mean": [0.733206927776, 0.236120402813, 0.0306724701077],
        "median": [0.754695296288, 0.217352181673, 0],
        "min": [0, 0.0643476471305, 0],
        "skew": [-1.67700600624, 0.748118400574, 4.46570777893],
        "var": [0.0218849107623, 0.0107231670991, 0.0105252861977],
        "cov": [[0.0219145249575, -0.0110563347116, -0.0108581837267], [-0.0110563347116, 0.0107376780361, 0.000318658538163], [-0.0108581837267, 0.000318658538163, 0.0105395289138]]
    }
},
"tonal": {
    "chords_changes_rate": 0.153638809919,
    "chords_number_rate": 0.0215633418411,
    "chords_strength": {
        "kurt": -0.204893827438,
        "max": 0.582985341549,
        "mean": 0.49896171689,
        "median": 0.496236771345,
        "min": 0.432010501623,
        "skew": 0.435296595097,
        "var": 0.000958212360274
    },
    "key_strength": 0.294123739004,
    "tuning_diatonic_strength": 0.568254292011,
    "tuning_equal_tempered_deviation": 0.212073326111,
    "tuning_frequency": 454.202880859,
    "tuning_nontempered_energy_ratio": 0.897154510021,
    "hpcp": {
        "kurt": [29.0401000977, 24.1174106598, 17.3350296021, 13.8872051239, 13.5413608551, 19.9798278809, 28.155620575, 26.9536743164, 26.3089122772, 26.6094093323, 26.8130836487, 29.3795623779, 26.4501819611, 23.8425865173, 23.5623455048, 24.0132198334, 23.7311935425, 20.4483718872, 15.6195545197, 11.0732955933, 9.86256885529, 9.8313703537, 6.80267047882, 5.69631767273, 6.52037143707, 6.5801076889, 7.14032363892, 6.82156848907, 6.58773422241, 6.31450843811, 5.93635559082, 5.68268108368, 5.59013271332, 6.07744407654, 11.8149557114, 28.3108139038],
