{
"metadata": {
    "version": {
        "essentia": "2.1-beta3"
    }
},
"lowLevel": {
    "average_loudness": 0.000899959472008,
    "barkbands_kurtosis": {
        "kurt": 287.461517334,
        "max": 2142.62280273,
        "mean": 18.797164917,
        "median": 1.83338785172,
        "min": -1.85291981697,
        "skew": 14.8237171173,
        "var": 8834.34570312
    },
    "barkbands_skewness": {
        "kurt": 55.0940475464,
        "max": 40.6349754333,
        "mean": 0.172096267343,
        "median": -0.033027254045,
        "min": -9.40754032135,
        "skew": 5.44398784637,
        "var": 8.51388835907
    },
    "barkbands_spread": {
        "kurt": 0.799863100052,
        "max": 45.952671051,
        "mean": 10.5472841263,
        "median": 8.13099479675,
        "min": 0.0162145700306,
        "skew": 1.08298182487,
        "var": 79.3145141602
    },
    "dissonance": {
        "kurt": 3.10646677017,
        "max": 0.499999880791,
        "mean": 0.436940014362,
        "median": 0.469708025455,
        "min": 0,
        "skew": -1.74051654339,
        "var": 0.00559513876215
    },
    "hfc": {
        "kurt": 78.2993392944,
        "max": 109.461769104,
        "mean": 1.83753013611,
        "median": 0.000582362990826,
        "min": 1.26313695614e-10,
        "skew": 7.95846939087,
        "var": 69.5161972046
    },
    "pitch": {
        "kurt": 1.32534790039,
        "max": 3671.58032227,
        "mean": 925.045776367,
        "median": 984.857543945,
        "min": 100.317932129,
        "skew": 0.539673984051,
        "var": 289726.65625
    },
    "pitch_instantaneous_confidence": {
        "kurt": -0.25363445282,
        "max": 0.9986525774,
        "mean": 0.763538599014,
        "median": 0.850986123085,
        "min": 0.1371088624,
        "skew": -0.961473047733,
        "var": 0.0540650375187
    },
    "pitch_salience": {
        "kurt": -0.550186157227,
        "max": 0.988904714584,
        "mean": 0.387379050255,
        "median": 0.393130660057,
        "min": 0.0237543545663,
        "skew": 0.206482365727,
        "var": 0.0328263118863
    },
    "silence_rate_20dB": {
        "kurt": 0,
        "max": 1,
        "mean": 1,
        "median": 1,
        "min": 1,
        "skew": 0,
        "var": 0
    },
    "silence_rate_30dB": {
        "kurt": 0,
        "max": 1,
        "mean": 1,
        "median": 1,
        "min": 1,
        "skew": 0,
        "var": 0
    },
    "silence_rate_60dB": {
        "kurt": 7.97899913788,
        "max": 1,
        "mean": 0.922448992729,
        "median": 1,
        "min": 0,
        "skew": -3.15907740593,
        "var": 0.0715352594852
    },
    "spectral_centroid": {
        "kurt": 0.355021238327,
        "max": 2554.87451172,
        "mean": 1155.39440918,
        "median": 1121.21118164,
        "min": 253.312530518,
        "skew": 0.382520616055,
        "var": 158398.6875
    },
    "spectral_complexity": {
        "kurt": 3.02848625183,
        "max": 4,
        "mean": 0.332653075457,
        "median": 0,
        "min": 0,
        "skew": 1.96118867397,
        "var": 0.450564771891
    },
    "spectral_crest": {
        "kurt": -1.13078904152,
        "max": 26.9804706573,
        "mean": 16.6210746765,
        "median": 16.8758277893,
        "min": 2.41007566452,
        "skew": -0.201557964087,
        "var": 45.1706733704
    },
    "spectral_decrease": {
        "kurt": 101.995452881,
        "max": -1.11881161934e-20,
        "mean": -2.97048469156e-10,
        "median": -1.29238200003e-13,
        "min": -1.96052560852e-08,
        "skew": -9.11798858643,
        "var": 1.92231914671e-18
    },
    "spectral_energy": {
        "kurt": 98.9479522705,
        "max": 0.0839232653379,
        "mean": 0.00128779921215,
        "median": 5.46558453607e-07,
        "min": 5.36835997205e-14,
        "skew": 8.97017097473,
        "var": 3.58067300112e-05
    },
    "spectral_energyband_high": {
        "kurt": 59.5373153687,
        "max": 3.14674543915e-05,
        "mean": 5.731606052e-07,
        "median": 3.14005932367e-10,
        "min": 7.32037213236e-15,
        "skew": 7.19384145737,
        "var": 7.41105874585e-12
    },
    "spectral_energyband_low": {
        "kurt": 35.446395874,
        "max": 2.29894558288e-05,
        "mean": 8.11884717677e-07,
        "median": 6.38267394493e-09,
        "min": 3.93113893582e-16,
        "skew": 5.01017951965,
        "var": 4.60764022422e-12
    },
    "spectral_energyband_middle_high": {
        "kurt": 99.1350784302,
        "max": 0.0839211270213,
        "mean": 0.00124577444512,
        "median": 3.19700518503e-07,
        "min": 3.56497295605e-14,
        "skew": 8.98476886749,
        "var": 3.58129873348e-05
    },
    "spectral_energyband_middle_low": {
        "kurt": 92.8920059204,
        "max": 0.00354298274033,
        "mean": 4.28888452007e-05,
        "median": 6.9953969728e-08,
        "min": 1.05016381469e-14,
        "skew": 8.87318515778,
        "var": 6.61871126795e-08
    },
    "spectral_flatness_db": {
        "kurt": 0.314744710922,
        "max": 0.76646053791,
        "mean": 0.295333236456,
        "median": 0.290288984776,
        "min": 0.0362988859415,
        "skew": 0.633152604103,
        "var": 0.0165543444455
    },
    "spectral_flux": {
        "kurt": 52.1448020935,
        "max": 0.233087077737,
        "mean": 0.00628436217085,
        "median": 0.000352879840648,
        "min": 2.22008766286e-05,
        "skew": 5.5875582695,
        "var": 0.000255049904808
    },
    "spectral_kurtosis": {
        "kurt": 5.60388374329,
        "max": 152.036239624,
        "mean": 24.4064998627,
        "median": 17.8418655396,
        "min": 0.713112592697,
        "skew": 1.98448872566,
        "var": 421.423553467
    },
    "spectral_rms": {
        "kurt": 20.2560405731,
        "max": 0.00904855597764,
        "mean": 0.000425355770858,
        "median": 2.30916539294e-05,
        "min": 7.23700521732e-09,
        "skew": 3.98472952843,
        "var": 1.07546270556e-06
    },
    "spectral_rolloff": {
        "kurt": 2.53540658951,
        "max": 5426.3671875,
        "mean": 1557.31262207,
        "median": 1356.59179688,
        "min": 258.3984375,
        "skew": 1.48512089252,
        "var": 563915
    },
    "spectral_skewness": {
        "kurt": 2.37777471542,
        "max": 10.1430158615,
        "mean": 3.44513630867,
        "median": 3.16430997849,
        "min": 1.25348091125,
        "skew": 1.29300284386,
        "var": 1.84031784534
    },
    "spectral_spread": {
        "kurt": 36.3743133545,
        "max": 31515786,
        "mean": 3123105.5,
        "median": 2388367,
        "min": 436056.46875,
        "skew": 3.65052390099,
        "var": 4.365058048e+12
    },
    "spectral_strongpeak": {
        "kurt": 16.5623912811,
        "max": 13.9594345093,
        "mean": 0.630928575993,
        "median": 0.0167100988328,
        "min": 3.20489768058e-08,
        "skew": 3.87979531288,
        "var": 2.93499755859
    },
    "zerocrossingrate": {
        "kurt": 103.332809448,
        "max": 0.50537109375,
        "mean": 0.0592011138797,
        "median": 0.05615234375,
        "min": 0.01416015625,
        "skew": 6.52094650269,
        "var": 0.000636340933852
    },
    "barkbands": {
        "kurt": [443.159484863, 14.8715629578, 32.5909385681, 23.0285663605, 12.5099239349, 30.7124519348, 189.896209717, 400.636474609, 109.428237915, 103.917495728, 106.145324707, 127.615203857, 163.596817017, 57.3012580872, 194.395950317, 67.6342697144, 249.029678345, 146.918365479, 64.6075363159, 224.707824707, 72.007598877, 104.406356812, 186.786956787, 109.44329071, 93.3037567139, 83.8974685669, 84.4940032959],
        "max": [8.05123878678e-09, 2.01159721769e-07, 5.80965752306e-06, 4.79229893244e-05, 2.74087087746e-05, 2.96138368867e-05, 9.1486645033e-06, 3.16678997478e-05, 0.00350440549664, 0.00267858454026, 0.00375075405464, 0.00923945195973, 0.0837754756212, 0.0264905933291, 0.00199756701477, 4.27455488534e-05, 0.000391204492189, 0.00462869601324, 0.000507970107719, 9.42233891692e-05, 2.16394655581e-05, 2.62604976342e-06, 7.25705660898e-07, 1.05854979893e-07, 9.71447011722e-09, 2.41130471146e-09, 2.52112997146e-09],
        "mean": [4.56232898682e-11, 1.17794227705e-08, 1.57071056606e-07, 1.73467651621e-06, 1.41308134971e-06, 9.25232654936e-07, 1.28108311515e-07, 1.90406154843e-07, 3.38846621162e-05, 2.76938280876e-05, 3.58972029062e-05, 8.7564549176e-05, 0.000633861112874, 0.000404592137784, 1.05974386315e-05, 6.57087866784e-07, 2.55005511463e-06, 3.67277461919e-05, 8.22045967652e-06, 6.25954783118e-07, 3.30335495846e-07, 2.91858963664e-08, 5.63479440885e-09, 1.20137788606e-09, 1.54624049675e-10, 3.39134345606e-11, 3.45631197274e-11],
        "median": [1.41467973403e-13, 4.30818714037e-10, 1.74809966502e-09, 1.49927341653e-08, 1.81887447326e-08, 1.12822426956e-08, 2.38606645553e-09, 1.10271125564e-09, 3.00787794671e-09, 1.04655448752e-08, 1.02981800865e-08, 8.35841085234e-09, 5.8626987709e-09, 2.85337087291e-09, 1.51989509867e-09, 1.40228650913e-09, 2.58839394363e-09, 1.52178913915e-09, 1.06652153775e-09, 2.18012469189e-10, 1.1610232914e-10, 8.59327053959e-11, 7.85980395351e-12, 4.63998631184e-12, 4.05954436733e-12, 4.41561338275e-13, 2.38484904568e-14],
        "min": [8.06792728036e-17, 1.42260189343e-16, 1.29187268124e-16, 1.7598213269e-16, 7.70181065615e-16, 1.4404956762e-15, 2.12009784423e-15, 2.42621745719e-15, 2.91728142023e-15, 2.12529036796e-15, 2.72733216423e-15, 5.88548561422e-15, 6.62202904273e-15, 4.23532651956e-15, 3.30570447182e-15, 1.47912800189e-15, 4.19636512157e-15, 2.75570310928e-15, 1.97377290259e-15, 2.01614466699e-15, 1.77694362147e-15, 1.34045663821e-15, 6.55383219669e-16, 5.75377093213e-16, 6.60135074503e-16, 5.21145491128e-16, 4.85336485068e-16],
        "skew": [19.3972072601, 3.57558941841, 5.10477828979, 4.29974889755, 3.31091380119, 5.07702445984, 11.2701616287, 18.4894733429, 9.68473911285, 9.81409358978, 9.59244632721, 10.5333156586, 12.1807136536, 7.3213968277, 13.5270404816, 7.1222114563, 14.5377073288, 11.441740036, 7.51843500137, 13.8150701523, 7.79729557037, 9.63346099854, 12.8284063339, 9.40539550781, 8.89415836334, 8.36716842651, 8.40350723267],
        "var": [1.01774525423e-19, 7.69656434583e-16, 2.57254070476e-13, 2.23045852621e-11, 1.08890865075e-11, 9.22179867191e-12, 1.97173196824e-13, 1.70655080779e-12, 5.92664335386e-08, 4.32905622461e-08, 6.5182319986e-08, 3.8910712874e-07, 2.74612502835e-05, 5.96190147917e-06, 1.38224089952e-08, 8.22248606008e-12, 3.71759317774e-10, 8.16150418359e-08, 1.97547644909e-09, 2.55078354272e-11, 2.98648649213e-12, 3.37551404742e-14, 1.60901986908e-15, 4.16925630855e-17, 4.73612909668e-19, 2.84671558247e-20, 3.1218449015e-20],
        "cov": [[1.01878485224e-19, 1.41744242881e-18, 9.96107437249e-18, 7.95425942931e-17, 9.67504391934e-17, 7.63539122933e-17, 5.39090314249e-18, 2.71865729615e-17, 4.21524718003e-15, 3.57376287106e-15, 1.7078829077e-15, 1.95746417258e-14, 1.15062289124e-12, 9.59795258678e-14, -7.23048367251e-17, 6.67167353789e-17, 1.99479689562e-15, 1.02557021306e-14, 5.07623668916e-16, 2.52397712953e-16, 8.99179140989e-17, 1.13115426754e-17, 1.54653533713e-18, 9.79409142223e-19, 4.01000811224e-20, 7.46173619631e-21, 7.30397492048e-21], [1.41744242881e-18, 7.70442587037e-16, 8.35066912808e-15, 2.74969341052e-14, 4.00420968355e-14, 3.09222218415e-14, 4.47860624048e-15, 8.50229734301e-15, 5.88998901735e-13, 5.93609200423e-13, 1.01025416331e-12, 2.98228000455e-12, 2.57086088529e-11, 1.26730362315e-11, 1.66438016798e-13, 1.80077832393e-14, 1.0298115442e-13, 1.38219362171e-12, 2.00809624463e-13, 3.44227684551e-14, 9.34333160293e-15, 1.14072552809e-15, 2.06699226657e-16, 3.90520569865e-17, 5.02212079641e-18, 1.27020965644e-18, 1.30835374622e-18], [9.96107437249e-18, 8.35066912808e-15, 2.57516853978e-13, 9.81340442935e-13, 8.98452861588e-13, 1.03271807338e-12, 7.29202871588e-14, 1.14116574805e-13, 2.30365813231e-12, 6.85299820363e-12, 4.18965660776e-11, 1.06467862304e-10, 9.51500336854e-11, 1.10538913092e-11, 1.13190218917e-13, 5.84865055692e-13, 2.09169378866e-12, 2.90832917645e-12, 3.08375677424e-12, 7.98656551049e-13, 2.75211389187e-14, 6.57680214203e-15, 1.21270321157e-15, 1.21705677563e-16, 3.62165050077e-17, 1.06870163499e-17, 1.10374853308e-17], [7.95425942931e-17, 2.74969341052e-14, 9.81340442935e-13, 2.23273691202e-11, 1.2545246092e-11, 8.70142759929e-12, 7.02065521604e-13, 9.31651999471e-13, 2.79040068829e-10, 4.57102050655e-10, 2.96665997324e-10, 1.93554269834e-10, -9.72046221293e-10, -6.35562602547e-10, -5.68816825239e-12, 4.72381812486e-12, 7.76996956359e-12, -4.76488848378e-11, -3.49333691314e-12, 2.30168314963e-13, -3.72985334025e-13, -1.60070626188e-14, -4.41037223086e-15, -9.76288163302e-16, 5.60667916098e-17, -4.35731615169e-18, -4.91033850356e-18], [9.67504391934e-17, 4.00420968355e-14, 8.98452861588e-13, 1.2545246092e-11, 1.0900208687e-11, 7.21015261385e-12, 5.3218323845e-13, 1.04037807015e-12, 3.01053820762e-10, 3.1534125311e-10, 2.31326374722e-10, 3.07381342601e-10, -1.35075436947e-10, -2.55217652567e-10, 8.34572775471e-12, 4.10110096924e-12, 1.18058444964e-11, -1.42197694591e-11, 5.06483310153e-12, 3.88691552902e-12, -4.79654801934e-14, 5.80514750379e-15, -3.51855104009e-16, -3.77880960592e-18, 1.24006788148e-16, 2.40814113882e-17, 2.45577598876e-17], [7.63539122933e-17, 3.09222218415e-14, 1.03271807338e-12, 8.70142759929e-12, 7.21015261385e-12, 9.23121822038e-12, 4.81944074492e-13, 7.37089209113e-13, 2.46146075744e-10, 1.92203822302e-10, 3.41740968857e-10, 1.88926985167e-10, -2.55522325521e-10, -2.39293779236e-10, 5.00069039996e-12, 4.70880842998e-12, 6.54069680361e-12, -1.22882476764e-11, 2.82067403289e-12, 1.73414624674e-12, -8.61112125616e-14, 1.74750128562e-15, -3.28351369091e-16, 3.21121340699e-17, 1.34377052226e-16, 2.07618181304e-17, 2.10437312093e-17], [5.39090314249e-18, 4.47860624048e-15, 7.29202871588e-14, 7.02065521604e-13, 5.3218323845e-13, 4.81944074492e-13, 1.9737460093e-13, 7.70215935844e-14, 7.38521223342e-12, 1.44923214054e-11, 1.83765121176e-11, 4.49366897859e-11, -1.7324674681e-11, 2.60137189567e-11, 1.00216232882e-12, 2.49047175027e-13, 4.34876256099e-13, 1.19402784101e-12, 3.58130409009e-12, 2.87935535061e-14, 2.61272631947e-14, 1.06110009e-15, 1.17409274992e-16, 6.86567584655e-16, 2.34116349744e-17, 3.83384358643e-18, 3.85517864238e-18], [2.71865729615e-17, 8.50229734301e-15, 1.14116574805e-13, 9.31651999471e-13, 1.04037807015e-12, 7.37089209113e-13, 7.70215935844e-14, 1.70829387962e-12, 7.55522727713e-11, 1.2428885178e-11, 2.3869578189e-11, 4.28915652995e-11, 1.41371220286e-10, 1.33808422675e-10, 5.71031449122e-13, 3.59106218069e-13, 5.44563905688e-13, 1.33101403163e-11, 6.76089284384e-13, 1.15096639359e-13, 7.03170906376e-14, 7.54767681189e-15, 1.32494651203e-15, 7.16162254088e-17, 3.40400373061e-17, 1.27126584201e-17, 1.31535316245e-17], [4.21524718003e-15, 5.88998901735e-13, 2.30365813231e-12, 2.79040068829e-10, 3.01053820762e-10, 2.46146075744e-10, 7.38521223342e-12, 7.55522727713e-11, 5.93269717797e-08, 7.23092086208e-10, -1.16302378839e-09, -2.80037681932e-09, -2.07255350659e-08, -1.36412365848e-08, -1.28479657469e-10, 2.71733552326e-10, -3.41827434414e-11, -1.15936404921e-09, -2.03563332857e-10, -1.19337239743e-11, -8.40693573784e-12, -5.29164873812e-13, -1.33165519085e-13, -2.44970178447e-14, 8.8133751692e-16, 7.86235992795e-16, 8.55560133813e-16], [3.57376287106e-15, 5.93609200423e-13, 6.85299820363e-12, 4.57102050655e-10, 3.1534125311e-10, 1.92203822302e-10, 1.44923214054e-11, 1.2428885178e-11, 7.23092086208e-10, 4.33347828732e-08, 3.92739885058e-09, -2.3104684832e-09, -1.72538427989e-08, -1.1134630995e-08, -1.91839558128e-10, 3.19393990422e-11, 3.98163918502e-10, -8.07046707241e-10, -1.53808452086e-10, -8.77910591446e-12, -6.08751287226e-12, -9.04123374475e-14, -9.3845755006e-14, -9.71037808403e-15, 3.54948161283e-15, 3.86394407681e-16, 3.91663826115e-16], [1.7078829077e-15, 1.01025416331e-12, 4.18965660776e-11, 2.96665997324e-10, 2.31326374722e-10, 3.41740968857e-10, 1.83765121176e-11, 2.3869578189e-11, -1.16302378839e-09, 3.92739885058e-09, 6.52488978403e-08, 1.31207631426e-08, -2.20584794874e-08, -1.44789797929e-08, -8.93581458827e-11, 1.99806379775e-10, -6.57738447041e-11, -7.91178178527e-10, -1.16581660992e-10, -4.30769179008e-12, -8.19145619391e-12, 6.70458358428e-14, -1.07296224856e-13, -1.63919086502e-14, 9.78186427664e-15, 2.2848658695e-15, 2.38208428778e-15], [1.95746417258e-14, 2.98228000455e-12, 1.06467862304e-10, 1.93554269834e-10, 3.07381342601e-10, 1.88926985167e-10, 4.49366897859e-11, 4.28915652995e-11, -2.80037681932e-09, -2.3104684832e-09, 1.31207631426e-08, 3.89504577925e-07, 3.13587861456e-07, -3.52820919147e-08, -8.64860072447e-10, 5.44960521154e-10, 2.40318431821e-09, -3.14264680945e-09, 4.55179938186e-09, 6.24647278347e-10, 2.2092673177e-11, 7.13186410969e-12, 8.33794567678e-13, 1.78813886441e-13, 2.36294494307e-14, 1.02613501463e-14, 1.07979480595e-14], [1.15062289124e-12, 2.57086088529e-11, 9.51500336854e-11, -9.72046221293e-10, -1.35075436947e-10, -2.55522325521e-10, -1.7324674681e-11, 1.41371220286e-10, -2.07255350659e-08, -1.72538427989e-08, -2.20584794874e-08, 3.13587861456e-07, 2.74893009191e-05, 1.19279050637e-07, -6.3531655492e-09, -8.65374993886e-11, 6.92116799428e-08, 2.96289329071e-07, -4.84089701658e-09, 8.44102743258e-09, 1.37140843126e-09, 3.21314558294e-10, 4.41455136335e-11, 2.37733149139e-11, 1.06336131307e-12, 1.37166401284e-13, 1.35976502952e-13], [9.59795258678e-14, 1.26730362315e-11, 1.10538913092e-11, -6.35562602547e-10, -2.55217652567e-10, -2.39293779236e-10, 2.60137189567e-11, 1.33808422675e-10, -1.36412365848e-08, -1.1134630995e-08, -1.44789797929e-08, -3.52820919147e-08, 1.19279050637e-07, 5.96799100094e-06, 3.3391154286e-09, -1.24764948373e-10, -9.46257405765e-10, 1.53855324925e-07, 2.67200768178e-08, -1.63349000992e-10, 3.04876102142e-09, 3.28318761067e-11, 4.74608286699e-12, 2.73968890109e-12, 5.14925125109e-13, 2.204426149e-13, 2.29639332723e-13], [-7.23048367251e-17, 1.66438016798e-13, 1.13190218917e-13, -5.68816825239e-12, 8.34572775471e-12, 5.00069039996e-12, 1.00216232882e-12, 5.71031449122e-13, -1.28479657469e-10, -1.91839558128e-10, -8.93581458827e-11, -8.64860072447e-10, -6.3531655492e-09, 3.3391154286e-09, 1.38365274793e-08, -1.49339546805e-12, -1.99999010408e-11, -3.6804723158e-10, 2.66267918825e-09, -5.36390940345e-12, 6.5587257847e-12, -2.43058530117e-13, 1.19158060697e-13, 5.89024814167e-14, 1.47924701002e-15, 8.50957515597e-16, 8.55355945934e-16], [6.67167353789e-17, 1.80077832393e-14, 5.84865055692e-13, 4.72381812486e-12, 4.10110096924e-12, 4.70880842998e-12, 2.49047175027e-13, 3.59106218069e-13, 2.71733552326e-10, 3.19393990422e-11, 1.99806379775e-10, 5.44960521154e-10, -8.65374993886e-11, -1.24764948373e-10, -1.49339546805e-12, 8.23088472379e-12, 1.51336712259e-12, -9.02348508414e-12, 6.19902349938e-12, 1.067317621e-13, -4.01575474263e-14, 1.12063788763e-14, -5.55501465106e-16, 1.58053317168e-16, 9.79325398458e-17, 2.63448124635e-17, 2.7481413219e-17], [1.99479689562e-15, 1.0298115442e-13, 2.09169378866e-12, 7.76996956359e-12, 1.18058444964e-11, 6.54069680361e-12, 4.34876256099e-13, 5.44563905688e-13, -3.41827434414e-11, 3.98163918502e-10, -6.57738447041e-11, 2.40318431821e-09, 6.92116799428e-08, -9.46257405765e-10, -1.99999010408e-11, 1.51336712259e-12, 3.7213906956e-10, -7.63153568117e-11, 1.17756472975e-11, 5.57832564863e-11, 3.20015953841e-12, 1.39600719764e-13, 4.79416074168e-14, 4.9616357572e-14, 1.00205088215e-15, 8.32192135925e-17, 7.70379509552e-17], [1.02557021306e-14, 1.38219362171e-12, 2.90832917645e-12, -4.76488848378e-11, -1.42197694591e-11, -1.22882476764e-11, 1.19402784101e-12, 1.33101403163e-11, -1.15936404921e-09, -8.07046707241e-10, -7.91178178527e-10, -3.14264680945e-09, 2.96289329071e-07, 1.53855324925e-07, -3.6804723158e-10, -9.02348508414e-12, -7.63153568117e-11, 8.16984027097e-08, -2.08187495021e-10, 3.45877770869e-10, 2.40382769245e-10, 2.64467302225e-11, 5.5528680612e-12, 5.36129680147e-13, 1.29011655959e-13, 1.87128975103e-14, 1.9055767977e-14], [5.07623668916e-16, 2.00809624463e-13, 3.08375677424e-12, -3.49333691314e-12, 5.06483310153e-12, 2.82067403289e-12, 3.58130409009e-12, 6.76089284384e-13, -2.03563332857e-10, -1.53808452086e-10, -1.16581660992e-10, 4.55179938186e-09, -4.84089701658e-09, 2.67200768178e-08, 2.66267918825e-09, 6.19902349938e-12, 1.17756472975e-11, -2.08187495021e-10, 1.97749439046e-09, -2.16040336662e-12, 2.16634505473e-11, -8.17363619279e-14, 1.15216199754e-13, 6.1263067373e-14, 3.22643256411e-15, 1.11306651423e-15, 1.14498832727e-15], [2.52397712953e-16, 3.44227684551e-14, 7.98656551049e-13, 2.30168314963e-13, 3.88691552902e-12, 1.73414624674e-12, 2.87935535061e-14, 1.15096639359e-13, -1.19337239743e-11, -8.77910591446e-12, -4.30769179008e-12, 6.24647278347e-10, 8.44102743258e-09, -1.63349000992e-10, -5.36390940345e-12, 1.067317621e-13, 5.57832564863e-11, 3.45877770869e-10, -2.16040336662e-12, 2.55338909738e-11, 7.13000784715e-13, 2.49122581288e-13, 5.3068785938e-14, 7.87889464635e-15, 1.0162909883e-15, 9.1730445492e-17, 9.21340500739e-17], [8.99179140989e-17, 9.34333160293e-15, 2.75211389187e-14, -3.72985334025e-13, -4.79654801934e-14, -8.61112125616e-14, 2.61272631947e-14, 7.03170906376e-14, -8.40693573784e-12, -6.08751287226e-12, -8.19145619391e-12, 2.2092673177e-11, 1.37140843126e-09, 3.04876102142e-09, 6.5587257847e-12, -4.01575474263e-14, 3.20015953841e-12, 2.40382769245e-10, 2.16634505473e-11, 7.13000784715e-13, 2.98953722021e-12, 5.01152836948e-14, 6.82583152259e-15, 3.01418685984e-15, 4.69147620803e-16, 1.60012372026e-16, 1.65573328613e-16], [1.13115426754e-17, 1.14072552809e-15, 6.57680214203e-15, -1.60070626188e-14, 5.80514750379e-15, 1.74750128562e-15, 1.06110009e-15, 7.54767681189e-15, -5.29164873812e-13, -9.04123374475e-14, 6.70458358428e-14, 7.13186410969e-12, 3.21314558294e-10, 3.28318761067e-11, -2.43058530117e-13, 1.12063788763e-14, 1.39600719764e-13, 2.64467302225e-11, -8.17363619279e-14, 2.49122581288e-13, 5.01152836948e-14, 3.37896214914e-14, 4.81305169399e-15, 5.2909336009e-16, 8.70713606179e-17, 1.23464043516e-17, 1.26959626066e-17], [1.54653533713e-18, 2.06699226657e-16, 1.21270321157e-15, -4.41037223086e-15, -3.51855104009e-16, -3.28351369091e-16, 1.17409274992e-16, 1.32494651203e-15, -1.33165519085e-13, -9.3845755006e-14, -1.07296224856e-13, 8.33794567678e-13, 4.41455136335e-11, 4.74608286699e-12, 1.19158060697e-13, -5.55501465106e-16, 4.79416074168e-14, 5.5528680612e-12, 1.15216199754e-13, 5.3068785938e-14, 6.82583152259e-15, 4.81305169399e-15, 1.61066343063e-15, 5.48051856657e-17, 1.60968321499e-17, 1.48470431012e-18, 1.52006173182e-18], [9.79409142223e-19, 3.90520569865e-17, 1.21705677563e-16, -9.76288163302e-16, -3.77880960592e-18, 3.21121340699e-17, 6.86567584655e-16, 7.16162254088e-17, -2.44970178447e-14, -9.71037808403e-15, -1.63919086502e-14, 1.78813886441e-13, 2.37733149139e-11, 2.73968890109e-12, 5.89024814167e-14, 1.58053317168e-16, 4.9616357572e-14, 5.36129680147e-13, 6.1263067373e-14, 7.87889464635e-15, 3.01418685984e-15, 5.2909336009e-16, 5.48051856657e-17, 4.17351496522e-17, 2.27910882148e-18, 3.0680795834e-19, 3.10247323628e-19], [4.01000811224e-20, 5.02212079641e-18, 3.62165050077e-17, 5.60667916098e-17, 1.24006788148e-16, 1.34377052226e-16, 2.34116349744e-17, 3.40400373061e-17, 8.8133751692e-16, 3.54948161283e-15, 9.78186427664e-15, 2.36294494307e-14, 1.06336131307e-12, 5.14925125109e-13, 1.47924701002e-15, 9.79325398458e-17, 1.00205088215e-15, 1.29011655959e-13, 3.22643256411e-15, 1.0162909883e-15, 4.69147620803e-16, 8.70713606179e-17, 1.60968321499e-17, 2.27910882148e-18, 4.7409665523e-19, 6.59151860433e-20, 6.801683226e-20], [7.46173619631e-21, 1.27020965644e-18, 1.06870163499e-17, -4.35731615169e-18, 2.40814113882e-17, 2.07618181304e-17, 3.83384358643e-18, 1.27126584201e-17, 7.86235992795e-16, 3.86394407681e-16, 2.2848658695e-15, 1.02613501463e-14, 1.37166401284e-13, 2.204426149e-13, 8.50957515597e-16, 2.63448124635e-17, 8.32192135925e-17, 1.87128975103e-14, 1.11306651423e-15, 9.1730445492e-17, 1.60012372026e-16, 1.23464043516e-17, 1.48470431012e-18, 3.0680795834e-19, 6.59151860433e-20, 2.84962363931e-20, 2.98362366737e-20], [7.30397492048e-21, 1.30835374622e-18, 1.10374853308e-17, -4.91033850356e-18, 2.45577598876e-17, 2.10437312093e-17, 3.85517864238e-18, 1.31535316245e-17, 8.55560133813e-16, 3.91663826115e-16, 2.38208428778e-15, 1.07979480595e-14, 1.35976502952e-13, 2.29639332723e-13, 8.55355945934e-16, 2.7481413219e-17, 7.70379509552e-17, 1.9055767977e-14, 1.14498832727e-15, 9.21340500739e-17, 1.65573328613e-16, 1.26959626066e-17, 1.52006173182e-18, 3.10247323628e-19, 6.801683226e-20, 2.98362366737e-20, 3.12503374738e-20]]
    },
    "mfcc": {
        "kurt": [-0.46128988266, -0.413219928741, 1.34540081024, 2.92797422409, 2.57487440109, 3.45415735245, 2.28119516373, 1.88429832458, 0.319072961807, 0.480636358261, 1.87708902359, 1.75749540329, 1.63362646103],
        "max": [-882.364624023, 142.404785156, 34.8475379944, 28.5374526978, 44.1774940491, 37.09324646, 50.7818984985, 36.9956626892, 16.4700279236, 34.4392547607, 59.1240882874, 69.430847168, 35.7340965271],
        "mean": [-1079.86315918, 37.2421836853, -10.4500484467, -2.26525831223, 2.32847595215, -0.851877629757, 4.03238344193, -0.284770786762, -10.6256790161, -9.66461181641, -3.97068071365, -7.63829708099, -10.4852848053],
        "median": [-1120.06616211, 14.5336112976, -1.42877960205, -1.42045211792, -6.103515625e-05, 2.28881835938e-05, 1.839427948, 0.0606269836426, -4.49726867676, -4.1367149353, -0.97331237793, -1.66277694702, -3.30587768555],
        "min": [-1138.42004395, -0.289905548096, -141.772277832, -51.4599685669, -19.8202934265, -57.1632957458, -36.5003356934, -52.8591156006, -63.4995803833, -60.4544906616, -53.2787208557, -71.7388916016, -82.8163909912],
        "skew": [1.08293831348, 0.977123260498, -1.28342044353, -0.233732804656, 1.33636081219, -1.46698737144, 0.664037942886, -0.645747184753, -1.10338497162, -0.959690332413, 0.498890906572, -0.382994025946, -1.21146523952],
        "var": [5571.94189453, 1841.5480957, 710.983276367, 70.3052368164, 79.8473510742, 196.760040283, 109.062149048, 170.554473877, 257.84475708, 243.345779419, 331.353363037, 295.183166504, 353.913085938],
        "cov": [[5577.63330078, 2992.07373047, -1564.80749512, -0.241572976112, 257.673278809, -460.874053955, 180.872695923, 37.4133377075, -730.131469727, -503.291381836, -4.36812448502, -429.983581543, -690.790527344], [2992.07373047, 1843.42907715, -602.991027832, -33.0898094177, 92.140663147, -334.713897705, 44.5203323364, 81.3933105469, -344.972961426, -342.252105713, -199.854614258, -352.6300354, -336.08001709], [-1564.80749512, -602.991027832, 711.709533691, 5.68205451965, -116.43938446, 52.3444709778, -109.936813354, 26.0508499146, 239.1587677, 70.6680526733, -186.603759766, -10.4581365585, 191.667922974], [-0.241572976112, -33.0898094177, 5.68205451965, 70.3770523071, 35.2896308899, 6.73753166199, -21.4015789032, -43.8208618164, -13.5685338974, 35.2488021851, 49.9957618713, -15.1911087036, -65.2433624268], [257.673278809, 92.140663147, -116.43938446, 35.2896308899, 79.9289169312, 31.9713535309, 2.11266732216, -60.8196296692, -85.1995010376, 1.42474472523, 84.9236068726, -0.792150557041, -91.2465209961], [-460.874053955, -334.713897705, 52.3444709778, 6.73753166199, 31.9713535309, 196.961029053, 59.4297218323, -105.306640625, -67.5233078003, 14.5740432739, 116.176017761, 128.051345825, 20.3157958984], [180.872695923, 44.5203323364, -109.936813354, -21.4015789032, 2.11266732216, 59.4297218323, 109.173553467, 21.4283294678, -92.4746398926, -99.9304733276, -0.809232115746, 74.4793014526, 53.6105957031], [37.4133377075, 81.3933105469, 26.0508499146, -43.8208618164, -60.8196296692, -105.306640625, 21.4283294678, 170.72869873, 83.4170684814, -90.8002243042, -166.681518555, -19.2204589844, 126.163589478], [-730.131469727, -344.972961426, 239.1587677, -13.5685338974, -85.1995010376, -67.5233078003, -92.4746398926, 83.4170684814, 258.108154297, 132.611877441, -103.798545837, -57.3774452209, 108.093704224], [-503.291381836, -342.252105713, 70.6680526733, 35.2488021851, 1.42474472523, 14.5740432739, -99.9304733276, -90.8002243042, 132.611877441, 243.594345093, 136.119918823, -29.1568927765, -60.9293136597], [-4.36812448502, -199.854614258, -186.603759766, 49.9957618713, 84.9236068726, 116.176017761, -0.809232115746, -166.681518555, -103.798545837, 136.119918823, 331.691802979, 146.338348389, -153.800720215], [-429.983581543, -352.6300354, -10.4581365585, -15.1911087036, -0.792150557041, 128.051345825, 74.4793014526, -19.2204589844, -57.3774452209, -29.1568927765, 146.338348389, 295.484680176, 123.75554657], [-690.790527344, -336.08001709, 191.667922974, -65.2433624268, -91.2465209961, 20.3157958984, 53.6105957031, 126.163589478, 108.093704224, -60.9293136597, -153.800720215, 123.75554657, 354.27456665]]
    },
    "sccoeffs": {
        "kurt": [-0.77118062973, 7.58123588562, 2.12500667572, 3.62555837631, 1.51024913788, 1.26926898956],
        "max": [-0.502945959568, -0.486863136292, -0.390587031841, -0.23326331377, -0.480520248413, -0.655836582184],
        "mean": [-0.738389492035, -0.853873670101, -0.819913864136, -0.790621876717, -0.826286017895, -0.851607143879],
        "median": [-0.76378595829, -0.863204717636, -0.864488601685, -0.839480519295, -0.842146039009, -0.870262980461],
        "min": [-0.967254638672, -0.986713945866, -0.984291136265, -0.961209475994, -0.966558098793, -0.96052390337],
        "skew": [0.523497760296, 1.83508503437, 1.61109471321, 2.00393271446, 1.25286054611, 1.35433614254],
        "var": [0.00837487075478, 0.00286801392213, 0.0121960863471, 0.017110273242, 0.00695666205138, 0.00235170964152],
        "cov": [[0.00838342588395, 0.0026017294731, 0.00529247988015, 0.00226747104898, 0.0033408368472, 0.00201824074611], [0.0026017294731, 0.00287094339728, 0.00237374822609, 0.00124236533884, 0.00154941133223, 0.000899917329662], [0.00529247988015, 0.00237374822609, 0.0122085437179, -0.00215645809658, 0.00216581998393, 0.00158757343888], [0.00226747104898, 0.00124236533884, -0.00215645809658, 0.0171277504414, 0.0082581769675, 0.00426556216553], [0.0033408368472, 0.00154941133223, 0.00216581998393, 0.0082581769675, 0.00696376804262, 0.00333545333706], [0.00201824074611, 0.000899917329662, 0.00158757343888, 0.00426556216553, 0.00333545333706, 0.00235411175527]]
    },
    "scvalleys": {
        "kurt": [-0.548882007599, -0.794260501862, -0.373560905457, -0.772650003433, -0.677777767181, 0.564449548721],
        "max": [-9.02418804169, -7.99912166595, -7.70665454865, -8.00481700897, -9.80127239227, -12.2393903732],
        "mean": [-12.0335292816, -11.3021783829, -11.1678152084, -11.8432750702, -12.8235263824, -15.295381546],
        "median": [-12.3163661957, -11.6791419983, -11.4019479752, -12.3452243805, -13.4664030075, -15.8125219345],
        "min": [-18.8258266449, -17.8703269958, -17.8527050018, -18.2240867615, -18.7639026642, -19.9988918304],
        "skew": [0.151794686913, 0.330687791109, 0.206001192331, 0.45118868351, 0.755691468716, 1.13090145588],
        "var": [1.94950711727, 2.37919044495, 2.11053729057, 2.27960944176, 2.07106661797, 0.923843085766],
        "cov": [[1.95149838924, 1.98216640949, 1.84725141525, 1.87349176407, 1.77777683735, 1.08551061153], [1.98216640949, 2.38162064552, 2.11873435974, 2.1488468647, 2.0441865921, 1.20289194584], [1.84725141525, 2.11873435974, 2.11269330978, 2.05768036842, 1.91376554966, 1.14104604721], [1.87349176407, 2.1488468647, 2.05768036842, 2.28193807602, 2.0977845192, 1.28725123405], [1.77777683735, 2.0441865921, 1.91376554966, 2.0977845192, 2.07318210602, 1.29363584518], [1.08551061153, 1.20289194584, 1.14104604721, 1.28725123405, 1.29363584518, 0.924786746502]]
    }
},
"rhythm": {
    "beats_loudness": {
        "kurt": 27.4783039093,
        "max": 0.0729376599193,
        "mean": 0.00262362672947,
        "median": 4.78156152894e-07,
        "min": 1.72083625127e-09,
        "skew": 5.28820037842,
        "var": 0.000143974481034
    },
    "bpm": 122.837478638,
    "confidence": 0.708351135254,
    "first_peak_bpm": {
        "kurt": 0,
        "max": 123,
        "mean": 123,
        "median": 123,
        "min": 123,
        "skew": 0,
        "var": 0
    },
    "first_peak_spread": {
        "kurt": 0,
        "max": 0.230769217014,
        "mean": 0.230769217014,
        "median": 0.230769217014,
        "min": 0.230769217014,
        "skew": 0,
        "var": 0
    },
    "first_peak_weight": {
        "kurt": 0,
        "max": 0.263157904148,
        "mean": 0.263157904148,
        "median": 0.263157904148,
        "min": 0.263157904148,
        "skew": 0,
        "var": 0
    },
    "onset_rate": 0.572413921356,
    "second_peak_bpm": {
        "kurt": 0,
        "max": 96,
        "mean": 96,
        "median": 96,
        "min": 96,
        "skew": 0,
        "var": 0
    },
    "second_peak_spread": {
        "kurt": 0,
        "max": 0.444444417953,
        "mean": 0.444444417953,
        "median": 0.444444417953,
        "min": 0.444444417953,
        "skew": 0,
        "var": 0
    },
    "second_peak_weight": {
        "kurt": 0,
        "max": 0.131578952074,
        "mean": 0.131578952074,
        "median": 0.131578952074,
        "min": 0.131578952074,
        "skew": 0,
        "var": 0
    },
    "beats_loudness_band_ratio": {
        "kurt": [6.87571811676, 9.41228866577, 3.43973398209, -1.52262794971, 1.06105041504, 9.54034519196],
        "max": [0.631509959698, 0.578939199448, 0.961446166039, 0.99633038044, 0.927547156811, 0.185848519206],
        "mean": [0.0952726006508, 0.0722196921706, 0.134506091475, 0.514632046223, 0.206557929516, 0.0195305421948],
        "median": [0.0416519269347, 0.0328532941639, 0.0144065851346, 0.573722302914, 0.0578640475869, 0.00382312457077],
        "min": [2.56457769865e-06, 7.42083466321e-06, 2.39274868363e-06, 0.00546509865671, 0.0013350234367, 8.62857705215e-05],
        "skew": [2.60242938995, 2.86674571037, 2.1688079834, -0.145041421056, 1.53436398506, 2.98095488548],
        "var": [0.0185476411134, 0.0120496796444, 0.0664985999465, 0.120431005955, 0.0792334005237, 0.00131030066404],
        "cov": [[0.0190357379615, 0.0090094441548, -0.00238707475364, -0.0152042461559, -0.00750098656863, -0.000183228621609], [0.0090094441548, 0.0123667763546, 0.00112031493336, -0.0165768414736, -0.00547839747742, 0.000986936502159], [-0.00238707475364, 0.00112031493336, 0.0682485625148, -0.0524982139468, -0.0150626478717, -0.00121378246695], [-0.0152042461559, -0.0165768414736, -0.0524982139468, 0.123600244522, -0.0433338582516, -0.0028457113076], [-0.00750098656863, -0.00547839747742, -0.0150626478717, -0.0433338582516, 0.0813184902072, 0.00220879982226], [-0.000183228621609, 0.000986936502159, -0.00121378246695, -0.0028457113076, 0.00220879982226, 0.00134478230029]]
    },
    "beats_position": [0.719818592072, 1.4164172411, 2.10140585899, 2.7863945961, 3.45977306366, 4.12154197693, 4.74848079681, 5.3754196167, 6.00235795975, 6.62929677963, 7.25623559952, 7.8251247406, 8.38240337372, 8.93968200684, 9.49696159363, 10.0542402267, 10.5999088287, 11.1455783844, 11.7028570175, 12.2717456818, 12.840634346, 13.4559631348, 14.0596818924, 14.6517915726, 15.2671203613, 15.8824491501, 16.3700675964, 16.8576869965, 17.3336963654, 17.8213157654, 18.3089332581, 18.8081626892, 19.2957820892, 19.7834014893, 20.2710208893, 20.758638382, 21.246257782, 21.733877182, 22.2331066132],
    "bpm_estimates": [123.047027588, 123.046783447, 126.047935486, 123.046783447, 123.047264099, 120.185218811, 123.046783447, 123.046783447, 123.046783447, 123.047264099, 123.046783447, 123.046783447, 120.185218811],
    "bpm_intervals": [0.696598649025, 0.684988617897, 0.684988737106, 0.67337846756, 0.661768913269, 0.626938819885, 0.626938819885, 0.626938343048, 0.626938819885, 0.626938819885, 0.568889141083, 0.557278633118, 0.557278633118, 0.557279586792, 0.557278633118, 0.54566860199, 0.545669555664, 0.557278633118, 0.568888664246, 0.568888664246, 0.615328788757, 0.603718757629, 0.592109680176, 0.615328788757, 0.615328788757, 0.48761844635, 0.487619400024, 0.476009368896, 0.487619400024, 0.487617492676, 0.499229431152, 0.487619400024, 0.487619400024, 0.487619400024, 0.487617492676, 0.487619400024, 0.487619400024, 0.499229431152],
    "onset_times": [0.290249437094, 0.731428563595, 1.04489791393, 1.86920630932, 2.15945577621, 2.26394557953, 2.65868473053, 2.80961441994, 3.06503391266, 3.27401351929, 3.58748292923, 5.20126962662, 5.81659841537],
    "histogram": [[0, 0, 0, 0, 0, 0, 0, 0, 0, 0, 0, 0, 0, 0, 0, 0, 0, 0, 0, 0, 0, 0, 0, 0, 0, 0, 0, 0, 0, 0, 0, 0, 0, 0, 0, 0, 0, 0, 0, 0, 0, 0, 0, 0, 0, 0, 0, 0, 0, 0, 0, 0, 0, 0, 0, 0, 0, 0, 0, 0, 0, 0, 0, 0, 0, 0, 0, 0, 0, 0, 0, 0, 0, 0, 0, 0, 0, 0, 0, 0, 0, 0, 0, 0, 0, 0, 0.0263157896698, 0, 0.0526315793395, 0.0263157896698, 0, 0.0263157896698, 0, 0, 0, 0, 0.131578952074, 0, 0.078947365284, 0.0263157896698, 0, 0.0263157896698, 0, 0, 0, 0.078947365284, 0, 0, 0.131578952074, 0, 0.0526315793395, 0, 0, 0, 0, 0, 0, 0, 0, 0, 0.0526315793395, 0, 0, 0.263157904148, 0, 0, 0.0263157896698, 0, 0, 0, 0, 0, 0, 0, 0, 0, 0, 0, 0, 0, 0, 0, 0, 0, 0, 0, 0, 0, 0, 0, 0, 0, 0, 0, 0, 0, 0, 0, 0, 0, 0, 0, 0, 0, 0, 0, 0, 0, 0, 0, 0, 0, 0, 0, 0, 0, 0, 0, 0, 0, 0, 0, 0, 0, 0, 0, 0, 0, 0, 0, 0, 0, 0, 0, 0, 0, 0, 0, 0, 0, 0, 0, 0, 0, 0, 0, 0, 0, 0, 0, 0, 0, 0, 0, 0, 0, 0, 0, 0, 0, 0, 0, 0, 0, 0, 0, 0, 0, 0, 0, 0, 0, 0, 0, 0, 0, 0, 0, 0, 0, 0, 0, 0, 0, 0, 0, 0, 0, 0, 0]]
},
"sfx": {
    "inharmonicity": {
        "kurt": 4.17368602753,
        "max": 0.472927331924,
        "mean": 0.0459551662207,
        "median": 0.000631814124063,
        "min": 0,
        "skew": 2.11029624939,
        "var": 0.00707518961281
    },
    "oddtoevenharmonicenergyratio": {
        "kurt": 300.406646729,
        "max": 968.395324707,
        "mean": 5.27531385422,
        "median": 0.0375614389777,
        "min": 0,
        "skew": 16.1749172211,
        "var": 1941.1204834
    },
    "pitch_after_max_to_before_max_energy_ratio": 0.0222257599235,
    "pitch_centroid": 445.559265137,
    "pitch_max_to_total": 0.96530610323,
    "pitch_min_to_total": 0.962244868279,
    "tristimulus": {
        "kurt": [-1.19340455532, 0.453731298447, 0.800564050674],
        "max": [1, 0.95546412468, 0.862756311893],
        "mean": [0.598433375359, 0.268235892057, 0.133330479264],
        "median": [0.707536578178, 0.196164175868, 0.0029081616085],
        "min": [0, 0, 0],
        "skew": [-0.545382738113, 1.11585509777, 1.46087813377],
        "var": [0.100220784545, 0.0463001020253, 0.0471681989729],
        "cov": [[0.100323155522, -0.0497270673513, -0.050596177578], [-0.0497270673513, 0.0463473945856, 0.00337968068197], [-0.050596177578, 0.00337968068197, 0.0472163781524]]
    }
},
"tonal": {
    "chords_changes_rate": 0.164969444275,
    "chords_number_rate": 0.0346232168376,
    "chords_strength": {
        "kurt": -0.403862953186,
        "max": 0.635919928551,
        "mean": 0.429772615433,
        "median": 0.464156210423,
        "min": 0.193454906344,
        "skew": -0.567261695862,
        "var": 0.0102868182585
    },
    "key_strength": 0.291930407286,
    "tuning_diatonic_strength": 0.368093192577,
    "tuning_equal_tempered_deviation": 0.187021970749,
    "tuning_frequency": 434.695007324,
    "tuning_nontempered_energy_ratio": 0.835037946701,
    "hpcp": {
