{
"metadata": {
    "version": {
        "essentia": "2.1-beta3"
    }
},
"lowLevel": {
    "average_loudness": 0.000167492486071,
    "barkbands_kurtosis": {
        "kurt": 93.0530166626,
        "max": 159.737823486,
        "mean": 4.31951808929,
        "median": 1.76666665077,
        "min": -1.80742239952,
        "skew": 7.36489439011,
        "var": 88.5835342407
    },
    "barkbands_skewness": {
        "kurt": 2.12853240967,
        "max": 7.4451379776,
        "mean": 1.1765140295,
        "median": 1.21174550056,
        "min": -3.94794917107,
        "skew": 0.0168458055705,
        "var": 1.49569714069
    },
    "barkbands_spread": {
        "kurt": 0.724558353424,
        "max": 31.338514328,
        "mean": 9.6791639328,
        "median": 8.06802749634,
        "min": 0.337467759848,
        "skew": 0.973368048668,
        "var": 30.379442215
    },
    "dissonance": {
        "kurt": 9.26805305481,
        "max": 0.499430984259,
        "mean": 0.449345529079,
        "median": 0.4618486166,
        "min": 0.131705716252,
        "skew": -2.67026376724,
        "var": 0.00250304234214
    },
    "hfc": {
        "kurt": 37.6028709412,
        "max": 121.349716187,
        "mean": 3.0115442276,
        "median": 0.000296086829621,
        "min": 2.84684779217e-06,
        "skew": 5.65097618103,
        "var": 144.631637573
    },
    "pitch": {
        "kurt": 2.89605140686,
        "max": 3192.19897461,
        "mean": 476.846282959,
        "median": 246.240203857,
        "min": 52.472946167,
        "skew": 1.69400036335,
        "var": 232806.390625
    },
    "pitch_instantaneous_confidence": {
        "kurt": 0.813816785812,
        "max": 0.992372691631,
        "mean": 0.410818397999,
        "median": 0.336598902941,
        "min": 0.135537624359,
        "skew": 1.34937632084,
        "var": 0.0461333207786
    },
    "pitch_salience": {
        "kurt": 0.566532850266,
        "max": 0.850919008255,
        "mean": 0.661176681519,
        "median": 0.673064649105,
        "min": 0.248477205634,
        "skew": -0.715676307678,
        "var": 0.00840631034225
    },
    "silence_rate_20dB": {
        "kurt": 0,
        "max": 1,
        "mean": 1,
        "median": 1,
        "min": 1,
        "skew": 0,
        "var": 0
    },
    "silence_rate_30dB": {
        "kurt": 0,
        "max": 1,
        "mean": 1,
        "median": 1,
        "min": 1,
        "skew": 0,
        "var": 0
    },
    "silence_rate_60dB": {
        "kurt": 4.46718549728,
        "max": 1,
        "mean": 0.893018007278,
        "median": 1,
        "min": 0,
        "skew": -2.54321289062,
        "var": 0.0955358818173
    },
    "spectral_centroid": {
        "kurt": 1.62662315369,
        "max": 2181.73046875,
        "mean": 626.0234375,
        "median": 490.579406738,
        "min": 221.687652588,
        "skew": 1.40886592865,
        "var": 123209.835938
    },
    "spectral_complexity": {
        "kurt": 7.21558952332,
        "max": 14,
        "mean": 0.831081092358,
        "median": 0,
        "min": 0,
        "skew": 2.72416615486,
        "var": 4.42640399933
    },
    "spectral_crest": {
        "kurt": 1.19870758057,
        "max": 26.4678840637,
        "mean": 10.5440254211,
        "median": 9.59917736053,
        "min": 2.43939948082,
        "skew": 1.1166280508,
        "var": 17.8932781219
    },
    "spectral_decrease": {
        "kurt": 50.1640815735,
        "max": -1.66633890625e-15,
        "mean": -6.33350927259e-10,
        "median": -1.39826572629e-13,
        "min": -2.98996738479e-08,
        "skew": -6.53973817825,
        "var": 7.48766123871e-18
    },
    "spectral_energy": {
        "kurt": 48.8552513123,
        "max": 0.123855084181,
        "mean": 0.00266356626526,
        "median": 5.60796479476e-07,
        "min": 6.54735066163e-09,
        "skew": 6.44484519958,
        "var": 0.000129658350488
    },
    "spectral_energyband_high": {
        "kurt": 36.5340766907,
        "max": 4.1803552449e-05,
        "mean": 1.15740090223e-06,
        "median": 1.43598216651e-10,
        "min": 3.21189359831e-11,
        "skew": 5.54369306564,
        "var": 1.87464939405e-11
    },
    "spectral_energyband_low": {
        "kurt": 23.6276741028,
        "max": 0.000246946583502,
        "mean": 8.69435280038e-06,
        "median": 6.77140548078e-08,
        "min": 4.77455630588e-10,
        "skew": 4.46853017807,
        "var": 6.96978919024e-10
    },
    "spectral_energyband_middle_high": {
        "kurt": 67.6566543579,
        "max": 0.123700484633,
        "mean": 0.00214173947461,
        "median": 8.56938839888e-08,
        "min": 1.23190402324e-09,
        "skew": 7.50463247299,
        "var": 9.96484304778e-05
    },
    "spectral_energyband_middle_low": {
        "kurt": 224.686264038,
        "max": 0.0951386988163,
        "mean": 0.000544553098734,
        "median": 4.52643888593e-07,
        "min": 4.11912148834e-09,
        "skew": 13.8538417816,
        "var": 2.26508018386e-05
    },
    "spectral_flatness_db": {
        "kurt": 3.62261724472,
        "max": 0.606758534908,
        "mean": 0.25506606698,
        "median": 0.237323194742,
        "min": 0.137208282948,
        "skew": 1.65579295158,
        "var": 0.00477495463565
    },
    "spectral_flux": {
        "kurt": 15.9367790222,
        "max": 0.401995331049,
        "mean": 0.0193998496979,
        "median": 0.0005189452786,
        "min": 7.30754836695e-05,
        "skew": 3.87206482887,
        "var": 0.00314924493432
    },
    "spectral_kurtosis": {
        "kurt": 2.0925245285,
        "max": 105.173599243,
        "mean": 25.0190887451,
        "median": 20.5352096558,
        "min": 3.85247182846,
        "skew": 1.41046357155,
        "var": 256.664093018
    },
    "spectral_rms": {
        "kurt": 15.5473117828,
        "max": 0.0109924627468,
        "mean": 0.00056451826822,
        "median": 2.33905630012e-05,
        "min": 2.52738186646e-06,
        "skew": 3.7682082653,
        "var": 2.27993541557e-06
    },
    "spectral_rolloff": {
        "kurt": 2.15324306488,
        "max": 3143.84765625,
        "mean": 987.569030762,
        "median": 882.861328125,
        "min": 258.3984375,
        "skew": 1.2292791605,
        "var": 273657.3125
    },
    "spectral_skewness": {
        "kurt": 0.538443088531,
        "max": 8.34467601776,
        "mean": 3.70037651062,
        "median": 3.55180263519,
        "min": 1.21352183819,
        "skew": 0.561737596989,
        "var": 1.13335740566
    },
    "spectral_spread": {
        "kurt": -0.906316518784,
        "max": 6909398.5,
        "mean": 2622996,
        "median": 2266467.75,
        "min": 869577.6875,
        "skew": 0.577232539654,
        "var": 1.61017220301e+12
    },
    "spectral_strongpeak": {
        "kurt": 19.0924243927,
        "max": 4.75588083267,
        "mean": 0.176655873656,
        "median": 0.00274446094409,
        "min": 2.54246479017e-05,
        "skew": 4.03948354721,
        "var": 0.272732138634
    },
    "zerocrossingrate": {
        "kurt": 0.622732400894,
        "max": 0.10205078125,
        "mean": 0.0355746969581,
        "median": 0.0302734375,
        "min": 0.009765625,
        "skew": 1.12213408947,
        "var": 0.000259643449681
    },
    "barkbands": {
        "kurt": [145.443191528, 15.5996761322, 21.1944503784, 42.4507217407, 104.117889404, 467.900726318, 314.390106201, 351.831817627, 257.452362061, 71.9590606689, 161.67980957, 184.451324463, 120.445602417, 138.002716064, 366.552246094, 80.0307846069, 69.0462036133, 339.706604004, 62.6707687378, 196.2212677, 76.1021118164, 50.3685188293, 96.7521057129, 31.4508476257, 78.2297744751, 65.1219177246, 70.439239502],
        "max": [2.04276915383e-08, 5.10084691996e-06, 0.00010429417307, 0.000455520668766, 0.00275286985561, 0.000468292011647, 0.00873146206141, 0.014482489787, 0.0761115178466, 0.0310968533158, 0.0953247994184, 0.0492563657463, 0.0308095309883, 0.0401458777487, 0.0134391020983, 0.00158492149785, 0.00132851430681, 0.00881370808929, 0.000729360152036, 0.000209684920264, 3.97232470277e-05, 1.10903956738e-05, 3.00696001432e-06, 2.75783406778e-07, 7.72732420273e-08, 5.76516878681e-09, 5.98452754019e-09],
        "mean": [2.19161661041e-10, 2.3561949547e-07, 4.23379196945e-06, 1.04051150629e-05, 3.66133754142e-05, 3.70255861526e-06, 3.32158051606e-05, 4.13455236412e-05, 0.000321986852214, 0.000399777200073, 0.0006542087649, 0.000342297193129, 0.000306514528347, 0.000352202536305, 5.14083767484e-05, 2.03776653507e-05, 1.88843750948e-05, 5.09196579515e-05, 1.26204149637e-05, 1.66460438322e-06, 6.88964348683e-07, 2.22456876031e-07, 4.22994048677e-08, 8.43024672292e-09, 1.39629141582e-09, 9.55354337306e-11, 8.81823086774e-11],
        "median": [2.30315744774e-12, 3.94757115885e-09, 3.42482060489e-08, 4.65607250533e-08, 1.799830045e-07, 5.25862517975e-08, 2.79414180682e-08, 1.20455911912e-08, 3.14508170618e-08, 1.93497502465e-08, 1.05344115653e-08, 1.51496024614e-08, 1.4195446596e-08, 3.399251991e-09, 1.44301670613e-09, 1.13329823304e-09, 1.01615471593e-09, 8.73369654375e-10, 5.43057376845e-10, 1.11872143493e-10, 6.81641687539e-11, 2.32153428426e-11, 6.81196939134e-12, 4.29487088255e-12, 3.80813609813e-12, 4.11912962506e-13, 2.59613108057e-14],
        "min": [1.1084947386e-14, 7.60816670081e-12, 1.54626395021e-10, 1.98353597436e-10, 1.1679262002e-09, 6.98086699558e-10, 9.44021388838e-11, 6.16311654489e-11, 2.10333472861e-10, 9.2396444662e-11, 6.86980680675e-11, 5.45355913206e-11, 1.71119611536e-11, 1.46331748802e-11, 8.35734433047e-12, 1.21473057307e-11, 7.86918100126e-12, 1.06932735236e-11, 1.18264122453e-11, 8.85827522445e-12, 1.86169881594e-11, 2.80192600892e-12, 1.72654978422e-12, 1.54201564712e-12, 1.01634954792e-12, 3.60410858872e-14, 1.45596450952e-15],
        "skew": [10.6269779205, 3.82378029823, 4.28136444092, 6.02934074402, 9.02385616302, 19.72448349, 17.222070694, 18.2984638214, 15.2355613708, 8.37899303436, 12.2461242676, 12.8860797882, 10.0493936539, 10.8683357239, 18.0460357666, 8.58582687378, 7.76113939285, 16.2063217163, 7.47494077682, 13.1957559586, 7.85765695572, 6.62850761414, 8.24261188507, 5.36119747162, 7.35489368439, 7.04727554321, 7.34612846375],
        "var": [1.3655097552e-18, 4.74099275463e-13, 1.52041101931e-10, 1.77915437938e-09, 3.09036707336e-08, 3.39874406396e-10, 2.00906541181e-07, 4.25525911396e-07, 1.41020200317e-05, 8.37448260427e-06, 3.71262976842e-05, 8.82657332113e-06, 4.34521052739e-06, 6.42380564386e-06, 3.35932668349e-07, 1.70267195898e-08, 1.08562190348e-08, 1.41644292739e-07, 3.93115584529e-09, 1.53437193506e-10, 9.59687971452e-12, 9.98631190761e-13, 3.37725758004e-14, 1.05934662592e-15, 2.60452903637e-17, 1.6659261148e-19, 1.70992255911e-19],
        "cov": [[1.36704924172e-18, 7.92466290699e-17, 3.17365245886e-15, 8.67698602992e-15, 2.97346104986e-14, 9.05653450556e-16, 1.55920727176e-13, 1.44061642498e-13, 6.38814467904e-13, 2.03636391603e-12, 2.97504447293e-12, 4.91437673975e-13, 1.54460225534e-13, 1.2835976585e-13, 3.62371672382e-14, 5.03028438944e-14, 4.37143573564e-14, 5.30368494077e-14, 1.56151167571e-14, 2.58928146393e-15, 6.77170654078e-16, 2.98207557611e-16, 5.51583487738e-17, 1.41297619116e-17, 1.75260525966e-18, 1.83808282129e-19, 1.79672068874e-19], [7.92466290699e-17, 4.74633787134e-13, 4.61629736173e-12, 1.1943220718e-11, 4.34923555503e-11, 1.83790396097e-12, -5.54509563266e-12, -7.976547374e-12, 6.32022906233e-11, 2.438863278e-10, 1.98769167792e-10, 8.88484980033e-11, 1.75184436402e-10, 2.39274072777e-10, 2.73654467142e-11, 8.3827918565e-12, 1.1224690448e-11, 3.10773663748e-11, 8.38574348849e-12, 9.1768780075e-13, 3.37877729267e-13, 9.03409427344e-14, 2.03914999713e-14, 3.7435112383e-15, 1.20741889065e-15, 5.53584536902e-17, 4.4211265185e-17], [3.17365245886e-15, 4.61629736173e-12, 1.52212506488e-10, 2.38528141683e-10, 7.4800787786e-10, 3.69299556213e-11, -9.99341026597e-11, -1.40673181437e-10, 3.56101992338e-09, 9.53098755474e-09, 8.26470447635e-09, 3.19549187111e-09, 5.00780261703e-09, 5.52237677809e-09, 4.88085516448e-10, 2.65720973003e-10, 4.28147794995e-10, 1.29157384787e-09, 2.86328932786e-10, 4.20430183723e-11, 1.00655326088e-11, 3.08306982374e-12, 6.08046978653e-13, 1.09968607029e-13, 2.22661363495e-14, 1.59542901368e-15, 1.46799915363e-15], [8.67698602992e-15, 1.1943220718e-11, 2.38528141683e-10, 1.78116010829e-09, 5.47048406574e-09, 1.07420537743e-10, -2.38794928276e-10, -3.37452621402e-10, 2.63568966652e-09, 1.25738566226e-08, 3.10266612402e-09, 4.02829547497e-09, 1.63763846928e-08, 8.47097947343e-09, 8.81058448421e-10, 5.15105680332e-10, 5.39005007294e-10, 1.4641662327e-09, 4.40456754403e-10, 5.41352414285e-11, 9.19011568234e-12, 1.99929374271e-12, 5.06809383957e-13, 6.4783803864e-14, 2.33616887635e-14, 2.24865648156e-15, 2.12570731992e-15], [2.97346104986e-14, 4.34923555503e-11, 7.4800787786e-10, 5.47048406574e-09, 3.09385086439e-08, 4.555190114e-10, -8.94702090193e-10, -1.04988184813e-09, 1.46425858105e-08, 2.7562624183e-08, 1.65183582368e-08, 9.88021842119e-09, 2.14117843456e-08, 1.09400914994e-08, 9.46086431419e-10, 6.66551369655e-10, 1.14384013372e-09, 2.77298251028e-09, 7.13913483885e-10, 1.081153847e-10, 2.60159272597e-11, 5.41792131992e-12, 8.52700830951e-13, 2.26967899228e-13, 7.5998066076e-14, 5.56246790572e-15, 4.65401617594e-15], [9.05653450556e-16, 1.83790396097e-12, 3.69299556213e-11, 1.07420537743e-10, 4.555190114e-10, 3.40257599873e-10, 5.99897576059e-10, 2.12170350733e-10, 5.63521118657e-10, 4.64006139067e-10, -3.12258774393e-10, 2.84460544009e-09, 1.13563991544e-09, 5.29168930896e-10, 6.04926497783e-10, 5.16422016261e-10, 7.26922758099e-11, 1.71075140165e-10, 3.70080112388e-11, 4.56538929924e-12, 3.0380298971e-12, 7.06088995866e-13, 3.27938197431e-13, 1.31881051219e-13, 6.58275890123e-15, 3.77867035833e-16, 3.34438253729e-16], [1.55920727176e-13, -5.54509563266e-12, -9.99341026597e-11, -2.38794928276e-10, -8.94702090193e-10, 5.99897576059e-10, 2.01133047995e-07, 1.21341145132e-07, -4.09409839364e-09, -1.09629221257e-08, -1.75486896126e-08, -5.96410254516e-09, 1.19764118622e-08, 7.53262270337e-08, 9.407777668e-09, 1.93990477015e-08, 2.73191602673e-09, -1.67380193039e-10, 1.91057603766e-11, -1.7922885398e-11, 1.58111204684e-10, 5.10868604364e-11, 5.6306838532e-12, 3.00784397389e-12, 9.16823244385e-14, 2.45731457779e-15, 2.54812900347e-15], [1.44061642498e-13, -7.976547374e-12, -1.40673181437e-10, -3.37452621402e-10, -1.04988184813e-09, 2.12170350733e-10, 1.21341145132e-07, 4.26005669851e-07, 2.57754010136e-07, 6.40263797536e-09, -1.26182113647e-08, -8.74002559215e-09, -9.40739308675e-09, 1.79073509798e-07, 4.49359971455e-09, 3.34684813197e-08, 3.98859789641e-09, -1.28016475198e-09, -1.41061134995e-10, -2.71163560356e-11, 2.1961943375e-10, 4.78749123678e-11, 4.1805612791e-12, 1.04909787454e-12, 6.37253040592e-14, 8.67453979876e-15, 9.34720847273e-15], [6.38814467904e-13, 6.32022906233e-11, 3.56101992338e-09, 2.63568966652e-09, 1.46425858105e-08, 5.63521118657e-10, -4.09409839364e-09, 2.57754010136e-07, 1.41179189086e-05, 5.33092725163e-06, 2.07157597742e-07, -9.80426761998e-08, -8.98814889183e-08, -6.48547739956e-08, 4.91321872076e-09, 1.16026711794e-07, 1.04055075667e-07, 7.21205495324e-09, 2.26614620402e-08, 4.74518779825e-09, 9.6515706538e-10, 7.08048619735e-10, 1.20393389702e-10, 2.20776140425e-11, 2.20660490748e-12, 4.58329934335e-13, 4.71315640595e-13], [2.03636391603e-12, 2.438863278e-10, 9.53098755474e-09, 1.25738566226e-08, 2.7562624183e-08, 4.64006139067e-10, -1.09629221257e-08, 6.40263797536e-09, 5.33092725163e-06, 8.38392406877e-06, 7.69604048401e-06, 1.96344771553e-07, -1.14910491789e-07, -1.18831046336e-07, 2.84970465003e-08, 8.49451282647e-08, 1.81050495485e-07, 1.27960902319e-07, 3.01057561103e-08, 5.09579045627e-09, 1.19708565283e-09, 5.74423730804e-10, 1.54825610665e-10, 2.99772116852e-11, 4.46056733217e-12, 5.74496505056e-13, 5.78578255184e-13], [2.97504447293e-12, 1.98769167792e-10, 8.26470447635e-09, 3.10266612402e-09, 1.65183582368e-08, -3.12258774393e-10, -1.75486896126e-08, -1.26182113647e-08, 2.07157597742e-07, 7.69604048401e-06, 3.71681526303e-05, 6.85601253281e-06, -1.62354638178e-07, -2.18116610995e-07, 7.76032891281e-08, 3.59578223197e-07, 9.58313890465e-08, 2.86931850724e-07, 4.86558917601e-08, 6.13056538867e-09, 2.8779916228e-09, 7.47765682707e-10, 3.13096742977e-10, 8.81338960146e-11, 8.77284269535e-12, 6.26213219734e-13, 5.83268080102e-13], [4.91437673975e-13, 8.88484980033e-11, 3.19549187111e-09, 4.02829547497e-09, 9.88021842119e-09, 2.84460544009e-09, -5.96410254516e-09, -8.74002559215e-09, -9.80426761998e-08, 1.96344771553e-07, 6.85601253281e-06, 8.83652410266e-06, 4.43986380105e-07, -1.06641572017e-07, -3.43026551608e-10, 1.82832494033e-07, 4.65008476169e-08, 3.48846604936e-08, 5.28007042533e-08, 5.82693537865e-09, 1.3843320934e-09, 1.0315167609e-09, 2.2756785345e-10, 4.73082510666e-11, 4.55863341867e-12, 4.60175463273e-13, 4.55685348396e-13], [1.54460225534e-13, 1.75184436402e-10, 5.00780261703e-09, 1.63763846928e-08, 2.14117843456e-08, 1.13563991544e-09, 1.19764118622e-08, -9.40739308675e-09, -8.98814889183e-08, -1.14910491789e-07, -1.62354638178e-07, 4.43986380105e-07, 4.3501095206e-06, 1.0542344171e-06, -1.00671480041e-08, -5.66972413463e-10, 6.34160102209e-08, 2.99739269849e-07, 1.03052837375e-08, 9.02655106216e-09, 8.14324163656e-10, 9.22964871197e-10, 1.86966483962e-10, 2.35666902659e-11, 3.7263855196e-12, 2.30388380899e-13, 2.26213511356e-13], [1.2835976585e-13, 2.39274072777e-10, 5.52237677809e-09, 8.47097947343e-09, 1.09400914994e-08, 5.29168930896e-10, 7.53262270337e-08, 1.79073509798e-07, -6.48547739956e-08, -1.18831046336e-07, -2.18116610995e-07, -1.06641572017e-07, 1.0542344171e-06, 6.43104795017e-06, 3.52165983486e-07, 1.2927761972e-08, -5.68185831717e-10, 2.57172473539e-07, 3.41267742954e-08, 2.03741939986e-10, 4.67789318392e-09, 5.66823366022e-10, 7.84982565061e-11, 1.91325046084e-11, 3.3809188088e-12, 2.49920337246e-13, 2.45872983431e-13], [3.62371672382e-14, 2.73654467142e-11, 4.88085516448e-10, 8.81058448421e-10, 9.46086431419e-10, 6.04926497783e-10, 9.407777668e-09, 4.49359971455e-09, 4.91321872076e-09, 2.84970465003e-08, 7.76032891281e-08, -3.43026551608e-10, -1.00671480041e-08, 3.52165983486e-07, 3.36311387628e-07, 1.98160599041e-09, 3.55462465018e-10, 1.49108858594e-09, 8.73105054922e-09, -1.44040101027e-11, 7.2468775425e-10, 1.263090188e-10, 1.22353759069e-11, 1.68151061651e-12, 2.03374087861e-13, 5.08455074105e-14, 5.00276835474e-14], [5.03028438944e-14, 8.3827918565e-12, 2.65720973003e-10, 5.15105680332e-10, 6.66551369655e-10, 5.16422016261e-10, 1.93990477015e-08, 3.34684813197e-08, 1.16026711794e-07, 8.49451282647e-08, 3.59578223197e-07, 1.82832494033e-07, -5.66972413463e-10, 1.2927761972e-08, 1.98160599041e-09, 1.70459149018e-08, 1.94402316467e-09, 4.14590051179e-09, 1.70369363062e-09, 1.17839529801e-10, 8.00241123367e-11, 2.69103975215e-11, 7.05578087276e-12, 1.67950896246e-12, 1.68356133071e-13, 1.6569551788e-14, 1.6505226412e-14], [4.37143573564e-14, 1.1224690448e-11, 4.28147794995e-10, 5.39005007294e-10, 1.14384013372e-09, 7.26922758099e-11, 2.73191602673e-09, 3.98859789641e-09, 1.04055075667e-07, 1.81050495485e-07, 9.58313890465e-08, 4.65008476169e-08, 6.34160102209e-08, -5.68185831717e-10, 3.55462465018e-10, 1.94402316467e-09, 1.08684590217e-08, 8.44958680801e-09, 2.77683298577e-09, 8.45563619123e-10, 7.32601201925e-11, 4.91017677906e-11, 1.15510925477e-11, 1.92437689048e-12, 2.64990367973e-13, 2.72315976463e-14, 2.71619342686e-14], [5.30368494077e-14, 3.10773663748e-11, 1.29157384787e-09, 1.4641662327e-09, 2.77298251028e-09, 1.71075140165e-10, -1.67380193039e-10, -1.28016475198e-09, 7.21205495324e-09, 1.27960902319e-07, 2.86931850724e-07, 3.48846604936e-08, 2.99739269849e-07, 2.57172473539e-07, 1.49108858594e-09, 4.14590051179e-09, 8.44958680801e-09, 1.41803980114e-07, 2.96605850991e-09, 8.17015677335e-10, 2.55954757389e-10, 1.45567932708e-10, 2.58470016223e-11, 3.79028189043e-12, 6.76573001183e-13, 4.15825651635e-14, 3.71278393229e-14], [1.56151167571e-14, 8.38574348849e-12, 2.86328932786e-10, 4.40456754403e-10, 7.13913483885e-10, 3.70080112388e-11, 1.91057603766e-11, -1.41061134995e-10, 2.26614620402e-08, 3.01057561103e-08, 4.86558917601e-08, 5.28007042533e-08, 1.03052837375e-08, 3.41267742954e-08, 8.73105054922e-09, 1.70369363062e-09, 2.77683298577e-09, 2.96605850991e-09, 3.93558785561e-09, 2.91694085552e-10, 1.12167088118e-10, 2.51401607865e-11, 4.88281507241e-12, 8.99397852201e-13, 1.29264803614e-13, 9.73851482447e-15, 9.23981740051e-15], [2.58928146393e-15, 9.1768780075e-13, 4.20430183723e-11, 5.41352414285e-11, 1.081153847e-10, 4.56538929924e-12, -1.7922885398e-11, -2.71163560356e-11, 4.74518779825e-09, 5.09579045627e-09, 6.13056538867e-09, 5.82693537865e-09, 9.02655106216e-09, 2.03741939986e-10, -1.44040101027e-11, 1.17839529801e-10, 8.45563619123e-10, 8.17015677335e-10, 2.91694085552e-10, 1.53610180131e-10, 7.25775429339e-12, 4.4790486424e-12, 9.07398613713e-13, 1.90933532006e-13, 1.99121894375e-14, 1.83524934616e-15, 1.78643886081e-15], [6.77170654078e-16, 3.37877729267e-13, 1.00655326088e-11, 9.19011568234e-12, 2.60159272597e-11, 3.0380298971e-12, 1.58111204684e-10, 2.1961943375e-10, 9.6515706538e-10, 1.19708565283e-09, 2.8779916228e-09, 1.3843320934e-09, 8.14324163656e-10, 4.67789318392e-09, 7.2468775425e-10, 8.00241123367e-11, 7.32601201925e-11, 2.55954757389e-10, 1.12167088118e-10, 7.25775429339e-12, 9.60769918484e-12, 1.40998074761e-12, 2.2374880811e-13, 4.99718369712e-14, 8.14278352591e-15, 5.58064639744e-16, 5.31458540777e-16], [2.98207557611e-16, 9.03409427344e-14, 3.08306982374e-12, 1.99929374271e-12, 5.41792131992e-12, 7.06088995866e-13, 5.10868604364e-11, 4.78749123678e-11, 7.08048619735e-10, 5.74423730804e-10, 7.47765682707e-10, 1.0315167609e-09, 9.22964871197e-10, 5.66823366022e-10, 1.263090188e-10, 2.69103975215e-11, 4.91017677906e-11, 1.45567932708e-10, 2.51401607865e-11, 4.4790486424e-12, 1.40998074761e-12, 9.99757026297e-13, 1.41440502431e-13, 2.19629070247e-14, 2.87854914465e-15, 2.36120201396e-16, 2.28757791018e-16], [5.51583487738e-17, 2.03914999713e-14, 6.08046978653e-13, 5.06809383957e-13, 8.52700830951e-13, 3.27938197431e-13, 5.6306838532e-12, 4.1805612791e-12, 1.20393389702e-10, 1.54825610665e-10, 3.13096742977e-10, 2.2756785345e-10, 1.86966483962e-10, 7.84982565061e-11, 1.22353759069e-11, 7.05578087276e-12, 1.15510925477e-11, 2.58470016223e-11, 4.88281507241e-12, 9.07398613713e-13, 2.2374880811e-13, 1.41440502431e-13, 3.38106516254e-14, 5.03702287535e-15, 6.74954392371e-16, 5.39188517132e-17, 5.28953811412e-17], [1.41297619116e-17, 3.7435112383e-15, 1.09968607029e-13, 6.4783803864e-14, 2.26967899228e-13, 1.31881051219e-13, 3.00784397389e-12, 1.04909787454e-12, 2.20776140425e-11, 2.99772116852e-11, 8.81338960146e-11, 4.73082510666e-11, 2.35666902659e-11, 1.91325046084e-11, 1.68151061651e-12, 1.67950896246e-12, 1.92437689048e-12, 3.79028189043e-12, 8.99397852201e-13, 1.90933532006e-13, 4.99718369712e-14, 2.19629070247e-14, 5.03702287535e-15, 1.06054094238e-15, 1.23395892105e-16, 8.74100695721e-18, 8.43617104915e-18], [1.75260525966e-18, 1.20741889065e-15, 2.22661363495e-14, 2.33616887635e-14, 7.5998066076e-14, 6.58275890123e-15, 9.16823244385e-14, 6.37253040592e-14, 2.20660490748e-12, 4.46056733217e-12, 8.77284269535e-12, 4.55863341867e-12, 3.7263855196e-12, 3.3809188088e-12, 2.03374087861e-13, 1.68356133071e-13, 2.64990367973e-13, 6.76573001183e-13, 1.29264803614e-13, 1.99121894375e-14, 8.14278352591e-15, 2.87854914465e-15, 6.74954392371e-16, 1.23395892105e-16, 2.60746536211e-17, 1.34060831004e-18, 1.26538574591e-18], [1.83808282129e-19, 5.53584536902e-17, 1.59542901368e-15, 2.24865648156e-15, 5.56246790572e-15, 3.77867035833e-16, 2.45731457779e-15, 8.67453979876e-15, 4.58329934335e-13, 5.74496505056e-13, 6.26213219734e-13, 4.60175463273e-13, 2.30388380899e-13, 2.49920337246e-13, 5.08455074105e-14, 1.6569551788e-14, 2.72315976463e-14, 4.15825651635e-14, 9.73851482447e-15, 1.83524934616e-15, 5.58064639744e-16, 2.36120201396e-16, 5.39188517132e-17, 8.74100695721e-18, 1.34060831004e-18, 1.66780420253e-19, 1.6835108114e-19], [1.79672068874e-19, 4.4211265185e-17, 1.46799915363e-15, 2.12570731992e-15, 4.65401617594e-15, 3.34438253729e-16, 2.54812900347e-15, 9.34720847273e-15, 4.71315640595e-13, 5.78578255184e-13, 5.83268080102e-13, 4.55685348396e-13, 2.26213511356e-13, 2.45872983431e-13, 5.00276835474e-14, 1.6505226412e-14, 2.71619342686e-14, 3.71278393229e-14, 9.23981740051e-15, 1.78643886081e-15, 5.31458540777e-16, 2.28757791018e-16, 5.28953811412e-17, 8.43617104915e-18, 1.26538574591e-18, 1.6835108114e-19, 1.71185027768e-19]]
    },
    "mfcc": {
        "kurt": [-0.323782682419, -1.1016190052, 1.2186794281, 6.88819217682, 1.58737325668, 2.37906455994, 8.16207504272, 8.15219306946, 4.94707536697, 3.95352697372, 6.78639888763, 5.88111782074, 7.22528648376],
        "max": [-738.944946289, 199.523101807, 45.9297218323, 46.8469047546, 39.7289466858, 63.4876327515, 57.005317688, 76.7381744385, 57.4832801819, 37.3512420654, 68.184753418, 45.2861099243, 45.7239265442],
        "mean": [-1044.56506348, 61.6337966919, -5.14166641235, 2.31577324867, -1.21739757061, -3.6362054348, 1.5124797821, -1.34754955769, -9.64439201355, -10.3331451416, -5.47772693634, -8.38347053528, -10.677274704],
        "median": [-1104.1237793, 38.7426719666, 7.61567687988, 4.43681716919, 2.6618347168, 0.967979431152, 1.03480911255, -1.06748580933, -5.21343231201, -7.1519203186, -4.97318649292, -6.02219009399, -6.90929794312],
        "min": [-1138.42004395, 1.14440917969e-05, -150.987670898, -81.631690979, -68.4645309448, -52.7007713318, -68.1303405762, -57.9669570923, -81.1669006348, -66.4025650024, -62.3845481873, -75.5140991211, -95.5492172241],
        "skew": [1.08645784855, 0.571391105652, -1.40227127075, -1.29682075977, -0.944630682468, 0.00569492485374, -0.0810293182731, 1.15235447884, -1.07885301113, -1.24805033207, 1.11625695229, -0.75943005085, -1.86617255211],
        "var": [12986.3105469, 3219.15234375, 1646.65661621, 161.138442993, 199.897567749, 234.096313477, 144.888183594, 198.059188843, 222.870956421, 143.517669678, 204.142105103, 151.317977905, 212.860549927],
        "cov": [[13000.9511719, 5839.16162109, -3937.43969727, -132.09387207, -153.147277832, -471.28125, 444.847686768, 300.091827393, -717.197937012, -690.984069824, 122.578460693, -411.419708252, -738.210388184], [5839.16162109, 3222.78149414, -1302.68518066, -168.728012085, -166.274169922, -411.79019165, 108.560638428, 70.5449981689, -333.305664062, -339.845306396, -54.2509460449, -265.25869751, -377.364562988], [-3937.43969727, -1302.68518066, 1648.51306152, -1.51876080036, -67.8222885132, 13.1725263596, -187.342590332, -131.472427368, 187.122344971, 156.556106567, -143.857696533, 43.1375389099, 168.037872314], [-132.09387207, -168.728012085, -1.51876080036, 161.320114136, 122.662750244, 86.8433837891, 52.6507835388, -26.7646217346, -27.624370575, 32.0476074219, 51.3833236694, -7.52767086029, -37.753490448], [-153.147277832, -166.274169922, -67.8222885132, 122.662750244, 200.122940063, 126.89490509, 48.4322280884, -69.4732055664, -56.3473320007, 51.9112205505, 107.506462097, 26.7946338654, -41.3512229919], [-471.28125, -411.79019165, 13.1725263596, 86.8433837891, 126.89490509, 234.360244751, 86.915725708, -51.8533363342, -64.3730697632, 19.7891807556, 104.159370422, 57.8768920898, -23.2058181763], [444.847686768, 108.560638428, -187.342590332, 52.6507835388, 48.4322280884, 86.915725708, 145.051528931, 75.081993103, -53.8797950745, -62.1826705933, 0.3465744555, 4.31562662125, -21.9139060974], [300.091827393, 70.5449981689, -131.472427368, -26.7646217346, -69.4732055664, -51.8533363342, 75.081993103, 198.282485962, 98.7495498657, -57.6152992249, -126.386795044, -27.6856784821, 68.9945983887], [-717.197937012, -333.305664062, 187.122344971, -27.624370575, -56.3473320007, -64.3730697632, -53.8797950745, 98.7495498657, 223.1222229, 88.2137451172, -109.291847229, -55.8144416809, 78.0650482178], [-690.984069824, -339.845306396, 156.556106567, 32.0476074219, 51.9112205505, 19.7891807556, -62.1826705933, -57.6152992249, 88.2137451172, 143.679473877, 59.0701179504, -26.6678848267, -19.8904914856], [122.578460693, -54.2509460449, -143.857696533, 51.3833236694, 107.506462097, 104.159370422, 0.3465744555, -126.386795044, -109.291847229, 59.0701179504, 204.372253418, 62.7591438293, -100.253807068], [-411.419708252, -265.25869751, 43.1375389099, -7.52767086029, 26.7946338654, 57.8768920898, 4.31562662125, -27.6856784821, -55.8144416809, -26.6678848267, 62.7591438293, 151.488571167, 81.5000152588], [-738.210388184, -377.364562988, 168.037872314, -37.753490448, -41.3512229919, -23.2058181763, -21.9139060974, 68.9945983887, 78.0650482178, -19.8904914856, -100.253807068, 81.5000152588, 213.100524902]]
    },
    "sccoeffs": {
        "kurt": [0.402950286865, 37.6146354675, 11.8170061111, 6.40180015564, 1.58531332016, 0.137563228607],
        "max": [-0.389747917652, -0.240094214678, -0.181428849697, -0.237265095115, -0.499194949865, -0.638289153576],
        "mean": [-0.71618694067, -0.855287849903, -0.848793387413, -0.81474852562, -0.841798722744, -0.854133605957],
        "median": [-0.731359302998, -0.864122033119, -0.878956079483, -0.851464033127, -0.866977274418, -0.890037894249],
        "min": [-0.924491345882, -0.946380317211, -0.958748817444, -0.934277236462, -0.937453150749, -0.916543006897],
        "skew": [0.789804279804, 5.15119934082, 3.19535279274, 2.51461362839, 1.36006188393, 1.10684132576],
        "var": [0.00830985046923, 0.00404049316421, 0.0107117034495, 0.0149878393859, 0.00755086075515, 0.0035824875813],
        "cov": [[0.00831921864301, 0.000678900454659, 0.0040443004109, 0.00471025984734, 0.00554760266095, 0.00365101662464], [0.000678900454659, 0.00404504872859, 0.00280398852192, 0.00267065828666, 0.00217386032455, 0.00164447177667], [0.0040443004109, 0.00280398852192, 0.0107237799093, 0.00544070499018, 0.00557754095644, 0.00367888179608], [0.00471025984734, 0.00267065828666, 0.00544070499018, 0.0150047363713, 0.00851643458009, 0.00506824161857], [0.00554760266095, 0.00217386032455, 0.00557754095644, 0.00851643458009, 0.00755937350914, 0.00466693891212], [0.00365101662464, 0.00164447177667, 0.00367888179608, 0.00506824161857, 0.00466693891212, 0.00358652649447]]
    },
    "scvalleys": {
        "kurt": [-0.561663627625, -1.32906365395, -0.71507692337, -1.00560319424, -0.738659620285, 0.0528070926666],
        "max": [-7.533015728, -6.22158670425, -5.29662656784, -6.57800102234, -7.68708515167, -10.73117733],
        "mean": [-10.8474187851, -10.0922250748, -10.2447795868, -11.4900827408, -12.6080226898, -15.005361557],
        "median": [-11.201253891, -10.4992008209, -10.9089698792, -12.143488884, -13.6440401077, -15.8646087646],
        "min": [-13.8303232193, -12.9400262833, -12.9519968033, -14.5466556549, -14.9444437027, -16.2791156769],
        "skew": [0.644957005978, 0.321927785873, 0.62096452713, 0.587449491024, 0.91567248106, 1.32153511047],
        "var": [1.71546125412, 2.94107484818, 3.60785937309, 4.42264270782, 4.08702468872, 2.39124822617],
        "cov": [[1.71739530563, 1.93152463436, 2.19376158714, 2.50073456764, 2.37937688828, 1.68902778625], [1.93152463436, 2.94439077377, 3.03701663017, 3.33977246284, 3.08361339569, 2.00416183472], [2.19376158714, 3.03701663017, 3.61192679405, 3.81273937225, 3.59066152573, 2.44093513489], [2.50073456764, 3.33977246284, 3.81273937225, 4.42762899399, 4.10049390793, 2.86677026749], [2.37937688828, 3.08361339569, 3.59066152573, 4.10049390793, 4.09163236618, 2.96068239212], [1.68902778625, 2.00416183472, 2.44093513489, 2.86677026749, 2.96068239212, 2.39394426346]]
    }
},
"rhythm": {
    "beats_loudness": {
        "kurt": 20.9997749329,
        "max": 0.100977130234,
        "mean": 0.00488205160946,
        "median": 2.48355809163e-06,
        "min": 1.95300433603e-08,
        "skew": 4.59644365311,
        "var": 0.000325057713781
    },
    "bpm": 102.978866577,
    "confidence": 1.39411628246,
    "first_peak_bpm": {
        "kurt": 0,
        "max": 101,
        "mean": 101,
        "median": 101,
        "min": 101,
        "skew": 0,
        "var": 0
    },
    "first_peak_spread": {
        "kurt": 0,
        "max": 0.5,
        "mean": 0.5,
        "median": 0.5,
        "min": 0.5,
        "skew": 0,
        "var": 0
    },
    "first_peak_weight": {
        "kurt": 0,
        "max": 0.303030312061,
        "mean": 0.303030312061,
        "median": 0.303030312061,
        "min": 0.303030312061,
        "skew": 0,
        "var": 0
    },
    "onset_rate": 0.582718670368,
    "second_peak_bpm": {
        "kurt": 0,
        "max": 89,
        "mean": 89,
        "median": 89,
        "min": 89,
        "skew": 0,
        "var": 0
    },
    "second_peak_spread": {
        "kurt": 0,
        "max": 0.333333313465,
        "mean": 0.333333313465,
        "median": 0.333333313465,
        "min": 0.333333313465,
        "skew": 0,
        "var": 0
    },
    "second_peak_weight": {
        "kurt": 0,
        "max": 0.121212124825,
        "mean": 0.121212124825,
        "median": 0.121212124825,
        "min": 0.121212124825,
        "skew": 0,
        "var": 0
    },
    "beats_loudness_band_ratio": {
        "kurt": [-0.469167232513, -0.471383810043, 1.5709939003, 0.15904045105, 1.53965377808, 5.59078216553],
        "max": [0.670680463314, 0.800375640392, 0.571982741356, 0.988367438316, 0.122260771692, 0.0315502360463],
        "mean": [0.248182907701, 0.334036439657, 0.150484099984, 0.301035404205, 0.0275901127607, 0.00493439473212],
        "median": [0.233938723803, 0.322849601507, 0.119144558907, 0.155165165663, 0.0109025510028, 0.00221851887181],
        "min": [1.02977874121e-05, 8.56065798871e-06, 0.000376753800083, 0.0213540270925, 0.00176008639392, 0.000213082341361],
        "skew": [0.63347953558, 0.299259662628, 1.27069699764, 1.15723359585, 1.68716979027, 2.52586960793],
        "var": [0.0329621322453, 0.0412600524724, 0.0168713387102, 0.0779073163867, 0.00118205626495, 5.26355725015e-05],
        "cov": [[0.0339609868824, 0.00209241150878, -0.00558841507882, -0.0259082354605, -0.00240626349114, -0.000202833150979], [0.00209241150878, 0.0425103567541, 0.00655890349299, -0.0454209707677, -0.00348175922409, -0.00041930610314], [-0.00558841507882, 0.00655890349299, 0.0173825919628, -0.0165137331933, -0.000651308509987, -2.2998690838e-05], [-0.0259082354605, -0.0454209707677, -0.0165137331933, 0.0802681446075, 0.00486326450482, 0.000322610663716], [-0.00240626349114, -0.00348175922409, -0.000651308509987, 0.00486326450482, 0.00121787621174, 0.000188713544048], [-0.000202833150979, -0.00041930610314, -2.2998690838e-05, 0.000322610663716, 0.000188713544048, 5.42305897397e-05]]
    },
    "beats_position": [0.510838985443, 0.99845802784, 1.53251695633, 2.0549659729, 2.56580495834, 3.08825397491, 3.62231278419, 4.15637159348, 4.72526073456, 5.2941493988, 5.87464857101, 6.45514726639, 7.03564596176, 7.60453510284, 8.17342376709, 8.74231243134, 9.31120204926, 9.89170074463, 10.4838094711, 11.0759181976, 11.6680269241, 12.2601356506, 12.8522443771, 13.4443531036, 14.0364627838, 14.6285715103, 15.2206802368, 15.8127889633, 16.4861679077, 17.1595458984, 17.8329238892, 18.5063037872, 19.1680717468, 19.8298416138],
    "bpm_estimates": [105.468704224, 105.468788147, 103.359321594, 103.359405518, 103.359405518, 105.468704224, 105.468788147, 105.468788147, 105.468612671, 103.359405518, 101.332740784, 101.332740784, 101.332740784, 101.332740784, 101.332740784, 101.332740784, 101.332580566, 101.332740784, 101.332740784, 101.332740784],
    "bpm_intervals": [0.487619042397, 0.53405892849, 0.522449016571, 0.510838985443, 0.522449016571, 0.53405880928, 0.53405880928, 0.568889141083, 0.568888664246, 0.580499172211, 0.580498695374, 0.580498695374, 0.568889141083, 0.568888664246, 0.568888664246, 0.56888961792, 0.580498695374, 0.592108726501, 0.592108726501, 0.592108726501, 0.592108726501, 0.592108726501, 0.592108726501, 0.592109680176, 0.592108726501, 0.592108726501, 0.592108726501, 0.673378944397, 0.673377990723, 0.673377990723, 0.673379898071, 0.661767959595, 0.661769866943],
    "onset_times": [0.290249437094, 0.417959183455, 0.510838985443, 0.708208620548, 0.986848056316, 1.23065757751, 1.49768710136, 1.75310659409, 2.18267583847, 2.28716564178, 2.55419492722, 2.84444451332],
    "histogram": [[0, 0, 0, 0, 0, 0, 0, 0, 0, 0, 0, 0, 0, 0, 0, 0, 0, 0, 0, 0, 0, 0, 0, 0, 0, 0, 0, 0, 0, 0, 0, 0, 0, 0, 0, 0, 0, 0, 0, 0, 0, 0, 0, 0, 0, 0, 0, 0, 0, 0, 0, 0, 0, 0, 0, 0, 0, 0, 0, 0, 0, 0, 0, 0, 0, 0, 0, 0, 0, 0, 0, 0, 0, 0, 0, 0, 0, 0, 0, 0, 0, 0, 0, 0, 0, 0, 0, 0, 0, 0.121212124825, 0, 0.0606060624123, 0, 0, 0, 0, 0, 0, 0, 0, 0, 0.303030312061, 0, 0.121212124825, 0, 0.181818187237, 0, 0, 0, 0, 0, 0, 0.0909090936184, 0, 0, 0.0606060624123, 0, 0.0303030312061, 0, 0, 0, 0, 0, 0.0303030312061, 0, 0, 0, 0, 0, 0, 0, 0, 0, 0, 0, 0, 0, 0, 0, 0, 0, 0, 0, 0, 0, 0, 0, 0, 0, 0, 0, 0, 0, 0, 0, 0, 0, 0, 0, 0, 0, 0, 0, 0, 0, 0, 0, 0, 0, 0, 0, 0, 0, 0, 0, 0, 0, 0, 0, 0, 0, 0, 0, 0, 0, 0, 0, 0, 0, 0, 0, 0, 0, 0, 0, 0, 0, 0, 0, 0, 0, 0, 0, 0, 0, 0, 0, 0, 0, 0, 0, 0, 0, 0, 0, 0, 0, 0, 0, 0, 0, 0, 0, 0, 0, 0, 0, 0, 0, 0, 0, 0, 0, 0, 0, 0, 0, 0, 0, 0, 0, 0, 0, 0, 0, 0, 0, 0, 0, 0]]
},
"sfx": {
    "inharmonicity": {
        "kurt": 1.42358446121,
        "max": 0.366576164961,
        "mean": 0.070411786437,
        "median": 0.048318490386,
        "min": 0,
        "skew": 1.3382165432,
        "var": 0.00569228874519
    },
    "oddtoevenharmonicenergyratio": {
        "kurt": 59.6997718811,
        "max": 15.5397100449,
        "mean": 0.584792971611,
        "median": 0.197293877602,
        "min": 0,
        "skew": 6.3560461998,
        "var": 1.43684947491
    },
    "pitch_after_max_to_before_max_energy_ratio": 0.519179821014,
    "pitch_centroid": 308.262664795,
    "pitch_max_to_total": 0.239864870906,
    "pitch_min_to_total": 0.353603601456,
    "tristimulus": {
        "kurt": [-0.724040985107, -0.431401014328, -0.41331744194],
        "max": [1, 0.845494091511, 0.941156089306],
        "mean": [0.448625028133, 0.321476221085, 0.229898914695],
        "median": [0.401971071959, 0.316776514053, 0.224123477936],
        "min": [0, 0, 0],
        "skew": [0.376841574907, 0.162882521749, 0.402462542057],
        "var": [0.0718292966485, 0.023783961311, 0.0321867093444],
        "cov": [[0.071910277009, -0.0317490324378, -0.0401612818241], [-0.0317490324378, 0.0238107740879, 0.00793827418238], [-0.0401612818241, 0.00793827418238, 0.0322229973972]]
    }
},
"tonal": {
    "chords_changes_rate": 0.132584273815,
    "chords_number_rate": 0.0269662924111,
    "chords_strength": {
        "kurt": -1.09656250477,
        "max": 0.791190981865,
        "mean": 0.486511260271,
        "median": 0.457368284464,
        "min": 0.230138421059,
        "skew": 0.299749404192,
        "var": 0.020896513015
    },
    "key_strength": 0.79661744833,
    "tuning_diatonic_strength": 0.842766702175,
    "tuning_equal_tempered_deviation": 0.254089027643,
    "tuning_frequency": 448.467559814,
    "tuning_nontempered_energy_ratio": 0.906850755215,
    "hpcp": {
        "kurt": [4.63511514664, 2.94740533829, 2.93725061417, 2.63308525085, 2.6196603775, 1.76608753204, 0.472243309021, -0.271011829376, 0.304642915726, 0.536548376083, 0.890205144882, 1.62649679184, 2.75215435028, 3.30016040802, 4.88823843002, 5.18863296509, 5.58111190796, 5.92637443542, 3.8657951355, 1.95822572708, 2.64200305939, 2.02655744553, 2.270424366, 2.16294384003, 3.67516422272, 3.17535305023, 2.50209331512, 2.59400224686, 1.93883275986, 1.83885717392, 1.40411996841, 2.08264350891, 3.57519769669, 4.0361495018, 5.41867923737, 4.87005519867],
        "max": [1, 1, 1, 1, 1, 1, 1, 1, 1, 1, 1, 1, 1, 1, 1, 1, 1, 1, 1, 1, 1, 1, 1, 1, 1, 1, 1, 1, 1, 1, 1, 1, 1, 1, 1, 1],
