{
"metadata": {
    "version": {
        "essentia": "2.1-beta3"
    }
},
"lowLevel": {
    "average_loudness": 0.152431830764,
    "barkbands_kurtosis": {
        "kurt": 27.5152721405,
        "max": 117.009841919,
        "mean": 4.64954185486,
        "median": 0.961492061615,
        "min": -1.75180327892,
        "skew": 4.52735042572,
        "var": 122.166564941
    },
    "barkbands_skewness": {
        "kurt": 4.63071155548,
        "max": 7.64815998077,
        "mean": 0.404845625162,
        "median": 0.223536074162,
        "min": -3.95758318901,
        "skew": 1.41447281837,
        "var": 1.71188306808
    },
    "barkbands_spread": {
        "kurt": 0.199660301208,
        "max": 51.8110351562,
        "mean": 12.5657873154,
        "median": 11.2961854935,
        "min": 0.421053618193,
        "skew": 0.675089657307,
        "var": 62.8058013916
    },
    "dissonance": {
        "kurt": 5.15735816956,
        "max": 0.499996840954,
        "mean": 0.464224427938,
        "median": 0.483695179224,
        "min": 0.213507637382,
        "skew": -2.18008351326,
        "var": 0.00211414485238
    },
    "hfc": {
        "kurt": 25.9682502747,
        "max": 535.506103516,
        "mean": 27.7941837311,
        "median": 3.53143167496,
        "min": 2.42191185862e-06,
        "skew": 4.53404283524,
        "var": 4207.17431641
    },
    "pitch": {
        "kurt": -1.137119174,
        "max": 2420.93969727,
        "mean": 890.984069824,
        "median": 886.487487793,
        "min": 74.8183517456,
        "skew": -0.0469950921834,
        "var": 221061.46875
    },
    "pitch_instantaneous_confidence": {
        "kurt": -1.41374015808,
        "max": 0.994294762611,
        "mean": 0.629145562649,
        "median": 0.658695042133,
        "min": 0.0659832954407,
        "skew": -0.184242457151,
        "var": 0.0702763348818
    },
    "pitch_salience": {
        "kurt": -0.131741285324,
        "max": 0.853012144566,
        "mean": 0.545486748219,
        "median": 0.564085960388,
        "min": 0.0883100181818,
        "skew": -0.585082292557,
        "var": 0.0256555434316
    },
    "silence_rate_20dB": {
        "kurt": 0,
        "max": 1,
        "mean": 1,
        "median": 1,
        "min": 1,
        "skew": 0,
        "var": 0
    },
    "silence_rate_30dB": {
        "kurt": 21.5115833282,
        "max": 1,
        "mean": 0.962224543095,
        "median": 1,
        "min": 0,
        "skew": -4.84889698029,
        "var": 0.0363483577967
    },
    "silence_rate_60dB": {
        "kurt": -1.99461638927,
        "max": 1,
        "mean": 0.518363058567,
        "median": 1,
        "min": 0,
        "skew": -0.0735008046031,
        "var": 0.249665305018
    },
    "spectral_centroid": {
        "kurt": 0.935393810272,
        "max": 2987.53979492,
        "mean": 1346.84155273,
        "median": 1322.10449219,
        "min": 113.50328064,
        "skew": 0.173555865884,
        "var": 165916.09375
    },
    "spectral_complexity": {
        "kurt": 0.89078950882,
        "max": 45,
        "mean": 8.24763870239,
        "median": 4,
        "min": 0,
        "skew": 1.28787982464,
        "var": 95.6155319214
    },
    "spectral_crest": {
        "kurt": -0.992988348007,
        "max": 26.5759143829,
        "mean": 13.4627914429,
        "median": 12.8288698196,
        "min": 2.80798172951,
        "skew": 0.302445739508,
        "var": 38.5593833923
    },
    "spectral_decrease": {
        "kurt": 22.6639232635,
        "max": -2.11753535781e-15,
        "mean": -4.13503187247e-09,
        "median": -5.53798673586e-10,
        "min": -7.6677878269e-08,
        "skew": -4.29308795929,
        "var": 8.63547045701e-17
    },
    "spectral_energy": {
        "kurt": 22.8043270111,
        "max": 0.336249709129,
        "mean": 0.0181275811046,
        "median": 0.00242946692742,
        "min": 8.21174328536e-09,
        "skew": 4.30075216293,
        "var": 0.00166418985464
    },
    "spectral_energyband_high": {
        "kurt": 59.5352745056,
        "max": 0.0242672879249,
        "mean": 0.000508474302478,
        "median": 3.44590262102e-05,
        "min": 5.71220605539e-11,
        "skew": 6.99117231369,
        "var": 3.3906239878e-06
    },
    "spectral_energyband_low": {
        "kurt": 201.355255127,
        "max": 0.00481036305428,
        "mean": 6.94424888934e-05,
        "median": 1.41606242323e-05,
        "min": 3.48848749887e-09,
        "skew": 11.6467027664,
        "var": 5.29045536268e-08
    },
    "spectral_energyband_middle_high": {
        "kurt": 23.8272285461,
        "max": 0.33505320549,
        "mean": 0.0164217539132,
        "median": 0.00199544080533,
        "min": 2.42649511595e-10,
        "skew": 4.42283439636,
        "var": 0.00153188197874
    },
    "spectral_energyband_middle_low": {
        "kurt": 226.571868896,
        "max": 0.110163889825,
        "mean": 0.0013394728303,
        "median": 0.000112507354061,
        "min": 5.22935428293e-09,
        "skew": 13.2524633408,
        "var": 2.90492916974e-05
    },
    "spectral_flatness_db": {
        "kurt": 0.214057922363,
        "max": 0.457270741463,
        "mean": 0.22113750875,
        "median": 0.200697928667,
        "min": 0.106330275536,
        "skew": 0.910174489021,
        "var": 0.00564533146098
    },
    "spectral_flux": {
        "kurt": 9.87980747223,
        "max": 0.634676098824,
        "mean": 0.0698053315282,
        "median": 0.0355934612453,
        "min": 0.00146594026592,
        "skew": 2.83330845833,
        "var": 0.00926390383393
    },
    "spectral_kurtosis": {
        "kurt": 5.54197216034,
        "max": 37.5057525635,
        "mean": 9.59534835815,
        "median": 8.31361198425,
        "min": 1.06448554993,
        "skew": 2.0021841526,
        "var": 28.4889526367
    },
    "spectral_rms": {
        "kurt": 4.08029174805,
        "max": 0.018112109974,
        "mean": 0.0027653358411,
        "median": 0.00153954920825,
        "min": 2.83045164906e-06,
        "skew": 1.88808631897,
        "var": 1.00383686004e-05
    },
    "spectral_rolloff": {
        "kurt": 0.471427202225,
        "max": 4629.63867188,
        "mean": 1905.18005371,
        "median": 1658.05664062,
        "min": 107.666015625,
        "skew": 0.910479366779,
        "var": 572274.625
    },
    "spectral_skewness": {
        "kurt": 3.48520517349,
        "max": 4.62420225143,
        "mean": 2.19132137299,
        "median": 2.11033010483,
        "min": 0.796735107899,
        "skew": 1.34222614765,
        "var": 0.264639437199
    },
    "spectral_spread": {
        "kurt": 244.795181274,
        "max": 27971744,
        "mean": 2978424.25,
        "median": 2846710,
        "min": 1279562.25,
        "skew": 11.5083198547,
        "var": 1.28870501581e+12
    },
    "spectral_strongpeak": {
        "kurt": 10.09071064,
        "max": 29.595035553,
        "mean": 2.46817159653,
        "median": 0.794267177582,
        "min": 4.39752548118e-05,
        "skew": 2.93139410019,
        "var": 17.3659744263
    },
    "zerocrossingrate": {
        "kurt": 1.47567844391,
        "max": 0.1416015625,
        "mean": 0.067709185183,
        "median": 0.06689453125,
        "min": 0.0009765625,
        "skew": 0.368234276772,
        "var": 0.000322834006511
    },
    "barkbands": {
        "kurt": [77.5962219238, 202.949279785, 367.044372559, 49.9871482849, 32.8114700317, 76.8234786987, 29.1893081665, 194.124710083, 689.053894043, 225.799728394, 337.800964355, 144.813644409, 56.7829170227, 78.7621917725, 127.473571777, 283.806213379, 126.48677063, 103.086868286, 163.611129761, 57.6478729248, 165.075378418, 34.3106842041, 41.8042068481, 55.4027404785, 29.1368141174, 30.0445976257, 46.308052063],
        "max": [2.68176663667e-05, 0.00166102754883, 0.0034256237559, 0.00127022806555, 0.0115282414481, 0.00670610880479, 0.00177535333205, 0.00389559729956, 0.102559044957, 0.146452531219, 0.243022993207, 0.267207950354, 0.247714489698, 0.268739819527, 0.0203357823193, 0.0122535331175, 0.0151905147359, 0.0828340277076, 0.0335920825601, 0.0165671184659, 0.0235285013914, 0.000617474899627, 9.02685642359e-05, 3.4708660678e-05, 2.08447418117e-05, 6.81977098793e-07, 2.36149695354e-08],
        "mean": [6.38757626348e-07, 1.99404676096e-05, 3.26947047142e-05, 3.98293013859e-05, 0.000338027079124, 0.000146169186337, 6.95648268447e-05, 6.42964150757e-05, 0.000375274132239, 0.00132918602321, 0.00133940554224, 0.00270436960272, 0.00486720306799, 0.00410351948813, 0.000251021876466, 0.000122048113553, 0.000199440692086, 0.0011236553546, 0.000374950119294, 0.000389761233237, 0.000208844488952, 2.23745082621e-05, 3.50666368831e-06, 1.07309244868e-06, 7.83351879363e-07, 2.31211529922e-08, 7.1093908538e-10],
        "median": [1.68138484469e-07, 4.02169507652e-06, 4.83819803776e-06, 4.04364618589e-06, 1.33092107717e-05, 1.38967689054e-05, 6.11217774349e-06, 5.18561137142e-06, 2.70993750746e-05, 7.66873417888e-05, 7.62208946981e-05, 8.81314699654e-05, 6.13115553278e-05, 6.94314294378e-05, 2.25316198339e-05, 1.79234411917e-05, 2.09816971619e-05, 2.72987417702e-05, 3.65519335901e-05, 2.06336771953e-05, 1.26038521557e-05, 2.06068648367e-06, 3.78933862066e-07, 9.99039926342e-08, 5.50497816221e-08, 1.25903920623e-09, 5.21047580082e-11],
        "min": [1.50193968373e-10, 1.0561007624e-09, 1.47414958018e-09, 1.73049330421e-09, 2.70272892955e-09, 3.35227512416e-10, 2.97307345409e-10, 6.48390369173e-11, 9.5497540431e-11, 3.58596034811e-11, 3.94040806928e-11, 4.06207532888e-11, 3.82024203938e-11, 1.74187539392e-11, 1.34858946926e-11, 1.79041243636e-11, 1.28490048462e-11, 1.12473268546e-11, 1.43370046737e-11, 1.00395065525e-11, 1.0253934854e-11, 8.21740245294e-12, 7.19466023216e-12, 6.82735855698e-12, 6.40391862802e-12, 6.26505748322e-12, 3.08120851967e-13],
        "skew": [7.43607807159, 12.0876407623, 16.5064029694, 6.40039396286, 5.28991365433, 8.03168392181, 4.39088201523, 11.9125289917, 24.8658008575, 13.8274412155, 17.6257801056, 10.491109848, 6.42631340027, 8.40260887146, 10.5657320023, 14.5746459961, 10.2528800964, 9.16122627258, 11.4245080948, 7.03219747543, 11.9209270477, 5.0780081749, 5.50135946274, 6.15306472778, 4.63993644714, 4.82117557526, 5.82060194016],
        "var": [2.97699842208e-12, 6.41188657724e-09, 1.96677998332e-08, 1.38662699101e-08, 1.21325876989e-06, 2.69487543392e-07, 2.37120474367e-08, 4.26584207958e-08, 1.28979181682e-05, 6.4331543399e-05, 0.000143118450069, 0.000211520207813, 0.000321415398503, 0.000525946321432, 1.85671456165e-06, 2.92470787144e-07, 8.47825674555e-07, 3.02242970065e-05, 3.20457729686e-06, 2.16155581256e-06, 1.69088639268e-06, 3.10079339982e-09, 7.12342754228e-11, 7.03127443422e-12, 3.37450076562e-12, 3.87981323907e-15, 3.49735809377e-18],
        "cov": [[2.98012547799e-12, 5.27851165555e-11, 8.75235994791e-11, 3.41555152217e-11, 4.70266992014e-10, 1.21534129982e-10, 5.77705626392e-11, 2.79444939411e-11, 8.37473701498e-11, -9.00488277694e-12, -1.20524501837e-11, -8.83147999176e-10, -5.4435761454e-10, -8.24554147183e-10, -3.71228985052e-11, 4.40700496929e-11, 5.08983653835e-11, 3.12331022156e-10, 2.4207509261e-11, -4.47013086269e-11, -3.18088992646e-11, 8.17858628044e-12, 7.83962142165e-13, 2.41386121161e-13, 2.57602126479e-13, 1.12372803323e-14, 1.29405471752e-16], [5.27851165555e-11, 6.4186216342e-09, 4.5504804369e-09, 1.92881666194e-09, 9.02889496501e-09, 2.40488207126e-09, 2.87535795174e-09, 1.46547174396e-09, 8.19883005931e-09, 9.89133575047e-09, 4.31933466771e-09, -2.58017927024e-08, -1.05712745224e-08, -2.02789856019e-08, -9.56198564772e-10, 1.50469270377e-09, 1.57538171397e-09, 6.13029413898e-08, 9.38502470182e-11, -8.0782203149e-10, 7.6639616875e-10, 2.63141869405e-10, 4.73301779713e-11, 2.47379425972e-11, 2.3247867173e-11, 9.33494492643e-13, 9.96917375447e-15], [8.75235994791e-11, 4.5504804369e-09, 1.96884588632e-08, 9.26379595256e-09, 4.42022276559e-08, 1.19535883414e-08, 7.34225169552e-09, 4.26295176936e-09, 4.23881232336e-08, 6.40923474293e-08, 5.4528975113e-08, -2.22611795664e-08, -2.03364081131e-08, 8.49011083659e-09, 1.69091951552e-09, 4.55388482479e-09, 5.18314369202e-09, 5.47392104977e-08, 1.96995397772e-08, 2.86081203171e-09, 1.81821913081e-09, 1.08934783416e-09, 1.13872182517e-10, 4.22403501066e-11, 3.82615848726e-11, 1.54423750263e-12, 1.79352382555e-14], [3.41555152217e-11, 1.92881666194e-09, 9.26379595256e-09, 1.3880835148e-08, 5.91447779641e-08, 9.59732471273e-09, 5.83338488624e-09, 5.54236390116e-09, 5.76707037681e-08, 1.12805381036e-07, 3.72772497315e-08, -1.4791257108e-09, 5.09433242257e-08, -6.34733083871e-08, 2.81296375082e-10, 5.69778624282e-09, 6.23815044065e-09, 4.96994907451e-08, 1.13468674456e-08, 7.6385697767e-09, 8.45000389105e-11, 1.36720135213e-09, 1.12278603082e-10, 6.5079212852e-11, 5.5373722968e-11, 2.05564688535e-12, 1.75425537811e-14], [4.70266992014e-10, 9.02889496501e-09, 4.42022276559e-08, 5.91447779641e-08, 1.21453319935e-06, 4.20411616631e-08, 4.12901179914e-08, 4.26625810235e-08, 2.33657928561e-07, 9.48937781686e-07, 5.0116705097e-07, -9.60460866395e-08, 2.92671325042e-06, -1.58881007906e-07, -1.68732210426e-08, 5.69062397204e-09, 2.85822867596e-08, 8.25501672352e-07, 1.31823130189e-08, 1.28493439888e-07, -7.18934733968e-09, 1.08981916824e-08, 7.16042281024e-10, 3.55564827581e-10, 2.83742057627e-10, 9.98644136135e-12, 1.95777367842e-13], [1.21534129982e-10, 2.40488207126e-09, 1.19535883414e-08, 9.59732471273e-09, 4.20411616631e-08, 2.69770623618e-07, 3.61698937468e-08, 2.30844197091e-08, 7.90346845747e-08, 1.95829699123e-07, 4.93537086754e-08, 6.43872155592e-08, 2.21818950763e-07, 8.93477874797e-07, 2.49055425172e-08, 2.74010698575e-08, 2.55914720526e-08, 2.38519987761e-07, 8.19576300159e-08, 2.33462493782e-08, 6.62855796918e-08, 7.72938069105e-09, 1.01562824817e-09, 4.02241240316e-10, 3.2437771913e-10, 1.16711137282e-11, 1.91893742107e-13], [5.77705626392e-11, 2.87535795174e-09, 7.34225169552e-09, 5.83338488624e-09, 4.12901179914e-08, 3.61698937468e-08, 2.37369555123e-08, 1.44571012939e-08, 6.57573906437e-08, 1.18475732336e-07, 4.10745997215e-08, 1.09197969778e-07, 2.48328518637e-07, 8.05968696227e-08, 6.02935745775e-09, 1.0465882383e-08, 1.1080534712e-08, 1.82108948366e-07, 4.70451340107e-08, 1.67159708298e-08, 8.66032134894e-09, 3.08768521862e-09, 3.78621300978e-10, 1.54737278546e-10, 1.22488269527e-10, 3.99598756862e-12, 7.00754829597e-14], [2.79444939411e-11, 1.46547174396e-09, 4.26295176936e-09, 5.54236390116e-09, 4.26625810235e-08, 2.30844197091e-08, 1.44571012939e-08, 4.27032311734e-08, 1.43677638675e-07, 1.77407784463e-07, 5.1394071221e-08, -3.51507267737e-08, 5.93401914273e-08, -3.96619341814e-08, 4.18411261194e-09, 6.7830616679e-09, 1.3262663856e-08, 1.48603334083e-07, 2.08554791215e-08, 9.87520021312e-09, 3.41391559466e-09, 1.9625097103e-09, 2.60166138633e-10, 1.24013174729e-10, 1.05954259255e-10, 3.70853217926e-12, 4.49023041243e-14], [8.37473701498e-11, 8.19883005931e-09, 4.23881232336e-08, 5.76707037681e-08, 2.33657928561e-07, 7.90346845747e-08, 6.57573906437e-08, 1.43677638675e-07, 1.29114669107e-05, 2.28133467317e-06, 5.23697814003e-08, -4.55874470617e-07, -1.14422050501e-06, -7.7341570659e-07, 1.33739119779e-09, 1.52060110281e-07, 7.95513770413e-08, -7.80654616506e-08, 7.76548390036e-08, 4.43199503763e-08, 8.35509972319e-09, 1.25547936491e-08, 1.96265848018e-09, 8.32608537671e-10, 8.38236646761e-10, 2.97937716165e-11, 2.33096067405e-13], [-9.00488277694e-12, 9.89133575047e-09, 6.40923474293e-08, 1.12805381036e-07, 9.48937781686e-07, 1.95829699123e-07, 1.18475732336e-07, 1.77407784463e-07, 2.28133467317e-06, 6.43991152174e-05, 7.88582110545e-06, -1.58863235811e-06, -4.4383336899e-06, -3.9586730054e-06, 1.17614348483e-07, 1.1911242126e-07, 3.3512274058e-06, 2.79233148603e-07, 3.00271580045e-07, 2.44165448748e-07, -1.94287053112e-09, 3.05263228029e-08, 3.5950393773e-09, 1.91729077059e-09, 1.38014910611e-09, 4.42452151306e-11, 3.26758346943e-12], [-1.20524501837e-11, 4.31933466771e-09, 5.4528975113e-08, 3.72772497315e-08, 5.0116705097e-07, 4.93537086754e-08, 4.10745997215e-08, 5.1394071221e-08, 5.23697814003e-08, 7.88582110545e-06, 0.000143268785905, 2.28534117923e-05, -4.90895581606e-06, -4.39445602751e-06, 6.49814140274e-08, 3.02774338934e-07, 1.82654304126e-07, 1.1213437574e-05, 3.20331059811e-06, -2.1323252497e-07, 5.9220650428e-07, 4.10088212277e-08, 8.29319191098e-09, 1.47849232857e-09, 1.3735511617e-09, 8.5213537615e-11, 3.36483662114e-12], [-8.83147999176e-10, -2.58017927024e-08, -2.22611795664e-08, -1.4791257108e-09, -9.60460866395e-08, 6.43872155592e-08, 1.09197969778e-07, -3.51507267737e-08, -4.55874470617e-07, -1.58863235811e-06, 2.28534117923e-05, 0.000211742386455, 1.00418092188e-05, -9.30614714889e-06, -3.46052644318e-07, 5.16581792454e-07, 1.13954479275e-06, -1.3973442492e-06, 1.39741596286e-05, 2.80023004962e-06, -2.29973466048e-07, 2.28653448175e-07, 4.90949148002e-09, 3.97628907578e-09, 1.36999878109e-09, 1.03679863306e-10, 5.23698098776e-12], [-5.4435761454e-10, -1.05712745224e-08, -2.03364081131e-08, 5.09433242257e-08, 2.92671325042e-06, 2.21818950763e-07, 2.48328518637e-07, 5.93401914273e-08, -1.14422050501e-06, -4.4383336899e-06, -4.90895581606e-06, 1.00418092188e-05, 0.000321753002936, 2.55608501902e-05, -5.55410963443e-07, -2.50342651498e-07, -1.05092738067e-07, 2.20657457248e-05, -7.85627349842e-08, 1.50631394717e-05, 2.58853378909e-06, 2.49561480814e-07, 4.14482883571e-08, 5.40190425724e-09, 7.45876871378e-09, 1.24548163449e-10, 9.48444708188e-12], [-8.24554147183e-10, -2.02789856019e-08, 8.49011083659e-09, -6.34733083871e-08, -1.58881007906e-07, 8.93477874797e-07, 8.05968696227e-08, -3.96619341814e-08, -7.7341570659e-07, -3.9586730054e-06, -4.39445602751e-06, -9.30614714889e-06, 2.55608501902e-05, 0.000526498770341, 6.53285178487e-06, -1.97483686293e-07, -4.64584360316e-07, 6.54237737763e-07, 1.23224244817e-05, 1.08585069825e-07, 2.50123557635e-05, 7.76440671757e-08, 7.94517092118e-08, 3.30071756593e-08, 9.8908570223e-09, 3.13187364931e-10, 2.23899336571e-11], [-3.71228985052e-11, -9.56198564772e-10, 1.69091951552e-09, 2.81296375082e-10, -1.68732210426e-08, 2.49055425172e-08, 6.02935745775e-09, 4.18411261194e-09, 1.33739119779e-09, 1.17614348483e-07, 6.49814140274e-08, -3.46052644318e-07, -5.55410963443e-07, 6.53285178487e-06, 1.85866485936e-06, 8.79743353721e-08, 1.79497135377e-07, 2.34008865618e-07, 1.98592402967e-07, -3.38755334894e-08, 2.3068827204e-07, 6.44810693728e-09, 2.81684608971e-09, 6.72835842597e-10, 2.79522627267e-10, 6.99765722798e-12, 4.52988449702e-13], [4.40700496929e-11, 1.50469270377e-09, 4.55388482479e-09, 5.69778624282e-09, 5.69062397204e-09, 2.74010698575e-08, 1.0465882383e-08, 6.7830616679e-09, 1.52060110281e-07, 1.1911242126e-07, 3.02774338934e-07, 5.16581792454e-07, -2.50342651498e-07, -1.97483686293e-07, 8.79743353721e-08, 2.92777997402e-07, 1.17075167338e-07, 5.80300110187e-08, 1.17006365485e-07, 2.95527691208e-09, 2.30422125824e-09, 4.08985512124e-09, 6.19927831291e-10, 1.82796569548e-10, 1.52913376406e-10, 4.74592413979e-12, 5.96302317962e-14], [5.08983653835e-11, 1.57538171397e-09, 5.18314369202e-09, 6.23815044065e-09, 2.85822867596e-08, 2.55914720526e-08, 1.1080534712e-08, 1.3262663856e-08, 7.95513770413e-08, 3.3512274058e-06, 1.82654304126e-07, 1.13954479275e-06, -1.05092738067e-07, -4.64584360316e-07, 1.79497135377e-07, 1.17075167338e-07, 8.48716240398e-07, 2.00783989435e-09, 1.12181922418e-07, 4.14786818226e-08, 1.41529865605e-09, 6.39326680485e-09, 7.95752908012e-10, 2.81708406602e-10, 1.59934954169e-10, 4.17661088006e-12, 2.51286486194e-13], [3.12331022156e-10, 6.13029413898e-08, 5.47392104977e-08, 4.96994907451e-08, 8.25501672352e-07, 2.38519987761e-07, 1.82108948366e-07, 1.48603334083e-07, -7.80654616506e-08, 2.79233148603e-07, 1.1213437574e-05, -1.3973442492e-06, 2.20657457248e-05, 6.54237737763e-07, 2.34008865618e-07, 5.80300110187e-08, 2.00783989435e-09, 3.02560456475e-05, 1.60516606229e-07, 1.26656300381e-06, 2.82047921019e-07, 6.75531950378e-08, 4.81342432579e-09, 1.54637336269e-09, 1.25193977407e-09, 3.4664712073e-11, 1.39099083814e-12], [2.4207509261e-11, 9.38502470182e-11, 1.96995397772e-08, 1.13468674456e-08, 1.31823130189e-08, 8.19576300159e-08, 4.70451340107e-08, 2.08554791215e-08, 7.76548390036e-08, 3.00271580045e-07, 3.20331059811e-06, 1.39741596286e-05, -7.85627349842e-08, 1.23224244817e-05, 1.98592402967e-07, 1.17006365485e-07, 1.12181922418e-07, 1.60516606229e-07, 3.20794356412e-06, 3.14927177669e-07, 5.65727475532e-07, 4.31028617243e-08, 4.72022287923e-09, 1.72715119984e-09, 6.48306963669e-10, 2.74804831668e-11, 9.50718670456e-13], [-4.47013086269e-11, -8.0782203149e-10, 2.86081203171e-09, 7.6385697767e-09, 1.28493439888e-07, 2.33462493782e-08, 1.67159708298e-08, 9.87520021312e-09, 4.43199503763e-08, 2.44165448748e-07, -2.1323252497e-07, 2.80023004962e-06, 1.50631394717e-05, 1.08585069825e-07, -3.38755334894e-08, 2.95527691208e-09, 4.14786818226e-08, 1.26656300381e-06, 3.14927177669e-07, 2.16382636609e-06, 6.10337238527e-08, 3.83686291627e-08, 3.69027208791e-09, 6.58051502178e-10, 7.89208254304e-10, 1.9034135379e-11, 6.50782162534e-13], [-3.18088992646e-11, 7.6639616875e-10, 1.81821913081e-09, 8.45000389105e-11, -7.18934733968e-09, 6.62855796918e-08, 8.66032134894e-09, 3.41391559466e-09, 8.35509972319e-09, -1.94287053112e-09, 5.9220650428e-07, -2.29973466048e-07, 2.58853378909e-06, 2.50123557635e-05, 2.3068827204e-07, 2.30422125824e-09, 1.41529865605e-09, 2.82047921019e-07, 5.65727475532e-07, 6.10337238527e-08, 1.69266252215e-06, 1.00695869421e-08, 4.37799974051e-09, 1.85021320487e-09, 6.98929747411e-10, 2.41456212663e-11, 1.03553548115e-12], [8.17858628044e-12, 2.63141869405e-10, 1.08934783416e-09, 1.36720135213e-09, 1.08981916824e-08, 7.72938069105e-09, 3.08768521862e-09, 1.9625097103e-09, 1.25547936491e-08, 3.05263228029e-08, 4.10088212277e-08, 2.28653448175e-07, 2.49561480814e-07, 7.76440671757e-08, 6.44810693728e-09, 4.08985512124e-09, 6.39326680485e-09, 6.75531950378e-08, 4.31028617243e-08, 3.83686291627e-08, 1.00695869421e-08, 3.10405057213e-09, 1.89136387108e-10, 6.49464995672e-11, 5.12232374572e-11, 1.70981013636e-12, 2.48368101937e-14], [7.83962142165e-13, 4.73301779713e-11, 1.13872182517e-10, 1.12278603082e-10, 7.16042281024e-10, 1.01562824817e-09, 3.78621300978e-10, 2.60166138633e-10, 1.96265848018e-09, 3.5950393773e-09, 8.29319191098e-09, 4.90949148002e-09, 4.14482883571e-08, 7.94517092118e-08, 2.81684608971e-09, 6.19927831291e-10, 7.95752908012e-10, 4.81342432579e-09, 4.72022287923e-09, 3.69027208791e-09, 4.37799974051e-09, 1.89136387108e-10, 7.13090975157e-11, 1.65286083431e-11, 9.79302576531e-12, 2.94110710179e-13, 7.15461201975e-15], [2.41386121161e-13, 2.47379425972e-11, 4.22403501066e-11, 6.5079212852e-11, 3.55564827581e-10, 4.02241240316e-10, 1.54737278546e-10, 1.24013174729e-10, 8.32608537671e-10, 1.91729077059e-09, 1.47849232857e-09, 3.97628907578e-09, 5.40190425724e-09, 3.30071756593e-08, 6.72835842597e-10, 1.82796569548e-10, 2.81708406602e-10, 1.54637336269e-09, 1.72715119984e-09, 6.58051502178e-10, 1.85021320487e-09, 6.49464995672e-11, 1.65286083431e-11, 7.03866001941e-12, 3.6389420123e-12, 1.25431932094e-13, 2.78299514611e-15], [2.57602126479e-13, 2.3247867173e-11, 3.82615848726e-11, 5.5373722968e-11, 2.83742057627e-10, 3.2437771913e-10, 1.22488269527e-10, 1.05954259255e-10, 8.38236646761e-10, 1.38014910611e-09, 1.3735511617e-09, 1.36999878109e-09, 7.45876871378e-09, 9.8908570223e-09, 2.79522627267e-10, 1.52913376406e-10, 1.59934954169e-10, 1.25193977407e-09, 6.48306963669e-10, 7.89208254304e-10, 6.98929747411e-10, 5.12232374572e-11, 9.79302576531e-12, 3.6389420123e-12, 3.37804545621e-12, 9.72603887619e-14, 1.53322217288e-15], [1.12372803323e-14, 9.33494492643e-13, 1.54423750263e-12, 2.05564688535e-12, 9.98644136135e-12, 1.16711137282e-11, 3.99598756862e-12, 3.70853217926e-12, 2.97937716165e-11, 4.42452151306e-11, 8.5213537615e-11, 1.03679863306e-10, 1.24548163449e-10, 3.13187364931e-10, 6.99765722798e-12, 4.74592413979e-12, 4.17661088006e-12, 3.4664712073e-11, 2.74804831668e-11, 1.9034135379e-11, 2.41456212663e-11, 1.70981013636e-12, 2.94110710179e-13, 1.25431932094e-13, 9.72603887619e-14, 3.8838887381e-15, 5.05990814387e-17], [1.29405471752e-16, 9.96917375447e-15, 1.79352382555e-14, 1.75425537811e-14, 1.95777367842e-13, 1.91893742107e-13, 7.00754829597e-14, 4.49023041243e-14, 2.33096067405e-13, 3.26758346943e-12, 3.36483662114e-12, 5.23698098776e-12, 9.48444708188e-12, 2.23899336571e-11, 4.52988449702e-13, 5.96302317962e-14, 2.51286486194e-13, 1.39099083814e-12, 9.50718670456e-13, 6.50782162534e-13, 1.03553548115e-12, 2.48368101937e-14, 7.15461201975e-15, 2.78299514611e-15, 1.53322217288e-15, 5.05990814387e-17, 3.50103160287e-18]]
    },
    "mfcc": {
        "kurt": [-1.26639342308, 4.99682807922, 0.224807977676, -0.0205104351044, -0.546651363373, 0.408038854599, -0.100373506546, 0.490119218826, -0.187063455582, -0.427217483521, -0.185013532639, 0.0962100028992, 0.336897850037],
        "max": [-588.104125977, 217.045776367, 56.1576271057, 45.9854850769, 47.2836341858, 52.6444702148, 60.6159934998, 42.1886253357, 28.4337501526, 21.9527301788, 39.5471916199, 31.1783790588, 41.4627571106],
        "mean": [-796.686889648, 118.399543762, -68.5772857666, 9.44128036499, -16.6479129791, 8.35970687866, 20.2178668976, -3.08750557899, -6.07604408264, -7.69985532761, -1.69348728657, -5.29796409607, -9.74672698975],
        "median": [-794.010314941, 120.589805603, -73.7760620117, 10.2208366394, -20.5537261963, 8.18909454346, 20.3064613342, -1.24111175537, -5.60123443604, -6.78563690186, -2.29190444946, -5.17952728271, -7.69415092468],
        "min": [-1138.42004395, 1.14440917969e-05, -148.316146851, -31.5842666626, -68.0570220947, -42.6446990967, -19.3258361816, -56.7413139343, -62.484085083, -62.3536453247, -33.9610519409, -41.8337593079, -65.4697418213],
        "skew": [-0.0927058979869, -1.0264172554, 0.602029025555, -0.156569302082, 0.390894800425, 0.0426019690931, 0.010716333054, -0.493997752666, -0.34342956543, -0.300497621298, 0.247526466846, 0.0569859929383, -0.426193743944],
        "var": [12841.6035156, 371.326782227, 803.007629395, 169.668014526, 365.549987793, 196.553451538, 177.917007446, 258.653594971, 228.004440308, 202.561340332, 178.34828186, 137.286071777, 279.264587402],
        "cov": [[12855.0927734, -353.105621338, -2073.05102539, 779.415100098, -1650.77478027, -267.404815674, -684.672058105, -727.293395996, -651.502868652, -854.91229248, -149.360397339, -263.408599854, -334.978424072], [-353.105621338, 371.71685791, 109.934394836, -25.0321292877, 57.7051811218, -11.9754686356, 37.9620132446, 77.6475601196, 82.0903701782, 6.18653440475, -45.694393158, -23.2440013885, 42.7949333191], [-2073.05102539, 109.934394836, 803.851074219, -85.4141693115, 381.92590332, -9.31985569, 43.8593597412, 139.514343262, 126.042724609, 204.7212677, 57.3096733093, 61.2900505066, 48.5468864441], [779.415100098, -25.0321292877, -85.4141693115, 169.846237183, -62.2667274475, 1.31200313568, -34.9275817871, -64.2556152344, -37.2670478821, -33.1789131165, 31.6772880554, -23.7252998352, -86.0431060791], [-1650.77478027, 57.7051811218, 381.92590332, -62.2667274475, 365.933959961, 88.2484207153, 89.8413925171, 89.3996810913, 52.3505935669, 133.460342407, 67.8304824829, 57.4067344666, 22.663526535], [-267.404815674, -11.9754686356, -9.31985569, 1.31200313568, 88.2484207153, 196.759918213, 84.0446548462, -68.9304504395, -74.4266891479, 30.1393527985, 77.4480895996, 40.3177871704, -42.0609741211], [-684.672058105, 37.9620132446, 43.8593597412, -34.9275817871, 89.8413925171, 84.0446548462, 178.103897095, 63.1423492432, -0.295115053654, 23.6224822998, 17.0636768341, 46.7499542236, 11.7915182114], [-727.293395996, 77.6475601196, 139.514343262, -64.2556152344, 89.3996810913, -68.9304504395, 63.1423492432, 258.925292969, 138.353637695, -17.6354160309, -94.207824707, 4.4627161026, 129.508132935], [-651.502868652, 82.0903701782, 126.042724609, -37.2670478821, 52.3505935669, -74.4266891479, -0.295115053654, 138.353637695, 228.243942261, 78.733833313, -79.4162445068, -51.0326499939, 46.9114952087], [-854.91229248, 6.18653440475, 204.7212677, -33.1789131165, 133.460342407, 30.1393527985, 23.6224822998, -17.6354160309, 78.733833313, 202.774108887, 85.6519927979, -15.3237094879, -61.6968154907], [-149.360397339, -45.694393158, 57.3096733093, 31.6772880554, 67.8304824829, 77.4480895996, 17.0636768341, -94.207824707, -79.4162445068, 85.6519927979, 178.535614014, 46.9007072449, -113.241889954], [-263.408599854, -23.2440013885, 61.2900505066, -23.7252998352, 57.4067344666, 40.3177871704, 46.7499542236, 4.4627161026, -51.0326499939, -15.3237094879, 46.9007072449, 137.430282593, 48.677318573], [-334.978424072, 42.7949333191, 48.5468864441, -86.0431060791, 22.663526535, -42.0609741211, 11.7915182114, 129.508132935, 46.9114952087, -61.6968154907, -113.241889954, 48.677318573, 279.557922363]]
    },
    "sccoeffs": {
        "kurt": [0.846245765686, 0.627231359482, 3.68952226639, 0.48798251152, 0.300099849701, 4.78096294403],
        "max": [-0.402114212513, -0.575892806053, -0.249628573656, -0.247097417712, -0.514948189259, -0.535246372223],
        "mean": [-0.739712834358, -0.813459932804, -0.77294665575, -0.719056546688, -0.785633385181, -0.759569346905],
        "median": [-0.758043169975, -0.814571082592, -0.801315307617, -0.761819601059, -0.80506426096, -0.766215443611],
        "min": [-0.931323468685, -0.933210551739, -0.921782016754, -0.931288897991, -0.933153629303, -0.933850228786],
        "skew": [0.981573879719, 0.584419071674, 1.65535283089, 1.09009194374, 0.951780498028, 1.55904889107],
        "var": [0.00931139104068, 0.00286520342343, 0.0104382243007, 0.0159113258123, 0.00568648520857, 0.0018447781913],
        "cov": [[0.00932117179036, 0.00144796376117, 0.00209778640419, 0.00340389087796, 0.00167508493178, 0.000391941895941], [0.00144796376117, 0.00286821299233, 0.000807885546237, 0.00172614457551, 0.0010028941324, 0.000440044765128], [0.00209778640419, 0.000807885546237, 0.0104491887614, -0.00087492831517, 0.00236976263113, 0.00028172697057], [0.00340389087796, 0.00172614457551, -0.00087492831517, 0.0159280393273, 0.0060739624314, 0.00297126523219], [0.00167508493178, 0.0010028941324, 0.00236976263113, 0.0060739624314, 0.0056924582459, 0.00170357513707], [0.000391941895941, 0.000440044765128, 0.00028172697057, 0.00297126523219, 0.00170357513707, 0.00184671592433]]
    },
    "scvalleys": {
        "kurt": [1.04735803604, -0.738823413849, 0.529106616974, 0.179437398911, -0.531431913376, -1.16563379765],
        "max": [-4.999106884, -4.96046304703, -3.88615131378, -5.5559630394, -5.88388729095, -8.34605312347],
        "mean": [-7.75797605515, -7.50638628006, -6.85467815399, -7.52734661102, -8.23389148712, -11.2041397095],
        "median": [-7.8403635025, -7.64420557022, -6.65651702881, -7.36351108551, -8.09656238556, -10.959233284],
        "min": [-11.2361135483, -12.82259655, -13.5931367874, -14.186170578, -14.8390808105, -15.6440763474],
        "skew": [0.584135770798, 0.112944625318, -0.488738536835, -0.536783993244, -0.30710875988, -0.267822355032],
        "var": [0.509311258793, 1.35135602951, 1.16023910046, 1.2023806572, 1.58833992481, 2.66570234299],
        "cov": [[0.509846270084, 0.590328276157, 0.521965742111, 0.53593814373, 0.614818692207, 0.785303533077], [0.590328276157, 1.35277545452, 1.10398137569, 1.14649903774, 1.34295415878, 1.71837890148], [0.521965742111, 1.10398137569, 1.16145789623, 1.11500453949, 1.27952468395, 1.59887051582], [0.53593814373, 1.14649903774, 1.11500453949, 1.20364367962, 1.3335249424, 1.68461441994], [0.614818692207, 1.34295415878, 1.27952468395, 1.3335249424, 1.59000837803, 2.00568199158], [0.785303533077, 1.71837890148, 1.59887051582, 1.68461441994, 2.00568199158, 2.66850233078]]
    }
},
"rhythm": {
    "beats_loudness": {
        "kurt": 10.6634683609,
        "max": 0.273142009974,
        "mean": 0.0256149880588,
        "median": 0.00329912127927,
        "min": 2.52376903518e-05,
        "skew": 3.25547838211,
        "var": 0.00319979083724
    },
    "bpm": 165.550964355,
    "confidence": 0.428148806095,
    "first_peak_bpm": {
        "kurt": 0,
        "max": 167,
        "mean": 167,
        "median": 167,
        "min": 167,
        "skew": 0,
        "var": 0
    },
    "first_peak_spread": {
        "kurt": 0,
        "max": 0,
        "mean": 0,
        "median": 0,
        "min": 0,
        "skew": 0,
        "var": 0
    },
    "first_peak_weight": {
        "kurt": 0,
        "max": 0.140000000596,
        "mean": 0.140000000596,
        "median": 0.140000000596,
        "min": 0.140000000596,
        "skew": 0,
        "var": 0
    },
    "onset_rate": 2.03744077682,
    "second_peak_bpm": {
        "kurt": 0,
        "max": 123,
        "mean": 123,
        "median": 123,
        "min": 123,
        "skew": 0,
        "var": 0
    },
    "second_peak_spread": {
        "kurt": 0,
        "max": 0.142857193947,
        "mean": 0.142857193947,
        "median": 0.142857193947,
        "min": 0.142857193947,
        "skew": 0,
        "var": 0
    },
    "second_peak_weight": {
        "kurt": 0,
        "max": 0.119999997318,
        "mean": 0.119999997318,
        "median": 0.119999997318,
        "min": 0.119999997318,
        "skew": 0,
        "var": 0
    },
    "beats_loudness_band_ratio": {
        "kurt": [6.67154693604, 7.46671199799, 2.58279752731, -1.15569865704, -0.159514665604, 1.06621599197],
        "max": [0.658692002296, 0.302941828966, 0.348556190729, 0.977440714836, 0.98583561182, 0.339431494474],
        "mean": [0.0759299397469, 0.0414149351418, 0.0636596232653, 0.480163693428, 0.289636284113, 0.0868225768209],
        "median": [0.0130615020171, 0.0174228679389, 0.0294482670724, 0.457346856594, 0.152721837163, 0.0584106743336],
        "min": [4.17167393607e-05, 0.000166332582012, 9.15278651519e-05, 0.0063619245775, 0.00617304863408, 0.00229742587544],
        "skew": [2.73734974861, 2.61294865608, 1.80175018311, 0.00615439750254, 1.04305827618, 1.21725177765],
        "var": [0.0234398078173, 0.00334569555707, 0.00681360810995, 0.0837005376816, 0.077400572598, 0.00651276856661],
        "cov": [[0.0239086039364, -0.0004762931203, 0.00225054170005, -0.0115223964676, -0.0123901395127, -0.00262478529476], [-0.0004762931203, 0.00341260945424, 0.00124065135606, -0.000892365642358, -0.00327839818783, -0.000223271374125], [0.00225054170005, 0.00124065135606, 0.00694988016039, -0.0025057354942, -0.0079210633412, -0.000213023347897], [-0.0115223964676, -0.000892365642358, -0.0025057354942, 0.0853745490313, -0.0603279881179, -0.0113356802613], [-0.0123901395127, -0.00327839818783, -0.0079210633412, -0.0603279881179, 0.0789485871792, 0.00930659752339], [-0.00262478529476, -0.000223271374125, -0.000213023347897, -0.0113356802613, 0.00930659752339, 0.00664302427322]]
    },
    "beats_position": [0.371519267559, 0.731428563595, 1.06811785698, 1.4164172411, 1.764716506, 2.11301589012, 2.46131515503, 2.83283448219, 3.19274377823, 3.55265307426, 3.9125623703, 4.27247142792, 4.62077093124, 4.99229001999, 5.35219955444, 5.6888885498, 6.025578022, 6.40870714188, 6.7570066452, 7.11691617966, 7.5464849472, 7.97605419159, 8.44045352936, 8.87002277374, 9.35764122009, 9.84526062012, 10.3328800201, 10.8204984665, 11.3081178665, 11.7957363129, 12.2369155884, 12.7013149261, 13.1424942017, 13.5488433838, 13.9551925659, 14.3499317169, 14.756280899, 15.1742401123, 15.6038093567, 16.0449886322, 16.50938797, 16.9737873077, 17.4381847382, 17.9490242004, 18.5063037872, 19.0171432495, 19.5279808044, 20.0504302979, 20.549659729, 21.0140590668, 21.5248966217],
    "bpm_estimates": [166.70866394, 161.49899292, 166.70866394, 166.70866394, 166.70866394, 166.708786011, 161.499099731, 166.708557129, 166.708557129],
    "bpm_intervals": [0.359909296036, 0.336689293385, 0.348299384117, 0.348299264908, 0.348299384117, 0.348299264908, 0.371519327164, 0.359909296036, 0.359909296036, 0.359909296036, 0.359909057617, 0.348299503326, 0.371519088745, 0.359909534454, 0.336688995361, 0.336689472198, 0.383129119873, 0.348299503326, 0.359909534454, 0.429568767548, 0.429569244385, 0.464399337769, 0.429569244385, 0.48761844635, 0.487619400024, 0.487619400024, 0.48761844635, 0.487619400024, 0.48761844635, 0.441179275513, 0.464399337769, 0.441179275513, 0.406349182129, 0.406349182129, 0.394739151001, 0.406349182129, 0.417959213257, 0.429569244385, 0.441179275513, 0.464399337769, 0.464399337769, 0.46439743042, 0.51083946228, 0.557279586792, 0.51083946228, 0.510837554932, 0.522449493408, 0.499229431152, 0.464399337769, 0.510837554932],
    "onset_times": [2.17106580734, 2.53097510338, 2.68190479279, 2.77478456497, 2.85605430603, 3.22757363319, 3.49460315704, 3.58748292923, 3.85451245308, 3.93578219414, 4.21442174911, 4.29569149017, 4.56272125244, 4.65560102463, 4.92263031006, 5.01551008224, 5.25931978226, 5.3754196167, 5.64244890213, 5.72371864319, 7.79029464722, 9.38086128235, 9.50857162476, 9.57823085785, 9.84526062012, 10.0078001022, 10.0890703201, 10.3561000824, 11.3429479599, 11.6099777222, 11.8653964996, 12.0047168732, 12.7245349884, 13.084444046, 14.0829029083, 14.3847618103, 15.3599996567, 15.6270294189, 15.6850795746, 16.0682086945, 17.786485672, 17.9374141693, 18.1347846985, 20.3987293243, 22.035736084],
    "histogram": [[0, 0, 0, 0, 0, 0, 0, 0, 0, 0, 0, 0, 0, 0, 0, 0, 0, 0, 0, 0, 0, 0, 0, 0, 0, 0, 0, 0, 0, 0, 0, 0, 0, 0, 0, 0, 0, 0, 0, 0, 0, 0, 0, 0, 0, 0, 0, 0, 0, 0, 0, 0, 0, 0, 0, 0, 0, 0, 0, 0, 0, 0, 0, 0, 0, 0, 0, 0, 0, 0, 0, 0, 0, 0, 0, 0, 0, 0, 0, 0, 0, 0, 0, 0, 0, 0, 0, 0, 0, 0, 0, 0, 0, 0, 0, 0, 0, 0, 0, 0, 0, 0, 0, 0, 0, 0, 0, 0, 0.019999999553, 0, 0, 0, 0, 0, 0, 0.019999999553, 0, 0.0799999982119, 0, 0, 0.019999999553, 0, 0, 0.119999997318, 0, 0, 0, 0, 0, 0.119999997318, 0, 0, 0, 0, 0, 0, 0.0599999986589, 0, 0, 0, 0.0799999982119, 0, 0, 0, 0.019999999553, 0, 0, 0, 0.0599999986589, 0, 0, 0, 0.019999999553, 0, 0, 0, 0, 0.019999999553, 0, 0, 0, 0.0399999991059, 0, 0, 0, 0, 0, 0.140000000596, 0, 0, 0, 0, 0.119999997318, 0, 0, 0, 0, 0, 0.0599999986589, 0, 0, 0, 0, 0, 0, 0, 0, 0, 0, 0, 0, 0, 0, 0, 0, 0, 0, 0, 0, 0, 0, 0, 0, 0, 0, 0, 0, 0, 0, 0, 0, 0, 0, 0, 0, 0, 0, 0, 0, 0, 0, 0, 0, 0, 0, 0, 0, 0, 0, 0, 0, 0, 0, 0, 0, 0, 0, 0, 0, 0, 0, 0, 0, 0, 0, 0, 0, 0, 0, 0]]
},
"sfx": {
    "inharmonicity": {
        "kurt": 2.7678771019,
        "max": 0.457203775644,
        "mean": 0.0592678897083,
        "median": 0.00832438841462,
        "min": 9.88204988062e-07,
        "skew": 1.86103761196,
        "var": 0.00890260562301
    },
    "oddtoevenharmonicenergyratio": {
        "kurt": 460.412445068,
        "max": 1007.55279541,
        "mean": 3.81629347801,
        "median": 0.11922326684,
        "min": 7.94693332864e-05,
        "skew": 20.2842388153,
        "var": 1602.34143066
    },
    "pitch_after_max_to_before_max_energy_ratio": 0.945900380611,
    "pitch_centroid": 442.952545166,
    "pitch_max_to_total": 0.455403983593,
    "pitch_min_to_total": 0.00734522566199,
    "tristimulus": {
        "kurt": [-1.41395437717, -0.535100698471, 0.895523786545],
        "max": [0.972813904285, 0.916465759277, 1],
        "mean": [0.46376106143, 0.369610875845, 0.166628494859],
        "median": [0.511214375496, 0.341607302427, 0.0428254529834],
        "min": [0, 0, 0],
        "skew": [-0.164694085717, 0.479330837727, 1.41159129143],
        "var": [0.0901966243982, 0.0381374210119, 0.0549518242478],
        "cov": [[0.0902913659811, -0.0367297120392, -0.0535617284477], [-0.0367297120392, 0.0381774827838, -0.00144777016249], [-0.0535617284477, -0.00144777016249, 0.0550095438957]]
    }
},
"tonal": {
    "chords_changes_rate": 0.127882599831,
    "chords_number_rate": 0.0356394127011,
    "chords_strength": {
        "kurt": -0.150729417801,
        "max": 0.718327403069,
        "mean": 0.436619281769,
        "median": 0.422910630703,
        "min": 0.262555837631,
