{
"metadata": {
    "version": {
        "essentia": "2.1-beta3"
    }
},
"lowLevel": {
    "average_loudness": 0.855297684669,
    "barkbands_kurtosis": {
        "kurt": 2.27872085571,
        "max": 521.844970703,
        "mean": 96.6872787476,
        "median": 44.8863945007,
        "min": 1.18502521515,
        "skew": 1.6748957634,
        "var": 15017.8857422
    },
    "barkbands_skewness": {
        "kurt": 0.01704621315,
        "max": 21.733581543,
        "mean": 6.57999420166,
        "median": 5.11967992783,
        "min": 0.798233091831,
        "skew": 0.97601044178,
        "var": 28.7551498413
    },
    "barkbands_spread": {
        "kurt": 7.66669464111,
        "max": 14.1768836975,
        "mean": 2.12379598618,
        "median": 1.08401930332,
        "min": 0.123080521822,
        "skew": 2.5127863884,
        "var": 6.8645529747
    },
    "dissonance": {
        "kurt": -0.946709156036,
        "max": 0.499998629093,
        "mean": 0.376676738262,
        "median": 0.398528456688,
        "min": 0.124263159931,
        "skew": -0.600862383842,
        "var": 0.0129466727376
    },
    "hfc": {
        "kurt": 0.856336832047,
        "max": 79.7468338013,
        "mean": 15.1375179291,
        "median": 3.42928719521,
        "min": 0.00902595091611,
        "skew": 1.36882960796,
        "var": 429.077270508
    },
    "pitch": {
        "kurt": 1.45917654037,
        "max": 748.710632324,
        "mean": 623.09197998,
        "median": 698.755004883,
        "min": 184.078353882,
        "skew": -1.61158573627,
        "var": 23805.5488281
    },
    "pitch_instantaneous_confidence": {
        "kurt": -0.319160938263,
        "max": 0.982154250145,
        "mean": 0.794510900974,
        "median": 0.921849668026,
        "min": 0.217329144478,
        "skew": -1.03239691257,
        "var": 0.0496836267412
    },
    "pitch_salience": {
        "kurt": -1.36415541172,
        "max": 0.860967338085,
        "mean": 0.425089299679,
        "median": 0.391582220793,
        "min": 0.041929949075,
        "skew": 0.126127585769,
        "var": 0.0540029220283
    },
    "silence_rate_20dB": {
        "kurt": 0,
        "max": 1,
        "mean": 1,
        "median": 1,
        "min": 1,
        "skew": 0,
        "var": 0
    },
    "silence_rate_30dB": {
        "kurt": 88.0106735229,
        "max": 1,
        "mean": 0.989247322083,
        "median": 1,
        "min": 0,
        "skew": -9.48739051819,
        "var": 0.0106370756403
    },
    "silence_rate_60dB": {
        "kurt": -1.96218323708,
        "max": 1,
        "mean": 0.451612889767,
        "median": 0,
        "min": 0,
        "skew": 0.194461494684,
        "var": 0.247658476233
    },
    "spectral_centroid": {
        "kurt": 0.218519687653,
        "max": 910.057434082,
        "mean": 686.612609863,
        "median": 705.059204102,
        "min": 495.67779541,
        "skew": 0.0731642618775,
        "var": 6314.21630859
    },
    "spectral_complexity": {
        "kurt": -0.615006923676,
        "max": 6,
        "mean": 2.02150535583,
        "median": 2,
        "min": 0,
        "skew": 0.387761771679,
        "var": 2.23609638214
    },
    "spectral_crest": {
        "kurt": -0.562702417374,
        "max": 26.8882064819,
        "mean": 20.155790329,
        "median": 21.8133411407,
        "min": 5.7168431282,
        "skew": -0.788378596306,
        "var": 37.1892127991
    },
    "spectral_decrease": {
        "kurt": 0.652654409409,
        "max": -3.38584217087e-12,
        "mean": -5.6174611629e-09,
        "median": -1.2476757405e-09,
        "min": -2.84578298704e-08,
        "skew": -1.30539047718,
        "var": 5.76433449177e-17
    },
    "spectral_energy": {
        "kurt": 0.654718160629,
        "max": 0.113486029208,
        "mean": 0.022574627772,
        "median": 0.0050367647782,
        "min": 1.35976106321e-05,
        "skew": 1.30725371838,
        "var": 0.000931727525312
    },
    "spectral_energyband_high": {
        "kurt": 31.5188407898,
        "max": 6.02819272899e-06,
        "mean": 3.50951893324e-07,
        "median": 4.16145091719e-08,
        "min": 7.44403294561e-09,
        "skew": 4.91900444031,
        "var": 5.76677919827e-13
    },
    "spectral_energyband_low": {
        "kurt": 19.0316009521,
        "max": 1.90857718962e-07,
        "mean": 1.27686528018e-08,
        "median": 1.46765388731e-09,
        "min": 6.27081025995e-11,
        "skew": 4.0779042244,
        "var": 8.17234857565e-16
    },
    "spectral_energyband_middle_high": {
        "kurt": 2.51866531372,
        "max": 0.00067295745248,
        "mean": 0.000124624202726,
        "median": 9.36762444326e-05,
        "min": 2.16126113628e-06,
        "skew": 1.29610157013,
        "var": 1.51865719999e-08
    },
    "spectral_energyband_middle_low": {
        "kurt": 0.667054891586,
        "max": 0.113344490528,
        "mean": 0.022461714223,
        "median": 0.00494167627767,
        "min": 1.16996698125e-05,
        "skew": 1.31114602089,
        "var": 0.00092660629889
    },
    "spectral_flatness_db": {
        "kurt": -0.684579133987,
        "max": 0.743013620377,
        "mean": 0.491314679384,
        "median": 0.509982049465,
        "min": 0.182540476322,
        "skew": -0.219603270292,
        "var": 0.012284098193
    },
    "spectral_flux": {
        "kurt": 0.0222160816193,
        "max": 0.179280504584,
        "mean": 0.0485471189022,
        "median": 0.0358773656189,
        "min": 0.00413143774495,
        "skew": 0.92331880331,
        "var": 0.001966109965
    },
    "spectral_kurtosis": {
        "kurt": 3.33275985718,
        "max": 297.889099121,
        "mean": 78.3553390503,
        "median": 75.4040222168,
        "min": 10.1377906799,
        "skew": 1.31356275082,
        "var": 2391.16186523
    },
    "spectral_rms": {
        "kurt": -1.0125336647,
        "max": 0.0105222659186,
        "mean": 0.00340236839838,
        "median": 0.00221673562191,
        "min": 0.000115177957923,
        "skew": 0.642414391041,
        "var": 1.04479040601e-05
    },
    "spectral_rolloff": {
        "kurt": 13.5193920135,
        "max": 1313.52539062,
        "mean": 727.498413086,
        "median": 753.662109375,
        "min": 559.86328125,
        "skew": 2.21299314499,
        "var": 9182.328125
    },
    "spectral_skewness": {
        "kurt": 0.365076780319,
        "max": 14.9211845398,
        "mean": 6.32018232346,
        "median": 6.19597005844,
        "min": 2.22303366661,
        "skew": 0.581668257713,
        "var": 5.94730377197
    },
    "spectral_spread": {
        "kurt": 70.4242019653,
        "max": 12592447,
        "mean": 1337390.5,
        "median": 1178326.75,
        "min": 420754.09375,
        "skew": 8.07948875427,
        "var": 1.53354122035e+12
    },
    "spectral_strongpeak": {
        "kurt": 0.031165599823,
        "max": 9.20534706116,
        "mean": 2.23311185837,
        "median": 1.46676003933,
        "min": 0.00537355896086,
        "skew": 1.09458041191,
        "var": 6.39482545853
    },
    "zerocrossingrate": {
        "kurt": 4.62037801743,
        "max": 0.05908203125,
        "mean": 0.0323578193784,
        "median": 0.03271484375,
        "min": 0.0126953125,
        "skew": 0.659812808037,
        "var": 3.74196133635e-05
    },
    "barkbands": {
        "kurt": [16.9728393555, 16.9925670624, 17.2983760834, 4.53380918503, 3.93417024612, 8.0935087204, 58.3914527893, 23.7799739838, 1.93634605408, 15.6115398407, 5.96362495422, 10.7780866623, 8.72412109375, 10.5857524872, 7.3240146637, 2.63708591461, 0.160942316055, 2.06080627441, 4.58599185944, 10.9170837402, 80.4746170044, 1.86591434479, 7.33253955841, 5.82562351227, 8.96279430389, 8.99427509308, 8.99913024902],
        "max": [4.79431783162e-08, 7.3678421586e-08, 5.16362916869e-08, 1.39803702837e-07, 3.43213796441e-05, 0.0002023838897, 0.000602865824476, 0.108794167638, 0.108850970864, 0.00304735428654, 1.75139484782e-05, 5.18081033078e-05, 1.80126844498e-05, 3.22705964209e-05, 0.000298943952657, 0.000249035307206, 2.36739560933e-06, 8.17738618935e-05, 9.86837258097e-05, 2.38453940256e-05, 5.62123341297e-06, 1.47867513789e-08, 8.57186766012e-09, 8.16799694547e-09, 7.69622854335e-09, 7.51159134893e-09, 8.01214561363e-09],
        "mean": [3.1977867021e-09, 4.95528684752e-09, 3.5967577805e-09, 2.56890526629e-08, 8.28486281534e-06, 3.11031799356e-05, 2.13483344851e-05, 0.00553377578035, 0.0166816115379, 0.000192507737665, 2.95634322356e-06, 4.17808996644e-06, 1.8217779143e-06, 3.66458198187e-06, 2.80798813037e-05, 3.85668681702e-05, 6.04324895903e-07, 1.20998884086e-05, 1.16123919724e-05, 2.24084215006e-06, 1.28782488673e-07, 3.66753805103e-09, 1.19819687505e-09, 1.05968678277e-09, 7.9121448282e-10, 7.41712358199e-10, 7.85953191418e-10],
        "median": [1.47882761592e-10, 2.59623045284e-10, 2.31746441481e-10, 1.63320734714e-08, 6.14278542344e-06, 1.95511347556e-05, 8.88781687536e-06, 9.73060668912e-05, 0.000891027681064, 1.07356181616e-05, 1.69621125679e-06, 8.4009548118e-07, 5.5280605693e-07, 1.46158038206e-06, 2.76117361864e-06, 5.86999385632e-06, 3.26423617025e-07, 8.80827315086e-07, 6.59927991364e-07, 4.61975218968e-07, 9.937121348e-09, 1.95208582632e-09, 5.03406871744e-10, 3.09679060173e-10, 1.39780825803e-10, 6.03378527697e-11, 6.16665746245e-11],
        "min": [3.79015734271e-14, 6.49893753721e-14, 5.35881365324e-12, 4.43126896288e-10, 5.30814418198e-07, 1.38456300647e-06, 3.29305976265e-07, 1.97730491891e-06, 3.85381781598e-06, 1.10861162739e-06, 2.6264274311e-07, 1.56097925696e-08, 3.44591626344e-08, 4.63215457103e-08, 1.81273023259e-08, 1.80916032377e-07, 2.08607708885e-08, 1.77715442362e-08, 1.48931267319e-08, 5.81975667657e-09, 3.82617626471e-09, 7.61917029468e-10, 1.32314798007e-10, 6.88061413401e-11, 2.35644750241e-11, 2.1278272113e-12, 4.12679906794e-14],
        "skew": [3.84139418602, 3.85736632347, 3.91909790039, 1.92882871628, 1.96687090397, 2.64296841621, 7.4104847908, 4.52188777924, 1.71306812763, 3.87967181206, 2.3929746151, 3.182533741, 2.8478500843, 3.1812183857, 2.63937592506, 1.91653454304, 1.16443645954, 1.76154816151, 1.97622203827, 3.18412160873, 8.90257072449, 1.6655677557, 2.51586890221, 2.32818174362, 2.76668405533, 2.77160167694, 2.77234005928],
        "var": [5.39308689931e-17, 1.29418706641e-16, 6.73466301067e-17, 6.9235943713e-16, 4.76742569033e-11, 1.18902221402e-09, 4.5378949487e-09, 0.000231055630138, 0.00074518279871, 2.71175082389e-07, 9.88299199423e-12, 7.61045254594e-11, 9.7007540889e-12, 3.78029690884e-11, 2.95703550535e-09, 3.94130816872e-09, 3.92237945682e-13, 4.0260550449e-10, 3.32397442904e-10, 1.91074378542e-11, 3.4241565746e-13, 1.25652316739e-17, 2.27913818639e-18, 2.32755968509e-18, 1.81205638465e-18, 1.73589621129e-18, 1.97643516354e-18],
        "cov": [[5.45170753496e-17, 8.44292332449e-17, 6.06626467978e-17, 4.10867360049e-17, 9.06293383947e-16, -9.07905308822e-15, -1.4140176592e-14, 2.76030795443e-11, 4.9532711266e-11, 2.01160851756e-13, -1.60788844482e-15, 1.43855688131e-14, 3.01876951984e-15, 1.02179558014e-14, 6.57378001318e-14, 1.00239301993e-13, 1.29968894245e-15, 4.34528986144e-14, 2.78927492133e-14, -1.76625523035e-15, -2.24372860269e-16, 1.94278876495e-18, 1.24858312273e-18, 1.28794709711e-18, 8.82706765532e-19, 8.44766524075e-19, 8.96759530163e-19], [8.44292332449e-17, 1.30825429844e-16, 9.41325051989e-17, 6.41604825884e-17, 1.17587824243e-15, -1.4531695549e-14, -2.19939321475e-14, 4.2681750495e-11, 7.55310813894e-11, 2.91139291494e-13, -2.52293485548e-15, 2.21654241321e-14, 4.61260897032e-15, 1.57060254152e-14, 1.01404893868e-13, 1.51719931648e-13, 2.00162567524e-15, 6.72293709418e-14, 4.25268645982e-14, -2.78950522959e-15, -3.48301350809e-16, 3.05170089028e-18, 2.01379560309e-18, 2.0555436154e-18, 1.44821571894e-18, 1.38738072079e-18, 1.47349570263e-18], [6.06626467978e-17, 9.41325051989e-17, 6.80786650965e-17, 4.71385250239e-17, 2.47231394309e-16, -1.29859103952e-14, -1.52738590411e-14, 3.07070341377e-11, 5.15664386191e-11, 1.83549396927e-13, -1.96849736964e-15, 1.58553996755e-14, 3.18071925474e-15, 1.1127624294e-14, 7.28490550761e-14, 9.92341584881e-14, 1.39990988077e-15, 4.81073412714e-14, 2.80395180002e-14, -2.09001525735e-15, -2.51880678748e-16, 2.30266258263e-18, 1.5808995217e-18, 1.58849334992e-18, 1.17643694669e-18, 1.12807242006e-18, 1.19931645224e-18], [4.10867360049e-17, 6.41604825884e-17, 4.71385250239e-17, 6.99885060168e-16, -3.89399977039e-15, -1.79928246374e-14, -9.53114608179e-14, 1.31934421721e-10, -3.24930221618e-11, -1.98324386427e-12, -1.27104434223e-14, 2.66255608192e-14, -2.94225089273e-15, 3.83264282127e-14, 1.94471839348e-13, -2.63592560322e-13, 1.48760786048e-15, 1.60652551375e-13, -7.22145528597e-14, -1.1411602254e-14, 2.88682619179e-16, 1.02897330822e-17, 2.1881102687e-18, 7.57475756694e-19, 1.80241538781e-18, 1.84439087479e-18, 1.97157671821e-18], [9.06293383947e-16, 1.17587824243e-15, 2.47231394309e-16, -3.89399977039e-15, 4.81924535001e-11, 5.5910869684e-11, -4.26707280621e-11, 4.07493505605e-09, 3.25003917112e-08, 6.67069399718e-10, 3.32721957624e-12, -5.21552679517e-12, 3.16816993647e-12, -5.77696397663e-12, 2.87073628757e-11, 6.63645388643e-11, 1.0003973561e-12, 9.16999375739e-12, 2.8856528278e-11, 1.69727697608e-12, -1.00333038048e-13, -5.60772657016e-16, 1.16055403999e-15, 1.18331254473e-15, 9.07524969853e-16, 9.13586972898e-16, 9.74483136091e-16], [-9.07905308822e-15, -1.4531695549e-14, -1.29859103952e-14, -1.79928246374e-14, 5.5910869684e-11, 1.20194632025e-09, -1.25841365106e-10, -5.32672856934e-08, 2.40702917154e-07, 7.56652163147e-09, 4.85474091483e-11, -2.54899486934e-11, 1.65970952259e-11, -2.37604606129e-11, -1.82399664816e-10, 1.02646668942e-09, 6.32309612655e-12, -6.99136720739e-11, 3.04608144264e-10, 6.21847573434e-11, -1.15430072185e-12, 1.56047338273e-14, 9.76641608975e-15, 1.53636242048e-14, 7.14869803571e-15, 7.0849143372e-15, 7.56665289101e-15], [-1.4140176592e-14, -2.19939321475e-14, -1.52738590411e-14, -9.53114608179e-14, -4.26707280621e-11, -1.25841365106e-10, 4.58721993724e-09, 1.40993805076e-07, -1.94481785343e-07, -9.99701987858e-10, 8.31620536323e-11, 4.28166918587e-10, -1.95284812626e-11, 1.06824750434e-10, -2.48246256884e-10, -4.74512207305e-10, -2.92658345474e-12, -3.09844996882e-11, -1.21416293686e-10, -2.37744806481e-11, -1.62727155969e-12, -1.87223571743e-14, -6.81298923256e-15, -7.09198579176e-15, -5.16338494449e-15, -4.92538435642e-15, -5.22030979371e-15], [2.76030795443e-11, 4.2681750495e-11, 3.07070341377e-11, 1.31934421721e-10, 4.07493505605e-09, -5.32672856934e-08, 1.40993805076e-07, 0.000233567101532, -2.64928094111e-05, -9.59528733802e-07, -1.95424654237e-09, 6.37414672156e-08, -2.40624165038e-09, 4.02383442122e-08, 1.9164095022e-07, -1.73395676484e-07, 2.20734075462e-09, 1.96699559751e-07, -4.19660572959e-08, -5.07926323223e-09, -5.08525443976e-10, 1.08058067702e-11, 5.46169316371e-12, 4.3638560647e-12, 4.9783922644e-12, 4.8847579627e-12, 5.21747011914e-12], [4.9532711266e-11, 7.55310813894e-11, 5.15664386191e-11, -3.24930221618e-11, 3.25003917112e-08, 2.40702917154e-07, -1.94481785343e-07, -2.64928094111e-05, 0.000753282627556, 2.01711554837e-06, -1.04041397719e-08, -3.11863068703e-08, 7.20284347722e-08, -4.56320048414e-09, 5.11439452566e-07, 1.25315079913e-06, 1.12668718799e-08, 1.45916416727e-07, 3.82955306577e-07, -1.02906394517e-09, -3.50429407714e-10, 3.00121316688e-11, 2.30737096096e-11, 2.27169082156e-11, 1.93780044094e-11, 1.89727157596e-11, 2.02275973749e-11], [2.01160851756e-13, 2.91139291494e-13, 1.83549396927e-13, -1.98324386427e-12, 6.67069399718e-10, 7.56652163147e-09, -9.99701987858e-10, -9.59528733802e-07, 2.01711554837e-06, 2.74122641031e-07, 7.52276907434e-10, -5.303124051e-10, -3.28999154309e-11, -3.19439058538e-10, -4.19288959108e-09, 1.6901742228e-08, 1.110850344e-12, -1.65925895246e-09, 2.78685208244e-09, 1.1884839779e-09, -1.90403179334e-11, 1.13663269877e-13, 1.23245001444e-13, 3.04072278424e-13, 7.34266027971e-14, 7.16453263903e-14, 7.62917290106e-14], [-1.60788844482e-15, -2.52293485548e-15, -1.96849736964e-15, -1.27104434223e-14, 3.32721957624e-12, 4.85474091483e-11, 8.31620536323e-11, -1.95424654237e-09, -1.04041397719e-08, 7.52276907434e-10, 9.99041561284e-12, 5.3993875343e-12, -1.37280117829e-12, -2.55943351365e-13, -1.9051938846e-11, 3.3117109749e-11, 1.33114995264e-13, -7.76763549315e-12, 6.3101759061e-12, 5.86839864897e-12, -1.62770635186e-13, -9.44002006975e-17, 2.22563703773e-16, 6.16966993258e-16, 1.08698864618e-16, 1.11335387016e-16, 1.20092662134e-16], [1.43855688131e-14, 2.21654241321e-14, 1.58553996755e-14, 2.66255608192e-14, -5.21552679517e-12, -2.54899486934e-11, 4.28166918587e-10, 6.37414672156e-08, -3.11863068703e-08, -5.303124051e-10, 5.3993875343e-12, 7.69317456961e-11, -2.89584111898e-12, 3.54284032666e-11, 3.62408401899e-11, -1.16628262603e-10, 2.50988628752e-13, 5.57073866203e-11, -3.05291451841e-11, -4.91103425287e-12, -3.90363116181e-13, 4.62787938617e-16, -2.05348480421e-17, -3.45562708002e-16, 1.40704295698e-16, 1.57000653738e-16, 1.71918968582e-16], [3.01876951984e-15, 4.61260897032e-15, 3.18071925474e-15, -2.94225089273e-15, 3.16816993647e-12, 1.65970952259e-11, -1.95284812626e-11, -2.40624165038e-09, 7.20284347722e-08, -3.28999154309e-11, -1.37280117829e-12, -2.89584111898e-12, 9.80619665331e-12, -6.78742218679e-13, 5.96133697961e-11, 1.10612526083e-10, 1.16503042023e-12, 1.25308374788e-11, 3.35449099054e-11, -1.11461198344e-12, 1.96679322405e-14, 2.60107322135e-15, 2.26753028145e-15, 2.07626960668e-15, 1.95846722899e-15, 1.91851924938e-15, 2.0465044454e-15], [1.02179558014e-14, 1.57060254152e-14, 1.1127624294e-14, 3.83264282127e-14, -5.77696397663e-12, -2.37604606129e-11, 1.06824750434e-10, 4.02383442122e-08, -4.56320048414e-09, -3.19439058538e-10, -2.55943351365e-13, 3.54284032666e-11, -6.78742218679e-13, 3.82138695687e-11, 8.10349634617e-11, -6.33848945553e-11, 7.0855631475e-13, 5.71710179198e-11, -1.39371422389e-11, -1.26397243366e-12, -2.98444943888e-13, 2.30125405121e-15, 6.29046794817e-16, 4.59841163933e-16, 6.41699614164e-16, 6.39542380066e-16, 6.83211904816e-16], [6.57378001318e-14, 1.01404893868e-13, 7.28490550761e-14, 1.94471839348e-13, 2.87073628757e-11, -1.82399664816e-10, -2.48246256884e-10, 1.9164095022e-07, 5.11439452566e-07, -4.19288959108e-09, -1.9051938846e-11, 3.62408401899e-11, 5.96133697961e-11, 8.10349634617e-11, 2.98917735009e-09, -1.62806393367e-10, 1.68307538045e-11, 7.82765241514e-10, 1.57733728856e-10, -1.55116492567e-11, -5.17302401002e-13, 1.14781841258e-13, 3.0538942821e-14, 2.39581930819e-14, 2.60142402005e-14, 2.55828666492e-14, 2.7255626277e-14], [1.00239301993e-13, 1.51719931648e-13, 9.92341584881e-14, -2.63592560322e-13, 6.63645388643e-11, 1.02646668942e-09, -4.74512207305e-10, -1.73395676484e-07, 1.25315079913e-06, 1.6901742228e-08, 3.3117109749e-11, -1.16628262603e-10, 1.10612526083e-10, -6.33848945553e-11, -1.62806393367e-10, 3.98414856662e-09, 1.79956952118e-11, -1.39345743277e-10, 7.88528353723e-10, 1.00527884628e-10, -2.19608988113e-12, 3.24761715458e-14, 4.20467358305e-14, 5.47667956179e-14, 3.43169943688e-14, 3.3576304714e-14, 3.58054413213e-14], [1.29968894245e-15, 2.00162567524e-15, 1.39990988077e-15, 1.48760786048e-15, 1.0003973561e-12, 6.32309612655e-12, -2.92658345474e-12, 2.20734075462e-09, 1.12668718799e-08, 1.110850344e-12, 1.33114995264e-13, 2.50988628752e-13, 1.16503042023e-12, 7.0855631475e-13, 1.68307538045e-11, 1.79956952118e-11, 3.96501408095e-13, 6.80303079495e-12, 6.86248020215e-12, 4.76477852399e-13, -2.34537866559e-14, 1.18415534251e-15, 6.24950119968e-16, 5.71857512498e-16, 5.4550499402e-16, 5.34495630349e-16, 5.70044756112e-16], [4.34528986144e-14, 6.72293709418e-14, 4.81073412714e-14, 1.60652551375e-13, 9.16999375739e-12, -6.99136720739e-11, -3.09844996882e-11, 1.96699559751e-07, 1.45916416727e-07, -1.65925895246e-09, -7.76763549315e-12, 5.57073866203e-11, 1.25308374788e-11, 5.71710179198e-11, 7.82765241514e-10, -1.39345743277e-10, 6.80303079495e-12, 4.06981642831e-10, 3.95483368276e-11, -6.72171693306e-12, -5.78658052464e-13, 4.32938054981e-14, 1.47939962418e-14, 1.22714990906e-14, 1.2955131759e-14, 1.27144998631e-14, 1.3561522646e-14], [2.78927492133e-14, 4.25268645982e-14, 2.80395180002e-14, -7.22145528597e-14, 2.8856528278e-11, 3.04608144264e-10, -1.21416293686e-10, -4.19660572959e-08, 3.82955306577e-07, 2.78685208244e-09, 6.3101759061e-12, -3.05291451841e-11, 3.35449099054e-11, -1.39371422389e-11, 1.57733728856e-10, 7.88528353723e-10, 6.86248020215e-12, 3.95483368276e-11, 3.36010441693e-10, 1.8469711871e-11, -3.66595534311e-13, 1.48876120172e-14, 1.17277750892e-14, 1.22073973312e-14, 9.57300966877e-15, 9.37362743035e-15, 9.99093572495e-15], [-1.76625523035e-15, -2.78950522959e-15, -2.09001525735e-15, -1.1411602254e-14, 1.69727697608e-12, 6.21847573434e-11, -2.37744806481e-11, -5.07926323223e-09, -1.02906394517e-09, 1.1884839779e-09, 5.86839864897e-12, -4.91103425287e-12, -1.11461198344e-12, -1.26397243366e-12, -1.55116492567e-11, 1.00527884628e-10, 4.76477852399e-13, -6.72171693306e-12, 1.8469711871e-11, 1.93151276223e-11, -1.81373836848e-13, 2.95259782369e-15, 4.8143907472e-16, 1.39518904852e-15, 2.38446762674e-16, 2.38188232337e-16, 2.54665034864e-16], [-2.24372860269e-16, -3.48301350809e-16, -2.51880678748e-16, 2.88682619179e-16, -1.00333038048e-13, -1.15430072185e-12, -1.62727155969e-12, -5.08525443976e-10, -3.50429407714e-10, -1.90403179334e-11, -1.62770635186e-13, -3.90363116181e-13, 1.96679322405e-14, -2.98444943888e-13, -5.17302401002e-13, -2.19608988113e-12, -2.34537866559e-14, -5.78658052464e-13, -3.66595534311e-13, -1.81373836848e-13, 3.46137560888e-13, 5.13919803779e-17, -1.5500204972e-17, -3.73140744189e-17, -2.36592465277e-17, -2.27837800741e-17, -2.43195120188e-17], [1.94278876495e-18, 3.05170089028e-18, 2.30266258263e-18, 1.02897330822e-17, -5.60772657016e-16, 1.56047338273e-14, -1.87223571743e-14, 1.08058067702e-11, 3.00121316688e-11, 1.13663269877e-13, -9.44002006975e-17, 4.62787938617e-16, 2.60107322135e-15, 2.30125405121e-15, 1.14781841258e-13, 3.24761715458e-14, 1.18415534251e-15, 4.32938054981e-14, 1.48876120172e-14, 2.95259782369e-15, 5.13919803779e-17, 1.27018099464e-17, 3.39679526516e-18, 3.06885827055e-18, 2.88338473167e-18, 2.81297532473e-18, 2.99885687044e-18], [1.24858312273e-18, 2.01379560309e-18, 1.5808995217e-18, 2.1881102687e-18, 1.16055403999e-15, 9.76641608975e-15, -6.81298923256e-15, 5.46169316371e-12, 2.30737096096e-11, 1.23245001444e-13, 2.22563703773e-16, -2.05348480421e-17, 2.26753028145e-15, 6.29046794817e-16, 3.0538942821e-14, 4.20467358305e-14, 6.24950119968e-16, 1.47939962418e-14, 1.17277750892e-14, 4.8143907472e-16, -1.5500204972e-17, 3.39679526516e-18, 2.30391141856e-18, 2.22721523216e-18, 2.04278270009e-18, 1.99724847532e-18, 2.13076204363e-18], [1.28794709711e-18, 2.0555436154e-18, 1.58849334992e-18, 7.57475756694e-19, 1.18331254473e-15, 1.53636242048e-14, -7.09198579176e-15, 4.3638560647e-12, 2.27169082156e-11, 3.04072278424e-13, 6.16966993258e-16, -3.45562708002e-16, 2.07626960668e-15, 4.59841163933e-16, 2.39581930819e-14, 5.47667956179e-14, 5.71857512498e-16, 1.22714990906e-14, 1.22073973312e-14, 1.39518904852e-15, -3.73140744189e-17, 3.06885827055e-18, 2.22721523216e-18, 2.35285921092e-18, 1.9558762098e-18, 1.91227944882e-18, 2.04013861726e-18], [8.82706765532e-19, 1.44821571894e-18, 1.17643694669e-18, 1.80241538781e-18, 9.07524969853e-16, 7.14869803571e-15, -5.16338494449e-15, 4.9783922644e-12, 1.93780044094e-11, 7.34266027971e-14, 1.08698864618e-16, 1.40704295698e-16, 1.95846722899e-15, 6.41699614164e-16, 2.60142402005e-14, 3.43169943688e-14, 5.4550499402e-16, 1.2955131759e-14, 9.57300966877e-15, 2.38446762674e-16, -2.36592465277e-17, 2.88338473167e-18, 2.04278270009e-18, 1.9558762098e-18, 1.83175258901e-18, 1.7922061179e-18, 1.91224698198e-18], [8.44766524075e-19, 1.38738072079e-18, 1.12807242006e-18, 1.84439087479e-18, 9.13586972898e-16, 7.0849143372e-15, -4.92538435642e-15, 4.8847579627e-12, 1.89727157596e-11, 7.16453263903e-14, 1.11335387016e-16, 1.57000653738e-16, 1.91851924938e-15, 6.39542380066e-16, 2.55828666492e-14, 3.3576304714e-14, 5.34495630349e-16, 1.27144998631e-14, 9.37362743035e-15, 2.38188232337e-16, -2.27837800741e-17, 2.81297532473e-18, 1.99724847532e-18, 1.91227944882e-18, 1.7922061179e-18, 1.75476461465e-18, 1.8723921793e-18], [8.96759530163e-19, 1.47349570263e-18, 1.19931645224e-18, 1.97157671821e-18, 9.74483136091e-16, 7.56665289101e-15, -5.22030979371e-15, 5.21747011914e-12, 2.02275973749e-11, 7.62917290106e-14, 1.20092662134e-16, 1.71918968582e-16, 2.0465044454e-15, 6.83211904816e-16, 2.7255626277e-14, 3.58054413213e-14, 5.70044756112e-16, 1.3561522646e-14, 9.99093572495e-15, 2.54665034864e-16, -2.43195120188e-17, 2.99885687044e-18, 2.13076204363e-18, 2.04013861726e-18, 1.91224698198e-18, 1.8723921793e-18, 1.99791828482e-18]]
    },
    "mfcc": {
        "kurt": [-1.12561285496, -0.00853371620178, -1.05217802525, 1.15616464615, 4.24043321609, -1.21541178226, 0.772975444794, -0.00209498405457, -0.0543518066406, -0.863684415817, -0.953186273575, -0.83527636528, -0.830543041229],
        "max": [-858.291625977, 173.567443848, 24.1089515686, -18.7817497253, -23.8922386169, -31.5477256775, -20.349357605, 7.49767494202, 25.3822059631, 49.1223449707, 34.3290672302, 14.3696517944, 5.73572540283],
        "mean": [-924.091125488, 139.707290649, -50.2578086853, -42.1385955811, -42.5686073303, -75.9461364746, -46.8961868286, -17.3826160431, 0.550409257412, 16.4018440247, -6.27319335938, -26.0110282898, -13.4594173431],
        "median": [-920.103820801, 140.269592285, -50.0794792175, -41.5800247192, -41.974105835, -78.224822998, -47.2448043823, -18.6086578369, 2.28560256958, 18.3475894928, -13.4559612274, -26.4327468872, -11.7524375916],
        "min": [-1033.79052734, 95.5106277466, -100.319442749, -82.8650283813, -80.5577087402, -112.623352051, -64.1873703003, -48.9542388916, -24.8222961426, -20.0842056274, -45.9500160217, -61.6930046082, -35.6435203552],
        "skew": [-0.262662351131, -0.355044007301, 0.208174958825, -0.465590983629, -1.11612451077, 0.171736851335, 0.636390805244, 0.115811012685, -0.417320668697, -0.16436201334, 0.42347484827, 0.19540412724, -0.291852712631],
        "var": [1855.35803223, 227.74621582, 780.557739258, 118.73021698, 62.9260749817, 520.288330078, 73.2998657227, 106.652481079, 110.114128113, 288.469055176, 400.712280273, 371.92276001, 90.5018463135],
        "cov": [[1875.52502441, 499.584106445, -1151.76489258, 149.079055786, -62.8190765381, -933.716125488, -152.137069702, 170.855010986, 93.767578125, 633.967407227, 459.591217041, -178.883285522, -234.867843628], [499.584106445, 230.221725464, -235.277023315, -34.0131263733, -29.6758918762, -239.937393188, -84.2587432861, 41.8236465454, -5.13477754593, 126.745788574, 184.400268555, 30.6056518555, -50.1476631165], [-1151.76489258, -235.277023315, 789.042053223, -117.313331604, 19.5907802582, 592.538391113, 74.1857070923, -123.822288513, -78.1264724731, -423.332702637, -241.912963867, 180.301971436, 149.225570679], [149.079055786, -34.0131263733, -117.313331604, 120.020759583, 26.180562973, -76.9302902222, 34.8812408447, 20.4814033508, 29.3030796051, 83.8941802979, -19.7325325012, -84.4225845337, -28.131570816], [-62.8190765381, -29.6758918762, 19.5907802582, 26.180562973, 63.6100540161, 44.2012367249, -0.0736671090126, 5.58101558685, 4.86223697662, -6.36264324188, -14.1446504593, -10.5480279922, 0.425456017256], [-933.716125488, -239.937393188, 592.538391113, -76.9302902222, 44.2012367249, 525.943664551, 76.0450820923, -127.02129364, -38.9128379822, -318.005279541, -208.860733032, 148.056213379, 99.8176040649], [-152.137069702, -84.2587432861, 74.1857070923, 34.8812408447, -0.0736671090126, 76.0450820923, 74.0966033936, 13.5093832016, 0.162770479918, -39.5589561462, -81.6387863159, -40.288433075, 22.7125034332], [170.855010986, 41.8236465454, -123.822288513, 20.4814033508, 5.58101558685, -127.02129364, 13.5093832016, 107.81174469, 34.3826713562, 66.2542266846, 1.11135959625, -101.33430481, 1.10490000248], [93.767578125, -5.13477754593, -78.1264724731, 29.3030796051, 4.86223697662, -38.9128379822, 0.162770479918, 34.3826713562, 111.311027527, 94.94556427, -71.5238647461, -95.7710189819, 4.47987556458], [633.967407227, 126.745788574, -423.332702637, 83.8941802979, -6.36264324188, -318.005279541, -39.5589561462, 66.2542266846, 94.94556427, 291.60458374, 122.810440063, -120.439109802, -74.1085281372], [459.591217041, 184.400268555, -241.912963867, -19.7325325012, -14.1446504593, -208.860733032, -81.6387863159, 1.11135959625, -71.5238647461, 122.810440063, 405.067840576, 239.438110352, -119.458839417], [-178.883285522, 30.6056518555, 180.301971436, -84.4225845337, -10.5480279922, 148.056213379, -40.288433075, -101.33430481, -95.7710189819, -120.439109802, 239.438110352, 375.965393066, -25.2579536438], [-234.867843628, -50.1476631165, 149.225570679, -28.131570816, 0.425456017256, 99.8176040649, 22.7125034332, 1.10490000248, 4.47987556458, -74.1085281372, -119.458839417, -25.2579536438, 91.4855651855]]
    },
    "sccoeffs": {
        "kurt": [-0.159290313721, -1.10774171352, -1.11213135719, -1.1593517065, -0.586508274078, -0.663888454437],
        "max": [-0.343989223242, -0.229756310582, -0.215926378965, -0.617519915104, -0.611815869808, -0.764206528664],
        "mean": [-0.562144935131, -0.645530283451, -0.588107943535, -0.777490735054, -0.712642490864, -0.865423321724],
        "median": [-0.552925407887, -0.74007499218, -0.643163919449, -0.780674576759, -0.699520647526, -0.860288262367],
        "min": [-0.900735914707, -0.910235583782, -0.893574774265, -0.893045604229, -0.88860052824, -0.957460820675],
        "skew": [-0.40318736434, 0.565429747105, 0.419597953558, 0.233675032854, -0.509283721447, 0.085957929492],
        "var": [0.0130785610527, 0.0396046452224, 0.0362310558558, 0.00519852759317, 0.00423793587834, 0.00172042427585],
        "cov": [[0.0132207199931, -0.0141172381118, -0.00556036178023, -0.00524612050503, -0.00317293265834, 0.00283429096453], [-0.0141172381118, 0.0400351323187, 0.00708592543378, 0.0120023917407, 0.00786028802395, -0.00499767344445], [-0.00556036178023, 0.00708592543378, 0.0366248711944, 0.00673680892214, 0.00671548163518, -0.0020803345833], [-0.00524612050503, 0.0120023917407, 0.00673680892214, 0.00525503326207, 0.00352623616345, -0.00177167879883], [-0.00317293265834, 0.00786028802395, 0.00671548163518, 0.00352623616345, 0.00428400048986, -0.00103396549821], [0.00283429096453, -0.00499767344445, -0.0020803345833, -0.00177167879883, -0.00103396549821, 0.00173912453465]]
    },
    "scvalleys": {
        "kurt": [-0.863951683044, 0.979009151459, 1.20449352264, 0.440653562546, -1.02067172527, -1.17000210285],
        "max": [-8.77052974701, -6.31922483444, -7.16231203079, -8.07308959961, -9.60895442963, -11.6499242783],
        "mean": [-11.686296463, -7.05391025543, -8.17337226868, -8.93209838867, -10.7710762024, -13.5596542358],
        "median": [-11.6407499313, -7.07097816467, -8.19878673553, -8.87721061707, -10.8266239166, -13.8745498657],
        "min": [-15.6690139771, -8.54156208038, -9.32748508453, -10.5097494125, -11.6477193832, -14.688911438],
        "skew": [-0.21080070734, -0.503497600555, 0.187642499804, -0.512195944786, 0.373837321997, 0.518912136555],
        "var": [2.67112374306, 0.151901230216, 0.116055354476, 0.200400307775, 0.325431644917, 0.738195598125],
        "cov": [[2.70015764236, 0.250733971596, 0.180193677545, 0.275350153446, 0.540681302547, 0.934670269489], [0.250733971596, 0.15355232358, 0.0678191334009, 0.0427324660122, 0.0468736924231, 0.110055975616], [0.180193677545, 0.0678191334009, 0.117316827178, 0.0197056829929, 0.0368509031832, 0.0852826163173], [0.275350153446, 0.0427324660122, 0.0197056829929, 0.202578559518, 0.180203646421, 0.167762696743], [0.540681302547, 0.0468736924231, 0.0368509031832, 0.180203646421, 0.328968942165, 0.361976087093], [0.934670269489, 0.110055975616, 0.0852826163173, 0.167762696743, 0.361976087093, 0.746219456196]]
    }
},
"rhythm": {
    "beats_loudness": {
        "kurt": -1.6292450428,
        "max": 0.0660993754864,
        "mean": 0.0261037237942,
        "median": 0.0118057243526,
        "min": 0.000197396642761,
        "skew": 0.427286535501,
        "var": 0.000752167718019
    },
    "bpm": 156.605117798,
    "confidence": 0,
    "first_peak_bpm": {
        "kurt": 0,
        "max": 157,
        "mean": 157,
        "median": 157,
        "min": 157,
        "skew": 0,
        "var": 0
    },
    "first_peak_spread": {
        "kurt": 0,
        "max": 0.25,
        "mean": 0.25,
        "median": 0.25,
        "min": 0.25,
        "skew": 0,
        "var": 0
    },
    "first_peak_weight": {
        "kurt": 0,
        "max": 0.75,
        "mean": 0.75,
        "median": 0.75,
        "min": 0.75,
        "skew": 0,
        "var": 0
    },
    "onset_rate": 2.34731793404,
    "second_peak_bpm": {
        "kurt": 0,
        "max": 0,
        "mean": 0,
        "median": 0,
        "min": 0,
        "skew": 0,
        "var": 0
    },
    "second_peak_spread": {
        "kurt": 0,
        "max": 0,
        "mean": 0,
        "median": 0,
        "min": 0,
        "skew": 0,
        "var": 0
    },
    "second_peak_weight": {
        "kurt": 0,
        "max": 0,
        "mean": 0,
        "median": 0,
        "min": 0,
        "skew": 0,
        "var": 0
    },
    "beats_loudness_band_ratio": {
        "kurt": [0.130993366241, -0.657395601273, -0.486593008041, -1.81997573376, -1.04191207886, -0.230010032654],
        "max": [0.000626614317298, 0.0743851289153, 0.996380329132, 0.0400104150176, 0.0366586633027, 0.0116268536076],
        "mean": [0.000150144449435, 0.0249437186867, 0.946155071259, 0.0166516657919, 0.0157746262848, 0.00400513131171],
        "median": [2.03825366043e-05, 0.0153878927231, 0.961782634258, 0.00419652182609, 0.0164503548294, 0.0031300468836],
        "min": [1.08179676772e-06, 0.00054346624529, 0.841626524925, 0.000160437513841, 0.00271363160573, 4.23500860052e-05],
        "skew": [1.41954433918, 0.891630351543, -0.974967360497, 0.392838299274, 0.475748479366, 1.10359489918],
        "var": [5.80739545342e-08, 0.000754575245082, 0.00323438784108, 0.000341796083376, 0.000159222327056, 1.62729011208e-05],
        "cov": [[7.25924422795e-08, 2.4839150683e-06, -4.06997924074e-06, 4.12585586673e-06, 1.21780203699e-06, 4.94688379149e-08], [2.4839150683e-06, 0.000943219056353, -0.00194819062017, 0.000545294955373, 0.000423230725573, 0.000132519766339], [-4.06997924074e-06, -0.00194819062017, 0.00404298491776, -0.00108087132685, -0.0008767406689, -0.00027915314422], [4.12585586673e-06, 0.000545294955373, -0.00108087132685, 0.00042724510422, 0.000244238908635, 6.37142074993e-05], [1.21780203699e-06, 0.000423230725573, -0.0008767406689, 0.000244238908635, 0.000199027912458, 6.01460596954e-05], [4.94688379149e-08, 0.000132519766339, -0.00027915314422, 6.37142074993e-05, 6.01460596954e-05, 2.03411254915e-05]]
    },
    "beats_position": [0.348299324512, 0.719818592072, 1.10294783115, 1.48607707024, 1.86920630932],
    "bpm_estimates": [156.605117798, 156.605117798, 156.605117798],
    "bpm_intervals": [0.371519267559, 0.383129239082, 0.383129239082, 0.383129239082],
    "onset_times": [0.0116099771112, 0.174149662256, 0.336689352989, 0.49922901392, 0.53405892849],
    "histogram": [[0, 0, 0, 0, 0, 0, 0, 0, 0, 0, 0, 0, 0, 0, 0, 0, 0, 0, 0, 0, 0, 0, 0, 0, 0, 0, 0, 0, 0, 0, 0, 0, 0, 0, 0, 0, 0, 0, 0, 0, 0, 0, 0, 0, 0, 0, 0, 0, 0, 0, 0, 0, 0, 0, 0, 0, 0, 0, 0, 0, 0, 0, 0, 0, 0, 0, 0, 0, 0, 0, 0, 0, 0, 0, 0, 0, 0, 0, 0, 0, 0, 0, 0, 0, 0, 0, 0, 0, 0, 0, 0, 0, 0, 0, 0, 0, 0, 0, 0, 0, 0, 0, 0, 0, 0, 0, 0, 0, 0, 0, 0, 0, 0, 0, 0, 0, 0, 0, 0, 0, 0, 0, 0, 0, 0, 0, 0, 0, 0, 0, 0, 0, 0, 0, 0, 0, 0, 0, 0, 0, 0, 0, 0, 0, 0, 0, 0, 0, 0, 0, 0, 0, 0, 0, 0, 0, 0, 0.75, 0, 0, 0, 0.25, 0, 0, 0, 0, 0, 0, 0, 0, 0, 0, 0, 0, 0, 0, 0, 0, 0, 0, 0, 0, 0, 0, 0, 0, 0, 0, 0, 0, 0, 0, 0, 0, 0, 0, 0, 0, 0, 0, 0, 0, 0, 0, 0, 0, 0, 0, 0, 0, 0, 0, 0, 0, 0, 0, 0, 0, 0, 0, 0, 0, 0, 0, 0, 0, 0, 0, 0, 0, 0, 0, 0, 0, 0, 0, 0, 0, 0, 0, 0, 0, 0, 0, 0, 0, 0, 0, 0, 0]]
},
"sfx": {
    "inharmonicity": {
        "kurt": 11.1277503967,
        "max": 0.307160049677,
        "mean": 0.0188756100833,
        "median": 0.000217672859435,
        "min": 2.31489684666e-06,
        "skew": 3.29215741158,
        "var": 0.00278137391433
    },
    "oddtoevenharmonicenergyratio": {
        "kurt": 32.3932495117,
        "max": 8.26575469971,
        "mean": 0.287146896124,
        "median": 0.000365705200238,
        "min": 1.22353922052e-05,
        "skew": 5.40509176254,
        "var": 1.1787879467
    },
    "pitch_after_max_to_before_max_energy_ratio": 0.105586491525,
    "pitch_centroid": 47.5653877258,
    "pitch_max_to_total": 0.860215067863,
    "pitch_min_to_total": 0.956989228725,
    "tristimulus": {
        "kurt": [2.72672605515, 3.21351623535, 7.06357383728],
        "max": [0.970879673958, 0.799996554852, 0.421844571829],
        "mean": [0.793614029884, 0.155741199851, 0.0506446324289],
        "median": [0.902460634708, 0.0767276063561, 0.0188650004566],
        "min": [0, 0.0220121052116, 0.00457605114207],
        "skew": [-2.03560781479, 2.06100773811, 2.75450110435],
        "var": [0.0677443742752, 0.0349468924105, 0.00723846349865],
        "cov": [[0.0684807226062, -0.0482451617718, -0.0202355571091], [-0.0482451617718, 0.0353267490864, 0.0129184117541], [-0.0202355571091, 0.0129184117541, 0.00731714256108]]
    }
},
"tonal": {
    "chords_changes_rate": 0.0425531901419,
    "chords_number_rate": 0.0638297870755,
    "chords_strength": {
        "kurt": 6.74071788788,
        "max": 0.614145100117,
        "mean": 0.563655912876,
        "median": 0.572282552719,
        "min": 0.338758736849,
        "skew": -2.41407680511,
        "var": 0.00275363354012
    },
    "key_strength": 0.541800439358,
    "tuning_diatonic_strength": 0.494736075401,
    "tuning_equal_tempered_deviation": 0.219428300858,
    "tuning_frequency": 440.254241943,
    "tuning_nontempered_energy_ratio": 0.867828965187,
    "hpcp": {
        "kurt": [4.75487184525, 1.75198030472, 11.3157806396, 10.5082321167, 17.7536525726, 21.8429050446, 6.94450092316, 25.9326877594, 21.7953300476, 16.8161754608, 10.4421157837, 4.57725048065, 4.29892778397, 6.49304962158, 2.58830785751, 18.5995941162, 6.70896816254, 4.10154533386, 3.75251054764, 2.93837594986, 3.99143743515, 5.93368434906, 2.09782743454, 1.90634441376, 0.432713031769, -0.452956914902, -1.11175870895, -1.75094258785, -1.20189321041, 7.35814285278, 3.54346752167, 9.69891834259, 5.06184196472, 15.5698623657, 9.4471321106, 3.89660215378],
        "max": [0.178790614009, 0.133925378323, 0.362339824438, 0.349740624428, 0.58054625988, 0.734071969986, 0.449023783207, 0.7377820611, 0.713404178619, 0.848619759083, 0.92892318964, 1, 1, 1, 0.453103125095, 1, 1, 1, 1, 1, 1, 1, 1, 1, 1, 1, 1, 1, 1, 1, 0.406264334917, 0.600550889969, 0.303377091885, 0.453172117472, 0.419706702232, 0.269965738058],
        "mean": [0.023453431204, 0.0214988496155, 0.0320316031575, 0.0333572737873, 0.0391361787915, 0.0449848696589, 0.0477232187986, 0.0454112887383, 0.0445912182331, 0.0582925751805, 0.085455045104, 0.136804565787, 0.162946179509, 0.127899318933, 0.0759892165661, 0.0830604359508, 0.133825615048, 0.147132664919, 0.149173602462, 0.157878324389, 0.138843968511, 0.138232335448, 0.169871538877, 0.196382537484, 0.236706659198, 0.281928509474, 0.363175779581, 0.480763375759, 0.360079556704, 0.118251696229, 0.0535292476416, 0.0527258105576, 0.0368071049452, 0.0352177992463, 0.0425567924976, 0.0360736101866],
