{
"metadata": {
    "version": {
        "essentia": "2.1-beta3"
    }
},
"lowLevel": {
    "average_loudness": 0.990033566952,
    "barkbands_kurtosis": {
        "kurt": 8.64647293091,
        "max": 175.471069336,
        "mean": 26.8689155579,
        "median": 20.6954250336,
        "min": 1.14749908447,
        "skew": 2.74337887764,
        "var": 807.207946777
    },
    "barkbands_skewness": {
        "kurt": -0.0254447460175,
        "max": 3.09113883972,
        "mean": -1.57410180569,
        "median": -1.50849533081,
        "min": -5.32869100571,
        "skew": 0.372066497803,
        "var": 2.85865783691
    },
    "barkbands_spread": {
        "kurt": 5.60846042633,
        "max": 11.2801828384,
        "mean": 2.3169028759,
        "median": 1.71258211136,
        "min": 0.224287331104,
        "skew": 2.12836027145,
        "var": 3.72197699547
    },
    "dissonance": {
        "kurt": 0.6302318573,
        "max": 0.499380797148,
        "mean": 0.422171741724,
        "median": 0.467441022396,
        "min": 0.134936109185,
        "skew": -1.29099047184,
        "var": 0.00845764018595
    },
    "hfc": {
        "kurt": 2.6417593956,
        "max": 7.45358848572,
        "mean": 2.01894712448,
        "median": 1.70989501476,
        "min": 0.0013959807111,
        "skew": 1.49787080288,
        "var": 1.9795498848
    },
    "pitch": {
        "kurt": 2.8492102623,
        "max": 1314.5144043,
        "mean": 966.305603027,
        "median": 980.253234863,
        "min": 253.673843384,
        "skew": -1.4149800539,
        "var": 41768.015625
    },
    "pitch_instantaneous_confidence": {
        "kurt": 1.78083276749,
        "max": 0.967454493046,
        "mean": 0.831995904446,
        "median": 0.869570195675,
        "min": 0.381728172302,
        "skew": -1.34402704239,
        "var": 0.0125209596008
    },
    "pitch_salience": {
        "kurt": -0.127819538116,
        "max": 0.964265406132,
        "mean": 0.50929671526,
        "median": 0.518927812576,
        "min": 0.18099232018,
        "skew": -0.241726353765,
        "var": 0.0221096705645
    },
    "silence_rate_20dB": {
        "kurt": 0,
        "max": 1,
        "mean": 1,
        "median": 1,
        "min": 1,
        "skew": 0,
        "var": 0
    },
    "silence_rate_30dB": {
        "kurt": 0,
        "max": 1,
        "mean": 1,
        "median": 1,
        "min": 1,
        "skew": 0,
        "var": 0
    },
    "silence_rate_60dB": {
        "kurt": 0.987079620361,
        "max": 1,
        "mean": 0.826923072338,
        "median": 1,
        "min": 0,
        "skew": -1.728317976,
        "var": 0.143121302128
    },
    "spectral_centroid": {
        "kurt": 0.0893414020538,
        "max": 1464.06213379,
        "mean": 979.945251465,
        "median": 991.458251953,
        "min": 765.002319336,
        "skew": 0.273768097162,
        "var": 17008.4257812
    },
    "spectral_complexity": {
        "kurt": 0.526264190674,
        "max": 6,
        "mean": 2.83653855324,
        "median": 3,
        "min": 0,
        "skew": 0.605649352074,
        "var": 1.27135741711
    },
    "spectral_crest": {
        "kurt": -0.870008230209,
        "max": 25.990562439,
        "mean": 18.5106391907,
        "median": 19.1316204071,
        "min": 7.41123962402,
        "skew": -0.365237027407,
        "var": 21.9860725403
    },
    "spectral_decrease": {
        "kurt": 5.48324012756,
        "max": -2.19085112465e-13,
        "mean": -5.19181975189e-10,
        "median": -4.12141876183e-10,
        "min": -2.32169727887e-09,
        "skew": -2.14638805389,
        "var": 1.73345209938e-19
    },
    "spectral_energy": {
        "kurt": 5.28113937378,
        "max": 0.00943868141621,
        "mean": 0.00214263470843,
        "median": 0.00172067759559,
        "min": 9.53498897616e-07,
        "skew": 2.10004329681,
        "var": 2.87594684778e-06
    },
    "spectral_energyband_high": {
        "kurt": 21.1286830902,
        "max": 2.38630582317e-06,
        "mean": 4.98794349824e-07,
        "median": 4.4547851985e-07,
        "min": 2.35650450264e-08,
        "skew": 3.5601606369,
        "var": 7.28985489053e-14
    },
    "spectral_energyband_low": {
        "kurt": 2.78525876999,
        "max": 8.72749515111e-05,
        "mean": 1.84764248843e-05,
        "median": 1.20990134747e-05,
        "min": 3.02817220188e-08,
        "skew": 1.68641972542,
        "var": 3.00717700741e-10
    },
    "spectral_energyband_middle_high": {
        "kurt": 0.662026882172,
        "max": 0.00538882054389,
        "mean": 0.00174716883339,
        "median": 0.00146736949682,
        "min": 8.33029446312e-07,
        "skew": 1.08695495129,
        "var": 1.49538345795e-06
    },
    "spectral_energyband_middle_low": {
        "kurt": 13.5889701843,
        "max": 0.0084987282753,
        "mean": 0.000683767197188,
        "median": 9.31269023567e-05,
        "min": 7.5612788919e-08,
        "skew": 3.63639879227,
        "var": 2.29371244131e-06
    },
    "spectral_flatness_db": {
        "kurt": 3.54675388336,
        "max": 0.476658880711,
        "mean": 0.349939137697,
        "median": 0.354129433632,
        "min": 0.0817713588476,
        "skew": -0.864866137505,
        "var": 0.00329047488049
    },
    "spectral_flux": {
        "kurt": -0.00336170196533,
        "max": 0.0756281912327,
        "mean": 0.0363753996789,
        "median": 0.0363559499383,
        "min": 0.0124491350725,
        "skew": 0.453076183796,
        "var": 0.00016728285118
    },
    "spectral_kurtosis": {
        "kurt": -0.38961815834,
        "max": 108.723838806,
        "mean": 46.6985626221,
        "median": 44.0746765137,
        "min": 5.15184020996,
        "skew": 0.41191264987,
        "var": 496.320465088
    },
    "spectral_rms": {
        "kurt": 1.41113233566,
        "max": 0.00303454604,
        "mean": 0.00135201076046,
        "median": 0.00129561231006,
        "min": 3.04998829961e-05,
        "skew": 0.802523553371,
        "var": 2.62442654275e-07
    },
    "spectral_rolloff": {
        "kurt": 1.50341463089,
        "max": 1787.25585938,
        "mean": 1067.96398926,
        "median": 1087.42675781,
        "min": 775.1953125,
        "skew": 0.317316293716,
        "var": 28547.625
    },
    "spectral_skewness": {
        "kurt": -0.573084354401,
        "max": 8.24106025696,
        "mean": 4.98549413681,
        "median": 4.86371660233,
        "min": 2.28712725639,
        "skew": 0.2539024055,
        "var": 1.68034434319
    },
    "spectral_spread": {
        "kurt": 56.5408248901,
        "max": 17394840,
        "mean": 1611784.25,
        "median": 1338667.125,
        "min": 707643.875,
        "skew": 7.33390617371,
        "var": 3.31443653837e+12
    },
    "spectral_strongpeak": {
        "kurt": 1.1378455162,
        "max": 2.74525666237,
        "mean": 0.90924590826,
        "median": 0.797140359879,
        "min": 0.000952569360379,
        "skew": 1.17944955826,
        "var": 0.352758467197
    },
    "zerocrossingrate": {
        "kurt": 5.36693954468,
        "max": 0.05517578125,
        "mean": 0.0447669401765,
        "median": 0.045654296875,
        "min": 0.005859375,
        "skew": -1.5571051836,
        "var": 5.63826142752e-05
    },
    "barkbands": {
        "kurt": [67.1961364746, 30.238319397, 4.31322622299, 4.97439193726, 1.35964345932, 2.05161571503, 21.9228286743, 2.75560379028, 10.4987802505, 7.64794540405, 5.10057067871, 4.40890645981, 21.5153141022, 16.5342597961, 8.559923172, 16.4709854126, 10.0791378021, 14.7553157806, 9.56141853333, 7.27765750885, 4.9227104187, 48.3913764954, 72.9745330811, 91.3909301758, 80.0885009766, 98.9409942627, 98.8679733276],
        "max": [1.08456873704e-07, 1.2395759768e-05, 5.6933338783e-05, 5.878263255e-05, 4.2318009946e-05, 1.71844840224e-05, 2.3710386813e-05, 7.70972837927e-06, 0.00152323837392, 0.00828452687711, 0.0035274005495, 0.00332052609883, 0.00123349926434, 1.16475448522e-05, 4.45882596978e-06, 2.54761125689e-05, 2.02796272788e-05, 1.80409151653e-05, 1.13670848805e-05, 3.07320920001e-06, 8.04387866538e-07, 4.49702355354e-07, 2.85032541569e-07, 2.16442202827e-07, 1.37947765211e-07, 7.51553841383e-08, 4.98009598005e-08],
        "mean": [4.44955183809e-09, 1.10486678295e-06, 9.92233435682e-06, 1.11211547846e-05, 1.29310355987e-05, 5.13431587024e-06, 3.00188685287e-06, 2.07751531889e-06, 0.000122057987028, 0.000918210775126, 0.000464688782813, 0.000521239941008, 5.87623071624e-05, 1.80397307759e-06, 6.25296650014e-07, 2.19404228119e-06, 2.69027395916e-06, 2.48916057899e-06, 1.58939792527e-06, 7.00563987266e-07, 2.12646000364e-07, 4.61980462774e-08, 1.90226856489e-08, 5.87886539449e-09, 3.01727753893e-09, 8.15695122558e-10, 5.60378521364e-10],
        "median": [1.54413948295e-09, 6.36768106688e-07, 6.7980536187e-06, 7.1341801231e-06, 1.08135764094e-05, 4.37549488197e-06, 2.14872807192e-06, 1.83424458555e-06, 1.57349313668e-05, 0.00017724224017, 0.000171457912074, 0.000215124920942, 4.14929036197e-06, 1.37635561259e-06, 3.56626713938e-07, 9.74261865849e-07, 1.49974471242e-06, 1.7167740225e-06, 9.66442826211e-07, 5.1717097449e-07, 1.81400793053e-07, 3.46366313408e-08, 1.52143577736e-08, 2.60004862085e-09, 6.71324773549e-10, 4.16635372036e-11, 3.1490393626e-11],
        "min": [3.26809829199e-11, 9.86816939275e-09, 1.26677779377e-08, 1.33437838556e-08, 1.88148963076e-08, 7.12729075758e-09, 5.3062696459e-09, 7.14733516816e-09, 1.90317326343e-08, 2.23527507615e-08, 9.41772242413e-08, 2.15307267126e-07, 1.07642406988e-07, 1.01358864413e-07, 5.05582633537e-08, 3.23490638721e-08, 2.42215030255e-08, 1.5094807182e-08, 1.46457423966e-08, 6.9134302727e-09, 6.31108720839e-09, 4.8254253926e-09, 3.25651328126e-09, 7.80256526056e-10, 2.4619384309e-10, 4.86924649906e-12, 1.12642608728e-13],
        "skew": [7.72020053864, 4.64082241058, 1.89237463474, 2.01505851746, 1.1627446413, 1.42116463184, 4.07806348801, 1.21832072735, 3.23026514053, 2.84088945389, 2.40458631516, 2.02437376976, 4.72456264496, 3.63868331909, 2.79050946236, 3.64901304245, 2.82901930809, 3.47249126434, 2.91380500793, 2.40100121498, 2.03410100937, 6.17455720901, 8.13284492493, 9.50292778015, 8.77640724182, 10.0452013016, 10.03972435],
        "var": [1.2693285023e-16, 2.20098028345e-12, 1.02922670386e-10, 1.18397319726e-10, 7.62414159583e-11, 1.16950832699e-11, 9.26864921619e-12, 1.49758580103e-12, 7.74438859708e-08, 2.91819651466e-06, 5.36300319709e-07, 4.77256207887e-07, 4.16455918639e-08, 3.06718170827e-12, 5.89552061683e-13, 1.32683820528e-11, 1.08940400104e-11, 7.04025769974e-12, 3.60201668839e-12, 2.48162493159e-13, 1.84199799646e-14, 2.2372249249e-15, 7.97125236606e-16, 4.47569985868e-16, 1.96499838241e-16, 5.36723485819e-17, 2.35565173131e-17],
        "cov": [[1.28165203759e-16, 1.17791594959e-14, 8.39288101501e-15, -2.27768197132e-15, -2.72763222565e-15, 4.48064377823e-15, 1.84545026982e-16, -6.58467901905e-16, -2.29823403147e-13, -1.62629783772e-12, -6.11188833918e-13, 3.4036230865e-12, -7.99586498358e-14, 5.80101355949e-15, -7.09055515311e-16, -2.06094826297e-15, -1.75818067702e-15, -3.14109547698e-15, 5.15263575228e-17, 5.54604404275e-16, 1.28868479333e-16, 2.24800873296e-17, 1.24118831417e-17, 8.39279948809e-18, 2.76221807477e-18, 3.2679048093e-18, 2.11566930617e-18], [1.17791594959e-14, 2.2223490409e-12, 3.35993689468e-12, 5.80324200153e-13, -1.71358980065e-13, -3.74445916981e-13, -1.20191915231e-13, 3.23835603515e-14, -2.52151199226e-11, -1.88860926897e-10, -7.23755291809e-11, 3.18121806675e-10, 1.8314121053e-11, 8.68002393052e-13, 1.64105274508e-13, -1.19965154347e-13, -6.31219252215e-14, -4.14752298261e-13, -1.13652285554e-13, 1.00554520223e-13, 2.81332625246e-14, 1.53093937674e-14, 8.37193389023e-15, 7.07396347174e-15, 4.91131895081e-15, 2.55209121184e-15, 1.68812840531e-15], [8.39288101501e-15, 3.35993689468e-12, 1.03921919681e-10, 6.53376241999e-11, 2.2790153445e-11, 2.48575422399e-12, -5.77671721222e-12, 2.3925683483e-12, -2.61074384333e-10, -7.41233630031e-10, 2.24458052145e-09, -7.34355215526e-11, 2.19068062302e-11, -4.50778818569e-13, 4.42194051558e-13, -5.08897568183e-12, -3.11211820203e-12, 3.58681292133e-12, -2.53415534e-13, -5.13321156415e-13, 4.18228358846e-13, 1.01765126816e-13, 4.28195686916e-14, 1.6152142422e-14, 1.2247009674e-14, 3.42711499811e-15, 2.24123647294e-15], [-2.27768197132e-15, 5.80324200153e-13, 6.53376241999e-11, 1.19546803012e-10, 8.03137157473e-12, 1.04352756904e-12, -2.92729837766e-12, 1.17685819857e-12, 1.05499331493e-10, -2.28497287758e-09, 1.6049558349e-09, -1.44244879929e-10, 2.63305748732e-11, 3.6738835715e-13, 6.01327906739e-13, 1.62127180171e-12, -8.26737820998e-13, 3.77095002359e-13, -5.98604174042e-13, 8.62928706356e-14, 2.91378059918e-13, 1.0820215031e-13, 4.90170682093e-14, 3.05193255379e-14, 2.6395310159e-14, 8.1896066602e-15, 5.44449315682e-15], [-2.72763222565e-15, -1.71358980065e-13, 2.2790153445e-11, 8.03137157473e-12, 7.69816224655e-11, 3.0308856553e-12, 3.40562322267e-12, 2.24808366367e-12, 1.35720323868e-10, -1.27011834383e-09, 1.45676903873e-09, -2.77408152005e-10, -1.43783776552e-10, -2.4466431485e-13, 1.13869254737e-12, 2.35187000083e-12, -1.77825820475e-12, 4.03331838414e-12, 1.57792398939e-12, -4.47204583478e-13, 1.1243828744e-14, 1.38181964989e-14, 1.21950382735e-14, 1.46929500816e-15, -2.42488507437e-15, 5.08804062268e-16, 3.34420227809e-16], [4.48064377823e-15, -3.74445916981e-13, 2.48575422399e-12, 1.04352756904e-12, 3.0308856553e-12, 1.18086278603e-11, 1.17540384977e-12, 1.35970282342e-13, -2.63297751657e-11, -3.21052823216e-10, 3.40995946757e-11, -2.26720604096e-11, -4.54264507954e-11, -4.81764151142e-13, -1.96039487269e-13, -1.37276507436e-12, 1.47836463123e-12, -4.32631279976e-13, 1.2370944655e-13, 2.66340552044e-13, -3.80845867538e-14, -1.13132515644e-14, -1.09406095837e-14, -8.23795784193e-15, -5.43495217771e-15, -2.87839710224e-15, -1.92287553983e-15], [1.84545026982e-16, -1.20191915231e-13, -5.77671721222e-12, -2.92729837766e-12, 3.40562322267e-12, 1.17540384977e-12, 9.35863539442e-12, 3.32420478947e-13, -9.61373966546e-11, -8.39368075045e-10, -2.90435731021e-11, 3.72106401247e-10, 3.49990245119e-11, 1.97016936185e-13, -6.32786127642e-14, -1.1112509567e-12, -1.38295267165e-12, -7.96787061243e-13, 1.54509586549e-12, 4.42426416412e-14, -4.12926156213e-14, 7.27993213248e-16, 6.53902193149e-15, 6.89461525659e-16, 3.89314275834e-17, -3.16746382439e-17, -2.88662277154e-17], [-6.58467901905e-16, 3.23835603515e-14, 2.3925683483e-12, 1.17685819857e-12, 2.24808366367e-12, 1.35970282342e-13, 3.32420478947e-13, 1.51212549426e-12, 1.76011323572e-11, -1.45680065233e-10, 1.87634196375e-11, -9.34054656537e-12, 2.2852112997e-12, -9.50848083538e-14, -1.20626517672e-13, 4.90942789894e-13, 2.61467469854e-13, -1.14297135125e-13, 2.28455682106e-13, 8.42073738755e-15, 1.10346548048e-14, 3.43578226274e-15, 5.42690663526e-15, 2.61184197473e-15, 5.92076771285e-16, 2.35667965211e-16, 1.51957710737e-16], [-2.29823403147e-13, -2.52151199226e-11, -2.61074384333e-10, 1.05499331493e-10, 1.35720323868e-10, -2.63297751657e-11, -9.61373966546e-11, 1.76011323572e-11, 7.81957680829e-08, 1.67070197676e-07, -3.62306380453e-08, -4.53306050474e-08, -3.44219563964e-09, 4.68785253671e-11, -3.82098831742e-11, 7.39609817835e-10, 1.85179677148e-10, -1.53971987937e-10, -4.42805861423e-11, 2.22141784134e-11, -1.86181972617e-12, -2.12469690279e-12, -5.66915763466e-13, -3.34505020254e-13, -2.41423038245e-13, -6.31285591835e-14, -3.38174854873e-14], [-1.62629783772e-12, -1.88860926897e-10, -7.41233630031e-10, -2.28497287758e-09, -1.27011834383e-09, -3.21052823216e-10, -8.39368075045e-10, -1.45680065233e-10, 1.67070197676e-07, 2.94652863886e-06, -1.9019711317e-07, -3.87978957406e-07, -2.83241661236e-08, -1.81037435043e-10, -1.58212914991e-10, -5.01940489173e-10, 2.70211586439e-09, -5.65288316157e-10, -4.53491771912e-10, -3.84955192723e-11, 1.83244023254e-12, -1.37224511268e-11, -6.14674457167e-12, -1.82073280064e-12, -2.00228570703e-12, -6.19318778119e-13, -3.92967369799e-13], [-6.11188833918e-13, -7.23755291809e-11, 2.24458052145e-09, 1.6049558349e-09, 1.45676903873e-09, 3.40995946757e-11, -2.90435731021e-11, 1.87634196375e-11, -3.62306380453e-08, -1.9019711317e-07, 5.41507120033e-07, -8.22656289756e-08, -9.19078857464e-09, -2.99383740021e-10, 1.74189052071e-10, -3.89793891609e-10, -5.99097327303e-10, 5.44235656541e-10, 1.23684118503e-10, -8.19288942244e-11, -3.56590278139e-12, 1.28947948239e-12, 8.59542797181e-13, -6.41504807174e-13, -6.67099730491e-13, -3.2525520363e-13, -2.18188897397e-13], [3.4036230865e-12, 3.18121806675e-10, -7.34355215526e-11, -1.44244879929e-10, -2.77408152005e-10, -2.26720604096e-11, 3.72106401247e-10, -9.34054656537e-12, -4.53306050474e-08, -3.87978957406e-07, -8.22656289756e-08, 4.81889742332e-07, 2.26942002968e-08, 3.82915088526e-10, -4.88739430871e-11, -2.40511777161e-10, -6.41297681625e-10, -4.50710940791e-10, 3.32262106717e-10, 8.40604842678e-12, -6.26193920935e-13, 7.89944823963e-13, 8.52474124277e-13, 7.71537185269e-13, 1.58718806327e-12, 3.75630895746e-13, 2.4656101813e-13], [-7.99586498358e-14, 1.8314121053e-11, 2.19068062302e-11, 2.63305748732e-11, -1.43783776552e-10, -4.54264507954e-11, 3.49990245119e-11, 2.2852112997e-12, -3.44219563964e-09, -2.83241661236e-08, -9.19078857464e-09, 2.26942002968e-08, 4.20499191023e-08, 6.9189272367e-11, 1.23270777266e-11, -1.30782901869e-11, 1.24679858451e-11, -6.55761764334e-11, -9.89410636754e-12, 8.21116351996e-12, 2.18375664773e-12, -6.11092610975e-13, -2.76792071251e-13, -5.64922593297e-14, -2.8512528303e-14, -2.56867463464e-15, -1.7532010762e-15], [5.80101355949e-15, 8.68002393052e-13, -4.50778818569e-13, 3.6738835715e-13, -2.4466431485e-13, -4.81764151142e-13, 1.97016936185e-13, -9.50848083538e-14, 4.68785253671e-11, -1.81037435043e-10, -2.99383740021e-10, 3.82915088526e-10, 6.9189272367e-11, 3.0969601883e-12, 3.63248764835e-13, 1.27115245413e-12, 1.07210342492e-13, -1.36331516822e-12, 4.45000400461e-13, 2.35037494025e-13, 4.22615230571e-14, 3.7437836441e-14, 2.32549914113e-14, 1.94589116142e-14, 1.26864283442e-14, 7.1476900665e-15, 4.73172509611e-15], [-7.09055515311e-16, 1.64105274508e-13, 4.42194051558e-13, 6.01327906739e-13, 1.13869254737e-12, -1.96039487269e-13, -6.32786127642e-14, -1.20626517672e-13, -3.82098831742e-11, -1.58212914991e-10, 1.74189052071e-10, -4.88739430871e-11, 1.23270777266e-11, 3.63248764835e-13, 5.95275836002e-13, -3.82501647543e-13, -2.11396113288e-13, 8.71311107032e-13, 6.98965286149e-14, -1.49766893901e-14, 2.50791310733e-14, 1.75712698921e-14, 1.05095697634e-14, 7.98965352157e-15, 4.8718556858e-15, 2.77852852963e-15, 1.8346360943e-15], [-2.06094826297e-15, -1.19965154347e-13, -5.08897568183e-12, 1.62127180171e-12, 2.35187000083e-12, -1.37276507436e-12, -1.1112509567e-12, 4.90942789894e-13, 7.39609817835e-10, -5.01940489173e-10, -3.89793891609e-10, -2.40511777161e-10, -1.30782901869e-11, 1.27115245413e-12, -3.82501647543e-13, 1.33972017508e-11, 3.26970574097e-13, -1.89006015699e-12, 2.12825633852e-13, 2.45273934626e-13, -1.59065977349e-14, -1.41199816325e-14, 1.43802445758e-15, 1.5229442751e-15, 7.73794984624e-16, 1.19158445674e-15, 8.65608750365e-16], [-1.75818067702e-15, -6.31219252215e-14, -3.11211820203e-12, -8.26737820998e-13, -1.77825820475e-12, 1.47836463123e-12, -1.38295267165e-12, 2.61467469854e-13, 1.85179677148e-10, 2.70211586439e-09, -5.99097327303e-10, -6.41297681625e-10, 1.24679858451e-11, 1.07210342492e-13, -2.11396113288e-13, 3.26970574097e-13, 1.09998069681e-11, -1.37957483978e-12, -1.36926819709e-12, 6.87268387952e-15, -1.84662415161e-14, -5.02486752904e-15, -3.2425465189e-15, -5.764883475e-16, -1.39455949128e-15, -9.54152770405e-17, -5.4962981948e-17], [-3.14109547698e-15, -4.14752298261e-13, 3.58681292133e-12, 3.77095002359e-13, 4.03331838414e-12, -4.32631279976e-13, -7.96787061243e-13, -1.14297135125e-13, -1.53971987937e-10, -5.65288316157e-10, 5.44235656541e-10, -4.50710940791e-10, -6.55761764334e-11, -1.36331516822e-12, 8.71311107032e-13, -1.89006015699e-12, -1.37957483978e-12, 7.10860970782e-12, -6.28676093389e-13, -1.47392989198e-13, 5.7690682201e-14, 1.76883874437e-14, 4.47162203031e-15, -6.59773338495e-16, -1.86353156451e-15, -7.93866700858e-16, -5.44028774412e-16], [5.15263575228e-17, -1.13652285554e-13, -2.53415534e-13, -5.98604174042e-13, 1.57792398939e-12, 1.2370944655e-13, 1.54509586549e-12, 2.28455682106e-13, -4.42805861423e-11, -4.53491771912e-10, 1.23684118503e-10, 3.32262106717e-10, -9.89410636754e-12, 4.45000400461e-13, 6.98965286149e-14, 2.12825633852e-13, -1.36926819709e-12, -6.28676093389e-13, 3.63698762947e-12, 9.31768564757e-14, -1.74869545385e-14, 5.6001617189e-15, 1.01762529813e-14, 7.1271588349e-15, 3.57019474477e-15, 1.7826670231e-15, 1.17173921594e-15], [5.54604404275e-16, 1.00554520223e-13, -5.13321156415e-13, 8.62928706356e-14, -4.47204583478e-13, 2.66340552044e-13, 4.42426416412e-14, 8.42073738755e-15, 2.22141784134e-11, -3.84955192723e-11, -8.19288942244e-11, 8.40604842678e-12, 8.21116351996e-12, 2.35037494025e-13, -1.49766893901e-14, 2.45273934626e-13, 6.87268387952e-15, -1.47392989198e-13, 9.31768564757e-14, 2.50571834332e-13, 1.27746650369e-16, -2.19388044905e-16, -1.07772058373e-16, 3.4736209715e-16, 2.48732002511e-17, 6.01124128718e-17, 4.18982134207e-17], [1.28868479333e-16, 2.81332625246e-14, 4.18228358846e-13, 2.91378059918e-13, 1.1243828744e-14, -3.80845867538e-14, -4.12926156213e-14, 1.10346548048e-14, -1.86181972617e-12, 1.83244023254e-12, -3.56590278139e-12, -6.26193920935e-13, 2.18375664773e-12, 4.22615230571e-14, 2.50791310733e-14, -1.59065977349e-14, -1.84662415161e-14, 5.7690682201e-14, -1.74869545385e-14, 1.27746650369e-16, 1.85988140308e-14, 2.83864711657e-15, 1.70378538582e-15, 1.31863865767e-15, 7.08562224499e-16, 4.29301655717e-16, 2.84133258159e-16], [2.24800873296e-17, 1.53093937674e-14, 1.01765126816e-13, 1.0820215031e-13, 1.38181964989e-14, -1.13132515644e-14, 7.27993213248e-16, 3.43578226274e-15, -2.12469690279e-12, -1.37224511268e-11, 1.28947948239e-12, 7.89944823963e-13, -6.11092610975e-13, 3.7437836441e-14, 1.75712698921e-14, -1.41199816325e-14, -5.02486752904e-15, 1.76883874437e-14, 5.6001617189e-15, -2.19388044905e-16, 2.83864711657e-15, 2.25894539077e-15, 1.16043079669e-15, 8.51485058304e-16, 5.37946071999e-16, 2.93175811327e-16, 1.93891559099e-16], [1.24118831417e-17, 8.37193389023e-15, 4.28195686916e-14, 4.90170682093e-14, 1.21950382735e-14, -1.09406095837e-14, 6.53902193149e-15, 5.42690663526e-15, -5.66915763466e-13, -6.14674457167e-12, 8.59542797181e-13, 8.52474124277e-13, -2.76792071251e-13, 2.32549914113e-14, 1.05095697634e-14, 1.43802445758e-15, -3.2425465189e-15, 4.47162203031e-15, 1.01762529813e-14, -1.07772058373e-16, 1.70378538582e-15, 1.16043079669e-15, 8.04864311948e-16, 5.71192644574e-16, 3.53017974367e-16, 1.93654032532e-16, 1.2818066211e-16], [8.39279948809e-18, 7.07396347174e-15, 1.6152142422e-14, 3.05193255379e-14, 1.46929500816e-15, -8.23795784193e-15, 6.89461525659e-16, 2.61184197473e-15, -3.34505020254e-13, -1.82073280064e-12, -6.41504807174e-13, 7.71537185269e-13, -5.64922593297e-14, 1.94589116142e-14, 7.98965352157e-15, 1.5229442751e-15, -5.764883475e-16, -6.59773338495e-16, 7.1271588349e-15, 3.4736209715e-16, 1.31863865767e-15, 8.51485058304e-16, 5.71192644574e-16, 4.51915317827e-16, 2.81088809989e-16, 1.53423143911e-16, 1.01584701069e-16], [2.76221807477e-18, 4.91131895081e-15, 1.2247009674e-14, 2.6395310159e-14, -2.42488507437e-15, -5.43495217771e-15, 3.89314275834e-17, 5.92076771285e-16, -2.41423038245e-13, -2.00228570703e-12, -6.67099730491e-13, 1.58718806327e-12, -2.8512528303e-14, 1.26864283442e-14, 4.8718556858e-15, 7.73794984624e-16, -1.39455949128e-15, -1.86353156451e-15, 3.57019474477e-15, 2.48732002511e-17, 7.08562224499e-16, 5.37946071999e-16, 3.53017974367e-16, 2.81088809989e-16, 1.98407594667e-16, 9.83331864298e-17, 6.5129845622e-17], [3.2679048093e-18, 2.55209121184e-15, 3.42711499811e-15, 8.1896066602e-15, 5.08804062268e-16, -2.87839710224e-15, -3.16746382439e-17, 2.35667965211e-16, -6.31285591835e-14, -6.19318778119e-13, -3.2525520363e-13, 3.75630895746e-13, -2.56867463464e-15, 7.1476900665e-15, 2.77852852963e-15, 1.19158445674e-15, -9.54152770405e-17, -7.93866700858e-16, 1.7826670231e-15, 6.01124128718e-17, 4.29301655717e-16, 2.93175811327e-16, 1.93654032532e-16, 1.53423143911e-16, 9.83331864298e-17, 5.41934392806e-17, 3.59010514093e-17], [2.11566930617e-18, 1.68812840531e-15, 2.24123647294e-15, 5.44449315682e-15, 3.34420227809e-16, -1.92287553983e-15, -2.88662277154e-17, 1.51957710737e-16, -3.38174854873e-14, -3.92967369799e-13, -2.18188897397e-13, 2.4656101813e-13, -1.7532010762e-15, 4.73172509611e-15, 1.8346360943e-15, 8.65608750365e-16, -5.4962981948e-17, -5.44028774412e-16, 1.17173921594e-15, 4.18982134207e-17, 2.84133258159e-16, 1.93891559099e-16, 1.2818066211e-16, 1.01584701069e-16, 6.5129845622e-17, 3.59010514093e-17, 2.37852211719e-17]]
    },
    "mfcc": {
        "kurt": [58.4671821594, 47.9962997437, 0.422012090683, 0.00467085838318, 0.419593095779, 0.0262508392334, -0.010326385498, -0.483006715775, -0.756735563278, -0.49419093132, -0.470833778381, -0.754548072815, -0.856180667877],
        "max": [-851.715759277, 179.680969238, -15.225692749, -3.47361373901, 4.35627746582, 27.8681030273, 58.6880264282, 51.8186569214, 34.3870506287, -4.34201049805, -1.59934616089, 15.6885852814, 16.3636627197],
        "mean": [-899.994506836, 158.209213257, -35.8995132446, -26.2395210266, -24.535993576, -12.5196170807, 38.5401649475, 29.494474411, -6.86275720596, -26.8534927368, -26.3647117615, -8.53102684021, -4.25377321243],
        "median": [-898.215209961, 160.603210449, -35.7759361267, -25.5994186401, -24.2341346741, -11.8473434448, 40.309967041, 30.5198459625, -10.0219650269, -27.608001709, -28.0388011932, -8.16854476929, -2.55377960205],
        "min": [-1095.50256348, 32.285320282, -63.8697319031, -51.1609268188, -43.1405944824, -40.5541191101, 1.91273880005, 0.830520629883, -34.5126724243, -43.1333389282, -49.7000770569, -31.7585411072, -26.9345207214],
        "skew": [-6.68641662598, -5.92211675644, -0.324666589499, -0.152394920588, 0.29890280962, 0.252544641495, -0.485576599836, -0.217913016677, 0.467992901802, 0.437939018011, 0.237869918346, -0.11814750731, -0.174984931946],
        "var": [479.391662598, 218.24647522, 67.9307174683, 104.209503174, 69.1468811035, 178.182342529, 119.913612366, 104.060371399, 278.623626709, 87.1458053589, 89.341255188, 103.652008057, 109.996543884],
        "cov": [[484.045959473, 286.790710449, -73.1793289185, -27.8213939667, -46.1901550293, -29.5259170532, 64.4356918335, 47.8111991882, -16.3200836182, -26.0208702087, -18.1540603638, 0.448761284351, -1.3709307909], [286.790710449, 220.365371704, -22.0897274017, -32.8135528564, -40.577911377, -45.7786140442, 37.3404350281, 50.6397514343, 8.89067363739, -18.0336589813, -30.076915741, -14.1703109741, -13.5267181396], [-73.1793289185, -22.0897274017, 68.5902404785, 52.1179733276, 5.00761938095, -24.2614040375, -30.7322044373, 15.3744764328, 49.0533599854, 6.87181138992, -26.0197257996, -26.7728500366, -24.3413734436], [-27.8213939667, -32.8135528564, 52.1179733276, 105.221244812, 30.7997646332, -30.5754871368, -37.2229957581, 7.122651577, 45.3064689636, 6.14922428131, -28.3770599365, -27.6938381195, -16.7169284821], [-46.1901550293, -40.577911377, 5.00761938095, 30.7997646332, 69.8182067871, 62.3611717224, -1.13468503952, -28.7754211426, -26.2205638885, -2.51139521599, 22.8857154846, 23.3487586975, 29.6293811798], [-29.5259170532, -45.7786140442, -24.2614040375, -30.5754871368, 62.3611717224, 179.912261963, 90.4521026611, -79.3048858643, -141.599273682, -34.5090255737, 89.372215271, 95.0112838745, 87.7415390015], [64.4356918335, 37.3404350281, -30.7322044373, -37.2229957581, -1.13468503952, 90.4521026611, 121.077819824, -19.8490200043, -130.187515259, -46.7961273193, 50.289352417, 55.1154747009, 67.2660064697], [47.8111991882, 50.6397514343, 15.3744764328, 7.122651577, -28.7754211426, -79.3048858643, -19.8490200043, 105.070663452, 118.388343811, 10.896905899, -61.606502533, -68.1327285767, -61.4199790955], [-16.3200836182, 8.89067363739, 49.0533599854, 45.3064689636, -26.2205638885, -141.599273682, -130.187515259, 118.388343811, 281.328704834, 93.1973724365, -101.250785828, -110.799331665, -137.747299194], [-26.0208702087, -18.0336589813, 6.87181138992, 6.14922428131, -2.51139521599, -34.5090255737, -46.7961273193, 10.896905899, 93.1973724365, 87.9918823242, 3.04568195343, -23.2505531311, -41.7164306641], [-18.1540603638, -30.076915741, -26.0197257996, -28.3770599365, 22.8857154846, 89.372215271, 50.289352417, -61.606502533, -101.250785828, 3.04568195343, 90.2086410522, 76.9953231812, 55.0157661438], [0.448761284351, -14.1703109741, -26.7728500366, -27.6938381195, 23.3487586975, 95.0112838745, 55.1154747009, -68.1327285767, -110.799331665, -23.2505531311, 76.9953231812, 104.658332825, 75.4223861694], [-1.3709307909, -13.5267181396, -24.3413734436, -16.7169284821, 29.6293811798, 87.7415390015, 67.2660064697, -61.4199790955, -137.747299194, -41.7164306641, 55.0157661438, 75.4223861694, 111.064468384]]
    },
    "sccoeffs": {
        "kurt": [1.44913864136, 0.499401092529, -0.370269775391, -0.429360628128, 2.44026660919, 16.323928833],
        "max": [-0.56715708971, -0.746609091759, -0.528690099716, -0.496935099363, -0.730490446091, -0.754031181335],
        "mean": [-0.700533986092, -0.851516366005, -0.666521608829, -0.717364549637, -0.801997482777, -0.791102349758],
        "median": [-0.701066374779, -0.854215145111, -0.65734064579, -0.746404647827, -0.799530208111, -0.788411974907],
        "min": [-0.928666174412, -0.960139334202, -0.897981464863, -0.892472326756, -0.923214614391, -0.936143279076],
        "skew": [-0.432116836309, 0.445601850748, -0.455990344286, 0.664910256863, -0.629634559155, -3.25282764435],
        "var": [0.00316983927041, 0.00148009718396, 0.00571839697659, 0.0078676789999, 0.000786902965046, 0.000602546380833],
        "cov": [[0.00320061435923, 0.000509923498612, 0.00111988116987, -0.000727290695067, 0.000214687723201, 0.000405348662753], [0.000509923498612, 0.00149446714204, 6.12077492406e-05, 0.000202993920539, 0.000222693444812, 0.000151634449139], [0.00111988116987, 6.12077492406e-05, 0.00577391544357, -0.00274252844974, 0.000557776191272, 0.000413908070186], [-0.000727290695067, 0.000202993920539, -0.00274252844974, 0.00794406421483, 4.11648543377e-05, 0.00050581258256], [0.000214687723201, 0.000222693444812, 0.000557776191272, 4.11648543377e-05, 0.000794542778749, 0.000227160388022], [0.000405348662753, 0.000151634449139, 0.000413908070186, 0.00050581258256, 0.000227160388022, 0.000608396308962]]
    },
    "scvalleys": {
        "kurt": [1.46320962906, 15.4130821228, 11.397974968, 7.33235454559, 8.18795204163, 31.6474075317],
        "max": [-7.43136930466, -7.36926412582, -5.77794885635, -7.63572978973, -8.96109008789, -10.0849971771],
        "mean": [-8.60900020599, -8.05417346954, -6.82080173492, -9.42341041565, -9.89058589935, -13.0838260651],
        "median": [-8.58231449127, -7.98773288727, -6.80292367935, -9.4261636734, -9.87419128418, -13.1325550079],
        "min": [-10.1579790115, -10.3894987106, -9.85396671295, -10.0470094681, -11.1562614441, -13.6456785202],
        "skew": [-0.272152900696, -2.70130205154, -1.996768713, 1.55881106853, -0.948192238808, 4.53793525696],
        "var": [0.177208170295, 0.128435507417, 0.246452361345, 0.106212869287, 0.0567812994123, 0.151465460658],
        "cov": [[0.178928628564, 0.0473725870252, 0.0663871988654, 0.0253752805293, 0.0274010449648, -0.00208627595566], [0.0473725870252, 0.129682451487, 0.0573739483953, 0.0136752706021, 0.0365202762187, -0.0101285688579], [0.0663871988654, 0.0573739483953, 0.248845115304, 0.000575689424295, 0.0252187997103, -0.0581299848855], [0.0253752805293, 0.0136752706021, 0.000575689424295, 0.107244066894, 0.0285134427249, 0.0765861570835], [0.0274010449648, 0.0365202762187, 0.0252187997103, 0.0285134427249, 0.0573325753212, 0.0326654203236], [-0.00208627595566, -0.0101285688579, -0.0581299848855, 0.0765861570835, 0.0326654203236, 0.152935996652]]
    }
},
"rhythm": {
    "beats_loudness": {
        "kurt": -1.88274693489,
        "max": 0.00392431952059,
        "mean": 0.00279844552279,
        "median": 0.00275942403823,
        "min": 0.00190045579802,
        "skew": 0.0713969096541,
        "var": 7.51075276639e-07
    },
    "bpm": 172.265670776,
    "confidence": 0,
    "first_peak_bpm": {
        "kurt": 0,
        "max": 172,
        "mean": 172,
        "median": 172,
        "min": 172,
        "skew": 0,
        "var": 0
    },
    "first_peak_spread": {
        "kurt": 0,
        "max": 0,
        "mean": 0,
        "median": 0,
        "min": 0,
        "skew": 0,
        "var": 0
    },
    "first_peak_weight": {
        "kurt": 0,
        "max": 0.600000023842,
        "mean": 0.600000023842,
        "median": 0.600000023842,
        "min": 0.600000023842,
        "skew": 0,
        "var": 0
    },
    "onset_rate": 4.21259784698,
    "second_peak_bpm": {
        "kurt": 0,
        "max": 157,
        "mean": 157,
        "median": 157,
        "min": 157,
        "skew": 0,
        "var": 0
    },
    "second_peak_spread": {
        "kurt": 0,
        "max": 0.5,
        "mean": 0.5,
        "median": 0.5,
        "min": 0.5,
        "skew": 0,
        "var": 0
    },
    "second_peak_weight": {
        "kurt": 0,
        "max": 0.20000000298,
        "mean": 0.20000000298,
        "median": 0.20000000298,
        "min": 0.20000000298,
        "skew": 0,
        "var": 0
    },
    "beats_loudness_band_ratio": {
        "kurt": [-1.29584646225, -1.43140470982, 1.04203462601, 0.543559789658, -1.14819955826, -0.783692121506],
        "max": [0.0171198491007, 0.0134866591543, 0.948561191559, 0.936808764935, 0.0162966568023, 0.00141189747956],
        "mean": [0.00910005252808, 0.00814746040851, 0.783963978291, 0.391732692719, 0.00823324732482, 0.000732220942155],
        "median": [0.00800482183695, 0.00693116569892, 0.893783450127, 0.34692761302, 0.00680250115693, 0.000524401431903],
        "min": [0.00165451783687, 0.00357333268039, 0.214891210198, 0.108293421566, 0.00243023363873, 0.000436537520727],
        "skew": [0.231484740973, 0.381161868572, -1.70280110836, 1.31501460075, 0.481334269047, 0.940195441246],
        "var": [2.91081832984e-05, 1.3434990251e-05, 0.0662197247148, 0.0668718144298, 2.3036280254e-05, 1.34177156497e-07],
        "cov": [[3.49298206856e-05, 7.32222997613e-06, -0.00119007821195, 0.00102665042505, 5.18035585628e-06, -7.60967736824e-07], [7.32222997613e-06, 1.6121988665e-05, -0.000655165407807, 0.000295085774269, 1.37474735311e-05, -9.64216951616e-07], [-0.00119007821195, -0.000655165407807, 0.0794636756182, -0.0718190073967, -0.000246957817581, 2.77996205114e-05], [0.00102665042505, 0.000295085774269, -0.0718190073967, 0.0802461802959, -0.000413858157117, -2.33633945754e-05], [5.18035585628e-06, 1.37474735311e-05, -0.000246957817581, -0.000413858157117, 2.76435366686e-05, 2.33299495278e-08], [-7.60967736824e-07, -9.64216951616e-07, 2.77996205114e-05, -2.33633945754e-05, 2.33299495278e-08, 1.6101259348e-07]]
    },
    "beats_position": [0.383129239082, 0.766258478165, 1.13777780533, 1.48607707024, 1.83437633514, 2.18267560005],
    "bpm_estimates": [172.265655518, 172.265655518, 172.265655518],
    "bpm_intervals": [0.383129239082, 0.371519327164, 0.348299264908, 0.348299264908, 0.348299264908],
    "onset_times": [0.0116099771112, 0.0812698379159, 0.441179126501, 1.14938771725, 1.39319729805, 1.60217690468, 1.74149656296, 1.95047616959, 2.10140585899, 2.29877543449],
    "histogram": [[0, 0, 0, 0, 0, 0, 0, 0, 0, 0, 0, 0, 0, 0, 0, 0, 0, 0, 0, 0, 0, 0, 0, 0, 0, 0, 0, 0, 0, 0, 0, 0, 0, 0, 0, 0, 0, 0, 0, 0, 0, 0, 0, 0, 0, 0, 0, 0, 0, 0, 0, 0, 0, 0, 0, 0, 0, 0, 0, 0, 0, 0, 0, 0, 0, 0, 0, 0, 0, 0, 0, 0, 0, 0, 0, 0, 0, 0, 0, 0, 0, 0, 0, 0, 0, 0, 0, 0, 0, 0, 0, 0, 0, 0, 0, 0, 0, 0, 0, 0, 0, 0, 0, 0, 0, 0, 0, 0, 0, 0, 0, 0, 0, 0, 0, 0, 0, 0, 0, 0, 0, 0, 0, 0, 0, 0, 0, 0, 0, 0, 0, 0, 0, 0, 0, 0, 0, 0, 0, 0, 0, 0, 0, 0, 0, 0, 0, 0, 0, 0, 0, 0, 0, 0, 0, 0, 0, 0.20000000298, 0, 0, 0, 0.20000000298, 0, 0, 0, 0, 0, 0, 0, 0, 0, 0, 0.600000023842, 0, 0, 0, 0, 0, 0, 0, 0, 0, 0, 0, 0, 0, 0, 0, 0, 0, 0, 0, 0, 0, 0, 0, 0, 0, 0, 0, 0, 0, 0, 0, 0, 0, 0, 0, 0, 0, 0, 0, 0, 0, 0, 0, 0, 0, 0, 0, 0, 0, 0, 0, 0, 0, 0, 0, 0, 0, 0, 0, 0, 0, 0, 0, 0, 0, 0, 0, 0, 0, 0, 0, 0, 0, 0, 0, 0, 0]]
},
"sfx": {
    "inharmonicity": {
        "kurt": 25.8918590546,
        "max": 0.390631347895,
        "mean": 0.0135987680405,
        "median": 0.000108580446977,
        "min": 1.58923410254e-06,
        "skew": 5.20199728012,
        "var": 0.00440494623035
    },
    "oddtoevenharmonicenergyratio": {
        "kurt": 60.9062156677,
        "max": 3.0711452961,
        "mean": 0.0512968637049,
        "median": 0.000604467582889,
        "min": 3.88541484426e-05,
        "skew": 7.73295211792,
        "var": 0.116939075291
    },
    "pitch_after_max_to_before_max_energy_ratio": 0.0170319210738,
    "pitch_centroid": 51.5060272217,
    "pitch_max_to_total": 0.990384638309,
    "pitch_min_to_total": 0.807692289352,
    "tristimulus": {
        "kurt": [14.1237277985, 20.4423484802, 28.1878700256],
        "max": [0.983835935593, 0.909119427204, 0.515574276447],
        "mean": [0.88655257225, 0.0925032049417, 0.0209443233907],
        "median": [0.939865469933, 0.0554902330041, 0.00308110727929],
        "min": [0.00880144536495, 0.0161641295999, 0],
        "skew": [-3.91230916977, 4.35954999924, 5.43266534805],
        "var": [0.0394455343485, 0.0186642874032, 0.00698162382469],
        "cov": [[0.0398284979165, -0.0258123073727, -0.0140162119642], [-0.0258123073727, 0.0188454948366, 0.00696680927649], [-0.0140162119642, 0.00696680927649, 0.00704940641299]]
    }
},
"tonal": {
    "chords_changes_rate": 0.0566037744284,
    "chords_number_rate": 0.0754716992378,
    "chords_strength": {
        "kurt": -1.04424881935,
        "max": 0.481747925282,
        "mean": 0.410872936249,
        "median": 0.406618863344,
        "min": 0.336611807346,
        "skew": 0.155148267746,
        "var": 0.00145239639096
    },
    "key_strength": 0.538034558296,
    "tuning_diatonic_strength": 0.317795455456,
    "tuning_equal_tempered_deviation": 0.252604812384,
    "tuning_frequency": 442.804626465,
    "tuning_nontempered_energy_ratio": 0.910926640034,
    "hpcp": {
        "kurt": [11.0154561996, 7.75673484802, 2.78179073334, 2.97639274597, 2.41593170166, 4.37285041809, 2.04798030853, 2.01483106613, 1.66490983963, 3.11259555817, 4.36134576797, 7.90001964569, 0.847585916519, -0.438439369202, -0.993144989014, 0.136046171188, 2.34392976761, 4.20918464661, 6.90849876404, 4.25474691391, 29.3395042419, 41.0466079712, 15.9118843079, 6.00952625275, 13.3009967804, 11.2378950119, 45.4767951965, 22.2062683105, 8.01318740845, 1.6890707016, 0.325371265411, 0.469300031662, 3.47373247147, 9.16001415253, 13.018529892, 16.6132545471],
        "max": [0.6233907938, 1, 1, 1, 1, 1, 0.850712656975, 1, 0.987231492996, 1, 1, 0.948516964912, 0.822365820408, 1, 1, 1, 1, 0.896824777126, 1, 0.716843426228, 1, 0.510287165642, 0.0809208899736, 0.0572701841593, 0.0732028186321, 0.101855047047, 0.785547971725, 1, 1, 1, 1, 1, 1, 1, 1, 0.73024058342],
        "mean": [0.0621700808406, 0.117790542543, 0.161734998226, 0.174318313599, 0.167556509376, 0.15208978951, 0.153810039163, 0.19105373323, 0.187230542302, 0.176909357309, 0.168401569128, 0.126192525029, 0.191363245249, 0.319599956274, 0.332837402821, 0.267568796873, 0.183666333556, 0.128077685833, 0.133231386542, 0.0982613861561, 0.0461089648306, 0.0195980481803, 0.00826702266932, 0.0088463332504, 0.00856898259372, 0.010847074911, 0.0281821843237, 0.0677369609475, 0.110808864236, 0.164171233773, 0.246485605836, 0.230902731419, 0.13458929956, 0.10090174526, 0.0852845236659, 0.0554313249886],
