{
"metadata": {
    "version": {
        "essentia": "2.1-beta3"
    }
},
"lowLevel": {
    "average_loudness": 0.0121983690187,
    "barkbands_kurtosis": {
        "kurt": 27.2987766266,
        "max": 46.6110687256,
        "mean": 3.05369281769,
        "median": 1.6206111908,
        "min": -1.39209258556,
        "skew": 4.68601846695,
        "var": 29.3853206635
    },
    "barkbands_skewness": {
        "kurt": 6.09809780121,
        "max": 6.48058319092,
        "mean": 1.2914686203,
        "median": 1.10706567764,
        "min": -0.262008517981,
        "skew": 1.94799423218,
        "var": 0.850153625011
    },
    "barkbands_spread": {
        "kurt": -0.0722870826721,
        "max": 28.6501178741,
        "mean": 12.0168495178,
        "median": 12.2541151047,
        "min": 1.38197565079,
        "skew": -0.0391221195459,
        "var": 17.6722869873
    },
    "dissonance": {
        "kurt": 1.5694642067,
        "max": 0.499998480082,
        "mean": 0.445257633924,
        "median": 0.456892341375,
        "min": 0.219821274281,
        "skew": -1.22252321243,
        "var": 0.00179616222158
    },
    "hfc": {
        "kurt": 18.5225639343,
        "max": 0.0881970971823,
        "mean": 0.00396009301767,
        "median": 0.00048307821271,
        "min": 1.34070487547e-05,
        "skew": 3.70238518715,
        "var": 7.70265978645e-05
    },
    "pitch": {
        "kurt": -1.04230201244,
        "max": 1012.35943604,
        "mean": 371.011108398,
        "median": 314.734558105,
        "min": 53.667263031,
        "skew": 0.567730665207,
        "var": 34592.1757812
    },
    "pitch_instantaneous_confidence": {
        "kurt": -1.07686686516,
        "max": 0.982240378857,
        "mean": 0.565246880054,
        "median": 0.557252168655,
        "min": 0.123528003693,
        "skew": 0.160649046302,
        "var": 0.0526713617146
    },
    "pitch_salience": {
        "kurt": -0.0349836349487,
        "max": 0.877166628838,
        "mean": 0.560299396515,
        "median": 0.579116225243,
        "min": 0.106192834675,
        "skew": -0.560333669186,
        "var": 0.0212462674826
    },
    "silence_rate_20dB": {
        "kurt": 0,
        "max": 1,
        "mean": 1,
        "median": 1,
        "min": 1,
        "skew": 0,
        "var": 0
    },
    "silence_rate_30dB": {
        "kurt": 0,
        "max": 1,
        "mean": 1,
        "median": 1,
        "min": 1,
        "skew": 0,
        "var": 0
    },
    "silence_rate_60dB": {
        "kurt": 0,
        "max": 1,
        "mean": 1,
        "median": 1,
        "min": 1,
        "skew": 0,
        "var": 0
    },
    "spectral_centroid": {
        "kurt": 1.56845092773,
        "max": 1732.23254395,
        "mean": 739.407043457,
        "median": 704.153564453,
        "min": 268.682769775,
        "skew": 1.01806569099,
        "var": 51368.5585938
    },
    "spectral_complexity": {
        "kurt": 50.5786056519,
        "max": 1,
        "mean": 0.0179977510124,
        "median": 0,
        "min": 0,
        "skew": 7.25111436844,
        "var": 0.0176741462201
    },
    "spectral_crest": {
        "kurt": -0.279175281525,
        "max": 26.0169029236,
        "mean": 11.7524290085,
        "median": 10.2478237152,
        "min": 3.43061757088,
        "skew": 0.803463041782,
        "var": 29.2130451202
    },
    "spectral_decrease": {
        "kurt": 0,
        "max": -5.64870390656e-15,
        "mean": -1.13008864419e-12,
        "median": -1.86351951123e-13,
        "min": -3.15063149181e-11,
        "skew": -4.7892575264,
        "var": 7.59059239057e-24
    },
    "spectral_energy": {
        "kurt": 29.9147758484,
        "max": 0.000126911632833,
        "mean": 4.62439857074e-06,
        "median": 7.45886040932e-07,
        "min": 2.25355627492e-08,
        "skew": 4.71291923523,
        "var": 1.25020521713e-10
    },
    "spectral_energyband_high": {
        "kurt": 9.37704372406,
        "max": 5.91065315803e-07,
        "mean": 3.55417562048e-08,
        "median": 4.40877245822e-09,
        "min": 2.30162555681e-10,
        "skew": 2.73069643974,
        "var": 4.8343465258e-15
    },
    "spectral_energyband_low": {
        "kurt": 5.41140270233,
        "max": 3.18846247183e-07,
        "mean": 5.7553236843e-08,
        "median": 4.43524754701e-08,
        "min": 3.81209730449e-09,
        "skew": 2.12214303017,
        "var": 2.22128122374e-15
    },
    "spectral_energyband_middle_high": {
        "kurt": 10.5434026718,
        "max": 1.27219418573e-05,
        "mean": 9.32101841045e-07,
        "median": 1.58878634693e-07,
        "min": 4.56891458001e-09,
        "skew": 2.90183973312,
        "var": 2.8976554229e-12
    },
    "spectral_energyband_middle_low": {
        "kurt": 38.3071784973,
        "max": 0.000122307203128,
        "mean": 3.62322452929e-06,
        "median": 4.85640498482e-07,
        "min": 1.27977513031e-08,
        "skew": 5.39988899231,
        "var": 1.03518776884e-10
    },
    "spectral_flatness_db": {
        "kurt": 1.76432275772,
        "max": 0.4059715271,
        "mean": 0.201975986362,
        "median": 0.185694888234,
        "min": 0.109436035156,
        "skew": 1.36476922035,
        "var": 0.00266972137615
    },
    "spectral_flux": {
        "kurt": 9.76721000671,
        "max": 0.00528465677053,
        "mean": 0.000733810826205,
        "median": 0.000486664357595,
        "min": 0.000234156381339,
        "skew": 2.78241586685,
        "var": 3.70789933868e-07
    },
    "spectral_kurtosis": {
        "kurt": -0.130101680756,
        "max": 20.1223545074,
        "mean": 11.0796098709,
        "median": 10.9999380112,
        "min": 3.88347101212,
        "skew": 0.1048758775,
        "var": 9.06597805023
    },
    "spectral_rms": {
        "kurt": 6.78624248505,
        "max": 0.000351875292836,
        "mean": 4.70128143206e-05,
        "median": 2.69757983915e-05,
        "min": 4.68891403216e-06,
        "skew": 2.51007723808,
        "var": 2.30140662083e-09
    },
    "spectral_rolloff": {
        "kurt": 7.56186962128,
        "max": 3854.44335938,
        "mean": 1097.73034668,
        "median": 1076.66015625,
        "min": 236.865234375,
        "skew": 1.73283219337,
        "var": 166313.28125
    },
    "spectral_skewness": {
        "kurt": -0.0910258293152,
        "max": 3.48673534393,
        "mean": 2.53230595589,
        "median": 2.58291578293,
        "min": 1.41356313229,
        "skew": -0.501841664314,
        "var": 0.155411943793
    },
    "spectral_spread": {
        "kurt": 10.9929151535,
        "max": 7542330.5,
        "mean": 3140090.25,
        "median": 3076515.25,
        "min": 2144463.75,
        "skew": 1.60708737373,
        "var": 197993545728
    },
    "spectral_strongpeak": {
        "kurt": 9.72811222076,
        "max": 0.299185603857,
        "mean": 0.0228939075023,
        "median": 0.00814339984208,
        "min": 0,
        "skew": 2.87599134445,
        "var": 0.00142445322126
    },
    "zerocrossingrate": {
        "kurt": 1.19894170761,
        "max": 0.09033203125,
        "mean": 0.0435339249671,
        "median": 0.0419921875,
        "min": 0.0146484375,
        "skew": 0.850028753281,
        "var": 0.000112873131002
    },
    "barkbands": {
        "kurt": [28.8289871216, 15.8111686707, 9.38015365601, 11.9373979568, 54.9689025879, 94.221244812, 38.075252533, 75.8478775024, 38.1679267883, 218.726699829, 63.5299682617, 56.1148872375, 21.8552722931, 41.5736045837, 24.9328136444, 12.7750558853, 11.5060825348, 134.796142578, 22.1368694305, 21.1173419952, 13.5825119019, 58.4966278076, 9.90780353546, 13.1985626221, 428.800354004, inf, nan],
        "max": [8.2668876189e-09, 2.76126968402e-07, 1.65015165976e-07, 3.10250868552e-07, 3.63407002624e-06, 8.31811746593e-07, 8.93482877018e-07, 4.02411296818e-06, 0.000121911834867, 2.75329966826e-06, 1.64878633768e-06, 1.91335016098e-06, 1.17926456369e-05, 2.2142118894e-07, 1.57291754022e-06, 4.15077835214e-07, 1.05269646156e-06, 2.15276941162e-07, 8.74548391039e-07, 1.59167768743e-06, 4.4293949486e-07, 5.44404272773e-08, 2.94262059164e-09, 9.01920649277e-10, 1.06629993724e-09, 3.11307854495e-11, 3.89037803708e-12],
        "mean": [5.07636654934e-10, 2.08525126055e-08, 2.00274357098e-08, 3.58418148494e-08, 1.80190440346e-07, 4.86069069439e-08, 3.99119315375e-08, 8.58565627482e-08, 3.21961465488e-06, 4.68910883455e-08, 5.1691159797e-08, 5.46672822566e-08, 5.19306695423e-07, 9.22022547201e-09, 6.76852138781e-08, 2.50895819676e-08, 6.60348575821e-08, 5.81633230468e-09, 3.96942283487e-08, 6.24818596862e-08, 2.24829275197e-08, 1.63960911514e-09, 2.1434971853e-10, 5.61541230182e-11, 2.71894329967e-11, 1.73710492605e-12, 1.43498169076e-13],
        "median": [2.85704043756e-10, 9.54691969923e-09, 1.45786289707e-08, 2.65354405116e-08, 1.09823147909e-07, 3.79753721802e-08, 1.80888335422e-08, 1.96740987946e-08, 7.0368848526e-08, 1.65417475273e-08, 1.63900697459e-08, 1.47243497395e-08, 3.39060193255e-08, 3.28255600479e-09, 5.61435165025e-09, 3.72812536398e-09, 8.57511661678e-09, 2.06356376431e-09, 4.77346029371e-09, 4.98210495081e-09, 2.28475838249e-09, 2.71014821696e-10, 4.4509413516e-11, 1.83288037525e-11, 1.71732159743e-11, 1.36668053177e-12, 6.14341205945e-14],
        "min": [1.62639780116e-12, 2.29882099467e-10, 2.5431534656e-10, 7.31839366885e-10, 4.1636467607e-09, 1.21933685371e-09, 7.3307449e-10, 1.07703224117e-09, 8.01695543284e-10, 1.51709766971e-09, 2.54612220196e-10, 6.00064553602e-10, 3.33453403778e-10, 1.19461704418e-10, 1.27251736926e-10, 3.71798980492e-10, 3.66985580813e-10, 1.76356651505e-10, 3.20289933464e-10, 3.2337066358e-10, 8.32864541223e-11, 3.14110751298e-11, 6.31551061447e-12, 3.04332839311e-12, 1.72109613887e-12, 6.90877368335e-13, 2.73174935634e-14],
        "skew": [4.25693702698, 3.78818583488, 2.37312531471, 2.67610740662, 5.98099899292, 6.62450933456, 5.6133813858, 7.8244304657, 5.39641952515, 12.3236532211, 6.91078090668, 6.82911396027, 4.02785539627, 5.77570962906, 4.5285692215, 3.28102254868, 3.27383208275, 8.91928005219, 4.1808552742, 4.03961753845, 3.24465346336, 5.61342859268, 2.92377781868, 2.98028802872, 17.775220871, 10.1820220947, 6.26082420349],
        "var": [4.94401406027e-19, 1.32263294741e-15, 3.39700737082e-16, 1.04174496364e-15, 6.57579391872e-14, 2.14013165574e-15, 6.55303566808e-15, 7.88857030371e-14, 1.03946275198e-10, 1.71698813072e-14, 1.55308014035e-14, 2.69809046931e-14, 1.61775497512e-12, 3.89596986315e-16, 3.32701971713e-14, 2.68056811048e-15, 2.16486916826e-14, 1.31686094727e-16, 8.74326381694e-15, 2.43342841808e-14, 2.33103445909e-15, 1.27621767603e-17, 1.5970484654e-19, 7.67183764852e-21, 1.7455318363e-21, 2.46128132582e-24, 7.61209851379e-26],
        "cov": [[4.94958150278e-19, 1.56815639077e-18, -1.2101551549e-19, -6.46559883839e-19, -1.45586666398e-17, -1.1719864048e-18, 1.30909876712e-17, 7.04927350523e-19, 8.61108358437e-16, 2.14588733064e-17, 1.02662337082e-17, 1.79950970912e-18, 1.77499181934e-16, 1.21568201386e-18, 2.27661809794e-17, 7.39725536084e-18, 1.91797144405e-17, 9.54796796687e-19, 1.68440061992e-17, 1.3715317955e-17, 5.13197823997e-18, 1.86757349034e-19, 2.99357374541e-20, 1.31007492167e-20, 8.13351792532e-22, 3.36071027713e-23, 2.65519157991e-23], [1.56815639077e-18, 1.32412245485e-15, -1.30726871274e-17, -2.24307112645e-17, -1.03886738096e-15, -1.98934766797e-16, -2.10706605705e-16, -5.28946241055e-16, 1.44799320104e-13, -5.18568095601e-17, -2.1854613386e-16, -4.38871857472e-16, 8.58739535508e-15, -1.26042473018e-17, 1.95603264455e-15, 4.58496869706e-16, 2.09428197406e-15, 5.61187186999e-17, 6.4810503613e-16, 1.52573598981e-15, 5.14157416373e-16, 4.15251218772e-17, 4.19590219491e-18, 1.07887037305e-18, 2.6025317364e-19, 9.01656756045e-21, 2.10121384514e-21], [-1.2101551549e-19, -1.30726871274e-17, 3.40083278336e-16, 2.00235160894e-16, 3.94991342109e-16, 7.33141029515e-17, -8.9065904833e-17, -3.67062204149e-16, -1.59754767602e-14, -1.42927982178e-16, -1.47835439611e-16, -1.49830546309e-16, -1.77727756421e-15, -3.49930684858e-17, -2.04964794349e-16, -7.76210603475e-17, -2.64765982169e-16, -1.49952906174e-17, -1.17733715081e-16, -2.5126065063e-16, -7.67473061578e-17, -5.10206159876e-18, -7.08572218495e-19, -1.43711735911e-19, -2.26569519604e-20, -8.6762562476e-22, -5.18019334256e-22], [-6.46559883839e-19, -2.24307112645e-17, 2.00235160894e-16, 1.04291810427e-15, 2.89084382788e-15, 2.39254646817e-17, -9.93530273332e-17, -5.11431346712e-16, -3.16633451771e-15, -3.40913794141e-16, -3.04885565367e-16, -5.47601294686e-16, -3.83682022895e-16, -7.4339641475e-17, -4.6683946264e-17, -4.37116183165e-17, -1.36917105512e-16, -1.52355716961e-17, -3.93723313935e-17, 1.40645307794e-16, -4.8455684418e-17, 1.82550923654e-18, -3.60068651029e-20, 5.12453818334e-21, 1.4431425944e-20, 8.09913873598e-22, -1.76917683753e-22], [-1.45586666398e-17, -1.03886738096e-15, 3.94991342109e-16, 2.89084382788e-15, 6.58319901955e-14, 9.05195099852e-16, -1.71899767404e-15, -9.32108195323e-16, -3.24356589764e-13, -2.88687547852e-15, -2.7881249894e-15, -3.38638478356e-15, -4.17188154953e-14, -5.85640909072e-16, -5.81669722154e-15, -1.98205815537e-15, -4.72344365498e-15, -3.40481304412e-16, -2.830823285e-15, -5.34827106105e-15, -1.82040721134e-15, -1.23677662909e-16, -1.59523253512e-17, -3.57885316849e-18, -1.17347801824e-18, -4.60559560162e-20, -6.64113910133e-21], [-1.1719864048e-18, -1.98934766797e-16, 7.33141029515e-17, 2.39254646817e-17, 9.05195099852e-16, 2.14254167623e-15, 2.48310276056e-16, 7.66534059381e-16, -4.945912454e-14, 2.39381040015e-15, -4.31695503175e-17, -3.50032163375e-17, -2.8037430064e-15, 9.10643880822e-18, -6.34987672151e-16, -3.7538561311e-17, -4.48743602956e-16, 1.59998806264e-16, 4.50451360344e-17, -1.73336147347e-16, -5.53452882836e-17, -6.53120222258e-18, -9.25314528692e-19, -9.07563891906e-20, -1.06328768618e-19, 2.39613442967e-21, 2.67391848147e-21], [1.30909876712e-17, -2.10706605705e-16, -8.9065904833e-17, -9.93530273332e-17, -1.71899767404e-15, 2.48310276056e-16, 6.56041501912e-15, 1.27054121525e-16, -5.09438445476e-14, 3.0783009012e-15, 4.25400571363e-15, 8.97050031031e-16, -6.26858464022e-15, 4.9169913187e-16, -8.39654284432e-16, -5.78644933089e-17, -6.66806094237e-16, 2.22899036176e-17, -3.35647446201e-16, -6.39570226274e-16, -1.99541004159e-16, -1.43488043009e-17, -1.96036614617e-18, -3.97823933609e-19, -1.09788929744e-19, -9.81381639212e-22, 1.05664623971e-22], [7.04927350523e-19, -5.28946241055e-16, -3.67062204149e-16, -5.11431346712e-16, -9.32108195323e-16, 7.66534059381e-16, 1.27054121525e-16, 7.89745398526e-14, 6.51160982773e-14, 1.58706403393e-15, 5.58341884215e-16, 1.82868314675e-14, 2.49922661505e-15, 8.27187388817e-16, 2.21429701357e-15, 1.19156021042e-15, 4.51695565716e-15, 5.61863476633e-16, 1.92179154941e-15, 1.32445248006e-15, 1.1454298432e-15, 9.14899741617e-17, 5.59285928905e-18, 1.07073711968e-18, 3.38598887424e-19, 2.5091220103e-20, 3.67405839997e-21], [8.61108358437e-16, 1.44799320104e-13, -1.59754767602e-14, -3.16633451771e-15, -3.24356589764e-13, -4.945912454e-14, -5.09438445476e-14, 6.51160982773e-14, 1.040633274e-10, 7.89130181556e-14, -5.49798515092e-14, -7.07242288822e-14, 5.86790165069e-12, -6.66650769571e-16, 8.8558804387e-13, 2.60977735733e-13, 7.64739075017e-13, 3.94584708061e-14, 3.3090958901e-13, 7.85505503958e-13, 2.67996345601e-13, 1.88953382427e-14, 2.32815497058e-15, 5.70935781833e-16, 1.36144598229e-16, 4.27538763433e-18, 1.4438570975e-18], [2.14588733064e-17, -5.18568095601e-17, -1.42927982178e-16, -3.40913794141e-16, -2.88687547852e-15, 2.39381040015e-15, 3.0783009012e-15, 1.58706403393e-15, 7.89130181556e-14, 1.71892173753e-14, 2.85347527535e-15, 1.49767294124e-15, 2.14722496375e-14, 4.76305843301e-16, 1.38150586653e-15, 6.93771705751e-16, 2.16101292372e-15, 7.4973231384e-16, 1.08825681332e-15, 2.17150596787e-15, 9.38418802538e-16, 6.33692611714e-17, 5.97635180155e-18, 1.84503380093e-18, 4.61828170878e-19, 3.51622652298e-20, 1.32310689373e-20], [1.02662337082e-17, -2.1854613386e-16, -1.47835439611e-16, -3.04885565367e-16, -2.7881249894e-15, -4.31695503175e-17, 4.25400571363e-15, 5.58341884215e-16, -5.49798515092e-14, 2.85347527535e-15, 1.55482909398e-14, 4.23511730243e-15, -2.73914890912e-15, 1.2296079775e-15, -5.09896152434e-16, 9.52070194321e-17, 1.71743606292e-16, 6.38525662597e-17, -1.14654710613e-16, -5.80066902884e-16, 3.18787202446e-17, -6.6440354484e-18, -9.88143652504e-19, -2.08488960539e-19, 2.53937743367e-20, -1.67998670897e-22, 6.6701685768e-23], [1.79950970912e-18, -4.38871857472e-16, -1.49830546309e-16, -5.47601294686e-16, -3.38638478356e-15, -3.50032163375e-17, 8.97050031031e-16, 1.82868314675e-14, -7.07242288822e-14, 1.49767294124e-15, 4.23511730243e-15, 2.70112894589e-14, -3.56070755224e-15, 1.63446336238e-15, -3.95298470962e-16, 4.62411432472e-16, 6.35923749437e-16, 3.35028000419e-16, 1.00021769109e-15, -5.72437108028e-17, 1.51501967307e-16, 1.81403074069e-17, 4.09526161132e-19, 1.12030149764e-19, 1.21545130802e-19, 1.4540061254e-20, 2.91050899935e-22], [1.77499181934e-16, 8.58739535508e-15, -1.77727756421e-15, -3.83682022895e-16, -4.17188154953e-14, -2.8037430064e-15, -6.26858464022e-15, 2.49922661505e-15, 5.86790165069e-12, 2.14722496375e-14, -2.73914890912e-15, -3.56070755224e-15, 1.61957676003e-12, 1.32124296635e-15, 1.24697208939e-13, 4.60100402601e-14, 1.10665755802e-13, 6.72736267192e-15, 6.690343944e-14, 1.21994550421e-13, 3.90616934685e-14, 2.54605970198e-15, 3.47510380855e-16, 7.31161751746e-17, 1.92259422562e-17, 6.28019043999e-19, 1.46123135418e-19], [1.21568201386e-18, -1.26042473018e-17, -3.49930684858e-17, -7.4339641475e-17, -5.85640909072e-16, 9.10643880822e-18, 4.9169913187e-16, 8.27187388817e-16, -6.66650769571e-16, 4.76305843301e-16, 1.2296079775e-15, 1.63446336238e-15, 1.32124296635e-15, 3.90035722912e-16, 9.87708973228e-17, 9.9790096334e-17, 2.5622439605e-16, 4.13042514188e-17, 1.23398631727e-16, 1.14906001465e-16, 7.59214490342e-17, 5.90735046281e-18, 4.92096932539e-19, 1.4464957778e-19, 7.71100545832e-20, 3.63105672113e-21, 3.63897950994e-22], [2.27661809794e-17, 1.95603264455e-15, -2.04964794349e-16, -4.6683946264e-17, -5.81669722154e-15, -6.34987672151e-16, -8.39654284432e-16, 2.21429701357e-15, 8.8558804387e-13, 1.38150586653e-15, -5.09896152434e-16, -3.95298470962e-16, 1.24697208939e-13, 9.87708973228e-17, 3.33076631326e-14, 5.39515899336e-15, 1.46627908383e-14, 8.4869567293e-16, 9.11275568216e-15, 1.45696002734e-14, 5.14056587689e-15, 3.90400105898e-16, 4.29874647036e-17, 1.03842988514e-17, 2.93154856361e-18, 8.84725822934e-20, 1.7419434961e-20], [7.39725536084e-18, 4.58496869706e-16, -7.76210603475e-17, -4.37116183165e-17, -1.98205815537e-15, -3.7538561311e-17, -5.78644933089e-17, 1.19156021042e-15, 2.60977735733e-13, 6.93771705751e-16, 9.52070194321e-17, 4.62411432472e-16, 4.60100402601e-14, 9.9790096334e-17, 5.39515899336e-15, 2.68358672415e-15, 4.53153902342e-15, 3.05258048106e-16, 2.91181678717e-15, 5.45019495911e-15, 1.69935561526e-15, 1.08622492687e-16, 1.5432445645e-17, 3.33702236692e-18, 8.54620313122e-19, 2.80931280162e-20, 5.94999900339e-21], [1.91797144405e-17, 2.09428197406e-15, -2.64765982169e-16, -1.36917105512e-16, -4.72344365498e-15, -4.48743602956e-16, -6.66806094237e-16, 4.51695565716e-15, 7.64739075017e-13, 2.16101292372e-15, 1.71743606292e-16, 6.35923749437e-16, 1.10665755802e-13, 2.5622439605e-16, 1.46627908383e-14, 4.53153902342e-15, 2.16730709849e-14, 7.58337480369e-16, 7.60201651655e-15, 1.37857712306e-14, 5.03626774548e-15, 3.10112049819e-16, 3.71513382139e-17, 8.74989170417e-18, 2.53023547878e-18, 8.89234345014e-20, 1.77067461302e-20], [9.54796796687e-19, 5.61187186999e-17, -1.49952906174e-17, -1.52355716961e-17, -3.40481304412e-16, 1.59998806264e-16, 2.22899036176e-17, 5.61863476633e-16, 3.94584708061e-14, 7.4973231384e-16, 6.38525662597e-17, 3.35028000419e-16, 6.72736267192e-15, 4.13042514188e-17, 8.4869567293e-16, 3.05258048106e-16, 7.58337480369e-16, 1.31834391667e-16, 6.27392327713e-16, 8.61986572784e-16, 3.14846963994e-16, 2.2269680706e-17, 2.59004249822e-18, 5.93641159247e-19, 1.67424923197e-19, 6.97176254593e-21, 1.73603157811e-21], [1.68440061992e-17, 6.4810503613e-16, -1.17733715081e-16, -3.93723313935e-17, -2.830823285e-15, 4.50451360344e-17, -3.35647446201e-16, 1.92179154941e-15, 3.3090958901e-13, 1.08825681332e-15, -1.14654710613e-16, 1.00021769109e-15, 6.690343944e-14, 1.23398631727e-16, 9.11275568216e-15, 2.91181678717e-15, 7.60201651655e-15, 6.27392327713e-16, 8.75310972792e-15, 7.70096182326e-15, 2.64441272089e-15, 1.99879248238e-16, 2.41990182734e-17, 5.25506519666e-18, 1.69094618283e-18, 5.00737111918e-20, 1.03384256053e-20], [1.3715317955e-17, 1.52573598981e-15, -2.5126065063e-16, 1.40645307794e-16, -5.34827106105e-15, -1.73336147347e-16, -6.39570226274e-16, 1.32445248006e-15, 7.85505503958e-13, 2.17150596787e-15, -5.80066902884e-16, -5.72437108028e-17, 1.21994550421e-13, 1.14906001465e-16, 1.45696002734e-14, 5.45019495911e-15, 1.37857712306e-14, 8.61986572784e-16, 7.70096182326e-15, 2.43616873907e-14, 4.91418827492e-15, 3.80227584308e-16, 4.76497358774e-17, 1.09207436766e-17, 3.56975376816e-18, 1.27856893692e-19, 2.03190390502e-20], [5.13197823997e-18, 5.14157416373e-16, -7.67473061578e-17, -4.8455684418e-17, -1.82040721134e-15, -5.53452882836e-17, -1.99541004159e-16, 1.1454298432e-15, 2.67996345601e-13, 9.38418802538e-16, 3.18787202446e-17, 1.51501967307e-16, 3.90616934685e-14, 7.59214490342e-17, 5.14056587689e-15, 1.69935561526e-15, 5.03626774548e-15, 3.14846963994e-16, 2.64441272089e-15, 4.91418827492e-15, 2.33365941419e-15, 1.13247458015e-16, 1.38728313416e-17, 3.22444722145e-18, 9.53727665745e-19, 2.94373191298e-20, 6.04573788915e-21], [1.86757349034e-19, 4.15251218772e-17, -5.10206159876e-18, 1.82550923654e-18, -1.23677662909e-16, -6.53120222258e-18, -1.43488043009e-17, 9.14899741617e-17, 1.88953382427e-14, 6.33692611714e-17, -6.6440354484e-18, 1.81403074069e-17, 2.54605970198e-15, 5.90735046281e-18, 3.90400105898e-16, 1.08622492687e-16, 3.10112049819e-16, 2.2269680706e-17, 1.99879248238e-16, 3.80227584308e-16, 1.13247458015e-16, 1.27765490234e-17, 1.0867786333e-18, 2.51584708561e-19, 1.14449265315e-19, 3.81839374283e-21, 4.62147282457e-22], [2.99357374541e-20, 4.19590219491e-18, -7.08572218495e-19, -3.60068651029e-20, -1.59523253512e-17, -9.25314528692e-19, -1.96036614617e-18, 5.59285928905e-18, 2.32815497058e-15, 5.97635180155e-18, -9.88143652504e-19, 4.09526161132e-19, 3.47510380855e-16, 4.92096932539e-19, 4.29874647036e-17, 1.5432445645e-17, 3.71513382139e-17, 2.59004249822e-18, 2.41990182734e-17, 4.76497358774e-17, 1.38728313416e-17, 1.0867786333e-18, 1.598846937e-19, 3.01055388931e-20, 9.72628610264e-21, 3.40633698215e-22, 5.49867857811e-23], [1.31007492167e-20, 1.07887037305e-18, -1.43711735911e-19, 5.12453818334e-21, -3.57885316849e-18, -9.07563891906e-20, -3.97823933609e-19, 1.07073711968e-18, 5.70935781833e-16, 1.84503380093e-18, -2.08488960539e-19, 1.12030149764e-19, 7.31161751746e-17, 1.4464957778e-19, 1.03842988514e-17, 3.33702236692e-18, 8.74989170417e-18, 5.93641159247e-19, 5.25506519666e-18, 1.09207436766e-17, 3.22444722145e-18, 2.51584708561e-19, 3.01055388931e-20, 7.68047700072e-21, 2.51915210029e-21, 8.75002749023e-23, 1.33394848683e-23], [8.13351792532e-22, 2.6025317364e-19, -2.26569519604e-20, 1.4431425944e-20, -1.17347801824e-18, -1.06328768618e-19, -1.09788929744e-19, 3.38598887424e-19, 1.36144598229e-16, 4.61828170878e-19, 2.53937743367e-20, 1.21545130802e-19, 1.92259422562e-17, 7.71100545832e-20, 2.93154856361e-18, 8.54620313122e-19, 2.53023547878e-18, 1.67424923197e-19, 1.69094618283e-18, 3.56975376816e-18, 9.53727665745e-19, 1.14449265315e-19, 9.72628610264e-21, 2.51915210029e-21, 1.74749760194e-21, 5.54580386641e-23, 3.40445072106e-24], [3.36071027713e-23, 9.01656756045e-21, -8.6762562476e-22, 8.09913873598e-22, -4.60559560162e-20, 2.39613442967e-21, -9.81381639212e-22, 2.5091220103e-20, 4.27538763433e-18, 3.51622652298e-20, -1.67998670897e-22, 1.4540061254e-20, 6.28019043999e-19, 3.63105672113e-21, 8.84725822934e-20, 2.80931280162e-20, 8.89234345014e-20, 6.97176254593e-21, 5.00737111918e-20, 1.27856893692e-19, 2.94373191298e-20, 3.81839374283e-21, 3.40633698215e-22, 8.75002749023e-23, 5.54580386641e-23, 2.46405298861e-24, 1.71487957692e-25], [2.65519157991e-23, 2.10121384514e-21, -5.18019334256e-22, -1.76917683753e-22, -6.64113910133e-21, 2.67391848147e-21, 1.05664623971e-22, 3.67405839997e-21, 1.4438570975e-18, 1.32310689373e-20, 6.6701685768e-23, 2.91050899935e-22, 1.46123135418e-19, 3.63897950994e-22, 1.7419434961e-20, 5.94999900339e-21, 1.77067461302e-20, 1.73603157811e-21, 1.03384256053e-20, 2.03190390502e-20, 6.04573788915e-21, 4.62147282457e-22, 5.49867857811e-23, 1.33394848683e-23, 3.40445072106e-24, 1.71487957692e-25, 7.62067059686e-26]]
    },
    "mfcc": {
        "kurt": [0.220535516739, 0.205966949463, 0.462578296661, 0.145066022873, 0.131438732147, 0.569643974304, 0.334134578705, 0.964441776276, 1.4094209671, 1.35255146027, 0.275579690933, 0.355446815491, 0.0947694778442],
        "max": [-1002.59423828, 78.8186721802, 37.6561317444, 24.4040870667, 18.0573425293, 13.3719177246, 24.2695350647, 23.0046482086, 26.1922950745, 39.0203704834, 26.5150413513, 22.2252216339, 18.7461013794],
        "mean": [-1091.18798828, 44.3302688599, 12.5918169022, 0.247752785683, -6.10641527176, -5.1359629631, -0.295678883791, -1.99782347679, -2.8929002285, -1.82926547527, -2.4068403244, -2.7701356411, -7.22866249084],
        "median": [-1100.67224121, 43.4698600769, 19.1765136719, 1.2391242981, -5.87495422363, -4.07973480225, -0.868236541748, -2.57127380371, -4.26136779785, -4.26570892334, -2.81922531128, -3.4065322876, -7.73923873901],
        "min": [-1138.42004395, 1.14440917969e-05, -44.8311576843, -45.1990127563, -39.985042572, -34.9834251404, -15.5894851685, -17.2626037598, -22.3121109009, -26.9942245483, -24.0852413177, -19.1800613403, -24.0435447693],
        "skew": [1.23627018929, 0.279675930738, -1.25125193596, -0.475001305342, -0.322472423315, -0.625281155109, 0.400069504976, 0.631599903107, 1.03112888336, 1.22260332108, 0.527538001537, 0.512851715088, 0.451580405235],
        "var": [556.34777832, 91.6671218872, 275.086334229, 108.631202698, 75.3223571777, 52.3805046082, 35.7211799622, 35.7123756409, 75.3427276611, 130.436386108, 73.9264984131, 51.9591674805, 47.7420387268],
        "cov": [[556.974304199, 184.070800781, -349.160339355, -146.294998169, -128.851989746, -106.295089722, 55.3744850159, 42.3180961609, 114.247398376, 192.394790649, 123.866920471, 103.69152832, -2.42735266685], [184.070800781, 91.7703475952, -81.0489501953, -53.9117736816, -43.8585395813, -29.4610691071, 14.3404378891, 11.5950946808, 25.2079238892, 45.256111145, 34.5955467224, 32.7427368164, 3.51070857048], [-349.160339355, -81.0489501953, 275.396118164, 119.159339905, 94.7715072632, 73.8372192383, -40.4197273254, -31.1473712921, -79.1233978271, -133.056228638, -84.7517318726, -71.7403717041, -3.58003330231], [-146.294998169, -53.9117736816, 119.159339905, 108.753540039, 76.9859466553, 34.4701118469, -16.1816291809, -13.1405162811, -17.1281528473, -31.7917480469, -29.3275108337, -37.0319442749, -19.2345466614], [-128.851989746, -43.8585395813, 94.7715072632, 76.9859466553, 75.4071807861, 46.8261146545, -8.21719074249, -9.57186508179, -23.5705242157, -38.5915718079, -25.839799881, -27.6571750641, -9.19705104828], [-106.295089722, -29.4610691071, 73.8372192383, 34.4701118469, 46.8261146545, 52.439491272, 9.25755500793, -4.25962638855, -28.5440883636, -47.0880889893, -28.0567264557, -17.9372024536, 3.65710568428], [55.3744850159, 14.3404378891, -40.4197273254, -16.1816291809, -8.21719074249, 9.25755500793, 35.7614059448, 22.9599590302, 14.3128118515, 16.0648937225, 7.44820976257, 9.27297687531, 6.38894367218], [42.3180961609, 11.5950946808, -31.1473712921, -13.1405162811, -9.57186508179, -4.25962638855, 22.9599590302, 35.7525901794, 35.0005264282, 25.481508255, 10.8374166489, 6.64910125732, 3.77882432938], [114.247398376, 25.2079238892, -79.1233978271, -17.1281528473, -23.5705242157, -28.5440883636, 14.3128118515, 35.0005264282, 75.4275741577, 84.0174255371, 44.0165786743, 25.6863117218, -8.31222629547], [192.394790649, 45.256111145, -133.056228638, -31.7917480469, -38.5915718079, -47.0880889893, 16.0648937225, 25.481508255, 84.0174255371, 130.583282471, 84.0614089966, 47.9431343079, -15.2094459534], [123.866920471, 34.5955467224, -84.7517318726, -29.3275108337, -25.839799881, -28.0567264557, 7.44820976257, 10.8374166489, 44.0165786743, 84.0614089966, 74.0097503662, 49.1686058044, -7.43208503723], [103.69152832, 32.7427368164, -71.7403717041, -37.0319442749, -27.6571750641, -17.9372024536, 9.27297687531, 6.64910125732, 25.6863117218, 47.9431343079, 49.1686058044, 52.0176811218, 16.044965744], [-2.42735266685, 3.51070857048, -3.58003330231, -19.2345466614, -9.19705104828, 3.65710568428, 6.38894367218, 3.77882432938, -8.31222629547, -15.2094459534, -7.43208503723, 16.044965744, 47.7958030701]]
    },
    "sccoeffs": {
        "kurt": [0.514219999313, 1.57869148254, 1.29638433456, 0.14478969574, 0.685230493546, -0.320646762848],
        "max": [-0.644106209278, -0.539357602596, -0.622526526451, -0.637564718723, -0.746891021729, -0.744257330894],
        "mean": [-0.816565513611, -0.820279955864, -0.846488177776, -0.832977890968, -0.870402276516, -0.832465112209],
        "median": [-0.820459187031, -0.840230822563, -0.863762795925, -0.848000466824, -0.883750319481, -0.84534740448],
        "min": [-0.960652351379, -0.93890607357, -0.938273608685, -0.924433767796, -0.934128165245, -0.899294018745],
        "skew": [0.586397707462, 1.36489737034, 1.26981723309, 0.939684391022, 1.30284142494, 0.99874663353],
        "var": [0.00177160243038, 0.00560238072649, 0.00325907138176, 0.00357668614015, 0.00142222060822, 0.000944637518842],
        "cov": [[0.00177359743975, -0.000382569938665, -0.000503312796354, -0.000167388439877, -0.000195262953639, -0.000265235983534], [-0.000382569938665, 0.00560868950561, 0.00327701773494, 0.0033155605197, 0.00219952734187, 0.00161949975882], [-0.000503312796354, 0.00327701773494, 0.00326274172403, 0.00242549413815, 0.00164407980628, 0.00131250929553], [-0.000167388439877, 0.0033155605197, 0.00242549413815, 0.00358071387745, 0.00193481927272, 0.00134137819987], [-0.000195262953639, 0.00219952734187, 0.00164407980628, 0.00193481927272, 0.00142382225022, 0.000923403189518], [-0.000265235983534, 0.00161949975882, 0.00131250929553, 0.00134137819987, 0.000923403189518, 0.000945701322053]]
    },
    "scvalleys": {
        "kurt": [0.0393934249878, 1.174888134, 1.52531385422, -0.149630308151, 0.348946332932, 1.8870139122],
        "max": [-9.47348403931, -8.74185848236, -8.22668552399, -9.8086643219, -10.0893850327, -12.9992580414],
        "mean": [-10.5477285385, -10.4212064743, -10.7034053802, -11.6075363159, -12.0924396515, -14.9690275192],
        "median": [-10.5255298615, -10.416967392, -10.7364263535, -11.7160348892, -12.2443275452, -15.0928916931],
        "min": [-11.903673172, -11.596575737, -12.1132440567, -12.9895868301, -13.1996622086, -16.0258922577],
        "skew": [-0.30642157793, 0.305358290672, 0.541677117348, 0.694901883602, 0.993859827518, 1.43096017838],
        "var": [0.132734179497, 0.122463233769, 0.162373632193, 0.192972674966, 0.182145759463, 0.111908860505],
        "cov": [[0.132883653045, 0.00114781281445, 0.00960664730519, 0.0194085855037, 0.0239763855934, 0.0182554963976], [0.00114781281445, 0.122601136565, 0.045615285635, 0.0556532926857, 0.0461909286678, 0.0239182692021], [0.00960664730519, 0.045615285635, 0.162556484342, 0.113545209169, 0.100834518671, 0.0611093975604], [0.0194085855037, 0.0556532926857, 0.113545209169, 0.1931899786, 0.156686365604, 0.10617274791], [0.0239763855934, 0.0461909286678, 0.100834518671, 0.156686365604, 0.182350873947, 0.118342868984], [0.0182554963976, 0.0239182692021, 0.0611093975604, 0.10617274791, 0.118342868984, 0.112034887075]]
    }
},
"rhythm": {
    "beats_loudness": {
        "kurt": 11.079372406,
        "max": 7.80833943281e-05,
        "mean": 5.97308235228e-06,
        "median": 6.35494984635e-07,
        "min": 2.55627526258e-07,
        "skew": 3.44250416756,
        "var": 2.50348575204e-10
    },
    "bpm": 132.07611084,
    "confidence": 0.557600617409,
    "first_peak_bpm": {
        "kurt": 0,
        "max": 133,
        "mean": 133,
        "median": 133,
        "min": 133,
        "skew": 0,
        "var": 0
    },
    "first_peak_spread": {
        "kurt": 0,
        "max": 0.571428537369,
        "mean": 0.571428537369,
        "median": 0.571428537369,
        "min": 0.571428537369,
        "skew": 0,
        "var": 0
    },
    "first_peak_weight": {
        "kurt": 0,
        "max": 0.146341457963,
        "mean": 0.146341457963,
        "median": 0.146341457963,
        "min": 0.146341457963,
        "skew": 0,
        "var": 0
    },
    "onset_rate": 0.242593482137,
    "second_peak_bpm": {
        "kurt": 0,
        "max": 123,
        "mean": 123,
        "median": 123,
        "min": 123,
        "skew": 0,
        "var": 0
    },
    "second_peak_spread": {
        "kurt": 0,
        "max": 0.5,
        "mean": 0.5,
        "median": 0.5,
        "min": 0.5,
        "skew": 0,
        "var": 0
    },
    "second_peak_weight": {
        "kurt": 0,
        "max": 0.12195122242,
        "mean": 0.12195122242,
        "median": 0.12195122242,
        "min": 0.12195122242,
        "skew": 0,
        "var": 0
    },
    "beats_loudness_band_ratio": {
        "kurt": [0.316281557083, -0.908966302872, 0.389935970306, 0.567307949066, 1.2274889946, 1.68780899048],
        "max": [0.557308018208, 0.663812935352, 0.956050097942, 0.749584615231, 0.154826164246, 0.0782109722495],
        "mean": [0.167306110263, 0.268017292023, 0.33693832159, 0.225619748235, 0.0493731796741, 0.0268178544939],
        "median": [0.115887328982, 0.285984396935, 0.255654901266, 0.15373519063, 0.0385408475995, 0.0214663092047],
        "min": [0.00181939487811, 0.00218029762618, 0.0442607887089, 0.0222243331373, 0.00608826847747, 0.00565506564453],
        "skew": [1.04638755322, 0.13153411448, 1.14429998398, 1.24312698841, 1.23919177055, 1.51220726967],
        "var": [0.0216086581349, 0.0339444205165, 0.0595671385527, 0.0392729826272, 0.00109947565943, 0.000323314685374],
        "cov": [[0.0221356973052, 0.0181946605444, -0.0182493831962, -0.0114370770752, -0.00108491617721, -0.000120761375001], [0.0181946605444, 0.034772336483, -0.0279438961297, -0.0122143859044, -0.00173139793333, -0.00109533162322], [-0.0182493831962, -0.0279438961297, 0.0610199980438, -0.0228495635092, 0.000645308988169, -0.00035543172271], [-0.0114370770752, -0.0122143859044, -0.0228495635092, 0.040230859071, 0.000266475370154, 0.00081982917618], [-0.00108491617721, -0.00173139793333, 0.000645308988169, 0.000266475370154, 0.00112629216164, 0.000301589549053], [-0.000120761375001, -0.00109533162322, -0.00035543172271, 0.00081982917618, 0.000301589549053, 0.000331200397341]]
    },
    "beats_position": [0.476009070873, 0.986848056316, 1.45124709606, 1.93886613846, 2.42648530006, 2.90249419212, 3.39011335373, 3.85451245308, 4.31891155243, 4.77170038223, 5.20126962662, 5.630838871, 6.15328788757, 6.68734693527, 7.19818592072, 7.74385452271, 8.27791404724, 8.77714252472, 9.27637195587, 9.79882049561, 10.2864398956, 10.7972784042, 11.3081178665, 11.8421764374, 12.3646259308, 12.9451246262, 13.4211339951, 13.873922348, 14.2918815613, 14.7446708679, 15.2322902679, 15.696688652, 16.1378688812, 16.5906581879, 17.0666656494, 17.5194549561, 17.9490242004, 18.390203476, 18.8197727203, 19.272562027, 19.7369613647, 20.1781406403],
    "bpm_estimates": [129.199234009, 129.19921875, 129.19921875, 132.51210022, 132.512237549, 132.511962891, 129.199417114, 135.998840332, 132.511962891, 132.511962891, 135.999130249, 132.511962891, 129.199157715, 135.999130249],
    "bpm_intervals": [0.510838985443, 0.464399039745, 0.487619042397, 0.487619161606, 0.476008892059, 0.487619161606, 0.46439909935, 0.46439909935, 0.452788829803, 0.429569244385, 0.429569244385, 0.522449016571, 0.534059047699, 0.510838985443, 0.54566860199, 0.534059524536, 0.499228477478, 0.499229431152, 0.522448539734, 0.487619400024, 0.510838508606, 0.51083946228, 0.534058570862, 0.522449493408, 0.580498695374, 0.476009368896, 0.452788352966, 0.417959213257, 0.452789306641, 0.487619400024, 0.464398384094, 0.441180229187, 0.452789306641, 0.476007461548, 0.452789306641, 0.429569244385, 0.441179275513, 0.429569244385, 0.452789306641, 0.464399337769, 0.441179275513],
    "onset_times": [0.0116099771112, 0.0928798168898, 0.46439909935, 20.1433105469, 20.5844898224],
    "histogram": [[0, 0, 0, 0, 0, 0, 0, 0, 0, 0, 0, 0, 0, 0, 0, 0, 0, 0, 0, 0, 0, 0, 0, 0, 0, 0, 0, 0, 0, 0, 0, 0, 0, 0, 0, 0, 0, 0, 0, 0, 0, 0, 0, 0, 0, 0, 0, 0, 0, 0, 0, 0, 0, 0, 0, 0, 0, 0, 0, 0, 0, 0, 0, 0, 0, 0, 0, 0, 0, 0, 0, 0, 0, 0, 0, 0, 0, 0, 0, 0, 0, 0, 0, 0, 0, 0, 0, 0, 0, 0, 0, 0, 0, 0, 0, 0, 0, 0, 0, 0, 0, 0, 0, 0.0243902429938, 0, 0, 0, 0, 0, 0, 0.0243902429938, 0, 0.0731707289815, 0, 0, 0.0731707289815, 0, 0.0975609719753, 0, 0, 0.0487804859877, 0, 0, 0.12195122242, 0, 0, 0.0731707289815, 0, 0, 0.12195122242, 0, 0, 0, 0.146341457963, 0, 0, 0.0731707289815, 0, 0, 0, 0.0975609719753, 0, 0, 0, 0.0243902429938, 0, 0, 0, 0, 0, 0, 0, 0, 0, 0, 0, 0, 0, 0, 0, 0, 0, 0, 0, 0, 0, 0, 0, 0, 0, 0, 0, 0, 0, 0, 0, 0, 0, 0, 0, 0, 0, 0, 0, 0, 0, 0, 0, 0, 0, 0, 0, 0, 0, 0, 0, 0, 0, 0, 0, 0, 0, 0, 0, 0, 0, 0, 0, 0, 0, 0, 0, 0, 0, 0, 0, 0, 0, 0, 0, 0, 0, 0, 0, 0, 0, 0, 0, 0, 0, 0, 0, 0, 0, 0, 0, 0, 0, 0, 0, 0, 0, 0, 0, 0, 0, 0, 0, 0, 0]]
},
"sfx": {
    "inharmonicity": {
        "kurt": 0.297040462494,
        "max": 0.369286984205,
        "mean": 0.0833281204104,
        "median": 0.0551528036594,
        "min": 0.000102779100416,
        "skew": 1.06086587906,
        "var": 0.0072604008019
    },
    "oddtoevenharmonicenergyratio": {
        "kurt": 141.093154907,
        "max": 115.696121216,
        "mean": 2.05698394775,
        "median": 0.448648542166,
        "min": 0.00570000102744,
        "skew": 10.0370178223,
        "var": 40.6284790039
    },
    "pitch_after_max_to_before_max_energy_ratio": 0.459820568562,
    "pitch_centroid": 353.07711792,
    "pitch_max_to_total": 0.437570303679,
    "pitch_min_to_total": 0.871766030788,
    "tristimulus": {
        "kurt": [-0.12163066864, -0.605258464813, -0.575361251831],
        "max": [0.809260070324, 0.80092728138, 0.71645283699],
        "mean": [0.316811949015, 0.402810961008, 0.280377447605],
        "median": [0.286169886589, 0.396857172251, 0.283100068569],
        "min": [0, 0.0652320161462, 0.0210550855845],
        "skew": [0.632985472679, 0.179361402988, 0.314331144094],
        "var": [0.0300431549549, 0.0208004266024, 0.0210829675198],
        "cov": [[0.0300769861788, -0.0148970643058, -0.0151799255982], [-0.0148970643058, 0.0208238493651, -0.00592679018155], [-0.0151799255982, -0.00592679018155, 0.0211067087948]]
    }
},
"tonal": {
    "chords_changes_rate": 0.13483145833,
    "chords_number_rate": 0.031460672617,
    "chords_strength": {
        "kurt": -0.0228106975555,
        "max": 0.661862134933,
        "mean": 0.463456779718,
        "median": 0.457673609257,
        "min": 0.285773575306,
        "skew": 0.182269230485,
        "var": 0.00466456264257
    },
    "key_strength": 0.552375018597,
    "tuning_diatonic_strength": 0.457412660122,
    "tuning_equal_tempered_deviation": 0.237792655826,
    "tuning_frequency": 431.443084717,
    "tuning_nontempered_energy_ratio": 0.894604563713,
    "hpcp": {
