{
"metadata": {
    "version": {
        "essentia": "2.1-beta3"
    }
},
"lowLevel": {
    "average_loudness": 0.0150294424966,
    "barkbands_kurtosis": {
        "kurt": 33.6270828247,
        "max": 30.8567504883,
        "mean": 0.709336876869,
        "median": 0.015084028244,
        "min": -1.74132680893,
        "skew": 4.48267173767,
        "var": 7.64680337906
    },
    "barkbands_skewness": {
        "kurt": 0.930156469345,
        "max": 3.90653681755,
        "mean": 0.562784016132,
        "median": 0.544882237911,
        "min": -2.12015533447,
        "skew": 0.188132360578,
        "var": 0.705856502056
    },
    "barkbands_spread": {
        "kurt": -0.105292320251,
        "max": 47.3067398071,
        "mean": 20.9551563263,
        "median": 20.1360740662,
        "min": 1.6573266983,
        "skew": 0.503781437874,
        "var": 82.5501785278
    },
    "dissonance": {
        "kurt": 5.32045269012,
        "max": 0.499980717897,
        "mean": 0.468236088753,
        "median": 0.480920881033,
        "min": 0.284343808889,
        "skew": -2.13003778458,
        "var": 0.00116420804989
    },
    "hfc": {
        "kurt": 96.9966049194,
        "max": 654.520141602,
        "mean": 7.19672298431,
        "median": 0.0043819360435,
        "min": 4.2215877329e-05,
        "skew": 9.56680393219,
        "var": 2720.12768555
    },
    "pitch": {
        "kurt": 5.30330753326,
        "max": 3982.32006836,
        "mean": 825.293212891,
        "median": 642.778381348,
        "min": 74.8032150269,
        "skew": 2.29838085175,
        "var": 716604.0625
    },
    "pitch_instantaneous_confidence": {
        "kurt": -0.781074047089,
        "max": 0.962212920189,
        "mean": 0.475823938847,
        "median": 0.43726810813,
        "min": 0.109708309174,
        "skew": 0.466677486897,
        "var": 0.0415352806449
    },
    "pitch_salience": {
        "kurt": -0.153668165207,
        "max": 0.85080075264,
        "mean": 0.561317324638,
        "median": 0.552024006844,
        "min": 0.133065581322,
        "skew": -0.0642144232988,
        "var": 0.0145370578393
    },
    "silence_rate_20dB": {
        "kurt": 0,
        "max": 1,
        "mean": 1,
        "median": 1,
        "min": 1,
        "skew": 0,
        "var": 0
    },
    "silence_rate_30dB": {
        "kurt": 98.3437576294,
        "max": 1,
        "mean": 0.990322589874,
        "median": 1,
        "min": 0,
        "skew": -10.0171804428,
        "var": 0.00958373583853
    },
    "silence_rate_60dB": {
        "kurt": 11.38098526,
        "max": 1,
        "mean": 0.938709676266,
        "median": 1,
        "min": 0,
        "skew": -3.65799760818,
        "var": 0.0575338974595
    },
    "spectral_centroid": {
        "kurt": 2.88279724121,
        "max": 3357.3125,
        "mean": 1027.8416748,
        "median": 864.008544922,
        "min": 238.24269104,
        "skew": 1.64268565178,
        "var": 281681.40625
    },
    "spectral_complexity": {
        "kurt": 18.1560306549,
        "max": 61,
        "mean": 2.52741932869,
        "median": 0,
        "min": 0,
        "skew": 4.36774253845,
        "var": 106.849708557
    },
    "spectral_crest": {
        "kurt": 0.305036783218,
        "max": 24.0886096954,
        "mean": 9.87850761414,
        "median": 8.7549571991,
        "min": 2.40625667572,
        "skew": 0.931378960609,
        "var": 19.9157752991
    },
    "spectral_decrease": {
        "kurt": 44.4144821167,
        "max": -5.84573096987e-15,
        "mean": -7.49019457569e-10,
        "median": -1.17982641885e-12,
        "min": -3.59243799153e-08,
        "skew": -6.40757036209,
        "var": 1.48597488022e-17
    },
    "spectral_energy": {
        "kurt": 56.0028114319,
        "max": 0.194953635335,
        "mean": 0.00347973615862,
        "median": 4.93186416861e-06,
        "min": 2.58922341345e-08,
        "skew": 7.12858963013,
        "var": 0.000358146178769
    },
    "spectral_energyband_high": {
        "kurt": 114.400413513,
        "max": 0.0489198789001,
        "mean": 0.000445494399173,
        "median": 4.6037886392e-08,
        "min": 2.22724039212e-09,
        "skew": 10.3831415176,
        "var": 1.38640361911e-05
    },
    "spectral_energyband_low": {
        "kurt": 74.7456893921,
        "max": 0.00560893164948,
        "mean": 8.00816123956e-05,
        "median": 9.51658989834e-07,
        "min": 5.7951354826e-09,
        "skew": 7.87949991226,
        "var": 1.83415338029e-07
    },
    "spectral_energyband_middle_high": {
        "kurt": 82.5455780029,
        "max": 0.128755375743,
        "mean": 0.00173590646591,
        "median": 2.13220300793e-06,
        "min": 1.25921708616e-08,
        "skew": 8.82725429535,
        "var": 0.000134396279464
    },
    "spectral_energyband_middle_low": {
        "kurt": 39.6505393982,
        "max": 0.0604025013745,
        "mean": 0.00129485072102,
        "median": 1.71912756741e-06,
        "min": 6.05670846809e-09,
        "skew": 6.04011678696,
        "var": 3.98766205763e-05
    },
    "spectral_flatness_db": {
        "kurt": 0.867691278458,
        "max": 0.349501907825,
        "mean": 0.183988749981,
        "median": 0.180118918419,
        "min": 0.0319778211415,
        "skew": 0.539334595203,
        "var": 0.00155768578406
    },
    "spectral_flux": {
        "kurt": 31.8623313904,
        "max": 0.408047527075,
        "mean": 0.0112734530121,
        "median": 0.00126186513808,
        "min": 0.000508705503307,
        "skew": 5.31630897522,
        "var": 0.00169052544516
    },
    "spectral_kurtosis": {
        "kurt": 14.8506813049,
        "max": 43.5195350647,
        "mean": 7.26058721542,
        "median": 6.53054428101,
        "min": 0.5055809021,
        "skew": 3.06400036812,
        "var": 24.5215435028
    },
    "spectral_rms": {
        "kurt": 26.5391654968,
        "max": 0.0137912537903,
        "mean": 0.000505518517457,
        "median": 6.93653855706e-05,
        "min": 5.0260041462e-06,
        "skew": 5.01606082916,
        "var": 3.13931559504e-06
    },
    "spectral_rolloff": {
        "kurt": -0.46626663208,
        "max": 4586.57226562,
        "mean": 1744.88366699,
        "median": 1291.9921875,
        "min": 258.3984375,
        "skew": 0.902032315731,
        "var": 1128017.625
    },
    "spectral_skewness": {
        "kurt": 2.4894952774,
        "max": 4.64227724075,
        "mean": 1.95237958431,
        "median": 1.97380101681,
        "min": 0.535371184349,
        "skew": 0.7826384902,
        "var": 0.349908739328
    },
    "spectral_spread": {
        "kurt": 165.007705688,
        "max": 23824824,
        "mean": 3631268.75,
        "median": 3567417.5,
        "min": 1286174.375,
        "skew": 9.48760509491,
        "var": 1.27011507405e+12
    },
    "spectral_strongpeak": {
        "kurt": 199.267776489,
        "max": 19.2457256317,
        "mean": 0.1647002846,
        "median": 0.0253906585276,
        "min": 0,
        "skew": 13.3069696426,
        "var": 1.18935751915
    },
    "zerocrossingrate": {
        "kurt": 1.25661182404,
        "max": 0.14892578125,
        "mean": 0.0607807785273,
        "median": 0.0537109375,
        "min": 0.01611328125,
        "skew": 1.22745633125,
        "var": 0.000649617286399
    },
    "barkbands": {
        "kurt": [66.0222702026, 75.6385879517, 121.455970764, 239.988647461, 89.3637390137, 59.8964805603, 64.5424194336, 96.0367355347, 70.4364547729, 59.402797699, 59.3356552124, 61.8732833862, 178.656326294, 49.7225761414, 70.3637771606, 93.0483322144, 120.805168152, 101.874351501, 104.933059692, 124.637733459, 124.439987183, 133.615356445, 171.339447021, 173.208587646, 272.108886719, 258.759338379, 268.080749512],
        "max": [2.17022807192e-06, 0.000252966681728, 0.00304122292437, 0.0137647800148, 0.0230114683509, 0.0182785466313, 0.0178405735642, 0.0148711679503, 0.0110075604171, 0.0088565107435, 0.00394544424489, 0.00301787280478, 0.00850755348802, 0.00311650522053, 0.00481317378581, 0.00888521969318, 0.0210609957576, 0.0380504243076, 0.0302765853703, 0.0604042112827, 0.0222837999463, 0.00847830437124, 0.00137802981772, 0.000684960745275, 0.0004379209131, 1.75556633621e-05, 2.4664413445e-07],
        "mean": [3.20564410572e-08, 3.90378409065e-06, 3.38649842888e-05, 9.11200913833e-05, 0.000282120483462, 0.00028768874472, 0.000266198447207, 0.000174870860064, 0.000158257811563, 0.000135359878186, 6.1121158069e-05, 4.92742801725e-05, 7.0497233537e-05, 5.63222674828e-05, 7.16675931471e-05, 0.000100427787402, 0.000203097370104, 0.000375115196221, 0.000283739878796, 0.000516201253049, 0.000182715681149, 6.17953628534e-05, 8.61551325215e-06, 3.85980638384e-06, 1.79938263045e-06, 7.13871060043e-08, 1.00817942883e-09],
        "median": [2.57857846186e-10, 3.17838768638e-08, 5.0104699767e-07, 4.78290530737e-07, 2.75525849247e-07, 1.2570073693e-07, 8.43440943754e-08, 7.03775526745e-08, 1.34058623757e-07, 1.21271085618e-07, 6.25341556315e-08, 6.66448443098e-08, 6.07776939887e-08, 3.26342082246e-08, 3.03655127709e-08, 4.87146678552e-08, 7.06540390638e-08, 9.05122519157e-08, 6.5023570528e-08, 4.57689459665e-08, 1.99623961805e-08, 4.87432050278e-09, 9.46300593441e-10, 3.29772931185e-10, 1.55704421578e-10, 7.32585866969e-12, 1.43495512781e-13],
        "min": [5.33799870625e-12, 1.27114263559e-10, 2.30586083561e-09, 1.60754565215e-09, 8.65490790147e-10, 6.92683299608e-10, 1.5959918942e-09, 5.08407760336e-10, 3.95612043125e-10, 1.95333149655e-09, 9.49205936074e-10, 1.13174569716e-09, 3.73286818123e-10, 6.17253970159e-10, 1.67742109092e-09, 5.25603893742e-10, 1.0594908284e-09, 1.877981326e-09, 2.07815697983e-09, 1.18300091945e-09, 7.38595296035e-10, 3.71611880157e-10, 1.21348070481e-10, 6.54808776646e-11, 5.328488345e-11, 3.42146970478e-12, 1.7405452393e-15],
        "skew": [7.73213863373, 7.73613643646, 9.5152015686, 14.1789770126, 8.39029979706, 7.07749176025, 7.39253902435, 8.85196590424, 7.84197330475, 7.36759901047, 7.02458047867, 7.28445243835, 11.6922397614, 6.76815366745, 7.97147655487, 9.17136859894, 10.5237312317, 9.74048423767, 9.91776657104, 10.8488883972, 10.7647848129, 11.1964387894, 12.5905704498, 12.70262146, 15.7645177841, 15.5838298798, 15.8535346985],
        "var": [3.4528891519e-14, 3.54435536476e-10, 3.48055628763e-08, 5.05294110553e-07, 2.48398987424e-06, 2.18437980948e-06, 2.023572506e-06, 1.05087008251e-06, 8.17155466848e-07, 5.90140928125e-07, 9.99660940693e-08, 6.95222439617e-08, 2.19880050167e-07, 9.37692163916e-08, 1.83129756692e-07, 4.65014068141e-07, 2.45651563091e-06, 8.23746358947e-06, 4.86738599648e-06, 2.00762315217e-05, 2.40308554567e-06, 3.24981073163e-07, 7.23531279334e-09, 1.68669822553e-09, 4.96885421697e-10, 8.59590827337e-13, 1.65094715293e-16],
        "cov": [[3.45846703326e-14, 2.89524502463e-12, 2.25349964383e-11, 6.0686428105e-11, 1.79033357584e-10, 1.73017378202e-10, 1.79937134637e-10, 1.18287060702e-10, 1.20635890166e-10, 9.60192272914e-11, 3.97465255153e-11, 2.39360718746e-11, 3.4125965942e-11, 2.06914988615e-11, 3.00333681535e-11, 2.31943405454e-11, 2.628188292e-11, 3.97647331729e-11, 3.20168717927e-11, 2.04833389833e-11, 1.08077210376e-11, 1.99646115612e-12, 3.07603172534e-13, 8.45165883351e-14, 4.47261551525e-14, 1.46970645442e-15, 4.39118224946e-17], [2.89524502463e-12, 3.55008134001e-10, 2.29690289011e-09, 6.11308381693e-09, 1.50930272724e-08, 1.55133434987e-08, 1.37340885331e-08, 1.02066701757e-08, 1.07718154396e-08, 8.45528003168e-09, 3.3703166924e-09, 2.33334618294e-09, 2.50471399177e-09, 1.79565673442e-09, 2.57667864823e-09, 2.29717156408e-09, 3.59260221572e-09, 6.04754912814e-09, 4.7291717209e-09, 6.31102414772e-09, 2.49077247716e-09, 7.7639195073e-10, 1.10643855189e-10, 4.70850823608e-11, 2.41007491741e-11, 9.48655650562e-13, 1.53347996736e-14], [2.25349964383e-11, 2.29690289011e-09, 3.48617916757e-08, 7.06582099497e-08, 2.08075618957e-07, 1.60430431606e-07, 1.69049584997e-07, 1.24587018036e-07, 1.13172866634e-07, 1.06546316658e-07, 4.33688747137e-08, 3.05930676348e-08, 4.37651337393e-08, 3.02853315759e-08, 3.63290340033e-08, 4.71824925796e-08, 7.18706658631e-08, 1.3668365284e-07, 9.80794112593e-08, 1.51090389977e-07, 5.94874904891e-08, 1.90519209298e-08, 2.39713737749e-09, 1.07323794296e-09, 4.31831431724e-10, 1.61953818412e-11, 2.37474753403e-13], [6.0686428105e-11, 6.11308381693e-09, 7.06582099497e-08, 5.06110438891e-07, 9.46216687225e-07, 4.93964705583e-07, 5.56500594939e-07, 3.25900742837e-07, 3.13064447255e-07, 3.12361748911e-07, 1.06543325273e-07, 1.0233453196e-07, 2.49430115673e-07, 1.08340081795e-07, 8.72934791118e-08, 1.77466560558e-07, 2.58129688291e-07, 2.38468885527e-07, 2.65182819703e-07, 3.19970951068e-07, 1.1834179503e-07, 4.34093792023e-08, 6.51080656056e-09, 2.50352361064e-09, 1.21546428478e-09, 4.71858906115e-11, 6.64969002171e-13], [1.79033357584e-10, 1.50930272724e-08, 2.08075618957e-07, 9.46216687225e-07, 2.48800279223e-06, 1.61928448961e-06, 1.75289460458e-06, 1.12972782063e-06, 1.06796562704e-06, 9.03374143491e-07, 3.75919825046e-07, 2.9173432381e-07, 6.01404792633e-07, 3.30693296746e-07, 3.75016497856e-07, 5.76080822157e-07, 9.30022736156e-07, 1.37601739425e-06, 1.27250348214e-06, 1.97743906938e-06, 7.33759009108e-07, 2.47251620067e-07, 3.47923361232e-08, 1.54401647023e-08, 7.70461916488e-09, 2.92075419406e-10, 4.12085426546e-12], [1.73017378202e-10, 1.55133434987e-08, 1.60430431606e-07, 4.93964705583e-07, 1.61928448961e-06, 2.18790887629e-06, 1.53918108481e-06, 1.09818597593e-06, 1.0089800071e-06, 6.98166104485e-07, 3.1247827792e-07, 2.26041578344e-07, 4.0547666913e-07, 2.93778100513e-07, 3.7494390881e-07, 4.67541752869e-07, 9.20552906791e-07, 1.65918106632e-06, 1.17304125524e-06, 1.85001169939e-06, 6.78046149005e-07, 2.22682530193e-07, 2.79478875598e-08, 9.98194327195e-09, 3.7176521861e-09, 1.31099936462e-10, 1.91257621719e-12], [1.79937134637e-10, 1.37340885331e-08, 1.69049584997e-07, 5.56500594939e-07, 1.75289460458e-06, 1.53918108481e-06, 2.02684145734e-06, 8.83474285729e-07, 8.91769673217e-07, 7.67579422245e-07, 3.53712863443e-07, 2.83970535975e-07, 4.40112415845e-07, 2.96042486525e-07, 3.39940385174e-07, 4.78852825836e-07, 9.00539362192e-07, 1.58678221851e-06, 1.18933780868e-06, 2.05419314625e-06, 7.23051186924e-07, 2.51776754112e-07, 3.48018964758e-08, 1.67260747475e-08, 6.87006451727e-09, 2.74039485548e-10, 3.76910221783e-12], [1.18287060702e-10, 1.02066701757e-08, 1.24587018036e-07, 3.25900742837e-07, 1.12972782063e-06, 1.09818597593e-06, 8.83474285729e-07, 1.05256776806e-06, 8.1805217178e-07, 5.50910556285e-07, 2.30423680136e-07, 1.77329269491e-07, 2.65768136387e-07, 2.11167431985e-07, 3.20982962876e-07, 3.48175120735e-07, 5.76171032662e-07, 1.17289766877e-06, 8.76386934578e-07, 1.45495016568e-06, 5.40190910669e-07, 1.693006908e-07, 2.2880797701e-08, 1.00432924199e-08, 4.41466241341e-09, 1.66681571323e-10, 2.41511671772e-12], [1.20635890166e-10, 1.07718154396e-08, 1.13172866634e-07, 3.13064447255e-07, 1.06796562704e-06, 1.0089800071e-06, 8.91769673217e-07, 8.1805217178e-07, 8.18475598408e-07, 5.13771453825e-07, 1.93004282778e-07, 1.56865510803e-07, 2.37649373958e-07, 1.73782225943e-07, 2.47677178322e-07, 2.46940828674e-07, 4.85930229388e-07, 8.12956784557e-07, 6.3324699795e-07, 1.05932326733e-06, 3.80794887178e-07, 1.26833910485e-07, 1.87921198602e-08, 8.38012415016e-09, 4.11057987648e-09, 1.65232091898e-10, 2.36911683847e-12], [9.60192272914e-11, 8.45528003168e-09, 1.06546316658e-07, 3.12361748911e-07, 9.03374143491e-07, 6.98166104485e-07, 7.67579422245e-07, 5.50910556285e-07, 5.13771453825e-07, 5.91094305946e-07, 2.00947113171e-07, 1.71119964421e-07, 2.46741564069e-07, 1.6412421644e-07, 2.29219537573e-07, 2.56106204688e-07, 5.39363554708e-07, 8.56722920162e-07, 6.68728489472e-07, 1.21116249829e-06, 4.09287963521e-07, 1.39008150768e-07, 2.25204406235e-08, 9.58117318817e-09, 4.79353312599e-09, 2.04537775605e-10, 2.89018006576e-12], [3.97465255153e-11, 3.3703166924e-09, 4.33688747137e-08, 1.06543325273e-07, 3.75919825046e-07, 3.1247827792e-07, 3.53712863443e-07, 2.30423680136e-07, 1.93004282778e-07, 2.00947113171e-07, 1.00127593328e-07, 6.7238310919e-08, 8.6169237079e-08, 6.74498537023e-08, 8.97244731846e-08, 1.25550670305e-07, 2.27301896416e-07, 4.49433144922e-07, 3.30871955612e-07, 5.49900960323e-07, 1.98966745302e-07, 7.09642620222e-08, 9.36908062243e-09, 4.39267866525e-09, 1.91254256876e-09, 7.51560966239e-11, 1.0524005712e-12], [2.39360718746e-11, 2.33334618294e-09, 3.05930676348e-08, 1.0233453196e-07, 2.9173432381e-07, 2.26041578344e-07, 2.83970535975e-07, 1.77329269491e-07, 1.56865510803e-07, 1.71119964421e-07, 6.7238310919e-08, 6.9634559452e-08, 8.42331431272e-08, 6.78702321011e-08, 8.50156069987e-08, 1.19232581142e-07, 2.58753942717e-07, 4.61516037831e-07, 3.62799823961e-07, 6.95817959695e-07, 2.38318335732e-07, 8.21284089625e-08, 1.21275176568e-08, 5.73396041759e-09, 2.58405341569e-09, 1.05161872266e-10, 1.44288411514e-12], [3.4125965942e-11, 2.50471399177e-09, 4.37651337393e-08, 2.49430115673e-07, 6.01404792633e-07, 4.0547666913e-07, 4.40112415845e-07, 2.65768136387e-07, 2.37649373958e-07, 2.46741564069e-07, 8.6169237079e-08, 8.42331431272e-08, 2.20235264692e-07, 1.15576561655e-07, 1.38891863344e-07, 2.49691396448e-07, 4.25936946158e-07, 7.54677955683e-07, 5.63819980925e-07, 9.66165885075e-07, 3.48450896581e-07, 1.26084003682e-07, 1.70181966297e-08, 7.63076890564e-09, 3.37630812197e-09, 1.32606967074e-10, 1.8094070079e-12], [2.06914988615e-11, 1.79565673442e-09, 3.02853315759e-08, 1.08340081795e-07, 3.30693296746e-07, 2.93778100513e-07, 2.96042486525e-07, 2.11167431985e-07, 1.73782225943e-07, 1.6412421644e-07, 6.74498537023e-08, 6.78702321011e-08, 1.15576561655e-07, 9.39206969974e-08, 1.19927307196e-07, 1.81873474503e-07, 3.42379109952e-07, 7.0050884915e-07, 5.13482859787e-07, 1.00366298739e-06, 3.46683265207e-07, 1.14238268623e-07, 1.60391415704e-08, 7.28345250778e-09, 3.2055449406e-09, 1.26047644544e-10, 1.71866362288e-12], [3.00333681535e-11, 2.57667864823e-09, 3.63290340033e-08, 8.72934791118e-08, 3.75016497856e-07, 3.7494390881e-07, 3.39940385174e-07, 3.20982962876e-07, 2.47677178322e-07, 2.29219537573e-07, 8.97244731846e-08, 8.50156069987e-08, 1.38891863344e-07, 1.19927307196e-07, 1.83425612477e-07, 2.48520819923e-07, 4.8257720664e-07, 9.96904873318e-07, 7.40732787108e-07, 1.46067532114e-06, 5.07524134719e-07, 1.68175105841e-07, 2.42726034827e-08, 1.08993560843e-08, 5.16349452084e-09, 2.06000341785e-10, 2.84500721592e-12], [2.31943405454e-11, 2.29717156408e-09, 4.71824925796e-08, 1.77466560558e-07, 5.76080822157e-07, 4.67541752869e-07, 4.78852825836e-07, 3.48175120735e-07, 2.46940828674e-07, 2.56106204688e-07, 1.25550670305e-07, 1.19232581142e-07, 2.49691396448e-07, 1.81873474503e-07, 2.48520819923e-07, 4.65765282343e-07, 8.55725943438e-07, 1.797463824e-06, 1.29715829189e-06, 2.4017542728e-06, 8.61437911226e-07, 3.13495860382e-07, 4.13215062167e-08, 1.94869613779e-08, 8.62954152581e-09, 3.37450595245e-10, 4.5924457813e-12], [2.628188292e-11, 3.59260221572e-09, 7.18706658631e-08, 2.58129688291e-07, 9.30022736156e-07, 9.20552906791e-07, 9.00539362192e-07, 5.76171032662e-07, 4.85930229388e-07, 5.39363554708e-07, 2.27301896416e-07, 2.58753942717e-07, 4.25936946158e-07, 3.42379109952e-07, 4.8257720664e-07, 8.55725943438e-07, 2.46048398367e-06, 4.02351906814e-06, 3.2246284718e-06, 6.2754852479e-06, 2.17039450945e-06, 8.58597331899e-07, 1.26599658756e-07, 5.94303877222e-08, 3.06029512842e-08, 1.26544597023e-09, 1.74368158801e-11], [3.97647331729e-11, 6.04754912814e-09, 1.3668365284e-07, 2.38468885527e-07, 1.37601739425e-06, 1.65918106632e-06, 1.58678221851e-06, 1.17289766877e-06, 8.12956784557e-07, 8.56722920162e-07, 4.49433144922e-07, 4.61516037831e-07, 7.54677955683e-07, 7.0050884915e-07, 9.96904873318e-07, 1.797463824e-06, 4.02351906814e-06, 8.25077131594e-06, 5.88297234572e-06, 1.14182257676e-05, 3.99012651542e-06, 1.49997310928e-06, 2.04654540426e-07, 9.78661702788e-08, 4.45084573641e-08, 1.79171943948e-09, 2.44232169211e-11], [3.20168717927e-11, 4.7291717209e-09, 9.80794112593e-08, 2.65182819703e-07, 1.27250348214e-06, 1.17304125524e-06, 1.18933780868e-06, 8.76386934578e-07, 6.3324699795e-07, 6.68728489472e-07, 3.30871955612e-07, 3.62799823961e-07, 5.63819980925e-07, 5.13482859787e-07, 7.40732787108e-07, 1.29715829189e-06, 3.2246284718e-06, 5.88297234572e-06, 4.87524948767e-06, 9.62898047874e-06, 3.36242010235e-06, 1.220203103e-06, 1.76948532271e-07, 8.51077786024e-08, 4.23379766801e-08, 1.69898406455e-09, 2.33220318058e-11], [2.04833389833e-11, 6.31102414772e-09, 1.51090389977e-07, 3.19970951068e-07, 1.97743906938e-06, 1.85001169939e-06, 2.05419314625e-06, 1.45495016568e-06, 1.05932326733e-06, 1.21116249829e-06, 5.49900960323e-07, 6.95817959695e-07, 9.66165885075e-07, 1.00366298739e-06, 1.46067532114e-06, 2.4017542728e-06, 6.2754852479e-06, 1.14182257676e-05, 9.62898047874e-06, 2.01086659217e-05, 6.89035005053e-06, 2.41185398409e-06, 3.63828888794e-07, 1.73620435362e-07, 8.83988704459e-08, 3.5759097905e-09, 4.90681176246e-11], [1.08077210376e-11, 2.49077247716e-09, 5.94874904891e-08, 1.1834179503e-07, 7.33759009108e-07, 6.78046149005e-07, 7.23051186924e-07, 5.40190910669e-07, 3.80794887178e-07, 4.09287963521e-07, 1.98966745302e-07, 2.38318335732e-07, 3.48450896581e-07, 3.46683265207e-07, 5.07524134719e-07, 8.61437911226e-07, 2.17039450945e-06, 3.99012651542e-06, 3.36242010235e-06, 6.89035005053e-06, 2.4069677238e-06, 8.45835927521e-07, 1.24679161218e-07, 6.0027481652e-08, 3.0318769717e-08, 1.21407728315e-09, 1.66835295579e-11], [1.99646115612e-12, 7.7639195073e-10, 1.90519209298e-08, 4.34093792023e-08, 2.47251620067e-07, 2.22682530193e-07, 2.51776754112e-07, 1.693006908e-07, 1.26833910485e-07, 1.39008150768e-07, 7.09642620222e-08, 8.21284089625e-08, 1.26084003682e-07, 1.14238268623e-07, 1.68175105841e-07, 3.13495860382e-07, 8.58597331899e-07, 1.49997310928e-06, 1.220203103e-06, 2.41185398409e-06, 8.45835927521e-07, 3.2550607898e-07, 4.71560177573e-08, 2.2811100564e-08, 1.15706360049e-08, 4.70766925442e-10, 6.47624402023e-12], [3.07603172534e-13, 1.10643855189e-10, 2.39713737749e-09, 6.51080656056e-09, 3.47923361232e-08, 2.79478875598e-08, 3.48018964758e-08, 2.2880797701e-08, 1.87921198602e-08, 2.25204406235e-08, 9.36908062243e-09, 1.21275176568e-08, 1.70181966297e-08, 1.60391415704e-08, 2.42726034827e-08, 4.13215062167e-08, 1.26599658756e-07, 2.04654540426e-07, 1.76948532271e-07, 3.63828888794e-07, 1.24679161218e-07, 4.71560177573e-08, 7.24700166543e-09, 3.44494410776e-09, 1.84022586058e-09, 7.59596482935e-11, 1.04745693456e-12], [8.45165883351e-14, 4.70850823608e-11, 1.07323794296e-09, 2.50352361064e-09, 1.54401647023e-08, 9.98194327195e-09, 1.67260747475e-08, 1.00432924199e-08, 8.38012415016e-09, 9.58117318817e-09, 4.39267866525e-09, 5.73396041759e-09, 7.63076890564e-09, 7.28345250778e-09, 1.08993560843e-08, 1.94869613779e-08, 5.94303877222e-08, 9.78661702788e-08, 8.51077786024e-08, 1.73620435362e-07, 6.0027481652e-08, 2.2811100564e-08, 3.44494410776e-09, 1.68942315693e-09, 8.83017770015e-10, 3.61933261139e-11, 4.98251342528e-13], [4.47261551525e-14, 2.41007491741e-11, 4.31831431724e-10, 1.21546428478e-09, 7.70461916488e-09, 3.7176521861e-09, 6.87006451727e-09, 4.41466241341e-09, 4.11057987648e-09, 4.79353312599e-09, 1.91254256876e-09, 2.58405341569e-09, 3.37630812197e-09, 3.2055449406e-09, 5.16349452084e-09, 8.62954152581e-09, 3.06029512842e-08, 4.45084573641e-08, 4.23379766801e-08, 8.83988704459e-08, 3.0318769717e-08, 1.15706360049e-08, 1.84022586058e-09, 8.83017770015e-10, 4.97688168455e-10, 2.06075018161e-11, 2.8539296577e-13], [1.46970645442e-15, 9.48655650562e-13, 1.61953818412e-11, 4.71858906115e-11, 2.92075419406e-10, 1.31099936462e-10, 2.74039485548e-10, 1.66681571323e-10, 1.65232091898e-10, 2.04537775605e-10, 7.51560966239e-11, 1.05161872266e-10, 1.32606967074e-10, 1.26047644544e-10, 2.06000341785e-10, 3.37450595245e-10, 1.26544597023e-09, 1.79171943948e-09, 1.69898406455e-09, 3.5759097905e-09, 1.21407728315e-09, 4.70766925442e-10, 7.59596482935e-11, 3.61933261139e-11, 2.06075018161e-11, 8.6097947348e-13, 1.1925521707e-14], [4.39118224946e-17, 1.53347996736e-14, 2.37474753403e-13, 6.64969002171e-13, 4.12085426546e-12, 1.91257621719e-12, 3.76910221783e-12, 2.41511671772e-12, 2.36911683847e-12, 2.89018006576e-12, 1.0524005712e-12, 1.44288411514e-12, 1.8094070079e-12, 1.71866362288e-12, 2.84500721592e-12, 4.5924457813e-12, 1.74368158801e-11, 2.44232169211e-11, 2.33220318058e-11, 4.90681176246e-11, 1.66835295579e-11, 6.47624402023e-12, 1.04745693456e-12, 4.98251342528e-13, 2.8539296577e-13, 1.1925521707e-14, 1.65361438027e-16]]
    },
    "mfcc": {
        "kurt": [7.5812587738, 5.28912448883, 0.533683300018, 2.48682165146, 0.332879304886, -0.226693868637, 0.049195766449, 0.0308308601379, -0.76006770134, -0.553768873215, -0.525961875916, -0.417424440384, -0.443989276886],
        "max": [-474.680236816, 204.39932251, 51.8539161682, 78.4549255371, 27.0271186829, 31.1489868164, 34.3399581909, 44.7710037231, 23.9287757874, 18.5369510651, 28.6161460876, 29.1481494904, 17.856842041],
        "mean": [-1012.29425049, 76.9922790527, 2.19875645638, 14.1803188324, -1.77046310902, -6.98936033249, 4.45776844025, 2.7577881813, -4.53236246109, -7.62427568436, -6.04261779785, -4.53753948212, -7.05821180344],
        "median": [-1058.25756836, 68.2223892212, 13.7610626221, 11.241519928, 0.88695526123, -7.7123260498, 5.84077072144, 1.65413665771, -5.61362838745, -7.2721824646, -7.08919525146, -4.16924285889, -7.86070537567],
        "min": [-1138.36645508, 0.0753288269043, -96.3184661865, -33.1722488403, -48.5581665039, -40.5133247375, -26.523651123, -40.2725067139, -34.9739151001, -38.5515823364, -33.9236068726, -37.5282554626, -33.352016449],
        "skew": [2.7759513855, 2.25786328316, -1.22662770748, 1.22923648357, -0.827898740768, 0.200034141541, -0.415345489979, 0.139642506838, 0.0938486382365, -0.0348646789789, 0.194804280996, -0.0309532787651, 0.133123517036],
        "var": [14099.3017578, 994.458557129, 953.840820312, 250.548965454, 226.912521362, 170.350234985, 111.901313782, 155.643447876, 152.330932617, 120.35080719, 148.626663208, 133.288009644, 100.924858093],
        "cov": [[14122.0791016, 2271.49658203, -2891.13500977, 1230.85437012, -1277.39294434, -643.468017578, -483.859741211, -701.415893555, -155.798675537, -28.1470870972, -67.3945159912, -24.2008705139, 3.77474427223], [2271.49658203, 996.065124512, -338.672851562, 137.343765259, -206.616271973, -121.995750427, -69.0319213867, -115.487289429, -24.9395503998, 15.7656421661, -6.21391820908, 2.04110980034, 26.660610199], [-2891.13500977, -338.672851562, 955.381774902, -271.635925293, 323.794525146, 202.521438599, 48.8369445801, 165.55770874, 27.8255786896, -13.1896839142, -7.37284564972, -15.2312421799, 2.85308146477], [1230.85437012, 137.343765259, -271.635925293, 250.953735352, -71.8050689697, -64.0068817139, -65.2545471191, -97.2392425537, -14.5179710388, 5.99524831772, -9.40446376801, -13.6589174271, -7.72494220734], [-1277.39294434, -206.616271973, 323.794525146, -71.8050689697, 227.279098511, 125.50629425, 36.6241989136, 29.3306808472, -43.8012962341, -10.1839599609, 42.9437866211, 35.1659469604, -5.30692434311], [-643.468017578, -121.995750427, 202.521438599, -64.0068817139, 125.50629425, 170.625442505, 54.4759178162, 5.10371255875, -67.9273376465, -48.0387954712, 34.7621231079, 54.7862548828, 16.5677318573], [-483.859741211, -69.0319213867, 48.8369445801, -65.2545471191, 36.6241989136, 54.4759178162, 112.082084656, 60.1380386353, -23.8535957336, -40.5608215332, -18.0999031067, 15.3319854736, 29.2552242279], [-701.415893555, -115.487289429, 165.55770874, -97.2392425537, 29.3306808472, 5.10371255875, 60.1380386353, 155.894897461, 81.7335510254, -15.406712532, -72.8270568848, -72.0109786987, -8.65371322632], [-155.798675537, -24.9395503998, 27.8255786896, -14.5179710388, -43.8012962341, -67.9273376465, -23.8535957336, 81.7335510254, 152.577026367, 72.8377227783, -51.2379760742, -90.4864044189, -39.5484313965], [-28.1470870972, 15.7656421661, -13.1896839142, 5.99524831772, -10.1839599609, -48.0387954712, -40.5608215332, -15.406712532, 72.8377227783, 120.54523468, 59.6024780273, -9.5170173645, -39.3264350891], [-67.3945159912, -6.21391820908, -7.37284564972, -9.40446376801, 42.9437866211, 34.7621231079, -18.0999031067, -72.8270568848, -51.2379760742, 59.6024780273, 148.866775513, 102.842247009, -18.5879592896], [-24.2008705139, 2.04110980034, -15.2312421799, -13.6589174271, 35.1659469604, 54.7862548828, 15.3319854736, -72.0109786987, -90.4864044189, -9.5170173645, 102.842247009, 133.503326416, 43.5423469543], [3.77474427223, 26.660610199, 2.85308146477, -7.72494220734, -5.30692434311, 16.5677318573, 29.2552242279, -8.65371322632, -39.5484313965, -39.3264350891, -18.5879592896, 43.5423469543, 101.087905884]]
    },
    "sccoeffs": {
        "kurt": [7.21604347229, 4.41361713409, -0.341901540756, 0.613708972931, 6.78541469574, 4.26968812943],
        "max": [-0.268400967121, -0.56681150198, -0.600442230701, -0.684405863285, -0.701084136963, -0.621768414974],
        "mean": [-0.74426472187, -0.849565565586, -0.822503685951, -0.852113902569, -0.863595187664, -0.821526110172],
        "median": [-0.758709192276, -0.862285375595, -0.828982234001, -0.864112973213, -0.870491862297, -0.835962593555],
        "min": [-0.914483010769, -0.938150823116, -0.937353610992, -0.934375464916, -0.947075366974, -0.915063738823],
        "skew": [2.22626638412, 1.74334728718, 0.547288417816, 1.04603600502, 2.22601032257, 2.07563519478],
        "var": [0.00540767656639, 0.0029594914522, 0.00415394594893, 0.0020769063849, 0.000945532112382, 0.00222085556015],
        "cov": [[0.0054164128378, 0.00219690636732, 0.000678410753608, 0.000784772797488, 0.00131280638743, 0.00232332618907], [0.00219690636732, 0.00296427262947, 0.000398488220526, 0.000444986886578, 0.000788246281445, 0.00153502379544], [0.000678410753608, 0.000398488220526, 0.00416065659374, -0.00104087055661, 0.000296558515402, 0.000540637120139], [0.000784772797488, 0.000444986886578, -0.00104087055661, 0.00208026170731, 0.00054783874657, 0.000460714858491], [0.00131280638743, 0.000788246281445, 0.000296558515402, 0.00054783874657, 0.000947059656028, 0.000892773387022], [0.00232332618907, 0.00153502379544, 0.000540637120139, 0.000460714858491, 0.000892773387022, 0.00222444348037]]
    },
    "scvalleys": {
        "kurt": [4.33233547211, 4.28764724731, 4.73292016983, 5.26227378845, 5.01927852631, 8.29528331757],
        "max": [-5.19897317886, -3.59626746178, -4.50555229187, -4.80726242065, -4.20562696457, -6.31537389755],
        "mean": [-9.70440196991, -9.29779052734, -9.74641227722, -10.2434301376, -10.4007320404, -13.311832428],
        "median": [-9.99707603455, -9.77626132965, -10.1825609207, -10.719244957, -10.9217472076, -13.7676963806],
        "min": [-11.6435375214, -11.7171878815, -11.774017334, -12.5891866684, -12.1544790268, -14.473897934],
        "skew": [2.13046383858, 2.1389529705, 2.19157576561, 2.32829451561, 2.22035813332, 2.63913011551],
        "var": [1.17720448971, 2.07503247261, 1.86057174206, 1.82902240753, 2.06129670143, 1.5884244442],
        "cov": [[1.1791062355, 1.33190739155, 1.21125841141, 1.16814494133, 1.12407684326, 0.846095383167], [1.33190739155, 2.07838463783, 1.85406863689, 1.82144343853, 1.84857201576, 1.47849190235], [1.21125841141, 1.85406863689, 1.86357748508, 1.76421916485, 1.81503903866, 1.48579525948], [1.16814494133, 1.82144343853, 1.76421916485, 1.83197724819, 1.87948155403, 1.54220700264], [1.12407684326, 1.84857201576, 1.81503903866, 1.87948155403, 2.06462693214, 1.72076463699], [0.846095383167, 1.47849190235, 1.48579525948, 1.54220700264, 1.72076463699, 1.59099054337]]
    }
},
"rhythm": {
    "beats_loudness": {
        "kurt": 10.7332000732,
        "max": 0.170299485326,
        "mean": 0.0110126724467,
        "median": 7.01316548657e-06,
        "min": 1.20004892779e-06,
        "skew": 3.45596265793,
        "var": 0.00144548842218
    },
    "bpm": 102.363372803,
    "confidence": 1.7653837204,
    "first_peak_bpm": {
        "kurt": 0,
        "max": 103,
        "mean": 103,
        "median": 103,
        "min": 103,
        "skew": 0,
        "var": 0
    },
    "first_peak_spread": {
        "kurt": 0,
        "max": 0.277777791023,
        "mean": 0.277777791023,
        "median": 0.277777791023,
        "min": 0.277777791023,
        "skew": 0,
        "var": 0
    },
    "first_peak_weight": {
        "kurt": 0,
        "max": 0.565217375755,
        "mean": 0.565217375755,
        "median": 0.565217375755,
        "min": 0.565217375755,
        "skew": 0,
        "var": 0
    },
    "onset_rate": 0.139275982976,
    "second_peak_bpm": {
        "kurt": 0,
        "max": 115,
        "mean": 115,
        "median": 115,
        "min": 115,
        "skew": 0,
        "var": 0
    },
    "second_peak_spread": {
        "kurt": 0,
        "max": 0.5,
        "mean": 0.5,
        "median": 0.5,
        "min": 0.5,
        "skew": 0,
        "var": 0
    },
    "second_peak_weight": {
        "kurt": 0,
        "max": 0.0869565233588,
        "mean": 0.0869565233588,
        "median": 0.0869565233588,
        "min": 0.0869565233588,
        "skew": 0,
        "var": 0
    },
    "beats_loudness_band_ratio": {
        "kurt": [-0.450376272202, 1.68186759949, 2.69244480133, 1.12471342087, 0.597065210342, 2.06648397446],
        "max": [0.73771160841, 0.45759370923, 0.619426310062, 0.816609919071, 0.455846816301, 0.554522335529],
        "mean": [0.25064983964, 0.128779470921, 0.142329618335, 0.239861354232, 0.141893073916, 0.124554246664],
        "median": [0.228228420019, 0.10378459096, 0.10046300292, 0.161800399423, 0.114361599088, 0.0555397085845],
        "min": [0.00280537828803, 0.00537000969052, 0.0134562300518, 0.0346488840878, 0.0120017779991, 0.00470284838229],
        "skew": [0.511928379536, 1.43077433109, 1.8308262825, 1.39541006088, 1.09359884262, 1.76847553253],
        "var": [0.0383023694158, 0.0118956901133, 0.0220120046288, 0.0456828661263, 0.0125012313947, 0.0229140799493],
        "cov": [[0.0399676896632, 0.0063574896194, -0.00798077508807, -0.0144413383678, -0.00778072420508, -0.0146584091708], [0.0063574896194, 0.0124128935859, -0.000293801975204, -0.00526103051379, -0.00463063642383, -0.00679949438199], [-0.00798077508807, -0.000293801975204, 0.0229690484703, -0.00651063397527, -0.00321094552055, -0.00505056604743], [-0.0144413383678, -0.00526103051379, -0.00651063397527, 0.0476690791547, -0.0111104650423, -0.0117457974702], [-0.00778072420508, -0.00463063642383, -0.00321094552055, -0.0111104650423, 0.0130447624251, 0.0133940409869], [-0.0146584091708, -0.00679949438199, -0.00505056604743, -0.0117457974702, 0.0133940409869, 0.023910343647]]
    },
    "beats_position": [0.568888902664, 1.14938771725, 1.72988653183, 2.31038546562, 2.89088439941, 3.41333317757, 3.93578219414, 4.446621418, 4.95746040344, 5.45668935776, 6.06040811539, 6.66412687302, 7.26784563065, 7.87156438828, 8.45206356049, 9.03256225586, 9.61306095123, 10.1935596466, 10.774058342, 11.354557991, 11.9350566864, 12.5155553818, 13.1076641083, 13.6881628036],
    "bpm_estimates": [103.359382629, 103.359382629, 103.359359741, 103.359359741, 99.3840255737, 99.3840255737, 99.3840255737, 99.3840255737, 103.359321594, 103.359405518, 103.359405518, 103.359405518, 103.359405518, 103.359237671, 103.359405518, 103.359405518, 101.332740784, 103.359405518],
    "bpm_intervals": [0.580498814583, 0.580498814583, 0.580498933792, 0.580498933792, 0.522448778152, 0.522449016571, 0.510839223862, 0.510838985443, 0.499228954315, 0.603718757629, 0.603718757629, 0.603718757629, 0.603718757629, 0.580499172211, 0.580498695374, 0.580498695374, 0.580498695374, 0.580498695374, 0.580499649048, 0.580498695374, 0.580498695374, 0.592108726501, 0.580498695374],
    "onset_times": [10.1935596466, 11.900226593],
    "histogram": [[0, 0, 0, 0, 0, 0, 0, 0, 0, 0, 0, 0, 0, 0, 0, 0, 0, 0, 0, 0, 0, 0, 0, 0, 0, 0, 0, 0, 0, 0, 0, 0, 0, 0, 0, 0, 0, 0, 0, 0, 0, 0, 0, 0, 0, 0, 0, 0, 0, 0, 0, 0, 0, 0, 0, 0, 0, 0, 0, 0, 0, 0, 0, 0, 0, 0, 0, 0, 0, 0, 0, 0, 0, 0, 0, 0, 0, 0, 0, 0, 0, 0, 0, 0, 0, 0, 0, 0, 0, 0, 0, 0, 0, 0, 0, 0, 0, 0, 0, 0.173913046718, 0, 0.0434782616794, 0, 0.565217375755, 0, 0, 0, 0, 0, 0, 0, 0, 0, 0, 0, 0.0869565233588, 0, 0.0869565233588, 0, 0, 0.0434782616794, 0, 0, 0, 0, 0, 0, 0, 0, 0, 0, 0, 0, 0, 0, 0, 0, 0, 0, 0, 0, 0, 0, 0, 0, 0, 0, 0, 0, 0, 0, 0, 0, 0, 0, 0, 0, 0, 0, 0, 0, 0, 0, 0, 0, 0, 0, 0, 0, 0, 0, 0, 0, 0, 0, 0, 0, 0, 0, 0, 0, 0, 0, 0, 0, 0, 0, 0, 0, 0, 0, 0, 0, 0, 0, 0, 0, 0, 0, 0, 0, 0, 0, 0, 0, 0, 0, 0, 0, 0, 0, 0, 0, 0, 0, 0, 0, 0, 0, 0, 0, 0, 0, 0, 0, 0, 0, 0, 0, 0, 0, 0, 0, 0, 0, 0, 0, 0, 0, 0, 0, 0, 0, 0, 0, 0, 0, 0, 0, 0]]
},
"sfx": {
    "inharmonicity": {
        "kurt": 2.18414068222,
        "max": 0.369857668877,
        "mean": 0.0561063401401,
        "median": 0.0214214567095,
        "min": 0,
        "skew": 1.60766589642,
        "var": 0.00556486193091
    },
    "oddtoevenharmonicenergyratio": {
        "kurt": 52.4314575195,
        "max": 57.959690094,
        "mean": 1.49592840672,
        "median": 0.0979015380144,
        "min": 0,
        "skew": 6.45542573929,
        "var": 24.0706768036
    },
    "pitch_after_max_to_before_max_energy_ratio": 1.52709186077,
    "pitch_centroid": 303.49395752,
    "pitch_max_to_total": 0.50645160675,
    "pitch_min_to_total": 0.733870983124,
    "tristimulus": {
        "kurt": [-1.28165245056, -0.0425746440887, -0.383652210236],
        "max": [1, 0.895001173019, 0.954754650593],
        "mean": [0.480241537094, 0.295138388872, 0.224619686604],
        "median": [0.44766369462, 0.246596232057, 0.155223280191],
        "min": [0, 0, 0],
        "skew": [0.125947505236, 0.722338676453, 0.820063829422],
        "var": [0.0942264273763, 0.037885941565, 0.0545341931283],
        "cov": [[0.0943786501884, -0.038851659745, -0.0555269606411], [-0.038851659745, 0.0379471480846, 0.000904539949261], [-0.0555269606411, 0.000904539949261, 0.0546222925186]]
    }
},
"tonal": {
    "chords_changes_rate": 0.0868167206645,
    "chords_number_rate": 0.032154340297,
    "chords_strength": {
        "kurt": 0.0685443878174,
        "max": 0.657515645027,
        "mean": 0.511935949326,
        "median": 0.531633257866,
        "min": 0.241908013821,
        "skew": -0.866554439068,
        "var": 0.00825298670679
    },
    "key_strength": 0.580986082554,
    "tuning_diatonic_strength": 0.578221797943,
    "tuning_equal_tempered_deviation": 0.262078970671,
    "tuning_frequency": 454.202880859,
    "tuning_nontempered_energy_ratio": 0.93196362257,
    "hpcp": {
        "kurt": [3.87796926498, 4.09968280792, 4.57794618607, 4.84834241867, 6.35286998749, 3.18739271164, 1.34403705597, 2.92796230316, 6.34431552887, 3.51390743256, -0.621359348297, -1.49229466915, -0.456798315048, 3.00583744049, 8.90484523773, 5.3269109726, 4.05484437943, 3.16777944565, 6.74494171143, 7.02550411224, 8.65543556213, 6.08180522919, 5.43171596527, 5.20525455475, 4.23894262314, 5.19634628296, 6.8200712204, 9.84794425964, 8.74734783173, 9.70446014404, 9.1251001358, 7.30773353577, 8.34065246582, 6.06368637085, 3.38786172867, 2.40019607544],
        "max": [1, 1, 1, 1, 1, 1, 1, 1, 1, 1, 1, 1, 1, 1, 1, 1, 1, 1, 1, 1, 1, 0.931280851364, 1, 1, 1, 1, 1, 1, 1, 1, 1, 1, 1, 1, 1, 1],
        "mean": [0.178697019815, 0.15644313395, 0.160809189081, 0.153036892414, 0.142568483949, 0.174371317029, 0.207116231322, 0.180079132318, 0.137113854289, 0.174393713474, 0.350789248943, 0.471154868603, 0.336140334606, 0.172584712505, 0.132783547044, 0.135705292225, 0.157374247909, 0.162750706077, 0.144197747111, 0.133013233542, 0.126197203994, 0.123318992555, 0.142507240176, 0.160019174218, 0.156224384904, 0.150304853916, 0.136727765203, 0.12339541316, 0.117401316762, 0.117239050567, 0.122573032975, 0.119724042714, 0.12481315434, 0.148648262024, 0.17646703124, 0.194318071008],
