{
"metadata": {
    "version": {
        "essentia": "2.1-beta3"
    }
},
"lowLevel": {
    "average_loudness": 0.968141198158,
    "barkbands_kurtosis": {
        "kurt": 7.76375293732,
        "max": 65.8837127686,
        "mean": 7.78583192825,
        "median": 5.0617389679,
        "min": -1.39800131321,
        "skew": 2.25217056274,
        "var": 67.7946166992
    },
    "barkbands_skewness": {
        "kurt": 0.330933332443,
        "max": 6.01829051971,
        "mean": 2.16975975037,
        "median": 2.04135346413,
        "min": -0.132786557078,
        "skew": 0.561385154724,
        "var": 1.05696558952
    },
    "barkbands_spread": {
        "kurt": 1.52734994888,
        "max": 41.3627243042,
        "mean": 10.0042133331,
        "median": 8.79191017151,
        "min": 0.739121496677,
        "skew": 1.12429356575,
        "var": 36.3213768005
    },
    "dissonance": {
        "kurt": 0.900432348251,
        "max": 0.500000059605,
        "mean": 0.443743616343,
        "median": 0.450881272554,
        "min": 0.285802930593,
        "skew": -0.968399167061,
        "var": 0.00141353928484
    },
    "hfc": {
        "kurt": 16.6363658905,
        "max": 17.6893730164,
        "mean": 1.13247919083,
        "median": 0.4048204422,
        "min": 0.00904859229922,
        "skew": 3.4324297905,
        "var": 3.33516359329
    },
    "pitch": {
        "kurt": 153.177520752,
        "max": 3429.34619141,
        "mean": 258.395263672,
        "median": 245.453536987,
        "min": 47.9251976013,
        "skew": 8.72479248047,
        "var": 29259.578125
    },
    "pitch_instantaneous_confidence": {
        "kurt": -0.542421579361,
        "max": 0.890652358532,
        "mean": 0.424086987972,
        "median": 0.408615112305,
        "min": 0.122916698456,
        "skew": 0.343849152327,
        "var": 0.0207038223743
    },
    "pitch_salience": {
        "kurt": 0.772021532059,
        "max": 0.864457249641,
        "mean": 0.614094376564,
        "median": 0.634157836437,
        "min": 0.183672592044,
        "skew": -0.931737184525,
        "var": 0.0132836066186
    },
    "silence_rate_20dB": {
        "kurt": 0,
        "max": 1,
        "mean": 1,
        "median": 1,
        "min": 1,
        "skew": 0,
        "var": 0
    },
    "silence_rate_30dB": {
        "kurt": 0,
        "max": 1,
        "mean": 1,
        "median": 1,
        "min": 1,
        "skew": 0,
        "var": 0
    },
    "silence_rate_60dB": {
        "kurt": -0.020583152771,
        "max": 1,
        "mean": 0.787680208683,
        "median": 1,
        "min": 0,
        "skew": -1.40691113472,
        "var": 0.167240679264
    },
    "spectral_centroid": {
        "kurt": 1.4078168869,
        "max": 1516.97241211,
        "mean": 568.961120605,
        "median": 532.007202148,
        "min": 137.923965454,
        "skew": 0.88383102417,
        "var": 41385.4648438
    },
    "spectral_complexity": {
        "kurt": 1.46421384811,
        "max": 16,
        "mean": 3.55176925659,
        "median": 3,
        "min": 0,
        "skew": 1.23048651218,
        "var": 10.3705501556
    },
    "spectral_crest": {
        "kurt": -0.10813832283,
        "max": 21.7743473053,
        "mean": 10.1245555878,
        "median": 9.50412940979,
        "min": 2.50393843651,
        "skew": 0.664635539055,
        "var": 12.9351682663
    },
    "spectral_decrease": {
        "kurt": 27.0245838165,
        "max": -2.48860155573e-12,
        "mean": -5.82564385621e-10,
        "median": -1.78487336022e-10,
        "min": -1.14512772598e-08,
        "skew": -4.26759195328,
        "var": 1.07786834714e-18
    },
    "spectral_energy": {
        "kurt": 26.5430030823,
        "max": 0.0448242016137,
        "mean": 0.00230145151727,
        "median": 0.000706450780854,
        "min": 1.03620286609e-05,
        "skew": 4.22969198227,
        "var": 1.66336394614e-05
    },
    "spectral_energyband_high": {
        "kurt": 21.8185081482,
        "max": 0.000145680649439,
        "mean": 8.57978375279e-06,
        "median": 3.03810134028e-06,
        "min": 1.31197609221e-07,
        "skew": 4.00098657608,
        "var": 2.22365695302e-10
    },
    "spectral_energyband_low": {
        "kurt": 37.0935554504,
        "max": 0.00419841334224,
        "mean": 0.000128519561258,
        "median": 1.66897370946e-05,
        "min": 3.43715129247e-07,
        "skew": 5.16134214401,
        "var": 1.17141574663e-07
    },
    "spectral_energyband_middle_high": {
        "kurt": 10.8702316284,
        "max": 0.00263985572383,
        "mean": 0.000236246705754,
        "median": 8.2613354607e-05,
        "min": 1.45771514326e-06,
        "skew": 3.119348526,
        "var": 1.60404852068e-07
    },
    "spectral_energyband_middle_low": {
        "kurt": 30.7533073425,
        "max": 0.0436842292547,
        "mean": 0.0019757153932,
        "median": 0.000502652197611,
        "min": 6.13182737652e-06,
        "skew": 4.57198238373,
        "var": 1.47830050992e-05
    },
    "spectral_flatness_db": {
        "kurt": 0.127757549286,
        "max": 0.394260764122,
        "mean": 0.227786242962,
        "median": 0.223939806223,
        "min": 0.0784777849913,
        "skew": 0.406184643507,
        "var": 0.00231276452541
    },
    "spectral_flux": {
        "kurt": 9.18643474579,
        "max": 0.208462864161,
        "mean": 0.0244925562292,
        "median": 0.0173599720001,
        "min": 0.00213605794124,
        "skew": 2.2445962429,
        "var": 0.000454154709587
    },
    "spectral_kurtosis": {
        "kurt": 6.50668621063,
        "max": 57.5332984924,
        "mean": 11.9491586685,
        "median": 9.6586151123,
        "min": 2.0439453125,
        "skew": 2.2051923275,
        "var": 61.2589187622
    },
    "spectral_rms": {
        "kurt": 3.69844293594,
        "max": 0.00661293650046,
        "mean": 0.00116888270713,
        "median": 0.000830192875583,
        "min": 0.000100544995803,
        "skew": 1.71927762032,
        "var": 8.79030267242e-07
    },
    "spectral_rolloff": {
        "kurt": 6.7850112915,
        "max": 3746.77734375,
        "mean": 803.106506348,
        "median": 689.0625,
        "min": 107.666015625,
        "skew": 2.24970889091,
        "var": 232492.75
    },
    "spectral_skewness": {
        "kurt": 2.30416631699,
        "max": 6.06898021698,
        "mean": 2.56798243523,
        "median": 2.4372010231,
        "min": 1.1457233429,
        "skew": 1.22542560101,
        "var": 0.514625668526
    },
    "spectral_spread": {
        "kurt": 137.427276611,
        "max": 20723786,
        "mean": 2976247,
        "median": 2934625.5,
        "min": 1210805,
        "skew": 7.90786838531,
        "var": 966245089280
    },
    "spectral_strongpeak": {
        "kurt": 7.47117710114,
        "max": 2.06412601471,
        "mean": 0.23924818635,
        "median": 0.15219669044,
        "min": 0.00375104509294,
        "skew": 2.2595448494,
        "var": 0.0618474856019
    },
    "zerocrossingrate": {
        "kurt": 0.702430963516,
        "max": 0.08837890625,
        "mean": 0.0360592193902,
        "median": 0.0341796875,
        "min": 0.0068359375,
        "skew": 0.769086420536,
        "var": 0.000168980812305
    },
    "barkbands": {
        "kurt": [531.349975586, 23.1710166931, 38.349697113, 179.071136475, 77.3614425659, 213.298583984, 33.6195869446, 25.4051914215, 65.8194122314, 26.8846874237, 19.3654937744, 48.8213119507, 37.5523033142, 86.6671905518, 36.1349182129, 53.7455749512, 46.9360618591, 38.4164276123, 20.640789032, 13.7869949341, 33.311832428, 48.6831016541, 26.8233547211, 20.9510726929, 77.3073730469, 469.012023926, 753.81842041],
        "max": [4.345760658e-07, 0.00104210618883, 0.00191423040815, 0.00314041506499, 0.0232219882309, 0.034735661, 0.0131027810276, 0.00325736403465, 0.00248689879663, 0.00161625025794, 0.000679678691085, 0.00123076222371, 0.000498441106174, 0.000713935412932, 0.000328854948748, 0.000297471648082, 0.00028605593252, 0.000273417797871, 0.000135592767037, 0.000103225349449, 7.30409301468e-05, 2.25663443416e-05, 1.95508482648e-06, 6.24783297098e-07, 4.17048909185e-07, 8.89271092319e-08, 9.24016276826e-08],
        "mean": [3.19283088857e-09, 4.86935932713e-05, 5.64125803066e-05, 4.11082401115e-05, 0.000563153356779, 0.000536808511242, 0.000542619149201, 0.000167953839991, 8.56159822433e-05, 7.37726441002e-05, 3.96896757593e-05, 3.91852336179e-05, 1.94414133148e-05, 1.92914449144e-05, 1.424857237e-05, 1.05255676317e-05, 1.1214825463e-05, 1.12501229523e-05, 8.35999799165e-06, 7.51717061576e-06, 3.508777354e-06, 9.0109881512e-07, 1.23332881685e-07, 3.96025257032e-08, 1.40809364169e-08, 1.04163089265e-09, 1.94614699356e-10],
        "median": [8.03859645515e-10, 4.23895335189e-06, 6.30230533716e-06, 7.11550637789e-06, 8.8682572823e-05, 9.23056504689e-05, 0.000109487380541, 3.75346389774e-05, 2.34936633206e-05, 1.7205496988e-05, 8.30183580547e-06, 7.20929847375e-06, 4.75772139907e-06, 4.62339176011e-06, 4.17587170887e-06, 3.57151407115e-06, 3.8424941522e-06, 3.56633813681e-06, 3.24561597154e-06, 2.63944116341e-06, 1.21526807106e-06, 3.09275321797e-07, 4.80868962427e-08, 1.50241312724e-08, 5.2058837241e-09, 3.19180681885e-10, 1.91090442081e-11],
        "min": [5.98914147443e-12, 4.07102831446e-08, 5.49313305953e-08, 4.98280101624e-08, 8.3718833821e-07, 2.64876206302e-07, 1.48082648366e-07, 2.79745535181e-07, 2.39210322661e-07, 1.31922902824e-07, 6.09308514754e-08, 1.27647879822e-07, 4.23389465709e-08, 4.39069545166e-08, 6.33784225101e-08, 8.42654515054e-08, 5.10477455862e-08, 1.09306959928e-07, 1.79447411597e-07, 1.18043566033e-07, 5.84694426209e-08, 2.03846521885e-08, 2.33805708127e-09, 9.54777590323e-10, 3.10753672794e-10, 1.4229700751e-11, 4.3465198888e-13],
        "skew": [21.5310649872, 4.54356765747, 5.43375301361, 11.6764392853, 7.02518033981, 12.3750696182, 5.05250453949, 4.29016017914, 6.7050447464, 4.65474748611, 4.01540899277, 5.57773923874, 5.2418346405, 7.81982326508, 5.07226657867, 5.77696752548, 5.80179309845, 5.21858930588, 3.82172417641, 3.24024033546, 4.87020778656, 5.95125770569, 4.39090061188, 4.0291466713, 6.65250635147, 19.6285114288, 27.4550666809],
        "var": [2.91853513487e-16, 1.87686310937e-08, 2.58973127387e-08, 2.75879763478e-08, 2.25482267524e-06, 2.98601571558e-06, 1.60385798154e-06, 1.13605459262e-07, 3.76648472411e-08, 2.83145968893e-08, 7.33306970702e-09, 8.19923151596e-09, 1.8488558462e-09, 2.42627851144e-09, 8.48958126021e-10, 4.44340952921e-10, 5.56652612893e-10, 5.38473710066e-10, 1.87051540923e-10, 1.47505008208e-10, 4.16940336423e-11, 3.49531363054e-12, 4.24256204441e-14, 4.67273983924e-15, 6.93859850117e-16, 1.28870314019e-17, 1.11884491013e-17],
        "cov": [[2.92236531198e-16, 1.30497270433e-13, 1.7382796591e-13, 2.77165660215e-13, 1.59392713871e-12, 7.31185619864e-13, 7.0519504407e-14, 4.18362095184e-13, 1.57921974651e-13, 8.99847416632e-14, 2.93902611124e-14, 3.17169149288e-14, 1.0377880704e-14, 1.35184882901e-14, 2.87621658532e-14, 2.78489321989e-14, 1.66247817243e-14, 1.81175451567e-14, 1.69353124731e-14, 2.34662465105e-14, 1.15907514164e-14, 3.01714279306e-15, 7.34470209498e-16, 2.86233052836e-16, 2.58562974608e-16, 5.16171356319e-17, 5.2371650082e-17], [1.30497270433e-13, 1.87932620577e-08, 1.69252363236e-08, 3.67650998534e-09, -7.02263580621e-10, -1.05019974939e-08, -8.19474177405e-09, -2.31763319647e-09, -6.92002233293e-10, -1.24815768832e-09, -6.99377777913e-10, -9.13878417386e-10, -3.63694796501e-10, -3.30136806781e-10, -1.25539190154e-10, -6.43621614338e-11, -1.33701383298e-10, 2.61471289065e-10, 9.2877476543e-11, 1.6278629833e-10, 3.05893088637e-11, 1.39806655836e-12, 1.32157712508e-13, 2.05819194153e-13, 1.6907537924e-13, 5.04807453773e-15, -5.77151224897e-15], [1.7382796591e-13, 1.69252363236e-08, 2.59312979978e-08, 1.82474639843e-08, 6.63736710038e-09, 7.7609456639e-09, -4.19923373851e-10, -9.15480691255e-10, 1.3615342187e-10, 1.92572513491e-09, 1.22841778416e-10, -2.85749701678e-10, -4.92179526301e-11, -5.50724674198e-11, 1.28276111955e-10, 2.41413639079e-10, 1.65613966985e-10, 5.3690968338e-10, 4.17801210295e-10, 6.32879637585e-10, 2.20274340434e-10, 5.30785276842e-11, 5.67463740928e-12, 1.97238362795e-12, 7.62630247581e-13, 5.39981301589e-14, -6.04730194143e-15], [2.77165660215e-13, 3.67650998534e-09, 1.82474639843e-08, 2.76241802766e-08, 2.56213290584e-08, 3.88674266105e-08, 1.14209512958e-08, 3.24301141497e-09, 1.67332170342e-09, 5.63499158446e-09, 1.13643561228e-09, 9.26696719361e-10, 4.97827001844e-10, 4.80961159788e-10, 5.03154462539e-10, 6.42819908414e-10, 5.88123105771e-10, 8.09407041391e-10, 6.91613710746e-10, 9.44517797308e-10, 4.08132277974e-10, 1.04180372662e-10, 1.07577557973e-11, 3.50834031965e-12, 1.18981083666e-12, 9.61594288896e-14, -3.37351517672e-15], [1.59392713871e-12, -7.02263580621e-10, 6.63736710038e-09, 2.56213290584e-08, 2.25778171625e-06, 1.18221657885e-06, 6.75973183206e-07, 1.87390284623e-07, 1.02173807193e-07, 1.03406776475e-07, 2.68176112428e-08, 3.1978942161e-08, 2.13863007303e-08, 1.32774005124e-08, 1.36489823888e-08, 1.10970859168e-08, 9.60829726893e-09, 7.13541092878e-09, 5.77714009964e-09, 4.33452918003e-09, 2.53051912757e-09, 6.90981605267e-10, 7.88045531608e-11, 2.7379230827e-11, 1.00524397834e-11, 8.02811159564e-13, 3.36240401028e-15], [7.31185619864e-13, -1.05019974939e-08, 7.7609456639e-09, 3.88674266105e-08, 1.18221657885e-06, 2.98993450087e-06, 8.43602663281e-07, 1.73868940578e-07, 1.11402599146e-07, 1.14193518641e-07, 2.50693101833e-08, 3.97720327783e-08, 2.28433076899e-08, 2.2789988563e-08, 1.8709906513e-08, 1.81933081933e-08, 1.56529011974e-08, 1.59273270128e-08, 1.17181473414e-08, 8.6406952704e-09, 5.18820231221e-09, 1.18523157955e-09, 1.15130301126e-10, 3.76097555876e-11, 1.77452618572e-11, 1.32592060161e-12, 3.10628411692e-15], [7.0519504407e-14, -8.19474177405e-09, -4.19923373851e-10, 1.14209512958e-08, 6.75973183206e-07, 8.43602663281e-07, 1.60596277965e-06, 2.2598996452e-07, 7.62918688224e-08, 1.07757898604e-07, 2.43675586376e-08, 2.84693015828e-08, 1.85408630671e-08, 1.77947132585e-08, 1.63868332237e-08, 1.08709308222e-08, 1.06155413349e-08, 8.50837622579e-09, 6.16804385345e-09, 3.87271148483e-09, 2.07890105131e-09, 5.42295153227e-10, 6.47371184437e-11, 2.02734721372e-11, 7.19780788791e-12, 5.87979046961e-13, 3.60290580194e-14], [4.18362095184e-13, -2.31763319647e-09, -9.15480691255e-10, 3.24301141497e-09, 1.87390284623e-07, 1.73868940578e-07, 2.2598996452e-07, 1.13754545339e-07, 3.13366328442e-08, 3.07592173954e-08, 1.12548059761e-08, 1.3328836701e-08, 7.85526044211e-09, 5.74516834106e-09, 5.20009546534e-09, 3.58670781964e-09, 3.39825301232e-09, 2.78432610301e-09, 2.14566475698e-09, 1.30317534541e-09, 7.45964678917e-10, 2.06775430112e-10, 2.31418460783e-11, 6.51929855586e-12, 2.35142482742e-12, 1.9688696745e-13, 3.75490552551e-15], [1.57921974651e-13, -6.92002233293e-10, 1.3615342187e-10, 1.67332170342e-09, 1.02173807193e-07, 1.11402599146e-07, 7.62918688224e-08, 3.13366328442e-08, 3.77142761465e-08, 1.41762006578e-08, 5.45009726238e-09, 4.98515850822e-09, 3.79872577838e-09, 3.67527963618e-09, 2.83138024137e-09, 1.998130994e-09, 1.68184666194e-09, 1.75831849081e-09, 1.10876496873e-09, 8.64885885132e-10, 4.83243334237e-10, 1.35619779296e-10, 1.41172273524e-11, 4.87586837225e-12, 1.38613328714e-12, 1.09374870814e-13, -1.68503281752e-15], [8.99847416632e-14, -1.24815768832e-09, 1.92572513491e-09, 5.63499158446e-09, 1.03406776475e-07, 1.14193518641e-07, 1.07757898604e-07, 3.07592173954e-08, 1.41762006578e-08, 2.83517547217e-08, 7.78741693352e-09, 7.35104155325e-09, 3.91218391016e-09, 3.630068246e-09, 2.62653321315e-09, 2.12091433305e-09, 1.94159821554e-09, 1.76167769261e-09, 1.29134225535e-09, 9.35953425873e-10, 5.35293476212e-10, 1.53921195234e-10, 1.73689899269e-11, 4.592019473e-12, 1.48297314099e-12, 1.12690103559e-13, 3.44100845602e-15], [2.93902611124e-14, -6.99377777913e-10, 1.22841778416e-10, 1.13643561228e-09, 2.68176112428e-08, 2.50693101833e-08, 2.43675586376e-08, 1.12548059761e-08, 5.45009726238e-09, 7.78741693352e-09, 7.34269312019e-09, 4.05336608722e-09, 1.99468730422e-09, 1.92516758091e-09, 1.16424836438e-09, 7.44211803294e-10, 8.38318969798e-10, 7.5752293327e-10, 4.91147345016e-10, 3.13834347399e-10, 2.22027687902e-10, 6.90156473637e-11, 7.6930328427e-12, 2.07739858302e-12, 5.94100560847e-13, 3.60970883176e-14, -1.92118401503e-15], [3.17169149288e-14, -9.13878417386e-10, -2.85749701678e-10, 9.26696719361e-10, 3.1978942161e-08, 3.97720327783e-08, 2.84693015828e-08, 1.3328836701e-08, 4.98515850822e-09, 7.35104155325e-09, 4.05336608722e-09, 8.20999179751e-09, 2.30232766185e-09, 1.55971513482e-09, 1.26101307174e-09, 1.05452746535e-09, 1.40341227528e-09, 8.74735006651e-10, 6.23348817008e-10, 4.5831885509e-10, 2.60499621874e-10, 7.6276755745e-11, 9.10701462159e-12, 2.52593020285e-12, 8.28919181559e-13, 4.73714627637e-14, -2.28074674828e-15], [1.0377880704e-14, -3.63694796501e-10, -4.92179526301e-11, 4.97827001844e-10, 2.13863007303e-08, 2.28433076899e-08, 1.85408630671e-08, 7.85526044211e-09, 3.79872577838e-09, 3.91218391016e-09, 1.99468730422e-09, 2.30232766185e-09, 1.8512821276e-09, 1.32155641985e-09, 7.61806451255e-10, 5.46913569988e-10, 5.56999557588e-10, 4.71497896282e-10, 3.51195433845e-10, 1.95332264252e-10, 1.2162723606e-10, 3.15620203584e-11, 3.84754641342e-12, 1.16070044201e-12, 3.87552349154e-13, 2.88796391586e-14, -3.63022333446e-16], [1.35184882901e-14, -3.30136806781e-10, -5.50724674198e-11, 4.80961159788e-10, 1.32774005124e-08, 2.2789988563e-08, 1.77947132585e-08, 5.74516834106e-09, 3.67527963618e-09, 3.630068246e-09, 1.92516758091e-09, 1.55971513482e-09, 1.32155641985e-09, 2.42946263107e-09, 9.62577462182e-10, 6.79396872094e-10, 5.92244198128e-10, 5.61861390747e-10, 4.3001263661e-10, 2.59792992674e-10, 1.46750944729e-10, 4.03113688263e-11, 4.53462311104e-12, 1.51883160996e-12, 4.1912380142e-13, 3.64823324545e-14, -3.60271990997e-16], [2.87621658532e-14, -1.25539190154e-10, 1.28276111955e-10, 5.03154462539e-10, 1.36489823888e-08, 1.8709906513e-08, 1.63868332237e-08, 5.20009546534e-09, 2.83138024137e-09, 2.62653321315e-09, 1.16424836438e-09, 1.26101307174e-09, 7.61806451255e-10, 9.62577462182e-10, 8.50072234826e-10, 4.96046148601e-10, 4.6098463935e-10, 4.38160646654e-10, 2.94985452731e-10, 1.85313112078e-10, 9.71457289611e-11, 2.51656803035e-11, 2.8616761738e-12, 1.06119345082e-12, 3.38774527094e-13, 2.62233573885e-14, -1.72689783039e-18], [2.78489321989e-14, -6.43621614338e-11, 2.41413639079e-10, 6.42819908414e-10, 1.10970859168e-08, 1.81933081933e-08, 1.08709308222e-08, 3.58670781964e-09, 1.998130994e-09, 2.12091433305e-09, 7.44211803294e-10, 1.05452746535e-09, 5.46913569988e-10, 6.79396872094e-10, 4.96046148601e-10, 4.44924069809e-10, 3.5062114323e-10, 2.89083840199e-10, 2.24797319648e-10, 1.52028209466e-10, 8.29523602586e-11, 2.20207047041e-11, 2.47312630444e-12, 8.2364990479e-13, 2.81586684308e-13, 2.07540266846e-14, -1.91751464183e-16], [1.66247817243e-14, -1.33701383298e-10, 1.65613966985e-10, 5.88123105771e-10, 9.60829726893e-09, 1.56529011974e-08, 1.06155413349e-08, 3.39825301232e-09, 1.68184666194e-09, 1.94159821554e-09, 8.38318969798e-10, 1.40341227528e-09, 5.56999557588e-10, 5.92244198128e-10, 4.6098463935e-10, 3.5062114323e-10, 5.57383139643e-10, 3.59451524101e-10, 2.417186451e-10, 1.67219280089e-10, 1.0736465883e-10, 2.97090026191e-11, 3.07382700022e-12, 9.83375381992e-13, 2.99171440659e-13, 2.01685219361e-14, -8.83542251038e-17], [1.81175451567e-14, 2.61471289065e-10, 5.3690968338e-10, 8.09407041391e-10, 7.13541092878e-09, 1.59273270128e-08, 8.50837622579e-09, 2.78432610301e-09, 1.75831849081e-09, 1.76167769261e-09, 7.5752293327e-10, 8.74735006651e-10, 4.71497896282e-10, 5.61861390747e-10, 4.38160646654e-10, 2.89083840199e-10, 3.59451524101e-10, 5.39180367021e-10, 2.46935444315e-10, 1.69417424534e-10, 9.14219880355e-11, 2.57963633093e-11, 2.78838584167e-12, 9.65814559405e-13, 2.68527848611e-13, 1.90938641309e-14, -3.49167018481e-16], [1.69353124731e-14, 9.2877476543e-11, 4.17801210295e-10, 6.91613710746e-10, 5.77714009964e-09, 1.17181473414e-08, 6.16804385345e-09, 2.14566475698e-09, 1.10876496873e-09, 1.29134225535e-09, 4.91147345016e-10, 6.23348817008e-10, 3.51195433845e-10, 4.3001263661e-10, 2.94985452731e-10, 2.24797319648e-10, 2.417186451e-10, 2.46935444315e-10, 1.87297011234e-10, 1.23392532303e-10, 6.40366162874e-11, 1.78833337028e-11, 1.8426829073e-12, 5.89960372221e-13, 1.96417223306e-13, 1.47179631763e-14, -2.70578868192e-17], [2.34662465105e-14, 1.6278629833e-10, 6.32879637585e-10, 9.44517797308e-10, 4.33452918003e-09, 8.6406952704e-09, 3.87271148483e-09, 1.30317534541e-09, 8.64885885132e-10, 9.35953425873e-10, 3.13834347399e-10, 4.5831885509e-10, 1.95332264252e-10, 2.59792992674e-10, 1.85313112078e-10, 1.52028209466e-10, 1.67219280089e-10, 1.69417424534e-10, 1.23392532303e-10, 1.4769858947e-10, 6.10155329039e-11, 1.5747110213e-11, 1.66906430083e-12, 5.37859416293e-13, 1.70495914479e-13, 1.27894402561e-14, 8.60097742251e-16], [1.15907514164e-14, 3.05893088637e-11, 2.20274340434e-10, 4.08132277974e-10, 2.53051912757e-09, 5.18820231221e-09, 2.07890105131e-09, 7.45964678917e-10, 4.83243334237e-10, 5.35293476212e-10, 2.22027687902e-10, 2.60499621874e-10, 1.2162723606e-10, 1.46750944729e-10, 9.71457289611e-11, 8.29523602586e-11, 1.0736465883e-10, 9.14219880355e-11, 6.40366162874e-11, 6.10155329039e-11, 4.17487502902e-11, 1.01526122578e-11, 1.08100160767e-12, 3.33742121396e-13, 9.90458054657e-14, 6.77125126057e-15, 1.92591760572e-16], [3.01714279306e-15, 1.39806655836e-12, 5.30785276842e-11, 1.04180372662e-10, 6.90981605267e-10, 1.18523157955e-09, 5.42295153227e-10, 2.06775430112e-10, 1.35619779296e-10, 1.53921195234e-10, 6.90156473637e-11, 7.6276755745e-11, 3.15620203584e-11, 4.03113688263e-11, 2.51656803035e-11, 2.20207047041e-11, 2.97090026191e-11, 2.57963633093e-11, 1.78833337028e-11, 1.5747110213e-11, 1.01526122578e-11, 3.4999006731e-12, 3.19495352483e-13, 1.0212284577e-13, 2.88573283108e-14, 2.01631237951e-15, 2.3000176478e-16], [7.34470209498e-16, 1.32157712508e-13, 5.67463740928e-12, 1.07577557973e-11, 7.88045531608e-11, 1.15130301126e-10, 6.47371184437e-11, 2.31418460783e-11, 1.41172273524e-11, 1.73689899269e-11, 7.6930328427e-12, 9.10701462159e-12, 3.84754641342e-12, 4.53462311104e-12, 2.8616761738e-12, 2.47312630444e-12, 3.07382700022e-12, 2.78838584167e-12, 1.8426829073e-12, 1.66906430083e-12, 1.08100160767e-12, 3.19495352483e-13, 4.24812976138e-14, 1.26405623571e-14, 3.96611192036e-15, 3.24832158953e-16, 1.12399128048e-16], [2.86233052836e-16, 2.05819194153e-13, 1.97238362795e-12, 3.50834031965e-12, 2.7379230827e-11, 3.76097555876e-11, 2.02734721372e-11, 6.51929855586e-12, 4.87586837225e-12, 4.592019473e-12, 2.07739858302e-12, 2.52593020285e-12, 1.16070044201e-12, 1.51883160996e-12, 1.06119345082e-12, 8.2364990479e-13, 9.83375381992e-13, 9.65814559405e-13, 5.89960372221e-13, 5.37859416293e-13, 3.33742121396e-13, 1.0212284577e-13, 1.26405623571e-14, 4.67887193426e-15, 1.43125285268e-15, 1.23546121339e-16, 4.39605831373e-17], [2.58562974608e-16, 1.6907537924e-13, 7.62630247581e-13, 1.18981083666e-12, 1.00524397834e-11, 1.77452618572e-11, 7.19780788791e-12, 2.35142482742e-12, 1.38613328714e-12, 1.48297314099e-12, 5.94100560847e-13, 8.28919181559e-13, 3.87552349154e-13, 4.1912380142e-13, 3.38774527094e-13, 2.81586684308e-13, 2.99171440659e-13, 2.68527848611e-13, 1.96417223306e-13, 1.70495914479e-13, 9.90458054657e-14, 2.88573283108e-14, 3.96611192036e-15, 1.43125285268e-15, 6.94770410535e-16, 7.75694575122e-17, 4.96320841415e-17], [5.16171356319e-17, 5.04807453773e-15, 5.39981301589e-14, 9.61594288896e-14, 8.02811159564e-13, 1.32592060161e-12, 5.87979046961e-13, 1.9688696745e-13, 1.09374870814e-13, 1.12690103559e-13, 3.60970883176e-14, 4.73714627637e-14, 2.88796391586e-14, 3.64823324545e-14, 2.62233573885e-14, 2.07540266846e-14, 2.01685219361e-14, 1.90938641309e-14, 1.47179631763e-14, 1.27894402561e-14, 6.77125126057e-15, 2.01631237951e-15, 3.24832158953e-16, 1.23546121339e-16, 7.75694575122e-17, 1.29039431096e-17, 1.07468951272e-17], [5.2371650082e-17, -5.77151224897e-15, -6.04730194143e-15, -3.37351517672e-15, 3.36240401028e-15, 3.10628411692e-15, 3.60290580194e-14, 3.75490552551e-15, -1.68503281752e-15, 3.44100845602e-15, -1.92118401503e-15, -2.28074674828e-15, -3.63022333446e-16, -3.60271990997e-16, -1.72689783039e-18, -1.91751464183e-16, -8.83542251038e-17, -3.49167018481e-16, -2.70578868192e-17, 8.60097742251e-16, 1.92591760572e-16, 2.3000176478e-16, 1.12399128048e-16, 4.39605831373e-17, 4.96320841415e-17, 1.07468951272e-17, 1.12031323843e-17]]
    },
    "mfcc": {
        "kurt": [-0.474773645401, -0.146384000778, -0.203236103058, -0.0518336296082, -0.346815347672, -0.324344158173, -0.423744678497, 0.27326130867, -0.0110836029053, -0.24605846405, 0.335275411606, 0.246202468872, -0.155733585358],
        "max": [-687.542541504, 218.954986572, 35.015750885, 75.1106262207, 27.4215278625, 14.9632110596, 26.6511611938, 16.7547397614, 27.126865387, 19.5540904999, 32.0362129211, 30.75248909, 19.1438827515],
        "mean": [-849.246459961, 160.734893799, -25.5243816376, 24.636554718, -19.7806987762, -20.8365325928, -7.41624879837, -17.2553749084, -6.21337127686, -7.97696971893, -5.52069616318, -1.76898741722, -2.45753574371],
        "median": [-851.695678711, 161.145111084, -25.05991745, 23.69298172, -19.96326828, -20.8338928223, -6.9451751709, -16.8694763184, -5.96608734131, -7.80602264404, -5.52449989319, -1.94692611694, -2.37294769287],
        "min": [-998.388366699, 89.9416885376, -89.2282409668, -38.7016677856, -64.6245574951, -59.6325645447, -52.1496887207, -65.8007965088, -42.5946426392, -44.781578064, -27.5950222015, -28.057308197, -23.3262901306],
        "skew": [0.15047134459, -0.190895736217, -0.125872835517, -0.076337993145, 0.145810171962, -0.0189715083688, -0.0605858825147, -0.0830077528954, -0.124167725444, -0.149723470211, 0.395786255598, 0.246878415346, -0.101015456021],
        "var": [3763.3503418, 489.880950928, 515.118835449, 362.642272949, 242.315490723, 145.107803345, 186.429244995, 133.398345947, 120.781311035, 121.61856842, 93.944229126, 75.0819091797, 49.3362770081],
        "cov": [[3768.2890625, 924.748535156, -965.368041992, 162.689178467, -557.632202148, 48.2923927307, -305.837463379, -233.84954834, -204.40826416, -260.847503662, -16.3334522247, -95.6973953247, -10.1153535843], [924.748535156, 490.523834229, -126.44707489, -27.3344860077, -97.4652252197, -8.0152463913, -56.8702468872, -73.3384399414, -62.583770752, -71.2539138794, -8.6697101593, -18.4484386444, 9.47617435455], [-965.368041992, -126.44707489, 515.79486084, 142.238174438, 222.010635376, 61.1319274902, 123.603599548, 95.4868392944, 90.2431335449, 87.6998825073, 5.54975986481, 35.2490501404, 16.6399555206], [162.689178467, -27.3344860077, 142.238174438, 363.11819458, 123.583694458, 103.050323486, 64.8065490723, 56.4758033752, 71.3453063965, 39.7607727051, 26.971162796, 12.631313324, 12.5362634659], [-557.632202148, -97.4652252197, 222.010635376, 123.583694458, 242.633483887, 69.1787567139, 101.861602783, 87.6223449707, 75.9759368896, 76.4189300537, 28.5258731842, 34.2456588745, 15.1993789673], [48.2923927307, -8.0152463913, 61.1319274902, 103.050323486, 69.1787567139, 145.298233032, 97.9905166626, 63.0116271973, 60.1672096252, 23.6945667267, 14.2651815414, 10.5278396606, 1.6855134964], [-305.837463379, -56.8702468872, 123.603599548, 64.8065490723, 101.861602783, 97.9905166626, 186.673904419, 115.814437866, 76.2985610962, 61.5236930847, 16.8512439728, 15.6888504028, 6.97046136856], [-233.84954834, -73.3384399414, 95.4868392944, 56.4758033752, 87.6223449707, 63.0116271973, 115.814437866, 133.573410034, 82.4008178711, 54.565322876, 20.1847801208, 13.2843704224, 11.7469024658], [-204.40826416, -62.583770752, 90.2431335449, 71.3453063965, 75.9759368896, 60.1672096252, 76.2985610962, 82.4008178711, 120.939819336, 73.6117248535, 22.5490283966, 25.1299743652, 3.41411828995], [-260.847503662, -71.2539138794, 87.6998825073, 39.7607727051, 76.4189300537, 23.6945667267, 61.5236930847, 54.565322876, 73.6117248535, 121.778175354, 68.2794952393, 35.3920936584, 11.8842248917], [-16.3334522247, -8.6697101593, 5.54975986481, 26.971162796, 28.5258731842, 14.2651815414, 16.8512439728, 20.1847801208, 22.5490283966, 68.2794952393, 94.0675125122, 49.264541626, 16.6426963806], [-95.6973953247, -18.4484386444, 35.2490501404, 12.631313324, 34.2456588745, 10.5278396606, 15.6888504028, 13.2843704224, 25.1299743652, 35.3920936584, 49.264541626, 75.1804428101, 31.5852298737], [-10.1153535843, 9.47617435455, 16.6399555206, 12.5362634659, 15.1993789673, 1.6855134964, 6.97046136856, 11.7469024658, 3.41411828995, 11.8842248917, 16.6426963806, 31.5852298737, 49.40102005]]
    },
    "sccoeffs": {
        "kurt": [0.243438005447, -0.0309202671051, 0.471438646317, 0.92703795433, 0.598715782166, 0.0406234264374],
        "max": [-0.286496907473, -0.486173540354, -0.630158782005, -0.671958744526, -0.75250262022, -0.706319749355],
        "mean": [-0.625659644604, -0.74006575346, -0.807569026947, -0.830889821053, -0.848475217819, -0.782664418221],
        "median": [-0.634135663509, -0.74501645565, -0.814520835876, -0.840368926525, -0.851326823235, -0.784431815147],
        "min": [-0.868634521961, -0.924104630947, -0.907067537308, -0.915428102016, -0.902340292931, -0.863536477089],
        "skew": [0.579916119576, 0.435653865337, 0.623653650284, 0.919367969036, 0.755096435547, 0.27244079113],
        "var": [0.00864600017667, 0.0058992151171, 0.00215636054054, 0.00164301262703, 0.000638733909, 0.00073175894795],
        "cov": [[0.00865734647959, 0.0032302015461, 0.000769965990912, 0.000803576898761, 0.000486301229103, 0.000606969057117], [0.0032302015461, 0.005906956736, 0.000740640680306, 0.00124985014554, 0.000569809984881, 0.000511088815983], [0.000769965990912, 0.000740640680306, 0.00215919036418, 0.00082401005784, 0.000362296035746, 0.000198243738851], [0.000803576898761, 0.00124985014554, 0.00082401005784, 0.0016451687552, 0.000484171963762, 0.000317519239616], [0.000486301229103, 0.000569809984881, 0.000362296035746, 0.000484171963762, 0.000639572157525, 0.000175621040398], [0.000606969057117, 0.000511088815983, 0.000198243738851, 0.000317519239616, 0.000175621040398, 0.00073271925794]]
    },
    "scvalleys": {
        "kurt": [0.057345867157, -0.491962194443, -0.536640405655, -0.420237779617, -0.408261537552, -0.395771980286],
        "max": [-5.39548444748, -4.57640266418, -5.50783109665, -6.27626466751, -6.99030923843, -10.1000900269],
        "mean": [-8.08868503571, -6.75685834885, -7.5790348053, -8.30892944336, -8.82777786255, -11.8898763657],
        "median": [-8.13122463226, -6.82021045685, -7.59676599503, -8.3178653717, -8.86778068542, -11.939781189],
        "min": [-9.90829849243, -9.1277961731, -9.51405239105, -10.2052602768, -10.4458036423, -13.2374296188],
        "skew": [0.391586720943, 0.0927610173821, 0.0947970151901, 0.130797863007, 0.249870270491, 0.358518660069],
        "var": [0.557350099087, 0.668845117092, 0.642744779587, 0.547524213791, 0.411474078894, 0.372815161943],
        "cov": [[0.558081507683, 0.29122710228, 0.239323049784, 0.233572885394, 0.244887799025, 0.186621591449], [0.29122710228, 0.669722855091, 0.52132833004, 0.503835678101, 0.398838073015, 0.333995401859], [0.239323049784, 0.52132833004, 0.64358830452, 0.517745137215, 0.392143189907, 0.298073142767], [0.233572885394, 0.503835678101, 0.517745137215, 0.548242747784, 0.408593714237, 0.327380478382], [0.244887799025, 0.398838073015, 0.392143189907, 0.408593714237, 0.412014067173, 0.330709159374], [0.186621591449, 0.333995401859, 0.298073142767, 0.327380478382, 0.330709159374, 0.37330442667]]
    }
},
"rhythm": {
    "beats_loudness": {
        "kurt": 1.07959079742,
        "max": 0.0218502879143,
        "mean": 0.00470498017967,
        "median": 0.00161838508211,
        "min": 9.86035411188e-06,
        "skew": 1.45764195919,
        "var": 3.14414173772e-05
    },
    "bpm": 119.321647644,
    "confidence": 1.70386922359,
    "first_peak_bpm": {
        "kurt": 0,
        "max": 120,
        "mean": 120,
        "median": 120,
        "min": 120,
        "skew": 0,
        "var": 0
    },
    "first_peak_spread": {
        "kurt": 0,
        "max": 0.480000019073,
        "mean": 0.480000019073,
        "median": 0.480000019073,
        "min": 0.480000019073,
        "skew": 0,
        "var": 0
    },
    "first_peak_weight": {
        "kurt": 0,
        "max": 0.39393940568,
        "mean": 0.39393940568,
        "median": 0.39393940568,
        "min": 0.39393940568,
        "skew": 0,
        "var": 0
    },
    "onset_rate": 4.69111633301,
    "second_peak_bpm": {
        "kurt": 0,
        "max": 115,
        "mean": 115,
        "median": 115,
        "min": 115,
        "skew": 0,
        "var": 0
    },
    "second_peak_spread": {
        "kurt": 0,
        "max": 0.142857134342,
        "mean": 0.142857134342,
        "median": 0.142857134342,
        "min": 0.142857134342,
        "skew": 0,
        "var": 0
    },
    "second_peak_weight": {
        "kurt": 0,
        "max": 0.181818187237,
        "mean": 0.181818187237,
        "median": 0.181818187237,
        "min": 0.181818187237,
        "skew": 0,
        "var": 0
    },
    "beats_loudness_band_ratio": {
        "kurt": [5.5492143631, -1.12363171577, -0.56893157959, 3.45573759079, 1.94750499725, 11.374329567],
        "max": [0.823387563229, 0.865101158619, 0.841987013817, 0.452494740486, 0.122311621904, 0.123743288219],
        "mean": [0.125587254763, 0.411599487066, 0.370627135038, 0.105138331652, 0.0343368053436, 0.0168825294822],
        "median": [0.0578111708164, 0.369893908501, 0.328654646873, 0.0678507089615, 0.0285073630512, 0.0106533560902],
        "min": [0.000935530639254, 0.0441227778792, 0.0753658339381, 0.019037514925, 0.00389772583731, 0.0011077192612],
        "skew": [2.2921230793, 0.300360321999, 0.643023133278, 2.07174301147, 1.47541415691, 3.21778035164],
        "var": [0.0314649119973, 0.0547246821225, 0.0450813360512, 0.00995281245559, 0.000712615961675, 0.000529590528458],
        "cov": [[0.0324183963239, -0.0161735415459, -0.0152980899438, -0.00459765829146, -0.000281320913928, 0.000489811878651], [-0.0161735415459, 0.0563830062747, -0.0273231361061, -0.0090412478894, -0.0021109089721, -0.000589243834838], [-0.0152980899438, -0.0273231361061, 0.0464474372566, 0.00281982426532, 0.00028272648342, -0.00108030228876], [-0.00459765829146, -0.0090412478894, 0.00281982426532, 0.0102544128895, 0.00074824213516, -4.31722983194e-05], [-0.000281320913928, -0.0021109089721, 0.00028272648342, 0.00074824213516, 0.000734210421797, 0.000484208547277], [0.000489811878651, -0.000589243834838, -0.00108030228876, -4.31722983194e-05, 0.000484208547277, 0.000545638729818]]
    },
    "beats_position": [0.46439909935, 0.986848056316, 1.54412698746, 2.06657600403, 2.56580495834, 3.07664394379, 3.58748292923, 4.09832191467, 4.62077093124, 5.13160991669, 5.630838871, 6.15328788757, 6.66412687302, 7.16335582733, 7.66258478165, 8.17342376709, 8.66104316711, 9.18349170685, 9.69433116913, 10.22838974, 10.7276191711, 11.2268476486, 11.7260770798, 12.2253055573, 12.7245349884, 13.235373497, 13.7346029282, 14.2338323593, 14.7214508057, 15.2439002991, 15.7431287766, 16.2539672852, 16.7648067474, 17.2640361786],
    "bpm_estimates": [120.185333252, 117.453842163, 117.453842163, 117.453842163, 117.453842163, 120.185333252, 117.453842163, 120.185333252, 120.185333252, 117.453842163, 123.046783447, 117.453727722, 120.185218811, 120.185455322, 120.185218811, 120.185455322, 120.185218811, 117.453948975, 120.185218811, 120.185218811, 123.047027588, 120.185455322, 117.453948975, 117.453727722, 120.185218811],
    "bpm_intervals": [0.522448956966, 0.557278931141, 0.522449016571, 0.499228954315, 0.510838985443, 0.510838985443, 0.510838985443, 0.522449016571, 0.510838985443, 0.499228954315, 0.522449016571, 0.510838985443, 0.499228954315, 0.499228954315, 0.510838985443, 0.487619400024, 0.522448539734, 0.51083946228, 0.534058570862, 0.499229431152, 0.499228477478, 0.499229431152, 0.499228477478, 0.499229431152, 0.510838508606, 0.499229431152, 0.499229431152, 0.48761844635, 0.522449493408, 0.499228477478, 0.510838508606, 0.51083946228, 0.499229431152],
    "onset_times": [0.0116099771112, 0.417959183455, 0.557278931141, 0.801088452339, 0.9287981987, 1.19582772255, 1.30031740665, 1.54412698746, 1.81115651131, 1.95047616959, 2.04335594177, 2.31038546562, 2.4497051239, 2.55419492722, 2.82122445107, 2.93732428551, 3.05342411995, 3.32045340538, 3.56426310539, 3.84290242195, 4.3073015213, 4.59755086899, 4.87619066238, 5.10838985443, 5.51473903656, 5.61922883987, 5.87464857101, 6.025578022, 6.26938772202, 6.37387752533, 6.64090681076, 6.90793657303, 7.02403640747, 7.14013624191, 7.40716552734, 7.54648542404, 7.65097522736, 7.8831744194, 8.27791404724, 8.38240337372, 8.62621307373, 8.78875255585, 8.99773216248, 9.16027164459, 9.41569137573, 9.54340171814, 9.69433116913, 9.86848068237, 10.0194101334, 10.2980499268, 10.4141492844, 10.8901586533, 11.20362854, 11.4706573486, 11.6912469864, 11.9582767487, 12.0859861374, 12.4575052261, 12.7013149261, 12.8638544083, 12.9683446884, 13.0960540771, 13.2121543884, 13.5604534149, 13.722992897, 13.9784126282, 14.0596828461, 14.2106122971, 14.5937414169, 14.8491611481, 15.1045808792, 15.2206802368, 15.4644899368, 15.719909668, 16.1030387878, 16.2307491302, 16.5674381256, 16.8576869965, 17.0898857117, 17.2640361786, 17.3569164276, 17.4962348938, 17.693605423],
    "histogram": [[0, 0, 0, 0, 0, 0, 0, 0, 0, 0, 0, 0, 0, 0, 0, 0, 0, 0, 0, 0, 0, 0, 0, 0, 0, 0, 0, 0, 0, 0, 0, 0, 0, 0, 0, 0, 0, 0, 0, 0, 0, 0, 0, 0, 0, 0, 0, 0, 0, 0, 0, 0, 0, 0, 0, 0, 0, 0, 0, 0, 0, 0, 0, 0, 0, 0, 0, 0, 0, 0, 0, 0, 0, 0, 0, 0, 0, 0, 0, 0, 0, 0, 0, 0, 0, 0, 0, 0, 0, 0, 0, 0, 0, 0, 0, 0, 0, 0, 0, 0, 0, 0, 0, 0, 0, 0, 0, 0, 0.0303030312061, 0, 0, 0, 0.0303030312061, 0, 0, 0.181818187237, 0, 0.303030312061, 0, 0, 0.39393940568, 0, 0, 0.0606060624123, 0, 0, 0, 0, 0, 0, 0, 0, 0, 0, 0, 0, 0, 0, 0, 0, 0, 0, 0, 0, 0, 0, 0, 0, 0, 0, 0, 0, 0, 0, 0, 0, 0, 0, 0, 0, 0, 0, 0, 0, 0, 0, 0, 0, 0, 0, 0, 0, 0, 0, 0, 0, 0, 0, 0, 0, 0, 0, 0, 0, 0, 0, 0, 0, 0, 0, 0, 0, 0, 0, 0, 0, 0, 0, 0, 0, 0, 0, 0, 0, 0, 0, 0, 0, 0, 0, 0, 0, 0, 0, 0, 0, 0, 0, 0, 0, 0, 0, 0, 0, 0, 0, 0, 0, 0, 0, 0, 0, 0, 0, 0, 0, 0, 0, 0, 0, 0, 0, 0, 0, 0, 0, 0, 0, 0, 0]]
},
"sfx": {
    "inharmonicity": {
        "kurt": 0.730049371719,
        "max": 0.455273777246,
        "mean": 0.0966885387897,
        "median": 0.0631693899632,
        "min": 0,
        "skew": 1.24598884583,
        "var": 0.00976717099547
    },
    "oddtoevenharmonicenergyratio": {
        "kurt": 176.488723755,
        "max": 64.9815673828,
        "mean": 1.42939889431,
        "median": 0.488097339869,
        "min": 0,
        "skew": 10.6903238297,
        "var": 11.2211265564
    },
    "pitch_after_max_to_before_max_energy_ratio": 1.61758744717,
    "pitch_centroid": 380.564941406,
    "pitch_max_to_total": 0.327654004097,
    "pitch_min_to_total": 0.402359098196,
    "tristimulus": {
        "kurt": [-1.0115903616, -0.922336339951, 0.83954000473],
        "max": [1, 0.892718613148, 0.915381073952],
        "mean": [0.290142983198, 0.415081262589, 0.29477635026],
        "median": [0.257057607174, 0.39180791378, 0.281492680311],
        "min": [0, 0, 0],
        "skew": [0.477776676416, 0.313603669405, 0.672930240631],
        "var": [0.0639260709286, 0.043418917805, 0.0179017391056],
        "cov": [[0.0640099644661, -0.0447803363204, -0.0192296616733], [-0.0447803363204, 0.0434758998454, 0.00130443484522], [-0.0192296616733, 0.00130443484522, 0.0179252326488]]
    }
},
"tonal": {
    "chords_changes_rate": 0.0732984319329,
    "chords_number_rate": 0.0209424085915,
    "chords_strength": {
        "kurt": -0.445667505264,
