{
"metadata": {
    "version": {
        "essentia": "2.1-beta3"
    }
},
"lowLevel": {
    "average_loudness": 0.556458711624,
    "barkbands_kurtosis": {
        "kurt": 4.12189865112,
        "max": 22.2415428162,
        "mean": 2.96357917786,
        "median": 2.06362438202,
        "min": -1.79224550724,
        "skew": 1.7241281271,
        "var": 13.3593444824
    },
    "barkbands_skewness": {
        "kurt": 0.531898736954,
        "max": 4.3583240509,
        "mean": 1.70007562637,
        "median": 1.66553592682,
        "min": -1.3105121851,
        "skew": 0.232839405537,
        "var": 0.57297372818
    },
    "barkbands_spread": {
        "kurt": 1.3824095726,
        "max": 73.827911377,
        "mean": 25.2595348358,
        "median": 22.6458415985,
        "min": 5.11545658112,
        "skew": 1.13160550594,
        "var": 144.057128906
    },
    "dissonance": {
        "kurt": 11.7013082504,
        "max": 0.500000059605,
        "mean": 0.472225874662,
        "median": 0.476533800364,
        "min": 0.306146711111,
        "skew": -2.66086649895,
        "var": 0.000440728064859
    },
    "hfc": {
        "kurt": 24.9041042328,
        "max": 4.93759965897,
        "mean": 0.309084028006,
        "median": 0.137991026044,
        "min": 2.45160578061e-07,
        "skew": 4.18786096573,
        "var": 0.220436677337
    },
    "pitch": {
        "kurt": 43.0174331665,
        "max": 5921.04150391,
        "mean": 310.978424072,
        "median": 182.160934448,
        "min": 57.8828659058,
        "skew": 6.49450731277,
        "var": 497504.28125
    },
    "pitch_instantaneous_confidence": {
        "kurt": 6.91022491455,
        "max": 0.879375219345,
        "mean": 0.268508404493,
        "median": 0.245142042637,
        "min": 0.107918918133,
        "skew": 2.20028829575,
        "var": 0.0127986045554
    },
    "pitch_salience": {
        "kurt": 0.420532226562,
        "max": 0.831093668938,
        "mean": 0.643734276295,
        "median": 0.65896075964,
        "min": 0.310050219297,
        "skew": -0.824769258499,
        "var": 0.00943724717945
    },
    "silence_rate_20dB": {
        "kurt": 0,
        "max": 1,
        "mean": 1,
        "median": 1,
        "min": 1,
        "skew": 0,
        "var": 0
    },
    "silence_rate_30dB": {
        "kurt": 0,
        "max": 1,
        "mean": 1,
        "median": 1,
        "min": 1,
        "skew": 0,
        "var": 0
    },
    "silence_rate_60dB": {
        "kurt": 0,
        "max": 1,
        "mean": 1,
        "median": 1,
        "min": 1,
        "skew": 0,
        "var": 0
    },
    "spectral_centroid": {
        "kurt": 9.0511264801,
        "max": 3792.69140625,
        "mean": 714.807556152,
        "median": 612.449707031,
        "min": 173.375930786,
        "skew": 2.35499191284,
        "var": 162715.625
    },
    "spectral_complexity": {
        "kurt": 0.543861865997,
        "max": 8,
        "mean": 1.11153483391,
        "median": 1,
        "min": 0,
        "skew": 1.03638517857,
        "var": 1.68345856667
    },
    "spectral_crest": {
        "kurt": 0.761443853378,
        "max": 21.3578453064,
        "mean": 8.99969387054,
        "median": 8.37041664124,
        "min": 2.87279891968,
        "skew": 0.861549317837,
        "var": 10.5948581696
    },
    "spectral_decrease": {
        "kurt": 5.86186599731,
        "max": -1.08922719545e-16,
        "mean": -9.54156198496e-11,
        "median": -5.48890516372e-11,
        "min": -6.68061106435e-10,
        "skew": -2.09292316437,
        "var": 9.85360163893e-21
    },
    "spectral_energy": {
        "kurt": 5.26148605347,
        "max": 0.0025883873459,
        "mean": 0.000388155487599,
        "median": 0.000221811264055,
        "min": 4.33337865591e-10,
        "skew": 2.02548122406,
        "var": 1.63929911423e-07
    },
    "spectral_energyband_high": {
        "kurt": 38.5403633118,
        "max": 0.000617693411186,
        "mean": 2.36651667365e-05,
        "median": 6.37443372398e-06,
        "min": 1.03543007501e-11,
        "skew": 5.58627462387,
        "var": 3.42268591247e-09
    },
    "spectral_energyband_low": {
        "kurt": 24.566827774,
        "max": 0.00198094942607,
        "mean": 0.000144280216773,
        "median": 7.55406799726e-05,
        "min": 1.01203281866e-10,
        "skew": 4.26515293121,
        "var": 4.73312944393e-08
    },
    "spectral_energyband_middle_high": {
        "kurt": 8.94086933136,
        "max": 0.000527104071807,
        "mean": 5.45530710951e-05,
        "median": 2.98382456094e-05,
        "min": 5.17475957917e-11,
        "skew": 2.28932452202,
        "var": 3.6688665439e-09
    },
    "spectral_energyband_middle_low": {
        "kurt": 5.66423130035,
        "max": 0.00165029219352,
        "mean": 0.000195382424863,
        "median": 0.000108255553641,
        "min": 3.1281699453e-10,
        "skew": 2.00831484795,
        "var": 4.45311947317e-08
    },
    "spectral_flatness_db": {
        "kurt": 0.0315189361572,
        "max": 0.253784865141,
        "mean": 0.142292261124,
        "median": 0.139912948012,
        "min": 0.0750472098589,
        "skew": 0.478677511215,
        "var": 0.0009264027467
    },
    "spectral_flux": {
        "kurt": 0.377631187439,
        "max": 0.0316893309355,
        "mean": 0.0107130147517,
        "median": 0.00933413673192,
        "min": 0.000123030884424,
        "skew": 0.824094176292,
        "var": 3.33274729201e-05
    },
    "spectral_kurtosis": {
        "kurt": 0.255669593811,
        "max": 11.5559864044,
        "mean": 2.86419391632,
        "median": 2.5983672142,
        "min": -0.990541934967,
        "skew": 0.678351819515,
        "var": 4.60231685638
    },
    "spectral_rms": {
        "kurt": 0.397159576416,
        "max": 0.0015891053481,
        "mean": 0.000544298964087,
        "median": 0.000465189456008,
        "min": 6.50206629871e-07,
        "skew": 0.816430330276,
        "var": 8.24267161192e-08
    },
    "spectral_rolloff": {
        "kurt": 3.55301618576,
        "max": 6524.56054688,
        "mean": 1376.15441895,
        "median": 925.927734375,
        "min": 150.732421875,
        "skew": 1.88814592361,
        "var": 1509197.625
    },
    "spectral_skewness": {
        "kurt": -0.157892227173,
        "max": 2.80520534515,
        "mean": 1.50965988636,
        "median": 1.54389667511,
        "min": 0.183084696531,
        "skew": -0.241784602404,
        "var": 0.184120252728
    },
    "spectral_spread": {
        "kurt": -0.761914968491,
        "max": 10752590,
        "mean": 5819742,
        "median": 5718352.5,
        "min": 2951040.25,
        "skew": 0.335199415684,
        "var": 2.31456243712e+12
    },
    "spectral_strongpeak": {
        "kurt": 12.5374746323,
        "max": 0.451960861683,
        "mean": 0.04778553918,
        "median": 0.0304341427982,
        "min": 0,
        "skew": 2.90674901009,
        "var": 0.0027069747448
    },
    "zerocrossingrate": {
        "kurt": 10.7448825836,
        "max": 0.30810546875,
        "mean": 0.0584680736065,
        "median": 0.05419921875,
        "min": 0.01416015625,
        "skew": 2.06613326073,
        "var": 0.000640195037704
    },
    "barkbands": {
        "kurt": [37.9716644287, 38.2438774109, 24.7663726807, 20.3162345886, 12.8195362091, 10.2983093262, 187.340805054, 38.1164360046, 19.3404350281, 128.969161987, 9.12019062042, 403.682739258, 25.3051815033, 92.3922271729, 85.9294128418, 95.5973968506, 37.3951225281, 20.7805614471, 45.2452812195, 14.3764686584, 56.2839584351, 42.1042480469, 129.517120361, 55.0152435303, 91.1973495483, 92.2619400024, 13.8221645355],
        "max": [4.88967889396e-05, 0.00153652648441, 0.000855142658111, 0.000918626901694, 0.000845303526148, 0.00036238017492, 0.000405652419431, 0.000149465136928, 0.000211532620597, 0.000234915991314, 5.16384352522e-05, 0.000247671239777, 7.11229513399e-05, 0.000122649420518, 0.000172901636688, 0.000199481743039, 0.000144467296195, 7.9203840869e-05, 0.000113359928946, 5.92211872572e-05, 0.000203268209589, 0.000282491120743, 0.000218302797293, 2.98778104479e-05, 2.17880151467e-05, 2.4509822083e-07, 2.93955831898e-10],
        "mean": [2.13952762351e-06, 6.70467634336e-05, 4.66755191155e-05, 5.35371036676e-05, 7.29381354176e-05, 3.44628861058e-05, 1.11532099254e-05, 7.72312250774e-06, 1.30772023113e-05, 6.8098538577e-06, 4.58572048956e-06, 4.81823417431e-06, 4.16098100686e-06, 4.43339513367e-06, 5.69396388528e-06, 5.96510517425e-06, 6.58887483951e-06, 5.30099759999e-06, 5.23089465787e-06, 5.47090121472e-06, 6.14803502685e-06, 9.81610173767e-06, 3.21048878504e-06, 7.80926882271e-07, 3.83829330985e-07, 4.01149602425e-09, 2.14336239729e-11],
        "median": [6.33795366412e-07, 3.03025481116e-05, 1.76512803591e-05, 2.14392639464e-05, 3.26795634464e-05, 1.51827107402e-05, 5.66018070458e-06, 4.22512130172e-06, 5.60747275813e-06, 3.20920571539e-06, 2.45387559517e-06, 2.53358257396e-06, 2.14279225474e-06, 2.38093707594e-06, 2.59825151261e-06, 2.32201387007e-06, 2.53371149483e-06, 2.38444317802e-06, 2.05751939575e-06, 2.68913936452e-06, 1.66048960182e-06, 1.68749750173e-06, 3.61728922371e-07, 1.19264328191e-07, 5.68624187736e-08, 4.56126747483e-10, 8.1338295474e-12],
        "min": [5.77884094743e-12, 8.75234607012e-12, 4.39589024903e-11, 8.65852667342e-11, 1.43108663808e-10, 2.33694261859e-11, 1.18408824412e-11, 3.01964356297e-11, 1.76470869168e-11, 5.61327546944e-12, 1.38276516973e-11, 1.07383524815e-12, 4.01459161053e-12, 1.06055927929e-11, 8.88116837017e-13, 2.64994861991e-12, 3.16734290705e-12, 2.32044526823e-12, 4.25993875591e-12, 4.00198320663e-12, 2.6721782339e-12, 6.20114680092e-12, 5.36825466892e-13, 1.77022798004e-13, 7.630765323e-14, 7.1989685941e-15, 7.07443770431e-16],
        "skew": [4.96713685989, 5.41965007782, 4.50960016251, 3.7174372673, 3.07756638527, 2.93961858749, 10.2823915482, 4.61324596405, 3.54431414604, 9.4245672226, 2.48351860046, 16.5412826538, 3.74224853516, 7.171438694, 7.16024160385, 7.98351812363, 4.81344556808, 3.51580667496, 5.0642914772, 3.3529279232, 6.59155130386, 5.91533136368, 9.52911376953, 6.67778778076, 7.93181180954, 9.14958667755, 3.38518691063],
        "var": [1.61114802055e-11, 1.66446785244e-08, 8.25186496911e-09, 7.44000461239e-09, 1.03603312596e-08, 2.64894128854e-09, 3.55018875409e-10, 1.160018262e-10, 3.77685854813e-10, 1.71270414517e-10, 3.12095002619e-11, 9.060724393e-11, 3.20477255844e-11, 4.81905661209e-11, 1.03146095831e-10, 1.47478071422e-10, 1.19209211946e-10, 5.44821687765e-11, 6.66526001059e-11, 6.53481782575e-11, 2.42708492193e-10, 7.94807775151e-10, 1.39654995901e-10, 6.30542319746e-12, 1.65765708451e-12, 3.52201222847e-16, 1.27721149638e-21],
        "cov": [[1.6126853325e-11, 1.05264588712e-10, 1.12303898819e-11, 1.59096468638e-11, 5.13424233684e-11, 1.69918714515e-11, 1.2174285885e-11, 5.42539320761e-12, 6.72669515575e-12, 5.49196799149e-12, 4.46167365206e-12, 2.203694692e-12, 2.59078587576e-12, 2.24098495837e-12, 1.91468152097e-12, 3.14393238006e-12, 1.84514209467e-12, 2.96839701257e-12, 3.54938799706e-12, 1.98425303966e-12, 1.52450610729e-12, 2.24199413375e-12, 8.55531520193e-13, 2.39985413269e-13, -9.4368516636e-14, -2.62457415047e-15, 1.1951557958e-17], [1.05264588712e-10, 1.66605609309e-08, 5.89592641376e-09, 3.28371929648e-09, 2.49068476954e-09, 1.05456543498e-09, 2.74583689119e-10, 1.29377217273e-10, 3.18777365615e-10, 2.07196509949e-10, 1.19433768431e-10, 1.08182282577e-10, 7.87330686758e-11, 1.05823759478e-10, 2.7041663353e-10, 5.76809267017e-10, 2.4554988598e-10, 2.42609377032e-10, 2.43548708978e-10, 1.76003392416e-10, 4.1567427278e-10, 6.52979559312e-10, 3.70164954244e-10, 7.50996764776e-11, 3.37861093269e-11, 7.38226821795e-14, 8.84916072304e-16], [1.12303898819e-11, 5.89592641376e-09, 8.25973955898e-09, 3.25872906437e-09, 2.03729610959e-09, 1.4237665491e-09, 2.60830329557e-10, 1.34499980597e-10, 3.10786313351e-10, 1.74030678757e-10, 1.48583534365e-10, 1.39228739648e-10, 1.13423936909e-10, 1.28682065004e-10, 1.92244539732e-10, 2.01353780871e-10, 3.01703689809e-10, 1.85471096814e-10, 2.07942357777e-10, 1.57237500797e-10, 2.38650377238e-10, 3.79188763722e-10, 1.82614354194e-10, 4.92322571599e-11, 2.00214515106e-11, 9.03448661911e-14, 1.06011943761e-15], [1.59096468638e-11, 3.28371929648e-09, 3.25872906437e-09, 7.4471038225e-09, 3.62421070932e-09, 1.73062908448e-09, 3.9615233316e-10, 2.31076255353e-10, 4.82228423859e-10, 2.5575663809e-10, 1.85576998213e-10, 1.61332128212e-10, 1.81648876496e-10, 2.06592812302e-10, 2.60797661245e-10, 2.80746786929e-10, 3.24955645725e-10, 2.20009122032e-10, 2.48699755234e-10, 2.40176128985e-10, 3.48279655116e-10, 5.30401222942e-10, 2.13289400031e-10, 4.75395313393e-11, 2.12315113407e-11, 2.71228433593e-13, 8.02997927788e-16], [5.13424233684e-11, 2.49068476954e-09, 2.03729610959e-09, 3.62421070932e-09, 1.03702175736e-08, 2.36454011926e-09, 5.486370247e-10, 3.63943153392e-10, 6.06118488733e-10, 3.38207739592e-10, 2.54403997868e-10, 2.32218272389e-10, 2.5550783711e-10, 2.7652163892e-10, 4.05638272971e-10, 4.46121223296e-10, 4.00004224188e-10, 3.68096775283e-10, 3.89969084802e-10, 3.95344118553e-10, 5.81998671478e-10, 9.26683674241e-10, 2.74408190615e-10, 6.13203446354e-11, 3.0141510815e-11, 5.08714056123e-13, 1.13866088528e-15], [1.69918714515e-11, 1.05456543498e-09, 1.4237665491e-09, 1.73062908448e-09, 2.36454011926e-09, 2.65146882228e-09, 2.74604061712e-10, 1.81528750365e-10, 3.06341618739e-10, 1.93114635394e-10, 1.19849463687e-10, 1.25147184282e-10, 1.16560580632e-10, 1.3035869606e-10, 2.2732495053e-10, 2.37457442598e-10, 2.89841067813e-10, 1.94974994483e-10, 1.80025258589e-10, 2.10227724118e-10, 3.00296065792e-10, 4.13447970304e-10, 1.43180536871e-10, 3.15404993789e-11, 1.80549724477e-11, 3.02780505746e-13, 6.04151225948e-16], [1.2174285885e-11, 2.74583689119e-10, 2.60830329557e-10, 3.9615233316e-10, 5.486370247e-10, 2.74604061712e-10, 3.55357632209e-10, 6.717796458e-11, 5.55062835972e-11, 5.38977786013e-11, 2.8192566337e-11, 2.72505178145e-11, 3.09934612697e-11, 3.55207668834e-11, 6.39143529768e-11, 6.00081581648e-11, 7.31098723228e-11, 5.01222986726e-11, 5.68661541467e-11, 5.74911715456e-11, 5.32196023362e-11, 8.47888495525e-11, 3.92607474309e-11, 8.65746970641e-12, 3.63209419138e-12, 3.75792502856e-14, 1.59018114165e-16], [5.42539320761e-12, 1.29377217273e-10, 1.34499980597e-10, 2.31076255353e-10, 3.63943153392e-10, 1.81528750365e-10, 6.717796458e-11, 1.16112515436e-10, 5.97889029952e-11, 3.24317551981e-11, 2.038273543e-11, 1.99571730669e-11, 2.1964778954e-11, 1.75036929395e-11, 3.3726750559e-11, 3.53734264102e-11, 3.32658900426e-11, 2.79753286508e-11, 2.47162915135e-11, 2.87060045873e-11, 2.52154616631e-11, 3.54778290079e-11, 1.41630526751e-11, 3.16803853116e-12, 1.33653092933e-12, 1.80357166918e-14, 1.06721128713e-16], [6.72669515575e-12, 3.18777365615e-10, 3.10786313351e-10, 4.82228423859e-10, 6.06118488733e-10, 3.06341618739e-10, 5.55062835972e-11, 5.97889029952e-11, 3.78046233207e-10, 3.88857279709e-11, 3.1721132665e-11, 3.32452051999e-11, 3.55693460796e-11, 2.81073948838e-11, 5.76617989467e-11, 5.754258528e-11, 7.31241733831e-11, 4.58757649924e-11, 5.3341067674e-11, 4.89831265826e-11, 9.63401095011e-11, 1.40414402328e-10, 4.72947549179e-11, 9.81632743841e-12, 5.60721564666e-12, 8.06200334898e-14, 1.60254729328e-16], [5.49196799149e-12, 2.07196509949e-10, 1.74030678757e-10, 2.5575663809e-10, 3.38207739592e-10, 1.93114635394e-10, 5.38977786013e-11, 3.24317551981e-11, 3.88857279709e-11, 1.71433839347e-10, 2.31959399605e-11, 2.4476967328e-11, 3.12104821154e-11, 3.07134248589e-11, 2.85475011685e-11, 4.33364559516e-11, 3.42247827301e-11, 2.75398141791e-11, 2.88238842516e-11, 2.32383279286e-11, 2.64754173446e-11, 5.19996129489e-11, 2.02784299769e-11, 4.33195536734e-12, 1.26282014359e-12, 1.09580059463e-14, 9.50342313283e-17], [4.46167365206e-12, 1.19433768431e-10, 1.48583534365e-10, 1.85576998213e-10, 2.54403997868e-10, 1.19849463687e-10, 2.8192566337e-11, 2.038273543e-11, 3.1721132665e-11, 2.31959399605e-11, 3.12392785251e-11, 1.55659044682e-11, 1.43422834373e-11, 1.38039579767e-11, 1.86250528889e-11, 2.07364698329e-11, 2.23180744718e-11, 1.9969869508e-11, 2.08146364727e-11, 1.85330761154e-11, 2.17155304155e-11, 3.86153470311e-11, 1.49729291465e-11, 3.22851164206e-12, 1.42216967369e-12, 1.41902845201e-14, 6.07269551273e-17], [2.203694692e-12, 1.08182282577e-10, 1.39228739648e-10, 1.61332128212e-10, 2.32218272389e-10, 1.25147184282e-10, 2.72505178145e-11, 1.99571730669e-11, 3.32452051999e-11, 2.4476967328e-11, 1.55659044682e-11, 9.0693702548e-11, 1.82047779629e-11, 1.50084597528e-11, 2.06575017508e-11, 2.16595751751e-11, 2.74169593278e-11, 2.18423959475e-11, 2.28519200091e-11, 1.81302559771e-11, 2.59193881635e-11, 5.01353854265e-11, 2.01420703033e-11, 4.54592093135e-12, 2.10830701855e-12, 1.41950914321e-14, 6.33850106903e-17], [2.59078587576e-12, 7.87330686758e-11, 1.13423936909e-10, 1.81648876496e-10, 2.5550783711e-10, 1.16560580632e-10, 3.09934612697e-11, 2.1964778954e-11, 3.55693460796e-11, 3.12104821154e-11, 1.43422834373e-11, 1.82047779629e-11, 3.20783052898e-11, 1.97179130662e-11, 1.9548860794e-11, 2.02258487736e-11, 2.51612394114e-11, 1.88181831229e-11, 2.07936549923e-11, 1.8007826133e-11, 2.13224871787e-11, 3.76718552186e-11, 1.39005595229e-11, 3.09614226618e-12, 1.2704508669e-12, 1.32445383532e-14, 6.45350167348e-17], [2.24098495837e-12, 1.05823759478e-10, 1.28682065004e-10, 2.06592812302e-10, 2.7652163892e-10, 1.3035869606e-10, 3.55207668834e-11, 1.75036929395e-11, 2.81073948838e-11, 3.07134248589e-11, 1.38039579767e-11, 1.50084597528e-11, 1.97179130662e-11, 4.82365501708e-11, 2.51359072445e-11, 2.18201862828e-11, 3.54111080736e-11, 1.94147128929e-11, 2.11233149028e-11, 2.09183104866e-11, 2.01148264711e-11, 3.96434447769e-11, 1.35753795358e-11, 3.17580141872e-12, 1.36545690119e-12, 9.47388733219e-15, 5.98603742478e-17], [1.91468152097e-12, 2.7041663353e-10, 1.92244539732e-10, 2.60797661245e-10, 4.05638272971e-10, 2.2732495053e-10, 6.39143529768e-11, 3.3726750559e-11, 5.76617989467e-11, 2.85475011685e-11, 1.86250528889e-11, 2.06575017508e-11, 1.9548860794e-11, 2.51359072445e-11, 1.03244517102e-10, 6.35395069892e-11, 6.2381058652e-11, 4.31173881321e-11, 4.21243040449e-11, 3.81514854431e-11, 6.1244308236e-11, 8.19459777812e-11, 2.90822435578e-11, 7.17961150601e-12, 3.55719490322e-12, 5.21138071119e-14, 1.07909707844e-16], [3.14393238006e-12, 5.76809267017e-10, 2.01353780871e-10, 2.80746786929e-10, 4.46121223296e-10, 2.37457442598e-10, 6.00081581648e-11, 3.53734264102e-11, 5.754258528e-11, 4.33364559516e-11, 2.07364698329e-11, 2.16595751751e-11, 2.02258487736e-11, 2.18201862828e-11, 6.35395069892e-11, 1.4761879219e-10, 5.68122007771e-11, 5.03093261495e-11, 4.80006416559e-11, 4.15048273528e-11, 6.5534348781e-11, 1.15007212087e-10, 4.14572404184e-11, 8.69391971609e-12, 4.7687652438e-12, 4.13720402067e-14, 1.10123216694e-16], [1.84514209467e-12, 2.4554988598e-10, 3.01703689809e-10, 3.24955645725e-10, 4.00004224188e-10, 2.89841067813e-10, 7.31098723228e-11, 3.32658900426e-11, 7.31241733831e-11, 3.42247827301e-11, 2.23180744718e-11, 2.74169593278e-11, 2.51612394114e-11, 3.54111080736e-11, 6.2381058652e-11, 5.68122007771e-11, 1.19322954295e-10, 5.32682266352e-11, 5.59835545977e-11, 5.72297834123e-11, 8.19826567744e-11, 1.17384116316e-10, 4.84062651074e-11, 1.21789557606e-11, 6.30070518329e-12, 6.79494912485e-14, 1.50765855971e-16], [2.96839701257e-12, 2.42609377032e-10, 1.85471096814e-10, 2.20009122032e-10, 3.68096775283e-10, 1.94974994483e-10, 5.01222986726e-11, 2.79753286508e-11, 4.58757649924e-11, 2.75398141791e-11, 1.9969869508e-11, 2.18423959475e-11, 1.88181831229e-11, 1.94147128929e-11, 4.31173881321e-11, 5.03093261495e-11, 5.32682266352e-11, 5.45341549696e-11, 4.92928094176e-11, 4.07671500724e-11, 6.12811329459e-11, 1.0185655791e-10, 4.26139089293e-11, 1.03810024812e-11, 5.18432996185e-12, 4.28673379617e-14, 1.1303427041e-16], [3.54938799706e-12, 2.43548708978e-10, 2.07942357777e-10, 2.48699755234e-10, 3.89969084802e-10, 1.80025258589e-10, 5.68661541467e-11, 2.47162915135e-11, 5.3341067674e-11, 2.88238842516e-11, 2.08146364727e-11, 2.28519200091e-11, 2.07936549923e-11, 2.11233149028e-11, 4.21243040449e-11, 4.80006416559e-11, 5.59835545977e-11, 4.92928094176e-11, 6.67162020074e-11, 4.72607369906e-11, 7.33925351049e-11, 1.31940500192e-10, 5.42577302531e-11, 1.29087773457e-11, 6.49159068514e-12, 5.11133731098e-14, 1.24218003755e-16], [1.98425303966e-12, 1.76003392416e-10, 1.57237500797e-10, 2.40176128985e-10, 3.95344118553e-10, 2.10227724118e-10, 5.74911715456e-11, 2.87060045873e-11, 4.89831265826e-11, 2.32383279286e-11, 1.85330761154e-11, 1.81302559771e-11, 1.8007826133e-11, 2.09183104866e-11, 3.81514854431e-11, 4.15048273528e-11, 5.72297834123e-11, 4.07671500724e-11, 4.72607369906e-11, 6.54105311582e-11, 8.8412416277e-11, 1.3428309853e-10, 5.44994847862e-11, 1.15771758499e-11, 6.20565404619e-12, 8.85381516908e-14, 1.30467571658e-16], [1.52450610729e-12, 4.1567427278e-10, 2.38650377238e-10, 3.48279655116e-10, 5.81998671478e-10, 3.00296065792e-10, 5.32196023362e-11, 2.52154616631e-11, 9.63401095011e-11, 2.64754173446e-11, 2.17155304155e-11, 2.59193881635e-11, 2.13224871787e-11, 2.01148264711e-11, 6.1244308236e-11, 6.5534348781e-11, 8.19826567744e-11, 6.12811329459e-11, 7.33925351049e-11, 8.8412416277e-11, 2.42940084716e-10, 3.69552777268e-10, 1.13113539368e-10, 2.68373361728e-11, 1.60871819338e-11, 2.38546026465e-13, 1.71752817775e-16], [2.24199413375e-12, 6.52979559312e-10, 3.79188763722e-10, 5.30401222942e-10, 9.26683674241e-10, 4.13447970304e-10, 8.47888495525e-11, 3.54778290079e-11, 1.40414402328e-10, 5.19996129489e-11, 3.86153470311e-11, 5.01353854265e-11, 3.76718552186e-11, 3.96434447769e-11, 8.19459777812e-11, 1.15007212087e-10, 1.17384116316e-10, 1.0185655791e-10, 1.31940500192e-10, 1.3428309853e-10, 3.69552777268e-10, 7.95566168499e-10, 2.52566495496e-10, 5.55061066554e-11, 2.94931960798e-11, 3.1339037268e-13, 2.20876215619e-16], [8.55531520193e-13, 3.70164954244e-10, 1.82614354194e-10, 2.13289400031e-10, 2.74408190615e-10, 1.43180536871e-10, 3.92607474309e-11, 1.41630526751e-11, 4.72947549179e-11, 2.02784299769e-11, 1.49729291465e-11, 2.01420703033e-11, 1.39005595229e-11, 1.35753795358e-11, 2.90822435578e-11, 4.14572404184e-11, 4.84062651074e-11, 4.26139089293e-11, 5.42577302531e-11, 5.44994847862e-11, 1.13113539368e-10, 2.52566495496e-10, 1.39788264297e-10, 2.3685732195e-11, 1.09065369583e-11, 8.41744209057e-14, 8.74889544784e-17], [2.39985413269e-13, 7.50996764776e-11, 4.92322571599e-11, 4.75395313393e-11, 6.13203446354e-11, 3.15404993789e-11, 8.65746970641e-12, 3.16803853116e-12, 9.81632743841e-12, 4.33195536734e-12, 3.22851164206e-12, 4.54592093135e-12, 3.09614226618e-12, 3.17580141872e-12, 7.17961150601e-12, 8.69391971609e-12, 1.21789557606e-11, 1.03810024812e-11, 1.29087773457e-11, 1.15771758499e-11, 2.68373361728e-11, 5.55061066554e-11, 2.3685732195e-11, 6.31144008584e-12, 2.69731914755e-12, 2.04359708951e-14, 2.34769872059e-17], [-9.4368516636e-14, 3.37861093269e-11, 2.00214515106e-11, 2.12315113407e-11, 3.0141510815e-11, 1.80549724477e-11, 3.63209419138e-12, 1.33653092933e-12, 5.60721564666e-12, 1.26282014359e-12, 1.42216967369e-12, 2.10830701855e-12, 1.2704508669e-12, 1.36545690119e-12, 3.55719490322e-12, 4.7687652438e-12, 6.30070518329e-12, 5.18432996185e-12, 6.49159068514e-12, 6.20565404619e-12, 1.60871819338e-11, 2.94931960798e-11, 1.09065369583e-11, 2.69731914755e-12, 1.65923882706e-12, 1.45457850951e-14, 1.18721196678e-17], [-2.62457415047e-15, 7.38226821795e-14, 9.03448661911e-14, 2.71228433593e-13, 5.08714056123e-13, 3.02780505746e-13, 3.75792502856e-14, 1.80357166918e-14, 8.06200334898e-14, 1.09580059463e-14, 1.41902845201e-14, 1.41950914321e-14, 1.32445383532e-14, 9.47388733219e-15, 5.21138071119e-14, 4.13720402067e-14, 6.79494912485e-14, 4.28673379617e-14, 5.11133731098e-14, 8.85381516908e-14, 2.38546026465e-13, 3.1339037268e-13, 8.41744209057e-14, 2.04359708951e-14, 1.45457850951e-14, 3.52537283169e-16, 1.63552632256e-19], [1.1951557958e-17, 8.84916072304e-16, 1.06011943761e-15, 8.02997927788e-16, 1.13866088528e-15, 6.04151225948e-16, 1.59018114165e-16, 1.06721128713e-16, 1.60254729328e-16, 9.50342313283e-17, 6.07269551273e-17, 6.33850106903e-17, 6.45350167348e-17, 5.98603742478e-17, 1.07909707844e-16, 1.10123216694e-16, 1.50765855971e-16, 1.1303427041e-16, 1.24218003755e-16, 1.30467571658e-16, 1.71752817775e-16, 2.20876215619e-16, 8.74889544784e-17, 2.34769872059e-17, 1.18721196678e-17, 1.63552632256e-19, 1.27843025492e-21]]
    },
    "mfcc": {
        "kurt": [1.16142845154, 2.45144701004, -0.248272180557, 0.118806123734, -0.129491567612, -0.106105566025, -0.0657413005829, -0.19912481308, 0.084299325943, 0.469958782196, 0.157530546188, 0.371907234192, 0.265923500061],
        "max": [-703.801208496, 164.8487854, 55.6644706726, 75.7402038574, 31.6997833252, 48.3310165405, 23.2831916809, 25.0870723724, 29.6240653992, 31.2697124481, 23.9372596741, 18.0843296051, 22.351890564],
        "mean": [-866.484375, 118.314292908, -0.635560154915, 40.339214325, -1.1167781353, 11.6832437515, -1.47421181202, 1.17198121548, 3.45738601685, -5.21758794785, 0.437731832266, -7.65246677399, -0.531766057014],
        "median": [-869.286376953, 121.831970215, -1.49087524414, 40.6739845276, -1.63809204102, 11.5432338715, -1.60229492188, 1.77996063232, 3.31728744507, -4.96317672729, 0.415523529053, -7.69167327881, -0.542686462402],
        "min": [-1138.42004395, 1.14440917969e-05, -39.9310569763, 8.01086425781e-05, -33.2210464478, -21.7009124756, -33.4030838013, -26.9011268616, -16.8783035278, -32.466255188, -28.9169521332, -30.577205658, -25.5171508789],
        "skew": [-0.601542770863, -1.08959019184, 0.184029296041, -0.212288960814, 0.254011005163, 0.110536538064, -0.0682644098997, -0.220729023218, 0.1412152946, 0.0514838732779, -0.0252497475594, 0.0839698240161, -0.102778367698],
        "var": [4743.32470703, 539.365722656, 288.650543213, 134.858703613, 99.1819458008, 110.847969055, 88.8901596069, 75.6024475098, 52.8412284851, 59.1965293884, 58.8704872131, 51.9377784729, 47.8890380859],
        "cov": [[4747.85058594, -61.7123832703, -463.479949951, 397.931030273, -281.999359131, 154.656387329, -318.047546387, 12.6805267334, -58.9432907104, -164.600067139, -26.2495517731, -99.0522918701, 0.391192764044], [-61.7123832703, 539.880371094, -175.821807861, 37.3414573669, 29.6245269775, -87.911895752, 60.3110771179, -42.1874275208, -0.770443618298, 24.3772468567, -16.5528240204, 25.3949604034, -5.79120731354], [-463.479949951, -175.821807861, 288.925964355, -56.2289009094, 45.9596977234, 40.9606971741, 10.8979053497, 43.751953125, 20.2518482208, 22.4726810455, 28.4633293152, 1.34453821182, 2.92332172394], [397.931030273, 37.3414573669, -56.2289009094, 134.987380981, -13.0287160873, 23.6595554352, -16.1620922089, 4.62742328644, 4.74977302551, -10.6452846527, -0.979646265507, 0.0293744206429, 10.1175308228], [-281.999359131, 29.6245269775, 45.9596977234, -13.0287160873, 99.2765808105, -14.5659894943, 34.1550674438, -3.01530098915, 2.62818741798, 13.3405790329, -8.73032855988, 13.8438796997, -0.676976323128], [154.656387329, -87.911895752, 40.9606971741, 23.6595554352, -14.5659894943, 110.953742981, -9.19004631042, 36.7999649048, 7.59850263596, -10.4653768539, 24.2368125916, -16.9978847504, 10.1464490891], [-318.047546387, 60.3110771179, 10.8979053497, -16.1620922089, 34.1550674438, -9.19004631042, 88.9749832153, 2.32386684418, 4.98786497116, 16.1753520966, -8.76581192017, 19.0566806793, -7.47500562668], [12.6805267334, -42.1874275208, 43.751953125, 4.62742328644, -3.01530098915, 36.7999649048, 2.32386684418, 75.6745910645, 14.3527965546, 6.0109000206, 19.7370166779, -4.88866376877, 3.10898208618], [-58.9432907104, -0.770443618298, 20.2518482208, 4.74977302551, 2.62818741798, 7.59850263596, 4.98786497116, 14.3527965546, 52.8916511536, 17.0933132172, 8.42065238953, 3.11335110664, 0.267245203257], [-164.600067139, 24.3772468567, 22.4726810455, -10.6452846527, 13.3405790329, -10.4653768539, 16.1753520966, 6.0109000206, 17.0933132172, 59.2530136108, 17.6321182251, 13.3829622269, 3.87286090851], [-26.2495517731, -16.5528240204, 28.4633293152, -0.979646265507, -8.73032855988, 24.2368125916, -8.76581192017, 19.7370166779, 8.42065238953, 17.6321182251, 58.9266624451, 6.37662029266, 6.3566775322], [-99.0522918701, 25.3949604034, 1.34453821182, 0.0293744206429, 13.8438796997, -16.9978847504, 19.0566806793, -4.88866376877, 3.11335110664, 13.3829622269, 6.37662029266, 51.9873390198, 11.1131381989], [0.391192764044, -5.79120731354, 2.92332172394, 10.1175308228, -0.676976323128, 10.1464490891, -7.47500562668, 3.10898208618, 0.267245203257, 3.87286090851, 6.3566775322, 11.1131381989, 47.9347343445]]
    },
    "sccoeffs": {
        "kurt": [0.35787987709, 1.05563545227, 4.13758611679, 2.94923734665, 0.278455495834, -0.303621292114],
        "max": [-0.572857022285, -0.580622792244, -0.614786982536, -0.68414747715, -0.770081698895, -0.693004965782],
        "mean": [-0.762561261654, -0.816877067089, -0.846942901611, -0.855148494244, -0.854899644852, -0.795676708221],
        "median": [-0.767923355103, -0.822636783123, -0.852110624313, -0.858291924, -0.856173157692, -0.796063482761],
        "min": [-0.902088701725, -0.921229064465, -0.94976747036, -0.91923391819, -0.923882961273, -0.877033352852],
        "skew": [0.530868470669, 0.753116071224, 1.45120954514, 1.01629781723, 0.311162114143, 0.136660218239],
        "var": [0.00311860512011, 0.00224547740072, 0.00156844803132, 0.000752536463551, 0.000467939215014, 0.000949537032284],
        "cov": [[0.00312158069573, 0.000481616385514, 0.000248617085163, 0.000316293677315, 0.000306806963636, 0.000414896028815], [0.000481616385514, 0.0022476199083, 0.000273859099252, 0.000317353318678, 0.000277813815046, 0.000229294411838], [0.000248617085163, 0.000273859099252, 0.00156994455028, 0.000282782129943, 0.000104889884824, 0.000114927039249], [0.000316293677315, 0.000317353318678, 0.000282782129943, 0.000753254571464, 0.000217830413021, 0.000240807712544], [0.000306806963636, 0.000277813815046, 0.000104889884824, 0.000217830413021, 0.000468385725981, 0.000213366263779], [0.000414896028815, 0.000229294411838, 0.000114927039249, 0.000240807712544, 0.000213366263779, 0.000950443092734]]
    },
    "scvalleys": {
        "kurt": [10.2359657288, 8.78463172913, 10.7049741745, 10.1852970123, 7.13751220703, 4.05105209351],
        "max": [-5.5149230957, -6.18946170807, -6.80765867233, -7.1272110939, -7.27343988419, -8.30966567993],
        "mean": [-7.05696201324, -7.70626401901, -8.19218730927, -8.63008785248, -9.05454063416, -10.9843912125],
        "median": [-6.979991436, -7.63532590866, -8.14277553558, -8.58126544952, -9.01826000214, -10.9777173996],
        "min": [-13.2963857651, -13.8498630524, -14.8947067261, -15.3851070404, -15.6926612854, -17.6183719635],
        "skew": [-1.8851300478, -1.88570261002, -1.93460643291, -1.92362189293, -1.52541589737, -0.770683288574],
        "var": [0.503150820732, 0.556164979935, 0.513951420784, 0.559115052223, 0.663075566292, 0.938909947872],
        "cov": [[0.503630936146, 0.386376678944, 0.385751634836, 0.408721715212, 0.457185357809, 0.453171491623], [0.386376678944, 0.556695640087, 0.453490376472, 0.487748146057, 0.52320933342, 0.501186430454], [0.385751634836, 0.453490376472, 0.514441788197, 0.484355390072, 0.518526911736, 0.501350820065], [0.408721715212, 0.487748146057, 0.484355390072, 0.559648573399, 0.569369137287, 0.565024733543], [0.457185357809, 0.52320933342, 0.518526911736, 0.569369137287, 0.663708269596, 0.657032966614], [0.453171491623, 0.501186430454, 0.501350820065, 0.565024733543, 0.657032966614, 0.939805865288]]
    }
},
"rhythm": {
    "beats_loudness": {
        "kurt": -0.0355882644653,
        "max": 0.00226787105203,
        "mean": 0.000642803381197,
        "median": 0.000255298975389,
        "min": 2.82379460259e-05,
        "skew": 1.0961509943,
        "var": 4.17449058432e-07
    },
    "bpm": 86.3170318604,
    "confidence": 1.23291575909,
    "first_peak_bpm": {
        "kurt": 0,
        "max": 86,
        "mean": 86,
        "median": 86,
        "min": 86,
        "skew": 0,
        "var": 0
    },
    "first_peak_spread": {
        "kurt": 0,
        "max": 0.272727251053,
        "mean": 0.272727251053,
        "median": 0.272727251053,
        "min": 0.272727251053,
        "skew": 0,
        "var": 0
    },
    "first_peak_weight": {
        "kurt": 0,
        "max": 0.727272748947,
        "mean": 0.727272748947,
        "median": 0.727272748947,
        "min": 0.727272748947,
        "skew": 0,
        "var": 0
    },
    "onset_rate": 3.00036907196,
    "second_peak_bpm": {
        "kurt": 0,
        "max": 0,
        "mean": 0,
        "median": 0,
        "min": 0,
        "skew": 0,
        "var": 0
    },
    "second_peak_spread": {
        "kurt": 0,
        "max": 0,
        "mean": 0,
        "median": 0,
        "min": 0,
        "skew": 0,
        "var": 0
    },
    "second_peak_weight": {
        "kurt": 0,
        "max": 0,
        "mean": 0,
        "median": 0,
        "min": 0,
        "skew": 0,
        "var": 0
    },
    "beats_loudness_band_ratio": {
        "kurt": [-0.979851007462, -0.480301380157, 0.754539251328, 5.02535533905, 3.58422374725, 8.87303924561],
        "max": [0.830770611763, 0.473432272673, 0.171856433153, 0.17745821178, 0.170282781124, 0.352874755859],
        "mean": [0.583131253719, 0.198896631598, 0.0689777210355, 0.0452044792473, 0.0532470680773, 0.0830156207085],
        "median": [0.592143237591, 0.160586893559, 0.0635441243649, 0.0374887399375, 0.0490014478564, 0.0695100426674],
        "min": [0.227282583714, 0.02437303029, 0.0202453918755, 0.00930321589112, 0.0144527796656, 0.0120447548106],
        "skew": [-0.390714108944, 0.856395840645, 1.0716329813, 2.03219079971, 1.70272505283, 2.7129907608],
        "var": [0.0328079909086, 0.0176545381546, 0.00127696210984, 0.00112551776692, 0.00100770196877, 0.00376373319887],
        "cov": [[0.0338021740317, -0.0187166184187, -0.00333901960403, -0.00389432138763, -0.00314374640584, -0.00575768202543], [-0.0187166184187, 0.0181895233691, 0.00141206453554, 0.00151810736861, 0.000712269276846, 2.22997987294e-05], [-0.00333901960403, 0.00141206453554, 0.00131565798074, 0.000499323941767, 9.6082156233e-05, 0.000186164266779], [-0.00389432138763, 0.00151810736861, 0.000499323941767, 0.00115962442942, 0.000206727083423, 0.000301054707961], [-0.00314374640584, 0.000712269276846, 9.6082156233e-05, 0.000206727083423, 0.00103823840618, 0.00111657404341], [-0.00575768202543, 2.22997987294e-05, 0.000186164266779, 0.000301054707961, 0.00111657404341, 0.00387778552249]]
    },
    "beats_position": [0.708208620548, 1.4164172411, 2.11301589012, 2.80961441994, 3.50621318817, 4.20281171799, 4.88780021667, 5.5727891922, 6.25777769089, 6.94276618958, 7.63936471939, 8.33596324921, 9.02095222473, 9.70594120026, 10.3909292221, 11.0875282288, 11.7841272354, 12.4807252884, 13.177324295, 13.873922348, 14.5705213547, 15.2671203613, 15.9521083832, 16.6487064362, 17.3453063965, 18.0419044495, 18.7385025024, 19.4351024628, 20.1433105469, 20.851518631, 21.5365066528, 22.2447166443, 22.9529247284, 23.6495227814],
    "bpm_estimates": [84.7208023071, 86.1328125, 86.1328277588, 86.1327972412, 86.1328277588, 87.5927124023, 87.5926513672, 87.5927124023, 87.5927124023, 86.1328277588, 86.1328277588, 87.5926513672, 87.5926513672, 87.5927734375, 86.1327667236, 86.1327667236, 86.1328887939, 86.1327667236, 86.1328887939, 86.1327667236, 86.1327667236, 87.5927734375, 86.1328887939, 86.1326522827, 86.1328887939, 86.1328887939, 86.1326522827, 84.7208633423, 84.7208633423, 87.5927734375, 84.7206344604, 84.7208633423, 86.1328887939],
    "bpm_intervals": [0.708208620548, 0.696598649025, 0.696598529816, 0.696598768234, 0.696598529816, 0.684988498688, 0.684988975525, 0.684988498688, 0.684988498688, 0.696598529816, 0.696598529816, 0.684988975525, 0.684988975525, 0.684988021851, 0.696599006653, 0.696599006653, 0.696598052979, 0.696599006653, 0.696598052979, 0.696599006653, 0.696599006653, 0.684988021851, 0.696598052979, 0.696599960327, 0.696598052979, 0.696598052979, 0.696599960327, 0.708208084106, 0.708208084106, 0.684988021851, 0.708209991455, 0.708208084106, 0.696598052979],
    "onset_times": [0.0696598663926, 0.394739240408, 0.766258478165, 1.07972788811, 1.26548755169, 1.43963718414, 2.12462592125, 2.4497051239, 2.82122445107, 3.16952371597, 3.52943301201, 4.19120168686, 4.36535167694, 4.86458063126, 5.56117916107, 5.88625860214, 6.25777769089, 6.60607719421, 6.94276666641, 7.47682523727, 7.63936519623, 7.97605419159, 8.12698459625, 8.32435417175, 8.64943313599, 8.82358264923, 8.99773216248, 9.33442211151, 9.46213150024, 9.682721138, 9.92653083801, 10.0310201645, 10.1935596466, 10.3677101135, 10.623128891, 10.71600914, 11.0643081665, 11.3197278976, 11.5867576599, 11.7609071732, 12.1208162308, 12.2833557129, 12.4691152573, 12.8174152374, 12.9683446884, 13.1541042328, 13.5024032593, 13.6765537262, 13.8623132706, 14.361541748, 14.5473012924, 14.8259410858, 15.0581407547, 15.2439002991, 15.9404993057, 16.6370983124, 17.1247158051, 18.0186843872, 18.1115646362, 18.5411338806, 18.7385025024, 19.2609519958, 19.4351024628, 19.6556911469, 20.1200904846, 20.4451694489, 20.8282985687, 21.1649894714, 21.7687072754, 22.2447166443, 22.5814056396, 22.7787761688, 22.918094635],
    "histogram": [[0, 0, 0, 0, 0, 0, 0, 0, 0, 0, 0, 0, 0, 0, 0, 0, 0, 0, 0, 0, 0, 0, 0, 0, 0, 0, 0, 0, 0, 0, 0, 0, 0, 0, 0, 0, 0, 0, 0, 0, 0, 0, 0, 0, 0, 0, 0, 0, 0, 0, 0, 0, 0, 0, 0, 0, 0, 0, 0, 0, 0, 0, 0, 0, 0, 0, 0, 0, 0, 0, 0, 0, 0, 0, 0, 0, 0, 0, 0, 0, 0, 0, 0, 0, 0, 0.151515156031, 0.575757563114, 0, 0.272727280855, 0, 0, 0, 0, 0, 0, 0, 0, 0, 0, 0, 0, 0, 0, 0, 0, 0, 0, 0, 0, 0, 0, 0, 0, 0, 0, 0, 0, 0, 0, 0, 0, 0, 0, 0, 0, 0, 0, 0, 0, 0, 0, 0, 0, 0, 0, 0, 0, 0, 0, 0, 0, 0, 0, 0, 0, 0, 0, 0, 0, 0, 0, 0, 0, 0, 0, 0, 0, 0, 0, 0, 0, 0, 0, 0, 0, 0, 0, 0, 0, 0, 0, 0, 0, 0, 0, 0, 0, 0, 0, 0, 0, 0, 0, 0, 0, 0, 0, 0, 0, 0, 0, 0, 0, 0, 0, 0, 0, 0, 0, 0, 0, 0, 0, 0, 0, 0, 0, 0, 0, 0, 0, 0, 0, 0, 0, 0, 0, 0, 0, 0, 0, 0, 0, 0, 0, 0, 0, 0, 0, 0, 0, 0, 0, 0, 0, 0, 0, 0, 0, 0, 0, 0, 0, 0, 0, 0, 0, 0, 0, 0]]
},
"sfx": {
    "inharmonicity": {
        "kurt": 2.22977876663,
        "max": 0.379458069801,
        "mean": 0.088891915977,
        "median": 0.0724551305175,
        "min": 0,
        "skew": 1.3867661953,
        "var": 0.00451582204551
    },
    "oddtoevenharmonicenergyratio": {
        "kurt": 164.407714844,
        "max": 36.9236717224,
        "mean": 0.82098287344,
        "median": 0.347009718418,
        "min": 0,
        "skew": 11.2281446457,
        "var": 4.59658670425
    },
    "pitch_after_max_to_before_max_energy_ratio": 0.872923851013,
    "pitch_centroid": 486.101989746,
    "pitch_max_to_total": 0.398474723101,
    "pitch_min_to_total": 0.8531935215,
    "tristimulus": {
        "kurt": [4.13325834274, 0.587480068207, 1.56435012817],
        "max": [1, 0.835244894028, 0.867987573147],
        "mean": [0.292073011398, 0.295250952244, 0.412675797939],
        "median": [0.287788629532, 0.27707862854, 0.419133752584],
        "min": [0, 0, 0],
        "skew": [1.24758851528, 0.567693352699, -0.559296667576],
        "var": [0.0319464020431, 0.0182810518891, 0.0185844171792],
        "cov": [[0.0319768860936, -0.0158366151154, -0.0161402802914], [-0.0158366151154, 0.0182984955609, -0.00246186600998], [-0.0161402802914, -0.00246186600998, 0.0186021514237]]
    }
},
"tonal": {
    "chords_changes_rate": 0.10857142508,
    "chords_number_rate": 0.024761904031,
    "chords_strength": {
        "kurt": -0.0408611297607,
        "max": 0.690378963947,
        "mean": 0.479005277157,
        "median": 0.475570827723,
        "min": 0.288551360369,
        "skew": 0.179281413555,
        "var": 0.00520312041044
    },
