{
"metadata": {
    "version": {
        "essentia": "2.1-beta3"
    }
},
"lowLevel": {
    "average_loudness": 0.717755973339,
    "barkbands_kurtosis": {
        "kurt": 8.36372280121,
        "max": 74.7929382324,
        "mean": 7.90234184265,
        "median": 5.06623792648,
        "min": -1.79902613163,
        "skew": 2.46619343758,
        "var": 78.4664611816
    },
    "barkbands_skewness": {
        "kurt": 1.63311719894,
        "max": 7.24068641663,
        "mean": 2.26620078087,
        "median": 2.11533141136,
        "min": -1.66740047932,
        "skew": 0.680992424488,
        "var": 1.25681078434
    },
    "barkbands_spread": {
        "kurt": 3.46352672577,
        "max": 56.324256897,
        "mean": 11.4342241287,
        "median": 10.4416513443,
        "min": 1.15823400021,
        "skew": 1.35960102081,
        "var": 47.177936554
    },
    "dissonance": {
        "kurt": 0.302233219147,
        "max": 0.5,
        "mean": 0.431794166565,
        "median": 0.441155970097,
        "min": 0.187561735511,
        "skew": -0.753129959106,
        "var": 0.00207792012952
    },
    "hfc": {
        "kurt": 26.6753044128,
        "max": 36.2565193176,
        "mean": 2.17003893852,
        "median": 0.580519080162,
        "min": 4.40669445378e-11,
        "skew": 4.60007095337,
        "var": 16.9230823517
    },
    "pitch": {
        "kurt": 362.325256348,
        "max": 4411.66894531,
        "mean": 244.996353149,
        "median": 265.122070312,
        "min": 46.4083137512,
        "skew": 17.4517803192,
        "var": 35998.0117188
    },
    "pitch_instantaneous_confidence": {
        "kurt": -1.54023313522,
        "max": 0.960545063019,
        "mean": 0.580740511417,
        "median": 0.602549910545,
        "min": 0.023731470108,
        "skew": -0.106910780072,
        "var": 0.0744240432978
    },
    "pitch_salience": {
        "kurt": -0.507051944733,
        "max": 0.844248533249,
        "mean": 0.571604669094,
        "median": 0.595846891403,
        "min": 0.170498803258,
        "skew": -0.535988509655,
        "var": 0.0197533424944
    },
    "silence_rate_20dB": {
        "kurt": 0,
        "max": 1,
        "mean": 1,
        "median": 1,
        "min": 1,
        "skew": 0,
        "var": 0
    },
    "silence_rate_30dB": {
        "kurt": 0,
        "max": 1,
        "mean": 1,
        "median": 1,
        "min": 1,
        "skew": 0,
        "var": 0
    },
    "silence_rate_60dB": {
        "kurt": -1.57761335373,
        "max": 1,
        "mean": 0.654527544975,
        "median": 1,
        "min": 0,
        "skew": -0.64993417263,
        "var": 0.226122587919
    },
    "spectral_centroid": {
        "kurt": 17.8669910431,
        "max": 2576.31933594,
        "mean": 556.660888672,
        "median": 486.373962402,
        "min": 172.320083618,
        "skew": 3.68405175209,
        "var": 91028.171875
    },
    "spectral_complexity": {
        "kurt": 0.799532651901,
        "max": 14,
        "mean": 3.97145676613,
        "median": 3,
        "min": 0,
        "skew": 0.985918700695,
        "var": 8.67539691925
    },
    "spectral_crest": {
        "kurt": -0.649627685547,
        "max": 24.3517513275,
        "mean": 12.3061065674,
        "median": 11.5545959473,
        "min": 4.09366464615,
        "skew": 0.450470209122,
        "var": 20.3851623535
    },
    "spectral_decrease": {
        "kurt": 5.48938751221,
        "max": -4.51565683523e-20,
        "mean": -8.90460760683e-10,
        "median": -3.11173475875e-10,
        "min": -8.51560599813e-09,
        "skew": -2.06495928764,
        "var": 1.37968887167e-18
    },
    "spectral_energy": {
        "kurt": 4.98998403549,
        "max": 0.0333583839238,
        "mean": 0.00355763244443,
        "median": 0.00122366461437,
        "min": 1.74428559704e-13,
        "skew": 2.00317931175,
        "var": 2.1972507966e-05
    },
    "spectral_energyband_high": {
        "kurt": 55.051815033,
        "max": 0.000725480087567,
        "mean": 2.34026392718e-05,
        "median": 7.02452371115e-06,
        "min": 1.44634835623e-15,
        "skew": 5.68868684769,
        "var": 2.27541763209e-09
    },
    "spectral_energyband_low": {
        "kurt": 28.4629039764,
        "max": 0.00214431760833,
        "mean": 0.000132766042952,
        "median": 7.52802152419e-05,
        "min": 1.12825290018e-13,
        "skew": 4.38739538193,
        "var": 3.49553168633e-08
    },
    "spectral_energyband_middle_high": {
        "kurt": 39.3401260376,
        "max": 0.0139411156997,
        "mean": 0.000524414237589,
        "median": 0.000100414414192,
        "min": 7.5618400498e-15,
        "skew": 5.98103713989,
        "var": 2.26755582844e-06
    },
    "spectral_energyband_middle_low": {
        "kurt": 7.27474212646,
        "max": 0.0316336341202,
        "mean": 0.00291733792983,
        "median": 0.000902908155695,
        "min": 4.02709956311e-14,
        "skew": 2.38167524338,
        "var": 1.79190465133e-05
    },
    "spectral_flatness_db": {
        "kurt": -0.469178199768,
        "max": 0.358643233776,
        "mean": 0.224108546972,
        "median": 0.22150567174,
        "min": 0.107497937977,
        "skew": 0.345912963152,
        "var": 0.0025030572433
    },
    "spectral_flux": {
        "kurt": 4.85471391678,
        "max": 0.102694191039,
        "mean": 0.0207608640194,
        "median": 0.0167652182281,
        "min": 8.16911051515e-05,
        "skew": 1.90747570992,
        "var": 0.000187587342225
    },
    "spectral_kurtosis": {
        "kurt": 3.06943845749,
        "max": 39.094997406,
        "mean": 8.82405948639,
        "median": 7.57349443436,
        "min": 0.869186162949,
        "skew": 1.48359775543,
        "var": 24.9532718658
    },
    "spectral_rms": {
        "kurt": -0.0176351070404,
        "max": 0.00570480199531,
        "mean": 0.00150834524538,
        "median": 0.00109262031037,
        "min": 1.30450832359e-08,
        "skew": 0.912335634232,
        "var": 1.19575338431e-06
    },
    "spectral_rolloff": {
        "kurt": 8.64716815948,
        "max": 4823.4375,
        "mean": 815.889404297,
        "median": 624.462890625,
        "min": 193.798828125,
        "skew": 2.73181533813,
        "var": 393045.34375
    },
    "spectral_skewness": {
        "kurt": 1.13836097717,
        "max": 4.7391371727,
        "mean": 2.15499901772,
        "median": 2.0784099102,
        "min": 0.500046551228,
        "skew": 0.72935461998,
        "var": 0.300736546516
    },
    "spectral_spread": {
        "kurt": 492.231842041,
        "max": 29409014,
        "mean": 2953697,
        "median": 2840281.5,
        "min": 1718017.25,
        "skew": 18.773519516,
        "var": 987412365312
    },
    "spectral_strongpeak": {
        "kurt": 53.0298576355,
        "max": 8.68064117432,
        "mean": 0.492254793644,
        "median": 0.206568747759,
        "min": 0,
        "skew": 5.98413801193,
        "var": 0.622746706009
    },
    "zerocrossingrate": {
        "kurt": 137.610702515,
        "max": 0.46875,
        "mean": 0.0372564345598,
        "median": 0.0341796875,
        "min": 0.00830078125,
        "skew": 8.14584064484,
        "var": 0.00050080253277
    },
    "barkbands": {
        "kurt": [164.961364746, 141.472702026, 32.7579116821, 68.3317337036, 26.4448280334, 12.9367847443, 96.9815139771, 17.7665061951, 7.85771751404, 34.3481712341, 34.6966323853, 25.8648071289, 75.0640182495, 33.7306594849, 163.209594727, 113.954498291, 103.503303528, 75.2914581299, 74.4469833374, 68.3964004517, 60.9345321655, 35.2570304871, 31.7106170654, 11.0655908585, 14.5603084564, 12.0135936737, 35.5185775757],
        "max": [7.86314558354e-05, 0.00106969568878, 0.00137284537777, 0.00260160025209, 0.0160717666149, 0.0237723775208, 0.00274692056701, 0.00561801670119, 0.004089939408, 0.000790147983935, 0.00468936609104, 0.00144259585068, 0.000299821665976, 0.000805832911283, 0.00275047682226, 0.00328432139941, 0.00143104302697, 0.00189919420518, 0.00416250433773, 0.0026261114981, 0.000217739026994, 2.22823000513e-05, 2.16226499106e-06, 4.38745871634e-07, 7.57362101922e-08, 3.67993879813e-09, 3.45459838513e-09],
        "mean": [1.30201215143e-06, 2.66002189164e-05, 6.82298850734e-05, 8.1402118667e-05, 0.000770696788095, 0.00138296547811, 5.47875242773e-05, 0.00029533074121, 0.000328463065671, 3.21363695548e-05, 0.000144178557093, 6.79688091623e-05, 1.16236360554e-05, 2.8180258596e-05, 3.2832074794e-05, 4.44998840976e-05, 2.3825925382e-05, 3.8955706259e-05, 6.61324229441e-05, 4.8186731874e-05, 7.89119621913e-06, 1.24993755435e-06, 1.45079710023e-07, 4.46113403996e-08, 6.27100149586e-09, 3.56645907251e-10, 1.16481144175e-10],
        "median": [2.97530107218e-07, 1.32083978315e-05, 3.18874408549e-05, 3.78742697649e-05, 0.000208179000765, 0.000132778979605, 1.66395657288e-05, 2.90159696306e-05, 2.05333890335e-05, 9.43975919654e-06, 9.66074185271e-06, 1.24592597786e-05, 5.8025693761e-06, 4.15743306803e-06, 4.66029496238e-06, 6.02030922892e-06, 5.37076675755e-06, 5.72851786274e-06, 5.98118367634e-06, 5.76908860239e-06, 2.91867490887e-06, 6.56956672174e-07, 9.30733534688e-08, 2.38449509027e-08, 3.56206375507e-09, 1.9075219182e-10, 2.19160679188e-11],
        "min": [4.33292724616e-14, 5.60351529175e-14, 2.60832954085e-14, 1.6063783333e-14, 1.10133358325e-14, 2.80788245641e-15, 5.58480628212e-15, 2.13216742845e-15, 1.94010080184e-15, 2.03857473471e-15, 1.18030462486e-15, 4.88630119744e-16, 1.10487369393e-15, 7.53426118643e-16, 6.62058951024e-16, 5.34266719695e-16, 2.96984494975e-16, 3.49697949321e-16, 3.30686718336e-16, 3.43442796294e-16, 2.28448385765e-16, 2.26413653807e-16, 1.86092304714e-16, 1.68563871078e-16, 1.63448744988e-16, 1.61840189717e-16, 1.70299865103e-16],
        "skew": [11.0440044403, 10.0802927017, 4.80218696594, 7.0515165329, 4.67037820816, 3.22948741913, 9.07871627808, 3.89115667343, 2.72107195854, 4.95328521729, 5.63141965866, 4.55468606949, 6.17325210571, 5.07418823242, 11.6293869019, 9.57769393921, 9.3808555603, 7.66043376923, 8.40326881409, 7.88399267197, 7.28973197937, 4.42162322998, 4.6809463501, 2.92758440971, 3.27400779724, 2.99111938477, 4.98490953445],
        "var": [1.831765295e-11, 3.68087738067e-09, 1.38445619413e-08, 2.98093283391e-08, 3.25772771248e-06, 7.79471520218e-06, 3.60732208549e-08, 4.37837769596e-07, 4.36916224089e-07, 4.51765691523e-09, 2.6018136623e-07, 2.42039632781e-08, 3.10928255365e-10, 5.17957809976e-09, 2.43540867473e-08, 3.83764735545e-08, 8.57350812566e-09, 1.9035818255e-08, 1.30855866587e-07, 4.63712943599e-08, 3.87429838211e-10, 2.90550569715e-12, 3.70661448312e-14, 3.3274573367e-15, 6.75514400263e-17, 2.18524625923e-19, 7.57705131293e-20],
        "cov": [[1.83357010131e-11, 1.50586251801e-10, 4.41301127585e-11, -1.14968017745e-11, -2.89662571706e-10, -2.87198653748e-10, -2.96701448133e-11, -5.84163273309e-11, -4.3805653549e-11, -1.18885283562e-11, -6.6275943067e-11, 9.22211851155e-13, -7.94781449855e-13, -4.77890340148e-12, -1.49284872658e-11, -2.41107220994e-11, -9.22566276845e-12, -1.00587012677e-11, -4.6532295378e-11, -1.59685719509e-11, -2.04571277453e-12, 8.92186308556e-14, 3.9326479356e-14, 4.57697725884e-15, 3.14106434852e-15, 6.69185145088e-17, -3.48706027417e-17], [1.50586251801e-10, 3.68450403521e-09, 1.38324496302e-09, 1.87101126259e-10, -3.2458107313e-09, -5.71149083584e-09, -2.61313026773e-10, -7.31310179081e-10, -7.11805780984e-10, -1.6698352423e-10, -7.09230341123e-10, -2.40466341284e-10, -2.65143688255e-11, -1.64573937811e-10, -1.43879991255e-10, -4.02550243139e-10, -1.45786577255e-10, -2.5780977353e-10, -5.74067959835e-10, -2.34572222757e-10, -2.74221201302e-11, 7.06512281947e-14, 5.49819846769e-13, 1.00594940635e-13, 3.34963380275e-14, 1.69101975227e-15, -4.61830791386e-16], [4.41301127585e-11, 1.38324496302e-09, 1.38582016973e-08, 5.03298158705e-09, 1.03651687233e-09, -2.18016342757e-08, 4.30942254104e-10, -1.94215021843e-09, -7.22161308531e-09, -3.008155669e-10, -2.82194889678e-09, -2.85881249229e-11, -1.05893495361e-10, -6.34553354306e-10, -1.09955533567e-09, -1.38328803967e-09, -6.81412593018e-10, -1.09384479252e-09, -2.30804064749e-09, -1.44152545456e-09, -1.59480748052e-10, -2.01016581852e-11, -1.83321435289e-12, -6.14798901892e-13, -5.57955950593e-14, -1.9262916237e-15, -6.35170631267e-16], [-1.14968017745e-11, 1.87101126259e-10, 5.03298158705e-09, 2.98386986231e-08, -3.15007220308e-09, -4.35705622692e-08, 7.28022475638e-10, -6.27096241601e-09, -7.85047404861e-09, -9.24109747058e-11, -2.13851381048e-09, -1.85699666755e-09, -1.21266219288e-10, -8.64422200486e-10, -7.53848095059e-10, -1.21243293183e-09, -6.33521790583e-10, -1.24034849058e-09, -1.72450953517e-09, -1.21862853142e-09, -1.86558768434e-10, -2.99723891539e-11, -2.42843614141e-12, -8.18458907419e-13, -7.70967355712e-14, -5.74001659937e-15, -2.19726191045e-15], [-2.89662571706e-10, -3.2458107313e-09, 1.03651687233e-09, -3.15007220308e-09, 3.26093731928e-06, 8.13085648588e-07, -3.03112446254e-09, 7.52237554025e-07, -9.5102528519e-08, 4.87816045336e-08, -6.41396340484e-08, 5.11251556645e-08, 7.0108199246e-09, 1.50387311493e-08, -6.07144778897e-09, 1.15806706447e-08, 7.96662125158e-10, -1.07556763496e-08, -2.92227451126e-08, -1.80144130724e-08, 1.42819134297e-09, 2.52690757208e-10, 2.11742186285e-11, 6.10693830574e-12, 2.07452111045e-12, 1.42884049861e-13, 7.86755507748e-14], [-2.87198653748e-10, -5.71149083584e-09, -2.18016342757e-08, -4.35705622692e-08, 8.13085648588e-07, 7.80239497544e-06, 1.22141479153e-08, 6.08057348472e-07, 8.02839224434e-07, 4.35933245058e-08, 6.59922321233e-08, 1.91178600062e-07, 1.34641160443e-08, 4.05657338831e-08, 1.85543367337e-08, 2.67776059104e-08, 1.01563175647e-08, 1.84585076113e-08, -1.7000715502e-08, 1.82752817324e-08, 4.63134908202e-09, 1.25330801293e-09, 1.32156480204e-10, 3.875073179e-11, 5.38758490945e-12, 6.0522111411e-13, 3.83513777376e-13], [-2.96701448133e-11, -2.61313026773e-10, 4.30942254104e-10, 7.28022475638e-10, -3.03112446254e-09, 1.22141479153e-08, 3.61087622025e-08, 5.54430190647e-09, 8.17601264469e-10, 8.87428353025e-10, -2.31138042039e-09, 2.03087879846e-09, 2.56457105552e-10, 3.76476100294e-10, -1.70794656196e-10, -1.08352138373e-09, -2.04265715453e-10, 1.29794603884e-11, -1.09450760954e-10, -1.05598169098e-10, -5.11565755035e-11, 1.43845378317e-11, 1.21343885461e-12, 1.81735431825e-13, 1.88890007422e-14, 3.53661708819e-15, 6.99196898838e-16], [-5.84163273309e-11, -7.31310179081e-10, -1.94215021843e-09, -6.27096241601e-09, 7.52237554025e-07, 6.08057348472e-07, 5.54430190647e-09, 4.3826912588e-07, 1.24342719232e-07, 2.22397176231e-08, -3.21917559276e-09, 3.81806657401e-08, 2.86964940699e-09, 1.04723518746e-08, 2.12605577588e-09, 1.00020827176e-08, 2.2540032063e-09, 6.88640866553e-10, -6.32328456263e-09, 1.74732850411e-09, 1.53452928142e-09, 2.38294578514e-10, 2.25507754831e-11, 7.22915087167e-12, 1.24067889209e-12, 9.18987989548e-14, 5.3765185934e-14], [-4.3805653549e-11, -7.11805780984e-10, -7.22161308531e-09, -7.85047404861e-09, -9.5102528519e-08, 8.02839224434e-07, 8.17601264469e-10, 1.24342719232e-07, 4.37346670878e-07, 6.69489708116e-09, 1.39958075351e-07, 3.6548364335e-08, 4.17266088348e-09, 2.20816431806e-08, 1.79904535713e-08, 2.95125364147e-08, 1.6082005061e-08, 3.15026369435e-08, 3.92201009447e-08, 3.18918189635e-08, 3.74423603233e-09, 5.80783698911e-10, 3.86325103852e-11, 1.62394889203e-11, 2.3357236284e-12, 1.2238575767e-13, 7.15070702846e-14], [-1.18885283562e-11, -1.6698352423e-10, -3.008155669e-10, -9.24109747058e-11, 4.87816045336e-08, 4.35933245058e-08, 8.87428353025e-10, 2.22397176231e-08, 6.69489708116e-09, 4.52210802138e-09, 3.07239655939e-09, 2.95649882354e-09, 2.36537484044e-10, 8.38946134785e-10, 3.80186521154e-10, 6.98713475966e-10, 2.59290533489e-10, 8.17012013599e-11, -1.80025591656e-10, 5.76062308966e-10, 1.14077809699e-10, 1.65725141943e-11, 1.08999907624e-12, 6.37094923258e-13, 1.36253272662e-13, 7.15266130287e-15, 3.02163354999e-15], [-6.6275943067e-11, -7.09230341123e-10, -2.82194889678e-09, -2.13851381048e-09, -6.41396340484e-08, 6.59922321233e-08, -2.31138042039e-09, -3.21917559276e-09, 1.39958075351e-07, 3.07239655939e-09, 2.60437701627e-07, 2.68973021633e-09, 1.69753011647e-09, 2.15397246706e-08, 3.62275685006e-08, 7.20166255519e-08, 3.57041365362e-08, 5.51669323556e-08, 1.19775251051e-07, 7.82009479394e-08, 7.60364926577e-09, 3.43674921854e-10, 1.24761633316e-11, 1.34063628254e-11, 1.86859880867e-12, 5.44644963353e-14, 2.83856614022e-14], [9.22211851155e-13, -2.40466341284e-10, -2.85881249229e-11, -1.85699666755e-09, 5.11251556645e-08, 1.91178600062e-07, 2.03087879846e-09, 3.81806657401e-08, 3.6548364335e-08, 2.95649882354e-09, 2.68973021633e-09, 2.42278090923e-08, 1.17850662562e-09, 2.224870288e-09, 1.01868569136e-09, 1.35037292459e-09, 1.76616873904e-10, 1.54551993425e-09, 8.75763128683e-10, 1.55363144572e-09, 2.64945509976e-10, 8.27597435027e-11, 5.61318613118e-12, 1.89187749668e-12, 2.32675261436e-13, 1.97283629591e-14, 1.32545062369e-14], [-7.94781449855e-13, -2.65143688255e-11, -1.05893495361e-10, -1.21266219288e-10, 7.0108199246e-09, 1.34641160443e-08, 2.56457105552e-10, 2.86964940699e-09, 4.17266088348e-09, 2.36537484044e-10, 1.69753011647e-09, 1.17850662562e-09, 3.11234565897e-10, 3.99464461509e-10, 5.61209911876e-10, 5.95297589001e-10, 2.76483752559e-10, 6.46543318883e-10, 1.05473718648e-09, 6.98941127197e-10, 7.75250766361e-11, 1.10694448399e-11, 6.89939858717e-13, 3.12266000817e-13, 4.13470188534e-14, 2.41794363936e-15, 1.33781167195e-15], [-4.77890340148e-12, -1.64573937811e-10, -6.34553354306e-10, -8.64422200486e-10, 1.50387311493e-08, 4.05657338831e-08, 3.76476100294e-10, 1.04723518746e-08, 2.20816431806e-08, 8.38946134785e-10, 2.15397246706e-08, 2.224870288e-09, 3.99464461509e-10, 5.18468112887e-09, 3.82662035392e-09, 7.50346362821e-09, 4.41112124605e-09, 6.0438920535e-09, 1.10191615832e-08, 7.31140570309e-09, 8.40107816646e-10, 6.75311820353e-11, 2.09091749991e-12, 2.01570140787e-12, 3.34440049439e-13, 1.07871272136e-14, 6.11616995521e-15], [-1.49284872658e-11, -1.43879991255e-10, -1.09955533567e-09, -7.53848095059e-10, -6.07144778897e-09, 1.85543367337e-08, -1.70794656196e-10, 2.12605577588e-09, 1.79904535713e-08, 3.80186521154e-10, 3.62275685006e-08, 1.01868569136e-09, 5.61209911876e-10, 3.82662035392e-09, 2.43780817755e-08, 1.55328123697e-08, 4.75261119348e-09, 1.2561234719e-08, 4.56850912656e-08, 2.486610029e-08, 1.58778057369e-09, 7.03009317427e-11, 2.77480317369e-12, 4.41576246055e-12, 4.5200936093e-13, 1.36061130014e-14, 5.07843855131e-15], [-2.41107220994e-11, -4.02550243139e-10, -1.38328803967e-09, -1.21243293183e-09, 1.15806706447e-08, 2.67776059104e-08, -1.08352138373e-09, 1.00020827176e-08, 2.95125364147e-08, 6.98713475966e-10, 7.20166255519e-08, 1.35037292459e-09, 5.95297589001e-10, 7.50346362821e-09, 1.55328123697e-08, 3.84142815335e-08, 1.1973976477e-08, 1.8302385385e-08, 4.73735823903e-08, 3.37833121478e-08, 3.37570726927e-09, 1.17059958948e-10, 3.13195996915e-12, 4.89476167931e-12, 7.45807387202e-13, 1.91274235762e-14, 1.04168315141e-14], [-9.22566276845e-12, -1.45786577255e-10, -6.81412593018e-10, -6.33521790583e-10, 7.96662125158e-10, 1.01563175647e-08, -2.04265715453e-10, 2.2540032063e-09, 1.6082005061e-08, 2.59290533489e-10, 3.57041365362e-08, 1.76616873904e-10, 2.76483752559e-10, 4.41112124605e-09, 4.75261119348e-09, 1.1973976477e-08, 8.58195559061e-09, 8.39429326049e-09, 1.52932049247e-08, 1.03924868711e-08, 1.34870536961e-09, 5.870716413e-11, 2.93024415496e-12, 2.46991880073e-12, 3.57631811535e-13, 9.10635296011e-15, 5.00186931397e-15], [-1.00587012677e-11, -2.5780977353e-10, -1.09384479252e-09, -1.24034849058e-09, -1.07556763496e-08, 1.84585076113e-08, 1.29794603884e-11, 6.88640866553e-10, 3.15026369435e-08, 8.17012013599e-11, 5.51669323556e-08, 1.54551993425e-09, 6.46543318883e-10, 6.0438920535e-09, 1.2561234719e-08, 1.8302385385e-08, 8.39429326049e-09, 1.90545730305e-08, 3.98338357854e-08, 2.43114826048e-08, 2.067743754e-09, 1.17807319455e-10, 3.93028014647e-12, 4.12660704219e-12, 5.64255185544e-13, 1.68468805394e-14, 6.52503487643e-15], [-4.6532295378e-11, -5.74067959835e-10, -2.30804064749e-09, -1.72450953517e-09, -2.92227451126e-08, -1.7000715502e-08, -1.09450760954e-10, -6.32328456263e-09, 3.92201009447e-08, -1.80025591656e-10, 1.19775251051e-07, 8.75763128683e-10, 1.05473718648e-09, 1.10191615832e-08, 4.56850912656e-08, 4.73735823903e-08, 1.52932049247e-08, 3.98338357854e-08, 1.30984787461e-07, 7.24508950611e-08, 4.95350294116e-09, 2.03927028042e-10, 4.82418618941e-12, 1.02739422872e-11, 1.18638866092e-12, 3.24973541458e-14, 9.75907654926e-15], [-1.59685719509e-11, -2.34572222757e-10, -1.44152545456e-09, -1.21862853142e-09, -1.80144130724e-08, 1.82752817324e-08, -1.05598169098e-10, 1.74732850411e-09, 3.18918189635e-08, 5.76062308966e-10, 7.82009479394e-08, 1.55363144572e-09, 6.98941127197e-10, 7.31140570309e-09, 2.486610029e-08, 3.37833121478e-08, 1.03924868711e-08, 2.43114826048e-08, 7.24508950611e-08, 4.64169787051e-08, 3.44029649213e-09, 1.30834829082e-10, 2.88016247137e-12, 6.08135850705e-12, 7.54558850298e-13, 2.15021973344e-14, 8.20997864961e-15], [-2.04571277453e-12, -2.74221201302e-11, -1.59480748052e-10, -1.86558768434e-10, 1.42819134297e-09, 4.63134908202e-09, -5.11565755035e-11, 1.53452928142e-09, 3.74423603233e-09, 1.14077809699e-10, 7.60364926577e-09, 2.64945509976e-10, 7.75250766361e-11, 8.40107816646e-10, 1.58778057369e-09, 3.37570726927e-09, 1.34870536961e-09, 2.067743754e-09, 4.95350294116e-09, 3.44029649213e-09, 3.87811532887e-10, 1.39733268359e-11, 7.30400061179e-13, 5.80824776296e-13, 8.62185418004e-14, 2.71826700587e-15, 1.29596316216e-15], [8.92186308556e-14, 7.06512281947e-14, -2.01016581852e-11, -2.99723891539e-11, 2.52690757208e-10, 1.25330801293e-09, 1.43845378317e-11, 2.38294578514e-10, 5.80783698911e-10, 1.65725141943e-11, 3.43674921854e-10, 8.27597435027e-11, 1.10694448399e-11, 6.75311820353e-11, 7.03009317427e-11, 1.17059958948e-10, 5.870716413e-11, 1.17807319455e-10, 2.03927028042e-10, 1.30834829082e-10, 1.39733268359e-11, 2.90836820772e-12, 1.71280253435e-13, 6.05151508331e-14, 8.03667486157e-15, 3.43902338137e-16, 1.05454351236e-16], [3.9326479356e-14, 5.49819846769e-13, -1.83321435289e-12, -2.42843614141e-12, 2.11742186285e-11, 1.32156480204e-10, 1.21343885461e-12, 2.25507754831e-11, 3.86325103852e-11, 1.08999907624e-12, 1.24761633316e-11, 5.61318613118e-12, 6.89939858717e-13, 2.09091749991e-12, 2.77480317369e-12, 3.13195996915e-12, 2.93024415496e-12, 3.93028014647e-12, 4.82418618941e-12, 2.88016247137e-12, 7.30400061179e-13, 1.71280253435e-13, 3.71026621156e-14, 7.575522173e-15, 8.02670549554e-16, 4.1447744094e-17, 8.11558314068e-18], [4.57697725884e-15, 1.00594940635e-13, -6.14798901892e-13, -8.18458907419e-13, 6.10693830574e-12, 3.875073179e-11, 1.81735431825e-13, 7.22915087167e-12, 1.62394889203e-11, 6.37094923258e-13, 1.34063628254e-11, 1.89187749668e-12, 3.12266000817e-13, 2.01570140787e-12, 4.41576246055e-12, 4.89476167931e-12, 2.46991880073e-12, 4.12660704219e-12, 1.02739422872e-11, 6.08135850705e-12, 5.80824776296e-13, 6.05151508331e-14, 7.575522173e-15, 3.33073556596e-15, 3.58354890739e-16, 1.60732227608e-17, 4.12523243286e-18], [3.14106434852e-15, 3.34963380275e-14, -5.57955950593e-14, -7.70967355712e-14, 2.07452111045e-12, 5.38758490945e-12, 1.88890007422e-14, 1.24067889209e-12, 2.3357236284e-12, 1.36253272662e-13, 1.86859880867e-12, 2.32675261436e-13, 4.13470188534e-14, 3.34440049439e-13, 4.5200936093e-13, 7.45807387202e-13, 3.57631811535e-13, 5.64255185544e-13, 1.18638866092e-12, 7.54558850298e-13, 8.62185418004e-14, 8.03667486157e-15, 8.02670549554e-16, 3.58354890739e-16, 6.76179916697e-17, 2.67163848898e-18, 6.61897415058e-19], [6.69185145088e-17, 1.69101975227e-15, -1.9262916237e-15, -5.74001659937e-15, 1.42884049861e-13, 6.0522111411e-13, 3.53661708819e-15, 9.18987989548e-14, 1.2238575767e-13, 7.15266130287e-15, 5.44644963353e-14, 1.97283629591e-14, 2.41794363936e-15, 1.07871272136e-14, 1.36061130014e-14, 1.91274235762e-14, 9.10635296011e-15, 1.68468805394e-14, 3.24973541458e-14, 2.15021973344e-14, 2.71826700587e-15, 3.43902338137e-16, 4.1447744094e-17, 1.60732227608e-17, 2.67163848898e-18, 2.18739925527e-19, 8.67446924667e-20], [-3.48706027417e-17, -4.61830791386e-16, -6.35170631267e-16, -2.19726191045e-15, 7.86755507748e-14, 3.83513777376e-13, 6.99196898838e-16, 5.3765185934e-14, 7.15070702846e-14, 3.02163354999e-15, 2.83856614022e-14, 1.32545062369e-14, 1.33781167195e-15, 6.11616995521e-15, 5.07843855131e-15, 1.04168315141e-14, 5.00186931397e-15, 6.52503487643e-15, 9.75907654926e-15, 8.20997864961e-15, 1.29596316216e-15, 1.05454351236e-16, 8.11558314068e-18, 4.12523243286e-18, 6.61897415058e-19, 8.67446924667e-20, 7.58451661796e-20]]
    },
    "mfcc": {
        "kurt": [3.85188007355, 9.91195964813, 2.37826013565, 1.52341413498, -0.520158290863, 0.17467880249, 0.209917783737, 0.291795015335, 0.207003831863, 0.924338340759, 0.979597568512, 0.363940477371, 0.549000501633],
        "max": [-701.053894043, 201.518981934, 45.7939796448, 77.5451812744, 25.3500404358, 19.6324615479, 30.2155761719, 23.5392665863, 24.3487243652, 20.5228900909, 19.1342582703, 19.0908107758, 20.6766891479],
        "mean": [-827.459350586, 160.222564697, -28.8053150177, 41.7344017029, -14.3994016647, -9.76884365082, 1.93274068832, -14.1144800186, -3.83982348442, -12.3295211792, -10.1559772491, -5.9066901207, -4.65379047394],
        "median": [-829.296142578, 162.783584595, -23.7662658691, 42.268901825, -13.9472541809, -9.46073150635, 2.91176795959, -13.5844573975, -3.16827011108, -12.6398963928, -10.1691017151, -5.53798294067, -5.02382659912],
        "min": [-1138.42004395, 1.14440917969e-05, -128.07258606, -7.72956466675, -58.9206123352, -54.125743866, -40.5531082153, -46.5481872559, -32.7470016479, -39.9751663208, -36.9062919617, -37.7473258972, -30.2070732117],
        "skew": [-1.19501423836, -2.01362061501, -0.864199519157, -0.483615964651, -0.116360977292, -0.211947068572, -0.469834297895, -0.0845728814602, -0.244625896215, 0.216953188181, 0.130219504237, -0.377236753702, 0.312117666006],
        "var": [3751.7722168, 468.986541748, 604.246276855, 146.645004272, 203.069473267, 97.8217315674, 111.685844421, 94.6075668335, 78.150642395, 56.6928710938, 58.0985565186, 69.1202011108, 57.3321304321],
        "cov": [[3755.46850586, 793.127685547, -1239.18200684, 323.910125732, -600.433837891, -201.519088745, -104.11277771, -209.423568726, -68.6224441528, 7.13309812546, -58.2510948181, -184.957626343, 52.7250289917], [793.127685547, 469.448577881, -94.3819961548, 13.8329248428, -103.139068604, -63.8457450867, -9.89653587341, -67.2409591675, -17.324464798, -25.9432048798, -15.5739994049, -20.3746414185, -18.1557636261], [-1239.18200684, -94.3819961548, 604.841552734, -91.2288513184, 201.114593506, 92.4742965698, 15.2906570435, 63.9462928772, 13.3905506134, -27.9233264923, 34.889503479, 95.1333007812, -31.7346401215], [323.910125732, 13.8329248428, -91.2288513184, 146.789489746, 9.90227222443, 16.6009540558, 8.87271881104, -12.8908290863, 13.2710828781, 5.61092233658, -0.739519178867, -4.27740478516, 13.5979452133], [-600.433837891, -103.139068604, 201.114593506, 9.90227222443, 203.26953125, 66.1939697266, 37.7193946838, 41.5447769165, 30.3773136139, 0.392383605242, -1.27736616135, 31.9807243347, -9.63716030121], [-201.519088745, -63.8457450867, 92.4742965698, 16.6009540558, 66.1939697266, 97.9181137085, 34.7813262939, 23.2952461243, 22.0748577118, -1.52814507484, 8.93329334259, 24.8537425995, 1.17767179012], [-104.11277771, -9.89653587341, 15.2906570435, 8.87271881104, 37.7193946838, 34.7813262939, 111.795883179, 50.2092170715, 33.8551254272, 20.7510089874, -2.61324238777, 7.60665607452, 3.40880799294], [-209.423568726, -67.2409591675, 63.9462928772, -12.8908290863, 41.5447769165, 23.2952461243, 50.2092170715, 94.7007751465, 41.1921806335, 8.42720222473, 4.4707942009, 7.53731870651, 3.22568249702], [-68.6224441528, -17.324464798, 13.3905506134, 13.2710828781, 30.3773136139, 22.0748577118, 33.8551254272, 41.1921806335, 78.2276382446, 24.2055702209, -12.8768949509, 3.05333566666, -3.83354353905], [7.13309812546, -25.9432048798, -27.9233264923, 5.61092233658, 0.392383605242, -1.52814507484, 20.7510089874, 8.42720222473, 24.2055702209, 56.7487258911, 13.2621517181, -5.92008495331, 8.03926086426], [-58.2510948181, -15.5739994049, 34.889503479, -0.739519178867, -1.27736616135, 8.93329334259, -2.61324238777, 4.4707942009, -12.8768949509, 13.2621517181, 58.155796051, 27.3778686523, 0.900251448154], [-184.957626343, -20.3746414185, 95.1333007812, -4.27740478516, 31.9807243347, 24.8537425995, 7.60665607452, 7.53731870651, 3.05333566666, -5.92008495331, 27.3778686523, 69.1883010864, 15.1761445999], [52.7250289917, -18.1557636261, -31.7346401215, 13.5979452133, -9.63716030121, 1.17767179012, 3.40880799294, 3.22568249702, -3.83354353905, 8.03926086426, 0.900251448154, 15.1761445999, 57.3886146545]]
    },
    "sccoeffs": {
        "kurt": [0.72821855545, -0.747982263565, 1.53621101379, 1.49375581741, 7.25856876373, 4.79624986649],
        "max": [-0.315977782011, -0.374730348587, -0.47047457099, -0.535502910614, -0.54981648922, -0.651779055595],
        "mean": [-0.684581577778, -0.692978143692, -0.793862938881, -0.812728047371, -0.830905377865, -0.7424954772],
        "median": [-0.694404482841, -0.727923572063, -0.820478320122, -0.837455749512, -0.848455607891, -0.743288457394],
        "min": [-0.930177211761, -0.956546008587, -0.958410322666, -0.944861233234, -0.955781579018, -0.963758051395],
        "skew": [0.725866615772, 0.606214880943, 1.3099694252, 1.38307535648, 2.37213945389, -0.530128121376],
        "var": [0.0078572453931, 0.0159549713135, 0.00752535602078, 0.00493750534952, 0.00287961261347, 0.000778143119533],
        "cov": [[0.00786498654634, 0.00405881600454, 0.0014213998802, 0.000635864853393, 0.000237926185946, 0.000359995203326], [0.00405881600454, 0.0159706901759, 0.00414757290855, 0.00558221200481, 0.00294661778025, 0.000934883137234], [0.0014213998802, 0.00414757290855, 0.00753276981413, 0.00372982793488, 0.00331804109737, 0.000835457700305], [0.000635864853393, 0.00558221200481, 0.00372982793488, 0.00494236964732, 0.00306268734857, 0.000822297472041], [0.000237926185946, 0.00294661778025, 0.00331804109737, 0.00306268734857, 0.00288244965486, 0.000671510933898], [0.000359995203326, 0.000934883137234, 0.000835457700305, 0.000822297472041, 0.000671510933898, 0.000778909714427]]
    },
    "scvalleys": {
        "kurt": [43.9775314331, 56.4433631897, 78.0241470337, 70.2403182983, 65.8844528198, 26.2126216888],
        "max": [-5.47906446457, -5.53577327728, -6.52966165543, -7.13928222656, -7.37718439102, -10.596540451],
        "mean": [-7.02768754959, -7.0913901329, -7.70503997803, -8.27760601044, -8.64134216309, -12.0562515259],
        "median": [-6.94116973877, -7.0028591156, -7.62468385696, -8.19326782227, -8.60012817383, -11.9445266724],
        "min": [-16.9462471008, -18.0053367615, -18.6158542633, -19.4032611847, -19.9914112091, -20.6880073547],
        "skew": [-4.02834558487, -5.01384019852, -6.39735651016, -6.14825248718, -5.80780410767, -3.44072318077],
        "var": [0.486004978418, 0.541160941124, 0.455614745617, 0.514139175415, 0.546165943146, 0.543136000633],
        "cov": [[0.486483812332, 0.323333770037, 0.314450025558, 0.334834307432, 0.347943633795, 0.327976256609], [0.323333770037, 0.541694104671, 0.407512277365, 0.449990928173, 0.460228353739, 0.420928835869], [0.314450025558, 0.407512277365, 0.456063628197, 0.424879431725, 0.430395364761, 0.380511522293], [0.334834307432, 0.449990928173, 0.424879431725, 0.514645755291, 0.497341901064, 0.446561545134], [0.347943633795, 0.460228353739, 0.430395364761, 0.497341901064, 0.546704053879, 0.485966771841], [0.327976256609, 0.420928835869, 0.380511522293, 0.446561545134, 0.485966771841, 0.543671131134]]
    }
},
"rhythm": {
    "beats_loudness": {
        "kurt": -0.304038524628,
        "max": 0.0164907835424,
        "mean": 0.00477771041915,
        "median": 0.00228046183474,
        "min": 4.72174178867e-05,
        "skew": 0.918454825878,
        "var": 2.26864813158e-05
    },
    "bpm": 111.568641663,
    "confidence": 0.868541538715,
    "first_peak_bpm": {
        "kurt": 0,
        "max": 112,
        "mean": 112,
        "median": 112,
        "min": 112,
        "skew": 0,
        "var": 0
    },
    "first_peak_spread": {
        "kurt": 0,
        "max": 0.242424309254,
        "mean": 0.242424309254,
        "median": 0.242424309254,
        "min": 0.242424309254,
        "skew": 0,
        "var": 0
    },
    "first_peak_weight": {
        "kurt": 0,
        "max": 0.595238089561,
        "mean": 0.595238089561,
        "median": 0.595238089561,
        "min": 0.595238089561,
        "skew": 0,
        "var": 0
    },
    "onset_rate": 1.69863152504,
    "second_peak_bpm": {
        "kurt": 0,
        "max": 117,
        "mean": 117,
        "median": 117,
        "min": 117,
        "skew": 0,
        "var": 0
    },
    "second_peak_spread": {
        "kurt": 0,
        "max": 0.166666686535,
        "mean": 0.166666686535,
        "median": 0.166666686535,
        "min": 0.166666686535,
        "skew": 0,
        "var": 0
    },
    "second_peak_weight": {
        "kurt": 0,
        "max": 0.119047619402,
        "mean": 0.119047619402,
        "median": 0.119047619402,
        "min": 0.119047619402,
        "skew": 0,
        "var": 0
    },
    "beats_loudness_band_ratio": {
        "kurt": [-0.135307312012, -1.04813706875, -0.543085813522, 2.27188539505, 8.91324615479, 22.4349937439],
        "max": [0.766447663307, 0.926703155041, 0.555850923061, 0.277082413435, 0.268146961927, 0.402862250805],
        "mean": [0.198439136147, 0.492838382721, 0.202341064811, 0.0744153484702, 0.0407281629741, 0.032039616257],
        "median": [0.0802436769009, 0.499868750572, 0.152699306607, 0.0587036944926, 0.0236026141793, 0.0120729887858],
        "min": [0.00290626916103, 0.0172872841358, 0.0234041940421, 0.00542088039219, 0.0022703949362, 0.0012057365384],
        "skew": [1.07539224625, -0.0188735574484, 0.803255915642, 1.4207290411, 2.91005039215, 4.54877710342],
        "var": [0.0519398599863, 0.0643593147397, 0.021188955754, 0.00357175641693, 0.00266815139912, 0.00418411241844],
        "cov": [[0.0531765222549, -0.0271208677441, -0.010745478794, -0.000913445372134, -0.00237807421945, -0.0025729436893], [-0.0271208677441, 0.0658916831017, -0.0173348002136, -0.00916369445622, -0.00727641582489, -0.00733050843701], [-0.010745478794, -0.0173348002136, 0.0216934531927, 0.00251805828884, 0.00171951332595, 2.24409432121e-05], [-0.000913445372134, -0.00916369445622, 0.00251805828884, 0.00365679827519, 0.00190280319657, 0.00236352952197], [-0.00237807421945, -0.00727641582489, 0.00171951332595, 0.00190280319657, 0.00273167900741, 0.00272479467094], [-0.0025729436893, -0.00733050843701, 2.24409432121e-05, 0.00236352952197, 0.00272479467094, 0.0042837341316]]
    },
    "beats_position": [0.557278871536, 1.09133780003, 1.60217678547, 2.13623571396, 2.67029476166, 3.20435357094, 3.76163268089, 4.3073015213, 4.80653047562, 5.34058952332, 5.87464857101, 6.40870714188, 6.94276618958, 7.47682523727, 8.03410434723, 8.59138298035, 9.12544155121, 9.65950107574, 10.1935596466, 10.7043991089, 11.2152376175, 11.749297142, 12.2833557129, 12.7709751129, 13.2818136215, 13.8158731461, 14.3499317169, 14.8956003189, 15.4644899368, 16.0217685699, 16.5558280945, 17.0898857117, 17.600725174, 18.1347846985, 18.6688423157, 19.2029018402, 19.7369613647, 20.3058490753, 20.8282985687, 21.3855781555, 21.9196376801, 22.4536952972, 22.9877548218],
    "bpm_estimates": [112.34715271, 112.34715271, 112.347129822, 112.347175598, 107.665977478, 109.956802368, 112.347129822, 112.347129822, 112.347229004, 112.347129822, 112.347129822, 107.665977478, 107.666069031, 112.347229004, 112.34703064, 112.347229004, 112.34703064, 112.347229004, 112.34703064, 112.347229004, 109.956848145, 107.666069031, 112.34703064, 112.347427368, 112.34703064, 112.347427368, 112.34703064, 112.34703064, 114.843635559, 107.665885925, 112.34703064, 112.347427368, 112.34703064],
    "bpm_intervals": [0.53405892849, 0.510838985443, 0.53405892849, 0.534059047699, 0.53405880928, 0.557279109955, 0.545668840408, 0.499228954315, 0.534059047699, 0.534059047699, 0.534058570862, 0.534059047699, 0.534059047699, 0.557279109955, 0.557278633118, 0.534058570862, 0.534059524536, 0.534058570862, 0.51083946228, 0.510838508606, 0.534059524536, 0.534058570862, 0.487619400024, 0.510838508606, 0.534059524536, 0.534058570862, 0.54566860199, 0.56888961792, 0.557278633118, 0.534059524536, 0.534057617188, 0.51083946228, 0.534059524536, 0.534057617188, 0.534059524536, 0.534059524536, 0.568887710571, 0.522449493408, 0.557279586792, 0.534059524536, 0.534057617188, 0.534059524536],
    "onset_times": [0.0116099771112, 0.812698423862, 1.38158726692, 1.62539684772, 2.4497051239, 3.43655323982, 3.76163268089, 4.55111122131, 5.02712011337, 5.36380958557, 6.17650794983, 7.47682523727, 8.3011341095, 9.13705253601, 9.93814086914, 10.2167797089, 10.4373693466, 10.6811790466, 10.8204984665, 11.1804084778, 12.782585144, 13.0263948441, 13.3050336838, 13.5372333527, 14.117732048, 14.6285715103, 14.8839912415, 15.9869384766, 16.1726989746, 16.3468475342, 16.5790481567, 18.6920642853, 19.2145118713, 19.5976409912, 19.6556911469, 20.7005901337, 22.221496582, 22.3143768311, 22.4072570801, 22.6742858887],
    "histogram": [[0, 0, 0, 0, 0, 0, 0, 0, 0, 0, 0, 0, 0, 0, 0, 0, 0, 0, 0, 0, 0, 0, 0, 0, 0, 0, 0, 0, 0, 0, 0, 0, 0, 0, 0, 0, 0, 0, 0, 0, 0, 0, 0, 0, 0, 0, 0, 0, 0, 0, 0, 0, 0, 0, 0, 0, 0, 0, 0, 0, 0, 0, 0, 0, 0, 0, 0, 0, 0, 0, 0, 0, 0, 0, 0, 0, 0, 0, 0, 0, 0, 0, 0, 0, 0, 0, 0, 0, 0, 0, 0, 0, 0, 0, 0, 0, 0, 0, 0, 0, 0, 0, 0, 0, 0, 0.047619048506, 0, 0, 0.119047619402, 0, 0.047619048506, 0, 0.595238089561, 0, 0, 0.023809524253, 0, 0.119047619402, 0, 0, 0.023809524253, 0, 0, 0.023809524253, 0, 0, 0, 0, 0, 0, 0, 0, 0, 0, 0, 0, 0, 0, 0, 0, 0, 0, 0, 0, 0, 0, 0, 0, 0, 0, 0, 0, 0, 0, 0, 0, 0, 0, 0, 0, 0, 0, 0, 0, 0, 0, 0, 0, 0, 0, 0, 0, 0, 0, 0, 0, 0, 0, 0, 0, 0, 0, 0, 0, 0, 0, 0, 0, 0, 0, 0, 0, 0, 0, 0, 0, 0, 0, 0, 0, 0, 0, 0, 0, 0, 0, 0, 0, 0, 0, 0, 0, 0, 0, 0, 0, 0, 0, 0, 0, 0, 0, 0, 0, 0, 0, 0, 0, 0, 0, 0, 0, 0, 0, 0, 0, 0, 0, 0, 0, 0, 0, 0, 0, 0, 0, 0, 0, 0, 0]]
},
"sfx": {
    "inharmonicity": {
        "kurt": 3.92708301544,
        "max": 0.432342201471,
        "mean": 0.0548736937344,
        "median": 0.0254178382456,
        "min": 0,
        "skew": 1.94361662865,
        "var": 0.00507277995348
    },
    "oddtoevenharmonicenergyratio": {
        "kurt": 121.748916626,
        "max": 26.3337974548,
        "mean": 0.718833506107,
        "median": 0.316714704037,
        "min": 0,
        "skew": 9.41467380524,
        "var": 2.55737161636
    },
    "pitch_after_max_to_before_max_energy_ratio": 0.215679988265,
    "pitch_centroid": 474.52822876,
    "pitch_max_to_total": 0.949803173542,
    "pitch_min_to_total": 0.490157485008,
    "tristimulus": {
        "kurt": [-0.230804204941, 0.807256937027, 1.22569036484],
        "max": [1, 0.883094131947, 1],
        "mean": [0.337276548147, 0.345900505781, 0.316823273897],
        "median": [0.336062908173, 0.33380022645, 0.308172821999],
        "min": [0, 0, 0],
        "skew": [0.0211951043457, 0.583131492138, 0.754977226257],
        "var": [0.0293012112379, 0.0160979758948, 0.0181452762336],
        "cov": [[0.0293300803751, -0.0136403581128, -0.0156896859407], [-0.0136403581128, 0.0161138363183, -0.00247347611003], [-0.0156896859407, -0.00247347611003, 0.0181631539017]]
    }
},
"tonal": {
    "chords_changes_rate": 0.149312376976,
    "chords_number_rate": 0.0294695477933,
    "chords_strength": {
        "kurt": -0.660901546478,
        "max": 0.618491947651,
        "mean": 0.397376656532,
        "median": 0.38389223814,
