{
"metadata": {
    "version": {
        "essentia": "2.1-beta3"
    }
},
"lowLevel": {
    "average_loudness": 0.96231263876,
    "barkbands_kurtosis": {
        "kurt": 112.765556335,
        "max": 145.829116821,
        "mean": 1.89304304123,
        "median": 0.202425956726,
        "min": -1.62580537796,
        "skew": 10.2345600128,
        "var": 139.824111938
    },
    "barkbands_skewness": {
        "kurt": 26.4410572052,
        "max": 1.08611214161,
        "mean": -1.09007632732,
        "median": -1.02050244808,
        "min": -8.77582168579,
        "skew": -3.79174423218,
        "var": 0.753021717072
    },
    "barkbands_spread": {
        "kurt": 4.21985197067,
        "max": 47.1953277588,
        "mean": 16.4276580811,
        "median": 16.63879776,
        "min": 0.618374228477,
        "skew": 1.30288529396,
        "var": 49.3296318054
    },
    "dissonance": {
        "kurt": 0.438749313354,
        "max": 0.499984174967,
        "mean": 0.485496044159,
        "median": 0.48692470789,
        "min": 0.443964421749,
        "skew": -0.800859451294,
        "var": 9.62647463894e-05
    },
    "hfc": {
        "kurt": -0.935443639755,
        "max": 50.7910766602,
        "mean": 24.9060192108,
        "median": 29.9055919647,
        "min": 4.75912809161e-10,
        "skew": -0.603051424026,
        "var": 191.745819092
    },
    "pitch": {
        "kurt": 0.154753923416,
        "max": 4121.07470703,
        "mean": 1078.84814453,
        "median": 320.106384277,
        "min": 44.2054977417,
        "skew": 1.41735911369,
        "var": 1941317.25
    },
    "pitch_instantaneous_confidence": {
        "kurt": 4.99528312683,
        "max": 0.993947148323,
        "mean": 0.439038127661,
        "median": 0.421430468559,
        "min": 0.184064984322,
        "skew": 1.75361645222,
        "var": 0.0192176122218
    },
    "pitch_salience": {
        "kurt": 15.2980995178,
        "max": 0.875102996826,
        "mean": 0.692634999752,
        "median": 0.702781558037,
        "min": 0.129656225443,
        "skew": -3.29143619537,
        "var": 0.00847261305898
    },
    "silence_rate_20dB": {
        "kurt": 0,
        "max": 1,
        "mean": 1,
        "median": 1,
        "min": 1,
        "skew": 0,
        "var": 0
    },
    "silence_rate_30dB": {
        "kurt": 0,
        "max": 1,
        "mean": 1,
        "median": 1,
        "min": 1,
        "skew": 0,
        "var": 0
    },
    "silence_rate_60dB": {
        "kurt": -0.227392911911,
        "max": 1,
        "mean": 0.222929939628,
        "median": 0,
        "min": 0,
        "skew": 1.33139491081,
        "var": 0.173232063651
    },
    "spectral_centroid": {
        "kurt": 6.44765663147,
        "max": 4039.52294922,
        "mean": 3109.4909668,
        "median": 3194.91455078,
        "min": 1013.36535645,
        "skew": -2.23546028137,
        "var": 216701.203125
    },
    "spectral_complexity": {
        "kurt": -0.573329210281,
        "max": 44,
        "mean": 25.0063686371,
        "median": 31,
        "min": 0,
        "skew": -0.940597474575,
        "var": 166.229293823
    },
    "spectral_crest": {
        "kurt": 10.8124685287,
        "max": 26.3783473969,
        "mean": 7.40592432022,
        "median": 6.41487979889,
        "min": 3.37578845024,
        "skew": 3.05623316765,
        "var": 14.9874505997
    },
    "spectral_decrease": {
        "kurt": -0.915457963943,
        "max": -1.12994112446e-19,
        "mean": -1.46552403546e-09,
        "median": -1.80992532073e-09,
        "min": -2.70442934713e-09,
        "skew": 0.737501680851,
        "var": 6.41045070695e-19
    },
    "spectral_energy": {
        "kurt": -0.918332338333,
        "max": 0.0148140583187,
        "mean": 0.00779028236866,
        "median": 0.00962975155562,
        "min": 4.69632362513e-13,
        "skew": -0.709774136543,
        "var": 1.82111980394e-05
    },
    "spectral_energyband_high": {
        "kurt": -0.742081403732,
        "max": 0.00543191004544,
        "mean": 0.00209733238444,
        "median": 0.00241411337629,
        "min": 4.01217755308e-14,
        "skew": -0.314046055079,
        "var": 1.56901387527e-06
    },
    "spectral_energyband_low": {
        "kurt": 6.79351615906,
        "max": 2.25026610678e-06,
        "mean": 3.05159630898e-07,
        "median": 1.69840063791e-07,
        "min": 1.91184443494e-13,
        "skew": 2.48898625374,
        "var": 1.57060833523e-13
    },
    "spectral_energyband_middle_high": {
        "kurt": -0.841012954712,
        "max": 0.00968412868679,
        "mean": 0.00506854942068,
        "median": 0.0058892769739,
        "min": 8.57116366272e-14,
        "skew": -0.641331970692,
        "var": 7.46957994124e-06
    },
    "spectral_energyband_middle_low": {
        "kurt": -1.44952070713,
        "max": 0.00152160262223,
        "mean": 0.000651195005048,
        "median": 0.00087168731261,
        "min": 2.22348289954e-13,
        "skew": -0.400616556406,
        "var": 2.11315978049e-07
    },
    "spectral_flatness_db": {
        "kurt": 6.82041740417,
        "max": 0.407047212124,
        "mean": 0.208009853959,
        "median": 0.207204699516,
        "min": 0.09231839329,
        "skew": 0.436370790005,
        "var": 0.00126555911265
    },
    "spectral_flux": {
        "kurt": 0.778463125229,
        "max": 0.0895764827728,
        "mean": 0.0474417097867,
        "median": 0.052886672318,
        "min": 2.26219162869e-06,
        "skew": -1.19798076153,
        "var": 0.000374138180632
    },
    "spectral_kurtosis": {
        "kurt": 5.884100914,
        "max": 9.1658706665,
        "mean": 2.11648106575,
        "median": 1.59260439873,
        "min": 0.854169845581,
        "skew": 2.33182120323,
        "var": 1.72771382332
    },
    "spectral_rms": {
        "kurt": 0.152466773987,
        "max": 0.00380167597905,
        "mean": 0.00253548845649,
        "median": 0.0030651059933,
        "min": 2.1405091033e-08,
        "skew": -1.22443330288,
        "var": 1.1715663959e-06
    },
    "spectral_rolloff": {
        "kurt": 6.91261482239,
        "max": 5167.96875,
        "mean": 4480.75732422,
        "median": 4629.63867188,
        "min": 1593.45703125,
        "skew": -2.14632987976,
        "var": 218523.6875
    },
    "spectral_skewness": {
        "kurt": 9.53866863251,
        "max": 2.52258276939,
        "mean": 1.20919668674,
        "median": 1.15276181698,
        "min": 0.888729095459,
        "skew": 2.59647607803,
        "var": 0.0389885380864
    },
    "spectral_spread": {
        "kurt": 0.00421595573425,
        "max": 8125683.5,
        "mean": 6244112.5,
        "median": 6649837.5,
        "min": 2928407.25,
        "skew": -1.03011989594,
        "var": 1.33675352064e+12
    },
    "spectral_strongpeak": {
        "kurt": -1.13402462006,
        "max": 8.58245754242,
        "mean": 3.24947857857,
        "median": 3.23373770714,
        "min": 8.95860125638e-07,
        "skew": 0.201510727406,
        "var": 5.08626127243
    },
    "zerocrossingrate": {
        "kurt": 12.5057468414,
        "max": 0.29833984375,
        "mean": 0.155362069607,
        "median": 0.1591796875,
        "min": 0.0517578125,
        "skew": -0.630381882191,
        "var": 0.000392012269003
    },
    "barkbands": {
        "kurt": [21.8802852631, 15.615858078, 16.0160923004, 24.975233078, 29.5186805725, -1.38467001915, 37.7045593262, 18.2733325958, -1.62732791901, 26.2871246338, -1.26682698727, 10.2300052643, 1.81500864029, 32.1513137817, 11.6805267334, 11.2812929153, 2.38240385056, -1.07243907452, 2.55789422989, -0.637609243393, -0.291462182999, -1.07699072361, -0.714797019958, -0.890413999557, -0.667397260666, -0.797264575958, 29.8827934265],
        "max": [3.57447538235e-09, 4.25938111448e-08, 1.257968961e-06, 8.1496709754e-06, 0.000643370498437, 0.00048689416144, 0.000222786955419, 0.000661680940539, 0.00118528015446, 0.000904408283532, 0.00134921295103, 0.00171368347947, 0.00108423270285, 0.00189530162606, 0.00103733921424, 0.00160236295778, 0.00329956458881, 0.00232615601271, 0.00356276263483, 0.00512575451285, 0.00282496609725, 0.0010668928735, 0.000405763596063, 0.000142729084473, 0.000146879538079, 5.56088980375e-06, 3.29595337689e-08],
        "mean": [2.13878567634e-10, 4.0059746631e-09, 1.1013282375e-07, 5.37689118119e-07, 2.12777467823e-05, 0.000154411434778, 1.05440940388e-05, 4.23785058956e-05, 0.000411369517678, 4.41042830062e-05, 0.000422191602411, 0.000241792746237, 0.000232354854234, 0.000157156202476, 0.000143892364576, 0.000205120682949, 0.000649359601084, 0.000826077302918, 0.000986419152468, 0.0017377337208, 0.000872438133229, 0.000400376797188, 0.000138394680107, 4.41403826699e-05, 4.6185527026e-05, 1.90859009308e-06, 3.06099523506e-09],
        "median": [5.33389443724e-11, 2.06900629962e-09, 5.95403903958e-08, 2.40704707721e-07, 2.51532583206e-06, 0.00021499482682, 4.91043920192e-06, 1.41177879414e-05, 0.000577112659812, 1.6800389858e-05, 0.000447746249847, 0.000185245051398, 0.000216388463741, 0.000111434346763, 0.0001382791379, 0.000185359589523, 0.000610805233009, 0.000790992577095, 0.00098390399944, 0.00172679359093, 0.000906010856852, 0.000464527634904, 0.000155893911142, 4.9471444072e-05, 4.88103032694e-05, 2.08875007957e-06, 2.84110779347e-09],
        "min": [3.0797750694e-17, 1.05943645377e-14, 1.11240220323e-13, 1.07843760506e-13, 5.61487434238e-14, 1.40223678616e-14, 1.42182848882e-14, 2.05834766007e-14, 9.31400562823e-15, 2.10237876201e-15, 3.79277594506e-15, 4.40253590555e-15, 2.18499221469e-15, 2.52526271378e-15, 3.71477479853e-15, 2.0238190396e-14, 1.56423810536e-14, 1.40108151792e-14, 9.51681919712e-15, 2.02511703289e-14, 2.06043119171e-14, 3.42700107218e-15, 8.6973231851e-16, 1.14166414647e-15, 7.51013292354e-16, 4.67299408147e-17, 9.10908557939e-19],
        "skew": [4.03267526627, 3.4861035347, 3.0762052536, 4.52702283859, 5.41576480865, -0.0698690265417, 5.85847091675, 4.14037799835, -0.146041885018, 4.90326929092, 0.183643355966, 2.75564861298, 1.06366527081, 4.97102022171, 2.03988242149, 2.21061110497, 1.02409744263, 0.265302240849, 0.754253387451, 0.267604589462, 0.229051828384, -0.0196168813854, -0.0424543730915, 0.0286136735231, 0.255428671837, 0.117950819433, 4.12981891632],
        "var": [1.747238486e-19, 3.41402651266e-17, 1.96316402669e-14, 1.02482074476e-12, 8.00084798414e-09, 1.69253500104e-08, 6.60102639216e-10, 9.86771375722e-09, 1.1468764427e-07, 1.15089422437e-08, 1.24153373804e-07, 6.77029277085e-08, 3.32605338826e-08, 4.57527171704e-08, 1.29878046096e-08, 3.27239675357e-08, 2.47496473094e-07, 3.88096879078e-07, 3.54185090146e-07, 1.43040472267e-06, 3.33603679792e-07, 7.77937358976e-08, 8.0671531677e-09, 9.59352042251e-10, 1.20978582707e-09, 1.90885371745e-12, 1.09878379504e-17],
        "cov": [[1.75282066267e-19, 5.88332882763e-19, 4.2149612634e-18, 2.33763867406e-18, 1.37898480002e-14, 1.94528282236e-14, -6.75309722693e-17, 1.92897642168e-14, 1.57823024262e-14, 2.05891483333e-14, 2.29293004668e-14, 1.47431098905e-14, 1.01163499642e-14, 3.48986256356e-15, 7.79141308356e-15, 2.11525404397e-14, 5.44920926687e-14, 4.74955361499e-14, 7.03641314594e-14, 8.44748397752e-14, 5.3531492932e-14, 2.41368238601e-14, 1.04957377154e-14, 3.66237522283e-15, 3.28414430694e-15, 1.72007258532e-16, 2.82603955683e-19], [5.88332882763e-19, 3.42493404709e-17, 2.57044032775e-16, -1.02840751668e-16, 9.5256857686e-14, 1.27718101123e-14, -2.69569527189e-15, 1.07287768079e-13, -2.11889682774e-13, 9.41153960863e-14, -9.09730258247e-14, 4.73065122773e-14, 1.37381547653e-13, 4.7113327779e-14, 3.68707377184e-14, 8.81545474097e-14, 1.69961023337e-13, -2.65851353247e-14, 7.20136623944e-13, 2.00221363469e-13, 1.00679691363e-13, -5.11813085403e-14, 1.42183170755e-14, -4.20339253042e-15, -2.65180202456e-15, 2.00565794911e-16, 8.67619714942e-19], [4.2149612634e-18, 2.57044032775e-16, 1.96943613625e-14, 2.7639845504e-14, -1.14656290647e-13, 2.20812214e-12, 8.28294464267e-13, -6.09383583091e-13, 5.62471640445e-12, -2.48842938443e-13, 6.24290029394e-12, 3.11913711006e-12, 6.81572159822e-12, -2.036518198e-13, 2.6848456184e-12, 3.89110488622e-12, 1.05418538482e-11, 1.67747152974e-11, 2.77587310776e-11, 4.50562469279e-11, 1.72012491056e-11, 9.30886531053e-12, 2.32138245258e-12, 8.6973825494e-13, 1.00888156336e-12, 2.44615932328e-14, 5.77478343727e-17], [2.33763867406e-18, -1.02840751668e-16, 2.7639845504e-14, 1.0280949269e-12, 2.12597595642e-14, -1.09268948056e-11, 9.42547515731e-12, 2.11736930072e-11, -2.38457517621e-11, -2.49442637769e-13, 3.40737225761e-12, 1.01654906715e-10, 3.73386772889e-11, 1.43337536285e-10, 8.06018619903e-12, 1.60487278306e-13, 4.28487523241e-11, 2.19153584169e-11, 8.04466562809e-11, 1.18714815756e-10, 6.72229910625e-11, 5.6781211677e-12, 6.33177928491e-12, 1.2410548934e-12, 7.8837115872e-13, 3.22308640281e-14, 1.29517068342e-16], [1.37898480002e-14, 9.5256857686e-14, -1.14656290647e-13, 2.12597595642e-14, 8.02640975905e-09, 6.09187367218e-10, -9.62046484143e-11, 5.68142999313e-09, -6.42498365622e-09, 6.95904756043e-09, -3.68942232321e-09, 5.82041703723e-09, 2.94495294817e-09, 1.44797351886e-09, 1.18500453894e-09, 6.01362959429e-09, 1.69220637503e-08, -5.99254512679e-09, 7.34901650645e-09, -4.11456868576e-09, 4.99543473254e-09, 3.41628142442e-10, 5.14604026058e-10, 2.88460838549e-10, 5.19798223561e-12, 2.07757890752e-11, 2.34734022449e-14], [1.94528282236e-14, 1.27718101123e-14, 2.20812214e-12, -1.09268948056e-11, 6.09187367218e-10, 1.6979424089e-08, -4.96493957058e-10, 2.88205148635e-09, 3.43532597924e-08, 2.90646084977e-09, 3.1978991899e-08, 1.0851226584e-09, 7.30224725132e-09, -2.29568763999e-09, 6.02338001698e-09, 1.03573691845e-08, 3.58449376847e-08, 6.11410868601e-08, 4.26553192767e-08, 1.05501840153e-07, 4.96428285146e-08, 2.80842264999e-08, 9.27786558691e-09, 3.19018700345e-09, 3.43486727949e-09, 1.43316775114e-10, 2.48570424227e-13], [-6.75309722693e-17, -2.69569527189e-15, 8.28294464267e-13, 9.42547515731e-12, -9.62046484143e-11, -4.96493957058e-10, 6.62211563363e-10, -6.9574616901e-11, -7.92828191987e-10, -5.08450920256e-11, -4.85434026309e-10, -5.30822122369e-11, 1.58930746341e-09, 1.60766822077e-09, 1.89652932248e-10, -8.42803171003e-12, 5.13725798013e-11, -1.23405008434e-09, 1.84914106249e-09, -4.37603259185e-10, 4.50887549519e-10, -3.44329342816e-10, -3.71130313981e-11, -3.49534741428e-11, -3.92776089431e-11, -1.63712001854e-12, -2.96890172562e-15], [1.92897642168e-14, 1.07287768079e-13, -6.09383583091e-13, 2.11736930072e-11, 5.68142999313e-09, 2.88205148635e-09, -6.9574616901e-11, 9.8992405384e-09, -6.58146470656e-09, 9.03490704474e-09, -4.36434621776e-09, 1.05988711141e-08, 1.51741508247e-09, 4.68736560677e-09, 1.16666221128e-09, 3.97179444889e-09, 1.10643920692e-08, -5.11050890495e-09, 2.09610071522e-08, -3.68014529961e-09, 8.27710433526e-09, -3.31948191157e-10, 1.58494883884e-09, 3.59025836838e-10, 2.13308315455e-10, 2.52013531571e-11, 3.90020996185e-14], [1.57823024262e-14, -2.11889682774e-13, 5.62471640445e-12, -2.38457517621e-11, -6.42498365622e-09, 3.43532597924e-08, -7.92828191987e-10, -6.58146470656e-09, 1.15054056948e-07, -5.76128078578e-09, 9.91782442838e-08, 3.33523142437e-09, 2.34458070736e-08, -2.77610578969e-09, 1.91275457695e-08, 2.64121382543e-08, 8.18922316626e-08, 1.64632609767e-07, 7.49757660401e-08, 2.80973779354e-07, 1.29244071445e-07, 7.72781021396e-08, 2.27007053155e-08, 8.14564238283e-09, 9.1986924744e-09, 3.37021577312e-10, 5.98256958296e-13], [2.05891483333e-14, 9.41153960863e-14, -2.48842938443e-13, -2.49442637769e-13, 6.95904756043e-09, 2.90646084977e-09, -5.08450920256e-11, 9.03490704474e-09, -5.76128078578e-09, 1.15457119421e-08, -4.31230118281e-09, 8.36787794611e-09, 2.67215383154e-09, 2.05506855977e-09, 2.2338242367e-09, 7.67916574773e-09, 1.54817207942e-08, -4.88824758449e-09, 2.47177318613e-08, -6.86502055203e-09, 9.56413437336e-09, 8.15203071713e-10, 1.73146630367e-09, 5.62187796316e-10, 2.69035016487e-10, 2.51724145001e-11, 4.94575761638e-14], [2.29293004668e-14, -9.09730258247e-14, 6.24290029394e-12, 3.40737225761e-12, -3.68942232321e-09, 3.1978991899e-08, -4.85434026309e-10, -4.36434621776e-09, 9.91782442838e-08, -4.31230118281e-09, 1.24550027181e-07, 7.02869495939e-09, 2.39607622632e-08, 4.97093610718e-09, 1.65511657713e-08, 3.13142791697e-08, 8.27614172749e-08, 1.51701186724e-07, 7.50229460778e-08, 2.58477740545e-07, 1.32882448156e-07, 7.25442532712e-08, 2.15081943367e-08, 8.07620015308e-09, 9.13521969181e-09, 3.28304577968e-10, 5.74642601298e-13], [1.47431098905e-14, 4.73065122773e-14, 3.11913711006e-12, 1.01654906715e-10, 5.82041703723e-09, 1.0851226584e-09, -5.30822122369e-11, 1.05988711141e-08, 3.33523142437e-09, 8.36787794611e-09, 7.02869495939e-09, 6.79192311281e-08, 1.55870125695e-08, 1.44165213101e-08, 7.96041987883e-09, 1.55577080108e-08, 3.40443655489e-08, 1.43575844547e-08, 4.44916281594e-08, 5.0385054351e-08, 4.09529405943e-08, 9.25506959959e-09, 5.59632118424e-09, 1.67313041199e-09, 1.90261850719e-09, 9.70985583604e-11, 1.33939436148e-13], [1.01163499642e-14, 1.37381547653e-13, 6.81572159822e-12, 3.73386772889e-11, 2.94495294817e-09, 7.30224725132e-09, 1.58930746341e-09, 1.51741508247e-09, 2.34458070736e-08, 2.67215383154e-09, 2.39607622632e-08, 1.55870125695e-08, 3.33667991015e-08, 7.55885487536e-09, 8.76959305174e-09, 1.53938000125e-08, 4.07496827393e-08, 3.26057332245e-08, 4.01903790248e-08, 8.59661568597e-08, 4.76301948993e-08, 2.20051568078e-08, 6.65493926633e-09, 2.5669419923e-09, 2.92355717413e-09, 1.17312368153e-10, 2.00486437348e-13], [3.48986256356e-15, 4.7113327779e-14, -2.036518198e-13, 1.43337536285e-10, 1.44797351886e-09, -2.29568763999e-09, 1.60766822077e-09, 4.68736560677e-09, -2.77610578969e-09, 2.05506855977e-09, 4.97093610718e-09, 1.44165213101e-08, 7.55885487536e-09, 4.5898890022e-08, 3.02720581935e-09, 5.52250822849e-09, 2.0114606869e-08, 1.88219190234e-10, 2.07855972434e-08, 1.35787381339e-08, 2.37556694316e-08, 1.8574101146e-09, 1.89175630716e-09, 3.61960267314e-10, 3.15861475864e-10, 2.1823591545e-11, 5.79377922049e-14], [7.79141308356e-15, 3.68707377184e-14, 2.6848456184e-12, 8.06018619903e-12, 1.18500453894e-09, 6.02338001698e-09, 1.89652932248e-10, 1.16666221128e-09, 1.91275457695e-08, 2.2338242367e-09, 1.65511657713e-08, 7.96041987883e-09, 8.76959305174e-09, 3.02720581935e-09, 1.30292994172e-08, 9.88090409493e-09, 2.27175274148e-08, 3.00842408762e-08, 2.84938526107e-08, 6.59250147805e-08, 3.57863534362e-08, 1.63385820429e-08, 5.79881254126e-09, 1.86596005314e-09, 2.14147855004e-09, 8.42780498167e-11, 1.22833262116e-13], [2.11525404397e-14, 8.81545474097e-14, 3.89110488622e-12, 1.60487278306e-13, 6.01362959429e-09, 1.03573691845e-08, -8.42803171003e-12, 3.97179444889e-09, 2.64121382543e-08, 7.67916574773e-09, 3.13142791697e-08, 1.55577080108e-08, 1.53938000125e-08, 5.52250822849e-09, 9.88090409493e-09, 3.28285167939e-08, 5.50094370055e-08, 5.08032584889e-08, 4.402676268e-08, 8.37501872297e-08, 5.41152083144e-08, 2.41947653024e-08, 8.61790905304e-09, 3.38191541438e-09, 3.29722893433e-09, 1.45329137613e-10, 2.5251738092e-13], [5.44920926687e-14, 1.69961023337e-13, 1.05418538482e-11, 4.28487523241e-11, 1.69220637503e-08, 3.58449376847e-08, 5.13725798013e-11, 1.10643920692e-08, 8.18922316626e-08, 1.54817207942e-08, 8.27614172749e-08, 3.40443655489e-08, 4.07496827393e-08, 2.0114606869e-08, 2.27175274148e-08, 5.50094370055e-08, 2.48287193472e-07, 1.63128049735e-07, 1.29150777184e-07, 3.21471276266e-07, 1.70906758967e-07, 8.4997090255e-08, 2.62491681724e-08, 9.98321869616e-09, 1.03608019941e-08, 4.25915885893e-10, 7.14145268529e-13], [4.74955361499e-14, -2.65851353247e-14, 1.67747152974e-11, 2.19153584169e-11, -5.99254512679e-09, 6.11410868601e-08, -1.23405008434e-09, -5.11050890495e-09, 1.64632609767e-07, -4.88824758449e-09, 1.51701186724e-07, 1.43575844547e-08, 3.26057332245e-08, 1.88219190234e-10, 3.00842408762e-08, 5.08032584889e-08, 1.63128049735e-07, 3.89336804574e-07, 1.67528568795e-07, 5.21255344665e-07, 2.3599524468e-07, 1.32486093207e-07, 4.24313917335e-08, 1.48872256744e-08, 1.49285543927e-08, 6.10269668133e-10, 1.04766033088e-12], [7.03641314594e-14, 7.20136623944e-13, 2.77587310776e-11, 8.04466562809e-11, 7.34901650645e-09, 4.26553192767e-08, 1.84914106249e-09, 2.09610071522e-08, 7.49757660401e-08, 2.47177318613e-08, 7.50229460778e-08, 4.44916281594e-08, 4.01903790248e-08, 2.07855972434e-08, 2.84938526107e-08, 4.402676268e-08, 1.29150777184e-07, 1.67528568795e-07, 3.55316672085e-07, 3.31020856947e-07, 2.0633189024e-07, 8.5548904849e-08, 3.18142063804e-08, 1.02187067696e-08, 1.07973203711e-08, 4.22914980813e-10, 6.81751259179e-13], [8.44748397752e-14, 2.00221363469e-13, 4.50562469279e-11, 1.18714815756e-10, -4.11456868576e-09, 1.05501840153e-07, -4.37603259185e-10, -3.68014529961e-09, 2.80973779354e-07, -6.86502055203e-09, 2.58477740545e-07, 5.0385054351e-08, 8.59661568597e-08, 1.35787381339e-08, 6.59250147805e-08, 8.37501872297e-08, 3.21471276266e-07, 5.21255344665e-07, 3.31020856947e-07, 1.43497470617e-06, 4.16336092712e-07, 2.65225565954e-07, 8.20650640776e-08, 2.47599327707e-08, 2.87325683246e-08, 1.09682118943e-09, 1.61917289472e-12], [5.3531492932e-14, 1.00679691363e-13, 1.72012491056e-11, 6.72229910625e-11, 4.99543473254e-09, 4.96428285146e-08, 4.50887549519e-10, 8.27710433526e-09, 1.29244071445e-07, 9.56413437336e-09, 1.32882448156e-07, 4.09529405943e-08, 4.76301948993e-08, 2.37556694316e-08, 3.57863534362e-08, 5.41152083144e-08, 1.70906758967e-07, 2.3599524468e-07, 2.0633189024e-07, 4.16336092712e-07, 3.34669493895e-07, 1.15365338615e-07, 3.57728531242e-08, 1.45993848122e-08, 1.65838631716e-08, 5.99976457405e-10, 9.80240845092e-13], [2.41368238601e-14, -5.11813085403e-14, 9.30886531053e-12, 5.6781211677e-12, 3.41628142442e-10, 2.80842264999e-08, -3.44329342816e-10, -3.31948191157e-10, 7.72781021396e-08, 8.15203071713e-10, 7.25442532712e-08, 9.25506959959e-09, 2.20051568078e-08, 1.8574101146e-09, 1.63385820429e-08, 2.41947653024e-08, 8.4997090255e-08, 1.32486093207e-07, 8.5548904849e-08, 2.65225565954e-07, 1.15365338615e-07, 7.80422837465e-08, 1.90091800079e-08, 6.71106903383e-09, 7.66416263787e-09, 2.78308598389e-10, 4.82302620151e-13], [1.04957377154e-14, 1.42183170755e-14, 2.32138245258e-12, 6.33177928491e-12, 5.14604026058e-10, 9.27786558691e-09, -3.71130313981e-11, 1.58494883884e-09, 2.27007053155e-08, 1.73146630367e-09, 2.15081943367e-08, 5.59632118424e-09, 6.65493926633e-09, 1.89175630716e-09, 5.79881254126e-09, 8.61790905304e-09, 2.62491681724e-08, 4.24313917335e-08, 3.18142063804e-08, 8.20650640776e-08, 3.57728531242e-08, 1.90091800079e-08, 8.09292721726e-09, 2.12795470134e-09, 2.2735777705e-09, 9.48984432703e-11, 1.42765194198e-13], [3.66237522283e-15, -4.20339253042e-15, 8.6973825494e-13, 1.2410548934e-12, 2.88460838549e-10, 3.19018700345e-09, -3.49534741428e-11, 3.59025836838e-10, 8.14564238283e-09, 5.62187796316e-10, 8.07620015308e-09, 1.67313041199e-09, 2.5669419923e-09, 3.61960267314e-10, 1.86596005314e-09, 3.38191541438e-09, 9.98321869616e-09, 1.48872256744e-08, 1.02187067696e-08, 2.47599327707e-08, 1.45993848122e-08, 6.71106903383e-09, 2.12795470134e-09, 9.62417034955e-10, 9.0553869958e-10, 3.45227318954e-11, 5.92207760695e-14], [3.28414430694e-15, -2.65180202456e-15, 1.00888156336e-12, 7.8837115872e-13, 5.19798223561e-12, 3.43486727949e-09, -3.92776089431e-11, 2.13308315455e-10, 9.1986924744e-09, 2.69035016487e-10, 9.13521969181e-09, 1.90261850719e-09, 2.92355717413e-09, 3.15861475864e-10, 2.14147855004e-09, 3.29722893433e-09, 1.03608019941e-08, 1.49285543927e-08, 1.07973203711e-08, 2.87325683246e-08, 1.65838631716e-08, 7.66416263787e-09, 2.2735777705e-09, 9.0553869958e-10, 1.21365095751e-09, 3.67724878325e-11, 6.63393764835e-14], [1.72007258532e-16, 2.00565794911e-16, 2.44615932328e-14, 3.22308640281e-14, 2.07757890752e-11, 1.43316775114e-10, -1.63712001854e-12, 2.52013531571e-11, 3.37021577312e-10, 2.51724145001e-11, 3.28304577968e-10, 9.70985583604e-11, 1.17312368153e-10, 2.1823591545e-11, 8.42780498167e-11, 1.45329137613e-10, 4.25915885893e-10, 6.10269668133e-10, 4.22914980813e-10, 1.09682118943e-09, 5.99976457405e-10, 2.78308598389e-10, 9.48984432703e-11, 3.45227318954e-11, 3.67724878325e-11, 1.91495235467e-12, 2.67073829313e-15], [2.82603955683e-19, 8.67619714942e-19, 5.77478343727e-17, 1.29517068342e-16, 2.34734022449e-14, 2.48570424227e-13, -2.96890172562e-15, 3.90020996185e-14, 5.98256958296e-13, 4.94575761638e-14, 5.74642601298e-13, 1.33939436148e-13, 2.00486437348e-13, 5.79377922049e-14, 1.22833262116e-13, 2.5251738092e-13, 7.14145268529e-13, 1.04766033088e-12, 6.81751259179e-13, 1.61917289472e-12, 9.80240845092e-13, 4.82302620151e-13, 1.42765194198e-13, 5.92207760695e-14, 6.63393764835e-14, 2.67073829313e-15, 1.10229434956e-17]]
    },
    "mfcc": {
        "kurt": [3.6272611618, 3.26243591309, 6.13058662415, 1.39885520935, 2.97461128235, -0.888887405396, 1.99110507965, 0.0188407897949, 1.53787326813, 3.84749603271, -0.149667024612, 1.54035711288, 0.370043039322],
        "max": [-630.32434082, 54.7460594177, -6.103515625e-05, 38.0739402771, 2.21881103516, 8.15106964111, 42.5783462524, 6.17810249329, 4.9199256897, 49.3615760803, 12.2075309753, 26.7610569, 15.4656162262],
        "mean": [-719.516296387, -15.8397350311, -89.05027771, -5.49548196793, -49.8758430481, -23.4737491608, -9.8258600235, -14.1294164658, -18.8258857727, -17.0528945923, -13.0642385483, -9.13807582855, -5.24867963791],
        "median": [-657.008911133, -19.816619873, -92.8610839844, -6.9845199585, -54.5312957764, -28.6886329651, -13.5743322372, -14.6829166412, -18.992149353, -22.0284500122, -14.9993743896, -11.5069274902, -5.32822227478],
        "min": [-1138.42004395, -46.1264419556, -134.502502441, -29.4811325073, -74.0708465576, -42.9987945557, -29.7758045197, -32.5045700073, -45.5529327393, -36.24634552, -41.122959137, -28.0982532501, -29.3399944305],
        "skew": [-2.16212749481, 1.62169408798, 2.34352326393, 0.892052412033, 1.84830749035, 0.631249666214, 1.28773331642, 0.420559674501, 0.286935508251, 1.69056272507, 0.238978862762, 1.0839754343, 0.207942962646],
        "var": [17497.9101562, 248.943939209, 634.154724121, 104.656036377, 271.882354736, 171.188690186, 145.359695435, 47.6513595581, 62.3233299255, 185.498291016, 92.6559448242, 77.8298416138, 52.4800720215],
        "cov": [[17553.8144531, -1335.11669922, -2312.65405273, -571.564819336, -2008.24401855, -1127.21350098, -1027.09118652, -455.286743164, -336.568695068, -1295.40649414, -524.726623535, -747.676513672, -380.508972168], [-1335.11669922, 249.73928833, 121.371589661, 44.8886299133, 148.547836304, 54.9869346619, 99.0035934448, 24.786857605, -16.4269638062, 121.683296204, 4.15131616592, 63.317527771, 29.1885604858], [-2312.65405273, 121.371589661, 636.180786133, 19.4734992981, 284.951782227, 71.6814498901, 56.6707839966, 55.0320854187, 91.1003417969, 91.1049957275, 8.1400680542, 48.7950172424, 15.7149562836], [-571.564819336, 44.8886299133, 19.4734992981, 104.990402222, 75.9810333252, 63.2011795044, 57.7202987671, 15.3714046478, -12.2646074295, 63.7446708679, 24.3497600555, 34.1516304016, 28.8042850494], [-2008.24401855, 148.547836304, 284.951782227, 75.9810333252, 272.75100708, 146.250854492, 124.389564514, 49.7082061768, 43.354801178, 148.569549561, 59.0882415771, 86.8420181274, 38.7518615723], [-1127.21350098, 54.9869346619, 71.6814498901, 63.2011795044, 146.250854492, 171.735626221, 104.027565002, 37.054561615, 28.4529056549, 108.368087769, 80.260635376, 65.1726150513, 27.2466983795], [-1027.09118652, 99.0035934448, 56.6707839966, 57.7202987671, 124.389564514, 104.027565002, 145.824111938, 23.6985549927, -0.891797542572, 136.43321228, 36.5765228271, 78.0517044067, 34.7965011597], [-455.286743164, 24.786857605, 55.0320854187, 15.3714046478, 49.7082061768, 37.054561615, 23.6985549927, 47.8036003113, 23.2408275604, 19.2215003967, 31.5621528625, 8.01424789429, 7.83948564529], [-336.568695068, -16.4269638062, 91.1003417969, -12.2646074295, 43.354801178, 28.4529056549, -0.891797542572, 23.2408275604, 62.5224456787, 0.480466902256, 22.3590106964, -2.28749632835, -8.72365188599], [-1295.40649414, 121.683296204, 91.1049957275, 63.7446708679, 148.569549561, 108.368087769, 136.43321228, 19.2215003967, 0.480466902256, 186.090942383, 38.4532775879, 90.6527175903, 39.4123153687], [-524.726623535, 4.15131616592, 8.1400680542, 24.3497600555, 59.0882415771, 80.260635376, 36.5765228271, 31.5621528625, 22.3590106964, 38.4532775879, 92.9519729614, 30.8356170654, 17.5875415802], [-747.676513672, 63.317527771, 48.7950172424, 34.1516304016, 86.8420181274, 65.1726150513, 78.0517044067, 8.01424789429, -2.28749632835, 90.6527175903, 30.8356170654, 78.0784988403, 32.0589904785], [-380.508972168, 29.1885604858, 15.7149562836, 28.8042850494, 38.7518615723, 27.2466983795, 34.7965011597, 7.83948564529, -8.72365188599, 39.4123153687, 17.5875415802, 32.0589904785, 52.6477394104]]
    },
    "sccoeffs": {
        "kurt": [1.13917541504, -0.594296693802, 0.836667537689, 0.860153436661, 4.37364530563, 6.87488937378],
        "max": [-0.379261046648, -0.504863023758, -0.601767301559, -0.689484417439, -0.666461586952, -0.674472868443],
        "mean": [-0.632507622242, -0.659406483173, -0.745026469231, -0.804836332798, -0.778264939785, -0.761661291122],
        "median": [-0.6317704916, -0.612315297127, -0.729553043842, -0.804243087769, -0.771561145782, -0.756206154823],
        "min": [-0.862257480621, -0.965539336205, -0.957546532154, -0.939834237099, -0.940028786659, -0.919888675213],
        "skew": [0.392082691193, -0.866842210293, -1.02006161213, -0.381405204535, -1.69401884079, -2.31675243378],
        "var": [0.00678722886369, 0.0137788616121, 0.00518119847402, 0.00188290688675, 0.00178477074951, 0.00136132061016],
        "cov": [[0.00680891331285, 0.00564429815859, 0.00377113069408, 0.00148911762517, 0.00135504023638, 0.00114870152902], [0.00564429815859, 0.0138228833675, 0.0063594491221, 0.00176050316077, 0.00217181420885, 0.0014567959588], [0.00377113069408, 0.0063594491221, 0.00519775180146, 0.00161464198027, 0.00156229839195, 0.00137551140506], [0.00148911762517, 0.00176050316077, 0.00161464198027, 0.0018889226485, 0.000824664253742, 0.000964188366197], [0.00135504023638, 0.00217181420885, 0.00156229839195, 0.000824664253742, 0.00179047288839, 0.00106734351721], [0.00114870152902, 0.0014567959588, 0.00137551140506, 0.000964188366197, 0.00106734351721, 0.00136566988658]]
    },
    "scvalleys": {
        "kurt": [7.90095806122, 11.4973154068, 12.7856798172, 11.9350214005, 10.3078355789, 6.75638103485],
        "max": [-9.63886547089, -6.69716453552, -6.01874876022, -5.90835428238, -5.67447328568, -7.27061653137],
        "mean": [-11.3785524368, -8.20376491547, -7.43724441528, -7.15880203247, -6.82292509079, -8.67793369293],
        "median": [-11.1381473541, -7.79760742188, -6.90114307404, -6.49601840973, -6.09187316895, -7.71463441849],
        "min": [-17.7267169952, -17.027721405, -18.2057380676, -18.6098232269, -18.2715816498, -20.0040187836],
        "skew": [-2.56726455688, -3.24354338646, -3.50240468979, -3.43947219849, -3.23861718178, -2.67159986496],
        "var": [1.34216761589, 2.41971349716, 3.44025874138, 3.95488142967, 4.37312221527, 5.22536468506],
        "cov": [[1.34645569324, 1.54940700531, 1.86705899239, 2.00677657127, 2.11203813553, 2.24742364883], [1.54940700531, 2.42744421959, 2.80762147903, 3.0101082325, 3.14116406441, 3.36440515518], [1.86705899239, 2.80762147903, 3.45124983788, 3.65047955513, 3.80331277847, 4.06100320816], [2.00677657127, 3.0101082325, 3.65047955513, 3.96751689911, 4.13088703156, 4.42327976227], [2.11203813553, 3.14116406441, 3.80331277847, 4.13088703156, 4.38709402084, 4.71580410004], [2.24742364883, 3.36440515518, 4.06100320816, 4.42327976227, 4.71580410004, 5.2420592308]]
    }
},
"rhythm": {
    "beats_loudness": {
        "kurt": -0.334483146667,
        "max": 0.0120222261176,
        "mean": 0.00816294364631,
        "median": 0.00940150767565,
        "min": 0.000297873601085,
        "skew": -0.969722986221,
        "var": 1.36135931825e-05
    },
    "bpm": 129.19921875,
    "confidence": 2.89684319496,
    "first_peak_bpm": {
        "kurt": 0,
        "max": 129,
        "mean": 129,
        "median": 129,
        "min": 129,
        "skew": 0,
        "var": 0
    },
    "first_peak_spread": {
        "kurt": 0,
        "max": 0,
        "mean": 0,
        "median": 0,
        "min": 0,
        "skew": 0,
        "var": 0
    },
    "first_peak_weight": {
        "kurt": 0,
        "max": 0.384615391493,
        "mean": 0.384615391493,
        "median": 0.384615391493,
        "min": 0.384615391493,
        "skew": 0,
        "var": 0
    },
    "onset_rate": 1.10076284409,
    "second_peak_bpm": {
        "kurt": 0,
        "max": 136,
        "mean": 136,
        "median": 136,
        "min": 136,
        "skew": 0,
        "var": 0
    },
    "second_peak_spread": {
        "kurt": 0,
        "max": 0,
        "mean": 0,
        "median": 0,
        "min": 0,
        "skew": 0,
        "var": 0
    },
    "second_peak_weight": {
        "kurt": 0,
        "max": 0.230769231915,
        "mean": 0.230769231915,
        "median": 0.230769231915,
        "min": 0.230769231915,
        "skew": 0,
        "var": 0
    },
    "beats_loudness_band_ratio": {
        "kurt": [4.71391916275, -0.161069869995, -1.21078824997, 0.556123256683, -1.16963469982, 0.335145711899],
        "max": [0.000888691109139, 0.0460052527487, 0.0880509763956, 0.298557043076, 0.325770646334, 0.746822357178],
        "mean": [0.000162173600984, 0.0186344441026, 0.0471623837948, 0.136410430074, 0.258733808994, 0.548701584339],
        "median": [6.5955617174e-05, 0.0216863509268, 0.0479218512774, 0.115405075252, 0.266646981239, 0.559212088585],
        "min": [1.92521220015e-05, 0.000644891697448, 0.00734842615202, 0.060613244772, 0.174190685153, 0.356932252645],
        "skew": [2.36300206184, 0.135341778398, 0.0407111160457, 1.05644500256, -0.186250686646, -0.196582734585],
        "var": [5.12312219314e-08, 0.000151090585859, 0.000601421110332, 0.00403121532872, 0.00212844810449, 0.0087321838364],
        "cov": [[5.51720873432e-08, -1.49252764459e-06, -2.78304037238e-06, 8.78203900356e-06, -7.12509375944e-08, -4.22664470534e-06], [-1.49252764459e-06, 0.000162712938618, 0.000184638993233, 3.39796461049e-05, 0.000157958420459, -0.000559844775125], [-2.78304037238e-06, 0.000184638993233, 0.000647684268188, -3.17276899295e-05, 0.00055017269915, -0.00136855244637], [8.78203900356e-06, 3.39796461049e-05, -3.17276899295e-05, 0.00434130895883, 0.000168164289789, -0.00433758180588], [-7.12509375944e-08, 0.000157958420459, 0.00055017269915, 0.000168164289789, 0.00229217507876, -0.00319445785135], [-4.22664470534e-06, -0.000559844775125, -0.00136855244637, -0.00433758180588, -0.00319445785135, 0.00940388999879]]
    },
    "beats_position": [0.487619042397, 1.02167797089, 1.50929701328, 2.02013611794, 2.46131515503, 2.90249419212, 3.36689329147, 3.80807256699, 4.27247142792, 4.73687076569, 5.20126962662, 5.70049858093, 6.23455762863, 6.6989569664],
    "bpm_estimates": [129.19921875, 129.199279785, 129.199157715, 129.199279785, 129.199157715],
    "bpm_intervals": [0.53405892849, 0.487619042397, 0.510839104652, 0.441179037094, 0.441179037094, 0.46439909935, 0.441179275513, 0.464398860931, 0.464399337769, 0.464398860931, 0.499228954315, 0.534059047699, 0.464399337769],
    "onset_times": [0.0464399084449, 0.116099774837, 0.197369620204, 0.325079351664, 0.49922901392, 0.615328788757, 1.04489791393, 1.30031740665],
    "histogram": [[0, 0, 0, 0, 0, 0, 0, 0, 0, 0, 0, 0, 0, 0, 0, 0, 0, 0, 0, 0, 0, 0, 0, 0, 0, 0, 0, 0, 0, 0, 0, 0, 0, 0, 0, 0, 0, 0, 0, 0, 0, 0, 0, 0, 0, 0, 0, 0, 0, 0, 0, 0, 0, 0, 0, 0, 0, 0, 0, 0, 0, 0, 0, 0, 0, 0, 0, 0, 0, 0, 0, 0, 0, 0, 0, 0, 0, 0, 0, 0, 0, 0, 0, 0, 0, 0, 0, 0, 0, 0, 0, 0, 0, 0, 0, 0, 0, 0, 0, 0, 0, 0, 0, 0, 0, 0, 0, 0, 0, 0, 0, 0, 0.153846159577, 0, 0, 0, 0, 0.0769230797887, 0, 0, 0.0769230797887, 0, 0, 0.0769230797887, 0, 0, 0, 0, 0, 0.384615391493, 0, 0, 0, 0, 0, 0, 0.230769231915, 0, 0, 0, 0, 0, 0, 0, 0, 0, 0, 0, 0, 0, 0, 0, 0, 0, 0, 0, 0, 0, 0, 0, 0, 0, 0, 0, 0, 0, 0, 0, 0, 0, 0, 0, 0, 0, 0, 0, 0, 0, 0, 0, 0, 0, 0, 0, 0, 0, 0, 0, 0, 0, 0, 0, 0, 0, 0, 0, 0, 0, 0, 0, 0, 0, 0, 0, 0, 0, 0, 0, 0, 0, 0, 0, 0, 0, 0, 0, 0, 0, 0, 0, 0, 0, 0, 0, 0, 0, 0, 0, 0, 0, 0, 0, 0, 0, 0, 0, 0, 0, 0, 0, 0, 0, 0, 0, 0, 0, 0, 0, 0, 0]]
},
"sfx": {
    "inharmonicity": {
        "kurt": 0.759785175323,
        "max": 0.389707028866,
        "mean": 0.0831109434366,
        "median": 0.0351393669844,
        "min": 0,
        "skew": 1.4279845953,
        "var": 0.0113049354404
    },
    "oddtoevenharmonicenergyratio": {
        "kurt": 309.00012207,
        "max": 17559.2773438,
        "mean": 57.6163597107,
        "median": 1.00661826134,
        "min": 0,
        "skew": 17.6353282928,
        "var": 978625
    },
    "pitch_after_max_to_before_max_energy_ratio": 1.07267069817,
    "pitch_centroid": 109.007759094,
    "pitch_max_to_total": 0.130573242903,
    "pitch_min_to_total": 0.949044585228,
    "tristimulus": {
        "kurt": [0.135607242584, 2.87053251266, -1.04266142845],
        "max": [1, 0.992510020733, 0.978581368923],
        "mean": [0.252331316471, 0.245005592704, 0.502663075924],
        "median": [0.0684090852737, 0.240680173039, 0.658283412457],
        "min": [0, 0, 0],
        "skew": [1.42310965061, 1.35958051682, -0.816138923168],
        "var": [0.14197152853, 0.0371782444417, 0.0959045961499],
        "cov": [[0.142425104976, -0.041755553335, -0.10066960007], [-0.041755553335, 0.0372970215976, 0.00445855828002], [-0.10066960007, 0.00445855828002, 0.096211001277]]
    }
},
"tonal": {
    "chords_changes_rate": 0.0379746817052,
    "chords_number_rate": 0.0253164563328,
    "chords_strength": {
        "kurt": 2.7798705101,
        "max": 0.614944279194,
        "mean": 0.515900433064,
        "median": 0.52649897337,
        "min": 0.341257184744,
        "skew": -1.38813054562,
        "var": 0.00279758009128
    },
    "key_strength": 0.770220518112,
    "tuning_diatonic_strength": 0.565423905849,
    "tuning_equal_tempered_deviation": 0.139138162136,
    "tuning_frequency": 453.678466797,
    "tuning_nontempered_energy_ratio": 0.666854262352,
    "hpcp": {
        "kurt": [1.80844831467, 1.27469539642, -0.441609144211, -1.48562073708, -0.146867036819, 4.12201690674, 3.67264604568, 5.92467021942, 4.2517952919, 4.47200870514, 4.05816841125, 7.00133037567, 10.0819225311, 4.5301027298, 0.519201278687, 0.107134103775, 0.466028928757, -0.24249625206, -0.684942007065, -0.398955345154, 15.0407066345, 49.23777771, 18.7629489899, 2.20554447174, -0.288820505142, 3.84323644638, 6.35308837891, 4.15341711044, 4.79723358154, 3.79032373428, 4.09898233414, 3.85314083099, 3.82812929153, 3.31141471863, 2.28962898254, 2.28815889359],
        "max": [1, 1, 1, 1, 0.931060492992, 1, 1, 1, 1, 1, 1, 0.885431945324, 1, 1, 0.994156002998, 1, 1, 1, 1, 0.481483131647, 0.506404697895, 1, 0.763894736767, 1, 1, 0.988468766212, 1, 1, 0.934651374817, 0.853995740414, 1, 1, 1, 0.957455813885, 1, 1],
        "mean": [0.229843452573, 0.233713760972, 0.503779709339, 0.662720799446, 0.371856421232, 0.197817623615, 0.214158728719, 0.223785489798, 0.220081910491, 0.225033357739, 0.220226749778, 0.186070919037, 0.175840899348, 0.21491111815, 0.314328759909, 0.389960765839, 0.35098439455, 0.400045245886, 0.384900867939, 0.171542942524, 0.0678223371506, 0.0699761211872, 0.0787358805537, 0.215550512075, 0.324896752834, 0.226420655847, 0.163536608219, 0.180946260691, 0.168076589704, 0.173247218132, 0.202734962106, 0.214876964688, 0.213002935052, 0.204458594322, 0.231673851609, 0.245403677225],
