{
"metadata": {
    "version": {
        "essentia": "2.1-beta3"
    }
},
"lowLevel": {
    "average_loudness": 0.99068403244,
    "barkbands_kurtosis": {
        "kurt": 0.0345237255096,
        "max": 4.5583615303,
        "mean": 0.476398050785,
        "median": -0.171943068504,
        "min": -1.08748543262,
        "skew": 1.25487303734,
        "var": 2.37206578255
    },
    "barkbands_skewness": {
        "kurt": -0.585739374161,
        "max": 0.0458274669945,
        "mean": -0.861861228943,
        "median": -0.712885379791,
        "min": -2.09633874893,
        "skew": -0.762009382248,
        "var": 0.3407984972
    },
    "barkbands_spread": {
        "kurt": 15.3793258667,
        "max": 75.7901992798,
        "mean": 14.3420372009,
        "median": 10.2138328552,
        "min": 6.44107580185,
        "skew": 3.36870932579,
        "var": 110.455825806
    },
    "dissonance": {
        "kurt": 23.4588794708,
        "max": 0.49998664856,
        "mean": 0.493787199259,
        "median": 0.496831774712,
        "min": 0.423506647348,
        "skew": -4.70308494568,
        "var": 0.000133737397846
    },
    "hfc": {
        "kurt": -0.113930225372,
        "max": 85.7309646606,
        "mean": 19.049079895,
        "median": 3.36676168442,
        "min": 1.12188216845e-16,
        "skew": 1.10749208927,
        "var": 641.057495117
    },
    "pitch": {
        "kurt": 3.08280038834,
        "max": 4391.87207031,
        "mean": 922.320861816,
        "median": 580.023681641,
        "min": 81.6323699951,
        "skew": 1.95243251324,
        "var": 927242.6875
    },
    "pitch_instantaneous_confidence": {
        "kurt": 0.263238430023,
        "max": 0.517929434776,
        "mean": 0.24224473536,
        "median": 0.247461140156,
        "min": 0.102184355259,
        "skew": 0.439028352499,
        "var": 0.00789488200098
    },
    "pitch_salience": {
        "kurt": 0.648634195328,
        "max": 0.851650357246,
        "mean": 0.773179769516,
        "median": 0.772206902504,
        "min": 0.675211071968,
        "skew": -0.272098988295,
        "var": 0.00122139719315
    },
    "silence_rate_20dB": {
        "kurt": 0,
        "max": 1,
        "mean": 1,
        "median": 1,
        "min": 1,
        "skew": 0,
        "var": 0
    },
    "silence_rate_30dB": {
        "kurt": 0,
        "max": 1,
        "mean": 1,
        "median": 1,
        "min": 1,
        "skew": 0,
        "var": 0
    },
    "silence_rate_60dB": {
        "kurt": -1.94035327435,
        "max": 1,
        "mean": 0.560606062412,
        "median": 1,
        "min": 0,
        "skew": -0.244225159287,
        "var": 0.246326729655
    },
    "spectral_centroid": {
        "kurt": -0.271570444107,
        "max": 11421.9472656,
        "mean": 4160.06689453,
        "median": 2278.99755859,
        "min": 1705.6607666,
        "skew": 1.3033093214,
        "var": 13695835
    },
    "spectral_complexity": {
        "kurt": -1.7297450304,
        "max": 49,
        "mean": 18.2575759888,
        "median": 7,
        "min": 0,
        "skew": 0.322192788124,
        "var": 379.797607422
    },
    "spectral_crest": {
        "kurt": 5.01384735107,
        "max": 14.3603076935,
        "mean": 6.17077350616,
        "median": 6.20409965515,
        "min": 3.45933222771,
        "skew": 1.39737427235,
        "var": 3.11377215385
    },
    "spectral_decrease": {
        "kurt": -0.377454996109,
        "max": 1.65608934433e-28,
        "mean": -1.742563982e-09,
        "median": -3.26735027922e-10,
        "min": -7.18291115476e-09,
        "skew": -1.02574050426,
        "var": 5.15620884165e-18
    },
    "spectral_energy": {
        "kurt": -0.329552173615,
        "max": 0.0348860397935,
        "mean": 0.00830464065075,
        "median": 0.00153854803648,
        "min": 1.0329047122e-20,
        "skew": 1.04115629196,
        "var": 0.000118002462841
    },
    "spectral_energyband_high": {
        "kurt": 5.46345996857,
        "max": 0.00271511101164,
        "mean": 0.000356650562026,
        "median": 5.27330339537e-05,
        "min": 7.43190599547e-21,
        "skew": 2.24181413651,
        "var": 3.10622141342e-07
    },
    "spectral_energyband_low": {
        "kurt": 10.5849895477,
        "max": 7.10634367351e-07,
        "mean": 5.86106843059e-08,
        "median": 3.75246322903e-09,
        "min": 2.09994268099e-23,
        "skew": 3.06465554237,
        "var": 1.54500452823e-14
    },
    "spectral_energyband_middle_high": {
        "kurt": -0.31307220459,
        "max": 0.0328681953251,
        "mean": 0.00752385845408,
        "median": 0.00143891596235,
        "min": 1.13834673351e-21,
        "skew": 1.04711449146,
        "var": 9.73676360445e-05
    },
    "spectral_energyband_middle_low": {
        "kurt": 1.09273338318,
        "max": 0.00313253467903,
        "mean": 0.000580078398343,
        "median": 7.77153400122e-05,
        "min": 2.04730483268e-22,
        "skew": 1.46900677681,
        "var": 6.99119937053e-07
    },
    "spectral_flatness_db": {
        "kurt": -0.430971384048,
        "max": 0.34875997901,
        "mean": 0.249555900693,
        "median": 0.297231882811,
        "min": 0.0419902466238,
        "skew": -1.15493392944,
        "var": 0.00961837079376
    },
    "spectral_flux": {
        "kurt": -1.23471212387,
        "max": 0.124437846243,
        "mean": 0.0402581878006,
        "median": 0.0265122912824,
        "min": 6.60935750574e-11,
        "skew": 0.529373109341,
        "var": 0.00167691265233
    },
    "spectral_kurtosis": {
        "kurt": 0.742927789688,
        "max": 31.2875938416,
        "mean": 8.29238319397,
        "median": 6.46277093887,
        "min": -1.2444280386,
        "skew": 1.02899622917,
        "var": 70.0916595459
    },
    "spectral_rms": {
        "kurt": -1.31126630306,
        "max": 0.00583396619186,
        "mean": 0.00198247469962,
        "median": 0.00122408475727,
        "min": 3.17444790073e-12,
        "skew": 0.51417607069,
        "var": 4.1718835746e-06
    },
    "spectral_rolloff": {
        "kurt": -0.303416490555,
        "max": 19638.28125,
        "mean": 6653.75878906,
        "median": 3251.51367188,
        "min": 2519.38476562,
        "skew": 1.29782640934,
        "var": 43184724
    },
    "spectral_skewness": {
        "kurt": 0.0706791877747,
        "max": 3.62895298004,
        "mean": 1.23430049419,
        "median": 1.30209100246,
        "min": -0.0547364093363,
        "skew": 0.401710897684,
        "var": 0.806865990162
    },
    "spectral_spread": {
        "kurt": -0.289026021957,
        "max": 43922060,
        "mean": 10558576,
        "median": 1684461.625,
        "min": 1326504,
        "skew": 1.30528879166,
        "var": 2.68633376817e+14
    },
    "spectral_strongpeak": {
        "kurt": 1.31675624847,
        "max": 5.50589370728,
        "mean": 1.10888683796,
        "median": 0.640523910522,
        "min": 7.63418772642e-11,
        "skew": 1.51278209686,
        "var": 2.09180927277
    },
    "zerocrossingrate": {
        "kurt": -0.311663389206,
        "max": 0.52880859375,
        "mean": 0.194942593575,
        "median": 0.111328125,
        "min": 0.0556640625,
        "skew": 1.27446901798,
        "var": 0.0272995494306
    },
    "barkbands": {
        "kurt": [22.9064502716, 10.8407011032, 17.7238998413, 11.3539838791, 12.5631723404, 3.1469707489, 2.41734409332, 1.47383880615, 1.11869049072, 6.78746414185, 7.73607158661, 5.8477678299, 2.24890136719, 3.77895450592, 2.11655664444, 7.69871330261, 1.20865631104, 4.081387043, 1.0386557579, 1.91005373001, -1.07740914822, -0.463690757751, 0.104540109634, -0.743336677551, 9.49786949158, 2.93039703369, 10.4834785461],
        "max": [1.97942884306e-09, 5.32980806156e-08, 7.80377433784e-08, 1.5937638409e-06, 9.41258349485e-06, 0.000131587585201, 0.000204182928428, 0.000345260894392, 0.00124379526824, 0.00468565011397, 0.00258612027392, 0.00309237604961, 0.00304141477682, 0.00494202971458, 0.00270179728977, 0.00682252272964, 0.00687089748681, 0.0106545602903, 0.00434751575813, 0.00422207685187, 0.000220053072553, 2.21991358558e-05, 1.45339458868e-06, 2.42557177899e-07, 1.28267714672e-07, 5.18489651213e-09, 4.72671279894e-09],
        "mean": [1.40840103469e-10, 4.69289496152e-09, 5.86330850538e-09, 1.2883680256e-07, 8.7559271833e-07, 1.76336325239e-05, 3.13112577714e-05, 6.66655687382e-05, 0.000211445469176, 0.000556421873625, 0.000303905660985, 0.000384682120057, 0.000450242572697, 0.000668197113555, 0.000463734817458, 0.000830375822261, 0.00128021615092, 0.00143949198537, 0.000798472785391, 0.000734859786462, 6.01294304943e-05, 5.49777450942e-06, 2.80571754274e-07, 5.79816870072e-08, 1.36723343758e-08, 7.394234669e-10, 3.4966590734e-10],
        "median": [1.58153212748e-11, 4.47611392396e-10, 6.48212317156e-10, 4.8353192561e-09, 1.06343264861e-07, 2.48173205364e-06, 2.79324240182e-06, 1.03176253106e-05, 2.47116040555e-05, 5.33246202394e-05, 8.59263600432e-05, 8.82694002939e-05, 3.15339129884e-05, 9.72662601271e-05, 8.90172377694e-05, 0.000270270247711, 0.000204943586141, 0.000150450170622, 0.000116844516015, 8.54486424942e-05, 1.08518843263e-05, 7.67620804254e-07, 3.03514831046e-08, 7.47201234219e-09, 1.57791713029e-09, 5.94535740084e-11, 3.72605071797e-12],
        "min": [2.8075652308e-24, 3.04730834293e-24, 2.87523135266e-24, 2.81910389926e-24, 6.60434270965e-24, 1.35722083016e-23, 1.6548302818e-23, 1.35133845217e-23, 4.87397615627e-23, 3.42594213202e-23, 2.88535468633e-23, 2.62370829896e-23, 3.60066661837e-23, 4.44637662695e-23, 3.04539089817e-23, 8.59757412495e-23, 9.35062326943e-23, 8.56839952432e-23, 1.58142049524e-22, 1.9566563843e-22, 3.10160973323e-22, 3.86983025064e-22, 5.01183856092e-22, 6.57174498912e-22, 9.01374432193e-22, 1.40724980186e-21, 2.06314354407e-21],
        "skew": [4.32040452957, 3.02664685249, 3.73313736916, 3.16118335724, 3.11062979698, 1.84438967705, 1.75356280804, 1.56630420685, 1.38120365143, 2.62853479385, 2.42217993736, 2.33149409294, 1.63040578365, 1.92277157307, 1.60510492325, 2.56517148018, 1.40721523762, 2.06390190125, 1.40700161457, 1.74451088905, 0.682005345821, 1.0146689415, 1.07854104042, 0.908002853394, 2.69273304939, 2.02863931656, 3.26917552948],
        "var": [8.34734387133e-20, 8.37038554047e-17, 1.44263541377e-16, 7.63645738441e-14, 2.37784141335e-12, 7.97072963188e-10, 2.3510617897e-09, 9.25043952549e-09, 8.66686420409e-08, 1.02878675534e-06, 2.10305486803e-07, 3.88331329759e-07, 4.50182909617e-07, 1.03602940271e-06, 4.19287715658e-07, 1.67690222952e-06, 3.08946209771e-06, 5.45908187632e-06, 1.27571206576e-06, 1.35018001401e-06, 5.01541919107e-09, 5.25763634018e-11, 1.36225842347e-13, 5.70367210967e-15, 4.90394701131e-16, 1.76331352628e-18, 7.9744098799e-19],
        "cov": [[8.4757649539e-20, 1.11226623932e-18, 2.6931069278e-18, 6.26938847449e-17, 2.02894817879e-16, 1.85659436467e-15, 8.12755895571e-15, 1.11022666687e-14, 3.98226204345e-14, 1.02633030655e-13, 5.4332887744e-14, 3.73219521694e-14, 8.31532312082e-14, 1.17001338631e-13, 4.9056214684e-14, 1.34020520918e-13, 2.18540463504e-13, 2.62860967801e-13, 1.23110329982e-13, 1.08455020138e-13, 7.83962619892e-15, 8.7916858318e-16, 5.27455423364e-17, 1.27273177149e-17, 5.23130981024e-18, 2.21603883301e-19, 5.17666526377e-20], [1.11226623932e-18, 8.49916035649e-17, 4.98791034335e-17, 1.30864356301e-15, 7.23670560596e-15, 4.6084335214e-14, 3.08758850735e-13, 2.03083331944e-13, 1.32994082327e-12, 1.12508656905e-12, 1.44178462572e-12, 6.47934342898e-13, 1.79013932584e-12, 2.33415196893e-12, 1.08358168358e-12, 3.57512739031e-12, 4.73704062087e-12, 3.16240046302e-12, 2.21814168595e-12, 1.51388515439e-12, 2.50694376282e-13, 1.99747224918e-14, 1.34075521732e-15, 2.92000261945e-16, 9.3514462315e-17, 5.7187466657e-18, 6.82420541537e-19], [2.6931069278e-18, 4.98791034335e-17, 1.46482979457e-16, 3.00527353213e-15, 8.68803303361e-15, 8.07142777636e-14, 3.12237621826e-13, 3.67211090094e-13, 1.6369980458e-12, 2.71958258864e-12, 1.72584451071e-12, 2.03744985293e-12, 3.30444699381e-12, 4.08976325028e-12, 1.53180322159e-12, 3.77099089802e-12, 8.17169075462e-12, 9.4971730133e-12, 3.45844967248e-12, 2.48814098665e-12, 2.92987910409e-13, 3.20029003569e-14, 2.03790197879e-15, 5.10890939691e-16, 2.24119650357e-16, 1.02441777643e-17, 1.80880970074e-18], [6.26938847449e-17, 1.30864356301e-15, 3.00527353213e-15, 7.75394085419e-14, 2.55132232615e-13, 2.28949086252e-12, 8.28128711439e-12, 1.03246048863e-11, 3.44722410339e-11, 9.2149482489e-11, 4.98888708123e-11, 2.15799097342e-11, 7.8178644114e-11, 1.07134898175e-10, 4.39482165937e-11, 1.0546798157e-10, 1.4838991147e-10, 2.735272564e-10, 9.73812280813e-11, 7.90974785669e-11, 7.23254268975e-12, 8.54117937401e-13, 5.24672875133e-14, 1.35260683879e-14, 5.4883080536e-15, 2.52257740758e-16, 2.48089068108e-17], [2.02894817879e-16, 7.23670560596e-15, 8.68803303361e-15, 2.55132232615e-13, 2.41442347886e-12, 2.39850743433e-11, 4.76975126062e-11, 7.92700974306e-11, 2.6074586934e-10, 5.55434642724e-10, 2.79447742724e-10, 3.77895020831e-10, 4.87008322558e-10, 7.70452535104e-10, 4.10466272083e-10, 9.38591648847e-10, 1.33911548517e-09, 1.56949420127e-09, 8.76243355652e-10, 7.8640366441e-10, 5.8209388698e-11, 6.53499303283e-12, 3.229694344e-13, 8.11168284777e-14, 2.14776486255e-14, 1.08627983843e-15, 2.48036737354e-16], [1.85659436467e-15, 4.6084335214e-14, 8.07142777636e-14, 2.28949086252e-12, 2.39850743433e-11, 8.09335598539e-10, 8.8426593825e-10, 1.55197277252e-09, 5.52261880671e-09, 1.79144237222e-08, 9.42775280066e-09, 1.17016032419e-08, 1.53192356578e-08, 2.22461924437e-08, 1.25585533084e-08, 2.5184654362e-08, 3.09952596922e-08, 4.56221904699e-08, 2.38361401728e-08, 2.72590821027e-08, 1.52998214098e-09, 1.56077623048e-10, 8.03152249568e-12, 1.64272740376e-12, 2.8255075688e-13, 1.78775553118e-14, 1.18869037809e-14], [8.12755895571e-15, 3.08758850735e-13, 3.12237621826e-13, 8.28128711439e-12, 4.76975126062e-11, 8.8426593825e-10, 2.38723196766e-09, 2.24138152483e-09, 1.05268140871e-08, 2.43020270574e-08, 1.47049812327e-08, 1.40714364605e-08, 2.15846149842e-08, 2.73805795814e-08, 1.56431703147e-08, 3.3960795065e-08, 4.98098557955e-08, 5.30042463254e-08, 3.53197151526e-08, 3.18407806787e-08, 2.30818675284e-09, 2.24465501741e-10, 1.28545932579e-11, 2.67768186096e-12, 7.16008632592e-13, 4.37069813935e-14, 1.47162487816e-14], [1.11022666687e-14, 2.03083331944e-13, 3.67211090094e-13, 1.03246048863e-11, 7.92700974306e-11, 1.55197277252e-09, 2.24138152483e-09, 9.39275413003e-09, 1.82134183291e-08, 5.68804559009e-08, 2.03495460482e-08, 3.54724427609e-08, 4.16367988976e-08, 4.97697563162e-08, 4.50501147498e-08, 7.49568300762e-08, 1.05791876592e-07, 1.47687558183e-07, 6.54217799934e-08, 7.10274150606e-08, 5.07303443698e-09, 5.20658682834e-10, 2.17129786373e-11, 5.28449029327e-12, 1.05002194006e-12, 6.89677942577e-14, 3.55465135137e-14], [3.98226204345e-14, 1.32994082327e-12, 1.6369980458e-12, 3.44722410339e-11, 2.6074586934e-10, 5.52261880671e-09, 1.05268140871e-08, 1.82134183291e-08, 8.80020110117e-08, 2.0562991665e-07, 7.99041899313e-08, 1.10313528978e-07, 1.56874790491e-07, 2.15981316387e-07, 1.26340736983e-07, 2.28165092153e-07, 4.12406336636e-07, 4.38823917648e-07, 2.57174718854e-07, 2.54897400964e-07, 1.69625824498e-08, 1.80583292764e-09, 8.59652002361e-11, 1.78545025986e-11, 3.97410966982e-12, 2.17943284947e-13, 1.09931229159e-13], [1.02633030655e-13, 1.12508656905e-12, 2.71958258864e-12, 9.2149482489e-11, 5.55434642724e-10, 1.79144237222e-08, 2.43020270574e-08, 5.68804559009e-08, 2.0562991665e-07, 1.04461423689e-06, 2.24415543926e-07, 2.88541428972e-07, 4.40371593413e-07, 6.46930061521e-07, 3.9073319158e-07, 7.36273079838e-07, 1.08860251657e-06, 1.99023634195e-06, 8.75463229022e-07, 1.05363449165e-06, 5.03765598125e-08, 5.52395018616e-09, 2.62223964764e-10, 5.77050802975e-11, 1.10731450051e-11, 4.4610056751e-13, 2.15743303214e-13], [5.4332887744e-14, 1.44178462572e-12, 1.72584451071e-12, 4.98888708123e-11, 2.79447742724e-10, 9.42775280066e-09, 1.47049812327e-08, 2.03495460482e-08, 7.99041899313e-08, 2.24415543926e-07, 2.13540957361e-07, 1.46212599361e-07, 2.12901454688e-07, 4.13131374444e-07, 2.28534119628e-07, 5.00856401686e-07, 5.39554946499e-07, 6.12184294368e-07, 3.85679072679e-07, 3.88543838881e-07, 2.45550761946e-08, 2.48446596629e-09, 1.28245691844e-10, 2.63904054859e-11, 5.63956260163e-12, 2.70701023446e-13, 1.37615748875e-13], [3.73219521694e-14, 6.47934342898e-13, 2.03744985293e-12, 2.15799097342e-11, 3.77895020831e-10, 1.17016032419e-08, 1.40714364605e-08, 3.54724427609e-08, 1.10313528978e-07, 2.88541428972e-07, 1.46212599361e-07, 3.94305658347e-07, 2.87438041369e-07, 3.29227987095e-07, 2.63498719733e-07, 4.69161165029e-07, 8.38818550619e-07, 8.77295178725e-07, 4.84813995172e-07, 4.49173199968e-07, 3.26749329815e-08, 3.29182481273e-09, 1.4603239451e-10, 3.03118710687e-11, 4.92634362123e-12, 2.9852555432e-13, 2.3666683305e-13], [8.31532312082e-14, 1.79013932584e-12, 3.30444699381e-12, 7.8178644114e-11, 4.87008322558e-10, 1.53192356578e-08, 2.15846149842e-08, 4.16367988976e-08, 1.56874790491e-07, 4.40371593413e-07, 2.12901454688e-07, 2.87438041369e-07, 4.57108797036e-07, 4.97796690979e-07, 3.35337858814e-07, 6.19736283625e-07, 8.10606309187e-07, 1.07347977973e-06, 6.35151820916e-07, 5.70170072933e-07, 3.92657497628e-08, 4.30995106271e-09, 2.24050639153e-10, 4.21464634026e-11, 1.01000189115e-11, 4.68202625108e-13, 2.61125214333e-13], [1.17001338631e-13, 2.33415196893e-12, 4.08976325028e-12, 1.07134898175e-10, 7.70452535104e-10, 2.22461924437e-08, 2.73805795814e-08, 4.97697563162e-08, 2.15981316387e-07, 6.46930061521e-07, 4.13131374444e-07, 3.29227987095e-07, 4.97796690979e-07, 1.05196841105e-06, 4.81412655517e-07, 1.03956324438e-06, 1.29275485961e-06, 1.69568716046e-06, 8.8213903382e-07, 1.00655563529e-06, 5.5765781326e-08, 6.21700513292e-09, 3.13541026475e-10, 6.45989997605e-11, 1.35872060131e-11, 4.76152700168e-13, 2.48706383179e-13], [4.9056214684e-14, 1.08358168358e-12, 1.53180322159e-12, 4.39482165937e-11, 4.10466272083e-10, 1.25585533084e-08, 1.56431703147e-08, 4.50501147498e-08, 1.26340736983e-07, 3.9073319158e-07, 2.28534119628e-07, 2.63498719733e-07, 3.35337858814e-07, 4.81412655517e-07, 4.25738306831e-07, 6.69298913181e-07, 7.43884868371e-07, 9.97333813757e-07, 5.6096729395e-07, 5.3957290902e-07, 3.84636784645e-08, 3.90871113254e-09, 1.7341844627e-10, 3.58106287679e-11, 6.80384394658e-12, 3.09152876909e-13, 1.94027086065e-13], [1.34020520918e-13, 3.57512739031e-12, 3.77099089802e-12, 1.0546798157e-10, 9.38591648847e-10, 2.5184654362e-08, 3.3960795065e-08, 7.49568300762e-08, 2.28165092153e-07, 7.36273079838e-07, 5.00856401686e-07, 4.69161165029e-07, 6.19736283625e-07, 1.03956324438e-06, 6.69298913181e-07, 1.70270072886e-06, 1.51640210788e-06, 1.98953262043e-06, 1.11681424642e-06, 1.14754118385e-06, 6.96161421843e-08, 7.00894453587e-09, 3.44107381478e-10, 7.7326256509e-11, 1.42481287185e-11, 6.88114279099e-13, 4.08951816638e-13], [2.18540463504e-13, 4.73704062087e-12, 8.17169075462e-12, 1.4838991147e-10, 1.33911548517e-09, 3.09952596922e-08, 4.98098557955e-08, 1.05791876592e-07, 4.12406336636e-07, 1.08860251657e-06, 5.39554946499e-07, 8.38818550619e-07, 8.10606309187e-07, 1.29275485961e-06, 7.43884868371e-07, 1.51640210788e-06, 3.13699229082e-06, 2.78199286186e-06, 1.61382592978e-06, 1.57046576987e-06, 1.11999185037e-07, 1.03168869003e-08, 5.27306087683e-10, 1.10110510987e-10, 2.16230679195e-11, 1.20697299811e-12, 8.45606841927e-13], [2.62860967801e-13, 3.16240046302e-12, 9.4971730133e-12, 2.735272564e-10, 1.56949420127e-09, 4.56221904699e-08, 5.30042463254e-08, 1.47687558183e-07, 4.38823917648e-07, 1.99023634195e-06, 6.12184294368e-07, 8.77295178725e-07, 1.07347977973e-06, 1.69568716046e-06, 9.97333813757e-07, 1.98953262043e-06, 2.78199286186e-06, 5.54306780032e-06, 2.09797735806e-06, 2.35640891333e-06, 1.27002195427e-07, 1.4232726997e-08, 6.56655618769e-10, 1.5277194787e-10, 2.91061619251e-11, 1.19174678806e-12, 6.81362193229e-13], [1.23110329982e-13, 2.21814168595e-12, 3.45844967248e-12, 9.73812280813e-11, 8.76243355652e-10, 2.38361401728e-08, 3.53197151526e-08, 6.54217799934e-08, 2.57174718854e-07, 8.75463229022e-07, 3.85679072679e-07, 4.84813995172e-07, 6.35151820916e-07, 8.8213903382e-07, 5.6096729395e-07, 1.11681424642e-06, 1.61382592978e-06, 2.09797735806e-06, 1.29533839299e-06, 1.12637485472e-06, 7.02071716319e-08, 7.56866658236e-09, 3.54583723494e-10, 7.24822910025e-11, 1.44945323105e-11, 7.67127355562e-13, 5.18238609578e-13], [1.08455020138e-13, 1.51388515439e-12, 2.48814098665e-12, 7.90974785669e-11, 7.8640366441e-10, 2.72590821027e-08, 3.18407806787e-08, 7.10274150606e-08, 2.54897400964e-07, 1.05363449165e-06, 3.88543838881e-07, 4.49173199968e-07, 5.70170072933e-07, 1.00655563529e-06, 5.3957290902e-07, 1.14754118385e-06, 1.57046576987e-06, 2.35640891333e-06, 1.12637485472e-06, 1.3709520772e-06, 6.81930885094e-08, 7.1447940897e-09, 3.45162676219e-10, 7.42308645107e-11, 1.20425154224e-11, 5.80382963911e-13, 4.26333800077e-13], [7.83962619892e-15, 2.50694376282e-13, 2.92987910409e-13, 7.23254268975e-12, 5.8209388698e-11, 1.52998214098e-09, 2.30818675284e-09, 5.07303443698e-09, 1.69625824498e-08, 5.03765598125e-08, 2.45550761946e-08, 3.26749329815e-08, 3.92657497628e-08, 5.5765781326e-08, 3.84636784645e-08, 6.96161421843e-08, 1.11999185037e-07, 1.27002195427e-07, 7.02071716319e-08, 6.81930885094e-08, 5.09257969128e-09, 4.61379018324e-10, 2.30576963772e-11, 4.79048615012e-12, 9.18250826938e-13, 5.21369277232e-14, 3.20541018045e-14], [8.7916858318e-16, 1.99747224918e-14, 3.20029003569e-14, 8.54117937401e-13, 6.53499303283e-12, 1.56077623048e-10, 2.24465501741e-10, 5.20658682834e-10, 1.80583292764e-09, 5.52395018616e-09, 2.48446596629e-09, 3.29182481273e-09, 4.30995106271e-09, 6.21700513292e-09, 3.90871113254e-09, 7.00894453587e-09, 1.03168869003e-08, 1.4232726997e-08, 7.56866658236e-09, 7.1447940897e-09, 4.61379018324e-10, 5.33852302642e-11, 2.43478913246e-12, 5.06271728099e-13, 1.06739839406e-13, 4.71031337375e-15, 2.43157197597e-15], [5.27455423364e-17, 1.34075521732e-15, 2.03790197879e-15, 5.24672875133e-14, 3.229694344e-13, 8.03152249568e-12, 1.28545932579e-11, 2.17129786373e-11, 8.59652002361e-11, 2.62223964764e-10, 1.28245691844e-10, 1.4603239451e-10, 2.24050639153e-10, 3.13541026475e-10, 1.7341844627e-10, 3.44107381478e-10, 5.27306087683e-10, 6.56655618769e-10, 3.54583723494e-10, 3.45162676219e-10, 2.30576963772e-11, 2.43478913246e-12, 1.38321618699e-13, 2.58745746319e-14, 6.42339346386e-15, 2.65148841061e-16, 1.33431736987e-16], [1.27273177149e-17, 2.92000261945e-16, 5.10890939691e-16, 1.35260683879e-14, 8.11168284777e-14, 1.64272740376e-12, 2.67768186096e-12, 5.28449029327e-12, 1.78545025986e-11, 5.77050802975e-11, 2.63904054859e-11, 3.03118710687e-11, 4.21464634026e-11, 6.45989997605e-11, 3.58106287679e-11, 7.7326256509e-11, 1.10110510987e-10, 1.5277194787e-10, 7.24822910025e-11, 7.42308645107e-11, 4.79048615012e-12, 5.06271728099e-13, 2.58745746319e-14, 5.79142091136e-15, 1.33524918552e-15, 6.25401747347e-17, 2.57455598143e-17], [5.23130981024e-18, 9.3514462315e-17, 2.24119650357e-16, 5.4883080536e-15, 2.14776486255e-14, 2.8255075688e-13, 7.16008632592e-13, 1.05002194006e-12, 3.97410966982e-12, 1.10731450051e-11, 5.63956260163e-12, 4.92634362123e-12, 1.01000189115e-11, 1.35872060131e-11, 6.80384394658e-12, 1.42481287185e-11, 2.16230679195e-11, 2.91061619251e-11, 1.44945323105e-11, 1.20425154224e-11, 9.18250826938e-13, 1.06739839406e-13, 6.42339346386e-15, 1.33524918552e-15, 4.97939223593e-16, 2.01381007875e-17, 5.16107679956e-18], [2.21603883301e-19, 5.7187466657e-18, 1.02441777643e-17, 2.52257740758e-16, 1.08627983843e-15, 1.78775553118e-14, 4.37069813935e-14, 6.89677942577e-14, 2.17943284947e-13, 4.4610056751e-13, 2.70701023446e-13, 2.9852555432e-13, 4.68202625108e-13, 4.76152700168e-13, 3.09152876909e-13, 6.88114279099e-13, 1.20697299811e-12, 1.19174678806e-12, 7.67127355562e-13, 5.80382963911e-13, 5.21369277232e-14, 4.71031337375e-15, 2.65148841061e-16, 6.25401747347e-17, 2.01381007875e-17, 1.79044132806e-18, 8.99070982988e-19], [5.17666526377e-20, 6.82420541537e-19, 1.80880970074e-18, 2.48089068108e-17, 2.48036737354e-16, 1.18869037809e-14, 1.47162487816e-14, 3.55465135137e-14, 1.09931229159e-13, 2.15743303214e-13, 1.37615748875e-13, 2.3666683305e-13, 2.61125214333e-13, 2.48706383179e-13, 1.94027086065e-13, 4.08951816638e-13, 8.45606841927e-13, 6.81362193229e-13, 5.18238609578e-13, 4.26333800077e-13, 3.20541018045e-14, 2.43157197597e-15, 1.33431736987e-16, 2.57455598143e-17, 5.16107679956e-18, 8.99070982988e-19, 8.09709317245e-19]]
    },
    "mfcc": {
        "kurt": [-1.56860566139, -1.34549570084, -1.38252055645, 0.600863456726, -1.6241298914, -1.44449853897, -1.18188416958, -1.27744889259, -0.166950702667, -0.673028230667, -0.559509038925, 0.151776790619, 0.0470724105835],
        "max": [-683.391479492, 110.535560608, -6.103515625e-05, 13.9386634827, 12.5699310303, 2.03206634521, 7.45470046997, 12.0824298859, 11.2628135681, 13.2785968781, 5.4686088562, 16.8483333588, 13.4187698364],
        "mean": [-886.59576416, 52.6403274536, -127.369758606, -5.48552560806, -34.9749412537, -27.3429546356, -6.02130842209, -12.0894546509, -1.62609767914, -5.10850095749, -4.12896347046, -1.34891152382, -2.13037395477],
        "median": [-829.967468262, 70.3958129883, -175.331207275, 8.01086425781e-05, -41.0384178162, -36.2897987366, -4.58629226685, -14.3364028931, -4.57763671875e-05, -3.74968338013, -1.89316177368, -3.0517578125e-05, -3.81469726562e-05],
        "min": [-1138.42004395, 1.14440917969e-05, -216.576065063, -41.9860610962, -77.4791259766, -52.7449760437, -19.1116333008, -30.5680847168, -21.0519065857, -19.7052459717, -18.9834461212, -16.8728485107, -16.5389690399],
        "skew": [-0.348672509193, -0.539140224457, 0.596987724304, -1.25697398186, 0.153651997447, 0.479952633381, -0.288790643215, 0.19619075954, -0.591744959354, 0.0292029902339, -0.583013832569, -0.105214379728, -0.421885162592],
        "var": [33575.7695312, 1286.09313965, 7338.984375, 199.169464111, 891.522949219, 376.400787354, 45.4653205872, 128.376983643, 52.9422607422, 63.9191665649, 34.3788261414, 47.4953918457, 38.2450752258],
        "cov": [[34092.3203125, 6422.4296875, -15616.2265625, 645.767456055, -5385.33154297, -3343.5390625, -942.788513184, -1834.82128906, -631.761108398, -1134.58789062, -702.149658203, -528.908996582, -360.929321289], [6422.4296875, 1305.87915039, -3001.25292969, 43.5819091797, -976.917907715, -660.01159668, -165.056884766, -349.296539307, -83.2547302246, -185.352081299, -130.446228027, -71.7772445679, -56.2570838928], [-15616.2265625, -3001.25292969, 7451.89160156, -103.676925659, 2426.04614258, 1616.79101562, 402.091064453, 842.637329102, 228.810058594, 464.149749756, 313.623260498, 173.382827759, 120.201766968], [645.767456055, 43.5819091797, -103.676925659, 202.233612061, -144.791519165, -19.145565033, -28.1443309784, -39.2387313843, -46.2367630005, -70.6459732056, -28.1278400421, -59.6011123657, -34.3509140015], [-5385.33154297, -976.917907715, 2426.04614258, -144.791519165, 905.238708496, 528.593811035, 156.603759766, 310.605499268, 116.204833984, 197.394042969, 117.113517761, 93.6782073975, 54.7302398682], [-3343.5390625, -660.01159668, 1616.79101562, -19.145565033, 528.593811035, 382.191558838, 78.1284866333, 188.907226562, 39.1492271423, 93.5618133545, 73.0308151245, 26.814868927, 21.5863304138], [-942.788513184, -165.056884766, 402.091064453, -28.1443309784, 156.603759766, 78.1284866333, 46.1647872925, 58.203338623, 31.1854972839, 41.24792099, 18.2630157471, 20.5556850433, 8.65576648712], [-1834.82128906, -349.296539307, 842.637329102, -39.2387313843, 310.605499268, 188.907226562, 58.203338623, 130.352020264, 38.1650428772, 68.5588989258, 48.3541488647, 22.9097194672, 3.45565414429], [-631.761108398, -83.2547302246, 228.810058594, -46.2367630005, 116.204833984, 39.1492271423, 31.1854972839, 38.1650428772, 53.7567558289, 41.5338668823, 17.5403499603, 28.8335571289, 14.0804786682], [-1134.58789062, -185.352081299, 464.149749756, -70.6459732056, 197.394042969, 93.5618133545, 41.24792099, 68.5588989258, 41.5338668823, 64.9025421143, 29.6765975952, 29.3048229218, 17.2496852875], [-702.149658203, -130.446228027, 313.623260498, -28.1278400421, 117.113517761, 73.0308151245, 18.2630157471, 48.3541488647, 17.5403499603, 29.6765975952, 34.9077301025, 18.2345256805, 6.76473426819], [-528.908996582, -71.7772445679, 173.382827759, -59.6011123657, 93.6782073975, 26.814868927, 20.5556850433, 22.9097194672, 28.8335571289, 29.3048229218, 18.2345256805, 48.2260894775, 29.0692901611], [-360.929321289, -56.2570838928, 120.201766968, -34.3509140015, 54.7302398682, 21.5863304138, 8.65576648712, 3.45565414429, 14.0804786682, 17.2496852875, 6.76473426819, 29.0692901611, 38.8334617615]]
    },
    "sccoeffs": {
        "kurt": [-1.1058229208, -1.06981611252, -0.856896877289, -1.1626957655, -1.0462937355, -0.843750715256],
        "max": [-0.619972109795, -0.688630819321, -0.641412377357, -0.709715664387, -0.677589595318, -0.629797637463],
        "mean": [-0.777503669262, -0.826694846153, -0.843886733055, -0.843427479267, -0.813212096691, -0.752572596073],
        "median": [-0.742866277695, -0.803614079952, -0.835923910141, -0.831503033638, -0.785003900528, -0.698458433151],
        "min": [-0.974198460579, -0.979385852814, -0.978431105614, -0.9675116539, -0.963048219681, -0.962738931179],
        "skew": [-0.57700163126, -0.467925488949, 0.0266319904476, -0.378569304943, -0.573370635509, -0.895680308342],
        "var": [0.0133698768914, 0.00740981847048, 0.00753113813698, 0.00599925313145, 0.0082945972681, 0.0147339198738],
        "cov": [[0.0135755678639, 0.00853454694152, 0.00878542289138, 0.00841208733618, 0.0100182611495, 0.0134250251576], [0.00853454694152, 0.0075238160789, 0.00595562299713, 0.00558808166534, 0.00683192024007, 0.00967139657587], [0.00878542289138, 0.00595562299713, 0.00764700165018, 0.00609208922833, 0.00729069812223, 0.0093899210915], [0.00841208733618, 0.00558808166534, 0.00609208922833, 0.0060915495269, 0.00684137223288, 0.00884994585067], [0.0100182611495, 0.00683192024007, 0.00729069812223, 0.00684137223288, 0.00842220708728, 0.0108734034002], [0.0134250251576, 0.00967139657587, 0.0093899210915, 0.00884994585067, 0.0108734034002, 0.0149605954066]]
    },
    "scvalleys": {
        "kurt": [-0.556324481964, -0.482921600342, -0.473544836044, -0.468576192856, -0.514422416687, -0.618998527527],
        "max": [-9.9376373291, -5.98108720779, -5.16424560547, -5.04185914993, -5.45783138275, -10.6238861084],
        "mean": [-15.3916225433, -12.3362789154, -11.4374408722, -11.3948822021, -11.8846960068, -15.7562608719],
        "median": [-11.9017696381, -7.94651412964, -6.80749225616, -6.65416288376, -7.219789505, -12.3405637741],
        "min": [-27.5414142609, -27.6747741699, -27.9785079956, -27.4993209839, -27.5115718842, -27.3433017731],
        "skew": [-1.11265969276, -1.16698431969, -1.17788076401, -1.18199944496, -1.1483720541, -1.08163917065],
        "var": [43.4616279602, 68.3663864136, 75.5398406982, 76.8180389404, 73.2572479248, 42.0088233948],
        "cov": [[44.1302680969, 55.1212844849, 57.9470252991, 58.4060745239, 57.099773407, 43.2389755249], [55.1212844849, 69.418182373, 72.8950576782, 73.5092468262, 71.7659912109, 54.226940155], [57.9470252991, 72.8950576782, 76.7019882202, 77.3142089844, 75.4639282227, 56.9950561523], [58.4060745239, 73.5092468262, 77.3142089844, 77.9998550415, 76.1074523926, 57.4625930786], [57.099773407, 71.7659912109, 75.4639282227, 76.1074523926, 74.3842849731, 56.225730896], [43.2389755249, 54.226940155, 56.9950561523, 57.4625930786, 56.225730896, 42.6551132202]]
    }
},
"rhythm": {
    "beats_loudness": {
        "kurt": -1.50000035763,
        "max": 0.0283256657422,
        "mean": 0.012053668499,
        "median": 0.00783033948392,
        "min": 4.99869520354e-06,
        "skew": 0.486271083355,
        "var": 0.00014259495947
    },
    "bpm": 166.70866394,
    "confidence": 0,
    "first_peak_bpm": {
        "kurt": 0,
        "max": 167,
        "mean": 167,
        "median": 167,
        "min": 167,
        "skew": 0,
        "var": 0
    },
    "first_peak_spread": {
        "kurt": 0,
        "max": 0,
        "mean": 0,
        "median": 0,
        "min": 0,
        "skew": 0,
        "var": 0
    },
    "first_peak_weight": {
        "kurt": 0,
        "max": 0.5,
        "mean": 0.5,
        "median": 0.5,
        "min": 0.5,
        "skew": 0,
        "var": 0
    },
    "onset_rate": 0.66667675972,
    "second_peak_bpm": {
        "kurt": 0,
        "max": 172,
        "mean": 172,
        "median": 172,
        "min": 172,
        "skew": 0,
        "var": 0
    },
    "second_peak_spread": {
        "kurt": 0,
        "max": 0,
        "mean": 0,
        "median": 0,
        "min": 0,
        "skew": 0,
        "var": 0
    },
    "second_peak_weight": {
        "kurt": 0,
        "max": 0.5,
        "mean": 0.5,
        "median": 0.5,
        "min": 0.5,
        "skew": 0,
        "var": 0
    },
    "beats_loudness_band_ratio": {
        "kurt": [-1.50000047684, -1.50000023842, -1.49999940395, -1.50000035763, -1.50000345707, -1.50000035763],
        "max": [9.06868262973e-06, 0.00415965076536, 0.0813361033797, 0.419378072023, 0.579626739025, 0.227840438485],
        "mean": [7.16111435395e-06, 0.00301665463485, 0.0650428459048, 0.293101429939, 0.532208859921, 0.141729354858],
        "median": [8.25915230962e-06, 0.00344833941199, 0.0692522004247, 0.235345512629, 0.513683617115, 0.149148002267],
        "min": [4.15550903199e-06, 0.00144197407644, 0.0445402190089, 0.224580675364, 0.503316104412, 0.0481996126473],
        "skew": [-0.632721543312, -0.509922623634, -0.391540914774, 0.699424803257, 0.657522022724, -0.150321677327],
        "var": [4.62605604865e-12, 1.32413697429e-06, 0.000234515537159, 0.00799220986664, 0.00114214385394, 0.00540598994121],
        "cov": [[6.93908385613e-12, -2.9825999448e-09, -2.04190975239e-09, 1.91704742747e-07, 5.17843403713e-08, -2.1454218313e-07], [-2.9825999448e-09, 1.98620546144e-06, -1.48480357893e-05, -0.00015104834165, 8.30830413179e-06, 0.000124453305034], [-2.04190975239e-09, -1.48480357893e-05, 0.000351773313014, 0.00147658889182, -0.000697823765222, -0.000656766991597], [1.91704742747e-07, -0.00015104834165, 0.00147658889182, 0.0119883148, -0.00154910748824, -0.00906974449754], [5.17843403713e-08, 8.30830413179e-06, -0.000697823765222, -0.00154910748824, 0.0017132157227, -0.000201774353627], [-2.1454218313e-07, 0.000124453305034, -0.000656766991597, -0.00906974449754, -0.000201774353627, 0.00810898467898]]
    },
    "beats_position": [0.371519267559, 0.719818592072, 1.07972788811],
    "bpm_estimates": [166.70866394],
    "bpm_intervals": [0.348299324512, 0.359909296036],
    "onset_times": [0.0348299331963],
    "histogram": [[0, 0, 0, 0, 0, 0, 0, 0, 0, 0, 0, 0, 0, 0, 0, 0, 0, 0, 0, 0, 0, 0, 0, 0, 0, 0, 0, 0, 0, 0, 0, 0, 0, 0, 0, 0, 0, 0, 0, 0, 0, 0, 0, 0, 0, 0, 0, 0, 0, 0, 0, 0, 0, 0, 0, 0, 0, 0, 0, 0, 0, 0, 0, 0, 0, 0, 0, 0, 0, 0, 0, 0, 0, 0, 0, 0, 0, 0, 0, 0, 0, 0, 0, 0, 0, 0, 0, 0, 0, 0, 0, 0, 0, 0, 0, 0, 0, 0, 0, 0, 0, 0, 0, 0, 0, 0, 0, 0, 0, 0, 0, 0, 0, 0, 0, 0, 0, 0, 0, 0, 0, 0, 0, 0, 0, 0, 0, 0, 0, 0, 0, 0, 0, 0, 0, 0, 0, 0, 0, 0, 0, 0, 0, 0, 0, 0, 0, 0, 0, 0, 0, 0, 0, 0, 0, 0, 0, 0, 0, 0, 0, 0, 0, 0, 0, 0, 0, 0.5, 0, 0, 0, 0, 0.5, 0, 0, 0, 0, 0, 0, 0, 0, 0, 0, 0, 0, 0, 0, 0, 0, 0, 0, 0, 0, 0, 0, 0, 0, 0, 0, 0, 0, 0, 0, 0, 0, 0, 0, 0, 0, 0, 0, 0, 0, 0, 0, 0, 0, 0, 0, 0, 0, 0, 0, 0, 0, 0, 0, 0, 0, 0, 0, 0, 0, 0, 0, 0, 0, 0, 0, 0, 0, 0, 0, 0, 0, 0, 0, 0, 0, 0]]
},
"sfx": {
    "inharmonicity": {
        "kurt": -1.01378858089,
        "max": 0.450967699289,
        "mean": 0.147747397423,
        "median": 0.118128485978,
        "min": 0,
        "skew": 0.435643821955,
        "var": 0.0147430123761
    },
    "oddtoevenharmonicenergyratio": {
        "kurt": 39.6163482666,
        "max": 16.7361106873,
        "mean": 1.2982108593,
        "median": 0.889248907566,
        "min": 0,
        "skew": 5.87728500366,
        "var": 4.50036621094
    },
    "pitch_after_max_to_before_max_energy_ratio": 0.168828785419,
    "pitch_centroid": 31.8320503235,
    "pitch_max_to_total": 0.969696998596,
    "pitch_min_to_total": 0.348484843969,
    "tristimulus": {
        "kurt": [1.6941742897, -1.16648745537, -1.37912023067],
        "max": [1, 0.862910091877, 0.999492526054],
        "mean": [0.226307108998, 0.361180663109, 0.412512302399],
        "median": [0.11357665062, 0.34312492609, 0.411725074053],
        "min": [9.65565486695e-05, 0, 0],
        "skew": [1.76524102688, 0.104753084481, 0.184568122029],
        "var": [0.0977854132652, 0.0663193836808, 0.114814244211],
        "cov": [[0.099289804697, -0.0250244494528, -0.0742653310299], [-0.0250244494528, 0.0673396810889, -0.0423152484], [-0.0742653310299, -0.0423152484, 0.116580620408]]
    }
},
"tonal": {
    "chords_changes_rate": 0,
    "chords_number_rate": 0.0294117648154,
    "chords_strength": {
        "kurt": -0.321275234222,
        "max": 0.622480928898,
        "mean": 0.580681085587,
        "median": 0.605137944221,
        "min": 0.496600836515,
        "skew": -1.09622836113,
        "var": 0.00150850787759
    },
    "key_strength": 0.5921921134,
    "tuning_diatonic_strength": 0.505019783974,
    "tuning_equal_tempered_deviation": 0.271991878748,
    "tuning_frequency": 435.952270508,
    "tuning_nontempered_energy_ratio": 0.915452837944,
    "hpcp": {
        "kurt": [-0.00616002082825, 2.80075311661, 3.76160907745, 1.9548406601, 0.117470741272, -0.757852554321, -0.270696401596, -1.13635241985, -1.00517976284, -0.258975982666, 0.252203941345, 0.570057630539, -0.824115753174, 0.596895217896, -0.258843421936, -0.635744810104, 0.459423065186, -0.659437656403, -1.23395705223, -1.38864183426, -1.36796689034, -0.568639278412, -0.747357130051, -0.0843365192413, -0.039172410965, -0.741933822632, -0.0629529953003, -0.785851716995, -1.20960652828, -1.02644705772, -1.52366805077, -1.35860621929, -1.35134887695, -0.747363805771, -0.72176861763, -0.0740036964417],
        "max": [0.821616709232, 0.79637247324, 0.855789780617, 0.903085112572, 0.747071921825, 0.729803919792, 1, 0.867264032364, 0.900043189526, 1, 1, 1, 0.652450501919, 0.714740395546, 0.678731918335, 0.657212138176, 0.840254187584, 1, 0.970480442047, 1, 1, 0.9886687994, 0.72971111536, 1, 1, 0.734762132168, 0.799599885941, 0.852807283401, 0.742120683193, 1, 1, 1, 0.76937431097, 0.681481301785, 0.762402772903, 1],
        "mean": [0.25167965889, 0.192826732993, 0.194626316428, 0.221263945103, 0.234996199608, 0.265531331301, 0.333486229181, 0.368189692497, 0.347131282091, 0.308490812778, 0.315730661154, 0.289282739162, 0.211134374142, 0.199892014265, 0.217998817563, 0.2254640311, 0.261402696371, 0.336656570435, 0.402817666531, 0.466193556786, 0.439618080854, 0.325877994299, 0.263785332441, 0.299333661795, 0.304477006197, 0.250099688768, 0.261797755957, 0.302623659372, 0.307174801826, 0.371151119471, 0.475288063288, 0.459500283003, 0.347371697426, 0.246980801225, 0.269011974335, 0.310170173645],
        "median": [0.27799987793, 0.189861282706, 0.184687376022, 0.213185817003, 0.214295521379, 0.253751069307, 0.34135979414, 0.350171118975, 0.368034899235, 0.293370038271, 0.301226079464, 0.24211370945, 0.159259349108, 0.176096618176, 0.187505841255, 0.203195914626, 0.274241805077, 0.286823868752, 0.383692026138, 0.445602923632, 0.382944881916, 0.304031670094, 0.275382697582, 0.237021163106, 0.282363712788, 0.237159222364, 0.206008076668, 0.250613480806, 0.266620248556, 0.334369599819, 0.448216289282, 0.470903873444, 0.415544658899, 0.257590860128, 0.283844292164, 0.316493034363],
        "min": [0, 0, 0, 0, 0, 0, 0, 0, 0, 0, 0, 0, 0, 0, 0, 0, 0, 0, 0, 0, 0, 0, 0, 0, 0, 0, 0, 0, 0, 0, 0, 0, 0, 0, 0, 0],
