{
"metadata": {
    "version": {
        "essentia": "2.1-beta3"
    }
},
"lowLevel": {
    "average_loudness": 0.655043005943,
    "barkbands_kurtosis": {
        "kurt": 120.738639832,
        "max": 142.8334198,
        "mean": 10.3143119812,
        "median": 9.97278594971,
        "min": -1.71851146221,
        "skew": 9.08417034149,
        "var": 83.0257110596
    },
    "barkbands_skewness": {
        "kurt": 33.5632095337,
        "max": 10.0133638382,
        "mean": -2.25870633125,
        "median": -2.52897357941,
        "min": -7.78380298615,
        "skew": 3.66995859146,
        "var": 1.39397263527
    },
    "barkbands_spread": {
        "kurt": 10.5181293488,
        "max": 56.9430961609,
        "mean": 7.50607919693,
        "median": 4.58022022247,
        "min": 0.648393750191,
        "skew": 3.29927253723,
        "var": 77.0201416016
    },
    "dissonance": {
        "kurt": 121.897819519,
        "max": 0.499937862158,
        "mean": 0.49336963892,
        "median": 0.495413690805,
        "min": 0.360715836287,
        "skew": -9.03778839111,
        "var": 8.11403733678e-05
    },
    "hfc": {
        "kurt": 0.336431980133,
        "max": 19.962770462,
        "mean": 4.5977063179,
        "median": 2.64887881279,
        "min": 5.37261585123e-05,
        "skew": 1.13855993748,
        "var": 22.7809352875
    },
    "pitch": {
        "kurt": 97.5012207031,
        "max": 3902.8840332,
        "mean": 3392.0859375,
        "median": 3409.61303711,
        "min": 136.807693481,
        "skew": -9.34547138214,
        "var": 92975.6015625
    },
    "pitch_instantaneous_confidence": {
        "kurt": 3.05011081696,
        "max": 0.861179828644,
        "mean": 0.601664662361,
        "median": 0.601152300835,
        "min": 0.326552629471,
        "skew": -0.143577069044,
        "var": 0.00351990084164
    },
    "pitch_salience": {
        "kurt": 42.3513412476,
        "max": 0.955077767372,
        "mean": 0.781242966652,
        "median": 0.787070035934,
        "min": 0.223021894693,
        "skew": -4.85731220245,
        "var": 0.0028567367699
    },
    "silence_rate_20dB": {
        "kurt": 0,
        "max": 1,
        "mean": 1,
        "median": 1,
        "min": 1,
        "skew": 0,
        "var": 0
    },
    "silence_rate_30dB": {
        "kurt": 0,
        "max": 1,
        "mean": 1,
        "median": 1,
        "min": 1,
        "skew": 0,
        "var": 0
    },
    "silence_rate_60dB": {
        "kurt": 1.40162372589,
        "max": 1,
        "mean": 0.838961064816,
        "median": 1,
        "min": 0,
        "skew": -1.84434747696,
        "var": 0.135105520487
    },
    "spectral_centroid": {
        "kurt": 28.2521362305,
        "max": 3778.44921875,
        "mean": 3114.19555664,
        "median": 3179.32275391,
        "min": 147.732818604,
        "skew": -4.67248058319,
        "var": 157455.734375
    },
    "spectral_complexity": {
        "kurt": -0.440969467163,
        "max": 30,
        "mean": 6.71168851852,
        "median": 3,
        "min": 0,
        "skew": 0.900286912918,
        "var": 60.9584617615
    },
    "spectral_crest": {
        "kurt": 1.52902889252,
        "max": 18.8490180969,
        "mean": 9.82376098633,
        "median": 9.81182289124,
        "min": 4.03937292099,
        "skew": 0.496568828821,
        "var": 3.55138206482
    },
    "spectral_decrease": {
        "kurt": 8.60255718231,
        "max": -6.57874904726e-15,
        "mean": -3.09033909573e-10,
        "median": -1.61337568305e-10,
        "min": -3.10553760485e-09,
        "skew": -2.29799079895,
        "var": 1.42244731095e-19
    },
    "spectral_energy": {
        "kurt": 3.61203289032,
        "max": 0.012111146003,
        "mean": 0.00158339040354,
        "median": 0.000857042963617,
        "min": 2.97029210117e-08,
        "skew": 1.73824238777,
        "var": 3.31591604663e-06
    },
    "spectral_energyband_high": {
        "kurt": 1.16539478302,
        "max": 0.000588625436649,
        "mean": 0.000118821655633,
        "median": 6.48603891023e-05,
        "min": 3.90921695015e-09,
        "skew": 1.3431442976,
        "var": 1.54514339101e-08
    },
    "spectral_energyband_low": {
        "kurt": 313.248657227,
        "max": 0.00816382281482,
        "mean": 5.38802669325e-05,
        "median": 2.16801890929e-06,
        "min": 1.8176102845e-09,
        "skew": 17.110824585,
        "var": 1.88666362533e-07
    },
    "spectral_energyband_middle_high": {
        "kurt": 0.352411746979,
        "max": 0.00589605094865,
        "mean": 0.00130526162684,
        "median": 0.000764196331147,
        "min": 1.22395249491e-08,
        "skew": 1.13183176517,
        "var": 1.84564953543e-06
    },
    "spectral_energyband_middle_low": {
        "kurt": 34.1588745117,
        "max": 0.00442446768284,
        "mean": 0.000121299010061,
        "median": 7.90885042079e-06,
        "min": 9.31806454219e-09,
        "skew": 5.37325286865,
        "var": 1.90852148307e-07
    },
    "spectral_flatness_db": {
        "kurt": 8.82328510284,
        "max": 0.409217149019,
        "mean": 0.224684238434,
        "median": 0.227364346385,
        "min": 0.0751781463623,
        "skew": -0.196171224117,
        "var": 0.000924174964894
    },
    "spectral_flux": {
        "kurt": 2.67895555496,
        "max": 0.105247922242,
        "mean": 0.0212809126824,
        "median": 0.0180346444249,
        "min": 0.000189208440133,
        "skew": 1.08959424496,
        "var": 0.000193088359083
    },
    "spectral_kurtosis": {
        "kurt": 148.788406372,
        "max": 50.1696624756,
        "mean": 5.03137540817,
        "median": 4.70418787003,
        "min": 1.38030099869,
        "skew": 10.5002851486,
        "var": 8.61042022705
    },
    "spectral_rms": {
        "kurt": -0.32083272934,
        "max": 0.00343740498647,
        "mean": 0.00104567746166,
        "median": 0.000914406613447,
        "min": 5.38316453458e-06,
        "skew": 0.662404000759,
        "var": 4.51329867701e-07
    },
    "spectral_rolloff": {
        "kurt": 68.0957107544,
        "max": 4435.83984375,
        "mean": 3790.62573242,
        "median": 3811.37695312,
        "min": 150.732421875,
        "skew": -7.71776008606,
        "var": 158416.125
    },
    "spectral_skewness": {
        "kurt": 63.0721893311,
        "max": 5.98570108414,
        "mean": 1.52274501324,
        "median": 1.54930126667,
        "min": 0.774561524391,
        "skew": 5.28474092484,
        "var": 0.129515022039
    },
    "spectral_spread": {
        "kurt": 29.6344604492,
        "max": 9774871,
        "mean": 3430414.25,
        "median": 3364517.5,
        "min": 1678067.5,
        "skew": 4.57189369202,
        "var": 510982225920
    },
    "spectral_strongpeak": {
        "kurt": 18.7416000366,
        "max": 6.33529853821,
        "mean": 0.715321540833,
        "median": 0.545109689236,
        "min": 0.000188973150216,
        "skew": 2.78046607971,
        "var": 0.363489121199
    },
    "zerocrossingrate": {
        "kurt": 36.1081466675,
        "max": 0.17236328125,
        "mean": 0.146839484572,
        "median": 0.14892578125,
        "min": 0.0068359375,
        "skew": -5.14029312134,
        "var": 0.000250421551755
    },
    "barkbands": {
        "kurt": [226.462020874, 377.465118408, 299.681274414, 227.477416992, 118.302688599, 33.4312667847, 32.7725601196, 36.0960006714, 39.3095054626, 9.14489841461, 6.9361743927, 1.28911304474, 1.87687253952, 2.84622049332, 0.892702579498, 4.7309088707, 5.23147296906, 3.45379209518, 0.98862528801, 1.61919641495, 4.05293083191, 7.03633308411, 3.94282531738, -0.313122987747, 4.86352443695, 0.864233255386, 15.873374939],
        "max": [1.37287827329e-06, 0.00217289966531, 0.00478665158153, 0.00232073944062, 0.00200864276849, 0.00173123064451, 0.000159105882631, 0.00034473661799, 0.000262167450273, 4.82124669361e-05, 7.14104462531e-05, 0.000160834082635, 6.01998799539e-05, 4.46457415819e-05, 7.83602008596e-05, 0.000387307605706, 0.0010046196403, 0.00225235917605, 0.00262093846686, 0.00128732959274, 0.000315768877044, 0.000127657418489, 2.65989638137e-05, 3.13370242111e-06, 2.24992641051e-06, 2.25033360834e-08, 8.20624512787e-10],
        "mean": [8.06320077373e-09, 6.80449420543e-06, 3.75497111236e-05, 1.48585031639e-05, 2.31983776757e-05, 5.51033954252e-05, 6.8923282015e-06, 1.12891793833e-05, 9.25963013287e-06, 4.38913230028e-06, 7.25156951376e-06, 2.85846927e-05, 1.11433673737e-05, 7.13984218237e-06, 1.84986674867e-05, 5.27221454831e-05, 0.000127845676616, 0.000342070154147, 0.000526690855622, 0.000233250771998, 3.80002747988e-05, 1.54206300067e-05, 4.0007298594e-06, 1.03264517293e-06, 3.81768700208e-07, 5.13915576761e-09, 9.11761638411e-11],
        "median": [1.08954227585e-10, 4.67550513861e-08, 1.94232325157e-06, 1.48635848518e-07, 1.77527368805e-07, 3.37392953043e-06, 7.71257077758e-07, 1.38977509323e-06, 1.32546949771e-06, 1.57755744112e-06, 1.61153695899e-06, 1.20476706797e-05, 6.46823582429e-06, 3.19846867569e-06, 1.65909386851e-05, 2.19079029193e-05, 7.8585355368e-05, 0.00018412170175, 0.000292879791232, 0.000124985701405, 1.5072363567e-05, 8.03222428658e-06, 2.25511962526e-06, 1.02759827314e-06, 3.48736904243e-07, 4.36001101889e-09, 5.93327262322e-11],
        "min": [1.66157712589e-12, 3.83572174023e-10, 3.59038410114e-10, 2.00323202471e-10, 1.27799171246e-09, 1.82418335992e-09, 1.50121540199e-10, 3.95352389715e-10, 5.05021913177e-10, 6.19908124833e-10, 2.21010376666e-10, 3.15784204341e-10, 1.60556692941e-10, 3.69273951695e-11, 3.01347474752e-10, 4.39209391079e-10, 5.30644472807e-10, 1.57771273823e-09, 4.44370851227e-09, 2.70475219999e-09, 1.51861645481e-09, 2.10128636713e-10, 2.08025402459e-10, 1.1450545373e-10, 8.34277508188e-11, 1.21537172687e-11, 5.30130714988e-14],
        "skew": [14.4213685989, 19.448884964, 16.5808582306, 14.3051767349, 9.9682636261, 5.75695085526, 5.21577501297, 5.70531272888, 6.00969171524, 2.65983939171, 2.48893737793, 1.40671563148, 1.51363885403, 1.79139661789, 1.01241922379, 2.14685750008, 1.79759776592, 1.81663405895, 1.28607368469, 1.37599265575, 1.84322106838, 2.47895717621, 1.90921318531, 0.49643856287, 1.5026140213, 1.06933283806, 3.63488101959],
        "var": [6.43992839402e-15, 1.22593579732e-08, 6.61332890672e-08, 1.81968839996e-08, 1.96119582796e-08, 5.08995796622e-08, 3.05850234028e-10, 1.41100708895e-09, 8.41740288582e-10, 4.26735972947e-11, 1.39863204351e-10, 1.17913023789e-09, 1.46377243659e-10, 7.87924933632e-11, 2.46859477304e-10, 4.91477436526e-09, 1.91546583039e-08, 1.66407232882e-07, 3.19130151638e-07, 6.13426465179e-08, 2.20254503525e-09, 3.84502790718e-10, 2.08691293413e-11, 4.56193785005e-13, 8.41162263541e-14, 1.63343090863e-17, 1.315048749e-20],
        "cov": [[6.45669879934e-15, 7.87324545837e-12, 1.86255420809e-11, 1.00798492816e-11, 7.83468775967e-12, 6.90384761078e-13, 7.88972565665e-14, 1.17094186994e-13, 7.03452595653e-14, 9.16810166196e-15, 2.23498706386e-14, -8.16853705445e-14, -2.106303108e-14, -3.18977128409e-15, -7.27791308122e-14, -1.3847038479e-13, -6.00300042422e-14, -9.76330453116e-13, -8.1508112976e-13, -3.37800737361e-14, 3.957651264e-13, 6.73187634109e-14, -3.35845006048e-15, -3.60757134411e-15, -7.56880424881e-16, -1.18965909791e-17, 1.4946337862e-18], [7.87324545837e-12, 1.22912835465e-08, 2.73120406291e-08, 1.33984849882e-08, 1.15137632761e-08, 3.72613745414e-10, 5.85935397424e-11, 1.12678831543e-10, 4.17892942473e-11, 1.0322091272e-11, 7.65890042359e-12, -8.36147748262e-11, -3.50990451981e-11, -2.08507291294e-11, -8.50911216488e-11, -1.644974712e-10, -3.29887145378e-10, -9.65242219486e-10, -5.43822709087e-10, -1.01380570605e-11, 6.20966167375e-10, 1.12089497406e-10, -5.21550793005e-13, -3.78733676365e-12, -1.3627487539e-13, -1.72653774957e-14, 6.88766746884e-16], [1.86255420809e-11, 2.73120406291e-08, 6.63055104155e-08, 3.33157963439e-08, 3.05663512279e-08, 9.31728560971e-09, 9.50591272364e-10, 1.71203018429e-09, 1.24895427334e-09, 2.11225426039e-10, 4.23531987259e-10, 9.56039913902e-10, 3.51005918775e-10, 2.79930550962e-10, 2.41869135831e-10, 2.01043803827e-09, 3.08347902767e-09, 1.19294361056e-08, 1.65619074011e-08, 8.40491320986e-09, 3.11146464149e-09, 1.15599929629e-09, 1.58276669548e-10, 7.92034146602e-12, 3.34615755243e-12, 7.56842437571e-14, 4.46147796373e-15], [1.00798492816e-11, 1.33984849882e-08, 3.33157963439e-08, 1.8244271871e-08, 1.48799541577e-08, 2.20570117726e-09, 3.17025655727e-10, 4.07822137172e-10, 3.44163836319e-10, 7.10509290291e-11, 1.24391677514e-10, 2.66867999921e-10, 4.41390084205e-11, 7.21855283881e-11, -3.96927317403e-11, 4.82467454876e-10, 1.26680055335e-09, 2.16801798736e-09, 3.85019527371e-09, 2.07884398584e-09, 1.31863264752e-09, 3.71552871803e-10, 5.24970344973e-11, -8.18592494679e-14, 1.10711238083e-13, 1.83543251703e-15, 2.80221686479e-15], [7.83468775967e-12, 1.15137632761e-08, 3.05663512279e-08, 1.48799541577e-08, 1.96630320914e-08, 8.84636808252e-09, 1.10715436819e-09, 1.58838353581e-09, 1.15566789471e-09, 1.88142626478e-10, 4.00388056043e-10, 1.0519590754e-09, 4.0949454938e-10, 2.88684021132e-10, 3.73499647877e-10, 2.63489563501e-09, 3.72578323748e-09, 1.05734798694e-08, 1.41414977506e-08, 6.98525548515e-09, 2.42472686374e-09, 1.15503551168e-09, 1.49791165582e-10, 1.39474968033e-11, 3.843604688e-12, 9.64991094302e-14, 3.75700489667e-15], [6.90384761078e-13, 3.72613745414e-10, 9.31728560971e-09, 2.20570117726e-09, 8.84636808252e-09, 5.10321314096e-08, 3.09745984417e-09, 8.07518407697e-09, 5.86959991722e-09, 3.37303407427e-10, 9.82453118858e-10, 2.84620327307e-09, 1.28029598034e-09, 7.61318563747e-10, 1.18427789797e-09, 5.94549165456e-09, 8.66929728005e-09, 3.76343756159e-08, 5.1843358051e-08, 2.73290066133e-08, 4.74864458866e-09, 2.28440710792e-09, 3.90928039939e-10, 4.89106220802e-11, 1.04955349967e-11, 3.4730901423e-13, 2.66556800402e-15], [7.88972565665e-14, 5.85935397424e-11, 9.50591272364e-10, 3.17025655727e-10, 1.10715436819e-09, 3.09745984417e-09, 3.06646708026e-10, 5.0867604573e-10, 4.30540131324e-10, 5.12300445121e-11, 1.22253485113e-10, 3.67337854579e-10, 1.34425151566e-10, 9.19168699487e-11, 1.47368034442e-10, 8.20979451088e-10, 1.20000309689e-09, 4.14251255521e-09, 5.49264145278e-09, 2.76121281395e-09, 5.46589717931e-10, 2.46229647782e-10, 4.6433471651e-11, 5.17149214077e-12, 1.55171220925e-12, 3.92137595995e-14, 5.96701412358e-16], [1.17094186994e-13, 1.12678831543e-10, 1.71203018429e-09, 4.07822137172e-10, 1.58838353581e-09, 8.07518407697e-09, 5.0867604573e-10, 1.41468159409e-09, 9.56479451197e-10, 6.99347038613e-11, 2.10340453388e-10, 5.21638565676e-10, 2.35451519393e-10, 1.40870828891e-10, 2.33159408447e-10, 1.07680286909e-09, 1.74010372778e-09, 7.30208649102e-09, 9.63013935262e-09, 4.94509455606e-09, 9.00844787655e-10, 4.03644478952e-10, 7.61331345189e-11, 1.00610917167e-11, 2.08684783863e-12, 6.53961002646e-14, 4.64224982951e-16], [7.03452595653e-14, 4.17892942473e-11, 1.24895427334e-09, 3.44163836319e-10, 1.15566789471e-09, 5.86959991722e-09, 4.30540131324e-10, 9.56479451197e-10, 8.43932312922e-10, 6.08655417733e-11, 1.47807613371e-10, 4.87313356334e-10, 1.88720192251e-10, 1.22037338568e-10, 1.87101098503e-10, 1.04162045655e-09, 1.47527423611e-09, 5.69091085367e-09, 7.73016761713e-09, 4.23422319429e-09, 7.4998052213e-10, 3.41586287034e-10, 6.34806027189e-11, 7.60837313291e-12, 1.90399540752e-12, 5.29008260808e-14, 5.21160578902e-16], [9.16810166196e-15, 1.0322091272e-11, 2.11225426039e-10, 7.10509290291e-11, 1.88142626478e-10, 3.37303407427e-10, 5.12300445121e-11, 6.99347038613e-11, 6.08655417733e-11, 4.27847236806e-11, 4.89638052326e-11, 1.74145087239e-10, 5.80230724578e-11, 4.31258397049e-11, 6.32581348414e-11, 3.52855217267e-10, 6.42700170861e-10, 1.84098991607e-09, 2.70483080378e-09, 1.09045261709e-09, 2.40726438783e-10, 9.51112313907e-11, 2.22830729563e-11, 2.40188836702e-12, 9.26259719966e-13, 1.97413090107e-14, 2.18741136726e-16], [2.23498706386e-14, 7.65890042359e-12, 4.23531987259e-10, 1.24391677514e-10, 4.00388056043e-10, 9.82453118858e-10, 1.22253485113e-10, 2.10340453388e-10, 1.47807613371e-10, 4.89638052326e-11, 1.40227426892e-10, 2.89891943783e-10, 1.02781415323e-10, 7.93183921322e-11, 1.26179733329e-10, 6.1968669085e-10, 1.12630271776e-09, 3.75205955194e-09, 4.98527263915e-09, 2.04234740231e-09, 4.24957263823e-10, 1.78047632193e-10, 4.23807551553e-11, 4.50377929395e-12, 1.4401006429e-12, 3.35019386094e-14, 3.70520772021e-16], [-8.16853705445e-14, -8.36147748262e-11, 9.56039913902e-10, 2.66867999921e-10, 1.0519590754e-09, 2.84620327307e-09, 3.67337854579e-10, 5.21638565676e-10, 4.87313356334e-10, 1.74145087239e-10, 2.89891943783e-10, 1.18220089274e-09, 3.53871570935e-10, 2.59673837988e-10, 3.99876659563e-10, 2.1343478096e-09, 4.13950784761e-09, 1.16889067314e-08, 1.68232183739e-08, 7.21249415747e-09, 1.42252909452e-09, 5.64216506849e-10, 1.34123143147e-10, 1.477561129e-11, 5.92118845275e-12, 1.13035510043e-13, 1.47611192932e-15], [-2.106303108e-14, -3.50990451981e-11, 3.51005918775e-10, 4.41390084205e-11, 4.0949454938e-10, 1.28029598034e-09, 1.34425151566e-10, 2.35451519393e-10, 1.88720192251e-10, 5.80230724578e-11, 1.02781415323e-10, 3.53871570935e-10, 1.46758424857e-10, 8.80920614232e-11, 1.5149451138e-10, 6.58174181822e-10, 1.25003862816e-09, 4.16169809725e-09, 5.86710058315e-09, 2.41634556808e-09, 4.56932741644e-10, 1.93009497274e-10, 4.38560056326e-11, 5.47540615278e-12, 1.91784869236e-12, 4.00554731798e-14, 5.66951815305e-16], [-3.18977128409e-15, -2.08507291294e-11, 2.79930550962e-10, 7.21855283881e-11, 2.88684021132e-10, 7.61318563747e-10, 9.19168699487e-11, 1.40870828891e-10, 1.22037338568e-10, 4.31258397049e-11, 7.93183921322e-11, 2.59673837988e-10, 8.80920614232e-11, 7.89976764559e-11, 9.70936178679e-11, 4.96829744012e-10, 9.48503608988e-10, 2.96888313933e-09, 4.01616828682e-09, 1.83187920388e-09, 3.45128675638e-10, 1.4766941836e-10, 3.44934913965e-11, 3.63068928221e-12, 1.35727572844e-12, 2.76954972627e-14, 3.80274700516e-16], [-7.27791308122e-14, -8.50911216488e-11, 2.41869135831e-10, -3.96927317403e-11, 3.73499647877e-10, 1.18427789797e-09, 1.47368034442e-10, 2.33159408447e-10, 1.87101098503e-10, 6.32581348414e-11, 1.26179733329e-10, 3.99876659563e-10, 1.5149451138e-10, 9.70936178679e-11, 2.47502324191e-10, 7.37949867879e-10, 1.53579404749e-09, 5.04279817903e-09, 6.92712598394e-09, 2.7664623925e-09, 4.93555141201e-10, 2.12688242018e-10, 5.15732977158e-11, 7.89725489864e-12, 2.80154870656e-12, 4.90139985619e-14, 6.28520734417e-16], [-1.3847038479e-13, -1.644974712e-10, 2.01043803827e-09, 4.82467454876e-10, 2.63489563501e-09, 5.94549165456e-09, 8.20979451088e-10, 1.07680286909e-09, 1.04162045655e-09, 3.52855217267e-10, 6.1968669085e-10, 2.1343478096e-09, 6.58174181822e-10, 4.96829744012e-10, 7.37949867879e-10, 4.92757346038e-09, 7.54440598882e-09, 2.12837605318e-08, 3.08599332755e-08, 1.38388722704e-08, 2.76226308493e-09, 1.16649945259e-09, 2.57074778132e-10, 2.73963022407e-11, 1.03731537249e-11, 2.11658856132e-13, 2.7966012481e-15], [-6.00300042422e-14, -3.29887145378e-10, 3.08347902767e-09, 1.26680055335e-09, 3.72578323748e-09, 8.66929728005e-09, 1.20000309689e-09, 1.74010372778e-09, 1.47527423611e-09, 6.42700170861e-10, 1.12630271776e-09, 4.13950784761e-09, 1.25003862816e-09, 9.48503608988e-10, 1.53579404749e-09, 7.54440598882e-09, 1.92045401803e-08, 4.20360386499e-08, 6.26141911653e-08, 2.61085375541e-08, 5.2721915722e-09, 1.9856520872e-09, 5.02568597849e-10, 6.16985976198e-11, 2.46965382172e-11, 4.26958408949e-13, 6.33677883929e-15], [-9.76330453116e-13, -9.65242219486e-10, 1.19294361056e-08, 2.16801798736e-09, 1.05734798694e-08, 3.76343756159e-08, 4.14251255521e-09, 7.30208649102e-09, 5.69091085367e-09, 1.84098991607e-09, 3.75205955194e-09, 1.16889067314e-08, 4.16169809725e-09, 2.96888313933e-09, 5.04279817903e-09, 2.12837605318e-08, 4.20360386499e-08, 1.66840592897e-07, 1.97280769498e-07, 7.98054955453e-08, 1.53141659354e-08, 6.56224719009e-09, 1.56862134393e-09, 1.73071737497e-10, 6.30445556871e-11, 1.31629462104e-12, 1.57669118375e-14], [-8.1508112976e-13, -5.43822709087e-10, 1.65619074011e-08, 3.85019527371e-09, 1.41414977506e-08, 5.1843358051e-08, 5.49264145278e-09, 9.63013935262e-09, 7.73016761713e-09, 2.70483080378e-09, 4.98527263915e-09, 1.68232183739e-08, 5.86710058315e-09, 4.01616828682e-09, 6.92712598394e-09, 3.08599332755e-08, 6.26141911653e-08, 1.97280769498e-07, 3.19961230844e-07, 1.16244876835e-07, 2.169833202e-08, 8.66511573605e-09, 2.09839279286e-09, 2.53282533835e-10, 9.57187384909e-11, 1.87127939012e-12, 1.8936375295e-14], [-3.37800737361e-14, -1.01380570605e-11, 8.40491320986e-09, 2.07884398584e-09, 6.98525548515e-09, 2.73290066133e-08, 2.76121281395e-09, 4.94509455606e-09, 4.23422319429e-09, 1.09045261709e-09, 2.04234740231e-09, 7.21249415747e-09, 2.41634556808e-09, 1.83187920388e-09, 2.7664623925e-09, 1.38388722704e-08, 2.61085375541e-08, 7.98054955453e-08, 1.16244876835e-07, 6.15023978412e-08, 9.96978855028e-09, 3.88494569847e-09, 9.05934716133e-10, 1.13188659834e-10, 4.30006828755e-11, 7.9748886531e-13, 9.66211160559e-15], [3.957651264e-13, 6.20966167375e-10, 3.11146464149e-09, 1.31863264752e-09, 2.42472686374e-09, 4.74864458866e-09, 5.46589717931e-10, 9.00844787655e-10, 7.4998052213e-10, 2.40726438783e-10, 4.24957263823e-10, 1.42252909452e-09, 4.56932741644e-10, 3.45128675638e-10, 4.93555141201e-10, 2.76226308493e-09, 5.2721915722e-09, 1.53141659354e-08, 2.169833202e-08, 9.96978855028e-09, 2.20828089148e-09, 7.89432685888e-10, 1.91368254576e-10, 2.0525805014e-11, 7.84683949762e-12, 1.50864306399e-13, 1.90917054674e-15], [6.73187634109e-14, 1.12089497406e-10, 1.15599929629e-09, 3.71552871803e-10, 1.15503551168e-09, 2.28440710792e-09, 2.46229647782e-10, 4.03644478952e-10, 3.41586287034e-10, 9.51112313907e-11, 1.78047632193e-10, 5.64216506849e-10, 1.93009497274e-10, 1.4766941836e-10, 2.12688242018e-10, 1.16649945259e-09, 1.9856520872e-09, 6.56224719009e-09, 8.66511573605e-09, 3.88494569847e-09, 7.89432685888e-10, 3.85504100864e-10, 7.77624561965e-11, 7.81785140097e-12, 2.7224284025e-12, 6.21503513259e-14, 7.91840227472e-16], [-3.35845006048e-15, -5.21550793005e-13, 1.58276669548e-10, 5.24970344973e-11, 1.49791165582e-10, 3.90928039939e-10, 4.6433471651e-11, 7.61331345189e-11, 6.34806027189e-11, 2.22830729563e-11, 4.23807551553e-11, 1.34123143147e-10, 4.38560056326e-11, 3.44934913965e-11, 5.15732977158e-11, 2.57074778132e-10, 5.02568597849e-10, 1.56862134393e-09, 2.09839279286e-09, 9.05934716133e-10, 1.91368254576e-10, 7.77624561965e-11, 2.09234764931e-11, 2.15619037382e-12, 8.11964861666e-13, 1.51549169806e-14, 1.56231415473e-16], [-3.60757134411e-15, -3.78733676365e-12, 7.92034146602e-12, -8.18592494679e-14, 1.39474968033e-11, 4.89106220802e-11, 5.17149214077e-12, 1.00610917167e-11, 7.60837313291e-12, 2.40188836702e-12, 4.50377929395e-12, 1.477561129e-11, 5.47540615278e-12, 3.63068928221e-12, 7.89725489864e-12, 2.73963022407e-11, 6.16985976198e-11, 1.73071737497e-10, 2.53282533835e-10, 1.13188659834e-10, 2.0525805014e-11, 7.81785140097e-12, 2.15619037382e-12, 4.57381799535e-13, 1.44656923701e-13, 2.04938626324e-15, 2.84481673251e-17], [-7.56880424881e-16, -1.3627487539e-13, 3.34615755243e-12, 1.10711238083e-13, 3.843604688e-12, 1.04955349967e-11, 1.55171220925e-12, 2.08684783863e-12, 1.90399540752e-12, 9.26259719966e-13, 1.4401006429e-12, 5.92118845275e-12, 1.91784869236e-12, 1.35727572844e-12, 2.80154870656e-12, 1.03731537249e-11, 2.46965382172e-11, 6.30445556871e-11, 9.57187384909e-11, 4.30006828755e-11, 7.84683949762e-12, 2.7224284025e-12, 8.11964861666e-13, 1.44656923701e-13, 8.43352826268e-14, 8.21915455753e-16, 9.285038683e-18], [-1.18965909791e-17, -1.72653774957e-14, 7.56842437571e-14, 1.83543251703e-15, 9.64991094302e-14, 3.4730901423e-13, 3.92137595995e-14, 6.53961002646e-14, 5.29008260808e-14, 1.97413090107e-14, 3.35019386094e-14, 1.13035510043e-13, 4.00554731798e-14, 2.76954972627e-14, 4.90139985619e-14, 2.11658856132e-13, 4.26958408949e-13, 1.31629462104e-12, 1.87127939012e-12, 7.9748886531e-13, 1.50864306399e-13, 6.21503513259e-14, 1.51549169806e-14, 2.04938626324e-15, 8.21915455753e-16, 1.63768476765e-17, 1.65113250653e-19], [1.4946337862e-18, 6.88766746884e-16, 4.46147796373e-15, 2.80221686479e-15, 3.75700489667e-15, 2.66556800402e-15, 5.96701412358e-16, 4.64224982951e-16, 5.21160578902e-16, 2.18741136726e-16, 3.70520772021e-16, 1.47611192932e-15, 5.66951815305e-16, 3.80274700516e-16, 6.28520734417e-16, 2.7966012481e-15, 6.33677883929e-15, 1.57669118375e-14, 1.8936375295e-14, 9.66211160559e-15, 1.90917054674e-15, 7.91840227472e-16, 1.56231415473e-16, 2.84481673251e-17, 9.285038683e-18, 1.65113250653e-19, 1.31847330905e-20]]
    },
    "mfcc": {
        "kurt": [0.278641223907, 0.140382051468, 16.8903045654, 3.45310688019, 4.91028881073, 2.39185714722, 4.59042739868, 2.49591207504, 0.847960948944, 0.851268053055, -0.210821151733, 0.48287653923, 2.67994737625],
        "max": [-667.229675293, 158.701324463, 83.0647583008, 133.478118896, 30.4018440247, 20.435546875, 37.8588638306, 24.7325210571, 10.6210746765, 16.6353931427, 14.8976173401, 9.35277938843, 21.6720848083],
        "mean": [-834.393005371, 13.7723836899, -90.0853729248, 45.9993362427, -14.6236658096, -16.3357810974, 3.97729516029, 7.36785697937, -13.8671617508, -4.39751434326, 0.202843055129, -1.7888841629, 9.30057621002],
        "median": [-820.447509766, 12.5484466553, -94.3999862671, 44.3022842407, -14.4136161804, -17.6150474548, 4.64912796021, 7.67272567749, -14.405210495, -4.22710037231, -0.0438117980957, -1.4035949707, 9.54846572876],
        "min": [-1138.33911133, -46.2136001587, -115.478500366, 0.0952033996582, -34.1012763977, -37.9904136658, -22.8822689056, -19.9007453918, -35.3980102539, -24.2114524841, -14.5167236328, -16.3391151428, -13.9392280579],
        "skew": [-0.619807064533, 0.439362078905, 3.55786013603, 0.861750483513, 0.97190284729, 1.1351454258, -0.723807752132, -0.64723867178, 0.370471417904, -0.255427837372, 0.0747252777219, -0.512432217598, -0.76324146986],
        "var": [9176.97363281, 1142.56591797, 555.225341797, 222.3697052, 57.9258728027, 60.11195755, 41.1917037964, 27.3884887695, 40.0718536377, 30.9385147095, 25.768825531, 17.5974006653, 18.6889896393],
        "cov": [[9200.87207031, 2586.15161133, 56.0550346375, 1079.44177246, -431.136932373, -422.219696045, -309.926879883, -49.8393211365, -431.995239258, -334.636444092, -212.944137573, 88.8819580078, 1.88691329956], [2586.15161133, 1145.54138184, 457.684783936, 402.513214111, -78.8217010498, -94.546661377, -115.72253418, -50.4441337585, -118.274414062, -117.810661316, -89.7537307739, 14.9859466553, -48.0697441101], [56.0550346375, 457.684783936, 556.671264648, 123.52457428, 46.3522644043, 38.2690467834, -33.3359489441, -44.0182304382, 0.181565597653, -21.2760448456, -35.4187965393, -10.3168210983, -53.5071716309], [1079.44177246, 402.513214111, 123.52457428, 222.948791504, -48.6693763733, -26.2629318237, -37.9943275452, -13.9095010757, -41.672504425, -46.3876953125, -26.4809856415, -3.265594244, -10.12504673], [-431.136932373, -78.8217010498, 46.3522644043, -48.6693763733, 58.0767211914, 21.7172794342, 18.3554325104, 0.572643101215, 16.0545864105, 15.1956758499, 3.07927417755, -4.88536739349, -6.48339700699], [-422.219696045, -94.546661377, 38.2690467834, -26.2629318237, 21.7172794342, 60.268497467, 9.57971668243, 11.6305150986, 28.8983478546, 9.86919307709, 12.8197402954, -12.1188049316, -2.77590346336], [-309.926879883, -115.72253418, -33.3359489441, -37.9943275452, 18.3554325104, 9.57971668243, 41.2989768982, 8.28052425385, 16.9769458771, 16.9320392609, 9.15371227264, 0.126577526331, 3.23465824127], [-49.8393211365, -50.4441337585, -44.0182304382, -13.9095010757, 0.572643101215, 11.6305150986, 8.28052425385, 27.4598140717, 9.53512573242, 0.215917274356, 4.8514585495, -3.19687247276, 3.33718967438], [-431.995239258, -118.274414062, 0.181565597653, -41.672504425, 16.0545864105, 28.8983478546, 16.9769458771, 9.53512573242, 40.1762084961, 12.6858100891, 9.86048984528, -6.23749494553, 1.39044034481], [-334.636444092, -117.810661316, -21.2760448456, -46.3876953125, 15.1956758499, 9.86919307709, 16.9320392609, 0.215917274356, 12.6858100891, 31.0190830231, 10.2283325195, 1.74587953091, 3.53366684914], [-212.944137573, -89.7537307739, -35.4187965393, -26.4809856415, 3.07927417755, 12.8197402954, 9.15371227264, 4.8514585495, 9.86048984528, 10.2283325195, 25.835931778, 0.754184186459, 6.17677545547], [88.8819580078, 14.9859466553, -10.3168210983, -3.265594244, -4.88536739349, -12.1188049316, 0.126577526331, -3.19687247276, -6.23749494553, 1.74587953091, 0.754184186459, 17.6432266235, 4.04552698135], [1.88691329956, -48.0697441101, -53.5071716309, -10.12504673, -6.48339700699, -2.77590346336, 3.23465824127, 3.33718967438, 1.39044034481, 3.53366684914, 6.17677545547, 4.04552698135, 18.737657547]]
    },
    "sccoeffs": {
        "kurt": [-1.18321096897, 1.25967884064, 1.20138263702, 1.47606277466, 0.752526760101, 0.176070213318],
        "max": [-0.460828155279, -0.598094522953, -0.722079753876, -0.754969775677, -0.718788504601, -0.684409081936],
        "mean": [-0.706735014915, -0.793121397495, -0.816030144691, -0.827080845833, -0.79801928997, -0.783816993237],
        "median": [-0.69182819128, -0.792785942554, -0.814192116261, -0.8277541399, -0.79660987854, -0.795820653439],
        "min": [-0.911567270756, -0.92644661665, -0.927118182182, -0.927409231663, -0.913484811783, -0.888742744923],
        "skew": [-0.143865287304, 0.399287462234, -0.606769859791, -0.65920060873, -0.444200724363, 0.653711020947],
        "var": [0.0120095480233, 0.00239890092053, 0.000948100059759, 0.000687895342708, 0.000973080517724, 0.00148947909474],
        "cov": [[0.0120408227667, 0.00344177684747, 0.00165699562058, 0.000876715464983, 0.00243043410592, 0.00261971238069], [0.00344177684747, 0.00240514799953, 0.000826108793262, 0.000472142943181, 0.000900418905076, 0.000852311262861], [0.00165699562058, 0.000826108793262, 0.000950569054112, 0.000319843064062, 0.000495526881423, 0.000501226459164], [0.000876715464983, 0.000472142943181, 0.000319843064062, 0.00068968674168, 0.000327539193677, 0.000235310639255], [0.00243043410592, 0.000900418905076, 0.000495526881423, 0.000327539193677, 0.000975614588242, 0.000750252511352], [0.00261971238069, 0.000852311262861, 0.000501226459164, 0.000235310639255, 0.000750252511352, 0.00149335793685]]
    },
    "scvalleys": {
        "kurt": [3.45183229446, -0.728496551514, 1.23282670975, 7.35930728912, 9.61810016632, 12.6810121536],
        "max": [-5.45952701569, -5.77195596695, -6.56904602051, -6.89846944809, -5.97782087326, -9.1976184845],
        "mean": [-10.4450235367, -8.90154838562, -8.55990028381, -8.24151515961, -7.21978282928, -10.0876455307],
        "median": [-10.637178421, -8.78405094147, -8.46195030212, -8.09346485138, -7.06761598587, -9.84838104248],
        "min": [-12.4516811371, -12.6308317184, -12.7306489944, -13.0448198318, -12.4659719467, -14.2485647202],
        "skew": [1.62199151516, -0.0389321520925, -0.922585368156, -2.14298987389, -2.50985097885, -3.13742375374],
        "var": [1.1348464489, 1.7386238575, 1.17687034607, 0.917704701424, 0.929069459438, 0.561161875725],
        "cov": [[1.1378017664, 1.08707249165, 0.71498632431, 0.52072674036, 0.519644498825, 0.295974522829], [1.08707249165, 1.74315154552, 1.31174838543, 1.04372298717, 1.03773188591, 0.691992938519], [0.71498632431, 1.31174838543, 1.17993509769, 0.972917497158, 0.9688565135, 0.695827245712], [0.52072674036, 1.04372298717, 0.972917497158, 0.920094549656, 0.89803570509, 0.674713373184], [0.519644498825, 1.03773188591, 0.9688565135, 0.89803570509, 0.931488931179, 0.690285861492], [0.295974522829, 0.691992938519, 0.695827245712, 0.674713373184, 0.690285861492, 0.562623262405]]
    }
},
"rhythm": {
    "beats_loudness": {
        "kurt": 1.65048646927,
        "max": 0.00558856781572,
        "mean": 0.00138802558649,
        "median": 0.000791488972027,
        "min": 7.8561384953e-07,
        "skew": 1.54796075821,
        "var": 2.52583322435e-06
    },
    "bpm": 75.0341339111,
    "confidence": 2.35941362381,
    "first_peak_bpm": {
        "kurt": 0,
        "max": 74,
        "mean": 74,
        "median": 74,
        "min": 74,
        "skew": 0,
        "var": 0
    },
    "first_peak_spread": {
        "kurt": 0,
        "max": 0.199999988079,
        "mean": 0.199999988079,
        "median": 0.199999988079,
        "min": 0.199999988079,
        "skew": 0,
        "var": 0
    },
    "first_peak_weight": {
        "kurt": 0,
        "max": 0.800000011921,
        "mean": 0.800000011921,
        "median": 0.800000011921,
        "min": 0.800000011921,
        "skew": 0,
        "var": 0
    },
    "onset_rate": 0.224304199219,
    "second_peak_bpm": {
        "kurt": 0,
        "max": 0,
        "mean": 0,
        "median": 0,
        "min": 0,
        "skew": 0,
        "var": 0
    },
    "second_peak_spread": {
        "kurt": 0,
        "max": 0,
        "mean": 0,
        "median": 0,
        "min": 0,
        "skew": 0,
        "var": 0
    },
    "second_peak_weight": {
        "kurt": 0,
        "max": 0,
        "mean": 0,
        "median": 0,
        "min": 0,
        "skew": 0,
        "var": 0
    },
    "beats_loudness_band_ratio": {
        "kurt": [4.61015748978, 6.00278759003, 3.67319297791, -0.583847284317, 0.748628139496, 0.33297085762],
        "max": [0.0581193193793, 0.21283185482, 0.0404034294188, 0.0470332503319, 0.583254218102, 0.864633023739],
        "mean": [0.00931160803884, 0.0241636056453, 0.00935541745275, 0.0317269600928, 0.39131385088, 0.555917799473],
        "median": [0.00340506131761, 0.00539106084034, 0.00621654093266, 0.0304276477545, 0.403549671173, 0.545781433582],
        "min": [0.000152089414769, 0.00025789719075, 0.00171696941834, 0.00660076830536, 0.100776083767, 0.288702636957],
        "skew": [2.43550658226, 2.81765937805, 2.16369199753, -0.47154122591, -0.785212278366, 0.29856595397],
        "var": [0.000261117296759, 0.00357932085171, 0.000113248912385, 0.000143620287417, 0.0146930823103, 0.0202296245843],
        "cov": [[0.000287229020614, 0.00102921691723, 0.000179103051778, 4.22754746978e-05, -0.000631122908089, -0.000973258982413], [0.00102921691723, 0.00393725279719, 0.000662722974084, 0.000233920553001, -0.000612149306107, -0.00536239333451], [0.000179103051778, 0.000662722974084, 0.000124573794892, 6.60738296574e-05, -0.000314963661367, -0.000759393617045], [4.22754746978e-05, 0.000233920553001, 6.60738296574e-05, 0.000157982314704, 0.000315776473144, -0.000789818936028], [-0.000631122908089, -0.000612149306107, -0.000314963661367, 0.000315776473144, 0.016162391752, -0.0142983738333], [-0.000973258982413, -0.00536239333451, -0.000759393617045, -0.000789818936028, -0.0142983738333, 0.0222525857389]]
    },
    "beats_position": [0.766258478165, 1.53251695633, 2.31038546562, 3.11147379875, 3.92417216301, 4.73687076569, 5.53795909882, 6.33904743195, 7.1517457962, 7.96444416046, 8.76553249359],
    "bpm_estimates": [78.3025588989, 77.1338577271, 74.898109436, 73.8281326294, 73.8281097412, 74.898109436, 74.898109436, 73.8281326294, 73.8281326294, 74.898109436],
    "bpm_intervals": [0.766258478165, 0.777868509293, 0.80108833313, 0.812698364258, 0.812698602676, 0.80108833313, 0.80108833313, 0.812698364258, 0.812698364258, 0.80108833313],
    "onset_times": [0.0116099771112, 8.75392246246],
    "histogram": [[0, 0, 0, 0, 0, 0, 0, 0, 0, 0, 0, 0, 0, 0, 0, 0, 0, 0, 0, 0, 0, 0, 0, 0, 0, 0, 0, 0, 0, 0, 0, 0, 0, 0, 0, 0, 0, 0, 0, 0, 0, 0, 0, 0, 0, 0, 0, 0, 0, 0, 0, 0, 0, 0, 0, 0, 0, 0, 0, 0, 0, 0, 0, 0, 0, 0, 0, 0, 0, 0, 0, 0, 0, 0, 0.40000000596, 0.40000000596, 0, 0.10000000149, 0.10000000149, 0, 0, 0, 0, 0, 0, 0, 0, 0, 0, 0, 0, 0, 0, 0, 0, 0, 0, 0, 0, 0, 0, 0, 0, 0, 0, 0, 0, 0, 0, 0, 0, 0, 0, 0, 0, 0, 0, 0, 0, 0, 0, 0, 0, 0, 0, 0, 0, 0, 0, 0, 0, 0, 0, 0, 0, 0, 0, 0, 0, 0, 0, 0, 0, 0, 0, 0, 0, 0, 0, 0, 0, 0, 0, 0, 0, 0, 0, 0, 0, 0, 0, 0, 0, 0, 0, 0, 0, 0, 0, 0, 0, 0, 0, 0, 0, 0, 0, 0, 0, 0, 0, 0, 0, 0, 0, 0, 0, 0, 0, 0, 0, 0, 0, 0, 0, 0, 0, 0, 0, 0, 0, 0, 0, 0, 0, 0, 0, 0, 0, 0, 0, 0, 0, 0, 0, 0, 0, 0, 0, 0, 0, 0, 0, 0, 0, 0, 0, 0, 0, 0, 0, 0, 0, 0, 0, 0, 0, 0, 0, 0, 0, 0, 0, 0, 0, 0, 0, 0, 0, 0]]
},
"sfx": {
    "inharmonicity": {
        "kurt": 299.785583496,
        "max": 0.0195501390845,
        "mean": 7.09146916051e-05,
        "median": 0,
        "min": 0,
        "skew": 16.948469162,
        "var": 1.1208998103e-06
    },
    "oddtoevenharmonicenergyratio": {
        "kurt": 367.358337402,
        "max": 0.11478099972,
        "mean": 0.000351279712049,
        "median": 0,
        "min": 0,
        "skew": 19.086725235,
        "var": 3.46794076904e-05
    },
    "pitch_after_max_to_before_max_energy_ratio": 0.0160370729864,
    "pitch_centroid": 190.560302734,
    "pitch_max_to_total": 0.987012982368,
    "pitch_min_to_total": 0.974025964737,
    "tristimulus": {
        "kurt": [161.805648804, 236.168045044, 318.763793945],
        "max": [1, 0.276745229959, 0.239040076733],
        "mean": [0.997857451439, 0.00126155477483, 0.000881053565536],
        "median": [1, 0, 0],
        "min": [0.636973202229, 0, 0],
        "skew": [-12.5835008621, 14.7995939255, 17.4497795105],
        "var": [0.00065030233236, 0.000256018800428, 0.000161572781508],
        "cov": [[0.000651995826047, -0.000373343675165, -0.000278651976259], [-0.000373343675165, 0.000256685510976, 0.000116658404295], [-0.000278651976259, 0.000116658404295, 0.000161993550137]]
    }
},
"tonal": {
    "chords_changes_rate": 0.0932642519474,
    "chords_number_rate": 0.0207253880799,
    "chords_strength": {
        "kurt": 0.205850124359,
        "max": 0.45089378953,
        "mean": 0.39691516757,
        "median": 0.40314283967,
        "min": 0.302181482315,
        "skew": -0.731719076633,
        "var": 0.00096627738094
    },
    "key_strength": 0.173497930169,
    "tuning_diatonic_strength": 0.59857571125,
    "tuning_equal_tempered_deviation": 0.164890810847,
    "tuning_frequency": 437.718536377,
    "tuning_nontempered_energy_ratio": 0.758652627468,
    "hpcp": {
        "kurt": [-0.669859886169, -0.621200084686, -0.424583911896, -0.53849196434, -0.227020978928, -0.262017965317, 0.253645658493, 3.20711708069, 3.33124256134, 0.943375349045, 1.1913061142, 1.28377103806, 0.330432891846, 6.23303127289, 1.68846750259, 8.55139350891, 11.5448570251, 2.04157066345, 0.643012046814, 2.53220272064, 10.9689731598, 3.60576868057, 1.0948381424, 0.769994735718, 0.550388097763, 0.171175479889, 0.0934700965881, -0.116930007935, 0.549995660782, 0.435188293457, -0.4041929245, -0.425936222076, -0.710911989212, -0.73911523819, -0.426203250885, -1.03252184391],
        "max": [1, 1, 1, 1, 1, 1, 1, 1, 0.748713374138, 0.590111255646, 0.540810525417, 0.538902640343, 0.672404050827, 1, 0.467371731997, 0.706258296967, 0.786406993866, 0.627207756042, 0.514167606831, 0.581469595432, 1, 1, 1, 1, 1, 1, 1, 1, 0.970297574997, 1, 1, 1, 1, 1, 1, 1],
        "mean": [0.636319160461, 0.630410134792, 0.677586197853, 0.651593148708, 0.539334177971, 0.508307516575, 0.460661172867, 0.328236430883, 0.243469044566, 0.228391379118, 0.198982417583, 0.233515411615, 0.295742988586, 0.23775421083, 0.17209751904, 0.178155988455, 0.183090895414, 0.19905424118, 0.19635476172, 0.180243253708, 0.208858191967, 0.287806272507, 0.368258148432, 0.380667895079, 0.378620237112, 0.431275725365, 0.519901812077, 0.507088780403, 0.411938786507, 0.422992318869, 0.5278673172, 0.604232192039, 0.615754544735, 0.607805907726, 0.637120306492, 0.65442609787],
