{
"metadata": {
    "version": {
        "essentia": "2.1-beta3"
    }
},
"lowLevel": {
    "average_loudness": 0.802155196667,
    "barkbands_kurtosis": {
        "kurt": -1.32827055454,
        "max": 17.4275665283,
        "mean": 3.88626337051,
        "median": 4.68167877197,
        "min": -1.89497292042,
        "skew": 0.152769595385,
        "var": 21.5612850189
    },
    "barkbands_skewness": {
        "kurt": -0.461318254471,
        "max": 1.71694684029,
        "mean": -1.46265947819,
        "median": -1.94746780396,
        "min": -3.15617585182,
        "skew": 0.791374444962,
        "var": 1.30595934391
    },
    "barkbands_spread": {
        "kurt": -1.41407573223,
        "max": 52.0322380066,
        "mean": 20.8066043854,
        "median": 12.11997509,
        "min": 3.67906022072,
        "skew": 0.514558017254,
        "var": 236.547515869
    },
    "dissonance": {
        "kurt": 1.98895406723,
        "max": 0.499932527542,
        "mean": 0.489520728588,
        "median": 0.49194803834,
        "min": 0.449153602123,
        "skew": -1.38509953022,
        "var": 6.63675673422e-05
    },
    "hfc": {
        "kurt": 0.249814510345,
        "max": 49.2210998535,
        "mean": 12.714471817,
        "median": 11.2803554535,
        "min": 0.113354668021,
        "skew": 0.801420331001,
        "var": 96.2508087158
    },
    "pitch": {
        "kurt": 3.96417140961,
        "max": 4032.66357422,
        "mean": 3037.86523438,
        "median": 3319.05908203,
        "min": 130.948135376,
        "skew": -2.19149851799,
        "var": 712164.6875
    },
    "pitch_instantaneous_confidence": {
        "kurt": 0.0384569168091,
        "max": 0.788173675537,
        "mean": 0.475245863199,
        "median": 0.473303467035,
        "min": 0.247496783733,
        "skew": 0.18297380209,
        "var": 0.0073000038974
    },
    "pitch_salience": {
        "kurt": 1.88082361221,
        "max": 0.831515371799,
        "mean": 0.674737513065,
        "median": 0.7087880373,
        "min": 0.232807010412,
        "skew": -1.45570671558,
        "var": 0.0139833875
    },
    "silence_rate_20dB": {
        "kurt": 0,
        "max": 1,
        "mean": 1,
        "median": 1,
        "min": 1,
        "skew": 0,
        "var": 0
    },
    "silence_rate_30dB": {
        "kurt": 0,
        "max": 1,
        "mean": 1,
        "median": 1,
        "min": 1,
        "skew": 0,
        "var": 0
    },
    "silence_rate_60dB": {
        "kurt": -1.83174693584,
        "max": 1,
        "mean": 0.399543374777,
        "median": 0,
        "min": 0,
        "skew": 0.410183995962,
        "var": 0.239909797907
    },
    "spectral_centroid": {
        "kurt": 0.262745141983,
        "max": 3470.25463867,
        "mean": 2624.87524414,
        "median": 2829.69433594,
        "min": 775.888122559,
        "skew": -1.04779887199,
        "var": 390114.21875
    },
    "spectral_complexity": {
        "kurt": -1.24273145199,
        "max": 36,
        "mean": 14.9337902069,
        "median": 16,
        "min": 0,
        "skew": -0.165358781815,
        "var": 88.9248199463
    },
    "spectral_crest": {
        "kurt": 1.09817790985,
        "max": 21.572763443,
        "mean": 9.87047958374,
        "median": 9.12358474731,
        "min": 4.5643196106,
        "skew": 1.07037258148,
        "var": 9.85582923889
    },
    "spectral_decrease": {
        "kurt": 2.67966127396,
        "max": -6.77896324144e-12,
        "mean": -1.20467558151e-09,
        "median": -1.01913277817e-09,
        "min": -6.4790355303e-09,
        "skew": -1.44335222244,
        "var": 1.276901651e-18
    },
    "spectral_energy": {
        "kurt": 1.50539445877,
        "max": 0.0266444776207,
        "mean": 0.00569996330887,
        "median": 0.00481959898025,
        "min": 3.58669931302e-05,
        "skew": 1.17204117775,
        "var": 2.51885412581e-05
    },
    "spectral_energyband_high": {
        "kurt": 0.467635393143,
        "max": 0.00236029620282,
        "mean": 0.000564335554373,
        "median": 0.00045525925816,
        "min": 3.91887215301e-06,
        "skew": 0.896451413631,
        "var": 1.80793094273e-07
    },
    "spectral_energyband_low": {
        "kurt": 30.9142799377,
        "max": 0.000907760579139,
        "mean": 3.36780758516e-05,
        "median": 1.57614636009e-06,
        "min": 8.87672442218e-08,
        "skew": 5.09300327301,
        "var": 9.37856015071e-09
    },
    "spectral_energyband_middle_high": {
        "kurt": 1.02579402924,
        "max": 0.0153539534658,
        "mean": 0.00336194480769,
        "median": 0.00270215491764,
        "min": 3.10051582346e-05,
        "skew": 1.10945045948,
        "var": 8.25596907816e-06
    },
    "spectral_energyband_middle_low": {
        "kurt": 9.93839740753,
        "max": 0.0206808820367,
        "mean": 0.00176788575482,
        "median": 0.000298524508253,
        "min": 9.10856670089e-07,
        "skew": 2.93716812134,
        "var": 9.46986529016e-06
    },
    "spectral_flatness_db": {
        "kurt": -0.0578999519348,
        "max": 0.283865004778,
        "mean": 0.214554071426,
        "median": 0.210005581379,
        "min": 0.141377463937,
        "skew": 0.49830570817,
        "var": 0.000583383312915
    },
    "spectral_flux": {
        "kurt": -0.835464000702,
        "max": 0.0861737057567,
        "mean": 0.0387942530215,
        "median": 0.0399105474353,
        "min": 0.00686233490705,
        "skew": 0.131623864174,
        "var": 0.000333090138156
    },
    "spectral_kurtosis": {
        "kurt": 8.35349273682,
        "max": 16.0299472809,
        "mean": 3.62965583801,
        "median": 3.46737098694,
        "min": 0.700351238251,
        "skew": 1.63117361069,
        "var": 2.47449159622
    },
    "spectral_rms": {
        "kurt": -0.747581005096,
        "max": 0.0050984909758,
        "mean": 0.0021037471015,
        "median": 0.00216842023656,
        "min": 0.000187061988981,
        "skew": 0.222514852881,
        "var": 1.13518547096e-06
    },
    "spectral_rolloff": {
        "kurt": -0.703629493713,
        "max": 4608.10546875,
        "mean": 3781.68383789,
        "median": 3811.37695312,
        "min": 2648.58398438,
        "skew": -0.340234041214,
        "var": 143841.140625
    },
    "spectral_skewness": {
        "kurt": 0.489554166794,
        "max": 3.02900886536,
        "mean": 1.1707354784,
        "median": 1.21554267406,
        "min": 0.488802462816,
        "skew": 0.343380063772,
        "var": 0.143838763237
    },
    "spectral_spread": {
        "kurt": 149.005523682,
        "max": 14191568,
        "mean": 3702574.5,
        "median": 3682301,
        "min": 2574807,
        "skew": 9.3979177475,
        "var": 427083563008
    },
    "spectral_strongpeak": {
        "kurt": 7.15888881683,
        "max": 7.60658311844,
        "mean": 1.12710654736,
        "median": 0.753507614136,
        "min": 0.0477189198136,
        "skew": 2.37330627441,
        "var": 1.30921125412
    },
    "zerocrossingrate": {
        "kurt": 1.28006792068,
        "max": 0.1708984375,
        "mean": 0.130571752787,
        "median": 0.134521484375,
        "min": 0.03857421875,
        "skew": -1.20779752731,
        "var": 0.00053472397849
    },
    "barkbands": {
        "kurt": [41.0105857849, 35.291557312, 60.5833129883, 24.5678958893, 12.1512937546, 14.8485393524, 13.5300102234, 24.7142734528, 0.106317043304, 10.402879715, 13.1668453217, 0.363487958908, 0.617756843567, 7.52193164825, 6.32623672485, 3.4157705307, 2.65485525131, 12.7280473709, 2.5174946785, 2.63982629776, 4.03108310699, 1.92476081848, -0.320020914078, 1.94238615036, 12.6583299637, 4.85500001907, 187.53994751],
        "max": [2.77464977216e-07, 0.00014246632054, 0.000701846205629, 0.00208800309338, 0.0203529279679, 0.00121540087275, 0.00204093428329, 0.000363660597941, 0.000412621971918, 0.000158849405125, 7.03381447238e-05, 8.43954185257e-05, 0.00011003149848, 0.000136536866194, 0.000761267030612, 0.000812501937617, 0.00764397531748, 0.00896687339991, 0.00419507967308, 0.00238126749173, 0.00152853678446, 0.000425209233072, 1.86945180758e-05, 1.29766876853e-05, 8.87655733095e-06, 9.27404997242e-08, 2.30332179996e-08],
        "mean": [1.05988995358e-08, 4.32897968494e-06, 1.55550551426e-05, 8.31936340546e-05, 0.00138817739207, 7.00075033819e-05, 0.000117141513329, 1.82078510989e-05, 8.3192710008e-05, 1.8181737687e-05, 7.85091106081e-06, 2.12871600525e-05, 2.45503797487e-05, 1.9269371478e-05, 0.000108747160994, 0.00012437372061, 0.00105810665991, 0.000910862057935, 0.000855160062201, 0.000437850831077, 0.000235850224271, 8.74650868354e-05, 6.25103302809e-06, 3.29400609189e-06, 1.033834792e-06, 1.65595146484e-08, 3.59630436542e-10],
        "median": [1.30752031424e-09, 2.17178069306e-07, 7.56546910452e-07, 1.90264279354e-06, 0.000132670000312, 1.26148215713e-05, 5.15229021403e-06, 3.30227840095e-06, 3.21842999256e-05, 1.48275266838e-05, 5.18885008205e-06, 1.55139423441e-05, 1.88531266758e-05, 1.41546306622e-05, 7.84199946793e-05, 8.00998968771e-05, 0.000283085624687, 0.000502842129208, 0.000755263725296, 0.000363614177331, 0.000172335800016, 6.72201203997e-05, 6.02075033385e-06, 2.70523105428e-06, 7.78685432579e-07, 1.37447795368e-08, 1.29527444326e-10],
        "min": [2.00020573021e-11, 3.67618291364e-09, 1.0400565742e-08, 2.22019984619e-08, 1.70902850982e-07, 4.79690172028e-08, 4.01099491398e-08, 5.39335616168e-08, 8.66944560585e-08, 1.07557923457e-07, 6.19448599082e-08, 7.275838243e-08, 5.3254101573e-08, 4.12770987168e-07, 2.85421236867e-07, 2.40062513512e-06, 3.41555801242e-06, 3.06377523884e-06, 5.8777745835e-06, 3.43365286426e-06, 1.33455876039e-06, 2.05404063536e-07, 4.45791066284e-08, 1.35190390438e-07, 3.2723008303e-08, 2.25129873077e-10, 1.40637623617e-13],
        "skew": [5.74275302887, 5.65401601791, 6.96343612671, 4.2992105484, 3.31179642677, 3.43029618263, 3.80872297287, 4.62458610535, 1.12466108799, 2.27848172188, 3.23413968086, 1.05712878704, 1.07041406631, 2.25788879395, 2.14967274666, 1.69906020164, 1.78975641727, 3.1290345192, 1.30306279659, 1.34246504307, 1.66571092606, 1.20744776726, 0.527162134647, 1.36895656586, 2.73691177368, 1.74539875984, 13.3743219376],
        "var": [8.31187131333e-16, 2.5726731856e-10, 3.4158547102e-09, 5.10716269275e-08, 8.65335459821e-06, 1.99608276574e-08, 1.5061525005e-07, 1.90888482798e-09, 8.66398774946e-09, 3.19245296865e-10, 9.15173353766e-11, 3.29398702759e-10, 4.66433114354e-10, 3.34657163092e-10, 1.40735458842e-08, 1.4558105832e-08, 2.16084026761e-06, 1.56184682965e-06, 4.39364583826e-07, 1.18349007039e-07, 4.71159040671e-08, 5.23550003351e-09, 1.61936557913e-11, 5.71185199832e-12, 8.92801566184e-13, 2.01015463527e-16, 2.50878482434e-18],
        "cov": [[8.33089143816e-16, 2.464160603e-13, 6.561152446e-13, 6.58896711064e-13, 3.65501830191e-11, 2.48165366295e-13, -8.7642068082e-13, 2.06810734309e-14, 1.36691742994e-12, 7.13530187084e-14, -1.11877424574e-14, -2.77361124926e-14, 1.24647633794e-13, 7.79762183506e-15, 3.13644157304e-13, -3.94368240321e-14, 2.69665908527e-12, 1.5582448526e-11, 1.90411141715e-12, 2.94937945594e-12, 3.07666305627e-12, 6.90727965276e-13, 1.25544775517e-14, 4.48046208966e-15, -1.25488174658e-15, 4.58324829373e-17, 2.18735691396e-18], [2.464160603e-13, 2.57856014318e-10, 5.9224525284e-10, 6.50963505322e-10, 6.73992639477e-09, 4.44257769461e-10, -3.96609634024e-10, 1.38842713368e-12, 6.26603435805e-10, 4.50378137562e-11, -2.51040914402e-13, -4.85704618886e-12, 8.68188784753e-11, 1.53089797783e-11, 1.01052347046e-10, -9.8692165551e-11, 2.19593832007e-09, 1.10364881678e-08, 4.73686589952e-10, 1.02482178299e-09, 1.38583167164e-09, 2.2817756018e-10, 6.70578046216e-12, 4.6160735824e-12, -8.25035515167e-13, 2.2777805236e-14, 7.59207012629e-16], [6.561152446e-13, 5.9224525284e-10, 3.42367134643e-09, 1.90650406573e-09, 1.63621756144e-08, 2.27625163163e-09, -9.90742599072e-10, 1.52846797719e-11, 1.9254537964e-09, 1.67298411236e-10, -2.03548601585e-11, 7.50968523477e-11, 2.53609744316e-10, 2.00125038069e-11, 1.70676653366e-10, -1.20911669566e-10, 8.38597458142e-09, 4.20466825801e-08, -3.80818071521e-10, 3.58442142634e-09, 4.75725459026e-09, 7.3553024782e-10, 2.13009141575e-11, 1.35794665443e-11, -2.93291519543e-12, 7.93783645043e-14, 5.80356905789e-16], [6.58896711064e-13, 6.50963505322e-10, 1.90650406573e-09, 5.11884969967e-08, 1.15287825508e-07, 7.56820028869e-09, -4.31787183786e-09, 4.52617854307e-09, -2.07665190599e-10, 8.64905647102e-10, -1.08588124603e-10, 1.40910350055e-09, -5.69676639195e-10, 1.24074167607e-10, 6.72707711757e-09, 2.24589769005e-09, -5.22139487202e-08, 3.71409107913e-08, 4.78998618547e-09, 2.48296618821e-08, 8.08468225699e-09, 5.01069230552e-09, 2.49999076996e-10, -8.96102775316e-11, -2.83024298442e-11, -6.10594135474e-14, -5.59952475013e-15], [3.65501830191e-11, 6.73992639477e-09, 1.63621756144e-08, 1.15287825508e-07, 8.67315702635e-06, 6.60821015686e-08, -6.57788845615e-08, 2.19499636245e-08, 1.36729525479e-07, 1.02620747455e-08, -1.78023895625e-09, 1.85496162874e-09, 1.25822152697e-08, 8.4563389624e-10, 4.10439646714e-08, -2.12476223282e-08, -1.01098635241e-07, 1.31967010475e-06, 2.4739233595e-07, 5.05166838138e-07, 3.20620330285e-07, 1.14212490132e-07, 2.55961807305e-09, -6.450913137e-10, -2.6514654361e-10, 7.94864087744e-12, 1.51002894542e-13], [2.48165366295e-13, 4.44257769461e-10, 2.27625163163e-09, 7.56820028869e-09, 6.60821015686e-08, 2.00065048972e-08, 9.95657067904e-09, 7.06763703118e-10, -4.50689235931e-10, 1.17857190673e-09, -1.13080603908e-11, 1.12425757592e-09, -1.7681714426e-10, 1.29711116847e-10, 2.68829958294e-09, -2.75454059562e-09, -3.37151924157e-08, 2.9765262255e-08, -3.13388115458e-09, 8.14324696563e-09, 5.23034282551e-09, 1.41371314655e-09, 4.41036721033e-11, -7.84674894505e-11, -3.60785255837e-11, -2.95882703104e-13, -9.0288587628e-15], [-8.7642068082e-13, -3.96609634024e-10, -9.90742599072e-10, -4.31787183786e-09, -6.57788845615e-08, 9.95657067904e-09, 1.50959905909e-07, 1.30683119881e-09, -7.54045892393e-09, 9.31787869085e-10, 2.34751063033e-09, 9.51524525838e-10, 2.37425012983e-09, 7.87505061162e-10, 2.644841679e-08, -6.41870245843e-09, -1.06090233487e-07, -1.01277146669e-08, 3.23609299357e-08, 3.5528216813e-08, 2.0640869014e-09, 2.50019649428e-09, 2.86560386531e-10, -1.93003946158e-10, -6.78596068227e-11, -6.32248756387e-13, -1.99504533038e-14], [2.06810734309e-14, 1.38842713368e-12, 1.52846797719e-11, 4.52617854307e-09, 2.19499636245e-08, 7.06763703118e-10, 1.30683119881e-09, 1.9132531115e-09, -1.39628489326e-10, 6.6268289467e-11, 1.82623794559e-11, 1.89113044669e-10, -5.99927191258e-11, 1.3517396924e-10, 1.54237167482e-09, 2.41001912871e-10, -7.85685916327e-09, 6.3783289761e-09, 3.21039550499e-09, 4.94758500835e-09, 1.50126333587e-09, 1.19740339866e-09, 5.53647509782e-11, -1.47912099235e-11, -4.27070401612e-12, 7.07715466837e-15, -1.22264039035e-15], [1.36691742994e-12, 6.26603435805e-10, 1.9254537964e-09, -2.07665190599e-10, 1.36729525479e-07, -4.50689235931e-10, -7.54045892393e-09, -1.39628489326e-10, 8.68381366814e-09, 5.65186286661e-10, 3.39205746824e-11, 1.20151846805e-10, 1.21569154743e-09, 4.233574602e-10, 1.78658399186e-09, 4.03036271024e-09, 7.99167310106e-08, 8.21484036351e-08, 2.57077630295e-08, 1.60980633268e-08, 1.5066541792e-08, 4.13194278792e-09, 1.22416382586e-10, 8.00763066966e-11, 2.38213233861e-11, 7.03631163751e-13, 6.41914686418e-15], [7.13530187084e-14, 4.50378137562e-11, 1.67298411236e-10, 8.64905647102e-10, 1.02620747455e-08, 1.17857190673e-09, 9.31787869085e-10, 6.6268289467e-11, 5.65186286661e-10, 3.19975823615e-10, 4.09304812266e-11, 1.59983984394e-10, 1.33489164167e-10, 1.12698100851e-10, 7.04112490535e-10, 5.25869736645e-10, 8.5907183589e-09, 6.63972299364e-09, 5.37769384579e-09, 2.28060370588e-09, 1.56338575419e-09, 5.15127662748e-10, 2.21087540636e-11, 2.73149211583e-12, 2.09038624084e-12, 6.90953370908e-14, -3.74532055362e-16], [-1.11877424574e-14, -2.51040914402e-13, -2.03548601585e-11, -1.08588124603e-10, -1.78023895625e-09, -1.13080603908e-11, 2.34751063033e-09, 1.82623794559e-11, 3.39205746824e-11, 4.09304812266e-11, 9.17267581335e-11, 4.57537618903e-11, 1.02179549544e-10, 6.02983704634e-11, 7.38948069401e-10, 2.18020476672e-10, 2.0554953295e-09, 1.05902975278e-09, 2.61241250854e-09, 1.00562214111e-09, 2.95396734851e-10, 1.41109263163e-10, 1.39251119316e-11, 3.29911271912e-12, 1.77478843254e-12, 3.1263081452e-14, -2.59134668908e-16], [-2.77361124926e-14, -4.85704618886e-12, 7.50968523477e-11, 1.40910350055e-09, 1.85496162874e-09, 1.12425757592e-09, 9.51524525838e-10, 1.89113044669e-10, 1.20151846805e-10, 1.59983984394e-10, 4.57537618903e-11, 3.30152460926e-10, 6.98811702948e-11, 1.27509947045e-10, 9.60867274635e-10, 6.55313137088e-10, 4.54713822151e-09, 3.90317156373e-09, 4.28194280033e-09, 2.46151277139e-09, 9.780671828e-10, 4.57047677482e-10, 2.86549135114e-11, -6.98501206962e-13, 1.31608569529e-12, 5.59795130172e-14, -1.12577539657e-15], [1.24647633794e-13, 8.68188784753e-11, 2.53609744316e-10, -5.69676639195e-10, 1.25822152697e-08, -1.7681714426e-10, 2.37425012983e-09, -5.99927191258e-11, 1.21569154743e-09, 1.33489164167e-10, 1.02179549544e-10, 6.98811702948e-11, 4.6750048277e-10, 1.87113199934e-10, 1.21310150814e-09, 9.3949203972e-10, 1.59757362894e-08, 1.38015865403e-08, 6.56180398906e-09, 3.34670979818e-09, 2.50093368237e-09, 7.26153526198e-10, 3.85800939806e-11, 1.8840609628e-11, 6.05661224298e-12, 1.53546907177e-13, 1.25561398009e-16], [7.79762183506e-15, 1.53089797783e-11, 2.00125038069e-11, 1.24074167607e-10, 8.4563389624e-10, 1.29711116847e-10, 7.87505061162e-10, 1.3517396924e-10, 4.233574602e-10, 1.12698100851e-10, 6.02983704634e-11, 1.27509947045e-10, 1.87113199934e-10, 3.35422967179e-10, 9.04448682615e-10, 8.2354911779e-10, 1.09060929177e-08, 4.2769969788e-09, 6.24439078223e-09, 1.8249384226e-09, 9.82319225962e-10, 4.30030927534e-10, 3.21498626332e-11, 1.48343403533e-11, 6.71850118941e-12, 1.06289014591e-13, 6.53213068319e-16], [3.13644157304e-13, 1.01052347046e-10, 1.70676653366e-10, 6.72707711757e-09, 4.10439646714e-08, 2.68829958294e-09, 2.644841679e-08, 1.54237167482e-09, 1.78658399186e-09, 7.04112490535e-10, 7.38948069401e-10, 9.60867274635e-10, 1.21310150814e-09, 9.04448682615e-10, 1.41057512337e-08, 4.13773371122e-09, 2.68706656925e-08, 3.48029587371e-08, 3.50474920197e-08, 2.24373941649e-08, 9.17795173194e-09, 4.23294821417e-09, 2.54663651278e-10, 7.96590137603e-12, 1.30590096029e-11, 4.62711466365e-13, -3.3531918917e-15], [-3.94368240321e-14, -9.8692165551e-11, -1.20911669566e-10, 2.24589769005e-09, -2.12476223282e-08, -2.75454059562e-09, -6.41870245843e-09, 2.41001912871e-10, 4.03036271024e-09, 5.25869736645e-10, 2.18020476672e-10, 6.55313137088e-10, 9.3949203972e-10, 8.2354911779e-10, 4.13773371122e-09, 1.45914196281e-08, 1.08413175326e-07, 2.81552559045e-08, 4.37567386768e-08, 1.24542793856e-08, 6.88068713117e-09, 3.02430680499e-09, 2.13662629256e-10, 1.30041172275e-10, 6.24258075788e-11, 9.09307514268e-13, 2.27325696532e-16], [2.69665908527e-12, 2.19593832007e-09, 8.38597458142e-09, -5.22139487202e-08, -1.01098635241e-07, -3.37151924157e-08, -1.06090233487e-07, -7.85685916327e-09, 7.99167310106e-08, 8.5907183589e-09, 2.0554953295e-09, 4.54713822151e-09, 1.59757362894e-08, 1.09060929177e-08, 2.68706656925e-08, 1.08413175326e-07, 2.16578496293e-06, 6.98068049587e-07, 5.09490121203e-07, 9.37115771649e-08, 1.05312629728e-07, 3.03603044927e-08, 1.21055343527e-09, 1.66429214854e-09, 7.86274101383e-10, 1.31187664898e-11, 7.37038400689e-14], [1.5582448526e-11, 1.10364881678e-08, 4.20466825801e-08, 3.71409107913e-08, 1.31967010475e-06, 2.9765262255e-08, -1.01277146669e-08, 6.3783289761e-09, 8.21484036351e-08, 6.63972299364e-09, 1.05902975278e-09, 3.90317156373e-09, 1.38015865403e-08, 4.2769969788e-09, 3.48029587371e-08, 2.81552559045e-08, 6.98068049587e-07, 1.56542080276e-06, 2.16354990812e-07, 2.23986702963e-07, 1.99091317654e-07, 4.597379899e-08, 1.91385240988e-09, 6.11488304436e-10, 8.42477407281e-11, 6.81277213463e-12, 4.6765668188e-14], [1.90411141715e-12, 4.73686589952e-10, -3.80818071521e-10, 4.78998618547e-09, 2.4739233595e-07, -3.13388115458e-09, 3.23609299357e-08, 3.21039550499e-09, 2.57077630295e-08, 5.37769384579e-09, 2.61241250854e-09, 4.28194280033e-09, 6.56180398906e-09, 6.24439078223e-09, 3.50474920197e-08, 4.37567386768e-08, 5.09490121203e-07, 2.16354990812e-07, 4.40370001797e-07, 1.0596899358e-07, 5.58009922713e-08, 2.16910329698e-08, 1.43067280245e-09, 7.65882524068e-10, 3.68773761528e-10, 5.87833384399e-12, 3.59494674155e-14], [2.94937945594e-12, 1.02482178299e-09, 3.58442142634e-09, 2.48296618821e-08, 5.05166838138e-07, 8.14324696563e-09, 3.5528216813e-08, 4.94758500835e-09, 1.60980633268e-08, 2.28060370588e-09, 1.00562214111e-09, 2.46151277139e-09, 3.34670979818e-09, 1.8249384226e-09, 2.24373941649e-08, 1.24542793856e-08, 9.37115771649e-08, 2.23986702963e-07, 1.0596899358e-07, 1.18619830403e-07, 5.1596572348e-08, 1.88034743331e-08, 8.56700543839e-10, 3.81489596857e-11, 2.88296071044e-11, 2.06161953828e-12, 1.16118899706e-15], [3.07666305627e-12, 1.38583167164e-09, 4.75725459026e-09, 8.08468225699e-09, 3.20620330285e-07, 5.23034282551e-09, 2.0640869014e-09, 1.50126333587e-09, 1.5066541792e-08, 1.56338575419e-09, 2.95396734851e-10, 9.780671828e-10, 2.50093368237e-09, 9.82319225962e-10, 9.17795173194e-09, 6.88068713117e-09, 1.05312629728e-07, 1.99091317654e-07, 5.58009922713e-08, 5.1596572348e-08, 4.72237218219e-08, 1.1540479683e-08, 4.1483214086e-10, 8.41985439703e-11, 8.20304154464e-12, 1.25050219745e-12, 8.14758704975e-15], [6.90727965276e-13, 2.2817756018e-10, 7.3553024782e-10, 5.01069230552e-09, 1.14212490132e-07, 1.41371314655e-09, 2.50019649428e-09, 1.19740339866e-09, 4.13194278792e-09, 5.15127662748e-10, 1.41109263163e-10, 4.57047677482e-10, 7.26153526198e-10, 4.30030927534e-10, 4.23294821417e-09, 3.02430680499e-09, 3.03603044927e-08, 4.597379899e-08, 2.16910329698e-08, 1.88034743331e-08, 1.1540479683e-08, 5.24748067221e-09, 1.76226352955e-10, 1.72968948192e-11, 7.26082952443e-12, 4.67677600206e-13, 5.05481345576e-18], [1.25544775517e-14, 6.70578046216e-12, 2.13009141575e-11, 2.49999076996e-10, 2.55961807305e-09, 4.41036721033e-11, 2.86560386531e-10, 5.53647509782e-11, 1.22416382586e-10, 2.21087540636e-11, 1.39251119316e-11, 2.86549135114e-11, 3.85800939806e-11, 3.21498626332e-11, 2.54663651278e-10, 2.13662629256e-10, 1.21055343527e-09, 1.91385240988e-09, 1.43067280245e-09, 8.56700543839e-10, 4.1483214086e-10, 1.76226352955e-10, 1.62307129542e-11, 3.62140829477e-12, 1.48215684517e-12, 2.66306192999e-14, -2.06391687523e-16], [4.48046208966e-15, 4.6160735824e-12, 1.35794665443e-11, -8.96102775316e-11, -6.450913137e-10, -7.84674894505e-11, -1.93003946158e-10, -1.47912099235e-11, 8.00763066966e-11, 2.73149211583e-12, 3.29911271912e-12, -6.98501206962e-13, 1.8840609628e-11, 1.48343403533e-11, 7.96590137603e-12, 1.30041172275e-10, 1.66429214854e-09, 6.11488304436e-10, 7.65882524068e-10, 3.81489596857e-11, 8.41985439703e-11, 1.72968948192e-11, 3.62140829477e-12, 5.72492270604e-12, 1.69844639655e-12, 1.77487995275e-14, -4.4095582322e-17], [-1.25488174658e-15, -8.25035515167e-13, -2.93291519543e-12, -2.83024298442e-11, -2.6514654361e-10, -3.60785255837e-11, -6.78596068227e-11, -4.27070401612e-12, 2.38213233861e-11, 2.09038624084e-12, 1.77478843254e-12, 1.31608569529e-12, 6.05661224298e-12, 6.71850118941e-12, 1.30590096029e-11, 6.24258075788e-11, 7.86274101383e-10, 8.42477407281e-11, 3.68773761528e-10, 2.88296071044e-11, 8.20304154464e-12, 7.26082952443e-12, 1.48215684517e-12, 1.69844639655e-12, 8.94844582548e-13, 8.93056228333e-15, 2.94546310636e-17], [4.58324829373e-17, 2.2777805236e-14, 7.93783645043e-14, -6.10594135474e-14, 7.94864087744e-12, -2.95882703104e-13, -6.32248756387e-13, 7.07715466837e-15, 7.03631163751e-13, 6.90953370908e-14, 3.1263081452e-14, 5.59795130172e-14, 1.53546907177e-13, 1.06289014591e-13, 4.62711466365e-13, 9.09307514268e-13, 1.31187664898e-11, 6.81277213463e-12, 5.87833384399e-12, 2.06161953828e-12, 1.25050219745e-12, 4.67677600206e-13, 2.66306192999e-14, 1.77487995275e-14, 8.93056228333e-15, 2.01475455357e-16, 3.18851160051e-18], [2.18735691396e-18, 7.59207012629e-16, 5.80356905789e-16, -5.59952475013e-15, 1.51002894542e-13, -9.0288587628e-15, -1.99504533038e-14, -1.22264039035e-15, 6.41914686418e-15, -3.74532055362e-16, -2.59134668908e-16, -1.12577539657e-15, 1.25561398009e-16, 6.53213068319e-16, -3.3531918917e-15, 2.27325696532e-16, 7.37038400689e-14, 4.6765668188e-14, 3.59494674155e-14, 1.16118899706e-15, 8.14758704975e-15, 5.05481345576e-18, -2.06391687523e-16, -4.4095582322e-17, 2.94546310636e-17, 3.18851160051e-18, 2.51452587138e-18]]
    },
    "mfcc": {
        "kurt": [0.15604019165, -1.12009239197, -0.742161750793, -1.11826324463, 0.207667350769, 0.0219070911407, -0.297196626663, 0.390945911407, 0.77765917778, 0.742579221725, -0.267920732498, -0.490170240402, -0.616428852081],
        "max": [-653.621826172, 121.998580933, -28.2855415344, 111.823104858, 3.77828979492, 7.51736068726, 15.1411170959, 13.4756412506, 15.9752693176, 19.3909034729, 9.53464508057, 9.89227294922, 11.1027336121],
        "mean": [-740.466125488, 40.4730834961, -75.8306732178, 62.8655548096, -19.9716358185, -18.3521785736, -11.4203567505, -5.97975826263, -8.36501789093, -16.4212665558, -12.6122207642, -13.8142032623, -18.8812465668],
        "median": [-719.238586426, 31.6190643311, -75.3312759399, 57.3520202637, -19.3032016754, -18.1549625397, -10.7783432007, -3.70821762085, -5.83182239532, -17.3778038025, -13.0553007126, -13.3006381989, -17.6936435699],
        "min": [-977.384033203, -4.99508094788, -112.581207275, 27.6575813293, -51.0665588379, -46.2078819275, -38.8416900635, -37.7055130005, -44.6768226624, -38.6631660461, -31.996131897, -42.0576057434, -47.5644378662],
        "skew": [-0.90691691637, 0.362707793713, 0.0484097860754, 0.325859576464, -0.361452430487, -0.175647675991, -0.152780607343, -0.903004825115, -1.05244600773, 0.611970186234, 0.101958543062, -0.181706562638, -0.128515169024],
        "var": [3276.42797852, 692.34552002, 275.043334961, 390.487609863, 93.3291702271, 70.6296310425, 96.8062286377, 114.489143372, 125.90422821, 98.5155029297, 50.1132125854, 97.2522201538, 148.479370117],
        "cov": [[3283.92553711, 979.079711914, 158.634613037, 662.118591309, -41.5699424744, 93.3729019165, -326.283477783, -142.414245605, -180.831237793, -362.779754639, -142.693786621, -350.293273926, -426.949310303], [979.079711914, 693.929870605, 297.667999268, 456.820251465, -67.9064254761, 112.313468933, -135.835784912, -139.570343018, -161.328262329, -127.029930115, -37.1154060364, -123.86126709, -113.650276184], [158.634613037, 297.667999268, 275.672729492, 253.544799805, -14.1820468903, 89.3697433472, -17.7924137115, -40.3746185303, -57.4496536255, 3.49214696884, 6.2467212677, -30.0005626678, -41.7549438477], [662.118591309, 456.820251465, 253.544799805, 391.381195068, -12.8107004166, 96.8600006104, -65.8884811401, -54.2495384216, -68.8299026489, -83.5740203857, -24.7528648376, -83.3234558105, -125.195632935], [-41.5699424744, -67.9064254761, -14.1820468903, -12.8107004166, 93.5427398682, 1.31589090824, 48.9894943237, 71.1308898926, 70.9224014282, 9.19674682617, 6.20499229431, 26.4398517609, -38.9343490601], [93.3729019165, 112.313468933, 89.3697433472, 96.8600006104, 1.31589090824, 70.7912597656, 5.65424108505, -3.85940361023, -12.1107873917, -3.69312238693, 3.03299593925, -8.73197650909, -15.9969482422], [-326.283477783, -135.835784912, -17.7924137115, -65.8884811401, 48.9894943237, 5.65424108505, 97.0277557373, 72.3680419922, 67.0207672119, 44.7352561951, 21.5315933228, 50.2463645935, 14.6014251709], [-142.414245605, -139.570343018, -40.3746185303, -54.2495384216, 71.1308898926, -3.85940361023, 72.3680419922, 114.75113678, 99.0403671265, 20.4415931702, 13.3487224579, 39.5086555481, -29.9771633148], [-180.831237793, -161.328262329, -57.4496536255, -68.8299026489, 70.9224014282, -12.1107873917, 67.0207672119, 99.0403671265, 126.192337036, 34.43567276, 16.9751358032, 42.7324752808, -23.8697566986], [-362.779754639, -127.029930115, 3.49214696884, -83.5740203857, 9.19674682617, -3.69312238693, 44.7352561951, 20.4415931702, 34.43567276, 98.7409362793, 42.1773719788, 46.1707725525, 63.4871330261], [-142.693786621, -37.1154060364, 6.2467212677, -24.7528648376, 6.20499229431, 3.03299593925, 21.5315933228, 13.3487224579, 16.9751358032, 42.1773719788, 50.2278900146, 40.2840194702, 30.0534095764], [-350.293273926, -123.86126709, -30.0005626678, -83.3234558105, 26.4398517609, -8.73197650909, 50.2463645935, 39.5086555481, 42.7324752808, 46.1707725525, 40.2840194702, 97.4747695923, 52.4793586731], [-426.949310303, -113.650276184, -41.7549438477, -125.195632935, -38.9343490601, -15.9969482422, 14.6014251709, -29.9771633148, -23.8697566986, 63.4871330261, 30.0534095764, 52.4793586731, 148.819137573]]
    },
    "sccoeffs": {
        "kurt": [-0.97479891777, 0.198385953903, -0.277590990067, -0.14839220047, -0.575486421585, -1.31616961956],
        "max": [-0.270379573107, -0.515198349953, -0.686005651951, -0.688598573208, -0.68176561594, -0.623189032078],
        "mean": [-0.578045606613, -0.787003815174, -0.796139776707, -0.804526329041, -0.775656759739, -0.723969995975],
        "median": [-0.576045751572, -0.81304359436, -0.798127770424, -0.810429930687, -0.775017976761, -0.726841509342],
        "min": [-0.925703942776, -0.940078496933, -0.908779323101, -0.892591536045, -0.858992993832, -0.86883276701],
        "skew": [0.12097723037, 0.994966328144, 0.105942942202, 0.436810195446, 0.15282034874, 0.00335522438399],
        "var": [0.0186053216457, 0.00764274923131, 0.00178685761057, 0.00157994998153, 0.00115617166739, 0.00268375733867],
        "cov": [[0.0186478961259, 0.00444198958576, 0.00278753251769, 0.00324334437028, 0.0023256149143, 0.00554579030722], [0.00444198958576, 0.00766023853794, 0.000601380947046, 0.00168510037474, 0.000228997014347, 0.00220440491103], [0.00278753251769, 0.000601380947046, 0.00179094646592, 0.000495577754918, 0.000626651511993, 0.00123850139789], [0.00324334437028, 0.00168510037474, 0.000495577754918, 0.00158356537577, 0.000452722306363, 0.00124489236623], [0.0023256149143, 0.000228997014347, 0.000626651511993, 0.000452722306363, 0.00115881743841, 0.00069051416358], [0.00554579030722, 0.00220440491103, 0.00123850139789, 0.00124489236623, 0.00069051416358, 0.00268989871256]]
    },
    "scvalleys": {
        "kurt": [0.358273744583, -0.678068876266, 0.625556468964, 0.255509138107, 0.465441703796, 0.0380997657776],
        "max": [-5.89463281631, -5.93338727951, -6.56054830551, -6.19912290573, -5.71512985229, -8.68595504761],
        "mean": [-8.72799968719, -7.80493736267, -7.62238836288, -7.45468425751, -6.54179811478, -9.56895446777],
        "median": [-8.98225784302, -7.67304563522, -7.52825498581, -7.34412670135, -6.43653297424, -9.54760360718],
        "min": [-11.0055999756, -9.7771692276, -9.87388038635, -9.55442047119, -8.39486694336, -11.0128231049],
        "skew": [0.882902920246, -0.370457321405, -0.765850126743, -0.675206720829, -0.892237603664, -0.33360427618],
        "var": [0.858792185783, 0.587114334106, 0.294822245836, 0.276167839766, 0.244124919176, 0.143771514297],
        "cov": [[0.860757350922, 0.444732069969, 0.192021280527, 0.177248939872, 0.240492478013, 0.0433768108487], [0.444732069969, 0.5884578228, 0.276001811028, 0.272244304419, 0.281072825193, 0.0747447013855], [0.192021280527, 0.276001811028, 0.295496881008, 0.243676885962, 0.23055511713, 0.135562703013], [0.177248939872, 0.272244304419, 0.243676885962, 0.276799798012, 0.224739789963, 0.138220876455], [0.240492478013, 0.281072825193, 0.23055511713, 0.224739789963, 0.244683548808, 0.124421171844], [0.0433768108487, 0.0747447013855, 0.135562703013, 0.138220876455, 0.124421171844, 0.144100502133]]
    }
},
"rhythm": {
    "beats_loudness": {
        "kurt": 0.113079547882,
        "max": 0.0199136678129,
        "mean": 0.0062504359521,
        "median": 0.00454290024936,
        "min": 0.000441472715465,
        "skew": 0.994485557079,
        "var": 3.07294867525e-05
    },
    "bpm": 94.9098434448,
    "confidence": 2.29718470573,
    "first_peak_bpm": {
        "kurt": 0,
        "max": 96,
        "mean": 96,
        "median": 96,
        "min": 96,
        "skew": 0,
        "var": 0
    },
    "first_peak_spread": {
        "kurt": 0,
        "max": 0.538461565971,
        "mean": 0.538461565971,
        "median": 0.538461565971,
        "min": 0.538461565971,
        "skew": 0,
        "var": 0
    },
    "first_peak_weight": {
        "kurt": 0,
        "max": 0.428571432829,
        "mean": 0.428571432829,
        "median": 0.428571432829,
        "min": 0.428571432829,
        "skew": 0,
        "var": 0
    },
    "onset_rate": 0.493315070868,
    "second_peak_bpm": {
        "kurt": 0,
        "max": 89,
        "mean": 89,
        "median": 89,
        "min": 89,
        "skew": 0,
        "var": 0
    },
    "second_peak_spread": {
        "kurt": 0,
        "max": 0,
        "mean": 0,
        "median": 0,
        "min": 0,
        "skew": 0,
        "var": 0
    },
    "second_peak_weight": {
        "kurt": 0,
        "max": 0.0714285746217,
        "mean": 0.0714285746217,
        "median": 0.0714285746217,
        "min": 0.0714285746217,
        "skew": 0,
        "var": 0
    },
    "beats_loudness_band_ratio": {
        "kurt": [2.06569051743, 5.63145637512, 9.01881599426, -1.34137117863, -0.728458404541, -0.098911523819],
        "max": [0.270426154137, 0.740879356861, 0.28958055377, 0.0284599568695, 0.627711772919, 0.534580111504],
        "mean": [0.0463201478124, 0.123697124422, 0.0433036535978, 0.0172112211585, 0.463296532631, 0.33910292387],
        "median": [0.00768544990569, 0.0491677224636, 0.0227308347821, 0.0159139111638, 0.534447133541, 0.372773885727],
        "min": [0.000622961902991, 0.0034044040367, 0.00657940935344, 0.00335857900791, 0.143340528011, 0.0952613204718],
        "skew": [1.81150400639, 2.46164917946, 3.23725652695, -0.149357229471, -0.767795622349, -0.649984121323],
        "var": [0.00620605470613, 0.0336283817887, 0.00452045258135, 6.58416101942e-05, 0.0217761211097, 0.0133287450299],
        "cov": [[0.00664934422821, 0.00585927208886, -0.000232097037951, -0.000395660492359, -0.00576566252857, -0.00359714706428], [0.00585927208886, 0.036030407995, -0.00126194173936, -0.00107342458796, -0.0199438948184, -0.0154914008453], [-0.000232097037951, -0.00126194173936, 0.00484334211797, 0.000113852744107, -0.00430858321488, 0.00110166892409], [-0.000395660492359, -0.00107342458796, 0.000113852744107, 7.05445854692e-05, 0.000405045488151, 0.000774295418523], [-0.00576566252857, -0.0199438948184, -0.00430858321488, 0.000405045488151, 0.0233315583318, 0.00205803872086], [-0.00359714706428, -0.0154914008453, 0.00110166892409, 0.000774295418523, 0.00205803872086, 0.0142807979137]]
    },
    "beats_position": [0.626938760281, 1.26548755169, 1.91564619541, 2.54258489609, 3.16952371597, 3.80807256699, 4.446621418, 5.08516979218, 5.71210861206, 6.32743740082, 6.9543762207, 7.58131504059, 8.2198638916, 8.84680271149, 9.52018165588],
    "bpm_estimates": [93.9630661011, 92.2851715088, 95.7031326294, 95.7031173706, 93.9630508423, 93.9630508423, 93.9631271362, 95.7031173706, 97.5088424683, 95.7031173706, 95.7031173706, 93.9630508423, 95.7031173706],
    "bpm_intervals": [0.638548791409, 0.650158643723, 0.626938700676, 0.626938819885, 0.638548851013, 0.638548851013, 0.638548374176, 0.626938819885, 0.615328788757, 0.626938819885, 0.626938819885, 0.638548851013, 0.626938819885, 0.673378944397],
    "onset_times": [0.0116099771112, 0.487619042397, 4.2492518425, 5.0967798233, 7.87156438828],
    "histogram": [[0, 0, 0, 0, 0, 0, 0, 0, 0, 0, 0, 0, 0, 0, 0, 0, 0, 0, 0, 0, 0, 0, 0, 0, 0, 0, 0, 0, 0, 0, 0, 0, 0, 0, 0, 0, 0, 0, 0, 0, 0, 0, 0, 0, 0, 0, 0, 0, 0, 0, 0, 0, 0, 0, 0, 0, 0, 0, 0, 0, 0, 0, 0, 0, 0, 0, 0, 0, 0, 0, 0, 0, 0, 0, 0, 0, 0, 0, 0, 0, 0, 0, 0, 0, 0, 0, 0, 0, 0, 0.0714285746217, 0, 0, 0.0714285746217, 0, 0.357142865658, 0, 0.428571432829, 0, 0.0714285746217, 0, 0, 0, 0, 0, 0, 0, 0, 0, 0, 0, 0, 0, 0, 0, 0, 0, 0, 0, 0, 0, 0, 0, 0, 0, 0, 0, 0, 0, 0, 0, 0, 0, 0, 0, 0, 0, 0, 0, 0, 0, 0, 0, 0, 0, 0, 0, 0, 0, 0, 0, 0, 0, 0, 0, 0, 0, 0, 0, 0, 0, 0, 0, 0, 0, 0, 0, 0, 0, 0, 0, 0, 0, 0, 0, 0, 0, 0, 0, 0, 0, 0, 0, 0, 0, 0, 0, 0, 0, 0, 0, 0, 0, 0, 0, 0, 0, 0, 0, 0, 0, 0, 0, 0, 0, 0, 0, 0, 0, 0, 0, 0, 0, 0, 0, 0, 0, 0, 0, 0, 0, 0, 0, 0, 0, 0, 0, 0, 0, 0, 0, 0, 0, 0, 0, 0, 0, 0, 0, 0, 0, 0, 0, 0, 0, 0, 0, 0, 0, 0, 0]]
},
"sfx": {
    "inharmonicity": {
        "kurt": 36.0175056458,
        "max": 0.333700716496,
        "mean": 0.00828058831394,
        "median": 0,
        "min": 0,
        "skew": 5.66208696365,
        "var": 0.00121673266403
    },
    "oddtoevenharmonicenergyratio": {
        "kurt": 139.332000732,
        "max": 6.75765514374,
        "mean": 0.0697747766972,
        "median": 0,
        "min": 0,
        "skew": 11.0429096222,
        "var": 0.201295897365
    },
    "pitch_after_max_to_before_max_energy_ratio": 0.12767906487,
    "pitch_centroid": 216.557312012,
    "pitch_max_to_total": 0.894977152348,
    "pitch_min_to_total": 0.897260248661,
    "tristimulus": {
        "kurt": [6.29057598114, 11.0175857544, 20.9145259857],
        "max": [1, 0.951824903488, 0.890251815319],
        "mean": [0.911134958267, 0.0590956918895, 0.0297692287713],
        "median": [1, 0, 0],
        "min": [0, 0, 0],
        "skew": [-2.82068657875, 3.50250887871, 4.40373373032],
        "var": [0.0670880153775, 0.0372877568007, 0.0127408616245],
        "cov": [[0.0672415345907, -0.0459221489727, -0.0213193912059], [-0.0459221489727, 0.0373730808496, 0.00854941364378], [-0.0213193912059, 0.00854941364378, 0.0127700166777]]
    }
},
"tonal": {
    "chords_changes_rate": 0.0681818202138,
    "chords_number_rate": 0.040909089148,
    "chords_strength": {
        "kurt": -1.03290045261,
        "max": 0.521593093872,
        "mean": 0.385912626982,
        "median": 0.368794262409,
        "min": 0.270157426596,
        "skew": 0.288124859333,
        "var": 0.00453230831772
    },
    "key_strength": 0.506240069866,
    "tuning_diatonic_strength": 0.337549209595,
    "tuning_equal_tempered_deviation": 0.204890266061,
    "tuning_frequency": 452.631469727,
    "tuning_nontempered_energy_ratio": 0.770064413548,
    "hpcp": {
        "kurt": [-0.957092761993, -0.117090940475, 1.57251930237, 2.64424848557, 5.52431583405, 5.98190784454, 5.14864730835, 1.55091238022, 2.09228563309, 2.18315172195, 4.32290029526, 3.66365003586, 1.7817773819, 1.74765110016, 1.71781587601, 1.04787826538, 0.34766125679, -0.88655257225, -1.56270897388, -1.63627147675, -0.826573133469, 0.262667417526, 2.22978162766, 3.80296945572, 3.31477308273, 4.80940389633, 2.74604272842, 4.61667966843, 0.306507349014, -0.40226149559, -0.816165924072, -0.326371431351, 0.449457406998, -0.0162494182587, -0.610039710999, -0.637731313705],
        "max": [1, 1, 1, 1, 1, 1, 1, 1, 1, 1, 1, 1, 0.949652135372, 0.953124940395, 1, 1, 0.879230618477, 1, 1, 1, 1, 1, 1, 1, 1, 1, 0.934020280838, 1, 1, 1, 1, 1, 1, 1, 1, 1],
        "mean": [0.446885079145, 0.370623320341, 0.258602231741, 0.22582128644, 0.189992278814, 0.170019283891, 0.186864286661, 0.232482165098, 0.23863337934, 0.201028957963, 0.173971563578, 0.175985887647, 0.200874775648, 0.216053530574, 0.220732077956, 0.249803140759, 0.23060746491, 0.295106738806, 0.475921988487, 0.486335963011, 0.350376307964, 0.298642218113, 0.277633696795, 0.223159641027, 0.214772507548, 0.21061347425, 0.178046613932, 0.189572691917, 0.274950057268, 0.34817481041, 0.3770391047, 0.351703494787, 0.305765718222, 0.318960368633, 0.350830852985, 0.388413310051],
