{
"metadata": {
    "version": {
        "essentia": "2.1-beta3"
    }
},
"lowLevel": {
    "average_loudness": 0.559539377689,
    "barkbands_kurtosis": {
        "kurt": 0.353053808212,
        "max": 12.2567653656,
        "mean": 2.2541821003,
        "median": 1.75032520294,
        "min": -1.68240952492,
        "skew": 0.910967409611,
        "var": 8.07140827179
    },
    "barkbands_skewness": {
        "kurt": -1.16461145878,
        "max": 3.20001244545,
        "mean": -0.590650558472,
        "median": -1.19074392319,
        "min": -2.92293381691,
        "skew": 0.607272207737,
        "var": 2.52923345566
    },
    "barkbands_spread": {
        "kurt": -0.849298238754,
        "max": 58.5895004272,
        "mean": 28.7103595734,
        "median": 29.4313011169,
        "min": 3.38516449928,
        "skew": -0.154438093305,
        "var": 162.515563965
    },
    "dissonance": {
        "kurt": 3.3090968132,
        "max": 0.499999970198,
        "mean": 0.492146641016,
        "median": 0.495381951332,
        "min": 0.440727114677,
        "skew": -1.49031949043,
        "var": 6.16048782831e-05
    },
    "hfc": {
        "kurt": -1.20881545544,
        "max": 17.0649719238,
        "mean": 6.49556064606,
        "median": 5.45063686371,
        "min": 3.35948752763e-05,
        "skew": 0.331776350737,
        "var": 21.5140132904
    },
    "pitch": {
        "kurt": 0.286488771439,
        "max": 4982.56152344,
        "mean": 3599.80566406,
        "median": 4120.82324219,
        "min": 67.4410552979,
        "skew": -1.28235840797,
        "var": 2350886.25
    },
    "pitch_instantaneous_confidence": {
        "kurt": 0.294333934784,
        "max": 0.647414326668,
        "mean": 0.387142062187,
        "median": 0.384991049767,
        "min": 0.184409797192,
        "skew": 0.365451663733,
        "var": 0.00624875584617
    },
    "pitch_salience": {
        "kurt": -0.956337213516,
        "max": 0.884373784065,
        "mean": 0.632760763168,
        "median": 0.721588492393,
        "min": 0.231627941132,
        "skew": -0.841706693172,
        "var": 0.0290576070547
    },
    "silence_rate_20dB": {
        "kurt": 0,
        "max": 1,
        "mean": 1,
        "median": 1,
        "min": 1,
        "skew": 0,
        "var": 0
    },
    "silence_rate_30dB": {
        "kurt": 0,
        "max": 1,
        "mean": 1,
        "median": 1,
        "min": 1,
        "skew": 0,
        "var": 0
    },
    "silence_rate_60dB": {
        "kurt": -1.84311008453,
        "max": 1,
        "mean": 0.59713947773,
        "median": 1,
        "min": 0,
        "skew": -0.396102011204,
        "var": 0.240565448999
    },
    "spectral_centroid": {
        "kurt": -1.2915160656,
        "max": 4161.44726562,
        "mean": 2653.09106445,
        "median": 3248.73901367,
        "min": 433.2890625,
        "skew": -0.669404625893,
        "var": 1404393.75
    },
    "spectral_complexity": {
        "kurt": -0.937199354172,
        "max": 25,
        "mean": 7.14898681641,
        "median": 6,
        "min": 0,
        "skew": 0.503216505051,
        "var": 41.2876815796
    },
    "spectral_crest": {
        "kurt": -0.23691701889,
        "max": 15.088602066,
        "mean": 8.71392917633,
        "median": 8.65706539154,
        "min": 3.54214906693,
        "skew": 0.188467442989,
        "var": 4.49209451675
    },
    "spectral_decrease": {
        "kurt": 0.0805687904358,
        "max": -3.27363432213e-15,
        "mean": -1.08523778852e-09,
        "median": -2.83951862023e-10,
        "min": -5.53527534919e-09,
        "skew": -1.18197643757,
        "var": 1.81559258177e-18
    },
    "spectral_energy": {
        "kurt": -0.0592398643494,
        "max": 0.0223705172539,
        "mean": 0.00468510203063,
        "median": 0.00155593384989,
        "min": 1.54025947552e-08,
        "skew": 1.10902559757,
        "var": 2.92313925456e-05
    },
    "spectral_energyband_high": {
        "kurt": -0.969705343246,
        "max": 0.00248069409281,
        "mean": 0.000803260947578,
        "median": 0.000648671935778,
        "min": 2.86620127632e-09,
        "skew": 0.537850022316,
        "var": 4.42195755568e-07
    },
    "spectral_energyband_low": {
        "kurt": 5.12724876404,
        "max": 0.0100693497807,
        "mean": 0.000995132257231,
        "median": 6.23556261417e-05,
        "min": 4.97100860475e-10,
        "skew": 2.35453081131,
        "var": 3.45768785337e-06
    },
    "spectral_energyband_middle_high": {
        "kurt": -0.42572259903,
        "max": 0.00180441769771,
        "mean": 0.000679534277879,
        "median": 0.000708152540028,
        "min": 8.04392641385e-09,
        "skew": 0.24052529037,
        "var": 1.58038901077e-07
    },
    "spectral_energyband_middle_low": {
        "kurt": 1.31975317001,
        "max": 0.0186813566834,
        "mean": 0.00266443728469,
        "median": 0.000155076093506,
        "min": 4.1942387341e-09,
        "skew": 1.56307351589,
        "var": 1.78785194294e-05
    },
    "spectral_flatness_db": {
        "kurt": -0.198282957077,
        "max": 0.231147155166,
        "mean": 0.159657970071,
        "median": 0.156212717295,
        "min": 0.0599488765001,
        "skew": 0.250633239746,
        "var": 0.000928789086174
    },
    "spectral_flux": {
        "kurt": 0.913990974426,
        "max": 0.0812171176076,
        "mean": 0.0254020094872,
        "median": 0.020865811035,
        "min": 0.000109121494461,
        "skew": 1.1439499855,
        "var": 0.000278385152342
    },
    "spectral_kurtosis": {
        "kurt": 3.16831874847,
        "max": 4.83550977707,
        "mean": 0.937823534012,
        "median": 0.905141592026,
        "min": -0.148400783539,
        "skew": 1.08477795124,
        "var": 0.359957277775
    },
    "spectral_rms": {
        "kurt": -1.01943635941,
        "max": 0.00467171240598,
        "mean": 0.00176596525125,
        "median": 0.00123206502758,
        "min": 3.87645741284e-06,
        "skew": 0.617988407612,
        "var": 1.45219917158e-06
    },
    "spectral_rolloff": {
        "kurt": 0.928124427795,
        "max": 5447.90039062,
        "mean": 4177.56494141,
        "median": 4844.97070312,
        "min": 193.798828125,
        "skew": -1.49112308025,
        "var": 2164718
    },
    "spectral_skewness": {
        "kurt": 0.981499433517,
        "max": 1.56689035892,
        "mean": 0.831784427166,
        "median": 0.7938824296,
        "min": 0.487454950809,
        "skew": 1.07247209549,
        "var": 0.0326092951
    },
    "spectral_spread": {
        "kurt": 1.4920873642,
        "max": 8928544,
        "mean": 6151840.5,
        "median": 6226914.5,
        "min": 4121621.75,
        "skew": 0.251659691334,
        "var": 367330197504
    },
    "spectral_strongpeak": {
        "kurt": 2.38249635696,
        "max": 3.96366763115,
        "mean": 0.779708862305,
        "median": 0.530781924725,
        "min": 4.47749662271e-05,
        "skew": 1.46662437916,
        "var": 0.487813055515
    },
    "zerocrossingrate": {
        "kurt": -1.26827657223,
        "max": 0.19970703125,
        "mean": 0.137268722057,
        "median": 0.158203125,
        "min": 0.048828125,
        "skew": -0.660605728626,
        "var": 0.00212253653444
    },
    "barkbands": {
        "kurt": [30.9926490784, 46.8055496216, 4.77015018463, 0.780526161194, 4.60455226898, 1.51458215714, 1.16795635223, 1.98549556732, 1.71147251129, 2.55534553528, 2.48614645004, 1.24115371704, 2.46821880341, 1.80163240433, 1.2747168541, -0.405569791794, 1.53550624847, 2.47285461426, 0.819684743881, 0.391616344452, -0.885256767273, 0.0786409378052, -0.227164506912, -0.604774951935, 0.951604604721, 6.48365974426, 10.7415275574],
        "max": [1.38858183618e-07, 0.000127191087813, 0.00486601470038, 0.00987562537193, 0.00955400057137, 0.000197043773369, 0.000120911674458, 0.00155006616842, 0.00024932125234, 6.85416744091e-05, 0.000204735508305, 0.000154846988153, 0.000340865313774, 0.000377293938072, 0.000161513395142, 0.000119646319945, 0.000370278838091, 0.000432637403719, 0.000678425712977, 0.000592035707086, 0.00203791889362, 0.000285056536086, 0.000100430668681, 3.28835521941e-05, 1.5085846826e-05, 3.5651169128e-07, 2.27675411857e-09],
        "mean": [6.27417184873e-09, 4.93078869113e-06, 0.000539979198948, 0.00136257638223, 0.000982936820947, 2.4445263989e-05, 2.02571300179e-05, 0.000240107270656, 3.02546759485e-05, 1.15420652946e-05, 3.28740788973e-05, 3.05928697344e-05, 4.05254722864e-05, 6.07369038335e-05, 3.22808955389e-05, 3.59347686754e-05, 7.81358976383e-05, 9.11989191081e-05, 0.000186064455193, 0.000176372472197, 0.000584190478548, 7.58787718951e-05, 2.81461198028e-05, 1.15094371722e-05, 3.57158819497e-06, 5.74287355448e-08, 2.37571184947e-10],
        "median": [6.76317668535e-10, 4.70128952657e-07, 4.04357888328e-05, 4.50854677183e-05, 3.10532923322e-05, 7.68217523728e-06, 8.1756770669e-06, 4.66894271085e-05, 1.07981313704e-05, 6.1451610236e-06, 1.11815506898e-05, 1.3368465261e-05, 1.35976706588e-05, 4.09294698329e-05, 2.75238835457e-05, 3.02970420307e-05, 6.58844946884e-05, 7.67821766203e-05, 0.000175064546056, 0.000180693619768, 0.000421403441578, 6.37820339762e-05, 2.31247304328e-05, 1.09822440209e-05, 3.0687524486e-06, 3.94659593894e-08, 1.32200986269e-10],
        "min": [2.94964703704e-12, 1.6587772822e-10, 7.5947387268e-11, 2.42400710615e-10, 5.26027443826e-10, 2.52639908993e-10, 9.76345337911e-10, 9.25463386481e-11, 2.66298150198e-10, 7.34903693456e-10, 7.35166316712e-10, 3.83584358721e-10, 1.43651771034e-10, 2.93358615178e-10, 3.26679655549e-10, 2.25865770531e-10, 8.03200506105e-10, 9.04618269182e-10, 1.12604070512e-09, 1.47096268499e-09, 1.17290532842e-09, 7.00183577784e-10, 1.59010443701e-10, 8.59974799705e-11, 5.16050292776e-11, 1.08946775212e-11, 2.82198191274e-14],
        "skew": [4.43713569641, 5.48268270493, 2.44461011887, 1.41063642502, 2.31600117683, 1.36922156811, 1.38014364243, 1.58613812923, 1.3025188446, 1.62632572651, 1.63285267353, 1.24962449074, 1.47286176682, 1.30535852909, 1.07524049282, 0.672499477863, 1.17800879478, 1.22373318672, 0.757006406784, 0.58502393961, 0.626433193684, 0.775726914406, 0.749829649925, 0.293810606003, 1.09124147892, 2.44424533844, 2.99152183533],
        "var": [1.56955059542e-16, 1.03003050533e-10, 1.17446404602e-06, 4.68394682684e-06, 3.78575168725e-06, 8.91775764345e-10, 6.14637341023e-10, 1.10066856962e-07, 1.27485511037e-09, 1.70573263847e-10, 1.64857638651e-09, 1.03596087264e-09, 2.28438912231e-09, 3.71196162696e-09, 6.65572263969e-10, 6.87816636979e-10, 4.18726386897e-09, 4.21544976703e-09, 1.13832845372e-08, 1.20536922665e-08, 2.88814476335e-07, 2.96741986539e-09, 5.12291098431e-10, 4.66220465012e-11, 6.45822588116e-12, 3.2529252136e-15, 9.58029728713e-20],
        "cov": [[1.57142359703e-16, 8.13087525911e-14, 6.28729143401e-12, 1.33471341618e-11, 6.98172552757e-12, 1.92800460384e-13, 1.36276826954e-13, 2.02655058533e-12, 2.3870827732e-13, 5.93892407583e-14, 1.86804944343e-13, 1.81554586903e-13, 3.17351938998e-13, 3.43069024794e-13, 1.04727316229e-13, 4.57995525728e-14, 1.30259301609e-13, 2.32402293211e-14, 5.34711740217e-14, 3.26558360431e-13, 2.73777528426e-12, 2.56104382493e-13, 1.3227580923e-13, 1.53462989929e-14, 8.07862702702e-16, -1.37764315062e-18, 3.95838596741e-19], [8.13087525911e-14, 1.031259661e-10, 6.05283068111e-09, 9.65997948299e-09, 5.84048098773e-09, 1.74413733456e-10, 1.05814357276e-10, 1.56356394498e-09, 1.97615063202e-10, 4.90233617589e-11, 1.84335269271e-10, 1.70570890745e-10, 2.70942296376e-10, 2.97408320193e-10, 9.76465297509e-11, 4.80084236254e-11, 1.01056704671e-10, 3.44114806095e-11, 3.73491099159e-11, 3.15773324155e-10, 2.42689157659e-09, 2.12011713741e-10, 1.20077739418e-10, 1.45285771261e-11, 1.13995661868e-12, -2.31145148086e-15, 4.04649079425e-16], [6.28729143401e-12, 6.05283068111e-09, 1.17586557735e-06, 1.41816576615e-06, 5.02488774146e-07, 1.25682699803e-08, 6.40488995174e-09, 1.15730593109e-07, 1.98857996736e-08, 7.19002768435e-09, 1.72503629159e-08, 1.77327077466e-08, 2.23934186749e-08, 4.39629204152e-08, 6.45144471179e-09, -1.55213464303e-09, 3.45296546911e-09, 4.49083881193e-09, 1.0399157091e-08, 3.49323627802e-08, 1.87611789215e-07, 1.27237802516e-08, 1.36253444083e-08, 2.40895725589e-09, -3.13541276276e-10, 7.56754121173e-12, 6.44684297808e-14], [1.33471341618e-11, 9.65997948299e-09, 1.41816576615e-06, 4.68953658128e-06, 3.40813494404e-06, 4.73220822528e-08, 3.6094139233e-08, 5.24865470197e-07, 5.19520249043e-08, 1.24977379556e-08, 3.05709129123e-08, 3.31905205542e-08, 4.88118345743e-08, 6.37878230236e-08, 1.4730091813e-08, 1.13593499051e-08, 2.43001299083e-08, -4.98165730889e-09, 1.45882106395e-09, 7.5488856055e-08, 6.40837981791e-07, 4.08175573341e-08, 2.35314914221e-08, 1.99821648117e-09, -5.25031240706e-10, -4.95827424257e-12, 2.10004255197e-13], [6.98172552757e-12, 5.84048098773e-09, 5.02488774146e-07, 3.40813494404e-06, 3.79026914743e-06, 4.02970634639e-08, 3.25181481742e-08, 4.42486197016e-07, 3.77114126593e-08, 7.12770420463e-09, 1.89193638533e-08, 2.01443750569e-08, 3.13470600588e-08, 3.06701011255e-08, 1.08548725564e-08, 1.45347422986e-08, 1.76666539176e-08, -8.71658301094e-09, -4.93399943124e-09, 5.83438506396e-08, 5.78099218274e-07, 3.37058487787e-08, 1.40539482274e-08, 2.59377769263e-10, -2.50623161113e-10, -1.36027196451e-11, 1.14624916546e-13], [1.92800460384e-13, 1.74413733456e-10, 1.25682699803e-08, 4.73220822528e-08, 4.02970634639e-08, 8.92839913114e-10, 6.11656669758e-10, 8.52112158611e-09, 7.26014581787e-10, 1.95395921665e-10, 6.67320143588e-10, 5.73404046467e-10, 8.97175889136e-10, 8.36796187897e-10, 3.79403841677e-10, 2.88076063004e-10, 6.27847385193e-10, 8.82362672511e-12, 7.91066101513e-11, 1.40366496204e-09, 1.13435794091e-08, 9.33128796454e-10, 3.95280280729e-10, 2.28210193798e-11, 3.76451083847e-12, -2.0024662538e-13, 2.63682521151e-15], [1.36276826954e-13, 1.05814357276e-10, 6.40488995174e-09, 3.6094139233e-08, 3.25181481742e-08, 6.11656669758e-10, 6.15370754353e-10, 6.87336720873e-09, 6.16590001279e-10, 1.64929292445e-10, 5.77651149136e-10, 5.01071573122e-10, 7.71770813923e-10, 7.22507165207e-10, 3.51411816313e-10, 3.10228037703e-10, 6.12467909722e-10, 9.74011218902e-11, 2.05220423988e-10, 1.33918498513e-09, 1.02566817262e-08, 9.31080101907e-10, 3.54645895984e-10, 2.5088164185e-11, 1.13012958367e-11, -1.00339204447e-13, 2.18817451748e-15], [2.02655058533e-12, 1.56356394498e-09, 1.15730593109e-07, 5.24865470197e-07, 4.42486197016e-07, 8.52112158611e-09, 6.87336720873e-09, 1.10198200787e-07, 8.06508460016e-09, 2.4078024019e-09, 7.7594437542e-09, 6.64999300071e-09, 1.01321369073e-08, 9.7225170137e-09, 4.59075044645e-09, 2.78869660697e-09, 9.09472941402e-09, 3.26175891852e-10, 1.88953053204e-09, 1.6773373801e-08, 1.31922689661e-07, 1.08712763236e-08, 4.5554195971e-09, 3.51375872842e-10, 9.06333688655e-11, -2.06571652145e-12, 2.8524481632e-14], [2.3870827732e-13, 1.97615063202e-10, 1.98857996736e-08, 5.19520249043e-08, 3.77114126593e-08, 7.26014581787e-10, 6.16590001279e-10, 8.06508460016e-09, 1.27637633796e-09, 2.96933477806e-10, 7.3042821791e-10, 8.21634593695e-10, 9.88723325435e-10, 1.41856837388e-09, 5.12891118465e-10, 4.22674339973e-10, 8.60672921821e-10, 4.56329224408e-10, 4.55175647174e-10, 1.63201496761e-09, 1.22478338582e-08, 1.21930410213e-09, 6.08883388153e-10, 5.51833440054e-11, 1.68838935888e-11, 1.50494457933e-13, 2.88616164151e-15], [5.93892407583e-14, 4.90233617589e-11, 7.19002768435e-09, 1.24977379556e-08, 7.12770420463e-09, 1.95395921665e-10, 1.64929292445e-10, 2.4078024019e-09, 2.96933477806e-10, 1.70776809361e-10, 3.86247506201e-10, 3.16299708647e-10, 3.83001796944e-10, 5.61370838703e-10, 2.18479234704e-10, 1.21961926669e-10, 4.94542407026e-10, 2.38745329062e-10, 3.41977030027e-10, 8.70017669019e-10, 4.66665550647e-09, 4.90239793205e-10, 2.25118979014e-10, 3.71182563852e-11, 1.1521063617e-11, 8.93873462662e-14, 6.91985525023e-16], [1.86804944343e-13, 1.84335269271e-10, 1.72503629159e-08, 3.05709129123e-08, 1.89193638533e-08, 6.67320143588e-10, 5.77651149136e-10, 7.7594437542e-09, 7.3042821791e-10, 3.86247506201e-10, 1.65054359069e-09, 1.0909728676e-09, 1.67513269922e-09, 1.89037652198e-09, 7.93901389073e-10, 5.5234988805e-10, 1.55645751843e-09, 8.71850369677e-10, 7.95573107393e-10, 3.25697757653e-09, 1.824477458e-08, 1.71488323542e-09, 7.57079676728e-10, 1.04191773265e-10, 3.98200118712e-11, 1.11030400097e-14, 1.39317025137e-15], [1.81554586903e-13, 1.70570890745e-10, 1.77327077466e-08, 3.31905205542e-08, 2.01443750569e-08, 5.73404046467e-10, 5.01071573122e-10, 6.64999300071e-09, 8.21634593695e-10, 3.16299708647e-10, 1.0909728676e-09, 1.03719710598e-09, 1.25767385395e-09, 1.55995272255e-09, 6.05413053023e-10, 4.38462627317e-10, 1.01030050992e-09, 6.51499909576e-10, 6.14156780987e-10, 2.18782170158e-09, 1.42976324113e-08, 1.35499589327e-09, 6.49855058654e-10, 7.89402571089e-11, 2.84524782207e-11, -7.69091262437e-15, 1.63976388281e-15], [3.17351938998e-13, 2.70942296376e-10, 2.23934186749e-08, 4.88118345743e-08, 3.13470600588e-08, 8.97175889136e-10, 7.71770813923e-10, 1.01321369073e-08, 9.88723325435e-10, 3.83001796944e-10, 1.67513269922e-09, 1.25767385395e-09, 2.28711516392e-09, 2.15485407296e-09, 8.56882564904e-10, 5.92462690019e-10, 1.37366285013e-09, 7.28018645368e-10, 4.6235937301e-10, 3.32046767859e-09, 2.15937774328e-08, 1.9919139671e-09, 8.67806659866e-10, 1.04297931403e-10, 3.24609610025e-11, -2.18496865024e-13, 2.5184002646e-15], [3.43069024794e-13, 2.97408320193e-10, 4.39629204152e-08, 6.37878230236e-08, 3.06701011255e-08, 8.36796187897e-10, 7.22507165207e-10, 9.7225170137e-09, 1.41856837388e-09, 5.61370838703e-10, 1.89037652198e-09, 1.55995272255e-09, 2.15485407296e-09, 3.71639119479e-09, 1.09778619528e-09, 7.2943973084e-10, 1.76348258218e-09, 1.45069478652e-09, 1.30056221348e-09, 4.3355017354e-09, 2.38736586056e-08, 2.24883978106e-09, 1.18373466584e-09, 2.09603182033e-10, 5.03364364079e-11, 3.2352844904e-13, 3.22325619056e-15], [1.04727316229e-13, 9.76465297509e-11, 6.45144471179e-09, 1.4730091813e-08, 1.08548725564e-08, 3.79403841677e-10, 3.51411816313e-10, 4.59075044645e-09, 5.12891118465e-10, 2.18479234704e-10, 7.93901389073e-10, 6.05413053023e-10, 8.56882564904e-10, 1.09778619528e-09, 6.66366517521e-10, 4.1964196007e-10, 1.1813265921e-09, 7.96724797247e-10, 7.17215953294e-10, 1.87497350979e-09, 1.00684927062e-08, 1.0235927661e-09, 4.37203023784e-10, 7.95596921677e-11, 3.33684087306e-11, -1.42438229316e-14, 9.17167592924e-16], [4.57995525728e-14, 4.80084236254e-11, -1.55213464303e-09, 1.13593499051e-08, 1.45347422986e-08, 2.88076063004e-10, 3.10228037703e-10, 2.78869660697e-09, 4.22674339973e-10, 1.21961926669e-10, 5.5234988805e-10, 4.38462627317e-10, 5.92462690019e-10, 7.2943973084e-10, 4.1964196007e-10, 6.88637424862e-10, 1.01490948978e-09, 1.11728326591e-09, 1.22605703368e-09, 1.59819757428e-09, 8.69107719126e-09, 9.17001474754e-10, 3.29057558979e-10, 6.42051342647e-11, 4.0726626932e-11, 8.28457718009e-14, 4.52593208882e-16], [1.30259301609e-13, 1.01056704671e-10, 3.45296546911e-09, 2.43001299083e-08, 1.76666539176e-08, 6.27847385193e-10, 6.12467909722e-10, 9.09472941402e-09, 8.60672921821e-10, 4.94542407026e-10, 1.55645751843e-09, 1.01030050992e-09, 1.37366285013e-09, 1.76348258218e-09, 1.1813265921e-09, 1.01490948978e-09, 4.19226076076e-09, 2.4053681269e-09, 3.03287017722e-09, 4.94805263429e-09, 2.0074329754e-08, 1.95303861972e-09, 7.24683368869e-10, 2.38387837248e-10, 1.14071453672e-10, 7.19015125217e-13, 1.45527788344e-15], [2.32402293211e-14, 3.44114806095e-11, 4.49083881193e-09, -4.98165730889e-09, -8.71658301094e-09, 8.82362672511e-12, 9.74011218902e-11, 3.26175891852e-10, 4.56329224408e-10, 2.38745329062e-10, 8.71850369677e-10, 6.51499909576e-10, 7.28018645368e-10, 1.45069478652e-09, 7.96724797247e-10, 1.11728326591e-09, 2.4053681269e-09, 4.22047996551e-09, 4.33289715218e-09, 3.15536263784e-09, 9.26974674798e-09, 1.04401565171e-09, 5.34348010284e-10, 2.15560458372e-10, 8.30960508735e-11, 6.94492044168e-13, -5.71050819495e-16], [5.34711740217e-14, 3.73491099159e-11, 1.0399157091e-08, 1.45882106395e-09, -4.93399943124e-09, 7.91066101513e-11, 2.05220423988e-10, 1.88953053204e-09, 4.55175647174e-10, 3.41977030027e-10, 7.95573107393e-10, 6.14156780987e-10, 4.6235937301e-10, 1.30056221348e-09, 7.17215953294e-10, 1.22605703368e-09, 3.03287017722e-09, 4.33289715218e-09, 1.1396868338e-08, 5.55508528066e-09, 8.21749690516e-09, 1.57101909259e-09, 7.11916525731e-10, 3.74903247335e-10, 1.29005556238e-10, 3.45656619646e-12, 3.23784633308e-15], [3.26558360431e-13, 3.15773324155e-10, 3.49323627802e-08, 7.5488856055e-08, 5.83438506396e-08, 1.40366496204e-09, 1.33918498513e-09, 1.6773373801e-08, 1.63201496761e-09, 8.70017669019e-10, 3.25697757653e-09, 2.18782170158e-09, 3.32046767859e-09, 4.3355017354e-09, 1.87497350979e-09, 1.59819757428e-09, 4.94805263429e-09, 3.15536263784e-09, 5.55508528066e-09, 1.2068076316e-08, 4.54988473564e-08, 4.22924539834e-09, 1.68617853014e-09, 5.10188835623e-10, 1.68906763576e-10, 1.91780966108e-12, 5.89126534353e-15], [2.73777528426e-12, 2.42689157659e-09, 1.87611789215e-07, 6.40837981791e-07, 5.78099218274e-07, 1.13435794091e-08, 1.02566817262e-08, 1.31922689661e-07, 1.22478338582e-08, 4.66665550647e-09, 1.824477458e-08, 1.42976324113e-08, 2.15937774328e-08, 2.38736586056e-08, 1.00684927062e-08, 8.69107719126e-09, 2.0074329754e-08, 9.26974674798e-09, 8.21749690516e-09, 4.54988473564e-08, 2.89159117983e-07, 2.50107952127e-08, 9.80887104873e-09, 1.39152123158e-09, 5.92623117246e-10, -2.10647406636e-12, 3.37470530036e-14], [2.56104382493e-13, 2.12011713741e-10, 1.27237802516e-08, 4.08175573341e-08, 3.37058487787e-08, 9.33128796454e-10, 9.31080101907e-10, 1.08712763236e-08, 1.21930410213e-09, 4.90239793205e-10, 1.71488323542e-09, 1.35499589327e-09, 1.9919139671e-09, 2.24883978106e-09, 1.0235927661e-09, 9.17001474754e-10, 1.95303861972e-09, 1.04401565171e-09, 1.57101909259e-09, 4.22924539834e-09, 2.50107952127e-08, 2.97096103274e-09, 1.01553188081e-09, 1.43481254655e-10, 7.62668816989e-11, 3.94854992886e-13, 4.08274793368e-15], [1.3227580923e-13, 1.20077739418e-10, 1.36253444083e-08, 2.35314914221e-08, 1.40539482274e-08, 3.95280280729e-10, 3.54645895984e-10, 4.5554195971e-09, 6.08883388153e-10, 2.25118979014e-10, 7.57079676728e-10, 6.49855058654e-10, 8.67806659866e-10, 1.18373466584e-09, 4.37203023784e-10, 3.29057558979e-10, 7.24683368869e-10, 5.34348010284e-10, 7.11916525731e-10, 1.68617853014e-09, 9.80887104873e-09, 1.01553188081e-09, 5.1290244274e-10, 7.00025384881e-11, 2.14591261427e-11, 1.64946032635e-13, 1.52131405431e-15], [1.53462989929e-14, 1.45285771261e-11, 2.40895725589e-09, 1.99821648117e-09, 2.59377769263e-10, 2.28210193798e-11, 2.5088164185e-11, 3.51375872842e-10, 5.51833440054e-11, 3.71182563852e-11, 1.04191773265e-10, 7.89402571089e-11, 1.04297931403e-10, 2.09603182033e-10, 7.95596921677e-11, 6.42051342647e-11, 2.38387837248e-10, 2.15560458372e-10, 3.74903247335e-10, 5.10188835623e-10, 1.39152123158e-09, 1.43481254655e-10, 7.00025384881e-11, 4.66776790831e-11, 1.04455888383e-11, 1.83952936976e-13, 2.36512695288e-16], [8.07862702702e-16, 1.13995661868e-12, -3.13541276276e-10, -5.25031240706e-10, -2.50623161113e-10, 3.76451083847e-12, 1.13012958367e-11, 9.06333688655e-11, 1.68838935888e-11, 1.1521063617e-11, 3.98200118712e-11, 2.84524782207e-11, 3.24609610025e-11, 5.03364364079e-11, 3.33684087306e-11, 4.0726626932e-11, 1.14071453672e-10, 8.30960508735e-11, 1.29005556238e-10, 1.68906763576e-10, 5.92623117246e-10, 7.62668816989e-11, 2.14591261427e-11, 1.04455888383e-11, 6.4659323902e-12, 6.79221083674e-14, 4.38008744134e-17], [-1.37764315062e-18, -2.31145148086e-15, 7.56754121173e-12, -4.95827424257e-12, -1.36027196451e-11, -2.0024662538e-13, -1.00339204447e-13, -2.06571652145e-12, 1.50494457933e-13, 8.93873462662e-14, 1.11030400097e-14, -7.69091262437e-15, -2.18496865024e-13, 3.2352844904e-13, -1.42438229316e-14, 8.28457718009e-14, 7.19015125217e-13, 6.94492044168e-13, 3.45656619646e-12, 1.91780966108e-12, -2.10647406636e-12, 3.94854992886e-13, 1.64946032635e-13, 1.83952936976e-13, 6.79221083674e-14, 3.25680695384e-15, 2.81279954885e-18], [3.95838596741e-19, 4.04649079425e-16, 6.44684297808e-14, 2.10004255197e-13, 1.14624916546e-13, 2.63682521151e-15, 2.18817451748e-15, 2.8524481632e-14, 2.88616164151e-15, 6.91985525023e-16, 1.39317025137e-15, 1.63976388281e-15, 2.5184002646e-15, 3.22325619056e-15, 9.17167592924e-16, 4.52593208882e-16, 1.45527788344e-15, -5.71050819495e-16, 3.23784633308e-15, 5.89126534353e-15, 3.37470530036e-14, 4.08274793368e-15, 1.52131405431e-15, 2.36512695288e-16, 4.38008744134e-17, 2.81279954885e-18, 9.59172982793e-20]]
    },
    "mfcc": {
        "kurt": [5.60550785065, -1.08533275127, -0.318898200989, 2.21870946884, 0.636493682861, -0.789622306824, -0.431221961975, -0.117989301682, 1.25662565231, 1.26496696472, 0.480960845947, -0.464081525803, -0.458622217178],
        "max": [-643.276489258, 89.2921600342, 5.04404830933, 65.0112304688, 22.3574066162, 41.2695808411, 20.0073928833, 8.61883926392, 22.8680648804, 14.0310173035, 16.1194515228, 13.1980323792, 2.41989135742],
        "mean": [-739.763549805, 38.1598701477, -30.020198822, 46.6049232483, -16.9705924988, 6.67255687714, -0.219908580184, -11.302690506, -1.93974435329, -5.97931432724, -3.81391835213, -1.94812226295, -15.8483734131],
        "median": [-729.618530273, 31.3776073456, -30.7926292419, 48.3076782227, -18.7459583282, 8.41509246826, -0.130016326904, -11.8836727142, -1.81058883667, -5.55233955383, -3.58131217957, -0.946458816528, -14.9669551849],
        "min": [-1138.42004395, -52.0893669128, -110.013031006, 8.01086425781e-05, -36.3201446533, -24.8946533203, -19.8940391541, -29.8063659668, -34.7537651062, -33.1242752075, -25.6731758118, -25.9649600983, -36.029624939],
        "skew": [-1.7434374094, 0.0268914848566, -0.507262647152, -1.02489161491, 0.841873347759, -0.141195207834, 0.200895234942, 0.405643492937, -0.589304208755, -0.682840824127, -0.221503809094, -0.440894275904, -0.20778901875],
        "var": [6408.78076172, 1084.90527344, 438.49105835, 109.099990845, 90.0526199341, 178.468429565, 54.1710166931, 46.8272819519, 79.0749282837, 50.1111755371, 40.9976844788, 54.958316803, 54.0413169861],
        "cov": [[6416.42822266, 1992.71826172, 750.522949219, 388.549377441, -358.230682373, 530.506347656, -32.7610740662, -64.4791717529, 142.284179688, 7.38427734375, -105.228637695, 283.216033936, -352.998931885], [1992.71826172, 1086.1998291, 582.007141113, 195.466888428, -138.474121094, 328.319885254, -12.8381319046, -41.2782325745, 25.545759201, -3.28160071373, -52.0216331482, 116.170951843, -159.323104858], [750.522949219, 582.007141113, 439.014312744, 121.422973633, -91.0651092529, 165.061767578, -9.8805065155, -35.6435279846, 12.9326696396, 3.60356283188, -24.443655014, 49.6329421997, -88.7108001709], [388.549377441, 195.466888428, 121.422973633, 109.230178833, -19.4040489197, 49.4406051636, -2.22820019722, -26.6216888428, -21.0620212555, -20.2006530762, -26.6771793365, -10.2856349945, -34.6006851196], [-358.230682373, -138.474121094, -91.0651092529, -19.4040489197, 90.1600799561, -37.4910087585, 23.620382309, 21.4119510651, -15.6298027039, 3.86770153046, -2.87534213066, -28.0312709808, 14.8659067154], [530.506347656, 328.319885254, 165.061767578, 49.4406051636, -37.4910087585, 178.681396484, 31.3613109589, 0.0665670707822, 11.2312831879, -10.7503395081, -5.83449077606, 51.313873291, -46.693321228], [-32.7610740662, -12.8381319046, -9.8805065155, -2.22820019722, 23.620382309, 31.3613109589, 54.235660553, 19.1417446136, 8.80004882812, 3.89906048775, 1.95535826683, 7.18857955933, -8.48079013824], [-64.4791717529, -41.2782325745, -35.6435279846, -26.6216888428, 21.4119510651, 0.0665670707822, 19.1417446136, 46.8831634521, 12.2646846771, 24.2315502167, 20.4419212341, 4.78025245667, 3.20766472816], [142.284179688, 25.545759201, 12.9326696396, -21.0620212555, -15.6298027039, 11.2312831879, 8.80004882812, 12.2646846771, 79.1692962646, 27.0276050568, 20.405626297, 38.9035453796, -14.2364177704], [7.38427734375, -3.28160071373, 3.60356283188, -20.2006530762, 3.86770153046, -10.7503395081, 3.89906048775, 24.2315502167, 27.0276050568, 50.1709747314, 20.234664917, 15.4033870697, -11.1424188614], [-105.228637695, -52.0216331482, -24.443655014, -26.6771793365, -2.87534213066, -5.83449077606, 1.95535826683, 20.4419212341, 20.405626297, 20.234664917, 41.0466079712, 8.93774318695, 12.2847890854], [283.216033936, 116.170951843, 49.6329421997, -10.2856349945, -28.0312709808, 51.313873291, 7.18857955933, 4.78025245667, 38.9035453796, 15.4033870697, 8.93774318695, 55.0238990784, -18.6734962463], [-352.998931885, -159.323104858, -88.7108001709, -34.6006851196, 14.8659067154, -46.693321228, -8.48079013824, 3.20766472816, -14.2364177704, -11.1424188614, 12.2847890854, -18.6734962463, 54.1058044434]]
    },
    "sccoeffs": {
        "kurt": [-0.775830030441, -0.761723995209, 0.610555410385, 1.124127388, 2.41577243805, -0.590197324753],
        "max": [-0.301406890154, -0.610727667809, -0.72814655304, -0.718498706818, -0.742654383183, -0.655953705311],
        "mean": [-0.576158344746, -0.774272441864, -0.834924995899, -0.827539265156, -0.823417425156, -0.740456938744],
        "median": [-0.586168944836, -0.77390229702, -0.833723366261, -0.830440878868, -0.823337733746, -0.741379439831],
        "min": [-0.921626091003, -0.954399287701, -0.964329302311, -0.927419006824, -0.921756088734, -0.893524706364],
        "skew": [-0.0176460035145, 0.0452512092888, -0.23687183857, 0.250835776329, -0.437331885099, -0.355959177017],
        "var": [0.0161606948823, 0.00419091433287, 0.000805006886367, 0.00071706995368, 0.000417336239479, 0.00211031339131],
        "cov": [[0.0161799807101, 0.00575093831867, 0.00170591357164, 0.001088028308, 0.000526198535226, 0.00431623775512], [0.00575093831867, 0.00419591553509, 0.000950174522586, 0.000630113121588, 0.000306988338707, 0.00229237484746], [0.00170591357164, 0.000950174522586, 0.000805967545602, 0.000202969269594, 0.000173109161551, 0.000714701774996], [0.001088028308, 0.000630113121588, 0.000202969269594, 0.000717925664503, 0.000193635642063, 0.00045091760694], [0.000526198535226, 0.000306988338707, 0.000173109161551, 0.000193635642063, 0.000417834264226, 0.000166768717463], [0.00431623775512, 0.00229237484746, 0.000714701774996, 0.00045091760694, 0.000166768717463, 0.00211283168755]]
    },
    "scvalleys": {
        "kurt": [-0.464559316635, 2.78649806976, 3.67670536041, 14.391784668, 30.8015975952, 32.2843322754],
        "max": [-5.66859865189, -5.96598672867, -6.23603010178, -6.50520896912, -6.41791391373, -8.31361103058],
        "mean": [-8.30261421204, -7.51284360886, -7.72069787979, -7.53191232681, -7.14293384552, -8.90149211884],
        "median": [-8.47194957733, -7.36001873016, -7.65383672714, -7.39095640182, -6.96060466766, -8.72478675842],
        "min": [-12.7088413239, -12.6654005051, -12.4700260162, -12.9271039963, -12.67781353, -14.2975721359],
        "skew": [-0.320498585701, -1.20738565922, -1.26119148731, -2.79266786575, -4.67356872559, -4.87526512146],
        "var": [1.58095037937, 1.0664961338, 0.842041909695, 0.637083232403, 0.442769795656, 0.427563160658],
        "cov": [[1.58283698559, 1.08716058731, 0.983876347542, 0.764474451542, 0.485576301813, 0.466176837683], [1.08716058731, 1.06776881218, 0.841544508934, 0.675546586514, 0.50482070446, 0.502915620804], [0.983876347542, 0.841544508934, 0.843046724796, 0.667397379875, 0.503792822361, 0.489821881056], [0.764474451542, 0.675546586514, 0.667397379875, 0.637843430042, 0.489165574312, 0.464577436447], [0.485576301813, 0.50482070446, 0.503792822361, 0.489165574312, 0.44329816103, 0.419816851616], [0.466176837683, 0.502915620804, 0.489821881056, 0.464577436447, 0.419816851616, 0.428073376417]]
    }
},
"rhythm": {
    "beats_loudness": {
        "kurt": -0.629226207733,
        "max": 0.0182776078582,
        "mean": 0.00523573718965,
        "median": 0.00138030946255,
        "min": 0.0001676803804,
        "skew": 0.939844071865,
        "var": 3.52126662619e-05
    },
    "bpm": 132.729934692,
    "confidence": 0.840997338295,
    "first_peak_bpm": {
        "kurt": 0,
        "max": 133,
        "mean": 133,
        "median": 133,
        "min": 133,
        "skew": 0,
        "var": 0
    },
    "first_peak_spread": {
        "kurt": 0,
        "max": 0.550000011921,
        "mean": 0.550000011921,
        "median": 0.550000011921,
        "min": 0.550000011921,
        "skew": 0,
        "var": 0
    },
    "first_peak_weight": {
        "kurt": 0,
        "max": 0.43902438879,
        "mean": 0.43902438879,
        "median": 0.43902438879,
        "min": 0.43902438879,
        "skew": 0,
        "var": 0
    },
    "onset_rate": 0.0513918958604,
    "second_peak_bpm": {
        "kurt": 0,
        "max": 126,
        "mean": 126,
        "median": 126,
        "min": 126,
        "skew": 0,
        "var": 0
    },
    "second_peak_spread": {
        "kurt": 0,
        "max": 0,
        "mean": 0,
        "median": 0,
        "min": 0,
        "skew": 0,
        "var": 0
    },
    "second_peak_weight": {
        "kurt": 0,
        "max": 0.0243902429938,
        "mean": 0.0243902429938,
        "median": 0.0243902429938,
        "min": 0.0243902429938,
        "skew": 0,
        "var": 0
    },
    "beats_loudness_band_ratio": {
        "kurt": [-1.29058742523, 0.703574180603, 0.00520443916321, 0.443466424942, -0.0117592811584, -1.41888892651],
        "max": [0.868302643299, 0.286832928658, 0.114621408284, 0.0940326452255, 0.41925701499, 0.767064988613],
        "mean": [0.290407568216, 0.0704012587667, 0.0425885505974, 0.037266202271, 0.146116539836, 0.461153835058],
        "median": [0.0999680161476, 0.0332189574838, 0.038495361805, 0.0321726351976, 0.140541777015, 0.55647790432],
        "min": [0.001100046793, 0.00129345548339, 0.00345759023912, 0.01129769627, 0.0124452868477, 0.0628898143768],
        "skew": [0.717315495014, 1.36346399784, 0.755618035793, 1.11747133732, 0.79965877533, -0.51305949688],
        "var": [0.099349938333, 0.00625549256802, 0.000819050124846, 0.000510744284838, 0.0126308333129, 0.0594296529889],
        "cov": [[0.101773113012, 0.0188099537045, 0.00194019731134, -0.0036209828686, -0.028995461762, -0.0759125649929], [0.0188099537045, 0.00640806555748, 0.000502133159898, -0.000763159536291, -0.00576181057841, -0.0148712471128], [0.00194019731134, 0.000502133159898, 0.000839026935864, 0.000204955984373, -0.0015461895382, -0.00179134379141], [-0.0036209828686, -0.000763159536291, 0.000204955984373, 0.000523201480974, 0.000726556871086, 0.00228264485486], [-0.028995461762, -0.00576181057841, -0.0015461895382, 0.000726556871086, 0.012938901782, 0.0188575405627], [-0.0759125649929, -0.0148712471128, -0.00179134379141, 0.00228264485486, 0.0188575405627, 0.0608791559935]]
    },
    "beats_position": [0.429569154978, 0.882358253002, 1.3235373497, 1.764716506, 2.20589566231, 2.6470746994, 3.09986400604, 3.55265307426, 4.00544214249, 4.46984100342, 4.92263031006, 5.3754196167, 5.8282084465, 6.28099775314, 6.74539661407, 7.19818592072, 7.66258478165, 8.10376358032, 8.54494285583, 8.98612213135, 9.43891143799, 9.90331077576, 10.3677091599, 10.8321084976, 11.2848978043, 11.7260770798, 12.1788663864, 12.6316547394, 13.0728340149, 13.5140132904, 13.966802597, 14.4428119659, 14.90721035, 15.3599996567, 15.8127889633, 16.2771873474, 16.7415866852, 17.1943759918, 17.6471652985, 18.088344574, 18.5295238495, 18.9939231873],
    "bpm_estimates": [132.512023926, 135.999191284, 135.999176025, 135.999176025, 135.999206543, 132.511962891, 132.512039185, 132.512039185, 129.199279785, 132.511962891, 132.511962891, 132.51210022, 132.511962891, 129.199279785, 132.511962891, 129.199279785, 135.999282837, 135.999130249, 135.999130249, 132.511962891, 129.199157715, 129.199417114, 129.199157715, 132.511962891, 135.999130249, 132.511962891, 132.512237549, 135.999130249, 135.999130249, 132.511962891, 129.199417114, 132.511962891, 132.511962891, 129.199417114, 129.199157715, 132.511962891, 132.511962891, 135.999130249, 135.999130249, 129.199157715],
    "bpm_intervals": [0.452789098024, 0.441179096699, 0.441179156303, 0.441179156303, 0.441179037094, 0.452789306641, 0.452789068222, 0.452789068222, 0.464398860931, 0.452789306641, 0.452789306641, 0.452788829803, 0.452789306641, 0.464398860931, 0.452789306641, 0.464398860931, 0.441178798676, 0.441179275513, 0.441179275513, 0.452789306641, 0.464399337769, 0.464398384094, 0.464399337769, 0.452789306641, 0.441179275513, 0.452789306641, 0.452788352966, 0.441179275513, 0.441179275513, 0.452789306641, 0.476009368896, 0.464398384094, 0.452789306641, 0.452789306641, 0.464398384094, 0.464399337769, 0.452789306641, 0.452789306641, 0.441179275513, 0.441179275513, 0.464399337769],
    "onset_times": [0.139319732785],
    "histogram": [[0, 0, 0, 0, 0, 0, 0, 0, 0, 0, 0, 0, 0, 0, 0, 0, 0, 0, 0, 0, 0, 0, 0, 0, 0, 0, 0, 0, 0, 0, 0, 0, 0, 0, 0, 0, 0, 0, 0, 0, 0, 0, 0, 0, 0, 0, 0, 0, 0, 0, 0, 0, 0, 0, 0, 0, 0, 0, 0, 0, 0, 0, 0, 0, 0, 0, 0, 0, 0, 0, 0, 0, 0, 0, 0, 0, 0, 0, 0, 0, 0, 0, 0, 0, 0, 0, 0, 0, 0, 0, 0, 0, 0, 0, 0, 0, 0, 0, 0, 0, 0, 0, 0, 0, 0, 0, 0, 0, 0, 0, 0, 0, 0, 0, 0, 0, 0, 0, 0, 0, 0, 0, 0, 0, 0, 0, 0.0243902429938, 0, 0, 0.243902444839, 0, 0, 0, 0.43902438879, 0, 0, 0.292682915926, 0, 0, 0, 0, 0, 0, 0, 0, 0, 0, 0, 0, 0, 0, 0, 0, 0, 0, 0, 0, 0, 0, 0, 0, 0, 0, 0, 0, 0, 0, 0, 0, 0, 0, 0, 0, 0, 0, 0, 0, 0, 0, 0, 0, 0, 0, 0, 0, 0, 0, 0, 0, 0, 0, 0, 0, 0, 0, 0, 0, 0, 0, 0, 0, 0, 0, 0, 0, 0, 0, 0, 0, 0, 0, 0, 0, 0, 0, 0, 0, 0, 0, 0, 0, 0, 0, 0, 0, 0, 0, 0, 0, 0, 0, 0, 0, 0, 0, 0, 0, 0, 0, 0, 0, 0, 0, 0, 0, 0, 0, 0, 0, 0]]
},
"sfx": {
    "inharmonicity": {
        "kurt": 26.742061615,
        "max": 0.350039929152,
        "mean": 0.0128338774666,
        "median": 0,
        "min": 0,
        "skew": 4.73693180084,
        "var": 0.00154864008073
    },
    "oddtoevenharmonicenergyratio": {
        "kurt": 173.093719482,
        "max": 47.454990387,
        "mean": 0.479238003492,
        "median": 0,
        "min": 0,
        "skew": 11.276881218,
        "var": 6.13304281235
    },
    "pitch_after_max_to_before_max_energy_ratio": 0.14529928565,
    "pitch_centroid": 413.471862793,
    "pitch_max_to_total": 0.828367114067,
    "pitch_min_to_total": 0.870083451271,
    "tristimulus": {
        "kurt": [1.18314743042, 4.69680356979, 9.41032791138],
        "max": [1, 0.973858058453, 0.883940041065],
        "mean": [0.84484064579, 0.104698307812, 0.0504607819021],
        "median": [1, 0, 0],
        "min": [0, 0, 0],
        "skew": [-1.68317174911, 2.47746062279, 3.10294795036],
        "var": [0.096895955503, 0.0637835860252, 0.0219925679266],
        "cov": [[0.0970115810633, -0.0694269686937, -0.0275860968977], [-0.0694269686937, 0.0638597011566, 0.00556717207655], [-0.0275860968977, 0.00556717207655, 0.0220188125968]]
    }
},
"tonal": {
    "chords_changes_rate": 0.021428572014,
    "chords_number_rate": 0.00714285718277,
    "chords_strength": {
        "kurt": -0.290711641312,
        "max": 0.704709172249,
        "mean": 0.542885363102,
        "median": 0.573018431664,
        "min": 0.332390010357,
        "skew": -0.735277116299,
        "var": 0.00771569134668
    },
    "key_strength": 0.672181248665,
    "tuning_diatonic_strength": 0.585926413536,
    "tuning_equal_tempered_deviation": 0.269486874342,
    "tuning_frequency": 443.060424805,
    "tuning_nontempered_energy_ratio": 0.831209540367,
    "hpcp": {
