{
"metadata": {
    "version": {
        "essentia": "2.1-beta3"
    }
},
"lowLevel": {
    "average_loudness": 0.950323760509,
    "barkbands_kurtosis": {
        "kurt": 1.97099113464,
        "max": 23.6122646332,
        "mean": 6.19201231003,
        "median": 5.28149461746,
        "min": -0.0790102481842,
        "skew": 1.22381925583,
        "var": 14.6149435043
    },
    "barkbands_skewness": {
        "kurt": 0.12758564949,
        "max": -1.11229598522,
        "mean": -2.39101362228,
        "median": -2.35175228119,
        "min": -4.57059574127,
        "skew": -0.409218013287,
        "var": 0.35067820549
    },
    "barkbands_spread": {
        "kurt": 3.68576097488,
        "max": 29.9825344086,
        "mean": 11.9033069611,
        "median": 11.3925209045,
        "min": 4.04709196091,
        "skew": 1.4381275177,
        "var": 17.7625312805
    },
    "dissonance": {
        "kurt": 6.28062438965,
        "max": 0.499999850988,
        "mean": 0.495311021805,
        "median": 0.496197283268,
        "min": 0.469924807549,
        "skew": -1.74631464481,
        "var": 1.38522591442e-05
    },
    "hfc": {
        "kurt": 0.978635311127,
        "max": 0.429353356361,
        "mean": 0.132160544395,
        "median": 0.124237522483,
        "min": 0.0154184838757,
        "skew": 0.955214262009,
        "var": 0.00620794529095
    },
    "pitch": {
        "kurt": 70.3965454102,
        "max": 4005.8137207,
        "mean": 3530.4440918,
        "median": 3527.40087891,
        "min": 712.895263672,
        "skew": -5.7251739502,
        "var": 51566.25
    },
    "pitch_instantaneous_confidence": {
        "kurt": 0.22834944725,
        "max": 0.829850018024,
        "mean": 0.582254707813,
        "median": 0.587715148926,
        "min": 0.282562077045,
        "skew": -0.437697559595,
        "var": 0.00823901593685
    },
    "pitch_salience": {
        "kurt": 0.0684063434601,
        "max": 0.87230360508,
        "mean": 0.77983123064,
        "median": 0.784001469612,
        "min": 0.67566460371,
        "skew": -0.261588156223,
        "var": 0.00109179667197
    },
    "silence_rate_20dB": {
        "kurt": 0,
        "max": 1,
        "mean": 1,
        "median": 1,
        "min": 1,
        "skew": 0,
        "var": 0
    },
    "silence_rate_30dB": {
        "kurt": 0,
        "max": 1,
        "mean": 1,
        "median": 1,
        "min": 1,
        "skew": 0,
        "var": 0
    },
    "silence_rate_60dB": {
        "kurt": 0,
        "max": 1,
        "mean": 1,
        "median": 1,
        "min": 1,
        "skew": 0,
        "var": 0
    },
    "spectral_centroid": {
        "kurt": -0.272883653641,
        "max": 3663.84228516,
        "mean": 3115.88305664,
        "median": 3107.00732422,
        "min": 2610.80541992,
        "skew": 0.153794169426,
        "var": 36933.8789062
    },
    "spectral_complexity": {
        "kurt": 0,
        "max": 0,
        "mean": 0,
        "median": 0,
        "min": 0,
        "skew": 0,
        "var": 0
    },
    "spectral_crest": {
        "kurt": 0.0151796340942,
        "max": 17.7187538147,
        "mean": 10.0001277924,
        "median": 9.6145772934,
        "min": 5.35750865936,
        "skew": 0.55889326334,
        "var": 5.67222595215
    },
    "spectral_decrease": {
        "kurt": 0,
        "max": -1.04823072965e-12,
        "mean": -8.11545709106e-12,
        "median": -7.5561709667e-12,
        "min": -2.54324582227e-11,
        "skew": -0.923883855343,
        "var": 2.37533654736e-23
    },
    "spectral_energy": {
        "kurt": 0.856912851334,
        "max": 0.000134931629873,
        "mean": 4.26169608545e-05,
        "median": 3.94025119022e-05,
        "min": 5.47572608411e-06,
        "skew": 0.924156963825,
        "var": 6.48739950648e-10
    },
    "spectral_energyband_high": {
        "kurt": 8.37571430206,
        "max": 3.4952590795e-05,
        "mean": 6.22634343017e-06,
        "median": 4.93115248901e-06,
        "min": 5.66866731333e-07,
        "skew": 2.37249660492,
        "var": 2.48707391487e-11
    },
    "spectral_energyband_low": {
        "kurt": 118.90612793,
        "max": 2.96545977108e-06,
        "mean": 1.33113928769e-07,
        "median": 8.90091556016e-08,
        "min": 3.99066468759e-09,
        "skew": 9.16181087494,
        "var": 4.05342229779e-14
    },
    "spectral_energyband_middle_high": {
        "kurt": 0.969650030136,
        "max": 0.000112919282401,
        "mean": 3.40063052136e-05,
        "median": 3.20568797179e-05,
        "min": 3.41071358889e-06,
        "skew": 0.978723466396,
        "var": 4.37230501804e-10
    },
    "spectral_energyband_middle_low": {
        "kurt": 1.34126520157,
        "max": 9.74322119873e-06,
        "mean": 2.54620726992e-06,
        "median": 2.15203567677e-06,
        "min": 2.27410410503e-07,
        "skew": 1.19341921806,
        "var": 3.14002751751e-12
    },
    "spectral_flatness_db": {
        "kurt": 0.248380184174,
        "max": 0.263274013996,
        "mean": 0.193184748292,
        "median": 0.193733602762,
        "min": 0.12784615159,
        "skew": 0.00267869746312,
        "var": 0.000505500007421
    },
    "spectral_flux": {
        "kurt": 0.087423324585,
        "max": 0.00798719841987,
        "mean": 0.00409460905939,
        "median": 0.0040585626848,
        "min": 0.00145944405813,
        "skew": 0.376110672951,
        "var": 1.56932037498e-06
    },
    "spectral_kurtosis": {
        "kurt": 1.74762630463,
        "max": 12.7526597977,
        "mean": 4.42446279526,
        "median": 4.27065753937,
        "min": 0.684045553207,
        "skew": 0.828290522099,
        "var": 2.92151021957
    },
    "spectral_rms": {
        "kurt": -0.442683935165,
        "max": 0.00036282313522,
        "mean": 0.000194631677005,
        "median": 0.000196064967895,
        "min": 7.3090159276e-05,
        "skew": 0.206713035703,
        "var": 3.69603370132e-09
    },
    "spectral_rolloff": {
        "kurt": -0.81353354454,
        "max": 4414.30664062,
        "mean": 3928.09204102,
        "median": 3919.04296875,
        "min": 3445.3125,
        "skew": 0.0859129503369,
        "var": 42085.8632812
    },
    "spectral_skewness": {
        "kurt": 30.9527893066,
        "max": 3.08767151833,
        "mean": 1.19371664524,
        "median": 1.17848062515,
        "min": 0.841140389442,
        "skew": 3.35067915916,
        "var": 0.03498069942
    },
    "spectral_spread": {
        "kurt": 18.2991485596,
        "max": 8922734,
        "mean": 3307472.5,
        "median": 3181425.25,
        "min": 2241259.25,
        "skew": 2.6534922123,
        "var": 398068940800
    },
    "spectral_strongpeak": {
        "kurt": 2.87635612488,
        "max": 0.636328518391,
        "mean": 0.161080643535,
        "median": 0.139137297869,
        "min": 0.00985537935048,
        "skew": 1.37050163746,
        "var": 0.00827603880316
    },
    "zerocrossingrate": {
        "kurt": 18.2494831085,
        "max": 0.16796875,
        "mean": 0.146375030279,
        "median": 0.146484375,
        "min": 0.07470703125,
        "skew": -2.49636983871,
        "var": 8.98915313883e-05
    },
    "barkbands": {
        "kurt": [76.3359146118, 100.014793396, 83.4342956543, 83.3363952637, 3.05444097519, 28.6667575836, 8.35345745087, 11.0149240494, 9.2839679718, 12.2807779312, 5.82331943512, 12.7280912399, 13.0038375854, 3.34751319885, 2.82599306107, 2.86000919342, 0.969990253448, 2.48939275742, 2.65146875381, 9.24368858337, 11.456867218, 3.53300523758, 21.0798225403, 18.1293964386, 9.23602867126, 56.7191467285, 319.390258789],
        "max": [5.70866642846e-09, 5.3736641803e-07, 1.66107861332e-06, 1.65848564393e-06, 4.39342511527e-06, 2.84140833173e-06, 1.475076715e-06, 3.94330800191e-06, 5.15499732501e-06, 2.29227657655e-06, 2.14791862163e-06, 3.93880100091e-06, 8.09639641375e-06, 4.23879055234e-06, 3.61130082638e-06, 7.4596732702e-06, 8.33234207676e-06, 3.69604749721e-05, 6.8316810939e-05, 4.23175297328e-05, 2.01817110792e-05, 1.75718582796e-06, 9.03516138351e-07, 8.50773972161e-07, 8.29447941442e-08, 2.34215735695e-09, 2.24922258596e-09],
        "mean": [1.83761714179e-10, 1.90250553089e-08, 8.50531804986e-08, 6.7040488716e-08, 8.52428001963e-07, 2.16533166508e-07, 1.81708756486e-07, 4.51029421811e-07, 6.82534391672e-07, 2.81295029936e-07, 3.00396408193e-07, 4.15361114392e-07, 7.49060632188e-07, 7.12118549018e-07, 7.67634617205e-07, 1.38404573136e-06, 2.13389671444e-06, 8.42934241518e-06, 1.46804877659e-05, 7.41174790164e-06, 2.33601940636e-06, 3.04566128762e-07, 8.04282649369e-08, 6.4182273718e-08, 1.07300364149e-08, 1.29647251268e-10, 9.87886248499e-12],
        "median": [5.32772923001e-11, 9.33653687696e-09, 5.96450462353e-08, 3.72787027914e-08, 5.75869592012e-07, 1.34456755063e-07, 9.90107835719e-08, 2.42489306856e-07, 4.94821165375e-07, 1.76446462774e-07, 1.61009381827e-07, 2.31119699379e-07, 3.51997982762e-07, 4.62517391497e-07, 5.83508494856e-07, 9.47249532146e-07, 1.67295411302e-06, 6.81730352881e-06, 1.19677861221e-05, 5.46764204046e-06, 1.68175643012e-06, 2.04141926474e-07, 4.4030112889e-08, 3.13035997124e-08, 6.49992859536e-09, 7.20692949763e-11, 6.57666412648e-13],
        "min": [1.10527559327e-12, 9.09847128194e-11, 2.1089683333e-09, 1.82481985078e-09, 1.63678173237e-08, 1.47738852263e-08, 6.72395872314e-09, 1.66640816701e-08, 1.55002712887e-08, 1.23853141076e-08, 6.44234798841e-09, 1.61157238665e-08, 2.29644570027e-08, 2.21481588625e-08, 5.50728209703e-08, 8.87984583642e-08, 1.36717972055e-07, 3.81065348165e-07, 1.06144523215e-06, 1.58454213306e-06, 1.48991432525e-07, 1.75095138388e-08, 2.63819788238e-09, 2.22958784768e-09, 1.18363130408e-09, 1.45331073564e-11, 3.24592410513e-14],
        "skew": [7.83399915695, 8.47728538513, 7.52980852127, 7.82625627518, 1.75192606449, 4.48790216446, 2.60290408134, 3.02743172646, 2.1818625927, 2.94837188721, 2.23935222626, 3.09986114502, 2.95163726807, 1.7570810318, 1.61579418182, 1.69505262375, 1.15603852272, 1.4550743103, 1.46978104115, 2.75289773941, 2.5784239769, 1.77505254745, 3.90915703773, 3.63195443153, 2.7121026516, 6.03371095657, 17.9051704407],
        "var": [2.34403908745e-19, 1.49746732399e-15, 1.5186316492e-14, 1.57673387422e-14, 7.10935596417e-13, 8.46433383453e-14, 4.85199106912e-14, 3.57324087853e-13, 3.57681847465e-13, 8.95315248263e-14, 1.2118187313e-13, 2.65460152775e-13, 9.26205943538e-13, 5.01654707358e-13, 4.09483997274e-13, 1.57390615298e-12, 2.65104539883e-12, 4.07900553612e-11, 1.30693927902e-10, 3.66193360357e-11, 5.47107021145e-12, 8.48028719187e-14, 1.16069068758e-14, 9.71568898061e-15, 1.40904460171e-16, 3.66603280933e-20, 1.54682548365e-20],
        "cov": [[2.3512515854e-19, 5.15834503559e-18, 1.42685628184e-17, 2.33625236071e-17, 3.48070785794e-17, 2.1604167581e-17, 1.89297123353e-17, 1.86202967418e-18, 6.60339209443e-17, 9.04964045146e-18, 5.25419210752e-18, 1.77177971985e-18, 4.58859154962e-17, 7.70306850007e-17, 2.3914570713e-17, 6.82678578462e-17, 9.17063249053e-17, 3.18079982875e-16, 1.50754209268e-16, -2.57755116935e-16, 7.12348885289e-17, 2.92307132718e-17, 1.40148202025e-17, 1.64572612126e-17, 2.30694262191e-19, -3.00086969652e-21, -9.99489038834e-22], [5.15834503559e-18, 1.50207486559e-15, 3.78228290091e-15, 3.22005080613e-15, 3.54433567592e-15, 2.10352945627e-15, 5.49990966536e-17, 1.72966891274e-15, 2.00312407652e-15, -6.68514242055e-16, -9.60312486642e-16, -1.32348929772e-15, -3.57250412716e-16, -5.40132740492e-16, 4.98086236749e-16, 3.33757599229e-15, -2.0342643958e-15, 2.22364910434e-15, -1.12998404917e-14, 4.35000580207e-14, -1.67989439803e-15, 1.36937995462e-15, 6.83242874458e-16, 8.94575318397e-16, 7.94421216271e-17, 1.79347697751e-19, -1.25316505709e-19], [1.42685628184e-17, 3.78228290091e-15, 1.52330439116e-14, 1.05272278592e-14, 1.5602670455e-14, 6.43112560412e-15, 5.97705516977e-16, 3.76942028209e-15, 5.79810993055e-15, -6.55843899713e-16, -6.65414683803e-16, -8.39215680184e-16, -2.60363220715e-17, 2.08707308841e-15, 2.00957931461e-15, 8.11112397544e-15, 1.00464197711e-14, 3.16137903616e-14, -9.04832866212e-15, 6.5406135911e-14, 4.10290858837e-15, 4.17762197652e-15, 2.2885343692e-15, 2.52899325864e-15, 2.17177262443e-16, 2.13710072866e-19, -5.64862356664e-19], [2.33625236071e-17, 3.22005080613e-15, 1.05272278592e-14, 1.58158534012e-14, 3.60510537709e-14, 1.02673420574e-14, 5.25656703901e-15, 4.18399420538e-15, 1.46410373381e-14, 1.75632323965e-15, 2.23067630143e-15, 3.09451311181e-15, 6.97481868878e-15, 1.08299269414e-14, 3.31008426743e-15, 2.4857050893e-14, 1.90103263535e-14, 1.2024097538e-13, 3.82453400546e-14, -5.18117958205e-14, 3.49922354818e-15, 5.52962632077e-15, 2.88037450065e-15, 3.1456770782e-15, 1.30943418886e-17, -1.79636034818e-19, -1.71643634794e-19], [3.48070785794e-17, 3.54433567592e-15, 1.5602670455e-14, 3.60510537709e-14, 7.13123082721e-13, 4.21623930972e-14, 3.5175672325e-14, 1.54678746482e-13, 1.40990910895e-13, 8.27694981781e-14, 9.21290360624e-14, 1.75665187149e-13, 2.6799832427e-13, 1.40376439314e-13, 2.25585934481e-13, 3.75972880216e-13, 5.72835507327e-13, 2.85307194536e-12, 3.76707649449e-12, 2.52789461455e-13, 7.90394930495e-13, 8.751343156e-14, 1.46303681111e-14, 5.96365489679e-15, 2.08486445e-15, 3.72228628671e-17, -4.07812987365e-18], [2.1604167581e-17, 2.10352945627e-15, 6.43112560412e-15, 1.02673420574e-14, 4.21623930972e-14, 8.49037772596e-14, 3.64540415541e-14, 1.72432801002e-14, 4.77091443066e-14, 3.57136407375e-15, 3.02995480167e-15, -1.276737923e-16, 2.4788896928e-14, 5.40082979424e-14, 1.69753161452e-14, 1.23658760098e-13, 9.09910303571e-14, 3.01229039542e-13, 4.41261610584e-13, 5.93764268439e-14, 4.43771979071e-14, 3.18843462375e-14, 1.58671920682e-14, 1.41801590882e-14, 4.38250399986e-16, 3.26592805443e-18, -4.89124665803e-19], [1.89297123353e-17, 5.49990966536e-17, 5.97705516977e-16, 5.25656703901e-15, 3.5175672325e-14, 3.64540415541e-14, 4.86692053304e-14, 1.27970152717e-14, 4.02061061311e-14, 8.49104281624e-15, 8.64401866058e-15, 1.90713470305e-15, 2.84563937355e-14, 5.73155279206e-14, 2.65151924261e-14, 9.0948326344e-14, 7.05667485166e-14, 3.42521150332e-13, 5.97202138002e-13, 2.14403774818e-14, 4.13265375968e-14, 1.88378111531e-14, 9.25980483697e-15, 8.01115037074e-15, 2.32439234435e-16, 6.34815377047e-18, 1.53934393228e-18], [1.86202967418e-18, 1.72966891274e-15, 3.76942028209e-15, 4.18399420538e-15, 1.54678746482e-13, 1.72432801002e-14, 1.27970152717e-14, 3.58423550171e-13, 1.04805087406e-13, 9.39081711698e-14, 1.09864564278e-13, 1.38770153138e-13, 2.61415238414e-13, 1.51626961312e-13, 2.0356917649e-13, 3.87981395058e-13, 4.05990752085e-13, 2.012234563e-12, 3.29734351802e-12, 8.74424989881e-13, 7.6142705422e-13, 7.31593876192e-14, 1.34234850747e-14, 6.66648006126e-15, 3.18346554731e-15, 3.66296916498e-17, -1.88164440125e-18], [6.60339209443e-17, 2.00312407652e-15, 5.79810993055e-15, 1.46410373381e-14, 1.40990910895e-13, 4.77091443066e-14, 4.02061061311e-14, 1.04805087406e-13, 3.58782393985e-13, 8.98240900063e-14, 9.98236459855e-14, 1.41910517625e-13, 3.31943348676e-13, 2.50571725912e-13, 1.76238716546e-13, 3.79059658011e-13, 5.14852375143e-13, 2.24623618317e-12, 2.74983855131e-12, -4.67003389085e-13, 5.88857738612e-13, 1.01582066055e-13, 2.47654239509e-14, 2.09274024705e-14, 1.72773058372e-15, 2.26308955902e-17, -2.81430046807e-18], [9.04964045146e-18, -6.68514242055e-16, -6.55843899713e-16, 1.75632323965e-15, 8.27694981781e-14, 3.57136407375e-15, 8.49104281624e-15, 9.39081711698e-14, 8.98240900063e-14, 8.98070070458e-14, 7.03890545568e-14, 8.52952555591e-14, 2.06745455174e-13, 1.18336167688e-13, 1.17828286733e-13, 1.78499427153e-13, 2.61468743792e-13, 1.19197067581e-12, 1.77395684947e-12, 2.3695426521e-14, 5.19275648956e-13, 4.21439514959e-14, 5.55248774002e-15, 1.75322627543e-15, 1.31607405366e-15, 2.04078261873e-17, -1.45877354209e-18], [5.25419210752e-18, -9.60312486642e-16, -6.65414683803e-16, 2.23067630143e-15, 9.21290360624e-14, 3.02995480167e-15, 8.64401866058e-15, 1.09864564278e-13, 9.98236459855e-14, 7.03890545568e-14, 1.2155474381e-13, 1.277084585e-13, 2.44479133119e-13, 1.27221746592e-13, 1.36367899937e-13, 2.00275410947e-13, 3.50511747448e-13, 1.42877962066e-12, 1.96209107989e-12, -5.83238291647e-14, 5.18497625477e-13, 5.27763020731e-14, 7.57292686405e-15, 1.1698602851e-15, 1.51405117031e-15, 1.73291228131e-17, -1.5721358533e-18], [1.77177971985e-18, -1.32348929772e-15, -8.39215680184e-16, 3.09451311181e-15, 1.75665187149e-13, -1.276737923e-16, 1.90713470305e-15, 1.38770153138e-13, 1.41910517625e-13, 8.52952555591e-14, 1.277084585e-13, 2.66276963586e-13, 3.075509682e-13, 1.4253535689e-13, 1.68253188075e-13, 2.44428067196e-13, 4.74081819808e-13, 2.0962164296e-12, 2.46043051384e-12, -2.23118751122e-13, 6.95583402075e-13, 7.17784596409e-14, 9.19724806568e-15, 3.36305352573e-16, 1.89560107892e-15, 2.16453065816e-17, -2.76244492906e-18], [4.58859154962e-17, -3.57250412716e-16, -2.60363220715e-17, 6.97481868878e-15, 2.6799832427e-13, 2.4788896928e-14, 2.84563937355e-14, 2.61415238414e-13, 3.31943348676e-13, 2.06745455174e-13, 2.44479133119e-13, 3.075509682e-13, 9.29055768949e-13, 4.62905159083e-13, 3.96237730127e-13, 6.34389838838e-13, 9.65946506809e-13, 4.27717540205e-12, 5.20652531505e-12, -1.3603639157e-13, 1.49215785127e-12, 1.707534396e-13, 3.10563139333e-14, 1.29043546749e-14, 4.26231807146e-15, 4.89283453462e-17, -4.38749666352e-18], [7.70306850007e-17, -5.40132740492e-16, 2.08707308841e-15, 1.08299269414e-14, 1.40376439314e-13, 5.40082979424e-14, 5.73155279206e-14, 1.51626961312e-13, 2.50571725912e-13, 1.18336167688e-13, 1.27221746592e-13, 1.4253535689e-13, 4.62905159083e-13, 5.03198231781e-13, 2.8089382491e-13, 4.68172213237e-13, 7.26887842452e-13, 2.61460406277e-12, 4.38343849066e-12, -6.5764078482e-14, 8.77926637638e-13, 1.22525036991e-13, 3.77085380065e-14, 2.52246411692e-14, 2.55754843336e-15, 2.59466672736e-17, -4.53024983927e-18], [2.3914570713e-17, 4.98086236749e-16, 2.00957931461e-15, 3.31008426743e-15, 2.25585934481e-13, 1.69753161452e-14, 2.65151924261e-14, 2.0356917649e-13, 1.76238716546e-13, 1.17828286733e-13, 1.36367899937e-13, 1.68253188075e-13, 3.96237730127e-13, 2.8089382491e-13, 4.10743948619e-13, 4.67858770389e-13, 6.94903661523e-13, 2.60803813441e-12, 4.31041227017e-12, 8.34829818122e-13, 1.03379479456e-12, 1.05329732837e-13, 2.52693407919e-14, 1.35139922392e-14, 4.15134489691e-15, 4.30009874523e-17, -3.64022045737e-18], [6.82678578462e-17, 3.33757599229e-15, 8.11112397544e-15, 2.4857050893e-14, 3.75972880216e-13, 1.23658760098e-13, 9.0948326344e-14, 3.87981395058e-13, 3.79059658011e-13, 1.78499427153e-13, 2.00275410947e-13, 2.44428067196e-13, 6.34389838838e-13, 4.68172213237e-13, 4.67858770389e-13, 1.57874895882e-12, 1.19522664335e-12, 4.85510546697e-12, 5.87128566251e-12, 1.83770793721e-12, 1.50378201644e-12, 2.23591341297e-13, 7.07253198606e-14, 5.40375815654e-14, 7.03973952902e-15, 7.01942688486e-17, -5.46424180278e-18], [9.17063249053e-17, -2.0342643958e-15, 1.00464197711e-14, 1.90103263535e-14, 5.72835507327e-13, 9.09910303571e-14, 7.05667485166e-14, 4.05990752085e-13, 5.14852375143e-13, 2.61468743792e-13, 3.50511747448e-13, 4.74081819808e-13, 9.65946506809e-13, 7.26887842452e-13, 6.94903661523e-13, 1.19522664335e-12, 2.65920250229e-12, 6.90175173956e-12, 1.00137398373e-11, 9.17026329005e-13, 2.29029599105e-12, 2.98214605137e-13, 7.883600592e-14, 3.90108409985e-14, 8.55103477176e-15, 8.36749702577e-17, -1.20069501077e-17], [3.18079982875e-16, 2.22364910434e-15, 3.16137903616e-14, 1.2024097538e-13, 2.85307194536e-12, 3.01229039542e-13, 3.42521150332e-13, 2.012234563e-12, 2.24623618317e-12, 1.19197067581e-12, 1.42877962066e-12, 2.0962164296e-12, 4.27717540205e-12, 2.61460406277e-12, 2.60803813441e-12, 4.85510546697e-12, 6.90175173956e-12, 4.09155660741e-11, 5.01109709283e-11, 1.77065588754e-12, 1.0452491303e-11, 1.11794449566e-12, 2.52313659332e-13, 1.47504106368e-13, 2.87106255924e-14, 4.35370302677e-16, -4.16703946451e-17], [1.50754209268e-16, -1.12998404917e-14, -9.04832866212e-15, 3.82453400546e-14, 3.76707649449e-12, 4.41261610584e-13, 5.97202138002e-13, 3.29734351802e-12, 2.74983855131e-12, 1.77395684947e-12, 1.96209107989e-12, 2.46043051384e-12, 5.20652531505e-12, 4.38343849066e-12, 4.31041227017e-12, 5.87128566251e-12, 1.00137398373e-11, 5.01109709283e-11, 1.3109606456e-10, 1.18264825016e-11, 1.78460180661e-11, 1.34030406131e-12, 2.39070292425e-13, 9.25993019784e-14, 4.72174450689e-14, 8.34317923925e-16, -5.87875871678e-17], [-2.57755116935e-16, 4.35000580207e-14, 6.5406135911e-14, -5.18117958205e-14, 2.52789461455e-13, 5.93764268439e-14, 2.14403774818e-14, 8.74424989881e-13, -4.67003389085e-13, 2.3695426521e-14, -5.83238291647e-14, -2.23118751122e-13, -1.3603639157e-13, -6.5764078482e-14, 8.34829818122e-13, 1.83770793721e-12, 9.17026329005e-13, 1.77065588754e-12, 1.18264825016e-11, 3.67320097949e-11, 2.7922922221e-12, 4.21709677812e-13, 1.15804121934e-13, 8.38597108963e-14, 4.62629202525e-14, 3.11123830675e-16, -2.06413955225e-17], [7.12348885289e-17, -1.67989439803e-15, 4.10290858837e-15, 3.49922354818e-15, 7.90394930495e-13, 4.43771979071e-14, 4.13265375968e-14, 7.6142705422e-13, 5.88857738612e-13, 5.19275648956e-13, 5.18497625477e-13, 6.95583402075e-13, 1.49215785127e-12, 8.77926637638e-13, 1.03379479456e-12, 1.50378201644e-12, 2.29029599105e-12, 1.0452491303e-11, 1.78460180661e-11, 2.7922922221e-12, 5.48790440175e-12, 4.06977240536e-13, 6.88471157796e-14, 2.3870401505e-14, 1.48264104986e-14, 2.00281205076e-16, -9.12335547893e-18], [2.92307132718e-17, 1.36937995462e-15, 4.17762197652e-15, 5.52962632077e-15, 8.751343156e-14, 3.18843462375e-14, 1.88378111531e-14, 7.31593876192e-14, 1.01582066055e-13, 4.21439514959e-14, 5.27763020731e-14, 7.17784596409e-14, 1.707534396e-13, 1.22525036991e-13, 1.05329732837e-13, 2.23591341297e-13, 2.98214605137e-13, 1.11794449566e-12, 1.34030406131e-12, 4.21709677812e-13, 4.06977240536e-13, 8.50638055003e-14, 2.01761604792e-14, 1.46730314666e-14, 2.13660206945e-15, 1.78477055001e-17, -1.63391983441e-18], [1.40148202025e-17, 6.83242874458e-16, 2.2885343692e-15, 2.88037450065e-15, 1.46303681111e-14, 1.58671920682e-14, 9.25980483697e-15, 1.34234850747e-14, 2.47654239509e-14, 5.55248774002e-15, 7.57292686405e-15, 9.19724806568e-15, 3.10563139333e-14, 3.77085380065e-14, 2.52693407919e-14, 7.07253198606e-14, 7.883600592e-14, 2.52313659332e-13, 2.39070292425e-13, 1.15804121934e-13, 6.88471157796e-14, 2.01761604792e-14, 1.16426203259e-14, 8.92554700125e-15, 5.65991544641e-16, 2.03923120013e-18, -4.0386620364e-19], [1.64572612126e-17, 8.94575318397e-16, 2.52899325864e-15, 3.1456770782e-15, 5.96365489679e-15, 1.41801590882e-14, 8.01115037074e-15, 6.66648006126e-15, 2.09274024705e-14, 1.75322627543e-15, 1.1698602851e-15, 3.36305352573e-16, 1.29043546749e-14, 2.52246411692e-14, 1.35139922392e-14, 5.40375815654e-14, 3.90108409985e-14, 1.47504106368e-13, 9.25993019784e-14, 8.38597108963e-14, 2.3870401505e-14, 1.46730314666e-14, 8.92554700125e-15, 9.74558416145e-15, 4.03943633329e-16, 1.09142614757e-18, -3.57733487848e-19], [2.30694262191e-19, 7.94421216271e-17, 2.17177262443e-16, 1.30943418886e-17, 2.08486445e-15, 4.38250399986e-16, 2.32439234435e-16, 3.18346554731e-15, 1.72773058372e-15, 1.31607405366e-15, 1.51405117031e-15, 1.89560107892e-15, 4.26231807146e-15, 2.55754843336e-15, 4.15134489691e-15, 7.03973952902e-15, 8.55103477176e-15, 2.87106255924e-14, 4.72174450689e-14, 4.62629202525e-14, 1.48264104986e-14, 2.13660206945e-15, 5.65991544641e-16, 4.03943633329e-16, 1.41338008691e-16, 1.1161282422e-18, -2.58006227979e-20], [-3.00086969652e-21, 1.79347697751e-19, 2.13710072866e-19, -1.79636034818e-19, 3.72228628671e-17, 3.26592805443e-18, 6.34815377047e-18, 3.66296916498e-17, 2.26308955902e-17, 2.04078261873e-17, 1.73291228131e-17, 2.16453065816e-17, 4.89283453462e-17, 2.59466672736e-17, 4.30009874523e-17, 7.01942688486e-17, 8.36749702577e-17, 4.35370302677e-16, 8.34317923925e-16, 3.11123830675e-16, 2.00281205076e-16, 1.78477055001e-17, 2.03923120013e-18, 1.09142614757e-18, 1.1161282422e-18, 3.6773128387e-20, 1.54063649246e-20], [-9.99489038834e-22, -1.25316505709e-19, -5.64862356664e-19, -1.71643634794e-19, -4.07812987365e-18, -4.89124665803e-19, 1.53934393228e-18, -1.88164440125e-18, -2.81430046807e-18, -1.45877354209e-18, -1.5721358533e-18, -2.76244492906e-18, -4.38749666352e-18, -4.53024983927e-18, -3.64022045737e-18, -5.46424180278e-18, -1.20069501077e-17, -4.16703946451e-17, -5.87875871678e-17, -2.06413955225e-17, -9.12335547893e-18, -1.63391983441e-18, -4.0386620364e-19, -3.57733487848e-19, -2.58006227979e-20, 1.54063649246e-20, 1.55158500335e-20]]
    },
    "mfcc": {
        "kurt": [-0.624669313431, -0.253976821899, -0.438256025314, 0.0827386379242, -0.641000032425, -0.157149076462, 0.537509202957, 0.0398557186127, -0.419476509094, -0.27018404007, -0.100813150406, 0.669950485229, -0.112419843674],
        "max": [-900.609313965, 64.2032012939, -27.3834190369, 71.6410369873, 8.46797180176, -7.11772918701, 27.4618911743, 7.41913032532, 6.28841018677, 17.2332172394, 12.8185462952, 8.27682495117, 10.1206970215],
        "mean": [-965.230834961, 37.6394882202, -65.8592071533, 42.7976989746, -11.2249250412, -28.1483783722, 10.0627326965, -9.66111660004, -9.95177173615, 0.00767823681235, -5.17305707932, -8.65406322479, -11.9794616699],
        "median": [-962.732666016, 38.6162338257, -65.6607818604, 42.2883796692, -10.6164093018, -28.4963798523, 11.7920417786, -8.72539138794, -9.79427337646, 0.872596740723, -5.33256149292, -8.22984695435, -12.5612564087],
        "min": [-1042.41809082, 10.6359672546, -102.11769104, 13.0193519592, -33.0424308777, -49.7758140564, -19.2031211853, -29.5489501953, -25.6789398193, -22.1492385864, -21.6844997406, -28.954372406, -32.2824440002],
        "skew": [-0.279354542494, -0.307839512825, 0.0289522055537, 0.245316892862, -0.13704136014, 0.184755787253, -0.886451721191, -0.397935837507, -0.0535839609802, -0.37953710556, 0.027494346723, -0.294864267111, 0.216504856944],
        "var": [1043.05554199, 99.6226272583, 180.393234253, 88.5369110107, 79.2946853638, 65.5954666138, 76.5447692871, 42.0525627136, 44.823299408, 60.8047599792, 33.8833580017, 26.7025375366, 57.8699798584],
        "cov": [[1046.26489258, 189.036422729, -298.225769043, -0.505842208862, -151.350982666, 97.2026824951, -125.315551758, -43.2845497131, -10.4413852692, -142.010894775, 90.2292098999, -4.04773902893, -113.794509888], [189.036422729, 99.9291610718, -40.5979309082, -16.3060455322, -10.7024583817, 12.2388515472, -10.2543363571, -2.89871835709, -10.2897672653, -40.3156089783, 19.0181350708, 0.439755678177, -33.5330810547], [-298.225769043, -40.5979309082, 180.948287964, 35.5106544495, 72.6781768799, -15.6714782715, 10.1352701187, 23.5999736786, -6.29277324677, 57.1822052002, -33.2527503967, 1.54772150517, 45.5731620789], [-0.505842208862, -16.3060455322, 35.5106544495, 88.8093338013, 19.7620258331, -9.6354265213, 1.81869065762, -11.8903160095, 4.7735376358, 11.0983657837, -11.9430608749, -7.2376999855, 11.1969156265], [-151.350982666, -10.7024583817, 72.6781768799, 19.7620258331, 79.5386657715, -1.91514420509, 9.13686275482, 17.400554657, -9.56827926636, 30.6201343536, -17.0976390839, -0.788278639317, 18.8375854492], [97.2026824951, 12.2388515472, -15.6714782715, -9.6354265213, -1.91514420509, 65.7972946167, 3.32976794243, 8.56322860718, 13.9758806229, -14.0583763123, 8.98628234863, -0.452841609716, -12.5457868576], [-125.315551758, -10.2543363571, 10.1352701187, 1.81869065762, 9.13686275482, 3.32976794243, 76.7802963257, 16.3124256134, 14.0119695663, 8.58045101166, -11.6280031204, 2.9954097271, -1.14658689499], [-43.2845497131, -2.89871835709, 23.5999736786, -11.8903160095, 17.400554657, 8.56322860718, 16.3124256134, 42.1819572449, 14.9002494812, 10.2340536118, 2.38650226593, 2.38032412529, 1.70434737206], [-10.4413852692, -10.2897672653, -6.29277324677, 4.7735376358, -9.56827926636, 13.9758806229, 14.0119695663, 14.9002494812, 44.9612159729, 12.1373243332, 3.47279453278, 1.14731657505, -0.359805852175], [-142.010894775, -40.3156089783, 57.1822052002, 11.0983657837, 30.6201343536, -14.0583763123, 8.58045101166, 10.2340536118, 12.1373243332, 60.9918518066, -3.98855805397, 4.46799468994, 29.827999115], [90.2292098999, 19.0181350708, -33.2527503967, -11.9430608749, -17.0976390839, 8.98628234863, -11.6280031204, 2.38650226593, 3.47279453278, -3.98855805397, 33.987613678, 9.22879314423, -10.9296913147], [-4.04773902893, 0.439755678177, 1.54772150517, -7.2376999855, -0.788278639317, -0.452841609716, 2.9954097271, 2.38032412529, 1.14731657505, 4.46799468994, 9.22879314423, 26.7847003937, 16.0418834686], [-113.794509888, -33.5330810547, 45.5731620789, 11.1969156265, 18.8375854492, -12.5457868576, -1.14658689499, 1.70434737206, -0.359805852175, 29.827999115, -10.9296913147, 16.0418834686, 58.0480422974]]
    },
    "sccoeffs": {
        "kurt": [-0.290854215622, 1.28061103821, -0.184905529022, 0.0463931560516, 0.0371072292328, -0.612687587738],
        "max": [-0.591391742229, -0.718046367168, -0.803852379322, -0.809856534004, -0.778992593288, -0.747962355614],
        "mean": [-0.742022037506, -0.856063067913, -0.876187443733, -0.866609454155, -0.837215423584, -0.80817425251],
        "median": [-0.746630132198, -0.861527681351, -0.877806067467, -0.869059145451, -0.8373888731, -0.810423612595],
        "min": [-0.857839226723, -0.934488832951, -0.931895375252, -0.908724725246, -0.883286356926, -0.85974830389],
        "skew": [0.276924163103, 0.909814059734, 0.383250236511, 0.497244417667, 0.176539570093, 0.153121724725],
        "var": [0.00246927002445, 0.00146379473154, 0.000521213456523, 0.000372949260054, 0.000298771337839, 0.000473441526992],
        "cov": [[0.00247686775401, 0.000298232975183, -0.0001194795841, 9.41781472648e-05, 0.000133849403937, 0.00027981531457], [0.000298232975183, 0.00146829872392, -2.38678512687e-05, 0.000222255956032, 0.000101737263321, 0.000117650844913], [-0.0001194795841, -2.38678512687e-05, 0.000522817193996, 4.18195777456e-05, 4.5921842684e-05, -2.81444536085e-05], [9.41781472648e-05, 0.000222255956032, 4.18195777456e-05, 0.000374096794985, 6.95796697983e-05, 6.39043573756e-05], [0.000133849403937, 0.000101737263321, 4.5921842684e-05, 6.95796697983e-05, 0.000299690640531, 4.68044454465e-05], [0.00027981531457, 0.000117650844913, -2.81444536085e-05, 6.39043573756e-05, 4.68044454465e-05, 0.000474898261018]]
    },
    "scvalleys": {
        "kurt": [0.736027956009, -0.366214036942, -0.409167051315, -0.163359165192, -0.323223114014, -0.61732006073],
        "max": [-8.54894924164, -7.9834446907, -8.14635658264, -8.07015991211, -7.92477560043, -10.2049255371],
        "mean": [-10.634314537, -9.4409236908, -9.41353416443, -9.33689880371, -8.6589756012, -11.7537231445],
        "median": [-10.6388645172, -9.40344905853, -9.40798187256, -9.33009910583, -8.60328483582, -11.7463951111],
        "min": [-12.7092914581, -10.7027540207, -10.7189006805, -10.4804162979, -9.67407512665, -12.8968753815],
        "skew": [0.135606691241, 0.0463699772954, 0.0536386966705, -0.145358726382, -0.489229589701, -0.0138640012592],
        "var": [0.298735648394, 0.227366134524, 0.244165495038, 0.200102478266, 0.120491616428, 0.26444658637],
        "cov": [[0.299654841423, 0.0979113504291, 0.0894229635596, 0.0998686105013, 0.0699134916067, 0.125093534589], [0.0979113504291, 0.228065729141, 0.133650004864, 0.133177518845, 0.0946044847369, 0.110618017614], [0.0894229635596, 0.133650004864, 0.244916781783, 0.16962711513, 0.117323540151, 0.129333987832], [0.0998686105013, 0.133177518845, 0.16962711513, 0.200718179345, 0.120151728392, 0.158303290606], [0.0699134916067, 0.0946044847369, 0.117323540151, 0.120151728392, 0.120862357318, 0.119063183665], [0.125093534589, 0.110618017614, 0.129333987832, 0.158303290606, 0.119063183665, 0.265260279179]]
    }
},
"rhythm": {
    "beats_loudness": {
        "kurt": 1.64462852478,
        "max": 0.000123320918647,
        "mean": 4.42893215222e-05,
        "median": 4.77373723697e-05,
        "min": 1.07267687781e-05,
        "skew": 1.1313765049,
        "var": 7.91328558236e-10
    },
    "bpm": 128.977005005,
    "confidence": 3.7142868042,
    "first_peak_bpm": {
        "kurt": 0,
        "max": 129,
        "mean": 129,
        "median": 129,
        "min": 129,
        "skew": 0,
        "var": 0
    },
    "first_peak_spread": {
        "kurt": 0,
        "max": 0.58333337307,
        "mean": 0.58333337307,
        "median": 0.58333337307,
        "min": 0.58333337307,
        "skew": 0,
        "var": 0
    },
    "first_peak_weight": {
        "kurt": 0,
        "max": 0.357142865658,
        "mean": 0.357142865658,
        "median": 0.357142865658,
        "min": 0.357142865658,
        "skew": 0,
        "var": 0
    },
    "onset_rate": 4.2403845787,
    "second_peak_bpm": {
        "kurt": 0,
        "max": 123,
        "mean": 123,
        "median": 123,
        "min": 123,
        "skew": 0,
        "var": 0
    },
    "second_peak_spread": {
        "kurt": 0,
        "max": 0,
        "mean": 0,
        "median": 0,
        "min": 0,
        "skew": 0,
        "var": 0
    },
    "second_peak_weight": {
        "kurt": 0,
        "max": 0.0714285746217,
        "mean": 0.0714285746217,
        "median": 0.0714285746217,
        "min": 0.0714285746217,
        "skew": 0,
        "var": 0
    },
    "beats_loudness_band_ratio": {
        "kurt": [0.192776679993, 0.155255556107, -0.671789169312, -0.755630254745, 0.0974757671356, 0.0578072071075],
        "max": [0.0312719754875, 0.0647055506706, 0.0864754989743, 0.151211515069, 0.584274232388, 0.73232614994],
        "mean": [0.0114621659741, 0.0255368854851, 0.0511608570814, 0.077295333147, 0.406577527523, 0.451018542051],
        "median": [0.0105747189373, 0.021530142054, 0.044791534543, 0.0751866772771, 0.424414098263, 0.434356838465],
        "min": [0.00144709274173, 0.00279107736424, 0.0279528610408, 0.00941953063011, 0.180782735348, 0.295495331287],
        "skew": [0.759193897247, 0.86428552866, 0.749427258968, 0.22439211607, -0.437815487385, 0.70333135128],
        "var": [6.32440205663e-05, 0.000267662573606, 0.000290343043162, 0.00146926264279, 0.00962268095464, 0.0133984126151],
        "cov": [[6.77614516462e-05, 0.000111096298497, 7.41095345802e-06, -5.42632296856e-05, 9.37629592954e-05, -0.000179309485247], [0.000111096298497, 0.00028678131639, -0.000117372510431, -0.000164843018865, 0.000141167547554, -9.5296134532e-05], [7.41095345802e-06, -0.000117372510431, 0.000311081821565, -0.000132375615067, -0.000468880694825, 0.000269390031463], [-5.42632296856e-05, -0.000164843018865, -0.000132375615067, 0.00157421000767, 0.00179249956273, -0.00310835032724], [9.37629592954e-05, 0.000141167547554, -0.000468880694825, 0.00179249956273, 0.0103100156412, -0.0113950753585], [-0.000179309485247, -9.5296134532e-05, 0.000269390031463, -0.00310835032724, -0.0113950753585, 0.0143554424867]]
    },
    "beats_position": [0.476009070873, 0.96362811327, 1.43963718414, 1.91564619541, 2.39165520668, 2.86766433716, 3.33206343651, 3.79646253586, 4.2492518425, 4.71365070343, 5.16644001007, 5.61922883987, 6.08362817764, 6.52480697632, 6.98920631409],
    "bpm_estimates": [126.048019409, 126.048034668, 126.048034668, 126.04800415, 129.19921875, 129.19921875, 132.511962891, 129.199279785, 132.511962891, 132.51210022, 129.199157715, 129.199157715],
    "bpm_intervals": [0.487619042397, 0.476009070873, 0.476009011269, 0.476009011269, 0.476009130478, 0.46439909935, 0.46439909935, 0.452789306641, 0.464398860931, 0.452789306641, 0.452788829803, 0.464399337769, 0.441178798676, 0.464399337769],
    "onset_times": [0.0116099771112, 0.626938760281, 1.25387752056, 1.49768710136, 1.69505667686, 1.92725622654, 2.17106580734, 2.3916554451, 2.43809533119, 2.62385487556, 2.85605430603, 3.08825397491, 3.30884361267, 3.34367346764, 3.54104304314, 3.79646253586, 3.98222231865, 4.02866220474, 4.27247142792, 4.45823144913, 4.94585037231, 5.39863967896, 5.59600925446, 5.81659841537, 6.08362817764, 6.3042178154, 6.73378705978, 6.9543762207, 7.00081634521, 7.18657588959, 7.22140598297, 7.4303855896],
    "histogram": [[0, 0, 0, 0, 0, 0, 0, 0, 0, 0, 0, 0, 0, 0, 0, 0, 0, 0, 0, 0, 0, 0, 0, 0, 0, 0, 0, 0, 0, 0, 0, 0, 0, 0, 0, 0, 0, 0, 0, 0, 0, 0, 0, 0, 0, 0, 0, 0, 0, 0, 0, 0, 0, 0, 0, 0, 0, 0, 0, 0, 0, 0, 0, 0, 0, 0, 0, 0, 0, 0, 0, 0, 0, 0, 0, 0, 0, 0, 0, 0, 0, 0, 0, 0, 0, 0, 0, 0, 0, 0, 0, 0, 0, 0, 0, 0, 0, 0, 0, 0, 0, 0, 0, 0, 0, 0, 0, 0, 0, 0, 0, 0, 0, 0, 0, 0, 0, 0, 0, 0, 0, 0, 0, 0.0714285746217, 0, 0, 0.285714298487, 0, 0, 0.357142865658, 0, 0, 0, 0.214285716414, 0, 0, 0.0714285746217, 0, 0, 0, 0, 0, 0, 0, 0, 0, 0, 0, 0, 0, 0, 0, 0, 0, 0, 0, 0, 0, 0, 0, 0, 0, 0, 0, 0, 0, 0, 0, 0, 0, 0, 0, 0, 0, 0, 0, 0, 0, 0, 0, 0, 0, 0, 0, 0, 0, 0, 0, 0, 0, 0, 0, 0, 0, 0, 0, 0, 0, 0, 0, 0, 0, 0, 0, 0, 0, 0, 0, 0, 0, 0, 0, 0, 0, 0, 0, 0, 0, 0, 0, 0, 0, 0, 0, 0, 0, 0, 0, 0, 0, 0, 0, 0, 0, 0, 0, 0, 0, 0, 0, 0, 0, 0, 0, 0, 0, 0, 0, 0, 0]]
},
"sfx": {
    "inharmonicity": {
        "kurt": 321.005218506,
        "max": 0.074273660779,
        "mean": 0.000227833312238,
        "median": 0,
        "min": 0,
        "skew": 17.9724197388,
        "var": 1.68700516952e-05
    },
    "oddtoevenharmonicenergyratio": {
        "kurt": 321.000823975,
        "max": 1.43826234341,
        "mean": 0.00441184779629,
        "median": 0,
        "min": 0,
        "skew": 17.972234726,
        "var": 0.00632595224306
    },
    "pitch_after_max_to_before_max_energy_ratio": 90.6211853027,
    "pitch_centroid": 159.080459595,
    "pitch_max_to_total": 0.00613496918231,
    "pitch_min_to_total": 0.742331266403,
    "tristimulus": {
        "kurt": [321.004577637, 321.001739502, 321.002807617],
        "max": [1, 0.515118718147, 0.358047485352],
        "mean": [0.997321546078, 0.00158011878375, 0.00109830521978],
        "median": [1, 0, 0],
        "min": [0.126833751798, 0, 0],
        "skew": [-17.9723930359, 17.9722747803, 17.9723186493],
        "var": [0.0023315299768, 0.000811453617644, 0.000392039306462],
        "cov": [[0.00233870395459, -0.00137970631476, -0.000959005265031], [-0.00137970631476, 0.000813950377051, 0.000565755763091], [-0.000959005265031, 0.000565755763091, 0.000393245572923]]
    }
},
"tonal": {
    "chords_changes_rate": 0.115853659809,
    "chords_number_rate": 0.0487804859877,
    "chords_strength": {
        "kurt": -0.925581455231,
        "max": 0.386995226145,
        "mean": 0.320885062218,
        "median": 0.321475327015,
        "min": 0.253579884768,
        "skew": 0.046454411,
        "var": 0.00110799423419
    },
    "key_strength": 0.213324829936,
    "tuning_diatonic_strength": 0.188793867826,
    "tuning_equal_tempered_deviation": 0.299136906862,
    "tuning_frequency": 436.456207275,
    "tuning_nontempered_energy_ratio": 0.914643704891,
    "hpcp": {
        "kurt": [-0.58687210083, -1.09829330444, -0.969721317291, -0.344602584839, -1.19810628891, -1.37250065804, -0.700162172318, 1.68112659454, 1.38316822052, 1.20022249222, 1.17312240601, 1.38142251968, 2.82074975967, 0.815803050995, 0.638596773148, 4.73860263824, 1.54925203323, 1.05563259125, 1.44651603699, 1.9156832695, 2.34288406372, 1.68903636932, 1.37791109085, 1.49014472961, 1.65111112595, 0.545903682709, 0.29514503479, 1.63071346283, 0.386858940125, -0.436785459518, -0.760850191116, -1.32173919678, -1.12876498699, -1.01947963238, -0.675837755203, -0.540283679962],
        "max": [1, 1, 1, 1, 1, 1, 1, 0.951188564301, 1, 1, 1, 0.97330391407, 1, 0.707999110222, 0.561359643936, 0.58857947588, 0.511281788349, 0.407819390297, 0.391200244427, 0.514567255974, 0.586391031742, 0.530944347382, 0.728722035885, 1, 0.97057312727, 0.77513229847, 1, 1, 1, 1, 1, 1, 1, 1, 1, 1],
