{
"metadata": {
    "version": {
        "essentia": "2.1-beta3"
    }
},
"lowLevel": {
    "average_loudness": 0.73870909214,
    "barkbands_kurtosis": {
        "kurt": 3.67709779739,
        "max": 24.399936676,
        "mean": 2.70846033096,
        "median": 3.68347358704,
        "min": -1.58461534977,
        "skew": 1.19505596161,
        "var": 15.161239624
    },
    "barkbands_skewness": {
        "kurt": 1.92667484283,
        "max": 0.869584619999,
        "mean": -0.284690886736,
        "median": -0.0912836492062,
        "min": -3.61018800735,
        "skew": -1.41160619259,
        "var": 0.638428926468
    },
    "barkbands_spread": {
        "kurt": -1.66530501842,
        "max": 52.9384460449,
        "mean": 18.6802921295,
        "median": 6.42918539047,
        "min": 2.46541261673,
        "skew": 0.385099947453,
        "var": 300.502868652
    },
    "dissonance": {
        "kurt": 5.15930080414,
        "max": 0.499692708254,
        "mean": 0.492802649736,
        "median": 0.495736896992,
        "min": 0.450518161058,
        "skew": -2.11819696426,
        "var": 6.1488688516e-05
    },
    "hfc": {
        "kurt": -1.76436758041,
        "max": 44.9512062073,
        "mean": 15.8488063812,
        "median": 5.16429710388,
        "min": 1.11483604547e-16,
        "skew": 0.319375246763,
        "var": 292.401519775
    },
    "pitch": {
        "kurt": 0.202367305756,
        "max": 4706.14306641,
        "mean": 1286.81079102,
        "median": 703.939941406,
        "min": 104.359794617,
        "skew": 1.2342249155,
        "var": 1744286
    },
    "pitch_instantaneous_confidence": {
        "kurt": -1.7661690712,
        "max": 0.88021916151,
        "mean": 0.52561378479,
        "median": 0.468723624945,
        "min": 0.103233993053,
        "skew": 0.0367989726365,
        "var": 0.0703618749976
    },
    "pitch_salience": {
        "kurt": -0.971966505051,
        "max": 0.916613698006,
        "mean": 0.652892887592,
        "median": 0.681848287582,
        "min": 0.478792756796,
        "skew": -0.111827388406,
        "var": 0.00831770710647
    },
    "silence_rate_20dB": {
        "kurt": 0,
        "max": 1,
        "mean": 1,
        "median": 1,
        "min": 1,
        "skew": 0,
        "var": 0
    },
    "silence_rate_30dB": {
        "kurt": 0,
        "max": 1,
        "mean": 1,
        "median": 1,
        "min": 1,
        "skew": 0,
        "var": 0
    },
    "silence_rate_60dB": {
        "kurt": -1.90961539745,
        "max": 1,
        "mean": 0.574324309826,
        "median": 1,
        "min": 0,
        "skew": -0.300636529922,
        "var": 0.244475439191
    },
    "spectral_centroid": {
        "kurt": 6.39427471161,
        "max": 11078.2734375,
        "mean": 3211.61181641,
        "median": 3603.45849609,
        "min": 1224.41455078,
        "skew": 1.04757535458,
        "var": 1266824.125
    },
    "spectral_complexity": {
        "kurt": -1.17542409897,
        "max": 13,
        "mean": 3.39189195633,
        "median": 2,
        "min": 0,
        "skew": 0.516023159027,
        "var": 13.4274864197
    },
    "spectral_crest": {
        "kurt": -1.58280098438,
        "max": 17.6686534882,
        "mean": 8.77387428284,
        "median": 7.30942249298,
        "min": 2.14536452293,
        "skew": 0.22675319016,
        "var": 28.3794269562
    },
    "spectral_decrease": {
        "kurt": -1.7061060667,
        "max": 3.93032829324e-29,
        "mean": -7.29933280486e-10,
        "median": -1.76880649017e-10,
        "min": -2.20924145644e-09,
        "skew": -0.396220207214,
        "var": 6.68239150321e-19
    },
    "spectral_energy": {
        "kurt": -1.72976505756,
        "max": 0.0124153895304,
        "mean": 0.00419246405363,
        "median": 0.00112283404451,
        "min": 9.9635544603e-21,
        "skew": 0.369006842375,
        "var": 2.1446536266e-05
    },
    "spectral_energyband_high": {
        "kurt": -1.52777826786,
        "max": 0.00639589922503,
        "mean": 0.00177553633694,
        "median": 0.00064844370354,
        "min": 7.53763001751e-21,
        "skew": 0.391977757215,
        "var": 3.66374229088e-06
    },
    "spectral_energyband_low": {
        "kurt": 6.54027748108,
        "max": 1.42058524943e-06,
        "mean": 1.43231090988e-07,
        "median": 6.23747808959e-08,
        "min": 4.64898419086e-23,
        "skew": 2.2689666748,
        "var": 4.3807591967e-14
    },
    "spectral_energyband_middle_high": {
        "kurt": -1.47497963905,
        "max": 0.00781454239041,
        "mean": 0.00242058443837,
        "median": 0.000411354005337,
        "min": 1.40023421571e-21,
        "skew": 0.543355822563,
        "var": 8.0797544797e-06
    },
    "spectral_energyband_middle_low": {
        "kurt": 1.39012002945,
        "max": 3.52811948687e-05,
        "mean": 5.64513811696e-06,
        "median": 4.13125826526e-06,
        "min": 2.24554065567e-22,
        "skew": 1.06071591377,
        "var": 3.98688963787e-11
    },
    "spectral_flatness_db": {
        "kurt": -1.85008978844,
        "max": 0.332166314125,
        "mean": 0.197161525488,
        "median": 0.239887714386,
        "min": 0.0500354394317,
        "skew": -0.12067322433,
        "var": 0.0116613600403
    },
    "spectral_flux": {
        "kurt": -0.630211830139,
        "max": 0.0765698626637,
        "mean": 0.018982226029,
        "median": 0.0265273042023,
        "min": 9.981760557e-11,
        "skew": 0.388705551624,
        "var": 0.000335703283781
    },
    "spectral_kurtosis": {
        "kurt": -0.678602457047,
        "max": 6.7350358963,
        "mean": 2.73138713837,
        "median": 2.03725552559,
        "min": -1.21350550652,
        "skew": 0.521878004074,
        "var": 1.99701321125
    },
    "spectral_rms": {
        "kurt": -1.81447660923,
        "max": 0.00348031241447,
        "mean": 0.00143344921526,
        "median": 0.00104656582698,
        "min": 3.11777817105e-12,
        "skew": 0.175065979362,
        "var": 2.03543982025e-06
    },
    "spectral_rolloff": {
        "kurt": 49.3520736694,
        "max": 18604.6875,
        "mean": 4658.30029297,
        "median": 4500.43945312,
        "min": 2497.8515625,
        "skew": 4.98591804504,
        "var": 1582814.25
    },
    "spectral_skewness": {
        "kurt": -0.834168672562,
        "max": 2.12712788582,
        "mean": 1.29473745823,
        "median": 1.12282502651,
        "min": 0.0147520452738,
        "skew": 0.113104201853,
        "var": 0.152560144663
    },
    "spectral_spread": {
        "kurt": 146.871124268,
        "max": 40852988,
        "mean": 7324810.5,
        "median": 6533327,
        "min": 5292467.5,
        "skew": 10.3967323303,
        "var": 5.34078868685e+12
    },
    "spectral_strongpeak": {
        "kurt": -1.59243381023,
        "max": 11.1779203415,
        "mean": 3.38087630272,
        "median": 0.557320535183,
        "min": 1.09437736651e-09,
        "skew": 0.464589267969,
        "var": 14.8836374283
    },
    "zerocrossingrate": {
        "kurt": 17.2432079315,
        "max": 0.4931640625,
        "mean": 0.162736222148,
        "median": 0.156005859375,
        "min": 0.08447265625,
        "skew": 2.64650845528,
        "var": 0.00150252878666
    },
    "barkbands": {
        "kurt": [5.15345191956, 7.5396938324, 9.34625530243, 6.36624622345, 0.978765964508, -0.650003671646, 3.97667646408, 4.09274482727, 16.3010921478, -1.34469330311, 92.8838348389, 85.4951553345, -1.31056296825, 2.32816267014, 12.7839136124, 6.53355407715, 45.403629303, -1.4264626503, 2.51767969131, -1.21449697018, -0.0270137786865, -1.35381984711, 18.2770214081, 2.32180547714, -1.69016206264, -1.51625812054, -1.73682081699],
        "max": [2.21185653126e-10, 9.83896697448e-08, 7.28907139091e-07, 1.14607041724e-06, 1.46930269693e-05, 2.69092674898e-06, 1.93340110854e-06, 5.35502204002e-06, 1.94621297851e-05, 1.94983258552e-05, 1.38139012051e-05, 7.82198185334e-05, 4.24426907557e-05, 1.59251467267e-05, 9.34068084462e-05, 0.000103534133814, 0.000828450312838, 0.00729202572256, 0.00080808828352, 0.00465244986117, 0.00141751964111, 0.00136819167528, 0.000929088215344, 0.000724873854779, 5.17153457622e-05, 2.12463964999e-06, 5.66083144804e-08],
        "mean": [2.87309568497e-11, 9.2733101198e-09, 6.44889226464e-08, 1.20905312428e-07, 2.29520128414e-06, 5.80041444209e-07, 2.66866322818e-07, 6.74412717672e-07, 1.34702770538e-06, 4.41251449956e-06, 5.57653606847e-07, 1.89509455595e-06, 1.11979315989e-05, 2.25113080887e-06, 9.20636557566e-06, 1.26395689222e-05, 2.77954950434e-05, 0.00211219210178, 0.000110271699668, 0.00109214428812, 0.000250261131441, 0.000349031266524, 8.67218041094e-05, 9.74567155936e-05, 1.84306809388e-05, 6.33146385098e-07, 1.95051761409e-08],
        "median": [9.71403339711e-12, 2.1572805764e-09, 1.90759514851e-08, 3.23562900917e-08, 3.54584415163e-07, 9.020631353e-08, 1.24771489141e-07, 2.57923716163e-07, 3.40665280874e-07, 4.40997752094e-07, 2.94483072594e-07, 9.45917463469e-07, 1.03420541109e-06, 6.88964121309e-07, 4.42637247033e-06, 9.36561082199e-06, 1.23701302073e-05, 2.46416166192e-05, 0.000101738667581, 0.000204729658435, 0.000173569947947, 0.000191162806004, 6.00694838795e-05, 3.59117912012e-05, 1.6072543076e-05, 3.12982365358e-07, 9.35727939577e-09],
        "min": [3.38109034085e-23, 1.96545120521e-23, 9.51564650214e-24, 1.90964036112e-24, 4.56943293283e-23, 8.71643968615e-23, 1.97338225498e-23, 4.43534077844e-23, 1.61977724748e-23, 6.29163398697e-23, 1.07774303089e-22, 6.14577486777e-23, 7.93749318478e-23, 6.50867991426e-23, 1.13034982963e-22, 1.51940567823e-22, 1.92412363435e-22, 2.12344568725e-22, 1.91585157579e-22, 3.41293917995e-22, 2.72728374789e-22, 3.77495994491e-22, 6.09476813138e-22, 9.78632616729e-22, 1.21016634688e-21, 1.7436171636e-21, 2.36814519037e-21],
        "skew": [2.13872504234, 2.31247878075, 2.51057457924, 2.318151474, 1.05583786964, 0.827586352825, 1.78499698639, 1.82110452652, 4.04030704498, 0.487303435802, 7.87913799286, 8.82353115082, 0.543001651764, 1.46726858616, 2.71849012375, 1.92840135098, 6.37589597702, 0.593614280224, 1.14272022247, 0.588153362274, 0.657517194748, 0.409284323454, 3.140386343, 1.10404992104, 0.194431170821, 0.367313742638, 0.23969553411],
        "var": [1.73319703048e-21, 1.97695134079e-16, 9.14394004714e-15, 3.44504393274e-14, 7.67835448001e-12, 5.01486818651e-13, 1.22284317004e-13, 8.2673402629e-13, 1.0563253397e-11, 2.54205337336e-11, 1.05610702475e-12, 4.31177003823e-11, 1.67166863685e-10, 8.3843513729e-12, 1.61068020033e-10, 2.43991243876e-10, 6.90780899149e-09, 6.9355605774e-06, 1.50575587554e-08, 1.62679600635e-06, 7.02817644083e-08, 1.35161940307e-07, 1.27182344656e-08, 1.28231594232e-08, 3.39938660554e-10, 4.53175311946e-13, 4.03601723186e-16],
        "cov": [[1.73907231504e-21, 2.68627731107e-19, 1.33173514361e-18, 2.51111126981e-18, 6.01999749027e-17, 1.69171124218e-17, 5.65268223172e-18, 1.58854014766e-17, 7.44514580958e-18, 1.18552120961e-16, 1.16653129342e-17, 2.19092979654e-17, 3.14078996279e-16, 6.09627214542e-17, 1.893180047e-16, 2.69726101229e-16, 3.33922516543e-16, 6.63140535865e-14, 2.62068330463e-15, 3.0249230448e-14, 5.94720339937e-15, 9.23458104283e-15, 1.8057522708e-15, 2.63443848442e-15, 4.61258991207e-16, 1.70630667865e-17, 5.20275305395e-19], [2.68627731107e-19, 1.98365282724e-16, 7.1029991259e-16, 1.19214963947e-15, 2.17874102684e-14, 6.47741468413e-15, 1.8920655634e-15, 6.56954349319e-15, 1.36315225075e-15, 4.52524810972e-14, 4.02218253685e-15, 4.11869135328e-15, 1.19810018569e-13, 1.80288201496e-14, 7.98808447774e-14, 9.11319495344e-14, 1.31220460387e-13, 2.5441515214e-11, 8.05192175955e-13, 1.1401748469e-11, 1.98143931818e-12, 3.24307139303e-12, 6.44309258724e-13, 9.8421260291e-13, 1.66378765149e-13, 6.46977105882e-15, 1.93368979475e-16], [1.33173514361e-18, 7.1029991259e-16, 9.17493637082e-15, 1.24281247999e-14, 1.03820062627e-13, 2.75467176196e-14, 1.19134608049e-14, 3.21459777742e-14, 3.96478538206e-14, 2.02910306829e-13, 2.92467669549e-14, 9.35264642425e-14, 6.06856362037e-13, 1.02496787099e-13, 4.50012531579e-13, 6.99710092384e-13, 1.73373164783e-12, 1.09372566559e-10, 5.03146309339e-12, 4.9286238285e-11, 1.1316064405e-11, 1.59256583615e-11, 3.73049985e-12, 4.90305062176e-12, 9.1334578789e-13, 2.99555065269e-14, 9.63044379655e-16], [2.51111126981e-18, 1.19214963947e-15, 1.24281247999e-14, 3.45672214539e-14, 1.95462529083e-13, 4.95368211782e-14, 2.64668708906e-14, 6.1891877528e-14, 9.77063007866e-14, 3.37382086244e-13, 4.86351749347e-14, 1.03945443832e-13, 9.19774564671e-13, 1.7991517835e-13, 7.02459358043e-13, 1.31177469061e-12, 4.16291437086e-12, 1.78476664003e-10, 1.09957242964e-11, 8.55954682133e-11, 1.97498996324e-11, 2.88907456986e-11, 7.59541995271e-12, 8.11208045182e-12, 1.5433868376e-12, 5.53806302303e-14, 1.60675289127e-15], [6.01999749027e-17, 2.17874102684e-14, 1.03820062627e-13, 1.95462529083e-13, 7.70438227105e-12, 1.63229054839e-12, 4.13201618104e-13, 1.60488213431e-12, 6.72712157247e-13, 1.20273530718e-11, 8.68498578176e-13, 4.20374083037e-14, 2.86818884615e-11, 5.43348482526e-12, 1.98630920739e-11, 2.60130111895e-11, 4.22608961714e-11, 4.96347585255e-09, 2.00669439399e-10, 2.87866130932e-09, 5.38004196748e-10, 8.09886990805e-10, 1.59445540104e-10, 2.62920046845e-10, 4.13451495263e-11, 1.52146036655e-12, 4.52717053569e-14], [1.69171124218e-17, 6.47741468413e-15, 2.75467176196e-14, 4.95368211782e-14, 1.63229054839e-12, 5.03186739238e-13, 1.13818459865e-13, 3.80074254404e-13, 6.48622729962e-14, 3.03626047915e-12, 2.13753073943e-13, 1.10797174658e-13, 7.84153037642e-12, 1.4571890786e-12, 4.7680965079e-12, 6.22164819664e-12, 1.56774896884e-12, 1.62637825429e-09, 5.31387225888e-11, 7.66841923294e-10, 1.38253533621e-10, 2.13121048587e-10, 3.98373105337e-11, 6.42675287987e-11, 1.09388834796e-11, 4.12860284155e-13, 1.24850030623e-14], [5.65268223172e-18, 1.8920655634e-15, 1.19134608049e-14, 2.64668708906e-14, 4.13201618104e-13, 1.13818459865e-13, 1.226988346e-13, 1.48265514449e-13, 6.16750791063e-13, 8.14042247239e-13, 8.46741635683e-14, 1.355522953e-13, 2.00651973335e-12, 4.61814560117e-13, 1.5171221484e-12, 2.68495403861e-12, 5.75125624208e-12, 3.84933168673e-10, 2.56267316395e-11, 2.03796451936e-10, 6.06873301612e-11, 7.07196246008e-11, 2.05811877957e-11, 1.8668582305e-11, 3.87366484375e-12, 1.35183910507e-13, 4.10056273062e-15], [1.58854014766e-17, 6.56954349319e-15, 3.21459777742e-14, 6.1891877528e-14, 1.60488213431e-12, 3.80074254404e-13, 1.48265514449e-13, 8.29536526276e-13, 3.80458278814e-13, 2.78003596706e-12, 2.83747282398e-13, 1.47051004728e-13, 7.10900262268e-12, 1.12179146181e-12, 7.79964721281e-12, 7.6095180504e-12, 8.18158821941e-12, 1.48055145921e-09, 6.28023327787e-11, 6.71157740495e-10, 1.41676323451e-10, 2.19887830166e-10, 4.57097727724e-11, 6.02703095764e-11, 1.12756002452e-11, 3.90719954221e-13, 1.19189267085e-14], [7.44514580958e-18, 1.36315225075e-15, 3.96478538206e-14, 9.77063007866e-14, 6.72712157247e-13, 6.48622729962e-14, 6.16750791063e-13, 3.80458278814e-13, 1.0599061559e-11, 3.24901238725e-13, 3.24978921811e-13, 1.74726747827e-12, 9.43451913815e-13, 7.5011806662e-13, 2.4394071832e-12, 1.66007676355e-11, 8.40517863643e-11, -1.79121426025e-10, 1.1260658378e-10, 8.31179916561e-11, 3.72240516189e-10, 2.34805286325e-10, 1.68343144979e-10, 3.37166301823e-11, 1.58408512002e-11, 3.60906102096e-13, 1.32125552361e-14], [1.18552120961e-16, 4.52524810972e-14, 2.02910306829e-13, 3.37382086244e-13, 1.20273530718e-11, 3.03626047915e-12, 8.14042247239e-13, 2.78003596706e-12, 3.24901238725e-13, 2.55067043875e-11, 2.14856734834e-12, 5.25499457317e-13, 5.83503037555e-11, 1.08566341681e-11, 3.36854259764e-11, 4.15383769048e-11, 8.57078158445e-11, 1.12304023858e-08, 4.06658456908e-10, 5.86739190567e-09, 1.05885034074e-09, 1.65603819546e-09, 3.18734538762e-10, 5.09905062618e-10, 8.28449669976e-11, 3.1135493489e-12, 9.28158307048e-14], [1.16653129342e-17, 4.02218253685e-15, 2.92467669549e-14, 4.86351749347e-14, 8.68498578176e-13, 2.13753073943e-13, 8.46741635683e-14, 2.83747282398e-13, 3.24978921811e-13, 2.14856734834e-12, 1.05968706032e-12, 8.29884555173e-13, 4.19144796995e-12, 8.15527333164e-13, 4.34168022714e-12, 5.74025419212e-12, 1.028143716e-11, 7.67482188913e-10, 3.71830309598e-11, 3.92407245586e-10, 8.76233044456e-11, 1.33363153854e-10, 3.16290986457e-11, 3.60081964246e-11, 6.79199535156e-12, 2.26285732773e-13, 7.08210854056e-15], [2.19092979654e-17, 4.11869135328e-15, 9.35264642425e-14, 1.03945443832e-13, 4.20374083037e-14, 1.10797174658e-13, 1.355522953e-13, 1.47051004728e-13, 1.74726747827e-12, 5.25499457317e-13, 8.29884555173e-13, 4.3263864713e-11, 5.60397561689e-12, 5.46336142559e-13, 3.70107286832e-12, 1.11978430001e-11, 2.14701537798e-11, 2.96361796215e-10, 1.26697485836e-10, 1.41128761455e-10, 1.35490244024e-10, 9.34576444012e-11, 4.44187117643e-11, 1.12507416578e-11, 6.86871956881e-12, 1.35840584658e-13, 5.75209698327e-15], [3.14078996279e-16, 1.19810018569e-13, 6.06856362037e-13, 9.19774564671e-13, 2.86818884615e-11, 7.84153037642e-12, 2.00651973335e-12, 7.10900262268e-12, 9.43451913815e-13, 5.83503037555e-11, 4.19144796995e-12, 5.60397561689e-12, 1.67733521517e-10, 2.77802000154e-11, 9.10715045044e-11, 1.09661578429e-10, 1.26597302086e-10, 3.02851432821e-08, 1.04102559906e-09, 1.45035992105e-08, 2.66524935455e-09, 4.06696454291e-09, 7.6247741454e-10, 1.23388765871e-09, 2.08667902402e-10, 7.85440809614e-12, 2.38607961514e-13], [6.09627214542e-17, 1.80288201496e-14, 1.02496787099e-13, 1.7991517835e-13, 5.43348482526e-12, 1.4571890786e-12, 4.61814560117e-13, 1.12179146181e-12, 7.5011806662e-13, 1.08566341681e-11, 8.15527333164e-13, 5.46336142559e-13, 2.77802000154e-11, 8.41277221497e-12, 1.70177778119e-11, 2.20847836546e-11, 1.9996700476e-11, 5.52761925121e-09, 2.16239540163e-10, 2.9102462662e-09, 5.22745680076e-10, 7.91416154833e-10, 1.58733221012e-10, 2.30293742409e-10, 4.03839774121e-11, 1.52478572303e-12, 4.50369891391e-14], [1.893180047e-16, 7.98808447774e-14, 4.50012531579e-13, 7.02459358043e-13, 1.98630920739e-11, 4.7680965079e-12, 1.5171221484e-12, 7.79964721281e-12, 2.4394071832e-12, 3.36854259764e-11, 4.34168022714e-12, 3.70107286832e-12, 9.10715045044e-11, 1.70177778119e-11, 1.61614013838e-10, 8.66155758228e-11, 1.05608868872e-10, 1.78562924447e-08, 7.82543196909e-10, 8.97996876859e-09, 1.80359172042e-09, 2.7873741093e-09, 6.0246574396e-10, 7.60283724865e-10, 1.45311263022e-10, 4.93676193675e-12, 1.50400037476e-13], [2.69726101229e-16, 9.11319495344e-14, 6.99710092384e-13, 1.31177469061e-12, 2.60130111895e-11, 6.22164819664e-12, 2.68495403861e-12, 7.6095180504e-12, 1.66007676355e-11, 4.15383769048e-11, 5.74025419212e-12, 1.11978430001e-11, 1.09661578429e-10, 2.20847836546e-11, 8.66155758228e-11, 2.44818332273e-10, 1.66988645134e-10, 2.11719939358e-08, 1.0216398838e-09, 1.05606465794e-08, 2.46606202126e-09, 3.42872108483e-09, 7.80548847779e-10, 9.76774328088e-10, 1.91773208424e-10, 6.1486865946e-12, 1.94957087583e-13], [3.33922516543e-16, 1.31220460387e-13, 1.73373164783e-12, 4.16291437086e-12, 4.22608961714e-11, 1.56774896884e-12, 5.75125624208e-12, 8.18158821941e-12, 8.40517863643e-11, 8.57078158445e-11, 1.028143716e-11, 2.14701537798e-11, 1.26597302086e-10, 1.9996700476e-11, 1.05608868872e-10, 1.66988645134e-10, 6.93122537143e-09, -2.73903233428e-09, 2.16809903364e-09, 7.00654201324e-09, 5.53255929958e-09, 7.24436421962e-09, 5.64981927909e-09, 2.64874056022e-09, 4.49374870648e-10, 1.0287208585e-11, 3.30947780031e-13], [6.63140535865e-14, 2.5441515214e-11, 1.09372566559e-10, 1.78476664003e-10, 4.96347585255e-09, 1.62637825429e-09, 3.84933168673e-10, 1.48055145921e-09, -1.79121426025e-10, 1.12304023858e-08, 7.67482188913e-10, 2.96361796215e-10, 3.02851432821e-08, 5.52761925121e-09, 1.78562924447e-08, 2.11719939358e-08, -2.73903233428e-09, 6.95907101544e-06, 2.1019536689e-07, 2.8726860819e-06, 5.0690732678e-07, 8.16935880721e-07, 1.48710157077e-07, 2.36335438331e-07, 4.19871213353e-08, 1.57151225366e-09, 4.82148730663e-11], [2.62068330463e-15, 8.05192175955e-13, 5.03146309339e-12, 1.09957242964e-11, 2.00669439399e-10, 5.31387225888e-11, 2.56267316395e-11, 6.28023327787e-11, 1.1260658378e-10, 4.06658456908e-10, 3.71830309598e-11, 1.26697485836e-10, 1.04102559906e-09, 2.16239540163e-10, 7.82543196909e-10, 1.0216398838e-09, 2.16809903364e-09, 2.1019536689e-07, 1.51086023692e-08, 1.02746462005e-07, 2.34063985971e-08, 3.26507603177e-08, 7.50563966534e-09, 9.20784515301e-09, 1.73338654541e-09, 6.04126401682e-11, 1.86425159164e-12], [3.0249230448e-14, 1.1401748469e-11, 4.9286238285e-11, 8.55954682133e-11, 2.87866130932e-09, 7.66841923294e-10, 2.03796451936e-10, 6.71157740495e-10, 8.31179916561e-11, 5.86739190567e-09, 3.92407245586e-10, 1.41128761455e-10, 1.45035992105e-08, 2.9102462662e-09, 8.97996876859e-09, 1.05606465794e-08, 7.00654201324e-09, 2.8726860819e-06, 1.02746462005e-07, 1.6323105001e-06, 2.67338748472e-07, 4.22107007125e-07, 7.54829017069e-08, 1.19435497936e-07, 2.0562783476e-08, 7.93737131577e-10, 2.33044694653e-11], [5.94720339937e-15, 1.98143931818e-12, 1.1316064405e-11, 1.97498996324e-11, 5.38004196748e-10, 1.38253533621e-10, 6.06873301612e-11, 1.41676323451e-10, 3.72240516189e-10, 1.05885034074e-09, 8.76233044456e-11, 1.35490244024e-10, 2.66524935455e-09, 5.22745680076e-10, 1.80359172042e-09, 2.46606202126e-09, 5.53255929958e-09, 5.0690732678e-07, 2.34063985971e-08, 2.67338748472e-07, 7.05200022821e-08, 8.21189871658e-08, 1.93876577015e-08, 2.28159535709e-08, 4.24883195294e-09, 1.5103185369e-10, 4.63822556751e-12], [9.23458104283e-15, 3.24307139303e-12, 1.59256583615e-11, 2.88907456986e-11, 8.09886990805e-10, 2.13121048587e-10, 7.07196246008e-11, 2.19887830166e-10, 2.34805286325e-10, 1.65603819546e-09, 1.33363153854e-10, 9.34576444012e-11, 4.06696454291e-09, 7.91416154833e-10, 2.7873741093e-09, 3.42872108483e-09, 7.24436421962e-09, 8.16935880721e-07, 3.26507603177e-08, 4.22107007125e-07, 8.21189871658e-08, 1.35620112474e-07, 2.67799382669e-08, 3.55982372469e-08, 6.34548769085e-09, 2.28508281741e-10, 6.84390478317e-12], [1.8057522708e-15, 6.44309258724e-13, 3.73049985e-12, 7.59541995271e-12, 1.59445540104e-10, 3.98373105337e-11, 2.05811877957e-11, 4.57097727724e-11, 1.68343144979e-10, 3.18734538762e-10, 3.16290986457e-11, 4.44187117643e-11, 7.6247741454e-10, 1.58733221012e-10, 6.0246574396e-10, 7.80548847779e-10, 5.64981927909e-09, 1.48710157077e-07, 7.50563966534e-09, 7.54829017069e-08, 1.93876577015e-08, 2.67799382669e-08, 1.27613466461e-08, 6.96634794295e-09, 1.45177314614e-09, 4.72818485753e-11, 1.49141604015e-12], [2.63443848442e-15, 9.8421260291e-13, 4.90305062176e-12, 8.11208045182e-12, 2.62920046845e-10, 6.42675287987e-11, 1.8668582305e-11, 6.02703095764e-11, 3.37166301823e-11, 5.09905062618e-10, 3.60081964246e-11, 1.12507416578e-11, 1.23388765871e-09, 2.30293742409e-10, 7.60283724865e-10, 9.76774328088e-10, 2.64874056022e-09, 2.36335438331e-07, 9.20784515301e-09, 1.19435497936e-07, 2.28159535709e-08, 3.55982372469e-08, 6.96634794295e-09, 1.28666277632e-08, 1.82700254925e-09, 6.65797694754e-11, 2.01275996738e-12], [4.61258991207e-16, 1.66378765149e-13, 9.1334578789e-13, 1.5433868376e-12, 4.13451495263e-11, 1.09388834796e-11, 3.87366484375e-12, 1.12756002452e-11, 1.58408512002e-11, 8.28449669976e-11, 6.79199535156e-12, 6.86871956881e-12, 2.08667902402e-10, 4.03839774121e-11, 1.45311263022e-10, 1.91773208424e-10, 4.49374870648e-10, 4.19871213353e-08, 1.73338654541e-09, 2.0562783476e-08, 4.24883195294e-09, 6.34548769085e-09, 1.45177314614e-09, 1.82700254925e-09, 3.41090988787e-10, 1.15679939586e-11, 3.54256988327e-13], [1.70630667865e-17, 6.46977105882e-15, 2.99555065269e-14, 5.53806302303e-14, 1.52146036655e-12, 4.12860284155e-13, 1.35183910507e-13, 3.90719954221e-13, 3.60906102096e-13, 3.1135493489e-12, 2.26285732773e-13, 1.35840584658e-13, 7.85440809614e-12, 1.52478572303e-12, 4.93676193675e-12, 6.1486865946e-12, 1.0287208585e-11, 1.57151225366e-09, 6.04126401682e-11, 7.93737131577e-10, 1.5103185369e-10, 2.28508281741e-10, 4.72818485753e-11, 6.65797694754e-11, 1.15679939586e-11, 4.547114909e-13, 1.29796982556e-14], [5.20275305395e-19, 1.93368979475e-16, 9.63044379655e-16, 1.60675289127e-15, 4.52717053569e-14, 1.24850030623e-14, 4.10056273062e-15, 1.19189267085e-14, 1.32125552361e-14, 9.28158307048e-14, 7.08210854056e-15, 5.75209698327e-15, 2.38607961514e-13, 4.50369891391e-14, 1.50400037476e-13, 1.94957087583e-13, 3.30947780031e-13, 4.82148730663e-11, 1.86425159164e-12, 2.33044694653e-11, 4.63822556751e-12, 6.84390478317e-12, 1.49141604015e-12, 2.01275996738e-12, 3.54256988327e-13, 1.29796982556e-14, 4.04969866684e-16]]
    },
    "mfcc": {
        "kurt": [-1.9114844799, -1.89538621902, -1.84495747089, -1.80115354061, -1.20766818523, -1.0841281414, 1.72421455383, 3.94237756729, -0.783681631088, -1.45099532604, 0.520388126373, 5.47648239136, -1.46032249928],
        "max": [-729.694396973, 14.5112571716, 2.38778686523, 49.3246841431, 20.2490234375, 16.3077449799, 19.0034370422, 21.6473941803, 13.5497570038, 12.4357843399, 3.32806777954, 11.2195014954, 21.8962726593],
        "mean": [-926.416687012, -46.9071350098, -28.6401004791, 20.0786933899, -16.2054042816, -7.66547298431, -4.41342592239, -0.108974508941, -4.91245031357, -7.84848117828, -6.50537395477, -2.47825741768, -12.6557703018],
        "median": [-805.566772461, -72.9133605957, -38.9133453369, 27.5385913849, -21.1052322388, -6.19999980927, -1.78836917877, -5.34057617188e-05, -0.901935577393, -5.57008457184, -4.99856948853, -3.0517578125e-05, -4.68275260925],
        "min": [-1138.42004395, -103.381538391, -64.5968475342, 8.01086425781e-05, -56.4922180176, -27.5648822784, -28.4121112823, -15.4891052246, -19.8738117218, -25.2914562225, -34.8036766052, -30.863286972, -43.2828025818],
        "skew": [-0.190001666546, 0.15199175477, 0.0847199037671, -0.0738505125046, -0.166528955102, -0.0773937180638, -0.642621934414, 0.601181030273, -0.328226536512, -0.200709655881, -0.973089337349, -1.86136770248, -0.206427931786],
        "var": [35599.4101562, 1812.39819336, 679.102416992, 328.560089111, 241.226882935, 81.3768768311, 46.9165306091, 23.4284591675, 42.8012008667, 73.668182373, 52.8020782471, 25.3798904419, 214.439163208],
        "cov": [[35720.0859375, -7960.97705078, -4784.32910156, 3267.76660156, -2667.57641602, -1356.07592773, -753.563293457, -41.4499816895, -863.307189941, -1351.23010254, -1012.61315918, -376.530975342, -2317.05200195], [-7960.97705078, 1818.54199219, 1083.08276367, -714.138671875, 595.630310059, 302.04296875, 170.85017395, 9.85047149658, 188.828781128, 295.677032471, 222.699737549, 83.0719070435, 514.250061035], [-4784.32910156, 1083.08276367, 681.404418945, -432.698577881, 352.030853271, 174.753005981, 85.4563064575, -1.12071323395, 120.658592224, 191.014160156, 131.843505859, 43.4658241272, 306.468688965], [3267.76660156, -714.138671875, -432.698577881, 329.673858643, -234.993011475, -130.559341431, -67.2528915405, -5.58935213089, -85.6249237061, -127.595176697, -89.5058364868, -37.2830047607, -223.164962769], [-2667.57641602, 595.630310059, 352.030853271, -234.993011475, 242.04460144, 102.835540771, 58.9714927673, 6.737388134, 54.7531700134, 90.9535140991, 80.8140258789, 30.0029964447, 154.499755859], [-1356.07592773, 302.04296875, 174.753005981, -130.559341431, 102.835540771, 81.6527252197, 41.5162734985, 5.98558759689, 39.6266365051, 52.4112434387, 29.8851833344, 16.205286026, 111.184120178], [-753.563293457, 170.85017395, 85.4563064575, -67.2528915405, 58.9714927673, 41.5162734985, 47.0755691528, 7.67932605743, 13.103562355, 19.3882980347, 25.0511131287, 15.4539194107, 49.2218208313], [-41.4499816895, 9.85047149658, -1.12071323395, -5.58935213089, 6.737388134, 5.98558759689, 7.67932605743, 23.5078773499, 6.55225515366, 0.755962312222, 0.519081473351, 7.41884374619, 4.805727005], [-863.307189941, 188.828781128, 120.658592224, -85.6249237061, 54.7531700134, 39.6266365051, 13.103562355, 6.55225515366, 42.9462890625, 45.1819534302, 21.7249622345, 6.39693975449, 74.6098861694], [-1351.23010254, 295.677032471, 191.014160156, -127.595176697, 90.9535140991, 52.4112434387, 19.3882980347, 0.755962312222, 45.1819534302, 73.9179000854, 39.186504364, 11.5807609558, 100.166824341], [-1012.61315918, 222.699737549, 131.843505859, -89.5058364868, 80.8140258789, 29.8851833344, 25.0511131287, 0.519081473351, 21.7249622345, 39.186504364, 52.9810676575, 20.7128295898, 53.9892234802], [-376.530975342, 83.0719070435, 43.4658241272, -37.2830047607, 30.0029964447, 16.205286026, 15.4539194107, 7.41884374619, 6.39693975449, 11.5807609558, 20.7128295898, 25.4659252167, 23.3209877014], [-2317.05200195, 514.250061035, 306.468688965, -223.164962769, 154.499755859, 111.184120178, 49.2218208313, 4.805727005, 74.6098861694, 100.166824341, 53.9892234802, 23.3209877014, 215.16607666]]
    },
    "sccoeffs": {
        "kurt": [-0.474273443222, -1.23127996922, -1.05686843395, -1.63553154469, -1.81981360912, -1.68741548061],
        "max": [-0.536522448063, -0.725541949272, -0.670065402985, -0.700404047966, -0.645004332066, -0.716152191162],
        "mean": [-0.729963004589, -0.856591045856, -0.855967640877, -0.840097784996, -0.79119437933, -0.806891679764],
        "median": [-0.72434014082, -0.856316924095, -0.850459218025, -0.815710067749, -0.780626654625, -0.779879391193],
        "min": [-0.949351489544, -0.951891899109, -0.95624178648, -0.959521710873, -0.957142293453, -0.960501670837],
        "skew": [0.151501312852, 0.169997215271, 0.215638712049, 0.00215310091153, -0.0125042684376, -0.219455361366],
        "var": [0.00469385460019, 0.00287982262671, 0.00333105796017, 0.00494801625609, 0.0110920825973, 0.0041639925912],
        "cov": [[0.00470976578072, 0.00280510354787, 0.00274667167105, 0.00393903814256, 0.00578301399946, 0.00353486952372], [0.00280510354787, 0.00288958474994, 0.00244155409746, 0.00320562464185, 0.00492736138403, 0.00293885660358], [0.00274667167105, 0.00244155409746, 0.00334234954789, 0.00333059858531, 0.0052276593633, 0.00329404394142], [0.00393903814256, 0.00320562464185, 0.00333059858531, 0.00496478937566, 0.00677517848089, 0.00410705991089], [0.00578301399946, 0.00492736138403, 0.0052276593633, 0.00677517848089, 0.0111296828836, 0.00643544923514], [0.00353486952372, 0.00293885660358, 0.00329404394142, 0.00410705991089, 0.00643544923514, 0.00417810771614]]
    },
    "scvalleys": {
        "kurt": [13.249622345, 17.2434368134, 9.5335521698, 5.96706867218, 1.31664562225, -0.654268741608],
        "max": [-9.51101779938, -8.38451290131, -7.89913988113, -7.9044880867, -6.74618959427, -7.56002855301],
        "mean": [-11.9383239746, -10.5881710052, -10.44465065, -10.3436422348, -9.7234172821, -10.9438304901],
        "median": [-11.2254943848, -9.46989059448, -8.97341251373, -8.70824813843, -7.42258453369, -8.12024021149],
        "min": [-27.6148319244, -27.3610248566, -27.400800705, -27.331949234, -27.2387580872, -27.2268791199],
        "skew": [-1.98743915558, -2.36418604851, -1.66730582714, -1.31838834286, -0.786643564701, -0.507713735104],
        "var": [3.63587450981, 3.69791030884, 4.86836576462, 5.87424373627, 9.63339710236, 13.090303421],
        "cov": [[3.64819955826, 3.5470533371, 4.07894659042, 4.46763896942, 5.65136766434, 6.46858263016], [3.5470533371, 3.71044540405, 4.18402290344, 4.57240962982, 5.78384017944, 6.62327480316], [4.07894659042, 4.18402290344, 4.88486862183, 5.31149053574, 6.74912261963, 7.76877832413], [4.46763896942, 4.57240962982, 5.31149053574, 5.89415645599, 7.47599124908, 8.63820838928], [5.65136766434, 5.78384017944, 6.74912261963, 7.47599124908, 9.6660528183, 11.2152643204], [6.46858263016, 6.62327480316, 7.76877832413, 8.63820838928, 11.2152643204, 13.1346769333]]
    }
},
"rhythm": {
    "beats_loudness": {
        "kurt": -1.76619803905,
        "max": 0.0100275147706,
        "mean": 0.00466108461842,
        "median": 0.00558760249987,
        "min": 7.94911070301e-09,
        "skew": -0.0440640226007,
        "var": 1.79123071575e-05
    },
    "bpm": 65.4605331421,
    "confidence": 3.22451090813,
    "first_peak_bpm": {
        "kurt": 0,
        "max": 65,
        "mean": 65,
        "median": 65,
        "min": 65,
        "skew": 0,
        "var": 0
    },
    "first_peak_spread": {
        "kurt": 0,
        "max": 0.16666662693,
        "mean": 0.16666662693,
        "median": 0.16666662693,
        "min": 0.16666662693,
        "skew": 0,
        "var": 0
    },
    "first_peak_weight": {
        "kurt": 0,
        "max": 0.83333337307,
        "mean": 0.83333337307,
        "median": 0.83333337307,
        "min": 0.83333337307,
        "skew": 0,
        "var": 0
    },
    "onset_rate": 0.145987808704,
    "second_peak_bpm": {
        "kurt": 0,
        "max": 0,
        "mean": 0,
        "median": 0,
        "min": 0,
        "skew": 0,
        "var": 0
    },
    "second_peak_spread": {
        "kurt": 0,
        "max": 0,
        "mean": 0,
        "median": 0,
        "min": 0,
        "skew": 0,
        "var": 0
    },
    "second_peak_weight": {
        "kurt": 0,
        "max": 0,
        "mean": 0,
        "median": 0,
        "min": 0,
        "skew": 0,
        "var": 0
    },
    "beats_loudness_band_ratio": {
        "kurt": [-0.958073377609, -1.36480176449, -1.52450144291, -1.55030560493, -1.21326756477, -1.36797976494],
        "max": [0.154883086681, 0.0841729193926, 0.107621133327, 0.110011674464, 0.601363897324, 0.731557011604],
        "mean": [0.0463233292103, 0.0281848013401, 0.0394305922091, 0.0424433685839, 0.353892236948, 0.499999254942],
        "median": [5.5097265431e-05, 0.00169697322417, 0.00209851609543, 0.0089814523235, 0.280510336161, 0.437770068645],
        "min": [3.21698680636e-05, 0.000405511411373, 0.000275822036201, 0.00341740180738, 0.112718582153, 0.291541457176],
        "skew": [0.76734995842, 0.586578071117, 0.534721374512, 0.504461824894, 0.242995619774, 0.253037124872],
        "var": [0.00343105313368, 0.00111471943092, 0.00220938096754, 0.00201544119045, 0.0269251279533, 0.0226954277605],
        "cov": [[0.00400289520621, 0.00226901401766, 0.00312793650664, 0.00300698843785, -0.00620662793517, -0.0054000238888], [0.00226901401766, 0.00130050594453, 0.00181419437286, 0.00174025038723, -0.0038299926091, -0.00283264298923], [0.00312793650664, 0.00181419437286, 0.00257761101238, 0.00245820824057, -0.00543047813699, -0.00389398448169], [0.00300698843785, 0.00174025038723, 0.00245820824057, 0.00235134805553, -0.0054092942737, -0.00352440285496], [-0.00620662793517, -0.0038299926091, -0.00543047813699, -0.0054092942737, 0.0314126498997, -0.0118672614917], [-0.0054000238888, -0.00283264298923, -0.00389398448169, -0.00352440285496, -0.0118672614917, 0.0264779999852]]
    },
    "beats_position": [0.917188167572, 1.84598636627, 2.7863945961, 3.7151927948, 4.6439909935, 5.54956912994, 6.420317173],
    "bpm_estimates": [64.599609375, 63.8020782471, 64.599609375, 64.599609375, 66.2560195923, 68.9062728882],
    "bpm_intervals": [0.9287981987, 0.940408229828, 0.9287981987, 0.9287981987, 0.905578136444, 0.87074804306],
    "onset_times": [0.719818592072],
    "histogram": [[0, 0, 0, 0, 0, 0, 0, 0, 0, 0, 0, 0, 0, 0, 0, 0, 0, 0, 0, 0, 0, 0, 0, 0, 0, 0, 0, 0, 0, 0, 0, 0, 0, 0, 0, 0, 0, 0, 0, 0, 0, 0, 0, 0, 0, 0, 0, 0, 0, 0, 0, 0, 0, 0, 0, 0, 0, 0, 0, 0, 0, 0, 0, 0, 0.166666671634, 0.5, 0.166666671634, 0, 0, 0.166666671634, 0, 0, 0, 0, 0, 0, 0, 0, 0, 0, 0, 0, 0, 0, 0, 0, 0, 0, 0, 0, 0, 0, 0, 0, 0, 0, 0, 0, 0, 0, 0, 0, 0, 0, 0, 0, 0, 0, 0, 0, 0, 0, 0, 0, 0, 0, 0, 0, 0, 0, 0, 0, 0, 0, 0, 0, 0, 0, 0, 0, 0, 0, 0, 0, 0, 0, 0, 0, 0, 0, 0, 0, 0, 0, 0, 0, 0, 0, 0, 0, 0, 0, 0, 0, 0, 0, 0, 0, 0, 0, 0, 0, 0, 0, 0, 0, 0, 0, 0, 0, 0, 0, 0, 0, 0, 0, 0, 0, 0, 0, 0, 0, 0, 0, 0, 0, 0, 0, 0, 0, 0, 0, 0, 0, 0, 0, 0, 0, 0, 0, 0, 0, 0, 0, 0, 0, 0, 0, 0, 0, 0, 0, 0, 0, 0, 0, 0, 0, 0, 0, 0, 0, 0, 0, 0, 0, 0, 0, 0, 0, 0, 0, 0, 0, 0, 0, 0, 0, 0, 0, 0, 0, 0, 0, 0, 0, 0, 0, 0, 0]]
},
"sfx": {
    "inharmonicity": {
        "kurt": 0.292716026306,
        "max": 0.404267460108,
        "mean": 0.0839538797736,
        "median": 0.0278370045125,
        "min": 0,
        "skew": 1.16691219807,
        "var": 0.0113803176209
    },
    "oddtoevenharmonicenergyratio": {
        "kurt": 18.585357666,
        "max": 259.638305664,
        "mean": 10.8172826767,
        "median": 1.30672323704,
        "min": 0,
        "skew": 4.0404009819,
        "var": 1034.24414062
    },
    "pitch_after_max_to_before_max_energy_ratio": 1.74898684025,
    "pitch_centroid": 158.319061279,
    "pitch_max_to_total": 0.577702701092,
    "pitch_min_to_total": 0.0912162140012,
    "tristimulus": {
        "kurt": [0.384577989578, -1.34206843376, -1.69481861591],
        "max": [1, 0.972136378288, 0.966711759567],
        "mean": [0.227194011211, 0.382742315531, 0.390063643456],
        "median": [0.0403559282422, 0.21088911593, 0.38054227829],
        "min": [0, 0, 0],
        "skew": [1.51188111305, 0.560863316059, 0.187831521034],
        "var": [0.141835436225, 0.140380471945, 0.148876994848],
        "cov": [[0.142316237092, -0.0668953582644, -0.0754208639264], [-0.0668953582644, 0.140856340528, -0.073960930109], [-0.0754208639264, -0.073960930109, 0.149381652474]]
    }
},
"tonal": {
    "chords_changes_rate": 0.0268456377089,
    "chords_number_rate": 0.0268456377089,
    "chords_strength": {
        "kurt": -1.6959002018,
        "max": 0.615743219852,
        "mean": 0.440078169107,
        "median": 0.494427472353,
        "min": 0.257861346006,
        "skew": -0.192766457796,
        "var": 0.0169237330556
    },
    "key_strength": 0.711235404015,
    "tuning_diatonic_strength": 0.450725138187,
    "tuning_equal_tempered_deviation": 0.147032007575,
    "tuning_frequency": 443.316436768,
    "tuning_nontempered_energy_ratio": 0.753119826317,
    "hpcp": {
        "kurt": [7.50546455383, 5.49647331238, 6.6681022644, 0.589409351349, 0.784482717514, 5.67023086548, 2.77660703659, 5.33100318909, 1.51092576981, -0.247912406921, -1.7676025629, -1.26166129112, 4.80516624451, 5.86998081207, 7.35129642487, 6.13496017456, 2.3354344368, 9.1688337326, 20.6195850372, 54.691783905, 26.983795166, 2.5765838623, 7.46803188324, -1.14569199085, -1.81510078907, -1.39219486713, 5.32813739777, 0.973333358765, 22.9607925415, 19.436548233, 8.76408863068, 8.31188869476, 1.28587770462, 1.65749406815, 8.13052082062, 9.21289253235],
        "max": [0.817599236965, 0.679373443127, 1, 1, 1, 1, 1, 1, 0.988992094994, 1, 1, 1, 1, 1, 1, 1, 0.858886122704, 1, 1, 1, 0.485522866249, 0.330743134022, 0.624123215675, 1, 1, 0.694758355618, 0.834541261196, 0.629020452499, 0.628067553043, 0.455737054348, 0.471379697323, 0.98470133543, 1, 1, 1, 0.804876327515],
        "mean": [0.0883353874087, 0.0809674412012, 0.125817209482, 0.228251844645, 0.196113705635, 0.152662500739, 0.192168325186, 0.149228394032, 0.224076315761, 0.421986550093, 0.54059034586, 0.366963028908, 0.139536857605, 0.118538156152, 0.103703424335, 0.109620526433, 0.141343533993, 0.116183489561, 0.063366279006, 0.0336846522987, 0.0230895970017, 0.0471849776804, 0.0678808763623, 0.266041100025, 0.425885647535, 0.223096579313, 0.0963078662753, 0.0993766635656, 0.0458825826645, 0.025273328647, 0.0440240390599, 0.100598163903, 0.165802404284, 0.175789833069, 0.1109630391, 0.0794399902225],
        "median": [0.0136937387288, 0.0169338118285, 0.0509843043983, 0.112435989082, 0.120613612235, 0.0952836200595, 0.138911858201, 0.0743779167533, 0.157389178872, 0.365513771772, 0.314514160156, 0.298497051001, 0.0317296050489, 0.017779679969, 0.0139556452632, 0.020178347826, 0.0272406041622, 0.0250584818423, 0.00839047133923, 0.00215420569293, 0.00141486246139, 0.00193111249246, 0.0231459066272, 0.118167050183, 0.108465008438, 0.175005912781, 0.0136930048466, 0.0155025748536, 0.0112116895616, 0.00410611089319, 0.00445896107703, 0.0162134636194, 0.0480440743268, 0.0384097062051, 0.0150241339579, 0.0110073247924],
