{
"metadata": {
    "version": {
        "essentia": "2.1-beta3"
    }
},
"lowLevel": {
    "average_loudness": 0.981398046017,
    "barkbands_kurtosis": {
        "kurt": 113.852386475,
        "max": 92.3763046265,
        "mean": 0.578437805176,
        "median": -0.825525760651,
        "min": -1.5858361721,
        "skew": 9.42617988586,
        "var": 44.4061279297
    },
    "barkbands_skewness": {
        "kurt": 22.6218357086,
        "max": 8.64702892303,
        "mean": 0.353998154402,
        "median": 0.21099178493,
        "min": -3.49059343338,
        "skew": 3.28467869759,
        "var": 0.893418550491
    },
    "barkbands_spread": {
        "kurt": 0.72537446022,
        "max": 33.9454460144,
        "mean": 19.5269031525,
        "median": 20.8186416626,
        "min": 1.12142801285,
        "skew": -1.01386511326,
        "var": 42.6694793701
    },
    "dissonance": {
        "kurt": 10.1096200943,
        "max": 0.5,
        "mean": 0.466566830873,
        "median": 0.472101897001,
        "min": 0.289230525494,
        "skew": -2.69088411331,
        "var": 0.000909519265406
    },
    "hfc": {
        "kurt": 89.8399505615,
        "max": 33.364276886,
        "mean": 2.98825073242,
        "median": 2.95125412941,
        "min": 0.000510165526066,
        "skew": 7.09268665314,
        "var": 5.35081863403
    },
    "pitch": {
        "kurt": 9.41190910339,
        "max": 3355.00756836,
        "mean": 576.967956543,
        "median": 477.333374023,
        "min": 93.7868881226,
        "skew": 2.15401887894,
        "var": 174292.484375
    },
    "pitch_instantaneous_confidence": {
        "kurt": 2.86413669586,
        "max": 0.939530134201,
        "mean": 0.464305311441,
        "median": 0.434980213642,
        "min": 0.262669086456,
        "skew": 1.58555161953,
        "var": 0.0138921681792
    },
    "pitch_salience": {
        "kurt": 3.1908659935,
        "max": 0.824244558811,
        "mean": 0.534404933453,
        "median": 0.539227068424,
        "min": 0.154946640134,
        "skew": -0.358543336391,
        "var": 0.00589507492259
    },
    "silence_rate_20dB": {
        "kurt": 0,
        "max": 1,
        "mean": 1,
        "median": 1,
        "min": 1,
        "skew": 0,
        "var": 0
    },
    "silence_rate_30dB": {
        "kurt": 0,
        "max": 1,
        "mean": 1,
        "median": 1,
        "min": 1,
        "skew": 0,
        "var": 0
    },
    "silence_rate_60dB": {
        "kurt": 0.399209499359,
        "max": 1,
        "mean": 0.806153833866,
        "median": 1,
        "min": 0,
        "skew": -1.54893887043,
        "var": 0.156269267201
    },
    "spectral_centroid": {
        "kurt": 0.80520606041,
        "max": 1857.77355957,
        "mean": 1182.81860352,
        "median": 1197.79406738,
        "min": 383.406860352,
        "skew": -0.702040016651,
        "var": 77269.4375
    },
    "spectral_complexity": {
        "kurt": 0.0876886844635,
        "max": 21,
        "mean": 8.40923118591,
        "median": 9,
        "min": 0,
        "skew": -0.446197986603,
        "var": 15.1340665817
    },
    "spectral_crest": {
        "kurt": 4.16454029083,
        "max": 25.1561450958,
        "mean": 9.69534015656,
        "median": 8.90786933899,
        "min": 4.29208755493,
        "skew": 1.9001442194,
        "var": 12.9777450562
    },
    "spectral_decrease": {
        "kurt": 96.7988891602,
        "max": -2.08384579124e-13,
        "mean": -5.73367131551e-10,
        "median": -5.55023582649e-10,
        "min": -6.66981803121e-09,
        "skew": -7.59231090546,
        "var": 2.07864025586e-19
    },
    "spectral_energy": {
        "kurt": 97.5050582886,
        "max": 0.0281996838748,
        "mean": 0.00243506277911,
        "median": 0.00235946290195,
        "min": 8.32766488656e-07,
        "skew": 7.6075334549,
        "var": 3.69808253708e-06
    },
    "spectral_energyband_high": {
        "kurt": 241.795288086,
        "max": 0.000322297826642,
        "mean": 8.25090410217e-06,
        "median": 6.51867003398e-06,
        "min": 7.56803064661e-09,
        "skew": 14.706319809,
        "var": 3.49927892218e-10
    },
    "spectral_energyband_low": {
        "kurt": 1.70939874649,
        "max": 0.000628481269814,
        "mean": 0.000115756265586,
        "median": 8.54275713209e-05,
        "min": 3.8064477792e-08,
        "skew": 1.20527923107,
        "var": 1.0176828269e-08
    },
    "spectral_energyband_middle_high": {
        "kurt": 83.3644332886,
        "max": 0.0154643980786,
        "mean": 0.00144461554009,
        "median": 0.00151759700384,
        "min": 8.35414226685e-08,
        "skew": 7.01412248611,
        "var": 1.21818243315e-06
    },
    "spectral_energyband_middle_low": {
        "kurt": 74.5398406982,
        "max": 0.0132494308054,
        "mean": 0.000896257697605,
        "median": 0.00067921995651,
        "min": 7.10250048996e-07,
        "skew": 6.85175848007,
        "var": 9.89823320197e-07
    },
    "spectral_flatness_db": {
        "kurt": 5.41253185272,
        "max": 0.376254528761,
        "mean": 0.227663248777,
        "median": 0.221720859408,
        "min": 0.123158454895,
        "skew": 1.66778707504,
        "var": 0.000937560223974
    },
    "spectral_flux": {
        "kurt": 25.2300052643,
        "max": 0.140597507358,
        "mean": 0.027732796967,
        "median": 0.0274067632854,
        "min": 0.00135519145988,
        "skew": 3.20144176483,
        "var": 0.000161231233506
    },
    "spectral_kurtosis": {
        "kurt": 7.46792793274,
        "max": 43.1677093506,
        "mean": 11.0562820435,
        "median": 9.68909740448,
        "min": 0.756529092789,
        "skew": 2.26698088646,
        "var": 35.3038482666
    },
    "spectral_rms": {
        "kurt": 8.62091827393,
        "max": 0.00524517754093,
        "mean": 0.00145020289347,
        "median": 0.00151720631402,
        "min": 2.85035985144e-05,
        "skew": 0.530182898045,
        "var": 2.72582326488e-07
    },
    "spectral_rolloff": {
        "kurt": 0.705460786819,
        "max": 3229.98046875,
        "mean": 2309.15576172,
        "median": 2390.18554688,
        "min": 387.59765625,
        "skew": -1.15326786041,
        "var": 477975.34375
    },
    "spectral_skewness": {
        "kurt": 4.54500484467,
        "max": 5.26114225388,
        "mean": 2.22688007355,
        "median": 2.06660556793,
        "min": 1.05674004555,
        "skew": 1.94123578072,
        "var": 0.419162780046
    },
    "spectral_spread": {
        "kurt": 277.260040283,
        "max": 24421316,
        "mean": 2515970.5,
        "median": 2471919.75,
        "min": 1471134,
        "skew": 16.1563835144,
        "var": 1.59019001446e+12
    },
    "spectral_strongpeak": {
        "kurt": 0.536064624786,
        "max": 2.93367600441,
        "mean": 0.770069181919,
        "median": 0.932033777237,
        "min": 0.00255863391794,
        "skew": 0.051876604557,
        "var": 0.185317844152
    },
    "zerocrossingrate": {
        "kurt": 2.73564004898,
        "max": 0.09326171875,
        "mean": 0.0659930855036,
        "median": 0.0693359375,
        "min": 0.00830078125,
        "skew": -1.56674015522,
        "var": 0.000208988436498
    },
    "barkbands": {
        "kurt": [45.569606781, 5.12323284149, 0.30589056015, 9.74794387817, 2.35715723038, 3.02045249939, 24.1421775818, 3.24669551849, 306.952667236, 303.218841553, 81.472618103, 269.614044189, 197.799957275, 74.8727340698, 126.682388306, 2.94058704376, 1.87371397018, 19.2094459534, 10.3492937088, 205.516067505, 42.4768447876, 237.390487671, 287.102264404, 235.547653198, 188.518661499, 77.3728790283, 19.6499958038],
        "max": [3.59543328443e-08, 0.00041993605555, 0.000163167307619, 0.000577806669753, 0.000333736796165, 0.000852088385727, 0.00628314027563, 0.000111279194243, 0.00975203514099, 0.00345586007461, 0.0070433607325, 0.00207052193582, 0.00852062925696, 0.000115156108222, 0.000173501844984, 0.000626750523224, 0.000578677165322, 0.00228614523076, 0.000684275990352, 0.000335318502039, 4.62466778117e-05, 0.000126136146719, 3.86183382943e-05, 4.26373117079e-06, 1.27018176954e-06, 2.31676522411e-09, 1.17226495178e-09],
        "mean": [1.5555210453e-09, 5.19961395185e-05, 3.80732817575e-05, 7.96451568021e-05, 6.32282026345e-05, 0.000159239076311, 0.000485274649691, 2.02652900043e-05, 7.62062700232e-05, 2.68926960416e-05, 0.000623364525381, 4.41060037701e-05, 0.000154607711011, 7.24667552277e-06, 6.23144660494e-06, 0.00012998006423, 0.000116506904305, 0.000238803826505, 9.56305084401e-05, 1.17733425213e-05, 2.9812399589e-06, 2.58514819507e-06, 2.47683033194e-07, 1.10822405475e-07, 6.53865512845e-08, 8.7212417843e-11, 8.17540271592e-11],
        "median": [6.66963650975e-10, 3.25840119331e-05, 2.82336095552e-05, 5.65886548429e-05, 4.45710902568e-05, 0.000117976982438, 0.000287944159936, 1.64361990755e-05, 3.15922334266e-05, 1.12719426397e-05, 0.0006936150603, 3.00023584714e-05, 7.72099083406e-05, 5.61923388886e-06, 3.91355024476e-06, 0.000128992149257, 0.000100755460153, 0.000190208214917, 7.21611504559e-05, 8.98538564797e-06, 1.96176392819e-06, 1.82681912975e-06, 9.81948673484e-08, 9.93473747712e-08, 6.22382572146e-08, 3.1234379666e-11, 3.1804066325e-11],
        "min": [3.96132692621e-12, 2.18296261068e-08, 1.29879289545e-08, 3.94896559897e-09, 5.66437776683e-08, 1.91904234725e-07, 3.35977347277e-07, 2.34026629187e-08, 8.63232259007e-08, 2.23980372027e-08, 1.91696543084e-08, 8.89915807711e-10, 1.95403657699e-08, 3.46739170709e-09, 2.61703458904e-09, 3.5083917993e-09, 1.15134624057e-09, 9.40416722273e-09, 6.78838807389e-09, 2.00025085384e-09, 1.24487053998e-09, 2.14885909067e-09, 4.15747242188e-10, 1.48664650035e-10, 6.24661641857e-11, 2.01641410817e-13, 8.5444982185e-15],
        "skew": [6.07228088379, 1.78616285324, 0.985606431961, 2.43574643135, 1.4641699791, 1.70790791512, 3.85176730156, 1.63330304623, 17.4249343872, 17.2759990692, 6.28775262833, 15.8445243835, 13.1607561111, 6.88234043121, 9.76666736603, 0.804387509823, 1.07146203518, 2.90167045593, 2.68869137764, 13.0750179291, 5.32747745514, 14.6867666245, 16.726140976, 14.7231798172, 12.1236505508, 7.27390670776, 3.54915618896],
        "var": [1.18862032449e-17, 3.30571459095e-09, 1.25822685604e-09, 6.50347953268e-09, 3.23732329832e-09, 2.25098855111e-08, 4.04452094926e-07, 3.2199498623e-10, 2.95006600481e-07, 3.72752708699e-08, 2.49611531444e-07, 1.379761283e-08, 2.76709329228e-07, 7.4893369284e-11, 1.37986774784e-10, 7.36966754289e-09, 8.88150086809e-09, 5.24256016377e-08, 9.74606262361e-09, 4.02609251493e-10, 1.6781380105e-11, 5.47953731e-11, 4.80189195698e-12, 6.23890452104e-14, 5.82070241683e-15, 3.18971087023e-20, 1.65049496354e-20],
        "cov": [[1.19228895323e-17, 2.98909761688e-14, 2.14663072779e-15, -2.03456602423e-14, -9.09898546753e-15, -3.75543780101e-14, -5.00945042826e-14, 5.2918184327e-15, 1.39364058759e-14, 5.08764495241e-15, -9.32124352476e-15, -8.81534769718e-16, -3.87034459657e-14, -1.2130554714e-15, -2.22110694671e-15, -2.11247433595e-15, -1.72962891161e-14, 3.32998196075e-14, -2.42184295554e-15, -6.22943816553e-16, -5.00025253983e-16, 1.721719535e-16, -3.03823736776e-17, 5.72584346177e-18, 3.2494983863e-19, -1.94161455622e-20, -1.8037513362e-20], [2.98909761688e-14, 3.3159173185e-09, 1.79494485941e-09, 8.53242865251e-10, 5.94253701802e-10, 1.60757684942e-09, 4.16389633884e-09, 1.86624604659e-10, -8.26871293658e-10, -3.61127239223e-10, 6.52951737123e-09, -1.38198952282e-10, -2.21755125374e-09, 1.00322935723e-11, -5.41332187409e-11, 1.17912657416e-09, 1.1600763683e-09, 2.32029395697e-09, 1.09829423334e-09, 3.60101913566e-11, 1.03407759786e-11, -1.84500331679e-12, -3.47063697226e-12, 5.57648979077e-13, 5.05152397776e-13, 9.76407065552e-16, 1.32089229471e-15], [2.14663072779e-15, 1.79494485941e-09, 1.26211019413e-09, 6.37109698332e-10, 3.64486080207e-10, 1.14216003322e-09, 3.57749607716e-09, 1.36203853751e-10, -1.95959568017e-10, -1.37259481559e-10, 4.91714402528e-09, -7.26972093634e-11, -1.47815815144e-09, 8.50521215956e-12, -3.06183169096e-11, 8.23511925319e-10, 9.86517756374e-10, 1.67760461078e-09, 7.37214234103e-10, 3.52609469401e-11, 1.10479767695e-11, 6.71819674544e-12, -5.44812079565e-13, 6.19853344e-13, 4.19162561648e-13, 5.84649880524e-16, 6.8734283156e-16], [-2.03456602423e-14, 8.53242865251e-10, 6.37109698332e-10, 6.52355236497e-09, 2.88412072003e-09, 2.34618502404e-09, 9.0710443601e-09, 3.04266251083e-10, 8.05468247655e-10, 2.76540873534e-10, 8.00017119218e-09, 2.91651730544e-10, 1.11623987831e-09, 5.90041904225e-11, 6.14156711598e-11, 1.41291300881e-09, 8.45746916944e-10, 3.76947850711e-09, 1.19008236599e-09, 1.42805003933e-10, 2.91382161455e-11, 2.2955862905e-11, 2.46777576672e-12, 1.16155641963e-12, 6.51088287017e-13, 7.48484581369e-16, 7.61447044198e-16], [-9.09898546753e-15, 5.94253701802e-10, 3.64486080207e-10, 2.88412072003e-09, 3.2473150835e-09, 1.42075529119e-09, 6.88550283456e-09, 1.99213923135e-10, 4.55006560207e-10, 1.7328356805e-10, 7.14885706188e-09, 1.87878768099e-10, -1.02531350077e-09, 1.6807884945e-11, 3.50598300392e-11, 1.38689437712e-09, 1.21406718012e-09, 3.09581826841e-09, 1.15926068744e-09, 1.21004151143e-10, 2.87195406345e-11, 1.48091278823e-11, 1.41895989316e-12, 1.01066626856e-12, 5.90195860933e-13, 8.66558856634e-16, 9.10071680288e-16], [-3.75543780101e-14, 1.60757684942e-09, 1.14216003322e-09, 2.34618502404e-09, 1.42075529119e-09, 2.25793606035e-08, 1.85672921482e-09, 5.66987568007e-10, 9.56096979365e-09, 3.56669538348e-09, 2.14006483645e-08, 2.1506438852e-09, -4.57117277364e-09, 9.18635653657e-12, 1.09762254841e-10, 2.88831136785e-09, 1.7475758618e-09, 4.01453403853e-09, 1.59517210552e-09, 3.19967052853e-10, 4.23126186866e-11, 1.23500196181e-10, 3.48846333764e-11, 4.95723948002e-12, 2.38360698367e-12, 1.59048488237e-15, -2.97793146741e-16], [-5.00945042826e-14, 4.16389633884e-09, 3.57749607716e-09, 9.0710443601e-09, 6.88550283456e-09, 1.85672921482e-09, 4.05700376405e-07, 3.85502829658e-09, 6.11756112434e-09, 1.74435166311e-09, 6.85682763901e-08, 1.70563629887e-09, -5.16055242983e-09, 1.01655461826e-10, 2.13093126478e-10, 1.08785176423e-08, 1.42383278501e-08, 5.62326931686e-08, 1.06174820047e-08, 1.79302950265e-09, 9.93056747944e-11, 2.49452875023e-10, 1.87963186682e-11, 1.22572429637e-11, 9.27510412224e-12, 1.29952836618e-14, 1.35380750799e-14], [5.2918184327e-15, 1.86624604659e-10, 1.36203853751e-10, 3.04266251083e-10, 1.99213923135e-10, 5.66987568007e-10, 3.85502829658e-09, 3.2298880237e-10, 2.67501065743e-09, 9.02759034194e-10, 4.07042266559e-09, 6.2060184769e-10, -4.78019346328e-10, 4.43031071898e-12, 4.74757906599e-11, 3.40665551324e-10, 3.14723136441e-10, 2.09012984698e-09, 7.41819605743e-10, 1.15879597584e-10, 1.64303935041e-11, 3.76321265816e-11, 1.04439573309e-11, 1.47488607698e-12, 5.34864199372e-13, 9.37522218163e-16, 3.5718746758e-16], [1.39364058759e-14, -8.26871293658e-10, -1.95959568017e-10, 8.05468247655e-10, 4.55006560207e-10, 9.56096979365e-09, 6.11756112434e-09, 2.67501065743e-09, 2.95917089943e-07, 1.0449796406e-07, 1.94281255972e-07, 6.10257231415e-08, -4.1002610196e-09, 3.12899955945e-10, 5.04448127714e-09, 1.53497872191e-08, 8.29011526093e-09, 6.3243895454e-08, 1.46971901316e-08, 9.90246462607e-09, 1.32291799737e-09, 3.81162879037e-09, 1.18341747513e-09, 1.30083416261e-10, 3.65241274725e-11, 7.02318045842e-14, -5.87527157147e-18], [5.08764495241e-15, -3.61127239223e-10, -1.37259481559e-10, 2.76540873534e-10, 1.7328356805e-10, 3.56669538348e-09, 1.74435166311e-09, 9.02759034194e-10, 1.0449796406e-07, 3.7390318397e-08, 6.84541703322e-08, 2.16166196054e-08, -1.35734901097e-09, 1.04391238709e-10, 1.78791059735e-09, 5.57821966396e-09, 2.9010971403e-09, 2.23840856961e-08, 4.94320318012e-09, 3.50422557638e-09, 4.72585082179e-10, 1.34495981019e-09, 4.1700076725e-10, 4.57486097616e-11, 1.29224833958e-11, 2.4478747344e-14, -2.51617992655e-16], [-9.32124352476e-15, 6.52951737123e-09, 4.91714402528e-09, 8.00017119218e-09, 7.14885706188e-09, 2.14006483645e-08, 6.85682763901e-08, 4.07042266559e-09, 1.94281255972e-07, 6.84541703322e-08, 2.503819303e-07, 4.39127312291e-08, -3.12150802984e-08, 4.38703136318e-11, 2.85956658352e-09, 2.30654038091e-08, 2.17849915884e-08, 8.05261706205e-08, 2.2088519458e-08, 7.34149807613e-09, 1.18993981335e-09, 2.71367550653e-09, 7.74248498647e-10, 9.50025891289e-11, 3.22554621901e-11, 5.29820904217e-14, 8.65040444196e-15], [-8.81534769718e-16, -1.38198952282e-10, -7.26972093634e-11, 2.91651730544e-10, 1.87878768099e-10, 2.1506438852e-09, 1.70563629887e-09, 6.2060184769e-10, 6.10257231415e-08, 2.16166196054e-08, 4.39127312291e-08, 1.38401974326e-08, -6.39507835576e-10, 6.91620927196e-11, 1.02824504467e-09, 3.09635606044e-09, 1.67462743672e-09, 1.37435867131e-08, 3.129791315e-09, 2.06184025409e-09, 2.75283712492e-10, 7.88034359989e-10, 2.41738934426e-10, 2.6364759334e-11, 7.68566026793e-12, 1.4001195426e-14, -2.54354861987e-16], [-3.87034459657e-14, -2.21755125374e-09, -1.47815815144e-09, 1.11623987831e-09, -1.02531350077e-09, -4.57117277364e-09, -5.16055242983e-09, -4.78019346328e-10, -4.1002610196e-09, -1.35734901097e-09, -3.12150802984e-08, -6.39507835576e-10, 2.77563373174e-07, 2.52703791226e-09, 5.34393806984e-10, -6.13917183756e-09, -5.82262549287e-09, -7.502213073e-09, -2.50914422573e-09, -2.71450001366e-10, -1.19765045103e-10, -9.69041027976e-11, -9.18728461363e-12, 7.2272477716e-13, 1.65169440625e-12, -3.11705054095e-15, -2.49441822077e-15], [-1.2130554714e-15, 1.00322935723e-11, 8.50521215956e-12, 5.90041904225e-11, 1.6807884945e-11, 9.18635653657e-12, 1.01655461826e-10, 4.43031071898e-12, 3.12899955945e-10, 1.04391238709e-10, 4.38703136318e-11, 6.91620927196e-11, 2.52703791226e-09, 7.51245177177e-11, 2.84555348035e-11, 1.31522735411e-11, 5.42354008926e-12, 1.13211683084e-10, 4.62745883278e-11, 1.64710554224e-11, 2.51306961352e-12, 4.42615215313e-12, 1.3449073669e-12, 2.0763425701e-13, 8.42555327807e-14, 1.07443661052e-16, 3.35732956824e-17], [-2.22110694671e-15, -5.41332187409e-11, -3.06183169096e-11, 6.14156711598e-11, 3.50598300392e-11, 1.09762254841e-10, 2.13093126478e-10, 4.74757906599e-11, 5.04448127714e-09, 1.78791059735e-09, 2.85956658352e-09, 1.02824504467e-09, 5.34393806984e-10, 2.84555348035e-11, 1.38412656336e-10, 3.27267518641e-10, 1.09878287025e-10, 1.00349928367e-09, 2.32752830898e-10, 1.85479354098e-10, 2.19444878935e-11, 6.34007013556e-11, 2.01066004124e-11, 2.18687914999e-12, 6.31041172008e-13, 1.12628456925e-15, -6.57915305551e-17], [-2.11247433595e-15, 1.17912657416e-09, 8.23511925319e-10, 1.41291300881e-09, 1.38689437712e-09, 2.88831136785e-09, 1.08785176423e-08, 3.40665551324e-10, 1.53497872191e-08, 5.57821966396e-09, 2.30654038091e-08, 3.09635606044e-09, -6.13917183756e-09, 1.31522735411e-11, 3.27267518641e-10, 7.39241379222e-09, 4.84343631868e-09, 7.84533327192e-09, 2.45893394535e-09, 6.83559486792e-10, 1.40747635768e-10, 2.34644248476e-10, 6.19530815538e-11, 8.79719994767e-12, 3.40894153184e-12, 4.69791408195e-15, 1.29879521682e-15], [-1.72962891161e-14, 1.1600763683e-09, 9.86517756374e-10, 8.45746916944e-10, 1.21406718012e-09, 1.7475758618e-09, 1.42383278501e-08, 3.14723136441e-10, 8.29011526093e-09, 2.9010971403e-09, 2.17849915884e-08, 1.67462743672e-09, -5.82262549287e-09, 5.42354008926e-12, 1.09878287025e-10, 4.84343631868e-09, 8.90891271865e-09, 7.41161709783e-09, 2.664858334e-09, 4.54801751815e-10, 1.82849263508e-10, 1.79058809446e-10, 3.57957934127e-11, 6.5246224222e-12, 3.07762040679e-12, 3.45843298254e-15, 1.61183000676e-15], [3.32998196075e-14, 2.32029395697e-09, 1.67760461078e-09, 3.76947850711e-09, 3.09581826841e-09, 4.01453403853e-09, 5.62326931686e-08, 2.09012984698e-09, 6.3243895454e-08, 2.23840856961e-08, 8.05261706205e-08, 1.37435867131e-08, -7.502213073e-09, 1.13211683084e-10, 1.00349928367e-09, 7.84533327192e-09, 7.41161709783e-09, 5.25874099822e-08, 1.34892692571e-08, 2.99023916739e-09, 3.97931076979e-10, 9.0466545366e-10, 2.5886143229e-10, 3.46004717933e-11, 1.23043979519e-11, 1.96643306564e-14, 5.07375954131e-15], [-2.42184295554e-15, 1.09829423334e-09, 7.37214234103e-10, 1.19008236599e-09, 1.15926068744e-09, 1.59517210552e-09, 1.06174820047e-08, 7.41819605743e-10, 1.46971901316e-08, 4.94320318012e-09, 2.2088519458e-08, 3.129791315e-09, -2.50914422573e-09, 4.62745883278e-11, 2.32752830898e-10, 2.45893394535e-09, 2.664858334e-09, 1.34892692571e-08, 9.77614345032e-09, 8.05183864028e-10, 1.0653156135e-10, 2.44346570755e-10, 6.67227106899e-11, 1.02740836672e-11, 3.30405342842e-12, 5.76342139026e-15, 1.9299616057e-15], [-6.22943816553e-16, 3.60101913566e-11, 3.52609469401e-11, 1.42805003933e-10, 1.21004151143e-10, 3.19967052853e-10, 1.79302950265e-09, 1.15879597584e-10, 9.90246462607e-09, 3.50422557638e-09, 7.34149807613e-09, 2.06184025409e-09, -2.71450001366e-10, 1.64710554224e-11, 1.85479354098e-10, 6.83559486792e-10, 4.54801751815e-10, 2.99023916739e-09, 8.05183864028e-10, 4.03851868613e-10, 5.12141891396e-11, 1.38145384021e-10, 4.00038786819e-11, 4.57684931621e-12, 1.35065819206e-12, 2.45546105794e-15, 1.11163545206e-16], [-5.00025253983e-16, 1.03407759786e-11, 1.10479767695e-11, 2.91382161455e-11, 2.87195406345e-11, 4.23126186866e-11, 9.93056747944e-11, 1.64303935041e-11, 1.32291799737e-09, 4.72585082179e-10, 1.18993981335e-09, 2.75283712492e-10, -1.19765045103e-10, 2.51306961352e-12, 2.19444878935e-11, 1.40747635768e-10, 1.82849263508e-10, 3.97931076979e-10, 1.0653156135e-10, 5.12141891396e-11, 1.68331737438e-11, 2.17926857116e-11, 5.392548387e-12, 6.50288308444e-13, 2.04640408894e-13, 3.37586331087e-16, 2.53944663121e-17], [1.721719535e-16, -1.84500331679e-12, 6.71819674544e-12, 2.2955862905e-11, 1.48091278823e-11, 1.23500196181e-10, 2.49452875023e-10, 3.76321265816e-11, 3.81162879037e-09, 1.34495981019e-09, 2.71367550653e-09, 7.88034359989e-10, -9.69041027976e-11, 4.42615215313e-12, 6.34007013556e-11, 2.34644248476e-10, 1.79058809446e-10, 9.0466545366e-10, 2.44346570755e-10, 1.38145384021e-10, 2.17926857116e-11, 5.49644947612e-11, 1.54582284473e-11, 1.75160298592e-12, 4.95490801167e-13, 9.25912043434e-16, 1.38131626681e-17], [-3.03823736776e-17, -3.47063697226e-12, -5.44812079565e-13, 2.46777576672e-12, 1.41895989316e-12, 3.48846333764e-11, 1.87963186682e-11, 1.04439573309e-11, 1.18341747513e-09, 4.1700076725e-10, 7.74248498647e-10, 2.41738934426e-10, -9.18728461363e-12, 1.3449073669e-12, 2.01066004124e-11, 6.19530815538e-11, 3.57957934127e-11, 2.5886143229e-10, 6.67227106899e-11, 4.00038786819e-11, 5.392548387e-12, 1.54582284473e-11, 4.816712567e-12, 5.36624347389e-13, 1.46575080632e-13, 2.8701671713e-16, -2.75233207738e-19], [5.72584346177e-18, 5.57648979077e-13, 6.19853344e-13, 1.16155641963e-12, 1.01066626856e-12, 4.95723948002e-12, 1.22572429637e-11, 1.47488607698e-12, 1.30083416261e-10, 4.57486097616e-11, 9.50025891289e-11, 2.6364759334e-11, 7.2272477716e-13, 2.0763425701e-13, 2.18687914999e-12, 8.79719994767e-12, 6.5246224222e-12, 3.46004717933e-11, 1.02740836672e-11, 4.57684931621e-12, 6.50288308444e-13, 1.75160298592e-12, 5.36624347389e-13, 6.25816062925e-14, 1.73410802184e-14, 3.32629540602e-17, 1.31674487315e-18], [3.2494983863e-19, 5.05152397776e-13, 4.19162561648e-13, 6.51088287017e-13, 5.90195860933e-13, 2.38360698367e-12, 9.27510412224e-12, 5.34864199372e-13, 3.65241274725e-11, 1.29224833958e-11, 3.22554621901e-11, 7.68566026793e-12, 1.65169440625e-12, 8.42555327807e-14, 6.31041172008e-13, 3.40894153184e-12, 3.07762040679e-12, 1.23043979519e-11, 3.30405342842e-12, 1.35065819206e-12, 2.04640408894e-13, 4.95490801167e-13, 1.46575080632e-13, 1.73410802184e-14, 5.83866756213e-15, 9.08841867858e-18, 5.58109150746e-19], [-1.94161455622e-20, 9.76407065552e-16, 5.84649880524e-16, 7.48484581369e-16, 8.66558856634e-16, 1.59048488237e-15, 1.29952836618e-14, 9.37522218163e-16, 7.02318045842e-14, 2.4478747344e-14, 5.29820904217e-14, 1.4001195426e-14, -3.11705054095e-15, 1.07443661052e-16, 1.12628456925e-15, 4.69791408195e-15, 3.45843298254e-15, 1.96643306564e-14, 5.76342139026e-15, 2.45546105794e-15, 3.37586331087e-16, 9.25912043434e-16, 2.8701671713e-16, 3.32629540602e-17, 9.08841867858e-18, 3.19955593511e-20, 1.56314113656e-20], [-1.8037513362e-20, 1.32089229471e-15, 6.8734283156e-16, 7.61447044198e-16, 9.10071680288e-16, -2.97793146741e-16, 1.35380750799e-14, 3.5718746758e-16, -5.87527157147e-18, -2.51617992655e-16, 8.65040444196e-15, -2.54354861987e-16, -2.49441822077e-15, 3.35732956824e-17, -6.57915305551e-17, 1.29879521682e-15, 1.61183000676e-15, 5.07375954131e-15, 1.9299616057e-15, 1.11163545206e-16, 2.53944663121e-17, 1.38131626681e-17, -2.75233207738e-19, 1.31674487315e-18, 5.58109150746e-19, 1.56314113656e-20, 1.65558907133e-20]]
    },
    "mfcc": {
        "kurt": [5.54074573517, 11.3405122757, 7.63714408875, 1.88790273666, 7.80696487427, 2.33208608627, -0.0690512657166, 0.768503904343, 1.00800180435, 0.272343158722, 0.211854696274, 1.7070069313, 0.274712324142],
        "max": [-636.880004883, 192.872467041, 51.2623634338, 57.2759399414, 18.325012207, 18.5025787354, 27.8482894897, 45.6180267334, 15.422290802, 0.780567169189, 27.0695152283, 26.4049930573, 29.8856925964],
        "mean": [-802.148254395, 163.452041626, -58.6178588867, 29.0826263428, -6.31529808044, -22.7540607452, 4.49667978287, 14.4741001129, -13.6070623398, -31.2511291504, 4.99097776413, 8.31668758392, 12.8008880615],
        "median": [-781.588562012, 165.616333008, -64.6892700195, 34.6259422302, -5.41606140137, -23.6117515564, 5.10621261597, 18.2772006989, -12.4737052917, -33.7163009644, 5.08533096313, 9.36671257019, 13.632522583],
        "min": [-1097.70605469, 48.7697868347, -82.9765090942, -36.1604385376, -79.0281829834, -46.4553184509, -25.3612976074, -31.6137695312, -48.3741531372, -54.8750724792, -13.5459842682, -22.2075500488, -9.73846054077],
        "skew": [-2.30811262131, -2.55262732506, 2.798787117, -1.61237168312, -1.59159314632, 0.865533530712, -0.203861147165, -1.09724545479, -0.726893663406, 0.81342291832, 0.160029679537, -0.956604778767, -0.494048893452],
        "var": [3915.64770508, 260.4765625, 614.544616699, 347.13104248, 112.209136963, 78.2249298096, 86.9322509766, 179.263397217, 101.407798767, 127.807357788, 53.9406852722, 59.6677360535, 50.0754699707],
        "cov": [[3927.73291016, 621.984008789, -1372.06335449, 889.83190918, 139.545501709, -56.8583030701, 118.181785583, 533.485412598, 266.302032471, -397.034423828, 3.53746724129, 74.6620101929, 124.914253235], [621.984008789, 261.280517578, -188.096420288, 105.282707214, 46.2889289856, -20.258184433, 33.9886169434, 70.0262985229, 33.0388412476, -58.3837966919, 15.2536706924, 21.417137146, 24.9198150635], [-1372.06335449, -188.096420288, 616.441345215, -280.72064209, -89.51512146, 1.93588936329, -56.5189781189, -149.824050903, -68.4648590088, 138.516494751, -0.639873921871, -13.6708850861, -38.9585800171], [889.83190918, 105.282707214, -280.72064209, 348.202423096, 84.5220184326, -0.887095987797, 26.6572780609, 147.180130005, 105.412322998, -124.17515564, -24.1265716553, 26.0208129883, 46.2628364563], [139.545501709, 46.2889289856, -89.51512146, 84.5220184326, 112.555458069, 42.1272163391, 24.7253665924, 3.53990459442, 11.0268373489, -22.7534351349, -13.4331493378, 4.98754024506, 15.3592290878], [-56.8583030701, -20.258184433, 1.93588936329, -0.887095987797, 42.1272163391, 78.4663619995, 32.8170318604, -25.7351379395, -12.9281234741, 1.96666538715, 3.88907527924, 0.37586042285, -10.8395223618], [118.181785583, 33.9886169434, -56.5189781189, 26.6572780609, 24.7253665924, 32.8170318604, 87.2005615234, 47.1310348511, -14.963300705, -16.4529876709, 8.11721801758, 7.75199508667, 4.59088039398], [533.485412598, 70.0262985229, -149.824050903, 147.180130005, 3.53990459442, -25.7351379395, 47.1310348511, 179.816680908, 77.2443618774, -84.3516082764, -13.3192520142, 28.6422367096, 29.0898017883], [266.302032471, 33.0388412476, -68.4648590088, 105.412322998, 11.0268373489, -12.9281234741, -14.963300705, 77.2443618774, 101.720787048, -27.2129421234, -17.7829551697, 9.93121242523, 13.5687303543], [-397.034423828, -58.3837966919, 138.516494751, -124.17515564, -22.7534351349, 1.96666538715, -16.4529876709, -84.3516082764, -27.2129421234, 128.201828003, 24.3795185089, -32.1478767395, -17.6713371277], [3.53746724129, 15.2536706924, -0.639873921871, -24.1265716553, -13.4331493378, 3.88907527924, 8.11721801758, -13.3192520142, -17.7829551697, 24.3795185089, 54.107170105, 21.4056568146, 0.758207559586], [74.6620101929, 21.417137146, -13.6708850861, 26.0208129883, 4.98754024506, 0.37586042285, 7.75199508667, 28.6422367096, 9.93121242523, -32.1478767395, 21.4056568146, 59.8518943787, 29.7745113373], [124.914253235, 24.9198150635, -38.9585800171, 46.2628364563, 15.3592290878, -10.8395223618, 4.59088039398, 29.0898017883, 13.5687303543, -17.6713371277, 0.758207559586, 29.7745113373, 50.2300224304]]
    },
    "sccoeffs": {
        "kurt": [0.754952192307, -0.00488710403442, 0.341974973679, 2.48327255249, 2.34194993973, 3.97884178162],
        "max": [-0.45641413331, -0.524046957493, -0.578617274761, -0.531356275082, -0.576729416847, -0.672811031342],
        "mean": [-0.654542922974, -0.708153665066, -0.716106891632, -0.713618099689, -0.664960443974, -0.780576944351],
        "median": [-0.653815984726, -0.712524056435, -0.704189836979, -0.714087605476, -0.64792072773, -0.779279589653],
        "min": [-0.904083430767, -0.865121543407, -0.898970603943, -0.88736218214, -0.881146371365, -0.931727349758],
        "skew": [-0.368601977825, 0.270316809416, -0.888801634312, 0.429829716682, -1.59119427204, -0.563071012497],
        "var": [0.00396661553532, 0.00334413978271, 0.00379712390713, 0.00206379173324, 0.00295988772996, 0.000673865142744],
        "cov": [[0.00397885823622, 0.000160436131409, 0.00129243300762, 0.000571299402509, 0.00166682875715, 0.000537629995961], [0.000160436131409, 0.00335446116515, 6.57539349049e-05, 0.000336541357683, 0.000377787218895, 0.000192990832147], [0.00129243300762, 6.57539349049e-05, 0.00380884343758, 0.00031555708847, 0.00232596392743, 0.000657011172734], [0.000571299402509, 0.000336541357683, 0.00031555708847, 0.00207016151398, 0.000571455340832, 3.73970869987e-05], [0.00166682875715, 0.000377787218895, 0.00232596392743, 0.000571455340832, 0.00296902307309, 0.000832761521451], [0.000537629995961, 0.000192990832147, 0.000657011172734, 3.73970869987e-05, 0.000832761521451, 0.000675945018884]]
    },
    "scvalleys": {
        "kurt": [1.54833173752, 3.67004203796, 8.79074859619, 7.94492721558, 4.81754207611, 5.02488803864],
        "max": [-6.87628936768, -5.68218135834, -4.19480419159, -7.02262306213, -6.67072725296, -9.32241439819],
        "mean": [-7.91279315948, -6.82896947861, -7.2312335968, -8.51099205017, -8.97977161407, -11.5177907944],
        "median": [-7.76730823517, -6.68555498123, -7.09822130203, -8.35023784637, -8.71807670593, -11.2874116898],
        "min": [-10.3230810165, -9.54517555237, -10.8375492096, -11.7464857101, -12.3996133804, -14.3490333557],
        "skew": [-1.29888164997, -1.65436255932, -1.99743556976, -2.63887405396, -2.15282416344, -2.12130379677],
        "var": [0.483974695206, 0.386637359858, 0.416536867619, 0.494614362717, 0.671360492706, 0.476153373718],
        "cov": [[0.485468447208, 0.27684956789, 0.272883981466, 0.325949221849, 0.429677933455, 0.36251693964], [0.27684956789, 0.387830674648, 0.297182738781, 0.316258728504, 0.383758485317, 0.328536003828], [0.272883981466, 0.297182738781, 0.417822480202, 0.374501943588, 0.432113230228, 0.361673027277], [0.325949221849, 0.316258728504, 0.374501943588, 0.496140927076, 0.505740702152, 0.420341581106], [0.429677933455, 0.383758485317, 0.432113230228, 0.505740702152, 0.673432588577, 0.545167148113], [0.36251693964, 0.328536003828, 0.361673027277, 0.420341581106, 0.545167148113, 0.47762298584]]
    }
},
"rhythm": {
    "beats_loudness": {
        "kurt": 0.8830037117,
        "max": 0.00371851399541,
        "mean": 0.00264815380797,
        "median": 0.002808684716,
        "min": 0.000491239246912,
        "skew": -1.04976010323,
        "var": 6.69275436849e-07
    },
    "bpm": 132.063659668,
    "confidence": 2.84536242485,
    "first_peak_bpm": {
        "kurt": 0,
        "max": 133,
        "mean": 133,
        "median": 133,
        "min": 133,
        "skew": 0,
        "var": 0
    },
    "first_peak_spread": {
        "kurt": 0,
        "max": 0.428571462631,
        "mean": 0.428571462631,
        "median": 0.428571462631,
        "min": 0.428571462631,
        "skew": 0,
        "var": 0
    },
    "first_peak_weight": {
        "kurt": 0,
        "max": 0.285714298487,
        "mean": 0.285714298487,
        "median": 0.285714298487,
        "min": 0.285714298487,
        "skew": 0,
        "var": 0
    },
    "onset_rate": 1.86271309853,
    "second_peak_bpm": {
        "kurt": 0,
        "max": 123,
        "mean": 123,
        "median": 123,
        "min": 123,
        "skew": 0,
        "var": 0
    },
    "second_peak_spread": {
        "kurt": 0,
        "max": 0.5,
        "mean": 0.5,
        "median": 0.5,
        "min": 0.5,
        "skew": 0,
        "var": 0
    },
    "second_peak_weight": {
        "kurt": 0,
        "max": 0.142857149243,
        "mean": 0.142857149243,
        "median": 0.142857149243,
        "min": 0.142857149243,
        "skew": 0,
        "var": 0
    },
    "beats_loudness_band_ratio": {
        "kurt": [-0.0319306850433, 0.35241317749, 3.76550006866, 2.37421560287, 0.22908449173, -0.372700452805],
        "max": [0.223254933953, 0.245061382651, 0.623081147671, 0.640861570835, 0.336849421263, 0.0650979503989],
        "mean": [0.096495822072, 0.127871826291, 0.211465314031, 0.361558377743, 0.199308142066, 0.0291084516793],
        "median": [0.0978017300367, 0.120183296502, 0.189600169659, 0.340964198112, 0.223730325699, 0.0242484807968],
        "min": [0.0107985530049, 0.0555526278913, 0.0367081426084, 0.212469473481, 0.00799688324332, 0.00286141317338],
        "skew": [0.640872478485, 0.979750812054, 1.76382255554, 1.4001313448, -0.647532820702, 0.437133133411],
        "var": [0.0030158997979, 0.00248129875399, 0.0173031296581, 0.00917503703386, 0.00759016675875, 0.000255883729551],
        "cov": [[0.00323132122867, 0.000403547572205, -0.00264900596812, -0.00152331427671, 0.00130935641937, 2.07047141885e-05], [0.000403547572205, 0.00265853432938, -0.000625882588793, 0.000859233143274, -0.00254402239807, -0.000457607937278], [-0.00264900596812, -0.000625882588793, 0.0185390673578, -0.00839952286333, -0.00643460126594, -0.00109355477616], [-0.00152331427671, 0.000859233143274, -0.00839952286333, 0.00983039755374, -0.00122707162518, 9.6712159575e-05], [0.00130935641937, -0.00254402239807, -0.00643460126594, -0.00122707162518, 0.00813232176006, 0.00112954154611], [2.07047141885e-05, -0.000457607937278, -0.00109355477616, 9.6712159575e-05, 0.00112954154611, 0.000274161138805]]
    },
    "beats_position": [0.452789098024, 0.882358253002, 1.33514738083, 1.79954648018, 2.2523355484, 2.70512461662, 3.14630389214, 3.59909296036, 4.08671188354, 4.55111122131, 5.02712011337, 5.50312900543, 5.99074840546, 6.52480697632, 7.04725599289],
    "bpm_estimates": [132.512008667, 129.19921875, 132.512039185, 132.512039185, 135.999130249, 132.512039185, 129.199157715],
    "bpm_intervals": [0.429569154978, 0.452789127827, 0.46439909935, 0.452789068222, 0.452789068222, 0.441179275513, 0.452789068222, 0.487618923187, 0.464399337769, 0.476008892059, 0.476008892059, 0.487619400024, 0.534058570862, 0.522449016571],
    "onset_times": [0.0232199542224, 0.127709746361, 0.290249437094, 0.371519267559, 0.592108845711, 2.21750569344, 2.26394557953, 2.67029476166, 3.13469386101, 3.58748292923, 5.21287965775, 6.00235843658, 6.54802703857, 7.07047605515],
    "histogram": [[0, 0, 0, 0, 0, 0, 0, 0, 0, 0, 0, 0, 0, 0, 0, 0, 0, 0, 0, 0, 0, 0, 0, 0, 0, 0, 0, 0, 0, 0, 0, 0, 0, 0, 0, 0, 0, 0, 0, 0, 0, 0, 0, 0, 0, 0, 0, 0, 0, 0, 0, 0, 0, 0, 0, 0, 0, 0, 0, 0, 0, 0, 0, 0, 0, 0, 0, 0, 0, 0, 0, 0, 0, 0, 0, 0, 0, 0, 0, 0, 0, 0, 0, 0, 0, 0, 0, 0, 0, 0, 0, 0, 0, 0, 0, 0, 0, 0, 0, 0, 0, 0, 0, 0, 0, 0, 0, 0, 0, 0, 0, 0, 0.0714285746217, 0, 0, 0.0714285746217, 0, 0, 0, 0, 0, 0, 0, 0.142857149243, 0, 0, 0.142857149243, 0, 0, 0.142857149243, 0, 0, 0, 0.285714298487, 0, 0, 0.0714285746217, 0, 0, 0, 0.0714285746217, 0, 0, 0, 0, 0, 0, 0, 0, 0, 0, 0, 0, 0, 0, 0, 0, 0, 0, 0, 0, 0, 0, 0, 0, 0, 0, 0, 0, 0, 0, 0, 0, 0, 0, 0, 0, 0, 0, 0, 0, 0, 0, 0, 0, 0, 0, 0, 0, 0, 0, 0, 0, 0, 0, 0, 0, 0, 0, 0, 0, 0, 0, 0, 0, 0, 0, 0, 0, 0, 0, 0, 0, 0, 0, 0, 0, 0, 0, 0, 0, 0, 0, 0, 0, 0, 0, 0, 0, 0, 0, 0, 0, 0, 0, 0, 0, 0, 0, 0, 0, 0, 0, 0, 0, 0, 0, 0, 0, 0]]
},
"sfx": {
    "inharmonicity": {
        "kurt": -0.357666730881,
        "max": 0.386714994907,
        "mean": 0.102933645248,
        "median": 0.0671731084585,
        "min": 0,
        "skew": 0.866583228111,
        "var": 0.0107265813276
    },
    "oddtoevenharmonicenergyratio": {
        "kurt": 49.5914115906,
        "max": 56.0732307434,
        "mean": 1.46664249897,
        "median": 0.185493156314,
        "min": 0,
        "skew": 6.59654331207,
        "var": 29.5428218842
    },
    "pitch_after_max_to_before_max_energy_ratio": 14.6440877914,
    "pitch_centroid": 168.482116699,
    "pitch_max_to_total": 0,
    "pitch_min_to_total": 0.769230782986,
    "tristimulus": {
        "kurt": [-1.09828937054, 1.54491949081, -1.1079056263],
        "max": [1, 0.953220665455, 0.837473213673],
        "mean": [0.37751698494, 0.329224228859, 0.293258607388],
        "median": [0.344091951847, 0.306367665529, 0.266547948122],
        "min": [0, 0, 0],
        "skew": [0.331957548857, 0.877407252789, 0.41914087534],
        "var": [0.0776715800166, 0.0235149301589, 0.0671973899007],
        "cov": [[0.0779113098979, -0.0170469991863, -0.0608643442392], [-0.0170469991863, 0.0235875062644, -0.00654050987214], [-0.0608643442392, -0.00654050987214, 0.0674047917128]]
    }
},
"tonal": {
    "chords_changes_rate": 0.0184049084783,
    "chords_number_rate": 0.0122699383646,
    "chords_strength": {
        "kurt": -0.51793718338,
        "max": 0.543077170849,
        "mean": 0.46882840991,
        "median": 0.466671973467,
        "min": 0.403837919235,
        "skew": 0.359550893307,
        "var": 0.000956602627411
    },
    "key_strength": 0.534610033035,
    "tuning_diatonic_strength": 0.366689771414,
    "tuning_equal_tempered_deviation": 0.0928759425879,
    "tuning_frequency": 438.477722168,
    "tuning_nontempered_energy_ratio": 0.686488747597,
    "hpcp": {
        "kurt": [1.15544843674, 0.121279478073, 1.02196264267, 2.10325574875, 5.14023399353, 11.545879364, 15.9173088074, 23.1715927124, 0.0815017223358, -0.192061424255, 0.784190654755, 18.0942401886, 21.7504959106, 21.1691417694, 2.87710857391, 0.975795507431, 6.9022359848, 47.2826194763, 17.5829753876, 32.3642921448, 28.7511043549, 28.5764904022, 9.20264148712, 5.95473861694, 5.44163990021, 3.89867448807, 1.53220319748, -0.535500049591, 0.796170711517, 4.0439324379, 4.01978063583, 6.29884433746, 5.69781017303, 9.22750663757, 10.1083974838, 3.43106460571],
        "max": [1, 1, 1, 1, 0.911241889, 0.53167116642, 0.407660037279, 0.48287025094, 1, 1, 1, 0.656826019287, 0.821585774422, 0.795825004578, 0.481247603893, 0.395603179932, 0.468003511429, 0.756260633469, 0.500673830509, 1, 1, 0.95264518261, 1, 1, 1, 1, 1, 1, 1, 0.879363059998, 0.563384175301, 0.520093679428, 0.483437001705, 0.44580245018, 0.639927625656, 1],
