{
"metadata": {
    "version": {
        "essentia": "2.1-beta3"
    }
},
"lowLevel": {
    "average_loudness": 0.96755617857,
    "barkbands_kurtosis": {
        "kurt": 14.9732437134,
        "max": 59.2491340637,
        "mean": 3.80666303635,
        "median": 1.08344221115,
        "min": -1.29409205914,
        "skew": 3.67959618568,
        "var": 72.0563812256
    },
    "barkbands_skewness": {
        "kurt": 3.71781587601,
        "max": 2.77939343452,
        "mean": 0.260331273079,
        "median": 0.237893298268,
        "min": -2.06362748146,
        "skew": 0.449772417545,
        "var": 0.388687729836
    },
    "barkbands_spread": {
        "kurt": -0.0372474193573,
        "max": 27.1854991913,
        "mean": 10.2421445847,
        "median": 10.602481842,
        "min": 0.428857266903,
        "skew": -0.00300761940889,
        "var": 25.6101398468
    },
    "dissonance": {
        "kurt": 3.76748991013,
        "max": 0.498792737722,
        "mean": 0.456919074059,
        "median": 0.470174878836,
        "min": 0.288426369429,
        "skew": -1.90489792824,
        "var": 0.0016075510066
    },
    "hfc": {
        "kurt": 4.20449733734,
        "max": 34.3126373291,
        "mean": 7.76902246475,
        "median": 8.39925289154,
        "min": 0.000441082374891,
        "skew": 1.09731864929,
        "var": 27.5316390991
    },
    "pitch": {
        "kurt": -1.251283288,
        "max": 1113.91491699,
        "mean": 596.066894531,
        "median": 475.588500977,
        "min": 93.6520233154,
        "skew": 0.249222680926,
        "var": 86221.3125
    },
    "pitch_instantaneous_confidence": {
        "kurt": 0.0298888683319,
        "max": 0.949870884418,
        "mean": 0.539154231548,
        "median": 0.538220107555,
        "min": 0.221445500851,
        "skew": 0.19751521945,
        "var": 0.0200896095484
    },
    "pitch_salience": {
        "kurt": 0.272827863693,
        "max": 0.814669907093,
        "mean": 0.584305047989,
        "median": 0.590335190296,
        "min": 0.25890186429,
        "skew": -0.249192669988,
        "var": 0.00835326500237
    },
    "silence_rate_20dB": {
        "kurt": 0,
        "max": 1,
        "mean": 1,
        "median": 1,
        "min": 1,
        "skew": 0,
        "var": 0
    },
    "silence_rate_30dB": {
        "kurt": 0,
        "max": 1,
        "mean": 1,
        "median": 1,
        "min": 1,
        "skew": 0,
        "var": 0
    },
    "silence_rate_60dB": {
        "kurt": -0.785621166229,
        "max": 1,
        "mean": 0.258706480265,
        "median": 0,
        "min": 0,
        "skew": 1.10198891163,
        "var": 0.191777303815
    },
    "spectral_centroid": {
        "kurt": 1.30532217026,
        "max": 1325.30480957,
        "mean": 927.35333252,
        "median": 946.155090332,
        "min": 437.976287842,
        "skew": -0.813011944294,
        "var": 19435.6328125
    },
    "spectral_complexity": {
        "kurt": -0.275451183319,
        "max": 21,
        "mean": 11.0746269226,
        "median": 12,
        "min": 0,
        "skew": -0.786987602711,
        "var": 23.1038913727
    },
    "spectral_crest": {
        "kurt": -0.503668308258,
        "max": 23.2473659515,
        "mean": 13.1095647812,
        "median": 13.2182683945,
        "min": 4.56817626953,
        "skew": 0.0308475326747,
        "var": 16.5473918915
    },
    "spectral_decrease": {
        "kurt": 4.14543819427,
        "max": -1.18087573682e-13,
        "mean": -1.98543292917e-09,
        "median": -2.04006278537e-09,
        "min": -9.24401977187e-09,
        "skew": -1.17387247086,
        "var": 1.88269471383e-18
    },
    "spectral_energy": {
        "kurt": 4.12345600128,
        "max": 0.0378226600587,
        "mean": 0.00819815415889,
        "median": 0.00846390984952,
        "min": 4.85693703922e-07,
        "skew": 1.16156423092,
        "var": 3.18838101521e-05
    },
    "spectral_energyband_high": {
        "kurt": 1.10547399521,
        "max": 2.89636900561e-05,
        "mean": 6.8440490395e-06,
        "median": 7.67416622693e-06,
        "min": 1.00906607514e-08,
        "skew": 0.363588124514,
        "var": 2.09813763585e-11
    },
    "spectral_energyband_low": {
        "kurt": 4.5172495842,
        "max": 0.00205558235757,
        "mean": 0.000338535726769,
        "median": 0.000253116479144,
        "min": 7.37140837259e-08,
        "skew": 1.8510042429,
        "var": 1.37165883984e-07
    },
    "spectral_energyband_middle_high": {
        "kurt": 7.89788913727,
        "max": 0.0321775563061,
        "mean": 0.00559640163556,
        "median": 0.00573403807357,
        "min": 1.27553107632e-07,
        "skew": 1.62045633793,
        "var": 1.71068932104e-05
    },
    "spectral_energyband_middle_low": {
        "kurt": 35.0091094971,
        "max": 0.0253114663064,
        "mean": 0.00252809422091,
        "median": 0.00222140201367,
        "min": 2.87827162992e-07,
        "skew": 4.28504753113,
        "var": 6.02287309448e-06
    },
    "spectral_flatness_db": {
        "kurt": 2.34527826309,
        "max": 0.412395209074,
        "mean": 0.246385067701,
        "median": 0.236058086157,
        "min": 0.123810127378,
        "skew": 1.35019147396,
        "var": 0.00180018239189
    },
    "spectral_flux": {
        "kurt": 2.73125171661,
        "max": 0.136088728905,
        "mean": 0.0472431518137,
        "median": 0.0487665049732,
        "min": 0.00173973548226,
        "skew": 0.52352553606,
        "var": 0.000430681247963
    },
    "spectral_kurtosis": {
        "kurt": 1.12704753876,
        "max": 43.5106887817,
        "mean": 16.1158390045,
        "median": 13.7954788208,
        "min": 4.612388134,
        "skew": 1.29652357101,
        "var": 67.7111740112
    },
    "spectral_rms": {
        "kurt": 0.144967794418,
        "max": 0.00607455009595,
        "mean": 0.00260329665616,
        "median": 0.00287358206697,
        "min": 2.17680390051e-05,
        "skew": -0.423585683107,
        "var": 1.22104654565e-06
    },
    "spectral_rolloff": {
        "kurt": 4.48791885376,
        "max": 2390.18554688,
        "mean": 1163.64990234,
        "median": 1055.12695312,
        "min": 689.0625,
        "skew": 2.39640903473,
        "var": 146180.375
    },
    "spectral_skewness": {
        "kurt": 0.524729728699,
        "max": 5.65989112854,
        "mean": 3.04485964775,
        "median": 2.77925825119,
        "min": 1.71333992481,
        "skew": 1.18231701851,
        "var": 0.688191950321
    },
    "spectral_spread": {
        "kurt": 9.73430538177,
        "max": 4729799.5,
        "mean": 2295560.75,
        "median": 2294193.75,
        "min": 1518148.5,
        "skew": 1.79772233963,
        "var": 134549127168
    },
    "spectral_strongpeak": {
        "kurt": -0.547698259354,
        "max": 4.76937389374,
        "mean": 1.54872620106,
        "median": 1.6164842844,
        "min": 0.000532405916601,
        "skew": 0.114677816629,
        "var": 0.902933478355
    },
    "zerocrossingrate": {
        "kurt": 2.01285171509,
        "max": 0.07421875,
        "mean": 0.0488548465073,
        "median": 0.0498046875,
        "min": 0.01953125,
        "skew": -0.690669536591,
        "var": 5.47964118596e-05
    },
    "barkbands": {
        "kurt": [4.70459890366, 7.46602249146, 2.95423650742, 10.2173728943, 3.55340719223, 1.45505857468, 5.70349311829, 37.3323249817, 102.486679077, 20.7880935669, 6.31056308746, 109.618011475, 21.0283699036, 5.01755237579, 7.61747169495, 0.648055553436, 1.15342760086, -0.651392221451, 0.836858987808, -0.00420570373535, 2.60259485245, 0.616391181946, 1.80858373642, 2.34074306488, 0.586755037308, 13.788526535, 13.7920246124],
        "max": [9.04793409973e-07, 0.000502371287439, 0.000476943241665, 0.00533023802564, 0.00140917836688, 0.000744696590118, 0.00267988722771, 0.00189209915698, 0.0190212931484, 0.00606531323865, 0.0247005559504, 0.00676322123036, 0.00073061499279, 5.1637445722e-05, 8.73120152391e-05, 0.0004200785188, 0.00162175425794, 0.000466505094664, 0.000336049095495, 0.00012134789722, 7.57518955652e-06, 8.17769523564e-06, 1.30995931613e-06, 1.64092898558e-06, 7.64790456742e-07, 2.55686005701e-09, 2.72151723379e-09],
        "mean": [1.39166104418e-07, 5.87139948038e-05, 7.83181458246e-05, 0.000575037382077, 0.000233230137383, 0.000155851099407, 0.000385064835427, 0.0001443807123, 0.000878179387655, 0.000534451450221, 0.00416591437533, 0.000215659980313, 5.27756565134e-05, 9.01666771824e-06, 1.56816840899e-05, 0.000108333719254, 0.0003399613488, 0.000139317460707, 7.26909129298e-05, 3.08779344778e-05, 1.55323459694e-06, 2.17520187107e-06, 3.0211270996e-07, 3.40781014074e-07, 1.94411455823e-07, 2.04779387891e-10, 2.15642045887e-10],
        "median": [8.24720771675e-08, 3.43338251696e-05, 6.00702660449e-05, 0.000268795760348, 0.000182106436114, 0.000134285568492, 0.000225872034207, 8.94837285159e-05, 0.000528621021658, 0.000296409853036, 0.00416979193687, 0.000101984223875, 2.69015290542e-05, 7.84482654126e-06, 1.42338139995e-05, 9.44945204537e-05, 0.000288253941108, 0.000138503193739, 6.87785141054e-05, 2.72449196927e-05, 1.52466566306e-06, 2.21446589421e-06, 2.98937294474e-07, 3.76411605885e-07, 2.03068537985e-07, 5.664782185e-11, 5.11636184808e-11],
        "min": [3.74422826077e-10, 2.73156608444e-08, 3.30707123908e-08, 1.56388324513e-08, 5.64041968687e-08, 1.2037993713e-07, 5.92117146425e-08, 4.41353220637e-09, 2.66967550289e-08, 1.14717071398e-08, 2.33865637966e-08, 1.37253337584e-08, 9.20520371039e-09, 3.40016859113e-09, 3.94118604419e-09, 3.46167206011e-09, 5.7410143306e-10, 2.26442082862e-08, 2.62674095808e-08, 1.68389675537e-08, 1.95747729137e-09, 1.91933446914e-09, 4.20031398551e-10, 9.24631204935e-11, 1.9238645399e-11, 1.347502974e-13, 1.2629169764e-14],
        "skew": [2.05201077461, 2.36747288704, 1.5432831049, 2.74350881577, 1.6119133234, 1.13161659241, 2.20667505264, 4.68261766434, 8.94431304932, 4.01999282837, 1.66335093975, 9.5185956955, 4.43287706375, 1.54105341434, 2.05559062958, 0.943946897984, 1.07264745235, 0.492005646229, 0.859323859215, 0.728098809719, 0.831257641315, 0.671343684196, 0.839664936066, 0.722468912601, 0.533223569393, 3.4955804348, 3.49425554276],
        "var": [2.85780039498e-14, 5.64666446934e-09, 6.63849508697e-09, 6.41102701593e-07, 5.62788393665e-08, 1.96232914362e-08, 2.22625729407e-07, 3.46238842042e-08, 2.26567203754e-06, 5.87077977343e-07, 1.21597449834e-05, 2.86199849597e-07, 1.09784741298e-08, 5.85283488341e-11, 1.9519338923e-10, 9.04551633596e-09, 9.92750486262e-08, 1.45153729036e-08, 3.95654975449e-09, 7.03768043842e-10, 1.26762337606e-12, 2.56697527817e-12, 4.52471515659e-14, 6.05872299488e-14, 1.84328413129e-14, 1.51555488995e-19, 1.7096308487e-19],
        "cov": [[2.87208950199e-14, 3.22178872122e-12, 3.73354645811e-12, 3.09780569252e-11, 1.44771963514e-11, 1.02906459395e-11, 1.10878198983e-11, 3.68651159946e-12, 2.01841928588e-11, 5.20781074514e-12, 1.30796803943e-10, -9.5460609903e-12, -2.67805395915e-12, 2.21149433401e-13, 3.90915761133e-13, 4.94204243501e-12, 1.3816527783e-11, 9.35313198419e-12, 4.57220069097e-12, 1.2081463217e-12, 5.26110527214e-14, 8.09424752159e-14, 9.9107488099e-15, 1.60077402451e-14, 7.10460700619e-15, 4.07838878118e-18, 4.37670981474e-18], [3.22178872122e-12, 5.67489788494e-09, 3.22682747189e-09, 1.47751890722e-08, 6.3816378848e-09, 4.42671188594e-09, 1.14573142085e-08, 3.35896199744e-09, 1.0357998903e-08, -9.09102654267e-11, 8.19898460236e-08, -4.13250589304e-09, -1.11799014491e-09, 1.34176753042e-10, 2.23408264111e-10, 2.32608177164e-09, 8.75589645233e-09, 3.3211895456e-09, 1.90163085279e-09, 7.89892096176e-10, 3.66831218179e-11, 5.41832446965e-11, 7.30941175642e-12, 7.94796260056e-12, 4.4945700807e-12, 4.43461092568e-15, 4.77413180061e-15], [3.73354645811e-12, 3.22682747189e-09, 6.67168764679e-09, 3.50304496521e-08, 1.04895399033e-08, 5.46604717044e-09, 1.52031560674e-08, 4.19289136744e-09, 1.29920234571e-08, -1.5015407806e-09, 1.03985151156e-07, -4.73672212564e-09, -1.48107293096e-09, 1.28668367627e-10, 2.53274901052e-10, 2.71301159316e-09, 9.59476853524e-09, 4.72782790695e-09, 2.69147815146e-09, 1.10846998247e-09, 4.53760952424e-11, 7.2261724382e-11, 7.03019847198e-12, 9.53709767409e-12, 5.53666704498e-12, 5.27231295799e-15, 5.63476343832e-15], [3.09780569252e-11, 1.47751890722e-08, 3.50304496521e-08, 6.44308215669e-07, 1.50764265072e-07, 4.85100741798e-08, 4.82174655758e-08, 3.07497778351e-08, 1.92099207652e-07, 2.99406899273e-08, 8.79447895841e-07, -3.79260747252e-08, -9.43152844712e-09, 1.04851016758e-09, 2.93602075985e-09, 2.56619383521e-08, 6.85257788291e-08, 4.4987885417e-08, 1.82311286068e-08, 7.86393528074e-09, 3.40516281838e-10, 4.94648821903e-10, 5.51964064732e-11, 8.59968346534e-11, 4.94276182483e-11, 7.29712582134e-14, 7.77528811734e-14], [1.44771963514e-11, 6.3816378848e-09, 1.04895399033e-08, 1.50764265072e-07, 5.65602356062e-08, 1.90332158923e-08, 2.90698292105e-08, 1.36424151975e-08, 6.62441479449e-08, 1.13277671687e-08, 3.0911857607e-07, -1.56449164734e-08, -4.30713820165e-09, 3.54573231887e-10, 1.1418891388e-09, 9.69201252587e-09, 3.28783755776e-08, 1.54116026607e-08, 7.78585462768e-09, 2.93260704609e-09, 1.40644593194e-10, 1.83264584064e-10, 2.35005643417e-11, 3.14055066675e-11, 1.75561579163e-11, 1.81532323489e-14, 1.93907051332e-14], [1.02906459395e-11, 4.42671188594e-09, 5.46604717044e-09, 4.85100741798e-08, 1.90332158923e-08, 1.97214085063e-08, 2.15489279753e-08, 7.80835129888e-09, 4.19049044353e-08, 4.88031037804e-09, 1.99634470732e-07, -1.0131110173e-08, -2.78898659722e-09, 2.67434602241e-10, 5.55530788038e-10, 6.30997698536e-09, 2.19795577294e-08, 9.09639474855e-09, 4.90516649521e-09, 1.81549575373e-09, 8.24044998904e-11, 1.26941332446e-10, 1.5082220195e-11, 2.00624031277e-11, 1.05516073309e-11, 1.03637267835e-14, 1.10922606685e-14], [1.10878198983e-11, 1.14573142085e-08, 1.52031560674e-08, 4.82174655758e-08, 2.90698292105e-08, 2.15489279753e-08, 2.23738865657e-07, 2.88045551855e-08, 1.03697729514e-07, -2.30189645123e-09, 3.68577190102e-07, 2.01542538214e-09, -6.03637717589e-09, 5.83537274057e-10, 1.28489385798e-09, 1.54842094702e-08, 5.83662362885e-08, 2.05262367103e-08, 1.33077833198e-08, 5.88460125073e-09, 2.13174047858e-10, 2.51265452889e-10, 4.2189376992e-11, 3.74264959302e-11, 2.51770028437e-11, 1.07037308907e-14, 1.17115018922e-14], [3.68651159946e-12, 3.35896199744e-09, 4.19289136744e-09, 3.07497778351e-08, 1.36424151975e-08, 7.80835129888e-09, 2.88045551855e-08, 3.4797004389e-08, 1.94147190768e-07, 4.60575719785e-08, 1.80812804729e-07, -2.00578198495e-09, -7.35328908874e-10, 6.22260631911e-10, 1.01083830195e-09, 7.02123070795e-09, 2.46497169343e-08, 8.01241561987e-09, 6.88276102778e-09, 1.72980307855e-09, 1.17678408684e-10, 1.53146523241e-10, 2.43928818117e-11, 2.81234879135e-11, 1.45703536042e-11, 1.21057122964e-15, 1.45046747745e-15], [2.01841928588e-11, 1.0357998903e-08, 1.29920234571e-08, 1.92099207652e-07, 6.62441479449e-08, 4.19049044353e-08, 1.03697729514e-07, 1.94147190768e-07, 2.2770002488e-06, 5.92965648138e-07, 1.04843809368e-06, 1.63125193908e-10, 5.08575981328e-09, 4.16524681413e-09, 8.57021564826e-09, 3.0293346498e-08, 1.05544252449e-07, 3.19374962032e-08, 3.78154858538e-08, 6.26781870849e-09, 7.93025312085e-10, 8.39345426495e-10, 1.43969988708e-10, 1.8209808661e-10, 9.58425491748e-11, 3.93171823224e-14, 4.28424385811e-14], [5.20781074514e-12, -9.09102654267e-11, -1.5015407806e-09, 2.99406899273e-08, 1.13277671687e-08, 4.88031037804e-09, -2.30189645123e-09, 4.60575719785e-08, 5.92965648138e-07, 5.90013371493e-07, 3.11633471028e-07, 4.61729783297e-08, -7.50592143994e-10, 8.93591700635e-10, 9.52328105264e-10, 6.91622226157e-09, 2.77861182951e-08, 1.19662173503e-08, 7.75648345552e-09, 1.05264563732e-09, 1.97069874308e-10, 1.86986995332e-10, 4.09738701301e-11, 5.443553594e-11, 3.64923855023e-11, 2.89173456773e-14, 3.11911819073e-14], [1.30796803943e-10, 8.19898460236e-08, 1.03985151156e-07, 8.79447895841e-07, 3.0911857607e-07, 1.99634470732e-07, 3.68577190102e-07, 1.80812804729e-07, 1.04843809368e-06, 3.11633471028e-07, 1.22205437947e-05, 8.9774459866e-07, -5.71317348985e-09, 5.52242518381e-09, 1.00236787759e-08, 1.05300323128e-07, 3.74829653538e-07, 1.76378648575e-07, 9.13455835416e-08, 3.8253279655e-08, 2.14608419924e-09, 3.30584071229e-09, 4.6259299169e-10, 5.60646973291e-10, 3.41122158298e-10, 4.28993998528e-13, 4.58499991446e-13], [-9.5460609903e-12, -4.13250589304e-09, -4.73672212564e-09, -3.79260747252e-08, -1.56449164734e-08, -1.0131110173e-08, 2.01542538214e-09, -2.00578198495e-09, 1.63125193908e-10, 4.61729783297e-08, 8.9774459866e-07, 2.87630854245e-07, 1.36134863382e-08, -3.6051492347e-10, -7.3207057083e-10, -7.18633019758e-09, -1.92991223003e-08, -8.71186855989e-09, -2.97193736287e-09, -1.42471801023e-09, -1.89525634769e-11, 5.60103179115e-11, 9.05789505901e-12, 9.49193501576e-12, 1.00270711872e-11, 6.57630959237e-15, 7.35116347406e-15], [-2.67805395915e-12, -1.11799014491e-09, -1.48107293096e-09, -9.43152844712e-09, -4.30713820165e-09, -2.78898659722e-09, -6.03637717589e-09, -7.35328908874e-10, 5.08575981328e-09, -7.50592143994e-10, -5.71317348985e-09, 1.36134863382e-08, 1.10333671088e-08, 1.7464983626e-10, -2.66636157598e-11, -1.58931001693e-09, -5.21645482365e-09, -2.64305977105e-09, -1.10792641728e-09, -4.78176054308e-10, -1.26697766861e-11, -2.05597986552e-11, -2.32132672459e-12, -3.28843180984e-12, -1.56318762188e-12, -2.63496449188e-15, -2.75324798428e-15], [2.21149433401e-13, 1.34176753042e-10, 1.28668367627e-10, 1.04851016758e-09, 3.54573231887e-10, 2.67434602241e-10, 5.83537274057e-10, 6.22260631911e-10, 4.16524681413e-09, 8.93591700635e-10, 5.52242518381e-09, -3.6051492347e-10, 1.7464983626e-10, 5.88209897456e-11, 5.62813164129e-11, 2.79924583513e-10, 8.15978451474e-10, 3.24552967834e-10, 1.90570184633e-10, 6.81651679546e-11, 4.49447683931e-12, 4.72756903069e-12, 7.29983348075e-13, 8.69483955321e-13, 4.83622311035e-13, 5.06918513987e-16, 5.43899125432e-16], [3.90915761133e-13, 2.23408264111e-10, 2.53274901052e-10, 2.93602075985e-09, 1.1418891388e-09, 5.55530788038e-10, 1.28489385798e-09, 1.01083830195e-09, 8.57021564826e-09, 9.52328105264e-10, 1.00236787759e-08, -7.3207057083e-10, -2.66636157598e-11, 5.62813164129e-11, 1.96169358535e-10, 5.48717793425e-10, 1.63318158997e-09, 4.87998919052e-10, 3.60574903269e-10, 1.26074498064e-10, 7.33874332831e-12, 7.70698695834e-12, 1.30364512588e-12, 1.5346240988e-12, 7.55514682933e-13, 2.65438685148e-16, 2.88452067399e-16], [4.94204243501e-12, 2.32608177164e-09, 2.71301159316e-09, 2.56619383521e-08, 9.69201252587e-09, 6.30997698536e-09, 1.54842094702e-08, 7.02123070795e-09, 3.0293346498e-08, 6.91622226157e-09, 1.05300323128e-07, -7.18633019758e-09, -1.58931001693e-09, 2.79924583513e-10, 5.48717793425e-10, 9.09074415745e-09, 1.70476148753e-08, 6.39480735032e-09, 2.86140555694e-09, 1.3112715358e-09, 6.12069700479e-11, 8.71967290039e-11, 1.1871074436e-11, 1.37956564575e-11, 7.80864435612e-12, 5.70765062343e-15, 6.12637373761e-15], [1.3816527783e-11, 8.75589645233e-09, 9.59476853524e-09, 6.85257788291e-08, 3.28783755776e-08, 2.19795577294e-08, 5.83662362885e-08, 2.46497169343e-08, 1.05544252449e-07, 2.77861182951e-08, 3.74829653538e-07, -1.92991223003e-08, -5.21645482365e-09, 8.15978451474e-10, 1.63318158997e-09, 1.70476148753e-08, 9.97714266759e-08, 2.07717487655e-08, 1.23504415583e-08, 4.62568472415e-09, 2.26608648513e-10, 3.28462063104e-10, 4.50516429717e-11, 5.36038297083e-11, 2.88525609654e-11, 2.71276904206e-14, 2.90421271829e-14], [9.35313198419e-12, 3.3211895456e-09, 4.72782790695e-09, 4.4987885417e-08, 1.54116026607e-08, 9.09639474855e-09, 2.05262367103e-08, 8.01241561987e-09, 3.19374962032e-08, 1.19662173503e-08, 1.76378648575e-07, -8.71186855989e-09, -2.64305977105e-09, 3.24552967834e-10, 4.87998919052e-10, 6.39480735032e-09, 2.07717487655e-08, 1.4587949515e-08, 4.72435557342e-09, 2.00510741344e-09, 8.26657700626e-11, 1.21226126359e-10, 1.62561387962e-11, 2.04326659758e-11, 1.12905518268e-11, 1.23355051353e-14, 1.31834274671e-14], [4.57220069097e-12, 1.90163085279e-09, 2.69147815146e-09, 1.82311286068e-08, 7.78585462768e-09, 4.90516649521e-09, 1.33077833198e-08, 6.88276102778e-09, 3.78154858538e-08, 7.75648345552e-09, 9.13455835416e-08, -2.97193736287e-09, -1.10792641728e-09, 1.90570184633e-10, 3.60574903269e-10, 2.86140555694e-09, 1.23504415583e-08, 4.72435557342e-09, 3.97633259652e-09, 9.66612234699e-10, 5.30035668134e-11, 6.86407111705e-11, 9.21213799687e-12, 1.12621179743e-11, 6.1262488138e-12, 6.49849352254e-15, 6.95843071884e-15], [1.2081463217e-12, 7.89892096176e-10, 1.10846998247e-09, 7.86393528074e-09, 2.93260704609e-09, 1.81549575373e-09, 5.88460125073e-09, 1.72980307855e-09, 6.26781870849e-09, 1.05264563732e-09, 3.8253279655e-08, -1.42471801023e-09, -4.78176054308e-10, 6.81651679546e-11, 1.26074498064e-10, 1.3112715358e-09, 4.62568472415e-09, 2.00510741344e-09, 9.66612234699e-10, 7.07286895718e-10, 1.94600776465e-11, 2.58610667603e-11, 3.39900460208e-12, 4.27648845155e-12, 2.20757700314e-12, 3.9252027701e-15, 4.18301927046e-15], [5.26110527214e-14, 3.66831218179e-11, 4.53760952424e-11, 3.40516281838e-10, 1.40644593194e-10, 8.24044998904e-11, 2.13174047858e-10, 1.17678408684e-10, 7.93025312085e-10, 1.97069874308e-10, 2.14608419924e-09, -1.89525634769e-11, -1.26697766861e-11, 4.49447683931e-12, 7.33874332831e-12, 6.12069700479e-11, 2.26608648513e-10, 8.26657700626e-11, 5.30035668134e-11, 1.94600776465e-11, 1.27396151354e-12, 1.37839425204e-12, 1.82094899055e-13, 2.24904743809e-13, 1.1970947237e-13, 1.1002131466e-16, 1.17876625421e-16], [8.09424752159e-14, 5.41832446965e-11, 7.2261724382e-11, 4.94648821903e-10, 1.83264584064e-10, 1.26941332446e-10, 2.51265452889e-10, 1.53146523241e-10, 8.39345426495e-10, 1.86986995332e-10, 3.30584071229e-09, 5.60103179115e-11, -2.05597986552e-11, 4.72756903069e-12, 7.70698695834e-12, 8.71967290039e-11, 3.28462063104e-10, 1.21226126359e-10, 6.86407111705e-11, 2.58610667603e-11, 1.37839425204e-12, 2.57981028033e-12, 2.55600933214e-13, 3.148325242e-13, 1.6637415729e-13, 1.25632839944e-16, 1.34638891286e-16], [9.9107488099e-15, 7.30941175642e-12, 7.03019847198e-12, 5.51964064732e-11, 2.35005643417e-11, 1.5082220195e-11, 4.2189376992e-11, 2.43928818117e-11, 1.43969988708e-10, 4.09738701301e-11, 4.6259299169e-10, 9.05789505901e-12, -2.32132672459e-12, 7.29983348075e-13, 1.30364512588e-12, 1.1871074436e-11, 4.50516429717e-11, 1.62561387962e-11, 9.21213799687e-12, 3.39900460208e-12, 1.82094899055e-13, 2.55600933214e-13, 4.54733872898e-14, 4.5219080894e-14, 2.39812510128e-14, 2.150258153e-17, 2.29624428146e-17], [1.60077402451e-14, 7.94796260056e-12, 9.53709767409e-12, 8.59968346534e-11, 3.14055066675e-11, 2.00624031277e-11, 3.74264959302e-11, 2.81234879135e-11, 1.8209808661e-10, 5.443553594e-11, 5.60646973291e-10, 9.49193501576e-12, -3.28843180984e-12, 8.69483955321e-13, 1.5346240988e-12, 1.37956564575e-11, 5.36038297083e-11, 2.04326659758e-11, 1.12621179743e-11, 4.27648845155e-12, 2.24904743809e-13, 3.148325242e-13, 4.5219080894e-14, 6.0890162812e-14, 2.83756528609e-14, 2.80772860082e-17, 3.00405363264e-17], [7.10460700619e-15, 4.4945700807e-12, 5.53666704498e-12, 4.94276182483e-11, 1.75561579163e-11, 1.05516073309e-11, 2.51770028437e-11, 1.45703536042e-11, 9.58425491748e-11, 3.64923855023e-11, 3.41122158298e-10, 1.00270711872e-11, -1.56318762188e-12, 4.83622311035e-13, 7.55514682933e-13, 7.80864435612e-12, 2.88525609654e-11, 1.12905518268e-11, 6.1262488138e-12, 2.20757700314e-12, 1.1970947237e-13, 1.6637415729e-13, 2.39812510128e-14, 2.83756528609e-14, 1.85250052738e-14, 1.87760503016e-17, 2.0052977285e-17], [4.07838878118e-18, 4.43461092568e-15, 5.27231295799e-15, 7.29712582134e-14, 1.81532323489e-14, 1.03637267835e-14, 1.07037308907e-14, 1.21057122964e-15, 3.93171823224e-14, 2.89173456773e-14, 4.28993998528e-13, 6.57630959237e-15, -2.63496449188e-15, 5.06918513987e-16, 2.65438685148e-16, 5.70765062343e-15, 2.71276904206e-14, 1.23355051353e-14, 6.49849352254e-15, 3.9252027701e-15, 1.1002131466e-16, 1.25632839944e-16, 2.150258153e-17, 2.80772860082e-17, 1.87760503016e-17, 1.52313263984e-19, 1.61740576802e-19], [4.37670981474e-18, 4.77413180061e-15, 5.63476343832e-15, 7.77528811734e-14, 1.93907051332e-14, 1.10922606685e-14, 1.17115018922e-14, 1.45046747745e-15, 4.28424385811e-14, 3.11911819073e-14, 4.58499991446e-13, 7.35116347406e-15, -2.75324798428e-15, 5.43899125432e-16, 2.88452067399e-16, 6.12637373761e-15, 2.90421271829e-14, 1.31834274671e-14, 6.95843071884e-15, 4.18301927046e-15, 1.17876625421e-16, 1.34638891286e-16, 2.29624428146e-17, 3.00405363264e-17, 2.0052977285e-17, 1.61740576802e-19, 1.71817898485e-19]]
    },
    "mfcc": {
        "kurt": [2.00176477432, 21.9410171509, 3.00636053085, 0.05388712883, 0.833757638931, 0.135526418686, 1.01045560837, 0.641305208206, 0.666342973709, -0.408930778503, 0.0298581123352, 1.26864862442, -0.0174512863159],
        "max": [-669.825500488, 197.653015137, 42.4754371643, 37.6559448242, 1.35900878906, 2.35866546631, 37.999168396, 54.5455741882, 27.2009849548, 2.79691314697, 12.0487709045, 14.2924728394, 23.6446228027],
        "mean": [-774.480773926, 175.330245972, -44.3721542358, 8.5507774353, -22.0671463013, -33.31508255, 10.204744339, 33.240776062, 2.77727341652, -18.6781082153, -13.2170000076, -12.116147995, 4.1986989975],
        "median": [-733.325500488, 178.243560791, -50.8397216797, 17.4252357483, -18.0376434326, -35.7864494324, 9.00371932983, 35.476524353, 3.68730545044, -20.2179260254, -14.4087638855, -12.5569496155, 3.8883972168],
        "min": [-1104.63122559, 40.5381584167, -79.09400177, -48.5458450317, -75.1607055664, -54.7318840027, -9.0460357666, -4.19337463379, -24.6108551025, -36.806438446, -33.3818321228, -40.3999443054, -17.7344932556],
        "skew": [-1.62008368969, -3.79861664772, 1.86808228493, -1.14803743362, -1.12037360668, 0.778635919094, 0.876042664051, -0.883588373661, -0.580115556717, 0.503062367439, 0.383922845125, -0.132331594825, 0.0216161254793],
        "var": [6317.20019531, 287.584991455, 606.829040527, 463.714447021, 200.314788818, 135.085494995, 77.0732879639, 112.187393188, 72.719329834, 76.9621124268, 72.2847824097, 60.078742981, 58.3116722107],
        "cov": [[6348.78613281, 870.65234375, -1541.48486328, 1042.42724609, 479.192108154, -404.205230713, -249.883911133, 607.851928711, 328.393798828, -416.238250732, -342.005767822, 3.05270028114, 78.4862518311], [870.65234375, 289.022918701, -202.190338135, 55.7752380371, 8.71308135986, -57.3006248474, -19.3993282318, 74.5655822754, 47.7985458374, -44.4913215637, -32.7856445312, 7.72041463852, 23.5499610901], [-1541.48486328, -202.190338135, 609.86315918, -133.530303955, -114.760765076, 19.154542923, 42.9682273865, -125.964942932, -95.8071670532, 95.5005111694, 59.0483551025, -37.1878509521, -24.644575119], [1042.42724609, 55.7752380371, -133.530303955, 466.03302002, 245.456176758, -112.565422058, -109.250267029, 75.6171035767, 27.0415363312, -64.0608139038, -76.3084259033, -44.7752380371, -22.4865531921], [479.192108154, 8.71308135986, -114.760765076, 245.456176758, 201.316360474, -6.02601051331, -58.3848991394, 13.6138439178, 11.3266181946, -21.1780490875, -33.2378883362, -18.6758861542, -26.8316841125], [-404.205230713, -57.3006248474, 19.154542923, -112.565422058, -6.02601051331, 135.760925293, 58.8460540771, -51.2159461975, -15.5711231232, 20.0736370087, 17.7556705475, 9.68895721436, -0.264155685902], [-249.883911133, -19.3993282318, 42.9682273865, -109.250267029, -58.3848991394, 58.8460540771, 77.458656311, 1.94199132919, -7.37906122208, 3.99336791039, 6.1277961731, 5.22480106354, 4.27622365952], [607.851928711, 74.5655822754, -125.964942932, 75.6171035767, 13.6138439178, -51.2159461975, 1.94199132919, 112.748329163, 57.4039955139, -49.322845459, -46.50340271, -3.84950566292, 6.0354719162], [328.393798828, 47.7985458374, -95.8071670532, 27.0415363312, 11.3266181946, -15.5711231232, -7.37906122208, 57.4039955139, 73.0829315186, -4.07789993286, -24.0095825195, -0.302354156971, 3.42808890343], [-416.238250732, -44.4913215637, 95.5005111694, -64.0608139038, -21.1780490875, 20.0736370087, 3.99336791039, -49.322845459, -4.07789993286, 77.3469238281, 45.1775588989, 2.67804741859, -6.61733102798], [-342.005767822, -32.7856445312, 59.0483551025, -76.3084259033, -33.2378883362, 17.7556705475, 6.1277961731, -46.50340271, -24.0095825195, 45.1775588989, 72.6462097168, 30.3745231628, 0.717445015907], [3.05270028114, 7.72041463852, -37.1878509521, -44.7752380371, -18.6758861542, 9.68895721436, 5.22480106354, -3.84950566292, -0.302354156971, 2.67804741859, 30.3745231628, 60.3791351318, 32.9674415588], [78.4862518311, 23.5499610901, -24.644575119, -22.4865531921, -26.8316841125, -0.264155685902, 4.27622365952, 6.0354719162, 3.42808890343, -6.61733102798, 0.717445015907, 32.9674415588, 58.6032333374]]
    },
    "sccoeffs": {
        "kurt": [-0.112480640411, -0.16725230217, 0.621246576309, 3.46788072586, -0.00184845924377, -0.0354292392731],
        "max": [-0.452119857073, -0.617216467857, -0.517536997795, -0.624653100967, -0.613762676716, -0.780220806599],
        "mean": [-0.655393004417, -0.748640656471, -0.681353867054, -0.781715989113, -0.692413151264, -0.809543728828],
        "median": [-0.65672570467, -0.75037330389, -0.670627951622, -0.788074553013, -0.672534167767, -0.807086110115],
        "min": [-0.896683037281, -0.858201622963, -0.916968107224, -0.910633087158, -0.859211683273, -0.848610758781],
        "skew": [-0.012862900272, 0.277441591024, -0.679129898548, 1.2566139698, -1.03749465942, -0.625056326389],
        "var": [0.00535596581176, 0.00237196357921, 0.00434778304771, 0.00151943496894, 0.00309926783666, 0.000182477335329],
        "cov": [[0.00538274599239, 0.000622790248599, 0.00209639826789, -4.05946084356e-05, 0.00244971108623, 0.000377288932214], [0.000622790248599, 0.00238382350653, 0.000690254266374, -1.56253299792e-05, 0.000341880513588, -6.43117527943e-05], [0.00209639826789, 0.000690254266374, 0.00436952151358, 8.54727259139e-05, 0.00162054400425, 0.000156550988322], [-4.05946084356e-05, -1.56253299792e-05, 8.54727259139e-05, 0.00152703211643, -0.000117405143101, -8.6533735157e-05], [0.00244971108623, 0.000341880513588, 0.00162054400425, -0.000117405143101, 0.00311476411298, 0.000434881629189], [0.000377288932214, -6.43117527943e-05, 0.000156550988322, -8.6533735157e-05, 0.000434881629189, 0.000183389725862]]
    },
    "scvalleys": {
        "kurt": [0.161540269852, 3.66635656357, 9.04618930817, 1.77026319504, 0.854481220245, 3.84121465683],
        "max": [-5.9207444191, -5.38182735443, -4.85623407364, -7.05624294281, -7.91937875748, -10.0278501511],
        "mean": [-7.2329454422, -6.42869091034, -6.03920316696, -8.2763376236, -8.82175827026, -11.0561246872],
        "median": [-6.97626018524, -6.15931558609, -5.83423805237, -7.92890977859, -8.36011695862, -10.6983156204],
        "min": [-9.96661663055, -10.3174982071, -10.5222196579, -11.4277648926, -11.9171533585, -14.8166837692],
        "skew": [-0.990536570549, -1.63899433613, -2.76063847542, -1.6794962883, -1.40569078922, -1.95725917816],
        "var": [0.715156435966, 0.640595853329, 0.671033322811, 0.763070464134, 0.823142409325, 0.615242660046],
        "cov": [[0.718732237816, 0.553362011909, 0.442862153053, 0.589123606682, 0.662165224552, 0.534033060074], [0.553362011909, 0.643798828125, 0.507348239422, 0.555542707443, 0.6327496171, 0.543210089207], [0.442862153053, 0.507348239422, 0.67438852787, 0.565748989582, 0.588605880737, 0.573868811131], [0.589123606682, 0.555542707443, 0.565748989582, 0.766885817051, 0.736552417278, 0.612825870514], [0.662165224552, 0.6327496171, 0.588605880737, 0.736552417278, 0.827258169651, 0.679818034172], [0.534033060074, 0.543210089207, 0.573868811131, 0.612825870514, 0.679818034172, 0.618318855762]]
    }
},
"rhythm": {
    "beats_loudness": {
        "kurt": -0.492735862732,
        "max": 0.0149759901688,
        "mean": 0.00861745607108,
        "median": 0.00933932512999,
        "min": 0.000635152275208,
        "skew": -0.566048264503,
        "var": 1.66315548995e-05
    },
    "bpm": 137.632797241,
    "confidence": 0,
    "first_peak_bpm": {
        "kurt": 0,
        "max": 136,
        "mean": 136,
        "median": 136,
        "min": 136,
        "skew": 0,
        "var": 0
    },
    "first_peak_spread": {
        "kurt": 0,
        "max": 0.444444417953,
        "mean": 0.444444417953,
        "median": 0.444444417953,
        "min": 0.444444417953,
        "skew": 0,
        "var": 0
    },
    "first_peak_weight": {
        "kurt": 0,
        "max": 0.555555582047,
        "mean": 0.555555582047,
        "median": 0.555555582047,
        "min": 0.555555582047,
        "skew": 0,
        "var": 0
    },
    "onset_rate": 1.07860887051,
    "second_peak_bpm": {
        "kurt": 0,
        "max": 0,
        "mean": 0,
        "median": 0,
        "min": 0,
        "skew": 0,
        "var": 0
    },
    "second_peak_spread": {
        "kurt": 0,
        "max": 0,
        "mean": 0,
        "median": 0,
        "min": 0,
        "skew": 0,
        "var": 0
    },
    "second_peak_weight": {
        "kurt": 0,
        "max": 0,
        "mean": 0,
        "median": 0,
        "min": 0,
        "skew": 0,
        "var": 0
    },
    "beats_loudness_band_ratio": {
        "kurt": [-0.80814743042, -0.803785800934, 0.136928319931, 0.23819899559, -1.22231268883, -0.468164205551],
        "max": [0.18658298254, 0.0872236341238, 0.656039237976, 0.942845880985, 0.123088151217, 0.0131327994168],
        "mean": [0.0785496681929, 0.0392271354795, 0.24515530467, 0.579799771309, 0.0705053955317, 0.00913240853697],
        "median": [0.0829779952765, 0.0396495424211, 0.173958003521, 0.576195240021, 0.0857266187668, 0.0110849086195],
        "min": [0.00827522203326, 0.00188201689161, 0.0407438725233, 0.320658385754, 0.00154002418276, 0.000750565086491],
        "skew": [0.374347239733, 0.311818450689, 1.3286447525, 0.580707073212, -0.407237708569, -1.02888202667],
        "var": [0.00302869430743, 0.00062077207258, 0.0382327847183, 0.0272609386593, 0.0017482212279, 2.00158483494e-05],
        "cov": [[0.00336521584541, 0.00147703755647, -0.00534778833389, -0.00147300295066, 0.00202000094578, 0.000197092827875], [0.00147703755647, 0.000689746753778, -0.00193564267829, -0.00113709876314, 0.000949175620917, 8.17186373752e-05], [-0.00534778833389, -0.00193564267829, 0.0424808710814, -0.0288539361209, -0.00422555906698, -0.000222844799282], [-0.00147300295066, -0.00113709876314, -0.0288539361209, 0.0302899312228, -0.0006564319483, -0.000181728973985], [0.00202000094578, 0.000949175620917, -0.00422555906698, -0.0006564319483, 0.00194246799219, 0.000158098468091], [0.000197092827875, 8.17186373752e-05, -0.000222844799282, -0.000181728973985, 0.000158098468091, 2.22398302867e-05]]
    },
    "beats_position": [0.417959183455, 0.847528338432, 1.27709746361, 1.71827661991, 2.15945577621, 2.60063481331, 3.04181408882, 3.47138309479, 3.90095233917, 4.34213161469],
    "bpm_estimates": [139.674835205, 139.674835205, 135.999176025, 135.999176025, 135.999206543, 135.999130249, 139.674880981, 139.674804688, 135.999130249],
    "bpm_intervals": [0.429569154978, 0.429569125175, 0.441179156303, 0.441179156303, 0.441179037094, 0.441179275513, 0.429569005966, 0.429569244385, 0.441179275513],
    "onset_times": [0.0116099771112, 0.116099774837, 2.85605430603, 3.04181408882, 3.81968259811],
    "histogram": [[0, 0, 0, 0, 0, 0, 0, 0, 0, 0, 0, 0, 0, 0, 0, 0, 0, 0, 0, 0, 0, 0, 0, 0, 0, 0, 0, 0, 0, 0, 0, 0, 0, 0, 0, 0, 0, 0, 0, 0, 0, 0, 0, 0, 0, 0, 0, 0, 0, 0, 0, 0, 0, 0, 0, 0, 0, 0, 0, 0, 0, 0, 0, 0, 0, 0, 0, 0, 0, 0, 0, 0, 0, 0, 0, 0, 0, 0, 0, 0, 0, 0, 0, 0, 0, 0, 0, 0, 0, 0, 0, 0, 0, 0, 0, 0, 0, 0, 0, 0, 0, 0, 0, 0, 0, 0, 0, 0, 0, 0, 0, 0, 0, 0, 0, 0, 0, 0, 0, 0, 0, 0, 0, 0, 0, 0, 0, 0, 0, 0, 0, 0, 0, 0, 0, 0, 0.555555582047, 0, 0, 0, 0.444444447756, 0, 0, 0, 0, 0, 0, 0, 0, 0, 0, 0, 0, 0, 0, 0, 0, 0, 0, 0, 0, 0, 0, 0, 0, 0, 0, 0, 0, 0, 0, 0, 0, 0, 0, 0, 0, 0, 0, 0, 0, 0, 0, 0, 0, 0, 0, 0, 0, 0, 0, 0, 0, 0, 0, 0, 0, 0, 0, 0, 0, 0, 0, 0, 0, 0, 0, 0, 0, 0, 0, 0, 0, 0, 0, 0, 0, 0, 0, 0, 0, 0, 0, 0, 0, 0, 0, 0, 0, 0, 0, 0, 0, 0, 0, 0, 0, 0, 0, 0, 0, 0, 0, 0, 0, 0, 0, 0, 0, 0]]
},
"sfx": {
    "inharmonicity": {
        "kurt": 1.13110923767,
        "max": 0.344330668449,
        "mean": 0.0672536566854,
        "median": 0.0402496829629,
        "min": 2.07286689147e-06,
        "skew": 1.27302718163,
        "var": 0.00586098060012
    },
    "oddtoevenharmonicenergyratio": {
        "kurt": 2.90644073486,
        "max": 20.1575603485,
        "mean": 2.80769920349,
        "median": 0.677999854088,
        "min": 4.29406427429e-05,
        "skew": 1.86579418182,
        "var": 18.2296390533
    },
    "pitch_after_max_to_before_max_energy_ratio": 0.428241431713,
    "pitch_centroid": 99.6480941772,
    "pitch_max_to_total": 0.706467688084,
    "pitch_min_to_total": 0.950248777866,
    "tristimulus": {
        "kurt": [-1.45858979225, -1.37504148483, 1.73883485794],
        "max": [0.982117831707, 0.879538655281, 0.891605615616],
        "mean": [0.408064872026, 0.397146731615, 0.194788619876],
        "median": [0.232718199492, 0.449575573206, 0.211488083005],
        "min": [0, 0.0178821925074, 0],
        "skew": [0.475600540638, -0.0858778133988, 1.20040142536],
        "var": [0.122447058558, 0.0581295415759, 0.0394371002913],
        "cov": [[0.123059295118, -0.0709225684404, -0.0521366968751], [-0.0709225684404, 0.0584201924503, 0.012502392754], [-0.0521366968751, 0.012502392754, 0.0396342873573]]
    }
},
"tonal": {
    "chords_changes_rate": 0.0198019798845,
    "chords_number_rate": 0.0297029707581,
    "chords_strength": {
        "kurt": -0.561050891876,
        "max": 0.623976111412,
        "mean": 0.532742500305,
        "median": 0.584439396858,
        "min": 0.313200861216,
        "skew": -0.953865170479,
        "var": 0.00814914423972
    },
    "key_strength": 0.579907417297,
    "tuning_diatonic_strength": 0.509873092175,
    "tuning_equal_tempered_deviation": 0.181841060519,
    "tuning_frequency": 445.112548828,
    "tuning_nontempered_energy_ratio": 0.733915030956,
    "hpcp": {
        "kurt": [11.901348114, 37.2650985718, -1.25863277912, -0.813201665878, 0.693363189697, 5.37424278259, 3.71166801453, 4.3882598877, 2.10210514069, 3.35300350189, 14.4335689545, 7.19028759003, 9.34493350983, 11.9695453644, 10.666012764, 7.69210243225, 19.2967166901, 17.9948177338, 8.41781997681, 4.62845134735, 4.03055286407, 4.81345939636, 2.49735212326, 3.81867408752, 9.54920959473, 6.47281265259, 4.90252351761, 8.55465602875, 7.8937702179, 5.26756763458, 15.8794441223, 11.6425333023, 10.1743202209, 6.13984966278, 11.0383577347, 6.06667327881],
        "max": [0.415070235729, 1, 0.726271867752, 1, 1, 1, 1, 1, 1, 1, 0.913401186466, 0.277988195419, 0.382499933243, 0.538390219212, 0.860934734344, 1, 1, 0.852977871895, 0.700029909611, 0.837523341179, 1, 1, 0.952324330807, 1, 1, 1, 0.866984784603, 0.960544288158, 1, 0.55870193243, 0.670884609222, 0.636451363564, 1, 1, 1, 0.399806529284],
        "mean": [0.0489585772157, 0.0645619556308, 0.384642958641, 0.745044469833, 0.487187296152, 0.179032102227, 0.192603692412, 0.199873372912, 0.271515280008, 0.243487879634, 0.0854131504893, 0.0352618545294, 0.0476153828204, 0.0768791288137, 0.141610920429, 0.180023357272, 0.12149721384, 0.0714100077748, 0.0824994668365, 0.128669783473, 0.151485219598, 0.144572064281, 0.166736975312, 0.161567598581, 0.150262072682, 0.184757426381, 0.174512580037, 0.152489796281, 0.14074139297, 0.0862543955445, 0.0684494003654, 0.0728026404977, 0.11164509505, 0.155967384577, 0.114044815302, 0.0587664209306],
