{
"metadata": {
    "version": {
        "essentia": "2.1-beta3"
    }
},
"lowLevel": {
    "average_loudness": 0.976066231728,
    "barkbands_kurtosis": {
        "kurt": 57.0340156555,
        "max": 34.3334007263,
        "mean": 1.54471218586,
        "median": 0.865396261215,
        "min": -1.18000471592,
        "skew": 6.11726474762,
        "var": 8.45755195618
    },
    "barkbands_skewness": {
        "kurt": 2.86856555939,
        "max": 3.30732321739,
        "mean": -0.754160583019,
        "median": -0.949617266655,
        "min": -2.7248980999,
        "skew": 1.48677206039,
        "var": 0.724966168404
    },
    "barkbands_spread": {
        "kurt": 0.00877022743225,
        "max": 25.6539421082,
        "mean": 13.8616447449,
        "median": 14.9305343628,
        "min": 0.724239647388,
        "skew": -0.652090609074,
        "var": 25.4999675751
    },
    "dissonance": {
        "kurt": 26.5140380859,
        "max": 0.499411165714,
        "mean": 0.47216412425,
        "median": 0.480376809835,
        "min": 0.187309503555,
        "skew": -4.23299360275,
        "var": 0.00107542576734
    },
    "hfc": {
        "kurt": -0.730923891068,
        "max": 16.8971843719,
        "mean": 7.55178499222,
        "median": 8.35810565948,
        "min": 1.21733819469e-07,
        "skew": -0.278153330088,
        "var": 18.964214325
    },
    "pitch": {
        "kurt": 3.71782875061,
        "max": 2865.52758789,
        "mean": 806.092651367,
        "median": 734.739196777,
        "min": 116.66431427,
        "skew": 2.01942968369,
        "var": 395615.34375
    },
    "pitch_instantaneous_confidence": {
        "kurt": 1.04667758942,
        "max": 0.913926005363,
        "mean": 0.547163844109,
        "median": 0.536867141724,
        "min": 0.181030571461,
        "skew": -0.0215269271284,
        "var": 0.0119315022603
    },
    "pitch_salience": {
        "kurt": 1.39907264709,
        "max": 0.908627331257,
        "mean": 0.543880820274,
        "median": 0.538632035255,
        "min": 0.287304520607,
        "skew": 0.423336327076,
        "var": 0.00656218407676
    },
    "silence_rate_20dB": {
        "kurt": 0,
        "max": 1,
        "mean": 1,
        "median": 1,
        "min": 1,
        "skew": 0,
        "var": 0
    },
    "silence_rate_30dB": {
        "kurt": 0,
        "max": 1,
        "mean": 1,
        "median": 1,
        "min": 1,
        "skew": 0,
        "var": 0
    },
    "silence_rate_60dB": {
        "kurt": -0.840568065643,
        "max": 1,
        "mean": 0.262975782156,
        "median": 0,
        "min": 0,
        "skew": 1.07676935196,
        "var": 0.193819865584
    },
    "spectral_centroid": {
        "kurt": 0.515890359879,
        "max": 2305.07202148,
        "mean": 1711.84802246,
        "median": 1852.44458008,
        "min": 597.083251953,
        "skew": -1.20187270641,
        "var": 144761.671875
    },
    "spectral_complexity": {
        "kurt": -0.339177370071,
        "max": 20,
        "mean": 10.4290657043,
        "median": 12,
        "min": 0,
        "skew": -0.755399346352,
        "var": 24.3833827972
    },
    "spectral_crest": {
        "kurt": 3.39283800125,
        "max": 23.9997692108,
        "mean": 9.57079792023,
        "median": 9.15332984924,
        "min": 4.72483634949,
        "skew": 1.47225809097,
        "var": 7.81683349609
    },
    "spectral_decrease": {
        "kurt": -0.67792057991,
        "max": -2.64386511409e-17,
        "mean": -8.91034634964e-10,
        "median": -1.00169794681e-09,
        "min": -1.78257930639e-09,
        "skew": 0.587999939919,
        "var": 2.15624931361e-19
    },
    "spectral_energy": {
        "kurt": -0.689981460571,
        "max": 0.0082604913041,
        "mean": 0.0040479414165,
        "median": 0.00455565750599,
        "min": 1.10827236277e-10,
        "skew": -0.54988694191,
        "var": 4.56978750663e-06
    },
    "spectral_energyband_high": {
        "kurt": 3.53270292282,
        "max": 0.000197715664399,
        "mean": 3.39388570865e-05,
        "median": 2.31453104789e-05,
        "min": 4.90311621599e-13,
        "skew": 1.90687525272,
        "var": 1.4052756736e-09
    },
    "spectral_energyband_low": {
        "kurt": -0.853554010391,
        "max": 0.000395875948016,
        "mean": 0.000133337845909,
        "median": 0.000155219473527,
        "min": 3.84508072084e-13,
        "skew": -0.170395731926,
        "var": 7.95540699983e-09
    },
    "spectral_energyband_middle_high": {
        "kurt": -0.676647186279,
        "max": 0.00784881226718,
        "mean": 0.00362212187611,
        "median": 0.00404461938888,
        "min": 7.82138173672e-11,
        "skew": -0.464678794146,
        "var": 3.84981240131e-06
    },
    "spectral_energyband_middle_low": {
        "kurt": 1.41258716583,
        "max": 0.00104480609298,
        "mean": 0.000288622017251,
        "median": 0.000276059872704,
        "min": 3.31403376963e-11,
        "skew": 0.827561497688,
        "var": 3.33215339765e-08
    },
    "spectral_flatness_db": {
        "kurt": 2.11566877365,
        "max": 0.388316959143,
        "mean": 0.237559407949,
        "median": 0.229127109051,
        "min": 0.131619602442,
        "skew": 1.23636746407,
        "var": 0.00143379031215
    },
    "spectral_flux": {
        "kurt": 0.586435079575,
        "max": 0.0627704784274,
        "mean": 0.0346954800189,
        "median": 0.0373711064458,
        "min": 0.000185958197108,
        "skew": -0.930448532104,
        "var": 0.000175257620867
    },
    "spectral_kurtosis": {
        "kurt": 9.75094127655,
        "max": 79.9003448486,
        "mean": 13.6146612167,
        "median": 10.2083148956,
        "min": 3.26659536362,
        "skew": 2.92468595505,
        "var": 130.07359314
    },
    "spectral_rms": {
        "kurt": 0.454558134079,
        "max": 0.00283884070814,
        "mean": 0.0018536769785,
        "median": 0.00210820860229,
        "min": 3.28822352458e-07,
        "skew": -1.2288557291,
        "var": 5.1309251603e-07
    },
    "spectral_rolloff": {
        "kurt": 0.065096616745,
        "max": 3014.6484375,
        "mean": 2476.31616211,
        "median": 2799.31640625,
        "min": 645.99609375,
        "skew": -1.25140583515,
        "var": 363787.5
    },
    "spectral_skewness": {
        "kurt": 3.90978956223,
        "max": 6.71439552307,
        "mean": 2.48994660378,
        "median": 2.19645953178,
        "min": 1.52193129063,
        "skew": 2.02051258087,
        "var": 0.938739299774
    },
    "spectral_spread": {
        "kurt": 51.6864852905,
        "max": 9660175,
        "mean": 2440666.25,
        "median": 2469998.5,
        "min": 898643.5625,
        "skew": 4.59854078293,
        "var": 421788450816
    },
    "spectral_strongpeak": {
        "kurt": 0.801815509796,
        "max": 4.80953121185,
        "mean": 1.41195809841,
        "median": 1.22950267792,
        "min": 2.20054789679e-05,
        "skew": 0.923966169357,
        "var": 0.979057431221
    },
    "zerocrossingrate": {
        "kurt": 0.965395450592,
        "max": 0.109375,
        "mean": 0.0855015963316,
        "median": 0.09326171875,
        "min": 0.01171875,
        "skew": -1.40170359612,
        "var": 0.000386643689126
    },
    "barkbands": {
        "kurt": [32.5150337219, -1.0800293684, -1.09807014465, 5.17549610138, 3.00081443787, 3.18253946304, 9.94347381592, 5.94072151184, 8.84362888336, 12.7110128403, -0.243846654892, 26.2258720398, 49.7857246399, 32.508228302, 18.4184799194, 2.88887929916, 1.13740921021, 0.348790168762, 4.52001476288, 0.437214851379, 3.56693553925, 5.19010162354, 0.0364882946014, 4.46016597748, 4.6177945137, 9.66012573242, 9.64231204987],
        "max": [9.39108257825e-09, 0.000123724676087, 0.000176779896719, 0.000390251894714, 0.000106842126115, 0.00015902913583, 0.000287877162918, 0.000324846187141, 0.000528478354681, 0.000370020337868, 0.00320276734419, 0.00109862315003, 0.00501129636541, 0.000618936610408, 0.000201332004508, 0.00553277460858, 0.00175607565325, 0.00331558613107, 0.000231063459069, 2.96182843158e-05, 8.36432591313e-05, 0.000121327182569, 1.35142772706e-06, 1.42636645251e-06, 1.25965595998e-06, 1.43159684107e-09, 1.49870615918e-09],
        "mean": [4.73318217953e-10, 4.6103115892e-05, 6.83191974531e-05, 5.40591900062e-05, 1.82446219696e-05, 2.76536411548e-05, 3.71990754502e-05, 4.89890553581e-05, 7.58741080062e-05, 5.25364448549e-05, 0.000892417971045, 9.49066961766e-05, 0.000224542265642, 4.98779481859e-05, 2.08963774639e-05, 0.000967261614278, 0.00038694369141, 0.000902404543012, 3.95703900722e-05, 8.21477442514e-06, 1.39205012601e-05, 1.71148913068e-05, 4.06582074675e-07, 2.63295703462e-07, 2.21547324486e-07, 1.39763839391e-10, 1.45530143492e-10],
        "median": [1.66279420788e-10, 5.26972180523e-05, 7.92357022874e-05, 3.06082802126e-05, 1.00866272987e-05, 1.99060250452e-05, 2.93117500405e-05, 3.80927558581e-05, 6.15646276856e-05, 3.89482047467e-05, 0.00095767818857, 6.74218244967e-05, 0.000127181148855, 3.26017870975e-05, 1.50271489474e-05, 0.000830039556604, 0.00026949075982, 0.00084246014012, 3.03321194224e-05, 7.70964561525e-06, 8.39108543005e-06, 1.0926341929e-05, 3.7368030803e-07, 2.69696215582e-07, 2.06685413673e-07, 4.72516401007e-11, 4.84614431917e-11],
        "min": [4.90126466973e-14, 1.08910859389e-13, 1.46514731228e-13, 2.09513789239e-13, 2.06212813752e-13, 7.18158930761e-13, 4.50260054935e-12, 8.9704563222e-12, 1.5640194001e-11, 6.29789059445e-12, 3.78767590209e-12, 3.96444092832e-11, 2.06859425422e-11, 5.02009111364e-12, 2.14985039319e-12, 1.33884724596e-13, 2.22302360439e-13, 1.67929450727e-12, 1.20050359085e-13, 1.02812425457e-13, 1.88873818929e-13, 1.63769266702e-13, 1.52638996278e-14, 2.11876838367e-14, 2.33028098093e-14, 7.68723141918e-15, 6.14447737279e-15],
        "skew": [5.53055381775, -0.0478088669479, -0.238010928035, 2.0025305748, 1.69069480896, 1.56346261501, 2.17488384247, 1.79772007465, 2.31350874901, 3.02431845665, 0.265096366405, 4.74898052216, 6.61427593231, 4.86107349396, 3.81934475899, 1.28542768955, 1.19886898994, 0.83213943243, 1.76465857029, 0.658281445503, 1.87750661373, 2.29901003838, 0.543556809425, 0.97433668375, 1.25395643711, 2.85440397263, 2.85330438614],
        "var": [1.53277560123e-18, 1.14385256822e-09, 2.22550888829e-09, 3.86310761158e-09, 3.94990207209e-10, 7.3230632669e-10, 1.17488729856e-09, 1.89675319895e-09, 4.79883821569e-09, 2.71060685009e-09, 3.91860766058e-07, 1.8834168003e-08, 2.55140918171e-07, 4.63187621591e-09, 6.61893262421e-10, 7.21865433206e-07, 1.45519408079e-07, 5.77256571432e-07, 1.38865463573e-09, 3.32384744728e-11, 2.55785170822e-10, 4.65849248066e-10, 8.4531035329e-14, 3.36695393246e-14, 2.81193000335e-14, 5.12012714579e-20, 5.64398450512e-20],
        "cov": [[1.53809778469e-18, -4.07170770624e-15, -7.11228408931e-15, -3.24699683001e-15, -6.86305798535e-16, 5.17030689773e-15, 1.04072278546e-14, 1.01552295441e-16, 1.36696192966e-14, 3.23045762233e-14, 1.26060038364e-15, 1.87480104141e-14, 5.60525103166e-14, -4.05342026491e-15, -2.24872996167e-15, -1.49821886668e-13, -4.65121647794e-14, -1.38426772757e-13, -3.32833549811e-15, -6.69818619854e-16, -1.47897013612e-15, -1.89407281973e-15, -2.21451106144e-17, -2.70218333251e-17, -2.69587492228e-17, -2.00489274217e-20, -2.10589908822e-20], [-4.07170770624e-15, 1.14782428007e-09, 1.44346512521e-09, 6.44307940334e-10, 2.36391711761e-10, 3.18599868709e-10, 4.80917472512e-10, 5.98877725189e-10, 7.17078507684e-10, 2.29728583379e-10, 1.40528584325e-08, -7.68838492871e-10, -3.74296726946e-09, -1.06100843389e-10, -6.33792462956e-11, 1.48369245778e-08, 6.75632527702e-09, 1.69853748844e-08, 6.68335053966e-10, 1.21941678977e-10, 3.04678837715e-10, 3.72082115119e-10, 6.4464189195e-12, 4.37643541198e-12, 3.77908078095e-12, 1.78013799448e-15, 1.85433236318e-15], [-7.11228408931e-15, 1.44346512521e-09, 2.23323648463e-09, 9.95551419081e-10, 3.32998878472e-10, 5.17833720348e-10, 6.34587826731e-10, 9.26603960227e-10, 9.92298354596e-10, 3.09951703192e-10, 2.14260253983e-08, -1.16307474762e-09, -5.34387645246e-09, -2.18269402552e-10, -1.20384299751e-10, 2.08625863252e-08, 1.01467314551e-08, 2.26573231288e-08, 9.08483177575e-10, 1.59826263335e-10, 3.99885347058e-10, 4.8719261958e-10, 8.8000579046e-12, 6.01795956817e-12, 5.14883535113e-12, 2.50956613448e-15, 2.61082659398e-15], [-3.24699683001e-15, 6.44307940334e-10, 9.95551419081e-10, 3.87652088207e-09, 8.85078565993e-10, 4.19109968952e-10, 2.78920969654e-10, 6.28068042019e-10, 8.83142170505e-10, 6.11532824379e-10, 1.31589725783e-08, -7.31582239233e-10, -2.98363533879e-09, -6.52729467698e-11, 3.13844471245e-11, 8.13663980637e-09, 3.63126417824e-09, 1.62043090057e-08, 7.08513081538e-10, 1.10192938108e-10, 1.2442269437e-10, 1.91832827401e-10, 5.65510659134e-12, 3.07898823625e-12, 2.24429242551e-12, -1.43009442924e-16, -1.36935250546e-16], [-6.86305798535e-16, 2.36391711761e-10, 3.32998878472e-10, 8.85078565993e-10, 3.96361721222e-10, 1.35067110274e-10, 7.8385443969e-11, 2.41530240253e-10, 2.75499983937e-10, 2.31466373846e-10, 4.08879774483e-09, -2.67919575414e-10, -1.03510500171e-09, -3.27158612701e-11, -2.05750104454e-11, 4.91018692372e-09, 1.04472253071e-09, 7.59859730692e-09, 2.64456651022e-10, 4.07435682415e-11, 1.88500067335e-13, 2.80923739132e-11, 2.01508493052e-12, 1.39721177336e-12, 9.59965505525e-13, 2.93361443892e-16, 3.08677573053e-16], [5.17030689773e-15, 3.18599868709e-10, 5.17833720348e-10, 4.19109968952e-10, 1.35067110274e-10, 7.34849070483e-10, 2.80530570995e-10, 1.81469700378e-10, 3.17896708957e-10, 2.54323090365e-10, 7.09979763869e-09, -1.84580711826e-10, -1.2275047645e-09, -1.37493336161e-10, -2.71340797053e-11, 6.11400841066e-09, 1.75175329797e-09, 5.05392572236e-09, 1.78605547019e-10, 2.91346391457e-11, 5.62505424184e-11, 1.01835262445e-10, 1.78720504108e-12, 1.29796564122e-12, 1.24169511478e-12, 6.50387313467e-16, 6.70053936195e-16], [1.04072278546e-14, 4.80917472512e-10, 6.34587826731e-10, 2.78920969654e-10, 7.8385443969e-11, 2.80530570995e-10, 1.17896670204e-09, 5.26986898564e-10, 6.38250119422e-10, 6.18379181194e-10, 9.61936397204e-09, 3.70533936866e-10, 4.50011639064e-10, -6.12182873838e-11, 3.7122228902e-11, 5.06121367039e-09, 3.67460639694e-09, 8.0429778393e-09, 3.67274238799e-10, 6.05024086386e-11, 1.59525434529e-10, 1.86888324261e-10, 2.7404740803e-12, 2.25889446037e-12, 1.8458270936e-12, 1.14377897598e-15, 1.18573336489e-15], [1.01552295441e-16, 5.98877725189e-10, 9.26603960227e-10, 6.28068042019e-10, 2.41530240253e-10, 1.81469700378e-10, 5.26986898564e-10, 1.90333904193e-09, 1.29360466783e-09, 4.75570527403e-10, 1.02374784205e-08, -4.66053140524e-10, -2.32977770409e-09, -2.40675673835e-10, 3.68189229105e-11, 9.34400823382e-09, 4.60326354812e-09, 1.58039910048e-08, 8.23840329289e-10, 8.07368893962e-11, 5.70797922816e-11, 3.11393584529e-11, 4.1317548341e-12, 3.21921048846e-12, 2.56864017903e-12, 1.26163101098e-15, 1.31529711269e-15], [1.36696192966e-14, 7.17078507684e-10, 9.92298354596e-10, 8.83142170505e-10, 2.75499983937e-10, 3.17896708957e-10, 6.38250119422e-10, 1.29360466783e-09, 4.81550088693e-09, 2.12888306983e-09, 1.6249092738e-08, -2.62183941224e-10, -3.20366599915e-09, -4.2185518967e-11, 3.02394637108e-11, 4.52844695076e-09, 4.76020733942e-09, 1.41547822352e-08, 9.67812274766e-10, 9.7501132168e-11, 1.39951994438e-10, 8.13855441373e-11, 4.80779695569e-12, 2.87118397634e-12, 2.10695675316e-12, 1.81070084904e-15, 1.89268622679e-15], [3.23045762233e-14, 2.29728583379e-10, 3.09951703192e-10, 6.11532824379e-10, 2.31466373846e-10, 2.54323090365e-10, 6.18379181194e-10, 4.75570527403e-10, 2.12888306983e-09, 2.7200188768e-09, 9.08719943737e-09, 5.94158777734e-10, 5.18990406206e-10, -8.55849002779e-11, -1.26711488524e-11, 2.31292118791e-09, 2.51323895029e-09, 6.14596240567e-09, 3.8067191066e-10, 5.00871288889e-11, 1.61701763091e-11, 7.43170022049e-12, 2.6778976172e-12, 1.22061182776e-12, 7.74497924561e-13, 1.87905947838e-16, 1.96584329778e-16], [1.26060038364e-15, 1.40528584325e-08, 2.14260253983e-08, 1.31589725783e-08, 4.08879774483e-09, 7.09979763869e-09, 9.61936397204e-09, 1.02374784205e-08, 1.6249092738e-08, 9.08719943737e-09, 3.93221398554e-07, -6.40438990729e-09, -4.64340708106e-08, -2.46835418771e-09, -1.26467947226e-09, 2.24341704325e-07, 1.02618017195e-07, 2.38730592628e-07, 1.07722257781e-08, 1.66348135267e-09, 3.6550196203e-09, 4.71761785192e-09, 9.97579449602e-11, 6.18689197096e-11, 5.45212625047e-11, 2.03488721912e-14, 2.10487958443e-14], [1.87480104141e-14, -7.68838492871e-10, -1.16307474762e-09, -7.31582239233e-10, -2.67919575414e-10, -1.84580711826e-10, 3.70533936866e-10, -4.66053140524e-10, -2.62183941224e-10, 5.94158777734e-10, -6.40438990729e-09, 1.889956458e-08, 3.70471582301e-08, 2.52011456148e-09, -3.2639013714e-10, -1.93959621697e-08, -7.08546332717e-09, -1.04984279048e-08, -4.03558603201e-10, -6.07808386954e-11, -2.29167129717e-10, -3.09207270899e-10, -4.85779645676e-12, -2.45149842266e-12, -1.68963161604e-12, 5.61341545519e-16, 6.18285717678e-16], [5.60525103166e-14, -3.74296726946e-09, -5.34387645246e-09, -2.98363533879e-09, -1.03510500171e-09, -1.2275047645e-09, 4.50011639064e-10, -2.32977770409e-09, -3.20366599915e-09, 5.18990406206e-10, -4.64340708106e-08, 3.70471582301e-08, 2.56026822854e-07, 2.04505354873e-08, -9.6128341398e-11, -7.76883695153e-08, -3.07185423765e-08, -6.17353563825e-08, -1.95983584916e-09, -2.13674383742e-10, -1.1510681297e-09, -1.42882883303e-09, -2.03484781108e-11, -1.07110596434e-11, -7.29333607397e-12, 7.66367405649e-16, 8.25669452836e-16], [-4.05342026491e-15, -1.06100843389e-10, -2.18269402552e-10, -6.52729467698e-11, -3.27158612701e-11, -1.37493336161e-10, -6.12182873838e-11, -2.40675673835e-10, -4.2185518967e-11, -8.55849002779e-11, -2.46835418771e-09, 2.52011456148e-09, 2.04505354873e-08, 4.64795935073e-09, 5.51861389919e-10, -2.21794715927e-09, -2.11803619088e-09, -3.76870890051e-09, 1.06741754324e-10, 4.03054326026e-11, 1.94679970929e-12, 5.15480574892e-11, 2.15474221175e-14, -1.87213647905e-13, 4.13328523968e-13, 2.3265361318e-16, 2.52861172324e-16], [-2.24872996167e-15, -6.33792462956e-11, -1.20384299751e-10, 3.13844471245e-11, -2.05750104454e-11, -2.71340797053e-11, 3.7122228902e-11, 3.68189229105e-11, 3.02394637108e-11, -1.26711488524e-11, -1.26467947226e-09, -3.2639013714e-10, -9.6128341398e-11, 5.51861389919e-10, 6.64191535105e-10, -6.00797633865e-10, -1.12863052237e-10, -2.59671534275e-10, 1.07980291375e-10, 2.27517067686e-11, -1.36151550104e-11, -1.99924868327e-11, 1.22472493843e-13, -7.18956144619e-14, -4.66352962649e-14, -2.70892915584e-16, -2.83554549368e-16], [-1.49821886668e-13, 1.48369245778e-08, 2.08625863252e-08, 8.13663980637e-09, 4.91018692372e-09, 6.11400841066e-09, 5.06121367039e-09, 9.34400823382e-09, 4.52844695076e-09, 2.31292118791e-09, 2.24341704325e-07, -1.93959621697e-08, -7.76883695153e-08, -2.21794715927e-09, -6.00797633865e-10, 7.24371886918e-07, 5.66857103479e-08, 2.77605749943e-07, 6.62474519686e-09, 2.05417083343e-09, 3.85315335194e-09, 6.1344453961e-09, 1.21156418231e-10, 7.81114894988e-11, 6.97718688381e-11, 3.74656597792e-14, 3.91620499321e-14], [-4.65121647794e-14, 6.75632527702e-09, 1.01467314551e-08, 3.63126417824e-09, 1.04472253071e-09, 1.75175329797e-09, 3.67460639694e-09, 4.60326354812e-09, 4.76020733942e-09, 2.51323895029e-09, 1.02618017195e-07, -7.08546332717e-09, -3.07185423765e-08, -2.11803619088e-09, -1.12863052237e-10, 5.66857103479e-08, 1.46024675018e-07, 1.2020785789e-07, 6.5328977783e-09, 1.09933473436e-09, 3.17312620624e-09, 3.18362958218e-09, 5.30240296115e-11, 3.78844421112e-11, 3.67611566188e-11, 1.60739409521e-14, 1.68147441093e-14], [-1.38426772757e-13, 1.69853748844e-08, 2.26573231288e-08, 1.62043090057e-08, 7.59859730692e-09, 5.05392572236e-09, 8.0429778393e-09, 1.58039910048e-08, 1.41547822352e-08, 6.14596240567e-09, 2.38730592628e-07, -1.04984279048e-08, -6.17353563825e-08, -3.76870890051e-09, -2.59671534275e-10, 2.77605749943e-07, 1.2020785789e-07, 5.79260927225e-07, 1.59865205518e-08, 2.50965115356e-09, 2.78757550376e-09, 2.65330868388e-09, 1.43472955738e-10, 1.1077678358e-10, 9.23368881356e-11, 3.06171273501e-14, 3.16967453803e-14], [-3.32833549811e-15, 6.68335053966e-10, 9.08483177575e-10, 7.08513081538e-10, 2.64456651022e-10, 1.78605547019e-10, 3.67274238799e-10, 8.23840329289e-10, 9.67812274766e-10, 3.8067191066e-10, 1.07722257781e-08, -4.03558603201e-10, -1.95983584916e-09, 1.06741754324e-10, 1.07980291375e-10, 6.62474519686e-09, 6.5328977783e-09, 1.59865205518e-08, 1.39347633432e-09, 1.18399623439e-10, 1.58181454046e-10, 1.80308656894e-10, 5.647513273e-12, 3.19581362242e-12, 2.62846146758e-12, 9.69463301209e-16, 1.01924586274e-15], [-6.69818619854e-16, 1.21941678977e-10, 1.59826263335e-10, 1.10192938108e-10, 4.07435682415e-11, 2.91346391457e-11, 6.05024086386e-11, 8.07368893962e-11, 9.7501132168e-11, 5.00871288889e-11, 1.66348135267e-09, -6.07808386954e-11, -2.13674383742e-10, 4.03054326026e-11, 2.27517067686e-11, 2.05417083343e-09, 1.09933473436e-09, 2.50965115356e-09, 1.18399623439e-10, 3.33538856256e-11, 4.66385818854e-11, 6.02078595313e-11, 1.17994372953e-12, 6.78790031995e-13, 5.55223835658e-13, 2.13011819106e-16, 2.23601504422e-16], [-1.47897013612e-15, 3.04678837715e-10, 3.99885347058e-10, 1.2442269437e-10, 1.88500067335e-13, 5.62505424184e-11, 1.59525434529e-10, 5.70797922816e-11, 1.39951994438e-10, 1.61701763091e-11, 3.6550196203e-09, -2.29167129717e-10, -1.1510681297e-09, 1.94679970929e-12, -1.36151550104e-11, 3.85315335194e-09, 3.17312620624e-09, 2.78757550376e-09, 1.58181454046e-10, 4.66385818854e-11, 2.56673321486e-10, 2.89913870688e-10, 2.33323755282e-12, 1.20398114221e-12, 1.25744044083e-12, 3.96377670346e-16, 4.18861365837e-16], [-1.89407281973e-15, 3.72082115119e-10, 4.8719261958e-10, 1.91832827401e-10, 2.80923739132e-11, 1.01835262445e-10, 1.86888324261e-10, 3.11393584529e-11, 8.13855441373e-11, 7.43170022049e-12, 4.71761785192e-09, -3.09207270899e-10, -1.42882883303e-09, 5.15480574892e-11, -1.99924868327e-11, 6.1344453961e-09, 3.18362958218e-09, 2.65330868388e-09, 1.80308656894e-10, 6.02078595313e-11, 2.89913870688e-10, 4.67466787502e-10, 2.98553889944e-12, 1.33016254261e-12, 1.28858534086e-12, 4.95113468741e-16, 5.25412207841e-16], [-2.21451106144e-17, 6.4464189195e-12, 8.8000579046e-12, 5.65510659134e-12, 2.01508493052e-12, 1.78720504108e-12, 2.7404740803e-12, 4.1317548341e-12, 4.80779695569e-12, 2.6778976172e-12, 9.97579449602e-11, -4.85779645676e-12, -2.03484781108e-11, 2.15474221175e-14, 1.22472493843e-13, 1.21156418231e-10, 5.30240296115e-11, 1.43472955738e-10, 5.647513273e-12, 1.17994372953e-12, 2.33323755282e-12, 2.98553889944e-12, 8.48245424096e-14, 3.88938962417e-14, 3.38140363691e-14, 1.31890292533e-17, 1.37999550753e-17], [-2.70218333251e-17, 4.37643541198e-12, 6.01795956817e-12, 3.07898823625e-12, 1.39721177336e-12, 1.29796564122e-12, 2.25889446037e-12, 3.21921048846e-12, 2.87118397634e-12, 1.22061182776e-12, 6.18689197096e-11, -2.45149842266e-12, -1.07110596434e-11, -1.87213647905e-13, -7.18956144619e-14, 7.81114894988e-11, 3.78844421112e-11, 1.1077678358e-10, 3.19581362242e-12, 6.78790031995e-13, 1.20398114221e-12, 1.33016254261e-12, 3.88938962417e-14, 3.37864468119e-14, 2.46318604077e-14, 1.04439203755e-17, 1.08880353008e-17], [-2.69587492228e-17, 3.77908078095e-12, 5.14883535113e-12, 2.24429242551e-12, 9.59965505525e-13, 1.24169511478e-12, 1.8458270936e-12, 2.56864017903e-12, 2.10695675316e-12, 7.74497924561e-13, 5.45212625047e-11, -1.68963161604e-12, -7.29333607397e-12, 4.13328523968e-13, -4.66352962649e-14, 6.97718688381e-11, 3.67611566188e-11, 9.23368881356e-11, 2.62846146758e-12, 5.55223835658e-13, 1.25744044083e-12, 1.28858534086e-12, 3.38140363691e-14, 2.46318604077e-14, 2.82169375213e-14, 7.53128012677e-18, 7.82823548513e-18], [-2.00489274217e-20, 1.78013799448e-15, 2.50956613448e-15, -1.43009442924e-16, 2.93361443892e-16, 6.50387313467e-16, 1.14377897598e-15, 1.26163101098e-15, 1.81070084904e-15, 1.87905947838e-16, 2.03488721912e-14, 5.61341545519e-16, 7.66367405649e-16, 2.3265361318e-16, -2.70892915584e-16, 3.74656597792e-14, 1.60739409521e-14, 3.06171273501e-14, 9.69463301209e-16, 2.13011819106e-16, 3.96377670346e-16, 4.95113468741e-16, 1.31890292533e-17, 1.04439203755e-17, 7.53128012677e-18, 5.13790538972e-20, 5.39376786282e-20], [-2.10589908822e-20, 1.85433236318e-15, 2.61082659398e-15, -1.36935250546e-16, 3.08677573053e-16, 6.70053936195e-16, 1.18573336489e-15, 1.31529711269e-15, 1.89268622679e-15, 1.96584329778e-16, 2.10487958443e-14, 6.18285717678e-16, 8.25669452836e-16, 2.52861172324e-16, -2.83554549368e-16, 3.91620499321e-14, 1.68147441093e-14, 3.16967453803e-14, 1.01924586274e-15, 2.23601504422e-16, 4.18861365837e-16, 5.25412207841e-16, 1.37999550753e-17, 1.08880353008e-17, 7.82823548513e-18, 5.39376786282e-20, 5.66358157706e-20]]
    },
    "mfcc": {
        "kurt": [4.28204965591, 13.8761501312, 5.94104862213, 1.85437059402, 2.36075878143, 0.849472284317, 1.15872573853, 0.21134352684, 0.653677463531, 0.691479444504, 0.0796365737915, 1.22639751434, 1.71614456177],
        "max": [-716.888122559, 186.63104248, 22.0710449219, 41.1947135925, 21.6151847839, 12.4719238281, 25.1412773132, 54.1557807922, 33.3822059631, -2.28881835938e-05, 25.9202919006, 22.9226016998, 15.4017868042],
        "mean": [-786.097229004, 132.86680603, -79.7935180664, 9.20581436157, -1.47597432137, -8.88377285004, -0.81530636549, 32.6657829285, 10.3691291809, -30.3270530701, 7.55191087723, 4.65285968781, -1.69984638691],
        "median": [-745.942871094, 135.573913574, -83.6468582153, 19.5390548706, 0.967639923096, -8.31996917725, -0.794574737549, 38.7424812317, 15.3568077087, -32.2608032227, 7.79948043823, 5.74872398376, -1.3529510498],
        "min": [-1138.42004395, 1.14440917969e-05, -140.189361572, -81.673866272, -47.2819824219, -46.6739616394, -31.0993080139, -13.4311676025, -38.5800476074, -49.5473861694, -14.058889389, -27.7801628113, -29.436580658],
        "skew": [-2.19064044952, -3.07306718826, 2.17720603943, -1.6994446516, -1.44683098793, -0.666799485683, -0.113022081554, -1.16192293167, -1.14672887325, 0.861176550388, -0.144272908568, -0.835243821144, -0.683958232403],
        "var": [8072.68359375, 526.937683105, 598.05291748, 725.135009766, 141.175735474, 92.8740692139, 61.7517242432, 265.447540283, 235.255615234, 95.2480926514, 50.6045036316, 77.7166366577, 48.9518661499],
        "cov": [[8100.71337891, 1443.92626953, -1521.16552734, 1775.65527344, 619.374755859, 164.235168457, -42.4515380859, 1119.89440918, 926.55859375, -535.756958008, 161.970703125, 68.3304138184, 209.050827026], [1443.92626953, 528.767333984, -316.216033936, 131.721954346, 40.5641975403, -29.4205970764, 12.6617183685, 171.292419434, 83.7760543823, -102.024032593, 21.5970783234, -17.1740818024, 7.89364719391], [-1521.16552734, -316.216033936, 600.129516602, -129.810928345, -111.685653687, -46.1694793701, -6.94378900528, -145.770065308, -87.5342102051, 94.9995422363, -44.3311004639, 11.5454006195, -20.9259376526], [1775.65527344, 131.721954346, -129.810928345, 727.652832031, 230.557479858, 97.9008102417, -29.5134277344, 272.280883789, 292.9375, -106.767913818, 13.6885042191, -1.99141991138, 74.169380188], [619.374755859, 40.5641975403, -111.685653687, 230.557479858, 141.665939331, 42.2525444031, -5.17134857178, 95.8387756348, 88.5392303467, -40.0832061768, -3.81654453278, -9.09092235565, 17.492067337], [164.235168457, -29.4205970764, -46.1694793701, 97.9008102417, 42.2525444031, 93.1965484619, 9.04844856262, -10.2068395615, 17.1746673584, -16.667760849, 3.49790024757, -13.7900848389, 10.2719163895], [-42.4515380859, 12.6617183685, -6.94378900528, -29.5134277344, -5.17134857178, 9.04844856262, 61.9661407471, 6.78766012192, -37.3200569153, -3.13433980942, 6.08616781235, -9.4336233139, -10.7725572586], [1119.89440918, 171.292419434, -145.770065308, 272.280883789, 95.8387756348, -10.2068395615, 6.78766012192, 266.369232178, 198.013946533, -81.0946273804, 22.4601421356, 36.5920333862, 34.2610015869], [926.55859375, 83.7760543823, -87.5342102051, 292.9375, 88.5392303467, 17.1746673584, -37.3200569153, 198.013946533, 236.072479248, -45.2503089905, 13.1335439682, 39.2514801025, 45.7490539551], [-535.756958008, -102.024032593, 94.9995422363, -106.767913818, -40.0832061768, -16.667760849, -3.13433980942, -81.0946273804, -45.2503089905, 95.5788192749, 5.9469408989, -24.4762706757, -18.2904434204], [161.970703125, 21.5970783234, -44.3311004639, 13.6885042191, -3.81654453278, 3.49790024757, 6.08616781235, 22.4601421356, 13.1335439682, 5.9469408989, 50.7802124023, 21.3795261383, 0.149779751897], [68.3304138184, -17.1740818024, 11.5454006195, -1.99141991138, -9.09092235565, -13.7900848389, -9.4336233139, 36.5920333862, 39.2514801025, -24.4762706757, 21.3795261383, 77.9864807129, 20.1675415039], [209.050827026, 7.89364719391, -20.9259376526, 74.169380188, 17.492067337, 10.2719163895, -10.7725572586, 34.2610015869, 45.7490539551, -18.2904434204, 0.149779751897, 20.1675415039, 49.1218414307]]
    },
    "sccoeffs": {
        "kurt": [3.23140239716, 2.62054252625, 0.939701557159, 3.26560592651, 5.50793933868, 0.766595125198],
        "max": [-0.451688885689, -0.601467132568, -0.59887689352, -0.489361613989, -0.528358995914, -0.662379920483],
        "mean": [-0.598741889, -0.794651091099, -0.73775601387, -0.695464730263, -0.609460353851, -0.757462799549],
        "median": [-0.590622425079, -0.798801958561, -0.730744838715, -0.698859214783, -0.588175714016, -0.754918217659],
        "min": [-0.955590546131, -0.941895067692, -0.944267034531, -0.897508203983, -0.956413567066, -0.921381056309],
        "skew": [-1.27455377579, 0.751665711403, -0.843739211559, 0.574612855911, -2.03342819214, -0.439429610968],
        "var": [0.00475988537073, 0.00204845145345, 0.00304116308689, 0.00266211805865, 0.00406401976943, 0.00166549405549],
        "cov": [[0.00477641262114, 0.000229459779803, 0.00146217574365, 0.000341022474458, 0.00290180463344, 0.00150051538367], [0.000229459779803, 0.00205556396395, -0.000105359678855, 3.37978162861e-05, 0.000163265925949, -8.35654282128e-05], [0.00146217574365, -0.000105359678855, 0.00305172265507, 0.000977498712018, 0.00193909427617, 0.00088977284031], [0.000341022474458, 3.37978162861e-05, 0.000977498712018, 0.00267136166804, 0.000541315996088, -1.89962520381e-05], [0.00290180463344, 0.000163265925949, 0.00193909427617, 0.000541315996088, 0.00407813116908, 0.00162816955708], [0.00150051538367, -8.35654282128e-05, 0.00088977284031, -1.89962520381e-05, 0.00162816955708, 0.0016712769866]]
    },
    "scvalleys": {
        "kurt": [5.30805873871, 16.3850650787, 18.0155410767, 12.5066699982, 7.53716468811, 7.24412727356],
        "max": [-7.32443094254, -6.13466978073, -5.33026885986, -6.93017292023, -7.91865301132, -10.2123365402],
        "mean": [-8.93070602417, -7.23477363586, -6.82430934906, -8.04986000061, -9.12742614746, -11.2242393494],
        "median": [-8.49019145966, -6.96246385574, -6.57245540619, -7.74098348618, -8.58988952637, -10.7329921722],
        "min": [-15.7327528, -14.6952762604, -14.2014427185, -15.9050092697, -17.218875885, -18.3621902466],
        "skew": [-2.24436879158, -3.33252120018, -3.81198620796, -3.23640179634, -2.76462769508, -2.7032020092],
        "var": [1.70312643051, 0.962007939816, 1.05956149101, 1.32077920437, 2.20555448532, 1.75841569901],
        "cov": [[1.70904016495, 1.06078779697, 1.00974321365, 1.23184931278, 1.76793932915, 1.56081771851], [1.06078779697, 0.965348243713, 0.899119496346, 0.992515802383, 1.27198565006, 1.15569543839], [1.00974321365, 0.899119496346, 1.06324052811, 1.04407429695, 1.30041980743, 1.18194389343], [1.23184931278, 0.992515802383, 1.04407429695, 1.32536530495, 1.59303402901, 1.41802680492], [1.76793932915, 1.27198565006, 1.30041980743, 1.59303402901, 2.2132127285, 1.95334982872], [1.56081771851, 1.15569543839, 1.18194389343, 1.41802680492, 1.95334982872, 1.76452124119]]
    }
},
"rhythm": {
    "beats_loudness": {
        "kurt": 0.517867803574,
        "max": 0.00707951420918,
        "mean": 0.00444491626695,
        "median": 0.00483032595366,
        "min": 0.000379669276299,
        "skew": -1.08822131157,
        "var": 3.0570574836e-06
    },
    "bpm": 129.231536865,
    "confidence": 3.74052619934,
    "first_peak_bpm": {
        "kurt": 0,
        "max": 129,
        "mean": 129,
        "median": 129,
        "min": 129,
        "skew": 0,
        "var": 0
    },
    "first_peak_spread": {
        "kurt": 0,
        "max": 0.400000035763,
        "mean": 0.400000035763,
        "median": 0.400000035763,
        "min": 0.400000035763,
        "skew": 0,
        "var": 0
    },
    "first_peak_weight": {
        "kurt": 0,
        "max": 0.5,
        "mean": 0.5,
        "median": 0.5,
        "min": 0.5,
        "skew": 0,
        "var": 0
    },
    "onset_rate": 0.749395906925,
    "second_peak_bpm": {
        "kurt": 0,
        "max": 117,
        "mean": 117,
        "median": 117,
        "min": 117,
        "skew": 0,
        "var": 0
    },
    "second_peak_spread": {
        "kurt": 0,
        "max": 0.5,
        "mean": 0.5,
        "median": 0.5,
        "min": 0.5,
        "skew": 0,
        "var": 0
    },
    "second_peak_weight": {
        "kurt": 0,
        "max": 0.0833333358169,
        "mean": 0.0833333358169,
        "median": 0.0833333358169,
        "min": 0.0833333358169,
        "skew": 0,
        "var": 0
    },
    "beats_loudness_band_ratio": {
        "kurt": [-0.34475851059, -0.754311323166, 7.41955089569, 3.13514041901, 0.56080532074, -1.19559895992],
        "max": [0.105518646538, 0.0148840136826, 0.435349881649, 0.909349560738, 0.754287362099, 0.0305728819221],
        "mean": [0.05375514552, 0.00771002424881, 0.0781466513872, 0.318076312542, 0.532873034477, 0.0183263961226],
        "median": [0.0541609525681, 0.00711975526065, 0.0474477149546, 0.254628002644, 0.582360744476, 0.0199285149574],
        "min": [0.00427838554606, 0.00285765645094, 0.0117731299251, 0.123020470142, 0.0517539232969, 0.00152556237299],
        "skew": [0.0865650624037, 0.42751827836, 3.001994133, 1.89527702332, -1.31956481934, -0.386000961065],
        "var": [0.00068405806087, 1.33393123178e-05, 0.010975304991, 0.0397831611335, 0.0477901063859, 9.01233870536e-05],
        "cov": [[0.000741062918678, 4.29029023508e-05, 0.000669641362038, -0.00198118574917, 0.000571686541662, 9.13536860025e-05], [4.29029023508e-05, 1.44509212987e-05, -7.44962526369e-05, -0.000278140214505, 0.000258684362052, 2.37829717662e-05], [0.000669641362038, -7.44962526369e-05, 0.0118899131194, 0.00371134351008, -0.0138859413564, -0.00044322758913], [-0.00198118574917, -0.000278140214505, 0.00371134351008, 0.04309842363, -0.042510908097, -0.00115086080041], [0.000571686541662, 0.000258684362052, -0.0138859413564, -0.042510908097, 0.0517726130784, 0.00130037101917], [9.13536860025e-05, 2.37829717662e-05, -0.00044322758913, -0.00115086080041, 0.00130037101917, 9.76336668828e-05]]
    },
    "beats_position": [0.487619042397, 0.986848056316, 1.49768710136, 1.97369611263, 2.43809509277, 2.89088439941, 3.35528349876, 3.8196823597, 4.27247142792, 4.73687076569, 5.20126962662, 5.66566896439, 6.14167785645],
    "bpm_estimates": [126.048034668, 129.199249268, 132.511962891, 129.19921875, 129.199279785, 132.512039185, 129.199157715, 129.199279785, 129.199157715, 126.048065186],
    "bpm_intervals": [0.49922901392, 0.510839045048, 0.476009011269, 0.464398980141, 0.452789306641, 0.46439909935, 0.464398860931, 0.452789068222, 0.464399337769, 0.464398860931, 0.464399337769, 0.476008892059],
    "onset_times": [0.0812698379159, 0.162539675832, 0.325079351664, 1.98530614376, 5.66566896439],
    "histogram": [[0, 0, 0, 0, 0, 0, 0, 0, 0, 0, 0, 0, 0, 0, 0, 0, 0, 0, 0, 0, 0, 0, 0, 0, 0, 0, 0, 0, 0, 0, 0, 0, 0, 0, 0, 0, 0, 0, 0, 0, 0, 0, 0, 0, 0, 0, 0, 0, 0, 0, 0, 0, 0, 0, 0, 0, 0, 0, 0, 0, 0, 0, 0, 0, 0, 0, 0, 0, 0, 0, 0, 0, 0, 0, 0, 0, 0, 0, 0, 0, 0, 0, 0, 0, 0, 0, 0, 0, 0, 0, 0, 0, 0, 0, 0, 0, 0, 0, 0, 0, 0, 0, 0, 0, 0, 0, 0, 0, 0, 0, 0, 0, 0, 0, 0, 0, 0, 0.0833333358169, 0, 0, 0.0833333358169, 0, 0, 0, 0, 0, 0.166666671634, 0, 0, 0.5, 0, 0, 0, 0.166666671634, 0, 0, 0, 0, 0, 0, 0, 0, 0, 0, 0, 0, 0, 0, 0, 0, 0, 0, 0, 0, 0, 0, 0, 0, 0, 0, 0, 0, 0, 0, 0, 0, 0, 0, 0, 0, 0, 0, 0, 0, 0, 0, 0, 0, 0, 0, 0, 0, 0, 0, 0, 0, 0, 0, 0, 0, 0, 0, 0, 0, 0, 0, 0, 0, 0, 0, 0, 0, 0, 0, 0, 0, 0, 0, 0, 0, 0, 0, 0, 0, 0, 0, 0, 0, 0, 0, 0, 0, 0, 0, 0, 0, 0, 0, 0, 0, 0, 0, 0, 0, 0, 0, 0, 0, 0, 0, 0, 0, 0, 0, 0, 0, 0, 0, 0, 0]]
},
"sfx": {
    "inharmonicity": {
        "kurt": -0.232286214828,
        "max": 0.412390381098,
        "mean": 0.10694103688,
        "median": 0.0646559819579,
        "min": 0,
        "skew": 0.926261246204,
        "var": 0.0115135358647
    },
    "oddtoevenharmonicenergyratio": {
        "kurt": 39.5451889038,
        "max": 33.6660194397,
        "mean": 1.76462781429,
        "median": 0.609467744827,
        "min": 0,
        "skew": 5.692445755,
        "var": 15.4931726456
    },
    "pitch_after_max_to_before_max_energy_ratio": 0.921025216579,
    "pitch_centroid": 147.221832275,
    "pitch_max_to_total": 0.515570938587,
    "pitch_min_to_total": 0.453287184238,
    "tristimulus": {
        "kurt": [0.310176134109, -1.14178812504, -0.746714115143],
        "max": [1, 0.961796104908, 0.927785515785],
        "mean": [0.264972954988, 0.503484785557, 0.231542304158],
        "median": [0.112882107496, 0.475486069918, 0.031033391133],
        "min": [0, 0, 0],
        "skew": [1.34818220139, -0.0938299819827, 0.786037504673],
        "var": [0.0947331041098, 0.0826456025243, 0.0764221847057],
        "cov": [[0.0950620397925, -0.0506535582244, -0.0444084852934], [-0.0506535582244, 0.082932561636, -0.032279022038], [-0.0444084852934, -0.032279022038, 0.0766875445843]]
    }
},
"tonal": {
    "chords_changes_rate": 0.103448279202,
    "chords_number_rate": 0.0551724135876,
    "chords_strength": {
        "kurt": -0.16440320015,
        "max": 0.467851579189,
        "mean": 0.422344177961,
        "median": 0.427393317223,
        "min": 0.339586734772,
        "skew": -0.625898659229,
        "var": 0.000803567352705
    },
    "key_strength": 0.590743303299,
    "tuning_diatonic_strength": 0.269834905863,
    "tuning_equal_tempered_deviation": 0.115939199924,
    "tuning_frequency": 445.369720459,
    "tuning_nontempered_energy_ratio": 0.738397717476,
    "hpcp": {
        "kurt": [32.378780365, 30.0972175598, -0.823577404022, -0.950498819351, 0.49324631691, 9.50844097137, 14.1866950989, 31.1609954834, 23.3638572693, 28.6265888214, 6.54139232635, -1.19889163971, -1.02331066132, 1.87082672119, 1.30093050003, 0.52806019783, 8.45479393005, 24.5626373291, 12.4752140045, 7.12295150757, 3.88046503067, 4.24024629593, 1.79692602158, -0.069687128067, 0.685299873352, 0.850517034531, 0.342633724213, 0.617785692215, 3.5910449028, 8.7143611908, 18.0542240143, 6.48332214355, 26.5551624298, 45.1923904419, 33.8052520752, 22.0375995636],
        "max": [0.673543095589, 0.659891426563, 0.805946886539, 1, 1, 1, 1, 0.960884869099, 0.71816945076, 0.932542681694, 1, 1, 1, 0.836915075779, 1, 1, 0.938902020454, 1, 0.799305081367, 1, 1, 1, 1, 1, 1, 0.801201403141, 1, 1, 0.984266400337, 0.845445752144, 1, 0.435947328806, 0.471284806728, 0.558662652969, 0.451745867729, 0.418361693621],
