{
"metadata": {
    "version": {
        "essentia": "2.1-beta3"
    }
},
"lowLevel": {
    "average_loudness": 0.963724195957,
    "barkbands_kurtosis": {
        "kurt": 10.8434429169,
        "max": 11.3892822266,
        "mean": 0.385110586882,
        "median": 0.247770190239,
        "min": -1.84281432629,
        "skew": 2.2065205574,
        "var": 2.7532017231
    },
    "barkbands_skewness": {
        "kurt": 3.46155595779,
        "max": 1.77182877064,
        "mean": -1.17750883102,
        "median": -1.28916287422,
        "min": -3.39320421219,
        "skew": 1.01800251007,
        "var": 0.410301685333
    },
    "barkbands_spread": {
        "kurt": 11.3458337784,
        "max": 51.7089118958,
        "mean": 19.1206588745,
        "median": 18.0916862488,
        "min": 9.62516117096,
        "skew": 2.66085410118,
        "var": 32.3992233276
    },
    "dissonance": {
        "kurt": 6.74379348755,
        "max": 0.499490916729,
        "mean": 0.477570950985,
        "median": 0.481049239635,
        "min": 0.393871128559,
        "skew": -1.78917682171,
        "var": 0.000187129699043
    },
    "hfc": {
        "kurt": -0.593676805496,
        "max": 130.175231934,
        "mean": 54.4006881714,
        "median": 61.5330810547,
        "min": 1.1648714728e-16,
        "skew": -0.378278911114,
        "var": 918.156311035
    },
    "pitch": {
        "kurt": 6.39178085327,
        "max": 3751.55371094,
        "mean": 3002.1472168,
        "median": 3198.23876953,
        "min": 156.131561279,
        "skew": -2.83478069305,
        "var": 554954.1875
    },
    "pitch_instantaneous_confidence": {
        "kurt": 6.104804039,
        "max": 0.884605944157,
        "mean": 0.671007692814,
        "median": 0.684743583202,
        "min": 0.1337210536,
        "skew": -1.70571267605,
        "var": 0.00989111047238
    },
    "pitch_salience": {
        "kurt": 0.491433143616,
        "max": 0.86122584343,
        "mean": 0.641160190105,
        "median": 0.636039495468,
        "min": 0.469972014427,
        "skew": 0.427822202444,
        "var": 0.00400082394481
    },
    "silence_rate_20dB": {
        "kurt": 0,
        "max": 1,
        "mean": 1,
        "median": 1,
        "min": 1,
        "skew": 0,
        "var": 0
    },
    "silence_rate_30dB": {
        "kurt": 0,
        "max": 1,
        "mean": 1,
        "median": 1,
        "min": 1,
        "skew": 0,
        "var": 0
    },
    "silence_rate_60dB": {
        "kurt": 2.97256326675,
        "max": 1,
        "mean": 0.127777785063,
        "median": 0,
        "min": 0,
        "skew": 2.22992563248,
        "var": 0.111450791359
    },
    "spectral_centroid": {
        "kurt": 99.4861450195,
        "max": 10777.9775391,
        "mean": 2542.38183594,
        "median": 2577.74951172,
        "min": 645.016113281,
        "skew": 8.46310424805,
        "var": 501295.5625
    },
    "spectral_complexity": {
        "kurt": 0.972397089005,
        "max": 34,
        "mean": 23.4722213745,
        "median": 27,
        "min": 0,
        "skew": -1.50533032417,
        "var": 89.3936843872
    },
    "spectral_crest": {
        "kurt": -0.577057361603,
        "max": 19.2780990601,
        "mean": 11.7261762619,
        "median": 11.8671779633,
        "min": 4.5851020813,
        "skew": -0.0721126422286,
        "var": 9.96317195892
    },
    "spectral_decrease": {
        "kurt": -0.458508491516,
        "max": -8.1651960645e-29,
        "mean": -4.2372807485e-09,
        "median": -4.92691665244e-09,
        "min": -8.95391316647e-09,
        "skew": 0.674953281879,
        "var": 4.7482024181e-18
    },
    "spectral_energy": {
        "kurt": -0.499183654785,
        "max": 0.0456014089286,
        "mean": 0.0209267940372,
        "median": 0.0243051182479,
        "min": 1.08738966128e-20,
        "skew": -0.603841364384,
        "var": 0.00011996646208
    },
    "spectral_energyband_high": {
        "kurt": -0.178580284119,
        "max": 0.00174684741069,
        "mean": 0.000630106718745,
        "median": 0.000662914302666,
        "min": 7.94807719902e-21,
        "skew": 0.0198152009398,
        "var": 1.3971896351e-07
    },
    "spectral_energyband_low": {
        "kurt": -1.05454385281,
        "max": 0.000230029210798,
        "mean": 9.03860345716e-05,
        "median": 0.000107220614154,
        "min": 7.00530698159e-23,
        "skew": -0.158897027373,
        "var": 3.78157771763e-09
    },
    "spectral_energyband_middle_high": {
        "kurt": -0.60694861412,
        "max": 0.0414587594569,
        "mean": 0.0169058833271,
        "median": 0.0192327722907,
        "min": 1.67189953416e-21,
        "skew": -0.325931936502,
        "var": 9.20452584978e-05
    },
    "spectral_energyband_middle_low": {
        "kurt": 0.82877779007,
        "max": 0.00898876320571,
        "mean": 0.00348986615427,
        "median": 0.00386956543662,
        "min": 3.43432021348e-22,
        "skew": -0.585960507393,
        "var": 2.67231848738e-06
    },
    "spectral_flatness_db": {
        "kurt": 9.19923019409,
        "max": 0.303000628948,
        "mean": 0.23587025702,
        "median": 0.237679362297,
        "min": 0.0710384398699,
        "skew": -2.29140496254,
        "var": 0.000860242696945
    },
    "spectral_flux": {
        "kurt": 0.849882602692,
        "max": 0.150038793683,
        "mean": 0.0773044228554,
        "median": 0.0843795090914,
        "min": 1.04277975144e-10,
        "skew": -1.02435004711,
        "var": 0.000898390600923
    },
    "spectral_kurtosis": {
        "kurt": 4.82601165771,
        "max": 13.4002666473,
        "mean": 4.26921653748,
        "median": 3.91595339775,
        "min": -1.2163592577,
        "skew": 1.35543704033,
        "var": 2.87760066986
    },
    "spectral_rms": {
        "kurt": 0.631455183029,
        "max": 0.00667002098635,
        "mean": 0.0041976030916,
        "median": 0.00486952718347,
        "min": 3.25709684917e-12,
        "skew": -1.31798601151,
        "var": 2.79649998447e-06
    },
    "spectral_rolloff": {
        "kurt": 145.609207153,
        "max": 18712.3535156,
        "mean": 3428.20556641,
        "median": 3283.81347656,
        "min": 796.728515625,
        "skew": 11.5148305893,
        "var": 1429463.25
    },
    "spectral_skewness": {
        "kurt": 12.1025600433,
        "max": 2.67655205727,
        "mean": 1.18454194069,
        "median": 1.14654684067,
        "min": 0.0169789772481,
        "skew": 1.43873345852,
        "var": 0.0563991181552
    },
    "spectral_spread": {
        "kurt": 148.220123291,
        "max": 41909428,
        "mean": 3374203.5,
        "median": 3045514.5,
        "min": 2695430.25,
        "skew": 11.922665596,
        "var": 9.01588503757e+12
    },
    "spectral_strongpeak": {
        "kurt": 0.337414741516,
        "max": 17.7546157837,
        "mean": 4.84804916382,
        "median": 4.66531229019,
        "min": 4.55674920019e-09,
        "skew": 0.760555803776,
        "var": 13.7123403549
    },
    "zerocrossingrate": {
        "kurt": 68.9857025146,
        "max": 0.48095703125,
        "mean": 0.126318365335,
        "median": 0.12646484375,
        "min": 0.0234375,
        "skew": 7.4359331131,
        "var": 0.00123499694746
    },
    "barkbands": {
        "kurt": [17.9455051422, 3.09504699707, -0.353477478027, -1.02410721779, 45.0045471191, 35.3152961731, 0.0785138607025, 10.3889274597, 16.5759010315, 16.9757289886, -1.0482609272, -0.231855392456, -0.832818746567, 1.91683292389, 21.6133003235, -0.0555095672607, -0.671064853668, -0.0408751964569, 4.94150304794, 0.295571327209, 0.109884977341, -0.0274157524109, -0.416546583176, -0.377457857132, -0.220583677292, 8.35161495209, 8.71684455872],
        "max": [3.74762379352e-07, 1.88819903997e-05, 3.01529271383e-05, 0.000411619315855, 0.000215423977352, 0.000575788202696, 0.00467922026291, 0.00173814990558, 0.00800489913672, 0.00238833436742, 0.00117456435692, 0.000328454305418, 0.00251730950549, 0.000197587753064, 0.000740688759834, 0.00149571709335, 0.000649485853501, 0.0325595848262, 0.0171175859869, 0.00614006770775, 0.000271751690889, 0.000423967838287, 2.87782149826e-05, 2.08220026252e-05, 4.58190788777e-06, 5.36977173837e-09, 5.55747714515e-09],
        "mean": [3.33463461288e-08, 3.53919494955e-06, 9.61444493441e-06, 0.000148363033077, 1.43824154293e-05, 2.39395776589e-05, 0.0015732900938, 0.000230533652939, 0.00137542979792, 0.000193012441741, 0.000429530802649, 0.000109677246655, 0.000867722090334, 4.20236974605e-05, 7.7596938354e-05, 0.00045434810454, 0.000245683360845, 0.00952067319304, 0.00345290196128, 0.00190711463802, 8.85519621079e-05, 0.000136590912007, 1.23465270008e-05, 8.19549859443e-06, 1.69712552633e-06, 5.51177492536e-10, 5.51105217017e-10],
        "median": [1.79808719025e-08, 2.33776108871e-06, 1.0108724382e-05, 0.000167833219166, 1.0329475117e-05, 6.02576892561e-06, 0.00188402761705, 0.000164683224284, 0.00139046693221, 9.40341633395e-05, 0.000463137490442, 0.00011068204185, 0.000905868946575, 3.09160823235e-05, 6.22320949333e-05, 0.000447338970844, 0.000255274935625, 0.0096689928323, 0.00341715011746, 0.0019029713003, 8.57896884554e-05, 0.000147887971252, 1.31218293973e-05, 8.73876524565e-06, 1.89624938685e-06, 1.83953074995e-10, 1.67148600516e-10],
        "min": [1.56779194491e-23, 8.03806190615e-24, 3.4639570235e-23, 2.49318037591e-23, 3.12974695021e-23, 3.33754301007e-23, 1.03255493254e-22, 6.6364640213e-23, 7.51255337889e-23, 2.56061646594e-23, 8.29270841516e-23, 5.10643547901e-23, 2.65499354427e-22, 9.07254601381e-23, 2.51158620477e-22, 1.40593908107e-22, 1.14070435476e-22, 2.1742692817e-22, 3.08524989401e-22, 3.89990188078e-22, 5.24248886783e-22, 5.18435549892e-22, 6.99747693757e-22, 9.28055853709e-22, 1.19279787642e-21, 1.55124203439e-21, 2.49008587022e-21],
        "skew": [3.56530427933, 1.71183764935, 0.346252143383, -0.0420765019953, 5.96803092957, 5.46531057358, -0.0520987994969, 2.78842568398, 2.56239938736, 3.88407182693, 0.10457047075, 0.4223048985, 0.155740648508, 1.40065896511, 3.91005969048, 0.374111682177, 0.268773466349, 0.385919809341, 1.2130753994, 0.545976579189, 0.390974879265, -0.0567764081061, -0.15248568356, -0.0402111671865, -0.167855456471, 2.76832938194, 2.80766105652],
        "var": [2.15162928097e-15, 1.2654047081e-11, 4.37610676862e-11, 1.16723253285e-08, 4.74628836233e-10, 4.2568384373e-09, 1.07146217942e-06, 6.02481549095e-08, 8.10474148238e-07, 1.12362158688e-07, 9.97171198946e-08, 5.79945469426e-09, 4.10344796364e-07, 1.58268931294e-09, 7.82199016669e-09, 8.77429542356e-08, 2.97716269415e-08, 4.10452448705e-05, 5.91781099502e-06, 1.68903034137e-06, 3.16353299112e-09, 6.49658016272e-09, 4.9676332492e-11, 2.40748219971e-11, 9.36950929169e-13, 8.4723876013e-19, 8.8350385745e-19],
        "cov": [[2.16364952552e-15, 5.34362288305e-14, 9.09572777882e-14, 1.51926550767e-12, -1.32273012327e-14, -1.74967625024e-13, 1.45184324632e-11, 2.30313706474e-12, 3.01417571458e-12, -1.45906735045e-12, 3.34601920823e-12, 9.55338455913e-13, 7.36002925272e-12, 2.00119407807e-13, 3.42667734465e-13, 2.34712596581e-12, 1.41995226341e-12, 8.02248267817e-11, 2.20318607108e-11, 1.14442084281e-11, 3.92108302208e-13, 7.82986034949e-13, 6.88781375143e-14, 3.29938916357e-14, 1.35193251586e-14, 5.37825761888e-18, 5.60043295474e-18], [5.34362288305e-14, 1.27247396647e-11, 7.65612052922e-12, 1.02876922259e-10, 4.98762749851e-12, -2.1914291562e-11, 7.24174664679e-10, 4.65487717816e-11, 2.808138444e-10, 5.0057034906e-11, 3.4038327712e-10, 3.8039425776e-11, 4.17321566193e-10, 1.88659400602e-11, 3.81303599806e-11, 1.87589679901e-10, 1.45023007492e-10, 7.28699234287e-09, 1.95491711708e-09, 7.62596485959e-10, 4.79554486399e-11, 7.03570951499e-11, 6.45663297133e-12, 3.97993443757e-12, 1.28741472778e-12, 3.86036271563e-16, 3.88727639343e-16], [9.09572777882e-14, 7.65612052922e-12, 4.40055457351e-11, 5.13297737648e-10, -1.16535461836e-11, -8.11919559363e-11, 4.62774263355e-09, 4.05108585566e-10, 1.20753573807e-09, -2.4294558032e-10, 1.11155817883e-09, 2.16555440247e-10, 2.37245956214e-09, 8.79744402327e-11, 2.20375426241e-10, 7.44295181043e-10, 6.15653472646e-10, 2.41197177786e-08, 8.32326652045e-09, 4.59336080283e-09, 1.67500749382e-10, 3.10814540772e-10, 2.53552491503e-11, 1.85612549636e-11, 3.94677042784e-12, 1.40328742465e-15, 1.38963822986e-15], [1.51926550767e-12, 1.02876922259e-10, 5.13297737648e-10, 1.17375336117e-08, 1.5696421593e-11, -2.49093035087e-09, 6.37338146703e-08, 3.39240163738e-10, 1.40657521186e-08, -1.13707505633e-08, 2.6269137976e-08, 5.16983389431e-09, 4.65099070368e-08, 2.20835194575e-09, 1.50900969498e-09, 1.51484478295e-08, 1.36729632061e-08, 4.90589400215e-07, 1.65050295209e-07, 9.02150318893e-08, 2.98961411183e-09, 6.14775030883e-09, 4.66669758392e-10, 3.61415980477e-10, 7.71131700161e-11, 2.48260172999e-14, 2.46665413247e-14], [-1.32273012327e-14, 4.98762749851e-12, -1.16535461836e-11, 1.5696421593e-11, 4.77280381883e-10, -2.38313709044e-11, -3.71280539646e-09, -2.27138793885e-10, 1.89144233609e-09, -9.90091481023e-11, -4.50287140907e-10, -1.38768566083e-10, -1.52396206765e-09, -4.06689820709e-11, -1.8839524385e-10, -1.9415972996e-10, -2.47474901682e-10, -6.54119380883e-09, -4.17861389934e-09, -2.99298386075e-09, -1.01076244596e-10, -1.44043207917e-10, -1.16555359114e-11, -1.04852151267e-11, -1.60889834441e-12, -1.18431701993e-15, -1.18017576997e-15], [-1.74967625024e-13, -2.1914291562e-11, -8.11919559363e-11, -2.49093035087e-09, -2.38313709044e-11, 4.28061985858e-09, -2.45331541748e-08, -1.04488862007e-09, 3.09895682449e-08, 9.98483429271e-09, -6.06472028153e-09, -1.1996537097e-09, -1.38825768659e-08, -3.36444483384e-10, -7.90845278154e-10, -1.26417232238e-09, -2.86248180714e-09, -8.08119793305e-08, -2.85707493219e-08, -1.48737440142e-08, -3.26827315211e-10, -1.03878139424e-09, -3.06044876941e-11, -6.62007462737e-11, -1.34062596094e-11, -6.18516925909e-15, -6.24573296185e-15], [1.45184324632e-11, 7.24174664679e-10, 4.62774263355e-09, 6.37338146703e-08, -3.71280539646e-09, -2.45331541748e-08, 1.07744790512e-06, 1.52813555587e-07, 9.06344297391e-08, -7.69840440284e-08, 1.58454369625e-07, 4.77818957734e-08, 4.64571002112e-07, 1.40373472846e-08, 6.13924200366e-08, 1.45105715887e-07, 1.05690624252e-07, 3.72845306629e-06, 1.42335522924e-06, 8.30241731364e-07, 3.11197574376e-08, 5.18002742922e-08, 4.29817381686e-09, 3.28986371478e-09, 6.37222219435e-10, 2.18034046221e-13, 2.19165221453e-13], [2.30313706474e-12, 4.65487717816e-11, 4.05108585566e-10, 3.39240163738e-10, -2.27138793885e-10, -1.04488862007e-09, 1.52813555587e-07, 6.0584731898e-08, -4.8372497119e-09, 2.67697253253e-10, -2.4014708e-09, 4.9356270182e-09, 3.12319876627e-08, 1.89320270572e-09, 1.33980586625e-08, 1.95208968989e-08, 3.74518061008e-09, 2.1888565982e-07, 1.95150192894e-07, 3.70088208967e-08, 3.7510652362e-09, 1.56337254253e-09, 3.88416188102e-10, 2.71282107889e-10, 3.61262131321e-11, 2.38471995785e-14, 2.50841505905e-14], [3.01417571458e-12, 2.808138444e-10, 1.20753573807e-09, 1.40657521186e-08, 1.89144233609e-09, 3.09895682449e-08, 9.06344297391e-08, -4.8372497119e-09, 8.15001953924e-07, 9.68921014532e-08, 6.54080878348e-08, 9.68526503442e-09, 1.20383447211e-07, 4.48176207257e-09, 5.97185589868e-09, 7.80893429919e-08, 2.87287402756e-08, 1.07932828541e-06, 4.05984934559e-07, 3.30717853103e-07, 1.36110571702e-08, 1.81912991337e-08, 1.79271153478e-09, 1.17766263408e-09, 2.29919000505e-10, 5.94551738029e-14, 5.90949815124e-14], [-1.45906735045e-12, 5.0057034906e-11, -2.4294558032e-10, -1.13707505633e-08, -9.90091481023e-11, 9.98483429271e-09, -7.69840440284e-08, 2.67697253253e-10, 9.68921014532e-08, 1.12989880563e-07, -2.0481223828e-08, -3.59928975513e-09, -5.67188536138e-08, -9.70845293047e-10, 6.1850674582e-10, 7.08665393034e-09, -9.74417435629e-09, -3.67502480003e-07, -1.09715386998e-07, -5.03152932652e-08, 6.74506950293e-10, -2.98041880065e-09, 1.39679684485e-10, -1.37597017114e-10, -3.5609279414e-11, -1.12594556549e-14, -1.18979567138e-14], [3.34601920823e-12, 3.4038327712e-10, 1.11155817883e-09, 2.6269137976e-08, -4.50287140907e-10, -6.06472028153e-09, 1.58454369625e-07, -2.4014708e-09, 6.54080878348e-08, -2.0481223828e-08, 1.0027419961e-07, 1.50876768856e-08, 1.33001407221e-07, 6.58930998654e-09, 3.86925513851e-09, 4.12684180162e-08, 3.80536491207e-08, 1.27246619286e-06, 4.71988073514e-07, 2.13673416738e-07, 8.50705994537e-09, 1.78555730201e-08, 1.21588072943e-09, 1.00523700475e-09, 2.12923137455e-10, 6.50372225693e-14, 6.52563466046e-14], [9.55338455913e-13, 3.8039425776e-11, 2.16555440247e-10, 5.16983389431e-09, -1.38768566083e-10, -1.1996537097e-09, 4.77818957734e-08, 4.9356270182e-09, 9.68526503442e-09, -3.59928975513e-09, 1.50876768856e-08, 5.83185411074e-09, 2.77766787349e-08, 1.53298029826e-09, 1.73761405264e-09, 1.12909894767e-08, 7.87049447837e-09, 2.4712863933e-07, 1.14564457476e-07, 4.46141186217e-08, 2.30760099917e-09, 3.85768128552e-09, 3.03442687644e-10, 2.30931773704e-10, 4.70819598586e-11, 1.69442910224e-14, 1.71291813741e-14], [7.36002925272e-12, 4.17321566193e-10, 2.37245956214e-09, 4.65099070368e-08, -1.52396206765e-09, -1.38825768659e-08, 4.64571002112e-07, 3.12319876627e-08, 1.20383447211e-07, -5.67188536138e-08, 1.33001407221e-07, 2.77766787349e-08, 4.12637234604e-07, 1.36751392432e-08, 1.54855506196e-08, 8.876746449e-08, 6.8355639371e-08, 2.09698850995e-06, 8.35003390875e-07, 5.06998901528e-07, 1.85800992369e-08, 3.44231310123e-08, 2.333675031e-09, 2.19934603862e-09, 3.87962301174e-10, 1.31019096939e-13, 1.320951947e-13], [2.00119407807e-13, 1.88659400602e-11, 8.79744402327e-11, 2.20835194575e-09, -4.06689820709e-11, -3.36444483384e-10, 1.40373472846e-08, 1.89320270572e-09, 4.48176207257e-09, -9.70845293047e-10, 6.58930998654e-09, 1.53298029826e-09, 1.36751392432e-08, 1.59153112911e-09, 3.63102298229e-10, 6.45552722389e-09, 2.84617573953e-09, 1.05878434908e-07, 4.91586966689e-08, 1.79902013286e-08, 9.77060654606e-10, 1.35752631358e-09, 1.23601226476e-10, 1.19022874889e-10, 1.88213975655e-11, 5.19146662779e-15, 5.27450126761e-15], [3.42667734465e-13, 3.81303599806e-11, 2.20375426241e-10, 1.50900969498e-09, -1.8839524385e-10, -7.90845278154e-10, 6.13924200366e-08, 1.33980586625e-08, 5.97185589868e-09, 6.1850674582e-10, 3.86925513851e-09, 1.73761405264e-09, 1.54855506196e-08, 3.63102298229e-10, 7.86568854494e-09, 4.31541824497e-09, 3.50961082418e-09, 1.12012486397e-07, 5.90982018878e-08, 3.3404042199e-08, 1.18979404107e-09, 1.68361380393e-09, 2.27295737787e-10, 1.40992398312e-10, 2.04618804539e-11, 4.58089393919e-15, 4.7247836611e-15], [2.34712596581e-12, 1.87589679901e-10, 7.44295181043e-10, 1.51484478295e-08, -1.9415972996e-10, -1.26417232238e-09, 1.45105715887e-07, 1.95208968989e-08, 7.80893429919e-08, 7.08665393034e-09, 4.12684180162e-08, 1.12909894767e-08, 8.876746449e-08, 6.45552722389e-09, 4.31541824497e-09, 8.82331363528e-08, 2.8221993631e-08, 8.12615382983e-07, 3.6830763861e-07, 1.82272927418e-07, 8.4091960062e-09, 1.25534276307e-08, 1.20654597424e-09, 8.33034197179e-10, 1.63654728658e-10, 5.42690079073e-14, 5.44217143952e-14], [1.41995226341e-12, 1.45023007492e-10, 6.15653472646e-10, 1.36729632061e-08, -2.47474901682e-10, -2.86248180714e-09, 1.05690624252e-07, 3.74518061008e-09, 2.87287402756e-08, -9.74417435629e-09, 3.80536491207e-08, 7.87049447837e-09, 6.8355639371e-08, 2.84617573953e-09, 3.50961082418e-09, 2.8221993631e-08, 2.99379472324e-08, 6.53075915125e-07, 2.3229188173e-07, 1.11040002082e-07, 4.61095828186e-09, 1.02602424334e-08, 7.48022310759e-10, 5.14636666615e-10, 1.15071313589e-10, 3.66375326074e-14, 3.7288802688e-14], [8.02248267817e-11, 7.28699234287e-09, 2.41197177786e-08, 4.90589400215e-07, -6.54119380883e-09, -8.08119793305e-08, 3.72845306629e-06, 2.1888565982e-07, 1.07932828541e-06, -3.67502480003e-07, 1.27246619286e-06, 2.4712863933e-07, 2.09698850995e-06, 1.05878434908e-07, 1.12012486397e-07, 8.12615382983e-07, 6.53075915125e-07, 4.12745466747e-05, 8.40397933644e-06, 4.22274933953e-06, 1.84559468153e-07, 3.18065957572e-07, 2.66691770889e-08, 1.97877767505e-08, 4.95272667322e-09, 1.47166035868e-12, 1.47539944671e-12], [2.20318607108e-11, 1.95491711708e-09, 8.32326652045e-09, 1.65050295209e-07, -4.17861389934e-09, -2.85707493219e-08, 1.42335522924e-06, 1.95150192894e-07, 4.05984934559e-07, -1.09715386998e-07, 4.71988073514e-07, 1.14564457476e-07, 8.35003390875e-07, 4.91586966689e-08, 5.90982018878e-08, 3.6830763861e-07, 2.3229188173e-07, 8.40397933644e-06, 5.95087158217e-06, 1.53284008775e-06, 8.03704836017e-08, 1.0710441245e-07, 1.07155013751e-08, 7.89149368075e-09, 1.47072742873e-09, 5.74587469618e-13, 5.78603408675e-13], [1.14442084281e-11, 7.62596485959e-10, 4.59336080283e-09, 9.02150318893e-08, -2.99298386075e-09, -1.48737440142e-08, 8.30241731364e-07, 3.70088208967e-08, 3.30717853103e-07, -5.03152932652e-08, 2.13673416738e-07, 4.46141186217e-08, 5.06998901528e-07, 1.79902013286e-08, 3.3404042199e-08, 1.82272927418e-07, 1.11040002082e-07, 4.22274933953e-06, 1.53284008775e-06, 1.69846623521e-06, 4.22184882609e-08, 6.44196234134e-08, 5.38860245314e-09, 4.25539603555e-09, 8.05192912345e-10, 1.98585925807e-13, 1.911214649e-13], [3.92108302208e-13, 4.79554486399e-11, 1.67500749382e-10, 2.98961411183e-09, -1.01076244596e-10, -3.26827315211e-10, 3.11197574376e-08, 3.7510652362e-09, 1.36110571702e-08, 6.74506950293e-10, 8.50705994537e-09, 2.30760099917e-09, 1.85800992369e-08, 9.77060654606e-10, 1.18979404107e-09, 8.4091960062e-09, 4.61095828186e-09, 1.84559468153e-07, 8.03704836017e-08, 4.22184882609e-08, 3.18120640941e-09, 2.70060795948e-09, 2.60232557725e-10, 1.80391576676e-10, 3.39404684913e-11, 1.09218054522e-14, 1.09256408174e-14], [7.82986034949e-13, 7.03570951499e-11, 3.10814540772e-10, 6.14775030883e-09, -1.44043207917e-10, -1.03878139424e-09, 5.18002742922e-08, 1.56337254253e-09, 1.81912991337e-08, -2.98041880065e-09, 1.78555730201e-08, 3.85768128552e-09, 3.44231310123e-08, 1.35752631358e-09, 1.68361380393e-09, 1.25534276307e-08, 1.02602424334e-08, 3.18065957572e-07, 1.0710441245e-07, 6.44196234134e-08, 2.70060795948e-09, 6.53287379748e-09, 3.89626580999e-10, 2.67554201017e-10, 5.62543484017e-11, 2.10606424471e-14, 2.10071980563e-14], [6.88781375143e-14, 6.45663297133e-12, 2.53552491503e-11, 4.66669758392e-10, -1.16555359114e-11, -3.06044876941e-11, 4.29817381686e-09, 3.88416188102e-10, 1.79271153478e-09, 1.39679684485e-10, 1.21588072943e-09, 3.03442687644e-10, 2.333675031e-09, 1.23601226476e-10, 2.27295737787e-10, 1.20654597424e-09, 7.48022310759e-10, 2.66691770889e-08, 1.07155013751e-08, 5.38860245314e-09, 2.60232557725e-10, 3.89626580999e-10, 4.99538535537e-11, 2.33856909532e-11, 4.69924923627e-12, 2.00877315101e-15, 2.00713858918e-15], [3.29938916357e-14, 3.97993443757e-12, 1.85612549636e-11, 3.61415980477e-10, -1.04852151267e-11, -6.62007462737e-11, 3.28986371478e-09, 2.71282107889e-10, 1.17766263408e-09, -1.37597017114e-10, 1.00523700475e-09, 2.30931773704e-10, 2.19934603862e-09, 1.19022874889e-10, 1.40992398312e-10, 8.33034197179e-10, 5.14636666615e-10, 1.97877767505e-08, 7.89149368075e-09, 4.25539603555e-09, 1.80391576676e-10, 2.67554201017e-10, 2.33856909532e-11, 2.42093168429e-11, 3.41231296691e-12, 1.06626476752e-15, 1.06438816603e-15], [1.35193251586e-14, 1.28741472778e-12, 3.94677042784e-12, 7.71131700161e-11, -1.60889834441e-12, -1.34062596094e-11, 6.37222219435e-10, 3.61262131321e-11, 2.29919000505e-10, -3.5609279414e-11, 2.12923137455e-10, 4.70819598586e-11, 3.87962301174e-10, 1.88213975655e-11, 2.04618804539e-11, 1.63654728658e-10, 1.15071313589e-10, 4.95272667322e-09, 1.47072742873e-09, 8.05192912345e-10, 3.39404684913e-11, 5.62543484017e-11, 4.69924923627e-12, 3.41231296691e-12, 9.42185240417e-13, 2.28548468001e-16, 2.29652257811e-16], [5.37825761888e-18, 3.86036271563e-16, 1.40328742465e-15, 2.48260172999e-14, -1.18431701993e-15, -6.18516925909e-15, 2.18034046221e-13, 2.38471995785e-14, 5.94551738029e-14, -1.12594556549e-14, 6.50372225693e-14, 1.69442910224e-14, 1.31019096939e-13, 5.19146662779e-15, 4.58089393919e-15, 5.42690079073e-14, 3.66375326074e-14, 1.47166035868e-12, 5.74587469618e-13, 1.98585925807e-13, 1.09218054522e-14, 2.10606424471e-14, 2.00877315101e-15, 1.06626476752e-15, 2.28548468001e-16, 8.51971939294e-19, 8.69297650815e-19], [5.60043295474e-18, 3.88727639343e-16, 1.38963822986e-15, 2.46665413247e-14, -1.18017576997e-15, -6.24573296185e-15, 2.19165221453e-13, 2.50841505905e-14, 5.90949815124e-14, -1.18979567138e-14, 6.52563466046e-14, 1.71291813741e-14, 1.320951947e-13, 5.27450126761e-15, 4.7247836611e-15, 5.44217143952e-14, 3.7288802688e-14, 1.47539944671e-12, 5.78603408675e-13, 1.911214649e-13, 1.09256408174e-14, 2.10071980563e-14, 2.00713858918e-15, 1.06438816603e-15, 2.29652257811e-16, 8.69297650815e-19, 8.88439644165e-19]]
    },
    "mfcc": {
        "kurt": [6.89038658142, 8.58957195282, 8.66079235077, 3.34038448334, 6.24612617493, 3.55407571793, 1.94942045212, 1.27197027206, 1.05495214462, 0.394372463226, 0.495351791382, 0.541520118713, 1.78125190735],
        "max": [-627.156860352, 123.288047791, 35.3241920471, 65.1567001343, 8.37310791016, 1.50894927979, 31.6379623413, 44.1493530273, 17.2542266846, 26.7158794403, 37.4595870972, 13.0754642487, 16.7900161743],
        "mean": [-690.91998291, 70.3419570923, -80.100189209, 33.2806930542, -41.3666229248, -35.7900543213, -2.41622233391, 17.6129512787, -12.3677368164, 7.8413105011, 20.1542816162, -3.12237763405, -4.46362829208],
        "median": [-642.866088867, 70.2310562134, -86.7167892456, 34.5134124756, -42.9356689453, -35.5100097656, -2.25317764282, 18.1686401367, -13.6070928574, 8.40378284454, 22.7485904694, -0.670672416687, -4.33709621429],
        "min": [-1138.42004395, 1.14440917969e-05, -102.121917725, 8.01086425781e-05, -63.6400871277, -62.7627944946, -25.7849674225, -1.17301559448, -30.4518508911, -12.722038269, -12.7069911957, -30.5196495056, -23.4099159241],
        "skew": [-2.74974226952, -1.7190836668, 2.95583152771, -0.591526687145, 2.15718245506, 0.985778331757, 0.449740350246, -0.184920325875, 0.749661922455, -0.326403230429, -0.984824001789, -0.966020464897, -0.269269883633],
        "var": [13424.9804688, 263.563079834, 572.69317627, 87.5441207886, 143.980300903, 113.138809204, 69.6853713989, 46.7981071472, 50.9772567749, 46.1578674316, 92.5426559448, 77.3883743286, 32.6305541992],
        "cov": [[13499.9804688, 740.729919434, -2640.32495117, 391.541625977, -954.112609863, -444.796264648, -331.634857178, 198.908752441, -324.579040527, 376.128875732, 733.294189453, 409.810943604, 181.462158203], [740.729919434, 265.035491943, -142.223754883, 93.4958190918, -109.27620697, -117.746353149, -1.18432486057, 39.4138870239, -30.0550365448, -9.89065647125, 27.3655376434, -48.345790863, -22.7540874481], [-2640.32495117, -142.223754883, 575.892578125, -62.749622345, 216.382904053, 111.157752991, 70.8851394653, -34.6666793823, 61.5797729492, -74.2745513916, -142.261032104, -79.2803192139, -37.1256637573], [391.541625977, 93.4958190918, -62.749622345, 88.0331954956, -38.845500946, -48.1798171997, 5.97319221497, 30.7236652374, -5.49677991867, 1.64699876308, 7.99089670181, -18.6197357178, -4.83535242081], [-954.112609863, -109.27620697, 216.382904053, -38.845500946, 144.78465271, 91.9715652466, 39.1966781616, -21.8930225372, 17.3656101227, -12.0442476273, -22.5946140289, 12.6395750046, 1.73643672466], [-444.796264648, -117.746353149, 111.157752991, -48.1798171997, 91.9715652466, 113.770874023, 18.8764762878, -23.3823509216, 13.8171854019, 9.95065689087, -1.1425011158, 32.4408187866, 15.013010025], [-331.634857178, -1.18432486057, 70.8851394653, 5.97319221497, 39.1966781616, 18.8764762878, 70.0746765137, 13.144785881, -1.97649586201, -9.15322780609, -0.989882290363, -0.426559120417, -17.028503418], [198.908752441, 39.4138870239, -34.6666793823, 30.7236652374, -21.8930225372, -23.3823509216, 13.144785881, 47.0595474243, 15.561706543, 6.15526914597, 2.64294576645, -16.6988124847, -9.64622688293], [-324.579040527, -30.0550365448, 61.5797729492, -5.49677991867, 17.3656101227, 13.8171854019, -1.97649586201, 15.561706543, 51.262046814, 4.4841094017, -30.791267395, -21.9850578308, -3.98205089569], [376.128875732, -9.89065647125, -74.2745513916, 1.64699876308, -12.0442476273, 9.95065689087, -9.15322780609, 6.15526914597, 4.4841094017, 46.4157333374, 30.6191387177, 24.2951812744, 15.7093076706], [733.294189453, 27.3655376434, -142.261032104, 7.99089670181, -22.5946140289, -1.1425011158, -0.989882290363, 2.64294576645, -30.791267395, 30.6191387177, 93.0596542358, 61.5552330017, 16.0848770142], [409.810943604, -48.345790863, -79.2803192139, -18.6197357178, 12.6395750046, 32.4408187866, -0.426559120417, -16.6988124847, -21.9850578308, 24.2951812744, 61.5552330017, 77.8207092285, 23.2960681915], [181.462158203, -22.7540874481, -37.1256637573, -4.83535242081, 1.73643672466, 15.013010025, -17.028503418, -9.64622688293, -3.98205089569, 15.7093076706, 16.0848770142, 23.2960681915, 32.8128509521]]
    },
    "sccoeffs": {
        "kurt": [0.85909485817, 0.496195077896, 2.0230383873, 2.93569421768, 9.35551261902, 10.7965221405],
        "max": [-0.510615646839, -0.414703041315, -0.577197551727, -0.615570306778, -0.532943248749, -0.674654662609],
        "mean": [-0.659734368324, -0.569702327251, -0.747362792492, -0.713355839252, -0.616890788078, -0.720194160938],
        "median": [-0.630811870098, -0.51590025425, -0.743811964989, -0.695626616478, -0.599916934967, -0.709558367729],
        "min": [-0.961100995541, -0.965642571449, -0.968215107918, -0.963651180267, -0.96216994524, -0.961710453033],
        "skew": [-1.12486815453, -1.24375772476, -0.48138064146, -1.67887020111, -2.6801211834, -3.05486536026],
        "var": [0.00765335233882, 0.0161062590778, 0.00372233521193, 0.00401785830036, 0.00427492149174, 0.00179708714131],
        "cov": [[0.0076961084269, 0.00860671047121, 0.00135287898593, 0.0042010974139, 0.00423141987994, 0.00256527494639], [0.00860671047121, 0.0161962397397, 0.00138984015211, 0.00694460235536, 0.00655879033729, 0.003877107054], [0.00135287898593, 0.00138984015211, 0.00374313048087, 0.00141717249062, 0.00177221454214, 0.00145532446913], [0.0042010974139, 0.00694460235536, 0.00141717249062, 0.00404030457139, 0.00346565921791, 0.0022741118446], [0.00423141987994, 0.00655879033729, 0.00177221454214, 0.00346565921791, 0.00429880339652, 0.00236363173462], [0.00256527494639, 0.003877107054, 0.00145532446913, 0.0022741118446, 0.00236363173462, 0.00180712679867]]
    },
    "scvalleys": {
        "kurt": [81.0317687988, 61.0921630859, 55.623626709, 45.7847137451, 45.1020240784, 37.730052948],
        "max": [-7.21277999878, -5.61773538589, -5.50216007233, -6.52571392059, -6.3481259346, -9.00182437897],
        "mean": [-8.50042533875, -7.41159486771, -6.77228927612, -7.6840839386, -7.25023889542, -9.91705226898],
        "median": [-8.21084976196, -7.07465934753, -6.32533073425, -7.10781860352, -6.66297721863, -9.31988525391],
        "min": [-27.0055618286, -26.6233196259, -26.8699207306, -27.2203865051, -27.1434268951, -27.2169265747],
        "skew": [-8.19606113434, -6.97899246216, -6.69561100006, -5.95143270493, -5.90339899063, -5.35560417175],
        "var": [2.8518743515, 3.56377792358, 4.11543798447, 4.27980995178, 4.44866752625, 3.6891913414],
        "cov": [[2.86780667305, 2.98817873001, 3.23040795326, 3.24239611626, 3.27562975883, 2.9168241024], [2.98817873001, 3.58368730545, 3.72324824333, 3.72852540016, 3.78008532524, 3.38141274452], [3.23040795326, 3.72324824333, 4.13842964172, 4.14684724808, 4.21805620193, 3.80192756653], [3.24239611626, 3.72852540016, 4.14684724808, 4.30371952057, 4.35552215576, 3.95473408699], [3.27562975883, 3.78008532524, 4.21805620193, 4.35552215576, 4.47352027893, 4.05127620697], [2.9168241024, 3.38141274452, 3.80192756653, 3.95473408699, 4.05127620697, 3.70980143547]]
    }
},
"rhythm": {
    "beats_loudness": {
        "kurt": 0.768628358841,
        "max": 0.0346826501191,
        "mean": 0.0243512708694,
        "median": 0.0265800990164,
        "min": 0.00579748582095,
        "skew": -1.2227203846,
        "var": 6.60826044623e-05
    },
    "bpm": 130.524337769,
    "confidence": 0,
    "first_peak_bpm": {
        "kurt": 0,
        "max": 129,
        "mean": 129,
        "median": 129,
        "min": 129,
        "skew": 0,
        "var": 0
    },
    "first_peak_spread": {
        "kurt": 0,
        "max": 0.400000035763,
        "mean": 0.400000035763,
        "median": 0.400000035763,
        "min": 0.400000035763,
        "skew": 0,
        "var": 0
    },
    "first_peak_weight": {
        "kurt": 0,
        "max": 0.428571432829,
        "mean": 0.428571432829,
        "median": 0.428571432829,
        "min": 0.428571432829,
        "skew": 0,
        "var": 0
    },
    "onset_rate": 0.72268229723,
    "second_peak_bpm": {
        "kurt": 0,
        "max": 136,
        "mean": 136,
        "median": 136,
        "min": 136,
        "skew": 0,
        "var": 0
    },
    "second_peak_spread": {
        "kurt": 0,
        "max": 0,
        "mean": 0,
        "median": 0,
        "min": 0,
        "skew": 0,
        "var": 0
    },
    "second_peak_weight": {
        "kurt": 0,
        "max": 0.285714298487,
        "mean": 0.285714298487,
        "median": 0.285714298487,
        "min": 0.285714298487,
        "skew": 0,
        "var": 0
    },
    "beats_loudness_band_ratio": {
        "kurt": [-0.425014734268, 2.68676137924, 1.31828641891, 1.91384124756, 0.0539255142212, -0.768970966339],
        "max": [0.0148370433599, 0.00394921703264, 0.401763707399, 0.15556679666, 0.674422502518, 0.310223907232],
        "mean": [0.00884823780507, 0.000947823747993, 0.176966071129, 0.0720429718494, 0.536565840244, 0.214225068688],
        "median": [0.00936294719577, 0.000589277478866, 0.141627296805, 0.0630412250757, 0.559481143951, 0.202261805534],
        "min": [0.00134802155662, 0.000182336632861, 0.0826626718044, 0.0385990440845, 0.340523689985, 0.124135904014],
        "skew": [-0.421965241432, 2.08559846878, 1.5308535099, 1.74996471405, -0.764547348022, 0.149162113667],
        "var": [1.50071491589e-05, 1.34172466915e-06, 0.00878381170332, 0.00112996692769, 0.00883439183235, 0.0030252605211],
        "cov": [[1.71510273503e-05, -3.50315667674e-06, -0.000296649959637, 6.96757342666e-05, -2.0141056666e-05, 0.000207312958082], [-3.50315667674e-06, 1.53339965436e-06, 0.000109674328996, -1.19913547678e-05, -5.05005300511e-05, -3.7265712308e-05], [-0.000296649959637, 0.000109674328996, 0.0100386422127, -0.000772001105361, -0.00537918740883, -0.0033058617264], [6.96757342666e-05, -1.19913547678e-05, -0.000772001105361, 0.00129139074124, -0.00235478463583, 0.00169711897615], [-2.0141056666e-05, -5.05005300511e-05, -0.00537918740883, -0.00235478463583, 0.0100964475423, -0.00226541655138], [0.000207312958082, -3.7265712308e-05, -0.0033058617264, 0.00169711897615, -0.00226541655138, 0.00345744052902]]
    },
    "beats_position": [0.46439909935, 0.9287981987, 1.39319729805, 1.83437633514, 2.27555561066, 2.73995471001, 3.19274377823, 3.64553284645],
    "bpm_estimates": [129.19921875, 129.19921875, 129.19921875, 132.512039185, 132.512039185],
    "bpm_intervals": [0.46439909935, 0.46439909935, 0.441179037094, 0.441179275513, 0.46439909935, 0.452789068222, 0.452789068222],
    "onset_times": [0.0696598663926, 0.267029464245, 3.62231302261],
    "histogram": [[0, 0, 0, 0, 0, 0, 0, 0, 0, 0, 0, 0, 0, 0, 0, 0, 0, 0, 0, 0, 0, 0, 0, 0, 0, 0, 0, 0, 0, 0, 0, 0, 0, 0, 0, 0, 0, 0, 0, 0, 0, 0, 0, 0, 0, 0, 0, 0, 0, 0, 0, 0, 0, 0, 0, 0, 0, 0, 0, 0, 0, 0, 0, 0, 0, 0, 0, 0, 0, 0, 0, 0, 0, 0, 0, 0, 0, 0, 0, 0, 0, 0, 0, 0, 0, 0, 0, 0, 0, 0, 0, 0, 0, 0, 0, 0, 0, 0, 0, 0, 0, 0, 0, 0, 0, 0, 0, 0, 0, 0, 0, 0, 0, 0, 0, 0, 0, 0, 0, 0, 0, 0, 0, 0, 0, 0, 0, 0, 0, 0.428571432829, 0, 0, 0, 0.285714298487, 0, 0, 0.285714298487, 0, 0, 0, 0, 0, 0, 0, 0, 0, 0, 0, 0, 0, 0, 0, 0, 0, 0, 0, 0, 0, 0, 0, 0, 0, 0, 0, 0, 0, 0, 0, 0, 0, 0, 0, 0, 0, 0, 0, 0, 0, 0, 0, 0, 0, 0, 0, 0, 0, 0, 0, 0, 0, 0, 0, 0, 0, 0, 0, 0, 0, 0, 0, 0, 0, 0, 0, 0, 0, 0, 0, 0, 0, 0, 0, 0, 0, 0, 0, 0, 0, 0, 0, 0, 0, 0, 0, 0, 0, 0, 0, 0, 0, 0, 0, 0, 0, 0, 0, 0, 0, 0, 0, 0, 0, 0, 0, 0, 0, 0, 0, 0, 0]]
},
"sfx": {
    "inharmonicity": {
        "kurt": 41.07787323,
        "max": 0.191785424948,
        "mean": 0.00451860949397,
        "median": 0,
        "min": 0,
        "skew": 6.11786603928,
        "var": 0.000461391697172
    },
    "oddtoevenharmonicenergyratio": {
        "kurt": 87.4813461304,
        "max": 4.97729587555,
        "mean": 0.0838636308908,
        "median": 0,
        "min": 0,
        "skew": 8.64708518982,
        "var": 0.191036090255
    },
    "pitch_after_max_to_before_max_energy_ratio": 0.00817214976996,
    "pitch_centroid": 90.034034729,
    "pitch_max_to_total": 0.994444429874,
    "pitch_min_to_total": 0.144444450736,
    "tristimulus": {
        "kurt": [9.70000934601, 11.6459388733, 34.5787239075],
        "max": [1, 0.687062442303, 0.742329597473],
        "mean": [0.94252794981, 0.0362667515874, 0.0212053731084],
        "median": [1, 0, 0],
        "min": [0.0337889939547, 0, 0],
        "skew": [-3.28336811066, 3.50496935844, 5.67646789551],
        "var": [0.0365037284791, 0.0152918919921, 0.00836793892086],
        "cov": [[0.0367076583207, -0.0218351427466, -0.0148725202307], [-0.0218351427466, 0.0153773212805, 0.00645782379434], [-0.0148725202307, 0.00645782379434, 0.00841468665749]]
    }
},
"tonal": {
    "chords_changes_rate": 0.0109890112653,
    "chords_number_rate": 0.0219780225307,
    "chords_strength": {
        "kurt": -0.108317375183,
        "max": 0.797697305679,
        "mean": 0.661674976349,
        "median": 0.662763595581,
        "min": 0.581418454647,
        "skew": 0.543738245964,
        "var": 0.00265197060071
    },
    "key_strength": 0.563241541386,
    "tuning_diatonic_strength": 0.520487546921,
    "tuning_equal_tempered_deviation": 0.0999913662672,
    "tuning_frequency": 456.306610107,
    "tuning_nontempered_energy_ratio": 0.688271582127,
    "hpcp": {
        "kurt": [20.6129360199, 8.98107719421, 0.699093341827, -1.02278578281, -0.502959251404, 0.138535261154, 0.908561944962, 0.970883607864, 0.561344385147, 12.9732894897, 76.0136642456, 67.6431350708, 1.67390346527, 12.7966508865, 26.1802253723, 35.5942840576, 17.9874362946, 12.8365488052, 0.171942234039, 18.1652450562, 11.8578777313, 8.57419872284, 18.4574184418, 0.376040697098, -0.565724134445, 0.0428848266602, 2.54979038239, 2.9891295433, 0.635624885559, -0.0559515953064, 2.73515939713, 6.65277004242, 6.93000984192, 10.8715553284, 64.5116577148, 38.1060562134],
        "max": [1, 1, 1, 1, 0.600253760815, 0.160169422626, 0.129636511207, 0.128892123699, 0.117967382073, 0.24302662909, 1, 0.8486764431, 0.136538520455, 0.238676279783, 0.57083851099, 0.916725873947, 0.887594878674, 1, 0.625477313995, 1, 1, 0.68457865715, 0.821402430534, 0.725616872311, 1, 1, 1, 1, 1, 0.741031229496, 0.615705490112, 0.426919281483, 0.726670503616, 0.593533694744, 1, 1],
        "mean": [0.122851550579, 0.165532723069, 0.341706842184, 0.432476460934, 0.222948789597, 0.0692799687386, 0.051954202354, 0.0510985702276, 0.0469525940716, 0.0411371141672, 0.055955298245, 0.0606412924826, 0.0410324670374, 0.0349945090711, 0.0578043796122, 0.0681315287948, 0.0721266940236, 0.167784139514, 0.209491729736, 0.127085655928, 0.087526358664, 0.0768148228526, 0.0897445231676, 0.299531519413, 0.545625269413, 0.580548226833, 0.762187719345, 0.845295071602, 0.569585859776, 0.345782130957, 0.180377542973, 0.114894017577, 0.153898686171, 0.101665705442, 0.0388289056718, 0.0679064393044],
