{
"metadata": {
    "version": {
        "essentia": "2.1-beta3"
    }
},
"lowLevel": {
    "average_loudness": 0.920095860958,
    "barkbands_kurtosis": {
        "kurt": 211.845870972,
        "max": 16.7291622162,
        "mean": -1.10761332512,
        "median": -1.26753914356,
        "min": -1.76536405087,
        "skew": 12.7252779007,
        "var": 0.98802614212
    },
    "barkbands_skewness": {
        "kurt": 10.6347646713,
        "max": 3.9913995266,
        "mean": 0.350654155016,
        "median": 0.317706048489,
        "min": -0.650831758976,
        "skew": 1.81563055515,
        "var": 0.192237511277
    },
    "barkbands_spread": {
        "kurt": 0.383890151978,
        "max": 74.5865020752,
        "mean": 41.3776397705,
        "median": 40.2749519348,
        "min": 11.0959825516,
        "skew": 0.367488533258,
        "var": 68.4238739014
    },
    "dissonance": {
        "kurt": 1.85076522827,
        "max": 0.5,
        "mean": 0.483656138182,
        "median": 0.486179560423,
        "min": 0.426092028618,
        "skew": -1.15705752373,
        "var": 0.000117724164738
    },
    "hfc": {
        "kurt": 47.7755851746,
        "max": 9.94593334198,
        "mean": 0.69258838892,
        "median": 0.460050880909,
        "min": 0.00455282395706,
        "skew": 5.87245559692,
        "var": 0.796087503433
    },
    "pitch": {
        "kurt": -1.53582835197,
        "max": 3932.42407227,
        "mean": 1383.57263184,
        "median": 295.080444336,
        "min": 82.8182678223,
        "skew": 0.656313121319,
        "var": 2481925.75
    },
    "pitch_instantaneous_confidence": {
        "kurt": 0.997972488403,
        "max": 0.44042468071,
        "mean": 0.217474222183,
        "median": 0.208965718746,
        "min": 0.117521941662,
        "skew": 0.930489659309,
        "var": 0.00306257000193
    },
    "pitch_salience": {
        "kurt": 3.45566892624,
        "max": 0.852365553379,
        "mean": 0.729787766933,
        "median": 0.740355372429,
        "min": 0.44560778141,
        "skew": -1.41286706924,
        "var": 0.00329104694538
    },
    "silence_rate_20dB": {
        "kurt": 0,
        "max": 1,
        "mean": 1,
        "median": 1,
        "min": 1,
        "skew": 0,
        "var": 0
    },
    "silence_rate_30dB": {
        "kurt": 0,
        "max": 1,
        "mean": 1,
        "median": 1,
        "min": 1,
        "skew": 0,
        "var": 0
    },
    "silence_rate_60dB": {
        "kurt": 118.757949829,
        "max": 1,
        "mean": 0.991919219494,
        "median": 1,
        "min": 0,
        "skew": -10.9890060425,
        "var": 0.00801551528275
    },
    "spectral_centroid": {
        "kurt": -0.0399978160858,
        "max": 3760.3996582,
        "mean": 1783.13793945,
        "median": 1717.00415039,
        "min": 361.139587402,
        "skew": 0.512266278267,
        "var": 314959.46875
    },
    "spectral_complexity": {
        "kurt": 63.5072097778,
        "max": 23,
        "mean": 0.727272748947,
        "median": 0,
        "min": 0,
        "skew": 7.28186607361,
        "var": 4.56600856781
    },
    "spectral_crest": {
        "kurt": 4.4771437645,
        "max": 16.5065631866,
        "mean": 5.02943181992,
        "median": 4.566801548,
        "min": 2.25396847725,
        "skew": 1.67189800739,
        "var": 3.66126942635
    },
    "spectral_decrease": {
        "kurt": 49.629360199,
        "max": -6.58485310549e-13,
        "mean": -8.48416406574e-11,
        "median": -5.52626590322e-11,
        "min": -1.29408150862e-09,
        "skew": -6.36365413666,
        "var": 1.38216145023e-20
    },
    "spectral_energy": {
        "kurt": 46.3181800842,
        "max": 0.00524740153924,
        "mean": 0.000383031583624,
        "median": 0.000252538331551,
        "min": 2.89823151434e-06,
        "skew": 6.12987518311,
        "var": 2.64533639438e-07
    },
    "spectral_energyband_high": {
        "kurt": 5.37849235535,
        "max": 0.000344414060237,
        "mean": 5.10233257955e-05,
        "median": 3.40784499713e-05,
        "min": 2.33215914136e-07,
        "skew": 1.93514502048,
        "var": 2.73904832149e-09
    },
    "spectral_energyband_low": {
        "kurt": 74.7743911743,
        "max": 0.00121377327014,
        "mean": 4.61480667582e-05,
        "median": 2.44386083068e-05,
        "min": 2.54811254763e-07,
        "skew": 7.71934700012,
        "var": 9.28654841914e-09
    },
    "spectral_energyband_middle_high": {
        "kurt": 71.8051147461,
        "max": 0.00344289583154,
        "mean": 0.000147370898048,
        "median": 8.68042989168e-05,
        "min": 1.17703973501e-06,
        "skew": 7.73925161362,
        "var": 7.71492025819e-08
    },
    "spectral_energyband_middle_low": {
        "kurt": 109.147842407,
        "max": 0.00340115651488,
        "mean": 0.000149533021613,
        "median": 0.000105058061308,
        "min": 1.22570668282e-06,
        "skew": 9.19110774994,
        "var": 5.12889606341e-08
    },
    "spectral_flatness_db": {
        "kurt": 6.24732875824,
        "max": 0.227274239063,
        "mean": 0.114501148462,
        "median": 0.11239901185,
        "min": 0.0582112856209,
        "skew": 1.45200610161,
        "var": 0.000248152413405
    },
    "spectral_flux": {
        "kurt": 16.7575969696,
        "max": 0.0532548390329,
        "mean": 0.0113097112626,
        "median": 0.0101714171469,
        "min": 0.00384489819407,
        "skew": 3.37609910965,
        "var": 2.83746849163e-05
    },
    "spectral_kurtosis": {
        "kurt": 10.9344453812,
        "max": 14.1355743408,
        "mean": 1.17509150505,
        "median": 0.850326299667,
        "min": -0.947499990463,
        "skew": 1.92854225636,
        "var": 2.21072983742
    },
    "spectral_rms": {
        "kurt": 14.5237770081,
        "max": 0.00226261257194,
        "mean": 0.000557292078156,
        "median": 0.000496365653817,
        "min": 5.31746445631e-05,
        "skew": 3.04299736023,
        "var": 6.31147898389e-08
    },
    "spectral_rolloff": {
        "kurt": -0.405869007111,
        "max": 7062.890625,
        "mean": 4211.50244141,
        "median": 3596.04492188,
        "min": 215.33203125,
        "skew": 0.761928260326,
        "var": 2203714
    },
    "spectral_skewness": {
        "kurt": 3.92175245285,
        "max": 2.93267250061,
        "mean": 0.980639338493,
        "median": 0.990327358246,
        "min": 0.326860040426,
        "skew": 0.728442430496,
        "var": 0.0798489227891
    },
    "spectral_spread": {
        "kurt": 31.248249054,
        "max": 19586316,
        "mean": 5389368.5,
        "median": 5323019.5,
        "min": 3417307.25,
        "skew": 2.89072465897,
        "var": 1.56763265434e+12
    },
    "spectral_strongpeak": {
        "kurt": 14.1931972504,
        "max": 2.82130026817,
        "mean": 0.168748944998,
        "median": 0.0337646603584,
        "min": 0.00153909204528,
        "skew": 3.72555613518,
        "var": 0.179855972528
    },
    "zerocrossingrate": {
        "kurt": -0.523434638977,
        "max": 0.2001953125,
        "mean": 0.11562204361,
        "median": 0.11181640625,
        "min": 0.02294921875,
        "skew": 0.31082585454,
        "var": 0.000936930708122
    },
    "barkbands": {
        "kurt": [2.75442743301, 110.812911987, 56.5040664673, 103.631072998, 142.669799805, 22.595249176, 6.4239320755, 70.6133804321, 59.9307632446, 28.1633701324, 21.0952358246, 8.39146614075, 85.9058914185, 107.818084717, 28.0279197693, 80.1318664551, 65.6598968506, 95.3522033691, 118.820838928, 73.6414031982, 18.3775291443, 9.54200363159, 3.80315208435, 63.1265106201, 96.9458389282, 18.5303630829, 245.263427734],
        "max": [1.34572337629e-06, 0.000275145139312, 0.000764727476053, 0.000783623079769, 0.00175615819171, 0.000289474497549, 0.000130139451358, 0.000251875113463, 0.000506529817358, 0.000146904174471, 0.000135613721795, 8.34675010992e-05, 0.00054496480152, 0.00103921163827, 0.000117284704174, 0.000239569490077, 0.000208335579373, 0.000539364526048, 0.000731813954189, 0.000383055681596, 0.000101391829958, 2.41404795815e-05, 0.000229172015679, 9.12960240385e-06, 1.82310191121e-06, 1.99414067481e-08, 4.5158308204e-09],
        "mean": [2.52459273042e-07, 7.34615923648e-06, 2.97380483971e-05, 2.07366083487e-05, 4.3729236495e-05, 2.41210163949e-05, 1.98853576876e-05, 1.28997207867e-05, 2.48028682108e-05, 1.20657041407e-05, 1.13390287879e-05, 1.13545784188e-05, 1.24726429931e-05, 1.72063064383e-05, 9.10960079636e-06, 9.14080101211e-06, 1.05500866994e-05, 1.93058585864e-05, 2.58103755186e-05, 1.83079428098e-05, 9.90631815512e-06, 3.03746651298e-06, 2.94435376418e-05, 4.0201504703e-07, 6.61797301404e-08, 1.8974508631e-09, 2.87599562221e-11],
        "median": [2.04496984679e-07, 4.02565774493e-06, 1.41171258292e-05, 1.03807406049e-05, 2.38817592617e-05, 1.5844751033e-05, 1.28379288071e-05, 8.23565642349e-06, 1.31015513034e-05, 7.19511353964e-06, 6.65010247758e-06, 6.8606395871e-06, 4.44666420663e-06, 4.6559744078e-06, 5.47233230463e-06, 5.00967780681e-06, 6.35270089333e-06, 1.17274585136e-05, 1.63297681866e-05, 1.0568171092e-05, 5.96181280343e-06, 1.94394283426e-06, 1.68924525497e-05, 2.06920645951e-07, 3.06299234865e-08, 1.22882082287e-09, 3.51572677221e-12],
        "min": [7.29166504954e-10, 1.05009618778e-07, 6.7606436005e-08, 2.25127205766e-08, 5.43510111584e-07, 3.42385135355e-07, 1.45389876138e-07, 1.49888165879e-07, 1.46758161179e-08, 4.03212609967e-08, 3.6305934259e-08, 7.91177399151e-08, 1.42435240491e-07, 8.84449065097e-08, 8.23722743348e-08, 1.75929475432e-08, 6.00747966928e-08, 2.26318405794e-07, 2.89133595288e-07, 1.99290369096e-07, 1.08952391997e-07, 1.63512332563e-08, 5.13162579097e-09, 4.26064028503e-09, 2.26741359022e-09, 7.13754819137e-11, 1.99898335596e-15],
        "skew": [1.46034538746, 9.97996807098, 6.74079084396, 9.68910980225, 11.1824922562, 3.57385492325, 2.27858757973, 6.74601840973, 6.0404176712, 4.4304432869, 3.41046524048, 2.50039696693, 8.93176651001, 9.86221504211, 4.75746393204, 8.07065963745, 7.04000329971, 8.56663227081, 9.90469264984, 7.7967338562, 3.61501216888, 2.70506548882, 1.723995924, 6.2135591507, 8.17592334747, 3.51922893524, 15.5591888428],
        "var": [4.75499834277e-14, 3.98653499101e-10, 4.13071976624e-09, 3.65643515465e-09, 1.35305908699e-08, 7.03772817801e-10, 4.05524086533e-10, 3.36287386826e-10, 1.40328559883e-09, 2.43239817177e-10, 1.61419891342e-10, 1.42459641306e-10, 1.98314653588e-09, 5.91983528864e-09, 1.67309138766e-10, 3.57116974881e-10, 2.84359369385e-10, 1.35781441646e-09, 2.35315189556e-09, 1.07572728503e-09, 1.34119479411e-10, 1.18665320625e-11, 1.22885923659e-09, 4.46520587432e-13, 1.51557589314e-14, 5.65455538221e-18, 6.91406023586e-20],
        "cov": [[4.76462368637e-14, 4.80114429116e-13, 1.63337952105e-12, 1.81964165957e-12, 3.07282476374e-12, 3.45840191337e-13, 4.45462013088e-14, 1.41327745405e-13, 8.30937288377e-14, 6.0118332838e-14, 4.0374187961e-14, 9.41374053904e-14, -5.40499719634e-13, -9.48996672803e-14, -1.66319560934e-14, -1.77105644603e-14, -4.98604504445e-15, 3.47619170591e-14, -7.56236910658e-14, -1.19200344582e-13, 1.17146337119e-13, 1.88011193799e-14, 3.314736994e-13, 1.81213093711e-14, 5.04011285154e-16, 3.71803557098e-17, 2.87354665906e-18], [4.80114429116e-13, 3.99460492462e-10, 7.89485254948e-10, 7.64537599895e-10, 1.8076093955e-09, 2.20518311944e-10, 1.04331265849e-10, 1.8196358309e-10, 4.19991041944e-10, 1.72618488947e-10, 6.06780736767e-11, 4.95256127775e-11, 2.70126310209e-10, 8.17120926477e-10, 8.42606609486e-11, 2.05058831027e-10, 1.90519086618e-10, 4.29699137383e-10, 5.2218168678e-10, 3.5986613689e-10, 6.03127894849e-11, 1.71461317366e-11, 1.23774684946e-10, 3.74191068484e-14, 2.97297485295e-14, 3.33697629296e-15, 2.45524146465e-16], [1.63337952105e-12, 7.89485254948e-10, 4.13908152197e-09, 2.82312861977e-09, 5.35363087195e-09, 4.75355588225e-10, 1.66772276544e-10, 3.66886521164e-10, 7.46929407214e-10, 3.38740840933e-10, 7.69900670994e-11, 1.17287499157e-10, 4.48032166922e-10, 1.16689646834e-09, 1.70578356995e-10, 3.73020503375e-10, 3.21801474357e-10, 8.16283873828e-10, 8.05249145142e-10, 6.34898522645e-10, 1.07307045194e-10, 2.77820787209e-11, 3.18708615055e-10, -1.43293027183e-12, 5.62280460365e-14, 3.00048123148e-15, -3.13478191839e-17], [1.81964165957e-12, 7.64537599895e-10, 2.82312861977e-09, 3.66383678951e-09, 6.22274409778e-09, 3.88512388927e-10, 1.14446709054e-10, 2.47154574584e-10, 8.30521484918e-10, 2.48338516418e-10, 9.49009620888e-11, 7.89442955451e-11, 1.3514128705e-10, 3.04803349227e-10, 4.35860202097e-11, 1.54543308706e-10, 1.5902920647e-10, 4.32296670683e-10, 1.97900376642e-10, 2.66048322262e-10, 5.55980539385e-11, 1.51850910318e-11, 2.41996117589e-10, -9.10806803242e-14, 2.26148703171e-13, 7.24675311078e-15, -9.86486797329e-17], [3.07282476374e-12, 1.8076093955e-09, 5.35363087195e-09, 6.22274409778e-09, 1.35579814042e-08, 1.29039434693e-09, 5.07656083837e-10, 8.72806660279e-10, 2.33281904904e-09, 7.73673791699e-10, 2.72462913342e-10, 2.68477517995e-10, 8.5298146324e-10, 2.2135109301e-09, 3.14073572705e-10, 6.85871304196e-10, 6.59309107309e-10, 1.6911220202e-09, 1.28721255876e-09, 1.21527898855e-09, 2.51841492105e-10, 7.61879795363e-11, 7.67104546551e-10, 1.86340829919e-12, 5.61431435196e-13, 2.98457005637e-14, 1.91399270531e-16], [3.45840191337e-13, 2.20518311944e-10, 4.75355588225e-10, 3.88512388927e-10, 1.29039434693e-09, 7.05197455986e-10, 2.77614153887e-10, 2.94574864501e-10, 5.08534159227e-10, 2.28633098565e-10, 1.48876314054e-10, 1.41802097842e-10, 3.9836536847e-10, 1.06980846404e-09, 1.83898479778e-10, 2.81977441396e-10, 2.70029276717e-10, 6.02603911215e-10, 6.6179384195e-10, 5.10985143087e-10, 1.72210218308e-10, 5.39122878285e-11, 4.27097052169e-10, 4.92267251267e-12, 6.23309888946e-13, 2.45979113272e-14, -1.66637453458e-16], [4.45462013088e-14, 1.04331265849e-10, 1.66772276544e-10, 1.14446709054e-10, 5.07656083837e-10, 2.77614153887e-10, 4.06344985437e-10, 1.84255763425e-10, 4.00192684546e-10, 1.91165944186e-10, 1.19805387833e-10, 1.10502926254e-10, 3.70849878584e-10, 6.25105800456e-10, 1.3278941835e-10, 1.99494268327e-10, 1.75746445175e-10, 3.81790515869e-10, 4.33907604291e-10, 3.37630340352e-10, 1.4057266462e-10, 3.90477025713e-11, 3.28096300128e-10, 4.36679642099e-12, 6.49796514339e-13, 2.17236879798e-14, -3.82580421806e-18], [1.41327745405e-13, 1.8196358309e-10, 3.66886521164e-10, 2.47154574584e-10, 8.72806660279e-10, 2.94574864501e-10, 1.84255763425e-10, 3.36968120074e-10, 4.85078366363e-10, 1.73204686704e-10, 7.7843786972e-11, 1.01729610846e-10, 2.17175638584e-10, 7.22281068288e-10, 1.24721663552e-10, 2.34066904747e-10, 2.01329661276e-10, 4.88439455548e-10, 4.82551276715e-10, 3.67851055172e-10, 1.24252913514e-10, 3.56550275415e-11, 2.17369955369e-10, 3.24708597683e-12, 4.13372813627e-13, 1.61668689368e-14, -4.34547092532e-18], [8.30937288377e-14, 4.19991041944e-10, 7.46929407214e-10, 8.30521484918e-10, 2.33281904904e-09, 5.08534159227e-10, 4.00192684546e-10, 4.85078366363e-10, 1.40612621546e-09, 3.62075813776e-10, 2.22133117456e-10, 2.31363081471e-10, 5.5092452822e-10, 1.26169763526e-09, 2.51235532378e-10, 3.83871212595e-10, 3.58923141208e-10, 8.16033129958e-10, 7.91029020064e-10, 6.06665051528e-10, 2.53311288612e-10, 7.76438843775e-11, 4.91246265888e-10, 9.79647439558e-12, 1.16935020694e-12, 4.66005137039e-14, -1.77928482054e-16], [6.0118332838e-14, 1.72618488947e-10, 3.38740840933e-10, 2.48338516418e-10, 7.73673791699e-10, 2.28633098565e-10, 1.91165944186e-10, 1.73204686704e-10, 3.62075813776e-10, 2.43732201088e-10, 1.00248032098e-10, 1.07378578251e-10, 3.84457410352e-10, 7.39396377458e-10, 1.2841308572e-10, 2.14470718962e-10, 1.93849297725e-10, 4.1848929877e-10, 5.29139676519e-10, 3.81444126285e-10, 1.0952418833e-10, 3.13736640833e-11, 2.18144724506e-10, 2.95409812064e-12, 4.88501925543e-13, 1.36974680459e-14, 3.11590367158e-17], [4.0374187961e-14, 6.06780736767e-11, 7.69900670994e-11, 9.49009620888e-11, 2.72462913342e-10, 1.48876314054e-10, 1.19805387833e-10, 7.7843786972e-11, 2.22133117456e-10, 1.00248032098e-10, 1.61746657734e-10, 9.88905415888e-11, 2.26219390442e-10, 3.18873788485e-10, 7.54544343673e-11, 1.10727066405e-10, 9.97251517476e-11, 1.85610721237e-10, 2.58926352581e-10, 1.88781323907e-10, 9.02306285244e-11, 2.39608732161e-11, 1.80218076573e-10, 3.18370113259e-12, 1.02273831765e-12, 1.33953652749e-14, -4.57394912929e-17], [9.41374053904e-14, 4.95256127775e-11, 1.17287499157e-10, 7.89442955451e-11, 2.68477517995e-10, 1.41802097842e-10, 1.10502926254e-10, 1.01729610846e-10, 2.31363081471e-10, 1.07378578251e-10, 9.88905415888e-11, 1.42748021736e-10, 2.02914698932e-10, 3.02687541698e-10, 9.22419918226e-11, 1.22159268812e-10, 1.15687341651e-10, 2.28423752135e-10, 2.55669291294e-10, 2.06889852472e-10, 8.56573423302e-11, 2.34363518176e-11, 1.18002066452e-10, 3.05146186097e-12, 7.2040431346e-13, 1.19128534823e-14, -9.0143688084e-17], [-5.40499719634e-13, 2.70126310209e-10, 4.48032166922e-10, 1.3514128705e-10, 8.5298146324e-10, 3.9836536847e-10, 3.70849878584e-10, 2.17175638584e-10, 5.5092452822e-10, 3.84457410352e-10, 2.26219390442e-10, 2.02914698932e-10, 1.98716110233e-09, 2.54157717094e-09, 4.18793971724e-10, 5.48831646796e-10, 4.74278671891e-10, 1.00423447336e-09, 1.65087354898e-09, 1.09067455067e-09, 2.11730993849e-10, 5.74735641024e-11, 4.54056570121e-10, 1.5656154758e-12, 6.55178439713e-13, 1.10498471877e-14, 3.49603319859e-16], [-9.48996672803e-14, 8.17120926477e-10, 1.16689646834e-09, 3.04803349227e-10, 2.2135109301e-09, 1.06980846404e-09, 6.25105800456e-10, 7.22281068288e-10, 1.26169763526e-09, 7.39396377458e-10, 3.18873788485e-10, 3.02687541698e-10, 2.54157717094e-09, 5.93181859188e-09, 7.24351800763e-10, 1.13922116185e-09, 1.08281372757e-09, 2.32092567387e-09, 3.496851253e-09, 2.14196060888e-09, 4.43998754429e-10, 1.21988974477e-10, 7.51859685622e-10, 3.44429823204e-12, 5.03291581588e-13, 2.60674270933e-14, 8.59501642815e-16], [-1.66319560934e-14, 8.42606609486e-11, 1.70578356995e-10, 4.35860202097e-11, 3.14073572705e-10, 1.83898479778e-10, 1.3278941835e-10, 1.24721663552e-10, 2.51235532378e-10, 1.2841308572e-10, 7.54544343673e-11, 9.22419918226e-11, 4.18793971724e-10, 7.24351800763e-10, 1.67647826177e-10, 1.95851904139e-10, 1.81375497954e-10, 3.87629456311e-10, 4.82224982168e-10, 3.53448603718e-10, 9.80846445731e-11, 2.52390434941e-11, 1.33691890891e-10, 2.42009689198e-12, 4.13120330046e-13, 1.08257917266e-14, -5.62909972604e-18], [-1.77105644603e-14, 2.05058831027e-10, 3.73020503375e-10, 1.54543308706e-10, 6.85871304196e-10, 2.81977441396e-10, 1.99494268327e-10, 2.34066904747e-10, 3.83871212595e-10, 2.14470718962e-10, 1.10727066405e-10, 1.22159268812e-10, 5.48831646796e-10, 1.13922116185e-09, 1.95851904139e-10, 3.57839868848e-10, 2.90923535262e-10, 6.41379616084e-10, 8.02569122271e-10, 5.78696424114e-10, 1.40347830579e-10, 3.65854152529e-11, 2.08348532871e-10, 2.19706566308e-12, 6.37869802551e-13, 1.23168305999e-14, 9.5029466768e-17], [-4.98604504445e-15, 1.90519086618e-10, 3.21801474357e-10, 1.5902920647e-10, 6.59309107309e-10, 2.70029276717e-10, 1.75746445175e-10, 2.01329661276e-10, 3.58923141208e-10, 1.93849297725e-10, 9.97251517476e-11, 1.15687341651e-10, 4.74278671891e-10, 1.08281372757e-09, 1.81375497954e-10, 2.90923535262e-10, 2.84934992267e-10, 5.680692583e-10, 7.195919971e-10, 5.1373472143e-10, 1.29298655116e-10, 3.41549531713e-11, 1.88015852887e-10, 2.21989093774e-12, 5.38617707293e-13, 1.15668964275e-14, 9.36520853166e-17], [3.47619170591e-14, 4.29699137383e-10, 8.16283873828e-10, 4.32296670683e-10, 1.6911220202e-09, 6.02603911215e-10, 3.81790515869e-10, 4.88439455548e-10, 8.16033129958e-10, 4.1848929877e-10, 1.85610721237e-10, 2.28423752135e-10, 1.00423447336e-09, 2.32092567387e-09, 3.87629456311e-10, 6.41379616084e-10, 5.680692583e-10, 1.3605629956e-09, 1.51588208652e-09, 1.1042935455e-09, 2.66902167034e-10, 6.92970611449e-11, 4.10611739055e-10, 3.80536054057e-12, 8.79727497446e-13, 2.08871955105e-14, 8.5690445451e-17], [-7.56236910658e-14, 5.2218168678e-10, 8.05249145142e-10, 1.97900376642e-10, 1.28721255876e-09, 6.6179384195e-10, 4.33907604291e-10, 4.82551276715e-10, 7.91029020064e-10, 5.29139676519e-10, 2.58926352581e-10, 2.55669291294e-10, 1.65087354898e-09, 3.496851253e-09, 4.82224982168e-10, 8.02569122271e-10, 7.195919971e-10, 1.51588208652e-09, 2.35791541847e-09, 1.46854717276e-09, 3.27655041987e-10, 8.77516254105e-11, 5.69235991676e-10, 4.22163866365e-12, 1.04326020479e-12, 2.46222821591e-14, 4.6958876615e-16], [-1.19200344582e-13, 3.5986613689e-10, 6.34898522645e-10, 2.66048322262e-10, 1.21527898855e-09, 5.10985143087e-10, 3.37630340352e-10, 3.67851055172e-10, 6.06665051528e-10, 3.81444126285e-10, 1.88781323907e-10, 2.06889852472e-10, 1.09067455067e-09, 2.14196060888e-09, 3.53448603718e-10, 5.78696424114e-10, 5.1373472143e-10, 1.1042935455e-09, 1.46854717276e-09, 1.07790487647e-09, 2.34176678049e-10, 6.2517678534e-11, 4.25591867304e-10, 3.28596438254e-12, 9.1351557395e-13, 1.83631948758e-14, 2.0289766338e-16], [1.17146337119e-13, 6.03127894849e-11, 1.07307045194e-10, 5.55980539385e-11, 2.51841492105e-10, 1.72210218308e-10, 1.4057266462e-10, 1.24252913514e-10, 2.53311288612e-10, 1.0952418833e-10, 9.02306285244e-11, 8.56573423302e-11, 2.11730993849e-10, 4.43998754429e-10, 9.80846445731e-11, 1.40347830579e-10, 1.29298655116e-10, 2.66902167034e-10, 3.27655041987e-10, 2.34176678049e-10, 1.34390970574e-10, 3.26030973052e-11, 2.20128873463e-10, 4.53368852876e-12, 6.37692156025e-13, 2.01484760544e-14, -1.00869075688e-17], [1.88011193799e-14, 1.71461317366e-11, 2.77820787209e-11, 1.51850910318e-11, 7.61879795363e-11, 5.39122878285e-11, 3.90477025713e-11, 3.56550275415e-11, 7.76438843775e-11, 3.13736640833e-11, 2.39608732161e-11, 2.34363518176e-11, 5.74735641024e-11, 1.21988974477e-10, 2.52390434941e-11, 3.65854152529e-11, 3.41549531713e-11, 6.92970611449e-11, 8.77516254105e-11, 6.2517678534e-11, 3.26030973052e-11, 1.18905536459e-11, 7.40882355466e-11, 1.35386949048e-12, 1.71156600177e-13, 6.07311569401e-15, -1.77897978942e-17], [3.314736994e-13, 1.23774684946e-10, 3.18708615055e-10, 2.41996117589e-10, 7.67104546551e-10, 4.27097052169e-10, 3.28096300128e-10, 2.17369955369e-10, 4.91246265888e-10, 2.18144724506e-10, 1.80218076573e-10, 1.18002066452e-10, 4.54056570121e-10, 7.51859685622e-10, 1.33691890891e-10, 2.08348532871e-10, 1.88015852887e-10, 4.10611739055e-10, 5.69235991676e-10, 4.25591867304e-10, 2.20128873463e-10, 7.40882355466e-11, 1.2313468023e-09, 8.80923372443e-12, 1.16986325141e-12, 4.25471019094e-14, -1.90238689809e-16], [1.81213093711e-14, 3.74191068484e-14, -1.43293027183e-12, -9.10806803242e-14, 1.86340829919e-12, 4.92267251267e-12, 4.36679642099e-12, 3.24708597683e-12, 9.79647439558e-12, 2.95409812064e-12, 3.18370113259e-12, 3.05146186097e-12, 1.5656154758e-12, 3.44429823204e-12, 2.42009689198e-12, 2.19706566308e-12, 2.21989093774e-12, 3.80536054057e-12, 4.22163866365e-12, 3.28596438254e-12, 4.53368852876e-12, 1.35386949048e-12, 8.80923372443e-12, 4.47424486783e-13, 2.62285988284e-14, 9.72966100083e-16, -4.52249543462e-18], [5.04011285154e-16, 2.97297485295e-14, 5.62280460365e-14, 2.26148703171e-13, 5.61431435196e-13, 6.23309888946e-13, 6.49796514339e-13, 4.13372813627e-13, 1.16935020694e-12, 4.88501925543e-13, 1.02273831765e-12, 7.2040431346e-13, 6.55178439713e-13, 5.03291581588e-13, 4.13120330046e-13, 6.37869802551e-13, 5.38617707293e-13, 8.79727497446e-13, 1.04326020479e-12, 9.1351557395e-13, 6.37692156025e-13, 1.71156600177e-13, 1.16986325141e-12, 2.62285988284e-14, 1.51864384647e-14, 1.26566998171e-16, -6.69887204294e-19], [3.71803557098e-17, 3.33697629296e-15, 3.00048123148e-15, 7.24675311078e-15, 2.98457005637e-14, 2.45979113272e-14, 2.17236879798e-14, 1.61668689368e-14, 4.66005137039e-14, 1.36974680459e-14, 1.33953652749e-14, 1.19128534823e-14, 1.10498471877e-14, 2.60674270933e-14, 1.08257917266e-14, 1.23168305999e-14, 1.15668964275e-14, 2.08871955105e-14, 2.46222821591e-14, 1.83631948758e-14, 2.01484760544e-14, 6.07311569401e-15, 4.25471019094e-14, 9.72966100083e-16, 1.26566998171e-16, 5.66600190753e-18, 4.96881319353e-20], [2.87354665906e-18, 2.45524146465e-16, -3.13478191839e-17, -9.86486797329e-17, 1.91399270531e-16, -1.66637453458e-16, -3.82580421806e-18, -4.34547092532e-18, -1.77928482054e-16, 3.11590367158e-17, -4.57394912929e-17, -9.0143688084e-17, 3.49603319859e-16, 8.59501642815e-16, -5.62909972604e-18, 9.5029466768e-17, 9.36520853166e-17, 8.5690445451e-17, 4.6958876615e-16, 2.0289766338e-16, -1.00869075688e-17, -1.77897978942e-17, -1.90238689809e-16, -4.52249543462e-18, -6.69887204294e-19, 4.96881319353e-20, 6.92805639032e-20]]
    },
    "mfcc": {
        "kurt": [1.57503652573, -0.709158182144, 0.303178548813, -0.260909795761, -0.613708019257, -0.0763156414032, -0.793811321259, -0.478373527527, -0.426523923874, 0.0718805789948, -0.000386953353882, -0.0538930892944, -0.233891010284],
        "max": [-675.10144043, 139.271896362, 7.03662872314, 66.1967315674, 6.14553833008, 34.2512054443, 18.281452179, 31.2575206757, 4.86820602417, 31.9265899658, 13.364566803, 9.46243286133, 16.8496551514],
        "mean": [-821.340270996, 101.050582886, -29.4332866669, 40.6452674866, -20.6846866608, 3.32016992569, -8.16514778137, 8.87773990631, -16.551815033, 6.04893779755, -7.3837890625, -6.51467514038, 0.189026027918],
        "median": [-824.187011719, 100.688201904, -28.8745765686, 41.471824646, -20.8881187439, 3.79397583008, -9.32864379883, 10.011762619, -16.9999351501, 6.40258979797, -7.50015449524, -6.48640823364, -0.129585266113],
        "min": [-1042.64099121, 62.0952224731, -72.5119171143, 15.6320762634, -46.3396835327, -19.6192855835, -38.5275306702, -16.4165039062, -37.1505279541, -18.066947937, -28.3391361237, -24.8939056396, -15.1017494202],
        "skew": [0.152762979269, 0.0274074226618, -0.353744268417, -0.264642804861, 0.0884070843458, -0.142395079136, 0.177150934935, -0.401203811169, 0.154135242105, 0.0721267908812, -0.0987791642547, 0.0946371257305, -0.0340821184218],
        "var": [1673.79089355, 219.278091431, 157.140838623, 85.5446548462, 102.815444946, 66.8400497437, 138.446563721, 97.4412765503, 68.070022583, 48.1540870667, 41.636428833, 29.1503334045, 33.1092987061],
        "cov": [[1677.17919922, -236.250549316, -34.5577125549, -157.081390381, -250.85319519, 188.179122925, -288.828613281, 189.015869141, -177.771575928, 139.11505127, -89.0047073364, 14.1802616119, -17.9104118347], [-236.250549316, 219.721969604, -59.902797699, 69.5915603638, 86.0478744507, -53.8934631348, 118.815795898, -84.0612487793, 66.3731231689, -42.376121521, 39.3873939514, -7.91754388809, -17.6737041473], [-34.5577125549, -59.902797699, 157.458938599, 5.16241884232, -31.3553199768, 31.7432422638, -54.4994812012, 62.6761322021, -36.1438140869, 15.6276865005, -27.8157958984, -3.18171167374, 17.5302181244], [-157.081390381, 69.5915603638, 5.16241884232, 85.7178268433, 63.5868110657, -10.9678497314, 49.3945198059, -22.2560214996, 26.0882472992, -12.6968002319, 12.2228031158, -10.2951059341, -0.694812119007], [-250.85319519, 86.0478744507, -31.3553199768, 63.5868110657, 103.023574829, -24.6368122101, 85.6192092896, -51.3501968384, 47.5773468018, -23.7193546295, 23.8409099579, -4.89498233795, -9.28744125366], [188.179122925, -53.8934631348, 31.7432422638, -10.9678497314, -24.6368122101, 66.9753494263, -45.2475166321, 53.5735816956, -38.1764411926, 28.1605529785, -19.2952289581, -5.60079050064, 3.89923858643], [-288.828613281, 118.815795898, -54.4994812012, 49.3945198059, 85.6192092896, -45.2475166321, 138.726821899, -68.2337646484, 70.1561126709, -40.7046432495, 28.8367481232, 1.29970598221, -13.7396326065], [189.015869141, -84.0612487793, 62.6761322021, -22.2560214996, -51.3501968384, 53.5735816956, -68.2337646484, 97.6385269165, -41.4201316833, 34.4557647705, -29.2513160706, -4.78261137009, 14.3575725555], [-177.771575928, 66.3731231689, -36.1438140869, 26.0882472992, 47.5773468018, -38.1764411926, 70.1561126709, -41.4201316833, 68.2078170776, -16.6323947906, 22.3170948029, 5.52274036407, -6.75584554672], [139.11505127, -42.376121521, 15.6276865005, -12.6968002319, -23.7193546295, 28.1605529785, -40.7046432495, 34.4557647705, -16.6323947906, 48.2515640259, -0.253428399563, 1.03811359406, 2.76791214943], [-89.0047073364, 39.3873939514, -27.8157958984, 12.2228031158, 23.8409099579, -19.2952289581, 28.8367481232, -29.2513160706, 22.3170948029, -0.253428399563, 41.7207145691, 11.01811409, -0.0212113764137], [14.1802616119, -7.91754388809, -3.18171167374, -10.2951059341, -4.89498233795, -5.60079050064, 1.29970598221, -4.78261137009, 5.52274036407, 1.03811359406, 11.01811409, 29.2093429565, 8.05877113342], [-17.9104118347, -17.6737041473, 17.5302181244, -0.694812119007, -9.28744125366, 3.89923858643, -13.7396326065, 14.3575725555, -6.75584554672, 2.76791214943, -0.0212113764137, 8.05877113342, 33.176322937]]
    },
    "sccoeffs": {
        "kurt": [0.452425479889, 0.2106757164, 0.488030433655, 5.35435771942, 3.28668451309, -0.325842857361],
        "max": [-0.590469062328, -0.722392976284, -0.744336366653, -0.703226685524, -0.770817995071, -0.638667941093],
        "mean": [-0.75808775425, -0.835594177246, -0.854008436203, -0.85390496254, -0.851783275604, -0.731646358967],
        "median": [-0.762142956257, -0.83654499054, -0.856981635094, -0.856798171997, -0.853051543236, -0.731202661991],
        "min": [-0.908057391644, -0.926834464073, -0.958850502968, -0.912222206593, -0.89786285162, -0.878110229969],
        "skew": [0.549974322319, 0.309027969837, 0.324867337942, 1.53603208065, 0.978969633579, -0.0931419283152],
        "var": [0.00277431635186, 0.00127033051103, 0.00080297968816, 0.00067707238486, 0.000245844450546, 0.00123472709674],
        "cov": [[0.00277993245982, 1.8312186512e-05, 0.000144184494275, 0.000260800123215, 0.000170590850757, 0.000351321446942], [1.8312186512e-05, 0.00127290212549, 0.000148264269228, 7.54502325435e-05, -1.23401878227e-05, 0.00017033299082], [0.000144184494275, 0.000148264269228, 0.000804605137091, 0.000133098394144, 0.000100285469671, 0.000234291845118], [0.000260800123215, 7.54502325435e-05, 0.000133098394144, 0.000678443000652, 0.00016388084623, 0.000218534289161], [0.000170590850757, -1.23401878227e-05, 0.000100285469671, 0.00016388084623, 0.000246342126047, 0.000119152166008], [0.000351321446942, 0.00017033299082, 0.000234291845118, 0.000218534289161, 0.000119152166008, 0.0012372265337]]
    },
    "scvalleys": {
        "kurt": [1.28045129776, 0.535213470459, 0.479425191879, 1.54903554916, 3.49977397919, -0.890295505524],
        "max": [-5.82445240021, -5.57510089874, -6.4096698761, -6.51989364624, -6.54872894287, -9.45008659363],
        "mean": [-7.54101037979, -7.25459671021, -7.56491613388, -8.09288692474, -8.13636875153, -10.877409935],
        "median": [-7.52810382843, -7.26473808289, -7.60349702835, -8.14179801941, -8.18155670166, -10.8699159622],
        "min": [-8.99558734894, -9.20855331421, -9.80232715607, -9.95796871185, -10.085568428, -12.2078666687],
        "skew": [-0.0358310230076, -0.0698723569512, -0.0544931516051, 0.563445270061, 0.629500687122, 0.080140478909],
        "var": [0.178675040603, 0.211444348097, 0.206706315279, 0.173221871257, 0.120724238455, 0.299120187759],
        "cov": [[0.179036736488, 0.0449041388929, 0.0507337860763, 0.0506649054587, 0.0450663752854, 0.0422378890216], [0.0449041388929, 0.211872383952, 0.132501289248, 0.122261591256, 0.0997731387615, 0.157375946641], [0.0507337860763, 0.132501289248, 0.207124754786, 0.140324398875, 0.120469667017, 0.178155824542], [0.0506649054587, 0.122261591256, 0.140324398875, 0.173572525382, 0.123265124857, 0.148458242416], [0.0450663752854, 0.0997731387615, 0.120469667017, 0.123265124857, 0.120968624949, 0.138885453343], [0.0422378890216, 0.157375946641, 0.178155824542, 0.148458242416, 0.138885453343, 0.299725711346]]
    }
},
"rhythm": {
    "beats_loudness": {
        "kurt": 11.8300046921,
        "max": 0.00491505907848,
        "mean": 0.000580584572162,
        "median": 0.000252473691944,
        "min": 9.11254828679e-05,
        "skew": 3.63606309891,
        "var": 1.15039063076e-06
    },
    "bpm": 99.7088012695,
    "confidence": 2.15219688416,
    "first_peak_bpm": {
        "kurt": 0,
        "max": 99,
        "mean": 99,
        "median": 99,
        "min": 99,
        "skew": 0,
        "var": 0
    },
    "first_peak_spread": {
        "kurt": 0,
        "max": 0.16666662693,
        "mean": 0.16666662693,
        "median": 0.16666662693,
        "min": 0.16666662693,
        "skew": 0,
        "var": 0
    },
    "first_peak_weight": {
        "kurt": 0,
        "max": 0.588235318661,
        "mean": 0.588235318661,
        "median": 0.588235318661,
        "min": 0.588235318661,
        "skew": 0,
        "var": 0
    },
    "onset_rate": 1.57085156441,
    "second_peak_bpm": {
        "kurt": 0,
        "max": 92,
        "mean": 92,
        "median": 92,
        "min": 92,
        "skew": 0,
        "var": 0
    },
    "second_peak_spread": {
        "kurt": 0,
        "max": 0,
        "mean": 0,
        "median": 0,
        "min": 0,
        "skew": 0,
        "var": 0
    },
    "second_peak_weight": {
        "kurt": 0,
        "max": 0.29411765933,
        "mean": 0.29411765933,
        "median": 0.29411765933,
        "min": 0.29411765933,
        "skew": 0,
        "var": 0
    },
    "beats_loudness_band_ratio": {
        "kurt": [0.59688949585, -0.136630773544, -0.440400123596, -0.637871742249, 0.785239696503, -0.963485002518],
        "max": [0.583455920219, 0.40600964427, 0.331460654736, 0.226776450872, 0.317393004894, 0.286662757397],
        "mean": [0.216984987259, 0.172968253493, 0.169420823455, 0.1405236274, 0.166679024696, 0.19500477612],
        "median": [0.204949170351, 0.150830775499, 0.164528474212, 0.131586924195, 0.162937790155, 0.194697231054],
        "min": [0.0355144105852, 0.0509300716221, 0.0473910607398, 0.0628791749477, 0.0468167662621, 0.117721915245],
        "skew": [1.11928749084, 0.859514653683, 0.0948858335614, 0.380176395178, 0.488950371742, 0.160757392645],
        "var": [0.0200549717993, 0.00966002326459, 0.00574901374057, 0.00188567803707, 0.00346065917984, 0.00222041807137],
        "cov": [[0.0212346762419, 0.00174595497083, -0.00559149449691, -0.00332527048886, -0.00473924772814, -0.00467383209616], [0.00174595497083, 0.0102282594889, -0.0027265434619, -0.00221912632696, -0.00294382474385, -0.00152944528963], [-0.00559149449691, -0.0027265434619, 0.00608719093725, -4.56496236438e-05, -0.000631334201898, 0.00109689764213], [-0.00332527048886, -0.00221912632696, -4.56496236438e-05, 0.00199660030194, 0.00200753868558, 0.000600149855018], [-0.00473924772814, -0.00294382474385, -0.000631334201898, 0.00200753868558, 0.00366422720253, 0.00133490830194], [-0.00467383209616, -0.00152944528963, 0.00109689764213, 0.000600149855018, 0.00133490830194, 0.00235103094019]]
    },
    "beats_position": [0.626938760281, 1.27709746361, 1.92725622654, 2.57741498947, 3.22757363319, 3.87773227692, 4.46984100342, 5.07355976105, 5.67727899551, 6.28099775314, 6.88471651077, 7.47682523727, 8.08054447174, 8.68426322937, 9.287981987, 9.89170074463, 10.4954195023, 11.0991382599],
    "bpm_estimates": [101.332740784, 99.3840255737, 99.3839492798, 99.3840255737, 99.3840255737, 101.332740784, 99.3839492798, 99.3840255737, 99.3840255737, 99.3840255737, 99.3840255737, 99.3840255737],
    "bpm_intervals": [0.650158703327, 0.650158762932, 0.650158762932, 0.650158643723, 0.650158643723, 0.592108726501, 0.603718757629, 0.603719234467, 0.603718757629, 0.603718757629, 0.592108726501, 0.603719234467, 0.603718757629, 0.603718757629, 0.603718757629, 0.603718757629, 0.603718757629],
    "onset_times": [0.0116099771112, 0.208979591727, 0.835918366909, 1.66022670269, 2.10140585899, 2.83283448219, 3.47138333321, 4.02866220474, 4.08671188354, 4.74848079681, 5.4334692955, 5.51473903656, 6.07201814651, 7.00081634521, 7.60453510284, 8.63782310486, 9.53179168701, 10.4373693466],
    "histogram": [[0, 0, 0, 0, 0, 0, 0, 0, 0, 0, 0, 0, 0, 0, 0, 0, 0, 0, 0, 0, 0, 0, 0, 0, 0, 0, 0, 0, 0, 0, 0, 0, 0, 0, 0, 0, 0, 0, 0, 0, 0, 0, 0, 0, 0, 0, 0, 0, 0, 0, 0, 0, 0, 0, 0, 0, 0, 0, 0, 0, 0, 0, 0, 0, 0, 0, 0, 0, 0, 0, 0, 0, 0, 0, 0, 0, 0, 0, 0, 0, 0, 0, 0, 0, 0, 0, 0, 0, 0, 0, 0, 0, 0.29411765933, 0, 0, 0, 0, 0, 0, 0.588235318661, 0, 0.117647059262, 0, 0, 0, 0, 0, 0, 0, 0, 0, 0, 0, 0, 0, 0, 0, 0, 0, 0, 0, 0, 0, 0, 0, 0, 0, 0, 0, 0, 0, 0, 0, 0, 0, 0, 0, 0, 0, 0, 0, 0, 0, 0, 0, 0, 0, 0, 0, 0, 0, 0, 0, 0, 0, 0, 0, 0, 0, 0, 0, 0, 0, 0, 0, 0, 0, 0, 0, 0, 0, 0, 0, 0, 0, 0, 0, 0, 0, 0, 0, 0, 0, 0, 0, 0, 0, 0, 0, 0, 0, 0, 0, 0, 0, 0, 0, 0, 0, 0, 0, 0, 0, 0, 0, 0, 0, 0, 0, 0, 0, 0, 0, 0, 0, 0, 0, 0, 0, 0, 0, 0, 0, 0, 0, 0, 0, 0, 0, 0, 0, 0, 0, 0, 0, 0, 0, 0, 0, 0, 0, 0, 0, 0, 0, 0, 0, 0, 0, 0]]
},
"sfx": {
    "inharmonicity": {
        "kurt": -0.759106874466,
        "max": 0.374661266804,
        "mean": 0.0951888635755,
        "median": 0.0807522013783,
        "min": 0,
        "skew": 0.560417175293,
        "var": 0.00833311490715
    },
    "oddtoevenharmonicenergyratio": {
        "kurt": 23.37200737,
        "max": 8.56801509857,
        "mean": 0.581760823727,
        "median": 0.389562010765,
        "min": 0,
        "skew": 3.50732636452,
        "var": 0.632335484028
    },
    "pitch_after_max_to_before_max_energy_ratio": 0.55781185627,
    "pitch_centroid": 245.35017395,
    "pitch_max_to_total": 0.656565666199,
    "pitch_min_to_total": 0.260606050491,
    "tristimulus": {
        "kurt": [-1.55303812027, -0.595633506775, -1.53573024273],
        "max": [1, 0.756688654423, 0.857496380806],
        "mean": [0.446798473597, 0.185400635004, 0.367801070213],
        "median": [0.217320844531, 0.220029130578, 0.49028018117],
        "min": [0, 0, 0],
        "skew": [0.552383840084, 0.217222541571, -0.324699163437],
        "var": [0.164526969194, 0.0239961259067, 0.0810388028622],
        "cov": [[0.164860025048, -0.0538509897888, -0.111009307206], [-0.0538509897888, 0.0240447018296, 0.0298062749207], [-0.111009307206, 0.0298062749207, 0.0812028497458]]
    }
},
"tonal": {
    "chords_changes_rate": 0.12096773833,
    "chords_number_rate": 0.0201612897217,
    "chords_strength": {
        "kurt": -0.791139364243,
        "max": 0.590818464756,
        "mean": 0.449493050575,
        "median": 0.440488606691,
        "min": 0.29722225666,
        "skew": 0.0340979322791,
        "var": 0.005106783472
    },
    "key_strength": 0.528403937817,
    "tuning_diatonic_strength": 0.495988041162,
    "tuning_equal_tempered_deviation": 0.182869181037,
    "tuning_frequency": 456.306610107,
    "tuning_nontempered_energy_ratio": 0.870687246323,
    "hpcp": {
        "kurt": [0.492234945297, 1.95426940918, 0.778980970383, 0.349469661713, -0.339338541031, -1.18216598034, -1.37664616108, -0.389155626297, 1.48134899139, 2.93768310547, 3.18569135666, 1.55690717697, 3.17274713516, 3.9831662178, 1.8744802475, 1.55894899368, 1.81184339523, 1.28637313843, 1.37840652466, 1.40714168549, 1.97038125992, 3.15484380722, 1.1634645462, 0.233004570007, 0.00725364685059, 0.433032989502, 1.29589891434, 0.622463941574, 1.2525677681, 0.720618724823, 0.0400996208191, 0.899196147919, 2.6650686264, 1.03017187119, 1.10609579086, 0.313211917877],
        "max": [1, 1, 1, 1, 1, 1, 1, 1, 1, 1, 1, 0.785880982876, 1, 1, 1, 1, 1, 1, 1, 1, 1, 1, 1, 1, 1, 1, 1, 1, 1, 1, 1, 1, 1, 1, 1, 1],
