{
"metadata": {
    "version": {
        "essentia": "2.1-beta3"
    }
},
"lowLevel": {
    "average_loudness": 0.955422818661,
    "barkbands_kurtosis": {
        "kurt": 4.71976423264,
        "max": 2.98933362961,
        "mean": -0.412333577871,
        "median": -0.60247027874,
        "min": -1.43094742298,
        "skew": 1.99463248253,
        "var": 0.456223607063
    },
    "barkbands_skewness": {
        "kurt": 2.13106870651,
        "max": 0.85367166996,
        "mean": 0.0365160964429,
        "median": 0.106733717024,
        "min": -1.50613749027,
        "skew": -1.40660429001,
        "var": 0.141110777855
    },
    "barkbands_spread": {
        "kurt": 1.01953363419,
        "max": 26.9312419891,
        "mean": 15.0494890213,
        "median": 15.1700973511,
        "min": 7.48897266388,
        "skew": 0.025390310213,
        "var": 9.69195461273
    },
    "dissonance": {
        "kurt": 8.11757087708,
        "max": 0.499818772078,
        "mean": 0.483847081661,
        "median": 0.486950218678,
        "min": 0.3969655931,
        "skew": -2.271733284,
        "var": 0.000192811567103
    },
    "hfc": {
        "kurt": -0.651668310165,
        "max": 36.367515564,
        "mean": 11.9910440445,
        "median": 11.2394952774,
        "min": 0.00123951362912,
        "skew": 0.399421691895,
        "var": 72.0719833374
    },
    "pitch": {
        "kurt": 7.47727775574,
        "max": 2638.13891602,
        "mean": 521.053222656,
        "median": 410.405883789,
        "min": 76.5713729858,
        "skew": 2.16305470467,
        "var": 172551.46875
    },
    "pitch_instantaneous_confidence": {
        "kurt": 1.67355728149,
        "max": 0.425817191601,
        "mean": 0.219479739666,
        "median": 0.214042693377,
        "min": 0.125441670418,
        "skew": 0.890474379063,
        "var": 0.00208426197059
    },
    "pitch_salience": {
        "kurt": 0.670294046402,
        "max": 0.900067329407,
        "mean": 0.777562141418,
        "median": 0.780054628849,
        "min": 0.673662364483,
        "skew": -0.333307445049,
        "var": 0.00106653443072
    },
    "silence_rate_20dB": {
        "kurt": 0,
        "max": 1,
        "mean": 1,
        "median": 1,
        "min": 1,
        "skew": 0,
        "var": 0
    },
    "silence_rate_30dB": {
        "kurt": 0,
        "max": 1,
        "mean": 1,
        "median": 1,
        "min": 1,
        "skew": 0,
        "var": 0
    },
    "silence_rate_60dB": {
        "kurt": 0.106158971786,
        "max": 1,
        "mean": 0.206349208951,
        "median": 0,
        "min": 0,
        "skew": 1.45126438141,
        "var": 0.163769006729
    },
    "spectral_centroid": {
        "kurt": 2.30618143082,
        "max": 2887.61230469,
        "mean": 1499.29406738,
        "median": 1390.69775391,
        "min": 997.953308105,
        "skew": 1.79474008083,
        "var": 128863.632812
    },
    "spectral_complexity": {
        "kurt": -0.601604700089,
        "max": 45,
        "mean": 25.1984119415,
        "median": 29,
        "min": 0,
        "skew": -0.766076266766,
        "var": 186.492462158
    },
    "spectral_crest": {
        "kurt": 1.75191354752,
        "max": 9.90462970734,
        "mean": 4.81699562073,
        "median": 4.64672517776,
        "min": 2.56577920914,
        "skew": 1.08072042465,
        "var": 1.64300501347
    },
    "spectral_decrease": {
        "kurt": -0.64208817482,
        "max": -8.3944156693e-14,
        "mean": -2.01129468635e-09,
        "median": -1.93447924346e-09,
        "min": -5.70358738017e-09,
        "skew": -0.281549721956,
        "var": 1.87806374317e-18
    },
    "spectral_energy": {
        "kurt": -0.64616727829,
        "max": 0.0248253084719,
        "mean": 0.00867871381342,
        "median": 0.0083437487483,
        "min": 4.29252082768e-07,
        "skew": 0.293963760138,
        "var": 3.52278693754e-05
    },
    "spectral_energyband_high": {
        "kurt": -0.504951000214,
        "max": 0.000407214509323,
        "mean": 0.000124361467897,
        "median": 0.000105572369648,
        "min": 5.79023087255e-08,
        "skew": 0.679576575756,
        "var": 8.39285618781e-09
    },
    "spectral_energyband_low": {
        "kurt": -0.16818189621,
        "max": 0.000114723763545,
        "mean": 3.02965399896e-05,
        "median": 2.05054639082e-05,
        "min": 7.70481012324e-10,
        "skew": 0.89555990696,
        "var": 8.13557166079e-10
    },
    "spectral_energyband_middle_high": {
        "kurt": -0.540815591812,
        "max": 0.0191062930971,
        "mean": 0.00622507696971,
        "median": 0.00561798037961,
        "min": 3.59291732366e-07,
        "skew": 0.461984246969,
        "var": 2.00823833438e-05
    },
    "spectral_energyband_middle_low": {
        "kurt": -0.613616704941,
        "max": 0.00691281817853,
        "mean": 0.00249591562897,
        "median": 0.00251194089651,
        "min": 1.76372196847e-08,
        "skew": 0.084042571485,
        "var": 2.61057516582e-06
    },
    "spectral_flatness_db": {
        "kurt": 1.26603364944,
        "max": 0.235527932644,
        "mean": 0.190283194184,
        "median": 0.190488606691,
        "min": 0.139170318842,
        "skew": -0.0813740864396,
        "var": 0.00020410498837
    },
    "spectral_flux": {
        "kurt": -0.285533666611,
        "max": 0.0861903354526,
        "mean": 0.0461652465165,
        "median": 0.0505113005638,
        "min": 0.000823648704682,
        "skew": -0.784876763821,
        "var": 0.000380766490707
    },
    "spectral_kurtosis": {
        "kurt": 1.27909803391,
        "max": 19.7559490204,
        "mean": 8.62377071381,
        "median": 8.46594810486,
        "min": 2.41583061218,
        "skew": 0.475030839443,
        "var": 7.02063465118
    },
    "spectral_rms": {
        "kurt": -0.5570936203,
        "max": 0.00492136273533,
        "mean": 0.00264054886065,
        "median": 0.00285310694017,
        "min": 2.04641764867e-05,
        "skew": -0.589437663555,
        "var": 1.49453103404e-06
    },
    "spectral_rolloff": {
        "kurt": 0.86988401413,
        "max": 3962.109375,
        "mean": 2469.99487305,
        "median": 2368.65234375,
        "min": 1614.99023438,
        "skew": 1.02630805969,
        "var": 222919.625
    },
    "spectral_skewness": {
        "kurt": 0.567821502686,
        "max": 3.23766517639,
        "mean": 2.06292724609,
        "median": 2.12275409698,
        "min": 0.986644387245,
        "skew": -0.651137292385,
        "var": 0.149981409311
    },
    "spectral_spread": {
        "kurt": 151.557815552,
        "max": 8900874,
        "mean": 2656688.5,
        "median": 2598170,
        "min": 2275369.25,
        "skew": 11.0767440796,
        "var": 197723553792
    },
    "spectral_strongpeak": {
        "kurt": 1.37608194351,
        "max": 2.22443938255,
        "mean": 0.579318404198,
        "median": 0.452143013477,
        "min": 0.00183895102236,
        "skew": 1.19535171986,
        "var": 0.175254225731
    },
    "zerocrossingrate": {
        "kurt": 2.05131721497,
        "max": 0.12939453125,
        "mean": 0.0790860578418,
        "median": 0.0751953125,
        "min": 0.0244140625,
        "skew": 1.4029340744,
        "var": 0.000248004245805
    },
    "barkbands": {
        "kurt": [34.4031105042, 15.5751171112, 1.1150765419, 0.0782761573792, -0.0644469261169, 0.480859041214, 0.686962127686, 0.335240602493, 0.567050933838, 0.600136756897, -0.22929930687, 0.805918216705, 0.409065246582, -0.248964309692, -0.282473802567, 0.837564468384, 0.968701839447, 0.186135053635, 1.03368616104, 0.12436580658, -0.487821102142, 2.9090590477, -0.142642259598, 6.31001091003, 7.91696834564, 4.45494318008, 10.1172533035],
        "max": [2.01629717367e-08, 4.15439171775e-06, 3.22058840538e-05, 0.000147459111759, 0.00110378430691, 0.00239614769816, 0.00135574222077, 0.000854553421959, 0.00257337326184, 0.00358192669228, 0.00467857252806, 0.00267331139185, 0.00156475685071, 0.00200948282145, 0.00181346782483, 0.00200002081692, 0.00244677322917, 0.00161334103905, 0.000941275502555, 0.000740787712857, 0.000152544409502, 4.77786888951e-05, 4.33158038504e-06, 2.99708722196e-06, 2.97972155749e-06, 3.92898336088e-08, 3.34156302628e-09],
        "mean": [1.32134825304e-09, 4.65553029017e-07, 7.73677493271e-06, 3.59378063877e-05, 0.000309680821374, 0.000616610399447, 0.000356487988029, 0.000220497749979, 0.000598653627094, 0.000957236508839, 0.00134300952777, 0.000663366459776, 0.000437866372522, 0.000644307932816, 0.000558715604711, 0.000474768836284, 0.000531793863047, 0.000434596062405, 0.000236548075918, 0.000186516830581, 4.99835186929e-05, 1.16643359434e-05, 1.09680354399e-06, 5.91916148096e-07, 5.78952437991e-07, 7.66179741873e-09, 3.15714621113e-10],
        "median": [6.05189676151e-10, 3.04649631744e-07, 5.14199018653e-06, 2.56564817391e-05, 0.000231523066759, 0.000561046414077, 0.00032518763328, 0.000217887631152, 0.000459774630144, 0.000774798740167, 0.000943786115386, 0.000522154732607, 0.000395520648453, 0.00059576361673, 0.000490950304084, 0.000432452769019, 0.000411132874433, 0.000351242953911, 0.000186150427908, 0.000141895521665, 4.1606479499e-05, 1.05653107312e-05, 8.66739696903e-07, 5.67881329516e-07, 5.87551426179e-07, 7.58574447701e-09, 1.26159527269e-10],
        "min": [5.68634061279e-13, 2.2963617119e-10, 3.21074056231e-10, 3.19950954619e-10, 1.9449328259e-10, 7.63372587365e-10, 2.52925325128e-09, 2.34450636682e-09, 9.07643737946e-09, 6.07036865219e-09, 2.58079602133e-09, 3.36798544609e-09, 1.10810463028e-08, 2.46738061094e-08, 1.63884870119e-08, 2.03333279103e-08, 7.48442303689e-08, 8.79733548231e-08, 4.7264183678e-08, 4.2881726614e-08, 1.56365640436e-08, 4.82055728668e-09, 1.14364961945e-10, 6.25585624969e-11, 2.15031169953e-11, 2.58507462398e-13, 8.50328989621e-14],
        "skew": [4.5790271759, 3.02261257172, 1.34778225422, 0.928990960121, 0.903628468513, 0.835207164288, 0.854037165642, 0.671517789364, 0.97841411829, 1.0666821003, 0.855152547359, 1.09707403183, 0.77002209425, 0.508628070354, 0.642045259476, 0.828774273396, 1.12191212177, 0.97642570734, 1.16266667843, 0.960645854473, 0.650111854076, 1.38340830803, 0.807099282742, 1.48604547977, 1.67453885078, 1.11743569374, 2.77351737022],
        "var": [3.81194315253e-18, 2.79167612421e-13, 6.55035262143e-11, 1.15496856523e-09, 8.07343099041e-08, 2.43095030328e-07, 8.00715724836e-08, 2.73060543066e-08, 2.60363009374e-07, 7.15290696007e-07, 1.45397802953e-06, 3.44980435329e-07, 1.09812944515e-07, 2.04935346915e-07, 1.86728399854e-07, 1.28916624931e-07, 2.26843496876e-07, 1.53248947754e-07, 4.17849044254e-08, 2.64770978475e-08, 1.23417964737e-09, 7.83365178281e-11, 8.27508038221e-13, 1.78811718037e-13, 1.64142706588e-13, 2.89978387683e-17, 2.2384900658e-19],
        "cov": [[3.82713018858e-18, 2.07113544882e-16, 2.86887369905e-15, 8.51998932017e-15, 8.494450938e-14, 1.46652194511e-13, 5.75272454998e-14, 4.3684423212e-14, 1.61319593209e-13, 2.18075381429e-13, 4.03989043824e-13, 1.71755215302e-13, 1.04601264174e-13, 1.44270893517e-13, 1.94904368252e-13, 6.61879473213e-14, 1.66862536158e-13, 1.25469120228e-13, 6.70972947884e-14, 4.04650000573e-14, 1.07698536707e-14, 3.3229390512e-15, 2.61825719051e-16, 8.23989085052e-17, 1.68024734607e-16, 1.01469211766e-18, 7.14795395511e-20], [2.07113544882e-16, 2.8027984122e-13, 8.05053885968e-13, 2.08034089087e-12, 4.59552153276e-11, 6.43624320507e-11, 2.85894658641e-11, 3.11591412394e-11, 6.67545602129e-11, 1.26822455315e-10, 1.59915553022e-10, 8.77098116359e-11, 5.74868798398e-11, 7.60644255915e-11, 6.97616756029e-11, 4.91667123681e-11, 5.02994000617e-11, 5.06323351301e-11, 2.80040365896e-11, 2.58606538961e-11, 5.42723808603e-12, 1.72487143926e-12, 1.40011727255e-13, 8.77648851489e-14, 1.24803257464e-13, 1.0494918211e-15, 1.32380124077e-17], [2.86887369905e-15, 8.05053885968e-13, 6.5764498014e-11, 2.31629493364e-10, 1.53637480516e-09, 1.65982505518e-09, 7.60998819516e-10, 4.08681005704e-10, 1.423621665e-09, 2.64679078654e-09, 3.92096621837e-09, 1.96776062111e-09, 1.40970302098e-09, 1.66691760395e-09, 1.96828353616e-09, 1.6544264847e-09, 2.42651188032e-09, 1.78841419451e-09, 9.3104068899e-10, 6.81197931396e-10, 1.52924270469e-10, 2.95737358214e-11, 3.82809018859e-12, 1.02976698349e-12, 8.27743255882e-13, 1.72647998193e-14, 7.61205957445e-16], [8.51998932017e-15, 2.08034089087e-12, 2.31629493364e-10, 1.1595701066e-09, 6.47991837965e-09, 7.64152296995e-09, 3.96282207049e-09, 2.12456474635e-09, 7.28752569401e-09, 1.46942795709e-08, 2.16730793312e-08, 1.06817132917e-08, 5.98896621185e-09, 7.89715670635e-09, 8.66166605107e-09, 7.84466980264e-09, 1.11512807877e-08, 8.63121663031e-09, 4.56966686713e-09, 3.28212279577e-09, 7.48538342421e-10, 1.41742520499e-10, 1.81909522168e-11, 4.75840287312e-12, 3.21905653175e-12, 7.80626512866e-14, 4.63503289704e-15], [8.494450938e-14, 4.59552153276e-11, 1.53637480516e-09, 6.47991837965e-09, 8.10559583897e-08, 6.24915728054e-08, 3.01518774393e-08, 2.29019239129e-08, 6.63935111334e-08, 1.49967704033e-07, 1.86252520962e-07, 1.01139065123e-07, 5.49882450684e-08, 7.43518171475e-08, 8.01887765078e-08, 6.44276738626e-08, 8.92977496392e-08, 6.89143391241e-08, 3.84511267271e-08, 3.02472180636e-08, 6.49388409713e-09, 1.22842958028e-09, 1.55759669052e-10, 4.55990210868e-11, 2.88138835708e-11, 6.81732177221e-13, 3.05853060164e-14], [1.46652194511e-13, 6.43624320507e-11, 1.65982505518e-09, 7.64152296995e-09, 6.24915728054e-08, 2.44063528498e-07, 7.12974284056e-08, 3.9547920494e-08, 1.53030086381e-07, 2.276082256e-07, 3.71235273633e-07, 1.59871902383e-07, 9.13945612524e-08, 1.11965455574e-07, 1.24815159097e-07, 1.0906583725e-07, 1.54741414349e-07, 1.23102381622e-07, 5.59388055876e-08, 5.10754212257e-08, 1.11527551638e-08, 2.48543163828e-09, 2.97329244558e-10, 1.02735056573e-10, 8.18058884522e-11, 1.35706344166e-12, 5.20767917721e-14], [5.75272454998e-14, 2.85894658641e-11, 7.60998819516e-10, 3.96282207049e-09, 3.01518774393e-08, 7.12974284056e-08, 8.03905848556e-08, 2.15737259168e-08, 6.01487286644e-08, 9.52587484448e-08, 1.54101059024e-07, 6.72389504075e-08, 3.56249891809e-08, 5.7220251648e-08, 5.52984005253e-08, 4.55617445994e-08, 5.71724960707e-08, 4.6259458486e-08, 2.30647181354e-08, 1.77285617298e-08, 4.45499681589e-09, 9.3240193344e-10, 1.1417704282e-10, 3.33836916444e-11, 5.10526100561e-11, 5.56855776768e-13, 3.10057765595e-14], [4.3684423212e-14, 3.11591412394e-11, 4.08681005704e-10, 2.12456474635e-09, 2.29019239129e-08, 3.9547920494e-08, 2.15737259168e-08, 2.74148419521e-08, 3.11525631957e-08, 7.69495969166e-08, 9.24309446759e-08, 4.78387924829e-08, 2.57666901149e-08, 4.14734167009e-08, 3.72170525509e-08, 2.70651288048e-08, 3.27182583248e-08, 3.04790646055e-08, 1.66232450027e-08, 1.43233611638e-08, 3.02382097139e-09, 6.97459368038e-10, 7.79666053941e-11, 3.25776697285e-11, 2.83561247399e-11, 4.14047160273e-13, 1.78081595965e-14], [1.61319593209e-13, 6.67545602129e-11, 1.423621665e-09, 7.28752569401e-09, 6.63935111334e-08, 1.53030086381e-07, 6.01487286644e-08, 3.11525631957e-08, 2.61400316504e-07, 2.69330740821e-07, 3.84600383541e-07, 1.81371461849e-07, 9.16958171615e-08, 1.33004903091e-07, 1.43071900993e-07, 1.1309349901e-07, 1.6333994779e-07, 1.3076962091e-07, 6.26709422136e-08, 5.21706553513e-08, 1.13349010178e-08, 2.66320698827e-09, 3.12705666916e-10, 9.65283963872e-11, 8.62628232734e-11, 1.39772752834e-12, 5.65261169306e-14], [2.18075381429e-13, 1.26822455315e-10, 2.64679078654e-09, 1.46942795709e-08, 1.49967704033e-07, 2.276082256e-07, 9.52587484448e-08, 7.69495969166e-08, 2.69330740821e-07, 7.18140427125e-07, 7.38351047858e-07, 3.90154212937e-07, 1.94347435922e-07, 2.55240763636e-07, 2.68389044322e-07, 1.91119951864e-07, 2.80591933688e-07, 2.39083675524e-07, 1.28816893152e-07, 1.1145262846e-07, 2.23079208439e-08, 4.62800064938e-09, 6.03761041162e-10, 1.77594022821e-10, 1.07405348504e-10, 2.20343123088e-12, 1.25171140813e-13], [4.03989043824e-13, 1.59915553022e-10, 3.92096621837e-09, 2.16730793312e-08, 1.86252520962e-07, 3.71235273633e-07, 1.54101059024e-07, 9.24309446759e-08, 3.84600383541e-07, 7.38351047858e-07, 1.45977082866e-06, 5.70056272409e-07, 2.49604426017e-07, 3.45339685737e-07, 3.5469841464e-07, 2.39443522787e-07, 3.97063899982e-07, 3.16677130741e-07, 1.7348473591e-07, 1.45174880117e-07, 3.10046814889e-08, 6.12014794399e-09, 8.02800770305e-10, 2.48737502817e-10, 1.69099789726e-10, 2.93268707929e-12, 1.17201658534e-13], [1.71755215302e-13, 8.77098116359e-11, 1.96776062111e-09, 1.06817132917e-08, 1.01139065123e-07, 1.59871902383e-07, 6.72389504075e-08, 4.78387924829e-08, 1.81371461849e-07, 3.90154212937e-07, 5.70056272409e-07, 3.46354852354e-07, 1.31560099703e-07, 1.92699502577e-07, 1.94142003807e-07, 1.30636792051e-07, 2.00965288855e-07, 1.72757950168e-07, 9.18313602938e-08, 7.88761056469e-08, 1.68637512843e-08, 3.36809313772e-09, 4.205757409e-10, 1.32531652319e-10, 8.27563989558e-11, 1.60004128003e-12, 7.00421166379e-14], [1.04601264174e-13, 5.74868798398e-11, 1.40970302098e-09, 5.98896621185e-09, 5.49882450684e-08, 9.13945612524e-08, 3.56249891809e-08, 2.57666901149e-08, 9.16958171615e-08, 1.94347435922e-07, 2.49604426017e-07, 1.31560099703e-07, 1.10250446994e-07, 9.66034718886e-08, 9.66136397551e-08, 6.96251305499e-08, 1.08232860896e-07, 8.84281163849e-08, 4.717194102e-08, 3.85825771332e-08, 8.08818345632e-09, 1.65062608026e-09, 2.12119197207e-10, 7.31467872384e-11, 5.66471453078e-11, 9.21948498447e-13, 4.67369910405e-14], [1.44270893517e-13, 7.60644255915e-11, 1.66691760395e-09, 7.89715670635e-09, 7.43518171475e-08, 1.11965455574e-07, 5.7220251648e-08, 4.14734167009e-08, 1.33004903091e-07, 2.55240763636e-07, 3.45339685737e-07, 1.92699502577e-07, 9.66034718886e-08, 2.05751817361e-07, 1.45521525496e-07, 9.54797698682e-08, 1.38428944751e-07, 1.22994251228e-07, 6.58591190472e-08, 5.21091259031e-08, 1.14007683294e-08, 2.48819387316e-09, 2.89167884082e-10, 9.76421235532e-11, 7.38278743695e-11, 1.40064110483e-12, 6.10879754984e-14], [1.94904368252e-13, 6.97616756029e-11, 1.96828353616e-09, 8.66166605107e-09, 8.01887765078e-08, 1.24815159097e-07, 5.52984005253e-08, 3.72170525509e-08, 1.43071900993e-07, 2.68389044322e-07, 3.5469841464e-07, 1.94142003807e-07, 9.66136397551e-08, 1.45521525496e-07, 1.87472338098e-07, 1.11278822601e-07, 1.59671060374e-07, 1.32043012968e-07, 6.8445871193e-08, 5.57623351938e-08, 1.21376935169e-08, 2.67213762228e-09, 3.17196158228e-10, 9.71607932998e-11, 6.99441338181e-11, 1.32869832758e-12, 5.91292829586e-14], [6.61879473213e-14, 4.91667123681e-11, 1.6544264847e-09, 7.84466980264e-09, 6.44276738626e-08, 1.0906583725e-07, 4.55617445994e-08, 2.70651288048e-08, 1.1309349901e-07, 1.91119951864e-07, 2.39443522787e-07, 1.30636792051e-07, 6.96251305499e-08, 9.54797698682e-08, 1.11278822601e-07, 1.29430247853e-07, 1.3031572621e-07, 1.03443902333e-07, 5.16117282245e-08, 4.12063592137e-08, 9.80912062687e-09, 1.88594651007e-09, 2.30904767529e-10, 7.2293573905e-11, 5.39570228775e-11, 1.04838143375e-12, 4.83289454192e-14], [1.66862536158e-13, 5.02994000617e-11, 2.42651188032e-09, 1.11512807877e-08, 8.92977496392e-08, 1.54741414349e-07, 5.71724960707e-08, 3.27182583248e-08, 1.6333994779e-07, 2.80591933688e-07, 3.97063899982e-07, 2.00965288855e-07, 1.08232860896e-07, 1.38428944751e-07, 1.59671060374e-07, 1.3031572621e-07, 2.27747250392e-07, 1.4994637354e-07, 7.69253176713e-08, 6.49814921871e-08, 1.40979237173e-08, 2.95010971207e-09, 3.67971375592e-10, 9.42360425804e-11, 5.74241799944e-11, 1.34486421565e-12, 5.29973844486e-14], [1.25469120228e-13, 5.06323351301e-11, 1.78841419451e-09, 8.63121663031e-09, 6.89143391241e-08, 1.23102381622e-07, 4.6259458486e-08, 3.04790646055e-08, 1.3076962091e-07, 2.39083675524e-07, 3.16677130741e-07, 1.72757950168e-07, 8.84281163849e-08, 1.22994251228e-07, 1.32043012968e-07, 1.03443902333e-07, 1.4994637354e-07, 1.53859502916e-07, 6.55520366877e-08, 5.18992102627e-08, 1.1670017841e-08, 2.35757458e-09, 2.95177909893e-10, 8.02314950588e-11, 5.00141907056e-11, 1.22014627135e-12, 5.37012044533e-14], [6.70972947884e-14, 2.80040365896e-11, 9.3104068899e-10, 4.56966686713e-09, 3.84511267271e-08, 5.59388055876e-08, 2.30647181354e-08, 1.66232450027e-08, 6.26709422136e-08, 1.28816893152e-07, 1.7348473591e-07, 9.18313602938e-08, 4.717194102e-08, 6.58591190472e-08, 6.8445871193e-08, 5.16117282245e-08, 7.69253176713e-08, 6.55520366877e-08, 4.1951377483e-08, 2.81758545384e-08, 5.78934500339e-09, 1.1785742382e-09, 1.5237559825e-10, 4.20907683707e-11, 2.37439564538e-11, 5.87725668914e-13, 2.72863108925e-14], [4.04650000573e-14, 2.58606538961e-11, 6.81197931396e-10, 3.28212279577e-09, 3.02472180636e-08, 5.10754212257e-08, 1.77285617298e-08, 1.43233611638e-08, 5.21706553513e-08, 1.1145262846e-07, 1.45174880117e-07, 7.88761056469e-08, 3.85825771332e-08, 5.21091259031e-08, 5.57623351938e-08, 4.12063592137e-08, 6.49814921871e-08, 5.18992102627e-08, 2.81758545384e-08, 2.65825850221e-08, 4.98360019918e-09, 1.02973440885e-09, 1.33332136998e-10, 3.39425536289e-11, 2.12572875968e-11, 4.73461981426e-13, 2.19113345767e-14], [1.07698536707e-14, 5.42723808603e-12, 1.52924270469e-10, 7.48538342421e-10, 6.49388409713e-09, 1.11527551638e-08, 4.45499681589e-09, 3.02382097139e-09, 1.13349010178e-08, 2.23079208439e-08, 3.10046814889e-08, 1.68637512843e-08, 8.08818345632e-09, 1.14007683294e-08, 1.21376935169e-08, 9.80912062687e-09, 1.40979237173e-08, 1.1670017841e-08, 5.78934500339e-09, 4.98360019918e-09, 1.23909671412e-09, 2.1872799405e-10, 2.79565780248e-11, 8.10318218775e-12, 5.05784173224e-12, 1.04455689703e-13, 3.5229775284e-15], [3.3229390512e-15, 1.72487143926e-12, 2.95737358214e-11, 1.41742520499e-10, 1.22842958028e-09, 2.48543163828e-09, 9.3240193344e-10, 6.97459368038e-10, 2.66320698827e-09, 4.62800064938e-09, 6.12014794399e-09, 3.36809313772e-09, 1.65062608026e-09, 2.48819387316e-09, 2.67213762228e-09, 1.88594651007e-09, 2.95010971207e-09, 2.35757458e-09, 1.1785742382e-09, 1.02973440885e-09, 2.1872799405e-10, 7.86486153981e-11, 5.84818304894e-12, 2.30795070555e-12, 1.76122842439e-12, 3.16891390244e-14, 8.82158344786e-16], [2.61825719051e-16, 1.40011727255e-13, 3.82809018859e-12, 1.81909522168e-11, 1.55759669052e-10, 2.97329244558e-10, 1.1417704282e-10, 7.79666053941e-11, 3.12705666916e-10, 6.03761041162e-10, 8.02800770305e-10, 4.205757409e-10, 2.12119197207e-10, 2.89167884082e-10, 3.17196158228e-10, 2.30904767529e-10, 3.67971375592e-10, 2.95177909893e-10, 1.5237559825e-10, 1.33332136998e-10, 2.79565780248e-11, 5.84818304894e-12, 8.30804880187e-13, 2.03167845503e-13, 1.36117218842e-13, 2.69724915383e-15, 1.20599426064e-16], [8.23989085052e-17, 8.77648851489e-14, 1.02976698349e-12, 4.75840287312e-12, 4.55990210868e-11, 1.02735056573e-10, 3.33836916444e-11, 3.25776697285e-11, 9.65283963872e-11, 1.77594022821e-10, 2.48737502817e-10, 1.32531652319e-10, 7.31467872384e-11, 9.76421235532e-11, 9.71607932998e-11, 7.2293573905e-11, 9.42360425804e-11, 8.02314950588e-11, 4.20907683707e-11, 3.39425536289e-11, 8.10318218775e-12, 2.30795070555e-12, 2.03167845503e-13, 1.79524120179e-13, 8.04067031598e-14, 1.67851733421e-15, 3.20723764609e-17], [1.68024734607e-16, 1.24803257464e-13, 8.27743255882e-13, 3.21905653175e-12, 2.88138835708e-11, 8.18058884522e-11, 5.10526100561e-11, 2.83561247399e-11, 8.62628232734e-11, 1.07405348504e-10, 1.69099789726e-10, 8.27563989558e-11, 5.66471453078e-11, 7.38278743695e-11, 6.99441338181e-11, 5.39570228775e-11, 5.74241799944e-11, 5.00141907056e-11, 2.37439564538e-11, 2.12572875968e-11, 5.05784173224e-12, 1.76122842439e-12, 1.36117218842e-13, 8.04067031598e-14, 1.64796656681e-13, 1.10978161458e-15, 2.93485104084e-17], [1.01469211766e-18, 1.0494918211e-15, 1.72647998193e-14, 7.80626512866e-14, 6.81732177221e-13, 1.35706344166e-12, 5.56855776768e-13, 4.14047160273e-13, 1.39772752834e-12, 2.20343123088e-12, 2.93268707929e-12, 1.60004128003e-12, 9.21948498447e-13, 1.40064110483e-12, 1.32869832758e-12, 1.04838143375e-12, 1.34486421565e-12, 1.22014627135e-12, 5.87725668914e-13, 4.73461981426e-13, 1.04455689703e-13, 3.16891390244e-14, 2.69724915383e-15, 1.67851733421e-15, 1.10978161458e-15, 2.91133694301e-17, 8.53204231612e-19], [7.14795395511e-20, 1.32380124077e-17, 7.61205957445e-16, 4.63503289704e-15, 3.05853060164e-14, 5.20767917721e-14, 3.10057765595e-14, 1.78081595965e-14, 5.65261169306e-14, 1.25171140813e-13, 1.17201658534e-13, 7.00421166379e-14, 4.67369910405e-14, 6.10879754984e-14, 5.91292829586e-14, 4.83289454192e-14, 5.29973844486e-14, 5.37012044533e-14, 2.72863108925e-14, 2.19113345767e-14, 3.5229775284e-15, 8.82158344786e-16, 1.20599426064e-16, 3.20723764609e-17, 2.93485104084e-17, 8.53204231612e-19, 2.24740836528e-19]]
    },
    "mfcc": {
        "kurt": [3.66999912262, 4.15836286545, 22.6418209076, -0.0567059516907, 4.8992972374, 0.789302349091, 0.00826096534729, 0.646035194397, 0.363396167755, 1.54658126831, 0.140398025513, 1.37189912796, 0.208542346954],
        "max": [-631.319396973, 155.207427979, -16.7038917542, 30.4421424866, 14.3117980957, -3.54676055908, 5.0640296936, 4.38402557373, 13.8320922852, 1.38381958008, 6.3265953064, 7.87012481689, 5.46995162964],
        "mean": [-714.759033203, 125.411811829, -107.023155212, 5.95732307434, -32.3707122803, -23.4515285492, -9.91856956482, -24.1989917755, -6.92330408096, -23.1854877472, -12.2511863708, -17.041765213, -8.76579475403],
        "median": [-684.237304688, 135.133392334, -108.816513062, 6.16898155212, -33.6126022339, -24.1093387604, -9.90613937378, -24.0253829956, -7.93779850006, -23.8808689117, -12.5820913315, -18.0039672852, -8.49377155304],
        "min": [-1123.22412109, -3.24531936646, -128.957489014, -15.6959571838, -49.1514968872, -43.5890045166, -24.7738552094, -42.7595062256, -21.1880970001, -36.5745277405, -29.5806465149, -30.7015075684, -24.2536430359],
        "skew": [-1.87457823753, -2.16314768791, 3.3538787365, 0.123934239149, 1.43287670612, 0.556886732578, 0.165521904826, 0.322735726833, 0.657599925995, 0.874639213085, 0.236092418432, 0.863734006882, -0.14836139977],
        "var": [7069.85205078, 785.858154297, 129.292144775, 73.5279846191, 70.2857513428, 38.0050964355, 25.5521697998, 47.2049865723, 34.6850395203, 36.4736824036, 41.4181137085, 36.1788101196, 29.1741199493],
        "cov": [[7098.01904297, 2096.04785156, -314.975646973, -234.599273682, -507.494781494, -296.49130249, -40.1047172546, 165.122024536, -263.976165771, -318.250030518, -266.689483643, -343.407745361, 205.646453857], [2096.04785156, 788.989013672, -17.192987442, -94.5233459473, -149.86605835, -107.869033813, -2.00551462173, 9.37256813049, -67.5312271118, -115.838661194, -61.7095909119, -116.157394409, 75.5617675781], [-314.975646973, -17.192987442, 129.807250977, -6.44085645676, 36.0782928467, 6.08747243881, 10.4730024338, -3.36264896393, 17.9993724823, 8.01302051544, 28.9474010468, 8.86973953247, 13.5478620529], [-234.599273682, -94.5233459473, -6.44085645676, 73.820930481, 31.6751689911, 21.0969257355, -7.67364215851, 0.388902693987, -1.73587524891, 14.6084547043, -6.33052539825, 15.2565345764, -20.0881252289], [-507.494781494, -149.86605835, 36.0782928467, 31.6751689911, 70.5657730103, 31.0068130493, 7.34564065933, -6.30995321274, 20.8676548004, 22.0700931549, 21.7220230103, 24.567155838, -15.8294239044], [-296.49130249, -107.869033813, 6.08747243881, 21.0969257355, 31.0068130493, 38.1565093994, 8.68691158295, 2.79056429863, 10.9278869629, 17.3935489655, 9.42982959747, 15.7651176453, -13.8715925217], [-40.1047172546, -2.00551462173, 10.4730024338, -7.67364215851, 7.34564065933, 8.68691158295, 25.6539726257, 6.60361480713, 7.65461206436, 3.05199623108, 6.92550325394, 0.259570032358, 0.282769143581], [165.122024536, 9.37256813049, -3.36264896393, 0.388902693987, -6.30995321274, 2.79056429863, 6.60361480713, 47.3930511475, -6.57293605804, 2.38179945946, -13.3800849915, -4.7602481842, 4.49414920807], [-263.976165771, -67.5312271118, 17.9993724823, -1.73587524891, 20.8676548004, 10.9278869629, 7.65461206436, -6.57293605804, 34.8232269287, 13.9107055664, 19.3646888733, 10.8488330841, -3.42319297791], [-318.250030518, -115.838661194, 8.01302051544, 14.6084547043, 22.0700931549, 17.3935489655, 3.05199623108, 2.38179945946, 13.9107055664, 36.6189956665, 14.1166706085, 18.6888694763, -10.7927303314], [-266.689483643, -61.7095909119, 28.9474010468, -6.33052539825, 21.7220230103, 9.42982959747, 6.92550325394, -13.3800849915, 19.3646888733, 14.1166706085, 41.5831260681, 13.7892608643, -0.523937404156], [-343.407745361, -116.157394409, 8.86973953247, 15.2565345764, 24.567155838, 15.7651176453, 0.259570032358, -4.7602481842, 10.8488330841, 18.6888694763, 13.7892608643, 36.3229522705, -6.61444330215], [205.646453857, 75.5617675781, 13.5478620529, -20.0881252289, -15.8294239044, -13.8715925217, 0.282769143581, 4.49414920807, -3.42319297791, -10.7927303314, -0.523937404156, -6.61444330215, 29.2903518677]]
    },
    "sccoeffs": {
        "kurt": [1.44164419174, 0.201763153076, 0.380841493607, 1.32438230515, 0.07577085495, 0.255516767502],
        "max": [-0.384556949139, -0.579063177109, -0.648196339607, -0.734954893589, -0.726999044418, -0.691168129444],
        "mean": [-0.554700314999, -0.783991575241, -0.805511891842, -0.808614969254, -0.785732388496, -0.749472439289],
        "median": [-0.531619429588, -0.784571766853, -0.802344322205, -0.809391736984, -0.779672026634, -0.751098036766],
        "min": [-0.919917404652, -0.930213630199, -0.920984387398, -0.929796397686, -0.891083419323, -0.821137011051],
        "skew": [-1.19637942314, 0.317997127771, -0.0719965472817, -0.112359762192, -0.664648532867, 0.298311829567],
        "var": [0.00846011284739, 0.0030390159227, 0.00184867833741, 0.00072620715946, 0.000879643310327, 0.000444003759185],
        "cov": [[0.00849381834269, 0.0024352776818, 0.00215752189979, 0.000871367286891, 0.00185742520262, -0.000626822875347], [0.0024352776818, 0.00305112358183, 0.00102724449243, 0.000390887842514, 0.000770766288042, -0.000356194912456], [0.00215752189979, 0.00102724449243, 0.00185604358558, 0.000332651514327, 0.00063616404077, -0.000340956059517], [0.000871367286891, 0.000390887842514, 0.000332651514327, 0.000729100371245, 0.000307032867568, -7.21257165424e-05], [0.00185742520262, 0.000770766288042, 0.00063616404077, 0.000307032867568, 0.000883147877175, -0.000133580993861], [-0.000626822875347, -0.000356194912456, -0.000340956059517, -7.21257165424e-05, -0.000133580993861, 0.00044577269]]
    },
    "scvalleys": {
        "kurt": [1.46832799911, 4.21896314621, 3.5899720192, 5.57379341125, 5.20571708679, 4.25008010864],
        "max": [-7.50555181503, -4.82549190521, -4.47131538391, -5.2309551239, -6.05318450928, -9.57425403595],
        "mean": [-8.99440479279, -6.10339641571, -5.71057415009, -6.13243532181, -6.99478530884, -10.3691425323],
        "median": [-8.77859687805, -5.72373437881, -5.3260011673, -5.84352588654, -6.82417678833, -10.1035461426],
        "min": [-12.291680336, -11.3528385162, -11.3262720108, -10.6722373962, -10.8307218552, -14.567401886],
        "skew": [-1.36563885212, -2.05669856071, -1.87613940239, -2.06680035591, -1.6907351017, -1.97130143642],
        "var": [0.689199566841, 1.19757533073, 1.36645793915, 0.705749034882, 0.47802940011, 0.625080108643],
        "cov": [[0.691945374012, 0.767604231834, 0.840437471867, 0.579171478748, 0.454446911812, 0.565989971161], [0.767604231834, 1.20234644413, 1.2051589489, 0.858780562878, 0.66955947876, 0.815758764744], [0.840437471867, 1.2051589489, 1.37190198898, 0.943598747253, 0.749555587769, 0.897241234779], [0.579171478748, 0.858780562878, 0.943598747253, 0.70856076479, 0.551244139671, 0.648426234722], [0.454446911812, 0.66955947876, 0.749555587769, 0.551244139671, 0.47993388772, 0.518958032131], [0.565989971161, 0.815758764744, 0.897241234779, 0.648426234722, 0.518958032131, 0.627570450306]]
    }
},
"rhythm": {
    "beats_loudness": {
        "kurt": 0.173626899719,
        "max": 0.0243638530374,
        "mean": 0.0102735394612,
        "median": 0.0101841185242,
        "min": 0.000112774941954,
        "skew": 0.235860154033,
        "var": 3.79176453862e-05
    },
    "bpm": 155.453582764,
    "confidence": 1.20000004768,
    "first_peak_bpm": {
        "kurt": 0,
        "max": 157,
        "mean": 157,
        "median": 157,
        "min": 157,
        "skew": 0,
        "var": 0
    },
    "first_peak_spread": {
        "kurt": 0,
        "max": 0.25,
        "mean": 0.25,
        "median": 0.25,
        "min": 0.25,
        "skew": 0,
        "var": 0
    },
    "first_peak_weight": {
        "kurt": 0,
        "max": 0.461538463831,
        "mean": 0.461538463831,
        "median": 0.461538463831,
        "min": 0.461538463831,
        "skew": 0,
        "var": 0
    },
    "onset_rate": 1.72019016743,
    "second_peak_bpm": {
        "kurt": 0,
        "max": 148,
        "mean": 148,
        "median": 148,
        "min": 148,
        "skew": 0,
        "var": 0
    },
    "second_peak_spread": {
        "kurt": 0,
        "max": 0.600000023842,
        "mean": 0.600000023842,
        "median": 0.600000023842,
        "min": 0.600000023842,
        "skew": 0,
        "var": 0
    },
    "second_peak_weight": {
        "kurt": 0,
        "max": 0.153846159577,
        "mean": 0.153846159577,
        "median": 0.153846159577,
        "min": 0.153846159577,
        "skew": 0,
        "var": 0
    },
    "beats_loudness_band_ratio": {
        "kurt": [-0.746093511581, 0.644904851913, 0.513225793839, -0.152523040771, 1.12868785858, 3.97718191147],
        "max": [0.0135656362399, 0.204256013036, 0.268636465073, 0.601422846317, 0.548028826714, 0.222948655486],
        "mean": [0.00589969428256, 0.10632648319, 0.186085134745, 0.395497858524, 0.294753819704, 0.0706876069307],
        "median": [0.00518763344735, 0.103458099067, 0.192458227277, 0.413816004992, 0.267309129238, 0.0535646229982],
        "min": [0.000878373160958, 0.0199406631291, 0.053234346211, 0.180214166641, 0.195641592145, 0.0321964621544],
        "skew": [0.631758272648, 0.330753147602, -0.669575810432, -0.177951306105, 1.29379594326, 2.17702126503],
        "var": [1.42833814607e-05, 0.00180907652248, 0.00286929868162, 0.0105847502127, 0.00893148314208, 0.00238594436087],
        "cov": [[1.53821038111e-05, -1.76574412762e-05, 4.7575449571e-05, -1.0218413081e-05, -7.23630873836e-05, -9.48698652792e-06], [-1.76574412762e-05, 0.00194823625498, 0.000984321231954, 0.000184663498658, -0.00157778814901, -0.00089991663117], [4.7575449571e-05, 0.000984321231954, 0.00309001398273, 0.00235271127895, -0.00343958567828, -0.00211006891914], [-1.0218413081e-05, 0.000184663498658, 0.00235271127895, 0.0113989617676, -0.00931293610483, -0.00395263405517], [-7.23630873836e-05, -0.00157778814901, -0.00343958567828, -0.00931293610483, 0.00961852073669, 0.00382635463029], [-9.48698652792e-06, -0.00089991663117, -0.00211006891914, -0.00395263405517, 0.00382635463029, 0.00256947847083]]
    },
    "beats_position": [0.394739210606, 0.812698423862, 1.21904754639, 1.62539684772, 2.02013611794, 2.41487526894, 2.7863945961, 3.16952371597, 3.55265307426, 3.93578219414, 4.31891155243, 4.69043064117, 5.07355976105, 5.45668935776],
    "bpm_estimates": [151.999069214, 151.99911499, 156.605163574, 156.605072021, 156.605163574, 156.605072021, 156.605163574, 156.60496521],
    "bpm_intervals": [0.417959213257, 0.406349122524, 0.406349301338, 0.39473927021, 0.394739151001, 0.371519327164, 0.383129119873, 0.383129358292, 0.383129119873, 0.383129358292, 0.371519088745, 0.383129119873, 0.38312959671],
    "onset_times": [0.0348299331963, 0.325079351664, 0.53405892849, 0.696598649025, 0.859138309956, 1.13777780533, 1.28870749474, 1.45124721527, 1.64861679077, 1.83437645435],
    "histogram": [[0, 0, 0, 0, 0, 0, 0, 0, 0, 0, 0, 0, 0, 0, 0, 0, 0, 0, 0, 0, 0, 0, 0, 0, 0, 0, 0, 0, 0, 0, 0, 0, 0, 0, 0, 0, 0, 0, 0, 0, 0, 0, 0, 0, 0, 0, 0, 0, 0, 0, 0, 0, 0, 0, 0, 0, 0, 0, 0, 0, 0, 0, 0, 0, 0, 0, 0, 0, 0, 0, 0, 0, 0, 0, 0, 0, 0, 0, 0, 0, 0, 0, 0, 0, 0, 0, 0, 0, 0, 0, 0, 0, 0, 0, 0, 0, 0, 0, 0, 0, 0, 0, 0, 0, 0, 0, 0, 0, 0, 0, 0, 0, 0, 0, 0, 0, 0, 0, 0, 0, 0, 0, 0, 0, 0, 0, 0, 0, 0, 0, 0, 0, 0, 0, 0, 0, 0, 0, 0, 0, 0, 0, 0, 0, 0.0769230797887, 0, 0, 0, 0.153846159577, 0, 0, 0, 0.153846159577, 0, 0, 0, 0, 0.461538463831, 0, 0, 0, 0.153846159577, 0, 0, 0, 0, 0, 0, 0, 0, 0, 0, 0, 0, 0, 0, 0, 0, 0, 0, 0, 0, 0, 0, 0, 0, 0, 0, 0, 0, 0, 0, 0, 0, 0, 0, 0, 0, 0, 0, 0, 0, 0, 0, 0, 0, 0, 0, 0, 0, 0, 0, 0, 0, 0, 0, 0, 0, 0, 0, 0, 0, 0, 0, 0, 0, 0, 0, 0, 0, 0, 0, 0, 0, 0, 0, 0, 0, 0, 0, 0, 0, 0, 0, 0, 0, 0, 0, 0, 0]]
},
"sfx": {
    "inharmonicity": {
        "kurt": -1.33434593678,
        "max": 0.38608777523,
        "mean": 0.141014233232,
        "median": 0.119094967842,
        "min": 0.000112999201519,
        "skew": 0.255105704069,
        "var": 0.0110216606408
    },
    "oddtoevenharmonicenergyratio": {
        "kurt": 8.8421792984,
        "max": 7.30515575409,
        "mean": 1.08746933937,
        "median": 0.930714726448,
        "min": 0.0333492644131,
        "skew": 2.32715439796,
        "var": 0.941274166107
    },
    "pitch_after_max_to_before_max_energy_ratio": 0.231838777661,
    "pitch_centroid": 128.313949585,
    "pitch_max_to_total": 0.940476179123,
    "pitch_min_to_total": 0.849206328392,
    "tristimulus": {
        "kurt": [0.661541461945, -0.31472492218, -1.28678178787],
        "max": [0.845581710339, 0.849604904652, 1],
        "mean": [0.191320955753, 0.392679750919, 0.415999501944],
        "median": [0.112248055637, 0.379793763161, 0.398873448372],
        "min": [0, 0, 0],
        "skew": [1.27812623978, 0.291522979736, 0.0650620087981],
        "var": [0.0402631051838, 0.029971929267, 0.0822673663497],
        "cov": [[0.0404235161841, 0.0060401414521, -0.0464636348188], [0.0060401414521, 0.0300913397223, -0.0361315086484], [-0.0464636348188, -0.0361315086484, 0.0825951248407]]
    }
},
"tonal": {
    "chords_changes_rate": 0.133858263493,
    "chords_number_rate": 0.0551181100309,
    "chords_strength": {
        "kurt": -0.262121915817,
        "max": 0.517640709877,
        "mean": 0.374063521624,
        "median": 0.349891573191,
        "min": 0.29548895359,
        "skew": 0.958676576614,
        "var": 0.00368811003864
    },
    "key_strength": 0.371675848961,
    "tuning_diatonic_strength": 0.325727492571,
    "tuning_equal_tempered_deviation": 0.171880066395,
    "tuning_frequency": 432.441040039,
    "tuning_nontempered_energy_ratio": 0.82033264637,
    "hpcp": {
        "kurt": [1.69938135147, 1.64309024811, 1.07631349564, 0.92277598381, -0.557086229324, -0.967297554016, -1.32011258602, -0.359067201614, 2.68132781982, 3.68072080612, 0.421062231064, -0.410289287567, -0.324723720551, 1.97406435013, 2.24872207642, 1.83178043365, 1.98810911179, 3.9831366539, 0.967687606812, 2.18446922302, 2.46109628677, 2.37216997147, 3.21386528015, 3.70972061157, 1.88581371307, -0.326760530472, 1.62300729752, 1.34361505508, -0.453636646271, -1.09443747997, -1.27110850811, -0.82941699028, -0.786947011948, -0.903419494629, 0.452214479446, 0.00752806663513],
        "max": [1, 1, 0.974646568298, 1, 1, 1, 1, 1, 0.987057864666, 0.974122285843, 0.897307991982, 1, 1, 1, 1, 1, 0.89100176096, 1, 0.805314004421, 1, 0.909487843513, 0.647739887238, 0.757014989853, 0.933865368366, 1, 0.776538908482, 0.938438057899, 1, 1, 1, 1, 1, 1, 1, 1, 0.969514667988],
