{
"metadata": {
    "version": {
        "essentia": "2.1-beta3"
    }
},
"lowLevel": {
    "average_loudness": 0.706346690655,
    "barkbands_kurtosis": {
        "kurt": 11.0292434692,
        "max": 53.7873306274,
        "mean": 2.94099020958,
        "median": 0.443141460419,
        "min": -1.95623803139,
        "skew": 2.67032551765,
        "var": 39.7316436768
    },
    "barkbands_skewness": {
        "kurt": -0.0582580566406,
        "max": 5.3733716011,
        "mean": -0.2641954422,
        "median": -0.212889105082,
        "min": -7.08323764801,
        "skew": -0.0316547118127,
        "var": 3.2670443058
    },
    "barkbands_spread": {
        "kurt": 0.255728006363,
        "max": 73.3340301514,
        "mean": 24.365152359,
        "median": 22.3337936401,
        "min": 2.37583494186,
        "skew": 0.770105481148,
        "var": 204.646835327
    },
    "dissonance": {
        "kurt": 15.3820610046,
        "max": 0.5,
        "mean": 0.478569597006,
        "median": 0.486691355705,
        "min": 0.255993962288,
        "skew": -3.14445066452,
        "var": 0.000657210417558
    },
    "hfc": {
        "kurt": -0.591593265533,
        "max": 233.58480835,
        "mean": 53.5608520508,
        "median": 39.9164505005,
        "min": 1.2547781968e-16,
        "skew": 0.722553014755,
        "var": 2873.46142578
    },
    "pitch": {
        "kurt": -0.0889143943787,
        "max": 5402.45703125,
        "mean": 1502.29125977,
        "median": 888.999633789,
        "min": 72.6013946533,
        "skew": 1.23352015018,
        "var": 2467734.75
    },
    "pitch_instantaneous_confidence": {
        "kurt": -1.08150351048,
        "max": 0.95879727602,
        "mean": 0.531824171543,
        "median": 0.47759360075,
        "min": 0.122319400311,
        "skew": 0.34793895483,
        "var": 0.041973695159
    },
    "pitch_salience": {
        "kurt": 0.81588768959,
        "max": 0.817926883698,
        "mean": 0.620492696762,
        "median": 0.634716272354,
        "min": 0.187162831426,
        "skew": -0.849631726742,
        "var": 0.0107483211905
    },
    "silence_rate_20dB": {
        "kurt": 0,
        "max": 1,
        "mean": 1,
        "median": 1,
        "min": 1,
        "skew": 0,
        "var": 0
    },
    "silence_rate_30dB": {
        "kurt": 0,
        "max": 1,
        "mean": 1,
        "median": 1,
        "min": 1,
        "skew": 0,
        "var": 0
    },
    "silence_rate_60dB": {
        "kurt": -1.22010970116,
        "max": 1,
        "mean": 0.298033297062,
        "median": 0,
        "min": 0,
        "skew": 0.883118331432,
        "var": 0.209209337831
    },
    "spectral_centroid": {
        "kurt": 0.913533449173,
        "max": 10707.8681641,
        "mean": 2513.28564453,
        "median": 2571.14331055,
        "min": 219.206085205,
        "skew": 0.297757387161,
        "var": 1738508.25
    },
    "spectral_complexity": {
        "kurt": -1.13683414459,
        "max": 59,
        "mean": 20.3328285217,
        "median": 16,
        "min": 0,
        "skew": 0.52018481493,
        "var": 277.919555664
    },
    "spectral_crest": {
        "kurt": 0.740348339081,
        "max": 25.1407566071,
        "mean": 9.88044261932,
        "median": 8.83466911316,
        "min": 3.60048770905,
        "skew": 1.0571628809,
        "var": 16.4350814819
    },
    "spectral_decrease": {
        "kurt": -0.936049222946,
        "max": 1.0952770816e-28,
        "mean": -3.40285200018e-09,
        "median": -2.83270318313e-09,
        "min": -1.1597438565e-08,
        "skew": -0.515321016312,
        "var": 9.25786331834e-18
    },
    "spectral_energy": {
        "kurt": -0.894931554794,
        "max": 0.0603940933943,
        "mean": 0.0177012681961,
        "median": 0.0159922987223,
        "min": 1.09678115007e-20,
        "skew": 0.502892255783,
        "var": 0.00025212240871
    },
    "spectral_energyband_high": {
        "kurt": 1.17515802383,
        "max": 0.0444693826139,
        "mean": 0.00652577774599,
        "median": 0.00402571819723,
        "min": 8.1193940587e-21,
        "skew": 1.11817312241,
        "var": 5.07014665345e-05
    },
    "spectral_energyband_low": {
        "kurt": 137.447937012,
        "max": 0.00842320360243,
        "mean": 0.000189590020454,
        "median": 7.49938189983e-05,
        "min": 3.48699176193e-23,
        "skew": 10.3873147964,
        "var": 2.60154195075e-07
    },
    "spectral_energyband_middle_high": {
        "kurt": 1.22016334534,
        "max": 0.0413148514926,
        "mean": 0.00787827372551,
        "median": 0.00505778472871,
        "min": 1.6602101554e-21,
        "skew": 1.29631900787,
        "var": 7.71927007008e-05
    },
    "spectral_energyband_middle_low": {
        "kurt": 4.03493976593,
        "max": 0.0285410638899,
        "mean": 0.00347751495428,
        "median": 0.000749283586629,
        "min": 1.58192334673e-22,
        "skew": 1.99319863319,
        "var": 2.62108260358e-05
    },
    "spectral_flatness_db": {
        "kurt": 0.558904647827,
        "max": 0.432664602995,
        "mean": 0.26650094986,
        "median": 0.26034989953,
        "min": 0.0886130034924,
        "skew": 0.459707558155,
        "var": 0.00197387044318
    },
    "spectral_flux": {
        "kurt": -1.3282777071,
        "max": 0.182444915175,
        "mean": 0.0725820213556,
        "median": 0.0752250999212,
        "min": 1.04727317096e-10,
        "skew": 0.0777546912432,
        "var": 0.00191084214021
    },
    "spectral_kurtosis": {
        "kurt": 18.4196968079,
        "max": 16.8856697083,
        "mean": 0.717929005623,
        "median": 0.276442289352,
        "min": -1.37455201149,
        "skew": 3.3609919548,
        "var": 3.62995004654
    },
    "spectral_rms": {
        "kurt": -1.43624651432,
        "max": 0.00767600582913,
        "mean": 0.00356030743569,
        "median": 0.00394996767864,
        "min": 3.2711318463e-12,
        "skew": -0.0345205739141,
        "var": 4.5937476898e-06
    },
    "spectral_rolloff": {
        "kurt": 5.38318729401,
        "max": 19035.3515625,
        "mean": 4013.3815918,
        "median": 4694.23828125,
        "min": 236.865234375,
        "skew": -0.068150408566,
        "var": 3499413.5
    },
    "spectral_skewness": {
        "kurt": 1.36754083633,
        "max": 2.94294524193,
        "mean": 0.309472501278,
        "median": 0.155403643847,
        "min": -0.790999293327,
        "skew": 1.1568955183,
        "var": 0.34425124526
    },
    "spectral_spread": {
        "kurt": 277.162078857,
        "max": 41100936,
        "mean": 3942065.75,
        "median": 3775561,
        "min": 1898016.75,
        "skew": 14.8151988983,
        "var": 3.36675759718e+12
    },
    "spectral_strongpeak": {
        "kurt": 6.44769096375,
        "max": 25.6113014221,
        "mean": 3.0869038105,
        "median": 1.4682097435,
        "min": 0,
        "skew": 2.37036824226,
        "var": 18.3684215546
    },
    "zerocrossingrate": {
        "kurt": 1.68271064758,
        "max": 0.50048828125,
        "mean": 0.133444830775,
        "median": 0.1435546875,
        "min": 0.00048828125,
        "skew": 0.169495970011,
        "var": 0.00307086366229
    },
    "barkbands": {
        "kurt": [15.4807758331, 80.0718765259, 99.1498413086, 172.838577271, 25.6126441956, 60.3379669189, 14.7967014313, 30.5268363953, 24.951166153, 10.9121751785, 22.7248306274, 35.1191139221, 28.3243408203, 50.6764183044, 40.3773994446, 48.5274734497, 8.73381710052, 51.7989845276, 14.7417621613, 11.5218544006, 5.768907547, 8.63317012787, 5.01110172272, 119.136062622, 15.6823101044, 17.8453674316, 19.1576347351],
        "max": [1.10404471343e-07, 0.00021214527078, 0.0030296635814, 0.0106320884079, 0.00449610967189, 0.0046963901259, 0.0194860361516, 0.0247922465205, 0.0172860343009, 0.0218915697187, 0.00674465391785, 0.00710561499, 0.00178395828698, 0.00509421620518, 0.00451901787892, 0.010757769458, 0.0134490355849, 0.0321502611041, 0.0252157468349, 0.0359067171812, 0.0271801017225, 0.0175930913538, 0.00187039922457, 1.57276048185e-07, 1.00469756958e-08, 9.30100974017e-09, 9.66420099502e-09],
        "mean": [8.68387850517e-09, 6.90680599291e-06, 8.7449880084e-05, 0.000182265241165, 0.000292076467304, 0.000163873221027, 0.000957469805144, 0.000849470088724, 0.000678943644743, 0.00157921179198, 0.000298728002235, 0.000260826258454, 9.080034215e-05, 0.000165322664543, 0.000182340852916, 0.00037418701686, 0.00113537604921, 0.00101839832496, 0.0018051963998, 0.00246317428537, 0.00320302834734, 0.00166641816031, 0.000239800938289, 5.33273114556e-09, 7.168396432e-10, 5.88461890327e-10, 5.76012404441e-10],
        "median": [4.34814140249e-09, 2.81977509076e-06, 3.28343376168e-05, 5.66621347389e-05, 0.000133118388476, 5.36071966053e-05, 1.89196653082e-05, 2.8113128792e-05, 4.37191774836e-05, 5.15786232427e-05, 4.0274571802e-05, 4.65444900328e-05, 2.55409395322e-05, 1.86567649507e-05, 2.50916655204e-05, 9.36751312111e-05, 0.000247109564953, 9.22571271076e-05, 0.000339360529324, 0.000583235174417, 0.0015303977998, 0.000876959355082, 0.000118871299492, 2.62440358334e-09, 1.9283731556e-10, 1.34156505349e-10, 1.17447968018e-10],
        "min": [4.29177251131e-24, 2.29966522279e-23, 7.06698833132e-24, 1.00417054965e-23, 2.43039888077e-23, 3.80547668193e-23, 3.26681500348e-23, 1.4849148493e-23, 2.60153515441e-23, 3.85332141137e-23, 4.47465918367e-23, 1.72897585471e-22, 8.67781768732e-23, 1.1164985681e-22, 1.96710923306e-22, 1.40856138093e-22, 1.63925056291e-22, 3.13463107207e-22, 2.32492858795e-22, 3.25989536806e-22, 3.08897407479e-22, 5.0898487003e-22, 7.08632211304e-22, 7.96290031195e-22, 1.23130317433e-21, 1.99664961271e-21, 2.5765486605e-21],
        "skew": [3.44940114021, 8.04668617249, 8.26331329346, 11.7185115814, 4.48448801041, 6.4999165535, 3.66304779053, 5.14053821564, 4.68695020676, 3.05971074104, 4.43683481216, 4.88767719269, 4.45566606522, 6.05829381943, 5.56018781662, 5.6843290329, 2.65233397484, 5.53597068787, 3.11678528786, 2.80026245117, 2.08796644211, 2.34765505791, 2.08699154854, 8.95717144012, 3.50445771217, 3.69495272636, 3.80584001541],
        "var": [1.60087427086e-16, 2.70416689041e-10, 3.72786601588e-08, 3.51317424929e-07, 2.46411019589e-07, 1.2446837161e-07, 6.52549215374e-06, 7.75207445258e-06, 3.76269531444e-06, 1.09061511466e-05, 6.03728892656e-07, 3.57439830623e-07, 2.81994907425e-08, 1.72138015841e-07, 1.66816647607e-07, 6.72777389354e-07, 3.57783392246e-06, 5.5520317801e-06, 9.09352002054e-06, 1.64732682606e-05, 1.77447291207e-05, 4.67679865324e-06, 9.67868700741e-08, 9.63183928333e-17, 1.70266743551e-18, 1.23708965491e-18, 1.24003689943e-18],
        "cov": [[1.60329982911e-16, 5.6815863185e-14, 6.50179617177e-13, 1.75335906818e-12, 1.90874139411e-12, 7.87329186222e-13, 5.28026624161e-12, -1.33407304301e-12, -1.09609077457e-12, -9.34178271848e-14, -6.5801167683e-13, -3.58129812698e-13, 1.21397380335e-14, -8.07801091643e-14, -1.57929455646e-13, -4.37459665931e-13, 2.76193282654e-12, 3.89078482974e-12, 6.68626915987e-12, 9.02391789764e-12, 6.57745646143e-12, -2.17492582104e-12, -4.47465090155e-13, -9.87403181099e-18, 7.90975744322e-19, 6.08970832251e-19, 5.65480415678e-19], [5.6815863185e-14, 2.70826416848e-10, 2.23669971433e-09, 5.82842840657e-09, 4.03050215425e-09, 1.95312876983e-09, 8.45079062284e-10, -7.79345088464e-10, -7.97885035819e-10, -2.8420636955e-09, -8.39235125838e-10, 4.25312944585e-11, -4.01664639049e-11, -2.07791672757e-10, -2.44047809739e-10, -6.7050603958e-10, 1.27168109376e-09, 1.19939091991e-09, 7.74670727566e-09, 3.98451227568e-09, 1.60313637365e-10, -3.22457549551e-09, -3.29711508096e-10, -5.97856013556e-15, 2.20289486484e-16, 1.82909379891e-16, 1.74242194668e-16], [6.50179617177e-13, 2.23669971433e-09, 3.73351447536e-08, 9.25515806216e-08, 4.56728876941e-08, 1.29488011424e-08, 2.63397303968e-08, -1.42278997473e-08, 1.56324659883e-08, -2.99723588171e-08, -9.9438794976e-09, -4.29101820743e-09, 5.69147284857e-10, -3.61841889784e-09, -2.10606398987e-09, -9.66605551156e-09, 1.70082827822e-08, 2.03983532288e-08, 9.10009561039e-08, 3.29640776897e-08, 4.35395192122e-10, -4.32991598132e-08, -4.45213643729e-09, -1.00189794612e-13, 1.87512659852e-15, 2.37199506659e-15, 2.68701149011e-15], [1.75335906818e-12, 5.82842840657e-09, 9.25515806216e-08, 3.51849735125e-07, 1.53631248168e-07, 6.03925940368e-08, 1.04396953304e-07, -2.70924029877e-08, 3.56828877557e-08, -6.25853502356e-08, -2.12170156999e-08, -1.31152209093e-08, 2.44917730541e-09, -8.22017742763e-09, -2.34192443216e-09, -1.8850744965e-08, 4.30651603267e-08, 6.23742906214e-08, 2.93124884365e-07, 5.81954147094e-08, -5.37757003372e-08, -1.09979403362e-07, -1.20169607598e-08, -1.52910168793e-13, 3.30229414777e-14, 3.39137558639e-14, 3.65614554962e-14], [1.90874139411e-12, 4.03050215425e-09, 4.56728876941e-08, 1.53631248168e-07, 2.46784367164e-07, 5.10428890266e-08, 1.96804904817e-07, -8.88744278171e-09, 6.18039841527e-09, -2.81643028899e-08, -1.74062062541e-08, -6.11624695335e-10, 1.34995092882e-09, -7.43850447904e-09, 1.57611451668e-10, -1.46715963822e-08, 6.49733635782e-08, 1.89431503372e-07, 3.56438505378e-07, 3.44942577613e-07, 1.00964165028e-07, -1.30767560336e-07, -1.07758904022e-08, -3.12011646988e-13, 2.92010441164e-14, 2.69866441883e-14, 2.75545289575e-14], [7.87329186222e-13, 1.95312876983e-09, 1.29488011424e-08, 6.03925940368e-08, 5.10428890266e-08, 1.24656963862e-07, 3.27704952952e-07, -3.65489327692e-08, 6.90239287948e-09, 2.7212612963e-07, -1.73951715254e-08, -1.50454120273e-08, 1.80713122244e-09, -4.88143137023e-10, -2.71145661479e-10, -1.57978448101e-08, 8.91780338463e-09, 6.75779077142e-08, 6.18469329083e-08, 1.61344075877e-07, 5.31948849414e-08, -6.13612343159e-08, -1.24928449807e-08, -1.92996728082e-13, 1.75559911118e-14, 1.79253194997e-14, 1.9160813615e-14], [5.28026624161e-12, 8.45079062284e-10, 2.63397303968e-08, 1.04396953304e-07, 1.96804904817e-07, 3.27704952952e-07, 6.53537927064e-06, -2.1703190356e-08, -1.41183932101e-07, 2.0790664621e-06, 9.325692929e-08, -1.19187177461e-07, 5.94736668802e-08, 5.30988302216e-08, 5.30677652932e-08, -5.11833455619e-08, 5.60265050353e-07, 1.04080550045e-06, 7.24355174953e-07, 2.41889188146e-06, 1.56279668317e-06, 3.76023230331e-08, -8.24190706794e-08, -1.24494479396e-12, 3.97805703309e-13, 3.55906845878e-13, 3.60044784785e-13], [-1.33407304301e-12, -7.79345088464e-10, -1.42278997473e-08, -2.70924029877e-08, -8.88744278171e-09, -3.65489327692e-08, -2.1703190356e-08, 7.76382057666e-06, 1.91652702597e-06, -7.40231939744e-07, 2.14753796968e-07, 2.03174082003e-07, 9.18372222714e-08, 1.14867184209e-07, 1.99718755312e-07, 7.86284246601e-08, -4.01348181356e-08, 3.45616797404e-07, 3.26542760831e-07, 1.19476749205e-06, -1.79367756203e-08, 4.99919167396e-07, 1.20859624531e-07, 2.95822697935e-12, 7.27835543571e-13, 6.49306183906e-13, 6.63941612192e-13], [-1.09609077457e-12, -7.97885035819e-10, 1.56324659883e-08, 3.56828877557e-08, 6.18039841527e-09, 6.90239287948e-09, -1.41183932101e-07, 1.91652702597e-06, 3.76839648197e-06, 2.96145600487e-07, -7.6093442658e-09, 1.53221257904e-09, 1.54217772774e-07, 1.21174281276e-07, 1.02007341241e-07, 9.34646937623e-09, -1.27114546444e-07, 1.27416782902e-07, 1.87731679091e-08, 4.86301303226e-07, -1.47042953813e-07, 4.28354326232e-07, 1.21774704098e-07, 1.94833927637e-12, 5.99758903565e-13, 5.55838415659e-13, 5.79392491016e-13], [-9.34178271848e-14, -2.8420636955e-09, -2.99723588171e-08, -6.25853502356e-08, -2.81643028899e-08, 2.7212612963e-07, 2.0790664621e-06, -7.40231939744e-07, 2.96145600487e-07, 1.09226757559e-05, 1.83638420026e-07, -2.35676409943e-07, 2.38501591809e-08, 5.67775430227e-07, 9.78307070909e-08, -9.56506411853e-08, 9.52600373694e-07, 2.7207525477e-07, -1.94856113467e-07, 5.14791850037e-07, -4.02982294645e-07, -2.86296881313e-07, -4.29456079587e-08, -1.32805723883e-12, 1.6263267046e-13, 1.79881025982e-13, 1.99414771263e-13], [-6.5801167683e-13, -8.39235125838e-10, -9.9438794976e-09, -2.12170156999e-08, -1.74062062541e-08, -1.73951715254e-08, 9.325692929e-08, 2.14753796968e-07, -7.6093442658e-09, 1.83638420026e-07, 6.04643616953e-07, 9.23569345446e-08, 8.8788292274e-09, 5.17300300373e-08, 1.07332724042e-07, 3.19341808108e-07, 1.45689156739e-07, 1.9202867918e-07, 2.81355710285e-07, 6.31730927125e-07, 3.08705267571e-07, 4.98820497796e-07, 6.79370586454e-08, 1.05887683604e-12, 1.23458277564e-13, 1.02492253779e-13, 1.0079255681e-13], [-3.58129812698e-13, 4.25312944585e-11, -4.29101820743e-09, -1.31152209093e-08, -6.11624695335e-10, -1.50454120273e-08, -1.19187177461e-07, 2.03174082003e-07, 1.53221257904e-09, -2.35676409943e-07, 9.23569345446e-08, 3.57981406296e-07, 6.96458091198e-09, 1.59704893754e-09, 1.82436519225e-08, 1.68680173829e-07, 2.69420496579e-07, 5.99248934918e-08, 7.78118078415e-07, 4.16913877643e-07, 6.345590009e-07, 5.38548761142e-07, 9.40265181271e-08, 2.0512207384e-12, 1.40483070597e-13, 1.08565629089e-13, 1.03183940884e-13], [1.21397380335e-14, -4.01664639049e-11, 5.69147284857e-10, 2.44917730541e-09, 1.34995092882e-09, 1.80713122244e-09, 5.94736668802e-08, 9.18372222714e-08, 1.54217772774e-07, 2.38501591809e-08, 8.8788292274e-09, 6.96458091198e-09, 2.82422156772e-08, 2.08842134697e-08, 1.05440136622e-08, 8.84676243373e-09, 4.83891966496e-08, 3.4121654835e-08, 7.05223826003e-08, 1.10749368787e-07, 1.34376193728e-07, 8.76140546779e-08, 1.24729249151e-08, 2.40011596752e-13, 4.22314296706e-14, 3.71531351149e-14, 3.77563750392e-14], [-8.07801091643e-14, -2.07791672757e-10, -3.61841889784e-09, -8.22017742763e-09, -7.43850447904e-09, -4.88143137023e-10, 5.30988302216e-08, 1.14867184209e-07, 1.21174281276e-07, 5.67775430227e-07, 5.17300300373e-08, 1.59704893754e-09, 2.08842134697e-08, 1.72398827658e-07, 4.05548483684e-08, 1.6546938042e-08, 2.47619567517e-07, 7.59701634934e-08, 1.45671180007e-07, 2.13361090573e-07, 3.30391358716e-08, 1.00715688234e-07, 1.76959922271e-08, 3.75823992153e-13, 7.36864725053e-14, 6.58465185046e-14, 6.72596879451e-14], [-1.57929455646e-13, -2.44047809739e-10, -2.10606398987e-09, -2.34192443216e-09, 1.57611451668e-10, -2.71145661479e-10, 5.30677652932e-08, 1.99718755312e-07, 1.02007341241e-07, 9.78307070909e-08, 1.07332724042e-07, 1.82436519225e-08, 1.05440136622e-08, 4.05548483684e-08, 1.67069401869e-07, 1.43987648471e-07, 1.75239236455e-07, 3.25530010059e-07, 1.77301075155e-07, 5.94438915869e-07, 2.23358142648e-07, 1.79622531959e-07, 3.78614259944e-08, 7.6585347222e-13, 1.31528129859e-13, 1.11076058561e-13, 1.1011595688e-13], [-4.37459665931e-13, -6.7050603958e-10, -9.66605551156e-09, -1.8850744965e-08, -1.46715963822e-08, -1.57978448101e-08, -5.11833455619e-08, 7.86284246601e-08, 9.34646937623e-09, -9.56506411853e-08, 3.19341808108e-07, 1.68680173829e-07, 8.84676243373e-09, 1.6546938042e-08, 1.43987648471e-07, 6.73796762385e-07, 2.92593938411e-07, 3.76761164489e-07, 8.32247508242e-07, 9.53890662458e-07, 6.16876320692e-07, 7.23535492853e-07, 1.33830397431e-07, 2.44669952701e-12, 2.45899166914e-13, 1.96680657329e-13, 1.89682593092e-13], [2.76193282654e-12, 1.27168109376e-09, 1.70082827822e-08, 4.30651603267e-08, 6.49733635782e-08, 8.91780338463e-09, 5.60265050353e-07, -4.01348181356e-08, -1.27114546444e-07, 9.52600373694e-07, 1.45689156739e-07, 2.69420496579e-07, 4.83891966496e-08, 2.47619567517e-07, 1.75239236455e-07, 2.92593938411e-07, 3.58325473826e-06, 9.67878577285e-07, 2.85553187496e-06, 2.25170379053e-06, 3.9788524191e-06, 1.23507584249e-06, 1.16792797655e-07, 3.5975270072e-12, 7.81698165399e-13, 6.46870144255e-13, 6.3468040502e-13], [3.89078482974e-12, 1.19939091991e-09, 2.03983532288e-08, 6.23742906214e-08, 1.89431503372e-07, 6.75779077142e-08, 1.04080550045e-06, 3.45616797404e-07, 1.27416782902e-07, 2.7207525477e-07, 1.9202867918e-07, 5.99248934918e-08, 3.4121654835e-08, 7.59701634934e-08, 3.25530010059e-07, 3.76761164489e-07, 9.67878577285e-07, 5.56044415134e-06, 2.19301296056e-06, 6.33460786048e-06, 2.43462068283e-06, 2.46687079652e-07, 6.0364698129e-08, 1.17206830179e-12, 7.02704496154e-13, 5.96489762965e-13, 5.90202203516e-13], [6.68626915987e-12, 7.74670727566e-09, 9.10009561039e-08, 2.93124884365e-07, 3.56438505378e-07, 6.18469329083e-08, 7.24355174953e-07, 3.26542760831e-07, 1.87731679091e-08, -1.94856113467e-07, 2.81355710285e-07, 7.78118078415e-07, 7.05223826003e-08, 1.45671180007e-07, 1.77301075155e-07, 8.32247508242e-07, 2.85553187496e-06, 2.19301296056e-06, 9.10729795578e-06, 4.98569625051e-06, 5.87338990954e-06, 2.09169434129e-06, 3.74729410169e-07, 7.89690361713e-12, 1.11036483827e-12, 8.94994094027e-13, 8.65627285563e-13], [9.02391789764e-12, 3.98451227568e-09, 3.29640776897e-08, 5.81954147094e-08, 3.44942577613e-07, 1.61344075877e-07, 2.41889188146e-06, 1.19476749205e-06, 4.86301303226e-07, 5.14791850037e-07, 6.31730927125e-07, 4.16913877643e-07, 1.10749368787e-07, 2.13361090573e-07, 5.94438915869e-07, 9.53890662458e-07, 2.25170379053e-06, 6.33460786048e-06, 4.98569625051e-06, 1.64982266142e-05, 6.85340091877e-06, 1.9188225906e-06, 3.76745646236e-07, 6.76761121102e-12, 1.45648087774e-12, 1.20782181999e-12, 1.1825750882e-12], [6.57745646143e-12, 1.60313637365e-10, 4.35395192122e-10, -5.37757003372e-08, 1.00964165028e-07, 5.31948849414e-08, 1.56279668317e-06, -1.79367756203e-08, -1.47042953813e-07, -4.02982294645e-07, 3.08705267571e-07, 6.345590009e-07, 1.34376193728e-07, 3.30391358716e-08, 2.23358142648e-07, 6.16876320692e-07, 3.9788524191e-06, 2.43462068283e-06, 5.87338990954e-06, 6.85340091877e-06, 1.77716156031e-05, 4.49530307378e-06, 4.24189778414e-07, 1.03899579912e-11, 1.57073995737e-12, 1.20577126842e-12, 1.13458710743e-12], [-2.17492582104e-12, -3.22457549551e-09, -4.32991598132e-08, -1.09979403362e-07, -1.30767560336e-07, -6.13612343159e-08, 3.76023230331e-08, 4.99919167396e-07, 4.28354326232e-07, -2.86296881313e-07, 4.98820497796e-07, 5.38548761142e-07, 8.76140546779e-08, 1.00715688234e-07, 1.79622531959e-07, 7.23535492853e-07, 1.23507584249e-06, 2.46687079652e-07, 2.09169434129e-06, 1.9188225906e-06, 4.49530307378e-06, 4.68388452646e-06, 3.96600682961e-07, 8.75453529114e-12, 8.64349607513e-13, 6.64467775507e-13, 6.28033595181e-13], [-4.47465090155e-13, -3.29711508096e-10, -4.45213643729e-09, -1.20169607598e-08, -1.07758904022e-08, -1.24928449807e-08, -8.24190706794e-08, 1.20859624531e-07, 1.21774704098e-07, -4.29456079587e-08, 6.79370586454e-08, 9.40265181271e-08, 1.24729249151e-08, 1.76959922271e-08, 3.78614259944e-08, 1.33830397431e-07, 1.16792797655e-07, 6.0364698129e-08, 3.74729410169e-07, 3.76745646236e-07, 4.24189778414e-07, 3.96600682961e-07, 9.69335118839e-08, 1.49570156607e-12, 1.31581824971e-13, 1.01892168205e-13, 9.68990445066e-14], [-9.87403181099e-18, -5.97856013556e-15, -1.00189794612e-13, -1.52910168793e-13, -3.12011646988e-13, -1.92996728082e-13, -1.24494479396e-12, 2.95822697935e-12, 1.94833927637e-12, -1.32805723883e-12, 1.05887683604e-12, 2.0512207384e-12, 2.40011596752e-13, 3.75823992153e-13, 7.6585347222e-13, 2.44669952701e-12, 3.5975270072e-12, 1.17206830179e-12, 7.89690361713e-12, 6.76761121102e-12, 1.03899579912e-11, 8.75453529114e-12, 1.49570156607e-12, 9.64643339632e-17, 3.66202659267e-18, 3.00609242605e-18, 2.94501485719e-18], [7.90975744322e-19, 2.20289486484e-16, 1.87512659852e-15, 3.30229414777e-14, 2.92010441164e-14, 1.75559911118e-14, 3.97805703309e-13, 7.27835543571e-13, 5.99758903565e-13, 1.6263267046e-13, 1.23458277564e-13, 1.40483070597e-13, 4.22314296706e-14, 7.36864725053e-14, 1.31528129859e-13, 2.45899166914e-13, 7.81698165399e-13, 7.02704496154e-13, 1.11036483827e-12, 1.45648087774e-12, 1.57073995737e-12, 8.64349607513e-13, 1.31581824971e-13, 3.66202659267e-18, 1.70524720504e-18, 1.4444160648e-18, 1.43504710699e-18], [6.08970832251e-19, 1.82909379891e-16, 2.37199506659e-15, 3.39137558639e-14, 2.69866441883e-14, 1.79253194997e-14, 3.55906845878e-13, 6.49306183906e-13, 5.55838415659e-13, 1.79881025982e-13, 1.02492253779e-13, 1.08565629089e-13, 3.71531351149e-14, 6.58465185046e-14, 1.11076058561e-13, 1.96680657329e-13, 6.46870144255e-13, 5.96489762965e-13, 8.94994094027e-13, 1.20782181999e-12, 1.20577126842e-12, 6.64467775507e-13, 1.01892168205e-13, 3.00609242605e-18, 1.4444160648e-18, 1.23896404618e-18, 1.23855872768e-18], [5.65480415678e-19, 1.74242194668e-16, 2.68701149011e-15, 3.65614554962e-14, 2.75545289575e-14, 1.9160813615e-14, 3.60044784785e-13, 6.63941612192e-13, 5.79392491016e-13, 1.99414771263e-13, 1.0079255681e-13, 1.03183940884e-13, 3.77563750392e-14, 6.72596879451e-14, 1.1011595688e-13, 1.89682593092e-13, 6.3468040502e-13, 5.90202203516e-13, 8.65627285563e-13, 1.1825750882e-12, 1.13458710743e-12, 6.28033595181e-13, 9.68990445066e-14, 2.94501485719e-18, 1.43504710699e-18, 1.23855872768e-18, 1.2419157368e-18]]
    },
    "mfcc": {
        "kurt": [0.950324773788, -0.6327688694, -0.835262060165, -0.44150018692, 0.130150556564, -0.794279336929, -0.116641044617, -0.1068110466, 1.26177930832, -0.101405620575, -0.023375749588, 0.134234189987, -0.0489728450775],
        "max": [-592.776672363, 162.089569092, 49.9029884338, 139.444854736, 40.1981391907, 83.4914093018, 16.2141456604, 50.9634399414, 32.7008705139, 18.8975887299, 27.7219276428, 20.0681285858, 53.832485199],
        "mean": [-713.647216797, 81.6740722656, -60.9721603394, 75.3377609253, -63.9821014404, 23.7691955566, -27.5766353607, 10.2290086746, -6.11806964874, -13.376996994, -8.83967876434, -18.8721523285, 2.40569496155],
        "median": [-701.882873535, 87.4168777466, -66.5968780518, 75.0467987061, -71.7834243774, 21.2228317261, -27.2996025085, 9.70623207092, -6.3713684082, -12.5159683228, -8.09383583069, -18.1367492676, 0.524917602539],
        "min": [-1138.42004395, 1.14440917969e-05, -133.293716431, 8.01086425781e-05, -117.673614502, -31.613445282, -67.3388061523, -35.6885375977, -52.3262252808, -57.2917098999, -55.0995788574, -66.8657531738, -33.0569114685],
        "skew": [-0.847142338753, -0.124995537102, 0.263343304396, -0.149398013949, 0.898499310017, 0.204385191202, -0.030693249777, 0.0214472245425, 0.050557307899, -0.373156279325, -0.328414320946, -0.179475724697, 0.553513765335],
        "var": [7354.1171875, 1225.44836426, 1325.13806152, 547.858764648, 912.429870605, 507.277282715, 184.385345459, 231.052001953, 138.839263916, 213.667617798, 197.757034302, 191.873641968, 254.164993286],
        "cov": [[7365.25976562, -913.440429688, -2736.98120117, 771.523986816, -2207.28491211, 396.71005249, -575.051330566, 577.78729248, 171.389831543, -3.3500058651, 46.1346664429, 8.31798553467, 300.691955566], [-913.440429688, 1227.30505371, 581.937194824, -442.444702148, 361.944946289, -532.719421387, -5.06431055069, -338.727142334, 48.5166511536, 241.434188843, 258.356811523, -33.5971832275, -311.562255859], [-2736.98120117, 581.937194824, 1327.14587402, -226.373321533, 805.495849609, -160.472503662, 175.414367676, -283.406616211, -102.984222412, -2.35998368263, 24.1815071106, 39.9160079956, -121.801635742], [771.523986816, -442.444702148, -226.373321533, 548.688842773, -105.180122375, 151.480392456, 28.6205558777, 112.678466797, -84.8377990723, -149.624206543, -129.734313965, 20.0589466095, 139.312438965], [-2207.28491211, 361.944946289, 805.495849609, -105.180122375, 913.812316895, -91.5146484375, 213.34022522, -194.140762329, -79.8440246582, 5.59449863434, -27.6846199036, -16.8686580658, -96.3597488403], [396.71005249, -532.719421387, -160.472503662, 151.480392456, -91.5146484375, 508.04586792, 30.9559783936, 141.53994751, -20.1501789093, -149.721618652, -133.578430176, 64.116027832, 203.817810059], [-575.051330566, -5.06431055069, 175.414367676, 28.6205558777, 213.34022522, 30.9559783936, 184.664718628, 18.1699752808, -42.3565483093, -63.908782959, -59.4953536987, -5.0901927948, 3.85957622528], [577.78729248, -338.727142334, -283.406616211, 112.678466797, -194.140762329, 141.53994751, 18.1699752808, 231.402084351, 31.1372776031, -64.3955230713, -80.7223815918, -29.9574604034, 68.9446487427], [171.389831543, 48.5166511536, -102.984222412, -84.8377990723, -79.8440246582, -20.1501789093, -42.3565483093, 31.1372776031, 139.049636841, 71.467338562, 16.2661705017, -40.1532859802, -56.8193588257], [-3.3500058651, 241.434188843, -2.35998368263, -149.624206543, 5.59449863434, -149.721618652, -63.908782959, -64.3955230713, 71.467338562, 213.991363525, 137.420471191, -59.3611488342, -137.573623657], [46.1346664429, 258.356811523, 24.1815071106, -129.734313965, -27.6846199036, -133.578430176, -59.4953536987, -80.7223815918, 16.2661705017, 137.420471191, 198.056671143, 49.2458457947, -99.2294616699], [8.31798553467, -33.5971832275, 39.9160079956, 20.0589466095, -16.8686580658, 64.116027832, -5.0901927948, -29.9574604034, -40.1532859802, -59.3611488342, 49.2458457947, 192.164352417, 106.254234314], [300.691955566, -311.562255859, -121.801635742, 139.312438965, -96.3597488403, 203.817810059, 3.85957622528, 68.9446487427, -56.8193588257, -137.573623657, -99.2294616699, 106.254234314, 254.550094604]]
    },
    "sccoeffs": {
        "kurt": [0.914685726166, 0.858472824097, -0.64931845665, 1.51300668716, -0.42011475563, 4.9475479126],
        "max": [-0.34397226572, -0.334044396877, -0.405941337347, -0.486817032099, -0.476173460484, -0.18713837862],
        "mean": [-0.610686957836, -0.716906189919, -0.716492116451, -0.772370934486, -0.750414431095, -0.348876088858],
        "median": [-0.617326796055, -0.744911968708, -0.727318823338, -0.786860704422, -0.764423549175, -0.328036129475],
        "min": [-0.966055512428, -0.956533789635, -0.964266300201, -0.960400462151, -0.959626913071, -0.96015393734],
        "skew": [0.0636955648661, 0.993243455887, 0.305554002523, 1.05537104607, 0.572740137577, -1.5490436554],
        "var": [0.00579468579963, 0.0109777227044, 0.011230959557, 0.00464756926522, 0.00621102470905, 0.00884441286325],
        "cov": [[0.0058034658432, 0.000754809356295, 0.000481176481117, -7.34955829103e-05, 0.000322519423207, 0.000763773277868], [0.000754809356295, 0.0109943551943, 0.00179215020034, -0.000825300288852, -0.00144233519677, 0.00200830237009], [0.000481176481117, 0.00179215020034, 0.0112479757518, 0.00240809400566, 0.00190368422773, 0.00422180909663], [-7.34955829103e-05, -0.000825300288852, 0.00240809400566, 0.0046546109952, 0.00319199915975, 0.00259397248738], [0.000322519423207, -0.00144233519677, 0.00190368422773, 0.00319199915975, 0.006220435258, 0.00415546214208], [0.000763773277868, 0.00200830237009, 0.00422180909663, 0.00259397248738, 0.00415546214208, 0.00885781366378]]
    },
    "scvalleys": {
        "kurt": [243.425079346, 125.489212036, 96.1272583008, 97.6031036377, 56.1045722961, 16.0590782166],
        "max": [-5.67480325699, -4.88741159439, -5.11124849319, -5.71829843521, -4.78056240082, -11.4582099915],
        "mean": [-7.83582687378, -6.94031238556, -7.14418554306, -7.57453393936, -7.04401683807, -13.6263828278],
        "median": [-7.80972385406, -6.9491443634, -7.18170833588, -7.72028446198, -6.97291040421, -13.3659362793],
        "min": [-27.4852409363, -27.2690162659, -26.8768863678, -27.2925777435, -27.2297897339, -27.2683486938],
        "skew": [-12.2502555847, -7.52832269669, -6.35597610474, -6.41529321671, -4.33575391769, -2.19334101677],
        "var": [0.958091557026, 1.42738091946, 1.53928112984, 1.52637672424, 2.10602211952, 1.76243436337],
        "cov": [[0.959543228149, 0.752660036087, 0.664531648159, 0.691540122032, 0.703549265862, 0.404051572084], [0.752660036087, 1.42954361439, 1.20873618126, 1.22498095036, 1.27172422409, 0.73938369751], [0.664531648159, 1.20873618126, 1.54161334038, 1.4353569746, 1.58852100372, 1.07714867592], [0.691540122032, 1.22498095036, 1.4353569746, 1.52868938446, 1.61983418465, 1.06991815567], [0.703549265862, 1.27172422409, 1.58852100372, 1.61983418465, 2.10921311378, 1.41205847263], [0.404051572084, 0.73938369751, 1.07714867592, 1.06991815567, 1.41205847263, 1.76510477066]]
    }
},
"rhythm": {
    "beats_loudness": {
        "kurt": -0.572868585587,
        "max": 0.0563066415489,
        "mean": 0.0182838309556,
        "median": 0.0170432701707,
        "min": 0.000186792851309,
        "skew": 0.580573022366,
        "var": 0.000252621510299
    },
    "bpm": 102.142562866,
    "confidence": 1.22397530079,
    "first_peak_bpm": {
        "kurt": 0,
        "max": 101,
        "mean": 101,
        "median": 101,
        "min": 101,
        "skew": 0,
        "var": 0
    },
    "first_peak_spread": {
        "kurt": 0,
        "max": 0.461538434029,
        "mean": 0.461538434029,
        "median": 0.461538434029,
        "min": 0.461538434029,
        "skew": 0,
        "var": 0
    },
    "first_peak_weight": {
        "kurt": 0,
        "max": 0.280000001192,
        "mean": 0.280000001192,
        "median": 0.280000001192,
        "min": 0.280000001192,
        "skew": 0,
        "var": 0
    },
    "onset_rate": 1.43725883961,
    "second_peak_bpm": {
        "kurt": 0,
        "max": 108,
        "mean": 108,
        "median": 108,
        "min": 108,
        "skew": 0,
        "var": 0
    },
    "second_peak_spread": {
        "kurt": 0,
        "max": 0.5,
        "mean": 0.5,
        "median": 0.5,
        "min": 0.5,
        "skew": 0,
        "var": 0
    },
    "second_peak_weight": {
        "kurt": 0,
        "max": 0.239999994636,
        "mean": 0.239999994636,
        "median": 0.239999994636,
        "min": 0.239999994636,
        "skew": 0,
        "var": 0
    },
    "beats_loudness_band_ratio": {
        "kurt": [1.26492786407, 4.95156049728, 1.18196487427, 6.17649364471, 0.643712520599, -1.31213152409],
        "max": [0.588745057583, 0.752752244473, 0.784972608089, 0.681405305862, 0.43367549777, 0.861125588417],
        "mean": [0.112533532083, 0.113087527454, 0.174549415708, 0.114797398448, 0.142486944795, 0.393482744694],
        "median": [0.0172113273293, 0.0254061762244, 0.0849494487047, 0.0525995381176, 0.11496065557, 0.404066205025],
        "min": [0.00133978703525, 0.00167062843684, 0.000806214404292, 0.0129899745807, 0.0219617951661, 0.0155820213258],
        "skew": [1.61597371101, 2.22878837585, 1.39537000656, 2.43983340263, 0.971120536327, 0.187602996826],
        "var": [0.0289448983967, 0.0299938842654, 0.0451730713248, 0.0215262193233, 0.0100568495691, 0.0773395001888],
        "cov": [[0.0301026944071, 0.0220343898982, -0.0082145165652, -0.00645003188401, -0.00279626040719, -0.0276966448873], [0.0220343898982, 0.0311936400831, -0.00496800430119, -0.00439833896235, -0.00583042763174, -0.0280985832214], [-0.0082145165652, -0.00496800430119, 0.0469799935818, 0.0097445724532, -0.00984622165561, -0.0303855892271], [-0.00645003188401, -0.00439833896235, 0.0097445724532, 0.0223872680217, -0.00356357567944, -0.0160182900727], [-0.00279626040719, -0.00583042763174, -0.00984622165561, -0.00356357567944, 0.0104591241106, 0.00856775045395], [-0.0276966448873, -0.0280985832214, -0.0303855892271, -0.0160182900727, 0.00856775045395, 0.0804330855608]]
    },
    "beats_position": [0.568888902664, 1.14938771725, 1.74149656296, 2.32199549675, 2.90249419212, 3.49460315704, 4.08671188354, 4.67882061005, 5.27092981339, 5.86303853989, 6.47836732864, 7.07047605515, 7.61614513397, 8.16181373596, 8.71909236908, 9.287981987, 9.84526062012, 10.4025392532, 10.95981884, 11.505487442, 12.0627660751, 12.6084346771, 13.1541042328, 13.6997728348, 14.2570514679, 14.8259410858],
    "bpm_estimates": [103.359382629, 101.332717896, 103.359359741, 103.359405518, 101.332702637, 101.332740784, 101.332740784, 101.33265686, 101.332740784, 97.5088424683, 101.332740784, 105.468612671, 105.468612671],
    "bpm_intervals": [0.580498814583, 0.592108845711, 0.580498933792, 0.580498695374, 0.59210896492, 0.592108726501, 0.592108726501, 0.592109203339, 0.592108726501, 0.615328788757, 0.592108726501, 0.545669078827, 0.54566860199, 0.557278633118, 0.56888961792, 0.557278633118, 0.557278633118, 0.557279586792, 0.54566860199, 0.557278633118, 0.54566860199, 0.545669555664, 0.54566860199, 0.557278633118, 0.56888961792],
    "onset_times": [0.0232199542224, 3.69197273254, 3.81968259811, 4.34213161469, 4.55111122131, 4.96907043457, 5.83981847763, 6.11845827103, 7.00081634521, 7.24462604523, 9.29959201813, 9.46213150024, 10.9482088089, 11.4706573486, 11.6331968307, 12.2717456818, 12.8174152374, 13.0960540771, 14.2338323593, 14.6285715103, 14.8375511169, 15.2322902679],
    "histogram": [[0, 0, 0, 0, 0, 0, 0, 0, 0, 0, 0, 0, 0, 0, 0, 0, 0, 0, 0, 0, 0, 0, 0, 0, 0, 0, 0, 0, 0, 0, 0, 0, 0, 0, 0, 0, 0, 0, 0, 0, 0, 0, 0, 0, 0, 0, 0, 0, 0, 0, 0, 0, 0, 0, 0, 0, 0, 0, 0, 0, 0, 0, 0, 0, 0, 0, 0, 0, 0, 0, 0, 0, 0, 0, 0, 0, 0, 0, 0, 0, 0, 0, 0, 0, 0, 0, 0, 0, 0, 0, 0, 0, 0, 0, 0, 0, 0, 0, 0.0399999991059, 0, 0, 0.280000001192, 0, 0.119999997318, 0, 0.0799999982119, 0, 0, 0.239999994636, 0, 0.239999994636, 0, 0, 0, 0, 0, 0, 0, 0, 0, 0, 0, 0, 0, 0, 0, 0, 0, 0, 0, 0, 0, 0, 0, 0, 0, 0, 0, 0, 0, 0, 0, 0, 0, 0, 0, 0, 0, 0, 0, 0, 0, 0, 0, 0, 0, 0, 0, 0, 0, 0, 0, 0, 0, 0, 0, 0, 0, 0, 0, 0, 0, 0, 0, 0, 0, 0, 0, 0, 0, 0, 0, 0, 0, 0, 0, 0, 0, 0, 0, 0, 0, 0, 0, 0, 0, 0, 0, 0, 0, 0, 0, 0, 0, 0, 0, 0, 0, 0, 0, 0, 0, 0, 0, 0, 0, 0, 0, 0, 0, 0, 0, 0, 0, 0, 0, 0, 0, 0, 0, 0, 0, 0, 0, 0, 0, 0, 0, 0, 0, 0, 0, 0, 0, 0, 0, 0, 0, 0, 0]]
},
"sfx": {
    "inharmonicity": {
        "kurt": 8.54343605042,
        "max": 0.402352422476,
        "mean": 0.0426050163805,
        "median": 0.0181045606732,
        "min": 0,
        "skew": 2.68849420547,
        "var": 0.00402088044211
    },
    "oddtoevenharmonicenergyratio": {
        "kurt": 343.651611328,
        "max": 1138.42834473,
        "mean": 5.45180082321,
        "median": 0.336288303137,
        "min": 0,
        "skew": 18.1618328094,
        "var": 2993.35058594
    },
    "pitch_after_max_to_before_max_energy_ratio": 0.221819519997,
    "pitch_centroid": 314.711730957,
    "pitch_max_to_total": 0.798789739609,
    "pitch_min_to_total": 0.945537090302,
    "tristimulus": {
        "kurt": [-1.02465283871, -1.17620301247, 0.469825744629],
        "max": [1, 0.989295482635, 0.95240521431],
        "mean": [0.4231518507, 0.386852860451, 0.189995095134],
        "median": [0.299181193113, 0.33518499136, 0.135073274374],
        "min": [0, 0, 0],
        "skew": [0.68290746212, 0.366699904203, 0.998787999153],
        "var": [0.123610258102, 0.103493288159, 0.046306591481],
        "cov": [[0.123797550797, -0.0905355662107, -0.0332621000707], [-0.0905355662107, 0.103650100529, -0.0131145510823], [-0.0332621000707, -0.0131145510823, 0.0463767535985]]
    }
},
"tonal": {
    "chords_changes_rate": 0.0876132920384,
    "chords_number_rate": 0.0302114803344,
    "chords_strength": {
        "kurt": -0.907281160355,
        "max": 0.623052358627,
        "mean": 0.471233993769,
        "median": 0.472424656153,
        "min": 0.269824326038,
        "skew": -0.119585342705,
        "var": 0.00614086678252
    },
    "key_strength": 0.459311366081,
    "tuning_diatonic_strength": 0.539892673492,
    "tuning_equal_tempered_deviation": 0.223272681236,
    "tuning_frequency": 439.238189697,
    "tuning_nontempered_energy_ratio": 0.883927285671,
    "hpcp": {
        "kurt": [1.38302850723, 3.53219079971, 4.23462677002, 5.8085269928, 3.68588685989, 1.8663649559, 0.914963006973, 1.45175027847, 2.23843431473, 2.62892055511, 2.70656824112, 2.76412582397, 2.16974782944, 1.18654298782, 0.265766859055, -0.479655981064, -0.228324890137, 0.446013450623, 1.83016443253, 6.28920078278, 6.04818153381, 6.66614818573, 6.18885326385, 7.26490116119, 9.33364677429, 17.1362037659, 14.5451488495, 7.29430866241, 4.45993423462, 4.29541635513, 4.54373168945, 5.83131980896, 3.12668848038, 1.58587265015, 0.355048656464, 0.0892081260681],
        "max": [1, 1, 1, 1, 1, 1, 1, 1, 1, 1, 1, 1, 1, 1, 1, 1, 1, 1, 1, 1, 1, 1, 1, 1, 1, 1, 1, 1, 1, 1, 1, 1, 1, 1, 1, 1],
