{
"metadata": {
    "version": {
        "essentia": "2.1-beta3"
    }
},
"lowLevel": {
    "average_loudness": 0.932373285294,
    "barkbands_kurtosis": {
        "kurt": 4.14041948318,
        "max": 1.3895406723,
        "mean": -0.823053300381,
        "median": -0.935012578964,
        "min": -1.42160320282,
        "skew": 1.75553226471,
        "var": 0.199026569724
    },
    "barkbands_skewness": {
        "kurt": 1.06839561462,
        "max": 1.34540987015,
        "mean": 0.0146402902901,
        "median": 0.059924133122,
        "min": -1.58178532124,
        "skew": -0.707256734371,
        "var": 0.232968449593
    },
    "barkbands_spread": {
        "kurt": 0.237652778625,
        "max": 28.143737793,
        "mean": 19.2434062958,
        "median": 19.0601272583,
        "min": 11.4448156357,
        "skew": 0.209617286921,
        "var": 8.82938671112
    },
    "dissonance": {
        "kurt": 6.17303752899,
        "max": 0.500000119209,
        "mean": 0.487533867359,
        "median": 0.491005122662,
        "min": 0.4190954566,
        "skew": -2.08192706108,
        "var": 0.000148426595842
    },
    "hfc": {
        "kurt": 9.65475273132,
        "max": 453.960174561,
        "mean": 76.2238845825,
        "median": 70.8380126953,
        "min": 1.9929214716,
        "skew": 2.49802350998,
        "var": 4331.39990234
    },
    "pitch": {
        "kurt": 5.41868782043,
        "max": 4382.98486328,
        "mean": 840.435974121,
        "median": 590.09753418,
        "min": 78.649269104,
        "skew": 2.47160458565,
        "var": 878142.5
    },
    "pitch_instantaneous_confidence": {
        "kurt": 4.10838985443,
        "max": 0.703675031662,
        "mean": 0.269488573074,
        "median": 0.243849664927,
        "min": 0.146230876446,
        "skew": 1.90016019344,
        "var": 0.00996435247362
    },
    "pitch_salience": {
        "kurt": 4.1981511116,
        "max": 0.845443189144,
        "mean": 0.752373158932,
        "median": 0.762177944183,
        "min": 0.50579816103,
        "skew": -1.66700363159,
        "var": 0.00279262522236
    },
    "silence_rate_20dB": {
        "kurt": 0,
        "max": 1,
        "mean": 1,
        "median": 1,
        "min": 1,
        "skew": 0,
        "var": 0
    },
    "silence_rate_30dB": {
        "kurt": 53.0172386169,
        "max": 1,
        "mean": 0.982758641243,
        "median": 1,
        "min": 0,
        "skew": -7.41739606857,
        "var": 0.0169441364706
    },
    "silence_rate_60dB": {
        "kurt": 169.005783081,
        "max": 1,
        "mean": 0.00574712641537,
        "median": 0,
        "min": 0,
        "skew": 13.076918602,
        "var": 0.0057140965946
    },
    "spectral_centroid": {
        "kurt": 1.39885663986,
        "max": 3410.57202148,
        "mean": 1912.64416504,
        "median": 1833.27905273,
        "min": 1290.92797852,
        "skew": 1.14354336262,
        "var": 143916.328125
    },
    "spectral_complexity": {
        "kurt": 0.927958011627,
        "max": 65,
        "mean": 48.3448257446,
        "median": 52,
        "min": 2,
        "skew": -1.14282786846,
        "var": 117.478782654
    },
    "spectral_crest": {
        "kurt": 3.33632135391,
        "max": 16.1006984711,
        "mean": 5.46238040924,
        "median": 4.5832233429,
        "min": 2.43479394913,
        "skew": 1.87616109848,
        "var": 6.47605228424
    },
    "spectral_decrease": {
        "kurt": 1.54079341888,
        "max": -2.59907761979e-10,
        "mean": -8.27285440153e-09,
        "median": -8.72113048445e-09,
        "min": -3.0335943535e-08,
        "skew": -0.796116888523,
        "var": 2.84095710777e-17
    },
    "spectral_energy": {
        "kurt": 2.52402019501,
        "max": 0.155670508742,
        "mean": 0.0381374210119,
        "median": 0.0400024205446,
        "min": 0.00116171687841,
        "skew": 1.03950893879,
        "var": 0.000649434165098
    },
    "spectral_energyband_high": {
        "kurt": 58.9334869385,
        "max": 0.0654542595148,
        "mean": 0.00415587751195,
        "median": 0.00281179975718,
        "min": 3.08827366098e-05,
        "skew": 6.43893909454,
        "var": 3.66004678654e-05
    },
    "spectral_energyband_low": {
        "kurt": 2.47853422165,
        "max": 0.000415520160459,
        "mean": 8.05839517852e-05,
        "median": 5.4437397921e-05,
        "min": 1.50938740262e-06,
        "skew": 1.58324992657,
        "var": 6.0829705717e-09
    },
    "spectral_energyband_middle_high": {
        "kurt": 4.61489629745,
        "max": 0.124728657305,
        "mean": 0.0260627381504,
        "median": 0.0266937948763,
        "min": 0.000790748686995,
        "skew": 1.37180650234,
        "var": 0.00032272777753
    },
    "spectral_energyband_middle_low": {
        "kurt": 4.55855321884,
        "max": 0.0414317697287,
        "mean": 0.0083942739293,
        "median": 0.00728636886925,
        "min": 0.000374038092559,
        "skew": 1.8055934906,
        "var": 4.96309548907e-05
    },
    "spectral_flatness_db": {
        "kurt": 0.307531118393,
        "max": 0.254712760448,
        "mean": 0.199140220881,
        "median": 0.197194829583,
        "min": 0.162153631449,
        "skew": 0.49824360013,
        "var": 0.000283589964965
    },
    "spectral_flux": {
        "kurt": -0.522520303726,
        "max": 0.242677643895,
        "mean": 0.122964866459,
        "median": 0.129314318299,
        "min": 0.0426515638828,
        "skew": -0.000689773762133,
        "var": 0.00226023793221
    },
    "spectral_kurtosis": {
        "kurt": 1.02999687195,
        "max": 8.45471191406,
        "mean": 2.55591893196,
        "median": 2.25061154366,
        "min": 0.166130542755,
        "skew": 1.11183345318,
        "var": 2.6703209877
    },
    "spectral_rms": {
        "kurt": -0.341509819031,
        "max": 0.0123237036169,
        "mean": 0.0057122646831,
        "median": 0.00624708272517,
        "min": 0.00106460426468,
        "skew": -0.062701292336,
        "var": 4.57726036984e-06
    },
    "spectral_rolloff": {
        "kurt": -0.0145444869995,
        "max": 4478.90625,
        "mean": 3452.11962891,
        "median": 3413.01269531,
        "min": 1981.0546875,
        "skew": 0.109954886138,
        "var": 223790.59375
    },
    "spectral_skewness": {
        "kurt": 0.0748906135559,
        "max": 1.73252689838,
        "mean": 1.03905832767,
        "median": 1.03113281727,
        "min": 0.42846813798,
        "skew": 0.0328210629523,
        "var": 0.0582227930427
    },
    "spectral_spread": {
        "kurt": 0.144566297531,
        "max": 3625368,
        "mean": 2974698.75,
        "median": 2943203.75,
        "min": 2616739.25,
        "skew": 0.762481033802,
        "var": 45920313344
    },
    "spectral_strongpeak": {
        "kurt": 15.6355419159,
        "max": 22.9990501404,
        "mean": 2.37760686874,
        "median": 1.25786709785,
        "min": 0.0300738830119,
        "skew": 3.98421669006,
        "var": 16.623626709
    },
    "zerocrossingrate": {
        "kurt": 1.15301418304,
        "max": 0.14697265625,
        "mean": 0.101511985064,
        "median": 0.099365234375,
        "min": 0.04052734375,
        "skew": 0.247580379248,
        "var": 0.000282230234006
    },
    "barkbands": {
        "kurt": [90.486579895, 4.34684848785, 1.75532007217, 2.78935623169, 7.78314495087, 6.54352378845, 25.0995769501, 48.9633560181, 13.208147049, 13.6765499115, 12.8879232407, 12.4523887634, 2.56967258453, 18.5046749115, 78.4550476074, 2.64733982086, 2.62622356415, 2.85144519806, 43.6185302734, 1.29181337357, 99.7180404663, 2.72293138504, 18.3266487122, 4.84044933319, 3.20404624939, 13.8821983337, 14.4761066437],
        "max": [2.3689889872e-07, 6.74884404361e-06, 0.000153365093865, 0.000628454843536, 0.00475430954248, 0.00550670363009, 0.011707351543, 0.0339490063488, 0.0238775741309, 0.029298113659, 0.0306458938867, 0.0196569412947, 0.00760997459292, 0.0151094282046, 0.0303975641727, 0.00557857658714, 0.00920537300408, 0.00815544463694, 0.0928297862411, 0.0128909042105, 0.0574392303824, 0.0012683729874, 0.000629960792139, 2.30143687077e-05, 3.67287839254e-06, 1.37059057437e-08, 1.43552076892e-08],
        "mean": [1.0025610564e-08, 1.17388083254e-06, 3.17176745739e-05, 0.000123537800391, 0.000738083093893, 0.000838143227156, 0.000921860570088, 0.00173396163154, 0.00320264999755, 0.00335949496366, 0.00385271571577, 0.00267522665672, 0.00166951457504, 0.00154361024033, 0.00170711835381, 0.00152973935474, 0.00207274337299, 0.00176406151149, 0.00480915978551, 0.00300336186774, 0.00224277633242, 0.00025167883723, 6.0022874095e-05, 4.29407236879e-06, 7.59172166909e-07, 1.09963382844e-09, 1.10617437432e-09],
        "median": [5.55126078439e-09, 7.74735781306e-07, 2.33534556173e-05, 7.73542269599e-05, 0.000431027961895, 0.00059272989165, 0.000456405396108, 0.00105989433359, 0.00231845444068, 0.00213361275382, 0.00240356847644, 0.00207037455402, 0.00127632776275, 0.00104142318014, 0.00115598132834, 0.00130135705695, 0.00171140790917, 0.0015247935662, 0.00272140325978, 0.00231580203399, 0.00136442878284, 0.000204625481274, 4.07714833273e-05, 3.83945325666e-06, 6.69110306717e-07, 3.18967463553e-10, 2.93355451042e-10],
        "min": [3.24133879459e-11, 2.8864144852e-08, 2.73982323051e-07, 1.9463825538e-06, 2.29820489039e-05, 2.17291417357e-05, 1.61102288985e-05, 2.28857115872e-05, 9.57774464041e-05, 0.000173947497387, 8.06526441011e-05, 1.68019159901e-05, 1.07484138425e-05, 1.9554678147e-05, 4.84141564812e-05, 0.000122266821563, 5.51762823306e-05, 9.33987539611e-05, 0.000155194837134, 1.56306505232e-05, 1.80075094249e-05, 4.34011690231e-06, 9.68675294644e-07, 6.96294364388e-08, 1.27226389424e-08, 6.92348739104e-13, 2.22808818379e-13],
        "skew": [8.53495597839, 1.9138931036, 1.35915458202, 1.71018266678, 2.49808692932, 2.30252194405, 4.63971233368, 6.7523059845, 3.00971078873, 3.2725417614, 3.18037605286, 2.48929858208, 1.55062198639, 3.54425501823, 7.91221380234, 1.51657032967, 1.46413564682, 1.3653126955, 6.00906276703, 1.30771291256, 9.10497760773, 1.50676512718, 3.76583433151, 1.79900872707, 1.38596868515, 3.4006319046, 3.49720978737],
        "var": [4.05500559295e-16, 1.59428308229e-12, 9.31787869085e-10, 1.7297475452e-08, 6.97886093803e-07, 7.81321944032e-07, 2.56110774899e-06, 1.40700858537e-05, 1.18580619528e-05, 1.68774004123e-05, 2.08195160667e-05, 5.86541727898e-06, 2.44378816205e-06, 3.32002218784e-06, 7.00940199749e-06, 1.11843928607e-06, 2.91369929073e-06, 1.73292482941e-06, 9.34305135161e-05, 7.37594109523e-06, 2.28633234656e-05, 5.34257935669e-08, 6.64687949126e-09, 1.37764183741e-11, 3.60448487464e-13, 3.87939352763e-18, 4.23881012123e-18],
        "cov": [[4.07844511218e-16, 3.58919030564e-15, 3.94246996025e-15, 5.4206117405e-14, 6.78329354492e-13, -1.34373008597e-13, 9.47152078989e-13, 8.64696075159e-12, 6.67730465104e-13, 3.52855006498e-12, 3.48445420737e-13, -1.77777226534e-12, 2.9127676833e-12, 2.14488713249e-12, 1.01034918279e-11, 7.32295246577e-13, 2.59580768339e-12, 3.93458919959e-12, 3.96273951153e-11, 1.13860830486e-11, 1.2644480081e-11, 8.18095916531e-13, 1.85107029531e-13, 1.53340593668e-14, 2.40783684224e-15, 3.35624232204e-18, 2.79289096586e-18], [3.58919030564e-15, 1.60349869233e-12, 1.63334224618e-11, 3.42275513487e-11, 2.36244301899e-10, 1.51851115016e-10, 2.61791394118e-10, 6.77657097103e-10, 6.76069422667e-10, 9.25694410014e-10, 6.42625896941e-10, 4.21699064557e-10, 6.49434839239e-10, 4.40614073005e-10, 3.9356878867e-10, 2.71775019156e-10, 7.46790129735e-10, 5.47700940157e-10, 1.78457559841e-09, 1.35350641806e-09, 1.19562371115e-09, 1.05249149673e-10, 1.88720671035e-11, 1.6664160286e-12, 2.45222380813e-13, 1.85871308524e-16, 1.63253053908e-16], [3.94246996025e-15, 1.63334224618e-11, 9.37173894044e-10, 1.6975352235e-09, 7.20588566594e-09, 5.82516390679e-09, 6.97000146488e-09, 4.59940885378e-09, 1.6723921803e-08, 1.961186058e-08, 2.04136760829e-08, 1.83496187134e-08, 1.29636470447e-08, 5.48883960505e-09, 4.43746461798e-09, 9.92671544964e-09, 1.74414385157e-08, 1.25404797657e-08, 1.17205019023e-08, 2.3538639482e-08, 2.37488997357e-08, 2.4147233102e-09, 5.97375482414e-10, 3.41620308431e-11, 5.50408850442e-12, 5.73455027225e-15, 5.64190689068e-15], [5.4206117405e-14, 3.42275513487e-11, 1.6975352235e-09, 1.7397459473e-08, 2.63835389092e-08, 3.61275453997e-08, 4.75443471259e-08, 2.84403656181e-09, 7.8080432786e-08, 9.32453190217e-08, 5.59465362926e-08, 3.14854986527e-08, 2.8289685261e-08, 1.70301834856e-08, 1.31153052862e-08, 5.11747799692e-08, 3.30147038596e-08, 4.77085606576e-08, 1.5944721099e-07, 8.13339156025e-08, 6.45000426402e-08, 6.64546728757e-09, 1.23096488558e-09, 9.64738913756e-11, 1.96433910804e-11, -2.11794976868e-15, -2.84949252643e-15], [6.78329354492e-13, 2.36244301899e-10, 7.20588566594e-09, 2.63835389092e-08, 7.0192010071e-07, 1.80665750804e-07, 8.78647199443e-08, 8.4448252835e-08, 4.50661389095e-07, 4.96949155604e-07, 6.88438262841e-07, 5.31721639163e-07, 1.55649871658e-07, 1.09243337931e-07, 1.81436163871e-07, 1.99690489922e-07, 2.90504289069e-07, 2.47924617724e-07, 3.25997930872e-08, 4.51941900792e-07, 8.39189681301e-07, 5.93139475313e-08, 1.69166138875e-08, 7.91192888983e-10, 1.47158008001e-10, 9.19324905373e-14, 1.02497844197e-13], [-1.34373008597e-13, 1.51851115016e-10, 5.82516390679e-09, 3.61275453997e-08, 1.80665750804e-07, 7.85838267348e-07, 6.75281455642e-07, 4.30045503208e-07, 7.38133508094e-07, 6.74885654917e-07, 1.3544832882e-06, 5.59046668513e-07, 1.20412551041e-07, 1.56403686447e-07, 3.24706235233e-07, 2.81422870785e-07, 4.11907137732e-07, 3.13154998821e-07, 1.25718884192e-06, 6.62039610688e-07, 4.3187776555e-07, 4.58058160291e-08, 1.31025013062e-08, 8.47676595583e-10, 1.68903613318e-10, 2.37332668709e-13, 2.41535849481e-13], [9.47152078989e-13, 2.61791394118e-10, 6.97000146488e-09, 4.75443471259e-08, 8.78647199443e-08, 6.75281455642e-07, 2.57591182162e-06, 8.63836930876e-07, 1.41442171753e-06, 9.61936734711e-07, 1.6143932271e-06, 4.32780979054e-07, 3.54207145392e-07, 2.28278082659e-07, 6.73511294735e-07, 7.04276999386e-07, 5.87457918755e-07, 6.24654148851e-07, 2.67800032816e-06, 1.47943353568e-06, 6.42473594326e-07, 1.07315173636e-07, 2.01197014604e-08, 1.47668766104e-09, 2.83289003367e-10, 6.83183110778e-13, 6.87476985062e-13], [8.64696075159e-12, 6.77657097103e-10, 4.59940885378e-09, 2.84403656181e-09, 8.4448252835e-08, 4.30045503208e-07, 8.63836930876e-07, 1.41514155985e-05, 1.29240970637e-06, 2.13665293813e-06, 1.10212295112e-06, 1.11715155526e-06, 3.29894220386e-07, 5.20872561083e-07, 7.52624873712e-06, 3.93850399405e-07, 7.70446376919e-07, 1.96452742784e-06, 4.85778343773e-07, 2.16026387534e-06, 6.45473932082e-08, 3.1698270675e-08, 1.49600476451e-09, 1.26807975231e-09, 5.29989829801e-10, 1.9756739647e-12, 1.97049928458e-12], [6.67730465104e-13, 6.76069422667e-10, 1.6723921803e-08, 7.8080432786e-08, 4.50661389095e-07, 7.38133508094e-07, 1.41442171753e-06, 1.29240970637e-06, 1.1926606021e-05, 4.88534124088e-06, 4.49537219538e-06, 1.11977135475e-06, 8.05025138106e-07, 5.93102413404e-07, 1.36273149565e-06, 8.12861912891e-07, 1.4811391793e-06, 1.23240897665e-06, 7.1076074164e-06, 2.23770052798e-06, 1.65550545717e-06, 1.75482099962e-07, 2.77011000804e-08, 2.65907895702e-09, 6.16368289741e-10, 6.32681678315e-13, 6.76233374852e-13], [3.52855006498e-12, 9.25694410014e-10, 1.961186058e-08, 9.32453190217e-08, 4.96949155604e-07, 6.74885654917e-07, 9.61936734711e-07, 2.13665293813e-06, 4.88534124088e-06, 1.6974958271e-05, 5.14008206665e-06, 1.55982786509e-06, 1.30927674036e-06, 3.03622118736e-06, 1.86538886737e-06, 7.93097910901e-07, 1.46429613324e-06, 1.01767932392e-06, 2.4957239475e-06, 1.90093328456e-06, 1.16991913046e-07, 1.48358338947e-07, 2.34998083215e-08, 3.29267058063e-09, 5.59577606474e-10, 9.23007113449e-13, 9.52184403373e-13], [3.48445420737e-13, 6.42625896941e-10, 2.04136760829e-08, 5.59465362926e-08, 6.88438262841e-07, 1.3544832882e-06, 1.6143932271e-06, 1.10212295112e-06, 4.49537219538e-06, 5.14008206665e-06, 2.09398585866e-05, 4.25314874519e-06, 2.76976749092e-07, 9.54077677306e-07, 1.89486490854e-06, 1.26817928958e-06, 1.67054577105e-06, 1.64734490227e-06, 2.85672240352e-06, 2.89608510684e-06, 1.55250870648e-06, 3.06203872924e-07, 6.67038122515e-08, 4.12150358287e-09, 8.70036598322e-10, 2.04977831583e-12, 2.15246245307e-12], [-1.77777226534e-12, 4.21699064557e-10, 1.83496187134e-08, 3.14854986527e-08, 5.31721639163e-07, 5.59046668513e-07, 4.32780979054e-07, 1.11715155526e-06, 1.11977135475e-06, 1.55982786509e-06, 4.25314874519e-06, 5.89932142248e-06, 7.56174188155e-07, 4.11424963431e-07, 6.44002511763e-07, 4.97274072586e-07, 7.68597828937e-07, 8.70831115662e-07, -5.83472115068e-07, 4.56142601024e-07, 1.57866068662e-07, 1.09877674959e-07, 1.74343188775e-08, 1.29275645744e-09, 3.13573084165e-10, 7.16869651748e-13, 7.19534349637e-13], [2.9127676833e-12, 6.49434839239e-10, 1.29636470447e-08, 2.8289685261e-08, 1.55649871658e-07, 1.20412551041e-07, 3.54207145392e-07, 3.29894220386e-07, 8.05025138106e-07, 1.30927674036e-06, 2.76976749092e-07, 7.56174188155e-07, 2.45791397901e-06, 1.5552819832e-06, 6.02239481395e-07, 4.97003270539e-07, 1.25537667373e-06, 1.09022835204e-06, 3.45394869328e-06, 1.76137814378e-06, 2.2226472538e-06, 1.76491198545e-07, 4.86730087346e-08, 3.04423508624e-09, 5.13817988157e-10, 5.87499829601e-13, 5.11542902221e-13], [2.14488713249e-12, 4.40614073005e-10, 5.48883960505e-09, 1.70301834856e-08, 1.09243337931e-07, 1.56403686447e-07, 2.28278082659e-07, 5.20872561083e-07, 5.93102413404e-07, 3.03622118736e-06, 9.54077677306e-07, 4.11424963431e-07, 1.5552819832e-06, 3.33921298079e-06, 6.40227028725e-07, 4.0794620304e-07, 8.75926616573e-07, 7.15886869784e-07, 2.44956663664e-06, 1.42129215419e-06, 1.74376100404e-06, 1.24583451111e-07, 4.13151610701e-08, 2.68689293037e-09, 3.50404233407e-10, 8.97473962551e-14, 3.92960302156e-14], [1.01034918279e-11, 3.9356878867e-10, 4.43746461798e-09, 1.31153052862e-08, 1.81436163871e-07, 3.24706235233e-07, 6.73511294735e-07, 7.52624873712e-06, 1.36273149565e-06, 1.86538886737e-06, 1.89486490854e-06, 6.44002511763e-07, 6.02239481395e-07, 6.40227028725e-07, 7.04991862222e-06, 3.96323230234e-07, 9.51798199367e-07, 1.66284200986e-06, 4.04955380873e-06, 2.77735807686e-06, 5.00063151776e-07, 1.22859390217e-07, 1.58961395158e-08, 2.28579577488e-09, 6.98290369971e-10, 6.64076161682e-13, 5.60360839761e-13], [7.32295246577e-13, 2.71775019156e-10, 9.92671544964e-09, 5.11747799692e-08, 1.99690489922e-07, 2.81422870785e-07, 7.04276999386e-07, 3.93850399405e-07, 8.12861912891e-07, 7.93097910901e-07, 1.26817928958e-06, 4.97274072586e-07, 4.97003270539e-07, 4.0794620304e-07, 3.96323230234e-07, 1.12490431547e-06, 7.8953536331e-07, 7.32058140329e-07, 2.52825839198e-06, 1.42770113598e-06, 1.37760002872e-06, 1.14225017001e-07, 2.87457417869e-08, 1.90844562376e-09, 2.96361962748e-10, 5.26962642359e-13, 5.20068146534e-13], [2.59580768339e-12, 7.46790129735e-10, 1.74414385157e-08, 3.30147038596e-08, 2.90504289069e-07, 4.11907137732e-07, 5.87457918755e-07, 7.70446376919e-07, 1.4811391793e-06, 1.46429613324e-06, 1.67054577105e-06, 7.68597828937e-07, 1.25537667373e-06, 8.75926616573e-07, 9.51798199367e-07, 7.8953536331e-07, 2.93054131362e-06, 1.29315924369e-06, 5.56919849259e-06, 2.71678800345e-06, 2.23247866415e-06, 2.10689435676e-07, 4.99738774806e-08, 3.70199204625e-09, 5.52331180792e-10, 6.32473945179e-13, 5.76455929432e-13], [3.93458919959e-12, 5.47700940157e-10, 1.25404797657e-08, 4.77085606576e-08, 2.47924617724e-07, 3.13154998821e-07, 6.24654148851e-07, 1.96452742784e-06, 1.23240897665e-06, 1.01767932392e-06, 1.64734490227e-06, 8.70831115662e-07, 1.09022835204e-06, 7.15886869784e-07, 1.66284200986e-06, 7.32058140329e-07, 1.29315924369e-06, 1.74294177668e-06, 3.86545480069e-06, 2.19527419176e-06, 2.54688166024e-06, 1.89403124295e-07, 4.14382981262e-08, 2.98532398801e-09, 5.79058967443e-10, 6.72014689989e-13, 6.15602783593e-13], [3.96273951153e-11, 1.78457559841e-09, 1.17205019023e-08, 1.5944721099e-07, 3.25997930872e-08, 1.25718884192e-06, 2.67800032816e-06, 4.85778343773e-07, 7.1076074164e-06, 2.4957239475e-06, 2.85672240352e-06, -5.83472115068e-07, 3.45394869328e-06, 2.44956663664e-06, 4.04955380873e-06, 2.52825839198e-06, 5.56919849259e-06, 3.86545480069e-06, 9.39705787459e-05, 1.56800178956e-05, 1.2609722944e-05, 1.34328740842e-06, 3.14126396006e-07, 2.25023608635e-08, 3.1767535269e-09, 1.39235736656e-12, 9.77865900233e-13], [1.13860830486e-11, 1.35350641806e-09, 2.3538639482e-08, 8.13339156025e-08, 4.51941900792e-07, 6.62039610688e-07, 1.47943353568e-06, 2.16026387534e-06, 2.23770052798e-06, 1.90093328456e-06, 2.89608510684e-06, 4.56142601024e-07, 1.76137814378e-06, 1.42129215419e-06, 2.77735807686e-06, 1.42770113598e-06, 2.71678800345e-06, 2.19527419176e-06, 1.56800178956e-05, 7.41857638786e-06, 6.39929658064e-06, 4.78152912819e-07, 1.20309636031e-07, 8.16482348398e-09, 1.29074906319e-09, 1.33090272744e-12, 1.23824550873e-12], [1.2644480081e-11, 1.19562371115e-09, 2.37488997357e-08, 6.45000426402e-08, 8.39189681301e-07, 4.3187776555e-07, 6.42473594326e-07, 6.45473932082e-08, 1.65550545717e-06, 1.16991913046e-07, 1.55250870648e-06, 1.57866068662e-07, 2.2226472538e-06, 1.74376100404e-06, 5.00063151776e-07, 1.37760002872e-06, 2.23247866415e-06, 2.54688166024e-06, 1.2609722944e-05, 6.39929658064e-06, 2.29954821407e-05, 6.96254460308e-07, 2.81765494492e-07, 1.21863061864e-08, 1.77842485183e-09, 1.22364444965e-12, 1.03949596326e-12], [8.18095916531e-13, 1.05249149673e-10, 2.4147233102e-09, 6.64546728757e-09, 5.93139475313e-08, 4.58058160291e-08, 1.07315173636e-07, 3.1698270675e-08, 1.75482099962e-07, 1.48358338947e-07, 3.06203872924e-07, 1.09877674959e-07, 1.76491198545e-07, 1.24583451111e-07, 1.22859390217e-07, 1.14225017001e-07, 2.10689435676e-07, 1.89403124295e-07, 1.34328740842e-06, 4.78152912819e-07, 6.96254460308e-07, 5.37346132035e-08, 1.4551002181e-08, 7.70447705634e-10, 1.18205514821e-10, 1.0459931261e-13, 9.90449923141e-14], [1.85107029531e-13, 1.88720671035e-11, 5.97375482414e-10, 1.23096488558e-09, 1.69166138875e-08, 1.31025013062e-08, 2.01197014604e-08, 1.49600476451e-09, 2.77011000804e-08, 2.34998083215e-08, 6.67038122515e-08, 1.74343188775e-08, 4.86730087346e-08, 4.13151610701e-08, 1.58961395158e-08, 2.87457417869e-08, 4.99738774806e-08, 4.14382981262e-08, 3.14126396006e-07, 1.20309636031e-07, 2.81765494492e-07, 1.4551002181e-08, 6.68530075743e-09, 2.34256197773e-10, 3.49516388054e-11, 2.57224237976e-14, 2.43307622178e-14], [1.53340593668e-14, 1.6664160286e-12, 3.41620308431e-11, 9.64738913756e-11, 7.91192888983e-10, 8.47676595583e-10, 1.47668766104e-09, 1.26807975231e-09, 2.65907895702e-09, 3.29267058063e-09, 4.12150358287e-09, 1.29275645744e-09, 3.04423508624e-09, 2.68689293037e-09, 2.28579577488e-09, 1.90844562376e-09, 3.70199204625e-09, 2.98532398801e-09, 2.25023608635e-08, 8.16482348398e-09, 1.21863061864e-08, 7.70447705634e-10, 2.34256197773e-10, 1.38560508553e-11, 1.93075308345e-12, 1.81737440987e-15, 1.67748046001e-15], [2.40783684224e-15, 2.45222380813e-13, 5.50408850442e-12, 1.96433910804e-11, 1.47158008001e-10, 1.68903613318e-10, 2.83289003367e-10, 5.29989829801e-10, 6.16368289741e-10, 5.59577606474e-10, 8.70036598322e-10, 3.13573084165e-10, 5.13817988157e-10, 3.50404233407e-10, 6.98290369971e-10, 2.96361962748e-10, 5.52331180792e-10, 5.79058967443e-10, 3.1767535269e-09, 1.29074906319e-09, 1.77842485183e-09, 1.18205514821e-10, 3.49516388054e-11, 1.93075308345e-12, 3.62532025884e-13, 2.9690937374e-16, 2.79293338368e-16], [3.35624232204e-18, 1.85871308524e-16, 5.73455027225e-15, -2.11794976868e-15, 9.19324905373e-14, 2.37332668709e-13, 6.83183110778e-13, 1.9756739647e-12, 6.32681678315e-13, 9.23007113449e-13, 2.04977831583e-12, 7.16869651748e-13, 5.87499829601e-13, 8.97473962551e-14, 6.64076161682e-13, 5.26962642359e-13, 6.32473945179e-13, 6.72014689989e-13, 1.39235736656e-12, 1.33090272744e-12, 1.22364444965e-12, 1.0459931261e-13, 2.57224237976e-14, 1.81737440987e-15, 2.9690937374e-16, 3.90181798045e-18, 4.06287542239e-18], [2.79289096586e-18, 1.63253053908e-16, 5.64190689068e-15, -2.84949252643e-15, 1.02497844197e-13, 2.41535849481e-13, 6.87476985062e-13, 1.97049928458e-12, 6.76233374852e-13, 9.52184403373e-13, 2.15246245307e-12, 7.19534349637e-13, 5.11542902221e-13, 3.92960302156e-14, 5.60360839761e-13, 5.20068146534e-13, 5.76455929432e-13, 6.15602783593e-13, 9.77865900233e-13, 1.23824550873e-12, 1.03949596326e-12, 9.90449923141e-14, 2.43307622178e-14, 1.67748046001e-15, 2.79293338368e-16, 4.06287542239e-18, 4.26331162457e-18]]
    },
    "mfcc": {
        "kurt": [-0.156443119049, 0.187426805496, -0.292260169983, -0.0533273220062, 0.553233623505, -0.269445180893, -0.196130990982, -0.287340641022, 0.0113296508789, 1.27022981644, -0.222987413406, 0.456308364868, -0.00503277778625],
        "max": [-530.774414062, 128.116149902, -89.9917602539, 45.8849143982, -35.9390602112, 9.78295707703, 2.06079864502, 9.04194259644, 4.01938247681, 17.1836299896, -2.79276657104, 5.92939186096, 7.24867248535],
        "mean": [-604.205566406, 100.807571411, -107.050262451, 23.6952228546, -59.7815093994, -11.3223314285, -14.2943058014, -8.97455692291, -13.2129745483, -11.2513189316, -19.0695877075, -14.1199674606, -9.89035511017],
        "median": [-583.631652832, 103.064826965, -107.44631958, 23.0269126892, -59.2772369385, -11.1478538513, -14.4551801682, -8.74978065491, -13.3973808289, -11.7812976837, -19.2759227753, -14.5335197449, -9.98612880707],
        "min": [-779.117919922, 62.7182273865, -127.185310364, -0.781753540039, -80.6956634521, -31.9030952454, -33.1937980652, -24.586315155, -25.9011745453, -27.8008728027, -38.5366630554, -33.5715103149, -24.4129714966],
        "skew": [-0.937734901905, -0.462046474218, 0.0361774154007, 0.169414833188, -0.0946389138699, -0.199266970158, 0.0421137660742, -0.0155550492927, 0.292049616575, 0.640026152134, -0.236065685749, 0.0780254974961, 0.0706919580698],
        "var": [2355.95874023, 164.271743774, 57.2746658325, 65.7186965942, 52.284526825, 62.9864578247, 38.8060722351, 37.6389846802, 37.6373519897, 56.3759536743, 44.6543159485, 37.1443405151, 33.7559242249],
        "cov": [[2369.5769043, -211.546020508, 131.182189941, 87.2680053711, -184.630157471, 66.2355575562, 14.7463169098, -61.7649879456, -35.8925743103, 23.7944145203, 29.7244873047, 38.7873649597, 13.2520055771], [-211.546020508, 165.221282959, 8.95053195953, -31.7816677094, 13.5148887634, -28.7720031738, -9.43908977509, 11.7153739929, 17.4526042938, -6.17966127396, -3.56007528305, -6.86203241348, -4.6757569313], [131.182189941, 8.95053195953, 57.6057357788, 27.1375675201, -11.9975557327, 8.42195224762, -1.98489332199, 0.326037555933, 2.90643978119, -6.08022785187, -7.21268033981, -2.27071452141, 4.16446685791], [87.2680053711, -31.7816677094, 27.1375675201, 66.0985717773, 12.148311615, 5.76407003403, 2.87285733223, -4.48632097244, 1.39245784283, 9.37410926819, 0.405366808176, 4.57496547699, 3.82210755348], [-184.630157471, 13.5148887634, -11.9975557327, 12.148311615, 52.5867500305, 10.5079193115, 2.88997268677, 4.33013391495, 3.28346204758, 6.22877883911, 3.41393899918, -0.82255512476, -7.18853855133], [66.2355575562, -28.7720031738, 8.42195224762, 5.76407003403, 10.5079193115, 63.3505401611, 26.5349731445, 8.33379840851, -7.13536310196, -12.6108980179, -0.582798182964, 4.07561397552, -10.5315990448], [14.7463169098, -9.43908977509, -1.98489332199, 2.87285733223, 2.88997268677, 26.5349731445, 39.0303840637, 13.7261533737, 1.97144579887, -3.04008746147, -0.539669573307, 3.50235486031, -4.25115680695], [-61.7649879456, 11.7153739929, 0.326037555933, -4.48632097244, 4.33013391495, 8.33379840851, 13.7261533737, 37.856552124, 16.5560359955, -1.62358891964, 1.6782271862, -0.670267343521, -3.10375833511], [-35.8925743103, 17.4526042938, 2.90643978119, 1.39245784283, 3.28346204758, -7.13536310196, 1.97144579887, 16.5560359955, 37.8549118042, 18.001209259, -1.30622172356, -4.8049826622, -4.74379014969], [23.7944145203, -6.17966127396, -6.08022785187, 9.37410926819, 6.22877883911, -12.6108980179, -3.04008746147, -1.62358891964, 18.001209259, 56.7018280029, 24.6450977325, -0.0259671956301, -2.47417163849], [29.7244873047, -3.56007528305, -7.21268033981, 0.405366808176, 3.41393899918, -0.582798182964, -0.539669573307, 1.6782271862, -1.30622172356, 24.6450977325, 44.9124336243, 18.103679657, -0.0435796976089], [38.7873649597, -6.86203241348, -2.27071452141, 4.57496547699, -0.82255512476, 4.07561397552, 3.50235486031, -0.670267343521, -4.8049826622, -0.0259671956301, 18.103679657, 37.359046936, 10.168756485], [13.2520055771, -4.6757569313, 4.16446685791, 3.82210755348, -7.18853855133, -10.5315990448, -4.25115680695, -3.10375833511, -4.74379014969, -2.47417163849, -0.0435796976089, 10.168756485, 33.95104599]]
    },
    "sccoeffs": {
        "kurt": [0.372116565704, 0.854382276535, 1.67238283157, 0.0906610488892, 5.24266719818, -0.782501935959],
        "max": [-0.338930130005, -0.55148768425, -0.538417160511, -0.646136641502, -0.630155801773, -0.561138212681],
        "mean": [-0.506233811378, -0.754581153393, -0.762295424938, -0.763386011124, -0.777838349342, -0.638845741749],
        "median": [-0.507757544518, -0.7560069561, -0.765875637531, -0.762425065041, -0.782077789307, -0.636436581612],
        "min": [-0.740446388721, -0.895461559296, -0.867247700691, -0.846328914165, -0.824464797974, -0.709495067596],
        "skew": [-0.0519220978022, 0.483633488417, 0.90944224596, 0.336790472269, 1.64198935032, -0.0402802154422],
        "var": [0.00411423435435, 0.00345234037377, 0.00270845461637, 0.00160908908583, 0.000719108618796, 0.0010524088284],
        "cov": [[0.00413801614195, 0.000145882630022, 0.000443140626885, 0.00046037507127, 0.000102010075352, 0.000635986332782], [0.000145882630022, 0.00347229605541, 0.000209692851058, 0.000520437082741, 0.000194623426069, 0.000287375994958], [0.000443140626885, 0.000209692851058, 0.00272411038168, 0.000686464307364, 0.000166072306456, 0.00053243333241], [0.00046037507127, 0.000520437082741, 0.000686464307364, 0.00161839008797, 0.000237795567955, 0.00052024924662], [0.000102010075352, 0.000194623426069, 0.000166072306456, 0.000237795567955, 0.000723265344277, 0.00035566452425], [0.000635986332782, 0.000287375994958, 0.00053243333241, 0.00052024924662, 0.00035566452425, 0.00105849211104]]
    },
    "scvalleys": {
        "kurt": [-0.615585327148, -0.0774688720703, -0.0660815238953, 0.333329200745, 0.350736141205, -0.0954163074493],
        "max": [-7.25631523132, -4.1222615242, -3.88253545761, -4.81039381027, -4.7732925415, -8.44965171814],
        "mean": [-8.33317089081, -5.33705615997, -4.82799959183, -5.57865428925, -5.62531661987, -9.48767185211],
        "median": [-8.20099830627, -5.26258325577, -4.73711967468, -5.46830940247, -5.51336812973, -9.3396282196],
        "min": [-9.81638145447, -7.2101817131, -6.20628404617, -7.15973472595, -7.62450504303, -11.3490228653],
        "skew": [-0.445899754763, -0.34823474288, -0.592768013477, -0.802259147167, -0.746162950993, -0.630454599857],
        "var": [0.341446727514, 0.295894622803, 0.206688851118, 0.173689976335, 0.238202631474, 0.248405814171],
        "cov": [[0.343420416117, 0.155470341444, 0.14020742476, 0.146285757422, 0.182080715895, 0.183059334755], [0.155470341444, 0.297605007887, 0.152474701405, 0.147563517094, 0.190395206213, 0.18700453639], [0.14020742476, 0.152474701405, 0.207883581519, 0.135341957211, 0.155019655824, 0.163512647152], [0.146285757422, 0.147563517094, 0.135341957211, 0.174693956971, 0.176197782159, 0.182915389538], [0.182080715895, 0.190395206213, 0.155019655824, 0.176197782159, 0.23957952857, 0.231483727694], [0.183059334755, 0.18700453639, 0.163512647152, 0.182915389538, 0.231483727694, 0.249841675162]]
    }
},
"rhythm": {
    "beats_loudness": {
        "kurt": 0.342703104019,
        "max": 0.113532662392,
        "mean": 0.0405910052359,
        "median": 0.0363539978862,
        "min": 0.00774999335408,
        "skew": 1.24905467033,
        "var": 0.00123042112682
    },
    "bpm": 98.2589187622,
    "confidence": 0,
    "first_peak_bpm": {
        "kurt": 0,
        "max": 98,
        "mean": 98,
        "median": 98,
        "min": 98,
        "skew": 0,
        "var": 0
    },
    "first_peak_spread": {
        "kurt": 0,
        "max": 0,
        "mean": 0,
        "median": 0,
        "min": 0,
        "skew": 0,
        "var": 0
    },
    "first_peak_weight": {
        "kurt": 0,
        "max": 1,
        "mean": 1,
        "median": 1,
        "min": 1,
        "skew": 0,
        "var": 0
    },
    "onset_rate": 1.24605834484,
    "second_peak_bpm": {
        "kurt": 0,
        "max": 0,
        "mean": 0,
        "median": 0,
        "min": 0,
        "skew": 0,
        "var": 0
    },
    "second_peak_spread": {
        "kurt": 0,
        "max": 0,
        "mean": 0,
        "median": 0,
        "min": 0,
        "skew": 0,
        "var": 0
    },
    "second_peak_weight": {
        "kurt": 0,
        "max": 0,
        "mean": 0,
        "median": 0,
        "min": 0,
        "skew": 0,
        "var": 0
    },
    "beats_loudness_band_ratio": {
        "kurt": [-0.775667905807, -1.21483945847, -1.45286715031, 0.491433382034, -0.696673870087, 0.945947408676],
        "max": [0.0200020279735, 0.0587546899915, 0.243464097381, 0.399920374155, 0.299353629351, 0.696502029896],
        "mean": [0.00784973893315, 0.0378536619246, 0.160595908761, 0.312985152006, 0.225037515163, 0.280545949936],
        "median": [0.00480187032372, 0.0388069748878, 0.149422436953, 0.351450264454, 0.238374948502, 0.202887952328],
        "min": [0.00128383142874, 0.0145992496982, 0.108604200184, 0.102727808058, 0.0976103171706, 0.137575656176],
        "skew": [0.860854327679, -0.15486086905, 0.356500893831, -1.40886008739, -0.713488936424, 1.64591932297],
        "var": [4.34312096331e-05, 0.000223612834816, 0.00270194467157, 0.00985078886151, 0.00476196454838, 0.0359016433358],
        "cov": [[5.21174515598e-05, 9.58682503551e-05, -0.00021044172172, 0.000362402643077, 0.000403852958698, -0.000720342621207], [9.58682503551e-05, 0.000268335395958, -0.000132186454721, 0.00119944324251, 0.00111089251004, -0.00255716452375], [-0.00021044172172, -0.000132186454721, 0.00324233365245, 0.00130860565696, 0.000746352947317, -0.00496305478737], [0.000362402643077, 0.00119944324251, 0.00130860565696, 0.0118209468201, 0.00588277261704, -0.0203624926507], [0.000403852958698, 0.00111089251004, 0.000746352947317, 0.00588277261704, 0.00571435783058, -0.0140969203785], [-0.000720342621207, -0.00255716452375, -0.00496305478737, -0.0203624926507, -0.0140969203785, 0.043081972748]]
    },
    "beats_position": [0.615328788757, 1.23065757751, 1.83437633514, 2.43809509277, 3.05342388153, 3.66875267029],
    "bpm_estimates": [97.5088424683, 99.3840255737, 99.3840255737, 97.5088424683, 97.5088424683],
    "bpm_intervals": [0.615328788757, 0.603718757629, 0.603718757629, 0.615328788757, 0.615328788757],
    "onset_times": [0.0116099771112, 1.57895696163, 1.83437645435, 2.60063481331, 2.79800462723],
    "histogram": [[0, 0, 0, 0, 0, 0, 0, 0, 0, 0, 0, 0, 0, 0, 0, 0, 0, 0, 0, 0, 0, 0, 0, 0, 0, 0, 0, 0, 0, 0, 0, 0, 0, 0, 0, 0, 0, 0, 0, 0, 0, 0, 0, 0, 0, 0, 0, 0, 0, 0, 0, 0, 0, 0, 0, 0, 0, 0, 0, 0, 0, 0, 0, 0, 0, 0, 0, 0, 0, 0, 0, 0, 0, 0, 0, 0, 0, 0, 0, 0, 0, 0, 0, 0, 0, 0, 0, 0, 0, 0, 0, 0, 0, 0, 0, 0, 0, 0, 0.600000023842, 0.40000000596, 0, 0, 0, 0, 0, 0, 0, 0, 0, 0, 0, 0, 0, 0, 0, 0, 0, 0, 0, 0, 0, 0, 0, 0, 0, 0, 0, 0, 0, 0, 0, 0, 0, 0, 0, 0, 0, 0, 0, 0, 0, 0, 0, 0, 0, 0, 0, 0, 0, 0, 0, 0, 0, 0, 0, 0, 0, 0, 0, 0, 0, 0, 0, 0, 0, 0, 0, 0, 0, 0, 0, 0, 0, 0, 0, 0, 0, 0, 0, 0, 0, 0, 0, 0, 0, 0, 0, 0, 0, 0, 0, 0, 0, 0, 0, 0, 0, 0, 0, 0, 0, 0, 0, 0, 0, 0, 0, 0, 0, 0, 0, 0, 0, 0, 0, 0, 0, 0, 0, 0, 0, 0, 0, 0, 0, 0, 0, 0, 0, 0, 0, 0, 0, 0, 0, 0, 0, 0, 0, 0, 0, 0, 0, 0, 0, 0, 0, 0, 0, 0]]
},
"sfx": {
    "inharmonicity": {
        "kurt": -0.793760061264,
        "max": 0.357470840216,
        "mean": 0.113278664649,
        "median": 0.0758795365691,
        "min": 0,
        "skew": 0.716554701328,
        "var": 0.0108948415145
    },
    "oddtoevenharmonicenergyratio": {
        "kurt": 38.6851768494,
        "max": 11.8963975906,
        "mean": 0.907239437103,
        "median": 0.563502252102,
        "min": 0,
        "skew": 4.98129415512,
        "var": 1.45231306553
    },
    "pitch_after_max_to_before_max_energy_ratio": 2.42691206932,
    "pitch_centroid": 82.6168518066,
    "pitch_max_to_total": 0.390804588795,
    "pitch_min_to_total": 0.729885041714,
    "tristimulus": {
        "kurt": [0.925415277481, -0.385875940323, -1.44624829292],
        "max": [1, 0.815040588379, 0.947995066643],
        "mean": [0.270686894655, 0.359580010176, 0.369733005762],
        "median": [0.161028549075, 0.379825413227, 0.316432535648],
        "min": [0, 0, 0],
        "skew": [1.27530682087, -0.156889483333, 0.174865081906],
        "var": [0.0797257870436, 0.0347906500101, 0.0929078832269],
        "cov": [[0.0801866278052, -0.0108667304739, -0.0693198964], [-0.0108667304739, 0.0349917523563, -0.0241250190884], [-0.0693198964, -0.0241250190884, 0.0934449210763]]
    }
},
"tonal": {
    "chords_changes_rate": 0.215909093618,
    "chords_number_rate": 0.0454545468092,
    "chords_strength": {
        "kurt": -1.06136393547,
        "max": 0.638453900814,
        "mean": 0.485787659883,
        "median": 0.476412653923,
        "min": 0.330380529165,
        "skew": 0.120828956366,
        "var": 0.00716870557517
    },
    "key_strength": 0.498557657003,
    "tuning_diatonic_strength": 0.449899673462,
    "tuning_equal_tempered_deviation": 0.236059248447,
    "tuning_frequency": 435.197479248,
    "tuning_nontempered_energy_ratio": 0.887877941132,
    "hpcp": {
        "kurt": [-0.894294261932, -0.460836410522, 0.109540462494, -0.485568761826, -0.764948606491, -0.476935386658, -0.0332279205322, 0.196337461472, 0.00281167030334, 0.435515403748, 0.734015464783, -0.475996255875, -0.774803638458, -1.16464114189, -0.884019613266, -0.981046438217, -0.459200382233, -0.399076461792, 0.788318872452, 1.40394687653, 0.933766365051, 0.742959260941, 1.56867599487, 0.400266170502, 1.42225694656, 0.342487335205, 0.11520075798, 0.939459323883, 0.773189067841, 0.855656385422, 0.517161369324, 1.17909240723, 0.631640434265, -0.179925918579, 0.505657196045, 0.0565640926361],
        "max": [1, 1, 1, 1, 1, 1, 1, 1, 0.93136626482, 0.956229805946, 1, 1, 1, 1, 1, 1, 1, 1, 0.974359750748, 1, 0.740561962128, 0.835487246513, 1, 0.895689189434, 1, 0.997103452682, 1, 1, 1, 1, 1, 1, 1, 1, 1, 1],
        "mean": [0.486555695534, 0.467666834593, 0.443770051003, 0.469507992268, 0.497913956642, 0.466161638498, 0.410730749369, 0.383524775505, 0.371238321066, 0.36364993453, 0.386004269123, 0.434292793274, 0.528676867485, 0.597931981087, 0.54170191288, 0.4393042624, 0.39513489604, 0.402742832899, 0.365741848946, 0.302669078112, 0.270166903734, 0.283189743757, 0.318137019873, 0.316959410906, 0.317959815264, 0.343532800674, 0.352419406176, 0.346229344606, 0.348540633917, 0.342133015394, 0.325757741928, 0.317627429962, 0.357803344727, 0.423620343208, 0.422839552164, 0.440349549055],
        "median": [0.450306952, 0.440769791603, 0.413040667772, 0.426974922419, 0.472092092037, 0.442748367786, 0.383494496346, 0.355518460274, 0.350403010845, 0.347392976284, 0.355127573013, 0.413950771093, 0.508620023727, 0.607540726662, 0.548061847687, 0.432149291039, 0.355165839195, 0.3740709126, 0.363600432873, 0.275166600943, 0.252239584923, 0.249466627836, 0.271202147007, 0.290362656116, 0.262047797441, 0.314055085182, 0.309743702412, 0.30554908514, 0.296640127897, 0.304482758045, 0.28773266077, 0.293457448483, 0.336394667625, 0.392836630344, 0.375224560499, 0.407073885202],
