{
"metadata": {
    "version": {
        "essentia": "2.1-beta3"
    }
},
"lowLevel": {
    "average_loudness": 0.240340068936,
    "barkbands_kurtosis": {
        "kurt": -0.764125585556,
        "max": 10.3797340393,
        "mean": 1.58258402348,
        "median": 1.1433403492,
        "min": -1.82607197762,
        "skew": 0.508051335812,
        "var": 7.20868015289
    },
    "barkbands_skewness": {
        "kurt": -1.26529252529,
        "max": 3.0297498703,
        "mean": -0.445336252451,
        "median": -0.667131662369,
        "min": -2.85927581787,
        "skew": 0.327695220709,
        "var": 2.02262306213
    },
    "barkbands_spread": {
        "kurt": -1.22403073311,
        "max": 66.0230636597,
        "mean": 28.9940242767,
        "median": 27.9066963196,
        "min": 4.82765960693,
        "skew": 0.180051580071,
        "var": 259.136291504
    },
    "dissonance": {
        "kurt": 4.11251449585,
        "max": 0.5,
        "mean": 0.487594813108,
        "median": 0.492554843426,
        "min": 0.412460118532,
        "skew": -1.87829327583,
        "var": 0.000184229458682
    },
    "hfc": {
        "kurt": 1.53842782974,
        "max": 20.2045459747,
        "mean": 2.63531374931,
        "median": 0.756627500057,
        "min": 5.5002838053e-06,
        "skew": 1.49854338169,
        "var": 11.4372549057
    },
    "pitch": {
        "kurt": -1.88562595844,
        "max": 5352.47167969,
        "mean": 2262.22265625,
        "median": 2235.09375,
        "min": 47.3225364685,
        "skew": -0.0563058070838,
        "var": 3446194
    },
    "pitch_instantaneous_confidence": {
        "kurt": -0.438565969467,
        "max": 0.64563190937,
        "mean": 0.298858016729,
        "median": 0.297460705042,
        "min": 0.125122308731,
        "skew": 0.307020753622,
        "var": 0.00795110501349
    },
    "pitch_salience": {
        "kurt": 2.33308362961,
        "max": 0.8573756814,
        "mean": 0.736196577549,
        "median": 0.743291497231,
        "min": 0.420514792204,
        "skew": -1.00954294205,
        "var": 0.00287992693484
    },
    "silence_rate_20dB": {
        "kurt": 0,
        "max": 1,
        "mean": 1,
        "median": 1,
        "min": 1,
        "skew": 0,
        "var": 0
    },
    "silence_rate_30dB": {
        "kurt": 0,
        "max": 1,
        "mean": 1,
        "median": 1,
        "min": 1,
        "skew": 0,
        "var": 0
    },
    "silence_rate_60dB": {
        "kurt": -0.0173714160919,
        "max": 1,
        "mean": 0.787828922272,
        "median": 1,
        "min": 0,
        "skew": -1.40802121162,
        "var": 0.167152673006
    },
    "spectral_centroid": {
        "kurt": -1.24478507042,
        "max": 5376.8046875,
        "mean": 2701.26660156,
        "median": 3054.87353516,
        "min": 589.992370605,
        "skew": -0.286746710539,
        "var": 1277171.125
    },
    "spectral_complexity": {
        "kurt": 2.07960128784,
        "max": 38,
        "mean": 3.88651323318,
        "median": 0,
        "min": 0,
        "skew": 1.57734155655,
        "var": 34.5761604309
    },
    "spectral_crest": {
        "kurt": 1.8720703125,
        "max": 15.7010297775,
        "mean": 6.71475601196,
        "median": 6.42502880096,
        "min": 2.79289054871,
        "skew": 1.0967489481,
        "var": 4.0195608139
    },
    "spectral_decrease": {
        "kurt": 3.94950628281,
        "max": -3.59951283147e-16,
        "mean": -4.4491665907e-10,
        "median": -5.17181054926e-11,
        "min": -4.32954738727e-09,
        "skew": -2.07101225853,
        "var": 5.50216503534e-19
    },
    "spectral_energy": {
        "kurt": 3.36856269836,
        "max": 0.017317475751,
        "mean": 0.00191824964713,
        "median": 0.000277939543594,
        "min": 1.85743087577e-09,
        "skew": 1.96527516842,
        "var": 9.45260762819e-06
    },
    "spectral_energyband_high": {
        "kurt": 2.07984781265,
        "max": 0.00175429915544,
        "mean": 0.000255373219261,
        "median": 9.58366654231e-05,
        "min": 5.63420365918e-10,
        "skew": 1.54504942894,
        "var": 9.48519414123e-08
    },
    "spectral_energyband_low": {
        "kurt": 17.4424114227,
        "max": 0.00315168383531,
        "mean": 0.00014689960517,
        "median": 7.87208045949e-06,
        "min": 1.46820430813e-10,
        "skew": 3.99402666092,
        "var": 1.43845042544e-07
    },
    "spectral_energyband_middle_high": {
        "kurt": 4.73059988022,
        "max": 0.00353566533886,
        "mean": 0.000333536416292,
        "median": 6.61505036987e-05,
        "min": 1.08390418863e-09,
        "skew": 2.09770202637,
        "var": 2.54757878793e-07
    },
    "spectral_energyband_middle_low": {
        "kurt": 5.90277099609,
        "max": 0.0147276353091,
        "mean": 0.00127641961444,
        "median": 6.08044283581e-05,
        "min": 8.09662614731e-11,
        "skew": 2.3911678791,
        "var": 5.51420771444e-06
    },
    "spectral_flatness_db": {
        "kurt": -0.467978239059,
        "max": 0.215610355139,
        "mean": 0.12866859138,
        "median": 0.125810816884,
        "min": 0.0666531696916,
        "skew": 0.409373313189,
        "var": 0.000767796300352
    },
    "spectral_flux": {
        "kurt": 0.899211168289,
        "max": 0.0730880647898,
        "mean": 0.0145037947223,
        "median": 0.0112295597792,
        "min": 0.00202672043815,
        "skew": 1.02350103855,
        "var": 0.000115956434456
    },
    "spectral_kurtosis": {
        "kurt": 0.877831697464,
        "max": 7.97497463226,
        "mean": 1.41883039474,
        "median": 1.41085195541,
        "min": -0.287859916687,
        "skew": 0.485768049955,
        "var": 0.860284924507
    },
    "spectral_rms": {
        "kurt": 0.118788719177,
        "max": 0.00411036470905,
        "mean": 0.000988505082205,
        "median": 0.000520728062838,
        "min": 1.34615288516e-06,
        "skew": 1.13842046261,
        "var": 8.94320237421e-07
    },
    "spectral_rolloff": {
        "kurt": 0.822926998138,
        "max": 6782.95898438,
        "mean": 4575.66162109,
        "median": 4844.97070312,
        "min": 409.130859375,
        "skew": -1.07090723515,
        "var": 2181548.25
    },
    "spectral_skewness": {
        "kurt": -0.203000068665,
        "max": 1.99321424961,
        "mean": 1.00055491924,
        "median": 0.99714076519,
        "min": 0.439457446337,
        "skew": 0.137381821871,
        "var": 0.0442605130374
    },
    "spectral_spread": {
        "kurt": -1.48326051235,
        "max": 11064982,
        "mean": 7265249,
        "median": 7372728,
        "min": 4422288.5,
        "skew": 0.0722904130816,
        "var": 3.35992245453e+12
    },
    "spectral_strongpeak": {
        "kurt": 11.2471580505,
        "max": 2.68494272232,
        "mean": 0.312048077583,
        "median": 0.215822219849,
        "min": 0.000346254877513,
        "skew": 2.7439391613,
        "var": 0.109491936862
    },
    "zerocrossingrate": {
        "kurt": -0.520566225052,
        "max": 0.2412109375,
        "mean": 0.148681640625,
        "median": 0.1630859375,
        "min": 0.02734375,
        "skew": -0.510397791862,
        "var": 0.00180880958214
    },
    "barkbands": {
        "kurt": [58.7679214478, 67.9077224731, 19.8108539581, 16.6735572815, 5.05927276611, 16.6831512451, 10.1479063034, 9.36560344696, 15.5250396729, 7.01300621033, 10.6527891159, 10.1369132996, 11.1201753616, 28.0147247314, 10.3498716354, 22.1910018921, 18.6004829407, 9.75397205353, 9.11871337891, 7.27016544342, 2.10805892944, 7.71760940552, 4.66943597794, 9.88868045807, 1.92912244797, 5.09797096252, 47.839553833],
        "max": [5.98505607741e-07, 0.000142791686812, 0.00136251805816, 0.00216676481068, 0.00320409447886, 0.00730836391449, 0.00293631269597, 0.00140699895564, 0.00195010029711, 0.000815717270598, 0.000447960774181, 0.000552663230337, 0.00035488474532, 0.000253309262916, 0.000229234661674, 0.000514442450367, 0.000402911769925, 0.00042521362775, 0.000667029409669, 0.000761103467084, 0.000449338636827, 0.000397927506128, 0.000753561558668, 9.82378842309e-05, 1.93107516679e-05, 6.3644565671e-06, 3.74196176267e-08],
        "mean": [1.56868473766e-08, 4.343002729e-06, 5.93990444031e-05, 0.000115020688099, 0.000305921392282, 0.000422430806793, 0.000198922643904, 0.000112338188046, 0.000101160207123, 6.31190559943e-05, 3.19023856719e-05, 3.02732132695e-05, 2.07452485483e-05, 1.29054797071e-05, 1.55441266543e-05, 2.87880720862e-05, 2.32457205129e-05, 3.27950074279e-05, 5.63400899409e-05, 7.03855621396e-05, 7.42086849641e-05, 4.12737826991e-05, 8.57856794028e-05, 8.23705249786e-06, 2.60378169514e-06, 5.44743159026e-07, 1.25461352418e-09],
        "median": [2.1794313021e-09, 4.02515610176e-07, 3.12387487611e-06, 5.90528816247e-06, 1.66132158483e-05, 1.0391017895e-05, 4.13844190916e-06, 3.08284325001e-06, 4.09108452004e-06, 2.48354581345e-06, 1.72198724613e-06, 1.61885418493e-06, 2.08618303077e-06, 2.91973901767e-06, 3.02145599562e-06, 7.06221362634e-06, 4.77293997392e-06, 1.16125966088e-05, 1.82740423043e-05, 2.89668278128e-05, 3.14835342579e-05, 1.55373927555e-05, 2.63455840468e-05, 2.33786613535e-06, 7.94421850969e-07, 1.35153555902e-07, 2.42809106155e-10],
        "min": [4.88828595657e-13, 8.39834313204e-11, 4.3718147158e-11, 1.36707398873e-11, 2.07756017251e-11, 6.76845168454e-12, 4.16200147263e-12, 9.15726956069e-12, 2.39430940352e-11, 1.12126722837e-11, 4.3444310649e-12, 2.18398198831e-11, 3.70153178941e-11, 5.48173693937e-11, 3.75623733506e-11, 1.44046899409e-10, 1.17922754894e-10, 4.78687645078e-10, 8.06722952329e-11, 3.37694455732e-10, 2.55016896489e-10, 3.77854275646e-11, 1.01176046707e-11, 4.00177373877e-12, 2.61967292477e-12, 1.31830391872e-13, 4.17835660819e-14],
        "skew": [6.99248027802, 6.15470123291, 4.23927354813, 3.79256653786, 2.24890398979, 3.82769060135, 3.08816742897, 2.99814224243, 3.53514623642, 2.61364483833, 3.10081076622, 2.81004166603, 2.94529366493, 4.52059555054, 2.9477045536, 3.77045369148, 3.53792309761, 2.5862159729, 2.64010691643, 2.40011286736, 1.5757329464, 2.58591151237, 2.07733345032, 2.73875284195, 1.48499202728, 1.93219816685, 5.65377283096],
        "var": [2.51893093074e-15, 8.82823605886e-11, 2.51532465967e-08, 7.6048401354e-08, 2.97473206956e-07, 1.02626074749e-06, 1.86797706192e-07, 5.80202161871e-08, 4.8816019671e-08, 1.55233923493e-08, 4.557962896e-09, 3.48655682103e-09, 1.57183033256e-09, 6.66148414208e-10, 7.55235873839e-10, 2.35154762329e-09, 1.65131930352e-09, 2.02509786718e-09, 6.72980515759e-09, 8.3164284348e-09, 7.46164641185e-09, 3.5595251191e-09, 1.62193742881e-08, 1.60105553815e-10, 1.08866153939e-11, 6.00267557015e-13, 7.21767196831e-18],
        "cov": [[2.52100425564e-15, 2.23074095545e-13, 2.03083925544e-12, 3.01322638716e-12, 5.91083302096e-12, 1.21136121967e-11, 4.59121369395e-12, 3.39558719684e-12, 3.66438693625e-12, 1.60264542522e-12, 7.26665906267e-13, 8.23621823954e-13, 6.65058774111e-13, 3.69801167769e-13, 4.62399216139e-13, 6.82666705283e-13, 5.99983712886e-13, 6.4247061447e-13, 1.13976916013e-12, 1.16511975849e-12, 1.16689340482e-12, 6.33591486568e-13, 1.61110447899e-12, 1.86506165329e-13, 4.56660872853e-14, 7.37537845196e-15, 5.38418519515e-18], [2.23074095545e-13, 8.83550177466e-11, 6.99639235435e-10, 1.21458221258e-09, 2.54310572601e-09, 3.77293440934e-09, 1.50388856923e-09, 8.48432435419e-10, 7.48281825391e-10, 4.02784972042e-10, 2.12317649573e-10, 2.13344675259e-10, 1.60137847427e-10, 8.40892008802e-11, 1.08692194134e-10, 1.82195036835e-10, 1.62558883021e-10, 1.85348347781e-10, 3.31981497848e-10, 4.07734207508e-10, 3.79737852274e-10, 2.48700338101e-10, 5.30842203528e-10, 4.43384912119e-11, 1.41818596797e-11, 2.71609275869e-12, 1.72945397813e-15], [2.03083925544e-12, 6.99639235435e-10, 2.51739482593e-08, 4.02471052041e-08, 3.7306129741e-08, 5.88894764064e-08, 3.7301550293e-08, 1.33459998608e-08, 1.24217161002e-08, 7.3428161329e-09, 4.47535786208e-09, 3.81303166819e-09, 1.93322136077e-09, 1.0120412286e-09, 1.36981181953e-09, 2.39953945602e-09, 2.38310815526e-09, 2.66101496393e-09, 6.05157435274e-09, 6.53539933282e-09, 7.14254655421e-09, 3.57677176765e-09, 7.35981453559e-09, 6.14737594162e-10, 2.08629225007e-10, 3.74438952067e-11, 2.16791865628e-14], [3.01322638716e-12, 1.21458221258e-09, 4.02471052041e-08, 7.61109930636e-08, 8.48713668233e-08, 1.19912158425e-07, 7.3022093261e-08, 2.89268964337e-08, 2.34055743675e-08, 1.41635512207e-08, 8.56809556637e-09, 7.13894943161e-09, 3.82809517419e-09, 2.08917394495e-09, 2.82327361489e-09, 4.8986104062e-09, 4.85293405461e-09, 5.48676482026e-09, 1.20775336399e-08, 1.34390996109e-08, 1.39701787916e-08, 7.39227434821e-09, 1.38470817035e-08, 1.22693544213e-09, 4.24864143866e-10, 7.38520355981e-11, 4.60350345084e-14], [5.91083302096e-12, 2.54310572601e-09, 3.7306129741e-08, 8.48713668233e-08, 2.97718031561e-07, 4.01821807827e-07, 1.76283236897e-07, 9.4300254716e-08, 6.84156020725e-08, 4.24480290917e-08, 2.31297132558e-08, 2.15351114718e-08, 1.39320546211e-08, 7.88800402773e-09, 9.61303481262e-09, 1.64852203e-08, 1.4746693644e-08, 1.76735639457e-08, 3.37694281427e-08, 3.99059771894e-08, 3.43708173034e-08, 2.21086455809e-08, 3.71756030404e-08, 3.6273477555e-09, 1.29275656846e-09, 2.09506134663e-10, 1.80576094442e-13], [1.21136121967e-11, 3.77293440934e-09, 5.88894764064e-08, 1.19912158425e-07, 4.01821807827e-07, 1.0271054407e-06, 3.30687555561e-07, 1.66799694057e-07, 1.15244446874e-07, 7.00212297033e-08, 4.27996518226e-08, 3.00367624106e-08, 1.88766726694e-08, 1.10177955648e-08, 1.43946303766e-08, 2.44764848389e-08, 2.04014067862e-08, 2.58472496739e-08, 4.7067352682e-08, 5.28191179683e-08, 5.15322824413e-08, 2.15440465468e-08, 4.23432950925e-08, 4.67911398516e-09, 1.64072433417e-09, 2.05329350744e-10, 1.94014373794e-13], [4.59121369395e-12, 1.50388856923e-09, 3.7301550293e-08, 7.3022093261e-08, 1.76283236897e-07, 3.30687555561e-07, 1.86951453429e-07, 7.39665040328e-08, 5.28967873947e-08, 3.23325437535e-08, 2.21599023575e-08, 1.71447815944e-08, 8.26060908565e-09, 5.11299758088e-09, 6.23861096116e-09, 1.05936184269e-08, 9.87434045641e-09, 1.1308413761e-08, 2.15600923781e-08, 2.38590249779e-08, 2.18207638625e-08, 1.10863567215e-08, 1.8248980993e-08, 1.87676296726e-09, 7.06581126941e-10, 1.03348281322e-10, 1.07437720016e-13], [3.39558719684e-12, 8.48432435419e-10, 1.33459998608e-08, 2.89268964337e-08, 9.4300254716e-08, 1.66799694057e-07, 7.39665040328e-08, 5.80679682116e-08, 3.73776884999e-08, 2.28551844117e-08, 1.27396848626e-08, 1.03702451071e-08, 5.62280844107e-09, 3.59646290526e-09, 4.82820095016e-09, 7.71956720769e-09, 5.55847812223e-09, 8.071873836e-09, 1.43823672971e-08, 1.62186228891e-08, 1.37413884715e-08, 6.80840317457e-09, 1.26758541441e-08, 1.62335689335e-09, 5.12284881182e-10, 7.63700352957e-11, 1.25108351955e-13], [3.66438693625e-12, 7.48281825391e-10, 1.24217161002e-08, 2.34055743675e-08, 6.84156020725e-08, 1.15244446874e-07, 5.28967873947e-08, 3.73776884999e-08, 4.885619731e-08, 2.25862120118e-08, 9.95042270802e-09, 8.98268126548e-09, 5.60884494405e-09, 3.42504358208e-09, 4.19645074246e-09, 6.17031892247e-09, 4.88605422788e-09, 7.18464132632e-09, 1.16940661599e-08, 1.26219408259e-08, 1.07435864649e-08, 5.53609913467e-09, 1.19526353259e-08, 1.60464208587e-09, 4.65191885013e-10, 6.69088603966e-11, 1.06271999393e-13], [1.60264542522e-12, 4.02784972042e-10, 7.3428161329e-09, 1.41635512207e-08, 4.24480290917e-08, 7.00212297033e-08, 3.23325437535e-08, 2.28551844117e-08, 2.25862120118e-08, 1.55361696841e-08, 6.49030251765e-09, 5.40199396326e-09, 3.53774010087e-09, 2.06981654038e-09, 2.59163557281e-09, 4.24569135404e-09, 3.11985171031e-09, 4.46713466218e-09, 7.61061347276e-09, 7.99976529464e-09, 7.04116187578e-09, 3.87452736561e-09, 8.41879632674e-09, 1.06945374778e-09, 2.9153557346e-10, 4.7039223211e-11, 7.47789552719e-14], [7.26665906267e-13, 2.12317649573e-10, 4.47535786208e-09, 8.56809556637e-09, 2.31297132558e-08, 4.27996518226e-08, 2.21599023575e-08, 1.27396848626e-08, 9.95042270802e-09, 6.49030251765e-09, 4.56171456165e-09, 2.93843505084e-09, 1.57001500689e-09, 1.07868003418e-09, 1.26670440803e-09, 2.21266938105e-09, 1.67195091105e-09, 2.0813994972e-09, 3.89134813261e-09, 3.95872223891e-09, 3.60902019381e-09, 1.73561343075e-09, 3.20543813714e-09, 4.21597146083e-10, 1.24497745446e-10, 1.86533965357e-11, 2.8605078511e-14], [8.23621823954e-13, 2.13344675259e-10, 3.81303166819e-09, 7.13894943161e-09, 2.15351114718e-08, 3.00367624106e-08, 1.71447815944e-08, 1.03702451071e-08, 8.98268126548e-09, 5.40199396326e-09, 2.93843505084e-09, 3.4894265255e-09, 1.80370318681e-09, 1.17543086375e-09, 1.21294840838e-09, 2.17884221776e-09, 1.57271040635e-09, 1.96061877844e-09, 3.70902708546e-09, 3.80982445591e-09, 3.1989555449e-09, 2.23261520382e-09, 4.19940837659e-09, 5.15497700082e-10, 1.34721872547e-10, 2.53711218701e-11, 3.15131391305e-14], [6.65058774111e-13, 1.60137847427e-10, 1.93322136077e-09, 3.82809517419e-09, 1.39320546211e-08, 1.88766726694e-08, 8.26060908565e-09, 5.62280844107e-09, 5.60884494405e-09, 3.53774010087e-09, 1.57001500689e-09, 1.80370318681e-09, 1.57312396443e-09, 7.76247899292e-10, 8.54884385504e-10, 1.4942190818e-09, 1.23425536458e-09, 1.30225863426e-09, 2.45802689314e-09, 2.60343346881e-09, 2.22291118845e-09, 1.70904013164e-09, 3.43669714908e-09, 3.82942261234e-10, 9.76748959491e-11, 1.88541734308e-11, 2.08988168026e-14], [3.69801167769e-13, 8.40892008802e-11, 1.0120412286e-09, 2.08917394495e-09, 7.88800402773e-09, 1.10177955648e-08, 5.11299758088e-09, 3.59646290526e-09, 3.42504358208e-09, 2.06981654038e-09, 1.07868003418e-09, 1.17543086375e-09, 7.76247899292e-10, 6.66696642337e-10, 5.26019228175e-10, 9.97529392421e-10, 7.29338645034e-10, 7.84182940805e-10, 1.38510536374e-09, 1.56703106047e-09, 1.22969723293e-09, 9.1134955138e-10, 1.62176827523e-09, 2.29328125934e-10, 5.1708661658e-11, 9.93804604582e-12, 1.34785142642e-14], [4.62399216139e-13, 1.08692194134e-10, 1.36981181953e-09, 2.82327361489e-09, 9.61303481262e-09, 1.43946303766e-08, 6.23861096116e-09, 4.82820095016e-09, 4.19645074246e-09, 2.59163557281e-09, 1.26670440803e-09, 1.21294840838e-09, 8.54884385504e-10, 5.26019228175e-10, 7.55857487711e-10, 1.09813058646e-09, 9.18169984487e-10, 1.00136976489e-09, 1.76934711327e-09, 1.92501392604e-09, 1.66040248217e-09, 1.02278674419e-09, 2.0161450287e-09, 2.55097831747e-10, 6.64788502025e-11, 1.12083831799e-11, 1.72764990383e-14], [6.82666705283e-13, 1.82195036835e-10, 2.39953945602e-09, 4.8986104062e-09, 1.64852203e-08, 2.44764848389e-08, 1.05936184269e-08, 7.71956720769e-09, 6.17031892247e-09, 4.24569135404e-09, 2.21266938105e-09, 2.17884221776e-09, 1.4942190818e-09, 9.97529392421e-10, 1.09813058646e-09, 2.35348318611e-09, 1.5144269172e-09, 1.73229475209e-09, 3.23879856268e-09, 3.47485817898e-09, 2.86552825912e-09, 1.89905025039e-09, 3.82359877094e-09, 4.81786111006e-10, 1.1752053497e-10, 2.2172187697e-11, 3.05773981168e-14], [5.99983712886e-13, 1.62558883021e-10, 2.38310815526e-09, 4.85293405461e-09, 1.4746693644e-08, 2.04014067862e-08, 9.87434045641e-09, 5.55847812223e-09, 4.88605422788e-09, 3.11985171031e-09, 1.67195091105e-09, 1.57271040635e-09, 1.23425536458e-09, 7.29338645034e-10, 9.18169984487e-10, 1.5144269172e-09, 1.65267832752e-09, 1.32898192451e-09, 2.4111714847e-09, 2.7294477789e-09, 2.5067621312e-09, 1.5841222778e-09, 2.93687407726e-09, 3.34657329626e-10, 9.14122319506e-11, 1.60295058477e-11, 2.00721177282e-14], [6.4247061447e-13, 1.85348347781e-10, 2.66101496393e-09, 5.48676482026e-09, 1.76735639457e-08, 2.58472496739e-08, 1.1308413761e-08, 8.071873836e-09, 7.18464132632e-09, 4.46713466218e-09, 2.0813994972e-09, 1.96061877844e-09, 1.30225863426e-09, 7.84182940805e-10, 1.00136976489e-09, 1.73229475209e-09, 1.32898192451e-09, 2.02676453398e-09, 3.06398351135e-09, 3.32348859544e-09, 2.96248381382e-09, 1.63480873283e-09, 3.38002581479e-09, 4.11822576041e-10, 1.19849033475e-10, 2.00087255792e-11, 3.47452169575e-14], [1.13976916013e-12, 3.31981497848e-10, 6.05157435274e-09, 1.20775336399e-08, 3.37694281427e-08, 4.7067352682e-08, 2.15600923781e-08, 1.43823672971e-08, 1.16940661599e-08, 7.61061347276e-09, 3.89134813261e-09, 3.70902708546e-09, 2.45802689314e-09, 1.38510536374e-09, 1.76934711327e-09, 3.23879856268e-09, 2.4111714847e-09, 3.06398351135e-09, 6.7353442823e-09, 6.39527186763e-09, 5.55149037851e-09, 3.43965056437e-09, 6.86262691119e-09, 7.73654806885e-10, 2.20372525783e-10, 3.7416535148e-11, 4.9181314674e-14], [1.16511975849e-12, 4.07734207508e-10, 6.53539933282e-09, 1.34390996109e-08, 3.99059771894e-08, 5.28191179683e-08, 2.38590249779e-08, 1.62186228891e-08, 1.26219408259e-08, 7.99976529464e-09, 3.95872223891e-09, 3.80982445591e-09, 2.60343346881e-09, 1.56703106047e-09, 1.92501392604e-09, 3.47485817898e-09, 2.7294477789e-09, 3.32348859544e-09, 6.39527186763e-09, 8.32327362588e-09, 6.38859098956e-09, 4.02645339292e-09, 7.61089147261e-09, 8.29750379516e-10, 2.48770060107e-10, 4.42566955305e-11, 6.32097320449e-14], [1.16689340482e-12, 3.79737852274e-10, 7.14254655421e-09, 1.39701787916e-08, 3.43708173034e-08, 5.15322824413e-08, 2.18207638625e-08, 1.37413884715e-08, 1.07435864649e-08, 7.04116187578e-09, 3.60902019381e-09, 3.1989555449e-09, 2.22291118845e-09, 1.22969723293e-09, 1.66040248217e-09, 2.86552825912e-09, 2.5067621312e-09, 2.96248381382e-09, 5.55149037851e-09, 6.38859098956e-09, 7.46778727745e-09, 3.6211864618e-09, 7.75977326839e-09, 7.74862507491e-10, 2.3797278037e-10, 4.29560796655e-11, 6.7464175251e-14], [6.33591486568e-13, 2.48700338101e-10, 3.57677176765e-09, 7.39227434821e-09, 2.21086455809e-08, 2.15440465468e-08, 1.10863567215e-08, 6.80840317457e-09, 5.53609913467e-09, 3.87452736561e-09, 1.73561343075e-09, 2.23261520382e-09, 1.70904013164e-09, 9.1134955138e-10, 1.02278674419e-09, 1.89905025039e-09, 1.5841222778e-09, 1.63480873283e-09, 3.43965056437e-09, 4.02645339292e-09, 3.6211864618e-09, 3.56245477562e-09, 6.37110542101e-09, 5.73487424216e-10, 1.55902693533e-10, 3.55699913968e-11, 4.19860916596e-14], [1.61110447899e-12, 5.30842203528e-10, 7.35981453559e-09, 1.38470817035e-08, 3.71756030404e-08, 4.23432950925e-08, 1.8248980993e-08, 1.26758541441e-08, 1.19526353259e-08, 8.41879632674e-09, 3.20543813714e-09, 4.19940837659e-09, 3.43669714908e-09, 1.62176827523e-09, 2.0161450287e-09, 3.82359877094e-09, 2.93687407726e-09, 3.38002581479e-09, 6.86262691119e-09, 7.61089147261e-09, 7.75977326839e-09, 6.37110542101e-09, 1.62327236097e-08, 1.265589189e-09, 3.28794935722e-10, 7.93213134065e-11, 1.06127529453e-13], [1.86506165329e-13, 4.43384912119e-11, 6.14737594162e-10, 1.22693544213e-09, 3.6273477555e-09, 4.67911398516e-09, 1.87676296726e-09, 1.62335689335e-09, 1.60464208587e-09, 1.06945374778e-09, 4.21597146083e-10, 5.15497700082e-10, 3.82942261234e-10, 2.29328125934e-10, 2.55097831747e-10, 4.81786111006e-10, 3.34657329626e-10, 4.11822576041e-10, 7.73654806885e-10, 8.29750379516e-10, 7.74862507491e-10, 5.73487424216e-10, 1.265589189e-09, 1.6023732341e-10, 3.55890594772e-11, 7.25500475668e-12, 1.20176763506e-14], [4.56660872853e-14, 1.41818596797e-11, 2.08629225007e-10, 4.24864143866e-10, 1.29275656846e-09, 1.64072433417e-09, 7.06581126941e-10, 5.12284881182e-10, 4.65191885013e-10, 2.9153557346e-10, 1.24497745446e-10, 1.34721872547e-10, 9.76748959491e-11, 5.1708661658e-11, 6.64788502025e-11, 1.1752053497e-10, 9.14122319506e-11, 1.19849033475e-10, 2.20372525783e-10, 2.48770060107e-10, 2.3797278037e-10, 1.55902693533e-10, 3.28794935722e-10, 3.55890594772e-11, 1.08955752406e-11, 1.94933739289e-12, 3.29763267135e-15], [7.37537845196e-15, 2.71609275869e-12, 3.74438952067e-11, 7.38520355981e-11, 2.09506134663e-10, 2.05329350744e-10, 1.03348281322e-10, 7.63700352957e-11, 6.69088603966e-11, 4.7039223211e-11, 1.86533965357e-11, 2.53711218701e-11, 1.88541734308e-11, 9.93804604582e-12, 1.12083831799e-11, 2.2172187697e-11, 1.60295058477e-11, 2.00087255792e-11, 3.7416535148e-11, 4.42566955305e-11, 4.29560796655e-11, 3.55699913968e-11, 7.93213134065e-11, 7.25500475668e-12, 1.94933739289e-12, 6.00761573735e-13, 1.02589835363e-15], [5.38418519515e-18, 1.72945397813e-15, 2.16791865628e-14, 4.60350345084e-14, 1.80576094442e-13, 1.94014373794e-13, 1.07437720016e-13, 1.25108351955e-13, 1.06271999393e-13, 7.47789552719e-14, 2.8605078511e-14, 3.15131391305e-14, 2.08988168026e-14, 1.34785142642e-14, 1.72764990383e-14, 3.05773981168e-14, 2.00721177282e-14, 3.47452169575e-14, 4.9181314674e-14, 6.32097320449e-14, 6.7464175251e-14, 4.19860916596e-14, 1.06127529453e-13, 1.20176763506e-14, 3.29763267135e-15, 1.02589835363e-15, 7.22361277947e-18]]
    },
    "mfcc": {
        "kurt": [-1.41065979004, -1.18544447422, -1.10629034042, -0.0512609481812, 0.00174403190613, -0.126538038254, -1.03440499306, 0.0331645011902, -0.730737686157, -0.31712603569, -0.457597732544, -0.114305734634, -0.072870016098],
        "max": [-596.131530762, 120.108520508, 40.8490180969, 86.270111084, 10.5620231628, 28.90051651, 32.5749130249, 15.1652927399, 23.4056777954, 12.644367218, 15.1220397949, 10.6573295593, 15.2833709717],
        "mean": [-809.856750488, 43.3928337097, -27.089641571, 36.8295593262, -27.3895931244, -1.47937810421, -11.4137706757, -7.67199325562, -8.27513504028, -5.53583335876, -9.298371315, -9.31952667236, -5.06900835037],
        "median": [-821.772766113, 44.492565155, -19.211561203, 35.9607009888, -27.886089325, -0.518985748291, -12.3710603714, -7.99611473083, -7.94088172913, -5.34170722961, -10.1770162582, -9.35395717621, -5.01229190826],
        "min": [-1138.42004395, -28.9155197144, -95.452835083, -2.98094177246, -55.7076797485, -27.3648071289, -42.5737113953, -32.8309288025, -37.2859840393, -24.6088142395, -30.712059021, -26.905620575, -26.6293773651],
        "skew": [0.161536663771, 0.0258708409965, -0.314919739962, 0.116613447666, 0.364135473967, -0.196563512087, 0.183501720428, -0.00239380239509, -0.0322020538151, -0.0104984529316, 0.215476065874, 0.0430121421814, -0.0631168931723],
        "var": [12072.6210938, 1267.92858887, 1053.90014648, 188.328521729, 126.72959137, 101.241920471, 190.442581177, 57.0145339966, 124.211799622, 42.6568107605, 62.5932121277, 33.2507781982, 43.3785743713],
        "cov": [[12082.5576172, 3266.70166016, 2920.38476562, -528.283203125, -620.410217285, -490.029327393, -1221.37011719, 259.453979492, -956.03137207, -150.358032227, -593.71295166, -135.280181885, 310.92010498], [3266.70166016, 1268.97216797, 956.062438965, -40.4248008728, -121.586524963, -133.335144043, -307.356933594, 49.1798858643, -258.607574463, -63.7943229675, -169.813842773, -33.0531463623, 93.5951385498], [2920.38476562, 956.062438965, 1054.76757812, 14.4009656906, -86.4704666138, -85.1568832397, -341.846954346, 67.1853866577, -255.678909302, -52.8861160278, -174.840667725, -52.1455497742, 95.4758911133], [-528.283203125, -40.4248008728, 14.4009656906, 188.483520508, 108.935569763, 63.2823219299, 62.2256622314, -28.2697525024, 42.8643112183, -14.4160718918, 12.0370092392, -5.96016263962, -11.480840683], [-620.410217285, -121.586524963, -86.4704666138, 108.935569763, 126.833900452, 73.0421524048, 84.1490859985, -15.3516588211, 51.8109931946, 1.93443584442, 20.1071777344, 4.13063240051, -18.1400432587], [-490.029327393, -133.335144043, -85.1568832397, 63.2823219299, 73.0421524048, 101.325241089, 69.0569152832, 7.71803569794, 39.2564811707, 7.23915338516, 24.4541721344, 4.95619869232, -10.1749505997], [-1221.37011719, -307.356933594, -341.846954346, 62.2256622314, 84.1490859985, 69.0569152832, 190.599319458, -12.4561605453, 119.070320129, 20.836730957, 67.0212249756, 21.0748825073, -43.0005149841], [259.453979492, 49.1798858643, 67.1853866577, -28.2697525024, -15.3516588211, 7.71803569794, -12.4561605453, 57.0614585876, -4.87381982803, 14.4880695343, -9.78495979309, 0.572671413422, 9.51790332794], [-956.03137207, -258.607574463, -255.678909302, 42.8643112183, 51.8109931946, 39.2564811707, 119.070320129, -4.87381982803, 124.314033508, 29.0278491974, 56.3003196716, 18.673210144, -25.6928157806], [-150.358032227, -63.7943229675, -52.8861160278, -14.4160718918, 1.93443584442, 7.23915338516, 20.836730957, 14.4880695343, 29.0278491974, 42.6919174194, 20.7930202484, 9.01852416992, 0.261934041977], [-593.71295166, -169.813842773, -174.840667725, 12.0370092392, 20.1071777344, 24.4541721344, 67.0212249756, -9.78495979309, 56.3003196716, 20.7930202484, 62.6447257996, 22.1074066162, -12.5073518753], [-135.280181885, -33.0531463623, -52.1455497742, -5.96016263962, 4.13063240051, 4.95619869232, 21.0748825073, 0.572671413422, 18.673210144, 9.01852416992, 22.1074066162, 33.2781448364, 9.42044067383], [310.92010498, 93.5951385498, 95.4758911133, -11.480840683, -18.1400432587, -10.1749505997, -43.0005149841, 9.51790332794, -25.6928157806, 0.261934041977, -12.5073518753, 9.42044067383, 43.414276123]]
    },
    "sccoeffs": {
        "kurt": [-1.01377558708, -0.322870016098, 0.155866146088, 0.393041372299, 0.351023435593, -0.275798082352],
        "max": [-0.353517115116, -0.605730414391, -0.709631800652, -0.736796557903, -0.765308439732, -0.68803024292],
        "mean": [-0.676958203316, -0.815777599812, -0.850582897663, -0.847852408886, -0.842203140259, -0.771851599216],
        "median": [-0.689203262329, -0.826917886734, -0.857247471809, -0.849539935589, -0.843639075756, -0.775475203991],
        "min": [-0.931045413017, -0.940356552601, -0.949744284153, -0.937271952629, -0.901329636574, -0.880220890045],
        "skew": [0.267307192087, 0.612468123436, 0.668303132057, 0.46468141675, 0.34422981739, 0.258654952049],
        "var": [0.0136974845082, 0.00417323969305, 0.00171019800473, 0.000644126557745, 0.000304916960886, 0.000783376221079],
        "cov": [[0.0137087581679, 0.0050155534409, 0.00306045333855, 0.00139858818147, 0.000967135769315, 0.00188014598098], [0.0050155534409, 0.0041766744107, 0.00129990302958, 0.000553856487386, 0.000388211716199, 0.000856584170833], [0.00306045333855, 0.00129990302958, 0.00171160558239, 0.000441482436145, 0.000261400011368, 0.000532519596163], [0.00139858818147, 0.000553856487386, 0.000441482436145, 0.000644656713121, 0.000147983664647, 0.000269179174211], [0.000967135769315, 0.000388211716199, 0.000261400011368, 0.000147983664647, 0.000305167894112, 0.000230970937992], [0.00188014598098, 0.000856584170833, 0.000532519596163, 0.000269179174211, 0.000230970937992, 0.000784020929132]]
    },
    "scvalleys": {
        "kurt": [-1.01280879974, -1.31687200069, -0.853098154068, 0.653042078018, 3.61005544662, 0.339061498642],
        "max": [-5.96927309036, -4.54216384888, -5.42399454117, -6.10333967209, -6.30071592331, -7.8256020546],
        "mean": [-8.83661174774, -7.66443347931, -7.95380210876, -8.15051651001, -7.84219932556, -9.55518531799],
        "median": [-8.74977111816, -7.75949144363, -8.35717964172, -8.3962430954, -7.99823379517, -9.57493019104],
        "min": [-13.1042518616, -14.033829689, -14.0094861984, -13.4976711273, -13.6442022324, -15.7782154083],
        "skew": [-0.250530153513, 0.075340770185, 0.288400262594, 0.2471806705, -0.205146238208, -0.139579534531],
        "var": [2.031676054, 2.92267537117, 1.51189994812, 0.645083904266, 0.441623926163, 0.802761554718],
        "cov": [[2.03334832191, 2.12748551369, 1.42664265633, 0.879312336445, 0.726693987846, 1.03171157837], [2.12748551369, 2.92508101463, 1.9810962677, 1.21765184402, 1.00987887383, 1.41981327534], [1.42664265633, 1.9810962677, 1.51314425468, 0.921352982521, 0.750979185104, 1.01743459702], [0.879312336445, 1.21765184402, 0.921352982521, 0.645614802837, 0.501641988754, 0.658111274242], [0.726693987846, 1.00987887383, 0.750979185104, 0.501641988754, 0.441987425089, 0.563077926636], [1.03171157837, 1.41981327534, 1.01743459702, 0.658111274242, 0.563077926636, 0.803422272205]]
    }
},
"rhythm": {
    "beats_loudness": {
        "kurt": 3.86705684662,
        "max": 0.0152084110305,
        "mean": 0.00216030934826,
        "median": 0.000503279734403,
        "min": 1.56803507707e-05,
        "skew": 2.17142248154,
        "var": 1.35016207423e-05
    },
    "bpm": 87.8873901367,
    "confidence": 0.432701975107,
    "first_peak_bpm": {
        "kurt": 0,
        "max": 89,
        "mean": 89,
        "median": 89,
        "min": 89,
        "skew": 0,
        "var": 0
    },
    "first_peak_spread": {
        "kurt": 0,
        "max": 0.321428537369,
        "mean": 0.321428537369,
        "median": 0.321428537369,
        "min": 0.321428537369,
        "skew": 0,
        "var": 0
    },
    "first_peak_weight": {
        "kurt": 0,
        "max": 0.487179517746,
        "mean": 0.487179517746,
        "median": 0.487179517746,
        "min": 0.487179517746,
        "skew": 0,
        "var": 0
    },
    "onset_rate": 1.31212854385,
    "second_peak_bpm": {
        "kurt": 0,
        "max": 82,
        "mean": 82,
        "median": 82,
        "min": 82,
        "skew": 0,
        "var": 0
    },
    "second_peak_spread": {
        "kurt": 0,
        "max": 0.0909090638161,
        "mean": 0.0909090638161,
        "median": 0.0909090638161,
        "min": 0.0909090638161,
        "skew": 0,
        "var": 0
    },
    "second_peak_weight": {
        "kurt": 0,
        "max": 0.256410270929,
        "mean": 0.256410270929,
        "median": 0.256410270929,
        "min": 0.256410270929,
        "skew": 0,
        "var": 0
    },
    "beats_loudness_band_ratio": {
        "kurt": [3.17445898056, -0.25855255127, -0.705916166306, 2.52486562729, -0.696620941162, -1.45608186722],
        "max": [0.554560303688, 0.703551411629, 0.359695702791, 0.17130304873, 0.352144539356, 0.756333529949],
        "mean": [0.101161502302, 0.199772328138, 0.120689198375, 0.061896584928, 0.138394266367, 0.417841911316],
        "median": [0.0525752454996, 0.162543475628, 0.0817229151726, 0.0554419830441, 0.104925334454, 0.46482437849],
        "min": [0.00055413285736, 0.00109133240767, 0.00482585607097, 0.0156719330698, 0.0241002961993, 0.0503625422716],
        "skew": [1.79433381557, 0.760456502438, 0.773298561573, 1.40522193909, 0.706942796707, -0.172016635537],
        "var": [0.0148195205256, 0.0353965386748, 0.0126225305721, 0.0009121830808, 0.00869272183627, 0.0525762438774],
        "cov": [[0.015199508518, 0.00702725397423, 0.00177259265911, -0.00108252337668, -0.0060218134895, -0.0153746558353], [0.00702725397423, 0.0363041423261, 0.0170334354043, 0.000242107838858, -0.0144329499453, -0.0396309271455], [0.00177259265911, 0.0170334354043, 0.0129461856559, 0.00118198106065, -0.00772887701169, -0.021851144731], [-0.00108252337668, 0.000242107838858, 0.00118198106065, 0.000935572374146, 4.22022021667e-05, -0.00130896351766], [-0.0060218134895, -0.0144329499453, -0.00772887701169, 4.22022021667e-05, 0.00891561247408, 0.0169979333878], [-0.0153746558353, -0.0396309271455, -0.021851144731, -0.00130896351766, 0.0169979333878, 0.0539243519306]]
    },
    "beats_position": [0.673378646374, 1.369977355, 2.06657600403, 2.76317453384, 3.48299312592, 4.17959165573, 4.8994102478, 5.60761880875, 6.29260778427, 6.98920631409, 7.67419481277, 8.35918331146, 9.03256225586, 9.71755123138, 10.4025392532, 11.0759181976, 11.7376871109, 12.4226751328, 13.1192741394, 13.8623123169, 14.6169614792, 15.3599996567, 16.0565986633, 16.7415866852, 17.4149665833, 18.088344574, 18.7617225647, 19.4351024628, 20.1084804535, 20.7934684753, 21.4784584045, 22.1518363953, 22.825214386, 23.4985942841, 24.2184123993, 24.9614505768, 25.6928787231, 26.4243087769, 27.1557369232, 27.8871650696],
    "bpm_estimates": [86.1328048706, 86.1328125, 86.1328277588, 86.1328277588, 87.5926513672, 86.1328277588, 87.5927124023, 87.5927124023, 89.1028747559, 87.5926513672, 87.5927734375, 89.1028747559, 90.6660919189, 87.5927734375, 86.1327667236, 86.1327667236, 87.5927734375, 89.1027526855, 89.1030044556, 89.1030044556, 89.1027526855, 89.1030044556, 87.5927734375, 87.5925292969, 89.1030044556, 89.1030044556, 89.1027526855],
    "bpm_intervals": [0.69659870863, 0.696598649025, 0.696598529816, 0.719818592072, 0.696598529816, 0.719818592072, 0.708208560944, 0.684988975525, 0.696598529816, 0.684988498688, 0.684988498688, 0.673378944397, 0.684988975525, 0.684988021851, 0.673378944397, 0.661768913269, 0.684988021851, 0.696599006653, 0.74303817749, 0.754649162292, 0.74303817749, 0.696599006653, 0.684988021851, 0.673379898071, 0.673377990723, 0.673377990723, 0.673379898071, 0.673377990723, 0.684988021851, 0.684989929199, 0.673377990723, 0.673377990723, 0.673379898071, 0.719818115234, 0.74303817749, 0.731428146362, 0.731430053711, 0.731428146362, 0.731428146362],
    "onset_times": [0.0232199542224, 0.580498874187, 3.01859402657, 5.11999988556, 5.24770975113, 7.22140598297, 8.39401340485, 9.287981987, 9.99619007111, 10.4141492844, 10.5070295334, 10.8553285599, 11.4822673798, 11.5519275665, 12.0279369354, 12.4807252884, 13.1424942017, 13.3630838394, 14.2454423904, 14.6634016037, 14.8027210236, 14.9304304123, 15.6618595123, 15.7431287766, 16.1262588501, 16.7764167786, 17.4962348938, 18.1115646362, 18.3089351654, 19.2377319336, 19.3538322449, 19.8646717072, 20.8050785065, 21.037279129, 21.2810878754, 22.4885253906, 24.9150104523],
    "histogram": [[0, 0, 0, 0, 0, 0, 0, 0, 0, 0, 0, 0, 0, 0, 0, 0, 0, 0, 0, 0, 0, 0, 0, 0, 0, 0, 0, 0, 0, 0, 0, 0, 0, 0, 0, 0, 0, 0, 0, 0, 0, 0, 0, 0, 0, 0, 0, 0, 0, 0, 0, 0, 0, 0, 0, 0, 0, 0, 0, 0, 0, 0, 0, 0, 0, 0, 0, 0, 0, 0, 0, 0, 0, 0, 0, 0, 0, 0, 0, 0, 0.0256410259753, 0.0769230797887, 0.102564103901, 0.0769230797887, 0, 0.0256410259753, 0.17948718369, 0, 0.230769231915, 0.256410270929, 0, 0.0256410259753, 0, 0, 0, 0, 0, 0, 0, 0, 0, 0, 0, 0, 0, 0, 0, 0, 0, 0, 0, 0, 0, 0, 0, 0, 0, 0, 0, 0, 0, 0, 0, 0, 0, 0, 0, 0, 0, 0, 0, 0, 0, 0, 0, 0, 0, 0, 0, 0, 0, 0, 0, 0, 0, 0, 0, 0, 0, 0, 0, 0, 0, 0, 0, 0, 0, 0, 0, 0, 0, 0, 0, 0, 0, 0, 0, 0, 0, 0, 0, 0, 0, 0, 0, 0, 0, 0, 0, 0, 0, 0, 0, 0, 0, 0, 0, 0, 0, 0, 0, 0, 0, 0, 0, 0, 0, 0, 0, 0, 0, 0, 0, 0, 0, 0, 0, 0, 0, 0, 0, 0, 0, 0, 0, 0, 0, 0, 0, 0, 0, 0, 0, 0, 0, 0, 0, 0, 0, 0, 0, 0, 0, 0, 0, 0, 0, 0, 0, 0, 0, 0, 0, 0, 0, 0, 0, 0, 0, 0]]
},
"sfx": {
    "inharmonicity": {
        "kurt": 2.75709009171,
        "max": 0.407960772514,
        "mean": 0.0556268505752,
        "median": 0.00795644707978,
        "min": 0,
        "skew": 1.7999484539,
        "var": 0.00693685142323
    },
    "oddtoevenharmonicenergyratio": {
        "kurt": 226.173095703,
        "max": 110.347351074,
        "mean": 1.05497097969,
        "median": 0.0725740045309,
        "min": 0,
        "skew": 13.467007637,
        "var": 26.8698158264
    },
    "pitch_after_max_to_before_max_energy_ratio": 1.67592775822,
    "pitch_centroid": 720.507141113,
    "pitch_max_to_total": 0.571546077728,
    "pitch_min_to_total": 0.272203952074,
    "tristimulus": {
        "kurt": [-1.77341735363, 0.691570997238, -0.473570585251],
        "max": [1, 0.966485321522, 1],
        "mean": [0.596418321133, 0.188320398331, 0.215261384845],
        "median": [0.513312578201, 0.0828699991107, 0],
        "min": [0, 0, 0],
        "skew": [-0.138313695788, 1.21658873558, 0.860627174377],
        "var": [0.16597636044, 0.056837785989, 0.0737083256245],
        "cov": [[0.166112974286, -0.0746156424284, -0.0914991125464], [-0.0746156424284, 0.0568845644593, 0.0177308879793], [-0.0914991125464, 0.0177308879793, 0.0737689957023]]
    }
},
"tonal": {
    "chords_changes_rate": 0.0771756991744,
    "chords_number_rate": 0.019704433158,
    "chords_strength": {
        "kurt": -1.22107374668,
        "max": 0.673596560955,
        "mean": 0.423516750336,
        "median": 0.389029175043,
        "min": 0.218474343419,
        "skew": 0.381901293993,
        "var": 0.0151962945238
    },
    "key_strength": 0.488184988499,
    "tuning_diatonic_strength": 0.395510941744,
    "tuning_equal_tempered_deviation": 0.27883258462,
    "tuning_frequency": 439.238189697,
    "tuning_nontempered_energy_ratio": 0.910448431969,
    "hpcp": {
