{
"metadata": {
    "version": {
        "essentia": "2.1-beta3"
    }
},
"lowLevel": {
    "average_loudness": 0.983940601349,
    "barkbands_kurtosis": {
        "kurt": -0.662947654724,
        "max": 3.77514743805,
        "mean": 0.236448854208,
        "median": 0.25306224823,
        "min": -1.79105317593,
        "skew": 0.221076488495,
        "var": 1.49452674389
    },
    "barkbands_skewness": {
        "kurt": 0.243288516998,
        "max": 0.703822314739,
        "mean": -1.08473289013,
        "median": -1.19761717319,
        "min": -2.039935112,
        "skew": 0.872533023357,
        "var": 0.238610208035
    },
    "barkbands_spread": {
        "kurt": -0.480614423752,
        "max": 43.443157196,
        "mean": 26.3994426727,
        "median": 25.6092243195,
        "min": 13.7867860794,
        "skew": 0.372003108263,
        "var": 32.7211418152
    },
    "dissonance": {
        "kurt": 238.170883179,
        "max": 0.499298006296,
        "mean": 0.487251877785,
        "median": 0.489228755236,
        "min": 0.245527565479,
        "skew": -12.118268013,
        "var": 0.000141895812703
    },
    "hfc": {
        "kurt": 2.25075387955,
        "max": 1.3670167923,
        "mean": 0.760326385498,
        "median": 0.747598588467,
        "min": 0.0002243983472,
        "skew": 0.602976560593,
        "var": 0.021329369396
    },
    "pitch": {
        "kurt": -1.75888872147,
        "max": 4475.48876953,
        "mean": 2265.03515625,
        "median": 2313.93237305,
        "min": 90.6957321167,
        "skew": 0.057995416224,
        "var": 2926894
    },
    "pitch_instantaneous_confidence": {
        "kurt": 0.00691795349121,
        "max": 0.496447324753,
        "mean": 0.298920035362,
        "median": 0.295119225979,
        "min": 0.154469668865,
        "skew": 0.446956902742,
        "var": 0.00324178463779
    },
    "pitch_salience": {
        "kurt": 1.09888887405,
        "max": 0.898295462132,
        "mean": 0.706762671471,
        "median": 0.715641915798,
        "min": 0.48782145977,
        "skew": -0.832735359669,
        "var": 0.00288135511801
    },
    "silence_rate_20dB": {
        "kurt": 0,
        "max": 1,
        "mean": 1,
        "median": 1,
        "min": 1,
        "skew": 0,
        "var": 0
    },
    "silence_rate_30dB": {
        "kurt": 0,
        "max": 1,
        "mean": 1,
        "median": 1,
        "min": 1,
        "skew": 0,
        "var": 0
    },
    "silence_rate_60dB": {
        "kurt": 0,
        "max": 1,
        "mean": 1,
        "median": 1,
        "min": 1,
        "skew": 0,
        "var": 0
    },
    "spectral_centroid": {
        "kurt": 0.924999713898,
        "max": 3732.61303711,
        "mean": 2993.89575195,
        "median": 3092.87280273,
        "min": 1575.93701172,
        "skew": -1.083522439,
        "var": 122446.296875
    },
    "spectral_complexity": {
        "kurt": 2.42556858063,
        "max": 2,
        "mean": 0.202836886048,
        "median": 0,
        "min": 0,
        "skew": 1.85618042946,
        "var": 0.181552067399
    },
    "spectral_crest": {
        "kurt": 3.43090248108,
        "max": 13.4680452347,
        "mean": 6.20088577271,
        "median": 5.93538570404,
        "min": 3.39752149582,
        "skew": 1.46696281433,
        "var": 1.91008079052
    },
    "spectral_decrease": {
        "kurt": 2.84615373611,
        "max": -1.76044634193e-14,
        "mean": -4.9683722414e-11,
        "median": -4.73074253382e-11,
        "min": -1.12503541205e-10,
        "skew": -1.10495638847,
        "var": 1.34512560456e-22
    },
    "spectral_energy": {
        "kurt": 2.55748558044,
        "max": 0.000507494842168,
        "mean": 0.000256481667748,
        "median": 0.000248934607953,
        "min": 8.67970086915e-08,
        "skew": 0.848793029785,
        "var": 2.82927858919e-09
    },
    "spectral_energyband_high": {
        "kurt": 1.26824188232,
        "max": 0.000178341259016,
        "mean": 8.91115996637e-05,
        "median": 8.6825035396e-05,
        "min": 1.66346350028e-08,
        "skew": 0.706045508385,
        "var": 5.06713948578e-10
    },
    "spectral_energyband_low": {
        "kurt": 73.273147583,
        "max": 1.11806730274e-05,
        "mean": 3.89312845073e-07,
        "median": 2.06638091527e-07,
        "min": 7.37125804839e-10,
        "skew": 7.98827648163,
        "var": 9.24187701194e-13
    },
    "spectral_energyband_middle_high": {
        "kurt": 2.58451795578,
        "max": 0.000266444869339,
        "mean": 0.000115872113383,
        "median": 0.000112881847599,
        "min": 5.35951585334e-08,
        "skew": 0.788178026676,
        "var": 6.69058364267e-10
    },
    "spectral_energyband_middle_low": {
        "kurt": 6.92794513702,
        "max": 0.000317670434015,
        "mean": 5.277143282e-05,
        "median": 4.01447177865e-05,
        "min": 1.75229857291e-08,
        "skew": 2.22875785828,
        "var": 1.30945976284e-09
    },
    "spectral_flatness_db": {
        "kurt": 4.6705493927,
        "max": 0.225091069937,
        "mean": 0.179233938456,
        "median": 0.179106727242,
        "min": 0.062724865973,
        "skew": -0.683838009834,
        "var": 0.000242373309447
    },
    "spectral_flux": {
        "kurt": 1.00099945068,
        "max": 0.0148907117546,
        "mean": 0.00936609320343,
        "median": 0.00920233596116,
        "min": 0.0067515168339,
        "skew": 0.631083488464,
        "var": 1.15236093734e-06
    },
    "spectral_kurtosis": {
        "kurt": 27.1338348389,
        "max": 6.16718101501,
        "mean": 0.759692788124,
        "median": 0.682943105698,
        "min": -0.185779809952,
        "skew": 3.28088259697,
        "var": 0.272639662027
    },
    "spectral_rms": {
        "kurt": 10.5589199066,
        "max": 0.000703645462636,
        "mean": 0.00049743312411,
        "median": 0.000492811319418,
        "min": 9.20217371458e-06,
        "skew": -0.554805457592,
        "var": 2.78634471051e-09
    },
    "spectral_rolloff": {
        "kurt": 0.0533788204193,
        "max": 5103.36914062,
        "mean": 4694.85058594,
        "median": 4715.77148438,
        "min": 4048.2421875,
        "skew": -0.516598701477,
        "var": 30949.7050781
    },
    "spectral_skewness": {
        "kurt": 68.5448913574,
        "max": 2.21673893929,
        "mean": 0.650230526924,
        "median": 0.6426217556,
        "min": 0.406238377094,
        "skew": 5.46355724335,
        "var": 0.0122248902917
    },
    "spectral_spread": {
        "kurt": 251.337219238,
        "max": 14804176,
        "mean": 4714963.5,
        "median": 4674807,
        "min": 3999950.75,
        "skew": 12.6148710251,
        "var": 241275191296
    },
    "spectral_strongpeak": {
        "kurt": 1.01806497574,
        "max": 1.05494165421,
        "mean": 0.216167017817,
        "median": 0.148062005639,
        "min": 0.00080920610344,
        "skew": 1.26600432396,
        "var": 0.0354369804263
    },
    "zerocrossingrate": {
        "kurt": 13.9184551239,
        "max": 0.1787109375,
        "mean": 0.153345942497,
        "median": 0.15673828125,
        "min": 0.01708984375,
        "skew": -2.37749624252,
        "var": 0.000199343281565
    },
    "barkbands": {
        "kurt": [74.6154251099, 77.6532974243, 113.330085754, 24.8874168396, 5.42894363403, 16.5718193054, 47.8249282837, 8.6519203186, 22.7762355804, 15.8002319336, 10.7174081802, 3.16942882538, 4.47613763809, 1.58946990967, 6.14369392395, 2.77607536316, 5.03577423096, 1.02979421616, 0.497909069061, 1.54349088669, 2.64540719986, 0.997094869614, 2.34625434875, 0.716239452362, 2.21146440506, 689.203857422, 691.433166504],
        "max": [5.73625527522e-07, 8.0612308011e-06, 4.23089386459e-06, 3.48609273715e-06, 6.58535936964e-05, 2.11824535654e-05, 5.50708718947e-05, 0.000247130024945, 3.76216848963e-05, 2.73466557701e-05, 4.3624177124e-06, 5.5841833273e-06, 9.50690082391e-06, 2.31354042626e-05, 4.96246248076e-05, 1.89870606846e-05, 0.000151653934154, 5.03418668814e-05, 4.62081006845e-05, 0.000106880215753, 0.000132057553856, 2.48780816037e-05, 5.81509721087e-06, 2.85326859739e-06, 9.54562437983e-07, 5.04724839701e-09, 4.89005191895e-09],
        "mean": [9.71682112549e-09, 1.5697668232e-07, 1.12032942923e-07, 3.28449374365e-07, 1.49264169522e-05, 3.11401936415e-06, 4.46276817456e-06, 2.58021482296e-05, 3.66715494238e-06, 2.38155212173e-06, 7.0439460842e-07, 1.36359847147e-06, 1.85091812455e-06, 5.99875966145e-06, 9.30433361646e-06, 4.94161758979e-06, 3.69662921003e-05, 1.93776686501e-05, 1.93489449885e-05, 4.00202334276e-05, 4.72089886898e-05, 1.04249629658e-05, 2.21735103878e-06, 1.44069940688e-06, 3.51756312966e-07, 1.6985187562e-11, 1.62483134586e-11],
        "median": [1.12208020653e-09, 4.27690309834e-08, 5.74613139293e-08, 2.44331147314e-07, 1.29108138935e-05, 2.72988336292e-06, 3.45075659425e-06, 1.46037609738e-05, 2.83467784357e-06, 1.17067543215e-06, 5.80682581131e-07, 1.26627821828e-06, 1.22689857562e-06, 5.59115824217e-06, 8.31474699226e-06, 4.37026528743e-06, 3.42934654327e-05, 1.80246770469e-05, 1.8143617126e-05, 3.84970517189e-05, 4.52644489997e-05, 1.01672640085e-05, 2.13391444959e-06, 1.40287306749e-06, 3.3356840845e-07, 4.16323963151e-12, 3.83974666299e-12],
        "min": [9.56357475851e-12, 1.8791621037e-10, 2.46023174055e-10, 5.74265746067e-10, 2.83985035487e-09, 2.15862683284e-09, 4.07941636027e-09, 2.32132291167e-09, 3.32709237938e-09, 6.32790664312e-09, 1.72918823704e-09, 1.88858995109e-09, 2.1056654198e-09, 5.85123227648e-10, 2.34331354321e-09, 3.34330718665e-09, 1.46938905488e-08, 7.53990914149e-09, 3.30177307717e-09, 1.28089698848e-08, 1.12840927713e-08, 1.43036260614e-09, 6.9545408321e-10, 4.50251252948e-10, 2.51427462183e-10, 3.02955881376e-15, 1.99591900252e-15],
        "skew": [7.80578136444, 8.49422931671, 9.27604675293, 3.7613568306, 1.94125008583, 2.98683190346, 4.69090080261, 2.60805368423, 3.40814447403, 3.38164186478, 2.64235711098, 1.34022521973, 1.9631010294, 0.992814421654, 1.72226393223, 1.36011946201, 1.54430997372, 0.913569509983, 0.727973997593, 0.801285028458, 1.02745079994, 0.589426040649, 0.890078186989, 0.594273686409, 1.11843526363, 26.1922931671, 26.2535839081],
        "var": [1.7001322386e-15, 4.75540505411e-13, 6.79321846713e-14, 1.15388682767e-13, 7.1906397503e-11, 4.34155359233e-12, 1.43929842003e-11, 9.29998911214e-10, 1.04939746129e-11, 1.03843600385e-11, 2.75160021721e-13, 4.85914422848e-13, 2.6848059366e-12, 1.02949229003e-11, 2.87669194021e-11, 6.17559519148e-12, 2.62973226528e-10, 5.58394615269e-11, 4.93826750325e-11, 1.85976428702e-10, 2.55806237304e-10, 8.55518000192e-12, 3.95736205307e-13, 1.48241485818e-13, 1.48998838305e-14, 3.6221854514e-20, 3.39489560611e-20],
        "cov": [[1.70254712953e-15, 2.04169787224e-14, 5.29498633592e-15, 2.60034794939e-15, 6.67283475654e-14, 8.09105268272e-15, 1.2439979026e-14, 1.8111305912e-13, 5.55935082447e-15, 6.95208601854e-15, 1.99979375473e-15, -5.86393603725e-16, 8.10849393813e-15, 1.21558629997e-14, -3.50268757412e-14, 7.51240551293e-15, 6.15715771012e-14, 3.29459965812e-15, -1.25856229532e-14, 2.48145467797e-14, 1.09588275683e-14, 1.04879102839e-14, 6.77103248784e-17, -1.43858656981e-15, 2.66488900123e-16, -2.31338652044e-20, -1.95645162378e-20], [2.04169787224e-14, 4.76216017575e-13, 1.09799430832e-13, 5.20099066625e-14, 1.04595336298e-12, 1.56001310502e-13, 3.74225227629e-13, 3.21380270486e-12, 1.92446902056e-14, 8.22583442876e-14, 2.29059952023e-14, -2.30545173474e-14, 8.84407090206e-14, 7.02147284e-14, -4.4725077049e-13, 1.4779418466e-13, 4.3113085259e-13, -1.42346217821e-13, -1.55180406827e-13, 8.03446867956e-14, 2.29551620767e-13, 2.15814291351e-13, -9.34283439459e-15, -2.06281592827e-14, 4.89110662711e-15, -1.05610036554e-18, -9.78188430434e-19], [5.29498633592e-15, 1.09799430832e-13, 6.80286786647e-14, 2.94185011909e-14, 6.2781838105e-14, 4.63792856388e-14, 1.0682137141e-13, 1.11129611373e-13, -1.21004280814e-14, -4.5856425753e-14, 2.17552238634e-15, -4.30401835049e-15, 1.87663317367e-14, 2.56347779104e-14, -3.44122110365e-14, 5.89963665486e-14, -1.69017875443e-15, 3.69206381234e-14, 1.20078412816e-13, 1.25031427811e-13, 3.70371946003e-13, 6.10425067698e-14, 2.03807985571e-14, -2.93730951427e-15, 1.02149208824e-15, -9.35738245181e-19, -8.83116323333e-19], [2.60034794939e-15, 5.20099066625e-14, 2.94185011909e-14, 1.1555258703e-13, 1.60092750688e-13, 2.70937498104e-14, 9.0525982164e-14, -5.67195108155e-13, -6.50541632282e-14, -9.86525788903e-14, -5.79286806715e-15, -3.40524100752e-15, 4.20425955334e-14, 4.9813235134e-14, 2.45014308863e-14, 1.93151006663e-14, -1.34941171193e-13, -3.56609036192e-14, 7.61911421541e-14, 5.90708580141e-13, 1.36030740166e-13, -5.46488005402e-14, -2.0245158142e-16, 3.19924598288e-15, 2.27970248901e-17, -5.90785059689e-20, 2.40960975923e-20], [6.67283475654e-14, 1.04595336298e-12, 6.2781838105e-14, 1.60092750688e-13, 7.20085380213e-11, 1.36964528261e-12, 7.70494605618e-12, 6.53366458159e-11, 2.78139533974e-12, 7.70387920124e-12, 1.47607230258e-12, -2.96456896575e-13, 2.9329793802e-12, 3.41603351509e-12, -1.15919765106e-11, 1.29393468596e-12, 2.53455416377e-11, -1.14301961993e-11, -1.53418510535e-11, -2.67479376322e-12, -1.40748654051e-11, 8.04911638643e-13, 3.35966809386e-14, -5.66065206861e-13, 1.06227987561e-13, -2.46246192421e-17, -2.00787059108e-17], [8.09105268272e-15, 1.56001310502e-13, 4.63792856388e-14, 2.70937498104e-14, 1.36964528261e-12, 4.34772053429e-12, 9.79710453389e-13, -2.08430928766e-12, -3.83114275981e-13, -3.67725977706e-13, 6.26456894172e-14, -1.53681348246e-13, -2.88555935873e-13, -1.78569973478e-12, 6.19267170095e-13, 5.80923980795e-13, -5.89508433388e-12, 1.11399854185e-12, 6.16063081625e-13, 1.76789561723e-12, 2.62531316131e-12, -3.32941410986e-13, -6.9911672717e-15, 4.8954743525e-14, 6.39161702284e-15, -1.06143237176e-17, -9.7608561324e-18], [1.2439979026e-14, 3.74225227629e-13, 1.0682137141e-13, 9.0525982164e-14, 7.70494605618e-12, 9.79710453389e-13, 1.44134287838e-11, 3.23764071108e-11, 2.4476948246e-12, 3.42209333787e-12, 3.92090168926e-13, -3.40335635921e-14, 1.63287612598e-12, 1.94563939612e-12, -3.30450228812e-12, 1.45429328302e-12, 8.75095048508e-12, -4.11866558653e-13, -3.51640396488e-12, 2.42689006912e-12, 1.34316624663e-12, -1.58289844448e-13, 1.49390130258e-13, -8.76213232287e-14, 4.42499735584e-14, 4.78281951315e-17, 4.73844722898e-17], [1.8111305912e-13, 3.21380270486e-12, 1.11129611373e-13, -5.67195108155e-13, 6.53366458159e-11, -2.08430928766e-12, 3.23764071108e-11, 9.3131991008e-10, 1.60604324978e-11, 3.16565350322e-11, 1.30229193315e-12, -4.21525791702e-12, 6.72027451049e-12, 1.41971356546e-11, -2.67192986486e-11, 4.21548126267e-12, 2.17497703875e-11, -2.34636043234e-11, -4.29687813108e-11, -3.12334463848e-11, -1.67111897237e-11, -1.05130455123e-12, -9.13499202497e-13, -2.37189304655e-12, 5.70799646698e-14, -3.37576643148e-17, -2.65984773245e-17], [5.55935082447e-15, 1.92446902056e-14, -1.21004280814e-14, -6.50541632282e-14, 2.78139533974e-12, -3.83114275981e-13, 2.4476948246e-12, 1.60604324978e-11, 1.05088810917e-11, 3.92160392701e-12, 3.68015622317e-13, 1.98019890958e-13, 1.77301413568e-12, 1.35227864063e-12, 1.4566865509e-12, 2.07957934727e-12, 1.18572087912e-11, 3.03310870343e-12, -5.38875476359e-13, 4.07321312096e-12, 9.85042082624e-12, 1.00864108732e-12, 2.56625666897e-13, 4.88744210847e-14, 7.22413936397e-14, 1.44974833986e-17, 1.46605405497e-17], [6.95208601854e-15, 8.22583442876e-14, -4.5856425753e-14, -9.86525788903e-14, 7.70387920124e-12, -3.67725977706e-13, 3.42209333787e-12, 3.16565350322e-11, 3.92160392701e-12, 1.03991112596e-11, 4.87321500427e-13, -1.21258756616e-13, 1.8654006291e-12, 1.80627767517e-12, -3.98495646203e-12, 1.26794072203e-12, 1.37110314422e-11, -1.94755583188e-12, -5.54553581875e-12, -2.16604924101e-12, -1.95093550689e-12, 4.43949916976e-13, 2.72180525731e-13, -4.24508010395e-14, 8.37830239214e-14, 8.33655914737e-17, 8.14846357003e-17], [1.99979375473e-15, 2.29059952023e-14, 2.17552238634e-15, -5.79286806715e-15, 1.47607230258e-12, 6.26456894172e-14, 3.92090168926e-13, 1.30229193315e-12, 3.68015622317e-13, 4.87321500427e-13, 2.75550876604e-13, 5.047436129e-14, 2.77588878533e-13, 2.36992879748e-13, -3.3576047216e-13, 2.3859335189e-13, 1.38488179258e-12, 8.58915870827e-14, -2.69540357915e-13, 5.13447953859e-13, 3.04003838162e-13, 9.59298151982e-14, 2.85120709052e-14, 8.50724825058e-15, 9.93384401024e-15, 1.72975511903e-19, 3.51086703885e-19], [-5.86393603725e-16, -2.30545173474e-14, -4.30401835049e-15, -3.40524100752e-15, -2.96456896575e-13, -1.53681348246e-13, -3.40335635921e-14, -4.21525791702e-12, 1.98019890958e-13, -1.21258756616e-13, 5.047436129e-14, 4.86604625951e-13, 2.32221902298e-13, 1.17768194827e-13, 1.34410521992e-13, 1.37922429012e-13, 9.39005925966e-13, 6.63531512721e-13, 4.41019372714e-13, 8.00566210546e-13, 1.40943504155e-13, 3.42681747778e-14, 5.44632799959e-14, 4.50974232459e-14, 5.69233753829e-15, 8.57785312941e-19, 9.22373281229e-19], [8.10849393813e-15, 8.84407090206e-14, 1.87663317367e-14, 4.20425955334e-14, 2.9329793802e-12, -2.88555935873e-13, 1.63287612598e-12, 6.72027451049e-12, 1.77301413568e-12, 1.8654006291e-12, 2.77588878533e-13, 2.32221902298e-13, 2.68861950932e-12, 1.60094322781e-12, -1.32578225742e-12, 8.78817906034e-13, 7.05674277693e-12, 1.15620403876e-12, -1.06071043875e-12, 6.0606016733e-12, 3.53199761105e-12, -1.83024588866e-13, 1.61207879728e-13, 8.27393099238e-14, 3.72351617855e-14, 3.40630329271e-18, 3.73321789209e-18], [1.21558629997e-14, 7.02147284e-14, 2.56347779104e-14, 4.9813235134e-14, 3.41603351509e-12, -1.78569973478e-12, 1.94563939612e-12, 1.41971356546e-11, 1.35227864063e-12, 1.80627767517e-12, 2.36992879748e-13, 1.17768194827e-13, 1.60094322781e-12, 1.03095457518e-11, -1.31966952557e-12, 6.45017839054e-13, 1.14416453742e-11, 8.90100777915e-14, -1.48762837986e-12, 8.37911250801e-12, -1.81336955e-12, -8.75555324856e-14, 1.27456444175e-14, -1.10606449943e-13, 3.35526894354e-14, -2.11804343861e-17, -1.91749300279e-17], [-3.50268757412e-14, -4.4725077049e-13, -3.44122110365e-14, 2.45014308863e-14, -1.15919765106e-11, 6.19267170095e-13, -3.30450228812e-12, -2.67192986486e-11, 1.4566865509e-12, -3.98495646203e-12, -3.3576047216e-13, 1.34410521992e-13, -1.32578225742e-12, -1.31966952557e-12, 2.88077825483e-11, 1.43118188741e-12, -1.11017696772e-11, 9.47883611879e-12, 1.03279147387e-11, 7.6716402328e-12, 2.08034353633e-11, 1.68852789823e-12, 1.66772316985e-13, 2.7871777694e-13, -5.60571859385e-14, -1.91646399011e-17, -1.58964906599e-17], [7.51240551293e-15, 1.4779418466e-13, 5.89963665486e-14, 1.93151006663e-14, 1.29393468596e-12, 5.80923980795e-13, 1.45429328302e-12, 4.21548126267e-12, 2.07957934727e-12, 1.26794072203e-12, 2.3859335189e-13, 1.37922429012e-13, 8.78817906034e-13, 6.45017839054e-13, 1.43118188741e-12, 6.18436725441e-12, 3.47710770766e-12, 4.67674900542e-12, 2.13492548293e-12, 7.39409835443e-12, 8.85429143199e-12, 8.14888412824e-13, 2.38951247027e-13, 1.69526597079e-13, 2.81198387465e-14, 4.44157045278e-17, 4.37269443189e-17], [6.15715771012e-14, 4.3113085259e-13, -1.69017875443e-15, -1.34941171193e-13, 2.53455416377e-11, -5.89508433388e-12, 8.75095048508e-12, 2.17497703875e-11, 1.18572087912e-11, 1.37110314422e-11, 1.38488179258e-12, 9.39005925966e-13, 7.05674277693e-12, 1.14416453742e-11, -1.11017696772e-11, 3.47710770766e-12, 2.6334678882e-10, 4.92566360963e-12, -9.98622191883e-12, 2.63522936111e-11, 5.22128564343e-12, 7.61535279281e-12, 1.9128717707e-12, 3.97869129136e-13, 5.64169316732e-13, -1.27316820853e-16, -1.16926691205e-16], [3.29459965812e-15, -1.42346217821e-13, 3.69206381234e-14, -3.56609036192e-14, -1.14301961993e-11, 1.11399854185e-12, -4.11866558653e-13, -2.34636043234e-11, 3.03310870343e-12, -1.94755583188e-12, 8.58915870827e-14, 6.63531512721e-13, 1.15620403876e-12, 8.90100777915e-14, 9.47883611879e-12, 4.67674900542e-12, 4.92566360963e-12, 5.59187800231e-11, 1.61552594219e-11, 2.24511347013e-11, 3.37327527022e-11, 2.86525230625e-12, 5.34646599996e-13, 4.62248566247e-13, 5.27906067656e-14, -6.12530750841e-17, -5.543578846e-17], [-1.25856229532e-14, -1.55180406827e-13, 1.20078412816e-13, 7.61911421541e-14, -1.53418510535e-11, 6.16063081625e-13, -3.51640396488e-12, -4.29687813108e-11, -5.38875476359e-13, -5.54553581875e-12, -2.69540357915e-13, 4.41019372714e-13, -1.06071043875e-12, -1.48762837986e-12, 1.03279147387e-11, 2.13492548293e-12, -9.98622191883e-12, 1.61552594219e-11, 4.9452820311e-11, 2.00063073746e-11, 2.43135459682e-11, 8.06468769803e-13, 6.6555230294e-13, 6.46066858866e-13, -1.88968324089e-14, -8.89663850792e-17, -8.29909911528e-17], [2.48145467797e-14, 8.03446867956e-14, 1.25031427811e-13, 5.90708580141e-13, -2.67479376322e-12, 1.76789561723e-12, 2.42689006912e-12, -3.12334463848e-11, 4.07321312096e-12, -2.16604924101e-12, 5.13447953859e-13, 8.00566210546e-13, 6.0606016733e-12, 8.37911250801e-12, 7.6716402328e-12, 7.39409835443e-12, 2.63522936111e-11, 2.24511347013e-11, 2.00063073746e-11, 1.86240592392e-10, 6.9700516192e-11, 4.10791355359e-13, 2.01061259655e-12, 1.5135017805e-12, 2.35637816768e-13, -1.20513611039e-16, -1.10013697981e-16], [1.09588275683e-14, 2.29551620767e-13, 3.70371946003e-13, 1.36030740166e-13, -1.40748654051e-11, 2.62531316131e-12, 1.34316624663e-12, -1.67111897237e-11, 9.85042082624e-12, -1.95093550689e-12, 3.04003838162e-13, 1.40943504155e-13, 3.53199761105e-12, -1.81336955e-12, 2.08034353633e-11, 8.85429143199e-12, 5.22128564343e-12, 3.37327527022e-11, 2.43135459682e-11, 6.9700516192e-11, 2.56169585544e-10, 4.18890313061e-12, 2.81074490939e-12, 1.53812097607e-12, 1.42128943705e-13, -1.66221057355e-16, -1.52388903447e-16], [1.04879102839e-14, 2.15814291351e-13, 6.10425067698e-14, -5.46488005402e-14, 8.04911638643e-13, -3.32941410986e-13, -1.58289844448e-13, -1.05130455123e-12, 1.00864108732e-12, 4.43949916976e-13, 9.59298151982e-14, 3.42681747778e-14, -1.83024588866e-13, -8.75555324856e-14, 1.68852789823e-12, 8.14888412824e-13, 7.61535279281e-12, 2.86525230625e-12, 8.06468769803e-13, 4.10791355359e-13, 4.18890313061e-12, 8.56733260723e-12, 3.37565994038e-13, 4.70935038199e-14, 4.41646841169e-14, -1.95565150619e-17, -1.70996645655e-17], [6.77103248784e-17, -9.34283439459e-15, 2.03807985571e-14, -2.0245158142e-16, 3.35966809386e-14, -6.9911672717e-15, 1.49390130258e-13, -9.13499202497e-13, 2.56625666897e-13, 2.72180525731e-13, 2.85120709052e-14, 5.44632799959e-14, 1.61207879728e-13, 1.27456444175e-14, 1.66772316985e-13, 2.38951247027e-13, 1.9128717707e-12, 5.34646599996e-13, 6.6555230294e-13, 2.01061259655e-12, 2.81074490939e-12, 3.37565994038e-13, 3.96298337028e-13, 8.73863969467e-14, 9.82817410897e-15, -3.84042794411e-18, -3.33787146782e-18], [-1.43858656981e-15, -2.06281592827e-14, -2.93730951427e-15, 3.19924598288e-15, -5.66065206861e-13, 4.8954743525e-14, -8.76213232287e-14, -2.37189304655e-12, 4.88744210847e-14, -4.24508010395e-14, 8.50724825058e-15, 4.50974232459e-14, 8.27393099238e-14, -1.10606449943e-13, 2.7871777694e-13, 1.69526597079e-13, 3.97869129136e-13, 4.62248566247e-13, 6.46066858866e-13, 1.5135017805e-12, 1.53812097607e-12, 4.70935038199e-14, 8.73863969467e-14, 1.48452051433e-13, 6.98181094576e-15, 3.78188707969e-19, 6.15135447464e-19], [2.66488900123e-16, 4.89110662711e-15, 1.02149208824e-15, 2.27970248901e-17, 1.06227987561e-13, 6.39161702284e-15, 4.42499735584e-14, 5.70799646698e-14, 7.22413936397e-14, 8.37830239214e-14, 9.93384401024e-15, 5.69233753829e-15, 3.72351617855e-14, 3.35526894354e-14, -5.60571859385e-14, 2.81198387465e-14, 5.64169316732e-13, 5.27906067656e-14, -1.88968324089e-14, 2.35637816768e-13, 1.42128943705e-13, 4.41646841169e-14, 9.82817410897e-15, 6.98181094576e-15, 1.49210477958e-14, 5.46352742892e-19, 5.69668896409e-19], [-2.31338652044e-20, -1.05610036554e-18, -9.35738245181e-19, -5.90785059689e-20, -2.46246192421e-17, -1.06143237176e-17, 4.78281951315e-17, -3.37576643148e-17, 1.44974833986e-17, 8.33655914737e-17, 1.72975511903e-19, 8.57785312941e-19, 3.40630329271e-18, -2.11804343861e-17, -1.91646399011e-17, 4.44157045278e-17, -1.27316820853e-16, -6.12530750841e-17, -8.89663850792e-17, -1.20513611039e-16, -1.66221057355e-16, -1.95565150619e-17, -3.84042794411e-18, 3.78188707969e-19, 5.46352742892e-19, 3.62733045018e-20, 3.50806134561e-20], [-1.95645162378e-20, -9.78188430434e-19, -8.83116323333e-19, 2.40960975923e-20, -2.00787059108e-17, -9.7608561324e-18, 4.73844722898e-17, -2.65984773245e-17, 1.46605405497e-17, 8.14846357003e-17, 3.51086703885e-19, 9.22373281229e-19, 3.73321789209e-18, -1.91749300279e-17, -1.58964906599e-17, 4.37269443189e-17, -1.16926691205e-16, -5.543578846e-17, -8.29909911528e-17, -1.10013697981e-16, -1.52388903447e-16, -1.70996645655e-17, -3.33787146782e-18, 6.15135447464e-19, 5.69668896409e-19, 3.50806134561e-20, 3.39971781059e-20]]
    },
    "mfcc": {
        "kurt": [207.654403687, 1.40522146225, 3.93708086014, 0.778002262115, 0.467079639435, 0.530716657639, 0.939121484756, 0.17035984993, 0.200125217438, -0.21759223938, 0.19833278656, 0.0225641727448, 0.0364265441895],
        "max": [-802.092834473, 67.2366333008, -0.115081787109, 67.7865982056, 0.0945892333984, 5.90688323975, -0.086986541748, 0.0950469970703, 15.6367340088, 13.2447395325, 8.83219528198, 22.1220970154, 0.00930786132812],
        "mean": [-839.362670898, 26.9784736633, -50.2561950684, 40.3056716919, -31.5133285522, -21.77252388, -28.9941692352, -23.9502162933, -5.61727428436, -6.7025346756, -8.00339889526, 2.62260937691, -15.0927181244],
        "median": [-839.44140625, 25.8562507629, -50.1068382263, 41.5885162354, -31.1668624878, -22.3958358765, -29.2399330139, -24.0552406311, -5.80494880676, -6.8045539856, -8.40419387817, 2.49715423584, -14.925113678],
        "min": [-1138.32971191, -0.00691604614258, -77.7484283447, 0.0328254699707, -57.2197799683, -38.5771636963, -46.8659667969, -41.7066192627, -25.2395248413, -24.3944129944, -26.3350715637, -10.4173583984, -31.4287967682],
        "skew": [-10.5766859055, 0.908052504063, 0.749017298222, -0.613813340664, -0.0567337013781, 0.328145742416, 0.352659642696, 0.00463921809569, 0.108278244734, 0.0594909824431, 0.289765745401, 0.182473361492, -0.0612637251616],
        "var": [232.412063599, 94.0674438477, 55.5821647644, 76.5597610474, 54.892414093, 40.6602783203, 36.8351478577, 32.9916419983, 40.1793518066, 34.1294326782, 30.319065094, 27.4098377228, 24.2462825775],
        "cov": [[232.7421875, 66.0872039795, -18.3931865692, -7.98810386658, -31.0083999634, -12.386141777, -5.56682872772, -0.82673573494, 15.7490224838, 9.70702457428, 7.33472108841, 11.5691432953, -11.1113519669], [66.0872039795, 94.2010574341, 32.0163917542, -10.2790384293, -13.1078300476, -4.83074522018, -0.227770105004, 8.51203727722, 22.4741001129, 10.4688177109, 17.8403320312, 11.6995506287, 0.455131083727], [-18.3931865692, 32.0163917542, 55.6611175537, 25.4291000366, 15.4573249817, 10.1645317078, 7.67196512222, 12.5578193665, 14.5812520981, 7.76118612289, 9.22421073914, 7.25794410706, 11.4524040222], [-7.98810386658, -10.2790384293, 25.4291000366, 76.668510437, 42.4266395569, 22.2075366974, 9.30461788177, 3.51013255119, 2.26785540581, 7.42927408218, 2.59887623787, 6.49192047119, 16.39686203], [-31.0083999634, -13.1078300476, 15.4573249817, 42.4266395569, 54.9703865051, 31.9302139282, 18.8442554474, 7.29170942307, -2.88642024994, -1.56701290607, -1.26845991611, 2.61665821075, 11.7239522934], [-12.386141777, -4.83074522018, 10.1645317078, 22.2075366974, 31.9302139282, 40.7180328369, 24.1387710571, 8.71658706665, -2.85766029358, -2.61438131332, -2.17360830307, 3.19952607155, 6.36547088623], [-5.56682872772, -0.227770105004, 7.67196512222, 9.30461788177, 18.8442554474, 24.1387710571, 36.8874702454, 15.349322319, -1.33652484417, -2.42553424835, -1.51485013962, 3.12894272804, 4.30551147461], [-0.82673573494, 8.51203727722, 12.5578193665, 3.51013255119, 7.29170942307, 8.71658706665, 15.349322319, 33.0385055542, 16.886636734, 3.47810530663, 2.8283727169, 0.892850458622, 4.04432868958], [15.7490224838, 22.4741001129, 14.5812520981, 2.26785540581, -2.88642024994, -2.85766029358, -1.33652484417, 16.886636734, 40.2364234924, 18.928604126, 11.8510093689, 3.08733129501, 1.23663568497], [9.70702457428, 10.4688177109, 7.76118612289, 7.42927408218, -1.56701290607, -2.61438131332, -2.42553424835, 3.47810530663, 18.928604126, 34.1779136658, 15.5117092133, 6.49091529846, 3.5681886673], [7.33472108841, 17.8403320312, 9.22421073914, 2.59887623787, -1.26845991611, -2.17360830307, -1.51485013962, 2.8283727169, 11.8510093689, 15.5117092133, 30.3621330261, 14.2596645355, 4.74767398834], [11.5691432953, 11.6995506287, 7.25794410706, 6.49192047119, 2.61665821075, 3.19952607155, 3.12894272804, 0.892850458622, 3.08733129501, 6.49091529846, 14.2596645355, 27.4487724304, 10.3778743744], [-11.1113519669, 0.455131083727, 11.4524040222, 16.39686203, 11.7239522934, 6.36547088623, 4.30551147461, 4.04432868958, 1.23663568497, 3.5681886673, 4.74767398834, 10.3778743744, 24.2807235718]]
    },
    "sccoeffs": {
        "kurt": [0.804604053497, 0.0414803028107, 0.698724985123, 0.424669981003, 0.202226161957, 11.9101295471],
        "max": [-0.521125674248, -0.629916846752, -0.734029352665, -0.733701348305, -0.79673743248, -0.722266793251],
        "mean": [-0.66709536314, -0.798756539822, -0.84883081913, -0.829123795033, -0.839643955231, -0.763963997364],
        "median": [-0.6641690135, -0.806712567806, -0.852847993374, -0.829861700535, -0.839232623577, -0.764619886875],
        "min": [-0.907293736935, -0.919042408466, -0.923768699169, -0.919086813927, -0.899277448654, -0.887264609337],
        "skew": [-0.239478245378, 0.515779793262, 0.735335826874, 0.195693299174, 0.0239813067019, -0.997969210148],
        "var": [0.00229830597527, 0.00231820857152, 0.000973614631221, 0.000622247753199, 0.000192604245967, 0.000162057025591],
        "cov": [[0.00230157049373, 0.000206701777643, 0.000166452577105, -5.09604797116e-05, 5.12116821483e-06, 2.9153387004e-05], [0.000206701777643, 0.00232150149532, 0.000311639741994, -4.19537100242e-05, 3.35057302436e-05, -1.06705492726e-05], [0.000166452577105, 0.000311639741994, 0.000974997645244, -0.000100757206383, 2.559350105e-05, 7.84586347891e-07], [-5.09604797116e-05, -4.19537100242e-05, -0.000100757206383, 0.00062313163653, -3.1343435694e-05, 7.06673090463e-05], [5.12116821483e-06, 3.35057302436e-05, 2.559350105e-05, -3.1343435694e-05, 0.000192877836525, -1.4073031025e-06], [2.9153387004e-05, -1.06705492726e-05, 7.84586347891e-07, 7.06673090463e-05, -1.4073031025e-06, 0.000162287222338]]
    },
    "scvalleys": {
        "kurt": [2.22230768204, 17.6643638611, 9.23139476776, 29.6238517761, 167.289520264, 255.499053955],
        "max": [-7.4223985672, -7.00110006332, -7.81416702271, -7.72822904587, -7.29393911362, -9.64560890198],
        "mean": [-9.71036434174, -7.90498256683, -8.70371818542, -8.4613161087, -7.74383735657, -9.96202373505],
        "median": [-9.72545051575, -7.89044046402, -8.70571708679, -8.47180843353, -7.73145389557, -9.95662975311],
        "min": [-11.7244253159, -11.3558120728, -11.4505701065, -11.8741073608, -11.6270542145, -13.5900745392],
        "skew": [0.603892862797, -1.83264958858, -0.94259428978, -2.39778208733, -9.16601753235, -12.5149250031],
        "var": [0.239856436849, 0.104814060032, 0.0902947634459, 0.0792041867971, 0.0436184927821, 0.030862107873],
        "cov": [[0.240197136998, 0.0229393839836, 0.0169605240226, 0.0104733845219, 0.00587448151782, 0.0112169953063], [0.0229393839836, 0.104962944984, 0.0235799793154, 0.0329334698617, 0.0213468838483, 0.0194892510772], [0.0169605240226, 0.0235799793154, 0.0904230177402, 0.0388898402452, 0.0157228223979, 0.0216697156429], [0.0104733845219, 0.0329334698617, 0.0388898402452, 0.0793166905642, 0.0274987705052, 0.0260729715228], [0.00587448151782, 0.0213468838483, 0.0157228223979, 0.0274987705052, 0.0436804518104, 0.0234306994826], [0.0112169953063, 0.0194892510772, 0.0216697156429, 0.0260729715228, 0.0234306994826, 0.0309059452266]]
    }
},
"rhythm": {
    "beats_loudness": {
        "kurt": -0.259545564651,
        "max": 0.000383766076993,
        "mean": 0.000257714564214,
        "median": 0.000237377855228,
        "min": 0.000199455607799,
        "skew": 0.895937681198,
        "var": 2.35791230985e-09
    },
    "bpm": 140.974304199,
    "confidence": 2.64403271675,
    "first_peak_bpm": {
        "kurt": 0,
        "max": 140,
        "mean": 140,
        "median": 140,
        "min": 140,
        "skew": 0,
        "var": 0
    },
    "first_peak_spread": {
        "kurt": 0,
        "max": 0.393939375877,
        "mean": 0.393939375877,
        "median": 0.393939375877,
        "min": 0.393939375877,
        "skew": 0,
        "var": 0
    },
    "first_peak_weight": {
        "kurt": 0,
        "max": 0.540540516376,
        "mean": 0.540540516376,
        "median": 0.540540516376,
        "min": 0.540540516376,
        "skew": 0,
        "var": 0
    },
    "onset_rate": 0.428680926561,
    "second_peak_bpm": {
        "kurt": 0,
        "max": 148,
        "mean": 148,
        "median": 148,
        "min": 148,
        "skew": 0,
        "var": 0
    },
    "second_peak_spread": {
        "kurt": 0,
        "max": 0,
        "mean": 0,
        "median": 0,
        "min": 0,
        "skew": 0,
        "var": 0
    },
    "second_peak_weight": {
        "kurt": 0,
        "max": 0.0810810774565,
        "mean": 0.0810810774565,
        "median": 0.0810810774565,
        "min": 0.0810810774565,
        "skew": 0,
        "var": 0
    },
    "beats_loudness_band_ratio": {
        "kurt": [6.52158260345, 0.564927577972, 3.47128629684, 5.24329853058, -0.447929859161, -0.0412170886993],
        "max": [0.0142730185762, 0.156543210149, 0.39586353302, 0.0973018705845, 0.411499947309, 0.582864642143],
        "mean": [0.00292525230907, 0.0724605619907, 0.118812978268, 0.0289648417383, 0.293962866068, 0.488668948412],
        "median": [0.00195777975023, 0.0687587857246, 0.100315473974, 0.0218027997762, 0.283905744553, 0.490845024586],
        "min": [0.000477903930005, 0.018595289439, 0.0229063984007, 0.0100213494152, 0.178900673985, 0.316901028156],
        "skew": [2.46447992325, 0.681987226009, 1.6208794117, 1.97479271889, 0.273680150509, -0.670772314072],
        "var": [7.41113399272e-06, 0.00084930146113, 0.00539329787716, 0.000274205085589, 0.00286804349162, 0.00507697882131],
        "cov": [[7.61143519412e-06, 5.70123575017e-06, -7.31451727916e-05, -9.19011108635e-06, 3.9119045141e-06, 6.56392803648e-05], [5.70123575017e-06, 0.000872255594004, -4.48241626145e-05, -2.75625479844e-05, -0.000131347871502, -0.000667201937176], [-7.31451727916e-05, -4.48241626145e-05, 0.00553906289861, 8.91732852324e-05, -0.00200536451302, -0.00349644431844], [-9.19011108635e-06, -2.75625479844e-05, 8.91732852324e-05, 0.000281616026768, -3.20926410495e-05, -0.000304407934891], [3.9119045141e-06, -0.000131347871502, -0.00200536451302, -3.20926410495e-05, 0.00294555816799, -0.000795177475084], [6.56392803648e-05, -0.000667201937176, -0.00349644431844, -0.000304407934891, -0.000795177475084, 0.00521419476718]]
    },
    "beats_position": [0.394739210606, 0.812698423862, 1.24226760864, 1.69505667686, 2.13623571396, 2.56580495834, 2.99537420273, 3.42494320869, 3.85451245308, 4.28408145905, 4.7020406723, 5.10838985443, 5.53795909882, 5.94430828094, 6.3622674942, 6.78022670746, 7.20979595184, 7.6277551651, 8.03410434723, 8.45206356049, 8.87002277374, 9.29959201813, 9.71755123138, 10.1355104446, 10.5534696579, 10.9714279175, 11.4009971619, 11.8305664062, 12.2601356506, 12.689704895, 13.1192741394, 13.5372333527, 13.966802597, 14.3963718414, 14.8259410858, 15.2555103302, 15.6850786209, 16.114648819],
    "bpm_estimates": [143.554672241, 139.674819946, 135.999206543, 139.674804688, 139.674804688, 139.674880981, 139.674804688, 139.674880981, 143.554672241, 139.674804688, 143.554672241, 143.554672241, 139.674804688, 143.554672241, 143.554672241, 143.554672241, 139.674804688, 143.554672241, 143.554672241, 143.554672241, 143.555007935, 139.674804688, 139.674804688, 139.674804688, 139.674804688, 139.674804688, 143.554672241, 139.674804688, 139.674804688, 139.674804688, 139.674804688, 139.675109863, 139.674499512],
    "bpm_intervals": [0.417959213257, 0.42956918478, 0.452789068222, 0.441179037094, 0.429569244385, 0.429569244385, 0.429569005966, 0.429569244385, 0.429569005966, 0.417959213257, 0.406349182129, 0.429569244385, 0.406349182129, 0.417959213257, 0.417959213257, 0.429569244385, 0.417959213257, 0.406349182129, 0.417959213257, 0.417959213257, 0.429569244385, 0.417959213257, 0.417959213257, 0.417959213257, 0.417958259583, 0.429569244385, 0.429569244385, 0.429569244385, 0.429569244385, 0.429569244385, 0.417959213257, 0.429569244385, 0.429569244385, 0.429569244385, 0.429569244385, 0.42956829071, 0.429570198059],
    "onset_times": [0.0116099771112, 13.5256233215, 14.4079818726, 14.8143310547, 15.2555103302, 15.4180498123, 16.1030387878],
    "histogram": [[0, 0, 0, 0, 0, 0, 0, 0, 0, 0, 0, 0, 0, 0, 0, 0, 0, 0, 0, 0, 0, 0, 0, 0, 0, 0, 0, 0, 0, 0, 0, 0, 0, 0, 0, 0, 0, 0, 0, 0, 0, 0, 0, 0, 0, 0, 0, 0, 0, 0, 0, 0, 0, 0, 0, 0, 0, 0, 0, 0, 0, 0, 0, 0, 0, 0, 0, 0, 0, 0, 0, 0, 0, 0, 0, 0, 0, 0, 0, 0, 0, 0, 0, 0, 0, 0, 0, 0, 0, 0, 0, 0, 0, 0, 0, 0, 0, 0, 0, 0, 0, 0, 0, 0, 0, 0, 0, 0, 0, 0, 0, 0, 0, 0, 0, 0, 0, 0, 0, 0, 0, 0, 0, 0, 0, 0, 0, 0, 0, 0, 0, 0, 0, 0.0270270276815, 0, 0, 0.0270270276815, 0, 0, 0, 0.540540516376, 0, 0, 0, 0.324324309826, 0, 0, 0, 0.0810810774565, 0, 0, 0, 0, 0, 0, 0, 0, 0, 0, 0, 0, 0, 0, 0, 0, 0, 0, 0, 0, 0, 0, 0, 0, 0, 0, 0, 0, 0, 0, 0, 0, 0, 0, 0, 0, 0, 0, 0, 0, 0, 0, 0, 0, 0, 0, 0, 0, 0, 0, 0, 0, 0, 0, 0, 0, 0, 0, 0, 0, 0, 0, 0, 0, 0, 0, 0, 0, 0, 0, 0, 0, 0, 0, 0, 0, 0, 0, 0, 0, 0, 0, 0, 0, 0, 0, 0, 0, 0, 0, 0, 0, 0, 0, 0, 0, 0, 0, 0, 0, 0]]
},
"sfx": {
    "inharmonicity": {
        "kurt": 1.2202167511,
        "max": 0.406304061413,
        "mean": 0.065039858222,
        "median": 0.0146338250488,
        "min": 0,
        "skew": 1.40255284309,
        "var": 0.00794179365039
    },
    "oddtoevenharmonicenergyratio": {
        "kurt": 77.3741989136,
        "max": 60.1764945984,
        "mean": 1.48773097992,
        "median": 0.353909730911,
        "min": 0,
        "skew": 7.93430423737,
        "var": 20.2398262024
    },
    "pitch_after_max_to_before_max_energy_ratio": 0.154540151358,
    "pitch_centroid": 295.747436523,
    "pitch_max_to_total": 0.696453928947,
    "pitch_min_to_total": 0.590070903301,
    "tristimulus": {
        "kurt": [-1.78701770306, -0.578436136246, -1.2928019762],
        "max": [1, 0.94549369812, 0.94951492548],
        "mean": [0.522632718086, 0.227018967271, 0.250348061323],
        "median": [0.403630793095, 0.130636662245, 0],
        "min": [0, 0, 0],
        "skew": [0.157923102379, 0.840750515461, 0.626238644123],
        "var": [0.169615313411, 0.0653304904699, 0.0954614281654],
        "cov": [[0.169856250286, -0.0698413401842, -0.100014545023], [-0.0698413401842, 0.0654232874513, 0.00441796798259], [-0.100014545023, 0.00441796798259, 0.0955970287323]]
    }
},
"tonal": {
    "chords_changes_rate": 0.0113314446062,
    "chords_number_rate": 0.0084985839203,
    "chords_strength": {
        "kurt": 0.0507400035858,
        "max": 0.584541380405,
        "mean": 0.508517622948,
        "median": 0.511774301529,
        "min": 0.42697045207,
        "skew": -0.258950233459,
        "var": 0.0008343817899
    },
    "key_strength": 0.544400751591,
    "tuning_diatonic_strength": 0.518875658512,
    "tuning_equal_tempered_deviation": 0.196408078074,
    "tuning_frequency": 451.065460205,
    "tuning_nontempered_energy_ratio": 0.930936157703,
    "hpcp": {
