{
"metadata": {
    "version": {
        "essentia": "2.1-beta3"
    }
},
"lowLevel": {
    "average_loudness": 0.878355681896,
    "barkbands_kurtosis": {
        "kurt": 2.24409580231,
        "max": 16.8323364258,
        "mean": 3.46014499664,
        "median": 2.20543861389,
        "min": -1.7153519392,
        "skew": 1.53249025345,
        "var": 9.60360431671
    },
    "barkbands_skewness": {
        "kurt": 2.37483358383,
        "max": 1.31256341934,
        "mean": -1.08298063278,
        "median": -1.04321861267,
        "min": -3.21404004097,
        "skew": 0.277223885059,
        "var": 0.332678228617
    },
    "barkbands_spread": {
        "kurt": 17.1833992004,
        "max": 46.4202537537,
        "mean": 9.2315454483,
        "median": 8.99980831146,
        "min": 2.09129738808,
        "skew": 3.70129013062,
        "var": 35.9400596619
    },
    "dissonance": {
        "kurt": 192.765380859,
        "max": 0.500000059605,
        "mean": 0.495263755322,
        "median": 0.496937334538,
        "min": 0.355418622494,
        "skew": -11.9096250534,
        "var": 6.58807257423e-05
    },
    "hfc": {
        "kurt": -1.6710704565,
        "max": 147.640075684,
        "mean": 62.1262779236,
        "median": 68.3946990967,
        "min": 1.6472383777e-06,
        "skew": -0.0865352004766,
        "var": 2269.68139648
    },
    "pitch": {
        "kurt": 0.305092334747,
        "max": 4390.50683594,
        "mean": 3165.75634766,
        "median": 3787.67407227,
        "min": 90.3793563843,
        "skew": -1.44981122017,
        "var": 1793765.125
    },
    "pitch_instantaneous_confidence": {
        "kurt": 0.0210063457489,
        "max": 0.765974283218,
        "mean": 0.376427620649,
        "median": 0.356506586075,
        "min": 0.146672010422,
        "skew": 0.603356063366,
        "var": 0.0119070904329
    },
    "pitch_salience": {
        "kurt": 1.26763343811,
        "max": 0.897183954716,
        "mean": 0.725107610226,
        "median": 0.72473949194,
        "min": 0.544864237309,
        "skew": -0.150866210461,
        "var": 0.00189231918193
    },
    "silence_rate_20dB": {
        "kurt": 0,
        "max": 1,
        "mean": 1,
        "median": 1,
        "min": 1,
        "skew": 0,
        "var": 0
    },
    "silence_rate_30dB": {
        "kurt": 0,
        "max": 1,
        "mean": 1,
        "median": 1,
        "min": 1,
        "skew": 0,
        "var": 0
    },
    "silence_rate_60dB": {
        "kurt": -1.06407153606,
        "max": 1,
        "mean": 0.28227570653,
        "median": 0,
        "min": 0,
        "skew": 0.967433393002,
        "var": 0.202596336603
    },
    "spectral_centroid": {
        "kurt": 17.0244541168,
        "max": 4702.43554688,
        "mean": 3821.26123047,
        "median": 3918.66113281,
        "min": 796.020446777,
        "skew": -3.75192809105,
        "var": 257892.65625
    },
    "spectral_complexity": {
        "kurt": -1.50278759003,
        "max": 56,
        "mean": 30.5361042023,
        "median": 43,
        "min": 0,
        "skew": -0.511147797108,
        "var": 398.900604248
    },
    "spectral_crest": {
        "kurt": 1.48054027557,
        "max": 16.6556587219,
        "mean": 7.04444169998,
        "median": 6.49746465683,
        "min": 3.76267886162,
        "skew": 1.20117032528,
        "var": 4.23652887344
    },
    "spectral_decrease": {
        "kurt": -1.66178095341,
        "max": -3.72193079757e-16,
        "mean": -2.64482147294e-09,
        "median": -3.30721316999e-09,
        "min": -5.93286841877e-09,
        "skew": 0.124240726233,
        "var": 4.00664037562e-18
    },
    "spectral_energy": {
        "kurt": -1.67215371132,
        "max": 0.0357833355665,
        "mean": 0.0156172001734,
        "median": 0.0186178963631,
        "min": 1.55415424974e-09,
        "skew": -0.11814391613,
        "var": 0.000140611417009
    },
    "spectral_energyband_high": {
        "kurt": -1.5918507576,
        "max": 0.0149110723287,
        "mean": 0.00588798662648,
        "median": 0.00701188761741,
        "min": 7.51134085486e-11,
        "skew": -0.0883260220289,
        "var": 2.00807899091e-05
    },
    "spectral_energyband_low": {
        "kurt": 7.47094535828,
        "max": 1.32469403979e-06,
        "mean": 1.56722890665e-07,
        "median": 1.13697581128e-07,
        "min": 4.76482409084e-10,
        "skew": 2.18020558357,
        "var": 2.93888516496e-14
    },
    "spectral_energyband_middle_high": {
        "kurt": -1.56343889236,
        "max": 0.0235608592629,
        "mean": 0.0095566213131,
        "median": 0.011614237912,
        "min": 4.12128942084e-10,
        "skew": -0.00577530777082,
        "var": 5.50803379156e-05
    },
    "spectral_energyband_middle_low": {
        "kurt": 0.422079086304,
        "max": 0.00103952351492,
        "mean": 0.000249067787081,
        "median": 0.000226697287872,
        "min": 5.77521419576e-10,
        "skew": 0.873629450798,
        "var": 5.32155155497e-08
    },
    "spectral_flatness_db": {
        "kurt": 5.80751037598,
        "max": 0.288453549147,
        "mean": 0.212695032358,
        "median": 0.210949242115,
        "min": 0.0629832968116,
        "skew": -1.53383564949,
        "var": 0.00110270513687
    },
    "spectral_flux": {
        "kurt": -1.02958846092,
        "max": 0.120100386441,
        "mean": 0.0677122995257,
        "median": 0.0860083624721,
        "min": 8.87116984813e-05,
        "skew": -0.65910333395,
        "var": 0.00125734589528
    },
    "spectral_kurtosis": {
        "kurt": 5.00345230103,
        "max": 7.22776699066,
        "mean": 1.89820754528,
        "median": 1.55772018433,
        "min": 0.703635454178,
        "skew": 1.84086513519,
        "var": 0.758978962898
    },
    "spectral_rms": {
        "kurt": -1.34812641144,
        "max": 0.00590851670131,
        "mean": 0.00339231803082,
        "median": 0.00426190113649,
        "min": 1.23136021557e-06,
        "skew": -0.479597091675,
        "var": 3.72846648133e-06
    },
    "spectral_rolloff": {
        "kurt": 15.2725124359,
        "max": 9388.4765625,
        "mean": 5141.20605469,
        "median": 5167.96875,
        "min": 1937.98828125,
        "skew": 1.3217689991,
        "var": 449480.6875
    },
    "spectral_skewness": {
        "kurt": 4.40462827682,
        "max": 2.32506322861,
        "mean": 1.22882461548,
        "median": 1.18124306202,
        "min": 0.794359743595,
        "skew": 1.55018258095,
        "var": 0.0281970333308
    },
    "spectral_spread": {
        "kurt": 11.3963108063,
        "max": 13980214,
        "mean": 6750882.5,
        "median": 6947338.5,
        "min": 3521560.5,
        "skew": 0.546658992767,
        "var": 716427231232
    },
    "spectral_strongpeak": {
        "kurt": 1.00780487061,
        "max": 27.2885608673,
        "mean": 5.73484420776,
        "median": 4.01787424088,
        "min": 0,
        "skew": 1.20123505592,
        "var": 28.8767547607
    },
    "zerocrossingrate": {
        "kurt": 11.9622077942,
        "max": 0.2373046875,
        "mean": 0.186823666096,
        "median": 0.1904296875,
        "min": 0.025390625,
        "skew": -2.80758428574,
        "var": 0.000618454650976
    },
    "barkbands": {
        "kurt": [7.14858531952, 3.11968135834, 7.55363750458, 9.84918308258, 5.08462047577, 13.4544277191, 5.90537071228, -0.889726638794, 2.39171600342, 1.93951416016, 3.85947084427, 1.73213338852, 0.32200717926, 0.301913022995, 0.363882064819, -0.301974534988, -0.376948595047, -1.09629487991, -0.731811523438, -0.867123603821, -1.20688700676, -1.21535933018, 0.167862892151, 20.7960567474, -1.06389093399, -0.502299070358, -0.80276966095],
        "max": [4.41985958943e-09, 8.28224173688e-08, 5.17529542776e-07, 2.36075993598e-06, 1.9362409148e-05, 0.00012104146299, 0.000537071086001, 8.40554275783e-05, 0.000695737893693, 0.000411170884036, 0.000906687229872, 0.000935511663556, 0.00115656538401, 0.00117552897427, 0.00372139806859, 0.00366623653099, 0.00311387027614, 0.00557322753593, 0.00905106030405, 0.010582074523, 0.0070059937425, 0.0024928599596, 0.0013397813309, 0.00517421215773, 0.00300630019046, 2.96835660265e-05, 1.59607466799e-07],
        "mean": [5.81819814549e-10, 1.24972023841e-08, 5.75553720239e-08, 2.51804550544e-07, 2.53643838732e-06, 1.15399361675e-05, 6.83094549458e-05, 2.22101407417e-05, 0.00011459588859, 7.29884050088e-05, 0.000121275043057, 0.000148021237692, 0.000244158465648, 0.000218395929551, 0.000710748368874, 0.000919865444303, 0.000712308567017, 0.00180279812776, 0.0026448648423, 0.00324006774463, 0.00228960672393, 0.000870999530889, 0.000300995277939, 0.000351630762452, 0.000742291216739, 6.64228855385e-06, 4.39089298254e-08],
        "median": [4.13013789835e-10, 7.68378871641e-09, 3.18753166084e-08, 1.44443092154e-07, 1.90794548871e-06, 5.96526570007e-06, 3.64957122656e-05, 1.33848225232e-05, 7.43221535231e-05, 5.52777964913e-05, 8.04177107057e-05, 0.000121712044347, 0.000203948889975, 0.000180949908099, 0.000644816143904, 0.000902119034436, 0.000625219603535, 0.00179743836634, 0.0025287384633, 0.00308287981898, 0.00250541116111, 0.000993654481135, 0.000343871477526, 0.000209081728826, 0.00014447979629, 7.68792961026e-06, 4.96453331778e-08],
        "min": [7.33737029468e-12, 1.38234895752e-10, 8.44451938931e-11, 1.09703655882e-10, 9.45419506571e-11, 5.75193781494e-11, 5.33113969636e-11, 1.2192546972e-10, 1.00212664556e-10, 1.76622501347e-11, 1.76451492306e-11, 4.6027161249e-11, 6.49715697909e-11, 1.81489233364e-11, 5.91725063046e-12, 1.14189768752e-11, 3.20520936181e-11, 4.46722485392e-11, 9.14299677635e-11, 9.91713169918e-11, 1.59914737702e-11, 1.4188833268e-11, 2.98240121835e-12, 1.73213862958e-12, 2.66837593688e-12, 5.81956900204e-13, 7.75297455901e-14],
        "skew": [2.03902697563, 1.74091804028, 2.29070115089, 2.57358169556, 1.88024377823, 3.45399832726, 2.36048650742, 0.636660397053, 1.50457656384, 1.2940582037, 1.62495207787, 1.15641498566, 0.891775369644, 0.861099839211, 0.841163039207, 0.617296338081, 0.68101978302, 0.329740226269, 0.45141762495, 0.433569520712, 0.141500964761, 0.0309414826334, 0.286365360022, 4.10690593719, 0.781159758568, 0.314451962709, 0.401801675558],
        "var": [3.22710195423e-19, 1.82533813423e-16, 4.93516631641e-15, 1.02473957867e-13, 7.25199978194e-12, 3.4353053735e-10, 1.02137081015e-08, 4.95359697705e-10, 1.62143116711e-08, 5.38513500459e-09, 1.84063342346e-08, 2.28535625979e-08, 5.79439216608e-08, 4.68490455319e-08, 4.925221333e-07, 7.18142644018e-07, 4.53934234201e-07, 2.23592678594e-06, 4.56987345387e-06, 7.5870452747e-06, 3.20243771057e-06, 4.29506741284e-07, 4.8788336926e-08, 4.47135022341e-07, 8.3854655486e-07, 2.8550885614e-11, 1.44249880324e-15],
        "cov": [[3.23417900136e-19, 2.30098009726e-18, 7.588937097e-18, 3.75535299713e-17, 3.19906900593e-16, 1.44051650792e-17, 5.70242570069e-15, 3.63223694354e-15, 1.98929685658e-14, 1.17543143255e-14, 1.81277823969e-14, 1.90605011971e-14, 4.03626073265e-14, 3.46164984427e-14, 1.08097070791e-13, 1.1310716903e-13, 1.11114615501e-13, 2.69828593063e-13, 3.8827941513e-13, 4.70622401726e-13, 3.50301303806e-13, 1.3481143285e-13, 2.90111020602e-14, 2.30559352805e-14, 1.43669893148e-13, 9.60452247078e-16, 6.54282162864e-18], [2.30098009726e-18, 1.82934102665e-16, 3.51813996442e-16, 1.31063821973e-15, 1.30172311325e-14, 1.48110114396e-14, 2.76160631906e-13, 1.44479439805e-13, 6.06193535039e-13, 4.606378755e-13, 6.8991161525e-13, 8.40064671472e-13, 1.608562567e-12, 1.37574175142e-12, 4.26920304664e-12, 5.65527139007e-12, 4.6714268738e-12, 1.04957258162e-11, 1.42596724359e-11, 1.96582212314e-11, 1.30516864677e-11, 4.35708630633e-12, 1.2280968343e-12, 1.88718528651e-12, 5.54127316948e-12, 3.75770446118e-14, 2.75300372116e-16], [7.588937097e-18, 3.51813996442e-16, 4.94598927989e-15, 7.96269585099e-15, 3.90733317012e-14, 8.93037610549e-14, 1.74504258699e-12, 7.51429463357e-13, 3.36129409896e-12, 2.21491228136e-12, 3.09886274627e-12, 5.06236805947e-12, 7.47216611502e-12, 6.60039991413e-12, 2.22933598665e-11, 2.9536411511e-11, 2.36460365177e-11, 5.73591729669e-11, 7.14670128632e-11, 9.79668290935e-11, 6.49985551493e-11, 2.51960848019e-11, 6.3628429782e-12, 9.98398932972e-12, 2.86231524593e-11, 1.90692798466e-13, 1.33579192189e-15], [3.75535299713e-17, 1.31063821973e-15, 7.96269585099e-15, 1.02698679096e-13, 3.0987159453e-13, 3.40740619314e-13, 5.39059899149e-12, 3.0569379493e-12, 1.32440074532e-11, 8.23050481935e-12, 1.44891416573e-11, 1.76036910743e-11, 3.22753733462e-11, 2.91739722658e-11, 1.05095612768e-10, 1.20225301936e-10, 9.25060930634e-11, 2.38944281028e-10, 3.28310240105e-10, 4.40129738211e-10, 2.63808169754e-10, 1.08296628609e-10, 2.73605461204e-11, 3.06687800156e-11, 1.20862500563e-10, 7.73564589121e-13, 5.76592225503e-15], [3.19906900593e-16, 1.30172311325e-14, 3.90733317012e-14, 3.0987159453e-13, 7.26790329308e-12, 1.39432530192e-12, 4.2042775511e-11, 2.10672920081e-11, 1.07189791765e-10, 5.97162597149e-11, 1.00131167247e-10, 1.31843064244e-10, 2.28001256763e-10, 1.87091966919e-10, 7.13884118486e-10, 8.52999948453e-10, 6.33444741105e-10, 1.51570511697e-09, 2.28878405117e-09, 3.42734307601e-09, 2.08579775673e-09, 7.75386144181e-10, 2.13852269226e-10, 1.81159726109e-10, 9.55741263908e-10, 5.90650835533e-12, 4.5759196535e-14], [1.44051650792e-17, 1.48110114396e-14, 8.93037610549e-14, 3.40740619314e-13, 1.39432530192e-12, 3.44283879183e-10, 4.85461081057e-11, 1.55755425918e-11, 6.12165942937e-11, 1.51468254606e-10, 2.51822118713e-10, 2.54891663332e-10, 3.46050632594e-10, 2.94629098896e-10, 6.67520927422e-10, 8.6595286497e-10, 6.8292965727e-10, 2.05629002714e-09, 2.65528266041e-09, 4.07771238997e-09, 2.91818502696e-09, 1.1809089262e-09, 1.87981452626e-09, 3.10712205964e-10, -2.52098120157e-10, 1.37524965374e-11, 3.82875053548e-14], [5.70242570069e-15, 2.76160631906e-13, 1.74504258699e-12, 5.39059899149e-12, 4.2042775511e-11, 4.85461081057e-11, 1.02361061849e-08, 6.1458171885e-10, 6.01819660773e-09, 1.95031835126e-09, 6.44325837129e-09, 5.59637003406e-09, 9.81670122968e-09, 6.81135992053e-09, 3.29641807184e-08, 2.82811942753e-08, 2.66500777002e-08, 5.77493217691e-08, 6.64655388505e-08, 7.16175492244e-08, 7.51001678623e-08, 2.77949645522e-08, 8.43698977349e-09, 4.14853040809e-08, -6.66531407845e-09, 2.27941804321e-10, 1.46810341661e-12], [3.63223694354e-15, 1.44479439805e-13, 7.51429463357e-13, 3.0569379493e-12, 2.10672920081e-11, 1.55755425918e-11, 6.1458171885e-10, 4.96445995424e-10, 1.60108382108e-09, 9.67635083171e-10, 1.9383916694e-09, 2.0829307168e-09, 3.32563798722e-09, 3.46349371405e-09, 1.09034203888e-08, 1.32983251078e-08, 1.15378275822e-08, 2.52183429694e-08, 3.5624044159e-08, 4.47730386099e-08, 3.15186561295e-08, 1.12162670263e-08, 2.79952661053e-09, 6.03490679651e-09, 1.35579369953e-08, 8.18106693501e-11, 6.24535742132e-13], [1.98929685658e-14, 6.06193535039e-13, 3.36129409896e-12, 1.32440074532e-11, 1.07189791765e-10, 6.12165942937e-11, 6.01819660773e-09, 1.60108382108e-09, 1.62498690059e-08, 4.82750106556e-09, 7.69925723176e-09, 9.70749436391e-09, 1.73497802791e-08, 1.59948019274e-08, 5.27636885295e-08, 6.52366125564e-08, 4.92837735067e-08, 1.12614628733e-07, 1.63281796972e-07, 1.99847846716e-07, 1.44092766163e-07, 5.32677297826e-08, 1.44292569004e-08, 2.89570873946e-08, 5.35896163001e-08, 3.95701554856e-10, 2.9547495093e-12], [1.17543143255e-14, 4.606378755e-13, 2.21491228136e-12, 8.23050481935e-12, 5.97162597149e-11, 1.51468254606e-10, 1.95031835126e-09, 9.67635083171e-10, 4.82750106556e-09, 5.39694466895e-09, 5.26947463442e-09, 6.57231069567e-09, 9.82147696504e-09, 9.49855039067e-09, 2.91224786508e-08, 3.88464478362e-08, 2.97837168262e-08, 6.60835439703e-08, 1.01530126528e-07, 1.36211156132e-07, 8.63078639668e-08, 3.15716839339e-08, 9.06412900292e-09, 1.10921893892e-08, 4.01613178269e-08, 2.61895033438e-10, 1.83042925435e-12], [1.81277823969e-14, 6.8991161525e-13, 3.09886274627e-12, 1.44891416573e-11, 1.00131167247e-10, 2.51822118713e-10, 6.44325837129e-09, 1.9383916694e-09, 7.69925723176e-09, 5.26947463442e-09, 1.8446698391e-08, 1.12684626075e-08, 1.7517812978e-08, 1.79255295052e-08, 5.9161244792e-08, 6.15904127699e-08, 5.70773579511e-08, 1.13821045034e-07, 1.81165020763e-07, 2.06959157367e-07, 1.5722774549e-07, 5.4950554329e-08, 1.58209676471e-08, 4.0783994848e-08, 4.88663332021e-08, 4.51381210187e-10, 3.13818198858e-12], [1.90605011971e-14, 8.40064671472e-13, 5.06236805947e-12, 1.76036910743e-11, 1.31843064244e-10, 2.54891663332e-10, 5.59637003406e-09, 2.0829307168e-09, 9.70749436391e-09, 6.57231069567e-09, 1.12684626075e-08, 2.29036789534e-08, 2.1682437179e-08, 2.01481604734e-08, 6.94178865501e-08, 7.96472576781e-08, 6.6354616024e-08, 1.56795849193e-07, 2.00828083052e-07, 2.85477568696e-07, 1.99774106591e-07, 6.87952947942e-08, 1.88783637611e-08, 3.16157269253e-08, 8.23293930807e-08, 5.4925425319e-10, 3.9841138201e-12], [4.03626073265e-14, 1.608562567e-12, 7.47216611502e-12, 3.22753733462e-11, 2.28001256763e-10, 3.46050632594e-10, 9.81670122968e-09, 3.32563798722e-09, 1.73497802791e-08, 9.82147696504e-09, 1.7517812978e-08, 2.1682437179e-08, 5.80709951237e-08, 3.31771872197e-08, 1.05131682915e-07, 1.34029619403e-07, 1.01364499017e-07, 2.61987423755e-07, 3.38557867963e-07, 4.58967321038e-07, 3.16043525572e-07, 1.12181574252e-07, 3.19062003484e-08, 4.63737350742e-08, 1.36962569286e-07, 8.8529300557e-10, 6.48386986463e-12], [3.46164984427e-14, 1.37574175142e-12, 6.60039991413e-12, 2.91739722658e-11, 1.87091966919e-10, 2.94629098896e-10, 6.81135992053e-09, 3.46349371405e-09, 1.59948019274e-08, 9.49855039067e-09, 1.79255295052e-08, 2.01481604734e-08, 3.31771872197e-08, 4.69517864587e-08, 1.03616528691e-07, 1.31791964009e-07, 9.86217472132e-08, 2.29148568565e-07, 3.3332781868e-07, 4.43653505044e-07, 2.96549814038e-07, 1.03922161543e-07, 2.70441695704e-08, 4.52385862104e-08, 1.31576030071e-07, 8.4959361768e-10, 6.14287527095e-12], [1.08097070791e-13, 4.26920304664e-12, 2.22933598665e-11, 1.05095612768e-10, 7.13884118486e-10, 6.67520927422e-10, 3.29641807184e-08, 1.09034203888e-08, 5.27636885295e-08, 2.91224786508e-08, 5.9161244792e-08, 6.94178865501e-08, 1.05131682915e-07, 1.03616528691e-07, 4.93602215101e-07, 4.24109515507e-07, 3.330052607e-07, 7.60308068948e-07, 1.08194603854e-06, 1.38072982736e-06, 9.65986828305e-07, 3.52742347332e-07, 9.39361797236e-08, 1.85635613548e-07, 3.55718128731e-07, 2.65914779085e-09, 1.96252424034e-11], [1.1310716903e-13, 5.65527139007e-12, 2.9536411511e-11, 1.20225301936e-10, 8.52999948453e-10, 8.6595286497e-10, 2.82811942753e-08, 1.32983251078e-08, 6.52366125564e-08, 3.88464478362e-08, 6.15904127699e-08, 7.96472576781e-08, 1.34029619403e-07, 1.31791964009e-07, 4.24109515507e-07, 7.19717490938e-07, 4.01125191729e-07, 9.72154339252e-07, 1.35658842737e-06, 1.82676126315e-06, 1.18482012113e-06, 4.33527134192e-07, 1.15493598685e-07, 1.61058338222e-07, 5.24405606939e-07, 3.49556183998e-09, 2.52383860339e-11], [1.11114615501e-13, 4.6714268738e-12, 2.36460365177e-11, 9.25060930634e-11, 6.33444741105e-10, 6.8292965727e-10, 2.66500777002e-08, 1.15378275822e-08, 4.92837735067e-08, 2.97837168262e-08, 5.70773579511e-08, 6.6354616024e-08, 1.01364499017e-07, 9.86217472132e-08, 3.330052607e-07, 4.01125191729e-07, 4.54929704574e-07, 7.72697717366e-07, 1.08124993403e-06, 1.31762908495e-06, 9.6837129604e-07, 3.41328870945e-07, 8.97189451621e-08, 2.06290181382e-07, 3.65353230336e-07, 2.69440625367e-09, 1.97024601495e-11], [2.69828593063e-13, 1.04957258162e-11, 5.73591729669e-11, 2.38944281028e-10, 1.51570511697e-09, 2.05629002714e-09, 5.77493217691e-08, 2.52183429694e-08, 1.12614628733e-07, 6.60835439703e-08, 1.13821045034e-07, 1.56795849193e-07, 2.61987423755e-07, 2.29148568565e-07, 7.60308068948e-07, 9.72154339252e-07, 7.72697717366e-07, 2.24083009925e-06, 2.46907143264e-06, 3.30337138621e-06, 2.21444224735e-06, 8.14419024664e-07, 2.08358045484e-07, 3.52197957909e-07, 9.54563461164e-07, 6.24475582356e-09, 4.39606961944e-11], [3.8827941513e-13, 1.42596724359e-11, 7.14670128632e-11, 3.28310240105e-10, 2.28878405117e-09, 2.65528266041e-09, 6.64655388505e-08, 3.5624044159e-08, 1.63281796972e-07, 1.01530126528e-07, 1.81165020763e-07, 2.00828083052e-07, 3.38557867963e-07, 3.3332781868e-07, 1.08194603854e-06, 1.35658842737e-06, 1.08124993403e-06, 2.46907143264e-06, 4.57989517599e-06, 4.65331550004e-06, 3.08450057673e-06, 1.12543671094e-06, 3.04225807213e-07, 4.40615821162e-07, 1.34938989049e-06, 8.56874926569e-09, 6.28480045783e-11], [4.70622401726e-13, 1.96582212314e-11, 9.79668290935e-11, 4.40129738211e-10, 3.42734307601e-09, 4.07771238997e-09, 7.16175492244e-08, 4.47730386099e-08, 1.99847846716e-07, 1.36211156132e-07, 2.06959157367e-07, 2.85477568696e-07, 4.58967321038e-07, 4.43653505044e-07, 1.38072982736e-06, 1.82676126315e-06, 1.31762908495e-06, 3.30337138621e-06, 4.65331550004e-06, 7.60368357078e-06, 3.95699180444e-06, 1.43030661093e-06, 3.94523738123e-07, 4.05337090115e-07, 1.94217295757e-06, 1.14122729045e-08, 8.52477324842e-11], [3.50301303806e-13, 1.30516864677e-11, 6.49985551493e-11, 2.63808169754e-10, 2.08579775673e-09, 2.91818502696e-09, 7.51001678623e-08, 3.15186561295e-08, 1.44092766163e-07, 8.63078639668e-08, 1.5722774549e-07, 1.99774106591e-07, 3.16043525572e-07, 2.96549814038e-07, 9.65986828305e-07, 1.18482012113e-06, 9.6837129604e-07, 2.21444224735e-06, 3.08450057673e-06, 3.95699180444e-06, 3.20946060128e-06, 9.99932126433e-07, 2.73952792895e-07, 4.79515506413e-07, 1.10736289116e-06, 7.79044828647e-09, 5.67375139926e-11], [1.3481143285e-13, 4.35708630633e-12, 2.51960848019e-11, 1.08296628609e-10, 7.75386144181e-10, 1.1809089262e-09, 2.77949645522e-08, 1.12162670263e-08, 5.32677297826e-08, 3.15716839339e-08, 5.4950554329e-08, 6.87952947942e-08, 1.12181574252e-07, 1.03922161543e-07, 3.52742347332e-07, 4.33527134192e-07, 3.41328870945e-07, 8.14419024664e-07, 1.12543671094e-06, 1.43030661093e-06, 9.99932126433e-07, 4.30448665156e-07, 1.00629705457e-07, 1.66815325997e-07, 4.00261114919e-07, 2.84503398618e-09, 1.98443119576e-11], [2.90111020602e-14, 1.2280968343e-12, 6.3628429782e-12, 2.73605461204e-11, 2.13852269226e-10, 1.87981452626e-09, 8.43698977349e-09, 2.79952661053e-09, 1.44292569004e-08, 9.06412900292e-09, 1.58209676471e-08, 1.88783637611e-08, 3.19062003484e-08, 2.70441695704e-08, 9.39361797236e-08, 1.15493598685e-07, 8.97189451621e-08, 2.08358045484e-07, 3.04225807213e-07, 3.94523738123e-07, 2.73952792895e-07, 1.00629705457e-07, 4.88953304512e-08, 4.04177207258e-08, 9.67548530184e-08, 8.78075390176e-10, 5.78597543141e-12], [2.30559352805e-14, 1.88718528651e-12, 9.98398932972e-12, 3.06687800156e-11, 1.81159726109e-10, 3.10712205964e-10, 4.14853040809e-08, 6.03490679651e-09, 2.89570873946e-08, 1.10921893892e-08, 4.0783994848e-08, 3.16157269253e-08, 4.63737350742e-08, 4.52385862104e-08, 1.85635613548e-07, 1.61058338222e-07, 2.06290181382e-07, 3.52197957909e-07, 4.40615821162e-07, 4.05337090115e-07, 4.79515506413e-07, 1.66815325997e-07, 4.04177207258e-08, 4.48115571317e-07, -3.4456835607e-08, 9.91673188011e-10, 7.27925185406e-12], [1.43669893148e-13, 5.54127316948e-12, 2.86231524593e-11, 1.20862500563e-10, 9.55741263908e-10, -2.52098120157e-10, -6.66531407845e-09, 1.35579369953e-08, 5.35896163001e-08, 4.01613178269e-08, 4.88663332021e-08, 8.23293930807e-08, 1.36962569286e-07, 1.31576030071e-07, 3.55718128731e-07, 5.24405606939e-07, 3.65353230336e-07, 9.54563461164e-07, 1.34938989049e-06, 1.94217295757e-06, 1.10736289116e-06, 4.00261114919e-07, 9.67548530184e-08, -3.4456835607e-08, 8.40385496303e-07, 3.2197378097e-09, 2.41725389705e-11], [9.60452247078e-16, 3.75770446118e-14, 1.90692798466e-13, 7.73564589121e-13, 5.90650835533e-12, 1.37524965374e-11, 2.27941804321e-10, 8.18106693501e-11, 3.95701554856e-10, 2.61895033438e-10, 4.51381210187e-10, 5.4925425319e-10, 8.8529300557e-10, 8.4959361768e-10, 2.65914779085e-09, 3.49556183998e-09, 2.69440625367e-09, 6.24475582356e-09, 8.56874926569e-09, 1.14122729045e-08, 7.79044828647e-09, 2.84503398618e-09, 8.78075390176e-10, 9.91673188011e-10, 3.2197378097e-09, 2.86134969885e-11, 1.78578370624e-13], [6.54282162864e-18, 2.75300372116e-16, 1.33579192189e-15, 5.76592225503e-15, 4.5759196535e-14, 3.82875053548e-14, 1.46810341661e-12, 6.24535742132e-13, 2.9547495093e-12, 1.83042925435e-12, 3.13818198858e-12, 3.9841138201e-12, 6.48386986463e-12, 6.14287527095e-12, 1.96252424034e-11, 2.52383860339e-11, 1.97024601495e-11, 4.39606961944e-11, 6.28480045783e-11, 8.52477324842e-11, 5.67375139926e-11, 1.98443119576e-11, 5.78597543141e-12, 7.27925185406e-12, 2.41725389705e-11, 1.78578370624e-13, 1.44566225954e-15]]
    },
    "mfcc": {
        "kurt": [1.50056171417, 5.14401245117, 10.3768730164, -0.599664449692, 4.5757894516, 1.74203443527, 0.785074710846, 0.656668663025, 0.445471763611, -0.315749406815, -0.29674243927, -0.487854480743, 0.174264907837],
        "max": [-597.070861816, 18.0165519714, 9.62319946289, 51.9544067383, 7.16213989258, 2.10514068604, 32.4125442505, 37.5640716553, 29.1410255432, 5.34074020386, 9.036277771, 13.9198741913, 10.5109386444],
        "mean": [-710.703308105, -52.9873733521, -87.6359558105, 0.451492607594, -39.7312545776, -26.6576747894, -9.35885620117, -13.2627696991, -3.9873752594, -9.98780441284, -6.6426897049, -11.0470790863, -2.8031539917],
        "median": [-624.823974609, -56.2582092285, -93.2450408936, -7.47062110901, -40.2287864685, -28.001039505, -10.2868404388, -20.2360248566, -3.87097167969, -9.68825721741, -6.17597389221, -11.73021698, -2.27493476868],
        "min": [-1138.42004395, -78.6965484619, -114.564117432, -29.8869533539, -67.51612854, -44.9185943604, -35.4905090332, -37.0413322449, -29.5196723938, -24.9337940216, -29.8068084717, -27.8807468414, -20.1379108429],
        "skew": [-1.54832291603, 2.19010090828, 3.11444544792, 0.807336628437, 1.66468691826, 1.098559618, 0.751493215561, 1.26003229618, 0.268700271845, 0.00156803568825, -0.324806958437, 0.21118105948, -0.396401077509],
        "var": [20379.3828125, 256.24041748, 426.097808838, 362.227783203, 131.657394409, 74.4276275635, 134.773910522, 292.992614746, 99.5892715454, 33.8889389038, 41.772403717, 55.5544395447, 26.3020954132],
        "cov": [[20424.0742188, -1522.42810059, -2220.96801758, -1864.0715332, -755.94744873, -874.41394043, -1050.1036377, -2056.12475586, -562.980285645, -225.409408569, 260.581451416, 157.815948486, 60.3384361267], [-1522.42810059, 256.802368164, 262.39831543, 30.7941761017, 96.2141952515, 78.8613586426, 42.2324333191, 92.9455032349, 13.2037124634, 27.8348007202, -6.54750967026, 19.2484054565, -2.51343369484], [-2220.96801758, 262.39831543, 427.03225708, 120.116691589, 140.731292725, 113.895004272, 55.7617835999, 124.783081055, 4.69137954712, 25.1743240356, -1.191188097, 7.41100215912, -10.3290948868], [-1864.0715332, 30.7941761017, 120.116691589, 363.022125244, -9.29066944122, 64.815788269, 107.985671997, 262.197509766, 41.5191192627, -5.90654230118, -58.1520881653, -69.4748153687, -23.5940856934], [-755.94744873, 96.2141952515, 140.731292725, -9.29066944122, 131.946105957, 45.5706825256, 48.0112228394, 29.3946666718, 41.203792572, 18.8791294098, 13.0217723846, 22.7396373749, 10.0207939148], [-874.41394043, 78.8613586426, 113.895004272, 64.815788269, 45.5706825256, 74.5908432007, 41.7831039429, 75.6631088257, 11.5069408417, 10.2709388733, -10.6399555206, -7.82400465012, 0.980276226997], [-1050.1036377, 42.2324333191, 55.7617835999, 107.985671997, 48.0112228394, 41.7831039429, 135.069473267, 148.186065674, 81.0502243042, 10.4748945236, -10.6996860504, -21.7531337738, 0.986897587776], [-2056.12475586, 92.9455032349, 124.783081055, 262.197509766, 29.3946666718, 75.6631088257, 148.186065674, 293.635131836, 93.7323760986, 19.4326934814, -44.8552589417, -37.6841049194, -6.07262706757], [-562.980285645, 13.2037124634, 4.69137954712, 41.5191192627, 41.203792572, 11.5069408417, 81.0502243042, 93.7323760986, 99.8076705933, 21.7931594849, 2.47138953209, -4.17701864243, 4.59526252747], [-225.409408569, 27.8348007202, 25.1743240356, -5.90654230118, 18.8791294098, 10.2709388733, 10.4748945236, 19.4326934814, 21.7931594849, 33.9632568359, 11.5658149719, 10.8953046799, 2.96024155617], [260.581451416, -6.54750967026, -1.191188097, -58.1520881653, 13.0217723846, -10.6399555206, -10.6996860504, -44.8552589417, 2.47138953209, 11.5658149719, 41.8640098572, 16.7100009918, 0.229971110821], [157.815948486, 19.2484054565, 7.41100215912, -69.4748153687, 22.7396373749, -7.82400465012, -21.7531337738, -37.6841049194, -4.17701864243, 10.8953046799, 16.7100009918, 55.6762695312, 12.5405960083], [60.3384361267, -2.51343369484, -10.3290948868, -23.5940856934, 10.0207939148, 0.980276226997, 0.986897587776, -6.07262706757, 4.59526252747, 2.96024155617, 0.229971110821, 12.5405960083, 26.3597755432]]
    },
    "sccoeffs": {
        "kurt": [0.0377042293549, -0.788260698318, -0.271502017975, 0.870207071304, 2.65133714676, 3.97361040115],
        "max": [-0.559477448463, -0.610936522484, -0.722518622875, -0.679779291153, -0.691480576992, -0.690872848034],
        "mean": [-0.723139047623, -0.790614128113, -0.821146428585, -0.798399925232, -0.780318796635, -0.743093371391],
        "median": [-0.70831233263, -0.785602509975, -0.819798350334, -0.792292892933, -0.774236917496, -0.733818590641],
        "min": [-0.930011749268, -0.949488759041, -0.935306608677, -0.926900625229, -0.926688909531, -0.908235192299],
        "skew": [-0.769509732723, 0.0228536985815, -0.181514188647, -0.587576627731, -1.38593232632, -1.84498667717],
        "var": [0.00569681636989, 0.00455883145332, 0.00152927380987, 0.00154942751396, 0.00146981084254, 0.00137594738044],
        "cov": [[0.00570930913091, 0.00227389414795, 0.00106081459671, 0.00124547118321, 0.00181462743785, 0.00194844754878], [0.00227389414795, 0.0045688287355, 0.00104297196958, 0.00118114275392, 0.000932638242375, 0.00139508780558], [0.00106081459671, 0.00104297196958, 0.00153262738604, 0.000676129420754, 0.000612853269558, 0.000730860221665], [0.00124547118321, 0.00118114275392, 0.000676129420754, 0.00155282544438, 0.000796114851255, 0.000947958789766], [0.00181462743785, 0.000932638242375, 0.000612853269558, 0.000796114851255, 0.00147303414997, 0.00111624505371], [0.00194844754878, 0.00139508780558, 0.000730860221665, 0.000947958789766, 0.00111624505371, 0.00137896486558]]
    },
    "scvalleys": {
        "kurt": [-0.130558252335, 1.42503786087, 4.02072811127, 2.23769330978, 6.7777223587, 6.34126281738],
        "max": [-9.29223632812, -6.49105739594, -5.53471279144, -5.31626796722, -5.09085321426, -6.85411310196],
        "mean": [-10.5323810577, -8.08411693573, -7.12250852585, -6.94503593445, -6.34055423737, -8.02641201019],
        "median": [-10.4351968765, -7.43110799789, -6.46096467972, -5.94825029373, -5.58442544937, -7.17451381683],
        "min": [-12.7615451813, -12.9082565308, -13.7326955795, -14.6594743729, -14.0940074921, -16.0776462555],
        "skew": [-0.644409775734, -1.5713801384, -1.92077326775, -1.62929999828, -2.48227381706, -2.48223590851],
        "var": [0.412273228168, 2.14070653915, 2.15588307381, 3.31529211998, 2.51013016701, 2.9184820652],
        "cov": [[0.41317731142, 0.7263007164, 0.707255721092, 0.921981751919, 0.7293369174, 0.7874147892], [0.7263007164, 2.14540100098, 2.00795435905, 2.55061507225, 2.13749718666, 2.34304404259], [0.707255721092, 2.00795435905, 2.16061091423, 2.61972951889, 2.26456284523, 2.43483924866], [0.921981751919, 2.55061507225, 2.61972951889, 3.32256245613, 2.79531168938, 3.0140273571], [0.7293369174, 2.13749718666, 2.26456284523, 2.79531168938, 2.51563501358, 2.68988060951], [0.7874147892, 2.34304404259, 2.43483924866, 3.0140273571, 2.68988060951, 2.92488241196]]
    }
},
"rhythm": {
    "beats_loudness": {
        "kurt": -1.64421010017,
        "max": 0.0294372290373,
        "mean": 0.0158310290426,
        "median": 0.0177440792322,
        "min": 3.30725270032e-05,
        "skew": -0.217546954751,
        "var": 0.000128933403175
    },
    "bpm": 84.5320968628,
    "confidence": 1.70618379116,
    "first_peak_bpm": {
        "kurt": 0,
        "max": 85,
        "mean": 85,
        "median": 85,
        "min": 85,
        "skew": 0,
        "var": 0
    },
    "first_peak_spread": {
        "kurt": 0,
        "max": 0.285714328289,
        "mean": 0.285714328289,
        "median": 0.285714328289,
        "min": 0.285714328289,
        "skew": 0,
        "var": 0
    },
    "first_peak_weight": {
        "kurt": 0,
        "max": 0.357142865658,
        "mean": 0.357142865658,
        "median": 0.357142865658,
        "min": 0.357142865658,
        "skew": 0,
        "var": 0
    },
    "onset_rate": 0.189038351178,
    "second_peak_bpm": {
        "kurt": 0,
        "max": 96,
        "mean": 96,
        "median": 96,
        "min": 96,
        "skew": 0,
        "var": 0
    },
    "second_peak_spread": {
        "kurt": 0,
        "max": 0.428571403027,
        "mean": 0.428571403027,
        "median": 0.428571403027,
        "min": 0.428571403027,
        "skew": 0,
        "var": 0
    },
    "second_peak_weight": {
        "kurt": 0,
        "max": 0.285714298487,
        "mean": 0.285714298487,
        "median": 0.285714298487,
        "min": 0.285714298487,
        "skew": 0,
        "var": 0
    },
    "beats_loudness_band_ratio": {
        "kurt": [8.19917678833, 8.59618186951, 1.69953870773, 5.04944229126, 0.584228515625, 1.16626739502],
        "max": [0.000278341234662, 0.00997746549547, 0.0535543970764, 0.174606308341, 0.342570215464, 0.87118858099],
        "mean": [4.86597018607e-05, 0.00140645669308, 0.0162257030606, 0.0465640611947, 0.255226105452, 0.687121212482],
        "median": [2.91101514449e-05, 0.000637932913378, 0.0119454385713, 0.0388261303306, 0.277469605207, 0.671748459339],
        "min": [8.92899970495e-06, 0.00030187133234, 0.00256154965609, 0.00624477863312, 0.103481270373, 0.544807910919],
        "skew": [3.03959226608, 3.15665030479, 1.50461018085, 2.23672628403, -1.13845849037, 1.01630473137],
        "var": [4.07688727222e-09, 5.57525845579e-06, 0.000178591275471, 0.00151201768313, 0.00377467251383, 0.00596556905657],
        "cov": [[4.36809344251e-09, -2.76131650878e-08, 1.34315513378e-07, 2.22689823204e-06, 4.9075242714e-07, -2.50087055065e-06], [-2.76131650878e-08, 5.97349117015e-06, -4.09150743508e-06, -1.45642316056e-05, -3.46618398908e-05, 4.76144305139e-05], [1.34315513378e-07, -4.09150743508e-06, 0.000191347789951, 0.000255270046182, -0.000210328566027, -0.000216093540075], [2.22689823204e-06, -1.45642316056e-05, 0.000255270046182, 0.00162001897115, 0.000550123979338, -0.00222168653272], [4.9075242714e-07, -3.46618398908e-05, -0.000210328566027, 0.000550123979338, 0.00404429202899, -0.00425710109994], [-2.50087055065e-06, 4.76144305139e-05, -0.000216093540075, -0.00222168653272, -0.00425710109994, 0.00639168126509]]
    },
    "beats_position": [0.708208620548, 1.42802715302, 2.14784574509, 2.85605430603, 3.56426286697, 4.27247142792, 4.96907043457, 5.67727899551, 6.30421733856, 6.94276618958, 7.56970500946, 8.18503379822, 8.80036258698, 9.42730140686, 10.0542402267],
    "bpm_estimates": [83.3543395996, 83.3543319702, 84.7208023071, 84.7208023071, 84.7208023071, 86.1327667236, 84.7208023071],
    "bpm_intervals": [0.719818532467, 0.719818592072, 0.708208560944, 0.708208560944, 0.708208560944, 0.696599006653, 0.708208560944, 0.626938343048, 0.638548851013, 0.626938819885, 0.615328788757, 0.615328788757, 0.626938819885, 0.626938819885],
    "onset_times": [0.116099774837, 0.255419492722],
    "histogram": [[0, 0, 0, 0, 0, 0, 0, 0, 0, 0, 0, 0, 0, 0, 0, 0, 0, 0, 0, 0, 0, 0, 0, 0, 0, 0, 0, 0, 0, 0, 0, 0, 0, 0, 0, 0, 0, 0, 0, 0, 0, 0, 0, 0, 0, 0, 0, 0, 0, 0, 0, 0, 0, 0, 0, 0, 0, 0, 0, 0, 0, 0, 0, 0, 0, 0, 0, 0, 0, 0, 0, 0, 0, 0, 0, 0, 0, 0, 0, 0, 0, 0, 0, 0.142857149243, 0, 0.285714298487, 0.0714285746217, 0, 0, 0, 0, 0, 0, 0, 0.0714285746217, 0, 0.285714298487, 0, 0.142857149243, 0, 0, 0, 0, 0, 0, 0, 0, 0, 0, 0, 0, 0, 0, 0, 0, 0, 0, 0, 0, 0, 0, 0, 0, 0, 0, 0, 0, 0, 0, 0, 0, 0, 0, 0, 0, 0, 0, 0, 0, 0, 0, 0, 0, 0, 0, 0, 0, 0, 0, 0, 0, 0, 0, 0, 0, 0, 0, 0, 0, 0, 0, 0, 0, 0, 0, 0, 0, 0, 0, 0, 0, 0, 0, 0, 0, 0, 0, 0, 0, 0, 0, 0, 0, 0, 0, 0, 0, 0, 0, 0, 0, 0, 0, 0, 0, 0, 0, 0, 0, 0, 0, 0, 0, 0, 0, 0, 0, 0, 0, 0, 0, 0, 0, 0, 0, 0, 0, 0, 0, 0, 0, 0, 0, 0, 0, 0, 0, 0, 0, 0, 0, 0, 0, 0, 0, 0, 0, 0, 0, 0, 0, 0, 0, 0, 0, 0, 0, 0, 0, 0]]
},
"sfx": {
    "inharmonicity": {
        "kurt": 6.26337909698,
        "max": 0.347794532776,
        "mean": 0.0281779337674,
        "median": 0,
        "min": 0,
        "skew": 2.67520594597,
        "var": 0.00488836644217
    },
    "oddtoevenharmonicenergyratio": {
        "kurt": 21.5676002502,
        "max": 10.2453985214,
        "mean": 0.441296011209,
        "median": 0,
        "min": 0,
        "skew": 4.41834783554,
        "var": 1.91304850578
    },
    "pitch_after_max_to_before_max_energy_ratio": 0.355021476746,
    "pitch_centroid": 226.830581665,
    "pitch_max_to_total": 0.702407002449,
    "pitch_min_to_total": 0.0787746161222,
    "tristimulus": {
        "kurt": [0.200841665268, 9.81787776947, 2.76381731033],
        "max": [1, 0.988755762577, 1],
        "mean": [0.803606450558, 0.0728574693203, 0.123536147177],
        "median": [1, 0, 0],
        "min": [0, 0, 0],
        "skew": [-1.46813666821, 3.28003048897, 2.12895059586],
        "var": [0.1473262012, 0.0440970696509, 0.0876238495111],
        "cov": [[0.147649273276, -0.0520137101412, -0.0956354811788], [-0.0520137101412, 0.0441937744617, 0.00781975034624], [-0.0956354811788, 0.00781975034624, 0.0878160074353]]
    }
},
"tonal": {
    "chords_changes_rate": 0.196506544948,
    "chords_number_rate": 0.0480349361897,
    "chords_strength": {
        "kurt": -0.740574121475,
        "max": 0.58815908432,
        "mean": 0.4019536376,
        "median": 0.38562387228,
        "min": 0.264056712389,
        "skew": 0.553615689278,
        "var": 0.00763540109619
    },
    "key_strength": 0.273870497942,
    "tuning_diatonic_strength": 0.386158108711,
    "tuning_equal_tempered_deviation": 0.182722091675,
    "tuning_frequency": 437.971466064,
    "tuning_nontempered_energy_ratio": 0.816139817238,
    "hpcp": {
        "kurt": [-0.981861352921, -0.821214437485, -0.22501039505, -0.29647064209, 0.0766479969025, -0.486644029617, -1.29126143456, -0.850653886795, 0.151718854904, 0.323816776276, 0.330313682556, 0.968094110489, 1.79968357086, 1.09396696091, 0.807392120361, 1.48684167862, 1.58141040802, 1.97644853592, 1.99248075485, 0.188679456711, 0.501421689987, 7.97889137268, 9.42223930359, 3.30811738968, 1.9908323288, 1.60105371475, 0.885757923126, 1.1082277298, 0.146090745926, 0.680461406708, 1.61693000793, 3.39473342896, 1.76321411133, 1.64345598221, 1.2598657608, -0.0621597766876],
        "max": [1, 1, 1, 1, 1, 1, 1, 1, 1, 1, 1, 1, 1, 1, 1, 1, 1, 1, 0.956808388233, 0.575817346573, 0.425518423319, 0.809119045734, 0.928171634674, 0.953325092793, 1, 0.836581528187, 0.795045912266, 1, 1, 1, 1, 1, 1, 1, 1, 1],
        "mean": [0.56574767828, 0.546829044819, 0.455917596817, 0.436526238918, 0.402100652456, 0.519874215126, 0.675432741642, 0.572784364223, 0.405997365713, 0.367505848408, 0.380689054728, 0.36708265543, 0.32412019372, 0.322170704603, 0.350119888783, 0.35390150547, 0.325298517942, 0.324978381395, 0.314436197281, 0.210205182433, 0.136701077223, 0.144024640322, 0.163923993707, 0.216265872121, 0.264151573181, 0.25785523653, 0.254135429859, 0.314026743174, 0.382984369993, 0.365400224924, 0.295532524586, 0.26021322608, 0.288671642542, 0.332428067923, 0.354562193155, 0.428450495005],
