{
"metadata": {
    "version": {
        "essentia": "2.1-beta3"
    }
},
"lowLevel": {
    "average_loudness": 0.93636906147,
    "barkbands_kurtosis": {
        "kurt": 0.844121456146,
        "max": 17.8112468719,
        "mean": 5.74384069443,
        "median": 6.78878831863,
        "min": -1.65215480328,
        "skew": -0.736531078815,
        "var": 9.22896575928
    },
    "barkbands_skewness": {
        "kurt": 5.33932971954,
        "max": 3.73809909821,
        "mean": -1.32481026649,
        "median": -1.59601986408,
        "min": -2.54576683044,
        "skew": 2.30148243904,
        "var": 1.0557718277
    },
    "barkbands_spread": {
        "kurt": 3.85710906982,
        "max": 53.1757011414,
        "mean": 12.8228721619,
        "median": 9.6632270813,
        "min": 2.85569000244,
        "skew": 2.00720596313,
        "var": 71.9160232544
    },
    "dissonance": {
        "kurt": 36.4215507507,
        "max": 0.499693840742,
        "mean": 0.492373973131,
        "median": 0.495156675577,
        "min": 0.390994697809,
        "skew": -4.9184422493,
        "var": 0.000101937184809
    },
    "hfc": {
        "kurt": 0.930367469788,
        "max": 226.451843262,
        "mean": 54.2320976257,
        "median": 58.4089202881,
        "min": 8.42729530603e-09,
        "skew": 0.0368326716125,
        "var": 1096.55273438
    },
    "pitch": {
        "kurt": -1.80062866211,
        "max": 3879.04125977,
        "mean": 1642.03051758,
        "median": 923.314575195,
        "min": 47.4314346313,
        "skew": 0.101051740348,
        "var": 1250544.5
    },
    "pitch_instantaneous_confidence": {
        "kurt": 2.35435819626,
        "max": 0.704730987549,
        "mean": 0.538781523705,
        "median": 0.577645778656,
        "min": 0.10907047987,
        "skew": -1.65121924877,
        "var": 0.0143120074645
    },
    "pitch_salience": {
        "kurt": 1.25792837143,
        "max": 0.864401459694,
        "mean": 0.613720238209,
        "median": 0.606789946556,
        "min": 0.368933975697,
        "skew": 0.441376149654,
        "var": 0.0045650023967
    },
    "silence_rate_20dB": {
        "kurt": 0,
        "max": 1,
        "mean": 1,
        "median": 1,
        "min": 1,
        "skew": 0,
        "var": 0
    },
    "silence_rate_30dB": {
        "kurt": 0,
        "max": 1,
        "mean": 1,
        "median": 1,
        "min": 1,
        "skew": 0,
        "var": 0
    },
    "silence_rate_60dB": {
        "kurt": 0.921444892883,
        "max": 1,
        "mean": 0.175159230828,
        "median": 0,
        "min": 0,
        "skew": 1.70922672749,
        "var": 0.144478455186
    },
    "spectral_centroid": {
        "kurt": 4.20233440399,
        "max": 4253.98144531,
        "mean": 3376.67993164,
        "median": 3692.54321289,
        "min": 276.636138916,
        "skew": -2.30822825432,
        "var": 770519.625
    },
    "spectral_complexity": {
        "kurt": -0.400053501129,
        "max": 41,
        "mean": 23.4171981812,
        "median": 25,
        "min": 0,
        "skew": -0.79473477602,
        "var": 134.669769287
    },
    "spectral_crest": {
        "kurt": -0.35903096199,
        "max": 16.3953914642,
        "mean": 10.7631607056,
        "median": 11.1415729523,
        "min": 3.88350224495,
        "skew": -0.456453680992,
        "var": 6.40467023849
    },
    "spectral_decrease": {
        "kurt": 1.58979511261,
        "max": -3.41518162902e-18,
        "mean": -2.55759369239e-09,
        "median": -2.63360488972e-09,
        "min": -1.09792335223e-08,
        "skew": -0.103391706944,
        "var": 2.32248741357e-18
    },
    "spectral_energy": {
        "kurt": 1.36678934097,
        "max": 0.0619779340923,
        "mean": 0.0145719563589,
        "median": 0.0153965801001,
        "min": 1.36540570517e-11,
        "skew": 0.0776744931936,
        "var": 7.64121505199e-05
    },
    "spectral_energyband_high": {
        "kurt": -0.351737499237,
        "max": 0.0174228902906,
        "mean": 0.00509991170838,
        "median": 0.00557585153729,
        "min": 6.8437204688e-13,
        "skew": -0.1199208498,
        "var": 9.71091230895e-06
    },
    "spectral_energyband_low": {
        "kurt": 6.68113899231,
        "max": 0.000286690948997,
        "mean": 5.13126360602e-05,
        "median": 4.61016461486e-05,
        "min": 5.76266768679e-12,
        "skew": 2.07866692543,
        "var": 2.07562234067e-09
    },
    "spectral_energyband_middle_high": {
        "kurt": 2.84546947479,
        "max": 0.0448553524911,
        "mean": 0.009078216739,
        "median": 0.00886848382652,
        "min": 7.51027820663e-13,
        "skew": 0.460875988007,
        "var": 3.44483923982e-05
    },
    "spectral_energyband_middle_low": {
        "kurt": 21.183713913,
        "max": 0.00313140871003,
        "mean": 0.00038235928514,
        "median": 0.000304578948999,
        "min": 7.92680678041e-12,
        "skew": 3.76066946983,
        "var": 1.3553908218e-07
    },
    "spectral_flatness_db": {
        "kurt": 2.20657253265,
        "max": 0.284280270338,
        "mean": 0.159963622689,
        "median": 0.164849787951,
        "min": 0.0815950483084,
        "skew": -0.482398688793,
        "var": 0.000650059839245
    },
    "spectral_flux": {
        "kurt": 7.7523317337,
        "max": 0.199694037437,
        "mean": 0.0535157695413,
        "median": 0.0582460016012,
        "min": 8.61197477207e-05,
        "skew": 0.400221318007,
        "var": 0.000541197718121
    },
    "spectral_kurtosis": {
        "kurt": 2.73911762238,
        "max": 5.04890918732,
        "mean": 1.55029797554,
        "median": 1.22738480568,
        "min": 0.388973236084,
        "skew": 1.73500049114,
        "var": 0.821787536144
    },
    "spectral_rms": {
        "kurt": 0.102648496628,
        "max": 0.00777600659057,
        "mean": 0.00344870728441,
        "median": 0.00387569935992,
        "min": 1.15416774804e-07,
        "skew": -1.00591421127,
        "var": 2.32295838032e-06
    },
    "spectral_rolloff": {
        "kurt": 7.28894519806,
        "max": 5426.3671875,
        "mean": 4849.29541016,
        "median": 5232.56835938,
        "min": 236.865234375,
        "skew": -2.87711238861,
        "var": 1245202.625
    },
    "spectral_skewness": {
        "kurt": 4.29200363159,
        "max": 1.99227321148,
        "mean": 1.13254368305,
        "median": 1.07644271851,
        "min": 0.84233301878,
        "skew": 1.99539649487,
        "var": 0.0411209799349
    },
    "spectral_spread": {
        "kurt": 9.45569038391,
        "max": 14352650,
        "mean": 8334576.5,
        "median": 8551063,
        "min": 3453724.25,
        "skew": -0.640313088894,
        "var": 857324584960
    },
    "spectral_strongpeak": {
        "kurt": -1.09596550465,
        "max": 11.6714162827,
        "mean": 6.20521020889,
        "median": 7.37384414673,
        "min": 3.27137649947e-06,
        "skew": -0.523283421993,
        "var": 13.9772167206
    },
    "zerocrossingrate": {
        "kurt": 8.06613349915,
        "max": 0.412109375,
        "mean": 0.167146131396,
        "median": 0.1787109375,
        "min": 0.02490234375,
        "skew": -1.17483472824,
        "var": 0.00150509527884
    },
    "barkbands": {
        "kurt": [2.60575199127, 0.0824372768402, 8.67127990723, 10.9081325531, 29.312297821, 5.54026699066, 117.279121399, 8.1436252594, 95.5014190674, 69.9668731689, 39.3783073425, 34.3987426758, -0.992156267166, -0.589442968369, 0.157911300659, 0.535943746567, 5.71986198425, 1.24492549896, 37.4363670349, 113.341674805, -0.585511684418, 0.0801553726196, -1.35289144516, -0.869687795639, -0.88646697998, -0.952618837357, -0.428344726562],
        "max": [1.890011049e-06, 7.06843129592e-05, 0.000103438149381, 0.000252530677244, 0.00272687175311, 6.15594544797e-05, 0.00016908501857, 0.000150448904606, 0.00236428063363, 0.00022253539646, 9.72205743892e-05, 0.000144864301546, 0.000381282239687, 0.000405568542192, 0.000722016731743, 0.00249365111813, 0.00253600766882, 0.0302890054882, 0.00977680552751, 0.00822014547884, 0.00711719598621, 0.00443567289039, 0.000999706913717, 0.00047206756426, 0.000490982143674, 3.97213952965e-05, 4.91909418088e-07],
        "mean": [4.03918022585e-07, 1.9502143914e-05, 1.30828175315e-05, 2.9904405892e-05, 0.000202373528737, 1.17504459922e-05, 5.26764870301e-06, 1.94437434402e-05, 0.000109284832433, 1.25930928334e-05, 4.77404819321e-06, 8.68701408763e-06, 0.000197390472749, 0.000114518552436, 0.000213012521272, 0.000761190138292, 0.000472235929919, 0.00614279089496, 0.000959497061558, 0.000582379463594, 0.00268218340352, 0.00123356690165, 0.000441092561232, 0.000154544482939, 0.000165036864928, 1.53101700562e-05, 1.58527782901e-07],
        "median": [3.64838030009e-07, 1.51081685544e-05, 7.50736126065e-06, 1.83515548997e-05, 9.55236755544e-05, 1.10884866444e-05, 3.35176218869e-06, 1.15652646855e-05, 7.33688648324e-05, 8.92981006473e-06, 2.41590805672e-06, 5.07952927364e-06, 0.000237352884142, 7.40015821066e-05, 0.000199310059543, 0.000756307970732, 0.000420326949097, 0.00595256499946, 0.000825331546366, 0.000600612256676, 0.00278980610892, 0.00118272053078, 0.00042984468746, 0.00010675752128, 0.000154614521307, 1.58232251124e-05, 1.50102792418e-07],
        "min": [1.04008612161e-13, 1.1164881953e-12, 3.09718830444e-12, 2.52108403598e-12, 1.75496195267e-12, 2.42768392195e-12, 7.60811010546e-13, 1.8501789456e-13, 2.25406268629e-13, 1.44404507883e-13, 4.34930649167e-14, 3.17711419781e-14, 4.23732670317e-14, 2.3297095725e-14, 2.03368680403e-14, 4.52202565757e-14, 3.75212251406e-14, 2.15004202593e-13, 8.68409212812e-14, 2.23410916503e-13, 2.30472298147e-13, 1.80614082176e-13, 4.34065455834e-14, 4.11345592733e-14, 4.41718940613e-14, 6.14511561211e-15, 1.7473264792e-15],
        "skew": [1.30611431599, 0.890319466591, 2.45893669128, 3.10575890541, 4.2828950882, 1.66970086098, 10.2498931885, 2.46294617653, 8.97360706329, 6.92913818359, 5.85601615906, 5.44435071945, -0.697058737278, 0.814531624317, 0.568564534187, 0.493820309639, 1.5247439146, 0.371034115553, 4.05218315125, 8.39973258972, 0.00181160424836, 0.699458241463, -0.0353817418218, 0.616469204426, 0.272348970175, -0.0641324445605, 0.442808896303],
        "var": [1.16508514533e-13, 2.78815442956e-10, 2.31986069243e-10, 1.73262704184e-09, 7.79340183499e-08, 7.83041062546e-11, 1.60507648839e-10, 5.31214239263e-10, 3.58478686735e-08, 3.04442526744e-10, 1.00651487145e-10, 2.40390873874e-10, 1.42974263539e-08, 1.191024257e-08, 2.2392717014e-08, 2.363229612e-07, 1.12415420972e-07, 1.97028803086e-05, 7.0434174404e-07, 3.06046786136e-07, 2.81916800304e-06, 9.51123013238e-07, 9.33582668949e-08, 1.52353738514e-08, 1.37139446466e-08, 9.88282095049e-11, 1.35525923776e-14],
        "cov": [[1.16880748244e-13, 3.82247098557e-12, 7.05810626958e-13, -4.74290853987e-13, 1.07139713768e-11, 7.37728563134e-13, 5.18136965624e-13, 1.68385411951e-12, -7.36668809721e-13, -2.10021358486e-13, -3.15760465735e-13, 4.85730230451e-14, 2.49592690266e-11, 1.91688141055e-11, 2.58977197326e-11, 6.50584378037e-11, 3.63944707704e-11, 8.94246565686e-10, 1.28651617137e-10, 6.22249821114e-11, 3.0097999093e-10, 1.888033202e-10, 6.25781995667e-11, 2.14035594803e-11, 2.17231111571e-11, 1.88141884884e-12, 1.99536229011e-14], [3.82247098557e-12, 2.79706202644e-10, 8.21644627336e-11, -5.8072737591e-11, 8.43961234231e-10, 3.40104958085e-11, 3.85586562679e-11, 1.32536620567e-10, 5.74598597869e-11, -2.63241403502e-12, -1.42493499639e-11, -3.86298675339e-12, 1.3019915146e-09, 1.45126188844e-09, 1.71742653432e-09, 3.24861182399e-09, 1.5164539624e-09, 5.78101513327e-08, 6.8613545956e-09, 4.0274996671e-09, 1.55850425898e-08, 8.80316264329e-09, 4.06441236223e-09, 1.61362490037e-09, 1.61772828466e-09, 1.10852431401e-10, 1.07795651745e-12], [7.05810626958e-13, 8.21644627336e-11, 2.32727240257e-10, 3.685660388e-10, 1.23569587895e-09, 4.72292691067e-11, 2.2173787112e-11, 7.15279641073e-11, 3.85979082029e-10, 4.42335187575e-12, 2.90505575325e-12, 6.49167317124e-11, 2.64337884914e-10, 4.72927252915e-10, 5.05312347521e-10, 1.13400255852e-09, 1.65105762395e-09, 1.08026725343e-08, 1.41075962024e-09, 1.17634990637e-09, 5.93349325229e-09, 1.65267266539e-09, 1.1801124522e-09, 6.03952776679e-10, 5.12668241193e-10, 3.80960783752e-11, 3.63912323669e-13], [-4.74290853987e-13, -5.8072737591e-11, 3.685660388e-10, 1.73816261384e-09, 3.13512260597e-09, 1.31562136185e-10, 2.27732693814e-11, -1.57899388009e-11, 2.53501136749e-10, -1.60132202637e-11, -1.51664184683e-11, 1.18045115349e-10, 2.83158635428e-10, -1.65208735581e-10, 1.84249615565e-10, 2.07871098112e-09, 3.24899573911e-09, -1.44181093731e-08, -1.47436951536e-09, 1.51829138151e-09, 1.29099344548e-08, -8.19338874525e-10, -4.39375924532e-10, 1.15765584618e-10, 4.77405528304e-12, 4.25895950451e-11, 1.28314541067e-13], [1.07139713768e-11, 8.43961234231e-10, 1.23569587895e-09, 3.13512260597e-09, 7.81830067353e-08, 1.15410259127e-09, 3.22915166828e-10, 4.15352807703e-10, 1.20211585131e-09, -1.69825445373e-10, -1.55796847645e-10, -1.97406230251e-10, 6.84709222654e-09, 2.76571454627e-09, 5.23737009317e-09, 2.77345577615e-08, 1.26296484382e-08, 1.87243358596e-07, 9.56683887665e-09, 2.21764473451e-08, 9.22064415931e-08, 2.87471344507e-08, 1.14081952773e-08, 3.30832650164e-09, 4.86898743546e-09, 5.93107618574e-10, 5.39470378091e-12], [7.37728563134e-13, 3.40104958085e-11, 4.72292691067e-11, 1.31562136185e-10, 1.15410259127e-09, 7.85542811355e-11, 4.32945970741e-11, 4.93749902075e-11, 1.13383753775e-10, 1.69634029046e-11, 1.76883299674e-11, 1.92079824268e-11, 3.34322985962e-10, 2.43725706284e-10, 3.74607206366e-10, 1.62051283503e-09, 9.96345339566e-10, 8.90781315377e-09, 1.32776378781e-09, 1.18780862923e-09, 5.11752862309e-09, 2.11113904136e-09, 6.80379419471e-10, 1.98558780529e-10, 2.26612145715e-10, 2.81243969086e-11, 2.64672479896e-13], [5.18136965624e-13, 3.85586562679e-11, 2.2173787112e-11, 2.27732693814e-11, 3.22915166828e-10, 4.32945970741e-11, 1.61020446976e-10, 1.11733344799e-10, 1.7570958577e-10, 5.10834811951e-11, 5.74417145793e-11, 1.91160542257e-11, 1.54840987254e-10, 3.05611314033e-10, 2.1201046474e-10, 1.05639730297e-09, 8.58564830342e-10, 6.54002763056e-09, 1.54797363816e-09, 1.12464748625e-09, 1.31197630537e-09, 1.09268838422e-09, 4.60051718942e-10, 2.33611685552e-10, 1.98213348512e-10, 1.49814240874e-11, 7.01377771508e-14], [1.68385411951e-12, 1.32536620567e-10, 7.15279641073e-11, -1.57899388009e-11, 4.15352807703e-10, 4.93749902075e-11, 1.11733344799e-10, 5.32911437201e-10, 2.10749329099e-09, 9.46165576443e-11, 3.64268788744e-11, 6.46952283412e-11, 5.24120358225e-10, 8.23983326015e-10, 7.35460248258e-10, 2.14591366898e-09, 1.16944409712e-09, 2.45736888616e-08, 4.27668656044e-09, 1.36235644987e-09, 6.13651529591e-09, 4.69352379184e-09, 2.1491026736e-09, 8.84413875468e-10, 7.76558262139e-10, 5.57987857308e-11, 6.35180222221e-13], [-7.36668809721e-13, 5.74598597869e-11, 3.85979082029e-10, 2.53501136749e-10, 1.20211585131e-09, 1.13383753775e-10, 1.7570958577e-10, 2.10749329099e-09, 3.59623975044e-08, 5.12643927308e-10, 9.81977554826e-11, 2.39244513089e-10, -1.59568591673e-09, 7.81003539618e-10, -1.32079264192e-10, -4.20556434122e-09, 2.56654431041e-09, -4.27704840433e-08, -5.89115589644e-10, -3.48827611241e-09, -1.49468011301e-08, -8.5879650058e-09, -1.08126474441e-09, 1.39786315856e-09, -1.0035529352e-10, -7.85145837234e-11, -8.88321209126e-13], [-2.10021358486e-13, -2.63241403502e-12, 4.42335187575e-12, -1.60132202637e-11, -1.69825445373e-10, 1.69634029046e-11, 5.10834811951e-11, 9.46165576443e-11, 5.12643927308e-10, 3.05415193136e-10, 5.3927490945e-11, 2.89508955004e-11, -2.53326692956e-10, 1.19112109065e-10, 4.45158909734e-11, -3.98612115537e-10, 5.26359344999e-10, -4.18128598412e-09, 8.29887769616e-10, 2.47539020531e-11, -2.64399346861e-09, -7.23453630336e-10, -2.20055293432e-10, 7.32202146136e-11, -4.76606636102e-11, -9.43881518084e-12, -1.26344694797e-13], [-3.15760465735e-13, -1.42493499639e-11, 2.90505575325e-12, -1.51664184683e-11, -1.55796847645e-10, 1.76883299674e-11, 5.74417145793e-11, 3.64268788744e-11, 9.81977554826e-11, 5.3927490945e-11, 1.00973063244e-10, 3.88786572381e-11, -2.34964353529e-10, 1.75854417833e-11, -1.53458391827e-11, -2.17585893747e-10, 1.90408994127e-10, -5.43809619558e-09, 4.10507822179e-10, 1.52592979918e-10, -2.13280992867e-09, -1.23644583461e-09, -3.89589527305e-10, -4.42145174639e-11, -1.30273181131e-10, -1.42840028e-11, -1.87202006284e-13], [4.85730230451e-14, -3.86298675339e-12, 6.49167317124e-11, 1.18045115349e-10, -1.97406230251e-10, 1.92079824268e-11, 1.91160542257e-11, 6.46952283412e-11, 2.39244513089e-10, 2.89508955004e-11, 3.88786572381e-11, 2.41158898406e-10, -2.8897995108e-10, 1.69055658361e-10, 1.4683425309e-10, -3.3812883049e-11, 2.07242756289e-09, -5.58093304903e-09, 2.70075561914e-09, 7.54762641275e-10, -7.34193053575e-11, -9.75038383366e-10, -1.29446717234e-10, 2.38241204542e-10, 7.92200263722e-11, -6.18119704726e-12, -1.4536035407e-13], [2.49592690266e-11, 1.3019915146e-09, 2.64337884914e-10, 2.83158635428e-10, 6.84709222654e-09, 3.34322985962e-10, 1.54840987254e-10, 5.24120358225e-10, -1.59568591673e-09, -2.53326692956e-10, -2.34964353529e-10, -2.8897995108e-10, 1.43431044819e-08, 7.89851384297e-09, 1.27348984691e-08, 3.80888209861e-08, 1.61346136451e-08, 4.47620124078e-07, 5.44621521215e-08, 3.46324533496e-08, 1.53945080683e-07, 9.29796755145e-08, 3.14821022585e-08, 9.58479073887e-09, 1.01438155653e-08, 1.00029695638e-09, 1.18831541829e-11], [1.91688141055e-11, 1.45126188844e-09, 4.72927252915e-10, -1.65208735581e-10, 2.76571454627e-09, 2.43725706284e-10, 3.05611314033e-10, 8.23983326015e-10, 7.81003539618e-10, 1.19112109065e-10, 1.75854417833e-11, 1.69055658361e-10, 7.89851384297e-09, 1.19482939098e-08, 1.25521237848e-08, 2.01263663513e-08, 1.10801838815e-08, 3.80338661898e-07, 4.40825580483e-08, 2.43499691521e-08, 9.08743942318e-08, 5.78704373311e-08, 2.70149183024e-08, 1.18595444576e-08, 1.11407221226e-08, 8.14611156308e-10, 7.49937958955e-12], [2.58977197326e-11, 1.71742653432e-09, 5.05312347521e-10, 1.84249615565e-10, 5.23737009317e-09, 3.74607206366e-10, 2.1201046474e-10, 7.35460248258e-10, -1.32079264192e-10, 4.45158909734e-11, -1.53458391827e-11, 1.4683425309e-10, 1.27348984691e-08, 1.25521237848e-08, 2.24642597857e-08, 3.75279149978e-08, 2.04303542972e-08, 5.04891886521e-07, 5.53867351982e-08, 3.33720322487e-08, 1.38333348332e-07, 8.02085793339e-08, 3.50911761871e-08, 1.40109275293e-08, 1.37556162016e-08, 1.08609976568e-09, 1.0765248068e-11], [6.50584378037e-11, 3.24861182399e-09, 1.13400255852e-09, 2.07871098112e-09, 2.77345577615e-08, 1.62051283503e-09, 1.05639730297e-09, 2.14591366898e-09, -4.20556434122e-09, -3.98612115537e-10, -2.17585893747e-10, -3.3812883049e-11, 3.80888209861e-08, 2.01263663513e-08, 3.75279149978e-08, 2.37077983911e-07, 6.38375681206e-08, 1.08888627892e-06, 1.25126177863e-07, 8.70144489795e-08, 4.45876366939e-07, 2.18996007106e-07, 7.70053034671e-08, 2.31301857667e-08, 2.71910547411e-08, 2.71439315469e-09, 2.92364084331e-11], [3.63944707704e-11, 1.5164539624e-09, 1.65105762395e-09, 3.24899573911e-09, 1.26296484382e-08, 9.96345339566e-10, 8.58564830342e-10, 1.16944409712e-09, 2.56654431041e-09, 5.26359344999e-10, 1.90408994127e-10, 2.07242756289e-09, 1.61346136451e-08, 1.10801838815e-08, 2.04303542972e-08, 6.38375681206e-08, 1.12774579009e-07, 4.75397314403e-07, 1.14575364307e-07, 7.39946486306e-08, 2.33813665318e-07, 1.09835475826e-07, 3.46031576726e-08, 1.72240106622e-08, 1.35172122384e-08, 1.12942222241e-09, 1.22162453764e-11], [8.94246565686e-10, 5.78101513327e-08, 1.08026725343e-08, -1.44181093731e-08, 1.87243358596e-07, 8.90781315377e-09, 6.54002763056e-09, 2.45736888616e-08, -4.27704840433e-08, -4.18128598412e-09, -5.43809619558e-09, -5.58093304903e-09, 4.47620124078e-07, 3.80338661898e-07, 5.04891886521e-07, 1.08888627892e-06, 4.75397314403e-07, 1.97658282559e-05, 2.5645047117e-06, 1.68710084836e-06, 4.85827195007e-06, 3.19385185321e-06, 1.19521780562e-06, 4.46610471272e-07, 4.53912463172e-07, 3.5700441714e-08, 3.90480953127e-10], [1.28651617137e-10, 6.8613545956e-09, 1.41075962024e-09, -1.47436951536e-09, 9.56683887665e-09, 1.32776378781e-09, 1.54797363816e-09, 4.27668656044e-09, -5.89115589644e-10, 8.29887769616e-10, 4.10507822179e-10, 2.70075561914e-09, 5.44621521215e-08, 4.40825580483e-08, 5.53867351982e-08, 1.25126177863e-07, 1.14575364307e-07, 2.5645047117e-06, 7.06592061306e-07, 3.7745849113e-07, 7.3654013022e-07, 5.15475164775e-07, 1.39713606018e-07, 5.5939718635e-08, 4.87368616575e-08, 3.79984754773e-09, 4.61836020815e-11], [6.22249821114e-11, 4.0274996671e-09, 1.17634990637e-09, 1.51829138151e-09, 2.21764473451e-08, 1.18780862923e-09, 1.12464748625e-09, 1.36235644987e-09, -3.48827611241e-09, 2.47539020531e-11, 1.52592979918e-10, 7.54762641275e-10, 3.46324533496e-08, 2.43499691521e-08, 3.33720322487e-08, 8.70144489795e-08, 7.39946486306e-08, 1.68710084836e-06, 3.7745849113e-07, 3.07024578206e-07, 4.55419296941e-07, 3.04188290556e-07, 8.17443819301e-08, 3.51547413402e-08, 3.26669429285e-08, 2.34848629432e-09, 2.56071396726e-11], [3.0097999093e-10, 1.55850425898e-08, 5.93349325229e-09, 1.29099344548e-08, 9.22064415931e-08, 5.11752862309e-09, 1.31197630537e-09, 6.13651529591e-09, -1.49468011301e-08, -2.64399346861e-09, -2.13280992867e-09, -7.34193053575e-11, 1.53945080683e-07, 9.08743942318e-08, 1.38333348332e-07, 4.45876366939e-07, 2.33813665318e-07, 4.85827195007e-06, 7.3654013022e-07, 4.55419296941e-07, 2.82817495645e-06, 1.13570308713e-06, 3.55653071438e-07, 1.12399618502e-07, 1.13614923691e-07, 1.10661435571e-08, 1.3151812972e-10], [1.888033202e-10, 8.80316264329e-09, 1.65267266539e-09, -8.19338874525e-10, 2.87471344507e-08, 2.11113904136e-09, 1.09268838422e-09, 4.69352379184e-09, -8.5879650058e-09, -7.23453630336e-10, -1.23644583461e-09, -9.75038383366e-10, 9.29796755145e-08, 5.78704373311e-08, 8.02085793339e-08, 2.18996007106e-07, 1.09835475826e-07, 3.19385185321e-06, 5.15475164775e-07, 3.04188290556e-07, 1.13570308713e-06, 9.5416169188e-07, 2.20127475359e-07, 6.56889369566e-08, 6.22102263037e-08, 6.7934249337e-09, 9.01368146788e-11], [6.25781995667e-11, 4.06441236223e-09, 1.1801124522e-09, -4.39375924532e-10, 1.14081952773e-08, 6.80379419471e-10, 4.60051718942e-10, 2.1491026736e-09, -1.08126474441e-09, -2.20055293432e-10, -3.89589527305e-10, -1.29446717234e-10, 3.14821022585e-08, 2.70149183024e-08, 3.50911761871e-08, 7.70053034671e-08, 3.46031576726e-08, 1.19521780562e-06, 1.39713606018e-07, 8.17443819301e-08, 3.55653071438e-07, 2.20127475359e-07, 9.36565385246e-08, 3.06908418679e-08, 3.02736076208e-08, 2.70311262263e-09, 3.09185281544e-11], [2.14035594803e-11, 1.61362490037e-09, 6.03952776679e-10, 1.15765584618e-10, 3.30832650164e-09, 1.98558780529e-10, 2.33611685552e-10, 8.84413875468e-10, 1.39786315856e-09, 7.32202146136e-11, -4.42145174639e-11, 2.38241204542e-10, 9.58479073887e-09, 1.18595444576e-08, 1.40109275293e-08, 2.31301857667e-08, 1.72240106622e-08, 4.46610471272e-07, 5.5939718635e-08, 3.51547413402e-08, 1.12399618502e-07, 6.56889369566e-08, 3.06908418679e-08, 1.52840495815e-08, 1.31774902101e-08, 8.9665097569e-10, 8.43373981763e-12], [2.17231111571e-11, 1.61772828466e-09, 5.12668241193e-10, 4.77405528304e-12, 4.86898743546e-09, 2.26612145715e-10, 1.98213348512e-10, 7.76558262139e-10, -1.0035529352e-10, -4.76606636102e-11, -1.30273181131e-10, 7.92200263722e-11, 1.01438155653e-08, 1.11407221226e-08, 1.37556162016e-08, 2.71910547411e-08, 1.35172122384e-08, 4.53912463172e-07, 4.87368616575e-08, 3.26669429285e-08, 1.13614923691e-07, 6.22102263037e-08, 3.02736076208e-08, 1.31774902101e-08, 1.37577593762e-08, 9.37174338134e-10, 8.39146287179e-12], [1.88141884884e-12, 1.10852431401e-10, 3.80960783752e-11, 4.25895950451e-11, 5.93107618574e-10, 2.81243969086e-11, 1.49814240874e-11, 5.57987857308e-11, -7.85145837234e-11, -9.43881518084e-12, -1.42840028e-11, -6.18119704726e-12, 1.00029695638e-09, 8.14611156308e-10, 1.08609976568e-09, 2.71439315469e-09, 1.12942222241e-09, 3.5700441714e-08, 3.79984754773e-09, 2.34848629432e-09, 1.10661435571e-08, 6.7934249337e-09, 2.70311262263e-09, 8.9665097569e-10, 9.37174338134e-10, 9.91439569331e-11, 9.95512591632e-13], [1.99536229011e-14, 1.07795651745e-12, 3.63912323669e-13, 1.28314541067e-13, 5.39470378091e-12, 2.64672479896e-13, 7.01377771508e-14, 6.35180222221e-13, -8.88321209126e-13, -1.26344694797e-13, -1.87202006284e-13, -1.4536035407e-13, 1.18831541829e-11, 7.49937958955e-12, 1.0765248068e-11, 2.92364084331e-11, 1.22162453764e-11, 3.90480953127e-10, 4.61836020815e-11, 2.56071396726e-11, 1.3151812972e-10, 9.01368146788e-11, 3.09185281544e-11, 8.43373981763e-12, 8.39146287179e-12, 9.95512591632e-13, 1.35958910078e-14]]
    },
    "mfcc": {
        "kurt": [5.41053104401, 2.9165353775, 5.86379623413, 2.33190107346, 1.10212755203, 2.04003763199, 1.29823207855, 0.814392089844, 1.48054647446, 0.196151733398, 1.31628227234, 0.697331428528, 1.39569282532],
        "max": [-587.127258301, 99.5337600708, 38.4221534729, 104.260002136, 26.5277690887, 17.7356624603, 14.5562782288, 26.5313148499, 36.4707946777, 16.0126590729, 23.7151508331, 10.7568855286, 10.2147369385],
        "mean": [-685.778625488, -9.76118755341, -33.3220367432, 50.1966972351, 7.81875038147, 1.92665302753, -16.2202739716, 3.15016508102, 7.85724830627, -2.56142187119, 5.99530553818, -7.87405061722, -28.2321147919],
        "median": [-645.803222656, -20.892244339, -37.3981819153, 52.9080696106, 9.87294387817, 4.77369880676, -17.8882541656, 2.05608272552, 6.94446277618, -1.09458637238, 7.96847820282, -8.43624687195, -31.9186248779],
        "min": [-1138.42004395, -59.861541748, -83.0355911255, 8.01086425781e-05, -35.7865600586, -40.3068656921, -33.4228553772, -15.5763187408, -22.5358352661, -27.2260284424, -30.8763027191, -24.7562656403, -43.9457969666],
        "skew": [-2.52939414978, 1.90570926666, 2.22872900963, -0.917786300182, -1.06901562214, -1.52977383137, 1.14028680325, 0.748578667641, 0.535756409168, -0.609330415726, -1.03286349773, 0.340617448092, 1.37189471722],
        "var": [14280.5957031, 991.022216797, 323.383026123, 173.65385437, 121.262702942, 124.513298035, 83.5349960327, 58.8503074646, 55.1105194092, 60.2676544189, 69.6855545044, 29.0844688416, 124.291053772],
        "cov": [[14326.2207031, -2989.03564453, -1727.23718262, 998.832641602, 318.683166504, 482.281707764, -648.975830078, -206.60295105, 25.3522510529, 113.720932007, 490.677459717, -191.848449707, -1067.42138672], [-2989.03564453, 994.188415527, 400.953826904, -204.387496948, -135.545028687, -206.119369507, 108.952835083, 62.9795379639, 12.7572488785, -79.5161895752, -171.548553467, 20.408946991, 248.940917969], [-1727.23718262, 400.953826904, 324.41619873, -94.1750411987, 13.6813783646, -19.0771427155, 97.5647964478, -6.72110891342, -35.0882110596, -14.1251096725, -53.1294631958, 24.5913295746, 114.858200073], [998.832641602, -204.387496948, -94.1750411987, 174.208648682, 58.3269004822, 71.678062439, -56.3387374878, -45.7034873962, -26.3859272003, -13.5037927628, 41.0658187866, -22.2157535553, -100.753921509], [318.683166504, -135.545028687, 13.6813783646, 58.3269004822, 121.650123596, 84.4564437866, -3.20310640335, -47.5070648193, -34.1789398193, 0.709496319294, 34.1895484924, -4.5421128273, -55.9815368652], [482.281707764, -206.119369507, -19.0771427155, 71.678062439, 84.4564437866, 124.911102295, 2.64464855194, -49.8553581238, -32.2836914062, 12.2674036026, 35.7903404236, -1.08668017387, -55.6599311829], [-648.975830078, 108.952835083, 97.5647964478, -56.3387374878, -3.20310640335, 2.64464855194, 83.8018798828, 20.6294403076, -8.69106197357, 13.7647762299, -16.4706306458, 19.0133075714, 58.2126731873], [-206.60295105, 62.9795379639, -6.72110891342, -45.7034873962, -47.5070648193, -49.8553581238, 20.6294403076, 59.0383262634, 27.9297275543, 19.5206127167, -3.12873029709, 4.2319688797, 25.4198169708], [25.3522510529, 12.7572488785, -35.0882110596, -26.3859272003, -34.1789398193, -32.2836914062, -8.69106197357, 27.9297275543, 55.2865905762, 4.64861869812, -6.99802875519, 0.0314341299236, 9.69492912292], [113.720932007, -79.5161895752, -14.1251096725, -13.5037927628, 0.709496319294, 12.2674036026, 13.7647762299, 19.5206127167, 4.64861869812, 60.4602012634, 37.8729095459, 9.87970542908, -8.15344333649], [490.677459717, -171.548553467, -53.1294631958, 41.0658187866, 34.1895484924, 35.7903404236, -16.4706306458, -3.12873029709, -6.99802875519, 37.8729095459, 69.9081878662, 6.57489967346, -54.1984634399], [-191.848449707, 20.408946991, 24.5913295746, -22.2157535553, -4.5421128273, -1.08668017387, 19.0133075714, 4.2319688797, 0.0314341299236, 9.87970542908, 6.57489967346, 29.1773910522, 28.0153560638], [-1067.42138672, 248.940917969, 114.858200073, -100.753921509, -55.9815368652, -55.6599311829, 58.2126731873, 25.4198169708, 9.69492912292, -8.15344333649, -54.1984634399, 28.0153560638, 124.688148499]]
    },
    "sccoeffs": {
        "kurt": [0.809319019318, 0.703201055527, 1.28178358078, 1.74878835678, 3.45066642761, 1.61157751083],
        "max": [-0.476802915335, -0.527692019939, -0.624697089195, -0.627940118313, -0.630833029747, -0.645188748837],
        "mean": [-0.728310823441, -0.766868054867, -0.787942111492, -0.732326507568, -0.744390666485, -0.738628089428],
        "median": [-0.737263083458, -0.771621704102, -0.785753548145, -0.715717613697, -0.729661226273, -0.732912778854],
        "min": [-0.909605801105, -0.94274520874, -0.926484465599, -0.953338384628, -0.942626059055, -0.915881574154],
        "skew": [0.454544126987, 0.327053070068, -0.410466969013, -1.49300217628, -1.86086797714, -1.08609771729],
        "var": [0.00471910228953, 0.00379507709295, 0.00224194908515, 0.00400832621381, 0.00264943228103, 0.00230754981749],
        "cov": [[0.00473417900503, 0.000429798907135, 0.000749115482904, 0.00189168693032, 0.0012252475135, 0.00125921692234], [0.000429798907135, 0.00380720198154, 0.00116971984971, 0.00124176300596, 0.00102876452729, 0.000712362700142], [0.000749115482904, 0.00116971984971, 0.00224911165424, 0.00142771366518, 0.00133997225203, 0.000969211396296], [0.00189168693032, 0.00124176300596, 0.00142771366518, 0.00402113236487, 0.00260654301383, 0.00237241969444], [0.0012252475135, 0.00102876452729, 0.00133997225203, 0.00260654301383, 0.00265789707191, 0.00198973133229], [0.00125921692234, 0.000712362700142, 0.000969211396296, 0.00237241969444, 0.00198973133229, 0.00231492216699]]
    },
    "scvalleys": {
        "kurt": [17.834482193, 24.810426712, 26.6460857391, 14.9483737946, 12.0513162613, 8.89847660065],
        "max": [-6.11165094376, -6.49572134018, -6.22574520111, -6.13111782074, -5.22522544861, -6.72309350967],
        "mean": [-7.40451669693, -7.89651632309, -8.02789402008, -7.40614414215, -6.70387840271, -7.90127372742],
        "median": [-7.18724489212, -7.72091960907, -7.83310747147, -7.0057554245, -6.24202346802, -7.41073322296],
        "min": [-15.0425634384, -15.666674614, -16.8151245117, -17.3341388702, -17.0892047882, -18.2432327271],
        "skew": [-3.13715815544, -3.97042226791, -4.27023267746, -3.42255210876, -3.21535873413, -2.91349959373],
        "var": [0.836954474449, 0.76212978363, 0.948979973793, 1.72305178642, 2.20426535606, 2.86787748337],
        "cov": [[0.839628458023, 0.653187155724, 0.681171476841, 1.04775512218, 1.1811504364, 1.33186495304], [0.653187155724, 0.764564692974, 0.759799540043, 1.01487910748, 1.13252174854, 1.25637042522], [0.681171476841, 0.759799540043, 0.952011823654, 1.13743555546, 1.27435827255, 1.41562485695], [1.04775512218, 1.01487910748, 1.13743555546, 1.7285567522, 1.9247289896, 2.18033409119], [1.1811504364, 1.13252174854, 1.27435827255, 1.9247289896, 2.21130776405, 2.48804831505], [1.33186495304, 1.25637042522, 1.41562485695, 2.18033409119, 2.48804831505, 2.87704014778]]
    }
},
"rhythm": {
    "beats_loudness": {
        "kurt": -1.11045575142,
        "max": 0.0252751875669,
        "mean": 0.0153767317533,
        "median": 0.0138324927539,
        "min": 5.63443973078e-05,
        "skew": -0.380798965693,
        "var": 7.16513313819e-05
    },
    "bpm": 78.9048919678,
    "confidence": 2.81615400314,
    "first_peak_bpm": {
        "kurt": 0,
        "max": 78,
        "mean": 78,
        "median": 78,
        "min": 78,
        "skew": 0,
        "var": 0
    },
    "first_peak_spread": {
        "kurt": 0,
        "max": 0.5,
        "mean": 0.5,
        "median": 0.5,
        "min": 0.5,
        "skew": 0,
        "var": 0
    },
    "first_peak_weight": {
        "kurt": 0,
        "max": 0.5,
        "mean": 0.5,
        "median": 0.5,
        "min": 0.5,
        "skew": 0,
        "var": 0
    },
    "onset_rate": 0.413509875536,
    "second_peak_bpm": {
        "kurt": 0,
        "max": 0,
        "mean": 0,
        "median": 0,
        "min": 0,
        "skew": 0,
        "var": 0
    },
    "second_peak_spread": {
        "kurt": 0,
        "max": 0,
        "mean": 0,
        "median": 0,
        "min": 0,
        "skew": 0,
        "var": 0
    },
    "second_peak_weight": {
        "kurt": 0,
        "max": 0,
        "mean": 0,
        "median": 0,
        "min": 0,
        "skew": 0,
        "var": 0
    },
    "beats_loudness_band_ratio": {
        "kurt": [4.01778745651, -0.210692644119, 4.11441278458, 1.75389099121, -0.273150682449, 0.866669654846],
        "max": [0.0589570626616, 0.106011614203, 0.438034564257, 0.0454178825021, 0.61249601841, 0.6650583148],
        "mean": [0.00936562940478, 0.0302792359143, 0.0555127710104, 0.0231991186738, 0.471594691277, 0.417808294296],
        "median": [0.00291757285595, 0.0152340894565, 0.00519930943847, 0.0216911081225, 0.507469177246, 0.432512789965],
        "min": [0.0014152196236, 0.000536554318387, 0.00455281557515, 0.0116763273254, 0.24956150353, 0.130835607648],
        "skew": [2.43839359283, 1.25206005573, 2.4711561203, 1.46883153915, -0.832717061043, -0.424094408751],
        "var": [0.00030985623016, 0.00139606231824, 0.0183046963066, 7.83998184488e-05, 0.0114149432629, 0.0174441300333],
        "cov": [[0.000348588248016, 0.000402734411182, 0.00266773579642, 0.000160720999702, -0.00152063881978, -0.00201703701168], [0.000402734411182, 0.00157057016622, 0.00326096825302, 8.43861271278e-05, -0.00234131235629, -0.00300748343579], [0.00266773579642, 0.00326096825302, 0.0205927826464, 0.00119638280012, -0.0120344739407, -0.0153009966016], [0.000160720999702, 8.43861271278e-05, 0.00119638280012, 8.81997984834e-05, -0.000505604257341, -0.00101774116047], [-0.00152063881978, -0.00234131235629, -0.0120344739407, -0.000505604257341, 0.0128418114036, 0.00253282301128], [-0.00201703701168, -0.00300748343579, -0.0153009966016, -0.00101774116047, 0.00253282301128, 0.0196246467531]]
    },
    "beats_position": [0.743038535118, 1.49768710136, 2.26394557953, 3.01859402657, 3.78485250473, 4.55111122131, 5.30575942993, 6.06040811539, 6.82666635513],
    "bpm_estimates": [79.5072097778, 78.3025588989, 79.5072174072, 78.3025588989, 78.3025360107, 79.5072479248, 79.507194519, 78.3025817871],
    "bpm_intervals": [0.754648566246, 0.766258478165, 0.754648447037, 0.766258478165, 0.766258716583, 0.754648208618, 0.754648685455, 0.766258239746],
    "onset_times": [0.116099774837, 0.336689352989, 5.85142850876],
    "histogram": [[0, 0, 0, 0, 0, 0, 0, 0, 0, 0, 0, 0, 0, 0, 0, 0, 0, 0, 0, 0, 0, 0, 0, 0, 0, 0, 0, 0, 0, 0, 0, 0, 0, 0, 0, 0, 0, 0, 0, 0, 0, 0, 0, 0, 0, 0, 0, 0, 0, 0, 0, 0, 0, 0, 0, 0, 0, 0, 0, 0, 0, 0, 0, 0, 0, 0, 0, 0, 0, 0, 0, 0, 0, 0, 0, 0, 0, 0, 0.5, 0, 0.5, 0, 0, 0, 0, 0, 0, 0, 0, 0, 0, 0, 0, 0, 0, 0, 0, 0, 0, 0, 0, 0, 0, 0, 0, 0, 0, 0, 0, 0, 0, 0, 0, 0, 0, 0, 0, 0, 0, 0, 0, 0, 0, 0, 0, 0, 0, 0, 0, 0, 0, 0, 0, 0, 0, 0, 0, 0, 0, 0, 0, 0, 0, 0, 0, 0, 0, 0, 0, 0, 0, 0, 0, 0, 0, 0, 0, 0, 0, 0, 0, 0, 0, 0, 0, 0, 0, 0, 0, 0, 0, 0, 0, 0, 0, 0, 0, 0, 0, 0, 0, 0, 0, 0, 0, 0, 0, 0, 0, 0, 0, 0, 0, 0, 0, 0, 0, 0, 0, 0, 0, 0, 0, 0, 0, 0, 0, 0, 0, 0, 0, 0, 0, 0, 0, 0, 0, 0, 0, 0, 0, 0, 0, 0, 0, 0, 0, 0, 0, 0, 0, 0, 0, 0, 0, 0, 0, 0, 0, 0, 0, 0, 0, 0, 0, 0, 0, 0, 0, 0]]
},
"sfx": {
    "inharmonicity": {
        "kurt": 5.1772813797,
        "max": 0.448903799057,
        "mean": 0.0559277273715,
        "median": 0.0156602412462,
        "min": 0,
        "skew": 2.31951022148,
        "var": 0.0084124552086
    },
    "oddtoevenharmonicenergyratio": {
        "kurt": 48.7477416992,
        "max": 188.165344238,
        "mean": 7.14290618896,
        "median": 0.930218815804,
        "min": 0,
        "skew": 5.91126871109,
        "var": 283.972991943
    },
    "pitch_after_max_to_before_max_energy_ratio": 0.0122417742386,
    "pitch_centroid": 151.869720459,
    "pitch_max_to_total": 0.980891704559,
    "pitch_min_to_total": 0.955413997173,
    "tristimulus": {
        "kurt": [-1.65801143646, -1.57654643059, 0.655854463577],
        "max": [1, 0.932052910328, 1],
        "mean": [0.436839550734, 0.364349663258, 0.198810890317],
        "median": [0.235672831535, 0.278110235929, 0.059287250042],
        "min": [0, 0, 0],
        "skew": [0.376090377569, 0.262286156416, 1.42839026451],
        "var": [0.183145701885, 0.11387488246, 0.0820879042149],
        "cov": [[0.183730840683, -0.107809476554, -0.0759212970734], [-0.107809476554, 0.114238701761, -0.00642892252654], [-0.0759212970734, -0.00642892252654, 0.0823501646519]]
    }
},
"tonal": {
    "chords_changes_rate": 0.0886075943708,
    "chords_number_rate": 0.0316455699503,
    "chords_strength": {
        "kurt": -0.977442502975,
        "max": 0.547148227692,
        "mean": 0.343784093857,
        "median": 0.295496761799,
        "min": 0.242493212223,
        "skew": 0.752161443233,
        "var": 0.0099209100008
    },
    "key_strength": 0.541901946068,
    "tuning_diatonic_strength": 0.214009016752,
    "tuning_equal_tempered_deviation": 0.117611005902,
    "tuning_frequency": 435.197479248,
    "tuning_nontempered_energy_ratio": 0.714546442032,
    "hpcp": {
        "kurt": [15.3765106201, 17.7939472198, 50.3076782227, 18.7149085999, 12.0753917694, 13.8036136627, 20.7820224762, 18.0336589813, 11.7028493881, 8.1046295166, 9.42072868347, 9.60750389099, 7.24783992767, 5.97935962677, 6.50641441345, 8.04497814178, 5.96148014069, 8.0564250946, 8.44540596008, 8.86786842346, 6.06360340118, 5.92634487152, 6.41281700134, 6.91663169861, 5.6010799408, 3.21478939056, -0.38042640686, -0.877939939499, -1.3052380085, 2.67405605316, 9.79953575134, 16.9512195587, 16.0788249969, 8.97316265106, 11.2724285126, 10.7668733597],
        "max": [1, 0.82636654377, 1, 0.578421831131, 0.515702366829, 0.552180826664, 0.628550946712, 0.689158022404, 1, 1, 1, 1, 0.971714019775, 0.643119871616, 0.747488439083, 1, 1, 1, 0.959358274937, 0.92359650135, 1, 1, 0.950134456158, 1, 1, 1, 1, 1, 1, 0.632170915604, 0.727468907833, 1, 1, 0.876954078674, 1, 1],
        "mean": [0.0963378250599, 0.0748825967312, 0.0631837919354, 0.0491787157953, 0.0463866479695, 0.0490760430694, 0.0580145902932, 0.0703503116965, 0.0956663042307, 0.13171517849, 0.145259439945, 0.170023083687, 0.169952809811, 0.11689979583, 0.110577002168, 0.147227153182, 0.157170265913, 0.150590360165, 0.132992818952, 0.105923473835, 0.10754160583, 0.110509544611, 0.0950884446502, 0.104736052454, 0.132112473249, 0.186353087425, 0.452275633812, 0.737537741661, 0.51106351614, 0.160576164722, 0.0831514820457, 0.0736110731959, 0.0854835882783, 0.10537339747, 0.13194142282, 0.129635795951],
