{
"metadata": {
    "version": {
        "essentia": "2.1-beta3"
    }
},
"lowLevel": {
    "average_loudness": 0.778547465801,
    "barkbands_kurtosis": {
        "kurt": 52.9861488342,
        "max": 83.0437164307,
        "mean": 1.63961553574,
        "median": -0.391168832779,
        "min": -1.91126286983,
        "skew": 5.87546348572,
        "var": 40.3748512268
    },
    "barkbands_skewness": {
        "kurt": 0.692378520966,
        "max": 3.51595282555,
        "mean": -0.640176296234,
        "median": -0.670177400112,
        "min": -7.8859333992,
        "skew": -0.469754964113,
        "var": 2.59466123581
    },
    "barkbands_spread": {
        "kurt": -0.57243180275,
        "max": 59.1146354675,
        "mean": 33.8099098206,
        "median": 35.9563064575,
        "min": 1.63345503807,
        "skew": -0.440162658691,
        "var": 146.252029419
    },
    "dissonance": {
        "kurt": 7.10917568207,
        "max": 0.499999970198,
        "mean": 0.48663687706,
        "median": 0.489539980888,
        "min": 0.41279348731,
        "skew": -2.15621519089,
        "var": 0.00012506893836
    },
    "hfc": {
        "kurt": 7.39647579193,
        "max": 119.280822754,
        "mean": 11.1659984589,
        "median": 4.43811416626,
        "min": 4.26211773123e-13,
        "skew": 2.3233897686,
        "var": 226.453674316
    },
    "pitch": {
        "kurt": -1.70866250992,
        "max": 5875.97167969,
        "mean": 2888.88598633,
        "median": 4327.07470703,
        "min": 85.8693084717,
        "skew": -0.31058460474,
        "var": 4365188
    },
    "pitch_instantaneous_confidence": {
        "kurt": -0.885074853897,
        "max": 0.881223678589,
        "mean": 0.412142187357,
        "median": 0.39794164896,
        "min": 0.00755125284195,
        "skew": 0.356255471706,
        "var": 0.0315994136035
    },
    "pitch_salience": {
        "kurt": 2.67116737366,
        "max": 0.886051535606,
        "mean": 0.72916251421,
        "median": 0.739763855934,
        "min": 0.397217422724,
        "skew": -1.21288943291,
        "var": 0.00442929193377
    },
    "silence_rate_20dB": {
        "kurt": 0,
        "max": 1,
        "mean": 1,
        "median": 1,
        "min": 1,
        "skew": 0,
        "var": 0
    },
    "silence_rate_30dB": {
        "kurt": 0,
        "max": 1,
        "mean": 1,
        "median": 1,
        "min": 1,
        "skew": 0,
        "var": 0
    },
    "silence_rate_60dB": {
        "kurt": -1.47973656654,
        "max": 1,
        "mean": 0.669629633427,
        "median": 1,
        "min": 0,
        "skew": -0.721297323704,
        "var": 0.221226036549
    },
    "spectral_centroid": {
        "kurt": -1.25393605232,
        "max": 5561.87695312,
        "mean": 2759.72290039,
        "median": 2985.09643555,
        "min": 476.021087646,
        "skew": -0.0806571990252,
        "var": 1653203.875
    },
    "spectral_complexity": {
        "kurt": -0.500768899918,
        "max": 26,
        "mean": 7.70370388031,
        "median": 5,
        "min": 0,
        "skew": 0.781897604465,
        "var": 43.8648223877
    },
    "spectral_crest": {
        "kurt": 0.771830558777,
        "max": 22.5912246704,
        "mean": 9.5002155304,
        "median": 8.89658927917,
        "min": 2.57807636261,
        "skew": 0.936837315559,
        "var": 12.7786722183
    },
    "spectral_decrease": {
        "kurt": 3.60796642303,
        "max": -2.18707028538e-22,
        "mean": -5.23935173025e-10,
        "median": -3.40842298829e-10,
        "min": -3.15989923116e-09,
        "skew": -1.80869865417,
        "var": 2.75369744238e-19
    },
    "spectral_energy": {
        "kurt": 4.3587012291,
        "max": 0.021446146071,
        "mean": 0.002990239067,
        "median": 0.00169408740476,
        "min": 8.64109819685e-16,
        "skew": 1.94394505024,
        "var": 1.09231832539e-05
    },
    "spectral_energyband_high": {
        "kurt": 6.97270393372,
        "max": 0.0208284966648,
        "mean": 0.00192602071911,
        "median": 0.000683013466187,
        "min": 1.27542879388e-17,
        "skew": 2.31480693817,
        "var": 7.49689024815e-06
    },
    "spectral_energyband_low": {
        "kurt": 4.73540782928,
        "max": 0.000103196151031,
        "mean": 1.62149608514e-05,
        "median": 1.06659590529e-05,
        "min": 3.00243560118e-16,
        "skew": 2.03633522987,
        "var": 3.02756375525e-10
    },
    "spectral_energyband_middle_high": {
        "kurt": 1.07681798935,
        "max": 0.00195371219888,
        "mean": 0.000458982598502,
        "median": 0.00034381786827,
        "min": 9.25971587204e-17,
        "skew": 1.23009550571,
        "var": 1.52331082859e-07
    },
    "spectral_energyband_middle_low": {
        "kurt": 13.4746246338,
        "max": 0.00520330993459,
        "mean": 0.000605819514021,
        "median": 0.000447683705715,
        "min": 4.54227400135e-16,
        "skew": 3.03227448463,
        "var": 3.52116103386e-07
    },
    "spectral_flatness_db": {
        "kurt": 1.02908277512,
        "max": 0.333415210247,
        "mean": 0.176863253117,
        "median": 0.17298977077,
        "min": 0.0801958888769,
        "skew": 0.703918159008,
        "var": 0.00106843269896
    },
    "spectral_flux": {
        "kurt": 0.815219402313,
        "max": 0.121606484056,
        "mean": 0.0310195349157,
        "median": 0.0258046519011,
        "min": 5.19411878486e-05,
        "skew": 0.976728737354,
        "var": 0.000371624279069
    },
    "spectral_kurtosis": {
        "kurt": 4.37255382538,
        "max": 6.83512401581,
        "mean": 1.31686997414,
        "median": 1.11798667908,
        "min": -0.193772792816,
        "skew": 1.7576854229,
        "var": 0.983039021492
    },
    "spectral_rms": {
        "kurt": 0.201534748077,
        "max": 0.00457417406142,
        "mean": 0.00147843081504,
        "median": 0.00128560035955,
        "min": 9.18168818753e-10,
        "skew": 0.762845516205,
        "var": 7.31550073851e-07
    },
    "spectral_rolloff": {
        "kurt": 1.10670852661,
        "max": 6244.62890625,
        "mean": 4438.10644531,
        "median": 4780.37109375,
        "min": 387.59765625,
        "skew": -1.25240850449,
        "var": 1751327.25
    },
    "spectral_skewness": {
        "kurt": 0.28250837326,
        "max": 2.06656074524,
        "mean": 0.531951844692,
        "median": 0.387406468391,
        "min": -0.385745197535,
        "skew": 0.877010345459,
        "var": 0.21200363338
    },
    "spectral_spread": {
        "kurt": 388.012237549,
        "max": 28283222,
        "mean": 4676904,
        "median": 4666258,
        "min": 2980316.25,
        "skew": 17.275056839,
        "var": 1.08524168806e+12
    },
    "spectral_strongpeak": {
        "kurt": 9.33978939056,
        "max": 11.4321842194,
        "mean": 0.843781113625,
        "median": 0.157931238413,
        "min": 0,
        "skew": 2.54006743431,
        "var": 1.76865339279
    },
    "zerocrossingrate": {
        "kurt": 1.16884374619,
        "max": 0.4677734375,
        "mean": 0.144414067268,
        "median": 0.1552734375,
        "min": 0.02978515625,
        "skew": 0.0538124330342,
        "var": 0.00253827543929
    },
    "barkbands": {
        "kurt": [4.1923160553, 13.8637962341, 12.4491214752, 6.65719223022, 21.8602104187, 38.5786552429, 9.6025428772, 27.2658596039, 3.03850126266, 4.79486131668, 12.1770734787, 7.46207237244, 9.12367248535, 6.28765583038, 4.54803991318, 6.65948390961, 2.61877298355, 7.50036239624, 4.86118507385, 4.34948444366, 9.33082103729, 36.633808136, 68.4815826416, 5.89989280701, 23.871969223, 90.0152435303, 104.129501343],
        "max": [1.12162084065e-08, 5.34708888154e-05, 4.21984877903e-05, 0.000294506025966, 0.00403136108071, 0.00230714399368, 0.000414487614762, 0.000522391288541, 0.000160114781465, 6.50596557534e-05, 8.06560419733e-05, 6.97669311194e-05, 5.53067475266e-05, 9.84339276329e-05, 8.9709275926e-05, 0.000274339632597, 0.000661841593683, 0.000731595850084, 0.000587309186812, 0.00291115534492, 0.0101724686101, 0.0164922494441, 0.000684799742885, 1.58608600032e-05, 2.66256793111e-05, 6.93789843353e-07, 4.71703298643e-09],
        "mean": [3.40170380753e-09, 4.0667837311e-06, 3.74824844585e-06, 3.67572829418e-05, 0.000299122941215, 0.000147624654346, 5.062775017e-05, 3.89885462937e-05, 2.96667712973e-05, 1.12765983431e-05, 9.96513063001e-06, 9.81415996648e-06, 6.97888481227e-06, 1.37640145113e-05, 1.42911394505e-05, 3.76848947781e-05, 0.000111706591269, 8.92531461432e-05, 7.88399338489e-05, 0.000321742729284, 0.000989588326775, 0.000656725547742, 2.48475098488e-05, 1.70403779975e-06, 1.43602744629e-06, 1.7094118121e-08, 1.11902952182e-10],
        "median": [3.13426906651e-09, 1.23441202504e-06, 2.22410835704e-06, 2.04770622076e-05, 0.000177360052476, 8.62169472384e-05, 3.62382124877e-05, 2.63331203314e-05, 2.28025710385e-05, 9.28580266191e-06, 8.17299496703e-06, 8.05012950877e-06, 5.72513363295e-06, 1.02283865999e-05, 1.0605940588e-05, 2.68324147328e-05, 7.89079931565e-05, 6.40780563117e-05, 4.98266817885e-05, 0.000156076057465, 0.000351497379597, 0.0001129297234, 7.00488362781e-06, 5.44208262454e-07, 2.5025656214e-07, 3.49961037927e-09, 3.58430334024e-11],
        "min": [9.05159325945e-17, 1.32389648234e-16, 8.32065213332e-17, 7.73449143718e-17, 1.60131724262e-16, 1.07354543922e-16, 6.01921001432e-17, 2.81950302053e-17, 1.70153335021e-17, 1.53820637282e-17, 1.75272921268e-17, 1.52431486705e-17, 6.9104190385e-18, 8.78122613295e-18, 8.59750021992e-18, 4.84202661985e-18, 6.4738244258e-18, 4.4989617326e-18, 4.04898954144e-18, 3.42485964219e-18, 2.79165660559e-18, 1.7744188396e-18, 1.60034509034e-18, 1.53366792231e-18, 1.22514196154e-18, 1.28813869282e-18, 1.42854939648e-18],
        "skew": [1.36654269695, 3.49331712723, 2.74654889107, 2.2842066288, 3.85854959488, 5.1551399231, 2.45688199997, 3.79862260818, 1.51123094559, 1.78239822388, 2.49265670776, 2.09602427483, 2.10239696503, 2.02005720139, 1.88733327389, 2.15781331062, 1.54276430607, 2.13625788689, 2.02691292763, 1.78406119347, 2.70306658745, 4.94619607925, 6.19806241989, 2.32133507729, 4.37131404877, 8.45179080963, 8.90894126892],
        "var": [1.95024559137e-18, 5.9494867366e-11, 1.9114120009e-11, 1.99274174939e-09, 1.57398531542e-07, 4.47668320191e-08, 2.47835840739e-09, 1.90582016835e-09, 5.89038151588e-10, 8.2895107445e-11, 6.96002006029e-11, 6.68934491133e-11, 3.17654860749e-11, 1.47067830136e-10, 1.77589151718e-10, 1.45858314315e-09, 1.19032250723e-08, 7.72213670786e-09, 7.20751502925e-09, 1.48755063378e-07, 2.21985442295e-06, 1.95704933503e-06, 2.09338590906e-09, 6.30581828073e-12, 9.48641946247e-12, 2.5667287882e-15, 9.55304944077e-20],
        "cov": [[1.95313906916e-18, 1.75637226168e-15, 8.47995388441e-16, 4.13685301022e-15, 8.72428689079e-14, 5.32328731605e-14, 8.99228642123e-15, 9.61857326507e-15, 5.33403582534e-15, 2.03260759935e-15, 2.02580528951e-15, 1.04747323571e-15, 1.09369180023e-15, 2.00995709131e-15, 3.23574082093e-15, 1.08206705654e-14, 2.19624614854e-14, 1.99764318043e-14, 2.14956141943e-14, 9.06827577981e-14, 2.97311383412e-13, 1.94939252457e-13, 1.30556652525e-14, 5.6751329227e-16, 2.9866402896e-16, 4.02330020675e-18, 4.50260095248e-21], [1.75637226168e-15, 5.95831370354e-11, 1.37988310014e-11, 8.33375035647e-11, 7.42371497608e-10, 3.54101026279e-10, 1.20766840972e-10, 6.88995666076e-11, 4.00966655711e-11, 1.72847743063e-11, 8.47968743833e-12, 1.44856904249e-11, 1.18544228253e-11, 3.27351236395e-11, 2.64142631379e-11, 5.87741313951e-11, 1.66478567043e-10, 1.77674347457e-10, 1.90197621541e-10, 4.33256902577e-10, 1.7277359543e-09, 1.44933631763e-09, 4.82829505544e-11, 2.73612187594e-12, 2.46725946965e-12, 1.02726385544e-14, 8.24800913192e-17], [8.47995388441e-16, 1.37988310014e-11, 1.91424792684e-11, 9.06708319537e-11, 1.40804520821e-10, 8.64203431039e-11, 3.09384601271e-11, 2.24843494517e-11, 2.40670452317e-11, 6.87881002159e-12, 3.56701213705e-12, 6.0218353741e-12, 4.75614816628e-12, 9.80363533409e-12, 5.18855097775e-12, 8.39438588085e-12, 2.38459373775e-11, 3.65105966293e-11, 2.80481974452e-11, 8.87924803128e-12, 1.91481153849e-11, 2.74248929122e-10, 1.19722539174e-11, 8.77756797368e-14, -1.18451553904e-13, 1.03580084641e-14, -4.07563997729e-17], [4.13685301022e-15, 8.33375035647e-11, 9.06708319537e-11, 1.99569849535e-09, 2.95325031097e-09, 4.73146299917e-10, 4.182532376e-10, 2.21609397499e-10, 2.41741515694e-10, 8.09072392416e-11, 4.12204541334e-11, 3.76074518749e-11, 3.2687155066e-11, 6.16659570629e-11, 5.45260746276e-11, 4.29846817862e-11, 8.09593225792e-11, 1.93051144515e-10, 1.80078368883e-10, -1.22408624903e-10, -1.98450200717e-10, -2.30322649841e-09, -2.62114531469e-11, -1.4115927394e-12, -6.43106054521e-12, -8.03171751654e-14, -1.32918395317e-16], [8.72428689079e-14, 7.42371497608e-10, 1.40804520821e-10, 2.95325031097e-09, 1.57632058517e-07, 3.68088137748e-08, 8.02237476449e-09, 8.04882382965e-09, 3.30084648503e-09, 1.24524723866e-09, 1.00276675852e-09, 1.01642816386e-09, 8.67083460587e-10, 2.31764318848e-09, 2.465712301e-09, 5.64673419134e-09, 1.44945238034e-08, 1.4602774101e-08, 1.71024279183e-08, 3.83810068172e-08, 1.78751335511e-07, 1.65553714737e-07, 7.50876694156e-09, 4.29517782452e-10, 3.99909994009e-10, 3.78199728479e-12, 1.63080371418e-14], [5.32328731605e-14, 3.54101026279e-10, 8.64203431039e-11, 4.73146299917e-10, 3.68088137748e-08, 4.48332535541e-08, 2.61162425019e-09, 4.86915352482e-09, 1.42204303888e-09, 6.99038937846e-10, 7.52839568463e-10, 6.22367712921e-10, 4.3015152551e-10, 1.37674116552e-09, 1.48059564609e-09, 3.27924798427e-09, 9.74832481404e-09, 9.81693659696e-09, 8.57558646317e-09, 2.33757226908e-08, 7.53828928168e-08, 8.6945007638e-08, 4.21547374785e-09, 2.24474203114e-10, 1.80489942436e-10, 2.122525029e-12, 5.55531217138e-15], [8.99228642123e-15, 1.20766840972e-10, 3.09384601271e-11, 4.182532376e-10, 8.02237476449e-09, 2.61162425019e-09, 2.48203546604e-09, 6.84940104634e-10, 3.83424930694e-10, 1.66472904906e-10, 1.34633054705e-10, 1.35701880288e-10, 9.32931856767e-11, 2.31335242629e-10, 2.71911854144e-10, 4.83929951667e-10, 1.3572272195e-09, 1.47105061465e-09, 1.52447265922e-09, 3.74756936594e-09, 1.44605705188e-08, 1.2708444963e-08, 6.04182703867e-10, 3.21794396685e-11, 2.88146485838e-11, 2.71722152157e-13, 1.05374191479e-15], [9.61857326507e-15, 6.88995666076e-11, 2.24843494517e-11, 2.21609397499e-10, 8.04882382965e-09, 4.86915352482e-09, 6.84940104634e-10, 1.90864790639e-09, 4.95795404731e-10, 1.71412620209e-10, 1.41886766225e-10, 1.27766769387e-10, 9.35968524907e-11, 2.64677030293e-10, 2.77290412853e-10, 5.09201014687e-10, 1.859378429e-09, 1.61145508049e-09, 1.69425506957e-09, 4.66483429662e-09, 1.66660676371e-08, 1.68204845608e-08, 7.76437525385e-10, 4.29456782636e-11, 3.69102248765e-11, 3.47596246491e-13, 1.17638868566e-15], [5.33403582534e-15, 4.00966655711e-11, 2.40670452317e-11, 2.41741515694e-10, 3.30084648503e-09, 1.42204303888e-09, 3.83424930694e-10, 4.95795404731e-10, 5.89912119153e-10, 1.0255590821e-10, 8.11465616923e-11, 6.11024425501e-11, 4.63318411414e-11, 1.05012921969e-10, 1.01286423693e-10, 1.83115786423e-10, 4.70356309457e-10, 5.92315030357e-10, 5.53033063788e-10, 1.03499653292e-09, 2.79100254019e-09, 3.7268237385e-09, 2.29084459735e-10, 1.07753510975e-11, 8.92169584737e-12, 7.16666377393e-14, 5.01054610773e-16], [2.03260759935e-15, 1.72847743063e-11, 6.87881002159e-12, 8.09072392416e-11, 1.24524723866e-09, 6.99038937846e-10, 1.66472904906e-10, 1.71412620209e-10, 1.0255590821e-10, 8.30180993394e-11, 3.44623010684e-11, 2.91352532378e-11, 1.803704755e-11, 4.23778200032e-11, 4.26471635784e-11, 6.58160470568e-11, 2.29769092641e-10, 2.49670922825e-10, 2.71359518189e-10, 7.51141093769e-10, 2.28173790973e-09, 2.40878184066e-09, 1.26964258551e-10, 6.38645429943e-12, 5.25650052999e-12, 4.61766109833e-14, 1.31661941053e-16], [2.02580528951e-15, 8.47968743833e-12, 3.56701213705e-12, 4.12204541334e-11, 1.00276675852e-09, 7.52839568463e-10, 1.34633054705e-10, 1.41886766225e-10, 8.11465616923e-11, 3.44623010684e-11, 6.97034652219e-11, 2.63415348561e-11, 1.64028703814e-11, 3.88602101886e-11, 4.34843272501e-11, 9.16692693975e-11, 2.65430621926e-10, 2.53018994645e-10, 2.64940541728e-10, 7.71233354957e-10, 2.26170127071e-09, 2.34136221522e-09, 1.23166726818e-10, 6.70381979095e-12, 5.19293202189e-12, 5.90309187165e-14, 1.95916457534e-16], [1.04747323571e-15, 1.44856904249e-11, 6.0218353741e-12, 3.76074518749e-11, 1.01642816386e-09, 6.22367712921e-10, 1.35701880288e-10, 1.27766769387e-10, 6.11024425501e-11, 2.91352532378e-11, 2.63415348561e-11, 6.69926961128e-11, 1.95919131613e-11, 4.5408850291e-11, 4.27882104748e-11, 9.29088056489e-11, 3.12132902858e-10, 2.69203520586e-10, 2.58217308646e-10, 7.487557796e-10, 3.07550451772e-09, 2.53038456854e-09, 1.30670890774e-10, 6.286090138e-12, 5.29268079016e-12, 5.79050560756e-14, 1.75856308593e-16], [1.09369180023e-15, 1.18544228253e-11, 4.75614816628e-12, 3.2687155066e-11, 8.67083460587e-10, 4.3015152551e-10, 9.32931856767e-11, 9.35968524907e-11, 4.63318411414e-11, 1.803704755e-11, 1.64028703814e-11, 1.95919131613e-11, 3.18126150423e-11, 3.61910813818e-11, 4.07862910112e-11, 9.15565193105e-11, 2.35173380769e-10, 2.30980193305e-10, 2.46158732287e-10, 7.46696926512e-10, 2.39970221472e-09, 1.83581316815e-09, 8.69748578713e-11, 5.16240175608e-12, 3.99656306313e-12, 3.72385566935e-14, 1.5673795441e-16], [2.00995709131e-15, 3.27351236395e-11, 9.80363533409e-12, 6.16659570629e-11, 2.31764318848e-09, 1.37674116552e-09, 2.31335242629e-10, 2.64677030293e-10, 1.05012921969e-10, 4.23778200032e-11, 3.88602101886e-11, 4.5408850291e-11, 3.61910813818e-11, 1.47286030594e-10, 1.09183828645e-10, 2.57066284926e-10, 7.39463545951e-10, 6.65546839862e-10, 6.55803022998e-10, 1.93225391243e-09, 6.85312073756e-09, 5.29821742035e-09, 2.45289621947e-10, 1.49164864488e-11, 1.21814182005e-11, 1.3332927427e-13, 4.8286944867e-16], [3.23574082093e-15, 2.64142631379e-11, 5.18855097775e-12, 5.45260746276e-11, 2.465712301e-09, 1.48059564609e-09, 2.71911854144e-10, 2.77290412853e-10, 1.01286423693e-10, 4.26471635784e-11, 4.34843272501e-11, 4.27882104748e-11, 4.07862910112e-11, 1.09183828645e-10, 1.77852635397e-10, 3.21399212799e-10, 9.47179223942e-10, 7.90788545757e-10, 8.2550971614e-10, 2.55196108689e-09, 8.79159856026e-09, 6.24124529836e-09, 2.91429103072e-10, 1.75067807473e-11, 1.44613357747e-11, 1.81118331053e-13, 6.57081997184e-16], [1.08206705654e-14, 5.87741313951e-11, 8.39438588085e-12, 4.29846817862e-11, 5.64673419134e-09, 3.27924798427e-09, 4.83929951667e-10, 5.09201014687e-10, 1.83115786423e-10, 6.58160470568e-11, 9.16692693975e-11, 9.29088056489e-11, 9.15565193105e-11, 2.57066284926e-10, 3.21399212799e-10, 1.46074718987e-09, 2.81516299161e-09, 2.06832995175e-09, 2.09798400874e-09, 8.10816125352e-09, 2.56441445856e-08, 1.87977544641e-08, 7.78436370918e-10, 4.87632365043e-11, 4.51426257486e-11, 5.7206344696e-13, 2.07224768249e-15], [2.19624614854e-14, 1.66478567043e-10, 2.38459373775e-11, 8.09593225792e-11, 1.44945238034e-08, 9.74832481404e-09, 1.3572272195e-09, 1.859378429e-09, 4.70356309457e-10, 2.29769092641e-10, 2.65430621926e-10, 3.12132902858e-10, 2.35173380769e-10, 7.39463545951e-10, 9.47179223942e-10, 2.81516299161e-09, 1.1920885612e-08, 6.53610987555e-09, 6.31047303301e-09, 2.68645781176e-08, 9.2802778795e-08, 5.90643551845e-08, 2.19289386649e-09, 1.63835042755e-10, 1.35502220555e-10, 1.84515900822e-12, 9.16444756183e-15], [1.99764318043e-14, 1.77674347457e-10, 3.65105966293e-11, 1.93051144515e-10, 1.4602774101e-08, 9.81693659696e-09, 1.47105061465e-09, 1.61145508049e-09, 5.92315030357e-10, 2.49670922825e-10, 2.53018994645e-10, 2.69203520586e-10, 2.30980193305e-10, 6.65546839862e-10, 7.90788545757e-10, 2.06832995175e-09, 6.53610987555e-09, 7.73359420947e-09, 5.16649700799e-09, 2.00887573243e-08, 6.98184052794e-08, 5.24821857084e-08, 1.98586458389e-09, 1.25824350938e-10, 1.20825002781e-10, 1.33529396307e-12, 4.49854285496e-15], [2.14956141943e-14, 1.90197621541e-10, 2.80481974452e-11, 1.80078368883e-10, 1.71024279183e-08, 8.57558646317e-09, 1.52447265922e-09, 1.69425506957e-09, 5.53033063788e-10, 2.71359518189e-10, 2.64940541728e-10, 2.58217308646e-10, 2.46158732287e-10, 6.55803022998e-10, 8.2550971614e-10, 2.09798400874e-09, 6.31047303301e-09, 5.16649700799e-09, 7.21820869742e-09, 2.00226804026e-08, 6.77347813394e-08, 4.52653345917e-08, 2.00098826397e-09, 1.39905226293e-10, 1.12070436264e-10, 1.0690771185e-12, 5.05541323118e-15], [9.06827577981e-14, 4.33256902577e-10, 8.87924803128e-12, -1.22408624903e-10, 3.83810068172e-08, 2.33757226908e-08, 3.74756936594e-09, 4.66483429662e-09, 1.03499653292e-09, 7.51141093769e-10, 7.71233354957e-10, 7.487557796e-10, 7.46696926512e-10, 1.93225391243e-09, 2.55196108689e-09, 8.10816125352e-09, 2.68645781176e-08, 2.00887573243e-08, 2.00226804026e-08, 1.48975757952e-07, 3.83164149298e-07, 1.93161042716e-07, 7.7981434643e-09, 7.18980597281e-10, 5.14316478295e-10, 5.05424695152e-12, 2.64780805246e-14], [2.97311383412e-13, 1.7277359543e-09, 1.91481153849e-11, -1.98450200717e-10, 1.78751335511e-07, 7.53828928168e-08, 1.44605705188e-08, 1.66660676371e-08, 2.79100254019e-09, 2.28173790973e-09, 2.26170127071e-09, 3.07550451772e-09, 2.39970221472e-09, 6.85312073756e-09, 8.79159856026e-09, 2.56441445856e-08, 9.2802778795e-08, 6.98184052794e-08, 6.77347813394e-08, 3.83164149298e-07, 2.22314793064e-06, 1.06726156446e-06, 3.14368868715e-08, 2.73196576472e-09, 3.03431813009e-09, 2.63278582963e-11, 1.03555246247e-13], [1.94939252457e-13, 1.44933631763e-09, 2.74248929122e-10, -2.30322649841e-09, 1.65553714737e-07, 8.6945007638e-08, 1.2708444963e-08, 1.68204845608e-08, 3.7268237385e-09, 2.40878184066e-09, 2.34136221522e-09, 2.53038456854e-09, 1.83581316815e-09, 5.29821742035e-09, 6.24124529836e-09, 1.87977544641e-08, 5.90643551845e-08, 5.24821857084e-08, 4.52653345917e-08, 1.93161042716e-07, 1.06726156446e-06, 1.95995289687e-06, 3.62963561429e-08, 1.89826909747e-09, 3.50743567523e-09, 5.29257367099e-11, 7.17340818907e-14], [1.30556652525e-14, 4.82829505544e-11, 1.19722539174e-11, -2.62114531469e-11, 7.50876694156e-09, 4.21547374785e-09, 6.04182703867e-10, 7.76437525385e-10, 2.29084459735e-10, 1.26964258551e-10, 1.23166726818e-10, 1.30670890774e-10, 8.69748578713e-11, 2.45289621947e-10, 2.91429103072e-10, 7.78436370918e-10, 2.19289386649e-09, 1.98586458389e-09, 2.00098826397e-09, 7.7981434643e-09, 3.14368868715e-08, 3.62963561429e-08, 2.09649164695e-09, 7.10358646905e-11, 7.20405818333e-11, 1.04098316338e-12, 2.16016038505e-15], [5.6751329227e-16, 2.73612187594e-12, 8.77756797368e-14, -1.4115927394e-12, 4.29517782452e-10, 2.24474203114e-10, 3.21794396685e-11, 4.29456782636e-11, 1.07753510975e-11, 6.38645429943e-12, 6.70381979095e-12, 6.286090138e-12, 5.16240175608e-12, 1.49164864488e-11, 1.75067807473e-11, 4.87632365043e-11, 1.63835042755e-10, 1.25824350938e-10, 1.39905226293e-10, 7.18980597281e-10, 2.73196576472e-09, 1.89826909747e-09, 7.10358646905e-11, 6.31517407812e-12, 5.00843637397e-12, 5.04683371916e-14, 1.98916026193e-16], [2.9866402896e-16, 2.46725946965e-12, -1.18451553904e-13, -6.43106054521e-12, 3.99909994009e-10, 1.80489942436e-10, 2.88146485838e-11, 3.69102248765e-11, 8.92169584737e-12, 5.25650052999e-12, 5.19293202189e-12, 5.29268079016e-12, 3.99656306313e-12, 1.21814182005e-11, 1.44613357747e-11, 4.51426257486e-11, 1.35502220555e-10, 1.20825002781e-10, 1.12070436264e-10, 5.14316478295e-10, 3.03431813009e-09, 3.50743567523e-09, 7.20405818333e-11, 5.00843637397e-12, 9.50049414139e-12, 8.2772452629e-14, 1.68994944673e-16], [4.02330020675e-18, 1.02726385544e-14, 1.03580084641e-14, -8.03171751654e-14, 3.78199728479e-12, 2.122525029e-12, 2.71722152157e-13, 3.47596246491e-13, 7.16666377393e-14, 4.61766109833e-14, 5.90309187165e-14, 5.79050560756e-14, 3.72385566935e-14, 1.3332927427e-13, 1.81118331053e-13, 5.7206344696e-13, 1.84515900822e-12, 1.33529396307e-12, 1.0690771185e-12, 5.05424695152e-12, 2.63278582963e-11, 5.29257367099e-11, 1.04098316338e-12, 5.04683371916e-14, 8.2772452629e-14, 2.57053704833e-15, 1.69036457146e-18], [4.50260095248e-21, 8.24800913192e-17, -4.07563997729e-17, -1.32918395317e-16, 1.63080371418e-14, 5.55531217138e-15, 1.05374191479e-15, 1.17638868566e-15, 5.01054610773e-16, 1.31661941053e-16, 1.95916457534e-16, 1.75856308593e-16, 1.5673795441e-16, 4.8286944867e-16, 6.57081997184e-16, 2.07224768249e-15, 9.16444756183e-15, 4.49854285496e-15, 5.05541323118e-15, 2.64780805246e-14, 1.03555246247e-13, 7.17340818907e-14, 2.16016038505e-15, 1.98916026193e-16, 1.68994944673e-16, 1.69036457146e-18, 9.56722330981e-20]]
    },
    "mfcc": {
        "kurt": [5.16622638702, -1.14730083942, 0.40482378006, 1.94101667404, 4.54790210724, 0.731293916702, 0.351350545883, -0.341459035873, 0.662783145905, 0.470311641693, 0.284914493561, 1.39584445953, 0.103019237518],
        "max": [-648.727111816, 130.973236084, 11.2325897217, 93.1384277344, 20.6550140381, 30.8592128754, -2.67028808594e-05, 6.52831840515, 30.4173069, 3.23853874207, 16.0821037292, 22.5209522247, 11.947221756],
        "mean": [-763.12701416, 67.5634002686, -34.5790939331, 66.0966186523, -43.4122962952, 1.51189506054, -29.3248634338, -15.2275791168, -3.18273949623, -24.8750114441, -9.45351600647, -8.85417842865, -8.48945236206],
        "median": [-752.027770996, 64.5633544922, -36.1724052429, 68.8574981689, -44.1780815125, 2.30600738525, -29.5846252441, -15.3645820618, -3.75668716431, -24.7433242798, -9.2857170105, -9.3289680481, -8.46556854248],
        "min": [-1138.42004395, -20.0939502716, -69.014289856, 8.01086425781e-05, -78.8358764648, -35.7249107361, -58.3630142212, -40.3789596558, -30.0596160889, -47.8509292603, -34.1271362305, -34.4620895386, -28.6047821045],
        "skew": [-1.82206368446, -0.0610965415835, 0.520944476128, -1.20838117599, 1.44092619419, -0.432275474072, -0.0236796811223, -0.0190606396645, 0.396596223116, -0.0378246344626, -0.0357188135386, 0.395605355501, 0.0185720957816],
        "var": [5420.76171875, 1093.46179199, 167.070602417, 244.169998169, 147.331420898, 96.9672775269, 82.5304718018, 58.91173172, 70.3406219482, 55.5698280334, 57.4508399963, 47.0628547668, 44.7901573181],
        "cov": [[5428.8046875, -1168.93237305, -230.84815979, 846.378540039, -643.184082031, 420.352416992, -359.968597412, -24.9884777069, 187.827545166, -175.69732666, -1.59189105034, 12.3967514038, 72.4264678955], [-1168.93237305, 1095.08410645, -78.91796875, -203.105636597, 144.12399292, -139.784713745, 88.7568817139, 59.4177017212, -120.864936829, 81.3555526733, 23.9185504913, -61.6216430664, -48.12682724], [-230.84815979, -78.91796875, 167.318481445, -51.5636367798, 39.6754875183, -3.47889876366, 28.1966667175, -5.54950380325, 11.5792264938, -4.60600042343, 20.7526569366, 7.20152187347, 11.3441438675], [846.378540039, -203.105636597, -51.5636367798, 244.532272339, -68.9784088135, 89.5079879761, -56.7360343933, -4.147793293, 57.8072319031, -24.0022277832, -12.4229135513, 19.0281658173, 10.3086023331], [-643.184082031, 144.12399292, 39.6754875183, -68.9784088135, 147.550018311, -35.3069152832, 48.2892723083, 1.36400473118, -23.4666919708, 34.4363441467, -3.15380716324, 8.77948284149, -6.00062465668], [420.352416992, -139.784713745, -3.47889876366, 89.5079879761, -35.3069152832, 97.1111450195, -15.7838363647, 19.1523399353, 30.5961990356, -18.051448822, 18.0701656342, 4.26012134552, 22.3049316406], [-359.968597412, 88.7568817139, 28.1966667175, -56.7360343933, 48.2892723083, -15.7838363647, 82.652923584, 12.5132675171, -0.223725229502, 24.3177967072, -3.73607444763, 13.0419483185, -6.04916286469], [-24.9884777069, 59.4177017212, -5.54950380325, -4.147793293, 1.36400473118, 19.1523399353, 12.5132675171, 58.9991378784, 6.3844742775, 11.0132188797, 20.7670631409, -6.99302864075, 9.36245918274], [187.827545166, -120.864936829, 11.5792264938, 57.8072319031, -23.4666919708, 30.5961990356, -0.223725229502, 6.3844742775, 70.444984436, -5.61561155319, 5.115234375, 19.3893737793, 6.14245510101], [-175.69732666, 81.3555526733, -4.60600042343, -24.0022277832, 34.4363441467, -18.051448822, 24.3177967072, 11.0132188797, -5.61561155319, 55.6522750854, 2.17322802544, 7.38151741028, 0.489503711462], [-1.59189105034, 23.9185504913, 20.7526569366, -12.4229135513, -3.15380716324, 18.0701656342, -3.73607444763, 20.7670631409, 5.115234375, 2.17322802544, 57.5360794067, -1.90773308277, 17.2021007538], [12.3967514038, -61.6216430664, 7.20152187347, 19.0281658173, 8.77948284149, 4.26012134552, 13.0419483185, -6.99302864075, 19.3893737793, 7.38151741028, -1.90773308277, 47.1326789856, 13.4089174271], [72.4264678955, -48.12682724, 11.3441438675, 10.3086023331, -6.00062465668, 22.3049316406, -6.04916286469, 9.36245918274, 6.14245510101, 0.489503711462, 17.2021007538, 13.4089174271, 44.8566093445]]
    },
    "sccoeffs": {
        "kurt": [1.34720897675, 0.563947439194, 0.834861278534, 1.40032100677, 0.154621124268, 1.13060331345],
        "max": [-0.361526280642, -0.607243061066, -0.731690049171, -0.750090479851, -0.678415119648, -0.45811650157],
        "mean": [-0.595573604107, -0.797110021114, -0.843492090702, -0.844243228436, -0.804861009121, -0.642280697823],
        "median": [-0.594832360744, -0.802062392235, -0.844245970249, -0.845577538013, -0.806118071079, -0.634046256542],
        "min": [-0.991242349148, -0.961469650269, -0.993652760983, -0.979177594185, -0.972220778465, -0.9733954072],
        "skew": [-0.157115980983, 0.50288194418, 0.0653535574675, -0.0120911942795, 0.22716794908, -0.793420672417],
        "var": [0.00556183792651, 0.00230282056145, 0.000958426273428, 0.000581410597079, 0.0016920628259, 0.004578942433],
        "cov": [[0.00557008991018, 0.000586837995797, 0.000385727034882, 0.000420743075665, 0.000451539584901, 0.00102526624687], [0.000586837995797, 0.00230623735115, 0.000143423050758, 0.000279725936707, 0.000373406917788, 0.000897435296793], [0.000385727034882, 0.000143423050758, 0.000959848286584, 9.70797627815e-05, 0.000185172393685, 0.000387388136005], [0.000420743075665, 0.000279725936707, 9.70797627815e-05, 0.000582273234613, 0.000354350137059, 0.000704818579834], [0.000451539584901, 0.000373406917788, 0.000185172393685, 0.000354350137059, 0.00169457332231, 0.00194640504196], [0.00102526624687, 0.000897435296793, 0.000387388136005, 0.000704818579834, 0.00194640504196, 0.00458573643118]]
    },
    "scvalleys": {
        "kurt": [46.9134178162, 87.9083099365, 94.9085998535, 100.121498108, 65.6981048584, 31.9179954529],
        "max": [-6.7220954895, -5.68798494339, -6.48815393448, -6.82379770279, -6.25614118576, -8.39454936981],
        "mean": [-8.29022884369, -6.84052658081, -7.64294862747, -7.94562149048, -7.39289569855, -10.1144886017],
        "median": [-8.23847389221, -6.7174539566, -7.50706911087, -7.81564092636, -7.21607398987, -10.1210517883],
        "min": [-18.990945816, -19.9853496552, -20.3973064423, -21.206823349, -21.9289665222, -22.9432678223],
        "skew": [-4.23812627792, -7.14451122284, -7.50529575348, -7.53902816772, -5.63220453262, -3.15184164047],
        "var": [0.670876562595, 0.751564562321, 0.672715127468, 0.699401378632, 1.0248259306, 1.12971866131],
        "cov": [[0.671871900558, 0.526191592216, 0.489367216825, 0.520663201809, 0.599682211876, 0.54151570797], [0.526191592216, 0.752679586411, 0.634370326996, 0.642358958721, 0.718177497387, 0.651414394379], [0.489367216825, 0.634370326996, 0.673713207245, 0.615336060524, 0.697095572948, 0.641460001469], [0.520663201809, 0.642358958721, 0.615336060524, 0.700439095497, 0.791957616806, 0.735190212727], [0.599682211876, 0.718177497387, 0.697095572948, 0.791957616806, 1.02634644508, 0.992949068546], [0.54151570797, 0.651414394379, 0.641460001469, 0.735190212727, 0.992949068546, 1.13139486313]]
    }
},
"rhythm": {
    "beats_loudness": {
        "kurt": 0.633028030396,
        "max": 0.00954588036984,
        "mean": 0.00260082678869,
        "median": 0.00163905217778,
        "min": 0.000170576124219,
        "skew": 1.30276238918,
        "var": 6.38580922896e-06
    },
    "bpm": 135.77444458,
    "confidence": 1.20447683334,
    "first_peak_bpm": {
        "kurt": 0,
        "max": 136,
        "mean": 136,
        "median": 136,
        "min": 136,
        "skew": 0,
        "var": 0
    },
    "first_peak_spread": {
        "kurt": 0,
        "max": 0.538461565971,
        "mean": 0.538461565971,
        "median": 0.538461565971,
        "min": 0.538461565971,
        "skew": 0,
        "var": 0
    },
    "first_peak_weight": {
        "kurt": 0,
        "max": 0.20000000298,
        "mean": 0.20000000298,
        "median": 0.20000000298,
        "min": 0.20000000298,
        "skew": 0,
        "var": 0
    },
    "onset_rate": 1.98355805874,
    "second_peak_bpm": {
        "kurt": 0,
        "max": 108,
        "mean": 108,
        "median": 108,
        "min": 108,
        "skew": 0,
        "var": 0
    },
    "second_peak_spread": {
        "kurt": 0,
        "max": 0.666666686535,
        "mean": 0.666666686535,
        "median": 0.666666686535,
        "min": 0.666666686535,
        "skew": 0,
        "var": 0
    },
    "second_peak_weight": {
        "kurt": 0,
        "max": 0.133333340287,
        "mean": 0.133333340287,
        "median": 0.133333340287,
        "min": 0.133333340287,
        "skew": 0,
        "var": 0
    },
    "beats_loudness_band_ratio": {
        "kurt": [2.55044698715, -0.0868899822235, -0.497820138931, 1.4253616333, -1.0634521246, -1.48773229122],
        "max": [0.274533003569, 0.765366256237, 0.231060683727, 0.0982877835631, 0.225930601358, 0.914424180984],
        "mean": [0.0583684109151, 0.249482750893, 0.0854156538844, 0.0304492563009, 0.129244893789, 0.481202363968],
        "median": [0.0336221195757, 0.180936485529, 0.0714997947216, 0.0241899974644, 0.121877938509, 0.495135873556],
        "min": [0.00178357877303, 0.0150096481666, 0.00772865302861, 0.00458777695894, 0.0429723709822, 0.0413880087435],
        "skew": [1.77080953121, 0.860807776451, 0.644282996655, 1.2189334631, 0.24589407444, -0.0914471372962],
        "var": [0.00436508469284, 0.0354719348252, 0.00363449193537, 0.000484370219056, 0.0030532469973, 0.0752268210053],
        "cov": [[0.00451058754697, 0.0062301652506, 0.00247111404315, 0.000577387632802, 0.000364319130313, -0.0121581768617], [0.0062301652506, 0.0366543345153, 0.00718529941514, 0.00264803739265, -9.0053617896e-05, -0.0491424649954], [0.00247111404315, 0.00718529941514, 0.00375564163551, 0.00090273830574, 0.00108157424256, -0.013941901736], [0.000577387632802, 0.00264803739265, 0.00090273830574, 0.00050051586004, 0.00015639749472, -0.00447694631293], [0.000364319130313, -9.0053617896e-05, 0.00108157424256, 0.00015639749472, 0.00315502192825, -0.00429305713624], [-0.0121581768617, -0.0491424649954, -0.013941901736, -0.00447694631293, -0.00429305713624, 0.0777343809605]]
    },
    "beats_position": [0.441179126501, 0.882358253002, 1.31192743778, 1.74149656296, 2.18267560005, 2.58902478218, 3.03020405769, 3.45977306366, 3.90095233917, 4.35374164581, 4.80653047562, 5.24770975113, 5.6888885498, 6.14167785645, 6.6176867485, 7.08208608627, 7.53487491608, 8.01088428497, 8.47528362274, 9.03256225586, 9.57823085785, 10.1239004135, 10.6695690155, 11.2152376175, 11.749297142, 12.2833557129, 12.8174142838, 13.3514738083, 13.9087524414, 14.4660310745, 15.0233106613],
    "bpm_estimates": [135.999176025, 139.674819946, 139.674835205, 135.999206543, 135.999130249, 139.674880981, 135.999130249, 132.511962891, 132.51210022, 135.999130249, 135.999282837, 132.511962891, 132.51210022],
    "bpm_intervals": [0.441179126501, 0.42956918478, 0.429569125175, 0.441179037094, 0.406349182129, 0.441179275513, 0.429569005966, 0.441179275513, 0.452789306641, 0.452788829803, 0.441179275513, 0.441178798676, 0.452789306641, 0.476008892059, 0.464399337769, 0.452788829803, 0.476009368896, 0.464399337769, 0.557278633118, 0.54566860199, 0.545669555664, 0.54566860199, 0.54566860199, 0.534059524536, 0.534058570862, 0.534058570862, 0.534059524536, 0.557278633118, 0.557278633118, 0.557279586792],
    "onset_times": [0.18575963378, 0.325079351664, 0.568888902664, 0.673378705978, 0.870748281479, 1.11455786228, 1.6137868166, 3.7151927948, 3.77324271202, 3.9125623703, 4.40018129349, 5.07356023788, 6.72217702866, 7.47682523727, 7.56970500946, 7.81351470947, 8.103764534, 8.62621307373, 9.06739234924, 9.77560043335, 9.91492080688, 10.3328800201, 10.4489793777, 11.1223583221, 11.3429479599, 11.8189573288, 12.2833557129, 12.4575052261, 12.4923353195, 13.5256233215, 14.5473012924],
    "histogram": [[0, 0, 0, 0, 0, 0, 0, 0, 0, 0, 0, 0, 0, 0, 0, 0, 0, 0, 0, 0, 0, 0, 0, 0, 0, 0, 0, 0, 0, 0, 0, 0, 0, 0, 0, 0, 0, 0, 0, 0, 0, 0, 0, 0, 0, 0, 0, 0, 0, 0, 0, 0, 0, 0, 0, 0, 0, 0, 0, 0, 0, 0, 0, 0, 0, 0, 0, 0, 0, 0, 0, 0, 0, 0, 0, 0, 0, 0, 0, 0, 0, 0, 0, 0, 0, 0, 0, 0, 0, 0, 0, 0, 0, 0, 0, 0, 0, 0, 0, 0, 0, 0, 0, 0, 0, 0, 0, 0, 0.133333340287, 0, 0.133333340287, 0, 0.133333340287, 0, 0, 0, 0, 0, 0, 0, 0, 0, 0, 0, 0, 0, 0.0666666701436, 0, 0, 0.0666666701436, 0, 0, 0, 0.133333340287, 0, 0, 0.20000000298, 0, 0, 0, 0.10000000149, 0, 0, 0, 0, 0, 0, 0, 0.0333333350718, 0, 0, 0, 0, 0, 0, 0, 0, 0, 0, 0, 0, 0, 0, 0, 0, 0, 0, 0, 0, 0, 0, 0, 0, 0, 0, 0, 0, 0, 0, 0, 0, 0, 0, 0, 0, 0, 0, 0, 0, 0, 0, 0, 0, 0, 0, 0, 0, 0, 0, 0, 0, 0, 0, 0, 0, 0, 0, 0, 0, 0, 0, 0, 0, 0, 0, 0, 0, 0, 0, 0, 0, 0, 0, 0, 0, 0, 0, 0, 0, 0, 0, 0, 0, 0, 0, 0, 0, 0, 0, 0, 0, 0, 0, 0, 0, 0, 0, 0, 0, 0]]
},
"sfx": {
    "inharmonicity": {
        "kurt": 4.68136882782,
        "max": 0.365536302328,
        "mean": 0.0371518842876,
        "median": 0,
        "min": 0,
        "skew": 2.07077264786,
        "var": 0.00371788488701
    },
    "oddtoevenharmonicenergyratio": {
        "kurt": 126.936172485,
        "max": 49.4217948914,
        "mean": 0.809604287148,
        "median": 0,
        "min": 0,
        "skew": 10.3744163513,
        "var": 11.6667776108
    },
    "pitch_after_max_to_before_max_energy_ratio": 0.646585524082,
    "pitch_centroid": 446.08770752,
    "pitch_max_to_total": 0.774814844131,
    "pitch_min_to_total": 0.346666663885,
    "tristimulus": {
        "kurt": [-1.62080395222, 1.09548139572, -0.980916500092],
        "max": [1, 0.895693957806, 1],
        "mean": [0.667025148869, 0.155904844403, 0.17707003653],
        "median": [1, 0, 0],
        "min": [0, 0, 0],
        "skew": [-0.388024121523, 1.38910341263, 0.847045063972],
        "var": [0.143291041255, 0.0470852479339, 0.0627131015062],
        "cov": [[0.143503636122, -0.0639267936349, -0.0795782953501], [-0.0639267936349, 0.0471551083028, 0.0167715623975], [-0.0795782953501, 0.0167715623975, 0.0628061518073]]
    }
},
"tonal": {
    "chords_changes_rate": 0.0591715984046,
    "chords_number_rate": 0.0118343196809,
    "chords_strength": {
        "kurt": -0.0420651435852,
        "max": 0.668820142746,
        "mean": 0.530405819416,
        "median": 0.53032463789,
        "min": 0.34861317277,
        "skew": -0.295612722635,
        "var": 0.0047664665617
    },
    "key_strength": 0.392349541187,
    "tuning_diatonic_strength": 0.487643480301,
    "tuning_equal_tempered_deviation": 0.210381597281,
    "tuning_frequency": 443.572570801,
    "tuning_nontempered_energy_ratio": 0.882623612881,
    "hpcp": {
        "kurt": [8.3050775528, 3.00440120697, 1.85737037659, 0.5974650383, 1.14685916901, 6.3192615509, 7.79468536377, 2.8508849144, 0.919923067093, 0.914883613586, 1.00320053101, 0.457424640656, -0.5184237957, -1.11833953857, -1.28105413914, -1.32900905609, -1.0776591301, 0.210118293762, 5.09573745728, 10.6443986893, 8.24228096008, 4.2294049263, 3.15944194794, 4.1830496788, 3.88596248627, 5.70428180695, 4.04174804688, 6.10292434692, 10.6101036072, 10.0355205536, 11.9963769913, 8.28595352173, 7.88459300995, 9.9474363327, 12.9670915604, 13.7721176147],
