{
"metadata": {
    "version": {
        "essentia": "2.1-beta3"
    }
},
"lowLevel": {
    "average_loudness": 0.975616931915,
    "barkbands_kurtosis": {
        "kurt": 41.4370803833,
        "max": 40.638874054,
        "mean": 1.43490660191,
        "median": 0.829849243164,
        "min": -1.78642213345,
        "skew": 5.31141424179,
        "var": 17.6262226105
    },
    "barkbands_skewness": {
        "kurt": 0.744547843933,
        "max": 5.31458616257,
        "mean": -0.282104223967,
        "median": -0.522038757801,
        "min": -3.9579668045,
        "skew": 0.739967226982,
        "var": 1.9297580719
    },
    "barkbands_spread": {
        "kurt": -0.367609262466,
        "max": 66.1186676025,
        "mean": 23.2035694122,
        "median": 17.5183410645,
        "min": 2.70940303802,
        "skew": 0.803684651852,
        "var": 203.348068237
    },
    "dissonance": {
        "kurt": 3.10538864136,
        "max": 0.500000059605,
        "mean": 0.481922209263,
        "median": 0.489591270685,
        "min": 0.397141605616,
        "skew": -1.77395415306,
        "var": 0.000421865523094
    },
    "hfc": {
        "kurt": 11.2782297134,
        "max": 20.0340232849,
        "mean": 2.05108451843,
        "median": 0.100936181843,
        "min": 4.16960428993e-05,
        "skew": 2.33129715919,
        "var": 6.92768573761
    },
    "pitch": {
        "kurt": -1.81281256676,
        "max": 4443.35107422,
        "mean": 1939.29931641,
        "median": 722.45690918,
        "min": 57.7016448975,
        "skew": 0.298032671213,
        "var": 3313578.75
    },
    "pitch_instantaneous_confidence": {
        "kurt": 1.41348934174,
        "max": 0.865884125233,
        "mean": 0.407798230648,
        "median": 0.366109073162,
        "min": 0.176661431789,
        "skew": 1.31009709835,
        "var": 0.0169071145356
    },
    "pitch_salience": {
        "kurt": 1.07917356491,
        "max": 0.986817955971,
        "mean": 0.68668371439,
        "median": 0.708696007729,
        "min": 0.367010325193,
        "skew": -0.554242014885,
        "var": 0.0113649042323
    },
    "silence_rate_20dB": {
        "kurt": 0,
        "max": 1,
        "mean": 1,
        "median": 1,
        "min": 1,
        "skew": 0,
        "var": 0
    },
    "silence_rate_30dB": {
        "kurt": 0,
        "max": 1,
        "mean": 1,
        "median": 1,
        "min": 1,
        "skew": 0,
        "var": 0
    },
    "silence_rate_60dB": {
        "kurt": 0,
        "max": 1,
        "mean": 1,
        "median": 1,
        "min": 1,
        "skew": 0,
        "var": 0
    },
    "spectral_centroid": {
        "kurt": -1.63543736935,
        "max": 4387.37695312,
        "mean": 2506.49316406,
        "median": 2477.33154297,
        "min": 227.4140625,
        "skew": -0.108999289572,
        "var": 1838886.25
    },
    "spectral_complexity": {
        "kurt": 8.33263206482,
        "max": 12,
        "mean": 1.22222220898,
        "median": 0,
        "min": 0,
        "skew": 2.47761702538,
        "var": 3.53792047501
    },
    "spectral_crest": {
        "kurt": 3.28676128387,
        "max": 21.6688213348,
        "mean": 7.95688867569,
        "median": 7.12367916107,
        "min": 3.48181891441,
        "skew": 1.74010586739,
        "var": 10.5560321808
    },
    "spectral_decrease": {
        "kurt": 8.12757015228,
        "max": -1.12961838505e-14,
        "mean": -9.83971029656e-11,
        "median": -1.52429284472e-11,
        "min": -8.65870264377e-10,
        "skew": -2.21413826942,
        "var": 1.67011740019e-20
    },
    "spectral_energy": {
        "kurt": 8.99268531799,
        "max": 0.00508514558896,
        "mean": 0.000557412800845,
        "median": 9.18620207813e-05,
        "min": 4.64163285585e-08,
        "skew": 2.21370863914,
        "var": 5.18450690379e-07
    },
    "spectral_energyband_high": {
        "kurt": 22.6925182343,
        "max": 0.00328200054355,
        "mean": 0.000262153538642,
        "median": 6.75665069139e-06,
        "min": 9.93792159676e-10,
        "skew": 3.6588909626,
        "var": 1.46247060684e-07
    },
    "spectral_energyband_low": {
        "kurt": 46.5729751587,
        "max": 1.50796395246e-05,
        "mean": 6.32283217783e-07,
        "median": 1.37494865271e-07,
        "min": 8.73958772019e-09,
        "skew": 6.4389705658,
        "var": 2.74608591075e-12
    },
    "spectral_energyband_middle_high": {
        "kurt": 3.55155849457,
        "max": 0.00174698396586,
        "mean": 0.00027152619441,
        "median": 3.35261302098e-06,
        "min": 1.38849225451e-08,
        "skew": 1.57679212093,
        "var": 1.16690756613e-07
    },
    "spectral_energyband_middle_low": {
        "kurt": 26.207365036,
        "max": 0.000593956618104,
        "mean": 2.76672908512e-05,
        "median": 1.05435574369e-05,
        "min": 2.0489611785e-08,
        "skew": 4.88737869263,
        "var": 5.63050717162e-09
    },
    "spectral_flatness_db": {
        "kurt": 1.93557357788,
        "max": 0.295072376728,
        "mean": 0.158421188593,
        "median": 0.160408243537,
        "min": 0.0873140990734,
        "skew": 0.492087543011,
        "var": 0.000882467720658
    },
    "spectral_flux": {
        "kurt": 1.17147684097,
        "max": 0.062118947506,
        "mean": 0.0118395248428,
        "median": 0.0109915519133,
        "min": 0.000175898137968,
        "skew": 1.04311311245,
        "var": 0.000163675649674
    },
    "spectral_kurtosis": {
        "kurt": -0.797145605087,
        "max": 12.4660215378,
        "mean": 3.37842798233,
        "median": 1.65036869049,
        "min": 0.159469842911,
        "skew": 0.670486986637,
        "var": 6.90196895599
    },
    "spectral_rms": {
        "kurt": -0.993875265121,
        "max": 0.00222735665739,
        "mean": 0.000518663437106,
        "median": 0.000299368490232,
        "min": 6.72935539114e-06,
        "skew": 0.407481878996,
        "var": 2.74805529443e-07
    },
    "spectral_rolloff": {
        "kurt": -0.603656053543,
        "max": 6416.89453125,
        "mean": 3998.90869141,
        "median": 4371.24023438,
        "min": 279.931640625,
        "skew": -0.729258775711,
        "var": 2793713.25
    },
    "spectral_skewness": {
        "kurt": -0.267389059067,
        "max": 3.09433674812,
        "mean": 1.26904189587,
        "median": 0.989007174969,
        "min": 0.520384073257,
        "skew": 0.809072911739,
        "var": 0.244471251965
    },
    "spectral_spread": {
        "kurt": 11.5582771301,
        "max": 15621654,
        "mean": 5714594.5,
        "median": 6138848.5,
        "min": 2639241.75,
        "skew": 1.45097219944,
        "var": 1.9693151191e+12
    },
    "spectral_strongpeak": {
        "kurt": -1.27114927769,
        "max": 1.84256160259,
        "mean": 0.546907663345,
        "median": 0.0396181978285,
        "min": 0.000142343051266,
        "skew": 0.66291564703,
        "var": 0.44399496913
    },
    "zerocrossingrate": {
        "kurt": -1.5409463644,
        "max": 0.208984375,
        "mean": 0.127883180976,
        "median": 0.1171875,
        "min": 0.013671875,
        "skew": -0.0927682965994,
        "var": 0.00327126937918
    },
    "barkbands": {
        "kurt": [23.4489459991, 112.884864807, 70.8589096069, 56.6299438477, 74.6796875, 37.8910827637, 41.3137817383, 49.0084342957, 27.4792766571, 91.6120376587, 48.9495124817, 77.6630706787, 31.8424530029, 46.1139984131, 2.43524599075, 24.6422748566, 12.6896944046, 0.387907981873, 6.86396503448, 48.9244117737, 11.0799093246, -0.841434955597, -0.27844953537, -0.904030799866, -1.13378286362, -0.621384382248, -0.973060846329],
        "max": [7.64913110629e-09, 2.84201723844e-06, 8.7620865088e-06, 2.24519317271e-05, 0.000116196111776, 9.40519239521e-05, 0.000108590422315, 0.000164035736816, 0.000211130187381, 0.000490571197588, 0.000226833333727, 0.000810249766801, 0.000338011421263, 0.000315106386552, 0.000124566198792, 0.000139676558319, 0.000265664217295, 0.000219869092689, 0.000486258533783, 0.00284333596937, 0.000765069387853, 0.000289643590804, 0.000130199274281, 1.78281879926e-05, 9.25371841731e-06, 7.62765864692e-07, 1.54294588217e-09],
        "mean": [5.10115283348e-10, 4.46306280821e-08, 2.80854095536e-07, 7.37337359169e-07, 2.77550702776e-06, 3.54430881089e-06, 3.57540352525e-06, 5.07554250362e-06, 9.15972668736e-06, 9.78662046691e-06, 7.56573490435e-06, 2.31085177802e-05, 1.98050001927e-05, 1.20485137813e-05, 1.8805034415e-05, 9.85556926025e-06, 2.38418251683e-05, 3.63371364074e-05, 5.32650228706e-05, 0.000146156875417, 7.88156830822e-05, 6.2407234509e-05, 2.43423110078e-05, 3.69077633877e-06, 2.2274150524e-06, 1.5985671098e-07, 3.7051986479e-10],
        "median": [2.43482456419e-10, 9.94085169737e-09, 6.9934451119e-08, 9.32618036131e-08, 4.90578202061e-07, 5.5191770798e-07, 3.80396670607e-07, 3.04039105004e-07, 2.10315832305e-07, 1.01754807247e-07, 8.78499051282e-08, 1.08807768129e-07, 1.80355513635e-07, 1.5027391953e-07, 5.4409472483e-08, 2.18879478098e-07, 4.99702480283e-07, 3.27146921109e-07, 9.05066713131e-07, 2.63782612819e-06, 2.26974930229e-06, 1.17123113341e-06, 4.50566119525e-07, 7.95321284386e-08, 5.91160933539e-08, 1.70244196518e-09, 2.84029431918e-11],
        "min": [3.29612292321e-12, 9.26894339059e-10, 3.02697644727e-09, 3.4886116218e-10, 1.81010761935e-09, 1.92186599968e-09, 4.10669276363e-10, 7.79170172827e-10, 3.89092869035e-10, 6.8479270865e-11, 1.40999295573e-10, 8.41321803891e-11, 7.73307945456e-11, 5.9552224263e-10, 2.40488767789e-10, 8.41305336508e-09, 3.20664078624e-10, 5.6713816976e-10, 5.40702038698e-10, 4.12271217165e-10, 4.18879098074e-10, 1.77182282735e-10, 4.53938171774e-11, 2.47413721455e-11, 1.78090320269e-11, 1.75700936005e-12, 1.04380310547e-13],
        "skew": [4.51530838013, 10.3091497421, 7.76491832733, 7.11229991913, 8.42015647888, 5.81464862823, 6.07654333115, 6.33939361572, 5.13508987427, 8.98197078705, 6.51940488815, 8.1359128952, 4.99593114853, 6.295358181, 1.6265963316, 4.38576316833, 2.66958642006, 0.878610789776, 2.05925393105, 5.99225664139, 2.5208697319, 0.68277823925, 0.770151674747, 0.574441552162, 0.519781589508, 0.735317647457, 0.60980284214],
        "var": [9.76713670799e-19, 5.47306069822e-14, 6.44333599063e-13, 5.10637409093e-12, 1.33762320664e-10, 1.14109867388e-10, 1.4612266952e-10, 2.70511640865e-10, 7.98722421536e-10, 1.78559911301e-09, 5.44128631041e-10, 5.20012033434e-09, 1.54760604332e-09, 1.20641152623e-09, 6.97000623884e-10, 3.48031992115e-10, 1.17145737555e-09, 1.81531867316e-09, 5.31218224964e-09, 7.82769618013e-08, 1.15925455901e-08, 5.33588995211e-09, 8.04326272252e-10, 1.73815475901e-11, 6.23236401723e-12, 3.5430984996e-14, 1.80356005069e-19],
        "cov": [[9.81908985432e-19, 7.51434558896e-17, 3.31130298903e-16, 6.52827615388e-16, 3.86753846112e-15, 2.75455093271e-15, 4.17508595987e-15, 7.72974823797e-15, 8.05375189282e-15, 7.73865140128e-15, 8.08574009207e-15, 1.51361518127e-14, 1.14308807239e-14, 2.0021954743e-14, 6.21520165927e-15, 5.44970283297e-15, 9.14708423344e-15, 6.98044722272e-15, 2.53369136923e-14, 5.51910778093e-14, 2.55435168866e-14, 7.29383967232e-15, 3.14258381975e-16, 1.12443253171e-16, 1.35356579655e-16, 1.75642972923e-18, 1.6641917497e-20], [7.51434558896e-17, 5.50217288181e-14, 1.31927590597e-13, 3.57727329746e-13, 1.31749689283e-12, 8.18470020491e-13, 1.34586634372e-12, 1.42882656661e-12, 9.95952452454e-13, 9.03256581943e-13, 8.01616802451e-13, 5.48446271037e-13, 1.35196096939e-12, 1.75527225133e-12, 9.37331375711e-13, 1.7520335226e-12, 3.44484987411e-12, 1.96356494432e-12, 8.60553208554e-12, 4.39490666082e-11, 1.22983975434e-11, 4.31006359075e-12, -1.02013293917e-14, 2.23950111419e-15, 7.65029180413e-14, -4.54606817956e-16, 6.2437748475e-19], [3.31130298903e-16, 1.31927590597e-13, 6.4776087055e-13, 1.56144249006e-12, 8.02067006561e-12, 5.3245164354e-12, 7.30936144944e-12, 8.64432310455e-12, 5.76197943525e-12, 3.31194446868e-12, 3.30040725652e-12, 2.83919567544e-12, 4.359295043e-12, 5.7828858889e-12, 5.85555302163e-12, 8.22706399534e-12, 1.75554223936e-11, 1.06806750944e-11, 2.52973249987e-11, 8.89281842609e-11, 3.16357738617e-11, 1.63636604267e-11, 2.82284265407e-12, 5.15644167989e-13, 5.59446098388e-13, 2.49971298137e-14, 4.70041644227e-17], [6.52827615388e-16, 3.57727329746e-13, 1.56144249006e-12, 5.13353552375e-12, 2.32371257652e-11, 1.28690972809e-11, 1.97291297882e-11, 1.82131185134e-11, 1.42605510733e-11, 1.17894817173e-11, 9.30790514109e-12, 1.46015179114e-11, 1.3939842336e-11, 1.56895572923e-11, 1.54600672542e-11, 1.82741946575e-11, 4.23939980343e-11, 3.40268403731e-11, 7.66830696164e-11, 3.23766874422e-10, 9.96451254842e-11, 4.7990465768e-11, 7.94971900808e-12, 1.54572611221e-12, 1.35421697727e-12, 6.28778916412e-14, 1.2315325687e-16], [3.86753846112e-15, 1.31749689283e-12, 8.02067006561e-12, 2.32371257652e-11, 1.34473820967e-10, 8.5960433216e-11, 1.19360452078e-10, 1.21889234816e-10, 1.0874014883e-10, 9.05261560158e-11, 6.02163111041e-11, 2.9752013353e-11, 5.06707453773e-11, 5.95480609267e-11, 4.93803713197e-11, 9.71132202432e-11, 2.00047756138e-10, 1.06437782199e-10, 2.19945978097e-10, 8.07071576236e-10, 2.57643656409e-10, 9.23180420997e-11, 5.32560852514e-14, 2.83347043745e-12, 4.00539627507e-12, 6.04602902032e-14, 1.11841118625e-16], [2.75455093271e-15, 8.18470020491e-13, 5.3245164354e-12, 1.28690972809e-11, 8.5960433216e-11, 1.14716833255e-10, 1.18250950698e-10, 1.20074006293e-10, 1.52184972957e-10, 1.45499598481e-10, 7.99895219505e-11, 5.5885136796e-11, 3.32147157001e-11, 3.83431238149e-11, 5.05451097643e-11, 8.48747461202e-11, 1.57549390201e-10, 7.97097318705e-11, 1.44206049879e-10, 3.33543470621e-10, 1.40962130857e-10, 7.59926704896e-11, 1.13027096363e-11, 3.29387342055e-12, 4.36208534571e-12, 1.39925750023e-13, 2.94596762036e-16], [4.17508595987e-15, 1.34586634372e-12, 7.30936144944e-12, 1.97291297882e-11, 1.19360452078e-10, 1.18250950698e-10, 1.46899922782e-10, 1.43372855255e-10, 1.87250881467e-10, 2.23375665187e-10, 1.36184757915e-10, 7.66891411486e-11, 9.21119638897e-11, 6.84642342819e-11, 6.38749400594e-11, 1.12900848392e-10, 2.05424316446e-10, 1.26401930589e-10, 2.43623871077e-10, 8.48936976272e-10, 2.81601075791e-10, 1.01035083078e-10, 2.96922599355e-12, 2.95867150224e-12, 4.77720423983e-12, 8.96423506171e-14, 1.66615258548e-16], [7.72974823797e-15, 1.42882656661e-12, 8.64432310455e-12, 1.82131185134e-11, 1.21889234816e-10, 1.20074006293e-10, 1.43372855255e-10, 2.71950545416e-10, 3.45843936822e-10, 1.85564175137e-10, 1.91042431874e-10, 5.09937203574e-10, 1.95158986194e-10, 8.76998543231e-11, 8.89354562217e-11, 1.9452690847e-10, 3.28681915018e-10, 1.9960980091e-10, 4.49678683179e-10, 1.1302181413e-09, 4.56867876863e-10, 1.88206894514e-10, 4.4299307278e-11, 7.91047349152e-12, 9.03517191619e-12, 3.68910360159e-13, 7.62663859966e-16], [8.05375189282e-15, 9.95952452454e-13, 5.76197943525e-12, 1.42605510733e-11, 1.0874014883e-10, 1.52184972957e-10, 1.87250881467e-10, 3.45843936822e-10, 8.02970967495e-10, 7.66528673868e-10, 4.55088827733e-10, 4.43239167591e-10, 4.13618000961e-10, 2.01288402613e-10, 1.65326696777e-10, 1.80680789774e-10, 2.89341800519e-10, 3.41011274774e-10, 5.48152356838e-10, 1.61405577792e-09, 6.6827254841e-10, 2.50687165471e-10, 8.04567940049e-11, 1.3029078684e-11, 1.22452152584e-11, 5.35758883004e-13, 1.17372137891e-15], [7.73865140128e-15, 9.03256581943e-13, 3.31194446868e-12, 1.17894817173e-11, 9.05261560158e-11, 1.45499598481e-10, 2.23375665187e-10, 1.85564175137e-10, 7.66528673868e-10, 1.79509707099e-09, 8.07619415788e-10, 1.88195445339e-10, 2.53588594568e-10, 6.41261543866e-10, 4.33391045274e-10, 1.85331222591e-10, 1.97906593891e-10, 3.92188864717e-10, 6.02094929469e-10, 1.08220465922e-09, 6.84818590724e-10, 2.56537457943e-10, 9.99014759806e-11, 1.91587596482e-11, 1.59637771752e-11, 7.89738337659e-13, 1.64428460353e-15], [8.08574009207e-15, 8.01616802451e-13, 3.30040725652e-12, 9.30790514109e-12, 6.02163111041e-11, 7.99895219505e-11, 1.36184757915e-10, 1.91042431874e-10, 4.55088827733e-10, 8.07619415788e-10, 5.47022926956e-10, 7.85339238085e-10, 4.08202610602e-10, 2.88830681594e-10, 2.31873562018e-10, 2.05888237015e-10, 2.86881768341e-10, 4.20648182953e-10, 6.97254698423e-10, 2.07398209717e-09, 8.63550730923e-10, 3.6035219253e-10, 1.21719509472e-10, 1.96640481676e-11, 1.50507384333e-11, 8.19036028235e-13, 1.69028802168e-15], [1.51361518127e-14, 5.48446271037e-13, 2.83919567544e-12, 1.46015179114e-11, 2.9752013353e-11, 5.5885136796e-11, 7.66891411486e-11, 5.09937203574e-10, 4.43239167591e-10, 1.88195445339e-10, 7.85339238085e-10, 5.22778043077e-09, 9.61110191433e-10, 3.40243250241e-10, 3.93883536898e-10, 8.44991077109e-10, 1.09459330488e-09, 1.12936637819e-09, 2.28714203132e-09, 6.81346401521e-09, 2.67788502484e-09, 1.36317324095e-09, 5.65825220011e-10, 8.50145023823e-11, 5.03524236195e-11, 3.55896106856e-12, 7.74306274887e-15], [1.14308807239e-14, 1.35196096939e-12, 4.359295043e-12, 1.3939842336e-11, 5.06707453773e-11, 3.32147157001e-11, 9.21119638897e-11, 1.95158986194e-10, 4.13618000961e-10, 2.53588594568e-10, 4.08202610602e-10, 9.61110191433e-10, 1.55583790296e-09, 3.41770362011e-10, 3.60133395327e-10, 2.98093383311e-10, 7.02873481639e-10, 9.41735578408e-10, 1.59514257358e-09, 5.3187605431e-09, 2.26760232813e-09, 1.39921496611e-09, 5.11686304439e-10, 7.18282378021e-11, 4.81912010297e-11, 3.06148465953e-12, 7.67422692234e-15], [2.0021954743e-14, 1.75527225133e-12, 5.7828858889e-12, 1.56895572923e-11, 5.95480609267e-11, 3.83431238149e-11, 6.84642342819e-11, 8.76998543231e-11, 2.01288402613e-10, 6.41261543866e-10, 2.88830681594e-10, 3.40243250241e-10, 3.41770362011e-10, 1.21282861532e-09, 4.47594156183e-10, 2.02222280588e-10, 2.8554242304e-10, 4.77881290095e-10, 1.2987906306e-09, 2.64085642243e-09, 1.53795176594e-09, 8.32647839566e-10, 3.07225411778e-10, 4.63538235573e-11, 2.86893044044e-11, 1.89343202575e-12, 4.89634425534e-15], [6.21520165927e-15, 9.37331375711e-13, 5.85555302163e-12, 1.54600672542e-11, 4.93803713197e-11, 5.05451097643e-11, 6.38749400594e-11, 8.89354562217e-11, 1.65326696777e-10, 4.33391045274e-10, 2.31873562018e-10, 3.93883536898e-10, 3.60133395327e-10, 4.47594156183e-10, 7.00708047141e-10, 2.08609088337e-10, 4.94512819582e-10, 8.07569788819e-10, 1.31273891757e-09, 3.0374682769e-09, 1.70564729007e-09, 1.36528122141e-09, 4.98814489713e-10, 7.9941941955e-11, 4.86797269161e-11, 3.51936188525e-12, 7.98665078977e-15], [5.44970283297e-15, 1.7520335226e-12, 8.22706399534e-12, 1.82741946575e-11, 9.71132202432e-11, 8.48747461202e-11, 1.12900848392e-10, 1.9452690847e-10, 1.80680789774e-10, 1.85331222591e-10, 2.05888237015e-10, 8.44991077109e-10, 2.98093383311e-10, 2.02222280588e-10, 2.08609088337e-10, 3.49883233497e-10, 5.17586862259e-10, 3.99757643654e-10, 7.75756625604e-10, 2.75990208465e-09, 1.16402476547e-09, 6.39939712332e-10, 2.09169348508e-10, 3.29946348021e-11, 2.44313371617e-11, 1.40230481307e-12, 3.04946662912e-15], [9.14708423344e-15, 3.44484987411e-12, 1.75554223936e-11, 4.23939980343e-11, 2.00047756138e-10, 1.57549390201e-10, 2.05424316446e-10, 3.28681915018e-10, 2.89341800519e-10, 1.97906593891e-10, 2.86881768341e-10, 1.09459330488e-09, 7.02873481639e-10, 2.8554242304e-10, 4.94512819582e-10, 5.17586862259e-10, 1.17768850227e-09, 1.00119323942e-09, 1.72003911114e-09, 5.87466209012e-09, 2.71147526654e-09, 1.69442637699e-09, 5.84237991319e-10, 8.87849030407e-11, 5.99162872095e-11, 4.03500236695e-12, 8.72062093219e-15], [6.98044722272e-15, 1.96356494432e-12, 1.06806750944e-11, 3.40268403731e-11, 1.06437782199e-10, 7.97097318705e-11, 1.26401930589e-10, 1.9960980091e-10, 3.41011274774e-10, 3.92188864717e-10, 4.20648182953e-10, 1.12936637819e-09, 9.41735578408e-10, 4.77881290095e-10, 8.07569788819e-10, 3.99757643654e-10, 1.00119323942e-09, 1.82497461587e-09, 2.47229303696e-09, 7.42833483613e-09, 3.53021478716e-09, 2.70218225573e-09, 9.56757006954e-10, 1.47778275728e-10, 9.20366352575e-11, 6.33599813241e-12, 1.41785802188e-14], [2.53369136923e-14, 8.60553208554e-12, 2.52973249987e-11, 7.66830696164e-11, 2.19945978097e-10, 1.44206049879e-10, 2.43623871077e-10, 4.49678683179e-10, 5.48152356838e-10, 6.02094929469e-10, 6.97254698423e-10, 2.28714203132e-09, 1.59514257358e-09, 1.2987906306e-09, 1.31273891757e-09, 7.75756625604e-10, 1.72003911114e-09, 2.47229303696e-09, 5.34043875788e-09, 1.53064068087e-08, 6.43681108414e-09, 3.89442167403e-09, 1.25313703858e-09, 1.94218321981e-10, 1.29442831454e-10, 8.59207063136e-12, 1.96033205673e-14], [5.51910778093e-14, 4.39490666082e-11, 8.89281842609e-11, 3.23766874422e-10, 8.07071576236e-10, 3.33543470621e-10, 8.48936976272e-10, 1.1302181413e-09, 1.61405577792e-09, 1.08220465922e-09, 2.07398209717e-09, 6.81346401521e-09, 5.3187605431e-09, 2.64085642243e-09, 3.0374682769e-09, 2.75990208465e-09, 5.87466209012e-09, 7.42833483613e-09, 1.53064068087e-08, 7.86933256336e-08, 2.69448925394e-08, 1.26848496151e-08, 3.12674264258e-09, 4.83093343107e-10, 3.32398303327e-10, 1.90328412752e-11, 4.48312346718e-14], [2.55435168866e-14, 1.22983975434e-11, 3.16357738617e-11, 9.96451254842e-11, 2.57643656409e-10, 1.40962130857e-10, 2.81601075791e-10, 4.56867876863e-10, 6.6827254841e-10, 6.84818590724e-10, 8.63550730923e-10, 2.67788502484e-09, 2.26760232813e-09, 1.53795176594e-09, 1.70564729007e-09, 1.16402476547e-09, 2.71147526654e-09, 3.53021478716e-09, 6.43681108414e-09, 2.69448925394e-08, 1.16542082651e-08, 6.14259976217e-09, 1.93779725599e-09, 2.93224250436e-10, 1.89774043702e-10, 1.27354507148e-11, 2.88851652016e-14], [7.29383967232e-15, 4.31006359075e-12, 1.63636604267e-11, 4.7990465768e-11, 9.23180420997e-11, 7.59926704896e-11, 1.01035083078e-10, 1.88206894514e-10, 2.50687165471e-10, 2.56537457943e-10, 3.6035219253e-10, 1.36317324095e-09, 1.39921496611e-09, 8.32647839566e-10, 1.36528122141e-09, 6.39939712332e-10, 1.69442637699e-09, 2.70218225573e-09, 3.89442167403e-09, 1.26848496151e-08, 6.14259976217e-09, 5.3642721376e-09, 1.77575665283e-09, 2.70925004653e-10, 1.63684649168e-10, 1.16803485287e-11, 2.65531259496e-14], [3.14258381975e-16, -1.02013293917e-14, 2.82284265407e-12, 7.94971900808e-12, 5.32560852514e-14, 1.13027096363e-11, 2.96922599355e-12, 4.4299307278e-11, 8.04567940049e-11, 9.99014759806e-11, 1.21719509472e-10, 5.65825220011e-10, 5.11686304439e-10, 3.07225411778e-10, 4.98814489713e-10, 2.09169348508e-10, 5.84237991319e-10, 9.56757006954e-10, 1.25313703858e-09, 3.12674264258e-09, 1.93779725599e-09, 1.77575665283e-09, 8.08604572189e-10, 1.0596106631e-10, 6.30554775061e-11, 4.65489842852e-12, 1.0548792471e-14], [1.12443253171e-16, 2.23950111419e-15, 5.15644167989e-13, 1.54572611221e-12, 2.83347043745e-12, 3.29387342055e-12, 2.95867150224e-12, 7.91047349152e-12, 1.3029078684e-11, 1.91587596482e-11, 1.96640481676e-11, 8.50145023823e-11, 7.18282378021e-11, 4.63538235573e-11, 7.9941941955e-11, 3.29946348021e-11, 8.87849030407e-11, 1.47778275728e-10, 1.94218321981e-10, 4.83093343107e-10, 2.93224250436e-10, 2.70925004653e-10, 1.0596106631e-10, 1.74740031472e-11, 9.4278283097e-12, 7.05440642967e-13, 1.59805936862e-15], [1.35356579655e-16, 7.65029180413e-14, 5.59446098388e-13, 1.35421697727e-12, 4.00539627507e-12, 4.36208534571e-12, 4.77720423983e-12, 9.03517191619e-12, 1.22452152584e-11, 1.59637771752e-11, 1.50507384333e-11, 5.03524236195e-11, 4.81912010297e-11, 2.86893044044e-11, 4.86797269161e-11, 2.44313371617e-11, 5.99162872095e-11, 9.20366352575e-11, 1.29442831454e-10, 3.32398303327e-10, 1.89774043702e-10, 1.63684649168e-10, 6.30554775061e-11, 9.4278283097e-12, 6.26551458285e-12, 4.14764007644e-13, 9.33999619894e-16], [1.75642972923e-18, -4.54606817956e-16, 2.49971298137e-14, 6.28778916412e-14, 6.04602902032e-14, 1.39925750023e-13, 8.96423506171e-14, 3.68910360159e-13, 5.35758883004e-13, 7.89738337659e-13, 8.19036028235e-13, 3.55896106856e-12, 3.06148465953e-12, 1.89343202575e-12, 3.51936188525e-12, 1.40230481307e-12, 4.03500236695e-12, 6.33599813241e-12, 8.59207063136e-12, 1.90328412752e-11, 1.27354507148e-11, 1.16803485287e-11, 4.65489842852e-12, 7.05440642967e-13, 4.14764007644e-13, 3.56194464386e-14, 7.21979848423e-17], [1.6641917497e-20, 6.2437748475e-19, 4.70041644227e-17, 1.2315325687e-16, 1.11841118625e-16, 2.94596762036e-16, 1.66615258548e-16, 7.62663859966e-16, 1.17372137891e-15, 1.64428460353e-15, 1.69028802168e-15, 7.74306274887e-15, 7.67422692234e-15, 4.89634425534e-15, 7.98665078977e-15, 3.04946662912e-15, 8.72062093219e-15, 1.41785802188e-14, 1.96033205673e-14, 4.48312346718e-14, 2.88851652016e-14, 2.65531259496e-14, 1.0548792471e-14, 1.59805936862e-15, 9.33999619894e-16, 7.21979848423e-17, 1.81315353633e-19]]
    },
    "mfcc": {
        "kurt": [-1.93385267258, -0.878034114838, -1.81929659843, 7.21849536896, -1.074903965, 3.52093839645, 2.74657917023, 1.63354063034, -0.818902730942, 0.444268703461, 1.1205368042, 0.646278142929, 1.06366157532],
        "max": [-698.73223877, 74.71925354, 45.3587989807, 74.3529663086, 24.66954422, 29.3962402344, 14.9629249573, 11.3723087311, 10.6969566345, 22.8967838287, 14.0168952942, 13.801574707, 22.1883563995],
        "mean": [-940.778015137, 7.09133529663, -24.0738964081, 14.8301401138, -19.3075771332, -1.30086040497, -5.44800233841, -6.69329786301, -9.915102005, -5.2542090416, -4.92687511444, -5.87804508209, -2.83940553665],
        "median": [-953.299621582, 13.1630973816, -7.80026245117, 12.7151527405, -23.1608963013, -0.170322418213, -5.49480819702, -6.04721069336, -10.4906463623, -6.11350250244, -4.5975227356, -5.46050834656, -3.37867736816],
        "min": [-1135.23535156, -37.4790611267, -83.9819793701, -19.0690002441, -98.6293869019, -42.8931312561, -47.5746307373, -40.7353668213, -33.0361785889, -24.5030517578, -28.166852951, -29.2864494324, -21.6990795135],
        "skew": [0.0177419614047, 0.152643233538, 0.00253443932161, 2.03615283966, -0.221599251032, -1.13028788567, -0.8558421731, -0.793431043625, -0.00626604584977, 0.609197497368, -0.270466178656, -0.331539005041, 0.430700838566],
        "var": [29841.8828125, 598.761230469, 1619.54602051, 159.619293213, 652.977416992, 89.8892593384, 86.4835205078, 68.0650024414, 94.6086730957, 82.3007202148, 41.2029037476, 47.9091377258, 46.1724967957],
        "cov": [[30000.6171875, -2850.95581055, -6690.55175781, 45.9131698608, -4122.37011719, 20.1862163544, -582.676391602, -455.75302124, -1181.15234375, -964.741577148, -332.678161621, -215.390151978, -347.637115479], [-2850.95581055, 601.946105957, 780.431945801, 55.1122360229, 342.884613037, -84.942024231, 4.95260286331, -16.1763134003, 112.531791687, 94.193649292, 4.12695074081, 6.76404285431, 32.0374717712], [-6690.55175781, 780.431945801, 1628.16052246, 63.5340042114, 911.189819336, -30.0434856415, 87.5905990601, 62.1409454346, 239.448516846, 187.37298584, 44.2420845032, 45.1727523804, 79.3207092285], [45.9131698608, 55.1122360229, 63.5340042114, 160.468338013, 19.1848526001, 28.1696567535, 8.45565128326, -46.5418205261, -14.1503620148, -20.435251236, -22.442533493, 0.849911868572, 5.77698707581], [-4122.37011719, 342.884613037, 911.189819336, 19.1848526001, 656.450683594, 58.3997001648, 115.325828552, 71.4444885254, 171.924728394, 121.859634399, 45.0871772766, 25.28099823, 43.4068565369], [20.1862163544, -84.942024231, -30.0434856415, 28.1696567535, 58.3997001648, 90.3673934937, 48.6601829529, 14.9466686249, 13.7324676514, -13.0456027985, -4.24437713623, 2.1994869709, -7.30845546722], [-582.676391602, 4.95260286331, 87.5905990601, 8.45565128326, 115.325828552, 48.6601829529, 86.9435348511, 48.401966095, 52.1268081665, 40.5694389343, 17.2227039337, -7.40036249161, -3.95434808731], [-455.75302124, -16.1763134003, 62.1409454346, -46.5418205261, 71.4444885254, 14.9466686249, 48.401966095, 68.4270553589, 45.6247558594, 37.1035690308, 17.5188140869, -4.58370876312, -7.38028812408], [-1181.15234375, 112.531791687, 239.448516846, -14.1503620148, 171.924728394, 13.7324676514, 52.1268081665, 45.6247558594, 95.111907959, 63.4364395142, 23.5211982727, 8.38678741455, 9.38656806946], [-964.741577148, 94.193649292, 187.37298584, -20.435251236, 121.859634399, -13.0456027985, 40.5694389343, 37.1035690308, 63.4364395142, 82.7384872437, 37.7687606812, -0.981837809086, 6.218542099], [-332.678161621, 4.12695074081, 44.2420845032, -22.442533493, 45.0871772766, -4.24437713623, 17.2227039337, 17.5188140869, 23.5211982727, 37.7687606812, 41.4220657349, 9.47988414764, 9.39421081543], [-215.390151978, 6.76404285431, 45.1727523804, 0.849911868572, 25.28099823, 2.1994869709, -7.40036249161, -4.58370876312, 8.38678741455, -0.981837809086, 9.47988414764, 48.163974762, 31.0281772614], [-347.637115479, 32.0374717712, 79.3207092285, 5.77698707581, 43.4068565369, -7.30845546722, -3.95434808731, -7.38028812408, 9.38656806946, 6.218542099, 9.39421081543, 31.0281772614, 46.418094635]]
    },
    "sccoeffs": {
        "kurt": [-0.979289770126, -0.0545091629028, 1.57737827301, 0.761142969131, -1.15456497669, -1.31981289387],
        "max": [-0.569314718246, -0.735701262951, -0.661723792553, -0.723220586777, -0.761796534061, -0.660519361496],
        "mean": [-0.761577308178, -0.844170033932, -0.85999506712, -0.827745079994, -0.84457308054, -0.80213958025],
        "median": [-0.760850965977, -0.849065005779, -0.863107919693, -0.830423474312, -0.831838190556, -0.795139670372],
        "min": [-0.90661996603, -0.916903972626, -0.940799474716, -0.960421085358, -0.923135995865, -0.895831823349],
        "skew": [0.233141198754, 0.530857384205, 0.823552489281, -0.231138944626, -0.360268741846, 0.0128482012078],
        "var": [0.00666561024264, 0.00143903901335, 0.00210929964669, 0.00146269414108, 0.00148278905544, 0.00252115214244],
        "cov": [[0.00670106569305, 0.000373979157303, 0.00201514735818, 0.00124431913719, 0.001607927843, 0.00289296219125], [0.000373979157303, 0.00144669355359, 0.000229261931963, 0.000290057942038, 0.000316867633956, 9.09926238819e-05], [0.00201514735818, 0.000229261931963, 0.00212051952258, 0.000706806546077, 0.000793643470388, 0.00111590197776], [0.00124431913719, 0.000290057942038, 0.000706806546077, 0.00147047452629, 0.000509166682605, 0.00084312458057], [0.001607927843, 0.000316867633956, 0.000793643470388, 0.000509166682605, 0.0014906761935, 0.00121955038048], [0.00289296219125, 9.09926238819e-05, 0.00111590197776, 0.00084312458057, 0.00121955038048, 0.00253456248902]]
    },
    "scvalleys": {
        "kurt": [2.32549333572, -1.56725132465, -1.74522733688, -1.82521212101, -1.86531066895, -1.9306627512],
        "max": [-7.85237550735, -6.22169160843, -5.97872304916, -6.33409690857, -6.22621917725, -8.47117900848],
        "mean": [-10.429476738, -9.40477180481, -9.76167583466, -9.88042449951, -9.53132534027, -11.5863084793],
        "median": [-10.4982824326, -9.25105571747, -9.76640224457, -10.1736383438, -9.28012657166, -10.9280452728],
        "min": [-11.9436578751, -12.0456161499, -13.0961523056, -13.0599050522, -13.0876626968, -14.9709501266],
        "skew": [0.910583496094, 0.0252045281231, -0.0393514111638, -0.044955983758, -0.0595159418881, -0.0546902753413],
        "var": [0.393066674471, 2.64298129082, 4.85017633438, 5.09471797943, 6.03031015396, 8.36365318298],
        "cov": [[0.395157456398, 0.596939921379, 0.807738184929, 0.836343586445, 0.903629720211, 1.03027069569], [0.596939921379, 2.65703964233, 3.42388558388, 3.48666000366, 3.81915283203, 4.46784210205], [0.807738184929, 3.42388558388, 4.87597513199, 4.91838502884, 5.31434679031, 6.19699859619], [0.836343586445, 3.48666000366, 4.91838502884, 5.12181758881, 5.50463008881, 6.40059137344], [0.903629720211, 3.81915283203, 5.31434679031, 5.50463008881, 6.06238651276, 7.06384849548], [1.03027069569, 4.46784210205, 6.19699859619, 6.40059137344, 7.06384849548, 8.40814113617]]
    }
},
"rhythm": {
    "beats_loudness": {
        "kurt": -0.697284698486,
        "max": 0.00177027564496,
        "mean": 0.000722832337487,
        "median": 0.000811481440905,
        "min": 4.29665703905e-07,
        "skew": 0.0897048041224,
        "var": 3.00012345633e-07
    },
    "bpm": 150.261962891,
    "confidence": 0,
    "first_peak_bpm": {
        "kurt": 0,
        "max": 152,
        "mean": 152,
        "median": 152,
        "min": 152,
        "skew": 0,
        "var": 0
    },
    "first_peak_spread": {
        "kurt": 0,
        "max": 0.400000035763,
        "mean": 0.400000035763,
        "median": 0.400000035763,
        "min": 0.400000035763,
        "skew": 0,
        "var": 0
    },
    "first_peak_weight": {
        "kurt": 0,
        "max": 0.333333343267,
        "mean": 0.333333343267,
        "median": 0.333333343267,
        "min": 0.333333343267,
        "skew": 0,
        "var": 0
    },
    "onset_rate": 0.68722987175,
    "second_peak_bpm": {
        "kurt": 0,
        "max": 144,
        "mean": 144,
        "median": 144,
        "min": 144,
        "skew": 0,
        "var": 0
    },
    "second_peak_spread": {
        "kurt": 0,
        "max": 0,
        "mean": 0,
        "median": 0,
        "min": 0,
        "skew": 0,
        "var": 0
    },
    "second_peak_weight": {
        "kurt": 0,
        "max": 0.222222223878,
        "mean": 0.222222223878,
        "median": 0.222222223878,
        "min": 0.222222223878,
        "skew": 0,
        "var": 0
    },
    "beats_loudness_band_ratio": {
        "kurt": [0.163309574127, 1.01784086227, 0.651582717896, -0.708928823471, -1.07449650764, -0.733344554901],
        "max": [0.156413242221, 0.324563384056, 0.827926814556, 0.266095161438, 0.32140815258, 0.737536847591],
        "mean": [0.0374292656779, 0.0857375860214, 0.239869356155, 0.116716846824, 0.158063173294, 0.414386034012],
        "median": [0.00681713409722, 0.0487403273582, 0.156459033489, 0.100123502314, 0.160671502352, 0.3790576756],
        "min": [0.00033131064265, 0.00335324578919, 0.00745740626007, 0.0109214847907, 0.0499344952404, 0.0272036474198],
        "skew": [1.34650230408, 1.45758330822, 1.1839069128, 0.600125789642, 0.2929443717, 0.0111014079303],
        "var": [0.00294216768816, 0.00938109029084, 0.0595218837261, 0.00704104360193, 0.00784588046372, 0.0433519631624],
        "cov": [[0.0032690751832, 0.00202582939528, -0.000315752142342, -0.00211984058842, 0.000549942546058, -0.00318248686381], [0.00202582939528, 0.0104234330356, 0.0191456507891, -0.00476078409702, -0.00211544125341, -0.0179597828537], [-0.000315752142342, 0.0191456507891, 0.0661354288459, 0.00198069727048, -0.0176641512662, -0.050291262567], [-0.00211984058842, -0.00476078409702, 0.00198069727048, 0.00782338157296, -0.00447098352015, -0.000441233511083], [0.000549942546058, -0.00211544125341, -0.0176641512662, -0.00447098352015, 0.00871764495969, 0.0107332319021], [-0.00318248686381, -0.0179597828537, -0.050291262567, -0.000441233511083, 0.0107332319021, 0.0481688492]]
    },
    "beats_position": [0.394739210606, 0.812698423862, 1.23065757751, 1.62539684772, 2.03174591064, 2.43809509277, 2.80961441994, 3.1811337471, 3.5758728981, 3.97061228752],
    "bpm_estimates": [151.999069214, 147.656295776, 147.656265259, 151.99911499, 151.999023438],
    "bpm_intervals": [0.417959213257, 0.417959153652, 0.39473927021, 0.40634906292, 0.406349182129, 0.371519327164, 0.371519327164, 0.394739151001, 0.39473938942],
    "onset_times": [1.2190476656, 3.1811337471, 3.98222231865],
    "histogram": [[0, 0, 0, 0, 0, 0, 0, 0, 0, 0, 0, 0, 0, 0, 0, 0, 0, 0, 0, 0, 0, 0, 0, 0, 0, 0, 0, 0, 0, 0, 0, 0, 0, 0, 0, 0, 0, 0, 0, 0, 0, 0, 0, 0, 0, 0, 0, 0, 0, 0, 0, 0, 0, 0, 0, 0, 0, 0, 0, 0, 0, 0, 0, 0, 0, 0, 0, 0, 0, 0, 0, 0, 0, 0, 0, 0, 0, 0, 0, 0, 0, 0, 0, 0, 0, 0, 0, 0, 0, 0, 0, 0, 0, 0, 0, 0, 0, 0, 0, 0, 0, 0, 0, 0, 0, 0, 0, 0, 0, 0, 0, 0, 0, 0, 0, 0, 0, 0, 0, 0, 0, 0, 0, 0, 0, 0, 0, 0, 0, 0, 0, 0, 0, 0, 0, 0, 0, 0, 0, 0, 0, 0, 0, 0, 0.222222223878, 0, 0, 0, 0.222222223878, 0, 0, 0, 0.333333343267, 0, 0, 0, 0, 0, 0, 0, 0, 0.222222223878, 0, 0, 0, 0, 0, 0, 0, 0, 0, 0, 0, 0, 0, 0, 0, 0, 0, 0, 0, 0, 0, 0, 0, 0, 0, 0, 0, 0, 0, 0, 0, 0, 0, 0, 0, 0, 0, 0, 0, 0, 0, 0, 0, 0, 0, 0, 0, 0, 0, 0, 0, 0, 0, 0, 0, 0, 0, 0, 0, 0, 0, 0, 0, 0, 0, 0, 0, 0, 0, 0, 0, 0, 0, 0, 0, 0, 0, 0, 0, 0, 0, 0, 0, 0, 0, 0, 0, 0]]
},
"sfx": {
    "inharmonicity": {
        "kurt": 0.553251266479,
        "max": 0.39962720871,
        "mean": 0.0708282142878,
        "median": 0.0230013374239,
        "min": 0,
        "skew": 1.28486168385,
        "var": 0.00913657341152
    },
    "oddtoevenharmonicenergyratio": {
        "kurt": 66.301322937,
        "max": 28.1024150848,
        "mean": 1.08672904968,
        "median": 0.104349195957,
        "min": 0,
        "skew": 7.04738903046,
        "var": 6.53416919708
    },
    "pitch_after_max_to_before_max_energy_ratio": 1.15226590633,
    "pitch_centroid": 101.21672821,
    "pitch_max_to_total": 0.513227522373,
    "pitch_min_to_total": 0.0158730167896,
    "tristimulus": {
        "kurt": [-1.75398826599, 1.28131580353, -1.10210001469],
        "max": [1, 0.966991126537, 1],
        "mean": [0.541165411472, 0.168415740132, 0.290418684483],
        "median": [0.444649457932, 0.0985676124692, 0.256485521793],
        "min": [0, 0, 0],
        "skew": [0.0342448912561, 1.27494776249, 0.551898062229],
        "var": [0.171508803964, 0.0411293320358, 0.0993349999189],
        "cov": [[0.172421082854, -0.0569529421628, -0.115468300879], [-0.0569529421628, 0.0413481034338, 0.0156047847122], [-0.115468300879, 0.0156047847122, 0.0998633801937]]
    }
},
"tonal": {
    "chords_changes_rate": 0.136842101812,
    "chords_number_rate": 0.0631578937173,
    "chords_strength": {
        "kurt": -1.30931210518,
        "max": 0.54714423418,
        "mean": 0.381975024939,
        "median": 0.372210353613,
        "min": 0.248782008886,
        "skew": 0.0749194920063,
        "var": 0.00758944731206
    },
    "key_strength": 0.367278069258,
    "tuning_diatonic_strength": 0.3848528862,
    "tuning_equal_tempered_deviation": 0.239634111524,
    "tuning_frequency": 441.017791748,
    "tuning_nontempered_energy_ratio": 0.863843917847,
    "hpcp": {
        "kurt": [4.09849643707, 1.01256227493, -0.709536790848, -1.54132091999, -0.781031370163, 0.622865915298, 0.493381500244, -0.285032749176, -0.450213670731, -0.0466649532318, -0.889788389206, -0.566886663437, 0.0279319286346, 0.2456138134, 0.16806268692, 2.00578308105, 0.217893362045, -0.880520582199, -0.674574375153, 3.95362567902, 3.49144744873, 5.9924955368, 4.24211025238, 12.3792295456, 1.46281051636, 9.47029876709, 9.47267150879, 9.48044013977, 6.17675590515, 6.29480171204, 4.0885925293, 3.1861038208, 2.51588535309, 3.98138284683, 4.26307582855, 4.13137102127],
        "max": [1, 1, 1, 1, 1, 1, 0.887443840504, 1, 1, 1, 1, 1, 1, 0.917215645313, 0.796969175339, 0.970167696476, 0.808758914471, 0.644025862217, 0.553090274334, 0.928078949451, 1, 1, 0.749107837677, 1, 0.647243618965, 1, 1, 1, 0.91365891695, 0.964186906815, 1, 1, 1, 1, 0.922379612923, 0.804045200348],
        "mean": [0.205745875835, 0.257780462503, 0.436004430056, 0.578316628933, 0.457808971405, 0.302282303572, 0.298228085041, 0.419760018587, 0.409743905067, 0.336325585842, 0.354013741016, 0.330248862505, 0.298421025276, 0.261847615242, 0.224149003625, 0.229813367128, 0.267383575439, 0.26079928875, 0.209497794509, 0.197740450501, 0.205748200417, 0.178784862161, 0.154018446803, 0.145690783858, 0.155598402023, 0.154269054532, 0.134671777487, 0.142994612455, 0.152587220073, 0.167353704572, 0.20435898006, 0.235058814287, 0.232499033213, 0.221196770668, 0.203930497169, 0.184145763516],
