{
"metadata": {
    "version": {
        "essentia": "2.1-beta3"
    }
},
"lowLevel": {
    "average_loudness": 0.699528217316,
    "barkbands_kurtosis": {
        "kurt": 6.60365390778,
        "max": 112.698760986,
        "mean": 17.8104953766,
        "median": 13.8561992645,
        "min": -1.72079360485,
        "skew": 1.76735818386,
        "var": 193.246826172
    },
    "barkbands_skewness": {
        "kurt": 0.421056985855,
        "max": 6.44981336594,
        "mean": -2.0654604435,
        "median": -2.89917612076,
        "min": -9.20216178894,
        "skew": 1.19126343727,
        "var": 8.95408916473
    },
    "barkbands_spread": {
        "kurt": 11.397441864,
        "max": 44.1489753723,
        "mean": 7.16024446487,
        "median": 5.03561496735,
        "min": 0.868355929852,
        "skew": 3.28879618645,
        "var": 48.1591529846
    },
    "dissonance": {
        "kurt": 7.91725063324,
        "max": 0.499915212393,
        "mean": 0.485046714544,
        "median": 0.490349173546,
        "min": 0.39406016469,
        "skew": -2.52042651176,
        "var": 0.000287617818685
    },
    "hfc": {
        "kurt": -0.138330459595,
        "max": 272.337463379,
        "mean": 66.2300338745,
        "median": 28.2142505646,
        "min": 2.20404999709e-05,
        "skew": 1.20540130138,
        "var": 6479.27441406
    },
    "pitch": {
        "kurt": 1.21648693085,
        "max": 4232.52001953,
        "mean": 1181.01806641,
        "median": 689.459106445,
        "min": 49.27293396,
        "skew": 1.51024663448,
        "var": 1346457
    },
    "pitch_instantaneous_confidence": {
        "kurt": 0.798208475113,
        "max": 0.954814791679,
        "mean": 0.752882897854,
        "median": 0.856414556503,
        "min": 0.14860355854,
        "skew": -1.47469210625,
        "var": 0.0457102805376
    },
    "pitch_salience": {
        "kurt": -0.304657459259,
        "max": 0.853657245636,
        "mean": 0.451552659273,
        "median": 0.401445567608,
        "min": 0.220756471157,
        "skew": 0.7619099617,
        "var": 0.0252108052373
    },
    "silence_rate_20dB": {
        "kurt": 0,
        "max": 1,
        "mean": 1,
        "median": 1,
        "min": 1,
        "skew": 0,
        "var": 0
    },
    "silence_rate_30dB": {
        "kurt": 0,
        "max": 1,
        "mean": 1,
        "median": 1,
        "min": 1,
        "skew": 0,
        "var": 0
    },
    "silence_rate_60dB": {
        "kurt": -0.54036450386,
        "max": 1,
        "mean": 0.241469815373,
        "median": 0,
        "min": 0,
        "skew": 1.20815455914,
        "var": 0.183162137866
    },
    "spectral_centroid": {
        "kurt": 0.167939901352,
        "max": 4242.62109375,
        "mean": 3142.37207031,
        "median": 3835.61108398,
        "min": 172.992675781,
        "skew": -1.4219814539,
        "var": 1973469.625
    },
    "spectral_complexity": {
        "kurt": -0.254526138306,
        "max": 63,
        "mean": 13.2834644318,
        "median": 7,
        "min": 0,
        "skew": 1.00013172626,
        "var": 190.497146606
    },
    "spectral_crest": {
        "kurt": 0.0948350429535,
        "max": 25.2745895386,
        "mean": 17.7619895935,
        "median": 19.5516414642,
        "min": 3.62917995453,
        "skew": -1.10624313354,
        "var": 27.2868690491
    },
    "spectral_decrease": {
        "kurt": -0.164922952652,
        "max": -2.6220875582e-14,
        "mean": -2.85291101854e-09,
        "median": -1.27051580368e-09,
        "min": -1.17843663716e-08,
        "skew": -1.18260419369,
        "var": 1.15166156385e-17
    },
    "spectral_energy": {
        "kurt": -0.15830373764,
        "max": 0.0685511082411,
        "mean": 0.0167747996747,
        "median": 0.00732545508072,
        "min": 1.00962836314e-07,
        "skew": 1.19037842751,
        "var": 0.000404193851864
    },
    "spectral_energyband_high": {
        "kurt": -0.0412566661835,
        "max": 0.05264717713,
        "mean": 0.0123564749956,
        "median": 0.00444830022752,
        "min": 3.56976337379e-10,
        "skew": 1.23291575909,
        "var": 0.000241654866841
    },
    "spectral_energyband_low": {
        "kurt": 17.2236804962,
        "max": 0.00162117031869,
        "mean": 8.90596638783e-05,
        "median": 4.22848097514e-06,
        "min": 2.80966645505e-08,
        "skew": 3.84931111336,
        "var": 5.32452730795e-08
    },
    "spectral_energyband_middle_high": {
        "kurt": 15.4749393463,
        "max": 0.050659738481,
        "mean": 0.00474243238568,
        "median": 0.00312956050038,
        "min": 1.47094392222e-09,
        "skew": 2.78448081017,
        "var": 2.99704352074e-05
    },
    "spectral_energyband_middle_low": {
        "kurt": 4.30086135864,
        "max": 0.00140734424349,
        "mean": 0.000171486768522,
        "median": 9.82906494755e-05,
        "min": 7.63677547866e-08,
        "skew": 1.97857391834,
        "var": 4.77184123326e-08
    },
    "spectral_flatness_db": {
        "kurt": 1.83615589142,
        "max": 0.344027638435,
        "mean": 0.222590044141,
        "median": 0.22757576406,
        "min": 0.085783995688,
        "skew": -0.789430618286,
        "var": 0.00144970673136
    },
    "spectral_flux": {
        "kurt": 3.08864498138,
        "max": 0.226764574647,
        "mean": 0.0430371947587,
        "median": 0.028800919652,
        "min": 0.000118018055218,
        "skew": 1.45812869072,
        "var": 0.00168995419517
    },
    "spectral_kurtosis": {
        "kurt": 1.98610019684,
        "max": 14.2808189392,
        "mean": 3.89065122604,
        "median": 2.55434894562,
        "min": 1.5394487381,
        "skew": 1.76511144638,
        "var": 7.43029308319
    },
    "spectral_rms": {
        "kurt": -0.874924898148,
        "max": 0.00817796587944,
        "mean": 0.0031861141324,
        "median": 0.00267334724776,
        "min": 9.92473269434e-06,
        "skew": 0.450456440449,
        "var": 6.21434401182e-06
    },
    "spectral_rolloff": {
        "kurt": 0.718612909317,
        "max": 5146.43554688,
        "mean": 3411.00463867,
        "median": 4048.2421875,
        "min": 172.265625,
        "skew": -1.61140632629,
        "var": 2168011
    },
    "spectral_skewness": {
        "kurt": 1.49856376648,
        "max": 3.24309945107,
        "mean": 1.46674060822,
        "median": 1.23488497734,
        "min": 0.837054729462,
        "skew": 1.68921875954,
        "var": 0.2980491817
    },
    "spectral_spread": {
        "kurt": 11.2158145905,
        "max": 12228446,
        "mean": 5719579,
        "median": 5901030,
        "min": 2729719.75,
        "skew": 0.428482592106,
        "var": 654957215744
    },
    "spectral_strongpeak": {
        "kurt": -0.358140230179,
        "max": 36.1077766418,
        "mean": 11.7686452866,
        "median": 9.91223430634,
        "min": 0.000454384717159,
        "skew": 0.739778578281,
        "var": 108.118057251
    },
    "zerocrossingrate": {
        "kurt": 0.0560545921326,
        "max": 0.1953125,
        "mean": 0.149538382888,
        "median": 0.18212890625,
        "min": 0.0068359375,
        "skew": -1.37401890755,
        "var": 0.00402924558148
    },
    "barkbands": {
        "kurt": [19.2718696594, 18.9432830811, 21.3078575134, 36.788105011, 28.586265564, 1.81446266174, 18.8774032593, 21.0770339966, 1.50263786316, 38.5253562927, 86.9425354004, 59.8904190063, 15.6615715027, 16.1643695831, 9.30393314362, 16.1210975647, 16.623758316, 10.6537437439, 0.477554321289, -0.148366689682, 11.939081192, 0.83594083786, 18.6819934845, 0.0170347690582, 0.676209926605, 6.37203788757, -0.449240922928],
        "max": [9.47248918237e-06, 0.000688107917085, 0.00093944708351, 0.00073427380994, 0.000509682053234, 0.000438355637016, 0.000101887664641, 0.000114814225526, 0.000241227797233, 0.000368729030015, 0.000989297754131, 0.00140818511136, 0.00198563351296, 0.00108420592733, 0.00285643991083, 0.00201362604275, 0.00173497491051, 0.00349396537058, 0.0139808477834, 0.0485136918724, 0.00760094076395, 0.00355731300078, 0.000795156985987, 0.00030576827703, 0.000408657302614, 1.13081023301e-05, 5.80527554916e-08],
        "mean": [4.17502263872e-07, 3.32865238306e-05, 4.16006332671e-05, 2.72202432825e-05, 2.65080798272e-05, 5.19877612533e-05, 6.66764162816e-06, 1.00211636891e-05, 4.39131508756e-05, 2.85346195597e-05, 3.47335735569e-05, 6.08645750617e-05, 0.00018892159278, 7.7615462942e-05, 0.000239890199737, 0.000136457732879, 0.000175175766344, 0.0003638867056, 0.0019610056188, 0.0119957420975, 0.000575678423047, 0.000487886747578, 5.51735647605e-05, 7.58244059398e-05, 7.46315927245e-05, 1.1547192571e-06, 1.63299240796e-08],
        "median": [1.35227884446e-09, 6.00240781523e-08, 1.67091764069e-06, 3.34295236826e-06, 4.80140124637e-06, 4.32545903095e-06, 2.3210350264e-06, 7.9448800534e-06, 4.36876689491e-05, 2.56317107414e-05, 5.00271562487e-06, 1.69023896888e-05, 0.00019817102293, 2.55411250691e-05, 2.35228344536e-05, 1.22422388813e-05, 0.00013480859343, 0.000222111339099, 0.00015633944713, 0.00547201978043, 0.000143350014696, 8.13103033579e-05, 1.38723571581e-05, 5.5832813814e-05, 2.00032027351e-05, 3.39877885835e-07, 1.56650870053e-08],
        "min": [1.90509136244e-11, 5.50487833095e-09, 6.29119312201e-10, 2.29166055021e-08, 2.90319714935e-08, 9.43236821982e-10, 1.26019902846e-10, 6.98579805114e-10, 2.26475033172e-10, 6.55631798852e-11, 2.64422060636e-11, 4.81399989316e-11, 2.37030783889e-10, 4.48231694816e-11, 2.70162642257e-11, 1.66830785298e-11, 4.6173561502e-11, 8.52403495011e-11, 1.02844628647e-10, 2.36084790606e-10, 1.09020743821e-10, 4.57858924385e-11, 1.50587094877e-11, 1.03896778333e-11, 1.30161419837e-11, 1.11934203226e-12, 6.62088046606e-14],
        "skew": [3.98102450371, 4.095287323, 4.37650060654, 5.13880395889, 4.38608074188, 1.77698886395, 3.54984664917, 3.60626459122, 0.825719416142, 4.82620429993, 7.32174444199, 6.01189661026, 2.48717665672, 3.41354823112, 3.08403897285, 3.72869324684, 2.81090092659, 2.38134837151, 1.46336472034, 1.16201674938, 2.47819685936, 1.54436802864, 3.06858563423, 0.926096916199, 1.54563617706, 1.62533688545, 0.268613278866],
        "var": [1.33380123352e-12, 9.15863118678e-09, 1.52960009103e-08, 4.69883865151e-09, 2.57158871975e-09, 9.36913302496e-09, 1.19812326727e-10, 1.44563735982e-10, 1.45319478673e-09, 1.24158716641e-09, 5.0057828993e-09, 1.25340351431e-08, 4.18876169306e-08, 1.83828756661e-08, 2.75505328773e-07, 7.68369687876e-08, 3.3479036432e-08, 1.69329979371e-07, 1.11316821858e-05, 0.000198309193365, 7.10559504569e-07, 6.1467795831e-07, 6.62815624608e-09, 4.91910512324e-09, 1.38981111064e-08, 1.88309025491e-12, 1.40851057391e-16],
        "cov": [[1.33731122964e-12, 5.09581439545e-11, 6.09398087548e-11, 3.07731271021e-11, 2.52478420115e-11, 6.98926888587e-11, 4.87574087008e-12, 3.68961501976e-12, 8.5947221562e-12, 1.12120790083e-11, 2.70222091231e-11, 4.56399536219e-11, 7.66692334619e-11, 6.82243705974e-11, 1.41572109938e-11, 7.5796965926e-11, 8.49685391491e-11, 1.28520180609e-10, 2.5108306545e-09, 1.03052686384e-08, 5.67117852679e-10, 6.06401651115e-10, 4.82539286306e-11, 4.50799571283e-11, 9.16521442074e-11, 7.10357445609e-13, 6.79857569641e-15], [5.09581439545e-11, 9.18273279638e-09, 9.45370626226e-09, 3.17368464842e-09, 2.56595789061e-09, 6.13414563588e-09, 4.00618288543e-10, 3.16612763784e-10, 5.77478398434e-10, 9.6257735116e-10, 1.8088205378e-09, 4.25280388683e-09, 7.85391485181e-09, 6.3212071133e-09, 1.05592568023e-09, 6.0636513588e-09, 6.22324636268e-09, 1.16456169152e-08, 2.02885388489e-07, 8.4144022594e-07, 4.39600249535e-08, 4.90206026882e-08, 3.94714216867e-09, 3.7340428527e-09, 7.41589012421e-09, 6.28238155942e-11, 5.61359389962e-13], [6.09398087548e-11, 9.45370626226e-09, 1.53362531563e-08, 4.03845801245e-09, 3.32505867284e-09, 7.50332684873e-09, 4.23387436221e-10, 3.65059010798e-10, 6.61599830476e-10, 1.34999667001e-09, 2.42853848142e-09, 4.82570872151e-09, 1.02477084596e-08, 7.95218646488e-09, 1.11083564569e-09, 6.40360386939e-09, 7.69160823921e-09, 1.65138605013e-08, 2.4529740017e-07, 1.02042872641e-06, 5.52620171845e-08, 5.69041986864e-08, 4.81785145112e-09, 4.51389947642e-09, 8.925929329e-09, 7.72278421768e-11, 6.94915533537e-13], [3.07731271021e-11, 3.17368464842e-09, 4.03845801245e-09, 4.71120387147e-09, 2.34521935205e-09, 4.1895633629e-09, 2.75369116398e-10, 2.30606853058e-10, 4.11069206452e-10, 7.0956390763e-10, 1.61443503011e-09, 2.75478506673e-09, 4.83508522109e-09, 4.33326485805e-09, 3.60053631354e-09, 4.08480715919e-09, 4.86907580921e-09, 9.46493994292e-09, 1.43958018839e-07, 6.03433363722e-07, 3.26124904859e-08, 3.27964464475e-08, 2.68645816703e-09, 2.58324117652e-09, 5.01504127115e-09, 4.39586769763e-11, 4.00295654913e-13], [2.52478420115e-11, 2.56595789061e-09, 3.32505867284e-09, 2.34521935205e-09, 2.57835619522e-09, 3.04027025777e-09, 2.63722349514e-10, 1.95537488978e-10, 3.22564558397e-10, 6.09064909618e-10, 1.40072742294e-09, 2.31720664878e-09, 4.2332142236e-09, 3.12444181638e-09, 5.14959630493e-09, 4.94873075851e-09, 4.35234426277e-09, 1.0256093752e-08, 1.07308963493e-07, 4.60982874984e-07, 2.54558667478e-08, 2.54449172843e-08, 2.29109309302e-09, 2.05086814198e-09, 3.87159282411e-09, 4.10887192326e-11, 3.16475578382e-13], [6.98926888587e-11, 6.13414563588e-09, 7.50332684873e-09, 4.1895633629e-09, 3.04027025777e-09, 9.39378885789e-09, 5.61024893209e-10, 4.61907706528e-10, 9.7671948307e-10, 1.61309432478e-09, 3.12660275448e-09, 6.21431839321e-09, 1.11174491835e-08, 9.06979114035e-09, 3.26248938975e-09, 8.58880166987e-09, 9.92251258936e-09, 1.65293130294e-08, 3.01059117191e-07, 1.22772507893e-06, 7.01070135278e-08, 6.94245443356e-08, 6.16254025587e-09, 5.67217561809e-09, 1.05383213267e-08, 9.20856862985e-11, 8.16154869382e-13], [4.87574087008e-12, 4.00618288543e-10, 4.23387436221e-10, 2.75369116398e-10, 2.63722349514e-10, 5.61024893209e-10, 1.20127630066e-10, 7.26363830195e-11, 1.22961155147e-10, 1.6324074037e-10, 4.02980038228e-10, 5.21225729244e-10, 6.97582214215e-10, 6.89513446339e-10, 3.80868864225e-10, 1.35836308868e-09, 1.04501185483e-09, 1.52183532443e-09, 1.92527629395e-08, 8.02009694212e-08, 4.89411799975e-09, 4.68898031514e-09, 4.52395093609e-10, 3.67666452838e-10, 6.99239111057e-10, 7.03761484852e-12, 5.85091938549e-14], [3.68961501976e-12, 3.16612763784e-10, 3.65059010798e-10, 2.30606853058e-10, 1.95537488978e-10, 4.61907706528e-10, 7.26363830195e-11, 1.44944167779e-10, 2.37597747033e-10, 2.83051304617e-10, 5.30871513416e-10, 7.93562271451e-10, 1.35890609876e-09, 9.5950192236e-10, 3.51012968691e-10, 1.30824107103e-09, 1.42479583687e-09, 1.76421399711e-09, 1.66272631219e-08, 6.48809646009e-08, 4.99124608311e-09, 3.78146225444e-09, 5.19803700083e-10, 4.1026942954e-10, 5.42044464868e-10, 6.5250712819e-12, 6.75376773821e-14], [8.5947221562e-12, 5.77478398434e-10, 6.61599830476e-10, 4.11069206452e-10, 3.22564558397e-10, 9.7671948307e-10, 1.22961155147e-10, 2.37597747033e-10, 1.45701906096e-09, 5.98375793359e-10, 7.81858910948e-10, 8.17479695048e-10, 4.73193262351e-09, 1.83579951241e-09, 1.8596153506e-09, 1.34294297904e-09, 3.05001401912e-09, 4.72420946807e-09, 3.17487405255e-08, 1.69744197365e-07, 9.75929292935e-09, 8.46141379185e-09, 9.15681586111e-10, 1.38867961574e-09, 1.32211630532e-09, 1.02997749218e-11, 2.49509939619e-13], [1.12120790083e-11, 9.6257735116e-10, 1.34999667001e-09, 7.0956390763e-10, 6.09064909618e-10, 1.61309432478e-09, 1.6324074037e-10, 2.83051304617e-10, 5.98375793359e-10, 1.24485444175e-09, 1.80700288066e-09, 2.90132606828e-09, 4.86659912369e-09, 3.33893779292e-09, 1.2853609288e-09, 5.02917840706e-09, 4.86243223463e-09, 5.58709256637e-09, 5.75570915373e-08, 2.24553488692e-07, 1.94833020828e-08, 1.33633264454e-08, 1.85273163478e-09, 1.36213229585e-09, 1.80980996856e-09, 2.87959760203e-11, 2.13573069278e-13], [2.70222091231e-11, 1.8088205378e-09, 2.42853848142e-09, 1.61443503011e-09, 1.40072742294e-09, 3.12660275448e-09, 4.02980038228e-10, 5.30871513416e-10, 7.81858910948e-10, 1.80700288066e-09, 5.01895636162e-09, 5.39542854838e-09, 5.87706994182e-09, 6.54286047563e-09, 1.21776180251e-08, 1.13942011382e-08, 1.00175157058e-08, 1.36251374627e-08, 1.10047146507e-07, 4.44772240371e-07, 3.66569778976e-08, 2.67189985692e-08, 3.53697915401e-09, 2.12145723211e-09, 3.69711727899e-09, 5.53277597348e-11, 3.10595841581e-13], [4.56399536219e-11, 4.25280388683e-09, 4.82570872151e-09, 2.75478506673e-09, 2.31720664878e-09, 6.21431839321e-09, 5.21225729244e-10, 7.93562271451e-10, 8.17479695048e-10, 2.90132606828e-09, 5.39542854838e-09, 1.25670194251e-08, 1.31662512004e-08, 1.09354099109e-08, 5.71119906922e-09, 1.4208394461e-08, 1.45370337989e-08, 1.65555089637e-08, 2.26646065471e-07, 8.38056223529e-07, 7.0255573803e-08, 4.9719307782e-08, 6.89220769345e-09, 4.32250191196e-09, 7.01664104596e-09, 9.9852202895e-11, 6.34969399109e-13], [7.66692334619e-11, 7.85391485181e-09, 1.02477084596e-08, 4.83508522109e-09, 4.2332142236e-09, 1.11174491835e-08, 6.97582214215e-10, 1.35890609876e-09, 4.73193262351e-09, 4.86659912369e-09, 5.87706994182e-09, 1.31662512004e-08, 4.19978469779e-08, 1.82686257233e-08, -7.52450546315e-09, 1.4002822013e-08, 2.12900079788e-08, 2.31138788109e-08, 3.74356602606e-07, 1.52223310579e-06, 1.06745105199e-07, 8.7893212708e-08, 1.08060369541e-08, 1.03056114753e-08, 1.30245885188e-08, 1.33833527594e-10, 1.55512961449e-12], [6.82243705974e-11, 6.3212071133e-09, 7.95218646488e-09, 4.33326485805e-09, 3.12444181638e-09, 9.06979114035e-09, 6.89513446339e-10, 9.5950192236e-10, 1.83579951241e-09, 3.33893779292e-09, 6.54286047563e-09, 1.09354099109e-08, 1.82686257233e-08, 1.84312511919e-08, 9.11829545203e-09, 1.97464409268e-08, 1.81189534487e-08, 2.44079796374e-08, 3.1865084793e-07, 1.27171824715e-06, 9.15662639045e-08, 7.59357305924e-08, 9.15119979794e-09, 6.1902172277e-09, 1.05523527694e-08, 1.32137106812e-10, 8.4968598997e-13], [1.41572109938e-11, 1.05592568023e-09, 1.11083564569e-09, 3.60053631354e-09, 5.14959630493e-09, 3.26248938975e-09, 3.80868864225e-10, 3.51012968691e-10, 1.8596153506e-09, 1.2853609288e-09, 1.21776180251e-08, 5.71119906922e-09, -7.52450546315e-09, 9.11829545203e-09, 2.76230338159e-07, 2.16637019435e-08, 3.11362278183e-08, 1.35528225087e-07, 1.06288062796e-07, 1.62394519521e-06, 9.99233620291e-08, 4.36056772912e-08, 1.11482822973e-08, 2.8891324888e-09, 3.05173863957e-09, 2.92987883954e-10, 9.82562338783e-13], [7.5796965926e-11, 6.0636513588e-09, 6.40360386939e-09, 4.08480715919e-09, 4.94873075851e-09, 8.58880166987e-09, 1.35836308868e-09, 1.30824107103e-09, 1.34294297904e-09, 5.02917840706e-09, 1.13942011382e-08, 1.4208394461e-08, 1.4002822013e-08, 1.97464409268e-08, 2.16637019435e-08, 7.70391750393e-08, 3.25029887449e-08, 3.20915134466e-08, 3.27743094886e-07, 1.47795572047e-06, 1.02001713742e-07, 8.46882315386e-08, 1.13207834218e-08, 6.63251897848e-09, 1.19559926404e-08, 2.27422275456e-10, 1.10252204501e-12], [8.49685391491e-11, 6.22324636268e-09, 7.69160823921e-09, 4.86907580921e-09, 4.35234426277e-09, 9.92251258936e-09, 1.04501185483e-09, 1.42479583687e-09, 3.05001401912e-09, 4.86243223463e-09, 1.00175157058e-08, 1.45370337989e-08, 2.12900079788e-08, 1.81189534487e-08, 3.11362278183e-08, 3.25029887449e-08, 3.35671401785e-08, 4.16171133111e-08, 3.62296646017e-07, 1.58442060183e-06, 1.12117454876e-07, 8.90525342356e-08, 1.12945519604e-08, 8.1870226154e-09, 1.22827499283e-08, 1.88896620568e-10, 1.33412757838e-12], [1.28520180609e-10, 1.16456169152e-08, 1.65138605013e-08, 9.46493994292e-09, 1.0256093752e-08, 1.65293130294e-08, 1.52183532443e-09, 1.76421399711e-09, 4.72420946807e-09, 5.58709256637e-09, 1.36251374627e-08, 1.65555089637e-08, 2.31138788109e-08, 2.44079796374e-08, 1.35528225087e-07, 3.20915134466e-08, 4.16171133111e-08, 1.69775589143e-07, 6.81391156832e-07, 3.02820581055e-06, 2.00408265982e-07, 1.57228612352e-07, 1.91220568269e-08, 1.39065523541e-08, 2.17021085547e-08, 3.36724592653e-10, 2.39236993931e-12], [2.5108306545e-09, 2.02885388489e-07, 2.4529740017e-07, 1.43958018839e-07, 1.07308963493e-07, 3.01059117191e-07, 1.92527629395e-08, 1.66272631219e-08, 3.17487405255e-08, 5.75570915373e-08, 1.10047146507e-07, 2.26646065471e-07, 3.74356602606e-07, 3.1865084793e-07, 1.06288062796e-07, 3.27743094886e-07, 3.62296646017e-07, 6.81391156832e-07, 1.11609761007e-05, 4.25746729888e-05, 2.49847903433e-06, 2.45298201662e-06, 2.27725308832e-07, 1.95123490698e-07, 3.64908146366e-07, 3.32007177306e-09, 2.85442242759e-11], [1.03052686384e-08, 8.4144022594e-07, 1.02042872641e-06, 6.03433363722e-07, 4.60982874984e-07, 1.22772507893e-06, 8.02009694212e-08, 6.48809646009e-08, 1.69744197365e-07, 2.24553488692e-07, 4.44772240371e-07, 8.38056223529e-07, 1.52223310579e-06, 1.27171824715e-06, 1.62394519521e-06, 1.47795572047e-06, 1.58442060183e-06, 3.02820581055e-06, 4.25746729888e-05, 0.000198831054149, 1.02247158793e-05, 1.03811707959e-05, 8.98791938653e-07, 8.7023136075e-07, 1.57175111326e-06, 1.55149066927e-08, 1.39170550084e-10], [5.67117852679e-10, 4.39600249535e-08, 5.52620171845e-08, 3.26124904859e-08, 2.54558667478e-08, 7.01070135278e-08, 4.89411799975e-09, 4.99124608311e-09, 9.75929292935e-09, 1.94833020828e-08, 3.66569778976e-08, 7.0255573803e-08, 1.06745105199e-07, 9.15662639045e-08, 9.99233620291e-08, 1.02001713742e-07, 1.12117454876e-07, 2.00408265982e-07, 2.49847903433e-06, 1.02247158793e-05, 7.12429368832e-07, 5.86155692872e-07, 6.35586374642e-08, 4.87085358714e-08, 8.35331022131e-08, 9.79998637796e-10, 7.05124153511e-12], [6.06401651115e-10, 4.90206026882e-08, 5.69041986864e-08, 3.27964464475e-08, 2.54449172843e-08, 6.94245443356e-08, 4.68898031514e-09, 3.78146225444e-09, 8.46141379185e-09, 1.33633264454e-08, 2.67189985692e-08, 4.9719307782e-08, 8.7893212708e-08, 7.59357305924e-08, 4.36056772912e-08, 8.46882315386e-08, 8.90525342356e-08, 1.57228612352e-07, 2.45298201662e-06, 1.03811707959e-05, 5.86155692872e-07, 6.16295551481e-07, 5.17825533564e-08, 4.78204746912e-08, 8.84242083998e-08, 8.0049611384e-10, 7.00883665342e-12], [4.82539286306e-11, 3.94714216867e-09, 4.81785145112e-09, 2.68645816703e-09, 2.29109309302e-09, 6.16254025587e-09, 4.52395093609e-10, 5.19803700083e-10, 9.15681586111e-10, 1.85273163478e-09, 3.53697915401e-09, 6.89220769345e-09, 1.08060369541e-08, 9.15119979794e-09, 1.11482822973e-08, 1.13207834218e-08, 1.12945519604e-08, 1.91220568269e-08, 2.27725308832e-07, 8.98791938653e-07, 6.35586374642e-08, 5.17825533564e-08, 6.64559873798e-09, 4.37331415526e-09, 7.31708471591e-09, 9.13525990964e-11, 6.37853810569e-13], [4.50799571283e-11, 3.7340428527e-09, 4.51389947642e-09, 2.58324117652e-09, 2.05086814198e-09, 5.67217561809e-09, 3.67666452838e-10, 4.1026942954e-10, 1.38867961574e-09, 1.36213229585e-09, 2.12145723211e-09, 4.32250191196e-09, 1.03056114753e-08, 6.1902172277e-09, 2.8891324888e-09, 6.63251897848e-09, 8.1870226154e-09, 1.39065523541e-08, 1.95123490698e-07, 8.7023136075e-07, 4.87085358714e-08, 4.78204746912e-08, 4.37331415526e-09, 4.93204987961e-09, 7.0607351077e-09, 6.59889434762e-11, 7.45334620845e-13], [9.16521442074e-11, 7.41589012421e-09, 8.925929329e-09, 5.01504127115e-09, 3.87159282411e-09, 1.05383213267e-08, 6.99239111057e-10, 5.42044464868e-10, 1.32211630532e-09, 1.80980996856e-09, 3.69711727899e-09, 7.01664104596e-09, 1.30245885188e-08, 1.05523527694e-08, 3.05173863957e-09, 1.19559926404e-08, 1.22827499283e-08, 2.17021085547e-08, 3.64908146366e-07, 1.57175111326e-06, 8.35331022131e-08, 8.84242083998e-08, 7.31708471591e-09, 7.0607351077e-09, 1.39346854056e-08, 1.1325825694e-10, 1.07223691731e-12], [7.10357445609e-13, 6.28238155942e-11, 7.72278421768e-11, 4.39586769763e-11, 4.10887192326e-11, 9.20856862985e-11, 7.03761484852e-12, 6.5250712819e-12, 1.02997749218e-11, 2.87959760203e-11, 5.53277597348e-11, 9.9852202895e-11, 1.33833527594e-10, 1.32137106812e-10, 2.92987883954e-10, 2.27422275456e-10, 1.88896620568e-10, 3.36724592653e-10, 3.32007177306e-09, 1.55149066927e-08, 9.79998637796e-10, 8.0049611384e-10, 9.13525990964e-11, 6.59889434762e-11, 1.1325825694e-10, 1.88804570936e-12, 1.05216628528e-14], [6.79857569641e-15, 5.61359389962e-13, 6.94915533537e-13, 4.00295654913e-13, 3.16475578382e-13, 8.16154869382e-13, 5.85091938549e-14, 6.75376773821e-14, 2.49509939619e-13, 2.13573069278e-13, 3.10595841581e-13, 6.34969399109e-13, 1.55512961449e-12, 8.4968598997e-13, 9.82562338783e-13, 1.10252204501e-12, 1.33412757838e-12, 2.39236993931e-12, 2.85442242759e-11, 1.39170550084e-10, 7.05124153511e-12, 7.00883665342e-12, 6.37853810569e-13, 7.45334620845e-13, 1.07223691731e-12, 1.05216628528e-14, 1.41221713715e-16]]
    },
    "mfcc": {
        "kurt": [-0.421060800552, 2.00075912476, -0.291174411774, -0.670121192932, -0.762622356415, -1.37400925159, -0.289117097855, -0.449080705643, 2.15586423874, 0.28647685051, 1.57428836823, 1.63190174103, -1.0448641777],
        "max": [-552.133850098, 99.9428482056, 38.0389137268, 90.8696289062, 24.1721191406, 20.6560096741, 40.7254333496, 15.7593631744, 24.1436195374, 28.167427063, 10.1269721985, 19.2795677185, 20.668428421],
        "mean": [-779.539794922, 1.01558935642, -38.2909011841, 29.4796619415, -16.5622005463, -4.25110292435, 16.8817863464, -12.2252979279, -4.58306026459, 0.441658318043, -7.34842252731, -5.89405536652, -10.294834137],
        "median": [-725.050292969, -6.46514320374, -53.2080841064, 21.2173805237, -19.2014904022, -3.34172439575, 17.9164123535, -14.6838493347, -3.9520111084, -0.425561904907, -5.00787734985, -5.93549346924, -8.64603042603],
        "min": [-1128.57629395, -63.1442642212, -88.5097198486, -3.97748947144, -63.7563476562, -37.4589424133, -14.3823337555, -34.1961898804, -51.2568511963, -25.8154354095, -39.5271949768, -28.0315036774, -36.8732070923],
        "skew": [-1.04052209854, 1.05496871471, 1.03008806705, 0.661498904228, 0.476529270411, -0.0893511101604, -0.131525963545, 0.641485989094, -0.566014826298, 0.0573869720101, -1.42002296448, 0.308249443769, -0.0904253795743],
        "var": [33362.8867188, 417.070251465, 1092.45153809, 332.317504883, 375.58001709, 222.961608887, 116.53011322, 109.872947693, 87.2107315063, 59.4492034912, 87.5223922729, 51.6923561096, 182.67515564],
        "cov": [[33450.6835938, -2349.30444336, -4862.7109375, 1486.39624023, -2356.41918945, -600.517700195, 1062.03991699, -1580.14819336, -77.0778274536, 108.114440918, -134.604095459, -123.131149292, 159.448699951], [-2349.30444336, 418.167816162, 511.199127197, -33.008266449, 260.19921875, 145.939056396, -51.7527770996, 105.241233826, 41.8145561218, -58.9095916748, 46.2226715088, -10.6759061813, 78.5228118896], [-4862.7109375, 511.199127197, 1095.32641602, -21.0477867126, 552.486328125, 302.898742676, -70.4892654419, 228.353988647, 69.7837295532, -74.944442749, 90.7675552368, -18.4066829681, 105.510772705], [1486.39624023, -33.008266449, -21.0477867126, 333.192016602, 68.2650604248, 126.449790955, 61.9241523743, -55.2303771973, 51.8277435303, -58.9903373718, -17.318353653, -58.3752174377, 145.476608276], [-2356.41918945, 260.19921875, 552.486328125, 68.2650604248, 376.568389893, 235.545578003, -38.6075630188, 122.938980103, 92.1650085449, -64.6298294067, 14.4975881577, -37.4895744324, 104.493080139], [-600.517700195, 145.939056396, 302.898742676, 126.449790955, 235.545578003, 223.548355103, 26.0027427673, 32.1997642517, 98.1502456665, -57.1041069031, 6.15033578873, -40.8891029358, 116.783966064], [1062.03991699, -51.7527770996, -70.4892654419, 61.9241523743, -38.6075630188, 26.0027427673, 116.836769104, -44.5624008179, -4.96214818954, 11.3623962402, 41.987953186, 12.5368995667, 18.451757431], [-1580.14819336, 105.241233826, 228.353988647, -55.2303771973, 122.938980103, 32.1997642517, -44.5624008179, 110.162086487, 4.7816824913, -5.6572933197, 13.325091362, 5.13154554367, 3.29608416557], [-77.0778274536, 41.8145561218, 69.7837295532, 51.8277435303, 92.1650085449, 98.1502456665, -4.96214818954, 4.7816824913, 87.4402313232, -23.3827991486, -26.1941165924, -25.446105957, 49.0683784485], [108.114440918, -58.9095916748, -74.944442749, -58.9903373718, -64.6298294067, -57.1041069031, 11.3623962402, -5.6572933197, -23.3827991486, 59.6056480408, 12.9739618301, 16.014093399, -65.114616394], [-134.604095459, 46.2226715088, 90.7675552368, -17.318353653, 14.4975881577, 6.15033578873, 41.987953186, 13.325091362, -26.1941165924, 12.9739618301, 87.7527160645, 21.5384883881, -12.673740387], [-123.131149292, -10.6759061813, -18.4066829681, -58.3752174377, -37.4895744324, -40.8891029358, 12.5368995667, 5.13154554367, -25.446105957, 16.014093399, 21.5384883881, 51.8283882141, -3.1048605442], [159.448699951, 78.5228118896, 105.510772705, 145.476608276, 104.493080139, 116.783966064, 18.451757431, 3.29608416557, 49.0683784485, -65.114616394, -12.673740387, -3.1048605442, 183.155883789]]
    },
    "sccoeffs": {
        "kurt": [-0.61061000824, -0.56511759758, -1.15110754967, -1.10248625278, -0.538378000259, -0.290794849396],
        "max": [-0.52874225378, -0.655357897282, -0.689431786537, -0.65195608139, -0.562375187874, -0.668228983879],
        "mean": [-0.718599438667, -0.813822984695, -0.808870315552, -0.781972706318, -0.728991091251, -0.766644954681],
        "median": [-0.710835754871, -0.814097106457, -0.804531991482, -0.770582973957, -0.682642042637, -0.754588425159],
        "min": [-0.898692846298, -0.930942356586, -0.945903539658, -0.934815526009, -0.928776562214, -0.905842125416],
        "skew": [-0.0425474718213, 0.213999122381, -0.218027696013, -0.312406897545, -1.06290400028, -0.827939152718],
        "var": [0.004164673388, 0.00327345100231, 0.00442809658125, 0.00502050714567, 0.0090114986524, 0.0038028836716],
        "cov": [[0.0041756327264, 0.000890335883014, 0.00245526549406, 0.00280982605182, 0.00363508239388, 0.00197567115538], [0.000890335883014, 0.0032820655033, 0.00112884806003, 0.00113785534631, 0.00322957593016, 0.00234159221873], [0.00245526549406, 0.00112884806003, 0.00443974975497, 0.00379878445528, 0.00438363477588, 0.00208236579783], [0.00280982605182, 0.00113785534631, 0.00379878445528, 0.00503371935338, 0.00493791745976, 0.00241146748886], [0.00363508239388, 0.00322957593016, 0.00438363477588, 0.00493791745976, 0.00903521291912, 0.00526621425524], [0.00197567115538, 0.00234159221873, 0.00208236579783, 0.00241146748886, 0.00526621425524, 0.00381289119832]]
    },
    "scvalleys": {
        "kurt": [-0.700250148773, -0.0745122432709, 0.217484235764, 0.0502998828888, 0.153183460236, -0.061695098877],
        "max": [-5.73015642166, -6.03053236008, -5.43893194199, -5.21456766129, -5.18627691269, -6.92480802536],
        "mean": [-8.96349334717, -8.44195461273, -8.32039356232, -8.4182472229, -7.97300291061, -9.76669502258],
        "median": [-9.41424465179, -7.98398017883, -7.69507741928, -7.86716842651, -7.22276067734, -8.79197978973],
        "min": [-11.4193592072, -12.6108236313, -13.4975833893, -13.892370224, -13.653459549, -15.3507385254],
        "skew": [0.69666749239, -1.06275880337, -1.22999858856, -1.1457259655, -1.30249845982, -1.29188013077],
        "var": [2.07704520226, 2.49009561539, 4.04263877869, 5.19817018509, 5.93941354752, 7.07727003098],
        "cov": [[2.08251094818, 1.69661319256, 2.12444376945, 2.50584888458, 2.47844362259, 2.61418485641], [1.69661319256, 2.49664855003, 3.08998441696, 3.48818540573, 3.69598412514, 4.01564693451], [2.12444376945, 3.08998441696, 4.05327749252, 4.52507066727, 4.79861736298, 5.1924161911], [2.50584888458, 3.48818540573, 4.52507066727, 5.21184968948, 5.5003452301, 5.94189882278], [2.47844362259, 3.69598412514, 4.79861736298, 5.5003452301, 5.95504331589, 6.44354820251], [2.61418485641, 4.01564693451, 5.1924161911, 5.94189882278, 6.44354820251, 7.09589481354]]
    }
},
"rhythm": {
    "beats_loudness": {
        "kurt": 0.284741163254,
        "max": 0.055470623076,
        "mean": 0.0164037942886,
        "median": 0.00821994338185,
        "min": 2.90691502869e-07,
        "skew": 1.34044802189,
        "var": 0.000316265766742
    },
    "bpm": 120.922370911,
    "confidence": 2.41554498672,
    "first_peak_bpm": {
        "kurt": 0,
        "max": 120,
        "mean": 120,
        "median": 120,
        "min": 120,
        "skew": 0,
        "var": 0
    },
    "first_peak_spread": {
        "kurt": 0,
        "max": 0.58333337307,
        "mean": 0.58333337307,
        "median": 0.58333337307,
        "min": 0.58333337307,
        "skew": 0,
        "var": 0
    },
    "first_peak_weight": {
        "kurt": 0,
        "max": 0.3125,
        "mean": 0.3125,
        "median": 0.3125,
        "min": 0.3125,
        "skew": 0,
        "var": 0
    },
    "onset_rate": 0.793328523636,
    "second_peak_bpm": {
        "kurt": 0,
        "max": 126,
        "mean": 126,
        "median": 126,
        "min": 126,
        "skew": 0,
        "var": 0
    },
    "second_peak_spread": {
        "kurt": 0,
        "max": 0,
        "mean": 0,
        "median": 0,
        "min": 0,
        "skew": 0,
        "var": 0
    },
    "second_peak_weight": {
        "kurt": 0,
        "max": 0.125,
        "mean": 0.125,
        "median": 0.125,
        "min": 0.125,
        "skew": 0,
        "var": 0
    },
    "beats_loudness_band_ratio": {
        "kurt": [12.0597133636, 4.32192277908, 9.08135509491, 3.72047519684, 1.2855463028, 2.29580259323],
        "max": [0.85484713316, 0.174083799124, 0.2095926404, 0.217716857791, 0.32453674078, 0.974159300327],
        "mean": [0.052370108664, 0.0212074946612, 0.0247542057186, 0.0469467863441, 0.0968865379691, 0.770554244518],
        "median": [0.00141801382415, 0.00223919400014, 0.0101500852033, 0.0256258454174, 0.0562987029552, 0.851522862911],
        "min": [6.57251221128e-05, 0.000632592360489, 0.00146880175453, 0.00385626358911, 0.0198552459478, 0.0227632243186],
        "skew": [3.74940514565, 2.45945620537, 3.17285108566, 2.06596922874, 1.41903340816, -1.86504769325],
        "var": [0.0402518510818, 0.0023472502362, 0.00238906778395, 0.00285440124571, 0.00644819298759, 0.0640888884664],
        "cov": [[0.0427675917745, 0.0081675928086, 0.000719001982361, -0.00122372433543, -0.00352998473682, -0.0400219112635], [0.0081675928086, 0.0024939533323, 0.00162680260837, 0.00056214700453, 0.000309071561787, -0.0116213569418], [0.000719001982361, 0.00162680260837, 0.00253838463686, 0.00181766098831, 0.00206557172351, -0.00824419502169], [-0.00122372433543, 0.00056214700453, 0.00181766098831, 0.00303280120715, 0.00321796769276, -0.00720118125901], [-0.00352998473682, 0.000309071561787, 0.00206557172351, 0.00321796769276, 0.00685120513663, -0.00894002430141], [-0.0400219112635, -0.0116213569418, -0.00824419502169, -0.00720118125901, -0.00894002430141, 0.0680944472551]]
    },
    "beats_position": [0.46439909935, 0.952018141747, 1.43963718414, 1.93886613846, 2.43809509277, 2.93732428551, 3.45977306366, 3.97061228752, 4.48145103455, 4.96907043457, 5.44507932663, 5.92108821869, 6.45514726639, 6.94276618958, 7.44199514389, 7.94122457504, 8.42884349823],
    "bpm_estimates": [123.046875, 123.046875, 120.185333252, 120.185333252, 120.185279846, 117.453781128, 117.453895569, 123.046783447, 123.046905518, 120.185333252, 120.185218811, 123.046905518],
    "bpm_intervals": [0.487619042397, 0.487619042397, 0.499228954315, 0.499228954315, 0.499229192734, 0.522448778152, 0.510839223862, 0.510838747025, 0.487619400024, 0.476008892059, 0.476008892059, 0.534059047699, 0.487618923187, 0.499228954315, 0.499229431152, 0.487618923187],
    "onset_times": [0.371519267559, 0.661768734455, 3.61070299149, 4.49306106567, 6.51319742203, 6.60607719421, 8.44045352936],
    "histogram": [[0, 0, 0, 0, 0, 0, 0, 0, 0, 0, 0, 0, 0, 0, 0, 0, 0, 0, 0, 0, 0, 0, 0, 0, 0, 0, 0, 0, 0, 0, 0, 0, 0, 0, 0, 0, 0, 0, 0, 0, 0, 0, 0, 0, 0, 0, 0, 0, 0, 0, 0, 0, 0, 0, 0, 0, 0, 0, 0, 0, 0, 0, 0, 0, 0, 0, 0, 0, 0, 0, 0, 0, 0, 0, 0, 0, 0, 0, 0, 0, 0, 0, 0, 0, 0, 0, 0, 0, 0, 0, 0, 0, 0, 0, 0, 0, 0, 0, 0, 0, 0, 0, 0, 0, 0, 0, 0, 0, 0, 0, 0, 0, 0.0625, 0, 0, 0.0625, 0, 0.125, 0, 0, 0.3125, 0, 0, 0.3125, 0, 0, 0.125, 0, 0, 0, 0, 0, 0, 0, 0, 0, 0, 0, 0, 0, 0, 0, 0, 0, 0, 0, 0, 0, 0, 0, 0, 0, 0, 0, 0, 0, 0, 0, 0, 0, 0, 0, 0, 0, 0, 0, 0, 0, 0, 0, 0, 0, 0, 0, 0, 0, 0, 0, 0, 0, 0, 0, 0, 0, 0, 0, 0, 0, 0, 0, 0, 0, 0, 0, 0, 0, 0, 0, 0, 0, 0, 0, 0, 0, 0, 0, 0, 0, 0, 0, 0, 0, 0, 0, 0, 0, 0, 0, 0, 0, 0, 0, 0, 0, 0, 0, 0, 0, 0, 0, 0, 0, 0, 0, 0, 0, 0, 0, 0, 0, 0, 0, 0, 0, 0, 0, 0, 0, 0, 0]]
},
"sfx": {
    "inharmonicity": {
        "kurt": 4.01315164566,
        "max": 0.462881594896,
        "mean": 0.0731137171388,
        "median": 0.0335534736514,
        "min": 0,
        "skew": 2.08175253868,
        "var": 0.00990995857865
    },
    "oddtoevenharmonicenergyratio": {
        "kurt": 371.475006104,
        "max": 6824.31445312,
        "mean": 24.5310287476,
        "median": 0.0222925934941,
        "min": 0,
        "skew": 19.2720851898,
        "var": 122410.648438
    },
    "pitch_after_max_to_before_max_energy_ratio": 0.603646337986,
    "pitch_centroid": 170.793502808,
    "pitch_max_to_total": 0.543307065964,
    "pitch_min_to_total": 0.034120734781,
    "tristimulus": {
        "kurt": [-0.239377260208, -1.47143900394, -1.55736649036],
        "max": [1, 0.995967328548, 0.942759096622],
        "mean": [0.261147111654, 0.397600024939, 0.341253012419],
        "median": [0.0338678434491, 0.184412032366, 0.141139686108],
        "min": [0, 0, 0],
        "skew": [1.15274727345, 0.596313238144, 0.498396009207],
        "var": [0.126213356853, 0.159810379148, 0.148729875684],
        "cov": [[0.126545503736, -0.0688276216388, -0.0577179193497], [-0.0688276216388, 0.16023093462, -0.0914033874869], [-0.0577179193497, -0.0914033874869, 0.149121269584]]
    }
},
"tonal": {
    "chords_changes_rate": 0.0628272220492,
    "chords_number_rate": 0.0261780098081,
    "chords_strength": {
        "kurt": -1.41690421104,
        "max": 0.646681129932,
        "mean": 0.479395151138,
        "median": 0.505350649357,
        "min": 0.317316353321,
        "skew": -0.260619938374,
        "var": 0.00922891870141
    },
    "key_strength": 0.42193543911,
    "tuning_diatonic_strength": 0.348521023989,
    "tuning_equal_tempered_deviation": 0.273141503334,
    "tuning_frequency": 434.695007324,
    "tuning_nontempered_energy_ratio": 0.901961386204,
    "hpcp": {
        "kurt": [14.3057403564, 18.1052894592, 19.1391429901, 14.6422290802, 4.69956016541, 3.94092464447, 3.48159408569, -1.67055702209, -1.51406514645, -1.02913439274, -0.41756772995, 4.06691217422, 14.5452575684, 22.2357234955, 32.202747345, 40.8830528259, 33.3098754883, 35.5385131836, 20.5048103333, 15.1897277832, 29.973110199, 24.4014568329, 35.5256690979, 35.224105835, 30.0465240479, 12.2030954361, 1.07649946213, 1.86431455612, 12.0119256973, 17.440202713, 24.1694087982, 19.4646835327, 14.6504993439, 34.7251358032, 29.7903366089, 16.2775192261],
        "max": [1, 0.894632935524, 1, 1, 1, 1, 1, 1, 1, 1, 1, 1, 0.912991702557, 0.699477910995, 0.966015577316, 1, 1, 1, 0.640472829342, 0.453730851412, 0.616912782192, 0.568064570427, 0.799081742764, 1, 1, 1, 1, 1, 0.703845739365, 0.503040075302, 0.656943917274, 0.545482575893, 0.581338047981, 1, 1, 0.997987806797],
        "mean": [0.0829879194498, 0.0570393167436, 0.0606237091124, 0.0889988541603, 0.12437171489, 0.137317374349, 0.180586144328, 0.403241336346, 0.4896055758, 0.377089202404, 0.276325970888, 0.138546615839, 0.0610413625836, 0.0420016534626, 0.0397602617741, 0.0379375703633, 0.0441168546677, 0.044450968504, 0.0360676236451, 0.0293716527522, 0.0302633717656, 0.032618176192, 0.0327055975795, 0.0386083200574, 0.0542003288865, 0.117164671421, 0.213599219918, 0.16545085609, 0.0501992031932, 0.0281444899738, 0.0283413007855, 0.029507836327, 0.0342112667859, 0.0391917005181, 0.0505187734962, 0.0828457549214],
