{
"metadata": {
    "version": {
        "essentia": "2.1-beta3"
    }
},
"lowLevel": {
    "average_loudness": 0.914083063602,
    "barkbands_kurtosis": {
        "kurt": 6.15441322327,
        "max": 16.8497219086,
        "mean": 0.783348381519,
        "median": -0.211607694626,
        "min": -1.51167964935,
        "skew": 2.11789560318,
        "var": 5.4202580452
    },
    "barkbands_skewness": {
        "kurt": 1.75062131882,
        "max": -0.0505084693432,
        "mean": -1.00054776669,
        "median": -0.886784017086,
        "min": -3.74398994446,
        "skew": -1.17646813393,
        "var": 0.294497102499
    },
    "barkbands_spread": {
        "kurt": -0.763619661331,
        "max": 26.7552566528,
        "mean": 15.5626850128,
        "median": 16.1863174438,
        "min": 4.65329360962,
        "skew": -0.21424087882,
        "var": 20.9670829773
    },
    "dissonance": {
        "kurt": 548.752868652,
        "max": 0.500000178814,
        "mean": 0.497597396374,
        "median": 0.498868077993,
        "min": 0.304633677006,
        "skew": -21.706571579,
        "var": 5.68834475416e-05
    },
    "hfc": {
        "kurt": -1.12670135498,
        "max": 0.867453575134,
        "mean": 0.36660695076,
        "median": 0.395484507084,
        "min": 0.000657653785311,
        "skew": 0.0178348049521,
        "var": 0.0458804965019
    },
    "pitch": {
        "kurt": -1.696570158,
        "max": 4305.95507812,
        "mean": 2300.08007812,
        "median": 3302.34887695,
        "min": 58.0525131226,
        "skew": -0.360985606909,
        "var": 2483345.5
    },
    "pitch_instantaneous_confidence": {
        "kurt": 1.58869409561,
        "max": 0.812436461449,
        "mean": 0.31084099412,
        "median": 0.292291104794,
        "min": 0.136771380901,
        "skew": 1.06078612804,
        "var": 0.010341684334
    },
    "pitch_salience": {
        "kurt": 10.5785150528,
        "max": 0.888316452503,
        "mean": 0.768692016602,
        "median": 0.778494656086,
        "min": 0.401714384556,
        "skew": -2.63786458969,
        "var": 0.00290953950025
    },
    "silence_rate_20dB": {
        "kurt": 0,
        "max": 1,
        "mean": 1,
        "median": 1,
        "min": 1,
        "skew": 0,
        "var": 0
    },
    "silence_rate_30dB": {
        "kurt": 0,
        "max": 1,
        "mean": 1,
        "median": 1,
        "min": 1,
        "skew": 0,
        "var": 0
    },
    "silence_rate_60dB": {
        "kurt": 0,
        "max": 1,
        "mean": 1,
        "median": 1,
        "min": 1,
        "skew": 0,
        "var": 0
    },
    "spectral_centroid": {
        "kurt": -0.177986860275,
        "max": 3908.5168457,
        "mean": 2783.53930664,
        "median": 2674.64233398,
        "min": 2109.16113281,
        "skew": 0.786193847656,
        "var": 123332.296875
    },
    "spectral_complexity": {
        "kurt": 0,
        "max": 0,
        "mean": 0,
        "median": 0,
        "min": 0,
        "skew": 0,
        "var": 0
    },
    "spectral_crest": {
        "kurt": 4.34628582001,
        "max": 20.2035140991,
        "mean": 6.18359375,
        "median": 5.66282844543,
        "min": 2.56317234039,
        "skew": 1.70724630356,
        "var": 5.48486566544
    },
    "spectral_decrease": {
        "kurt": -1.33846151829,
        "max": -3.22710066135e-14,
        "mean": -2.81692204285e-11,
        "median": -3.20622556282e-11,
        "min": -6.34390665e-11,
        "skew": 0.143127456307,
        "var": 3.02553123022e-22
    },
    "spectral_energy": {
        "kurt": -1.31200361252,
        "max": 0.000318114180118,
        "mean": 0.000139569398016,
        "median": 0.00015683361562,
        "min": 1.8144945102e-07,
        "skew": -0.115006662905,
        "var": 7.20622539419e-09
    },
    "spectral_energyband_high": {
        "kurt": 0.899210691452,
        "max": 6.98225194355e-05,
        "mean": 2.08049968933e-05,
        "median": 2.1624893634e-05,
        "min": 1.0033239306e-07,
        "skew": 0.571045041084,
        "var": 1.12056967871e-10
    },
    "spectral_energyband_low": {
        "kurt": 9.87463188171,
        "max": 7.07066874384e-07,
        "mean": 8.61112638972e-08,
        "median": 5.72424703194e-08,
        "min": 4.40435327098e-11,
        "skew": 2.55743527412,
        "var": 7.56573301323e-15
    },
    "spectral_energyband_middle_high": {
        "kurt": -1.17413830757,
        "max": 0.000267000490567,
        "mean": 0.000104013124655,
        "median": 0.000109977416287,
        "min": 7.77134587793e-08,
        "skew": 0.0648052468896,
        "var": 4.61437998922e-09
    },
    "spectral_energyband_middle_low": {
        "kurt": -1.02748084068,
        "max": 4.73007785331e-05,
        "mean": 1.59349092428e-05,
        "median": 1.87430414371e-05,
        "min": 4.05308675511e-09,
        "skew": 0.13964933157,
        "var": 1.49073642319e-10
    },
    "spectral_flatness_db": {
        "kurt": 0.178047418594,
        "max": 0.214654892683,
        "mean": 0.148554205894,
        "median": 0.147484123707,
        "min": 0.102370858192,
        "skew": 0.319350212812,
        "var": 0.00031894253334
    },
    "spectral_flux": {
        "kurt": -1.13012075424,
        "max": 0.010024161078,
        "mean": 0.00591659732163,
        "median": 0.00648031989112,
        "min": 0.00232565309852,
        "skew": -0.373529613018,
        "var": 3.53114432983e-06
    },
    "spectral_kurtosis": {
        "kurt": 10.8414993286,
        "max": 11.1553926468,
        "mean": 3.96385025978,
        "median": 3.95300769806,
        "min": 1.59449291229,
        "skew": 1.22747421265,
        "var": 0.585969805717
    },
    "spectral_rms": {
        "kurt": -1.3167399168,
        "max": 0.00055709539447,
        "mean": 0.000345722219208,
        "median": 0.000391162873711,
        "min": 1.3305030734e-05,
        "skew": -0.433342993259,
        "var": 1.66415983216e-08
    },
    "spectral_rolloff": {
        "kurt": -0.799612283707,
        "max": 4715.77148438,
        "mean": 4034.32714844,
        "median": 4005.17578125,
        "min": 3294.58007812,
        "skew": 0.00293924263678,
        "var": 69673.34375
    },
    "spectral_skewness": {
        "kurt": 7.81605815887,
        "max": 2.5710272789,
        "mean": 1.5385440588,
        "median": 1.53885114193,
        "min": 1.19951963425,
        "skew": 1.20431363583,
        "var": 0.0164891500026
    },
    "spectral_spread": {
        "kurt": 5.57258319855,
        "max": 10978690,
        "mean": 5145087,
        "median": 4999854.5,
        "min": 3835155.5,
        "skew": 1.54142343998,
        "var": 594954551296
    },
    "spectral_strongpeak": {
        "kurt": 1.24873590469,
        "max": 1.09192931652,
        "mean": 0.229286164045,
        "median": 0.159430533648,
        "min": 0.0046662800014,
        "skew": 1.20424866676,
        "var": 0.0333968177438
    },
    "zerocrossingrate": {
        "kurt": 4.09368038177,
        "max": 0.1923828125,
        "mean": 0.139632105827,
        "median": 0.1357421875,
        "min": 0.03369140625,
        "skew": 0.103808321059,
        "var": 0.000206035838346
    },
    "barkbands": {
        "kurt": [17.4414215088, 14.5974369049, 15.2647686005, 3.53155422211, -0.984218358994, -0.443333864212, -0.619136095047, -0.486530780792, -0.0372107028961, -0.881438732147, 2.45107841492, 0.27712059021, -0.0252819061279, 1.52576160431, 0.0850975513458, 0.24366402626, -0.0714678764343, -0.713543653488, 0.756964683533, 1.31310367584, 0.0635132789612, 0.126786231995, 0.527488708496, 9.20000553131, 7.23978614807, 101.434585571, 25.2785968781],
        "max": [2.63466848338e-09, 3.68123181715e-07, 5.00999590258e-07, 3.51870255599e-07, 1.77886124675e-06, 5.05380103277e-06, 1.02852618511e-05, 2.03193103516e-05, 1.92717106984e-05, 3.3124582842e-05, 1.20086433526e-05, 1.80365823326e-05, 2.26192132686e-05, 3.36616321874e-05, 1.96320361283e-05, 4.02262012358e-05, 4.39664509031e-05, 4.90827151225e-05, 0.00011203885515, 6.11289869994e-05, 2.88941500912e-05, 1.08989743239e-05, 1.62646449553e-06, 3.69182953364e-06, 1.14347619729e-06, 6.31561817954e-07, 2.04078820509e-09],
        "mean": [2.36209357629e-10, 3.10454240093e-08, 3.84328977532e-08, 5.90603868034e-08, 5.00818259752e-07, 1.2088977428e-06, 2.85370492747e-06, 5.18363822266e-06, 4.7290245675e-06, 9.21422270039e-06, 2.10009852708e-06, 4.22563653046e-06, 5.60394892091e-06, 7.07443541614e-06, 5.25947598362e-06, 9.08119000087e-06, 1.15415177788e-05, 1.50748874148e-05, 2.67355881078e-05, 1.62571959663e-05, 8.85062672751e-06, 2.93936932394e-06, 4.01589261401e-07, 4.21889382096e-07, 1.60359590495e-07, 2.24915339686e-08, 1.79697354219e-10],
        "median": [1.5299433942e-10, 1.65462168411e-08, 2.03719192626e-08, 3.68370294268e-08, 3.74684532289e-07, 1.29839861529e-06, 2.55634017776e-06, 4.74954867968e-06, 4.51796222478e-06, 7.20487423678e-06, 2.01473858397e-06, 3.99742475565e-06, 4.66989786219e-06, 6.39445670458e-06, 4.81845927425e-06, 7.98733799456e-06, 1.04956125142e-05, 1.48751241795e-05, 2.39228575083e-05, 1.54161371029e-05, 8.9406639745e-06, 3.01095178656e-06, 3.99686570063e-07, 3.5013297861e-07, 1.5182416746e-07, 1.56126649387e-08, 1.57907464882e-10],
        "min": [5.60078676146e-13, 1.01109762923e-11, 2.03833096235e-11, 2.67340316551e-11, 3.11147184406e-11, 4.27860802343e-10, 3.06813185968e-10, 9.8211616617e-10, 1.52960921707e-09, 1.54046519985e-09, 5.40079425626e-10, 4.02451905135e-10, 4.06481870385e-09, 3.05506753229e-09, 5.7378164442e-09, 1.06595567928e-08, 6.81272860348e-09, 2.67037982837e-08, 1.67055347333e-08, 7.17873831491e-08, 2.49861447088e-08, 3.02045277678e-09, 1.08228315199e-09, 7.44679096165e-10, 1.05995580368e-10, 8.10398276263e-11, 3.34834330401e-12],
        "skew": [3.1359834671, 3.21668767929, 3.10487437248, 1.79992508888, 0.593791365623, 0.387057572603, 0.569145679474, 0.675628662109, 0.735591709614, 0.564624071121, 1.14759588242, 0.778907597065, 0.820297777653, 1.07410979271, 0.686378598213, 0.853878736496, 0.800617277622, 0.424646794796, 1.00826394558, 0.941338717937, 0.469264566898, 0.56291270256, 0.778300106525, 2.29314136505, 1.86671876907, 8.62982463837, 3.08926129341],
        "var": [6.59920750662e-20, 1.6558362271e-15, 2.47153266108e-15, 3.79255021078e-15, 2.13716848038e-13, 8.56402297168e-13, 6.49776022918e-12, 2.35030710172e-11, 1.58181905074e-11, 7.25831825199e-11, 3.20956455857e-12, 1.28851807696e-11, 2.32979573134e-11, 3.15831596986e-11, 1.20176160689e-11, 5.34051136647e-11, 9.45280798081e-11, 1.11116678359e-10, 4.44281583745e-10, 9.19746293015e-11, 2.53248273047e-11, 4.01430971797e-12, 9.54285749814e-14, 1.65803704317e-13, 1.82692097941e-14, 1.9040176218e-15, 2.51977616121e-20],
        "cov": [[6.60771195729e-20, 8.3529277282e-19, 9.92010411675e-19, 1.14595099842e-18, -2.15873625797e-18, -6.63889162576e-18, -1.66425083107e-17, -5.70938984677e-17, -2.89567775227e-17, 1.8021166929e-17, -8.91313248933e-18, -2.17784396469e-17, -5.08533302892e-17, 4.83278453087e-18, 1.76728295925e-17, 2.74508009189e-17, -1.38557411284e-16, 4.91564073129e-18, -1.66933531178e-16, 6.03443212283e-17, 6.75313064502e-18, -6.47366105763e-18, -4.10572792761e-18, -5.73426953708e-18, -1.50748848311e-18, -2.5291592651e-19, -1.99385848399e-21], [8.3529277282e-19, 1.65797011486e-15, 1.03053734132e-15, 1.91436513511e-16, -2.04745227527e-15, -4.01492346449e-15, -1.45405555137e-14, -2.89424741802e-15, 4.11331354109e-15, -2.61730402434e-14, -6.7480446754e-15, -2.12093678801e-14, -2.98822483414e-14, -2.64141651124e-14, -1.57977184258e-14, -4.53452650862e-14, -9.40982385869e-14, -8.5524137414e-14, -1.27849458993e-13, -4.71682256784e-14, -1.36216704556e-14, -8.2892871915e-15, -7.2441640487e-16, 1.1271381667e-15, 5.60091219009e-16, 3.4071336497e-16, 4.17233623285e-19], [9.92010411675e-19, 1.03053734132e-15, 2.47471771672e-15, 4.25976495534e-16, -1.75261143539e-15, 9.30346155034e-16, 3.81864390776e-15, 4.02761117101e-15, 1.34659036377e-14, 4.15139995405e-14, 6.01771084542e-15, -9.98591112551e-15, 6.93998191773e-15, 3.26149401066e-16, -9.22853746275e-15, 1.43717996573e-15, -4.51936563531e-14, -2.84757433562e-14, 1.30073056004e-14, 3.79867883297e-14, 9.3056572715e-15, 5.31634300114e-15, -2.24071928653e-17, 2.36540578554e-15, 1.60152108639e-15, 5.43509754974e-16, 8.8660392359e-19], [1.14595099842e-18, 1.91436513511e-16, 4.25976495534e-16, 3.79743759089e-15, 1.77707190461e-14, 2.89262734046e-14, 2.48086243253e-14, 1.90222403801e-13, 1.46776606711e-13, 1.41244438021e-13, 2.9810589354e-14, 8.97901612546e-14, 9.67511186727e-14, 1.17846663959e-13, 8.91637160156e-14, 1.44994584915e-13, 7.3322119589e-14, 1.64693481292e-13, 1.93612446496e-13, 7.12488404321e-14, 1.16538994167e-13, 4.86159845562e-14, 9.12893231738e-15, 1.22124388713e-14, 3.48175984639e-15, 2.25352480342e-16, 2.57669035557e-18], [-2.15873625797e-18, -2.04745227527e-15, -1.75261143539e-15, 1.77707190461e-14, 2.13992248943e-13, 3.05475073405e-13, 4.51372175313e-13, 1.86293471968e-12, 1.30601313184e-12, 1.58669659443e-12, 3.81321439268e-13, 1.13149593861e-12, 1.10615477281e-12, 1.34638838706e-12, 9.999581458e-13, 1.50521836748e-12, 1.87728153335e-12, 2.54024644201e-12, 3.43266626061e-12, 1.11723434323e-12, 1.30418733538e-12, 6.19518542369e-13, 9.45426462812e-14, 9.58849969909e-14, 3.18522030312e-14, 2.75081678796e-15, 2.95690367598e-17], [-6.63889162576e-18, -4.01492346449e-15, 9.30346155034e-16, 2.89262734046e-14, 3.05475073405e-13, 8.5750590656e-13, 1.56883674888e-12, 3.53081257808e-12, 2.78860897047e-12, 5.73560860265e-12, 9.73945967278e-13, 2.05337808389e-12, 2.78575968717e-12, 3.13549425139e-12, 2.06629071492e-12, 4.15841102872e-12, 5.25011631392e-12, 6.29554047782e-12, 1.15467739537e-11, 4.00170174775e-12, 2.95334091384e-12, 1.3642347885e-12, 2.05210861867e-13, 2.43514084765e-13, 8.20135788709e-14, 1.07144085881e-14, 7.79871771041e-17], [-1.66425083107e-17, -1.45405555137e-14, 3.81864390776e-15, 2.48086243253e-14, 4.51372175313e-13, 1.56883674888e-12, 6.5061337394e-12, 5.96687933438e-12, 5.14284318257e-12, 1.92761067525e-11, 2.37141686496e-12, 4.42022286828e-12, 7.85974584028e-12, 8.23293690166e-12, 4.93065224066e-12, 1.38429476215e-11, 1.98928165607e-11, 1.95338606401e-11, 4.34632954627e-11, 1.43394948693e-11, 7.81844294168e-12, 3.30416228232e-12, 4.68643407501e-13, 5.63284119869e-13, 2.02167574131e-13, 2.83907842575e-14, 2.26261055527e-16], [-5.70938984677e-17, -2.89424741802e-15, 4.02761117101e-15, 1.90222403801e-13, 1.86293471968e-12, 3.53081257808e-12, 5.96687933438e-12, 2.35333592891e-11, 1.57019570957e-11, 2.29748685354e-11, 4.1582731182e-12, 1.08880725616e-11, 1.17537958533e-11, 1.43988440962e-11, 1.03758017803e-11, 1.7371567726e-11, 2.01349978357e-11, 2.68283520399e-11, 3.88101356608e-11, 1.50754721207e-11, 1.41140137772e-11, 6.366939094e-12, 1.13637267998e-12, 1.31171365002e-12, 4.23897462271e-13, 5.45694742106e-14, 3.88599234442e-16], [-2.89567775227e-17, 4.11331354109e-15, 1.34659036377e-14, 1.46776606711e-13, 1.30601313184e-12, 2.78860897047e-12, 5.14284318257e-12, 1.57019570957e-11, 1.5838575243e-11, 1.93602842091e-11, 4.18468515048e-12, 9.31052197145e-12, 9.82584586612e-12, 1.2326783691e-11, 7.66955596254e-12, 1.36536233708e-11, 1.50950432709e-11, 2.16335196285e-11, 3.44612845204e-11, 1.4266494236e-11, 1.13061417867e-11, 5.0821733974e-12, 8.6005145063e-13, 1.12332268053e-12, 3.69830170177e-13, 6.05543650704e-14, 3.46258201461e-16], [1.8021166929e-17, -2.61730402434e-14, 4.15139995405e-14, 1.41244438021e-13, 1.58669659443e-12, 5.73560860265e-12, 1.92761067525e-11, 2.29748685354e-11, 1.93602842091e-11, 7.26767118708e-11, 7.51378820274e-12, 1.36229205e-11, 2.59254284707e-11, 2.69356082577e-11, 1.61378913704e-11, 4.56100227031e-11, 6.06549116489e-11, 6.2908067644e-11, 1.36725852862e-10, 4.91451636331e-11, 2.69337174091e-11, 1.11663516975e-11, 1.68043996687e-12, 2.00447644594e-12, 6.89258708702e-13, 8.70982769957e-14, 7.18895126483e-16], [-8.91313248933e-18, -6.7480446754e-15, 6.01771084542e-15, 2.9810589354e-14, 3.81321439268e-13, 9.73945967278e-13, 2.37141686496e-12, 4.1582731182e-12, 4.18468515048e-12, 7.51378820274e-12, 3.21370057302e-12, 3.56074913478e-12, 4.61096742385e-12, 5.06687573842e-12, 3.15970166698e-12, 5.94423815725e-12, 7.82744355443e-12, 9.83885976164e-12, 1.81891706558e-11, 7.81902667613e-12, 4.07497646737e-12, 1.9125183208e-12, 2.66145504073e-13, 2.98477768109e-13, 1.17713185119e-13, 2.14973556941e-14, 1.24804521131e-16], [-2.17784396469e-17, -2.12093678801e-14, -9.98591112551e-15, 8.97901612546e-14, 1.13149593861e-12, 2.05337808389e-12, 4.42022286828e-12, 1.08880725616e-11, 9.31052197145e-12, 1.36229205e-11, 3.56074913478e-12, 1.29017846753e-11, 9.21662832859e-12, 1.177362461e-11, 6.85801936073e-12, 1.28065683058e-11, 1.72757450706e-11, 2.19278848551e-11, 3.520247982e-11, 1.33761222584e-11, 9.95963814893e-12, 4.21274300166e-12, 6.37037406333e-13, 5.97538294886e-13, 2.27834407156e-13, 2.3061989872e-14, 2.15045306984e-16], [-5.08533302892e-17, -2.98822483414e-14, 6.93998191773e-15, 9.67511186727e-14, 1.10615477281e-12, 2.78575968717e-12, 7.85974584028e-12, 1.17537958533e-11, 9.82584586612e-12, 2.59254284707e-11, 4.61096742385e-12, 9.21662832859e-12, 2.33279801726e-11, 2.00710992965e-11, 1.08676305802e-11, 2.37263559494e-11, 3.06972919306e-11, 3.36890931818e-11, 6.44225436885e-11, 2.03434109836e-11, 1.45543351676e-11, 5.97377182443e-12, 9.53212227033e-13, 9.47700576868e-13, 3.16831549061e-13, 2.85875110476e-14, 3.19719997479e-16], [4.83278453087e-18, -2.64141651124e-14, 3.26149401066e-16, 1.17846663959e-13, 1.34638838706e-12, 3.13549425139e-12, 8.23293690166e-12, 1.43988440962e-11, 1.2326783691e-11, 2.69356082577e-11, 5.06687573842e-12, 1.177362461e-11, 2.00710992965e-11, 3.16238597808e-11, 1.23581648387e-11, 2.53281423612e-11, 3.09136709287e-11, 3.54128358582e-11, 6.49931219954e-11, 2.21817113288e-11, 1.60521682752e-11, 6.70639759004e-12, 1.06279601005e-12, 1.19226698826e-12, 4.01280029171e-13, 4.3413271025e-14, 3.70217666575e-16], [1.76728295925e-17, -1.57977184258e-14, -9.22853746275e-15, 8.91637160156e-14, 9.999581458e-13, 2.06629071492e-12, 4.93065224066e-12, 1.03758017803e-11, 7.66955596254e-12, 1.61378913704e-11, 3.15970166698e-12, 6.85801936073e-12, 1.08676305802e-11, 1.23581648387e-11, 1.20331028128e-11, 1.63694353211e-11, 1.93006340077e-11, 2.21642218468e-11, 4.06440194001e-11, 1.25948921431e-11, 1.01300070762e-11, 4.42133135659e-12, 6.81775599518e-13, 7.0529259516e-13, 2.23341717299e-13, 2.2700164502e-14, 2.3385703524e-16], [2.74508009189e-17, -4.53452650862e-14, 1.43717996573e-15, 1.44994584915e-13, 1.50521836748e-12, 4.15841102872e-12, 1.38429476215e-11, 1.7371567726e-11, 1.36536233708e-11, 4.56100227031e-11, 5.94423815725e-12, 1.28065683058e-11, 2.37263559494e-11, 2.53281423612e-11, 1.63694353211e-11, 5.34739370839e-11, 5.01497593453e-11, 5.24180594763e-11, 1.12594239488e-10, 3.98801686119e-11, 2.33644492642e-11, 9.20064285176e-12, 1.29215355863e-12, 1.4456698642e-12, 5.08879830635e-13, 2.79070420473e-14, 4.41998520778e-16], [-1.38557411284e-16, -9.40982385869e-14, -4.51936563531e-14, 7.3322119589e-14, 1.87728153335e-12, 5.25011631392e-12, 1.98928165607e-11, 2.01349978357e-11, 1.50950432709e-11, 6.06549116489e-11, 7.82744355443e-12, 1.72757450706e-11, 3.06972919306e-11, 3.09136709287e-11, 1.93006340077e-11, 5.01497593453e-11, 9.46498990295e-11, 7.74357800104e-11, 1.57732396588e-10, 4.73192804384e-11, 2.99374691703e-11, 1.21078529147e-11, 1.69984382473e-12, 1.56911701514e-12, 5.89976797884e-13, 3.58057259244e-14, 6.455240738e-16], [4.91564073129e-18, -8.5524137414e-14, -2.84757433562e-14, 1.64693481292e-13, 2.54024644201e-12, 6.29554047782e-12, 1.95338606401e-11, 2.68283520399e-11, 2.16335196285e-11, 6.2908067644e-11, 9.83885976164e-12, 2.19278848551e-11, 3.36890931818e-11, 3.54128358582e-11, 2.21642218468e-11, 5.24180594763e-11, 7.74357800104e-11, 1.11259869373e-10, 1.56075055657e-10, 4.69751390564e-11, 3.18357666618e-11, 1.37980946113e-11, 2.06893877031e-12, 2.25420571966e-12, 7.45623777564e-13, 7.43827064829e-14, 7.46801579842e-16], [-1.66933531178e-16, -1.27849458993e-13, 1.30073056004e-14, 1.93612446496e-13, 3.43266626061e-12, 1.15467739537e-11, 4.34632954627e-11, 3.88101356608e-11, 3.44612845204e-11, 1.36725852862e-10, 1.81891706558e-11, 3.520247982e-11, 6.44225436885e-11, 6.49931219954e-11, 4.06440194001e-11, 1.12594239488e-10, 1.57732396588e-10, 1.56075055657e-10, 4.44854098003e-10, 1.17488144213e-10, 6.37125560643e-11, 2.6577694906e-11, 3.4957418904e-12, 3.70133047475e-12, 1.51467109254e-12, 1.37558245502e-13, 1.54111037896e-15], [6.03443212283e-17, -4.71682256784e-14, 3.79867883297e-14, 7.12488404321e-14, 1.11723434323e-12, 4.00170174775e-12, 1.43394948693e-11, 1.50754721207e-11, 1.4266494236e-11, 4.91451636331e-11, 7.81902667613e-12, 1.33761222584e-11, 2.03434109836e-11, 2.21817113288e-11, 1.25948921431e-11, 3.98801686119e-11, 4.73192804384e-11, 4.69751390564e-11, 1.17488144213e-10, 9.20931525483e-11, 2.60131065993e-11, 9.7691533682e-12, 1.31879782702e-12, 1.31444193637e-12, 5.29004737151e-13, 5.55804249738e-14, 4.88109512119e-16], [6.75313064502e-18, -1.36216704556e-14, 9.3056572715e-15, 1.16538994167e-13, 1.30418733538e-12, 2.95334091384e-12, 7.81844294168e-12, 1.41140137772e-11, 1.13061417867e-11, 2.69337174091e-11, 4.07497646737e-12, 9.95963814893e-12, 1.45543351676e-11, 1.60521682752e-11, 1.01300070762e-11, 2.33644492642e-11, 2.99374691703e-11, 3.18357666618e-11, 6.37125560643e-11, 2.60131065993e-11, 2.53574626574e-11, 6.50110911285e-12, 9.41193303849e-13, 1.16213885303e-12, 3.78314296123e-13, 3.71006055196e-14, 3.58438773471e-16], [-6.47366105763e-18, -8.2892871915e-15, 5.31634300114e-15, 4.86159845562e-14, 6.19518542369e-13, 1.3642347885e-12, 3.30416228232e-12, 6.366939094e-12, 5.0821733974e-12, 1.11663516975e-11, 1.9125183208e-12, 4.21274300166e-12, 5.97377182443e-12, 6.70639759004e-12, 4.42133135659e-12, 9.20064285176e-12, 1.21078529147e-11, 1.37980946113e-11, 2.6577694906e-11, 9.7691533682e-12, 6.50110911285e-12, 4.01948309706e-12, 4.33951485856e-13, 4.79706281208e-13, 1.84585555391e-13, 3.07048901279e-14, 1.67452841784e-16], [-4.10572792761e-18, -7.2441640487e-16, -2.24071928653e-17, 9.12893231738e-15, 9.45426462812e-14, 2.05210861867e-13, 4.68643407501e-13, 1.13637267998e-12, 8.6005145063e-13, 1.68043996687e-12, 2.66145504073e-13, 6.37037406333e-13, 9.53212227033e-13, 1.06279601005e-12, 6.81775599518e-13, 1.29215355863e-12, 1.69984382473e-12, 2.06893877031e-12, 3.4957418904e-12, 1.31879782702e-12, 9.41193303849e-13, 4.33951485856e-13, 9.55515438365e-14, 7.90713048965e-14, 2.66815801902e-14, 3.32778662076e-15, 2.58265540312e-17], [-5.73426953708e-18, 1.1271381667e-15, 2.36540578554e-15, 1.22124388713e-14, 9.58849969909e-14, 2.43514084765e-13, 5.63284119869e-13, 1.31171365002e-12, 1.12332268053e-12, 2.00447644594e-12, 2.98477768109e-13, 5.97538294886e-13, 9.47700576868e-13, 1.19226698826e-12, 7.0529259516e-13, 1.4456698642e-12, 1.56911701514e-12, 2.25420571966e-12, 3.70133047475e-12, 1.31444193637e-12, 1.16213885303e-12, 4.79706281208e-13, 7.90713048965e-14, 1.66017359907e-13, 4.30705208369e-14, 1.01695817498e-14, 3.91584390307e-17], [-1.50748848311e-18, 5.60091219009e-16, 1.60152108639e-15, 3.48175984639e-15, 3.18522030312e-14, 8.20135788709e-14, 2.02167574131e-13, 4.23897462271e-13, 3.69830170177e-13, 6.89258708702e-13, 1.17713185119e-13, 2.27834407156e-13, 3.16831549061e-13, 4.01280029171e-13, 2.23341717299e-13, 5.08879830635e-13, 5.89976797884e-13, 7.45623777564e-13, 1.51467109254e-12, 5.29004737151e-13, 3.78314296123e-13, 1.84585555391e-13, 2.66815801902e-14, 4.30705208369e-14, 1.82927522278e-14, 3.56208101616e-15, 1.39766292736e-17], [-2.5291592651e-19, 3.4071336497e-16, 5.43509754974e-16, 2.25352480342e-16, 2.75081678796e-15, 1.07144085881e-14, 2.83907842575e-14, 5.45694742106e-14, 6.05543650704e-14, 8.70982769957e-14, 2.14973556941e-14, 2.3061989872e-14, 2.85875110476e-14, 4.3413271025e-14, 2.2700164502e-14, 2.79070420473e-14, 3.58057259244e-14, 7.43827064829e-14, 1.37558245502e-13, 5.55804249738e-14, 3.71006055196e-14, 3.07048901279e-14, 3.32778662076e-15, 1.01695817498e-14, 3.56208101616e-15, 1.90647126449e-15, 3.78117699683e-18], [-1.99385848399e-21, 4.17233623285e-19, 8.8660392359e-19, 2.57669035557e-18, 2.95690367598e-17, 7.79871771041e-17, 2.26261055527e-16, 3.88599234442e-16, 3.46258201461e-16, 7.18895126483e-16, 1.24804521131e-16, 2.15045306984e-16, 3.19719997479e-16, 3.70217666575e-16, 2.3385703524e-16, 4.41998520778e-16, 6.455240738e-16, 7.46801579842e-16, 1.54111037896e-15, 4.88109512119e-16, 3.58438773471e-16, 1.67452841784e-16, 2.58265540312e-17, 3.91584390307e-17, 1.39766292736e-17, 3.78117699683e-18, 2.52302316823e-20]]
    },
    "mfcc": {
        "kurt": [-0.847587823868, 0.00601840019226, 3.14187335968, -0.318159103394, -0.575174093246, -0.450864076614, -0.810575246811, 0.174292802811, -0.342016458511, -0.617169380188, 0.198848962784, -0.00294828414917, -0.0996026992798],
        "max": [-825.312194824, 63.5189056396, -1.71279907227, 52.3530158997, 5.37043762207, 12.6861114502, 24.4971199036, 3.48080825806, 22.3936195374, 21.162317276, 19.0680732727, 11.7440719604, 9.0341796875],
        "mean": [-891.604248047, 36.8079338074, -84.9776000977, 15.7484807968, -32.9652748108, -20.4858627319, -4.1207242012, -14.3435573578, -0.868966817856, -2.16732001305, 2.10709452629, -3.88509273529, -6.99750518799],
        "median": [-859.805175781, 40.0283203125, -85.9029846191, 11.7522964478, -37.958820343, -23.0273933411, -6.04884338379, -14.1584854126, -1.82433319092, -3.13182449341, 2.09484481812, -3.96278762817, -7.42157936096],
        "min": [-1135.27001953, -4.5143661499, -112.94644165, -5.50839614868, -55.8657226562, -43.1207084656, -24.9342784882, -31.2683563232, -20.8318786621, -19.7752799988, -11.8387756348, -20.9679641724, -21.9285545349],
        "skew": [-0.771978974342, -0.759893536568, 0.707352697849, 0.802656829357, 0.749615907669, 0.601055324078, 0.402207702398, -0.153349235654, 0.401518464088, 0.34997522831, 0.225974261761, 0.0938093438745, 0.290144711733],
        "var": [2987.96582031, 161.64755249, 124.050201416, 158.108352661, 183.672576904, 136.288665771, 121.652610779, 30.6345901489, 58.7922401428, 66.8238983154, 24.2480678558, 25.123380661, 27.302570343],
        "cov": [[2991.81640625, 560.168518066, -219.005126953, -566.489013672, -617.22088623, -491.555541992, -465.155578613, 21.2221508026, -271.365081787, -294.409973145, -46.5988006592, -41.9015235901, -50.1888275146], [560.168518066, 161.855865479, -13.6401567459, -101.69443512, -113.106002808, -84.5619735718, -76.039100647, 16.9113197327, -45.548576355, -60.0891952515, -8.37589550018, -8.30786991119, -4.5369887352], [-219.005126953, -13.6401567459, 124.21006012, 56.0022315979, 66.0591659546, 53.6323051453, 55.6174736023, 14.0406894684, 40.586971283, 38.2647476196, 11.5857448578, 3.37335515022, -1.47186243534], [-566.489013672, -101.69443512, 56.0022315979, 158.312103271, 141.856369019, 109.455429077, 104.664985657, 2.27661061287, 66.6689453125, 61.6294403076, 11.3239402771, 11.0122833252, 11.9168663025], [-617.22088623, -113.106002808, 66.0591659546, 141.856369019, 183.90927124, 131.426895142, 110.386436462, 0.0722949206829, 70.3293609619, 74.8310165405, 17.4799957275, 9.21784687042, 6.55645513535], [-491.555541992, -84.5619735718, 53.6323051453, 109.455429077, 131.426895142, 136.464294434, 99.5848388672, -3.93366575241, 56.6798744202, 61.7318267822, 15.917016983, 4.45223474503, 7.481153965], [-465.155578613, -76.039100647, 55.6174736023, 104.664985657, 110.386436462, 99.5848388672, 121.809379578, 11.0066518784, 57.1728973389, 59.1808700562, 12.9093370438, 13.6942205429, 14.8288402557], [21.2221508026, 16.9113197327, 14.0406894684, 2.27661061287, 0.0722949206829, -3.93366575241, 11.0066518784, 30.6740665436, 6.53816318512, 0.982142567635, 4.73431539536, 5.52471876144, 5.59903669357], [-271.365081787, -45.548576355, 40.586971283, 66.6689453125, 70.3293609619, 56.6798744202, 57.1728973389, 6.53816318512, 58.8680038452, 44.1680374146, 9.80173969269, 9.75177383423, 7.47504663467], [-294.409973145, -60.0891952515, 38.2647476196, 61.6294403076, 74.8310165405, 61.7318267822, 59.1808700562, 0.982142567635, 44.1680374146, 66.9100112915, 12.837020874, 8.23872089386, 8.19126605988], [-46.5988006592, -8.37589550018, 11.5857448578, 11.3239402771, 17.4799957275, 15.917016983, 12.9093370438, 4.73431539536, 9.80173969269, 12.837020874, 24.2793140411, 3.12889027596, 0.806176185608], [-41.9015235901, -8.30786991119, 3.37335515022, 11.0122833252, 9.21784687042, 4.45223474503, 13.6942205429, 5.52471876144, 9.75177383423, 8.23872089386, 3.12889027596, 25.1557559967, 7.72012090683], [-50.1888275146, -4.5369887352, -1.47186243534, 11.9168663025, 6.55645513535, 7.481153965, 14.8288402557, 5.59903669357, 7.47504663467, 8.19126605988, 0.806176185608, 7.72012090683, 27.3377552032]]
    },
    "sccoeffs": {
        "kurt": [-0.513062238693, -0.2753033638, -0.0852284431458, 0.0468323230743, -0.201537132263, 0.128810882568],
        "max": [-0.60946393013, -0.763574421406, -0.75452786684, -0.786154389381, -0.788563728333, -0.748984217644],
        "mean": [-0.787541329861, -0.854307413101, -0.854821741581, -0.856183469296, -0.844274759293, -0.79960924387],
        "median": [-0.789750874043, -0.856612563133, -0.85719037056, -0.857045352459, -0.845112740993, -0.798857212067],
        "min": [-0.905127584934, -0.939782977104, -0.926180899143, -0.916065633297, -0.88379752636, -0.847762942314],
        "skew": [0.224784702063, 0.296453475952, 0.432209521532, 0.146570935845, 0.197305589914, -0.0957017168403],
        "var": [0.00289768376388, 0.00109249376692, 0.000847308663651, 0.000387013948057, 0.000241722271312, 0.000216461645323],
        "cov": [[0.00290141790174, 0.000454662193079, 0.000352900562575, 0.000154938010382, 8.45593167469e-05, 0.000261262001004], [0.000454662193079, 0.00109390157741, 5.92427095398e-05, 3.05707180814e-05, -6.93957263138e-05, 1.6458609025e-05], [0.000352900562575, 5.92427095398e-05, 0.000848400522955, 3.57253884431e-05, 8.51409349707e-05, 3.30184848281e-05], [0.000154938010382, 3.05707180814e-05, 3.57253884431e-05, 0.000387512671296, 3.1149462302e-05, 3.89453598473e-05], [8.45593167469e-05, -6.93957263138e-05, 8.51409349707e-05, 3.1149462302e-05, 0.000242033755057, 2.00525519176e-05], [0.000261262001004, 1.6458609025e-05, 3.30184848281e-05, 3.89453598473e-05, 2.00525519176e-05, 0.000216740590986]]
    },
    "scvalleys": {
        "kurt": [2.97807025909, -0.91263794899, -0.401792049408, 0.683422803879, 1.30752325058, 0.147335767746],
        "max": [-9.07173919678, -7.19798564911, -7.20071697235, -7.23992156982, -7.51220655441, -9.62191295624],
        "mean": [-10.4550952911, -8.43910217285, -8.33462524414, -8.26711082458, -8.18734931946, -10.6089048386],
        "median": [-10.4705705643, -8.01232242584, -7.96984386444, -8.10083866119, -7.99104547501, -10.4031352997],
        "min": [-13.9054708481, -11.8861341476, -12.1739854813, -11.4688062668, -11.2553596497, -13.620347023],
        "skew": [-0.530424594879, -0.728584229946, -0.859146475792, -0.812050521374, -0.961115896702, -0.736397922039],
        "var": [0.231720909476, 0.920900344849, 0.642579078674, 0.285497188568, 0.210315793753, 0.273428916931],
        "cov": [[0.232019528747, 0.139662131667, 0.128099992871, 0.0817364305258, 0.0632095560431, 0.102250315249], [0.139662131667, 0.922087073326, 0.703650414944, 0.443863987923, 0.401349574327, 0.456699609756], [0.128099992871, 0.703650414944, 0.643407166004, 0.369606405497, 0.327993303537, 0.374770760536], [0.0817364305258, 0.443863987923, 0.369606405497, 0.285865098238, 0.217914387584, 0.245389327407], [0.0632095560431, 0.401349574327, 0.327993303537, 0.217914387584, 0.210586816072, 0.217323631048], [0.102250315249, 0.456699609756, 0.374770760536, 0.245389327407, 0.217323631048, 0.273781269789]]
    }
},
"rhythm": {
    "beats_loudness": {
        "kurt": -1.31931114197,
        "max": 0.000265466427663,
        "mean": 0.000144109304529,
        "median": 0.000160393392434,
        "min": 2.72763081739e-05,
        "skew": -0.228808313608,
        "var": 6.60010890385e-09
    },
    "bpm": 98.0113983154,
    "confidence": 0.825283408165,
    "first_peak_bpm": {
        "kurt": 0,
        "max": 98,
        "mean": 98,
        "median": 98,
        "min": 98,
        "skew": 0,
        "var": 0
    },
    "first_peak_spread": {
        "kurt": 0,
        "max": 0.538461565971,
        "mean": 0.538461565971,
        "median": 0.538461565971,
        "min": 0.538461565971,
        "skew": 0,
        "var": 0
    },
    "first_peak_weight": {
        "kurt": 0,
        "max": 0.193548381329,
        "mean": 0.193548381329,
        "median": 0.193548381329,
        "min": 0.193548381329,
        "skew": 0,
        "var": 0
    },
    "onset_rate": 0.499880999327,
    "second_peak_bpm": {
        "kurt": 0,
        "max": 103,
        "mean": 103,
        "median": 103,
        "min": 103,
        "skew": 0,
        "var": 0
    },
    "second_peak_spread": {
        "kurt": 0,
        "max": 0.166666686535,
        "mean": 0.166666686535,
        "median": 0.166666686535,
        "min": 0.166666686535,
        "skew": 0,
        "var": 0
    },
    "second_peak_weight": {
        "kurt": 0,
        "max": 0.161290317774,
        "mean": 0.161290317774,
        "median": 0.161290317774,
        "min": 0.161290317774,
        "skew": 0,
        "var": 0
    },
    "beats_loudness_band_ratio": {
        "kurt": [7.12212848663, -0.743497371674, -0.861835002899, -0.479188203812, -0.561193466187, 0.259216785431],
        "max": [0.0173642039299, 0.0238853301853, 0.201792836189, 0.314556717873, 0.495424628258, 0.757929325104],
        "mean": [0.00256349612027, 0.0115911243483, 0.0845485627651, 0.157704427838, 0.337588608265, 0.425820618868],
        "median": [0.00116739026271, 0.0106402151287, 0.0787745341659, 0.172736436129, 0.345975935459, 0.395983815193],
        "min": [0.000159194125445, 0.00193063018378, 0.0107926372439, 0.0439830124378, 0.17701408267, 0.275670707226],
        "skew": [2.63317656517, 0.281425029039, 0.47450274229, 0.0392095036805, -0.0400880910456, 1.02552103996],
        "var": [1.27734929265e-05, 3.74010705855e-05, 0.00307423924096, 0.00421770429239, 0.00592023972422, 0.0157595518976],
        "cov": [[1.31855413201e-05, -6.94060281603e-06, -7.59350223234e-05, -0.000108896485472, -2.27266573347e-05, 0.000190070073586], [-6.94060281603e-06, 3.86075553251e-05, 0.000291441829177, 0.000231670215726, -4.61370655103e-05, -0.000489542726427], [-7.59350223234e-05, 0.000291441829177, 0.00317340833135, 0.0022511666175, -0.00108415086288, -0.00435891188681], [-0.000108896485472, 0.000231670215726, 0.0022511666175, 0.00435375934467, 0.000621775514446, -0.00704808393493], [-2.27266573347e-05, -4.61370655103e-05, -0.00108415086288, 0.000621775514446, 0.00611121533439, -0.00526348361745], [0.000190070073586, -0.000489542726427, -0.00435891188681, -0.00704808393493, -0.00526348361745, 0.0162679236382]]
    },
    "beats_position": [0.429569154978, 0.882358253002, 1.3235373497, 1.72988653183, 2.14784574509, 2.60063481331, 3.03020405769, 3.45977306366, 3.88934230804, 4.33052158356, 4.88780021667, 5.42185926437, 5.97913837433, 6.5596370697, 7.14013576508, 7.75546455383, 8.37079334259, 9.0093421936, 9.64789104462, 10.2632198334, 10.8785486221, 11.5170974731, 12.1324262619, 12.7361450195, 13.3166437149, 13.8971424103, 14.4892511368, 15.0697498322, 15.6618595123, 16.2539672852, 16.8228569031, 17.4149665833],
    "bpm_estimates": [97.5088424683, 97.5088424683, 93.9630508423, 93.9630508423, 97.5088424683, 97.5088424683, 93.9630508423, 97.5088424683, 99.3840255737, 101.332740784, 101.332580566, 101.332901001, 101.332580566],
    "bpm_intervals": [0.452789098024, 0.441179096699, 0.406349182129, 0.417959213257, 0.452789068222, 0.429569244385, 0.429569005966, 0.429569244385, 0.441179275513, 0.557278633118, 0.534059047699, 0.557279109955, 0.580498695374, 0.580498695374, 0.615328788757, 0.615328788757, 0.638548851013, 0.638548851013, 0.615328788757, 0.615328788757, 0.638548851013, 0.615328788757, 0.603718757629, 0.580498695374, 0.580498695374, 0.592108726501, 0.580498695374, 0.592109680176, 0.592107772827, 0.56888961792, 0.592109680176],
    "onset_times": [0.0116099771112, 1.69505667686, 1.89242625237, 2.15945577621, 12.7361450195, 13.0263948441, 15.3832197189, 15.719909668, 15.9404993057],
    "histogram": [[0, 0, 0, 0, 0, 0, 0, 0, 0, 0, 0, 0, 0, 0, 0, 0, 0, 0, 0, 0, 0, 0, 0, 0, 0, 0, 0, 0, 0, 0, 0, 0, 0, 0, 0, 0, 0, 0, 0, 0, 0, 0, 0, 0, 0, 0, 0, 0, 0, 0, 0, 0, 0, 0, 0, 0, 0, 0, 0, 0, 0, 0, 0, 0, 0, 0, 0, 0, 0, 0, 0, 0, 0, 0, 0, 0, 0, 0, 0, 0, 0, 0, 0, 0, 0, 0, 0, 0, 0, 0, 0, 0, 0, 0, 0.0967741906643, 0, 0, 0, 0.161290317774, 0.0322580635548, 0, 0.129032254219, 0, 0.161290317774, 0, 0.0322580635548, 0, 0, 0.0645161271095, 0, 0, 0, 0.0322580635548, 0, 0, 0, 0, 0, 0, 0, 0, 0, 0, 0, 0, 0, 0, 0, 0, 0, 0, 0, 0, 0.0645161271095, 0, 0, 0.0645161271095, 0, 0, 0, 0.0967741906643, 0, 0, 0, 0.0322580635548, 0, 0, 0, 0.0322580635548, 0, 0, 0, 0, 0, 0, 0, 0, 0, 0, 0, 0, 0, 0, 0, 0, 0, 0, 0, 0, 0, 0, 0, 0, 0, 0, 0, 0, 0, 0, 0, 0, 0, 0, 0, 0, 0, 0, 0, 0, 0, 0, 0, 0, 0, 0, 0, 0, 0, 0, 0, 0, 0, 0, 0, 0, 0, 0, 0, 0, 0, 0, 0, 0, 0, 0, 0, 0, 0, 0, 0, 0, 0, 0, 0, 0, 0, 0, 0, 0, 0, 0, 0, 0, 0, 0, 0, 0, 0, 0, 0, 0, 0, 0, 0, 0, 0, 0, 0, 0, 0]]
},
"sfx": {
    "inharmonicity": {
        "kurt": 1.30961751938,
        "max": 0.422797292471,
        "mean": 0.0593604892492,
        "median": 0,
        "min": 0,
        "skew": 1.64750611782,
        "var": 0.0105151636526
    },
    "oddtoevenharmonicenergyratio": {
        "kurt": 228.561203003,
        "max": 50.7956314087,
        "mean": 0.773195505142,
        "median": 0,
        "min": 0,
        "skew": 12.8288354874,
        "var": 6.06617546082
    },
    "pitch_after_max_to_before_max_energy_ratio": 30.4779491425,
    "pitch_centroid": 416.359191895,
    "pitch_max_to_total": 0.0205920208246,
    "pitch_min_to_total": 0.193050190806,
    "tristimulus": {
        "kurt": [-1.76181507111, 3.16939878464, -0.883808851242],
        "max": [1, 0.983233571053, 0.980591654778],
        "mean": [0.618534743786, 0.125567048788, 0.255898207426],
        "median": [1, 0, 0],
        "min": [0, 0, 0],
        "skew": [-0.400303721428, 1.94391107559, 0.948996901512],
        "var": [0.205708637834, 0.0465589165688, 0.13785803318],
        "cov": [[0.205973729491, -0.0572781600058, -0.148695677519], [-0.0572781600058, 0.046618912369, 0.0106586264446], [-0.148695677519, 0.0106586264446, 0.138035684824]]
    }
},
"tonal": {
    "chords_changes_rate": 0.0796915143728,
    "chords_number_rate": 0.020565552637,
    "chords_strength": {
        "kurt": -1.17347347736,
        "max": 0.667316973209,
        "mean": 0.456065893173,
        "median": 0.431589365005,
        "min": 0.286070853472,
        "skew": 0.33997002244,
        "var": 0.00996965449303
    },
    "key_strength": 0.428037673235,
    "tuning_diatonic_strength": 0.329627722502,
    "tuning_equal_tempered_deviation": 0.191578671336,
    "tuning_frequency": 437.971466064,
    "tuning_nontempered_energy_ratio": 0.865411579609,
    "hpcp": {
        "kurt": [-0.18066573143, 0.227514505386, 0.85311293602, 0.581887722015, -0.0682861804962, 2.13432312012, 2.18318367004, 2.30523347855, 1.61907577515, 1.8256611824, 1.24161624908, 0.731265068054, 0.431536436081, 2.53881883621, -1.00692486763, -1.29904198647, -0.941317796707, 1.79531097412, 3.74012327194, 0.222878932953, -0.860002994537, -0.410427808762, 1.01714134216, 1.53867959976, 0.348890066147, 1.25379228592, 2.81588077545, 1.3157954216, -0.333920240402, -0.534511089325, 0.127177000046, -0.460385799408, -0.61364197731, -0.708080768585, -0.293417930603, 0.729408740997],
