{
"metadata": {
    "version": {
        "essentia": "2.1-beta3"
    }
},
"lowLevel": {
    "average_loudness": 0.26225233078,
    "barkbands_kurtosis": {
        "kurt": 6.97983169556,
        "max": 23.9957141876,
        "mean": 4.357213974,
        "median": 4.21002960205,
        "min": -1.66258180141,
        "skew": 1.35486745834,
        "var": 8.49362373352
    },
    "barkbands_skewness": {
        "kurt": 9.4037733078,
        "max": 1.75634586811,
        "mean": -1.56872940063,
        "median": -1.6507396698,
        "min": -3.1853659153,
        "skew": 2.3893558979,
        "var": 0.357738554478
    },
    "barkbands_spread": {
        "kurt": 13.009563446,
        "max": 49.7441978455,
        "mean": 8.64391136169,
        "median": 7.23189067841,
        "min": 1.38456225395,
        "skew": 3.19029521942,
        "var": 32.7509307861
    },
    "dissonance": {
        "kurt": 392.393218994,
        "max": 0.500000059605,
        "mean": 0.494695752859,
        "median": 0.497352540493,
        "min": 0.170531079173,
        "skew": -17.5998954773,
        "var": 0.000196656517801
    },
    "hfc": {
        "kurt": 11.2896051407,
        "max": 197.09085083,
        "mean": 14.6757450104,
        "median": 5.91234540939,
        "min": 1.32227487484e-05,
        "skew": 2.6695561409,
        "var": 451.10446167
    },
    "pitch": {
        "kurt": 4.53559684753,
        "max": 4069.9621582,
        "mean": 3309.60986328,
        "median": 3626.94091797,
        "min": 44.1438598633,
        "skew": -2.4620051384,
        "var": 848761.8125
    },
    "pitch_instantaneous_confidence": {
        "kurt": 0.675086021423,
        "max": 0.82196688652,
        "mean": 0.512388944626,
        "median": 0.517852365971,
        "min": 0.161701500416,
        "skew": -0.340845882893,
        "var": 0.0103393448517
    },
    "pitch_salience": {
        "kurt": 1.32769441605,
        "max": 0.987108767033,
        "mean": 0.741174459457,
        "median": 0.746607065201,
        "min": 0.539590418339,
        "skew": -0.4907335639,
        "var": 0.00278790295124
    },
    "silence_rate_20dB": {
        "kurt": 0,
        "max": 1,
        "mean": 1,
        "median": 1,
        "min": 1,
        "skew": 0,
        "var": 0
    },
    "silence_rate_30dB": {
        "kurt": 0,
        "max": 1,
        "mean": 1,
        "median": 1,
        "min": 1,
        "skew": 0,
        "var": 0
    },
    "silence_rate_60dB": {
        "kurt": -1.83141362667,
        "max": 1,
        "mean": 0.600550949574,
        "median": 1,
        "min": 0,
        "skew": -0.410590052605,
        "var": 0.239889785647
    },
    "spectral_centroid": {
        "kurt": 11.1207313538,
        "max": 3693.22070312,
        "mean": 3234.32641602,
        "median": 3372.02783203,
        "min": 724.237731934,
        "skew": -3.07168841362,
        "var": 213157.640625
    },
    "spectral_complexity": {
        "kurt": -0.254514694214,
        "max": 52,
        "mean": 12.3553714752,
        "median": 8,
        "min": 0,
        "skew": 0.923620522022,
        "var": 177.449523926
    },
    "spectral_crest": {
        "kurt": 1.80949449539,
        "max": 19.5093269348,
        "mean": 9.02451324463,
        "median": 8.64345169067,
        "min": 3.54875683784,
        "skew": 1.09081792831,
        "var": 5.88805627823
    },
    "spectral_decrease": {
        "kurt": 21.911655426,
        "max": -3.52987851758e-15,
        "mean": -8.09101396992e-10,
        "median": -3.12725345619e-10,
        "min": -1.35598385853e-08,
        "skew": -3.5599668026,
        "var": 1.56153305221e-18
    },
    "spectral_energy": {
        "kurt": 18.3461647034,
        "max": 0.0690546631813,
        "mean": 0.00438486784697,
        "median": 0.00171126762871,
        "min": 1.45219090086e-08,
        "skew": 3.26987600327,
        "var": 4.39237992396e-05
    },
    "spectral_energyband_high": {
        "kurt": 7.17001533508,
        "max": 0.00861441995949,
        "mean": 0.000905507709831,
        "median": 0.000331962131895,
        "min": 6.18285811438e-10,
        "skew": 2.44560432434,
        "var": 1.8004851654e-06
    },
    "spectral_energyband_low": {
        "kurt": 7.60684490204,
        "max": 8.67779272085e-06,
        "mean": 9.0612746817e-07,
        "median": 3.07616915052e-07,
        "min": 3.41081135558e-10,
        "skew": 2.53350067139,
        "var": 1.94014552687e-12
    },
    "spectral_energyband_middle_high": {
        "kurt": 31.315158844,
        "max": 0.0656211599708,
        "mean": 0.00342564377934,
        "median": 0.00137560628355,
        "min": 2.99769653545e-09,
        "skew": 4.31007003784,
        "var": 3.09654715238e-05
    },
    "spectral_energyband_middle_low": {
        "kurt": 7.62769603729,
        "max": 0.00120147166308,
        "mean": 9.91252454696e-05,
        "median": 1.76964240381e-05,
        "min": 3.8689838e-09,
        "skew": 2.65796351433,
        "var": 3.17843564801e-08
    },
    "spectral_flatness_db": {
        "kurt": 1.7215385437,
        "max": 0.309138387442,
        "mean": 0.208654716611,
        "median": 0.213192507625,
        "min": 0.066822335124,
        "skew": -0.926034629345,
        "var": 0.00104892044328
    },
    "spectral_flux": {
        "kurt": 0.359902381897,
        "max": 0.151561364532,
        "mean": 0.0338763780892,
        "median": 0.0276720486581,
        "min": 7.31306936359e-05,
        "skew": 0.850901007652,
        "var": 0.000748631136958
    },
    "spectral_kurtosis": {
        "kurt": 4.37530946732,
        "max": 9.98676490784,
        "mean": 2.69804000854,
        "median": 2.34266591072,
        "min": 0.877910375595,
        "skew": 1.702901721,
        "var": 1.64431869984
    },
    "spectral_rms": {
        "kurt": 0.981303691864,
        "max": 0.00820794794708,
        "mean": 0.00158966879826,
        "median": 0.00129210273735,
        "min": 3.76400271307e-06,
        "skew": 1.01617050171,
        "var": 1.75087404841e-06
    },
    "spectral_rolloff": {
        "kurt": 18.9600296021,
        "max": 5275.63476562,
        "mean": 4060.49243164,
        "median": 4112.84179688,
        "min": 925.927734375,
        "skew": -3.37748384476,
        "var": 179528.25
    },
    "spectral_skewness": {
        "kurt": 0.740738153458,
        "max": 2.41990375519,
        "mean": 1.39837157726,
        "median": 1.37802505493,
        "min": 0.8458070755,
        "skew": 0.530023276806,
        "var": 0.0405841432512
    },
    "spectral_spread": {
        "kurt": 6.57411003113,
        "max": 12245386,
        "mean": 5531173,
        "median": 5617329,
        "min": 2081304.875,
        "skew": 0.110925123096,
        "var": 728873959424
    },
    "spectral_strongpeak": {
        "kurt": 9.89694786072,
        "max": 16.7917251587,
        "mean": 1.67016673088,
        "median": 1.07744574547,
        "min": 0.000136934570037,
        "skew": 2.41548728943,
        "var": 3.6835038662
    },
    "zerocrossingrate": {
        "kurt": 10.4029827118,
        "max": 0.17919921875,
        "mean": 0.155015170574,
        "median": 0.16015625,
        "min": 0.0263671875,
        "skew": -2.98729801178,
        "var": 0.000423423101893
    },
    "barkbands": {
        "kurt": [20.3580760956, 79.2310333252, 18.3079471588, 7.67570877075, 13.8556728363, 16.465675354, 20.8325366974, 14.783000946, 14.6583690643, 7.92768573761, 11.2281913757, 4.83816480637, 4.32316923141, 9.02376270294, 8.18512248993, 87.1053085327, 118.861206055, 128.295944214, 16.4490089417, 8.35842609406, 10.9115152359, 31.5335998535, 3.81148672104, 1.34339284897, 1.47603464127, 2.10701227188, 44.0219917297],
        "max": [1.64224509547e-08, 2.90726438834e-06, 6.8313115662e-06, 1.15456723506e-05, 0.000145782803884, 0.000292576383799, 0.000167523525306, 0.000284287671093, 0.000594659592025, 0.000650070782285, 0.000329157046508, 0.000414189504227, 0.000305208610371, 0.000739315757528, 0.00117498426698, 0.00381579017267, 0.0286185648292, 0.0408730767667, 0.015400829725, 0.009571634233, 0.00309734977782, 0.00200641411357, 0.000364983949112, 0.000117552648589, 0.000235548664932, 2.88429328066e-06, 4.77042894076e-09],
        "mean": [8.77035055691e-10, 8.6712404368e-08, 3.91602071659e-07, 9.8787609204e-07, 8.04940646049e-06, 1.32779323394e-05, 8.20241439214e-06, 1.7058557205e-05, 3.89653032471e-05, 6.06826688454e-05, 2.62605881289e-05, 4.62275565951e-05, 3.61758829968e-05, 5.66050330235e-05, 0.000105726867332, 9.78217067313e-05, 0.000464311015094, 0.000811751873698, 0.00118703872431, 0.000950715329964, 0.000254616839811, 0.00010331707017, 4.41048869106e-05, 1.94983222173e-05, 3.25721557601e-05, 4.23245865022e-07, 1.53371232381e-10],
        "median": [1.56753721114e-10, 2.54061873761e-08, 1.11475230824e-07, 2.07303401112e-07, 5.93689946982e-07, 5.15336637363e-07, 6.22663037575e-07, 2.29042916544e-06, 6.31564671494e-06, 2.85388778138e-05, 9.6934454632e-06, 1.93114574358e-05, 1.3699518604e-05, 1.65423170984e-05, 3.6069235648e-05, 2.11330279853e-05, 0.000130436441395, 0.000248768541496, 0.00047058693599, 0.000447184138466, 7.90221965872e-05, 2.81543507299e-05, 1.60499876074e-05, 1.00189226941e-05, 1.07508549263e-05, 1.89774880255e-07, 2.09532478174e-11],
        "min": [1.48649983382e-12, 3.33333751226e-12, 1.95317477469e-11, 3.63689772742e-11, 4.39503211602e-10, 3.16099202369e-10, 5.23468102198e-10, 4.2758724339e-10, 1.23785995343e-10, 1.64181876428e-10, 9.99005878022e-11, 1.47296036479e-10, 2.72572329291e-11, 6.34004446165e-11, 6.07347158676e-11, 2.08486949926e-10, 2.0121690425e-10, 2.97731589383e-10, 3.6027816841e-10, 3.93344218308e-10, 2.36035635481e-10, 1.20329024522e-10, 1.77769500509e-11, 2.2236231953e-12, 2.03364625487e-12, 2.22991221842e-13, 9.66616211715e-15],
        "skew": [3.99625039101, 7.24510526657, 3.76494193077, 2.60351419449, 3.3283624649, 3.95639252663, 3.93910312653, 3.60253620148, 3.47941660881, 2.36900758743, 2.90095877647, 2.1068880558, 1.99085521698, 2.75088071823, 2.57598924637, 8.64384841919, 9.97574138641, 10.1947965622, 3.50959992409, 2.51371693611, 3.16518044472, 4.18223381042, 2.02340841293, 1.40673875809, 1.50989890099, 1.52764046192, 5.83971214294],
        "var": [3.4534753351e-18, 3.92616745593e-14, 5.4298308471e-13, 2.91440027493e-12, 2.9108859767e-10, 1.51562706829e-09, 3.23678917002e-10, 1.45424050579e-09, 6.09309669386e-09, 6.51470344337e-09, 1.70774572261e-09, 4.08935951768e-09, 2.41984654537e-09, 9.02734154096e-09, 2.7031891392e-08, 9.79786278776e-08, 3.22542791764e-06, 6.40946245767e-06, 3.69539884559e-06, 1.72168063273e-06, 2.22553751428e-07, 3.07797911603e-08, 4.14894829603e-09, 5.4287729867e-10, 1.95813232295e-09, 2.76124311133e-13, 1.6810725673e-19],
        "cov": [[3.45823865465e-18, 1.83324386331e-16, 4.11642633424e-16, 8.04429360529e-16, 6.23929000574e-15, 1.86604424539e-14, 8.12205408859e-15, 2.06592436978e-14, 4.37686521683e-14, 4.55188085846e-14, 2.91830395841e-14, 3.53951182328e-14, 3.30254758003e-14, 6.27611230672e-14, 1.14554836428e-13, 2.62604011887e-13, 1.0041116159e-12, 1.11678353197e-12, 9.96711719235e-13, 8.44008456874e-13, 3.12444704441e-13, 8.67112507014e-14, 3.40132314132e-14, 1.28705216379e-14, 2.47910534739e-14, 2.86470566168e-16, 1.7382381147e-19], [1.83324386331e-16, 3.93158270696e-14, 6.93631214748e-14, 9.52808592116e-14, 1.12985966069e-12, 3.98204733076e-12, 1.55361758614e-12, 3.36412408347e-12, 8.50146428949e-12, 6.30282111225e-12, 4.24135900012e-12, 5.52507735743e-12, 4.22574605516e-12, 1.00087559768e-11, 1.63186252705e-11, 1.45986781691e-11, 7.71972416547e-11, 1.0625766933e-10, 1.41141487386e-10, 1.26424468117e-10, 5.34461225277e-11, 1.86219581422e-11, 6.393668147e-12, 2.35773943771e-12, 4.54963844376e-12, 4.87588281924e-14, 1.66119870005e-17], [4.11642633424e-16, 6.93631214748e-14, 5.43732051571e-13, 4.95177412529e-13, 4.60809385441e-12, 1.5470720191e-11, 6.84546776902e-12, 1.76835265181e-11, 3.22009328924e-11, 2.50273638619e-11, 1.39112775119e-11, 2.21810417256e-11, 1.97191620671e-11, 4.10242360915e-11, 7.04390157313e-11, 4.37859609681e-11, 1.45884249125e-10, 3.11670050879e-10, 7.26920468264e-10, 5.5865356785e-10, 2.08769529442e-10, 6.65251395637e-11, 2.81361080268e-11, 9.79068128654e-12, 1.91264400151e-11, 2.02606567591e-13, 5.81127666066e-17], [8.04429360529e-16, 9.52808592116e-14, 4.95177412529e-13, 2.91842006291e-12, 5.62364391166e-12, 2.10243818882e-11, 8.47885216898e-12, 1.90852195159e-11, 4.54851468989e-11, 7.78169126359e-11, 2.1974377179e-11, 3.40765159146e-11, 3.33639713079e-11, 5.65080759962e-11, 1.10859751934e-10, 1.79117512489e-10, 4.3653738957e-10, 4.98222574308e-10, 1.05226838354e-09, 1.03963004872e-09, 2.92005808422e-10, 8.76386185844e-11, 4.56214441225e-11, 1.92608099608e-11, 3.01078710574e-11, 3.82131717762e-13, 1.27732330218e-16], [6.23929000574e-15, 1.12985966069e-12, 4.60809385441e-12, 5.62364391166e-12, 2.91490109827e-10, 1.89670654183e-10, 1.47549000795e-10, 3.44153566756e-10, 6.0843141636e-10, 5.78263492645e-10, 3.1123637001e-10, 5.86234505384e-10, 5.15302356341e-10, 8.9440205242e-10, 1.45881073887e-09, 1.00841557327e-09, 4.68420546795e-09, 1.41123770447e-08, 2.13637214586e-08, 1.04556869829e-08, 3.08135117422e-09, 1.60259305826e-09, 6.81459388918e-10, 2.51004272922e-10, 5.25193166734e-10, 5.58673723602e-12, 2.77282206866e-15], [1.86604424539e-14, 3.98204733076e-12, 1.5470720191e-11, 2.10243818882e-11, 1.89670654183e-10, 1.51771750723e-09, 4.57691690103e-10, 1.01222963345e-09, 2.25192509085e-09, 1.61752844452e-09, 1.00852282081e-09, 1.33307176409e-09, 1.0688963048e-09, 2.6685480492e-09, 4.63363925007e-09, 2.34850072722e-09, 7.31781124585e-09, 1.34451179079e-08, 3.62485010896e-08, 3.62502419193e-08, 1.52938426368e-08, 4.49182202544e-09, 1.85077453363e-09, 5.72339786675e-10, 1.11430653593e-09, 1.11796674349e-11, 2.89195534687e-15], [8.12205408859e-15, 1.55361758614e-12, 6.84546776902e-12, 8.47885216898e-12, 1.47549000795e-10, 4.57691690103e-10, 3.24125365436e-10, 4.51780057809e-10, 9.92440352121e-10, 6.96649182785e-10, 4.59443122436e-10, 7.19123982584e-10, 5.48660838984e-10, 1.17583864867e-09, 2.20569673637e-09, 1.20415666327e-09, 5.48201573025e-09, 1.37893474417e-08, 2.07728909629e-08, 1.61363029605e-08, 5.87557957843e-09, 2.15163753481e-09, 8.41810787744e-10, 2.8671873209e-10, 5.75465508579e-10, 6.35703772608e-12, 2.24815397926e-15], [2.06592436978e-14, 3.36412408347e-12, 1.76835265181e-11, 1.90852195159e-11, 3.44153566756e-10, 1.01222963345e-09, 4.51780057809e-10, 1.45624634573e-09, 2.21265206157e-09, 1.61621693806e-09, 8.84415762847e-10, 1.36603073297e-09, 1.2986443032e-09, 2.46182518815e-09, 4.21632151415e-09, 2.61808419388e-09, 8.92331009084e-09, 1.92718196956e-08, 4.46964989465e-08, 3.53011486709e-08, 1.33418165404e-08, 4.13323153481e-09, 1.88298066028e-09, 6.08274985936e-10, 1.24777832511e-09, 1.22566817806e-11, 4.36497507654e-15], [4.37686521683e-14, 8.50146428949e-12, 3.22009328924e-11, 4.54851468989e-11, 6.0843141636e-10, 2.25192509085e-09, 9.92440352121e-10, 2.21265206157e-09, 6.10150063807e-09, 3.40592376524e-09, 2.18918505546e-09, 3.15058246159e-09, 2.54415311041e-09, 5.10546716015e-09, 9.53349932331e-09, 5.6401510129e-09, 2.5203650722e-08, 5.42238183243e-08, 8.98758401036e-08, 7.34914991085e-08, 2.96819120393e-08, 1.0363434555e-08, 3.90680821027e-09, 1.35137911972e-09, 2.61053090256e-09, 2.72497822917e-11, 9.31678050816e-15], [4.55188085846e-14, 6.30282111225e-12, 2.50273638619e-11, 7.78169126359e-11, 5.78263492645e-10, 1.61752844452e-09, 6.96649182785e-10, 1.61621693806e-09, 3.40592376524e-09, 6.52368958853e-09, 1.65828306642e-09, 2.61540344937e-09, 2.28224639187e-09, 4.27100310674e-09, 7.91650744958e-09, 7.02184355106e-09, 1.70713665426e-08, 4.6724242253e-08, 8.03432342877e-08, 7.06373981529e-08, 2.16366782269e-08, 7.38392147426e-09, 3.35102945392e-09, 1.29701127616e-09, 2.33402741578e-09, 2.60050522782e-11, 7.32089475169e-15], [2.91830395841e-14, 4.24135900012e-12, 1.39112775119e-11, 2.1974377179e-11, 3.1123637001e-10, 1.00852282081e-09, 4.59443122436e-10, 8.84415762847e-10, 2.18918505546e-09, 1.65828306642e-09, 1.7101012828e-09, 1.5780515783e-09, 1.33114330669e-09, 2.64213539936e-09, 4.99099650497e-09, 4.24264179344e-09, 2.65899036123e-08, 3.30789795555e-08, 4.58226949718e-08, 3.977704921e-08, 1.4922179048e-08, 4.84528905886e-09, 1.91347404588e-09, 6.44743536338e-10, 1.27695976015e-09, 1.47736874817e-11, 5.58393299115e-15], [3.53951182328e-14, 5.52507735743e-12, 2.21810417256e-11, 3.40765159146e-11, 5.86234505384e-10, 1.33307176409e-09, 7.19123982584e-10, 1.36603073297e-09, 3.15058246159e-09, 2.61540344937e-09, 1.5780515783e-09, 4.09499989473e-09, 2.02963534868e-09, 3.73245567786e-09, 7.11000236464e-09, 4.27595603369e-09, 3.0068907364e-08, 5.5910522434e-08, 6.72026345683e-08, 5.83694799161e-08, 1.92654336928e-08, 8.11916489596e-09, 2.92334489949e-09, 1.11573317252e-09, 2.14464157544e-09, 2.35718111696e-11, 7.55546273874e-15], [3.30254758003e-14, 4.22574605516e-12, 1.97191620671e-11, 3.33639713079e-11, 5.15302356341e-10, 1.0688963048e-09, 5.48660838984e-10, 1.2986443032e-09, 2.54415311041e-09, 2.28224639187e-09, 1.33114330669e-09, 2.02963534868e-09, 2.42318431987e-09, 3.40632810847e-09, 6.2051035421e-09, 4.43953007689e-09, 1.72598291215e-08, 3.35788321593e-08, 6.44495656843e-08, 4.90599418868e-08, 1.58979585052e-08, 5.82779513536e-09, 2.51732634737e-09, 8.74873506973e-10, 1.7327851376e-09, 1.94300790735e-11, 7.93322926882e-15], [6.27611230672e-14, 1.00087559768e-11, 4.10242360915e-11, 5.65080759962e-11, 8.9440205242e-10, 2.6685480492e-09, 1.17583864867e-09, 2.46182518815e-09, 5.10546716015e-09, 4.27100310674e-09, 2.64213539936e-09, 3.73245567786e-09, 3.40632810847e-09, 9.0397938024e-09, 1.2064392152e-08, 8.3504154702e-09, 4.07918072654e-08, 6.36745980387e-08, 1.25253905026e-07, 8.96649652304e-08, 3.58163489977e-08, 1.18929817106e-08, 4.97317742543e-09, 1.58297541741e-09, 3.31590799263e-09, 3.57134599671e-11, 1.54824747857e-14], [1.14554836428e-13, 1.63186252705e-11, 7.04390157313e-11, 1.10859751934e-10, 1.45881073887e-09, 4.63363925007e-09, 2.20569673637e-09, 4.21632151415e-09, 9.53349932331e-09, 7.91650744958e-09, 4.99099650497e-09, 7.11000236464e-09, 6.2051035421e-09, 1.2064392152e-08, 2.7069177122e-08, 1.76252701323e-08, 5.89118478445e-08, 1.34203460789e-07, 2.03324418635e-07, 1.73705274165e-07, 6.14826873857e-08, 2.13119228931e-08, 8.74266437023e-09, 3.01034908112e-09, 5.82379922065e-09, 6.36220243155e-11, 2.53885064691e-14], [2.62604011887e-13, 1.45986781691e-11, 4.37859609681e-11, 1.79117512489e-10, 1.00841557327e-09, 2.34850072722e-09, 1.20415666327e-09, 2.61808419388e-09, 5.6401510129e-09, 7.02184355106e-09, 4.24264179344e-09, 4.27595603369e-09, 4.43953007689e-09, 8.3504154702e-09, 1.76252701323e-08, 9.81137660006e-08, 1.72922312913e-07, 1.07123383941e-07, 1.61526685361e-07, 1.26293144831e-07, 4.51223840514e-08, 1.31404407355e-08, 5.98001115293e-09, 1.87517357197e-09, 3.48782869253e-09, 4.64819606416e-11, 3.00347379888e-14], [1.0041116159e-12, 7.71972416547e-11, 1.45884249125e-10, 4.3653738957e-10, 4.68420546795e-09, 7.31781124585e-09, 5.48201573025e-09, 8.92331009084e-09, 2.5203650722e-08, 1.70713665426e-08, 2.65899036123e-08, 3.0068907364e-08, 1.72598291215e-08, 4.07918072654e-08, 5.89118478445e-08, 1.72922312913e-07, 3.22987671098e-06, 2.48900300903e-06, 7.06029481989e-07, 5.16566217357e-07, 2.4738451998e-07, 1.01692364751e-07, 2.23245368858e-08, 1.07637809776e-08, 1.91733580124e-08, 2.98659263986e-10, 2.71760641334e-13], [1.11678353197e-12, 1.0625766933e-10, 3.11670050879e-10, 4.98222574308e-10, 1.41123770447e-08, 1.34451179079e-08, 1.37893474417e-08, 1.92718196956e-08, 5.42238183243e-08, 4.6724242253e-08, 3.30789795555e-08, 5.5910522434e-08, 3.35788321593e-08, 6.36745980387e-08, 1.34203460789e-07, 1.07123383941e-07, 2.48900300903e-06, 6.41830320092e-06, 1.57584440785e-06, 1.00826412108e-06, 2.93928820838e-07, 1.97620892095e-07, 4.6529770259e-08, 2.27200711578e-08, 4.02849167358e-08, 5.17364706631e-10, 3.00769039665e-13], [9.96711719235e-13, 1.41141487386e-10, 7.26920468264e-10, 1.05226838354e-09, 2.13637214586e-08, 3.62485010896e-08, 2.07728909629e-08, 4.46964989465e-08, 8.98758401036e-08, 8.03432342877e-08, 4.58226949718e-08, 6.72026345683e-08, 6.44495656843e-08, 1.25253905026e-07, 2.03324418635e-07, 1.61526685361e-07, 7.06029481989e-07, 1.57584440785e-06, 3.70049588128e-06, 1.65224992088e-06, 5.5084927908e-07, 2.06407236192e-07, 9.43609776982e-08, 2.84384444882e-08, 6.06830639072e-08, 6.85781209597e-10, 3.61167340609e-13], [8.44008456874e-13, 1.26424468117e-10, 5.5865356785e-10, 1.03963004872e-09, 1.04556869829e-08, 3.62502419193e-08, 1.61363029605e-08, 3.53011486709e-08, 7.34914991085e-08, 7.06373981529e-08, 3.977704921e-08, 5.83694799161e-08, 4.90599418868e-08, 8.96649652304e-08, 1.73705274165e-07, 1.26293144831e-07, 5.16566217357e-07, 1.00826412108e-06, 1.65224992088e-06, 1.72405532339e-06, 5.09295773554e-07, 1.67926771155e-07, 7.11918914931e-08, 2.46636275847e-08, 4.71749146413e-08, 5.18480702816e-10, 1.64991406496e-13], [3.12444704441e-13, 5.34461225277e-11, 2.08769529442e-10, 2.92005808422e-10, 3.08135117422e-09, 1.52938426368e-08, 5.87557957843e-09, 1.33418165404e-08, 2.96819120393e-08, 2.16366782269e-08, 1.4922179048e-08, 1.92654336928e-08, 1.58979585052e-08, 3.58163489977e-08, 6.14826873857e-08, 4.51223840514e-08, 2.4738451998e-07, 2.93928820838e-07, 5.5084927908e-07, 5.09295773554e-07, 2.228607201e-07, 6.0926737433e-08, 2.56419596667e-08, 8.1501294602e-09, 1.62676005999e-08, 1.74067413261e-10, 6.34701574067e-14], [8.67112507014e-14, 1.86219581422e-11, 6.65251395637e-11, 8.76386185844e-11, 1.60259305826e-09, 4.49182202544e-09, 2.15163753481e-09, 4.13323153481e-09, 1.0363434555e-08, 7.38392147426e-09, 4.84528905886e-09, 8.11916489596e-09, 5.82779513536e-09, 1.18929817106e-08, 2.13119228931e-08, 1.31404407355e-08, 1.01692364751e-07, 1.97620892095e-07, 2.06407236192e-07, 1.67926771155e-07, 6.0926737433e-08, 3.08222460887e-08, 8.56950421735e-09, 3.10131631487e-09, 6.04637095947e-09, 6.689202664e-11, 2.6593781837e-14], [3.40132314132e-14, 6.393668147e-12, 2.81361080268e-11, 4.56214441225e-11, 6.81459388918e-10, 1.85077453363e-09, 8.41810787744e-10, 1.88298066028e-09, 3.90680821027e-09, 3.35102945392e-09, 1.91347404588e-09, 2.92334489949e-09, 2.51732634737e-09, 4.97317742543e-09, 8.74266437023e-09, 5.98001115293e-09, 2.23245368858e-08, 4.6529770259e-08, 9.43609776982e-08, 7.11918914931e-08, 2.56419596667e-08, 8.56950421735e-09, 4.15467082959e-09, 1.26057375649e-09, 2.51007858942e-09, 2.69667673608e-11, 1.00889569187e-14], [1.28705216379e-14, 2.35773943771e-12, 9.79068128654e-12, 1.92608099608e-11, 2.51004272922e-10, 5.72339786675e-10, 2.8671873209e-10, 6.08274985936e-10, 1.35137911972e-09, 1.29701127616e-09, 6.44743536338e-10, 1.11573317252e-09, 8.74873506973e-10, 1.58297541741e-09, 3.01034908112e-09, 1.87517357197e-09, 1.07637809776e-08, 2.27200711578e-08, 2.84384444882e-08, 2.46636275847e-08, 8.1501294602e-09, 3.10131631487e-09, 1.26057375649e-09, 5.43626088589e-10, 9.43502276307e-10, 1.03448404357e-11, 3.60021147483e-15], [2.47910534739e-14, 4.54963844376e-12, 1.91264400151e-11, 3.01078710574e-11, 5.25193166734e-10, 1.11430653593e-09, 5.75465508579e-10, 1.24777832511e-09, 2.61053090256e-09, 2.33402741578e-09, 1.27695976015e-09, 2.14464157544e-09, 1.7327851376e-09, 3.31590799263e-09, 5.82379922065e-09, 3.48782869253e-09, 1.91733580124e-08, 4.02849167358e-08, 6.06830639072e-08, 4.71749146413e-08, 1.62676005999e-08, 6.04637095947e-09, 2.51007858942e-09, 9.43502276307e-10, 1.96083327353e-09, 1.97552928877e-11, 7.21509017218e-15], [2.86470566168e-16, 4.87588281924e-14, 2.02606567591e-13, 3.82131717762e-13, 5.58673723602e-12, 1.11796674349e-11, 6.35703772608e-12, 1.22566817806e-11, 2.72497822917e-11, 2.60050522782e-11, 1.47736874817e-11, 2.35718111696e-11, 1.94300790735e-11, 3.57134599671e-11, 6.36220243155e-11, 4.64819606416e-11, 2.98659263986e-10, 5.17364706631e-10, 6.85781209597e-10, 5.18480702816e-10, 1.74067413261e-10, 6.689202664e-11, 2.69667673608e-11, 1.03448404357e-11, 1.97552928877e-11, 2.76505164251e-13, 9.22012568443e-17], [1.7382381147e-19, 1.66119870005e-17, 5.81127666066e-17, 1.27732330218e-16, 2.77282206866e-15, 2.89195534687e-15, 2.24815397926e-15, 4.36497507654e-15, 9.31678050816e-15, 7.32089475169e-15, 5.58393299115e-15, 7.55546273874e-15, 7.93322926882e-15, 1.54824747857e-14, 2.53885064691e-14, 3.00347379888e-14, 2.71760641334e-13, 3.00769039665e-13, 3.61167340609e-13, 1.64991406496e-13, 6.34701574067e-14, 2.6593781837e-14, 1.00889569187e-14, 3.60021147483e-15, 7.21509017218e-15, 9.22012568443e-17, 1.68339125795e-19]]
    },
    "mfcc": {
        "kurt": [-0.168680667877, 3.35519266129, 4.07619333267, 0.0805506706238, 0.284442901611, 0.285875082016, -0.858433485031, -0.142575263977, -0.33943271637, 0.186270713806, 0.0629992485046, 2.19547462463, 0.472674131393],
        "max": [-611.462463379, 84.1256027222, 9.31457519531, 35.6205329895, 2.44863891602, 0.938041687012, 34.4805374146, 25.15899086, 21.2473182678, 13.4501018524, 13.8072929382, 26.6677188873, 14.5263710022],
        "mean": [-803.636535645, -12.837893486, -81.4479293823, 11.9913845062, -24.3952789307, -24.2029628754, 10.9385261536, 0.715444207191, -4.18234300613, -3.18976926804, -6.84792280197, -13.5273113251, -4.81349372864],
        "median": [-770.141113281, -13.6616439819, -85.0469970703, 12.0518856049, -25.3250808716, -24.3146514893, 12.1918678284, 1.62658977509, -4.28476047516, -2.91655731201, -6.68403530121, -14.440290451, -5.01325798035],
        "min": [-1138.42004395, -50.4365692139, -117.735107422, -12.7413444519, -51.4630241394, -50.8291320801, -21.4941215515, -26.1459903717, -29.8716144562, -28.7658939362, -29.1617679596, -35.5703735352, -24.4265384674],
        "skew": [-0.837123990059, 1.38446342945, 1.90969705582, -0.0335389040411, 0.510824859142, 0.228175416589, -0.196272477508, -0.41236948967, 0.108972392976, -0.28909522295, -0.106412522495, 0.959543824196, 0.0539474077523],
        "var": [19921.6621094, 371.665924072, 601.064758301, 48.8237686157, 99.9518356323, 88.6874923706, 134.70501709, 97.6575088501, 64.8447570801, 46.9919624329, 47.3364067078, 79.8733215332, 33.0908279419],
        "cov": [[19949.1386719, -526.523376465, -1246.00537109, 358.132263184, -935.701782227, -702.843811035, -635.37677002, -827.410522461, -635.833557129, -390.8046875, -30.832195282, -717.628234863, -35.3989028931], [-526.523376465, 372.178588867, 160.965255737, 5.49745607376, 17.5625495911, -44.1366653442, -91.564781189, -5.36238288879, 31.6284503937, -4.55494070053, 21.7546348572, 65.7302246094, 6.56726074219], [-1246.00537109, 160.965255737, 601.893859863, -31.7255783081, 99.6716079712, 54.76304245, -123.155838013, -50.7319297791, -21.6514663696, -10.521437645, 47.8822898865, 56.6508789062, 1.19446122646], [358.132263184, 5.49745607376, -31.7255783081, 48.8911094666, 0.619761228561, -10.1608610153, -7.10733413696, -12.5295581818, -5.58632993698, -8.26066875458, -2.25215697289, -12.383603096, -2.77835726738], [-935.701782227, 17.5625495911, 99.6716079712, 0.619761228561, 100.089698792, 56.6053924561, 21.9608631134, 36.8734779358, 25.2527294159, 14.7870759964, 2.34602403641, 33.8434066772, 5.47496891022], [-702.843811035, -44.1366653442, 54.76304245, -10.1608610153, 56.6053924561, 88.8098220825, 46.2621231079, 21.7279911041, 16.1059303284, 21.8677482605, -5.44813156128, 8.3421163559, 7.23855018616], [-635.37677002, -91.564781189, -123.155838013, -7.10733413696, 21.9608631134, 46.2621231079, 134.890823364, 73.608581543, 28.6423358917, 28.5586719513, -24.8696575165, -3.39198064804, -6.98299026489], [-827.410522461, -5.36238288879, -50.7319297791, -12.5295581818, 36.8734779358, 21.7279911041, 73.608581543, 97.7922058105, 50.5358772278, 22.2376327515, -11.7812738419, 32.0049171448, -2.68748140335], [-635.833557129, 31.6284503937, -21.6514663696, -5.58632993698, 25.2527294159, 16.1059303284, 28.6423358917, 50.5358772278, 64.9341964722, 27.1925487518, -2.115483284, 35.3656806946, 4.74663066864], [-390.8046875, -4.55494070053, -10.521437645, -8.26066875458, 14.7870759964, 21.8677482605, 28.5586719513, 22.2376327515, 27.1925487518, 47.0567779541, 6.00340366364, 8.14161491394, 5.32554531097], [-30.832195282, 21.7546348572, 47.8822898865, -2.25215697289, 2.34602403641, -5.44813156128, -24.8696575165, -11.7812738419, -2.115483284, 6.00340366364, 47.4016990662, 22.2876987457, 5.78574705124], [-717.628234863, 65.7302246094, 56.6508789062, -12.383603096, 33.8434066772, 8.3421163559, -3.39198064804, 32.0049171448, 35.3656806946, 8.14161491394, 22.2876987457, 79.9834899902, 17.957359314], [-35.3989028931, 6.56726074219, 1.19446122646, -2.77835726738, 5.47496891022, 7.23855018616, -6.98299026489, -2.68748140335, 4.74663066864, 5.32554531097, 5.78574705124, 17.957359314, 33.1364707947]]
    },
    "sccoeffs": {
        "kurt": [-0.902855157852, 0.330510139465, 0.319350719452, 0.377016544342, 0.952282428741, -0.13996720314],
        "max": [-0.503009021282, -0.666066884995, -0.704463481903, -0.712792277336, -0.614117205143, -0.706196904182],
        "mean": [-0.749978542328, -0.835413753986, -0.828971087933, -0.832516908646, -0.786150813103, -0.810459017754],
        "median": [-0.766694068909, -0.839823365211, -0.82906639576, -0.832471370697, -0.779937148094, -0.814421892166],
        "min": [-0.922970890999, -0.96705442667, -0.968600273132, -0.933276414871, -0.937367141247, -0.875811398029],
        "skew": [0.310025453568, 0.51070868969, -0.0909034907818, -0.125506147742, -0.564395427704, 0.499945163727],
        "var": [0.00722234509885, 0.00227489555255, 0.00149077048991, 0.00124423205853, 0.00207841093652, 0.000882901367731],
        "cov": [[0.00723230699077, 0.00105748977512, 0.00107225135434, 0.0016551236622, 0.00253565772437, 0.0016757074045], [0.00105748977512, 0.0022780331783, 0.000116944560432, 0.000424533500336, 0.000578389677685, 0.000612808566075], [0.00107225135434, 0.000116944560432, 0.00149282673374, 0.000579188345, 0.000845453643706, 0.000303363776766], [0.0016551236622, 0.000424533500336, 0.000579188345, 0.0012459482532, 0.00104883674067, 0.000591009273194], [0.00253565772437, 0.000578389677685, 0.000845453643706, 0.00104883674067, 0.00208127778023, 0.000871631200425], [0.0016757074045, 0.000612808566075, 0.000303363776766, 0.000591009273194, 0.000871631200425, 0.000884119130205]]
    },
    "scvalleys": {
        "kurt": [-0.797096252441, -0.722618341446, 2.28807020187, 2.57496881485, 3.08301305771, 2.78255701065],
        "max": [-7.71824645996, -5.76171112061, -5.75465154648, -5.77704524994, -5.375623703, -7.37153482437],
        "mean": [-10.2876653671, -8.70509433746, -7.77322435379, -7.87272262573, -7.24301528931, -9.32503986359],
        "median": [-10.1455211639, -8.5025062561, -7.4198474884, -7.47492313385, -6.81824588776, -8.70621395111],
        "min": [-13.3690767288, -12.7171964645, -13.0424308777, -13.4579076767, -13.3473567963, -16.0366897583],
        "skew": [-0.318963557482, -0.353499591351, -1.49416363239, -1.62379789352, -1.7224458456, -1.72845375538],
        "var": [1.12703955173, 2.42500567436, 2.1107814312, 2.42606377602, 2.49907112122, 3.22682213783],
        "cov": [[1.12859404087, 1.4589766264, 1.25360763073, 1.31733596325, 1.31501150131, 1.43689823151], [1.4589766264, 2.42835068703, 2.05947709084, 2.152780056, 2.16350221634, 2.39409041405], [1.25360763073, 2.05947709084, 2.11369299889, 2.20563840866, 2.23131465912, 2.48012375832], [1.31733596325, 2.152780056, 2.20563840866, 2.42940998077, 2.43421697617, 2.72226977348], [1.31501150131, 2.16350221634, 2.23131465912, 2.43421697617, 2.50251817703, 2.79884266853], [1.43689823151, 2.39409041405, 2.48012375832, 2.72226977348, 2.79884266853, 3.23127293587]]
    }
},
"rhythm": {
    "beats_loudness": {
        "kurt": 0.457902193069,
        "max": 0.0199194215238,
        "mean": 0.00500341644511,
        "median": 0.00235584983602,
        "min": 7.41345729693e-06,
        "skew": 1.28532648087,
        "var": 3.5188284528e-05
    },
    "bpm": 83.9883575439,
    "confidence": 0.964150726795,
    "first_peak_bpm": {
        "kurt": 0,
        "max": 85,
        "mean": 85,
        "median": 85,
        "min": 85,
        "skew": 0,
        "var": 0
    },
    "first_peak_spread": {
        "kurt": 0,
        "max": 0.461538434029,
        "mean": 0.461538434029,
        "median": 0.461538434029,
        "min": 0.461538434029,
        "skew": 0,
        "var": 0
    },
    "first_peak_weight": {
        "kurt": 0,
        "max": 0.291666656733,
        "mean": 0.291666656733,
        "median": 0.291666656733,
        "min": 0.291666656733,
        "skew": 0,
        "var": 0
    },
    "onset_rate": 0.713160514832,
    "second_peak_bpm": {
        "kurt": 0,
        "max": 108,
        "mean": 108,
        "median": 108,
        "min": 108,
        "skew": 0,
        "var": 0
    },
    "second_peak_spread": {
        "kurt": 0,
        "max": 0.45454543829,
        "mean": 0.45454543829,
        "median": 0.45454543829,
        "min": 0.45454543829,
        "skew": 0,
        "var": 0
    },
    "second_peak_weight": {
        "kurt": 0,
        "max": 0.25,
        "mean": 0.25,
        "median": 0.25,
        "min": 0.25,
        "skew": 0,
        "var": 0
    },
    "beats_loudness_band_ratio": {
        "kurt": [1.1942858696, 3.02512788773, 3.8459854126, 1.47919654846, 0.362280607224, -0.269558429718],
        "max": [0.00226296763867, 0.0135329850018, 0.0440649241209, 0.144411414862, 0.688324868679, 0.827978909016],
        "mean": [0.000562130531762, 0.00264388043433, 0.0118682608008, 0.0604610592127, 0.36091414094, 0.572799444199],
        "median": [0.000269219424808, 0.00129535386804, 0.00838708132505, 0.0530435629189, 0.345070004463, 0.570883154869],
        "min": [0.000108741638542, 0.000232060585404, 0.00403749197721, 0.0142473168671, 0.135206848383, 0.293755084276],
        "skew": [1.42529940605, 1.96835649014, 2.14778375626, 1.42361664772, 0.609996557236, -0.154013603926],
        "var": [3.21774905387e-07, 1.1060237739e-05, 0.000106102830614, 0.000969224376604, 0.015458852984, 0.0150705762208],
        "cov": [[3.35182193112e-07, 4.33717787018e-07, 7.14881252861e-07, -2.17950696424e-06, -1.16165147119e-05, 1.1294556316e-05], [4.33717787018e-07, 1.15210814329e-05, 1.82887761184e-05, -2.82308155874e-05, -6.25166212558e-05, 5.98278165853e-05], [7.14881252861e-07, 1.82887761184e-05, 0.000110523782496, -1.4177164303e-05, -0.000235276922467, 0.00014564707817], [-2.17950696424e-06, -2.82308155874e-05, -1.4177164303e-05, 0.00100960873533, -0.000572402437683, -0.000400910415919], [-1.16165147119e-05, -6.25166212558e-05, -0.000235276922467, -0.000572402437683, 0.0161029715091, -0.0153561001644], [1.1294556316e-05, 5.98278165853e-05, 0.00014564707817, -0.000400910415919, -0.0153561001644, 0.0156985167414]]
    },
    "beats_position": [0.696598649025, 1.40480720997, 2.12462592125, 2.85605430603, 3.5758728981, 4.29569149017, 5.00390005112, 5.71210861206, 6.43192720413, 7.14013576508, 7.84834432602, 8.56816291809, 9.27637195587, 9.98458003998, 10.5186395645, 11.0643081665, 11.6099767685, 12.1672563553, 12.7245349884, 13.2702035904, 13.8158731461, 14.3731517792, 14.9304304123, 15.4877090454, 16.0449886322],
    "bpm_estimates": [84.7208023071, 83.3543243408, 82.0312728882, 83.3543319702, 83.3543319702, 84.7208023071, 84.7208023071, 83.3543319702, 84.7208023071, 84.7208023071, 83.3543319702, 84.7207489014, 84.7208633423],
    "bpm_intervals": [0.708208560944, 0.719818711281, 0.731428384781, 0.719818592072, 0.719818592072, 0.708208560944, 0.708208560944, 0.719818592072, 0.708208560944, 0.708208560944, 0.719818592072, 0.708209037781, 0.708208084106, 0.534059524536, 0.54566860199, 0.54566860199, 0.557279586792, 0.557278633118, 0.54566860199, 0.545669555664, 0.557278633118, 0.557278633118, 0.557278633118, 0.557279586792],
    "onset_times": [0.197369620204, 1.81115651131, 1.84598636627, 2.03174614906, 2.07818603516, 4.80653047562, 5.13160991669, 8.93968296051, 9.4853515625, 10.2748298645, 10.4025392532, 11.1339683533],
    "histogram": [[0, 0, 0, 0, 0, 0, 0, 0, 0, 0, 0, 0, 0, 0, 0, 0, 0, 0, 0, 0, 0, 0, 0, 0, 0, 0, 0, 0, 0, 0, 0, 0, 0, 0, 0, 0, 0, 0, 0, 0, 0, 0, 0, 0, 0, 0, 0, 0, 0, 0, 0, 0, 0, 0, 0, 0, 0, 0, 0, 0, 0, 0, 0, 0, 0, 0, 0, 0, 0, 0, 0, 0, 0, 0, 0, 0, 0, 0, 0, 0, 0, 0, 0.0416666679084, 0.208333328366, 0, 0.291666656733, 0, 0, 0, 0, 0, 0, 0, 0, 0, 0, 0, 0, 0, 0, 0, 0, 0, 0, 0, 0, 0, 0, 0.25, 0, 0.166666671634, 0, 0.0416666679084, 0, 0, 0, 0, 0, 0, 0, 0, 0, 0, 0, 0, 0, 0, 0, 0, 0, 0, 0, 0, 0, 0, 0, 0, 0, 0, 0, 0, 0, 0, 0, 0, 0, 0, 0, 0, 0, 0, 0, 0, 0, 0, 0, 0, 0, 0, 0, 0, 0, 0, 0, 0, 0, 0, 0, 0, 0, 0, 0, 0, 0, 0, 0, 0, 0, 0, 0, 0, 0, 0, 0, 0, 0, 0, 0, 0, 0, 0, 0, 0, 0, 0, 0, 0, 0, 0, 0, 0, 0, 0, 0, 0, 0, 0, 0, 0, 0, 0, 0, 0, 0, 0, 0, 0, 0, 0, 0, 0, 0, 0, 0, 0, 0, 0, 0, 0, 0, 0, 0, 0, 0, 0, 0, 0, 0, 0, 0, 0, 0, 0, 0, 0, 0, 0, 0, 0, 0]]
},
"sfx": {
    "inharmonicity": {
        "kurt": 25.7682209015,
        "max": 0.393668681383,
        "mean": 0.0125792417675,
        "median": 0,
        "min": 0,
        "skew": 4.80784797668,
        "var": 0.00221448717639
    },
    "oddtoevenharmonicenergyratio": {
        "kurt": 228.457183838,
        "max": 50.8543586731,
        "mean": 0.357776015997,
        "median": 0,
        "min": 0,
        "skew": 13.5889196396,
        "var": 6.62157535553
    },
    "pitch_after_max_to_before_max_energy_ratio": 2.7537946701,
    "pitch_centroid": 366.007293701,
    "pitch_max_to_total": 0.260330587626,
    "pitch_min_to_total": 0.00413223123178,
    "tristimulus": {
        "kurt": [5.02279758453, 10.2312011719, 22.3997306824],
        "max": [1, 0.97791492939, 0.957168877125],
        "mean": [0.904839873314, 0.0627749040723, 0.0323852226138],
        "median": [1, 0, 0],
        "min": [0, 0, 0],
        "skew": [-2.6153690815, 3.34796881676, 4.64931964874],
        "var": [0.0749122127891, 0.0404392257333, 0.0174109004438],
        "cov": [[0.0750155448914, -0.049037784338, -0.0259773526341], [-0.049037784338, 0.0404950045049, 0.00854251906276], [-0.0259773526341, 0.00854251906276, 0.0174349155277]]
    }
},
"tonal": {
    "chords_changes_rate": 0.123626373708,
    "chords_number_rate": 0.0137362638488,
    "chords_strength": {
        "kurt": 1.89374876022,
        "max": 0.69848126173,
        "mean": 0.467648714781,
        "median": 0.459285676479,
        "min": 0.358714938164,
        "skew": 1.24466991425,
        "var": 0.00368847860955
    },
    "key_strength": 0.696935892105,
    "tuning_diatonic_strength": 0.643373727798,
    "tuning_equal_tempered_deviation": 0.264460176229,
    "tuning_frequency": 455.779724121,
    "tuning_nontempered_energy_ratio": 0.906370341778,
    "hpcp": {
        "kurt": [-0.872367858887, -0.296943187714, 0.121726512909, -0.662577867508, -0.902004718781, -0.737644433975, 0.303495407104, 1.60277605057, 1.38427352905, 1.56500673294, 1.71893787384, 6.25816726685, 10.9370985031, 9.24027252197, 7.53347110748, 7.11965274811, 6.20108032227, 7.11635017395, 0.943247795105, 0.443992614746, -0.490427494049, -0.721126794815, -0.506270647049, 0.258477687836, 3.33200597763, 6.63792324066, 14.9511547089, 12.7630577087, 8.80820178986, 3.55237627029, 2.80270862579, 1.85754823685, -0.230635881424, -0.766600131989, -0.519368171692, -0.914458036423],
        "max": [1, 1, 1, 1, 1, 1, 1, 1, 0.906294286251, 0.961608946323, 0.903210639954, 1, 0.992292404175, 1, 1, 1, 0.903239965439, 0.753535509109, 0.709360361099, 1, 1, 1, 1, 1, 1, 0.855289697647, 1, 1, 1, 1, 1, 1, 1, 1, 1, 1],
