{
"metadata": {
    "version": {
        "essentia": "2.1-beta3"
    }
},
"lowLevel": {
    "average_loudness": 0.665489196777,
    "barkbands_kurtosis": {
        "kurt": 20.5269603729,
        "max": 203.381240845,
        "mean": 13.372262001,
        "median": 8.82663536072,
        "min": -1.84091341496,
        "skew": 3.36865210533,
        "var": 291.242584229
    },
    "barkbands_skewness": {
        "kurt": 0.278945922852,
        "max": 3.1707701683,
        "mean": -2.48785328865,
        "median": -2.73555731773,
        "min": -12.4694004059,
        "skew": 0.103543028235,
        "var": 5.23630571365
    },
    "barkbands_spread": {
        "kurt": 0.909191846848,
        "max": 56.6173706055,
        "mean": 15.8554477692,
        "median": 12.5349588394,
        "min": 1.00607311726,
        "skew": 1.13442909718,
        "var": 117.254364014
    },
    "dissonance": {
        "kurt": 395.047454834,
        "max": 0.5,
        "mean": 0.491811752319,
        "median": 0.495304614305,
        "min": 0.124941557646,
        "skew": -16.1435699463,
        "var": 0.000204003124963
    },
    "hfc": {
        "kurt": 9.92743682861,
        "max": 210.409194946,
        "mean": 19.6974563599,
        "median": 13.5818214417,
        "min": 1.132345119e-06,
        "skew": 2.42073130608,
        "var": 533.172790527
    },
    "pitch": {
        "kurt": -1.09563565254,
        "max": 5110.60546875,
        "mean": 2190.99633789,
        "median": 1714.03930664,
        "min": 78.3773574829,
        "skew": 0.576576411724,
        "var": 2837863.25
    },
    "pitch_instantaneous_confidence": {
        "kurt": -0.958636760712,
        "max": 0.993798494339,
        "mean": 0.541984975338,
        "median": 0.550590753555,
        "min": 0.136196017265,
        "skew": -0.134491115808,
        "var": 0.0438535287976
    },
    "pitch_salience": {
        "kurt": 1.06052541733,
        "max": 0.896364152431,
        "mean": 0.663321733475,
        "median": 0.691806614399,
        "min": 0.0728693902493,
        "skew": -1.07660055161,
        "var": 0.0173556171358
    },
    "silence_rate_20dB": {
        "kurt": 0,
        "max": 1,
        "mean": 1,
        "median": 1,
        "min": 1,
        "skew": 0,
        "var": 0
    },
    "silence_rate_30dB": {
        "kurt": 0,
        "max": 1,
        "mean": 1,
        "median": 1,
        "min": 1,
        "skew": 0,
        "var": 0
    },
    "silence_rate_60dB": {
        "kurt": -1.97712612152,
        "max": 1,
        "mean": 0.462307006121,
        "median": 0,
        "min": 0,
        "skew": 0.151198074222,
        "var": 0.248578950763
    },
    "spectral_centroid": {
        "kurt": 0.0135524272919,
        "max": 5156.04736328,
        "mean": 3666.85888672,
        "median": 4269.84619141,
        "min": 325.292694092,
        "skew": -1.28760075569,
        "var": 2136572
    },
    "spectral_complexity": {
        "kurt": 0.138554573059,
        "max": 28,
        "mean": 5.62670278549,
        "median": 4,
        "min": 0,
        "skew": 0.906582593918,
        "var": 31.5019302368
    },
    "spectral_crest": {
        "kurt": -0.918193101883,
        "max": 26.4748401642,
        "mean": 12.8813495636,
        "median": 11.5494365692,
        "min": 2.82293868065,
        "skew": 0.448851317167,
        "var": 30.9831409454
    },
    "spectral_decrease": {
        "kurt": 6.93576717377,
        "max": -8.03269031271e-16,
        "mean": -6.7643263213e-10,
        "median": -4.82886286512e-10,
        "min": -6.04466032783e-09,
        "skew": -2.07411170006,
        "var": 5.44938367443e-19
    },
    "spectral_energy": {
        "kurt": 8.00084400177,
        "max": 0.0418986789882,
        "mean": 0.00433963071555,
        "median": 0.00306119490415,
        "min": 3.13443204725e-09,
        "skew": 2.19824790955,
        "var": 2.36559681071e-05
    },
    "spectral_energyband_high": {
        "kurt": 15.4025764465,
        "max": 0.040009714663,
        "mean": 0.00299946521409,
        "median": 0.00182242831215,
        "min": 3.47868574224e-11,
        "skew": 3.09552550316,
        "var": 1.61313419085e-05
    },
    "spectral_energyband_low": {
        "kurt": 29.9543571472,
        "max": 0.000172904430656,
        "mean": 1.52087359311e-05,
        "median": 1.20773656818e-05,
        "min": 1.5329725267e-09,
        "skew": 3.31616592407,
        "var": 1.3967495216e-10
    },
    "spectral_energyband_middle_high": {
        "kurt": 30.7593727112,
        "max": 0.020208729431,
        "mean": 0.00123203988187,
        "median": 0.000710887426976,
        "min": 1.60810170735e-10,
        "skew": 4.23320055008,
        "var": 2.9836135127e-06
    },
    "spectral_energyband_middle_low": {
        "kurt": 2.90941762924,
        "max": 0.000544525682926,
        "mean": 0.000108114567411,
        "median": 9.60247853072e-05,
        "min": 1.36653799387e-09,
        "skew": 1.31933486462,
        "var": 6.21691453873e-09
    },
    "spectral_flatness_db": {
        "kurt": 0.387415409088,
        "max": 0.391445159912,
        "mean": 0.18502175808,
        "median": 0.178687810898,
        "min": 0.0790906846523,
        "skew": 0.63974416256,
        "var": 0.00191818724852
    },
    "spectral_flux": {
        "kurt": -0.0195980072021,
        "max": 0.148433700204,
        "mean": 0.0416789352894,
        "median": 0.0434867553413,
        "min": 0.00209390069358,
        "skew": 0.198339104652,
        "var": 0.000675769988447
    },
    "spectral_kurtosis": {
        "kurt": 1.68639469147,
        "max": 10.8468799591,
        "mean": 1.86548960209,
        "median": 1.19122314453,
        "min": -0.277916193008,
        "skew": 1.58190429211,
        "var": 3.12211585045
    },
    "spectral_rms": {
        "kurt": -0.0948634147644,
        "max": 0.00639349361882,
        "mean": 0.00171669281553,
        "median": 0.00172815844417,
        "min": 1.7487087689e-06,
        "skew": 0.418370455503,
        "var": 1.28675117139e-06
    },
    "spectral_rolloff": {
        "kurt": 1.5569357872,
        "max": 7235.15625,
        "mean": 4544.96972656,
        "median": 5124.90234375,
        "min": 301.46484375,
        "skew": -1.70194029808,
        "var": 1845052.875
    },
    "spectral_skewness": {
        "kurt": 0.910909891129,
        "max": 2.72827315331,
        "mean": 1.00139391422,
        "median": 0.827818870544,
        "min": 0.356736719608,
        "skew": 1.50396502018,
        "var": 0.187140211463
    },
    "spectral_spread": {
        "kurt": 11.1297998428,
        "max": 20020560,
        "mean": 6251416,
        "median": 6401984.5,
        "min": 3206264,
        "skew": 1.00284516811,
        "var": 1.65570740224e+12
    },
    "spectral_strongpeak": {
        "kurt": 4.51834106445,
        "max": 28.2407226562,
        "mean": 3.76784563065,
        "median": 2.32400870323,
        "min": 0,
        "skew": 1.94305872917,
        "var": 19.8068695068
    },
    "zerocrossingrate": {
        "kurt": 0.124123573303,
        "max": 0.23876953125,
        "mean": 0.177238106728,
        "median": 0.203125,
        "min": 0.001953125,
        "skew": -1.31628370285,
        "var": 0.00373735860921
    },
    "barkbands": {
        "kurt": [1034.87548828, 5.06499958038, 35.9044532776, 10.001709938, 1.28677415848, 6.0182352066, 60.5398139954, 61.5387420654, 79.359336853, 21.0522689819, 15.7904682159, 57.0173377991, 16.3141517639, 25.024684906, 9.14253425598, 68.5392227173, 16.8952980042, 15.6565799713, 56.1391296387, 5.63169002533, 18.0898361206, 27.8384475708, 80.5659484863, 39.2480316162, 7.239112854, 10.6943588257, 12.6816253662],
        "max": [6.98332911497e-08, 1.59621449711e-05, 9.97140450636e-05, 0.000251068995567, 0.00025741479476, 8.69805953698e-05, 0.000150401639985, 0.000166639001691, 0.000161519477842, 9.00756713236e-05, 0.000136861839565, 0.000259433290921, 9.47553853621e-05, 0.000411663029809, 0.000271852914011, 0.00111800420564, 0.000976535782684, 0.00166733236983, 0.0186636354774, 0.00254888134077, 0.0376840531826, 0.00442877411842, 0.00213992292993, 0.000890095077921, 0.000397325202357, 4.3872819333e-06, 2.22317364518e-08],
        "mean": [5.17511256071e-10, 2.19257185563e-06, 6.55625945001e-06, 2.53753369179e-05, 5.24283859704e-05, 1.12832849481e-05, 5.68585346628e-06, 4.9464829317e-06, 6.755085451e-06, 6.53740153211e-06, 1.03129896161e-05, 8.82414769876e-06, 8.45057275001e-06, 2.58377021964e-05, 2.76453502011e-05, 3.58280267392e-05, 6.68943830533e-05, 0.000115897957585, 0.00075587478932, 0.000315017678076, 0.00243569351733, 0.000254086160567, 6.90259039402e-05, 4.15234280808e-05, 4.65910088678e-05, 3.66886354186e-07, 1.92781746122e-09],
        "median": [3.61266599969e-10, 1.64989512541e-06, 4.69187261842e-06, 1.89467482414e-05, 4.30709042121e-05, 8.03322200227e-06, 3.07216259898e-06, 2.17523256651e-06, 3.74270780412e-06, 3.40826272804e-06, 6.15373755863e-06, 3.89306887882e-06, 5.83588644076e-06, 1.31339402287e-05, 1.68796359503e-05, 1.69910217664e-05, 3.9374906919e-05, 5.55856422579e-05, 0.000338163314154, 0.000192643885384, 0.00122208415996, 0.000134536836413, 2.90016760118e-05, 2.07398625207e-05, 3.20936960634e-05, 2.09472773349e-07, 1.35708178028e-09],
        "min": [7.5987003148e-12, 6.8210126436e-10, 4.21768453496e-10, 3.77723297085e-10, 6.6741617788e-10, 2.5356028388e-10, 3.43497626176e-11, 1.2484877715e-11, 2.03737755833e-11, 3.50186980108e-12, 1.07241871633e-11, 5.87954121153e-12, 4.37608933465e-12, 6.23575626899e-13, 5.80445934373e-12, 9.71828433699e-12, 4.13939021948e-12, 6.82566026269e-12, 8.48624781558e-11, 3.50301350427e-11, 1.14403148413e-11, 5.17832131341e-12, 1.71653663505e-12, 2.78727019763e-12, 1.07408439781e-12, 1.15441380413e-12, 1.07448162238e-13],
        "skew": [31.7497749329, 1.78519308567, 3.86489081383, 1.9806060791, 1.13792443275, 2.01254463196, 6.81644582748, 7.05070734024, 7.64098930359, 3.97635746002, 3.34546923637, 6.22557735443, 3.07511210442, 4.17129468918, 2.5446164608, 6.75582122803, 3.30387878418, 3.34312796593, 5.97632694244, 2.04011034966, 3.42516088486, 4.10275411606, 6.48593759537, 4.41576766968, 2.15840220451, 2.63146424294, 2.63042664528],
        "var": [4.49468314088e-18, 3.62381435623e-12, 4.58453205954e-11, 5.03639518978e-10, 1.853559084e-09, 1.1893974694e-10, 1.18037218888e-10, 1.45387077377e-10, 1.462030913e-10, 9.24691226367e-11, 1.90828061686e-10, 3.13527370732e-10, 9.313012167e-11, 1.56082780034e-09, 1.13416653846e-09, 5.10214137606e-09, 8.08210920411e-09, 3.03744691621e-08, 1.87103250937e-06, 1.33450782869e-07, 1.34858100864e-05, 1.40571671636e-07, 1.51993599928e-08, 3.79896025748e-09, 2.7307938133e-09, 2.15711197277e-13, 4.77616029563e-18],
        "cov": [[4.49876899952e-18, 2.62915023274e-17, 5.2934711925e-17, -1.07136814103e-15, -2.32394818145e-15, -4.49629228842e-16, -1.99557574241e-16, -1.75565855701e-16, -2.35823660455e-16, -3.51896926261e-16, -6.30313956106e-16, -4.48532427054e-16, -5.40516552296e-16, -1.23953869765e-15, -8.53603911222e-16, -3.03395999696e-15, -4.33636950336e-15, -5.63509335765e-15, -5.08076450378e-14, -9.96929911534e-15, 4.57843025916e-14, -8.2922128433e-15, -3.6701281154e-15, -2.45035726091e-15, -1.38434681504e-15, -1.72873783163e-17, -3.99563811092e-20], [2.62915023274e-17, 3.62710881295e-12, 3.48238039967e-12, 3.28766007474e-12, 1.19514632566e-11, 2.17140866919e-12, 9.47599637646e-13, 2.30348536469e-13, -1.43704614723e-13, -4.34535193201e-13, 1.29646868328e-12, -9.64877049786e-13, 2.16892649674e-12, 3.4586814749e-12, 8.03526949839e-12, 2.54046539664e-13, 1.10848960219e-11, 2.09284863745e-11, -2.56327545994e-11, 6.25113502628e-11, 1.27277133277e-09, 5.36965402698e-11, -5.62588864383e-12, 3.7606315631e-12, 7.54813225812e-12, 6.58721056759e-14, 3.74193056894e-16], [5.2934711925e-17, 3.48238039967e-12, 4.58869990616e-11, 2.35581484875e-11, 3.83641798885e-11, 1.24858621706e-11, 7.16503722673e-12, 6.57267903298e-12, 8.9059766506e-12, 2.64550859518e-12, 1.19425511147e-11, 1.71836919693e-11, 3.46624595346e-12, 3.01896251054e-11, 3.03134670143e-11, 7.49978551484e-11, 7.21574397455e-11, 1.57979671012e-10, 1.06279329781e-09, 3.17345122403e-10, 3.0028510789e-09, 3.93177601588e-10, 1.07148727391e-10, 5.33358149313e-11, 5.14972058052e-11, 3.96622676108e-13, 2.09077377536e-15], [-1.07136814103e-15, 3.28766007474e-12, 2.35581484875e-11, 5.04097374954e-10, 4.62467869555e-10, 5.69259465955e-11, 8.51567948101e-12, 1.0099046599e-11, 2.0229503836e-11, 2.91556050136e-11, 5.70124433774e-11, 6.13592995857e-11, 5.17457049432e-11, 1.23764332116e-10, 1.86467188912e-10, 2.3370178015e-10, 4.1331010836e-10, 5.34553623588e-10, 4.98194774323e-09, 1.98715066624e-09, 1.63917750484e-08, 1.77155179415e-09, 5.75004710512e-10, 3.53436419021e-10, 3.11808412423e-10, 2.6721192533e-12, 1.515243348e-14], [-2.32394818145e-15, 1.19514632566e-11, 3.83641798885e-11, 4.62467869555e-10, 1.8552441805e-09, 2.6648946938e-10, 9.20873655108e-11, 9.10114622554e-11, 1.1953125989e-10, 1.46551937252e-10, 2.6990285007e-10, 2.54074844497e-10, 2.02335440069e-10, 7.71950281475e-10, 6.9641842293e-10, 7.21064374876e-10, 1.78766679237e-09, 3.85629617128e-09, 2.21706990544e-08, 9.04120422973e-09, 4.58563569339e-08, 6.80250611396e-09, 2.17870699259e-09, 1.35006739121e-09, 1.13799791812e-09, 1.04679598323e-11, 4.41447652901e-14], [-4.49629228842e-16, 2.17140866919e-12, 1.24858621706e-11, 5.69259465955e-11, 2.6648946938e-10, 1.19047868785e-10, 5.2829164654e-11, 5.41350159144e-11, 5.23080259662e-11, 4.61035619403e-11, 7.88546866692e-11, 8.76802311311e-11, 4.13796392984e-11, 2.08845107874e-10, 1.34656744089e-10, 2.23930998744e-10, 4.27805790792e-10, 8.95403140522e-10, 6.80396006203e-09, 2.19155915637e-09, 1.0165428499e-08, 1.71899761092e-09, 6.31558583208e-10, 3.72524622261e-10, 2.48952691795e-10, 2.38759988343e-12, 1.07364517735e-14], [-1.99557574241e-16, 9.47599637646e-13, 7.16503722673e-12, 8.51567948101e-12, 9.20873655108e-11, 5.2829164654e-11, 1.18144521943e-10, 1.0875828016e-10, 7.51822284983e-11, 4.66531951959e-11, 5.14593818945e-11, 4.77219166961e-11, 1.80402741357e-11, 8.58090820621e-11, 5.17797922595e-11, 9.13247324985e-11, 1.20525103786e-10, 3.98051230865e-10, 3.43745032438e-09, 8.39791791662e-10, 1.91122717652e-09, 5.66797331292e-10, 2.51444004506e-10, 1.39147762757e-10, 9.87350895487e-11, 7.67311344671e-13, 3.42723718261e-15], [-1.75565855701e-16, 2.30348536469e-13, 6.57267903298e-12, 1.0099046599e-11, 9.10114622554e-11, 5.41350159144e-11, 1.0875828016e-10, 1.45519249428e-10, 1.02301569993e-10, 5.27487740987e-11, 5.38826830376e-11, 4.61858849776e-11, 1.743292663e-11, 8.8960352973e-11, 4.48748746495e-11, 9.55135484593e-11, 1.09682075922e-10, 3.61531443671e-10, 2.72363398501e-09, 9.03748131886e-10, 7.15035364252e-10, 4.29393826051e-10, 2.19438620053e-10, 1.40545033944e-10, 9.81265832478e-11, 7.96713389706e-13, 3.49213642351e-15], [-2.35823660455e-16, -1.43704614723e-13, 8.9059766506e-12, 2.0229503836e-11, 1.1953125989e-10, 5.23080259662e-11, 7.51822284983e-11, 1.02301569993e-10, 1.46335998874e-10, 6.56404514077e-11, 6.50536083335e-11, 8.35580077352e-11, 3.11093199812e-11, 1.4477892496e-10, 7.59928578398e-11, 1.7442682021e-10, 2.00656935512e-10, 4.50780968109e-10, 5.72230485218e-09, 1.33501343313e-09, 2.14485806893e-09, 8.50572390299e-10, 3.97932714558e-10, 2.36737296433e-10, 1.62130822656e-10, 1.32494471124e-12, 6.57870034287e-15], [-3.51896926261e-16, -4.34535193201e-13, 2.64550859518e-12, 2.91556050136e-11, 1.46551937252e-10, 4.61035619403e-11, 4.66531951959e-11, 5.27487740987e-11, 6.56404514077e-11, 9.25531873364e-11, 7.43992020769e-11, 6.41019390346e-11, 3.87781300126e-11, 1.46076067908e-10, 9.70101082798e-11, 2.05964467703e-10, 3.06235148351e-10, 4.17221091009e-10, 5.45795098006e-09, 1.39090550189e-09, 2.65787591935e-09, 8.59031124012e-10, 4.49402876024e-10, 2.53835258368e-10, 1.8527922252e-10, 1.57207656181e-12, 1.00804891303e-14], [-6.30313956106e-16, 1.29646868328e-12, 1.19425511147e-11, 5.70124433774e-11, 2.6990285007e-10, 7.88546866692e-11, 5.14593818945e-11, 5.38826830376e-11, 6.50536083335e-11, 7.43992020769e-11, 1.91001547911e-10, 1.39855210746e-10, 6.15152165317e-11, 3.00021507638e-10, 1.58138946382e-10, 3.17746162715e-10, 6.01408700618e-10, 1.06384778764e-09, 7.22822646182e-09, 2.67827715561e-09, 1.03755528613e-08, 2.23866569726e-09, 8.43205505419e-10, 4.96794383409e-10, 3.21248638802e-10, 3.31584044076e-12, 1.59969117759e-14], [-4.48532427054e-16, -9.64877049786e-13, 1.71836919693e-11, 6.13592995857e-11, 2.54074844497e-10, 8.76802311311e-11, 4.77219166961e-11, 4.61858849776e-11, 8.35580077352e-11, 6.41019390346e-11, 1.39855210746e-10, 3.13812392738e-10, 6.60697330179e-11, 4.15742162918e-10, 1.9353058045e-10, 4.31511826271e-10, 7.21719795038e-10, 1.24598453777e-09, 1.09520215119e-08, 3.00768276951e-09, 6.26703178241e-09, 2.90902013589e-09, 1.34010857966e-09, 6.32160379599e-10, 3.53118201346e-10, 3.91584507875e-12, 1.57014277204e-14], [-5.40516552296e-16, 2.16892649674e-12, 3.46624595346e-12, 5.17457049432e-11, 2.02335440069e-10, 4.13796392984e-11, 1.80402741357e-11, 1.743292663e-11, 3.11093199812e-11, 3.87781300126e-11, 6.15152165317e-11, 6.60697330179e-11, 9.32147831145e-11, 1.990106413e-10, 1.41748765503e-10, 1.64684904602e-10, 3.87888277054e-10, 6.16056983205e-10, 4.5504848778e-09, 1.71251268721e-09, 8.96651997095e-09, 1.44786727052e-09, 4.59457027979e-10, 2.43131487165e-10, 2.29751023761e-10, 2.33928653358e-12, 1.10432691298e-14], [-1.23953869765e-15, 3.4586814749e-12, 3.01896251054e-11, 1.23764332116e-10, 7.71950281475e-10, 2.08845107874e-10, 8.58090820621e-11, 8.8960352973e-11, 1.4477892496e-10, 1.46076067908e-10, 3.00021507638e-10, 4.15742162918e-10, 1.990106413e-10, 1.56224666537e-09, 6.51677378727e-10, 8.31285429381e-10, 1.90947191392e-09, 3.10637582324e-09, 2.36054926717e-08, 7.57586438027e-09, 3.43387540624e-08, 7.04166991383e-09, 2.35021979655e-09, 1.32450284074e-09, 8.72535543817e-10, 9.63142239574e-12, 3.88181206742e-14], [-8.53603911222e-16, 8.03526949839e-12, 3.03134670143e-11, 1.86467188912e-10, 6.9641842293e-10, 1.34656744089e-10, 5.17797922595e-11, 4.48748746495e-11, 7.59928578398e-11, 9.70101082798e-11, 1.58138946382e-10, 1.9353058045e-10, 1.41748765503e-10, 6.51677378727e-10, 1.13519760259e-09, 5.48420364677e-10, 1.38246858405e-09, 2.41643016707e-09, 1.63061191216e-08, 6.35384500569e-09, 3.7848700174e-08, 4.94864860201e-09, 1.54689405729e-09, 8.66962113211e-10, 7.97068577807e-10, 6.80562507391e-12, 3.22380333149e-14], [-3.03395999696e-15, 2.54046539664e-13, 7.49978551484e-11, 2.3370178015e-10, 7.21064374876e-10, 2.23930998744e-10, 9.13247324985e-11, 9.55135484593e-11, 1.7442682021e-10, 2.05964467703e-10, 3.17746162715e-10, 4.31511826271e-10, 1.64684904602e-10, 8.31285429381e-10, 5.48420364677e-10, 5.10677988785e-09, 2.13284900852e-09, 2.51621301572e-09, 4.81284452292e-08, 9.06036934367e-09, 2.21346780904e-08, 7.93783616615e-09, 2.69702415956e-09, 2.16197304503e-09, 7.04672209473e-10, 1.14626736922e-11, 7.62875345035e-14], [-4.33636950336e-15, 1.10848960219e-11, 7.21574397455e-11, 4.1331010836e-10, 1.78766679237e-09, 4.27805790792e-10, 1.20525103786e-10, 1.09682075922e-10, 2.00656935512e-10, 3.06235148351e-10, 6.01408700618e-10, 7.21719795038e-10, 3.87888277054e-10, 1.90947191392e-09, 1.38246858405e-09, 2.13284900852e-09, 8.08945710418e-09, 7.8425435035e-09, 5.5984401115e-08, 1.99786747146e-08, 7.45792121393e-08, 1.25296111264e-08, 4.54586013277e-09, 3.03106939548e-09, 1.78591585964e-09, 2.46692700989e-11, 1.00737032106e-13], [-5.63509335765e-15, 2.09284863745e-11, 1.57979671012e-10, 5.34553623588e-10, 3.85629617128e-09, 8.95403140522e-10, 3.98051230865e-10, 3.61531443671e-10, 4.50780968109e-10, 4.17221091009e-10, 1.06384778764e-09, 1.24598453777e-09, 6.16056983205e-10, 3.10637582324e-09, 2.41643016707e-09, 2.51621301572e-09, 7.8425435035e-09, 3.04020844055e-08, 9.269670187e-08, 3.54315652373e-08, 1.43185104662e-07, 2.77182241604e-08, 8.76886030454e-09, 5.5427902268e-09, 4.35942482113e-09, 4.14800346848e-11, 1.35929841601e-13], [-5.08076450378e-14, -2.56327545994e-11, 1.06279329781e-09, 4.98194774323e-09, 2.21706990544e-08, 6.80396006203e-09, 3.43745032438e-09, 2.72363398501e-09, 5.72230485218e-09, 5.45795098006e-09, 7.22822646182e-09, 1.09520215119e-08, 4.5504848778e-09, 2.36054926717e-08, 1.63061191216e-08, 4.81284452292e-08, 5.5984401115e-08, 9.269670187e-08, 1.87273349184e-06, 2.60014303421e-07, 8.51609286201e-07, 2.15411475324e-07, 7.4922660076e-08, 5.02722166118e-08, 2.50889105047e-08, 3.56631668641e-10, 1.44030566553e-12], [-9.96929911534e-15, 6.25113502628e-11, 3.17345122403e-10, 1.98715066624e-09, 9.04120422973e-09, 2.19155915637e-09, 8.39791791662e-10, 9.03748131886e-10, 1.33501343313e-09, 1.39090550189e-09, 2.67827715561e-09, 3.00768276951e-09, 1.71251268721e-09, 7.57586438027e-09, 6.35384500569e-09, 9.06036934367e-09, 1.99786747146e-08, 3.54315652373e-08, 2.60014303421e-07, 1.33572100935e-07, 4.83193616674e-07, 7.34091827326e-08, 2.05603960524e-08, 1.39439890745e-08, 9.61696056123e-09, 1.12657251583e-10, 4.41268495268e-13], [4.57843025916e-14, 1.27277133277e-09, 3.0028510789e-09, 1.63917750484e-08, 4.58563569339e-08, 1.0165428499e-08, 1.91122717652e-09, 7.15035364252e-10, 2.14485806893e-09, 2.65787591935e-09, 1.03755528613e-08, 6.26703178241e-09, 8.96651997095e-09, 3.43387540624e-08, 3.7848700174e-08, 2.21346780904e-08, 7.45792121393e-08, 1.43185104662e-07, 8.51609286201e-07, 4.83193616674e-07, 1.34980691655e-05, 6.21658102773e-07, 7.06000591322e-08, 5.46193206219e-08, 7.08414731321e-08, 4.243879137e-10, 3.14218963349e-12], [-8.2922128433e-15, 5.36965402698e-11, 3.93177601588e-10, 1.77155179415e-09, 6.80250611396e-09, 1.71899761092e-09, 5.66797331292e-10, 4.29393826051e-10, 8.50572390299e-10, 8.59031124012e-10, 2.23866569726e-09, 2.90902013589e-09, 1.44786727052e-09, 7.04166991383e-09, 4.94864860201e-09, 7.93783616615e-09, 1.25296111264e-08, 2.77182241604e-08, 2.15411475324e-07, 7.34091827326e-08, 6.21658102773e-07, 1.40699469853e-07, 2.90343447062e-08, 1.24035341997e-08, 9.10450115299e-09, 7.41593175757e-11, 3.96379326931e-13], [-3.6701281154e-15, -5.62588864383e-12, 1.07148727391e-10, 5.75004710512e-10, 2.17870699259e-09, 6.31558583208e-10, 2.51444004506e-10, 2.19438620053e-10, 3.97932714558e-10, 4.49402876024e-10, 8.43205505419e-10, 1.34010857966e-09, 4.59457027979e-10, 2.35021979655e-09, 1.54689405729e-09, 2.69702415956e-09, 4.54586013277e-09, 8.76886030454e-09, 7.4922660076e-08, 2.05603960524e-08, 7.06000591322e-08, 2.90343447062e-08, 1.52131782727e-08, 4.86200457672e-09, 2.89633250716e-09, 2.3353572548e-11, 1.30868704545e-13], [-2.45035726091e-15, 3.7606315631e-12, 5.33358149313e-11, 3.53436419021e-10, 1.35006739121e-09, 3.72524622261e-10, 1.39147762757e-10, 1.40545033944e-10, 2.36737296433e-10, 2.53835258368e-10, 4.96794383409e-10, 6.32160379599e-10, 2.43131487165e-10, 1.32450284074e-09, 8.66962113211e-10, 2.16197304503e-09, 3.03106939548e-09, 5.5427902268e-09, 5.02722166118e-08, 1.39439890745e-08, 5.46193206219e-08, 1.24035341997e-08, 4.86200457672e-09, 3.80241393927e-09, 1.52802304143e-09, 1.70399683946e-11, 8.42872795756e-14], [-1.38434681504e-15, 7.54813225812e-12, 5.14972058052e-11, 3.11808412423e-10, 1.13799791812e-09, 2.48952691795e-10, 9.87350895487e-11, 9.81265832478e-11, 1.62130822656e-10, 1.8527922252e-10, 3.21248638802e-10, 3.53118201346e-10, 2.29751023761e-10, 8.72535543817e-10, 7.97068577807e-10, 7.04672209473e-10, 1.78591585964e-09, 4.35942482113e-09, 2.50889105047e-08, 9.61696056123e-09, 7.08414731321e-08, 9.10450115299e-09, 2.89633250716e-09, 1.52802304143e-09, 2.73327627198e-09, 1.15451138233e-11, 6.89736557257e-14], [-1.72873783163e-17, 6.58721056759e-14, 3.96622676108e-13, 2.6721192533e-12, 1.04679598323e-11, 2.38759988343e-12, 7.67311344671e-13, 7.96713389706e-13, 1.32494471124e-12, 1.57207656181e-12, 3.31584044076e-12, 3.91584507875e-12, 2.33928653358e-12, 9.63142239574e-12, 6.80562507391e-12, 1.14626736922e-11, 2.46692700989e-11, 4.14800346848e-11, 3.56631668641e-10, 1.12657251583e-10, 4.243879137e-10, 7.41593175757e-11, 2.3353572548e-11, 1.70399683946e-11, 1.15451138233e-11, 2.15907288792e-13, 5.67083846566e-16], [-3.99563811092e-20, 3.74193056894e-16, 2.09077377536e-15, 1.515243348e-14, 4.41447652901e-14, 1.07364517735e-14, 3.42723718261e-15, 3.49213642351e-15, 6.57870034287e-15, 1.00804891303e-14, 1.59969117759e-14, 1.57014277204e-14, 1.10432691298e-14, 3.88181206742e-14, 3.22380333149e-14, 7.62875345035e-14, 1.00737032106e-13, 1.35929841601e-13, 1.44030566553e-12, 4.41268495268e-13, 3.14218963349e-12, 3.96379326931e-13, 1.30868704545e-13, 8.42872795756e-14, 6.89736557257e-14, 5.67083846566e-16, 4.78050216666e-18]]
    },
    "mfcc": {
        "kurt": [-0.165563821793, -0.175795316696, 0.261008024216, -0.372742176056, -0.0683190822601, -0.247050046921, 0.264994382858, -0.0684432983398, -0.136119604111, -0.202997922897, 0.105376720428, 0.0330538749695, -0.0869991779327],
        "max": [-640.080566406, 156.748291016, 17.2313270569, 81.8579483032, 34.8737678528, 28.8270721436, 29.0027656555, 19.3069248199, 38.2224197388, 9.23292732239, 12.4299488068, 7.79549980164, 6.04266548157],
        "mean": [-771.296813965, 18.7991828918, -20.2098236084, 48.625, -7.22958803177, -0.290686011314, 7.31692218781, -15.1623897552, 0.526199281216, -14.4269485474, -9.195936203, -12.5395889282, -16.2545185089],
        "median": [-736.467407227, -1.34693527222, -20.31067276, 50.8140487671, -9.25709724426, -0.00416374206543, 7.26651763916, -16.1133155823, 0.472881317139, -14.3969116211, -9.27100944519, -12.3378067017, -16.1661739349],
        "min": [-1138.42004395, -42.8067092896, -52.4886436462, 8.01086425781e-05, -49.9747467041, -31.5943546295, -18.5106182098, -47.7407913208, -26.0982589722, -49.1633415222, -32.4458999634, -33.0609283447, -40.068687439],
        "skew": [-1.09459877014, 1.16884052753, -0.0250649899244, -0.480713397264, 0.577502071857, -0.13858538866, -0.119468249381, 0.20629234612, 0.0344943366945, -0.0811603963375, -0.0491199381649, -0.261466085911, -0.113451190293],
        "var": [9554.70898438, 2463.7980957, 87.3410644531, 188.931533813, 194.981948853, 105.20941925, 46.2688980103, 107.88067627, 91.8605117798, 75.3088378906, 43.9801101685, 43.8027992249, 52.8538894653],
        "cov": [[9563.39550781, -4622.6796875, -234.901275635, 778.045654297, -989.341796875, 391.896270752, 76.9191894531, -614.52331543, 45.1841392517, -402.596923828, -30.1737365723, -193.837722778, -319.272247314], [-4622.6796875, 2466.0378418, 99.8309707642, -443.62121582, 470.642211914, -249.634429932, -55.2786979675, 328.297698975, -45.0402755737, 230.712158203, 14.0448465347, 99.9320297241, 174.886062622], [-234.901275635, 99.8309707642, 87.420463562, -5.58434963226, 23.7799396515, 0.306593179703, -6.30315876007, 2.58730244637, 6.22847509384, 4.63808059692, 7.20631456375, 8.58117771149, 7.39488935471], [778.045654297, -443.62121582, -5.58434963226, 189.103302002, -84.8081359863, 81.3741989136, 24.8112640381, -88.87550354, 49.5529403687, -61.2804412842, 11.5843420029, -8.74392986298, -44.7124519348], [-989.341796875, 470.642211914, 23.7799396515, -84.8081359863, 195.159210205, -28.9501857758, -5.74770784378, 83.0570297241, -39.0279693604, 48.3684921265, -9.48281764984, 7.85993528366, 36.8317871094], [391.896270752, -249.634429932, 0.306593179703, 81.3741989136, -28.9501857758, 105.30506134, 24.4306373596, -52.2076416016, 32.3892326355, -37.7043533325, 4.796210289, -6.26918029785, -28.3339538574], [76.9191894531, -55.2786979675, -6.30315876007, 24.8112640381, -5.74770784378, 24.4306373596, 46.310962677, -1.28213512897, 14.8791246414, -13.8628559113, 0.841261744499, -4.39020395279, -4.27140951157], [-614.52331543, 328.297698975, 2.58730244637, -88.87550354, 83.0570297241, -52.2076416016, -1.28213512897, 107.978752136, -31.0202026367, 44.3688354492, -10.648932457, 10.6993665695, 33.8243980408], [45.1841392517, -45.0402755737, 6.22847509384, 49.5529403687, -39.0279693604, 32.3892326355, 14.8791246414, -31.0202026367, 91.9440231323, -15.6003246307, 18.3740005493, 8.76668071747, -12.7390298843], [-402.596923828, 230.712158203, 4.63808059692, -61.2804412842, 48.3684921265, -37.7043533325, -13.8628559113, 44.3688354492, -15.6003246307, 75.3773040771, 6.37163686752, 5.69013261795, 28.7231216431], [-30.1737365723, 14.0448465347, 7.20631456375, 11.5843420029, -9.48281764984, 4.796210289, 0.841261744499, -10.648932457, 18.3740005493, 6.37163686752, 44.0200920105, 12.1596879959, -2.35631752014], [-193.837722778, 99.9320297241, 8.58117771149, -8.74392986298, 7.85993528366, -6.26918029785, -4.39020395279, 10.6993665695, 8.76668071747, 5.69013261795, 12.1596879959, 43.8426208496, 12.0090875626], [-319.272247314, 174.886062622, 7.39488935471, -44.7124519348, 36.8317871094, -28.3339538574, -4.27140951157, 33.8243980408, -12.7390298843, 28.7231216431, -2.35631752014, 12.0090875626, 52.9019393921]]
    },
    "sccoeffs": {
        "kurt": [0.951421260834, 0.050755739212, 0.583268642426, -0.118642807007, -0.0610010623932, -0.57035112381],
        "max": [-0.414993435144, -0.703179121017, -0.728801131248, -0.731299161911, -0.65127325058, -0.565291285515],
        "mean": [-0.678038775921, -0.832014262676, -0.856149852276, -0.837695777416, -0.804923295975, -0.746746182442],
        "median": [-0.682183325291, -0.834274888039, -0.858429074287, -0.840566158295, -0.803206026554, -0.738312244415],
        "min": [-0.975628316402, -0.925810456276, -0.943829298019, -0.915359735489, -0.908797502518, -0.911813795567],
        "skew": [0.371301829815, 0.320556968451, 0.462076663971, 0.410937637091, 0.325906127691, -0.358000487089],
        "var": [0.00349243730307, 0.00125002209097, 0.000795788830146, 0.00107319862582, 0.00152567017358, 0.00379065540619],
        "cov": [[0.00349561241455, 0.000257393287029, 0.000306439265842, 0.000685148406774, 0.00109208002687, 0.00122749817092], [0.000257393287029, 0.00125115853734, 6.36678596493e-05, 0.00012928864453, 0.000201090355404, 0.000212484796066], [0.000306439265842, 6.36678596493e-05, 0.000796512234956, 0.000170214960235, 0.000207918914384, 0.000188634730875], [0.000685148406774, 0.00012928864453, 0.000170214960235, 0.00107417430263, 0.000637109624222, 0.000958889373578], [0.00109208002687, 0.000201090355404, 0.000207918914384, 0.000637109624222, 0.00152705714572, 0.00128961284645], [0.00122749817092, 0.000212484796066, 0.000188634730875, 0.000958889373578, 0.00128961284645, 0.00379410129972]]
    },
    "scvalleys": {
        "kurt": [1.94610738754, 7.20547389984, 7.24639225006, 8.05888557434, 0.955626010895, 0.0973281860352],
        "max": [-7.0939245224, -6.08157873154, -6.48988246918, -6.68839645386, -5.48010396957, -7.10679864883],
        "mean": [-8.24670696259, -7.95278453827, -7.9736700058, -7.98851251602, -7.43045186996, -8.96387863159],
        "median": [-8.209608078, -7.92061567307, -7.89217424393, -7.78684616089, -7.02409410477, -8.34219646454],
        "min": [-11.3729114532, -13.4729661942, -14.2664175034, -15.2804365158, -14.6948652267, -16.3533802032],
        "skew": [-0.655725836754, -0.776525557041, -1.08820259571, -1.63284409046, -1.24535799026, -1.22877824306],
        "var": [0.222905084491, 0.335141390562, 0.422159641981, 0.540938079357, 1.39041936398, 2.63583517075],
        "cov": [[0.223107725382, 0.0767522379756, 0.100544631481, 0.141324400902, 0.231365144253, 0.318729281425], [0.0767522379756, 0.335446059704, 0.285042405128, 0.307975798845, 0.476446419954, 0.644529104233], [0.100544631481, 0.285042405128, 0.422543406487, 0.409230202436, 0.63966780901, 0.862829625607], [0.141324400902, 0.307975798845, 0.409230202436, 0.541429817677, 0.816563725471, 1.1141654253], [0.231365144253, 0.476446419954, 0.63966780901, 0.816563725471, 1.39168334007, 1.88477277756], [0.318729281425, 0.644529104233, 0.862829625607, 1.1141654253, 1.88477277756, 2.63823127747]]
    }
},
"rhythm": {
    "beats_loudness": {
        "kurt": 6.15912342072,
        "max": 0.0160121135414,
        "mean": 0.00263093365356,
        "median": 0.00169698684476,
        "min": 1.88514040929e-05,
        "skew": 2.34652209282,
        "var": 9.9305589174e-06
    },
    "bpm": 128.906814575,
    "confidence": 0.446908712387,
    "first_peak_bpm": {
        "kurt": 0,
        "max": 129,
        "mean": 129,
        "median": 129,
        "min": 129,
        "skew": 0,
        "var": 0
    },
    "first_peak_spread": {
        "kurt": 0,
        "max": 0.190476179123,
        "mean": 0.190476179123,
        "median": 0.190476179123,
        "min": 0.190476179123,
        "skew": 0,
        "var": 0
    },
    "first_peak_weight": {
        "kurt": 0,
        "max": 0.32075470686,
        "mean": 0.32075470686,
        "median": 0.32075470686,
        "min": 0.32075470686,
        "skew": 0,
        "var": 0
    },
    "onset_rate": 2.23337960243,
    "second_peak_bpm": {
        "kurt": 0,
        "max": 123,
        "mean": 123,
        "median": 123,
        "min": 123,
        "skew": 0,
        "var": 0
    },
    "second_peak_spread": {
        "kurt": 0,
        "max": 0.166666686535,
        "mean": 0.166666686535,
        "median": 0.166666686535,
        "min": 0.166666686535,
        "skew": 0,
        "var": 0
    },
    "second_peak_weight": {
        "kurt": 0,
        "max": 0.188679248095,
        "mean": 0.188679248095,
        "median": 0.188679248095,
        "min": 0.188679248095,
        "skew": 0,
        "var": 0
    },
    "beats_loudness_band_ratio": {
        "kurt": [4.43822288513, 9.47391319275, 9.67388057709, 10.5719966888, 2.22690582275, 0.0991134643555],
        "max": [0.739938318729, 0.626074671745, 0.292851597071, 0.221879541874, 0.301309108734, 0.986677110195],
        "mean": [0.100446641445, 0.0673393756151, 0.0332512594759, 0.0298074614257, 0.0884708538651, 0.694789409637],
        "median": [0.0236275773495, 0.017942328006, 0.00656611379236, 0.0160306338221, 0.0711631625891, 0.848501324654],
        "min": [0.0021768999286, 0.00211579003371, 0.000587202666793, 0.000911653100047, 0.00607194751501, 0.0112894931808],
        "skew": [2.2716896534, 2.93331956863, 2.98071193695, 2.9586660862, 1.37554740906, -1.29707300663],
        "var": [0.0281864311546, 0.0132394218817, 0.00327432760969, 0.0014419152867, 0.00393727049232, 0.104781381786],
        "cov": [[0.028718251735, 0.0123820845038, 0.00448235822842, 0.00324453250505, 0.00241147493944, -0.0484589412808], [0.0123820845038, 0.0134892230853, 0.00319318193942, 0.00210665538907, 0.00153687212151, -0.0308655947447], [0.00448235822842, 0.00319318193942, 0.00333610735834, 0.00153830391355, 0.00116831075866, -0.0130443945527], [0.00324453250505, 0.00210665538907, 0.00153830391355, 0.00146912119817, 0.00139892578591, -0.00942813325673], [0.00241147493944, 0.00153687212151, 0.00116831075866, 0.00139892578591, 0.0040115583688, -0.0103610707447], [-0.0484589412808, -0.0308655947447, -0.0130443945527, -0.00942813325673, -0.0103610707447, 0.106758385897]]
    },
    "beats_position": [0.417959183455, 0.882358253002, 1.30031740665, 1.74149656296, 2.15945577621, 2.57741498947, 3.04181408882, 3.48299312592, 3.9125623703, 4.34213161469, 4.76009082794, 5.18965959549, 5.61922883987, 6.06040811539, 6.5015873909, 6.91954612732, 7.33750534058, 7.8251247406, 8.3011341095, 8.78875255585, 9.27637195587, 9.77560043335, 10.2399997711, 10.6811790466, 11.1571884155, 11.6099767685, 12.0743761063, 12.5619955063, 13.0728340149, 13.5372333527, 14.0016326904, 14.4892511368, 14.9884805679, 15.4644899368, 15.9288883209, 16.3932876587, 16.904127121, 17.4149665833, 17.9490242004, 18.4134235382, 18.877822876, 19.3422222137, 19.8066215515, 20.2942390442, 20.8050785065, 21.2926979065, 21.7803173065, 22.2679367065, 22.7323360443, 23.1967334747, 23.6611328125, 24.1255321503, 24.589931488, 25.0775508881],
    "bpm_estimates": [129.19921875, 129.19921875, 126.047935486, 129.199157715, 126.047935486, 132.512237549, 129.199157715, 129.199157715, 129.199157715, 126.047935486, 129.199417114, 129.199157715, 129.199157715, 129.199157715, 129.199157715, 129.199157715, 129.199157715, 129.199676514, 129.199157715, 129.199157715, 129.199157715],
    "bpm_intervals": [0.464399069548, 0.417959153652, 0.441179156303, 0.417959213257, 0.417959213257, 0.46439909935, 0.441179037094, 0.429569244385, 0.429569244385, 0.417959213257, 0.429568767548, 0.429569244385, 0.441179275513, 0.441179275513, 0.41795873642, 0.417959213257, 0.487619400024, 0.476009368896, 0.48761844635, 0.487619400024, 0.499228477478, 0.464399337769, 0.441179275513, 0.476009368896, 0.452788352966, 0.464399337769, 0.487619400024, 0.510838508606, 0.464399337769, 0.464399337769, 0.48761844635, 0.499229431152, 0.476009368896, 0.464398384094, 0.464399337769, 0.51083946228, 0.51083946228, 0.534057617188, 0.464399337769, 0.464399337769, 0.464399337769, 0.464399337769, 0.487617492676, 0.51083946228, 0.487619400024, 0.487619400024, 0.487619400024, 0.464399337769, 0.46439743042, 0.464399337769, 0.464399337769, 0.464399337769, 0.487619400024],
    "onset_times": [0.0580498874187, 0.371519267559, 2.42648530006, 2.93732428551, 3.06503391266, 4.53950119019, 4.76009082794, 4.841360569, 5.58439922333, 5.88625860214, 6.3622674942, 6.6989569664, 6.78022670746, 6.8963265419, 7.55809545517, 7.59292507172, 9.11383247375, 9.31120204926, 9.57823085785, 9.682721138, 9.79882049561, 9.92653083801, 10.3909301758, 10.5534696579, 10.5882997513, 10.7392292023, 11.0062589645, 11.749297142, 12.6200456619, 12.8638544083, 13.0147848129, 13.1657142639, 13.3630838394, 13.5140132904, 13.9784126282, 14.7911109924, 15.8360090256, 16.9157371521, 17.0666675568, 17.2640361786, 17.5078449249, 17.9722442627, 18.2044448853, 18.668844223, 19.1680717468, 19.5512008667, 19.7834014893, 19.9343318939, 20.45677948, 20.4916095734, 21.2346477509, 21.3507480621, 21.3855781555, 22.6046257019, 23.3592739105, 23.9862136841, 25.251701355],
    "histogram": [[0, 0, 0, 0, 0, 0, 0, 0, 0, 0, 0, 0, 0, 0, 0, 0, 0, 0, 0, 0, 0, 0, 0, 0, 0, 0, 0, 0, 0, 0, 0, 0, 0, 0, 0, 0, 0, 0, 0, 0, 0, 0, 0, 0, 0, 0, 0, 0, 0, 0, 0, 0, 0, 0, 0, 0, 0, 0, 0, 0, 0, 0, 0, 0, 0, 0, 0, 0, 0, 0, 0, 0, 0, 0, 0, 0, 0, 0, 0, 0, 0, 0, 0, 0, 0, 0, 0, 0, 0, 0, 0, 0, 0, 0, 0, 0, 0, 0, 0, 0, 0, 0, 0, 0, 0, 0, 0, 0, 0, 0, 0, 0, 0.0188679248095, 0, 0, 0, 0, 0.0754716992378, 0, 0, 0.0377358496189, 0, 0, 0.188679248095, 0, 0, 0.0566037744284, 0, 0, 0.32075470686, 0, 0, 0, 0.0188679248095, 0, 0, 0.0943396240473, 0, 0, 0, 0.0754716992378, 0, 0, 0, 0.113207548857, 0, 0, 0, 0, 0, 0, 0, 0, 0, 0, 0, 0, 0, 0, 0, 0, 0, 0, 0, 0, 0, 0, 0, 0, 0, 0, 0, 0, 0, 0, 0, 0, 0, 0, 0, 0, 0, 0, 0, 0, 0, 0, 0, 0, 0, 0, 0, 0, 0, 0, 0, 0, 0, 0, 0, 0, 0, 0, 0, 0, 0, 0, 0, 0, 0, 0, 0, 0, 0, 0, 0, 0, 0, 0, 0, 0, 0, 0, 0, 0, 0, 0, 0, 0, 0, 0, 0, 0, 0, 0, 0, 0, 0, 0, 0, 0, 0, 0, 0, 0, 0, 0, 0, 0, 0]]
},
"sfx": {
    "inharmonicity": {
        "kurt": 3.89269590378,
        "max": 0.442670553923,
        "mean": 0.0602752640843,
        "median": 0.0445469841361,
        "min": 0,
        "skew": 1.7375112772,
        "var": 0.00469392538071
    },
    "oddtoevenharmonicenergyratio": {
        "kurt": 670.000366211,
        "max": 4860.97021484,
        "mean": 12.8131475449,
        "median": 0.282980769873,
        "min": 0,
        "skew": 24.8203411102,
        "var": 28225.6425781
    },
    "pitch_after_max_to_before_max_energy_ratio": 3.60097837448,
    "pitch_centroid": 586.496704102,
    "pitch_max_to_total": 0.263396918774,
    "pitch_min_to_total": 0.336058139801,
    "tristimulus": {
        "kurt": [-1.31556177139, -1.78662180901, 0.580441474915],
        "max": [1, 0.989371299744, 0.924637258053],
        "mean": [0.403734892607, 0.461273938417, 0.134991139174],
        "median": [0.196173429489, 0.359811127186, 0],
        "min": [0, 0, 0],
        "skew": [0.716479659081, 0.0393762588501, 1.46092998981],
        "var": [0.160951152444, 0.160341307521, 0.0599937811494],
