{
"metadata": {
    "version": {
        "essentia": "2.1-beta3"
    }
},
"lowLevel": {
    "average_loudness": 0.123977765441,
    "barkbands_kurtosis": {
        "kurt": 12.4788599014,
        "max": 22.5116138458,
        "mean": 0.153883099556,
        "median": -1.03155601025,
        "min": -1.88660669327,
        "skew": 2.90731287003,
        "var": 7.83303117752
    },
    "barkbands_skewness": {
        "kurt": 0.595407962799,
        "max": 3.71740794182,
        "mean": 0.619864344597,
        "median": 0.475674986839,
        "min": -4.53276777267,
        "skew": -0.143186241388,
        "var": 1.28616297245
    },
    "barkbands_spread": {
        "kurt": -0.685130119324,
        "max": 62.5645980835,
        "mean": 39.9647979736,
        "median": 41.44556427,
        "min": 4.76530599594,
        "skew": -0.449140071869,
        "var": 152.947601318
    },
    "dissonance": {
        "kurt": 6.23093986511,
        "max": 0.500000059605,
        "mean": 0.480875015259,
        "median": 0.488541245461,
        "min": 0.351785540581,
        "skew": -2.41281938553,
        "var": 0.000497778702993
    },
    "hfc": {
        "kurt": 97.5702590942,
        "max": 129.32359314,
        "mean": 2.16340947151,
        "median": 0.32875174284,
        "min": 2.52842198734e-07,
        "skew": 8.67085552216,
        "var": 62.6149368286
    },
    "pitch": {
        "kurt": -0.724910020828,
        "max": 4997.08398438,
        "mean": 2864.9621582,
        "median": 3688.44799805,
        "min": 94.9014892578,
        "skew": -1.03171288967,
        "var": 2140626.25
    },
    "pitch_instantaneous_confidence": {
        "kurt": -0.662024974823,
        "max": 0.917208194733,
        "mean": 0.390221595764,
        "median": 0.393632531166,
        "min": 0.072466135025,
        "skew": 0.137448489666,
        "var": 0.018886398524
    },
    "pitch_salience": {
        "kurt": 1.05466032028,
        "max": 0.876961827278,
        "mean": 0.702041983604,
        "median": 0.708472669125,
        "min": 0.421119302511,
        "skew": -0.764375329018,
        "var": 0.0050425119698
    },
    "silence_rate_20dB": {
        "kurt": 0,
        "max": 1,
        "mean": 1,
        "median": 1,
        "min": 1,
        "skew": 0,
        "var": 0
    },
    "silence_rate_30dB": {
        "kurt": 0,
        "max": 1,
        "mean": 1,
        "median": 1,
        "min": 1,
        "skew": 0,
        "var": 0
    },
    "silence_rate_60dB": {
        "kurt": 2.71333885193,
        "max": 1,
        "mean": 0.867744982243,
        "median": 1,
        "min": 0,
        "skew": -2.17106056213,
        "var": 0.114765368402
    },
    "spectral_centroid": {
        "kurt": -0.260069131851,
        "max": 3651.17773438,
        "mean": 1459.75317383,
        "median": 1376.71679688,
        "min": 329.916748047,
        "skew": 0.711672365665,
        "var": 583628.625
    },
    "spectral_complexity": {
        "kurt": 38.214099884,
        "max": 70,
        "mean": 2.67269277573,
        "median": 1,
        "min": 0,
        "skew": 5.48955821991,
        "var": 45.0445098877
    },
    "spectral_crest": {
        "kurt": 0.0887424945831,
        "max": 23.1816139221,
        "mean": 7.93684864044,
        "median": 7.28607130051,
        "min": 2.79754400253,
        "skew": 0.813569009304,
        "var": 10.6414279938
    },
    "spectral_decrease": {
        "kurt": 37.2004623413,
        "max": -1.58344785837e-17,
        "mean": -3.42820688504e-10,
        "median": -6.30614796493e-11,
        "min": -9.53285539396e-09,
        "skew": -5.18876552582,
        "var": 6.60586075293e-19
    },
    "spectral_energy": {
        "kurt": 46.5031929016,
        "max": 0.0477092340589,
        "mean": 0.00149011146277,
        "median": 0.00027264203527,
        "min": 8.26965995682e-11,
        "skew": 5.80204868317,
        "var": 1.4006695892e-05
    },
    "spectral_energyband_high": {
        "kurt": 137.925201416,
        "max": 0.0079087279737,
        "mean": 0.000112292414997,
        "median": 1.82457115443e-05,
        "min": 3.66800652352e-11,
        "skew": 10.1796760559,
        "var": 1.87530758922e-07
    },
    "spectral_energyband_low": {
        "kurt": 12.7267532349,
        "max": 0.00483615603298,
        "mean": 0.000291398988338,
        "median": 5.2761308325e-05,
        "min": 8.26497377482e-12,
        "skew": 3.3098628521,
        "var": 3.48375323256e-07
    },
    "spectral_energyband_middle_high": {
        "kurt": 80.9067459106,
        "max": 0.0296777430922,
        "mean": 0.000557238294277,
        "median": 6.87459832989e-05,
        "min": 1.94311563367e-11,
        "skew": 8.15476608276,
        "var": 4.29906231147e-06
    },
    "spectral_energyband_middle_low": {
        "kurt": 13.7166557312,
        "max": 0.0094943633303,
        "mean": 0.000619046331849,
        "median": 0.000123593767057,
        "min": 2.14107134799e-11,
        "skew": 3.38116455078,
        "var": 1.54875101543e-06
    },
    "spectral_flatness_db": {
        "kurt": 0.0178134441376,
        "max": 0.248704880476,
        "mean": 0.148833364248,
        "median": 0.151672512293,
        "min": 0.0452130809426,
        "skew": -0.310776561499,
        "var": 0.00115662813187
    },
    "spectral_flux": {
        "kurt": 3.47198057175,
        "max": 0.158344328403,
        "mean": 0.02605994232,
        "median": 0.0176273267716,
        "min": 2.41167672357e-05,
        "skew": 1.68767166138,
        "var": 0.000635499774944
    },
    "spectral_kurtosis": {
        "kurt": 6.54299926758,
        "max": 11.9710741043,
        "mean": 2.89765405655,
        "median": 2.63835144043,
        "min": -0.0219638347626,
        "skew": 1.92029225826,
        "var": 1.49626159668
    },
    "spectral_rms": {
        "kurt": 7.37264251709,
        "max": 0.00682243332267,
        "mean": 0.000815655395854,
        "median": 0.000515744381119,
        "min": 2.84041561827e-07,
        "skew": 2.36687040329,
        "var": 7.88475517766e-07
    },
    "spectral_rolloff": {
        "kurt": -0.342235565186,
        "max": 5620.16601562,
        "mean": 3017.82592773,
        "median": 3466.84570312,
        "min": 215.33203125,
        "skew": -0.670899152756,
        "var": 1947403
    },
    "spectral_skewness": {
        "kurt": -0.54302740097,
        "max": 2.04599404335,
        "mean": 1.24159383774,
        "median": 1.22222518921,
        "min": 0.583096027374,
        "skew": 0.0738847181201,
        "var": 0.0582219138741
    },
    "spectral_spread": {
        "kurt": 8.29197597504,
        "max": 17687904,
        "mean": 5477829,
        "median": 5080222.5,
        "min": 2106772,
        "skew": 2.50511908531,
        "var": 2.1445893161e+12
    },
    "spectral_strongpeak": {
        "kurt": 328.253967285,
        "max": 4.5653553009,
        "mean": 0.0645891055465,
        "median": 0.0318898223341,
        "min": 3.41557642969e-06,
        "skew": 15.691324234,
        "var": 0.035859271884
    },
    "zerocrossingrate": {
        "kurt": 10.3938846588,
        "max": 0.39892578125,
        "mean": 0.0983958765864,
        "median": 0.09130859375,
        "min": 0.044921875,
        "skew": 1.98108351231,
        "var": 0.000904152810108
    },
    "barkbands": {
        "kurt": [7.6903591156, 11.7823038101, 12.6996068954, 19.6345977783, 10.8413915634, 47.9148902893, 70.4979476929, 125.253997803, 106.392868042, 128.796035767, 283.077728271, 50.5751228333, 181.412506104, 397.709747314, 234.806732178, 342.440795898, 74.3961181641, 115.925445557, 414.885925293, 93.091217041, 224.592544556, 121.801002502, 153.519271851, 111.819900513, 34.8875045776, 158.864273071, 159.685424805],
        "max": [1.24028520077e-06, 0.000750441104174, 0.00234915944748, 0.00386512908153, 0.00471284566447, 0.00192934623919, 0.000933922477998, 0.000665156985633, 0.000420993106673, 0.000927384069655, 0.00184041657485, 0.00163856905419, 0.0025922942441, 0.00420994265005, 0.00207128282636, 0.00231162249111, 0.00242802174762, 0.0106839966029, 0.0181887131184, 0.00457285437733, 0.00594444014132, 0.00105615111534, 0.000198312161956, 8.01346031949e-05, 7.22728655091e-05, 1.20136803616e-06, 1.80401631411e-08],
        "mean": [1.27751789591e-07, 5.88882394368e-05, 0.000146365840919, 0.000174122673343, 0.000351411988959, 5.70539195905e-05, 1.82164967555e-05, 8.15511884866e-06, 7.16054546501e-06, 1.54213539645e-05, 2.0767107344e-05, 3.98836273234e-05, 3.35763324983e-05, 2.8097163522e-05, 1.96822729777e-05, 1.9113507733e-05, 4.81141833006e-05, 0.000145639744005, 0.000137530572829, 7.82954011811e-05, 6.14858363406e-05, 1.56706646521e-05, 2.07176344702e-06, 1.18189518616e-06, 2.06549043469e-06, 1.32452226964e-08, 1.64231281352e-10],
        "median": [3.19173913965e-08, 1.66232948686e-05, 1.94132971956e-05, 2.6137840905e-05, 6.73778922646e-05, 9.2380132628e-06, 1.22845472106e-06, 7.33255603791e-07, 6.15188298525e-07, 2.00252065952e-06, 2.28547128245e-06, 2.12674649447e-06, 2.02857063414e-06, 1.70730527316e-06, 1.15994839689e-06, 2.62096637016e-06, 4.73856107419e-06, 1.07286141429e-05, 1.79536309588e-05, 1.73291864485e-05, 7.48204456613e-06, 1.63240042639e-06, 1.71446146169e-07, 7.55689697485e-08, 7.29347675588e-08, 1.00210295617e-09, 1.173325586e-11],
        "min": [2.13136528825e-15, 1.53731953383e-12, 4.02755519907e-12, 5.15718414154e-12, 5.62904280479e-12, 2.65977040739e-12, 2.62254519316e-12, 1.18030216677e-12, 3.38904425357e-12, 1.23757807387e-12, 3.88780506269e-13, 8.20623462846e-13, 1.67608526884e-12, 2.8641607315e-12, 2.7606938003e-12, 2.35941453007e-12, 1.62564146172e-12, 1.91092692885e-12, 2.95070044787e-12, 5.58534555412e-12, 1.33790131751e-11, 1.54188797147e-11, 1.3407356822e-12, 8.01664182086e-13, 1.03494881935e-12, 1.6585155829e-13, 7.59221312663e-14],
        "skew": [2.65869212151, 3.24386096001, 3.36564278603, 3.86826515198, 3.09682202339, 6.15850687027, 7.49656581879, 9.93455886841, 9.17721366882, 9.4553527832, 14.0520877838, 6.07113075256, 10.8685693741, 17.8043308258, 13.1730470657, 15.9729595184, 7.89564180374, 9.85436153412, 17.6379165649, 8.47523403168, 12.9999094009, 9.62382507324, 11.3005752563, 9.41428279877, 5.34914016724, 11.5917348862, 11.9280481339],
        "var": [4.643633839e-14, 1.21083445492e-08, 9.87374235706e-08, 1.45100742088e-07, 4.63488788682e-07, 2.66900173074e-08, 4.57319693226e-09, 1.40302014451e-09, 7.01114111212e-10, 2.53343634959e-09, 6.22797635685e-09, 1.56752228975e-08, 1.55823389747e-08, 2.79041252327e-08, 8.95642848775e-09, 8.93556606485e-09, 3.55871634383e-08, 4.93485117659e-07, 4.97309940783e-07, 8.08775482142e-08, 7.75089858962e-08, 3.75067710223e-09, 1.22475682374e-10, 2.46484447436e-11, 4.41481434743e-11, 5.07222429409e-15, 1.10421063753e-18],
        "cov": [[4.64805636742e-14, 1.75552575948e-11, 3.87787545131e-11, 5.02637688415e-11, 1.00347459508e-10, 1.27849814069e-11, 4.78908145779e-12, 1.95676873142e-12, 1.5844966398e-12, 3.00630917729e-12, 3.12772464178e-12, 7.2669804202e-12, 7.6656216097e-12, 6.46427269352e-12, 4.73601496562e-12, 4.35457095729e-12, 1.41689923683e-11, 3.88910986748e-11, 3.51291669365e-11, 2.11132153427e-11, 1.49163442015e-11, 3.78800680059e-12, 4.90158044361e-13, 3.12594758021e-13, 4.98727144652e-13, 3.68106627536e-15, 4.71532157516e-17], [1.75552575948e-11, 1.21198757697e-08, 2.91597643809e-08, 3.24080176028e-08, 5.86255417545e-08, 6.76967815139e-09, 1.95160754224e-09, 6.92836510385e-10, 6.93413271247e-10, 1.48414036616e-09, 2.3349404632e-09, 6.01174621195e-09, 4.37885105953e-09, 3.52594908826e-09, 2.24651386382e-09, 1.98732363899e-09, 6.90101842338e-09, 1.99652525623e-08, 1.51942991522e-08, 6.51555609466e-09, 7.63079999189e-09, 1.91200189015e-09, 2.05075290083e-10, 1.49491738433e-10, 3.72897962508e-10, 1.26202401394e-12, 6.86226452724e-15], [3.87787545131e-11, 2.91597643809e-08, 9.88314567962e-08, 9.70111457832e-08, 1.67400372675e-07, 2.67518149855e-08, 9.75009850634e-09, 4.60653604151e-09, 3.72767949841e-09, 7.62574270396e-09, 1.12412799069e-08, 2.42379307736e-08, 1.89741893308e-08, 1.57054049765e-08, 1.04446504778e-08, 1.07762785362e-08, 3.01153555426e-08, 9.96105100626e-08, 6.98204729588e-08, 3.17397912397e-08, 3.49841862146e-08, 8.89057982789e-09, 1.16566423181e-09, 7.00952240695e-10, 1.44040868122e-09, 6.93629832391e-12, 5.48689715082e-14], [5.02637688415e-11, 3.24080176028e-08, 9.70111457832e-08, 1.4523894265e-07, 2.24794931114e-07, 4.1283335861e-08, 1.44127332291e-08, 8.1513560346e-09, 6.22847817766e-09, 1.13902114407e-08, 1.48063312722e-08, 2.26798899661e-08, 2.7462013108e-08, 2.13105231239e-08, 1.77625896214e-08, 1.78942745066e-08, 4.54320634447e-08, 1.62748108323e-07, 1.34568921339e-07, 5.78931711459e-08, 6.51715978961e-08, 1.51557735251e-08, 2.14614948035e-09, 1.20183274444e-09, 1.557904028e-09, 1.35797258854e-11, 1.64340099146e-13], [1.00347459508e-10, 5.86255417545e-08, 1.67400372675e-07, 2.24794931114e-07, 4.63930206251e-07, 8.32884694546e-08, 2.6675529341e-08, 1.23943166841e-08, 9.94588766901e-09, 1.87602307022e-08, 2.50697560489e-08, 4.6510574947e-08, 4.92045089118e-08, 4.24168540292e-08, 2.95219209079e-08, 2.76109588526e-08, 7.81422642149e-08, 2.43060839011e-07, 2.17826666926e-07, 1.00207493858e-07, 1.06433972746e-07, 2.6266016917e-08, 4.02010469358e-09, 2.01859284843e-09, 2.78758061079e-09, 2.22260473914e-11, 3.03312849012e-13], [1.27849814069e-11, 6.76967815139e-09, 2.67518149855e-08, 4.1283335861e-08, 8.32884694546e-08, 2.67154369737e-08, 8.39486435922e-09, 4.24469837057e-09, 3.21263349257e-09, 5.51268275473e-09, 7.55285345377e-09, 1.13899183418e-08, 1.36064839396e-08, 1.56572355081e-08, 1.01643937711e-08, 9.59578461135e-09, 2.30615135877e-08, 8.22162107283e-08, 7.17019119634e-08, 2.99400255699e-08, 3.48780773152e-08, 8.32634317049e-09, 1.25249588478e-09, 6.53769982595e-10, 6.33227081881e-10, 8.15084198053e-12, 1.19934539188e-13], [4.78908145779e-12, 1.95160754224e-09, 9.75009850634e-09, 1.44127332291e-08, 2.6675529341e-08, 8.39486435922e-09, 4.57755211514e-09, 1.72951652999e-09, 1.2594826293e-09, 2.05918326834e-09, 2.49801557217e-09, 4.72721906064e-09, 5.22455190222e-09, 6.0400604518e-09, 4.97471042138e-09, 3.98912725075e-09, 8.23753776302e-09, 3.1578444748e-08, 3.59966740859e-08, 1.34663782347e-08, 1.46201637463e-08, 3.25610960417e-09, 4.12528872173e-10, 2.69393674035e-10, 2.77464301535e-10, 3.4481994083e-12, 4.73896095976e-14], [1.95676873142e-12, 6.92836510385e-10, 4.60653604151e-09, 8.1513560346e-09, 1.23943166841e-08, 4.24469837057e-09, 1.72951652999e-09, 1.40435640894e-09, 8.58799142911e-10, 1.17542275913e-09, 1.31979061013e-09, 2.11723327759e-09, 2.44492559531e-09, 3.16195225558e-09, 1.81319081971e-09, 2.36994956992e-09, 5.09949371619e-09, 1.9776857485e-08, 1.3549025013e-08, 7.73780417518e-09, 7.12137593339e-09, 1.6357021293e-09, 2.3724031073e-10, 1.34742231261e-10, 1.09482936606e-10, 1.5384123012e-12, 2.35425929782e-14], [1.5844966398e-12, 6.93413271247e-10, 3.72767949841e-09, 6.22847817766e-09, 9.94588766901e-09, 3.21263349257e-09, 1.2594826293e-09, 8.58799142911e-10, 7.01781799339e-10, 8.07101774303e-10, 9.63243929064e-10, 1.60527324766e-09, 1.69950686857e-09, 1.9984187638e-09, 1.33063382535e-09, 1.82332049459e-09, 3.57283069796e-09, 1.48735370686e-08, 9.41154265632e-09, 5.30861843373e-09, 5.47128387041e-09, 1.24374599508e-09, 1.62588151276e-10, 1.02184170847e-10, 8.6569584834e-11, 1.17060831514e-12, 1.82429094211e-14], [3.00630917729e-12, 1.48414036616e-09, 7.62574270396e-09, 1.13902114407e-08, 1.87602307022e-08, 5.51268275473e-09, 2.05918326834e-09, 1.17542275913e-09, 8.07101774303e-10, 2.53584930832e-09, 3.07055891824e-09, 2.88751578204e-09, 4.80639394951e-09, 4.38858371865e-09, 2.6789197527e-09, 2.92506574517e-09, 7.0577552691e-09, 2.30080789976e-08, 1.77944610158e-08, 8.96841445552e-09, 7.24281923326e-09, 1.94536431408e-09, 3.51703249857e-10, 1.56174628785e-10, 1.92337312743e-10, 1.98637504015e-12, 2.34747761323e-14], [3.12772464178e-12, 2.3349404632e-09, 1.12412799069e-08, 1.48063312722e-08, 2.50697560489e-08, 7.55285345377e-09, 2.49801557217e-09, 1.31979061013e-09, 9.63243929064e-10, 3.07055891824e-09, 6.23390805643e-09, 5.75030023597e-09, 8.06769584472e-09, 9.04626684672e-09, 4.35737623761e-09, 3.6906817602e-09, 1.08977236124e-08, 3.48365212233e-08, 2.34701822421e-08, 8.97247076637e-09, 9.64198232367e-09, 2.68215938348e-09, 4.93494578535e-10, 2.06711439632e-10, 3.17046638942e-10, 2.73032139432e-12, 2.45284969771e-14], [7.2669804202e-12, 6.01174621195e-09, 2.42379307736e-08, 2.26798899661e-08, 4.6510574947e-08, 1.13899183418e-08, 4.72721906064e-09, 2.11723327759e-09, 1.60527324766e-09, 2.88751578204e-09, 5.75030023597e-09, 1.56901514003e-08, 8.48141024079e-09, 1.23393331108e-08, 5.7820805921e-09, 4.45749792632e-09, 1.35183526595e-08, 4.54471802414e-08, 3.22396296326e-08, 1.25153540864e-08, 1.57469202122e-08, 4.20514378874e-09, 4.54796672544e-10, 3.19339166222e-10, 5.92329241211e-10, 3.37569121961e-12, 4.02519915999e-14], [7.6656216097e-12, 4.37885105953e-09, 1.89741893308e-08, 2.7462013108e-08, 4.92045089118e-08, 1.36064839396e-08, 5.22455190222e-09, 2.44492559531e-09, 1.69950686857e-09, 4.80639394951e-09, 8.06769584472e-09, 8.48141024079e-09, 1.55971786597e-08, 1.1663546573e-08, 8.67321148235e-09, 6.09941031016e-09, 1.69486060742e-08, 5.48297158787e-08, 5.80168268982e-08, 1.83058883607e-08, 2.15973958717e-08, 5.51939383087e-09, 9.32656840646e-10, 4.36625374745e-10, 5.56871715407e-10, 5.80760222899e-12, 6.38171021019e-14], [6.46427269352e-12, 3.52594908826e-09, 1.57054049765e-08, 2.13105231239e-08, 4.24168540292e-08, 1.56572355081e-08, 6.0400604518e-09, 3.16195225558e-09, 1.9984187638e-09, 4.38858371865e-09, 9.04626684672e-09, 1.23393331108e-08, 1.1663546573e-08, 2.7930699531e-08, 1.00297272709e-08, 8.01130273231e-09, 2.16770548178e-08, 7.19398869364e-08, 5.53157946115e-08, 1.91740543443e-08, 2.20091589398e-08, 5.71261615789e-09, 7.86385456752e-10, 4.25421725625e-10, 5.38538158512e-10, 5.76093643276e-12, 6.77742570724e-14], [4.73601496562e-12, 2.24651386382e-09, 1.04446504778e-08, 1.77625896214e-08, 2.95219209079e-08, 1.01643937711e-08, 4.97471042138e-09, 1.81319081971e-09, 1.33063382535e-09, 2.6789197527e-09, 4.35737623761e-09, 5.7820805921e-09, 8.67321148235e-09, 1.00297272709e-08, 8.96495855329e-09, 4.73886041519e-09, 1.10669171605e-08, 4.34944809058e-08, 6.08563013316e-08, 1.53538728398e-08, 2.12297894819e-08, 4.64839411407e-09, 6.15052286879e-10, 3.61783797365e-10, 3.67721381123e-10, 5.18437289626e-12, 5.82606879407e-14], [4.35457095729e-12, 1.98732363899e-09, 1.07762785362e-08, 1.78942745066e-08, 2.76109588526e-08, 9.59578461135e-09, 3.98912725075e-09, 2.36994956992e-09, 1.82332049459e-09, 2.92506574517e-09, 3.6906817602e-09, 4.45749792632e-09, 6.09941031016e-09, 8.01130273231e-09, 4.73886041519e-09, 8.94407570229e-09, 1.07828377338e-08, 5.2511325066e-08, 2.9994595252e-08, 1.86074426978e-08, 1.54889026049e-08, 3.72546482552e-09, 5.78712577859e-10, 2.76407952082e-10, 2.59062493679e-10, 3.42221476851e-12, 4.665373109e-14], [1.41689923683e-11, 6.90101842338e-09, 3.01153555426e-08, 4.54320634447e-08, 7.81422642149e-08, 2.30615135877e-08, 8.23753776302e-09, 5.09949371619e-09, 3.57283069796e-09, 7.0577552691e-09, 1.08977236124e-08, 1.35183526595e-08, 1.69486060742e-08, 2.16770548178e-08, 1.10669171605e-08, 1.07828377338e-08, 3.56210563268e-08, 1.08482794303e-07, 7.71963186708e-08, 4.07950793146e-08, 3.62845149482e-08, 9.30817556366e-09, 1.38027245189e-09, 7.60188634263e-10, 8.28171808909e-10, 1.01346769518e-11, 1.28288682845e-13], [3.88910986748e-11, 1.99652525623e-08, 9.96105100626e-08, 1.62748108323e-07, 2.43060839011e-07, 8.22162107283e-08, 3.1578444748e-08, 1.9776857485e-08, 1.48735370686e-08, 2.30080789976e-08, 3.48365212233e-08, 4.54471802414e-08, 5.48297158787e-08, 7.19398869364e-08, 4.34944809058e-08, 5.2511325066e-08, 1.08482794303e-07, 4.93955099046e-07, 2.97704389141e-07, 1.45305264709e-07, 1.54917799478e-07, 3.53087088456e-08, 4.8200501368e-09, 2.70745914577e-09, 2.68111155499e-09, 3.77997494416e-11, 4.43939183374e-13], [3.51291669365e-11, 1.51942991522e-08, 6.98204729588e-08, 1.34568921339e-07, 2.17826666926e-07, 7.17019119634e-08, 3.59966740859e-08, 1.3549025013e-08, 9.41154265632e-09, 1.77944610158e-08, 2.34701822421e-08, 3.22396296326e-08, 5.80168268982e-08, 5.53157946115e-08, 6.08563013316e-08, 2.9994595252e-08, 7.71963186708e-08, 2.97704389141e-07, 4.97783560149e-07, 1.23247588135e-07, 1.67971990095e-07, 3.50985445152e-08, 4.589966629e-09, 2.76902878404e-09, 2.53555265672e-09, 3.95713253831e-11, 4.5153288118e-13], [2.11132153427e-11, 6.51555609466e-09, 3.17397912397e-08, 5.78931711459e-08, 1.00207493858e-07, 2.99400255699e-08, 1.34663782347e-08, 7.73780417518e-09, 5.30861843373e-09, 8.96841445552e-09, 8.97247076637e-09, 1.25153540864e-08, 1.83058883607e-08, 1.91740543443e-08, 1.53538728398e-08, 1.86074426978e-08, 4.07950793146e-08, 1.45305264709e-07, 1.23247588135e-07, 8.09545781522e-08, 5.46148370972e-08, 1.24944614655e-08, 1.84320148033e-09, 1.01946606712e-09, 8.09858180517e-10, 1.36797517758e-11, 1.80190091363e-13], [1.49163442015e-11, 7.63079999189e-09, 3.49841862146e-08, 6.51715978961e-08, 1.06433972746e-07, 3.48780773152e-08, 1.46201637463e-08, 7.12137593339e-09, 5.47128387041e-09, 7.24281923326e-09, 9.64198232367e-09, 1.57469202122e-08, 2.15973958717e-08, 2.20091589398e-08, 2.12297894819e-08, 1.54889026049e-08, 3.62845149482e-08, 1.54917799478e-07, 1.67971990095e-07, 5.46148370972e-08, 7.7582804181e-08, 1.59332387284e-08, 1.97572647131e-09, 1.23717969203e-09, 1.07293507412e-09, 1.62597522252e-11, 2.13215363876e-13], [3.78800680059e-12, 1.91200189015e-09, 8.89057982789e-09, 1.51557735251e-08, 2.6266016917e-08, 8.32634317049e-09, 3.25610960417e-09, 1.6357021293e-09, 1.24374599508e-09, 1.94536431408e-09, 2.68215938348e-09, 4.20514378874e-09, 5.51939383087e-09, 5.71261615789e-09, 4.64839411407e-09, 3.72546482552e-09, 9.30817556366e-09, 3.53087088456e-08, 3.50985445152e-08, 1.24944614655e-08, 1.59332387284e-08, 3.75424891175e-09, 4.91540530501e-10, 2.88873702736e-10, 2.75707373598e-10, 3.76823832554e-12, 5.12210784312e-14], [4.90158044361e-13, 2.05075290083e-10, 1.16566423181e-09, 2.14614948035e-09, 4.02010469358e-09, 1.25249588478e-09, 4.12528872173e-10, 2.3724031073e-10, 1.62588151276e-10, 3.51703249857e-10, 4.93494578535e-10, 4.54796672544e-10, 9.32656840646e-10, 7.86385456752e-10, 6.15052286879e-10, 5.78712577859e-10, 1.38027245189e-09, 4.8200501368e-09, 4.589966629e-09, 1.84320148033e-09, 1.97572647131e-09, 4.91540530501e-10, 1.2259232518e-10, 3.9616067371e-11, 3.59059483535e-11, 5.31860796724e-13, 6.47514548287e-15], [3.12594758021e-13, 1.49491738433e-10, 7.00952240695e-10, 1.20183274444e-09, 2.01859284843e-09, 6.53769982595e-10, 2.69393674035e-10, 1.34742231261e-10, 1.02184170847e-10, 1.56174628785e-10, 2.06711439632e-10, 3.19339166222e-10, 4.36625374745e-10, 4.25421725625e-10, 3.61783797365e-10, 2.76407952082e-10, 7.60188634263e-10, 2.70745914577e-09, 2.76902878404e-09, 1.01946606712e-09, 1.23717969203e-09, 2.88873702736e-10, 3.9616067371e-11, 2.46719207564e-11, 2.24086027512e-11, 3.215622484e-13, 4.41328390662e-15], [4.98727144652e-13, 3.72897962508e-10, 1.44040868122e-09, 1.557904028e-09, 2.78758061079e-09, 6.33227081881e-10, 2.77464301535e-10, 1.09482936606e-10, 8.6569584834e-11, 1.92337312743e-10, 3.17046638942e-10, 5.92329241211e-10, 5.56871715407e-10, 5.38538158512e-10, 3.67721381123e-10, 2.59062493679e-10, 8.28171808909e-10, 2.68111155499e-09, 2.53555265672e-09, 8.09858180517e-10, 1.07293507412e-09, 2.75707373598e-10, 3.59059483535e-11, 2.24086027512e-11, 4.41901897019e-11, 2.83917447929e-13, 2.81013111713e-15], [3.68106627536e-15, 1.26202401394e-12, 6.93629832391e-12, 1.35797258854e-11, 2.22260473914e-11, 8.15084198053e-12, 3.4481994083e-12, 1.5384123012e-12, 1.17060831514e-12, 1.98637504015e-12, 2.73032139432e-12, 3.37569121961e-12, 5.80760222899e-12, 5.76093643276e-12, 5.18437289626e-12, 3.42221476851e-12, 1.01346769518e-11, 3.77997494416e-11, 3.95713253831e-11, 1.36797517758e-11, 1.62597522252e-11, 3.76823832554e-12, 5.31860796724e-13, 3.215622484e-13, 2.83917447929e-13, 5.07705492299e-15, 6.08793151787e-17], [4.71532157516e-17, 6.86226452724e-15, 5.48689715082e-14, 1.64340099146e-13, 3.03312849012e-13, 1.19934539188e-13, 4.73896095976e-14, 2.35425929782e-14, 1.82429094211e-14, 2.34747761323e-14, 2.45284969771e-14, 4.02519915999e-14, 6.38171021019e-14, 6.77742570724e-14, 5.82606879407e-14, 4.665373109e-14, 1.28288682845e-13, 4.43939183374e-13, 4.5153288118e-13, 1.80190091363e-13, 2.13215363876e-13, 5.12210784312e-14, 6.47514548287e-15, 4.41328390662e-15, 2.81013111713e-15, 6.08793151787e-17, 1.10526219088e-18]]
    },
    "mfcc": {
        "kurt": [0.456897735596, 2.26873874664, -0.196944952011, 1.24354457855, 0.000267744064331, 0.709573745728, 0.37580370903, 0.141732215881, 0.797257423401, -0.197798967361, -0.134731054306, -0.516841888428, 0.136080026627],
        "max": [-559.340881348, 142.267852783, 11.6077270508, 105.270172119, 39.2892875671, 36.0082778931, 49.8409881592, 16.7272148132, 16.5337944031, 8.86596107483, 19.2325553894, 5.79991149902, 12.027053833],
        "mean": [-865.962158203, 88.7778701782, -22.5995922089, 64.9557800293, 2.79756736755, 7.69501686096, 23.2252864838, -4.78669786453, -5.22118234634, -17.7337245941, -5.57770252228, -8.53136444092, -5.28844165802],
        "median": [-862.714172363, 97.5254440308, -22.7515602112, 71.979888916, 1.73327255249, 7.18546295166, 24.7694358826, -4.514503479, -5.05590248108, -17.7525367737, -5.10254859924, -8.59608459473, -4.91339874268],
        "min": [-1138.42004395, -13.6868782043, -78.2414245605, 8.01086425781e-05, -25.5753688812, -37.8017234802, -7.17958450317, -25.9735145569, -36.126739502, -51.8993682861, -29.3923244476, -31.5543556213, -24.8364315033],
        "skew": [-0.411102324724, -1.67855548859, -0.122346103191, -1.33681929111, 0.206004366279, 0.213631719351, -0.783001124859, -0.229828581214, -0.280732482672, -0.148666217923, -0.108744889498, -0.148817196488, -0.367026746273],
        "var": [14833.5371094, 1072.73071289, 206.949508667, 636.887084961, 114.449317932, 73.8915557861, 108.158699036, 37.4415130615, 38.7821884155, 109.743041992, 59.7683906555, 38.5939407349, 32.337688446],
        "cov": [[14847.6640625, 2840.85888672, -940.140075684, 1355.72668457, -91.005279541, 313.075805664, 488.515045166, -253.479431152, -206.672607422, -888.473937988, 139.702590942, -344.693939209, -233.038269043], [2840.85888672, 1073.75244141, -121.98449707, 570.442382812, -14.8195352554, 89.9750366211, 211.896408081, -44.3273887634, -37.5532722473, -203.254806519, -56.6418495178, -96.9713821411, -54.201625824], [-940.140075684, -121.98449707, 207.146606445, -96.8112411499, 39.648109436, -13.090379715, -25.9605503082, 22.7804603577, 15.796503067, 52.2573013306, -20.5010089874, 15.1801290512, 4.91587209702], [1355.72668457, 570.442382812, -96.8112411499, 637.493652344, 31.0479412079, 57.8171730042, 156.145263672, -17.7550182343, -25.8910198212, -72.9077758789, -87.3240661621, -70.5975952148, -32.2628479004], [-91.005279541, -14.8195352554, 39.648109436, 31.0479412079, 114.558319092, 34.7793655396, 39.4906234741, 0.540714502335, -9.87728786469, -12.3135948181, -3.36074185371, -0.4914470613, -11.7429180145], [313.075805664, 89.9750366211, -13.090379715, 57.8171730042, 34.7793655396, 73.9619293213, 41.9894332886, -6.36507511139, -11.6858873367, -42.7597961426, 1.21760928631, -13.7359485626, -7.2161693573], [488.515045166, 211.896408081, -25.9605503082, 156.145263672, 39.4906234741, 41.9894332886, 108.261703491, -3.0867702961, -14.6819248199, -53.0242233276, -20.3618831635, -18.2561893463, -13.7658987045], [-253.479431152, -44.3273887634, 22.7804603577, -17.7550182343, 0.540714502335, -6.36507511139, -3.0867702961, 37.4771728516, 11.4757013321, 17.1328811646, -1.16109347343, 1.7240344286, 4.64263772964], [-206.672607422, -37.5532722473, 15.796503067, -25.8910198212, -9.87728786469, -11.6858873367, -14.6819248199, 11.4757013321, 38.8191223145, 28.5009365082, 2.74952745438, 2.52749586105, -0.968352854252], [-888.473937988, -203.254806519, 52.2573013306, -72.9077758789, -12.3135948181, -42.7597961426, -53.0242233276, 17.1328811646, 28.5009365082, 109.847557068, -3.10438919067, 19.0151863098, 9.25269699097], [139.702590942, -56.6418495178, -20.5010089874, -87.3240661621, -3.36074185371, 1.21760928631, -20.3618831635, -1.16109347343, 2.74952745438, -3.10438919067, 59.8253135681, 10.0607509613, -4.49654150009], [-344.693939209, -96.9713821411, 15.1801290512, -70.5975952148, -0.4914470613, -13.7359485626, -18.2561893463, 1.7240344286, 2.52749586105, 19.0151863098, 10.0607509613, 38.630695343, 9.53053569794], [-233.038269043, -54.201625824, 4.91587209702, -32.2628479004, -11.7429180145, -7.2161693573, -13.7658987045, 4.64263772964, -0.968352854252, 9.25269699097, -4.49654150009, 9.53053569794, 32.3684844971]]
    },
    "sccoeffs": {
        "kurt": [0.0462114810944, -0.296153783798, 0.511568307877, 0.884966850281, 1.59983062744, 1.90869569778],
        "max": [-0.447476774454, -0.622664570808, -0.670640289783, -0.723033964634, -0.684445261955, -0.662914931774],
        "mean": [-0.726706624031, -0.807221710682, -0.852824747562, -0.855182170868, -0.841350436211, -0.784689724445],
        "median": [-0.729061603546, -0.806410431862, -0.857227563858, -0.85719615221, -0.842218160629, -0.779393434525],
        "min": [-0.918637990952, -0.958737850189, -0.954963862896, -0.965317308903, -0.933075070381, -0.900625765324],
        "skew": [0.159138828516, 0.0680788308382, 0.484647482634, 0.323221772909, 0.166121661663, -1.06426751614],
        "var": [0.00461862422526, 0.00377354910597, 0.00193422485609, 0.00117279461119, 0.00118942512199, 0.00145995721687],
        "cov": [[0.00462302286178, 0.00171563017648, 0.00143425271381, 0.00127816409804, 0.00130377791356, 0.00124326243531], [0.00171563017648, 0.00377714284696, 0.00132371147629, 0.000804789946415, 0.000982999335974, 0.00126268120948], [0.00143425271381, 0.00132371147629, 0.00193606689572, 0.00073719478678, 0.000777374778409, 0.000679092365317], [0.00127816409804, 0.000804789946415, 0.00073719478678, 0.00117391149979, 0.000716701324563, 0.000674663810059], [0.00130377791356, 0.000982999335974, 0.000777374778409, 0.000716701324563, 0.00119055795949, 0.00087888125563], [0.00124326243531, 0.00126268120948, 0.000679092365317, 0.000674663810059, 0.00087888125563, 0.00146134768147]]
    },
    "scvalleys": {
        "kurt": [3.9497461319, 2.38355255127, 2.71793889999, 2.74589014053, 3.6666765213, 1.29133796692],
        "max": [-4.9193572998, -4.86747741699, -5.37487840652, -5.28507232666, -5.32928514481, -7.47539949417],
        "mean": [-7.7099738121, -8.64782714844, -8.68744754791, -8.91116142273, -8.49679088593, -11.0871763229],
        "median": [-7.24261856079, -8.45912456512, -8.49862384796, -8.747174263, -8.16858863831, -10.993106842],
        "min": [-14.9881381989, -14.6443271637, -15.4100847244, -14.8975715637, -15.6580076218, -16.4984512329],
        "skew": [-2.06769108772, -1.42813014984, -1.59147036076, -1.52338242531, -1.8812764883, -0.957221210003],
        "var": [4.33832645416, 3.16906094551, 3.31670737267, 3.2271835804, 2.91445827484, 2.38709163666],
        "cov": [[4.34245824814, 3.42527151108, 3.54254984856, 3.50808906555, 3.38231229782, 2.92274355888], [3.42527151108, 3.1720790863, 3.15040683746, 3.06726717949, 2.90294098854, 2.60467648506], [3.54254984856, 3.15040683746, 3.31986618042, 3.1964495182, 3.01423406601, 2.70644569397], [3.50808906555, 3.06726717949, 3.1964495182, 3.23025727272, 3.00281667709, 2.70385718346], [3.38231229782, 2.90294098854, 3.01423406601, 3.00281667709, 2.91723394394, 2.52989459038], [2.92274355888, 2.60467648506, 2.70644569397, 2.70385718346, 2.52989459038, 2.38936495781]]
    }
},
"rhythm": {
    "beats_loudness": {
        "kurt": 42.1338272095,
        "max": 0.0240373481065,
        "mean": 0.00102450477425,
        "median": 0.000467573758215,
        "min": 2.00514915782e-09,
        "skew": 6.5212020874,
        "var": 1.104023886e-05
    },
    "bpm": 151.80480957,
    "confidence": 1.89726805687,
    "first_peak_bpm": {
        "kurt": 0,
        "max": 152,
        "mean": 152,
        "median": 152,
        "min": 152,
        "skew": 0,
        "var": 0
    },
    "first_peak_spread": {
        "kurt": 0,
        "max": 0.0999999642372,
        "mean": 0.0999999642372,
        "median": 0.0999999642372,
        "min": 0.0999999642372,
        "skew": 0,
        "var": 0
    },
    "first_peak_weight": {
        "kurt": 0,
        "max": 0.360000014305,
        "mean": 0.360000014305,
        "median": 0.360000014305,
        "min": 0.360000014305,
        "skew": 0,
        "var": 0
    },
    "onset_rate": 6.31903886795,
    "second_peak_bpm": {
        "kurt": 0,
        "max": 112,
        "mean": 112,
        "median": 112,
        "min": 112,
        "skew": 0,
        "var": 0
    },
    "second_peak_spread": {
        "kurt": 0,
        "max": 0.368421077728,
        "mean": 0.368421077728,
        "median": 0.368421077728,
        "min": 0.368421077728,
        "skew": 0,
        "var": 0
    },
    "second_peak_weight": {
        "kurt": 0,
        "max": 0.239999994636,
        "mean": 0.239999994636,
        "median": 0.239999994636,
        "min": 0.239999994636,
        "skew": 0,
        "var": 0
    },
    "beats_loudness_band_ratio": {
        "kurt": [0.481977701187, 1.03219985962, 17.2280578613, 4.59881210327, 4.0664434433, 6.85937786102],
        "max": [0.686417400837, 0.628409326077, 0.103542782366, 0.0876140594482, 0.20666795969, 0.800224602222],
        "mean": [0.445103257895, 0.390254050493, 0.0136834504083, 0.0361526757479, 0.0641793459654, 0.176814824343],
        "median": [0.441871881485, 0.410277813673, 0.0100183393806, 0.0342177674174, 0.0519507750869, 0.127255663276],
        "min": [0.00368717685342, 0.00581041304395, 0.00350745976903, 0.017595840618, 0.0223286151886, 0.0654572173953],
        "skew": [-0.756714761257, -0.996389448643, 4.04491996765, 1.62354743481, 2.24874925613, 2.67698693275],
        "var": [0.024296887219, 0.0189344640821, 0.000267329829512, 0.000144801335409, 0.00201457529329, 0.0207493919879],
        "cov": [[0.0247828252614, 0.0110550001264, -0.001165821217, -0.00041085659177, -0.0052888346836, -0.0180769488215], [0.0110550001264, 0.0193131547421, -0.00130303634796, -0.000732561806217, -0.00535770319402, -0.0165794547647], [-0.001165821217, -0.00130303634796, 0.000272676435998, 0.000135555019369, 0.000509697711095, 0.00113138195593], [-0.00041085659177, -0.000732561806217, 0.000135555019369, 0.000147697370267, 0.000206181255635, 0.000281812419416], [-0.0052888346836, -0.00535770319402, 0.000509697711095, 0.000206181255635, 0.002054866869, 0.00598792172968], [-0.0180769488215, -0.0165794547647, 0.00113138195593, 0.000281812419416, 0.00598792172968, 0.0211643800139]]
    },
    "beats_position": [0.406349211931, 0.789478421211, 1.18421769142, 1.57895684242, 1.99691605568, 2.39165520668, 2.80961441994, 3.22757363319, 3.62231278419, 4.01705217361, 4.38857126236, 4.78331041336, 5.17804956436, 5.59600877762, 5.99074840546, 6.38548755646, 6.80344676971, 7.19818592072, 7.61614513397, 8.01088428497, 8.40562343597, 8.80036258698, 9.19510173798, 9.58984088898, 9.99619007111, 10.4025392532, 10.7972784042, 11.1920175552, 11.5867567062, 12.1208162308, 12.6548748016, 13.2121543884, 13.7462129593, 14.2802715302, 14.8143310547, 15.3716096878, 15.9056682587, 16.4397277832, 16.9737873077, 17.5310649872, 18.0651245117, 18.5991840363, 19.1332416534, 19.6905212402, 20.2245807648, 20.7818584442, 21.339138031, 21.8848075867, 22.5001354218, 23.1154651642, 23.7191829681],
    "bpm_estimates": [156.605133057, 151.999069214, 151.99911499, 151.99911499, 151.99911499, 151.999023438, 151.99911499, 151.99911499, 151.998931885, 151.99911499, 151.99911499, 151.99911499, 151.99911499, 151.99911499, 151.99911499, 151.99911499, 147.656265259, 147.656265259, 151.99911499, 151.99911499, 151.99911499],
    "bpm_intervals": [0.38312920928, 0.39473927021, 0.394739151001, 0.417959213257, 0.394739151001, 0.417959213257, 0.417959213257, 0.394739151001, 0.39473938942, 0.371519088745, 0.394739151001, 0.394739151001, 0.417959213257, 0.394739627838, 0.394739151001, 0.417959213257, 0.394739151001, 0.417959213257, 0.394739151001, 0.394739151001, 0.394739151001, 0.394739151001, 0.394739151001, 0.406349182129, 0.406349182129, 0.394739151001, 0.394739151001, 0.394739151001, 0.534059524536, 0.534058570862, 0.557279586792, 0.534058570862, 0.534058570862, 0.534059524536, 0.557278633118, 0.534058570862, 0.534059524536, 0.534059524536, 0.557277679443, 0.534059524536, 0.534059524536, 0.534057617188, 0.557279586792, 0.534059524536, 0.557277679443, 0.557279586792, 0.545669555664, 0.615327835083, 0.615329742432, 0.603717803955],
    "onset_times": [0.545668959618, 0.696598649025, 0.801088452339, 0.917188227177, 1.09133791924, 1.28870749474, 1.5673469305, 3.25079369545, 3.3785033226, 3.50621318817, 3.63392281532, 3.77324271202, 3.90095233917, 4.02866220474, 4.15637207031, 4.29569149017, 4.42340135574, 4.55111122131, 4.67882108688, 4.80653047562, 4.93424034119, 5.06195020676, 5.32897949219, 5.46829938889, 5.60761928558, 5.74693870544, 5.87464857101, 6.01396846771, 6.14167785645, 6.28099775314, 6.40870761871, 6.54802703857, 6.68734693527, 6.82666683197, 6.9543762207, 7.0936961174, 7.2330160141, 7.36072540283, 7.50004529953, 7.6277551651, 7.7670750618, 7.89478445053, 8.03410434723, 8.16181373596, 8.28952407837, 8.42884349823, 8.55655288696, 8.82358264923, 8.96290206909, 9.0906124115, 9.22993183136, 9.42730140686, 9.4853515625, 9.61306095123, 9.75238132477, 9.8800907135, 10.0194101334, 10.1587305069, 10.2864398956, 10.4257593155, 10.5534696579, 10.6927890778, 10.8204984665, 10.95981884, 11.0875282288, 11.2152385712, 11.354557991, 11.4822673798, 11.6215877533, 11.749297142, 11.8886165619, 12.0163269043, 12.1556463242, 12.2833557129, 12.4226760864, 12.5503854752, 12.689704895, 12.8174152374, 12.9567346573, 13.0960540771, 13.2237644196, 13.3630838394, 13.5024032593, 13.6417236328, 13.7694330215, 13.9087524414, 14.0364627838, 14.2454423904, 14.3034915924, 14.4428119659, 14.5705213547, 14.7098417282, 14.8375511169, 14.9768705368, 15.1161909103, 15.2555103302, 15.3832197189, 15.5109300613, 15.6502494812, 15.7779588699, 15.9288892746, 16.0565986633, 16.1959190369, 16.3932876587, 16.4629478455, 16.5906581879, 16.6719264984, 16.7299766541, 16.8692970276, 17.0086174011, 17.1479358673, 17.2756462097, 17.4730167389, 17.5426750183, 17.7400455475, 17.7980957031, 17.9374141693, 18.0767345428, 18.3437633514, 18.483083725, 18.6107940674, 18.8894329071, 19.0171432495, 19.1680717468, 19.3073921204, 19.4467124939, 19.574420929, 19.6556911469, 19.7137413025, 19.8414516449, 19.9807701111, 20.1200904846, 20.2594108582, 20.3871192932, 20.4799995422, 20.5380496979, 20.6657600403, 20.8166885376, 20.94439888, 21.037279129, 21.0837192535, 21.2114276886, 21.3159179688, 21.3507480621, 21.4900684357, 21.6293869019, 21.7687072754, 21.8499774933, 21.8964176178, 22.035736084, 22.1750564575, 22.3027667999, 22.4420852661, 22.5697956085],
