{
"metadata": {
    "version": {
        "essentia": "2.1-beta3"
    }
},
"lowLevel": {
    "average_loudness": 0.25414699316,
    "barkbands_kurtosis": {
        "kurt": 0.617709875107,
        "max": 8.01498222351,
        "mean": 0.980375051498,
        "median": 0.532327651978,
        "min": -1.59710621834,
        "skew": 0.95507401228,
        "var": 3.00116419792
    },
    "barkbands_skewness": {
        "kurt": 0.906120300293,
        "max": 2.88890314102,
        "mean": 0.757704496384,
        "median": 1.03844344616,
        "min": -2.19612550735,
        "skew": -1.26540207863,
        "var": 1.24830913544
    },
    "barkbands_spread": {
        "kurt": 0.103749036789,
        "max": 43.9418334961,
        "mean": 25.1702709198,
        "median": 26.4047985077,
        "min": 3.08862900734,
        "skew": -0.639413237572,
        "var": 54.1386146545
    },
    "dissonance": {
        "kurt": 19.3562469482,
        "max": 0.49996650219,
        "mean": 0.465574771166,
        "median": 0.481226444244,
        "min": 0.0512960851192,
        "skew": -3.93012595177,
        "var": 0.00260492088273
    },
    "hfc": {
        "kurt": 54.3395614624,
        "max": 196.349182129,
        "mean": 3.36641025543,
        "median": 0.0125168925151,
        "min": 1.01303552305e-16,
        "skew": 6.97467088699,
        "var": 319.690795898
    },
    "pitch": {
        "kurt": 36.3992156982,
        "max": 4503.34130859,
        "mean": 325.655975342,
        "median": 218.398590088,
        "min": 73.7272186279,
        "skew": 5.80598974228,
        "var": 268266.125
    },
    "pitch_instantaneous_confidence": {
        "kurt": 1.34795045853,
        "max": 0.98390173912,
        "mean": 0.320494681597,
        "median": 0.207431435585,
        "min": 0.09582477808,
        "skew": 1.71817088127,
        "var": 0.0736862570047
    },
    "pitch_salience": {
        "kurt": -0.191114664078,
        "max": 0.852796971798,
        "mean": 0.647169828415,
        "median": 0.649383366108,
        "min": 0.343454897404,
        "skew": -0.287043333054,
        "var": 0.00880810711533
    },
    "silence_rate_20dB": {
        "kurt": 0,
        "max": 1,
        "mean": 1,
        "median": 1,
        "min": 1,
        "skew": 0,
        "var": 0
    },
    "silence_rate_30dB": {
        "kurt": 201.504089355,
        "max": 1,
        "mean": 0.995157361031,
        "median": 1,
        "min": 0,
        "skew": -14.2654685974,
        "var": 0.00481917290017
    },
    "silence_rate_60dB": {
        "kurt": 10.9517011642,
        "max": 1,
        "mean": 0.937045991421,
        "median": 1,
        "min": 0,
        "skew": -3.59884285927,
        "var": 0.0589909292758
    },
    "spectral_centroid": {
        "kurt": 4.23570966721,
        "max": 11529.6171875,
        "mean": 1928.39086914,
        "median": 813.842773438,
        "min": 324.769836426,
        "skew": 2.48201704025,
        "var": 10075820
    },
    "spectral_complexity": {
        "kurt": 9.17303752899,
        "max": 11,
        "mean": 0.704600512981,
        "median": 0,
        "min": 0,
        "skew": 3.1859600544,
        "var": 4.5180644989
    },
    "spectral_crest": {
        "kurt": 1.72296524048,
        "max": 19.718711853,
        "mean": 8.21473693848,
        "median": 7.76159286499,
        "min": 3.0578763485,
        "skew": 1.08364331722,
        "var": 7.82416439056
    },
    "spectral_decrease": {
        "kurt": 42.8058547974,
        "max": 1.69502177741e-28,
        "mean": -7.23174409245e-10,
        "median": -4.48315343182e-12,
        "min": -3.53136506703e-08,
        "skew": -6.41233921051,
        "var": 1.44180641336e-17
    },
    "spectral_energy": {
        "kurt": 43.4847946167,
        "max": 0.151090756059,
        "mean": 0.00303476722911,
        "median": 1.81640643859e-05,
        "min": 9.97849217894e-21,
        "skew": 6.44207811356,
        "var": 0.000253564998275
    },
    "spectral_energyband_high": {
        "kurt": 58.326675415,
        "max": 0.000430056970799,
        "mean": 8.83638676896e-06,
        "median": 4.96256859606e-07,
        "min": 7.05083261144e-21,
        "skew": 7.36027669907,
        "var": 2.13260875626e-09
    },
    "spectral_energyband_low": {
        "kurt": 1.45403671265,
        "max": 3.04150453303e-05,
        "mean": 6.00197017775e-06,
        "median": 5.29485396328e-06,
        "min": 2.79152409928e-23,
        "skew": 0.977522373199,
        "var": 2.20813332896e-11
    },
    "spectral_energyband_middle_high": {
        "kurt": 58.7385597229,
        "max": 0.112824901938,
        "mean": 0.00182170630433,
        "median": 3.4154968489e-06,
        "min": 1.24906362661e-21,
        "skew": 7.23141431808,
        "var": 9.94577276288e-05
    },
    "spectral_energyband_middle_low": {
        "kurt": 54.5625495911,
        "max": 0.0716058760881,
        "mean": 0.00119887804613,
        "median": 7.2324555731e-06,
        "min": 1.53812553684e-22,
        "skew": 7.17904281616,
        "var": 4.73889413115e-05
    },
    "spectral_flatness_db": {
        "kurt": 3.72450399399,
        "max": 0.397055953741,
        "mean": 0.15160164237,
        "median": 0.136476233602,
        "min": 0.0619106441736,
        "skew": 1.86501276493,
        "var": 0.00402832450345
    },
    "spectral_flux": {
        "kurt": 20.4902019501,
        "max": 0.191961079836,
        "mean": 0.00937619619071,
        "median": 0.00226946966723,
        "min": 6.4695630797e-11,
        "skew": 4.49706315994,
        "var": 0.000778067857027
    },
    "spectral_kurtosis": {
        "kurt": 12.4737281799,
        "max": 41.9860610962,
        "mean": 4.7869310379,
        "median": 3.60612678528,
        "min": -1.27064538002,
        "skew": 2.88073301315,
        "var": 26.2336845398
    },
    "spectral_rms": {
        "kurt": 24.8355827332,
        "max": 0.01214107126,
        "mean": 0.000529478944372,
        "median": 0.00013312039664,
        "min": 3.12011462673e-12,
        "skew": 4.89988708496,
        "var": 2.68039775619e-06
    },
    "spectral_rolloff": {
        "kurt": 4.15809011459,
        "max": 19638.28125,
        "mean": 3439.94189453,
        "median": 1528.85742188,
        "min": 193.798828125,
        "skew": 2.4572019577,
        "var": 29061458
    },
    "spectral_skewness": {
        "kurt": 3.85220527649,
        "max": 5.25397729874,
        "mean": 1.55962204933,
        "median": 1.57076513767,
        "min": -0.0575622096658,
        "skew": 0.173954993486,
        "var": 0.518698751926
    },
    "spectral_spread": {
        "kurt": 4.25854682922,
        "max": 42480648,
        "mean": 8164457,
        "median": 4484391.5,
        "min": 1737378.625,
        "skew": 2.4911775589,
        "var": 1.29666622947e+14
    },
    "spectral_strongpeak": {
        "kurt": 73.3340072632,
        "max": 18.6313400269,
        "mean": 0.330282598734,
        "median": 0.00930310040712,
        "min": 0,
        "skew": 7.80251073837,
        "var": 2.32046699524
    },
    "zerocrossingrate": {
        "kurt": 4.15890932083,
        "max": 0.51904296875,
        "mean": 0.105532594025,
        "median": 0.0576171875,
        "min": 0.0302734375,
        "skew": 2.46594619751,
        "var": 0.0191798415035
    },
    "barkbands": {
        "kurt": [27.9679965973, 1.10992336273, 5.00042152405, 81.089012146, 14.3503875732, 120.284927368, 57.3509902954, 44.6877822876, 22.237739563, 31.5075263977, 118.917366028, 24.9489212036, 103.160812378, 131.472717285, 63.8266067505, 112.992073059, 66.7890548706, 68.319480896, 245.897155762, 45.2633399963, 68.3386459351, 64.8296585083, 82.547164917, 84.6007995605, 193.675384521, 71.9538803101, 109.053237915],
        "max": [9.60824948493e-08, 1.36946073326e-05, 1.62082360475e-05, 1.48640692714e-05, 3.49052352249e-05, 1.92387869902e-05, 0.0619434192777, 0.0101997824386, 7.02930174157e-06, 7.04237254467e-06, 0.0446065142751, 5.03979163113e-06, 0.0400202907622, 0.063684053719, 0.0078583881259, 0.00118858530186, 0.00652407621965, 0.00213667494245, 0.00225976645015, 0.000420615368057, 0.00039868519525, 9.51531474129e-05, 9.56883104664e-06, 2.61145964942e-06, 2.58810496234e-06, 5.48881935458e-08, 7.5688992851e-09],
        "mean": [5.86613557729e-09, 3.14504063681e-06, 2.35094648815e-06, 7.99605800239e-07, 3.49569722857e-06, 8.21280480068e-07, 0.000980718177743, 0.000212262952118, 6.51243226457e-07, 4.74159435271e-07, 0.000494480191264, 4.35684199829e-07, 0.000425074831583, 0.00059082597727, 0.000127702092868, 1.30104444906e-05, 0.000110822373244, 3.3573123801e-05, 1.70417770278e-05, 8.66262234922e-06, 6.7010219027e-06, 1.50693563228e-06, 1.51983584828e-07, 3.70293520291e-08, 2.05782733076e-08, 8.68696836687e-10, 8.51820489145e-11],
        "median": [2.34964381285e-09, 2.37027734329e-06, 1.69398106209e-06, 6.06561627592e-07, 2.43912609221e-06, 6.14245777797e-07, 8.12450764442e-07, 4.38876128328e-07, 4.82504276533e-07, 2.9981211469e-07, 3.20452500091e-07, 3.34553618586e-07, 4.38894261379e-07, 2.32180624948e-07, 2.33089082258e-07, 2.53518976479e-07, 3.2525684901e-07, 3.38928060728e-07, 3.4687468542e-07, 3.31491406769e-07, 2.05739269177e-07, 7.88487284353e-08, 1.90705886638e-08, 3.10611047993e-09, 1.3854113412e-09, 5.43720971025e-11, 6.04305884847e-13],
        "min": [9.08918435248e-25, 2.68581026932e-24, 2.22672142426e-24, 2.41498958739e-24, 1.37746315876e-23, 7.25671411219e-24, 6.63048082688e-24, 1.6207202518e-23, 1.94949917553e-23, 1.36219712253e-23, 1.93578829968e-23, 4.10485444417e-23, 4.6821627339e-23, 4.34567064379e-23, 5.16436185083e-23, 6.33720237939e-23, 4.12209010831e-23, 1.1165989112e-22, 1.33465836698e-22, 1.83992062133e-22, 2.64377430137e-22, 3.17313732923e-22, 4.55292598683e-22, 5.04306886996e-22, 8.5184345892e-22, 1.26429831036e-21, 1.88076819241e-21],
        "skew": [4.66538763046, 1.21700358391, 1.87445986271, 7.02255821228, 2.87439656258, 9.00111579895, 7.32775735855, 6.60114336014, 3.29232859612, 5.06280612946, 10.3151988983, 3.88104009628, 9.49635982513, 10.7696657181, 7.73009634018, 9.99976921082, 7.59682607651, 7.57320308685, 14.5465803146, 6.55347537994, 7.89913129807, 7.64550828934, 8.73489189148, 8.28902339935, 12.8809041977, 8.27568340302, 9.65669155121],
        "var": [1.15043114924e-16, 9.05887344305e-12, 5.44533819077e-12, 1.09356447509e-12, 1.43566859789e-11, 1.52774971493e-12, 3.30982875312e-05, 1.35898051212e-06, 4.33396130399e-13, 5.64559846355e-13, 1.13426203825e-05, 2.30182057226e-13, 8.44127316668e-06, 1.87611585716e-05, 5.82929089887e-07, 7.32702210016e-09, 3.24749038327e-07, 3.08268575111e-08, 1.57963970793e-08, 1.90742066586e-09, 1.40117095704e-09, 6.93352875114e-11, 6.85575023401e-13, 3.82685148761e-14, 2.3733166921e-14, 2.87286411097e-17, 2.91987647648e-19],
        "cov": [[1.15322357863e-16, -4.38597725846e-15, 3.55207289838e-15, 8.01810652294e-16, 5.84077201548e-15, 1.9339013677e-15, 1.01249239028e-12, 4.25523277638e-13, 1.12434528732e-15, 9.41212634835e-16, 1.23366779032e-12, 1.84430201078e-15, 1.88487311696e-12, 3.17166757267e-12, 2.73430339785e-13, 1.45761681669e-14, 4.96159537067e-13, 1.86420160992e-13, 6.57705633662e-14, 2.71962035276e-14, 3.2358711793e-14, 7.47963296117e-15, 7.03313531901e-16, 1.09910757008e-16, 6.71837417005e-17, 4.37309999855e-18, 2.39015725003e-19], [-4.38597725846e-15, 9.0808610631e-12, 2.68278498375e-12, 2.11534999586e-13, 1.31888326215e-12, 2.03156325855e-13, 3.50052098419e-10, 5.65751334669e-11, 1.18353298082e-13, 2.55906271651e-13, 6.38410158071e-10, 8.62900449337e-14, -9.33487939725e-11, -5.05713526611e-11, 5.85571868772e-11, 1.39243859498e-11, 1.77067346896e-10, 5.99333950524e-12, 5.19664693222e-12, 8.00812107599e-12, 2.1063552378e-12, 1.32481959431e-12, 5.64610207546e-14, 1.57194068417e-14, -1.03761620742e-15, -1.50347835286e-17, 9.11705368615e-17], [3.55207289838e-15, 2.68278498375e-12, 5.45855504894e-12, 1.04838956527e-12, 3.18987241135e-12, 4.45001078087e-13, -4.75372630149e-10, -1.25243093674e-10, 3.47907575145e-13, 1.56686255225e-13, 4.04574394819e-11, 2.10017712856e-13, -3.88404836071e-10, -5.25841092891e-10, -7.52867768128e-11, -4.09788175615e-12, 1.68737281092e-11, -1.42624922289e-11, -7.33982319367e-12, -2.65460244932e-12, -3.01239567145e-12, -5.64001590656e-13, -6.66810424693e-14, -1.86706153196e-14, -1.68590845901e-14, -6.33738404433e-16, 3.29584779757e-18], [8.01810652294e-16, 2.11534999586e-13, 1.04838956527e-12, 1.09621881884e-12, 9.96344066279e-13, 4.53696352406e-13, 5.84535975179e-10, 1.09459316611e-10, 2.0962791507e-13, 1.83323516957e-13, 4.2518374932e-10, 1.00877531155e-13, 1.93248805846e-10, 2.64563204677e-10, 6.1627758452e-11, 4.6417938937e-12, 6.59516261048e-11, 2.59173724149e-11, 9.58345295482e-12, 7.39412350792e-12, 4.03640966137e-12, 1.00899854878e-12, 6.47965838971e-14, 2.13298769516e-14, 7.66857128335e-15, 4.68548980268e-16, 9.26265864978e-17], [5.84077201548e-15, 1.31888326215e-12, 3.18987241135e-12, 9.96344066279e-13, 1.43915322368e-11, 1.37069685029e-12, 1.72602571125e-10, 6.57505092039e-11, 8.41423231004e-13, 5.30868372265e-13, 2.29172486543e-10, 2.83783874221e-13, 7.32580489327e-12, -1.06231003161e-10, -4.74121826868e-12, 9.08401392302e-12, 1.08166586799e-10, 3.61505178006e-13, -8.05587714592e-12, 6.45593127568e-12, 1.17542640118e-12, 1.2767874865e-12, 1.08346972616e-13, 4.791932198e-15, -4.53087029091e-15, -2.15093733446e-16, -5.76957484639e-17], [1.9339013677e-15, 2.03156325855e-13, 4.45001078087e-13, 4.53696352406e-13, 1.37069685029e-12, 1.53145779478e-12, 2.31822205876e-09, 4.12935935445e-10, 4.81766265336e-13, 5.45505264224e-13, 7.01602054232e-10, 1.55083492706e-13, 7.74903197165e-10, 9.32904531403e-10, 1.68315208993e-10, 1.51536769244e-11, 1.29631666512e-10, 6.0376946498e-11, 2.07867681401e-11, 2.1529987862e-11, 8.09986886591e-12, 2.26405656376e-12, 2.30068459943e-13, 5.17383716165e-14, 2.54532485854e-14, 1.29440239807e-15, 1.35412761762e-16], [1.01249239028e-12, 3.50052098419e-10, -4.75372630149e-10, 5.84535975179e-10, 1.72602571125e-10, 2.31822205876e-09, 3.31786213792e-05, 6.47594833936e-06, 1.37188471694e-09, 2.66639865742e-09, 1.08064414235e-05, 7.74132646875e-10, 1.09721950139e-05, 1.4502274098e-05, 3.76756224796e-06, 3.42057262515e-07, 1.56841360877e-06, 5.37786604582e-07, 3.07788440068e-07, 1.88792569134e-07, 1.09724474839e-07, 2.6215460025e-08, 3.00343083737e-09, 9.27121102112e-10, 5.91336646316e-10, 2.28652409506e-11, 1.37750737466e-12], [4.25523277638e-13, 5.65751334669e-11, -1.25243093674e-10, 1.09459316611e-10, 6.57505092039e-11, 4.12935935445e-10, 6.47594833936e-06, 1.36227890835e-06, 2.59751498088e-10, 5.69160496511e-10, 2.30727096096e-06, 1.84729939678e-10, 2.62257799477e-06, 3.47879336005e-06, 8.11388019883e-07, 7.68607435475e-08, 3.79716311727e-07, 1.26246163745e-07, 7.12326482244e-08, 4.06528606334e-08, 2.6837852829e-08, 6.8513865692e-09, 7.11378567164e-10, 2.01473060457e-10, 1.30475852345e-10, 5.18681755532e-12, 2.9994314866e-13], [1.12434528732e-15, 1.18353298082e-13, 3.47907575145e-13, 2.0962791507e-13, 8.41423231004e-13, 4.81766265336e-13, 1.37188471694e-09, 2.59751498088e-10, 4.34448050451e-13, 3.05006454121e-13, 5.23107168693e-10, 1.12523495567e-13, 4.67937244508e-10, 5.7255555852e-10, 1.34549218989e-10, 1.12561609339e-11, 9.76248873408e-11, 3.81357133372e-11, 1.4719158184e-11, 9.80706488241e-12, 6.28699349525e-12, 1.33533798168e-12, 1.33903887869e-13, 3.77056072725e-14, 2.1303175085e-14, 9.0736562178e-16, 9.45382869202e-17], [9.41212634835e-16, 2.55906271651e-13, 1.56686255225e-13, 1.83323516957e-13, 5.30868372265e-13, 5.45505264224e-13, 2.66639865742e-09, 5.69160496511e-10, 3.05006454121e-13, 5.65930115271e-13, 9.39224809038e-10, 1.49648807343e-13, 1.26532895273e-09, 1.53876378306e-09, 3.28263360938e-10, 3.04472280721e-11, 1.82225290413e-10, 7.07908662245e-11, 4.31723268246e-11, 2.17274670478e-11, 1.57162147879e-11, 3.51490169435e-12, 2.71390061032e-13, 8.62265581202e-14, 4.96500932002e-14, 1.9694680694e-15, 2.14119354389e-16], [1.23366779032e-12, 6.38410158071e-10, 4.04574394819e-11, 4.2518374932e-10, 2.29172486543e-10, 7.01602054232e-10, 1.08064414235e-05, 2.30727096096e-06, 5.23107168693e-10, 9.39224809038e-10, 1.13701507871e-05, 4.88681428656e-10, 2.3882048481e-06, 3.19750279232e-06, 1.87551324871e-06, 2.39483881614e-07, 1.49186598719e-06, 3.22094592775e-07, 7.71577859382e-08, 1.03086279069e-07, 4.77965649281e-08, 1.44385463585e-08, 1.46742540341e-09, 3.6475167331e-10, 1.61637606078e-10, 8.84291164599e-12, 5.80152083058e-13], [1.84430201078e-15, 8.62900449337e-14, 2.10017712856e-13, 1.00877531155e-13, 2.83783874221e-13, 1.55083492706e-13, 7.74132646875e-10, 1.84729939678e-10, 1.12523495567e-13, 1.49648807343e-13, 4.88681428656e-10, 2.30740746605e-13, 3.53811951959e-10, 4.62087534903e-10, 1.22621524046e-10, 1.40467264556e-11, 9.1449028905e-11, 2.58651555035e-11, 9.90451384103e-12, 8.3150092714e-12, 4.06977489903e-12, 1.43770162876e-12, 1.19934661161e-13, 2.98873678085e-14, 1.59971150638e-14, 7.81593987546e-16, 6.19098035509e-17], [1.88487311696e-12, -9.33487939725e-11, -3.88404836071e-10, 1.93248805846e-10, 7.32580489327e-12, 7.74903197165e-10, 1.09721950139e-05, 2.62257799477e-06, 4.67937244508e-10, 1.26532895273e-09, 2.3882048481e-06, 3.53811951959e-10, 8.46176135383e-06, 1.2203836377e-05, 1.54826614107e-06, 1.26445939941e-07, 6.81078518028e-07, 3.10543981641e-07, 2.95079217949e-07, 6.97908220104e-08, 8.38595966002e-08, 2.02259045068e-08, 1.92058124959e-09, 4.36410962923e-10, 3.47277429036e-10, 1.36777950077e-11, 1.09410061306e-12], [3.17166757267e-12, -5.05713526611e-11, -5.25841092891e-10, 2.64563204677e-10, -1.06231003161e-10, 9.32904531403e-10, 1.4502274098e-05, 3.47879336005e-06, 5.7255555852e-10, 1.53876378306e-09, 3.19750279232e-06, 4.62087534903e-10, 1.2203836377e-05, 1.88066951523e-05, 2.12530153476e-06, 1.63772327255e-07, 1.11770725653e-06, 4.87507463731e-07, 4.69887453391e-07, 8.73977725746e-08, 1.28931944232e-07, 3.02336928826e-08, 3.05147551671e-09, 6.28088414611e-10, 5.29431776197e-10, 2.09889588348e-11, 1.69390261366e-12], [2.73430339785e-13, 5.85571868772e-11, -7.52867768128e-11, 6.1627758452e-11, -4.74121826868e-12, 1.68315208993e-10, 3.76756224796e-06, 8.11388019883e-07, 1.34549218989e-10, 3.28263360938e-10, 1.87551324871e-06, 1.22621524046e-10, 1.54826614107e-06, 2.12530153476e-06, 5.84343979426e-07, 5.96670304276e-08, 2.72983925242e-07, 7.63815535265e-08, 4.85780553561e-08, 2.47075231385e-08, 1.78325603173e-08, 4.36998748299e-09, 4.59771415384e-10, 1.30417579514e-10, 8.92246276862e-11, 3.45011042305e-12, 2.01986674999e-13], [1.45761681669e-14, 1.39243859498e-11, -4.09788175615e-12, 4.6417938937e-12, 9.08401392302e-12, 1.51536769244e-11, 3.42057262515e-07, 7.68607435475e-08, 1.12561609339e-11, 3.04472280721e-11, 2.39483881614e-07, 1.40467264556e-11, 1.26445939941e-07, 1.63772327255e-07, 5.96670304276e-08, 7.34480609665e-09, 3.1711397952e-08, 6.33343022471e-09, 3.59051210985e-09, 2.70621591802e-09, 1.350967338e-09, 4.51767956378e-10, 4.5368989815e-11, 1.18333285878e-11, 7.44439232481e-12, 3.0495115981e-13, 1.66978789736e-14], [4.96159537067e-13, 1.77067346896e-10, 1.68737281092e-11, 6.59516261048e-11, 1.08166586799e-10, 1.29631666512e-10, 1.56841360877e-06, 3.79716311727e-07, 9.76248873408e-11, 1.82225290413e-10, 1.49186598719e-06, 9.1449028905e-11, 6.81078518028e-07, 1.11770725653e-06, 2.72983925242e-07, 3.1711397952e-08, 3.25537257595e-07, 7.93691370404e-08, 2.64202242306e-08, 1.60786957082e-08, 1.25858452549e-08, 3.49981998937e-09, 3.45928147238e-10, 6.64176560972e-11, 3.42714398527e-11, 1.94300478484e-12, 1.19360223745e-13], [1.86420160992e-13, 5.99333950524e-12, -1.42624922289e-11, 2.59173724149e-11, 3.61505178006e-13, 6.0376946498e-11, 5.37786604582e-07, 1.26246163745e-07, 3.81357133372e-11, 7.07908662245e-11, 3.22094592775e-07, 2.58651555035e-11, 3.10543981641e-07, 4.87507463731e-07, 7.63815535265e-08, 6.33343022471e-09, 7.93691370404e-08, 3.09016776612e-08, 1.21208572068e-08, 5.00703700723e-09, 5.48822898239e-09, 1.14016351915e-09, 1.14730155931e-10, 2.57189321923e-11, 1.57976305648e-11, 6.8587930474e-13, 5.59608376348e-14], [6.57705633662e-14, 5.19664693222e-12, -7.33982319367e-12, 9.58345295482e-12, -8.05587714592e-12, 2.07867681401e-11, 3.07788440068e-07, 7.12326482244e-08, 1.4719158184e-11, 4.31723268246e-11, 7.71577859382e-08, 9.90451384103e-12, 2.95079217949e-07, 4.69887453391e-07, 4.85780553561e-08, 3.59051210985e-09, 2.64202242306e-08, 1.21208572068e-08, 1.58347379653e-08, 1.44500245103e-09, 3.64810692766e-09, 6.60843435529e-10, 6.70946076475e-11, 1.28239120711e-11, 1.14881394328e-11, 4.6734529224e-13, 5.60586597758e-14], [2.71962035276e-14, 8.00812107599e-12, -2.65460244932e-12, 7.39412350792e-12, 6.45593127568e-12, 2.1529987862e-11, 1.88792569134e-07, 4.06528606334e-08, 9.80706488241e-12, 2.17274670478e-11, 1.03086279069e-07, 8.3150092714e-12, 6.97908220104e-08, 8.73977725746e-08, 2.47075231385e-08, 2.70621591802e-09, 1.60786957082e-08, 5.00703700723e-09, 1.44500245103e-09, 1.91205029587e-09, 7.5553824308e-10, 2.64025773467e-10, 2.25415797139e-11, 6.30881154609e-12, 3.14315804287e-12, 1.47665815122e-13, 1.06898014339e-14], [3.2358711793e-14, 2.1063552378e-12, -3.01239567145e-12, 4.03640966137e-12, 1.17542640118e-12, 8.09986886591e-12, 1.09724474839e-07, 2.6837852829e-08, 6.28699349525e-12, 1.57162147879e-11, 4.77965649281e-08, 4.06977489903e-12, 8.38595966002e-08, 1.28931944232e-07, 1.78325603173e-08, 1.350967338e-09, 1.25858452549e-08, 5.48822898239e-09, 3.64810692766e-09, 7.5553824308e-10, 1.40457190323e-09, 2.36339003923e-10, 2.40616970792e-11, 5.68186773672e-12, 4.2293382338e-12, 1.52410988561e-13, 1.35873071759e-14], [7.47963296117e-15, 1.32481959431e-12, -5.64001590656e-13, 1.00899854878e-12, 1.2767874865e-12, 2.26405656376e-12, 2.6215460025e-08, 6.8513865692e-09, 1.33533798168e-12, 3.51490169435e-12, 1.44385463585e-08, 1.43770162876e-12, 2.02259045068e-08, 3.02336928826e-08, 4.36998748299e-09, 4.51767956378e-10, 3.49981998937e-09, 1.14016351915e-09, 6.60843435529e-10, 2.64025773467e-10, 2.36339003923e-10, 6.95035765053e-11, 6.26287910421e-12, 1.27533324613e-12, 8.72551217477e-13, 3.79488175367e-14, 2.83395878921e-15], [7.03313531901e-16, 5.64610207546e-14, -6.66810424693e-14, 6.47965838971e-14, 1.08346972616e-13, 2.30068459943e-13, 3.00343083737e-09, 7.11378567164e-10, 1.33903887869e-13, 2.71390061032e-13, 1.46742540341e-09, 1.19934661161e-13, 1.92058124959e-09, 3.05147551671e-09, 4.59771415384e-10, 4.5368989815e-11, 3.45928147238e-10, 1.14730155931e-10, 6.70946076475e-11, 2.25415797139e-11, 2.40616970792e-11, 6.26287910421e-12, 6.87239056895e-13, 1.3860059747e-13, 1.05448906985e-13, 4.08219397413e-15, 2.66909743149e-16], [1.09910757008e-16, 1.57194068417e-14, -1.86706153196e-14, 2.13298769516e-14, 4.791932198e-15, 5.17383716165e-14, 9.27121102112e-10, 2.01473060457e-10, 3.77056072725e-14, 8.62265581202e-14, 3.6475167331e-10, 2.98873678085e-14, 4.36410962923e-10, 6.28088414611e-10, 1.30417579514e-10, 1.18333285878e-11, 6.64176560972e-11, 2.57189321923e-11, 1.28239120711e-11, 6.30881154609e-12, 5.68186773672e-12, 1.27533324613e-12, 1.3860059747e-13, 3.83614005091e-14, 2.7700850511e-14, 9.37544135141e-16, 6.12773611069e-17], [6.71837417005e-17, -1.03761620742e-15, -1.68590845901e-14, 7.66857128335e-15, -4.53087029091e-15, 2.54532485854e-14, 5.91336646316e-10, 1.30475852345e-10, 2.1303175085e-14, 4.96500932002e-14, 1.61637606078e-10, 1.59971150638e-14, 3.47277429036e-10, 5.29431776197e-10, 8.92246276862e-11, 7.44439232481e-12, 3.42714398527e-11, 1.57976305648e-11, 1.14881394328e-11, 3.14315804287e-12, 4.2293382338e-12, 8.72551217477e-13, 1.05448906985e-13, 2.7700850511e-14, 2.37907719377e-14, 7.29225116791e-16, 4.8593588661e-17], [4.37309999855e-18, -1.50347835286e-17, -6.33738404433e-16, 4.68548980268e-16, -2.15093733446e-16, 1.29440239807e-15, 2.28652409506e-11, 5.18681755532e-12, 9.0736562178e-16, 1.9694680694e-15, 8.84291164599e-12, 7.81593987546e-16, 1.36777950077e-11, 2.09889588348e-11, 3.45011042305e-12, 3.0495115981e-13, 1.94300478484e-12, 6.8587930474e-13, 4.6734529224e-13, 1.47665815122e-13, 1.52410988561e-13, 3.79488175367e-14, 4.08219397413e-15, 9.37544135141e-16, 7.29225116791e-16, 2.87983724354e-17, 1.86905119681e-18], [2.39015725003e-19, 9.11705368615e-17, 3.29584779757e-18, 9.26265864978e-17, -5.76957484639e-17, 1.35412761762e-16, 1.37750737466e-12, 2.9994314866e-13, 9.45382869202e-17, 2.14119354389e-16, 5.80152083058e-13, 6.19098035509e-17, 1.09410061306e-12, 1.69390261366e-12, 2.01986674999e-13, 1.66978789736e-14, 1.19360223745e-13, 5.59608376348e-14, 5.60586597758e-14, 1.06898014339e-14, 1.35873071759e-14, 2.83395878921e-15, 2.66909743149e-16, 6.12773611069e-17, 4.8593588661e-17, 1.86905119681e-18, 2.92696360487e-19]]
    },
    "mfcc": {
        "kurt": [2.35970878601, 2.23797273636, 4.40923833847, -0.187035083771, 5.22128295898, 1.25543069839, 3.57873439789, 4.74332237244, 0.397443771362, 1.32743263245, 5.1552066803, 1.85490179062, 4.79054880142],
        "max": [-684.126525879, 169.607727051, 31.435092926, 56.4050483704, 25.3148384094, 15.3748245239, 26.3722610474, 15.1507282257, 19.0518379211, 18.0537281036, 45.8068466187, 43.9446868896, 49.9301223755],
        "mean": [-978.211486816, 92.3487701416, -11.0972557068, 21.68699646, 3.7385225296, -2.32251214981, 6.86746454239, -3.12306189537, -0.150035083294, -0.883353471756, 0.442020148039, 4.89623832703, 1.23258829117],
        "median": [-979.077209473, 104.355049133, -6.103515625e-05, 24.9586219788, 5.23190307617, -0.762557983398, 8.5379524231, -1.76361083984, -4.57763671875e-05, -0.0786590576172, -2.67028808594e-05, 2.64179992676, -0.140281677246],
        "min": [-1138.42004395, 1.14440917969e-05, -131.259216309, -14.4585990906, -41.4503669739, -28.5829582214, -37.0320739746, -43.5057258606, -13.7445678711, -24.5969772339, -18.6762371063, -14.9747619629, -17.1329994202],
        "skew": [0.612857043743, -1.85973310471, -2.27738785744, -0.692019343376, -1.93153035641, -0.846525967121, -1.51018214226, -1.45220291615, 0.0879306942225, -0.407245784998, 1.48381793499, 1.20617115498, 1.92141497135],
        "var": [7574.97167969, 1315.42443848, 1019.74505615, 145.573165894, 109.432121277, 49.046295166, 97.1099014282, 50.9792137146, 24.4208526611, 31.0051174164, 56.6215400696, 83.5095214844, 101.910949707],
        "cov": [[7593.35742188, 2221.38818359, -2159.0168457, 423.776855469, -437.143585205, -297.707733154, -251.646087646, -322.114044189, 31.1510334015, -81.7232055664, 293.036621094, 520.656066895, 533.606933594], [2221.38818359, 1318.61730957, -195.34928894, 260.9637146, 48.0215034485, -46.9336967468, 81.7549743652, -51.836391449, -4.74808645248, -10.5533246994, 9.75695610046, 83.8880462646, 37.6442375183], [-2159.0168457, -195.34928894, 1022.22021484, 17.8166866302, 242.630203247, 135.366363525, 189.37890625, 127.10332489, -13.237610817, 43.7950019836, -135.218109131, -215.49307251, -255.335906982], [423.776855469, 260.9637146, 17.8166866302, 145.926498413, 36.6546630859, 6.79239988327, 48.3928947449, 5.10310077667, 8.16572761536, -3.74728393555, -3.32867288589, 2.52743291855, -22.0510654449], [-437.143585205, 48.0215034485, 242.630203247, 36.6546630859, 109.697731018, 46.0019111633, 62.3551025391, 32.45520401, -2.00622558594, 11.962264061, -33.1908721924, -43.8689918518, -64.8575363159], [-297.707733154, -46.9336967468, 135.366363525, 6.79239988327, 46.0019111633, 49.1653366089, 37.8025474548, 19.6428794861, 3.39962363243, 9.44243812561, -10.8479747772, -25.3548183441, -32.7327957153], [-251.646087646, 81.7549743652, 189.37890625, 48.3928947449, 62.3551025391, 37.8025474548, 97.3456115723, 45.2332496643, -0.645338535309, 8.0769071579, -30.3557224274, -38.5583648682, -59.9152908325], [-322.114044189, -51.836391449, 127.10332489, 5.10310077667, 32.45520401, 19.6428794861, 45.2332496643, 51.1029510498, 10.6495838165, 2.63435578346, -16.4198894501, -26.0571250916, -34.8740463257], [31.1510334015, -4.74808645248, -13.237610817, 8.16572761536, -2.00622558594, 3.39962363243, -0.645338535309, 10.6495838165, 24.4801273346, 10.752158165, 6.46494913101, 10.9448795319, 9.91714572906], [-81.7232055664, -10.5533246994, 43.7950019836, -3.74728393555, 11.962264061, 9.44243812561, 8.0769071579, 2.63435578346, 10.752158165, 31.0803718567, 12.4865322113, 1.41166770458, 2.03623533249], [293.036621094, 9.75695610046, -135.218109131, -3.32867288589, -33.1908721924, -10.8479747772, -30.3557224274, -16.4198894501, 6.46494913101, 12.4865322113, 56.7589683533, 51.3751602173, 42.2368125916], [520.656066895, 83.8880462646, -215.49307251, 2.52743291855, -43.8689918518, -25.3548183441, -38.5583648682, -26.0571250916, 10.9448795319, 1.41166770458, 51.3751602173, 83.7122192383, 73.792388916], [533.606933594, 37.6442375183, -255.335906982, -22.0510654449, -64.8575363159, -32.7327957153, -59.9152908325, -34.8740463257, 9.91714572906, 2.03623533249, 42.2368125916, 73.792388916, 102.158309937]]
    },
    "sccoeffs": {
        "kurt": [1.01992464066, 6.15161418915, 6.04279994965, 5.90030002594, 5.12348461151, 2.57980203629],
        "max": [-0.630660951138, -0.212854042649, -0.29100638628, -0.28988468647, -0.530221581459, -0.654261827469],
        "mean": [-0.777551114559, -0.827546775341, -0.849699795246, -0.837873935699, -0.864074587822, -0.814077019691],
        "median": [-0.763324975967, -0.86458003521, -0.881239116192, -0.873242259026, -0.880974888802, -0.802684426308],
        "min": [-0.972486257553, -0.976603627205, -0.974763810635, -0.969308555126, -0.967189490795, -0.963941216469],
        "skew": [-1.22496521473, 2.45304203033, 2.45137405396, 2.45440030098, 2.26102805138, -1.47199440002],
        "var": [0.00570097891614, 0.0191728007048, 0.0139092300087, 0.0159472338855, 0.0066569740884, 0.00322284712456],
        "cov": [[0.00571481650695, 0.00302132708021, 0.00252696895041, 0.00279130134732, 0.00218533491716, 0.00331832864322], [0.00302132708021, 0.0192193351686, 0.0152950249612, 0.0168118998408, 0.01041081734, 0.00486521236598], [0.00252696895041, 0.0152950249612, 0.0139429904521, 0.0140870092437, 0.00896900240332, 0.00412921933457], [0.00279130134732, 0.0168118998408, 0.0140870092437, 0.0159859415144, 0.00988307408988, 0.00460223341361], [0.00218533491716, 0.01041081734, 0.00896900240332, 0.00988307408988, 0.00667313160375, 0.00325747509487], [0.00331832864322, 0.00486521236598, 0.00412921933457, 0.00460223341361, 0.00325747509487, 0.0032306695357]]
    },
    "scvalleys": {
        "kurt": [4.15636253357, 4.09630441666, 4.10854434967, 4.10219097137, 4.08110237122, 3.9742808342],
        "max": [-7.89988088608, -7.08608484268, -7.97112798691, -8.34115600586, -8.36157894135, -10.2878837585],
        "mean": [-10.8891706467, -10.7792730331, -11.1463565826, -11.5731449127, -11.7758951187, -14.1701421738],
        "median": [-8.84799003601, -8.76021289825, -9.16796779633, -9.64572715759, -9.90299987793, -12.606836319],
        "min": [-28.247631073, -28.3141536713, -27.6571922302, -27.6883487701, -27.4817829132, -27.3638381958],
        "skew": [-2.46508741379, -2.44970631599, -2.4554708004, -2.4541823864, -2.44762659073, -2.4127099514],
        "var": [33.5175628662, 33.7380523682, 32.096370697, 30.4491710663, 29.7430686951, 21.4393482208],
        "cov": [[33.5989189148, 33.5861625671, 32.7761001587, 31.9359378815, 31.5454864502, 26.7076721191], [33.5861625671, 33.8199386597, 32.9183921814, 32.0702514648, 31.6971511841, 26.8800506592], [32.7761001587, 32.9183921814, 32.1742744446, 31.3000621796, 30.9393424988, 26.2265720367], [31.9359378815, 32.0702514648, 31.3000621796, 30.5230770111, 30.1398410797, 25.5546798706], [31.5454864502, 31.6971511841, 30.9393424988, 30.1398410797, 29.8152618408, 25.2806911469], [26.7076721191, 26.8800506592, 26.2265720367, 25.5546798706, 25.2806911469, 21.4913864136]]
    }
},
"rhythm": {
    "beats_loudness": {
        "kurt": 2.83027791977,
        "max": 0.105696976185,
        "mean": 0.0138704692945,
        "median": 1.92431944015e-05,
        "min": 0,
        "skew": 2.09892129898,
        "var": 0.00104357744567
    },
    "bpm": 80.6075744629,
    "confidence": 2.3836479187,
    "first_peak_bpm": {
        "kurt": 0,
        "max": 81,
        "mean": 81,
        "median": 81,
        "min": 81,
        "skew": 0,
        "var": 0
    },
    "first_peak_spread": {
        "kurt": 0,
        "max": 0.33333337307,
        "mean": 0.33333337307,
        "median": 0.33333337307,
        "min": 0.33333337307,
        "skew": 0,
        "var": 0
    },
    "first_peak_weight": {
        "kurt": 0,
        "max": 0.54545456171,
        "mean": 0.54545456171,
        "median": 0.54545456171,
        "min": 0.54545456171,
        "skew": 0,
        "var": 0
    },
    "onset_rate": 0.732502520084,
    "second_peak_bpm": {
        "kurt": 0,
        "max": 76,
        "mean": 76,
        "median": 76,
        "min": 76,
        "skew": 0,
        "var": 0
    },
    "second_peak_spread": {
        "kurt": 0,
        "max": 0,
        "mean": 0,
        "median": 0,
        "min": 0,
        "skew": 0,
        "var": 0
    },
    "second_peak_weight": {
        "kurt": 0,
        "max": 0.181818187237,
        "mean": 0.181818187237,
        "median": 0.181818187237,
        "min": 0.181818187237,
        "skew": 0,
        "var": 0
    },
    "beats_loudness_band_ratio": {
        "kurt": [-1.70759522915, 1.18291282654, 1.23229551315, 0.384520292282, 0.0319771766663, -0.781490564346],
        "max": [0.564624667168, 0.595639228821, 0.372305393219, 0.787962853909, 0.143149361014, 0.1088013798],
        "mean": [0.248693302274, 0.170484721661, 0.158726394176, 0.22801913321, 0.0824835821986, 0.0456493236125],
        "median": [0.263453602791, 0.161233991385, 0.143440514803, 0.121755510569, 0.0829961150885, 0.0493464246392],
        "min": [0, 0, 0, 0, 0, 0],
        "skew": [0.03384860605, 1.25495314598, 0.796061873436, 1.34748399258, -0.436856240034, 0.222060918808],
        "var": [0.0447884947062, 0.026968665421, 0.0074301622808, 0.0538867264986, 0.00137035828084, 0.00106161215808],
        "cov": [[0.0488601773977, 0.00398324243724, -0.00484474888071, -0.0294718574733, 0.000759581977036, 0.00531433522701], [0.00398324243724, 0.0294203627855, -0.00115260097664, -0.0190720651299, 0.000590785348322, 0.00272333039902], [-0.00484474888071, -0.00115260097664, 0.00810563191772, 0.0106883039698, 0.0020695568528, -0.000414082227508], [-0.0294718574733, -0.0190720651299, 0.0106883039698, 0.058785520494, 0.00240920460783, -0.00445797713473], [0.000759581977036, 0.000590785348322, 0.0020695568528, 0.00240920460783, 0.00149493629579, 0.000375969684683], [0.00531433522701, 0.00272333039902, -0.000414082227508, -0.00445797713473, 0.000375969684683, 0.00115812232252]]
    },
    "beats_position": [0.743038535118, 1.48607707024, 2.19428563118, 2.9837641716, 3.73841261864, 4.52789115906, 5.27092981339, 6.01396799088, 6.7570066452, 7.50004529953, 8.2198638916, 8.93968200684],
    "bpm_estimates": [80.7495117188, 84.7208023071, 75.9995346069, 79.5072174072, 75.9995346069, 80.74949646, 80.7495498657, 80.74949646, 80.74949646, 83.3543319702, 83.3543930054],
    "bpm_intervals": [0.743038535118, 0.708208560944, 0.789478540421, 0.754648447037, 0.789478540421, 0.743038654327, 0.74303817749, 0.743038654327, 0.743038654327, 0.719818592072, 0.719818115234],
    "onset_times": [0.232199549675, 0.441179126501, 1.70666670799, 2.48453521729, 4.52789115906, 6.74539661407, 6.94276666641],
    "histogram": [[0, 0, 0, 0, 0, 0, 0, 0, 0, 0, 0, 0, 0, 0, 0, 0, 0, 0, 0, 0, 0, 0, 0, 0, 0, 0, 0, 0, 0, 0, 0, 0, 0, 0, 0, 0, 0, 0, 0, 0, 0, 0, 0, 0, 0, 0, 0, 0, 0, 0, 0, 0, 0, 0, 0, 0, 0, 0, 0, 0, 0, 0, 0, 0, 0, 0, 0, 0, 0, 0, 0, 0, 0, 0, 0, 0, 0.181818187237, 0, 0, 0, 0.0909090936184, 0.454545468092, 0, 0.181818187237, 0, 0.0909090936184, 0, 0, 0, 0, 0, 0, 0, 0, 0, 0, 0, 0, 0, 0, 0, 0, 0, 0, 0, 0, 0, 0, 0, 0, 0, 0, 0, 0, 0, 0, 0, 0, 0, 0, 0, 0, 0, 0, 0, 0, 0, 0, 0, 0, 0, 0, 0, 0, 0, 0, 0, 0, 0, 0, 0, 0, 0, 0, 0, 0, 0, 0, 0, 0, 0, 0, 0, 0, 0, 0, 0, 0, 0, 0, 0, 0, 0, 0, 0, 0, 0, 0, 0, 0, 0, 0, 0, 0, 0, 0, 0, 0, 0, 0, 0, 0, 0, 0, 0, 0, 0, 0, 0, 0, 0, 0, 0, 0, 0, 0, 0, 0, 0, 0, 0, 0, 0, 0, 0, 0, 0, 0, 0, 0, 0, 0, 0, 0, 0, 0, 0, 0, 0, 0, 0, 0, 0, 0, 0, 0, 0, 0, 0, 0, 0, 0, 0, 0, 0, 0, 0, 0, 0, 0, 0, 0, 0, 0, 0, 0, 0, 0, 0, 0]]
},
"sfx": {
    "inharmonicity": {
        "kurt": 0.382753610611,
        "max": 0.379352211952,
        "mean": 0.0936679542065,
        "median": 0.0805445685983,
        "min": 0,
        "skew": 0.90105432272,
        "var": 0.00515941577032
    },
    "oddtoevenharmonicenergyratio": {
        "kurt": 32.654914856,
        "max": 23.5537853241,
        "mean": 1.24660384655,
        "median": 0.513923346996,
        "min": 0,
        "skew": 5.14713764191,
        "var": 6.07504749298
    },
    "pitch_after_max_to_before_max_energy_ratio": 0.349980145693,
    "pitch_centroid": 251.612182617,
    "pitch_max_to_total": 0.937045991421,
    "pitch_min_to_total": 0.397094428539,
    "tristimulus": {
        "kurt": [6.29540348053, 0.0359058380127, 0.287673950195],
        "max": [1, 0.838453352451, 1],
        "mean": [0.217821195722, 0.316892534494, 0.465286433697],
        "median": [0.215280652046, 0.301520496607, 0.478841274977],
        "min": [0, 0, 0],
        "skew": [1.68413043022, 0.299769878387, -0.30710542202],
        "var": [0.0293001849204, 0.0202675331384, 0.0337219722569],
        "cov": [[0.0293713007122, -0.00794210005552, -0.0214291941375], [-0.00794210005552, 0.0203167255968, -0.0123746385798], [-0.0214291941375, -0.0123746385798, 0.03380382061]]
    }
},
"tonal": {
    "chords_changes_rate": 0.115942031145,
    "chords_number_rate": 0.0386473424733,
    "chords_strength": {
        "kurt": 49.4809646606,
        "max": 0.668011426926,
        "mean": 0.493292629719,
        "median": 0.524851858616,
        "min": -1,
        "skew": -6.09397792816,
        "var": 0.0303132124245
    },
    "key_strength": 0.620329380035,
    "tuning_diatonic_strength": 0.598491847515,
    "tuning_equal_tempered_deviation": 0.240616768599,
    "tuning_frequency": 439.745910645,
    "tuning_nontempered_energy_ratio": 0.88365238905,
    "hpcp": {
        "kurt": [5.77875709534, 0.46288228035, -0.156942129135, 1.57359075546, 1.80945205688, 0.252586603165, -0.626185894012, 0.804641962051, 6.62382793427, 6.34599685669, 16.0602836609, 18.2283592224, 10.4633798599, 14.9438667297, 14.0774536133, 4.5638256073, 8.64829063416, 11.8920688629, 14.5940761566, 4.6541185379, 16.3158836365, 21.9638671875, 8.04082965851, 1.37852144241, 0.837248563766, -0.00310945510864, -0.70863199234, 0.193970918655, 5.21126079559, 10.6490650177, 24.1671733856, 41.037197113, 6.07347583771, 14.7342185974, 26.6782989502, 21.0091114044],
        "max": [0.933838605881, 1, 1, 1, 1, 1, 1, 1, 1, 0.735294103622, 1, 1, 0.732384741306, 0.884616494179, 0.741927862167, 0.42990347743, 0.555051386356, 0.794672966003, 0.888284862041, 0.381940931082, 0.730635821819, 1, 1, 1, 1, 1, 1, 1, 1, 0.732815146446, 1, 1, 0.341432213783, 0.526975512505, 0.786954760551, 1],
        "mean": [0.124079369009, 0.243305936456, 0.270147979259, 0.200804829597, 0.200589925051, 0.262025922537, 0.322159588337, 0.237027868629, 0.121059753001, 0.0900810435414, 0.082812294364, 0.0837090238929, 0.0838972702622, 0.0855329111218, 0.0756638050079, 0.0677422061563, 0.0759175717831, 0.0919069573283, 0.0877567604184, 0.0646167546511, 0.0653624162078, 0.0814561545849, 0.122254617512, 0.207547873259, 0.242973297834, 0.281187713146, 0.332315057516, 0.272888451815, 0.150488346815, 0.0762272030115, 0.0666175410151, 0.0582930482924, 0.050027012825, 0.0505633018911, 0.0630372464657, 0.0822424292564],
