{
"metadata": {
    "version": {
        "essentia": "2.1-beta3"
    }
},
"lowLevel": {
    "average_loudness": 0.987596511841,
    "barkbands_kurtosis": {
        "kurt": 2.05064439774,
        "max": 6.67855739594,
        "mean": -0.154178157449,
        "median": -1.06752204895,
        "min": -1.7620575428,
        "skew": 1.61844789982,
        "var": 3.45200395584
    },
    "barkbands_skewness": {
        "kurt": 0.0591394901276,
        "max": 2.76156044006,
        "mean": 0.138557985425,
        "median": -0.0552106946707,
        "min": -2.09077572823,
        "skew": 0.620276689529,
        "var": 1.03192579746
    },
    "barkbands_spread": {
        "kurt": -1.23809087276,
        "max": 54.810962677,
        "mean": 34.0961303711,
        "median": 36.8162002563,
        "min": 8.37814712524,
        "skew": -0.232666507363,
        "var": 159.945877075
    },
    "dissonance": {
        "kurt": 12.4176263809,
        "max": 0.499964952469,
        "mean": 0.486959308386,
        "median": 0.490472912788,
        "min": 0.391555786133,
        "skew": -2.54945540428,
        "var": 0.000146904189023
    },
    "hfc": {
        "kurt": 10.4134120941,
        "max": 7.30642938614,
        "mean": 0.774421334267,
        "median": 0.417271792889,
        "min": 0.0617877356708,
        "skew": 2.94062709808,
        "var": 0.948352456093
    },
    "pitch": {
        "kurt": 1.44240903854,
        "max": 3525.94604492,
        "mean": 801.501220703,
        "median": 613.84362793,
        "min": 76.5022964478,
        "skew": 1.45579528809,
        "var": 555542.375
    },
    "pitch_instantaneous_confidence": {
        "kurt": 2.29923439026,
        "max": 0.627672672272,
        "mean": 0.246957778931,
        "median": 0.22484895587,
        "min": 0.123667538166,
        "skew": 1.4530441761,
        "var": 0.00741149066016
    },
    "pitch_salience": {
        "kurt": -0.728766918182,
        "max": 0.828888177872,
        "mean": 0.583967626095,
        "median": 0.612268805504,
        "min": 0.212588503957,
        "skew": -0.553766787052,
        "var": 0.0238782130182
    },
    "silence_rate_20dB": {
        "kurt": 0,
        "max": 1,
        "mean": 1,
        "median": 1,
        "min": 1,
        "skew": 0,
        "var": 0
    },
    "silence_rate_30dB": {
        "kurt": 0,
        "max": 1,
        "mean": 1,
        "median": 1,
        "min": 1,
        "skew": 0,
        "var": 0
    },
    "silence_rate_60dB": {
        "kurt": 0,
        "max": 1,
        "mean": 1,
        "median": 1,
        "min": 1,
        "skew": 0,
        "var": 0
    },
    "spectral_centroid": {
        "kurt": -0.772587060928,
        "max": 2215.6015625,
        "mean": 1324.15014648,
        "median": 1441.29748535,
        "min": 297.434539795,
        "skew": -0.476762115955,
        "var": 257569.515625
    },
    "spectral_complexity": {
        "kurt": 6.9043712616,
        "max": 10,
        "mean": 1.0945122242,
        "median": 1,
        "min": 0,
        "skew": 2.57017183304,
        "var": 3.16483998299
    },
    "spectral_crest": {
        "kurt": -0.0726914405823,
        "max": 17.8517742157,
        "mean": 8.38213348389,
        "median": 7.5074596405,
        "min": 2.59756612778,
        "skew": 0.860558331013,
        "var": 14.1454553604
    },
    "spectral_decrease": {
        "kurt": 4.86842298508,
        "max": -1.89251114779e-11,
        "mean": -1.28442506631e-10,
        "median": -1.0069568096e-10,
        "min": -7.43412831294e-10,
        "skew": -1.75644934177,
        "var": 1.04648881116e-20
    },
    "spectral_energy": {
        "kurt": 6.52039718628,
        "max": 0.00346852629445,
        "mean": 0.000555014063139,
        "median": 0.000441795651568,
        "min": 8.32615842228e-05,
        "skew": 2.06870961189,
        "var": 2.14111310015e-07
    },
    "spectral_energyband_high": {
        "kurt": 5.04709529877,
        "max": 6.72147070873e-05,
        "mean": 1.36194112201e-05,
        "median": 9.75324110186e-06,
        "min": 1.73408602677e-06,
        "skew": 1.95728051662,
        "var": 9.87870896196e-11
    },
    "spectral_energyband_low": {
        "kurt": 1.42216682434,
        "max": 0.000855239457451,
        "mean": 0.000178669666639,
        "median": 8.31311626825e-05,
        "min": 7.92223545432e-06,
        "skew": 1.63628554344,
        "var": 4.77085606576e-08
    },
    "spectral_energyband_middle_high": {
        "kurt": 9.67255020142,
        "max": 0.0030155684799,
        "mean": 0.000301662657876,
        "median": 0.000140213262057,
        "min": 1.7123618818e-05,
        "skew": 2.88440585136,
        "var": 1.73084146127e-07
    },
    "spectral_energyband_middle_low": {
        "kurt": 4.22349596024,
        "max": 0.000355179567123,
        "mean": 6.82578684064e-05,
        "median": 5.1677794545e-05,
        "min": 8.77169259184e-06,
        "skew": 1.93160748482,
        "var": 3.13596615342e-09
    },
    "spectral_flatness_db": {
        "kurt": 0.156023740768,
        "max": 0.219617083669,
        "mean": 0.135963305831,
        "median": 0.12914249301,
        "min": 0.0917638167739,
        "skew": 0.880631506443,
        "var": 0.000693814770784
    },
    "spectral_flux": {
        "kurt": 0.457355260849,
        "max": 0.0519662424922,
        "mean": 0.0193801186979,
        "median": 0.017936643213,
        "min": 0.00615709275007,
        "skew": 0.807940363884,
        "var": 6.83171965647e-05
    },
    "spectral_kurtosis": {
        "kurt": 1.0673866272,
        "max": 13.2926502228,
        "mean": 5.88666296005,
        "median": 5.60833120346,
        "min": 2.9996676445,
        "skew": 0.789446115494,
        "var": 2.40855026245
    },
    "spectral_rms": {
        "kurt": 0.789293527603,
        "max": 0.00183954555541,
        "mean": 0.000682764453813,
        "median": 0.000656520365737,
        "min": 0.000285010202788,
        "skew": 0.842378973961,
        "var": 7.53099698159e-08
    },
    "spectral_rolloff": {
        "kurt": 0.937662124634,
        "max": 3596.04492188,
        "mean": 2466.27392578,
        "median": 2627.05078125,
        "min": 129.19921875,
        "skew": -1.3288090229,
        "var": 658952.25
    },
    "spectral_skewness": {
        "kurt": -0.352472305298,
        "max": 2.74112439156,
        "mean": 1.80124342442,
        "median": 1.78541445732,
        "min": 1.27386820316,
        "skew": 0.355550289154,
        "var": 0.0646399632096
    },
    "spectral_spread": {
        "kurt": 229.565994263,
        "max": 20958720,
        "mean": 4108587,
        "median": 4097306,
        "min": 2663343.5,
        "skew": 13.9557628632,
        "var": 1.02819902259e+12
    },
    "spectral_strongpeak": {
        "kurt": 11.1568889618,
        "max": 1.01039409637,
        "mean": 0.0833333656192,
        "median": 0.0368060097098,
        "min": 0,
        "skew": 2.98962712288,
        "var": 0.0170371178538
    },
    "zerocrossingrate": {
        "kurt": 0.702023029327,
        "max": 0.0966796875,
        "mean": 0.0750747323036,
        "median": 0.076904296875,
        "min": 0.01123046875,
        "skew": -0.609680593014,
        "var": 0.000164090830367
    },
    "barkbands": {
        "kurt": [272.508666992, 1.69567966461, 2.73655939102, 3.51290082932, 9.23324775696, 18.2177371979, 3.30302476883, 5.03057956696, 6.012134552, 12.8805465698, 6.33236789703, 5.8722448349, 11.1337909698, 4.64828252792, 11.5237560272, 15.2121372223, 21.824590683, 12.5271520615, 5.81659603119, 4.45042037964, 12.7504892349, 2.81534862518, 6.58942508698, 4.27569675446, 8.56561374664, 62.7495574951, 322.09375],
        "max": [2.0932762709e-05, 0.000633077404927, 0.000304992252495, 3.03274828184e-05, 1.31181377583e-05, 3.27507659676e-05, 3.21269035339e-05, 6.50068977848e-05, 0.00024469618802, 0.000126102226204, 7.27225124137e-05, 0.00019870219694, 0.00021519762231, 7.54146749387e-05, 0.000193357365788, 0.00098662218079, 0.00137050705962, 0.000236127816606, 0.00010068321717, 0.000101039026049, 3.51564631274e-05, 6.79096365275e-06, 2.98779104924e-06, 1.42257226798e-06, 1.11373583422e-06, 6.86928203208e-08, 7.14391035217e-08],
        "mean": [4.59504946093e-07, 0.000123728648759, 5.09004203195e-05, 4.86500039187e-06, 1.94131371245e-06, 4.28337307312e-06, 6.81517940393e-06, 1.16358532978e-05, 3.28508613165e-05, 1.34435249493e-05, 1.14328340715e-05, 2.35131010413e-05, 1.75238255906e-05, 1.45132726175e-05, 1.98504003492e-05, 6.47649576422e-05, 8.36530307424e-05, 2.39321361732e-05, 1.97135286726e-05, 1.74813740159e-05, 5.50334516447e-06, 1.42960846006e-06, 4.12348470036e-07, 2.42749678137e-07, 1.20162653161e-07, 3.92162657903e-09, 3.1120336863e-10],
        "median": [2.90686642757e-07, 6.04632368777e-05, 2.1429365006e-05, 2.38994471147e-06, 1.47311413912e-06, 3.56421742254e-06, 5.47206809642e-06, 8.27682561066e-06, 1.75426757778e-05, 7.51295829104e-06, 8.21695903142e-06, 9.63342245086e-06, 5.24944925928e-06, 9.2706632131e-06, 8.77360798768e-06, 1.49020979734e-05, 2.84865036519e-05, 1.14840913739e-05, 1.46010479511e-05, 1.08572694444e-05, 4.09016183767e-06, 1.13535429591e-06, 2.13275427541e-07, 1.3910943153e-07, 4.39580674083e-08, 2.15774509371e-09, 5.98003174757e-11],
        "min": [3.00467561942e-08, 4.35949095845e-06, 3.13891518999e-07, 1.05458795474e-07, 8.82531310253e-08, 2.75252318716e-07, 6.34476407413e-07, 4.37369493511e-07, 1.82043663699e-06, 7.7827644418e-07, 5.19593641002e-07, 1.31208980747e-06, 5.95769790834e-07, 1.72599015968e-06, 1.00962733995e-06, 1.68088388364e-06, 6.40988957912e-07, 2.17396063817e-06, 1.74966396571e-06, 8.34275624584e-07, 4.26078884175e-07, 1.88635581821e-07, 4.54112196735e-08, 2.35922961167e-08, 7.9823658794e-09, 4.47473391674e-10, 6.54587105006e-12],
        "skew": [15.8987150192, 1.6958091259, 1.94474077225, 1.87421619892, 2.36870932579, 2.98104071617, 1.64700961113, 2.0555524826, 2.34730792046, 3.11012339592, 2.20093274117, 2.35394906998, 3.02937698364, 2.15546011925, 3.21719670296, 3.4957511425, 4.11415433884, 3.2807199955, 2.06851601601, 2.09874606133, 2.82197761536, 1.61072158813, 2.53793716431, 2.14667773247, 2.84262084961, 6.14986419678, 17.9904174805],
        "var": [1.39437896993e-12, 2.39941098101e-08, 4.92441865063e-09, 3.31339400361e-11, 3.03540222471e-12, 1.05227597469e-11, 2.79958608379e-11, 1.08975224677e-10, 1.51237322665e-09, 2.68933042502e-10, 1.13655460043e-10, 9.6462760002e-10, 8.65684357532e-10, 2.14692347233e-10, 8.77624195539e-10, 1.54385357831e-08, 2.32490613428e-08, 1.20101162349e-09, 2.2807279676e-10, 3.04399727646e-10, 1.80166350588e-11, 1.25349025864e-12, 2.59137004389e-13, 7.22878923604e-14, 3.54276917319e-14, 2.90853147724e-17, 1.54931193429e-17],
        "cov": [[1.39864313707e-12, 4.21130248729e-11, 1.33154910709e-11, 1.45175202155e-12, 9.687332181e-14, -1.85086036666e-13, -4.86873291249e-13, -1.32795695013e-12, -5.77579997718e-12, -2.10762635643e-12, -1.27373426476e-12, -5.79678622811e-12, -5.04801712584e-12, -2.45555442299e-12, -4.50127825638e-12, -1.93754092631e-11, -1.81017527356e-11, -5.16894383198e-12, -2.02712738089e-12, -2.68038846327e-12, -5.81559269058e-13, -7.62851492587e-14, -8.14071168332e-14, -4.26534113205e-14, -2.63016909955e-14, 3.56221272979e-15, 4.45511759333e-15], [4.21130248729e-11, 2.40674857821e-08, 8.61116422612e-09, 6.17551176862e-10, 2.98540601962e-11, 4.30724449163e-11, 2.65414253076e-12, -1.85292003962e-10, -1.07679554162e-09, -4.31921776123e-10, -1.7973442179e-10, -1.28341037797e-09, -1.22447607609e-09, -4.79905781781e-10, -1.1043941317e-09, -5.22646681489e-09, -5.09146635963e-09, -1.27693200458e-09, -4.47714670893e-10, -6.4229460639e-10, -1.43460660018e-10, -1.25486305375e-11, -1.9662382833e-11, -1.07108653544e-11, -8.10813742536e-12, -1.97904003298e-13, -1.55944728701e-14], [1.33154910709e-11, 8.61116422612e-09, 4.93947771574e-09, 3.0935562445e-10, 2.60553228298e-11, -6.50316714541e-13, -8.40089662332e-13, -5.95818047677e-11, -1.90488028129e-10, -8.2221465747e-11, 5.8185873654e-12, -3.7608963166e-10, -3.73586939162e-10, -8.56409249073e-11, -3.4585204145e-10, -1.73726033559e-09, -1.93398008719e-09, -4.07479106013e-10, -1.88630971953e-10, -2.77231015922e-10, -6.06315136986e-11, -5.448246021e-12, -6.53773866641e-12, -2.46216502048e-12, -2.80364034939e-12, -7.20078497155e-14, -2.96102304866e-15], [1.45175202155e-12, 6.17551176862e-10, 3.0935562445e-10, 3.32352687038e-11, 4.27289150243e-12, 1.23816831354e-12, 6.3457550846e-13, 2.24857502409e-12, 1.07083430664e-11, -7.33645403542e-13, 5.01698465757e-12, -1.6952127202e-11, -1.51962140787e-11, -1.98282276015e-12, -9.94802330789e-12, -3.48247784776e-11, -2.43119985949e-11, -1.12362480431e-11, -1.13158310847e-12, -5.09847936439e-12, -6.45231210041e-13, 6.39789382497e-13, -1.17124503997e-13, -2.320616335e-14, -1.05040230528e-13, -1.35466127485e-15, 9.63052744106e-16], [9.687332181e-14, 2.98540601962e-11, 2.60553228298e-11, 4.27289150243e-12, 3.04468473003e-12, 6.31804775598e-13, 1.42096089669e-12, 5.59386131166e-12, 2.41144031826e-11, 7.34601615648e-12, 6.11260824943e-12, 1.30799902159e-11, 1.37287030702e-11, 5.68671368675e-12, 1.40568260157e-11, 7.41218406097e-11, 8.67979785268e-11, 1.22955794851e-11, 6.95037430387e-12, 8.97227084296e-12, 1.73699227744e-12, 5.12788325257e-13, 2.3048604041e-13, 1.35138794144e-13, 6.86600841286e-14, 1.87012444545e-15, 1.32541862702e-16], [-1.85086036666e-13, 4.30724449163e-11, -6.50316714541e-13, 1.23816831354e-12, 6.31804775598e-13, 1.05549397347e-11, 3.16601562675e-12, 2.5896652444e-12, 2.19933255635e-11, 5.31655058519e-12, 7.21533076342e-12, 2.50778425803e-11, 1.35203870669e-11, 5.95296988787e-12, 1.31943579326e-11, 4.10423812991e-11, 6.87842005576e-11, 1.14457462605e-11, 4.70033300476e-12, 9.52829828926e-12, 2.04883636098e-12, 6.88852512358e-13, 3.53034740113e-13, 1.30977070552e-13, 8.67361602463e-14, 2.34977802766e-15, -8.48783658477e-16], [-4.86873291249e-13, 2.65414253076e-12, -8.40089662332e-13, 6.3457550846e-13, 1.42096089669e-12, 3.16601562675e-12, 2.80814746456e-11, 2.38574559414e-11, 8.94027837872e-11, 3.2653078158e-11, 2.36437380091e-11, 7.40828509649e-11, 6.73076247515e-11, 3.11112871576e-11, 6.13782219494e-11, 2.0753432306e-10, 2.21341486806e-10, 6.57492671419e-11, 3.40861575077e-11, 4.23479168399e-11, 6.19758064313e-12, 2.49740874682e-12, 1.32297970322e-12, 6.95614410257e-13, 4.50829857387e-13, 7.74996437332e-15, -1.03719936133e-15], [-1.32795695013e-12, -1.85292003962e-10, -5.95818047677e-11, 2.24857502409e-12, 5.59386131166e-12, 2.5896652444e-12, 2.38574559414e-11, 1.09308478935e-10, 2.68990107966e-10, 7.700317467e-11, 5.17563526758e-11, 1.79782133625e-10, 1.73218911437e-10, 7.71537972399e-11, 1.54060569857e-10, 7.45863704132e-10, 8.0030421179e-10, 2.01487063145e-10, 8.86897777441e-11, 1.14633316728e-10, 2.00775455289e-11, 5.60731062277e-12, 3.18675706483e-12, 1.77481694705e-12, 1.15979307321e-12, 1.93743116575e-14, -1.83289671215e-15], [-5.77579997718e-12, -1.07679554162e-09, -1.90488028129e-10, 1.07083430664e-11, 2.41144031826e-11, 2.19933255635e-11, 8.94027837872e-11, 2.68990107966e-10, 1.51699819373e-09, 3.91523508059e-10, 2.49788884021e-10, 8.92393103857e-10, 7.95632448813e-10, 3.6397992953e-10, 7.90375043191e-10, 3.37193251099e-09, 3.82494924622e-09, 9.57320223094e-10, 3.49496709351e-10, 4.95563312608e-10, 9.53870454845e-11, 2.41066402951e-11, 1.44329088611e-11, 8.1071139385e-12, 5.45970994109e-12, 9.86704004635e-14, -4.46895853521e-15], [-2.10762635643e-12, -4.31921776123e-10, -8.2221465747e-11, -7.33645403542e-13, 7.34601615648e-12, 5.31655058519e-12, 3.2653078158e-11, 7.700317467e-11, 3.91523508059e-10, 2.69755467963e-10, 9.84367309886e-11, 2.60356319837e-10, 2.80347578485e-10, 1.21909954354e-10, 2.33174590747e-10, 1.02993857887e-09, 1.00244534895e-09, 2.77995793052e-10, 1.29187410769e-10, 1.65418789777e-10, 2.92630468468e-11, 9.24441252714e-12, 4.92740223623e-12, 2.63684820506e-12, 1.90310809646e-12, 2.90343548086e-14, -2.007179035e-15], [-1.27373426476e-12, -1.7973442179e-10, 5.8185873654e-12, 5.01698465757e-12, 6.11260824943e-12, 7.21533076342e-12, 2.36437380091e-11, 5.17563526758e-11, 2.49788884021e-10, 9.84367309886e-11, 1.14003029239e-10, 1.94764107619e-10, 1.94745705673e-10, 8.32890076352e-11, 1.71119382553e-10, 7.1688882608e-10, 8.23281942619e-10, 1.78752790347e-10, 8.28977442247e-11, 1.13367232268e-10, 1.99186812877e-11, 5.6465249143e-12, 3.27864623471e-12, 1.8665557381e-12, 1.15913832352e-12, 2.22239930723e-14, -1.4210971394e-15], [-5.79678622811e-12, -1.28341037797e-09, -3.7608963166e-10, -1.6952127202e-11, 1.30799902159e-11, 2.50778425803e-11, 7.40828509649e-11, 1.79782133625e-10, 8.92393103857e-10, 2.60356319837e-10, 1.94764107619e-10, 9.67577573618e-10, 7.87591103446e-10, 3.37834399344e-10, 6.96454172111e-10, 2.74064015926e-09, 2.98122349029e-09, 7.77134689933e-10, 2.8016047815e-10, 3.87964688153e-10, 6.46760978107e-11, 1.73301911016e-11, 1.13841132701e-11, 6.37060586575e-12, 4.0939838325e-12, 9.27312697116e-14, -2.94519877914e-15], [-5.04801712584e-12, -1.22447607609e-09, -3.73586939162e-10, -1.51962140787e-11, 1.37287030702e-11, 1.35203870669e-11, 6.73076247515e-11, 1.73218911437e-10, 7.95632448813e-10, 2.80347578485e-10, 1.94745705673e-10, 7.87591103446e-10, 8.68331739845e-10, 3.17990106469e-10, 6.00889227265e-10, 2.83248136057e-09, 2.76659672949e-09, 7.40495054163e-10, 3.10074271814e-10, 4.07105099631e-10, 6.91357457394e-11, 1.84861223551e-11, 1.13970282864e-11, 6.40344678324e-12, 4.19691061418e-12, 9.01131450817e-14, -1.96541925191e-15], [-2.45555442299e-12, -4.79905781781e-10, -8.56409249073e-11, -1.98282276015e-12, 5.68671368675e-12, 5.95296988787e-12, 3.11112871576e-11, 7.71537972399e-11, 3.6397992953e-10, 1.21909954354e-10, 8.32890076352e-11, 3.37834399344e-10, 3.17990106469e-10, 2.15348905375e-10, 3.32162880534e-10, 1.29145316663e-09, 1.32922584051e-09, 3.52602780307e-10, 1.24724744421e-10, 1.799637106e-10, 3.24997355416e-11, 8.99416825739e-12, 5.291281302e-12, 3.09870098331e-12, 1.85075002199e-12, 4.33853494309e-14, -1.67305725396e-15], [-4.50127825638e-12, -1.1043941317e-09, -3.4585204145e-10, -9.94802330789e-12, 1.40568260157e-11, 1.31943579326e-11, 6.13782219494e-11, 1.54060569857e-10, 7.90375043191e-10, 2.33174590747e-10, 1.71119382553e-10, 6.96454172111e-10, 6.00889227265e-10, 3.32162880534e-10, 8.80308048679e-10, 3.01702729466e-09, 3.55459794932e-09, 7.29489246787e-10, 2.76106526531e-10, 3.55923679418e-10, 7.42213304705e-11, 1.70148704154e-11, 1.00355782712e-11, 6.02605899208e-12, 3.39721870427e-12, 8.18668592119e-14, -2.68257070813e-15], [-1.93754092631e-11, -5.22646681489e-09, -1.73726033559e-09, -3.48247784776e-11, 7.41218406097e-11, 4.10423812991e-11, 2.0753432306e-10, 7.45863704132e-10, 3.37193251099e-09, 1.02993857887e-09, 7.1688882608e-10, 2.74064015926e-09, 2.83248136057e-09, 1.29145316663e-09, 3.01702729466e-09, 1.54857477952e-08, 1.69288369989e-08, 3.55342777425e-09, 1.27269450534e-09, 1.67235547632e-09, 3.57700619125e-10, 7.8102843637e-11, 4.66475330585e-11, 2.70387288948e-11, 1.59901033386e-11, 3.73078385676e-13, -7.00693987221e-15], [-1.81017527356e-11, -5.09146635963e-09, -1.93398008719e-09, -2.43119985949e-11, 8.67979785268e-11, 6.87842005576e-11, 2.21341486806e-10, 8.0030421179e-10, 3.82494924622e-09, 1.00244534895e-09, 8.23281942619e-10, 2.98122349029e-09, 2.76659672949e-09, 1.32922584051e-09, 3.55459794932e-09, 1.69288369989e-08, 2.33201582489e-08, 4.24704227342e-09, 1.40976341712e-09, 1.8380839073e-09, 4.24990681536e-10, 8.91146323401e-11, 4.70883991521e-11, 2.91741596159e-11, 1.68352831675e-11, 4.05736777726e-13, -1.12561988132e-14], [-5.16894383198e-12, -1.27693200458e-09, -4.07479106013e-10, -1.12362480431e-11, 1.22955794851e-11, 1.14457462605e-11, 6.57492671419e-11, 2.01487063145e-10, 9.57320223094e-10, 2.77995793052e-10, 1.78752790347e-10, 7.77134689933e-10, 7.40495054163e-10, 3.52602780307e-10, 7.29489246787e-10, 3.55342777425e-09, 4.24704227342e-09, 1.20468435227e-09, 3.37339822742e-10, 4.32701097175e-10, 9.32497482009e-11, 2.28254169038e-11, 1.19093927428e-11, 7.0364161546e-12, 4.66905680785e-12, 9.70205767939e-14, -2.63132457955e-15], [-2.02712738089e-12, -4.47714670893e-10, -1.88630971953e-10, -1.13158310847e-12, 6.95037430387e-12, 4.70033300476e-12, 3.40861575077e-11, 8.86897777441e-11, 3.49496709351e-10, 1.29187410769e-10, 8.28977442247e-11, 2.8016047815e-10, 3.10074271814e-10, 1.24724744421e-10, 2.76106526531e-10, 1.27269450534e-09, 1.40976341712e-09, 3.37339822742e-10, 2.28770266619e-10, 2.03866298842e-10, 4.05312519658e-11, 1.35562472706e-11, 5.64630200234e-12, 3.00252552855e-12, 1.98146555587e-12, 4.14400569524e-14, -3.08688473308e-15], [-2.68038846327e-12, -6.4229460639e-10, -2.77231015922e-10, -5.09847936439e-12, 8.97227084296e-12, 9.52829828926e-12, 4.23479168399e-11, 1.14633316728e-10, 4.95563312608e-10, 1.65418789777e-10, 1.13367232268e-10, 3.87964688153e-10, 4.07105099631e-10, 1.799637106e-10, 3.55923679418e-10, 1.67235547632e-09, 1.8380839073e-09, 4.32701097175e-10, 2.03866298842e-10, 3.05330594141e-10, 5.03017766329e-11, 1.46108420501e-11, 7.36055140449e-12, 4.03238900604e-12, 2.62912087934e-12, 5.36486782462e-14, -2.63559193153e-15], [-5.81559269058e-13, -1.43460660018e-10, -6.06315136986e-11, -6.45231210041e-13, 1.73699227744e-12, 2.04883636098e-12, 6.19758064313e-12, 2.00775455289e-11, 9.53870454845e-11, 2.92630468468e-11, 1.99186812877e-11, 6.46760978107e-11, 6.91357457394e-11, 3.24997355416e-11, 7.42213304705e-11, 3.57700619125e-10, 4.24990681536e-10, 9.32497482009e-11, 4.05312519658e-11, 5.03017766329e-11, 1.80717316112e-11, 3.16249804122e-12, 1.49821116884e-12, 8.01930407929e-13, 4.68139795592e-13, 1.07061322291e-14, -9.14366878484e-16], [-7.62851492587e-14, -1.25486305375e-11, -5.448246021e-12, 6.39789382497e-13, 5.12788325257e-13, 6.88852512358e-13, 2.49740874682e-12, 5.60731062277e-12, 2.41066402951e-11, 9.24441252714e-12, 5.6465249143e-12, 1.73301911016e-11, 1.84861223551e-11, 8.99416825739e-12, 1.70148704154e-11, 7.8102843637e-11, 8.91146323401e-11, 2.28254169038e-11, 1.35562472706e-11, 1.46108420501e-11, 3.16249804122e-12, 1.25732356384e-12, 4.32233594619e-13, 2.2253870296e-13, 1.39116786125e-13, 2.88350005223e-15, -1.54812357353e-16], [-8.14071168332e-14, -1.9662382833e-11, -6.53773866641e-12, -1.17124503997e-13, 2.3048604041e-13, 3.53034740113e-13, 1.32297970322e-12, 3.18675706483e-12, 1.44329088611e-11, 4.92740223623e-12, 3.27864623471e-12, 1.13841132701e-11, 1.13970282864e-11, 5.291281302e-12, 1.00355782712e-11, 4.66475330585e-11, 4.70883991521e-11, 1.19093927428e-11, 5.64630200234e-12, 7.36055140449e-12, 1.49821116884e-12, 4.32233594619e-13, 2.59929447757e-13, 1.26543740764e-13, 7.96167331282e-14, 1.63498894633e-15, -4.4593995037e-17], [-4.26534113205e-14, -1.07108653544e-11, -2.46216502048e-12, -2.320616335e-14, 1.35138794144e-13, 1.30977070552e-13, 6.95614410257e-13, 1.77481694705e-12, 8.1071139385e-12, 2.63684820506e-12, 1.8665557381e-12, 6.37060586575e-12, 6.40344678324e-12, 3.09870098331e-12, 6.02605899208e-12, 2.70387288948e-11, 2.91741596159e-11, 7.0364161546e-12, 3.00252552855e-12, 4.03238900604e-12, 8.01930407929e-13, 2.2253870296e-13, 1.26543740764e-13, 7.25089611834e-14, 4.12373280868e-14, 8.9412702621e-16, -1.2701876948e-17], [-2.63016909955e-14, -8.10813742536e-12, -2.80364034939e-12, -1.05040230528e-13, 6.86600841286e-14, 8.67361602463e-14, 4.50829857387e-13, 1.15979307321e-12, 5.45970994109e-12, 1.90310809646e-12, 1.15913832352e-12, 4.0939838325e-12, 4.19691061418e-12, 1.85075002199e-12, 3.39721870427e-12, 1.59901033386e-11, 1.68352831675e-11, 4.66905680785e-12, 1.98146555587e-12, 2.62912087934e-12, 4.68139795592e-13, 1.39116786125e-13, 7.96167331282e-14, 4.12373280868e-14, 3.55360340221e-14, 5.59894125031e-16, 1.06119693548e-18], [3.56221272979e-15, -1.97904003298e-13, -7.20078497155e-14, -1.35466127485e-15, 1.87012444545e-15, 2.34977802766e-15, 7.74996437332e-15, 1.93743116575e-14, 9.86704004635e-14, 2.90343548086e-14, 2.22239930723e-14, 9.27312697116e-14, 9.01131450817e-14, 4.33853494309e-14, 8.18668592119e-14, 3.73078385676e-13, 4.05736777726e-13, 9.70205767939e-14, 4.14400569524e-14, 5.36486782462e-14, 1.07061322291e-14, 2.88350005223e-15, 1.63498894633e-15, 8.9412702621e-16, 5.59894125031e-16, 2.91742598493e-17, 1.44070642858e-17], [4.45511759333e-15, -1.55944728701e-14, -2.96102304866e-15, 9.63052744106e-16, 1.32541862702e-16, -8.48783658477e-16, -1.03719936133e-15, -1.83289671215e-15, -4.46895853521e-15, -2.007179035e-15, -1.4210971394e-15, -2.94519877914e-15, -1.96541925191e-15, -1.67305725396e-15, -2.68257070813e-15, -7.00693987221e-15, -1.12561988132e-14, -2.63132457955e-15, -3.08688473308e-15, -2.63559193153e-15, -9.14366878484e-16, -1.54812357353e-16, -4.4593995037e-17, -1.2701876948e-17, 1.06119693548e-18, 1.44070642858e-17, 1.5540498594e-17]]
    },
    "mfcc": {
        "kurt": [-0.226180315018, -0.191583395004, -0.179290294647, -0.915539503098, 0.0344007015228, -0.0729396343231, 0.0699200630188, -0.345252990723, -0.529823541641, -0.22261095047, 0.57524728775, 0.0437204837799, 0.4013235569],
        "max": [-738.551574707, 152.346954346, -16.8169708252, 64.1482925415, 22.923122406, 17.7285079956, 39.0337905884, 31.7835578918, 36.959690094, 29.3926410675, 23.5502281189, 29.3639068604, 22.664068222],
        "mean": [-830.807067871, 113.810905457, -61.2018623352, 38.2995262146, 0.918993711472, 1.22780287266, 14.0871257782, 12.6063175201, 21.6865329742, 12.4605379105, 7.75681734085, 11.1620674133, 8.44868850708],
        "median": [-832.584716797, 113.895278931, -57.8817596436, 39.4568138123, 0.745376586914, 1.65249252319, 14.3263912201, 12.1788654327, 21.9012336731, 12.280880928, 8.45557403564, 11.2829141617, 9.18818473816],
        "min": [-914.237792969, 84.452835083, -105.629508972, 5.43011474609, -17.7218704224, -26.5836639404, -6.97229957581, -3.1382598877, 6.43782424927, -1.18410110474, -12.8406829834, -3.94890975952, -12.4224853516],
        "skew": [0.516890406609, 0.215480387211, -0.466755002737, -0.281366407871, -0.00896381214261, -0.282575726509, 0.0176388472319, 0.255867004395, -0.118308350444, 0.282711446285, -0.356604337692, -0.011000437662, -0.512821555138],
        "var": [1229.78857422, 183.165161133, 244.259765625, 204.517883301, 47.0720977783, 62.1742401123, 55.8731613159, 45.5185508728, 33.9871292114, 32.1438369751, 31.5894737244, 30.0747184753, 35.7252960205],
        "cov": [[1233.54943848, -182.760375977, -384.046325684, -241.635971069, 17.9978237152, -68.3177490234, -126.40045929, 40.5786972046, 6.16962194443, -11.5422801971, -54.668888092, -30.8033466339, 21.9065647125], [-182.760375977, 183.725296021, 139.214950562, 79.5679016113, 22.6718559265, 48.844745636, 59.2524719238, 28.5973434448, 20.9676532745, 18.0423679352, 16.3319683075, -6.95018482208, -20.6088695526], [-384.046325684, 139.214950562, 245.006744385, 161.355361938, -2.02699899673, 65.0665740967, 74.9673309326, 23.2187709808, 9.17790985107, 26.4669246674, 28.6531982422, -3.00976252556, -28.3311710358], [-241.635971069, 79.5679016113, 161.355361938, 205.143325806, 12.3757648468, 52.127986908, 42.963558197, 33.0485572815, 28.6615066528, 17.7499885559, 12.8571825027, 9.582072258, -14.1511487961], [17.9978237152, 22.6718559265, -2.02699899673, 12.3757648468, 47.2160453796, 17.2038841248, 4.27429771423, 8.57907676697, 8.74258804321, 2.6435136795, -2.33479404449, 4.60366106033, -3.56278371811], [-68.3177490234, 48.844745636, 65.0665740967, 52.127986908, 17.2038841248, 62.3643760681, 37.200378418, 21.1536960602, 4.82804870605, 16.0514011383, 6.58650350571, -2.67052030563, -11.6225652695], [-126.40045929, 59.2524719238, 74.9673309326, 42.963558197, 4.27429771423, 37.200378418, 56.0440254211, 20.0067920685, 7.76239585876, 13.7902088165, 11.1704807281, -1.65669441223, -11.1031389236], [40.5786972046, 28.5973434448, 23.2187709808, 33.0485572815, 8.57907676697, 21.1536960602, 20.0067920685, 45.6577529907, 19.4821929932, 10.8186731339, 3.48814129829, -5.57620096207, -11.979839325], [6.16962194443, 20.9676532745, 9.17790985107, 28.6615066528, 8.74258804321, 4.82804870605, 7.76239585876, 19.4821929932, 34.0910644531, 10.7998371124, 3.14888477325, 2.11371588707, -1.76902186871], [-11.5422801971, 18.0423679352, 26.4669246674, 17.7499885559, 2.6435136795, 16.0514011383, 13.7902088165, 10.8186731339, 10.7998371124, 32.2421379089, 14.5240869522, 0.583498835564, -4.37246847153], [-54.668888092, 16.3319683075, 28.6531982422, 12.8571825027, -2.33479404449, 6.58650350571, 11.1704807281, 3.48814129829, 3.14888477325, 14.5240869522, 31.6860790253, 6.6898765564, -2.4462852478], [-30.8033466339, -6.95018482208, -3.00976252556, 9.582072258, 4.60366106033, -2.67052030563, -1.65669441223, -5.57620096207, 2.11371588707, 0.583498835564, 6.6898765564, 30.1666908264, 15.8244819641], [21.9065647125, -20.6088695526, -28.3311710358, -14.1511487961, -3.56278371811, -11.6225652695, -11.1031389236, -11.979839325, -1.76902186871, -4.37246847153, -2.4462852478, 15.8244819641, 35.8345451355]]
    },
    "sccoeffs": {
        "kurt": [-0.272106170654, 0.317792415619, 0.136630058289, -0.0623214244843, 1.6824889183, 0.301490545273],
        "max": [-0.420897275209, -0.681694567204, -0.743391335011, -0.765000998974, -0.69274443388, -0.757698774338],
        "mean": [-0.644682884216, -0.82503080368, -0.845189630985, -0.84236073494, -0.824633896351, -0.808886945248],
        "median": [-0.648539662361, -0.829279899597, -0.849588274956, -0.845010757446, -0.830381095409, -0.809471905231],
        "min": [-0.812374055386, -0.91515237093, -0.932153105736, -0.902752697468, -0.880702137947, -0.888097941875],
        "skew": [0.308039754629, 0.603111088276, 0.441760182381, 0.42610758543, 1.20865678787, -0.0232787020504],
        "var": [0.00489672413096, 0.00168024981394, 0.00100581243169, 0.000569292576984, 0.00103961280547, 0.000333182251779],
        "cov": [[0.00491169886664, -0.000565058551729, -0.000222049420699, -0.000383103237255, -0.00053063291125, 0.000331429619109], [-0.000565058551729, 0.00168538826983, 0.000332462834194, 0.000325552653521, 0.000533152720891, -0.000208652942092], [-0.000222049420699, 0.000332462834194, 0.00100888835732, 0.000193758794921, 0.000313959899358, -0.000232110120123], [-0.000383103237255, 0.000325552653521, 0.000193758794921, 0.000571033509914, 0.000383472506655, -0.000132396322442], [-0.00053063291125, 0.000533152720891, 0.000313959899358, 0.000383472506655, 0.00104279199149, -0.000197563349502], [0.000331429619109, -0.000208652942092, -0.000232110120123, -0.000132396322442, -0.000197563349502, 0.00033420114778]]
    },
    "scvalleys": {
        "kurt": [0.195033073425, -0.215934038162, -0.329473972321, -0.0558321475983, -0.13843870163, -0.173963069916],
        "max": [-6.82547855377, -6.76815366745, -6.25410747528, -6.2494263649, -6.96983766556, -9.70089817047],
        "mean": [-8.32322216034, -7.65146303177, -7.48071050644, -7.74365329742, -8.07437610626, -10.8222608566],
        "median": [-8.34056854248, -7.62378740311, -7.49308586121, -7.90069675446, -8.11961555481, -10.8829879761],
        "min": [-9.54016494751, -8.65436553955, -8.63854789734, -8.82793426514, -9.22075843811, -11.6286125183],
        "skew": [0.137299448252, -0.0388903953135, 0.0565553605556, 0.896740734577, 0.402978688478, 0.676110029221],
        "var": [0.162745147943, 0.115643627942, 0.19175542891, 0.274803489447, 0.131713733077, 0.20754507184],
        "cov": [[0.163242846727, 0.0120176514611, 0.0184398517013, -0.0193426366895, -0.000188625184819, 0.00151198077947], [0.0120176514611, 0.1159972772, 0.0610937699676, 0.0802165791392, 0.058028511703, 0.0755203291774], [0.0184398517013, 0.0610937699676, 0.192341834307, 0.168848827481, 0.0993594452739, 0.138498619199], [-0.0193426366895, 0.0802165791392, 0.168848827481, 0.275643855333, 0.149732455611, 0.207261666656], [-0.000188625184819, 0.058028511703, 0.0993594452739, 0.149732455611, 0.132116526365, 0.144585520029], [0.00151198077947, 0.0755203291774, 0.138498619199, 0.207261666656, 0.144585520029, 0.2081797719]]
    }
},
"rhythm": {
    "beats_loudness": {
        "kurt": -0.337835073471,
        "max": 0.000551393430214,
        "mean": 0.00041401447379,
        "median": 0.000395351322368,
        "min": 0.000333982228767,
        "skew": 0.730148077011,
        "var": 3.60667629096e-09
    },
    "bpm": 161.499023438,
    "confidence": 2.97592568398,
    "first_peak_bpm": {
        "kurt": 0,
        "max": 161,
        "mean": 161,
        "median": 161,
        "min": 161,
        "skew": 0,
        "var": 0
    },
    "first_peak_spread": {
        "kurt": 0,
        "max": 0,
        "mean": 0,
        "median": 0,
        "min": 0,
        "skew": 0,
        "var": 0
    },
    "first_peak_weight": {
        "kurt": 0,
        "max": 0.947368443012,
        "mean": 0.947368443012,
        "median": 0.947368443012,
        "min": 0.947368443012,
        "skew": 0,
        "var": 0
    },
    "onset_rate": 8.17269611359,
    "second_peak_bpm": {
        "kurt": 0,
        "max": 152,
        "mean": 152,
        "median": 152,
        "min": 152,
        "skew": 0,
        "var": 0
    },
    "second_peak_spread": {
        "kurt": 0,
        "max": 0,
        "mean": 0,
        "median": 0,
        "min": 0,
        "skew": 0,
        "var": 0
    },
    "second_peak_weight": {
        "kurt": 0,
        "max": 0.0526315793395,
        "mean": 0.0526315793395,
        "median": 0.0526315793395,
        "min": 0.0526315793395,
        "skew": 0,
        "var": 0
    },
    "beats_loudness_band_ratio": {
        "kurt": [-1.17688322067, -0.297307729721, -0.35752081871, 0.422293424606, -1.10759496689, -1.14601778984],
        "max": [0.602529466152, 0.0261808037758, 0.228956192732, 0.255048900843, 0.358237087727, 0.110994510353],
        "mean": [0.411904245615, 0.0148657457903, 0.138211920857, 0.13069626689, 0.24191622436, 0.0767074152827],
        "median": [0.455299794674, 0.0142615605146, 0.127316132188, 0.110271833837, 0.229773759842, 0.0706980824471],
        "min": [0.172225505114, 0.0035826258827, 0.0953004658222, 0.0744862779975, 0.117211125791, 0.0523202978075],
        "skew": [-0.375209003687, 0.150683552027, 0.757017314434, 1.18158733845, 0.0917810946703, 0.422193557024],
        "var": [0.0152034042403, 3.18603451888e-05, 0.00139357533772, 0.00275560282171, 0.00517740705982, 0.000319071550621],
        "cov": [[0.0160035844892, 9.38784432947e-05, -0.00247866986319, -0.00457296706736, -0.00740739004686, -0.00163346843328], [9.38784432947e-05, 3.35372060363e-05, -3.36076845997e-05, -7.64760188758e-05, 3.13452414957e-06, -2.04405841941e-05], [-0.00247866986319, -3.36076845997e-05, 0.00146692141425, 0.000308836315526, 0.00042921124259, 0.000247512245551], [-0.00457296706736, -7.64760188758e-05, 0.000308836315526, 0.00290063465945, 0.000996850081719, 0.000565629277844], [-0.00740739004686, 3.13452414957e-06, 0.00042921124259, 0.000996850081719, 0.00544990226626, 0.000510734622367], [-0.00163346843328, -2.04405841941e-05, 0.000247512245551, 0.000565629277844, 0.000510734622367, 0.00033586481004]]
    },
    "beats_position": [0.301859408617, 0.673378646374, 1.04489791393, 1.4164172411, 1.78793644905, 2.15945577621, 2.53097510338, 2.90249419212, 3.27401351929, 3.64553284645, 4.04027223587, 4.41179132462, 4.78331041336, 5.15482997894, 5.52634906769, 5.89786815643, 6.26938772202, 6.64090681076, 7.01242637634, 7.38394546509],
    "bpm_estimates": [161.499038696, 161.499023438, 161.49899292, 161.499053955, 161.49899292, 161.49899292, 161.499099731, 161.49899292, 161.49899292, 161.499099731, 161.499099731, 161.498901367, 161.499099731, 161.499099731, 161.498901367, 161.499099731, 161.498901367, 161.499099731],
    "bpm_intervals": [0.371519237757, 0.371519267559, 0.371519327164, 0.371519207954, 0.371519327164, 0.371519327164, 0.371519088745, 0.371519327164, 0.371519327164, 0.39473938942, 0.371519088745, 0.371519088745, 0.371519565582, 0.371519088745, 0.371519088745, 0.371519565582, 0.371519088745, 0.371519565582, 0.371519088745],
    "onset_times": [0.0116099771112, 0.0812698379159, 0.208979591727, 0.325079351664, 0.452789127827, 0.568888902664, 0.696598649025, 0.824308395386, 0.952018141747, 1.06811785698, 1.19582772255, 1.31192743778, 1.43963718414, 1.5673469305, 1.68344676495, 1.81115651131, 1.93886625767, 2.0549659729, 2.19428563118, 2.31038546562, 2.42648530006, 2.56580495834, 2.68190479279, 2.80961441994, 2.92571425438, 3.05342411995, 3.19274377823, 3.30884361267, 3.43655323982, 3.55265307426, 3.68036270142, 3.80807256699, 3.93578219414, 4.051882267, 4.17959165573, 4.3073015213, 4.43501138687, 4.56272125244, 4.69043064117, 4.80653047562, 4.93424034119, 5.06195020676, 5.1780500412, 5.30575942993, 5.42185926437, 5.56117916107, 5.67727899551, 5.80498886108, 5.92108821869, 6.06040811539, 6.17650794983, 6.3042178154, 6.42031764984, 6.5596370697, 6.67573690414, 6.81505680084, 6.93115663528, 7.04725646973, 7.17496585846, 7.30267572403, 7.4303855896, 7.55809545517],
    "histogram": [[0, 0, 0, 0, 0, 0, 0, 0, 0, 0, 0, 0, 0, 0, 0, 0, 0, 0, 0, 0, 0, 0, 0, 0, 0, 0, 0, 0, 0, 0, 0, 0, 0, 0, 0, 0, 0, 0, 0, 0, 0, 0, 0, 0, 0, 0, 0, 0, 0, 0, 0, 0, 0, 0, 0, 0, 0, 0, 0, 0, 0, 0, 0, 0, 0, 0, 0, 0, 0, 0, 0, 0, 0, 0, 0, 0, 0, 0, 0, 0, 0, 0, 0, 0, 0, 0, 0, 0, 0, 0, 0, 0, 0, 0, 0, 0, 0, 0, 0, 0, 0, 0, 0, 0, 0, 0, 0, 0, 0, 0, 0, 0, 0, 0, 0, 0, 0, 0, 0, 0, 0, 0, 0, 0, 0, 0, 0, 0, 0, 0, 0, 0, 0, 0, 0, 0, 0, 0, 0, 0, 0, 0, 0, 0, 0, 0, 0, 0, 0, 0, 0, 0, 0.0526315793395, 0, 0, 0, 0, 0, 0, 0, 0, 0.947368443012, 0, 0, 0, 0, 0, 0, 0, 0, 0, 0, 0, 0, 0, 0, 0, 0, 0, 0, 0, 0, 0, 0, 0, 0, 0, 0, 0, 0, 0, 0, 0, 0, 0, 0, 0, 0, 0, 0, 0, 0, 0, 0, 0, 0, 0, 0, 0, 0, 0, 0, 0, 0, 0, 0, 0, 0, 0, 0, 0, 0, 0, 0, 0, 0, 0, 0, 0, 0, 0, 0, 0, 0, 0, 0, 0, 0, 0, 0, 0, 0, 0, 0, 0, 0, 0, 0, 0, 0]]
},
"sfx": {
    "inharmonicity": {
        "kurt": 0.502256393433,
        "max": 0.395111590624,
        "mean": 0.0892965197563,
        "median": 0.0629118904471,
        "min": 0,
        "skew": 1.18267333508,
        "var": 0.00780986063182
    },
    "oddtoevenharmonicenergyratio": {
        "kurt": 22.9496040344,
        "max": 16.1270942688,
        "mean": 1.15131855011,
        "median": 0.572062849998,
        "min": 0,
        "skew": 4.34336948395,
        "var": 3.87822842598
    },
    "pitch_after_max_to_before_max_energy_ratio": 0.131200164557,
    "pitch_centroid": 143.235946655,
    "pitch_max_to_total": 0.820121943951,
    "pitch_min_to_total": 0.963414609432,
    "tristimulus": {
        "kurt": [0.403831481934, -0.818821668625, -1.2111594677],
        "max": [1, 0.940927088261, 1],
        "mean": [0.283278107643, 0.359622895718, 0.357099115849],
        "median": [0.188126683235, 0.324667274952, 0.308651596308],
        "min": [0, 0, 0],
        "skew": [1.21997702122, 0.483994185925, 0.339303910732],
        "var": [0.081230416894, 0.0679706931114, 0.0953367128968],
        "cov": [[0.0814788341522, -0.0270145460963, -0.0544642582536], [-0.0270145460963, 0.0681785568595, -0.0411640033126], [-0.0544642582536, -0.0411640033126, 0.0956282690167]]
    }
},
"tonal": {
    "chords_changes_rate": 0.0727272704244,
    "chords_number_rate": 0.0181818176061,
    "chords_strength": {
        "kurt": -0.392297744751,
        "max": 0.70238173008,
        "mean": 0.564402997494,
        "median": 0.559528410435,
        "min": 0.461654812098,
        "skew": 0.491263777018,
        "var": 0.00342844985425
    },
    "key_strength": 0.301017940044,
    "tuning_diatonic_strength": 0.328888893127,
    "tuning_equal_tempered_deviation": 0.261042922735,
    "tuning_frequency": 431.193908691,
    "tuning_nontempered_energy_ratio": 0.903431952,
    "hpcp": {
