{
"metadata": {
    "version": {
        "essentia": "2.1-beta3"
    }
},
"lowLevel": {
    "average_loudness": 0.915576398373,
    "barkbands_kurtosis": {
        "kurt": 17.2902870178,
        "max": 4.96041250229,
        "mean": -0.764345824718,
        "median": -0.911155462265,
        "min": -1.58633339405,
        "skew": 3.22025871277,
        "var": 0.388983786106
    },
    "barkbands_skewness": {
        "kurt": 3.76440286636,
        "max": 1.82034170628,
        "mean": 0.19098290801,
        "median": 0.155212491751,
        "min": -2.27684140205,
        "skew": 0.172352775931,
        "var": 0.162277430296
    },
    "barkbands_spread": {
        "kurt": -0.309100866318,
        "max": 40.7514762878,
        "mean": 26.6337985992,
        "median": 26.8164253235,
        "min": 10.1572179794,
        "skew": -0.0977933555841,
        "var": 26.7067813873
    },
    "dissonance": {
        "kurt": 60.3107643127,
        "max": 0.500000059605,
        "mean": 0.482199549675,
        "median": 0.485262691975,
        "min": 0.24622015655,
        "skew": -4.61483240128,
        "var": 0.000228684424656
    },
    "hfc": {
        "kurt": 187.168258667,
        "max": 193.669509888,
        "mean": 8.54762363434,
        "median": 7.36816310883,
        "min": 1.15040070899e-16,
        "skew": 10.9647092819,
        "var": 84.3402938843
    },
    "pitch": {
        "kurt": 29.7260932922,
        "max": 3944.71362305,
        "mean": 447.42779541,
        "median": 367.828308105,
        "min": 72.0629272461,
        "skew": 4.88274431229,
        "var": 195491.609375
    },
    "pitch_instantaneous_confidence": {
        "kurt": 2.17199373245,
        "max": 0.750272989273,
        "mean": 0.273709148169,
        "median": 0.263542741537,
        "min": 0.118781268597,
        "skew": 0.931913197041,
        "var": 0.00498173572123
    },
    "pitch_salience": {
        "kurt": 2.25359344482,
        "max": 0.824734807014,
        "mean": 0.697049975395,
        "median": 0.700466513634,
        "min": 0.418763935566,
        "skew": -0.846468448639,
        "var": 0.00226812227629
    },
    "silence_rate_20dB": {
        "kurt": 0,
        "max": 1,
        "mean": 1,
        "median": 1,
        "min": 1,
        "skew": 0,
        "var": 0
    },
    "silence_rate_30dB": {
        "kurt": 0,
        "max": 1,
        "mean": 1,
        "median": 1,
        "min": 1,
        "skew": 0,
        "var": 0
    },
    "silence_rate_60dB": {
        "kurt": 0.0394291877747,
        "max": 1,
        "mean": 0.20944558084,
        "median": 0,
        "min": 0,
        "skew": 1.42809307575,
        "var": 0.165578231215
    },
    "spectral_centroid": {
        "kurt": 217.432373047,
        "max": 10477.9082031,
        "mean": 1446.19299316,
        "median": 1440.31530762,
        "min": 423.484466553,
        "skew": 10.4105348587,
        "var": 176856.515625
    },
    "spectral_complexity": {
        "kurt": -0.178218841553,
        "max": 49,
        "mean": 19.1899375916,
        "median": 19,
        "min": 0,
        "skew": 0.157038360834,
        "var": 78.7737884521
    },
    "spectral_crest": {
        "kurt": 3.11906671524,
        "max": 15.824593544,
        "mean": 5.17725038528,
        "median": 4.69245243073,
        "min": 2.21704292297,
        "skew": 1.57783401012,
        "var": 4.096991539
    },
    "spectral_decrease": {
        "kurt": 24.0247573853,
        "max": 2.70259820843e-29,
        "mean": -1.29159705153e-09,
        "median": -1.16719767185e-09,
        "min": -1.07910889113e-08,
        "skew": -2.97028541565,
        "var": 6.42825163373e-19
    },
    "spectral_energy": {
        "kurt": 45.1938056946,
        "max": 0.0582945309579,
        "mean": 0.00565007515252,
        "median": 0.00505621079355,
        "min": 1.03324794369e-20,
        "skew": 4.27194404602,
        "var": 1.41018563227e-05
    },
    "spectral_energyband_high": {
        "kurt": 118.298126221,
        "max": 0.00916829612106,
        "mean": 0.000354967662133,
        "median": 0.000275845784927,
        "min": 7.86683901558e-21,
        "skew": 9.74959850311,
        "var": 3.08171053121e-07
    },
    "spectral_energyband_low": {
        "kurt": 325.965942383,
        "max": 0.00971740204841,
        "mean": 0.000360452599125,
        "median": 0.000304181390675,
        "min": 6.52784229228e-23,
        "skew": 14.536108017,
        "var": 1.55904658072e-07
    },
    "spectral_energyband_middle_high": {
        "kurt": 110.214103699,
        "max": 0.0503997392952,
        "mean": 0.00306624546647,
        "median": 0.00256473128684,
        "min": 1.39773197416e-21,
        "skew": 7.31848096848,
        "var": 7.00578948454e-06
    },
    "spectral_energyband_middle_low": {
        "kurt": 10.4778108597,
        "max": 0.0128457760438,
        "mean": 0.00207333615981,
        "median": 0.00182085344568,
        "min": 2.15243992273e-22,
        "skew": 2.12607836723,
        "var": 1.70504893049e-06
    },
    "spectral_flatness_db": {
        "kurt": 3.5733704567,
        "max": 0.212890684605,
        "mean": 0.124500282109,
        "median": 0.1226477772,
        "min": 0.0817349255085,
        "skew": 1.21537101269,
        "var": 0.000180438844836
    },
    "spectral_flux": {
        "kurt": 7.92255306244,
        "max": 0.166878208518,
        "mean": 0.0453657507896,
        "median": 0.0443661883473,
        "min": 1.24332132145e-06,
        "skew": 1.30040323734,
        "var": 0.000233175218455
    },
    "spectral_kurtosis": {
        "kurt": 3.60010194778,
        "max": 11.3557262421,
        "mean": 3.49103999138,
        "median": 3.31619930267,
        "min": -1.20938754082,
        "skew": 1.22038817406,
        "var": 1.51308000088
    },
    "spectral_rms": {
        "kurt": 4.62935638428,
        "max": 0.00754139991477,
        "mean": 0.00223969458602,
        "median": 0.00222101062536,
        "min": 3.17497525666e-12,
        "skew": 0.587256729603,
        "var": 4.96043412568e-07
    },
    "spectral_rolloff": {
        "kurt": 158.975296021,
        "max": 18367.8222656,
        "mean": 2827.14697266,
        "median": 2820.84960938,
        "min": 818.26171875,
        "skew": 7.84178733826,
        "var": 610649.625
    },
    "spectral_skewness": {
        "kurt": 4.0765080452,
        "max": 2.82688951492,
        "mean": 1.4204761982,
        "median": 1.40729176998,
        "min": 0.0282918252051,
        "skew": 0.339716523886,
        "var": 0.0457720011473
    },
    "spectral_spread": {
        "kurt": 703.106445312,
        "max": 40909636,
        "mean": 3878038,
        "median": 3833940.5,
        "min": 2661028.5,
        "skew": 24.9328689575,
        "var": 1.65860356915e+12
    },
    "spectral_strongpeak": {
        "kurt": 96.0698928833,
        "max": 11.6490726471,
        "mean": 0.519532978535,
        "median": 0.341767847538,
        "min": 4.29026547621e-09,
        "skew": 7.19254350662,
        "var": 0.425058245659
    },
    "zerocrossingrate": {
        "kurt": 226.028045654,
        "max": 0.50830078125,
        "mean": 0.0841919183731,
        "median": 0.08447265625,
        "min": 0.03662109375,
        "skew": 11.0540466309,
        "var": 0.000388301239582
    },
    "barkbands": {
        "kurt": [3.16631937027, 6.70537948608, 174.712005615, 503.380432129, 86.8619918823, 8.77177810669, 12.2854452133, 15.1496562958, 6.71371746063, 8.08009624481, 12.7261781693, 11.2475004196, 8.84861564636, 8.14619827271, 20.2310848236, 127.989120483, 66.8123855591, 34.2331123352, 194.954177856, 639.618774414, 96.2022094727, 135.091323853, 555.044921875, 166.798202515, 113.803718567, 227.428436279, 22.9967060089],
        "max": [2.63116853603e-05, 0.000721625052392, 0.00347294961102, 0.00970891211182, 0.00348298973404, 0.00488520413637, 0.0031488314271, 0.000708562787622, 0.00286569166929, 0.00273152906448, 0.0026908419095, 0.0052853571251, 0.00228251912631, 0.00105953670572, 0.00165218987968, 0.00484762666747, 0.0065649212338, 0.00359025388025, 0.00832622125745, 0.0324842408299, 0.003629012499, 0.000983989564702, 0.0020772931166, 0.000163290445926, 2.03798535949e-05, 2.98626218864e-07, 3.29342619843e-09],
        "mean": [4.42478312834e-06, 0.000125088976347, 0.000114868780656, 0.000226736869081, 0.000165893638041, 0.000638628727756, 0.000361147103831, 8.52747907629e-05, 0.000388269894756, 0.00031921826303, 0.0003118783643, 0.000612459843978, 0.000318034435622, 0.000141657656059, 0.000130688902573, 0.000234346516663, 0.000380059529562, 0.000287300819764, 0.000278106250335, 0.000300901534501, 0.000173028078279, 3.40661208611e-05, 1.42680810313e-05, 3.02876401292e-06, 6.98698954693e-07, 5.77295411475e-09, 2.08703415661e-10],
        "median": [3.94212975152e-06, 0.000107318715891, 7.59904360166e-05, 0.000164528493769, 0.000111680405098, 0.000452955544461, 0.000243624148425, 6.78148498992e-05, 0.000290547119221, 0.000187986399396, 0.00025142316008, 0.000408633699408, 0.000229527577176, 0.000109755841549, 8.45899339765e-05, 0.000169483450009, 0.000306772621116, 0.000233510363614, 0.000202183306101, 0.000196023756871, 0.00013225931616, 2.37199492403e-05, 5.70350130147e-06, 1.74245553808e-06, 5.12994972723e-07, 4.02559097168e-09, 1.11464490415e-10],
        "min": [4.723781142e-24, 1.030302356e-23, 4.60945373981e-23, 1.59915642341e-23, 5.27194670108e-23, 2.47538682933e-23, 2.14723489226e-23, 4.65690624762e-23, 5.23360553674e-23, 1.64108958701e-23, 1.3845180365e-22, 7.17526801026e-23, 9.80072963146e-23, 5.71456708867e-23, 1.19668937145e-22, 1.08749713821e-22, 1.40879753434e-22, 2.81210207242e-22, 2.68121427102e-22, 2.83015853056e-22, 3.86487999068e-22, 4.69688792711e-22, 6.8121398108e-22, 8.04981940462e-22, 1.40186020318e-21, 1.89159020283e-21, 2.1586415054e-21],
        "skew": [1.22411525249, 1.85147416592, 10.3653793335, 19.317150116, 7.19260835648, 2.38936638832, 2.9152007103, 2.88272118568, 2.1799249649, 2.48130607605, 2.47385406494, 2.78332424164, 2.48121643066, 2.17482757568, 3.3819694519, 8.96965885162, 6.14114904404, 4.22438144684, 12.482170105, 23.9037952423, 8.15044498444, 10.4564638138, 21.7868976593, 12.2099781036, 9.6188955307, 14.3970069885, 3.71117854118],
        "var": [9.49711576742e-12, 7.91483056872e-09, 2.88214128119e-08, 1.28086341533e-07, 4.58818831817e-08, 3.5902743889e-07, 1.34594728252e-07, 4.92621943238e-09, 1.21023575161e-07, 1.3086324202e-07, 6.54265832623e-08, 4.29579301908e-07, 9.1295710547e-08, 1.34056037382e-08, 1.9574455834e-08, 8.45829077889e-08, 1.69511821468e-07, 7.42881240967e-08, 2.16910933659e-07, 1.32408229092e-06, 5.23966008359e-08, 3.65929020418e-09, 5.8316786955e-09, 8.73720817918e-11, 1.69895868207e-12, 2.64009740566e-16, 7.58498707693e-20],
        "cov": [[9.50687618906e-12, 1.38198091859e-10, 1.01141199582e-10, 5.2277369933e-11, 6.83498535547e-11, 3.62129215503e-10, 1.81694936874e-10, 3.07670312838e-11, 3.27688542967e-10, 4.25697949114e-10, 1.88847784632e-10, 8.26836488166e-10, 3.5984612512e-10, 1.59153412671e-10, 1.53332346819e-10, 3.04845898524e-10, 5.18773801694e-10, 4.08648809236e-10, 4.01648769799e-10, 4.42085229535e-10, 2.44459230636e-10, 5.2728477834e-11, 2.17112473833e-11, 4.94927102773e-12, 9.00267436554e-13, 7.82813619699e-15, 1.88515017466e-16], [1.38198091859e-10, 7.92296539487e-09, 5.11323250407e-09, 4.00721100746e-09, 3.10892134259e-09, 7.10806258297e-09, 7.85224063549e-09, 3.34053201767e-10, 4.68686867094e-09, 4.12662748417e-09, 6.17895024035e-09, 7.72135866356e-09, 2.85492474106e-09, 2.58707233414e-09, 1.36376521187e-09, 4.0558485459e-09, 8.57034887503e-09, 7.81975639796e-09, 6.1681899588e-09, 4.63898075509e-09, 4.32149160901e-09, 7.8210882215e-10, 2.85656914789e-10, 5.07771151514e-11, 1.19060187057e-11, 9.23878825548e-14, 4.34428799087e-15], [1.01141199582e-10, 5.11323250407e-09, 2.88510335622e-08, 4.43894663249e-08, 1.29423298745e-08, 1.23316796774e-08, 1.04179118665e-08, 1.61902058426e-09, 1.17847402947e-08, 1.01814183751e-08, 8.62414495373e-09, 1.78919030702e-08, 6.38315089674e-09, 4.51758186415e-09, 3.53043461132e-09, 5.5017812528e-09, 8.57962589862e-09, 5.69733948907e-09, 2.10558459557e-09, -2.67358468697e-10, 3.05420977398e-09, 5.05641029047e-10, -1.46848672111e-10, 3.52846085683e-11, 8.32246771498e-12, 5.08932207765e-15, 6.9100998659e-15], [5.2277369933e-11, 4.00721100746e-09, 4.43894663249e-08, 1.28217990891e-07, 3.04651806005e-08, 1.59090891572e-08, 4.89844520501e-09, 2.12297424085e-09, 1.77804118096e-08, 1.36844535703e-08, 1.41547698007e-08, 1.89271283091e-08, 1.10130544684e-08, 5.54815482445e-09, 4.32629532199e-09, 7.6998771803e-09, 8.40093505872e-09, 7.58387397326e-09, 6.83632084275e-09, 9.31965793427e-09, 2.59562038529e-09, 4.93895757625e-10, -2.37887293197e-10, 5.93227827972e-11, 1.04160690489e-11, 6.02868720657e-14, 6.80948463374e-15], [6.83498535547e-11, 3.10892134259e-09, 1.29423298745e-08, 3.04651806005e-08, 4.59290383503e-08, 2.39806041691e-08, 9.93451099163e-09, 3.25934790268e-09, 2.06540811121e-08, 1.79090342556e-08, 1.42452076801e-08, 2.81937619917e-08, 1.17489662443e-08, 6.0581362149e-09, 7.68960628506e-09, 1.42798626257e-08, 1.35475559659e-08, 7.08635461422e-09, 6.7732295328e-09, 5.04554309444e-09, 4.9434509819e-09, 1.24909971255e-09, 3.896586942e-10, 1.60800150972e-10, 2.26585191582e-11, 8.10660403822e-14, 8.64509608648e-15], [3.62129215503e-10, 7.10806258297e-09, 1.23316796774e-08, 1.59090891572e-08, 2.39806041691e-08, 3.59396437943e-07, 5.57437189741e-08, 8.12275580131e-09, 4.93517049449e-08, 3.92716046349e-08, 3.11372616579e-08, 5.58555086627e-08, 3.05593239602e-08, 1.60730238008e-08, 1.51573296137e-08, 2.74651252852e-08, 4.1902005421e-08, 3.10119254721e-08, 2.35086261569e-08, 3.67917323274e-08, 1.96871123848e-08, 4.78193351583e-09, 1.05845543441e-09, 4.11222417229e-10, 7.68551472463e-11, 5.23584051549e-13, 2.02012546773e-14], [1.81694936874e-10, 7.85224063549e-09, 1.04179118665e-08, 4.89844520501e-09, 9.93451099163e-09, 5.57437189741e-08, 1.34733056711e-07, 4.25975210661e-09, 3.87334111451e-08, 2.68048570007e-08, 2.139755928e-08, 1.67757239211e-08, 1.23806973562e-08, 5.92036419889e-09, 5.62176438734e-09, 3.82648623898e-09, 1.27824559826e-08, 1.36699584985e-08, 1.45391672035e-08, 1.15807861079e-08, 6.02476113443e-09, 1.0019174379e-09, -2.92011165248e-10, 9.39804917915e-12, 1.1639002262e-11, 3.34082533773e-14, 6.25891830022e-15], [3.07670312838e-11, 3.34053201767e-10, 1.61902058426e-09, 2.12297424085e-09, 3.25934790268e-09, 8.12275580131e-09, 4.25975210661e-09, 4.93128204937e-09, 6.84306877829e-09, 6.88467993726e-09, 3.68133457052e-09, 1.15791323196e-08, 5.31012522842e-09, 2.38214159509e-09, 3.01864444552e-09, 3.42758488259e-09, 5.13490627796e-09, 3.40118910813e-09, 4.83969486709e-09, 8.01342725509e-09, 2.31549202034e-09, 6.917812434e-10, 4.97633045882e-10, 8.15346748451e-11, 1.66059874185e-11, 1.55080307862e-13, 2.41537056503e-15], [3.27688542967e-10, 4.68686867094e-09, 1.17847402947e-08, 1.77804118096e-08, 2.06540811121e-08, 4.93517049449e-08, 3.87334111451e-08, 6.84306877829e-09, 1.21147962773e-07, 7.07100937802e-08, 2.95948474616e-08, 6.57899477119e-08, 3.80766671526e-08, 1.477671141e-08, 1.76943952823e-08, 1.97037461902e-08, 2.79044076734e-08, 1.99522869337e-08, 2.45515465735e-08, 2.62622812386e-08, 1.14660592132e-08, 2.87692669687e-09, 1.42809120085e-09, 2.65506949759e-10, 5.97317403872e-11, 5.52138738376e-13, 1.63569278836e-14], [4.25697949114e-10, 4.12662748417e-09, 1.01814183751e-08, 1.36844535703e-08, 1.79090342556e-08, 3.92716046349e-08, 2.68048570007e-08, 6.88467993726e-09, 7.07100937802e-08, 1.3099773355e-07, 2.55072514221e-08, 9.97866109742e-08, 4.31210374074e-08, 1.81581274461e-08, 2.6251282037e-08, 3.53212890047e-08, 4.45317702713e-08, 3.12003862746e-08, 3.58709968395e-08, 5.18585281384e-08, 1.66437583715e-08, 5.4332427446e-09, 2.86196044641e-09, 5.34831623433e-10, 9.19516754405e-11, 8.93960198835e-13, 2.30763047288e-14], [1.88847784632e-10, 6.17895024035e-09, 8.62414495373e-09, 1.41547698007e-08, 1.42452076801e-08, 3.11372616579e-08, 2.139755928e-08, 3.68133457052e-09, 2.95948474616e-08, 2.55072514221e-08, 6.54938290268e-08, 3.7650231377e-08, 2.05226520222e-08, 8.440681043e-09, 1.09816422622e-08, 1.74166157052e-08, 2.54224801211e-08, 1.48676670975e-08, 2.28940066904e-08, 2.32025669789e-08, 1.2349658185e-08, 2.59211763165e-09, 9.44906264344e-10, 2.12728959448e-10, 4.5566536655e-11, 3.8492795648e-13, 1.10978121224e-14], [8.26836488166e-10, 7.72135866356e-09, 1.78919030702e-08, 1.89271283091e-08, 2.81937619917e-08, 5.58555086627e-08, 1.67757239211e-08, 1.15791323196e-08, 6.57899477119e-08, 9.97866109742e-08, 3.7650231377e-08, 4.30020776321e-07, 9.61268895594e-08, 3.44960184862e-08, 5.12936537689e-08, 8.29651440881e-08, 1.05611995593e-07, 4.7705515982e-08, 8.47533314641e-08, 1.13068821861e-07, 4.90678289111e-08, 1.41456109048e-08, 1.20070318133e-08, 1.63926705543e-09, 2.74799877298e-10, 2.88273029579e-12, 3.10678810152e-14], [3.5984612512e-10, 2.85492474106e-09, 6.38315089674e-09, 1.10130544684e-08, 1.17489662443e-08, 3.05593239602e-08, 1.23806973562e-08, 5.31012522842e-09, 3.80766671526e-08, 4.31210374074e-08, 2.05226520222e-08, 9.61268895594e-08, 9.13895448207e-08, 1.65034190758e-08, 2.08021848636e-08, 3.08149132877e-08, 4.14409697669e-08, 2.32034267356e-08, 4.34862812426e-08, 8.02508992592e-08, 1.85839841294e-08, 5.45051559442e-09, 5.55672707847e-09, 6.69163391365e-10, 1.05837630326e-10, 1.44035608093e-12, 1.49323726263e-14], [1.59153412671e-10, 2.58707233414e-09, 4.51758186415e-09, 5.54815482445e-09, 6.0581362149e-09, 1.60730238008e-08, 5.92036419889e-09, 2.38214159509e-09, 1.477671141e-08, 1.81581274461e-08, 8.440681043e-09, 3.44960184862e-08, 1.65034190758e-08, 1.34193811618e-08, 7.8747692811e-09, 1.26033565806e-08, 1.86817441516e-08, 1.09029745232e-08, 1.55357504639e-08, 2.4138914867e-08, 8.57539284027e-09, 2.17226236998e-09, 1.44641543187e-09, 2.65654526155e-10, 4.73771612219e-11, 4.69074757335e-13, 1.00651552929e-14], [1.53332346819e-10, 1.36376521187e-09, 3.53043461132e-09, 4.32629532199e-09, 7.68960628506e-09, 1.51573296137e-08, 5.62176438734e-09, 3.01864444552e-09, 1.76943952823e-08, 2.6251282037e-08, 1.09816422622e-08, 5.12936537689e-08, 2.08021848636e-08, 7.8747692811e-09, 1.95945730752e-08, 2.01944558853e-08, 2.39488358034e-08, 1.27501014191e-08, 2.67203574822e-08, 3.42560113609e-08, 1.15094378472e-08, 3.47055406635e-09, 2.82755907577e-09, 4.12545275719e-10, 7.04990441025e-11, 7.73860684734e-13, 1.10876231631e-14], [3.04845898524e-10, 4.0558485459e-09, 5.5017812528e-09, 7.6998771803e-09, 1.42798626257e-08, 2.74651252852e-08, 3.82648623898e-09, 3.42758488259e-09, 1.97037461902e-08, 3.53212890047e-08, 1.74166157052e-08, 8.29651440881e-08, 3.08149132877e-08, 1.26033565806e-08, 2.01944558853e-08, 8.46698426926e-08, 8.85065745138e-08, 3.99591044697e-08, 5.18887368628e-08, 1.01965866861e-07, 4.25800656956e-08, 1.02655244305e-08, 6.41773700849e-09, 1.59303503722e-09, 2.22439011655e-10, 1.74285173966e-12, 2.26551277602e-14], [5.18773801694e-10, 8.57034887503e-09, 8.57962589862e-09, 8.40093505872e-09, 1.35475559659e-08, 4.1902005421e-08, 1.27824559826e-08, 5.13490627796e-09, 2.79044076734e-08, 4.45317702713e-08, 2.54224801211e-08, 1.05611995593e-07, 4.14409697669e-08, 1.86817441516e-08, 2.39488358034e-08, 8.85065745138e-08, 1.69686046547e-07, 7.01611071463e-08, 7.28610487499e-08, 1.52651423946e-07, 6.7821964933e-08, 1.53262718072e-08, 8.1781985628e-09, 2.29894903114e-09, 3.08572362107e-10, 2.29437757855e-12, 3.18007678025e-14], [4.08648809236e-10, 7.81975639796e-09, 5.69733948907e-09, 7.58387397326e-09, 7.08635461422e-09, 3.10119254721e-08, 1.36699584985e-08, 3.40118910813e-09, 1.99522869337e-08, 3.12003862746e-08, 1.48676670975e-08, 4.7705515982e-08, 2.32034267356e-08, 1.09029745232e-08, 1.27501014191e-08, 3.99591044697e-08, 7.01611071463e-08, 7.43644719137e-08, 5.81712207293e-08, 1.32542893994e-07, 4.16711500861e-08, 1.02750821185e-08, 5.63582602808e-09, 1.56239288174e-09, 1.92133059462e-10, 1.82272946736e-12, 2.29731090108e-14], [4.01648769799e-10, 6.1681899588e-09, 2.10558459557e-09, 6.83632084275e-09, 6.7732295328e-09, 2.35086261569e-08, 1.45391672035e-08, 4.83969486709e-09, 2.45515465735e-08, 3.58709968395e-08, 2.28940066904e-08, 8.47533314641e-08, 4.34862812426e-08, 1.55357504639e-08, 2.67203574822e-08, 5.18887368628e-08, 7.28610487499e-08, 5.81712207293e-08, 2.17133873548e-07, 3.78750485197e-07, 5.22564036487e-08, 1.64760116661e-08, 1.782828285e-08, 2.80866774283e-09, 4.01388894344e-10, 5.74403415457e-12, 3.0416648204e-14], [4.42085229535e-10, 4.63898075509e-09, -2.67358468697e-10, 9.31965793427e-09, 5.04554309444e-09, 3.67917323274e-08, 1.15807861079e-08, 8.01342725509e-09, 2.62622812386e-08, 5.18585281384e-08, 2.32025669789e-08, 1.13068821861e-07, 8.02508992592e-08, 2.4138914867e-08, 3.42560113609e-08, 1.01965866861e-07, 1.52651423946e-07, 1.32542893994e-07, 3.78750485197e-07, 1.32544312237e-06, 1.21132771369e-07, 3.24624700454e-08, 3.72820281314e-08, 8.04619748607e-09, 8.81307249401e-10, 1.4124494109e-11, 6.35952743374e-14], [2.44459230636e-10, 4.32149160901e-09, 3.05420977398e-09, 2.59562038529e-09, 4.9434509819e-09, 1.96871123848e-08, 6.02476113443e-09, 2.31549202034e-09, 1.14660592132e-08, 1.66437583715e-08, 1.2349658185e-08, 4.90678289111e-08, 1.85839841294e-08, 8.57539284027e-09, 1.15094378472e-08, 4.25800656956e-08, 6.7821964933e-08, 4.16711500861e-08, 5.22564036487e-08, 1.21132771369e-07, 5.24504528698e-08, 1.12071694147e-08, 8.207749147e-09, 1.73774061807e-09, 2.35010400029e-10, 2.21115985764e-12, 2.02189034558e-14], [5.2728477834e-11, 7.8210882215e-10, 5.05641029047e-10, 4.93895757625e-10, 1.24909971255e-09, 4.78193351583e-09, 1.0019174379e-09, 6.917812434e-10, 2.87692669687e-09, 5.4332427446e-09, 2.59211763165e-09, 1.41456109048e-08, 5.45051559442e-09, 2.17226236998e-09, 3.47055406635e-09, 1.02655244305e-08, 1.53262718072e-08, 1.02750821185e-08, 1.64760116661e-08, 3.24624700454e-08, 1.12071694147e-08, 3.6630511957e-09, 3.22772031325e-09, 4.8209297665e-10, 6.53602241774e-11, 7.16945220639e-13, 4.49070610613e-15], [2.17112473833e-11, 2.85656914789e-10, -1.46848672111e-10, -2.37887293197e-10, 3.896586942e-10, 1.05845543441e-09, -2.92011165248e-10, 4.97633045882e-10, 1.42809120085e-09, 2.86196044641e-09, 9.44906264344e-10, 1.20070318133e-08, 5.55672707847e-09, 1.44641543187e-09, 2.82755907577e-09, 6.41773700849e-09, 8.1781985628e-09, 5.63582602808e-09, 1.782828285e-08, 3.72820281314e-08, 8.207749147e-09, 3.22772031325e-09, 5.83767212348e-09, 4.5106432478e-10, 5.99815960789e-11, 1.06852298277e-12, 2.63344470301e-15], [4.94927102773e-12, 5.07771151514e-11, 3.52846085683e-11, 5.93227827972e-11, 1.60800150972e-10, 4.11222417229e-10, 9.39804917915e-12, 8.15346748451e-11, 2.65506949759e-10, 5.34831623433e-10, 2.12728959448e-10, 1.63926705543e-09, 6.69163391365e-10, 2.65654526155e-10, 4.12545275719e-10, 1.59303503722e-09, 2.29894903114e-09, 1.56239288174e-09, 2.80866774283e-09, 8.04619748607e-09, 1.73774061807e-09, 4.8209297665e-10, 4.5106432478e-10, 8.74618780178e-11, 1.05945929113e-11, 1.24358599048e-13, 7.30421074373e-16], [9.00267436554e-13, 1.19060187057e-11, 8.32246771498e-12, 1.04160690489e-11, 2.26585191582e-11, 7.68551472463e-11, 1.1639002262e-11, 1.66059874185e-11, 5.97317403872e-11, 9.19516754405e-11, 4.5566536655e-11, 2.74799877298e-10, 1.05837630326e-10, 4.73771612219e-11, 7.04990441025e-11, 2.22439011655e-10, 3.08572362107e-10, 1.92133059462e-10, 4.01388894344e-10, 8.81307249401e-10, 2.35010400029e-10, 6.53602241774e-11, 5.99815960789e-11, 1.05945929113e-11, 1.70070478967e-12, 1.6551554032e-14, 1.02674044996e-16], [7.82813619699e-15, 9.23878825548e-14, 5.08932207765e-15, 6.02868720657e-14, 8.10660403822e-14, 5.23584051549e-13, 3.34082533773e-14, 1.55080307862e-13, 5.52138738376e-13, 8.93960198835e-13, 3.8492795648e-13, 2.88273029579e-12, 1.44035608093e-12, 4.69074757335e-13, 7.73860684734e-13, 1.74285173966e-12, 2.29437757855e-12, 1.82272946736e-12, 5.74403415457e-12, 1.4124494109e-11, 2.21115985764e-12, 7.16945220639e-13, 1.06852298277e-12, 1.24358599048e-13, 1.6551554032e-14, 2.64281082277e-16, 1.07017701501e-18], [1.88515017466e-16, 4.34428799087e-15, 6.9100998659e-15, 6.80948463374e-15, 8.64509608648e-15, 2.02012546773e-14, 6.25891830022e-15, 2.41537056503e-15, 1.63569278836e-14, 2.30763047288e-14, 1.10978121224e-14, 3.10678810152e-14, 1.49323726263e-14, 1.00651552929e-14, 1.10876231631e-14, 2.26551277602e-14, 3.18007678025e-14, 2.29731090108e-14, 3.0416648204e-14, 6.35952743374e-14, 2.02189034558e-14, 4.49070610613e-15, 2.63344470301e-15, 7.30421074373e-16, 1.02674044996e-16, 1.07017701501e-18, 7.59278260797e-20]]
    },
    "mfcc": {
        "kurt": [25.1148757935, 9.43134498596, 6.89663314819, 2.17793703079, 0.478697776794, -0.0608792304993, 0.307276725769, 0.349655866623, 0.383285999298, -0.0483222007751, -0.123798847198, -0.0168766975403, 0.122326612473],
        "max": [-558.994628906, 183.510742188, 1.14855957031, 62.5917434692, 1.99478149414, 23.4391479492, 23.3712692261, 21.6697902679, 19.9075775146, 13.9556713104, 10.0720806122, 25.9578666687, 20.4973983765],
        "mean": [-683.088623047, 123.766410828, -58.4450531006, 37.9220542908, -23.4935531616, 2.95873188972, 2.76429867744, 2.06039905548, -3.5403649807, -6.78823137283, -6.98302412033, 5.76185846329, 2.51658916473],
        "median": [-676.039306641, 123.363395691, -58.6960105896, 38.3768539429, -23.354434967, 3.01802062988, 2.75803184509, 1.80919742584, -3.32668495178, -7.03810691833, -6.97151565552, 6.07081699371, 2.41380405426],
        "min": [-1138.42004395, 1.14440917969e-05, -86.9107666016, -13.716381073, -42.0232086182, -20.7046508789, -22.1158313751, -25.7352905273, -25.2165794373, -27.3808746338, -23.5091743469, -18.5824432373, -14.7117900848],
        "skew": [-3.62820148468, -1.22435212135, 1.23809826374, -0.633156359196, 0.127985551953, 0.0249721128494, -0.131593763828, -0.11658333987, -0.119172818959, 0.148884773254, 0.028343917802, -0.154465377331, 0.154604762793],
        "var": [2671.90454102, 305.207275391, 79.3610458374, 84.7481155396, 43.5227622986, 53.4008636475, 43.5894622803, 39.7790527344, 38.1459999084, 39.8712654114, 32.7055969238, 43.7830581665, 32.7363319397],
        "cov": [[2674.65063477, -118.307395935, -182.607055664, 34.8227729797, -38.0221290588, 81.8135757446, 23.0983448029, 87.6933288574, -36.276134491, -6.19072771072, -42.7668762207, 26.5340213776, -38.9913253784], [-118.307395935, 305.520935059, -20.2750720978, 43.5127105713, -24.0521869659, -7.4295835495, -15.9920978546, -29.2306900024, 3.43760681152, -15.0448265076, 1.00249910355, -16.5946426392, 0.239624783397], [-182.607055664, -20.2750720978, 79.4426040649, 4.52483081818, 7.07063388824, -16.5635299683, -2.28388547897, -5.17065000534, 2.78158330917, -0.55929595232, 8.55073165894, -4.3821811676, 2.37737488747], [34.8227729797, 43.5127105713, 4.52483081818, 84.8352127075, 2.97796654701, -13.4787340164, 13.743473053, -4.65020275116, 4.41723108292, -15.0345401764, 1.70683050156, 13.7902851105, -2.35857105255], [-38.0221290588, -24.0521869659, 7.07063388824, 2.97796654701, 43.5674934387, 12.6611461639, 2.57793879509, 3.4567527771, 1.82847285271, -3.00306963921, -3.07129573822, -1.32123577595, -4.27520036697], [81.8135757446, -7.4295835495, -16.5635299683, -13.4787340164, 12.6611461639, 53.455745697, 4.67932415009, 7.73924827576, -2.93657946587, -1.51789069176, -9.24165153503, -5.78555107117, -2.52904582024], [23.0983448029, -15.9920978546, -2.28388547897, 13.743473053, 2.57793879509, 4.67932415009, 43.634262085, 12.4582548141, 7.16861915588, -0.751217365265, 1.79652166367, 7.16561460495, -4.4770359993], [87.6933288574, -29.2306900024, -5.17065000534, -4.65020275116, 3.4567527771, 7.73924827576, 12.4582548141, 39.819934845, 10.4609956741, 5.73922634125, -0.138516500592, -3.0229511261, -4.55151557922], [-36.276134491, 3.43760681152, 2.78158330917, 4.41723108292, 1.82847285271, -2.93657946587, 7.16861915588, 10.4609956741, 38.1852035522, 6.94030284882, 1.52207231522, 3.72078251839, -7.27196550369], [-6.19072771072, -15.0448265076, -0.55929595232, -15.0345401764, -3.00306963921, -1.51789069176, -0.751217365265, 5.73922634125, 6.94030284882, 39.9122428894, 11.6402387619, -6.8209195137, 0.505078434944], [-42.7668762207, 1.00249910355, 8.55073165894, 1.70683050156, -3.07129573822, -9.24165153503, 1.79652166367, -0.138516500592, 1.52207231522, 11.6402387619, 32.7392120361, 5.90850734711, 3.76309704781], [26.5340213776, -16.5946426392, -4.3821811676, 13.7902851105, -1.32123577595, -5.78555107117, 7.16561460495, -3.0229511261, 3.72078251839, -6.8209195137, 5.90850734711, 43.8280563354, 9.49650192261], [-38.9913253784, 0.239624783397, 2.37737488747, -2.35857105255, -4.27520036697, -2.52904582024, -4.4770359993, -4.55151557922, -7.27196550369, 0.505078434944, 3.76309704781, 9.49650192261, 32.7699775696]]
    },
    "sccoeffs": {
        "kurt": [0.53885269165, -0.0670824050903, 0.254266500473, 0.837952852249, 2.90865945816, 11.468996048],
        "max": [-0.519680976868, -0.576119244099, -0.650007963181, -0.693111300468, -0.704687952995, -0.633893430233],
        "mean": [-0.730304598808, -0.744841814041, -0.777398169041, -0.803017556667, -0.806710243225, -0.739582955837],
        "median": [-0.731741786003, -0.746012091637, -0.781435310841, -0.804507911205, -0.807351708412, -0.739194869995],
        "min": [-0.943478107452, -0.943045735359, -0.955213904381, -0.963201761246, -0.958017349243, -0.959874927998],
        "skew": [0.247411131859, 0.107190206647, 0.225358173251, 0.0270681511611, -0.123846188188, -1.06291973591],
        "var": [0.00242774980143, 0.00347684742883, 0.00189405120909, 0.00104118755553, 0.000609204638749, 0.000565717578866],
        "cov": [[0.0024302448146, 0.000209495905438, 0.000151117797941, 0.000134320929646, 0.000228094839258, 0.000184997348697], [0.000209495905438, 0.00348042068072, 0.000272537581623, 0.000166191282915, 0.000230974881561, 0.000255523191299], [0.000151117797941, 0.000272537581623, 0.00189599778969, 0.000418845709646, 0.000306184636429, 0.000265368260443], [0.000134320929646, 0.000166191282915, 0.000418845709646, 0.00104225764517, 0.000231091078604, 0.000188419464394], [0.000228094839258, 0.000230974881561, 0.000306184636429, 0.000231091078604, 0.00060983072035, 0.000230794743402], [0.000184997348697, 0.000255523191299, 0.000265368260443, 0.000188419464394, 0.000230794743402, 0.00056629901519]]
    },
    "scvalleys": {
        "kurt": [329.152862549, 343.767913818, 336.706817627, 325.40802002, 301.186523438, 173.641494751],
        "max": [-5.4530916214, -4.67944669724, -4.82459688187, -5.72190618515, -5.28054380417, -7.9621014595],
        "mean": [-6.47729492188, -6.13723707199, -6.03060770035, -6.65334177017, -6.82401323318, -9.73154640198],
        "median": [-6.40379619598, -6.05355358124, -5.94183444977, -6.59173488617, -6.70916795731, -9.57800102234],
        "min": [-27.703338623, -27.3378505707, -27.3405857086, -27.0390205383, -27.1938247681, -27.285987854],
        "skew": [-15.5157089233, -15.9731884003, -15.5108280182, -15.3098287582, -14.676112175, -10.0518760681],
        "var": [0.825052917004, 0.805252969265, 0.812255501747, 0.762573778629, 0.799875378609, 0.792212128639],
        "cov": [[0.825900912285, 0.721835255623, 0.743218481541, 0.72173678875, 0.74323540926, 0.694366276264], [0.721835255623, 0.806080579758, 0.729570865631, 0.701328337193, 0.710359215736, 0.662481367588], [0.743218481541, 0.729570865631, 0.813090264797, 0.744661092758, 0.74947732687, 0.711519420147], [0.72173678875, 0.701328337193, 0.744661092758, 0.763357520103, 0.737602233887, 0.705210328102], [0.74323540926, 0.710359215736, 0.74947732687, 0.737602233887, 0.800697445869, 0.759289681911], [0.694366276264, 0.662481367588, 0.711519420147, 0.705210328102, 0.759289681911, 0.793026328087]]
    }
},
"rhythm": {
    "beats_loudness": {
        "kurt": 18.6158752441,
        "max": 0.0336029008031,
        "mean": 0.00586581230164,
        "median": 0.00469786999747,
        "min": 0.000980385695584,
        "skew": 4.0150475502,
        "var": 2.66608785751e-05
    },
    "bpm": 114.029846191,
    "confidence": 0.575586438179,
    "first_peak_bpm": {
        "kurt": 0,
        "max": 115,
        "mean": 115,
        "median": 115,
        "min": 115,
        "skew": 0,
        "var": 0
    },
    "first_peak_spread": {
        "kurt": 0,
        "max": 0.363636374474,
        "mean": 0.363636374474,
        "median": 0.363636374474,
        "min": 0.363636374474,
        "skew": 0,
        "var": 0
    },
    "first_peak_weight": {
        "kurt": 0,
        "max": 0.184210523963,
        "mean": 0.184210523963,
        "median": 0.184210523963,
        "min": 0.184210523963,
        "skew": 0,
        "var": 0
    },
    "onset_rate": 0.929490804672,
    "second_peak_bpm": {
        "kurt": 0,
        "max": 98,
        "mean": 98,
        "median": 98,
        "min": 98,
        "skew": 0,
        "var": 0
    },
    "second_peak_spread": {
        "kurt": 0,
        "max": 0.363636374474,
        "mean": 0.363636374474,
        "median": 0.363636374474,
        "min": 0.363636374474,
        "skew": 0,
        "var": 0
    },
    "second_peak_weight": {
        "kurt": 0,
        "max": 0.184210523963,
        "mean": 0.184210523963,
        "median": 0.184210523963,
        "min": 0.184210523963,
        "skew": 0,
        "var": 0
    },
    "beats_loudness_band_ratio": {
        "kurt": [2.37705135345, 6.17454624176, -0.0115878582001, -0.501561164856, 0.64683175087, 10.9476327896],
        "max": [0.325502902269, 0.501513004303, 0.479313850403, 0.40793043375, 0.321569621563, 0.646989047527],
        "mean": [0.110517419875, 0.1600176543, 0.215330421925, 0.233471184969, 0.189438447356, 0.146637037396],
        "median": [0.0952380150557, 0.153720766306, 0.188329458237, 0.225360319018, 0.191786631942, 0.134164169431],
        "min": [0.0163384582847, 0.0373549461365, 0.0409396663308, 0.0920809805393, 0.0403722077608, 0.0324682630599],
        "skew": [1.34641063213, 1.82159793377, 0.633788585663, 0.19570069015, -0.0827022194862, 3.0686173439],
        "var": [0.00362750282511, 0.00649280799553, 0.0104083120823, 0.00562326842919, 0.00302050705068, 0.0115554444492],
        "cov": [[0.00372296338901, 0.000379944423912, 0.00179033691529, -0.000597355712671, -0.00164583104197, -0.00308302021585], [0.000379944423912, 0.00666367122903, 0.000113905676699, -0.00125875871163, -0.00116852950305, -0.00363393570296], [0.00179033691529, 0.000113905676699, 0.0106822149828, -0.00349672534503, -0.00279647344723, -0.00440623424947], [-0.000597355712671, -0.00125875871163, -0.00349672534503, 0.00577124906704, 0.00133868935518, -0.00263557396829], [-0.00164583104197, -0.00116852950305, -0.00279647344723, 0.00133868935518, 0.00309999403544, 0.00065556174377], [-0.00308302021585, -0.00363393570296, -0.00440623424947, -0.00263557396829, 0.00065556174377, 0.0118595352396]]
    },
    "beats_position": [0.650158703327, 1.30031740665, 1.95047616959, 2.61224484444, 3.27401351929, 3.93578219414, 4.58594083786, 5.22448968887, 5.85142850876, 6.45514726639, 7.07047605515, 7.6858048439, 8.31274318695, 8.92807197571, 9.54340076447, 10.1587295532, 10.774058342, 11.4009971619, 11.9350566864, 12.4575052261, 13.0031747818, 13.5372333527, 14.0596818924, 14.5821313858, 15.0929698944, 15.6270294189, 16.1494789124, 16.6719264984, 17.1943759918, 17.7168254852, 18.1928348541, 18.6688423157, 19.1332416534, 19.5860309601, 20.0272102356, 20.4916095734, 20.94439888, 21.4087982178, 21.8499774933],
    "bpm_estimates": [112.34703064, 114.843849182, 109.95665741, 112.347229004, 114.843849182, 114.843635559, 117.453948975, 112.34703064, 114.843635559, 114.844055176, 114.843635559, 114.843635559],
    "bpm_intervals": [0.650158703327, 0.650158762932, 0.66176867485, 0.66176867485, 0.66176867485, 0.650158643723, 0.638548851013, 0.626938819885, 0.603718757629, 0.615328788757, 0.615328788757, 0.626938343048, 0.615328788757, 0.615328788757, 0.615328788757, 0.615328788757, 0.626938819885, 0.534059524536, 0.522448539734, 0.545669555664, 0.534058570862, 0.522448539734, 0.522449493408, 0.510838508606, 0.534059524536, 0.522449493408, 0.52244758606, 0.522449493408, 0.522449493408, 0.476009368896, 0.476007461548, 0.464399337769, 0.452789306641, 0.441179275513, 0.464399337769, 0.452789306641, 0.464399337769, 0.441179275513],
    "onset_times": [0.0464399084449, 0.301859408617, 0.487619042397, 0.684988677502, 1.35836732388, 2.02013611794, 7.20979595184, 8.08054447174, 8.92807292938, 10.6579589844, 12.0163269043, 15.7663488388, 16.1494789124, 16.4629478455, 17.5194549561, 19.2841720581, 19.7834014893, 20.9211788177, 21.43201828, 21.6061687469, 21.8848075867],
    "histogram": [[0, 0, 0, 0, 0, 0, 0, 0, 0, 0, 0, 0, 0, 0, 0, 0, 0, 0, 0, 0, 0, 0, 0, 0, 0, 0, 0, 0, 0, 0, 0, 0, 0, 0, 0, 0, 0, 0, 0, 0, 0, 0, 0, 0, 0, 0, 0, 0, 0, 0, 0, 0, 0, 0, 0, 0, 0, 0, 0, 0, 0, 0, 0, 0, 0, 0, 0, 0, 0, 0, 0, 0, 0, 0, 0, 0, 0, 0, 0, 0, 0, 0, 0, 0, 0, 0, 0, 0, 0, 0, 0, 0.078947365284, 0.078947365284, 0, 0.0263157896698, 0, 0.078947365284, 0, 0.157894730568, 0.0263157896698, 0, 0, 0, 0, 0, 0, 0, 0, 0, 0, 0.0263157896698, 0, 0.078947365284, 0, 0, 0.184210523963, 0, 0.0263157896698, 0, 0, 0, 0, 0, 0, 0, 0, 0.0526315793395, 0, 0, 0.078947365284, 0, 0, 0, 0.0526315793395, 0, 0, 0.0526315793395, 0, 0, 0, 0, 0, 0, 0, 0, 0, 0, 0, 0, 0, 0, 0, 0, 0, 0, 0, 0, 0, 0, 0, 0, 0, 0, 0, 0, 0, 0, 0, 0, 0, 0, 0, 0, 0, 0, 0, 0, 0, 0, 0, 0, 0, 0, 0, 0, 0, 0, 0, 0, 0, 0, 0, 0, 0, 0, 0, 0, 0, 0, 0, 0, 0, 0, 0, 0, 0, 0, 0, 0, 0, 0, 0, 0, 0, 0, 0, 0, 0, 0, 0, 0, 0, 0, 0, 0, 0, 0, 0, 0, 0, 0, 0, 0, 0, 0, 0, 0, 0, 0, 0, 0, 0, 0, 0, 0, 0, 0, 0, 0, 0]]
},
"sfx": {
    "inharmonicity": {
        "kurt": -0.573430776596,
        "max": 0.397634148598,
        "mean": 0.127458423376,
        "median": 0.112911760807,
        "min": 0,
        "skew": 0.52890342474,
        "var": 0.00694963149726
    },
    "oddtoevenharmonicenergyratio": {
        "kurt": 63.6903152466,
        "max": 19.4639148712,
        "mean": 0.977537810802,
        "median": 0.61688387394,
        "min": 0,
        "skew": 6.71781396866,
        "var": 2.08464074135
    },
    "pitch_after_max_to_before_max_energy_ratio": 5.76767301559,
    "pitch_centroid": 451.350280762,
    "pitch_max_to_total": 0.0318275168538,
    "pitch_min_to_total": 0.502053380013,
    "tristimulus": {
        "kurt": [9.71016025543, 1.98293161392, 0.68070268631],
        "max": [1, 0.926335632801, 0.884946227074],
        "mean": [0.203451469541, 0.349104970694, 0.447443276644],
        "median": [0.177975058556, 0.332276344299, 0.463439226151],
        "min": [0, 0, 0],
        "skew": [2.43943834305, 0.805142223835, -0.793523132801],
        "var": [0.0217433329672, 0.0190586894751, 0.0360687412322],
        "cov": [[0.0217656809837, -0.0023690876551, -0.0193965826184], [-0.0023690876551, 0.0190782770514, -0.0167092010379], [-0.0193965826184, -0.0167092010379, 0.0361058115959]]
    }
},
"tonal": {
    "chords_changes_rate": 0.0922131165862,
    "chords_number_rate": 0.0225409828126,
    "chords_strength": {
        "kurt": -0.183474779129,
        "max": 0.632823169231,
        "mean": 0.447277665138,
        "median": 0.454107403755,
        "min": 0.262825161219,
        "skew": 0.0582856051624,
        "var": 0.00556239765137
    },
    "key_strength": 0.535059630871,
    "tuning_diatonic_strength": 0.463390678167,
    "tuning_equal_tempered_deviation": 0.234215483069,
    "tuning_frequency": 439.745910645,
    "tuning_nontempered_energy_ratio": 0.883854925632,
    "hpcp": {
