{
"metadata": {
    "version": {
        "essentia": "2.1-beta3"
    }
},
"lowLevel": {
    "average_loudness": 0.982208311558,
    "barkbands_kurtosis": {
        "kurt": 0.492211818695,
        "max": 13.9928760529,
        "mean": 2.44954323769,
        "median": 2.03708338737,
        "min": -1.63874459267,
        "skew": 0.766651809216,
        "var": 8.25048732758
    },
    "barkbands_skewness": {
        "kurt": -0.540774822235,
        "max": 3.7573196888,
        "mean": 1.76658916473,
        "median": 1.80655133724,
        "min": 0.0901466682553,
        "skew": -0.193212598562,
        "var": 0.566019892693
    },
    "barkbands_spread": {
        "kurt": -0.375824928284,
        "max": 47.1210632324,
        "mean": 24.0752449036,
        "median": 22.1861877441,
        "min": 9.55584144592,
        "skew": 0.596229493618,
        "var": 65.2895278931
    },
    "dissonance": {
        "kurt": 3.84272909164,
        "max": 0.498005270958,
        "mean": 0.47802773118,
        "median": 0.480253338814,
        "min": 0.425036907196,
        "skew": -1.44674396515,
        "var": 0.000132187458803
    },
    "hfc": {
        "kurt": 3.88975477219,
        "max": 0.319562882185,
        "mean": 0.132237389684,
        "median": 0.126466333866,
        "min": 0.00335873384029,
        "skew": 1.53653764725,
        "var": 0.0020819446072
    },
    "pitch": {
        "kurt": 23.1164245605,
        "max": 3905.14135742,
        "mean": 314.697113037,
        "median": 172.864456177,
        "min": 83.585975647,
        "skew": 4.36766242981,
        "var": 228704.28125
    },
    "pitch_instantaneous_confidence": {
        "kurt": -0.732366323471,
        "max": 0.514646887779,
        "mean": 0.32332277298,
        "median": 0.320830464363,
        "min": 0.145803928375,
        "skew": 0.10979668051,
        "var": 0.00715453643352
    },
    "pitch_salience": {
        "kurt": -0.998603820801,
        "max": 0.838826954365,
        "mean": 0.565169513226,
        "median": 0.561291515827,
        "min": 0.31598290801,
        "skew": -0.148478135467,
        "var": 0.0150302574039
    },
    "silence_rate_20dB": {
        "kurt": 0,
        "max": 1,
        "mean": 1,
        "median": 1,
        "min": 1,
        "skew": 0,
        "var": 0
    },
    "silence_rate_30dB": {
        "kurt": 0,
        "max": 1,
        "mean": 1,
        "median": 1,
        "min": 1,
        "skew": 0,
        "var": 0
    },
    "silence_rate_60dB": {
        "kurt": 0,
        "max": 1,
        "mean": 1,
        "median": 1,
        "min": 1,
        "skew": 0,
        "var": 0
    },
    "spectral_centroid": {
        "kurt": 1.06913137436,
        "max": 1483.73693848,
        "mean": 661.610168457,
        "median": 586.455200195,
        "min": 315.318084717,
        "skew": 1.2793816328,
        "var": 64321.8710938
    },
    "spectral_complexity": {
        "kurt": 0.960538625717,
        "max": 1,
        "mean": 0.826086938381,
        "median": 1,
        "min": 0,
        "skew": -1.72062158585,
        "var": 0.143666952848
    },
    "spectral_crest": {
        "kurt": -0.848899126053,
        "max": 19.7221374512,
        "mean": 12.8509922028,
        "median": 13.5374584198,
        "min": 3.48027205467,
        "skew": -0.478154361248,
        "var": 18.7108306885
    },
    "spectral_decrease": {
        "kurt": -0.396226406097,
        "max": -1.08548109737e-12,
        "mean": -5.55680050585e-11,
        "median": -5.48598423633e-11,
        "min": -1.24928234424e-10,
        "skew": -0.356127202511,
        "var": 5.44838837986e-22
    },
    "spectral_energy": {
        "kurt": -0.362968921661,
        "max": 0.000485389929963,
        "mean": 0.000221720780246,
        "median": 0.000219001696678,
        "min": 4.40149688075e-06,
        "skew": 0.349508613348,
        "var": 8.1502449234e-09
    },
    "spectral_energyband_high": {
        "kurt": 20.6765022278,
        "max": 3.58826728188e-05,
        "mean": 5.3208304962e-06,
        "median": 4.23388792115e-06,
        "min": 6.02833907237e-08,
        "skew": 3.78887677193,
        "var": 1.57969262671e-11
    },
    "spectral_energyband_low": {
        "kurt": -0.145887374878,
        "max": 0.000166922487551,
        "mean": 6.36048716842e-05,
        "median": 6.03523985774e-05,
        "min": 1.41933685427e-06,
        "skew": 0.503435969353,
        "var": 9.59767043618e-10
    },
    "spectral_energyband_middle_high": {
        "kurt": 2.34592056274,
        "max": 8.80360748852e-05,
        "mean": 3.29324393533e-05,
        "median": 2.90039351967e-05,
        "min": 1.11272800041e-06,
        "skew": 1.43190836906,
        "var": 1.75766054489e-10
    },
    "spectral_energyband_middle_low": {
        "kurt": -0.548185825348,
        "max": 0.00042658863822,
        "mean": 0.000165118821315,
        "median": 0.000161274394486,
        "min": 2.41639600063e-06,
        "skew": 0.373250573874,
        "var": 7.3980652715e-09
    },
    "spectral_flatness_db": {
        "kurt": -0.806052207947,
        "max": 0.2244784832,
        "mean": 0.164455905557,
        "median": 0.168010085821,
        "min": 0.100492201746,
        "skew": -0.192746952176,
        "var": 0.000760790368076
    },
    "spectral_flux": {
        "kurt": 0.764392852783,
        "max": 0.0168716348708,
        "mean": 0.00859513320029,
        "median": 0.00816754531115,
        "min": 0.00505988253281,
        "skew": 0.887539803982,
        "var": 4.240436283e-06
    },
    "spectral_kurtosis": {
        "kurt": 2.15432405472,
        "max": 11.3779459,
        "mean": 4.48831033707,
        "median": 4.27265548706,
        "min": 2.02187585831,
        "skew": 1.15618038177,
        "var": 2.00783419609
    },
    "spectral_rms": {
        "kurt": 0.284918308258,
        "max": 0.000688150525093,
        "mean": 0.000454520777566,
        "median": 0.00046223361278,
        "min": 6.55297117191e-05,
        "skew": -0.283255815506,
        "var": 9.72373381813e-09
    },
    "spectral_rolloff": {
        "kurt": -0.792466878891,
        "max": 4069.77539062,
        "mean": 1287.19348145,
        "median": 1055.12695312,
        "min": 193.798828125,
        "skew": 0.639113664627,
        "var": 809628.1875
    },
    "spectral_skewness": {
        "kurt": 1.23092269897,
        "max": 2.37907361984,
        "mean": 1.57949268818,
        "median": 1.57285737991,
        "min": 1.16251552105,
        "skew": 0.588237166405,
        "var": 0.0346887111664
    },
    "spectral_spread": {
        "kurt": 3.14666986465,
        "max": 5394100.5,
        "mean": 3941266.5,
        "median": 3933076,
        "min": 3325987.5,
        "skew": 0.841186285019,
        "var": 77031120896
    },
    "spectral_strongpeak": {
        "kurt": -0.678405761719,
        "max": 0.123513609171,
        "mean": 0.066650390625,
        "median": 0.0661343485117,
        "min": 0.00229093874805,
        "skew": -0.174247071147,
        "var": 0.000834720791318
    },
    "zerocrossingrate": {
        "kurt": -0.299854516983,
        "max": 0.076171875,
        "mean": 0.0468166172504,
        "median": 0.0458984375,
        "min": 0.01513671875,
        "skew": 0.186391711235,
        "var": 0.000145439669723
    },
    "barkbands": {
        "kurt": [25.2685432434, 0.434242010117, 3.27658033371, -0.529800415039, 0.452125072479, 5.10591983795, 3.62593078613, 5.55471897125, 4.55641651154, 1.13117408752, 1.34215593338, 4.8785238266, 1.39209413528, -0.0363171100616, 1.87173509598, 1.17512083054, 4.47092199326, 2.63117456436, 1.39860439301, 22.632850647, 8.54470443726, 2.75293827057, 6.86473274231, 32.250793457, 128.188140869, 18.8177490234, 1.85714292526],
        "max": [3.65025653082e-06, 3.40368933394e-05, 3.01866803056e-05, 0.000341812497936, 7.11755346856e-05, 4.91391328978e-05, 2.22638482228e-05, 1.43650886457e-05, 1.54901754286e-05, 4.54887731394e-06, 5.47353738511e-06, 1.90480495803e-05, 1.03827551357e-05, 7.34818058845e-06, 5.12346014148e-06, 4.17485898652e-06, 2.0433406462e-05, 2.3911061362e-05, 7.71557006374e-06, 3.02244025079e-05, 8.32185742183e-06, 1.01003899999e-06, 2.62265359652e-07, 1.75851894824e-07, 9.37044362104e-08, 1.51129997406e-09, 4.2526066002e-11],
        "mean": [4.21761001235e-07, 1.09851180241e-05, 7.33228534955e-06, 0.000115987299068, 2.55817503785e-05, 1.11108947749e-05, 5.40127757631e-06, 3.23872382069e-06, 3.32671174874e-06, 1.61649711572e-06, 1.90675007161e-06, 3.31859587277e-06, 3.12167981065e-06, 2.8907613796e-06, 1.61934735843e-06, 1.62523429026e-06, 5.1540887398e-06, 7.56348208597e-06, 2.93352945846e-06, 4.23867504651e-06, 1.85549617981e-06, 3.78603971285e-07, 8.14015876927e-08, 2.3647359626e-08, 7.14656467338e-09, 2.28311036743e-10, 9.18838876512e-12],
        "median": [3.29491967932e-07, 9.19261401577e-06, 5.90856780036e-06, 0.000112916837679, 2.29891993513e-05, 8.87895021151e-06, 4.46257399744e-06, 2.56512043961e-06, 2.81645179712e-06, 1.45112903738e-06, 1.69541999639e-06, 2.0851307454e-06, 2.75891670753e-06, 2.64468030764e-06, 1.43651300277e-06, 1.51996096065e-06, 4.29955389336e-06, 6.59700526739e-06, 2.88219825961e-06, 3.44615637005e-06, 1.58750344781e-06, 3.45301458538e-07, 7.59960698815e-08, 1.93518125968e-08, 6.30615248909e-09, 1.80537668149e-10, 5.29871155633e-12],
        "min": [1.8005192004e-08, 1.78936474526e-07, 5.50333311367e-07, 1.21759546801e-06, 6.89878390858e-07, 1.08807498123e-07, 1.19466349702e-07, 7.22173894019e-08, 1.86121525303e-07, 4.82906372667e-08, 4.6736353454e-08, 6.50146532166e-08, 1.42919162727e-07, 1.71039559405e-07, 5.20412086757e-08, 3.7885936166e-08, 3.06070177203e-07, 9.41689606293e-08, 1.32596682079e-07, 5.21346663618e-08, 1.97682297198e-08, 8.62991811346e-09, 8.52651005356e-10, 4.4056969184e-10, 2.63051469496e-10, 1.34844956381e-11, 5.33083885194e-13],
        "skew": [4.25406074524, 0.948257386684, 1.47475409508, 0.429713308811, 0.815672636032, 1.98410046101, 1.55038893223, 2.02525186539, 1.68029785156, 1.07317614555, 1.1867287159, 2.23492288589, 0.963218212128, 0.661684691906, 1.16489481926, 0.965765357018, 1.91558468342, 1.521676898, 0.844090342522, 3.90578174591, 2.58474469185, 1.21288526058, 1.87918114662, 4.34984207153, 10.5406742096, 3.44677972794, 1.61295497417],
        "var": [1.76997441226e-13, 4.66296896928e-11, 2.43806762973e-11, 5.50451462189e-09, 2.13801337745e-10, 7.07964034619e-11, 1.17347884881e-11, 5.56936007728e-12, 5.03732602505e-12, 7.96475678379e-13, 1.186536004e-12, 1.12951713954e-11, 2.82753161163e-12, 2.20937677875e-12, 6.48171349493e-13, 5.22042966581e-13, 1.22501730981e-11, 1.59217309476e-11, 1.33430831488e-12, 1.07639504948e-11, 1.52888075464e-12, 1.9305964569e-14, 1.16217293171e-15, 2.94390324225e-16, 4.82395024193e-17, 2.84946886607e-20, 1.00040878754e-22],
        "cov": [[1.77964630879e-13, 1.22495405746e-12, 1.00226386435e-13, 3.64790489482e-12, -9.01345038645e-14, 5.81235526289e-13, 1.13547578729e-13, -1.28862451105e-14, 5.56668494395e-14, 3.20338644933e-14, -3.1414507226e-14, -8.87670199932e-14, -3.97744208717e-14, -6.84898101774e-14, -8.62237696877e-15, 3.0025874636e-14, -1.60736482176e-13, -1.01661375444e-13, 5.85335468991e-15, 3.4140919936e-14, 1.88857193366e-14, -7.65036822768e-16, -3.02346557638e-16, 9.13480167337e-17, 1.42768409111e-16, -1.57943241349e-18, 7.56931394303e-20], [1.22495405746e-12, 4.68844962853e-11, 4.78922500616e-12, 4.63059139644e-11, 9.40514072872e-12, 5.81136961469e-12, 7.3036247189e-12, 3.63318587455e-13, 1.52896011824e-12, 4.65467833548e-13, 4.77861348581e-13, 1.66602354742e-12, 1.4639525486e-12, -3.27185842438e-13, -4.38356002972e-13, 9.09664596253e-13, -7.35731282738e-16, 2.39739109641e-12, -5.33658187085e-13, 1.50253897865e-12, 4.80095726629e-13, 1.02977461356e-13, 1.80710362717e-14, 1.61154235437e-14, 8.58307718112e-15, 1.01488721648e-16, 2.44666045841e-18], [1.00226386435e-13, 4.78922500616e-12, 2.4513904795e-11, 7.26124022021e-11, 3.06118086608e-12, -1.60335677027e-12, -1.44557510493e-12, 2.51349668075e-13, -1.54976373531e-13, 3.49743393697e-14, -3.32452002125e-13, 2.75580838531e-12, 5.52494844579e-13, 7.24355091967e-13, 7.6363779666e-13, 4.50340584051e-13, 2.90097091314e-12, 3.87536053595e-12, 3.56223785278e-13, 1.61798948805e-12, 9.49758826273e-13, 5.91573434661e-14, 2.68538599154e-14, 1.27712603879e-14, 4.70272904074e-15, 1.90038657685e-16, -5.22592941394e-18], [3.64790489482e-12, 4.63059139644e-11, 7.26124022021e-11, 5.53459411634e-09, 7.57304829957e-10, -1.14663738573e-11, 1.51520115899e-11, 6.63298669462e-12, 9.25382426936e-12, 6.50326667517e-12, -4.66244100619e-12, -6.76060422922e-12, -8.93788341949e-12, -3.66881742001e-12, -1.47219270195e-12, 6.99170105492e-12, 4.71071857737e-13, 1.82025453738e-11, 9.68583546701e-12, 6.04423629202e-12, 3.24497373416e-12, 6.38495278784e-13, 7.86073138005e-14, -8.29390267403e-15, 4.41465711643e-14, 6.94132912363e-16, -1.02669022355e-16], [-9.01345038645e-14, 9.40514072872e-12, 3.06118086608e-12, 7.57304829957e-10, 2.14969653189e-10, 1.71458019223e-12, 6.578379768e-12, -1.37787697918e-12, -6.66994527304e-15, 7.3211185378e-13, 5.53677112838e-13, 2.37631203777e-12, -2.80263724554e-12, -1.63468587625e-12, 6.74755458213e-14, 1.7402558344e-12, 3.52443248197e-12, 3.43689790169e-12, 8.60338059475e-13, 5.30629923681e-12, 1.83619005417e-12, 3.36369929306e-13, 2.83396133031e-14, 1.04008522376e-14, 1.52385004978e-14, 1.41637805415e-16, -1.86950990981e-17], [5.81235526289e-13, 5.81136961469e-12, -1.60335677027e-12, -1.14663738573e-11, 1.71458019223e-12, 7.11832676137e-11, 3.98126106735e-12, 2.87749967083e-12, 2.56944986121e-12, -2.6241118653e-13, 1.17534223998e-13, -2.13337485698e-12, -1.82076641091e-12, -1.76991917216e-12, -1.12473919067e-12, -3.98497261665e-13, -1.79693250297e-12, -1.24527558404e-12, 1.64235584767e-12, 8.32929645395e-13, 1.87089791359e-13, 3.01835955589e-14, 4.64706025668e-14, 1.7372101953e-14, 2.57934132054e-15, -1.42135410802e-16, -6.02320786094e-18], [1.13547578729e-13, 7.3036247189e-12, -1.44557510493e-12, 1.51520115899e-11, 6.578379768e-12, 3.98126106735e-12, 1.17989125414e-11, 1.27984450295e-12, 2.4839502742e-13, 1.87023478843e-13, 6.78435931566e-13, 1.00694118029e-13, 1.55709451409e-12, 3.92428087638e-13, -3.06414534587e-13, 2.28288660762e-13, 3.48546929166e-13, 6.85558380897e-13, -1.23993859884e-13, -1.13294979951e-13, -3.0742365576e-13, -3.18157518153e-15, 2.96799307103e-15, 1.35338754906e-15, -2.80675060864e-16, -3.56112371012e-17, 2.99837110862e-18], [-1.28862451105e-14, 3.63318587455e-13, 2.51349668075e-13, 6.63298669462e-12, -1.37787697918e-12, 2.87749967083e-12, 1.27984450295e-12, 5.59979406595e-12, 2.0845658099e-12, -1.59776488914e-13, -1.94088506118e-13, -3.28236949339e-13, 1.73315951434e-13, 1.10093967905e-13, -2.96125103605e-13, 1.67146349794e-14, -7.15374320111e-13, -6.57475918327e-13, 1.48972834394e-13, -3.91160086093e-13, -3.58659398025e-14, -4.74244175695e-15, 3.50867368302e-15, 1.9855966355e-15, -9.26126025133e-16, -6.98276491662e-17, 2.51135963079e-19], [5.56668494395e-14, 1.52896011824e-12, -1.54976373531e-13, 9.25382426936e-12, -6.66994527304e-15, 2.56944986121e-12, 2.4839502742e-13, 2.0845658099e-12, 5.06485218349e-12, 2.69394803774e-13, -1.4254409827e-13, -5.84166224711e-15, -1.63799570153e-13, 1.88546671087e-14, -2.52794774046e-13, -5.27620753078e-14, -1.01657159253e-12, -8.4677647923e-13, -7.59183263943e-15, 1.21786166763e-13, 1.09612221304e-14, 3.18760584436e-15, -4.72726387945e-16, 1.87918134524e-15, 8.61722616142e-16, -3.20334559587e-17, 2.45316152934e-19], [3.20338644933e-14, 4.65467833548e-13, 3.49743393697e-14, 6.50326667517e-12, 7.3211185378e-13, -2.6241118653e-13, 1.87023478843e-13, -1.59776488914e-13, 2.69394803774e-13, 8.0082799116e-13, 1.03609639314e-13, 6.67634133741e-13, 2.33691755183e-13, 1.11483447528e-13, 1.23185139931e-13, 6.63734746418e-14, 6.48138118696e-13, 6.04787758502e-13, 1.93792315637e-13, 6.01184683632e-13, 1.94763679468e-13, 1.56522676222e-14, 4.89945032516e-15, -3.29932859013e-16, 2.53648568857e-16, 1.47248687315e-17, 6.3491592085e-19], [-3.1414507226e-14, 4.77861348581e-13, -3.32452002125e-13, -4.66244100619e-12, 5.53677112838e-13, 1.17534223998e-13, 6.78435931566e-13, -1.94088506118e-13, -1.4254409827e-13, 1.03609639314e-13, 1.19301974983e-12, 1.11267852571e-12, 3.70798606663e-13, 3.53124864419e-13, 1.41155343707e-13, 1.18992231975e-13, 1.1211913559e-12, 1.02828292756e-12, 6.68084214015e-16, 5.93660157925e-13, 1.79670880496e-13, 1.89540172972e-14, 2.0963525461e-15, 4.51541564539e-16, 7.91320308061e-16, 3.60700047038e-17, 8.4651518389e-19], [-8.87670199932e-14, 1.66602354742e-12, 2.75580838531e-12, -6.76060422922e-12, 2.37631203777e-12, -2.13337485698e-12, 1.00694118029e-13, -3.28236949339e-13, -5.84166224711e-15, 6.67634133741e-13, 1.11267852571e-12, 1.13568937241e-11, 1.57269997806e-12, 2.20103037359e-12, 1.24817994482e-12, 1.22383483556e-12, 9.0915087958e-12, 8.31890719505e-12, 8.2493224491e-13, 7.39284501672e-12, 3.04996913142e-12, 1.87230181988e-13, 4.14547953256e-14, 1.14234835851e-14, 6.98355668067e-15, 2.21432835379e-16, 2.32603684558e-18], [-3.97744208717e-14, 1.4639525486e-12, 5.52494844579e-13, -8.93788341949e-12, -2.80263724554e-12, -1.82076641091e-12, 1.55709451409e-12, 1.73315951434e-13, -1.63799570153e-13, 2.33691755183e-13, 3.70798606663e-13, 1.57269997806e-12, 2.84298257679e-12, 1.41269840877e-12, 3.70415286985e-13, 2.8671032562e-13, 2.01986908102e-12, 1.85501657438e-12, -1.71413339252e-13, 4.56619551198e-13, 2.56128289151e-13, 4.05125694276e-14, 1.37855916596e-14, 1.86692499025e-15, 8.56700028402e-16, 7.59237452876e-17, 6.52811611511e-19], [-6.84898101774e-14, -3.27185842438e-13, 7.24355091967e-13, -3.66881742001e-12, -1.63468587625e-12, -1.76991917216e-12, 3.92428087638e-13, 1.10093967905e-13, 1.88546671087e-14, 1.11483447528e-13, 3.53124864419e-13, 2.20103037359e-12, 1.41269840877e-12, 2.22145002046e-12, 4.52959365979e-13, 2.76722492577e-13, 2.12431591415e-12, 2.00505107309e-12, 3.74449955634e-14, 1.03225772114e-12, 5.44082032032e-13, 4.07758950303e-14, 1.43294274694e-14, 4.67438647129e-15, 1.71574612631e-15, 6.86593789737e-17, 6.77293611477e-20], [-8.62237696877e-15, -4.38356002972e-13, 7.6363779666e-13, -1.47219270195e-12, 6.74755458213e-14, -1.12473919067e-12, -3.06414534587e-13, -2.96125103605e-13, -2.52794774046e-13, 1.23185139931e-13, 1.41155343707e-13, 1.24817994482e-12, 3.70415286985e-13, 4.52959365979e-13, 6.5171327536e-13, 2.13508613458e-13, 1.23915407015e-12, 1.386520781e-12, 1.04296549153e-13, 7.90890410888e-13, 3.79651198716e-13, 2.10210538212e-14, 4.38154049989e-15, 9.53217844555e-16, 8.70640390769e-16, 5.20902134591e-17, 6.58974624063e-19], [3.0025874636e-14, 9.09664596253e-13, 4.50340584051e-13, 6.99170105492e-12, 1.7402558344e-12, -3.98497261665e-13, 2.28288660762e-13, 1.67146349794e-14, -5.27620753078e-14, 6.63734746418e-14, 1.18992231975e-13, 1.22383483556e-12, 2.8671032562e-13, 2.76722492577e-13, 2.13508613458e-13, 5.24895665127e-13, 1.0351705387e-12, 1.11221492086e-12, 4.18367326459e-14, 9.31521353109e-13, 4.26627618866e-13, 2.72033829789e-14, 3.88112698718e-15, 2.69219427296e-15, 1.73771604338e-15, 4.53071173693e-17, 1.16666923612e-19], [-1.60736482176e-13, -7.35731282738e-16, 2.90097091314e-12, 4.71071857737e-13, 3.52443248197e-12, -1.79693250297e-12, 3.48546929166e-13, -7.15374320111e-13, -1.01657159253e-12, 6.48138118696e-13, 1.1211913559e-12, 9.0915087958e-12, 2.01986908102e-12, 2.12431591415e-12, 1.23915407015e-12, 1.0351705387e-12, 1.23171143424e-11, 8.95215152008e-12, 5.27941839551e-13, 7.92645810099e-12, 2.87154111253e-12, 1.95124786554e-13, 4.44685588808e-14, 7.96576465136e-15, 5.68516994549e-15, 2.63839195776e-16, 1.28053359427e-18], [-1.01661375444e-13, 2.39739109641e-12, 3.87536053595e-12, 1.82025453738e-11, 3.43689790169e-12, -1.24527558404e-12, 6.85558380897e-13, -6.57475918327e-13, -8.4677647923e-13, 6.04787758502e-13, 1.02828292756e-12, 8.31890719505e-12, 1.85501657438e-12, 2.00505107309e-12, 1.386520781e-12, 1.11221492086e-12, 8.95215152008e-12, 1.60087342688e-11, 1.16636257944e-12, 7.6852777614e-12, 3.12543285523e-12, 1.86753756448e-13, 4.91470132278e-14, 1.90449988001e-14, 9.24739749835e-15, 2.61595458438e-16, 2.58108930207e-18], [5.85335468991e-15, -5.33658187085e-13, 3.56223785278e-13, 9.68583546701e-12, 8.60338059475e-13, 1.64235584767e-12, -1.23993859884e-13, 1.48972834394e-13, -7.59183263943e-15, 1.93792315637e-13, 6.68084214015e-16, 8.2493224491e-13, -1.71413339252e-13, 3.74449955634e-14, 1.04296549153e-13, 4.18367326459e-14, 5.27941839551e-13, 1.16636257944e-12, 1.34159957449e-12, 8.99500417727e-13, 3.86126731717e-13, 2.19950925827e-14, 1.26118132119e-14, 4.08717071621e-15, 9.54130734314e-16, 3.63580984762e-17, 8.2609959089e-20], [3.4140919936e-14, 1.50253897865e-12, 1.61798948805e-12, 6.04423629202e-12, 5.30629923681e-12, 8.32929645395e-13, -1.13294979951e-13, -3.91160086093e-13, 1.21786166763e-13, 6.01184683632e-13, 5.93660157925e-13, 7.39284501672e-12, 4.56619551198e-13, 1.03225772114e-12, 7.90890410888e-13, 9.31521353109e-13, 7.92645810099e-12, 7.6852777614e-12, 8.99500417727e-13, 1.08227697637e-11, 2.87038860562e-12, 1.41104914753e-13, 4.55361321024e-14, 8.62673749439e-15, 5.9411394905e-15, 2.23904980445e-16, 8.93104529229e-19], [1.88857193366e-14, 4.80095726629e-13, 9.49758826273e-13, 3.24497373416e-12, 1.83619005417e-12, 1.87089791359e-13, -3.0742365576e-13, -3.58659398025e-14, 1.09612221304e-14, 1.94763679468e-13, 1.79670880496e-13, 3.04996913142e-12, 2.56128289151e-13, 5.44082032032e-13, 3.79651198716e-13, 4.26627618866e-13, 2.87154111253e-12, 3.12543285523e-12, 3.86126731717e-13, 2.87038860562e-12, 1.53723529132e-12, 9.00061953137e-14, 1.98956316374e-14, 9.4624447641e-15, 4.09545046327e-15, 9.78994195341e-17, 5.30637810519e-19], [-7.65036822768e-16, 1.02977461356e-13, 5.91573434661e-14, 6.38495278784e-13, 3.36369929306e-13, 3.01835955589e-14, -3.18157518153e-15, -4.74244175695e-15, 3.18760584436e-15, 1.56522676222e-14, 1.89540172972e-14, 1.87230181988e-13, 4.05125694276e-14, 4.07758950303e-14, 2.10210538212e-14, 2.72033829789e-14, 1.95124786554e-13, 1.86753756448e-13, 2.19950925827e-14, 1.41104914753e-13, 9.00061953137e-14, 1.94114608285e-14, 2.22797828973e-15, 1.35101755087e-15, 4.4559406976e-16, 7.8786463532e-18, 1.08471399049e-19], [-3.02346557638e-16, 1.80710362717e-14, 2.68538599154e-14, 7.86073138005e-14, 2.83396133031e-14, 4.64706025668e-14, 2.96799307103e-15, 3.50867368302e-15, -4.72726387945e-16, 4.89945032516e-15, 2.0963525461e-15, 4.14547953256e-14, 1.37855916596e-14, 1.43294274694e-14, 4.38154049989e-15, 3.88112698718e-15, 4.44685588808e-14, 4.91470132278e-14, 1.26118132119e-14, 4.55361321024e-14, 1.98956316374e-14, 2.22797828973e-15, 1.16852356123e-15, 3.52932874025e-16, 1.28285455967e-16, 2.64629429539e-18, -6.4333006828e-21], [9.13480167337e-17, 1.61154235437e-14, 1.27712603879e-14, -8.29390267403e-15, 1.04008522376e-14, 1.7372101953e-14, 1.35338754906e-15, 1.9855966355e-15, 1.87918134524e-15, -3.29932859013e-16, 4.51541564539e-16, 1.14234835851e-14, 1.86692499025e-15, 4.67438647129e-15, 9.53217844555e-16, 2.69219427296e-15, 7.96576465136e-15, 1.90449988001e-14, 4.08717071621e-15, 8.62673749439e-15, 9.4624447641e-15, 1.35101755087e-15, 3.52932874025e-16, 2.9599899861e-16, 8.94943380682e-17, 1.14679875515e-18, -1.49060951374e-20], [1.42768409111e-16, 8.58307718112e-15, 4.70272904074e-15, 4.41465711643e-14, 1.52385004978e-14, 2.57934132054e-15, -2.80675060864e-16, -9.26126025133e-16, 8.61722616142e-16, 2.53648568857e-16, 7.91320308061e-16, 6.98355668067e-15, 8.56700028402e-16, 1.71574612631e-15, 8.70640390769e-16, 1.73771604338e-15, 5.68516994549e-15, 9.24739749835e-15, 9.54130734314e-16, 5.9411394905e-15, 4.09545046327e-15, 4.4559406976e-16, 1.28285455967e-16, 8.94943380682e-17, 4.85031050281e-17, 7.82195428915e-19, 2.85926308034e-21], [-1.57943241349e-18, 1.01488721648e-16, 1.90038657685e-16, 6.94132912363e-16, 1.41637805415e-16, -1.42135410802e-16, -3.56112371012e-17, -6.98276491662e-17, -3.20334559587e-17, 1.47248687315e-17, 3.60700047038e-17, 2.21432835379e-16, 7.59237452876e-17, 6.86593789737e-17, 5.20902134591e-17, 4.53071173693e-17, 2.63839195776e-16, 2.61595458438e-16, 3.63580984762e-17, 2.23904980445e-16, 9.78994195341e-17, 7.8786463532e-18, 2.64629429539e-18, 1.14679875515e-18, 7.82195428915e-19, 2.86503957174e-20, 2.69427023455e-22], [7.56931394303e-20, 2.44666045841e-18, -5.22592941394e-18, -1.02669022355e-16, -1.86950990981e-17, -6.02320786094e-18, 2.99837110862e-18, 2.51135963079e-19, 2.45316152934e-19, 6.3491592085e-19, 8.4651518389e-19, 2.32603684558e-18, 6.52811611511e-19, 6.77293611477e-20, 6.58974624063e-19, 1.16666923612e-19, 1.28053359427e-18, 2.58108930207e-18, 8.2609959089e-20, 8.93104529229e-19, 5.30637810519e-19, 1.08471399049e-19, -6.4333006828e-21, -1.49060951374e-20, 2.85926308034e-21, 2.69427023455e-22, 1.0058754674e-22]]
    },
    "mfcc": {
        "kurt": [43.5520172119, 9.48125648499, 0.60618519783, 2.77678394318, 0.0508997440338, 0.416139364243, 0.394487380981, 0.325879096985, -0.203196525574, 0.482792139053, 0.750884771347, -0.335452079773, -0.20458817482],
        "max": [-845.845947266, 145.156921387, 10.3190002441, 66.5607833862, 21.7320556641, 19.051864624, 30.1140975952, 7.5907459259, 8.26064682007, 5.97301673889, 11.3906135559, 16.5763988495, 2.80785369873],
        "mean": [-886.176818848, 128.190078735, -23.6151809692, 51.4337997437, 5.84412097931, -0.651992499828, 11.1040439606, -7.05418014526, -3.5633161068, -10.4583339691, -1.04125201702, 1.93177592754, -11.0208034515],
        "median": [-886.359436035, 128.858688354, -21.5844306946, 51.8938713074, 5.91389465332, -0.658172607422, 10.6125602722, -7.14373779297, -3.97700500488, -10.7816352844, -0.995750427246, 2.02491760254, -11.4213485718],
        "min": [-1041.97668457, 78.3418655396, -47.8710136414, 16.4181251526, -9.62187194824, -15.7653198242, -4.38027572632, -17.4484710693, -14.6471633911, -25.2647171021, -21.6625423431, -10.2733917236, -21.7387428284],
        "skew": [-4.66146945953, -1.70055449009, -0.261369138956, -0.826673805714, 0.171730816364, 0.0328183323145, 0.244194313884, 0.18058629334, 0.198890954256, 0.255984932184, -0.340949594975, 0.295126467943, 0.258666425943],
        "var": [266.862823486, 56.9768600464, 79.1852493286, 47.8605537415, 32.7896766663, 31.9332351685, 25.831489563, 19.7600898743, 18.9913425446, 23.3438301086, 28.7008800507, 32.973690033, 25.8047847748],
        "cov": [[268.321075439, 60.5375747681, -78.9470977783, 41.4445877075, -23.0825214386, 18.8911514282, 13.6867208481, -11.2711830139, 4.21958398819, -27.4390583038, -17.4615592957, 24.8038787842, 8.8736000061], [60.5375747681, 57.2882080078, 12.8074092865, 5.36426591873, -0.32245272398, -7.79383325577, -4.08485841751, -5.99542188644, 0.79224550724, 1.56499910355, -0.0465471446514, -0.552222549915, -3.35252070427], [-78.9470977783, 12.8074092865, 79.6179580688, 11.5859546661, 1.66472816467, -16.0249576569, -14.8323955536, 1.03797066212, -1.78051042557, 10.4918937683, 6.57330465317, -22.053527832, -9.54013824463], [41.4445877075, 5.36426591873, 11.5859546661, 48.1220855713, 2.09377837181, -0.917260587215, 6.78142356873, -3.12198162079, 0.448336780071, -8.40937614441, -13.3950805664, -4.5607919693, -1.27797055244], [-23.0825214386, -0.32245272398, 1.66472816467, 2.09377837181, 32.9688568115, 13.5868797302, 2.11318945885, 0.818046212196, -2.30769515038, 0.149036973715, -1.54374837875, 0.654554367065, -2.96005892754], [18.8911514282, -7.79383325577, -16.0249576569, -0.917260587215, 13.5868797302, 32.1077346802, 8.97559833527, 1.47796165943, 1.85591113567, -6.20145750046, -1.11219167709, 5.23234987259, 1.11109316349], [13.6867208481, -4.08485841751, -14.8323955536, 6.78142356873, 2.11318945885, 8.97559833527, 25.9726448059, 8.52271842957, 3.71904993057, -0.513088107109, -9.68640518188, 4.88412570953, 3.8527264595], [-11.2711830139, -5.99542188644, 1.03797066212, -3.12198162079, 0.818046212196, 1.47796165943, 8.52271842957, 19.8680686951, 7.73797750473, -0.160232290626, 2.45638847351, -0.648687720299, -1.12514209747], [4.21958398819, 0.79224550724, -1.78051042557, 0.448336780071, -2.30769515038, 1.85591113567, 3.71904993057, 7.73797750473, 19.0951194763, 7.79151058197, 0.208833411336, 3.91645264626, -0.102201037109], [-27.4390583038, 1.56499910355, 10.4918937683, -8.40937614441, 0.149036973715, -6.20145750046, -0.513088107109, -0.160232290626, 7.79151058197, 23.4713916779, 11.9705457687, -0.053125474602, 0.446029990911], [-17.4615592957, -0.0465471446514, 6.57330465317, -13.3950805664, -1.54374837875, -1.11219167709, -9.68640518188, 2.45638847351, 0.208833411336, 11.9705457687, 28.8577156067, 6.43558073044, -0.0855802074075], [24.8038787842, -0.552222549915, -22.053527832, -4.5607919693, 0.654554367065, 5.23234987259, 4.88412570953, -0.648687720299, 3.91645264626, -0.053125474602, 6.43558073044, 33.1538734436, 19.061580658], [8.8736000061, -3.35252070427, -9.54013824463, -1.27797055244, -2.96005892754, 1.11109316349, 3.8527264595, -1.12514209747, -0.102201037109, 0.446029990911, -0.0855802074075, 19.061580658, 25.9457950592]]
    },
    "sccoeffs": {
        "kurt": [-0.422744035721, 0.29962015152, -0.287678956985, -0.0518572330475, 0.00804376602173, 2.05883789062],
        "max": [-0.630823373795, -0.736689150333, -0.812893629074, -0.803217589855, -0.809534430504, -0.752911925316],
        "mean": [-0.728992283344, -0.839026987553, -0.868203759193, -0.856905162334, -0.848706841469, -0.785995483398],
        "median": [-0.72153711319, -0.841566801071, -0.866114616394, -0.859736979008, -0.846826612949, -0.784259676933],
        "min": [-0.871106088161, -0.931053996086, -0.927815556526, -0.901474356651, -0.885259330273, -0.838841795921],
        "skew": [-0.466336280107, 0.285352557898, -0.132762461901, 0.340160816908, -0.201160952449, -0.717377603054],
        "var": [0.00252734217793, 0.00118254742119, 0.000604129978456, 0.000344401050825, 0.000198070949409, 0.000128102401504],
        "cov": [[0.00254115276039, -0.000176747125806, 6.8864748755e-05, 2.65846083494e-05, -1.34496767714e-05, 4.39567447756e-05], [-0.000176747125806, 0.00118900940288, 4.67497884529e-05, -8.85575263965e-06, -5.98633123445e-05, -4.1832216084e-05], [6.8864748755e-05, 4.67497884529e-05, 0.000607431225944, 2.25566964218e-05, -6.18737840341e-06, 1.34849960887e-05], [2.65846083494e-05, -8.85575263965e-06, 2.25566964218e-05, 0.000346283050021, 1.66766749317e-05, 2.97430942737e-05], [-1.34496767714e-05, -5.98633123445e-05, -6.18737840341e-06, 1.66766749317e-05, 0.000199153306312, 1.1869609807e-05], [4.39567447756e-05, -4.1832216084e-05, 1.34849960887e-05, 2.97430942737e-05, 1.1869609807e-05, 0.000128802421386]]
    },
    "scvalleys": {
        "kurt": [4.13864469528, 3.52684736252, 1.05941581726, 6.91857242584, 23.7059783936, 19.3705291748],
        "max": [-6.66176557541, -6.82991170883, -7.44202470779, -8.10314178467, -8.15707302094, -10.3904933929],
        "mean": [-7.36730337143, -7.75225543976, -8.34666919708, -8.65989875793, -8.78252220154, -11.848938942],
        "median": [-7.35485219955, -7.73505401611, -8.36306285858, -8.66739273071, -8.79168128967, -11.8284444809],
        "min": [-9.10453128815, -9.27093315125, -9.60574531555, -10.2316932678, -10.8610191345, -13.6805515289],
        "skew": [-1.06126403809, -0.81566542387, -0.164167761803, -1.2872543335, -2.70643758774, -1.12751531601],
        "var": [0.100022256374, 0.104011431336, 0.09381249547, 0.0631969720125, 0.06313919276, 0.0630614981055],
        "cov": [[0.100568823516, 0.0164815634489, 0.0180527083576, 0.0153752276674, 0.0212711915374, 0.0181940607727], [0.0164815634489, 0.104579798877, 0.0217270515859, 0.0188982803375, 0.0202660039067, 0.0163926593959], [0.0180527083576, 0.0217270515859, 0.094325132668, 0.0333436429501, 0.0369164645672, 0.0265998784453], [0.0153752276674, 0.0188982803375, 0.0333436429501, 0.0635423138738, 0.029682982713, 0.0244146250188], [0.0212711915374, 0.0202660039067, 0.0369164645672, 0.029682982713, 0.0634842142463, 0.0361115559936], [0.0181940607727, 0.0163926593959, 0.0265998784453, 0.0244146250188, 0.0361115559936, 0.0634060949087]]
    }
},
"rhythm": {
    "beats_loudness": {
        "kurt": -0.786646604538,
        "max": 0.000344737520209,
        "mean": 0.00023971349583,
        "median": 0.000274759775493,
        "min": 8.6397783889e-05,
        "skew": -0.760878384113,
        "var": 7.48059214573e-09
    },
    "bpm": 150.068939209,
    "confidence": 0,
    "first_peak_bpm": {
        "kurt": 0,
        "max": 152,
        "mean": 152,
        "median": 152,
        "min": 152,
        "skew": 0,
        "var": 0
    },
    "first_peak_spread": {
        "kurt": 0,
        "max": 0.444444417953,
        "mean": 0.444444417953,
        "median": 0.444444417953,
        "min": 0.444444417953,
        "skew": 0,
        "var": 0
    },
    "first_peak_weight": {
        "kurt": 0,
        "max": 0.555555582047,
        "mean": 0.555555582047,
        "median": 0.555555582047,
        "min": 0.555555582047,
        "skew": 0,
        "var": 0
    },
    "onset_rate": 1.17813634872,
    "second_peak_bpm": {
        "kurt": 0,
        "max": 0,
        "mean": 0,
        "median": 0,
        "min": 0,
        "skew": 0,
        "var": 0
    },
    "second_peak_spread": {
        "kurt": 0,
        "max": 0,
        "mean": 0,
        "median": 0,
        "min": 0,
        "skew": 0,
        "var": 0
    },
    "second_peak_weight": {
        "kurt": 0,
        "max": 0,
        "mean": 0,
        "median": 0,
        "min": 0,
        "skew": 0,
        "var": 0
    },
    "beats_loudness_band_ratio": {
        "kurt": [-0.167088031769, -0.526337146759, -0.782608509064, -0.47502040863, 0.670164108276, -0.424870252609],
        "max": [0.865162312984, 0.202446311712, 0.130161136389, 0.105902202427, 0.191400110722, 0.0903759822249],
        "mean": [0.661033332348, 0.104017831385, 0.0637556612492, 0.0608720704913, 0.0888163074851, 0.0451391488314],
        "median": [0.706240057945, 0.088163420558, 0.0543408617377, 0.0544569678605, 0.0720530301332, 0.0404383130372],
        "min": [0.361626446247, 0.0429796501994, 0.0156469531357, 0.0233960784972, 0.0338816717267, 0.0109903039411],
        "skew": [-0.976700484753, 0.844936549664, 0.557504355907, 0.415348827839, 1.17368984222, 0.537764787674],
        "var": [0.0228269118816, 0.00243715383112, 0.00120465736836, 0.000517897948157, 0.00183919200208, 0.000492572784424],
        "cov": [[0.0253632348031, -0.00802836287767, -0.0049885190092, -0.00336478999816, -0.00595455383882, -0.00311127258465], [-0.00802836287767, 0.00270794867538, 0.0015219693305, 0.00102757196873, 0.00165624462534, 0.00108596822247], [-0.0049885190092, 0.0015219693305, 0.00133850821294, 0.000797902059276, 0.00103259063326, 0.000430870888522], [-0.00336478999816, 0.00102757196873, 0.000797902059276, 0.000575442158151, 0.000716265756637, 0.000331858696882], [-0.00595455383882, 0.00165624462534, 0.00103259063326, 0.000716265756637, 0.00204354664311, 0.000618684920482], [-0.00311127258465, 0.00108596822247, 0.000430870888522, 0.000331858696882, 0.000618684920482, 0.000547303119674]]
    },
    "beats_position": [0.394739210606, 0.789478421211, 1.19582760334, 1.59056687355, 1.99691605568, 2.39165520668, 2.79800438881, 3.20435357094, 3.59909296036, 3.99383211136],
    "bpm_estimates": [151.999084473, 147.656265259, 151.999069214, 147.656265259, 151.99911499, 147.656265259, 147.656265259, 151.999023438, 151.99911499],
    "bpm_intervals": [0.394739210606, 0.406349182129, 0.39473927021, 0.406349182129, 0.394739151001, 0.406349182129, 0.406349182129, 0.39473938942, 0.394739151001],
    "onset_times": [0.0116099771112, 0.53405892849, 1.07972788811, 1.34675741196, 3.48299312592],
    "histogram": [[0, 0, 0, 0, 0, 0, 0, 0, 0, 0, 0, 0, 0, 0, 0, 0, 0, 0, 0, 0, 0, 0, 0, 0, 0, 0, 0, 0, 0, 0, 0, 0, 0, 0, 0, 0, 0, 0, 0, 0, 0, 0, 0, 0, 0, 0, 0, 0, 0, 0, 0, 0, 0, 0, 0, 0, 0, 0, 0, 0, 0, 0, 0, 0, 0, 0, 0, 0, 0, 0, 0, 0, 0, 0, 0, 0, 0, 0, 0, 0, 0, 0, 0, 0, 0, 0, 0, 0, 0, 0, 0, 0, 0, 0, 0, 0, 0, 0, 0, 0, 0, 0, 0, 0, 0, 0, 0, 0, 0, 0, 0, 0, 0, 0, 0, 0, 0, 0, 0, 0, 0, 0, 0, 0, 0, 0, 0, 0, 0, 0, 0, 0, 0, 0, 0, 0, 0, 0, 0, 0, 0, 0, 0, 0, 0, 0, 0, 0, 0.444444447756, 0, 0, 0, 0.555555582047, 0, 0, 0, 0, 0, 0, 0, 0, 0, 0, 0, 0, 0, 0, 0, 0, 0, 0, 0, 0, 0, 0, 0, 0, 0, 0, 0, 0, 0, 0, 0, 0, 0, 0, 0, 0, 0, 0, 0, 0, 0, 0, 0, 0, 0, 0, 0, 0, 0, 0, 0, 0, 0, 0, 0, 0, 0, 0, 0, 0, 0, 0, 0, 0, 0, 0, 0, 0, 0, 0, 0, 0, 0, 0, 0, 0, 0, 0, 0, 0, 0, 0, 0, 0, 0, 0, 0, 0, 0, 0, 0, 0, 0, 0, 0, 0, 0]]
},
"sfx": {
    "inharmonicity": {
        "kurt": 7.09202098846,
        "max": 0.270502239466,
        "mean": 0.0428728722036,
        "median": 0.0247510876507,
        "min": 0,
        "skew": 2.55626392365,
        "var": 0.00236736284569
    },
    "oddtoevenharmonicenergyratio": {
        "kurt": 53.9937400818,
        "max": 8.57263946533,
        "mean": 0.33182144165,
        "median": 0.100087463856,
        "min": 0,
        "skew": 6.67789840698,
        "var": 0.711226522923
    },
    "pitch_after_max_to_before_max_energy_ratio": 3.95432162285,
    "pitch_centroid": 89.5954055786,
    "pitch_max_to_total": 0,
    "pitch_min_to_total": 0.717391312122,
    "tristimulus": {
        "kurt": [3.00510072708, 4.73964643478, 1.71460342407],
        "max": [1, 0.835363686085, 0.714308857918],
        "mean": [0.406980067492, 0.215974867344, 0.377045184374],
        "median": [0.424305617809, 0.174556434155, 0.386626601219],
        "min": [0, 0, 0],
        "skew": [0.129680722952, 2.19871306419, -1.02696359158],
        "var": [0.0192281082273, 0.0262068621814, 0.0220018140972],
        "cov": [[0.0193331800401, -0.0117806037888, -0.00755257997662], [-0.0117806037888, 0.0263500679284, -0.0145694613457], [-0.00755257997662, -0.0145694613457, 0.0221220422536]]
    }
},
"tonal": {
    "chords_changes_rate": 0.0645161271095,
    "chords_number_rate": 0.0430107526481,
    "chords_strength": {
        "kurt": -0.894656658173,
        "max": 0.456043809652,
        "mean": 0.379372417927,
        "median": 0.380154877901,
        "min": 0.282876938581,
        "skew": -0.260511100292,
        "var": 0.00238555716351
    },
    "key_strength": 0.55774050951,
    "tuning_diatonic_strength": 0.473945736885,
    "tuning_equal_tempered_deviation": 0.249168202281,
    "tuning_frequency": 446.657836914,
    "tuning_nontempered_energy_ratio": 0.869408667088,
    "hpcp": {
        "kurt": [3.69725227356, 3.96948289871, 5.379945755, 23.9477615356, 13.5982093811, 4.42396640778, 3.73800563812, 7.84391117096, 8.1877412796, 11.4394216537, 11.3347482681, 19.4438209534, 12.5277528763, 10.2300004959, 12.7976427078, 4.36090278625, 5.67781162262, 8.5029964447, -0.453897476196, -1.78633403778, -1.17631459236, -1.72853767872, -0.957914590836, 1.38374328613, 4.95106935501, 1.89723157883, 6.0985212326, 17.3848686218, 9.08661079407, 1.92933130264, 6.28506946564, 49.9175300598, 27.9235210419, 13.0525550842, 5.99524688721, 7.25187587738],
        "max": [0.153930619359, 0.183944985271, 0.267960369587, 0.534774541855, 0.40613207221, 0.31036400795, 0.263286501169, 0.307550579309, 0.272739976645, 0.203261435032, 0.224495396018, 0.390426516533, 0.301684677601, 0.242680728436, 0.289336115122, 0.206310644746, 0.219312146306, 0.595289766788, 1, 1, 1, 1, 1, 0.477580308914, 0.434564709663, 0.570345401764, 0.695064663887, 0.535514831543, 0.200791865587, 0.103721991181, 0.150274515152, 0.481703996658, 0.498222917318, 0.343644708395, 0.168668165803, 0.14340518415],
