{
"metadata": {
    "version": {
        "essentia": "2.1-beta3"
    }
},
"lowLevel": {
    "average_loudness": 0.988583922386,
    "barkbands_kurtosis": {
        "kurt": 1.43361902237,
        "max": 1.80892896652,
        "mean": -0.439495503902,
        "median": -0.587612390518,
        "min": -1.38157129288,
        "skew": 1.24040234089,
        "var": 0.341032445431
    },
    "barkbands_skewness": {
        "kurt": -0.400209903717,
        "max": 1.65109276772,
        "mean": 0.71211707592,
        "median": 0.688403129578,
        "min": -0.159910529852,
        "skew": 0.311635345221,
        "var": 0.113693393767
    },
    "barkbands_spread": {
        "kurt": -0.150345802307,
        "max": 36.255027771,
        "mean": 27.0334682465,
        "median": 27.2085132599,
        "min": 17.6534309387,
        "skew": 0.0267840940505,
        "var": 10.8992261887
    },
    "dissonance": {
        "kurt": 7.02376842499,
        "max": 0.499742090702,
        "mean": 0.479137659073,
        "median": 0.480854153633,
        "min": 0.375575453043,
        "skew": -1.51015841961,
        "var": 0.00015881928266
    },
    "hfc": {
        "kurt": 7.5770111084,
        "max": 25.300409317,
        "mean": 11.1957578659,
        "median": 10.8440122604,
        "min": 6.43833351135,
        "skew": 1.64798271656,
        "var": 4.01070022583
    },
    "pitch": {
        "kurt": 29.2022323608,
        "max": 901.172180176,
        "mean": 208.819641113,
        "median": 180.593505859,
        "min": 89.2520980835,
        "skew": 4.31655073166,
        "var": 4831.03662109
    },
    "pitch_instantaneous_confidence": {
        "kurt": -0.162776231766,
        "max": 0.381544172764,
        "mean": 0.235416293144,
        "median": 0.232466936111,
        "min": 0.126381754875,
        "skew": 0.360732764006,
        "var": 0.00196151272394
    },
    "pitch_salience": {
        "kurt": 0.28421831131,
        "max": 0.788340091705,
        "mean": 0.655003786087,
        "median": 0.658312261105,
        "min": 0.454677045345,
        "skew": -0.492643177509,
        "var": 0.00266235158779
    },
    "silence_rate_20dB": {
        "kurt": 0,
        "max": 1,
        "mean": 1,
        "median": 1,
        "min": 1,
        "skew": 0,
        "var": 0
    },
    "silence_rate_30dB": {
        "kurt": 0,
        "max": 1,
        "mean": 1,
        "median": 1,
        "min": 1,
        "skew": 0,
        "var": 0
    },
    "silence_rate_60dB": {
        "kurt": 0,
        "max": 0,
        "mean": 0,
        "median": 0,
        "min": 0,
        "skew": 0,
        "var": 0
    },
    "spectral_centroid": {
        "kurt": -0.406199216843,
        "max": 1441.21386719,
        "mean": 934.697143555,
        "median": 924.715820312,
        "min": 573.305664062,
        "skew": 0.192302390933,
        "var": 25616.4082031
    },
    "spectral_complexity": {
        "kurt": 3.41198539734,
        "max": 52,
        "mean": 28.5583209991,
        "median": 28,
        "min": 12,
        "skew": 0.599688649178,
        "var": 15.6556367874
    },
    "spectral_crest": {
        "kurt": 0.108237504959,
        "max": 15.8641519547,
        "mean": 6.87602233887,
        "median": 6.40646934509,
        "min": 2.85044431686,
        "skew": 0.829095900059,
        "var": 6.76385736465
    },
    "spectral_decrease": {
        "kurt": 0.361845016479,
        "max": -1.7321967194e-09,
        "mean": -2.95434521291e-09,
        "median": -2.89498536254e-09,
        "min": -5.31017674277e-09,
        "skew": -0.548661530018,
        "var": 2.97122422999e-19
    },
    "spectral_energy": {
        "kurt": 0.56667470932,
        "max": 0.022255141288,
        "mean": 0.0121658593416,
        "median": 0.0119398934767,
        "min": 0.00717559596524,
        "skew": 0.569846630096,
        "var": 4.57732585346e-06
    },
    "spectral_energyband_high": {
        "kurt": 9.20275115967,
        "max": 0.0010110369185,
        "mean": 0.000287607806968,
        "median": 0.000270631659077,
        "min": 7.26160069462e-05,
        "skew": 2.05558228493,
        "var": 9.46113321021e-09
    },
    "spectral_energyband_low": {
        "kurt": -0.096254825592,
        "max": 0.00392966205254,
        "mean": 0.00185070175212,
        "median": 0.00173716200516,
        "min": 0.000704933307134,
        "skew": 0.684923827648,
        "var": 3.43653908885e-07
    },
    "spectral_energyband_middle_high": {
        "kurt": 1.52638673782,
        "max": 0.00946612190455,
        "mean": 0.00431039230898,
        "median": 0.00414455542341,
        "min": 0.00231736339629,
        "skew": 0.996598303318,
        "var": 1.09091899958e-06
    },
    "spectral_energyband_middle_low": {
        "kurt": 0.115256786346,
        "max": 0.0140720866621,
        "mean": 0.00640655355528,
        "median": 0.006252752617,
        "min": 0.0020408842247,
        "skew": 0.56296145916,
        "var": 4.36559912487e-06
    },
    "spectral_flatness_db": {
        "kurt": 1.30840015411,
        "max": 0.178518265486,
        "mean": 0.136041104794,
        "median": 0.135242372751,
        "min": 0.0731952115893,
        "skew": 0.0654816552997,
        "var": 0.000135969443363
    },
    "spectral_flux": {
        "kurt": 0.498157739639,
        "max": 0.0951109230518,
        "mean": 0.0635579973459,
        "median": 0.0625600963831,
        "min": 0.0435368530452,
        "skew": 0.647174119949,
        "var": 7.54205102567e-05
    },
    "spectral_kurtosis": {
        "kurt": 10.9554157257,
        "max": 17.8522434235,
        "mean": 5.89292955399,
        "median": 5.71745204926,
        "min": 1.14251995087,
        "skew": 1.65325474739,
        "var": 1.67671835423
    },
    "spectral_rms": {
        "kurt": 0.0940294265747,
        "max": 0.00465964945033,
        "mean": 0.00343211484142,
        "median": 0.00341301574372,
        "min": 0.00264586112462,
        "skew": 0.305640518665,
        "var": 8.97149945445e-08
    },
    "spectral_rolloff": {
        "kurt": -0.265948057175,
        "max": 3229.98046875,
        "mean": 1954.33081055,
        "median": 1937.98828125,
        "min": 947.4609375,
        "skew": 0.184408187866,
        "var": 162091.203125
    },
    "spectral_skewness": {
        "kurt": 6.24289703369,
        "max": 3.02736186981,
        "mean": 1.78481018543,
        "median": 1.77742910385,
        "min": 1.32322049141,
        "skew": 0.976972401142,
        "var": 0.0235562473536
    },
    "spectral_spread": {
        "kurt": 132.309509277,
        "max": 10031201,
        "mean": 3483060.25,
        "median": 3437869.75,
        "min": 2797203.5,
        "skew": 8.67093086243,
        "var": 149172338688
    },
    "spectral_strongpeak": {
        "kurt": 4.63762426376,
        "max": 1.71435713768,
        "mean": 0.38087952137,
        "median": 0.30814704299,
        "min": 0.0656351447105,
        "skew": 1.8146750927,
        "var": 0.0601239167154
    },
    "zerocrossingrate": {
        "kurt": 1.95736980438,
        "max": 0.09033203125,
        "mean": 0.0624992400408,
        "median": 0.06298828125,
        "min": 0.02587890625,
        "skew": -0.315363913774,
        "var": 4.85554410261e-05
    },
    "barkbands": {
        "kurt": [303.661346436, 0.317607879639, 2.77144289017, 0.308678865433, 0.639259576797, 5.80314731598, 4.8964266777, 1.47750759125, 3.33860635757, 1.44798564911, 1.63380336761, 1.11638259888, 1.81976652145, 1.12905502319, 0.972461700439, 1.79815626144, 4.25895929337, 6.62521934509, 6.50602054596, 2.53234529495, 9.2766494751, 68.6664962769, 230.467102051, 232.630111694, 533.879150391, 511.918823242, 323.453033447],
        "max": [3.78265649488e-05, 0.00146502885036, 0.000929490255658, 0.00409684656188, 0.00983341317624, 0.00114887603559, 0.00171525927726, 0.00329496688209, 0.00231133331545, 0.00364204472862, 0.000934324285481, 0.00112636270933, 0.00168766675051, 0.000966946594417, 0.00124389235862, 0.000977060873993, 0.00100887240842, 0.00167482241523, 0.00119924568571, 0.000915923621505, 0.000509411795065, 0.00023346740636, 6.75050541759e-05, 3.69595327356e-05, 0.000138145551318, 2.22550920626e-06, 3.84886291727e-08],
        "mean": [5.42340330867e-06, 0.00102349254303, 0.000214689003769, 0.00124499911908, 0.00300180329941, 0.000221022899495, 0.000377366959583, 0.000890124938451, 0.000555150210857, 0.000866061076522, 0.000305433699396, 0.000414097710745, 0.000542710477021, 0.000330298236804, 0.000398239499191, 0.000339622114552, 0.000276154489256, 0.000375183328288, 0.00031450658571, 0.000320551043842, 0.000116617295134, 2.67289960902e-05, 3.29887120643e-06, 1.33542880576e-06, 9.2244647476e-07, 3.94566797013e-08, 6.90233481482e-10],
        "median": [5.32021886102e-06, 0.00102839211468, 0.000183201831533, 0.00100383558311, 0.00265348143876, 0.000186244607903, 0.000326983601553, 0.000787488126662, 0.000507841410581, 0.000694485323038, 0.000273418583674, 0.000380853802199, 0.000493682571687, 0.000314561766572, 0.000361046200851, 0.000319794868119, 0.000250728888204, 0.000342173414538, 0.000289180141408, 0.00029715927667, 0.00010922592628, 2.35847564909e-05, 2.82372570837e-06, 1.04507842025e-06, 5.34389471341e-07, 2.90901027711e-08, 4.02488931073e-10],
        "min": [2.47073307946e-06, 0.000351786875399, 1.46922811837e-05, 3.67555549019e-05, 0.000169497332536, 3.20590297633e-05, 4.32430460933e-05, 0.000131214328576, 7.41684198147e-05, 6.46207772661e-05, 4.0714363422e-05, 7.97152024461e-05, 9.40295503824e-05, 6.23869273113e-05, 5.02407237946e-05, 6.920240412e-05, 6.8186011049e-05, 0.000113630921987, 8.75008263392e-05, 6.25230895821e-05, 3.7101941416e-05, 7.8763878264e-06, 1.11138047032e-06, 3.67333058193e-07, 2.23852026693e-07, 8.79990302849e-09, 7.74079411681e-11],
        "skew": [14.5756044388, -0.120948716998, 1.34793186188, 0.959987819195, 0.896931946278, 1.86898589134, 1.77987742424, 1.09045910835, 1.22589635849, 1.23884320259, 1.19736254215, 0.997454285622, 1.13970279694, 0.819892764091, 0.991977334023, 1.03329491615, 1.59907102585, 1.75032186508, 1.73987925053, 1.23000895977, 1.84915649891, 6.32294225693, 13.3949346542, 14.0175523758, 22.5853767395, 21.6250457764, 16.7759284973],
        "var": [2.36568425439e-12, 2.18566427179e-08, 1.73680145821e-08, 7.93996321136e-07, 3.1027584555e-06, 1.83625008532e-08, 5.47936025441e-08, 2.71012567055e-07, 6.95909179171e-08, 3.37900928571e-07, 2.66575224117e-08, 3.66325245693e-08, 5.1329177353e-08, 1.71149086015e-08, 4.50213519798e-08, 1.83901640582e-08, 1.50332581939e-08, 2.7997907992e-08, 1.61023532286e-08, 1.51018415551e-08, 2.03342653826e-09, 2.26543256376e-10, 1.11152233251e-11, 3.64593945312e-12, 3.2166425773e-11, 8.30940507103e-15, 3.26947665925e-18],
        "cov": [[2.36936924074e-12, 4.40286661296e-11, 1.25843788515e-11, -5.48823764213e-11, -4.25505269908e-10, -1.44823606232e-11, -2.86284190798e-12, 4.26549108534e-11, 4.77521971617e-12, 9.99329438645e-11, -3.74804319525e-11, -3.5060822301e-11, 4.65232227742e-11, 7.75952652826e-12, 8.68449409608e-12, -1.41768836254e-11, -2.14404327625e-11, -2.72991022149e-11, -1.25307819676e-11, -2.70552590748e-11, -1.19591151218e-11, -1.73103556229e-12, -2.18892612369e-13, -5.56450230945e-14, -1.3146984044e-13, -4.20335017877e-15, 9.79617320422e-16], [4.40286661296e-11, 2.18906865967e-08, 4.5361705503e-09, 3.15580089838e-10, -4.48127330799e-08, -3.67271990598e-10, 1.8619654707e-09, 1.23191750134e-08, 3.72346126154e-10, 6.31835384013e-09, -3.74418229754e-09, 2.3530515314e-09, -1.23171683963e-09, -7.66428254195e-10, -1.21968002365e-09, -4.37360342387e-10, -2.75581224507e-09, -4.94653207284e-09, -3.27845084414e-09, -5.56042678568e-09, -1.69164526831e-09, -2.66694777373e-10, -5.34374280936e-11, -1.84558045929e-11, -4.6194915948e-11, -1.12549303644e-12, -3.32624078563e-14], [1.25843788515e-11, 4.5361705503e-09, 1.73950684967e-08, 4.90815921239e-08, 5.97347060705e-09, 3.92169241525e-10, -3.35125749373e-09, -4.09442701965e-10, 1.21918575235e-09, 4.3490011592e-09, -5.3594917393e-10, 1.71877811983e-09, -2.38719266576e-09, -6.57884635658e-10, -5.39890177009e-09, -5.4954979456e-10, -1.75382453005e-09, -1.01700525779e-09, -8.62314497585e-10, -1.61395929954e-09, -5.55073043085e-10, 4.13951511957e-11, 2.34764100521e-11, 2.06187983354e-11, 8.00869093265e-11, 1.28662315177e-12, 2.66271888165e-14], [-5.48823764213e-11, 3.15580089838e-10, 4.90815921239e-08, 7.952330634e-07, 2.58066904735e-07, 2.39150454995e-09, 1.76168519772e-08, -1.77105867749e-08, -3.9958747422e-09, 1.08421360778e-08, 1.22092709276e-08, 4.19220125281e-09, -3.07278846812e-09, -9.17979414705e-10, 5.67124791573e-09, 9.30146681899e-10, 6.25340113025e-10, 6.3339389289e-10, 1.79599612959e-09, -2.65364352714e-09, 3.22903065397e-10, 3.92781640546e-10, 6.10416509006e-11, 4.30169060095e-11, 1.32202526704e-10, 2.1482791674e-12, 4.10784314821e-14], [-4.25505269908e-10, -4.48127330799e-08, 5.97347060705e-09, 2.58066904735e-07, 3.10759128297e-06, 9.69865521228e-09, -6.35989891862e-08, -2.89644674467e-07, 5.22503356137e-08, -1.56642684601e-07, 6.01840843828e-09, 4.1045660204e-09, -1.05144096096e-07, -3.44595427748e-08, -1.42782582202e-07, -3.75913273842e-08, 8.79611761206e-09, 2.30307382054e-08, -1.82588451025e-08, -1.29146293659e-08, 4.30749791391e-09, -6.79384937197e-10, 8.63362784043e-11, 1.69124783622e-10, 1.89409002371e-10, 5.9711133607e-12, 3.78615290975e-14], [-1.44823606232e-11, -3.67271990598e-10, 3.92169241525e-10, 2.39150454995e-09, 9.69865521228e-09, 1.83911019747e-08, 2.49642084782e-09, -2.8326716528e-09, 3.08572500884e-09, -1.16902931779e-09, 2.45786280217e-09, 2.69655875407e-09, -1.61739355242e-09, 5.71541258765e-10, -1.73192502007e-11, 1.23764243298e-09, 1.22953758286e-09, 1.93967869544e-10, 1.56320389966e-09, 1.14250897632e-09, 7.4672190653e-10, 3.0082591973e-10, 8.035469512e-11, 3.47021682223e-11, 6.2163461878e-11, 1.41962255753e-12, 1.31849970192e-14], [-2.86284190798e-12, 1.8619654707e-09, -3.35125749373e-09, 1.76168519772e-08, -6.35989891862e-08, 2.49642084782e-09, 5.48789493848e-08, 3.17472768074e-08, -1.30715180902e-08, -3.17389279303e-08, 5.76191228063e-09, 3.02862934731e-09, 1.27963295515e-09, 2.31142815998e-09, 1.18999805565e-08, 1.91931781579e-09, 1.58013779838e-09, -1.87007254127e-09, 3.2777074388e-09, 6.84588052913e-10, 7.78797970558e-10, 5.19529246013e-11, 2.54105287159e-12, 2.49333084561e-12, -8.43091221836e-12, -1.31931303989e-13, -5.58231642877e-15], [4.26549108534e-11, 1.23191750134e-08, -4.09442701965e-10, -1.77105867749e-08, -2.89644674467e-07, -2.8326716528e-09, 3.17472768074e-08, 2.71434686283e-07, 2.85929790955e-09, -5.88795039391e-08, 7.42606198756e-09, -9.91255522109e-09, 6.25739371429e-09, 3.88264620454e-09, 3.45115687139e-08, -4.22411705614e-09, -1.15233234066e-09, -1.01009511866e-08, -4.45370718083e-09, -2.08748929253e-09, -4.91476748188e-10, 2.55263366e-10, 1.18819884487e-10, 2.46507311091e-11, 4.33586881676e-11, -1.16501209721e-13, -5.4018314954e-15], [4.77521971617e-12, 3.72346126154e-10, 1.21918575235e-09, -3.9958747422e-09, 5.22503356137e-08, 3.08572500884e-09, -1.30715180902e-08, 2.85929790955e-09, 6.96993183169e-08, 1.93211278088e-08, 5.86919446377e-09, -2.12643702646e-09, 1.79204895367e-09, -2.00624095115e-09, -7.12959646876e-09, -3.9164582688e-09, -1.67807434615e-09, 7.40182470871e-10, -1.34144317876e-09, -9.16336728718e-10, 1.00139629922e-09, 2.26574120576e-10, 9.52582943081e-11, 4.55293996948e-11, 4.81681118603e-11, 5.72870256007e-13, -1.67105179757e-15], [9.99329438645e-11, 6.31835384013e-09, 4.3490011592e-09, 1.08421360778e-08, -1.56642684601e-07, -1.16902931779e-09, -3.17389279303e-08, -5.88795039391e-08, 1.93211278088e-08, 3.38427241786e-07, -5.84264059356e-09, -1.1379360787e-09, 4.96273706574e-08, 8.45839664976e-09, -3.60792090648e-11, 1.55044652672e-08, 3.13049225431e-10, 1.39042484193e-08, 6.5798784199e-09, 3.01099833955e-09, -8.93259521906e-10, 9.81181802473e-10, 1.37784644805e-10, 3.4230510787e-11, 8.44040028841e-12, -6.03496473715e-14, -5.24966986148e-16], [-3.74804319525e-11, -3.74418229754e-09, -5.3594917393e-10, 1.22092709276e-08, 6.01840843828e-09, 2.45786280217e-09, 5.76191228063e-09, 7.42606198756e-09, 5.86919446377e-09, -5.84264059356e-09, 2.66990447528e-08, 6.33031238539e-10, -1.10972064871e-09, -2.62837351883e-09, 2.04559458261e-09, -5.72297154111e-10, 2.25583951519e-09, 4.8250525797e-10, 8.36180125141e-10, 7.32648830493e-10, 1.15484288798e-09, 1.80824910601e-10, 4.44876809003e-11, 1.26290037455e-11, 2.59920765466e-11, 3.87217005422e-13, 5.87714064562e-15], [-3.5060822301e-11, 2.3530515314e-09, 1.71877811983e-09, 4.19220125281e-09, 4.1045660204e-09, 2.69655875407e-09, 3.02862934731e-09, -9.91255522109e-09, -2.12643702646e-09, -1.1379360787e-09, 6.33031238539e-10, 3.66895847037e-08, 4.72310746069e-10, 2.78619016747e-09, 1.30102717488e-09, 5.44021938609e-09, 1.92743332406e-09, 4.50579529243e-09, 1.59107016451e-09, 1.81576120806e-09, 1.02465491647e-09, 3.79910214399e-10, 9.460604522e-11, 5.37749463014e-11, 1.07106358505e-10, 1.74224686327e-12, 1.36444361601e-14], [4.65232227742e-11, -1.23171683963e-09, -2.38719266576e-09, -3.07278846812e-09, -1.05144096096e-07, -1.61739355242e-09, 1.27963295515e-09, 6.25739371429e-09, 1.79204895367e-09, 4.96273706574e-08, -1.10972064871e-09, 4.72310746069e-10, 5.14091276216e-08, 5.92571192115e-09, 1.54645611872e-08, 7.44375316941e-09, 2.95067370537e-09, 7.78357911457e-09, 4.02155286849e-09, 4.33441460501e-09, 2.18917509121e-10, 4.41397612905e-10, 5.18602660815e-11, 2.08107611005e-11, -4.19771292379e-12, -5.34210588092e-13, 9.27543090078e-15], [7.75952652826e-12, -7.66428254195e-10, -6.57884635658e-10, -9.17979414705e-10, -3.44595427748e-08, 5.71541258765e-10, 2.31142815998e-09, 3.88264620454e-09, -2.00624095115e-09, 8.45839664976e-09, -2.62837351883e-09, 2.78619016747e-09, 5.92571192115e-09, 1.71415663885e-08, 9.18288112217e-09, 2.18846119004e-09, 1.8915529143e-09, 4.76489958601e-09, 1.36782984939e-09, 2.43048159376e-09, 4.83163675735e-10, 2.40101521998e-10, 4.20905810206e-11, 2.24691827644e-11, 1.50643230529e-11, 3.18481650557e-13, -3.51256304655e-15], [8.68449409608e-12, -1.21968002365e-09, -5.39890177009e-09, 5.67124791573e-09, -1.42782582202e-07, -1.73192502007e-11, 1.18999805565e-08, 3.45115687139e-08, -7.12959646876e-09, -3.60792090648e-11, 2.04559458261e-09, 1.30102717488e-09, 1.54645611872e-08, 9.18288112217e-09, 4.50914789951e-08, 4.40525793621e-09, 4.68379113272e-09, 4.24428669987e-09, 4.26410817767e-09, 6.28828944471e-09, 1.25248811322e-09, 5.98921801043e-10, 7.68541064122e-11, 3.22783640094e-11, 1.95243578249e-11, 2.72671069615e-14, -9.82378732533e-15], [-1.41768836254e-11, -4.37360342387e-10, -5.4954979456e-10, 9.30146681899e-10, -3.75913273842e-08, 1.23764243298e-09, 1.91931781579e-09, -4.22411705614e-09, -3.9164582688e-09, 1.55044652672e-08, -5.72297154111e-10, 5.44021938609e-09, 7.44375316941e-09, 2.18846119004e-09, 4.40525793621e-09, 1.84188095886e-08, 2.7906934541e-09, 5.05427255604e-09, 4.17499101957e-09, 3.33735328262e-09, 1.12462106294e-09, 5.84365389411e-10, 8.2671758328e-11, 3.33621845428e-11, 3.04919492433e-11, 4.93593881046e-13, 1.55361173823e-15], [-2.14404327625e-11, -2.75581224507e-09, -1.75382453005e-09, 6.25340113025e-10, 8.79611761206e-09, 1.22953758286e-09, 1.58013779838e-09, -1.15233234066e-09, -1.67807434615e-09, 3.13049225431e-10, 2.25583951519e-09, 1.92743332406e-09, 2.95067370537e-09, 1.8915529143e-09, 4.68379113272e-09, 2.7906934541e-09, 1.50566741297e-08, 5.52201173676e-09, 2.71147215791e-09, 4.5543080418e-09, 1.54621415671e-09, 4.84615847451e-10, 7.93591373172e-11, 4.3469259442e-11, 4.32425519004e-11, 8.25589434057e-13, 7.6347475637e-15], [-2.72991022149e-11, -4.94653207284e-09, -1.01700525779e-09, 6.3339389289e-10, 2.30307382054e-08, 1.93967869544e-10, -1.87007254127e-09, -1.01009511866e-08, 7.40182470871e-10, 1.39042484193e-08, 4.8250525797e-10, 4.50579529243e-09, 7.78357911457e-09, 4.76489958601e-09, 4.24428669987e-09, 5.05427255604e-09, 5.52201173676e-09, 2.80415175524e-08, 4.82735940111e-09, 5.48547607337e-09, 2.19013540637e-09, 7.22232551542e-10, 1.44622896991e-10, 7.86210471726e-11, 1.32520022733e-10, 2.37282762883e-12, 2.209636723e-14], [-1.25307819676e-11, -3.27845084414e-09, -8.62314497585e-10, 1.79599612959e-09, -1.82588451025e-08, 1.56320389966e-09, 3.2777074388e-09, -4.45370718083e-09, -1.34144317876e-09, 6.5798784199e-09, 8.36180125141e-10, 1.59107016451e-09, 4.02155286849e-09, 1.36782984939e-09, 4.26410817767e-09, 4.17499101957e-09, 2.71147215791e-09, 4.82735940111e-09, 1.61274353871e-08, 4.96075225342e-09, 1.52137102916e-09, 5.20738951959e-10, 8.52298301379e-11, 4.15819843835e-11, 4.51457864148e-11, 8.27631908319e-13, 7.62784763331e-15], [-2.70552590748e-11, -5.56042678568e-09, -1.61395929954e-09, -2.65364352714e-09, -1.29146293659e-08, 1.14250897632e-09, 6.84588052913e-10, -2.08748929253e-09, -9.16336728718e-10, 3.01099833955e-09, 7.32648830493e-10, 1.81576120806e-09, 4.33441460501e-09, 2.43048159376e-09, 6.28828944471e-09, 3.33735328262e-09, 4.5543080418e-09, 5.48547607337e-09, 4.96075225342e-09, 1.51253640723e-08, 2.12058282045e-09, 6.32529861821e-10, 1.08684262978e-10, 5.64802024594e-11, 7.07807285005e-11, 1.24305904112e-12, 9.95733392793e-15], [-1.19591151218e-11, -1.69164526831e-09, -5.55073043085e-10, 3.22903065397e-10, 4.30749791391e-09, 7.4672190653e-10, 7.78797970558e-10, -4.91476748188e-10, 1.00139629922e-09, -8.93259521906e-10, 1.15484288798e-09, 1.02465491647e-09, 2.18917509121e-10, 4.83163675735e-10, 1.25248811322e-09, 1.12462106294e-09, 1.54621415671e-09, 2.19013540637e-09, 1.52137102916e-09, 2.12058282045e-09, 2.03659400455e-09, 3.06491582114e-10, 5.27795307459e-11, 2.67741714216e-11, 4.00646703314e-11, 7.66576147178e-13, 7.5968657092e-15], [-1.73103556229e-12, -2.66694777373e-10, 4.13951511957e-11, 3.92781640546e-10, -6.79384937197e-10, 3.0082591973e-10, 5.19529246013e-11, 2.55263366e-10, 2.26574120576e-10, 9.81181802473e-10, 1.80824910601e-10, 3.79910214399e-10, 4.41397612905e-10, 2.40101521998e-10, 5.98921801043e-10, 5.84365389411e-10, 4.84615847451e-10, 7.22232551542e-10, 5.20738951959e-10, 6.32529861821e-10, 3.06491582114e-10, 2.26896126887e-10, 3.8066827468e-11, 2.02509675695e-11, 5.22090044808e-11, 8.74656954936e-13, 1.31624168148e-14], [-2.18892612369e-13, -5.34374280936e-11, 2.34764100521e-11, 6.10416509006e-11, 8.63362784043e-11, 8.035469512e-11, 2.54105287159e-12, 1.18819884487e-10, 9.52582943081e-11, 1.37784644805e-10, 4.44876809003e-11, 9.460604522e-11, 5.18602660815e-11, 4.20905810206e-11, 7.68541064122e-11, 8.2671758328e-11, 7.93591373172e-11, 1.44622896991e-10, 8.52298301379e-11, 1.08684262978e-10, 5.27795307459e-11, 3.8066827468e-11, 1.11325367327e-11, 5.57424635964e-12, 1.55761046422e-11, 2.55850218399e-13, 4.00754919565e-15], [-5.56450230945e-14, -1.84558045929e-11, 2.06187983354e-11, 4.30169060095e-11, 1.69124783622e-10, 3.47021682223e-11, 2.49333084561e-12, 2.46507311091e-11, 4.55293996948e-11, 3.4230510787e-11, 1.26290037455e-11, 5.37749463014e-11, 2.08107611005e-11, 2.24691827644e-11, 3.22783640094e-11, 3.33621845428e-11, 4.3469259442e-11, 7.86210471726e-11, 4.15819843835e-11, 5.64802024594e-11, 2.67741714216e-11, 2.02509675695e-11, 5.57424635964e-12, 3.6516185041e-12, 9.57758351794e-12, 1.49843692684e-13, 2.3029800926e-15], [-1.3146984044e-13, -4.6194915948e-11, 8.00869093265e-11, 1.32202526704e-10, 1.89409002371e-10, 6.2163461878e-11, -8.43091221836e-12, 4.33586881676e-11, 4.81681118603e-11, 8.44040028841e-12, 2.59920765466e-11, 1.07106358505e-10, -4.19771292379e-12, 1.50643230529e-11, 1.95243578249e-11, 3.04919492433e-11, 4.32425519004e-11, 1.32520022733e-10, 4.51457864148e-11, 7.07807285005e-11, 4.00646703314e-11, 5.22090044808e-11, 1.55761046422e-11, 9.57758351794e-12, 3.22165315259e-11, 5.01793105765e-13, 8.37737184175e-15], [-4.20335017877e-15, -1.12549303644e-12, 1.28662315177e-12, 2.1482791674e-12, 5.9711133607e-12, 1.41962255753e-12, -1.31931303989e-13, -1.16501209721e-13, 5.72870256007e-13, -6.03496473715e-14, 3.87217005422e-13, 1.74224686327e-12, -5.34210588092e-13, 3.18481650557e-13, 2.72671069615e-14, 4.93593881046e-13, 8.25589434057e-13, 2.37282762883e-12, 8.27631908319e-13, 1.24305904112e-12, 7.66576147178e-13, 8.74656954936e-13, 2.55850218399e-13, 1.49843692684e-13, 5.01793105765e-13, 8.32234773446e-15, 1.32956750027e-16], [9.79617320422e-16, -3.32624078563e-14, 2.66271888165e-14, 4.10784314821e-14, 3.78615290975e-14, 1.31849970192e-14, -5.58231642877e-15, -5.4018314954e-15, -1.67105179757e-15, -5.24966986148e-16, 5.87714064562e-15, 1.36444361601e-14, 9.27543090078e-15, -3.51256304655e-15, -9.82378732533e-15, 1.55361173823e-15, 7.6347475637e-15, 2.209636723e-14, 7.62784763331e-15, 9.95733392793e-15, 7.5968657092e-15, 1.31624168148e-14, 4.00754919565e-15, 2.3029800926e-15, 8.37737184175e-15, 1.32956750027e-16, 3.27456940349e-18]]
    },
    "mfcc": {
        "kurt": [8.0424118042, 6.62350463867, 3.45466995239, 0.99179816246, 0.24596452713, 0.0999042987823, -0.248005390167, -0.282376527786, 0.296422958374, 0.112366914749, -0.373976945877, -0.219669103622, -0.253789186478],
        "max": [-588.354858398, 173.343734741, -13.4063224792, 63.0222129822, 5.31385612488, 19.460817337, 20.919593811, 12.1390285492, 21.4975128174, 19.9173183441, 12.1711502075, 9.81229782104, 7.88053131104],
        "mean": [-648.708740234, 154.210189819, -57.3961410522, 47.6925468445, -13.1160821915, 8.29272651672, 10.0084943771, -0.0159733276814, 5.28164339066, 3.1095764637, -0.156314209104, -3.44499206543, -6.19579601288],
        "median": [-649.289306641, 154.943634033, -57.7337799072, 47.7532653809, -13.0560951233, 8.12548828125, 10.0636711121, -0.0392799377441, 5.23783493042, 3.1559677124, -0.164989471436, -3.5587272644, -6.12019729614],
        "min": [-686.468078613, 100.13848877, -76.7709960938, 23.2893981934, -27.5522480011, -5.13916015625, -3.40587997437, -14.977180481, -6.97378349304, -15.748714447, -14.0678730011, -17.6029319763, -22.893655777],
        "skew": [1.52358424664, -1.41624569893, 0.720494031906, -0.457638293505, -0.0425933040679, -0.11230686307, -0.155637800694, 0.0613002181053, 0.11937443167, -0.0814393088222, -0.110101230443, -0.0655845701694, -0.189773768187],
        "var": [85.8448944092, 59.576587677, 40.927898407, 27.5026454926, 20.2010555267, 16.3672599792, 20.1252651215, 24.2825508118, 16.3242378235, 25.9966068268, 24.0071144104, 21.2271118164, 24.6234798431],
        "cov": [[85.9786148071, -43.4642944336, 5.66817140579, -12.9791212082, 3.06827354431, -4.14330101013, -3.79386782646, -4.20587253571, -3.5640630722, -5.47450304031, -1.39484322071, -6.96146249771, 3.28734087944], [-43.4642944336, 59.6693878174, -6.5951051712, 6.50389862061, -5.37390613556, 0.515116393566, 0.441952854395, 1.9357779026, -1.26568818092, -0.37340939045, -3.18918323517, 1.05022752285, -4.3792309761], [5.66817140579, -6.5951051712, 40.9916496277, 0.959378838539, 1.5798971653, -5.86138153076, -1.90249562263, -1.40726578236, -3.95207738876, -7.38933420181, -7.60383749008, -2.98454523087, -7.20663881302], [-12.9791212082, 6.50389862061, 0.959378838539, 27.5454845428, 1.96695816517, -1.2659252882, -1.7375510931, -3.51844620705, -5.90986251831, -7.42595624924, -5.97750711441, -1.58261919022, -3.41142249107], [3.06827354431, -5.37390613556, 1.5798971653, 1.96695816517, 20.2325210571, 1.72281765938, -2.63857746124, -3.20422935486, -5.32228040695, -2.48639130592, -1.7680836916, 0.171819239855, -1.00296938419], [-4.14330101013, 0.515116393566, -5.86138153076, -1.2659252882, 1.72281765938, 16.3927555084, 1.34743130207, -0.713476896286, 0.243735939264, -0.792492330074, -0.575596511364, -2.25767564774, 0.118797682226], [-3.79386782646, 0.441952854395, -1.90249562263, -1.7375510931, -2.63857746124, 1.34743130207, 20.1566143036, 9.57433700562, 0.504601240158, -5.31273889542, -6.67193031311, -6.10918855667, -6.44770288467], [-4.20587253571, 1.9357779026, -1.40726578236, -3.51844620705, -3.20422935486, -0.713476896286, 9.57433700562, 24.3203735352, 3.96251273155, -6.94239664078, -5.86592245102, -5.83135795593, -8.24771213531], [-3.5640630722, -1.26568818092, -3.95207738876, -5.90986251831, -5.32228040695, 0.243735939264, 0.504601240158, 3.96251273155, 16.3496665955, 5.32364463806, 2.65798997879, 0.542355716228, -1.46105360985], [-5.47450304031, -0.37340939045, -7.38933420181, -7.42595624924, -2.48639130592, -0.792492330074, -5.31273889542, -6.94239664078, 5.32364463806, 26.0370998383, 13.1025924683, 4.40007019043, 6.43705415726], [-1.39484322071, -3.18918323517, -7.60383749008, -5.97750711441, -1.7680836916, -0.575596511364, -6.67193031311, -5.86592245102, 2.65798997879, 13.1025924683, 24.0445079803, 7.92294645309, 7.12231683731], [-6.96146249771, 1.05022752285, -2.98454523087, -1.58261919022, 0.171819239855, -2.25767564774, -6.10918855667, -5.83135795593, 0.542355716228, 4.40007019043, 7.92294645309, 21.260175705, 9.28290081024], [3.28734087944, -4.3792309761, -7.20663881302, -3.41142249107, -1.00296938419, 0.118797682226, -6.44770288467, -8.24771213531, -1.46105360985, 6.43705415726, 7.12231683731, 9.28290081024, 24.6618347168]]
    },
    "sccoeffs": {
        "kurt": [-0.341096162796, -0.194562911987, -0.165456771851, -0.267441272736, 0.234872579575, 2.33134651184],
        "max": [-0.476004004478, -0.604992449284, -0.671245098114, -0.734841525555, -0.752793371677, -0.702096819878],
        "mean": [-0.624901473522, -0.762768864632, -0.784979939461, -0.800766646862, -0.810991287231, -0.745702147484],
        "median": [-0.625708281994, -0.765508651733, -0.787689626217, -0.802425801754, -0.811258673668, -0.74657523632],
        "min": [-0.781122744083, -0.886543989182, -0.885418832302, -0.869078993797, -0.855581283569, -0.842568635941],
        "skew": [0.0221363287419, 0.201528906822, 0.281623065472, 0.146900564432, 0.256376713514, -0.446319937706],
        "var": [0.00256544398144, 0.00247017666698, 0.00135038443841, 0.000530371093191, 0.000254472193774, 0.000261553854216],
        "cov": [[0.00256944005378, -0.000220242451178, -0.000369098008377, -6.07135443715e-05, 4.60785013274e-05, 3.99490818381e-05], [-0.000220242451178, 0.00247402419336, -7.30069441488e-05, -6.1020400608e-05, -3.43926767528e-05, -1.98187335627e-05], [-0.000369098008377, -7.30069441488e-05, 0.00135248783045, 3.82115031243e-05, 2.05311280297e-05, 6.26254541203e-06], [-6.07135443715e-05, -6.1020400608e-05, 3.82115031243e-05, 0.000531197234523, 1.60720683198e-05, -6.01257943345e-06], [4.60785013274e-05, -3.43926767528e-05, 2.05311280297e-05, 1.60720683198e-05, 0.000254868587945, -3.73715965907e-06], [3.99490818381e-05, -1.98187335627e-05, 6.26254541203e-06, -6.01257943345e-06, -3.73715965907e-06, 0.000261961249635]]
    },
    "scvalleys": {
        "kurt": [-0.196202754974, -0.0443921089172, -0.0509295463562, -0.169780492783, 0.773236274719, 23.6757640839],
        "max": [-4.88191413879, -4.91815042496, -5.03764152527, -5.4111995697, -5.89199781418, -7.40574979782],
        "mean": [-5.54912805557, -5.62007427216, -5.73879861832, -5.98471927643, -6.54680347443, -9.68754291534],
        "median": [-5.5206861496, -5.6278834343, -5.72248983383, -5.98677778244, -6.54758167267, -9.72371292114],
        "min": [-6.40692567825, -6.46870660782, -6.51601409912, -6.52188634872, -6.95244121552, -10.1234817505],
        "skew": [-0.371545702219, -0.147007346153, -0.104994699359, -0.0347176007926, 0.286266356707, 3.43798208237],
        "var": [0.0822893083096, 0.0721371546388, 0.056535243988, 0.0379090681672, 0.0205691736192, 0.0504701286554],
        "cov": [[0.0824174880981, 0.00658031273633, -0.00251879449934, -0.00832083169371, -0.00782012008131, -0.00337177980691], [0.00658031273633, 0.0722495168447, 0.00115292414557, 0.0025206040591, 0.000444980047178, 0.00395659729838], [-0.00251879449934, 0.00115292414557, 0.0566233061254, -0.000912528194021, 0.00533305108547, 0.00891782902181], [-0.00832083169371, 0.0025206040591, -0.000912528194021, 0.0379681140184, 0.00607782183215, 0.0063311913982], [-0.00782012008131, 0.000444980047178, 0.00533305108547, 0.00607782183215, 0.0206012129784, 0.0121789500117], [-0.00337177980691, 0.00395659729838, 0.00891782902181, 0.0063311913982, 0.0121789500117, 0.0505487434566]]
    }
},
"rhythm": {
    "beats_loudness": {
        "kurt": 0.152319192886,
        "max": 0.0177915561944,
        "mean": 0.0121222930029,
        "median": 0.0113717895001,
        "min": 0.00838041491807,
        "skew": 0.832580864429,
        "var": 4.81176084577e-06
    },
    "bpm": 96.1810684204,
    "confidence": 1.23584520817,
    "first_peak_bpm": {
        "kurt": 0,
        "max": 96,
        "mean": 96,
        "median": 96,
        "min": 96,
        "skew": 0,
        "var": 0
    },
    "first_peak_spread": {
        "kurt": 0,
        "max": 0.692307710648,
        "mean": 0.692307710648,
        "median": 0.692307710648,
        "min": 0.692307710648,
        "skew": 0,
        "var": 0
    },
    "first_peak_weight": {
        "kurt": 0,
        "max": 0.173913046718,
        "mean": 0.173913046718,
        "median": 0.173913046718,
        "min": 0.173913046718,
        "skew": 0,
        "var": 0
    },
    "onset_rate": 0.26832652092,
    "second_peak_bpm": {
        "kurt": 0,
        "max": 117,
        "mean": 117,
        "median": 117,
        "min": 117,
        "skew": 0,
        "var": 0
    },
    "second_peak_spread": {
        "kurt": 0,
        "max": 0,
        "mean": 0,
        "median": 0,
        "min": 0,
        "skew": 0,
        "var": 0
    },
    "second_peak_weight": {
        "kurt": 0,
        "max": 0.130434781313,
        "mean": 0.130434781313,
        "median": 0.130434781313,
        "min": 0.130434781313,
        "skew": 0,
        "var": 0
    },
    "beats_loudness_band_ratio": {
        "kurt": [-0.994447469711, -0.342496156693, -1.15799462795, 0.586714744568, 0.0790545940399, -0.468657016754],
        "max": [0.530882537365, 0.310509383678, 0.251486420631, 0.34212243557, 0.217862918973, 0.109756968915],
        "mean": [0.348947048187, 0.175966188312, 0.161462590098, 0.204440966249, 0.142693445086, 0.0672262683511],
        "median": [0.36075475812, 0.192176952958, 0.147881686687, 0.196329563856, 0.14147785306, 0.0631186366081],
        "min": [0.214098617435, 0.0606949217618, 0.094693005085, 0.135777249932, 0.0978569462895, 0.0444840043783],
        "skew": [0.272755235434, -0.162246972322, 0.528705775738, 0.834412634373, 0.645579755306, 0.662452995777],
        "var": [0.00892264582217, 0.00386011600494, 0.00252599176019, 0.00237444438972, 0.000847154995427, 0.000301063410006],
        "cov": [[0.0093105873093, 0.00173087290023, -0.00332978041843, -0.00204869755544, -0.00182767782826, -0.000610173563473], [0.00173087290023, 0.00402794731781, -0.0015933070099, -0.000827321608085, -0.000776170694735, -0.000628080568276], [-0.00332978041843, -0.0015933070099, 0.00263581750914, -3.30250040861e-05, 0.000746615231037, 0.000354002026143], [-0.00204869755544, -0.000827321608085, -3.30250040861e-05, 0.00247768103145, 3.10954346787e-05, -8.06796815596e-05], [-0.00182767782826, -0.000776170694735, 0.000746615231037, 3.10954346787e-05, 0.000883987813722, 0.000212196144275], [-0.000610173563473, -0.000628080568276, 0.000354002026143, -8.06796815596e-05, 0.000212196144275, 0.000314153119689]]
    },
    "beats_position": [0.557278871536, 1.16099774837, 1.764716506, 2.40326523781, 3.04181408882, 3.64553284645, 4.29569149017, 4.92263031006, 5.54956912994, 6.17650794983, 6.84988641739, 7.47682523727, 8.08054447174, 8.73070240021, 9.4040813446, 10.0194101334, 10.5650787354, 11.1223583221, 11.6796369553, 12.1904764175, 12.7013149261, 13.235373497, 13.7694330215, 14.2802715302],
    "bpm_estimates": [99.3840026855, 99.3840255737, 93.9630737305, 93.9630508423, 99.3840255737, 92.2851715088, 95.7031173706, 95.7031173706, 95.7031173706, 95.7031173706, 99.3839492798, 92.2852706909, 97.5088424683],
    "bpm_intervals": [0.603718876839, 0.603718757629, 0.638548731804, 0.638548851013, 0.603718757629, 0.650158643723, 0.626938819885, 0.626938819885, 0.626938819885, 0.67337846756, 0.626938819885, 0.603719234467, 0.650157928467, 0.673378944397, 0.615328788757, 0.54566860199, 0.557279586792, 0.557278633118, 0.51083946228, 0.510838508606, 0.534058570862, 0.534059524536, 0.510838508606],
    "onset_times": [0.0116099771112, 8.96290206909, 12.5271654129, 13.6185035706],
    "histogram": [[0, 0, 0, 0, 0, 0, 0, 0, 0, 0, 0, 0, 0, 0, 0, 0, 0, 0, 0, 0, 0, 0, 0, 0, 0, 0, 0, 0, 0, 0, 0, 0, 0, 0, 0, 0, 0, 0, 0, 0, 0, 0, 0, 0, 0, 0, 0, 0, 0, 0, 0, 0, 0, 0, 0, 0, 0, 0, 0, 0, 0, 0, 0, 0, 0, 0, 0, 0, 0, 0, 0, 0, 0, 0, 0, 0, 0, 0, 0, 0, 0, 0, 0, 0, 0, 0, 0, 0, 0, 0.0869565233588, 0, 0, 0.0869565233588, 0, 0.0869565233588, 0, 0.173913046718, 0, 0.0434782616794, 0.173913046718, 0, 0, 0, 0, 0, 0, 0, 0, 0.0869565233588, 0, 0.0434782616794, 0, 0.0869565233588, 0, 0, 0, 0, 0.130434781313, 0, 0, 0, 0, 0, 0, 0, 0, 0, 0, 0, 0, 0, 0, 0, 0, 0, 0, 0, 0, 0, 0, 0, 0, 0, 0, 0, 0, 0, 0, 0, 0, 0, 0, 0, 0, 0, 0, 0, 0, 0, 0, 0, 0, 0, 0, 0, 0, 0, 0, 0, 0, 0, 0, 0, 0, 0, 0, 0, 0, 0, 0, 0, 0, 0, 0, 0, 0, 0, 0, 0, 0, 0, 0, 0, 0, 0, 0, 0, 0, 0, 0, 0, 0, 0, 0, 0, 0, 0, 0, 0, 0, 0, 0, 0, 0, 0, 0, 0, 0, 0, 0, 0, 0, 0, 0, 0, 0, 0, 0, 0, 0, 0, 0, 0, 0, 0, 0, 0, 0, 0, 0, 0, 0, 0, 0, 0, 0, 0, 0, 0, 0]]
},
"sfx": {
    "inharmonicity": {
        "kurt": -0.123116254807,
        "max": 0.374113827944,
        "mean": 0.13575476408,
        "median": 0.129193723202,
        "min": 0.0192346405238,
        "skew": 0.553285121918,
        "var": 0.0045179175213
    },
    "oddtoevenharmonicenergyratio": {
        "kurt": 15.0890598297,
        "max": 5.17641687393,
        "mean": 0.499536782503,
        "median": 0.271468937397,
        "min": 0.0450185202062,
        "skew": 3.60058760643,
        "var": 0.489093214273
    },
    "pitch_after_max_to_before_max_energy_ratio": 9.29590034485,
    "pitch_centroid": 321.656494141,
    "pitch_max_to_total": 0.0808709189296,
    "pitch_min_to_total": 0.335925340652,
    "tristimulus": {
        "kurt": [-0.287083864212, 2.6073384285, 2.51661777496],
        "max": [0.437746316195, 0.639297544956, 0.86779665947],
        "mean": [0.208397403359, 0.237098783255, 0.554503977299],
        "median": [0.215680658817, 0.226888477802, 0.555753052235],
        "min": [0, 0.0360947959125, 0.033225569874],
        "skew": [-0.339080303907, 1.19878804684, -0.513352751732],
        "var": [0.00863912981004, 0.00755050731823, 0.00786103866994],
        "cov": [[0.00865258648992, -0.00417078612372, -0.00448180176318], [-0.00417078612372, 0.0075622680597, -0.00339148193598], [-0.00448180176318, -0.00339148193598, 0.00787328369915]]
    }
},
"tonal": {
    "chords_changes_rate": 0,
    "chords_number_rate": 0.00310559011996,
    "chords_strength": {
        "kurt": -0.847969293594,
        "max": 0.728437900543,
        "mean": 0.636617660522,
        "median": 0.634430885315,
        "min": 0.550724625587,
        "skew": 0.0410366654396,
        "var": 0.00190775364172
    },
    "key_strength": 0.775320291519,
    "tuning_diatonic_strength": 0.570211112499,
    "tuning_equal_tempered_deviation": 0.206644684076,
    "tuning_frequency": 454.465301514,
    "tuning_nontempered_energy_ratio": 0.777343511581,
    "hpcp": {
        "kurt": [3.82674837112, 1.16713047028, 0.715409755707, 2.66311979294, 2.23146486282, 3.64146137238, 0.0182156562805, 0.523683071136, 1.7399315834, 6.78429317474, 5.65799045563, 8.60468387604, 3.20597696304, 6.00796985626, 0.443300247192, -1.07967543602, -1.0313642025, 0.730872154236, 2.70809555054, 11.5958805084, 11.017914772, 15.6899585724, 18.1233997345, 6.67153930664, 3.6651506424, 1.1203417778, 10.8150243759, 4.09238624573, 0.15275812149, -1.35708463192, -1.60928726196, -1.13333117962, 2.3861041069, 5.15463829041, 1.7290019989, 0.840147972107],
