{
"metadata": {
    "version": {
        "essentia": "2.1-beta3"
    }
},
"lowLevel": {
    "average_loudness": 0.444940626621,
    "barkbands_kurtosis": {
        "kurt": 2.29711103439,
        "max": 8.7769947052,
        "mean": 1.22644710541,
        "median": 0.999656677246,
        "min": -1.55550181866,
        "skew": 0.98687261343,
        "var": 2.40692996979
    },
    "barkbands_skewness": {
        "kurt": 8.92126750946,
        "max": 2.78231501579,
        "mean": 1.24514234066,
        "median": 1.36996340752,
        "min": -2.32279205322,
        "skew": -2.52629303932,
        "var": 0.527600586414
    },
    "barkbands_spread": {
        "kurt": 0.216573476791,
        "max": 37.9077835083,
        "mean": 21.6870632172,
        "median": 20.7513580322,
        "min": 10.051024437,
        "skew": 0.64995098114,
        "var": 32.7484169006
    },
    "dissonance": {
        "kurt": 2.3684091568,
        "max": 0.500000119209,
        "mean": 0.472917169333,
        "median": 0.473994016647,
        "min": 0.389948904514,
        "skew": -1.07730817795,
        "var": 0.000299827574054
    },
    "hfc": {
        "kurt": 161.469909668,
        "max": 143.948242188,
        "mean": 1.78926038742,
        "median": 0.194489553571,
        "min": 0.00947189331055,
        "skew": 12.2888708115,
        "var": 109.721672058
    },
    "pitch": {
        "kurt": 21.9025306702,
        "max": 3871.15209961,
        "mean": 380.548095703,
        "median": 245.105682373,
        "min": 79.2574462891,
        "skew": 4.74704408646,
        "var": 382880.59375
    },
    "pitch_instantaneous_confidence": {
        "kurt": 1.99203634262,
        "max": 0.580851197243,
        "mean": 0.264033138752,
        "median": 0.243614554405,
        "min": 0.134462654591,
        "skew": 1.33035099506,
        "var": 0.00698497751728
    },
    "pitch_salience": {
        "kurt": 0.443228006363,
        "max": 0.888810992241,
        "mean": 0.73959249258,
        "median": 0.745384335518,
        "min": 0.536898255348,
        "skew": -0.560109972954,
        "var": 0.0034117999021
    },
    "silence_rate_20dB": {
        "kurt": 0,
        "max": 1,
        "mean": 1,
        "median": 1,
        "min": 1,
        "skew": 0,
        "var": 0
    },
    "silence_rate_30dB": {
        "kurt": 0,
        "max": 1,
        "mean": 1,
        "median": 1,
        "min": 1,
        "skew": 0,
        "var": 0
    },
    "silence_rate_60dB": {
        "kurt": 9.85840129852,
        "max": 1,
        "mean": 0.932367146015,
        "median": 1,
        "min": 0,
        "skew": -3.44362831116,
        "var": 0.0630583167076
    },
    "spectral_centroid": {
        "kurt": 15.2781581879,
        "max": 3677.57128906,
        "mean": 933.495788574,
        "median": 816.367980957,
        "min": 489.262420654,
        "skew": 3.77211427689,
        "var": 249004.875
    },
    "spectral_complexity": {
        "kurt": 16.4802856445,
        "max": 33,
        "mean": 2.50241541862,
        "median": 1,
        "min": 0,
        "skew": 3.73382568359,
        "var": 23.7089939117
    },
    "spectral_crest": {
        "kurt": 0.998949050903,
        "max": 17.4672260284,
        "mean": 7.48953533173,
        "median": 7.22750234604,
        "min": 3.2083902359,
        "skew": 0.792862176895,
        "var": 5.54066896439
    },
    "spectral_decrease": {
        "kurt": 64.4911727905,
        "max": -2.8425391381e-12,
        "mean": -2.3665519544e-10,
        "median": -6.08708430883e-11,
        "min": -6.91151846866e-09,
        "skew": -7.17133665085,
        "var": 3.978306803e-19
    },
    "spectral_energy": {
        "kurt": 93.1290969849,
        "max": 0.0391421988606,
        "mean": 0.0010554821929,
        "median": 0.000247242220212,
        "min": 1.15875045594e-05,
        "skew": 8.71774864197,
        "var": 1.04496848508e-05
    },
    "spectral_energyband_high": {
        "kurt": 183.21105957,
        "max": 0.0178206060082,
        "mean": 0.000145035184687,
        "median": 6.47532442599e-06,
        "min": 2.28859661888e-07,
        "skew": 13.3605184555,
        "var": 1.59206024364e-06
    },
    "spectral_energyband_low": {
        "kurt": 20.0359382629,
        "max": 0.000665335450321,
        "mean": 4.7108533181e-05,
        "median": 2.12495724554e-05,
        "min": 4.58228953448e-07,
        "skew": 4.08560037613,
        "var": 6.8003433995e-09
    },
    "spectral_energyband_middle_high": {
        "kurt": 116.708007812,
        "max": 0.0193531159312,
        "mean": 0.000356163625838,
        "median": 4.64590448246e-05,
        "min": 2.80300082522e-06,
        "skew": 10.0558710098,
        "var": 2.31552940022e-06
    },
    "spectral_energyband_middle_low": {
        "kurt": 48.08644104,
        "max": 0.0122405225411,
        "mean": 0.000526695919689,
        "median": 0.000181076160516,
        "min": 8.45389513415e-06,
        "skew": 6.11146736145,
        "var": 1.42081910326e-06
    },
    "spectral_flatness_db": {
        "kurt": 1.37140417099,
        "max": 0.224539190531,
        "mean": 0.147112339735,
        "median": 0.146437615156,
        "min": 0.074506662786,
        "skew": 0.0530230998993,
        "var": 0.00043143183575
    },
    "spectral_flux": {
        "kurt": 29.8124351501,
        "max": 0.180961504579,
        "mean": 0.0167558453977,
        "median": 0.0100675737485,
        "min": 0.00340404245071,
        "skew": 4.76309251785,
        "var": 0.000393485475797
    },
    "spectral_kurtosis": {
        "kurt": 3.7851934433,
        "max": 13.6197338104,
        "mean": 4.72579050064,
        "median": 4.6807103157,
        "min": 1.35506391525,
        "skew": 0.976190984249,
        "var": 2.65201640129
    },
    "spectral_rms": {
        "kurt": 21.2005386353,
        "max": 0.00617960421368,
        "mean": 0.000747845740989,
        "median": 0.000491133308969,
        "min": 0.000106324419903,
        "skew": 3.8936650753,
        "var": 4.70464783575e-07
    },
    "spectral_rolloff": {
        "kurt": 1.87059736252,
        "max": 5103.36914062,
        "mean": 1698.31481934,
        "median": 1335.05859375,
        "min": 452.197265625,
        "skew": 1.40052068233,
        "var": 823214.375
    },
    "spectral_skewness": {
        "kurt": 5.79658126831,
        "max": 3.20457911491,
        "mean": 1.69125139713,
        "median": 1.70612895489,
        "min": 1.03291141987,
        "skew": 0.85953271389,
        "var": 0.0624979175627
    },
    "spectral_spread": {
        "kurt": 5.17984867096,
        "max": 8954902,
        "mean": 4244751,
        "median": 3937405.5,
        "min": 2912488.5,
        "skew": 2.02321171761,
        "var": 740546183168
    },
    "spectral_strongpeak": {
        "kurt": 62.6721420288,
        "max": 2.22597289085,
        "mean": 0.112041421235,
        "median": 0.0596355572343,
        "min": 0,
        "skew": 6.80608844757,
        "var": 0.0392283797264
    },
    "zerocrossingrate": {
        "kurt": 6.28324699402,
        "max": 0.14111328125,
        "mean": 0.0606766119599,
        "median": 0.05712890625,
        "min": 0.02197265625,
        "skew": 2.10595273972,
        "var": 0.000285349960905
    },
    "barkbands": {
        "kurt": [11.8081178665, 17.0380496979, 16.2700271606, 41.2890968323, 37.8379592896, 44.1948547363, 60.5000839233, 46.847328186, 26.5171642303, 31.4043235779, 36.5461273193, 46.8879318237, 50.0306358337, 126.062225342, 109.690673828, 150.042358398, 94.2791213989, 133.092147827, 76.9892959595, 110.217529297, 194.427932739, 167.528594971, 173.836425781, 156.430969238, 183.672393799, 110.554855347, 93.4823532104],
        "max": [2.52531413025e-06, 0.000153989065439, 0.000244857888902, 0.000579917686991, 0.00172812410165, 0.00315760658123, 0.00533037306741, 0.00142642855644, 0.00107583543286, 0.000797345943283, 0.000692771514878, 0.000612074683886, 0.000390063942177, 0.000980612821877, 0.000956240226515, 0.00261104805395, 0.00175838451833, 0.00706606730819, 0.00254309293814, 0.00445494661108, 0.01310130395, 0.00166936067399, 0.000403509300668, 0.000291430362267, 0.000189897080418, 3.40858855452e-06, 9.63162278822e-08],
        "mean": [1.67270243878e-07, 1.32894028866e-05, 1.96336932277e-05, 2.8012194889e-05, 9.2321592092e-05, 0.000147081664181, 0.000139824202051, 5.02091788803e-05, 5.24888127984e-05, 3.1597155612e-05, 2.52498557529e-05, 2.45258088398e-05, 1.44838586493e-05, 1.4788275621e-05, 1.69713221112e-05, 3.97531366616e-05, 3.59958867193e-05, 8.23839654913e-05, 5.23416965734e-05, 6.24118911219e-05, 8.86011548573e-05, 1.56577207235e-05, 3.61306206287e-06, 2.64423374574e-06, 1.39950066114e-06, 3.53824844979e-08, 1.12383258255e-09],
        "median": [2.46179894248e-08, 6.01997408012e-06, 6.92374806022e-06, 1.17462786875e-05, 3.72924550902e-05, 5.2024366596e-05, 3.22692176269e-05, 1.4022324649e-05, 1.53537257574e-05, 4.71957764603e-06, 4.88146815769e-06, 7.44898352423e-06, 4.22797029387e-06, 1.76472997282e-06, 2.09523363992e-06, 2.92952290692e-06, 4.61672107122e-06, 6.1650821408e-06, 7.80968275649e-06, 5.73087208977e-06, 2.1154503429e-06, 6.38438450551e-07, 1.2546995265e-07, 3.59148941698e-08, 1.14455280809e-08, 4.4596229487e-10, 1.58673681833e-11],
        "min": [4.11705558534e-10, 3.43330484043e-08, 1.13919170985e-07, 3.15955020369e-07, 2.16314811041e-06, 9.27299765863e-07, 8.49079071941e-07, 8.41299140575e-07, 1.11891176857e-06, 7.56558790727e-07, 3.77487936021e-07, 2.48291712523e-07, 6.97775561775e-08, 9.86732615615e-08, 8.70095107075e-08, 1.04330879935e-07, 2.23102233576e-07, 4.152744566e-07, 3.82257155707e-07, 1.82523862691e-07, 6.78131542031e-08, 2.12546567013e-08, 7.08921943371e-09, 1.76439296506e-09, 1.68853342419e-09, 1.57116084032e-10, 4.64548278317e-12],
        "skew": [3.49191761017, 3.73746776581, 3.81181526184, 5.72758245468, 5.6873664856, 6.05004358292, 7.3213262558, 6.68292760849, 4.79676389694, 5.40095615387, 5.76221752167, 6.11399841309, 6.31352901459, 10.6161060333, 9.72660446167, 11.6190156937, 9.06238269806, 11.0202484131, 8.28339099884, 9.91234207153, 13.9068183899, 12.6404867172, 12.9419221878, 12.203962326, 13.4031715393, 10.3504667282, 9.65225601196],
        "var": [1.89275488728e-13, 4.58714843887e-10, 1.3399464871e-09, 3.52990858765e-09, 4.05643696411e-08, 1.14159206532e-07, 2.64120700422e-07, 2.93006721108e-08, 1.68080589447e-08, 1.10451736646e-08, 6.60158594457e-09, 3.71136210653e-09, 1.44649114908e-09, 5.77784176059e-09, 5.8604721076e-09, 3.71817598932e-08, 2.17135074365e-08, 2.9338750096e-07, 5.18843386033e-08, 1.28603332428e-07, 8.37701577439e-07, 1.45905456606e-08, 8.37356961547e-10, 4.62515803434e-10, 1.80889803136e-10, 8.05697400615e-14, 8.23726968059e-17],
        "cov": [[1.90194309412e-13, 5.17843407044e-12, 5.44173343539e-12, 3.18328111266e-12, 1.15477549398e-11, 1.79397087463e-11, -6.3554665003e-12, 1.08917323945e-13, -1.01959142084e-12, -1.8604690271e-12, -1.26153211141e-12, 3.17570947837e-13, -2.06186874215e-13, -1.13937592e-12, -1.46527614261e-12, -3.26108606265e-12, -2.07610968347e-12, -9.00057025438e-12, -3.33083885994e-12, -5.48003352766e-12, -1.14558015851e-11, -1.54466500354e-12, -2.6915839349e-13, -2.10474283943e-13, -1.75687657239e-13, -4.02742990596e-15, -1.49457838577e-16], [5.17843407044e-12, 4.60941618208e-10, 5.36217126257e-10, 5.76710845746e-10, 1.8557927417e-09, 2.30017382918e-09, 1.11268882996e-09, 3.09117925701e-10, 8.27666823966e-11, 5.70878067041e-11, 1.35495017983e-10, 1.65365679483e-10, 4.90291002242e-11, -1.79172284648e-11, 4.40529591972e-11, -2.40303367482e-11, 3.82206558069e-11, -4.88844464908e-10, -1.04239013254e-10, -2.46188819331e-10, -6.5146343875e-10, -6.03818731126e-11, -1.24840762727e-11, -1.09627047024e-11, -1.07192076396e-11, -2.80203323651e-13, -1.13627741927e-14], [5.44173343539e-12, 5.36217126257e-10, 1.34645106176e-09, 1.33779975986e-09, 3.02077185488e-09, 4.78504080803e-09, 2.53501175607e-09, 8.5178036846e-10, 4.29445617955e-10, 2.94392343836e-10, 2.83495449338e-10, 3.17339349243e-10, 1.43981229717e-10, 5.47806834617e-11, 1.54039461742e-10, 2.23249418951e-10, 3.62551294542e-10, -9.81860946714e-12, 2.37432934425e-10, 2.34616104322e-10, -4.16645662416e-10, 3.62161967082e-11, 4.88921099787e-12, 3.04519820818e-12, -5.29897436694e-12, -1.40757360195e-13, 4.20497542324e-16], [3.18328111266e-12, 5.76710845746e-10, 1.33779975986e-09, 3.54704399186e-09, 8.82389628032e-09, 1.49604755251e-08, 1.7791355944e-08, 4.85557327679e-09, 7.56080920095e-10, 1.51328338749e-09, 1.59705038083e-09, 1.01882657866e-09, 7.01587066221e-10, 5.79570058612e-10, 1.24707677518e-09, 1.17969867208e-09, 9.66773772149e-10, 3.59304773434e-11, 1.01027586297e-09, 1.08482733907e-09, 1.01640390548e-10, 2.68112421153e-10, 5.36120522976e-11, 3.18964576973e-11, -2.79620315617e-12, -1.18504273235e-13, -1.37777557578e-14], [1.15477549398e-11, 1.8557927417e-09, 3.02077185488e-09, 8.82389628032e-09, 4.07612823494e-08, 5.85195394365e-08, 5.64332331976e-08, 1.50321906034e-08, 5.92479576511e-09, 7.2420722752e-09, 7.36940419799e-09, 6.70083899479e-09, 3.79267595108e-09, 4.39256675477e-09, 6.59940502246e-09, 9.95988269636e-09, 7.08314873421e-09, 1.40297418127e-08, 8.69615668364e-09, 1.21051284552e-08, 2.49670204511e-08, 4.01648048154e-09, 9.41427602541e-10, 6.56960985612e-10, 3.49285378398e-10, 6.33656018281e-12, 1.52473425053e-13], [1.79397087463e-11, 2.30017382918e-09, 4.78504080803e-09, 1.49604755251e-08, 5.85195394365e-08, 1.14713373023e-07, 1.15005285295e-07, 2.89843598011e-08, 1.48262202515e-08, 1.6811734227e-08, 1.5092114225e-08, 1.33938051761e-08, 8.36909475055e-09, 1.09434825646e-08, 1.4847035601e-08, 2.70945772485e-08, 1.82905353086e-08, 4.52036559295e-08, 2.26223626498e-08, 3.41058488118e-08, 7.89806335888e-08, 1.15622054153e-08, 2.67605648752e-09, 1.86305015859e-09, 1.11920661627e-09, 2.02369145746e-11, 5.77979829795e-13], [-6.3554665003e-12, 1.11268882996e-09, 2.53501175607e-09, 1.7791355944e-08, 5.64332331976e-08, 1.15005285295e-07, 2.65402832156e-07, 7.1023414705e-08, 2.33211121525e-08, 3.75390101226e-08, 2.4932905518e-08, 1.51353596323e-08, 1.11568434491e-08, 8.21212786661e-09, 1.42900864475e-08, 2.43405793299e-08, 1.34688340481e-08, 6.60234711347e-09, 1.31911956913e-08, 1.29238779678e-08, 9.76154002075e-09, 3.11423931088e-09, 6.26647900237e-10, 3.8248515466e-10, 7.86878548431e-11, 1.57901816622e-12, -2.53204422896e-14], [1.08917323945e-13, 3.09117925701e-10, 8.5178036846e-10, 4.85557327679e-09, 1.50321906034e-08, 2.89843598011e-08, 7.1023414705e-08, 2.94429085557e-08, 4.62576243976e-09, 7.74082398181e-09, 7.94047405606e-09, 4.87577844765e-09, 2.73988809418e-09, 2.0641361953e-09, 3.78938214141e-09, 7.35084837444e-09, 3.81614650991e-09, 9.7735308735e-10, 3.41865669107e-09, 3.19957416117e-09, 1.32956134991e-09, 6.90901391653e-10, 1.30741709126e-10, 7.98972693561e-11, 3.31789890701e-12, 3.8472538008e-14, -4.95553195308e-15], [-1.01959142084e-12, 8.27666823966e-11, 4.29445617955e-10, 7.56080920095e-10, 5.92479576511e-09, 1.48262202515e-08, 2.33211121525e-08, 4.62576243976e-09, 1.6889650567e-08, 1.08679394373e-08, 5.43346301285e-09, 3.09961234457e-09, 2.15386575242e-09, 3.26491700342e-09, 2.7025643945e-09, 7.17792003613e-09, 4.78211248378e-09, 1.03001260854e-08, 7.1739987284e-09, 6.51069331781e-09, 4.86346918294e-09, 1.00439123685e-09, 2.45398840137e-10, 1.62564794959e-10, 7.46964573528e-11, 2.19468258671e-12, 3.64813532844e-14], [-1.8604690271e-12, 5.70878067041e-11, 2.94392343836e-10, 1.51328338749e-09, 7.2420722752e-09, 1.6811734227e-08, 3.75390101226e-08, 7.74082398181e-09, 1.08679394373e-08, 1.10987912194e-08, 4.66862593029e-09, 3.16763437702e-09, 2.35903141466e-09, 2.46883580246e-09, 2.69440536549e-09, 6.31326146916e-09, 3.88488130554e-09, 7.03569824623e-09, 5.24030996374e-09, 5.19161336143e-09, 5.18648057835e-09, 1.02408281855e-09, 2.39939901281e-10, 1.69797523264e-10, 7.63303378837e-11, 2.11150714968e-12, 3.99414049469e-14], [-1.26153211141e-12, 1.35495017983e-10, 2.83495449338e-10, 1.59705038083e-09, 7.36940419799e-09, 1.5092114225e-08, 2.4932905518e-08, 7.94047405606e-09, 5.43346301285e-09, 4.66862593029e-09, 6.63363231013e-09, 2.83896750553e-09, 1.69673530781e-09, 1.39676126221e-09, 2.08734451945e-09, 4.44430670044e-09, 2.50518028544e-09, 2.9038440541e-09, 2.38746578063e-09, 2.67034017121e-09, 2.86929657811e-09, 6.53398501971e-10, 1.39831771162e-10, 9.67350366476e-11, 3.96282659465e-11, 1.13955058497e-12, 2.60386161146e-14], [3.17570947837e-13, 1.65365679483e-10, 3.17339349243e-10, 1.01882657866e-09, 6.70083899479e-09, 1.33938051761e-08, 1.51353596323e-08, 4.87577844765e-09, 3.09961234457e-09, 3.16763437702e-09, 2.83896750553e-09, 3.72937813964e-09, 2.15391882108e-09, 3.74908193379e-09, 4.0948529012e-09, 9.95424720429e-09, 7.04584612876e-09, 2.37591279983e-08, 9.94265469956e-09, 1.57991753014e-08, 3.92673449312e-08, 5.36838395959e-09, 1.2781845582e-09, 9.31044796815e-10, 5.77792758083e-10, 1.14141083737e-11, 3.19098073702e-13], [-2.06186874215e-13, 4.90291002242e-11, 1.43981229717e-10, 7.01587066221e-10, 3.79267595108e-09, 8.36909475055e-09, 1.11568434491e-08, 2.73988809418e-09, 2.15386575242e-09, 2.35903141466e-09, 1.69673530781e-09, 2.15391882108e-09, 1.45351297665e-09, 2.46663267589e-09, 2.66635957757e-09, 6.41966568793e-09, 4.575400947e-09, 1.55599355622e-08, 6.59011600845e-09, 1.03782422656e-08, 2.51851446365e-08, 3.45461970142e-09, 8.20092604936e-10, 5.94706339729e-10, 3.70194985777e-10, 7.34639779565e-12, 2.09989943728e-13], [-1.13937592e-12, -1.79172284648e-11, 5.47806834617e-11, 5.79570058612e-10, 4.39256675477e-09, 1.09434825646e-08, 8.21212786661e-09, 2.0641361953e-09, 3.26491700342e-09, 2.46883580246e-09, 1.39676126221e-09, 3.74908193379e-09, 2.46663267589e-09, 5.80588954691e-09, 5.60014612461e-09, 1.41447795698e-08, 1.00621431187e-08, 3.86509420025e-08, 1.57718584859e-08, 2.47841640544e-08, 6.33227728031e-08, 8.39961789012e-09, 2.02103223046e-09, 1.46447576288e-09, 9.27814103324e-10, 1.78793143485e-11, 4.84257924559e-13], [-1.46527614261e-12, 4.40529591972e-11, 1.54039461742e-10, 1.24707677518e-09, 6.59940502246e-09, 1.4847035601e-08, 1.42900864475e-08, 3.78938214141e-09, 2.7025643945e-09, 2.69440536549e-09, 2.08734451945e-09, 4.0948529012e-09, 2.66635957757e-09, 5.60014612461e-09, 5.88892090647e-09, 1.40652680614e-08, 1.03951185437e-08, 3.77407012309e-08, 1.52910875073e-08, 2.49440255118e-08, 6.25439469104e-08, 8.47959835681e-09, 2.01796268584e-09, 1.47388456995e-09, 9.21497544937e-10, 1.8322132006e-11, 5.11767548911e-13], [-3.26108606265e-12, -2.40303367482e-11, 2.23249418951e-10, 1.17969867208e-09, 9.95988269636e-09, 2.70945772485e-08, 2.43405793299e-08, 7.35084837444e-09, 7.17792003613e-09, 6.31326146916e-09, 4.44430670044e-09, 9.95424720429e-09, 6.41966568793e-09, 1.41447795698e-08, 1.40652680614e-08, 3.73622555117e-08, 2.54161474089e-08, 9.56295025389e-08, 3.69777630738e-08, 6.15836057705e-08, 1.66164099369e-07, 2.17099564992e-08, 5.20596499243e-09, 3.75216790971e-09, 2.4183159919e-09, 4.45987274889e-11, 1.30769342837e-12], [-2.07610968347e-12, 3.82206558069e-11, 3.62551294542e-10, 9.66773772149e-10, 7.08314873421e-09, 1.82905353086e-08, 1.34688340481e-08, 3.81614650991e-09, 4.78211248378e-09, 3.88488130554e-09, 2.50518028544e-09, 7.04584612876e-09, 4.575400947e-09, 1.00621431187e-08, 1.03951185437e-08, 2.54161474089e-08, 2.18189128987e-08, 7.67358585563e-08, 3.08614716005e-08, 5.15779952082e-08, 1.18915998826e-07, 1.67879896651e-08, 3.94865695696e-09, 2.96343927175e-09, 1.80246406689e-09, 3.9727970913e-11, 1.13344338255e-12], [-9.00057025438e-12, -4.88844464908e-10, -9.81860946714e-12, 3.59304773434e-11, 1.40297418127e-08, 4.52036559295e-08, 6.60234711347e-09, 9.7735308735e-10, 1.03001260854e-08, 7.03569824623e-09, 2.9038440541e-09, 2.37591279983e-08, 1.55599355622e-08, 3.86509420025e-08, 3.77407012309e-08, 9.56295025389e-08, 7.67358585563e-08, 2.9481171282e-07, 1.18008479433e-07, 1.92435919644e-07, 4.69314556995e-07, 6.4052223081e-08, 1.5237084483e-08, 1.12888081105e-08, 7.02022795451e-09, 1.46337192364e-10, 4.08639224889e-12], [-3.33083885994e-12, -1.04239013254e-10, 2.37432934425e-10, 1.01027586297e-09, 8.69615668364e-09, 2.26223626498e-08, 1.31911956913e-08, 3.41865669107e-09, 7.1739987284e-09, 5.24030996374e-09, 2.38746578063e-09, 9.94265469956e-09, 6.59011600845e-09, 1.57718584859e-08, 1.52910875073e-08, 3.69777630738e-08, 3.08614716005e-08, 1.18008479433e-07, 5.21362046868e-08, 7.73647883534e-08, 1.72899575546e-07, 2.43356712559e-08, 5.79008618828e-09, 4.32130153882e-09, 2.61508703581e-09, 5.77162519166e-11, 1.5025113315e-12], [-5.48003352766e-12, -2.46188819331e-10, 2.34616104322e-10, 1.08482733907e-09, 1.21051284552e-08, 3.41058488118e-08, 1.29238779678e-08, 3.19957416117e-09, 6.51069331781e-09, 5.19161336143e-09, 2.67034017121e-09, 1.57991753014e-08, 1.03782422656e-08, 2.47841640544e-08, 2.49440255118e-08, 6.15836057705e-08, 5.15779952082e-08, 1.92435919644e-07, 7.73647883534e-08, 1.29227615275e-07, 2.99442888263e-07, 4.17315497714e-08, 9.82471615174e-09, 7.3094996722e-09, 4.51193971074e-09, 9.61829990653e-11, 2.90648624959e-12], [-1.14558015851e-11, -6.5146343875e-10, -4.16645662416e-10, 1.01640390548e-10, 2.49670204511e-08, 7.89806335888e-08, 9.76154002075e-09, 1.32956134991e-09, 4.86346918294e-09, 5.18648057835e-09, 2.86929657811e-09, 3.92673449312e-08, 2.51851446365e-08, 6.33227728031e-08, 6.25439469104e-08, 1.66164099369e-07, 1.18915998826e-07, 4.69314556995e-07, 1.72899575546e-07, 2.99442888263e-07, 8.4176809878e-07, 1.0945571205e-07, 2.63532253797e-08, 1.92612130689e-08, 1.23261285623e-08, 2.33475710987e-10, 6.43274756379e-12], [-1.54466500354e-12, -6.03818731126e-11, 3.62161967082e-11, 2.68112421153e-10, 4.01648048154e-09, 1.15622054153e-08, 3.11423931088e-09, 6.90901391653e-10, 1.00439123685e-09, 1.02408281855e-09, 6.53398501971e-10, 5.36838395959e-09, 3.45461970142e-09, 8.39961789012e-09, 8.47959835681e-09, 2.17099564992e-08, 1.67879896651e-08, 6.4052223081e-08, 2.43356712559e-08, 4.17315497714e-08, 1.0945571205e-07, 1.46613734486e-08, 3.49971052138e-09, 2.586633574e-09, 1.62365376699e-09, 3.2646930298e-11, 9.08322625014e-13], [-2.6915839349e-13, -1.24840762727e-11, 4.88921099787e-12, 5.36120522976e-11, 9.41427602541e-10, 2.67605648752e-09, 6.26647900237e-10, 1.30741709126e-10, 2.45398840137e-10, 2.39939901281e-10, 1.39831771162e-10, 1.2781845582e-09, 8.20092604936e-10, 2.02103223046e-09, 2.01796268584e-09, 5.20596499243e-09, 3.94865695696e-09, 1.5237084483e-08, 5.79008618828e-09, 9.82471615174e-09, 2.63532253797e-08, 3.49971052138e-09, 8.41421821107e-10, 6.21817874968e-10, 3.89936194445e-10, 7.78204063689e-12, 2.06410531571e-13], [-2.10474283943e-13, -1.09627047024e-11, 3.04519820818e-12, 3.18964576973e-11, 6.56960985612e-10, 1.86305015859e-09, 3.8248515466e-10, 7.98972693561e-11, 1.62564794959e-10, 1.69797523264e-10, 9.67350366476e-11, 9.31044796815e-10, 5.94706339729e-10, 1.46447576288e-09, 1.47388456995e-09, 3.75216790971e-09, 2.96343927175e-09, 1.12888081105e-08, 4.32130153882e-09, 7.3094996722e-09, 1.92612130689e-08, 2.586633574e-09, 6.21817874968e-10, 4.64761035213e-10, 2.8705121613e-10, 5.93990221592e-12, 1.51386200667e-13], [-1.75687657239e-13, -1.07192076396e-11, -5.29897436694e-12, -2.79620315617e-12, 3.49285378398e-10, 1.11920661627e-09, 7.86878548431e-11, 3.31789890701e-12, 7.46964573528e-11, 7.63303378837e-11, 3.96282659465e-11, 5.77792758083e-10, 3.70194985777e-10, 9.27814103324e-10, 9.21497544937e-10, 2.4183159919e-09, 1.80246406689e-09, 7.02022795451e-09, 2.61508703581e-09, 4.51193971074e-09, 1.23261285623e-08, 1.62365376699e-09, 3.89936194445e-10, 2.8705121613e-10, 1.81767906282e-10, 3.55735775039e-12, 9.70931438005e-14], [-4.02742990596e-15, -2.80203323651e-13, -1.40757360195e-13, -1.18504273235e-13, 6.33656018281e-12, 2.02369145746e-11, 1.57901816622e-12, 3.8472538008e-14, 2.19468258671e-12, 2.11150714968e-12, 1.13955058497e-12, 1.14141083737e-11, 7.34639779565e-12, 1.78793143485e-11, 1.8322132006e-11, 4.45987274889e-11, 3.9727970913e-11, 1.46337192364e-10, 5.77162519166e-11, 9.61829990653e-11, 2.33475710987e-10, 3.2646930298e-11, 7.78204063689e-12, 5.93990221592e-12, 3.55735775039e-12, 8.0960859219e-14, 1.98228304261e-15], [-1.49457838577e-16, -1.13627741927e-14, 4.20497542324e-16, -1.37777557578e-14, 1.52473425053e-13, 5.77979829795e-13, -2.53204422896e-14, -4.95553195308e-15, 3.64813532844e-14, 3.99414049469e-14, 2.60386161146e-14, 3.19098073702e-13, 2.09989943728e-13, 4.84257924559e-13, 5.11767548911e-13, 1.30769342837e-12, 1.13344338255e-12, 4.08639224889e-12, 1.5025113315e-12, 2.90648624959e-12, 6.43274756379e-12, 9.08322625014e-13, 2.06410531571e-13, 1.51386200667e-13, 9.70931438005e-14, 1.98228304261e-15, 8.27725625315e-17]]
    },
    "mfcc": {
        "kurt": [2.39557552338, 11.5142431259, 3.65103626251, 2.15414619446, 1.47737360001, 0.200810432434, 1.94739866257, 0.274668693542, 0.585185289383, 1.71096992493, 0.826047420502, 0.504870653152, 0.0443181991577],
        "max": [-570.658508301, 161.88079834, 10.0093536377, 74.7133865356, -0.743591308594, 3.62314605713, 20.305103302, 3.21867179871, 10.6719207764, 2.47449493408, 10.8151283264, 17.3241958618, 17.470451355],
        "mean": [-834.644104004, 130.502059937, -27.9465579987, 41.9304618835, -18.4363746643, -15.8330068588, -0.972032785416, -9.68759632111, -7.16245317459, -11.2094373703, -3.72748565674, 0.587974131107, 0.123830653727],
        "median": [-860.528991699, 136.707901001, -25.1598930359, 42.9697608948, -17.9725990295, -15.8427658081, 0.395023345947, -9.70399475098, -7.15404510498, -11.101600647, -3.89177322388, 0.751457214355, 0.529808044434],
        "min": [-1001.38433838, -3.40074157715, -88.3522949219, 2.19686126709, -52.0127334595, -39.099029541, -34.6167869568, -30.1364021301, -25.0515880585, -36.0993347168, -27.0825462341, -18.1790733337, -16.0984783173],
        "skew": [1.58070540428, -3.16447043419, -1.58537125587, -0.659095048904, -0.691902935505, 0.000648906221613, -1.16383826733, -0.284716486931, -0.0864003077149, -0.582966029644, -0.487592488527, -0.127502411604, -0.0355408079922],
        "var": [3901.18994141, 600.79284668, 209.008926392, 112.034088135, 58.163646698, 47.8815155029, 80.6445617676, 38.7383499146, 34.4621963501, 31.912902832, 37.0908203125, 33.0885925293, 38.9093551636],
        "cov": [[3920.12768555, -843.902099609, -429.565216064, -96.2865371704, -171.819763184, 64.2744522095, -345.418304443, 15.0869970322, 21.8031711578, -68.8640213013, -184.969055176, -20.9456729889, -56.1891021729], [-843.902099609, 603.709350586, 95.1764297485, 15.8543567657, 39.7983818054, -5.61099529266, 39.4642715454, 10.4893846512, 42.6002922058, 46.906578064, 41.3222923279, 31.8227577209, 51.3117980957], [-429.565216064, 95.1764297485, 210.023529053, 86.8699874878, 66.3167495728, 23.354719162, 65.4465484619, 12.1644487381, -12.2935504913, 6.48583745956, 23.9120483398, 14.5618610382, -6.59968662262], [-96.2865371704, 15.8543567657, 86.8699874878, 112.577941895, 41.163444519, 23.9151096344, 38.217502594, 5.9836306572, -6.21212816238, 1.60719835758, 20.6444950104, 5.30541324615, 1.06362915039], [-171.819763184, 39.7983818054, 66.3167495728, 41.163444519, 58.4459953308, 26.43608284, 28.7480945587, 5.48167037964, -0.874319970608, 6.84225130081, 9.47595310211, 3.214189291, -0.661837399006], [64.2744522095, -5.61099529266, 23.354719162, 23.9151096344, 26.43608284, 48.113948822, 9.98358535767, 10.1790313721, 3.51647257805, -0.0962763652205, -3.14576387405, 3.60528731346, 6.97232723236], [-345.418304443, 39.4642715454, 65.4465484619, 38.217502594, 28.7480945587, 9.98358535767, 81.0360412598, 12.9236488342, -7.10967350006, 3.37622117996, 20.5932655334, 3.46673965454, -0.954791307449], [15.0869970322, 10.4893846512, 12.1644487381, 5.9836306572, 5.48167037964, 10.1790313721, 12.9236488342, 38.926399231, 16.4077644348, 5.58717870712, 2.8305273056, 2.14199376106, -1.91079509258], [21.8031711578, 42.6002922058, -12.2935504913, -6.21212816238, -0.874319970608, 3.51647257805, -7.10967350006, 16.4077644348, 34.6294898987, 15.0847539902, 3.29513931274, 5.63562583923, 2.96029210091], [-68.8640213013, 46.906578064, 6.48583745956, 1.60719835758, 6.84225130081, -0.0962763652205, 3.37622117996, 5.58717870712, 15.0847539902, 32.067817688, 14.2341108322, 3.90826582909, 4.99601268768], [-184.969055176, 41.3222923279, 23.9120483398, 20.6444950104, 9.47595310211, -3.14576387405, 20.5932655334, 2.8305273056, 3.29513931274, 14.2341108322, 37.2708740234, 12.4383144379, 6.54454088211], [-20.9456729889, 31.8227577209, 14.5618610382, 5.30541324615, 3.214189291, 3.60528731346, 3.46673965454, 2.14199376106, 5.63562583923, 3.90826582909, 12.4383144379, 33.2492179871, 18.624704361], [-56.1891021729, 51.3117980957, -6.59968662262, 1.06362915039, -0.661837399006, 6.97232723236, -0.954791307449, -1.91079509258, 2.96029210091, 4.99601268768, 6.54454088211, 18.624704361, 39.098236084]]
    },
    "sccoeffs": {
        "kurt": [0.909329652786, 0.978090286255, 1.35982990265, 1.62904787064, 1.83906888962, 6.92396736145],
        "max": [-0.532349646091, -0.614074707031, -0.704466164112, -0.751860737801, -0.76227915287, -0.683380782604],
        "mean": [-0.735859513283, -0.793236792088, -0.837434828281, -0.84555542469, -0.850200772285, -0.78969925642],
        "median": [-0.74253475666, -0.801752328873, -0.841683030128, -0.848468899727, -0.856627225876, -0.791421234608],
        "min": [-0.955307781696, -0.901140511036, -0.911580264568, -0.894157469273, -0.88886898756, -0.849800646305],
        "skew": [0.248593941331, 0.858363449574, 1.03228223324, 0.836062371731, 1.40974223614, 1.19045853615],
        "var": [0.0033957536798, 0.00274427048862, 0.00126291788183, 0.000524374481756, 0.000595707329921, 0.000316000543535],
        "cov": [[0.00341223808937, 0.000790055317339, 0.000495702377521, 0.000245148636168, 0.000554472208023, 0.000245838979026], [0.000790055317339, 0.00275759212673, 0.000442367250798, 0.000309915572871, 0.00053995673079, 0.000324445456499], [0.000495702377521, 0.000442367250798, 0.00126904854551, 0.000197986271814, 0.000255185412243, 7.99643239588e-05], [0.000245148636168, 0.000309915572871, 0.000197986271814, 0.000526919960976, 0.000222627772018, 0.000149729530676], [0.000554472208023, 0.00053995673079, 0.000255185412243, 0.000222627772018, 0.000598599086516, 0.000203819698072], [0.000245838979026, 0.000324445456499, 7.99643239588e-05, 0.000149729530676, 0.000203819698072, 0.000317534519127]]
    },
    "scvalleys": {
        "kurt": [0.837474346161, 0.860969305038, 1.1403465271, 2.83964538574, 4.05710029602, 3.29843854904],
        "max": [-6.00335931778, -5.1780090332, -5.60323238373, -5.59429168701, -5.27315711975, -6.89358758926],
        "mean": [-7.57680368423, -6.89046287537, -7.62621116638, -8.31716251373, -8.29161071777, -11.1073522568],
        "median": [-7.60357761383, -6.98452234268, -7.79946231842, -8.52167415619, -8.48598957062, -11.5154743195],
        "min": [-9.62514400482, -8.54251003265, -8.93346977234, -10.0231361389, -10.2126331329, -12.6471252441],
        "skew": [0.20287913084, 0.592401683331, 1.16940367222, 1.59977078438, 1.6684705019, 1.87010776997],
        "var": [0.359810143709, 0.248578995466, 0.355966538191, 0.429475158453, 0.420078873634, 0.854185640812],
        "cov": [[0.36155679822, 0.132881209254, 0.0788599699736, 0.0677923709154, 0.0746889188886, 0.105842068791], [0.132881209254, 0.2497856915, 0.213169932365, 0.217394515872, 0.203972563148, 0.259210109711], [0.0788599699736, 0.213169932365, 0.357694536448, 0.343456268311, 0.318306148052, 0.417758345604], [0.0677923709154, 0.217394515872, 0.343456268311, 0.431560009718, 0.382536798716, 0.511037349701], [0.0746889188886, 0.203972563148, 0.318306148052, 0.382536798716, 0.422118097544, 0.558097183704], [0.105842068791, 0.259210109711, 0.417758345604, 0.511037349701, 0.558097183704, 0.858332157135]]
    }
},
"rhythm": {
    "beats_loudness": {
        "kurt": 2.05735588074,
        "max": 0.00355534232222,
        "mean": 0.00076421716949,
        "median": 0.000238583001192,
        "min": 0.000169200444361,
        "skew": 1.9091899395,
        "var": 1.23101062854e-06
    },
    "bpm": 112.703796387,
    "confidence": 0,
    "first_peak_bpm": {
        "kurt": 0,
        "max": 112,
        "mean": 112,
        "median": 112,
        "min": 112,
        "skew": 0,
        "var": 0
    },
    "first_peak_spread": {
        "kurt": 0,
        "max": 0.142857134342,
        "mean": 0.142857134342,
        "median": 0.142857134342,
        "min": 0.142857134342,
        "skew": 0,
        "var": 0
    },
    "first_peak_weight": {
        "kurt": 0,
        "max": 0.857142865658,
        "mean": 0.857142865658,
        "median": 0.857142865658,
        "min": 0.857142865658,
        "skew": 0,
        "var": 0
    },
    "onset_rate": 1.046620965,
    "second_peak_bpm": {
        "kurt": 0,
        "max": 0,
        "mean": 0,
        "median": 0,
        "min": 0,
        "skew": 0,
        "var": 0
    },
    "second_peak_spread": {
        "kurt": 0,
        "max": 0,
        "mean": 0,
        "median": 0,
        "min": 0,
        "skew": 0,
        "var": 0
    },
    "second_peak_weight": {
        "kurt": 0,
        "max": 0,
        "mean": 0,
        "median": 0,
        "min": 0,
        "skew": 0,
        "var": 0
    },
    "beats_loudness_band_ratio": {
        "kurt": [-1.18533432484, -0.25309252739, -0.532488584518, 0.737610340118, 1.23707342148, -0.922824859619],
        "max": [0.302596151829, 0.566870033741, 0.509832918644, 0.203806385398, 0.179057866335, 0.0904747247696],
        "mean": [0.15879368782, 0.378098905087, 0.281429350376, 0.110497936606, 0.0942638367414, 0.0597425587475],
        "median": [0.139452219009, 0.380368173122, 0.267480492592, 0.0990498363972, 0.0918738096952, 0.0551903247833],
        "min": [0.00617865426466, 0.137533798814, 0.146538615227, 0.0577000752091, 0.0606681481004, 0.028534559533],
        "skew": [0.0416407510638, -0.435357898474, 0.633138477802, 1.16358447075, 1.44293534756, 0.0719775930047],
        "var": [0.00900070089847, 0.0148033555597, 0.013090251945, 0.0016824916238, 0.00126823503524, 0.000349615758751],
        "cov": [[0.0102865155786, 0.00544821890071, -0.00903536193073, -0.00279648276046, -0.00145106983837, 0.00167118594982], [0.00544821890071, 0.0169181209058, -0.0136091932654, -0.00420789700001, -0.00418618600816, 0.000824675313197], [-0.00903536193073, -0.0136091932654, 0.0149602880701, 0.00357540859841, 0.00303888018243, -0.0016726636095], [-0.00279648276046, -0.00420789700001, 0.00357540859841, 0.00192284758668, 0.00131748989224, -0.000504520547111], [-0.00145106983837, -0.00418618600816, 0.00303888018243, 0.00131748989224, 0.00144941150211, -0.0002194737026], [0.00167118594982, 0.000824675313197, -0.0016726636095, -0.000504520547111, -0.0002194737026, 0.000399560871301]]
    },
    "beats_position": [0.510838985443, 1.03328800201, 1.5673469305, 2.10140585899, 2.63546490669, 3.16952371597, 3.70358276367, 4.23764181137],
    "bpm_estimates": [114.843742371, 112.34715271, 112.34715271, 112.347129822, 112.347175598, 112.347129822, 112.347129822],
    "bpm_intervals": [0.522449016571, 0.53405892849, 0.53405892849, 0.534059047699, 0.53405880928, 0.534059047699, 0.534059047699],
    "onset_times": [0.0348299331963, 0.301859408617, 0.49922901392, 0.638548731804, 1.86920630932],
    "histogram": [[0, 0, 0, 0, 0, 0, 0, 0, 0, 0, 0, 0, 0, 0, 0, 0, 0, 0, 0, 0, 0, 0, 0, 0, 0, 0, 0, 0, 0, 0, 0, 0, 0, 0, 0, 0, 0, 0, 0, 0, 0, 0, 0, 0, 0, 0, 0, 0, 0, 0, 0, 0, 0, 0, 0, 0, 0, 0, 0, 0, 0, 0, 0, 0, 0, 0, 0, 0, 0, 0, 0, 0, 0, 0, 0, 0, 0, 0, 0, 0, 0, 0, 0, 0, 0, 0, 0, 0, 0, 0, 0, 0, 0, 0, 0, 0, 0, 0, 0, 0, 0, 0, 0, 0, 0, 0, 0, 0, 0, 0, 0, 0, 0.857142865658, 0, 0, 0.142857149243, 0, 0, 0, 0, 0, 0, 0, 0, 0, 0, 0, 0, 0, 0, 0, 0, 0, 0, 0, 0, 0, 0, 0, 0, 0, 0, 0, 0, 0, 0, 0, 0, 0, 0, 0, 0, 0, 0, 0, 0, 0, 0, 0, 0, 0, 0, 0, 0, 0, 0, 0, 0, 0, 0, 0, 0, 0, 0, 0, 0, 0, 0, 0, 0, 0, 0, 0, 0, 0, 0, 0, 0, 0, 0, 0, 0, 0, 0, 0, 0, 0, 0, 0, 0, 0, 0, 0, 0, 0, 0, 0, 0, 0, 0, 0, 0, 0, 0, 0, 0, 0, 0, 0, 0, 0, 0, 0, 0, 0, 0, 0, 0, 0, 0, 0, 0, 0, 0, 0, 0, 0, 0, 0, 0, 0, 0, 0, 0, 0, 0, 0, 0, 0, 0]]
},
"sfx": {
    "inharmonicity": {
        "kurt": 0.84987950325,
        "max": 0.411628425121,
        "mean": 0.107846200466,
        "median": 0.0765279978514,
        "min": 0,
        "skew": 1.11489903927,
        "var": 0.00704512838274
    },
    "oddtoevenharmonicenergyratio": {
        "kurt": 49.9241943359,
        "max": 11.0639734268,
        "mean": 0.793127954006,
        "median": 0.540575623512,
        "min": 0,
        "skew": 5.60125827789,
        "var": 1.02496874332
    },
    "pitch_after_max_to_before_max_energy_ratio": 3.41316342354,
    "pitch_centroid": 71.0323257446,
    "pitch_max_to_total": 0.00966183561832,
    "pitch_min_to_total": 0.362318843603,
    "tristimulus": {
        "kurt": [5.02557659149, 1.46342945099, 2.62432813644],
        "max": [1, 0.886165559292, 0.839188277721],
        "mean": [0.256922125816, 0.335359692574, 0.407718241215],
        "median": [0.234282925725, 0.321545481682, 0.415410518646],
        "min": [0, 0, 0],
        "skew": [1.74986934662, 0.253403425217, -0.744272589684],
        "var": [0.0372280366719, 0.0172962583601, 0.0165491960943],
        "cov": [[0.0374087579548, -0.0190797112882, -0.0183290187269], [-0.0190797112882, 0.0173802208155, 0.0016994898906], [-0.0183290187269, 0.0016994898906, 0.0166295319796]]
    }
},
"tonal": {
    "chords_changes_rate": 0.0769230797887,
    "chords_number_rate": 0.0673076957464,
    "chords_strength": {
        "kurt": -0.331950426102,
        "max": 0.655469715595,
        "mean": 0.49282425642,
        "median": 0.487789332867,
        "min": 0.324353039265,
        "skew": 0.138862580061,
        "var": 0.00571900140494
    },
    "key_strength": 0.520640254021,
    "tuning_diatonic_strength": 0.415139585733,
    "tuning_equal_tempered_deviation": 0.255754202604,
    "tuning_frequency": 451.84777832,
    "tuning_nontempered_energy_ratio": 0.91305655241,
    "hpcp": {
        "kurt": [3.28267621994, 4.61127281189, 5.15831184387, 3.80085754395, 2.40264034271, 3.42359972, 1.15452671051, 1.61961126328, 1.70872402191, 3.85172557831, 2.62867450714, 2.11390972137, 1.74808549881, 3.02873420715, 4.29479169846, 1.0518040657, 1.59063768387, 1.13717317581, 0.543147087097, 0.324343442917, 0.410678863525, -0.12176823616, 1.20284414291, 1.61184930801, 3.76486444473, 0.63484454155, 0.48201918602, 1.24007320404, 0.536268949509, 0.724503040314, 1.01680374146, 1.38287591934, 0.542186260223, -0.003746509552, -0.735203266144, 0.227575778961],
        "max": [1, 1, 1, 0.843607604504, 0.750665843487, 1, 1, 1, 0.888441026211, 1, 1, 1, 0.93442595005, 1, 1, 0.854929685593, 1, 1, 1, 1, 1, 1, 1, 0.888475596905, 1, 1, 1, 1, 1, 1, 1, 1, 1, 1, 1, 1],
        "mean": [0.216503992677, 0.172084987164, 0.176697969437, 0.17202962935, 0.188708335161, 0.248797923326, 0.290702581406, 0.266078948975, 0.218382701278, 0.212163120508, 0.258014589548, 0.275146752596, 0.2375728935, 0.215542063117, 0.221314102411, 0.246762886643, 0.273341178894, 0.294864058495, 0.306589692831, 0.305942296982, 0.314205378294, 0.331171393394, 0.28030654788, 0.217082038522, 0.243447944522, 0.307010293007, 0.30498033762, 0.276921153069, 0.288666933775, 0.295451194048, 0.272087842226, 0.253948330879, 0.276660889387, 0.353904217482, 0.405281186104, 0.328564167023],
        "median": [0.149345397949, 0.102050147951, 0.115779943764, 0.131230428815, 0.160108849406, 0.179809063673, 0.194122672081, 0.18931221962, 0.159953564405, 0.138548582792, 0.196002990007, 0.203916758299, 0.186936378479, 0.155109375715, 0.161843702197, 0.172695621848, 0.199931293726, 0.207784757018, 0.180474221706, 0.233036190271, 0.234971404076, 0.21249961853, 0.191044062376, 0.150169730186, 0.191641539335, 0.229880511761, 0.22682377696, 0.169618353248, 0.206704124808, 0.218035459518, 0.175051689148, 0.140603721142, 0.185339480639, 0.281731903553, 0.297540903091, 0.252811551094],
