{
"metadata": {
    "version": {
        "essentia": "2.1-beta3"
    }
},
"lowLevel": {
    "average_loudness": 0.535497784615,
    "barkbands_kurtosis": {
        "kurt": 17.401725769,
        "max": 8.06862163544,
        "mean": -0.404919207096,
        "median": -0.696452260017,
        "min": -1.70920443535,
        "skew": 2.81431269646,
        "var": 0.783997952938
    },
    "barkbands_skewness": {
        "kurt": 0.380771875381,
        "max": 1.95786416531,
        "mean": 0.630252301693,
        "median": 0.583141207695,
        "min": -1.68793916702,
        "skew": 0.0270470958203,
        "var": 0.199327141047
    },
    "barkbands_spread": {
        "kurt": 1.82176160812,
        "max": 42.1430168152,
        "mean": 21.0768260956,
        "median": 20.9302520752,
        "min": 4.21340894699,
        "skew": 0.359988987446,
        "var": 22.3947219849
    },
    "dissonance": {
        "kurt": 52.850189209,
        "max": 0.500000059605,
        "mean": 0.480241924524,
        "median": 0.483296871185,
        "min": 0.249622434378,
        "skew": -4.74617767334,
        "var": 0.000257446256001
    },
    "hfc": {
        "kurt": 15.0287227631,
        "max": 28.0147342682,
        "mean": 2.77317357063,
        "median": 1.83844327927,
        "min": 1.21365712949e-16,
        "skew": 3.73578023911,
        "var": 13.9794683456
    },
    "pitch": {
        "kurt": 19.3638076782,
        "max": 3419.38476562,
        "mean": 299.838165283,
        "median": 221.746948242,
        "min": 74.8024215698,
        "skew": 3.60568594933,
        "var": 84893.3203125
    },
    "pitch_instantaneous_confidence": {
        "kurt": 10.5784959793,
        "max": 0.807561933994,
        "mean": 0.244886726141,
        "median": 0.230237573385,
        "min": 0.12746232748,
        "skew": 2.21351909637,
        "var": 0.00534659996629
    },
    "pitch_salience": {
        "kurt": 3.49456644058,
        "max": 0.879247188568,
        "mean": 0.704832077026,
        "median": 0.71489661932,
        "min": 0.377491533756,
        "skew": -1.32768130302,
        "var": 0.00384114729241
    },
    "silence_rate_20dB": {
        "kurt": 0,
        "max": 1,
        "mean": 1,
        "median": 1,
        "min": 1,
        "skew": 0,
        "var": 0
    },
    "silence_rate_30dB": {
        "kurt": 0,
        "max": 1,
        "mean": 1,
        "median": 1,
        "min": 1,
        "skew": 0,
        "var": 0
    },
    "silence_rate_60dB": {
        "kurt": 1.60247755051,
        "max": 1,
        "mean": 0.844186067581,
        "median": 1,
        "min": 0,
        "skew": -1.89802312851,
        "var": 0.131534919143
    },
    "spectral_centroid": {
        "kurt": 344.549224854,
        "max": 10744.8310547,
        "mean": 956.950866699,
        "median": 918.83605957,
        "min": 508.039611816,
        "skew": 15.0728597641,
        "var": 175425.375
    },
    "spectral_complexity": {
        "kurt": 5.23146820068,
        "max": 43,
        "mean": 9.23139572144,
        "median": 9,
        "min": 0,
        "skew": 1.96617805958,
        "var": 47.9826812744
    },
    "spectral_crest": {
        "kurt": 0.0262455940247,
        "max": 21.8336200714,
        "mean": 7.60619735718,
        "median": 7.16312646866,
        "min": 2.53436112404,
        "skew": 0.59298491478,
        "var": 10.1231584549
    },
    "spectral_decrease": {
        "kurt": 12.481007576,
        "max": -6.86397760876e-29,
        "mean": -6.89708345991e-10,
        "median": -5.28735277783e-10,
        "min": -5.30145083388e-09,
        "skew": -3.29576253891,
        "var": 5.44096090784e-19
    },
    "spectral_energy": {
        "kurt": 12.6381912231,
        "max": 0.0223383512348,
        "mean": 0.0028546534013,
        "median": 0.00216260249726,
        "min": 1.12672920799e-20,
        "skew": 3.33948016167,
        "var": 9.67499818216e-06
    },
    "spectral_energyband_high": {
        "kurt": 26.2594528198,
        "max": 0.00063062296249,
        "mean": 3.74769442715e-05,
        "median": 1.83854572242e-05,
        "min": 8.21946110239e-21,
        "skew": 4.82272291183,
        "var": 5.55499690691e-09
    },
    "spectral_energyband_low": {
        "kurt": 21.4426555634,
        "max": 0.00329924933612,
        "mean": 0.000260508240899,
        "median": 0.000159532530233,
        "min": 5.28246600348e-23,
        "skew": 4.13352394104,
        "var": 1.44110359201e-07
    },
    "spectral_energyband_middle_high": {
        "kurt": 17.6977348328,
        "max": 0.014757765457,
        "mean": 0.00131103489548,
        "median": 0.000837490195408,
        "min": 1.9490229118e-21,
        "skew": 4.00222206116,
        "var": 3.5872301396e-06
    },
    "spectral_energyband_middle_low": {
        "kurt": 13.1209068298,
        "max": 0.010921115987,
        "mean": 0.0013735438697,
        "median": 0.00113517045975,
        "min": 3.16699431158e-22,
        "skew": 3.13021707535,
        "var": 1.89994045741e-06
    },
    "spectral_flatness_db": {
        "kurt": 1.48784589767,
        "max": 0.27463644743,
        "mean": 0.181893110275,
        "median": 0.180938184261,
        "min": 0.0723921209574,
        "skew": 0.0953877717257,
        "var": 0.00043315984658
    },
    "spectral_flux": {
        "kurt": 3.89298009872,
        "max": 0.107923880219,
        "mean": 0.0321981906891,
        "median": 0.0288729481399,
        "min": 1.06147500512e-10,
        "skew": 1.63775849342,
        "var": 0.000296329177218
    },
    "spectral_kurtosis": {
        "kurt": 1.67668485641,
        "max": 20.4324321747,
        "mean": 7.59848594666,
        "median": 7.31526708603,
        "min": -1.21921622753,
        "skew": 0.763042092323,
        "var": 6.30389356613
    },
    "spectral_rms": {
        "kurt": 3.95701313019,
        "max": 0.00466835219413,
        "mean": 0.00150558620226,
        "median": 0.00145253445953,
        "min": 3.31549089398e-12,
        "skew": 1.29518091679,
        "var": 5.18237754932e-07
    },
    "spectral_rolloff": {
        "kurt": 271.292694092,
        "max": 18540.0878906,
        "mean": 1808.18774414,
        "median": 1636.5234375,
        "min": 882.861328125,
        "skew": 12.7069168091,
        "var": 577272.5625
    },
    "spectral_skewness": {
        "kurt": 4.59516048431,
        "max": 3.68764305115,
        "mean": 1.98965930939,
        "median": 1.97661745548,
        "min": 0.0381995327771,
        "skew": -0.135972455144,
        "var": 0.0793542563915
    },
    "spectral_spread": {
        "kurt": 721.603637695,
        "max": 41163764,
        "mean": 2861251.75,
        "median": 2725341,
        "min": 1885552.125,
        "skew": 25.853937149,
        "var": 1.85867999642e+12
    },
    "spectral_strongpeak": {
        "kurt": 18.9441776276,
        "max": 1.79805874825,
        "mean": 0.176428645849,
        "median": 0.145221576095,
        "min": 3.58255713984e-09,
        "skew": 3.55231618881,
        "var": 0.0300025977194
    },
    "zerocrossingrate": {
        "kurt": 354.408538818,
        "max": 0.50634765625,
        "mean": 0.0580509640276,
        "median": 0.056640625,
        "min": 0.0087890625,
        "skew": 15.3239202499,
        "var": 0.0003627743572
    },
    "barkbands": {
        "kurt": [28.4859848022, 23.3168697357, 15.1926555634, 34.2484016418, 8.75562763214, 24.5793476105, 37.2545089722, 26.6155567169, 30.392539978, 64.0833206177, 54.2222175598, 45.8747787476, 11.5358037949, 13.1922607422, 35.739654541, 65.8769302368, 73.430770874, 27.8903846741, 41.7879142761, 72.8078842163, 24.0583534241, 65.2673950195, 88.8276901245, 30.7590827942, 32.5701637268, 35.5684738159, 40.0261039734],
        "max": [2.05970778211e-08, 0.000153702159878, 0.00150945491623, 0.00322366855107, 0.00551247736439, 0.00172403140459, 0.00247849570587, 0.000889667193405, 0.00129620276857, 0.00732059311122, 0.0045281839557, 0.00457758782431, 0.00113935954869, 0.000858201412484, 0.00123982597142, 0.00322823622264, 0.00330635346472, 0.000964595994446, 0.00185821217019, 0.00121141900308, 0.000241774425376, 0.000194412234123, 3.50941918441e-05, 5.4127376643e-06, 3.39649636771e-06, 7.54668150194e-08, 2.24122143067e-09],
        "mean": [1.25616272939e-09, 9.33357387112e-06, 0.00014717115846, 0.000167019286891, 0.000700266624335, 0.000157186499564, 0.000177182708285, 6.95023627486e-05, 6.58654826111e-05, 0.000203012968996, 0.000171503910678, 0.000221606431296, 0.000158436523634, 0.000108368622023, 8.04504161351e-05, 9.93723515421e-05, 0.000112039051601, 6.56591000734e-05, 8.42050721985e-05, 3.55637821485e-05, 1.43360848597e-05, 5.20103685631e-06, 1.01972705124e-06, 2.30494435982e-07, 1.19705674706e-07, 2.42140751894e-09, 9.17195486227e-11],
        "median": [5.29102262004e-10, 4.58679642179e-06, 8.52426383062e-05, 9.34404088184e-05, 0.000527367170434, 0.000129987049149, 0.000128410378238, 5.16553627676e-05, 3.31310184265e-05, 7.98928958829e-05, 8.21834037197e-05, 0.000131535052788, 0.000130697793793, 8.59038191265e-05, 5.29412645847e-05, 4.55859844806e-05, 5.80405903747e-05, 3.57151257049e-05, 4.58328431705e-05, 1.69697868841e-05, 6.3660872911e-06, 1.89310480891e-06, 5.40635483048e-07, 8.00376938059e-08, 3.19458521858e-08, 7.65996377439e-10, 2.98374311369e-11],
        "min": [1.39523587941e-23, 3.10450781887e-23, 1.0603335018e-23, 7.39986475635e-24, 2.32454242476e-23, 7.92632922525e-23, 7.17564540131e-23, 6.00273545299e-23, 7.18118509813e-23, 5.86080107457e-23, 1.08396165296e-22, 8.56430312741e-23, 2.04264701924e-22, 1.07287456004e-22, 8.68409449577e-23, 3.46851487248e-22, 2.23226355866e-22, 1.92465021478e-22, 3.52209581978e-22, 3.45987047157e-22, 4.09712341797e-22, 4.7299074989e-22, 6.65237036016e-22, 8.11109660513e-22, 1.39817111094e-21, 1.88093035697e-21, 2.57382518449e-21],
        "skew": [4.5192990303, 4.1334066391, 3.4243645668, 5.32005167007, 2.3852391243, 4.20915603638, 5.2620382309, 4.60005521774, 5.12168645859, 7.38604736328, 6.82895803452, 5.89503145218, 2.70718193054, 2.89389252663, 4.88099479675, 7.15979957581, 7.3627371788, 4.87885808945, 5.96035957336, 7.38884592056, 4.59866952896, 6.98923492432, 7.86612129211, 5.32103633881, 5.43080854416, 5.50909233093, 5.57111215591],
        "var": [4.56934239502e-18, 2.27493524019e-10, 4.20734451723e-08, 9.25275926988e-08, 5.01818988141e-07, 3.25843494409e-08, 5.77755372433e-08, 8.60098925415e-09, 1.7504238059e-08, 3.95314486923e-07, 1.81240892516e-07, 1.33131507596e-07, 2.03111500952e-08, 9.41815425648e-09, 1.13581091199e-08, 5.39948388223e-08, 5.66270053071e-08, 1.25099264281e-08, 2.97599829224e-08, 7.09304615043e-09, 8.09114331091e-10, 1.89509102855e-10, 4.71292666351e-12, 3.82774920701e-13, 1.3476284704e-13, 4.74192436541e-17, 4.10509026183e-20],
        "cov": [[4.57466157995e-18, 1.38452320965e-14, 1.61132202416e-13, 2.62748048145e-13, 3.70118649271e-13, 1.71832152999e-13, 1.60861490686e-13, 8.56727002166e-14, 1.21011694046e-13, 2.1773662246e-13, 2.69853231557e-13, 1.61142122866e-13, 9.67724367979e-14, 6.84746720046e-14, 9.55991132068e-14, 1.7449637655e-13, 1.54046927666e-13, 1.12370047078e-13, 1.45221074749e-13, 7.41315374971e-14, 2.85882699892e-14, 1.17794220762e-14, 1.61389274374e-15, 6.06889312889e-16, 3.19587278005e-16, 6.52860198032e-18, 1.18408306823e-19], [1.38452320965e-14, 2.27758367721e-10, 1.97404625979e-09, 2.19605622576e-09, 3.76577213856e-09, 1.09946962645e-09, 1.38411870854e-09, 4.99549346333e-10, 7.89891652087e-10, 1.9866359946e-10, 1.01774932926e-09, 9.24505416666e-10, 4.64229904518e-10, 3.41180916852e-10, 5.53842027795e-10, 1.71628167234e-09, 1.32869226732e-09, 7.63219265565e-10, 1.36188860189e-09, 5.83893433603e-10, 2.20533466488e-10, 9.89357970549e-11, 1.9483361105e-11, 5.33440522657e-12, 3.01310777544e-12, 6.01789126344e-14, 8.8940704099e-16], [1.61132202416e-13, 1.97404625979e-09, 4.2122422883e-08, 3.56428913051e-08, 4.37584475321e-08, 1.24672920876e-08, 1.32609745407e-08, 6.30826724191e-09, 6.59918786283e-09, 4.12860412524e-09, 1.00408588111e-08, 1.37281279677e-08, 4.63239002713e-09, 3.44877104652e-09, 5.73001557314e-09, 1.53505030909e-08, 1.53318051588e-08, 8.80544615001e-09, 1.50570453883e-08, 7.310812844e-09, 2.53069565304e-09, 1.03456609946e-09, 1.4443884977e-10, 5.59792247279e-11, 3.2384869092e-11, 6.22822106389e-13, 8.49459611945e-15], [2.62748048145e-13, 2.19605622576e-09, 3.56428913051e-08, 9.26353038722e-08, 9.16468465562e-08, 3.38673942224e-08, 3.95835648703e-08, 1.35150468594e-08, 2.10478781071e-08, 3.24291988818e-08, 3.9321186307e-08, 4.31045670268e-08, 1.64199356334e-08, 1.16473799494e-08, 1.46730325667e-08, 3.7567048139e-08, 4.25644195445e-08, 2.58917332019e-08, 3.79412483653e-08, 1.88296738202e-08, 6.5782157499e-09, 2.88264634385e-09, 4.23132945349e-10, 1.57349119845e-10, 8.9737849096e-11, 1.71003413253e-12, 1.48693364343e-14], [3.70118649271e-13, 3.76577213856e-09, 4.37584475321e-08, 9.16468465562e-08, 5.02403167957e-07, 7.19475323763e-08, 1.00652570723e-07, 2.71858748846e-08, 4.11609732964e-08, 8.32490911762e-08, 8.99988279457e-08, 1.05797674621e-07, 4.09506419885e-08, 2.83574230764e-08, 3.01451024143e-08, 4.92385439088e-08, 6.49252811513e-08, 3.68788910521e-08, 5.49911760572e-08, 2.72710689586e-08, 8.32779445403e-09, 3.32218119681e-09, 5.66892643938e-10, 2.15162346273e-10, 1.16519766058e-10, 2.06453842737e-12, 2.97005326691e-14], [1.71832152999e-13, 1.09946962645e-09, 1.24672920876e-08, 3.38673942224e-08, 7.19475323763e-08, 3.26222817648e-08, 2.59864361141e-08, 8.49803072356e-09, 1.37404994049e-08, 2.61531241108e-08, 3.54451792361e-08, 2.3876966182e-08, 1.08739239835e-08, 9.32608656967e-09, 9.94213689154e-09, 2.27032916911e-08, 2.25677236898e-08, 1.32321051893e-08, 1.79374417542e-08, 8.42572411841e-09, 3.24813953512e-09, 1.58130042394e-09, 2.12491649276e-10, 7.56588819373e-11, 4.26594697067e-11, 8.08953978023e-13, 9.68743111445e-15], [1.60861490686e-13, 1.38411870854e-09, 1.32609745407e-08, 3.95835648703e-08, 1.00652570723e-07, 2.59864361141e-08, 5.78427972187e-08, 1.1766900343e-08, 2.04628936018e-08, 2.97071274247e-08, 4.4862389359e-08, 3.96821029369e-08, 1.5513265339e-08, 9.71500035973e-09, 1.21949526033e-08, 2.53238532366e-08, 2.61200074902e-08, 1.61326472181e-08, 2.45463720461e-08, 1.41022997724e-08, 4.33749303141e-09, 1.83077675242e-09, 3.16095039032e-10, 1.01304624411e-10, 5.81989768877e-11, 1.06668612745e-12, 1.13569830284e-14], [8.56727002166e-14, 4.99549346333e-10, 6.30826724191e-09, 1.35150468594e-08, 2.71858748846e-08, 8.49803072356e-09, 1.1766900343e-08, 8.61100257765e-09, 7.89699861059e-09, 2.39375026467e-08, 2.04945127535e-08, 1.8304476157e-08, 6.61072929731e-09, 3.83481912891e-09, 4.64806282352e-09, 8.77958239442e-09, 9.5579757442e-09, 6.61108678912e-09, 8.92978668787e-09, 4.6675596721e-09, 1.5603974779e-09, 7.81583187059e-10, 9.9355607075e-11, 3.54257213842e-11, 1.91366505975e-11, 3.59529192442e-13, 6.42200136521e-15], [1.21011694046e-13, 7.89891652087e-10, 6.59918786283e-09, 2.10478781071e-08, 4.11609732964e-08, 1.37404994049e-08, 2.04628936018e-08, 7.89699861059e-09, 1.75246164247e-08, 3.94088885969e-08, 3.88338214918e-08, 2.55704843966e-08, 1.14982583455e-08, 7.76433672911e-09, 9.14236064631e-09, 1.75765446642e-08, 1.87185769107e-08, 1.06558566415e-08, 1.46233194442e-08, 7.57323359579e-09, 2.48775222644e-09, 1.04075659202e-09, 1.7393222973e-10, 5.63323485081e-11, 3.30091891321e-11, 6.17215968005e-13, 8.18520378294e-15], [2.1773662246e-13, 1.9866359946e-10, 4.12860412524e-09, 3.24291988818e-08, 8.32490911762e-08, 2.61531241108e-08, 2.97071274247e-08, 2.39375026467e-08, 3.94088885969e-08, 3.95774691242e-07, 1.66196528539e-07, 1.56619421432e-07, 3.16326698169e-08, 3.01930427327e-08, 3.32246479218e-08, 2.94913817811e-08, 5.29814272454e-08, 2.36297452716e-08, 2.84079941792e-08, 1.18776224411e-08, 5.45972911326e-09, 1.71799896531e-09, 2.04697078732e-10, 1.00267662229e-10, 5.10366471307e-11, 8.89076247519e-13, 2.41472118722e-14], [2.69853231557e-13, 1.01774932926e-09, 1.00408588111e-08, 3.9321186307e-08, 8.99988279457e-08, 3.54451792361e-08, 4.4862389359e-08, 2.04945127535e-08, 3.88338214918e-08, 1.66196528539e-07, 1.81451881076e-07, 7.18067170169e-08, 2.7762023791e-08, 2.47939357934e-08, 3.00244842322e-08, 3.72450266184e-08, 4.84531845757e-08, 2.66020254713e-08, 3.42387203034e-08, 1.71339156196e-08, 5.54880896786e-09, 2.19658802258e-09, 3.2124858329e-10, 1.19398047005e-10, 6.10241371324e-11, 1.28550186988e-12, 2.27272814148e-14], [1.61142122866e-13, 9.24505416666e-10, 1.37281279677e-08, 4.31045670268e-08, 1.05797674621e-07, 2.3876966182e-08, 3.96821029369e-08, 1.8304476157e-08, 2.55704843966e-08, 1.56619421432e-07, 7.18067170169e-08, 1.33286491177e-07, 2.25356941996e-08, 1.5717553481e-08, 1.64757203436e-08, 2.66123230119e-08, 3.76028026494e-08, 1.9683051633e-08, 2.84710051091e-08, 1.43159386568e-08, 5.03908070826e-09, 1.95895388799e-09, 2.47444925661e-10, 1.11400645653e-10, 6.20077253433e-11, 1.03759188741e-12, 1.35186687081e-14], [9.67724367979e-14, 4.64229904518e-10, 4.63239002713e-09, 1.64199356334e-08, 4.09506419885e-08, 1.08739239835e-08, 1.5513265339e-08, 6.61072929731e-09, 1.14982583455e-08, 3.16326698169e-08, 2.7762023791e-08, 2.25356941996e-08, 2.0334795181e-08, 8.37952640609e-09, 7.74053354746e-09, 1.43849936407e-08, 1.4098151091e-08, 7.82258524623e-09, 1.11003153336e-08, 5.5973190527e-09, 1.77557091252e-09, 7.3205513873e-10, 1.27272234418e-10, 3.94219726307e-11, 2.4017433875e-11, 4.71945291007e-13, 6.00616748041e-15], [6.84746720046e-14, 3.41180916852e-10, 3.44877104652e-09, 1.16473799494e-08, 2.83574230764e-08, 9.32608656967e-09, 9.71500035973e-09, 3.83481912891e-09, 7.76433672911e-09, 3.01930427327e-08, 2.47939357934e-08, 1.5717553481e-08, 8.37952640609e-09, 9.42911793089e-09, 6.96029500702e-09, 1.06855795323e-08, 1.21008660869e-08, 6.11754691349e-09, 8.18847212258e-09, 3.62662166964e-09, 1.35568167803e-09, 5.46561962356e-10, 9.53886414301e-11, 2.80879278169e-11, 1.62282149524e-11, 2.98506851832e-13, 4.82996143623e-15], [9.55991132068e-14, 5.53842027795e-10, 5.73001557314e-09, 1.46730325667e-08, 3.01451024143e-08, 9.94213689154e-09, 1.21949526033e-08, 4.64806282352e-09, 9.14236064631e-09, 3.32246479218e-08, 3.00244842322e-08, 1.64757203436e-08, 7.74053354746e-09, 6.96029500702e-09, 1.1371331432e-08, 1.49489576273e-08, 1.37503466391e-08, 7.73376029883e-09, 1.0255864602e-08, 4.7725881025e-09, 1.78080561408e-09, 6.74253319843e-10, 1.08725785319e-10, 3.58979235227e-11, 1.99343978824e-11, 3.89827601623e-13, 6.05521788784e-15], [1.7449637655e-13, 1.71628167234e-09, 1.53505030909e-08, 3.7567048139e-08, 4.92385439088e-08, 2.27032916911e-08, 2.53238532366e-08, 8.77958239442e-09, 1.75765446642e-08, 2.94913817811e-08, 3.72450266184e-08, 2.66123230119e-08, 1.43849936407e-08, 1.06855795323e-08, 1.49489576273e-08, 5.40576969854e-08, 4.24601509508e-08, 1.63021383059e-08, 2.66337671917e-08, 1.20851941787e-08, 4.2891876717e-09, 2.13901563129e-09, 3.65995345142e-10, 9.08182973269e-11, 5.87679627184e-11, 1.13141765921e-12, 1.29629363206e-14], [1.54046927666e-13, 1.32869226732e-09, 1.53318051588e-08, 4.25644195445e-08, 6.49252811513e-08, 2.25677236898e-08, 2.61200074902e-08, 9.5579757442e-09, 1.87185769107e-08, 5.29814272454e-08, 4.84531845757e-08, 3.76028026494e-08, 1.4098151091e-08, 1.21008660869e-08, 1.37503466391e-08, 4.24601509508e-08, 5.66929259094e-08, 1.86543722691e-08, 2.9763604914e-08, 1.35118591871e-08, 4.86199880356e-09, 1.83132697895e-09, 3.21640214462e-10, 1.03628251813e-10, 6.10883635344e-11, 1.13991520216e-12, 1.04336578236e-14], [1.12370047078e-13, 7.63219265565e-10, 8.80544615001e-09, 2.58917332019e-08, 3.68788910521e-08, 1.32321051893e-08, 1.61326472181e-08, 6.61108678912e-09, 1.06558566415e-08, 2.36297452716e-08, 2.66020254713e-08, 1.9683051633e-08, 7.82258524623e-09, 6.11754691349e-09, 7.73376029883e-09, 1.63021383059e-08, 1.86543722691e-08, 1.25244898896e-08, 1.61192481585e-08, 7.34212113329e-09, 2.58614707427e-09, 1.11593478902e-09, 1.64926336477e-10, 5.93204860233e-11, 3.35397785933e-11, 6.45165398969e-13, 8.48530162692e-15], [1.45221074749e-13, 1.36188860189e-09, 1.50570453883e-08, 3.79412483653e-08, 5.49911760572e-08, 1.79374417542e-08, 2.45463720461e-08, 8.92978668787e-09, 1.46233194442e-08, 2.84079941792e-08, 3.42387203034e-08, 2.84710051091e-08, 1.11003153336e-08, 8.18847212258e-09, 1.0255864602e-08, 2.66337671917e-08, 2.9763604914e-08, 1.61192481585e-08, 2.97946272099e-08, 1.21643850548e-08, 3.8714040862e-09, 1.62221835964e-09, 2.77110223657e-10, 8.86093698416e-11, 5.41377810637e-11, 9.96050030649e-13, 1.25694107425e-14], [7.41315374971e-14, 5.83893433603e-10, 7.310812844e-09, 1.88296738202e-08, 2.72710689586e-08, 8.42572411841e-09, 1.41022997724e-08, 4.6675596721e-09, 7.57323359579e-09, 1.18776224411e-08, 1.71339156196e-08, 1.43159386568e-08, 5.5973190527e-09, 3.62662166964e-09, 4.7725881025e-09, 1.20851941787e-08, 1.35118591871e-08, 7.34212113329e-09, 1.21643850548e-08, 7.1013035452e-09, 1.9329342571e-09, 8.21147039254e-10, 1.30726290903e-10, 4.3794468052e-11, 2.62552497104e-11, 4.88477856254e-13, 5.44556677108e-15], [2.85882699892e-14, 2.20533466488e-10, 2.53069565304e-09, 6.5782157499e-09, 8.32779445403e-09, 3.24813953512e-09, 4.33749303141e-09, 1.5603974779e-09, 2.48775222644e-09, 5.45972911326e-09, 5.54880896786e-09, 5.03908070826e-09, 1.77557091252e-09, 1.35568167803e-09, 1.78080561408e-09, 4.2891876717e-09, 4.86199880356e-09, 2.58614707427e-09, 3.8714040862e-09, 1.9329342571e-09, 8.10056244305e-10, 3.08256170589e-10, 4.7011006199e-11, 1.55644802602e-11, 9.08870808475e-12, 1.6648436644e-13, 1.84262615609e-15], [1.17794220762e-14, 9.89357970549e-11, 1.03456609946e-09, 2.88264634385e-09, 3.32218119681e-09, 1.58130042394e-09, 1.83077675242e-09, 7.81583187059e-10, 1.04075659202e-09, 1.71799896531e-09, 2.19658802258e-09, 1.95895388799e-09, 7.3205513873e-10, 5.46561962356e-10, 6.74253319843e-10, 2.13901563129e-09, 1.83132697895e-09, 1.11593478902e-09, 1.62221835964e-09, 8.21147039254e-10, 3.08256170589e-10, 1.89729718048e-10, 2.30853478694e-11, 6.64629636049e-12, 4.0199354262e-12, 7.58778145025e-14, 7.00256589995e-16], [1.61389274374e-15, 1.9483361105e-11, 1.4443884977e-10, 4.23132945349e-10, 5.66892643938e-10, 2.12491649276e-10, 3.16095039032e-10, 9.9355607075e-11, 1.7393222973e-10, 2.04697078732e-10, 3.2124858329e-10, 2.47444925661e-10, 1.27272234418e-10, 9.53886414301e-11, 1.08725785319e-10, 3.65995345142e-10, 3.21640214462e-10, 1.64926336477e-10, 2.77110223657e-10, 1.30726290903e-10, 4.7011006199e-11, 2.30853478694e-11, 4.71841316019e-12, 1.08982115866e-12, 6.82337595714e-13, 1.26151268048e-14, 1.28664304688e-16], [6.06889312889e-16, 5.33440522657e-12, 5.59792247279e-11, 1.57349119845e-10, 2.15162346273e-10, 7.56588819373e-11, 1.01304624411e-10, 3.54257213842e-11, 5.63323485081e-11, 1.00267662229e-10, 1.19398047005e-10, 1.11400645653e-10, 3.94219726307e-11, 2.80879278169e-11, 3.58979235227e-11, 9.08182973269e-11, 1.03628251813e-10, 5.93204860233e-11, 8.86093698416e-11, 4.3794468052e-11, 1.55644802602e-11, 6.64629636049e-12, 1.08982115866e-12, 3.83220527794e-13, 2.16241304377e-13, 3.91186538932e-15, 4.19735795007e-17], [3.19587278005e-16, 3.01310777544e-12, 3.2384869092e-11, 8.9737849096e-11, 1.16519766058e-10, 4.26594697067e-11, 5.81989768877e-11, 1.91366505975e-11, 3.30091891321e-11, 5.10366471307e-11, 6.10241371324e-11, 6.20077253433e-11, 2.4017433875e-11, 1.62282149524e-11, 1.99343978824e-11, 5.87679627184e-11, 6.10883635344e-11, 3.35397785933e-11, 5.41377810637e-11, 2.62552497104e-11, 9.08870808475e-12, 4.0199354262e-12, 6.82337595714e-13, 2.16241304377e-13, 1.34919717542e-13, 2.36427944347e-15, 2.08204801251e-17], [6.52860198032e-18, 6.01789126344e-14, 6.22822106389e-13, 1.71003413253e-12, 2.06453842737e-12, 8.08953978023e-13, 1.06668612745e-12, 3.59529192442e-13, 6.17215968005e-13, 8.89076247519e-13, 1.28550186988e-12, 1.03759188741e-12, 4.71945291007e-13, 2.98506851832e-13, 3.89827601623e-13, 1.13141765921e-12, 1.13991520216e-12, 6.45165398969e-13, 9.96050030649e-13, 4.88477856254e-13, 1.6648436644e-13, 7.58778145025e-14, 1.26151268048e-14, 3.91186538932e-15, 2.36427944347e-15, 4.74744463794e-17, 4.60677510947e-19], [1.18408306823e-19, 8.8940704099e-16, 8.49459611945e-15, 1.48693364343e-14, 2.97005326691e-14, 9.68743111445e-15, 1.13569830284e-14, 6.42200136521e-15, 8.18520378294e-15, 2.41472118722e-14, 2.27272814148e-14, 1.35186687081e-14, 6.00616748041e-15, 4.82996143623e-15, 6.05521788784e-15, 1.29629363206e-14, 1.04336578236e-14, 8.48530162692e-15, 1.25694107425e-14, 5.44556677108e-15, 1.84262615609e-15, 7.00256589995e-16, 1.28664304688e-16, 4.19735795007e-17, 2.08204801251e-17, 4.60677510947e-19, 4.10986916857e-20]]
    },
    "mfcc": {
        "kurt": [8.84297180176, 12.3342857361, 6.59253883362, 4.62738275528, 2.3676738739, 1.63384771347, 0.417189359665, 0.158866882324, 0.0530047416687, 0.785645723343, 1.21268415451, 0.445824861526, 0.186058521271],
        "max": [-605.854675293, 182.010345459, 14.7227172852, 66.9709396362, 13.6417541504, 21.4446754456, 21.7835426331, 10.8414325714, 5.76622390747, 4.05416870117, 6.10941505432, 8.74417877197, 14.7327537537],
        "mean": [-769.501647949, 153.380981445, -66.0807647705, 28.6589183807, -13.8307285309, 0.262793034315, -1.93783283234, -10.4829874039, -16.5701904297, -19.5504741669, -9.39695835114, -11.7181587219, -4.34976005554],
        "median": [-760.177001953, 160.133850098, -67.9577865601, 31.3623847961, -12.0178565979, 2.05190849304, -1.85130119324, -10.3302173615, -17.1817245483, -19.6526279449, -8.61161613464, -11.5657348633, -4.36146354675],
        "min": [-1138.42004395, 1.14440917969e-05, -115.925270081, -30.0930252075, -56.7794570923, -40.8714866638, -24.6948547363, -32.7381210327, -34.7528305054, -40.7603607178, -34.3671340942, -30.2768554688, -19.1905403137],
        "skew": [-2.3243253231, -2.90174484253, 1.73628282547, -1.79812788963, -1.25079619884, -0.939729213715, 0.158733949065, 0.0278641488403, 0.31555724144, 0.130121141672, -0.720927298069, 0.0853421911597, 0.0417462997139],
        "var": [5154.828125, 584.594665527, 269.779968262, 171.969284058, 96.7341766357, 81.6028060913, 42.3857002258, 45.4107208252, 59.8261909485, 41.3745956421, 34.4833908081, 25.9535808563, 27.3589572906],
        "cov": [[5160.82910156, 1093.90124512, -748.676391602, 632.17767334, -74.7072219849, 224.415969849, 10.330657959, 31.6065597534, -17.4168205261, -115.075523376, -23.0736942291, -98.7860336304, 41.8684883118], [1093.90124512, 585.27520752, -173.306991577, 180.481826782, 43.1354484558, 100.734031677, 14.2607526779, -29.8048381805, -74.1445770264, -26.8095302582, 19.6080226898, -21.2024002075, 11.6660499573], [-748.676391602, -173.306991577, 270.094055176, -50.0123405457, 70.7190475464, -11.9764814377, 5.07959508896, 3.74386548996, 11.4634895325, 55.653427124, 29.5156707764, 36.4624900818, 12.7598590851], [632.17767334, 180.481826782, -50.0123405457, 172.16947937, 48.4274406433, 68.3082351685, 17.5560207367, 8.54845046997, -4.35288143158, 4.66144895554, 24.733001709, 1.76441335678, 18.4404640198], [-74.7072219849, 43.1354484558, 70.7190475464, 48.4274406433, 96.846786499, 38.1537895203, 10.0089941025, 3.79138612747, -10.7403516769, 27.0682792664, 18.1596565247, 12.087802887, 14.4836874008], [224.415969849, 100.734031677, -11.9764814377, 68.3082351685, 38.1537895203, 81.697807312, 15.9250555038, 2.86117601395, -7.78615427017, 11.1682395935, 24.7973766327, 6.48506784439, 17.1668357849], [10.330657959, 14.2607526779, 5.07959508896, 17.5560207367, 10.0089941025, 15.9250555038, 42.435043335, 18.5183391571, 14.529756546, 16.573009491, 6.38465023041, 9.26952934265, 3.39604997635], [31.6065597534, -29.8048381805, 3.74386548996, 8.54845046997, 3.79138612747, 2.86117601395, 18.5183391571, 45.4635848999, 37.1635246277, 14.1328516006, 1.2542078495, 4.9394402504, 5.15934562683], [-17.4168205261, -74.1445770264, 11.4634895325, -4.35288143158, -10.7403516769, -7.78615427017, 14.529756546, 37.1635246277, 59.8958358765, 18.1390247345, -3.61320471764, 5.677257061, -1.09386253357], [-115.075523376, -26.8095302582, 55.653427124, 4.66144895554, 27.0682792664, 11.1682395935, 16.573009491, 14.1328516006, 18.1390247345, 41.4227600098, 18.8423233032, 14.5274753571, 9.16052532196], [-23.0736942291, 19.6080226898, 29.5156707764, 24.733001709, 18.1596565247, 24.7973766327, 6.38465023041, 1.2542078495, -3.61320471764, 18.8423233032, 34.5235328674, 17.633687973, 10.2669801712], [-98.7860336304, -21.2024002075, 36.4624900818, 1.76441335678, 12.087802887, 6.48506784439, 9.26952934265, 4.9394402504, 5.677257061, 14.5274753571, 17.633687973, 25.983795166, 11.8652458191], [41.8684883118, 11.6660499573, 12.7598590851, 18.4404640198, 14.4836874008, 17.1668357849, 3.39604997635, 5.15934562683, -1.09386253357, 9.16052532196, 10.2669801712, 11.8652458191, 27.3908061981]]
    },
    "sccoeffs": {
        "kurt": [2.50424957275, -0.242467880249, 2.25232172012, 1.27833127975, 3.0318069458, 9.58679103851],
        "max": [-0.365891903639, -0.677904844284, -0.620727062225, -0.705404281616, -0.705445170403, -0.678669989109],
        "mean": [-0.553248763084, -0.80355244875, -0.818342387676, -0.808526396751, -0.81045717001, -0.766671895981],
        "median": [-0.553843915462, -0.807255029678, -0.821309268475, -0.807650148869, -0.810247540474, -0.767159938812],
        "min": [-0.966813921928, -0.959191858768, -0.960912108421, -0.9530788064, -0.960008502007, -0.95939719677],
        "skew": [-0.613608360291, 0.255815058947, 0.64543569088, -0.478369742632, -0.47370827198, -1.37770450115],
        "var": [0.00468614045531, 0.00219964142889, 0.00150093098637, 0.000901131425053, 0.000661259982735, 0.000546750612557],
        "cov": [[0.00469159567729, 0.00117929722182, 0.000624520063866, 0.000750516017433, 0.00060239539016, 0.000508779718075], [0.00117929722182, 0.00220220210031, 0.000482162518892, 0.000294622266665, 0.000286775670247, 0.000190826278413], [0.000624520063866, 0.000482162518892, 0.00150267838035, 0.000325703847921, 0.000404754595365, 0.00029731716495], [0.000750516017433, 0.000294622266665, 0.000325703847921, 0.000902180501726, 0.000269107433269, 0.000225009047426], [0.00060239539016, 0.000286775670247, 0.000404754595365, 0.000269107433269, 0.00066202977905, 0.000291707779979], [0.000508779718075, 0.000190826278413, 0.00029731716495, 0.000225009047426, 0.000291707779979, 0.000547387113329]]
    },
    "scvalleys": {
        "kurt": [59.5594558716, 176.947875977, 160.822540283, 144.028427124, 125.2474823, 76.1113357544],
        "max": [-5.92793893814, -4.8148317337, -4.61253261566, -5.45348596573, -6.10744714737, -8.76143264771],
        "mean": [-7.91841936111, -6.50915813446, -6.65120458603, -7.04733085632, -7.87706565857, -11.0935134888],
        "median": [-7.63249921799, -6.35812854767, -6.5424413681, -6.87664890289, -7.77245521545, -11.0543251038],
        "min": [-26.9933815002, -27.5346832275, -27.2093009949, -27.3002414703, -27.2091236115, -27.2404994965],
        "skew": [-5.23816251755, -10.1193370819, -9.44023990631, -9.09944248199, -8.39137172699, -5.94526052475],
        "var": [1.64655780792, 1.14524555206, 1.1494576931, 1.1843483448, 1.1682189703, 1.05603075027],
        "cov": [[1.64847457409, 1.16612625122, 1.10884451866, 1.2038025856, 1.17652797699, 1.13019120693], [1.16612625122, 1.14657878876, 1.07928705215, 1.10452234745, 1.08349788189, 0.994712114334], [1.10884451866, 1.07928705215, 1.15079581738, 1.10603272915, 1.1055688858, 1.01415336132], [1.2038025856, 1.10452234745, 1.10603272915, 1.18572711945, 1.14141130447, 1.05463409424], [1.17652797699, 1.08349788189, 1.1055688858, 1.14141130447, 1.16957902908, 1.08274126053], [1.13019120693, 0.994712114334, 1.01415336132, 1.05463409424, 1.08274126053, 1.05726015568]]
    }
},
"rhythm": {
    "beats_loudness": {
        "kurt": 12.4500770569,
        "max": 0.0143728945404,
        "mean": 0.00272898818366,
        "median": 0.00218574283645,
        "min": 0.000101923964394,
        "skew": 3.48234820366,
        "var": 6.08418622505e-06
    },
    "bpm": 125.970001221,
    "confidence": 1.91769444942,
    "first_peak_bpm": {
        "kurt": 0,
        "max": 126,
        "mean": 126,
        "median": 126,
        "min": 126,
        "skew": 0,
        "var": 0
    },
    "first_peak_spread": {
        "kurt": 0,
        "max": 0.599999964237,
        "mean": 0.599999964237,
        "median": 0.599999964237,
        "min": 0.599999964237,
        "skew": 0,
        "var": 0
    },
    "first_peak_weight": {
        "kurt": 0,
        "max": 0.277777791023,
        "mean": 0.277777791023,
        "median": 0.277777791023,
        "min": 0.277777791023,
        "skew": 0,
        "var": 0
    },
    "onset_rate": 1.65566909313,
    "second_peak_bpm": {
        "kurt": 0,
        "max": 96,
        "mean": 96,
        "median": 96,
        "min": 96,
        "skew": 0,
        "var": 0
    },
    "second_peak_spread": {
        "kurt": 0,
        "max": 0.400000035763,
        "mean": 0.400000035763,
        "median": 0.400000035763,
        "min": 0.400000035763,
        "skew": 0,
        "var": 0
    },
    "second_peak_weight": {
        "kurt": 0,
        "max": 0.0833333358169,
        "mean": 0.0833333358169,
        "median": 0.0833333358169,
        "min": 0.0833333358169,
        "skew": 0,
        "var": 0
    },
    "beats_loudness_band_ratio": {
        "kurt": [3.10744810104, -0.685283899307, 1.26033973694, 3.10005521774, -0.0481507778168, 12.6189374924],
        "max": [0.294311493635, 0.502501010895, 0.287653982639, 0.885334074497, 0.200611740351, 0.0929491147399],
        "mean": [0.109343208373, 0.308195143938, 0.130304098129, 0.340560883284, 0.142270028591, 0.0326158255339],
        "median": [0.0969669148326, 0.391696602106, 0.142486900091, 0.256114095449, 0.144553616643, 0.0286592748016],
        "min": [0.0112235881388, 0.0114354342222, 0.0341544188559, 0.174910336733, 0.0364116355777, 0.013663193211],
        "skew": [1.58247888088, -0.669616937637, 0.426199257374, 1.89259088039, -0.376436382532, 3.14553165436],
        "var": [0.00320489425212, 0.0165244415402, 0.0023438599892, 0.0271506719291, 0.00173964607529, 0.000153948727529],
        "cov": [[0.0032939191442, 0.00250945216976, 2.02202900255e-05, -0.0054201814346, 0.000305204041069, 0.000296498445095], [0.00250945216976, 0.016983455047, -7.45798970456e-05, -0.0188572388142, 0.00309655512683, -0.000300679996144], [2.02202900255e-05, -7.45798970456e-05, 0.0024089673534, -0.00194940611254, -9.03613981791e-05, 0.000174565517227], [-0.0054201814346, -0.0188572388142, -0.00194940611254, 0.0279048588127, -0.00497746188194, -0.0004166214203], [0.000305204041069, 0.00309655512683, -9.03613981791e-05, -0.00497746188194, 0.00178796960972, 5.91832395003e-05], [0.000296498445095, -0.000300679996144, 0.000174565517227, -0.0004166214203, 5.91832395003e-05, 0.000158225084306]]
    },
    "beats_position": [0.673378646374, 1.33514738083, 1.9620860815, 2.55419492722, 3.20435357094, 3.87773227692, 4.52789115906, 5.15482997894, 5.78176879883, 6.26938772202, 6.78022670746, 7.2910656929, 7.76707458496, 8.25469398499, 8.73070240021, 9.19510173798, 9.67111110687, 10.1587295532, 10.6347389221, 11.0991382599, 11.5635375977, 12.0279359818, 12.5039453506, 13.0031747818, 13.4907932281, 13.9784126282, 14.4544210434, 14.9420404434, 15.4180498123, 15.8824491501, 16.3584575653, 16.8460769653, 17.3220863342, 17.786485672, 18.2508831024, 18.7268924713, 19.2145118713],
    "bpm_estimates": [123.046905518, 126.048065186, 123.046783447, 126.048194885, 129.199157715, 126.047935486, 123.047027588, 126.047935486, 129.199157715, 129.199157715, 129.199417114, 126.047935486, 123.047027588, 123.046783447, 126.048194885, 123.046783447, 126.047935486, 129.199157715, 126.048194885, 123.046783447, 126.047935486, 129.199157715, 129.199676514, 126.047935486, 123.046783447],
    "bpm_intervals": [0.661768734455, 0.626938700676, 0.592108845711, 0.650158643723, 0.673378705978, 0.650158882141, 0.626938819885, 0.626938819885, 0.487618923187, 0.510838985443, 0.510838985443, 0.476008892059, 0.487619400024, 0.476008415222, 0.464399337769, 0.476009368896, 0.48761844635, 0.476009368896, 0.464399337769, 0.464399337769, 0.464398384094, 0.476009368896, 0.499229431152, 0.48761844635, 0.487619400024, 0.476008415222, 0.487619400024, 0.476009368896, 0.464399337769, 0.476008415222, 0.487619400024, 0.476009368896, 0.464399337769, 0.46439743042, 0.476009368896, 0.487619400024],
    "onset_times": [0.441179126501, 0.580498874187, 0.696598649025, 0.812698423862, 0.99845802784, 1.10294783115, 1.19582772255, 1.35836732388, 1.45124721527, 1.69505667686, 1.764716506, 1.99691605568, 2.0549659729, 2.33360552788, 2.57741498947, 2.77478456497, 2.80961441994, 3.03020405769, 3.23918366432, 3.42494320869, 3.58748292923, 3.77324271202, 3.93578219414, 4.08671188354, 4.21442174911, 4.34213161469, 4.46984148026, 4.58594083786, 4.7020406723, 4.80653047562, 4.8994102478, 5.00390005112, 5.0967798233],
    "histogram": [[0, 0, 0, 0, 0, 0, 0, 0, 0, 0, 0, 0, 0, 0, 0, 0, 0, 0, 0, 0, 0, 0, 0, 0, 0, 0, 0, 0, 0, 0, 0, 0, 0, 0, 0, 0, 0, 0, 0, 0, 0, 0, 0, 0, 0, 0, 0, 0, 0, 0, 0, 0, 0, 0, 0, 0, 0, 0, 0, 0, 0, 0, 0, 0, 0, 0, 0, 0, 0, 0, 0, 0, 0, 0, 0, 0, 0, 0, 0, 0, 0, 0, 0, 0, 0, 0, 0, 0, 0, 0.0277777779847, 0, 0.0277777779847, 0.0555555559695, 0, 0, 0, 0.0833333358169, 0, 0, 0, 0, 0.0277777779847, 0, 0, 0, 0, 0, 0, 0, 0, 0, 0, 0, 0, 0, 0, 0, 0.0555555559695, 0, 0, 0.0277777779847, 0, 0, 0.222222223878, 0, 0, 0.277777791023, 0, 0, 0.194444447756, 0, 0, 0, 0, 0, 0, 0, 0, 0, 0, 0, 0, 0, 0, 0, 0, 0, 0, 0, 0, 0, 0, 0, 0, 0, 0, 0, 0, 0, 0, 0, 0, 0, 0, 0, 0, 0, 0, 0, 0, 0, 0, 0, 0, 0, 0, 0, 0, 0, 0, 0, 0, 0, 0, 0, 0, 0, 0, 0, 0, 0, 0, 0, 0, 0, 0, 0, 0, 0, 0, 0, 0, 0, 0, 0, 0, 0, 0, 0, 0, 0, 0, 0, 0, 0, 0, 0, 0, 0, 0, 0, 0, 0, 0, 0, 0, 0, 0, 0, 0, 0, 0, 0, 0, 0, 0, 0, 0, 0, 0, 0, 0, 0, 0, 0, 0, 0, 0, 0, 0]]
},
"sfx": {
    "inharmonicity": {
        "kurt": -0.0901825428009,
        "max": 0.397549927235,
        "mean": 0.118137784302,
        "median": 0.110351286829,
        "min": 0,
        "skew": 0.585482358932,
        "var": 0.00554933957756
    },
    "oddtoevenharmonicenergyratio": {
        "kurt": 28.2345924377,
        "max": 9.7037229538,
        "mean": 0.736015737057,
        "median": 0.516921579838,
        "min": 0,
        "skew": 3.74506092072,
        "var": 0.564804852009
    },
    "pitch_after_max_to_before_max_energy_ratio": 2.51649713516,
    "pitch_centroid": 372.253356934,
    "pitch_max_to_total": 0.120930232108,
    "pitch_min_to_total": 0.654651165009,
    "tristimulus": {
        "kurt": [4.09448957443, 3.45204210281, 1.8941655159],
        "max": [1, 0.827292323112, 0.867132544518],
        "mean": [0.227767825127, 0.277778685093, 0.49445310235],
        "median": [0.21814879775, 0.250260651112, 0.521722435951],
        "min": [0, 0, 0],
        "skew": [1.5863314867, 1.58407652378, -1.32312333584],
        "var": [0.0253086481243, 0.0133482730016, 0.0330165885389],
        "cov": [[0.0253381114453, -0.00282346084714, -0.0225146543235], [-0.00282346084714, 0.0133638130501, -0.0105403484777], [-0.0225146543235, -0.0105403484777, 0.0330550260842]]
    }
},
"tonal": {
    "chords_changes_rate": 0.132250577211,
    "chords_number_rate": 0.0185614842921,
    "chords_strength": {
        "kurt": 1.67012739182,
        "max": 0.515048444271,
        "mean": 0.404312700033,
        "median": 0.394914209843,
        "min": 0.273410856724,
        "skew": 0.5683786273,
        "var": 0.00106998358388
    },
    "key_strength": 0.51282542944,
    "tuning_diatonic_strength": 0.646392583847,
    "tuning_equal_tempered_deviation": 0.250611811876,
    "tuning_frequency": 434.444000244,
    "tuning_nontempered_energy_ratio": 0.879418611526,
    "hpcp": {
