{
"metadata": {
    "version": {
        "essentia": "2.1-beta3"
    }
},
"lowLevel": {
    "average_loudness": 0.815976679325,
    "barkbands_kurtosis": {
        "kurt": 19.817987442,
        "max": 59.6530685425,
        "mean": 4.08203077316,
        "median": 3.9070649147,
        "min": -1.79212093353,
        "skew": 2.77304148674,
        "var": 33.9747886658
    },
    "barkbands_skewness": {
        "kurt": 2.00636863708,
        "max": 7.13613557816,
        "mean": 0.903882682323,
        "median": 1.02893054485,
        "min": -1.95369160175,
        "skew": 0.304717034101,
        "var": 1.27057051659
    },
    "barkbands_spread": {
        "kurt": -1.12789654732,
        "max": 60.4563980103,
        "mean": 20.9626636505,
        "median": 11.3154125214,
        "min": 2.31474947929,
        "skew": 0.665940344334,
        "var": 347.312896729
    },
    "dissonance": {
        "kurt": 0.789074420929,
        "max": 0.499833405018,
        "mean": 0.456447929144,
        "median": 0.474297344685,
        "min": 0.308919996023,
        "skew": -1.20772361755,
        "var": 0.00173046917189
    },
    "hfc": {
        "kurt": 116.048141479,
        "max": 7.16705274582,
        "mean": 0.108627744019,
        "median": 0.0337485671043,
        "min": 1.20065543845e-16,
        "skew": 10.3035707474,
        "var": 0.279416054487
    },
    "pitch": {
        "kurt": -0.774934768677,
        "max": 4216.46923828,
        "mean": 1199.13049316,
        "median": 314.746826172,
        "min": 43.0243911743,
        "skew": 1.06755197048,
        "var": 2421561.75
    },
    "pitch_instantaneous_confidence": {
        "kurt": 2.29471445084,
        "max": 0.741132676601,
        "mean": 0.311538100243,
        "median": 0.296797275543,
        "min": 0.117478609085,
        "skew": 1.13899564743,
        "var": 0.00978009868413
    },
    "pitch_salience": {
        "kurt": 1.31101942062,
        "max": 0.922226667404,
        "mean": 0.710645735264,
        "median": 0.723565995693,
        "min": 0.392506450415,
        "skew": -0.807595670223,
        "var": 0.0052398215048
    },
    "silence_rate_20dB": {
        "kurt": 0,
        "max": 1,
        "mean": 1,
        "median": 1,
        "min": 1,
        "skew": 0,
        "var": 0
    },
    "silence_rate_30dB": {
        "kurt": 0,
        "max": 1,
        "mean": 1,
        "median": 1,
        "min": 1,
        "skew": 0,
        "var": 0
    },
    "silence_rate_60dB": {
        "kurt": 0,
        "max": 1,
        "mean": 1,
        "median": 1,
        "min": 1,
        "skew": 0,
        "var": 0
    },
    "spectral_centroid": {
        "kurt": 14.9215373993,
        "max": 10758.5400391,
        "mean": 1051.55432129,
        "median": 462.045227051,
        "min": 163.331054688,
        "skew": 2.3962123394,
        "var": 1077196.375
    },
    "spectral_complexity": {
        "kurt": 42.2149963379,
        "max": 10,
        "mean": 0.389937102795,
        "median": 0,
        "min": 0,
        "skew": 5.28751945496,
        "var": 0.929706573486
    },
    "spectral_crest": {
        "kurt": 0.504811048508,
        "max": 22.2918815613,
        "mean": 7.87156486511,
        "median": 7.29418230057,
        "min": 2.71219396591,
        "skew": 0.746111929417,
        "var": 10.6418905258
    },
    "spectral_decrease": {
        "kurt": 56.8980331421,
        "max": 9.79826451241e-31,
        "mean": -3.35648557559e-11,
        "median": -2.80308051076e-11,
        "min": -6.59000631842e-10,
        "skew": -6.49207019806,
        "var": 3.3011897752e-21
    },
    "spectral_energy": {
        "kurt": 68.8383483887,
        "max": 0.00313729140908,
        "mean": 0.000136534246849,
        "median": 0.000110700100777,
        "min": 1.0886605629e-20,
        "skew": 7.29461860657,
        "var": 6.66257804482e-08
    },
    "spectral_energyband_high": {
        "kurt": 207.795379639,
        "max": 0.000648348999675,
        "mean": 4.93844800076e-06,
        "median": 1.28719022996e-07,
        "min": 7.95288760971e-21,
        "skew": 13.453625679,
        "var": 1.37163791436e-09
    },
    "spectral_energyband_low": {
        "kurt": 28.0404987335,
        "max": 0.000493260100484,
        "mean": 3.21927946061e-05,
        "median": 1.62507494679e-05,
        "min": 2.67723266915e-23,
        "skew": 3.67492723465,
        "var": 1.94181182245e-09
    },
    "spectral_energyband_middle_high": {
        "kurt": 134.831283569,
        "max": 0.00211457721889,
        "mean": 2.3337544917e-05,
        "median": 1.72469117388e-06,
        "min": 1.58254393414e-21,
        "skew": 10.8700933456,
        "var": 1.94389873087e-08
    },
    "spectral_energyband_middle_low": {
        "kurt": 41.2687721252,
        "max": 0.00125628942624,
        "mean": 7.87711396697e-05,
        "median": 6.4250176365e-05,
        "min": 3.83512895361e-22,
        "skew": 5.02700376511,
        "var": 1.30293029699e-08
    },
    "spectral_flatness_db": {
        "kurt": -1.60250282288,
        "max": 0.306094497442,
        "mean": 0.171308502555,
        "median": 0.171746432781,
        "min": 0.0468231104314,
        "skew": -0.0685482919216,
        "var": 0.00672989198938
    },
    "spectral_flux": {
        "kurt": 13.2985477448,
        "max": 0.0472231134772,
        "mean": 0.00623216526583,
        "median": 0.00657644821331,
        "min": 1.04338898632e-10,
        "skew": 2.95358490944,
        "var": 4.12246808992e-05
    },
    "spectral_kurtosis": {
        "kurt": -1.16434586048,
        "max": 35.4329338074,
        "mean": 11.097530365,
        "median": 6.75734901428,
        "min": -1.16789746284,
        "skew": 0.515109837055,
        "var": 91.6867980957
    },
    "spectral_rms": {
        "kurt": 5.9581155777,
        "max": 0.00174950622022,
        "mean": 0.000277994811768,
        "median": 0.000328633701429,
        "min": 3.25899962399e-12,
        "skew": 1.44435632229,
        "var": 5.59229960118e-08
    },
    "spectral_rolloff": {
        "kurt": 11.0294380188,
        "max": 18712.3535156,
        "mean": 1930.58789062,
        "median": 538.330078125,
        "min": 172.265625,
        "skew": 1.76930332184,
        "var": 3571023
    },
    "spectral_skewness": {
        "kurt": -1.5766108036,
        "max": 4.99644565582,
        "mean": 2.56384539604,
        "median": 2.30362868309,
        "min": 0.0366141237319,
        "skew": 0.193201839924,
        "var": 1.58410918713
    },
    "spectral_spread": {
        "kurt": 25.0161361694,
        "max": 39855892,
        "mean": 5445365.5,
        "median": 4278276,
        "min": 1748204.625,
        "skew": 3.10972380638,
        "var": 1.16270951301e+13
    },
    "spectral_strongpeak": {
        "kurt": 96.0988082886,
        "max": 0.847817361355,
        "mean": 0.0289311558008,
        "median": 0.0156346224248,
        "min": 6.73191236089e-09,
        "skew": 8.5042181015,
        "var": 0.00359256542288
    },
    "zerocrossingrate": {
        "kurt": 7.66836452484,
        "max": 0.49609375,
        "mean": 0.0627323687077,
        "median": 0.0380859375,
        "min": 0.00732421875,
        "skew": 1.62795543671,
        "var": 0.00288398074917
    },
    "barkbands": {
        "kurt": [7.6815290451, 11.465139389, 33.8873252869, 20.3164157867, 113.47353363, 11.1483688354, 40.7101249695, 82.0493011475, 405.865966797, 99.3482971191, 356.371917725, 432.806549072, 140.32774353, 284.792938232, 89.7724609375, 108.098617554, 117.312362671, 80.8478546143, 132.091400146, 139.457687378, 135.143218994, 228.856018066, 431.4168396, 339.67590332, 191.451446533, 107.979370117, 225.336700439],
        "max": [2.09663467103e-05, 0.000181324809091, 0.000252311583608, 0.000102168283775, 0.000785937299952, 0.000255662831478, 0.000216684289626, 0.000157973452588, 0.000715139380191, 7.89303376223e-05, 0.000358122895705, 0.000322976702591, 0.000230359102716, 0.000191950442968, 6.35308242636e-05, 0.000143800745718, 0.00017780487542, 0.000209234902286, 0.000434380664956, 0.000401838449761, 0.00021282810485, 0.00010394329729, 6.60392033751e-05, 4.49935323559e-05, 1.43178485814e-05, 1.95197912944e-07, 1.79265065015e-08],
        "mean": [2.1162950361e-06, 1.62051237567e-05, 1.15823049782e-05, 6.4182722781e-06, 2.88715436909e-05, 2.2141592126e-05, 1.11035369628e-05, 4.84805741507e-06, 4.90660067953e-06, 1.52539962528e-06, 1.98554857889e-06, 1.52379345764e-06, 2.1930497951e-06, 1.22761639432e-06, 9.99090730147e-07, 1.86917225165e-06, 2.19825938075e-06, 3.13842724609e-06, 4.35289985035e-06, 3.91874482375e-06, 2.09986569644e-06, 7.20600041859e-07, 2.52691194191e-07, 2.23718231496e-07, 1.09568304651e-07, 2.500329499e-09, 1.18174470209e-10],
        "median": [1.12526151952e-07, 4.84371548737e-06, 3.05872686113e-06, 1.87383830053e-06, 1.40968677442e-05, 1.05946601252e-05, 5.07813456352e-06, 1.77493575393e-06, 1.47138177908e-06, 3.12452073103e-07, 2.18856641254e-07, 1.79411699719e-07, 6.34889119056e-08, 5.41560716272e-08, 6.43682795953e-08, 7.37180698707e-08, 1.14589383315e-07, 1.39550238032e-07, 1.57081416319e-07, 1.23044387124e-07, 4.59397497821e-08, 1.41900695638e-08, 3.63950580784e-09, 3.4196285803e-09, 2.53707987952e-09, 1.40677233751e-10, 5.08512372835e-12],
        "min": [4.8537960688e-24, 1.68835324151e-23, 4.87548777154e-24, 3.99928339803e-24, 4.12940032455e-23, 8.97737467876e-23, 1.05854348174e-22, 4.40390814235e-23, 7.1571040146e-23, 4.83562741886e-23, 9.04565090565e-23, 1.07751280972e-22, 1.25464111303e-22, 9.04278765611e-23, 1.40583848553e-22, 1.97436549121e-22, 1.20234392641e-22, 3.90283240438e-22, 1.33297083573e-22, 4.08151078781e-22, 5.85107549246e-22, 6.27750820184e-22, 3.79509950071e-22, 7.54856683559e-22, 1.38564485804e-21, 1.58421697559e-21, 2.52137959105e-21],
        "skew": [2.50782132149, 2.48154091835, 4.6541223526, 3.66919732094, 8.1484003067, 2.72726655006, 5.39158964157, 8.02131938934, 19.5954818726, 9.25854301453, 18.2783260345, 20.4679908752, 11.5598735809, 15.8634681702, 8.93949699402, 10.0948257446, 10.2122964859, 8.43058586121, 11.0481109619, 11.3205547333, 10.9769916534, 14.0471582413, 20.4315624237, 17.6426067352, 13.3487033844, 9.3976392746, 14.0569639206],
        "var": [1.1544403454e-11, 4.81521600371e-10, 4.92772378458e-10, 1.24649165989e-10, 2.45656051057e-09, 1.03017649966e-09, 4.4920667186e-10, 1.4688418537e-10, 1.14287945774e-09, 3.62710590729e-11, 3.08950087735e-10, 2.266681981e-10, 2.73622791092e-10, 9.95450180619e-11, 2.56452671599e-11, 1.40951736394e-10, 1.65669353236e-10, 2.84088030877e-10, 9.29048005194e-10, 8.06413325005e-10, 2.03525904463e-10, 3.30127453152e-11, 9.50917122822e-12, 4.99342147492e-12, 8.13912522449e-13, 1.78696383595e-16, 9.96972461374e-19],
        "cov": [[1.15686566229e-11, 4.16033457684e-11, 2.28323644713e-11, 1.31482194923e-11, 5.74593740643e-11, 3.4142546429e-11, 2.42363646513e-11, 7.73721451491e-12, 5.99440419177e-13, 2.22794032572e-13, -1.5888597946e-12, -1.4522960742e-12, -3.0615659747e-12, -1.65441759684e-12, -1.38608287174e-12, -2.56448291422e-12, -2.63233944191e-12, -4.09545921481e-12, -3.12073956087e-12, -5.32207004161e-12, -2.5155261988e-12, -9.39175820447e-13, -2.00862587739e-13, -1.203250146e-13, -3.55606386351e-14, 2.49139113677e-15, 4.72041667686e-16], [4.16033457684e-11, 4.8253318008e-10, 2.61996091488e-10, 1.28062324634e-10, 6.36506847229e-10, 3.59206803191e-10, 1.36660877059e-10, 6.02737512678e-11, 3.48866387168e-11, 3.80857628421e-12, -1.24185080622e-11, -1.01100751035e-11, -1.84756307475e-11, -1.008443936e-11, -5.12788509571e-12, -1.35633657083e-11, -1.71899959545e-11, -2.76026163731e-11, -3.09999179104e-11, -2.76148149486e-11, -1.52354500543e-11, -4.84387009669e-12, -1.63270482204e-12, -1.37724217881e-12, -7.128285592e-13, -1.13736772008e-14, 7.36173698634e-16], [2.28323644713e-11, 2.61996091488e-10, 4.93807605917e-10, 1.62900568035e-10, 6.51094622661e-10, 2.72743716501e-10, 1.33210650843e-10, 6.66703844909e-11, 2.22965201857e-10, 1.97556745268e-11, 2.60261274337e-11, 6.71430662805e-12, 3.16708985426e-11, 1.52845167078e-11, 8.51575494148e-12, 1.75738156666e-11, 2.66145699229e-11, 1.0246911826e-11, 7.27126137079e-11, 7.97242549755e-11, 4.58676534254e-11, 2.3474729105e-11, 1.41233977638e-11, 1.02456550188e-11, 2.76497119471e-12, 5.82797902277e-14, 2.28275823977e-15], [1.31482194923e-11, 1.28062324634e-10, 1.62900568035e-10, 1.24911025967e-10, 3.63101965162e-10, 1.5418802346e-10, 1.05449766974e-10, 3.21690243887e-11, 5.29776118807e-11, 1.64570284483e-11, 5.53355451738e-12, 5.56981284011e-12, 7.93226682255e-12, 7.30640721536e-12, 8.60816886522e-12, 2.31578124732e-12, 4.24194013249e-12, 8.01383265303e-12, 1.47331140343e-11, 1.52293160721e-11, 6.24740753921e-12, 3.56286723215e-12, 1.7016289636e-12, 1.14149325842e-12, 2.17561754202e-13, 6.31328638049e-15, 6.42735011026e-18], [5.74593740643e-11, 6.36506847229e-10, 6.51094622661e-10, 3.63101965162e-10, 2.46172127127e-09, 8.60692350724e-10, 3.69649560961e-10, 1.6632124844e-10, 3.3931762955e-10, 8.07099456712e-11, 8.26340593174e-11, 5.94924734476e-11, 9.51493814294e-11, 6.18748732806e-11, 4.82432011006e-11, 5.56512058658e-11, 4.61431969023e-11, 7.578872252e-11, 1.7692096399e-10, 1.76354791881e-10, 8.64133140044e-11, 3.41249944968e-11, 1.31215802113e-11, 9.7485517922e-12, 3.47473655751e-12, 5.38355540431e-14, 2.66291467331e-15], [3.4142546429e-11, 3.59206803191e-10, 2.72743716501e-10, 1.5418802346e-10, 8.60692350724e-10, 1.03234076843e-09, 3.74272474124e-10, 1.64813121484e-10, 1.95151311777e-10, 6.45354047979e-11, 1.79366535513e-10, 1.58922514037e-10, 1.48959108937e-10, 1.07353639867e-10, 4.68867722425e-11, 7.94685428573e-11, 4.79669186315e-11, 1.24739968355e-10, 2.77920381153e-10, 1.93337998389e-10, 9.97199406383e-11, 2.92253235501e-11, 8.42964933967e-12, 7.44121951557e-12, 3.02765039602e-12, 5.4205524482e-14, 9.42926500125e-16], [2.42363646513e-11, 1.36660877059e-10, 1.33210650843e-10, 1.05449766974e-10, 3.69649560961e-10, 3.74272474124e-10, 4.50150389186e-10, 1.63663305131e-10, 1.43046033352e-10, 6.44185330079e-11, 5.1644962612e-11, 4.60537198654e-11, 8.30125135298e-11, 4.70305565325e-11, 4.34183869413e-11, 3.48580886378e-11, 4.64798789734e-11, 8.587226763e-11, 1.4250974012e-10, 1.33647676259e-10, 5.46935205459e-11, 2.28259373208e-11, 8.70091759059e-12, 6.66684155798e-12, 2.54750734396e-12, 3.16675295199e-14, 3.67697611208e-16], [7.73721451491e-12, 6.02737512678e-11, 6.66703844909e-11, 3.21690243887e-11, 1.6632124844e-10, 1.64813121484e-10, 1.63663305131e-10, 1.47192757982e-10, 2.65264393784e-10, 3.71838636271e-11, 7.64813559706e-11, 4.44456901838e-11, 1.07446850028e-10, 5.33693783611e-11, 3.15079316804e-11, 5.97233235089e-11, 7.1467873286e-11, 9.03358637894e-11, 2.12300621527e-10, 2.05788261431e-10, 1.05613746915e-10, 4.59278830245e-11, 2.34935335075e-11, 1.68328909839e-11, 5.41499570877e-12, 7.94308940995e-14, 1.49975526586e-15], [5.99440419177e-13, 3.48866387168e-11, 2.22965201857e-10, 5.29776118807e-11, 3.3931762955e-10, 1.95151311777e-10, 1.43046033352e-10, 2.65264393784e-10, 1.14528053707e-09, 9.98480950698e-11, 2.50864773399e-10, 8.92298873678e-11, 3.10679287852e-10, 1.49777856784e-10, 4.97404964439e-11, 1.64202082487e-10, 2.01481498152e-10, 1.78912468174e-10, 6.26110330249e-10, 6.37298769313e-10, 3.60732221871e-10, 1.67831207265e-10, 1.01020677934e-10, 7.13992823198e-11, 2.02443548036e-11, 3.21977552042e-13, 6.43051955204e-15], [2.22794032572e-13, 3.80857628421e-12, 1.97556745268e-11, 1.64570284483e-11, 8.07099456712e-11, 6.45354047979e-11, 6.44185330079e-11, 3.71838636271e-11, 9.98480950698e-11, 3.63472585363e-11, 4.24695487111e-11, 2.94282584412e-11, 5.44317126094e-11, 3.05343701712e-11, 1.79772724485e-11, 3.12495897214e-11, 3.26888065227e-11, 4.6856261926e-11, 9.67114097139e-11, 9.30915899922e-11, 4.53355408769e-11, 1.77571204268e-11, 7.96458298619e-12, 6.33877108788e-12, 2.44693046207e-12, 3.23044644149e-14, 5.51918727497e-16], [-1.5888597946e-12, -1.24185080622e-11, 2.60261274337e-11, 5.53355451738e-12, 8.26340593174e-11, 1.79366535513e-10, 5.1644962612e-11, 7.64813559706e-11, 2.50864773399e-10, 4.24695487111e-11, 3.09599151871e-10, 2.53726956112e-10, 2.30503130472e-10, 1.70404718114e-10, 4.31989201355e-11, 1.2693408824e-10, 7.66550156683e-11, 1.70908440178e-10, 4.40134817481e-10, 2.89351653748e-10, 1.7644456729e-10, 5.53649626145e-11, 2.34189837661e-11, 1.77603990542e-11, 6.22664680233e-12, 1.30645250477e-13, 1.73525085987e-15], [-1.4522960742e-12, -1.01100751035e-11, 6.71430662805e-12, 5.56981284011e-12, 5.94924734476e-11, 1.58922514037e-10, 4.60537198654e-11, 4.44456901838e-11, 8.92298873678e-11, 2.94282584412e-11, 2.53726956112e-10, 2.27144386633e-10, 1.81243686725e-10, 1.40797665193e-10, 3.87775922484e-11, 1.01372653327e-10, 5.1266348805e-11, 1.45388256989e-10, 3.40912159613e-10, 2.00318789334e-10, 1.21913715234e-10, 3.12232149857e-11, 8.54444553305e-12, 7.53307485835e-12, 3.41339630172e-12, 8.27947804175e-14, 8.76744321945e-16], [-3.0615659747e-12, -1.84756307475e-11, 3.16708985426e-11, 7.93226682255e-12, 9.51493814294e-11, 1.48959108937e-10, 8.30125135298e-11, 1.07446850028e-10, 3.10679287852e-10, 5.44317126094e-11, 2.30503130472e-10, 1.81243686725e-10, 2.74197636818e-10, 1.41821013266e-10, 5.61454008285e-11, 1.66345742736e-10, 1.464338234e-10, 2.01088590224e-10, 4.91310769846e-10, 4.38975605865e-10, 2.1740351186e-10, 7.79186229427e-11, 3.01554163584e-11, 2.58280497684e-11, 1.21191615771e-11, 1.29295283247e-13, 1.92121493173e-15], [-1.65441759684e-12, -1.008443936e-11, 1.52845167078e-11, 7.30640721536e-12, 6.18748732806e-11, 1.07353639867e-10, 4.70305565325e-11, 5.33693783611e-11, 1.49777856784e-10, 3.05343701712e-11, 1.70404718114e-10, 1.40797665193e-10, 1.41821013266e-10, 9.97541493852e-11, 3.12971697169e-11, 8.13251826992e-11, 5.68185914984e-11, 1.14692665087e-10, 2.68344041432e-10, 1.91321014587e-10, 1.09587991459e-10, 3.55429297105e-11, 1.41939350898e-11, 1.09518366598e-11, 4.18339364885e-12, 7.69448591756e-14, 1.02866709257e-15], [-1.38608287174e-12, -5.12788509571e-12, 8.51575494148e-12, 8.60816886522e-12, 4.82432011006e-11, 4.68867722425e-11, 4.34183869413e-11, 3.15079316804e-11, 4.97404964439e-11, 1.79772724485e-11, 4.31989201355e-11, 3.87775922484e-11, 5.61454008285e-11, 3.12971697169e-11, 2.56991442016e-11, 3.66335017876e-11, 3.4972726104e-11, 6.14661446741e-11, 1.03628813863e-10, 9.66473567843e-11, 4.50093712301e-11, 1.51665156128e-11, 4.43076521653e-12, 3.86370145947e-12, 1.92337378663e-12, 2.51803294876e-14, 3.21216016483e-16], [-2.56448291422e-12, -1.35633657083e-11, 1.75738156666e-11, 2.31578124732e-12, 5.56512058658e-11, 7.94685428573e-11, 3.48580886378e-11, 5.97233235089e-11, 1.64202082487e-10, 3.12495897214e-11, 1.2693408824e-10, 1.01372653327e-10, 1.66345742736e-10, 8.13251826992e-11, 3.66335017876e-11, 1.41247846752e-10, 1.38570876995e-10, 1.76900244453e-10, 3.06631553482e-10, 2.78889328298e-10, 1.46695072756e-10, 5.02602022501e-11, 1.79272378192e-11, 1.54772045874e-11, 8.18163072014e-12, 9.33669645504e-14, 1.3406878782e-15], [-2.63233944191e-12, -1.71899959545e-11, 2.66145699229e-11, 4.24194013249e-12, 4.61431969023e-11, 4.79669186315e-11, 4.64798789734e-11, 7.1467873286e-11, 2.01481498152e-10, 3.26888065227e-11, 7.66550156683e-11, 5.1266348805e-11, 1.464338234e-10, 5.68185914984e-11, 3.4972726104e-11, 1.38570876995e-10, 1.66017394276e-10, 1.80072248779e-10, 2.80056228208e-10, 2.82771833726e-10, 1.45670253637e-10, 5.58869096834e-11, 2.20356458774e-11, 1.82038013136e-11, 9.11036957679e-12, 1.00873648356e-13, 1.74601537808e-15], [-4.09545921481e-12, -2.76026163731e-11, 1.0246911826e-11, 8.01383265303e-12, 7.578872252e-11, 1.24739968355e-10, 8.587226763e-11, 9.03358637894e-11, 1.78912468174e-10, 4.6856261926e-11, 1.70908440178e-10, 1.45388256989e-10, 2.01088590224e-10, 1.14692665087e-10, 6.14661446741e-11, 1.76900244453e-10, 1.80072248779e-10, 2.8468485902e-10, 3.87636561738e-10, 3.27091409513e-10, 1.80680623241e-10, 5.97792718104e-11, 2.01419540768e-11, 1.6803091904e-11, 8.63065001411e-12, 1.30569600271e-13, 1.8095673072e-15], [-3.12073956087e-12, -3.09999179104e-11, 7.27126137079e-11, 1.47331140343e-11, 1.7692096399e-10, 2.77920381153e-10, 1.4250974012e-10, 2.12300621527e-10, 6.26110330249e-10, 9.67114097139e-11, 4.40134817481e-10, 3.40912159613e-10, 4.91310769846e-10, 2.68344041432e-10, 1.03628813863e-10, 3.06631553482e-10, 2.80056228208e-10, 3.87636561738e-10, 9.30999777271e-10, 7.96707311235e-10, 4.12152201257e-10, 1.49206480504e-10, 6.12674008749e-11, 5.01192039259e-11, 2.17822235943e-11, 2.81365859431e-13, 5.48013376215e-15], [-5.32207004161e-12, -2.76148149486e-11, 7.97242549755e-11, 1.52293160721e-11, 1.76354791881e-10, 1.93337998389e-10, 1.33647676259e-10, 2.05788261431e-10, 6.37298769313e-10, 9.30915899922e-11, 2.89351653748e-10, 2.00318789334e-10, 4.38975605865e-10, 1.91321014587e-10, 9.66473567843e-11, 2.78889328298e-10, 2.82771833726e-10, 3.27091409513e-10, 7.96707311235e-10, 8.0810746983e-10, 3.8370656652e-10, 1.49495540946e-10, 6.1851232469e-11, 5.17242845777e-11, 2.34105183156e-11, 2.30208565969e-13, 3.99524434803e-15], [-2.5155261988e-12, -1.52354500543e-11, 4.58676534254e-11, 6.24740753921e-12, 8.64133140044e-11, 9.97199406383e-11, 5.46935205459e-11, 1.05613746915e-10, 3.60732221871e-10, 4.53355408769e-11, 1.7644456729e-10, 1.21913715234e-10, 2.1740351186e-10, 1.09587991459e-10, 4.50093712301e-11, 1.46695072756e-10, 1.45670253637e-10, 1.80680623241e-10, 4.12152201257e-10, 3.8370656652e-10, 2.03953479105e-10, 7.83029960316e-11, 3.54462154073e-11, 2.75674726102e-11, 1.11454161872e-11, 1.48194661837e-13, 2.63398383948e-15], [-9.39175820447e-13, -4.84387009669e-12, 2.3474729105e-11, 3.56286723215e-12, 3.41249944968e-11, 2.92253235501e-11, 2.28259373208e-11, 4.59278830245e-11, 1.67831207265e-10, 1.77571204268e-11, 5.53649626145e-11, 3.12232149857e-11, 7.79186229427e-11, 3.55429297105e-11, 1.51665156128e-11, 5.02602022501e-11, 5.58869096834e-11, 5.97792718104e-11, 1.49206480504e-10, 1.49495540946e-10, 7.83029960316e-11, 3.30820995598e-11, 1.62789989822e-11, 1.22700486924e-11, 4.56904826474e-12, 5.80315756928e-14, 1.06393881505e-15], [-2.00862587739e-13, -1.63270482204e-12, 1.41233977638e-11, 1.7016289636e-12, 1.31215802113e-11, 8.42964933967e-12, 8.70091759059e-12, 2.34935335075e-11, 1.01020677934e-10, 7.96458298619e-12, 2.34189837661e-11, 8.54444553305e-12, 3.01554163584e-11, 1.41939350898e-11, 4.43076521653e-12, 1.79272378192e-11, 2.20356458774e-11, 2.01419540768e-11, 6.12674008749e-11, 6.1851232469e-11, 3.54462154073e-11, 1.62789989822e-11, 9.52914830377e-12, 6.69098717404e-12, 2.01037732468e-12, 3.10419923002e-14, 6.1542115813e-16], [-1.203250146e-13, -1.37724217881e-12, 1.02456550188e-11, 1.14149325842e-12, 9.7485517922e-12, 7.44121951557e-12, 6.66684155798e-12, 1.68328909839e-11, 7.13992823198e-11, 6.33877108788e-12, 1.77603990542e-11, 7.53307485835e-12, 2.58280497684e-11, 1.09518366598e-11, 3.86370145947e-12, 1.54772045874e-11, 1.82038013136e-11, 1.6803091904e-11, 5.01192039259e-11, 5.17242845777e-11, 2.75674726102e-11, 1.22700486924e-11, 6.69098717404e-12, 5.00391178146e-12, 1.714295806e-12, 2.29650706681e-14, 4.91995963979e-16], [-3.55606386351e-14, -7.128285592e-13, 2.76497119471e-12, 2.17561754202e-13, 3.47473655751e-12, 3.02765039602e-12, 2.54750734396e-12, 5.41499570877e-12, 2.02443548036e-11, 2.44693046207e-12, 6.22664680233e-12, 3.41339630172e-12, 1.21191615771e-11, 4.18339364885e-12, 1.92337378663e-12, 8.18163072014e-12, 9.11036957679e-12, 8.63065001411e-12, 2.17822235943e-11, 2.34105183156e-11, 1.11454161872e-11, 4.56904826474e-12, 2.01037732468e-12, 1.714295806e-12, 8.15622417695e-13, 7.65619697903e-15, 1.79078011643e-16], [2.49139113677e-15, -1.13736772008e-14, 5.82797902277e-14, 6.31328638049e-15, 5.38355540431e-14, 5.4205524482e-14, 3.16675295199e-14, 7.94308940995e-14, 3.21977552042e-13, 3.23044644149e-14, 1.30645250477e-13, 8.27947804175e-14, 1.29295283247e-13, 7.69448591756e-14, 2.51803294876e-14, 9.33669645504e-14, 1.00873648356e-13, 1.30569600271e-13, 2.81365859431e-13, 2.30208565969e-13, 1.48194661837e-13, 5.80315756928e-14, 3.10419923002e-14, 2.29650706681e-14, 7.65619697903e-15, 1.79071791244e-16, 5.48784416079e-18], [4.72041667686e-16, 7.36173698634e-16, 2.28275823977e-15, 6.42735011026e-18, 2.66291467331e-15, 9.42926500125e-16, 3.67697611208e-16, 1.49975526586e-15, 6.43051955204e-15, 5.51918727497e-16, 1.73525085987e-15, 8.76744321945e-16, 1.92121493173e-15, 1.02866709257e-15, 3.21216016483e-16, 1.3406878782e-15, 1.74601537808e-15, 1.8095673072e-15, 5.48013376215e-15, 3.99524434803e-15, 2.63398383948e-15, 1.06393881505e-15, 6.1542115813e-16, 4.91995963979e-16, 1.79078011643e-16, 5.48784416079e-18, 9.99066882685e-19]]
    },
    "mfcc": {
        "kurt": [0.348223924637, -1.51532661915, -0.0388267040253, 0.610131263733, 1.74204683304, -0.497529983521, 0.586829662323, 0.86292552948, 1.98120832443, 0.789384365082, 0.573060035706, 0.942244529724, 0.117723703384],
        "max": [-665.330932617, 180.006988525, 72.5274963379, 88.2820968628, 34.4290046692, 14.6357955933, 27.3240432739, 18.0885257721, 20.3582420349, 15.4859256744, 24.5506706238, 18.4267311096, 18.2624359131],
        "mean": [-998.791625977, 102.763069153, 23.7716560364, 28.3883285522, 3.77083277702, -12.4878721237, -0.147443667054, -1.92621600628, -4.71864795685, -2.51904082298, -2.49889349937, -1.1108455658, -0.278003066778],
        "median": [-978.918029785, 128.678771973, 20.6717224121, 29.6582984924, 5.27993774414, -14.4572067261, -0.127559661865, -0.853004455566, -4.64305877686, -2.07065200806, -2.1311378479, -1.36262512207, -0.331367492676],
        "min": [-1138.42004395, -7.83281326294, -81.333694458, -14.2253837585, -36.6104888916, -43.676448822, -20.7195663452, -28.8120117188, -34.0385513306, -24.1320266724, -19.8050441742, -23.5505867004, -21.9087333679],
        "skew": [0.303580969572, -0.378598719835, -0.684793531895, -0.0673671588302, -0.886369168758, 0.145645305514, 0.187992423773, -0.630772709846, -0.11626624316, -0.353003740311, 0.186233282089, -0.0754325091839, -0.156507372856],
        "var": [7410.76660156, 3620.31054688, 1189.4173584, 204.21661377, 114.813453674, 132.063522339, 60.260307312, 51.6003379822, 42.0841560364, 42.850856781, 39.5896644592, 30.0040016174, 42.423160553],
        "cov": [[7426.33544922, 3430.60131836, -319.838104248, 526.672973633, -391.174194336, -555.773681641, -75.3190231323, -152.346481323, -130.478759766, -125.952682495, 18.2524032593, 72.0526428223, 19.9804191589], [3430.60131836, 3627.91625977, 1198.23620605, 381.07901001, -13.0448684692, -449.11630249, -137.531890869, 25.5414104462, -136.563613892, -18.4873485565, 62.9766960144, 68.5364532471, 147.040603638], [-319.838104248, 1198.23620605, 1191.9161377, 143.748321533, 173.397537231, -61.7874145508, -76.4729385376, 92.9189605713, -40.5067062378, 52.4086380005, 56.4929580688, 17.9629058838, 94.9706115723], [526.672973633, 381.07901001, 143.748321533, 204.645645142, 55.2636413574, -16.2699356079, 17.9373531342, -4.17166900635, 3.63033390045, 11.5685863495, -0.36001637578, 0.212950095534, -0.837289452553], [-391.174194336, -13.0448684692, 173.397537231, 55.2636413574, 115.054656982, 56.5978012085, 14.5939025879, 29.2472362518, 14.2527418137, 21.2713527679, 4.70145654678, -4.83624362946, 3.96123099327], [-555.773681641, -449.11630249, -61.7874145508, -16.2699356079, 56.5978012085, 132.340957642, 45.0694236755, 9.01857376099, 29.4161987305, 13.2630748749, -4.48417663574, -15.7863903046, -20.4114933014], [-75.3190231323, -137.531890869, -76.4729385376, 17.9373531342, 14.5939025879, 45.0694236755, 60.3869018555, 11.8152685165, 14.8381156921, 9.09412670135, -5.66101121902, -0.548854470253, -9.16045284271], [-152.346481323, 25.5414104462, 92.9189605713, -4.17166900635, 29.2472362518, 9.01857376099, 11.8152685165, 51.7087440491, 18.5475540161, 9.69623661041, 10.8857879639, 6.65362262726, 8.74605751038], [-130.478759766, -136.563613892, -40.5067062378, 3.63033390045, 14.2527418137, 29.4161987305, 14.8381156921, 18.5475540161, 42.1725692749, 19.8330612183, 1.06246542931, -1.51330327988, -7.17615413666], [-125.952682495, -18.4873485565, 52.4086380005, 11.5685863495, 21.2713527679, 13.2630748749, 9.09412670135, 9.69623661041, 19.8330612183, 42.9408798218, 18.6461544037, 3.26543045044, 5.81410360336], [18.2524032593, 62.9766960144, 56.4929580688, -0.36001637578, 4.70145654678, -4.48417663574, -5.66101121902, 10.8857879639, 1.06246542931, 18.6461544037, 39.6728363037, 15.3184690475, 6.0665678978], [72.0526428223, 68.5364532471, 17.9629058838, 0.212950095534, -4.83624362946, -15.7863903046, -0.548854470253, 6.65362262726, -1.51330327988, 3.26543045044, 15.3184690475, 30.067035675, 19.6720695496], [19.9804191589, 147.040603638, 94.9706115723, -0.837289452553, 3.96123099327, -20.4114933014, -9.16045284271, 8.74605751038, -7.17615413666, 5.81410360336, 6.0665678978, 19.6720695496, 42.5122833252]]
    },
    "sccoeffs": {
        "kurt": [0.0819692611694, -0.0716257095337, 0.314765930176, 1.72804069519, 1.58745288849, 4.87993097305],
        "max": [-0.641500473022, -0.578349769115, -0.730194687843, -0.762428760529, -0.789604783058, -0.712337970734],
        "mean": [-0.816065609455, -0.823660314083, -0.863262534142, -0.877875268459, -0.876211881638, -0.863330304623],
        "median": [-0.817891657352, -0.823955178261, -0.863459169865, -0.88063788414, -0.877376019955, -0.868888258934],
        "min": [-0.968337714672, -0.949643552303, -0.970101833344, -0.960781991482, -0.958706974983, -0.958831191063],
        "skew": [0.315455287695, 0.326435059309, 0.308641284704, 0.8395216465, 0.716253578663, 1.52651023865],
        "var": [0.00308070052415, 0.00337677262723, 0.00129764492158, 0.000733071647119, 0.000533714599442, 0.00066651328234],
        "cov": [[0.00308717251755, 0.00128996162675, 0.000740009709261, 0.000687532650772, 0.000707919360138, 0.00070733850589], [0.00128996162675, 0.00338386674412, 0.00105561327655, 0.000368532870198, 0.000417006143834, 0.000276071252301], [0.000740009709261, 0.00105561327655, 0.00130037113559, 0.000250237411819, 0.000337500852766, 0.000241955960519], [0.000687532650772, 0.000368532870198, 0.000250237411819, 0.000734611705411, 0.00032661689329, 0.000408317311667], [0.000707919360138, 0.000417006143834, 0.000337500852766, 0.00032661689329, 0.000534835853614, 0.000366543710697], [0.00070733850589, 0.000276071252301, 0.000241955960519, 0.000408317311667, 0.000366543710697, 0.000667913467623]]
    },
    "scvalleys": {
        "kurt": [14.74467659, 20.4800739288, 30.6477165222, 45.4216003418, 64.0873031616, 61.404510498],
        "max": [-5.82307910919, -5.70794057846, -6.35223054886, -6.52728462219, -6.63577032089, -7.91943788528],
        "mean": [-8.42333507538, -8.78180789948, -9.6906414032, -10.3745346069, -10.4043483734, -12.397110939],
        "median": [-7.86023187637, -7.94942712784, -9.27360439301, -10.3153553009, -10.4663124084, -12.6106281281],
        "min": [-27.0030288696, -27.5135974884, -27.0814208984, -27.1561641693, -27.3435115814, -27.2416973114],
        "skew": [-2.25460028648, -2.71820545197, -3.37991809845, -4.02846956253, -4.77457094193, -4.15218496323],
        "var": [4.01270723343, 3.47332024574, 2.48729681969, 1.91903746128, 1.64056229591, 1.29185247421],
        "cov": [[4.02113723755, 3.43581485748, 2.61352443695, 1.90375995636, 1.47567617893, 1.01500737667], [3.43581485748, 3.48061728477, 2.749792099, 2.11931538582, 1.70296573639, 1.20916223526], [2.61352443695, 2.749792099, 2.49252223969, 2.03351092339, 1.73020577431, 1.30455565453], [1.90375995636, 2.11931538582, 2.03351092339, 1.92306900024, 1.70219612122, 1.37538862228], [1.47567617893, 1.70296573639, 1.73020577431, 1.70219612122, 1.64400887489, 1.3770070076], [1.01500737667, 1.20916223526, 1.30455565453, 1.37538862228, 1.3770070076, 1.2945663929]]
    }
},
"rhythm": {
    "beats_loudness": {
        "kurt": 0.769106626511,
        "max": 0.000504658266436,
        "mean": 0.000127665756736,
        "median": 0.000105151848402,
        "min": 1.87704586097e-07,
        "skew": 1.16330981255,
        "var": 1.7382943085e-08
    },
    "bpm": 143.904296875,
    "confidence": 1.96924209595,
    "first_peak_bpm": {
        "kurt": 0,
        "max": 144,
        "mean": 144,
        "median": 144,
        "min": 144,
        "skew": 0,
        "var": 0
    },
    "first_peak_spread": {
        "kurt": 0,
        "max": 0.384615361691,
        "mean": 0.384615361691,
        "median": 0.384615361691,
        "min": 0.384615361691,
        "skew": 0,
        "var": 0
    },
    "first_peak_weight": {
        "kurt": 0,
        "max": 0.333333343267,
        "mean": 0.333333343267,
        "median": 0.333333343267,
        "min": 0.333333343267,
        "skew": 0,
        "var": 0
    },
    "onset_rate": 2.71746945381,
    "second_peak_bpm": {
        "kurt": 0,
        "max": 129,
        "mean": 129,
        "median": 129,
        "min": 129,
        "skew": 0,
        "var": 0
    },
    "second_peak_spread": {
        "kurt": 0,
        "max": 0,
        "mean": 0,
        "median": 0,
        "min": 0,
        "skew": 0,
        "var": 0
    },
    "second_peak_weight": {
        "kurt": 0,
        "max": 0.166666671634,
        "mean": 0.166666671634,
        "median": 0.166666671634,
        "min": 0.166666671634,
        "skew": 0,
        "var": 0
    },
    "beats_loudness_band_ratio": {
        "kurt": [-1.23666644096, -0.570307731628, 0.328006982803, 3.07605171204, 2.93438863754, -1.21345078945],
        "max": [0.600576341152, 0.794927418232, 0.456648945808, 0.245294436812, 0.406722396612, 0.252315580845],
        "mean": [0.304849982262, 0.370837062597, 0.174931406975, 0.0552858226001, 0.0776903554797, 0.0837702527642],
        "median": [0.348000645638, 0.37643840909, 0.146734684706, 0.0476311743259, 0.0391310229897, 0.044116999954],
        "min": [0.0438815541565, 0.0925023183227, 0.0157930944115, 0.00236337655224, 0.00173690647352, 0.00146122020669],
        "skew": [-0.181750848889, 0.316494166851, 1.00956952572, 1.63030457497, 1.75242221355, 0.753157019615],
        "var": [0.0264586862177, 0.0318689420819, 0.0126173272729, 0.00307370256633, 0.00959347840399, 0.00978374388069],
        "cov": [[0.0275611300021, 0.00343718193471, -0.00758719956502, -0.00654975511134, -0.00994999520481, -0.00692279823124], [0.00343718193471, 0.0331968143582, -0.00331383314915, -0.00546047324315, -0.0106499614194, -0.0123669365421], [-0.00758719956502, -0.00331383314915, 0.0131430486217, 0.00395255768672, -0.00135164137464, -0.00289972312748], [-0.00654975511134, -0.00546047324315, 0.00395255768672, 0.00320177339017, 0.00279174675234, 0.00195588590577], [-0.00994999520481, -0.0106499614194, -0.00135164137464, 0.00279174675234, 0.00999320670962, 0.0077519104816], [-0.00692279823124, -0.0123669365421, -0.00289972312748, 0.00195588590577, 0.0077519104816, 0.0101914005354]]
    },
    "beats_position": [0.417959183455, 0.812698423862, 1.18421769142, 1.60217678547, 2.04335594177, 2.46131515503, 2.86766433716, 3.25079369545, 3.59909296036, 4.01705217361, 4.43501138687, 4.841360569, 5.24770975113, 5.71210861206, 6.15328788757, 6.6176867485, 7.04725599289, 7.47682523727, 7.89478445053, 8.35918331146, 8.77714252472, 9.21832180023, 9.63628101349, 10.0542402267, 10.5186395645],
    "bpm_estimates": [143.554718018, 143.554672241, 147.656265259, 143.554672241, 143.554672241, 147.656265259, 147.656265259, 139.674804688, 139.674804688, 143.554672241, 143.554672241, 143.554672241, 143.554672241],
    "bpm_intervals": [0.394739240408, 0.371519267559, 0.417959094048, 0.441179156303, 0.417959213257, 0.406349182129, 0.383129358292, 0.348299264908, 0.417959213257, 0.417959213257, 0.406349182129, 0.406349182129, 0.464398860931, 0.441179275513, 0.464398860931, 0.429569244385, 0.429569244385, 0.417959213257, 0.464398860931, 0.417959213257, 0.441179275513, 0.417959213257, 0.417959213257, 0.464399337769],
    "onset_times": [0.441179126501, 0.545668959618, 0.661768734455, 0.824308395386, 1.01006805897, 1.6137868166, 1.69505667686, 2.06657600403, 2.21750569344, 2.96054410934, 3.28562355042, 3.61070299149, 3.72680282593, 4.85297060013, 5.0387301445, 5.25931978226, 5.54956912994, 5.70049905777, 5.89786863327, 6.07201814651, 6.18811798096, 6.47836732864, 6.62929725647, 6.8382768631, 8.82358264923, 8.96290206909, 9.39247131348, 10.077460289, 10.7856693268, 11.0410881042],
    "histogram": [[0, 0, 0, 0, 0, 0, 0, 0, 0, 0, 0, 0, 0, 0, 0, 0, 0, 0, 0, 0, 0, 0, 0, 0, 0, 0, 0, 0, 0, 0, 0, 0, 0, 0, 0, 0, 0, 0, 0, 0, 0, 0, 0, 0, 0, 0, 0, 0, 0, 0, 0, 0, 0, 0, 0, 0, 0, 0, 0, 0, 0, 0, 0, 0, 0, 0, 0, 0, 0, 0, 0, 0, 0, 0, 0, 0, 0, 0, 0, 0, 0, 0, 0, 0, 0, 0, 0, 0, 0, 0, 0, 0, 0, 0, 0, 0, 0, 0, 0, 0, 0, 0, 0, 0, 0, 0, 0, 0, 0, 0, 0, 0, 0, 0, 0, 0, 0, 0, 0, 0, 0, 0, 0, 0, 0, 0, 0, 0, 0, 0.166666671634, 0, 0, 0, 0, 0, 0, 0.125, 0, 0, 0, 0.0833333358169, 0, 0, 0, 0.333333343267, 0, 0, 0, 0.125, 0, 0, 0, 0.0416666679084, 0, 0, 0, 0, 0.0416666679084, 0, 0, 0, 0.0416666679084, 0, 0, 0, 0, 0, 0, 0, 0, 0, 0, 0.0416666679084, 0, 0, 0, 0, 0, 0, 0, 0, 0, 0, 0, 0, 0, 0, 0, 0, 0, 0, 0, 0, 0, 0, 0, 0, 0, 0, 0, 0, 0, 0, 0, 0, 0, 0, 0, 0, 0, 0, 0, 0, 0, 0, 0, 0, 0, 0, 0, 0, 0, 0, 0, 0, 0, 0, 0, 0, 0, 0, 0, 0, 0, 0, 0, 0, 0, 0, 0, 0, 0, 0, 0, 0, 0, 0, 0, 0, 0]]
},
"sfx": {
    "inharmonicity": {
        "kurt": 1.26023244858,
        "max": 0.384609788656,
        "mean": 0.0631734058261,
        "median": 0.0282821860164,
        "min": 0,
        "skew": 1.44709157944,
        "var": 0.00657967524603
    },
    "oddtoevenharmonicenergyratio": {
        "kurt": 367.6612854,
        "max": 117.990844727,
        "mean": 0.908841311932,
        "median": 0.184665426612,
        "min": 0,
        "skew": 18.4151210785,
        "var": 32.6799583435
    },
    "pitch_after_max_to_before_max_energy_ratio": 10.410317421,
    "pitch_centroid": 144.828796387,
    "pitch_max_to_total": 0.0754716992378,
    "pitch_min_to_total": 0.331236898899,
    "tristimulus": {
        "kurt": [-1.33736896515, -0.461275577545, 0.538980007172],
        "max": [1, 0.955277621746, 0.891434907913],
        "mean": [0.509020268917, 0.289373606443, 0.201606094837],
        "median": [0.446675717831, 0.259030520916, 0.146768972278],
        "min": [0, 0, 0],
        "skew": [0.187521755695, 0.631129264832, 1.09730947018],
        "var": [0.124061472714, 0.0637547150254, 0.0399925298989],
        "cov": [[0.124322108924, -0.0740671008825, -0.0502550341189], [-0.0740671008825, 0.0638886541128, 0.0101784747094], [-0.0502550341189, 0.0101784747094, 0.0400765500963]]
    }
},
"tonal": {
    "chords_changes_rate": 0.0920502096415,
    "chords_number_rate": 0.0292887035757,
    "chords_strength": {
        "kurt": -1.2452300787,
        "max": 0.805979669094,
        "mean": 0.538089394569,
        "median": 0.564668536186,
        "min": 0.281306952238,
        "skew": -0.0301268082112,
        "var": 0.0228448007256
    },
    "key_strength": 0.628434360027,
    "tuning_diatonic_strength": 0.616803407669,
    "tuning_equal_tempered_deviation": 0.1910469383,
    "tuning_frequency": 434.193115234,
    "tuning_nontempered_energy_ratio": 0.878300309181,
    "hpcp": {
        "kurt": [1.19506645203, 0.0760006904602, -0.641055107117, -0.792315006256, -0.241091966629, -0.0258209705353, -0.172420501709, 0.367307424545, 1.11778450012, 0.882574558258, 0.95582652092, 1.42634391785, 1.28660726547, 0.363169670105, 0.158723115921, 1.09228897095, 1.05806970596, 2.09290266037, 1.70126342773, 3.08840560913, 4.01708078384, 1.7320561409, 0.338572263718, -0.365942955017, -0.856210708618, -0.0933291912079, 1.04169607162, 1.2085108757, 0.916866779327, 1.08141517639, 1.32739210129, 1.46676874161, 0.0406973361969, 0.735816001892, 2.27810192108, 0.688571929932],
        "max": [1, 1, 1, 1, 1, 1, 1, 1, 1, 1, 1, 1, 1, 1, 1, 1, 1, 0.986622095108, 1, 1, 1, 1, 1, 1, 1, 1, 1, 1, 1, 1, 1, 1, 1, 1, 1, 1],
