{
"metadata": {
    "version": {
        "essentia": "2.1-beta3"
    }
},
"lowLevel": {
    "average_loudness": 0.988391339779,
    "barkbands_kurtosis": {
        "kurt": 37.3966445923,
        "max": 19.7440319061,
        "mean": 2.37775373459,
        "median": 2.25152635574,
        "min": -0.638375997543,
        "skew": 3.44910120964,
        "var": 2.16830253601
    },
    "barkbands_skewness": {
        "kurt": 2.67086744308,
        "max": 3.23917961121,
        "mean": 1.51002311707,
        "median": 1.48661398888,
        "min": 0.749882996082,
        "skew": 0.670623481274,
        "var": 0.0777480602264
    },
    "barkbands_spread": {
        "kurt": 0.573762893677,
        "max": 10.3168935776,
        "mean": 6.04405498505,
        "median": 5.855427742,
        "min": 2.93665528297,
        "skew": 0.71821552515,
        "var": 1.57810556889
    },
    "dissonance": {
        "kurt": 1.0115032196,
        "max": 0.498151689768,
        "mean": 0.409482389688,
        "median": 0.418220877647,
        "min": 0.202727973461,
        "skew": -0.898716628551,
        "var": 0.002361305058
    },
    "hfc": {
        "kurt": 1.12284135818,
        "max": 0.27374792099,
        "mean": 0.141510441899,
        "median": 0.137526273727,
        "min": 9.96391027002e-05,
        "skew": 0.482335299253,
        "var": 0.00101883895695
    },
    "pitch": {
        "kurt": 2.54658985138,
        "max": 463.934539795,
        "mean": 143.024475098,
        "median": 95.2033157349,
        "min": 49.109336853,
        "skew": 1.33542060852,
        "var": 4687.29199219
    },
    "pitch_instantaneous_confidence": {
        "kurt": -0.289951324463,
        "max": 0.492305338383,
        "mean": 0.311156541109,
        "median": 0.3105661273,
        "min": 0.106235682964,
        "skew": 0.0431827902794,
        "var": 0.00472051138058
    },
    "pitch_salience": {
        "kurt": 1.07033014297,
        "max": 0.787500143051,
        "mean": 0.558678686619,
        "median": 0.562246441841,
        "min": 0.329504072666,
        "skew": -0.432458788157,
        "var": 0.00304237217642
    },
    "silence_rate_20dB": {
        "kurt": 0,
        "max": 1,
        "mean": 1,
        "median": 1,
        "min": 1,
        "skew": 0,
        "var": 0
    },
    "silence_rate_30dB": {
        "kurt": 0,
        "max": 1,
        "mean": 1,
        "median": 1,
        "min": 1,
        "skew": 0,
        "var": 0
    },
    "silence_rate_60dB": {
        "kurt": 0,
        "max": 1,
        "mean": 1,
        "median": 1,
        "min": 1,
        "skew": 0,
        "var": 0
    },
    "spectral_centroid": {
        "kurt": 0.496548652649,
        "max": 313.47454834,
        "mean": 205.956344604,
        "median": 202.692108154,
        "min": 151.040649414,
        "skew": 0.644171118736,
        "var": 698.635375977
    },
    "spectral_complexity": {
        "kurt": -0.423050403595,
        "max": 4,
        "mean": 1.72891569138,
        "median": 2,
        "min": 0,
        "skew": 0.616231143475,
        "var": 0.615267157555
    },
    "spectral_crest": {
        "kurt": 0.662734985352,
        "max": 20.3486614227,
        "mean": 13.5194568634,
        "median": 13.4751529694,
        "min": 6.90630149841,
        "skew": 0.0860095769167,
        "var": 3.64933943748
    },
    "spectral_decrease": {
        "kurt": 1.98524570465,
        "max": -1.4416858549e-13,
        "mean": -1.78289535913e-10,
        "median": -1.77664299938e-10,
        "min": -2.63816857249e-10,
        "skew": 0.299524456263,
        "var": 9.24470865859e-22
    },
    "spectral_energy": {
        "kurt": 1.96679735184,
        "max": 0.00101460760925,
        "mean": 0.000685740320478,
        "median": 0.00068305095192,
        "min": 5.53162863071e-07,
        "skew": -0.293250203133,
        "var": 1.37126203725e-08
    },
    "spectral_energyband_high": {
        "kurt": 57.4474868774,
        "max": 4.85932616812e-07,
        "mean": 5.30522150655e-08,
        "median": 4.65912428638e-08,
        "min": 1.4527461456e-09,
        "skew": 5.68139123917,
        "var": 1.15257266028e-15
    },
    "spectral_energyband_low": {
        "kurt": 1.86145448685,
        "max": 0.000562990084291,
        "mean": 0.000384372717235,
        "median": 0.000380850106012,
        "min": 3.23829368654e-07,
        "skew": -0.100493736565,
        "var": 4.42317560356e-09
    },
    "spectral_energyband_middle_high": {
        "kurt": 2.49356269836,
        "max": 0.000146318227053,
        "mean": 4.33945606346e-05,
        "median": 3.85778985219e-05,
        "min": 1.15768585829e-08,
        "skew": 1.3094676733,
        "var": 4.73727279626e-10
    },
    "spectral_energyband_middle_low": {
        "kurt": 0.133500337601,
        "max": 0.000535073224455,
        "mean": 0.000280655105598,
        "median": 0.000277313316474,
        "min": 2.14861842096e-07,
        "skew": 0.197843641043,
        "var": 6.60806120933e-09
    },
    "spectral_flatness_db": {
        "kurt": 23.3849067688,
        "max": 0.394432872534,
        "mean": 0.349046200514,
        "median": 0.350032687187,
        "min": 0.180152669549,
        "skew": -2.81639814377,
        "var": 0.000294646219118
    },
    "spectral_flux": {
        "kurt": 2.64547538757,
        "max": 0.0206144768745,
        "mean": 0.0100609380752,
        "median": 0.00991330295801,
        "min": 0.00529208080843,
        "skew": 0.82608383894,
        "var": 3.03159663417e-06
    },
    "spectral_kurtosis": {
        "kurt": -0.203242301941,
        "max": 139.317214966,
        "mean": 80.6449813843,
        "median": 83.8269271851,
        "min": 4.56803750992,
        "skew": -0.317393392324,
        "var": 478.279724121
    },
    "spectral_rms": {
        "kurt": 21.8221893311,
        "max": 0.000994917587377,
        "mean": 0.000814332335722,
        "median": 0.000816327868961,
        "min": 2.32308211707e-05,
        "skew": -2.29209589958,
        "var": 5.87883386416e-09
    },
    "spectral_rolloff": {
        "kurt": 5.07176780701,
        "max": 818.26171875,
        "mean": 338.045532227,
        "median": 301.46484375,
        "min": 193.798828125,
        "skew": 1.7215154171,
        "var": 10903.7119141
    },
    "spectral_skewness": {
        "kurt": -0.178155899048,
        "max": 9.20491504669,
        "mean": 6.92293643951,
        "median": 7.02413797379,
        "min": 2.31381249428,
        "skew": -0.387064933777,
        "var": 1.18750917912
    },
    "spectral_spread": {
        "kurt": 292.1640625,
        "max": 23332008,
        "mean": 1226765.25,
        "median": 1118576,
        "min": 660566,
        "skew": 16.3309268951,
        "var": 1.32197646336e+12
    },
    "spectral_strongpeak": {
        "kurt": 20.0585422516,
        "max": 0.0927748009562,
        "mean": 0.058905299753,
        "median": 0.0586635805666,
        "min": 0,
        "skew": -1.31128573418,
        "var": 4.38932656834e-05
    },
    "zerocrossingrate": {
        "kurt": 0.783586978912,
        "max": 0.02001953125,
        "mean": 0.0129355313256,
        "median": 0.01318359375,
        "min": 0.00048828125,
        "skew": -0.0617797672749,
        "var": 6.04973138252e-06
    },
    "barkbands": {
        "kurt": [484.609069824, 2.12693786621, 1.32989406586, 0.330921649933, 1.26859998703, 3.68568229675, 2.02612876892, 8.56480312347, 1.89807081223, 4.90693998337, 2.65385150909, 4.6821975708, 4.90729856491, 1.26087379456, 2.38663816452, 2.02255916595, 2.98863840103, 3.39494514465, 3.94436407089, 72.4023666382, 17.1368045807, 19.5414676666, 403.149139404, 474.170043945, 482.58416748, 491.690124512, 491.750701904],
        "max": [6.7159039645e-06, 0.000499660731293, 9.59030294325e-05, 0.000261757522821, 0.000386547850212, 0.000113900001452, 0.00012581658666, 5.32246558578e-05, 1.33297808134e-05, 0.000113691909064, 6.53128008707e-05, 2.0411944206e-05, 2.92534559776e-06, 1.39236476571e-06, 3.35564095622e-07, 2.24528207582e-07, 2.30603774298e-07, 3.45926679302e-07, 1.71269903149e-07, 4.34444928032e-07, 1.32557033794e-07, 3.78890518959e-08, 2.69937086017e-08, 2.62170090082e-08, 2.47771350104e-08, 2.40331647916e-08, 2.56704844048e-08],
        "mean": [3.50075843869e-08, 0.000340440426953, 2.49564145633e-05, 7.4162700912e-05, 0.000131242733914, 2.44365892286e-05, 3.44913642039e-05, 7.55279643272e-06, 3.48627736457e-06, 2.33214595937e-05, 1.61472798936e-05, 3.89053457184e-06, 6.65596928684e-07, 4.41130879381e-07, 1.04839187998e-07, 7.684299419e-08, 7.25046973571e-08, 9.41323037296e-08, 4.95540781742e-08, 4.32686313445e-08, 2.20518039384e-08, 6.14508932628e-09, 7.28996751853e-10, 4.12993944598e-10, 2.72553923875e-10, 9.60064805433e-11, 8.61894236537e-11],
        "median": [1.62077942178e-08, 0.000337971665431, 2.18799323193e-05, 6.70662993798e-05, 0.000129203748656, 2.09231948247e-05, 2.99500843539e-05, 5.60645094083e-06, 3.0527698982e-06, 1.89498387044e-05, 1.3339029465e-05, 2.85660189547e-06, 5.99137933932e-07, 3.75950605758e-07, 9.18077915912e-08, 7.14660757239e-08, 6.91681947274e-08, 8.65905462888e-08, 4.55606681271e-08, 3.7617809312e-08, 1.88382891508e-08, 5.27219912172e-09, 5.74543745913e-10, 3.27214561002e-10, 2.01966637858e-10, 3.52189735708e-11, 2.01898948948e-11],
        "min": [9.78661665596e-11, 1.41480398952e-07, 9.38426438779e-08, 8.1659734974e-08, 1.03854510769e-07, 1.46060106232e-08, 8.8207032789e-09, 3.84907661299e-09, 1.01293318178e-09, 4.70371785966e-09, 1.0535241568e-09, 1.05499275982e-09, 1.47024370456e-09, 9.26090315545e-10, 1.2018743778e-09, 4.98026286877e-10, 2.86884044298e-10, 3.2520999782e-10, 3.22334381408e-10, 2.96006774647e-10, 2.49266718377e-10, 2.36645758545e-10, 1.80994552679e-10, 1.0315771154e-10, 7.68064292722e-11, 5.42376690435e-12, 1.00189550666e-13],
        "skew": [21.972278595, -0.280490517616, 1.07899487019, 0.832956731319, 0.65142929554, 1.49613833427, 1.3282507658, 2.21088933945, 1.16807794571, 1.84406495094, 1.44295763969, 1.95808160305, 1.69201004505, 1.15757966042, 1.3185993433, 1.13901638985, 1.14945805073, 1.40977561474, 1.46831655502, 6.28999376297, 3.082924366, 3.44523477554, 19.2104873657, 21.6138267517, 21.8991451263, 22.2043972015, 22.2064533234],
        "var": [9.0578247485e-14, 3.54940166147e-09, 2.2304792735e-10, 1.77805181689e-09, 2.82045120592e-09, 2.31171734533e-10, 4.41978259547e-10, 3.9925944495e-11, 3.71638700716e-12, 2.9153557346e-10, 1.10235529038e-10, 1.0140638329e-11, 1.46001280185e-13, 6.34845501906e-14, 2.80888619045e-15, 1.0479331746e-15, 7.84082729164e-16, 1.81478291257e-15, 4.31978465119e-16, 8.1430872931e-16, 1.62925622734e-16, 1.44277636535e-17, 1.53407582575e-18, 1.36591703826e-18, 1.22109229206e-18, 1.15442019052e-18, 1.31867882143e-18],
        "cov": [[9.07604950939e-14, -1.95170095363e-12, 1.29582922084e-13, -7.34849843736e-13, -5.00137854308e-13, 2.21251697383e-14, -4.12822337079e-13, -7.99968001997e-14, -3.32557230723e-14, 5.24667216953e-14, -1.59321666103e-13, -1.57845301229e-14, 5.19163688141e-15, 5.27926963958e-15, 2.52141485486e-15, 6.42677672521e-16, 2.13429406349e-16, -4.32669299897e-16, 6.90069960013e-16, 4.72503247703e-16, 3.72604340723e-16, 4.31414050009e-16, 3.55789307351e-16, 3.48300318488e-16, 3.30822931822e-16, 3.22459302031e-16, 3.44600478574e-16], [-1.95170095363e-12, 3.5565432821e-09, 3.6251504576e-10, 1.39451977743e-10, 3.1258218236e-10, 1.06029802993e-10, 2.20609624318e-11, 1.60683740619e-11, 3.77833745194e-12, 1.33077590614e-10, 2.36301742063e-11, -2.01199883035e-13, 7.2962165823e-13, -1.24217544345e-13, 1.12831680034e-13, -1.27164392297e-13, 9.53201242709e-15, 1.29432882055e-13, 5.08660521947e-15, 2.20824572549e-14, 1.5910712621e-14, -6.89573461063e-15, -7.7557868778e-15, -6.81976337856e-15, -6.73722552356e-15, -6.44668602287e-15, -6.84817667526e-15], [1.29582922084e-13, 3.6251504576e-10, 2.23496707252e-10, -2.47238896023e-11, 6.33757282764e-11, 2.94673226792e-12, 7.93118001829e-12, 1.05445567642e-12, -3.45726512739e-13, 3.77775241645e-12, -9.91222381952e-12, -6.77091412452e-13, 1.54748243841e-13, -2.28545372731e-13, 4.23239595497e-14, 5.00063264587e-15, 2.20712222099e-14, 1.35296352436e-14, 1.39114632967e-14, 2.6331344772e-15, 5.91249834194e-15, 2.96131209865e-15, 9.78204469466e-16, 6.11913859393e-16, 5.01503008839e-16, 3.82481300753e-16, 3.99415448132e-16], [-7.34849843736e-13, 1.39451977743e-10, -2.47238896023e-11, 1.78162939957e-09, 2.52411369583e-10, 1.67539263712e-11, 8.04309743807e-11, 6.12771248673e-12, 1.08107550689e-11, 7.89277670998e-11, 4.51362176801e-11, 9.6948239367e-12, 7.48551950134e-14, 1.59799650183e-13, 6.91458270307e-14, -2.80168090469e-14, 2.54214933202e-14, -2.20137120609e-14, -3.28958594305e-14, -5.03853855611e-14, -2.46177928845e-14, -7.00525215906e-15, -4.00884854419e-15, -3.08576177915e-15, -2.6658951705e-15, -2.47235470655e-15, -2.62913203476e-15], [-5.00137854308e-13, 3.1258218236e-10, 6.33757282764e-11, 2.52411369583e-10, 2.82612622193e-09, 1.16419790475e-10, 5.99431060344e-11, 8.10567064857e-12, 6.81615311068e-12, 4.27458554664e-11, 5.59802551536e-12, 1.12935190713e-11, 2.38315335348e-12, -5.05654491802e-13, -4.01277149259e-14, 6.81188842854e-14, 1.39503006044e-13, 5.39691751846e-14, -8.8710146813e-14, -9.34845394997e-14, -1.17241760462e-14, -1.10953150693e-14, -2.55597274032e-15, -1.60559912652e-15, -1.33620421517e-15, -1.13174295544e-15, -1.20732921104e-15], [2.21251697383e-14, 1.06029802993e-10, 2.94673226792e-12, 1.67539263712e-11, 1.16419790475e-10, 2.31636876347e-10, 3.51964742074e-11, -9.85296262981e-13, -2.33672521437e-12, 4.93011291514e-11, 7.80550537399e-12, 4.71681634723e-12, 2.05370144718e-13, 1.13038193443e-13, 1.06648495373e-14, -1.83837201782e-14, -1.05276911863e-14, -1.1970973495e-14, -1.83393966381e-14, -1.9671313596e-14, -6.1038913656e-15, -6.49957285428e-16, 5.03015478811e-17, 8.55908595227e-17, 1.1754167683e-16, 1.39021982386e-16, 1.54925859768e-16], [-4.12822337079e-13, 2.20609624318e-11, 7.93118001829e-12, 8.04309743807e-11, 5.99431060344e-11, 3.51964742074e-11, 4.42867575945e-10, -5.51940914847e-12, 4.31179137533e-12, 2.11485082918e-11, 2.22843774683e-11, 4.06782940665e-12, 4.22038435016e-13, 6.95214935967e-13, -5.84144616901e-14, 2.83017492363e-14, 8.9005722348e-15, -2.0153273649e-14, -1.02035181248e-14, -4.86003313874e-14, -1.56241037767e-14, -3.58008343091e-15, -1.7214261175e-15, -1.38714869415e-15, -1.40489001099e-15, -1.28321362223e-15, -1.37427294632e-15], [-7.99968001997e-14, 1.60683740619e-11, 1.05445567642e-12, 6.12771248673e-12, 8.10567064857e-12, -9.85296262981e-13, -5.51940914847e-12, 4.00062795392e-11, 1.19257988901e-12, -2.86652667748e-12, 8.26829663764e-12, 1.8745044579e-12, -9.97174077252e-14, -8.05687846083e-14, 7.39772911034e-15, -1.50658944531e-15, -1.37459894812e-14, -6.44645224178e-15, -1.00862531895e-14, -2.85463295763e-15, -2.37877196544e-15, -1.0151212358e-15, -3.03486796334e-16, -3.57507910732e-16, -3.03417392572e-16, -3.02285624205e-16, -3.25511982303e-16], [-3.32557230723e-14, 3.77833745194e-12, -3.45726512739e-13, 1.08107550689e-11, 6.81615311068e-12, -2.33672521437e-12, 4.31179137533e-12, 1.19257988901e-12, 3.72386453271e-12, 1.25998690648e-12, 5.1197835034e-12, 5.83843411985e-13, 1.88876556539e-14, -3.75667540085e-15, -2.98229416355e-15, -4.87834014653e-16, -1.88319818724e-15, -9.41600618277e-15, -2.61698664109e-15, 3.21425201857e-15, 3.28557826755e-17, -2.47516685594e-16, -1.21166448448e-16, -1.24776621983e-16, -1.03152360531e-16, -9.85789120113e-17, -1.0585326405e-16], [5.24667216953e-14, 1.33077590614e-10, 3.77775241645e-12, 7.89277670998e-11, 4.27458554664e-11, 4.93011291514e-11, 2.11485082918e-11, -2.86652667748e-12, 1.25998690648e-12, 2.92122159795e-10, 2.4811680488e-11, 7.58318755012e-12, 4.3861179337e-13, 2.45743638112e-13, -2.39383318533e-14, 8.11544384347e-15, -8.57350486178e-15, -6.38762046729e-14, 3.97590827991e-15, -1.1116542562e-14, 3.5859808978e-15, 1.63255658534e-15, -5.45294367367e-17, 1.02201890302e-16, 5.80804867104e-17, 1.39576762496e-16, 1.56156426587e-16], [-1.59321666103e-13, 2.36301742063e-11, -9.91222381952e-12, 4.51362176801e-11, 5.59802551536e-12, 7.80550537399e-12, 2.22843774683e-11, 8.26829663764e-12, 5.1197835034e-12, 2.4811680488e-11, 1.10457330782e-10, 8.31817427438e-12, 5.34165200679e-14, -3.09439160493e-14, -2.11224080896e-14, -1.68784985852e-14, -2.12881978484e-14, -8.32826239612e-14, -1.23579540495e-14, 1.36901827155e-14, -9.86457534988e-15, -1.14246575728e-15, -7.65239316582e-16, -6.64693382309e-16, -4.82479654695e-16, -5.47730890727e-16, -5.83823176367e-16], [-1.57845301229e-14, -2.01199883035e-13, -6.77091412452e-13, 9.6948239367e-12, 1.12935190713e-11, 4.71681634723e-12, 4.06782940665e-12, 1.8745044579e-12, 5.83843411985e-13, 7.58318755012e-12, 8.31817427438e-12, 1.01610412792e-11, 1.30220595591e-13, 8.61475265581e-14, -1.33690454201e-14, 3.00680793232e-15, -1.72779506411e-15, -2.26846536347e-14, -5.93400959067e-15, -9.87963136051e-15, -6.10786522067e-15, -9.4089023292e-16, -1.78585064937e-16, -1.08546716325e-16, -9.72006769096e-17, -6.75608698853e-17, -7.003946696e-17], [5.19163688141e-15, 7.2962165823e-13, 1.54748243841e-13, 7.48551950134e-14, 2.38315335348e-12, 2.05370144718e-13, 4.22038435016e-13, -9.97174077252e-14, 1.88876556539e-14, 4.3861179337e-13, 5.34165200679e-14, 1.30220595591e-13, 1.46295044763e-13, 1.33965333333e-14, 2.55587030227e-16, 5.658812186e-16, 1.1953595767e-15, -1.40852632343e-16, 4.50952294305e-16, 1.48996814426e-16, 2.91123529905e-16, 1.5250210146e-16, 2.40381084832e-17, 2.79879471933e-17, 2.25848480999e-17, 2.05224883094e-17, 2.17877040697e-17], [5.27926963958e-15, -1.24217544345e-13, -2.28545372731e-13, 1.59799650183e-13, -5.05654491802e-13, 1.13038193443e-13, 6.95214935967e-13, -8.05687846083e-14, -3.75667540085e-15, 2.45743638112e-13, -3.09439160493e-14, 8.61475265581e-14, 1.33965333333e-14, 6.36122895353e-14, 1.3229134212e-15, 3.56113244514e-16, -1.11564337374e-16, -1.598395376e-16, -3.62395403334e-17, -4.31694682612e-16, -1.88324263e-16, 1.87722684318e-17, 2.25130405509e-17, 1.91457669482e-17, 1.90664386731e-17, 1.84946269136e-17, 1.97375650456e-17], [2.52141485486e-15, 1.12831680034e-13, 4.23239595497e-14, 6.91458270307e-14, -4.01277149259e-14, 1.06648495373e-14, -5.84144616901e-14, 7.39772911034e-15, -2.98229416355e-15, -2.39383318533e-14, -2.11224080896e-14, -1.33690454201e-14, 2.55587030227e-16, 1.3229134212e-15, 2.81453780604e-15, 2.18980688231e-16, -6.7188777576e-17, 1.4318054358e-16, 5.71088869804e-17, 6.23309708316e-17, 1.05037420774e-17, 1.56201908286e-17, 1.03668883538e-17, 9.6986877191e-18, 9.17628180324e-18, 8.76922291508e-18, 9.35695872854e-18], [6.42677672521e-16, -1.27164392297e-13, 5.00063264587e-15, -2.80168090469e-14, 6.81188842854e-14, -1.83837201782e-14, 2.83017492363e-14, -1.50658944531e-15, -4.87834014653e-16, 8.11544384347e-15, -1.68784985852e-14, 3.00680793232e-15, 5.658812186e-16, 3.56113244514e-16, 2.18980688231e-16, 1.05004175724e-15, 1.44762337904e-16, 1.36514910446e-16, 7.85595397659e-17, 1.15683670355e-16, 5.25293636464e-17, 1.60500418514e-17, 3.87954572886e-18, 2.48507927555e-18, 2.52275011462e-18, 2.24555196519e-18, 2.39060594381e-18], [2.13429406349e-16, 9.53201242709e-15, 2.20712222099e-14, 2.54214933202e-14, 1.39503006044e-13, -1.05276911863e-14, 8.9005722348e-15, -1.37459894812e-14, -1.88319818724e-15, -8.57350486178e-15, -2.12881978484e-14, -1.72779506411e-15, 1.1953595767e-15, -1.11564337374e-16, -6.7188777576e-17, 1.44762337904e-16, 7.85660328028e-16, 2.39352426183e-16, 1.55542168882e-16, 1.36037792668e-16, 9.05167068356e-17, 1.53011820079e-17, 2.84966305964e-18, 1.66636816529e-18, 9.47117458675e-19, 7.04765119726e-19, 7.01202659622e-19], [-4.32669299897e-16, 1.29432882055e-13, 1.35296352436e-14, -2.20137120609e-14, 5.39691751846e-14, -1.1970973495e-14, -2.0153273649e-14, -6.44645224178e-15, -9.41600618277e-15, -6.38762046729e-14, -8.32826239612e-14, -2.26846536347e-14, -1.40852632343e-16, -1.598395376e-16, 1.4318054358e-16, 1.36514910446e-16, 2.39352426183e-16, 1.81843425985e-15, 2.10725690416e-16, 3.06507818749e-16, 1.27532615731e-16, 2.61480096521e-17, 1.39064653325e-18, -2.44601262089e-19, -8.63432940272e-19, -1.47676864952e-18, -1.65242221035e-18], [6.90069960013e-16, 5.08660521947e-15, 1.39114632967e-14, -3.28958594305e-14, -8.8710146813e-14, -1.83393966381e-14, -1.02035181248e-14, -1.00862531895e-14, -2.61698664109e-15, 3.97590827991e-15, -1.23579540495e-14, -5.93400959067e-15, 4.50952294305e-16, -3.62395403334e-17, 5.71088869804e-17, 7.85595397659e-17, 1.55542168882e-16, 2.10725690416e-16, 4.32847653272e-16, 2.33821962782e-16, 9.91445976712e-17, 2.62612275169e-17, 5.44425546482e-18, 3.72258738045e-18, 2.97159796053e-18, 2.38169224553e-18, 2.48567505238e-18], [4.72503247703e-16, 2.20824572549e-14, 2.6331344772e-15, -5.03853855611e-14, -9.34845394997e-14, -1.9671313596e-14, -4.86003313874e-14, -2.85463295763e-15, 3.21425201857e-15, -1.1116542562e-14, 1.36901827155e-14, -9.87963136051e-15, 1.48996814426e-16, -4.31694682612e-16, 6.23309708316e-17, 1.15683670355e-16, 1.36037792668e-16, 3.06507818749e-16, 2.33821962782e-16, 8.15947155727e-16, 2.46546065246e-16, 4.06821785109e-17, 5.27109058026e-18, 3.12668543319e-18, 2.46875383218e-18, 1.60160168108e-18, 1.62788058876e-18], [3.72604340723e-16, 1.5910712621e-14, 5.91249834194e-15, -2.46177928845e-14, -1.17241760462e-14, -6.1038913656e-15, -1.56241037767e-14, -2.37877196544e-15, 3.28557826755e-17, 3.5859808978e-15, -9.86457534988e-15, -6.10786522067e-15, 2.91123529905e-16, -1.88324263e-16, 1.05037420774e-17, 5.25293636464e-17, 9.05167068356e-17, 1.27532615731e-16, 9.91445976712e-17, 2.46546065246e-16, 1.6325343772e-16, 2.57433115374e-17, 3.86075259894e-18, 2.43771512047e-18, 1.89411890527e-18, 1.3807458017e-18, 1.4180527847e-18], [4.31414050009e-16, -6.89573461063e-15, 2.96131209865e-15, -7.00525215906e-15, -1.10953150693e-14, -6.49957285428e-16, -3.58008343091e-15, -1.0151212358e-15, -2.47516685594e-16, 1.63255658534e-15, -1.14246575728e-15, -9.4089023292e-16, 1.5250210146e-16, 1.87722684318e-17, 1.56201908286e-17, 1.60500418514e-17, 1.53011820079e-17, 2.61480096521e-17, 2.62612275169e-17, 4.06821785109e-17, 2.57433115374e-17, 1.44567943843e-17, 2.41556467123e-18, 1.97306419575e-18, 1.72701105074e-18, 1.55062926077e-18, 1.63952904954e-18], [3.55789307351e-16, -7.7557868778e-15, 9.78204469466e-16, -4.00884854419e-15, -2.55597274032e-15, 5.03015478811e-17, -1.7214261175e-15, -3.03486796334e-16, -1.21166448448e-16, -5.45294367367e-17, -7.65239316582e-16, -1.78585064937e-16, 2.40381084832e-17, 2.25130405509e-17, 1.03668883538e-17, 3.87954572886e-18, 2.84966305964e-18, 1.39064653325e-18, 5.44425546482e-18, 5.27109058026e-18, 3.86075259894e-18, 2.41556467123e-18, 1.53716255361e-18, 1.40611274275e-18, 1.32129291896e-18, 1.2717603099e-18, 1.35707520129e-18], [3.48300318488e-16, -6.81976337856e-15, 6.11913859393e-16, -3.08576177915e-15, -1.60559912652e-15, 8.55908595227e-17, -1.38714869415e-15, -3.57507910732e-16, -1.24776621983e-16, 1.02201890302e-16, -6.64693382309e-16, -1.08546716325e-16, 2.79879471933e-17, 1.91457669482e-17, 9.6986877191e-18, 2.48507927555e-18, 1.66636816529e-18, -2.44601262089e-19, 3.72258738045e-18, 3.12668543319e-18, 2.43771512047e-18, 1.97306419575e-18, 1.40611274275e-18, 1.36866534584e-18, 1.28770297544e-18, 1.24770279576e-18, 1.33258134938e-18], [3.30822931822e-16, -6.73722552356e-15, 5.01503008839e-16, -2.6658951705e-15, -1.33620421517e-15, 1.1754167683e-16, -1.40489001099e-15, -3.03417392572e-16, -1.03152360531e-16, 5.80804867104e-17, -4.82479654695e-16, -9.72006769096e-17, 2.25848480999e-17, 1.90664386731e-17, 9.17628180324e-18, 2.52275011462e-18, 9.47117458675e-19, -8.63432940272e-19, 2.97159796053e-18, 2.46875383218e-18, 1.89411890527e-18, 1.72701105074e-18, 1.32129291896e-18, 1.28770297544e-18, 1.22354922527e-18, 1.18470606448e-18, 1.26549607112e-18], [3.22459302031e-16, -6.44668602287e-15, 3.82481300753e-16, -2.47235470655e-15, -1.13174295544e-15, 1.39021982386e-16, -1.28321362223e-15, -3.02285624205e-16, -9.85789120113e-17, 1.39576762496e-16, -5.47730890727e-16, -6.75608698853e-17, 2.05224883094e-17, 1.84946269136e-17, 8.76922291508e-18, 2.24555196519e-18, 7.04765119726e-19, -1.47676864952e-18, 2.38169224553e-18, 1.60160168108e-18, 1.3807458017e-18, 1.55062926077e-18, 1.2717603099e-18, 1.24770279576e-18, 1.18470606448e-18, 1.15674301707e-18, 1.23625006659e-18], [3.44600478574e-16, -6.84817667526e-15, 3.99415448132e-16, -2.62913203476e-15, -1.20732921104e-15, 1.54925859768e-16, -1.37427294632e-15, -3.25511982303e-16, -1.0585326405e-16, 1.56156426587e-16, -5.83823176367e-16, -7.003946696e-17, 2.17877040697e-17, 1.97375650456e-17, 9.35695872854e-18, 2.39060594381e-18, 7.01202659622e-19, -1.65242221035e-18, 2.48567505238e-18, 1.62788058876e-18, 1.4180527847e-18, 1.63952904954e-18, 1.35707520129e-18, 1.33258134938e-18, 1.26549607112e-18, 1.23625006659e-18, 1.32133210664e-18]]
    },
    "mfcc": {
        "kurt": [204.505996704, 200.518371582, 1.31869125366, 0.402759790421, 0.476915121078, -0.369238138199, -0.0342803001404, -0.00594115257263, -0.199476480484, -0.0354344844818, 0.346697807312, 0.00244331359863, 0.11036324501],
        "max": [-923.730041504, 214.935089111, 73.8996887207, 27.1537666321, 21.5487823486, 24.362663269, 35.7735061646, 30.5408115387, 11.3810920715, 4.53144073486, 12.6387901306, 12.2797317505, 13.4407463074],
        "mean": [-938.872680664, 199.456954956, 61.1509819031, 0.940023005009, -0.166382074356, 9.48431777954, 20.1862926483, 16.3121891022, -0.909664988518, -8.60345935822, -4.13458442688, -0.024511039257, 1.73423933983],
        "median": [-938.275878906, 199.893966675, 61.2125892639, 0.53560256958, 0.0701370239258, 9.51234817505, 20.3665504456, 16.4445972443, -0.770030975342, -8.62734985352, -4.33793640137, -0.332931518555, 1.69431304932],
        "min": [-1113.03051758, 34.838634491, 31.7831764221, -15.5004081726, -17.1605644226, -3.09357452393, 5.2264289856, 1.91757202148, -15.8063812256, -20.517906189, -19.6565074921, -16.7311630249, -13.9740257263],
        "skew": [-11.5524950027, -11.3924217224, -0.541916906834, 0.275266438723, 0.180237337947, -0.0052433446981, -0.0488149411976, -0.0548033043742, -0.099192455411, 0.245701804757, 0.181531101465, 0.0109703121707, -0.0667940303683],
        "var": [94.428237915, 85.2124557495, 28.2931251526, 41.0371055603, 27.02501297, 23.5464572906, 24.4854202271, 20.641456604, 19.7426052094, 22.0720844269, 20.1559925079, 20.0206890106, 18.278924942],
        "cov": [[94.6182327271, 78.7044906616, 0.514122843742, -19.3934745789, -16.5485477448, -7.11401939392, 6.92499446869, 3.32058358192, -5.12964344025, -4.79078912735, -4.13304615021, -0.677015721798, 3.07910680771], [78.7044906616, 85.3839111328, 20.0259017944, -28.2975196838, -21.648853302, -2.2062933445, 1.99485397339, 2.28815960884, -3.89804077148, -9.20698833466, -3.96345901489, 0.782723665237, 2.95149159431], [0.514122843742, 20.0259017944, 28.3500537872, 2.79640626907, -7.52971792221, -4.95155334473, -6.68133878708, -1.56010603905, -0.151116266847, -5.05644369125, -2.48015475273, 0.391134083271, -0.301151990891], [-19.3934745789, -28.2975196838, 2.79640626907, 41.1196746826, 18.6512546539, -13.9619350433, -10.3843288422, -4.19352054596, -1.25811064243, 2.74120116234, -0.165938273072, -2.6206035614, -4.60785627365], [-16.5485477448, -21.648853302, -7.52971792221, 18.6512546539, 27.0793876648, 6.70674991608, -9.98578739166, -7.52908229828, -3.2165851593, -0.360893577337, 2.96231007576, -1.17780900002, -5.61951780319], [-7.11401939392, -2.2062933445, -4.95155334473, -13.9619350433, 6.70674991608, 23.5938339233, 8.97170257568, -4.57494974136, -5.20095920563, -3.76882529259, -0.960469484329, 0.147793844342, -0.490190237761], [6.92499446869, 1.99485397339, -6.68133878708, -10.3843288422, -9.98578739166, 8.97170257568, 24.5346870422, 11.2126522064, -3.73618268967, -4.891061306, -5.1493563652, -2.19701504707, 1.53573274612], [3.32058358192, 2.28815960884, -1.56010603905, -4.19352054596, -7.52908229828, -4.57494974136, 11.2126522064, 20.6829891205, 9.04827404022, -4.12791061401, -5.00989532471, -3.0928800106, -2.00683307648], [-5.12964344025, -3.89804077148, -0.151116266847, -1.25811064243, -3.2165851593, -5.20095920563, -3.73618268967, 9.04827404022, 19.7823295593, 10.8581962585, -2.88594937325, -4.93703222275, -3.07629728317], [-4.79078912735, -9.20698833466, -5.05644369125, 2.74120116234, -0.360893577337, -3.76882529259, -4.891061306, -4.12791061401, 10.8581962585, 22.1164951324, 9.70213890076, -4.2726688385, -4.22017145157], [-4.13304615021, -3.96345901489, -2.48015475273, -0.165938273072, 2.96231007576, -0.960469484329, -5.1493563652, -5.00989532471, -2.88594937325, 9.70213890076, 20.1965484619, 9.17710781097, -2.77604007721], [-0.677015721798, 0.782723665237, 0.391134083271, -2.6206035614, -1.17780900002, 0.147793844342, -2.19701504707, -3.0928800106, -4.93703222275, -4.2726688385, 9.17710781097, 20.0609722137, 10.4242238998], [3.07910680771, 2.95149159431, -0.301151990891, -4.60785627365, -5.61951780319, -0.490190237761, 1.53573274612, -2.00683307648, -3.07629728317, -4.22017145157, -2.77604007721, 10.4242238998, 18.3157024384]]
    },
    "sccoeffs": {
        "kurt": [2.32240152359, 0.637220144272, 0.468705892563, 0.803617954254, 4.44194078445, 23.9585781097],
        "max": [-0.520511686802, -0.593177258968, -0.691169381142, -0.707339465618, -0.848747730255, -0.803588747978],
        "mean": [-0.676969885826, -0.767634868622, -0.788245439529, -0.798131883144, -0.880246639252, -0.83780837059],
        "median": [-0.68043076992, -0.76950699091, -0.78903311491, -0.798713207245, -0.880758881569, -0.837907969952],
        "min": [-0.951067090034, -0.916063606739, -0.910284638405, -0.945144295692, -0.96612906456, -0.964889168739],
        "skew": [-0.139876499772, 0.156246736646, 0.00638875924051, -0.110307693481, -0.568516790867, -2.68020272255],
        "var": [0.0020622224547, 0.00150152214337, 0.001080050366, 0.000940423749853, 0.000148140097735, 0.00018457241822],
        "cov": [[0.00206637196243, 9.26936772885e-05, 0.000146126447362, 0.000107795545773, 4.48813261755e-05, 0.000120985074318], [9.26936772885e-05, 0.0015045433538, 7.47999220039e-05, 9.90828702925e-05, 4.3175288738e-05, 3.45939370163e-05], [0.000146126447362, 7.47999220039e-05, 0.00108222349081, 3.1384970498e-05, -1.51554968397e-05, 3.2405834645e-05], [0.000107795545773, 9.90828702925e-05, 3.1384970498e-05, 0.000942315964494, 2.74035664916e-05, 2.30781915889e-05], [4.48813261755e-05, 4.3175288738e-05, -1.51554968397e-05, 2.74035664916e-05, 0.000148438179167, 1.91602466657e-05], [0.000120985074318, 3.45939370163e-05, 3.2405834645e-05, 2.30781915889e-05, 1.91602466657e-05, 0.000184943797649]]
    },
    "scvalleys": {
        "kurt": [1.90663909912, 16.575969696, 42.1520271301, 15.0437679291, 19.0737495422, 37.4543457031],
        "max": [-5.99472761154, -6.94000434875, -7.28893280029, -9.31255817413, -10.2491703033, -11.0496616364],
        "mean": [-6.77087306976, -7.60649394989, -8.02055454254, -9.96732902527, -10.8693666458, -13.7483711243],
        "median": [-6.74106121063, -7.56995582581, -8.00307846069, -9.96732521057, -10.8691806793, -13.7585334778],
        "min": [-8.866563797, -10.7612819672, -11.7072763443, -11.9477548599, -12.8094844818, -14.2003564835],
        "skew": [-0.793949663639, -2.10626316071, -3.64763140678, -1.55160200596, -1.63688933849, 3.51824808121],
        "var": [0.140372142196, 0.106643296778, 0.0919958949089, 0.0440013147891, 0.0378782525659, 0.0529647096992],
        "cov": [[0.140654578805, 0.0165008492768, 0.0177819132805, -0.000589317933191, 0.00731972279027, 0.00143532012589], [0.0165008492768, 0.106857866049, 0.0342301167548, 0.0122703025118, 0.0104553475976, -0.00178862072062], [0.0177819132805, 0.0342301167548, 0.0921809971333, 0.0173547957093, 0.0102405892685, -0.00398297421634], [-0.000589317933191, 0.0122703025118, 0.0173547957093, 0.0440898500383, 0.0105480896309, 0.00677768234164], [0.00731972279027, 0.0104553475976, 0.0102405892685, 0.0105480896309, 0.0379544645548, 0.0167331360281], [0.00143532012589, -0.00178862072062, -0.00398297421634, 0.00677768234164, 0.0167331360281, 0.0530712790787]]
    }
},
"rhythm": {
    "beats_loudness": {
        "kurt": -0.120172023773,
        "max": 0.000921365106478,
        "mean": 0.000691213586833,
        "median": 0.000649158959277,
        "min": 0.000486886827275,
        "skew": 0.450819909573,
        "var": 9.99474281116e-09
    },
    "bpm": 110.831825256,
    "confidence": 1.83662164211,
    "first_peak_bpm": {
        "kurt": 0,
        "max": 112,
        "mean": 112,
        "median": 112,
        "min": 112,
        "skew": 0,
        "var": 0
    },
    "first_peak_spread": {
        "kurt": 0,
        "max": 0.428571462631,
        "mean": 0.428571462631,
        "median": 0.428571462631,
        "min": 0.428571462631,
        "skew": 0,
        "var": 0
    },
    "first_peak_weight": {
        "kurt": 0,
        "max": 0.40000000596,
        "mean": 0.40000000596,
        "median": 0.40000000596,
        "min": 0.40000000596,
        "skew": 0,
        "var": 0
    },
    "onset_rate": 0.173583090305,
    "second_peak_bpm": {
        "kurt": 0,
        "max": 117,
        "mean": 117,
        "median": 117,
        "min": 117,
        "skew": 0,
        "var": 0
    },
    "second_peak_spread": {
        "kurt": 0,
        "max": 0.166666686535,
        "mean": 0.166666686535,
        "median": 0.166666686535,
        "min": 0.166666686535,
        "skew": 0,
        "var": 0
    },
    "second_peak_weight": {
        "kurt": 0,
        "max": 0.25,
        "mean": 0.25,
        "median": 0.25,
        "min": 0.25,
        "skew": 0,
        "var": 0
    },
    "beats_loudness_band_ratio": {
        "kurt": [-1.05589270592, -0.551651000977, -0.708237171173, 0.539303541183, -0.557710647583, -0.636754751205],
        "max": [0.867858707905, 0.295098304749, 0.127156853676, 0.169738695025, 0.00129234290216, 0.000264512462309],
        "mean": [0.770057320595, 0.175532341003, 0.0759362876415, 0.0678829923272, 0.000868465227541, 0.000154369365191],
        "median": [0.761178195477, 0.162695646286, 0.0771845206618, 0.0515570156276, 0.000902824045625, 0.000156332287588],
        "min": [0.646203458309, 0.0809714049101, 0.041307605803, 0.0139032285661, 0.000426193320891, 6.53241586406e-05],
        "skew": [-0.256924033165, 0.220101475716, 0.364473640919, 1.00268697739, -0.46396112442, 0.102247647941],
        "var": [0.00421502673998, 0.00362342246808, 0.000562553759664, 0.0013582269894, 5.55371642008e-08, 2.63702149006e-09],
        "cov": [[0.0044257780537, -0.0018098691944, -0.000889426271897, -0.00140380766243, -5.22570280737e-06, -1.37100573738e-06], [-0.0018098691944, 0.00380459357984, -0.000316894322168, -0.000585796718951, -2.9084126254e-06, 3.2899995972e-07], [-0.000889426271897, -0.000316894322168, 0.000590681447648, 0.000269530399237, 2.40024928644e-06, 2.15674418769e-07], [-0.00140380766243, -0.000585796718951, 0.000269530399237, 0.00142613833304, 3.19271521221e-06, 2.58136424236e-07], [-5.22570280737e-06, -2.9084126254e-06, 2.40024928644e-06, 3.19271521221e-06, 5.83140220556e-08, 5.83055470571e-09], [-1.37100573738e-06, 3.2899995972e-07, 2.15674418769e-07, 2.58136424236e-07, 5.83055470571e-09, 2.76887268669e-09]]
    },
    "beats_position": [0.557278871536, 1.06811785698, 1.6137868166, 2.11301589012, 2.6470746994, 3.20435357094, 3.7151927948, 4.2492518425, 4.76009082794, 5.2941493988, 5.8282084465, 6.33904743195, 6.87310647964, 7.40716552734, 7.94122457504, 8.47528362274, 9.03256225586, 9.54340076447, 10.1006803513, 10.6463489532, 11.1920175552],
    "bpm_estimates": [109.95677948, 112.347175598, 107.666023254, 112.347129822, 112.347229004, 112.347129822, 112.347129822, 112.347129822, 112.347129822, 112.347129822, 107.666069031, 107.665885925, 109.956848145, 109.956848145],
    "bpm_intervals": [0.510838985443, 0.545668959618, 0.499229073524, 0.53405880928, 0.557278871536, 0.510839223862, 0.534059047699, 0.510838985443, 0.534058570862, 0.534059047699, 0.510838985443, 0.534059047699, 0.534059047699, 0.534059047699, 0.534059047699, 0.557278633118, 0.510838508606, 0.557279586792, 0.54566860199, 0.54566860199],
    "onset_times": [0.0116099771112, 11.5170974731],
    "histogram": [[0, 0, 0, 0, 0, 0, 0, 0, 0, 0, 0, 0, 0, 0, 0, 0, 0, 0, 0, 0, 0, 0, 0, 0, 0, 0, 0, 0, 0, 0, 0, 0, 0, 0, 0, 0, 0, 0, 0, 0, 0, 0, 0, 0, 0, 0, 0, 0, 0, 0, 0, 0, 0, 0, 0, 0, 0, 0, 0, 0, 0, 0, 0, 0, 0, 0, 0, 0, 0, 0, 0, 0, 0, 0, 0, 0, 0, 0, 0, 0, 0, 0, 0, 0, 0, 0, 0, 0, 0, 0, 0, 0, 0, 0, 0, 0, 0, 0, 0, 0, 0, 0, 0, 0, 0, 0, 0, 0, 0.15000000596, 0, 0.15000000596, 0, 0.40000000596, 0, 0, 0, 0, 0.25, 0, 0, 0.0500000007451, 0, 0, 0, 0, 0, 0, 0, 0, 0, 0, 0, 0, 0, 0, 0, 0, 0, 0, 0, 0, 0, 0, 0, 0, 0, 0, 0, 0, 0, 0, 0, 0, 0, 0, 0, 0, 0, 0, 0, 0, 0, 0, 0, 0, 0, 0, 0, 0, 0, 0, 0, 0, 0, 0, 0, 0, 0, 0, 0, 0, 0, 0, 0, 0, 0, 0, 0, 0, 0, 0, 0, 0, 0, 0, 0, 0, 0, 0, 0, 0, 0, 0, 0, 0, 0, 0, 0, 0, 0, 0, 0, 0, 0, 0, 0, 0, 0, 0, 0, 0, 0, 0, 0, 0, 0, 0, 0, 0, 0, 0, 0, 0, 0, 0, 0, 0, 0, 0, 0, 0, 0, 0, 0, 0, 0, 0, 0, 0, 0]]
},
"sfx": {
    "inharmonicity": {
        "kurt": 0.235476732254,
        "max": 0.319911390543,
        "mean": 0.0997437685728,
        "median": 0.0961725711823,
        "min": 0.00274079758674,
        "skew": 0.375521838665,
        "var": 0.00221673911437
    },
    "oddtoevenharmonicenergyratio": {
        "kurt": 453.716827393,
        "max": 310.591705322,
        "mean": 1.83930039406,
        "median": 0.38336455822,
        "min": 0.0046424404718,
        "skew": 20.9526939392,
        "var": 199.899536133
    },
    "pitch_after_max_to_before_max_energy_ratio": 3.33283543587,
    "pitch_centroid": 255.283126831,
    "pitch_max_to_total": 0.263052195311,
    "pitch_min_to_total": 0.51807230711,
    "tristimulus": {
        "kurt": [-0.325857877731, 0.670767068863, 0.914206027985],
        "max": [0.705485224724, 0.90874505043, 0.805762350559],
        "mean": [0.329253464937, 0.386633723974, 0.284112870693],
        "median": [0.378527224064, 0.363551259041, 0.276826202869],
        "min": [0, 0, 0.0328235700727],
        "skew": [-0.941542685032, 0.735597848892, 0.640453219414],
        "var": [0.0322110615671, 0.0171911697835, 0.0151194324717],
        "cov": [[0.0322758741677, -0.0171758905053, -0.0150999873877], [-0.0171758905053, 0.0172257609665, -4.98669323861e-05], [-0.0150999873877, -4.98669323861e-05, 0.0151498541236]]
    }
},
"tonal": {
    "chords_changes_rate": 0.01600000076,
    "chords_number_rate": 0.00800000037998,
    "chords_strength": {
        "kurt": -0.882821559906,
        "max": 0.646065175533,
        "mean": 0.544160306454,
        "median": 0.531892895699,
        "min": 0.436171412468,
        "skew": 0.0937619954348,
        "var": 0.00290516368113
    },
    "key_strength": 0.595231950283,
    "tuning_diatonic_strength": 0.528680622578,
    "tuning_equal_tempered_deviation": 0.129810884595,
    "tuning_frequency": 450.544708252,
    "tuning_nontempered_energy_ratio": 0.710512161255,
    "hpcp": {
        "kurt": [2.49899148941, 4.5650343895, 0.23335814476, 4.69267034531, 8.84746551514, 214.353179932, 231.363082886, 102.868896484, 4.01462602615, 0.564481735229, 0.753084421158, 1.48097991943, 18.6268730164, 17.1434059143, -0.513470172882, 89.8659744263, -0.488226652145, 44.5259819031, 88.7070159912, 6.14187717438, 7.42371082306, 12.066488266, 7.54495716095, 6.25023078918, 22.1785640717, 0.442543983459, 0.0332381725311, -0.528355836868, 1.13234043121, 22.2057323456, 3.34384202957, 1.2969956398, 2.01667165756, 3.07887554169, 0.938467025757, 1.5662689209],
