{
"metadata": {
    "version": {
        "essentia": "2.1-beta3"
    }
},
"lowLevel": {
    "average_loudness": 0.798988997936,
    "barkbands_kurtosis": {
        "kurt": 2.15204191208,
        "max": 61.3814620972,
        "mean": 11.0896978378,
        "median": 8.2393245697,
        "min": -1.73137640953,
        "skew": 1.40718626976,
        "var": 111.34160614
    },
    "barkbands_skewness": {
        "kurt": 0.233023166656,
        "max": 7.17716503143,
        "mean": 2.95923280716,
        "median": 2.86476898193,
        "min": -1.60227203369,
        "skew": 0.0371061488986,
        "var": 1.95443308353
    },
    "barkbands_spread": {
        "kurt": 2.18190908432,
        "max": 58.7085571289,
        "mean": 17.1098594666,
        "median": 14.5730524063,
        "min": 2.84313559532,
        "skew": 1.39312231541,
        "var": 106.589797974
    },
    "dissonance": {
        "kurt": 21.0450973511,
        "max": 0.5,
        "mean": 0.475568562746,
        "median": 0.477554529905,
        "min": 0.301987469196,
        "skew": -2.7011525631,
        "var": 0.000232563950703
    },
    "hfc": {
        "kurt": 47.3096580505,
        "max": 47.6400413513,
        "mean": 2.00855588913,
        "median": 0.840747833252,
        "min": 0.00498140603304,
        "skew": 6.35643625259,
        "var": 19.4073886871
    },
    "pitch": {
        "kurt": 13.8214797974,
        "max": 4744.45410156,
        "mean": 328.641876221,
        "median": 114.539764404,
        "min": 57.9582595825,
        "skew": 3.94830656052,
        "var": 660021.4375
    },
    "pitch_instantaneous_confidence": {
        "kurt": 0.697372436523,
        "max": 0.688472807407,
        "mean": 0.287285119295,
        "median": 0.272332966328,
        "min": 0.0848430991173,
        "skew": 0.879051983356,
        "var": 0.00930958800018
    },
    "pitch_salience": {
        "kurt": -1.0731959343,
        "max": 0.806015491486,
        "mean": 0.464518845081,
        "median": 0.463143050671,
        "min": 0.133139789104,
        "skew": 0.0405068136752,
        "var": 0.0260663256049
    },
    "silence_rate_20dB": {
        "kurt": 0,
        "max": 1,
        "mean": 1,
        "median": 1,
        "min": 1,
        "skew": 0,
        "var": 0
    },
    "silence_rate_30dB": {
        "kurt": 0,
        "max": 1,
        "mean": 1,
        "median": 1,
        "min": 1,
        "skew": 0,
        "var": 0
    },
    "silence_rate_60dB": {
        "kurt": -1.91881763935,
        "max": 1,
        "mean": 0.570512831211,
        "median": 1,
        "min": 0,
        "skew": -0.284897625446,
        "var": 0.245027557015
    },
    "spectral_centroid": {
        "kurt": 16.9171772003,
        "max": 3254.88867188,
        "mean": 464.158752441,
        "median": 353.818817139,
        "min": 144.792663574,
        "skew": 3.60507130623,
        "var": 152232.828125
    },
    "spectral_complexity": {
        "kurt": 25.9426898956,
        "max": 57,
        "mean": 4.72435903549,
        "median": 3,
        "min": 0,
        "skew": 4.80298662186,
        "var": 39.5695648193
    },
    "spectral_crest": {
        "kurt": -0.750280618668,
        "max": 23.0614299774,
        "mean": 12.958158493,
        "median": 13.0113592148,
        "min": 3.24529385567,
        "skew": -0.0408371984959,
        "var": 15.7975387573
    },
    "spectral_decrease": {
        "kurt": 1.13593482971,
        "max": -4.45337516863e-12,
        "mean": -9.37067423656e-10,
        "median": -7.28986648824e-10,
        "min": -3.96263910574e-09,
        "skew": -1.23841881752,
        "var": 4.58719832931e-19
    },
    "spectral_energy": {
        "kurt": 1.79303503036,
        "max": 0.0154716493562,
        "mean": 0.00371888931841,
        "median": 0.00282230367884,
        "min": 1.72598265635e-05,
        "skew": 1.40587127209,
        "var": 7.74179170548e-06
    },
    "spectral_energyband_high": {
        "kurt": 88.355682373,
        "max": 0.00431764405221,
        "mean": 9.71539411694e-05,
        "median": 3.54565563612e-05,
        "min": 1.44020702919e-07,
        "skew": 8.68151855469,
        "var": 9.69809335061e-08
    },
    "spectral_energyband_low": {
        "kurt": 1.60681152344,
        "max": 0.00861190352589,
        "mean": 0.00209644786082,
        "median": 0.00167061458342,
        "min": 1.17706749734e-05,
        "skew": 1.26209306717,
        "var": 2.75372440228e-06
    },
    "spectral_energyband_middle_high": {
        "kurt": 42.7922706604,
        "max": 0.0102993175387,
        "mean": 0.000413672678405,
        "median": 0.000138139643241,
        "min": 7.51034633595e-07,
        "skew": 6.08583688736,
        "var": 1.06244533526e-06
    },
    "spectral_energyband_middle_low": {
        "kurt": 12.3932523727,
        "max": 0.0141691518947,
        "mean": 0.00118736014701,
        "median": 0.000481600640342,
        "min": 6.27159306532e-06,
        "skew": 3.29235887527,
        "var": 3.33770026373e-06
    },
    "spectral_flatness_db": {
        "kurt": -0.511043548584,
        "max": 0.322950989008,
        "mean": 0.206463724375,
        "median": 0.205955892801,
        "min": 0.0724387094378,
        "skew": 0.121411368251,
        "var": 0.00175394362304
    },
    "spectral_flux": {
        "kurt": 2.00164937973,
        "max": 0.0957222506404,
        "mean": 0.0290447324514,
        "median": 0.0260480716825,
        "min": 0.00415449496359,
        "skew": 1.22637557983,
        "var": 0.000171549021616
    },
    "spectral_kurtosis": {
        "kurt": 13.4055805206,
        "max": 18.6682510376,
        "mean": 2.91633009911,
        "median": 2.55468559265,
        "min": 0.0466394424438,
        "skew": 2.43012022972,
        "var": 2.24497413635
    },
    "spectral_rms": {
        "kurt": -0.0185265541077,
        "max": 0.00388513738289,
        "mean": 0.00178408541251,
        "median": 0.00165935745463,
        "min": 0.000129764623125,
        "skew": 0.61669754982,
        "var": 4.45225253998e-07
    },
    "spectral_rolloff": {
        "kurt": 5.74358940125,
        "max": 5060.30273438,
        "mean": 668.9296875,
        "median": 322.998046875,
        "min": 107.666015625,
        "skew": 2.4713973999,
        "var": 809012.25
    },
    "spectral_skewness": {
        "kurt": 3.14241218567,
        "max": 3.33736300468,
        "mean": 1.46990716457,
        "median": 1.44971251488,
        "min": 0.44708481431,
        "skew": 0.565697431564,
        "var": 0.0762346237898
    },
    "spectral_spread": {
        "kurt": 452.88369751,
        "max": 29082626,
        "mean": 4762812,
        "median": 4856366,
        "min": 2510748,
        "skew": 17.1078128815,
        "var": 839102365696
    },
    "spectral_strongpeak": {
        "kurt": 124.228935242,
        "max": 4.98014497757,
        "mean": 0.206130206585,
        "median": 0.14667801559,
        "min": 0.00430228421465,
        "skew": 9.33696651459,
        "var": 0.0754511803389
    },
    "zerocrossingrate": {
        "kurt": 7.31587028503,
        "max": 0.15966796875,
        "mean": 0.0377859026194,
        "median": 0.03369140625,
        "min": 0.00634765625,
        "skew": 2.14749836922,
        "var": 0.000458712049294
    },
    "barkbands": {
        "kurt": [915.02130127, -0.484281301498, 7.04580116272, 18.8041954041, 23.2802333832, 28.3208255768, 93.6588973999, 31.3475265503, 18.9998283386, 41.0233268738, 52.7855186462, 91.28956604, 92.4301834106, 178.985702515, 90.9358062744, 42.1643333435, 99.8243865967, 50.9198455811, 60.6542854309, 69.8220901489, 105.406204224, 227.819320679, 238.603668213, 375.473175049, 176.815643311, 862.442260742, 1077.58630371],
        "max": [1.30686157718e-05, 0.00329763465561, 0.00715689454228, 0.00192007864825, 0.0118509754539, 0.00645943311974, 0.00197780551389, 0.000929650384933, 0.000544487906154, 0.000868902599905, 0.000573440862354, 0.000941371894442, 0.00090164586436, 0.00121110188775, 0.000796373700723, 0.000599361606874, 0.00153913185932, 0.0020278939046, 0.00435733702034, 0.00392487365752, 0.00204203510657, 0.00141589867417, 0.000432993430877, 7.33842389309e-05, 8.55138205225e-06, 6.89685180078e-07, 7.3402588896e-07],
        "mean": [1.19886919947e-07, 0.000970179680735, 0.00105727091432, 0.000126264058053, 0.000629175570793, 0.000278233113931, 5.96817990299e-05, 4.74701773783e-05, 3.7598561903e-05, 3.43330466421e-05, 2.45758546953e-05, 3.05782486976e-05, 2.79082469206e-05, 2.37491040025e-05, 2.27747714234e-05, 2.44419989031e-05, 3.29042559315e-05, 5.66857052036e-05, 8.94295662874e-05, 8.29991913633e-05, 4.07560328313e-05, 1.64184220921e-05, 4.32864544564e-06, 8.41974269861e-07, 1.68877519968e-07, 3.1565496883e-09, 8.12728828681e-10],
        "median": [6.73561117992e-08, 0.000782101589721, 0.000608484609984, 5.16813015565e-05, 0.000238127060584, 8.55700636748e-05, 2.91063406621e-05, 2.02038318093e-05, 1.75833611138e-05, 1.25412116176e-05, 9.56402618613e-06, 1.37548486236e-05, 1.17121899166e-05, 8.12827966001e-06, 9.33164938033e-06, 9.78584375844e-06, 1.10307337309e-05, 1.59879964485e-05, 2.2501382773e-05, 2.05451415241e-05, 1.61590360221e-05, 7.08703828423e-06, 1.36158735131e-06, 4.09660259493e-07, 8.69991367836e-08, 1.16707621345e-09, 2.67811328669e-11],
        "min": [4.71417904713e-11, 6.17173839146e-07, 1.10685334676e-06, 1.54877085379e-07, 2.99806151816e-06, 2.83714712168e-07, 1.74705377276e-07, 1.37281489287e-07, 6.36314965163e-08, 1.36063187384e-08, 6.70973108186e-08, 9.84575478924e-08, 2.3062241894e-08, 1.08239937902e-07, 7.04046883016e-08, 4.34132374494e-08, 3.02860385659e-08, 1.01702582356e-07, 4.92953198261e-08, 7.07666387711e-08, 6.13968467178e-08, 1.38295535024e-08, 3.32767058353e-09, 8.13861367188e-10, 1.40182768171e-10, 1.91971829058e-12, 2.957746217e-14],
        "skew": [29.0488033295, 0.716402411461, 2.5021443367, 3.954652071, 4.25669240952, 4.69884395599, 7.42578601837, 4.80470371246, 3.83432674408, 5.76741266251, 6.29543209076, 7.36020421982, 7.57068014145, 11.1083517075, 8.0284204483, 5.63318920135, 8.47355270386, 6.55817890167, 7.11314487457, 7.63142967224, 9.46243476868, 13.5801134109, 13.7964372635, 16.8593902588, 12.0398578644, 28.1325187683, 32.7943115234],
        "var": [1.67467046632e-13, 7.02505701611e-07, 1.58523414484e-06, 4.95849974413e-08, 1.37968277159e-06, 3.48162132013e-07, 1.22026149185e-08, 6.88258117165e-09, 3.20846149648e-09, 5.74216851845e-09, 2.37900565914e-09, 2.88606916143e-09, 2.81523226953e-09, 3.67022057191e-09, 2.51237253224e-09, 2.38720709866e-09, 8.10046518751e-09, 2.96090991725e-08, 1.0250322191e-07, 8.49096650768e-08, 1.79102670472e-08, 4.50485115877e-09, 4.09466294204e-10, 8.41285461434e-12, 2.20856658157e-13, 4.85506738691e-16, 4.94906475065e-16],
        "cov": [[1.67620542555e-13, 1.10561594602e-11, -2.66791640863e-11, -5.50117286793e-12, -3.59722668319e-11, -1.63418081151e-11, -1.89368746378e-12, -1.94582457785e-12, -1.01289300298e-12, -1.07701662259e-12, -1.03722282499e-12, -1.31650593205e-12, -1.20812062611e-12, -8.91424629425e-13, -6.16162015073e-13, -7.44243967669e-13, -1.11194072613e-12, -1.63717390339e-12, -1.46186849518e-12, -2.72099573775e-12, -1.17250317528e-12, -4.84440612625e-13, -1.30389297449e-13, -1.64901560018e-14, 3.23460431447e-15, 8.13145446024e-15, 8.70730896239e-15], [1.10561594602e-11, 7.0314962386e-07, 2.17752116782e-07, -4.12660980942e-08, -2.53568231301e-07, -9.7283283651e-08, -1.71557630324e-08, -1.76323400325e-08, -1.13002176505e-08, -1.25059891332e-08, -8.61583338008e-09, -1.11875193554e-08, -1.11533573488e-08, -9.81201875305e-09, -8.11480660445e-09, -8.42257907863e-09, -1.39760780726e-08, -2.39927420154e-08, -3.90274763618e-08, -3.98720878536e-08, -1.65751554704e-08, -6.45376418973e-09, -1.99801175604e-09, -2.80186346346e-10, -5.07151369511e-11, -1.19183016321e-12, -5.95564884302e-13], [-2.66791640863e-11, 2.17752116782e-07, 1.58668717631e-06, 3.39317587361e-08, -2.3566501639e-08, 7.97451491508e-08, 1.1365536956e-08, 4.78558859207e-10, 1.33355937404e-09, 2.53504911507e-10, 3.41393158187e-09, 5.06421082846e-09, 2.96337376859e-09, 2.32913199838e-09, 2.10119233124e-09, 3.53628704097e-09, 2.98860269865e-09, 9.85073356219e-09, 1.16902345582e-08, 4.0575320881e-09, -2.76202882787e-09, -2.3624311396e-09, -5.93542548444e-10, -4.29119621781e-11, -1.11612464063e-11, -5.21360732364e-13, -6.68346020888e-13], [-5.50117286793e-12, -4.12660980942e-08, 3.39317587361e-08, 4.96304473074e-08, 1.36436312914e-07, 4.32776410264e-08, 8.67677663052e-09, 6.48972120487e-09, 3.18625525964e-09, 4.70603689351e-09, 2.14044448832e-09, 3.12775316758e-09, 3.11750136817e-09, 2.28284546822e-09, 1.86010318259e-09, 1.76416237174e-09, 2.28881336106e-09, 3.56196272477e-09, 4.23135348981e-09, 4.23918855574e-09, 1.16269360806e-09, 1.55589430229e-10, 9.31108801172e-11, 1.94765488459e-11, 3.48704225217e-12, -1.0496396707e-14, -7.03851243239e-14], [-3.59722668319e-11, -2.53568231301e-07, -2.3566501639e-08, 1.36436312914e-07, 1.38094731028e-06, 3.86035111433e-07, 4.67372487378e-08, 3.70277639661e-08, 2.33137082972e-08, 2.58783838802e-08, 1.50537644572e-08, 1.84399304715e-08, 1.45044110056e-08, 1.07805204763e-08, 8.78598260812e-09, 7.25409465829e-09, 9.12857878177e-09, 8.49978309958e-09, 6.92250479162e-09, 1.17286012014e-08, 4.57982318736e-09, 5.4077009537e-10, 2.07275627218e-10, 5.42587121066e-11, 1.01635115254e-11, -2.07010854313e-13, -3.41668018747e-13], [-1.63418081151e-11, -9.7283283651e-08, 7.97451491508e-08, 4.32776410264e-08, 3.86035111433e-07, 3.48481250967e-07, 2.40239419469e-08, 1.78167613996e-08, 1.33629036725e-08, 1.26014843005e-08, 9.48177714122e-09, 1.15537881484e-08, 9.78124159445e-09, 7.40415950773e-09, 6.31000585116e-09, 6.85580303639e-09, 8.55350812401e-09, 1.21228920236e-08, 1.46378562604e-08, 1.6658306734e-08, 5.80087844426e-09, 1.2203896782e-09, 4.8954423848e-10, 8.83736139823e-11, 1.79155232316e-11, 1.39065232311e-13, -1.53286102344e-13], [-1.89368746378e-12, -1.71557630324e-08, 1.1365536956e-08, 8.67677663052e-09, 4.67372487378e-08, 2.40239419469e-08, 1.22137997494e-08, 4.76536010652e-09, 3.6106007073e-09, 4.471718551e-09, 2.63311838999e-09, 2.86805224015e-09, 2.71872679924e-09, 3.03516878297e-09, 2.49196774327e-09, 2.73588640631e-09, 4.63507543458e-09, 1.02258166379e-08, 1.7206895464e-08, 1.574725772e-08, 5.35836441884e-09, 2.12073447692e-09, 6.04519656555e-10, 8.83501813376e-11, 1.71118969688e-11, 2.13670918524e-13, -1.9003397624e-14], [-1.94582457785e-12, -1.76323400325e-08, 4.78558859207e-10, 6.48972120487e-09, 3.70277639661e-08, 1.78167613996e-08, 4.76536010652e-09, 6.88888945888e-09, 2.79124234837e-09, 3.45832762427e-09, 2.1976120923e-09, 2.54292187307e-09, 2.39741426711e-09, 2.84945067541e-09, 2.22656515447e-09, 2.16211781812e-09, 3.54443807637e-09, 7.3123600508e-09, 1.28910127017e-08, 1.20289334049e-08, 4.66326799398e-09, 2.10078887619e-09, 5.47873635348e-10, 7.44699787947e-11, 1.55226404647e-11, 1.75524376392e-13, -1.38036808953e-14], [-1.01289300298e-12, -1.13002176505e-08, 1.33355937404e-09, 3.18625525964e-09, 2.33137082972e-08, 1.33629036725e-08, 3.6106007073e-09, 2.79124234837e-09, 3.21140247728e-09, 2.66786148728e-09, 1.65110525252e-09, 1.98070959634e-09, 1.90779481102e-09, 2.22457385846e-09, 1.68746461249e-09, 1.72471381621e-09, 2.83849366234e-09, 5.55234525024e-09, 1.02657091716e-08, 8.24512014219e-09, 3.5837008916e-09, 1.62797064718e-09, 5.12167919187e-10, 6.79800313264e-11, 1.13610379784e-11, 1.55964894862e-13, -8.41772533839e-15], [-1.07701662259e-12, -1.25059891332e-08, 2.53504911507e-10, 4.70603689351e-09, 2.58783838802e-08, 1.26014843005e-08, 4.471718551e-09, 3.45832762427e-09, 2.66786148728e-09, 5.74743186377e-09, 2.4746722449e-09, 2.62363442083e-09, 2.46688891536e-09, 3.29570970514e-09, 2.31554042607e-09, 2.57541943327e-09, 4.27675317383e-09, 8.44581382609e-09, 1.55259574086e-08, 1.42367211353e-08, 6.33175956111e-09, 2.8933737628e-09, 8.93577933869e-10, 1.17020393375e-10, 1.79609452311e-11, 2.68186948343e-13, -3.45029426647e-15], [-1.03722282499e-12, -8.61583338008e-09, 3.41393158187e-09, 2.14044448832e-09, 1.50537644572e-08, 9.48177714122e-09, 2.63311838999e-09, 2.1976120923e-09, 1.65110525252e-09, 2.4746722449e-09, 2.38118613716e-09, 1.72068337356e-09, 1.89933624384e-09, 1.97368521526e-09, 1.70685732215e-09, 1.62793156733e-09, 3.04542746576e-09, 5.40808242633e-09, 1.04123953903e-08, 1.06433484248e-08, 4.8584700707e-09, 2.14392947839e-09, 6.76350531137e-10, 9.39224600871e-11, 1.44464214896e-11, 2.05755700563e-13, -7.05220743049e-15], [-1.31650593205e-12, -1.11875193554e-08, 5.06421082846e-09, 3.12775316758e-09, 1.84399304715e-08, 1.15537881484e-08, 2.86805224015e-09, 2.54292187307e-09, 1.98070959634e-09, 2.62363442083e-09, 1.72068337356e-09, 2.88871460086e-09, 1.9512673699e-09, 2.6136284248e-09, 1.63793223429e-09, 1.68039504533e-09, 2.71629385651e-09, 5.56290080667e-09, 9.17923692612e-09, 8.14940470661e-09, 3.74176067908e-09, 1.59563251501e-09, 5.76390046803e-10, 7.08499647839e-11, 1.1451981724e-11, 1.545493334e-13, -1.29284502212e-14], [-1.20812062611e-12, -1.11533573488e-08, 2.96337376859e-09, 3.11750136817e-09, 1.45044110056e-08, 9.78124159445e-09, 2.71872679924e-09, 2.39741426711e-09, 1.90779481102e-09, 2.46688891536e-09, 1.89933624384e-09, 1.9512673699e-09, 2.81781264988e-09, 2.40532194162e-09, 2.11818007578e-09, 1.94031679612e-09, 3.9219036907e-09, 6.2750826757e-09, 1.21642651507e-08, 1.07390087933e-08, 4.7958952365e-09, 1.70674474553e-09, 6.49392040142e-10, 7.97208271619e-11, 1.22104236444e-11, 1.72618023391e-13, -1.42399638495e-14], [-8.91424629425e-13, -9.81201875305e-09, 2.32913199838e-09, 2.28284546822e-09, 1.07805204763e-08, 7.40415950773e-09, 3.03516878297e-09, 2.84945067541e-09, 2.22457385846e-09, 3.29570970514e-09, 1.97368521526e-09, 2.6136284248e-09, 2.40532194162e-09, 3.67358454767e-09, 2.06493022681e-09, 2.13108886093e-09, 3.78884967844e-09, 7.55774909322e-09, 1.35396929224e-08, 1.17869785043e-08, 4.86176698899e-09, 2.00210292789e-09, 6.81982137429e-10, 8.27019494554e-11, 1.42179913676e-11, 1.86857623016e-13, -1.13875947991e-14], [-6.16162015073e-13, -8.11480660445e-09, 2.10119233124e-09, 1.86010318259e-09, 8.78598260812e-09, 6.31000585116e-09, 2.49196774327e-09, 2.22656515447e-09, 1.68746461249e-09, 2.31554042607e-09, 1.70685732215e-09, 1.63793223429e-09, 2.11818007578e-09, 2.06493022681e-09, 2.51467535684e-09, 1.8785393241e-09, 3.83361165035e-09, 6.52037268623e-09, 1.2767414681e-08, 1.12268256913e-08, 5.14832487752e-09, 1.83235981943e-09, 6.29512109107e-10, 8.04936395316e-11, 1.1444378431e-11, 1.81064432653e-13, -8.76660465683e-15], [-7.44243967669e-13, -8.42257907863e-09, 3.53628704097e-09, 1.76416237174e-09, 7.25409465829e-09, 6.85580303639e-09, 2.73588640631e-09, 2.16211781812e-09, 1.72471381621e-09, 2.57541943327e-09, 1.62793156733e-09, 1.68039504533e-09, 1.94031679612e-09, 2.13108886093e-09, 1.8785393241e-09, 2.3893951262e-09, 3.73259689823e-09, 7.13504766381e-09, 1.33245352529e-08, 1.1925306076e-08, 5.0061452761e-09, 2.07231343197e-09, 6.7429317685e-10, 8.85414658258e-11, 1.36236811762e-11, 2.17261186255e-13, -1.08440537569e-14], [-1.11194072613e-12, -1.39760780726e-08, 2.98860269865e-09, 2.28881336106e-09, 9.12857878177e-09, 8.55350812401e-09, 4.63507543458e-09, 3.54443807637e-09, 2.83849366234e-09, 4.27675317383e-09, 3.04542746576e-09, 2.71629385651e-09, 3.9219036907e-09, 3.78884967844e-09, 3.83361165035e-09, 3.73259689823e-09, 8.1078903591e-09, 1.25781633997e-08, 2.55769450064e-08, 2.12808490829e-08, 9.85061721082e-09, 3.75443498513e-09, 1.18684739814e-09, 1.50112491881e-10, 2.26047843638e-11, 3.35947225984e-13, -1.5426384264e-14], [-1.63717390339e-12, -2.39927420154e-08, 9.85073356219e-09, 3.56196272477e-09, 8.49978309958e-09, 1.21228920236e-08, 1.02258166379e-08, 7.3123600508e-09, 5.55234525024e-09, 8.44581382609e-09, 5.40808242633e-09, 5.56290080667e-09, 6.2750826757e-09, 7.55774909322e-09, 6.52037268623e-09, 7.13504766381e-09, 1.25781633997e-08, 2.96362383523e-08, 4.71992080975e-08, 4.31156621516e-08, 1.78803869488e-08, 7.43732408992e-09, 2.34431762891e-09, 3.21762366751e-10, 5.10175963975e-11, 8.02268624797e-13, -2.50353005064e-14], [-1.46186849518e-12, -3.90274763618e-08, 1.16902345582e-08, 4.23135348981e-09, 6.92250479162e-09, 1.46378562604e-08, 1.7206895464e-08, 1.28910127017e-08, 1.02657091716e-08, 1.55259574086e-08, 1.04123953903e-08, 9.17923692612e-09, 1.21642651507e-08, 1.35396929224e-08, 1.2767414681e-08, 1.33245352529e-08, 2.55769450064e-08, 4.71992080975e-08, 1.02597176976e-07, 8.15726934889e-08, 3.71701673885e-08, 1.65054174772e-08, 4.65572025377e-09, 6.00858529598e-10, 9.90545701018e-11, 1.43712038797e-12, -3.70385891553e-14], [-2.72099573775e-12, -3.98720878536e-08, 4.0575320881e-09, 4.23918855574e-09, 1.17286012014e-08, 1.6658306734e-08, 1.574725772e-08, 1.20289334049e-08, 8.24512014219e-09, 1.42367211353e-08, 1.06433484248e-08, 8.14940470661e-09, 1.07390087933e-08, 1.17869785043e-08, 1.12268256913e-08, 1.1925306076e-08, 2.12808490829e-08, 4.31156621516e-08, 8.15726934889e-08, 8.49874908226e-08, 3.47131852152e-08, 1.49677710226e-08, 4.43186110033e-09, 6.16383499796e-10, 1.07605542532e-10, 1.53396685545e-12, -3.49202478457e-14], [-1.17250317528e-12, -1.65751554704e-08, -2.76202882787e-09, 1.16269360806e-09, 4.57982318736e-09, 5.80087844426e-09, 5.35836441884e-09, 4.66326799398e-09, 3.5837008916e-09, 6.33175956111e-09, 4.8584700707e-09, 3.74176067908e-09, 4.7958952365e-09, 4.86176698899e-09, 5.14832487752e-09, 5.0061452761e-09, 9.85061721082e-09, 1.78803869488e-08, 3.71701673885e-08, 3.47131852152e-08, 1.79266841371e-08, 7.93687782163e-09, 2.28829510895e-09, 2.97945418337e-10, 4.73752426178e-11, 6.72429722581e-13, -1.7281271222e-14], [-4.84440612625e-13, -6.45376418973e-09, -2.3624311396e-09, 1.55589430229e-10, 5.4077009537e-10, 1.2203896782e-09, 2.12073447692e-09, 2.10078887619e-09, 1.62797064718e-09, 2.8933737628e-09, 2.14392947839e-09, 1.59563251501e-09, 1.70674474553e-09, 2.00210292789e-09, 1.83235981943e-09, 2.07231343197e-09, 3.75443498513e-09, 7.43732408992e-09, 1.65054174772e-08, 1.49677710226e-08, 7.93687782163e-09, 4.50897985615e-09, 1.16059561961e-09, 1.54084314752e-10, 2.65842278746e-11, 3.45559708235e-13, -5.93049228636e-15], [-1.30389297449e-13, -1.99801175604e-09, -5.93542548444e-10, 9.31108801172e-11, 2.07275627218e-10, 4.8954423848e-10, 6.04519656555e-10, 5.47873635348e-10, 5.12167919187e-10, 8.93577933869e-10, 6.76350531137e-10, 5.76390046803e-10, 6.49392040142e-10, 6.81982137429e-10, 6.29512109107e-10, 6.7429317685e-10, 1.18684739814e-09, 2.34431762891e-09, 4.65572025377e-09, 4.43186110033e-09, 2.28829510895e-09, 1.16059561961e-09, 4.09841605098e-10, 5.54383691731e-11, 7.78780945981e-12, 1.24272459185e-13, -1.37984779954e-15], [-1.64901560018e-14, -2.80186346346e-10, -4.29119621781e-11, 1.94765488459e-11, 5.42587121066e-11, 8.83736139823e-11, 8.83501813376e-11, 7.44699787947e-11, 6.79800313264e-11, 1.17020393375e-10, 9.39224600871e-11, 7.08499647839e-11, 7.97208271619e-11, 8.27019494554e-11, 8.04936395316e-11, 8.85414658258e-11, 1.50112491881e-10, 3.21762366751e-10, 6.00858529598e-10, 6.16383499796e-10, 2.97945418337e-10, 1.54084314752e-10, 5.54383691731e-11, 8.42056546019e-12, 1.15157200182e-12, 1.93408064222e-14, 9.2057228156e-17], [3.23460431447e-15, -5.07151369511e-11, -1.11612464063e-11, 3.48704225217e-12, 1.01635115254e-11, 1.79155232316e-11, 1.71118969688e-11, 1.55226404647e-11, 1.13610379784e-11, 1.79609452311e-11, 1.44464214896e-11, 1.1451981724e-11, 1.22104236444e-11, 1.42179913676e-11, 1.1444378431e-11, 1.36236811762e-11, 2.26047843638e-11, 5.10175963975e-11, 9.90545701018e-11, 1.07605542532e-10, 4.73752426178e-11, 2.65842278746e-11, 7.78780945981e-12, 1.15157200182e-12, 2.21059092255e-13, 3.27770537423e-15, 3.85137701955e-16], [8.13145446024e-15, -1.19183016321e-12, -5.21360732364e-13, -1.0496396707e-14, -2.07010854313e-13, 1.39065232311e-13, 2.13670918524e-13, 1.75524376392e-13, 1.55964894862e-13, 2.68186948343e-13, 2.05755700563e-13, 1.545493334e-13, 1.72618023391e-13, 1.86857623016e-13, 1.81064432653e-13, 2.17261186255e-13, 3.35947225984e-13, 8.02268624797e-13, 1.43712038797e-12, 1.53396685545e-12, 6.72429722581e-13, 3.45559708235e-13, 1.24272459185e-13, 1.93408064222e-14, 3.27770537423e-15, 4.85951748625e-16, 4.6422757699e-16], [8.70730896239e-15, -5.95564884302e-13, -6.68346020888e-13, -7.03851243239e-14, -3.41668018747e-13, -1.53286102344e-13, -1.9003397624e-14, -1.38036808953e-14, -8.41772533839e-15, -3.45029426647e-15, -7.05220743049e-15, -1.29284502212e-14, -1.42399638495e-14, -1.13875947991e-14, -8.76660465683e-15, -1.08440537569e-14, -1.5426384264e-14, -2.50353005064e-14, -3.70385891553e-14, -3.49202478457e-14, -1.7281271222e-14, -5.93049228636e-15, -1.37984779954e-15, 9.2057228156e-17, 3.85137701955e-16, 4.6422757699e-16, 4.95360114147e-16]]
    },
    "mfcc": {
        "kurt": [3.31034374237, 4.954205513, 1.5753698349, 1.24239730835, 1.05417585373, 0.166351318359, 0.201505661011, 0.14108300209, 0.106036424637, -0.0415227413177, 0.0952694416046, 0.115046024323, 0.218379020691],
        "max": [-595.123291016, 171.757415771, 43.9113807678, 92.7323989868, 23.1975097656, 39.7114334106, 23.2229995728, 24.6149330139, 15.5022354126, 20.993057251, 17.3756599426, 16.8158836365, 16.2241287231],
        "mean": [-768.869384766, 134.423904419, -11.2163410187, 66.9222717285, -7.32677268982, 18.5470542908, 5.44208478928, 3.21883654594, -2.81532645226, -0.643864870071, -1.12646007538, -0.367896556854, -1.51112103462],
        "median": [-780.731079102, 134.699890137, -7.84099769592, 68.0346984863, -6.23850631714, 19.7518482208, 6.336145401, 4.09926795959, -1.41881561279, -0.128410339355, -0.38917350769, 0.215223312378, -1.24165534973],
        "min": [-1030.50244141, 46.5245361328, -74.2791290283, 24.8528594971, -44.9228286743, -8.39192199707, -20.1856575012, -23.707649231, -36.7427215576, -24.690322876, -28.2465705872, -21.577911377, -19.9910812378],
        "skew": [0.611778080463, -1.18950593472, -1.10642647743, -0.756724953651, -0.567777752876, -0.552542030811, -0.511325120926, -0.505716145039, -0.644887983799, -0.344271659851, -0.523090839386, -0.405907899141, -0.270461797714],
        "var": [2065.91625977, 226.470596313, 199.338577271, 80.8644790649, 75.3431854248, 72.7210464478, 51.2878074646, 59.2667350769, 77.9674758911, 51.9735908508, 59.415977478, 36.5158004761, 32.8419113159],
        "cov": [[2067.80981445, -207.364013672, -471.572357178, -68.8302383423, -240.427383423, -141.677368164, -132.878158569, -52.7274932861, -204.972671509, -49.5070304871, -146.437271118, -101.442367554, -80.0998382568], [-207.364013672, 226.67817688, 75.9867019653, 7.17695379257, 32.3132286072, 14.9500427246, 9.58933448792, -21.5394515991, -4.08826875687, -19.3003520966, -17.5423069, -6.79002141953, -0.180119946599], [-471.572357178, 75.9867019653, 199.521286011, 65.5924835205, 76.7625656128, 68.9811096191, 49.4444160461, 35.8370056152, 66.1356735229, 25.9813365936, 45.7571907043, 35.3035507202, 31.7168273926], [-68.8302383423, 7.17695379257, 65.5924835205, 80.9385986328, 43.3483505249, 45.9162063599, 27.5298347473, 32.0249710083, 34.0304412842, 26.9725704193, 31.5721492767, 20.9048366547, 18.476266861], [-240.427383423, 32.3132286072, 76.7625656128, 43.3483505249, 75.4122467041, 47.5548362732, 35.1294021606, 25.1394100189, 37.3220100403, 18.7010803223, 28.953748703, 20.9373683929, 18.7237281799], [-141.677368164, 14.9500427246, 68.9811096191, 45.9162063599, 47.5548362732, 72.7877044678, 41.3930053711, 34.9547576904, 36.562461853, 20.554769516, 26.6078624725, 20.8959751129, 18.7586078644], [-132.878158569, 9.58933448792, 49.4444160461, 27.5298347473, 35.1294021606, 41.3930053711, 51.334815979, 36.1215133667, 32.614818573, 19.6647109985, 25.176404953, 18.3611984253, 15.5040044785], [-52.7274932861, -21.5394515991, 35.8370056152, 32.0249710083, 25.1394100189, 34.9547576904, 36.1215133667, 59.321056366, 45.4500236511, 29.9933204651, 30.6128730774, 19.5527629852, 15.940112114], [-204.972671509, -4.08826875687, 66.1356735229, 34.0304412842, 37.3220100403, 36.562461853, 32.614818573, 45.4500236511, 78.0389404297, 43.9147796631, 42.7951545715, 26.5884475708, 20.6709423065], [-49.5070304871, -19.3003520966, 25.9813365936, 26.9725704193, 18.7010803223, 20.554769516, 19.6647109985, 29.9933204651, 43.9147796631, 52.0212287903, 39.0067977905, 18.7759571075, 13.2997789383], [-146.437271118, -17.5423069, 45.7571907043, 31.5721492767, 28.953748703, 26.6078624725, 25.176404953, 30.6128730774, 42.7951545715, 39.0067977905, 59.4704360962, 32.3715438843, 19.2431774139], [-101.442367554, -6.79002141953, 35.3035507202, 20.9048366547, 20.9373683929, 20.8959751129, 18.3611984253, 19.5527629852, 26.5884475708, 18.7759571075, 32.3715438843, 36.5492706299, 20.8926773071], [-80.0998382568, -0.180119946599, 31.7168273926, 18.476266861, 18.7237281799, 18.7586078644, 15.5040044785, 15.940112114, 20.6709423065, 13.2997789383, 19.2431774139, 20.8926773071, 32.872013092]]
    },
    "sccoeffs": {
        "kurt": [0.304022550583, 1.28401231766, 0.520935058594, 0.536248207092, 2.93965482712, 10.4427843094],
        "max": [-0.303427398205, -0.537035107613, -0.729887127876, -0.761120021343, -0.746749460697, -0.619837939739],
        "mean": [-0.578361034393, -0.788598358631, -0.848519265652, -0.847154915333, -0.850575685501, -0.757753252983],
        "median": [-0.577829957008, -0.793430626392, -0.849996805191, -0.849238336086, -0.852678656578, -0.760058760643],
        "min": [-0.854405283928, -0.958991467953, -0.932273030281, -0.912386953831, -0.908453285694, -0.898852646351],
        "skew": [0.207017630339, 0.749094903469, 0.539038717747, 0.497707337141, 1.16653263569, 1.55040371418],
        "var": [0.00569060817361, 0.00309892720543, 0.00085949478671, 0.000503960938659, 0.000368850887753, 0.00039429552271],
        "cov": [[0.00569582404569, 0.00111130136065, 0.000189908954781, 0.000311257434078, 0.000229814046179, 0.000168876242242], [0.00111130136065, 0.00310176750645, 0.00027174432762, 0.000290435011266, 0.000251989753451, 0.000259676919086], [0.000189908954781, 0.00027174432762, 0.000860282569192, 0.00013635965297, 0.00015405328304, 0.000159906237968], [0.000311257434078, 0.000290435011266, 0.00013635965297, 0.000504422874656, 0.000140936797834, 0.000155743386131], [0.000229814046179, 0.000251989753451, 0.00015405328304, 0.000140936797834, 0.000369188986951, 0.000214422310819], [0.000168876242242, 0.000259676919086, 0.000159906237968, 0.000155743386131, 0.000214422310819, 0.000394656934077]]
    },
    "scvalleys": {
        "kurt": [1.63617324829, 1.19381570816, 1.32318210602, 1.7512049675, 4.20291280746, 7.66126060486],
        "max": [-5.36799860001, -5.18310451508, -5.28887224197, -5.92146205902, -5.41814279556, -8.09536170959],
        "mean": [-6.65031147003, -6.73479366302, -7.30995225906, -7.68814468384, -7.78186416626, -10.3304319382],
        "median": [-6.58316850662, -6.7916135788, -7.39088392258, -7.79706287384, -7.90801429749, -10.3817825317],
        "min": [-9.55704593658, -9.33067321777, -10.4165878296, -10.3651943207, -10.6186695099, -13.538143158],
        "skew": [-0.804509162903, 0.167041629553, 0.43736359477, 0.619087517262, 0.901305615902, -0.374869138002],
        "var": [0.26596519351, 0.232098728418, 0.280463665724, 0.256879299879, 0.29108697176, 0.21558919549],
        "cov": [[0.266208976507, 0.0194578319788, 0.0104811210185, 0.00436799740419, 0.0076523902826, 0.0282479338348], [0.0194578319788, 0.232311472297, 0.174237594008, 0.171482458711, 0.174975767732, 0.122112721205], [0.0104811210185, 0.174237594008, 0.280720740557, 0.223282396793, 0.229530513287, 0.162750512362], [0.00436799740419, 0.171482458711, 0.223282396793, 0.257114768028, 0.245019093156, 0.178668573499], [0.0076523902826, 0.174975767732, 0.229530513287, 0.245019093156, 0.291353791952, 0.219326481223], [0.0282479338348, 0.122112721205, 0.162750512362, 0.178668573499, 0.219326481223, 0.215786799788]]
    }
},
"rhythm": {
    "beats_loudness": {
        "kurt": 1.60336065292,
        "max": 0.0119272731245,
        "mean": 0.00352492136881,
        "median": 0.00249976944178,
        "min": 0.000358463323209,
        "skew": 1.59451746941,
        "var": 8.2282049334e-06
    },
    "bpm": 111.298660278,
    "confidence": 0.478913605213,
    "first_peak_bpm": {
        "kurt": 0,
        "max": 110,
        "mean": 110,
        "median": 110,
        "min": 110,
        "skew": 0,
        "var": 0
    },
    "first_peak_spread": {
        "kurt": 0,
        "max": 0.25,
        "mean": 0.25,
        "median": 0.25,
        "min": 0.25,
        "skew": 0,
        "var": 0
    },
    "first_peak_weight": {
        "kurt": 0,
        "max": 0.107142858207,
        "mean": 0.107142858207,
        "median": 0.107142858207,
        "min": 0.107142858207,
        "skew": 0,
        "var": 0
    },
    "onset_rate": 0.473834782839,
    "second_peak_bpm": {
        "kurt": 0,
        "max": 140,
        "mean": 140,
        "median": 140,
        "min": 140,
        "skew": 0,
        "var": 0
    },
    "second_peak_spread": {
        "kurt": 0,
        "max": 0.600000023842,
        "mean": 0.600000023842,
        "median": 0.600000023842,
        "min": 0.600000023842,
        "skew": 0,
        "var": 0
    },
    "second_peak_weight": {
        "kurt": 0,
        "max": 0.107142858207,
        "mean": 0.107142858207,
        "median": 0.107142858207,
        "min": 0.107142858207,
        "skew": 0,
        "var": 0
    },
    "beats_loudness_band_ratio": {
        "kurt": [-0.807394742966, 0.768694639206, 4.63733243942, 0.366548061371, 4.26953792572, 16.6262226105],
        "max": [0.930111944675, 0.837769985199, 0.232150956988, 0.131538003683, 0.223626062274, 0.508700430393],
        "mean": [0.60782790184, 0.233155950904, 0.0549086108804, 0.0376641638577, 0.0441720746458, 0.0559077933431],
        "median": [0.653141736984, 0.176552429795, 0.0423579066992, 0.0241724792868, 0.026118285954, 0.03561129421],
        "min": [0.0379877910018, 0.0250129289925, 0.00731076439843, 0.00476227281615, 0.00404563685879, 0.00538162421435],
        "skew": [-0.566600859165, 1.19519770145, 1.83760797977, 1.12914025784, 2.2039141655, 3.97090101242],
        "var": [0.0591182075441, 0.0328805744648, 0.00164428388234, 0.000927653280087, 0.00221980107017, 0.00694317137823],
        "cov": [[0.0601738914847, -0.0316535718739, -0.00655717682093, -0.00563901336864, -0.0071396031417, -0.0111909946427], [-0.0316535718739, 0.0334677286446, 0.00315523566678, 0.00116935453843, -0.000711928703822, -0.00239093904383], [-0.00655717682093, 0.00315523566678, 0.00167364615481, 0.000678913260344, 0.000718783936463, 0.000841165834572], [-0.00563901336864, 0.00116935453843, 0.000678913260344, 0.000944218540099, 0.00111563235987, 0.00173185567837], [-0.0071396031417, -0.000711928703822, 0.000718783936463, 0.00111563235987, 0.00225944048725, 0.00358598865569], [-0.0111909946427, -0.00239093904383, 0.000841165834572, 0.00173185567837, 0.00358598865569, 0.00706715648994]]
    },
    "beats_position": [0.441179126501, 0.882358253002, 1.31192743778, 1.764716506, 2.22911548615, 2.67029476166, 3.09986400604, 3.54104304314, 3.98222208023, 4.41179132462, 4.82975053787, 5.24770975113, 5.66566896439, 6.07201814651, 6.5015873909, 6.94276618958, 7.37233543396, 7.84834432602, 8.31274318695, 8.78875255585, 9.33442115784, 9.8800907135, 10.4373693466, 10.9830379486, 11.5170974731, 12.0627660751, 12.6084346771, 13.1541042328, 13.6765527725, 14.1990022659, 14.7214508057, 15.1394100189, 15.5689792633, 16.0217685699, 16.4281177521, 16.8344669342, 17.2292060852, 17.6239452362, 17.9838542938, 18.3669834137, 18.7501125336, 19.1332416534, 19.5163707733, 19.8994998932, 20.2942390442, 20.6657600403, 21.0604991913, 21.43201828, 21.7803173065, 22.1518363953, 22.5001354218, 22.8832645416, 23.2431735992, 23.6030826569, 23.9629936218, 24.3345127106, 24.7060317993],
    "bpm_estimates": [109.956848145, 109.95665741, 107.666069031, 109.956848145, 112.34703064, 109.956848145, 109.956848145, 109.95665741, 114.843849182, 114.843635559, 114.843849182],
    "bpm_intervals": [0.441179126501, 0.42956918478, 0.452789068222, 0.464398980141, 0.441179275513, 0.429569244385, 0.441179037094, 0.441179037094, 0.429569244385, 0.417959213257, 0.417959213257, 0.417959213257, 0.406349182129, 0.429569244385, 0.441178798676, 0.429569244385, 0.476008892059, 0.464398860931, 0.476009368896, 0.54566860199, 0.545669555664, 0.557278633118, 0.54566860199, 0.534059524536, 0.54566860199, 0.54566860199, 0.545669555664, 0.522448539734, 0.522449493408, 0.522448539734, 0.417959213257, 0.429569244385, 0.452789306641, 0.406349182129, 0.406349182129, 0.394739151001, 0.394739151001, 0.359909057617, 0.383129119873, 0.383129119873, 0.383129119873, 0.383129119873, 0.383129119873, 0.394739151001, 0.371520996094, 0.394739151001, 0.371519088745, 0.348299026489, 0.371519088745, 0.348299026489, 0.383129119873, 0.359909057617, 0.359909057617, 0.359910964966, 0.371519088745, 0.371519088745],
    "onset_times": [0.0232199542224, 11.0410881042, 13.177324295, 14.4660320282, 14.6750116348, 17.2524261475, 17.7516555786, 19.9343318939, 21.1185493469, 21.4436283112, 21.9892978668, 25.3213596344],
    "histogram": [[0, 0, 0, 0, 0, 0, 0, 0, 0, 0, 0, 0, 0, 0, 0, 0, 0, 0, 0, 0, 0, 0, 0, 0, 0, 0, 0, 0, 0, 0, 0, 0, 0, 0, 0, 0, 0, 0, 0, 0, 0, 0, 0, 0, 0, 0, 0, 0, 0, 0, 0, 0, 0, 0, 0, 0, 0, 0, 0, 0, 0, 0, 0, 0, 0, 0, 0, 0, 0, 0, 0, 0, 0, 0, 0, 0, 0, 0, 0, 0, 0, 0, 0, 0, 0, 0, 0, 0, 0, 0, 0, 0, 0, 0, 0, 0, 0, 0, 0, 0, 0, 0, 0, 0, 0, 0, 0, 0, 0.0178571436554, 0, 0.107142858207, 0, 0.0178571436554, 0, 0, 0.0535714291036, 0, 0, 0, 0, 0, 0, 0, 0, 0, 0, 0.0357142873108, 0, 0, 0.0357142873108, 0, 0, 0, 0.0357142873108, 0, 0, 0.0892857164145, 0, 0, 0, 0.107142858207, 0, 0, 0, 0.0714285746217, 0, 0, 0, 0.0535714291036, 0, 0, 0, 0.0714285746217, 0, 0, 0, 0, 0.107142858207, 0, 0, 0, 0.0892857164145, 0, 0, 0, 0, 0, 0.0714285746217, 0, 0, 0, 0, 0.0357142873108, 0, 0, 0, 0, 0, 0, 0, 0, 0, 0, 0, 0, 0, 0, 0, 0, 0, 0, 0, 0, 0, 0, 0, 0, 0, 0, 0, 0, 0, 0, 0, 0, 0, 0, 0, 0, 0, 0, 0, 0, 0, 0, 0, 0, 0, 0, 0, 0, 0, 0, 0, 0, 0, 0, 0, 0, 0, 0, 0, 0, 0, 0, 0, 0, 0, 0, 0, 0, 0, 0, 0, 0, 0, 0, 0, 0, 0]]
},
"sfx": {
    "inharmonicity": {
        "kurt": 8.55296516418,
        "max": 0.413127869368,
        "mean": 0.0448774062097,
        "median": 0.0296512711793,
        "min": 0,
        "skew": 2.35119462013,
        "var": 0.00229579675943
    },
    "oddtoevenharmonicenergyratio": {
        "kurt": 77.510055542,
        "max": 51.190322876,
        "mean": 1.07387363911,
        "median": 0.10954798758,
        "min": 0,
        "skew": 7.74197673798,
        "var": 13.8849525452
    },
    "pitch_after_max_to_before_max_energy_ratio": 37.1536178589,
    "pitch_centroid": 725.401977539,
    "pitch_max_to_total": 0.00183150183875,
    "pitch_min_to_total": 0.546703279018,
    "tristimulus": {
        "kurt": [-0.280658006668, -0.0670664310455, 0.524147987366],
        "max": [1, 0.811639428139, 1],
        "mean": [0.443493396044, 0.273990184069, 0.282516121864],
        "median": [0.467572510242, 0.245934039354, 0.265128701925],
        "min": [0, 0, 0],
        "skew": [-0.100279279053, 0.593062341213, 0.409154266119],
        "var": [0.0666807666421, 0.0280614867806, 0.0204700529575],
        "cov": [[0.0667418837547, -0.0371701046824, -0.0295718032867], [-0.0371701046824, 0.0280872061849, 0.00908295437694], [-0.0295718032867, 0.00908295437694, 0.0204888153821]]
    }
},
"tonal": {
    "chords_changes_rate": 0.137111514807,
    "chords_number_rate": 0.0237659960985,
    "chords_strength": {
        "kurt": -1.22791743279,
        "max": 0.726897001266,
        "mean": 0.5171007514,
        "median": 0.552007257938,
        "min": 0.264971643686,
        "skew": -0.374554246664,
        "var": 0.0175643134862
    },
    "key_strength": 0.69652146101,
    "tuning_diatonic_strength": 0.646475017071,
    "tuning_equal_tempered_deviation": 0.180073797703,
    "tuning_frequency": 435.952270508,
