{
"metadata": {
    "version": {
        "essentia": "2.1-beta3"
    }
},
"lowLevel": {
    "average_loudness": 0.744667470455,
    "barkbands_kurtosis": {
        "kurt": 2.02097702026,
        "max": 31.4758415222,
        "mean": 6.51071977615,
        "median": 6.4424495697,
        "min": -1.61646437645,
        "skew": 0.925451815128,
        "var": 32.1919784546
    },
    "barkbands_skewness": {
        "kurt": 1.91632652283,
        "max": 3.87001466751,
        "mean": 1.72726559639,
        "median": 1.82122838497,
        "min": -1.62342226505,
        "skew": -0.689531981945,
        "var": 0.750185489655
    },
    "barkbands_spread": {
        "kurt": 5.68350696564,
        "max": 72.6104049683,
        "mean": 13.893283844,
        "median": 11.0270824432,
        "min": 1.47502589226,
        "skew": 1.8688492775,
        "var": 124.03691864
    },
    "dissonance": {
        "kurt": -0.544011354446,
        "max": 0.499994069338,
        "mean": 0.459571182728,
        "median": 0.469683110714,
        "min": 0.374807357788,
        "skew": -0.707627117634,
        "var": 0.00101823103614
    },
    "hfc": {
        "kurt": 8.09449768066,
        "max": 4.24801015854,
        "mean": 0.363297849894,
        "median": 0.00746944313869,
        "min": 1.30783157605e-16,
        "skew": 2.93856954575,
        "var": 0.730838537216
    },
    "pitch": {
        "kurt": 10.7428483963,
        "max": 4057.46557617,
        "mean": 556.929931641,
        "median": 403.197814941,
        "min": 56.7992362976,
        "skew": 3.49862456322,
        "var": 723395
    },
    "pitch_instantaneous_confidence": {
        "kurt": -0.0479755401611,
        "max": 0.741031169891,
        "mean": 0.358204960823,
        "median": 0.351972997189,
        "min": 0.0906857848167,
        "skew": 0.434563010931,
        "var": 0.0158119872212
    },
    "pitch_salience": {
        "kurt": 0.177527666092,
        "max": 0.848963022232,
        "mean": 0.720738351345,
        "median": 0.736179709435,
        "min": 0.442649185658,
        "skew": -0.761653244495,
        "var": 0.00659621041268
    },
    "silence_rate_20dB": {
        "kurt": 0,
        "max": 1,
        "mean": 1,
        "median": 1,
        "min": 1,
        "skew": 0,
        "var": 0
    },
    "silence_rate_30dB": {
        "kurt": 0,
        "max": 1,
        "mean": 1,
        "median": 1,
        "min": 1,
        "skew": 0,
        "var": 0
    },
    "silence_rate_60dB": {
        "kurt": 0,
        "max": 1,
        "mean": 1,
        "median": 1,
        "min": 1,
        "skew": 0,
        "var": 0
    },
    "spectral_centroid": {
        "kurt": 12.6164264679,
        "max": 3854.82446289,
        "mean": 761.568847656,
        "median": 521.314331055,
        "min": 308.004516602,
        "skew": 3.13153815269,
        "var": 325298.75
    },
    "spectral_complexity": {
        "kurt": 7.47189044952,
        "max": 13,
        "mean": 1.05263161659,
        "median": 0,
        "min": 0,
        "skew": 2.79107785225,
        "var": 6.27792930603
    },
    "spectral_crest": {
        "kurt": -0.217573165894,
        "max": 19.5226020813,
        "mean": 9.31686878204,
        "median": 8.8228263855,
        "min": 2.90743041039,
        "skew": 0.460249215364,
        "var": 11.637336731
    },
    "spectral_decrease": {
        "kurt": 7.56684875488,
        "max": -1.03046866267e-26,
        "mean": -6.89553900091e-11,
        "median": -4.4574222785e-12,
        "min": -7.15324466327e-10,
        "skew": -2.81092333794,
        "var": 2.1372031892e-20
    },
    "spectral_energy": {
        "kurt": 7.56787109375,
        "max": 0.00308510567993,
        "mean": 0.000293205666821,
        "median": 1.75567820406e-05,
        "min": 5.07546520882e-20,
        "skew": 2.81598687172,
        "var": 3.94098293555e-07
    },
    "spectral_energyband_high": {
        "kurt": 11.4552049637,
        "max": 0.000290990603389,
        "mean": 1.95717038878e-05,
        "median": 1.8991329398e-08,
        "min": 7.96737377175e-21,
        "skew": 3.41336727142,
        "var": 2.77635514578e-09
    },
    "spectral_energyband_low": {
        "kurt": 15.8629493713,
        "max": 0.00017192523228,
        "mean": 1.0248464605e-05,
        "median": 7.40603695704e-07,
        "min": 2.86188949995e-20,
        "skew": 3.91362929344,
        "var": 7.77492570325e-10
    },
    "spectral_energyband_middle_high": {
        "kurt": 7.35364818573,
        "max": 0.00107082386967,
        "mean": 9.19045633054e-05,
        "median": 1.12109523798e-06,
        "min": 2.82507362151e-21,
        "skew": 2.77341341972,
        "var": 4.33615880979e-08
    },
    "spectral_energyband_middle_low": {
        "kurt": 8.45929145813,
        "max": 0.0017896060599,
        "mean": 0.000176645000465,
        "median": 1.55469369929e-05,
        "min": 1.10276900066e-20,
        "skew": 2.9364066124,
        "var": 1.34980481903e-07
    },
    "spectral_flatness_db": {
        "kurt": -0.540820837021,
        "max": 0.290598928928,
        "mean": 0.17669659853,
        "median": 0.177805557847,
        "min": 0.0631470307708,
        "skew": 0.234812632203,
        "var": 0.00199188222177
    },
    "spectral_flux": {
        "kurt": 2.82367897034,
        "max": 0.042912799865,
        "mean": 0.00724890735,
        "median": 0.00286122318357,
        "min": 1.52164659539e-06,
        "skew": 1.82206737995,
        "var": 9.04000044102e-05
    },
    "spectral_kurtosis": {
        "kurt": 1.33390808105,
        "max": 31.0727920532,
        "mean": 7.33463001251,
        "median": 4.39720630646,
        "min": -1.28722417355,
        "skew": 1.40407621861,
        "var": 43.1590270996
    },
    "spectral_rms": {
        "kurt": 2.11888170242,
        "max": 0.00173489458393,
        "mean": 0.000328792841174,
        "median": 0.000130608634208,
        "min": 7.03681253891e-12,
        "skew": 1.69896805286,
        "var": 1.77949601721e-07
    },
    "spectral_rolloff": {
        "kurt": 3.20163345337,
        "max": 7084.42382812,
        "mean": 1305.78100586,
        "median": 635.229492188,
        "min": 344.53125,
        "skew": 1.83165740967,
        "var": 1702361.875
    },
    "spectral_skewness": {
        "kurt": -0.602273702621,
        "max": 4.43228626251,
        "mean": 2.17452263832,
        "median": 1.94582486153,
        "min": 0.307403445244,
        "skew": 0.605896949768,
        "var": 0.840335667133
    },
    "spectral_spread": {
        "kurt": 66.5084075928,
        "max": 51421344,
        "mean": 5595375,
        "median": 4565402,
        "min": 2054878.875,
        "skew": 7.37746191025,
        "var": 2.36084600504e+13
    },
    "spectral_strongpeak": {
        "kurt": 3.46473693848,
        "max": 0.304085552692,
        "mean": 0.0487040691078,
        "median": 0.0191187001765,
        "min": 0,
        "skew": 1.97621846199,
        "var": 0.00455106236041
    },
    "zerocrossingrate": {
        "kurt": 32.6271324158,
        "max": 0.42578125,
        "mean": 0.0542035028338,
        "median": 0.042236328125,
        "min": 0.02001953125,
        "skew": 4.94760799408,
        "var": 0.00227139494382
    },
    "barkbands": {
        "kurt": [31.0489997864, 16.2356204987, 26.3214855194, 36.3223266602, 20.1678066254, 9.31718826294, 25.5332870483, 9.10992527008, 9.60127162933, 5.93513679504, 10.9358472824, 42.3594779968, 6.94091415405, 5.70172977448, 9.47634601593, 7.99887180328, 10.2734375, 19.9738368988, 5.7457036972, 15.4971942902, 9.31275939941, 8.6268081665, 10.567984581, 13.4939441681, 11.5380125046, 14.3487224579, 19.3195705414],
        "max": [5.15356168762e-06, 5.75179692532e-05, 0.000115746515803, 0.000118863434182, 0.000289342482574, 0.000557137362193, 0.00117844901979, 0.000201701113838, 0.000269479322014, 0.000207664852496, 0.000185259923455, 0.0001834511786, 2.0444378606e-05, 2.25833337026e-05, 4.52719614259e-05, 4.31108492194e-05, 6.36081531411e-05, 0.000299251580145, 0.000135506255901, 0.000310956005706, 0.000114280388516, 3.39688522217e-05, 6.50413039693e-06, 2.52692598224e-06, 6.01233125508e-07, 5.77055114803e-09, 2.56181964531e-10],
        "mean": [1.79874945161e-07, 3.39459143106e-06, 4.79528307551e-06, 4.37332892034e-06, 1.6887068341e-05, 4.89267877128e-05, 6.102864063e-05, 1.79148701136e-05, 2.19310022658e-05, 2.08245674003e-05, 1.27427592815e-05, 7.09728465154e-06, 1.86353781828e-06, 2.17101296585e-06, 3.8079724618e-06, 3.59653336091e-06, 4.79480650029e-06, 1.5054256437e-05, 1.32895020215e-05, 1.68674196175e-05, 8.42146982905e-06, 2.6056036404e-06, 4.37290395894e-07, 1.61654909903e-07, 3.84292668798e-08, 3.87295417958e-10, 1.36709185639e-11],
        "median": [1.08934825604e-08, 2.97993153708e-07, 1.65791533391e-07, 2.10332331108e-07, 8.00932070888e-07, 4.05135961046e-06, 3.88568514609e-06, 1.07297660179e-06, 1.0601976328e-06, 6.99861686826e-07, 2.0438659476e-07, 8.47880983201e-08, 2.36804407194e-08, 2.65298041313e-08, 2.96571069924e-08, 1.71653127268e-08, 1.98172003252e-08, 1.61350985906e-08, 1.71215184253e-08, 1.18887868439e-08, 8.39944824804e-09, 3.19036330687e-09, 9.54108569928e-10, 6.83083423159e-10, 5.85114512397e-10, 4.91705218209e-11, 7.85765549849e-13],
        "min": [4.43754287419e-21, 1.29020004953e-20, 1.03548432018e-20, 4.9399306961e-21, 3.22821027124e-21, 1.1534853908e-21, 6.468353471e-22, 5.5840976991e-22, 3.76352007339e-22, 3.52249037645e-22, 2.28042774522e-22, 2.42235606519e-22, 1.95694327724e-22, 2.39829340944e-22, 2.60876528549e-22, 2.32024313282e-22, 2.79061476353e-22, 2.5835308242e-22, 4.563326329e-22, 3.7378054798e-22, 3.89688704373e-22, 7.29537000048e-22, 6.48137712278e-22, 8.22983670589e-22, 1.48790445542e-21, 1.66913263925e-21, 2.32228614373e-21],
        "skew": [5.27366447449, 3.86293363571, 4.88441133499, 5.57490682602, 4.17577648163, 2.97535014153, 4.57782649994, 3.06492543221, 2.99442458153, 2.46318840981, 3.1231482029, 5.78830766678, 2.77417421341, 2.49073863029, 3.07813429832, 2.90027666092, 3.22192239761, 4.25063228607, 2.63032150269, 3.8813290596, 3.14135813713, 3.06815671921, 3.29824447632, 3.57570123672, 3.46551179886, 3.82789754868, 4.06804656982],
        "var": [4.32859829794e-13, 7.70539465567e-11, 2.39152586623e-10, 2.06072756082e-10, 1.71886005429e-09, 9.94092985707e-09, 2.34729551352e-08, 1.62140045834e-09, 2.14003104126e-09, 1.69918878967e-09, 8.86504369912e-10, 4.38645758605e-10, 1.82169886814e-11, 2.11302780828e-11, 7.83818079886e-11, 7.29356436358e-11, 1.36906513903e-10, 1.93678761917e-09, 9.88283677117e-10, 2.4481487948e-09, 4.6712433921e-10, 4.55526311116e-11, 1.3927796633e-12, 1.9628199619e-13, 1.23252111438e-14, 1.16476956415e-18, 1.30274504323e-21],
        "cov": [[4.36690451595e-13, 3.26907554846e-12, 8.80737930503e-12, 7.11110901067e-12, 2.3149256817e-11, 4.41638184356e-11, 5.67876475011e-11, 1.30414099658e-11, 1.86022586224e-11, 1.31557108957e-11, 1.14820436145e-11, 6.33597297892e-12, 2.25462487222e-12, 1.60319706729e-12, 4.11977743586e-12, 4.39173176991e-12, 6.46164025064e-12, 2.71980042654e-11, 1.66211697183e-11, 2.65649273412e-11, 1.26180108029e-11, 3.9453228011e-12, 6.93491867664e-13, 2.62961581763e-13, 6.67733826131e-14, 6.38483377124e-16, 1.53156163096e-17], [3.26907554846e-12, 7.77358455384e-11, 1.0157012037e-10, 8.3545267926e-11, 2.89444940238e-10, 7.15471348833e-10, 8.42656389111e-10, 2.62802946072e-10, 3.44408279673e-10, 2.64537669548e-10, 1.82883555522e-10, 9.89245491079e-11, 3.01957660265e-11, 2.59473362935e-11, 6.00345051449e-11, 5.60928872795e-11, 7.25885254682e-11, 2.74661432487e-10, 2.28467453289e-10, 3.07453285053e-10, 1.52816759247e-10, 4.59044642576e-11, 8.56586503117e-12, 3.08988251652e-12, 7.78346842274e-13, 6.70799399304e-15, 1.64101555928e-16], [8.80737930503e-12, 1.0157012037e-10, 2.41268977019e-10, 1.69170774611e-10, 5.75023362259e-10, 1.17345777539e-09, 1.29050137243e-09, 3.66275232366e-10, 5.15186837635e-10, 3.70075581291e-10, 3.14690468128e-10, 1.32194602487e-10, 5.1803696749e-11, 3.68663849448e-11, 9.44523140256e-11, 1.05069210277e-10, 1.28839938718e-10, 5.78499304016e-10, 3.89114601651e-10, 5.76265479779e-10, 2.97946251004e-10, 9.17349807228e-11, 1.59113121984e-11, 6.02835880173e-12, 1.48445448642e-12, 1.36828321636e-14, 3.00732059901e-16], [7.11110901067e-12, 8.3545267926e-11, 1.69170774611e-10, 2.07896408422e-10, 4.93644181088e-10, 8.8503793183e-10, 9.95711180174e-10, 2.67279365307e-10, 3.79006354079e-10, 2.78632561468e-10, 2.16090229044e-10, 1.16719481302e-10, 4.33218565188e-11, 3.21076082388e-11, 7.80476031026e-11, 8.32422880626e-11, 1.23153889864e-10, 5.0801546303e-10, 3.42417205701e-10, 5.01608310444e-10, 2.42797615346e-10, 7.63440977103e-11, 1.39740276642e-11, 5.54481200538e-12, 1.3254856197e-12, 1.32833993777e-14, 2.38950959036e-16], [2.3149256817e-11, 2.89444940238e-10, 5.75023362259e-10, 4.93644181088e-10, 1.73407121995e-09, 3.53429774336e-09, 4.84482276519e-09, 1.00662500557e-09, 1.48012613277e-09, 1.25714616495e-09, 7.96766985722e-10, 5.68141367285e-10, 1.56951632246e-10, 1.35468275486e-10, 3.02934233254e-10, 2.81739021002e-10, 4.05023542482e-10, 1.66159241921e-09, 1.1079090978e-09, 1.79203085704e-09, 8.02814259515e-10, 2.51155651831e-10, 4.52332928058e-11, 1.73780954904e-11, 4.21702690129e-12, 4.06514252327e-14, 8.89795617355e-16], [4.41638184356e-11, 7.15471348833e-10, 1.17345777539e-09, 8.8503793183e-10, 3.53429774336e-09, 1.00289021532e-08, 1.23820660392e-08, 3.41144201776e-09, 4.20588586181e-09, 3.28911742287e-09, 2.11489870061e-09, 1.31026800521e-09, 3.45742295904e-10, 3.65633051613e-10, 7.95669086173e-10, 6.57980003815e-10, 9.73142011418e-10, 3.61811780536e-09, 2.68848210361e-09, 3.66688701625e-09, 1.79231107733e-09, 5.66772906385e-10, 9.7904073737e-11, 3.69201370864e-11, 8.79754949445e-12, 8.31279625213e-14, 2.65609330523e-15], [5.67876475011e-11, 8.42656389111e-10, 1.29050137243e-09, 9.95711180174e-10, 4.84482276519e-09, 1.23820660392e-08, 2.36806805276e-08, 3.94124555214e-09, 5.56582113731e-09, 5.44437250838e-09, 2.8602444857e-09, 3.0091278358e-09, 5.27441035292e-10, 5.63238511386e-10, 1.11527331814e-09, 8.51364256871e-10, 1.40395761683e-09, 5.04715069738e-09, 3.64516505869e-09, 6.54911236353e-09, 2.37640240819e-09, 7.71809005595e-10, 1.38076480805e-10, 5.01848736179e-11, 1.23513768657e-11, 1.27875384977e-13, 3.612144475e-15], [1.30414099658e-11, 2.62802946072e-10, 3.66275232366e-10, 2.67279365307e-10, 1.00662500557e-09, 3.41144201776e-09, 3.94124555214e-09, 1.63574909173e-09, 1.54704427047e-09, 1.1956453605e-09, 9.79954339897e-10, 4.42093694986e-10, 1.18394238857e-10, 1.4319108399e-10, 3.04615888069e-10, 2.63028515635e-10, 3.62195579084e-10, 1.16493648061e-09, 1.07218367518e-09, 1.16208709322e-09, 6.40240804817e-10, 2.06840627959e-10, 3.35887810621e-11, 1.2602135481e-11, 2.98261046937e-12, 2.61648324941e-14, 1.04334426773e-15], [1.86022586224e-11, 3.44408279673e-10, 5.15186837635e-10, 3.79006354079e-10, 1.48012613277e-09, 4.20588586181e-09, 5.56582113731e-09, 1.54704427047e-09, 2.15896944766e-09, 1.67621838632e-09, 1.10865328029e-09, 6.52014275904e-10, 1.63164898259e-10, 1.70398264943e-10, 3.37939093376e-10, 3.16564219283e-10, 4.26385787788e-10, 1.64836022609e-09, 1.2654393089e-09, 1.73143122062e-09, 8.50438275357e-10, 2.58760624039e-10, 4.61316679301e-11, 1.65500980975e-11, 4.05345288584e-12, 3.7582577431e-14, 1.05914386741e-15], [1.31557108957e-11, 2.64537669548e-10, 3.70075581291e-10, 2.78632561468e-10, 1.25714616495e-09, 3.28911742287e-09, 5.44437250838e-09, 1.1956453605e-09, 1.67621838632e-09, 1.71422587236e-09, 9.88369275312e-10, 7.26932181117e-10, 1.47322876121e-10, 1.6820356219e-10, 2.7848581774e-10, 2.66755201261e-10, 3.45100142907e-10, 1.27489541146e-09, 1.03426589515e-09, 1.58363600011e-09, 6.8402472575e-10, 2.11621623003e-10, 3.69805887301e-11, 1.33643695069e-11, 3.22337295744e-12, 3.05341011806e-14, 8.32247722462e-16], [1.14820436145e-11, 1.82883555522e-10, 3.14690468128e-10, 2.16090229044e-10, 7.96766985722e-10, 2.11489870061e-09, 2.8602444857e-09, 9.79954339897e-10, 1.10865328029e-09, 9.88369275312e-10, 8.94349538871e-10, 4.0662576084e-10, 1.02878594532e-10, 1.09602701914e-10, 1.91799007232e-10, 2.31995173072e-10, 2.59314014706e-10, 9.22077525445e-10, 8.26096691053e-10, 1.07893516343e-09, 5.51992229703e-10, 1.71475639243e-10, 2.79049092861e-11, 1.00870700681e-11, 2.51572222255e-12, 2.23501891229e-14, 6.5910259428e-16], [6.33597297892e-12, 9.89245491079e-11, 1.32194602487e-10, 1.16719481302e-10, 5.68141367285e-10, 1.31026800521e-09, 3.0091278358e-09, 4.42093694986e-10, 6.52014275904e-10, 7.26932181117e-10, 4.0662576084e-10, 4.42527597899e-10, 6.85338591433e-11, 7.71569544367e-11, 1.35626010422e-10, 1.11770800948e-10, 1.77626496844e-10, 5.95968940864e-10, 4.67238969737e-10, 8.86445528092e-10, 2.94743146556e-10, 9.62421808914e-11, 1.7138507627e-11, 6.17852513943e-12, 1.55915807609e-12, 1.62494377085e-14, 4.26928639976e-16], [2.25462487222e-12, 3.01957660265e-11, 5.1803696749e-11, 4.33218565188e-11, 1.56951632246e-10, 3.45742295904e-10, 5.27441035292e-10, 1.18394238857e-10, 1.63164898259e-10, 1.47322876121e-10, 1.02878594532e-10, 6.85338591433e-11, 1.83782017382e-11, 1.55990862588e-11, 3.15646883631e-11, 3.21417371885e-11, 4.46286757549e-11, 1.69005906492e-10, 1.23024215815e-10, 1.95783847468e-10, 8.66496249752e-11, 2.67176766822e-11, 4.75387134172e-12, 1.72888645674e-12, 4.38348061191e-13, 4.12897433326e-15, 9.94120681766e-17], [1.60319706729e-12, 2.59473362935e-11, 3.68663849448e-11, 3.21076082388e-11, 1.35468275486e-10, 3.65633051613e-10, 5.63238511386e-10, 1.4319108399e-10, 1.70398264943e-10, 1.6820356219e-10, 1.09602701914e-10, 7.71569544367e-11, 1.55990862588e-11, 2.13172725999e-11, 3.48422020402e-11, 3.14474418728e-11, 4.31713102766e-11, 1.42242009837e-10, 1.17648710218e-10, 1.67463154455e-10, 7.45254066792e-11, 2.3982623179e-11, 4.00324478428e-12, 1.51848835155e-12, 3.56909190787e-13, 3.44171466974e-15, 1.14446658145e-16], [4.11977743586e-12, 6.00345051449e-11, 9.44523140256e-11, 7.80476031026e-11, 3.02934233254e-10, 7.95669086173e-10, 1.11527331814e-09, 3.04615888069e-10, 3.37939093376e-10, 2.7848581774e-10, 1.91799007232e-10, 1.35626010422e-10, 3.15646883631e-11, 3.48422020402e-11, 7.90754545177e-11, 6.09758354919e-11, 9.73850583508e-11, 3.22751964044e-10, 2.52246501464e-10, 3.59594631849e-10, 1.60131963245e-10, 5.1808664997e-11, 8.92230647004e-12, 3.39102487409e-12, 8.24601021146e-13, 7.84840061322e-15, 2.68426276232e-16], [4.39173176991e-12, 5.60928872795e-11, 1.05069210277e-10, 8.32422880626e-11, 2.81739021002e-10, 6.57980003815e-10, 8.51364256871e-10, 2.63028515635e-10, 3.16564219283e-10, 2.66755201261e-10, 2.31995173072e-10, 1.11770800948e-10, 3.21417371885e-11, 3.14474418728e-11, 6.09758354919e-11, 7.35810926078e-11, 8.53596360262e-11, 3.09737097082e-10, 2.52549009483e-10, 3.57233825854e-10, 1.76981138078e-10, 5.47736717094e-11, 9.16130105805e-12, 3.39041251671e-12, 8.61857460399e-13, 7.72811007625e-15, 2.28882410741e-16], [6.46164025064e-12, 7.25885254682e-11, 1.28839938718e-10, 1.23153889864e-10, 4.05023542482e-10, 9.73142011418e-10, 1.40395761683e-09, 3.62195579084e-10, 4.26385787788e-10, 3.45100142907e-10, 2.59314014706e-10, 1.77626496844e-10, 4.46286757549e-11, 4.31713102766e-11, 9.73850583508e-11, 8.53596360262e-11, 1.38118072535e-10, 4.76880812617e-10, 3.50767553892e-10, 5.17074383311e-10, 2.30048716188e-10, 7.4013455087e-11, 1.27878506395e-11, 4.83044854116e-12, 1.20561275806e-12, 1.17337729295e-14, 3.58888733254e-16], [2.71980042654e-11, 2.74661432487e-10, 5.78499304016e-10, 5.0801546303e-10, 1.66159241921e-09, 3.61811780536e-09, 5.04715069738e-09, 1.16493648061e-09, 1.64836022609e-09, 1.27489541146e-09, 9.22077525445e-10, 5.95968940864e-10, 1.69005906492e-10, 1.42242009837e-10, 3.22751964044e-10, 3.09737097082e-10, 4.76880812617e-10, 1.95392724223e-09, 1.26053967264e-09, 1.95390836844e-09, 9.01682173371e-10, 2.80214185189e-10, 5.0381691874e-11, 1.88679124408e-11, 4.68623403971e-12, 4.57967980216e-14, 1.06034241903e-15], [1.66211697183e-11, 2.28467453289e-10, 3.89114601651e-10, 3.42417205701e-10, 1.1079090978e-09, 2.68848210361e-09, 3.64516505869e-09, 1.07218367518e-09, 1.2654393089e-09, 1.03426589515e-09, 8.26096691053e-10, 4.67238969737e-10, 1.23024215815e-10, 1.17648710218e-10, 2.52246501464e-10, 2.52549009483e-10, 3.50767553892e-10, 1.26053967264e-09, 9.97029570016e-10, 1.39177547265e-09, 6.58910981333e-10, 2.08267139645e-10, 3.58149829238e-11, 1.33386409557e-11, 3.3354425992e-12, 3.11191366729e-14, 8.93869528194e-16], [2.65649273412e-11, 3.07453285053e-10, 5.76265479779e-10, 5.01608310444e-10, 1.79203085704e-09, 3.66688701625e-09, 6.54911236353e-09, 1.16208709322e-09, 1.73143122062e-09, 1.58363600011e-09, 1.07893516343e-09, 8.86445528092e-10, 1.95783847468e-10, 1.67463154455e-10, 3.59594631849e-10, 3.57233825854e-10, 5.17074383311e-10, 1.95390836844e-09, 1.39177547265e-09, 2.46981390895e-09, 9.77679381897e-10, 3.0718286248e-10, 5.48540483869e-11, 2.00282360141e-11, 5.19346284727e-12, 5.11625484546e-14, 1.22687269635e-15], [1.26180108029e-11, 1.52816759247e-10, 2.97946251004e-10, 2.42797615346e-10, 8.02814259515e-10, 1.79231107733e-09, 2.37640240819e-09, 6.40240804817e-10, 8.50438275357e-10, 6.8402472575e-10, 5.51992229703e-10, 2.94743146556e-10, 8.66496249752e-11, 7.45254066792e-11, 1.60131963245e-10, 1.76981138078e-10, 2.30048716188e-10, 9.01682173371e-10, 6.58910981333e-10, 9.77679381897e-10, 4.71258199131e-10, 1.4468501397e-10, 2.52528119943e-11, 9.31670452592e-12, 2.35777846899e-12, 2.19144821511e-14, 5.57350220392e-16], [3.9453228011e-12, 4.59044642576e-11, 9.17349807228e-11, 7.63440977103e-11, 2.51155651831e-10, 5.66772906385e-10, 7.71809005595e-10, 2.06840627959e-10, 2.58760624039e-10, 2.11621623003e-10, 1.71475639243e-10, 9.62421808914e-11, 2.67176766822e-11, 2.3982623179e-11, 5.1808664997e-11, 5.47736717094e-11, 7.4013455087e-11, 2.80214185189e-10, 2.08267139645e-10, 3.0718286248e-10, 1.4468501397e-10, 4.59557496224e-11, 7.81213895656e-12, 2.94090468124e-12, 7.32991792263e-13, 6.94338233149e-15, 1.89647738745e-16], [6.93491867664e-13, 8.56586503117e-12, 1.59113121984e-11, 1.39740276642e-11, 4.52332928058e-11, 9.7904073737e-11, 1.38076480805e-10, 3.35887810621e-11, 4.61316679301e-11, 3.69805887301e-11, 2.79049092861e-11, 1.7138507627e-11, 4.75387134172e-12, 4.00324478428e-12, 8.92230647004e-12, 9.16130105805e-12, 1.27878506395e-11, 5.0381691874e-11, 3.58149829238e-11, 5.48540483869e-11, 2.52528119943e-11, 7.81213895656e-12, 1.40510509044e-12, 5.18686927176e-13, 1.30543023765e-13, 1.24140005255e-15, 2.94274730697e-17], [2.62961581763e-13, 3.08988251652e-12, 6.02835880173e-12, 5.54481200538e-12, 1.73780954904e-11, 3.69201370864e-11, 5.01848736179e-11, 1.2602135481e-11, 1.65500980975e-11, 1.33643695069e-11, 1.00870700681e-11, 6.17852513943e-12, 1.72888645674e-12, 1.51848835155e-12, 3.39102487409e-12, 3.39041251671e-12, 4.83044854116e-12, 1.88679124408e-11, 1.33386409557e-11, 2.00282360141e-11, 9.31670452592e-12, 2.94090468124e-12, 5.18686927176e-13, 1.98019010043e-13, 4.86500251163e-14, 4.66698795613e-16, 1.13768014355e-17], [6.67733826131e-14, 7.78346842274e-13, 1.48445448642e-12, 1.3254856197e-12, 4.21702690129e-12, 8.79754949445e-12, 1.23513768657e-11, 2.98261046937e-12, 4.05345288584e-12, 3.22337295744e-12, 2.51572222255e-12, 1.55915807609e-12, 4.38348061191e-13, 3.56909190787e-13, 8.24601021146e-13, 8.61857460399e-13, 1.20561275806e-12, 4.68623403971e-12, 3.3354425992e-12, 5.19346284727e-12, 2.35777846899e-12, 7.32991792263e-13, 1.30543023765e-13, 4.86500251163e-14, 1.24342835765e-14, 1.17195160945e-16, 2.86249718043e-18], [6.38483377124e-16, 6.70799399304e-15, 1.36828321636e-14, 1.32833993777e-14, 4.06514252327e-14, 8.31279625213e-14, 1.27875384977e-13, 2.61648324941e-14, 3.7582577431e-14, 3.05341011806e-14, 2.23501891229e-14, 1.62494377085e-14, 4.12897433326e-15, 3.44171466974e-15, 7.84840061322e-15, 7.72811007625e-15, 1.17337729295e-14, 4.57967980216e-14, 3.11191366729e-14, 5.11625484546e-14, 2.19144821511e-14, 6.94338233149e-15, 1.24140005255e-15, 4.66698795613e-16, 1.17195160945e-16, 1.17507726856e-18, 2.73688473794e-20], [1.53156163096e-17, 1.64101555928e-16, 3.00732059901e-16, 2.38950959036e-16, 8.89795617355e-16, 2.65609330523e-15, 3.612144475e-15, 1.04334426773e-15, 1.05914386741e-15, 8.32247722462e-16, 6.5910259428e-16, 4.26928639976e-16, 9.94120681766e-17, 1.14446658145e-16, 2.68426276232e-16, 2.28882410741e-16, 3.58888733254e-16, 1.06034241903e-15, 8.93869528194e-16, 1.22687269635e-15, 5.57350220392e-16, 1.89647738745e-16, 2.94274730697e-17, 1.13768014355e-17, 2.86249718043e-18, 2.73688473794e-20, 1.31427377205e-21]]
    },
    "mfcc": {
        "kurt": [-0.903795003891, -0.614958524704, -1.4967148304, -0.210425853729, -1.10869240761, -0.590943574905, -0.250885248184, 0.0486118793488, 0.391168117523, -0.399048089981, -0.440096855164, 0.0446455478668, 0.385604381561],
        "max": [-698.482116699, 141.650665283, 56.6177711487, 70.255569458, 20.4493713379, 14.3541717529, 9.29802322388, 5.43493652344, 9.58706283569, 11.8113040924, 15.8786888123, 16.3453235626, 13.6659164429],
        "mean": [-979.909729004, 92.3432922363, 11.1842279434, 18.2331924438, -19.2627677917, -18.5721969604, -9.51173496246, -6.16802215576, -1.67499792576, -1.72111964226, -1.70095539093, -0.37213113904, 2.37262177467],
        "median": [-1036.17089844, 104.869651794, 24.3158435822, 18.3459510803, -21.0448570251, -19.686050415, -9.53456783295, -5.86515808105, -1.83144760132, -1.90786361694, -2.31149482727, -0.573543548584, 2.58844947815],
        "min": [-1138.42004395, 1.14440917969e-05, -50.3156204224, -17.6815605164, -54.3876113892, -48.3061943054, -26.0593490601, -21.2519226074, -19.0648193359, -15.570350647, -16.3604640961, -17.5365219116, -14.5710792542],
        "skew": [0.684603631496, -0.667208909988, -0.34111481905, 0.322616815567, 0.10926669836, 0.0459141992033, -0.0139221511781, -0.432072222233, -0.36272329092, -0.0587762482464, 0.305727958679, 0.140351325274, -0.330954730511],
        "var": [17100.984375, 1443.10192871, 1220.80786133, 318.346466064, 353.165222168, 168.514450073, 51.1783714294, 33.8101158142, 28.2216434479, 34.4346084595, 42.4196434021, 37.2264595032, 26.3531265259],
        "cov": [[17252.3203125, 3521.9309082, -4005.56640625, 1550.46533203, -2125.08911133, -607.66998291, 140.496780396, -56.5088882446, -61.7767486572, -369.130706787, -475.303070068, -389.841064453, -247.065155029], [3521.9309082, 1455.87280273, -632.830871582, 73.4292602539, -583.989074707, -403.465301514, -79.5792312622, -83.8317642212, -32.985168457, -112.453422546, -157.662200928, -137.821456909, -66.474105835], [-4005.56640625, -632.830871582, 1231.6114502, -385.248382568, 473.817199707, 96.5112075806, -93.0014572144, 20.1417388916, -0.321707695723, 93.1397094727, 117.530410767, 99.1887130737, 78.4373626709], [1550.46533203, 73.4292602539, -385.248382568, 321.163696289, -98.0724487305, 65.5998153687, 60.887348175, 16.5090637207, 13.6125516891, -13.0157823563, -5.65239286423, -2.97459602356, -14.1415910721], [-2125.08911133, -583.989074707, 473.817199707, -98.0724487305, 356.290588379, 153.872161865, 14.9259347916, 23.671131134, 6.21617269516, 59.8796081543, 82.0248260498, 71.264831543, 42.383731842], [-607.66998291, -403.465301514, 96.5112075806, 65.5998153687, 153.872161865, 170.005722046, 52.45129776, 40.7704963684, 16.3299179077, 33.2953910828, 49.2238960266, 39.9525146484, 19.7207489014], [140.496780396, -79.5792312622, -93.0014572144, 60.887348175, 14.9259347916, 52.45129776, 51.6312789917, 22.4816589355, 17.241361618, 4.2234992981, 4.51292181015, 3.64967179298, -4.84960794449], [-56.5088882446, -83.8317642212, 20.1417388916, 16.5090637207, 23.671131134, 40.7704963684, 22.4816589355, 34.1093177795, 13.5511522293, 15.0265846252, 13.7920875549, 6.03191709518, 2.2580935955], [-61.7767486572, -32.985168457, -0.321707695723, 13.6125516891, 6.21617269516, 16.3299179077, 17.241361618, 13.5511522293, 28.4713916779, 15.8746118546, 11.0028858185, 5.03612375259, -2.34903073311], [-369.130706787, -112.453422546, 93.1397094727, -13.0157823563, 59.8796081543, 33.2953910828, 4.2234992981, 15.0265846252, 15.8746118546, 34.7393379211, 30.5781707764, 22.31889534, 12.4013557434], [-475.303070068, -157.662200928, 117.530410767, -5.65239286423, 82.0248260498, 49.2238960266, 4.51292181015, 13.7920875549, 11.0028858185, 30.5781707764, 42.7950401306, 31.4603805542, 15.5376729965], [-389.841064453, -137.821456909, 99.1887130737, -2.97459602356, 71.264831543, 39.9525146484, 3.64967179298, 6.03191709518, 5.03612375259, 22.31889534, 31.4603805542, 37.555896759, 24.2353363037], [-247.065155029, -66.474105835, 78.4373626709, -14.1415910721, 42.383731842, 19.7207489014, -4.84960794449, 2.2580935955, -2.34903073311, 12.4013557434, 15.5376729965, 24.2353363037, 26.5863399506]]
    },
    "sccoeffs": {
        "kurt": [-0.101125478745, 1.12913513184, 1.16736650467, -0.212360620499, -0.51743388176, -1.53860485554],
        "max": [-0.636282622814, -0.622129797935, -0.728000342846, -0.821133553982, -0.809757649899, -0.722065627575],
        "mean": [-0.810321867466, -0.82457202673, -0.844303309917, -0.886351764202, -0.884162247181, -0.834751725197],
        "median": [-0.815072655678, -0.826334476471, -0.844874858856, -0.889632344246, -0.889549314976, -0.873985469341],
        "min": [-0.956803143024, -0.971716761589, -0.974151968956, -0.964344441891, -0.962708115578, -0.960046172142],
        "skew": [0.329446822405, 0.299452900887, -0.0275072921067, 0.158657193184, 0.428373217583, 0.367096722126],
        "var": [0.00323778344318, 0.00326339667663, 0.00168341107201, 0.000851050543133, 0.000917766941711, 0.00391152501106],
        "cov": [[0.00326643628068, 0.00152604992036, 0.00119075947441, 0.00113049417268, 0.00112931942567, 0.0024351910688], [0.00152604992036, 0.00329227629118, 0.00101435428951, 0.00105649011675, 0.000953680253588, 0.00191047461703], [0.00119075947441, 0.00101435428951, 0.00169830850791, 0.000738984206691, 0.000680968281813, 0.00148083211388], [0.00113049417268, 0.00105649011675, 0.000738984206691, 0.000858581974171, 0.000714534369763, 0.0014681747416], [0.00112931942567, 0.000953680253588, 0.000680968281813, 0.000714534369763, 0.000925888773054, 0.00161359470803], [0.0024351910688, 0.00191047461703, 0.00148083211388, 0.0014681747416, 0.00161359470803, 0.00394614040852]]
    },
    "scvalleys": {
        "kurt": [22.0360660553, 19.4610099792, 12.3846530914, 12.2576236725, 13.0968666077, 20.1604957581],
        "max": [-6.07426118851, -5.68768072128, -5.98482656479, -7.22053098679, -6.8348865509, -9.40916919708],
        "mean": [-9.28620624542, -8.52279758453, -9.56056118011, -10.6797199249, -10.6912727356, -12.8480148315],
        "median": [-9.14958190918, -8.16907310486, -9.27318668365, -10.7870435715, -11.4680194855, -13.3359327316],
        "min": [-24.4650058746, -25.5884227753, -26.2313690186, -26.8730659485, -27.1572418213, -27.181760788],
        "skew": [-3.95546293259, -3.52431344986, -2.52380824089, -2.27192926407, -2.21004343033, -2.94347405434],
        "var": [4.89265823364, 6.14850902557, 7.18850135803, 6.55682468414, 6.57622861862, 4.12961101532],
        "cov": [[4.93595647812, 5.26125955582, 5.58003473282, 5.20611143112, 5.20442676544, 4.22018194199], [5.26125955582, 6.2029209137, 6.57556152344, 6.16197633743, 6.03666496277, 4.66000509262], [5.58003473282, 6.57556152344, 7.25211620331, 6.82874631882, 6.70099639893, 5.08564043045], [5.20611143112, 6.16197633743, 6.82874631882, 6.61484956741, 6.53528356552, 4.92297506332], [5.20442676544, 6.03666496277, 6.70099639893, 6.53528356552, 6.63442516327, 5.07862186432], [4.22018194199, 4.66000509262, 5.08564043045, 4.92297506332, 5.07862186432, 4.16615629196]]
    }
},
"rhythm": {
    "beats_loudness": {
        "kurt": 0.211955785751,
        "max": 0.00120546144899,
        "mean": 0.000266703718808,
        "median": 1.51156064021e-05,
        "min": 5.3724886584e-07,
        "skew": 1.47329092026,
        "var": 2.21947544787e-07
    },
    "bpm": 139.674835205,
    "confidence": 0,
    "first_peak_bpm": {
        "kurt": 0,
        "max": 140,
        "mean": 140,
        "median": 140,
        "min": 140,
        "skew": 0,
        "var": 0
    },
    "first_peak_spread": {
        "kurt": 0,
        "max": 0,
        "mean": 0,
        "median": 0,
        "min": 0,
        "skew": 0,
        "var": 0
    },
    "first_peak_weight": {
        "kurt": 0,
        "max": 1,
        "mean": 1,
        "median": 1,
        "min": 1,
        "skew": 0,
        "var": 0
    },
    "onset_rate": 0.765811145306,
    "second_peak_bpm": {
        "kurt": 0,
        "max": 0,
        "mean": 0,
        "median": 0,
        "min": 0,
        "skew": 0,
        "var": 0
    },
    "second_peak_spread": {
        "kurt": 0,
        "max": 0,
        "mean": 0,
        "median": 0,
        "min": 0,
        "skew": 0,
        "var": 0
    },
    "second_peak_weight": {
        "kurt": 0,
        "max": 0,
        "mean": 0,
        "median": 0,
        "min": 0,
        "skew": 0,
        "var": 0
    },
    "beats_loudness_band_ratio": {
        "kurt": [-0.713982820511, -0.969506502151, -1.14306628704, -1.23622131348, 0.0548288822174, 0.216996908188],
        "max": [0.33638894558, 0.450794160366, 0.678413271904, 0.173071414232, 0.181670859456, 0.24422866106],
        "mean": [0.11867044121, 0.300600886345, 0.435257196426, 0.0989416241646, 0.0503670088947, 0.0595983676612],
        "median": [0.0506555698812, 0.288359612226, 0.383191108704, 0.113563321531, 0.01310661342, 0.0215869024396],
        "min": [0.0149469366297, 0.13732893765, 0.242159947753, 0.0239066723734, 0.00525765586644, 0.00302941468544],
        "skew": [0.924035549164, -0.129084780812, 0.398294270039, -0.0796878263354, 1.37097799778, 1.47506403923],
        "var": [0.0146702853963, 0.011053962633, 0.0233112666756, 0.00271050119773, 0.0044761179015, 0.00857914052904],
        "cov": [[0.0183378569782, 0.000898064346984, -0.00908595882356, -0.00676714116707, -0.00353473378345, -0.00345137971453], [0.000898064346984, 0.0138174537569, 0.00862977094948, -0.00359111232683, -0.00731803942472, -0.00993421394378], [-0.00908595882356, 0.00862977094948, 0.0291390828788, -0.000196986715309, -0.00747607043013, -0.0115487435833], [-0.00676714116707, -0.00359111232683, -0.000196986715309, 0.00338812661357, 0.00337478425354, 0.00419349037111], [-0.00353473378345, -0.00731803942472, -0.00747607043013, 0.00337478425354, 0.00559514760971, 0.00765554839745], [-0.00345137971453, -0.00993421394378, -0.0115487435833, 0.00419349037111, 0.00765554839745, 0.010723926127]]
    },
    "beats_position": [0.441179126501, 0.870748281479, 1.30031740665, 1.72988653183, 2.15945577621],
    "bpm_estimates": [139.674835205, 139.674835205, 139.674835205, 139.674804688],
    "bpm_intervals": [0.429569154978, 0.429569125175, 0.429569125175, 0.429569244385],
    "onset_times": [0.0116099771112, 0.429569154978],
    "histogram": [[0, 0, 0, 0, 0, 0, 0, 0, 0, 0, 0, 0, 0, 0, 0, 0, 0, 0, 0, 0, 0, 0, 0, 0, 0, 0, 0, 0, 0, 0, 0, 0, 0, 0, 0, 0, 0, 0, 0, 0, 0, 0, 0, 0, 0, 0, 0, 0, 0, 0, 0, 0, 0, 0, 0, 0, 0, 0, 0, 0, 0, 0, 0, 0, 0, 0, 0, 0, 0, 0, 0, 0, 0, 0, 0, 0, 0, 0, 0, 0, 0, 0, 0, 0, 0, 0, 0, 0, 0, 0, 0, 0, 0, 0, 0, 0, 0, 0, 0, 0, 0, 0, 0, 0, 0, 0, 0, 0, 0, 0, 0, 0, 0, 0, 0, 0, 0, 0, 0, 0, 0, 0, 0, 0, 0, 0, 0, 0, 0, 0, 0, 0, 0, 0, 0, 0, 0, 0, 0, 0, 1, 0, 0, 0, 0, 0, 0, 0, 0, 0, 0, 0, 0, 0, 0, 0, 0, 0, 0, 0, 0, 0, 0, 0, 0, 0, 0, 0, 0, 0, 0, 0, 0, 0, 0, 0, 0, 0, 0, 0, 0, 0, 0, 0, 0, 0, 0, 0, 0, 0, 0, 0, 0, 0, 0, 0, 0, 0, 0, 0, 0, 0, 0, 0, 0, 0, 0, 0, 0, 0, 0, 0, 0, 0, 0, 0, 0, 0, 0, 0, 0, 0, 0, 0, 0, 0, 0, 0, 0, 0, 0, 0, 0, 0, 0, 0, 0, 0, 0, 0, 0, 0, 0, 0, 0, 0, 0, 0, 0, 0]]
},
"sfx": {
    "inharmonicity": {
        "kurt": 4.15451860428,
        "max": 0.347278624773,
        "mean": 0.0548312440515,
        "median": 0.0215704906732,
        "min": 0,
        "skew": 2.03604102135,
        "var": 0.00541216181591
    },
    "oddtoevenharmonicenergyratio": {
        "kurt": 19.3847885132,
        "max": 5.86919689178,
        "mean": 0.472684323788,
        "median": 0.136972367764,
        "min": 0,
        "skew": 4.16606521606,
        "var": 0.830207467079
    },
    "pitch_after_max_to_before_max_energy_ratio": 0.794798254967,
    "pitch_centroid": 49.6596984863,
    "pitch_max_to_total": 0.184210523963,
    "pitch_min_to_total": 0.456140339375,
    "tristimulus": {
        "kurt": [-0.901808023453, 1.05504655838, 0.983456611633],
        "max": [1, 0.806108951569, 0.949135363102],
        "mean": [0.45670285821, 0.251155495644, 0.292141497135],
        "median": [0.498349875212, 0.217297360301, 0.230602115393],
        "min": [0, 0, 0],
        "skew": [-0.0488750450313, 1.01253283024, 1.22593331337],
        "var": [0.0802361443639, 0.0269919857383, 0.0501999221742],
        "cov": [[0.0809461995959, -0.0287664458156, -0.0521797277033], [-0.0287664458156, 0.0272308532149, 0.0015355917858], [-0.0521797277033, 0.0015355917858, 0.0506441704929]]
    }
},
"tonal": {
    "chords_changes_rate": 0.189655169845,
    "chords_number_rate": 0.0689655169845,
    "chords_strength": {
        "kurt": -0.0535662174225,
        "max": 0.526478767395,
        "mean": 0.43014729023,
        "median": 0.419449269772,
        "min": 0.348662704229,
        "skew": 0.67084223032,
        "var": 0.00164325977676
    },
    "key_strength": 0.278548687696,
    "tuning_diatonic_strength": 0.453057765961,
    "tuning_equal_tempered_deviation": 0.284356802702,
    "tuning_frequency": 442.548919678,
    "tuning_nontempered_energy_ratio": 0.927365362644,
    "hpcp": {
        "kurt": [-0.433951616287, -0.305566310883, -0.12230014801, 1.18316936493, 1.167304039, 2.05067110062, 2.08239221573, 2.82085132599, 2.31487178802, 5.51791286469, 0.258894681931, -0.649361610413, -1.02038407326, 4.53654956818, 4.73423957825, 4.63919401169, 1.01962852478, 9.03485107422, 6.23030471802, 13.3757286072, 13.2234096527, 7.18912124634, 1.93802928925, 1.47185754776, 1.01591300964, 4.15863370895, 3.40459156036, 1.10521650314, -0.262328386307, -0.854770183563, -0.580075263977, 0.437794208527, -0.615478515625, -0.241811752319, 2.18632745743, -0.305612325668],
        "max": [1, 1, 0.889853417873, 1, 1, 1, 0.73596739769, 0.809625923634, 1, 0.955914974213, 0.477542132139, 0.39443308115, 0.366736352444, 1, 0.967170059681, 0.765477359295, 0.581153452396, 0.712566554546, 0.678988218307, 1, 0.943386375904, 1, 1, 1, 0.893777132034, 1, 1, 0.92315018177, 1, 1, 1, 1, 1, 1, 1, 1],
        "mean": [0.334491819143, 0.316365897655, 0.271585255861, 0.276747435331, 0.263937175274, 0.212757259607, 0.175778761506, 0.182611569762, 0.198687806726, 0.165977776051, 0.137642666698, 0.128860279918, 0.139724954963, 0.177659288049, 0.166976422071, 0.148412451148, 0.147933796048, 0.122153952718, 0.118433766067, 0.125826507807, 0.126455008984, 0.16289152205, 0.21910238266, 0.257029742002, 0.242048546672, 0.201823890209, 0.193628013134, 0.236611008644, 0.330407857895, 0.363153398037, 0.300195783377, 0.285978853703, 0.332086652517, 0.295802235603, 0.248944193125, 0.287397712469],
        "median": [0.2524548769, 0.205176144838, 0.183398604393, 0.212559834123, 0.181457147002, 0.0953480526805, 0.115690305829, 0.142457902431, 0.116315081716, 0.101196154952, 0.132826983929, 0.0995838791132, 0.123631373048, 0.113702133298, 0.0953307449818, 0.102084070444, 0.11340495944, 0.0927032530308, 0.0765912607312, 0.0797580257058, 0.0864250063896, 0.105196282268, 0.148253679276, 0.167476072907, 0.175188332796, 0.125378131866, 0.167015343904, 0.163919523358, 0.247757196426, 0.220292389393, 0.187808215618, 0.178642123938, 0.204446166754, 0.174864664674, 0.147021621466, 0.202118247747],
        "min": [0, 0, 0, 0, 0, 0, 0, 0, 0, 0, 0, 0, 0, 0, 0, 0, 0, 0, 0, 0, 0, 0, 0, 0, 0, 0, 0, 0, 0, 0, 0, 0, 0, 0, 0, 0],
