{
"metadata": {
    "version": {
        "essentia": "2.1-beta3"
    }
},
"lowLevel": {
    "average_loudness": 0.702499806881,
    "barkbands_kurtosis": {
        "kurt": 21.2681617737,
        "max": 42.0573043823,
        "mean": 1.34455251694,
        "median": -0.687982559204,
        "min": -1.94359171391,
        "skew": 4.09142446518,
        "var": 33.3718528748
    },
    "barkbands_skewness": {
        "kurt": 2.55810546875,
        "max": 5.97708368301,
        "mean": -0.109846882522,
        "median": -0.379994928837,
        "min": -3.4611184597,
        "skew": 1.42972660065,
        "var": 2.25175619125
    },
    "barkbands_spread": {
        "kurt": -0.477785110474,
        "max": 77.8885345459,
        "mean": 32.0687828064,
        "median": 25.9047660828,
        "min": 4.27957201004,
        "skew": 0.754283428192,
        "var": 339.557037354
    },
    "dissonance": {
        "kurt": 77.2429656982,
        "max": 0.499803364277,
        "mean": 0.48798263073,
        "median": 0.492963045835,
        "min": 0.27787065506,
        "skew": -8.14022922516,
        "var": 0.000448397884611
    },
    "hfc": {
        "kurt": 11.0482320786,
        "max": 622.83215332,
        "mean": 38.2176322937,
        "median": 0.0885142534971,
        "min": 0.000958258053288,
        "skew": 3.51775288582,
        "var": 16412.3964844
    },
    "pitch": {
        "kurt": -1.69693493843,
        "max": 4497.55273438,
        "mean": 2022.90808105,
        "median": 1475.87158203,
        "min": 62.6872596741,
        "skew": 0.181025728583,
        "var": 2576405.75
    },
    "pitch_instantaneous_confidence": {
        "kurt": -0.146724462509,
        "max": 0.781021356583,
        "mean": 0.326698929071,
        "median": 0.288900732994,
        "min": 0.133528411388,
        "skew": 0.819556891918,
        "var": 0.0202704649419
    },
    "pitch_salience": {
        "kurt": 0.338166713715,
        "max": 0.894782364368,
        "mean": 0.67829310894,
        "median": 0.70352602005,
        "min": 0.241643249989,
        "skew": -0.935255527496,
        "var": 0.0178594850004
    },
    "silence_rate_20dB": {
        "kurt": 0,
        "max": 1,
        "mean": 1,
        "median": 1,
        "min": 1,
        "skew": 0,
        "var": 0
    },
    "silence_rate_30dB": {
        "kurt": 12.3469934464,
        "max": 1,
        "mean": 0.94214874506,
        "median": 1,
        "min": 0,
        "skew": -3.78774762154,
        "var": 0.0545045882463
    },
    "silence_rate_60dB": {
        "kurt": 3.20821809769,
        "max": 1,
        "mean": 0.876033067703,
        "median": 1,
        "min": 0,
        "skew": -2.28214240074,
        "var": 0.108598954976
    },
    "spectral_centroid": {
        "kurt": -0.226394414902,
        "max": 4447.27392578,
        "mean": 2204.00805664,
        "median": 2324.28271484,
        "min": 146.515625,
        "skew": -0.567645907402,
        "var": 954273.875
    },
    "spectral_complexity": {
        "kurt": 4.17962360382,
        "max": 60,
        "mean": 6.59504127502,
        "median": 0,
        "min": 0,
        "skew": 2.43807816505,
        "var": 294.440124512
    },
    "spectral_crest": {
        "kurt": 2.41177511215,
        "max": 22.7810344696,
        "mean": 7.47991895676,
        "median": 6.17820167542,
        "min": 2.63051080704,
        "skew": 1.63196587563,
        "var": 17.1776695251
    },
    "spectral_decrease": {
        "kurt": 16.4337368011,
        "max": -7.93301310601e-14,
        "mean": -2.554878753e-09,
        "median": -8.48935158282e-12,
        "min": -5.23230134775e-08,
        "skew": -4.02540445328,
        "var": 7.82372635818e-17
    },
    "spectral_energy": {
        "kurt": 14.4105587006,
        "max": 0.249599814415,
        "mean": 0.0131091531366,
        "median": 4.06179387937e-05,
        "min": 3.86326803437e-07,
        "skew": 3.83773493767,
        "var": 0.00200571864843
    },
    "spectral_energyband_high": {
        "kurt": 13.3525390625,
        "max": 0.0695123001933,
        "mean": 0.00354378134944,
        "median": 6.83631833454e-06,
        "min": 1.01222674687e-07,
        "skew": 3.73187470436,
        "var": 0.000147672544699
    },
    "spectral_energyband_low": {
        "kurt": 90.182975769,
        "max": 0.00301111466251,
        "mean": 5.48281059309e-05,
        "median": 3.52697543349e-06,
        "min": 5.2942024098e-09,
        "skew": 9.20193958282,
        "var": 8.25007759886e-08
    },
    "spectral_energyband_middle_high": {
        "kurt": 19.5551738739,
        "max": 0.186512857676,
        "mean": 0.00824506022036,
        "median": 1.78792161023e-05,
        "min": 1.41308021284e-07,
        "skew": 4.32366704941,
        "var": 0.000865596288349
    },
    "spectral_energyband_middle_low": {
        "kurt": 25.6506500244,
        "max": 0.038240544498,
        "mean": 0.0014075889485,
        "median": 3.33830780619e-06,
        "min": 5.67346276625e-08,
        "skew": 4.9198217392,
        "var": 2.97837541439e-05
    },
    "spectral_flatness_db": {
        "kurt": 0.766074419022,
        "max": 0.276848435402,
        "mean": 0.150703802705,
        "median": 0.151663467288,
        "min": 0.0507846660912,
        "skew": 0.562819778919,
        "var": 0.00134004745632
    },
    "spectral_flux": {
        "kurt": 7.50933265686,
        "max": 0.353039264679,
        "mean": 0.0322209745646,
        "median": 0.00432720221579,
        "min": 0.000579264946282,
        "skew": 2.93365359306,
        "var": 0.00587384449318
    },
    "spectral_kurtosis": {
        "kurt": 1.7447309494,
        "max": 8.30641460419,
        "mean": 2.32434940338,
        "median": 1.76691865921,
        "min": 0.212822437286,
        "skew": 1.37825834751,
        "var": 2.37750577927
    },
    "spectral_rms": {
        "kurt": 8.24987316132,
        "max": 0.0156048713252,
        "mean": 0.00135706609581,
        "median": 0.000199065965717,
        "min": 1.94140211534e-05,
        "skew": 3.05109024048,
        "var": 1.09477841761e-05
    },
    "spectral_rolloff": {
        "kurt": 1.01682043076,
        "max": 6373.828125,
        "mean": 3737.87866211,
        "median": 4198.97460938,
        "min": 86.1328125,
        "skew": -1.40102469921,
        "var": 2211890.5
    },
    "spectral_skewness": {
        "kurt": -0.0328235626221,
        "max": 2.12682914734,
        "mean": 0.980006575584,
        "median": 0.889942765236,
        "min": 0.164934083819,
        "skew": 0.683403372765,
        "var": 0.185703709722
    },
    "spectral_spread": {
        "kurt": 64.9761505127,
        "max": 25701178,
        "mean": 4847950.5,
        "median": 4541335.5,
        "min": 2467721.75,
        "skew": 7.17114400864,
        "var": 4.80494118502e+12
    },
    "spectral_strongpeak": {
        "kurt": 16.7864074707,
        "max": 14.5913228989,
        "mean": 0.763441681862,
        "median": 0.0290030743927,
        "min": 0.000247416697675,
        "skew": 4.10450124741,
        "var": 6.019510746
    },
    "zerocrossingrate": {
        "kurt": -0.045196056366,
        "max": 0.20263671875,
        "mean": 0.118644274771,
        "median": 0.12646484375,
        "min": 0.0224609375,
        "skew": -0.779796779156,
        "var": 0.00171859969851
    },
    "barkbands": {
        "kurt": [44.1896972656, 73.3204421997, 106.124702454, 54.0650215149, 20.7383079529, 52.1822509766, 24.5747108459, 33.3166351318, 23.3108329773, 75.0356292725, 54.1539230347, 51.9852638245, 32.9756698608, 45.9199485779, 35.3222427368, 52.5992622375, 22.016752243, 16.3050327301, 21.5931034088, 14.599395752, 14.9962921143, 11.7799711227, 11.0274934769, 11.2602558136, 11.9638576508, 11.3141469955, 14.4612026215],
        "max": [1.16173723654e-05, 0.000588977825828, 0.00137955823448, 0.00179528677836, 0.00233316142112, 0.00846911035478, 0.00487664015964, 0.00942290108651, 0.0124802747741, 0.0223103370517, 0.0296126045287, 0.0186368152499, 0.0113067142665, 0.00768182938918, 0.00891665741801, 0.025176461786, 0.0239558629692, 0.0303946919739, 0.0529154725373, 0.0393836051226, 0.0349697843194, 0.00940546672791, 0.00123646506108, 0.000514110608492, 0.000109638633148, 5.54931921215e-06, 1.43199926583e-07],
        "mean": [4.32590127275e-07, 1.28817218865e-05, 1.96852270165e-05, 4.32328561146e-05, 0.000101825782622, 0.000192857478396, 0.00018484298198, 0.000276821985608, 0.000467715057312, 0.000460128154373, 0.00070938054705, 0.000471471052151, 0.00035382641363, 0.000201119284611, 0.000275276514003, 0.000610466639046, 0.000946090556681, 0.00139345147181, 0.00205828459002, 0.00206602970138, 0.00164204312023, 0.000513564562425, 7.03110417817e-05, 3.08275048155e-05, 6.23426285529e-06, 3.52001165993e-07, 6.89262869003e-09],
        "median": [5.80797454575e-08, 4.92269407459e-07, 1.25621897951e-06, 4.7630322797e-07, 4.01029581099e-07, 1.31316483021e-07, 1.83672625553e-07, 2.37745823028e-07, 4.83989310851e-07, 4.34970985452e-07, 2.84317223986e-07, 4.64118869559e-07, 3.10869978648e-07, 3.10877538823e-07, 2.15655205693e-07, 6.75830733599e-07, 1.14689498787e-06, 1.55539487423e-06, 5.27805559614e-06, 3.08786297865e-06, 3.24876509694e-06, 5.84578117468e-07, 1.04366982612e-07, 2.09359534153e-08, 3.36198757722e-09, 1.2011518169e-10, 1.37724727456e-12],
        "min": [6.53103751636e-11, 9.3721275185e-10, 1.86732962426e-09, 2.50059239981e-09, 4.1759031788e-09, 5.25619991976e-09, 2.04711736451e-09, 3.03746738872e-09, 2.78830714073e-09, 2.25083107708e-09, 1.12761722182e-09, 1.62115898483e-09, 2.3875079691e-09, 2.54524668009e-09, 4.01333632993e-09, 4.71656047552e-09, 6.20874551771e-09, 1.53170489625e-08, 2.46870826004e-08, 3.35503784754e-08, 3.16019885815e-08, 8.06038791268e-09, 2.87182055914e-09, 5.30031907253e-10, 1.37992964278e-10, 1.20775611734e-11, 1.56266045568e-13],
        "skew": [6.49821376801, 8.25835132599, 10.2074508667, 6.79792785645, 4.47907590866, 7.07259654999, 4.84806060791, 5.63873910904, 4.76044893265, 8.1714887619, 6.89625549316, 6.75920391083, 5.67716169357, 6.42224025726, 5.55514574051, 6.90554237366, 4.61783123016, 3.99479365349, 4.44056081772, 3.88621783257, 3.88893413544, 3.57828068733, 3.44316768646, 3.50530338287, 3.58695459366, 3.52330851555, 3.87227320671],
        "var": [2.08627234412e-12, 3.51582274405e-09, 1.60958499862e-08, 3.75385944551e-08, 1.39792248888e-07, 9.5171611747e-07, 5.1638022569e-07, 1.48770709529e-06, 3.27295879288e-06, 4.93379093314e-06, 1.03274023786e-05, 4.19875641455e-06, 2.34552339862e-06, 7.78674461799e-07, 1.18937077787e-06, 7.79049150879e-06, 1.26712375277e-05, 2.30552941503e-05, 5.50172153453e-05, 5.20549474459e-05, 3.26196932292e-05, 3.03658293888e-06, 5.14853262246e-08, 1.03094599524e-08, 4.26362556372e-10, 1.35501635953e-12, 5.84939301094e-16],
        "cov": [[2.10365795963e-12, 7.40550260003e-11, 1.208061845e-10, 2.01801422794e-10, 3.83464621168e-10, 6.50701659222e-10, 4.12429063124e-10, 6.95773549886e-10, 1.86253268364e-09, 6.08694983306e-10, 1.41319511648e-09, 1.92221660811e-09, 1.22161292193e-09, 4.49109277545e-10, 9.85595383085e-10, 1.50819501332e-09, 1.84941284509e-09, 2.42679010221e-09, 5.01685626375e-09, 2.12213602246e-09, 1.28287058754e-09, 4.09642514354e-10, 6.97520027848e-11, 2.07197228125e-11, 9.3808537327e-12, 5.40426590197e-13, 9.61582464316e-15], [7.40550260003e-11, 3.54512130762e-09, 6.8320549218e-09, 9.9033439227e-09, 1.52155674726e-08, 1.92399642884e-08, 1.65573013078e-08, 2.22451514986e-08, 6.9451104423e-08, 2.20439950738e-08, 4.54247448545e-08, 5.27599013367e-08, 3.61177328045e-08, 1.25903616421e-08, 2.94593629491e-08, 4.4820151146e-08, 5.23446139766e-08, 7.48627684288e-08, 1.27660328531e-07, 5.3643791631e-08, 3.45518849088e-08, 1.03652277872e-08, 1.86892523679e-09, 5.99545302293e-10, 3.05127867417e-10, 1.70966036467e-11, 3.28102264325e-13], [1.208061845e-10, 6.8320549218e-09, 1.62299826911e-08, 2.20784031058e-08, 2.93667525852e-08, 2.5244530022e-08, 3.51013937916e-08, 3.30025073936e-08, 1.30544037802e-07, 4.48843557876e-08, 7.70417187823e-08, 6.29279668374e-08, 4.73828869474e-08, 1.83936954556e-08, 4.34420677209e-08, 6.68973925144e-08, 1.00502852263e-07, 1.70406650568e-07, 1.89445060528e-07, 1.65073899439e-07, 1.30768029294e-07, 3.97999819768e-08, 5.58243851145e-09, 2.46018161398e-09, 7.58091089903e-10, 4.07736656938e-11, 9.04649077003e-13], [2.01801422794e-10, 9.9033439227e-09, 2.20784031058e-08, 3.78514144472e-08, 6.40155093379e-08, 8.93563694149e-08, 9.04366430632e-08, 1.3237607277e-07, 2.63756248842e-07, 1.80735767685e-07, 2.80953543097e-07, 2.29367486781e-07, 1.73279346427e-07, 7.68289183384e-08, 1.29450782538e-07, 2.56020086908e-07, 3.44996095691e-07, 5.09436176799e-07, 8.04709713975e-07, 7.04638239313e-07, 5.63010701171e-07, 1.56455911338e-07, 2.26005134607e-08, 9.36074684432e-09, 2.38573516498e-09, 1.25017579622e-10, 2.49987031943e-12], [3.83464621168e-10, 1.52155674726e-08, 2.93667525852e-08, 6.40155093379e-08, 1.40957183703e-07, 2.24798412773e-07, 2.14274010091e-07, 3.71392815168e-07, 5.86207931974e-07, 4.36462585185e-07, 7.23779805867e-07, 6.21221602159e-07, 4.80487187815e-07, 2.08838926596e-07, 3.37839139775e-07, 6.56724637338e-07, 9.24858056806e-07, 1.34624815473e-06, 2.2777239792e-06, 1.94104973161e-06, 1.49252616666e-06, 4.44300809477e-07, 6.23014031476e-08, 2.53971190745e-08, 6.13957285012e-09, 3.19886866995e-10, 6.26136685902e-12], [6.50701659222e-10, 1.92399642884e-08, 2.5244530022e-08, 8.93563694149e-08, 2.24798412773e-07, 9.596470818e-07, 5.6041545804e-07, 8.52736775414e-07, 1.42340093134e-06, 1.98981888389e-06, 2.95463405564e-06, 1.76731305146e-06, 1.22573771932e-06, 8.3385640437e-07, 9.46752095388e-07, 2.67094742412e-06, 3.02551279674e-06, 2.98966983792e-06, 5.3281860346e-06, 3.84016175303e-06, 3.2785719668e-06, 9.23949471598e-07, 1.24794567569e-07, 5.34943609409e-08, 1.28237749308e-08, 7.39151351237e-10, 1.5156383093e-11], [4.12429063124e-10, 1.65573013078e-08, 3.51013937916e-08, 9.04366430632e-08, 2.14274010091e-07, 5.6041545804e-07, 5.20683386185e-07, 8.02244869647e-07, 1.11985343665e-06, 1.32781701723e-06, 2.1135699626e-06, 1.13714713734e-06, 9.9830367617e-07, 5.65655000173e-07, 6.6244814434e-07, 1.77208426066e-06, 2.32763250096e-06, 2.58320028479e-06, 3.96236828237e-06, 4.06615981774e-06, 3.17205535794e-06, 9.39835615554e-07, 1.239965286e-07, 5.34258219886e-08, 1.28003172506e-08, 6.99958646599e-10, 1.45716112787e-11], [6.95773549886e-10, 2.22451514986e-08, 3.30025073936e-08, 1.3237607277e-07, 3.71392815168e-07, 8.52736775414e-07, 8.02244869647e-07, 1.50010464495e-06, 1.65545452546e-06, 2.01759485208e-06, 3.19334981214e-06, 1.98763495973e-06, 1.79599953753e-06, 8.62090189457e-07, 1.03454669897e-06, 2.71384351436e-06, 3.32490139954e-06, 3.63654544344e-06, 6.6138445618e-06, 6.40606867819e-06, 4.97197652294e-06, 1.36222854508e-06, 1.95135186232e-07, 7.60626193141e-08, 1.95915994539e-08, 1.03868336154e-09, 1.9901559567e-11], [1.86253268364e-09, 6.9451104423e-08, 1.30544037802e-07, 2.63756248842e-07, 5.86207931974e-07, 1.42340093134e-06, 1.11985343665e-06, 1.65545452546e-06, 3.30023340211e-06, 2.71352109849e-06, 4.54780592918e-06, 3.2327614008e-06, 2.37130325331e-06, 1.32263255637e-06, 1.83342490345e-06, 4.09855829275e-06, 5.59768341191e-06, 6.50777246847e-06, 1.04941163954e-05, 9.05903561943e-06, 6.6450011218e-06, 2.13926045944e-06, 2.82597852674e-07, 1.19440770163e-07, 2.94209510088e-08, 1.63723268276e-09, 3.37268962758e-11], [6.08694983306e-10, 2.20439950738e-08, 4.48843557876e-08, 1.80735767685e-07, 4.36462585185e-07, 1.98981888389e-06, 1.32781701723e-06, 2.01759485208e-06, 2.71352109849e-06, 4.97490600537e-06, 6.88302725393e-06, 3.20713411384e-06, 2.50893981502e-06, 1.86776662758e-06, 1.75579509687e-06, 5.94908897256e-06, 6.59734405417e-06, 6.14418468103e-06, 1.02795002022e-05, 9.46322415984e-06, 8.44858550408e-06, 2.27033274314e-06, 3.01406942071e-07, 1.32795690888e-07, 2.97662090532e-08, 1.65700619892e-09, 3.47939697887e-11], [1.41319511648e-09, 4.54247448545e-08, 7.70417187823e-08, 2.80953543097e-07, 7.23779805867e-07, 2.95463405564e-06, 2.1135699626e-06, 3.19334981214e-06, 4.54780592918e-06, 6.88302725393e-06, 1.04134642243e-05, 5.24630695509e-06, 4.18343415731e-06, 2.78771631201e-06, 2.91988703793e-06, 8.89080092747e-06, 1.0459342775e-05, 1.0132591342e-05, 1.65634610312e-05, 1.47065302372e-05, 1.25112483147e-05, 3.51117955688e-06, 4.62639377474e-07, 1.98742981183e-07, 4.77717421177e-08, 2.72180766814e-09, 5.71061357924e-11], [1.92221660811e-09, 5.27599013367e-08, 6.29279668374e-08, 2.29367486781e-07, 6.21221602159e-07, 1.76731305146e-06, 1.13714713734e-06, 1.98763495973e-06, 3.2327614008e-06, 3.20713411384e-06, 5.24630695509e-06, 4.23374603997e-06, 2.91365563498e-06, 1.54116037265e-06, 2.1611763259e-06, 4.93067364005e-06, 6.20236232862e-06, 7.27239921616e-06, 1.36991266118e-05, 1.00601901067e-05, 7.97459233581e-06, 2.26770293921e-06, 3.2215336887e-07, 1.25975617493e-07, 3.19043849117e-08, 1.78869752343e-09, 3.44999168123e-11], [1.22161292193e-09, 3.61177328045e-08, 4.73828869474e-08, 1.73279346427e-07, 4.80487187815e-07, 1.22573771932e-06, 9.9830367617e-07, 1.79599953753e-06, 2.37130325331e-06, 2.50893981502e-06, 4.18343415731e-06, 2.91365563498e-06, 2.36506934925e-06, 1.15940360956e-06, 1.512369181e-06, 3.68975315723e-06, 4.59838202005e-06, 5.02521152157e-06, 9.26652865019e-06, 7.91242291598e-06, 6.07550555287e-06, 1.69998725141e-06, 2.42535548978e-07, 9.33044503881e-08, 2.49523939289e-08, 1.37516764642e-09, 2.64580544973e-11], [4.49109277545e-10, 1.25903616421e-08, 1.83936954556e-08, 7.68289183384e-08, 2.08838926596e-07, 8.3385640437e-07, 5.65655000173e-07, 8.62090189457e-07, 1.32263255637e-06, 1.86776662758e-06, 2.78771631201e-06, 1.54116037265e-06, 1.15940360956e-06, 7.85163422279e-07, 8.55655457599e-07, 2.45690625889e-06, 2.96631856145e-06, 2.94987989946e-06, 4.96075108458e-06, 4.36954996985e-06, 3.53888754034e-06, 1.04384491806e-06, 1.35532616241e-07, 5.92905031738e-08, 1.37063143058e-08, 7.72424624262e-10, 1.60789957737e-11], [9.85595383085e-10, 2.94593629491e-08, 4.34420677209e-08, 1.29450782538e-07, 3.37839139775e-07, 9.46752095388e-07, 6.6244814434e-07, 1.03454669897e-06, 1.83342490345e-06, 1.75579509687e-06, 2.91988703793e-06, 2.1611763259e-06, 1.512369181e-06, 8.55655457599e-07, 1.19928211006e-06, 2.66700089924e-06, 3.59560726793e-06, 4.41988777311e-06, 7.43695818528e-06, 5.7440583987e-06, 4.4674829951e-06, 1.40110137181e-06, 1.82884775768e-07, 7.85578393447e-08, 1.84785768909e-08, 1.03291009079e-09, 2.12044236336e-11], [1.50819501332e-09, 4.4820151146e-08, 6.68973925144e-08, 2.56020086908e-07, 6.56724637338e-07, 2.67094742412e-06, 1.77208426066e-06, 2.71384351436e-06, 4.09855829275e-06, 5.94908897256e-06, 8.89080092747e-06, 4.93067364005e-06, 3.68975315723e-06, 2.45690625889e-06, 2.66700089924e-06, 7.85541215009e-06, 9.17201668926e-06, 8.87582882569e-06, 1.53434139065e-05, 1.30374864966e-05, 1.09001857709e-05, 3.04636182591e-06, 4.07407554803e-07, 1.72412626398e-07, 4.1603936296e-08, 2.37622765908e-09, 4.87495044332e-11], [1.84941284509e-09, 5.23446139766e-08, 1.00502852263e-07, 3.44996095691e-07, 9.24858056806e-07, 3.02551279674e-06, 2.32763250096e-06, 3.32490139954e-06, 5.59768341191e-06, 6.59734405417e-06, 1.0459342775e-05, 6.20236232862e-06, 4.59838202005e-06, 2.96631856145e-06, 3.59560726793e-06, 9.17201668926e-06, 1.27768307721e-05, 1.4881647985e-05, 2.28682074521e-05, 2.15918662434e-05, 1.71478568518e-05, 5.30511942998e-06, 6.735539273e-07, 2.98611240623e-07, 6.64685373408e-08, 3.73146447075e-09, 7.9404469111e-11], [2.42679010221e-09, 7.48627684288e-08, 1.70406650568e-07, 5.09436176799e-07, 1.34624815473e-06, 2.98966983792e-06, 2.58320028479e-06, 3.63654544344e-06, 6.50777246847e-06, 6.14418468103e-06, 1.0132591342e-05, 7.27239921616e-06, 5.02521152157e-06, 2.94987989946e-06, 4.41988777311e-06, 8.87582882569e-06, 1.4881647985e-05, 2.3247421268e-05, 3.35190670739e-05, 2.95228837786e-05, 2.45101236942e-05, 7.89011937741e-06, 9.84335088106e-07, 4.50474885838e-07, 9.14271112151e-08, 4.94467133905e-09, 1.08198755511e-10], [5.01685626375e-09, 1.27660328531e-07, 1.89445060528e-07, 8.04709713975e-07, 2.2777239792e-06, 5.3281860346e-06, 3.96236828237e-06, 6.6138445618e-06, 1.04941163954e-05, 1.02795002022e-05, 1.65634610312e-05, 1.36991266118e-05, 9.26652865019e-06, 4.96075108458e-06, 7.43695818528e-06, 1.53434139065e-05, 2.28682074521e-05, 3.35190670739e-05, 5.54756916245e-05, 4.53695101896e-05, 3.72455433535e-05, 1.12769721454e-05, 1.49388642967e-06, 6.38894732674e-07, 1.37698577873e-07, 7.4275088302e-09, 1.52018009292e-10], [2.12213602246e-09, 5.3643791631e-08, 1.65073899439e-07, 7.04638239313e-07, 1.94104973161e-06, 3.84016175303e-06, 4.06615981774e-06, 6.40606867819e-06, 9.05903561943e-06, 9.46322415984e-06, 1.47065302372e-05, 1.00601901067e-05, 7.91242291598e-06, 4.36954996985e-06, 5.7440583987e-06, 1.30374864966e-05, 2.15918662434e-05, 2.95228837786e-05, 4.53695101896e-05, 5.24887400388e-05, 3.96602445107e-05, 1.20911263366e-05, 1.6160697669e-06, 7.00189900726e-07, 1.45712149902e-07, 7.64572849477e-09, 1.56184121192e-10], [1.28287058754e-09, 3.45518849088e-08, 1.30768029294e-07, 5.63010701171e-07, 1.49252616666e-06, 3.2785719668e-06, 3.17205535794e-06, 4.97197652294e-06, 6.6450011218e-06, 8.44858550408e-06, 1.25112483147e-05, 7.97459233581e-06, 6.07550555287e-06, 3.53888754034e-06, 4.4674829951e-06, 1.09001857709e-05, 1.71478568518e-05, 2.45101236942e-05, 3.72455433535e-05, 3.96602445107e-05, 3.28915230057e-05, 9.55768246058e-06, 1.27030546082e-06, 5.49419382878e-07, 1.13750665776e-07, 6.04022565298e-09, 1.25856214339e-10], [4.09642514354e-10, 1.03652277872e-08, 3.97999819768e-08, 1.56455911338e-07, 4.44300809477e-07, 9.23949471598e-07, 9.39835615554e-07, 1.36222854508e-06, 2.13926045944e-06, 2.27033274314e-06, 3.51117955688e-06, 2.26770293921e-06, 1.69998725141e-06, 1.04384491806e-06, 1.40110137181e-06, 3.04636182591e-06, 5.30511942998e-06, 7.89011937741e-06, 1.12769721454e-05, 1.20911263366e-05, 9.55768246058e-06, 3.06188780996e-06, 3.85232226563e-07, 1.75427402382e-07, 3.46847137678e-08, 1.83223636263e-09, 3.94527639724e-11], [6.97520027848e-11, 1.86892523679e-09, 5.58243851145e-09, 2.26005134607e-08, 6.23014031476e-08, 1.24794567569e-07, 1.239965286e-07, 1.95135186232e-07, 2.82597852674e-07, 3.01406942071e-07, 4.62639377474e-07, 3.2215336887e-07, 2.42535548978e-07, 1.35532616241e-07, 1.82884775768e-07, 4.07407554803e-07, 6.735539273e-07, 9.84335088106e-07, 1.49388642967e-06, 1.6160697669e-06, 1.27030546082e-06, 3.85232226563e-07, 5.1914369692e-08, 2.25458549608e-08, 4.57402338228e-09, 2.40246184058e-10, 4.93615868666e-12], [2.07197228125e-11, 5.99545302293e-10, 2.46018161398e-09, 9.36074684432e-09, 2.53971190745e-08, 5.34943609409e-08, 5.34258219886e-08, 7.60626193141e-08, 1.19440770163e-07, 1.32795690888e-07, 1.98742981183e-07, 1.25975617493e-07, 9.33044503881e-08, 5.92905031738e-08, 7.85578393447e-08, 1.72412626398e-07, 2.98611240623e-07, 4.50474885838e-07, 6.38894732674e-07, 7.00189900726e-07, 5.49419382878e-07, 1.75427402382e-07, 2.25458549608e-08, 1.03953716746e-08, 1.99366878562e-09, 1.04524319755e-10, 2.23265308151e-12], [9.3808537327e-12, 3.05127867417e-10, 7.58091089903e-10, 2.38573516498e-09, 6.13957285012e-09, 1.28237749308e-08, 1.28003172506e-08, 1.95915994539e-08, 2.94209510088e-08, 2.97662090532e-08, 4.77717421177e-08, 3.19043849117e-08, 2.49523939289e-08, 1.37063143058e-08, 1.84785768909e-08, 4.1603936296e-08, 6.64685373408e-08, 9.14271112151e-08, 1.37698577873e-07, 1.45712149902e-07, 1.13750665776e-07, 3.46847137678e-08, 4.57402338228e-09, 1.99366878562e-09, 4.29915575362e-10, 2.34283339257e-11, 4.83159356707e-13], [5.40426590197e-13, 1.70966036467e-11, 4.07736656938e-11, 1.25017579622e-10, 3.19886866995e-10, 7.39151351237e-10, 6.99958646599e-10, 1.03868336154e-09, 1.63723268276e-09, 1.65700619892e-09, 2.72180766814e-09, 1.78869752343e-09, 1.37516764642e-09, 7.72424624262e-10, 1.03291009079e-09, 2.37622765908e-09, 3.73146447075e-09, 4.94467133905e-09, 7.4275088302e-09, 7.64572849477e-09, 6.04022565298e-09, 1.83223636263e-09, 2.40246184058e-10, 1.04524319755e-10, 2.34283339257e-11, 1.36630810832e-12, 2.76243448011e-14], [9.61582464316e-15, 3.28102264325e-13, 9.04649077003e-13, 2.49987031943e-12, 6.26136685902e-12, 1.5156383093e-11, 1.45716112787e-11, 1.9901559567e-11, 3.37268962758e-11, 3.47939697887e-11, 5.71061357924e-11, 3.44999168123e-11, 2.64580544973e-11, 1.60789957737e-11, 2.12044236336e-11, 4.87495044332e-11, 7.9404469111e-11, 1.08198755511e-10, 1.52018009292e-10, 1.56184121192e-10, 1.25856214339e-10, 3.94527639724e-11, 4.93615868666e-12, 2.23265308151e-12, 4.83159356707e-13, 2.76243448011e-14, 5.89813763947e-16]]
    },
    "mfcc": {
        "kurt": [0.873110055923, 0.639256715775, -1.34596383572, 0.7513256073, -1.19257807732, -0.491335391998, -1.19526064396, -0.644859313965, -0.668147802353, -0.405878305435, -0.678224563599, -0.674281835556, 2.33583879471],
        "max": [-451.854949951, 101.306381226, 38.9553565979, 112.67440033, 26.1876106262, 39.1956329346, 45.8451156616, 32.3594360352, 35.0859565735, 21.646528244, 18.2224082947, 17.4312915802, 14.5229606628],
        "mean": [-911.870239258, 51.7131729126, -31.2001495361, 37.7809753418, -13.956328392, -0.554872095585, 10.9166536331, 5.68933725357, 5.25276756287, -3.04111003876, -1.12062454224, -0.13975957036, -3.70587134361],
        "median": [-947.776794434, 53.0989952087, -18.8603096008, 30.3486824036, -8.72143554688, -2.41553497314, 7.48266983032, 3.45864486694, 4.62657546997, -1.94040679932, -0.421306610107, -0.0982284545898, -2.84273147583],
        "min": [-1119.98547363, -58.563621521, -107.652633667, -7.98902511597, -64.5911102295, -24.3813667297, -22.2150344849, -21.8137207031, -18.3801708221, -26.5845794678, -22.1455078125, -14.0944519043, -36.8182640076],
        "skew": [1.25508522987, -0.503647685051, -0.289737343788, 1.08105456829, -0.228284165263, 0.41274407506, 0.204278171062, 0.467688113451, -0.012535629794, 0.0303377937526, -0.194649726152, 0.205135762691, -0.710102200508],
        "var": [28761.8945312, 851.283996582, 1670.01599121, 557.526062012, 665.98248291, 181.864593506, 331.825805664, 134.246170044, 128.776275635, 98.5070571899, 89.2877960205, 47.8404159546, 55.8397331238],
        "cov": [[29001.5761719, -83.31199646, -5201.08300781, -562.285400391, -3398.74194336, -882.899108887, -1166.10705566, -632.850402832, -840.900024414, -747.842041016, -849.029602051, -253.890716553, -549.670898438], [-83.31199646, 858.378051758, -113.306785583, -194.537139893, 58.0512924194, 80.5019836426, 166.802520752, 124.989608765, 122.351005554, 28.6729316711, 58.8536949158, 49.5286102295, 30.151342392], [-5201.08300781, -113.306785583, 1683.93286133, 329.765014648, 888.452941895, 277.192504883, 275.942962646, 203.517730713, 202.143463135, 228.006774902, 195.547027588, 70.6752624512, 92.0835418701], [-562.285400391, -194.537139893, 329.765014648, 562.172119141, 123.408454895, 152.762283325, 226.531921387, 89.9552307129, 115.840080261, 94.8932266235, 98.1015472412, 39.5920219421, 4.14598083496], [-3398.74194336, 58.0512924194, 888.452941895, 123.408454895, 671.532348633, 204.415359497, 206.600784302, 147.93586731, 133.805725098, 103.821754456, 107.62538147, 48.0401573181, 74.2601776123], [-882.899108887, 80.5019836426, 277.192504883, 152.762283325, 204.415359497, 183.380126953, 193.400299072, 112.923057556, 100.456100464, 59.9281806946, 61.2944107056, 41.9274864197, 30.2426052094], [-1166.10705566, 166.802520752, 275.942962646, 226.531921387, 206.600784302, 193.400299072, 334.591003418, 160.559432983, 159.564788818, 83.1848831177, 106.154266357, 66.6477432251, 57.6724853516], [-632.850402832, 124.989608765, 203.517730713, 89.9552307129, 147.93586731, 112.923057556, 160.559432983, 135.364883423, 97.9381103516, 44.392375946, 57.9199066162, 42.5871543884, 31.9318218231], [-840.900024414, 122.351005554, 202.143463135, 115.840080261, 133.805725098, 100.456100464, 159.564788818, 97.9381103516, 129.849411011, 71.955406189, 74.9755172729, 50.4418830872, 28.5811443329], [-747.842041016, 28.6729316711, 228.006774902, 94.8932266235, 103.821754456, 59.9281806946, 83.1848831177, 44.392375946, 71.955406189, 99.3279495239, 71.4688568115, 21.7043704987, 16.8585758209], [-849.029602051, 58.8536949158, 195.547027588, 98.1015472412, 107.62538147, 61.2944107056, 106.154266357, 57.9199066162, 74.9755172729, 71.4688568115, 90.0318603516, 37.7469863892, 21.4853401184], [-253.890716553, 49.5286102295, 70.6752624512, 39.5920219421, 48.0401573181, 41.9274864197, 66.6477432251, 42.5871543884, 50.4418830872, 21.7043704987, 37.7469863892, 48.2390861511, 18.9243221283], [-549.670898438, 30.151342392, 92.0835418701, 4.14598083496, 74.2601776123, 30.2426052094, 57.6724853516, 31.9318218231, 28.5811443329, 16.8585758209, 21.4853401184, 18.9243221283, 56.305065155]]
    },
    "sccoeffs": {
        "kurt": [0.0511028766632, 1.49536466599, 1.91448831558, 2.6418595314, 1.37591648102, 0.214319229126],
        "max": [-0.477166116238, -0.640338301659, -0.696097075939, -0.697012424469, -0.702318251133, -0.622476160526],
        "mean": [-0.749593853951, -0.852373063564, -0.863025426865, -0.854333221912, -0.844102621078, -0.737786650658],
        "median": [-0.759410262108, -0.865704596043, -0.878278017044, -0.863241136074, -0.853280365467, -0.746496379375],
        "min": [-0.948031485081, -0.955567419529, -0.923173725605, -0.921633541584, -0.920645534992, -0.86928242445],
        "skew": [0.565726041794, 1.02735877037, 1.52414798737, 1.40446519852, 1.18790590763, 0.596655607224],
        "var": [0.00920911598951, 0.00287014502101, 0.00263118441217, 0.00133044889662, 0.00173528376035, 0.00223124725744],
        "cov": [[0.00928585790098, 0.00205488759093, 0.00272520352155, 0.00180798501242, 0.0022414852865, 0.00293108774349], [0.00205488759093, 0.00289406278171, 0.00195392267779, 0.00139895780012, 0.00128445459995, 0.00135985878296], [0.00272520352155, 0.00195392267779, 0.0026531110052, 0.00140959362034, 0.0014826504048, 0.00165913649835], [0.00180798501242, 0.00139895780012, 0.00140959362034, 0.00134153605904, 0.00102518103085, 0.00116522668395], [0.0022414852865, 0.00128445459995, 0.0014826504048, 0.00102518103085, 0.00174974452239, 0.00150719855446], [0.00293108774349, 0.00135985878296, 0.00165913649835, 0.00116522668395, 0.00150719855446, 0.00224984087981]]
    },
    "scvalleys": {
        "kurt": [2.50073957443, 0.70895242691, -0.145449638367, -0.0399446487427, 0.176354885101, 0.429953575134],
        "max": [-4.87300634384, -4.10393714905, -3.79408311844, -4.25596666336, -4.14805984497, -6.81479501724],
        "mean": [-9.06371116638, -8.85254001617, -8.69612789154, -9.15654945374, -8.7402973175, -11.5598726273],
        "median": [-9.02533435822, -9.37850189209, -9.13995742798, -9.69277477264, -8.964802742, -12.0552949905],
        "min": [-10.8017416, -11.3858366013, -11.7487316132, -11.6905851364, -11.1815061569, -13.7883348465],
        "skew": [1.08965587616, 1.18164026737, 0.725702285767, 0.885248720646, 0.982809066772, 1.20184099674],
        "var": [1.04301476479, 2.8805038929, 3.84073495865, 3.54994893074, 3.4384996891, 3.55922627449],
        "cov": [[1.05170655251, 1.07653391361, 1.227201581, 1.15974783897, 1.15189433098, 1.16657567024], [1.07653391361, 2.90450811386, 3.22668671608, 3.11003613472, 2.95618152618, 2.79863762856], [1.227201581, 3.22668671608, 3.87274122238, 3.65727996826, 3.39836668968, 3.08830809593], [1.15974783897, 3.11003613472, 3.65727996826, 3.57953190804, 3.37525629997, 3.1383254528], [1.15189433098, 2.95618152618, 3.39836668968, 3.37525629997, 3.46715402603, 3.36537432671], [1.16657567024, 2.79863762856, 3.08830809593, 3.1383254528, 3.36537432671, 3.5888864994]]
    }
},
"rhythm": {
    "beats_loudness": {
        "kurt": 0.249975919724,
        "max": 0.244926586747,
        "mean": 0.0491969995201,
        "median": 0.0004579804081,
        "min": 1.54538611241e-05,
        "skew": 1.49998211861,
        "var": 0.00957756303251
    },
    "bpm": 123.046867371,
    "confidence": 0,
    "first_peak_bpm": {
        "kurt": 0,
        "max": 123,
        "mean": 123,
        "median": 123,
        "min": 123,
        "skew": 0,
        "var": 0
    },
    "first_peak_spread": {
        "kurt": 0,
        "max": 0,
        "mean": 0,
        "median": 0,
        "min": 0,
        "skew": 0,
        "var": 0
    },
    "first_peak_weight": {
        "kurt": 0,
        "max": 1,
        "mean": 1,
        "median": 1,
        "min": 1,
        "skew": 0,
        "var": 0
    },
    "onset_rate": 1.08133292198,
    "second_peak_bpm": {
        "kurt": 0,
        "max": 0,
        "mean": 0,
        "median": 0,
        "min": 0,
        "skew": 0,
        "var": 0
    },
    "second_peak_spread": {
        "kurt": 0,
        "max": 0,
        "mean": 0,
        "median": 0,
        "min": 0,
        "skew": 0,
        "var": 0
    },
    "second_peak_weight": {
        "kurt": 0,
        "max": 0,
        "mean": 0,
        "median": 0,
        "min": 0,
        "skew": 0,
        "var": 0
    },
    "beats_loudness_band_ratio": {
        "kurt": [0.00195980072021, -0.914818286896, -1.34235274792, -1.45752024651, -0.167222976685, -0.573015928268],
        "max": [0.843300759792, 0.0413046218455, 0.132661014795, 0.34359356761, 0.310351282358, 0.763639032841],
        "mean": [0.208369016647, 0.016822848469, 0.0644290223718, 0.161282762885, 0.217518612742, 0.347497045994],
        "median": [0.00763741927221, 0.0105021717027, 0.0630783587694, 0.131258144975, 0.238691940904, 0.29184666276],
        "min": [0.00225138035603, 0.000715290487278, 0.000476742221508, 0.0107273980975, 0.0226905271411, 0.0269233956933],
        "skew": [1.34117424488, 0.674162268639, 0.0861522108316, 0.269852548838, -1.1697332859, 0.55128210783],
        "var": [0.105707786977, 0.000204581578146, 0.00223370897584, 0.015357661061, 0.0104289287701, 0.0578620247543],
        "cov": [[0.132134735584, 0.00100945157465, -0.00764932017773, -0.0223633795977, -0.0398678556085, -0.0651880502701], [0.00100945157465, 0.00025572697632, 0.000564057845622, 0.000819983310066, -0.000130353000714, -0.00252779154107], [-0.00764932017773, 0.000564057845622, 0.002792136278, 0.00653822999448, 0.00357965496369, -0.0054548215121], [-0.0223633795977, 0.000819983310066, 0.00653822999448, 0.0191970765591, 0.0103631392121, -0.0133753139526], [-0.0398678556085, -0.000130353000714, 0.00357965496369, 0.0103631392121, 0.0130361607298, 0.0138627635315], [-0.0651880502701, -0.00252779154107, -0.0054548215121, -0.0133753139526, 0.0138627635315, 0.0723275318742]]
    },
    "beats_position": [0.53405892849, 1.02167797089, 1.50929701328, 1.99691605568, 2.48453521729],
    "bpm_estimates": [123.046875, 123.046875, 123.046875, 123.046844482],
    "bpm_intervals": [0.487619042397, 0.487619042397, 0.487619042397, 0.487619161606],
    "onset_times": [0.53405892849, 1.31192743778, 2.48453521729],
    "histogram": [[0, 0, 0, 0, 0, 0, 0, 0, 0, 0, 0, 0, 0, 0, 0, 0, 0, 0, 0, 0, 0, 0, 0, 0, 0, 0, 0, 0, 0, 0, 0, 0, 0, 0, 0, 0, 0, 0, 0, 0, 0, 0, 0, 0, 0, 0, 0, 0, 0, 0, 0, 0, 0, 0, 0, 0, 0, 0, 0, 0, 0, 0, 0, 0, 0, 0, 0, 0, 0, 0, 0, 0, 0, 0, 0, 0, 0, 0, 0, 0, 0, 0, 0, 0, 0, 0, 0, 0, 0, 0, 0, 0, 0, 0, 0, 0, 0, 0, 0, 0, 0, 0, 0, 0, 0, 0, 0, 0, 0, 0, 0, 0, 0, 0, 0, 0, 0, 0, 0, 0, 0, 0, 0, 1, 0, 0, 0, 0, 0, 0, 0, 0, 0, 0, 0, 0, 0, 0, 0, 0, 0, 0, 0, 0, 0, 0, 0, 0, 0, 0, 0, 0, 0, 0, 0, 0, 0, 0, 0, 0, 0, 0, 0, 0, 0, 0, 0, 0, 0, 0, 0, 0, 0, 0, 0, 0, 0, 0, 0, 0, 0, 0, 0, 0, 0, 0, 0, 0, 0, 0, 0, 0, 0, 0, 0, 0, 0, 0, 0, 0, 0, 0, 0, 0, 0, 0, 0, 0, 0, 0, 0, 0, 0, 0, 0, 0, 0, 0, 0, 0, 0, 0, 0, 0, 0, 0, 0, 0, 0, 0, 0, 0, 0, 0, 0, 0, 0, 0, 0, 0, 0, 0, 0, 0, 0, 0, 0, 0, 0, 0]]
},
"sfx": {
    "inharmonicity": {
        "kurt": 1.85912370682,
        "max": 0.320954740047,
        "mean": 0.0572348758578,
        "median": 0.0176788754761,
        "min": 0,
        "skew": 1.75655388832,
        "var": 0.0074799680151
    },
    "oddtoevenharmonicenergyratio": {
        "kurt": 77.5554885864,
        "max": 35.9806938171,
        "mean": 1.00030303001,
        "median": 0.103118725121,
        "min": 0,
        "skew": 8.31720352173,
        "var": 12.4381780624
    },
    "pitch_after_max_to_before_max_energy_ratio": 0.210573688149,
    "pitch_centroid": 61.9354858398,
    "pitch_max_to_total": 0.900826454163,
    "pitch_min_to_total": 0.652892589569,
    "tristimulus": {
        "kurt": [-1.75149106979, -0.502234458923, -0.266201734543],
        "max": [1, 0.944885671139, 0.913231790066],
        "mean": [0.547688007355, 0.262601882219, 0.189710095525],
        "median": [0.476956129074, 0.158468186855, 0],
        "min": [0, 0, 0],
        "skew": [0.0185802318156, 0.888552248478, 1.10018253326],
        "var": [0.165074065328, 0.0907662734389, 0.0764822587371],
        "cov": [[0.166449695826, -0.0904263630509, -0.0760233774781], [-0.0904263630509, 0.0915226638317, -0.00109624851029], [-0.0760233774781, -0.00109624851029, 0.0771196112037]]
    }
},
"tonal": {
    "chords_changes_rate": 0.16393442452,
    "chords_number_rate": 0.0655737668276,
    "chords_strength": {
        "kurt": -0.269986391068,
        "max": 0.53371399641,
        "mean": 0.387139171362,
        "median": 0.387868225574,
        "min": 0.250250995159,
        "skew": -0.216200873256,
        "var": 0.00397032592446
    },
    "key_strength": 0.400383651257,
    "tuning_diatonic_strength": 0.369487911463,
    "tuning_equal_tempered_deviation": 0.220117107034,
    "tuning_frequency": 441.527557373,
    "tuning_nontempered_energy_ratio": 0.893892467022,
    "hpcp": {
        "kurt": [-1.03316009045, -0.761276960373, -0.72696018219, -0.78059720993, -0.928031921387, -0.55929017067, 0.0730273723602, -0.274548768997, -0.508324861526, -0.963994503021, -1.17483663559, -1.23052799702, -1.323179245, -1.04656112194, -1.06820881367, -1.24068534374, -0.969403266907, -0.421172857285, -0.0782086849213, 1.60987710953, 1.01812410355, 1.91461658478, -0.310839414597, -0.0293407440186, -0.901372432709, 0.555997133255, 0.683342456818, 0.31408905983, 0.410863637924, 0.27508020401, -0.350035905838, -0.142350912094, -0.424588441849, -1.09618234634, -0.901037693024, -0.944808721542],
        "max": [1, 1, 0.975783646107, 1, 0.919693827629, 0.908731758595, 1, 1, 1, 1, 1, 1, 1, 1, 1, 0.9745464921, 1, 1, 0.919370293617, 1, 1, 1, 0.863251209259, 1, 0.857592999935, 1, 1, 1, 1, 1, 0.952422976494, 0.939072549343, 1, 1, 1, 1],
        "mean": [0.395229965448, 0.35462719202, 0.341130554676, 0.344376504421, 0.312844574451, 0.295384377241, 0.304921925068, 0.323529630899, 0.338253825903, 0.365114957094, 0.390516042709, 0.404060095549, 0.406794279814, 0.382098019123, 0.369130581617, 0.38800957799, 0.38993024826, 0.354368120432, 0.276302546263, 0.227394044399, 0.237856730819, 0.233132645488, 0.265235751867, 0.316236317158, 0.28705316782, 0.257131189108, 0.253870159388, 0.254178702831, 0.283324986696, 0.309825688601, 0.302492260933, 0.301243126392, 0.35402071476, 0.421537548304, 0.416527569294, 0.393188208342],
        "median": [0.314375907183, 0.288896948099, 0.267065197229, 0.281984388828, 0.23987300694, 0.247201040387, 0.266065776348, 0.235544919968, 0.254569292068, 0.304955482483, 0.377312898636, 0.312714487314, 0.303523093462, 0.275498241186, 0.292419463396, 0.291309207678, 0.405720502138, 0.274839311838, 0.234290480614, 0.192985281348, 0.187401965261, 0.147264391184, 0.187571272254, 0.220617324114, 0.255304247141, 0.170202374458, 0.142832517624, 0.106561534107, 0.19203491509, 0.217276260257, 0.242568477988, 0.256807982922, 0.293609291315, 0.386345207691, 0.330171138048, 0.366896539927],
