{
"metadata": {
    "version": {
        "essentia": "2.1-beta3"
    }
},
"lowLevel": {
    "average_loudness": 0.66026610136,
    "barkbands_kurtosis": {
        "kurt": 7.56286048889,
        "max": 6.37671947479,
        "mean": -0.543968737125,
        "median": -1.03000247478,
        "min": -1.57789921761,
        "skew": 2.87835836411,
        "var": 2.34794902802
    },
    "barkbands_skewness": {
        "kurt": 0.429304122925,
        "max": 1.52822351456,
        "mean": -0.182372242212,
        "median": -0.072223983705,
        "min": -1.94547486305,
        "skew": -0.709885299206,
        "var": 0.419094473124
    },
    "barkbands_spread": {
        "kurt": -0.062798500061,
        "max": 40.7296600342,
        "mean": 26.7572631836,
        "median": 27.435295105,
        "min": 9.60967826843,
        "skew": -0.585249185562,
        "var": 47.3451881409
    },
    "dissonance": {
        "kurt": 19.3592586517,
        "max": 0.500000119209,
        "mean": 0.486170589924,
        "median": 0.490219891071,
        "min": 0.386209279299,
        "skew": -3.41642451286,
        "var": 0.000195745189558
    },
    "hfc": {
        "kurt": 13.3692932129,
        "max": 167.983200073,
        "mean": 10.0586709976,
        "median": 0.000974244612735,
        "min": 1.30045541002e-09,
        "skew": 3.63326931,
        "var": 856.055053711
    },
    "pitch": {
        "kurt": -0.790729045868,
        "max": 4070.32177734,
        "mean": 1247.89880371,
        "median": 357.344238281,
        "min": 62.5331611633,
        "skew": 1.04158532619,
        "var": 2243369.75
    },
    "pitch_instantaneous_confidence": {
        "kurt": 2.12479877472,
        "max": 0.466425716877,
        "mean": 0.216000303626,
        "median": 0.202053070068,
        "min": 0.116856873035,
        "skew": 1.37190461159,
        "var": 0.00416940171272
    },
    "pitch_salience": {
        "kurt": 9.36388969421,
        "max": 0.915212750435,
        "mean": 0.776564061642,
        "median": 0.782214581966,
        "min": 0.494185775518,
        "skew": -1.55466926098,
        "var": 0.00220182933845
    },
    "silence_rate_20dB": {
        "kurt": 0,
        "max": 1,
        "mean": 1,
        "median": 1,
        "min": 1,
        "skew": 0,
        "var": 0
    },
    "silence_rate_30dB": {
        "kurt": 0,
        "max": 1,
        "mean": 1,
        "median": 1,
        "min": 1,
        "skew": 0,
        "var": 0
    },
    "silence_rate_60dB": {
        "kurt": -0.0948417186737,
        "max": 1,
        "mean": 0.783999979496,
        "median": 1,
        "min": 0,
        "skew": -1.38027334213,
        "var": 0.169343784451
    },
    "spectral_centroid": {
        "kurt": 1.00815820694,
        "max": 4611.45800781,
        "mean": 2055.41503906,
        "median": 1835.02954102,
        "min": 713.299987793,
        "skew": 1.22364103794,
        "var": 546868.5
    },
    "spectral_complexity": {
        "kurt": 3.17396068573,
        "max": 62,
        "mean": 7.48000001907,
        "median": 0,
        "min": 0,
        "skew": 2.10613751411,
        "var": 256.986175537
    },
    "spectral_crest": {
        "kurt": 28.77384758,
        "max": 16.8795814514,
        "mean": 4.63071155548,
        "median": 4.38014936447,
        "min": 2.57248067856,
        "skew": 4.0660738945,
        "var": 2.40809845924
    },
    "spectral_decrease": {
        "kurt": 10.6807889938,
        "max": -4.34658984219e-20,
        "mean": -1.14970044596e-09,
        "median": -1.55178983812e-13,
        "min": -1.61586140024e-08,
        "skew": -3.31125974655,
        "var": 9.90731094139e-18
    },
    "spectral_energy": {
        "kurt": 10.9970140457,
        "max": 0.0749273598194,
        "mean": 0.0052515831776,
        "median": 6.72912960908e-07,
        "min": 2.82005294767e-13,
        "skew": 3.3514585495,
        "var": 0.000209959165659
    },
    "spectral_energyband_high": {
        "kurt": 14.586435318,
        "max": 0.00962671265006,
        "mean": 0.00050617090892,
        "median": 1.74189231927e-08,
        "min": 1.40484412298e-13,
        "skew": 3.70717978477,
        "var": 2.21564209824e-06
    },
    "spectral_energyband_low": {
        "kurt": 10.8503417969,
        "max": 0.000950649613515,
        "mean": 6.58206699882e-05,
        "median": 1.26679839951e-08,
        "min": 1.43001713749e-16,
        "skew": 3.3856086731,
        "var": 3.70526791471e-08
    },
    "spectral_energyband_middle_high": {
        "kurt": 14.3500595093,
        "max": 0.0493229664862,
        "mean": 0.00293790875003,
        "median": 4.49549844461e-07,
        "min": 1.38535030344e-13,
        "skew": 3.75643920898,
        "var": 7.60059410823e-05
    },
    "spectral_energyband_middle_low": {
        "kurt": 9.96631145477,
        "max": 0.0256024748087,
        "mean": 0.00180133222602,
        "median": 2.48093783739e-07,
        "min": 6.15831831466e-15,
        "skew": 3.18798112869,
        "var": 2.26437823585e-05
    },
    "spectral_flatness_db": {
        "kurt": -1.02994191647,
        "max": 0.189697518945,
        "mean": 0.110188253224,
        "median": 0.115786120296,
        "min": 0.0634193643928,
        "skew": -0.064663015306,
        "var": 0.000852776167449
    },
    "spectral_flux": {
        "kurt": 2.45113658905,
        "max": 0.25257012248,
        "mean": 0.0336516462266,
        "median": 0.000551815435756,
        "min": 5.38003405381e-06,
        "skew": 1.88678324223,
        "var": 0.00397905427963
    },
    "spectral_kurtosis": {
        "kurt": 0.281366825104,
        "max": 11.8144197464,
        "mean": 4.10574293137,
        "median": 3.19676065445,
        "min": 1.2323513031,
        "skew": 1.04448544979,
        "var": 5.47694301605
    },
    "spectral_rms": {
        "kurt": 4.29819583893,
        "max": 0.00854984577745,
        "mean": 0.00100133474916,
        "median": 2.56222647295e-05,
        "min": 1.65869558089e-08,
        "skew": 2.27915596962,
        "var": 4.12082408729e-06
    },
    "spectral_rolloff": {
        "kurt": -0.299075365067,
        "max": 6050.83007812,
        "mean": 3650.65307617,
        "median": 3466.84570312,
        "min": 1636.5234375,
        "skew": 0.441025823355,
        "var": 648820.5
    },
    "spectral_skewness": {
        "kurt": -0.0473561286926,
        "max": 2.49671220779,
        "mean": 1.55799388885,
        "median": 1.45532488823,
        "min": 0.819929003716,
        "skew": 0.830352246761,
        "var": 0.128196820617
    },
    "spectral_spread": {
        "kurt": 3.69653749466,
        "max": 21675346,
        "mean": 6546584,
        "median": 4946823,
        "min": 2963387.75,
        "skew": 1.26524162292,
        "var": 8.53205109965e+12
    },
    "spectral_strongpeak": {
        "kurt": 7.44353294373,
        "max": 1.2763543129,
        "mean": 0.110039271414,
        "median": 0.00272282236256,
        "min": 9.3179767191e-07,
        "skew": 2.64265203476,
        "var": 0.0510541535914
    },
    "zerocrossingrate": {
        "kurt": 23.5256481171,
        "max": 0.470703125,
        "mean": 0.114207029343,
        "median": 0.09765625,
        "min": 0.048828125,
        "skew": 3.90631985664,
        "var": 0.00230345851742
    },
    "barkbands": {
        "kurt": [21.4405555725, 26.361738205, 13.7435970306, 6.88471317291, 12.3990392685, 15.5948200226, 18.4596824646, 7.82978916168, 8.15713214874, 10.9338359833, 9.58263111115, 13.1080799103, 14.5165023804, 31.2396087646, 8.8711643219, 25.9024238586, 17.1281852722, 22.8663406372, 20.8370800018, 26.503408432, 11.7943315506, 8.65133190155, 9.50359535217, 10.214802742, 13.9034061432, 15.6832847595, 19.2724666595],
        "max": [3.60525291399e-06, 0.000168541446328, 0.000636094599031, 0.00050273782108, 0.00414578383788, 0.00651739677414, 0.00522145954892, 0.00206753797829, 0.00768520915881, 0.00376605335623, 0.00261160731316, 0.00243256310932, 0.00306857423857, 0.00376536138356, 0.00211694277823, 0.00977584440261, 0.00889277923852, 0.0115194479004, 0.0106017673388, 0.00666446890682, 0.00447805644944, 0.000702466291841, 0.000181474752026, 6.39984355075e-05, 3.78174045181e-05, 1.70813018485e-06, 5.95432432249e-08],
        "mean": [1.59742526762e-07, 6.09101698501e-06, 3.59574332833e-05, 4.06828257837e-05, 0.000269699841738, 0.000373233808205, 0.000300882966258, 0.00015971333778, 0.00057135662064, 0.00024154962739, 0.000184220276424, 0.000141510943649, 0.000180094342795, 0.000134598187287, 0.000152629960212, 0.000374760042178, 0.000471894541988, 0.000512334518135, 0.000470329483505, 0.000285024871118, 0.000270142394584, 5.63209432585e-05, 1.180095569e-05, 4.215244644e-06, 2.2866981908e-06, 9.47420275565e-08, 2.87634160934e-09],
        "median": [4.45359634588e-12, 5.16573783749e-10, 4.46597248072e-09, 1.05593613853e-08, 5.05175137278e-08, 9.85423387334e-09, 5.94839466572e-09, 2.73988582933e-08, 6.845712619e-08, 5.75558090077e-08, 3.36722649763e-08, 3.55741320845e-08, 2.77387304237e-08, 3.79101692261e-08, 3.19947801586e-08, 4.98742522836e-08, 3.63124712521e-08, 3.92286487738e-08, 2.83969505688e-08, 1.56910484606e-08, 9.2593372969e-09, 1.49826939744e-09, 3.97310462308e-10, 2.66281330319e-10, 2.17862533569e-10, 2.32278103002e-11, 9.31931506791e-13],
        "min": [2.09264742216e-18, 3.39844309166e-17, 5.27177093631e-17, 1.49025679721e-16, 1.54609707368e-15, 1.6237676656e-15, 1.07812782129e-16, 2.34454961091e-16, 2.14348844731e-15, 1.52951830956e-15, 1.57261312245e-15, 1.0427678618e-15, 2.11805204791e-15, 7.59300450951e-16, 1.01702060131e-15, 7.03677014915e-16, 1.3733541485e-14, 4.13621028162e-14, 3.6066788255e-14, 5.75819773807e-14, 4.68524450194e-14, 3.613792547e-14, 1.30984522748e-14, 9.87642025861e-15, 8.9396983807e-15, 1.7359651204e-15, 1.53300903821e-15],
        "skew": [4.53537273407, 4.90181350708, 3.74275350571, 2.79682636261, 3.61807990074, 3.85797071457, 4.09881496429, 2.86059522629, 3.03263688087, 3.41658711433, 3.22808098793, 3.54618263245, 3.83760595322, 5.15347290039, 3.16084265709, 4.92220544815, 4.10022974014, 4.56257104874, 4.3080034256, 4.63807487488, 3.49903488159, 3.07701420784, 3.19304418564, 3.29555940628, 3.71648478508, 3.9557094574, 4.40243625641],
        "var": [3.15700834615e-13, 5.1121284983e-10, 1.26809922563e-08, 1.12900231386e-08, 6.46567002605e-07, 1.1812124967e-06, 7.04981800936e-07, 1.57000044965e-07, 2.52101517617e-06, 5.00012163229e-07, 2.71469588142e-07, 1.53994349716e-07, 3.0440648402e-07, 2.16690551724e-07, 1.90028544012e-07, 1.85692124433e-06, 2.28710041483e-06, 2.78425318356e-06, 2.16922217078e-06, 7.19214256151e-07, 6.45113971132e-07, 2.27362324523e-08, 1.11007592007e-09, 1.44748324438e-10, 4.74216568791e-11, 9.12078978966e-14, 1.01598048455e-16],
        "cov": [[3.18246812367e-13, 9.96061913505e-12, 4.18653479939e-11, 3.33599051161e-11, 1.93676255589e-10, 2.5904273171e-10, 1.79359138652e-10, 1.39740455318e-10, 4.9193782381e-10, 2.02895547585e-10, 1.41580192015e-10, 9.34357868854e-11, 1.24039917226e-10, 1.17761300711e-10, 1.19069365478e-10, 2.141073846e-10, 3.40802386312e-10, 3.49016482382e-10, 4.02991168214e-10, 2.28192603702e-10, 2.03678962585e-10, 4.71590821949e-11, 9.53973445378e-12, 3.32363043337e-12, 1.65895368189e-12, 6.56288445897e-14, 1.74875383559e-15], [9.96061913505e-12, 5.15335552009e-10, 2.09010941887e-09, 1.61799051934e-09, 9.85949277776e-09, 1.71078919919e-08, 1.20611520771e-08, 6.89038381907e-09, 2.31483650026e-08, 9.80324887934e-09, 8.30412894004e-09, 4.65471527988e-09, 7.48074224788e-09, 2.87803714194e-09, 4.74568428999e-09, 1.49809693539e-08, 1.8347774855e-08, 2.04404866366e-08, 1.29079307243e-08, 9.47306411092e-09, 8.52725356992e-09, 1.90610927042e-09, 3.76834702331e-10, 1.38628428181e-10, 8.08121902729e-11, 3.41211997892e-12, 1.01668958083e-13], [4.18653479939e-11, 2.09010941887e-09, 1.27832580077e-08, 9.80370185033e-09, 7.29871985072e-08, 9.01416186139e-08, 5.44726077578e-08, 4.08544345021e-08, 1.46988099914e-07, 5.62024879969e-08, 4.40672565105e-08, 2.47417624166e-08, 3.66801771179e-08, 2.19988240957e-08, 2.43251907506e-08, 5.57919292987e-08, 7.49330624217e-08, 8.62949462999e-08, 7.35422389653e-08, 4.53373552034e-08, 4.02746245243e-08, 1.09216626853e-08, 2.37182962159e-09, 7.46328054912e-10, 3.79315134857e-10, 1.4861599798e-11, 3.25759926846e-13], [3.33599051161e-11, 1.61799051934e-09, 9.80370185033e-09, 1.13810720848e-08, 7.5969225577e-08, 1.01995155433e-07, 7.5346100914e-08, 3.57532279338e-08, 1.56138398211e-07, 6.41112194444e-08, 4.2130785971e-08, 3.16276285162e-08, 4.48131238784e-08, 2.72200431084e-08, 3.61923149228e-08, 9.82473054023e-08, 1.13769530685e-07, 1.39404619404e-07, 1.01235933414e-07, 5.82608130628e-08, 6.34686116996e-08, 1.40448204178e-08, 2.96409852218e-09, 1.03714703492e-09, 5.57040857885e-10, 2.29664360446e-11, 5.75508987254e-13], [1.93676255589e-10, 9.85949277776e-09, 7.29871985072e-08, 7.5969225577e-08, 6.5178130626e-07, 7.60667376198e-07, 4.98050042097e-07, 2.53200056477e-07, 1.23967345189e-06, 5.23235371475e-07, 3.28669699456e-07, 2.40403693397e-07, 3.45524512113e-07, 2.33583890008e-07, 2.66487120371e-07, 6.86624844093e-07, 8.0765931898e-07, 9.73351461653e-07, 8.05829074579e-07, 4.26785533136e-07, 4.55787528608e-07, 1.06428934998e-07, 2.31694947672e-08, 7.79200171053e-09, 4.05249700464e-09, 1.67886912705e-10, 3.8670238886e-12], [2.5904273171e-10, 1.71078919919e-08, 9.01416186139e-08, 1.01995155433e-07, 7.60667376198e-07, 1.19073843052e-06, 8.33777789921e-07, 3.48515754922e-07, 1.54718065914e-06, 7.27575923065e-07, 5.24516906353e-07, 3.77870719603e-07, 5.66654250633e-07, 3.0661331607e-07, 3.83882081678e-07, 1.27623104618e-06, 1.4172740066e-06, 1.61462401138e-06, 1.18255763937e-06, 7.20124717191e-07, 7.04352373759e-07, 1.4602370868e-07, 3.15220241021e-08, 1.12562039689e-08, 6.51202958224e-09, 2.84837653464e-10, 8.09776898314e-12], [1.79359138652e-10, 1.20611520771e-08, 5.44726077578e-08, 7.5346100914e-08, 4.98050042097e-07, 8.33777789921e-07, 7.10667109161e-07, 2.45969545176e-07, 9.99783310363e-07, 4.83299345433e-07, 3.38963019431e-07, 2.48681686799e-07, 3.77455847911e-07, 1.54764336457e-07, 2.58982794321e-07, 9.37069216889e-07, 9.87637690741e-07, 1.22250116874e-06, 7.25309917016e-07, 4.52844602705e-07, 4.81028223476e-07, 1.009069166e-07, 2.02871586197e-08, 7.56353735198e-09, 4.46958470235e-09, 1.96387656137e-10, 5.55502345512e-12], [1.39740455318e-10, 6.89038381907e-09, 4.08544345021e-08, 3.57532279338e-08, 2.53200056477e-07, 3.48515754922e-07, 2.45969545176e-07, 1.58266175276e-07, 5.12202916525e-07, 2.1225189073e-07, 1.72926178266e-07, 1.09824803474e-07, 1.55097183097e-07, 9.69721440924e-08, 1.02070458752e-07, 2.84653822291e-07, 3.56514249233e-07, 4.01348472678e-07, 3.40344143979e-07, 2.15632184108e-07, 1.83381544616e-07, 4.45473773425e-08, 9.52262446674e-09, 3.1611140372e-09, 1.72182224034e-09, 7.00991764635e-11, 1.91060188504e-12], [4.9193782381e-10, 2.31483650026e-08, 1.46988099914e-07, 1.56138398211e-07, 1.23967345189e-06, 1.54718065914e-06, 9.99783310363e-07, 5.12202916525e-07, 2.54134602073e-06, 1.06028869595e-06, 6.94651987487e-07, 5.3066298733e-07, 7.47216859054e-07, 5.20816797689e-07, 6.03253283771e-07, 1.56286205311e-06, 1.88327646811e-06, 2.14482133742e-06, 1.79088408458e-06, 1.00662566638e-06, 1.05746414647e-06, 2.24791691039e-07, 4.88994125192e-08, 1.71904606105e-08, 9.19668163846e-09, 3.81442266661e-10, 9.90506461573e-12], [2.02895547585e-10, 9.80324887934e-09, 5.62024879969e-08, 6.41112194444e-08, 5.23235371475e-07, 7.27575923065e-07, 4.83299345433e-07, 2.1225189073e-07, 1.06028869595e-06, 5.04044521676e-07, 3.29662327658e-07, 2.55660495441e-07, 3.68279671648e-07, 2.57159797457e-07, 2.74410780321e-07, 7.89985449501e-07, 9.22188633012e-07, 1.01884256765e-06, 9.04712692318e-07, 5.06623223373e-07, 4.93936113344e-07, 1.025478511e-07, 2.26209984078e-08, 7.92039855924e-09, 4.37592495572e-09, 1.9010472363e-10, 5.18478532677e-12], [1.41580192015e-10, 8.30412894004e-09, 4.40672565105e-08, 4.2130785971e-08, 3.28669699456e-07, 5.24516906353e-07, 3.38963019431e-07, 1.72926178266e-07, 6.94651987487e-07, 3.29662327658e-07, 2.73658855576e-07, 1.86339761399e-07, 2.70337807251e-07, 1.69787170989e-07, 1.76833154342e-07, 5.61349850159e-07, 6.63984678795e-07, 6.79994741404e-07, 5.97726057094e-07, 3.78024878955e-07, 3.29445470015e-07, 6.58825882738e-08, 1.47775054415e-08, 5.20961185302e-09, 3.04046343658e-09, 1.32955618737e-10, 4.06525334229e-12], [9.34357868854e-11, 4.65471527988e-09, 2.47417624166e-08, 3.16276285162e-08, 2.40403693397e-07, 3.77870719603e-07, 2.48681686799e-07, 1.09824803474e-07, 5.3066298733e-07, 2.55660495441e-07, 1.86339761399e-07, 1.5523623631e-07, 2.13249819581e-07, 1.57607516371e-07, 1.62011929206e-07, 4.80004814563e-07, 5.70212137063e-07, 5.83265034493e-07, 5.40785208614e-07, 3.24575864852e-07, 3.03221327158e-07, 5.54252146401e-08, 1.24318528805e-08, 4.57299575984e-09, 2.64026001062e-09, 1.15293948e-10, 3.59609824557e-12], [1.24039917226e-10, 7.48074224788e-09, 3.66801771179e-08, 4.48131238784e-08, 3.45524512113e-07, 5.66654250633e-07, 3.77455847911e-07, 1.55097183097e-07, 7.47216859054e-07, 3.68279671648e-07, 2.70337807251e-07, 2.13249819581e-07, 3.0686138075e-07, 1.99663830358e-07, 2.18143554775e-07, 7.01614624177e-07, 8.04762521511e-07, 8.46786520015e-07, 7.18043565939e-07, 4.36567603401e-07, 4.09630018794e-07, 7.64367058537e-08, 1.69844796005e-08, 6.24889384682e-09, 3.67115959854e-09, 1.62241026169e-10, 5.01860965979e-12], [1.17761300711e-10, 2.87803714194e-09, 2.19988240957e-08, 2.72200431084e-08, 2.33583890008e-07, 3.0661331607e-07, 1.54764336457e-07, 9.69721440924e-08, 5.20816797689e-07, 2.57159797457e-07, 1.69787170989e-07, 1.57607516371e-07, 1.99663830358e-07, 2.18438046318e-07, 1.6989575613e-07, 4.03177693897e-07, 5.31436910478e-07, 4.8694829502e-07, 6.66034736696e-07, 3.6112984958e-07, 3.12982820105e-07, 5.82335708543e-08, 1.39103910612e-08, 4.80389150681e-09, 2.59547094927e-09, 1.12209554148e-10, 3.41021872199e-12], [1.19069365478e-10, 4.74568428999e-09, 2.43251907506e-08, 3.61923149228e-08, 2.66487120371e-07, 3.83882081678e-07, 2.58982794321e-07, 1.02070458752e-07, 6.03253283771e-07, 2.74410780321e-07, 1.76833154342e-07, 1.62011929206e-07, 2.18143554775e-07, 1.6989575613e-07, 1.91561028373e-07, 5.20831747508e-07, 6.21995980055e-07, 6.59617228393e-07, 5.86917394685e-07, 3.3677397937e-07, 3.49684199819e-07, 6.29437337807e-08, 1.37889726304e-08, 5.20889065214e-09, 2.92649771083e-09, 1.25621735236e-10, 3.79304096812e-12], [2.141073846e-10, 1.49809693539e-08, 5.57919292987e-08, 9.82473054023e-08, 6.86624844093e-07, 1.27623104618e-06, 9.37069216889e-07, 2.84653822291e-07, 1.56286205311e-06, 7.89985449501e-07, 5.61349850159e-07, 4.80004814563e-07, 7.01614624177e-07, 4.03177693897e-07, 5.20831747508e-07, 1.87189641565e-06, 2.02085561796e-06, 2.23949427891e-06, 1.60341096489e-06, 9.8327438991e-07, 9.99126314127e-07, 1.76053788437e-07, 3.77196087697e-08, 1.47798866479e-08, 9.01829810829e-09, 4.01437993958e-10, 1.29836844401e-11], [3.40802386312e-10, 1.8347774855e-08, 7.49330624217e-08, 1.13769530685e-07, 8.0765931898e-07, 1.4172740066e-06, 9.87637690741e-07, 3.56514249233e-07, 1.88327646811e-06, 9.22188633012e-07, 6.63984678795e-07, 5.70212137063e-07, 8.04762521511e-07, 5.31436910478e-07, 6.21995980055e-07, 2.02085561796e-06, 2.30554474001e-06, 2.43680005951e-06, 1.95329539565e-06, 1.2026019931e-06, 1.18287118767e-06, 2.06407250403e-07, 4.49823325255e-08, 1.74331500347e-08, 1.0394318295e-08, 4.55948973022e-10, 1.47196803357e-11], [3.49016482382e-10, 2.04404866366e-08, 8.62949462999e-08, 1.39404619404e-07, 9.73351461653e-07, 1.61462401138e-06, 1.22250116874e-06, 4.01348472678e-07, 2.14482133742e-06, 1.01884256765e-06, 6.79994741404e-07, 5.83265034493e-07, 8.46786520015e-07, 4.8694829502e-07, 6.59617228393e-07, 2.23949427891e-06, 2.43680005951e-06, 2.80670678876e-06, 1.94767903849e-06, 1.16518958748e-06, 1.2405544112e-06, 2.30096091514e-07, 4.83182631683e-08, 1.87192128465e-08, 1.10767928163e-08, 4.83136863849e-10, 1.48740620515e-11], [4.02991168214e-10, 1.29079307243e-08, 7.35422389653e-08, 1.01235933414e-07, 8.05829074579e-07, 1.18255763937e-06, 7.25309917016e-07, 3.40344143979e-07, 1.79088408458e-06, 9.04712692318e-07, 5.97726057094e-07, 5.40785208614e-07, 7.18043565939e-07, 6.66034736696e-07, 5.86917394685e-07, 1.60341096489e-06, 1.95329539565e-06, 1.94767903849e-06, 2.18671584662e-06, 1.20108109058e-06, 1.08940241716e-06, 2.04109539936e-07, 4.67871608123e-08, 1.6638280087e-08, 9.28506338482e-09, 4.07557404491e-10, 1.25230728565e-11], [2.28192603702e-10, 9.47306411092e-09, 4.53373552034e-08, 5.82608130628e-08, 4.26785533136e-07, 7.20124717191e-07, 4.52844602705e-07, 2.15632184108e-07, 1.00662566638e-06, 5.06623223373e-07, 3.78024878955e-07, 3.24575864852e-07, 4.36567603401e-07, 3.6112984958e-07, 3.3677397937e-07, 9.8327438991e-07, 1.2026019931e-06, 1.16518958748e-06, 1.20108109058e-06, 7.25014388081e-07, 6.40781991024e-07, 1.12997987856e-07, 2.57995935726e-08, 9.51836742757e-09, 5.53107248891e-09, 2.42070863354e-10, 7.8852887761e-12], [2.03678962585e-10, 8.52725356992e-09, 4.02746245243e-08, 6.34686116996e-08, 4.55787528608e-07, 7.04352373759e-07, 4.81028223476e-07, 1.83381544616e-07, 1.05746414647e-06, 4.93936113344e-07, 3.29445470015e-07, 3.03221327158e-07, 4.09630018794e-07, 3.12982820105e-07, 3.49684199819e-07, 9.99126314127e-07, 1.18287118767e-06, 1.2405544112e-06, 1.08940241716e-06, 6.40781991024e-07, 6.50316508199e-07, 1.14023634978e-07, 2.50283473946e-08, 9.58333057355e-09, 5.4903521729e-09, 2.36957287125e-10, 7.3906896228e-12], [4.71590821949e-11, 1.90610927042e-09, 1.09216626853e-08, 1.40448204178e-08, 1.06428934998e-07, 1.4602370868e-07, 1.009069166e-07, 4.45473773425e-08, 2.24791691039e-07, 1.025478511e-07, 6.58825882738e-08, 5.54252146401e-08, 7.64367058537e-08, 5.82335708543e-08, 6.29437337807e-08, 1.76053788437e-07, 2.06407250403e-07, 2.30096091514e-07, 2.04109539936e-07, 1.12997987856e-07, 1.14023634978e-07, 2.29195897816e-08, 4.98904428881e-09, 1.79157277902e-09, 9.87586901147e-10, 4.21834477071e-11, 1.19837527488e-12], [9.53973445378e-12, 3.76834702331e-10, 2.37182962159e-09, 2.96409852218e-09, 2.31694947672e-08, 3.15220241021e-08, 2.02871586197e-08, 9.52262446674e-09, 4.88994125192e-08, 2.26209984078e-08, 1.47775054415e-08, 1.24318528805e-08, 1.69844796005e-08, 1.39103910612e-08, 1.37889726304e-08, 3.77196087697e-08, 4.49823325255e-08, 4.83182631683e-08, 4.67871608123e-08, 2.57995935726e-08, 2.50283473946e-08, 4.98904428881e-09, 1.11902809241e-09, 3.94246718605e-10, 2.16507589634e-10, 9.28522363164e-12, 2.64748102998e-13], [3.32363043337e-12, 1.38628428181e-10, 7.46328054912e-10, 1.03714703492e-09, 7.79200171053e-09, 1.12562039689e-08, 7.56353735198e-09, 3.1611140372e-09, 1.71904606105e-08, 7.92039855924e-09, 5.20961185302e-09, 4.57299575984e-09, 6.24889384682e-09, 4.80389150681e-09, 5.20889065214e-09, 1.47798866479e-08, 1.74331500347e-08, 1.87192128465e-08, 1.6638280087e-08, 9.51836742757e-09, 9.58333057355e-09, 1.79157277902e-09, 3.94246718605e-10, 1.45915654559e-10, 8.21062315359e-11, 3.52274329499e-12, 1.05343237931e-13], [1.65895368189e-12, 8.08121902729e-11, 3.79315134857e-10, 5.57040857885e-10, 4.05249700464e-09, 6.51202958224e-09, 4.46958470235e-09, 1.72182224034e-09, 9.19668163846e-09, 4.37592495572e-09, 3.04046343658e-09, 2.64026001062e-09, 3.67115959854e-09, 2.59547094927e-09, 2.92649771083e-09, 9.01829810829e-09, 1.0394318295e-08, 1.10767928163e-08, 9.28506338482e-09, 5.53107248891e-09, 5.4903521729e-09, 9.87586901147e-10, 2.16507589634e-10, 8.21062315359e-11, 4.78040905472e-11, 2.07855369201e-12, 6.52077472422e-14], [6.56288445897e-14, 3.41211997892e-12, 1.4861599798e-11, 2.29664360446e-11, 1.67886912705e-10, 2.84837653464e-10, 1.96387656137e-10, 7.00991764635e-11, 3.81442266661e-10, 1.9010472363e-10, 1.32955618737e-10, 1.15293948e-10, 1.62241026169e-10, 1.12209554148e-10, 1.25621735236e-10, 4.01437993958e-10, 4.55948973022e-10, 4.83136863849e-10, 4.07557404491e-10, 2.42070863354e-10, 2.36957287125e-10, 4.21834477071e-11, 9.28522363164e-12, 3.52274329499e-12, 2.07855369201e-12, 9.19434409792e-14, 2.92261179857e-15], [1.74875383559e-15, 1.01668958083e-13, 3.25759926846e-13, 5.75508987254e-13, 3.8670238886e-12, 8.09776898314e-12, 5.55502345512e-12, 1.91060188504e-12, 9.90506461573e-12, 5.18478532677e-12, 4.06525334229e-12, 3.59609824557e-12, 5.01860965979e-12, 3.41021872199e-12, 3.79304096812e-12, 1.29836844401e-11, 1.47196803357e-11, 1.48740620515e-11, 1.25230728565e-11, 7.8852887761e-12, 7.3906896228e-12, 1.19837527488e-12, 2.64748102998e-13, 1.05343237931e-13, 6.52077472422e-14, 2.92261179857e-15, 1.02417387396e-16]]
    },
    "mfcc": {
        "kurt": [-0.652469158173, -1.46740019321, -1.25257313251, -1.07631742954, -0.529910564423, -0.58932352066, 0.334895133972, -0.393171310425, 1.74929237366, -0.0720748901367, -0.794186830521, -0.206461191177, -0.852469205856],
        "max": [-520.030883789, 115.670173645, 6.9075012207, 40.056640625, 7.37673950195, 1.78137969971, 6.13405227661, 14.5531482697, 12.5944862366, 5.84245491028, 2.88238525391, 2.34576225281, 1.22212219238],
        "mean": [-974.403747559, 41.3735771179, -24.3879375458, 9.13862991333, -13.0200195312, -10.5088720322, -4.6502327919, -4.19366407394, -2.5880947113, -5.68611574173, -5.89715766907, -6.02211427689, -7.02798366547],
        "median": [-1095.1776123, 32.3277702332, -5.91998291016, 8.01086425781e-05, -2.44812011719, -5.0348739624, -2.67028808594e-05, -5.34057617188e-05, -4.57763671875e-05, -1.77785491943, -5.53967475891, -3.6570892334, -5.65697479248],
        "min": [-1138.42004395, 1.14440917969e-05, -89.6390991211, -16.301158905, -54.8631820679, -47.340221405, -27.133272171, -25.5513763428, -23.6458778381, -24.6523532867, -20.0614624023, -26.2500228882, -25.0322685242],
        "skew": [0.977656245232, 0.379431515932, -0.594245016575, 0.551101267338, -0.963811635971, -0.731133162975, -1.22257006168, -0.655589878559, -1.19003522396, -1.01382136345, -0.588092803955, -0.836064457893, -0.590292274952],
        "var": [45271.015625, 1735.39477539, 849.095703125, 246.762329102, 322.367950439, 139.981552124, 66.6921310425, 68.9297409058, 46.839138031, 60.6044387817, 36.5621337891, 45.0205993652, 49.8242454529],
        "cov": [[45636.1054688, 7886.08984375, -5673.07470703, 2899.67675781, -3333.40283203, -1755.19067383, -1381.33508301, -1220.78112793, -652.90246582, -1309.24389648, -612.09588623, -367.868103027, -607.977050781], [7886.08984375, 1749.38989258, -1101.04577637, 543.936767578, -658.839233398, -432.140716553, -259.246307373, -243.427276611, -153.239562988, -265.384643555, -173.655609131, -150.142807007, -190.810409546], [-5673.07470703, -1101.04577637, 855.943237305, -387.671569824, 443.2527771, 292.642303467, 178.942596436, 193.984298706, 99.7946777344, 180.959503174, 108.054573059, 72.3679580688, 112.620994568], [2899.67675781, 543.936767578, -387.671569824, 248.752349854, -234.67414856, -139.441436768, -91.7078323364, -101.201766968, -52.4745330811, -90.2746734619, -32.1493148804, -18.3414134979, -42.3517837524], [-3333.40283203, -658.839233398, 443.2527771, -234.67414856, 324.967681885, 170.651550293, 126.843673706, 118.618484497, 74.4006958008, 119.504699707, 55.7276077271, 34.8730583191, 49.4201545715], [-1755.19067383, -432.140716553, 292.642303467, -139.441436768, 170.651550293, 141.110427856, 65.367477417, 78.876373291, 48.1575202942, 68.8490753174, 48.2479095459, 38.4669494629, 56.4961471558], [-1381.33508301, -259.246307373, 178.942596436, -91.7078323364, 126.843673706, 65.367477417, 67.2299728394, 52.2488021851, 35.9009246826, 56.6968269348, 26.2528095245, 16.3688697815, 19.06640625], [-1220.78112793, -243.427276611, 193.984298706, -101.201766968, 118.618484497, 78.876373291, 52.2488021851, 69.4856262207, 38.7831382751, 49.3410606384, 26.4261379242, 10.7813615799, 23.1498203278], [-652.90246582, -153.239562988, 99.7946777344, -52.4745330811, 74.4006958008, 48.1575202942, 35.9009246826, 38.7831382751, 47.2168731689, 37.9828605652, 20.35587883, 16.9149551392, 16.9549407959], [-1309.24389648, -265.384643555, 180.959503174, -90.2746734619, 119.504699707, 68.8490753174, 56.6968269348, 49.3410606384, 37.9828605652, 61.0931816101, 31.7941608429, 21.2541484833, 25.8670043945], [-612.09588623, -173.655609131, 108.054573059, -32.1493148804, 55.7276077271, 48.2479095459, 26.2528095245, 26.4261379242, 20.35587883, 31.7941608429, 36.8569869995, 32.2222557068, 32.1945610046], [-367.868103027, -150.142807007, 72.3679580688, -18.3414134979, 34.8730583191, 38.4669494629, 16.3688697815, 10.7813615799, 16.9149551392, 21.2541484833, 32.2222557068, 45.3836669922, 40.2175827026], [-607.977050781, -190.810409546, 112.620994568, -42.3517837524, 49.4201545715, 56.4961471558, 19.06640625, 23.1498203278, 16.9549407959, 25.8670043945, 32.1945610046, 40.2175827026, 50.2260551453]]
    },
    "sccoeffs": {
        "kurt": [-0.400344371796, -0.280182123184, 0.176594734192, 1.18673086166, 0.0260548591614, -1.47460889816],
        "max": [-0.439523398876, -0.692361414433, -0.698344409466, -0.731736719608, -0.733925163746, -0.702126026154],
        "mean": [-0.729316115379, -0.861345052719, -0.870926201344, -0.881341099739, -0.874493658543, -0.82968133688],
        "median": [-0.743872880936, -0.875729858875, -0.888657748699, -0.894576668739, -0.88783711195, -0.868343710899],
        "min": [-0.949754834175, -0.952249288559, -0.973378002644, -0.962055325508, -0.933759093285, -0.936571896076],
        "skew": [0.651232242584, 0.837076723576, 0.925829768181, 1.22675311565, 0.978758394718, 0.380209356546],
        "var": [0.0139729240909, 0.00404386268929, 0.00325939781033, 0.00191916071344, 0.00235209753737, 0.00504128215834],
        "cov": [[0.0140856094658, 0.00619071861729, 0.00535965617746, 0.00388867757283, 0.00450788484886, 0.0069478219375], [0.00619071861729, 0.00407647481188, 0.00298326020129, 0.00237415311858, 0.00270830886438, 0.00385926640593], [0.00535965617746, 0.00298326020129, 0.00328568322584, 0.00218924228102, 0.00251444638707, 0.00357788009569], [0.00388867757283, 0.00237415311858, 0.00218924228102, 0.00193463778123, 0.00194711249787, 0.00265041529201], [0.00450788484886, 0.00270830886438, 0.00251444638707, 0.00194711249787, 0.00237106601708, 0.00310376519337], [0.0069478219375, 0.00385926640593, 0.00357788009569, 0.00265041529201, 0.00310376519337, 0.00508193764836]]
    },
    "scvalleys": {
        "kurt": [-0.277131795883, -0.717584133148, -0.767467975616, -0.714717149734, -0.949472427368, -0.654064416885],
        "max": [-5.70992326736, -4.35002660751, -4.60045099258, -4.49478721619, -4.67234182358, -7.46565294266],
        "mean": [-11.5574235916, -10.0534477234, -10.0634498596, -10.4262647629, -10.4646883011, -12.7804298401],
        "median": [-11.8911476135, -10.7444515228, -10.1806678772, -10.5279607773, -11.2610549927, -13.8031721115],
        "min": [-19.8746261597, -19.429649353, -18.3548240662, -18.8488922119, -17.9979724884, -18.6479244232],
        "skew": [0.0633024573326, 0.0489221550524, -0.0323698446155, 0.0313822105527, 0.25996786356, 0.629829347134],
        "var": [9.06036090851, 11.5400457382, 10.5916109085, 9.94738864899, 9.42780399323, 6.77062654495],
        "cov": [[9.13342857361, 10.0594863892, 9.65109729767, 9.35876846313, 9.06507110596, 7.52384996414], [10.0594863892, 11.6331110001, 11.0580415726, 10.6736001968, 10.4041795731, 8.628698349], [9.65109729767, 11.0580415726, 10.6770277023, 10.2878808975, 9.9421339035, 8.19993495941], [9.35876846313, 10.6736001968, 10.2878808975, 10.0276098251, 9.67487812042, 7.961789608], [9.06507110596, 10.4041795731, 9.9421339035, 9.67487812042, 9.50383472443, 7.8507437706], [7.52384996414, 8.628698349, 8.19993495941, 7.961789608, 7.8507437706, 6.82522821426]]
    }
},
"rhythm": {
    "beats_loudness": {
        "kurt": -0.66402387619,
        "max": 0.0196545273066,
        "mean": 0.00485802860931,
        "median": 1.287258101e-06,
        "min": 2.77445422192e-09,
        "skew": 1.15538465977,
        "var": 7.06755017745e-05
    },
    "bpm": 191.40625,
    "confidence": 0,
    "first_peak_bpm": {
        "kurt": 0,
        "max": 191,
        "mean": 191,
        "median": 191,
        "min": 191,
        "skew": 0,
        "var": 0
    },
    "first_peak_spread": {
        "kurt": 0,
        "max": 0,
        "mean": 0,
        "median": 0,
        "min": 0,
        "skew": 0,
        "var": 0
    },
    "first_peak_weight": {
        "kurt": 0,
        "max": 0.857142865658,
        "mean": 0.857142865658,
        "median": 0.857142865658,
        "min": 0.857142865658,
        "skew": 0,
        "var": 0
    },
    "onset_rate": 2.79339337349,
    "second_peak_bpm": {
        "kurt": 0,
        "max": 199,
        "mean": 199,
        "median": 199,
        "min": 199,
        "skew": 0,
        "var": 0
    },
    "second_peak_spread": {
        "kurt": 0,
        "max": 0,
        "mean": 0,
        "median": 0,
        "min": 0,
        "skew": 0,
        "var": 0
    },
    "second_peak_weight": {
        "kurt": 0,
        "max": 0.142857149243,
        "mean": 0.142857149243,
        "median": 0.142857149243,
        "min": 0.142857149243,
        "skew": 0,
        "var": 0
    },
    "beats_loudness_band_ratio": {
        "kurt": [-1.49092113972, -0.839514493942, -0.998330831528, 1.17309808731, -0.362602233887, -0.423178195953],
        "max": [0.11114025116, 0.220463097095, 0.252469718456, 0.334505677223, 0.339384406805, 0.428972035646],
        "mean": [0.0706568360329, 0.131033957005, 0.188116028905, 0.168232023716, 0.258908987045, 0.218091964722],
        "median": [0.0591920390725, 0.130609884858, 0.182658404112, 0.146255344152, 0.251406818628, 0.219085365534],
        "min": [0.0281926449388, 0.0421469435096, 0.120127350092, 0.105523563921, 0.222314342856, 0.0896260514855],
        "skew": [0.214246064425, -0.159068420529, 0.0332386009395, 1.52344024181, 0.854521930218, 0.554649949074],
        "var": [0.000896733195987, 0.0029922761023, 0.00169484654907, 0.00488557759672, 0.00151369569357, 0.0111569315195],
        "cov": [[0.0010248379549, 0.000976456212811, 3.02411081066e-05, -7.50904582674e-05, 5.78316976316e-05, -0.00165618234314], [0.000976456212811, 0.00341974408366, 0.00103782780934, -0.00217488920316, -0.00116156728473, -0.00217058556154], [3.02411081066e-05, 0.00103782780934, 0.00193696748465, -8.28038537293e-05, -0.000816904299427, -0.00219245394692], [-7.50904582674e-05, -0.00217488920316, -8.28038537293e-05, 0.0055835172534, 0.00189221918117, -0.00499400263652], [5.78316976316e-05, -0.00116156728473, -0.000816904299427, 0.00189221918117, 0.00172993796878, -0.00172483292408], [-0.00165618234314, -0.00217058556154, -0.00219245394692, -0.00499400263652, -0.00172483292408, 0.0127507792786]]
    },
    "beats_position": [0.278639435768, 0.580498874187, 0.893968224525, 1.20743763447, 1.52090704441, 1.83437633514, 2.14784574509, 2.46131515503],
    "bpm_estimates": [191.406265259, 191.406234741, 191.406234741, 191.406311035, 191.406234741, 191.406234741],
    "bpm_intervals": [0.301859438419, 0.313469350338, 0.313469409943, 0.313469409943, 0.313469290733, 0.313469409943, 0.313469409943],
    "onset_times": [0.0116099771112, 0.104489795864, 0.208979591727, 0.301859408617, 0.394739240408, 0.49922901392, 0.603718817234, 0.696598649025],
    "histogram": [[0, 0, 0, 0, 0, 0, 0, 0, 0, 0, 0, 0, 0, 0, 0, 0, 0, 0, 0, 0, 0, 0, 0, 0, 0, 0, 0, 0, 0, 0, 0, 0, 0, 0, 0, 0, 0, 0, 0, 0, 0, 0, 0, 0, 0, 0, 0, 0, 0, 0, 0, 0, 0, 0, 0, 0, 0, 0, 0, 0, 0, 0, 0, 0, 0, 0, 0, 0, 0, 0, 0, 0, 0, 0, 0, 0, 0, 0, 0, 0, 0, 0, 0, 0, 0, 0, 0, 0, 0, 0, 0, 0, 0, 0, 0, 0, 0, 0, 0, 0, 0, 0, 0, 0, 0, 0, 0, 0, 0, 0, 0, 0, 0, 0, 0, 0, 0, 0, 0, 0, 0, 0, 0, 0, 0, 0, 0, 0, 0, 0, 0, 0, 0, 0, 0, 0, 0, 0, 0, 0, 0, 0, 0, 0, 0, 0, 0, 0, 0, 0, 0, 0, 0, 0, 0, 0, 0, 0, 0, 0, 0, 0, 0, 0, 0, 0, 0, 0, 0, 0, 0, 0, 0, 0, 0, 0, 0, 0, 0, 0, 0, 0, 0, 0, 0, 0, 0, 0, 0, 0, 0, 0.857142865658, 0, 0, 0, 0, 0, 0, 0, 0.142857149243, 0, 0, 0, 0, 0, 0, 0, 0, 0, 0, 0, 0, 0, 0, 0, 0, 0, 0, 0, 0, 0, 0, 0, 0, 0, 0, 0, 0, 0, 0, 0, 0, 0, 0, 0, 0, 0, 0, 0, 0, 0, 0, 0, 0, 0, 0, 0, 0, 0, 0]]
},
"sfx": {
    "inharmonicity": {
        "kurt": -0.936681509018,
        "max": 0.355076640844,
        "mean": 0.107811458409,
        "median": 0.0937798768282,
        "min": 0,
        "skew": 0.510626554489,
        "var": 0.00984968803823
    },
    "oddtoevenharmonicenergyratio": {
        "kurt": 4.13822221756,
        "max": 3.765147686,
        "mean": 0.625794529915,
        "median": 0.492043405771,
        "min": 0,
        "skew": 1.59037172794,
        "var": 0.39738997817
    },
    "pitch_after_max_to_before_max_energy_ratio": 0.579588234425,
    "pitch_centroid": 78.9797058105,
    "pitch_max_to_total": 0.903999984264,
    "pitch_min_to_total": 0.12800000608,
    "tristimulus": {
        "kurt": [-0.979672908783, -0.370809316635, -1.46117627621],
        "max": [1, 0.751842617989, 0.9052079916],
        "mean": [0.376345127821, 0.218296080828, 0.405358731747],
        "median": [0.183397039771, 0.228523150086, 0.508225440979],
        "min": [0, 0, 0],
        "skew": [0.869581639767, 0.184914067388, -0.278945893049],
        "var": [0.14384752512, 0.0260296314955, 0.0890266597271],
        "cov": [[0.145007580519, -0.0407512634993, -0.104256294668], [-0.0407512634993, 0.0262395478785, 0.0145117454231], [-0.104256294668, 0.0145117454231, 0.0897446125746]]
    }
},
"tonal": {
    "chords_changes_rate": 0.285714298487,
    "chords_number_rate": 0.111111111939,
    "chords_strength": {
        "kurt": 3.41495370865,
        "max": 0.670867860317,
        "mean": 0.366216987371,
        "median": 0.34410777688,
        "min": 0.274049639702,
        "skew": 1.73462510109,
        "var": 0.00681394943967
    },
    "key_strength": 0.271338641644,
    "tuning_diatonic_strength": 0.216104865074,
    "tuning_equal_tempered_deviation": 0.235443755984,
    "tuning_frequency": 443.060424805,
    "tuning_nontempered_energy_ratio": 0.898447990417,
    "hpcp": {
        "kurt": [-0.508996963501, -0.661271810532, -0.398099422455, -0.739710330963, -0.44692158699, -0.818207025528, -0.538174629211, 0.597818374634, 0.217544078827, 0.38854765892, -0.525825500488, -0.57356262207, 0.127205848694, 0.0330238342285, -0.0884828567505, -0.770756721497, -0.750191688538, -0.659435033798, -0.381754636765, -0.728678226471, -0.983991622925, -0.941346883774, -0.854974031448, -0.748231649399, -0.48596906662, -0.623509168625, -0.465759992599, -0.46265745163, -0.550180673599, -0.975470066071, -1.05366933346, -0.792325735092, -0.588041543961, -0.664616584778, -0.278827667236, -0.882112979889],
        "max": [1, 1, 1, 1, 1, 0.93114310503, 1, 1, 0.917326629162, 1, 1, 1, 0.955643117428, 1, 1, 0.730593144894, 0.841987848282, 1, 1, 0.896963119507, 1, 1, 1, 0.961563885212, 1, 0.929397940636, 0.818548619747, 1, 1, 1, 1, 1, 1, 0.86801981926, 1, 1],
        "mean": [0.32927146554, 0.33460265398, 0.354748010635, 0.351829379797, 0.308978497982, 0.321618318558, 0.345321953297, 0.286932021379, 0.261475533247, 0.301440536976, 0.342355489731, 0.334209501743, 0.286300778389, 0.288429558277, 0.312868148088, 0.280431836843, 0.297554582357, 0.356071472168, 0.307878226042, 0.305997848511, 0.382133930922, 0.394573688507, 0.35644286871, 0.343422532082, 0.369898766279, 0.324860751629, 0.288035094738, 0.31064760685, 0.352700650692, 0.392094552517, 0.377857744694, 0.372370511293, 0.338269412518, 0.283667683601, 0.312511533499, 0.341402232647],
