{
"metadata": {
    "version": {
        "essentia": "2.1-beta3"
    }
},
"lowLevel": {
    "average_loudness": 0.661218762398,
    "barkbands_kurtosis": {
        "kurt": 3.96633815765,
        "max": 3.75793933868,
        "mean": -0.366815030575,
        "median": -0.560758590698,
        "min": -1.74117326736,
        "skew": 1.87099051476,
        "var": 1.17869436741
    },
    "barkbands_skewness": {
        "kurt": 5.006690979,
        "max": 1.77629196644,
        "mean": 0.00332993478514,
        "median": 0.0511075779796,
        "min": -1.91658210754,
        "skew": -1.08754324913,
        "var": 0.275233447552
    },
    "barkbands_spread": {
        "kurt": 0.76202249527,
        "max": 51.3019180298,
        "mean": 22.466047287,
        "median": 20.1867237091,
        "min": 7.06040525436,
        "skew": 1.04679536819,
        "var": 81.5005340576
    },
    "dissonance": {
        "kurt": 1.23097372055,
        "max": 0.498849242926,
        "mean": 0.471723049879,
        "median": 0.476053416729,
        "min": 0.400515288115,
        "skew": -1.0313822031,
        "var": 0.000380381359719
    },
    "hfc": {
        "kurt": 11.0697393417,
        "max": 13.6667747498,
        "mean": 0.945741534233,
        "median": 0.00183748092968,
        "min": 1.11922751425e-16,
        "skew": 3.22610759735,
        "var": 5.62783670425
    },
    "pitch": {
        "kurt": 2.45683145523,
        "max": 3710.94140625,
        "mean": 713.318664551,
        "median": 233.465591431,
        "min": 72.9390182495,
        "skew": 2.04851102829,
        "var": 1142863
    },
    "pitch_instantaneous_confidence": {
        "kurt": -0.44416475296,
        "max": 0.562802493572,
        "mean": 0.285316824913,
        "median": 0.274660408497,
        "min": 0.11521589756,
        "skew": 0.376622349024,
        "var": 0.00898901652545
    },
    "pitch_salience": {
        "kurt": 0.0773377418518,
        "max": 0.927649736404,
        "mean": 0.706039190292,
        "median": 0.715043246746,
        "min": 0.505859375,
        "skew": -0.28099629283,
        "var": 0.00568097410724
    },
    "silence_rate_20dB": {
        "kurt": 0,
        "max": 1,
        "mean": 1,
        "median": 1,
        "min": 1,
        "skew": 0,
        "var": 0
    },
    "silence_rate_30dB": {
        "kurt": 0,
        "max": 1,
        "mean": 1,
        "median": 1,
        "min": 1,
        "skew": 0,
        "var": 0
    },
    "silence_rate_60dB": {
        "kurt": 6.22373008728,
        "max": 1,
        "mean": 0.910112380981,
        "median": 1,
        "min": 0,
        "skew": -2.86770296097,
        "var": 0.0818080455065
    },
    "spectral_centroid": {
        "kurt": 15.6046714783,
        "max": 10795.7958984,
        "mean": 1626.61230469,
        "median": 1106.53320312,
        "min": 616.134643555,
        "skew": 4.09035158157,
        "var": 4026383.5
    },
    "spectral_complexity": {
        "kurt": 14.0828475952,
        "max": 35,
        "mean": 2.1011235714,
        "median": 0,
        "min": 0,
        "skew": 3.45674824715,
        "var": 30.1808376312
    },
    "spectral_crest": {
        "kurt": -0.0311760902405,
        "max": 9.73396396637,
        "mean": 5.37577056885,
        "median": 5.34374761581,
        "min": 2.44017076492,
        "skew": 0.323162794113,
        "var": 2.35433363914
    },
    "spectral_decrease": {
        "kurt": 57.2937965393,
        "max": -3.6306117651e-29,
        "mean": -1.65837635291e-10,
        "median": -4.48653321525e-13,
        "min": -5.5486468753e-09,
        "skew": -7.18619966507,
        "var": 3.96492198672e-19
    },
    "spectral_energy": {
        "kurt": 52.9499015808,
        "max": 0.0221814829856,
        "mean": 0.000711690983735,
        "median": 1.86614988706e-06,
        "min": 1.0624815082e-20,
        "skew": 6.83922052383,
        "var": 6.55515987091e-06
    },
    "spectral_energyband_high": {
        "kurt": 9.36061668396,
        "max": 0.000511741323862,
        "mean": 3.9838210796e-05,
        "median": 1.9172823329e-09,
        "min": 7.31826074971e-21,
        "skew": 3.20623922348,
        "var": 1.24050609784e-08
    },
    "spectral_energyband_low": {
        "kurt": 81.3120574951,
        "max": 0.0094504756853,
        "mean": 0.000136690301588,
        "median": 1.00382912649e-07,
        "min": 4.42732942263e-23,
        "skew": 9.06566429138,
        "var": 1.00146621662e-06
    },
    "spectral_energyband_middle_high": {
        "kurt": 7.51056289673,
        "max": 0.00290789781138,
        "mean": 0.000254688435234,
        "median": 9.49557943386e-07,
        "min": 1.37736184378e-21,
        "skew": 2.76062035561,
        "var": 3.43452370544e-07
    },
    "spectral_energyband_middle_low": {
        "kurt": 55.873714447,
        "max": 0.0108261741698,
        "mean": 0.000306148256641,
        "median": 5.02849616169e-07,
        "min": 2.24897201128e-22,
        "skew": 7.14352178574,
        "var": 1.53847747697e-06
    },
    "spectral_flatness_db": {
        "kurt": 0.109057188034,
        "max": 0.255144834518,
        "mean": 0.180003941059,
        "median": 0.183746367693,
        "min": 0.0576897263527,
        "skew": -0.724168002605,
        "var": 0.00180040288251
    },
    "spectral_flux": {
        "kurt": 12.1704912186,
        "max": 0.121362760663,
        "mean": 0.00961137190461,
        "median": 0.00070046284236,
        "min": 6.72538899571e-11,
        "skew": 3.3043422699,
        "var": 0.000429744832218
    },
    "spectral_kurtosis": {
        "kurt": 0.902569055557,
        "max": 36.9928474426,
        "mean": 8.25693702698,
        "median": 5.2278585434,
        "min": -1.21876811981,
        "skew": 1.20055532455,
        "var": 67.809677124
    },
    "spectral_rms": {
        "kurt": 11.516699791,
        "max": 0.00465193204582,
        "mean": 0.000383508158848,
        "median": 4.2668889364e-05,
        "min": 3.21957651511e-12,
        "skew": 3.00989246368,
        "var": 5.47254103367e-07
    },
    "spectral_rolloff": {
        "kurt": 14.7093524933,
        "max": 18884.6191406,
        "mean": 2890.53027344,
        "median": 2153.3203125,
        "min": 904.39453125,
        "skew": 3.92183756828,
        "var": 12027350
    },
    "spectral_skewness": {
        "kurt": -0.465395450592,
        "max": 3.73559355736,
        "mean": 1.69773542881,
        "median": 1.47365880013,
        "min": -0.00946668256074,
        "skew": 0.473216503859,
        "var": 0.760638654232
    },
    "spectral_spread": {
        "kurt": 16.3709106445,
        "max": 41030136,
        "mean": 4342233,
        "median": 2425140,
        "min": 1184119.875,
        "skew": 4.22734117508,
        "var": 6.31351132815e+13
    },
    "spectral_strongpeak": {
        "kurt": 1.94386005402,
        "max": 0.27899646759,
        "mean": 0.0441471040249,
        "median": 0.00950669124722,
        "min": 2.68880495646e-09,
        "skew": 1.70661067963,
        "var": 0.00453147711232
    },
    "zerocrossingrate": {
        "kurt": 13.8982849121,
        "max": 0.4990234375,
        "mean": 0.0858497172594,
        "median": 0.05908203125,
        "min": 0.01806640625,
        "skew": 3.81686973572,
        "var": 0.00828331336379
    },
    "barkbands": {
        "kurt": [80.7929229736, 80.8297348022, 79.8574142456, 75.469078064, 59.4811172485, 34.1222267151, 40.6516418457, 2.31353664398, 14.8305034637, 11.6397752762, 23.2620048523, 15.8947048187, 12.4703302383, 5.79775714874, 4.85945558548, 7.32399845123, 10.3025970459, 12.9988012314, 11.2269287109, 11.8626384735, 9.90922927856, 14.0525226593, 26.6225204468, 17.9395980835, 30.0615959167, 26.1393871307, 22.2049617767],
        "max": [0.000336303841323, 0.00374591769651, 0.00390131445602, 0.00303273741156, 0.00531550543383, 0.00158743746579, 0.000861712789629, 0.000162250420544, 0.000154785375344, 0.000157119822688, 0.000231007827097, 0.000117375668196, 0.000153104803758, 0.000110922657768, 0.000169740873389, 0.000303165230434, 0.000363589613698, 0.000821528607048, 0.000742406351492, 0.000548444397282, 0.000231706304476, 0.00010177429067, 3.81891586585e-05, 1.2732043615e-05, 4.59072589365e-06, 4.59494359228e-10, 1.94841379142e-10],
        "mean": [4.75961724078e-06, 5.2348626923e-05, 5.72232529521e-05, 4.99794405187e-05, 0.000133263121825, 5.69426629227e-05, 2.97478109132e-05, 2.23502865992e-05, 1.01083596746e-05, 1.16487499326e-05, 1.19003107102e-05, 7.47653803046e-06, 1.11010795081e-05, 1.10439032142e-05, 1.73888474819e-05, 2.57380797848e-05, 2.64724221779e-05, 5.46617702639e-05, 5.46912378923e-05, 3.85512284993e-05, 1.61600746651e-05, 5.75560079596e-06, 1.59611261097e-06, 6.13915233316e-07, 1.6826187732e-07, 1.72195556425e-11, 8.64937808875e-12],
        "median": [8.00416469215e-11, 4.64830449687e-08, 3.21029958172e-08, 3.12554924164e-08, 1.0683513807e-07, 3.76325566265e-08, 1.06611878437e-07, 3.30223031142e-08, 1.33034674832e-07, 2.42112889737e-07, 2.5350436772e-07, 7.35059515478e-08, 1.54377460149e-07, 6.83361278675e-08, 5.97980260864e-08, 5.2012889995e-08, 6.32346939256e-08, 3.61710412733e-08, 2.22146052664e-08, 3.00677238663e-09, 7.61147589401e-10, 5.55087156795e-11, 4.0497067505e-12, 1.60084163807e-12, 3.92885295694e-13, 5.65764264525e-15, 5.50245435086e-15],
        "min": [7.1127588299e-24, 1.30132766845e-23, 7.72718444517e-24, 1.74198395015e-23, 2.87191596749e-23, 2.89737471772e-23, 3.61898807067e-23, 2.06340201277e-23, 3.16704681817e-23, 3.05681644398e-23, 1.38892104787e-23, 5.37437240102e-23, 5.46471590733e-23, 1.14621969156e-22, 9.79073571043e-23, 1.14634565687e-22, 1.18322799652e-22, 1.4688489081e-22, 2.1572011085e-22, 2.4218782048e-22, 4.3751174961e-22, 4.99053906405e-22, 4.3296801177e-22, 7.95030681024e-22, 1.10652441276e-21, 1.44766159356e-21, 2.18704635449e-21],
        "skew": [9.02619075775, 9.02951049805, 8.96058082581, 8.6440372467, 7.39738559723, 5.78460884094, 5.98788547516, 1.85649621487, 3.67478203773, 3.36604118347, 4.54531812668, 3.78391742706, 3.3535656929, 2.58335781097, 2.37120652199, 2.82940745354, 3.14258337021, 3.58046388626, 3.3611073494, 3.5641515255, 3.18924856186, 3.6504971981, 4.75280952454, 4.03960371017, 5.41234874725, 4.97909116745, 4.6843290329],
        "var": [1.27296728714e-09, 1.57953920166e-07, 1.72110858898e-07, 1.06555553714e-07, 3.61226739187e-07, 4.96822636364e-08, 1.1385523635e-08, 1.71959424478e-09, 6.54549803247e-10, 8.81827055821e-10, 1.09388842429e-09, 3.55934615115e-10, 6.83697709558e-10, 6.21166895698e-10, 1.41119471664e-09, 3.80802767097e-09, 4.15234646667e-09, 2.16640341222e-08, 2.0831990355e-08, 1.24019665648e-08, 1.96401228614e-09, 2.8060193058e-10, 2.71546830161e-11, 3.84607189846e-12, 4.61910891481e-13, 4.42870440087e-21, 1.03584005227e-21],
        "cov": [[1.28743282701e-09, 1.42615386167e-08, 1.47686298746e-08, 1.14119815819e-08, 2.02353351852e-08, 5.11340614295e-09, 3.28576299502e-09, 4.75352979201e-10, 4.84391859956e-10, 2.39904346389e-10, 4.21550822027e-10, 3.64072799686e-10, 3.02236208283e-10, 3.83332671161e-10, 5.30555654965e-10, 6.54861165295e-10, 1.36997690969e-09, 2.78512923835e-09, 3.0351470226e-09, 2.07571804189e-09, 8.58739079845e-10, 2.76224376705e-10, 7.67802973978e-11, 2.7074127662e-11, 5.39025811833e-12, 1.30811056753e-15, 1.939340828e-17], [1.42615386167e-08, 1.59748850592e-07, 1.66293006032e-07, 1.26983209725e-07, 2.25281937105e-07, 5.60691013618e-08, 3.75821862519e-08, 5.34600808066e-09, 5.47408962603e-09, 2.7306539252e-09, 4.8792339058e-09, 4.28308721823e-09, 3.39410832773e-09, 4.407735954e-09, 5.95254645575e-09, 7.7593158565e-09, 1.57044954818e-08, 3.28733307242e-08, 3.41285932848e-08, 2.31356356295e-08, 9.37207911278e-09, 2.90085111487e-09, 7.85252418645e-10, 2.8195834556e-10, 4.94236422621e-11, 1.60253161788e-14, 1.54902010497e-16], [1.47686298746e-08, 1.66293006032e-07, 1.740666562e-07, 1.32778481543e-07, 2.38076651726e-07, 6.09557702091e-08, 4.00915816101e-08, 5.82820680606e-09, 6.03516925324e-09, 3.21080895205e-09, 5.31827026862e-09, 4.61074334268e-09, 3.70319397369e-09, 4.80320139218e-09, 6.62138566199e-09, 8.87165807484e-09, 1.69146296969e-08, 3.56482168229e-08, 3.62204346516e-08, 2.42435742592e-08, 9.89983384159e-09, 3.05053315941e-09, 8.2364459697e-10, 2.97869034993e-10, 5.07765947344e-11, 1.74443538634e-14, 3.27866045682e-16], [1.14119815819e-08, 1.26983209725e-07, 1.32778481543e-07, 1.07766410906e-07, 1.87046012456e-07, 4.892723382e-08, 3.04996028433e-08, 4.8841641842e-09, 4.73800021439e-09, 3.47296391645e-09, 5.54981927081e-09, 3.25436966264e-09, 3.23456750273e-09, 4.17614121062e-09, 5.23646148665e-09, 6.79564493566e-09, 1.42801415137e-08, 2.5708736473e-08, 2.66477613309e-08, 1.77809305058e-08, 8.05090483169e-09, 2.60758303838e-09, 6.93439916599e-10, 2.48288778426e-10, 4.7439548817e-11, 1.28007041002e-14, 1.73898638104e-15], [2.02353351852e-08, 2.25281937105e-07, 2.38076651726e-07, 1.87046012456e-07, 3.65331572993e-07, 1.11765984911e-07, 6.13505335423e-08, 1.03918953442e-08, 1.15399361178e-08, 8.49229930822e-09, 9.76959579901e-09, 7.78493980391e-09, 6.9856525009e-09, 8.78020411932e-09, 1.45465977042e-08, 2.01401437749e-08, 2.8940343455e-08, 6.09037726917e-08, 6.5262675264e-08, 4.36217675315e-08, 1.9055033107e-08, 6.41713127081e-09, 1.92203764016e-09, 6.79604261755e-10, 1.62386756819e-10, 2.60907764035e-14, 3.14012604778e-15], [5.11340614295e-09, 5.60691013618e-08, 6.09557702091e-08, 4.892723382e-08, 1.11765984911e-07, 5.02468324726e-08, 1.89532567418e-08, 4.08219991144e-09, 5.08402298038e-09, 3.70134989325e-09, 2.97425750695e-09, 2.48409071091e-09, 2.83115264565e-09, 3.20025805856e-09, 6.05065686443e-09, 9.02453400897e-09, 9.46176292871e-09, 1.84818862436e-08, 2.08534292057e-08, 1.37569795555e-08, 6.56013598999e-09, 2.15893591893e-09, 7.07503222674e-10, 2.43324388416e-10, 5.97290689131e-11, 6.9308030452e-15, 1.04848247546e-15], [3.28576299502e-09, 3.75821862519e-08, 4.00915816101e-08, 3.04996028433e-08, 6.13505335423e-08, 1.89532567418e-08, 1.15149045854e-08, 2.10076755991e-09, 2.19747331442e-09, 1.83200909998e-09, 2.10248329857e-09, 1.72021896727e-09, 1.43474709891e-09, 1.85700210764e-09, 2.87326207271e-09, 4.58730475827e-09, 5.84970916151e-09, 1.29863915177e-08, 1.28117170206e-08, 8.83715145505e-09, 3.65123553614e-09, 1.13340192787e-09, 3.31094457406e-10, 1.24571589155e-10, 2.71272952018e-11, 5.83503379078e-15, 7.89751655982e-16], [4.75352979201e-10, 5.34600808066e-09, 5.82820680606e-09, 4.8841641842e-09, 1.03918953442e-08, 4.08219991144e-09, 2.10076755991e-09, 1.73913505819e-09, 6.02885852352e-10, 6.1573707244e-10, 7.03937741431e-10, 4.10519590544e-10, 7.8875095344e-10, 7.5321504589e-10, 1.07890951728e-09, 1.47314527243e-09, 1.65242153294e-09, 2.97017010986e-09, 3.02774183503e-09, 1.97795468893e-09, 8.30475632707e-10, 2.83997686479e-10, 7.59122764649e-11, 2.69405279335e-11, 6.40889858544e-12, 1.05150532429e-15, 4.617138479e-16], [4.84391859956e-10, 5.47408962603e-09, 6.03516925324e-09, 4.73800021439e-09, 1.15399361178e-08, 5.08402298038e-09, 2.19747331442e-09, 6.02885852352e-10, 6.61987853423e-10, 5.86827086924e-10, 4.89897455935e-10, 3.64759666915e-10, 4.38483888088e-10, 4.68799721265e-10, 8.28057844515e-10, 1.19022536271e-09, 1.31436272977e-09, 2.85532242295e-09, 2.79924150526e-09, 1.70478042794e-09, 7.96791632673e-10, 2.55751919642e-10, 8.10736755508e-11, 2.81538282271e-11, 6.00238869025e-12, 9.6058173724e-16, 1.86588824839e-16], [2.39904346389e-10, 2.7306539252e-09, 3.21080895205e-09, 3.47296391645e-09, 8.49229930822e-09, 3.70134989325e-09, 1.83200909998e-09, 6.1573707244e-10, 5.86827086924e-10, 8.91847817819e-10, 8.46119230236e-10, 3.71102426566e-10, 4.92738461144e-10, 5.82201453714e-10, 8.63258298178e-10, 1.31216015831e-09, 1.57721258276e-09, 3.07699243862e-09, 2.80432654876e-09, 1.64212632381e-09, 8.73773109422e-10, 3.00912017526e-10, 9.22943249604e-11, 3.33304113476e-11, 7.83378310137e-12, 9.44657835469e-16, 4.99417190206e-16], [4.21550822027e-10, 4.8792339058e-09, 5.31827026862e-09, 5.54981927081e-09, 9.76959579901e-09, 2.97425750695e-09, 2.10248329857e-09, 7.03937741431e-10, 4.89897455935e-10, 8.46119230236e-10, 1.10631903638e-09, 3.79217962587e-10, 5.61619584172e-10, 6.78615719174e-10, 7.38902494746e-10, 1.27193611199e-09, 1.88402093926e-09, 3.14198667084e-09, 2.66653965575e-09, 1.71370306834e-09, 8.78652706149e-10, 2.771549934e-10, 7.22638546224e-11, 2.8108328165e-11, 5.32040080395e-12, 1.27652820294e-15, 6.41230993186e-16], [3.64072799686e-10, 4.28308721823e-09, 4.61074334268e-09, 3.25436966264e-09, 7.78493980391e-09, 2.48409071091e-09, 1.72021896727e-09, 4.10519590544e-10, 3.64759666915e-10, 3.71102426566e-10, 3.79217962587e-10, 3.59979324127e-10, 2.62855209821e-10, 3.3171498881e-10, 5.79909398279e-10, 9.87476878045e-10, 1.02477237807e-09, 2.58730614711e-09, 2.51264986595e-09, 1.8771131316e-09, 7.19288295592e-10, 2.26463792163e-10, 6.73850350519e-11, 2.70915720413e-11, 6.92928396953e-12, 1.06786894204e-15, 1.99833442284e-16], [3.02236208283e-10, 3.39410832773e-09, 3.70319397369e-09, 3.23456750273e-09, 6.9856525009e-09, 2.83115264565e-09, 1.43474709891e-09, 7.8875095344e-10, 4.38483888088e-10, 4.92738461144e-10, 5.61619584172e-10, 2.62855209821e-10, 6.91466994773e-10, 4.79210504611e-10, 7.08295644358e-10, 1.08351994044e-09, 1.25037324938e-09, 2.23199214666e-09, 1.9888704017e-09, 1.35292477221e-09, 6.09548467256e-10, 2.10233830344e-10, 5.14032288956e-11, 2.06787260926e-11, 4.07005679159e-12, 6.78766993546e-16, 3.27442608618e-16], [3.83332671161e-10, 4.407735954e-09, 4.80320139218e-09, 4.17614121062e-09, 8.78020411932e-09, 3.20025805856e-09, 1.85700210764e-09, 7.5321504589e-10, 4.68799721265e-10, 5.82201453714e-10, 6.78615719174e-10, 3.3171498881e-10, 4.79210504611e-10, 6.28225638177e-10, 7.43639871903e-10, 1.17524379117e-09, 1.43616352144e-09, 2.75755729362e-09, 2.52118437238e-09, 1.52504897599e-09, 7.20160153733e-10, 2.34790992204e-10, 6.17723094898e-11, 2.26836154027e-11, 4.13760822479e-12, 1.04830766904e-15, 4.19127122425e-16], [5.30555654965e-10, 5.95254645575e-09, 6.62138566199e-09, 5.23646148665e-09, 1.45465977042e-08, 6.05065686443e-09, 2.87326207271e-09, 1.07890951728e-09, 8.28057844515e-10, 8.63258298178e-10, 7.38902494746e-10, 5.79909398279e-10, 7.08295644358e-10, 7.43639871903e-10, 1.42723100005e-09, 2.01137972944e-09, 1.94197946612e-09, 4.40100178523e-09, 4.76940620331e-09, 3.18867288129e-09, 1.35564515169e-09, 4.78161343853e-10, 1.58027008146e-10, 5.40268975391e-11, 1.55830678222e-11, 1.49819788991e-15, 4.80184618925e-16], [6.54861165295e-10, 7.7593158565e-09, 8.87165807484e-09, 6.79564493566e-09, 2.01401437749e-08, 9.02453400897e-09, 4.58730475827e-09, 1.47314527243e-09, 1.19022536271e-09, 1.31216015831e-09, 1.27193611199e-09, 9.87476878045e-10, 1.08351994044e-09, 1.17524379117e-09, 2.01137972944e-09, 3.85130105585e-09, 3.3162199653e-09, 7.43517869495e-09, 7.28806703876e-09, 5.66597302409e-09, 2.29797847418e-09, 7.69542263246e-10, 2.24677915162e-10, 9.27355137126e-11, 2.56897558781e-11, 3.01774058657e-15, 1.10001977162e-15], [1.36997690969e-09, 1.57044954818e-08, 1.69146296969e-08, 1.42801415137e-08, 2.8940343455e-08, 9.46176292871e-09, 5.84970916151e-09, 1.65242153294e-09, 1.31436272977e-09, 1.57721258276e-09, 1.88402093926e-09, 1.02477237807e-09, 1.25037324938e-09, 1.43616352144e-09, 1.94197946612e-09, 3.3162199653e-09, 4.19953227748e-09, 8.44178149606e-09, 7.56563522941e-09, 5.3172133363e-09, 2.38095099192e-09, 7.86073817149e-10, 1.96370170125e-10, 8.33265956235e-11, 1.80631898328e-11, 3.38800304001e-15, 1.16242619456e-15], [2.78512923835e-09, 3.28733307242e-08, 3.56482168229e-08, 2.5708736473e-08, 6.09037726917e-08, 1.84818862436e-08, 1.29863915177e-08, 2.97017010986e-09, 2.85532242295e-09, 3.07699243862e-09, 3.14198667084e-09, 2.58730614711e-09, 2.23199214666e-09, 2.75755729362e-09, 4.40100178523e-09, 7.43517869495e-09, 8.44178149606e-09, 2.19102158638e-08, 1.9431347198e-08, 1.35817854741e-08, 5.56916734951e-09, 1.894647772e-09, 4.76643891023e-10, 2.10044440174e-10, 4.81023242072e-11, 8.03412698646e-15, 1.72735725395e-15], [3.0351470226e-09, 3.41285932848e-08, 3.62204346516e-08, 2.66477613309e-08, 6.5262675264e-08, 2.08534292057e-08, 1.28117170206e-08, 3.02774183503e-09, 2.79924150526e-09, 2.80432654876e-09, 2.66653965575e-09, 2.51264986595e-09, 1.9888704017e-09, 2.52118437238e-09, 4.76940620331e-09, 7.28806703876e-09, 7.56563522941e-09, 1.9431347198e-08, 2.10687165492e-08, 1.48462824257e-08, 5.82422376993e-09, 2.01701655378e-09, 6.50343834341e-10, 2.30957045155e-10, 6.58989529612e-11, 7.2381540323e-15, 1.42559922539e-15], [2.07571804189e-09, 2.31356356295e-08, 2.42435742592e-08, 1.77809305058e-08, 4.36217675315e-08, 1.37569795555e-08, 8.83715145505e-09, 1.97795468893e-09, 1.70478042794e-09, 1.64212632381e-09, 1.71370306834e-09, 1.8771131316e-09, 1.35292477221e-09, 1.52504897599e-09, 3.18867288129e-09, 5.66597302409e-09, 5.3172133363e-09, 1.35817854741e-08, 1.48462824257e-08, 1.25428982756e-08, 4.73031080972e-09, 1.65557845211e-09, 4.79690009936e-10, 1.97588334583e-10, 6.10944836388e-11, 5.80003057775e-15, 1.61343587535e-15], [8.58739079845e-10, 9.37207911278e-09, 9.89983384159e-09, 8.05090483169e-09, 1.9055033107e-08, 6.56013598999e-09, 3.65123553614e-09, 8.30475632707e-10, 7.96791632673e-10, 8.73773109422e-10, 8.78652706149e-10, 7.19288295592e-10, 6.09548467256e-10, 7.20160153733e-10, 1.35564515169e-09, 2.29797847418e-09, 2.38095099192e-09, 5.56916734951e-09, 5.82422376993e-09, 4.73031080972e-09, 1.98633065551e-09, 7.19340642608e-10, 1.9633268622e-10, 8.34278895967e-11, 2.48183903984e-11, 2.14041181189e-15, 7.88058331241e-16], [2.76224376705e-10, 2.90085111487e-09, 3.05053315941e-09, 2.60758303838e-09, 6.41713127081e-09, 2.15893591893e-09, 1.13340192787e-09, 2.83997686479e-10, 2.55751919642e-10, 3.00912017526e-10, 2.771549934e-10, 2.26463792163e-10, 2.10233830344e-10, 2.34790992204e-10, 4.78161343853e-10, 7.69542263246e-10, 7.86073817149e-10, 1.894647772e-09, 2.01701655378e-09, 1.65557845211e-09, 7.19340642608e-10, 2.83790574374e-10, 7.42715750013e-11, 3.23366750044e-11, 1.0125438682e-11, 6.43105371219e-16, 3.18418769584e-16], [7.67802973978e-11, 7.85252418645e-10, 8.2364459697e-10, 6.93439916599e-10, 1.92203764016e-09, 7.07503222674e-10, 3.31094457406e-10, 7.59122764649e-11, 8.10736755508e-11, 9.22943249604e-11, 7.22638546224e-11, 6.73850350519e-11, 5.14032288956e-11, 6.17723094898e-11, 1.58027008146e-10, 2.24677915162e-10, 1.96370170125e-10, 4.76643891023e-10, 6.50343834341e-10, 4.79690009936e-10, 1.9633268622e-10, 7.42715750013e-11, 2.74632590974e-11, 9.01492422378e-12, 3.13655893792e-12, 1.54870352641e-16, 5.77548422469e-17], [2.7074127662e-11, 2.8195834556e-10, 2.97869034993e-10, 2.48288778426e-10, 6.79604261755e-10, 2.43324388416e-10, 1.24571589155e-10, 2.69405279335e-11, 2.81538282271e-11, 3.33304113476e-11, 2.8108328165e-11, 2.70915720413e-11, 2.06787260926e-11, 2.26836154027e-11, 5.40268975391e-11, 9.27355137126e-11, 8.33265956235e-11, 2.10044440174e-10, 2.30957045155e-10, 1.97588334583e-10, 8.34278895967e-11, 3.23366750044e-11, 9.01492422378e-12, 3.88977738908e-12, 1.26240706257e-12, 7.16611512422e-17, 3.42653480701e-17], [5.39025811833e-12, 4.94236422621e-11, 5.07765947344e-11, 4.7439548817e-11, 1.62386756819e-10, 5.97290689131e-11, 2.71272952018e-11, 6.40889858544e-12, 6.00238869025e-12, 7.83378310137e-12, 5.32040080395e-12, 6.92928396953e-12, 4.07005679159e-12, 4.13760822479e-12, 1.55830678222e-11, 2.56897558781e-11, 1.80631898328e-11, 4.81023242072e-11, 6.58989529612e-11, 6.10944836388e-11, 2.48183903984e-11, 1.0125438682e-11, 3.13655893792e-12, 1.26240706257e-12, 4.67159893668e-13, 1.67475949901e-17, 1.12310819901e-17], [1.30811056753e-15, 1.60253161788e-14, 1.74443538634e-14, 1.28007041002e-14, 2.60907764035e-14, 6.9308030452e-15, 5.83503379078e-15, 1.05150532429e-15, 9.6058173724e-16, 9.44657835469e-16, 1.27652820294e-15, 1.06786894204e-15, 6.78766993546e-16, 1.04830766904e-15, 1.49819788991e-15, 3.01774058657e-15, 3.38800304001e-15, 8.03412698646e-15, 7.2381540323e-15, 5.80003057775e-15, 2.14041181189e-15, 6.43105371219e-16, 1.54870352641e-16, 7.16611512422e-17, 1.67475949901e-17, 4.47903074789e-21, 1.05617888065e-21], [1.939340828e-17, 1.54902010497e-16, 3.27866045682e-16, 1.73898638104e-15, 3.14012604778e-15, 1.04848247546e-15, 7.89751655982e-16, 4.617138479e-16, 1.86588824839e-16, 4.99417190206e-16, 6.41230993186e-16, 1.99833442284e-16, 3.27442608618e-16, 4.19127122425e-16, 4.80184618925e-16, 1.10001977162e-15, 1.16242619456e-15, 1.72735725395e-15, 1.42559922539e-15, 1.61343587535e-15, 7.88058331241e-16, 3.18418769584e-16, 5.77548422469e-17, 3.42653480701e-17, 1.12310819901e-17, 1.05617888065e-21, 1.0476109172e-21]]
    },
    "mfcc": {
        "kurt": [-0.753126144409, -1.68011391163, -0.661740541458, 0.013423204422, 0.437094211578, 0.244525671005, 1.63248586655, -0.00679898262024, 0.769202232361, 4.62516736984, 2.11728811264, 3.35573816299, 3.88770151138],
        "max": [-633.585083008, 131.78314209, 21.6383056641, 84.3973236084, 17.6188812256, 7.29108428955, 9.56315994263, 18.7977237701, 11.2644691467, 9.29828834534, 13.7895622253, 16.2757053375, 9.62400817871],
        "mean": [-996.170898438, 58.0497779846, -19.8640708923, 9.75716876984, -2.99507975578, -4.93044805527, -0.980626642704, 1.00363755226, -0.968722045422, -1.35695099831, -0.0410304330289, -0.630133390427, -1.01324355602],
        "median": [-1059.25561523, 62.9447402954, -0.710144042969, 8.01086425781e-05, -6.103515625e-05, -0.442375183105, -2.67028808594e-05, -5.34057617188e-05, -4.57763671875e-05, -2.28881835938e-05, -2.67028808594e-05, -3.0517578125e-05, -3.81469726562e-05],
        "min": [-1138.42004395, 1.14440917969e-05, -89.208366394, -21.5345878601, -26.9100608826, -27.666103363, -23.8789138794, -17.5590362549, -17.4297199249, -23.3468894958, -19.5796451569, -18.121547699, -20.3307609558],
        "skew": [0.835729062557, -0.000243850343395, -0.835195600986, 1.0321201086, -0.375444322824, -1.17375910282, -1.20251619816, -0.0889912247658, -0.834063231945, -1.60495531559, -0.613904118538, -0.656220316887, -1.29564869404],
        "var": [26032.4492188, 2466.48681641, 875.501220703, 655.292724609, 72.3106842041, 72.072769165, 43.5270233154, 56.4127120972, 32.4926719666, 22.8235740662, 33.8946914673, 22.6916618347, 21.464635849],
        "cov": [[26328.2734375, 6611.10742188, -3892.29272461, 3568.7578125, -674.886657715, -628.607299805, -551.549438477, -585.32824707, -656.583068848, -291.394500732, -189.795547485, -230.156784058, -166.144210815], [6611.10742188, 2494.51513672, -1196.4630127, 596.177490234, -101.619262695, -274.801849365, -108.46321106, -58.7887191772, -102.173149109, -39.7145233154, 42.4655380249, -6.448823452, -34.2838668823], [-3892.29272461, -1196.4630127, 885.450134277, -504.917755127, 116.311233521, 183.797592163, 93.6358337402, 124.1095047, 84.1976089478, 19.7248821259, -32.3844032288, 8.32794284821, 5.7651143074], [3568.7578125, 596.177490234, -504.917755127, 662.739196777, -128.028091431, -59.0080108643, -75.9244766235, -134.19468689, -111.995613098, -35.4768676758, -35.910774231, -40.3737678528, -14.7670345306], [-674.886657715, -101.619262695, 116.311233521, -128.028091431, 73.1323928833, 9.67409992218, 21.6737442017, 41.8252716064, 18.8682727814, 12.6557731628, 10.409740448, 14.2939748764, 4.0603556633], [-628.607299805, -274.801849365, 183.797592163, -59.0080108643, 9.67409992218, 72.8917770386, 15.7511940002, 20.4663791656, 4.87520980835, -2.24949383736, -16.813873291, -6.20229959488, -5.93755912781], [-551.549438477, -108.46321106, 93.6358337402, -75.9244766235, 21.6737442017, 15.7511940002, 44.021648407, 25.8188724518, 17.9048366547, 11.3675470352, 5.33344459534, 9.77309894562, 8.59331226349], [-585.32824707, -58.7887191772, 124.1095047, -134.19468689, 41.8252716064, 20.4663791656, 25.8188724518, 57.053768158, 25.0969352722, 6.81285095215, 7.01197338104, 6.14148139954, -3.61984014511], [-656.583068848, -102.173149109, 84.1976089478, -111.995613098, 18.8682727814, 4.87520980835, 17.9048366547, 25.0969352722, 32.8619041443, 12.2378025055, 11.7748718262, 10.031165123, 6.84388685226], [-291.394500732, -39.7145233154, 19.7248821259, -35.4768676758, 12.6557731628, -2.24949383736, 11.3675470352, 6.81285095215, 12.2378025055, 23.0829334259, 15.8163900375, 7.48777580261, 9.32027053833], [-189.795547485, 42.4655380249, -32.3844032288, -35.910774231, 10.409740448, -16.813873291, 5.33344459534, 7.01197338104, 11.7748718262, 15.8163900375, 34.2798614502, 12.0565824509, 3.91392040253], [-230.156784058, -6.448823452, 8.32794284821, -40.3737678528, 14.2939748764, -6.20229959488, 9.77309894562, 6.14148139954, 10.031165123, 7.48777580261, 12.0565824509, 22.9495220184, 12.9051580429], [-166.144210815, -34.2838668823, 5.7651143074, -14.7670345306, 4.0603556633, -5.93755912781, 8.59331226349, -3.61984014511, 6.84388685226, 9.32027053833, 3.91392040253, 12.9051580429, 21.7085514069]]
    },
    "sccoeffs": {
        "kurt": [0.726864099503, 0.0307343006134, 0.208542823792, 0.174306631088, -0.674733161926, -1.29083955288],
        "max": [-0.622712254524, -0.739196002483, -0.787779390812, -0.777471601963, -0.78303539753, -0.691587388515],
        "mean": [-0.806592464447, -0.836314499378, -0.866987943649, -0.879024028778, -0.850870370865, -0.808325350285],
        "median": [-0.816214621067, -0.837924003601, -0.867436885834, -0.881994366646, -0.829769790173, -0.801558196545],
        "min": [-0.958900868893, -0.971884787083, -0.96334785223, -0.979341804981, -0.964285254478, -0.959970712662],
        "skew": [0.42426893115, -0.259892016649, -0.372214496136, 0.0794348344207, -0.802256584167, -0.172735378146],
        "var": [0.00433265138417, 0.00298258638941, 0.0014300091425, 0.00149095896631, 0.00239846133627, 0.00542216701433],
        "cov": [[0.00438188575208, 0.00281305285171, 0.00172907498199, 0.00204222626053, 0.00205027894117, 0.00358584430069], [0.00281305285171, 0.00301647931337, 0.00144406745676, 0.00167675735429, 0.0016502084909, 0.00283400132321], [0.00172907498199, 0.00144406745676, 0.00144625932444, 0.00103665329516, 0.00123320485, 0.00186356110498], [0.00204222626053, 0.00167675735429, 0.00103665329516, 0.00150790170301, 0.00135494151618, 0.00201121717691], [0.00205027894117, 0.0016502084909, 0.00123320485, 0.00135494151618, 0.00242571672425, 0.00295575428754], [0.00358584430069, 0.00283400132321, 0.00186356110498, 0.00201121717691, 0.00295575428754, 0.00548378238454]]
    },
    "scvalleys": {
        "kurt": [5.87458133698, 5.18459415436, 6.81082344055, 5.07661533356, 3.46649456024, 2.13897848129],
        "max": [-3.82222056389, -5.37617254257, -6.3005232811, -6.60113143921, -5.76611089706, -8.79291152954],
        "mean": [-11.177444458, -10.8697500229, -10.7510786057, -11.2480554581, -12.0867614746, -15.4995250702],
        "median": [-10.4657897949, -10.0335273743, -9.60218715668, -10.4635572433, -12.0824403763, -16.6627426147],
        "min": [-27.7132797241, -27.7528877258, -27.38306427, -27.7815265656, -27.2911949158, -27.3373889923],
        "skew": [-2.10903549194, -2.0138669014, -2.41133451462, -2.00843262672, -1.46333217621, -0.703374505043],
        "var": [19.4816627502, 20.15350914, 18.7313938141, 19.8524398804, 19.7526493073, 14.4858093262],
        "cov": [[19.7030448914, 19.8560409546, 19.1415119171, 19.6817111969, 19.418012619, 15.7872495651], [19.8560409546, 20.3825263977, 19.4915313721, 20.1703701019, 19.9043712616, 15.9687585831], [19.1415119171, 19.4915313721, 18.9442501068, 19.387014389, 18.9194908142, 15.0465145111], [19.6817111969, 20.1703701019, 19.387014389, 20.0780353546, 19.7387218475, 15.7687196732], [19.418012619, 19.9043712616, 18.9194908142, 19.7387218475, 19.9771118164, 16.4948863983], [15.7872495651, 15.9687585831, 15.0465145111, 15.7687196732, 16.4948863983, 14.6504211426]]
    }
},
"rhythm": {
    "beats_loudness": {
        "kurt": -0.666804790497,
        "max": 0.000548600684851,
        "mean": 0.000138311632327,
        "median": 2.32024513025e-06,
        "min": 5.36652544625e-09,
        "skew": 1.15452241898,
        "var": 5.61152546652e-08
    },
    "bpm": 146.2890625,
    "confidence": 0,
    "first_peak_bpm": {
        "kurt": 0,
        "max": 148,
        "mean": 148,
        "median": 148,
        "min": 148,
        "skew": 0,
        "var": 0
    },
    "first_peak_spread": {
        "kurt": 0,
        "max": 0.333333313465,
        "mean": 0.333333313465,
        "median": 0.333333313465,
        "min": 0.333333313465,
        "skew": 0,
        "var": 0
    },
    "first_peak_weight": {
        "kurt": 0,
        "max": 0.666666686535,
        "mean": 0.666666686535,
        "median": 0.666666686535,
        "min": 0.666666686535,
        "skew": 0,
        "var": 0
    },
    "onset_rate": 0.493090033531,
    "second_peak_bpm": {
        "kurt": 0,
        "max": 0,
        "mean": 0,
        "median": 0,
        "min": 0,
        "skew": 0,
        "var": 0
    },
    "second_peak_spread": {
        "kurt": 0,
        "max": 0,
        "mean": 0,
        "median": 0,
        "min": 0,
        "skew": 0,
        "var": 0
    },
    "second_peak_weight": {
        "kurt": 0,
        "max": 0,
        "mean": 0,
        "median": 0,
        "min": 0,
        "skew": 0,
        "var": 0
    },
    "beats_loudness_band_ratio": {
        "kurt": [-1.23148941994, -0.911962747574, -1.01246571541, -0.956559419632, -1.69920516014, -0.670317649841],
        "max": [0.143937811255, 0.0827613696456, 0.381601780653, 0.444127142429, 0.276177316904, 0.134274020791],
        "mean": [0.0997503623366, 0.073693074286, 0.365256160498, 0.304379820824, 0.160014107823, 0.0404483042657],
        "median": [0.0986809805036, 0.0756351947784, 0.366227567196, 0.331158310175, 0.154979094863, 0.0107010006905],
        "min": [0.0577016919851, 0.0607405379415, 0.346967697144, 0.111075475812, 0.0539209395647, 0.00611719442531],
        "skew": [0.0889963582158, -0.67500525713, -0.23206833005, -0.612603843212, 0.0903754606843, 1.14988577366],
        "var": [0.000992685439996, 6.47034175927e-05, 0.000151836138684, 0.0147657543421, 0.00805191230029, 0.00293849315494],
        "cov": [[0.00132358062547, -5.60543012398e-05, 9.02227839106e-05, 0.00382347055711, -0.00318159605376, -0.00179162097629], [-5.60543012398e-05, 8.62712258822e-05, -0.000125329039292, -0.000612203206401, 0.000611023569945, 3.51823509845e-05], [9.02227839106e-05, -0.000125329039292, 0.000202448180062, 0.000557090097573, -0.000818318221718, 0.000109814900497], [0.00382347055711, -0.000612203206401, 0.000557090097573, 0.019687673077, -0.0132936062291, -0.00798555742949], [-0.00318159605376, 0.000611023569945, -0.000818318221718, -0.0132936062291, 0.0107358833775, 0.00482794642448], [-0.00179162097629, 3.51823509845e-05, 0.000109814900497, -0.00798555742949, 0.00482794642448, 0.00391799071804]]
    },
    "beats_position": [0.394739210606, 0.801088392735, 1.20743763447, 1.62539684772],
    "bpm_estimates": [147.656265259, 147.656234741, 143.554672241],
    "bpm_intervals": [0.406349182129, 0.406349241734, 0.417959213257],
    "onset_times": [0.0116099771112],
    "histogram": [[0, 0, 0, 0, 0, 0, 0, 0, 0, 0, 0, 0, 0, 0, 0, 0, 0, 0, 0, 0, 0, 0, 0, 0, 0, 0, 0, 0, 0, 0, 0, 0, 0, 0, 0, 0, 0, 0, 0, 0, 0, 0, 0, 0, 0, 0, 0, 0, 0, 0, 0, 0, 0, 0, 0, 0, 0, 0, 0, 0, 0, 0, 0, 0, 0, 0, 0, 0, 0, 0, 0, 0, 0, 0, 0, 0, 0, 0, 0, 0, 0, 0, 0, 0, 0, 0, 0, 0, 0, 0, 0, 0, 0, 0, 0, 0, 0, 0, 0, 0, 0, 0, 0, 0, 0, 0, 0, 0, 0, 0, 0, 0, 0, 0, 0, 0, 0, 0, 0, 0, 0, 0, 0, 0, 0, 0, 0, 0, 0, 0, 0, 0, 0, 0, 0, 0, 0, 0, 0, 0, 0, 0, 0, 0, 0.333333343267, 0, 0, 0, 0.666666686535, 0, 0, 0, 0, 0, 0, 0, 0, 0, 0, 0, 0, 0, 0, 0, 0, 0, 0, 0, 0, 0, 0, 0, 0, 0, 0, 0, 0, 0, 0, 0, 0, 0, 0, 0, 0, 0, 0, 0, 0, 0, 0, 0, 0, 0, 0, 0, 0, 0, 0, 0, 0, 0, 0, 0, 0, 0, 0, 0, 0, 0, 0, 0, 0, 0, 0, 0, 0, 0, 0, 0, 0, 0, 0, 0, 0, 0, 0, 0, 0, 0, 0, 0, 0, 0, 0, 0, 0, 0, 0, 0, 0, 0, 0, 0, 0, 0, 0, 0, 0, 0]]
},
"sfx": {
    "inharmonicity": {
        "kurt": -0.964658737183,
        "max": 0.372743874788,
        "mean": 0.137123093009,
        "median": 0.11203866452,
        "min": 0,
        "skew": 0.367107838392,
        "var": 0.0107284486294
    },
    "oddtoevenharmonicenergyratio": {
        "kurt": 0.263871431351,
        "max": 3.80910134315,
        "mean": 1.16915178299,
        "median": 1.08806610107,
        "min": 0,
        "skew": 0.696220874786,
        "var": 0.771920979023
    },
    "pitch_after_max_to_before_max_energy_ratio": 3.23278307915,
    "pitch_centroid": 27.1261081696,
    "pitch_max_to_total": 0.0224719103426,
    "pitch_min_to_total": 0.932584285736,
    "tristimulus": {
        "kurt": [0.953455924988, -1.07446110249, -1.04609334469],
        "max": [1, 0.735568165779, 0.949736297131],
        "mean": [0.261452585459, 0.324570506811, 0.413976848125],
        "median": [0.124705448747, 0.349975198507, 0.372339010239],
        "min": [0, 0, 0],
        "skew": [1.55827045441, -0.202441483736, 0.0463447608054],
        "var": [0.103373914957, 0.0412929579616, 0.0751115381718],
        "cov": [[0.104548618197, -0.0351728871465, -0.0693757757545], [-0.0351728871465, 0.0417621955276, -0.00658932048827], [-0.0693757757545, -0.00658932048827, 0.075965076685]]
    }
},
"tonal": {
    "chords_changes_rate": 0.0444444455206,
    "chords_number_rate": 0.0666666701436,
    "chords_strength": {
        "kurt": -0.878734350204,
        "max": 0.528653860092,
        "mean": 0.456554681063,
        "median": 0.457270056009,
        "min": 0.39605781436,
        "skew": 0.318697392941,
        "var": 0.0010716014076
    },
    "key_strength": 0.500573277473,
    "tuning_diatonic_strength": 0.371061950922,
    "tuning_equal_tempered_deviation": 0.217415362597,
    "tuning_frequency": 441.017791748,
    "tuning_nontempered_energy_ratio": 0.915194153786,
    "hpcp": {
        "kurt": [-0.203709602356, -0.497212648392, -1.2647395134, -1.3705612421, -1.18104565144, -0.146510362625, 8.98884487152, 1.10970878601, 0.634471893311, -0.116376161575, -0.591442108154, -1.2840834856, -0.48798251152, -1.24754035473, -1.05649960041, 0.144297361374, 2.39362573624, 0.490216493607, 0.243507623672, 1.31846857071, -0.162773370743, -1.1285187006, -1.2576841116, 0.0214009284973, 5.18918228149, 3.08505105972, 1.30712223053, 4.75762224197, 1.92794275284, 0.883067846298, -0.296891450882, -0.151505947113, 0.466625452042, 4.77141284943, 1.70901679993, 0.0398018360138],
        "max": [1, 1, 1, 1, 0.729160964489, 0.574420750141, 0.866148531437, 0.882810354233, 1, 0.75004953146, 1, 1, 0.779316186905, 0.345738083124, 0.455014586449, 0.664787828922, 0.982753276825, 1, 1, 0.833919465542, 0.630013644695, 1, 0.969744980335, 0.869462549686, 1, 0.864000856876, 0.761485159397, 0.983582377434, 0.780045390129, 0.987311542034, 1, 1, 0.921467959881, 1, 0.604376077652, 0.588450193405],
        "mean": [0.324739724398, 0.377922564745, 0.509701371193, 0.511741995811, 0.318689316511, 0.199942231178, 0.149051174521, 0.243888452649, 0.279286652803, 0.204138562083, 0.311740517616, 0.389240771532, 0.228552117944, 0.130871981382, 0.158346414566, 0.190089076757, 0.211234360933, 0.256819665432, 0.26332461834, 0.195684447885, 0.219220757484, 0.411817878485, 0.406790673733, 0.255832374096, 0.20426633954, 0.17494879663, 0.193493545055, 0.195173352957, 0.200889199972, 0.256174832582, 0.309909969568, 0.308774411678, 0.234486967325, 0.172530114651, 0.145492166281, 0.193624183536],
        "median": [0.230280578136, 0.337453573942, 0.548423409462, 0.48080521822, 0.293748021126, 0.188953563571, 0.126860022545, 0.236145943403, 0.217300400138, 0.168184518814, 0.23459623754, 0.227316737175, 0.185878917575, 0.108774267137, 0.121841564775, 0.149130105972, 0.17559248209, 0.203448340297, 0.213065668941, 0.145029038191, 0.21385884285, 0.417192459106, 0.449016749859, 0.242792144418, 0.160014569759, 0.130171477795, 0.144385486841, 0.167447924614, 0.168351218104, 0.211177289486, 0.276130020618, 0.2256501019, 0.155162110925, 0.10299551487, 0.124254405499, 0.176753401756],
