{
"metadata": {
    "version": {
        "essentia": "2.1-beta3"
    }
},
"lowLevel": {
    "average_loudness": 0.170652553439,
    "barkbands_kurtosis": {
        "kurt": 37.1286849976,
        "max": 76.1214981079,
        "mean": 2.68999671936,
        "median": 0.2736992836,
        "min": -1.77762138844,
        "skew": 5.40616750717,
        "var": 73.7005157471
    },
    "barkbands_skewness": {
        "kurt": 3.31709194183,
        "max": 7.56587076187,
        "mean": -0.320334970951,
        "median": -0.758941948414,
        "min": -2.25644564629,
        "skew": 1.74397015572,
        "var": 3.31082510948
    },
    "barkbands_spread": {
        "kurt": 0.0353856086731,
        "max": 60.484539032,
        "mean": 31.5931243896,
        "median": 31.1879825592,
        "min": 1.97587561607,
        "skew": -0.155545309186,
        "var": 139.743637085
    },
    "dissonance": {
        "kurt": 64.7727127075,
        "max": 0.499999970198,
        "mean": 0.48910599947,
        "median": 0.492983698845,
        "min": 0.308744430542,
        "skew": -7.20260095596,
        "var": 0.000328688765876
    },
    "hfc": {
        "kurt": 28.7854194641,
        "max": 84.5454406738,
        "mean": 2.68169379234,
        "median": 2.45015016844e-05,
        "min": 1.08646401515e-16,
        "skew": 5.09183979034,
        "var": 112.342475891
    },
    "pitch": {
        "kurt": -1.8270162344,
        "max": 4551.2578125,
        "mean": 2084.30517578,
        "median": 2958.28076172,
        "min": 81.3999938965,
        "skew": -0.0965984612703,
        "var": 2724711
    },
    "pitch_instantaneous_confidence": {
        "kurt": -0.383264064789,
        "max": 0.615673780441,
        "mean": 0.27566960454,
        "median": 0.243481695652,
        "min": 0.0674412250519,
        "skew": 0.706495523453,
        "var": 0.0180493667722
    },
    "pitch_salience": {
        "kurt": 4.60597038269,
        "max": 0.90643799305,
        "mean": 0.713877081871,
        "median": 0.749485969543,
        "min": 0.194963335991,
        "skew": -1.8693100214,
        "var": 0.0143414344639
    },
    "silence_rate_20dB": {
        "kurt": 0,
        "max": 1,
        "mean": 1,
        "median": 1,
        "min": 1,
        "skew": 0,
        "var": 0
    },
    "silence_rate_30dB": {
        "kurt": 0,
        "max": 1,
        "mean": 1,
        "median": 1,
        "min": 1,
        "skew": 0,
        "var": 0
    },
    "silence_rate_60dB": {
        "kurt": 7.50430488586,
        "max": 1,
        "mean": 0.919463098049,
        "median": 1,
        "min": 0,
        "skew": -3.08290195465,
        "var": 0.0740504935384
    },
    "spectral_centroid": {
        "kurt": -0.804959535599,
        "max": 11517.6083984,
        "mean": 4173.12841797,
        "median": 2319.37109375,
        "min": 204.483856201,
        "skew": 1.00526249409,
        "var": 16777096
    },
    "spectral_complexity": {
        "kurt": 11.9823064804,
        "max": 54,
        "mean": 3.20805358887,
        "median": 0,
        "min": 0,
        "skew": 3.63258218765,
        "var": 119.117294312
    },
    "spectral_crest": {
        "kurt": 5.58588314056,
        "max": 22.7399082184,
        "mean": 6.98428487778,
        "median": 6.37715816498,
        "min": 2.81110215187,
        "skew": 2.15862011909,
        "var": 11.2874393463
    },
    "spectral_decrease": {
        "kurt": 16.576751709,
        "max": 1.40171384135e-28,
        "mean": -3.5448249891e-10,
        "median": -4.27009298688e-15,
        "min": -7.8059301245e-09,
        "skew": -4.13259363174,
        "var": 1.66446234116e-18
    },
    "spectral_energy": {
        "kurt": 16.9787578583,
        "max": 0.0338566377759,
        "mean": 0.00158113602083,
        "median": 1.80202466282e-08,
        "min": 9.82207345601e-21,
        "skew": 4.17856693268,
        "var": 3.35687582265e-05
    },
    "spectral_energyband_high": {
        "kurt": 24.5785770416,
        "max": 0.00312998937443,
        "mean": 0.000112211331725,
        "median": 1.66793701073e-09,
        "min": 7.54557062828e-21,
        "skew": 4.8224272728,
        "var": 1.92715987168e-07
    },
    "spectral_energyband_low": {
        "kurt": 94.009262085,
        "max": 0.011245880276,
        "mean": 0.000194303662283,
        "median": 2.539556343e-09,
        "min": 2.03167450048e-23,
        "skew": 9.14101409912,
        "var": 1.02084015907e-06
    },
    "spectral_energyband_middle_high": {
        "kurt": 23.1635150909,
        "max": 0.0233854223043,
        "mean": 0.000824441667646,
        "median": 5.31721999764e-09,
        "min": 1.10635346344e-21,
        "skew": 4.7349729538,
        "var": 1.05766766865e-05
    },
    "spectral_energyband_middle_low": {
        "kurt": 14.1693916321,
        "max": 0.0105059798807,
        "mean": 0.000536509614903,
        "median": 2.90219492882e-09,
        "min": 1.77234250478e-22,
        "skew": 3.8546204567,
        "var": 3.45790772371e-06
    },
    "spectral_flatness_db": {
        "kurt": -0.189225196838,
        "max": 0.363246262074,
        "mean": 0.143371284008,
        "median": 0.106251195073,
        "min": 0.0599762834609,
        "skew": 0.899426281452,
        "var": 0.00597733398899
    },
    "spectral_flux": {
        "kurt": 11.371172905,
        "max": 0.166578546166,
        "mean": 0.0111868539825,
        "median": 0.000133175140945,
        "min": 6.53349249702e-11,
        "skew": 3.40776228905,
        "var": 0.000843218003865
    },
    "spectral_kurtosis": {
        "kurt": 2.87041854858,
        "max": 18.2499370575,
        "mean": 2.82046580315,
        "median": 2.08700752258,
        "min": -1.25219857693,
        "skew": 1.57073450089,
        "var": 15.3502464294
    },
    "spectral_rms": {
        "kurt": 10.0628242493,
        "max": 0.00574724841863,
        "mean": 0.000448092177976,
        "median": 4.1929379222e-06,
        "min": 3.09556308538e-12,
        "skew": 3.28655672073,
        "var": 1.34178583266e-06
    },
    "spectral_rolloff": {
        "kurt": -0.782464265823,
        "max": 19530.6152344,
        "mean": 7199.89501953,
        "median": 3725.24414062,
        "min": 86.1328125,
        "skew": 1.02280926704,
        "var": 47235768
    },
    "spectral_skewness": {
        "kurt": -0.614509820938,
        "max": 2.45854282379,
        "mean": 0.88835299015,
        "median": 1.02455806732,
        "min": -0.100663729012,
        "skew": 0.149732410908,
        "var": 0.444921761751
    },
    "spectral_spread": {
        "kurt": -0.847471237183,
        "max": 42128620,
        "mean": 14173454,
        "median": 7159235.5,
        "min": 1648334.375,
        "skew": 1.02873361111,
        "var": 2.48107694555e+14
    },
    "spectral_strongpeak": {
        "kurt": 75.0477523804,
        "max": 2.04220724106,
        "mean": 0.0548075214028,
        "median": 0.000625797896646,
        "min": 1.13781414846e-10,
        "skew": 7.83447980881,
        "var": 0.0368037223816
    },
    "zerocrossingrate": {
        "kurt": -0.856180906296,
        "max": 0.529296875,
        "mean": 0.205759748816,
        "median": 0.12158203125,
        "min": 0.0126953125,
        "skew": 0.969835519791,
        "var": 0.0315275639296
    },
    "barkbands": {
        "kurt": [142.803115845, 60.7202835083, 98.9822006226, 44.7035102844, 16.7428188324, 24.940246582, 43.2788238525, 32.1011772156, 27.8085536957, 36.0625457764, 87.0839767456, 30.230884552, 36.5208854675, 24.0528068542, 58.4556846619, 29.8565750122, 40.025177002, 67.6945648193, 66.6092300415, 25.105348587, 30.4426612854, 99.4461212158, 50.5604629517, 38.377532959, 36.6286277771, 35.4987487793, 33.1133842468],
        "max": [8.45036538522e-06, 0.000971189932898, 0.00651703309268, 0.00560452276841, 0.00342187681235, 0.00227742339484, 0.00234704161994, 0.00129969161935, 0.000886837078724, 0.0022303359583, 0.00298706418835, 0.00130508549046, 0.00196108687669, 0.0013649566099, 0.00220858096145, 0.0020960024558, 0.00248251319863, 0.00771110551432, 0.00899361073971, 0.00272907107137, 0.00148261198774, 0.00105825951323, 7.33651249902e-05, 1.81834002433e-05, 4.17349974668e-06, 1.21686809962e-07, 2.14766493478e-09],
        "mean": [6.42529940365e-08, 1.78055852302e-05, 0.000104401136923, 0.000146889127791, 0.00015783640265, 8.59047140693e-05, 6.27628251095e-05, 3.64848601748e-05, 2.83251010842e-05, 5.76356796955e-05, 4.85788150399e-05, 3.94491071347e-05, 5.38078165846e-05, 4.76808236272e-05, 5.12102960784e-05, 7.120086957e-05, 6.91690293024e-05, 0.000155191126396, 0.000183809315786, 9.74320500973e-05, 4.64711738459e-05, 1.66739282577e-05, 1.75262096036e-06, 4.8178844736e-07, 1.15964454039e-07, 3.05093594832e-09, 6.90260834602e-11],
        "median": [1.499864794e-12, 4.84871143236e-10, 1.33401623081e-09, 1.44075040787e-09, 3.74990094532e-10, 2.18486451153e-10, 1.32150873577e-10, 1.66100827537e-10, 1.60088775569e-10, 1.71500230683e-10, 2.02823216555e-10, 1.88505641652e-10, 1.84985124441e-10, 2.78454148628e-10, 3.27698868041e-10, 5.73686431693e-10, 6.74180100635e-10, 7.61127494364e-10, 1.19339493843e-09, 1.03975350552e-09, 7.64960150779e-10, 3.84816706278e-10, 9.48755796149e-11, 4.84386454558e-11, 3.19970508422e-11, 1.4099474626e-12, 3.04862201022e-14],
        "min": [6.64280539802e-25, 4.44545918172e-24, 1.33446807006e-24, 2.00286582284e-25, 8.63693355096e-24, 1.66954932189e-23, 1.34628232708e-23, 1.2111749087e-23, 2.54898865619e-23, 1.91780605757e-23, 1.72364261856e-23, 3.14864774196e-23, 1.77484805324e-23, 4.49504240283e-23, 4.93296749031e-23, 3.71979313476e-23, 9.37273598724e-23, 1.2606648549e-22, 1.33048889e-22, 2.3506194526e-22, 2.26254521513e-22, 3.33213407483e-22, 4.33363881105e-22, 5.86330952603e-22, 8.20532370523e-22, 1.40523940562e-21, 2.04700726173e-21],
        "skew": [12.0103607178, 7.47626495361, 9.45502758026, 6.27579259872, 4.0987701416, 4.87143373489, 6.07888746262, 5.42768859863, 5.21909427643, 5.92138528824, 8.80565834045, 5.33171844482, 5.89472579956, 4.78647613525, 6.99705648422, 5.4471373558, 5.87054824829, 7.66167211533, 7.57973814011, 4.86431121826, 5.20299100876, 9.466173172, 6.56539916992, 5.84038305283, 5.79999494553, 5.8219742775, 5.57697629929],
        "var": [4.77140408347e-13, 1.00608508191e-08, 3.34999043616e-07, 3.96450616336e-07, 3.09817266952e-07, 1.13776088995e-07, 6.77701521568e-08, 2.55080383482e-08, 1.48322119031e-08, 8.47443430985e-08, 7.52972084683e-08, 2.83419279157e-08, 5.89922741767e-08, 3.51892310846e-08, 4.98858554465e-08, 1.00198796815e-07, 7.84612907978e-08, 5.69282462948e-07, 7.79825313657e-07, 1.45242836425e-07, 3.38166330494e-08, 8.81033734856e-09, 6.03362568241e-11, 4.49950016482e-12, 2.60870670768e-13, 2.21551367052e-16, 8.43808623076e-20],
        "cov": [[4.80364337717e-13, 5.59819621215e-11, 1.10850592594e-10, 5.3931713262e-11, 7.88143023067e-11, 4.94888262315e-11, 3.75479890236e-11, 9.24831131816e-12, 9.79467895679e-12, 2.37618535959e-11, 4.00970923131e-11, 2.55978988006e-11, 3.21405194126e-11, 3.23022684989e-11, 1.10800413983e-11, 1.84420256844e-11, 1.90554585999e-11, 5.23116862328e-11, 5.7591542646e-11, 4.34868703547e-11, 2.68571987566e-11, 2.72028580217e-12, 9.81221072276e-13, 2.06902718699e-13, 7.67219404327e-14, 7.06047966013e-16, 1.2894574462e-17], [5.59819621215e-11, 1.01288293308e-08, 4.29215702979e-08, 3.55317020251e-08, 3.26768585523e-08, 1.39641018748e-08, 1.05311483978e-08, 5.32981347945e-09, 5.74779335238e-09, 1.16600880062e-08, 1.26377734944e-08, 8.79464323589e-09, 1.08936673016e-08, 9.72574287772e-09, 9.31905219659e-09, 1.34125652806e-08, 1.63167772627e-08, 2.80485714654e-08, 3.16257491306e-08, 2.10687858271e-08, 1.04630188957e-08, 2.10590678229e-09, 3.20877380222e-10, 8.70711697187e-11, 2.26952744792e-11, 4.90467800922e-13, 1.39146040949e-14], [1.10850592594e-10, 4.29215702979e-08, 3.37262548555e-07, 3.02436149013e-07, 2.13446853081e-07, 6.90813166671e-08, 5.28466870264e-08, 3.93725301251e-08, 4.27761186472e-08, 8.80254518165e-08, 6.54928697941e-08, 4.61962130771e-08, 4.59803679576e-08, 4.97705521241e-08, 5.10225284245e-08, 1.16032538244e-07, 1.36730562872e-07, 1.99884539143e-07, 2.26547015814e-07, 1.20379908708e-07, 6.37681907278e-08, 1.57850230664e-08, 2.00971683739e-09, 5.93816606997e-10, 1.22673426972e-10, 3.56789749655e-12, 1.17708495945e-13], [5.3931713262e-11, 3.55317020251e-08, 3.02436149013e-07, 3.99129334028e-07, 2.75494102198e-07, 9.52573628865e-08, 8.21361680892e-08, 6.44695035135e-08, 6.30440979421e-08, 1.31246110868e-07, 8.61857571977e-08, 7.37784873195e-08, 9.56429317966e-08, 8.42393603762e-08, 8.98490881696e-08, 1.76960185172e-07, 1.69506847669e-07, 2.93858761324e-07, 3.12451817308e-07, 1.60481661737e-07, 7.96793173663e-08, 2.55888004119e-08, 2.64069610623e-09, 7.65247865075e-10, 1.64132180069e-10, 3.83232074547e-12, 1.25659262184e-13], [7.88143023067e-11, 3.26768585523e-08, 2.13446853081e-07, 2.75494102198e-07, 3.11910611117e-07, 1.29091588974e-07, 9.27600751766e-08, 7.58061418082e-08, 6.0055945994e-08, 1.36450168498e-07, 1.06334432814e-07, 8.49775361189e-08, 1.17615584827e-07, 9.15962701242e-08, 1.02305214966e-07, 1.2160796814e-07, 1.27922774595e-07, 2.19734062057e-07, 2.51546140362e-07, 1.85130602404e-07, 8.33478068785e-08, 1.9610830293e-08, 2.37126651648e-09, 7.20491444284e-10, 1.68071917495e-10, 4.57999783932e-12, 1.05935591787e-13], [4.94888262315e-11, 1.39641018748e-08, 6.90813166671e-08, 9.52573628865e-08, 1.29091588974e-07, 1.14544846497e-07, 7.46277351027e-08, 3.3328799276e-08, 2.33796590976e-08, 4.12844478603e-08, 4.37209131121e-08, 3.69758197394e-08, 4.96524243943e-08, 4.38172094164e-08, 4.82670046154e-08, 6.4288300905e-08, 5.41843334645e-08, 1.67061173784e-07, 2.16817568344e-07, 1.0641841186e-07, 4.67137297733e-08, 2.14531095111e-08, 2.15951168059e-09, 6.15591966291e-10, 1.44422293569e-10, 4.51273870702e-12, 7.65976908637e-14], [3.75479890236e-11, 1.05311483978e-08, 5.28466870264e-08, 8.21361680892e-08, 9.27600751766e-08, 7.46277351027e-08, 6.82280614228e-08, 2.987156833e-08, 1.85577242462e-08, 3.38160255353e-08, 3.02767517724e-08, 2.68550337523e-08, 3.75979958278e-08, 3.47385267219e-08, 4.02465225591e-08, 5.75492222765e-08, 4.70116106044e-08, 1.50077681838e-07, 1.69997065314e-07, 7.43880335108e-08, 3.5115807151e-08, 1.71404206384e-08, 1.69183544951e-09, 4.7985176943e-10, 1.05373917925e-10, 3.13016756612e-12, 5.83736075969e-14], [9.24831131816e-12, 5.32981347945e-09, 3.93725301251e-08, 6.44695035135e-08, 7.58061418082e-08, 3.3328799276e-08, 2.987156833e-08, 2.56803893706e-08, 1.65286255793e-08, 4.13011527201e-08, 3.04725951139e-08, 2.29939161045e-08, 3.18859818549e-08, 2.65050630333e-08, 2.91295290111e-08, 3.63692969074e-08, 3.21596758113e-08, 7.90008272133e-08, 8.93589344741e-08, 4.90672995568e-08, 2.3534781235e-08, 8.15133383014e-09, 7.92550691742e-10, 2.35843622409e-10, 5.20100976176e-11, 1.23842678734e-12, 2.55998970937e-14], [9.79467895679e-12, 5.74779335238e-09, 4.27761186472e-08, 6.30440979421e-08, 6.0055945994e-08, 2.33796590976e-08, 1.85577242462e-08, 1.65286255793e-08, 1.49324304033e-08, 3.39643584368e-08, 2.86993611098e-08, 1.94622344907e-08, 2.4787786046e-08, 2.14027426892e-08, 1.86444957251e-08, 2.81446759232e-08, 2.76528400178e-08, 4.69510297307e-08, 6.17782376366e-08, 3.88053074118e-08, 1.94125515662e-08, 4.63375116055e-09, 5.21391430031e-10, 1.56689911046e-10, 4.02540986655e-11, 9.92064178203e-13, 2.32046014212e-14], [2.37618535959e-11, 1.16600880062e-08, 8.80254518165e-08, 1.31246110868e-07, 1.36450168498e-07, 4.12844478603e-08, 3.38160255353e-08, 4.13011527201e-08, 3.39643584368e-08, 8.53169410675e-08, 6.91239563366e-08, 4.4815944733e-08, 5.74105563089e-08, 4.87750071443e-08, 4.20303187809e-08, 5.71864759991e-08, 5.68448079719e-08, 9.3576090876e-08, 1.23266019614e-07, 8.31206676821e-08, 4.24534860599e-08, 8.74031425013e-09, 9.78604530744e-10, 3.00178604196e-10, 7.85076517684e-11, 1.61172919629e-12, 3.94401850588e-14], [4.00970923131e-11, 1.26377734944e-08, 6.54928697941e-08, 8.61857571977e-08, 1.06334432814e-07, 4.37209131121e-08, 3.02767517724e-08, 3.04725951139e-08, 2.86993611098e-08, 6.91239563366e-08, 7.5805971278e-08, 4.01843074371e-08, 4.68974903356e-08, 4.39315392953e-08, 2.99795779313e-08, 3.36048486815e-08, 3.87699969906e-08, 7.30830933549e-08, 1.29480227429e-07, 8.29875190789e-08, 4.40069030105e-08, 9.18387765836e-09, 1.03150488151e-09, 2.96912355813e-10, 9.47129458195e-11, 2.07609840777e-12, 3.99932975734e-14], [2.55978988006e-11, 8.79464323589e-09, 4.61962130771e-08, 7.37784873195e-08, 8.49775361189e-08, 3.69758197394e-08, 2.68550337523e-08, 2.29939161045e-08, 1.94622344907e-08, 4.4815944733e-08, 4.01843074371e-08, 2.85334262884e-08, 3.90825150021e-08, 3.07407752587e-08, 3.00093034866e-08, 3.42072574711e-08, 3.37308492249e-08, 6.2356527053e-08, 8.07051492302e-08, 5.81666057542e-08, 2.67194586456e-08, 6.08358252663e-09, 6.98311464209e-10, 2.10578873783e-10, 5.5841876262e-11, 1.33042481112e-12, 2.78310479453e-14], [3.21405194126e-11, 1.08936673016e-08, 4.59803679576e-08, 9.56429317966e-08, 1.17615584827e-07, 4.96524243943e-08, 3.75979958278e-08, 3.18859818549e-08, 2.4787786046e-08, 5.74105563089e-08, 4.68974903356e-08, 3.90825150021e-08, 5.93908708879e-08, 4.19250802963e-08, 4.84434323766e-08, 4.76510209069e-08, 4.43747332213e-08, 8.60880646769e-08, 9.38327389122e-08, 7.78516806577e-08, 3.22779776241e-08, 7.33458715985e-09, 8.24656287701e-10, 2.53360610269e-10, 6.3790077387e-11, 1.38386090781e-12, 2.91167812788e-14], [3.23022684989e-11, 9.72574287772e-09, 4.97705521241e-08, 8.42393603762e-08, 9.15962701242e-08, 4.38172094164e-08, 3.47385267219e-08, 2.65050630333e-08, 2.14027426892e-08, 4.87750071443e-08, 4.39315392953e-08, 3.07407752587e-08, 4.19250802963e-08, 3.54269964475e-08, 3.41373365131e-08, 4.3653773929e-08, 3.92313594944e-08, 9.17904330322e-08, 1.14142359564e-07, 6.55323759702e-08, 3.15185602062e-08, 9.89873960577e-09, 9.86986492535e-10, 2.81659695567e-10, 7.33332145009e-11, 1.60859726147e-12, 3.24854075931e-14], [1.10800413983e-11, 9.31905219659e-09, 5.10225284245e-08, 8.98490881696e-08, 1.02305214966e-07, 4.82670046154e-08, 4.02465225591e-08, 2.91295290111e-08, 1.86444957251e-08, 4.20303187809e-08, 2.99795779313e-08, 3.00093034866e-08, 4.84434323766e-08, 3.41373365131e-08, 5.02229227095e-08, 5.22160270577e-08, 4.69348080401e-08, 1.20552840599e-07, 1.17810671441e-07, 7.19034645158e-08, 2.88639814272e-08, 1.13324531981e-08, 1.03442832078e-09, 3.03655683931e-10, 6.38671129871e-11, 1.39155679167e-12, 3.13407408207e-14], [1.84420256844e-11, 1.34125652806e-08, 1.16032538244e-07, 1.76960185172e-07, 1.2160796814e-07, 6.4288300905e-08, 5.75492222765e-08, 3.63692969074e-08, 2.81446759232e-08, 5.71864759991e-08, 3.36048486815e-08, 3.42072574711e-08, 4.76510209069e-08, 4.3653773929e-08, 5.22160270577e-08, 1.00875816145e-07, 8.22221650765e-08, 2.07037885502e-07, 2.17130633473e-07, 8.41369498517e-08, 4.07179996387e-08, 2.14409059396e-08, 1.87019888465e-09, 5.24790655376e-10, 1.07660214077e-10, 2.44533169755e-12, 6.27792699011e-14], [1.90554585999e-11, 1.63167772627e-08, 1.36730562872e-07, 1.69506847669e-07, 1.27922774595e-07, 5.41843334645e-08, 4.70116106044e-08, 3.21596758113e-08, 2.76528400178e-08, 5.68448079719e-08, 3.87699969906e-08, 3.37308492249e-08, 4.43747332213e-08, 3.92313594944e-08, 4.69348080401e-08, 8.22221650765e-08, 7.89914338384e-08, 1.58576455078e-07, 1.69508936665e-07, 8.2522845446e-08, 3.95834263145e-08, 1.48832448588e-08, 1.46765322118e-09, 4.26639334972e-10, 8.84904927112e-11, 2.26371287167e-12, 6.32069673294e-14], [5.23116862328e-11, 2.80485714654e-08, 1.99884539143e-07, 2.93858761324e-07, 2.19734062057e-07, 1.67061173784e-07, 1.50077681838e-07, 7.90008272133e-08, 4.69510297307e-08, 9.3576090876e-08, 7.30830933549e-08, 6.2356527053e-08, 8.60880646769e-08, 9.17904330322e-08, 1.20552840599e-07, 2.07037885502e-07, 1.58576455078e-07, 5.73128943415e-07, 6.30650902167e-07, 2.0457048322e-07, 1.01901065364e-07, 6.72534881119e-08, 5.43818945431e-09, 1.46082146379e-09, 3.15430681574e-10, 6.74775166298e-12, 1.41911642485e-13], [5.7591542646e-11, 3.16257491306e-08, 2.26547015814e-07, 3.12451817308e-07, 2.51546140362e-07, 2.16817568344e-07, 1.69997065314e-07, 8.93589344741e-08, 6.17782376366e-08, 1.23266019614e-07, 1.29480227429e-07, 8.07051492302e-08, 9.38327389122e-08, 1.14142359564e-07, 1.17810671441e-07, 2.17130633473e-07, 1.69508936665e-07, 6.30650902167e-07, 7.85094414368e-07, 2.60775834704e-07, 1.37035684133e-07, 8.10482276847e-08, 6.7237300172e-09, 1.8035408722e-09, 4.2720488258e-10, 9.83614318467e-12, 1.87146820393e-13], [4.34868703547e-11, 2.10687858271e-08, 1.20379908708e-07, 1.60481661737e-07, 1.85130602404e-07, 1.0641841186e-07, 7.43880335108e-08, 4.90672995568e-08, 3.88053074118e-08, 8.31206676821e-08, 8.29875190789e-08, 5.81666057542e-08, 7.78516806577e-08, 6.55323759702e-08, 7.19034645158e-08, 8.41369498517e-08, 8.2522845446e-08, 2.0457048322e-07, 2.60775834704e-07, 1.4622420963e-07, 6.68899673428e-08, 2.32233698938e-08, 2.29912688887e-09, 6.61446175609e-10, 1.64333574526e-10, 4.22946009812e-12, 8.35180110292e-14], [2.68571987566e-11, 1.04630188957e-08, 6.37681907278e-08, 7.96793173663e-08, 8.33478068785e-08, 4.67137297733e-08, 3.5115807151e-08, 2.3534781235e-08, 1.94125515662e-08, 4.24534860599e-08, 4.40069030105e-08, 2.67194586456e-08, 3.22779776241e-08, 3.15185602062e-08, 2.88639814272e-08, 4.07179996387e-08, 3.95834263145e-08, 1.01901065364e-07, 1.37035684133e-07, 6.68899673428e-08, 3.40451258296e-08, 1.22617427323e-08, 1.18909493363e-09, 3.33025940158e-10, 8.58587714814e-11, 2.09835382577e-12, 4.2089605862e-14], [2.72028580217e-12, 2.10590678229e-09, 1.57850230664e-08, 2.55888004119e-08, 1.9610830293e-08, 2.14531095111e-08, 1.71404206384e-08, 8.15133383014e-09, 4.63375116055e-09, 8.74031425013e-09, 9.18387765836e-09, 6.08358252663e-09, 7.33458715985e-09, 9.89873960577e-09, 1.13324531981e-08, 2.14409059396e-08, 1.48832448588e-08, 6.72534881119e-08, 8.10482276847e-08, 2.32233698938e-08, 1.22617427323e-08, 8.86986661897e-09, 6.99102886692e-10, 1.84183113205e-10, 4.24681886879e-11, 9.43756032525e-13, 1.68022605378e-14], [9.81221072276e-13, 3.20877380222e-10, 2.00971683739e-09, 2.64069610623e-09, 2.37126651648e-09, 2.15951168059e-09, 1.69183544951e-09, 7.92550691742e-10, 5.21391430031e-10, 9.78604530744e-10, 1.03150488151e-09, 6.98311464209e-10, 8.24656287701e-10, 9.86986492535e-10, 1.03442832078e-09, 1.87019888465e-09, 1.46765322118e-09, 5.43818945431e-09, 6.7237300172e-09, 2.29912688887e-09, 1.18909493363e-09, 6.99102886692e-10, 6.07439307188e-11, 1.64163214272e-11, 3.81824042869e-12, 9.64984453564e-14, 1.78659958531e-15], [2.06902718699e-13, 8.70711697187e-11, 5.93816606997e-10, 7.65247865075e-10, 7.20491444284e-10, 6.15591966291e-10, 4.7985176943e-10, 2.35843622409e-10, 1.56689911046e-10, 3.00178604196e-10, 2.96912355813e-10, 2.10578873783e-10, 2.53360610269e-10, 2.81659695567e-10, 3.03655683931e-10, 5.24790655376e-10, 4.26639334972e-10, 1.46082146379e-09, 1.8035408722e-09, 6.61446175609e-10, 3.33025940158e-10, 1.84183113205e-10, 1.64163214272e-11, 4.5299020611e-12, 1.03303693724e-12, 2.76409076834e-14, 5.18445520669e-16], [7.67219404327e-14, 2.26952744792e-11, 1.22673426972e-10, 1.64132180069e-10, 1.68071917495e-10, 1.44422293569e-10, 1.05373917925e-10, 5.20100976176e-11, 4.02540986655e-11, 7.85076517684e-11, 9.47129458195e-11, 5.5841876262e-11, 6.3790077387e-11, 7.33332145009e-11, 6.38671129871e-11, 1.07660214077e-10, 8.84904927112e-11, 3.15430681574e-10, 4.2720488258e-10, 1.64333574526e-10, 8.58587714814e-11, 4.24681886879e-11, 3.81824042869e-12, 1.03303693724e-12, 2.6263331245e-13, 6.61275276141e-15, 1.17055704911e-16], [7.06047966013e-16, 4.90467800922e-13, 3.56789749655e-12, 3.83232074547e-12, 4.57999783932e-12, 4.51273870702e-12, 3.13016756612e-12, 1.23842678734e-12, 9.92064178203e-13, 1.61172919629e-12, 2.07609840777e-12, 1.33042481112e-12, 1.38386090781e-12, 1.60859726147e-12, 1.39155679167e-12, 2.44533169755e-12, 2.26371287167e-12, 6.74775166298e-12, 9.83614318467e-12, 4.22946009812e-12, 2.09835382577e-12, 9.43756032525e-13, 9.64984453564e-14, 2.76409076834e-14, 6.61275276141e-15, 2.23048338968e-16, 3.93899602667e-18], [1.2894574462e-17, 1.39146040949e-14, 1.17708495945e-13, 1.25659262184e-13, 1.05935591787e-13, 7.65976908637e-14, 5.83736075969e-14, 2.55998970937e-14, 2.32046014212e-14, 3.94401850588e-14, 3.99932975734e-14, 2.78310479453e-14, 2.91167812788e-14, 3.24854075931e-14, 3.13407408207e-14, 6.27792699011e-14, 6.32069673294e-14, 1.41911642485e-13, 1.87146820393e-13, 8.35180110292e-14, 4.2089605862e-14, 1.68022605378e-14, 1.78659958531e-15, 5.18445520669e-16, 1.17055704911e-16, 3.93899602667e-18, 8.49510030071e-20]]
    },
    "mfcc": {
        "kurt": [1.00053453445, -0.985678195953, -0.041428565979, -0.875996828079, 2.11861515045, 2.29860162735, 1.68056821823, 2.00631523132, 0.827002286911, 0.717319726944, 0.223033189774, 0.29146695137, 0.680324077606],
        "max": [-578.443603516, 134.737731934, 60.7638893127, 98.4162063599, 59.2141456604, 20.4658813477, 26.9787826538, 14.478509903, 11.0888404846, 10.4193820953, 9.69954299927, 8.9379119873, 8.143409729],
        "mean": [-1034.2532959, 36.3778991699, -15.759144783, 21.9076080322, 5.21367692947, -1.79301297665, 2.71658825874, -2.43417716026, -3.84296607971, -3.91024851799, -4.93309020996, -4.20014762878, -4.81287765503],
        "median": [-1138.42004395, 1.14440917969e-05, -6.103515625e-05, 8.01086425781e-05, -6.103515625e-05, 2.28881835938e-05, -2.67028808594e-05, -5.34057617188e-05, -4.57763671875e-05, -2.28881835938e-05, -2.67028808594e-05, -3.0517578125e-05, -3.81469726562e-05],
        "min": [-1138.42004395, -23.182849884, -111.648742676, 8.01086425781e-05, -37.4272193909, -34.7224082947, -30.251001358, -27.9033966064, -23.489616394, -24.5109481812, -27.2049312592, -23.2876968384, -27.3090629578],
        "skew": [1.48955965042, 0.837480247021, -0.86652302742, 0.740435004234, 0.934355199337, -1.21289634705, 0.186794430017, -0.982798278332, -1.30153000355, -1.19848585129, -1.11593985558, -1.05863118172, -1.18634724617],
        "var": [26708.1367188, 2375.17163086, 1118.83886719, 728.383605957, 249.754379272, 89.2699432373, 74.2718887329, 49.8005599976, 47.1911888123, 41.1448440552, 52.3846435547, 36.0882263184, 44.9815483093],
        "cov": [[26888.5976562, 7233.21289062, -4410.47851562, 3572.06298828, -610.039855957, -262.139160156, 98.115196228, -664.003112793, -626.747680664, -608.708435059, -575.765869141, -454.651062012, -545.160949707], [7233.21289062, 2391.2199707, -1230.19189453, 1124.74511719, 48.3728752136, -125.141326904, 98.9613571167, -201.578231812, -202.305435181, -205.04574585, -234.188903809, -177.657501221, -215.614578247], [-4410.47851562, -1230.19189453, 1126.39868164, -564.816589355, 81.7176361084, 157.853668213, -85.5251235962, 126.557617188, 82.5387878418, 78.7188720703, 111.135162354, 61.5219841003, 97.3435440063], [3572.06298828, 1124.74511719, -564.816589355, 733.305114746, 101.896697998, -57.2489318848, 66.9534988403, -91.2768859863, -108.66545105, -123.275413513, -139.660583496, -111.372253418, -127.718185425], [-610.039855957, 48.3728752136, 81.7176361084, 101.896697998, 251.44190979, -13.5580883026, 70.2111358643, 35.1551399231, -4.6214466095, -8.58433055878, -46.9826927185, -41.8543167114, -53.1022338867], [-262.139160156, -125.141326904, 157.853668213, -57.2489318848, -13.5580883026, 89.8731231689, -16.1740531921, 21.4511833191, 16.9700450897, 3.51309943199, 30.8689556122, 7.66413736343, 11.803524971], [98.115196228, 98.9613571167, -85.5251235962, 66.9534988403, 70.2111358643, -16.1740531921, 74.773727417, 13.4306240082, 9.23942184448, 4.4035949707, -26.0445632935, -11.7705001831, -20.9688625336], [-664.003112793, -201.578231812, 126.557617188, -91.2768859863, 35.1551399231, 21.4511833191, 13.4306240082, 50.137046814, 35.5697402954, 29.0850028992, 22.7399024963, 13.2821722031, 12.9875869751], [-626.747680664, -202.305435181, 82.5387878418, -108.66545105, -4.6214466095, 16.9700450897, 9.23942184448, 35.5697402954, 47.5100479126, 31.9787368774, 28.0014152527, 24.7419376373, 21.5244445801], [-608.708435059, -205.04574585, 78.7188720703, -123.275413513, -8.58433055878, 3.51309943199, 4.4035949707, 29.0850028992, 31.9787368774, 41.4228477478, 27.6470146179, 25.0038642883, 26.3634281158], [-575.765869141, -234.188903809, 111.135162354, -139.660583496, -46.9826927185, 30.8689556122, -26.0445632935, 22.7399024963, 28.0014152527, 27.6470146179, 52.7385940552, 33.0093040466, 36.7391242981], [-454.651062012, -177.657501221, 61.5219841003, -111.372253418, -41.8543167114, 7.66413736343, -11.7705001831, 13.2821722031, 24.7419376373, 25.0038642883, 33.0093040466, 36.332069397, 33.0503234863], [-545.160949707, -215.614578247, 97.3435440063, -127.718185425, -53.1022338867, 11.803524971, -20.9688625336, 12.9875869751, 21.5244445801, 26.3634281158, 36.7391242981, 33.0503234863, 45.2854804993]]
    },
    "sccoeffs": {
        "kurt": [-0.971875190735, 0.357722520828, 0.0991387367249, -0.529430389404, -0.408705234528, -0.981234312057],
        "max": [-0.421368688345, -0.665980100632, -0.773729145527, -0.739448368549, -0.718225896358, -0.536802113056],
        "mean": [-0.781229794025, -0.887292206287, -0.909815013409, -0.897265851498, -0.892578661442, -0.834966480732],
        "median": [-0.792030453682, -0.901200532913, -0.912299275398, -0.907607078552, -0.907099306583, -0.878036975861],
        "min": [-0.973250687122, -0.978281795979, -0.984936237335, -0.984131753445, -0.981544435024, -0.977549672127],
        "skew": [0.284345656633, 0.960233569145, 0.728954434395, 0.570748269558, 0.653002858162, 0.552130222321],
        "var": [0.0209636297077, 0.00487864622846, 0.00226989923976, 0.00298722740263, 0.00354165886529, 0.0126511855051],
        "cov": [[0.0211052745581, 0.00829902663827, 0.00595843652263, 0.00706874998286, 0.00770483212546, 0.0142732197419], [0.00829902663827, 0.00491160992533, 0.00271428143606, 0.00315253529698, 0.00321509758942, 0.00619650539011], [0.00595843652263, 0.00271428143606, 0.00228523649275, 0.00240875710733, 0.00247190520167, 0.00447323452681], [0.00706874998286, 0.00315253529698, 0.00240875710733, 0.0030074112583, 0.00294648902491, 0.00553100556135], [0.00770483212546, 0.00321509758942, 0.00247190520167, 0.00294648902491, 0.00356558896601, 0.00608214875683], [0.0142732197419, 0.00619650539011, 0.00447323452681, 0.00553100556135, 0.00608214875683, 0.0127366669476]]
    },
    "scvalleys": {
        "kurt": [-0.948719501495, -0.958865880966, -0.971125125885, -0.99117898941, -0.977740526199, -0.867060899734],
        "max": [-5.209171772, -4.53908443451, -4.62474060059, -5.35127592087, -5.5235543251, -8.4775018692],
        "mean": [-15.0953626633, -14.9364452362, -15.1560173035, -15.0427408218, -14.864780426, -17.3179931641],
        "median": [-12.8858394623, -12.911980629, -12.9502954483, -12.8166294098, -12.7655773163, -14.6527242661],
        "min": [-27.9920711517, -28.0994567871, -27.8002166748, -27.5488357544, -27.4771404266, -27.4077396393],
        "skew": [-0.801597654819, -0.743311345577, -0.724464893341, -0.740984618664, -0.785396337509, -0.81156039238],
        "var": [57.0103149414, 58.861995697, 57.1399154663, 58.3044509888, 59.1037330627, 37.2721748352],
        "cov": [[57.3955192566, 58.0266189575, 57.0339355469, 57.6796951294, 58.1110954285, 45.5933952332], [58.0266189575, 59.2597122192, 58.2333908081, 58.7666816711, 59.1054573059, 46.3241767883], [57.0339355469, 58.2333908081, 57.5259971619, 57.9911766052, 58.2262649536, 45.5591697693], [57.6796951294, 58.7666816711, 57.9911766052, 58.6984024048, 58.977519989, 45.973449707], [58.1110954285, 59.1054573059, 58.2262649536, 58.977519989, 59.5030822754, 46.4640350342], [45.5933952332, 46.3241767883, 45.5591697693, 45.973449707, 46.4640350342, 37.5240135193]]
    }
},
"rhythm": {
    "beats_loudness": {
        "kurt": 1.18801927567,
        "max": 0.00404040049762,
        "mean": 0.000701296899933,
        "median": 6.59684928905e-07,
        "min": 0,
        "skew": 1.78236806393,
        "var": 2.23358460971e-06
    },
    "bpm": 124.847557068,
    "confidence": 0,
    "first_peak_bpm": {
        "kurt": 0,
        "max": 126,
        "mean": 126,
        "median": 126,
        "min": 126,
        "skew": 0,
        "var": 0
    },
    "first_peak_spread": {
        "kurt": 0,
        "max": 0.399999976158,
        "mean": 0.399999976158,
        "median": 0.399999976158,
        "min": 0.399999976158,
        "skew": 0,
        "var": 0
    },
    "first_peak_weight": {
        "kurt": 0,
        "max": 0.600000023842,
        "mean": 0.600000023842,
        "median": 0.600000023842,
        "min": 0.600000023842,
        "skew": 0,
        "var": 0
    },
    "onset_rate": 1.16725337505,
    "second_peak_bpm": {
        "kurt": 0,
        "max": 0,
        "mean": 0,
        "median": 0,
        "min": 0,
        "skew": 0,
        "var": 0
    },
    "second_peak_spread": {
        "kurt": 0,
        "max": 0,
        "mean": 0,
        "median": 0,
        "min": 0,
        "skew": 0,
        "var": 0
    },
    "second_peak_weight": {
        "kurt": 0,
        "max": 0,
        "mean": 0,
        "median": 0,
        "min": 0,
        "skew": 0,
        "var": 0
    },
    "beats_loudness_band_ratio": {
        "kurt": [-1.18468952179, 0.707746744156, -0.763292312622, -1.37084782124, -1.21087253094, -1.16416966915],
        "max": [0.292070329189, 0.246879652143, 0.168281421065, 0.135042354465, 0.612217903137, 0.460586875677],
        "mean": [0.1262306422, 0.0691266432405, 0.0486497692764, 0.0650753900409, 0.31536218524, 0.224580332637],
        "median": [0.110020123422, 0.0330168530345, 0.00877329148352, 0.0739486068487, 0.335458397865, 0.166967883706],
        "min": [0, 0, 0, 0, 0, 0],
        "skew": [0.367149114609, 1.52224743366, 0.9656239748, -0.132150530815, -0.10400352627, 0.265412092209],
        "var": [0.0103901205584, 0.00679667154327, 0.00411925418302, 0.00242507341318, 0.0418989397585, 0.0243259873241],
        "cov": [[0.0124681442976, 0.0039656017907, 0.0032533952035, 0.00288447272032, 0.00561378989369, -0.00203697313555], [0.0039656017907, 0.00815600622445, 0.00511135254055, 0.000641924503725, -0.00394944194704, 0.00110175309237], [0.0032533952035, 0.00511135254055, 0.00494310539216, 0.00202720495872, -0.00614949222654, 0.00153748574667], [0.00288447272032, 0.000641924503725, 0.00202720495872, 0.00291008804925, 0.00319998851046, 0.00179555546492], [0.00561378989369, -0.00394944194704, -0.00614949222654, 0.00319998851046, 0.0502787306905, 0.0136125339195], [-0.00203697313555, 0.00110175309237, 0.00153748574667, 0.00179555546492, 0.0136125339195, 0.0291911847889]]
    },
    "beats_position": [0.452789098024, 0.9287981987, 1.4164172411, 1.89242625237, 2.38004541397, 2.85605430603],
    "bpm_estimates": [126.04801178, 123.046875, 126.048034668, 123.046844482, 126.048065186],
    "bpm_intervals": [0.476009100676, 0.487619042397, 0.476009011269, 0.487619161606, 0.476008892059],
    "onset_times": [0.18575963378, 0.325079351664, 0.777868509293, 0.893968224525],
    "histogram": [[0, 0, 0, 0, 0, 0, 0, 0, 0, 0, 0, 0, 0, 0, 0, 0, 0, 0, 0, 0, 0, 0, 0, 0, 0, 0, 0, 0, 0, 0, 0, 0, 0, 0, 0, 0, 0, 0, 0, 0, 0, 0, 0, 0, 0, 0, 0, 0, 0, 0, 0, 0, 0, 0, 0, 0, 0, 0, 0, 0, 0, 0, 0, 0, 0, 0, 0, 0, 0, 0, 0, 0, 0, 0, 0, 0, 0, 0, 0, 0, 0, 0, 0, 0, 0, 0, 0, 0, 0, 0, 0, 0, 0, 0, 0, 0, 0, 0, 0, 0, 0, 0, 0, 0, 0, 0, 0, 0, 0, 0, 0, 0, 0, 0, 0, 0, 0, 0, 0, 0, 0, 0, 0, 0.40000000596, 0, 0, 0.600000023842, 0, 0, 0, 0, 0, 0, 0, 0, 0, 0, 0, 0, 0, 0, 0, 0, 0, 0, 0, 0, 0, 0, 0, 0, 0, 0, 0, 0, 0, 0, 0, 0, 0, 0, 0, 0, 0, 0, 0, 0, 0, 0, 0, 0, 0, 0, 0, 0, 0, 0, 0, 0, 0, 0, 0, 0, 0, 0, 0, 0, 0, 0, 0, 0, 0, 0, 0, 0, 0, 0, 0, 0, 0, 0, 0, 0, 0, 0, 0, 0, 0, 0, 0, 0, 0, 0, 0, 0, 0, 0, 0, 0, 0, 0, 0, 0, 0, 0, 0, 0, 0, 0, 0, 0, 0, 0, 0, 0, 0, 0, 0, 0, 0, 0, 0, 0, 0, 0, 0, 0, 0, 0, 0]]
},
"sfx": {
    "inharmonicity": {
        "kurt": 0.508748531342,
        "max": 0.341569185257,
        "mean": 0.0597107261419,
        "median": 0,
        "min": 0,
        "skew": 1.36333942413,
        "var": 0.00844257045537
    },
    "oddtoevenharmonicenergyratio": {
        "kurt": 4.65022230148,
        "max": 2.78360462189,
        "mean": 0.329108029604,
        "median": 0,
        "min": 0,
        "skew": 2.02347016335,
        "var": 0.28104442358
    },
    "pitch_after_max_to_before_max_energy_ratio": 0.0496973954141,
    "pitch_centroid": 63.9030532837,
    "pitch_max_to_total": 0.946308732033,
    "pitch_min_to_total": 0.161073818803,
    "tristimulus": {
        "kurt": [-1.68313014507, 2.90254211426, -1.30767047405],
        "max": [1, 0.705895841122, 0.876367807388],
        "mean": [0.637336671352, 0.101161308587, 0.261501997709],
        "median": [1, 0, 0],
        "min": [0, 0, 0],
        "skew": [-0.405972898006, 1.78511488438, 0.646957874298],
        "var": [0.171969592571, 0.022565709427, 0.104654200375],
        "cov": [[0.173131540418, -0.0452441722155, -0.127887323499], [-0.0452441722155, 0.022718179971, 0.0225259680301], [-0.127887323499, 0.0225259680301, 0.105361327529]]
    }
},
"tonal": {
    "chords_changes_rate": 0.30666667223,
    "chords_number_rate": 0.119999997318,
    "chords_strength": {
        "kurt": 1.39976644516,
        "max": 0.559858620167,
        "mean": 0.352985441685,
        "median": 0.352302521467,
        "min": 0.261843532324,
        "skew": 0.967440009117,
        "var": 0.00359700270928
    },
    "key_strength": 0.476203113794,
    "tuning_diatonic_strength": 0.307943016291,
    "tuning_equal_tempered_deviation": 0.265578627586,
    "tuning_frequency": 451.84777832,
    "tuning_nontempered_energy_ratio": 0.90486907959,
    "hpcp": {
        "kurt": [4.77410554886, 1.74679374695, 1.15164899826, 1.17674589157, 0.49339389801, 3.4913725853, 1.81014728546, 3.79568529129, 1.38733482361, 1.40851831436, 2.74042320251, 3.50578927994, 5.58686065674, 1.90322208405, 3.26454687119, 2.25722980499, 2.91022968292, 0.0394537448883, 5.47591686249, 1.65090036392, 3.41685771942, 4.26217746735, 1.63434886932, 1.12291812897, 1.50673675537, 1.99554204941, 2.79693078995, 2.59562683105, 2.41815948486, 1.84953546524, 0.627882003784, 2.1814084053, 0.811398029327, 0.949206590652, 0.526916265488, 0.65891957283],
        "max": [1, 0.775376319885, 1, 1, 0.657965123653, 1, 0.846084177494, 1, 1, 1, 1, 1, 1, 0.797649979591, 1, 1, 0.913777172565, 0.674116790295, 1, 0.758253455162, 0.892732918262, 1, 1, 1, 1, 1, 1, 1, 1, 1, 1, 1, 0.915697276592, 1, 1, 1],
        "mean": [0.141234695911, 0.131992891431, 0.188661515713, 0.177782431245, 0.139914497733, 0.150883555412, 0.134224206209, 0.141815856099, 0.188857644796, 0.18508438766, 0.149826794863, 0.153527036309, 0.136311933398, 0.122019015253, 0.154809176922, 0.167533934116, 0.151160627604, 0.136973544955, 0.127880513668, 0.12420796603, 0.124096207321, 0.13779258728, 0.180474668741, 0.199635222554, 0.185994878411, 0.1649813205, 0.150865510106, 0.158072352409, 0.159904316068, 0.166556552052, 0.187008231878, 0.166685923934, 0.168955743313, 0.209342971444, 0.221875071526, 0.197168752551],
        "median": [0.0376813970506, 0.0477009378374, 0.00407313695177, 0.00458486564457, 0.00533646019176, 0, 0.00396773731336, 0.00618843734264, 0.00308317923918, 0.00260839634575, 0.0284828599542, 0.00416907621548, 0.0185601841658, 0.0212658345699, 0.00429430417717, 0.0149496728554, 0.0158933643252, 0.00335378455929, 0.00250404444523, 0.000212719009141, 0.00215248554014, 0.0029471241869, 0.00214905547909, 0.00239074532874, 0.0096605848521, 0.0211202464998, 0.00856587290764, 0.0010684968438, 0.00187374360394, 0.00581794744357, 0.0142877474427, 0.00681299343705, 0.021656287834, 0.0332602858543, 0.0564409643412, 0.0374221839011],
        "min": [0, 0, 0, 0, 0, 0, 0, 0, 0, 0, 0, 0, 0, 0, 0, 0, 0, 0, 0, 0, 0, 0, 0, 0, 0, 0, 0, 0, 0, 0, 0, 0, 0, 0, 0, 0],
