{
"metadata": {
    "version": {
        "essentia": "2.1-beta3"
    }
},
"lowLevel": {
    "average_loudness": 0.317537844181,
    "barkbands_kurtosis": {
        "kurt": 6.81556415558,
        "max": 303.33770752,
        "mean": 23.5525474548,
        "median": 1.08020615578,
        "min": -1.92822062969,
        "skew": 2.61296319962,
        "var": 2477.92041016
    },
    "barkbands_skewness": {
        "kurt": 1.30936861038,
        "max": 11.9407262802,
        "mean": 1.40660393238,
        "median": 0.656195163727,
        "min": -3.76514625549,
        "skew": 1.18599379063,
        "var": 7.44781541824
    },
    "barkbands_spread": {
        "kurt": -0.642927885056,
        "max": 74.395980835,
        "mean": 19.7910995483,
        "median": 21.4021224976,
        "min": 0.151424452662,
        "skew": 0.36318308115,
        "var": 274.191101074
    },
    "dissonance": {
        "kurt": 1.28044319153,
        "max": 0.499997198582,
        "mean": 0.435213923454,
        "median": 0.481698572636,
        "min": 0.0060316841118,
        "skew": -1.45079958439,
        "var": 0.00707627739757
    },
    "hfc": {
        "kurt": 11.4739465714,
        "max": 85.1364593506,
        "mean": 4.88198757172,
        "median": 0.0155285941437,
        "min": 1.13987778046e-16,
        "skew": 3.29097676277,
        "var": 170.055053711
    },
    "pitch": {
        "kurt": -0.044887304306,
        "max": 4656.20166016,
        "mean": 965.429626465,
        "median": 170.39831543,
        "min": 43.0707435608,
        "skew": 1.29655218124,
        "var": 1768059
    },
    "pitch_instantaneous_confidence": {
        "kurt": -1.25750160217,
        "max": 0.837388694286,
        "mean": 0.402387052774,
        "median": 0.345570057631,
        "min": 0.0984498262405,
        "skew": 0.401460886002,
        "var": 0.0390737317502
    },
    "pitch_salience": {
        "kurt": -1.40158069134,
        "max": 0.966167509556,
        "mean": 0.523648738861,
        "median": 0.621696770191,
        "min": 0.0654155090451,
        "skew": -0.416263282299,
        "var": 0.0739999487996
    },
    "silence_rate_20dB": {
        "kurt": 0,
        "max": 1,
        "mean": 1,
        "median": 1,
        "min": 1,
        "skew": 0,
        "var": 0
    },
    "silence_rate_30dB": {
        "kurt": 0,
        "max": 1,
        "mean": 1,
        "median": 1,
        "min": 1,
        "skew": 0,
        "var": 0
    },
    "silence_rate_60dB": {
        "kurt": 1.34913015366,
        "max": 1,
        "mean": 0.837535023689,
        "median": 1,
        "min": 0,
        "skew": -1.83005833626,
        "var": 0.136070981622
    },
    "spectral_centroid": {
        "kurt": 19.4229049683,
        "max": 11626.7958984,
        "mean": 1282.55395508,
        "median": 862.474243164,
        "min": 98.6223983765,
        "skew": 3.71533632278,
        "var": 2610853.75
    },
    "spectral_complexity": {
        "kurt": 3.21884918213,
        "max": 60,
        "mean": 6.57422971725,
        "median": 0,
        "min": 0,
        "skew": 2.18482518196,
        "var": 240.834487915
    },
    "spectral_crest": {
        "kurt": -1.29995167255,
        "max": 24.8703365326,
        "mean": 11.4274730682,
        "median": 9.37166404724,
        "min": 2.50117945671,
        "skew": 0.439427256584,
        "var": 45.5181732178
    },
    "spectral_decrease": {
        "kurt": 21.189743042,
        "max": 1.71641115537e-28,
        "mean": -5.21873433357e-10,
        "median": -3.9752003772e-12,
        "min": -1.21407675024e-08,
        "skew": -4.10074138641,
        "var": 2.09925183897e-18
    },
    "spectral_energy": {
        "kurt": 19.0306491852,
        "max": 0.0535442791879,
        "mean": 0.00241248006932,
        "median": 1.6839872842e-05,
        "min": 1.03475076284e-20,
        "skew": 3.91798329353,
        "var": 4.37701382907e-05
    },
    "spectral_energyband_high": {
        "kurt": 17.0745010376,
        "max": 0.00530245201662,
        "mean": 0.000255159335211,
        "median": 2.75291029084e-07,
        "min": 7.52423599238e-21,
        "skew": 3.87612366676,
        "var": 5.31101989054e-07
    },
    "spectral_energyband_low": {
        "kurt": 117.928520203,
        "max": 0.00913179200143,
        "mean": 0.000138598974445,
        "median": 4.01750912715e-06,
        "min": 2.6918095565e-23,
        "skew": 9.57512283325,
        "var": 3.38783991083e-07
    },
    "spectral_energyband_middle_high": {
        "kurt": 10.2507724762,
        "max": 0.0209768358618,
        "mean": 0.00131630222313,
        "median": 3.25234191223e-06,
        "min": 1.27379311595e-21,
        "skew": 3.16746616364,
        "var": 1.21356679301e-05
    },
    "spectral_energyband_middle_low": {
        "kurt": 33.925151825,
        "max": 0.0237225275487,
        "mean": 0.000779475492891,
        "median": 1.33615003506e-06,
        "min": 1.95951584731e-22,
        "skew": 5.23164510727,
        "var": 6.29689156995e-06
    },
    "spectral_flatness_db": {
        "kurt": -1.1799646616,
        "max": 0.582923829556,
        "mean": 0.260712772608,
        "median": 0.169061273336,
        "min": 0.06491561234,
        "skew": 0.723137140274,
        "var": 0.0256418399513
    },
    "spectral_flux": {
        "kurt": 4.85601758957,
        "max": 0.179193899035,
        "mean": 0.0163948554546,
        "median": 0.00282803550363,
        "min": 6.48094355959e-11,
        "skew": 2.28933167458,
        "var": 0.000936588738114
    },
    "spectral_kurtosis": {
        "kurt": 4.66283941269,
        "max": 183.522872925,
        "mean": 22.0171661377,
        "median": 8.77175140381,
        "min": -1.2600082159,
        "skew": 2.04531931877,
        "var": 813.862731934
    },
    "spectral_rms": {
        "kurt": 4.40019750595,
        "max": 0.00722760800272,
        "mean": 0.000715305155609,
        "median": 0.000128175073769,
        "min": 3.17728330625e-12,
        "skew": 2.26148200035,
        "var": 1.84197813269e-06
    },
    "spectral_rolloff": {
        "kurt": 20.9127941132,
        "max": 19143.0175781,
        "mean": 2222.30151367,
        "median": 2056.42089844,
        "min": 107.666015625,
        "skew": 3.79088902473,
        "var": 7374161.5
    },
    "spectral_skewness": {
        "kurt": 0.0598223209381,
        "max": 12.1773281097,
        "mean": 3.18563294411,
        "median": 2.03943181038,
        "min": -0.0699127987027,
        "skew": 1.07676815987,
        "var": 6.57035017014
    },
    "spectral_spread": {
        "kurt": 48.2406196594,
        "max": 42920292,
        "mean": 4072928.5,
        "median": 3458423,
        "min": 743018,
        "skew": 6.8785276413,
        "var": 2.41158638797e+13
    },
    "spectral_strongpeak": {
        "kurt": 26.5220565796,
        "max": 3.00447559357,
        "mean": 0.130914986134,
        "median": 0.00872208271176,
        "min": 0,
        "skew": 4.85935258865,
        "var": 0.14443744719
    },
    "zerocrossingrate": {
        "kurt": 19.7869644165,
        "max": 0.5205078125,
        "mean": 0.0635818764567,
        "median": 0.0576171875,
        "min": 0.00439453125,
        "skew": 3.69302082062,
        "var": 0.00519048934802
    },
    "barkbands": {
        "kurt": [119.641052246, 111.207313538, 133.370605469, 99.1068344116, 57.3814964294, 21.8149375916, 55.369758606, 42.4510421753, 69.208480835, 48.4784851074, 48.4427375793, 30.5240478516, 25.0508098602, 28.174451828, 14.0413513184, 16.2315864563, 10.4896268845, 13.401725769, 14.6698589325, 15.5601272583, 18.0904159546, 26.7136421204, 23.8163776398, 32.1511573792, 39.7491455078, 76.6183319092, 76.2740631104],
        "max": [1.62761152751e-05, 0.00129878334701, 0.00417669629678, 0.00743714906275, 0.00770440464839, 0.00475920084864, 0.00573962274939, 0.00296079693362, 0.00370240001939, 0.00203373911791, 0.00146969419438, 0.00138450367376, 0.00124210107606, 0.00161125930026, 0.00200332188979, 0.00309746013954, 0.00330716208555, 0.00565933436155, 0.00561948074028, 0.00437534693629, 0.00266881030984, 0.000920339836739, 0.000142147575389, 6.61688536638e-05, 3.12526535708e-05, 1.90090042906e-06, 1.63690501154e-08],
        "mean": [1.70908379005e-07, 1.57840986503e-05, 6.44219908281e-05, 0.000110180779302, 0.000187017794815, 0.000180404284038, 0.000133249312057, 7.81820490374e-05, 7.10242165951e-05, 5.3022573411e-05, 3.56692362402e-05, 4.27946106356e-05, 4.80185262859e-05, 5.67828428757e-05, 9.7207899671e-05, 0.000129926396767, 0.000196983848582, 0.000258541695075, 0.00029440439539, 0.000203222138225, 0.000114525661047, 3.29135837092e-05, 5.10129348186e-06, 2.10311509363e-06, 7.9990792301e-07, 2.90276922499e-08, 3.46975975729e-10],
        "median": [3.9221187409e-10, 7.04260514794e-07, 2.80532663055e-06, 2.86027955099e-07, 1.94058230818e-07, 2.86058508436e-07, 1.57327775696e-07, 9.69962314912e-08, 1.53416152671e-07, 3.39607240107e-08, 1.65095208615e-08, 6.38750279336e-08, 1.05404765804e-07, 6.17879720721e-08, 3.28422970597e-07, 2.4315841074e-07, 2.11371343539e-07, 2.23012932565e-07, 3.7622930904e-07, 2.41838307602e-07, 1.08112352848e-07, 1.99759995212e-08, 2.70819366932e-09, 8.04656230535e-10, 2.63351229712e-10, 2.86639080527e-11, 4.3039141695e-11],
        "min": [2.49679249111e-24, 7.35159199098e-24, 2.20991000951e-24, 4.4761738755e-24, 2.16401159713e-23, 1.11833520983e-23, 1.43583713026e-23, 2.42427116703e-23, 2.66447584168e-23, 2.69813369661e-23, 2.29325067923e-23, 2.35104294469e-23, 2.49897345485e-23, 6.49817607353e-23, 8.70961067506e-23, 9.59991467508e-23, 1.15650277745e-22, 1.04399474095e-22, 1.5480485235e-22, 1.87839178995e-22, 2.67370229572e-22, 4.33881070936e-22, 5.43154234989e-22, 6.73150484721e-22, 1.1268422385e-21, 1.33138344564e-21, 2.13394382294e-21],
        "skew": [10.3759756088, 9.83658123016, 9.99219322205, 9.02954387665, 6.65085506439, 4.36705684662, 6.59406614304, 6.00046062469, 7.44741868973, 6.33089351654, 6.21511888504, 4.86060571671, 4.62176609039, 4.85066509247, 3.49517273903, 3.76695942879, 3.2017223835, 3.4196023941, 3.71841406822, 3.67532253265, 3.96968173981, 4.74079751968, 4.50115823746, 5.31689786911, 5.94624519348, 7.86860179901, 7.75674533844],
        "var": [1.43121387138e-12, 7.37995842215e-09, 6.69539303999e-08, 2.70378393452e-07, 4.62185170136e-07, 3.24124187046e-07, 2.41855246941e-07, 8.69345697652e-08, 8.25664017157e-08, 4.03192181864e-08, 1.68555889246e-08, 1.76525674078e-08, 2.27639134209e-08, 3.33311653833e-08, 7.04067346646e-08, 1.36179835408e-07, 2.70442626515e-07, 4.8894031579e-07, 7.22752531601e-07, 3.16373160558e-07, 1.10219261273e-07, 1.08643902763e-08, 2.49895715232e-10, 5.58255663918e-11, 9.64864559777e-12, 1.82920322498e-14, 1.49570271034e-18],
        "cov": [[1.43322116328e-12, 7.97390833918e-11, 1.66726216166e-10, 3.37923161675e-10, 5.82236758806e-10, 3.00142743992e-10, 3.15932752182e-10, 1.55778459576e-10, 1.60938665172e-10, 1.36674074835e-10, 9.413862051e-11, 1.10931992758e-10, 9.96196736214e-11, 1.28303853653e-10, 1.63895993999e-10, 2.39366249044e-10, 2.86502294111e-10, 4.06431110989e-10, 5.59183310767e-10, 3.46731782175e-10, 2.34640473717e-10, 7.32069474485e-11, 1.37664827454e-11, 6.4959257591e-12, 2.73878099019e-12, 1.29616478141e-13, 9.96388996294e-16], [7.97390833918e-11, 7.39030925345e-09, 1.50759671413e-08, 2.57489549682e-08, 4.51673649593e-08, 2.5622034272e-08, 2.83830008385e-08, 1.52526773434e-08, 1.50767860418e-08, 1.15492992947e-08, 5.64428415117e-09, 7.54892859334e-09, 8.51427550685e-09, 9.59272483669e-09, 1.32916220252e-08, 1.40305402851e-08, 2.20428599818e-08, 2.9970362192e-08, 4.06472899783e-08, 2.75322769028e-08, 1.65151394782e-08, 5.48727419059e-09, 8.71129612889e-10, 4.35267877297e-10, 1.82514808822e-10, 7.01581891541e-12, 6.29406804995e-14], [1.66726216166e-10, 1.50759671413e-08, 6.70478286224e-08, 1.03469666612e-07, 1.37760636676e-07, 9.11332165288e-08, 8.52679207242e-08, 4.3679992956e-08, 4.98841608021e-08, 3.59762779567e-08, 2.156552803e-08, 2.18163620502e-08, 2.32247057141e-08, 2.74998601668e-08, 4.5961712658e-08, 4.89852212127e-08, 7.45846975292e-08, 1.08037070845e-07, 1.43313130252e-07, 8.63276667928e-08, 5.45853069411e-08, 1.8990045092e-08, 2.61967070259e-09, 1.29530797199e-09, 5.84831183481e-10, 2.2111543499e-11, 1.93313152486e-13], [3.37923161675e-10, 2.57489549682e-08, 1.03469666612e-07, 2.70757595899e-07, 2.80826867538e-07, 1.77227022391e-07, 1.19971943491e-07, 9.67513642536e-08, 8.74937953199e-08, 7.18475519079e-08, 4.73217305341e-08, 4.34110383196e-08, 4.52857022992e-08, 6.11644281889e-08, 8.24500574481e-08, 1.02446286121e-07, 1.42059477071e-07, 2.27923422358e-07, 2.81043639916e-07, 1.70876930383e-07, 1.08091199991e-07, 3.63794008251e-08, 5.59240298514e-09, 2.89176194102e-09, 1.24740728857e-09, 5.19950610345e-11, 4.71234217012e-13], [5.82236758806e-10, 4.51673649593e-08, 1.37760636676e-07, 2.80826867538e-07, 4.62833412485e-07, 2.7542014891e-07, 2.45003633381e-07, 1.39688992817e-07, 1.35861213835e-07, 1.03568247312e-07, 6.74370141951e-08, 7.4593323518e-08, 7.81368996172e-08, 9.54356877969e-08, 1.39682683198e-07, 1.62056906561e-07, 2.38957625243e-07, 3.38243523856e-07, 4.32656349858e-07, 2.75835901675e-07, 1.7282316378e-07, 5.39120144083e-08, 8.5819271689e-09, 4.15926315611e-09, 1.70131764232e-09, 7.14145201308e-11, 6.23182820451e-13], [3.00142743992e-10, 2.5622034272e-08, 9.11332165288e-08, 1.77227022391e-07, 2.7542014891e-07, 3.24578763866e-07, 2.09954563957e-07, 1.06221172302e-07, 1.0456913202e-07, 7.95185712832e-08, 4.55476438788e-08, 5.24477599129e-08, 5.74598715275e-08, 6.59087717736e-08, 1.13117486933e-07, 1.32941124775e-07, 1.9031482168e-07, 2.76461776139e-07, 3.21301030226e-07, 2.10248501276e-07, 1.22942424241e-07, 4.0424083636e-08, 6.17444806394e-09, 2.88518187119e-09, 1.17791687515e-09, 4.59171936584e-11, 3.88761830887e-13], [3.15932752182e-10, 2.83830008385e-08, 8.52679207242e-08, 1.19971943491e-07, 2.45003633381e-07, 2.09954563957e-07, 2.42194460043e-07, 9.98343736569e-08, 1.06975754477e-07, 7.70265629058e-08, 3.99358022207e-08, 4.34700950791e-08, 5.23321723733e-08, 5.54846018019e-08, 9.9258386399e-08, 1.08456376324e-07, 1.54554854248e-07, 2.16678529341e-07, 2.85481235096e-07, 1.77981107186e-07, 1.02379317468e-07, 3.32052358942e-08, 4.93461627116e-09, 2.31476371404e-09, 9.93606086297e-10, 3.32971775152e-11, 3.08043900717e-13], [1.55778459576e-10, 1.52526773434e-08, 4.3679992956e-08, 9.67513642536e-08, 1.39688992817e-07, 1.06221172302e-07, 9.98343736569e-08, 8.70564988986e-08, 6.94749431318e-08, 4.68227518979e-08, 2.10749551144e-08, 2.46501308254e-08, 3.21214308485e-08, 3.26965832187e-08, 5.44770699662e-08, 6.2990558547e-08, 8.57029505141e-08, 1.30102606022e-07, 1.6231309985e-07, 1.05102373027e-07, 5.94212856697e-08, 1.83578183766e-08, 2.71864109003e-09, 1.31822508465e-09, 5.49976841846e-10, 1.83424993944e-11, 1.94617041124e-13], [1.60938665172e-10, 1.50767860418e-08, 4.98841608021e-08, 8.74937953199e-08, 1.35861213835e-07, 1.0456913202e-07, 1.06975754477e-07, 6.94749431318e-08, 8.26821988653e-08, 4.92668306151e-08, 2.29410890284e-08, 2.36513777452e-08, 3.15450456867e-08, 3.14662713663e-08, 5.5780137842e-08, 6.30155554404e-08, 8.38386569058e-08, 1.25343632362e-07, 1.59903564168e-07, 1.02171611616e-07, 5.94687215028e-08, 2.00002503448e-08, 2.80423462229e-09, 1.31757660338e-09, 6.04084338107e-10, 2.0453536434e-11, 1.96648131264e-13], [1.36674074835e-10, 1.15492992947e-08, 3.59762779567e-08, 7.18475519079e-08, 1.03568247312e-07, 7.95185712832e-08, 7.70265629058e-08, 4.68227518979e-08, 4.92668306151e-08, 4.037576673e-08, 1.86540756175e-08, 1.8961506143e-08, 2.39736834828e-08, 2.56204000237e-08, 4.02485014206e-08, 4.97592758109e-08, 6.61168328975e-08, 9.53089553946e-08, 1.23143976793e-07, 7.87374716538e-08, 4.72128434126e-08, 1.53699240002e-08, 2.19913576238e-09, 1.05606601242e-09, 4.67685667971e-10, 1.64923352752e-11, 1.48294259359e-13], [9.413862051e-11, 5.64428415117e-09, 2.156552803e-08, 4.73217305341e-08, 6.74370141951e-08, 4.55476438788e-08, 3.99358022207e-08, 2.10749551144e-08, 2.29410890284e-08, 1.86540756175e-08, 1.68792286814e-08, 1.31602213571e-08, 1.33400446245e-08, 1.72829768275e-08, 2.70802118507e-08, 3.38492398555e-08, 4.25917754399e-08, 6.98238622476e-08, 8.40904448296e-08, 5.12754603221e-08, 2.97610132094e-08, 1.00008312742e-08, 1.65706892652e-09, 7.50608242228e-10, 3.23826188087e-10, 1.44389110043e-11, 1.2268055224e-13], [1.10931992758e-10, 7.54892859334e-09, 2.18163620502e-08, 4.34110383196e-08, 7.4593323518e-08, 5.24477599129e-08, 4.34700950791e-08, 2.46501308254e-08, 2.36513777452e-08, 1.8961506143e-08, 1.31602213571e-08, 1.76773262694e-08, 1.61505333551e-08, 1.90863307381e-08, 2.81012457748e-08, 3.80457088056e-08, 5.0239034266e-08, 7.33599989644e-08, 8.84311504024e-08, 5.86821222726e-08, 3.41942651971e-08, 1.0404632711e-08, 1.76356773629e-09, 7.86237686068e-10, 3.04119479599e-10, 1.37300483483e-11, 1.14899694034e-13], [9.96196736214e-11, 8.51427550685e-09, 2.32247057141e-08, 4.52857022992e-08, 7.81368996172e-08, 5.74598715275e-08, 5.23321723733e-08, 3.21214308485e-08, 3.15450456867e-08, 2.39736834828e-08, 1.33400446245e-08, 1.61505333551e-08, 2.27958398824e-08, 2.14474695781e-08, 3.38528884924e-08, 4.25226716061e-08, 5.90738622464e-08, 8.10679097185e-08, 1.05088638236e-07, 6.88941099725e-08, 4.15590726277e-08, 1.2341160982e-08, 1.89424631536e-09, 8.48830505884e-10, 3.37041561327e-10, 1.23411593445e-11, 1.12752648472e-13], [1.28303853653e-10, 9.59272483669e-09, 2.74998601668e-08, 6.11644281889e-08, 9.54356877969e-08, 6.59087717736e-08, 5.54846018019e-08, 3.26965832187e-08, 3.14662713663e-08, 2.56204000237e-08, 1.72829768275e-08, 1.90863307381e-08, 2.14474695781e-08, 3.33779155426e-08, 4.04420568145e-08, 5.38159987684e-08, 7.33694491828e-08, 9.962734282e-08, 1.33530235757e-07, 8.47796641779e-08, 4.83849902366e-08, 1.51408006133e-08, 2.40944286745e-09, 1.06931874466e-09, 4.21872758949e-10, 1.68221651886e-11, 1.39341947811e-13], [1.63895993999e-10, 1.32916220252e-08, 4.5961712658e-08, 8.24500574481e-08, 1.39682683198e-07, 1.13117486933e-07, 9.9258386399e-08, 5.44770699662e-08, 5.5780137842e-08, 4.02485014206e-08, 2.70802118507e-08, 2.81012457748e-08, 3.38528884924e-08, 4.04420568145e-08, 7.05054787886e-08, 8.29644903888e-08, 1.15617382335e-07, 1.59894227636e-07, 2.03259546083e-07, 1.29147977646e-07, 7.50754409751e-08, 2.37695534366e-08, 3.58316198934e-09, 1.59605950678e-09, 6.4536564981e-10, 2.41132218359e-11, 2.21030469318e-13], [2.39366249044e-10, 1.40305402851e-08, 4.89852212127e-08, 1.02446286121e-07, 1.62056906561e-07, 1.32941124775e-07, 1.08456376324e-07, 6.2990558547e-08, 6.30155554404e-08, 4.97592758109e-08, 3.38492398555e-08, 3.80457088056e-08, 4.25226716061e-08, 5.38159987684e-08, 8.29644903888e-08, 1.36370829296e-07, 1.63268850883e-07, 2.24724047371e-07, 2.77486378764e-07, 1.77766750653e-07, 1.01193386115e-07, 3.17178638909e-08, 4.9147153014e-09, 2.10479300655e-09, 8.52297121767e-10, 3.30743210597e-11, 2.94505224244e-13], [2.86502294111e-10, 2.20428599818e-08, 7.45846975292e-08, 1.42059477071e-07, 2.38957625243e-07, 1.9031482168e-07, 1.54554854248e-07, 8.57029505141e-08, 8.38386569058e-08, 6.61168328975e-08, 4.25917754399e-08, 5.0239034266e-08, 5.90738622464e-08, 7.33694491828e-08, 1.15617382335e-07, 1.63268850883e-07, 2.70821914228e-07, 3.06468706412e-07, 3.88632344084e-07, 2.65727010174e-07, 1.55778195676e-07, 4.71938363944e-08, 6.83833700776e-09, 2.9817088798e-09, 1.171399866e-09, 4.31020115432e-11, 4.00683853501e-13], [4.06431110989e-10, 2.9970362192e-08, 1.08037070845e-07, 2.27923422358e-07, 3.38243523856e-07, 2.76461776139e-07, 2.16678529341e-07, 1.30102606022e-07, 1.25343632362e-07, 9.53089553946e-08, 6.98238622476e-08, 7.33599989644e-08, 8.10679097185e-08, 9.962734282e-08, 1.59894227636e-07, 2.24724047371e-07, 3.06468706412e-07, 4.89626074796e-07, 5.42170482731e-07, 3.44888235304e-07, 1.976033559e-07, 6.11992660993e-08, 9.40468947164e-09, 4.23811297168e-09, 1.67656855066e-09, 6.66627586465e-11, 6.1863085184e-13], [5.59183310767e-10, 4.06472899783e-08, 1.43313130252e-07, 2.81043639916e-07, 4.32656349858e-07, 3.21301030226e-07, 2.85481235096e-07, 1.6231309985e-07, 1.59903564168e-07, 1.23143976793e-07, 8.40904448296e-08, 8.84311504024e-08, 1.05088638236e-07, 1.33530235757e-07, 2.03259546083e-07, 2.77486378764e-07, 3.88632344084e-07, 5.42170482731e-07, 7.2376622029e-07, 4.31884643604e-07, 2.50795892498e-07, 7.85069786957e-08, 1.17026868196e-08, 5.22238385869e-09, 2.10363770847e-09, 8.0709043615e-11, 7.24640291348e-13], [3.46731782175e-10, 2.75322769028e-08, 8.63276667928e-08, 1.70876930383e-07, 2.75835901675e-07, 2.10248501276e-07, 1.77981107186e-07, 1.05102373027e-07, 1.02171611616e-07, 7.87374716538e-08, 5.12754603221e-08, 5.86821222726e-08, 6.88941099725e-08, 8.47796641779e-08, 1.29147977646e-07, 1.77766750653e-07, 2.65727010174e-07, 3.44888235304e-07, 4.31884643604e-07, 3.16816880286e-07, 1.7013550746e-07, 5.32362243177e-08, 7.74873321063e-09, 3.45855011297e-09, 1.37294364766e-09, 5.03754503389e-11, 4.59546354963e-13], [2.34640473717e-10, 1.65151394782e-08, 5.45853069411e-08, 1.08091199991e-07, 1.7282316378e-07, 1.22942424241e-07, 1.02379317468e-07, 5.94212856697e-08, 5.94687215028e-08, 4.72128434126e-08, 2.97610132094e-08, 3.41942651971e-08, 4.15590726277e-08, 4.83849902366e-08, 7.50754409751e-08, 1.01193386115e-07, 1.55778195676e-07, 1.976033559e-07, 2.50795892498e-07, 1.7013550746e-07, 1.10373846951e-07, 3.13558885523e-08, 4.72388217432e-09, 2.16216067273e-09, 8.53262460687e-10, 3.34901377463e-11, 2.91350494078e-13], [7.32069474485e-11, 5.48727419059e-09, 1.8990045092e-08, 3.63794008251e-08, 5.39120144083e-08, 4.0424083636e-08, 3.32052358942e-08, 1.83578183766e-08, 2.00002503448e-08, 1.53699240002e-08, 1.00008312742e-08, 1.0404632711e-08, 1.2341160982e-08, 1.51408006133e-08, 2.37695534366e-08, 3.17178638909e-08, 4.71938363944e-08, 6.11992660993e-08, 7.85069786957e-08, 5.32362243177e-08, 3.13558885523e-08, 1.08796278653e-08, 1.51809698146e-09, 6.96749935525e-10, 2.93026325426e-10, 1.09939670215e-11, 9.16345721091e-14], [1.37664827454e-11, 8.71129612889e-10, 2.61967070259e-09, 5.59240298514e-09, 8.5819271689e-09, 6.17444806394e-09, 4.93461627116e-09, 2.71864109003e-09, 2.80423462229e-09, 2.19913576238e-09, 1.65706892652e-09, 1.76356773629e-09, 1.89424631536e-09, 2.40944286745e-09, 3.58316198934e-09, 4.9147153014e-09, 6.83833700776e-09, 9.40468947164e-09, 1.17026868196e-08, 7.74873321063e-09, 4.72388217432e-09, 1.51809698146e-09, 2.50246184885e-10, 1.11239399636e-10, 4.52046455823e-11, 1.90740153706e-12, 1.57249718482e-14], [6.4959257591e-12, 4.35267877297e-10, 1.29530797199e-09, 2.89176194102e-09, 4.15926315611e-09, 2.88518187119e-09, 2.31476371404e-09, 1.31822508465e-09, 1.31757660338e-09, 1.05606601242e-09, 7.50608242228e-10, 7.86237686068e-10, 8.48830505884e-10, 1.06931874466e-09, 1.59605950678e-09, 2.10479300655e-09, 2.9817088798e-09, 4.23811297168e-09, 5.22238385869e-09, 3.45855011297e-09, 2.16216067273e-09, 6.96749935525e-10, 1.11239399636e-10, 5.59038614012e-11, 2.23835585483e-11, 9.09543490871e-13, 7.71565953896e-15], [2.73878099019e-12, 1.82514808822e-10, 5.84831183481e-10, 1.24740728857e-09, 1.70131764232e-09, 1.17791687515e-09, 9.93606086297e-10, 5.49976841846e-10, 6.04084338107e-10, 4.67685667971e-10, 3.23826188087e-10, 3.04119479599e-10, 3.37041561327e-10, 4.21872758949e-10, 6.4536564981e-10, 8.52297121767e-10, 1.171399866e-09, 1.67656855066e-09, 2.10363770847e-09, 1.37294364766e-09, 8.53262460687e-10, 2.93026325426e-10, 4.52046455823e-11, 2.23835585483e-11, 9.66217817561e-12, 3.81151355052e-13, 3.27478692221e-15], [1.29616478141e-13, 7.01581891541e-12, 2.2111543499e-11, 5.19950610345e-11, 7.14145201308e-11, 4.59171936584e-11, 3.32971775152e-11, 1.83424993944e-11, 2.0453536434e-11, 1.64923352752e-11, 1.44389110043e-11, 1.37300483483e-11, 1.23411593445e-11, 1.68221651886e-11, 2.41132218359e-11, 3.30743210597e-11, 4.31020115432e-11, 6.66627586465e-11, 8.0709043615e-11, 5.03754503389e-11, 3.34901377463e-11, 1.09939670215e-11, 1.90740153706e-12, 9.09543490871e-13, 3.81151355052e-13, 1.83176871837e-14, 1.43952428823e-16], [9.96388996294e-16, 6.29406804995e-14, 1.93313152486e-13, 4.71234217012e-13, 6.23182820451e-13, 3.88761830887e-13, 3.08043900717e-13, 1.94617041124e-13, 1.96648131264e-13, 1.48294259359e-13, 1.2268055224e-13, 1.14899694034e-13, 1.12752648472e-13, 1.39341947811e-13, 2.21030469318e-13, 2.94505224244e-13, 4.00683853501e-13, 6.1863085184e-13, 7.24640291348e-13, 4.59546354963e-13, 2.91350494078e-13, 9.16345721091e-14, 1.57249718482e-14, 7.71565953896e-15, 3.27478692221e-15, 1.43952428823e-16, 1.49780044038e-18]]
    },
    "mfcc": {
        "kurt": [-0.465274572372, -1.25403213501, -1.10901296139, -0.465925455093, -0.79824590683, -0.725000858307, -0.479259729385, -0.615561962128, -0.242865800858, 0.6068983078, 1.15375614166, 3.46439552307, 0.859995603561],
        "max": [-531.662353516, 147.171813965, 57.7879981995, 119.261581421, 52.4922523499, 29.4470062256, 33.3292922974, 25.2975330353, 24.2485466003, 25.5600528717, 21.7655830383, 32.0611190796, 13.1350860596],
        "mean": [-961.287109375, 62.3773803711, -13.3351097107, 34.6527061462, 5.99807691574, -0.318969637156, 1.62402892113, -0.630520343781, 3.32762670517, 1.68613195419, 0.143669143319, 0.310330420732, -1.00929021835],
        "median": [-1000.58538818, 59.8362197876, -6.103515625e-05, 33.8020744324, 4.13092803955, -0.511123657227, 0.965656280518, -5.34057617188e-05, 3.56624221802, 2.11338424683, 0.63533782959, 0.0791015625, -0.0929260253906],
        "min": [-1138.42004395, -4.25788497925, -114.094360352, -16.7506217957, -39.9819946289, -42.120174408, -32.3578720093, -28.7678527832, -22.1653957367, -33.244682312, -20.7384300232, -18.7215003967, -22.8944473267],
        "skew": [0.8725695014, 0.0963217839599, -0.309459269047, 0.166497677565, -0.057845864445, 0.147627592087, -0.254189163446, -8.09361663414e-05, -0.345664799213, -0.618281662464, -0.670982718468, 0.679287075996, -0.509294867516],
        "var": [31914.8945312, 1770.45324707, 1408.27355957, 496.627227783, 345.744598389, 189.988204956, 139.912338257, 93.9673843384, 68.241973877, 76.6709365845, 37.8549728394, 36.9437446594, 23.7621803284],
        "cov": [[31959.6542969, 4815.03320312, -5633.22558594, 2521.56616211, -2311.89501953, -1304.46643066, -1110.38562012, -1067.71728516, -806.872436523, -905.094299316, -497.264862061, -334.851165771, -344.349639893], [4815.03320312, 1772.93640137, -778.686645508, 349.34487915, -242.650909424, -372.260437012, -158.186141968, -205.433532715, -117.837387085, -74.3480148315, -81.9363479614, -38.6175804138, -9.54281902313], [-5633.22558594, -778.686645508, 1410.24865723, -413.405975342, 540.112487793, 320.011932373, 212.470214844, 220.353256226, 146.385360718, 203.859725952, 88.5731964111, 33.7366981506, 64.9430999756], [2521.56616211, 349.34487915, -413.405975342, 497.323760986, -110.663978577, -58.9050331116, -57.4048805237, -76.2000656128, -0.979057312012, -51.2934112549, -18.9149055481, -4.19964122772, -29.4215278625], [-2311.89501953, -242.650909424, 540.112487793, -110.663978577, 346.229522705, 137.667922974, 61.9076042175, 99.2417144775, 90.5160751343, 99.3428878784, 43.6739082336, 25.4911994934, 30.2522983551], [-1304.46643066, -372.260437012, 320.011932373, -58.9050331116, 137.667922974, 190.254669189, 88.5892562866, 89.5127029419, 52.374256134, 34.6122817993, 36.0669670105, 17.6730728149, 6.8824801445], [-1110.38562012, -158.186141968, 212.470214844, -57.4048805237, 61.9076042175, 88.5892562866, 140.108566284, 75.0380783081, 44.0658187866, 32.6037025452, 21.4290962219, 24.5230407715, 8.30544662476], [-1067.71728516, -205.433532715, 220.353256226, -76.2000656128, 99.2417144775, 89.5127029419, 75.0380783081, 94.0991744995, 45.9144935608, 26.7361888885, 27.9743766785, 17.8428020477, 9.68750572205], [-806.872436523, -117.837387085, 146.385360718, -0.979057312012, 90.5160751343, 52.374256134, 44.0658187866, 45.9144935608, 68.3376846313, 39.9375038147, 21.4866466522, 20.6264839172, 7.97264528275], [-905.094299316, -74.3480148315, 203.859725952, -51.2934112549, 99.3428878784, 34.6122817993, 32.6037025452, 26.7361888885, 39.9375038147, 76.778465271, 25.1806659698, 2.97603392601, 18.3874759674], [-497.264862061, -81.9363479614, 88.5731964111, -18.9149055481, 43.6739082336, 36.0669670105, 21.4290962219, 27.9743766785, 21.4866466522, 25.1806659698, 37.9080657959, 19.4118881226, 7.40184020996], [-334.851165771, -38.6175804138, 33.7366981506, -4.19964122772, 25.4911994934, 17.6730728149, 24.5230407715, 17.8428020477, 20.6264839172, 2.97603392601, 19.4118881226, 36.9955596924, 5.28786373138], [-344.349639893, -9.54281902313, 64.9430999756, -29.4215278625, 30.2522983551, 6.8824801445, 8.30544662476, 9.68750572205, 7.97264528275, 18.3874759674, 7.40184020996, 5.28786373138, 23.795507431]]
    },
    "sccoeffs": {
        "kurt": [0.964667320251, 1.72883081436, 0.292662858963, -0.566803693771, -0.576156377792, -1.19707262516],
        "max": [-0.400903910398, -0.62316006422, -0.721666634083, -0.665902137756, -0.721458435059, -0.670206487179],
        "mean": [-0.707612097263, -0.84372061491, -0.866105973721, -0.869462549686, -0.868188083172, -0.814048528671],
        "median": [-0.711817383766, -0.851940393448, -0.874454200268, -0.869034409523, -0.874363422394, -0.805440068245],
        "min": [-0.97373342514, -0.978183925152, -0.986894190311, -0.974382519722, -0.965549170971, -0.970230579376],
        "skew": [-0.0574043914676, 1.03202867508, 0.482625097036, 0.225864335895, 0.384990483522, -0.105213843286],
        "var": [0.0071501317434, 0.00283081736416, 0.00172488112003, 0.00277611729689, 0.00260652974248, 0.005535681732],
        "cov": [[0.00716016022488, 0.0022801971063, 0.0011405472178, 0.00150525046047, 0.00156409479678, 0.00176879449282], [0.0022801971063, 0.00283478759229, 0.000938623037655, 0.00124936178327, 0.00141784502193, 0.00177985220216], [0.0011405472178, 0.000938623037655, 0.00172730034683, 0.00142241257709, 0.00107355322689, 0.00160379719455], [0.00150525046047, 0.00124936178327, 0.00142241257709, 0.00278001092374, 0.00200801133178, 0.00300522544421], [0.00156409479678, 0.00141784502193, 0.00107355322689, 0.00200801133178, 0.00261018541642, 0.00329598900862], [0.00176879449282, 0.00177985220216, 0.00160379719455, 0.00300522544421, 0.00329598900862, 0.00554344570264]]
    },
    "scvalleys": {
        "kurt": [10.5349588394, 6.75795269012, 1.39380407333, 0.622238397598, 0.699268817902, 0.912842750549],
        "max": [-4.85109710693, -4.20271396637, -5.01519012451, -5.15017700195, -5.21381807327, -7.68100738525],
        "mean": [-10.2138805389, -9.88886451721, -11.2887592316, -11.4923419952, -11.4175853729, -13.9328699112],
        "median": [-9.67496299744, -9.45572376251, -10.33228302, -10.0687665939, -10.0623350143, -13.4159507751],
        "min": [-28.0067939758, -27.7869739532, -27.5665969849, -27.5414428711, -27.4188556671, -27.2834606171],
        "skew": [-2.47126293182, -1.83601987362, -0.961910247803, -0.937192976475, -0.922648131847, -0.78260743618],
        "var": [10.5379858017, 13.182477951, 18.3675231934, 21.2439212799, 21.2576751709, 14.750412941],
        "cov": [[10.5527648926, 11.5667543411, 13.1567735672, 13.9370689392, 13.9410867691, 11.6263637543], [11.5667543411, 13.200966835, 15.1689891815, 16.1119384766, 16.0439910889, 13.2815227509], [13.1567735672, 15.1689891815, 18.393283844, 19.5089321136, 19.4051876068, 16.0488815308], [13.9370689392, 16.1119384766, 19.5089321136, 21.2737159729, 21.1716098785, 17.3785018921], [13.9410867691, 16.0439910889, 19.4051876068, 21.1716098785, 21.2874889374, 17.5425357819], [11.6263637543, 13.2815227509, 16.0488815308, 17.3785018921, 17.5425357819, 14.7711009979]]
    }
},
"rhythm": {
    "beats_loudness": {
        "kurt": 3.6158747673,
        "max": 0.0294704176486,
        "mean": 0.00369734177366,
        "median": 1.70339517354e-05,
        "min": 4.79185649493e-11,
        "skew": 2.24943327904,
        "var": 7.0731723099e-05
    },
    "bpm": 108.945098877,
    "confidence": 1.19927620888,
    "first_peak_bpm": {
        "kurt": 0,
        "max": 108,
        "mean": 108,
        "median": 108,
        "min": 108,
        "skew": 0,
        "var": 0
    },
    "first_peak_spread": {
        "kurt": 0,
        "max": 0.714285731316,
        "mean": 0.714285731316,
        "median": 0.714285731316,
        "min": 0.714285731316,
        "skew": 0,
        "var": 0
    },
    "first_peak_weight": {
        "kurt": 0,
        "max": 0.129032254219,
        "mean": 0.129032254219,
        "median": 0.129032254219,
        "min": 0.129032254219,
        "skew": 0,
        "var": 0
    },
    "onset_rate": 1.69147443771,
    "second_peak_bpm": {
        "kurt": 0,
        "max": 117,
        "mean": 117,
        "median": 117,
        "min": 117,
        "skew": 0,
        "var": 0
    },
    "second_peak_spread": {
        "kurt": 0,
        "max": 0.199999988079,
        "mean": 0.199999988079,
        "median": 0.199999988079,
        "min": 0.199999988079,
        "skew": 0,
        "var": 0
    },
    "second_peak_weight": {
        "kurt": 0,
        "max": 0.129032254219,
        "mean": 0.129032254219,
        "median": 0.129032254219,
        "min": 0.129032254219,
        "skew": 0,
        "var": 0
    },
    "beats_loudness_band_ratio": {
        "kurt": [-1.77277302742, 1.37155532837, -0.82625746727, -0.829315423965, 5.49612045288, 1.04026699066],
        "max": [0.991527915001, 0.334375321865, 0.2882848382, 0.123739376664, 0.776511609554, 0.681587278843],
        "mean": [0.50193220377, 0.0784694924951, 0.0802472755313, 0.0365846827626, 0.136257216334, 0.149187967181],
        "median": [0.389537155628, 0.034240886569, 0.0359805077314, 0.0268144477159, 0.120732940733, 0.0469526425004],
        "min": [0, 0, 0, 0, 0, 0],
        "skew": [0.0978280305862, 1.56000101566, 0.901365697384, 0.790608823299, 1.97413015366, 1.48943567276],
        "var": [0.167502656579, 0.00876115914434, 0.00934816338122, 0.0017457883805, 0.0255874525756, 0.0420215837657],
        "cov": [[0.17290596664, -0.0184077695012, -0.0249661188573, -0.0119934268296, -0.0478630512953, -0.0569505318999], [-0.0184077695012, 0.00904377736151, 0.00665047764778, 0.00223060697317, 0.00416886340827, -6.55585317872e-05], [-0.0249661188573, 0.00665047764778, 0.00964971724898, 0.00369754224084, 0.00540716573596, 0.00316497986205], [-0.0119934268296, 0.00223060697317, 0.00369754224084, 0.00180210417602, 0.00331354816444, 0.00250102463178], [-0.0478630512953, 0.00416886340827, 0.00540716573596, 0.00331354816444, 0.0264128539711, 0.0136818205938], [-0.0569505318999, -6.55585317872e-05, 0.00316497986205, 0.00250102463178, 0.0136818205938, 0.0433771200478]]
    },
    "beats_position": [0.603718817234, 1.17260766029, 1.72988653183, 2.31038546562, 2.87927436829, 3.42494320869, 3.97061228752, 4.48145103455, 4.99229001999, 5.50312900543, 6.04879808426, 6.58285713196, 7.12852573395, 7.63936471939, 8.16181373596, 8.6958732605, 9.25315189362, 9.81043052673, 10.3677091599, 10.9017686844, 11.4358272552, 11.8886165619, 12.294965744, 12.7013149261, 13.1541042328, 13.5836734772, 13.9900226593, 14.3847618103, 14.7446708679, 15.1277999878, 15.5341491699, 15.9288883209],
    "bpm_estimates": [105.468757629, 107.666023254, 103.359359741, 105.46875, 109.956802368, 109.956756592, 109.956756592, 112.347129822, 109.956848145, 112.34703064, 107.666069031, 107.666069031, 107.666069031, 112.34703064, 112.347229004],
    "bpm_intervals": [0.56888884306, 0.557278871536, 0.580498933792, 0.568888902664, 0.545668840408, 0.545669078827, 0.510838747025, 0.510838985443, 0.510838985443, 0.545669078827, 0.534059047699, 0.54566860199, 0.510838985443, 0.522449016571, 0.534059524536, 0.557278633118, 0.557278633118, 0.557278633118, 0.534059524536, 0.534058570862, 0.452789306641, 0.406349182129, 0.406349182129, 0.452789306641, 0.429569244385, 0.406349182129, 0.394739151001, 0.359909057617, 0.383129119873, 0.406349182129, 0.394739151001],
    "onset_times": [0.336689352989, 0.476009070873, 0.603718817234, 0.870748281479, 1.16099774837, 1.43963718414, 1.70666670799, 1.97369611263, 2.33360552788, 2.72834467888, 2.87927436829, 3.04181408882, 3.15791392326, 3.33206343651, 3.9125623703, 4.65560102463, 4.7833108902, 7.0356464386, 7.83673477173, 8.39401340485, 8.51011371613, 8.59138298035, 9.2067117691, 9.78721046448, 10.0078001022, 10.5302495956, 10.7392292023, 10.8437185287],
    "histogram": [[0, 0, 0, 0, 0, 0, 0, 0, 0, 0, 0, 0, 0, 0, 0, 0, 0, 0, 0, 0, 0, 0, 0, 0, 0, 0, 0, 0, 0, 0, 0, 0, 0, 0, 0, 0, 0, 0, 0, 0, 0, 0, 0, 0, 0, 0, 0, 0, 0, 0, 0, 0, 0, 0, 0, 0, 0, 0, 0, 0, 0, 0, 0, 0, 0, 0, 0, 0, 0, 0, 0, 0, 0, 0, 0, 0, 0, 0, 0, 0, 0, 0, 0, 0, 0, 0, 0, 0, 0, 0, 0, 0, 0, 0, 0, 0, 0, 0, 0, 0, 0, 0, 0, 0.0322580635548, 0, 0.0645161271095, 0, 0, 0.129032254219, 0, 0.129032254219, 0, 0.129032254219, 0, 0, 0.0322580635548, 0, 0.129032254219, 0, 0, 0, 0, 0, 0, 0, 0, 0, 0, 0, 0, 0, 0, 0, 0.0645161271095, 0, 0, 0, 0, 0, 0, 0.0322580635548, 0, 0, 0, 0, 0, 0, 0, 0.129032254219, 0, 0, 0, 0.0645161271095, 0, 0, 0, 0, 0.0322580635548, 0, 0, 0, 0, 0, 0, 0, 0, 0, 0.0322580635548, 0, 0, 0, 0, 0, 0, 0, 0, 0, 0, 0, 0, 0, 0, 0, 0, 0, 0, 0, 0, 0, 0, 0, 0, 0, 0, 0, 0, 0, 0, 0, 0, 0, 0, 0, 0, 0, 0, 0, 0, 0, 0, 0, 0, 0, 0, 0, 0, 0, 0, 0, 0, 0, 0, 0, 0, 0, 0, 0, 0, 0, 0, 0, 0, 0, 0, 0, 0, 0, 0, 0, 0, 0, 0, 0, 0, 0, 0, 0, 0, 0, 0]]
},
"sfx": {
    "inharmonicity": {
        "kurt": 1.74352788925,
        "max": 0.366513580084,
        "mean": 0.0530838221312,
        "median": 0.00743524543941,
        "min": 0,
        "skew": 1.58038270473,
        "var": 0.00593946687877
    },
    "oddtoevenharmonicenergyratio": {
        "kurt": 705.321228027,
        "max": 1868.91577148,
        "mean": 3.46324872971,
        "median": 0.0147303305566,
        "min": 0,
        "skew": 26.5625019073,
        "var": 4893.33056641
    },
    "pitch_after_max_to_before_max_energy_ratio": 0.787058293819,
    "pitch_centroid": 244.71055603,
    "pitch_max_to_total": 0.308123260736,
    "pitch_min_to_total": 0.855742275715,
    "tristimulus": {
        "kurt": [-1.58192265034, 1.94662618637, -0.445900440216],
        "max": [1, 0.988283276558, 0.977751731873],
        "mean": [0.574433982372, 0.219563350081, 0.206002891064],
        "median": [0.697485208511, 0.150958552957, 0.0512182600796],
        "min": [0, 0, 0],
        "skew": [-0.260757118464, 1.51986861229, 0.963073194027],
        "var": [0.138714745641, 0.0545562505722, 0.0640732944012],
        "cov": [[0.138909295201, -0.0646894946694, -0.0742198973894], [-0.0646894946694, 0.0546327680349, 0.0100567564368], [-0.0742198973894, 0.0100567564368, 0.0641631633043]]
    }
},
"tonal": {
    "chords_changes_rate": 0.14804469049,
    "chords_number_rate": 0.0335195548832,
    "chords_strength": {
        "kurt": -1.22219157219,
        "max": 0.621258616447,
        "mean": 0.430824875832,
        "median": 0.39954417944,
        "min": 0.241383820772,
        "skew": 0.298202961683,
        "var": 0.0101385433227
    },
    "key_strength": 0.481129437685,
    "tuning_diatonic_strength": 0.432129919529,
    "tuning_equal_tempered_deviation": 0.310381054878,
    "tuning_frequency": 451.586883545,
    "tuning_nontempered_energy_ratio": 0.925984084606,
    "hpcp": {
        "kurt": [-0.151298761368, -0.194293498993, 0.0503187179565, 0.255816221237, 0.479116678238, 0.515033960342, 0.521523714066, 0.912048578262, 1.10323619843, 2.13306188583, 2.05439424515, 2.62696743011, 1.98954153061, 0.942756175995, 0.5223736763, 0.758054018021, 1.136967659, 1.22233724594, 0.424525976181, 1.10210943222, 1.70148468018, 1.78097772598, 1.94563150406, 1.31019115448, 1.65025520325, 1.90213632584, 1.53992700577, 2.26782226562, 1.54235982895, 1.51576137543, 1.2238111496, 1.3977227211, 0.569896697998, -0.376586675644, -1.03683686256, -0.836743354797],
        "max": [1, 1, 1, 1, 1, 1, 1, 1, 1, 1, 1, 1, 1, 1, 1, 1, 1, 1, 1, 1, 1, 1, 1, 1, 1, 1, 1, 1, 1, 1, 1, 1, 1, 1, 1, 1],
