{
"metadata": {
    "version": {
        "essentia": "2.1-beta3"
    }
},
"lowLevel": {
    "average_loudness": 0.98169362545,
    "barkbands_kurtosis": {
        "kurt": 0.487370252609,
        "max": 12.0796794891,
        "mean": 2.87419271469,
        "median": 2.6062746048,
        "min": -1.36944663525,
        "skew": 0.762434780598,
        "var": 5.70083618164
    },
    "barkbands_skewness": {
        "kurt": -0.122559309006,
        "max": 3.35838603973,
        "mean": 1.55243289471,
        "median": 1.54793047905,
        "min": 0.337023496628,
        "skew": 0.329238891602,
        "var": 0.276807874441
    },
    "barkbands_spread": {
        "kurt": 7.99155712128,
        "max": 39.6958732605,
        "mean": 12.1881008148,
        "median": 11.1724872589,
        "min": 5.67092466354,
        "skew": 2.06126070023,
        "var": 18.8290348053
    },
    "dissonance": {
        "kurt": 79.6899719238,
        "max": 0.500000059605,
        "mean": 0.467343121767,
        "median": 0.471561431885,
        "min": 0.0910348147154,
        "skew": -6.13583278656,
        "var": 0.000723210920114
    },
    "hfc": {
        "kurt": 40.9498443604,
        "max": 203.855789185,
        "mean": 24.3783893585,
        "median": 20.5297431946,
        "min": 0.00110865570605,
        "skew": 5.90251970291,
        "var": 396.870941162
    },
    "pitch": {
        "kurt": 121.470283508,
        "max": 3736.63427734,
        "mean": 280.060028076,
        "median": 241.609268188,
        "min": 64.4215164185,
        "skew": 9.59344577789,
        "var": 65883.90625
    },
    "pitch_instantaneous_confidence": {
        "kurt": 1.05815029144,
        "max": 0.590016067028,
        "mean": 0.264491707087,
        "median": 0.254540890455,
        "min": 0.138181805611,
        "skew": 0.885100185871,
        "var": 0.00489103840664
    },
    "pitch_salience": {
        "kurt": 0.92834854126,
        "max": 0.965641319752,
        "mean": 0.747602403164,
        "median": 0.755950570107,
        "min": 0.496412158012,
        "skew": -0.565255463123,
        "var": 0.00350785511546
    },
    "silence_rate_20dB": {
        "kurt": 0,
        "max": 1,
        "mean": 1,
        "median": 1,
        "min": 1,
        "skew": 0,
        "var": 0
    },
    "silence_rate_30dB": {
        "kurt": 62.158241272,
        "max": 1,
        "mean": 0.985106408596,
        "median": 1,
        "min": 0,
        "skew": -8.00989341736,
        "var": 0.014671748504
    },
    "silence_rate_60dB": {
        "kurt": 465.002166748,
        "max": 1,
        "mean": 0.0021276595071,
        "median": 0,
        "min": 0,
        "skew": 21.6102333069,
        "var": 0.00212313258089
    },
    "spectral_centroid": {
        "kurt": 0.755599975586,
        "max": 1788.3885498,
        "mean": 720.75390625,
        "median": 644.435241699,
        "min": 371.892791748,
        "skew": 1.07992553711,
        "var": 62567.2421875
    },
    "spectral_complexity": {
        "kurt": 3.30321645737,
        "max": 60,
        "mean": 30.1659564972,
        "median": 29,
        "min": 0,
        "skew": 1.04457342625,
        "var": 45.5852241516
    },
    "spectral_crest": {
        "kurt": 1.75053596497,
        "max": 18.854927063,
        "mean": 7.70045614243,
        "median": 7.06691074371,
        "min": 3.26687932014,
        "skew": 1.24547445774,
        "var": 7.12182712555
    },
    "spectral_decrease": {
        "kurt": 7.79704856873,
        "max": -3.70446783058e-13,
        "mean": -8.8672722498e-09,
        "median": -8.1332061086e-09,
        "min": -4.21715000698e-08,
        "skew": -1.79260778427,
        "var": 2.15525349672e-17
    },
    "spectral_energy": {
        "kurt": 10.3137073517,
        "max": 0.177655175328,
        "mean": 0.0356782898307,
        "median": 0.0324041619897,
        "min": 1.49871198118e-06,
        "skew": 2.13524866104,
        "var": 0.000356431817636
    },
    "spectral_energyband_high": {
        "kurt": 38.3328590393,
        "max": 0.00627928506583,
        "mean": 0.000312907475745,
        "median": 0.000156891037477,
        "min": 2.19322924266e-08,
        "skew": 5.60820817947,
        "var": 3.53281365051e-07
    },
    "spectral_energyband_low": {
        "kurt": 6.58277130127,
        "max": 0.0164323616773,
        "mean": 0.00198502861895,
        "median": 0.00106235034764,
        "min": 6.57941754412e-08,
        "skew": 2.32582068443,
        "var": 7.03496698407e-06
    },
    "spectral_energyband_middle_high": {
        "kurt": 31.789981842,
        "max": 0.0731301158667,
        "mean": 0.007957495749,
        "median": 0.00632602442056,
        "min": 2.64637492364e-07,
        "skew": 5.39030265808,
        "var": 6.20856371825e-05
    },
    "spectral_energyband_middle_low": {
        "kurt": 2.14034414291,
        "max": 0.11652739346,
        "mean": 0.0270003061742,
        "median": 0.0253823176026,
        "min": 1.16993874144e-06,
        "skew": 0.926776230335,
        "var": 0.000222871094593
    },
    "spectral_flatness_db": {
        "kurt": 2.13376665115,
        "max": 0.279930770397,
        "mean": 0.217047736049,
        "median": 0.220004856586,
        "min": 0.0875679180026,
        "skew": -1.06176197529,
        "var": 0.000797120097559
    },
    "spectral_flux": {
        "kurt": 3.98885917664,
        "max": 0.322379112244,
        "mean": 0.12163516134,
        "median": 0.118029072881,
        "min": 0.0623871050775,
        "skew": 1.42883765697,
        "var": 0.00127361726481
    },
    "spectral_kurtosis": {
        "kurt": 1.2650437355,
        "max": 32.3914794922,
        "mean": 10.3700437546,
        "median": 9.25944328308,
        "min": 0.585937738419,
        "skew": 1.06597149372,
        "var": 32.5982246399
    },
    "spectral_rms": {
        "kurt": 2.13011074066,
        "max": 0.0131651861593,
        "mean": 0.00571914715692,
        "median": 0.00562261464074,
        "min": 3.82381767849e-05,
        "skew": 0.666338682175,
        "var": 2.09945642382e-06
    },
    "spectral_rolloff": {
        "kurt": 3.80032110214,
        "max": 3768.31054688,
        "mean": 1123.6204834,
        "median": 947.4609375,
        "min": 430.6640625,
        "skew": 1.97557628155,
        "var": 340515.59375
    },
    "spectral_skewness": {
        "kurt": 0.956317663193,
        "max": 4.52556610107,
        "mean": 2.20281076431,
        "median": 2.17846059799,
        "min": 1.07289624214,
        "skew": 0.604693472385,
        "var": 0.236270695925
    },
    "spectral_spread": {
        "kurt": 92.6250686646,
        "max": 19724860,
        "mean": 2448232.5,
        "median": 2130395.5,
        "min": 1538868.125,
        "skew": 7.71065711975,
        "var": 1.46901119795e+12
    },
    "spectral_strongpeak": {
        "kurt": 2.63617610931,
        "max": 2.71287178993,
        "mean": 0.689714491367,
        "median": 0.619891405106,
        "min": 0.000468674406875,
        "skew": 1.24366307259,
        "var": 0.158891201019
    },
    "zerocrossingrate": {
        "kurt": 1.44827985764,
        "max": 0.1083984375,
        "mean": 0.0443982705474,
        "median": 0.04150390625,
        "min": 0.001953125,
        "skew": 0.949690341949,
        "var": 0.000168297832715
    },
    "barkbands": {
        "kurt": [351.722076416, 7.38801670074, 8.79640960693, 7.60957241058, 4.63513851166, 13.995885849, 6.45378780365, 8.43632507324, 90.3439254761, 29.8511695862, 17.7063045502, 61.291267395, 39.6922492981, 114.449546814, 23.135931015, 107.095428467, 54.6456069946, 29.4400062561, 57.3126754761, 77.5769271851, 30.4203681946, 163.201263428, 79.7721328735, 123.671653748, 307.499725342, 404.258117676, 327.335601807],
        "max": [7.4112911534e-05, 0.00111974799074, 0.00685535836965, 0.0243705920875, 0.0532200559974, 0.0384131371975, 0.0315048024058, 0.0185180008411, 0.0481637269258, 0.0237449556589, 0.0109375398606, 0.0173001885414, 0.00850123073906, 0.00944760814309, 0.00245032506064, 0.00650743767619, 0.00585046736524, 0.00648498069495, 0.0123651893809, 0.00957129523158, 0.00228665652685, 0.00119081325829, 0.000265470182057, 0.000416479102569, 0.000261719513219, 2.98061549984e-05, 8.58370583501e-08],
        "mean": [1.05044330212e-06, 0.000121459903312, 0.00073202472413, 0.00239261938259, 0.00759929837659, 0.00478405551985, 0.005360388197, 0.00306675047614, 0.00294023146853, 0.00234913825989, 0.00145637232345, 0.00116417580284, 0.000654773961287, 0.000383019185392, 0.000331923743943, 0.000330355629558, 0.000349560927134, 0.000530209974386, 0.000609014765359, 0.000358581834007, 0.000131251625135, 1.99273326871e-05, 4.92462913826e-06, 5.51702396479e-06, 1.57723047778e-06, 1.31644100065e-07, 1.3422553069e-09],
        "median": [3.33116759066e-07, 5.52662459086e-05, 0.000315392244374, 0.000968116044533, 0.00489672925323, 0.00399009045213, 0.00424432940781, 0.00242956494913, 0.0022531314753, 0.0017430218868, 0.0011168520432, 0.000906449800823, 0.000462361844257, 0.000274630612694, 0.000270723045105, 0.000252228230238, 0.000249906530371, 0.000373299058992, 0.000372441660147, 0.000202829774935, 6.25075190328e-05, 6.52836388326e-06, 4.02327657412e-07, 2.67029179213e-07, 4.18066150587e-08, 2.15180495644e-09, 4.70995575874e-10],
        "min": [1.0571339637e-10, 1.11541806902e-08, 1.82480377475e-08, 1.94340330495e-08, 7.53081508265e-08, 1.59291786872e-07, 2.58445652435e-07, 2.96089751828e-07, 3.0979560961e-07, 1.23434801935e-07, 4.03436359875e-08, 3.87505671995e-08, 9.65671898001e-09, 1.56526738238e-08, 2.13593320808e-08, 2.51664888928e-09, 1.11708091666e-08, 1.38798457172e-08, 1.15682192714e-08, 7.9700885891e-09, 1.09822027028e-08, 1.58122293037e-09, 1.04563213643e-09, 1.11756626175e-09, 9.71051794529e-10, 3.94395523184e-11, 2.72720404202e-13],
        "skew": [17.6376533508, 2.37094974518, 2.56248116493, 2.37467765808, 1.84069776535, 2.65647888184, 2.05464744568, 2.26640534401, 7.65768194199, 4.81631326675, 3.55603885651, 6.76910495758, 5.26119232178, 9.16339874268, 4.29462957382, 8.95087432861, 6.72949314117, 5.1167011261, 7.0681810379, 7.79196357727, 5.17605113983, 12.0624408722, 8.07843399048, 9.92384243011, 16.6928710938, 19.61095047, 16.8018951416],
        "var": [1.30759804026e-11, 2.79830700833e-08, 1.07832340746e-06, 1.10017917905e-05, 6.81736783008e-05, 1.5153813365e-05, 1.7002077584e-05, 5.05655498273e-06, 1.03367055999e-05, 6.3234119807e-06, 1.75260800006e-06, 2.00736849365e-06, 5.40096550594e-07, 3.66747855196e-07, 8.37915479224e-08, 1.8403684976e-07, 2.4397243692e-07, 4.79780510432e-07, 1.20497952594e-06, 5.07882589318e-07, 6.39194581709e-08, 6.3970553299e-09, 4.07061800933e-10, 7.40091654627e-10, 1.79533291012e-10, 2.01384655479e-12, 1.81294547973e-17],
        "cov": [[1.31038608783e-11, 9.33768687372e-11, 4.09637546106e-10, 1.11763853727e-09, 3.69869579409e-09, 3.20989040903e-10, 1.59968249758e-09, 3.35847960553e-10, 5.40126311732e-11, 2.71878186631e-10, -3.88631599124e-10, -3.9777756089e-10, -2.43471687256e-10, -1.11412552795e-10, 4.76886368936e-12, -1.84369637612e-11, -8.15581838176e-11, -1.26446811355e-10, -1.59197918737e-10, -9.82256775917e-11, -4.46945189192e-11, -6.84199875575e-12, -1.35350921009e-12, -2.22280635738e-12, 3.52062969706e-13, 8.72798266494e-14, 1.33423096722e-14], [9.33768687372e-11, 2.80427343569e-08, 8.32826927422e-08, 2.37568997363e-07, 4.63551344865e-07, 1.13949212732e-07, 4.34042668473e-08, 5.57084121056e-08, 9.18298113106e-08, -1.11644471446e-08, -1.089907542e-08, 1.44977463368e-09, -1.82449770847e-08, 1.22022880689e-08, 6.50685416659e-09, 1.23182797296e-08, 7.25018622916e-09, -1.2889684875e-09, 1.68383014199e-08, 3.8588101603e-09, 2.23541807287e-09, 2.17674789305e-09, 1.78462092326e-10, 2.47061843206e-10, 3.40317322933e-11, 5.00982545379e-12, 1.09528041052e-15], [4.09637546106e-10, 8.32826927422e-08, 1.08062261006e-06, 2.14102465179e-06, 2.65721473625e-06, 6.80689311139e-07, 6.21692095137e-07, 3.27913340925e-07, 2.53836788033e-07, -1.20403512938e-07, -8.59704982759e-08, -1.27293006358e-07, -1.50784572384e-07, -7.38246486165e-09, 1.9918044103e-08, 4.39007230568e-08, -1.93772864421e-09, -4.9632834731e-08, -1.09446318675e-09, 8.28692670041e-09, -1.4938382753e-09, 4.87258500215e-09, 6.92712442962e-10, 1.28648447451e-09, 8.19010484432e-11, -8.23227163521e-12, 1.5876515868e-13], [1.11763853727e-09, 2.37568997363e-07, 2.14102465179e-06, 1.10252494778e-05, 1.2323136616e-05, 2.48418700721e-06, 1.42920521284e-06, 7.66797427332e-07, 1.21224994487e-08, -6.07856748047e-07, -3.68809196516e-07, -7.08143602424e-07, -5.41146334854e-07, -2.16347189053e-07, 4.51022827974e-08, 5.8126008895e-08, -1.51324826447e-07, -2.71187531098e-07, -3.21182398011e-07, -1.6224693411e-07, -7.88371110616e-08, -8.43776160053e-09, -3.6088105837e-09, -4.10620648594e-09, -8.20460144269e-10, -1.83201613602e-11, -2.4712962796e-13], [3.69869579409e-09, 4.63551344865e-07, 2.65721473625e-06, 1.2323136616e-05, 6.8319037382e-05, 8.59291958477e-06, 4.48876926384e-06, 1.11171505068e-06, 3.45985267813e-06, -4.31887798413e-07, -5.52253084152e-07, -9.09120615233e-07, -1.19904757412e-06, -9.01224055383e-08, 3.09936069698e-07, 6.43134512757e-07, 6.49594866786e-08, -3.50657074932e-07, 1.52319529434e-07, -6.43483488716e-10, -1.72424954314e-08, 4.70017234022e-08, 1.21808918507e-09, 1.94377114404e-09, -2.20685270058e-09, -2.77039613472e-10, 2.49546070656e-13], [3.20989040903e-10, 1.13949212732e-07, 6.80689311139e-07, 2.48418700721e-06, 8.59291958477e-06, 1.51861240738e-05, 2.04606044463e-06, 1.26879297113e-06, 1.93929122361e-06, 6.32578746718e-07, 2.07413080489e-07, -3.61605789756e-09, -3.28819957929e-08, 1.44630533327e-07, 1.6414034576e-07, 1.94786139218e-07, 9.02318504359e-08, 1.43035322253e-07, 2.02258988224e-07, 2.64058030552e-07, 3.31986456104e-08, 1.61920556963e-08, 2.01259608978e-09, -1.0520641025e-09, -2.11238071479e-09, -2.34527369747e-10, -3.07802313368e-13], [1.59968249758e-09, 4.34042668473e-08, 6.21692095137e-07, 1.42920521284e-06, 4.48876926384e-06, 2.04606044463e-06, 1.70383300429e-05, 2.04261255021e-06, 1.63595223057e-06, 1.1955859236e-06, 7.02615864157e-07, 6.4613197992e-07, 2.86667244609e-07, 4.64421788138e-07, 2.7712385986e-07, 2.82962702158e-07, 2.97724312759e-07, 3.91562196e-07, 5.01827855715e-07, 3.60696589041e-07, 1.10458422853e-07, 3.18874313621e-08, 9.30764443297e-09, 6.00085048319e-09, 7.4415035245e-10, -2.45006879368e-11, 1.84321351585e-12], [3.35847960553e-10, 5.57084121056e-08, 3.27913340925e-07, 7.66797427332e-07, 1.11171505068e-06, 1.26879297113e-06, 2.04261255021e-06, 5.06733658767e-06, 1.63165259437e-06, 4.79164668832e-07, 5.94356890815e-07, 6.12144617662e-07, 6.46756888045e-08, 2.37696497152e-07, 1.039519546e-07, 1.6565118699e-07, 2.03201551585e-07, 1.60091943258e-07, 4.03072505151e-07, 1.52837188239e-07, 3.8282649939e-08, 2.13596162979e-08, 2.9577063021e-09, 6.18437134836e-10, -9.31398402848e-10, -1.09745219856e-10, 6.88278373098e-14], [5.40126311732e-11, 9.18298113106e-08, 2.53836788033e-07, 1.21224994487e-08, 3.45985267813e-06, 1.93929122361e-06, 1.63595223057e-06, 1.63165259437e-06, 1.0358745385e-05, 4.0695226744e-06, 1.50380742525e-06, 2.24644122682e-06, 8.87891246748e-07, 1.22617291254e-06, 5.81735093874e-07, 1.07012033368e-06, 1.03000536456e-06, 1.29784291403e-06, 2.35323045672e-06, 1.55125712809e-06, 5.13713700911e-07, 1.98195891699e-07, 2.93158208819e-08, 3.02626190773e-08, 2.83230439102e-09, 4.35694293144e-11, 4.65422026006e-13], [2.71878186631e-10, -1.11644471446e-08, -1.20403512938e-07, -6.07856748047e-07, -4.31887798413e-07, 6.32578746718e-07, 1.1955859236e-06, 4.79164668832e-07, 4.0695226744e-06, 6.33689433016e-06, 1.52617860749e-06, 1.8017643697e-06, 1.1318761608e-06, 6.70412248382e-07, 4.2061336103e-07, 4.48110967e-07, 5.98655446993e-07, 1.23044662814e-06, 1.45263459217e-06, 1.22416031445e-06, 3.86605819358e-07, 7.34824112669e-08, 1.69604668088e-08, 1.507868852e-08, 2.20020868191e-09, 9.34130550689e-12, 8.86551953811e-13], [-3.88631599124e-10, -1.089907542e-08, -8.59704982759e-08, -3.68809196516e-07, -5.52253084152e-07, 2.07413080489e-07, 7.02615864157e-07, 5.94356890815e-07, 1.50380742525e-06, 1.52617860749e-06, 1.75634488642e-06, 1.26000122691e-06, 5.52982669433e-07, 4.14697126416e-07, 2.06242191325e-07, 2.68955204774e-07, 4.0778508037e-07, 5.84315387187e-07, 8.10265930795e-07, 4.95445817705e-07, 1.71583110387e-07, 3.48903235192e-08, 8.91875462372e-09, 7.0007120101e-09, 7.80014552948e-10, -2.64273342793e-11, 4.68803225677e-14], [-3.9777756089e-10, 1.44977463368e-09, -1.27293006358e-07, -7.08143602424e-07, -9.09120615233e-07, -3.61605789756e-09, 6.4613197992e-07, 6.12144617662e-07, 2.24644122682e-06, 1.8017643697e-06, 1.26000122691e-06, 2.01164880309e-06, 6.35372941815e-07, 6.79434549511e-07, 2.85823944068e-07, 3.64017665788e-07, 5.89099386161e-07, 6.81457777318e-07, 1.22453025142e-06, 6.23060373073e-07, 2.5084847266e-07, 6.33052863463e-08, 1.19229142115e-08, 1.06389830279e-08, 1.19686160982e-09, 2.77603235538e-11, 2.45095583369e-13], [-2.43471687256e-10, -1.82449770847e-08, -1.50784572384e-07, -5.41146334854e-07, -1.19904757412e-06, -3.28819957929e-08, 2.86667244609e-07, 6.46756888045e-08, 8.87891246748e-07, 1.1318761608e-06, 5.52982669433e-07, 6.35372941815e-07, 5.41248141417e-07, 2.49018455634e-07, 1.20665134773e-07, 1.4431915929e-07, 2.17725684593e-07, 3.97760459236e-07, 4.63798983219e-07, 3.29225002815e-07, 1.21218519666e-07, 2.42274609263e-08, 6.42301589693e-09, 5.40999289811e-09, 8.13057565718e-10, 6.61358901671e-12, 1.45516889147e-14], [-1.11412552795e-10, 1.22022880689e-08, -7.38246486165e-09, -2.16347189053e-07, -9.01224055383e-08, 1.44630533327e-07, 4.64421788138e-07, 2.37696497152e-07, 1.22617291254e-06, 6.70412248382e-07, 4.14697126416e-07, 6.79434549511e-07, 2.49018455634e-07, 3.67529850109e-07, 1.29946087668e-07, 1.93796935832e-07, 2.67466361947e-07, 2.94039864457e-07, 5.7513500451e-07, 3.01879680364e-07, 1.17573037528e-07, 3.90703362996e-08, 6.4478880013e-09, 6.67807942278e-09, 7.73349884131e-10, 2.60033713312e-11, 1.269632999e-13], [4.76886368936e-12, 6.50685416659e-09, 1.9918044103e-08, 4.51022827974e-08, 3.09936069698e-07, 1.6414034576e-07, 2.7712385986e-07, 1.039519546e-07, 5.81735093874e-07, 4.2061336103e-07, 2.06242191325e-07, 2.85823944068e-07, 1.20665134773e-07, 1.29946087668e-07, 8.39702067879e-08, 9.04591672679e-08, 1.12517270168e-07, 1.51143169091e-07, 2.48710108508e-07, 1.46959663994e-07, 5.50063496974e-08, 1.47185783561e-08, 2.76323208759e-09, 2.72745381835e-09, 4.50091214299e-10, 2.15527040659e-11, 7.67068022598e-14], [-1.84369637612e-11, 1.23182797296e-08, 4.39007230568e-08, 5.8126008895e-08, 6.43134512757e-07, 1.94786139218e-07, 2.82962702158e-07, 1.6565118699e-07, 1.07012033368e-06, 4.48110967e-07, 2.68955204774e-07, 3.64017665788e-07, 1.4431915929e-07, 1.93796935832e-07, 9.04591672679e-08, 1.84429254091e-07, 1.75664851554e-07, 2.11503476066e-07, 3.88051887512e-07, 2.21990021032e-07, 8.10667017959e-08, 3.05936040945e-08, 5.60817925432e-09, 5.8244351564e-09, 1.40378531022e-09, 1.06955722057e-10, 4.20637002064e-14], [-8.15581838176e-11, 7.25018622916e-09, -1.93772864421e-09, -1.51324826447e-07, 6.49594866786e-08, 9.02318504359e-08, 2.97724312759e-07, 2.03201551585e-07, 1.03000536456e-06, 5.98655446993e-07, 4.0778508037e-07, 5.89099386161e-07, 2.17725684593e-07, 2.67466361947e-07, 1.12517270168e-07, 1.75664851554e-07, 2.44492639467e-07, 2.73134219242e-07, 5.00450653362e-07, 2.6963616051e-07, 1.02010048408e-07, 3.15819121965e-08, 5.9934910368e-09, 6.15186834807e-09, 1.14022125075e-09, 6.63125873657e-11, 1.13560385867e-13], [-1.26446811355e-10, -1.2889684875e-09, -4.9632834731e-08, -2.71187531098e-07, -3.50657074932e-07, 1.43035322253e-07, 3.91562196e-07, 1.60091943258e-07, 1.29784291403e-06, 1.23044662814e-06, 5.84315387187e-07, 6.81457777318e-07, 3.97760459236e-07, 2.94039864457e-07, 1.51143169091e-07, 2.11503476066e-07, 2.73134219242e-07, 4.80803521441e-07, 6.22992104127e-07, 4.30720632494e-07, 1.4845531382e-07, 3.608756316e-08, 8.89221674072e-09, 8.88362539087e-09, 2.04796024583e-09, 1.11698428285e-10, 1.73303876133e-13], [-1.59197918737e-10, 1.68383014199e-08, -1.09446318675e-09, -3.21182398011e-07, 1.52319529434e-07, 2.02258988224e-07, 5.01827855715e-07, 4.03072505151e-07, 2.35323045672e-06, 1.45263459217e-06, 8.10265930795e-07, 1.22453025142e-06, 4.63798983219e-07, 5.7513500451e-07, 2.48710108508e-07, 3.88051887512e-07, 5.00450653362e-07, 6.22992104127e-07, 1.20754884847e-06, 6.56017789424e-07, 2.44558094664e-07, 7.27251432409e-08, 1.50743417748e-08, 1.60472009014e-08, 3.62277674526e-09, 2.45500814122e-10, 3.18073800805e-13], [-9.82256775917e-11, 3.8588101603e-09, 8.28692670041e-09, -1.6224693411e-07, -6.43483488716e-10, 2.64058030552e-07, 3.60696589041e-07, 1.52837188239e-07, 1.55125712809e-06, 1.22416031445e-06, 4.95445817705e-07, 6.23060373073e-07, 3.29225002815e-07, 3.01879680364e-07, 1.46959663994e-07, 2.21990021032e-07, 2.6963616051e-07, 4.30720632494e-07, 6.56017789424e-07, 5.08965513291e-07, 1.49669887151e-07, 3.98355339826e-08, 9.87310500022e-09, 1.03119601746e-08, 2.42808750883e-09, 1.37959491053e-10, 2.48424165353e-13], [-4.46945189192e-11, 2.23541807287e-09, -1.4938382753e-09, -7.88371110616e-08, -1.72424954314e-08, 3.31986456104e-08, 1.10458422853e-07, 3.8282649939e-08, 5.13713700911e-07, 3.86605819358e-07, 1.71583110387e-07, 2.5084847266e-07, 1.21218519666e-07, 1.17573037528e-07, 5.50063496974e-08, 8.10667017959e-08, 1.02010048408e-07, 1.4845531382e-07, 2.44558094664e-07, 1.49669887151e-07, 6.4055747373e-08, 1.59363633401e-08, 3.4120783976e-09, 3.86702581068e-09, 8.29702861971e-10, 6.03568722779e-11, 5.41426915779e-14], [-6.84199875575e-12, 2.17674789305e-09, 4.87258500215e-09, -8.43776160053e-09, 4.70017234022e-08, 1.61920556963e-08, 3.18874313621e-08, 2.13596162979e-08, 1.98195891699e-07, 7.34824112669e-08, 3.48903235192e-08, 6.33052863463e-08, 2.42274609263e-08, 3.90703362996e-08, 1.47185783561e-08, 3.05936040945e-08, 3.15819121965e-08, 3.608756316e-08, 7.27251432409e-08, 3.98355339826e-08, 1.59363633401e-08, 6.41069508589e-09, 1.07125619486e-09, 1.22073595676e-09, 2.74182898607e-10, 2.16323590985e-11, 1.31974119811e-14], [-1.35350921009e-12, 1.78462092326e-10, 6.92712442962e-10, -3.6088105837e-09, 1.21808918507e-09, 2.01259608978e-09, 9.30764443297e-09, 2.9577063021e-09, 2.93158208819e-08, 1.69604668088e-08, 8.91875462372e-09, 1.19229142115e-08, 6.42301589693e-09, 6.4478880013e-09, 2.76323208759e-09, 5.60817925432e-09, 5.9934910368e-09, 8.89221674072e-09, 1.50743417748e-08, 9.87310500022e-09, 3.4120783976e-09, 1.07125619486e-09, 4.07929745538e-10, 4.45700587548e-10, 2.11899872649e-10, 1.92696934798e-11, 3.34233144701e-15], [-2.22280635738e-12, 2.47061843206e-10, 1.28648447451e-09, -4.10620648594e-09, 1.94377114404e-09, -1.0520641025e-09, 6.00085048319e-09, 6.18437134836e-10, 3.02626190773e-08, 1.507868852e-08, 7.0007120101e-09, 1.06389830279e-08, 5.40999289811e-09, 6.67807942278e-09, 2.72745381835e-09, 5.8244351564e-09, 6.15186834807e-09, 8.88362539087e-09, 1.60472009014e-08, 1.03119601746e-08, 3.86702581068e-09, 1.22073595676e-09, 4.45700587548e-10, 7.41669670123e-10, 2.62068755585e-10, 1.9566865489e-11, 4.78259365975e-15], [3.52062969706e-13, 3.40317322933e-11, 8.19010484432e-11, -8.20460144269e-10, -2.20685270058e-09, -2.11238071479e-09, 7.4415035245e-10, -9.31398402848e-10, 2.83230439102e-09, 2.20020868191e-09, 7.80014552948e-10, 1.19686160982e-09, 8.13057565718e-10, 7.73349884131e-10, 4.50091214299e-10, 1.40378531022e-09, 1.14022125075e-09, 2.04796024583e-09, 3.62277674526e-09, 2.42808750883e-09, 8.29702861971e-10, 2.74182898607e-10, 2.11899872649e-10, 2.62068755585e-10, 1.79916082033e-10, 1.79932128225e-11, 1.20497107131e-15], [8.72798266494e-14, 5.00982545379e-12, -8.23227163521e-12, -1.83201613602e-11, -2.77039613472e-10, -2.34527369747e-10, -2.45006879368e-11, -1.09745219856e-10, 4.35694293144e-11, 9.34130550689e-12, -2.64273342793e-11, 2.77603235538e-11, 6.61358901671e-12, 2.60033713312e-11, 2.15527040659e-11, 1.06955722057e-10, 6.63125873657e-11, 1.11698428285e-10, 2.45500814122e-10, 1.37959491053e-10, 6.03568722779e-11, 2.16323590985e-11, 1.92696934798e-11, 1.9566865489e-11, 1.79932128225e-11, 2.01814042908e-12, 7.22449289964e-17], [1.33423096722e-14, 1.09528041052e-15, 1.5876515868e-13, -2.4712962796e-13, 2.49546070656e-13, -3.07802313368e-13, 1.84321351585e-12, 6.88278373098e-14, 4.65422026006e-13, 8.86551953811e-13, 4.68803225677e-14, 2.45095583369e-13, 1.45516889147e-14, 1.269632999e-13, 7.67068022598e-14, 4.20637002064e-14, 1.13560385867e-13, 1.73303876133e-13, 3.18073800805e-13, 2.48424165353e-13, 5.41426915779e-14, 1.31974119811e-14, 3.34233144701e-15, 4.78259365975e-15, 1.20497107131e-15, 7.22449289964e-17, 1.81681106017e-17]]
    },
    "mfcc": {
        "kurt": [43.3179588318, 0.365475177765, 1.78562688828, -0.112259626389, -0.595636129379, -0.145962715149, -0.236994028091, 0.226629734039, -0.367007493973, 0.185158014297, -0.199092626572, 0.0500724315643, 0.0881378650665],
        "max": [-483.676727295, 234.175079346, 27.560459137, 67.1565170288, -5.19593238831, -5.47761154175, 15.9385566711, 1.50107574463, 8.32978439331, 7.80416870117, 3.25275039673, 12.5987968445, 7.86675453186],
        "mean": [-650.36315918, 191.565994263, -72.4574356079, 36.643913269, -39.1854515076, -25.7279949188, -2.66010594368, -17.5651245117, -11.3053388596, -11.0217657089, -12.7951335907, -4.05013227463, -11.2037372589],
        "median": [-655.039611816, 206.767913818, -71.1261444092, 39.4164581299, -36.4654159546, -25.7241020203, -1.29732322693, -17.5959968567, -9.70061302185, -11.0308380127, -12.7014064789, -4.11394882202, -11.3832111359],
        "min": [-1079.73840332, 66.0047683716, -109.983703613, -15.548412323, -69.6693725586, -49.9193267822, -23.1665115356, -33.5791320801, -34.2314453125, -28.6329421997, -33.0865821838, -16.9475536346, -24.5455169678],
        "skew": [-2.19883704185, -1.15121555328, 0.757911384106, -0.625290572643, -0.452461242676, -0.0309146028012, -0.433213472366, 0.213141962886, -0.496736347675, 0.21503034234, 0.0362361967564, 0.139838412404, 0.226196393371],
        "var": [1321.50317383, 1269.32897949, 391.046173096, 256.902648926, 161.955108643, 62.3902893066, 59.2183647156, 39.4638595581, 79.8834991455, 37.6954536438, 38.7245788574, 29.9109477997, 27.5260887146],
        "cov": [[1324.32092285, -471.190307617, 198.460403442, -46.2328720093, 58.1210517883, 25.668296814, -29.7533245087, 44.1432991028, -34.0424766541, 51.0163002014, -67.0438919067, 6.3958940506, -45.0983924866], [-471.190307617, 1272.03540039, 4.7489027977, 438.621582031, 203.232376099, 105.546890259, 155.781646729, -14.474146843, 190.042922974, -20.0196838379, 34.3730735779, -40.7146873474, 10.3270378113], [198.460403442, 4.7489027977, 391.879974365, 134.042938232, 190.84954834, 75.8254852295, 25.1444644928, 42.497303009, 70.4756393433, 57.0504150391, -33.1107635498, -10.2939033508, -18.611289978], [-46.2328720093, 438.621582031, 134.042938232, 257.450439453, 146.579971313, 82.0310516357, 61.4736213684, 15.3358011246, 96.3969955444, 16.2997894287, -4.82281637192, -22.2841320038, -6.12500190735], [58.1210517883, 203.232376099, 190.84954834, 146.579971313, 162.300430298, 60.0999412537, 46.9343490601, 18.4331302643, 66.8993988037, 25.7481212616, -10.7609329224, -13.3191633224, -6.66233539581], [25.668296814, 105.546890259, 75.8254852295, 82.0310516357, 60.0999412537, 62.5233154297, 24.968547821, 18.1850852966, 32.2229919434, 11.423664093, -5.37835741043, -2.85373330116, -6.65554952621], [-29.7533245087, 155.781646729, 25.1444644928, 61.4736213684, 46.9343490601, 24.968547821, 59.3446273804, 12.1245594025, 40.8455619812, 0.0431546531618, 10.753578186, -3.63033151627, 2.69041156769], [44.1432991028, -14.474146843, 42.497303009, 15.3358011246, 18.4331302643, 18.1850852966, 12.1245594025, 39.5480041504, 21.8452415466, 14.2795543671, -0.9333152771, 0.786804974079, 1.68537318707], [-34.0424766541, 190.042922974, 70.4756393433, 96.3969955444, 66.8993988037, 32.2229919434, 40.8455619812, 21.8452415466, 80.0538330078, 19.3468532562, 5.58737564087, -9.08807373047, -1.27385103703], [51.0163002014, -20.0196838379, 57.0504150391, 16.2997894287, 25.7481212616, 11.423664093, 0.0431546531618, 14.2795543671, 19.3468532562, 37.7758293152, 2.31154727936, 3.29507684708, -1.04085242748], [-67.0438919067, 34.3730735779, -33.1107635498, -4.82281637192, -10.7609329224, -5.37835741043, 10.753578186, -0.9333152771, 5.58737564087, 2.31154727936, 38.8071479797, 13.4131307602, 10.3712024689], [6.3958940506, -40.7146873474, -10.2939033508, -22.2841320038, -13.3191633224, -2.85373330116, -3.63033151627, 0.786804974079, -9.08807373047, 3.29507684708, 13.4131307602, 29.9747238159, 10.8723325729], [-45.0983924866, 10.3270378113, -18.611289978, -6.12500190735, -6.66233539581, -6.65554952621, 2.69041156769, 1.68537318707, -1.27385103703, -1.04085242748, 10.3712024689, 10.8723325729, 27.5847797394]]
    },
    "sccoeffs": {
        "kurt": [2.02828788757, 0.605700492859, 1.14068698883, -0.125994920731, 5.47639846802, 2.84946346283],
        "max": [-0.33379098773, -0.560568869114, -0.58616566658, -0.695254862309, -0.726577401161, -0.632834017277],
        "mean": [-0.512490272522, -0.728283822536, -0.767037689686, -0.791993796825, -0.801099598408, -0.720203876495],
        "median": [-0.510051608086, -0.729542136192, -0.770077824593, -0.794931471348, -0.801535248756, -0.71858048439],
        "min": [-0.974427700043, -0.96721893549, -0.904778778553, -0.868136823177, -0.938733398914, -0.916632950306],
        "skew": [-0.515012085438, 0.220824271441, 0.585235595703, 0.339130610228, -0.451194137335, -0.781910836697],
        "var": [0.00596043374389, 0.00320476456545, 0.00185301515739, 0.00101164414082, 0.000372641574359, 0.00107725092676],
        "cov": [[0.00597314257175, 0.000478791276691, 0.000185485288966, -0.000438260147348, 7.5943156844e-05, -0.000155353438458], [0.000478791276691, 0.00321159767918, 0.000204799842322, -6.86691710143e-05, -3.65751948266e-05, -0.00028541489155], [0.000185485288966, 0.000204799842322, 0.001856966177, -7.61834016885e-05, 8.48795243655e-05, -5.58877727599e-05], [-0.000438260147348, -6.86691710143e-05, -7.61834016885e-05, 0.00101380120032, 0.000121362762002, 0.000198946669116], [7.5943156844e-05, -3.65751948266e-05, 8.48795243655e-05, 0.000121362762002, 0.000373436138034, 7.52563282731e-05], [-0.000155353438458, -0.00028541489155, -5.58877727599e-05, 0.000198946669116, 7.52563282731e-05, 0.00107954791747]]
    },
    "scvalleys": {
        "kurt": [-0.512362003326, 24.9129772186, 51.7930297852, 97.9159011841, 43.9727554321, 1.33115577698],
        "max": [-4.79537963867, -3.61250305176, -3.63279938698, -4.56713676453, -4.92179775238, -7.17278146744],
        "mean": [-6.4019985199, -4.48877286911, -5.04749155045, -6.07935810089, -6.57973146439, -10.5109424591],
        "median": [-6.02516746521, -4.44951725006, -5.05059146881, -6.08631277084, -6.63704586029, -10.7228765488],
        "min": [-10.0133953094, -8.60433578491, -9.57996463776, -11.3828029633, -11.2247552872, -12.8414592743],
        "skew": [-0.697014570236, -2.68700242043, -3.88167285919, -5.98615121841, -2.44246578217, 1.12657403946],
        "var": [1.1551014185, 0.152790024877, 0.130633115768, 0.130947992206, 0.151959732175, 0.818722546101],
        "cov": [[1.15756428242, 0.161767467856, -0.00442310469225, 0.026610545814, -0.063820451498, -0.0738864392042], [0.161767467856, 0.153115794063, 0.0604939088225, 0.0625896826386, 0.0367724597454, 0.0120750926435], [-0.00442310469225, 0.0604939088225, 0.130911663175, 0.0807830393314, 0.0753334313631, 0.0555210635066], [0.026610545814, 0.0625896826386, 0.0807830393314, 0.131227195263, 0.106042012572, 0.142930611968], [-0.063820451498, 0.0367724597454, 0.0753334313631, 0.106042012572, 0.152283743024, 0.247331917286], [-0.0738864392042, 0.0120750926435, 0.0555210635066, 0.142930611968, 0.247331917286, 0.820468187332]]
    }
},
"rhythm": {
    "beats_loudness": {
        "kurt": 2.30244588852,
        "max": 0.0982390195131,
        "mean": 0.0388393066823,
        "median": 0.0318983159959,
        "min": 0.0196229647845,
        "skew": 1.64286029339,
        "var": 0.00040769574116
    },
    "bpm": 80.9762802124,
    "confidence": 2.22500491142,
    "first_peak_bpm": {
        "kurt": 0,
        "max": 82,
        "mean": 82,
        "median": 82,
        "min": 82,
        "skew": 0,
        "var": 0
    },
    "first_peak_spread": {
        "kurt": 0,
        "max": 0.33333337307,
        "mean": 0.33333337307,
        "median": 0.33333337307,
        "min": 0.33333337307,
        "skew": 0,
        "var": 0
    },
    "first_peak_weight": {
        "kurt": 0,
        "max": 0.285714298487,
        "mean": 0.285714298487,
        "median": 0.285714298487,
        "min": 0.285714298487,
        "skew": 0,
        "var": 0
    },
    "onset_rate": 1.28803169727,
    "second_peak_bpm": {
        "kurt": 0,
        "max": 96,
        "mean": 96,
        "median": 96,
        "min": 96,
        "skew": 0,
        "var": 0
    },
    "second_peak_spread": {
        "kurt": 0,
        "max": 0.5,
        "mean": 0.5,
        "median": 0.5,
        "min": 0.5,
        "skew": 0,
        "var": 0
    },
    "second_peak_weight": {
        "kurt": 0,
        "max": 0.214285716414,
        "mean": 0.214285716414,
        "median": 0.214285716414,
        "min": 0.214285716414,
        "skew": 0,
        "var": 0
    },
    "beats_loudness_band_ratio": {
        "kurt": [-1.32781744003, -1.36067020893, -0.541338920593, 0.243963003159, 0.239122152328, 1.80211353302],
        "max": [0.312743455172, 0.542818903923, 0.570242464542, 0.414476424456, 0.170292466879, 0.117174260318],
        "mean": [0.118421383202, 0.32991990447, 0.356814175844, 0.167932614684, 0.063883446157, 0.030753094703],
        "median": [0.0717143565416, 0.373616456985, 0.352516770363, 0.119956322014, 0.0511279031634, 0.0170205682516],
        "min": [0.00237329443917, 0.141398385167, 0.130681976676, 0.0510821007192, 0.0210415255278, 0.00786224287003],
        "skew": [0.490950018167, -0.0136689925566, 0.135793328285, 1.18308258057, 1.23490107059, 1.76251685619],
        "var": [0.0109660010785, 0.0181882884353, 0.0143223283812, 0.0105350967497, 0.00194697082043, 0.00095003208844],
        "cov": [[0.0117492871359, 0.0093604484573, -0.00842964742333, -0.00777414860204, -0.0022922095377, -0.00170822907239], [0.0093604484573, 0.019487451762, -0.0111528197303, -0.0110783437267, -0.00315157766454, -0.00203241896816], [-0.00842964742333, -0.0111528197303, 0.0153453517705, 0.00391332618892, -8.98980506463e-05, 0.000142135322676], [-0.00777414860204, -0.0110783437267, 0.00391332618892, 0.0112876044586, 0.002190283034, 0.00125884800218], [-0.0022922095377, -0.00315157766454, -8.98980506463e-05, 0.002190283034, 0.00208604009822, 0.00139992567711], [-0.00170822907239, -0.00203241896816, 0.000142135322676, 0.00125884800218, 0.00139992567711, 0.00101789156906]]
    },
    "beats_position": [0.626938760281, 1.26548755169, 1.91564619541, 2.54258489609, 3.15791368484, 3.78485250473, 4.41179132462, 5.0967798233, 5.78176879883, 6.53641700745, 7.2910656929, 8.0224943161, 8.75392246246, 9.4853515625, 10.22838974],
    "bpm_estimates": [79.5072479248, 79.507194519, 82.0312423706, 82.0312957764, 82.0311889648, 80.7495498657],
    "bpm_intervals": [0.638548791409, 0.650158643723, 0.626938700676, 0.615328788757, 0.626938819885, 0.626938819885, 0.684988498688, 0.684988975525, 0.754648208618, 0.754648685455, 0.731428623199, 0.731428146362, 0.731429100037, 0.74303817749],
    "onset_times": [0.0116099771112, 2.3916554451, 2.51936507225, 4.17959165573, 4.26086187363, 4.38857126236, 5.7701587677, 5.94430828094, 6.08362817764, 7.01242637634, 8.34757328033, 8.91646289825, 9.05578231812, 10.5882997513],
    "histogram": [[0, 0, 0, 0, 0, 0, 0, 0, 0, 0, 0, 0, 0, 0, 0, 0, 0, 0, 0, 0, 0, 0, 0, 0, 0, 0, 0, 0, 0, 0, 0, 0, 0, 0, 0, 0, 0, 0, 0, 0, 0, 0, 0, 0, 0, 0, 0, 0, 0, 0, 0, 0, 0, 0, 0, 0, 0, 0, 0, 0, 0, 0, 0, 0, 0, 0, 0, 0, 0, 0, 0, 0, 0, 0, 0, 0, 0, 0, 0, 0, 0.142857149243, 0.0714285746217, 0.214285716414, 0, 0, 0, 0, 0, 0.142857149243, 0, 0, 0, 0.0714285746217, 0, 0.0714285746217, 0, 0.214285716414, 0, 0.0714285746217, 0, 0, 0, 0, 0, 0, 0, 0, 0, 0, 0, 0, 0, 0, 0, 0, 0, 0, 0, 0, 0, 0, 0, 0, 0, 0, 0, 0, 0, 0, 0, 0, 0, 0, 0, 0, 0, 0, 0, 0, 0, 0, 0, 0, 0, 0, 0, 0, 0, 0, 0, 0, 0, 0, 0, 0, 0, 0, 0, 0, 0, 0, 0, 0, 0, 0, 0, 0, 0, 0, 0, 0, 0, 0, 0, 0, 0, 0, 0, 0, 0, 0, 0, 0, 0, 0, 0, 0, 0, 0, 0, 0, 0, 0, 0, 0, 0, 0, 0, 0, 0, 0, 0, 0, 0, 0, 0, 0, 0, 0, 0, 0, 0, 0, 0, 0, 0, 0, 0, 0, 0, 0, 0, 0, 0, 0, 0, 0, 0, 0, 0, 0, 0, 0, 0, 0, 0, 0, 0, 0, 0, 0, 0, 0, 0, 0, 0, 0, 0, 0, 0]]
},
"sfx": {
    "inharmonicity": {
        "kurt": 0.241202354431,
        "max": 0.396633803844,
        "mean": 0.111465916038,
        "median": 0.0834248140454,
        "min": 0,
        "skew": 1.03911650181,
        "var": 0.00795376952738
    },
    "oddtoevenharmonicenergyratio": {
        "kurt": 4.55184555054,
        "max": 4.59558963776,
        "mean": 0.818854928017,
        "median": 0.596961736679,
        "min": 0,
        "skew": 1.87980294228,
        "var": 0.559188127518
    },
    "pitch_after_max_to_before_max_energy_ratio": 0.793627142906,
    "pitch_centroid": 243.672653198,
    "pitch_max_to_total": 0.765957474709,
    "pitch_min_to_total": 0.146808505058,
    "tristimulus": {
        "kurt": [0.698661088943, 1.498898983, 1.32995700836],
        "max": [1, 0.66990083456, 1],
        "mean": [0.239331692457, 0.38502201438, 0.37564599514],
        "median": [0.244046762586, 0.391691207886, 0.348542153835],
        "min": [0, 0, 0],
        "skew": [0.463311702013, -0.4966160357, 0.963108003139],
        "var": [0.0279745329171, 0.00982137676328, 0.0218217987567],
        "cov": [[0.0280341804028, -0.00800408702344, -0.0200300943106], [-0.00800408702344, 0.00984231755137, -0.00183823273983], [-0.0200300943106, -0.00183823273983, 0.0218683276325]]
    }
},
"tonal": {
    "chords_changes_rate": 0.161016955972,
    "chords_number_rate": 0.0296610165387,
    "chords_strength": {
        "kurt": -0.681662797928,
        "max": 0.639811575413,
        "mean": 0.437784343958,
        "median": 0.438083946705,
        "min": 0.230654835701,
        "skew": 0.119047068059,
        "var": 0.00769581599161
    },
    "key_strength": 0.34337374568,
    "tuning_diatonic_strength": 0.591881930828,
    "tuning_equal_tempered_deviation": 0.272689700127,
    "tuning_frequency": 436.456207275,
    "tuning_nontempered_energy_ratio": 0.907234191895,
    "hpcp": {
        "kurt": [-0.878706693649, 0.0395262241364, 1.1870341301, 0.819571733475, 0.0399882793427, 0.407805681229, -0.0462617874146, -0.178992986679, -0.606270551682, -0.277287244797, 0.199285745621, 0.854972839355, 1.77637910843, 1.30890989304, 0.818025827408, 1.74231910706, 0.917318582535, 1.0671710968, 0.508030414581, 0.539663791656, 1.38603258133, 1.83079051971, 1.24088191986, 1.1875576973, 1.55468225479, 2.0777721405, 2.71170568466, 1.92962408066, 1.13208627701, 0.455461740494, 0.515191316605, 1.10928106308, 1.53562879562, 1.88104963303, 0.763556957245, -0.497596979141],
        "max": [1, 1, 1, 1, 1, 1, 1, 1, 1, 1, 1, 1, 1, 1, 1, 1, 1, 1, 1, 1, 1, 1, 1, 1, 1, 1, 1, 1, 1, 1, 1, 1, 1, 1, 1, 1],
        "mean": [0.414362698793, 0.347910553217, 0.281839579344, 0.304234772921, 0.364217787981, 0.354239195585, 0.335732042789, 0.351273268461, 0.371641039848, 0.38820001483, 0.355373620987, 0.28260999918, 0.231310248375, 0.235203877091, 0.247485116124, 0.254606544971, 0.275861471891, 0.306089788675, 0.325195759535, 0.325436890125, 0.284777879715, 0.248671784997, 0.272414296865, 0.278864979744, 0.252909123898, 0.249964490533, 0.251456409693, 0.258903980255, 0.28293672204, 0.303171604872, 0.300821959972, 0.294229447842, 0.271060883999, 0.245577469468, 0.279724091291, 0.369931817055],
