{
"metadata": {
    "version": {
        "essentia": "2.1-beta3"
    }
},
"lowLevel": {
    "average_loudness": 0.987587213516,
    "barkbands_kurtosis": {
        "kurt": 0.916599035263,
        "max": 18.8758087158,
        "mean": 2.88657212257,
        "median": 1.71845006943,
        "min": -1.70806574821,
        "skew": 1.11077713966,
        "var": 13.8225727081
    },
    "barkbands_skewness": {
        "kurt": 1.1536989212,
        "max": 3.55830907822,
        "mean": 1.58690905571,
        "median": 1.54792642593,
        "min": -1.82560026646,
        "skew": -0.163877874613,
        "var": 0.467753976583
    },
    "barkbands_spread": {
        "kurt": -1.07880723476,
        "max": 43.3121070862,
        "mean": 18.1129665375,
        "median": 18.7410984039,
        "min": 2.81776642799,
        "skew": 0.160094827414,
        "var": 86.2356796265
    },
    "dissonance": {
        "kurt": 5.14063453674,
        "max": 0.499999970198,
        "mean": 0.468927025795,
        "median": 0.474002331495,
        "min": 0.33752939105,
        "skew": -1.83437287807,
        "var": 0.00059164268896
    },
    "hfc": {
        "kurt": 142.312271118,
        "max": 494.664642334,
        "mean": 30.6850509644,
        "median": 26.91979599,
        "min": 1.17284364102e-16,
        "skew": 11.0793905258,
        "var": 1050.02966309
    },
    "pitch": {
        "kurt": 8.97779560089,
        "max": 4056.52978516,
        "mean": 497.581512451,
        "median": 241.410339355,
        "min": 65.5876617432,
        "skew": 3.27326512337,
        "var": 833620
    },
    "pitch_instantaneous_confidence": {
        "kurt": 1.9693775177,
        "max": 0.643253564835,
        "mean": 0.269388109446,
        "median": 0.25487613678,
        "min": 0.114101409912,
        "skew": 1.13532412052,
        "var": 0.00600676005706
    },
    "pitch_salience": {
        "kurt": 0.373871088028,
        "max": 0.878440201283,
        "mean": 0.741062521935,
        "median": 0.749014496803,
        "min": 0.554269254208,
        "skew": -0.538678705692,
        "var": 0.00337738776579
    },
    "silence_rate_20dB": {
        "kurt": 0,
        "max": 1,
        "mean": 1,
        "median": 1,
        "min": 1,
        "skew": 0,
        "var": 0
    },
    "silence_rate_30dB": {
        "kurt": 63.415473938,
        "max": 1,
        "mean": 0.985380113125,
        "median": 1,
        "min": 0,
        "skew": -8.08796405792,
        "var": 0.014406055212
    },
    "silence_rate_60dB": {
        "kurt": 337.009033203,
        "max": 1,
        "mean": 0.00292397662997,
        "median": 0,
        "min": 0,
        "skew": 18.4124393463,
        "var": 0.00291540077887
    },
    "spectral_centroid": {
        "kurt": 215.795898438,
        "max": 10927.5527344,
        "mean": 838.793945312,
        "median": 747.356933594,
        "min": 408.428039551,
        "skew": 13.3115997314,
        "var": 372261.78125
    },
    "spectral_complexity": {
        "kurt": -0.915796279907,
        "max": 64,
        "mean": 35.8888893127,
        "median": 40,
        "min": 0,
        "skew": -0.455860674381,
        "var": 143.396942139
    },
    "spectral_crest": {
        "kurt": -0.0916230678558,
        "max": 15.943649292,
        "mean": 7.86297416687,
        "median": 7.5472240448,
        "min": 2.99758315086,
        "skew": 0.558556556702,
        "var": 5.88974523544
    },
    "spectral_decrease": {
        "kurt": 56.4911231995,
        "max": 3.74926168859e-29,
        "mean": -9.31259513948e-09,
        "median": -8.47553494054e-09,
        "min": -6.65989432491e-08,
        "skew": -6.01812171936,
        "var": 2.56344860017e-17
    },
    "spectral_energy": {
        "kurt": 69.3050079346,
        "max": 0.296227276325,
        "mean": 0.0379311069846,
        "median": 0.0347123295069,
        "min": 1.04965350402e-20,
        "skew": 6.85658788681,
        "var": 0.00046684872359
    },
    "spectral_energyband_high": {
        "kurt": 200.327133179,
        "max": 0.0411408022046,
        "mean": 0.00082204118371,
        "median": 0.000549798016436,
        "min": 7.45961493041e-21,
        "skew": 13.4661083221,
        "var": 6.34082880424e-06
    },
    "spectral_energyband_low": {
        "kurt": 2.68608474731,
        "max": 0.0114483721554,
        "mean": 0.00207953155041,
        "median": 0.00120800512377,
        "min": 7.53355411837e-23,
        "skew": 1.71322870255,
        "var": 5.6641692936e-06
    },
    "spectral_energyband_middle_high": {
        "kurt": 99.4794464111,
        "max": 0.0938621684909,
        "mean": 0.00772545859218,
        "median": 0.00706551037729,
        "min": 1.5747202515e-21,
        "skew": 8.81548500061,
        "var": 4.60710907646e-05
    },
    "spectral_energyband_middle_low": {
        "kurt": 23.7271690369,
        "max": 0.161440223455,
        "mean": 0.0289002601057,
        "median": 0.0258014816791,
        "min": 2.45609911709e-22,
        "skew": 3.54198598862,
        "var": 0.000228388031246
    },
    "spectral_flatness_db": {
        "kurt": -0.586750507355,
        "max": 0.323604673147,
        "mean": 0.199519068003,
        "median": 0.185478746891,
        "min": 0.0805190727115,
        "skew": 0.577603518963,
        "var": 0.00198654411361
    },
    "spectral_flux": {
        "kurt": 25.1210918427,
        "max": 0.398847460747,
        "mean": 0.125590100884,
        "median": 0.121180042624,
        "min": 1.02452601958e-10,
        "skew": 3.87934303284,
        "var": 0.00124964199495
    },
    "spectral_kurtosis": {
        "kurt": 5.05349445343,
        "max": 37.0552520752,
        "mean": 7.4111905098,
        "median": 5.5345826149,
        "min": -1.18771517277,
        "skew": 2.12098479271,
        "var": 32.7367897034
    },
    "spectral_rms": {
        "kurt": 20.7194957733,
        "max": 0.0170000661165,
        "mean": 0.00594229390845,
        "median": 0.00581942126155,
        "min": 3.20008147585e-12,
        "skew": 2.6621696949,
        "var": 1.6950986037e-06
    },
    "spectral_rolloff": {
        "kurt": 78.6039657593,
        "max": 18453.9550781,
        "mean": 1611.52722168,
        "median": 1108.95996094,
        "min": 495.263671875,
        "skew": 6.52451848984,
        "var": 1704483.5
    },
    "spectral_skewness": {
        "kurt": 1.9349155426,
        "max": 4.30624628067,
        "mean": 1.8722025156,
        "median": 1.72305655479,
        "min": 0.030520979315,
        "skew": 1.21048617363,
        "var": 0.35014078021
    },
    "spectral_spread": {
        "kurt": 263.744506836,
        "max": 40703068,
        "mean": 3057377.5,
        "median": 3094301.5,
        "min": 1421773.375,
        "skew": 15.3494243622,
        "var": 4.69261195674e+12
    },
    "spectral_strongpeak": {
        "kurt": 51.090171814,
        "max": 7.91223287582,
        "mean": 0.734636425972,
        "median": 0.594616889954,
        "min": 4.17116163831e-09,
        "skew": 5.25651979446,
        "var": 0.388657331467
    },
    "zerocrossingrate": {
        "kurt": 150.875595093,
        "max": 0.5,
        "mean": 0.0543591231108,
        "median": 0.053955078125,
        "min": 0.02392578125,
        "skew": 10.166806221,
        "var": 0.000866433489136
    },
    "barkbands": {
        "kurt": [82.6020965576, 12.5176906586, 4.39525699615, 3.40707492828, 2.56115198135, 12.568567276, 16.9505882263, 43.0569152832, 44.8126869202, 52.4131813049, 9.27393817902, 29.0824165344, 20.0537872314, 8.19732475281, 38.4550247192, 48.0183830261, 171.446456909, 87.7734146118, 88.5874557495, 104.999588013, 204.703384399, 244.677886963, 200.381439209, 135.296539307, 205.595581055, 75.9372634888, 210.538909912],
        "max": [2.48977230513e-05, 0.00116158346646, 0.00467252265662, 0.0174235776067, 0.0320585221052, 0.0496909171343, 0.0518254563212, 0.0394092239439, 0.0316993333399, 0.0175815243274, 0.00517347687855, 0.00497866654769, 0.00321530131623, 0.0021423981525, 0.00415770849213, 0.0062609128654, 0.0117083555087, 0.0147405909374, 0.0190060157329, 0.0291508492082, 0.0203861407936, 0.00249737524427, 0.000409608444897, 0.000287410541205, 8.52379525895e-05, 3.60712260772e-06, 5.80831809316e-08],
        "mean": [9.51631704993e-07, 0.000105004030047, 0.000700594275258, 0.00264538475312, 0.00704165175557, 0.00651782518253, 0.00577941536903, 0.00337975565344, 0.00292990542948, 0.00164254382253, 0.00100507237948, 0.000636368000414, 0.000438567716628, 0.000318512116792, 0.000358729157597, 0.000450838386314, 0.0005283432547, 0.000753958476707, 0.00109497504309, 0.00120867555961, 0.000341068254784, 3.95019123971e-05, 6.71358293403e-06, 5.70139627598e-06, 1.0226235645e-06, 6.04970509244e-08, 1.32155708599e-09],
        "median": [4.16488035171e-07, 5.57602543267e-05, 0.000388552842196, 0.00132705236319, 0.00524489441887, 0.00504883937538, 0.00412179622799, 0.00254012038931, 0.00230282358825, 0.00139564613346, 0.000841492670588, 0.00056123099057, 0.000384750193916, 0.000254007463809, 0.000281671527773, 0.000374103983631, 0.000392114161514, 0.000534486258402, 0.000868553994223, 0.000835440354422, 0.00020825707179, 2.386111737e-05, 3.28983242071e-06, 2.92384311251e-06, 3.77975936772e-07, 6.4280833989e-09, 4.87963780493e-10],
        "min": [4.58145051874e-24, 5.53774549449e-23, 1.31024810756e-23, 5.01339722385e-24, 2.01649807884e-23, 1.41463523125e-23, 7.05740083142e-23, 3.37180166146e-23, 9.8525710458e-23, 6.0937397092e-23, 6.2119502003e-23, 1.16470049376e-22, 7.57456541911e-23, 6.85405584034e-23, 7.56837885634e-23, 1.41611728001e-22, 3.96873296088e-22, 1.68563003056e-22, 2.99594781032e-22, 2.11768006067e-22, 3.79931163929e-22, 6.23608959644e-22, 6.26447849161e-22, 8.18823180309e-22, 1.29551306938e-21, 1.38471973246e-21, 2.44616734567e-21],
        "skew": [7.67225551605, 2.87475824356, 2.04178309441, 1.81793367863, 1.60657536983, 2.73945450783, 3.2436504364, 4.95176696777, 5.14745855331, 5.55494117737, 2.36677885056, 4.14112186432, 3.39879536629, 2.17607331276, 4.41246509552, 5.38275957108, 11.3344278336, 8.38403892517, 8.33818054199, 9.33323001862, 13.7084980011, 15.0196218491, 13.1403656006, 10.7791376114, 13.4229850769, 8.34897994995, 13.1718254089],
        "var": [3.62168324844e-12, 1.94915852347e-08, 7.63135631132e-07, 9.67626692727e-06, 3.37150813721e-05, 3.24558859575e-05, 3.08108137688e-05, 1.10042019514e-05, 6.9824250204e-06, 1.94439212464e-06, 4.50880975222e-07, 2.23121958243e-07, 1.02324470674e-07, 7.00825637523e-08, 1.25793420125e-07, 2.71740191238e-07, 5.12540054842e-07, 1.3043107856e-06, 2.48947594628e-06, 5.05314028487e-06, 1.55348982389e-06, 2.09330242029e-08, 6.20653028971e-10, 3.87657822509e-10, 2.67732346709e-11, 1.06977686258e-13, 1.19334757898e-17],
        "cov": [[3.63230387608e-12, 6.77338948818e-11, 2.91109525374e-10, 9.41188349479e-10, 1.49947754213e-09, -8.42371450371e-10, -6.88263959714e-11, -4.57310717072e-10, -4.21691404018e-10, -3.32189310781e-11, 4.07534804514e-11, 8.34929833604e-11, 7.46226205828e-11, 6.72984515337e-11, 6.69693814292e-11, 1.2484764611e-10, 1.75554654147e-10, 2.85038520564e-10, 4.77396011611e-10, 7.95561838629e-10, 2.35792663172e-10, 2.37902007122e-11, 4.20869632548e-12, 3.62755572109e-12, 7.29700913409e-13, 4.7461373617e-14, 4.17049546481e-15], [6.77338948818e-11, 1.95487448451e-08, 5.18700495888e-08, 1.51760701783e-07, 2.62805286866e-07, 5.37758708674e-08, 5.26540091528e-08, 9.22364904454e-08, 7.95238079832e-08, 6.59057945995e-08, 1.513929071e-08, 1.84575164042e-08, 1.73629910449e-08, 1.33262725299e-08, 2.35132873172e-08, 3.25374180932e-08, 4.90332396907e-08, 6.82235636873e-08, 9.82498349344e-08, 1.38473041034e-07, 7.80764679575e-08, 9.20598441922e-09, 1.47080658763e-09, 1.11752207488e-09, 2.89330420733e-10, 1.18373826366e-11, 1.75525131945e-14], [2.91109525374e-10, 5.18700495888e-08, 7.65373556533e-07, 1.57500903697e-06, 1.08673327759e-06, -2.26875105369e-08, -5.05117100147e-07, -6.56238654528e-08, -1.34779597261e-07, 2.06420409654e-08, 7.79178677135e-09, 6.23005504963e-08, 3.63590366703e-08, 4.94107119664e-08, 7.90791006011e-08, 8.04582995784e-08, 1.00657537416e-07, 1.37272195389e-07, 2.0383725996e-07, 2.85047576654e-07, 8.59928022123e-08, 9.95087301447e-09, 1.08431552626e-09, 1.07784792203e-09, 1.34520575235e-10, 3.21606456744e-13, -1.42712881443e-13], [9.41188349479e-10, 1.51760701783e-07, 1.57500903697e-06, 9.70464316197e-06, 6.50478705211e-06, -7.13399288088e-07, -1.558964982e-06, -3.23619872233e-07, -5.97138807734e-07, 4.49914239198e-08, -1.2541521599e-08, 2.30306213211e-07, 1.67044944988e-07, 1.69408920669e-07, 2.45136817512e-07, 3.76892927534e-07, 4.0639727672e-07, 5.43904718597e-07, 6.9946139547e-07, 8.78480364008e-07, 3.97321684886e-07, 4.96703265185e-08, 5.13989073525e-09, 4.69588412599e-09, 9.75130531877e-10, 4.16773126427e-12, -5.50949260172e-13], [1.49947754213e-09, 2.62805286866e-07, 1.08673327759e-06, 6.50478705211e-06, 3.38139507221e-05, 6.48540435577e-07, -1.57169733939e-06, 9.42048814068e-07, 8.10078404356e-07, 1.28790145482e-06, 5.19452669323e-07, 5.65693312637e-07, 5.11952407578e-07, 4.08179204214e-07, 6.28474936093e-07, 8.45753390877e-07, 1.30337650717e-06, 1.55621205522e-06, 2.09371569326e-06, 2.35308766605e-06, 1.43005263453e-06, 1.72597424353e-07, 2.63823576319e-08, 1.95481781873e-08, 5.36949684715e-09, 1.9584787958e-10, -1.00383204421e-14], [-8.42371450371e-10, 5.37758708674e-08, -2.26875105369e-08, -7.13399288088e-07, 6.48540435577e-07, 3.2551066397e-05, 1.27795046865e-05, 7.70676069806e-06, 5.1812107813e-06, 2.70118152912e-06, 8.06696448308e-07, 1.01706223177e-06, 1.48132912159e-07, -6.60252510443e-08, 1.2776339986e-07, 2.80742931125e-08, 3.19321628695e-07, 6.61129433865e-07, 7.27514020582e-07, 9.91029423858e-07, 1.13517705813e-06, 1.22199821817e-07, 2.31004957385e-08, 1.71254868064e-08, 4.66339633576e-09, 2.84520823568e-10, 7.95518490491e-13], [-6.88263959714e-11, 5.26540091528e-08, -5.05117100147e-07, -1.558964982e-06, -1.57169733939e-06, 1.27795046865e-05, 3.09011666104e-05, 7.67256733525e-06, 4.50614061265e-06, 2.61913282884e-06, 1.10435871647e-06, 1.10845928702e-06, 3.29055126258e-07, -6.39460817631e-10, 2.2578696246e-07, 4.93288382586e-07, 7.0745852554e-07, 2.2331537366e-06, 3.26547569784e-06, 4.17375031248e-06, 2.46973695539e-06, 2.48708033723e-07, 4.44364616214e-08, 3.96636536948e-08, 8.29916402267e-09, 6.12284056789e-10, 1.39624217136e-12], [-4.57310717072e-10, 9.22364904454e-08, -6.56238654528e-08, -3.23619872233e-07, 9.42048814068e-07, 7.70676069806e-06, 7.67256733525e-06, 1.10364726424e-05, 5.52490701011e-06, 2.52093650488e-06, 7.49687615098e-07, 7.66620075865e-07, 2.73034714837e-07, 1.33404114422e-07, 3.89120486943e-07, 5.85799966757e-07, 1.09931352199e-06, 1.70611497197e-06, 2.28822977988e-06, 3.47700620296e-06, 2.51816777563e-06, 2.88853755137e-07, 4.74827537289e-08, 3.53291973454e-08, 9.7564427648e-09, 4.39525887908e-10, 1.0341248257e-12], [-4.21691404018e-10, 7.95238079832e-08, -1.34779597261e-07, -5.97138807734e-07, 8.10078404356e-07, 5.1812107813e-06, 4.50614061265e-06, 5.52490701011e-06, 7.00290138411e-06, 2.08990059036e-06, 5.04062597884e-07, 5.25284974628e-07, 2.56390279674e-07, 1.94663897446e-07, 3.88169439702e-07, 6.13744759903e-07, 9.61943669608e-07, 1.32126251629e-06, 1.52439167778e-06, 2.19430376092e-06, 1.79987443971e-06, 2.10425966429e-07, 3.60546899003e-08, 2.56720156244e-08, 7.56246620881e-09, 3.51925155684e-10, 6.73933239943e-13], [-3.32189310781e-11, 6.59057945995e-08, 2.06420409654e-08, 4.49914239198e-08, 1.28790145482e-06, 2.70118152912e-06, 2.61913282884e-06, 2.52093650488e-06, 2.08990059036e-06, 1.95009420167e-06, 3.86819863252e-07, 3.67600875961e-07, 1.85950838727e-07, 1.0329305411e-07, 2.20164722009e-07, 3.38266801236e-07, 5.76463435209e-07, 9.94184347292e-07, 1.22023345739e-06, 1.85202509329e-06, 1.21975210732e-06, 1.37719595728e-07, 2.33101218328e-08, 1.84754043175e-08, 4.91961360538e-09, 2.57591753483e-10, 3.44841857977e-13], [4.07534804514e-11, 1.513929071e-08, 7.79178677135e-09, -1.2541521599e-08, 5.19452669323e-07, 8.06696448308e-07, 1.10435871647e-06, 7.49687615098e-07, 5.04062597884e-07, 3.86819863252e-07, 4.52203209989e-07, 1.21261606978e-07, 6.42614423896e-08, 3.02233580385e-08, 5.08080297834e-08, 1.07584931186e-07, 1.56025052434e-07, 3.21922641433e-07, 4.67281893179e-07, 6.40089012904e-07, 3.59705211395e-07, 3.95875154879e-08, 7.34270022562e-09, 6.24116047732e-09, 1.51911117019e-09, 9.57247059397e-11, 4.52271412595e-14], [8.34929833604e-11, 1.84575164042e-08, 6.23005504963e-08, 2.30306213211e-07, 5.65693312637e-07, 1.01706223177e-06, 1.10845928702e-06, 7.66620075865e-07, 5.25284974628e-07, 3.67600875961e-07, 1.21261606978e-07, 2.23776282837e-07, 6.16287749722e-08, 3.74443978046e-08, 7.04447415956e-08, 9.05572505872e-08, 1.42801212633e-07, 2.67634590045e-07, 3.82492061135e-07, 5.15240344612e-07, 2.98968870993e-07, 3.27914442266e-08, 5.39773825636e-09, 4.46548664712e-09, 1.06224129492e-09, 5.9245816586e-11, 1.30475627047e-13], [7.46226205828e-11, 1.73629910449e-08, 3.63590366703e-08, 1.67044944988e-07, 5.11952407578e-07, 1.48132912159e-07, 3.29055126258e-07, 2.73034714837e-07, 2.56390279674e-07, 1.85950838727e-07, 6.42614423896e-08, 6.16287749722e-08, 1.02624547083e-07, 4.57237767648e-08, 6.48813553994e-08, 9.64452411267e-08, 1.38864180599e-07, 2.23258879828e-07, 3.01061646724e-07, 4.10882364577e-07, 2.25209873861e-07, 2.63729411643e-08, 4.42892433838e-09, 3.544869287e-09, 9.01121455232e-10, 4.978662968e-11, 6.81438277117e-14], [6.72984515337e-11, 1.33262725299e-08, 4.94107119664e-08, 1.69408920669e-07, 4.08179204214e-07, -6.60252510443e-08, -6.39460817631e-10, 1.33404114422e-07, 1.94663897446e-07, 1.0329305411e-07, 3.02233580385e-08, 3.74443978046e-08, 4.57237767648e-08, 7.02880882386e-08, 6.95127084782e-08, 9.32866299763e-08, 1.14298394749e-07, 1.61313394642e-07, 2.28403976621e-07, 2.94202266105e-07, 1.4987753616e-07, 1.76100662941e-08, 2.99485281019e-09, 2.33829799967e-09, 5.79998216121e-10, 3.00777180939e-11, 2.86751958983e-14], [6.69693814292e-11, 2.35132873172e-08, 7.90791006011e-08, 2.45136817512e-07, 6.28474936093e-07, 1.2776339986e-07, 2.2578696246e-07, 3.89120486943e-07, 3.88169439702e-07, 2.20164722009e-07, 5.08080297834e-08, 7.04447415956e-08, 6.48813553994e-08, 6.95127084782e-08, 1.26162319702e-07, 1.46559557379e-07, 1.96402169195e-07, 2.90175677264e-07, 3.8418437498e-07, 5.18311082942e-07, 2.89625091909e-07, 3.37658150329e-08, 5.72274005961e-09, 4.34417612993e-09, 1.12188347501e-09, 5.27245851145e-11, 1.01376528428e-13], [1.2484764611e-10, 3.25374180932e-08, 8.04582995784e-08, 3.76892927534e-07, 8.45753390877e-07, 2.80742931125e-08, 4.93288382586e-07, 5.85799966757e-07, 6.13744759903e-07, 3.38266801236e-07, 1.07584931186e-07, 9.05572505872e-08, 9.64452411267e-08, 9.32866299763e-08, 1.46559557379e-07, 2.72537079127e-07, 3.0413215768e-07, 4.70340467018e-07, 6.21981484983e-07, 8.39387780616e-07, 4.66899280127e-07, 5.39948068479e-08, 9.43397715503e-09, 7.43518979718e-09, 1.86271731373e-09, 9.5995052185e-11, 1.89207360174e-13], [1.75554654147e-10, 4.90332396907e-08, 1.00657537416e-07, 4.0639727672e-07, 1.30337650717e-06, 3.19321628695e-07, 7.0745852554e-07, 1.09931352199e-06, 9.61943669608e-07, 5.76463435209e-07, 1.56025052434e-07, 1.42801212633e-07, 1.38864180599e-07, 1.14298394749e-07, 1.96402169195e-07, 3.0413215768e-07, 5.1404305168e-07, 6.76902288888e-07, 9.01245073237e-07, 1.27405087369e-06, 7.75044327384e-07, 9.24129324176e-08, 1.55841242133e-08, 1.15277840607e-08, 3.10610315246e-09, 1.37555467017e-10, 3.547421688e-13], [2.85038520564e-10, 6.82235636873e-08, 1.37272195389e-07, 5.43904718597e-07, 1.55621205522e-06, 6.61129433865e-07, 2.2331537366e-06, 1.70611497197e-06, 1.32126251629e-06, 9.94184347292e-07, 3.21922641433e-07, 2.67634590045e-07, 2.23258879828e-07, 1.61313394642e-07, 2.90175677264e-07, 4.70340467018e-07, 6.76902288888e-07, 1.30813577925e-06, 1.62913806889e-06, 2.30708837989e-06, 1.26758902752e-06, 1.41115023666e-07, 2.45397941967e-08, 2.03615240224e-08, 4.97477081751e-09, 2.8697499932e-10, 5.97432856225e-13], [4.77396011611e-10, 9.82498349344e-08, 2.0383725996e-07, 6.9946139547e-07, 2.09371569326e-06, 7.27514020582e-07, 3.26547569784e-06, 2.28822977988e-06, 1.52439167778e-06, 1.22023345739e-06, 4.67281893179e-07, 3.82492061135e-07, 3.01061646724e-07, 2.28403976621e-07, 3.8418437498e-07, 6.21981484983e-07, 9.01245073237e-07, 1.62913806889e-06, 2.49677646025e-06, 3.26356393998e-06, 1.71809995209e-06, 1.9157278075e-07, 3.28607434597e-08, 2.73605369472e-08, 6.40771435911e-09, 3.60381141595e-10, 7.61068074881e-13], [7.95561838629e-10, 1.38473041034e-07, 2.85047576654e-07, 8.78480364008e-07, 2.35308766605e-06, 9.91029423858e-07, 4.17375031248e-06, 3.47700620296e-06, 2.19430376092e-06, 1.85202509329e-06, 6.40089012904e-07, 5.15240344612e-07, 4.10882364577e-07, 2.94202266105e-07, 5.18311082942e-07, 8.39387780616e-07, 1.27405087369e-06, 2.30708837989e-06, 3.26356393998e-06, 5.06795868205e-06, 2.55812369687e-06, 2.8824328524e-07, 4.8211557413e-08, 3.95498425121e-08, 9.54518331042e-09, 5.05463504386e-10, 1.22767941646e-12], [2.35792663172e-10, 7.80764679575e-08, 8.59928022123e-08, 3.97321684886e-07, 1.43005263453e-06, 1.13517705813e-06, 2.46973695539e-06, 2.51816777563e-06, 1.79987443971e-06, 1.21975210732e-06, 3.59705211395e-07, 2.98968870993e-07, 2.25209873861e-07, 1.4987753616e-07, 2.89625091909e-07, 4.66899280127e-07, 7.75044327384e-07, 1.26758902752e-06, 1.71809995209e-06, 2.55812369687e-06, 1.55804548285e-06, 1.78373497306e-07, 2.95607431866e-08, 2.3098262858e-08, 6.04218008959e-09, 2.90100693467e-10, 6.65925376907e-13], [2.37902007122e-11, 9.20598441922e-09, 9.95087301447e-09, 4.96703265185e-08, 1.72597424353e-07, 1.22199821817e-07, 2.48708033723e-07, 2.88853755137e-07, 2.10425966429e-07, 1.37719595728e-07, 3.95875154879e-08, 3.27914442266e-08, 2.63729411643e-08, 1.76100662941e-08, 3.37658150329e-08, 5.39948068479e-08, 9.24129324176e-08, 1.41115023666e-07, 1.9157278075e-07, 2.8824328524e-07, 1.78373497306e-07, 2.09944115426e-08, 3.4629423773e-09, 2.63895394426e-09, 7.07699898683e-10, 3.25276160174e-11, 7.03015323364e-14], [4.20869632548e-12, 1.47080658763e-09, 1.08431552626e-09, 5.13989073525e-09, 2.63823576319e-08, 2.31004957385e-08, 4.44364616214e-08, 4.74827537289e-08, 3.60546899003e-08, 2.33101218328e-08, 7.34270022562e-09, 5.39773825636e-09, 4.42892433838e-09, 2.99485281019e-09, 5.72274005961e-09, 9.43397715503e-09, 1.55841242133e-08, 2.45397941967e-08, 3.28607434597e-08, 4.8211557413e-08, 2.95607431866e-08, 3.4629423773e-09, 6.22473128598e-10, 4.77130723819e-10, 1.26136170953e-10, 6.6831696427e-12, 1.22916161231e-14], [3.62755572109e-12, 1.11752207488e-09, 1.07784792203e-09, 4.69588412599e-09, 1.95481781873e-08, 1.71254868064e-08, 3.96636536948e-08, 3.53291973454e-08, 2.56720156244e-08, 1.84754043175e-08, 6.24116047732e-09, 4.46548664712e-09, 3.544869287e-09, 2.33829799967e-09, 4.34417612993e-09, 7.43518979718e-09, 1.15277840607e-08, 2.03615240224e-08, 2.73605369472e-08, 3.95498425121e-08, 2.3098262858e-08, 2.63895394426e-09, 4.77130723819e-10, 3.88794635375e-10, 9.84250875247e-11, 5.72972355325e-12, 9.01982685048e-15], [7.29700913409e-13, 2.89330420733e-10, 1.34520575235e-10, 9.75130531877e-10, 5.36949684715e-09, 4.66339633576e-09, 8.29916402267e-09, 9.7564427648e-09, 7.56246620881e-09, 4.91961360538e-09, 1.51911117019e-09, 1.06224129492e-09, 9.01121455232e-10, 5.79998216121e-10, 1.12188347501e-09, 1.86271731373e-09, 3.10610315246e-09, 4.97477081751e-09, 6.40771435911e-09, 9.54518331042e-09, 6.04218008959e-09, 7.07699898683e-10, 1.26136170953e-10, 9.84250875247e-11, 2.68517482555e-11, 1.43952070316e-12, 2.50854270692e-15], [4.7461373617e-14, 1.18373826366e-11, 3.21606456744e-13, 4.16773126427e-12, 1.9584787958e-10, 2.84520823568e-10, 6.12284056789e-10, 4.39525887908e-10, 3.51925155684e-10, 2.57591753483e-10, 9.57247059397e-11, 5.9245816586e-11, 4.978662968e-11, 3.00777180939e-11, 5.27245851145e-11, 9.5995052185e-11, 1.37555467017e-10, 2.8697499932e-10, 3.60381141595e-10, 5.05463504386e-10, 2.90100693467e-10, 3.25276160174e-11, 6.6831696427e-12, 5.72972355325e-12, 1.43952070316e-12, 1.07291406933e-13, 1.36265697471e-16], [4.17049546481e-15, 1.75525131945e-14, -1.42712881443e-13, -5.50949260172e-13, -1.00383204421e-14, 7.95518490491e-13, 1.39624217136e-12, 1.0341248257e-12, 6.73933239943e-13, 3.44841857977e-13, 4.52271412595e-14, 1.30475627047e-13, 6.81438277117e-14, 2.86751958983e-14, 1.01376528428e-13, 1.89207360174e-13, 3.547421688e-13, 5.97432856225e-13, 7.61068074881e-13, 1.22767941646e-12, 6.65925376907e-13, 7.03015323364e-14, 1.22916161231e-14, 9.01982685048e-15, 2.50854270692e-15, 1.36265697471e-16, 1.19684713199e-17]]
    },
    "mfcc": {
        "kurt": [38.3057975769, 2.81163740158, 1.9355173111, 0.11288022995, -0.816520452499, -0.351001501083, -0.104360342026, -0.157458543777, 0.435271263123, 0.213910102844, -0.325376033783, -0.211461544037, 0.705862998962],
        "max": [-445.190216064, 226.057037354, -6.103515625e-05, 74.3391876221, -6.103515625e-05, 2.28881835938e-05, 18.2111930847, -5.34057617188e-05, 5.09600830078, 11.2968254089, -2.67028808594e-05, 8.00141525269, 12.1375999451],
        "mean": [-628.567932129, 168.660980225, -57.4034042358, 45.2772789001, -37.9550743103, -27.1104049683, -4.02264356613, -17.1888999939, -12.9251699448, -7.15108585358, -16.7531147003, -3.82911229134, -11.6359014511],
        "median": [-615.638061523, 163.480575562, -56.2520446777, 47.6566696167, -33.6110916138, -24.7537117004, -3.60757637024, -17.0406341553, -12.3024492264, -6.67703056335, -16.9439945221, -3.81527709961, -11.8642225266],
        "min": [-1138.42004395, 1.14440917969e-05, -87.0570373535, 8.01086425781e-05, -74.908744812, -61.2925834656, -23.4325218201, -37.6825752258, -34.6601333618, -32.5748672485, -29.2474555969, -17.5470428467, -27.7076663971],
        "skew": [-3.6326315403, -0.508968889713, -0.0279125608504, -0.634115338326, -0.47334048152, -0.567723155022, -0.0785540118814, -0.204156830907, -0.311630189419, -0.41380751133, 0.124736480415, -0.13718611002, 0.262753039598],
        "var": [2237.92456055, 800.277770996, 119.84412384, 123.672294617, 226.773284912, 130.210388184, 49.31798172, 43.0817108154, 42.6772193909, 54.4058380127, 26.7784309387, 25.9855709076, 28.0496444702],
        "cov": [[2244.48730469, -558.039978027, 111.905639648, 327.088012695, 326.670196533, 263.096618652, 69.5478286743, 98.4510421753, 53.6865730286, 145.049240112, -67.0931472778, 14.7286548615, -33.0076065063], [-558.039978027, 802.624633789, -136.748733521, -92.9220504761, -195.670700073, -169.073043823, -21.7094497681, -75.5536727905, -24.2796916962, -102.847747803, 26.2800579071, -9.05148029327, 3.96740031242], [111.905639648, -136.748733521, 120.195579529, 32.379447937, 69.2066574097, 52.5370674133, 17.5805664062, 27.8285198212, 11.7185134888, 24.6151885986, -7.25705862045, 10.6345920563, 6.2728433609], [327.088012695, -92.9220504761, 32.379447937, 124.034973145, 115.871620178, 88.8873977661, 34.7658615112, 29.1360321045, 28.618106842, 37.9337463379, -5.31554269791, 2.48249912262, -5.52713775635], [326.670196533, -195.670700073, 69.2066574097, 115.871620178, 227.438308716, 133.909667969, 50.6545677185, 52.1606559753, 45.710811615, 65.1448974609, -7.03655576706, 2.41461205482, -11.2574501038], [263.096618652, -169.073043823, 52.5370674133, 88.8873977661, 133.909667969, 130.59223938, 43.6888961792, 39.4838371277, 29.3315067291, 41.8510627747, -7.07113742828, -0.181734129786, -7.88388729095], [69.5478286743, -21.7094497681, 17.5805664062, 34.7658615112, 50.6545677185, 43.6888961792, 49.4626083374, 20.0824260712, 17.3509674072, 10.5989112854, -0.148891299963, -2.68888187408, -2.42144441605], [98.4510421753, -75.5536727905, 27.8285198212, 29.1360321045, 52.1606559753, 39.4838371277, 20.0824260712, 43.2080497742, 21.8501644135, 23.3082809448, -3.55088186264, 3.31049132347, -2.20629262924], [53.6865730286, -24.2796916962, 11.7185134888, 28.618106842, 45.710811615, 29.3315067291, 17.3509674072, 21.8501644135, 42.8023719788, 24.3805751801, 6.71273803711, 2.96090531349, -0.617333710194], [145.049240112, -102.847747803, 24.6151885986, 37.9337463379, 65.1448974609, 41.8510627747, 10.5989112854, 23.3082809448, 24.3805751801, 54.5653877258, 5.88531494141, 8.70776557922, 3.03307127953], [-67.0931472778, 26.2800579071, -7.25705862045, -5.31554269791, -7.03655576706, -7.07113742828, -0.148891299963, -3.55088186264, 6.71273803711, 5.88531494141, 26.8569602966, 11.5225858688, 8.49150276184], [14.7286548615, -9.05148029327, 10.6345920563, 2.48249912262, 2.41461205482, -0.181734129786, -2.68888187408, 3.31049132347, 2.96090531349, 8.70776557922, 11.5225858688, 26.0617752075, 13.3505001068], [-33.0076065063, 3.96740031242, 6.2728433609, -5.52713775635, -11.2574501038, -7.88388729095, -2.42144441605, -2.20629262924, -0.617333710194, 3.03307127953, 8.49150276184, 13.3505001068, 28.1319026947]]
    },
    "sccoeffs": {
        "kurt": [2.25509023666, 0.798233270645, 1.15998268127, 3.38794994354, 5.65918827057, 12.2716274261],
        "max": [-0.271032005548, -0.512208223343, -0.624091863632, -0.730881094933, -0.733469724655, -0.646698534489],
        "mean": [-0.492826491594, -0.717551112175, -0.763569176197, -0.802367806435, -0.801614224911, -0.729077577591],
        "median": [-0.491346895695, -0.716508865356, -0.763924002647, -0.802780210972, -0.802640318871, -0.728980243206],
        "min": [-0.934852480888, -0.961223304272, -0.967970311642, -0.957357525826, -0.960189580917, -0.959174931049],
        "skew": [-0.512360334396, 0.0625929832458, 0.0354300402105, -0.536781609058, -0.720302820206, -1.3864133358],
        "var": [0.00634110812098, 0.00336140231229, 0.00184446247295, 0.000700372678693, 0.000561642169487, 0.000804872193839],
        "cov": [[0.00635970383883, 0.000561582273804, 0.000259196705883, 0.000256848376011, -4.5219934691e-05, 0.000546081108041], [0.000561582273804, 0.00337125966325, 0.000177169960807, 3.69969129679e-05, 0.000114801310701, 0.0001635371882], [0.000259196705883, 0.000177169960807, 0.00184987136163, 0.00021630730771, 5.4226602515e-05, 0.000115703274787], [0.000256848376011, 3.69969129679e-05, 0.00021630730771, 0.000702426536009, 7.28420491214e-05, 0.000179471826414], [-4.5219934691e-05, 0.000114801310701, 5.4226602515e-05, 7.28420491214e-05, 0.00056328921346, 6.68376305839e-05], [0.000546081108041, 0.0001635371882, 0.000115703274787, 0.000179471826414, 6.68376305839e-05, 0.000807232514489]]
    },
    "scvalleys": {
        "kurt": [145.182174683, 285.164428711, 300.790405273, 262.030578613, 245.521560669, 107.826553345],
        "max": [-4.79403591156, -3.15602636337, -4.13301467896, -4.73333740234, -4.2472910881, -7.09001350403],
        "mean": [-6.33420658112, -4.52366113663, -5.26856565475, -6.20174741745, -6.2984457016, -9.88301277161],
        "median": [-6.05312347412, -4.4649181366, -5.20251750946, -6.03665351868, -6.13487434387, -9.59798049927],
        "min": [-27.944890976, -27.0501670837, -27.067735672, -27.291185379, -27.2369594574, -27.2599010468],
        "skew": [-9.94631195068, -16.2473201752, -16.909954071, -15.2661619186, -14.5327482224, -7.99472045898],
        "var": [2.07643842697, 1.61648011208, 1.47430980206, 1.47739923, 1.50407218933, 1.55521059036],
        "cov": [[2.0825278759, 1.35788667202, 1.38302266598, 1.56840896606, 1.55865728855, 1.52599704266], [1.35788667202, 1.62122046947, 1.47305679321, 1.35761058331, 1.34231078625, 1.05697607994], [1.38302266598, 1.47305679321, 1.47863328457, 1.35910403728, 1.34464633465, 1.10748064518], [1.56840896606, 1.35761058331, 1.35910403728, 1.48173177242, 1.45636034012, 1.32665753365], [1.55865728855, 1.34231078625, 1.34464633465, 1.45636034012, 1.50848293304, 1.40033531189], [1.52599704266, 1.05697607994, 1.10748064518, 1.32665753365, 1.40033531189, 1.55977129936]]
    }
},
"rhythm": {
    "beats_loudness": {
        "kurt": 0.357125282288,
        "max": 0.0562084876001,
        "mean": 0.0341518037021,
        "median": 0.033683590591,
        "min": 0.021550340578,
        "skew": 0.829470992088,
        "var": 9.19878511922e-05
    },
    "bpm": 79.9532775879,
    "confidence": 2.81465029716,
    "first_peak_bpm": {
        "kurt": 0,
        "max": 78,
        "mean": 78,
        "median": 78,
        "min": 78,
        "skew": 0,
        "var": 0
    },
    "first_peak_spread": {
        "kurt": 0,
        "max": 0.5,
        "mean": 0.5,
        "median": 0.5,
        "min": 0.5,
        "skew": 0,
        "var": 0
    },
    "first_peak_weight": {
        "kurt": 0,
        "max": 0.333333343267,
        "mean": 0.333333343267,
        "median": 0.333333343267,
        "min": 0.333333343267,
        "skew": 0,
        "var": 0
    },
    "onset_rate": 1.13707005978,
    "second_peak_bpm": {
        "kurt": 0,
        "max": 86,
        "mean": 86,
        "median": 86,
        "min": 86,
        "skew": 0,
        "var": 0
    },
    "second_peak_spread": {
        "kurt": 0,
        "max": 0.33333337307,
        "mean": 0.33333337307,
        "median": 0.33333337307,
        "min": 0.33333337307,
        "skew": 0,
        "var": 0
    },
    "second_peak_weight": {
        "kurt": 0,
        "max": 0.222222223878,
        "mean": 0.222222223878,
        "median": 0.222222223878,
        "min": 0.222222223878,
        "skew": 0,
        "var": 0
    },
    "beats_loudness_band_ratio": {
        "kurt": [0.250976085663, -0.538965702057, -1.75371909142, -0.554406166077, -0.398434400558, -0.875491142273],
        "max": [0.385126799345, 0.530167639256, 0.563061118126, 0.159966886044, 0.142559781671, 0.137090921402],
        "mean": [0.118729159236, 0.3010186553, 0.389629215002, 0.0998924523592, 0.0662980228662, 0.0662246346474],
        "median": [0.0719290301204, 0.276166200638, 0.414513766766, 0.0924305319786, 0.0690878927708, 0.0655727162957],
        "min": [0.00986427906901, 0.122501790524, 0.17219465971, 0.0628913193941, 0.00884520355612, 0.00459544546902],
        "skew": [1.08582437038, 0.408772200346, -0.134366318583, 0.768482744694, 0.264508366585, 0.0151693411171],
        "var": [0.0130972312763, 0.0128722619265, 0.0226691383868, 0.000957448792178, 0.00142890308052, 0.0016104321694],
        "cov": [[0.0145524786785, -0.00549907563254, -0.0126647427678, -0.00189117505215, 0.00193421111908, 0.00304581783712], [-0.00549907563254, 0.0143025135621, -0.00553844962269, 0.000245860923314, -0.00199145195074, -0.000574075442273], [-0.0126647427678, -0.00553844962269, 0.0251879319549, 0.00118705281056, -0.00241366471164, -0.00524118030444], [-0.00189117505215, 0.000245860923314, 0.00118705281056, 0.00106383196544, -0.000535756349564, 2.86533868348e-05], [0.00193421111908, -0.00199145195074, -0.00241366471164, -0.000535756349564, 0.0015876700636, 0.000864203786477], [0.00304581783712, -0.000574075442273, -0.00524118030444, 2.86533868348e-05, 0.000864203786477, 0.00178936915472]]
    },
    "beats_position": [0.743038535118, 1.48607707024, 2.2523355484, 3.01859402657, 3.78485250473, 4.5046710968, 5.20126962662, 5.93269824982, 6.66412687302, 7.36072540283],
    "bpm_estimates": [80.7495117188, 78.3025588989, 78.3025588989, 78.3025588989, 82.0312423706, 82.0312423706],
    "bpm_intervals": [0.743038535118, 0.766258478165, 0.766258478165, 0.766258478165, 0.719818592072, 0.696598529816, 0.731428623199, 0.731428623199, 0.696598529816],
    "onset_times": [0.0348299331963, 0.568888902664, 1.68344676495, 2.00852608681, 2.15945577621, 2.70512461662, 4.21442174911, 4.36535167694, 6.03718805313],
    "histogram": [[0, 0, 0, 0, 0, 0, 0, 0, 0, 0, 0, 0, 0, 0, 0, 0, 0, 0, 0, 0, 0, 0, 0, 0, 0, 0, 0, 0, 0, 0, 0, 0, 0, 0, 0, 0, 0, 0, 0, 0, 0, 0, 0, 0, 0, 0, 0, 0, 0, 0, 0, 0, 0, 0, 0, 0, 0, 0, 0, 0, 0, 0, 0, 0, 0, 0, 0, 0, 0, 0, 0, 0, 0, 0, 0, 0, 0, 0, 0.333333343267, 0, 0, 0.111111111939, 0.222222223878, 0.111111111939, 0, 0, 0.222222223878, 0, 0, 0, 0, 0, 0, 0, 0, 0, 0, 0, 0, 0, 0, 0, 0, 0, 0, 0, 0, 0, 0, 0, 0, 0, 0, 0, 0, 0, 0, 0, 0, 0, 0, 0, 0, 0, 0, 0, 0, 0, 0, 0, 0, 0, 0, 0, 0, 0, 0, 0, 0, 0, 0, 0, 0, 0, 0, 0, 0, 0, 0, 0, 0, 0, 0, 0, 0, 0, 0, 0, 0, 0, 0, 0, 0, 0, 0, 0, 0, 0, 0, 0, 0, 0, 0, 0, 0, 0, 0, 0, 0, 0, 0, 0, 0, 0, 0, 0, 0, 0, 0, 0, 0, 0, 0, 0, 0, 0, 0, 0, 0, 0, 0, 0, 0, 0, 0, 0, 0, 0, 0, 0, 0, 0, 0, 0, 0, 0, 0, 0, 0, 0, 0, 0, 0, 0, 0, 0, 0, 0, 0, 0, 0, 0, 0, 0, 0, 0, 0, 0, 0, 0, 0, 0, 0, 0, 0, 0, 0, 0, 0, 0]]
},
"sfx": {
    "inharmonicity": {
        "kurt": 0.4516248703,
        "max": 0.386903882027,
        "mean": 0.103627569973,
        "median": 0.0780703872442,
        "min": 0,
        "skew": 1.05670249462,
        "var": 0.00807003490627
    },
    "oddtoevenharmonicenergyratio": {
        "kurt": 16.7862186432,
        "max": 8.23394298553,
        "mean": 0.790764629841,
        "median": 0.50872027874,
        "min": 0,
        "skew": 3.41365122795,
        "var": 0.949592351913
    },
    "pitch_after_max_to_before_max_energy_ratio": 1.1256762743,
    "pitch_centroid": 190.640609741,
    "pitch_max_to_total": 0.555555582047,
    "pitch_min_to_total": 0.730994164944,
    "tristimulus": {
        "kurt": [2.14892578125, 0.39835691452, 0.215715169907],
        "max": [1, 0.780704855919, 0.837646782398],
        "mean": [0.285994917154, 0.34032613039, 0.373679190874],
        "median": [0.240208745003, 0.32216989994, 0.403208315372],
        "min": [0, 0, 0],
        "skew": [1.49724078178, 0.0422137752175, -0.403928101063],
        "var": [0.0622039921582, 0.02469724603, 0.0277684591711],
        "cov": [[0.0623864084482, -0.0296530928463, -0.0327332913876], [-0.0296530928463, 0.0247696712613, 0.00488341227174], [-0.0327332913876, 0.00488341227174, 0.0278498902917]]
    }
},
"tonal": {
    "chords_changes_rate": 0.133720934391,
    "chords_number_rate": 0.0639534890652,
    "chords_strength": {
        "kurt": -0.789883136749,
        "max": 0.638238310814,
        "mean": 0.489232540131,
        "median": 0.483812749386,
        "min": 0.381376624107,
        "skew": 0.365897148848,
        "var": 0.00419782428071
    },
    "key_strength": 0.646836936474,
    "tuning_diatonic_strength": 0.449697047472,
    "tuning_equal_tempered_deviation": 0.297242045403,
    "tuning_frequency": 434.444000244,
    "tuning_nontempered_energy_ratio": 0.917565464973,
    "hpcp": {
        "kurt": [-0.186593294144, 0.162692785263, 2.34790182114, 4.33275651932, 1.30480575562, 0.51332783699, 0.555184841156, 0.428970336914, 0.279946565628, 1.60914182663, 1.64951229095, 2.62237977982, 3.21306943893, 4.12722110748, 2.6077413559, 2.42847824097, 0.709515333176, 0.401464700699, 0.585501670837, -0.244003534317, -0.256128311157, 0.105945110321, 0.790577888489, 1.65158128738, 3.6242108345, 5.99681758881, 2.4312620163, 2.79272508621, 2.09629869461, 2.47574949265, 2.96828460693, 2.41890192032, 2.74898290634, 3.82264471054, 1.21386528015, 0.756740093231],
        "max": [1, 1, 1, 1, 1, 1, 1, 1, 1, 1, 1, 1, 1, 1, 0.878462672234, 1, 1, 1, 1, 1, 1, 1, 1, 1, 1, 1, 0.90699005127, 1, 1, 1, 1, 1, 1, 1, 1, 1],
        "mean": [0.351916283369, 0.336891919374, 0.253693699837, 0.218544334173, 0.284112393856, 0.335417717695, 0.314461112022, 0.321480870247, 0.31763496995, 0.280918717384, 0.27580305934, 0.248735204339, 0.195434197783, 0.178813740611, 0.192914813757, 0.242568984628, 0.28539454937, 0.301810383797, 0.315921574831, 0.33110716939, 0.339997291565, 0.314234167337, 0.277231007814, 0.23936702311, 0.198113381863, 0.184106737375, 0.214682117105, 0.265560030937, 0.274596869946, 0.244074270129, 0.224488273263, 0.23404084146, 0.225450709462, 0.223603472114, 0.256940335035, 0.297511488199],
