{
"metadata": {
    "version": {
        "essentia": "2.1-beta3"
    }
},
"lowLevel": {
    "average_loudness": 0.982650697231,
    "barkbands_kurtosis": {
        "kurt": 0.998856544495,
        "max": 15.2021064758,
        "mean": 3.49609494209,
        "median": 3.347864151,
        "min": -1.68553853035,
        "skew": 0.654629349709,
        "var": 6.16360187531
    },
    "barkbands_skewness": {
        "kurt": 0.901922225952,
        "max": 3.41751909256,
        "mean": 1.67909574509,
        "median": 1.69585895538,
        "min": -1.28107452393,
        "skew": -0.137611463666,
        "var": 0.289402484894
    },
    "barkbands_spread": {
        "kurt": 8.19209194183,
        "max": 39.3390693665,
        "mean": 11.6329984665,
        "median": 10.7191476822,
        "min": 4.97653245926,
        "skew": 2.20303440094,
        "var": 16.0784111023
    },
    "dissonance": {
        "kurt": 40.1378135681,
        "max": 0.499999910593,
        "mean": 0.467369794846,
        "median": 0.472261339426,
        "min": 0.117402113974,
        "skew": -3.55653381348,
        "var": 0.000606554211117
    },
    "hfc": {
        "kurt": 105.114967346,
        "max": 298.99005127,
        "mean": 23.6208877563,
        "median": 21.1381549835,
        "min": 0.00157251523342,
        "skew": 9.46453380585,
        "var": 416.657714844
    },
    "pitch": {
        "kurt": 121.201782227,
        "max": 3559.29516602,
        "mean": 257.284942627,
        "median": 238.488388062,
        "min": 61.8231773376,
        "skew": 9.90182781219,
        "var": 62361.2148438
    },
    "pitch_instantaneous_confidence": {
        "kurt": 2.24260520935,
        "max": 0.71232008934,
        "mean": 0.271971821785,
        "median": 0.261653244495,
        "min": 0.120778381824,
        "skew": 1.03469669819,
        "var": 0.00563657935709
    },
    "pitch_salience": {
        "kurt": 1.44043445587,
        "max": 0.957513749599,
        "mean": 0.736622929573,
        "median": 0.746192216873,
        "min": 0.393536865711,
        "skew": -0.875207543373,
        "var": 0.00429006759077
    },
    "silence_rate_20dB": {
        "kurt": 0,
        "max": 1,
        "mean": 1,
        "median": 1,
        "min": 1,
        "skew": 0,
        "var": 0
    },
    "silence_rate_30dB": {
        "kurt": 142.437698364,
        "max": 1,
        "mean": 0.993217051029,
        "median": 1,
        "min": 0,
        "skew": -12.0182065964,
        "var": 0.00673688342795
    },
    "silence_rate_60dB": {
        "kurt": 1027.00085449,
        "max": 1,
        "mean": 0.000968992244452,
        "median": 0,
        "min": 0,
        "skew": 32.0780448914,
        "var": 0.000968053296674
    },
    "spectral_centroid": {
        "kurt": 9.62877082825,
        "max": 2998.44628906,
        "mean": 651.432312012,
        "median": 565.785400391,
        "min": 250.923995972,
        "skew": 2.36693382263,
        "var": 65033.2695312
    },
    "spectral_complexity": {
        "kurt": 2.94211483002,
        "max": 57,
        "mean": 29.57654953,
        "median": 29,
        "min": 0,
        "skew": 0.799757540226,
        "var": 39.7034072876
    },
    "spectral_crest": {
        "kurt": 1.08525276184,
        "max": 18.7865695953,
        "mean": 8.05461025238,
        "median": 7.51118803024,
        "min": 3.13648939133,
        "skew": 1.06798017025,
        "var": 8.00806236267
    },
    "spectral_decrease": {
        "kurt": 25.9963436127,
        "max": -5.44893286308e-13,
        "mean": -9.62274615546e-09,
        "median": -9.26137211366e-09,
        "min": -5.67427953513e-08,
        "skew": -3.32433056831,
        "var": 2.38344748143e-17
    },
    "spectral_energy": {
        "kurt": 32.585735321,
        "max": 0.241279795766,
        "mean": 0.0384609512985,
        "median": 0.0370603129268,
        "min": 2.19918842959e-06,
        "skew": 3.8826675415,
        "var": 0.000391875946661
    },
    "spectral_energyband_high": {
        "kurt": 163.762588501,
        "max": 0.01455604285,
        "mean": 0.000288708426524,
        "median": 0.000155598274432,
        "min": 3.21669446635e-08,
        "skew": 11.7843923569,
        "var": 6.87154567913e-07
    },
    "spectral_energyband_low": {
        "kurt": 9.56098270416,
        "max": 0.0298120547086,
        "mean": 0.00283933500759,
        "median": 0.00194665999152,
        "min": 1.43915073636e-07,
        "skew": 2.28548312187,
        "var": 9.38324774324e-06
    },
    "spectral_energyband_middle_high": {
        "kurt": 70.8619232178,
        "max": 0.0911883711815,
        "mean": 0.00708979321644,
        "median": 0.00589399086311,
        "min": 2.79336433096e-07,
        "skew": 7.71963405609,
        "var": 4.89225603815e-05
    },
    "spectral_energyband_middle_low": {
        "kurt": 8.25000762939,
        "max": 0.145650461316,
        "mean": 0.0303628426045,
        "median": 0.02956886217,
        "min": 1.76567311883e-06,
        "skew": 1.65360963345,
        "var": 0.000255554128671
    },
    "spectral_flatness_db": {
        "kurt": 2.11946105957,
        "max": 0.276513457298,
        "mean": 0.217224210501,
        "median": 0.219942003489,
        "min": 0.0862365588546,
        "skew": -0.962868750095,
        "var": 0.000654357951134
    },
    "spectral_flux": {
        "kurt": 12.0276088715,
        "max": 0.379757255316,
        "mean": 0.125775247812,
        "median": 0.123094126582,
        "min": 0.0462929233909,
        "skew": 2.26207780838,
        "var": 0.0013357141288
    },
    "spectral_kurtosis": {
        "kurt": 0.0664854049683,
        "max": 31.3895950317,
        "mean": 10.6566333771,
        "median": 9.82734489441,
        "min": 0.102576255798,
        "skew": 0.669117391109,
        "var": 28.135307312
    },
    "spectral_rms": {
        "kurt": 6.37357997894,
        "max": 0.0153425857425,
        "mean": 0.00596380280331,
        "median": 0.00601301947609,
        "min": 4.63200776721e-05,
        "skew": 0.960805296898,
        "var": 1.95590996555e-06
    },
    "spectral_rolloff": {
        "kurt": 5.60230827332,
        "max": 3703.7109375,
        "mean": 1008.20062256,
        "median": 818.26171875,
        "min": 301.46484375,
        "skew": 2.4342508316,
        "var": 329350.0625
    },
    "spectral_skewness": {
        "kurt": 0.0711190700531,
        "max": 3.81436109543,
        "mean": 2.25007915497,
        "median": 2.23018169403,
        "min": 0.772948265076,
        "skew": 0.146406173706,
        "var": 0.215901821852
    },
    "spectral_spread": {
        "kurt": 189.05696106,
        "max": 24438722,
        "mean": 2383526.5,
        "median": 2126166,
        "min": 1464652.875,
        "skew": 10.5556697845,
        "var": 1.12013528269e+12
    },
    "spectral_strongpeak": {
        "kurt": 5.99017620087,
        "max": 3.78538227081,
        "mean": 0.681254446507,
        "median": 0.585949659348,
        "min": 0.000411764514865,
        "skew": 1.85866522789,
        "var": 0.181567639112
    },
    "zerocrossingrate": {
        "kurt": 2.96495676041,
        "max": 0.10302734375,
        "mean": 0.0408689528704,
        "median": 0.037109375,
        "min": 0.00146484375,
        "skew": 1.61637759209,
        "var": 0.000157571295858
    },
    "barkbands": {
        "kurt": [550.264343262, 3.12707662582, 84.2337112427, 5.99807071686, 2.755818367, 3.43474578857, 4.586810112, 6.85492706299, 187.099441528, 81.9130096436, 36.3874397278, 43.7603225708, 68.0322265625, 43.3281974792, 111.521186829, 36.6412277222, 173.803115845, 73.2302780151, 501.748748779, 172.42817688, 158.659210205, 240.191726685, 571.034179688, 563.119750977, 890.346923828, 864.364440918, 1024.34204102],
        "max": [9.89876716631e-05, 0.00123595644254, 0.023899031803, 0.0331641249359, 0.0518823936582, 0.0234405957162, 0.0283447615802, 0.0215342417359, 0.104411296546, 0.0438893288374, 0.0130926184356, 0.011475882493, 0.00890788901597, 0.00358024355955, 0.00515033118427, 0.00267563015223, 0.00873556453735, 0.00772087927908, 0.0412717871368, 0.0125374607742, 0.00619082385674, 0.00141513103154, 0.00170320330653, 0.00138450821396, 0.000356299773557, 1.47937298607e-05, 1.84809221082e-06],
        "mean": [1.63527238328e-06, 0.000180866962182, 0.000999978859909, 0.00339487334713, 0.00976059678942, 0.00480910390615, 0.00524545880035, 0.00324144260958, 0.00308797229081, 0.00231146183796, 0.00124424998648, 0.000939905759878, 0.000504743191414, 0.000296772108413, 0.000336849538144, 0.000332332012476, 0.000311847426929, 0.000442452641437, 0.000552274752408, 0.000316744932206, 0.000121647186461, 1.62757060025e-05, 5.51041875951e-06, 4.986642125e-06, 9.65246726992e-07, 4.08439113642e-08, 3.09308290092e-09],
        "median": [9.2272978236e-07, 0.000131726090331, 0.000628738314845, 0.00207183184102, 0.00771809369326, 0.00390306068584, 0.00433508586138, 0.00273780338466, 0.00230625970289, 0.0017771369312, 0.00104891660158, 0.000696331611834, 0.00034702377161, 0.000240122288233, 0.000284622772597, 0.000290308758849, 0.000236154373852, 0.000338271958753, 0.000359112862498, 0.000202621886274, 6.33419549558e-05, 6.68120992486e-06, 3.7349974491e-07, 2.61504823129e-07, 4.14802485693e-08, 2.23991980519e-09, 5.1970805437e-10],
        "min": [1.61140906174e-10, 5.06864914485e-08, 4.86784550446e-08, 6.66618547029e-08, 2.68612893706e-07, 4.10171566045e-07, 4.55203405636e-07, 3.51460784032e-07, 2.0007121293e-07, 2.49741329839e-08, 2.89209172166e-08, 5.86793582613e-08, 3.21164250749e-08, 6.74356215313e-09, 1.610553646e-08, 1.60879025657e-08, 2.76175047276e-08, 3.73076964877e-08, 3.67213175423e-08, 3.29284244316e-09, 1.32528947816e-08, 3.61899132884e-09, 3.18732218396e-09, 2.79857692576e-09, 1.91128823879e-09, 3.42043962598e-11, 1.26683629949e-13],
        "skew": [20.3687400818, 1.56415736675, 6.06635951996, 2.02059674263, 1.52639663219, 1.61500263214, 1.74558007717, 1.83852982521, 13.011677742, 7.43951654434, 4.49517583847, 5.62712621689, 7.46577548981, 5.56497430801, 8.33098506927, 4.75244808197, 11.6627368927, 7.92719173431, 20.1127262115, 11.9430761337, 11.6074409485, 14.2620334625, 23.0132637024, 22.5987091064, 28.9679927826, 28.3915462494, 32.0159454346],
        "var": [1.25487545702e-11, 3.27217790641e-08, 1.79034338998e-06, 1.48112685565e-05, 7.87280514487e-05, 1.26439872474e-05, 1.53661967488e-05, 4.88624300488e-06, 3.65138803318e-05, 7.37983191357e-06, 9.81585799309e-07, 1.01266050478e-06, 5.29814997208e-07, 8.06046074331e-08, 7.85716807172e-08, 5.27190202604e-08, 2.17613703057e-07, 3.52575739271e-07, 2.3253605832e-06, 5.27396082362e-07, 1.36729767064e-07, 4.84000617362e-09, 3.97307697853e-09, 2.61096477772e-09, 1.31529453995e-10, 2.30130178152e-13, 3.30593973522e-15],
        "cov": [[1.25609262575e-11, 1.17804002664e-10, 4.01118305238e-10, 1.43503087191e-09, 3.4802385418e-09, 1.48242917941e-09, 1.05912290049e-09, 1.56805957108e-10, 3.52879003795e-10, -1.63099866946e-10, -1.35175717841e-10, -2.76539263711e-10, -2.10836556547e-10, -6.91493251548e-11, 3.10332731734e-11, 1.11121415888e-11, -3.39737821209e-11, -1.18968321305e-10, -6.72517874722e-11, -8.5427859231e-11, -2.75410232814e-11, -3.17620387456e-13, 1.86478740435e-12, 1.97148352331e-12, 2.51347526776e-13, 1.70375568037e-13, 1.74703011931e-13], [1.17804002664e-10, 3.27535154554e-08, 8.71206466968e-08, 1.44567678717e-07, 4.03962530982e-07, 1.13028868043e-07, 9.49178371457e-08, 3.80021774049e-08, 1.08545155086e-08, -2.5865842801e-08, -1.70806995214e-08, -3.39138495065e-08, -2.57023131667e-08, -8.74749872537e-09, -1.27571106456e-10, 1.09932862813e-09, -8.82598616414e-09, -1.55370134536e-08, -2.65432262836e-08, -1.45109533278e-08, -6.52104725773e-09, -6.72030320281e-10, -5.29069732469e-10, -4.45414927164e-10, -1.15858510286e-10, -4.54928282545e-12, -1.09447790186e-13], [4.01118305238e-10, 8.71206466968e-08, 1.79207984274e-06, 2.2919600724e-06, 2.13659700421e-06, 5.26600729245e-07, 7.5228501828e-07, 2.44051193476e-07, -1.71550624373e-07, -2.46937901238e-07, -8.26578911983e-08, -2.00472584311e-07, -1.53751756216e-07, -5.02201906727e-08, -1.67317781852e-09, -2.66170130381e-09, -4.99698948886e-08, -9.5948514911e-08, -1.30365179984e-07, -8.21918320071e-08, -3.53442999312e-08, -4.12855172272e-09, -2.13036677188e-09, -1.41006073484e-09, -4.47591769204e-10, -1.60413297229e-11, -6.75709596783e-13], [1.43503087191e-09, 1.44567678717e-07, 2.2919600724e-06, 1.48256349348e-05, 1.02447984318e-05, 1.9611454718e-06, 1.68860105987e-06, 7.39611834888e-07, -9.32013051624e-07, -1.04275216017e-06, -2.92867611051e-07, -6.72815190228e-07, -5.39442282843e-07, -1.75012615955e-07, 1.12661568963e-08, 4.21389927396e-08, -1.26925414179e-07, -2.94429156611e-07, -3.48973912878e-07, -2.83526475187e-07, -1.27592670651e-07, -1.4902152401e-08, -3.66495744863e-09, -1.70124758725e-09, -1.08199471605e-09, -4.14322881559e-11, -3.79131925507e-12], [3.4802385418e-09, 4.03962530982e-07, 2.13659700421e-06, 1.02447984318e-05, 7.88044126239e-05, 7.25960126147e-06, 5.51669063498e-06, 2.32052207139e-06, 1.73619196175e-06, -7.51815889544e-07, -4.89242893309e-07, -1.35661207423e-06, -1.08436711344e-06, -3.01598191754e-07, 1.52631940864e-07, 1.28961573864e-07, -1.34107949634e-07, -5.60167450203e-07, -8.0692626625e-07, -3.89229114717e-07, -1.85217089665e-07, -2.11938626649e-08, -1.77604864149e-08, -1.86906952138e-08, -4.13764045248e-09, -1.56621840497e-10, -9.53952628696e-12], [1.48242917941e-09, 1.13028868043e-07, 5.26600729245e-07, 1.9611454718e-06, 7.25960126147e-06, 1.2656250874e-05, 2.45633418672e-06, 9.620309811e-07, 2.39154746851e-06, 7.78277694735e-07, 2.67493305728e-07, -4.16115213397e-08, 1.87776620919e-08, -2.22866027855e-08, 1.20346143717e-07, 6.35841601593e-08, 3.95900414674e-08, 2.4459888337e-08, -1.39204004768e-07, 1.00916899726e-07, 5.68042359816e-08, 5.6569060547e-09, -7.29095939178e-09, -6.84002454676e-09, -1.32278277221e-09, -4.30504451532e-11, 4.62955108277e-12], [1.05912290049e-09, 9.49178371457e-08, 7.5228501828e-07, 1.68860105987e-06, 5.51669063498e-06, 2.45633418672e-06, 1.5381099729e-05, 1.59593935223e-06, 5.74831938138e-06, 2.1596094939e-06, 6.84710869336e-07, 6.59102624923e-07, 3.62681959132e-07, 1.45086843872e-07, 2.74611068107e-07, 1.71527787529e-07, 2.90787880886e-07, 2.51359949743e-07, 2.80467986613e-07, 5.31852379027e-07, 2.6057824698e-07, 2.77644094382e-08, 4.22177709458e-10, 1.16906129222e-09, -2.0986391791e-10, 1.40556490058e-12, -3.56769908755e-12], [1.56805957108e-10, 3.80021774049e-08, 2.44051193476e-07, 7.39611834888e-07, 2.32052207139e-06, 9.620309811e-07, 1.59593935223e-06, 4.89098238177e-06, 2.43379616904e-07, 1.21376757534e-07, 8.8771720641e-08, 1.24121868339e-09, -3.14582209171e-08, -5.03866004475e-10, 4.0378893118e-08, 3.75846269662e-08, 1.45426382048e-08, -3.00032318989e-08, -6.41317896566e-08, -3.82164628832e-08, -1.60768056645e-08, -2.81045831052e-09, -9.44419681348e-11, -1.93432092566e-09, -2.31436661502e-10, -1.36239023535e-11, -1.17366066952e-12], [3.52879003795e-10, 1.08545155086e-08, -1.71550624373e-07, -9.32013051624e-07, 1.73619196175e-06, 2.39154746851e-06, 5.74831938138e-06, 2.43379616904e-07, 3.65492960555e-05, 1.18458992802e-05, 2.50228276855e-06, 2.6343366244e-06, 2.68071585197e-06, 9.19971228086e-07, 1.21953166854e-06, 7.00343946392e-07, 2.01161969926e-06, 1.9579047148e-06, 3.50832874574e-06, 3.40280826094e-06, 1.67739744938e-06, 2.29152661291e-07, 5.66992568451e-08, 3.94723471686e-08, 9.10060293791e-09, 4.8839565725e-10, -3.36720321764e-12], [-1.63099866946e-10, -2.5865842801e-08, -2.46937901238e-07, -1.04275216017e-06, -7.51815889544e-07, 7.78277694735e-07, 2.1596094939e-06, 1.21376757534e-07, 1.18458992802e-05, 7.38699009162e-06, 1.43025999932e-06, 1.6262462168e-06, 1.33529897539e-06, 4.30733990697e-07, 4.68181298174e-07, 2.95306392673e-07, 9.0764081051e-07, 9.31582462727e-07, 1.58803675276e-06, 1.41872556014e-06, 6.87592944359e-07, 1.01269151287e-07, 1.9920438632e-08, 1.59646855735e-08, 3.32505156742e-09, 1.72920747166e-10, -1.84349042108e-12], [-1.35175717841e-10, -1.70806995214e-08, -8.26578911983e-08, -2.92867611051e-07, -4.89242893309e-07, 2.67493305728e-07, 6.84710869336e-07, 8.8771720641e-08, 2.50228276855e-06, 1.43025999932e-06, 9.82537812888e-07, 6.31170735232e-07, 4.61279853425e-07, 1.51816067273e-07, 1.17374121089e-07, 8.93190374995e-08, 2.22895721436e-07, 3.39214778933e-07, 3.82402419064e-07, 3.63910231727e-07, 1.78773618131e-07, 2.08041637251e-08, 5.07724839949e-09, 5.3328612637e-09, 1.15119369593e-09, 5.05441626053e-11, -1.27013525565e-12], [-2.76539263711e-10, -3.39138495065e-08, -2.00472584311e-07, -6.72815190228e-07, -1.35661207423e-06, -4.16115213397e-08, 6.59102624923e-07, 1.24121868339e-09, 2.6343366244e-06, 1.6262462168e-06, 6.31170735232e-07, 1.01364264538e-06, 5.83518669828e-07, 1.92554779233e-07, 1.21182097246e-07, 1.04291672187e-07, 2.41643931531e-07, 4.03341232413e-07, 4.67597686793e-07, 4.1250001459e-07, 1.95833507632e-07, 2.03917078778e-08, 6.19809981117e-09, 6.15439388341e-09, 1.31731126007e-09, 5.68149381708e-11, -2.5941426199e-13], [-2.10836556547e-10, -2.57023131667e-08, -1.53751756216e-07, -5.39442282843e-07, -1.08436711344e-06, 1.87776620919e-08, 3.62681959132e-07, -3.14582209171e-08, 2.68071585197e-06, 1.33529897539e-06, 4.61279853425e-07, 5.83518669828e-07, 5.30328861714e-07, 1.43416031051e-07, 1.12910726102e-07, 8.84778756927e-08, 2.19807859025e-07, 3.29417190414e-07, 4.01308284381e-07, 3.88189960177e-07, 1.90748735918e-07, 2.19975220261e-08, 5.55100765354e-09, 4.34710401009e-09, 1.12798870244e-09, 5.16979896392e-11, -4.12818190005e-13], [-6.91493251548e-11, -8.74749872537e-09, -5.02201906727e-08, -1.75012615955e-07, -3.01598191754e-07, -2.22866027855e-08, 1.45086843872e-07, -5.03866004475e-10, 9.19971228086e-07, 4.30733990697e-07, 1.51816067273e-07, 1.92554779233e-07, 1.43416031051e-07, 8.06827884503e-08, 4.17353405169e-08, 3.2578316933e-08, 8.42083522912e-08, 1.11530830793e-07, 1.49140859662e-07, 1.2735489463e-07, 5.92525140064e-08, 6.77543088301e-09, 1.82387116521e-09, 1.32416577703e-09, 3.55329654589e-10, 1.64239559453e-11, -2.6567018984e-14], [3.10332731734e-11, -1.27571106456e-10, -1.67317781852e-09, 1.12661568963e-08, 1.52631940864e-07, 1.20346143717e-07, 2.74611068107e-07, 4.0378893118e-08, 1.21953166854e-06, 4.68181298174e-07, 1.17374121089e-07, 1.21182097246e-07, 1.12910726102e-07, 4.17353405169e-08, 7.86478864256e-08, 3.72682826821e-08, 8.15765091033e-08, 9.26005867541e-08, 2.19280337888e-07, 1.56518524363e-07, 7.97913202177e-08, 1.03553432496e-08, 4.97327512505e-09, 4.16469436715e-09, 9.38101596404e-10, 4.31117780364e-11, -6.47378201393e-14], [1.11121415888e-11, 1.09932862813e-09, -2.66170130381e-09, 4.21389927396e-08, 1.28961573864e-07, 6.35841601593e-08, 1.71527787529e-07, 3.75846269662e-08, 7.00343946392e-07, 2.95306392673e-07, 8.93190374995e-08, 1.04291672187e-07, 8.84778756927e-08, 3.2578316933e-08, 3.72682826821e-08, 5.27701544684e-08, 6.8856593316e-08, 8.70047855983e-08, 1.95082563437e-07, 1.00318409579e-07, 5.0982443156e-08, 6.50944143032e-09, 4.64387461818e-09, 3.66536556662e-09, 9.45218348036e-10, 4.1558343572e-11, -3.41527777196e-13], [-3.39737821209e-11, -8.82598616414e-09, -4.99698948886e-08, -1.26925414179e-07, -1.34107949634e-07, 3.95900414674e-08, 2.90787880886e-07, 1.45426382048e-08, 2.01161969926e-06, 9.0764081051e-07, 2.22895721436e-07, 2.41643931531e-07, 2.19807859025e-07, 8.42083522912e-08, 8.15765091033e-08, 6.8856593316e-08, 2.17824762672e-07, 1.86766897059e-07, 3.82388350317e-07, 2.59282643356e-07, 1.2655134185e-07, 1.94473148696e-08, 6.22861984212e-09, 5.40864109055e-09, 1.16540233019e-09, 5.45830707022e-11, -1.30641320244e-13], [-1.18968321305e-10, -1.55370134536e-08, -9.5948514911e-08, -2.94429156611e-07, -5.60167450203e-07, 2.4459888337e-08, 2.51359949743e-07, -3.00032318989e-08, 1.9579047148e-06, 9.31582462727e-07, 3.39214778933e-07, 4.03341232413e-07, 3.29417190414e-07, 1.11530830793e-07, 9.26005867541e-08, 8.70047855983e-08, 1.86766897059e-07, 3.52917709279e-07, 4.64248955723e-07, 3.36680017199e-07, 1.60860409437e-07, 1.97102458799e-08, 9.18375420156e-09, 7.55309326195e-09, 1.9107257998e-09, 8.31927790546e-11, -3.30488810147e-13], [-6.72517874722e-11, -2.65432262836e-08, -1.30365179984e-07, -3.48973912878e-07, -8.0692626625e-07, -1.39204004768e-07, 2.80467986613e-07, -6.41317896566e-08, 3.50832874574e-06, 1.58803675276e-06, 3.82402419064e-07, 4.67597686793e-07, 4.01308284381e-07, 1.49140859662e-07, 2.19280337888e-07, 1.95082563437e-07, 3.82388350317e-07, 4.64248955723e-07, 2.32761613006e-06, 6.86789007887e-07, 3.92950227024e-07, 5.8053966967e-08, 7.66023262599e-08, 6.20082758473e-08, 1.57279060886e-08, 6.71105504502e-10, -2.65815201881e-13], [-8.5427859231e-11, -1.45109533278e-08, -8.21918320071e-08, -2.83526475187e-07, -3.89229114717e-07, 1.00916899726e-07, 5.31852379027e-07, -3.82164628832e-08, 3.40280826094e-06, 1.41872556014e-06, 3.63910231727e-07, 4.1250001459e-07, 3.88189960177e-07, 1.2735489463e-07, 1.56518524363e-07, 1.00318409579e-07, 2.59282643356e-07, 3.36680017199e-07, 6.86789007887e-07, 5.27907616288e-07, 2.55990045162e-07, 3.24425712961e-08, 1.5256802044e-08, 1.24952812541e-08, 2.97027469287e-09, 1.34337541091e-10, -3.15875933266e-13], [-2.75410232814e-11, -6.52104725773e-09, -3.53442999312e-08, -1.27592670651e-07, -1.85217089665e-07, 5.68042359816e-08, 2.6057824698e-07, -1.60768056645e-08, 1.67739744938e-06, 6.87592944359e-07, 1.78773618131e-07, 1.95833507632e-07, 1.90748735918e-07, 5.92525140064e-08, 7.97913202177e-08, 5.0982443156e-08, 1.2655134185e-07, 1.60860409437e-07, 3.92950227024e-07, 2.55990045162e-07, 1.3686238276e-07, 1.76823125031e-08, 1.02755057796e-08, 8.15809819699e-09, 1.99585747929e-09, 8.86179532533e-11, -2.28234010196e-14], [-3.17620387456e-13, -6.72030320281e-10, -4.12855172272e-09, -1.4902152401e-08, -2.11938626649e-08, 5.6569060547e-09, 2.77644094382e-08, -2.81045831052e-09, 2.29152661291e-07, 1.01269151287e-07, 2.08041637251e-08, 2.03917078778e-08, 2.19975220261e-08, 6.77543088301e-09, 1.03553432496e-08, 6.50944143032e-09, 1.94473148696e-08, 1.97102458799e-08, 5.8053966967e-08, 3.24425712961e-08, 1.76823125031e-08, 4.84470064066e-09, 2.82631362758e-09, 1.40310807417e-09, 2.88514628854e-10, 1.30935375389e-11, -1.7342160503e-16], [1.86478740435e-12, -5.29069732469e-10, -2.13036677188e-09, -3.66495744863e-09, -1.77604864149e-08, -7.29095939178e-09, 4.22177709458e-10, -9.44419681348e-11, 5.66992568451e-08, 1.9920438632e-08, 5.07724839949e-09, 6.19809981117e-09, 5.55100765354e-09, 1.82387116521e-09, 4.97327512505e-09, 4.64387461818e-09, 6.22861984212e-09, 9.18375420156e-09, 7.66023262599e-08, 1.5256802044e-08, 1.02755057796e-08, 2.82631362758e-09, 3.9769303406e-09, 2.6235287276e-09, 6.21133977585e-10, 2.6164891434e-11, 8.92071891345e-15], [1.97148352331e-12, -4.45414927164e-10, -1.41006073484e-09, -1.70124758725e-09, -1.86906952138e-08, -6.84002454676e-09, 1.16906129222e-09, -1.93432092566e-09, 3.94723471686e-08, 1.59646855735e-08, 5.3328612637e-09, 6.15439388341e-09, 4.34710401009e-09, 1.32416577703e-09, 4.16469436715e-09, 3.66536556662e-09, 5.40864109055e-09, 7.55309326195e-09, 6.20082758473e-08, 1.24952812541e-08, 8.15809819699e-09, 1.40310807417e-09, 2.6235287276e-09, 2.61349719644e-09, 5.14142339814e-10, 2.11458090621e-11, 1.10202264455e-14], [2.51347526776e-13, -1.15858510286e-10, -4.47591769204e-10, -1.08199471605e-09, -4.13764045248e-09, -1.32278277221e-09, -2.0986391791e-10, -2.31436661502e-10, 9.10060293791e-09, 3.32505156742e-09, 1.15119369593e-09, 1.31731126007e-09, 1.12798870244e-09, 3.55329654589e-10, 9.38101596404e-10, 9.45218348036e-10, 1.16540233019e-09, 1.9107257998e-09, 1.57279060886e-08, 2.97027469287e-09, 1.99585747929e-09, 2.88514628854e-10, 6.21133977585e-10, 5.14142339814e-10, 1.31657018621e-10, 5.39312388151e-12, 3.65801808535e-15], [1.70375568037e-13, -4.54928282545e-12, -1.60413297229e-11, -4.14322881559e-11, -1.56621840497e-10, -4.30504451532e-11, 1.40556490058e-12, -1.36239023535e-11, 4.8839565725e-10, 1.72920747166e-10, 5.05441626053e-11, 5.68149381708e-11, 5.16979896392e-11, 1.64239559453e-11, 4.31117780364e-11, 4.1558343572e-11, 5.45830707022e-11, 8.31927790546e-11, 6.71105504502e-10, 1.34337541091e-10, 8.86179532533e-11, 1.30935375389e-11, 2.6164891434e-11, 2.11458090621e-11, 5.39312388151e-12, 2.30353415379e-13, 3.12391404892e-15], [1.74703011931e-13, -1.09447790186e-13, -6.75709596783e-13, -3.79131925507e-12, -9.53952628696e-12, 4.62955108277e-12, -3.56769908755e-12, -1.17366066952e-12, -3.36720321764e-12, -1.84349042108e-12, -1.27013525565e-12, -2.5941426199e-13, -4.12818190005e-13, -2.6567018984e-14, -6.47378201393e-14, -3.41527777196e-13, -1.30641320244e-13, -3.30488810147e-13, -2.65815201881e-13, -3.15875933266e-13, -2.28234010196e-14, -1.7342160503e-16, 8.92071891345e-15, 1.10202264455e-14, 3.65801808535e-15, 3.12391404892e-15, 3.3091463902e-15]]
    },
    "mfcc": {
        "kurt": [59.5822067261, 2.33853816986, 2.73415136337, 1.36711835861, 0.819079637527, 0.554110050201, 0.695864677429, 0.800280094147, 0.200808525085, 0.060831785202, 0.440029144287, 0.00672578811646, -0.138548612595],
        "max": [-480.194854736, 237.543945312, 33.3651161194, 70.1106719971, -0.127683639526, 4.73694992065, 17.6200141907, 13.4999694824, 13.3617515564, 11.8375301361, 6.05801773071, 14.8896083832, 4.45590209961],
        "mean": [-649.529907227, 199.123550415, -66.9225921631, 43.5506515503, -35.0012168884, -23.0351848602, -1.5483622551, -16.103427887, -7.5123758316, -9.07623386383, -13.7246112823, -4.75351142883, -11.5857744217],
        "median": [-651.889709473, 212.64465332, -65.7755584717, 48.1289138794, -32.4318237305, -22.4096488953, -1.10496616364, -16.4916934967, -6.162317276, -8.98716926575, -14.0193538666, -4.70813941956, -11.5132436752],
        "min": [-1069.56896973, 39.1198348999, -112.178710938, -10.8258113861, -75.1171188354, -50.3588943481, -33.3973312378, -34.0554199219, -37.810836792, -26.60181427, -36.5112266541, -21.5329723358, -28.1270141602],
        "skew": [-1.81485784054, -1.71770894527, 0.432361543179, -1.3042229414, -0.916730642319, -0.459871977568, -0.450679421425, 0.418735593557, -0.721249997616, 0.0495602935553, 0.045314129442, -0.0183893088251, -0.0234360080212],
        "var": [749.581604004, 1013.15106201, 296.950469971, 229.582107544, 134.624786377, 50.5382347107, 48.6456336975, 34.9222297668, 66.1209411621, 34.4418945312, 30.4205188751, 30.1199951172, 25.656003952],
        "cov": [[750.30859375, -328.134643555, 93.4689025879, -87.5405654907, -4.93612146378, -9.37156295776, -21.5376529694, 30.3141155243, -27.2493076324, 30.672750473, -33.4491653442, 7.28924512863, -25.9103031158], [-328.134643555, 1014.13372803, 35.5943946838, 383.529602051, 167.078292847, 104.082252502, 113.269920349, -13.039188385, 164.585723877, -12.3298368454, 12.1302947998, -46.8511810303, 4.1323132515], [93.4689025879, 35.5943946838, 297.238494873, 93.2566680908, 144.990783691, 50.4995231628, 16.1230278015, 40.5492858887, 42.2042427063, 41.6959609985, -25.6366729736, 3.24424862862, -9.99882793427], [-87.5405654907, 383.529602051, 93.2566680908, 229.804779053, 115.93535614, 66.1068649292, 43.2087516785, 9.2434835434, 82.4557495117, 10.7859668732, -6.05876779556, -19.4531879425, -2.68330740929], [-4.93612146378, 167.078292847, 144.990783691, 115.93535614, 134.755371094, 49.2757606506, 33.2282447815, 19.9540138245, 51.0825309753, 20.5238666534, -9.55707454681, -6.06502628326, -4.13112592697], [-9.37156295776, 104.082252502, 50.4995231628, 66.1068649292, 49.2757606506, 50.5872535706, 19.7096290588, 11.9075059891, 25.1367855072, 8.1729927063, -3.25248193741, -3.89196610451, 0.0672461986542], [-21.5376529694, 113.269920349, 16.1230278015, 43.2087516785, 33.2282447815, 19.7096290588, 48.6928138733, 8.21756458282, 29.3868103027, 0.562304615974, 3.56922841072, -4.15155363083, 0.00658547738567], [30.3141155243, -13.039188385, 40.5492858887, 9.2434835434, 19.9540138245, 11.9075059891, 8.21756458282, 34.9561042786, 12.4601507187, 11.9916677475, -2.16844844818, 1.99526965618, -0.565686941147], [-27.2493076324, 164.585723877, 42.2042427063, 82.4557495117, 51.0825309753, 25.1367855072, 29.3868103027, 12.4601507187, 66.1850738525, 15.5319948196, 3.81793165207, -7.29737997055, -1.33630990982], [30.672750473, -12.3298368454, 41.6959609985, 10.7859668732, 20.5238666534, 8.1729927063, 0.562304615974, 11.9916677475, 15.5319948196, 34.4752998352, 4.5663022995, 6.98851203918, 0.165529355407], [-33.4491653442, 12.1302947998, -25.6366729736, -6.05876779556, -9.55707454681, -3.25248193741, 3.56922841072, -2.16844844818, 3.81793165207, 4.5663022995, 30.4500236511, 8.47839927673, 7.36754798889], [7.28924512863, -46.8511810303, 3.24424862862, -19.4531879425, -6.06502628326, -3.89196610451, -4.15155363083, 1.99526965618, -7.29737997055, 6.98851203918, 8.47839927673, 30.1492080688, 9.54588890076], [-25.9103031158, 4.1323132515, -9.99882793427, -2.68330740929, -4.13112592697, 0.0672461986542, 0.00658547738567, -0.565686941147, -1.33630990982, 0.165529355407, 7.36754798889, 9.54588890076, 25.6808891296]]
    },
    "sccoeffs": {
        "kurt": [0.515794038773, 0.42835187912, 2.07026147842, 0.258235454559, 4.34946727753, 3.12119483948],
        "max": [-0.290473878384, -0.521678745747, -0.522890686989, -0.694993138313, -0.680129647255, -0.629368841648],
        "mean": [-0.51291435957, -0.724941015244, -0.765880584717, -0.802505195141, -0.803749859333, -0.720700025558],
        "median": [-0.514946818352, -0.727826356888, -0.768775701523, -0.804216384888, -0.804618597031, -0.717604219913],
        "min": [-0.931019961834, -0.973346173763, -0.922168254852, -0.916398644447, -0.863539159298, -0.906419098377],
        "skew": [-0.0407786592841, 0.271422415972, 0.670305669308, 0.41475430131, 0.885050773621, -0.788536310196],
        "var": [0.00561546115205, 0.00315837445669, 0.00181632163003, 0.000872208212968, 0.00035090840538, 0.000918806879781],
        "cov": [[0.00562090799212, 0.000429442327004, 0.000213876206544, -0.000183494703379, -5.63894282095e-05, 9.95449154289e-05], [0.000429442327004, 0.00316143780947, 4.57884780189e-05, -5.12413607794e-05, 3.5255743569e-05, -7.88818852016e-06], [0.000213876206544, 4.57884780189e-05, 0.0018180833431, 4.78138681501e-05, 2.18468721869e-05, 3.80954916182e-05], [-0.000183494703379, -5.12413607794e-05, 4.78138681501e-05, 0.000873054203112, 8.28318079584e-05, 8.39822605485e-05], [-5.63894282095e-05, 3.5255743569e-05, 2.18468721869e-05, 8.28318079584e-05, 0.000351248745574, -5.44377826373e-06], [9.95449154289e-05, -7.88818852016e-06, 3.80954916182e-05, 8.39822605485e-05, -5.44377826373e-06, 0.00091969803907]]
    },
    "scvalleys": {
        "kurt": [1.16821670532, 14.3204746246, 33.2902870178, 65.7462463379, 55.651473999, 3.32734632492],
        "max": [-4.61325788498, -3.63519978523, -3.67348957062, -4.84397888184, -4.63725662231, -6.48434829712],
        "mean": [-5.96908950806, -4.49199485779, -5.08728456497, -6.10174798965, -6.60040664673, -10.5300550461],
        "median": [-5.65254878998, -4.48627758026, -5.09029769897, -6.10347938538, -6.63195323944, -10.7318725586],
        "min": [-9.30033016205, -8.32826519012, -9.83607578278, -10.7024917603, -11.5196619034, -12.5862340927],
        "skew": [-1.39815700054, -1.56157243252, -2.11116838455, -3.81352853775, -1.74014353752, 1.56220877171],
        "var": [0.893815934658, 0.120340622962, 0.122597180307, 0.081751845777, 0.106018170714, 0.550130069256],
        "cov": [[0.894682884216, 0.105336882174, -0.0282983854413, -0.0105781611055, -0.0808416828513, -0.141482397914], [0.105336882174, 0.120457343757, 0.0353620424867, 0.0321995168924, 0.0204490050673, -0.00636830786243], [-0.0282983854413, 0.0353620424867, 0.122716084123, 0.0558610074222, 0.0585889220238, 0.0369498357177], [-0.0105781611055, 0.0321995168924, 0.0558610074222, 0.0818311423063, 0.0606351271272, 0.0606111846864], [-0.0808416828513, 0.0204490050673, 0.0585889220238, 0.0606351271272, 0.106121003628, 0.148265510798], [-0.141482397914, -0.00636830786243, 0.0369498357177, 0.0606111846864, 0.148265510798, 0.550663650036]]
    }
},
"rhythm": {
    "beats_loudness": {
        "kurt": 1.85407018661,
        "max": 0.0899803563952,
        "mean": 0.0355052724481,
        "median": 0.0352659597993,
        "min": 0.00243741343729,
        "skew": 0.739592373371,
        "var": 0.000231402635109
    },
    "bpm": 138.933227539,
    "confidence": 0.641243159771,
    "first_peak_bpm": {
        "kurt": 0,
        "max": 140,
        "mean": 140,
        "median": 140,
        "min": 140,
        "skew": 0,
        "var": 0
    },
    "first_peak_spread": {
        "kurt": 0,
        "max": 0.526315808296,
        "mean": 0.526315808296,
        "median": 0.526315808296,
        "min": 0.526315808296,
        "skew": 0,
        "var": 0
    },
    "first_peak_weight": {
        "kurt": 0,
        "max": 0.183673471212,
        "mean": 0.183673471212,
        "median": 0.183673471212,
        "min": 0.183673471212,
        "skew": 0,
        "var": 0
    },
    "onset_rate": 1.54686534405,
    "second_peak_bpm": {
        "kurt": 0,
        "max": 112,
        "mean": 112,
        "median": 112,
        "min": 112,
        "skew": 0,
        "var": 0
    },
    "second_peak_spread": {
        "kurt": 0,
        "max": 0.583333313465,
        "mean": 0.583333313465,
        "median": 0.583333313465,
        "min": 0.583333313465,
        "skew": 0,
        "var": 0
    },
    "second_peak_weight": {
        "kurt": 0,
        "max": 0.102040819824,
        "mean": 0.102040819824,
        "median": 0.102040819824,
        "min": 0.102040819824,
        "skew": 0,
        "var": 0
    },
    "beats_loudness_band_ratio": {
        "kurt": [-0.0291254520416, -0.522620677948, -0.631279706955, 0.0743987560272, 3.10821342468, 3.42320632935],
        "max": [0.446502178907, 0.687777459621, 0.505461454391, 0.377710014582, 0.165201172233, 0.15983363986],
        "mean": [0.154390573502, 0.350237339735, 0.336514621973, 0.142858698964, 0.0508841983974, 0.0338776484132],
        "median": [0.140401497483, 0.337309658527, 0.338062047958, 0.0974019914865, 0.0388928242028, 0.0178783535957],
        "min": [0.000907040724996, 0.109665416181, 0.135116279125, 0.0454313084483, 0.0150264101103, 0.00461632525548],
        "skew": [0.703060090542, 0.472810447216, -0.276526480913, 1.11691665649, 1.89019572735, 2.05418467522],
        "var": [0.0133666209877, 0.0195460561663, 0.00887709949166, 0.00815023761243, 0.0010911275167, 0.00143694656435],
        "cov": [[0.013639409095, 0.00196034787223, -0.00423117820174, -0.00614569615573, -0.0020622164011, -0.0016906488454], [0.00196034787223, 0.0199449565262, -0.00800252240151, -0.00801807362586, -0.0025821942836, -0.00203163712285], [-0.00423117820174, -0.00800252240151, 0.00905826501548, 0.00179414695594, 0.000296886079013, -2.21424088522e-05], [-0.00614569615573, -0.00801807362586, 0.00179414695594, 0.00831656903028, 0.00245362962596, 0.00143136398401], [-0.0020622164011, -0.0025821942836, 0.000296886079013, 0.00245362962596, 0.00111339532305, 0.000746295554563], [-0.0016906488454, -0.00203163712285, -2.21424088522e-05, 0.00143136398401, 0.000746295554563, 0.00146627193317]]
    },
    "beats_position": [0.406349211931, 0.824308395386, 1.24226760864, 1.67183673382, 2.12462592125, 2.56580495834, 2.9837641716, 3.41333317757, 3.84290242195, 4.28408145905, 4.71365070343, 5.14321994781, 5.5727891922, 6.00235795975, 6.45514726639, 6.8963265419, 7.32589578629, 7.76707458496, 8.23147392273, 8.68426322937, 9.16027164459, 9.6014509201, 10.0426301956, 10.5070295334, 10.9482088089, 11.412607193, 11.8421764374, 12.387845993, 12.933514595, 13.4675731659, 13.9900226593, 14.5008611679, 14.9884805679, 15.4877090454, 15.9637184143, 16.4397277832, 16.9157371521, 17.426574707, 17.9141941071, 18.390203476, 18.8894329071, 19.4234924316, 19.9343299866, 20.45677948, 20.9908390045, 21.5248966217, 22.0589561462, 22.5814056396, 23.1038551331, 23.6263027191],
    "bpm_estimates": [143.5546875, 143.554672241, 139.674835205, 135.999206543, 143.554672241, 139.674880981, 139.674804688, 135.999206543, 139.674804688, 139.674804688, 139.674804688, 139.674957275, 135.999130249, 139.674804688, 135.999282837, 135.999130249, 135.999130249, 135.999130249, 139.674804688],
    "bpm_intervals": [0.417959183455, 0.417959213257, 0.429569125175, 0.452789187431, 0.441179037094, 0.417959213257, 0.429569005966, 0.429569244385, 0.441179037094, 0.429569244385, 0.429569244385, 0.429569244385, 0.429568767548, 0.452789306641, 0.441179275513, 0.429569244385, 0.441178798676, 0.464399337769, 0.452789306641, 0.476008415222, 0.441179275513, 0.441179275513, 0.464399337769, 0.441179275513, 0.464398384094, 0.429569244385, 0.545669555664, 0.54566860199, 0.534058570862, 0.522449493408, 0.510838508606, 0.487619400024, 0.499228477478, 0.476009368896, 0.476009368896, 0.476009368896, 0.510837554932, 0.487619400024, 0.476009368896, 0.499229431152, 0.534059524536, 0.510837554932, 0.522449493408, 0.534059524536, 0.534057617188, 0.534059524536, 0.522449493408, 0.522449493408, 0.52244758606],
    "onset_times": [0.0116099771112, 0.452789127827, 3.7151927948, 4.43501138687, 4.60916090012, 5.15482997894, 5.28253984451, 6.14167785645, 6.47836732864, 6.62929725647, 7.39555549622, 7.75546503067, 7.89478445053, 8.70748329163, 8.88163280487, 9.91492080688, 10.0426301956, 10.71600914, 12.1092061996, 14.512471199, 14.6517915726, 16.1378688812, 17.4381866455, 17.5658950806, 17.8445358276, 17.9258041382, 18.0651245117, 21.3971881866, 21.5365085602, 22.221496582, 22.4072570801, 22.6975059509, 22.8484344482, 22.9529247284, 23.1154651642, 23.2780036926, 23.312833786],
    "histogram": [[0, 0, 0, 0, 0, 0, 0, 0, 0, 0, 0, 0, 0, 0, 0, 0, 0, 0, 0, 0, 0, 0, 0, 0, 0, 0, 0, 0, 0, 0, 0, 0, 0, 0, 0, 0, 0, 0, 0, 0, 0, 0, 0, 0, 0, 0, 0, 0, 0, 0, 0, 0, 0, 0, 0, 0, 0, 0, 0, 0, 0, 0, 0, 0, 0, 0, 0, 0, 0, 0, 0, 0, 0, 0, 0, 0, 0, 0, 0, 0, 0, 0, 0, 0, 0, 0, 0, 0, 0, 0, 0, 0, 0, 0, 0, 0, 0, 0, 0, 0, 0, 0, 0, 0, 0, 0, 0, 0, 0, 0, 0.0408163256943, 0, 0.102040819824, 0, 0, 0.102040819824, 0, 0.0612244904041, 0, 0, 0.0408163256943, 0, 0, 0.0408163256943, 0, 0, 0.102040819824, 0, 0, 0.0612244904041, 0, 0, 0, 0.0612244904041, 0, 0, 0.142857149243, 0, 0, 0, 0.183673471212, 0, 0, 0, 0.0612244904041, 0, 0, 0, 0, 0, 0, 0, 0, 0, 0, 0, 0, 0, 0, 0, 0, 0, 0, 0, 0, 0, 0, 0, 0, 0, 0, 0, 0, 0, 0, 0, 0, 0, 0, 0, 0, 0, 0, 0, 0, 0, 0, 0, 0, 0, 0, 0, 0, 0, 0, 0, 0, 0, 0, 0, 0, 0, 0, 0, 0, 0, 0, 0, 0, 0, 0, 0, 0, 0, 0, 0, 0, 0, 0, 0, 0, 0, 0, 0, 0, 0, 0, 0, 0, 0, 0, 0, 0, 0, 0, 0, 0, 0, 0, 0, 0, 0, 0, 0, 0, 0, 0, 0, 0, 0]]
},
"sfx": {
    "inharmonicity": {
        "kurt": 0.686733961105,
        "max": 0.407792031765,
        "mean": 0.108802549541,
        "median": 0.0828498601913,
        "min": 0,
        "skew": 1.19145143032,
        "var": 0.0072799930349
    },
    "oddtoevenharmonicenergyratio": {
        "kurt": 319.69442749,
        "max": 31.7577877045,
        "mean": 0.868846416473,
        "median": 0.560967206955,
        "min": 0,
        "skew": 14.1098842621,
        "var": 1.66150712967
    },
    "pitch_after_max_to_before_max_energy_ratio": 0.68245267868,
    "pitch_centroid": 536.985229492,
    "pitch_max_to_total": 0.727713167667,
    "pitch_min_to_total": 0.847868204117,
    "tristimulus": {
        "kurt": [1.44077396393, 1.72450637817, 1.86132097244],
        "max": [1, 0.810138106346, 1],
        "mean": [0.23738643527, 0.394286096096, 0.368327111006],
        "median": [0.250606715679, 0.396225064993, 0.33861976862],
        "min": [0, 0, 0],
        "skew": [0.498249053955, -0.23971003294, 1.0454788208],
        "var": [0.0252039525658, 0.00938943680376, 0.0179595518857],
        "cov": [[0.0252283979207, -0.00832497607917, -0.0169034060091], [-0.00832497607917, 0.00939854327589, -0.0010735677788], [-0.0169034060091, -0.0010735677788, 0.0179769713432]]
    }
},
"tonal": {
    "chords_changes_rate": 0.125725343823,
    "chords_number_rate": 0.0116054154932,
