{
"metadata": {
    "version": {
        "essentia": "2.1-beta3"
    }
},
"lowLevel": {
    "average_loudness": 0.46042150259,
    "barkbands_kurtosis": {
        "kurt": -0.203804016113,
        "max": 8.6997089386,
        "mean": 3.04105114937,
        "median": 3.64511919022,
        "min": -1.72975361347,
        "skew": -0.859330356121,
        "var": 4.80862522125
    },
    "barkbands_skewness": {
        "kurt": 4.36115789413,
        "max": 3.132573843,
        "mean": -1.0651255846,
        "median": -1.43290603161,
        "min": -2.23312592506,
        "skew": 2.13319945335,
        "var": 0.828541040421
    },
    "barkbands_spread": {
        "kurt": 1.70834970474,
        "max": 53.4280357361,
        "mean": 17.198474884,
        "median": 12.8145742416,
        "min": 7.81561565399,
        "skew": 1.69348144531,
        "var": 101.522445679
    },
    "dissonance": {
        "kurt": 166.826751709,
        "max": 0.499999970198,
        "mean": 0.492700278759,
        "median": 0.496332585812,
        "min": 0.187344908714,
        "skew": -12.5001087189,
        "var": 0.000502256152686
    },
    "hfc": {
        "kurt": 152.066650391,
        "max": 379.075073242,
        "mean": 4.31305360794,
        "median": 2.80588228208e-08,
        "min": 1.12772246062e-16,
        "skew": 11.8007221222,
        "var": 792.463745117
    },
    "pitch": {
        "kurt": 0.724311351776,
        "max": 4463.09570312,
        "mean": 3342.35107422,
        "median": 3988.09301758,
        "min": 75.9469070435,
        "skew": -1.5812458992,
        "var": 1950432.125
    },
    "pitch_instantaneous_confidence": {
        "kurt": -0.147118091583,
        "max": 0.536428809166,
        "mean": 0.328498721123,
        "median": 0.339868187904,
        "min": 0.124449431896,
        "skew": -0.439532160759,
        "var": 0.00664631370455
    },
    "pitch_salience": {
        "kurt": 13.351732254,
        "max": 0.969159007072,
        "mean": 0.773665606976,
        "median": 0.800955712795,
        "min": 0.216105103493,
        "skew": -3.5201883316,
        "var": 0.00996115524322
    },
    "silence_rate_20dB": {
        "kurt": 0,
        "max": 1,
        "mean": 1,
        "median": 1,
        "min": 1,
        "skew": 0,
        "var": 0
    },
    "silence_rate_30dB": {
        "kurt": 0,
        "max": 1,
        "mean": 1,
        "median": 1,
        "min": 1,
        "skew": 0,
        "var": 0
    },
    "silence_rate_60dB": {
        "kurt": 6.37513828278,
        "max": 1,
        "mean": 0.91133004427,
        "median": 1,
        "min": 0,
        "skew": -2.89398217201,
        "var": 0.0808074101806
    },
    "spectral_centroid": {
        "kurt": 2.07128715515,
        "max": 10774.3818359,
        "mean": 3755.84643555,
        "median": 4467.22070312,
        "min": 284.986816406,
        "skew": -0.582623243332,
        "var": 2129854
    },
    "spectral_complexity": {
        "kurt": 9.81948661804,
        "max": 55,
        "mean": 3.47290635109,
        "median": 0,
        "min": 0,
        "skew": 3.36756205559,
        "var": 145.835083008
    },
    "spectral_crest": {
        "kurt": 14.2557373047,
        "max": 22.6117172241,
        "mean": 6.23646259308,
        "median": 5.70205640793,
        "min": 2.70329523087,
        "skew": 3.52361631393,
        "var": 7.56860351562
    },
    "spectral_decrease": {
        "kurt": 129.535217285,
        "max": 3.52550173097e-29,
        "mean": -4.07789052526e-10,
        "median": -9.71396140232e-19,
        "min": -3.00877296411e-08,
        "skew": -10.6292381287,
        "var": 5.38445402885e-18
    },
    "spectral_energy": {
        "kurt": 135.046905518,
        "max": 0.147941172123,
        "mean": 0.00193029583897,
        "median": 6.21065048348e-12,
        "min": 1.00957191814e-20,
        "skew": 10.9164266586,
        "var": 0.000127621126012
    },
    "spectral_energyband_high": {
        "kurt": 128.975845337,
        "max": 0.0231313109398,
        "mean": 0.00028611937887,
        "median": 3.22755711046e-12,
        "min": 7.42626921196e-21,
        "skew": 10.7189311981,
        "var": 3.20870481119e-06
    },
    "spectral_energyband_low": {
        "kurt": 26.7092342377,
        "max": 0.00445898948237,
        "mean": 0.000146419828525,
        "median": 8.97058543713e-15,
        "min": 7.69597994766e-23,
        "skew": 5.13663816452,
        "var": 4.15313394342e-07
    },
    "spectral_energyband_middle_high": {
        "kurt": 147.863540649,
        "max": 0.0883904919028,
        "mean": 0.00105544016697,
        "median": 2.86508425491e-12,
        "min": 1.29388001371e-21,
        "skew": 11.5785112381,
        "var": 4.36386435467e-05
    },
    "spectral_energyband_middle_low": {
        "kurt": 114.426345825,
        "max": 0.0349310599267,
        "mean": 0.000498458568472,
        "median": 1.88901859107e-13,
        "min": 2.50844287805e-22,
        "skew": 9.88271617889,
        "var": 7.72366547608e-06
    },
    "spectral_flatness_db": {
        "kurt": 2.24578285217,
        "max": 0.219559818506,
        "mean": 0.12158985436,
        "median": 0.116776458919,
        "min": 0.0598206147552,
        "skew": 1.35396611691,
        "var": 0.000609874783549
    },
    "spectral_flux": {
        "kurt": 43.2714767456,
        "max": 0.36736240983,
        "mean": 0.0104614458978,
        "median": 1.62966239259e-06,
        "min": 1.00477452747e-10,
        "skew": 5.97538900375,
        "var": 0.00156582484487
    },
    "spectral_kurtosis": {
        "kurt": 7.71103191376,
        "max": 16.7901229858,
        "mean": 2.54231238365,
        "median": 1.3420214653,
        "min": -1.17581951618,
        "skew": 2.87624287605,
        "var": 10.8901891708
    },
    "spectral_rms": {
        "kurt": 32.0087394714,
        "max": 0.0120138609782,
        "mean": 0.000376141339075,
        "median": 7.78406814561e-08,
        "min": 3.13838842067e-12,
        "skew": 5.00700759888,
        "var": 1.74172919287e-06
    },
    "spectral_rolloff": {
        "kurt": 11.2253684998,
        "max": 18561.6210938,
        "mean": 5404.51708984,
        "median": 6050.83007812,
        "min": 107.666015625,
        "skew": 0.767571687698,
        "var": 3503825
    },
    "spectral_skewness": {
        "kurt": 8.0660200119,
        "max": 3.15690922737,
        "mean": 1.2625194788,
        "median": 1.19102799892,
        "min": 0.0485635213554,
        "skew": 2.42688369751,
        "var": 0.156852960587
    },
    "spectral_spread": {
        "kurt": 1.38217067719,
        "max": 41197240,
        "mean": 13481155,
        "median": 16419405,
        "min": 1510957.25,
        "skew": -0.582266867161,
        "var": 3.60774610452e+13
    },
    "spectral_strongpeak": {
        "kurt": 85.9707183838,
        "max": 3.45198750496,
        "mean": 0.0583812780678,
        "median": 5.77990322199e-05,
        "min": 5.87064574731e-09,
        "skew": 8.86695766449,
        "var": 0.0953122675419
    },
    "zerocrossingrate": {
        "kurt": 2.37796258926,
        "max": 0.5126953125,
        "mean": 0.187969043851,
        "median": 0.21728515625,
        "min": 0.037109375,
        "skew": -0.312743902206,
        "var": 0.00443304283544
    },
    "barkbands": {
        "kurt": [38.1952400208, 32.9930458069, 37.5141639709, 51.1529159546, 149.179580688, 45.6008110046, 92.7355651855, 156.636459351, 45.0639572144, 26.0708770752, 52.4394760132, 59.5352478027, 68.2906036377, 52.7920074463, 70.8964309692, 80.7657852173, 185.527435303, 136.424713135, 187.091156006, 58.0790481567, 118.192352295, 152.894058228, 171.100387573, 191.420455933, 196.048171997, 193.55758667, 194.695800781],
        "max": [6.89622684149e-05, 0.00258446484804, 0.00146029365715, 0.00361730693839, 0.0139274420217, 0.00237443903461, 0.00384571426548, 0.00723148882389, 0.00351600768045, 0.00218178424984, 0.00222688680515, 0.00212013418786, 0.00160475552548, 0.00176385347731, 0.00250424258411, 0.00745790824294, 0.0174113120884, 0.0131152672693, 0.0373891331255, 0.00694680633023, 0.0121951056644, 0.00457488046959, 0.00114503107034, 0.000545531220268, 0.000413868430769, 1.20699278341e-05, 3.09094360773e-07],
        "mean": [1.65270694197e-06, 6.84409751557e-05, 3.8439186028e-05, 7.36215879442e-05, 0.000136171249324, 5.21528017998e-05, 5.42066954949e-05, 7.22082768334e-05, 8.34267921164e-05, 6.76267591189e-05, 4.80600610899e-05, 4.101648301e-05, 2.97535661957e-05, 3.85629718949e-05, 4.55642475572e-05, 0.000119797346997, 0.000139786294312, 0.000163392207469, 0.000295363512123, 0.000147047001519, 0.000149016355863, 4.86129283672e-05, 1.02060730569e-05, 3.66264771401e-06, 2.43449994741e-06, 7.3211118945e-08, 1.78986303556e-09],
        "median": [1.42536107017e-17, 1.26597353714e-15, 4.25403663034e-15, 8.78083396331e-15, 2.8780746368e-14, 3.13453656206e-14, 3.18584575225e-14, 3.4737749515e-14, 4.74355933222e-14, 3.91494697988e-14, 3.96013279948e-14, 4.76505228504e-14, 5.70779860008e-14, 7.20300690838e-14, 1.10935525631e-13, 1.85361247835e-13, 3.1390927184e-13, 5.4488450427e-13, 9.96996755986e-13, 1.24095037631e-12, 1.13449278184e-12, 5.94970849931e-13, 2.46868768917e-13, 2.42186750255e-13, 3.29956900561e-13, 5.97414573865e-14, 1.53206406708e-14],
        "min": [1.40151237232e-23, 1.67889574589e-23, 4.02188173861e-23, 2.50186699665e-23, 3.44272183456e-23, 3.69176869333e-23, 6.71927359043e-23, 2.72448385965e-23, 5.00943587993e-23, 1.55855943242e-23, 5.6978924624e-23, 8.1712774783e-23, 3.13187056377e-23, 6.64445360455e-23, 9.86256749119e-23, 2.30120116653e-22, 1.06934614298e-22, 2.78140086816e-22, 1.90537727002e-22, 3.13209106617e-22, 4.74158970849e-22, 5.88164896436e-22, 6.06540079626e-22, 7.65738369725e-22, 1.14203400822e-21, 1.86555622786e-21, 1.98576176712e-21],
        "skew": [5.95823717117, 5.63963699341, 5.87650728226, 6.9907784462, 11.7515287399, 6.57045793533, 9.03779315948, 12.0921840668, 6.08675050735, 4.89605903625, 6.72906112671, 7.18565511703, 7.55485391617, 6.74124526978, 7.88294267654, 8.38782596588, 13.4986534119, 11.027598381, 13.5773286819, 6.86150836945, 10.3207387924, 11.8714103699, 12.7783355713, 13.8022518158, 14.0399160385, 13.9135465622, 13.9724903107],
        "var": [6.28880419962e-11, 1.02249686051e-07, 3.02446245826e-08, 1.63121569585e-07, 1.08549068045e-06, 7.62101350915e-08, 1.06750441375e-07, 2.85262302668e-07, 1.29698733531e-07, 7.57796811968e-08, 4.99225087935e-08, 4.21239114701e-08, 2.15388844538e-08, 3.19459125819e-08, 5.43500320305e-08, 4.36426489614e-07, 1.52493362293e-06, 1.00002512227e-06, 7.00469854564e-06, 4.37071463466e-07, 9.41082589634e-07, 1.15334835016e-07, 6.85315759696e-09, 1.4780106028e-09, 8.42119263211e-10, 7.20508234239e-13, 4.71407663525e-16],
        "cov": [[6.3199369349e-11, 1.47242396054e-09, 7.54413476134e-10, 1.57145207957e-09, 3.75283226717e-09, 1.92904647811e-09, 1.41452549673e-09, 1.64294333693e-09, 1.96977856248e-09, 1.46885537067e-09, 1.31789446023e-09, 1.38024447427e-09, 6.30895335973e-10, 8.14695921836e-10, 1.20889220856e-09, 2.48519960167e-09, 3.13940429209e-09, 3.96295618543e-09, 6.78325973169e-09, 3.10083070332e-09, 2.81278689229e-09, 1.17315424042e-09, 2.43017356238e-10, 9.27018392605e-11, 5.72834314705e-11, 1.86539108812e-12, 3.9920659416e-14], [1.47242396054e-09, 1.02755869591e-07, 4.64141436396e-08, 8.51931218904e-08, 1.63168877521e-07, 3.88508958338e-08, 5.22362775257e-08, 8.33726474525e-08, 7.32124476599e-08, 6.48922338087e-08, 4.51017250214e-08, 2.8790912765e-08, 3.49425803847e-08, 3.7249808571e-08, 4.49327437479e-08, 1.31932040404e-07, 1.89016390095e-07, 1.79269846967e-07, 4.06396310382e-07, 1.39908152619e-07, 1.70919506104e-07, 5.98796958684e-08, 1.37786297927e-08, 5.51835199758e-09, 3.88615850611e-09, 1.17605952754e-10, 2.89451969337e-12], [7.54413476134e-10, 4.64141436396e-08, 3.03943501478e-08, 4.80505200073e-08, 5.14931279838e-08, 2.03251122599e-08, 2.15428226369e-08, 2.98693620948e-08, 3.65875578723e-08, 3.67439021431e-08, 2.00956886687e-08, 1.52635983852e-08, 1.52904480188e-08, 1.98955252273e-08, 2.01441228143e-08, 6.63731754003e-08, 5.59440458403e-08, 7.05428604419e-08, 1.32613152459e-07, 7.26258946315e-08, 7.96304746586e-08, 2.1840524056e-08, 5.1453707961e-09, 1.596981547e-09, 1.02614849951e-09, 3.1006551493e-11, 7.06277647044e-13], [1.57145207957e-09, 8.51931218904e-08, 4.80505200073e-08, 1.63929101404e-07, 3.03939742707e-07, 6.21222753239e-08, 9.35745489983e-08, 1.53583357587e-07, 1.0325588562e-07, 8.23552923634e-08, 6.12947985701e-08, 4.27814867976e-08, 4.48961827715e-08, 4.68229792716e-08, 6.28199643415e-08, 2.12387163856e-07, 3.47733816852e-07, 3.22733342273e-07, 7.57888074077e-07, 2.26406399406e-07, 3.17437496733e-07, 1.07988789466e-07, 2.51590144273e-08, 1.06718687221e-08, 7.70464847477e-09, 2.30476360219e-10, 5.78338635662e-12], [3.75283226717e-09, 1.63168877521e-07, 5.14931279838e-08, 3.03939742707e-07, 1.09086431621e-06, 1.72359634121e-07, 3.03253330003e-07, 5.17605315054e-07, 3.07275428213e-07, 1.89551698782e-07, 1.83637311579e-07, 1.13129885904e-07, 1.22480329878e-07, 1.11608180475e-07, 2.06937514236e-07, 5.71926022985e-07, 1.23508243632e-06, 9.87627572613e-07, 2.6601958325e-06, 5.56965119358e-07, 9.01011389942e-07, 3.36522049338e-07, 8.22998629246e-08, 3.84250391505e-08, 2.86764354485e-08, 8.45983672004e-10, 2.14566003853e-11], [1.92904647811e-09, 3.88508958338e-08, 2.03251122599e-08, 6.21222753239e-08, 1.72359634121e-07, 7.65874119679e-08, 6.547301723e-08, 8.19659859985e-08, 7.59192744226e-08, 5.28229477936e-08, 5.03885360104e-08, 5.17392564348e-08, 2.65856527903e-08, 3.52217028876e-08, 4.51488730846e-08, 1.17728589544e-07, 1.67608888546e-07, 1.85204470426e-07, 3.61645987823e-07, 1.25912407611e-07, 1.54106388095e-07, 5.43778106987e-08, 1.22759873378e-08, 4.98888175215e-09, 3.42179484747e-09, 1.03313697875e-10, 2.40524440642e-12], [1.41452549673e-09, 5.22362775257e-08, 2.15428226369e-08, 9.35745489983e-08, 3.03253330003e-07, 6.547301723e-08, 1.07278907535e-07, 1.59890646501e-07, 9.71369402691e-08, 6.19881319608e-08, 6.22829503527e-08, 4.04246875974e-08, 4.21916404036e-08, 3.75106239403e-08, 5.84795181169e-08, 1.72705441059e-07, 3.52140318682e-07, 3.01082963006e-07, 7.60908847042e-07, 1.78111321247e-07, 2.65152152679e-07, 9.82839836183e-08, 2.35555184247e-08, 1.07612310174e-08, 7.99520627481e-09, 2.33442876141e-10, 5.86501854027e-12], [1.64294333693e-09, 8.33726474525e-08, 2.98693620948e-08, 1.53583357587e-07, 5.17605315054e-07, 8.19659859985e-08, 1.59890646501e-07, 2.86674492145e-07, 1.53060796038e-07, 9.89667654494e-08, 9.88581021488e-08, 5.73125298331e-08, 6.76038141023e-08, 5.89350861446e-08, 1.01553865761e-07, 3.07653948539e-07, 6.48270884085e-07, 5.2235509429e-07, 1.37911365528e-06, 3.09983732905e-07, 4.7599098707e-07, 1.78214520474e-07, 4.30429167864e-08, 1.99022966996e-08, 1.49265080296e-08, 4.34712710273e-10, 1.101417655e-11], [1.96977856248e-09, 7.32124476599e-08, 3.65875578723e-08, 1.0325588562e-07, 3.07275428213e-07, 7.59192744226e-08, 9.71369402691e-08, 1.53060796038e-07, 1.30340808369e-07, 8.7997776177e-08, 7.16833454817e-08, 5.97648579514e-08, 4.39932925644e-08, 5.5220741757e-08, 7.86029161759e-08, 2.11678170103e-07, 3.40408263355e-07, 3.07665914079e-07, 7.27898111563e-07, 2.1068568401e-07, 2.93001448881e-07, 9.99984095529e-08, 2.40194193424e-08, 1.022121765e-08, 7.40241246078e-09, 2.18499177085e-10, 5.3987665033e-12], [1.46885537067e-09, 6.48922338087e-08, 3.67439021431e-08, 8.23552923634e-08, 1.89551698782e-07, 5.28229477936e-08, 6.19881319608e-08, 9.89667654494e-08, 8.7997776177e-08, 7.6154826445e-08, 5.40689946149e-08, 4.33256879262e-08, 3.38024719326e-08, 4.09536049517e-08, 5.51838610363e-08, 1.52138582621e-07, 2.15628190858e-07, 2.09878677992e-07, 4.79759023619e-07, 1.58304231945e-07, 2.03489960882e-07, 6.51885940783e-08, 1.59413673373e-08, 6.51284581821e-09, 4.64071669981e-09, 1.36860522915e-10, 3.33001291472e-12], [1.31789446023e-09, 4.51017250214e-08, 2.00956886687e-08, 6.12947985701e-08, 1.83637311579e-07, 5.03885360104e-08, 6.22829503527e-08, 9.88581021488e-08, 7.16833454817e-08, 5.40689946149e-08, 5.01696497679e-08, 3.85281460069e-08, 3.01035605332e-08, 3.02614253656e-08, 4.75886210438e-08, 1.21290270272e-07, 2.14197456216e-07, 1.98054308953e-07, 4.6489302008e-07, 1.32713111611e-07, 1.70733784444e-07, 6.21766744757e-08, 1.48010563805e-08, 6.5098868518e-09, 4.70936578623e-09, 1.38780764658e-10, 3.4044913156e-12], [1.38024447427e-09, 2.8790912765e-08, 1.52635983852e-08, 4.27814867976e-08, 1.13129885904e-07, 5.17392564348e-08, 4.04246875974e-08, 5.73125298331e-08, 5.97648579514e-08, 4.33256879262e-08, 3.85281460069e-08, 4.23324451049e-08, 1.92791134168e-08, 2.74880811446e-08, 3.76662967483e-08, 8.93973037819e-08, 1.17130078081e-07, 1.31473598231e-07, 2.48042852036e-07, 9.67136912777e-08, 1.10567413003e-07, 3.83917537761e-08, 8.66027516366e-09, 3.45346506947e-09, 2.33143948591e-09, 7.05852390426e-11, 1.61989833439e-12], [6.30895335973e-10, 3.49425803847e-08, 1.52904480188e-08, 4.48961827715e-08, 1.22480329878e-07, 2.65856527903e-08, 4.21916404036e-08, 6.76038141023e-08, 4.39932925644e-08, 3.38024719326e-08, 3.01035605332e-08, 1.92791134168e-08, 2.16455120494e-08, 1.93011118199e-08, 2.89516108865e-08, 8.23750880841e-08, 1.49085366274e-07, 1.32031630073e-07, 3.25757156361e-07, 8.64377440735e-08, 1.20243996093e-07, 4.20683043956e-08, 1.01741433056e-08, 4.51861836837e-09, 3.33421845689e-09, 9.71407260186e-11, 2.43477937464e-12], [8.14695921836e-10, 3.7249808571e-08, 1.98955252273e-08, 4.68229792716e-08, 1.11608180475e-07, 3.52217028876e-08, 3.75106239403e-08, 5.89350861446e-08, 5.5220741757e-08, 4.09536049517e-08, 3.02614253656e-08, 2.74880811446e-08, 1.93011118199e-08, 3.21040616313e-08, 3.03773965982e-08, 1.06263719601e-07, 1.30411081045e-07, 1.27796255356e-07, 2.74616752449e-07, 9.66472128994e-08, 1.40834643503e-07, 4.03493061185e-08, 9.91095649994e-09, 3.77193742906e-09, 2.70078470699e-09, 7.87928472468e-11, 1.93119370322e-12], [1.20889220856e-09, 4.49327437479e-08, 2.01441228143e-08, 6.28199643415e-08, 2.06937514236e-07, 4.51488730846e-08, 5.84795181169e-08, 1.01553865761e-07, 7.86029161759e-08, 5.51838610363e-08, 4.75886210438e-08, 3.76662967483e-08, 2.89516108865e-08, 3.03773965982e-08, 5.46190932482e-08, 1.30241531338e-07, 2.32723465388e-07, 2.03246145247e-07, 5.06087530994e-07, 1.33333230679e-07, 1.84196849773e-07, 6.59288375005e-08, 1.61059858783e-08, 7.17588921617e-09, 5.22918242041e-09, 1.54660492746e-10, 3.83326356768e-12], [2.48519960167e-09, 1.31932040404e-07, 6.63731754003e-08, 2.12387163856e-07, 5.71926022985e-07, 1.17728589544e-07, 1.72705441059e-07, 3.07653948539e-07, 2.11678170103e-07, 1.52138582621e-07, 1.21290270272e-07, 8.93973037819e-08, 8.23750880841e-08, 1.06263719601e-07, 1.30241531338e-07, 4.385870227e-07, 6.9848624662e-07, 6.07330093771e-07, 1.49046604747e-06, 4.09979207916e-07, 6.28717884865e-07, 2.02224853751e-07, 4.98114793857e-08, 2.11235722247e-08, 1.55900874432e-08, 4.542274612e-10, 1.14018950531e-11], [3.13940429209e-09, 1.89016390095e-07, 5.59440458403e-08, 3.47733816852e-07, 1.23508243632e-06, 1.67608888546e-07, 3.52140318682e-07, 6.48270884085e-07, 3.40408263355e-07, 2.15628190858e-07, 2.14197456216e-07, 1.17130078081e-07, 1.49085366274e-07, 1.30411081045e-07, 2.32723465388e-07, 6.9848624662e-07, 1.53248277002e-06, 1.19695368994e-06, 3.26489976032e-06, 6.71751422487e-07, 1.10613859761e-06, 4.13890433038e-07, 1.01486001824e-07, 4.74770516234e-08, 3.57382070604e-08, 1.04507036358e-09, 2.66144172673e-11], [3.96295618543e-09, 1.79269846967e-07, 7.05428604419e-08, 3.22733342273e-07, 9.87627572613e-07, 1.85204470426e-07, 3.01082963006e-07, 5.2235509429e-07, 3.07665914079e-07, 2.09878677992e-07, 1.98054308953e-07, 1.31473598231e-07, 1.32031630073e-07, 1.27796255356e-07, 2.03246145247e-07, 6.07330093771e-07, 1.19695368994e-06, 1.0049757293e-06, 2.55889290202e-06, 6.11383939031e-07, 9.23404684272e-07, 3.36026346304e-07, 8.09165427995e-08, 3.67188306427e-08, 2.72584461669e-08, 7.99408039764e-10, 2.01423010215e-11], [6.78325973169e-09, 4.06396310382e-07, 1.32613152459e-07, 7.57888074077e-07, 2.6601958325e-06, 3.61645987823e-07, 7.60908847042e-07, 1.37911365528e-06, 7.27898111563e-07, 4.79759023619e-07, 4.6489302008e-07, 2.48042852036e-07, 3.25757156361e-07, 2.74616752449e-07, 5.06087530994e-07, 1.49046604747e-06, 3.26489976032e-06, 2.55889290202e-06, 7.03937530488e-06, 1.43640158967e-06, 2.37070366893e-06, 8.76586909726e-07, 2.174376732e-07, 1.01841237665e-07, 7.66619123738e-08, 2.24037388641e-09, 5.70339157846e-11], [3.10083070332e-09, 1.39908152619e-07, 7.26258946315e-08, 2.26406399406e-07, 5.56965119358e-07, 1.25912407611e-07, 1.78111321247e-07, 3.09983732905e-07, 2.1068568401e-07, 1.58304231945e-07, 1.32713111611e-07, 9.67136912777e-08, 8.64377440735e-08, 9.66472128994e-08, 1.33333230679e-07, 4.09979207916e-07, 6.71751422487e-07, 6.11383939031e-07, 1.43640158967e-06, 4.39235179783e-07, 5.85461350511e-07, 1.99725192829e-07, 4.71296637272e-08, 2.01067376082e-08, 1.46514418375e-08, 4.29221796994e-10, 1.06835729499e-11], [2.81278689229e-09, 1.70919506104e-07, 7.96304746586e-08, 3.17437496733e-07, 9.01011389942e-07, 1.54106388095e-07, 2.65152152679e-07, 4.7599098707e-07, 2.93001448881e-07, 2.03489960882e-07, 1.70733784444e-07, 1.10567413003e-07, 1.20243996093e-07, 1.40834643503e-07, 1.84196849773e-07, 6.28717884865e-07, 1.10613859761e-06, 9.23404684272e-07, 2.37070366893e-06, 5.85461350511e-07, 9.457414194e-07, 3.11343598014e-07, 7.72564092699e-08, 3.38461418892e-08, 2.52498395525e-08, 7.35314198419e-10, 1.86459753887e-11], [1.17315424042e-09, 5.98796958684e-08, 2.1840524056e-08, 1.07988789466e-07, 3.36522049338e-07, 5.43778106987e-08, 9.82839836183e-08, 1.78214520474e-07, 9.99984095529e-08, 6.51885940783e-08, 6.21766744757e-08, 3.83917537761e-08, 4.20683043956e-08, 4.03493061185e-08, 6.59288375005e-08, 2.02224853751e-07, 4.13890433038e-07, 3.36026346304e-07, 8.76586909726e-07, 1.99725192829e-07, 3.11343598014e-07, 1.15905798737e-07, 2.78497811479e-08, 1.27315020748e-08, 9.48848111193e-09, 2.78803341525e-10, 7.0584731636e-12], [2.43017356238e-10, 1.37786297927e-08, 5.1453707961e-09, 2.51590144273e-08, 8.22998629246e-08, 1.22759873378e-08, 2.35555184247e-08, 4.30429167864e-08, 2.40194193424e-08, 1.59413673373e-08, 1.48010563805e-08, 8.66027516366e-09, 1.01741433056e-08, 9.91095649994e-09, 1.61059858783e-08, 4.98114793857e-08, 1.01486001824e-07, 8.09165427995e-08, 2.174376732e-07, 4.71296637272e-08, 7.72564092699e-08, 2.78497811479e-08, 6.88708379215e-09, 3.15271009299e-09, 2.36184605207e-09, 6.91245533035e-11, 1.75427012326e-12], [9.27018392605e-11, 5.51835199758e-09, 1.596981547e-09, 1.06718687221e-08, 3.84250391505e-08, 4.98888175215e-09, 1.07612310174e-08, 1.99022966996e-08, 1.022121765e-08, 6.51284581821e-09, 6.5098868518e-09, 3.45346506947e-09, 4.51861836837e-09, 3.77193742906e-09, 7.17588921617e-09, 2.11235722247e-08, 4.74770516234e-08, 3.67188306427e-08, 1.01841237665e-07, 2.01067376082e-08, 3.38461418892e-08, 1.27315020748e-08, 3.15271009299e-09, 1.48532752764e-09, 1.11899445265e-09, 3.27578658643e-11, 8.34517622107e-13], [5.72834314705e-11, 3.88615850611e-09, 1.02614849951e-09, 7.70464847477e-09, 2.86764354485e-08, 3.42179484747e-09, 7.99520627481e-09, 1.49265080296e-08, 7.40241246078e-09, 4.64071669981e-09, 4.70936578623e-09, 2.33143948591e-09, 3.33421845689e-09, 2.70078470699e-09, 5.22918242041e-09, 1.55900874432e-08, 3.57382070604e-08, 2.72584461669e-08, 7.66619123738e-08, 1.46514418375e-08, 2.52498395525e-08, 9.48848111193e-09, 2.36184605207e-09, 1.11899445265e-09, 8.4628820618e-10, 2.47186108387e-11, 6.31490031707e-13], [1.86539108812e-12, 1.17605952754e-10, 3.1006551493e-11, 2.30476360219e-10, 8.45983672004e-10, 1.03313697875e-10, 2.33442876141e-10, 4.34712710273e-10, 2.18499177085e-10, 1.36860522915e-10, 1.38780764658e-10, 7.05852390426e-11, 9.71407260186e-11, 7.87928472468e-11, 1.54660492746e-10, 4.542274612e-10, 1.04507036358e-09, 7.99408039764e-10, 2.24037388641e-09, 4.29221796994e-10, 7.35314198419e-10, 2.78803341525e-10, 6.91245533035e-11, 3.27578658643e-11, 2.47186108387e-11, 7.24075096756e-13, 1.84765549892e-14], [3.9920659416e-14, 2.89451969337e-12, 7.06277647044e-13, 5.78338635662e-12, 2.14566003853e-11, 2.40524440642e-12, 5.86501854027e-12, 1.101417655e-11, 5.3987665033e-12, 3.33001291472e-12, 3.4044913156e-12, 1.61989833439e-12, 2.43477937464e-12, 1.93119370322e-12, 3.83326356768e-12, 1.14018950531e-11, 2.66144172673e-11, 2.01423010215e-11, 5.70339157846e-11, 1.06835729499e-11, 1.86459753887e-11, 7.0584731636e-12, 1.75427012326e-12, 8.34517622107e-13, 6.31490031707e-13, 1.84765549892e-14, 4.73741345174e-16]]
    },
    "mfcc": {
        "kurt": [4.33110713959, 1.49797058105, 3.34324502945, 4.00694799423, 6.37333583832, 7.31883621216, 9.79817199707, 10.4563074112, 14.1597480774, 5.61839675903, 9.15557956696, 6.95144271851, 9.46963787079],
        "max": [-466.912445068, 134.085510254, 26.3157081604, 74.5159988403, 28.6983222961, 23.7230319977, 29.5129623413, 22.3760566711, 24.4809036255, 13.7938461304, 15.1538581848, 10.1034545898, 17.4124717712],
        "mean": [-1072.28405762, 18.1345691681, -9.09495830536, 7.20623350143, -1.46770763397, -0.288080334663, 1.10911750793, 0.910311818123, 1.07555735111, 0.736699283123, 0.466264992952, -0.218967080116, -0.0541789792478],
        "median": [-1138.42004395, 1.14440917969e-05, -6.103515625e-05, 8.01086425781e-05, -6.103515625e-05, 2.28881835938e-05, -2.67028808594e-05, -5.34057617188e-05, -4.57763671875e-05, -2.28881835938e-05, -2.67028808594e-05, -3.0517578125e-05, -3.81469726562e-05],
        "min": [-1138.42004395, 1.14440917969e-05, -92.6398162842, -11.7854118347, -42.0037841797, -23.6974182129, -11.5153923035, -15.1003360748, -9.00690460205, -10.2855224609, -13.3107156754, -12.9761123657, -13.2151451111],
        "skew": [2.36924338341, 1.78531599045, -2.10361218452, 2.29827976227, -1.9134478569, -0.629115283489, 2.33812665939, 2.19690656662, 3.32835316658, 1.31281876564, 1.06307792664, -0.804315984249, 0.716888010502],
        "var": [24403.0917969, 1435.31176758, 525.776550293, 323.681182861, 90.8835906982, 28.4220199585, 22.9554290771, 17.0038547516, 14.1097078323, 11.6815242767, 7.77378511429, 9.4017457962, 9.55631065369],
        "cov": [[24523.8984375, 5071.453125, -2979.3112793, 2598.99560547, -1014.6472168, 14.4657697678, 161.496322632, 285.599578857, 355.48449707, 95.0444869995, 50.0233840942, -144.762893677, -97.5786743164], [5071.453125, 1442.41723633, -734.739013672, 556.464233398, -135.832809448, -32.8555641174, 85.8285675049, 63.483745575, 75.8412399292, 50.897190094, 26.1003856659, -21.6435203552, -18.4907131195], [-2979.3112793, -734.739013672, 528.379394531, -326.655700684, 103.124717712, 17.4062671661, -47.0183334351, -31.058429718, -45.3399848938, -27.217464447, -19.5322971344, 6.01530599594, -3.42519378662], [2598.99560547, 556.464233398, -326.655700684, 325.283569336, -116.505485535, -0.563856005669, 19.6859779358, 31.0750408173, 46.6299057007, 8.92029571533, 11.4597740173, -13.6491775513, -14.4490375519], [-1014.6472168, -135.832809448, 103.124717712, -116.505485535, 91.3335113525, -10.0149993896, 10.5787000656, -11.4775381088, -19.019618988, 3.38698792458, 1.54169714451, 12.1429271698, 8.22237205505], [14.4657697678, -32.8555641174, 17.4062671661, -0.563856005669, -10.0149993896, 28.5627231598, 2.61657595634, 11.1635713577, 5.47216081619, 3.14568257332, -2.71417474747, -3.26377797127, -2.91622853279], [161.496322632, 85.8285675049, -47.0183334351, 19.6859779358, 10.5787000656, 2.61657595634, 23.069070816, 10.3834466934, 5.32605648041, 10.6232938766, 2.93499946594, 0.836710572243, 2.24844384193], [285.599578857, 63.483745575, -31.058429718, 31.0750408173, -11.4775381088, 11.1635713577, 10.3834466934, 17.0880317688, 10.2432575226, 6.28829240799, 0.219778612256, -3.58765125275, -1.86032903194], [355.48449707, 75.8412399292, -45.3399848938, 46.6299057007, -19.019618988, 5.47216081619, 5.32605648041, 10.2432575226, 14.1795578003, 5.00204133987, 2.03770136833, -2.36743378639, -1.99290013313], [95.0444869995, 50.897190094, -27.217464447, 8.92029571533, 3.38698792458, 3.14568257332, 10.6232938766, 6.28829240799, 5.00204133987, 11.7393531799, 3.09615659714, 1.2354003191, 3.19535207748], [50.0233840942, 26.1003856659, -19.5322971344, 11.4597740173, 1.54169714451, -2.71417474747, 2.93499946594, 0.219778612256, 2.03770136833, 3.09615659714, 7.81226921082, 4.37998437881, 3.75818300247], [-144.762893677, -21.6435203552, 6.01530599594, -13.6491775513, 12.1429271698, -3.26377797127, 0.836710572243, -3.58765125275, -2.36743378639, 1.2354003191, 4.37998437881, 9.44828891754, 5.649933815], [-97.5786743164, -18.4907131195, -3.42519378662, -14.4490375519, 8.22237205505, -2.91622853279, 2.24844384193, -1.86032903194, -1.99290013313, 3.19535207748, 3.75818300247, 5.649933815, 9.6036195755]]
    },
    "sccoeffs": {
        "kurt": [5.25395202637, 3.8488407135, 2.98909950256, 5.25834846497, 2.38270282745, 0.949889659882],
        "max": [-0.546404778957, -0.738854825497, -0.744235992432, -0.733902513981, -0.725021004677, -0.616840004921],
        "mean": [-0.849759340286, -0.91510951519, -0.919024884701, -0.915157437325, -0.906259596348, -0.877644479275],
        "median": [-0.864759683609, -0.928893148899, -0.935330092907, -0.929886996746, -0.926254451275, -0.920758903027],
        "min": [-0.960451841354, -0.973772585392, -0.969873487949, -0.970563054085, -0.965543746948, -0.962683320045],
        "skew": [1.97249996662, 2.03544592857, 1.90408694744, 2.3455786705, 1.79409217834, 1.6283121109],
        "var": [0.00358026754111, 0.0021302907262, 0.00200589350425, 0.00165161699988, 0.00214719376527, 0.00789002142847],
        "cov": [[0.00359799154103, 0.00218868558295, 0.00215125619434, 0.00206098146737, 0.00230031996034, 0.00415484374389], [0.00218868558295, 0.0021408367902, 0.00181163370144, 0.00164838740602, 0.00190669833682, 0.00344122038223], [0.00215125619434, 0.00181163370144, 0.0020158237312, 0.00160241895355, 0.00189422746189, 0.00355278863572], [0.00206098146737, 0.00164838740602, 0.00160241895355, 0.00165979331359, 0.00173836958129, 0.003131960053], [0.00230031996034, 0.00190669833682, 0.00189422746189, 0.00173836958129, 0.00215782341547, 0.00384869938716], [0.00415484374389, 0.00344122038223, 0.00355278863572, 0.003131960053, 0.00384869938716, 0.00792908109725]]
    },
    "scvalleys": {
        "kurt": [0.176916122437, 0.675719499588, 0.755951166153, 0.657039642334, 1.41827011108, 4.56186294556],
        "max": [-4.74154043198, -4.33895587921, -4.67260122299, -4.94442892075, -4.49871063232, -6.52183246613],
        "mean": [-16.218957901, -15.0926523209, -15.1169481277, -15.1127510071, -14.665058136, -16.3279743195],
        "median": [-18.5699100494, -17.065738678, -17.1253490448, -17.065038681, -16.3863449097, -17.3257484436],
        "min": [-26.8561439514, -27.20570755, -27.2808971405, -26.9219799042, -27.0892925262, -27.1742801666],
        "skew": [1.25343954563, 1.27746856213, 1.29144072533, 1.26694428921, 1.32850825787, 1.72194647789],
        "var": [21.8553676605, 17.0038166046, 16.711391449, 15.6441335678, 13.145357132, 7.11758422852],
        "cov": [[21.9635620117, 19.0916976929, 18.9424781799, 18.3027133942, 16.5673751831, 11.0520830154], [19.0916976929, 17.0879936218, 16.8601093292, 16.3048248291, 14.888835907, 10.0965766907], [18.9424781799, 16.8601093292, 16.7941207886, 16.1994934082, 14.7938175201, 10.0610609055], [18.3027133942, 16.3048248291, 16.1994934082, 15.7215795517, 14.315984726, 9.67952346802], [16.5673751831, 14.888835907, 14.7938175201, 14.315984726, 13.21043396, 9.20347213745], [11.0520830154, 10.0965766907, 10.0610609055, 9.67952346802, 9.20347213745, 7.15282011032]]
    }
},
"rhythm": {
    "beats_loudness": {
        "kurt": 6.09986114502,
        "max": 0.027296345681,
        "mean": 0.00248849368654,
        "median": 6.38862617322e-12,
        "min": 4.7281332495e-12,
        "skew": 2.84600901604,
        "var": 6.15434328211e-05
    },
    "bpm": 155.683914185,
    "confidence": 0,
    "first_peak_bpm": {
        "kurt": 0,
        "max": 157,
        "mean": 157,
        "median": 157,
        "min": 157,
        "skew": 0,
        "var": 0
    },
    "first_peak_spread": {
        "kurt": 0,
        "max": 0,
        "mean": 0,
        "median": 0,
        "min": 0,
        "skew": 0,
        "var": 0
    },
    "first_peak_weight": {
        "kurt": 0,
        "max": 0.800000011921,
        "mean": 0.800000011921,
        "median": 0.800000011921,
        "min": 0.800000011921,
        "skew": 0,
        "var": 0
    },
    "onset_rate": 0.64118719101,
    "second_peak_bpm": {
        "kurt": 0,
        "max": 152,
        "mean": 152,
        "median": 152,
        "min": 152,
        "skew": 0,
        "var": 0
    },
    "second_peak_spread": {
        "kurt": 0,
        "max": 0,
        "mean": 0,
        "median": 0,
        "min": 0,
        "skew": 0,
        "var": 0
    },
    "second_peak_weight": {
        "kurt": 0,
        "max": 0.20000000298,
        "mean": 0.20000000298,
        "median": 0.20000000298,
        "min": 0.20000000298,
        "skew": 0,
        "var": 0
    },
    "beats_loudness_band_ratio": {
        "kurt": [4.91345310211, 0.365479230881, -0.589470624924, 1.85257577896, 2.32366275787, 4.8295249939],
        "max": [0.667841076851, 0.0337426252663, 0.0671612471342, 0.257341772318, 0.572422206402, 0.328017413616],
        "mean": [0.0794382989407, 0.00685667572543, 0.0152547545731, 0.0435085259378, 0.0908296629786, 0.0403656326234],
        "median": [0, 0, 0, 0, 0, 0],
        "min": [0, 0, 0, 0, 0, 0],
        "skew": [2.54340815544, 1.47142398357, 1.12147128582, 1.74557840824, 1.90394079685, 2.5178000927],
        "var": [0.037172794342, 0.000154324472533, 0.000639179605059, 0.00636809645221, 0.030908273533, 0.00893334019929],
        "cov": [[0.0408900752664, 0.00223529268987, 0.00318320165388, 0.00582999084145, 0.00792631600052, 0.00437987688929], [0.00223529268987, 0.000169756924151, 0.000310236850055, 0.000660027435515, 0.00128559931181, 0.000900260638446], [0.00318320165388, 0.000310236850055, 0.000703097553924, 0.00192395295016, 0.0041162353009, 0.00212658056989], [0.00582999084145, 0.000660027435515, 0.00192395295016, 0.00700490642339, 0.0152476625517, 0.00455717882141], [0.00792631600052, 0.00128559931181, 0.0041162353009, 0.0152476625517, 0.0339991003275, 0.0109513541684], [0.00437987688929, 0.000900260638446, 0.00212658056989, 0.00455717882141, 0.0109513541684, 0.00982667412609]]
    },
    "beats_position": [0.383129239082, 0.777868449688, 1.17260766029, 1.55573689938, 1.93886613846, 2.32199549675, 2.70512461662, 3.08825397491, 3.47138309479, 3.85451245308, 4.23764181137],
    "bpm_estimates": [151.999084473, 151.999084473, 156.605117798, 156.605117798, 156.605072021, 156.605163574, 156.605072021, 156.605163574, 156.605072021, 156.605072021],
    "bpm_intervals": [0.394739210606, 0.394739210606, 0.383129239082, 0.383129239082, 0.383129358292, 0.383129119873, 0.383129358292, 0.383129119873, 0.383129358292, 0.383129358292],
    "onset_times": [0.96362811327, 1.17260766029, 1.60217690468],
    "histogram": [[0, 0, 0, 0, 0, 0, 0, 0, 0, 0, 0, 0, 0, 0, 0, 0, 0, 0, 0, 0, 0, 0, 0, 0, 0, 0, 0, 0, 0, 0, 0, 0, 0, 0, 0, 0, 0, 0, 0, 0, 0, 0, 0, 0, 0, 0, 0, 0, 0, 0, 0, 0, 0, 0, 0, 0, 0, 0, 0, 0, 0, 0, 0, 0, 0, 0, 0, 0, 0, 0, 0, 0, 0, 0, 0, 0, 0, 0, 0, 0, 0, 0, 0, 0, 0, 0, 0, 0, 0, 0, 0, 0, 0, 0, 0, 0, 0, 0, 0, 0, 0, 0, 0, 0, 0, 0, 0, 0, 0, 0, 0, 0, 0, 0, 0, 0, 0, 0, 0, 0, 0, 0, 0, 0, 0, 0, 0, 0, 0, 0, 0, 0, 0, 0, 0, 0, 0, 0, 0, 0, 0, 0, 0, 0, 0, 0, 0, 0, 0, 0, 0, 0, 0.20000000298, 0, 0, 0, 0, 0.800000011921, 0, 0, 0, 0, 0, 0, 0, 0, 0, 0, 0, 0, 0, 0, 0, 0, 0, 0, 0, 0, 0, 0, 0, 0, 0, 0, 0, 0, 0, 0, 0, 0, 0, 0, 0, 0, 0, 0, 0, 0, 0, 0, 0, 0, 0, 0, 0, 0, 0, 0, 0, 0, 0, 0, 0, 0, 0, 0, 0, 0, 0, 0, 0, 0, 0, 0, 0, 0, 0, 0, 0, 0, 0, 0, 0, 0, 0, 0, 0, 0, 0, 0, 0, 0, 0, 0, 0, 0, 0, 0, 0, 0]]
},
"sfx": {
    "inharmonicity": {
        "kurt": 7.86262607574,
        "max": 0.280470877886,
        "mean": 0.0201504789293,
        "median": 0,
        "min": 0,
        "skew": 2.86483573914,
        "var": 0.00271671148948
    },
    "oddtoevenharmonicenergyratio": {
        "kurt": 28.2136611938,
        "max": 5.58672380447,
        "mean": 0.207506045699,
        "median": 0,
        "min": 0,
        "skew": 5.00560474396,
        "var": 0.501795709133
    },
    "pitch_after_max_to_before_max_energy_ratio": 1.02957224846,
    "pitch_centroid": 108.569992065,
    "pitch_max_to_total": 0.596059083939,
    "pitch_min_to_total": 0.448275864124,
    "tristimulus": {
        "kurt": [1.39440917969, 7.36687088013, 4.14825582504],
        "max": [1, 0.803141713142, 0.963205516338],
        "mean": [0.850266695023, 0.0602992027998, 0.089434094727],
        "median": [1, 0, 0],
        "min": [0, 0, 0],
        "skew": [-1.79997050762, 2.73685479164, 2.32256937027],
        "var": [0.105113439262, 0.0221558362246, 0.0467272512615],
        "cov": [[0.105633802712, -0.0404701940715, -0.0651632994413], [-0.0404701940715, 0.0222655199468, 0.0182045921683], [-0.0651632994413, 0.0182045921683, 0.0469585731626]]
    }
},
"tonal": {
    "chords_changes_rate": 0.215686276555,
    "chords_number_rate": 0.088235296309,
    "chords_strength": {
        "kurt": -1.55392420292,
        "max": 0.578329622746,
        "mean": -0.125420153141,
        "median": 0.252112627029,
        "min": -1,
        "skew": -0.617820441723,
        "var": 0.404864341021
    },
    "key_strength": 0.429659307003,
    "tuning_diatonic_strength": 0.300739169121,
    "tuning_equal_tempered_deviation": 0.213305026293,
    "tuning_frequency": 440.763122559,
    "tuning_nontempered_energy_ratio": 0.887299656868,
    "hpcp": {
        "kurt": [5.72605037689, 4.89084815979, 6.55886650085, 4.88028860092, 6.02868080139, 2.49033880234, 3.86391878128, 5.08851242065, 4.45599079132, 4.40805721283, 3.82076501846, 5.16252231598, 6.44208431244, 5.7566242218, 3.18586826324, 5.22731399536, 4.05669355392, 7.78320980072, 7.64713478088, 8.46563816071, 10.6492919922, 9.53462219238, 7.78055477142, 6.76729393005, 7.06109046936, 6.75461959839, 5.56221961975, 3.91800498962, 2.65110588074, 4.7918806076, 6.34201335907, 4.74366998672, 4.168800354, 5.13922214508, 5.39057636261, 5.11647224426],
        "max": [1, 1, 1, 1, 1, 0.732907295227, 0.941508948803, 1, 1, 1, 1, 1, 1, 1, 0.961859762669, 1, 0.651856958866, 0.776964485645, 0.898313343525, 1, 1, 1, 0.801613688469, 0.776957392693, 0.982643842697, 1, 0.961559832096, 0.916525840759, 0.780630946159, 1, 1, 1, 0.862819314003, 1, 0.86546599865, 0.889542460442],
        "mean": [0.0972923189402, 0.0965698435903, 0.0946569740772, 0.0987229645252, 0.087410338223, 0.085152335465, 0.0950081199408, 0.106234483421, 0.110323034227, 0.112123899162, 0.108842983842, 0.100355446339, 0.0909133031964, 0.0878125056624, 0.103863798082, 0.0998968034983, 0.0740847662091, 0.0686494633555, 0.0751842558384, 0.0756945833564, 0.0729096010327, 0.0723903253675, 0.0701004043221, 0.0735230445862, 0.0867958441377, 0.0878023654222, 0.090911783278, 0.101222589612, 0.102251462638, 0.101824879646, 0.101486161351, 0.0973266139627, 0.094062782824, 0.0908773392439, 0.0826122909784, 0.0825306177139],
        "median": [0, 0, 0, 0, 0, 0, 0, 0, 0, 0, 0, 0, 0, 0, 0, 0, 0, 0, 0, 0, 0, 0, 0, 0, 0, 0, 0, 0, 0, 0, 0, 0, 0, 0, 0, 0],
        "min": [0, 0, 0, 0, 0, 0, 0, 0, 0, 0, 0, 0, 0, 0, 0, 0, 0, 0, 0, 0, 0, 0, 0, 0, 0, 0, 0, 0, 0, 0, 0, 0, 0, 0, 0, 0],
