{
"metadata": {
    "version": {
        "essentia": "2.1-beta3"
    }
},
"lowLevel": {
    "average_loudness": 0.99068403244,
    "barkbands_kurtosis": {
        "kurt": 3.12602567673,
        "max": 16.213809967,
        "mean": 1.31662428379,
        "median": -0.391970157623,
        "min": -1.77356994152,
        "skew": 1.89195096493,
        "var": 16.970867157
    },
    "barkbands_skewness": {
        "kurt": -0.156230688095,
        "max": 4.00429391861,
        "mean": 1.12351346016,
        "median": 0.826061308384,
        "min": -1.31289720535,
        "skew": 0.521622955799,
        "var": 1.32556974888
    },
    "barkbands_spread": {
        "kurt": -1.17861688137,
        "max": 39.1404418945,
        "mean": 22.3719406128,
        "median": 21.3059368134,
        "min": 6.46888875961,
        "skew": 0.105675637722,
        "var": 96.7326812744
    },
    "dissonance": {
        "kurt": 29.5259246826,
        "max": 0.498119413853,
        "mean": 0.472972601652,
        "median": 0.483065783978,
        "min": 0.224702194333,
        "skew": -5.156457901,
        "var": 0.00154607649893
    },
    "hfc": {
        "kurt": 9.28351783752,
        "max": 4.90541267395,
        "mean": 0.549107551575,
        "median": 0.156175240874,
        "min": 0.000710411404725,
        "skew": 2.9329931736,
        "var": 0.874109566212
    },
    "pitch": {
        "kurt": -1.94810819626,
        "max": 2953.00878906,
        "mean": 1400.39672852,
        "median": 278.121826172,
        "min": 107.630233765,
        "skew": 0.206373274326,
        "var": 1679880
    },
    "pitch_instantaneous_confidence": {
        "kurt": -0.931941986084,
        "max": 0.573309898376,
        "mean": 0.370140463114,
        "median": 0.377152860165,
        "min": 0.167520940304,
        "skew": -0.280857026577,
        "var": 0.0111206574365
    },
    "pitch_salience": {
        "kurt": 0.215208053589,
        "max": 0.87739533186,
        "mean": 0.668637633324,
        "median": 0.695212543011,
        "min": 0.424934655428,
        "skew": -0.476062446833,
        "var": 0.00920288357884
    },
    "silence_rate_20dB": {
        "kurt": 0,
        "max": 1,
        "mean": 1,
        "median": 1,
        "min": 1,
        "skew": 0,
        "var": 0
    },
    "silence_rate_30dB": {
        "kurt": 0,
        "max": 1,
        "mean": 1,
        "median": 1,
        "min": 1,
        "skew": 0,
        "var": 0
    },
    "silence_rate_60dB": {
        "kurt": 44.0207443237,
        "max": 1,
        "mean": 0.979591846466,
        "median": 1,
        "min": 0,
        "skew": -6.783847332,
        "var": 0.0199916921556
    },
    "spectral_centroid": {
        "kurt": 0.615472555161,
        "max": 2317.72265625,
        "mean": 929.222900391,
        "median": 861.421630859,
        "min": 358.316253662,
        "skew": 0.976295411587,
        "var": 197785.984375
    },
    "spectral_complexity": {
        "kurt": 10.5615386963,
        "max": 14,
        "mean": 1.4693877697,
        "median": 0,
        "min": 0,
        "skew": 3.19005846977,
        "var": 8.04497814178
    },
    "spectral_crest": {
        "kurt": -0.771266698837,
        "max": 20.7197914124,
        "mean": 11.3285284042,
        "median": 10.4840917587,
        "min": 3.89837360382,
        "skew": 0.498089194298,
        "var": 23.2746925354
    },
    "spectral_decrease": {
        "kurt": 20.0900554657,
        "max": -2.5556396192e-13,
        "mean": -1.49575740682e-10,
        "median": -5.32396383923e-11,
        "min": -1.93555194095e-09,
        "skew": -4.23894023895,
        "var": 9.65332505676e-20
    },
    "spectral_energy": {
        "kurt": 19.3958148956,
        "max": 0.00775014702231,
        "mean": 0.00061433884548,
        "median": 0.000218470580876,
        "min": 1.02898980003e-06,
        "skew": 4.15610599518,
        "var": 1.56638088811e-06
    },
    "spectral_energyband_high": {
        "kurt": 2.36073684692,
        "max": 3.99629425374e-05,
        "mean": 6.00519524596e-06,
        "median": 6.56143527067e-07,
        "min": 3.15623993608e-09,
        "skew": 1.86920320988,
        "var": 1.03338962387e-10
    },
    "spectral_energyband_low": {
        "kurt": 15.9562301636,
        "max": 0.000414612935856,
        "mean": 2.96195830742e-05,
        "median": 2.16322928281e-06,
        "min": 4.83973785492e-08,
        "skew": 3.83015871048,
        "var": 5.06619368679e-09
    },
    "spectral_energyband_middle_high": {
        "kurt": 8.23464393616,
        "max": 0.00135257618967,
        "mean": 0.000169497652678,
        "median": 4.36396367149e-05,
        "min": 2.9295836157e-07,
        "skew": 2.80867099762,
        "var": 7.59909326575e-08
    },
    "spectral_energyband_middle_low": {
        "kurt": 22.1672973633,
        "max": 0.00626504048705,
        "mean": 0.000429860781878,
        "median": 0.000115583017759,
        "min": 6.18145804765e-07,
        "skew": 4.5017991066,
        "var": 9.87192152024e-07
    },
    "spectral_flatness_db": {
        "kurt": -0.322581768036,
        "max": 0.273883551359,
        "mean": 0.192391470075,
        "median": 0.182554021478,
        "min": 0.136037573218,
        "skew": 0.573078811169,
        "var": 0.00103941746056
    },
    "spectral_flux": {
        "kurt": 9.01581573486,
        "max": 0.0769472420216,
        "mean": 0.0142499133945,
        "median": 0.0107427174225,
        "min": 0.00201883702539,
        "skew": 2.79617857933,
        "var": 0.000176146728336
    },
    "spectral_kurtosis": {
        "kurt": -0.878923892975,
        "max": 24.2833251953,
        "mean": 10.7746105194,
        "median": 9.74141407013,
        "min": 3.4295258522,
        "skew": 0.460798799992,
        "var": 28.0101642609
    },
    "spectral_rms": {
        "kurt": 5.77650260925,
        "max": 0.00274974899366,
        "mean": 0.000591026910115,
        "median": 0.000461673073005,
        "min": 3.16842633765e-05,
        "skew": 2.21705698967,
        "var": 2.50042290872e-07
    },
    "spectral_rolloff": {
        "kurt": -1.44039309025,
        "max": 3122.31445312,
        "mean": 1813.18334961,
        "median": 2024.12109375,
        "min": 301.46484375,
        "skew": -0.210738956928,
        "var": 910475.6875
    },
    "spectral_skewness": {
        "kurt": -1.14521753788,
        "max": 4.03112888336,
        "mean": 2.41863155365,
        "median": 2.35230708122,
        "min": 1.45837533474,
        "skew": 0.21157386899,
        "var": 0.464903354645
    },
    "spectral_spread": {
        "kurt": -0.0890522003174,
        "max": 5388701.5,
        "mean": 3448110,
        "median": 3257833.5,
        "min": 2256147,
        "skew": 0.755276858807,
        "var": 517856690176
    },
    "spectral_strongpeak": {
        "kurt": 3.93155527115,
        "max": 0.326197177172,
        "mean": 0.067199960351,
        "median": 0.0432656370103,
        "min": 0.000458822847577,
        "skew": 2.13700580597,
        "var": 0.00546992663294
    },
    "zerocrossingrate": {
        "kurt": -0.150588274002,
        "max": 0.1064453125,
        "mean": 0.0546675696969,
        "median": 0.0556640625,
        "min": 0.0078125,
        "skew": 0.249592781067,
        "var": 0.00044254338718
    },
    "barkbands": {
        "kurt": [3.65316009521, 9.3870306015, 13.5363960266, 19.7229614258, 26.0577030182, 8.10654067993, 11.5972833633, 5.37026596069, 7.07522583008, 26.0529289246, 3.67603349686, 5.87497901917, 7.362616539, 8.95538139343, 10.8219175339, 5.64712429047, 12.6842460632, 7.51989650726, 8.0730714798, 9.84017276764, 1.66751146317, 5.47219657898, 11.2323083878, 4.81119155884, 7.90746212006, 24.7786540985, 14.3634853363],
        "max": [1.24116121825e-08, 7.04995773049e-06, 0.000124225654872, 0.00124416826293, 0.00442200293764, 0.000411101791542, 0.000155468311277, 5.34237333341e-05, 7.00488890288e-05, 8.32679870655e-05, 2.70095570158e-05, 2.32757938647e-05, 2.13946132135e-05, 2.97209189739e-05, 0.000111708010081, 0.00023989471083, 0.000330049515469, 0.000415975548094, 0.000215318214032, 1.45115145642e-05, 2.18352906813e-05, 5.45463490198e-06, 1.49468917243e-06, 5.60170178687e-07, 6.0033983118e-07, 5.98751270786e-09, 2.42721925892e-10],
        "mean": [2.49022935606e-09, 7.12453129381e-07, 9.58002328844e-06, 6.8301538704e-05, 0.000281309359707, 4.75111082778e-05, 1.36663093144e-05, 7.83776067692e-06, 9.14898828341e-06, 6.56475549476e-06, 5.90905483477e-06, 4.1475418584e-06, 3.02652097162e-06, 3.62000332643e-06, 1.22388246382e-05, 3.23397034663e-05, 3.12566116918e-05, 4.82498871861e-05, 2.28108619922e-05, 1.47014350205e-06, 3.69059739569e-06, 6.57992188735e-07, 1.46290844327e-07, 7.42190309211e-08, 6.57258567571e-08, 6.50453135798e-10, 3.16907645959e-11],
        "median": [1.37180555804e-09, 1.14886056224e-07, 6.16075510607e-07, 6.97172345099e-06, 6.23910309514e-05, 1.4614895008e-05, 2.37728363572e-06, 2.63827928393e-06, 3.23081576425e-06, 2.9381612876e-06, 4.22091216024e-06, 2.60307751887e-06, 1.44556042869e-06, 1.30108287522e-06, 3.66010817743e-06, 9.25705171539e-06, 5.21738638781e-06, 5.68840096093e-06, 3.31481555804e-06, 2.34986714531e-07, 3.31603018822e-07, 1.07751141343e-07, 2.20741505075e-08, 1.23952084152e-08, 8.89384832448e-09, 4.03663408255e-10, 1.88717097505e-11],
        "min": [6.29137089647e-11, 9.36584942934e-09, 2.46145361871e-08, 1.63817439613e-08, 2.08063966056e-07, 7.97925494567e-08, 7.18154069546e-08, 9.94974129753e-08, 5.43202283154e-08, 1.13590283846e-08, 4.07762286159e-08, 1.94134859299e-08, 5.26908205956e-09, 1.43866500935e-08, 1.36679148e-08, 1.96400105068e-08, 1.43242022688e-08, 1.74237868578e-08, 4.00074995355e-09, 2.38677455577e-09, 6.89032997325e-10, 6.77023048734e-10, 1.11002061709e-10, 6.16884737736e-11, 6.73626363024e-11, 9.14426520615e-12, 3.84943075679e-12],
        "skew": [2.03399276733, 3.01365709305, 3.72855353355, 4.56520080566, 4.86774253845, 2.96752142906, 3.3967256546, 2.50795221329, 2.73904132843, 4.82796478271, 1.72337448597, 2.12815642357, 2.55777263641, 2.79328608513, 3.1364402771, 2.36087989807, 3.38783621788, 2.658816576, 2.87164926529, 2.92876172066, 1.7807700634, 2.33487725258, 3.08270072937, 2.1939034462, 2.95439743996, 4.78665542603, 3.6035015583],
        "var": [8.72519209108e-18, 1.99133222932e-12, 6.11210582147e-10, 4.8525755858e-08, 4.56875937971e-07, 8.31304358684e-09, 9.15077014163e-10, 1.71477360089e-10, 2.24421675687e-10, 1.56639812232e-10, 2.84029830905e-11, 1.85946674724e-11, 1.64106610245e-11, 3.00710879808e-11, 4.21906093395e-10, 2.43629294516e-09, 3.5169052115e-09, 7.11956449351e-09, 1.93882110366e-09, 7.22752023161e-12, 4.08243092109e-11, 1.29910492086e-12, 7.16413283948e-14, 1.37481290864e-14, 1.83258813804e-14, 7.81978862691e-19, 1.59377680856e-21],
        "cov": [[8.90696668505e-18, -1.58731261163e-16, -6.01169775852e-16, 6.41109962766e-15, 3.68234190698e-14, 5.32002928852e-15, 4.97382828825e-16, 4.87244310315e-15, 2.28067178587e-15, 8.44926376314e-16, -1.27146368707e-15, -4.31392185971e-16, -4.61496372191e-17, 1.18795830869e-15, 1.57207766528e-16, 1.14160076723e-14, 2.66551442919e-15, 6.16514582373e-15, 7.05759032487e-15, 3.91712424631e-16, 1.24532065043e-15, 9.23271272638e-17, -9.65589766601e-18, -2.27587268413e-18, -4.49755701449e-17, -1.75928391593e-19, -4.06127465019e-21], [-1.58731261163e-16, 2.03281835809e-12, 2.03799494641e-11, 1.5392391528e-10, 6.83018031022e-10, 5.57430074322e-11, 3.67919479605e-11, 6.37488369384e-12, 1.5834522929e-11, 1.19306118804e-11, 4.17915138259e-12, 3.43495804717e-12, 4.17849912657e-12, 5.28116049156e-12, 2.48595657948e-11, 4.89253117186e-11, 7.19863543774e-11, 9.77199363095e-11, 4.88079125727e-11, 3.00128086446e-12, 5.29155018414e-12, 1.13603907097e-12, 6.95714915799e-14, 2.85909567777e-14, 3.00768101153e-15, -2.7911274168e-17, 3.08860935834e-17], [-6.01169775852e-16, 2.03799494641e-11, 6.23944174105e-10, 3.12716696982e-09, 1.1672731226e-08, 8.26739843252e-10, 4.78555750583e-10, 1.64207439313e-10, 1.8305608418e-10, 1.81419448908e-10, 5.4392337856e-11, 4.79652428886e-11, 3.52987257479e-11, 7.29768537266e-11, 2.34524816234e-10, 6.01359351204e-10, 6.42474240475e-10, 1.19230525453e-09, 6.63960275649e-10, 4.43595299382e-11, 6.29561541787e-11, 9.30241647601e-12, 1.01298125704e-12, 5.28146482711e-13, 4.76882293691e-14, -3.39882055072e-16, 5.27406599855e-16], [6.41109962766e-15, 1.5392391528e-10, 3.12716696982e-09, 4.9536708957e-08, 1.32861245561e-07, 1.55537005497e-08, 4.84283990687e-09, 1.07252018378e-09, 1.86580639827e-09, 2.30471530749e-09, 5.87846771261e-10, 5.60687496431e-10, 4.92475893399e-10, 8.5279489026e-10, 2.32942043432e-09, 6.92614010589e-09, 6.72069333518e-09, 1.28560406765e-08, 6.54096687924e-09, 4.70281591447e-10, 9.11234698808e-10, 1.32785740736e-10, 1.35124854014e-11, 7.71571261743e-12, 1.03121790621e-11, -1.51899688981e-15, 3.21067393964e-15], [3.68234190698e-14, 6.83018031022e-10, 1.1672731226e-08, 1.32861245561e-07, 4.66394197929e-07, 4.60142466352e-08, 1.84071851095e-08, 4.10764533498e-09, 7.98139598857e-09, 8.12680234219e-09, 2.3829047624e-09, 2.25700369505e-09, 1.84919357604e-09, 3.15865200662e-09, 1.01184838286e-08, 2.6615827764e-08, 2.95294118047e-08, 4.81077080394e-08, 2.42246809279e-08, 1.62670288351e-09, 2.9663367318e-09, 5.11783837531e-10, 4.67475121113e-11, 1.74113501394e-11, 1.33352833984e-11, -5.4869608477e-15, 1.22345303376e-14], [5.32002928852e-15, 5.57430074322e-11, 8.26739843252e-10, 1.55537005497e-08, 4.60142466352e-08, 8.48623216143e-09, 1.8601679086e-09, 7.48406836504e-10, 8.3868600953e-10, 7.26405546825e-10, 1.89413915108e-10, 2.36652281105e-10, 2.43662728883e-10, 3.77344905322e-10, 1.14424669739e-09, 3.25480686847e-09, 3.41296857442e-09, 5.42478195698e-09, 2.50472620422e-09, 1.73088057775e-10, 4.60992910511e-10, 6.99982502517e-11, 9.3457915018e-12, 3.98974169674e-12, 5.1653278009e-12, 2.05474713477e-15, 1.11130373279e-15], [4.97382828825e-16, 3.67919479605e-11, 4.78555750583e-10, 4.84283990687e-09, 1.84071851095e-08, 1.8601679086e-09, 9.34141097808e-10, 2.25551355371e-10, 4.19647872008e-10, 3.3237387842e-10, 1.12337049385e-10, 9.62538035387e-11, 1.06221732799e-10, 1.43288020338e-10, 5.45320844036e-10, 1.28584787262e-09, 1.67523050987e-09, 2.42834197195e-09, 1.23838994615e-09, 7.64846935786e-11, 1.51315446284e-10, 2.82817779612e-11, 2.47298275607e-12, 1.00777415926e-12, 6.61162585184e-13, 2.55646401943e-16, 8.46602231001e-16], [4.87244310315e-15, 6.37488369384e-12, 1.64207439313e-10, 1.07252018378e-09, 4.10764533498e-09, 7.48406836504e-10, 2.25551355371e-10, 1.75049807982e-10, 1.31092997568e-10, 6.35006006111e-11, 2.00637423342e-11, 2.66140390975e-11, 3.04315635191e-11, 5.05788744221e-11, 1.19289716993e-10, 4.6073678206e-10, 4.4160208823e-10, 7.14500958399e-10, 4.02591154858e-10, 2.13902021096e-11, 5.99982355465e-11, 8.03036283303e-12, 1.50648775139e-12, 6.01225991735e-13, 3.06157795513e-13, 7.38247499987e-16, 3.48544105158e-16], [2.28067178587e-15, 1.5834522929e-11, 1.8305608418e-10, 1.86580639827e-09, 7.98139598857e-09, 8.3868600953e-10, 4.19647872008e-10, 1.31092997568e-10, 2.29097130156e-10, 1.52440629564e-10, 5.3421867624e-11, 5.0035586785e-11, 5.22410691095e-11, 6.9969384453e-11, 2.55101190172e-10, 6.35641150826e-10, 8.02636179742e-10, 1.164739305e-09, 6.11003247997e-10, 3.41918889035e-11, 7.48710607401e-11, 1.3323341562e-11, 1.36671479255e-12, 5.26777894309e-13, 2.22549084196e-13, 2.89060687041e-16, 4.4538151743e-16], [8.44926376314e-16, 1.19306118804e-11, 1.81419448908e-10, 2.30471530749e-09, 8.12680234219e-09, 7.26405546825e-10, 3.3237387842e-10, 6.35006006111e-11, 1.52440629564e-10, 1.5990314628e-10, 4.97733659843e-11, 4.43214319412e-11, 3.40732130011e-11, 5.60214513667e-11, 1.814550038e-10, 4.68834471246e-10, 5.34888466852e-10, 8.7184809372e-10, 4.31699787029e-10, 2.81595927132e-11, 4.94943704077e-11, 8.9318691332e-12, 7.79964797176e-13, 2.68553408678e-13, 2.13657162709e-13, -1.86488778999e-17, 2.21376931204e-16], [-1.27146368707e-15, 4.17915138259e-12, 5.4392337856e-11, 5.87846771261e-10, 2.3829047624e-09, 1.89413915108e-10, 1.12337049385e-10, 2.00637423342e-11, 5.3421867624e-11, 4.97733659843e-11, 2.89947111459e-11, 1.93747396598e-11, 1.39981437899e-11, 1.74592267727e-11, 7.35110861072e-11, 1.62861321651e-10, 2.04257541436e-10, 3.09540088006e-10, 1.51278725657e-10, 9.64384561791e-12, 1.76545948e-11, 3.59761612861e-12, 5.60006522491e-13, 1.93081566902e-13, 1.71082400091e-13, 1.2774558099e-15, 9.67430541249e-17], [-4.31392185971e-16, 3.43495804717e-12, 4.79652428886e-11, 5.60687496431e-10, 2.25700369505e-09, 2.36652281105e-10, 9.62538035387e-11, 2.66140390975e-11, 5.0035586785e-11, 4.43214319412e-11, 1.93747396598e-11, 1.89820555108e-11, 1.29831449411e-11, 1.86486954351e-11, 6.6778818586e-11, 1.71477387845e-10, 1.88078275176e-10, 2.93215673963e-10, 1.44057418772e-10, 8.88199843535e-12, 1.91558904156e-11, 3.44548977023e-12, 5.97629259448e-13, 2.21045797226e-13, 2.00099336514e-13, 1.11858959256e-15, 8.38887071105e-17], [-4.61496372191e-17, 4.17849912657e-12, 3.52987257479e-11, 4.92475893399e-10, 1.84919357604e-09, 2.43662728883e-10, 1.06221732799e-10, 3.04315635191e-11, 5.22410691095e-11, 3.40732130011e-11, 1.39981437899e-11, 1.29831449411e-11, 1.67525490008e-11, 1.75791967788e-11, 7.57456042333e-11, 1.71796785131e-10, 2.27949326082e-10, 3.10477837884e-10, 1.57716659177e-10, 9.18242825526e-12, 2.21628358027e-11, 4.08655271081e-12, 5.30156376698e-13, 2.33880650307e-13, 2.16954600986e-13, 6.77080021552e-16, 1.11684152832e-16], [1.18795830869e-15, 5.28116049156e-12, 7.29768537266e-11, 8.5279489026e-10, 3.15865200662e-09, 3.77344905322e-10, 1.43288020338e-10, 5.05788744221e-11, 6.9969384453e-11, 5.60214513667e-11, 1.74592267727e-11, 1.86486954351e-11, 1.75791967788e-11, 3.06975694864e-11, 9.06502373166e-11, 2.63418897806e-10, 2.81332873664e-10, 4.34136143701e-10, 2.18531678864e-10, 1.36268808737e-11, 3.07905818897e-11, 5.36970337986e-12, 7.51608465136e-13, 3.01497027214e-13, 2.03564446658e-13, 7.91523437149e-16, 1.16444253002e-16], [1.57207766528e-16, 2.48595657948e-11, 2.34524816234e-10, 2.32942043432e-09, 1.01184838286e-08, 1.14424669739e-09, 5.45320844036e-10, 1.19289716993e-10, 2.55101190172e-10, 1.814550038e-10, 7.35110861072e-11, 6.6778818586e-11, 7.57456042333e-11, 9.06502373166e-11, 4.30695812348e-10, 8.89846363261e-10, 1.19445675573e-09, 1.62146074345e-09, 7.87705844996e-10, 4.86057201432e-11, 1.07607457667e-10, 2.15311050239e-11, 2.82011501825e-12, 1.19663719038e-12, 1.01106276129e-12, 4.52890517447e-15, 4.49648763539e-16], [1.14160076723e-14, 4.89253117186e-11, 6.01359351204e-10, 6.92614010589e-09, 2.6615827764e-08, 3.25480686847e-09, 1.28584787262e-09, 4.6073678206e-10, 6.35641150826e-10, 4.68834471246e-10, 1.62861321651e-10, 1.71477387845e-10, 1.71796785131e-10, 2.63418897806e-10, 8.89846363261e-10, 2.48704901118e-09, 2.67376187857e-09, 4.04787270369e-09, 2.05230255013e-09, 1.25759985758e-10, 2.98729596615e-10, 5.25849398747e-11, 8.65044841314e-12, 3.54396980512e-12, 2.70534723096e-12, 1.45839219065e-14, 1.16829316827e-15], [2.66551442919e-15, 7.19863543774e-11, 6.42474240475e-10, 6.72069333518e-09, 2.95294118047e-08, 3.41296857442e-09, 1.67523050987e-09, 4.4160208823e-10, 8.02636179742e-10, 5.34888466852e-10, 2.04257541436e-10, 1.88078275176e-10, 2.27949326082e-10, 2.81332873664e-10, 1.19445675573e-09, 2.67376187857e-09, 3.59017415796e-09, 4.81450035394e-09, 2.40124609086e-09, 1.41640962847e-10, 3.19188592224e-10, 6.27809471077e-11, 7.35698221094e-12, 2.94687820153e-12, 2.12785800265e-12, 7.99177364504e-15, 1.53304122547e-15], [6.16514582373e-15, 9.77199363095e-11, 1.19230525453e-09, 1.28560406765e-08, 4.81077080394e-08, 5.42478195698e-09, 2.42834197195e-09, 7.14500958399e-10, 1.164739305e-09, 8.7184809372e-10, 3.09540088006e-10, 2.93215673963e-10, 3.10477837884e-10, 4.34136143701e-10, 1.62146074345e-09, 4.04787270369e-09, 4.81450035394e-09, 7.26788895733e-09, 3.64705088352e-09, 2.23316032333e-10, 4.96398366856e-10, 8.97122376387e-11, 1.28273702424e-11, 5.4047170385e-12, 4.09907567958e-12, 1.87610767443e-14, 2.26542095765e-15], [7.05759032487e-15, 4.88079125727e-11, 6.63960275649e-10, 6.54096687924e-09, 2.42246809279e-08, 2.50472620422e-09, 1.23838994615e-09, 4.02591154858e-10, 6.11003247997e-10, 4.31699787029e-10, 1.51278725657e-10, 1.44057418772e-10, 1.57716659177e-10, 2.18531678864e-10, 7.87705844996e-10, 2.05230255013e-09, 2.40124609086e-09, 3.64705088352e-09, 1.97921323775e-09, 1.1468267308e-10, 2.52345006002e-10, 4.28479092485e-11, 5.75360375663e-12, 2.66032400102e-12, 1.7214524077e-12, 6.6631029409e-15, 1.4056383646e-15], [3.91712424631e-16, 3.00128086446e-12, 4.43595299382e-11, 4.70281591447e-10, 1.62670288351e-09, 1.73088057775e-10, 7.64846935786e-11, 2.13902021096e-11, 3.41918889035e-11, 2.81595927132e-11, 9.64384561791e-12, 8.88199843535e-12, 9.18242825526e-12, 1.36268808737e-11, 4.86057201432e-11, 1.25759985758e-10, 1.41640962847e-10, 2.23316032333e-10, 1.1468267308e-10, 7.37809379564e-12, 1.56876872603e-11, 2.75162336492e-12, 3.92849083342e-13, 1.79777959013e-13, 1.39895866701e-13, 6.26310190183e-16, 7.056700305e-17], [1.24532065043e-15, 5.29155018414e-12, 6.29561541787e-11, 9.11234698808e-10, 2.9663367318e-09, 4.60992910511e-10, 1.51315446284e-10, 5.99982355465e-11, 7.48710607401e-11, 4.94943704077e-11, 1.76545948e-11, 1.91558904156e-11, 2.21628358027e-11, 3.07905818897e-11, 1.07607457667e-10, 2.98729596615e-10, 3.19188592224e-10, 4.96398366856e-10, 2.52345006002e-10, 1.56876872603e-11, 4.16748163756e-11, 6.91095574865e-12, 1.2411117056e-12, 5.67694112205e-13, 5.02522556987e-13, 2.30659289988e-15, 1.60916090006e-16], [9.23271272638e-17, 1.13603907097e-12, 9.30241647601e-12, 1.32785740736e-10, 5.11783837531e-10, 6.99982502517e-11, 2.82817779612e-11, 8.03036283303e-12, 1.3323341562e-11, 8.9318691332e-12, 3.59761612861e-12, 3.44548977023e-12, 4.08655271081e-12, 5.36970337986e-12, 2.15311050239e-11, 5.25849398747e-11, 6.27809471077e-11, 8.97122376387e-11, 4.28479092485e-11, 2.75162336492e-12, 6.91095574865e-12, 1.32616964285e-12, 2.21467741607e-13, 9.37088406004e-14, 8.19110336741e-14, 4.69958284273e-16, 2.47507196178e-17], [-9.65589766601e-18, 6.95714915799e-14, 1.01298125704e-12, 1.35124854014e-11, 4.67475121113e-11, 9.3457915018e-12, 2.47298275607e-12, 1.50648775139e-12, 1.36671479255e-12, 7.79964797176e-13, 5.60006522491e-13, 5.97629259448e-13, 5.30156376698e-13, 7.51608465136e-13, 2.82011501825e-12, 8.65044841314e-12, 7.35698221094e-12, 1.28273702424e-11, 5.75360375663e-12, 3.92849083342e-13, 1.2411117056e-12, 2.21467741607e-13, 7.3133854658e-14, 2.95414260003e-14, 2.90946974358e-14, 2.17146160452e-16, 3.21249508199e-18], [-2.27587268413e-18, 2.85909567777e-14, 5.28146482711e-13, 7.71571261743e-12, 1.74113501394e-11, 3.98974169674e-12, 1.00777415926e-12, 6.01225991735e-13, 5.26777894309e-13, 2.68553408678e-13, 1.93081566902e-13, 2.21045797226e-13, 2.33880650307e-13, 3.01497027214e-13, 1.19663719038e-12, 3.54396980512e-12, 2.94687820153e-12, 5.4047170385e-12, 2.66032400102e-12, 1.79777959013e-13, 5.67694112205e-13, 9.37088406004e-14, 2.95414260003e-14, 1.40345490424e-14, 1.39764696873e-14, 8.80818179845e-17, 1.79592160642e-18], [-4.49755701449e-17, 3.00768101153e-15, 4.76882293691e-14, 1.03121790621e-11, 1.33352833984e-11, 5.1653278009e-12, 6.61162585184e-13, 3.06157795513e-13, 2.22549084196e-13, 2.13657162709e-13, 1.71082400091e-13, 2.00099336514e-13, 2.16954600986e-13, 2.03564446658e-13, 1.01106276129e-12, 2.70534723096e-12, 2.12785800265e-12, 4.09907567958e-12, 1.7214524077e-12, 1.39895866701e-13, 5.02522556987e-13, 8.19110336741e-14, 2.90946974358e-14, 1.39764696873e-14, 1.8707671317e-14, 8.94838891227e-17, 1.05559702613e-18], [-1.75928391593e-19, -2.7911274168e-17, -3.39882055072e-16, -1.51899688981e-15, -5.4869608477e-15, 2.05474713477e-15, 2.55646401943e-16, 7.38247499987e-16, 2.89060687041e-16, -1.86488778999e-17, 1.2774558099e-15, 1.11858959256e-15, 6.77080021552e-16, 7.91523437149e-16, 4.52890517447e-15, 1.45839219065e-14, 7.99177364504e-15, 1.87610767443e-14, 6.6631029409e-15, 6.26310190183e-16, 2.30659289988e-15, 4.69958284273e-16, 2.17146160452e-16, 8.80818179845e-17, 8.94838891227e-17, 7.98270081458e-19, 3.03654711109e-21], [-4.06127465019e-21, 3.08860935834e-17, 5.27406599855e-16, 3.21067393964e-15, 1.22345303376e-14, 1.11130373279e-15, 8.46602231001e-16, 3.48544105158e-16, 4.4538151743e-16, 2.21376931204e-16, 9.67430541249e-17, 8.38887071105e-17, 1.11684152832e-16, 1.16444253002e-16, 4.49648763539e-16, 1.16829316827e-15, 1.53304122547e-15, 2.26542095765e-15, 1.4056383646e-15, 7.056700305e-17, 1.60916090006e-16, 2.47507196178e-17, 3.21249508199e-18, 1.79592160642e-18, 1.05559702613e-18, 3.03654711109e-21, 1.62698055728e-21]]
    },
    "mfcc": {
        "kurt": [0.152129173279, 1.10157394409, 1.26239585876, -1.33744883537, 0.330825567245, 2.29146957397, 1.26571655273, 0.0655672550201, -0.199322223663, 0.450969696045, -0.64376950264, 0.218773365021, -0.250527381897],
        "max": [-741.716064453, 161.920013428, 30.2052955627, 68.9940338135, 35.2635726929, -6.46828842163, -2.70336532593, 7.44553565979, 5.60662841797, -3.68974304199, -6.21820640564, 1.62230682373, 2.858253479],
        "mean": [-896.010131836, 125.434013367, -39.1160545349, 21.3877086639, 11.7949514389, -23.9087734222, -19.2169532776, -4.67681074142, -9.44058132172, -28.7680358887, -20.0914230347, -15.5365104675, -18.2571544647],
        "median": [-908.423400879, 131.417297363, -42.2817001343, 16.3916130066, 12.4381828308, -23.5246353149, -18.589881897, -3.3436050415, -9.79490661621, -28.8593521118, -19.7774410248, -16.3522567749, -19.6850090027],
        "min": [-1084.81640625, 60.2358169556, -74.2985229492, -23.3401298523, -12.0276908875, -50.9094352722, -43.2962722778, -22.8046798706, -22.4791030884, -44.4122390747, -40.1075172424, -31.6907615662, -33.8952598572],
        "skew": [-0.0466905087233, -1.18040287495, 1.06037282944, 0.106459096074, -0.0868410840631, -0.465070426464, -0.437511563301, -0.469025582075, 0.210290357471, 0.468313246965, -0.274361491203, 0.236938759685, 0.537384212017],
        "var": [5339.35498047, 546.083190918, 537.772705078, 733.734680176, 92.8731079102, 55.2409553528, 54.215473175, 49.6208610535, 42.8293800354, 70.7601013184, 69.9013214111, 40.423915863, 67.4557495117],
        "cov": [[5450.59130859, 508.530609131, -1421.97790527, 1447.31628418, 65.9726028442, 0.0568593330681, -195.680130005, -168.09753418, 160.108230591, -253.607788086, 149.099121094, 74.7443313599, -408.435913086], [508.530609131, 557.459899902, -110.541687012, -25.2087230682, 52.338886261, -65.5324172974, -18.948972702, 32.0056419373, -15.2722511292, -23.3924312592, -38.3507003784, -39.9769477844, -45.7901420593], [-1421.97790527, -110.541687012, 548.976257324, -254.919662476, -42.2007827759, 5.10947942734, 46.5219230652, 10.4523086548, -30.5112991333, 89.4502563477, -34.6207313538, -6.19385528564, 107.860145569], [1447.31628418, -25.2087230682, -254.919662476, 749.020812988, 51.2918663025, 55.2204093933, -30.9688720703, -102.977684021, 85.5825195312, -47.6297721863, 101.357849121, 91.0154724121, -123.65839386], [65.9726028442, 52.338886261, -42.2007827759, 51.2918663025, 94.8079605103, 33.2288894653, 31.5023403168, 3.99928498268, 1.31367743015, -17.0948162079, -10.2355890274, -2.78730416298, -9.42035293579], [0.0568593330681, -65.5324172974, 5.10947942734, 55.2204093933, 33.2288894653, 56.3918113708, 35.8081588745, 1.68822002411, 13.6609201431, 12.7319145203, 6.44406747818, 6.98752403259, 6.89718818665], [-195.680130005, -18.948972702, 46.5219230652, -30.9688720703, 31.5023403168, 35.8081588745, 55.344959259, 24.8250522614, 7.74505996704, 17.5540046692, -2.21872901917, -1.27739715576, 14.2936630249], [-168.09753418, 32.0056419373, 10.4523086548, -102.977684021, 3.99928498268, 1.68822002411, 24.8250522614, 50.6546287537, 7.60703134537, 20.7690372467, -3.83763432503, -16.6987991333, 13.4341726303], [160.108230591, -15.2722511292, -30.5112991333, 85.5825195312, 1.31367743015, 13.6609201431, 7.74505996704, 7.60703134537, 43.721660614, 20.7666110992, 28.6562728882, 11.044383049, -7.25774812698], [-253.607788086, -23.3924312592, 89.4502563477, -47.6297721863, -17.0948162079, 12.7319145203, 17.5540046692, 20.7690372467, 20.7666110992, 72.2342758179, 29.0730285645, 10.530213356, 38.79920578], [149.099121094, -38.3507003784, -34.6207313538, 101.357849121, -10.2355890274, 6.44406747818, -2.21872901917, -3.83763432503, 28.6562728882, 29.0730285645, 71.3575973511, 38.9871025085, -6.40947008133], [74.7443313599, -39.9769477844, -6.19385528564, 91.0154724121, -2.78730416298, 6.98752403259, -1.27739715576, -16.6987991333, 11.044383049, 10.530213356, 38.9871025085, 41.266078949, 3.8609149456], [-408.435913086, -45.7901420593, 107.860145569, -123.65839386, -9.42035293579, 6.89718818665, 14.2936630249, 13.4341726303, -7.25774812698, 38.79920578, -6.40947008133, 3.8609149456, 68.861076355]]
    },
    "sccoeffs": {
        "kurt": [2.52431344986, -0.244397640228, 0.241446733475, -0.0709998607635, -0.193761348724, -0.369323253632],
        "max": [-0.399048030376, -0.72986894846, -0.816728055477, -0.797727704048, -0.663609206676, -0.735104262829],
        "mean": [-0.568507909775, -0.817061543465, -0.862658679485, -0.847534775734, -0.753703892231, -0.833347856998],
        "median": [-0.569849908352, -0.811402499676, -0.863816201687, -0.843630433083, -0.748690664768, -0.84359318018],
        "min": [-0.911598324776, -0.911012768745, -0.907001256943, -0.944043874741, -0.878254175186, -0.878971993923],
        "skew": [-0.913403391838, -0.206533700228, 0.103602252901, -0.52935308218, -0.535006225109, 0.708063423634],
        "var": [0.00847332179546, 0.00177468766924, 0.000375595031073, 0.001100674388, 0.00258978037164, 0.0012825790327],
        "cov": [[0.00864984933287, 0.00179897306953, 0.000587796035688, 0.00144195987377, 0.00286494917236, 0.00185110920575], [0.00179897306953, 0.00181166036054, 0.000232603939367, 0.000332896946929, 0.000160065843374, 0.000421491888119], [0.000587796035688, 0.000232603939367, 0.000383419916034, 0.000121911609313, 0.000210282902117, 3.65641130884e-06], [0.00144195987377, 0.000332896946929, 0.000121911609313, 0.0011236051796, 0.00109868042637, 0.00073449825868], [0.00286494917236, 0.000160065843374, 0.000210282902117, 0.00109868042637, 0.00264373421669, 0.00134942296427], [0.00185110920575, 0.000421491888119, 3.65641130884e-06, 0.00073449825868, 0.00134942296427, 0.00130929937586]]
    },
    "scvalleys": {
        "kurt": [-0.785193920135, -0.30770611763, 2.15450525284, 1.24728441238, -0.307485818863, 0.51465511322],
        "max": [-7.39157915115, -6.07271909714, -6.63720178604, -6.94205141068, -7.76290559769, -10.0658035278],
        "mean": [-9.11807823181, -7.77013158798, -8.08675861359, -8.48013591766, -9.54654788971, -11.7603673935],
        "median": [-9.25296592712, -7.80896759033, -8.04857826233, -8.54611492157, -9.65143489838, -11.8569469452],
        "min": [-10.4051208496, -9.60755634308, -10.4347457886, -10.66685009, -12.032834053, -14.5174226761],
        "skew": [0.375270724297, 0.336888551712, -0.908655643463, -0.795266151428, 0.00405535520986, -0.29124891758],
        "var": [0.553141713142, 0.621567845345, 0.441710948944, 0.581826627254, 0.841020524502, 0.745240211487],
        "cov": [[0.564665496349, 0.367269605398, 0.207761347294, 0.320663541555, 0.444032341242, 0.316978245974], [0.367269605398, 0.634517192841, 0.397511720657, 0.476069927216, 0.543455839157, 0.430112332106], [0.207761347294, 0.397511720657, 0.450913280249, 0.439337968826, 0.388449698687, 0.329958111048], [0.320663541555, 0.476069927216, 0.439337968826, 0.59394800663, 0.614447653294, 0.550887644291], [0.444032341242, 0.543455839157, 0.388449698687, 0.614447653294, 0.858541786671, 0.762097120285], [0.316978245974, 0.430112332106, 0.329958111048, 0.550887644291, 0.762097120285, 0.760766029358]]
    }
},
"rhythm": {
    "bpm": 0,
    "confidence": 0,
    "first_peak_bpm": {
        "kurt": 0,
        "max": 0,
        "mean": 0,
        "median": 0,
        "min": 0,
        "skew": 0,
        "var": 0
    },
    "first_peak_spread": {
        "kurt": 0,
        "max": 0,
        "mean": 0,
        "median": 0,
        "min": 0,
        "skew": 0,
        "var": 0
    },
    "first_peak_weight": {
        "kurt": 0,
        "max": 0,
        "mean": 0,
        "median": 0,
        "min": 0,
        "skew": 0,
        "var": 0
    },
    "onset_rate": 5.43996715546,
    "second_peak_bpm": {
        "kurt": 0,
        "max": 0,
        "mean": 0,
        "median": 0,
        "min": 0,
        "skew": 0,
        "var": 0
    },
    "second_peak_spread": {
        "kurt": 0,
        "max": 0,
        "mean": 0,
        "median": 0,
        "min": 0,
        "skew": 0,
        "var": 0
    },
    "second_peak_weight": {
        "kurt": 0,
        "max": 0,
        "mean": 0,
        "median": 0,
        "min": 0,
        "skew": 0,
        "var": 0
    },
    "beats_position": [],
    "bpm_estimates": [],
    "bpm_intervals": [],
    "onset_times": [0.0232199542224, 0.104489795864, 0.487619042397, 0.684988677502, 0.743038535118, 0.940408170223],
    "histogram": [[0, 0, 0, 0, 0, 0, 0, 0, 0, 0, 0, 0, 0, 0, 0, 0, 0, 0, 0, 0, 0, 0, 0, 0, 0, 0, 0, 0, 0, 0, 0, 0, 0, 0, 0, 0, 0, 0, 0, 0, 0, 0, 0, 0, 0, 0, 0, 0, 0, 0, 0, 0, 0, 0, 0, 0, 0, 0, 0, 0, 0, 0, 0, 0, 0, 0, 0, 0, 0, 0, 0, 0, 0, 0, 0, 0, 0, 0, 0, 0, 0, 0, 0, 0, 0, 0, 0, 0, 0, 0, 0, 0, 0, 0, 0, 0, 0, 0, 0, 0, 0, 0, 0, 0, 0, 0, 0, 0, 0, 0, 0, 0, 0, 0, 0, 0, 0, 0, 0, 0, 0, 0, 0, 0, 0, 0, 0, 0, 0, 0, 0, 0, 0, 0, 0, 0, 0, 0, 0, 0, 0, 0, 0, 0, 0, 0, 0, 0, 0, 0, 0, 0, 0, 0, 0, 0, 0, 0, 0, 0, 0, 0, 0, 0, 0, 0, 0, 0, 0, 0, 0, 0, 0, 0, 0, 0, 0, 0, 0, 0, 0, 0, 0, 0, 0, 0, 0, 0, 0, 0, 0, 0, 0, 0, 0, 0, 0, 0, 0, 0, 0, 0, 0, 0, 0, 0, 0, 0, 0, 0, 0, 0, 0, 0, 0, 0, 0, 0, 0, 0, 0, 0, 0, 0, 0, 0, 0, 0, 0, 0, 0, 0, 0, 0, 0, 0, 0, 0, 0, 0, 0, 0, 0, 0, 0, 0, 0, 0, 0, 0]]
},
"sfx": {
    "inharmonicity": {
        "kurt": 4.55841207504,
        "max": 0.428706020117,
        "mean": 0.0573517754674,
        "median": 0.0121795181185,
        "min": 0,
        "skew": 2.10399508476,
        "var": 0.00812239944935
    },
    "oddtoevenharmonicenergyratio": {
        "kurt": 7.49223995209,
        "max": 2.59217357635,
        "mean": 0.295372545719,
        "median": 0.0491502061486,
        "min": 0,
        "skew": 2.91266298294,
        "var": 0.376737385988
    },
    "pitch_after_max_to_before_max_energy_ratio": 2.76690077782,
    "pitch_centroid": 17.2563285828,
    "pitch_max_to_total": 0.183673471212,
    "pitch_min_to_total": 0.530612230301,
    "tristimulus": {
        "kurt": [-1.50994265079, 1.29298353195, -1.24390721321],
        "max": [1, 0.756154060364, 0.703040063381],
        "mean": [0.614598870277, 0.159569472075, 0.225831717253],
        "median": [0.530445039272, 0.118003897369, 0.248782560229],
        "min": [0, 0, 0],
        "skew": [-0.11916026473, 1.14073395729, 0.353908896446],
        "var": [0.122975565493, 0.0291216671467, 0.0510103218257],
        "cov": [[0.12553755939, -0.0515964590013, -0.0739411041141], [-0.0515964590013, 0.0297283679247, 0.0218680705875], [-0.0739411041141, 0.0218680705875, 0.0520730353892]]
    }
},
"tonal": {
    "chords_changes_rate": 0.0399999991059,
    "chords_number_rate": 0.0799999982119,
    "chords_strength": {
        "kurt": 6.50926589966,
        "max": 0.515201747417,
        "mean": 0.504046082497,
        "median": 0.50867074728,
        "min": 0.450543642044,
        "skew": -2.81993150711,
        "var": 0.000233754093642
    },
    "key_strength": 0.64268964529,
    "tuning_diatonic_strength": 0.511555552483,
    "tuning_equal_tempered_deviation": 0.218664959073,
    "tuning_frequency": 431.692352295,
    "tuning_nontempered_energy_ratio": 0.884322345257,
    "hpcp": {
        "kurt": [8.50514984131, 3.41036081314, 1.3829460144, -0.830806732178, -0.787928104401, -0.780686616898, 0.0738723278046, 6.16181945801, 1.31617879868, -0.323804616928, 2.07113075256, 0.738219261169, -0.573328733444, 0.0983047485352, 0.331422328949, 2.67005395889, 0.215999126434, -0.482384443283, 3.5275182724, 3.06805324554, 6.77558612823, 5.15330028534, 1.69333744049, 2.23234844208, 4.03524637222, 0.0239946842194, 1.38011789322, 3.48318815231, 3.41732358932, 2.4226975441, 3.39708900452, -0.0824024677277, 1.36284303665, 0.272669792175, 2.08072519302, 3.2457780838],
        "max": [0.892375469208, 0.903704106808, 1, 1, 1, 1, 0.818057179451, 1, 0.889065802097, 0.804617106915, 0.849008917809, 1, 1, 1, 1, 0.811931490898, 0.535720705986, 0.585169315338, 1, 0.843816637993, 0.658689141273, 0.37707144022, 0.417913079262, 0.57253152132, 0.780897200108, 0.822275161743, 1, 1, 0.907215595245, 0.866692721844, 0.977168142796, 0.494403123856, 1, 1, 0.841351270676, 0.736863911152],
        "mean": [0.148514255881, 0.157072871923, 0.220244288445, 0.33666062355, 0.377488911152, 0.319848150015, 0.234122142196, 0.184382036328, 0.219774723053, 0.236326172948, 0.217861369252, 0.288102030754, 0.357554942369, 0.342610955238, 0.291931986809, 0.198566973209, 0.155121177435, 0.189597174525, 0.216959699988, 0.184683188796, 0.117295913398, 0.0931472852826, 0.123660691082, 0.155670851469, 0.187562480569, 0.233469292521, 0.239183083177, 0.217046886683, 0.187457352877, 0.182705819607, 0.17756742239, 0.179359361529, 0.283225744963, 0.30668130517, 0.211891874671, 0.161486819386],
        "median": [0.0840069055557, 0.0678771138191, 0.0546219535172, 0.207436069846, 0.335718303919, 0.151636779308, 0.147475108504, 0.125164106488, 0.16312712431, 0.149857312441, 0.168087884784, 0.163377359509, 0.263102650642, 0.268621623516, 0.195308148861, 0.143997609615, 0.0890558212996, 0.106670901179, 0.132779970765, 0.122513763607, 0.0808378905058, 0.0653854981065, 0.0838455557823, 0.118763253093, 0.141015425324, 0.127941817045, 0.105141453445, 0.133198782802, 0.0888352394104, 0.0727154165506, 0.0764110684395, 0.138411551714, 0.228077799082, 0.234302297235, 0.120991364121, 0.0609185546637],
        "min": [0.0181997511536, 0.00538467802107, 0.00193436874542, 0.013683305122, 0.0313791595399, 0.0221368316561, 0.00943307299167, 0.00653223413974, 0.00754946470261, 0.0107313599437, 0.0122255450115, 0.0196483377367, 0.0295432917774, 0.0364912040532, 0.0311770662665, 0.00701300101355, 0.00497034797445, 0.00992300361395, 0.0141824185848, 0.00600049784407, 0.00349358329549, 0.026809822768, 0.0326255597174, 0.0134174861014, 0.0080246720463, 0.00839081034064, 0.0121179316193, 0.0129833817482, 0.0115079134703, 0.00543226953596, 0.0145366350189, 0.0132378712296, 0.00772716477513, 0.0026029755827, 0.022858414799, 0.0158917028457],
        "skew": [2.84206652641, 2.25565242767, 1.62359476089, 0.705982685089, 0.773203551769, 0.858307421207, 1.11523854733, 2.37840676308, 1.28279864788, 0.927143573761, 1.44861996174, 1.3779104948, 0.940085887909, 1.14630389214, 1.1354238987, 1.66851627827, 1.19407427311, 0.983747303486, 1.98182237148, 1.83981513977, 2.51654791832, 2.144510746, 1.55113136768, 1.70666754246, 1.82671201229, 1.23840343952, 1.58756184578, 1.92848861217, 1.86233997345, 1.83282005787, 2.13091087341, 0.828147351742, 1.34337508678, 1.22438442707, 1.72092533112, 1.9627187252],
        "var": [0.0331548936665, 0.0658922791481, 0.0897729843855, 0.105673857033, 0.116843007505, 0.0988879799843, 0.0544742532074, 0.0453273914754, 0.0477820001543, 0.0535915642977, 0.0383824147284, 0.0853507593274, 0.113347895443, 0.0910296440125, 0.0682057067752, 0.0346273332834, 0.0215088911355, 0.0323665104806, 0.0572984777391, 0.0403439849615, 0.0192501954734, 0.00579393468797, 0.00950746238232, 0.0197755247355, 0.0275911875069, 0.0587779432535, 0.0774986743927, 0.0530413500965, 0.0435860864818, 0.0545590929687, 0.0586980357766, 0.0168996732682, 0.0673132017255, 0.0983229652047, 0.0512228645384, 0.033853713423],
