{
"metadata": {
    "version": {
        "essentia": "2.1-beta3"
    }
},
"lowLevel": {
    "average_loudness": 0.99068403244,
    "barkbands_kurtosis": {
        "kurt": 0.591393470764,
        "max": 7.98770427704,
        "mean": 0.818054318428,
        "median": 0.372581481934,
        "min": -1.70497059822,
        "skew": 1.16633379459,
        "var": 6.19853210449
    },
    "barkbands_skewness": {
        "kurt": -1.03261840343,
        "max": 2.53614425659,
        "mean": 0.586709678173,
        "median": 0.672393798828,
        "min": -1.63643670082,
        "skew": -0.150805711746,
        "var": 1.09604299068
    },
    "barkbands_spread": {
        "kurt": -0.693945407867,
        "max": 58.0401916504,
        "mean": 21.3399333954,
        "median": 19.6171913147,
        "min": 3.64195227623,
        "skew": 0.583004593849,
        "var": 204.471710205
    },
    "dissonance": {
        "kurt": 2.21925640106,
        "max": 0.499999910593,
        "mean": 0.467812031507,
        "median": 0.476758688688,
        "min": 0.360651642084,
        "skew": -1.46858608723,
        "var": 0.000815000908915
    },
    "hfc": {
        "kurt": 4.15861845016,
        "max": 63.9071502686,
        "mean": 6.75096797943,
        "median": 0.176641464233,
        "min": 2.39586825046e-06,
        "skew": 2.36232042313,
        "var": 242.165374756
    },
    "pitch": {
        "kurt": -1.09465909004,
        "max": 5172.62792969,
        "mean": 1466.1015625,
        "median": 398.091278076,
        "min": 90.8283309937,
        "skew": 0.843315124512,
        "var": 2936019.75
    },
    "pitch_instantaneous_confidence": {
        "kurt": 1.17699050903,
        "max": 0.838410615921,
        "mean": 0.346266359091,
        "median": 0.327982366085,
        "min": 0.147889852524,
        "skew": 1.23123347759,
        "var": 0.0227119792253
    },
    "pitch_salience": {
        "kurt": 1.06851911545,
        "max": 0.885345220566,
        "mean": 0.751278221607,
        "median": 0.760942339897,
        "min": 0.580579519272,
        "skew": -0.516183018684,
        "var": 0.00270336540416
    },
    "silence_rate_20dB": {
        "kurt": 0,
        "max": 1,
        "mean": 1,
        "median": 1,
        "min": 1,
        "skew": 0,
        "var": 0
    },
    "silence_rate_30dB": {
        "kurt": 0,
        "max": 1,
        "mean": 1,
        "median": 1,
        "min": 1,
        "skew": 0,
        "var": 0
    },
    "silence_rate_60dB": {
        "kurt": 0.375279664993,
        "max": 1,
        "mean": 0.805194795132,
        "median": 1,
        "min": 0,
        "skew": -1.54119324684,
        "var": 0.156855806708
    },
    "spectral_centroid": {
        "kurt": -0.426469326019,
        "max": 3971.83349609,
        "mean": 1495.21374512,
        "median": 1126.03796387,
        "min": 464.893920898,
        "skew": 0.766512930393,
        "var": 896418.8125
    },
    "spectral_complexity": {
        "kurt": 1.7988743782,
        "max": 64,
        "mean": 9.51948070526,
        "median": 0,
        "min": 0,
        "skew": 1.87086451054,
        "var": 346.172027588
    },
    "spectral_crest": {
        "kurt": 0.484075069427,
        "max": 17.9309978485,
        "mean": 7.65046453476,
        "median": 6.9600481987,
        "min": 2.94624447823,
        "skew": 0.9498026371,
        "var": 12.6217556
    },
    "spectral_decrease": {
        "kurt": 3.80746841431,
        "max": -1.43505566003e-16,
        "mean": -6.35670460714e-10,
        "median": -5.66960783877e-11,
        "min": -5.5264672838e-09,
        "skew": -2.27436327934,
        "var": 1.80732284359e-18
    },
    "spectral_energy": {
        "kurt": 3.81067609787,
        "max": 0.0266547426581,
        "mean": 0.00301149999723,
        "median": 0.000229999859584,
        "min": 7.58935525536e-10,
        "skew": 2.28395223618,
        "var": 4.19271127612e-05
    },
    "spectral_energyband_high": {
        "kurt": 4.58150577545,
        "max": 0.00472564157099,
        "mean": 0.000475850189105,
        "median": 4.89843728246e-07,
        "min": 2.68994854169e-10,
        "skew": 2.44748783112,
        "var": 1.35962079639e-06
    },
    "spectral_energyband_low": {
        "kurt": 24.8216342926,
        "max": 0.001342210453,
        "mean": 5.87634494877e-05,
        "median": 1.02812336422e-07,
        "min": 6.18565615396e-12,
        "skew": 4.68567371368,
        "var": 3.72244173263e-08
    },
    "spectral_energyband_middle_high": {
        "kurt": 3.81399202347,
        "max": 0.0147323077545,
        "mean": 0.00166923657525,
        "median": 5.06845972268e-05,
        "min": 2.81904444233e-10,
        "skew": 2.28171777725,
        "var": 1.36728567668e-05
    },
    "spectral_energyband_middle_low": {
        "kurt": 8.02617359161,
        "max": 0.00888161361217,
        "mean": 0.000853235775139,
        "median": 0.000137157403515,
        "min": 2.10127804046e-10,
        "skew": 2.81901311874,
        "var": 2.98331337945e-06
    },
    "spectral_flatness_db": {
        "kurt": -1.00630235672,
        "max": 0.329728543758,
        "mean": 0.203228533268,
        "median": 0.21191444993,
        "min": 0.0551416426897,
        "skew": -0.27992233634,
        "var": 0.00576269021258
    },
    "spectral_flux": {
        "kurt": 2.05815315247,
        "max": 0.134962692857,
        "mean": 0.0239242874086,
        "median": 0.0110903475434,
        "min": 2.10182915907e-05,
        "skew": 1.74859404564,
        "var": 0.000984854879789
    },
    "spectral_kurtosis": {
        "kurt": 0.199623823166,
        "max": 59.3608703613,
        "mean": 14.7087144852,
        "median": 5.62767124176,
        "min": 0.911188840866,
        "skew": 1.14688396454,
        "var": 259.991882324
    },
    "spectral_rms": {
        "kurt": 1.69546413422,
        "max": 0.00509947305545,
        "mean": 0.00101573846769,
        "median": 0.000473698339192,
        "min": 8.60479474341e-07,
        "skew": 1.74024605751,
        "var": 1.90632340491e-06
    },
    "spectral_rolloff": {
        "kurt": -1.52465009689,
        "max": 5189.50195312,
        "mean": 2471.28417969,
        "median": 1981.0546875,
        "min": 538.330078125,
        "skew": 0.28177061677,
        "var": 2405516.5
    },
    "spectral_skewness": {
        "kurt": -0.9439265728,
        "max": 5.71967315674,
        "mean": 2.40357327461,
        "median": 1.935795784,
        "min": 0.519482195377,
        "skew": 0.655285179615,
        "var": 2.2023127079
    },
    "spectral_spread": {
        "kurt": 0.591727256775,
        "max": 12083904,
        "mean": 4065464.5,
        "median": 3018581.75,
        "min": 1049445.625,
        "skew": 1.15950071812,
        "var": 8.53920448512e+12
    },
    "spectral_strongpeak": {
        "kurt": 26.3547344208,
        "max": 1.93759787083,
        "mean": 0.142118766904,
        "median": 0.0658621862531,
        "min": 3.02563603327e-05,
        "skew": 4.64892864227,
        "var": 0.069546893239
    },
    "zerocrossingrate": {
        "kurt": -1.11238992214,
        "max": 0.1611328125,
        "mean": 0.075981631875,
        "median": 0.06884765625,
        "min": 0.0126953125,
        "skew": 0.334183841944,
        "var": 0.00153643835802
    },
    "barkbands": {
        "kurt": [28.1893539429, 9.61196327209, 46.3272705078, 15.9337291718, 16.4194087982, 20.3907165527, 19.8126678467, 14.8268280029, 7.27066993713, 2.45455026627, 3.76418781281, 7.91367149353, 6.20119285583, 9.49014472961, 9.68668270111, 5.33068752289, 14.3355178833, 8.9173002243, 4.46065139771, 4.83446836472, 4.84172296524, 9.40630722046, 11.3640241623, 11.5917215347, 11.252409935, 12.192196846, 11.9799747467],
        "max": [5.51395260118e-07, 4.79224254377e-05, 0.000953083042987, 0.000910962815396, 0.00216693431139, 0.00313398987055, 0.00336024560966, 0.00175570580177, 0.00120295735542, 0.000643365667202, 0.000616968027316, 0.000950596935581, 0.000979563919827, 0.00155506492592, 0.0015222709626, 0.00117342500016, 0.00302212964743, 0.00348029797897, 0.00349920592271, 0.00323779881001, 0.0021983992774, 0.00105223665014, 0.000209877864108, 7.94868246885e-05, 3.3135562262e-05, 6.23968105629e-07, 4.126173625e-09],
        "mean": [2.13956532491e-08, 3.43498368238e-06, 2.98602190014e-05, 4.91142673127e-05, 0.000136520306114, 0.000205343472771, 0.000196250912268, 0.000122306053527, 0.00011925927538, 9.57462762017e-05, 7.98143082648e-05, 9.06332643353e-05, 9.2452573881e-05, 0.000114722381113, 0.00011551091302, 0.000111912559078, 0.000192594758119, 0.000261239678366, 0.000350806309143, 0.000329457165208, 0.000222628674237, 7.17809889466e-05, 1.28750707518e-05, 4.94644791615e-06, 2.23276470024e-06, 3.7783941309e-08, 2.58317922608e-10],
        "median": [2.69329263752e-11, 2.68693201022e-09, 3.88770899917e-08, 1.87807287944e-07, 1.07497644422e-05, 5.10664867761e-05, 2.28594581131e-05, 1.14582162496e-05, 1.37918714245e-05, 1.16784376587e-05, 9.37242748478e-06, 5.1945062296e-06, 4.23477649747e-06, 3.70493467017e-06, 2.86858562504e-06, 1.77459526185e-06, 1.83491465577e-06, 2.06665708902e-06, 1.80642086889e-06, 4.96570066844e-07, 1.38120981319e-07, 2.81285625903e-08, 3.39224026646e-09, 9.49815115447e-10, 8.39268210484e-09, 3.73610170579e-11, 5.28824033175e-12],
        "min": [8.39822257418e-14, 1.87067180323e-12, 3.72637511126e-12, 2.00544398796e-12, 3.62612960492e-11, 6.89978074675e-11, 1.61430452339e-11, 6.58652299368e-12, 1.59122888477e-11, 1.63824804417e-11, 1.19127928008e-11, 5.34946219266e-12, 2.56339112263e-12, 3.65682701134e-12, 5.73504438384e-12, 1.60249001568e-11, 1.92028754009e-11, 3.55008730746e-11, 5.46744247099e-11, 1.03110332772e-10, 8.75473860074e-11, 4.94227263281e-11, 1.57777072657e-11, 1.0380169814e-11, 1.48763206614e-11, 1.40360726514e-12, 1.59937862243e-14],
        "skew": [5.12686777115, 3.16643285751, 6.48605775833, 3.92049884796, 3.82238078117, 4.13535356522, 4.31081485748, 3.62202787399, 2.75944423676, 1.93746840954, 2.20493888855, 2.94725012779, 2.58923268318, 3.05015540123, 3.0225944519, 2.49542784691, 3.6174390316, 2.98477911949, 2.38901805878, 2.48389339447, 2.5048661232, 3.13046646118, 3.35957455635, 3.47903156281, 3.50490188599, 3.59613060951, 3.323959589],
        "var": [6.19009602623e-15, 8.53624532171e-11, 1.39064217919e-08, 2.26903935641e-08, 1.17548893286e-07, 2.11900712088e-07, 2.75504135061e-07, 7.93027652435e-08, 6.0166577498e-08, 2.92988282524e-08, 2.33714256836e-08, 4.3321943366e-08, 4.084712657e-08, 8.0120244661e-08, 7.48279660456e-08, 6.46559925599e-08, 2.56037964164e-07, 4.22833522862e-07, 6.90440856488e-07, 6.61167575799e-07, 3.03747100361e-07, 3.96854602513e-08, 1.40972478135e-09, 2.29607916014e-10, 4.59219363924e-11, 1.43141639356e-14, 4.88501178417e-19],
        "cov": [[6.27154459685e-15, 2.44901944861e-13, 1.27978584761e-12, 3.34198597615e-12, 1.41821875424e-11, 1.17081292578e-11, 2.06305025147e-11, 1.25203944434e-11, 8.57209789262e-12, 7.89854813499e-12, 8.29105620964e-12, 7.92764551921e-12, 7.1464513994e-12, 1.78130132172e-11, 1.13300306637e-11, 1.47987126026e-11, 2.30670708229e-11, 3.00951728816e-11, 3.37226566116e-11, 4.74100966819e-11, 3.01148030124e-11, 1.3273273973e-11, 1.97321629522e-12, 8.34582836867e-13, 3.89267963566e-13, 6.74568780622e-15, 1.6425552071e-17], [2.44901944861e-13, 8.64856450344e-11, 8.2111262234e-10, 1.08351805306e-09, 2.41485831332e-09, 2.63761790187e-09, 3.31553273725e-09, 1.99998972938e-09, 1.26889598828e-09, 1.08599107485e-09, 1.04809427803e-09, 1.1948703138e-09, 1.44914569233e-09, 1.82029602502e-09, 1.50430590207e-09, 1.59613011697e-09, 3.09858672054e-09, 4.8397850172e-09, 6.5010383743e-09, 5.64448932039e-09, 3.93911436802e-09, 1.30282717947e-09, 2.60621441095e-10, 1.071849276e-10, 4.19399966145e-11, 7.82114336403e-13, 4.11199852244e-15], [1.27978584761e-12, 8.2111262234e-10, 1.40894016454e-08, 1.09053015507e-08, 1.44197125351e-08, 2.06691801452e-08, 1.75110415057e-08, 9.47313694155e-09, 1.06505693154e-08, 1.01909920502e-08, 9.81994485727e-09, 7.41659667014e-09, 1.77593921791e-08, 1.40043781016e-08, 1.19535350507e-08, 1.32667068442e-08, 2.09685566688e-08, 2.93581905453e-08, 6.11938943962e-08, 4.34177316322e-08, 3.36748442464e-08, 1.12610338832e-08, 1.72779313079e-09, 7.11401770825e-10, 2.21981960591e-10, 4.32147720386e-12, 1.76711333825e-14], [3.34198597615e-12, 1.08351805306e-09, 1.09053015507e-08, 2.29889511871e-08, 4.09778415644e-08, 4.7186322405e-08, 2.72930087419e-08, 2.03840162527e-08, 2.46269173942e-08, 1.56640336257e-08, 1.43015350673e-08, 1.83440800328e-08, 2.18197513391e-08, 2.63142609924e-08, 2.03962873258e-08, 2.29124434981e-08, 3.23141513547e-08, 5.89809694418e-08, 7.56371889565e-08, 7.31450384706e-08, 4.87020344053e-08, 1.48722207882e-08, 2.54088927676e-09, 1.27073418454e-09, 5.03491970338e-10, 9.2248457137e-12, 6.26151352447e-14], [1.41821875424e-11, 2.41485831332e-09, 1.44197125351e-08, 4.09778415644e-08, 1.19095588502e-07, 9.25819492181e-08, 9.06596397954e-08, 6.90538968229e-08, 5.82041259634e-08, 4.39812097852e-08, 3.57453302513e-08, 5.33959614302e-08, 4.55321895743e-08, 7.25803772639e-08, 6.23246450004e-08, 6.13502493252e-08, 1.10864256442e-07, 1.71719563014e-07, 2.07533744856e-07, 2.29472959745e-07, 1.45317542888e-07, 4.63209808288e-08, 8.55676773881e-09, 3.66813157626e-09, 1.53590673513e-09, 2.79149741517e-11, 2.00105353836e-13], [1.17081292578e-11, 2.63761790187e-09, 2.06691801452e-08, 4.7186322405e-08, 9.25819492181e-08, 2.14688881783e-07, 1.67267558027e-07, 9.40206845712e-08, 8.57634745444e-08, 4.95421303981e-08, 5.30994128667e-08, 6.94233435183e-08, 5.9049099832e-08, 9.10175756985e-08, 8.15101728335e-08, 8.30889135273e-08, 1.50681117361e-07, 2.40418358999e-07, 2.61565929804e-07, 2.42812944862e-07, 1.68598788264e-07, 5.74947733867e-08, 1.21410899112e-08, 5.23784393636e-09, 2.31593988431e-09, 4.09334788287e-11, 1.68348896021e-13], [2.06305025147e-11, 3.31553273725e-09, 1.75110415057e-08, 2.72930087419e-08, 9.06596397954e-08, 1.67267558027e-07, 2.7912918199e-07, 1.30551768507e-07, 6.15627797629e-08, 5.1487752728e-08, 5.96065703462e-08, 6.06460517361e-08, 5.67117588446e-08, 1.08344025307e-07, 9.39588957749e-08, 9.21008336263e-08, 1.8116946876e-07, 2.98672148347e-07, 3.43622247101e-07, 3.09639290208e-07, 2.09433096643e-07, 8.34321767229e-08, 1.72046519253e-08, 6.67068889015e-09, 2.94746071994e-09, 5.28469490391e-11, 1.65765852108e-13], [1.25203944434e-11, 1.99998972938e-09, 9.47313694155e-09, 2.03840162527e-08, 6.90538968229e-08, 9.40206845712e-08, 1.30551768507e-07, 8.03462185672e-08, 4.41121592587e-08, 3.4502509294e-08, 3.57035752074e-08, 4.57935591669e-08, 3.26762084057e-08, 6.34598293914e-08, 5.28581018955e-08, 5.7946127896e-08, 1.26040802684e-07, 1.74055884372e-07, 1.88818191305e-07, 1.91478790157e-07, 1.31112727786e-07, 4.63796467898e-08, 1.01113144524e-08, 4.0012992919e-09, 1.77501058296e-09, 3.17250531401e-11, 1.28325627034e-13], [8.57209789262e-12, 1.26889598828e-09, 1.06505693154e-08, 2.46269173942e-08, 5.82041259634e-08, 8.57634745444e-08, 6.15627797629e-08, 4.41121592587e-08, 6.09582428979e-08, 3.43284547455e-08, 2.9600977669e-08, 4.67584584385e-08, 3.79499951464e-08, 5.03393273732e-08, 5.46817844338e-08, 5.28487369422e-08, 1.0011947893e-07, 1.22127445934e-07, 1.5752486604e-07, 1.62808490245e-07, 9.84955974559e-08, 3.10873353726e-08, 6.1242180216e-09, 2.3392823234e-09, 1.03423269948e-09, 1.81260943755e-11, 1.1571743997e-13], [7.89854813499e-12, 1.08599107485e-09, 1.01909920502e-08, 1.56640336257e-08, 4.39812097852e-08, 4.95421303981e-08, 5.1487752728e-08, 3.4502509294e-08, 3.43284547455e-08, 2.96843385428e-08, 2.33382930759e-08, 2.9460920814e-08, 2.93555473263e-08, 4.05140632154e-08, 3.95157861988e-08, 4.0151402203e-08, 6.74229099218e-08, 8.53691304314e-08, 1.22609662867e-07, 1.17783606868e-07, 7.84811149401e-08, 2.6437634304e-08, 4.62810545443e-09, 1.77892156561e-09, 7.53455575708e-10, 1.33675908884e-11, 6.68991636176e-14], [8.29105620964e-12, 1.04809427803e-09, 9.81994485727e-09, 1.43015350673e-08, 3.57453302513e-08, 5.30994128667e-08, 5.96065703462e-08, 3.57035752074e-08, 2.9600977669e-08, 2.33382930759e-08, 2.3678945027e-08, 2.52685747881e-08, 2.42990321198e-08, 3.87598326768e-08, 3.23509716793e-08, 3.7340772252e-08, 6.48972005024e-08, 8.64479474671e-08, 1.09939335857e-07, 1.08937435073e-07, 7.38084082741e-08, 2.73072142676e-08, 4.96841012776e-09, 2.01664085431e-09, 8.79319173031e-10, 1.55621678738e-11, 5.33037562657e-14], [7.92764551921e-12, 1.1948703138e-09, 7.41659667014e-09, 1.83440800328e-08, 5.33959614302e-08, 6.94233435183e-08, 6.06460517361e-08, 4.57935591669e-08, 4.67584584385e-08, 2.9460920814e-08, 2.52685747881e-08, 4.38919691703e-08, 3.14432533344e-08, 4.81301611899e-08, 4.93757568165e-08, 4.59868942926e-08, 9.53575067797e-08, 1.18357320389e-07, 1.40945815019e-07, 1.45494382764e-07, 9.61769970331e-08, 2.95094917391e-08, 6.21784446153e-09, 2.3967023921e-09, 1.04532649203e-09, 1.85404139957e-11, 1.05754543577e-13], [7.1464513994e-12, 1.44914569233e-09, 1.77593921791e-08, 2.18197513391e-08, 4.55321895743e-08, 5.9049099832e-08, 5.67117588446e-08, 3.26762084057e-08, 3.79499951464e-08, 2.93555473263e-08, 2.42990321198e-08, 3.14432533344e-08, 4.13845882008e-08, 4.64369982467e-08, 4.81380055817e-08, 4.07697839933e-08, 6.95428425956e-08, 9.69221645164e-08, 1.50639564822e-07, 1.34420133691e-07, 9.11184869778e-08, 3.00923019836e-08, 4.9460480156e-09, 1.87037629829e-09, 7.31374349972e-10, 1.32282457557e-11, 7.06952400266e-14], [1.78130132172e-11, 1.82029602502e-09, 1.40043781016e-08, 2.63142609924e-08, 7.25803772639e-08, 9.10175756985e-08, 1.08344025307e-07, 6.34598293914e-08, 5.03393273732e-08, 4.05140632154e-08, 3.87598326768e-08, 4.81301611899e-08, 4.64369982467e-08, 8.11744627072e-08, 6.56513705621e-08, 6.71224000826e-08, 1.11922204837e-07, 1.66375528465e-07, 2.01620110829e-07, 2.12412800238e-07, 1.4460796649e-07, 5.38360716007e-08, 9.20507670088e-09, 3.83022857875e-09, 1.66490143894e-09, 2.9528369333e-11, 1.02600823074e-13], [1.13300306637e-11, 1.50430590207e-09, 1.19535350507e-08, 2.03962873258e-08, 6.23246450004e-08, 8.15101728335e-08, 9.39588957749e-08, 5.28581018955e-08, 5.46817844338e-08, 3.95157861988e-08, 3.23509716793e-08, 4.93757568165e-08, 4.81380055817e-08, 6.56513705621e-08, 7.58125437983e-08, 5.76094585369e-08, 1.10429745348e-07, 1.47257694039e-07, 2.05835661404e-07, 1.9241591076e-07, 1.30585007696e-07, 4.24665991261e-08, 7.84189513325e-09, 2.76324918502e-09, 1.19178256153e-09, 2.09646883187e-11, 1.17432674912e-13], [1.47987126026e-11, 1.59613011697e-09, 1.32667068442e-08, 2.29124434981e-08, 6.13502493252e-08, 8.30889135273e-08, 9.21008336263e-08, 5.7946127896e-08, 5.28487369422e-08, 4.0151402203e-08, 3.7340772252e-08, 4.59868942926e-08, 4.07697839933e-08, 6.71224000826e-08, 5.76094585369e-08, 6.55067324828e-08, 1.13159870807e-07, 1.45427392795e-07, 1.85173576028e-07, 1.89595610323e-07, 1.25967702047e-07, 4.56900792756e-08, 8.28289170585e-09, 3.31127236741e-09, 1.4645201718e-09, 2.57554238353e-11, 9.56994222366e-14], [2.30670708229e-11, 3.09858672054e-09, 2.09685566688e-08, 3.23141513547e-08, 1.10864256442e-07, 1.50681117361e-07, 1.8116946876e-07, 1.26040802684e-07, 1.0011947893e-07, 6.74229099218e-08, 6.48972005024e-08, 9.53575067797e-08, 6.95428425956e-08, 1.11922204837e-07, 1.10429745348e-07, 1.13159870807e-07, 2.59406903069e-07, 2.93300558951e-07, 3.53406989007e-07, 3.6613224097e-07, 2.47454323699e-07, 8.19164895915e-08, 1.7628623894e-08, 6.47900755268e-09, 2.89430346356e-09, 5.09792867642e-11, 2.31732113967e-13], [3.00951728816e-11, 4.8397850172e-09, 2.93581905453e-08, 5.89809694418e-08, 1.71719563014e-07, 2.40418358999e-07, 2.98672148347e-07, 1.74055884372e-07, 1.22127445934e-07, 8.53691304314e-08, 8.64479474671e-08, 1.18357320389e-07, 9.69221645164e-08, 1.66375528465e-07, 1.47257694039e-07, 1.45427392795e-07, 2.93300558951e-07, 4.28397129326e-07, 4.92662820761e-07, 4.89466515319e-07, 3.25860980865e-07, 1.1462230276e-07, 2.34397514731e-08, 9.33118116109e-09, 4.05630729006e-09, 7.27046409188e-11, 3.14740529646e-13], [3.37226566116e-11, 6.5010383743e-09, 6.11938943962e-08, 7.56371889565e-08, 2.07533744856e-07, 2.61565929804e-07, 3.43622247101e-07, 1.88818191305e-07, 1.5752486604e-07, 1.22609662867e-07, 1.09939335857e-07, 1.40945815019e-07, 1.50639564822e-07, 2.01620110829e-07, 2.05835661404e-07, 1.85173576028e-07, 3.53406989007e-07, 4.92662820761e-07, 6.9952557169e-07, 6.25019140443e-07, 4.22103397568e-07, 1.44159130855e-07, 2.74103602038e-08, 1.01750252668e-08, 4.21388657301e-09, 7.59870499856e-11, 3.76466002469e-13], [4.74100966819e-11, 5.64448932039e-09, 4.34177316322e-08, 7.31450384706e-08, 2.29472959745e-07, 2.42812944862e-07, 3.09639290208e-07, 1.91478790157e-07, 1.62808490245e-07, 1.17783606868e-07, 1.08937435073e-07, 1.45494382764e-07, 1.34420133691e-07, 2.12412800238e-07, 1.9241591076e-07, 1.89595610323e-07, 3.6613224097e-07, 4.89466515319e-07, 6.25019140443e-07, 6.69867176839e-07, 4.21434606324e-07, 1.51522982605e-07, 2.74490172814e-08, 1.06126263333e-08, 4.59089610771e-09, 8.18114534451e-11, 3.94405265825e-13], [3.01148030124e-11, 3.93911436802e-09, 3.36748442464e-08, 4.87020344053e-08, 1.45317542888e-07, 1.68598788264e-07, 2.09433096643e-07, 1.31112727786e-07, 9.84955974559e-08, 7.84811149401e-08, 7.38084082741e-08, 9.61769970331e-08, 9.11184869778e-08, 1.4460796649e-07, 1.30585007696e-07, 1.25967702047e-07, 2.47454323699e-07, 3.25860980865e-07, 4.22103397568e-07, 4.21434606324e-07, 3.07743789563e-07, 1.03838360133e-07, 1.93100486712e-08, 7.5205193184e-09, 3.26156879282e-09, 5.76266812047e-11, 2.64597724156e-13], [1.3273273973e-11, 1.30282717947e-09, 1.12610338832e-08, 1.48722207882e-08, 4.63209808288e-08, 5.74947733867e-08, 8.34321767229e-08, 4.63796467898e-08, 3.10873353726e-08, 2.6437634304e-08, 2.73072142676e-08, 2.95094917391e-08, 3.00923019836e-08, 5.38360716007e-08, 4.24665991261e-08, 4.56900792756e-08, 8.19164895915e-08, 1.1462230276e-07, 1.44159130855e-07, 1.51522982605e-07, 1.03838360133e-07, 4.02076381079e-08, 6.97279745054e-09, 2.79708589623e-09, 1.22504739686e-09, 2.16742960385e-11, 6.87115091929e-14], [1.97321629522e-12, 2.60621441095e-10, 1.72779313079e-09, 2.54088927676e-09, 8.55676773881e-09, 1.21410899112e-08, 1.72046519253e-08, 1.01113144524e-08, 6.1242180216e-09, 4.62810545443e-09, 4.96841012776e-09, 6.21784446153e-09, 4.9460480156e-09, 9.20507670088e-09, 7.84189513325e-09, 8.28289170585e-09, 1.7628623894e-08, 2.34397514731e-08, 2.74103602038e-08, 2.74490172814e-08, 1.93100486712e-08, 6.97279745054e-09, 1.42827383254e-09, 5.55695434112e-10, 2.45668679844e-10, 4.3625368075e-12, 1.60750844466e-14], [8.34582836867e-13, 1.071849276e-10, 7.11401770825e-10, 1.27073418454e-09, 3.66813157626e-09, 5.23784393636e-09, 6.67068889015e-09, 4.0012992919e-09, 2.3392823234e-09, 1.77892156561e-09, 2.01664085431e-09, 2.3967023921e-09, 1.87037629829e-09, 3.83022857875e-09, 2.76324918502e-09, 3.31127236741e-09, 6.47900755268e-09, 9.33118116109e-09, 1.01750252668e-08, 1.06126263333e-08, 7.5205193184e-09, 2.79708589623e-09, 5.55695434112e-10, 2.32629068786e-10, 1.02471739427e-10, 1.82532591472e-12, 6.10318282254e-15], [3.89267963566e-13, 4.19399966145e-11, 2.21981960591e-10, 5.03491970338e-10, 1.53590673513e-09, 2.31593988431e-09, 2.94746071994e-09, 1.77501058296e-09, 1.03423269948e-09, 7.53455575708e-10, 8.79319173031e-10, 1.04532649203e-09, 7.31374349972e-10, 1.66490143894e-09, 1.19178256153e-09, 1.4645201718e-09, 2.89430346356e-09, 4.05630729006e-09, 4.21388657301e-09, 4.59089610771e-09, 3.26156879282e-09, 1.22504739686e-09, 2.45668679844e-10, 1.02471739427e-10, 4.65261718041e-11, 8.18337530985e-13, 2.63254515402e-15], [6.74568780622e-15, 7.82114336403e-13, 4.32147720386e-12, 9.2248457137e-12, 2.79149741517e-11, 4.09334788287e-11, 5.28469490391e-11, 3.17250531401e-11, 1.81260943755e-11, 1.33675908884e-11, 1.55621678738e-11, 1.85404139957e-11, 1.32282457557e-11, 2.9528369333e-11, 2.09646883187e-11, 2.57554238353e-11, 5.09792867642e-11, 7.27046409188e-11, 7.59870499856e-11, 8.18114534451e-11, 5.76266812047e-11, 2.16742960385e-11, 4.3625368075e-12, 1.82532591472e-12, 8.18337530985e-13, 1.45025084877e-14, 4.7443575999e-17], [1.6425552071e-17, 4.11199852244e-15, 1.76711333825e-14, 6.26151352447e-14, 2.00105353836e-13, 1.68348896021e-13, 1.65765852108e-13, 1.28325627034e-13, 1.1571743997e-13, 6.68991636176e-14, 5.33037562657e-14, 1.05754543577e-13, 7.06952400266e-14, 1.02600823074e-13, 1.17432674912e-13, 9.56994222366e-14, 2.31732113967e-13, 3.14740529646e-13, 3.76466002469e-13, 3.94405265825e-13, 2.64597724156e-13, 6.87115091929e-14, 1.60750844466e-14, 6.10318282254e-15, 2.63254515402e-15, 4.7443575999e-17, 4.94928837065e-19]]
    },
    "mfcc": {
        "kurt": [-0.58190703392, -0.824320316315, -1.15010213852, -1.35758805275, 1.26087760925, -0.992510080338, -1.10987508297, 0.697711706161, -0.647463560104, 0.8551902771, -0.335332870483, 0.124920606613, -0.825527429581],
        "max": [-561.106994629, 170.007965088, 31.6470375061, 56.8038482666, -6.103515625e-05, 6.31974411011, -2.67028808594e-05, -5.34057617188e-05, 3.82145881653, 0.611053466797, 13.487329483, 2.79979133606, 7.7197227478],
        "mean": [-891.229736328, 98.5141677856, -39.789768219, -5.04056358337, -28.70520401, -28.8513908386, -17.9774932861, -18.9853649139, -14.8939876556, -15.1122589111, -9.05065536499, -8.39964008331, -5.01434135437],
        "median": [-913.613525391, 105.623085022, -42.0387382507, 8.01086425781e-05, -27.7166099548, -26.5697517395, -15.6800918579, -19.8737487793, -14.2292919159, -14.0645065308, -8.61197662354, -8.20671081543, -4.90595245361],
        "min": [-1138.42004395, 1.14440917969e-05, -102.74307251, -56.1796951294, -85.9676361084, -70.3340759277, -44.1971359253, -54.43724823, -38.5118026733, -50.1761245728, -25.8819408417, -27.7862968445, -16.3836803436],
        "skew": [0.499872118235, -0.526801884174, 0.0447032563388, 0.138860300183, -0.539516210556, -0.0889752581716, -0.206515088677, -0.446179866791, -0.300802081823, -0.821335077286, 0.0667177513242, -0.467157572508, -0.0942529588938],
        "var": [27028.4765625, 2534.49609375, 1249.5078125, 1147.9342041, 269.058227539, 416.170379639, 158.302703857, 131.236434937, 109.759895325, 112.776657104, 60.1550216675, 40.3392753601, 30.424030304],
        "cov": [[27384.1152344, 2389.65527344, -4245.5390625, 3161.25366211, -902.945800781, 457.416748047, 160.543746948, -98.4186859131, -26.1611766815, -107.424049377, -106.46320343, -88.2371368408, -262.150238037], [2389.65527344, 2567.84472656, -937.889587402, -780.32043457, -73.7718811035, -527.517700195, -402.053771973, -224.827926636, -286.18838501, -188.865310669, -288.298583984, -122.164588928, -102.405578613], [-4245.5390625, -937.889587402, 1265.94873047, -422.912322998, 104.492027283, 189.829544067, -9.81590938568, 28.1003284454, 80.2053451538, 75.8248291016, 72.5047225952, 50.1925315857, 40.6053352356], [3161.25366211, -780.32043457, -422.912322998, 1163.03857422, -126.676887512, 275.633575439, 315.123474121, 134.226699829, 119.975074768, 91.6330184937, 142.425506592, 28.5636024475, 22.3779220581], [-902.945800781, -73.7718811035, 104.492027283, -126.676887512, 272.598449707, 47.1648445129, 43.7807273865, 129.170303345, -14.0044670105, 115.720726013, -2.68327379227, 26.4179191589, 31.3682289124], [457.416748047, -527.517700195, 189.829544067, 275.633575439, 47.1648445129, 421.64630127, 113.619987488, 86.6198959351, 161.007537842, 92.2257614136, 54.2188987732, 75.6547622681, -5.45505332947], [160.543746948, -402.053771973, -9.81590938568, 315.123474121, 43.7807273865, 113.619987488, 160.385620117, 88.7742614746, 48.8042678833, 71.0885620117, 59.968044281, 16.7852325439, 21.9274101257], [-98.4186859131, -224.827926636, 28.1003284454, 134.226699829, 129.170303345, 86.6198959351, 88.7742614746, 132.963226318, 16.3534832001, 101.473815918, 30.8658256531, 18.3132953644, 29.487985611], [-26.1611766815, -286.18838501, 80.2053451538, 119.975074768, -14.0044670105, 161.007537842, 48.8042678833, 16.3534832001, 111.204101562, 12.6257829666, 27.7984485626, 41.3203277588, -8.8075094223], [-107.424049377, -188.865310669, 75.8248291016, 91.6330184937, 115.720726013, 92.2257614136, 71.0885620117, 101.473815918, 12.6257829666, 114.260559082, 34.6287994385, 12.4965696335, 25.34349823], [-106.46320343, -288.298583984, 72.5047225952, 142.425506592, -2.68327379227, 54.2188987732, 59.968044281, 30.8658256531, 27.7984485626, 34.6287994385, 60.9465332031, 10.057135582, 16.2784824371], [-88.2371368408, -122.164588928, 50.1925315857, 28.5636024475, 26.4179191589, 75.6547622681, 16.7852325439, 18.3132953644, 41.3203277588, 12.4965696335, 10.057135582, 40.8700561523, 3.80283641815], [-262.150238037, -102.405578613, 40.6053352356, 22.3779220581, 31.3682289124, -5.45505332947, 21.9274101257, 29.487985611, -8.8075094223, 25.34349823, 16.2784824371, 3.80283641815, 30.8243465424]]
    },
    "sccoeffs": {
        "kurt": [0.554539680481, 0.0373332500458, -0.0201470851898, 0.486303091049, -0.597378492355, -0.902040481567],
        "max": [-0.479750394821, -0.706933319569, -0.751598119736, -0.743241131306, -0.716898024082, -0.595753610134],
        "mean": [-0.633938789368, -0.818257570267, -0.846745252609, -0.850268185139, -0.81824862957, -0.783447027206],
        "median": [-0.627456068993, -0.81710755825, -0.847369611263, -0.847792506218, -0.813766121864, -0.780151903629],
        "min": [-0.93476319313, -0.95050239563, -0.95393961668, -0.95681220293, -0.916501641273, -0.9036282897],
        "skew": [-0.944025158882, 0.0698220655322, 0.0342484340072, 0.220024228096, -0.355916947126, 0.175978973508],
        "var": [0.0103069562465, 0.0022763251327, 0.00170134950895, 0.00161669042427, 0.0022838707082, 0.00518111186102],
        "cov": [[0.0104425735772, 0.00233782408759, 0.00229161139578, 0.00209311349317, 0.00327691389248, 0.00264095980674], [0.00233782408759, 0.00230627693236, 0.000878522638232, 0.00104948645458, 0.00112087209709, 0.00142371619586], [0.00229161139578, 0.000878522638232, 0.00172373570967, 0.00113836152013, 0.00111544458196, 0.00112627120689], [0.00209311349317, 0.00104948645458, 0.00113836152013, 0.00163796264678, 0.00109915470239, 0.00156159093603], [0.00327691389248, 0.00112087209709, 0.00111544458196, 0.00109915470239, 0.00231392146088, 0.000823512207717], [0.00264095980674, 0.00142371619586, 0.00112627120689, 0.00156159093603, 0.000823512207717, 0.00524928467348]]
    },
    "scvalleys": {
        "kurt": [-0.431301116943, 2.0324587822, 1.36886739731, 0.562102794647, -0.810887813568, -0.437703371048],
        "max": [-6.23154687881, -4.67433977127, -5.15238571167, -5.56329679489, -5.4161157608, -7.63305950165],
        "mean": [-10.4431381226, -7.58241176605, -8.12315177917, -8.83532905579, -9.60487651825, -12.5014486313],
        "median": [-11.1246986389, -6.90361642838, -7.48458242416, -8.44219875336, -9.61000061035, -13.2480421066],
        "min": [-14.6928110123, -14.0563793182, -14.3804807663, -15.0544652939, -14.2483873367, -15.3622350693],
        "skew": [0.406159996986, -1.60286283493, -1.37883257866, -0.942683398724, 0.0994850993156, 0.82099032402],
        "var": [4.51706218719, 5.17536115646, 5.38841247559, 5.60769176483, 5.96851301193, 5.03000402451],
        "cov": [[4.57649707794, 3.92226290703, 4.12050914764, 4.47205638885, 4.76518297195, 4.07160329819], [3.92226290703, 5.24345779419, 5.26809215546, 5.30863952637, 4.58085536957, 3.36643433571], [4.12050914764, 5.26809215546, 5.45931243896, 5.48273134232, 4.80195188522, 3.52596402168], [4.47205638885, 5.30863952637, 5.48273134232, 5.68147706985, 5.24570608139, 3.99560308456], [4.76518297195, 4.58085536957, 4.80195188522, 5.24570608139, 6.04704618454, 5.11153459549], [4.07160329819, 3.36643433571, 3.52596402168, 3.99560308456, 5.11153459549, 5.09618806839]]
    }
},
"rhythm": {
    "beats_loudness": {
        "kurt": -0.669947862625,
        "max": 0.0189100243151,
        "mean": 0.00501997256652,
        "median": 0.000567399838474,
        "min": 3.50667651219e-05,
        "skew": 1.15049946308,
        "var": 6.43896055408e-05
    },
    "bpm": 172.265640259,
    "confidence": 0,
    "first_peak_bpm": {
        "kurt": 0,
        "max": 172,
        "mean": 172,
        "median": 172,
        "min": 172,
        "skew": 0,
        "var": 0
    },
    "first_peak_spread": {
        "kurt": 0,
        "max": 0,
        "mean": 0,
        "median": 0,
        "min": 0,
        "skew": 0,
        "var": 0
    },
    "first_peak_weight": {
        "kurt": 0,
        "max": 0.666666686535,
        "mean": 0.666666686535,
        "median": 0.666666686535,
        "min": 0.666666686535,
        "skew": 0,
        "var": 0
    },
    "onset_rate": 2.84226417542,
    "second_peak_bpm": {
        "kurt": 0,
        "max": 178,
        "mean": 178,
        "median": 178,
        "min": 178,
        "skew": 0,
        "var": 0
    },
    "second_peak_spread": {
        "kurt": 0,
        "max": 0,
        "mean": 0,
        "median": 0,
        "min": 0,
        "skew": 0,
        "var": 0
    },
    "second_peak_weight": {
        "kurt": 0,
        "max": 0.333333343267,
        "mean": 0.333333343267,
        "median": 0.333333343267,
        "min": 0.333333343267,
        "skew": 0,
        "var": 0
    },
    "beats_loudness_band_ratio": {
        "kurt": [-0.795254707336, -0.986383676529, -0.988154411316, -0.813384056091, -0.88735127449, -1.00395083427],
        "max": [0.0274508148432, 0.472290068865, 0.500850319862, 0.237372472882, 0.27084723115, 0.427698731422],
        "mean": [0.0125808827579, 0.242577046156, 0.364471673965, 0.153109431267, 0.131064295769, 0.147732377052],
        "median": [0.00869661569595, 0.207291662693, 0.425531446934, 0.135531485081, 0.107757687569, 0.0800517499447],
        "min": [0.00547948526219, 0.0834347903728, 0.105973534286, 0.104002319276, 0.0378945507109, 0.00312730763108],
        "skew": [1.00636160374, 0.653040528297, -0.822760641575, 0.911589086056, 0.746489524841, 0.811705827713],
        "var": [7.71964114392e-05, 0.0206889268011, 0.0249785743654, 0.00254129781388, 0.00736365886405, 0.0294459238648],
        "cov": [[0.000102928548586, -0.000805681571364, -0.00183655449655, -0.000392074085539, 0.000851220684126, 0.0018050171202], [-0.000805681571364, 0.0275852363557, 0.0110018337145, 0.00201137945987, -0.0138117773458, -0.0258322972804], [-0.00183655449655, 0.0110018337145, 0.0333047658205, 0.00717988843098, -0.0140474000946, -0.0303643215448], [-0.000392074085539, 0.00201137945987, 0.00717988843098, 0.00338839716278, -0.00205384357832, -0.00776242045686], [0.000851220684126, -0.0138117773458, -0.0140474000946, -0.00205384357832, 0.00981821212918, 0.0181951858103], [0.0018050171202, -0.0258322972804, -0.0303643215448, -0.00776242045686, 0.0181951858103, 0.0392612330616]]
    },
    "beats_position": [0.31346938014, 0.650158703327, 0.99845802784, 1.34675729275],
    "bpm_estimates": [172.265625, 172.265655518],
    "bpm_intervals": [0.336689323187, 0.348299324512, 0.348299264908],
    "onset_times": [0.197369620204, 0.9287981987, 1.13777780533, 1.33514738083, 1.66022670269],
    "histogram": [[0, 0, 0, 0, 0, 0, 0, 0, 0, 0, 0, 0, 0, 0, 0, 0, 0, 0, 0, 0, 0, 0, 0, 0, 0, 0, 0, 0, 0, 0, 0, 0, 0, 0, 0, 0, 0, 0, 0, 0, 0, 0, 0, 0, 0, 0, 0, 0, 0, 0, 0, 0, 0, 0, 0, 0, 0, 0, 0, 0, 0, 0, 0, 0, 0, 0, 0, 0, 0, 0, 0, 0, 0, 0, 0, 0, 0, 0, 0, 0, 0, 0, 0, 0, 0, 0, 0, 0, 0, 0, 0, 0, 0, 0, 0, 0, 0, 0, 0, 0, 0, 0, 0, 0, 0, 0, 0, 0, 0, 0, 0, 0, 0, 0, 0, 0, 0, 0, 0, 0, 0, 0, 0, 0, 0, 0, 0, 0, 0, 0, 0, 0, 0, 0, 0, 0, 0, 0, 0, 0, 0, 0, 0, 0, 0, 0, 0, 0, 0, 0, 0, 0, 0, 0, 0, 0, 0, 0, 0, 0, 0, 0, 0, 0, 0, 0, 0, 0, 0, 0, 0, 0, 0.666666686535, 0, 0, 0, 0, 0, 0.333333343267, 0, 0, 0, 0, 0, 0, 0, 0, 0, 0, 0, 0, 0, 0, 0, 0, 0, 0, 0, 0, 0, 0, 0, 0, 0, 0, 0, 0, 0, 0, 0, 0, 0, 0, 0, 0, 0, 0, 0, 0, 0, 0, 0, 0, 0, 0, 0, 0, 0, 0, 0, 0, 0, 0, 0, 0, 0, 0, 0, 0, 0, 0, 0, 0, 0, 0, 0, 0, 0, 0, 0]]
},
"sfx": {
    "inharmonicity": {
        "kurt": 0.41296172142,
        "max": 0.326922953129,
        "mean": 0.0707068219781,
        "median": 0.0462792143226,
        "min": 0,
        "skew": 1.08065521717,
        "var": 0.00629175966606
    },
    "oddtoevenharmonicenergyratio": {
        "kurt": 0.911828517914,
        "max": 2.96881771088,
        "mean": 0.579662680626,
        "median": 0.237840548158,
        "min": 0,
        "skew": 1.30919086933,
        "var": 0.510274112225
    },
    "pitch_after_max_to_before_max_energy_ratio": 0.261658728123,
    "pitch_centroid": 33.118270874,
    "pitch_max_to_total": 0.779220759869,
    "pitch_min_to_total": 0.402597397566,
    "tristimulus": {
        "kurt": [-1.52017462254, -1.28894889355, -0.803052663803],
        "max": [1, 0.720998942852, 0.90047454834],
        "mean": [0.4884506464, 0.257125973701, 0.254423350096],
        "median": [0.397772103548, 0.289815574884, 0.210087642074],
        "min": [0, 0, 0],
        "skew": [0.24754101038, 0.0077011375688, 0.563449084759],
        "var": [0.153846263885, 0.0430188067257, 0.0583968274295],
        "cov": [[0.155870556831, -0.0701451078057, -0.0857255160809], [-0.0701451078057, 0.0435848422348, 0.0265602692962], [-0.0857255160809, 0.0265602692962, 0.0591652095318]]
    }
},
"tonal": {
    "chords_changes_rate": 0.0512820519507,
    "chords_number_rate": 0.0769230797887,
    "chords_strength": {
        "kurt": -0.453184604645,
        "max": 0.534426689148,
        "mean": 0.452597141266,
        "median": 0.477867186069,
        "min": 0.304409950972,
        "skew": -0.835583925247,
        "var": 0.00449182279408
    },
    "key_strength": 0.738702356815,
    "tuning_diatonic_strength": 0.508917927742,
    "tuning_equal_tempered_deviation": 0.269320040941,
    "tuning_frequency": 435.700531006,
    "tuning_nontempered_energy_ratio": 0.886640250683,
    "hpcp": {
        "kurt": [-1.00007534027, -1.03327333927, -0.694164991379, 0.885926961899, 0.308068752289, 0.480284452438, 1.55619239807, 0.114805459976, -0.3288230896, -0.280569314957, 2.99188995361, 0.208764791489, -0.709438085556, 0.504288434982, -0.335124969482, -0.465018749237, -0.976296424866, -0.754032611847, -0.153599739075, -0.260165452957, 0.158689022064, 0.375658988953, 2.78150463104, 0.418767690659, 1.31387996674, -0.789581775665, 0.348438262939, -0.499489068985, -0.538183689117, -0.704030990601, -0.409916639328, -0.977946281433, -0.309864282608, -0.0669238567352, 0.231503725052, -0.0734763145447],
        "max": [1, 1, 1, 1, 0.779851138592, 0.953216195107, 1, 0.942190587521, 0.814661443233, 0.658889889717, 1, 0.884839773178, 0.716171562672, 1, 0.980560898781, 1, 0.876572489738, 1, 1, 1, 0.900025248528, 0.659600973129, 1, 0.784588038921, 1, 0.788871765137, 1, 1, 1, 1, 1, 1, 1, 0.809174478054, 0.81471902132, 1],
        "mean": [0.407362580299, 0.410046190023, 0.34691375494, 0.295894145966, 0.243006557226, 0.232464373112, 0.25007969141, 0.283904016018, 0.266511052847, 0.211515769362, 0.229065895081, 0.269063055515, 0.257424473763, 0.259740203619, 0.314643710852, 0.364092588425, 0.374665051699, 0.363604038954, 0.347473204136, 0.322186082602, 0.257017761469, 0.191275686026, 0.20864109695, 0.246495813131, 0.262409031391, 0.277119159698, 0.330137580633, 0.388906598091, 0.388336777687, 0.3682949543, 0.359041422606, 0.380674481392, 0.342073976994, 0.249565705657, 0.234329268336, 0.304290294647],
        "median": [0.403545320034, 0.352819770575, 0.324547678232, 0.223659276962, 0.179720506072, 0.119242809713, 0.149998798966, 0.245772004128, 0.254916936159, 0.150439679623, 0.186381980777, 0.195762515068, 0.183075532317, 0.149199128151, 0.241560533643, 0.290788471699, 0.382797777653, 0.254318922758, 0.301029533148, 0.222111687064, 0.145769238472, 0.140512168407, 0.139663740993, 0.215616971254, 0.230893030763, 0.198921233416, 0.282558262348, 0.368528783321, 0.406370967627, 0.384562522173, 0.318497508764, 0.340278685093, 0.304552346468, 0.188297212124, 0.175223976374, 0.238222524524],
