{
"metadata": {
    "version": {
        "essentia": "2.1-beta3"
    }
},
"lowLevel": {
    "average_loudness": 0.99068403244,
    "barkbands_kurtosis": {
        "kurt": 0.81600022316,
        "max": 13.1306400299,
        "mean": 1.77286958694,
        "median": 1.0774769783,
        "min": -1.84632790089,
        "skew": 1.1070047617,
        "var": 11.0050086975
    },
    "barkbands_skewness": {
        "kurt": -0.506966114044,
        "max": 3.0907664299,
        "mean": 0.517099797726,
        "median": 0.896187901497,
        "min": -3.13251972198,
        "skew": -0.497179299593,
        "var": 1.93752121925
    },
    "barkbands_spread": {
        "kurt": -0.838846206665,
        "max": 51.3770828247,
        "mean": 20.6990776062,
        "median": 18.1638946533,
        "min": 4.58943462372,
        "skew": 0.506950199604,
        "var": 163.135971069
    },
    "dissonance": {
        "kurt": 5.75380992889,
        "max": 0.499964416027,
        "mean": 0.468981444836,
        "median": 0.480501621962,
        "min": 0.322153657675,
        "skew": -2.16589069366,
        "var": 0.000995966140181
    },
    "hfc": {
        "kurt": 3.86763477325,
        "max": 39.2631759644,
        "mean": 4.6903181076,
        "median": 0.201134994626,
        "min": 1.22777624228e-16,
        "skew": 2.16986513138,
        "var": 82.2863082886
    },
    "pitch": {
        "kurt": -1.36451840401,
        "max": 5247.91210938,
        "mean": 1777.24267578,
        "median": 432.886749268,
        "min": 97.7585525513,
        "skew": 0.580579280853,
        "var": 3394466.5
    },
    "pitch_instantaneous_confidence": {
        "kurt": 0.198595285416,
        "max": 0.89121556282,
        "mean": 0.388808250427,
        "median": 0.330676734447,
        "min": 0.117855191231,
        "skew": 1.10568225384,
        "var": 0.0368162468076
    },
    "pitch_salience": {
        "kurt": 0.0943882465363,
        "max": 0.926741182804,
        "mean": 0.764169633389,
        "median": 0.764399170876,
        "min": 0.654465913773,
        "skew": 0.378656238317,
        "var": 0.0036808969453
    },
    "silence_rate_20dB": {
        "kurt": 0,
        "max": 1,
        "mean": 1,
        "median": 1,
        "min": 1,
        "skew": 0,
        "var": 0
    },
    "silence_rate_30dB": {
        "kurt": 0,
        "max": 1,
        "mean": 1,
        "median": 1,
        "min": 1,
        "skew": 0,
        "var": 0
    },
    "silence_rate_60dB": {
        "kurt": 0.722214221954,
        "max": 1,
        "mean": 0.818181812763,
        "median": 1,
        "min": 0,
        "skew": -1.64991152287,
        "var": 0.148760572076
    },
    "spectral_centroid": {
        "kurt": 19.5550556183,
        "max": 11257.7597656,
        "mean": 1695.79833984,
        "median": 1184.50439453,
        "min": 442.714935303,
        "skew": 3.5836353302,
        "var": 2219053
    },
    "spectral_complexity": {
        "kurt": 2.43532037735,
        "max": 53,
        "mean": 7.64935064316,
        "median": 0,
        "min": 0,
        "skew": 1.96710336208,
        "var": 216.799102783
    },
    "spectral_crest": {
        "kurt": 0.252839326859,
        "max": 19.9544296265,
        "mean": 8.40338230133,
        "median": 7.80069923401,
        "min": 2.55060577393,
        "skew": 0.742500126362,
        "var": 12.7527341843
    },
    "spectral_decrease": {
        "kurt": 2.75189352036,
        "max": -5.71114904597e-29,
        "mean": -4.23765245117e-10,
        "median": -5.16458958932e-11,
        "min": -3.00567948308e-09,
        "skew": -1.99775063992,
        "var": 5.76062433857e-19
    },
    "spectral_energy": {
        "kurt": 3.00272321701,
        "max": 0.0149054117501,
        "mean": 0.00202481425367,
        "median": 0.000208319703233,
        "min": 1.13518414091e-20,
        "skew": 2.03571891785,
        "var": 1.34756255648e-05
    },
    "spectral_energyband_high": {
        "kurt": 2.94784116745,
        "max": 0.002536554588,
        "mean": 0.000317581201671,
        "median": 3.12103793476e-06,
        "min": 8.03452888214e-21,
        "skew": 2.02456951141,
        "var": 4.02706575642e-07
    },
    "spectral_energyband_low": {
        "kurt": 41.2335319519,
        "max": 0.00134103361052,
        "mean": 4.93286352139e-05,
        "median": 2.34512683051e-07,
        "min": 3.34572507538e-23,
        "skew": 6.0320520401,
        "var": 2.88062391718e-08
    },
    "spectral_energyband_middle_high": {
        "kurt": 5.63641452789,
        "max": 0.0110575184226,
        "mean": 0.00112828868441,
        "median": 7.01144672348e-05,
        "min": 1.64189131581e-21,
        "skew": 2.51069736481,
        "var": 5.57693465453e-06
    },
    "spectral_energyband_middle_low": {
        "kurt": 3.55003118515,
        "max": 0.0037734140642,
        "mean": 0.000565825612284,
        "median": 0.000147564816871,
        "min": 6.05371353796e-22,
        "skew": 2.09665393829,
        "var": 8.85110239324e-07
    },
    "spectral_flatness_db": {
        "kurt": -0.66748046875,
        "max": 0.282691985369,
        "mean": 0.196814790368,
        "median": 0.2083992064,
        "min": 0.0683301463723,
        "skew": -0.39551576972,
        "var": 0.00245854933746
    },
    "spectral_flux": {
        "kurt": -0.128236055374,
        "max": 0.0863278210163,
        "mean": 0.0229758061469,
        "median": 0.0109738316387,
        "min": 1.06545022804e-10,
        "skew": 1.07890284061,
        "var": 0.000591461372096
    },
    "spectral_kurtosis": {
        "kurt": 1.28840827942,
        "max": 37.5956230164,
        "mean": 8.81448364258,
        "median": 5.85939025879,
        "min": -1.12263584137,
        "skew": 1.35513854027,
        "var": 76.8402023315
    },
    "spectral_rms": {
        "kurt": 0.521279335022,
        "max": 0.00381337967701,
        "mean": 0.000924776133616,
        "median": 0.000450820080005,
        "min": 3.3279073941e-12,
        "skew": 1.32934784889,
        "var": 1.12021791665e-06
    },
    "spectral_rolloff": {
        "kurt": 20.8487854004,
        "max": 18260.15625,
        "mean": 2706.75170898,
        "median": 2239.453125,
        "min": 516.796875,
        "skew": 3.58755159378,
        "var": 5681030.5
    },
    "spectral_skewness": {
        "kurt": -0.533296108246,
        "max": 5.40396928787,
        "mean": 2.01421189308,
        "median": 1.60332083702,
        "min": -0.268080353737,
        "skew": 0.521826386452,
        "var": 1.62084650993
    },
    "spectral_spread": {
        "kurt": 43.8132362366,
        "max": 39095016,
        "mean": 4418875,
        "median": 3778102.75,
        "min": 1466668.625,
        "skew": 6.26970815659,
        "var": 2.02425268961e+13
    },
    "spectral_strongpeak": {
        "kurt": 14.1346225739,
        "max": 2.46521067619,
        "mean": 0.200185567141,
        "median": 0.0448304228485,
        "min": 1.71605285537e-09,
        "skew": 3.69576311111,
        "var": 0.185440927744
    },
    "zerocrossingrate": {
        "kurt": 30.1537590027,
        "max": 0.4892578125,
        "mean": 0.079621553421,
        "median": 0.0703125,
        "min": 0.0126953125,
        "skew": 4.62482786179,
        "var": 0.00333353411406
    },
    "barkbands": {
        "kurt": [31.7175979614, 32.6060180664, 47.9030838013, 15.0293827057, 7.01630592346, 17.0541496277, 18.8560237885, 4.2895565033, 11.1597700119, 6.27210712433, 4.29532384872, 2.23508071899, 3.49456357956, 6.29897785187, 8.15966129303, 17.3300971985, 26.5571708679, 7.12766265869, 3.2719335556, 4.59741067886, 9.27040863037, 10.6162805557, 13.1619338989, 10.6302194595, 6.2917547226, 19.0829181671, 19.6213340759],
        "max": [1.56772239279e-06, 0.000196440523723, 0.0006803504657, 0.000787994300481, 0.00135404488537, 0.0017784825759, 0.00148454320151, 0.000436149188317, 0.000691350374836, 0.000445833022241, 0.000254944869084, 0.000229044366279, 0.000277523329714, 0.000375155970687, 0.000750292034354, 0.00223557231948, 0.00247587286867, 0.0022473342251, 0.00234205462039, 0.00168384704739, 0.00221559708007, 0.000396507035475, 7.39276147215e-05, 2.28120316024e-05, 1.60362615134e-05, 3.12017533588e-07, 3.29048210901e-09],
        "mean": [5.35788338141e-08, 6.48920376989e-06, 2.1145966457e-05, 4.99516972923e-05, 0.000124045123812, 0.000144571211422, 0.000108344385808, 5.72823919356e-05, 6.55753392493e-05, 5.35579056304e-05, 3.56515702151e-05, 3.39318903571e-05, 3.75291565433e-05, 4.13722409576e-05, 7.01567842043e-05, 0.000129748063046, 0.000123415651615, 0.000219805093366, 0.000283397879684, 0.000190987208043, 0.000188152698684, 3.14840617648e-05, 4.82899849885e-06, 1.69040333731e-06, 1.62887033639e-06, 1.79483592433e-08, 1.79118428423e-10],
        "median": [5.69942287809e-11, 1.01401722574e-08, 7.5042535741e-08, 1.82082274591e-07, 9.72073030425e-06, 4.60151968582e-05, 2.12864797504e-05, 9.13164149097e-06, 1.317517399e-05, 1.04735627247e-05, 9.91023625829e-06, 7.26776897864e-06, 3.17629883284e-06, 3.13732880386e-06, 2.82137580143e-06, 1.98879183699e-06, 2.55358327195e-06, 1.89076843071e-06, 4.70523764307e-06, 1.32389209284e-06, 1.09577206331e-06, 1.88808385815e-07, 1.83196853243e-08, 2.89354473715e-09, 3.85620140264e-08, 1.0949131185e-10, 8.80724573132e-12],
        "min": [5.66262501568e-25, 4.42664682128e-24, 2.08800074683e-23, 1.7568897925e-23, 8.42197179418e-23, 2.29033883586e-23, 5.23381064057e-23, 1.07336655681e-22, 2.53450053147e-22, 1.11915002426e-22, 9.60347212221e-23, 5.97844232365e-23, 1.04918298446e-22, 1.6166078568e-22, 1.59535632266e-22, 1.65229478819e-22, 8.73734765558e-23, 2.86356887248e-22, 3.29444974763e-22, 3.46661075158e-22, 4.72669298537e-22, 4.87498621378e-22, 4.62852435753e-22, 1.15682662694e-21, 1.18150562918e-21, 1.83400300334e-21, 2.42234652312e-21],
        "skew": [5.38403606415, 5.84346723557, 6.65678119659, 3.73953223228, 2.71734976768, 3.72367835045, 3.95499801636, 2.10892176628, 3.00137543678, 2.42131876945, 2.14176225662, 1.74991452694, 2.08391046524, 2.63938212395, 2.98757886887, 4.06657648087, 4.80243825912, 2.77964496613, 2.1868929863, 2.37547302246, 3.01551198959, 3.15636181831, 3.55855488777, 3.25501418114, 2.64916920662, 3.94283103943, 4.16242694855],
        "var": [4.5919285762e-14, 9.47757761161e-10, 6.9968182359e-09, 1.7769586691e-08, 7.19096249213e-08, 7.27473761231e-08, 4.89129057257e-08, 8.25281798456e-09, 1.30756268035e-08, 7.60435803215e-09, 3.10193315478e-09, 2.78167089363e-09, 4.42758762986e-09, 7.21629644929e-09, 2.81501719712e-08, 1.37445582027e-07, 1.2189327947e-07, 2.5091912903e-07, 3.83251347102e-07, 1.75885119802e-07, 1.91327643506e-07, 5.26697796488e-09, 1.67357239178e-10, 1.87309247973e-11, 1.17738891553e-11, 2.16927318902e-15, 2.46977907085e-19],
        "cov": [[4.65234845277e-14, 5.56982281477e-12, 9.64558381084e-12, 1.11459686966e-11, 2.91939909747e-11, 1.4284112955e-11, 1.32654972076e-11, 9.39704997843e-12, 1.08064460158e-11, 4.53798153568e-12, 4.5883518339e-12, 4.46009808946e-12, 8.23914894643e-12, 1.02092943474e-11, 1.96236134981e-11, 4.65920392545e-11, 3.72228636802e-11, 5.71579727993e-11, 6.87980158953e-11, 4.1912855131e-11, 1.83369708306e-11, 7.89979973798e-12, 1.34523490437e-12, 3.85824916937e-13, 1.69729491963e-13, 2.94378995159e-15, 3.80307991227e-18], [5.56982281477e-12, 9.60228341285e-10, 1.9685431063e-09, 1.86142545822e-09, 4.66573002456e-09, 1.79253500932e-09, 1.39304578983e-09, 9.58743084922e-10, 9.60924118054e-10, 4.24715984604e-10, 4.7587755958e-10, 4.95116281307e-10, 7.67692964754e-10, 8.81569262035e-10, 1.30511301766e-09, 3.41181349839e-09, 2.77586220676e-09, 3.98965038784e-09, 5.40720312969e-09, 3.78399844791e-09, 1.13589582185e-09, 4.44226683216e-10, 8.87110038206e-11, 2.4293629608e-11, 6.55242179959e-12, 1.71237712052e-13, -6.41239781153e-16], [9.64558381084e-12, 1.9685431063e-09, 7.08888148182e-09, 7.58044915727e-09, 1.47043959231e-08, 4.90889107141e-09, 4.72334837909e-09, 2.04308947538e-09, 2.65375121877e-09, 1.98972283094e-09, 1.3465408788e-09, 1.25544075136e-09, 1.73484548949e-09, 2.80698531085e-09, 5.99466920548e-09, 9.41785760489e-09, 9.89581394606e-09, 1.57881494545e-08, 1.52931907138e-08, 1.5874640269e-08, 5.1434527748e-09, 1.7273854569e-09, 4.10346562285e-10, 1.0100658504e-10, 3.28003076089e-11, 8.2093495413e-13, 2.63392179432e-15], [1.11459686966e-11, 1.86142545822e-09, 7.58044915727e-09, 1.80033961072e-08, 2.99197715492e-08, 1.60485971179e-08, 1.38760212209e-08, 6.60438770339e-09, 6.71703137556e-09, 7.1590711137e-09, 3.65271124458e-09, 3.95076549253e-09, 5.17506082431e-09, 7.70557928575e-09, 1.45970657783e-08, 2.6533053088e-08, 2.86472108257e-08, 4.49385915147e-08, 5.42728386677e-08, 4.34492903878e-08, 1.72084497763e-08, 5.72498048967e-09, 1.0822837071e-09, 3.80001141664e-10, 1.54760884663e-10, 3.414076747e-12, 5.2688837451e-15], [2.91939909747e-11, 4.66573002456e-09, 1.47043959231e-08, 2.99197715492e-08, 7.28558049445e-08, 4.44218031248e-08, 3.25986881933e-08, 1.89500042325e-08, 1.68078013729e-08, 1.55597010831e-08, 7.06590475019e-09, 7.61574625585e-09, 1.12826796794e-08, 1.55562815962e-08, 2.5979829843e-08, 5.13711100325e-08, 4.84370517029e-08, 8.18721233031e-08, 1.15848195037e-07, 8.35408542343e-08, 3.30255573999e-08, 1.18786740444e-08, 1.77307790672e-09, 6.12150774515e-10, 2.50539949898e-10, 4.69278218715e-12, 1.44234654907e-15], [1.4284112955e-11, 1.79253500932e-09, 4.90889107141e-09, 1.60485971179e-08, 4.44218031248e-08, 7.37045766641e-08, 4.14253307213e-08, 1.68452256588e-08, 2.23459206694e-08, 1.43139988751e-08, 9.61186152892e-09, 8.3331626044e-09, 1.26835351111e-08, 1.16277938389e-08, 2.09598347567e-08, 3.87012661918e-08, 3.91322672044e-08, 6.6691683287e-08, 1.16876158529e-07, 7.37445802201e-08, 3.6810970272e-08, 9.26847842919e-09, 1.57192026062e-09, 5.77862646622e-10, 2.55071852528e-10, 4.94904985049e-12, 1.11215104102e-14], [1.32654972076e-11, 1.39304578983e-09, 4.72334837909e-09, 1.38760212209e-08, 3.25986881933e-08, 4.14253307213e-08, 4.95564975722e-08, 1.46738754481e-08, 2.30431886905e-08, 1.4919486091e-08, 7.23650828149e-09, 6.46657083436e-09, 1.03054347278e-08, 1.04461230777e-08, 2.22989520182e-08, 3.41014754213e-08, 2.89714598978e-08, 6.70313724527e-08, 1.04688119507e-07, 6.93579380595e-08, 3.2364226854e-08, 8.39809111142e-09, 1.47797840633e-09, 6.01710625769e-10, 2.3323912246e-10, 4.42546563631e-12, 8.02252432915e-15], [9.39704997843e-12, 9.58743084922e-10, 2.04308947538e-09, 6.60438770339e-09, 1.89500042325e-08, 1.68452256588e-08, 1.46738754481e-08, 8.36140756633e-09, 7.85323095442e-09, 5.8007985082e-09, 2.96165225677e-09, 3.60571750235e-09, 4.86012741163e-09, 6.09756378722e-09, 9.38332345157e-09, 1.99180050231e-08, 1.75695085147e-08, 3.00336644443e-08, 4.3627903068e-08, 3.01739291331e-08, 1.49742440669e-08, 4.48695125499e-09, 6.91686041776e-10, 2.32138863687e-10, 1.23584434353e-10, 1.91490248137e-12, 2.07617791537e-15], [1.08064460158e-11, 9.60924118054e-10, 2.65375121877e-09, 6.71703137556e-09, 1.68078013729e-08, 2.23459206694e-08, 2.30431886905e-08, 7.85323095442e-09, 1.32476740689e-08, 6.90304924333e-09, 4.24392210263e-09, 3.72181796493e-09, 6.0976552696e-09, 6.73610456303e-09, 1.36785143212e-08, 2.43456934612e-08, 2.21468585693e-08, 3.84324927438e-08, 5.59602142403e-08, 3.85174914186e-08, 1.78541270657e-08, 5.26337418094e-09, 9.75431735384e-10, 3.37199795863e-10, 1.5482137794e-10, 2.79579462879e-12, 5.07960364512e-15], [4.53798153568e-12, 4.24715984604e-10, 1.98972283094e-09, 7.1590711137e-09, 1.55597010831e-08, 1.43139988751e-08, 1.4919486091e-08, 5.8007985082e-09, 6.90304924333e-09, 7.70441577203e-09, 3.26924376459e-09, 3.21321147467e-09, 4.50829551468e-09, 5.02555241866e-09, 9.93999638155e-09, 1.7286946985e-08, 1.4352508515e-08, 3.21747073428e-08, 4.16588505914e-08, 2.6560362798e-08, 1.455765819e-08, 4.06773104089e-09, 6.72036926108e-10, 2.69733624325e-10, 1.23316398759e-10, 1.95861469404e-12, 2.99433134876e-15], [4.5883518339e-12, 4.7587755958e-10, 1.3465408788e-09, 3.65271124458e-09, 7.06590475019e-09, 9.61186152892e-09, 7.23650828149e-09, 2.96165225677e-09, 4.24392210263e-09, 3.26924376459e-09, 3.14274806179e-09, 2.07713490852e-09, 2.68387112534e-09, 2.96392266286e-09, 6.30983265637e-09, 1.35181865701e-08, 1.3162605228e-08, 1.86517361556e-08, 2.12262794008e-08, 1.54463783986e-08, 1.36380124971e-08, 2.61671884161e-09, 4.63744043167e-10, 1.63310850954e-10, 1.10885384208e-10, 1.8683839198e-12, 5.91237848678e-15], [4.46009808946e-12, 4.95116281307e-10, 1.25544075136e-09, 3.95076549253e-09, 7.61574625585e-09, 8.3331626044e-09, 6.46657083436e-09, 3.60571750235e-09, 3.72181796493e-09, 3.21321147467e-09, 2.07713490852e-09, 2.81827183812e-09, 2.81946377356e-09, 3.16109693976e-09, 4.8771182648e-09, 9.31971744222e-09, 9.40326216892e-09, 1.55883554953e-08, 1.99978824611e-08, 1.48645140641e-08, 8.67084626321e-09, 1.96646365858e-09, 3.73218761451e-10, 1.20911128332e-10, 7.18044790293e-11, 1.16650482676e-12, 4.21548350223e-15], [8.23914894643e-12, 7.67692964754e-10, 1.73484548949e-09, 5.17506082431e-09, 1.12826796794e-08, 1.26835351111e-08, 1.03054347278e-08, 4.86012741163e-09, 6.0976552696e-09, 4.50829551468e-09, 2.68387112534e-09, 2.81946377356e-09, 4.48584502877e-09, 5.10971709389e-09, 8.94567442344e-09, 1.84899846545e-08, 1.64039217765e-08, 2.78021907718e-08, 3.60831364787e-08, 2.35764527901e-08, 1.25152892494e-08, 3.80128994948e-09, 6.98043789438e-10, 2.33225910806e-10, 1.07192511811e-10, 1.92708674539e-12, 3.25025790685e-15], [1.02092943474e-11, 8.81569262035e-10, 2.80698531085e-09, 7.70557928575e-09, 1.55562815962e-08, 1.16277938389e-08, 1.04461230777e-08, 6.09756378722e-09, 6.73610456303e-09, 5.02555241866e-09, 2.96392266286e-09, 3.16109693976e-09, 5.10971709389e-09, 7.31124760733e-09, 1.24328165541e-08, 2.64689408169e-08, 2.4834211132e-08, 3.67322492423e-08, 4.27654285318e-08, 3.26151230468e-08, 1.65803282215e-08, 5.41368327944e-09, 1.01953112619e-09, 3.07226161178e-10, 1.56648652383e-10, 2.783021643e-12, 5.62337550386e-15], [1.96236134981e-11, 1.30511301766e-09, 5.99466920548e-09, 1.45970657783e-08, 2.5979829843e-08, 2.09598347567e-08, 2.22989520182e-08, 9.38332345157e-09, 1.36785143212e-08, 9.93999638155e-09, 6.30983265637e-09, 4.8771182648e-09, 8.94567442344e-09, 1.24328165541e-08, 2.85205690176e-08, 5.70448612791e-08, 5.24133838553e-08, 8.1573759303e-08, 8.69329284114e-08, 6.11925230487e-08, 3.2800720362e-08, 1.12999778423e-08, 2.06922545765e-09, 6.80105249895e-10, 3.37756017599e-10, 6.04757043055e-12, 1.13296594396e-14], [4.65920392545e-11, 3.41181349839e-09, 9.41785760489e-09, 2.6533053088e-08, 5.13711100325e-08, 3.87012661918e-08, 3.41014754213e-08, 1.99180050231e-08, 2.43456934612e-08, 1.7286946985e-08, 1.35181865701e-08, 9.31971744222e-09, 1.84899846545e-08, 2.64689408169e-08, 5.70448612791e-08, 1.39254069609e-07, 1.2616177969e-07, 1.69812324202e-07, 1.72533077603e-07, 1.16094149405e-07, 7.13846119993e-08, 2.53388332538e-08, 4.35807434584e-09, 1.43615197512e-09, 8.13012934753e-10, 1.41589621971e-11, 8.04415246843e-15], [3.72228636802e-11, 2.77586220676e-09, 9.89581394606e-09, 2.86472108257e-08, 4.84370517029e-08, 3.91322672044e-08, 2.89714598978e-08, 1.75695085147e-08, 2.21468585693e-08, 1.4352508515e-08, 1.3162605228e-08, 9.40326216892e-09, 1.64039217765e-08, 2.4834211132e-08, 5.24133838553e-08, 1.2616177969e-07, 1.23497144955e-07, 1.5181551305e-07, 1.51884876232e-07, 1.14821830266e-07, 6.40461266244e-08, 2.25923635355e-08, 4.1698862141e-09, 1.31711430651e-09, 7.5005285316e-10, 1.39520279011e-11, 1.11537061325e-14], [5.71579727993e-11, 3.98965038784e-09, 1.57881494545e-08, 4.49385915147e-08, 8.18721233031e-08, 6.6691683287e-08, 6.70313724527e-08, 3.00336644443e-08, 3.84324927438e-08, 3.21747073428e-08, 1.86517361556e-08, 1.55883554953e-08, 2.78021907718e-08, 3.67322492423e-08, 8.1573759303e-08, 1.69812324202e-07, 1.5181551305e-07, 2.54220680063e-07, 2.82292120346e-07, 1.79586265858e-07, 1.02761831045e-07, 3.39846621955e-08, 5.96769433869e-09, 2.06986783269e-09, 1.03673047924e-09, 1.79343710022e-11, 2.75371004075e-14], [6.87980158953e-11, 5.40720312969e-09, 1.52931907138e-08, 5.42728386677e-08, 1.15848195037e-07, 1.16876158529e-07, 1.04688119507e-07, 4.3627903068e-08, 5.59602142403e-08, 4.16588505914e-08, 2.12262794008e-08, 1.99978824611e-08, 3.60831364787e-08, 4.27654285318e-08, 8.69329284114e-08, 1.72533077603e-07, 1.51884876232e-07, 2.82292120346e-07, 3.88294125742e-07, 2.31555631558e-07, 1.12192608981e-07, 3.74022661731e-08, 6.24990859066e-09, 2.27594521007e-09, 1.01740493808e-09, 1.78993660171e-11, 2.28156913257e-14], [4.1912855131e-11, 3.78399844791e-09, 1.5874640269e-08, 4.34492903878e-08, 8.35408542343e-08, 7.37445802201e-08, 6.93579380595e-08, 3.01739291331e-08, 3.85174914186e-08, 2.6560362798e-08, 1.54463783986e-08, 1.48645140641e-08, 2.35764527901e-08, 3.26151230468e-08, 6.11925230487e-08, 1.16094149405e-07, 1.14821830266e-07, 1.79586265858e-07, 2.31555631558e-07, 1.78199385914e-07, 8.48578238788e-08, 2.51510083871e-08, 4.81621631465e-09, 1.51899459677e-09, 7.13767045468e-10, 1.37989879939e-11, 3.26667336302e-14], [1.83369708306e-11, 1.13589582185e-09, 5.1434527748e-09, 1.72084497763e-08, 3.30255573999e-08, 3.6810970272e-08, 3.2364226854e-08, 1.49742440669e-08, 1.78541270657e-08, 1.455765819e-08, 1.36380124971e-08, 8.67084626321e-09, 1.25152892494e-08, 1.65803282215e-08, 3.2800720362e-08, 7.13846119993e-08, 6.40461266244e-08, 1.02761831045e-07, 1.12192608981e-07, 8.48578238788e-08, 1.9384511063e-07, 2.02473895428e-08, 2.70864419782e-09, 1.02651198652e-09, 1.19682808108e-09, 1.556300748e-11, 1.55579081519e-13], [7.89979973798e-12, 4.44226683216e-10, 1.7273854569e-09, 5.72498048967e-09, 1.18786740444e-08, 9.26847842919e-09, 8.39809111142e-09, 4.48695125499e-09, 5.26337418094e-09, 4.06773104089e-09, 2.61671884161e-09, 1.96646365858e-09, 3.80128994948e-09, 5.41368327944e-09, 1.12999778423e-08, 2.53388332538e-08, 2.25923635355e-08, 3.39846621955e-08, 3.74022661731e-08, 2.51510083871e-08, 2.02473895428e-08, 5.33628030652e-09, 8.51174075667e-10, 2.87493667761e-10, 1.77931336331e-10, 2.84665108326e-12, 9.66369216907e-15], [1.34523490437e-12, 8.87110038206e-11, 4.10346562285e-10, 1.0822837071e-09, 1.77307790672e-09, 1.57192026062e-09, 1.47797840633e-09, 6.91686041776e-10, 9.75431735384e-10, 6.72036926108e-10, 4.63744043167e-10, 3.73218761451e-10, 6.98043789438e-10, 1.01953112619e-09, 2.06922545765e-09, 4.35807434584e-09, 4.1698862141e-09, 5.96769433869e-09, 6.24990859066e-09, 4.81621631465e-09, 2.70864419782e-09, 8.51174075667e-10, 1.69559311036e-10, 5.20996301656e-11, 2.7138761724e-11, 4.99150959281e-13, 1.10753824782e-15], [3.85824916937e-13, 2.4293629608e-11, 1.0100658504e-10, 3.80001141664e-10, 6.12150774515e-10, 5.77862646622e-10, 6.01710625769e-10, 2.32138863687e-10, 3.37199795863e-10, 2.69733624325e-10, 1.63310850954e-10, 1.20911128332e-10, 2.33225910806e-10, 3.07226161178e-10, 6.80105249895e-10, 1.43615197512e-09, 1.31711430651e-09, 2.06986783269e-09, 2.27594521007e-09, 1.51899459677e-09, 1.02651198652e-09, 2.87493667761e-10, 5.20996301656e-11, 1.89773839004e-11, 9.99537692198e-12, 1.77871782516e-13, 3.10680303048e-16], [1.69729491963e-13, 6.55242179959e-12, 3.28003076089e-11, 1.54760884663e-10, 2.50539949898e-10, 2.55071852528e-10, 2.3323912246e-10, 1.23584434353e-10, 1.5482137794e-10, 1.23316398759e-10, 1.10885384208e-10, 7.18044790293e-11, 1.07192511811e-10, 1.56648652383e-10, 3.37756017599e-10, 8.13012934753e-10, 7.5005285316e-10, 1.03673047924e-09, 1.01740493808e-09, 7.13767045468e-10, 1.19682808108e-09, 1.77931336331e-10, 2.7138761724e-11, 9.99537692198e-12, 1.19288086353e-11, 1.35239367448e-13, 6.8258208288e-16], [2.94378995159e-15, 1.71237712052e-13, 8.2093495413e-13, 3.414076747e-12, 4.69278218715e-12, 4.94904985049e-12, 4.42546563631e-12, 1.91490248137e-12, 2.79579462879e-12, 1.95861469404e-12, 1.8683839198e-12, 1.16650482676e-12, 1.92708674539e-12, 2.783021643e-12, 6.04757043055e-12, 1.41589621971e-11, 1.39520279011e-11, 1.79343710022e-11, 1.78993660171e-11, 1.37989879939e-11, 1.556300748e-11, 2.84665108326e-12, 4.99150959281e-13, 1.77871782516e-13, 1.35239367448e-13, 2.19781608176e-15, 7.72515885464e-18], [3.80307991227e-18, -6.41239781153e-16, 2.63392179432e-15, 5.2688837451e-15, 1.44234654907e-15, 1.11215104102e-14, 8.02252432915e-15, 2.07617791537e-15, 5.07960364512e-15, 2.99433134876e-15, 5.91237848678e-15, 4.21548350223e-15, 3.25025790685e-15, 5.62337550386e-15, 1.13296594396e-14, 8.04415246843e-15, 1.11537061325e-14, 2.75371004075e-14, 2.28156913257e-14, 3.26667336302e-14, 1.55579081519e-13, 9.66369216907e-15, 1.10753824782e-15, 3.10680303048e-16, 6.8258208288e-16, 7.72515885464e-18, 2.50227615369e-19]]
    },
    "mfcc": {
        "kurt": [-1.03859734535, -0.582264184952, -1.13186275959, -1.18568408489, 1.03817033768, -0.330926179886, -0.792271375656, -0.452618360519, -0.687187433243, -0.712889194489, -0.415528774261, 0.806124210358, -0.514708280563],
        "max": [-603.349304199, 156.444519043, 32.345035553, 72.7594299316, -6.103515625e-05, 7.79209136963, 1.83695983887, -5.34057617188e-05, 12.8937606812, 7.11024665833, 4.83729171753, 6.70803833008, 9.22773742676],
        "mean": [-879.550231934, 96.5219421387, -35.994682312, 3.38842964172, -33.2452354431, -28.5834903717, -16.2505397797, -22.4184951782, -10.7331609726, -17.607591629, -8.86298561096, -8.76409626007, -6.45555257797],
        "median": [-912.790893555, 97.0912246704, -43.5077133179, -0.941825866699, -33.3272628784, -24.9495658875, -16.3874130249, -21.7425537109, -11.4607696533, -16.1767349243, -9.02717399597, -9.6891040802, -6.06777381897],
        "min": [-1138.42004395, 1.14440917969e-05, -92.0550765991, -51.2613601685, -86.0104522705, -81.0932159424, -36.5633468628, -51.9037628174, -35.3937149048, -47.1113586426, -29.1696834564, -30.8121833801, -23.8399524689],
        "skew": [0.374433547258, -0.268141299486, 0.381415069103, 0.182770892978, -0.809901475906, -0.612687110901, 0.0403543151915, -0.343466699123, -0.173240557313, -0.258421868086, -0.268496125937, -0.456033051014, -0.154016241431],
        "var": [22259.0117188, 1435.5802002, 1155.74401855, 1259.80212402, 300.304016113, 400.170898438, 88.963394165, 154.98387146, 113.314208984, 139.607528687, 49.3401145935, 45.6494522095, 47.4961662292],
        "cov": [[22551.8925781, 752.072692871, -3921.1328125, 3679.62329102, 116.788124084, 604.778625488, 416.966156006, 85.4079360962, 355.027618408, -96.9397201538, -100.368202209, -307.646728516, -327.530334473], [752.072692871, 1454.46936035, -389.015563965, -641.651550293, 88.7102813721, -147.773071289, -106.460700989, -130.554077148, -97.2225418091, -99.299407959, -139.757278442, 8.11013126373, -45.0742683411], [-3921.1328125, -389.015563965, 1170.95117188, -607.673583984, -90.6772384644, 197.461608887, -124.365608215, -5.70483875275, 34.7222824097, 47.2525253296, 32.031703949, 103.428039551, 43.3720970154], [3679.62329102, -641.651550293, -607.673583984, 1276.37854004, 11.7998399734, 122.902793884, 210.518554688, 145.45765686, 50.1264686584, 105.260818481, 66.2069015503, -65.3114624023, -6.25795173645], [116.788124084, 88.7102813721, -90.6772384644, 11.7998399734, 304.255371094, -62.7033424377, 32.1559486389, 148.824584961, -67.5223617554, 123.168663025, -14.7789735794, -8.5728931427, 49.2949943542], [604.778625488, -147.773071289, 197.461608887, 122.902793884, -62.7033424377, 405.436309814, 4.00086641312, -16.3904132843, 142.954849243, -22.8328838348, 0.79946821928, 63.0971374512, -49.1412086487], [416.966156006, -106.460700989, -124.365608215, 210.518554688, 32.1559486389, 4.00086641312, 90.133972168, 46.2567367554, -1.11220574379, 32.7395210266, 27.7530384064, -10.2923202515, 8.01771259308], [85.4079360962, -130.554077148, -5.70483875275, 145.45765686, 148.824584961, -16.3904132843, 46.2567367554, 157.023132324, -33.9944725037, 113.607849121, 19.8212966919, -6.05036211014, 45.9307632446], [355.027618408, -97.2225418091, 34.7222824097, 50.1264686584, -67.5223617554, 142.954849243, -1.11220574379, -33.9944725037, 114.80519104, -43.1513786316, 6.48849487305, 23.7727718353, -38.5683670044], [-96.9397201538, -99.299407959, 47.2525253296, 105.260818481, 123.168663025, -22.8328838348, 32.7395210266, 113.607849121, -43.1513786316, 141.444473267, 21.0458106995, -0.467776298523, 39.2136726379], [-100.368202209, -139.757278442, 32.031703949, 66.2069015503, -14.7789735794, 0.79946821928, 27.7530384064, 19.8212966919, 6.48849487305, 21.0458106995, 49.9893302917, -3.20275187492, 10.2435874939], [-307.646728516, 8.11013126373, 103.428039551, -65.3114624023, -8.5728931427, 63.0971374512, -10.2923202515, -6.05036211014, 23.7727718353, -0.467776298523, -3.20275187492, 46.2501029968, -2.29917168617], [-327.530334473, -45.0742683411, 43.3720970154, -6.25795173645, 49.2949943542, -49.1412086487, 8.01771259308, 45.9307632446, -38.5683670044, 39.2136726379, 10.2435874939, -2.29917168617, 48.1211166382]]
    },
    "sccoeffs": {
        "kurt": [0.688845872879, 0.867162466049, 1.77104711533, 1.11799860001, 0.304579019547, -0.0342018604279],
        "max": [-0.479706048965, -0.68389236927, -0.706902801991, -0.751667261124, -0.737247288227, -0.581110477448],
        "mean": [-0.645716011524, -0.813766956329, -0.847683310509, -0.849101006985, -0.831386446953, -0.742937147617],
        "median": [-0.641799747944, -0.81661272049, -0.852894306183, -0.849042534828, -0.82974922657, -0.734873116016],
        "min": [-0.960187733173, -0.949716687202, -0.953675091267, -0.958520591259, -0.95365858078, -0.96076387167],
        "skew": [-0.675207197666, -0.0541643500328, 0.667794585228, -0.0556804947555, -0.517415046692, -0.119927316904],
        "var": [0.00852412357926, 0.00195023149718, 0.00151672051288, 0.00122666510288, 0.00149907893501, 0.00641589518636],
        "cov": [[0.00863628368825, 0.0017564620357, 0.00189096329268, 0.00165422610007, 0.00181161577348, 0.00220354972407], [0.0017564620357, 0.00197589234449, 0.000548287294805, 0.000654654751997, 0.000578002189286, 0.00117367855273], [0.00189096329268, 0.000548287294805, 0.00153667735867, 0.000575563986786, 0.000684474420268, 0.000551085046027], [0.00165422610007, 0.000654654751997, 0.000575563986786, 0.00124280550517, 0.000744363118429, 0.000752795604058], [0.00181161577348, 0.000578002189286, 0.000684474420268, 0.000744363118429, 0.00151880364865, 0.000687651569024], [0.00220354972407, 0.00117367855273, 0.000551085046027, 0.000752795604058, 0.000687651569024, 0.00650031492114]]
    },
    "scvalleys": {
        "kurt": [22.4135627747, 39.4325370789, 34.5595932007, 25.2225227356, 16.341758728, 11.4041261673],
        "max": [-5.84168052673, -5.26267910004, -5.78791618347, -5.78920078278, -5.58689641953, -8.06711196899],
        "mean": [-10.1487197876, -7.50844287872, -8.0361289978, -8.79295444489, -9.3344783783, -12.2825450897],
        "median": [-10.5823421478, -7.09469795227, -7.56225728989, -8.42388916016, -9.19647502899, -12.7209568024],
        "min": [-27.228849411, -27.4638977051, -27.5723228455, -27.296207428, -27.5921878815, -27.2072620392],
        "skew": [-3.43344283104, -5.65906143188, -5.17149591446, -4.08709335327, -2.89745473862, -2.01281094551],
        "var": [6.68084859848, 6.99827337265, 7.13948917389, 7.41005325317, 8.75680732727, 6.87048196793],
        "cov": [[6.76875448227, 6.3184838295, 6.38356399536, 6.66650676727, 7.1364531517, 6.39453935623], [6.3184838295, 7.09035634995, 7.07362699509, 7.11434459686, 7.17201805115, 6.08179092407], [6.38356399536, 7.07362699509, 7.23342990875, 7.23876714706, 7.26662397385, 6.19492530823], [6.66650676727, 7.11434459686, 7.23876714706, 7.50755405426, 7.78314304352, 6.70417356491], [7.1364531517, 7.17201805115, 7.26662397385, 7.78314304352, 8.87202835083, 7.56332492828], [6.39453935623, 6.08179092407, 6.19492530823, 6.70417356491, 7.56332492828, 6.96088266373]]
    }
},
"rhythm": {
    "beats_loudness": {
        "kurt": -1.99999988079,
        "max": 0.000723147706594,
        "mean": 0.000382996193366,
        "median": 0.000382996193366,
        "min": 4.2844661948e-05,
        "skew": -1.32231292582e-07,
        "var": 1.15703059578e-07
    },
    "bpm": 101.332717896,
    "confidence": 0,
    "first_peak_bpm": {
        "kurt": 0,
        "max": 101,
        "mean": 101,
        "median": 101,
        "min": 101,
        "skew": 0,
        "var": 0
    },
    "first_peak_spread": {
        "kurt": 0,
        "max": 0,
        "mean": 0,
        "median": 0,
        "min": 0,
        "skew": 0,
        "var": 0
    },
    "first_peak_weight": {
        "kurt": 0,
        "max": 1,
        "mean": 1,
        "median": 1,
        "min": 1,
        "skew": 0,
        "var": 0
    },
    "onset_rate": 5.11152887344,
    "second_peak_bpm": {
        "kurt": 0,
        "max": 0,
        "mean": 0,
        "median": 0,
        "min": 0,
        "skew": 0,
        "var": 0
    },
    "second_peak_spread": {
        "kurt": 0,
        "max": 0,
        "mean": 0,
        "median": 0,
        "min": 0,
        "skew": 0,
        "var": 0
    },
    "second_peak_weight": {
        "kurt": 0,
        "max": 0,
        "mean": 0,
        "median": 0,
        "min": 0,
        "skew": 0,
        "var": 0
    },
    "beats_loudness_band_ratio": {
        "kurt": [-2, -2, -1.99999988079, -1.99999988079, -1.99999988079, -2],
        "max": [0.00788738578558, 0.466883003712, 0.459047853947, 0.209355890751, 0.0995861291885, 0.0140038933605],
        "mean": [0.0053952941671, 0.385458350182, 0.442286521196, 0.163316994905, 0.0600711889565, 0.00741903390735],
        "median": [0.0053952941671, 0.385458350182, 0.442286521196, 0.163316994905, 0.0600711889565, 0.00741903390735],
        "min": [0.00290320231579, 0.304033696651, 0.425525188446, 0.117278084159, 0.0205562487245, 0.000834174396005],
        "skew": [-1.72158877376e-07, 0, 0, -4.84650513499e-07, 0, 0],
        "var": [6.21052095084e-06, 0.00662997411564, 0.000280942273093, 0.00211958051659, 0.00156143051572, 4.33603745478e-05],
        "cov": [[1.24210419017e-05, 0.000405835395213, -8.35415557958e-05, -0.000229466342716, -0.000196949724341, -3.28201494995e-05], [0.000405835395213, 0.0132599482313, -0.00272957142442, -0.00749740377069, -0.00643498077989, -0.00107233982999], [-8.35415557958e-05, -0.00272957142442, 0.000561884546187, 0.00154334679246, 0.00132464617491, 0.000220742047532], [-0.000229466342716, -0.00749740377069, 0.00154334679246, 0.00423916103318, 0.00363844912499, 0.000606319401413], [-0.000196949724341, -0.00643498077989, 0.00132464617491, 0.00363844912499, 0.00312286103144, 0.000520400644746], [-3.28201494995e-05, -0.00107233982999, 0.000220742047532, 0.000606319401413, 0.000520400644746, 8.67207490955e-05]]
    },
    "beats_position": [0.568888902664, 1.16099774837],
    "bpm_estimates": [101.332717896],
    "bpm_intervals": [0.592108845711],
    "onset_times": [0.0696598663926, 0.487619042397, 0.719818592072, 0.835918366909, 1.04489791393, 1.24226760864, 1.28870749474, 1.42802715302, 1.53251695633],
    "histogram": [[0, 0, 0, 0, 0, 0, 0, 0, 0, 0, 0, 0, 0, 0, 0, 0, 0, 0, 0, 0, 0, 0, 0, 0, 0, 0, 0, 0, 0, 0, 0, 0, 0, 0, 0, 0, 0, 0, 0, 0, 0, 0, 0, 0, 0, 0, 0, 0, 0, 0, 0, 0, 0, 0, 0, 0, 0, 0, 0, 0, 0, 0, 0, 0, 0, 0, 0, 0, 0, 0, 0, 0, 0, 0, 0, 0, 0, 0, 0, 0, 0, 0, 0, 0, 0, 0, 0, 0, 0, 0, 0, 0, 0, 0, 0, 0, 0, 0, 0, 0, 0, 1, 0, 0, 0, 0, 0, 0, 0, 0, 0, 0, 0, 0, 0, 0, 0, 0, 0, 0, 0, 0, 0, 0, 0, 0, 0, 0, 0, 0, 0, 0, 0, 0, 0, 0, 0, 0, 0, 0, 0, 0, 0, 0, 0, 0, 0, 0, 0, 0, 0, 0, 0, 0, 0, 0, 0, 0, 0, 0, 0, 0, 0, 0, 0, 0, 0, 0, 0, 0, 0, 0, 0, 0, 0, 0, 0, 0, 0, 0, 0, 0, 0, 0, 0, 0, 0, 0, 0, 0, 0, 0, 0, 0, 0, 0, 0, 0, 0, 0, 0, 0, 0, 0, 0, 0, 0, 0, 0, 0, 0, 0, 0, 0, 0, 0, 0, 0, 0, 0, 0, 0, 0, 0, 0, 0, 0, 0, 0, 0, 0, 0, 0, 0, 0, 0, 0, 0, 0, 0, 0, 0, 0, 0, 0, 0, 0, 0, 0, 0]]
},
"sfx": {
    "inharmonicity": {
        "kurt": 1.68831348419,
        "max": 0.330964922905,
        "mean": 0.0600424483418,
        "median": 0.0262400563806,
        "min": 0,
        "skew": 1.57447659969,
        "var": 0.00675561046228
    },
    "oddtoevenharmonicenergyratio": {
        "kurt": 1.9968457222,
        "max": 2.85598659515,
        "mean": 0.515570163727,
        "median": 0.201782047749,
        "min": 0,
        "skew": 1.61605763435,
        "var": 0.496871888638
    },
    "pitch_after_max_to_before_max_energy_ratio": 0.393548965454,
    "pitch_centroid": 35.1569252014,
    "pitch_max_to_total": 0.779220759869,
    "pitch_min_to_total": 0.753246724606,
    "tristimulus": {
        "kurt": [-1.63302540779, -1.12848937511, 0.199987649918],
        "max": [1, 0.836279094219, 0.856436431408],
        "mean": [0.549076914787, 0.244108051062, 0.206815049052],
        "median": [0.464984089136, 0.258677393198, 0.141906991601],
        "min": [0, 0, 0],
        "skew": [-0.0300561413169, 0.276024311781, 0.997697591782],
        "var": [0.162907272577, 0.0519456900656, 0.0526924245059],
        "cov": [[0.165050789714, -0.0821471437812, -0.0829037055373], [-0.0821471437812, 0.0526291839778, 0.0295179337263], [-0.0829037055373, 0.0295179337263, 0.053385745734]]
    }
},
"tonal": {
    "chords_changes_rate": 0.17948718369,
    "chords_number_rate": 0.0512820519507,
    "chords_strength": {
        "kurt": -0.104692935944,
        "max": 0.484644532204,
        "mean": 0.383139014244,
        "median": 0.371353924274,
        "min": 0.33770018816,
        "skew": 0.907981812954,
        "var": 0.0013591615716
    },
    "key_strength": 0.530758261681,
    "tuning_diatonic_strength": 0.346347987652,
    "tuning_equal_tempered_deviation": 0.224820673466,
    "tuning_frequency": 443.316436768,
    "tuning_nontempered_energy_ratio": 0.900637924671,
    "hpcp": {
        "kurt": [-0.935837268829, -0.24260187149, 1.08176231384, 1.82952547073, 3.0423412323, 1.03422832489, -0.0157635211945, 3.35358095169, -0.420511007309, 0.993602514267, 1.6585187912, -0.918401002884, 1.11231565475, 0.0478405952454, 1.58947944641, 0.245331764221, -0.0608553886414, -0.108777046204, -0.78929066658, -0.3174700737, 3.08124160767, 3.11541318893, 2.68708467484, 1.18153429031, 0.0189533233643, 0.903624296188, -0.812242269516, -0.455137491226, -0.0549516677856, -0.106322288513, -0.314460515976, -0.726708173752, 0.0833075046539, -0.237176179886, -0.285871744156, -0.785077095032],
        "max": [0.956471264362, 0.861841499805, 0.868929326534, 1, 0.999316036701, 0.782907128334, 0.78645414114, 1, 0.575093567371, 0.757788777351, 0.80773550272, 0.609699189663, 1, 0.84170627594, 1, 1, 1, 1, 1, 1, 0.80092471838, 0.766463339329, 1, 0.98859000206, 0.750629365444, 1, 1, 1, 1, 1, 1, 1, 1, 1, 1, 1],
        "mean": [0.395938932896, 0.276339113712, 0.252758413553, 0.250336736441, 0.217045947909, 0.222281754017, 0.278389394283, 0.260199010372, 0.194167077541, 0.204295769334, 0.236986815929, 0.249393507838, 0.269281387329, 0.256791442633, 0.292986512184, 0.352562457323, 0.363251745701, 0.375599741936, 0.37560108304, 0.304615825415, 0.189527630806, 0.199227467179, 0.267486423254, 0.266858011484, 0.23606351018, 0.296580225229, 0.396537601948, 0.360320687294, 0.324840933084, 0.369891792536, 0.416571140289, 0.418594270945, 0.347093373537, 0.301634758711, 0.338500857353, 0.427506268024],
        "median": [0.396359831095, 0.204807847738, 0.211824536324, 0.165319725871, 0.118747293949, 0.153609231114, 0.228335559368, 0.205980718136, 0.152560770512, 0.141997888684, 0.184916093946, 0.229834973812, 0.213308155537, 0.219618543983, 0.214185297489, 0.288436830044, 0.313330888748, 0.300463438034, 0.26948428154, 0.163122460246, 0.150851160288, 0.166966363788, 0.235234692693, 0.179683446884, 0.200620308518, 0.255855590105, 0.318431913853, 0.284980148077, 0.306339532137, 0.33841535449, 0.394514113665, 0.421056956053, 0.27686470747, 0.148573458195, 0.240913808346, 0.354733407497],
        "min": [0, 0, 0, 0, 0, 0, 0, 0, 0, 0, 0, 0, 0, 0, 0, 0, 0, 0, 0, 0, 0, 0, 0, 0, 0, 0, 0, 0, 0, 0, 0, 0, 0, 0, 0, 0],
