{
"metadata": {
    "version": {
        "essentia": "2.1-beta3"
    }
},
"lowLevel": {
    "average_loudness": 0.99068403244,
    "barkbands_kurtosis": {
        "kurt": 0.800718069077,
        "max": 17.6710758209,
        "mean": 5.48720502853,
        "median": 4.99313640594,
        "min": -1.65324342251,
        "skew": 0.864206135273,
        "var": 14.9057073593
    },
    "barkbands_skewness": {
        "kurt": 6.59428977966,
        "max": 3.86066842079,
        "mean": 2.0190513134,
        "median": 2.06580066681,
        "min": -1.99732911587,
        "skew": -1.59912383556,
        "var": 0.670955300331
    },
    "barkbands_spread": {
        "kurt": 11.6958904266,
        "max": 41.5847892761,
        "mean": 9.07279109955,
        "median": 7.48807096481,
        "min": 3.1088912487,
        "skew": 3.21442747116,
        "var": 43.5239028931
    },
    "dissonance": {
        "kurt": 12.7844753265,
        "max": 0.498854666948,
        "mean": 0.457407444715,
        "median": 0.461442142725,
        "min": 0.283221006393,
        "skew": -2.50424575806,
        "var": 0.000859319523443
    },
    "hfc": {
        "kurt": 17.514125824,
        "max": 2.21728253365,
        "mean": 0.165742069483,
        "median": 0.0262755379081,
        "min": 2.74794865618e-06,
        "skew": 3.66257810593,
        "var": 0.106018215418
    },
    "pitch": {
        "kurt": 11.2242336273,
        "max": 3022.81933594,
        "mean": 498.788024902,
        "median": 387.032409668,
        "min": 82.5292739868,
        "skew": 3.56853699684,
        "var": 362635.75
    },
    "pitch_instantaneous_confidence": {
        "kurt": -0.0187926292419,
        "max": 0.720106184483,
        "mean": 0.392097294331,
        "median": 0.38458865881,
        "min": 0.0977990627289,
        "skew": 0.541812539101,
        "var": 0.0170541163534
    },
    "pitch_salience": {
        "kurt": 2.33548069,
        "max": 0.949075639248,
        "mean": 0.729717433453,
        "median": 0.735632479191,
        "min": 0.465693920851,
        "skew": -0.820657670498,
        "var": 0.00534121738747
    },
    "silence_rate_20dB": {
        "kurt": 0,
        "max": 1,
        "mean": 1,
        "median": 1,
        "min": 1,
        "skew": 0,
        "var": 0
    },
    "silence_rate_30dB": {
        "kurt": 0,
        "max": 1,
        "mean": 1,
        "median": 1,
        "min": 1,
        "skew": 0,
        "var": 0
    },
    "silence_rate_60dB": {
        "kurt": 0,
        "max": 1,
        "mean": 1,
        "median": 1,
        "min": 1,
        "skew": 0,
        "var": 0
    },
    "spectral_centroid": {
        "kurt": 26.5898761749,
        "max": 2613.83935547,
        "mean": 593.54083252,
        "median": 534.95904541,
        "min": 397.662231445,
        "skew": 4.8409204483,
        "var": 89927.203125
    },
    "spectral_complexity": {
        "kurt": 2.46171331406,
        "max": 6,
        "mean": 0.89156627655,
        "median": 0,
        "min": 0,
        "skew": 1.84907233715,
        "var": 2.45812273026
    },
    "spectral_crest": {
        "kurt": 0.231298685074,
        "max": 19.2319374084,
        "mean": 10.5512628555,
        "median": 10.2833681107,
        "min": 4.05212211609,
        "skew": 0.514983892441,
        "var": 7.83707666397
    },
    "spectral_decrease": {
        "kurt": 38.5208892822,
        "max": -1.2348853104e-15,
        "mean": -6.84465886747e-11,
        "median": -1.34891039311e-11,
        "min": -1.28345989392e-09,
        "skew": -5.61393976212,
        "var": 2.52864234184e-20
    },
    "spectral_energy": {
        "kurt": 37.505657196,
        "max": 0.00504518859088,
        "mean": 0.000273366342299,
        "median": 5.35563412996e-05,
        "min": 4.90999552127e-09,
        "skew": 5.52430963516,
        "var": 3.95089358562e-07
    },
    "spectral_energyband_high": {
        "kurt": 43.9663696289,
        "max": 3.3724365494e-05,
        "mean": 1.19972003176e-06,
        "median": 1.41510660967e-08,
        "min": 4.28818335008e-11,
        "skew": 6.19893407822,
        "var": 1.70609464056e-11
    },
    "spectral_energyband_low": {
        "kurt": 77.4099273682,
        "max": 0.00174766208511,
        "mean": 2.53012512985e-05,
        "median": 5.95156507188e-07,
        "min": 6.91429857813e-10,
        "skew": 8.89500331879,
        "var": 3.63123895397e-08
    },
    "spectral_energyband_middle_high": {
        "kurt": 5.88190174103,
        "max": 0.000399921758799,
        "mean": 4.24827776442e-05,
        "median": 4.78981519336e-06,
        "min": 4.67314242858e-10,
        "skew": 2.4585340023,
        "var": 6.36665209441e-09
    },
    "spectral_energyband_middle_low": {
        "kurt": 29.4717445374,
        "max": 0.0034759407863,
        "mean": 0.000215193795157,
        "median": 2.73479236057e-05,
        "min": 3.78950781865e-09,
        "skew": 4.79988145828,
        "var": 2.07424491805e-07
    },
    "spectral_flatness_db": {
        "kurt": 1.03098535538,
        "max": 0.317188858986,
        "mean": 0.2319522053,
        "median": 0.237320750952,
        "min": 0.0991210788488,
        "skew": -0.769841253757,
        "var": 0.00182268349454
    },
    "spectral_flux": {
        "kurt": 12.3111925125,
        "max": 0.0625868812203,
        "mean": 0.00797012262046,
        "median": 0.00468226429075,
        "min": 0.000443238648586,
        "skew": 3.04261040688,
        "var": 9.82691417448e-05
    },
    "spectral_kurtosis": {
        "kurt": -0.760048151016,
        "max": 40.8295478821,
        "mean": 21.4097156525,
        "median": 22.80260849,
        "min": 3.89861536026,
        "skew": -0.259829878807,
        "var": 86.0666275024
    },
    "spectral_rms": {
        "kurt": 5.69594287872,
        "max": 0.00221858848818,
        "mean": 0.000353221606929,
        "median": 0.00022858279408,
        "min": 2.18866148316e-06,
        "skew": 1.98785686493,
        "var": 1.41933455211e-07
    },
    "spectral_rolloff": {
        "kurt": 7.96412563324,
        "max": 3337.64648438,
        "mean": 845.243225098,
        "median": 689.0625,
        "min": 409.130859375,
        "skew": 2.83378410339,
        "var": 324662.96875
    },
    "spectral_skewness": {
        "kurt": -0.886166334152,
        "max": 4.71269798279,
        "mean": 3.3375890255,
        "median": 3.60130023956,
        "min": 1.19639515877,
        "skew": -0.588941395283,
        "var": 0.834606051445
    },
    "spectral_spread": {
        "kurt": 33.2015686035,
        "max": 22792032,
        "mean": 2631540.75,
        "median": 1906998.75,
        "min": 1326191.25,
        "skew": 5.50125408173,
        "var": 7.91960774246e+12
    },
    "spectral_strongpeak": {
        "kurt": 2.56283378601,
        "max": 0.275809258223,
        "mean": 0.0498003400862,
        "median": 0.0268184393644,
        "min": 0,
        "skew": 1.71118092537,
        "var": 0.00331969978288
    },
    "zerocrossingrate": {
        "kurt": 8.83772277832,
        "max": 0.099609375,
        "mean": 0.0335913971066,
        "median": 0.02978515625,
        "min": 0.00830078125,
        "skew": 2.62301230431,
        "var": 0.000177922091098
    },
    "barkbands": {
        "kurt": [77.4340744019, 77.2030258179, 77.4758148193, 76.6600570679, 51.422039032, 32.5105285645, 7.4866399765, 15.3645515442, 4.72747945786, 10.6912479401, 11.5408334732, 5.32496738434, 5.81721782684, 9.51198005676, 10.5929260254, 35.2819137573, 10.1937007904, 23.9509487152, 12.232925415, 36.3333740234, 30.9058799744, 21.9905643463, 51.4028015137, 44.1788825989, 28.9420852661, 34.4332122803, 34.7696495056],
        "max": [1.95240295398e-06, 0.000170770974364, 0.000964638427831, 0.000765077129472, 0.000611976254731, 0.00149739254266, 0.000566133705433, 0.000114815360575, 0.000127933119074, 8.60263244249e-05, 4.65903467557e-05, 4.59651528217e-05, 3.27229936374e-05, 3.44615073118e-05, 4.32708475273e-05, 8.67954513524e-05, 5.93417753407e-05, 8.10171914054e-05, 3.09907009068e-05, 2.84006200673e-05, 9.38231278269e-06, 1.3942192254e-06, 4.05350363053e-07, 7.26747302338e-08, 7.71826957902e-09, 2.52439291692e-10, 2.56634408169e-10],
        "mean": [2.83185510597e-08, 2.46129093284e-06, 1.36718645081e-05, 1.26037066366e-05, 2.59628050117e-05, 8.84015971678e-05, 6.15100652794e-05, 8.51228105603e-06, 1.50157702592e-05, 8.00535053713e-06, 3.80258734367e-06, 5.3642011153e-06, 3.64388438356e-06, 3.23982885675e-06, 3.63594426744e-06, 4.3779450607e-06, 4.65296307084e-06, 4.55770941699e-06, 2.26817724069e-06, 1.14506246973e-06, 4.23310382303e-07, 6.72664626222e-08, 1.20259047165e-08, 2.38429609389e-09, 4.13998058058e-10, 2.29173711258e-11, 9.72364376517e-12],
        "median": [1.00834052219e-09, 6.50364455623e-08, 2.14395413423e-07, 4.33497604035e-07, 3.12081624543e-06, 1.19815094877e-05, 9.03641830519e-06, 9.78890057013e-07, 1.77282140612e-06, 9.98354948933e-07, 6.20457001332e-07, 7.18766443697e-07, 4.40052190243e-07, 3.24520101458e-07, 3.03333962393e-07, 2.77019267969e-07, 2.36006101773e-07, 1.94553678057e-07, 6.17700948169e-08, 1.65202873603e-08, 4.84729323347e-09, 7.98992816353e-10, 2.12504971953e-10, 1.09163088291e-10, 1.40630326828e-10, 1.62614574584e-11, 1.19972348028e-12],
        "min": [2.38752732862e-11, 2.52867754513e-10, 2.26162699679e-10, 2.9401742152e-10, 9.36667632345e-10, 9.9116248542e-10, 8.5752854817e-10, 4.08442807354e-10, 2.6386803853e-10, 8.74682271057e-11, 4.09587641581e-11, 4.55432497271e-11, 2.63824517788e-11, 1.17681125261e-11, 2.37797073699e-11, 2.23456184112e-11, 1.41556988353e-10, 4.45364092827e-11, 3.53520684948e-11, 1.81720905684e-11, 8.84363329096e-12, 4.78938329967e-12, 4.12875462985e-12, 4.02786788298e-12, 4.00492486397e-12, 3.5744113832e-12, 4.56903286906e-13],
        "skew": [8.89665222168, 8.8786277771, 8.90043640137, 8.83336448669, 6.78423881531, 5.07109451294, 2.72878336906, 3.77523994446, 2.35035586357, 3.22919774055, 3.26060557365, 2.45308184624, 2.56254076958, 2.90531897545, 2.96452617645, 5.37119293213, 3.07801890373, 4.44599914551, 3.30249452591, 5.60891723633, 5.05050563812, 4.39624834061, 6.81498432159, 6.25156497955, 5.18518066406, 5.80503177643, 5.85887527466],
        "var": [4.53094999671e-14, 3.47205209028e-10, 1.10652154106e-08, 6.96348267937e-09, 5.12967623933e-09, 3.69225681141e-08, 1.36365567727e-08, 3.58527957323e-10, 8.44270209299e-10, 2.8842883637e-10, 6.3707344955e-11, 1.05181884036e-10, 5.18760451262e-11, 3.80312552284e-11, 5.1223351949e-11, 1.21747889548e-10, 1.05955459684e-10, 1.29223770573e-10, 2.70079514308e-11, 1.323533904e-11, 1.53845556086e-12, 4.13733886831e-14, 2.31010363968e-15, 7.9578692455e-17, 1.12619833898e-18, 1.0794311175e-21, 1.24538826686e-21],
        "cov": [[4.58620534399e-14, 4.00937009287e-12, 2.26396158765e-11, 1.79247571647e-11, 1.39752272255e-11, 3.38609175421e-11, 1.11591335131e-11, 3.41590796447e-13, 1.2359747557e-12, 2.4304015289e-13, 3.09878858684e-13, 5.17633678976e-13, 5.99358995594e-13, 4.57435575963e-13, 9.85052751173e-13, 2.00770498317e-12, 1.34783178542e-12, 1.88256311581e-12, 5.12676652433e-13, 6.65915727508e-13, 2.19316684496e-13, 3.26713550419e-14, 9.53235801654e-15, 1.70889892372e-15, 1.79819139002e-16, 3.24180819155e-19, 1.44759282609e-19], [4.00937009287e-12, 3.51439433111e-10, 1.98133398577e-09, 1.56783364069e-09, 1.22540633196e-09, 2.97377278358e-09, 9.91017046204e-10, 2.89589133923e-11, 1.11547798776e-10, 2.22524724341e-11, 2.83712966315e-11, 4.68871434733e-11, 5.34732917667e-11, 3.99161745324e-11, 8.64238958176e-11, 1.76915412875e-10, 1.17932844046e-10, 1.6641535372e-10, 4.39165821764e-11, 5.86036427719e-11, 1.92347492101e-11, 2.85335882526e-12, 8.33290142617e-13, 1.49500962825e-13, 1.58088331922e-14, 2.83819002318e-17, 1.31467181378e-17], [2.26396158765e-11, 1.98133398577e-09, 1.12001572461e-08, 8.87440787523e-09, 6.91181378798e-09, 1.68913789622e-08, 5.69566571684e-09, 1.96572730315e-10, 6.59323262653e-10, 1.53406787273e-10, 1.66231084453e-10, 2.71969974319e-10, 3.07843389669e-10, 2.33700614416e-10, 4.90068430281e-10, 9.92347648499e-10, 6.72716105043e-10, 9.30201748961e-10, 2.49466475255e-10, 3.30832111706e-10, 1.08704330259e-10, 1.62175065044e-11, 4.70927550428e-12, 8.45742421408e-13, 8.96420456853e-14, 1.63784897954e-16, 7.4816130595e-17], [1.79247571647e-11, 1.56783364069e-09, 8.87440787523e-09, 7.04840319443e-09, 5.51989964848e-09, 1.36261011363e-08, 4.7714561191e-09, 2.02125940985e-10, 5.82977000008e-10, 1.60854982112e-10, 1.50273404831e-10, 2.38493641502e-10, 2.60159838117e-10, 2.00321773058e-10, 4.00276922718e-10, 7.94591170639e-10, 5.50233414387e-10, 7.46068928859e-10, 2.05035183276e-10, 2.65238220276e-10, 8.73593627992e-11, 1.30794776051e-11, 3.75775582526e-12, 6.75610880175e-13, 7.20525120687e-14, 1.58941325334e-16, 9.02358161519e-17], [1.39752272255e-11, 1.22540633196e-09, 6.91181378798e-09, 5.51989964848e-09, 5.19223330997e-09, 1.28304451508e-08, 5.01640773365e-09, 3.88831855602e-10, 9.27428467357e-10, 3.31272620446e-10, 1.63068225589e-10, 2.92456114881e-10, 2.81425632798e-10, 2.14023090916e-10, 3.79731496247e-10, 6.88367474133e-10, 5.28039778569e-10, 6.29455765289e-10, 1.91148000206e-10, 2.12641265707e-10, 7.21877765897e-11, 1.03855353137e-11, 2.93921159113e-12, 5.21345011432e-13, 5.42033323607e-14, 1.55303795282e-16, 1.10582652658e-16], [3.38609175421e-11, 2.97377278358e-09, 1.68913789622e-08, 1.36261011363e-08, 1.28304451508e-08, 3.73728425984e-08, 1.80137380568e-08, 1.55463231177e-09, 3.42137007614e-09, 1.56068979962e-09, 8.48597192515e-10, 1.23914112304e-09, 9.9884278626e-10, 7.89363241438e-10, 1.13158038495e-09, 1.86431203808e-09, 1.63072899628e-09, 1.76858838685e-09, 5.91251880788e-10, 5.89211179847e-10, 2.02259584081e-10, 2.96749118334e-11, 7.69409622819e-12, 1.3798940289e-12, 1.5543241607e-13, 1.31527350165e-15, 1.26559311347e-15], [1.11591335131e-11, 9.91017046204e-10, 5.69566571684e-09, 4.7714561191e-09, 5.01640773365e-09, 1.80137380568e-08, 1.38028566354e-08, 1.04794561917e-09, 2.77300782336e-09, 1.44233580635e-09, 6.89879264826e-10, 1.05550679308e-09, 7.09617531403e-10, 5.31055643904e-10, 6.68759658762e-10, 8.85728712596e-10, 9.04244568112e-10, 9.19557985313e-10, 3.50352413747e-10, 2.69411964959e-10, 9.78503250648e-11, 1.45015987066e-11, 3.13666562342e-12, 5.72243912412e-13, 7.08225795717e-14, 1.44249202698e-15, 1.51603841548e-15], [3.41590796447e-13, 2.89589133923e-11, 1.96572730315e-10, 2.02125940985e-10, 3.88831855602e-10, 1.55463231177e-09, 1.04794561917e-09, 3.62900265394e-10, 3.49663631383e-10, 2.13025694307e-10, 1.1436681463e-10, 1.24742563501e-10, 9.81842801506e-11, 1.00475169851e-10, 7.9929521335e-11, 8.48942999232e-11, 1.22761634191e-10, 8.71405725356e-11, 4.51513722244e-11, 3.11580344858e-11, 9.91906817099e-12, 1.75744813667e-12, 2.63116216098e-13, 5.5536982348e-14, 9.16304402824e-15, 8.83147321926e-17, 9.21611418933e-17], [1.2359747557e-12, 1.11547798776e-10, 6.59323262653e-10, 5.82977000008e-10, 9.27428467357e-10, 3.42137007614e-09, 2.77300782336e-09, 3.49663631383e-10, 8.54566195585e-10, 4.4493353446e-10, 1.80934961458e-10, 2.73438965914e-10, 1.83232401474e-10, 1.31475053067e-10, 1.52827223099e-10, 1.82828141515e-10, 2.07469486035e-10, 1.86092405374e-10, 8.55110496301e-11, 5.08711545111e-11, 1.94601921383e-11, 2.85874470797e-12, 4.96618859317e-13, 9.50694262355e-14, 1.25742134194e-14, 2.55584965584e-16, 2.71039108177e-16], [2.4304015289e-13, 2.22524724341e-11, 1.53406787273e-10, 1.60854982112e-10, 3.31272620446e-10, 1.56068979962e-09, 1.44233580635e-09, 2.13025694307e-10, 4.4493353446e-10, 2.91946272712e-10, 1.04217509622e-10, 1.57460849914e-10, 9.70877545026e-11, 7.6497683188e-11, 8.12007613926e-11, 8.3406156981e-11, 9.79515010768e-11, 9.08841682468e-11, 4.37436926959e-11, 2.47331686382e-11, 9.32688128119e-12, 1.52763457266e-12, 2.16140785283e-13, 4.44156498147e-14, 7.11513859034e-15, 9.32397655598e-17, 9.70168839949e-17], [3.09878858684e-13, 2.83712966315e-11, 1.66231084453e-10, 1.50273404831e-10, 1.63068225589e-10, 8.48597192515e-10, 6.89879264826e-10, 1.1436681463e-10, 1.80934961458e-10, 1.04217509622e-10, 6.44842651498e-11, 7.38809152745e-11, 5.00203906073e-11, 4.34612970612e-11, 4.17922536855e-11, 4.98704966212e-11, 5.8703569783e-11, 5.58517780636e-11, 2.45380955138e-11, 1.74780294404e-11, 5.88108511543e-12, 9.65883297822e-13, 1.63305973562e-13, 3.30305681623e-14, 5.24055938686e-15, 8.48608494711e-17, 8.99836782663e-17], [5.17633678976e-13, 4.68871434733e-11, 2.71969974319e-10, 2.38493641502e-10, 2.92456114881e-10, 1.23914112304e-09, 1.05550679308e-09, 1.24742563501e-10, 2.73438965914e-10, 1.57460849914e-10, 7.38809152745e-11, 1.06464594085e-10, 6.67863125914e-11, 5.1940153567e-11, 5.85049023116e-11, 7.14265244173e-11, 7.69362282216e-11, 7.80013206803e-11, 3.24750747127e-11, 2.18471681718e-11, 7.84245324931e-12, 1.22033004361e-12, 2.18128304048e-13, 4.21465196998e-14, 5.9593180881e-15, 1.17094139031e-16, 1.23597049195e-16], [5.99358995594e-13, 5.34732917667e-11, 3.07843389669e-10, 2.60159838117e-10, 2.81425632798e-10, 9.9884278626e-10, 7.09617531403e-10, 9.81842801506e-11, 1.83232401474e-10, 9.70877545026e-11, 5.00203906073e-11, 6.67863125914e-11, 5.25086814307e-11, 3.82386934616e-11, 4.40315006678e-11, 5.79621281527e-11, 6.32648933241e-11, 6.23500140406e-11, 2.71690066278e-11, 1.89700789799e-11, 6.8755908085e-12, 1.05042352854e-12, 2.06732431196e-13, 3.97347390722e-14, 5.35002526628e-15, 6.76542486503e-17, 7.08376234592e-17], [4.57435575963e-13, 3.99161745324e-11, 2.33700614416e-10, 2.00321773058e-10, 2.14023090916e-10, 7.89363241438e-10, 5.31055643904e-10, 1.00475169851e-10, 1.31475053067e-10, 7.6497683188e-11, 4.34612970612e-11, 5.1940153567e-11, 3.82386934616e-11, 3.84950543664e-11, 3.80665082789e-11, 4.69076652521e-11, 5.20160407802e-11, 4.95744591211e-11, 2.28714235051e-11, 1.62897507983e-11, 5.4241194869e-12, 9.21059669506e-13, 1.73473228512e-13, 3.42660741361e-14, 4.67033723029e-15, 4.53792739884e-17, 4.71938931854e-17], [9.85052751173e-13, 8.64238958176e-11, 4.90068430281e-10, 4.00276922718e-10, 3.79731496247e-10, 1.13158038495e-09, 6.68759658762e-10, 7.9929521335e-11, 1.52827223099e-10, 8.12007613926e-11, 4.17922536855e-11, 5.85049023116e-11, 4.40315006678e-11, 3.80665082789e-11, 5.18480258727e-11, 7.30999913379e-11, 6.31187532796e-11, 7.56730442197e-11, 3.098003451e-11, 2.30415842656e-11, 8.0446404746e-12, 1.25865214518e-12, 2.81770863152e-13, 5.27526325845e-14, 6.28783304043e-15, 3.96095006187e-17, 3.88438655525e-17], [2.00770498317e-12, 1.76915412875e-10, 9.92347648499e-10, 7.94591170639e-10, 6.88367474133e-10, 1.86431203808e-09, 8.85728712596e-10, 8.48942999232e-11, 1.82828141515e-10, 8.3406156981e-11, 4.98704966212e-11, 7.14265244173e-11, 5.79621281527e-11, 4.69076652521e-11, 7.30999913379e-11, 1.23232618554e-10, 9.56039275524e-11, 1.23678872699e-10, 4.31868429907e-11, 3.88934648377e-11, 1.31936293488e-11, 2.01547025597e-12, 5.00659680814e-13, 9.21947658191e-14, 1.03703370286e-14, 5.2306799122e-17, 4.91627286271e-17], [1.34783178542e-12, 1.17932844046e-10, 6.72716105043e-10, 5.50233414387e-10, 5.28039778569e-10, 1.63072899628e-09, 9.04244568112e-10, 1.22761634191e-10, 2.07469486035e-10, 9.79515010768e-11, 5.8703569783e-11, 7.69362282216e-11, 6.32648933241e-11, 5.20160407802e-11, 6.31187532796e-11, 9.56039275524e-11, 1.0724759969e-10, 1.00155252147e-10, 4.5815649885e-11, 3.21061684183e-11, 1.16084026072e-11, 1.88507803117e-12, 4.03858261937e-13, 7.55105477928e-14, 8.85461138005e-15, 9.96376039337e-17, 1.02784318098e-16], [1.88256311581e-12, 1.6641535372e-10, 9.30201748961e-10, 7.46068928859e-10, 6.29455765289e-10, 1.76858838685e-09, 9.19557985313e-10, 8.71405725356e-11, 1.86092405374e-10, 9.08841682468e-11, 5.58517780636e-11, 7.80013206803e-11, 6.23500140406e-11, 4.95744591211e-11, 7.56730442197e-11, 1.23678872699e-10, 1.00155252147e-10, 1.30799662768e-10, 4.83641460214e-11, 3.98795996226e-11, 1.37860590999e-11, 2.15688794949e-12, 5.09260927699e-13, 9.47742589703e-14, 1.09899467117e-14, 6.21264917842e-17, 6.05159976013e-17], [5.12676652433e-13, 4.39165821764e-11, 2.49466475255e-10, 2.05035183276e-10, 1.91148000206e-10, 5.91251880788e-10, 3.50352413747e-10, 4.51513722244e-11, 8.55110496301e-11, 4.37436926959e-11, 2.45380955138e-11, 3.24750747127e-11, 2.71690066278e-11, 2.28714235051e-11, 3.098003451e-11, 4.31868429907e-11, 4.5815649885e-11, 4.83641460214e-11, 2.73373164383e-11, 1.38905484337e-11, 5.43049459567e-12, 8.94404450676e-13, 1.8376928668e-13, 3.45137635106e-14, 3.9282338775e-15, 2.96469009252e-17, 3.03043573109e-17], [6.65915727508e-13, 5.86036427719e-11, 3.30832111706e-10, 2.65238220276e-10, 2.12641265707e-10, 5.89211179847e-10, 2.69411964959e-10, 3.11580344858e-11, 5.08711545111e-11, 2.47331686382e-11, 1.74780294404e-11, 2.18471681718e-11, 1.89700789799e-11, 1.62897507983e-11, 2.30415842656e-11, 3.88934648377e-11, 3.21061684183e-11, 3.98795996226e-11, 1.38905484337e-11, 1.33967455185e-11, 4.44375569328e-12, 7.12890358724e-13, 1.71086967293e-13, 3.21294945131e-14, 3.79345780659e-15, 1.55815863094e-17, 1.42698515658e-17], [2.19316684496e-13, 1.92347492101e-11, 1.08704330259e-10, 8.73593627992e-11, 7.21877765897e-11, 2.02259584081e-10, 9.78503250648e-11, 9.91906817099e-12, 1.94601921383e-11, 9.32688128119e-12, 5.88108511543e-12, 7.84245324931e-12, 6.8755908085e-12, 5.4241194869e-12, 8.0446404746e-12, 1.31936293488e-11, 1.16084026072e-11, 1.37860590999e-11, 5.43049459567e-12, 4.44375569328e-12, 1.55721724578e-12, 2.47265342966e-13, 5.83286606406e-14, 1.08518828824e-14, 1.25738589361e-15, 6.61677653849e-18, 6.27584784517e-18], [3.26713550419e-14, 2.85335882526e-12, 1.62175065044e-11, 1.30794776051e-11, 1.03855353137e-11, 2.96749118334e-11, 1.45015987066e-11, 1.75744813667e-12, 2.85874470797e-12, 1.52763457266e-12, 9.65883297822e-13, 1.22033004361e-12, 1.05042352854e-12, 9.21059669506e-13, 1.25865214518e-12, 2.01547025597e-12, 1.88507803117e-12, 2.15688794949e-12, 8.94404450676e-13, 7.12890358724e-13, 2.47265342966e-13, 4.18779424929e-14, 9.31821029978e-15, 1.76788820399e-15, 2.08462061039e-16, 8.6662229022e-19, 8.11453117374e-19], [9.53235801654e-15, 8.33290142617e-13, 4.70927550428e-12, 3.75775582526e-12, 2.93921159113e-12, 7.69409622819e-12, 3.13666562342e-12, 2.63116216098e-13, 4.96618859317e-13, 2.16140785283e-13, 1.63305973562e-13, 2.18128304048e-13, 2.06732431196e-13, 1.73473228512e-13, 2.81770863152e-13, 5.00659680814e-13, 4.03858261937e-13, 5.09260927699e-13, 1.8376928668e-13, 1.71086967293e-13, 5.83286606406e-14, 9.31821029978e-15, 2.33827574375e-15, 4.31250255012e-16, 4.83418809093e-17, 1.56803277897e-19, 1.29963554691e-19], [1.70889892372e-15, 1.49500962825e-13, 8.45742421408e-13, 6.75610880175e-13, 5.21345011432e-13, 1.3798940289e-12, 5.72243912412e-13, 5.5536982348e-14, 9.50694262355e-14, 4.44156498147e-14, 3.30305681623e-14, 4.21465196998e-14, 3.97347390722e-14, 3.42660741361e-14, 5.27526325845e-14, 9.21947658191e-14, 7.55105477928e-14, 9.47742589703e-14, 3.45137635106e-14, 3.21294945131e-14, 1.08518828824e-14, 1.76788820399e-15, 4.31250255012e-16, 8.0549160602e-17, 9.19544096059e-18, 2.52339281457e-20, 2.0338272615e-20], [1.79819139002e-16, 1.58088331922e-14, 8.96420456853e-14, 7.20525120687e-14, 5.42033323607e-14, 1.5543241607e-13, 7.08225795717e-14, 9.16304402824e-15, 1.25742134194e-14, 7.11513859034e-15, 5.24055938686e-15, 5.9593180881e-15, 5.35002526628e-15, 4.67033723029e-15, 6.28783304043e-15, 1.03703370286e-14, 8.85461138005e-15, 1.09899467117e-14, 3.9282338775e-15, 3.79345780659e-15, 1.25738589361e-15, 2.08462061039e-16, 4.83418809093e-17, 9.19544096059e-18, 1.13993243228e-18, 3.98885555301e-21, 3.50224636284e-21], [3.24180819155e-19, 2.83819002318e-17, 1.63784897954e-16, 1.58941325334e-16, 1.55303795282e-16, 1.31527350165e-15, 1.44249202698e-15, 8.83147321926e-17, 2.55584965584e-16, 9.32397655598e-17, 8.48608494711e-17, 1.17094139031e-16, 6.76542486503e-17, 4.53792739884e-17, 3.96095006187e-17, 5.2306799122e-17, 9.96376039337e-17, 6.21264917842e-17, 2.96469009252e-17, 1.55815863094e-17, 6.61677653849e-18, 8.6662229022e-19, 1.56803277897e-19, 2.52339281457e-20, 3.98885555301e-21, 1.09259482049e-21, 1.16898593961e-21], [1.44759282609e-19, 1.31467181378e-17, 7.4816130595e-17, 9.02358161519e-17, 1.10582652658e-16, 1.26559311347e-15, 1.51603841548e-15, 9.21611418933e-17, 2.71039108177e-16, 9.70168839949e-17, 8.99836782663e-17, 1.23597049195e-16, 7.08376234592e-17, 4.71938931854e-17, 3.88438655525e-17, 4.91627286271e-17, 1.02784318098e-16, 6.05159976013e-17, 3.03043573109e-17, 1.42698515658e-17, 6.27584784517e-18, 8.11453117374e-19, 1.29963554691e-19, 2.0338272615e-20, 3.50224636284e-21, 1.16898593961e-21, 1.26057589663e-21]]
    },
    "mfcc": {
        "kurt": [-0.87997341156, -0.142155647278, -0.808868646622, 3.11658382416, -0.10710144043, -0.165885448456, 0.212027311325, 0.436648845673, 0.769769430161, -0.577290534973, -0.247072458267, -0.231714487076, -0.0809910297394],
        "max": [-755.044189453, 181.184051514, 41.7477455139, 70.3030395508, 20.1449737549, 8.71141815186, 4.51466751099, 5.33838653564, 14.2068901062, -2.28881835938e-05, 6.16957473755, 10.1294174194, 9.40823364258],
        "mean": [-971.484680176, 121.527740479, -4.62246179581, -1.62505161762, -5.26149511337, -22.7571735382, -18.8669147491, -14.4769392014, -13.8278865814, -13.8829593658, -8.55006217957, -3.27115225792, -3.16521811485],
        "median": [-992.461975098, 124.504890442, 1.31909179688, -2.3345451355, -7.40538024902, -21.0575942993, -19.6578292847, -14.6726608276, -13.5420074463, -14.8589782715, -8.5946559906, -3.2769317627, -3.33901977539],
        "min": [-1138.42004395, 1.14440917969e-05, -91.8320465088, -25.1148452759, -24.5060386658, -47.3876914978, -36.4156188965, -28.9521942139, -35.7513504028, -24.4989089966, -20.0727825165, -15.1554946899, -12.5678901672],
        "skew": [0.34867554903, -0.645338058472, -0.564332842827, 1.31233382225, 0.465315014124, 0.054433144629, 0.567279815674, 0.551278352737, 0.219924882054, 0.234464719892, 0.280873090029, 0.0247404854745, 0.194522693753],
        "var": [8236.32128906, 1716.66430664, 1145.13342285, 280.205230713, 82.5417327881, 148.076538086, 78.4157791138, 50.0224914551, 66.0054626465, 27.6232261658, 27.5292491913, 30.2903900146, 20.0928440094],
        "cov": [[8336.76464844, 3389.76782227, -2830.41333008, 555.797607422, -15.5237541199, -794.218017578, -19.0591773987, -306.666625977, -154.785568237, -20.9952278137, 16.072977066, 23.3677711487, -32.3482398987], [3389.76782227, 1737.59924316, -963.886535645, -3.62005662918, -19.6246242523, -421.450042725, -144.046463013, -180.107727051, -168.398132324, -52.3538551331, -23.4072418213, -18.4370384216, -3.83945250511], [-2830.41333008, -963.886535645, 1159.09851074, -230.208557129, -19.9969387054, 252.249786377, -54.0829200745, 73.5895233154, 16.1239433289, -15.0208854675, -21.7889575958, -8.81312179565, 29.484249115], [555.797607422, -3.62005662918, -230.208557129, 283.622375488, 34.9972419739, 30.1947078705, 107.406097412, 25.3589286804, 59.1259765625, 31.1495399475, 19.7661266327, 26.2280311584, 5.23601722717], [-15.5237541199, -19.6246242523, -19.9969387054, 34.9972419739, 83.5483398438, 22.7275695801, 10.1784687042, 26.6918087006, -11.5357074738, 3.05943894386, 7.88292789459, -9.49655056, 5.18999147415], [-794.218017578, -421.450042725, 252.249786377, 30.1947078705, 22.7275695801, 149.882354736, 45.3421478271, 53.1581077576, 56.4237823486, 13.2994031906, 11.8128376007, 7.28058004379, 6.06532382965], [-19.0591773987, -144.046463013, -54.0829200745, 107.406097412, 10.1784687042, 45.3421478271, 79.3720703125, 34.9754257202, 43.6478271484, 21.9624462128, 9.50356197357, 9.6065864563, -5.75260066986], [-306.666625977, -180.107727051, 73.5895233154, 25.3589286804, 26.6918087006, 53.1581077576, 34.9754257202, 50.632522583, 32.9648513794, 8.77700328827, 8.1353969574, 3.65367937088, 2.52667498589], [-154.785568237, -168.398132324, 16.1239433289, 59.1259765625, -11.5357074738, 56.4237823486, 43.6478271484, 32.9648513794, 66.8104019165, 22.7410984039, 10.8994503021, 17.0311889648, 0.361210376024], [-20.9952278137, -52.3538551331, -15.0208854675, 31.1495399475, 3.05943894386, 13.2994031906, 21.9624462128, 8.77700328827, 22.7410984039, 27.9600944519, 13.8734350204, 3.85491657257, -0.988914191723], [16.072977066, -23.4072418213, -21.7889575958, 19.7661266327, 7.88292789459, 11.8128376007, 9.50356197357, 8.1353969574, 10.8994503021, 13.8734350204, 27.8649730682, 16.2547721863, 3.77780604362], [23.3677711487, -18.4370384216, -8.81312179565, 26.2280311584, -9.49655056, 7.28058004379, 9.6065864563, 3.65367937088, 17.0311889648, 3.85491657257, 16.2547721863, 30.659784317, 12.5321369171], [-32.3482398987, -3.83945250511, 29.484249115, 5.23601722717, 5.18999147415, 6.06532382965, -5.75260066986, 2.52667498589, 0.361210376024, -0.988914191723, 3.77780604362, 12.5321369171, 20.3378791809]]
    },
    "sccoeffs": {
        "kurt": [0.299355983734, -0.329269647598, -0.747314214706, 2.82972383499, 2.30332994461, -0.949879407883],
        "max": [-0.579435825348, -0.637943744659, -0.778313100338, -0.771551609039, -0.776834905148, -0.724867224693],
        "mean": [-0.721619665623, -0.788655281067, -0.86331564188, -0.874491930008, -0.827312886715, -0.838469266891],
        "median": [-0.721181869507, -0.79306769371, -0.867594063282, -0.878862261772, -0.825480520725, -0.871684670448],
        "min": [-0.963274359703, -0.950631976128, -0.937235295773, -0.948674321175, -0.913633048534, -0.965227603912],
        "skew": [-0.326823323965, 0.0224383082241, 0.225708499551, 0.767774581909, -0.955939531326, 0.594048500061],
        "var": [0.00532901380211, 0.00390832126141, 0.0013477683533, 0.000631083908956, 0.000443377502961, 0.00343327969313],
        "cov": [[0.00539400149137, 0.00260385987349, 0.00153691321611, 0.000784359697718, 0.000917952333111, 0.0026176571846], [0.00260385987349, 0.00395598402247, 0.000663467682898, 0.000690690998454, 0.000570015748963, 0.00187174591701], [0.00153691321611, 0.000663467682898, 0.00136420456693, 0.000392785383156, 0.000394926348235, 0.00109790614806], [0.000784359697718, 0.000690690998454, 0.000392785383156, 0.000638780009467, 0.000290738244075, 0.000926178763621], [0.000917952333111, 0.000570015748963, 0.000394926348235, 0.000290738244075, 0.000448784528999, 0.000709307380021], [0.0026176571846, 0.00187174591701, 0.00109790614806, 0.000926178763621, 0.000709307380021, 0.00347514892928]]
    },
    "scvalleys": {
        "kurt": [2.13611745834, 0.39261507988, 0.538305521011, -0.0575833320618, -0.835184335709, 2.84826469421],
        "max": [-5.69770812988, -5.78194713593, -6.41456413269, -6.99749517441, -7.64112138748, -11.4173383713],
        "mean": [-9.38702201843, -8.03820133209, -8.79855060577, -9.45675945282, -10.7682189941, -13.8960800171],
        "median": [-9.58491516113, -7.98761320114, -8.60151481628, -9.48846912384, -11.132683754, -14.1905145645],
        "min": [-11.6255064011, -11.7480993271, -13.0679187775, -13.9561004639, -14.3051509857, -15.4435119629],
        "skew": [0.945602715015, -0.624256551266, -0.573176860809, -0.425071418285, 0.397887527943, 1.75828576088],
        "var": [0.832995116711, 1.6161403656, 1.62029445171, 1.96946573257, 2.09691905975, 0.492465406656],
        "cov": [[0.843153595924, 0.893832981586, 0.919887006283, 1.04857838154, 1.13592028618, 0.495682328939], [0.893832981586, 1.63584935665, 1.55184960365, 1.71320664883, 1.58328986168, 0.534374058247], [0.919887006283, 1.55184960365, 1.64005410671, 1.74487864971, 1.67137444019, 0.594246983528], [1.04857838154, 1.71320664883, 1.74487864971, 1.9934835434, 1.91653108597, 0.69421929121], [1.13592028618, 1.58328986168, 1.67137444019, 1.91653108597, 2.12249112129, 0.841865837574], [0.495682328939, 0.534374058247, 0.594246983528, 0.69421929121, 0.841865837574, 0.498471111059]]
    }
},
"rhythm": {
    "beats_loudness": {
        "kurt": -1.5,
        "max": 0.000278675463051,
        "mean": 0.000122449026094,
        "median": 8.44550595502e-05,
        "min": 4.21657387051e-06,
        "skew": 0.458760857582,
        "var": 1.32763844363e-08
    },
    "bpm": 126.048019409,
    "confidence": 0,
    "first_peak_bpm": {
        "kurt": 0,
        "max": 126,
        "mean": 126,
        "median": 126,
        "min": 126,
        "skew": 0,
        "var": 0
    },
    "first_peak_spread": {
        "kurt": 0,
        "max": 0,
        "mean": 0,
        "median": 0,
        "min": 0,
        "skew": 0,
        "var": 0
    },
    "first_peak_weight": {
        "kurt": 0,
        "max": 1,
        "mean": 1,
        "median": 1,
        "min": 1,
        "skew": 0,
        "var": 0
    },
    "onset_rate": 0.530067205429,
    "second_peak_bpm": {
        "kurt": 0,
        "max": 0,
        "mean": 0,
        "median": 0,
        "min": 0,
        "skew": 0,
        "var": 0
    },
    "second_peak_spread": {
        "kurt": 0,
        "max": 0,
        "mean": 0,
        "median": 0,
        "min": 0,
        "skew": 0,
        "var": 0
    },
    "second_peak_weight": {
        "kurt": 0,
        "max": 0,
        "mean": 0,
        "median": 0,
        "min": 0,
        "skew": 0,
        "var": 0
    },
    "beats_loudness_band_ratio": {
        "kurt": [-1.49999976158, -1.49999892712, -1.49999976158, -1.5, -1.49999964237, -1.5],
        "max": [0.0953733995557, 0.730409801006, 0.37278047204, 0.134065568447, 0.0611037313938, 0.00855557247996],
        "mean": [0.0587318837643, 0.565004765987, 0.33380356431, 0.0988542661071, 0.0476481616497, 0.00428577512503],
        "median": [0.052187718451, 0.488164097071, 0.335401177406, 0.103450328112, 0.0557182170451, 0.00288412952796],
        "min": [0.0286345351487, 0.476440519094, 0.293229043484, 0.0590468794107, 0.0261225309223, 0.00141762336716],
        "skew": [0.341917693615, 0.701792061329, -0.0736253559589, -0.220524892211, -0.642628133297, 0.588634669781],
        "var": [0.000763759016991, 0.0137023134157, 0.00105601444375, 0.000948529224843, 0.000236510313698, 9.47402440943e-06],
        "cov": [[0.00114563852549, -0.00360711617395, -0.00133513426408, 0.00122910737991, 0.000427753984695, 3.51154267264e-06], [-0.00360711617395, 0.0205534696579, 0.00471162935719, -0.00484852446243, -0.00268611940555, -0.00037242739927], [-0.00133513426408, 0.00471162935719, 0.00158402172383, -0.00148645392619, -0.000572472228669, -2.40495483013e-05], [0.00122910737991, -0.00484852446243, -0.00148645392619, 0.00142279383726, 0.000601439445745, 4.2222054617e-05], [0.000427753984695, -0.00268611940555, -0.000572472228669, 0.000601439445745, 0.000354765477823, 5.39399879926e-05], [3.51154267264e-06, -0.00037242739927, -2.40495483013e-05, 4.2222054617e-05, 5.39399879926e-05, 1.42110366141e-05]]
    },
    "beats_position": [0.46439909935, 0.940408170223, 1.4164172411],
    "bpm_estimates": [126.048019409, 126.048019409],
    "bpm_intervals": [0.476009070873, 0.476009070873],
    "onset_times": [0.0696598663926],
    "histogram": [[0, 0, 0, 0, 0, 0, 0, 0, 0, 0, 0, 0, 0, 0, 0, 0, 0, 0, 0, 0, 0, 0, 0, 0, 0, 0, 0, 0, 0, 0, 0, 0, 0, 0, 0, 0, 0, 0, 0, 0, 0, 0, 0, 0, 0, 0, 0, 0, 0, 0, 0, 0, 0, 0, 0, 0, 0, 0, 0, 0, 0, 0, 0, 0, 0, 0, 0, 0, 0, 0, 0, 0, 0, 0, 0, 0, 0, 0, 0, 0, 0, 0, 0, 0, 0, 0, 0, 0, 0, 0, 0, 0, 0, 0, 0, 0, 0, 0, 0, 0, 0, 0, 0, 0, 0, 0, 0, 0, 0, 0, 0, 0, 0, 0, 0, 0, 0, 0, 0, 0, 0, 0, 0, 0, 0, 0, 1, 0, 0, 0, 0, 0, 0, 0, 0, 0, 0, 0, 0, 0, 0, 0, 0, 0, 0, 0, 0, 0, 0, 0, 0, 0, 0, 0, 0, 0, 0, 0, 0, 0, 0, 0, 0, 0, 0, 0, 0, 0, 0, 0, 0, 0, 0, 0, 0, 0, 0, 0, 0, 0, 0, 0, 0, 0, 0, 0, 0, 0, 0, 0, 0, 0, 0, 0, 0, 0, 0, 0, 0, 0, 0, 0, 0, 0, 0, 0, 0, 0, 0, 0, 0, 0, 0, 0, 0, 0, 0, 0, 0, 0, 0, 0, 0, 0, 0, 0, 0, 0, 0, 0, 0, 0, 0, 0, 0, 0, 0, 0, 0, 0, 0, 0, 0, 0, 0, 0, 0, 0, 0, 0]]
},
"sfx": {
    "inharmonicity": {
        "kurt": 8.13760566711,
        "max": 0.377428591251,
        "mean": 0.0460943989456,
        "median": 0.0185048431158,
        "min": 0,
        "skew": 2.93703317642,
        "var": 0.00580969359726
    },
    "oddtoevenharmonicenergyratio": {
        "kurt": 5.89313793182,
        "max": 2.66533255577,
        "mean": 0.342089176178,
        "median": 0.10609087348,
        "min": 0,
        "skew": 2.59841489792,
        "var": 0.373728781939
    },
    "pitch_after_max_to_before_max_energy_ratio": 1.53209924698,
    "pitch_centroid": 28.3805027008,
    "pitch_max_to_total": 0.0240963846445,
    "pitch_min_to_total": 0.795180737972,
    "tristimulus": {
        "kurt": [0.431608438492, 0.744621038437, 3.97905921936],
        "max": [1, 0.621460735798, 0.842643022537],
        "mean": [0.486221402884, 0.279111504555, 0.234667047858],
        "median": [0.499396055937, 0.263362169266, 0.20327873528],
        "min": [0, 0, 0],
        "skew": [-0.206355139613, 0.290409684181, 1.38894426823],
        "var": [0.051140923053, 0.0153932310641, 0.0186008289456],
        "cov": [[0.0517645925283, -0.0242589451373, -0.0275056622922], [-0.0242589451373, 0.0155809540302, 0.00867798924446], [-0.0275056622922, 0.00867798924446, 0.0188276674598]]
    }
},
"tonal": {
    "chords_changes_rate": 0.261904776096,
    "chords_number_rate": 0.095238097012,
    "chords_strength": {
        "kurt": -0.596055269241,
        "max": 0.377116858959,
        "mean": 0.314922899008,
        "median": 0.313575953245,
        "min": 0.266177624464,
        "skew": 0.328808665276,
        "var": 0.000738534959964
    },
    "key_strength": 0.23576374352,
    "tuning_diatonic_strength": 0.200471162796,
    "tuning_equal_tempered_deviation": 0.298003584146,
    "tuning_frequency": 433.942382812,
    "tuning_nontempered_energy_ratio": 0.915504872799,
    "hpcp": {
        "kurt": [0.226714611053, 1.0302491188, 1.36931657791, 0.456708192825, -0.419513702393, 1.7466173172, 8.93494129181, 6.02871227264, 6.46953582764, 1.56417608261, 14.954782486, 6.29420471191, 2.90638923645, 2.93591690063, 3.67795705795, 6.36187267303, 0.138552427292, 0.571144104004, -0.242641687393, 1.20906591415, 1.84814977646, 1.7521905899, 0.741362810135, 0.15724158287, 2.18870449066, 0.230461120605, -0.460158586502, -0.315679311752, 0.759912967682, 0.0415799617767, -0.258265972137, 0.13042140007, 0.579881429672, 0.137123584747, 0.254849672318, -0.0178492069244],
        "max": [1, 0.980144381523, 0.911266505718, 0.621935367584, 0.723154067993, 0.840975642204, 1, 1, 0.969358325005, 0.556432425976, 1, 0.747242450714, 0.599986970425, 1, 1, 0.688932597637, 0.540670514107, 1, 1, 0.90992474556, 0.81737780571, 1, 1, 0.825845718384, 1, 1, 1, 1, 1, 1, 1, 1, 1, 0.949744522572, 1, 1],
        "mean": [0.269748866558, 0.250129550695, 0.217369958758, 0.178390875459, 0.213665306568, 0.202865809202, 0.164470776916, 0.181060239673, 0.165997564793, 0.132444575429, 0.130414649844, 0.135604441166, 0.143926307559, 0.201678231359, 0.201650708914, 0.133939087391, 0.160471275449, 0.286680787802, 0.319626420736, 0.226806819439, 0.210268050432, 0.250836879015, 0.258153229952, 0.230981007218, 0.22597771883, 0.28694614768, 0.318666726351, 0.307546108961, 0.279176950455, 0.28219550848, 0.315949857235, 0.317210614681, 0.281627506018, 0.258202135563, 0.292929410934, 0.306572347879],
        "median": [0.132806777954, 0.177037775517, 0.124147199094, 0.122904747725, 0.10422731936, 0.146519929171, 0.109421223402, 0.124938860536, 0.10677151382, 0.0712695866823, 0.0778768509626, 0.083705611527, 0.110807009041, 0.0951481610537, 0.101316139102, 0.0943070724607, 0.0963482931256, 0.21848577261, 0.2158459723, 0.145715340972, 0.15102148056, 0.184651955962, 0.147564351559, 0.130257695913, 0.115096755326, 0.187222987413, 0.172443658113, 0.204923421144, 0.144566804171, 0.139452442527, 0.185038462281, 0.25357991457, 0.123808577657, 0.170981675386, 0.175818622112, 0.253911107779],
