{
"metadata": {
    "version": {
        "essentia": "2.1-beta3"
    }
},
"lowLevel": {
    "average_loudness": 0.99068403244,
    "barkbands_kurtosis": {
        "kurt": 10.4373025894,
        "max": 10.6424808502,
        "mean": 1.68821918964,
        "median": 1.45805215836,
        "min": -0.911632061005,
        "skew": 2.09727263451,
        "var": 2.58529543877
    },
    "barkbands_skewness": {
        "kurt": 17.8945274353,
        "max": 1.96101737022,
        "mean": 1.24180877209,
        "median": 1.35121273994,
        "min": -2.86739897728,
        "skew": -3.77227544785,
        "var": 0.474093794823
    },
    "barkbands_spread": {
        "kurt": 5.63167190552,
        "max": 31.2924251556,
        "mean": 12.4094238281,
        "median": 10.9670286179,
        "min": 7.53799247742,
        "skew": 2.26701951027,
        "var": 21.3416156769
    },
    "dissonance": {
        "kurt": -0.195265054703,
        "max": 0.499712139368,
        "mean": 0.465174019337,
        "median": 0.471716344357,
        "min": 0.412484019995,
        "skew": -0.690354645252,
        "var": 0.0004332937242
    },
    "hfc": {
        "kurt": 46.4601860046,
        "max": 8.1639175415,
        "mean": 0.321363061666,
        "median": 0.0216909646988,
        "min": 0.000152433087351,
        "skew": 6.44837331772,
        "var": 1.00587964058
    },
    "pitch": {
        "kurt": 7.81078338623,
        "max": 1227.10144043,
        "mean": 303.356384277,
        "median": 238.097137451,
        "min": 71.2846832275,
        "skew": 2.27399158478,
        "var": 42737.5039062
    },
    "pitch_instantaneous_confidence": {
        "kurt": 0.129358530045,
        "max": 0.496999442577,
        "mean": 0.271488577127,
        "median": 0.261941432953,
        "min": 0.156412959099,
        "skew": 0.668522417545,
        "var": 0.00503959041089
    },
    "pitch_salience": {
        "kurt": 2.37744188309,
        "max": 0.941286027431,
        "mean": 0.772773265839,
        "median": 0.774013280869,
        "min": 0.646271049976,
        "skew": 0.171317115426,
        "var": 0.00192912959028
    },
    "silence_rate_20dB": {
        "kurt": 0,
        "max": 1,
        "mean": 1,
        "median": 1,
        "min": 1,
        "skew": 0,
        "var": 0
    },
    "silence_rate_30dB": {
        "kurt": 0,
        "max": 1,
        "mean": 1,
        "median": 1,
        "min": 1,
        "skew": 0,
        "var": 0
    },
    "silence_rate_60dB": {
        "kurt": 0,
        "max": 1,
        "mean": 1,
        "median": 1,
        "min": 1,
        "skew": 0,
        "var": 0
    },
    "spectral_centroid": {
        "kurt": 19.217382431,
        "max": 3058.37451172,
        "mean": 751.410827637,
        "median": 643.019287109,
        "min": 492.395629883,
        "skew": 4.34581041336,
        "var": 174084.859375
    },
    "spectral_complexity": {
        "kurt": 4.6113524437,
        "max": 7,
        "mean": 0.842105269432,
        "median": 0,
        "min": 0,
        "skew": 2.21462726593,
        "var": 2.63296079636
    },
    "spectral_crest": {
        "kurt": -0.703362941742,
        "max": 13.2601900101,
        "mean": 7.56614685059,
        "median": 6.97995853424,
        "min": 4.09755134583,
        "skew": 0.440138071775,
        "var": 4.24198818207
    },
    "spectral_decrease": {
        "kurt": 7.0594587326,
        "max": -6.11542812375e-14,
        "mean": -6.54878373751e-11,
        "median": -8.16230416589e-12,
        "min": -5.67731861523e-10,
        "skew": -2.65517902374,
        "var": 1.43872315579e-20
    },
    "spectral_energy": {
        "kurt": 9.36273765564,
        "max": 0.00288324151188,
        "mean": 0.000276314734947,
        "median": 3.26554763888e-05,
        "min": 2.44636254365e-07,
        "skew": 2.94566607475,
        "var": 2.78554438182e-07
    },
    "spectral_energyband_high": {
        "kurt": 37.8883781433,
        "max": 8.65753463586e-05,
        "mean": 3.04131572193e-06,
        "median": 3.07319041326e-08,
        "min": 2.49891529691e-09,
        "skew": 5.87577581406,
        "var": 1.27972243913e-10
    },
    "spectral_energyband_low": {
        "kurt": 50.4491119385,
        "max": 0.000780118745752,
        "mean": 1.96758883249e-05,
        "median": 1.38717837217e-06,
        "min": 3.54567184502e-08,
        "skew": 6.99284029007,
        "var": 9.191432504e-09
    },
    "spectral_energyband_middle_high": {
        "kurt": 43.2657051086,
        "max": 0.00276420149021,
        "mean": 0.000113044312457,
        "median": 7.27339511286e-06,
        "min": 4.19012273767e-08,
        "skew": 6.18097543716,
        "var": 1.19029138546e-07
    },
    "spectral_energyband_middle_low": {
        "kurt": 3.90765333176,
        "max": 0.00108017760795,
        "mean": 0.000147453130921,
        "median": 2.59785228991e-05,
        "min": 9.60060475563e-08,
        "skew": 2.12278580666,
        "var": 5.8376652845e-08
    },
    "spectral_flatness_db": {
        "kurt": 1.01772642136,
        "max": 0.256056547165,
        "mean": 0.201606482267,
        "median": 0.204697847366,
        "min": 0.101237632334,
        "skew": -0.881109237671,
        "var": 0.00089589250274
    },
    "spectral_flux": {
        "kurt": 5.18733978271,
        "max": 0.0518568791449,
        "mean": 0.00822989363223,
        "median": 0.0043561020866,
        "min": 0.000266484566964,
        "skew": 2.16877818108,
        "var": 9.6254501841e-05
    },
    "spectral_kurtosis": {
        "kurt": -0.791009664536,
        "max": 36.5635375977,
        "mean": 18.0236053467,
        "median": 19.059715271,
        "min": 2.39442443848,
        "skew": 0.0379287526011,
        "var": 77.1883544922
    },
    "spectral_rms": {
        "kurt": 1.79431200027,
        "max": 0.00167717575096,
        "mean": 0.00035705222399,
        "median": 0.000177964335307,
        "min": 1.54489334818e-05,
        "skew": 1.51735723019,
        "var": 1.42089007227e-07
    },
    "spectral_rolloff": {
        "kurt": 6.84658813477,
        "max": 3832.91015625,
        "mean": 1259.12609863,
        "median": 1055.12695312,
        "min": 732.12890625,
        "skew": 2.5518579483,
        "var": 389288.84375
    },
    "spectral_skewness": {
        "kurt": -0.748405218124,
        "max": 4.51379823685,
        "mean": 2.96871256828,
        "median": 3.21200037003,
        "min": 0.916793465614,
        "skew": -0.542522490025,
        "var": 0.744808375835
    },
    "spectral_spread": {
        "kurt": 30.4052429199,
        "max": 12903487,
        "mean": 2460044.5,
        "median": 2111011.25,
        "min": 1485420.25,
        "skew": 4.99190378189,
        "var": 2.20169240576e+12
    },
    "spectral_strongpeak": {
        "kurt": 21.9275035858,
        "max": 0.480438381433,
        "mean": 0.045317735523,
        "median": 0.0211563501507,
        "min": 0.000230967285461,
        "skew": 3.99826216698,
        "var": 0.00440618908033
    },
    "zerocrossingrate": {
        "kurt": 4.8761844635,
        "max": 0.1044921875,
        "mean": 0.0431100949645,
        "median": 0.039306640625,
        "min": 0.017578125,
        "skew": 2.02697730064,
        "var": 0.000224683215492
    },
    "barkbands": {
        "kurt": [58.9849815369, 32.8060112, 57.6152915955, 27.0947113037, 15.8974933624, 7.75913143158, 7.42645359039, 6.21230602264, 4.02363443375, 4.29564762115, 16.0290126801, 6.51059818268, 8.7158908844, 12.1255187988, 17.0778617859, 24.2535209656, 61.1206436157, 29.4789390564, 56.5945968628, 69.1301116943, 21.2371559143, 61.9833602905, 56.3976516724, 46.1870536804, 14.8687820435, 20.0652179718, 18.4508190155],
        "max": [1.4082065718e-06, 5.03250012116e-05, 0.000538950320333, 0.000237436965108, 0.000347918190528, 0.000342791638104, 0.000404191494454, 0.000172544459929, 8.71351949172e-05, 6.98829680914e-05, 9.69896500465e-05, 0.000110382752609, 6.6277651058e-05, 9.8703065305e-05, 0.000149632091052, 0.000201233808184, 0.000661799567752, 0.000186634264537, 0.000533401034772, 0.000739411043469, 1.96859291464e-05, 1.41239161167e-05, 2.50681478065e-06, 2.54444614711e-07, 1.23046515199e-08, 1.46301762372e-10, 1.19623394523e-10],
        "mean": [2.76020752921e-08, 1.64800496805e-06, 1.22324090626e-05, 1.03067022792e-05, 2.64852642431e-05, 3.76568277716e-05, 4.06947074225e-05, 1.89758102351e-05, 1.14135209515e-05, 9.48332490225e-06, 7.74452018959e-06, 1.12464394988e-05, 6.37919947621e-06, 7.91311595094e-06, 9.72354337136e-06, 1.02926023828e-05, 1.69690083567e-05, 9.04399257706e-06, 1.40400443343e-05, 1.26492750496e-05, 9.94987431113e-07, 3.23146508663e-07, 6.25096845397e-08, 7.64698704359e-09, 7.87288290116e-10, 2.3090099277e-11, 8.22204890977e-12],
        "median": [8.64445626192e-10, 8.56219912748e-08, 5.63735511605e-07, 6.42688178232e-07, 3.0537053135e-06, 5.28002374267e-06, 5.73344277655e-06, 2.61413310909e-06, 1.69729196386e-06, 9.29301450014e-07, 1.18649836622e-06, 1.39772373586e-06, 5.80491132496e-07, 5.08451194037e-07, 6.0942466007e-07, 6.5678136707e-07, 4.80192909436e-07, 4.64061315597e-07, 1.83058602943e-07, 4.95122840505e-08, 8.23917822856e-09, 1.55061585794e-09, 3.83203441201e-10, 2.29152391507e-10, 1.6417753268e-10, 1.75047181611e-11, 1.26140753658e-12],
        "min": [1.43596228658e-11, 3.96124377744e-09, 1.03434967258e-08, 1.00377643975e-08, 2.6022128452e-08, 1.06202593386e-08, 3.85771814493e-09, 6.69267219422e-09, 1.906351077e-09, 5.3250164278e-09, 1.40014333461e-09, 1.15342935203e-09, 2.09205586188e-09, 2.57232568579e-09, 1.58352309043e-09, 9.23305154554e-10, 6.90350931976e-09, 5.04520247802e-09, 9.27123600114e-10, 8.32983682031e-10, 6.70261790514e-10, 5.75544389925e-10, 1.37607175654e-10, 9.87422574261e-11, 7.90341264656e-11, 6.08321726325e-12, 3.73250611191e-13],
        "skew": [7.62518405914, 5.83355569839, 7.50142002106, 5.20749568939, 3.81513094902, 2.59307003021, 2.61615991592, 2.42103409767, 2.18376922607, 2.26121091843, 3.60441017151, 2.63624382019, 2.8987057209, 3.48394179344, 3.82669377327, 4.65294361115, 7.70259523392, 5.02037000656, 7.35259819031, 8.38331031799, 4.55806207657, 7.78498744965, 7.33519411087, 6.51719331741, 3.90457224846, 4.30999612808, 4.23084354401],
        "var": [2.78738502142e-14, 5.5942594307e-11, 4.10293088393e-09, 1.35609823371e-09, 3.3935187993e-09, 3.9099226079e-09, 5.47741896284e-09, 1.10412401444e-09, 3.89699966741e-10, 2.85936829769e-10, 2.23536328336e-10, 5.07657360593e-10, 1.56857166145e-10, 3.67092578557e-10, 5.39039146652e-10, 8.45658876258e-10, 5.95807181369e-09, 6.49629461336e-10, 4.01390121141e-09, 7.13387970919e-09, 1.09224461073e-11, 2.7111097655e-12, 8.90457887005e-14, 1.00268298049e-15, 4.5705761349e-18, 4.39618071336e-22, 4.14126984128e-22],
        "cov": [[2.82455011664e-14, 1.05735342357e-12, 1.07962258925e-11, 5.44229982261e-12, 6.9693339641e-12, 1.30817199521e-12, 4.52063083148e-12, 9.61214614847e-13, 1.38962994757e-12, 1.41712249574e-12, 2.41486464072e-13, 1.73019801611e-12, 5.45574761583e-13, 1.95625135015e-12, 1.85565798838e-12, 2.13656349557e-12, 2.00743545051e-12, 1.21460643192e-12, 1.70037443327e-12, 9.88735785953e-13, 1.65918521327e-13, 4.1574582725e-14, 9.0929842391e-15, 1.24741832752e-15, 1.20308046731e-16, 2.36054785471e-18, 2.08057865023e-18], [1.05735342357e-12, 5.66884976461e-11, 4.06469774505e-10, 2.66488331402e-10, 3.82917336728e-10, 1.48800013977e-10, 2.71434846821e-10, 5.00353786181e-11, 5.75744486808e-11, 7.04570360388e-11, 1.77211908342e-11, 8.43900019309e-11, 4.18936135782e-11, 8.59225746108e-11, 9.42453198816e-11, 1.03821139186e-10, 1.29441110608e-10, 8.67831570495e-11, 1.16828061114e-10, 6.99335936383e-11, 9.75082601468e-12, 2.87764191816e-12, 5.75396338649e-13, 7.36752984467e-14, 8.46288998217e-15, 7.55027963826e-17, 6.16765849403e-17], [1.07962258925e-11, 4.06469774505e-10, 4.15763645734e-09, 2.13092210544e-09, 2.76482148287e-09, 7.79738551504e-10, 1.89969684428e-09, 5.06194364203e-10, 5.93365023782e-10, 6.02509098169e-10, 1.10366410455e-10, 7.08209491052e-10, 2.4787139008e-10, 7.81722353516e-10, 7.50242701297e-10, 8.61608673297e-10, 8.44931069555e-10, 5.10486597438e-10, 7.09112102371e-10, 4.28887231285e-10, 6.72252462031e-11, 1.73119747704e-11, 3.74878166703e-12, 5.10411483044e-13, 5.0084668536e-14, 9.20954359594e-16, 8.08281031099e-16], [5.44229982261e-12, 2.66488331402e-10, 2.13092210544e-09, 1.37417954793e-09, 1.93249993785e-09, 1.03812569652e-09, 1.44257894519e-09, 4.44457887161e-10, 3.92729793131e-10, 4.05458805419e-10, 1.07682369965e-10, 4.37721997537e-10, 2.37770497735e-10, 4.37200831094e-10, 4.57112847574e-10, 5.00734065323e-10, 5.08598885229e-10, 3.9366351845e-10, 4.56848614494e-10, 1.78322343003e-10, 4.4650613068e-11, 1.09338189544e-11, 2.30957050359e-12, 3.1560593982e-13, 4.03621262118e-14, 4.28799709287e-16, 3.57285723402e-16], [6.9693339641e-12, 3.82917336728e-10, 2.76482148287e-09, 1.93249993785e-09, 3.43876571662e-09, 2.21669371747e-09, 2.84811818574e-09, 1.04909925192e-09, 7.11854075686e-10, 6.87220169659e-10, 3.05111963472e-10, 7.56504303645e-10, 3.69344888007e-10, 6.50122233825e-10, 7.08605951694e-10, 7.57160723008e-10, 6.57943977078e-10, 6.01279526169e-10, 5.98240734728e-10, 9.30770530094e-11, 6.26059898368e-11, 1.36919572902e-11, 2.78402648157e-12, 4.01003476301e-13, 5.60905319316e-14, 6.35995323721e-16, 5.44869878129e-16], [1.30817199521e-12, 1.48800013977e-10, 7.79738551504e-10, 1.03812569652e-09, 2.21669371747e-09, 3.96205468434e-09, 3.02336777835e-09, 1.7376396988e-09, 9.45197475843e-10, 7.22884030413e-10, 3.64680757814e-10, 7.25403237478e-10, 5.29306987129e-10, 4.02386512999e-10, 5.28997901039e-10, 4.45638997926e-10, 3.81910780778e-10, 5.11163333883e-10, 2.7804053504e-10, -1.87528950701e-10, 3.78743841845e-11, 5.36479758187e-12, 1.14352711328e-12, 1.9642679139e-13, 4.62394777686e-14, 3.57366826806e-16, 2.96406315579e-16], [4.52063083148e-12, 2.71434846821e-10, 1.89969684428e-09, 1.44257894519e-09, 2.84811818574e-09, 3.02336777835e-09, 5.55045120976e-09, 1.77414938296e-09, 1.08439579538e-09, 9.5943586409e-10, 5.36455546651e-10, 9.51131506888e-10, 5.02757391274e-10, 7.02415015041e-10, 8.10774170024e-10, 6.85818291046e-10, 7.14190095952e-10, 7.31863403214e-10, 5.03046881928e-10, -2.18158494741e-11, 6.37015926119e-11, 1.02763318688e-11, 2.13930934599e-12, 3.43411849521e-13, 4.80651353137e-14, 6.8738126568e-16, 5.92854876926e-16], [9.61214614847e-13, 5.00353786181e-11, 5.06194364203e-10, 4.44457887161e-10, 1.04909925192e-09, 1.7376396988e-09, 1.77414938296e-09, 1.11884568277e-09, 5.36226674175e-10, 4.31090774189e-10, 2.48217807419e-10, 4.37848091117e-10, 2.57047272356e-10, 2.83435747095e-10, 3.31093236161e-10, 3.1046318294e-10, 2.84097662062e-10, 2.8020871734e-10, 2.16288431609e-10, 7.70936006006e-12, 2.69585534451e-11, 3.92641778466e-12, 8.56477595009e-13, 1.40193629275e-13, 2.10366493919e-14, 2.69943285771e-16, 2.27848157042e-16], [1.38962994757e-12, 5.75744486808e-11, 5.93365023782e-10, 3.92729793131e-10, 7.11854075686e-10, 9.45197475843e-10, 1.08439579538e-09, 5.36226674175e-10, 3.94895977029e-10, 2.5585789043e-10, 1.71916356151e-10, 3.34664990165e-10, 1.6996065666e-10, 2.08830883142e-10, 2.40207298496e-10, 2.2460151794e-10, 2.63452343274e-10, 1.89468746248e-10, 1.81134954258e-10, 6.55470192013e-11, 2.02934682947e-11, 4.0038632132e-12, 8.82135944152e-13, 1.30354846925e-13, 1.55971444121e-14, 1.95336531132e-16, 1.67020841746e-16], [1.41712249574e-12, 7.04570360388e-11, 6.02509098169e-10, 4.05458805419e-10, 6.87220169659e-10, 7.22884030413e-10, 9.5943586409e-10, 4.31090774189e-10, 2.5585789043e-10, 2.8974930788e-10, 1.30850608127e-10, 3.13289200138e-10, 1.74389003238e-10, 2.70262284774e-10, 3.22599141844e-10, 3.69114711019e-10, 7.32822191818e-10, 3.26281252017e-10, 5.91964810503e-10, 6.23897322694e-10, 3.57497260961e-11, 1.47377613585e-11, 2.79850925419e-12, 3.24826401671e-13, 2.61433822317e-14, 1.86188006202e-16, 1.45831359658e-16], [2.41486464072e-13, 1.77211908342e-11, 1.10366410455e-10, 1.07682369965e-10, 3.05111963472e-10, 3.64680757814e-10, 5.36455546651e-10, 2.48217807419e-10, 1.71916356151e-10, 1.30850608127e-10, 2.26516805313e-10, 2.06035480343e-10, 1.27564542263e-10, 1.84897624989e-10, 1.9587304001e-10, 2.37497965738e-10, 3.54532070368e-10, 1.92367566321e-10, 3.56250001721e-10, 2.74172629045e-10, 3.5013797417e-11, 7.3602972675e-12, 1.59086296653e-12, 2.06553226129e-13, 1.81410333804e-14, 8.64785699038e-17, 6.66736359603e-17], [1.73019801611e-12, 8.43900019309e-11, 7.08209491052e-10, 4.37721997537e-10, 7.56504303645e-10, 7.25403237478e-10, 9.51131506888e-10, 4.37848091117e-10, 3.34664990165e-10, 3.13289200138e-10, 2.06035480343e-10, 5.14426112819e-10, 2.25126084441e-10, 3.59783230985e-10, 4.84772721965e-10, 5.29713328756e-10, 1.21475218773e-09, 4.61521987294e-10, 9.67281477138e-10, 1.10817477417e-09, 5.30995351855e-11, 2.46127354608e-11, 4.59737109493e-12, 5.17012973232e-13, 3.60657684273e-14, 2.6200714292e-16, 2.10497203278e-16], [5.45574761583e-13, 4.18936135782e-11, 2.4787139008e-10, 2.37770497735e-10, 3.69344888007e-10, 5.29306987129e-10, 5.02757391274e-10, 2.57047272356e-10, 1.6996065666e-10, 1.74389003238e-10, 1.27564542263e-10, 2.25126084441e-10, 1.58948604279e-10, 1.84357210053e-10, 2.33523561599e-10, 2.63989913263e-10, 5.51502010726e-10, 2.52868170847e-10, 4.75678718637e-10, 4.73021455338e-10, 3.27029063552e-11, 1.14486970251e-11, 2.24599809237e-12, 2.63175142486e-13, 2.33525509721e-14, 8.76436703401e-17, 5.81400238622e-17], [1.95625135015e-12, 8.59225746108e-11, 7.81722353516e-10, 4.37200831094e-10, 6.50122233825e-10, 4.02386512999e-10, 7.02415015041e-10, 2.83435747095e-10, 2.08830883142e-10, 2.70262284774e-10, 1.84897624989e-10, 3.59783230985e-10, 1.84357210053e-10, 3.71987135539e-10, 4.17078011017e-10, 5.30243571273e-10, 1.06851427706e-09, 4.27506030576e-10, 9.25965581988e-10, 1.01555464038e-09, 5.74724608182e-11, 2.26146150417e-11, 4.36416701388e-12, 5.01542600853e-13, 3.5864537116e-14, 2.10539012295e-16, 1.59349965791e-16], [1.85565798838e-12, 9.42453198816e-11, 7.50242701297e-10, 4.57112847574e-10, 7.08605951694e-10, 5.28997901039e-10, 8.10774170024e-10, 3.31093236161e-10, 2.40207298496e-10, 3.22599141844e-10, 1.9587304001e-10, 4.84772721965e-10, 2.33523561599e-10, 4.17078011017e-10, 5.46226341935e-10, 6.43057829208e-10, 1.54325008328e-09, 5.64657265389e-10, 1.27812160855e-09, 1.51524426339e-09, 6.67001176513e-11, 3.24010610009e-11, 6.03326243132e-12, 6.64387869807e-13, 4.40302261068e-14, 2.51858232374e-16, 1.90922655679e-16], [2.13656349557e-12, 1.03821139186e-10, 8.61608673297e-10, 5.00734065323e-10, 7.57160723008e-10, 4.45638997926e-10, 6.85818291046e-10, 3.1046318294e-10, 2.2460151794e-10, 3.69114711019e-10, 2.37497965738e-10, 5.29713328756e-10, 2.63989913263e-10, 5.30243571273e-10, 6.43057829208e-10, 8.56934356808e-10, 2.00401029105e-09, 7.09417913303e-10, 1.70680192202e-09, 2.0481980556e-09, 8.85770068404e-11, 4.29389718226e-11, 8.02149579399e-12, 8.81619104977e-13, 5.66359398344e-14, 2.19462888206e-16, 1.43686275189e-16], [2.00743545051e-12, 1.29441110608e-10, 8.44931069555e-10, 5.08598885229e-10, 6.57943977078e-10, 3.81910780778e-10, 7.14190095952e-10, 2.84097662062e-10, 2.63452343274e-10, 7.32822191818e-10, 3.54532070368e-10, 1.21475218773e-09, 5.51502010726e-10, 1.06851427706e-09, 1.54325008328e-09, 2.00401029105e-09, 6.037512712e-09, 1.83149517774e-09, 4.89834439676e-09, 6.50921050394e-09, 1.95649982326e-10, 1.28344807004e-10, 2.31335853251e-11, 2.40968920165e-12, 1.30626791935e-13, 3.09843884482e-16, 1.46629714681e-16], [1.21460643192e-12, 8.67831570495e-11, 5.10486597438e-10, 3.9366351845e-10, 6.01279526169e-10, 5.11163333883e-10, 7.31863403214e-10, 2.8020871734e-10, 1.89468746248e-10, 3.26281252017e-10, 1.92367566321e-10, 4.61521987294e-10, 2.52868170847e-10, 4.27506030576e-10, 5.64657265389e-10, 7.09417913303e-10, 1.83149517774e-09, 6.58291199329e-10, 1.53339596576e-09, 1.86258719559e-09, 7.49793699351e-11, 3.90257409721e-11, 7.19758107282e-12, 7.79140640894e-13, 5.08990432809e-14, 1.40488315531e-16, 7.45521739528e-17], [1.70037443327e-12, 1.16828061114e-10, 7.09112102371e-10, 4.56848614494e-10, 5.98240734728e-10, 2.7804053504e-10, 5.03046881928e-10, 2.16288431609e-10, 1.81134954258e-10, 5.91964810503e-10, 3.56250001721e-10, 9.67281477138e-10, 4.75678718637e-10, 9.25965581988e-10, 1.27812160855e-09, 1.70680192202e-09, 4.89834439676e-09, 1.53339596576e-09, 4.06741973435e-09, 5.28306465242e-09, 1.74841766065e-10, 1.0513442894e-10, 1.91253003018e-11, 2.01255938997e-12, 1.13670852516e-13, 2.2487597137e-16, 8.5363113539e-17], [9.88735785953e-13, 6.99335936383e-11, 4.28887231285e-10, 1.78322343003e-10, 9.30770530094e-11, -1.87528950701e-10, -2.18158494741e-11, 7.70936006006e-12, 6.55470192013e-11, 6.23897322694e-10, 2.74172629045e-10, 1.10817477417e-09, 4.73021455338e-10, 1.01555464038e-09, 1.51524426339e-09, 2.0481980556e-09, 6.50921050394e-09, 1.86258719559e-09, 5.28306465242e-09, 7.22899828887e-09, 1.94120927666e-10, 1.3923519282e-10, 2.48986074813e-11, 2.55139919608e-12, 1.26795709349e-13, 1.81827321771e-16, 2.55029924084e-17], [1.65918521327e-13, 9.75082601468e-12, 6.72252462031e-11, 4.4650613068e-11, 6.26059898368e-11, 3.78743841845e-11, 6.37015926119e-11, 2.69585534451e-11, 2.02934682947e-11, 3.57497260961e-11, 3.5013797417e-11, 5.30995351855e-11, 3.27029063552e-11, 5.74724608182e-11, 6.67001176513e-11, 8.85770068404e-11, 1.95649982326e-10, 7.49793699351e-11, 1.74841766065e-10, 1.94120927666e-10, 1.10680778778e-11, 4.22961839164e-12, 8.20449339977e-13, 9.35257933924e-14, 6.74919960482e-15, 1.97820061512e-17, 1.17124076352e-17], [4.1574582725e-14, 2.87764191816e-12, 1.73119747704e-11, 1.09338189544e-11, 1.36919572902e-11, 5.36479758187e-12, 1.02763318688e-11, 3.92641778466e-12, 4.0038632132e-12, 1.47377613585e-11, 7.3602972675e-12, 2.46127354608e-11, 1.14486970251e-11, 2.26146150417e-11, 3.24010610009e-11, 4.29389718226e-11, 1.28344807004e-10, 3.90257409721e-11, 1.0513442894e-10, 1.3923519282e-10, 4.22961839164e-12, 2.74725771646e-12, 4.95641884739e-13, 5.16172289644e-14, 2.81550617645e-15, 5.56573190086e-18, 2.09467959813e-18], [9.0929842391e-15, 5.75396338649e-13, 3.74878166703e-12, 2.30957050359e-12, 2.78402648157e-12, 1.14352711328e-12, 2.13930934599e-12, 8.56477595009e-13, 8.82135944152e-13, 2.79850925419e-12, 1.59086296653e-12, 4.59737109493e-12, 2.24599809237e-12, 4.36416701388e-12, 6.03326243132e-12, 8.02149579399e-12, 2.31335853251e-11, 7.19758107282e-12, 1.91253003018e-11, 2.48986074813e-11, 8.20449339977e-13, 4.95641884739e-13, 9.02330646183e-14, 9.50069592497e-15, 5.38043321969e-16, 1.13946610921e-18, 4.76597842607e-19], [1.24741832752e-15, 7.36752984467e-14, 5.10411483044e-13, 3.1560593982e-13, 4.01003476301e-13, 1.9642679139e-13, 3.43411849521e-13, 1.40193629275e-13, 1.30354846925e-13, 3.24826401671e-13, 2.06553226129e-13, 5.17012973232e-13, 2.63175142486e-13, 5.01542600853e-13, 6.64387869807e-13, 8.81619104977e-13, 2.40968920165e-12, 7.79140640894e-13, 2.01255938997e-12, 2.55139919608e-12, 9.35257933924e-14, 5.16172289644e-14, 9.50069592497e-15, 1.01605212501e-15, 6.06939340773e-17, 1.48475197641e-19, 7.35216869248e-20], [1.20308046731e-16, 8.46288998217e-15, 5.0084668536e-14, 4.03621262118e-14, 5.60905319316e-14, 4.62394777686e-14, 4.80651353137e-14, 2.10366493919e-14, 1.55971444121e-14, 2.61433822317e-14, 1.81410333804e-14, 3.60657684273e-14, 2.33525509721e-14, 3.5864537116e-14, 4.40302261068e-14, 5.66359398344e-14, 1.30626791935e-13, 5.08990432809e-14, 1.13670852516e-13, 1.26795709349e-13, 6.74919960482e-15, 2.81550617645e-15, 5.38043321969e-16, 6.06939340773e-17, 4.63151701217e-18, 1.21074248545e-20, 6.54709456258e-21], [2.36054785471e-18, 7.55027963826e-17, 9.20954359594e-16, 4.28799709287e-16, 6.35995323721e-16, 3.57366826806e-16, 6.8738126568e-16, 2.69943285771e-16, 1.95336531132e-16, 1.86188006202e-16, 8.64785699038e-17, 2.6200714292e-16, 8.76436703401e-17, 2.10539012295e-16, 2.51858232374e-16, 2.19462888206e-16, 3.09843884482e-16, 1.40488315531e-16, 2.2487597137e-16, 1.81827321771e-16, 1.97820061512e-17, 5.56573190086e-18, 1.13946610921e-18, 1.48475197641e-19, 1.21074248545e-20, 4.45479673893e-22, 4.25051382379e-22], [2.08057865023e-18, 6.16765849403e-17, 8.08281031099e-16, 3.57285723402e-16, 5.44869878129e-16, 2.96406315579e-16, 5.92854876926e-16, 2.27848157042e-16, 1.67020841746e-16, 1.45831359658e-16, 6.66736359603e-17, 2.10497203278e-16, 5.81400238622e-17, 1.59349965791e-16, 1.90922655679e-16, 1.43686275189e-16, 1.46629714681e-16, 7.45521739528e-17, 8.5363113539e-17, 2.55029924084e-17, 1.17124076352e-17, 2.09467959813e-18, 4.76597842607e-19, 7.35216869248e-20, 6.54709456258e-21, 4.25051382379e-22, 4.19648682298e-22]]
    },
    "mfcc": {
        "kurt": [-0.883020877838, -0.0629875659943, 0.83481836319, 1.76608467102, 1.76966047287, -0.527135372162, 1.86069869995, 9.25724220276, 1.40571546555, 10.4289274216, 0.509293556213, -0.917044639587, 4.33276462555],
        "max": [-750.879211426, 172.232543945, 36.0863075256, 59.1290130615, 18.3216247559, 10.5278625488, 18.1823158264, 35.6481628418, 12.7018699646, 28.495508194, 9.74531173706, 8.12907409668, 26.0492935181],
        "mean": [-953.379638672, 122.771743774, -17.7254753113, -2.80558800697, -4.39409017563, -20.1795482635, -13.6248493195, -10.0764904022, -11.8526573181, -9.78503131866, -6.15500736237, -3.56755542755, -1.05370950699],
        "median": [-973.076660156, 125.221183777, -11.9388427734, -6.89760971069, -4.69713592529, -19.8765792847, -14.7748451233, -10.367275238, -12.5102424622, -10.3563461304, -7.1485042572, -4.31075668335, -1.21741485596],
        "min": [-1119.16467285, 10.0868644714, -139.052108765, -27.3862686157, -40.747215271, -44.933177948, -29.0586013794, -25.389755249, -27.0344009399, -26.0425033569, -17.4581813812, -14.569229126, -12.480052948],
        "skew": [0.386402457952, -0.73542290926, -0.904147028923, 1.39561116695, -0.563069522381, 0.0601033568382, 0.966208219528, 2.19321060181, 0.707017183304, 2.34422087669, 0.668748021126, 0.161520153284, 1.23275983334],
        "var": [8991.97753906, 1487.19238281, 1386.37182617, 327.635101318, 84.4329681396, 140.481781006, 70.735748291, 77.0685272217, 53.3012466431, 49.692653656, 30.6297931671, 29.0472698212, 34.4059638977],
        "cov": [[9111.87109375, 2823.53125, -3277.11181641, 1028.5703125, -134.360595703, -545.654602051, 220.319534302, -105.882331848, -92.9120941162, 157.673156738, 117.828605652, -34.3308448792, 94.4620361328], [2823.53125, 1507.02160645, -739.812133789, 94.1595153809, 45.783039093, -330.392181396, -80.1124191284, -170.346984863, -175.605529785, -81.7149963379, -12.800444603, -34.3202095032, -40.9721946716], [-3277.11181641, -739.812133789, 1404.85681152, -395.024963379, 76.5985183716, 189.52935791, -127.318710327, -24.8278598785, -21.3363666534, -119.457984924, -59.7492256165, 0.601344883442, -64.820854187], [1028.5703125, 94.1595153809, -395.024963379, 332.003570557, -5.26727676392, 12.4665117264, 114.790664673, 34.4284324646, 41.7514305115, 58.2013015747, 14.5367012024, -14.8359508514, 27.8518562317], [-134.360595703, 45.783039093, 76.5985183716, -5.26727676392, 85.5587463379, -15.3889160156, -12.0295267105, 13.740729332, -25.3009262085, -14.66036129, -13.9031934738, -15.8776512146, -3.60265088081], [-545.654602051, -330.392181396, 189.52935791, 12.4665117264, -15.3889160156, 142.354873657, 31.7936000824, 49.8576393127, 52.6833648682, 22.2288150787, 20.078950882, 13.9659833908, 17.4107627869], [220.319534302, -80.1124191284, -127.318710327, 114.790664673, -12.0295267105, 31.7936000824, 71.678894043, 41.0330963135, 33.5026779175, 39.1880874634, 8.15519237518, -0.76532882452, 18.1975383759], [-105.882331848, -170.346984863, -24.8278598785, 34.4284324646, 13.740729332, 49.8576393127, 41.0330963135, 78.0961074829, 41.2666015625, 37.2776603699, 15.3632125854, 4.75040578842, 28.1908035278], [-92.9120941162, -175.605529785, -21.3363666534, 41.7514305115, -25.3009262085, 52.6833648682, 33.5026779175, 41.2666015625, 54.0119285583, 36.5873069763, 16.8610610962, 10.3212509155, 18.4292602539], [157.673156738, -81.7149963379, -119.457984924, 58.2013015747, -14.66036129, 22.2288150787, 39.1880874634, 37.2776603699, 36.5873069763, 50.3552207947, 18.7694168091, 3.31509280205, 20.7878417969], [117.828605652, -12.800444603, -59.7492256165, 14.5367012024, -13.9031934738, 20.078950882, 8.15519237518, 15.3632125854, 16.8610610962, 18.7694168091, 31.0381908417, 18.8924179077, 11.0799636841], [-34.3308448792, -34.3202095032, 0.601344883442, -14.8359508514, -15.8776512146, 13.9659833908, -0.76532882452, 4.75040578842, 10.3212509155, 3.31509280205, 18.8924179077, 29.4345664978, 14.1347742081], [94.4620361328, -40.9721946716, -64.820854187, 27.8518562317, -3.60265088081, 17.4107627869, 18.1975383759, 28.1908035278, 18.4292602539, 20.7878417969, 11.0799636841, 14.1347742081, 34.8647117615]]
    },
    "sccoeffs": {
        "kurt": [-0.493802309036, -0.607180595398, -0.210021734238, 1.08855676651, 0.63321852684, -1.25523638725],
        "max": [-0.590419113636, -0.700685441494, -0.793743312359, -0.778411448002, -0.757301688194, -0.711463093758],
        "mean": [-0.722609341145, -0.828472316265, -0.870412826538, -0.868380606174, -0.824827253819, -0.82944393158],
        "median": [-0.722794651985, -0.834239244461, -0.87705975771, -0.868037879467, -0.82010436058, -0.857601821423],
        "min": [-0.900586724281, -0.913002371788, -0.914115488529, -0.930354893208, -0.886058807373, -0.900966107845],
        "skew": [-0.228863567114, 0.464772731066, 0.666663348675, 0.417137861252, -0.493976980448, 0.592748463154],
        "var": [0.00505494978279, 0.00288227037527, 0.000769998820033, 0.000678155221976, 0.00054933183128, 0.00363365095109],
        "cov": [[0.00512234913185, 0.00193182483781, 0.000932953378651, 0.000845093105454, 0.000993058201857, 0.00261481455527], [0.00193182483781, 0.00292070070282, 0.000790350721218, 0.000817545631435, 0.000651400361676, 0.00214421516284], [0.000932953378651, 0.000790350721218, 0.000780265487265, 0.000347338180291, 0.00032351075788, 0.00114078726619], [0.000845093105454, 0.000817545631435, 0.000347338180291, 0.000687197316438, 0.000298389844829, 0.00113915780094], [0.000993058201857, 0.000651400361676, 0.00032351075788, 0.000298389844829, 0.000556656275876, 0.000756982539315], [0.00261481455527, 0.00214421516284, 0.00114078726619, 0.00113915780094, 0.000756982539315, 0.00368209951557]]
    },
    "scvalleys": {
        "kurt": [1.75621795654, -0.0661468505859, -0.303830385208, -0.711562395096, -0.705951690674, 3.44844245911],
        "max": [-6.02332115173, -5.97578859329, -6.56000185013, -6.90883493423, -6.63098955154, -10.7567281723],
        "mean": [-9.32153701782, -7.83206319809, -8.45615196228, -9.08720111847, -10.3537015915, -13.590174675],
        "median": [-9.50577640533, -7.84125804901, -8.45884227753, -9.11018848419, -10.6905231476, -13.8658237457],
        "min": [-10.7411766052, -10.8951997757, -11.6443681717, -12.1919631958, -12.9155483246, -14.2778186798],
        "skew": [1.14034187794, -0.434754401445, -0.354677021503, -0.0643771067262, 0.572954237461, 2.08882427216],
        "var": [0.867832362652, 1.24962460995, 1.35584700108, 1.58712756634, 2.1657538414, 0.590696275234],
        "cov": [[0.879403471947, 0.79439997673, 0.812921464443, 0.874815165997, 1.00630438328, 0.416256397963], [0.79439997673, 1.26628625393, 1.18102753162, 1.24235856533, 1.22125065327, 0.382089436054], [0.812921464443, 1.18102753162, 1.37392497063, 1.4411457777, 1.55614793301, 0.586481809616], [0.874815165997, 1.24235856533, 1.4411457777, 1.60828924179, 1.7535431385, 0.699675738811], [1.00630438328, 1.22125065327, 1.55614793301, 1.7535431385, 2.19463062286, 0.947052836418], [0.416256397963, 0.382089436054, 0.586481809616, 0.699675738811, 0.947052836418, 0.598572254181]]
    }
},
"rhythm": {
    "beats_loudness": {
        "kurt": -1.18115401268,
        "max": 0.00040602995432,
        "mean": 0.000150505715283,
        "median": 9.54941206146e-05,
        "min": 5.00465512232e-06,
        "skew": 0.652779579163,
        "var": 2.63311967785e-08
    },
    "bpm": 166.708679199,
    "confidence": 0,
    "first_peak_bpm": {
        "kurt": 0,
        "max": 167,
        "mean": 167,
        "median": 167,
        "min": 167,
        "skew": 0,
        "var": 0
    },
    "first_peak_spread": {
        "kurt": 0,
        "max": 0,
        "mean": 0,
        "median": 0,
        "min": 0,
        "skew": 0,
        "var": 0
    },
    "first_peak_weight": {
        "kurt": 0,
        "max": 1,
        "mean": 1,
        "median": 1,
        "min": 1,
        "skew": 0,
        "var": 0
    },
    "onset_rate": 0.575530171394,
    "second_peak_bpm": {
        "kurt": 0,
        "max": 0,
        "mean": 0,
        "median": 0,
        "min": 0,
        "skew": 0,
        "var": 0
    },
    "second_peak_spread": {
        "kurt": 0,
        "max": 0,
        "mean": 0,
        "median": 0,
        "min": 0,
        "skew": 0,
        "var": 0
    },
    "second_peak_weight": {
        "kurt": 0,
        "max": 0,
        "mean": 0,
        "median": 0,
        "min": 0,
        "skew": 0,
        "var": 0
    },
    "beats_loudness_band_ratio": {
        "kurt": [-0.8137383461, -0.946650981903, -0.865530014038, -0.975116491318, -0.954105138779, -0.830976247787],
        "max": [0.115603707731, 0.60999751091, 0.523009598255, 0.227996811271, 0.121550954878, 0.014466367662],
        "mean": [0.0470052957535, 0.34273609519, 0.392475873232, 0.172650337219, 0.0935842469335, 0.00733196921647],
        "median": [0.0313358902931, 0.302268087864, 0.426770865917, 0.164273500443, 0.0973987206817, 0.00566739309579],
        "min": [0.00974570121616, 0.156410709023, 0.193352073431, 0.13405752182, 0.0579886101186, 0.00352672371082],
        "skew": [0.952053189278, 0.664345085621, -0.776262223721, 0.650763511658, -0.485539764166, 0.946674346924],
        "var": [0.00166769651696, 0.0277612861246, 0.0147831765935, 0.00119994371198, 0.000520599191077, 1.80962724698e-05],
        "cov": [[0.00222359527834, -0.00348009751178, 0.00236118095927, -0.000285919290036, 0.000372622831492, -7.99973131507e-05], [-0.00348009751178, 0.0370150469244, -0.0269000399858, -0.00651079369709, -0.00366340321489, 0.000143450146425], [0.00236118095927, -0.0269000399858, 0.0197109021246, 0.00474538141862, 0.00288037001155, -4.25036305387e-05], [-0.000285919290036, -0.00651079369709, 0.00474538141862, 0.00159992498811, 0.000532315636519, -1.87350833585e-05], [0.000372622831492, -0.00366340321489, 0.00288037001155, 0.000532315636519, 0.000694132235367, 6.86792918714e-05], [-7.99973131507e-05, 0.000143450146425, -4.25036305387e-05, -1.87350833585e-05, 6.86792918714e-05, 2.41283632931e-05]]
    },
    "beats_position": [0.348299324512, 0.708208620548, 1.06811785698, 1.42802715302],
    "bpm_estimates": [166.70866394, 166.708694458, 166.70866394],
    "bpm_intervals": [0.359909296036, 0.359909236431, 0.359909296036],
    "onset_times": [0.0580498874187],
    "histogram": [[0, 0, 0, 0, 0, 0, 0, 0, 0, 0, 0, 0, 0, 0, 0, 0, 0, 0, 0, 0, 0, 0, 0, 0, 0, 0, 0, 0, 0, 0, 0, 0, 0, 0, 0, 0, 0, 0, 0, 0, 0, 0, 0, 0, 0, 0, 0, 0, 0, 0, 0, 0, 0, 0, 0, 0, 0, 0, 0, 0, 0, 0, 0, 0, 0, 0, 0, 0, 0, 0, 0, 0, 0, 0, 0, 0, 0, 0, 0, 0, 0, 0, 0, 0, 0, 0, 0, 0, 0, 0, 0, 0, 0, 0, 0, 0, 0, 0, 0, 0, 0, 0, 0, 0, 0, 0, 0, 0, 0, 0, 0, 0, 0, 0, 0, 0, 0, 0, 0, 0, 0, 0, 0, 0, 0, 0, 0, 0, 0, 0, 0, 0, 0, 0, 0, 0, 0, 0, 0, 0, 0, 0, 0, 0, 0, 0, 0, 0, 0, 0, 0, 0, 0, 0, 0, 0, 0, 0, 0, 0, 0, 0, 0, 0, 0, 0, 0, 1, 0, 0, 0, 0, 0, 0, 0, 0, 0, 0, 0, 0, 0, 0, 0, 0, 0, 0, 0, 0, 0, 0, 0, 0, 0, 0, 0, 0, 0, 0, 0, 0, 0, 0, 0, 0, 0, 0, 0, 0, 0, 0, 0, 0, 0, 0, 0, 0, 0, 0, 0, 0, 0, 0, 0, 0, 0, 0, 0, 0, 0, 0, 0, 0, 0, 0, 0, 0, 0, 0, 0, 0, 0, 0, 0, 0, 0, 0, 0, 0, 0, 0]]
},
"sfx": {
    "inharmonicity": {
        "kurt": 1.20744657516,
        "max": 0.339669913054,
        "mean": 0.0907137989998,
        "median": 0.0686196386814,
        "min": 0.00197388231754,
        "skew": 1.3258690834,
        "var": 0.00597648508847
    },
    "oddtoevenharmonicenergyratio": {
        "kurt": 14.8647880554,
        "max": 6.70865392685,
        "mean": 0.81217777729,
        "median": 0.415447026491,
        "min": 0.0284200590104,
        "skew": 3.17040348053,
        "var": 0.96896058321
    },
    "pitch_after_max_to_before_max_energy_ratio": 6.40095281601,
    "pitch_centroid": 34.164150238,
    "pitch_max_to_total": 0.0263157896698,
    "pitch_min_to_total": 0.618421077728,
    "tristimulus": {
        "kurt": [-1.47621953487, 7.15253925323, -0.739628791809],
        "max": [0.613039910793, 0.961475670338, 0.815912902355],
        "mean": [0.238167464733, 0.368698835373, 0.393133640289],
        "median": [0.204810574651, 0.349086403847, 0.388562232256],
        "min": [0, 0.182146176696, 0],
        "skew": [0.141280353069, 2.12882065773, 0.240271106362],
        "var": [0.0383741818368, 0.0159421470016, 0.0384425781667],
        "cov": [[0.0388858392835, -0.00804269686341, -0.0308431331068], [-0.00804269686341, 0.0161547083408, -0.00811200775206], [-0.0308431331068, -0.00811200775206, 0.0389551445842]]
    }
},
"tonal": {
    "chords_changes_rate": 0.153846159577,
    "chords_number_rate": 0.102564103901,
    "chords_strength": {
        "kurt": -0.748539686203,
        "max": 0.421465605497,
        "mean": 0.328655987978,
        "median": 0.332866460085,
        "min": 0.221002146602,
        "skew": -0.211885884404,
        "var": 0.0024061948061
    },
    "key_strength": 0.560101211071,
    "tuning_diatonic_strength": 0.305618405342,
    "tuning_equal_tempered_deviation": 0.257020235062,
    "tuning_frequency": 455.516601562,
    "tuning_nontempered_energy_ratio": 0.90126645565,
    "hpcp": {
        "kurt": [-0.530361175537, -0.198864459991, 0.188034057617, -0.166440963745, -0.672726869583, 1.42263746262, 1.09768724442, -0.596066713333, 0.00402760505676, -0.201473712921, 0.530130386353, 0.457840681076, 1.16152477264, 0.729959249496, -0.643520593643, 1.28848934174, 0.22324180603, -0.403768062592, 1.5103263855, 0.103483438492, 2.83578395844, 2.31376647949, 0.116384744644, -0.766401767731, -0.689587831497, -0.40571975708, 0.154626607895, -0.677533388138, -0.556591272354, 1.68289470673, 0.483547687531, -0.606919527054, -0.499280929565, 0.123284339905, -0.125109910965, -0.389935970306],
        "max": [1, 1, 1, 1, 1, 1, 1, 0.802372217178, 1, 1, 1, 1, 0.961192548275, 1, 0.903914511204, 1, 0.808570206165, 0.778527498245, 1, 0.707434296608, 1, 1, 1, 0.951752841473, 1, 1, 1, 1, 1, 1, 0.884046077728, 0.99537986517, 1, 1, 1, 1],
        "mean": [0.369120955467, 0.365086078644, 0.338558644056, 0.35163974762, 0.353374481201, 0.302445679903, 0.283832401037, 0.324009209871, 0.355668574572, 0.341707676649, 0.318740010262, 0.300239980221, 0.304697871208, 0.337079286575, 0.330747425556, 0.276275277138, 0.266385197639, 0.305541992188, 0.31007194519, 0.269803255796, 0.230266004801, 0.255090475082, 0.318389832973, 0.356698513031, 0.388696759939, 0.384080439806, 0.332830369473, 0.360419303179, 0.367537885904, 0.283750116825, 0.281149893999, 0.352319657803, 0.367387712002, 0.334781169891, 0.33028998971, 0.346778035164],
        "median": [0.315025657415, 0.290790259838, 0.279843479395, 0.311790347099, 0.289951890707, 0.223559617996, 0.221796557307, 0.296474307775, 0.266816020012, 0.234282761812, 0.269157975912, 0.195826724172, 0.242984622717, 0.251902163029, 0.247000947595, 0.193941548467, 0.203825384378, 0.245154827833, 0.308175355196, 0.192017018795, 0.138925075531, 0.177884414792, 0.230259925127, 0.30121088028, 0.287164270878, 0.320168197155, 0.24328237772, 0.256118923426, 0.293453454971, 0.261096596718, 0.229597315192, 0.277592003345, 0.271270185709, 0.288269460201, 0.225965946913, 0.274759203196],
