{
"metadata": {
    "version": {
        "essentia": "2.1-beta3"
    }
},
"lowLevel": {
    "average_loudness": 0.746257007122,
    "barkbands_kurtosis": {
        "kurt": 1.15008401871,
        "max": 16.5795993805,
        "mean": 4.02322101593,
        "median": 3.26866292953,
        "min": -1.30439996719,
        "skew": 1.1352840662,
        "var": 13.7764139175
    },
    "barkbands_skewness": {
        "kurt": 5.06211948395,
        "max": 3.42439579964,
        "mean": 1.76382565498,
        "median": 1.82448101044,
        "min": -2.01149249077,
        "skew": -1.25045025349,
        "var": 0.616884708405
    },
    "barkbands_spread": {
        "kurt": 4.49677610397,
        "max": 39.3452148438,
        "mean": 12.319188118,
        "median": 10.4680166245,
        "min": 4.46133136749,
        "skew": 1.81282258034,
        "var": 37.0832901001
    },
    "dissonance": {
        "kurt": 38.0291442871,
        "max": 0.497419565916,
        "mean": 0.465637713671,
        "median": 0.468889564276,
        "min": 0.2316262573,
        "skew": -4.95150995255,
        "var": 0.000818220432848
    },
    "hfc": {
        "kurt": 77.4540863037,
        "max": 7.46248149872,
        "mean": 0.160369440913,
        "median": 0.00319428555667,
        "min": 1.60851200803e-07,
        "skew": 8.51430702209,
        "var": 0.569833278656
    },
    "pitch": {
        "kurt": 41.1892929077,
        "max": 2612.55737305,
        "mean": 267.554626465,
        "median": 205.830841064,
        "min": 52.3846359253,
        "skew": 6.25478219986,
        "var": 104882.820312
    },
    "pitch_instantaneous_confidence": {
        "kurt": 0.57660484314,
        "max": 0.542899131775,
        "mean": 0.261296749115,
        "median": 0.245750784874,
        "min": 0.115246474743,
        "skew": 0.837549805641,
        "var": 0.0063372598961
    },
    "pitch_salience": {
        "kurt": 0.813834190369,
        "max": 0.910921990871,
        "mean": 0.72079539299,
        "median": 0.728518545628,
        "min": 0.513661086559,
        "skew": -0.483645260334,
        "var": 0.00491596013308
    },
    "silence_rate_20dB": {
        "kurt": 0,
        "max": 1,
        "mean": 1,
        "median": 1,
        "min": 1,
        "skew": 0,
        "var": 0
    },
    "silence_rate_30dB": {
        "kurt": 0,
        "max": 1,
        "mean": 1,
        "median": 1,
        "min": 1,
        "skew": 0,
        "var": 0
    },
    "silence_rate_60dB": {
        "kurt": 50.018611908,
        "max": 1,
        "mean": 0.981818199158,
        "median": 1,
        "min": 0,
        "skew": -7.21241188049,
        "var": 0.0178512297571
    },
    "spectral_centroid": {
        "kurt": 21.5617198944,
        "max": 2351.21142578,
        "mean": 555.877502441,
        "median": 488.839355469,
        "min": 285.913787842,
        "skew": 4.22725629807,
        "var": 87479.1640625
    },
    "spectral_complexity": {
        "kurt": 45.7264823914,
        "max": 15,
        "mean": 0.527272701263,
        "median": 0,
        "min": 0,
        "skew": 6.04557943344,
        "var": 2.88561940193
    },
    "spectral_crest": {
        "kurt": 1.60920953751,
        "max": 18.0377693176,
        "mean": 9.02136516571,
        "median": 8.7384967804,
        "min": 3.47903895378,
        "skew": 0.875146210194,
        "var": 6.02400779724
    },
    "spectral_decrease": {
        "kurt": 99.396156311,
        "max": -2.58269808564e-17,
        "mean": -6.23376836262e-11,
        "median": -1.74651439144e-12,
        "min": -3.83980447438e-09,
        "skew": -9.94365787506,
        "var": 1.34454150216e-19
    },
    "spectral_energy": {
        "kurt": 98.9009628296,
        "max": 0.0151691781357,
        "mean": 0.000249822740443,
        "median": 6.90478418619e-06,
        "min": 1.12066696201e-10,
        "skew": 9.90869235992,
        "var": 2.10245821108e-06
    },
    "spectral_energyband_high": {
        "kurt": 63.2717514038,
        "max": 6.66682171868e-05,
        "mean": 1.3734301092e-06,
        "median": 5.08608177796e-09,
        "min": 1.00110935167e-11,
        "skew": 7.7041516304,
        "var": 5.12815172271e-11
    },
    "spectral_energyband_low": {
        "kurt": 103.844451904,
        "max": 0.00450338190421,
        "mean": 5.16649161e-05,
        "median": 6.84210249347e-07,
        "min": 1.57284116287e-11,
        "skew": 10.2610254288,
        "var": 1.82802992299e-07
    },
    "spectral_energyband_middle_high": {
        "kurt": 59.0870170593,
        "max": 0.0020158670377,
        "mean": 5.29081335117e-05,
        "median": 1.01197997537e-06,
        "min": 3.26056577571e-11,
        "skew": 7.36975288391,
        "var": 4.80624571253e-08
    },
    "spectral_energyband_middle_low": {
        "kurt": 99.8002700806,
        "max": 0.0102222980931,
        "mean": 0.000163125558174,
        "median": 5.41238023288e-06,
        "min": 5.76931731555e-11,
        "skew": 9.97311878204,
        "var": 9.51573326802e-07
    },
    "spectral_flatness_db": {
        "kurt": 1.3722615242,
        "max": 0.278816848993,
        "mean": 0.194543331861,
        "median": 0.20117560029,
        "min": 0.03576676175,
        "skew": -0.832747161388,
        "var": 0.0015674958704
    },
    "spectral_flux": {
        "kurt": 36.6192169189,
        "max": 0.115415751934,
        "mean": 0.00632019201294,
        "median": 0.00180393480696,
        "min": 0.000146728518303,
        "skew": 5.76562261581,
        "var": 0.000216682397877
    },
    "spectral_kurtosis": {
        "kurt": -0.587871551514,
        "max": 42.9759635925,
        "mean": 16.6240158081,
        "median": 15.6472845078,
        "min": 1.25334072113,
        "skew": 0.427111029625,
        "var": 86.6790771484
    },
    "spectral_rms": {
        "kurt": 41.8189544678,
        "max": 0.00384697248228,
        "mean": 0.000238815322518,
        "median": 8.20727655082e-05,
        "min": 3.3065595062e-07,
        "skew": 5.59590673447,
        "var": 1.86696766491e-07
    },
    "spectral_rolloff": {
        "kurt": 5.19286251068,
        "max": 3294.58007812,
        "mean": 891.670410156,
        "median": 764.428710938,
        "min": 322.998046875,
        "skew": 2.11824274063,
        "var": 318398.09375
    },
    "spectral_skewness": {
        "kurt": -1.13615274429,
        "max": 4.51212024689,
        "mean": 2.98771548271,
        "median": 3.01374721527,
        "min": 1.34100747108,
        "skew": -0.235728666186,
        "var": 0.734165608883
    },
    "spectral_spread": {
        "kurt": 29.8819274902,
        "max": 29869804,
        "mean": 3709440.75,
        "median": 2491752.25,
        "min": 1409163.25,
        "skew": 4.60222768784,
        "var": 1.16673185055e+13
    },
    "spectral_strongpeak": {
        "kurt": 50.4954566956,
        "max": 0.549464643002,
        "mean": 0.0266305636615,
        "median": 0.00964717008173,
        "min": 3.0754601994e-06,
        "skew": 6.42038822174,
        "var": 0.00359569373541
    },
    "zerocrossingrate": {
        "kurt": 4.22702646255,
        "max": 0.08984375,
        "mean": 0.0352317132056,
        "median": 0.033447265625,
        "min": 0.0048828125,
        "skew": 1.51437103748,
        "var": 0.000153538043378
    },
    "barkbands": {
        "kurt": [90.3451004028, 101.581413269, 103.188461304, 104.157226562, 98.8995666504, 97.311088562, 85.4164962769, 59.9322433472, 10.2822360992, 23.1145553589, 35.8587341309, 89.6160507202, 72.3401565552, 63.4768676758, 65.2258605957, 71.6292800903, 56.0430755615, 45.9460029602, 88.1304779053, 90.8890914917, 59.1893157959, 47.0939254761, 53.8216285706, 50.4710121155, 48.2011947632, 27.8999996185, 15.571428299],
        "max": [1.09957420591e-06, 0.000420423602918, 0.00248109037057, 0.0028848410584, 0.00340270227753, 0.00275460886769, 0.00101705384441, 9.90089465631e-05, 4.22165830969e-05, 8.96309356904e-05, 5.6421275076e-05, 0.000421997567173, 0.000166058482137, 0.000185447192052, 0.000233775528613, 0.000288513867417, 0.000274325400824, 0.000220764806727, 0.00020350079285, 0.000104863851448, 3.38947211276e-05, 4.25292728323e-06, 7.93686581346e-07, 1.40048186381e-07, 1.5356507177e-08, 1.13692784354e-10, 5.71572789099e-11],
        "mean": [1.6355219401e-08, 4.77985531688e-06, 2.88029568765e-05, 3.4211701859e-05, 5.62105124118e-05, 4.47000602435e-05, 1.9563427486e-05, 3.09611186822e-06, 3.39799089488e-06, 4.87184843223e-06, 2.61978175331e-06, 7.90424655861e-06, 4.195589554e-06, 4.62478374175e-06, 5.595822131e-06, 6.54417954138e-06, 6.74140983392e-06, 6.18098465566e-06, 3.33802131536e-06, 1.62500396073e-06, 6.81909284594e-07, 1.00599265807e-07, 1.63973989942e-08, 2.99174129914e-09, 4.59621452009e-10, 1.82461164233e-11, 4.24740234303e-12],
        "median": [9.79801573209e-10, 6.49551239462e-08, 2.50373346944e-07, 6.18173544353e-07, 1.82126336767e-06, 1.13416967906e-06, 4.67087431844e-07, 1.25209069779e-07, 2.21746830675e-07, 2.52170309523e-07, 1.43624859561e-07, 2.33521149084e-07, 1.04089721731e-07, 9.07706194653e-08, 8.32653341831e-08, 6.53839435927e-08, 4.1837594722e-08, 2.6272488185e-08, 1.17985763382e-08, 3.64464947111e-09, 2.00220151569e-09, 6.62712607014e-10, 1.69148944851e-10, 1.08556309775e-10, 1.35680633395e-10, 1.56494921189e-11, 8.19450735566e-13],
        "min": [8.56160736924e-13, 4.5673738229e-12, 6.58631916367e-12, 8.31282525454e-12, 1.37665226441e-11, 5.97753834278e-12, 1.44206677849e-11, 7.0246304433e-12, 7.32592805863e-12, 1.13332130139e-12, 3.13396010532e-13, 4.34427797555e-12, 1.04090286737e-11, 1.89845036393e-12, 1.67039819476e-12, 4.4073533885e-12, 2.87444677435e-12, 1.49731312418e-12, 2.44589071219e-12, 4.34807051475e-12, 1.21910424464e-12, 2.87604120207e-12, 7.05597743862e-13, 9.57339893123e-13, 1.00000205599e-12, 4.57690851365e-13, 2.60006073746e-13],
        "skew": [9.36747455597, 10.1105670929, 10.2148189545, 10.2828912735, 9.90909004211, 9.80909442902, 9.00860977173, 7.19421815872, 3.23537683487, 4.42687606812, 5.30605649948, 9.27782440186, 8.06609630585, 7.65923261642, 7.69938468933, 8.12327671051, 7.22867441177, 6.79845380783, 9.22471046448, 9.40114116669, 7.51283740997, 6.92140483856, 7.26125097275, 7.11185932159, 7.0302901268, 4.8192243576, 3.83688473701],
        "var": [1.15932713394e-14, 1.61085333961e-09, 5.56428645382e-08, 7.48470228018e-08, 1.05782078208e-07, 6.99225211065e-08, 1.01027195498e-08, 1.11247351609e-10, 5.8566616834e-11, 1.52452078739e-10, 4.52574366872e-11, 1.69983305209e-09, 2.88515406011e-10, 3.91154164614e-10, 6.07939421027e-10, 8.84592676886e-10, 9.28668697497e-10, 8.54830539687e-10, 4.00912136822e-10, 1.05006718598e-10, 1.39553238757e-11, 3.10659131883e-13, 8.38611322176e-15, 2.85471808444e-16, 3.99746694263e-18, 1.66217725895e-22, 1.00310101204e-22],
        "cov": [[1.16996315725e-14, 4.26732824424e-12, 2.50623775205e-11, 2.88163694295e-11, 3.46141067198e-11, 2.82340158198e-11, 1.06511657133e-11, 1.03488506827e-12, 2.55165571832e-13, 9.6136044004e-13, 5.94798299156e-13, 4.27881037893e-12, 1.69168455286e-12, 1.88283785264e-12, 2.4895328854e-12, 1.17358770271e-12, 2.85235528773e-12, 2.17989927324e-12, 2.08513675076e-12, 1.0677385625e-12, 3.52290977423e-13, 4.17927140377e-14, 5.63410910536e-15, 1.13256394213e-15, 1.5652775789e-16, 1.08913682183e-18, 4.34753980743e-19], [4.26732824424e-12, 1.62563185135e-09, 9.51472856059e-09, 1.09884332744e-08, 1.3065259985e-08, 1.06480824158e-08, 3.89905574494e-09, 3.84609288862e-10, 6.62184751477e-11, 3.45238615473e-10, 2.12273545963e-10, 1.60985247355e-09, 6.32054908412e-10, 7.10780989621e-10, 8.9914581336e-10, 4.03006572558e-10, 1.04488839803e-09, 8.0825890425e-10, 7.77031938792e-10, 4.0048989125e-10, 1.28996896498e-10, 1.52217231875e-11, 2.03904818377e-12, 4.12395974574e-13, 5.76973297156e-14, 3.81373566946e-16, 1.25933761634e-16], [2.50623775205e-11, 9.51472856059e-09, 5.6153350414e-08, 6.49356550753e-08, 7.68105010707e-08, 6.2337058182e-08, 2.30746710628e-08, 2.26166108064e-09, 3.84631521078e-10, 2.03431027579e-09, 1.27319388366e-09, 9.56697032706e-09, 3.76936837299e-09, 4.18056389506e-09, 5.32071098291e-09, 2.37641262224e-09, 6.21323659189e-09, 4.7805190917e-09, 4.59132554198e-09, 2.36805086651e-09, 7.65144503312e-10, 9.01752769678e-11, 1.21085658861e-11, 2.44682074081e-12, 3.41728978014e-13, 2.23062992638e-15, 7.23065122622e-16], [2.88163694295e-11, 1.09884332744e-08, 6.49356550753e-08, 7.55336913016e-08, 8.89571083462e-08, 7.19861361631e-08, 2.66361670498e-08, 2.58778509732e-09, 3.84252324404e-10, 2.32149588442e-09, 1.47538048445e-09, 1.10323066238e-08, 4.34200186916e-09, 4.81952255882e-09, 6.10855144245e-09, 2.69729860669e-09, 7.15371450966e-09, 5.50684164935e-09, 5.31551602734e-09, 2.73969624764e-09, 8.8399543241e-10, 1.04064680484e-10, 1.39109652617e-11, 2.81753179815e-12, 3.94862853352e-13, 2.55684158436e-15, 7.98849795687e-16], [3.46141067198e-11, 1.3065259985e-08, 7.68105010707e-08, 8.89571083462e-08, 1.06752558793e-07, 8.64987086402e-08, 3.21879021214e-08, 3.21689475058e-09, 7.11382619478e-10, 3.03366398668e-09, 1.82380910374e-09, 1.31804860359e-08, 5.24265431068e-09, 5.80710057818e-09, 7.38166949787e-09, 3.36298100478e-09, 8.58837712059e-09, 6.60538956865e-09, 6.32663388345e-09, 3.25516813504e-09, 1.05173758591e-09, 1.23897989091e-10, 1.66253451978e-11, 3.34246237459e-12, 4.66159717164e-13, 3.14070435952e-15, 1.11202434607e-15], [2.82340158198e-11, 1.06480824158e-08, 6.2337058182e-08, 7.19861361631e-08, 8.64987086402e-08, 7.05640132992e-08, 2.61076422703e-08, 2.60036059352e-09, 5.77722425454e-10, 2.45121101194e-09, 1.47641299186e-09, 1.06448503345e-08, 4.23612389611e-09, 4.72084993319e-09, 5.9990186152e-09, 2.74678968459e-09, 6.94584922911e-09, 5.35472510776e-09, 5.12675812914e-09, 2.63765675967e-09, 8.51704762272e-10, 1.00419651761e-10, 1.34765931054e-11, 2.70738076055e-12, 3.77867631933e-13, 2.56499660582e-15, 9.22448631592e-16], [1.06511657133e-11, 3.89905574494e-09, 2.30746710628e-08, 2.66361670498e-08, 3.21879021214e-08, 2.61076422703e-08, 1.01954054088e-08, 9.68472635421e-10, 2.6919258489e-10, 9.49226697244e-10, 5.81258485788e-10, 4.03266930959e-09, 1.62646751622e-09, 1.75442083084e-09, 2.30551400193e-09, 1.08309305968e-09, 2.66680477701e-09, 2.01956606993e-09, 1.93006055582e-09, 9.89018089648e-10, 3.2558658547e-10, 3.83286700989e-11, 5.17967743349e-12, 1.03326852283e-12, 1.43160684045e-13, 1.01140043182e-15, 4.18799055976e-16], [1.03488506827e-12, 3.84609288862e-10, 2.26166108064e-09, 2.58778509732e-09, 3.21689475058e-09, 2.60036059352e-09, 9.68472635421e-10, 1.12267965757e-10, 4.45702051655e-11, 1.14970220844e-10, 6.06740491182e-11, 4.05319805497e-10, 1.67080294045e-10, 1.82357365319e-10, 2.31301783282e-10, 1.17324469584e-10, 2.68172817286e-10, 2.07859812695e-10, 1.88355789299e-10, 9.7163922741e-11, 3.16724910188e-11, 3.75301222391e-12, 5.18187977337e-13, 1.01732119636e-13, 1.37814183283e-14, 9.72820450121e-17, 4.29066160706e-17], [2.55165571832e-13, 6.62184751477e-11, 3.84631521078e-10, 3.84252324404e-10, 7.11382619478e-10, 5.77722425454e-10, 2.6919258489e-10, 4.45702051655e-11, 5.91039300835e-11, 6.88533188797e-11, 2.66393504478e-11, 1.03938475882e-10, 5.23176987843e-11, 5.10237199713e-11, 7.37261016126e-11, 6.04801000947e-11, 7.93039731106e-11, 6.03174871161e-11, 4.11440256864e-11, 2.03642571556e-11, 7.97338063629e-12, 9.47614491216e-13, 1.49159181642e-13, 2.57294982168e-14, 2.75277406935e-15, 4.36592180791e-17, 4.43051104799e-17], [9.6136044004e-13, 3.45238615473e-10, 2.03431027579e-09, 2.32149588442e-09, 3.03366398668e-09, 2.45121101194e-09, 9.49226697244e-10, 1.14970220844e-10, 6.88533188797e-11, 1.53850723827e-10, 6.71218566839e-11, 3.82750553474e-10, 1.65712318867e-10, 1.80954293216e-10, 2.26736962539e-10, 1.35464445217e-10, 2.62913829596e-10, 2.09522954542e-10, 1.78585313204e-10, 9.13205691622e-11, 3.0411131946e-11, 3.69799633623e-12, 5.26965081814e-13, 9.92517632209e-14, 1.30406770045e-14, 9.89386694033e-17, 5.39750999948e-17], [5.94798299156e-13, 2.12273545963e-10, 1.27319388366e-09, 1.47538048445e-09, 1.82380910374e-09, 1.47641299186e-09, 5.81258485788e-10, 6.06740491182e-11, 2.66393504478e-11, 6.71218566839e-11, 4.56726427511e-11, 2.44991471554e-10, 1.06700349944e-10, 1.18778986646e-10, 1.50852039194e-10, 1.20442683604e-10, 1.83956974653e-10, 1.57739404871e-10, 1.17589035731e-10, 5.96868526825e-11, 2.17752517406e-11, 2.90451235112e-12, 4.33718002919e-13, 8.24364312707e-14, 1.03987422785e-14, 6.13394592099e-17, 2.85629700679e-17], [4.27881037893e-12, 1.60985247355e-09, 9.56697032706e-09, 1.10323066238e-08, 1.31804860359e-08, 1.06448503345e-08, 4.03266930959e-09, 4.05319805497e-10, 1.03938475882e-10, 3.82750553474e-10, 2.44991471554e-10, 1.71542791083e-09, 6.95907276249e-10, 7.75239761275e-10, 9.77234737576e-10, 5.83439685453e-10, 1.17419929335e-09, 9.50599821081e-10, 8.14368683599e-10, 4.19189433165e-10, 1.42152151161e-10, 1.77119482275e-11, 2.51364445751e-12, 4.94736521715e-13, 6.58033401531e-14, 4.01166688751e-16, 1.45234797e-16], [1.69168455286e-12, 6.32054908412e-10, 3.76936837299e-09, 4.34200186916e-09, 5.24265431068e-09, 4.23612389611e-09, 1.62646751622e-09, 1.67080294045e-10, 5.23176987843e-11, 1.65712318867e-10, 1.06700349944e-10, 6.95907276249e-10, 2.91162316479e-10, 3.25096644049e-10, 4.06177702583e-10, 2.81676904024e-10, 4.95240459752e-10, 4.13791112486e-10, 3.30406368931e-10, 1.69796149363e-10, 5.92705953761e-11, 7.65145065362e-12, 1.11950520468e-12, 2.16247728274e-13, 2.80427858533e-14, 1.62263587076e-16, 6.21107555002e-17], [1.88283785264e-12, 7.10780989621e-10, 4.18056389506e-09, 4.81952255882e-09, 5.80710057818e-09, 4.72084993319e-09, 1.75442083084e-09, 1.82357365319e-10, 5.10237199713e-11, 1.80954293216e-10, 1.18778986646e-10, 7.75239761275e-10, 3.25096644049e-10, 3.94742738496e-10, 4.7906772993e-10, 4.23025781071e-10, 5.9822152787e-10, 5.43111833284e-10, 3.85725118512e-10, 1.97063074192e-10, 7.25730725515e-11, 1.01418509008e-11, 1.54613767536e-12, 2.9437596024e-13, 3.68521775324e-14, 1.8186580883e-16, 6.32969258812e-17], [2.4895328854e-12, 8.9914581336e-10, 5.32071098291e-09, 6.10855144245e-09, 7.38166949787e-09, 5.9990186152e-09, 2.30551400193e-09, 2.31301783282e-10, 7.37261016126e-11, 2.26736962539e-10, 1.50852039194e-10, 9.77234737576e-10, 4.06177702583e-10, 4.7906772993e-10, 6.13516848436e-10, 4.94041252352e-10, 7.4583272891e-10, 6.49935161245e-10, 4.8705806055e-10, 2.47857373514e-10, 9.10035866108e-11, 1.23565766993e-11, 1.85253960609e-12, 3.55018315093e-13, 4.49041879255e-14, 2.46563482361e-16, 1.01383530744e-16], [1.17358770271e-12, 4.03006572558e-10, 2.37641262224e-09, 2.69729860669e-09, 3.36298100478e-09, 2.74678968459e-09, 1.08309305968e-09, 1.17324469584e-10, 6.04801000947e-11, 1.35464445217e-10, 1.20442683604e-10, 5.83439685453e-10, 2.81676904024e-10, 4.23025781071e-10, 4.94041252352e-10, 8.92708240663e-10, 6.97367497082e-10, 7.98938581958e-10, 3.39645450653e-10, 1.67812486129e-10, 8.49301601269e-11, 1.52330092984e-11, 2.64184464235e-12, 4.77532455852e-13, 5.2908930492e-14, 1.55290282459e-16, 6.50353418914e-17], [2.85235528773e-12, 1.04488839803e-09, 6.21323659189e-09, 7.15371450966e-09, 8.58837712059e-09, 6.94584922911e-09, 2.66680477701e-09, 2.68172817286e-10, 7.93039731106e-11, 2.62913829596e-10, 1.83956974653e-10, 1.17419929335e-09, 4.95240459752e-10, 5.9822152787e-10, 7.4583272891e-10, 6.97367497082e-10, 9.37188548988e-10, 8.56028359308e-10, 5.89409909768e-10, 2.99926472547e-10, 1.14099986404e-10, 1.62159192324e-11, 2.50386495391e-12, 4.7467173421e-13, 5.86535960317e-14, 2.85382869985e-16, 1.07870777416e-16], [2.17989927324e-12, 8.0825890425e-10, 4.7805190917e-09, 5.50684164935e-09, 6.60538956865e-09, 5.35472510776e-09, 2.01956606993e-09, 2.07859812695e-10, 6.03174871161e-11, 2.09522954542e-10, 1.57739404871e-10, 9.50599821081e-10, 4.13791112486e-10, 5.43111833284e-10, 6.49935161245e-10, 7.98938581958e-10, 8.56028359308e-10, 8.626729886e-10, 4.99550789623e-10, 2.52585757865e-10, 1.04546767077e-10, 1.63245077178e-11, 2.64846196189e-12, 4.92304873083e-13, 5.83023619617e-14, 2.25819142557e-16, 7.62867716974e-17], [2.08513675076e-12, 7.77031938792e-10, 4.59132554198e-09, 5.31551602734e-09, 6.32663388345e-09, 5.12675812914e-09, 1.93006055582e-09, 1.88355789299e-10, 4.11440256864e-11, 1.78585313204e-10, 1.17589035731e-10, 8.14368683599e-10, 3.30406368931e-10, 3.85725118512e-10, 4.8705806055e-10, 3.39645450653e-10, 5.89409909768e-10, 4.99550789623e-10, 4.04590250191e-10, 2.06814759762e-10, 7.27019902613e-11, 9.51484377398e-12, 1.38417272436e-12, 2.69234612903e-13, 3.51103491441e-14, 1.97854839494e-16, 6.99281880066e-17], [1.0677385625e-12, 4.0048989125e-10, 2.36805086651e-09, 2.73969624764e-09, 3.25516813504e-09, 2.63765675967e-09, 9.89018089648e-10, 9.7163922741e-11, 2.03642571556e-11, 9.13205691622e-11, 5.96868526825e-11, 4.19189433165e-10, 1.69796149363e-10, 1.97063074192e-10, 2.47857373514e-10, 1.67812486129e-10, 2.99926472547e-10, 2.52585757865e-10, 2.06814759762e-10, 1.05970079933e-10, 3.6927096797e-11, 4.79425874e-12, 6.94754150043e-13, 1.35397728728e-13, 1.77396126082e-14, 1.00132218235e-16, 3.43359363548e-17], [3.52290977423e-13, 1.28996896498e-10, 7.65144503312e-10, 8.8399543241e-10, 1.05173758591e-09, 8.51704762272e-10, 3.2558658547e-10, 3.16724910188e-11, 7.97338063629e-12, 3.0411131946e-11, 2.17752517406e-11, 1.42152151161e-10, 5.92705953761e-11, 7.25730725515e-11, 9.10035866108e-11, 8.49301601269e-11, 1.14099986404e-10, 1.04546767077e-10, 7.27019902613e-11, 3.6927096797e-11, 1.40833542744e-11, 2.0033608019e-12, 3.08465601152e-13, 5.86176005196e-14, 7.26988303948e-15, 3.5547663308e-17, 1.32565288457e-17], [4.17927140377e-14, 1.52217231875e-11, 9.01752769678e-11, 1.04064680484e-10, 1.23897989091e-10, 1.00419651761e-10, 3.83286700989e-11, 3.75301222391e-12, 9.47614491216e-13, 3.69799633623e-12, 2.90451235112e-12, 1.77119482275e-11, 7.65145065362e-12, 1.01418509008e-11, 1.23565766993e-11, 1.52330092984e-11, 1.62159192324e-11, 1.63245077178e-11, 9.51484377398e-12, 4.79425874e-12, 2.0033608019e-12, 3.13509228344e-13, 5.07939400447e-14, 9.45163916479e-15, 1.12105954064e-15, 4.37538508499e-18, 1.50346673097e-18], [5.63410910536e-15, 2.03904818377e-12, 1.21085658861e-11, 1.39109652617e-11, 1.66253451978e-11, 1.34765931054e-11, 5.17967743349e-12, 5.18187977337e-13, 1.49159181642e-13, 5.26965081814e-13, 4.33718002919e-13, 2.51364445751e-12, 1.11950520468e-12, 1.54613767536e-12, 1.85253960609e-12, 2.64184464235e-12, 2.50386495391e-12, 2.64846196189e-12, 1.38417272436e-12, 6.94754150043e-13, 3.08465601152e-13, 5.07939400447e-14, 8.46305007139e-15, 1.55619180059e-15, 1.80071237183e-16, 6.1897940747e-19, 2.11158000957e-19], [1.13256394213e-15, 4.12395974574e-13, 2.44682074081e-12, 2.81753179815e-12, 3.34246237459e-12, 2.70738076055e-12, 1.03326852283e-12, 1.01732119636e-13, 2.57294982168e-14, 9.92517632209e-14, 8.24364312707e-14, 4.94736521715e-13, 2.16247728274e-13, 2.9437596024e-13, 3.55018315093e-13, 4.77532455852e-13, 4.7467173421e-13, 4.92304873083e-13, 2.69234612903e-13, 1.35397728728e-13, 5.86176005196e-14, 9.45163916479e-15, 1.55619180059e-15, 2.88090834317e-16, 3.36769248695e-17, 1.21946998408e-19, 4.10287044511e-20], [1.5652775789e-16, 5.76973297156e-14, 3.41728978014e-13, 3.94862853352e-13, 4.66159717164e-13, 3.77867631933e-13, 1.43160684045e-13, 1.37814183283e-14, 2.75277406935e-15, 1.30406770045e-14, 1.03987422785e-14, 6.58033401531e-14, 2.80427858533e-14, 3.68521775324e-14, 4.49041879255e-14, 5.2908930492e-14, 5.86535960317e-14, 5.83023619617e-14, 3.51103491441e-14, 1.77396126082e-14, 7.26988303948e-15, 1.12105954064e-15, 1.80071237183e-16, 3.36769248695e-17, 4.03414082227e-18, 1.61422551706e-20, 5.27814457296e-21], [1.08913682183e-18, 3.81373566946e-16, 2.23062992638e-15, 2.55684158436e-15, 3.14070435952e-15, 2.56499660582e-15, 1.01140043182e-15, 9.72820450121e-17, 4.36592180791e-17, 9.89386694033e-17, 6.13394592099e-17, 4.01166688751e-16, 1.62263587076e-16, 1.8186580883e-16, 2.46563482361e-16, 1.55290282459e-16, 2.85382869985e-16, 2.25819142557e-16, 1.97854839494e-16, 1.00132218235e-16, 3.5547663308e-17, 4.37538508499e-18, 6.1897940747e-19, 1.21946998408e-19, 1.61422551706e-20, 1.67742663445e-22, 1.08935291771e-22], [4.34753980743e-19, 1.25933761634e-16, 7.23065122622e-16, 7.98849795687e-16, 1.11202434607e-15, 9.22448631592e-16, 4.18799055976e-16, 4.29066160706e-17, 4.43051104799e-17, 5.39750999948e-17, 2.85629700679e-17, 1.45234797e-16, 6.21107555002e-17, 6.32969258812e-17, 1.01383530744e-16, 6.50353418914e-17, 1.07870777416e-16, 7.62867716974e-17, 6.99281880066e-17, 3.43359363548e-17, 1.32565288457e-17, 1.50346673097e-18, 2.11158000957e-19, 4.10287044511e-20, 5.27814457296e-21, 1.08935291771e-22, 1.01230380025e-22]]
    },
    "mfcc": {
        "kurt": [-0.243913888931, -1.24760210514, 0.519958257675, 2.17451667786, 1.65282297134, -0.310397863388, -0.322700738907, -0.247490167618, -0.381245613098, -0.196774244308, -0.306225538254, -0.188942909241, 1.12580680847],
        "max": [-697.951538086, 190.349914551, 42.1161231995, 76.4494476318, 41.7061805725, 13.4156341553, 10.351398468, 7.95591926575, 5.57294082642, 3.77268981934, 2.15779495239, 5.63725280762, 9.29656982422],
        "mean": [-1009.22509766, 98.5366744995, 5.81590652466, 7.56022930145, 6.03739452362, -6.7431139946, -6.82467412949, -7.08925962448, -10.1294536591, -12.9390659332, -11.651597023, -8.27809238434, -6.40059089661],
        "median": [-1035.83422852, 95.249458313, 15.6038208008, 7.13730239868, 5.27300262451, -5.99591827393, -7.13357925415, -6.16637039185, -10.3559761047, -13.6004943848, -12.0965175629, -8.32848358154, -6.54522705078],
        "min": [-1138.42004395, 1.14440917969e-05, -121.035339355, -26.4314041138, -15.3817100525, -35.757106781, -23.1504364014, -23.1502838135, -25.5261383057, -26.9393386841, -25.800359726, -18.8518295288, -23.9643058777],
        "skew": [0.798726320267, -0.0329056493938, -1.08521437645, 0.757804274559, 0.561092317104, -0.292578577995, 0.0250190030783, -0.177412509918, 0.0904419347644, 0.267472088337, 0.0254235379398, 0.321360677481, -0.0807588249445],
        "var": [9752.56054688, 2461.51171875, 1171.3918457, 245.630523682, 73.5950393677, 109.500869751, 53.2396392822, 41.057510376, 43.3722648621, 43.006023407, 34.9654655457, 25.1707191467, 26.2555980682],
        "cov": [[9842.03320312, 4494.34619141, -3045.81958008, 236.66859436, 212.344818115, -642.197265625, -143.410308838, -246.639923096, -291.745300293, -338.911376953, -207.372619629, -65.588722229, -151.41166687], [4494.34619141, 2484.09423828, -1159.76098633, -122.273910522, 80.1976623535, -382.05847168, -154.836654663, -121.115585327, -184.729782104, -212.284240723, -152.023422241, -90.5778274536, -117.150939941], [-3045.81958008, -1159.76098633, 1182.1385498, -113.526878357, -108.338653564, 180.63230896, 4.39449310303, 55.6189956665, 59.8621330261, 71.0606384277, 40.4562530518, -8.92633533478, 31.2239398956], [236.66859436, -122.273910522, -113.526878357, 247.884017944, 30.2287998199, 40.2569160461, 68.5764465332, -13.6391620636, 15.6223468781, 33.4122962952, 37.206237793, 36.4403877258, 28.7195987701], [212.344818115, 80.1976623535, -108.338653564, 30.2287998199, 74.2702178955, -0.397180259228, 12.0014467239, 15.1671543121, -3.54661822319, 4.16195201874, 8.2405796051, 2.95752334595, -1.22944557667], [-642.197265625, -382.05847168, 180.63230896, 40.2569160461, -0.397180259228, 110.505462646, 42.799785614, 27.2058086395, 36.666343689, 31.1216220856, 31.8226470947, 21.9653091431, 27.6625728607], [-143.410308838, -154.836654663, 4.39449310303, 68.5764465332, 12.0014467239, 42.799785614, 53.7280769348, 16.7538070679, 17.9738883972, 24.1818313599, 19.4853248596, 17.2679843903, 14.3122081757], [-246.639923096, -121.115585327, 55.6189956665, -13.6391620636, 15.1671543121, 27.2058086395, 16.7538070679, 41.4341850281, 24.4868183136, 16.6963882446, 17.1493854523, 4.64226198196, 5.11715555191], [-291.745300293, -184.729782104, 59.8621330261, 15.6223468781, -3.54661822319, 36.666343689, 17.9738883972, 24.4868183136, 43.7701759338, 30.7524547577, 22.2751808167, 16.4980049133, 13.4947433472], [-338.911376953, -212.284240723, 71.0606384277, 33.4122962952, 4.16195201874, 31.1216220856, 24.1818313599, 16.6963882446, 30.7524547577, 43.4005737305, 30.7964820862, 16.0085048676, 15.3324975967], [-207.372619629, -152.023422241, 40.4562530518, 37.206237793, 8.2405796051, 31.8226470947, 19.4853248596, 17.1493854523, 22.2751808167, 30.7964820862, 35.2862510681, 21.1287345886, 15.4426059723], [-65.588722229, -90.5778274536, -8.92633533478, 36.4403877258, 2.95752334595, 21.9653091431, 17.2679843903, 4.64226198196, 16.4980049133, 16.0085048676, 21.1287345886, 25.4016418457, 18.7137451172], [-151.41166687, -117.150939941, 31.2239398956, 28.7195987701, -1.22944557667, 27.6625728607, 14.3122081757, 5.11715555191, 13.4947433472, 15.3324975967, 15.4426059723, 18.7137451172, 26.4964752197]]
    },
    "sccoeffs": {
        "kurt": [-0.726200819016, 1.4200091362, 1.56726551056, -0.250766515732, -1.22977399826, -0.0521488189697],
        "max": [-0.534043967724, -0.624674916267, -0.750014603138, -0.813593447208, -0.763374090195, -0.715698540211],
        "mean": [-0.738014221191, -0.825279712677, -0.878289818764, -0.880763947964, -0.850359320641, -0.848741292953],
        "median": [-0.742354035378, -0.829923927784, -0.88483953476, -0.885129988194, -0.841314077377, -0.876900434494],
        "min": [-0.944842815399, -0.959900379181, -0.93705111742, -0.92331880331, -0.94572687149, -0.939523398876],
        "skew": [0.202331840992, 0.722363889217, 1.11317276955, 0.624184727669, -0.218483552337, 1.1725590229],
        "var": [0.00724205654114, 0.00313589326106, 0.0010252360953, 0.000690185639542, 0.00174677337054, 0.00300249783322],
        "cov": [[0.00730849755928, 0.0026860719081, 0.00117674167268, 0.00142959004734, 0.00284321024083, 0.00309688202105], [0.0026860719081, 0.00316466297954, 0.000658565375488, 0.000688226893544, 0.00110052782111, 0.00158038048539], [0.00117674167268, 0.000658565375488, 0.00103464198764, 0.000510363490321, 0.000742612406611, 0.00106617959682], [0.00142959004734, 0.000688226893544, 0.000510363490321, 0.000696517585311, 0.00079688988626, 0.0010389938252], [0.00284321024083, 0.00110052782111, 0.000742612406611, 0.00079688988626, 0.0017627987545, 0.0014507175656], [0.00309688202105, 0.00158038048539, 0.00106617959682, 0.0010389938252, 0.0014507175656, 0.00303004356101]]
    },
    "scvalleys": {
        "kurt": [3.72226810455, -0.101655244827, 0.637106657028, -0.382355213165, 0.247175693512, 8.77913951874],
        "max": [-5.05792665482, -5.83920860291, -6.77517557144, -6.31078386307, -6.90647745132, -10.9640388489],
        "mean": [-9.42374706268, -9.01969146729, -9.44122219086, -10.0638074875, -11.2381410599, -14.0209474564],
        "median": [-9.62091445923, -9.20706367493, -9.3549079895, -10.0144481659, -11.9725036621, -14.2209606171],
        "min": [-13.8963060379, -13.8645105362, -15.5773763657, -15.1290168762, -15.4494667053, -16.4308261871],
        "skew": [0.395253717899, -0.24284234643, -0.504685282707, 0.0139500051737, 0.782675385475, 2.10980629921],
        "var": [1.15242409706, 2.06891989708, 2.42704892159, 2.73974609375, 2.18544721603, 0.428060024977],
        "cov": [[1.16299688816, 1.32574772835, 1.42442417145, 1.52521979809, 1.37321650982, 0.50293970108], [1.32574772835, 2.08790063858, 2.19296598434, 2.29043483734, 1.88616859913, 0.513195931911], [1.42442417145, 2.19296598434, 2.44931530952, 2.51511931419, 2.03967952728, 0.558246791363], [1.52521979809, 2.29043483734, 2.51511931419, 2.76488137245, 2.32291030884, 0.696769654751], [1.37321650982, 1.88616859913, 2.03967952728, 2.32291030884, 2.20549726486, 0.758102059364], [0.50293970108, 0.513195931911, 0.558246791363, 0.696769654751, 0.758102059364, 0.431987166405]]
    }
},
"rhythm": {
    "beats_loudness": {
        "kurt": -1.49999964237,
        "max": 0.00019918657199,
        "mean": 7.01450480847e-05,
        "median": 1.04143755379e-05,
        "min": 8.34197351196e-07,
        "skew": 0.70127594471,
        "var": 8.34115354564e-09
    },
    "bpm": 87.5926971436,
    "confidence": 0,
    "first_peak_bpm": {
        "kurt": 0,
        "max": 88,
        "mean": 88,
        "median": 88,
        "min": 88,
        "skew": 0,
        "var": 0
    },
    "first_peak_spread": {
        "kurt": 0,
        "max": 0,
        "mean": 0,
        "median": 0,
        "min": 0,
        "skew": 0,
        "var": 0
    },
    "first_peak_weight": {
        "kurt": 0,
        "max": 1,
        "mean": 1,
        "median": 1,
        "min": 1,
        "skew": 0,
        "var": 0
    },
    "onset_rate": 0.397946208715,
    "second_peak_bpm": {
        "kurt": 0,
        "max": 0,
        "mean": 0,
        "median": 0,
        "min": 0,
        "skew": 0,
        "var": 0
    },
    "second_peak_spread": {
        "kurt": 0,
        "max": 0,
        "mean": 0,
        "median": 0,
        "min": 0,
        "skew": 0,
        "var": 0
    },
    "second_peak_weight": {
        "kurt": 0,
        "max": 0,
        "mean": 0,
        "median": 0,
        "min": 0,
        "skew": 0,
        "var": 0
    },
    "beats_loudness_band_ratio": {
        "kurt": [-1.50000047684, -1.50000047684, -1.50000083447, -1.50000011921, -1.5, -1.49999976158],
        "max": [0.327280133963, 0.53061234951, 0.233244642615, 0.262051820755, 0.101699449122, 0.0109613845125],
        "mean": [0.233756974339, 0.489807128906, 0.189695358276, 0.152040183544, 0.0557398013771, 0.00663569709286],
        "median": [0.271727889776, 0.483184874058, 0.170123636723, 0.105368427932, 0.0363307856023, 0.00652520218864],
        "min": [0.102262951434, 0.455624103546, 0.165717765689, 0.088700287044, 0.0291891749948, 0.00242050364614],
        "skew": [-0.532665848732, 0.310963779688, 0.696301877499, 0.683019638062, 0.68178576231, 0.0474901050329],
        "var": [0.00915968231857, 0.000959133089054, 0.000951505789999, 0.00609758496284, 0.00106464501005, 1.21638777273e-05],
        "cov": [[0.0137395234779, 0.00169452966657, -0.00423366529867, -0.0110808946192, 0.000907100387849, 0.00047731451923], [0.00169452966657, 0.00143869966269, -0.000133698107675, -0.000858870917, -0.00126295629889, 0.00010410087998], [-0.00423366529867, -0.000133698107675, 0.0014272587141, 0.00357483769767, -0.000713804503903, -0.000132790199132], [-0.0110808946192, -0.000858870917, 0.00357483769767, 0.00914637744427, -0.00129926064983, -0.000366275955457], [0.000907100387849, -0.00126295629889, -0.000713804503903, -0.00129926064983, 0.00159696745686, -1.90576283785e-05], [0.00047731451923, 0.00010410087998, -0.000132790199132, -0.000366275955457, -1.90576283785e-05, 1.82458170457e-05]]
    },
    "beats_position": [0.673378646374, 1.35836732388, 2.04335594177],
    "bpm_estimates": [87.5926895142, 87.5926971436],
    "bpm_intervals": [0.684988677502, 0.684988617897],
    "onset_times": [0.197369620204],
    "histogram": [[0, 0, 0, 0, 0, 0, 0, 0, 0, 0, 0, 0, 0, 0, 0, 0, 0, 0, 0, 0, 0, 0, 0, 0, 0, 0, 0, 0, 0, 0, 0, 0, 0, 0, 0, 0, 0, 0, 0, 0, 0, 0, 0, 0, 0, 0, 0, 0, 0, 0, 0, 0, 0, 0, 0, 0, 0, 0, 0, 0, 0, 0, 0, 0, 0, 0, 0, 0, 0, 0, 0, 0, 0, 0, 0, 0, 0, 0, 0, 0, 0, 0, 0, 0, 0, 0, 0, 0, 1, 0, 0, 0, 0, 0, 0, 0, 0, 0, 0, 0, 0, 0, 0, 0, 0, 0, 0, 0, 0, 0, 0, 0, 0, 0, 0, 0, 0, 0, 0, 0, 0, 0, 0, 0, 0, 0, 0, 0, 0, 0, 0, 0, 0, 0, 0, 0, 0, 0, 0, 0, 0, 0, 0, 0, 0, 0, 0, 0, 0, 0, 0, 0, 0, 0, 0, 0, 0, 0, 0, 0, 0, 0, 0, 0, 0, 0, 0, 0, 0, 0, 0, 0, 0, 0, 0, 0, 0, 0, 0, 0, 0, 0, 0, 0, 0, 0, 0, 0, 0, 0, 0, 0, 0, 0, 0, 0, 0, 0, 0, 0, 0, 0, 0, 0, 0, 0, 0, 0, 0, 0, 0, 0, 0, 0, 0, 0, 0, 0, 0, 0, 0, 0, 0, 0, 0, 0, 0, 0, 0, 0, 0, 0, 0, 0, 0, 0, 0, 0, 0, 0, 0, 0, 0, 0, 0, 0, 0, 0, 0, 0]]
},
"sfx": {
    "inharmonicity": {
        "kurt": 0.683816671371,
        "max": 0.259034276009,
        "mean": 0.0804478898644,
        "median": 0.072465389967,
        "min": 0.000325066182995,
        "skew": 1.03887116909,
        "var": 0.0034079765901
    },
    "oddtoevenharmonicenergyratio": {
        "kurt": 6.98937797546,
        "max": 4.63069629669,
        "mean": 0.655309557915,
        "median": 0.384528398514,
        "min": 0.0213910229504,
        "skew": 2.41144132614,
        "var": 0.630358815193
    },
    "pitch_after_max_to_before_max_energy_ratio": 1.00276362896,
    "pitch_centroid": 47.1648139954,
    "pitch_max_to_total": 0.0818181782961,
    "pitch_min_to_total": 0.672727286816,
    "tristimulus": {
        "kurt": [0.38642168045, 1.50910186768, 1.46559000015],
        "max": [0.872404932976, 0.735452890396, 0.732649028301],
        "mean": [0.305018186569, 0.350784987211, 0.344197005033],
        "median": [0.307143032551, 0.328596234322, 0.33051019907],
        "min": [0, 0.120872728527, 0],
        "skew": [-0.0428019724786, 0.915233314037, 0.470183968544],
        "var": [0.0276684015989, 0.0133910775185, 0.0152658959851],
        "cov": [[0.0279222410172, -0.0130151119083, -0.0149071291089], [-0.0130151119083, 0.0135139310732, -0.000498821143992], [-0.0149071291089, -0.000498821143992, 0.0154059501365]]
    }
},
"tonal": {
    "chords_changes_rate": 0.0178571436554,
    "chords_number_rate": 0.0357142873108,
    "chords_strength": {
        "kurt": -0.735469818115,
        "max": 0.653629720211,
        "mean": 0.533781051636,
        "median": 0.552708148956,
        "min": 0.348730266094,
        "skew": -0.705728948116,
        "var": 0.00770967453718
    },
    "key_strength": 0.304940551519,
    "tuning_diatonic_strength": 0.547391116619,
    "tuning_equal_tempered_deviation": 0.23801137507,
    "tuning_frequency": 449.764648438,
    "tuning_nontempered_energy_ratio": 0.907471179962,
    "hpcp": {
        "kurt": [2.68343782425, 3.68431091309, 1.87725687027, 3.17293834686, 2.54703235626, 4.34228801727, 4.02579021454, 2.17981433868, 0.570493459702, 0.83150935173, 0.848156452179, 1.68491792679, 3.99697160721, 5.49001693726, 0.522022008896, 3.78320169449, 1.18143510818, 3.24751186371, 1.95036935806, 1.93480110168, 4.30421543121, 6.64774131775, 1.19745588303, 0.656743049622, 3.2367978096, 0.363409519196, 0.191228151321, -0.238483190536, 0.597884178162, 0.133265972137, 1.11210489273, 3.94059658051, 3.06542158127, 0.584917545319, 0.372185230255, 0.720755338669],
        "max": [1, 1, 1, 1, 0.870939910412, 1, 1, 1, 1, 1, 1, 0.883458614349, 1, 1, 0.719971954823, 1, 0.751474261284, 1, 1, 1, 0.889062583447, 1, 1, 1, 1, 0.907624661922, 1, 1, 1, 1, 1, 1, 1, 1, 1, 0.986329615116],
        "mean": [0.197444781661, 0.177101492882, 0.18936380744, 0.202050372958, 0.189995408058, 0.18082010746, 0.185386687517, 0.219624608755, 0.249661430717, 0.257136523724, 0.243204161525, 0.202664405107, 0.180872276425, 0.183459207416, 0.190326496959, 0.194709613919, 0.1786955446, 0.195377662778, 0.23365804553, 0.218660503626, 0.1740308851, 0.165610179305, 0.224645704031, 0.255286544561, 0.220662340522, 0.24413177371, 0.300214320421, 0.311854839325, 0.305292278528, 0.288959920406, 0.240123897791, 0.217512473464, 0.228868961334, 0.265796989202, 0.270458549261, 0.222148448229],
        "median": [0.0670031458139, 0.0686579495668, 0.0815638005733, 0.105475410819, 0.1194652915, 0.0975580960512, 0.0918065309525, 0.0934244990349, 0.106485113502, 0.142064765096, 0.107364937663, 0.120361380279, 0.107020959258, 0.107960417867, 0.101581454277, 0.103862836957, 0.113145455718, 0.112567767501, 0.155311450362, 0.13031154871, 0.111152097583, 0.104225039482, 0.106463551521, 0.1185978055, 0.128748387098, 0.14453522861, 0.166443392634, 0.19268321991, 0.230920746922, 0.177596896887, 0.15223762393, 0.166140809655, 0.153199285269, 0.175004005432, 0.124357119203, 0.112385421991],
        "min": [0, 0, 0, 0, 0, 0, 0, 0, 0, 0, 0, 0, 0, 0, 0, 0, 0, 0, 0, 0, 0, 0, 0, 0, 0, 0, 0, 0, 0, 0, 0, 0, 0, 0, 0, 0],
