{
"metadata": {
    "version": {
        "essentia": "2.1-beta3"
    }
},
"lowLevel": {
    "average_loudness": 0.17001606524,
    "barkbands_kurtosis": {
        "kurt": 6.23272609711,
        "max": 7.45955944061,
        "mean": -0.326734244823,
        "median": -1.10529100895,
        "min": -1.60375607014,
        "skew": 2.22795724869,
        "var": 2.4460978508
    },
    "barkbands_skewness": {
        "kurt": 0.753635883331,
        "max": 1.51276230812,
        "mean": 0.0344962999225,
        "median": 0.0224465187639,
        "min": -2.47492551804,
        "skew": -0.760798215866,
        "var": 0.607071340084
    },
    "barkbands_spread": {
        "kurt": -1.20260870457,
        "max": 40.4029197693,
        "mean": 24.3753929138,
        "median": 25.2744445801,
        "min": 7.12456655502,
        "skew": -0.243200734258,
        "var": 73.4815673828
    },
    "dissonance": {
        "kurt": 5.04188919067,
        "max": 0.499939352274,
        "mean": 0.484312832355,
        "median": 0.488206744194,
        "min": 0.41451600194,
        "skew": -2.01955890656,
        "var": 0.000224351068027
    },
    "hfc": {
        "kurt": 113.150756836,
        "max": 419.736968994,
        "mean": 6.02360963821,
        "median": 0.00469128042459,
        "min": 0.000180391361937,
        "skew": 10.3764019012,
        "var": 1338.97045898
    },
    "pitch": {
        "kurt": -1.773473382,
        "max": 4144.47802734,
        "mean": 1743.31884766,
        "median": 829.574279785,
        "min": 85.2989501953,
        "skew": 0.375050038099,
        "var": 2677291.75
    },
    "pitch_instantaneous_confidence": {
        "kurt": 0.493705749512,
        "max": 0.471045613289,
        "mean": 0.259310305119,
        "median": 0.247593700886,
        "min": 0.140923917294,
        "skew": 0.770529210567,
        "var": 0.00453016208485
    },
    "pitch_salience": {
        "kurt": 4.30043697357,
        "max": 0.896996378899,
        "mean": 0.777718186378,
        "median": 0.778419673443,
        "min": 0.573483765125,
        "skew": -0.690072834492,
        "var": 0.00168299069628
    },
    "silence_rate_20dB": {
        "kurt": 0,
        "max": 1,
        "mean": 1,
        "median": 1,
        "min": 1,
        "skew": 0,
        "var": 0
    },
    "silence_rate_30dB": {
        "kurt": 0,
        "max": 1,
        "mean": 1,
        "median": 1,
        "min": 1,
        "skew": 0,
        "var": 0
    },
    "silence_rate_60dB": {
        "kurt": 2.57681417465,
        "max": 1,
        "mean": 0.865248203278,
        "median": 1,
        "min": 0,
        "skew": -2.13933873177,
        "var": 0.116593651474
    },
    "spectral_centroid": {
        "kurt": -0.529726982117,
        "max": 3324.19970703,
        "mean": 1824.28222656,
        "median": 1880.01806641,
        "min": 777.39831543,
        "skew": 0.378485739231,
        "var": 416998.875
    },
    "spectral_complexity": {
        "kurt": 5.05704689026,
        "max": 51,
        "mean": 4.39007091522,
        "median": 0,
        "min": 0,
        "skew": 2.51920413971,
        "var": 121.372703552
    },
    "spectral_crest": {
        "kurt": 1.54103660583,
        "max": 12.4600200653,
        "mean": 5.16421699524,
        "median": 4.71801280975,
        "min": 2.54135537148,
        "skew": 1.06173372269,
        "var": 2.82964420319
    },
    "spectral_decrease": {
        "kurt": 110.710189819,
        "max": -1.63723777645e-14,
        "mean": -4.10661143979e-10,
        "median": -7.20659317811e-13,
        "min": -2.53944349993e-08,
        "skew": -10.2045955658,
        "var": 4.9341997691e-18
    },
    "spectral_energy": {
        "kurt": 111.684700012,
        "max": 0.133915826678,
        "mean": 0.00209629070014,
        "median": 3.25116889144e-06,
        "min": 7.81551321438e-08,
        "skew": 10.2704143524,
        "var": 0.00013678050891
    },
    "spectral_energyband_high": {
        "kurt": 116.020469666,
        "max": 0.0317337363958,
        "mean": 0.000429228384746,
        "median": 2.24893099698e-07,
        "min": 2.07853343426e-08,
        "skew": 10.5419044495,
        "var": 7.570730304e-06
    },
    "spectral_energyband_low": {
        "kurt": 128.106063843,
        "max": 0.0026494381018,
        "mean": 2.97963506455e-05,
        "median": 7.75741852976e-08,
        "min": 1.93085636369e-09,
        "skew": 11.259595871,
        "var": 5.04770127918e-08
    },
    "spectral_energyband_middle_high": {
        "kurt": 106.349510193,
        "max": 0.0848155915737,
        "mean": 0.0013674646616,
        "median": 1.57921954269e-06,
        "min": 3.16485433416e-08,
        "skew": 9.97044372559,
        "var": 5.61931956327e-05
    },
    "spectral_energyband_middle_low": {
        "kurt": 100.64175415,
        "max": 0.0163461323828,
        "mean": 0.000296953541692,
        "median": 1.507873435e-06,
        "min": 2.45996183423e-08,
        "skew": 9.64406776428,
        "var": 2.13965313378e-06
    },
    "spectral_flatness_db": {
        "kurt": -0.372022151947,
        "max": 0.250114291906,
        "mean": 0.139658138156,
        "median": 0.124515071511,
        "min": 0.0601829849184,
        "skew": 0.780549108982,
        "var": 0.00178767601028
    },
    "spectral_flux": {
        "kurt": 35.8161659241,
        "max": 0.34988668561,
        "mean": 0.0164150539786,
        "median": 0.00119334587362,
        "min": 0.000649051333312,
        "skew": 5.56883144379,
        "var": 0.00205100490712
    },
    "spectral_kurtosis": {
        "kurt": 5.02250766754,
        "max": 14.9574375153,
        "mean": 3.48749423027,
        "median": 2.50909996033,
        "min": 0.31405210495,
        "skew": 2.20098304749,
        "var": 7.41139173508
    },
    "spectral_rms": {
        "kurt": 32.7963027954,
        "max": 0.011430204846,
        "mean": 0.000571626413148,
        "median": 5.63193752896e-05,
        "min": 8.7320622697e-06,
        "skew": 4.89129924774,
        "var": 1.71840315488e-06
    },
    "spectral_rolloff": {
        "kurt": -0.63429069519,
        "max": 4995.703125,
        "mean": 3266.78491211,
        "median": 3660.64453125,
        "min": 1012.06054688,
        "skew": -0.774662435055,
        "var": 1100231.375
    },
    "spectral_skewness": {
        "kurt": 0.851193904877,
        "max": 2.68633794785,
        "mean": 1.26837801933,
        "median": 1.14253735542,
        "min": 0.515046656132,
        "skew": 1.112606287,
        "var": 0.16547203064
    },
    "spectral_spread": {
        "kurt": 19.403427124,
        "max": 14599215,
        "mean": 3900704.75,
        "median": 4120694,
        "min": 1680350,
        "skew": 2.84582090378,
        "var": 2.11473714381e+12
    },
    "spectral_strongpeak": {
        "kurt": 28.3242073059,
        "max": 4.35155344009,
        "mean": 0.192920744419,
        "median": 0.00921823270619,
        "min": 0.000197941160877,
        "skew": 5.08263015747,
        "var": 0.370450496674
    },
    "zerocrossingrate": {
        "kurt": -0.929600715637,
        "max": 0.15869140625,
        "mean": 0.0985358506441,
        "median": 0.10595703125,
        "min": 0.03857421875,
        "skew": -0.288023173809,
        "var": 0.000890171155334
    },
    "barkbands": {
        "kurt": [127.744216919, 111.192192078, 130.472625732, 123.636665344, 128.25428772, 46.0043563843, 42.6599845886, 68.1791381836, 114.197151184, 22.7748184204, 41.3276023865, 41.432559967, 78.3556060791, 66.4800109863, 79.4563217163, 89.6163787842, 61.5674819946, 119.388839722, 110.73033905, 100.285934448, 123.710952759, 108.64855957, 129.827270508, 113.75214386, 101.296432495, 121.042823792, 70.1753692627],
        "max": [2.12053964788e-05, 0.000116346942377, 0.00112590950448, 0.00313476799056, 0.00483620679006, 0.000723946839571, 0.00205895793624, 0.00321349035949, 0.00245811860077, 0.00102207413875, 0.00110153015703, 0.0010751785012, 0.00107700109947, 0.00084402540233, 0.0015961631434, 0.00301058962941, 0.00933017209172, 0.0259571392089, 0.0312497597188, 0.0147754708305, 0.0221516173333, 0.00288356654346, 0.00152232160326, 0.000279336818494, 0.000102210142359, 1.02638323369e-05, 2.55755185918e-08],
        "mean": [2.13439363961e-07, 1.64891707755e-06, 1.22734691104e-05, 3.60712765541e-05, 5.48186362721e-05, 2.03203762794e-05, 6.66001942591e-05, 6.19818456471e-05, 4.45691985078e-05, 5.21041802131e-05, 4.20703909185e-05, 3.32985619025e-05, 2.56963994616e-05, 2.42572859861e-05, 3.94468806917e-05, 6.25029279036e-05, 0.000196641907678, 0.000330238312017, 0.000424168276368, 0.000254980230238, 0.000249510165304, 4.20381074946e-05, 1.57445138029e-05, 3.61375123248e-06, 1.37429788083e-06, 1.0611007184e-07, 3.84708931378e-10],
        "median": [1.19023491063e-09, 2.17163389493e-08, 3.65712935491e-08, 3.93609695948e-08, 9.45771247984e-08, 1.90295281755e-07, 3.70414738882e-07, 2.54682333889e-07, 2.6731393632e-07, 3.99341161028e-07, 2.04845761687e-07, 1.05330151712e-07, 6.21701516934e-08, 4.81913779993e-08, 7.48740660583e-08, 8.47737666732e-08, 1.20705195172e-07, 1.48580895143e-07, 2.03926163067e-07, 1.81342471706e-07, 1.02484797537e-07, 2.46938700599e-08, 4.70624428317e-09, 1.49139645078e-09, 3.70064034971e-10, 1.20771257578e-11, 3.87463932466e-13],
        "min": [5.55476454764e-12, 8.41743230673e-10, 5.41389155728e-10, 4.19039525301e-10, 6.00437655152e-09, 5.09497466439e-09, 2.69963318367e-09, 3.80434628244e-10, 1.86711024419e-09, 4.59456206414e-09, 1.69792013782e-09, 4.79124351305e-10, 1.79195192018e-09, 1.34860755896e-09, 3.4498830459e-09, 3.32305405415e-09, 4.29759250409e-09, 6.10868822193e-09, 2.8086173387e-09, 8.82897488452e-09, 1.18822995887e-08, 1.73621395039e-09, 3.87054222006e-10, 2.19370119292e-10, 8.22649619866e-13, 5.68230494125e-14, 1.49104564958e-15],
        "skew": [11.2541856766, 10.3097410202, 11.4019556046, 10.9987468719, 11.2664480209, 6.40657615662, 6.22761583328, 8.1726064682, 10.3762388229, 4.56243133545, 5.60372209549, 6.17610788345, 8.1904668808, 7.35737514496, 8.22446918488, 8.88890743256, 7.76321077347, 10.7483291626, 10.2727060318, 9.58180618286, 11.0092859268, 10.0981674194, 11.3666315079, 10.4110813141, 9.72418785095, 10.8591346741, 8.21300411224],
        "var": [3.24634633411e-12, 1.03967917608e-10, 9.04045371897e-09, 7.18793558008e-08, 1.68060324768e-07, 6.57078835786e-09, 6.27296827815e-08, 1.11666622615e-07, 4.53247395171e-08, 2.18774047767e-08, 1.45842928845e-08, 1.65963331966e-08, 1.03891544256e-08, 6.8490568772e-09, 2.25949357002e-08, 7.62901350981e-08, 1.0402237649e-06, 5.00240003021e-06, 7.52299320084e-06, 1.75143100023e-06, 3.59020191354e-06, 6.44405560024e-08, 1.6586513496e-08, 5.93067817078e-10, 8.42022562786e-11, 7.80658523936e-13, 6.72249063436e-18],
        "cov": [[3.26953438282e-12, 1.77641304444e-11, 1.69321612287e-10, 4.71942929181e-10, 7.37731375988e-10, 1.90729220612e-11, 3.07267822297e-10, 4.76892636492e-10, 3.68571756448e-10, 1.13210961439e-10, 3.61475190058e-11, 1.60951030281e-10, 1.63573515843e-10, 1.28486540851e-10, 2.49175124978e-10, 4.57936882858e-10, 1.56760227021e-09, 3.98063360052e-09, 4.80676964898e-09, 2.30256080869e-09, 3.41643158208e-09, 4.48134696018e-10, 2.32806968148e-10, 4.33074687223e-11, 1.60530807397e-11, 1.59058476026e-12, 2.65851899583e-15], [1.77641304444e-11, 1.0471054579e-10, 9.48112588439e-10, 2.66695709961e-09, 4.09735978479e-09, 2.01198502303e-10, 1.76182080036e-09, 2.66730681986e-09, 2.11273265549e-09, 7.3921707644e-10, 2.79120893065e-10, 9.41192124237e-10, 9.50371115138e-10, 7.41933958714e-10, 1.39261346899e-09, 2.62738675261e-09, 8.0257080981e-09, 2.17384972245e-08, 2.66666564386e-08, 1.26243868692e-08, 1.85900432825e-08, 2.47311637835e-09, 1.27300969766e-09, 2.43468134542e-10, 9.15826026127e-11, 8.87100462532e-12, 1.8974347782e-14], [1.69321612287e-10, 9.48112588439e-10, 9.10502873097e-09, 2.54074734585e-08, 3.90235221914e-08, 9.36969390963e-10, 1.67637139725e-08, 2.59156927029e-08, 1.99275351775e-08, 6.97237245717e-09, 2.2660067156e-09, 8.92474449898e-09, 8.81998207802e-09, 7.003185587e-09, 1.30703190493e-08, 2.48945184467e-08, 7.53477777948e-08, 2.09563665976e-07, 2.53659464988e-07, 1.20130678738e-07, 1.77963897841e-07, 2.34078196826e-08, 1.21988152912e-08, 2.27076069059e-09, 8.35396141152e-10, 8.27788809721e-11, 1.42278929523e-13], [4.71942929181e-10, 2.66695709961e-09, 2.54074734585e-08, 7.23927797708e-08, 1.09361188549e-07, 3.11114023432e-09, 4.88548721478e-08, 7.47660493516e-08, 5.61413351363e-08, 2.05470556125e-08, 7.79575071164e-09, 2.67169362189e-08, 2.499557894e-08, 1.95994882546e-08, 3.65878953801e-08, 6.90953854132e-08, 2.11097557212e-07, 5.8147531945e-07, 7.0178708711e-07, 3.34886607334e-07, 4.9470668273e-07, 6.48612825671e-08, 3.3927566534e-08, 6.31606233981e-09, 2.33099206604e-09, 2.31220653735e-10, 4.14867548952e-13], [7.37731375988e-10, 4.09735978479e-09, 3.90235221914e-08, 1.09361188549e-07, 1.69260758298e-07, 5.20556531214e-09, 7.48046247168e-08, 1.14259947281e-07, 8.5920305537e-08, 3.0741205137e-08, 1.17788419018e-08, 3.90830763308e-08, 3.84908034334e-08, 3.04715115362e-08, 5.77109524613e-08, 1.07563280949e-07, 3.46890345782e-07, 9.09850712105e-07, 1.10223766114e-06, 5.27090776359e-07, 7.75566263655e-07, 1.02265815372e-07, 5.29019779094e-08, 9.89300197318e-09, 3.66105679106e-09, 3.61032842511e-10, 6.28867617702e-13], [1.90729220612e-11, 2.01198502303e-10, 9.36969390963e-10, 3.11114023432e-09, 5.20556531214e-09, 6.61772281418e-09, 7.74809016946e-09, 5.89105697557e-09, 4.14226786205e-09, 4.51419479575e-09, 4.90030815925e-09, 5.52286039124e-09, 3.78626996422e-09, 1.97190441753e-09, 4.59563587185e-09, 5.82706149999e-09, 2.63788049182e-08, 3.02077509673e-08, 4.34132587657e-08, 2.83945382762e-08, 2.44649243086e-08, 4.15285628108e-09, 1.43268585884e-09, 3.62823465716e-10, 1.51217843802e-10, 1.1338124016e-11, 5.35954642483e-14], [3.07267822297e-10, 1.76182080036e-09, 1.67637139725e-08, 4.88548721478e-08, 7.48046247168e-08, 7.74809016946e-09, 6.31777510307e-08, 7.90775729342e-08, 4.18128536239e-08, 2.89440258427e-08, 2.2165176361e-08, 2.44236666447e-08, 2.15244266855e-08, 1.6264335656e-08, 3.06735543631e-08, 5.03284667275e-08, 1.64094686284e-07, 3.90448434473e-07, 4.78018705508e-07, 2.37074033294e-07, 3.28037259578e-07, 4.33227178576e-08, 2.22025224872e-08, 4.1267620432e-09, 1.51582102426e-09, 1.50060075477e-10, 2.55395720848e-13], [4.76892636492e-10, 2.66730681986e-09, 2.59156927029e-08, 7.47660493516e-08, 1.14259947281e-07, 5.89105697557e-09, 7.90775729342e-08, 1.12464242363e-07, 6.08500769772e-08, 3.62949954535e-08, 2.48691378602e-08, 3.23979243433e-08, 2.95538349349e-08, 2.26323777497e-08, 4.24504733587e-08, 7.38273513434e-08, 2.28402527114e-07, 5.97489702159e-07, 7.22665163266e-07, 3.51290054823e-07, 5.04094543885e-07, 6.58157475186e-08, 3.44530164398e-08, 6.33524077642e-09, 2.31148566954e-09, 2.31432067954e-10, 3.70441822833e-13], [3.68571756448e-10, 2.11273265549e-09, 1.99275351775e-08, 5.61413351363e-08, 8.5920305537e-08, 4.14226786205e-09, 4.18128536239e-08, 6.08500769772e-08, 4.56484876565e-08, 1.92247178177e-08, 8.51029025029e-09, 2.17522693191e-08, 2.05987227275e-08, 1.62660871439e-08, 3.01014821957e-08, 5.63469839676e-08, 1.6974911432e-07, 4.59889690774e-07, 5.58407975859e-07, 2.6765894745e-07, 3.8899673882e-07, 5.14797235951e-08, 2.66100812496e-08, 4.98479124644e-09, 1.83942727716e-09, 1.81178891334e-10, 3.29757190521e-13], [1.13210961439e-10, 7.3921707644e-10, 6.97237245717e-09, 2.05470556125e-08, 3.0741205137e-08, 4.51419479575e-09, 2.89440258427e-08, 3.62949954535e-08, 1.92247178177e-08, 2.20336726642e-08, 1.39991556125e-08, 1.22316814455e-08, 9.97961357996e-09, 8.13750133943e-09, 1.44617500197e-08, 2.58651091656e-08, 6.91699426625e-08, 1.61454281056e-07, 1.95526126845e-07, 1.04789968702e-07, 1.27455692223e-07, 1.80082810886e-08, 8.47832115625e-09, 1.67709579557e-09, 6.15877460142e-10, 5.74078042048e-11, 1.31049129339e-13], [3.61475190058e-11, 2.79120893065e-10, 2.2660067156e-09, 7.79575071164e-09, 1.17788419018e-08, 4.90030815925e-09, 2.2165176361e-08, 2.48691378602e-08, 8.51029025029e-09, 1.39991556125e-08, 1.46884664431e-08, 8.44931502542e-09, 6.35742569699e-09, 5.04106978383e-09, 8.57058513049e-09, 1.34330990775e-08, 4.34590106124e-08, 6.76896547702e-08, 8.79603163639e-08, 5.4825406437e-08, 4.93098220034e-08, 8.43060377065e-09, 2.96194579974e-09, 7.10835501572e-10, 2.71181382905e-10, 2.00398881517e-11, 6.13292104818e-14], [1.60951030281e-10, 9.41192124237e-10, 8.92474449898e-09, 2.67169362189e-08, 3.90830763308e-08, 5.52286039124e-09, 2.44236666447e-08, 3.23979243433e-08, 2.17522693191e-08, 1.22316814455e-08, 8.44931502542e-09, 1.67148783703e-08, 1.10936309028e-08, 8.16391487746e-09, 1.53400012692e-08, 2.75718914367e-08, 8.49808898806e-08, 2.10577240978e-07, 2.55555391959e-07, 1.31052559027e-07, 1.74835534494e-07, 2.36202417625e-08, 1.18278746797e-08, 2.21156182256e-09, 8.03287603102e-10, 7.85267476044e-11, 1.34987724124e-13], [1.63573515843e-10, 9.50371115138e-10, 8.81998207802e-09, 2.499557894e-08, 3.84908034334e-08, 3.78626996422e-09, 2.15244266855e-08, 2.95538349349e-08, 2.05987227275e-08, 9.97961357996e-09, 6.35742569699e-09, 1.10936309028e-08, 1.04633626208e-08, 7.901714838e-09, 1.48883083639e-08, 2.66378972213e-08, 8.48154897426e-08, 2.11186531374e-07, 2.57222268374e-07, 1.27837623154e-07, 1.76413678332e-07, 2.38719248813e-08, 1.19195640025e-08, 2.26021312777e-09, 8.29821544812e-10, 8.02248545373e-11, 1.37477282705e-13], [1.28486540851e-10, 7.41933958714e-10, 7.003185587e-09, 1.95994882546e-08, 3.04715115362e-08, 1.97190441753e-09, 1.6264335656e-08, 2.26323777497e-08, 1.62660871439e-08, 8.13750133943e-09, 5.04106978383e-09, 8.16391487746e-09, 7.901714838e-09, 6.89797907683e-09, 1.17896927776e-08, 2.18797691076e-08, 6.75774955994e-08, 1.70538299926e-07, 2.11495489566e-07, 1.02374677624e-07, 1.41193552849e-07, 1.95412379611e-08, 9.46378264643e-09, 1.84436776962e-09, 6.79761857914e-10, 6.38171598899e-11, 1.1631747811e-13], [2.49175124978e-10, 1.39261346899e-09, 1.30703190493e-08, 3.65878953801e-08, 5.77109524613e-08, 4.59563587185e-09, 3.06735543631e-08, 4.24504733587e-08, 3.01014821957e-08, 1.44617500197e-08, 8.57058513049e-09, 1.53400012692e-08, 1.48883083639e-08, 1.17896927776e-08, 2.27563266009e-08, 3.94609962484e-08, 1.39600189186e-07, 3.18171771596e-07, 3.86431395327e-07, 1.9436185994e-07, 2.68262255076e-07, 3.6426850869e-08, 1.7968185162e-08, 3.42524386632e-09, 1.26977128811e-09, 1.21987406287e-10, 2.08602652838e-13], [4.57936882858e-10, 2.62738675261e-09, 2.48945184467e-08, 6.90953854132e-08, 1.07563280949e-07, 5.82706149999e-09, 5.03284667275e-08, 7.38273513434e-08, 5.63469839676e-08, 2.58651091656e-08, 1.34330990775e-08, 2.75718914367e-08, 2.66378972213e-08, 2.18797691076e-08, 3.94609962484e-08, 7.6835064533e-08, 2.2845233616e-07, 5.973882935e-07, 7.31314571567e-07, 3.56745260888e-07, 4.96249072057e-07, 6.81807605929e-08, 3.35455183631e-08, 6.46554987327e-09, 2.38380870599e-09, 2.26857949093e-10, 4.13228939998e-13], [1.56760227021e-09, 8.0257080981e-09, 7.53477777948e-08, 2.11097557212e-07, 3.46890345782e-07, 2.63788049182e-08, 1.64094686284e-07, 2.28402527114e-07, 1.6974911432e-07, 6.91699426625e-08, 4.34590106124e-08, 8.49808898806e-08, 8.48154897426e-08, 6.75774955994e-08, 1.39600189186e-07, 2.2845233616e-07, 1.04765388187e-06, 1.96902078642e-06, 2.37387166635e-06, 1.23254210393e-06, 1.68620988461e-06, 2.29444623301e-07, 1.10188246083e-07, 2.11769108915e-08, 7.98443799965e-09, 7.60577267833e-10, 1.15807136016e-12], [3.98063360052e-09, 2.17384972245e-08, 2.09563665976e-07, 5.8147531945e-07, 9.09850712105e-07, 3.02077509673e-08, 3.90448434473e-07, 5.97489702159e-07, 4.59889690774e-07, 1.61454281056e-07, 6.76896547702e-08, 2.10577240978e-07, 2.11186531374e-07, 1.70538299926e-07, 3.18171771596e-07, 5.973882935e-07, 1.96902078642e-06, 5.03813134856e-06, 6.12274016021e-06, 2.93661901196e-06, 4.24782092523e-06, 5.67079950997e-07, 2.87316254344e-07, 5.40360893808e-08, 1.98539851226e-08, 1.94060723047e-09, 3.03411462621e-12], [4.80676964898e-09, 2.66666564386e-08, 2.53659464988e-07, 7.0178708711e-07, 1.10223766114e-06, 4.34132587657e-08, 4.78018705508e-07, 7.22665163266e-07, 5.58407975859e-07, 1.95526126845e-07, 8.79603163639e-08, 2.55555391959e-07, 2.57222268374e-07, 2.11495489566e-07, 3.86431395327e-07, 7.31314571567e-07, 2.37387166635e-06, 6.12274016021e-06, 7.5767288763e-06, 3.5628115711e-06, 5.15515694133e-06, 6.94114191901e-07, 3.47684306234e-07, 6.64268711148e-08, 2.45572771007e-08, 2.36749642113e-09, 4.01403216221e-12], [2.30256080869e-09, 1.26243868692e-08, 1.20130678738e-07, 3.34886607334e-07, 5.27090776359e-07, 2.83945382762e-08, 2.37074033294e-07, 3.51290054823e-07, 2.6765894745e-07, 1.04789968702e-07, 5.4825406437e-08, 1.31052559027e-07, 1.27837623154e-07, 1.02374677624e-07, 1.9436185994e-07, 3.56745260888e-07, 1.23254210393e-06, 2.93661901196e-06, 3.5628115711e-06, 1.76394121354e-06, 2.47471507464e-06, 3.35448902433e-07, 1.6626853494e-07, 3.16103268005e-08, 1.16742038259e-08, 1.12440246003e-09, 1.8220507568e-12], [3.41643158208e-09, 1.85900432825e-08, 1.77963897841e-07, 4.9470668273e-07, 7.75566263655e-07, 2.44649243086e-08, 3.28037259578e-07, 5.04094543885e-07, 3.8899673882e-07, 1.27455692223e-07, 4.93098220034e-08, 1.74835534494e-07, 1.76413678332e-07, 1.41193552849e-07, 2.68262255076e-07, 4.96249072057e-07, 1.68620988461e-06, 4.24782092523e-06, 5.15515694133e-06, 2.47471507464e-06, 3.61584625352e-06, 4.79692801036e-07, 2.45022135914e-07, 4.59430680166e-08, 1.69723666232e-08, 1.66518210332e-09, 2.69623234329e-12], [4.48134696018e-10, 2.47311637835e-09, 2.34078196826e-08, 6.48612825671e-08, 1.02265815372e-07, 4.15285628108e-09, 4.33227178576e-08, 6.58157475186e-08, 5.14797235951e-08, 1.80082810886e-08, 8.43060377065e-09, 2.36202417625e-08, 2.38719248813e-08, 1.95412379611e-08, 3.6426850869e-08, 6.81807605929e-08, 2.29444623301e-07, 5.67079950997e-07, 6.94114191901e-07, 3.35448902433e-07, 4.79692801036e-07, 6.49008455866e-08, 3.23261524215e-08, 6.18042639289e-09, 2.29436913912e-09, 2.20353610358e-10, 3.81166642303e-13], [2.32806968148e-10, 1.27300969766e-09, 1.21988152912e-08, 3.3927566534e-08, 5.29019779094e-08, 1.43268585884e-09, 2.22025224872e-08, 3.44530164398e-08, 2.66100812496e-08, 8.47832115625e-09, 2.96194579974e-09, 1.18278746797e-08, 1.19195640025e-08, 9.46378264643e-09, 1.7968185162e-08, 3.35455183631e-08, 1.10188246083e-07, 2.87316254344e-07, 3.47684306234e-07, 1.6626853494e-07, 2.45022135914e-07, 3.23261524215e-08, 1.67049876154e-08, 3.11193093516e-09, 1.14705267507e-09, 1.13285658632e-10, 1.84699491487e-13], [4.33074687223e-11, 2.43468134542e-10, 2.27076069059e-09, 6.31606233981e-09, 9.89300197318e-09, 3.62823465716e-10, 4.1267620432e-09, 6.33524077642e-09, 4.98479124644e-09, 1.67709579557e-09, 7.10835501572e-10, 2.21156182256e-09, 2.26021312777e-09, 1.84436776962e-09, 3.42524386632e-09, 6.46554987327e-09, 2.11769108915e-08, 5.40360893808e-08, 6.64268711148e-08, 3.16103268005e-08, 4.59430680166e-08, 6.18042639289e-09, 3.11193093516e-09, 5.97303984051e-10, 2.23489879381e-10, 2.14735521031e-11, 4.10681823835e-14], [1.60530807397e-11, 9.15826026127e-11, 8.35396141152e-10, 2.33099206604e-09, 3.66105679106e-09, 1.51217843802e-10, 1.51582102426e-09, 2.31148566954e-09, 1.83942727716e-09, 6.15877460142e-10, 2.71181382905e-10, 8.03287603102e-10, 8.29821544812e-10, 6.79761857914e-10, 1.26977128811e-09, 2.38380870599e-09, 7.98443799965e-09, 1.98539851226e-08, 2.45572771007e-08, 1.16742038259e-08, 1.69723666232e-08, 2.29436913912e-09, 1.14705267507e-09, 2.23489879381e-10, 8.48036987855e-11, 8.05690583694e-12, 1.72505781361e-14], [1.59058476026e-12, 8.87100462532e-12, 8.27788809721e-11, 2.31220653735e-10, 3.61032842511e-10, 1.1338124016e-11, 1.50060075477e-10, 2.31432067954e-10, 1.81178891334e-10, 5.74078042048e-11, 2.00398881517e-11, 7.85267476044e-11, 8.02248545373e-11, 6.38171598899e-11, 1.21987406287e-10, 2.26857949093e-10, 7.60577267833e-10, 1.94060723047e-09, 2.36749642113e-09, 1.12440246003e-09, 1.66518210332e-09, 2.20353610358e-10, 1.13285658632e-10, 2.14735521031e-11, 8.05690583694e-12, 7.86234684129e-13, 1.51026821528e-15], [2.65851899583e-15, 1.8974347782e-14, 1.42278929523e-13, 4.14867548952e-13, 6.28867617702e-13, 5.35954642483e-14, 2.55395720848e-13, 3.70441822833e-13, 3.29757190521e-13, 1.31049129339e-13, 6.13292104818e-14, 1.34987724124e-13, 1.37477282705e-13, 1.1631747811e-13, 2.08602652838e-13, 4.13228939998e-13, 1.15807136016e-12, 3.03411462621e-12, 4.01403216221e-12, 1.8220507568e-12, 2.69623234329e-12, 3.81166642303e-13, 1.84699491487e-13, 4.10681823835e-14, 1.72505781361e-14, 1.51026821528e-15, 6.77050846892e-18]]
    },
    "mfcc": {
        "kurt": [0.328663825989, -0.974315643311, -0.372182369232, 0.0653240680695, 0.964910745621, 0.917260169983, -0.0659828186035, 0.711044549942, 0.511099338531, 1.06284284592, 0.883483886719, 0.558388710022, 1.20872116089],
        "max": [-494.600585938, 144.19644165, 9.82141113281, 61.9151649475, 1.87358093262, 9.93613243103, 11.6810646057, 16.9094791412, 18.499042511, 17.3023700714, 19.1381645203, 16.0113391876, 9.22338867188],
        "mean": [-963.469848633, 67.7611541748, -28.9815864563, 9.19562244415, -19.8148479462, -22.7884864807, -1.98011898994, -0.533239305019, -1.21657466888, 0.230119794607, -4.77104997635, -2.05931043625, -0.30130892992],
        "median": [-1042.08898926, 51.7969474792, -13.4315338135, 6.82548904419, -16.7706413269, -23.5732650757, -1.85900497437, -1.12274932861, -1.96821212769, 0.0489654541016, -4.01716995239, -1.69297027588, 0.170166015625],
        "min": [-1136.27636719, 2.80097579956, -106.06451416, -28.378944397, -56.7709274292, -45.0724143982, -20.3570365906, -13.3059997559, -24.9135513306, -24.2748603821, -21.6014041901, -16.5557479858, -20.0444107056],
        "skew": [1.27843499184, 0.683462142944, -1.05385768414, 0.747037172318, -1.02657103539, 0.333104223013, -0.306609243155, 0.552540838718, 0.213276565075, -0.20728109777, 0.0656281709671, -0.116391822696, -0.889251708984],
        "var": [21831.3105469, 1311.62683105, 1075.65197754, 399.736785889, 143.147903442, 78.2484359741, 39.8553695679, 34.4788322449, 51.7297363281, 39.1486663818, 36.2786979675, 26.3168468475, 28.8423652649],
        "cov": [[21987.2480469, 2206.8203125, -4166.64257812, 1982.28527832, -1112.92895508, 475.455413818, -346.789825439, 16.5272464752, -111.692886353, -289.247283936, -200.166595459, -129.550582886, -359.469512939], [2206.8203125, 1320.9954834, -713.592285156, -173.996383667, -155.821960449, -91.3148956299, -23.3483848572, 39.1363258362, 84.7136917114, 67.76587677, 52.5558891296, 14.8282680511, -3.07899427414], [-4166.64257812, -713.592285156, 1083.33520508, -303.935577393, 269.557220459, -19.3176765442, 80.9686279297, 21.2766056061, -17.4608592987, 37.7486763, 21.2768535614, 16.2062301636, 50.8584861755], [1982.28527832, -173.996383667, -303.935577393, 402.592041016, -90.9274673462, 97.7394104004, -49.9884223938, -17.1703014374, -48.5120277405, -59.2130012512, -36.8130683899, -19.213098526, -37.319229126], [-1112.92895508, -155.821960449, 269.557220459, -90.9274673462, 144.170379639, 3.37009835243, 39.825214386, 15.9176359177, 25.3693828583, 24.447599411, 15.6701116562, 7.92293596268, 13.3169336319], [475.455413818, -91.3148956299, -19.3176765442, 97.7394104004, 3.37009835243, 78.8073501587, 1.38414168358, 7.47788715363, -11.5489759445, -16.3366107941, -15.1846523285, -5.45152616501, -8.72520256042], [-346.789825439, -23.3483848572, 80.9686279297, -49.9884223938, 39.825214386, 1.38414168358, 40.1400489807, 17.6368942261, 12.3768224716, 12.6456518173, 8.60160541534, 2.33475184441, 2.53387069702], [16.5272464752, 39.1363258362, 21.2766056061, -17.1703014374, 15.9176359177, 7.47788715363, 17.6368942261, 34.7251091003, 14.3605222702, 14.7070121765, 8.65984249115, 5.00683164597, -3.94123673439], [-111.692886353, 84.7136917114, -17.4608592987, -48.5120277405, 25.3693828583, -11.5489759445, 12.3768224716, 14.3605222702, 52.09923172, 27.3029346466, 14.5735874176, 5.18895435333, 3.65417909622], [-289.247283936, 67.76587677, 37.7486763, -59.2130012512, 24.447599411, -16.3366107941, 12.6456518173, 14.7070121765, 27.3029346466, 39.4282989502, 24.300983429, 6.006980896, 6.10082483292], [-200.166595459, 52.5558891296, 21.2768535614, -36.8130683899, 15.6701116562, -15.1846523285, 8.60160541534, 8.65984249115, 14.5735874176, 24.300983429, 36.5378303528, 11.8277606964, 5.49970531464], [-129.550582886, 14.8282680511, 16.2062301636, -19.213098526, 7.92293596268, -5.45152616501, 2.33475184441, 5.00683164597, 5.18895435333, 6.006980896, 11.8277606964, 26.504825592, 14.6606464386], [-359.469512939, -3.07899427414, 50.8584861755, -37.319229126, 13.3169336319, -8.72520256042, 2.53387069702, -3.94123673439, 3.65417909622, 6.10082483292, 5.49970531464, 14.6606464386, 29.0483818054]]
    },
    "sccoeffs": {
        "kurt": [1.9048743248, 0.804293870926, 0.280025005341, 0.236747980118, 2.0100107193, 0.492625951767],
        "max": [-0.53074491024, -0.63735973835, -0.745892941952, -0.768202006817, -0.682573914528, -0.520945072174],
        "mean": [-0.81157964468, -0.845748603344, -0.861579596996, -0.874554157257, -0.86413860321, -0.751547992229],
        "median": [-0.831682622433, -0.85571283102, -0.871530950069, -0.884335637093, -0.882288277149, -0.788896799088],
        "min": [-0.92496162653, -0.947079241276, -0.938425540924, -0.93579864502, -0.91698205471, -0.865555286407],
        "skew": [1.53367698193, 0.897609114647, 0.877372682095, 0.878211200237, 1.40250897408, 1.24176168442],
        "var": [0.00676215905696, 0.00316557195038, 0.00160806579515, 0.00100595480762, 0.00159654638264, 0.00619528861716],
        "cov": [[0.00681046023965, 0.00265712407418, 0.00170725781936, 0.00191583996639, 0.00242718798108, 0.00382044794969], [0.00265712407418, 0.00318818329833, 0.00149730837438, 0.00111784273759, 0.00165509071667, 0.00341879297048], [0.00170725781936, 0.00149730837438, 0.00161955191288, 0.000740524148569, 0.00116824428551, 0.00221211579628], [0.00191583996639, 0.00111784273759, 0.000740524148569, 0.00101314019412, 0.000931247021072, 0.00180109078065], [0.00242718798108, 0.00165509071667, 0.00116824428551, 0.000931247021072, 0.00160795019474, 0.00249707233161], [0.00382044794969, 0.00341879297048, 0.00221211579628, 0.00180109078065, 0.00249707233161, 0.00623954087496]]
    },
    "scvalleys": {
        "kurt": [0.340943098068, -0.501900196075, -0.834370851517, -0.510595560074, 0.51882481575, 2.44869232178],
        "max": [-5.3647942543, -5.37384033203, -5.32286739349, -5.00929117203, -4.65028333664, -7.10215044022],
        "mean": [-9.71993923187, -8.66059875488, -8.77166748047, -9.44651031494, -9.42606735229, -12.9746685028],
        "median": [-10.2181119919, -9.2169418335, -9.45955085754, -10.3452711105, -10.2848367691, -13.3191652298],
        "min": [-11.4174642563, -11.6869974136, -11.891623497, -11.7038421631, -11.7296075821, -15.8674430847],
        "skew": [0.931679487228, 0.771251320839, 0.690922737122, 0.972094595432, 1.40822863579, 1.61244726181],
        "var": [1.46823692322, 1.90879487991, 2.41425776482, 2.6310608387, 2.60870623589, 2.85049343109],
        "cov": [[1.47872436047, 1.50893819332, 1.70286285877, 1.81623637676, 1.70402300358, 1.10961186886], [1.50893819332, 1.92242908478, 2.0893535614, 2.17638444901, 2.06207418442, 1.15154659748], [1.70286285877, 2.0893535614, 2.43150234222, 2.45783758163, 2.2985701561, 1.19895136356], [1.81623637676, 2.17638444901, 2.45783758163, 2.6498541832, 2.52466607094, 1.5167850256], [1.70402300358, 2.06207418442, 2.2985701561, 2.52466607094, 2.62733983994, 1.97446024418], [1.10961186886, 1.15154659748, 1.19895136356, 1.5167850256, 1.97446024418, 2.87085413933]]
    }
},
"rhythm": {
    "beats_loudness": {
        "kurt": 2.15038728714,
        "max": 0.00518060335889,
        "mean": 0.000774928892497,
        "median": 3.73950547328e-06,
        "min": 1.58637419645e-06,
        "skew": 2.03399634361,
        "var": 3.24057850776e-06
    },
    "bpm": 150.551467896,
    "confidence": 0,
    "first_peak_bpm": {
        "kurt": 0,
        "max": 152,
        "mean": 152,
        "median": 152,
        "min": 152,
        "skew": 0,
        "var": 0
    },
    "first_peak_spread": {
        "kurt": 0,
        "max": 0.333333313465,
        "mean": 0.333333313465,
        "median": 0.333333313465,
        "min": 0.333333313465,
        "skew": 0,
        "var": 0
    },
    "first_peak_weight": {
        "kurt": 0,
        "max": 0.666666686535,
        "mean": 0.666666686535,
        "median": 0.666666686535,
        "min": 0.666666686535,
        "skew": 0,
        "var": 0
    },
    "onset_rate": 0.616977393627,
    "second_peak_bpm": {
        "kurt": 0,
        "max": 0,
        "mean": 0,
        "median": 0,
        "min": 0,
        "skew": 0,
        "var": 0
    },
    "second_peak_spread": {
        "kurt": 0,
        "max": 0,
        "mean": 0,
        "median": 0,
        "min": 0,
        "skew": 0,
        "var": 0
    },
    "second_peak_weight": {
        "kurt": 0,
        "max": 0,
        "mean": 0,
        "median": 0,
        "min": 0,
        "skew": 0,
        "var": 0
    },
    "beats_loudness_band_ratio": {
        "kurt": [-1.08005166054, -0.532911777496, -0.506454706192, -0.923483848572, -0.682653665543, -1.83323156834],
        "max": [0.0678951516747, 0.28639420867, 0.390434920788, 0.399294227362, 0.368062525988, 0.326816678047],
        "mean": [0.0390601046383, 0.110151067376, 0.256826788187, 0.23786559701, 0.198234051466, 0.196112886071],
        "median": [0.0412879399955, 0.0747089460492, 0.258286833763, 0.189902022481, 0.18538095057, 0.259079784155],
        "min": [0.00815186649561, 0.0216399952769, 0.106049031019, 0.157468676567, 0.0962522700429, 0.0406616292894],
        "skew": [-0.350899428129, 0.898484706879, -0.291989684105, 0.861730515957, 0.644150972366, -0.236504912376],
        "var": [0.000395750714233, 0.00804460700601, 0.00704860361293, 0.00789777748287, 0.00804164260626, 0.0142638394609],
        "cov": [[0.000461709190859, 0.00127361586783, 0.00125857826788, -0.000270394433755, -0.00169605796691, -0.000659347802866], [0.00127361586783, 0.00938537437469, 0.0028129722923, 0.00245993002318, -0.00636440515518, -0.00759172486141], [0.00125857826788, 0.0028129722923, 0.00822337064892, 0.00322995707393, -0.0073239156045, -0.00715272501111], [-0.000270394433755, 0.00245993002318, 0.00322995707393, 0.00921407435089, -0.00335847376846, -0.0104953683913], [-0.00169605796691, -0.00636440515518, -0.0073239156045, -0.00335847376846, 0.00938191637397, 0.00750089203939], [-0.000659347802866, -0.00759172486141, -0.00715272501111, -0.0104953683913, 0.00750089203939, 0.0166411455721]]
    },
    "beats_position": [0.383129239082, 0.777868449688, 1.17260766029, 1.57895684242, 1.97369611263, 2.36843538284, 2.77478456497],
    "bpm_estimates": [151.999084473, 151.999084473, 147.656265259, 151.999069214, 151.999069214, 147.656265259],
    "bpm_intervals": [0.394739210606, 0.394739210606, 0.406349182129, 0.39473927021, 0.39473927021, 0.406349182129],
    "onset_times": [0.0348299331963, 0.139319732785],
    "histogram": [[0, 0, 0, 0, 0, 0, 0, 0, 0, 0, 0, 0, 0, 0, 0, 0, 0, 0, 0, 0, 0, 0, 0, 0, 0, 0, 0, 0, 0, 0, 0, 0, 0, 0, 0, 0, 0, 0, 0, 0, 0, 0, 0, 0, 0, 0, 0, 0, 0, 0, 0, 0, 0, 0, 0, 0, 0, 0, 0, 0, 0, 0, 0, 0, 0, 0, 0, 0, 0, 0, 0, 0, 0, 0, 0, 0, 0, 0, 0, 0, 0, 0, 0, 0, 0, 0, 0, 0, 0, 0, 0, 0, 0, 0, 0, 0, 0, 0, 0, 0, 0, 0, 0, 0, 0, 0, 0, 0, 0, 0, 0, 0, 0, 0, 0, 0, 0, 0, 0, 0, 0, 0, 0, 0, 0, 0, 0, 0, 0, 0, 0, 0, 0, 0, 0, 0, 0, 0, 0, 0, 0, 0, 0, 0, 0, 0, 0, 0, 0.333333343267, 0, 0, 0, 0.666666686535, 0, 0, 0, 0, 0, 0, 0, 0, 0, 0, 0, 0, 0, 0, 0, 0, 0, 0, 0, 0, 0, 0, 0, 0, 0, 0, 0, 0, 0, 0, 0, 0, 0, 0, 0, 0, 0, 0, 0, 0, 0, 0, 0, 0, 0, 0, 0, 0, 0, 0, 0, 0, 0, 0, 0, 0, 0, 0, 0, 0, 0, 0, 0, 0, 0, 0, 0, 0, 0, 0, 0, 0, 0, 0, 0, 0, 0, 0, 0, 0, 0, 0, 0, 0, 0, 0, 0, 0, 0, 0, 0, 0, 0, 0, 0, 0, 0]]
},
"sfx": {
    "inharmonicity": {
        "kurt": 0.680049657822,
        "max": 0.380652099848,
        "mean": 0.0738986954093,
        "median": 0.0370965488255,
        "min": 0,
        "skew": 1.24415016174,
        "var": 0.0087432153523
    },
    "oddtoevenharmonicenergyratio": {
        "kurt": 10.6827535629,
        "max": 6.55633115768,
        "mean": 0.651293873787,
        "median": 0.348728865385,
        "min": 0,
        "skew": 2.62082123756,
        "var": 0.880154252052
    },
    "pitch_after_max_to_before_max_energy_ratio": 1.06616258621,
    "pitch_centroid": 80.3257980347,
    "pitch_max_to_total": 0.709219872952,
    "pitch_min_to_total": 0.368794322014,
    "tristimulus": {
        "kurt": [-1.77219700813, -0.598400592804, -1.21895980835],
        "max": [1, 0.851339757442, 0.976661741734],
        "mean": [0.514663219452, 0.214898839593, 0.270437985659],
        "median": [0.356295883656, 0.20585604012, 0.0730707347393],
        "min": [0, 0, 0],
        "skew": [0.102228850126, 0.544555783272, 0.549488902092],
        "var": [0.179705917835, 0.0446026436985, 0.0895913988352],
        "cov": [[0.180989533663, -0.067839615047, -0.11314984411], [-0.067839615047, 0.0449212342501, 0.022918432951], [-0.11314984411, 0.022918432951, 0.0902313366532]]
    }
},
"tonal": {
    "chords_changes_rate": 0.169014081359,
    "chords_number_rate": 0.0704225376248,
    "chords_strength": {
        "kurt": 0.169646263123,
        "max": 0.474857240915,
        "mean": 0.306153386831,
        "median": 0.275007277727,
        "min": 0.222677752376,
        "skew": 1.21940374374,
        "var": 0.00484340125695
    },
    "key_strength": 0.148365303874,
    "tuning_diatonic_strength": 0.200026527047,
    "tuning_equal_tempered_deviation": 0.309604078531,
    "tuning_frequency": 445.112548828,
    "tuning_nontempered_energy_ratio": 0.922874093056,
    "hpcp": {
        "kurt": [-0.169801235199, -0.602618217468, -0.5641746521, -0.821621179581, -0.878037929535, -0.780213356018, -0.385350227356, -0.28316116333, -0.782460212708, -0.0897059440613, 0.145928621292, -0.454747438431, 0.566081285477, 0.258276700974, 1.39889240265, 1.09877300262, -0.196434259415, 0.913477420807, 2.13906860352, 0.0303802490234, 2.03679895401, 0.159841775894, -0.546240329742, 1.386054039, 0.0121250152588, -0.0629987716675, 0.725124120712, 0.114830493927, 0.0505092144012, 0.0838315486908, 0.183713674545, -0.720993757248, -0.456758975983, -0.00709462165833, -0.966977357864, -0.897413730621],
        "max": [1, 1, 1, 1, 1, 1, 1, 1, 1, 1, 0.982907891273, 0.937016785145, 1, 1, 1, 0.913017213345, 0.8414503932, 0.954221487045, 1, 0.728940427303, 0.943566918373, 0.862876236439, 0.773049473763, 1, 0.741123199463, 0.779674291611, 0.938805997372, 1, 1, 1, 1, 1, 0.968362867832, 1, 1, 1],
        "mean": [0.531463265419, 0.521342337132, 0.545894563198, 0.544321596622, 0.535336196423, 0.526279985905, 0.493972986937, 0.503710329533, 0.502586424351, 0.438444852829, 0.414889961481, 0.424906998873, 0.424754410982, 0.396097779274, 0.352261781693, 0.343149811029, 0.362020134926, 0.357448160648, 0.328260332346, 0.31466832757, 0.325323343277, 0.335517555475, 0.355592250824, 0.372642457485, 0.352735280991, 0.334539234638, 0.358693689108, 0.391148924828, 0.406490921974, 0.398991107941, 0.43477666378, 0.504455029964, 0.508033454418, 0.511008918285, 0.554846048355, 0.569258630276],
        "median": [0.520664215088, 0.481904536486, 0.511599242687, 0.498164921999, 0.500550806522, 0.519879281521, 0.459633827209, 0.496628493071, 0.455549478531, 0.415596365929, 0.388005793095, 0.397885710001, 0.395331412554, 0.386226534843, 0.339606553316, 0.316333979368, 0.320752769709, 0.345107555389, 0.320446223021, 0.299301803112, 0.294412583113, 0.298884570599, 0.319032460451, 0.35065689683, 0.324109137058, 0.336315304041, 0.318560779095, 0.36565387249, 0.351091861725, 0.341024190187, 0.385704010725, 0.456557780504, 0.500627875328, 0.460770666599, 0.587506055832, 0.541608095169],
