{
"metadata": {
    "version": {
        "essentia": "2.1-beta3"
    }
},
"lowLevel": {
    "average_loudness": 0.186184152961,
    "barkbands_kurtosis": {
        "kurt": 5.6934337616,
        "max": 10.1989116669,
        "mean": 0.108830563724,
        "median": -0.587275981903,
        "min": -1.65024483204,
        "skew": 2.09751200676,
        "var": 3.87643527985
    },
    "barkbands_skewness": {
        "kurt": 1.43371868134,
        "max": 3.14051198959,
        "mean": 0.482071518898,
        "median": 0.532359480858,
        "min": -2.34902381897,
        "skew": -0.46821808815,
        "var": 0.744947373867
    },
    "barkbands_spread": {
        "kurt": -1.35228526592,
        "max": 56.8104896545,
        "mean": 30.4999408722,
        "median": 32.1284637451,
        "min": 4.29099702835,
        "skew": -0.0777495503426,
        "var": 200.223510742
    },
    "dissonance": {
        "kurt": 4.35326766968,
        "max": 0.499994695187,
        "mean": 0.48281660676,
        "median": 0.486899465322,
        "min": 0.412292003632,
        "skew": -1.87565112114,
        "var": 0.000272113713436
    },
    "hfc": {
        "kurt": 135.436035156,
        "max": 103.631080627,
        "mean": 1.33287453651,
        "median": 0.000773172767367,
        "min": 0.000311124225846,
        "skew": 11.3299283981,
        "var": 69.2713317871
    },
    "pitch": {
        "kurt": -1.88571751118,
        "max": 4147.94482422,
        "mean": 1941.85412598,
        "median": 830.695068359,
        "min": 77.4499588013,
        "skew": 0.1744684726,
        "var": 2779329.25
    },
    "pitch_instantaneous_confidence": {
        "kurt": 0.46103811264,
        "max": 0.546416163445,
        "mean": 0.263403356075,
        "median": 0.242420852184,
        "min": 0.117123842239,
        "skew": 0.916916966438,
        "var": 0.00831981841475
    },
    "pitch_salience": {
        "kurt": 1.22900056839,
        "max": 0.925099432468,
        "mean": 0.710543394089,
        "median": 0.735944986343,
        "min": 0.341950774193,
        "skew": -1.20649969578,
        "var": 0.0126361250877
    },
    "silence_rate_20dB": {
        "kurt": 0,
        "max": 1,
        "mean": 1,
        "median": 1,
        "min": 1,
        "skew": 0,
        "var": 0
    },
    "silence_rate_30dB": {
        "kurt": 0,
        "max": 1,
        "mean": 1,
        "median": 1,
        "min": 1,
        "skew": 0,
        "var": 0
    },
    "silence_rate_60dB": {
        "kurt": 28.0311431885,
        "max": 1,
        "mean": 0.969696998596,
        "median": 1,
        "min": 0,
        "skew": -5.48007726669,
        "var": 0.0293848644942
    },
    "spectral_centroid": {
        "kurt": 3.85207557678,
        "max": 5190.72021484,
        "mean": 1475.98669434,
        "median": 1222.7935791,
        "min": 293.324798584,
        "skew": 1.6879119873,
        "var": 614037.5
    },
    "spectral_complexity": {
        "kurt": 15.7695388794,
        "max": 25,
        "mean": 1.1939394474,
        "median": 0,
        "min": 0,
        "skew": 4.01566362381,
        "var": 18.8715171814
    },
    "spectral_crest": {
        "kurt": 1.32258749008,
        "max": 17.6491584778,
        "mean": 6.72137498856,
        "median": 6.16533041,
        "min": 2.77575111389,
        "skew": 1.07830798626,
        "var": 7.70892238617
    },
    "spectral_decrease": {
        "kurt": 145.318313599,
        "max": -3.40671772476e-14,
        "mean": -1.05630705571e-10,
        "median": -2.11145920084e-13,
        "min": -9.15422582182e-09,
        "skew": -11.8832073212,
        "var": 5.23434411552e-19
    },
    "spectral_energy": {
        "kurt": 143.449890137,
        "max": 0.0439497902989,
        "mean": 0.000519570312463,
        "median": 8.49843786455e-07,
        "min": 1.56797682394e-07,
        "skew": 11.7778453827,
        "var": 1.21353887153e-05
    },
    "spectral_energyband_high": {
        "kurt": 131.875915527,
        "max": 0.00624824268743,
        "mean": 8.28935808386e-05,
        "median": 4.61613360869e-08,
        "min": 2.29947829666e-08,
        "skew": 11.1279697418,
        "var": 2.54948247402e-07
    },
    "spectral_energyband_low": {
        "kurt": 110.001296997,
        "max": 7.14999478078e-05,
        "mean": 1.06874495032e-06,
        "median": 1.71089624246e-07,
        "min": 7.83201326016e-09,
        "skew": 10.1719369888,
        "var": 3.68934362227e-11
    },
    "spectral_energyband_middle_high": {
        "kurt": 135.012374878,
        "max": 0.0254982430488,
        "mean": 0.000333780451911,
        "median": 1.83047802693e-07,
        "min": 5.80685437512e-08,
        "skew": 11.3026618958,
        "var": 4.19803200202e-06
    },
    "spectral_energyband_middle_low": {
        "kurt": 156.528289795,
        "max": 0.0123910401016,
        "mean": 0.00010745612235,
        "median": 2.34271837485e-07,
        "min": 4.22141255285e-08,
        "skew": 12.5260057449,
        "var": 9.30017847622e-07
    },
    "spectral_flatness_db": {
        "kurt": -0.163073301315,
        "max": 0.295271575451,
        "mean": 0.133353292942,
        "median": 0.113782376051,
        "min": 0.0558816604316,
        "skew": 0.927052617073,
        "var": 0.00291472161189
    },
    "spectral_flux": {
        "kurt": 49.252407074,
        "max": 0.209163099527,
        "mean": 0.00733883306384,
        "median": 0.000704119564034,
        "min": 0.000349630136043,
        "skew": 6.48135280609,
        "var": 0.00051158486167
    },
    "spectral_kurtosis": {
        "kurt": 2.16703701019,
        "max": 12.2668390274,
        "mean": 3.95296382904,
        "median": 3.59190273285,
        "min": 0.155552625656,
        "skew": 1.13062846661,
        "var": 4.39373540878
    },
    "spectral_rms": {
        "kurt": 47.4571228027,
        "max": 0.00654811738059,
        "mean": 0.000254274345934,
        "median": 2.87943730655e-05,
        "min": 1.23682393678e-05,
        "skew": 5.89556455612,
        "var": 4.42242452436e-07
    },
    "spectral_rolloff": {
        "kurt": -0.43297123909,
        "max": 6459.9609375,
        "mean": 2874.48681641,
        "median": 3229.98046875,
        "min": 150.732421875,
        "skew": -0.17210046947,
        "var": 1599763
    },
    "spectral_skewness": {
        "kurt": 0.35577249527,
        "max": 2.41198253632,
        "mean": 1.4130795002,
        "median": 1.39164924622,
        "min": 0.471584528685,
        "skew": 0.115711830556,
        "var": 0.160859405994
    },
    "spectral_spread": {
        "kurt": 3.34532165527,
        "max": 12420271,
        "mean": 4757325.5,
        "median": 5160749,
        "min": 1833722.625,
        "skew": 0.945149719715,
        "var": 2.75649370522e+12
    },
    "spectral_strongpeak": {
        "kurt": 23.2600955963,
        "max": 2.48861694336,
        "mean": 0.105274058878,
        "median": 0.00192032672931,
        "min": 0.000119054166134,
        "skew": 4.5478310585,
        "var": 0.11022797972
    },
    "zerocrossingrate": {
        "kurt": 0.880093336105,
        "max": 0.2021484375,
        "mean": 0.0884292125702,
        "median": 0.0810546875,
        "min": 0.04052734375,
        "skew": 1.01855409145,
        "var": 0.00097502063727
    },
    "barkbands": {
        "kurt": [61.1976547241, 122.359977722, 50.1094665527, 146.479049683, 159.328842163, 154.830368042, 159.351577759, 141.507003784, 140.125808716, 137.071960449, 116.841140747, 110.98248291, 124.286643982, 97.1814422607, 130.040847778, 151.699234009, 147.422622681, 143.050354004, 107.86000061, 104.856124878, 139.708145142, 137.034225464, 138.294296265, 133.99987793, 147.623428345, 121.573280334, 159.408905029],
        "max": [2.98321992886e-06, 3.92303045373e-05, 1.08454350993e-05, 7.16610520612e-05, 0.00102000846528, 0.00280910381116, 0.00505073089153, 0.00108123547398, 0.00193350436166, 0.0027121999301, 0.000973108806647, 0.000841938424855, 0.000603563152254, 0.000407655577874, 0.000496046326589, 0.00143353757448, 0.00282088853419, 0.0080499490723, 0.00495066959411, 0.00370329758152, 0.0035241949372, 0.000949858804233, 0.000215678664972, 0.000104084603663, 0.000135047041113, 9.57037264016e-06, 4.03496215995e-07],
        "mean": [5.49051080156e-08, 4.70187671908e-07, 3.08983544528e-07, 7.1353764497e-07, 7.02763236404e-06, 2.06495733437e-05, 3.5576744267e-05, 1.31518590933e-05, 2.33840964938e-05, 3.33182979375e-05, 1.60634699569e-05, 1.41030286613e-05, 8.79340495885e-06, 6.96542019796e-06, 6.5142639869e-06, 1.39266467158e-05, 2.94695346383e-05, 8.65422043717e-05, 8.34759630379e-05, 6.12482690485e-05, 4.23249257437e-05, 1.06934658106e-05, 2.40756753556e-06, 1.15583998195e-06, 1.13861767659e-06, 8.96654910321e-08, 2.58532217856e-09],
        "median": [3.73556474642e-09, 6.91890065241e-08, 4.46026362511e-08, 1.91126705573e-08, 2.31704664344e-08, 2.19086739861e-08, 3.37503394121e-08, 5.04521473488e-08, 6.07654015994e-08, 3.91384844534e-08, 1.95240019707e-08, 1.47570391462e-08, 6.70767841271e-09, 6.5745857647e-09, 7.54268203451e-09, 1.15498304254e-08, 1.66482294617e-08, 2.56718308833e-08, 3.73179389612e-08, 3.54083340426e-08, 2.10061834593e-08, 5.83560755274e-09, 1.13835552096e-09, 3.93760246631e-10, 1.34971950283e-10, 1.36417223004e-11, 6.72159105718e-13],
        "min": [5.56622525849e-11, 2.63104782405e-09, 1.23526855411e-09, 5.38952771301e-10, 2.28819452275e-09, 2.01129379818e-09, 2.90308133089e-09, 2.482274164e-09, 4.8271950881e-09, 3.38875771888e-09, 1.54266532881e-09, 2.37999309149e-09, 5.79925996114e-10, 6.0200477936e-10, 2.07138484143e-09, 2.57087728883e-09, 4.4314547587e-09, 6.95714952315e-09, 1.2733807786e-08, 1.26181118887e-08, 8.49846859552e-09, 2.75509548509e-09, 4.08365813387e-10, 1.80871116695e-11, 2.54297667993e-13, 7.72003649701e-14, 5.06083483497e-14],
        "skew": [7.66359376907, 10.8493824005, 6.94304275513, 11.9711866379, 12.6885766983, 12.4421739578, 12.6898508072, 11.6744213104, 11.6052484512, 11.4457883835, 10.2706823349, 9.93921852112, 10.7034435272, 9.26487636566, 11.0555467606, 12.2518033981, 12.0130968094, 11.7745914459, 9.76040172577, 9.62656784058, 11.5702629089, 11.4385738373, 11.5029554367, 11.2917032242, 12.0495653152, 10.7980957031, 12.693655014],
        "var": [9.657571509e-14, 1.055151886e-11, 1.48893104877e-12, 3.20588555702e-11, 6.2699299086e-09, 4.8187200008e-08, 1.53673312298e-07, 7.38964978098e-09, 2.37512089996e-08, 4.72402952312e-08, 6.52370157894e-09, 5.00763563949e-09, 2.44354914081e-09, 1.2598664334e-09, 1.61941904331e-09, 1.2614559175e-08, 4.94665250983e-08, 4.08644581285e-07, 1.7558149068e-07, 9.98464244617e-08, 7.90262504324e-08, 5.80573056297e-09, 2.98010172095e-10, 7.05436542514e-11, 1.13788846401e-10, 6.33158673061e-13, 9.81859204875e-16],
        "cov": [[9.71645927237e-14, 6.66668760127e-13, 2.75502629607e-13, 1.09072180541e-12, 1.39193604559e-11, 3.75000273889e-11, 6.79423323158e-11, 1.51199486959e-11, 2.57510054946e-11, 3.77767817028e-11, 1.52491283489e-11, 1.29570000562e-11, 9.46271706825e-12, 7.66393285639e-12, 8.88110158331e-12, 2.10013395563e-11, 4.44716208303e-11, 1.28098934238e-10, 8.96131086003e-11, 6.72293470894e-11, 5.54375781392e-11, 1.66291772019e-11, 3.53298618659e-12, 1.66061207754e-12, 1.96469858611e-12, 1.357995205e-13, 1.27333827686e-16], [6.66668760127e-13, 1.06158571517e-11, 3.32977742601e-12, 1.78248613786e-11, 2.43658676569e-10, 6.69753474902e-10, 1.20650367474e-09, 2.60424626308e-10, 4.59087823312e-10, 6.48254727675e-10, 2.44412795558e-10, 2.07827449694e-10, 1.48943732348e-10, 1.06980452275e-10, 1.26787899624e-10, 3.50064671695e-10, 6.81583345319e-10, 1.93376692437e-09, 1.21161791711e-09, 9.16352826952e-10, 8.52797443773e-10, 2.33555758067e-10, 5.29984008069e-11, 2.56901409867e-11, 3.29777871677e-11, 2.32850761242e-12, 3.22242207486e-15], [2.75502629607e-13, 3.32977742601e-12, 1.4980098325e-12, 5.5233868694e-12, 6.80347445048e-11, 1.85502321837e-10, 3.35438260501e-10, 7.61259805193e-11, 1.31357175137e-10, 1.89190996203e-10, 8.20580339789e-11, 6.92378862577e-11, 4.68560572287e-11, 3.49510871633e-11, 4.01822151941e-11, 1.02783344336e-10, 2.03383504482e-10, 5.85354820171e-10, 3.8159528315e-10, 2.88843671203e-10, 2.55909404778e-10, 7.2791481176e-11, 1.64888241949e-11, 7.97294955751e-12, 9.53717139984e-12, 6.68892675623e-13, 6.20591182542e-16], [1.09072180541e-12, 1.78248613786e-11, 5.5233868694e-12, 3.22543346198e-11, 4.44892123141e-10, 1.22128651636e-09, 2.19842588578e-09, 4.77170969404e-10, 8.45465863986e-10, 1.19801546461e-09, 4.44383002618e-10, 3.82794296261e-10, 2.71381167538e-10, 1.8741591612e-10, 2.24394336445e-10, 6.33010144302e-10, 1.24629295772e-09, 3.57072371671e-09, 2.24204388388e-09, 1.67583047439e-09, 1.56930990425e-09, 4.24531604315e-10, 9.63303672941e-11, 4.64856729498e-11, 5.93235946478e-11, 4.19161623813e-12, 5.89357689645e-15], [1.39193604559e-11, 2.43658676569e-10, 6.80347445048e-11, 4.44892123141e-10, 6.30816110458e-09, 1.73543064363e-08, 3.12149524007e-08, 6.67980870617e-09, 1.19292042911e-08, 1.6764502675e-08, 6.02790883875e-09, 5.21408871634e-09, 3.73889230687e-09, 2.53731813338e-09, 3.07975178693e-09, 8.87269901995e-09, 1.74527041708e-08, 4.98519732162e-08, 3.07163112723e-08, 2.29695533704e-08, 2.18278888298e-08, 5.89002091544e-09, 1.33652655609e-09, 6.44568842745e-10, 8.352311065e-10, 5.9099579397e-11, 8.80638742267e-14], [3.75000273889e-11, 6.69753474902e-10, 1.85502321837e-10, 1.22128651636e-09, 1.73543064363e-08, 4.84810271928e-08, 8.60588755813e-08, 1.86041138051e-08, 3.29921974185e-08, 4.71102126198e-08, 1.66195306406e-08, 1.46034873083e-08, 1.04551460822e-08, 6.99690927419e-09, 8.48276648924e-09, 2.45124258669e-08, 4.80588937535e-08, 1.37216147778e-07, 8.53592183603e-08, 6.3746995238e-08, 6.04355321343e-08, 1.61938373822e-08, 3.67225161391e-09, 1.76978864896e-09, 2.29691643483e-09, 1.62548807747e-10, 2.38406733591e-13], [6.79423323158e-11, 1.20650367474e-09, 3.35438260501e-10, 2.19842588578e-09, 3.12149524007e-08, 8.60588755813e-08, 1.54610333425e-07, 3.31683693844e-08, 5.91905582326e-08, 8.31186071082e-08, 2.98662428122e-08, 2.58619916593e-08, 1.85259114716e-08, 1.25366552695e-08, 1.52370525086e-08, 4.39281855336e-08, 8.63221174541e-08, 2.46331524068e-07, 1.51750285227e-07, 1.13508086486e-07, 1.07897612622e-07, 2.90857329333e-08, 6.60209620307e-09, 3.18533599497e-09, 4.13300060842e-09, 2.92494306553e-10, 4.3292775506e-13], [1.51199486959e-11, 2.60424626308e-10, 7.61259805193e-11, 4.77170969404e-10, 6.67980870617e-09, 1.86041138051e-08, 3.31683693844e-08, 7.43470884856e-09, 1.31625910171e-08, 1.84982145157e-08, 6.71721922529e-09, 5.88779913713e-09, 4.16089962485e-09, 2.82632539594e-09, 3.35838756804e-09, 9.5542471712e-09, 1.87583282241e-08, 5.36641806548e-08, 3.42964341371e-08, 2.55325716125e-08, 2.36929107444e-08, 6.31203045387e-09, 1.43108280781e-09, 6.87428058921e-10, 8.84088302566e-10, 6.24478802003e-11, 7.95619267083e-14], [2.57510054946e-11, 4.59087823312e-10, 1.31357175137e-10, 8.45465863986e-10, 1.19292042911e-08, 3.29921974185e-08, 5.91905582326e-08, 1.31625910171e-08, 2.38960335963e-08, 3.28824967255e-08, 1.20023990746e-08, 1.05133786121e-08, 7.4736830058e-09, 5.14603248902e-09, 5.98913851846e-09, 1.71127965132e-08, 3.34781624645e-08, 9.59643813303e-08, 6.13162498553e-08, 4.56934508009e-08, 4.23030819263e-08, 1.12341647096e-08, 2.55832954821e-09, 1.22280752191e-09, 1.57576351967e-09, 1.11224557342e-10, 1.40835287226e-13], [3.77767817028e-11, 6.48254727675e-10, 1.89190996203e-10, 1.19801546461e-09, 1.6764502675e-08, 4.71102126198e-08, 8.31186071082e-08, 1.84982145157e-08, 3.28824967255e-08, 4.75283457035e-08, 1.68429696856e-08, 1.50784078556e-08, 1.06456621296e-08, 7.20918480468e-09, 8.45610426126e-09, 2.41308999449e-08, 4.73616310614e-08, 1.36193889944e-07, 8.83060593537e-08, 6.55927721027e-08, 6.05599836945e-08, 1.59937929567e-08, 3.63056695818e-09, 1.73254288693e-09, 2.21813944989e-09, 1.56476540059e-10, 1.97899558069e-13], [1.52491283489e-11, 2.44412795558e-10, 8.20580339789e-11, 4.44383002618e-10, 6.02790883875e-09, 1.66195306406e-08, 2.98662428122e-08, 6.71721922529e-09, 1.20023990746e-08, 1.68429696856e-08, 6.56347998174e-09, 5.61283775014e-09, 3.91354371132e-09, 2.73863109967e-09, 3.17705040054e-09, 8.79374173479e-09, 1.73217351573e-08, 4.97855836556e-08, 3.21688347071e-08, 2.42114914784e-08, 2.19417213287e-08, 5.88445514538e-09, 1.34367161841e-09, 6.43008701839e-10, 8.07365507782e-10, 5.68484669061e-11, 6.43817681459e-14], [1.29570000562e-11, 2.07827449694e-10, 6.92378862577e-11, 3.82794296261e-10, 5.21408871634e-09, 1.46034873083e-08, 2.58619916593e-08, 5.88779913713e-09, 1.05133786121e-08, 1.50784078556e-08, 5.61283775014e-09, 5.03816988129e-09, 3.47073503271e-09, 2.38704278566e-09, 2.74686962065e-09, 7.66680496866e-09, 1.50868437743e-08, 4.35437961244e-08, 2.8700203103e-08, 2.13253148473e-08, 1.93404456894e-08, 5.13251885437e-09, 1.16986775822e-09, 5.55411494574e-10, 6.96365742847e-10, 4.89949331106e-11, 5.45059941734e-14], [9.46271706825e-12, 1.48943732348e-10, 4.68560572287e-11, 2.71381167538e-10, 3.73889230687e-09, 1.04551460822e-08, 1.85259114716e-08, 4.16089962485e-09, 7.4736830058e-09, 1.06456621296e-08, 3.91354371132e-09, 3.47073503271e-09, 2.45844877789e-09, 1.7129412333e-09, 1.95958937965e-09, 5.4659832216e-09, 1.07377111647e-08, 3.09146379607e-08, 2.03353547334e-08, 1.52358659022e-08, 1.37572886416e-08, 3.65121777257e-09, 8.29917023992e-10, 3.94306587381e-10, 4.98499297397e-10, 3.50721292286e-11, 4.18298479622e-14], [7.66393285639e-12, 1.06980452275e-10, 3.49510871633e-11, 1.8741591612e-10, 2.53731813338e-09, 6.99690927419e-09, 1.25366552695e-08, 2.82632539594e-09, 5.14603248902e-09, 7.20918480468e-09, 2.73863109967e-09, 2.38704278566e-09, 1.7129412333e-09, 1.2675485106e-09, 1.39537592592e-09, 3.77273412511e-09, 7.39452055143e-09, 2.12888018325e-08, 1.43675400466e-08, 1.08166062773e-08, 9.50621537044e-09, 2.54168708302e-09, 5.7630600292e-10, 2.72532663104e-10, 3.41793482406e-10, 2.39566092658e-11, 2.69069502464e-14], [8.88110158331e-12, 1.26787899624e-10, 4.01822151941e-11, 2.24394336445e-10, 3.07975178693e-09, 8.48276648924e-09, 1.52370525086e-08, 3.35838756804e-09, 5.98913851846e-09, 8.45610426126e-09, 3.17705040054e-09, 2.74686962065e-09, 1.95958937965e-09, 1.39537592592e-09, 1.62929358893e-09, 4.4718295733e-09, 8.85480133661e-09, 2.53614658163e-08, 1.64219020604e-08, 1.23906858107e-08, 1.11902940247e-08, 3.03282132741e-09, 6.85470014083e-10, 3.27352311924e-10, 4.13856449111e-10, 2.91087466631e-11, 3.69919616857e-14], [2.10013395563e-11, 3.50064671695e-10, 1.02783344336e-10, 6.33010144302e-10, 8.87269901995e-09, 2.45124258669e-08, 4.39281855336e-08, 9.5542471712e-09, 1.71127965132e-08, 2.41308999449e-08, 8.79374173479e-09, 7.66680496866e-09, 5.4659832216e-09, 3.77273412511e-09, 4.4718295733e-09, 1.26914772025e-08, 2.49718272727e-08, 7.15046652999e-08, 4.51006982871e-08, 3.38763612717e-08, 3.14518260325e-08, 8.46054604153e-09, 1.9231842785e-09, 9.21926424091e-10, 1.18226017864e-09, 8.35591734694e-11, 1.4039567035e-13], [4.44716208303e-11, 6.81583345319e-10, 2.03383504482e-10, 1.24629295772e-09, 1.74527041708e-08, 4.80588937535e-08, 8.63221174541e-08, 1.87583282241e-08, 3.34781624645e-08, 4.73616310614e-08, 1.73217351573e-08, 1.50868437743e-08, 1.07377111647e-08, 7.39452055143e-09, 8.85480133661e-09, 2.49718272727e-08, 4.97681504896e-08, 1.4273183524e-07, 9.01313939039e-08, 6.79428566741e-08, 6.24860376774e-08, 1.68906169051e-08, 3.82950959832e-09, 1.82763615353e-09, 2.32512364917e-09, 1.63793645314e-10, 2.22133943184e-13], [1.28098934238e-10, 1.93376692437e-09, 5.85354820171e-10, 3.57072371671e-09, 4.98519732162e-08, 1.37216147778e-07, 2.46331524068e-07, 5.36641806548e-08, 9.59643813303e-08, 1.36193889944e-07, 4.97855836556e-08, 4.35437961244e-08, 3.09146379607e-08, 2.12888018325e-08, 2.53614658163e-08, 7.15046652999e-08, 1.4273183524e-07, 4.1113631255e-07, 2.6111311513e-07, 1.96740558067e-07, 1.79880188966e-07, 4.85651305837e-08, 1.10120259578e-08, 5.23893461946e-09, 6.63734134321e-09, 4.67480054667e-10, 6.66611676883e-13], [8.96131086003e-11, 1.21161791711e-09, 3.8159528315e-10, 2.24204388388e-09, 3.07163112723e-08, 8.53592183603e-08, 1.51750285227e-07, 3.42964341371e-08, 6.13162498553e-08, 8.83060593537e-08, 3.21688347071e-08, 2.8700203103e-08, 2.03353547334e-08, 1.43675400466e-08, 1.64219020604e-08, 4.51006982871e-08, 9.01313939039e-08, 2.6111311513e-07, 1.76652108053e-07, 1.31884817733e-07, 1.16259563754e-07, 3.08929948289e-08, 6.96539359524e-09, 3.28802673977e-09, 4.10373424131e-09, 2.88624540934e-10, 5.2622972169e-13], [6.72293470894e-11, 9.16352826952e-10, 2.88843671203e-10, 1.67583047439e-09, 2.29695533704e-08, 6.3746995238e-08, 1.13508086486e-07, 2.55325716125e-08, 4.56934508009e-08, 6.55927721027e-08, 2.42114914784e-08, 2.13253148473e-08, 1.52358659022e-08, 1.08166062773e-08, 1.23906858107e-08, 3.38763612717e-08, 6.79428566741e-08, 1.96740558067e-07, 1.31884817733e-07, 1.00455245899e-07, 8.72957386377e-08, 2.32484858032e-08, 5.26526688915e-09, 2.47797782293e-09, 3.08312753106e-09, 2.16737475189e-10, 4.32728939487e-13], [5.54375781392e-11, 8.52797443773e-10, 2.55909404778e-10, 1.56930990425e-09, 2.18278888298e-08, 6.04355321343e-08, 1.07897612622e-07, 2.36929107444e-08, 4.23030819263e-08, 6.05599836945e-08, 2.19417213287e-08, 1.93404456894e-08, 1.37572886416e-08, 9.50621537044e-09, 1.11902940247e-08, 3.14518260325e-08, 6.24860376774e-08, 1.79880188966e-07, 1.16259563754e-07, 8.72957386377e-08, 7.95081191995e-08, 2.12617212725e-08, 4.82125406265e-09, 2.29738783553e-09, 2.91032686839e-09, 2.05472999726e-10, 3.95023477904e-13], [1.66291772019e-11, 2.33555758067e-10, 7.2791481176e-11, 4.24531604315e-10, 5.89002091544e-09, 1.61938373822e-08, 2.90857329333e-08, 6.31203045387e-09, 1.12341647096e-08, 1.59937929567e-08, 5.88445514538e-09, 5.13251885437e-09, 3.65121777257e-09, 2.54168708302e-09, 3.03282132741e-09, 8.46054604153e-09, 1.68906169051e-08, 4.85651305837e-08, 3.08929948289e-08, 2.32484858032e-08, 2.12617212725e-08, 5.84113113433e-09, 1.31906519041e-09, 6.35462071852e-10, 8.00594646133e-10, 5.74557137978e-11, 2.96247835291e-13], [3.53298618659e-12, 5.29984008069e-11, 1.64888241949e-11, 9.63303672941e-11, 1.33652655609e-09, 3.67225161391e-09, 6.60209620307e-09, 1.43108280781e-09, 2.55832954821e-09, 3.63056695818e-09, 1.34367161841e-09, 1.16986775822e-09, 8.29917023992e-10, 5.7630600292e-10, 6.85470014083e-10, 1.9231842785e-09, 3.82950959832e-09, 1.10120259578e-08, 6.96539359524e-09, 5.26526688915e-09, 4.82125406265e-09, 1.31906519041e-09, 2.99827301875e-10, 1.4447058827e-10, 1.81938714094e-10, 1.3078769838e-11, 7.13283056751e-14], [1.66061207754e-12, 2.56901409867e-11, 7.97294955751e-12, 4.64856729498e-11, 6.44568842745e-10, 1.76978864896e-09, 3.18533599497e-09, 6.87428058921e-10, 1.22280752191e-09, 1.73254288693e-09, 6.43008701839e-10, 5.55411494574e-10, 3.94306587381e-10, 2.72532663104e-10, 3.27352311924e-10, 9.21926424091e-10, 1.82763615353e-09, 5.23893461946e-09, 3.28802673977e-09, 2.47797782293e-09, 2.29738783553e-09, 6.35462071852e-10, 1.4447058827e-10, 7.09738032234e-11, 8.93971979776e-11, 6.58068131237e-12, 6.38200565528e-14], [1.96469858611e-12, 3.29777871677e-11, 9.53717139984e-12, 5.93235946478e-11, 8.352311065e-10, 2.29691643483e-09, 4.13300060842e-09, 8.84088302566e-10, 1.57576351967e-09, 2.21813944989e-09, 8.07365507782e-10, 6.96365742847e-10, 4.98499297397e-10, 3.41793482406e-10, 4.13856449111e-10, 1.18226017864e-09, 2.32512364917e-09, 6.63734134321e-09, 4.10373424131e-09, 3.08312753106e-09, 2.91032686839e-09, 8.00594646133e-10, 1.81938714094e-10, 8.93971979776e-11, 1.1448268028e-10, 8.37650521862e-12, 6.84569927329e-14], [1.357995205e-13, 2.32850761242e-12, 6.68892675623e-13, 4.19161623813e-12, 5.9099579397e-11, 1.62548807747e-10, 2.92494306553e-10, 6.24478802003e-11, 1.11224557342e-10, 1.56476540059e-10, 5.68484669061e-11, 4.89949331106e-11, 3.50721292286e-11, 2.39566092658e-11, 2.91087466631e-11, 8.35591734694e-11, 1.63793645314e-10, 4.67480054667e-10, 2.88624540934e-10, 2.16737475189e-10, 2.05472999726e-10, 5.74557137978e-11, 1.3078769838e-11, 6.58068131237e-12, 8.37650521862e-12, 6.37019408577e-13, 9.75625508252e-15], [1.27333827686e-16, 3.22242207486e-15, 6.20591182542e-16, 5.89357689645e-15, 8.80638742267e-14, 2.38406733591e-13, 4.3292775506e-13, 7.95619267083e-14, 1.40835287226e-13, 1.97899558069e-13, 6.43817681459e-14, 5.45059941734e-14, 4.18298479622e-14, 2.69069502464e-14, 3.69919616857e-14, 1.4039567035e-13, 2.22133943184e-13, 6.66611676883e-13, 5.2622972169e-13, 4.32728939487e-13, 3.95023477904e-13, 2.96247835291e-13, 7.13283056751e-14, 6.38200565528e-14, 6.84569927329e-14, 9.75625508252e-15, 9.87846139626e-16]]
    },
    "mfcc": {
        "kurt": [2.02808523178, 8.63635921478, 0.0760753154755, 1.72637844086, 0.0895962715149, 0.556666374207, 2.63150835037, 0.51035118103, 0.193648576736, 1.59090280533, 0.614063501358, 0.585599899292, 1.41380310059],
        "max": [-540.831237793, 100.01096344, 40.7283973694, 87.274887085, 17.9593353271, 14.3977203369, 34.1619033813, 32.5716934204, 24.0015449524, 18.6392230988, 16.6786460876, 13.6324691772, 14.3170127869],
        "mean": [-1035.72143555, 46.7972793579, -4.83363819122, 7.10498571396, -13.7858085632, -10.2489147186, 5.94802522659, 7.81095457077, 5.52669429779, 5.84882593155, 3.98127555847, 1.89204096794, 0.481993287802],
        "median": [-1101.31030273, 42.0594291687, 15.8350219727, 9.94878005981, -4.96295166016, -5.45513153076, 5.54776382446, 9.12513923645, 7.2933921814, 7.6797504425, 4.89542007446, 1.93097686768, 0.687942504883],
        "min": [-1129.97570801, -130.70501709, -113.588684082, -34.4493484497, -84.9980926514, -60.4298820496, -11.9031658173, -17.1489944458, -20.3699169159, -24.0890674591, -18.5953464508, -16.9288902283, -20.505279541],
        "skew": [1.74571025372, -1.19822406769, -1.27266609669, 0.050323471427, -0.979105591774, -1.11863148212, 0.400965034962, -0.354669868946, -0.647574663162, -1.10530543327, -0.684786438942, -0.394949674606, -0.492620289326],
        "var": [15751.0410156, 765.519226074, 1988.42553711, 316.253570557, 568.129760742, 270.210418701, 37.2903442383, 77.695854187, 69.0286407471, 52.8036270142, 38.0188293457, 24.7814254761, 28.8820514679],
        "cov": [[15847.0839844, 1124.46459961, -4996.67480469, 455.422485352, -2469.83984375, -1298.03234863, -143.311553955, -543.467346191, -713.799560547, -602.659606934, -460.239715576, -158.96585083, -314.967468262], [1124.46459961, 770.187011719, -525.973205566, -296.710113525, -369.206542969, -275.199279785, 36.9038543701, -7.37979698181, -41.082195282, -24.0849094391, -24.4287891388, 26.2959899902, -24.2787055969], [-4996.67480469, -525.973205566, 2000.5501709, 7.45113325119, 974.76574707, 604.777709961, 45.0158500671, 232.080291748, 271.737915039, 194.394973755, 167.075622559, 41.084903717, 104.305259705], [455.422485352, -296.710113525, 7.45113325119, 318.181945801, 94.2880630493, 118.532394409, -27.181230545, -53.1946220398, -20.2548446655, -24.7166652679, -21.4155578613, -19.9271831512, -15.9167060852], [-2469.83984375, -369.206542969, 974.76574707, 94.2880630493, 571.593933105, 340.067077637, 25.8110408783, 90.4540863037, 122.815361023, 93.0794525146, 83.5671615601, 18.5264987946, 52.4046440125], [-1298.03234863, -275.199279785, 604.777709961, 118.532394409, 340.067077637, 271.858032227, 17.3195285797, 67.2321243286, 80.161895752, 51.3611564636, 44.980052948, 6.12690877914, 17.5673274994], [-143.311553955, 36.9038543701, 45.0158500671, -27.181230545, 25.8110408783, 17.3195285797, 37.5177230835, 35.2850112915, 23.129491806, 15.5315895081, 8.0977897644, 4.16894292831, 2.73300218582], [-543.467346191, -7.37979698181, 232.080291748, -53.1946220398, 90.4540863037, 67.2321243286, 35.2850112915, 78.1696090698, 51.4906158447, 34.75522995, 26.6730804443, 8.07916069031, 10.6247768402], [-713.799560547, -41.082195282, 271.737915039, -20.2548446655, 122.815361023, 80.161895752, 23.129491806, 51.4906158447, 69.449546814, 44.3694953918, 33.0983543396, 15.9089536667, 17.1960659027], [-602.659606934, -24.0849094391, 194.394973755, -24.7166652679, 93.0794525146, 51.3611564636, 15.5315895081, 34.75522995, 44.3694953918, 53.1256027222, 34.3817634583, 19.7944869995, 14.840004921], [-460.239715576, -24.4287891388, 167.075622559, -21.4155578613, 83.5671615601, 44.980052948, 8.0977897644, 26.6730804443, 33.0983543396, 34.3817634583, 38.2506523132, 20.3946762085, 17.9043979645], [-158.96585083, 26.2959899902, 41.084903717, -19.9271831512, 18.5264987946, 6.12690877914, 4.16894292831, 8.07916069031, 15.9089536667, 19.7944869995, 20.3946762085, 24.9325332642, 13.800444603], [-314.967468262, -24.2787055969, 104.305259705, -15.9167060852, 52.4046440125, 17.5673274994, 2.73300218582, 10.6247768402, 17.1960659027, 14.840004921, 17.9043979645, 13.800444603, 29.0581626892]]
    },
    "sccoeffs": {
        "kurt": [0.931655168533, -0.0887832641602, 1.65457582474, 6.99393749237, 4.17475557327, 1.43096971512],
        "max": [-0.654692530632, -0.722603142262, -0.756191015244, -0.700539112091, -0.724587142467, -0.534591376781],
        "mean": [-0.829092860222, -0.864310264587, -0.87634062767, -0.884791314602, -0.880273878574, -0.773396968842],
        "median": [-0.838053524494, -0.878128886223, -0.880332171917, -0.892506480217, -0.892674505711, -0.80359184742],
        "min": [-0.91475456953, -0.952265799046, -0.935924470425, -0.94183588028, -0.91404747963, -0.874235749245],
        "skew": [0.955427229404, 0.808220624924, 1.01970112324, 1.78272747993, 2.04032087326, 1.50445592403],
        "var": [0.00277446093969, 0.00256487936713, 0.00104848737828, 0.000924593827222, 0.00107769505121, 0.00555895222351],
        "cov": [[0.00279137841426, 0.00068886455847, 0.000534854130819, 0.000393451889977, 0.000619844766334, 0.00122539023869], [0.00068886455847, 0.00258051883429, 0.0010079665808, 0.000832684338093, 0.000898131402209, 0.00260368175805], [0.000534854130819, 0.0010079665808, 0.00105488067493, 0.000478351081256, 0.000587659073062, 0.00136762065813], [0.000393451889977, 0.000832684338093, 0.000478351081256, 0.000930231588427, 0.000772297091316, 0.00124620296992], [0.000619844766334, 0.000898131402209, 0.000587659073062, 0.000772297091316, 0.00108426634688, 0.00134306994732], [0.00122539023869, 0.00260368175805, 0.00136762065813, 0.00124620296992, 0.00134306994732, 0.00559284863994]]
    },
    "scvalleys": {
        "kurt": [7.00751495361, 0.957881212234, -0.28577876091, 0.586044788361, 1.12220859528, 3.24816799164],
        "max": [-6.29308462143, -4.71532249451, -5.07602739334, -5.62396812439, -5.0323843956, -7.15885591507],
        "mean": [-10.1246423721, -9.62963294983, -9.66180324554, -10.5899448395, -10.3435726166, -13.6999006271],
        "median": [-10.3038787842, -10.1584978104, -10.4355707169, -11.3927202225, -11.1432924271, -14.0994701385],
        "min": [-11.5083065033, -11.3528795242, -11.340713501, -12.149435997, -11.6455087662, -16.8133335114],
        "skew": [2.05276679993, 1.30371510983, 1.00673258305, 1.39496946335, 1.60052633286, 1.77499818802],
        "var": [0.576397955418, 1.63606452942, 2.64596271515, 2.43907928467, 2.57011008263, 2.81665420532],
        "cov": [[0.579912602901, 0.586585223675, 0.6917719841, 0.72700381279, 0.752807080746, 0.749143302441], [0.586585223675, 1.64604055882, 1.97304046154, 1.91294693947, 1.90083014965, 1.04046189785], [0.6917719841, 1.97304046154, 2.66209673882, 2.43820476532, 2.36784219742, 1.12636828423], [0.72700381279, 1.91294693947, 2.43820476532, 2.45395183563, 2.45120954514, 1.47009301186], [0.752807080746, 1.90083014965, 2.36784219742, 2.45120954514, 2.58578133583, 1.79697084427], [0.749143302441, 1.04046189785, 1.12636828423, 1.47009301186, 1.79697084427, 2.83382892609]]
    }
},
"rhythm": {
    "beats_loudness": {
        "kurt": -0.666729927063,
        "max": 0.000132380344439,
        "mean": 3.42387029377e-05,
        "median": 1.75014417891e-06,
        "min": 1.0741805454e-06,
        "skew": 1.15461802483,
        "var": 3.21066995213e-09
    },
    "bpm": 79.1056594849,
    "confidence": 0,
    "first_peak_bpm": {
        "kurt": 0,
        "max": 80,
        "mean": 80,
        "median": 80,
        "min": 80,
        "skew": 0,
        "var": 0
    },
    "first_peak_spread": {
        "kurt": 0,
        "max": 0.333333313465,
        "mean": 0.333333313465,
        "median": 0.333333313465,
        "min": 0.333333313465,
        "skew": 0,
        "var": 0
    },
    "first_peak_weight": {
        "kurt": 0,
        "max": 0.666666686535,
        "mean": 0.666666686535,
        "median": 0.666666686535,
        "min": 0.666666686535,
        "skew": 0,
        "var": 0
    },
    "onset_rate": 1.05042517185,
    "second_peak_bpm": {
        "kurt": 0,
        "max": 0,
        "mean": 0,
        "median": 0,
        "min": 0,
        "skew": 0,
        "var": 0
    },
    "second_peak_spread": {
        "kurt": 0,
        "max": 0,
        "mean": 0,
        "median": 0,
        "min": 0,
        "skew": 0,
        "var": 0
    },
    "second_peak_weight": {
        "kurt": 0,
        "max": 0,
        "mean": 0,
        "median": 0,
        "min": 0,
        "skew": 0,
        "var": 0
    },
    "beats_loudness_band_ratio": {
        "kurt": [-0.993166446686, -1.01577079296, -1.70922636986, -1.98592948914, -1.87666261196, -0.770349502563],
        "max": [0.80432331562, 0.0273477137089, 0.281063377857, 0.371129542589, 0.231493338943, 0.702795386314],
        "mean": [0.274147301912, 0.0163876488805, 0.148100122809, 0.19130371511, 0.130506038666, 0.248384773731],
        "median": [0.145527496934, 0.0165978819132, 0.14518737793, 0.185169860721, 0.126821964979, 0.12330070883],
        "min": [0.0012109009549, 0.00500712171197, 0.0209623798728, 0.0237456224859, 0.0368868969381, 0.0441423095763],
        "skew": [0.821417689323, -0.0789043754339, 0.0446600168943, 0.0102843651548, 0.0446900129318, 1.03694021702],
        "var": [0.105177089572, 6.27026020084e-05, 0.0110140116885, 0.0276385582983, 0.00707512628287, 0.0713913217187],
        "cov": [[0.140236124396, 0.000854571524542, -0.0144615964964, -0.0287511143833, -0.030958423391, -0.0682577490807], [0.000854571524542, 8.36034669192e-05, -0.000281262298813, 5.59887557756e-05, -0.000459333066829, -0.000213635736145], [-0.0144615964964, -0.000281262298813, 0.0146853486076, 0.022017903626, -0.000741745345294, -0.0214137881994], [-0.0287511143833, 5.59887557756e-05, 0.022017903626, 0.0368514098227, -0.00155010295566, -0.0285391304642], [-0.030958423391, -0.000459333066829, -0.000741745345294, -0.00155010295566, 0.00943350140005, 0.0244831535965], [-0.0682577490807, -0.000213635736145, -0.0214137881994, -0.0285391304642, 0.0244831535965, 0.0951884314418]]
    },
    "beats_position": [0.743038535118, 1.50929701328, 2.26394557953, 3.01859402657],
    "bpm_estimates": [78.3025588989, 79.5072097778, 79.5072174072],
    "bpm_intervals": [0.766258478165, 0.754648566246, 0.754648447037],
    "onset_times": [0.162539675832, 0.267029464245, 0.406349211931, 3.04181408882],
    "histogram": [[0, 0, 0, 0, 0, 0, 0, 0, 0, 0, 0, 0, 0, 0, 0, 0, 0, 0, 0, 0, 0, 0, 0, 0, 0, 0, 0, 0, 0, 0, 0, 0, 0, 0, 0, 0, 0, 0, 0, 0, 0, 0, 0, 0, 0, 0, 0, 0, 0, 0, 0, 0, 0, 0, 0, 0, 0, 0, 0, 0, 0, 0, 0, 0, 0, 0, 0, 0, 0, 0, 0, 0, 0, 0, 0, 0, 0, 0, 0.333333343267, 0, 0.666666686535, 0, 0, 0, 0, 0, 0, 0, 0, 0, 0, 0, 0, 0, 0, 0, 0, 0, 0, 0, 0, 0, 0, 0, 0, 0, 0, 0, 0, 0, 0, 0, 0, 0, 0, 0, 0, 0, 0, 0, 0, 0, 0, 0, 0, 0, 0, 0, 0, 0, 0, 0, 0, 0, 0, 0, 0, 0, 0, 0, 0, 0, 0, 0, 0, 0, 0, 0, 0, 0, 0, 0, 0, 0, 0, 0, 0, 0, 0, 0, 0, 0, 0, 0, 0, 0, 0, 0, 0, 0, 0, 0, 0, 0, 0, 0, 0, 0, 0, 0, 0, 0, 0, 0, 0, 0, 0, 0, 0, 0, 0, 0, 0, 0, 0, 0, 0, 0, 0, 0, 0, 0, 0, 0, 0, 0, 0, 0, 0, 0, 0, 0, 0, 0, 0, 0, 0, 0, 0, 0, 0, 0, 0, 0, 0, 0, 0, 0, 0, 0, 0, 0, 0, 0, 0, 0, 0, 0, 0, 0, 0, 0, 0, 0, 0, 0, 0, 0, 0, 0]]
},
"sfx": {
    "inharmonicity": {
        "kurt": 2.97327184677,
        "max": 0.307767987251,
        "mean": 0.0429608039558,
        "median": 0.00636377185583,
        "min": 0,
        "skew": 1.92191290855,
        "var": 0.00483661657199
    },
    "oddtoevenharmonicenergyratio": {
        "kurt": 5.76389598846,
        "max": 2.67901468277,
        "mean": 0.272762656212,
        "median": 0.0398751609027,
        "min": 0,
        "skew": 2.39685702324,
        "var": 0.240954399109
    },
    "pitch_after_max_to_before_max_energy_ratio": 0.942645192146,
    "pitch_centroid": 93.883430481,
    "pitch_max_to_total": 0.727272748947,
    "pitch_min_to_total": 0.290909081697,
    "tristimulus": {
        "kurt": [-1.40359699726, -0.885452985764, -0.2946434021],
        "max": [1, 0.568847596645, 1],
        "mean": [0.632045924664, 0.151069387794, 0.216884732246],
        "median": [0.650154411793, 0.0980842411518, 0.0687744989991],
        "min": [0, 0, 0],
        "skew": [-0.354972809553, 0.628563046455, 0.928382873535],
        "var": [0.139037191868, 0.0275054201484, 0.0691031515598],
        "cov": [[0.139884978533, -0.0490169934928, -0.0908682197332], [-0.0490169934928, 0.0276731364429, 0.0213437881321], [-0.0908682197332, 0.0213437881321, 0.0695245116949]]
    }
},
"tonal": {
    "chords_changes_rate": 0.120481930673,
    "chords_number_rate": 0.048192769289,
    "chords_strength": {
        "kurt": -0.782106637955,
        "max": 0.598757922649,
        "mean": 0.444650679827,
        "median": 0.477446854115,
        "min": 0.238336116076,
        "skew": -0.47632804513,
        "var": 0.0101053481922
    },
    "key_strength": 0.363888531923,
    "tuning_diatonic_strength": 0.414008826017,
    "tuning_equal_tempered_deviation": 0.27432975173,
    "tuning_frequency": 435.952270508,
    "tuning_nontempered_energy_ratio": 0.896732985973,
    "hpcp": {
        "kurt": [-0.0890176296234, 0.0151443481445, -0.0868954658508, 1.60826921463, 1.1952381134, 0.164543628693, 0.760562181473, -0.288217782974, 1.0176486969, 1.02009677887, 2.67993497849, 2.21237659454, 1.56964159012, 3.26232051849, 2.8709526062, 2.02058172226, 1.91607284546, 0.717777967453, 1.1186003685, 2.14768266678, 2.90888404846, 1.63414096832, 2.51273679733, 0.152790546417, -0.983711004257, -0.161389827728, 1.98934841156, 1.07642650604, 0.64778137207, -0.558346509933, -0.595628023148, 0.173165798187, -0.480579853058, -0.559069633484, -0.582789182663, -0.641876935959],
        "max": [1, 1, 1, 1, 1, 1, 1, 0.861582875252, 1, 1, 1, 1, 1, 1, 0.899451196194, 1, 1, 1, 0.981662929058, 1, 1, 0.855723977089, 1, 1, 1, 1, 1, 0.999396383762, 1, 1, 1, 1, 1, 1, 1, 1],
        "mean": [0.343122571707, 0.335227310658, 0.339572548866, 0.296530097723, 0.296533674002, 0.318413734436, 0.295172303915, 0.285958886147, 0.299990326166, 0.301554977894, 0.304099857807, 0.307240188122, 0.290014415979, 0.244749292731, 0.237353995442, 0.27501553297, 0.290006995201, 0.295296132565, 0.295974671841, 0.263931751251, 0.225420594215, 0.213660672307, 0.224114134908, 0.328559219837, 0.425989806652, 0.367435723543, 0.276026666164, 0.253557562828, 0.29274815321, 0.360704123974, 0.342643141747, 0.318312734365, 0.377713263035, 0.384857684374, 0.380032747984, 0.385524123907],
        "median": [0.265519738197, 0.240664601326, 0.270941585302, 0.233431324363, 0.234572693706, 0.255633175373, 0.242617622018, 0.243196815252, 0.24710200727, 0.233410000801, 0.24015070498, 0.287607401609, 0.23406752944, 0.200605601072, 0.211054772139, 0.236814111471, 0.257391899824, 0.262667626143, 0.257790178061, 0.213849842548, 0.144570410252, 0.122257933021, 0.139133945107, 0.280746310949, 0.37359803915, 0.277164906263, 0.206099778414, 0.198315903544, 0.239072173834, 0.229962721467, 0.24824103713, 0.270723074675, 0.326408952475, 0.357330262661, 0.306305289268, 0.369307637215],
