{
"metadata": {
    "version": {
        "essentia": "2.1-beta3"
    }
},
"lowLevel": {
    "average_loudness": 0.346765071154,
    "barkbands_kurtosis": {
        "kurt": 13.6347618103,
        "max": 12.0797424316,
        "mean": -0.291962891817,
        "median": -1.12125241756,
        "min": -1.65600216389,
        "skew": 3.31086611748,
        "var": 4.3262219429
    },
    "barkbands_skewness": {
        "kurt": 0.501698493958,
        "max": 1.38292455673,
        "mean": -0.260649710894,
        "median": -0.294398069382,
        "min": -2.96782588959,
        "skew": -0.143022507429,
        "var": 0.58281981945
    },
    "barkbands_spread": {
        "kurt": -0.750514268875,
        "max": 51.288105011,
        "mean": 27.7444152832,
        "median": 31.4921283722,
        "min": 2.62615513802,
        "skew": -0.433140873909,
        "var": 120.688743591
    },
    "dissonance": {
        "kurt": 19.1898441315,
        "max": 0.499968498945,
        "mean": 0.485420227051,
        "median": 0.490428417921,
        "min": 0.361295104027,
        "skew": -3.57663059235,
        "var": 0.000269058306003
    },
    "hfc": {
        "kurt": 65.9910049438,
        "max": 125.43561554,
        "mean": 2.75537776947,
        "median": 0.00647979602218,
        "min": 0.00078925449634,
        "skew": 7.5049943924,
        "var": 138.177383423
    },
    "pitch": {
        "kurt": -1.64592337608,
        "max": 4480.75,
        "mean": 2549.35766602,
        "median": 3605.79589844,
        "min": 120.331329346,
        "skew": -0.50706154108,
        "var": 2542453.5
    },
    "pitch_instantaneous_confidence": {
        "kurt": 0.37154841423,
        "max": 0.533024311066,
        "mean": 0.275646746159,
        "median": 0.260043084621,
        "min": 0.140596985817,
        "skew": 0.822641670704,
        "var": 0.00555202085525
    },
    "pitch_salience": {
        "kurt": 1.53577136993,
        "max": 0.919248223305,
        "mean": 0.780409872532,
        "median": 0.779851615429,
        "min": 0.695771694183,
        "skew": 0.52466660738,
        "var": 0.00109652802348
    },
    "silence_rate_20dB": {
        "kurt": 0,
        "max": 1,
        "mean": 1,
        "median": 1,
        "min": 1,
        "skew": 0,
        "var": 0
    },
    "silence_rate_30dB": {
        "kurt": 0,
        "max": 1,
        "mean": 1,
        "median": 1,
        "min": 1,
        "skew": 0,
        "var": 0
    },
    "silence_rate_60dB": {
        "kurt": 4.68807935715,
        "max": 1,
        "mean": 0.895522415638,
        "median": 1,
        "min": 0,
        "skew": -2.58612513542,
        "var": 0.0935621857643
    },
    "spectral_centroid": {
        "kurt": 0.411503553391,
        "max": 4296.20507812,
        "mean": 2179.90063477,
        "median": 2164.84399414,
        "min": 925.03302002,
        "skew": 0.463286012411,
        "var": 488799.21875
    },
    "spectral_complexity": {
        "kurt": 8.96560955048,
        "max": 44,
        "mean": 2.94029855728,
        "median": 0,
        "min": 0,
        "skew": 3.14062929153,
        "var": 70.2950515747
    },
    "spectral_crest": {
        "kurt": 3.42690706253,
        "max": 12.7942667007,
        "mean": 4.97729539871,
        "median": 4.50527095795,
        "min": 2.63659739494,
        "skew": 1.54509413242,
        "var": 2.68458366394
    },
    "spectral_decrease": {
        "kurt": 87.1593399048,
        "max": -7.81892318903e-14,
        "mean": -2.02592789766e-10,
        "median": -6.29735087861e-13,
        "min": -9.45025302457e-09,
        "skew": -8.35749053955,
        "var": 6.43938238285e-19
    },
    "spectral_energy": {
        "kurt": 82.4108734131,
        "max": 0.0470447950065,
        "mean": 0.00101455312688,
        "median": 2.98802160614e-06,
        "min": 3.66691637055e-07,
        "skew": 8.15815353394,
        "var": 1.65176297742e-05
    },
    "spectral_energyband_high": {
        "kurt": 65.0183486938,
        "max": 0.0123282447457,
        "mean": 0.000238643362536,
        "median": 4.70215212545e-07,
        "min": 6.5072086386e-08,
        "skew": 7.72060489655,
        "var": 1.42961289384e-06
    },
    "spectral_energyband_low": {
        "kurt": 146.060546875,
        "max": 0.00124892313033,
        "mean": 1.38223467729e-05,
        "median": 1.31180939889e-07,
        "min": 1.0009113538e-08,
        "skew": 11.5996437073,
        "var": 8.84199824469e-09
    },
    "spectral_energyband_middle_high": {
        "kurt": 53.595539093,
        "max": 0.0219169873744,
        "mean": 0.000595404708292,
        "median": 1.50482412664e-06,
        "min": 1.60746083111e-07,
        "skew": 6.54724979401,
        "var": 4.60190358353e-06
    },
    "spectral_energyband_middle_low": {
        "kurt": 126.91305542,
        "max": 0.012491222471,
        "mean": 0.000186534918612,
        "median": 9.29159511998e-07,
        "min": 1.24394432532e-07,
        "skew": 10.568148613,
        "var": 9.41442237945e-07
    },
    "spectral_flatness_db": {
        "kurt": 1.63145065308,
        "max": 0.327911674976,
        "mean": 0.12676680088,
        "median": 0.109743870795,
        "min": 0.047353848815,
        "skew": 1.34353196621,
        "var": 0.0021601319313
    },
    "spectral_flux": {
        "kurt": 14.9491882324,
        "max": 0.18499468267,
        "mean": 0.0121101913974,
        "median": 0.00113281363156,
        "min": 0.000753827334847,
        "skew": 3.55960488319,
        "var": 0.000722049328033
    },
    "spectral_kurtosis": {
        "kurt": 14.4169559479,
        "max": 17.3322505951,
        "mean": 2.86681580544,
        "median": 2.23818016052,
        "min": 0.201776027679,
        "skew": 3.45666885376,
        "var": 5.53515863419
    },
    "spectral_rms": {
        "kurt": 14.8626747131,
        "max": 0.00677475938573,
        "mean": 0.000432431115769,
        "median": 5.39920656593e-05,
        "min": 1.89142265299e-05,
        "skew": 3.41829514503,
        "var": 8.02811769063e-07
    },
    "spectral_rolloff": {
        "kurt": 0.900238513947,
        "max": 5706.29882812,
        "mean": 3741.63598633,
        "median": 4005.17578125,
        "min": 1141.25976562,
        "skew": -1.19412600994,
        "var": 887251.25
    },
    "spectral_skewness": {
        "kurt": 5.37321281433,
        "max": 2.98791074753,
        "mean": 1.21873927116,
        "median": 1.13472723961,
        "min": 0.675106704235,
        "skew": 2.05713701248,
        "var": 0.122808463871
    },
    "spectral_spread": {
        "kurt": 7.81917095184,
        "max": 14334165,
        "mean": 4798084,
        "median": 4858433,
        "min": 1790908.75,
        "skew": 1.44330787659,
        "var": 2.38942263706e+12
    },
    "spectral_strongpeak": {
        "kurt": 22.3582134247,
        "max": 2.60670948029,
        "mean": 0.129580512643,
        "median": 0.00855752825737,
        "min": 0.000298570725136,
        "skew": 4.44760656357,
        "var": 0.121743328869
    },
    "zerocrossingrate": {
        "kurt": 0.0970418453217,
        "max": 0.19287109375,
        "mean": 0.117627196014,
        "median": 0.12158203125,
        "min": 0.05078125,
        "skew": -0.260408848524,
        "var": 0.000922651262954
    },
    "barkbands": {
        "kurt": [186.475280762, 84.8704223633, 173.268951416, 106.444450378, 81.3354873657, 105.047454834, 160.574707031, 152.979003906, 91.2581939697, 64.1752319336, 21.3489112854, 127.120559692, 23.0372810364, 92.722694397, 58.4443092346, 49.0562667847, 42.4318084717, 88.2044219971, 50.6193580627, 113.906890869, 71.7365722656, 91.0177764893, 51.7081718445, 83.2011795044, 79.8118209839, 96.4736938477, 73.508895874],
        "max": [2.46928684646e-05, 6.1355647631e-05, 0.000571440556087, 0.00123029854149, 0.000847062736284, 0.00171995046549, 0.00428377091885, 0.00365841342136, 0.00148451153655, 0.00239307782613, 0.000779746333137, 0.00161687540822, 0.000254225131357, 0.000900990329683, 0.00135186361149, 0.00136429769918, 0.00208915141411, 0.00717631587759, 0.00500294426456, 0.0082711558789, 0.00607482017949, 0.00255453167483, 0.00033149230876, 0.000285779067781, 0.00014814826136, 1.40526617542e-05, 1.34275268238e-07],
        "mean": [1.61830854495e-07, 9.60071702139e-07, 5.53030167794e-06, 1.61715397553e-05, 1.55783836817e-05, 2.31896774494e-05, 4.82181021653e-05, 4.03074736823e-05, 3.04490986309e-05, 5.41597401025e-05, 3.50553345925e-05, 2.57186948147e-05, 1.06026209323e-05, 1.84335312952e-05, 3.29605172738e-05, 4.08194937336e-05, 6.44189931336e-05, 0.000126181359519, 0.000128880856209, 0.000131952401716, 0.000112332956633, 3.83087062801e-05, 7.56763665777e-06, 4.16503689848e-06, 2.26066981668e-06, 1.66947842217e-07, 1.93964955209e-09],
        "median": [1.11029174743e-09, 3.1263315492e-08, 4.30577529187e-08, 7.01123070712e-08, 1.13394335699e-07, 1.2299295804e-07, 1.84801635328e-07, 2.17681474624e-07, 1.70677537881e-07, 1.35309278448e-07, 9.07730637323e-08, 7.55428004595e-08, 5.61281652267e-08, 5.75596743602e-08, 6.71594477808e-08, 1.15857233141e-07, 1.69606749978e-07, 2.75507886727e-07, 3.78773933107e-07, 3.41954489613e-07, 2.13873363464e-07, 5.99487748332e-08, 1.18166081364e-08, 3.98211641439e-09, 1.47692869046e-09, 4.49677690917e-11, 4.21034626434e-13],
        "min": [2.71107650218e-11, 1.05397646166e-09, 1.9164057008e-09, 4.26153418109e-10, 5.55363044441e-09, 1.1794787369e-08, 1.96116385354e-08, 7.8656858804e-09, 8.80454287255e-09, 8.30129920359e-09, 6.78164635559e-09, 5.05678432461e-09, 7.99128141438e-09, 7.76442998784e-09, 5.40779510061e-09, 1.01618731208e-08, 6.37408303916e-09, 4.14278495953e-08, 4.33296349911e-08, 3.25964499837e-08, 3.6511313084e-08, 6.62496812964e-09, 1.17798115706e-09, 6.92638335575e-10, 3.3349497751e-13, 1.18833504777e-13, 1.25413138126e-15],
        "skew": [13.5935258865, 9.02525615692, 12.9035511017, 9.72139167786, 8.25632286072, 9.82211017609, 12.2651500702, 11.9656095505, 8.62721347809, 7.40323066711, 4.41605091095, 10.5145072937, 4.52117919922, 8.67136383057, 6.98994779587, 6.55883550644, 6.19153118134, 8.94254684448, 6.43691062927, 9.88362312317, 8.24329471588, 8.98917484283, 7.05545091629, 8.93120098114, 8.78121852875, 9.70531749725, 8.39214706421],
        "var": [3.08406468766e-12, 3.32463882813e-11, 1.70185843196e-09, 1.01441353095e-08, 5.48095124842e-09, 2.0411267343e-08, 9.90144002344e-08, 7.41857562048e-08, 1.55703787641e-08, 5.15132221324e-08, 1.24122436773e-08, 1.57033497317e-08, 1.10987152802e-09, 5.67578783972e-09, 1.69256733074e-08, 2.45757636463e-08, 5.92976263647e-08, 3.98931774725e-07, 2.48471906161e-07, 4.35211916283e-07, 3.73812241605e-07, 4.78893937839e-08, 1.5461777414e-09, 7.16450676563e-10, 2.18344592406e-10, 1.5663308324e-12, 1.74868800525e-16],
        "cov": [[3.09948507832e-12, 6.90361223049e-12, 7.0831250587e-11, 1.54831120147e-10, 1.07841222063e-10, 1.1740636241e-10, 5.30883836891e-10, 4.52171550203e-10, 1.85208487435e-10, 3.1461066391e-11, 9.48071204876e-11, 1.98981012223e-10, 1.91860659304e-11, 1.10341423498e-10, 1.71626060586e-10, 1.73398628789e-10, 2.68760347311e-10, 5.80728021227e-10, 6.38879116277e-10, 1.03219632841e-09, 6.71621536164e-10, 1.51902046497e-10, 4.12942353922e-11, 3.55264602458e-11, 1.84080528598e-11, 1.31641171488e-12, 1.67684927223e-14], [6.90361223049e-12, 3.34126198931e-11, 1.68485433938e-10, 4.85246065551e-10, 3.62129909393e-10, 3.85181581075e-10, 1.22102716826e-09, 9.83227721463e-10, 5.0363957449e-10, 2.47434295275e-10, 3.17804976779e-10, 4.72993921807e-10, 8.62441507099e-11, 2.70511113509e-10, 5.10003927978e-10, 5.1194287698e-10, 1.09304765239e-09, 1.45899492487e-09, 2.15408557658e-09, 2.70614175513e-09, 1.61656421582e-09, 3.74817982207e-10, 1.144259687e-10, 8.15003065036e-11, 4.55198101434e-11, 3.0704713945e-12, 4.28503159876e-14], [7.0831250587e-11, 1.68485433938e-10, 1.71036773633e-09, 3.90558252406e-09, 2.73753819613e-09, 2.85993273508e-09, 1.24619541353e-08, 1.06703872405e-08, 4.63451810262e-09, 1.79444992199e-09, 2.76655764964e-09, 4.89130469461e-09, 6.60071552971e-10, 2.80181078338e-09, 4.24868451532e-09, 4.45464864995e-09, 6.88834189688e-09, 1.41513840646e-08, 1.61093378637e-08, 2.49121860918e-08, 1.59675082045e-08, 3.59522678295e-09, 9.78293779319e-10, 8.17227674421e-10, 4.24163482116e-10, 3.0103544657e-11, 3.84144647515e-13], [1.54831120147e-10, 4.85246065551e-10, 3.90558252406e-09, 1.01948556264e-08, 7.04440150656e-09, 6.83343115426e-09, 2.81544263458e-08, 2.41368436349e-08, 1.12149249887e-08, 6.85442946846e-09, 7.59471774359e-09, 1.12240501338e-08, 2.03543670807e-09, 6.57043530694e-09, 9.87137838138e-09, 1.04692183811e-08, 1.85843038736e-08, 3.23156505999e-08, 3.90801595529e-08, 5.69942457673e-08, 3.56269964641e-08, 7.92496201996e-09, 2.25176766122e-09, 1.7956058862e-09, 9.54641921069e-10, 6.66687954842e-11, 8.7717908024e-13], [1.07841222063e-10, 3.62129909393e-10, 2.73753819613e-09, 7.04440150656e-09, 5.50835599356e-09, 5.46001599488e-09, 2.02490113566e-08, 1.76409802322e-08, 8.60205684461e-09, 7.32557348115e-09, 6.19125462009e-09, 8.14252665293e-09, 1.56242552229e-09, 5.0432316101e-09, 7.733596874e-09, 8.36707858554e-09, 1.42521461299e-08, 2.4139522381e-08, 3.13073691416e-08, 4.33501199382e-08, 2.63299515524e-08, 6.06030470252e-09, 1.67764413472e-09, 1.27073307432e-09, 6.7500249834e-10, 4.70323502366e-11, 6.09320970416e-13], [1.1740636241e-10, 3.85181581075e-10, 2.85993273508e-09, 6.83343115426e-09, 5.46001599488e-09, 2.05133225961e-08, 2.75450613429e-08, 2.06934842595e-08, 1.04359658692e-08, 9.70607860751e-09, 8.08813727105e-09, 1.03929815864e-08, 2.66716249087e-09, 5.60960655704e-09, 9.59365920039e-09, 9.27383059235e-09, 1.45243328475e-08, 2.64734882904e-08, 3.63740184639e-08, 4.97342256267e-08, 2.95470865552e-08, 6.76750744333e-09, 1.75260661539e-09, 1.3690072409e-09, 7.07591207849e-10, 4.99090317685e-11, 6.33306937708e-13], [5.30883836891e-10, 1.22102716826e-09, 1.24619541353e-08, 2.81544263458e-08, 2.02490113566e-08, 2.75450613429e-08, 9.95094708856e-08, 8.45848333597e-08, 3.64030476874e-08, 2.02640997315e-08, 2.24130918269e-08, 3.68224526426e-08, 5.04980279814e-09, 2.17652704748e-08, 3.1955391222e-08, 3.18805319921e-08, 4.95845497994e-08, 1.03528265072e-07, 1.16334568645e-07, 1.82776389579e-07, 1.16749831136e-07, 2.60978882949e-08, 7.07969283198e-09, 6.06736305642e-09, 3.13980041966e-09, 2.24118432146e-10, 2.8578723589e-12], [4.52171550203e-10, 9.83227721463e-10, 1.06703872405e-08, 2.41368436349e-08, 1.76409802322e-08, 2.06934842595e-08, 8.45848333597e-08, 7.45566808291e-08, 3.19916182434e-08, 2.2943476452e-08, 2.05405541465e-08, 3.1875284634e-08, 4.46772396856e-09, 1.92294642432e-08, 2.72397571166e-08, 2.76274523259e-08, 4.2137152434e-08, 9.04537245106e-08, 9.90967237158e-08, 1.56160680831e-07, 9.99716789352e-08, 2.25482139626e-08, 6.02374861103e-09, 5.19033127588e-09, 2.6756248328e-09, 1.91989216192e-10, 2.42980830768e-12], [1.85208487435e-10, 5.0363957449e-10, 4.63451810262e-09, 1.12149249887e-08, 8.60205684461e-09, 1.04359658692e-08, 3.64030476874e-08, 3.19916182434e-08, 1.56482311553e-08, 1.53009267478e-08, 1.13428875181e-08, 1.43703235977e-08, 2.75355405144e-09, 9.03605013036e-09, 1.27995622989e-08, 1.33421709236e-08, 2.1622685864e-08, 4.07887057463e-08, 4.79071893267e-08, 6.94050399375e-08, 4.31379127974e-08, 9.97157556526e-09, 2.63014499069e-09, 2.15753837018e-09, 1.11962494831e-09, 8.00221139352e-11, 1.01913551383e-12], [3.1461066391e-11, 2.47434295275e-10, 1.79444992199e-09, 6.85442946846e-09, 7.32557348115e-09, 9.70607860751e-09, 2.02640997315e-08, 2.2943476452e-08, 1.53009267478e-08, 5.17707903214e-08, 2.06429788818e-08, 9.45775724404e-09, 5.07583042264e-09, 8.89336426724e-09, 9.22331722109e-09, 1.03754294045e-08, 1.79040942072e-08, 2.20881748447e-08, 3.20293764844e-08, 3.01765190613e-08, 1.33879813902e-08, 3.09867664861e-09, 6.68099187084e-10, 3.86697063259e-10, 1.93867630283e-10, 1.33054201337e-11, 1.84389762031e-13], [9.48071204876e-11, 3.17804976779e-10, 2.76655764964e-09, 7.59471774359e-09, 6.19125462009e-09, 8.08813727105e-09, 2.24130918269e-08, 2.05405541465e-08, 1.13428875181e-08, 2.06429788818e-08, 1.24743051444e-08, 1.01406563147e-08, 3.242503821e-09, 6.84339473978e-09, 9.24996435003e-09, 1.01211563575e-08, 1.65272169284e-08, 2.69305342471e-08, 3.46376864968e-08, 4.3333333366e-08, 2.50272247371e-08, 5.67413449559e-09, 1.46959022729e-09, 1.10807096831e-09, 5.71987457398e-10, 4.00009192436e-11, 5.13442912319e-13], [1.98981012223e-10, 4.72993921807e-10, 4.89130469461e-09, 1.12240501338e-08, 8.14252665293e-09, 1.03929815864e-08, 3.68224526426e-08, 3.1875284634e-08, 1.43703235977e-08, 9.45775724404e-09, 1.01406563147e-08, 1.57818664803e-08, 2.78738276904e-09, 8.73659633527e-09, 1.41246649932e-08, 1.48602135042e-08, 2.28511467526e-08, 5.20393683701e-08, 5.2177608012e-08, 7.66673053931e-08, 4.98826473461e-08, 1.37745947981e-08, 3.21723359065e-09, 2.59133292602e-09, 1.35651756494e-09, 1.0166685549e-10, 1.2038850819e-12], [1.91860659304e-11, 8.62441507099e-11, 6.60071552971e-10, 2.03543670807e-09, 1.56242552229e-09, 2.66716249087e-09, 5.04980279814e-09, 4.46772396856e-09, 2.75355405144e-09, 5.07583042264e-09, 3.242503821e-09, 2.78738276904e-09, 1.11542086678e-09, 1.64342328635e-09, 2.55434029484e-09, 2.96691093915e-09, 4.56961357642e-09, 7.96748444998e-09, 9.99042448768e-09, 1.12621414416e-08, 6.60319088297e-09, 1.77910963739e-09, 4.01532862515e-10, 2.65347022133e-10, 1.38108524617e-10, 9.99061944285e-12, 1.18053611049e-13], [1.10341423498e-10, 2.70511113509e-10, 2.80181078338e-09, 6.57043530694e-09, 5.0432316101e-09, 5.60960655704e-09, 2.17652704748e-08, 1.92294642432e-08, 9.03605013036e-09, 8.89336426724e-09, 6.84339473978e-09, 8.73659633527e-09, 1.64342328635e-09, 5.7041664725e-09, 8.21846946053e-09, 8.61479154679e-09, 1.29798785053e-08, 2.65731632254e-08, 2.97970714769e-08, 4.22146939627e-08, 2.69532893782e-08, 6.53494902636e-09, 1.65292002308e-09, 1.33460265062e-09, 6.90419332816e-10, 4.97804991673e-11, 6.19229168809e-13], [1.71626060586e-10, 5.10003927978e-10, 4.24868451532e-09, 9.87137838138e-09, 7.733596874e-09, 9.59365920039e-09, 3.1955391222e-08, 2.72397571166e-08, 1.27995622989e-08, 9.22331722109e-09, 9.24996435003e-09, 1.41246649932e-08, 2.55434029484e-09, 8.21846946053e-09, 1.70103007235e-08, 1.66735851792e-08, 2.7462720098e-08, 6.66217800926e-08, 5.65306699229e-08, 7.62400134136e-08, 5.20507406065e-08, 1.94897005201e-08, 3.86206622238e-09, 2.87518076014e-09, 1.56040402821e-09, 1.25492616299e-10, 1.35796441366e-12], [1.73398628789e-10, 5.1194287698e-10, 4.45464864995e-09, 1.04692183811e-08, 8.36707858554e-09, 9.27383059235e-09, 3.18805319921e-08, 2.76274523259e-08, 1.33421709236e-08, 1.03754294045e-08, 1.01211563575e-08, 1.48602135042e-08, 2.96691093915e-09, 8.61479154679e-09, 1.66735851792e-08, 2.46986431307e-08, 3.16753734353e-08, 7.19929715842e-08, 7.22402759834e-08, 8.63546674168e-08, 5.92080517947e-08, 2.16827658051e-08, 4.50114656658e-09, 3.03977665261e-09, 1.63722857494e-09, 1.28576496672e-10, 1.40057724533e-12], [2.68760347311e-10, 1.09304765239e-09, 6.88834189688e-09, 1.85843038736e-08, 1.42521461299e-08, 1.45243328475e-08, 4.95845497994e-08, 4.2137152434e-08, 2.1622685864e-08, 1.79040942072e-08, 1.65272169284e-08, 2.28511467526e-08, 4.56961357642e-09, 1.29798785053e-08, 2.7462720098e-08, 3.16753734353e-08, 5.9594114532e-08, 1.30778843754e-07, 1.08014248212e-07, 1.36490129421e-07, 1.0463497091e-07, 4.12162179941e-08, 8.181878286e-09, 5.48577894222e-09, 3.08263281568e-09, 2.47499271078e-10, 2.75062351368e-12], [5.80728021227e-10, 1.45899492487e-09, 1.41513840646e-08, 3.23156505999e-08, 2.4139522381e-08, 2.64734882904e-08, 1.03528265072e-07, 9.04537245106e-08, 4.07887057463e-08, 2.20881748447e-08, 2.69305342471e-08, 5.20393683701e-08, 7.96748444998e-09, 2.65731632254e-08, 6.66217800926e-08, 7.19929715842e-08, 1.30778843754e-07, 4.00926438715e-07, 2.22840583319e-07, 3.18233901453e-07, 2.84389329863e-07, 1.34164650945e-07, 2.28922161227e-08, 1.58675952378e-08, 8.84398776435e-09, 7.69038444037e-10, 7.71407417111e-12], [6.38879116277e-10, 2.15408557658e-09, 1.61093378637e-08, 3.90801595529e-08, 3.13073691416e-08, 3.63740184639e-08, 1.16334568645e-07, 9.90967237158e-08, 4.79071893267e-08, 3.20293764844e-08, 3.46376864968e-08, 5.2177608012e-08, 9.99042448768e-09, 2.97970714769e-08, 5.65306699229e-08, 7.22402759834e-08, 1.08014248212e-07, 2.22840583319e-07, 2.49714275924e-07, 3.01058662444e-07, 2.33085870605e-07, 6.76320297543e-08, 1.560327334e-08, 1.0197980238e-08, 5.38956435037e-09, 3.99584698663e-10, 4.8895549068e-12], [1.03219632841e-09, 2.70614175513e-09, 2.49121860918e-08, 5.69942457673e-08, 4.33501199382e-08, 4.97342256267e-08, 1.82776389579e-07, 1.56160680831e-07, 6.94050399375e-08, 3.01765190613e-08, 4.3333333366e-08, 7.66673053931e-08, 1.12621414416e-08, 4.22146939627e-08, 7.62400134136e-08, 8.63546674168e-08, 1.36490129421e-07, 3.18233901453e-07, 3.01058662444e-07, 4.37387967622e-07, 3.13843997901e-07, 9.57880814667e-08, 2.12238564501e-08, 1.55522759115e-08, 8.29213231412e-09, 6.33746943812e-10, 7.34546624914e-12], [6.71621536164e-10, 1.61656421582e-09, 1.59675082045e-08, 3.56269964641e-08, 2.63299515524e-08, 2.95470865552e-08, 1.16749831136e-07, 9.99716789352e-08, 4.31379127974e-08, 1.33879813902e-08, 2.50272247371e-08, 4.98826473461e-08, 6.60319088297e-09, 2.69532893782e-08, 5.20507406065e-08, 5.92080517947e-08, 1.0463497091e-07, 2.84389329863e-07, 2.33085870605e-07, 3.13843997901e-07, 3.75681310061e-07, 1.02807916846e-07, 2.21247304921e-08, 1.36718405486e-08, 7.00205315951e-09, 5.29910337832e-10, 6.84877154988e-12], [1.51902046497e-10, 3.74817982207e-10, 3.59522678295e-09, 7.92496201996e-09, 6.06030470252e-09, 6.76750744333e-09, 2.60978882949e-08, 2.25482139626e-08, 9.97157556526e-09, 3.09867664861e-09, 5.67413449559e-09, 1.37745947981e-08, 1.77910963739e-09, 6.53494902636e-09, 1.94897005201e-08, 2.16827658051e-08, 4.12162179941e-08, 1.34164650945e-07, 6.76320297543e-08, 9.57880814667e-08, 1.02807916846e-07, 4.81288395804e-08, 8.08814704101e-09, 5.27982857434e-09, 2.96225777241e-09, 2.57410454063e-10, 2.61201672271e-12], [4.12942353922e-11, 1.144259687e-10, 9.78293779319e-10, 2.25176766122e-09, 1.67764413472e-09, 1.75260661539e-09, 7.07969283198e-09, 6.02374861103e-09, 2.63014499069e-09, 6.68099187084e-10, 1.46959022729e-09, 3.21723359065e-09, 4.01532862515e-10, 1.65292002308e-09, 3.86206622238e-09, 4.50114656658e-09, 8.181878286e-09, 2.28922161227e-08, 1.560327334e-08, 2.12238564501e-08, 2.21247304921e-08, 8.08814704101e-09, 1.55390866841e-09, 1.00027097716e-09, 5.44930267576e-10, 4.41251653271e-11, 4.99004700408e-13], [3.55264602458e-11, 8.15003065036e-11, 8.17227674421e-10, 1.7956058862e-09, 1.27073307432e-09, 1.3690072409e-09, 6.06736305642e-09, 5.19033127588e-09, 2.15753837018e-09, 3.86697063259e-10, 1.10807096831e-09, 2.59133292602e-09, 2.65347022133e-10, 1.33460265062e-09, 2.87518076014e-09, 3.03977665261e-09, 5.48577894222e-09, 1.58675952378e-08, 1.0197980238e-08, 1.55522759115e-08, 1.36718405486e-08, 5.27982857434e-09, 1.00027097716e-09, 7.20032977686e-10, 3.92755633571e-10, 3.22731875946e-11, 3.51611128451e-13], [1.84080528598e-11, 4.55198101434e-11, 4.24163482116e-10, 9.54641921069e-10, 6.7500249834e-10, 7.07591207849e-10, 3.13980041966e-09, 2.6756248328e-09, 1.11962494831e-09, 1.93867630283e-10, 5.71987457398e-10, 1.35651756494e-09, 1.38108524617e-10, 6.90419332816e-10, 1.56040402821e-09, 1.63722857494e-09, 3.08263281568e-09, 8.84398776435e-09, 5.38956435037e-09, 8.29213231412e-09, 7.00205315951e-09, 2.96225777241e-09, 5.44930267576e-10, 3.92755633571e-10, 2.19436302462e-10, 1.81021742734e-11, 1.93114242045e-13], [1.31641171488e-12, 3.0704713945e-12, 3.0103544657e-11, 6.66687954842e-11, 4.70323502366e-11, 4.99090317685e-11, 2.24118432146e-10, 1.91989216192e-10, 8.00221139352e-11, 1.33054201337e-11, 4.00009192436e-11, 1.0166685549e-10, 9.99061944285e-12, 4.97804991673e-11, 1.25492616299e-10, 1.28576496672e-10, 2.47499271078e-10, 7.69038444037e-10, 3.99584698663e-10, 6.33746943812e-10, 5.29910337832e-10, 2.57410454063e-10, 4.41251653271e-11, 3.22731875946e-11, 1.81021742734e-11, 1.57416245837e-12, 1.57739100238e-14], [1.67684927223e-14, 4.28503159876e-14, 3.84144647515e-13, 8.7717908024e-13, 6.09320970416e-13, 6.33306937708e-13, 2.8578723589e-12, 2.42980830768e-12, 1.01913551383e-12, 1.84389762031e-13, 5.13442912319e-13, 1.2038850819e-12, 1.18053611049e-13, 6.19229168809e-13, 1.35796441366e-12, 1.40057724533e-12, 2.75062351368e-12, 7.71407417111e-12, 4.8895549068e-12, 7.34546624914e-12, 6.84877154988e-12, 2.61201672271e-12, 4.99004700408e-13, 3.51611128451e-13, 1.93114242045e-13, 1.57739100238e-14, 1.7574313705e-16]]
    },
    "mfcc": {
        "kurt": [1.02559518814, 3.25605821609, 0.0301809310913, 0.834956884384, 0.0445191860199, 1.20770692825, 0.573747396469, 0.445724248886, 0.571891546249, 0.501722812653, 0.206954240799, 3.16756534576, 0.0922911167145],
        "max": [-529.843261719, 143.619903564, 9.65347290039, 80.9399719238, 13.4860534668, 10.1591892242, 16.9932594299, 17.1244411469, 21.4336528778, 11.8509922028, 17.241350174, 33.567199707, 10.5418586731],
        "mean": [-969.947814941, 54.9226074219, -30.1380825043, 18.2090988159, -18.6383514404, -21.5377597809, 0.337443709373, -2.74987435341, 0.238367408514, -0.167314291, -3.75713229179, -0.813295722008, -2.18383765221],
        "median": [-1039.44714355, 47.2811355591, -17.6079139709, 18.6062812805, -15.6481437683, -22.4850616455, 1.07152175903, -2.61171722412, 0.0163650512695, 0.37508392334, -3.16101455688, -0.573059082031, -1.69214439392],
        "min": [-1120.49755859, -126.642944336, -109.500610352, -32.2593460083, -58.4902420044, -48.14686203, -21.9235630035, -19.3131866455, -15.1986885071, -22.7284927368, -19.2631797791, -18.8351135254, -15.9084692001],
        "skew": [1.50985169411, -0.35359275341, -1.08937573433, -0.192405045033, -0.718521535397, 0.29756963253, -0.539500832558, 0.0105017311871, 0.212601497769, -0.608501315117, -0.0360946506262, 0.466054946184, -0.280366837978],
        "var": [16367.2011719, 1522.33825684, 931.844787598, 307.336730957, 183.671463013, 79.1768951416, 45.5351676941, 35.10206604, 29.0586471558, 36.1795005798, 38.6736564636, 41.0230712891, 25.1431274414],
        "cov": [[16449.0371094, 1045.63500977, -3285.52441406, 649.620361328, -1106.48217773, 314.93927002, -484.715270996, -72.9921875, -7.29487848282, -320.074127197, -299.375183105, -282.666717529, -129.993804932], [1045.63500977, 1529.94995117, -356.818206787, -338.774047852, -206.758377075, -139.513717651, -16.4034767151, -52.1945648193, -5.04355859756, 35.2659873962, -53.7402572632, -93.571647644, -36.1338043213], [-3285.52441406, -356.818206787, 936.503967285, -34.7738494873, 288.900878906, -4.97876739502, 125.838310242, 40.5406532288, -11.8059167862, 64.310218811, 53.1539001465, 64.7158966064, 27.8325614929], [649.620361328, -338.774047852, -34.7738494873, 308.873413086, 37.0927429199, 99.9413299561, -7.72811937332, 18.7001266479, -10.0603761673, -44.4573249817, -10.4529476166, 2.83853006363, -0.450644731522], [-1106.48217773, -206.758377075, 288.900878906, 37.0927429199, 184.589828491, 20.5376472473, 47.4479980469, 25.5340328217, -4.10647630692, 18.5497894287, 29.1141204834, 37.7264938354, 20.5841503143], [314.93927002, -139.513717651, -4.97876739502, 99.9413299561, 20.5376472473, 79.5727767944, 11.9875717163, 15.3533821106, -0.74727922678, -12.4231595993, -3.817684412, 3.7266638279, 0.10640194267], [-484.715270996, -16.4034767151, 125.838310242, -7.72811937332, 47.4479980469, 11.9875717163, 45.762840271, 16.7943210602, 3.48526024818, 14.5276145935, 7.59515380859, 8.33662509918, 3.92383384705], [-72.9921875, -52.1945648193, 40.5406532288, 18.7001266479, 25.5340328217, 15.3533821106, 16.7943210602, 35.2775764465, 6.43024730682, 2.33332562447, 2.57394742966, 4.94554567337, -0.21911983192], [-7.29487848282, -5.04355859756, -11.8059167862, -10.0603761673, -4.10647630692, -0.74727922678, 3.48526024818, 6.43024730682, 29.2039413452, 11.3930101395, 6.47711849213, 5.52167415619, 0.776629924774], [-320.074127197, 35.2659873962, 64.310218811, -44.4573249817, 18.5497894287, -12.4231595993, 14.5276145935, 2.33332562447, 11.3930101395, 36.3603973389, 18.855222702, 7.98506879807, 2.4797410965], [-299.375183105, -53.7402572632, 53.1539001465, -10.4529476166, 29.1141204834, -3.817684412, 7.59515380859, 2.57394742966, 6.47711849213, 18.855222702, 38.8670272827, 27.8459453583, 10.9257631302], [-282.666717529, -93.571647644, 64.7158966064, 2.83853006363, 37.7264938354, 3.7266638279, 8.33662509918, 4.94554567337, 5.52167415619, 7.98506879807, 27.8459453583, 41.228187561, 17.4949569702], [-129.993804932, -36.1338043213, 27.8325614929, -0.450644731522, 20.5841503143, 0.10640194267, 3.92383384705, -0.21911983192, 0.776629924774, 2.4797410965, 10.9257631302, 17.4949569702, 25.2688426971]]
    },
    "sccoeffs": {
        "kurt": [2.88833999634, 1.89892625809, 4.0009970665, 2.7526512146, 0.460279941559, 3.37591791153],
        "max": [-0.537313401699, -0.688256084919, -0.656656205654, -0.712688207626, -0.770024418831, -0.523446142673],
        "mean": [-0.814134120941, -0.859002649784, -0.868535637856, -0.871354997158, -0.86765640974, -0.784998118877],
        "median": [-0.834505856037, -0.871910095215, -0.876670718193, -0.883464694023, -0.879138231277, -0.80889827013],
        "min": [-0.930200874805, -0.960787475109, -0.938859820366, -0.922001719475, -0.91767603159, -0.87148553133],
        "skew": [1.59052956104, 1.30309069157, 1.57151222229, 1.51223826408, 1.19751393795, 1.97986972332],
        "var": [0.0048751165159, 0.00217476580292, 0.00172546715476, 0.00121141201816, 0.00101659423672, 0.00425900379196],
        "cov": [[0.00489949202165, 0.00153655139729, 0.00164294766728, 0.00136892963201, 0.00151751714293, 0.00281265703961], [0.00153655139729, 0.00218563969247, 0.00118275824934, 0.000926567998249, 0.000875702360645, 0.00194625020958], [0.00164294766728, 0.00118275824934, 0.00173409446143, 0.000915902259294, 0.000912261777557, 0.00166838569567], [0.00136892963201, 0.000926567998249, 0.000915902259294, 0.00121746910736, 0.000870852149092, 0.00137911678758], [0.00151751714293, 0.000875702360645, 0.000912261777557, 0.000870852149092, 0.0010216771625, 0.00163710932247], [0.00281265703961, 0.00194625020958, 0.00166838569567, 0.00137911678758, 0.00163710932247, 0.00428029894829]]
    },
    "scvalleys": {
        "kurt": [2.5663318634, 0.592141866684, -0.0363051891327, 0.118074655533, 1.03364515305, 2.37340068817],
        "max": [-5.89009237289, -4.70696592331, -5.17019319534, -5.67165136337, -5.11989498138, -6.91610622406],
        "mean": [-9.84724521637, -8.84334087372, -9.04126262665, -9.60200309753, -9.32255363464, -12.1581039429],
        "median": [-10.1115894318, -9.37510204315, -9.72546482086, -10.3257551193, -9.97351551056, -12.6593990326],
        "min": [-11.5025291443, -10.2858972549, -10.8307027817, -11.5403928757, -11.122595787, -14.9960079193],
        "skew": [1.45828735828, 1.28515100479, 1.1568198204, 1.23572266102, 1.5537134409, 1.59984087944],
        "var": [0.914071321487, 1.57261514664, 2.09253263474, 2.02523732185, 1.89069783688, 2.1526362896],
        "cov": [[0.91864168644, 1.00223815441, 1.10787153244, 1.09658694267, 0.984721422195, 0.631627440453], [1.00223815441, 1.58047819138, 1.7429060936, 1.65429723263, 1.38064920902, 0.650501966476], [1.10787153244, 1.7429060936, 2.10299539566, 1.95566511154, 1.63434326649, 0.775529563427], [1.09658694267, 1.65429723263, 1.95566511154, 2.03536367416, 1.83295321465, 1.11344087124], [0.984721422195, 1.38064920902, 1.63434326649, 1.83295321465, 1.90015137196, 1.51110875607], [0.631627440453, 0.650501966476, 0.775529563427, 1.11344087124, 1.51110875607, 2.16339945793]]
    }
},
"rhythm": {
    "beats_loudness": {
        "kurt": -0.34001660347,
        "max": 0.000753077969421,
        "mean": 0.000224785704631,
        "median": 0.000133683322929,
        "min": 2.24022846851e-06,
        "skew": 0.973753511906,
        "var": 7.31145277655e-08
    },
    "bpm": 86.1610717773,
    "confidence": 0,
    "first_peak_bpm": {
        "kurt": 0,
        "max": 86,
        "mean": 86,
        "median": 86,
        "min": 86,
        "skew": 0,
        "var": 0
    },
    "first_peak_spread": {
        "kurt": 0,
        "max": 0.600000023842,
        "mean": 0.600000023842,
        "median": 0.600000023842,
        "min": 0.600000023842,
        "skew": 0,
        "var": 0
    },
    "first_peak_weight": {
        "kurt": 0,
        "max": 0.40000000596,
        "mean": 0.40000000596,
        "median": 0.40000000596,
        "min": 0.40000000596,
        "skew": 0,
        "var": 0
    },
    "onset_rate": 0.86207318306,
    "second_peak_bpm": {
        "kurt": 0,
        "max": 0,
        "mean": 0,
        "median": 0,
        "min": 0,
        "skew": 0,
        "var": 0
    },
    "second_peak_spread": {
        "kurt": 0,
        "max": 0,
        "mean": 0,
        "median": 0,
        "min": 0,
        "skew": 0,
        "var": 0
    },
    "second_peak_weight": {
        "kurt": 0,
        "max": 0,
        "mean": 0,
        "median": 0,
        "min": 0,
        "skew": 0,
        "var": 0
    },
    "beats_loudness_band_ratio": {
        "kurt": [-1.39721691608, -1.57915258408, -1.28466773033, -0.13131070137, -0.0468764305115, -1.06451690197],
        "max": [0.121709786355, 0.170199498534, 0.343156784773, 0.323589503765, 0.344737619162, 0.837914526463],
        "mean": [0.0454933159053, 0.0735569000244, 0.154761388898, 0.115152098238, 0.216729268432, 0.414829999208],
        "median": [0.0272908098996, 0.0627507939935, 0.152852073312, 0.0977386534214, 0.207101255655, 0.340207993984],
        "min": [0.00103371706791, 0.00318968459032, 0.00499125756323, 0.0104644298553, 0.132419586182, 0.11066929996],
        "skew": [0.500232815742, 0.248575568199, 0.152742087841, 0.986654520035, 0.861517012119, 0.547075510025],
        "var": [0.00225289002992, 0.0042864815332, 0.0149836717173, 0.0110743353143, 0.00425893161446, 0.0620950162411],
        "cov": [[0.00270346784964, 0.00287465192378, 0.00212535075843, 0.000315948796924, -0.00112348538823, -0.0064947931096], [0.00287465192378, 0.00514377793297, 0.00445498991758, 0.00053551280871, -0.000968969601672, -0.0114541305229], [0.00212535075843, 0.00445498991758, 0.0179804060608, 0.0131969545037, -0.00187377538532, -0.0344920903444], [0.000315948796924, 0.00053551280871, 0.0131969545037, 0.013289202936, -0.00109298934694, -0.0251652300358], [-0.00112348538823, -0.000968969601672, -0.00187377538532, -0.00109298934694, 0.00511071784422, -0.000130362299387], [-0.0064947931096, -0.0114541305229, -0.0344920903444, -0.0251652300358, -0.000130362299387, 0.0745140165091]]
    },
    "beats_position": [0.696598649025, 1.4164172411, 2.11301589012, 2.80961441994, 3.49460315704, 4.17959165573],
    "bpm_estimates": [83.3543319702, 86.1328125, 86.1328277588, 87.5926818848, 87.5927124023],
    "bpm_intervals": [0.719818592072, 0.696598649025, 0.696598529816, 0.684988737106, 0.684988498688],
    "onset_times": [0.104489795864, 0.348299324512, 1.42802715302, 2.7863945961],
    "histogram": [[0, 0, 0, 0, 0, 0, 0, 0, 0, 0, 0, 0, 0, 0, 0, 0, 0, 0, 0, 0, 0, 0, 0, 0, 0, 0, 0, 0, 0, 0, 0, 0, 0, 0, 0, 0, 0, 0, 0, 0, 0, 0, 0, 0, 0, 0, 0, 0, 0, 0, 0, 0, 0, 0, 0, 0, 0, 0, 0, 0, 0, 0, 0, 0, 0, 0, 0, 0, 0, 0, 0, 0, 0, 0, 0, 0, 0, 0, 0, 0, 0, 0, 0, 0.20000000298, 0, 0, 0.40000000596, 0, 0.40000000596, 0, 0, 0, 0, 0, 0, 0, 0, 0, 0, 0, 0, 0, 0, 0, 0, 0, 0, 0, 0, 0, 0, 0, 0, 0, 0, 0, 0, 0, 0, 0, 0, 0, 0, 0, 0, 0, 0, 0, 0, 0, 0, 0, 0, 0, 0, 0, 0, 0, 0, 0, 0, 0, 0, 0, 0, 0, 0, 0, 0, 0, 0, 0, 0, 0, 0, 0, 0, 0, 0, 0, 0, 0, 0, 0, 0, 0, 0, 0, 0, 0, 0, 0, 0, 0, 0, 0, 0, 0, 0, 0, 0, 0, 0, 0, 0, 0, 0, 0, 0, 0, 0, 0, 0, 0, 0, 0, 0, 0, 0, 0, 0, 0, 0, 0, 0, 0, 0, 0, 0, 0, 0, 0, 0, 0, 0, 0, 0, 0, 0, 0, 0, 0, 0, 0, 0, 0, 0, 0, 0, 0, 0, 0, 0, 0, 0, 0, 0, 0, 0, 0, 0, 0, 0, 0, 0, 0, 0, 0, 0, 0]]
},
"sfx": {
    "inharmonicity": {
        "kurt": 2.77419662476,
        "max": 0.35529473424,
        "mean": 0.04585429281,
        "median": 0,
        "min": 0,
        "skew": 1.95226371288,
        "var": 0.007091792766
    },
    "oddtoevenharmonicenergyratio": {
        "kurt": 62.2024154663,
        "max": 9.79733848572,
        "mean": 0.351232469082,
        "median": 0,
        "min": 0,
        "skew": 6.65933895111,
        "var": 0.794010519981
    },
    "pitch_after_max_to_before_max_energy_ratio": 5.15321588516,
    "pitch_centroid": 112.104644775,
    "pitch_max_to_total": 0.313432842493,
    "pitch_min_to_total": 0.233830839396,
    "tristimulus": {
        "kurt": [-1.26669514179, 1.7625412941, 0.589833974838],
        "max": [1, 0.937627732754, 0.965477049351],
        "mean": [0.71220344305, 0.137298956513, 0.150497585535],
        "median": [1, 0, 0],
        "min": [0, 0, 0],
        "skew": [-0.725709617138, 1.41381955147, 1.4136235714],
        "var": [0.148717865348, 0.0408125035465, 0.0613638758659],
        "cov": [[0.149461448193, -0.064403899014, -0.085057914257], [-0.064403899014, 0.0410165637732, 0.0233872048557], [-0.085057914257, 0.0233872048557, 0.0616706945002]]
    }
},
"tonal": {
    "chords_changes_rate": 0.108910888433,
    "chords_number_rate": 0.039603959769,
    "chords_strength": {
        "kurt": -1.15521240234,
        "max": 0.573985278606,
        "mean": 0.414953052998,
        "median": 0.420487195253,
        "min": 0.299770534039,
        "skew": 0.136818096042,
        "var": 0.00577694689855
    },
    "key_strength": 0.395058214664,
    "tuning_diatonic_strength": 0.432770192623,
    "tuning_equal_tempered_deviation": 0.252982199192,
    "tuning_frequency": 449.764648438,
    "tuning_nontempered_energy_ratio": 0.902011156082,
    "hpcp": {
        "kurt": [-0.311664819717, -0.780054569244, -0.834861040115, -0.825395584106, -0.368250608444, -0.232438087463, -0.685914993286, -0.519068002701, 0.00208616256714, -0.57625746727, -0.565067052841, -0.750022649765, -1.02428901196, -0.710486888885, -0.400331497192, -0.1225233078, 1.03100156784, 1.08019638062, -0.284673452377, -0.111015081406, -0.446152925491, -0.422182559967, 1.78862571716, 0.22644329071, 0.377843618393, 0.200347900391, 0.617165803909, -0.544585227966, 0.115624427795, -0.130299329758, -0.298406362534, 0.0756177902222, -0.462117910385, -0.685899019241, -0.721648931503, -0.564660310745],
        "max": [1, 1, 1, 1, 1, 1, 1, 1, 1, 1, 1, 1, 1, 1, 1, 1, 1, 1, 0.806021630764, 0.870192587376, 0.711489021778, 0.68582701683, 1, 1, 1, 1, 0.999154627323, 0.8904260993, 1, 1, 1, 1, 1, 1, 1, 1],
        "mean": [0.537733674049, 0.551121413708, 0.527166306973, 0.496885478497, 0.486965894699, 0.475435733795, 0.498747557402, 0.497561186552, 0.465074628592, 0.486212253571, 0.502839446068, 0.523583292961, 0.545413672924, 0.508320510387, 0.464389532804, 0.433275520802, 0.410937577486, 0.385154396296, 0.347427457571, 0.314597517252, 0.286308765411, 0.292763710022, 0.350926548243, 0.386789441109, 0.406689018011, 0.420486330986, 0.39638209343, 0.396994173527, 0.431149661541, 0.438655674458, 0.425816237926, 0.445581883192, 0.510130167007, 0.545026302338, 0.534366250038, 0.530019879341],
        "median": [0.497667312622, 0.532974243164, 0.487619638443, 0.482627570629, 0.490419566631, 0.450637370348, 0.448613703251, 0.449037581682, 0.430256485939, 0.454111635685, 0.498549103737, 0.518910229206, 0.510177791119, 0.467620700598, 0.416923731565, 0.396409839392, 0.38616207242, 0.351747721434, 0.318213015795, 0.294494211674, 0.246640443802, 0.256477594376, 0.312165498734, 0.37291020155, 0.351270973682, 0.381424665451, 0.36794385314, 0.377019673586, 0.393430054188, 0.396089404821, 0.413735568523, 0.412529706955, 0.48807477951, 0.535355210304, 0.503986537457, 0.5265635252],
