{
"metadata": {
    "version": {
        "essentia": "2.1-beta3"
    }
},
"lowLevel": {
    "average_loudness": 0.99068403244,
    "barkbands_kurtosis": {
        "kurt": 1.68077802658,
        "max": 10.1496152878,
        "mean": 1.24301242828,
        "median": 1.02839910984,
        "min": -1.56070196629,
        "skew": 1.08723211288,
        "var": 4.87439393997
    },
    "barkbands_skewness": {
        "kurt": 0.368790388107,
        "max": 1.61437153816,
        "mean": 0.371974736452,
        "median": 0.815701007843,
        "min": -2.47017931938,
        "skew": -1.14379286766,
        "var": 1.05671668053
    },
    "barkbands_spread": {
        "kurt": 3.32033109665,
        "max": 52.8234214783,
        "mean": 15.7948360443,
        "median": 13.1127548218,
        "min": 3.76352143288,
        "skew": 1.47809159756,
        "var": 76.3015518188
    },
    "dissonance": {
        "kurt": 26.8380031586,
        "max": 0.499446928501,
        "mean": 0.475759327412,
        "median": 0.486726522446,
        "min": 0.225778624415,
        "skew": -4.54284667969,
        "var": 0.00127676478587
    },
    "hfc": {
        "kurt": 62.5961074829,
        "max": 178.722595215,
        "mean": 5.0178899765,
        "median": 0.0349197722971,
        "min": 5.62789530534e-08,
        "skew": 7.66113758087,
        "var": 406.691070557
    },
    "pitch": {
        "kurt": 0.586514949799,
        "max": 4073.23657227,
        "mean": 1103.2142334,
        "median": 792.397216797,
        "min": 93.6670761108,
        "skew": 1.47477293015,
        "var": 1459302.75
    },
    "pitch_instantaneous_confidence": {
        "kurt": 11.7696352005,
        "max": 0.968459486961,
        "mean": 0.303103387356,
        "median": 0.289487421513,
        "min": 0.0821456313133,
        "skew": 2.31690263748,
        "var": 0.0129351373762
    },
    "pitch_salience": {
        "kurt": 1.07405948639,
        "max": 0.912643194199,
        "mean": 0.790707826614,
        "median": 0.786838948727,
        "min": 0.651647269726,
        "skew": -0.0232601482421,
        "var": 0.00182607467286
    },
    "silence_rate_20dB": {
        "kurt": 0,
        "max": 1,
        "mean": 1,
        "median": 1,
        "min": 1,
        "skew": 0,
        "var": 0
    },
    "silence_rate_30dB": {
        "kurt": 0,
        "max": 1,
        "mean": 1,
        "median": 1,
        "min": 1,
        "skew": 0,
        "var": 0
    },
    "silence_rate_60dB": {
        "kurt": 1.64462089539,
        "max": 1,
        "mean": 0.845238089561,
        "median": 1,
        "min": 0,
        "skew": -1.90908586979,
        "var": 0.130810856819
    },
    "spectral_centroid": {
        "kurt": 0.352335691452,
        "max": 4084.53051758,
        "mean": 1590.61193848,
        "median": 1216.37634277,
        "min": 784.60369873,
        "skew": 1.1709177494,
        "var": 671170.0625
    },
    "spectral_complexity": {
        "kurt": 5.13624000549,
        "max": 52,
        "mean": 5.42857122421,
        "median": 0,
        "min": 0,
        "skew": 2.48586297035,
        "var": 150.816574097
    },
    "spectral_crest": {
        "kurt": 0.31884932518,
        "max": 13.1098737717,
        "mean": 6.60561275482,
        "median": 6.25129699707,
        "min": 3.05187368393,
        "skew": 0.870477855206,
        "var": 4.88060188293
    },
    "spectral_decrease": {
        "kurt": 59.5730018616,
        "max": -2.29818464038e-18,
        "mean": -4.28770075001e-10,
        "median": -8.50806404495e-12,
        "min": -1.44657379408e-08,
        "skew": -7.42936849594,
        "var": 2.72076970864e-18
    },
    "spectral_energy": {
        "kurt": 60.3868675232,
        "max": 0.0708076283336,
        "mean": 0.00207341392525,
        "median": 3.49947949871e-05,
        "min": 1.37785390736e-11,
        "skew": 7.4915728569,
        "var": 6.48044588161e-05
    },
    "spectral_energyband_high": {
        "kurt": 72.5018539429,
        "max": 0.0170022323728,
        "mean": 0.000356467062375,
        "median": 2.74861349681e-07,
        "min": 7.84418016653e-12,
        "skew": 8.46653842926,
        "var": 3.47945137946e-06
    },
    "spectral_energyband_low": {
        "kurt": 75.3508071899,
        "max": 0.00162114202976,
        "mean": 2.95960089716e-05,
        "median": 1.79944635192e-07,
        "min": 2.6261869012e-15,
        "skew": 8.70311450958,
        "var": 3.12245056477e-08
    },
    "spectral_energyband_middle_high": {
        "kurt": 50.8561935425,
        "max": 0.0380125641823,
        "mean": 0.00131257576868,
        "median": 1.47869586726e-05,
        "min": 5.91395205377e-12,
        "skew": 6.71324014664,
        "var": 2.00781578314e-05
    },
    "spectral_energyband_middle_low": {
        "kurt": 61.5647888184,
        "max": 0.0150521779433,
        "mean": 0.000406963052228,
        "median": 1.20858658192e-05,
        "min": 2.30893219312e-14,
        "skew": 7.61397504807,
        "var": 2.91663718599e-06
    },
    "spectral_flatness_db": {
        "kurt": -0.682800769806,
        "max": 0.281613647938,
        "mean": 0.165625184774,
        "median": 0.169543802738,
        "min": 0.0587358959019,
        "skew": -0.0260240379721,
        "var": 0.00254013482481
    },
    "spectral_flux": {
        "kurt": 21.1234817505,
        "max": 0.264673322439,
        "mean": 0.0204466804862,
        "median": 0.0039668190293,
        "min": 0.000172574917087,
        "skew": 4.33530330658,
        "var": 0.00184594502207
    },
    "spectral_kurtosis": {
        "kurt": -0.499212741852,
        "max": 19.2163677216,
        "mean": 6.88606548309,
        "median": 5.30303668976,
        "min": 0.785249471664,
        "skew": 0.866970300674,
        "var": 24.9274578094
    },
    "spectral_rms": {
        "kurt": 15.6710319519,
        "max": 0.0083114746958,
        "mean": 0.00071323121665,
        "median": 0.000184515665751,
        "min": 1.15941695356e-07,
        "skew": 3.40283536911,
        "var": 1.51414440097e-06
    },
    "spectral_rolloff": {
        "kurt": -1.42634367943,
        "max": 4694.23828125,
        "mean": 2505.54199219,
        "median": 2164.08691406,
        "min": 925.927734375,
        "skew": 0.317681461573,
        "var": 1601001.75
    },
    "spectral_skewness": {
        "kurt": -0.829749584198,
        "max": 3.22051000595,
        "mean": 1.77714157104,
        "median": 1.65875959396,
        "min": 0.660617291927,
        "skew": 0.518183112144,
        "var": 0.47395196557
    },
    "spectral_spread": {
        "kurt": 2.90987253189,
        "max": 13955252,
        "mean": 4033683.75,
        "median": 3125676.25,
        "min": 1508369.125,
        "skew": 1.63963294029,
        "var": 6.35135380685e+12
    },
    "spectral_strongpeak": {
        "kurt": 8.92504119873,
        "max": 2.11646342278,
        "mean": 0.198473274708,
        "median": 0.0333548262715,
        "min": 0.000243654634687,
        "skew": 2.90370106697,
        "var": 0.150141447783
    },
    "zerocrossingrate": {
        "kurt": 0.0327036380768,
        "max": 0.19140625,
        "mean": 0.0819033682346,
        "median": 0.068359375,
        "min": 0.03271484375,
        "skew": 0.964512765408,
        "var": 0.00132606818806
    },
    "barkbands": {
        "kurt": [53.1546516418, 77.2762908936, 76.6317443848, 59.8862419128, 59.1162338257, 51.1246643066, 30.4235572815, 70.3981323242, 70.0711364746, 5.60712432861, 16.0239849091, 62.2363815308, 50.6251106262, 50.5282173157, 47.4772186279, 71.5821380615, 70.1485977173, 63.3876876831, 6.56970405579, 69.9692382812, 46.3990478516, 75.1035232544, 75.5417404175, 77.3920593262, 78.6753311157, 78.7570953369, 78.8907394409],
        "max": [2.30843374993e-06, 0.000227766766329, 0.000779521069489, 0.00128930038773, 0.0024223215878, 0.00153991254047, 0.00156295974739, 0.00390098756179, 0.00477731274441, 0.0009088027291, 0.00152893096674, 0.00366183952428, 0.000918359844945, 0.00233232462779, 0.00189597019926, 0.00484102591872, 0.00856776814908, 0.00991732440889, 0.00232411804609, 0.0126255620271, 0.00288167176768, 0.00254546641372, 0.000549758551642, 0.000257063715253, 0.000175554145244, 1.3553259123e-05, 9.63210950999e-08],
        "mean": [5.30722168435e-08, 3.52516440216e-06, 1.36855132951e-05, 2.79780615529e-05, 5.59363761568e-05, 4.08758351114e-05, 6.01166902925e-05, 7.98476539785e-05, 0.000116929913929, 9.03292166186e-05, 9.23182160477e-05, 9.19002704904e-05, 3.08570961352e-05, 7.1071961429e-05, 6.48986751912e-05, 0.000107527877844, 0.000188855745364, 0.000263155205175, 0.000213667488424, 0.000292614335194, 0.000103138387203, 4.75714805361e-05, 9.97609640763e-06, 4.06969274991e-06, 2.33961236518e-06, 1.75651123868e-07, 1.23829035914e-09],
        "median": [1.3808225674e-09, 2.58973393841e-08, 1.00982433082e-07, 1.17731971727e-07, 6.52593541872e-07, 5.55297106075e-07, 9.15785790312e-07, 1.84867815278e-06, 4.99646557728e-06, 6.3688598857e-06, 2.00512636184e-06, 9.93499497781e-07, 5.71675059291e-07, 7.70187966737e-07, 8.94847573818e-07, 6.65639504405e-07, 6.62674835894e-07, 7.64422338762e-07, 5.24841482274e-07, 3.59341328249e-07, 1.08130620902e-07, 3.15819406183e-08, 5.05164798881e-09, 1.61208957294e-09, 2.05839845169e-10, 3.43622144627e-11, 1.98183700353e-12],
        "min": [2.38647085966e-16, 1.4042591832e-15, 7.23506744424e-16, 8.51697557695e-16, 1.00010365928e-14, 8.4171112395e-15, 4.03806016945e-16, 3.40163508238e-16, 2.47138527735e-15, 5.00307548889e-15, 1.18253354971e-14, 1.34176701935e-14, 1.59386799549e-14, 3.80806090871e-14, 2.40587494452e-14, 1.19374182848e-14, 2.31098184344e-14, 5.68309765567e-12, 6.43930031909e-14, 1.37455652871e-13, 6.69018920124e-12, 3.99729836904e-13, 2.59703500025e-13, 1.84363985124e-13, 1.52455969398e-13, 3.76182781757e-14, 1.32324609339e-15],
        "skew": [7.11739969254, 8.86030864716, 8.8048324585, 7.60503721237, 7.48987054825, 6.94085836411, 5.48205137253, 8.32465839386, 8.27302455902, 2.51821899414, 3.82944345474, 7.67117404938, 6.72769403458, 6.8002614975, 6.52004909515, 8.39371967316, 8.28289222717, 7.74367046356, 2.70574212074, 8.25894451141, 6.32504796982, 8.67911624908, 8.71465301514, 8.8666973114, 8.9726524353, 8.97946548462, 8.99053001404],
        "var": [7.51494881406e-14, 6.12361383823e-10, 7.1712249472e-09, 2.20529532413e-08, 7.78790294476e-08, 3.38644738918e-08, 5.42824345473e-08, 1.86054208484e-07, 2.77274239124e-07, 3.52632660849e-08, 5.98876255253e-08, 1.72368672224e-07, 1.1779584419e-08, 7.69658612398e-08, 5.19520924058e-08, 2.83103588572e-07, 8.95807602319e-07, 1.24909172428e-06, 2.53761527347e-07, 1.94297990674e-06, 1.20216924415e-07, 7.70338317579e-08, 3.58717677784e-09, 7.78891007247e-10, 3.62229302109e-10, 2.15950694826e-12, 1.09005126586e-16],
        "cov": [[7.60548985986e-14, 6.17330145336e-12, 2.13092668511e-11, 3.46654926986e-11, 6.48215925381e-11, 1.70475994432e-11, 4.06603292702e-11, 1.04502441423e-10, 1.27203067524e-10, 1.19674756216e-11, 2.75497853697e-11, 9.79671413437e-11, 2.46208435584e-11, 6.17136411418e-11, 5.05444575083e-11, 1.312284309e-10, 2.35256314429e-10, 2.7077634579e-10, 6.77588402054e-11, 3.48828466112e-10, 7.98168059424e-11, 6.98603397353e-11, 1.51982315622e-11, 7.06579759979e-12, 4.82785035907e-12, 3.70641532873e-13, 2.62458198553e-15], [6.17330145336e-12, 6.19739204399e-10, 2.11127648697e-09, 3.49814466283e-09, 6.58790177965e-09, 1.93209870325e-09, 4.32256719307e-09, 1.05367190528e-08, 1.28682309253e-08, 1.56250423711e-09, 3.10393000191e-09, 9.99478544372e-09, 2.51963672149e-09, 6.35174268737e-09, 5.17182741078e-09, 1.31454047647e-08, 2.3255752879e-08, 2.69291788868e-08, 6.64258337224e-09, 3.43432091654e-08, 7.8962161254e-09, 6.90523371816e-09, 1.49049794729e-09, 6.95925594929e-10, 4.74265404726e-10, 3.66001950969e-11, 2.60087334699e-13], [2.13092668511e-11, 2.11127648697e-09, 7.25762516751e-09, 1.20599557007e-08, 2.2597637539e-08, 7.17743287026e-09, 1.53440975481e-08, 3.60898653184e-08, 4.42708660842e-08, 5.78991121714e-09, 1.13909841559e-08, 3.424174011e-08, 8.67250271597e-09, 2.17843396655e-08, 1.7836242705e-08, 4.51354118525e-08, 8.01007900009e-08, 9.28495396124e-08, 2.33471268984e-08, 1.17884702888e-07, 2.72389684142e-08, 2.36371153761e-08, 5.10572562007e-09, 2.37848341023e-09, 1.62136781778e-09, 1.25049345878e-10, 8.88866183348e-13], [3.46654926986e-11, 3.49814466283e-09, 1.20599557007e-08, 2.23186518156e-08, 4.14799039561e-08, 1.16759562019e-08, 2.51708272003e-08, 6.1051153466e-08, 7.50567465957e-08, 1.31808395309e-08, 2.22557403617e-08, 6.04522796266e-08, 1.47495997638e-08, 3.75953561615e-08, 3.10834238348e-08, 7.63150040939e-08, 1.35391260869e-07, 1.56767654858e-07, 4.20883097263e-08, 1.98665986773e-07, 4.75081556317e-08, 3.94011685501e-08, 8.52328518874e-09, 3.93715993141e-09, 2.66909916391e-09, 2.05755884553e-10, 1.46368941273e-12], [6.48215925381e-11, 6.58790177965e-09, 2.2597637539e-08, 4.14799039561e-08, 7.88173295518e-08, 2.21054197169e-08, 4.76419188544e-08, 1.15977670134e-07, 1.41382969332e-07, 2.57744936505e-08, 4.17696277566e-08, 1.14508132754e-07, 2.84118755189e-08, 7.32611127319e-08, 6.00924821015e-08, 1.44902841726e-07, 2.55467256238e-07, 3.004853113e-07, 8.53994137628e-08, 3.76239341904e-07, 9.08582151737e-08, 7.4681743456e-08, 1.60665472038e-08, 7.42748307303e-09, 5.01232033656e-09, 3.86247617223e-10, 2.74530723675e-12], [1.70475994432e-11, 1.93209870325e-09, 7.17743287026e-09, 1.16759562019e-08, 2.21054197169e-08, 3.42724817415e-08, 3.91614669581e-08, 3.53925742047e-08, 4.21268708806e-08, 1.91084339463e-08, 3.93717272118e-08, 3.87391239087e-08, 1.24015340219e-08, 2.65516160169e-08, 2.48938611946e-08, 4.89438392037e-08, 9.17937512668e-08, 1.13325889117e-07, 5.99510912025e-08, 1.28453123693e-07, 3.57419978059e-08, 2.2947379108e-08, 4.882316329e-09, 2.08943395918e-09, 1.36437128262e-09, 1.03375051574e-10, 7.48873294106e-13], [4.06603292702e-11, 4.32256719307e-09, 1.53440975481e-08, 2.51708272003e-08, 4.76419188544e-08, 3.91614669581e-08, 5.49364393976e-08, 7.79722881816e-08, 9.43936058206e-08, 2.80746803583e-08, 5.05720052502e-08, 7.83195659437e-08, 2.22129479255e-08, 5.27138155348e-08, 4.59732873992e-08, 1.00395460834e-07, 1.8115783007e-07, 2.20028525177e-07, 8.87940103667e-08, 2.61862993511e-07, 6.65042776404e-08, 4.96225638358e-08, 1.05908055659e-08, 4.77212402927e-09, 3.19535509163e-09, 2.45024750489e-10, 1.75572956781e-12], [1.04502441423e-10, 1.05367190528e-08, 3.60898653184e-08, 6.1051153466e-08, 1.15977670134e-07, 3.53925742047e-08, 7.79722881816e-08, 1.88295828707e-07, 2.24086875278e-07, 3.54782088152e-08, 5.86376067702e-08, 1.77928868084e-07, 4.41452172595e-08, 1.1586054427e-07, 9.51785210646e-08, 2.29310401778e-07, 4.03474473387e-07, 4.76443858588e-07, 1.22446635942e-07, 5.92870776472e-07, 1.37508763487e-07, 1.18110094149e-07, 2.54056633509e-08, 1.18398046922e-08, 8.0729316565e-09, 6.23170404168e-10, 4.43157576607e-12], [1.27203067524e-10, 1.28682309253e-08, 4.42708660842e-08, 7.50567465957e-08, 1.41382969332e-07, 4.21268708806e-08, 9.43936058206e-08, 2.24086875278e-07, 2.80614898429e-07, 4.4833576851e-08, 7.46372705862e-08, 2.13511157199e-07, 5.42334035458e-08, 1.39550351719e-07, 1.12885679471e-07, 2.78383737395e-07, 4.90271474973e-07, 5.79704533266e-07, 1.57779496135e-07, 7.25282291114e-07, 1.69500225411e-07, 1.44658358181e-07, 3.10898293776e-08, 1.44765603949e-08, 9.84932047032e-09, 7.60100926644e-10, 5.4099081985e-12], [1.19674756216e-11, 1.56250423711e-09, 5.78991121714e-09, 1.31808395309e-08, 2.57744936505e-08, 1.91084339463e-08, 2.80746803583e-08, 3.54782088152e-08, 4.4833576851e-08, 3.56881244556e-08, 3.70915032022e-08, 4.18519157108e-08, 1.23000045704e-08, 2.99068716458e-08, 2.71504330129e-08, 4.55827979806e-08, 7.81763489499e-08, 1.06862046323e-07, 7.84308866741e-08, 1.16206884115e-07, 3.77734288293e-08, 1.94027514056e-08, 3.92564825091e-09, 1.64744762277e-09, 1.01081076842e-09, 7.67895538822e-11, 5.54418056603e-13], [2.75497853697e-11, 3.10393000191e-09, 1.13909841559e-08, 2.22557403617e-08, 4.17696277566e-08, 3.93717272118e-08, 5.05720052502e-08, 5.86376067702e-08, 7.46372705862e-08, 3.70915032022e-08, 6.06091603572e-08, 6.67701982593e-08, 1.92568787583e-08, 4.60350442211e-08, 4.0777901944e-08, 7.93998182758e-08, 1.43787460161e-07, 1.83303413337e-07, 1.00604019337e-07, 2.07774192518e-07, 6.0657157519e-08, 3.69400439126e-08, 7.89249465782e-09, 3.39961347962e-09, 2.18261719809e-09, 1.66015104441e-10, 1.18854253696e-12], [9.79671413437e-11, 9.99478544372e-09, 3.424174011e-08, 6.04522796266e-08, 1.14508132754e-07, 3.87391239087e-08, 7.83195659437e-08, 1.77928868084e-07, 2.13511157199e-07, 4.18519157108e-08, 6.67701982593e-08, 1.744454039e-07, 4.3673725969e-08, 1.12384242357e-07, 9.33059567387e-08, 2.20176431753e-07, 3.88022357356e-07, 4.59116563434e-07, 1.36133323281e-07, 5.71409998429e-07, 1.37275861789e-07, 1.12415520448e-07, 2.41740245599e-08, 1.11703615246e-08, 7.55725881874e-09, 5.82631110024e-10, 4.14289696299e-12], [2.46208435584e-11, 2.51963672149e-09, 8.67250271597e-09, 1.47495997638e-08, 2.84118755189e-08, 1.24015340219e-08, 2.22129479255e-08, 4.41452172595e-08, 5.42334035458e-08, 1.23000045704e-08, 1.92568787583e-08, 4.3673725969e-08, 1.19215073369e-08, 2.87136057153e-08, 2.40112605354e-08, 5.62785622549e-08, 9.94365905171e-08, 1.18759395207e-07, 4.30184670108e-08, 1.47320690758e-07, 3.66573935651e-08, 2.87929395881e-08, 6.14097128704e-09, 2.81984213757e-09, 1.88644300181e-09, 1.45106551774e-10, 1.03139588883e-12], [6.17136411418e-11, 6.35174268737e-09, 2.17843396655e-08, 3.75953561615e-08, 7.32611127319e-08, 2.65516160169e-08, 5.27138155348e-08, 1.1586054427e-07, 1.39550351719e-07, 2.99068716458e-08, 4.60350442211e-08, 1.12384242357e-07, 2.87136057153e-08, 7.78931621426e-08, 6.31179091215e-08, 1.42562555538e-07, 2.49287211318e-07, 3.07119023546e-07, 9.86591572882e-08, 3.69448798665e-07, 8.98398440086e-08, 7.22442976553e-08, 1.53981964957e-08, 7.11549263954e-09, 4.79274442355e-09, 3.6920541624e-10, 2.62699974621e-12], [5.05444575083e-11, 5.17182741078e-09, 1.7836242705e-08, 3.10834238348e-08, 6.00924821015e-08, 2.48938611946e-08, 4.59732873992e-08, 9.51785210646e-08, 1.12885679471e-07, 2.71504330129e-08, 4.0777901944e-08, 9.33059567387e-08, 2.40112605354e-08, 6.31179091215e-08, 5.25780201599e-08, 1.17285338774e-07, 2.06243640832e-07, 2.51506435234e-07, 8.52494324022e-08, 3.04028986875e-07, 7.50399067329e-08, 5.89452078259e-08, 1.25868107048e-08, 5.781796375e-09, 3.8866239116e-09, 2.99233804402e-10, 2.12784130593e-12], [1.312284309e-10, 1.31454047647e-08, 4.51354118525e-08, 7.63150040939e-08, 1.44902841726e-07, 4.89438392037e-08, 1.00395460834e-07, 2.29310401778e-07, 2.78383737395e-07, 4.55827979806e-08, 7.93998182758e-08, 2.20176431753e-07, 5.62785622549e-08, 1.42562555538e-07, 1.17285338774e-07, 2.86514477921e-07, 5.07284312334e-07, 5.95618701027e-07, 1.68696274727e-07, 7.46774844629e-07, 1.77340126584e-07, 1.48396722466e-07, 3.19307496e-08, 1.4811801563e-08, 1.00373327427e-08, 7.7345735372e-10, 5.49402103672e-12], [2.35256314429e-10, 2.3255752879e-08, 8.01007900009e-08, 1.35391260869e-07, 2.55467256238e-07, 9.17937512668e-08, 1.8115783007e-07, 4.03474473387e-07, 4.90271474973e-07, 7.81763489499e-08, 1.43787460161e-07, 3.88022357356e-07, 9.94365905171e-08, 2.49287211318e-07, 2.06243640832e-07, 5.07284312334e-07, 9.06600462258e-07, 1.0529396377e-06, 3.01405350456e-07, 1.33018079396e-06, 3.18398974741e-07, 2.63546951373e-07, 5.68546383306e-08, 2.62836330478e-08, 1.78077588231e-08, 1.3704827273e-09, 9.72797797177e-12], [2.7077634579e-10, 2.69291788868e-08, 9.28495396124e-08, 1.56767654858e-07, 3.004853113e-07, 1.13325889117e-07, 2.20028525177e-07, 4.76443858588e-07, 5.79704533266e-07, 1.06862046323e-07, 1.83303413337e-07, 4.59116563434e-07, 1.18759395207e-07, 3.07119023546e-07, 2.51506435234e-07, 5.95618701027e-07, 1.0529396377e-06, 1.26414101942e-06, 3.87592052675e-07, 1.55358702614e-06, 3.74084152099e-07, 3.06228258751e-07, 6.57241230329e-08, 3.03929716949e-08, 2.05146637455e-08, 1.57909085807e-09, 1.12176925735e-11], [6.77588402054e-11, 6.64258337224e-09, 2.33471268984e-08, 4.20883097263e-08, 8.53994137628e-08, 5.99510912025e-08, 8.87940103667e-08, 1.22446635942e-07, 1.57779496135e-07, 7.84308866741e-08, 1.00604019337e-07, 1.36133323281e-07, 4.30184670108e-08, 9.86591572882e-08, 8.52494324022e-08, 1.68696274727e-07, 3.01405350456e-07, 3.87592052675e-07, 2.56818907474e-07, 4.59538028963e-07, 1.39872724958e-07, 8.22605699113e-08, 1.71255383208e-08, 7.44662198571e-09, 4.64525884425e-09, 3.51657647446e-10, 2.47323624254e-12], [3.48828466112e-10, 3.43432091654e-08, 1.17884702888e-07, 1.98665986773e-07, 3.76239341904e-07, 1.28453123693e-07, 2.61862993511e-07, 5.92870776472e-07, 7.25282291114e-07, 1.16206884115e-07, 2.07774192518e-07, 5.71409998429e-07, 1.47320690758e-07, 3.69448798665e-07, 3.04028986875e-07, 7.46774844629e-07, 1.33018079396e-06, 1.55358702614e-06, 4.59538028963e-07, 1.9663891635e-06, 4.71846760774e-07, 3.89389526845e-07, 8.38414777604e-08, 3.87823178016e-08, 2.62196344636e-08, 2.01963668012e-09, 1.43180337378e-11], [7.98168059424e-11, 7.8962161254e-09, 2.72389684142e-08, 4.75081556317e-08, 9.08582151737e-08, 3.57419978059e-08, 6.65042776404e-08, 1.37508763487e-07, 1.69500225411e-07, 3.77734288293e-08, 6.0657157519e-08, 1.37275861789e-07, 3.66573935651e-08, 8.98398440086e-08, 7.50399067329e-08, 1.77340126584e-07, 3.18398974741e-07, 3.74084152099e-07, 1.39872724958e-07, 4.71846760774e-07, 1.2166532315e-07, 9.1536726643e-08, 1.96597298441e-08, 8.96260488048e-09, 5.95882143628e-09, 4.57708038137e-10, 3.22962338296e-12], [6.98603397353e-11, 6.90523371816e-09, 2.36371153761e-08, 3.94011685501e-08, 7.4681743456e-08, 2.2947379108e-08, 4.96225638358e-08, 1.18110094149e-07, 1.44658358181e-07, 1.94027514056e-08, 3.69400439126e-08, 1.12415520448e-07, 2.87929395881e-08, 7.22442976553e-08, 5.89452078259e-08, 1.48396722466e-07, 2.63546951373e-07, 3.06228258751e-07, 8.22605699113e-08, 3.89389526845e-07, 9.1536726643e-08, 7.79619497848e-08, 1.67945888307e-08, 7.8122024405e-09, 5.29946087013e-09, 4.08673955787e-10, 2.89817106945e-12], [1.51982315622e-11, 1.49049794729e-09, 5.10572562007e-09, 8.52328518874e-09, 1.60665472038e-08, 4.882316329e-09, 1.05908055659e-08, 2.54056633509e-08, 3.10898293776e-08, 3.92564825091e-09, 7.89249465782e-09, 2.41740245599e-08, 6.14097128704e-09, 1.53981964957e-08, 1.25868107048e-08, 3.19307496e-08, 5.68546383306e-08, 6.57241230329e-08, 1.71255383208e-08, 8.38414777604e-08, 1.96597298441e-08, 1.67945888307e-08, 3.63039576179e-09, 1.68840497139e-09, 1.14630582804e-09, 8.83573145205e-11, 6.26279085016e-13], [7.06579759979e-12, 6.95925594929e-10, 2.37848341023e-09, 3.93715993141e-09, 7.42748307303e-09, 2.08943395918e-09, 4.77212402927e-09, 1.18398046922e-08, 1.44765603949e-08, 1.64744762277e-09, 3.39961347962e-09, 1.11703615246e-08, 2.81984213757e-09, 7.11549263954e-09, 5.781796375e-09, 1.4811801563e-08, 2.62836330478e-08, 3.03929716949e-08, 7.44662198571e-09, 3.87823178016e-08, 8.96260488048e-09, 7.8122024405e-09, 1.68840497139e-09, 7.88275278385e-10, 5.36393929274e-10, 4.13783278475e-11, 2.93418013411e-13], [4.82785035907e-12, 4.74265404726e-10, 1.62136781778e-09, 2.66909916391e-09, 5.01232033656e-09, 1.36437128262e-09, 3.19535509163e-09, 8.0729316565e-09, 9.84932047032e-09, 1.01081076842e-09, 2.18261719809e-09, 7.55725881874e-09, 1.88644300181e-09, 4.79274442355e-09, 3.8866239116e-09, 1.00373327427e-08, 1.78077588231e-08, 2.05146637455e-08, 4.64525884425e-09, 2.62196344636e-08, 5.95882143628e-09, 5.29946087013e-09, 1.14630582804e-09, 5.36393929274e-10, 3.66593533307e-10, 2.82908106664e-11, 2.00860270257e-13], [3.70641532873e-13, 3.66001950969e-11, 1.25049345878e-10, 2.05755884553e-10, 3.86247617223e-10, 1.03375051574e-10, 2.45024750489e-10, 6.23170404168e-10, 7.60100926644e-10, 7.67895538822e-11, 1.66015104441e-10, 5.82631110024e-10, 1.45106551774e-10, 3.6920541624e-10, 2.99233804402e-10, 7.7345735372e-10, 1.3704827273e-09, 1.57909085807e-09, 3.51657647446e-10, 2.01963668012e-09, 4.57708038137e-10, 4.08673955787e-10, 8.83573145205e-11, 4.13783278475e-11, 2.82908106664e-11, 2.18552519832e-12, 1.55116279657e-14], [2.62458198553e-15, 2.60087334699e-13, 8.88866183348e-13, 1.46368941273e-12, 2.74530723675e-12, 7.48873294106e-13, 1.75572956781e-12, 4.43157576607e-12, 5.4099081985e-12, 5.54418056603e-13, 1.18854253696e-12, 4.14289696299e-12, 1.03139588883e-12, 2.62699974621e-12, 2.12784130593e-12, 5.49402103672e-12, 9.72797797177e-12, 1.12176925735e-11, 2.47323624254e-12, 1.43180337378e-11, 3.22962338296e-12, 2.89817106945e-12, 6.26279085016e-13, 2.93418013411e-13, 2.00860270257e-13, 1.55116279657e-14, 1.10318437936e-16]]
    },
    "mfcc": {
        "kurt": [-0.678953409195, -0.913371086121, -1.31267273426, -1.29097998142, 0.780832529068, 0.182087182999, -0.497361898422, -0.358107566833, 0.0979855060577, -0.121708631516, 2.47775602341, -0.0406556129456, 0.3088722229],
        "max": [-505.486541748, 136.799194336, 34.3202552795, 65.1547088623, 15.4075927734, 14.7113189697, 15.0233039856, 12.1741657257, 16.7691001892, 12.6042804718, 2.73031234741, 8.02314758301, 8.88882446289],
        "mean": [-926.280212402, 80.3390960693, -40.0710067749, -0.497727841139, -25.6740818024, -18.8227272034, -3.53461122513, 0.370678395033, 0.925179064274, -0.322096765041, -6.53486728668, -8.08731365204, -5.52225494385],
        "median": [-970.375854492, 85.7326812744, -34.5214805603, -9.22018051147, -25.4362831116, -18.2697029114, -3.09541702271, 0.494411468506, 1.09616851807, -0.188770294189, -5.94367599487, -8.39728546143, -5.61339569092],
        "min": [-1138.42004395, -2.80829238892, -107.874420166, -43.2446060181, -60.5472869873, -45.6861534119, -20.3367614746, -12.4125785828, -15.6642608643, -14.0124549866, -28.7456550598, -19.6782455444, -23.9895324707],
        "skew": [0.687122702599, -0.359010308981, -0.0302778854966, 0.315214455128, 0.130582273006, 0.245010018349, -0.031403850764, -0.0840040668845, -0.0544029846787, -0.0839827358723, -0.990738213062, 0.185106575489, -0.203033939004],
        "var": [24453.4199219, 1354.58764648, 1642.25817871, 923.352478027, 186.092147827, 127.056747437, 56.0839080811, 30.5196094513, 45.1558380127, 33.7530097961, 27.3203830719, 37.0862197876, 35.520111084],
        "cov": [[24748.0390625, 1793.48535156, -5394.06005859, 3434.27905273, -1033.59130859, 402.406829834, 107.337913513, -25.4397258759, -349.294586182, -249.827651978, -269.701934814, -81.4160919189, -324.382293701], [1793.48535156, 1370.90808105, -766.866333008, -250.893356323, -159.58190918, -212.288589478, 31.1751403809, 8.36604785919, 21.4255962372, 67.5422592163, 15.0968160629, -85.0708007812, -68.373878479], [-5394.06005859, -766.866333008, 1662.04443359, -715.404968262, 253.560195923, 46.1981887817, -62.5088615417, 20.1431598663, 25.5052127838, 6.27300357819, 41.9573974609, 58.1060791016, 90.1290817261], [3434.27905273, -250.893356323, -715.404968262, 934.477233887, -91.9407730103, 172.592773438, 42.1560821533, -13.3503332138, -43.8940963745, -64.676612854, -39.8589057922, 29.6770496368, -19.1193618774], [-1033.59130859, -159.58190918, 253.560195923, -91.9407730103, 188.334213257, 8.2072725296, 15.9021759033, 4.32739543915, 18.4563350677, 10.7377500534, 13.5641107559, 23.7267189026, 16.1858940125], [402.406829834, -212.288589478, 46.1981887817, 172.592773438, 8.2072725296, 128.587554932, 0.673315048218, 0.363851636648, -18.3051586151, -22.3364772797, -2.0844874382, 25.2797374725, 10.7478246689], [107.337913513, 31.1751403809, -62.5088615417, 42.1560821533, 15.9021759033, 0.673315048218, 56.7596168518, 11.1191234589, 11.3650522232, -0.0616944022477, -0.810852766037, 7.96764087677, 3.25835180283], [-25.4397258759, 8.36604785919, 20.1431598663, -13.3503332138, 4.32739543915, 0.363851636648, 11.1191234589, 30.8873157501, 0.197368443012, -7.70668506622, -7.59291601181, -2.45738124847, 2.21013331413], [-349.294586182, 21.4255962372, 25.5052127838, -43.8940963745, 18.4563350677, -18.3051586151, 11.3650522232, 0.197368443012, 45.6998825073, 14.2943925858, 8.97725009918, 5.61086988449, 7.73028993607], [-249.827651978, 67.5422592163, 6.27300357819, -64.676612854, 10.7377500534, -22.3364772797, -0.0616944022477, -7.70668506622, 14.2943925858, 34.1596755981, 12.3647441864, -4.62390708923, 2.03641438484], [-269.701934814, 15.0968160629, 41.9573974609, -39.8589057922, 13.5641107559, -2.0844874382, -0.810852766037, -7.59291601181, 8.97725009918, 12.3647441864, 27.6495437622, 11.4419088364, 5.9679236412], [-81.4160919189, -85.0708007812, 58.1060791016, 29.6770496368, 23.7267189026, 25.2797374725, 7.96764087677, -2.45738124847, 5.61086988449, -4.62390708923, 11.4419088364, 37.5330429077, 16.9698162079], [-324.382293701, -68.373878479, 90.1290817261, -19.1193618774, 16.1858940125, 10.7478246689, 3.25835180283, 2.21013331413, 7.73028993607, 2.03641438484, 5.9679236412, 16.9698162079, 35.9480628967]]
    },
    "sccoeffs": {
        "kurt": [0.252212285995, 0.679885625839, 0.297530412674, -0.0912199020386, -0.0623157024384, -1.04686498642],
        "max": [-0.536171615124, -0.697741270065, -0.721040904522, -0.772857308388, -0.728320538998, -0.502303063869],
        "mean": [-0.783535718918, -0.845082163811, -0.842564165592, -0.863706707954, -0.854455471039, -0.730969130993],
        "median": [-0.795333385468, -0.846674084663, -0.841075956821, -0.866240024567, -0.853463888168, -0.75888979435],
        "min": [-0.940698385239, -0.935854494572, -0.950462698936, -0.953119754791, -0.934791684151, -0.889697432518],
        "skew": [0.682657182217, 0.745353579521, 0.210805907845, 0.161944702268, 0.335462242365, 0.372108519077],
        "var": [0.00684485770762, 0.0021985154599, 0.00192831212189, 0.00133474334143, 0.00146440730896, 0.0110067687929],
        "cov": [[0.00692732585594, 0.00260204728693, 0.00226918957196, 0.00189944240265, 0.0023852433078, 0.00522656459361], [0.00260204728693, 0.00222500343807, 0.00119256053586, 0.000757611764129, 0.00111721432768, 0.00318571995012], [0.00226918957196, 0.00119256053586, 0.00195154477842, 0.000736724818125, 0.00101846712641, 0.00272631924599], [0.00189944240265, 0.000757611764129, 0.000736724818125, 0.00135082460474, 0.000954483635724, 0.00221128528938], [0.0023852433078, 0.00111721432768, 0.00101846712641, 0.000954483635724, 0.00148205074947, 0.00250420789234], [0.00522656459361, 0.00318571995012, 0.00272631924599, 0.00221128528938, 0.00250420789234, 0.0111393807456]]
    },
    "scvalleys": {
        "kurt": [9.33425140381, 12.435049057, 5.85894012451, 2.46712970734, 0.903821706772, -0.202946186066],
        "max": [-5.26066970825, -4.44610261917, -4.93896770477, -4.77931642532, -5.00099802017, -6.91983652115],
        "mean": [-9.64540195465, -8.36845874786, -8.21882247925, -9.01497077942, -9.37368583679, -13.2617816925],
        "median": [-9.90262413025, -8.42194366455, -8.22891712189, -9.20102119446, -9.91898345947, -13.6895446777],
        "min": [-17.9962081909, -19.0397281647, -17.795715332, -17.5625934601, -17.5880203247, -18.8113079071],
        "skew": [-1.44496238232, -2.18819832802, -1.41411411762, -0.741469144821, -0.13206936419, 0.553402721882],
        "var": [2.31164479256, 3.27316403389, 3.59314990044, 3.92828989029, 4.67495775223, 5.68013572693],
        "cov": [[2.33949589729, 2.55454421043, 2.61197113991, 2.79536819458, 3.0209107399, 2.30867195129], [2.55454421043, 3.31259965897, 3.35931324959, 3.44667577744, 3.51148533821, 2.09287023544], [2.61197113991, 3.35931324959, 3.63644075394, 3.67816853523, 3.71055102348, 1.9516466856], [2.79536819458, 3.44667577744, 3.67816853523, 3.97561860085, 4.14073324203, 2.53113508224], [3.0209107399, 3.51148533821, 3.71055102348, 4.14073324203, 4.73128223419, 3.57616114616], [2.30867195129, 2.09287023544, 1.9516466856, 2.53113508224, 3.57616114616, 5.74857139587]]
    }
},
"rhythm": {
    "beats_loudness": {
        "kurt": 0.218395471573,
        "max": 0.00981409195811,
        "mean": 0.00213573453948,
        "median": 6.01338870183e-05,
        "min": 2.38803067987e-06,
        "skew": 1.47773349285,
        "var": 1.48299495777e-05
    },
    "bpm": 184.5703125,
    "confidence": 0,
    "first_peak_bpm": {
        "kurt": 0,
        "max": 185,
        "mean": 185,
        "median": 185,
        "min": 185,
        "skew": 0,
        "var": 0
    },
    "first_peak_spread": {
        "kurt": 0,
        "max": 0,
        "mean": 0,
        "median": 0,
        "min": 0,
        "skew": 0,
        "var": 0
    },
    "first_peak_weight": {
        "kurt": 0,
        "max": 0.5,
        "mean": 0.5,
        "median": 0.5,
        "min": 0.5,
        "skew": 0,
        "var": 0
    },
    "onset_rate": 1.56251847744,
    "second_peak_bpm": {
        "kurt": 0,
        "max": 191,
        "mean": 191,
        "median": 191,
        "min": 191,
        "skew": 0,
        "var": 0
    },
    "second_peak_spread": {
        "kurt": 0,
        "max": 0,
        "mean": 0,
        "median": 0,
        "min": 0,
        "skew": 0,
        "var": 0
    },
    "second_peak_weight": {
        "kurt": 0,
        "max": 0.5,
        "mean": 0.5,
        "median": 0.5,
        "min": 0.5,
        "skew": 0,
        "var": 0
    },
    "beats_loudness_band_ratio": {
        "kurt": [-0.598128795624, -0.399527311325, -1.13361763954, -1.34808158875, -1.10330331326, -0.134186029434],
        "max": [0.040968414396, 0.060749925673, 0.503400206566, 0.397262692451, 0.35515871644, 0.376308858395],
        "mean": [0.0230274349451, 0.0388379022479, 0.342215269804, 0.30965667963, 0.184855535626, 0.137957975268],
        "median": [0.0228082984686, 0.037238098681, 0.411985456944, 0.365298748016, 0.128775119781, 0.110865779221],
        "min": [0.00556950876489, 0.0240178667009, 0.113903909922, 0.153672039509, 0.0801622644067, 0.0202970393002],
        "skew": [0.0620328560472, 0.798069834709, -0.549590647221, -0.593748748302, 0.668085515499, 1.18054497242],
        "var": [0.000127941573737, 0.000146678721649, 0.0194072332233, 0.00943559873849, 0.0103070121258, 0.0155296716839],
        "cov": [[0.000159926974447, 4.0291568439e-05, 0.00182241934817, 0.000373034912627, -0.00129188795108, -0.00116134434938], [4.0291568439e-05, 0.000183348398423, 0.00102258857805, 0.000521192443557, -0.000799425586592, -0.000871352676768], [0.00182241934817, 0.00102258857805, 0.0242590419948, 0.00812372565269, -0.0176279209554, -0.0174566674978], [0.000373034912627, 0.000521192443557, 0.00812372565269, 0.0117944981903, -0.00664387084544, -0.013584417291], [-0.00129188795108, -0.000799425586592, -0.0176279209554, -0.00664387084544, 0.012883765623, 0.0132946185768], [-0.00116134434938, -0.000871352676768, -0.0174566674978, -0.013584417291, 0.0132946185768, 0.0194120891392]]
    },
    "beats_position": [0.31346938014, 0.626938760281, 0.952018141747, 1.27709746361, 1.59056687355],
    "bpm_estimates": [184.570297241, 184.570343018],
    "bpm_intervals": [0.31346938014, 0.325079381466, 0.325079321861, 0.313469409943],
    "onset_times": [0.0464399084449, 0.150929704309, 0.290249437094],
    "histogram": [[0, 0, 0, 0, 0, 0, 0, 0, 0, 0, 0, 0, 0, 0, 0, 0, 0, 0, 0, 0, 0, 0, 0, 0, 0, 0, 0, 0, 0, 0, 0, 0, 0, 0, 0, 0, 0, 0, 0, 0, 0, 0, 0, 0, 0, 0, 0, 0, 0, 0, 0, 0, 0, 0, 0, 0, 0, 0, 0, 0, 0, 0, 0, 0, 0, 0, 0, 0, 0, 0, 0, 0, 0, 0, 0, 0, 0, 0, 0, 0, 0, 0, 0, 0, 0, 0, 0, 0, 0, 0, 0, 0, 0, 0, 0, 0, 0, 0, 0, 0, 0, 0, 0, 0, 0, 0, 0, 0, 0, 0, 0, 0, 0, 0, 0, 0, 0, 0, 0, 0, 0, 0, 0, 0, 0, 0, 0, 0, 0, 0, 0, 0, 0, 0, 0, 0, 0, 0, 0, 0, 0, 0, 0, 0, 0, 0, 0, 0, 0, 0, 0, 0, 0, 0, 0, 0, 0, 0, 0, 0, 0, 0, 0, 0, 0, 0, 0, 0, 0, 0, 0, 0, 0, 0, 0, 0, 0, 0, 0, 0, 0, 0, 0, 0, 0, 0.5, 0, 0, 0, 0, 0, 0.5, 0, 0, 0, 0, 0, 0, 0, 0, 0, 0, 0, 0, 0, 0, 0, 0, 0, 0, 0, 0, 0, 0, 0, 0, 0, 0, 0, 0, 0, 0, 0, 0, 0, 0, 0, 0, 0, 0, 0, 0, 0, 0, 0, 0, 0, 0, 0, 0, 0, 0, 0, 0, 0, 0, 0, 0, 0, 0]]
},
"sfx": {
    "inharmonicity": {
        "kurt": 0.354913711548,
        "max": 0.393262952566,
        "mean": 0.0798599272966,
        "median": 0.0256720148027,
        "min": 0,
        "skew": 1.24222719669,
        "var": 0.0105674229562
    },
    "oddtoevenharmonicenergyratio": {
        "kurt": 3.0347571373,
        "max": 3.54542517662,
        "mean": 0.587753772736,
        "median": 0.242245227098,
        "min": 0,
        "skew": 1.61803328991,
        "var": 0.506386756897
    },
    "pitch_after_max_to_before_max_energy_ratio": 1.18483436108,
    "pitch_centroid": 26.1020393372,
    "pitch_max_to_total": 0.130952388048,
    "pitch_min_to_total": 0.833333313465,
    "tristimulus": {
        "kurt": [-1.30648887157, 0.656053066254, -1.04413962364],
        "max": [1, 0.966320157051, 0.949997663498],
        "mean": [0.435125857592, 0.29151108861, 0.273362994194],
        "median": [0.436918377876, 0.282124996185, 0.0940588116646],
        "min": [0, 0, 0],
        "skew": [0.293831348419, 0.514179289341, 0.709969639778],
        "var": [0.128206133842, 0.0398014709353, 0.0885509625077],
        "cov": [[0.129750773311, -0.040206965059, -0.0895438045263], [-0.040206965059, 0.040281008929, -7.40376781323e-05], [-0.0895438045263, -7.40376781323e-05, 0.0896178409457]]
    }
},
"tonal": {
    "chords_changes_rate": 0.0232558138669,
    "chords_number_rate": 0.0465116277337,
    "chords_strength": {
        "kurt": -1.05593836308,
        "max": 0.393649280071,
        "mean": 0.337829291821,
        "median": 0.340155482292,
        "min": 0.255625545979,
        "skew": -0.288622409105,
        "var": 0.00128190475516
    },
    "key_strength": 0.188343003392,
    "tuning_diatonic_strength": 0.311631977558,
    "tuning_equal_tempered_deviation": 0.24830365181,
    "tuning_frequency": 432.940917969,
    "tuning_nontempered_energy_ratio": 0.911929011345,
    "hpcp": {
        "kurt": [-0.935189008713, -0.939882040024, -0.369942903519, -0.390666007996, -0.713377475739, -0.661378145218, -0.0748820304871, -0.313362836838, -0.334039926529, -0.751321554184, 0.589698314667, -1.08767688274, 0.587817907333, -0.135898590088, 1.90970659256, 0.392482995987, -0.106271266937, 1.49287509918, 0.161203384399, -0.239973068237, 1.9065527916, -0.370577096939, 0.786726474762, 1.01594209671, 0.441748380661, -0.242711544037, 0.442187070847, -0.363323688507, -0.541803359985, -0.441707849503, -0.268564939499, -0.820150852203, -1.1332064867, -0.783574104309, -0.727087020874, -0.342486858368],
        "max": [1, 1, 0.866564691067, 1, 1, 1, 1, 1, 1, 0.8207051754, 1, 0.725039184093, 1, 0.898091971874, 1, 1, 0.79896992445, 1, 0.83156388998, 0.688850462437, 0.892333269119, 0.745224177837, 1, 1, 1, 0.978989064693, 1, 1, 1, 1, 1, 0.984402120113, 1, 1, 1, 1],
        "mean": [0.506841242313, 0.49307975173, 0.487171381712, 0.447536349297, 0.456944316626, 0.470452874899, 0.42709761858, 0.41470643878, 0.388191252947, 0.387784153223, 0.390964508057, 0.383705615997, 0.381610304117, 0.352599620819, 0.36809450388, 0.376818865538, 0.348225414753, 0.329595595598, 0.311847656965, 0.284778386354, 0.275991111994, 0.292382091284, 0.310262799263, 0.35580855608, 0.401693612337, 0.405349612236, 0.383344620466, 0.388695567846, 0.387498497963, 0.391102582216, 0.423884600401, 0.437437802553, 0.510760307312, 0.517692089081, 0.499341964722, 0.530239880085],
        "median": [0.450334906578, 0.472442060709, 0.472714662552, 0.443234503269, 0.46088168025, 0.431987553835, 0.370532482862, 0.295970112085, 0.337315678596, 0.358237504959, 0.373123437166, 0.377162128687, 0.350725650787, 0.323776811361, 0.348998934031, 0.324259549379, 0.325437277555, 0.301450163126, 0.286871433258, 0.288710296154, 0.258339256048, 0.256957471371, 0.291748702526, 0.306115597486, 0.323842287064, 0.379796743393, 0.342165023088, 0.357865035534, 0.393824607134, 0.408670604229, 0.420621365309, 0.349488407373, 0.463297814131, 0.453985154629, 0.476140469313, 0.535018801689],
