{
"metadata": {
    "version": {
        "essentia": "2.1-beta3"
    }
},
"lowLevel": {
    "average_loudness": 0.865984320641,
    "barkbands_kurtosis": {
        "kurt": 9.8794002533,
        "max": 13.8095626831,
        "mean": -0.14927662909,
        "median": -0.833530426025,
        "min": -1.93263816833,
        "skew": 2.58508896828,
        "var": 3.996925354
    },
    "barkbands_skewness": {
        "kurt": -0.575589895248,
        "max": 2.47435975075,
        "mean": -0.37325206399,
        "median": -0.425778180361,
        "min": -3.0074634552,
        "skew": -0.0184698980302,
        "var": 0.911287128925
    },
    "barkbands_spread": {
        "kurt": 0.398426294327,
        "max": 76.9467697144,
        "mean": 27.8115901947,
        "median": 21.4110641479,
        "min": 4.38370323181,
        "skew": 1.21239614487,
        "var": 298.541656494
    },
    "dissonance": {
        "kurt": 13.8009529114,
        "max": 0.500000059605,
        "mean": 0.486555278301,
        "median": 0.49116396904,
        "min": 0.374017864466,
        "skew": -3.02141237259,
        "var": 0.00025654520141
    },
    "hfc": {
        "kurt": 35.5996627808,
        "max": 278.777191162,
        "mean": 11.239109993,
        "median": 1.42218959332,
        "min": 3.06243055093e-06,
        "skew": 5.61439418793,
        "var": 1027.21923828
    },
    "pitch": {
        "kurt": -0.509898424149,
        "max": 4645.85888672,
        "mean": 3107.52905273,
        "median": 3719.0703125,
        "min": 95.4839096069,
        "skew": -1.11167001724,
        "var": 2251598.5
    },
    "pitch_instantaneous_confidence": {
        "kurt": -0.631205320358,
        "max": 0.823083162308,
        "mean": 0.43286895752,
        "median": 0.40163308382,
        "min": 0.16176700592,
        "skew": 0.644605278969,
        "var": 0.0311377942562
    },
    "pitch_salience": {
        "kurt": 4.50792455673,
        "max": 0.921466529369,
        "mean": 0.769766151905,
        "median": 0.780672729015,
        "min": 0.438332557678,
        "skew": -1.54770755768,
        "var": 0.0036676095333
    },
    "silence_rate_20dB": {
        "kurt": 0,
        "max": 1,
        "mean": 1,
        "median": 1,
        "min": 1,
        "skew": 0,
        "var": 0
    },
    "silence_rate_30dB": {
        "kurt": 0,
        "max": 1,
        "mean": 1,
        "median": 1,
        "min": 1,
        "skew": 0,
        "var": 0
    },
    "silence_rate_60dB": {
        "kurt": -0.781951189041,
        "max": 1,
        "mean": 0.741573035717,
        "median": 1,
        "min": 0,
        "skew": -1.1036529541,
        "var": 0.191642135382
    },
    "spectral_centroid": {
        "kurt": -0.843949079514,
        "max": 4525.50927734,
        "mean": 2362.40893555,
        "median": 2483.15844727,
        "min": 479.285064697,
        "skew": -0.191630885005,
        "var": 603128.75
    },
    "spectral_complexity": {
        "kurt": 1.06526231766,
        "max": 55,
        "mean": 9.30711650848,
        "median": 1,
        "min": 0,
        "skew": 1.38107180595,
        "var": 163.927703857
    },
    "spectral_crest": {
        "kurt": 1.00691699982,
        "max": 15.8883142471,
        "mean": 6.76285743713,
        "median": 6.48118972778,
        "min": 3.24979782104,
        "skew": 0.786689817905,
        "var": 3.85068368912
    },
    "spectral_decrease": {
        "kurt": 46.6010513306,
        "max": -1.33135725442e-16,
        "mean": -9.20745646393e-10,
        "median": -1.23266619134e-10,
        "min": -3.15012727015e-08,
        "skew": -6.53175067902,
        "var": 1.06732934235e-17
    },
    "spectral_energy": {
        "kurt": 44.6159553528,
        "max": 0.144178822637,
        "mean": 0.00449452269822,
        "median": 0.000580004299991,
        "min": 7.80255693389e-10,
        "skew": 6.37323331833,
        "var": 0.000230946403462
    },
    "spectral_energyband_high": {
        "kurt": 45.8538551331,
        "max": 0.0193460900337,
        "mean": 0.000754562963266,
        "median": 6.45398031338e-05,
        "min": 5.59090551633e-10,
        "skew": 6.09226989746,
        "var": 4.20411515734e-06
    },
    "spectral_energyband_low": {
        "kurt": 74.5179519653,
        "max": 0.00541054690257,
        "mean": 7.67513629398e-05,
        "median": 8.00031273229e-07,
        "min": 1.09757680375e-11,
        "skew": 8.06798744202,
        "var": 2.16652978224e-07
    },
    "spectral_energyband_middle_high": {
        "kurt": 36.8605957031,
        "max": 0.06086820364,
        "mean": 0.00255644856952,
        "median": 0.000365759071428,
        "min": 1.08501908846e-10,
        "skew": 5.73724222183,
        "var": 5.2953226259e-05
    },
    "spectral_energyband_middle_low": {
        "kurt": 59.9490203857,
        "max": 0.0658890083432,
        "mean": 0.00116994720884,
        "median": 0.000115810522402,
        "min": 9.84770875956e-11,
        "skew": 7.38654851913,
        "var": 3.7956644519e-05
    },
    "spectral_flatness_db": {
        "kurt": -0.664764642715,
        "max": 0.256131231785,
        "mean": 0.175714924932,
        "median": 0.183893978596,
        "min": 0.0838735550642,
        "skew": -0.359907060862,
        "var": 0.00162463146262
    },
    "spectral_flux": {
        "kurt": 12.4877548218,
        "max": 0.372716754675,
        "mean": 0.0360670648515,
        "median": 0.019642367959,
        "min": 0.000498992390931,
        "skew": 3.40136909485,
        "var": 0.0033545717597
    },
    "spectral_kurtosis": {
        "kurt": 13.3667373657,
        "max": 14.7095336914,
        "mean": 2.32926917076,
        "median": 1.98155927658,
        "min": -0.322793245316,
        "skew": 2.71532273293,
        "var": 3.10523891449
    },
    "spectral_rms": {
        "kurt": 14.0317497253,
        "max": 0.0118601126596,
        "mean": 0.00126141728833,
        "median": 0.000752235238906,
        "min": 8.72482132763e-07,
        "skew": 3.26431703568,
        "var": 2.79372534351e-06
    },
    "spectral_rolloff": {
        "kurt": 4.47372674942,
        "max": 8096.484375,
        "mean": 3924.92895508,
        "median": 4177.44140625,
        "min": 215.33203125,
        "skew": -1.16615283489,
        "var": 834557.375
    },
    "spectral_skewness": {
        "kurt": 3.77100419998,
        "max": 3.25222849846,
        "mean": 0.925569951534,
        "median": 0.863619208336,
        "min": 0.157585516572,
        "skew": 1.21682071686,
        "var": 0.156778097153
    },
    "spectral_spread": {
        "kurt": 11.6715211868,
        "max": 16537460,
        "mean": 4220095.5,
        "median": 3832815.25,
        "min": 2311403,
        "skew": 2.48393917084,
        "var": 2.95602906726e+12
    },
    "spectral_strongpeak": {
        "kurt": 9.25475406647,
        "max": 5.39968109131,
        "mean": 0.517500936985,
        "median": 0.135692164302,
        "min": 9.06274290173e-05,
        "skew": 2.62437868118,
        "var": 0.631552398205
    },
    "zerocrossingrate": {
        "kurt": -0.53330540657,
        "max": 0.1787109375,
        "mean": 0.125276148319,
        "median": 0.13134765625,
        "min": 0.02685546875,
        "skew": -0.593105494976,
        "var": 0.000969545333646
    },
    "barkbands": {
        "kurt": [50.1167144775, 103.456771851, 79.1680603027, 59.1816673279, 73.5956344604, 66.5252532959, 44.6060829163, 69.5315093994, 44.1423721313, 26.1544742584, 81.3997802734, 47.6443748474, 31.3958053589, 36.1415748596, 64.7893066406, 50.9807853699, 73.215965271, 60.7476921082, 32.8115921021, 28.1413631439, 51.5918655396, 29.2951393127, 73.221282959, 52.6721420288, 97.3261413574, 69.2747192383, 59.9269599915],
        "max": [2.19765424845e-05, 0.000775878841523, 0.00240832008421, 0.00544897140935, 0.0321788154542, 0.015706948936, 0.00190528819803, 0.00463266484439, 0.00750735588372, 0.00225414102897, 0.00521080475301, 0.00192059611436, 0.00111480092164, 0.00102104421239, 0.00421442836523, 0.00443259021267, 0.00874602049589, 0.0166248306632, 0.0213200002909, 0.0112716443837, 0.0104838423431, 0.00201443629339, 0.00141008512583, 0.000454802415334, 0.000341188133461, 2.6733321647e-05, 4.27870276098e-07],
        "mean": [4.93383254252e-07, 8.94601635082e-06, 3.3070857171e-05, 8.59611245687e-05, 0.000436039816123, 0.00023666517518, 6.3554434746e-05, 0.00010421724437, 0.000215275445953, 0.000131262509967, 0.0001380147296, 7.94633451733e-05, 5.84395711485e-05, 4.37135240645e-05, 8.84180190042e-05, 0.000120667355077, 0.000199351794436, 0.000471086998004, 0.000908062560484, 0.000571083801333, 0.000365802610759, 8.57838094817e-05, 3.0455783417e-05, 1.21631310321e-05, 6.03774833507e-06, 4.89058720632e-07, 7.53162154865e-09],
        "median": [1.53820050031e-08, 1.79724850113e-07, 2.69098336503e-07, 2.85865382921e-07, 7.55608539293e-07, 4.27302438766e-06, 1.1249243471e-05, 2.20657293539e-05, 3.98491392843e-05, 5.51146840735e-05, 4.35006149928e-05, 2.26609809033e-05, 1.41507753142e-05, 9.66520383372e-06, 7.00015107213e-06, 9.80739878287e-06, 1.99284295377e-05, 4.84721203975e-05, 9.36561773415e-05, 6.69391010888e-05, 2.51627825492e-05, 3.32605645781e-06, 4.30629711445e-07, 7.53698472522e-08, 2.20917639737e-09, 3.50011963857e-11, 9.49370183162e-12],
        "min": [8.64493632929e-12, 6.31012039495e-12, 2.36403642972e-13, 1.09616905396e-12, 9.63941253207e-12, 1.44590502765e-11, 1.48538802786e-11, 1.69383829879e-11, 3.77465315948e-11, 5.53800581782e-12, 1.09446837444e-12, 7.86435847e-12, 9.09048617631e-12, 2.7047908184e-12, 7.81611646065e-13, 6.35717953973e-12, 2.70155100547e-12, 9.92278655076e-12, 4.28506258254e-11, 9.26461130035e-11, 4.59011523235e-10, 1.40277581218e-11, 2.37927516231e-12, 1.03198890405e-11, 3.80125022171e-13, 2.5561856844e-14, 1.33470888438e-15],
        "skew": [6.81774663925, 9.95907783508, 8.45523834229, 7.46101570129, 8.05709552765, 7.7251701355, 6.45182943344, 7.9006729126, 6.49221849442, 4.70471334457, 8.06719017029, 6.2070684433, 5.07864522934, 5.36829280853, 7.54380369186, 6.9472618103, 7.971971035, 6.9959602356, 5.39160108566, 4.92937898636, 6.42737293243, 5.037296772, 7.72480583191, 6.61610841751, 8.8588218689, 7.70692491531, 7.29085588455],
        "var": [5.75522095259e-12, 4.35455671521e-09, 4.39834977328e-08, 2.80603330793e-07, 7.78180947236e-06, 1.99033229364e-06, 5.23224876758e-08, 1.87015430697e-07, 7.35701860322e-07, 7.65112844192e-08, 1.80170331987e-07, 3.70278918638e-08, 1.82231723045e-08, 1.13058309381e-08, 1.45090595538e-07, 2.68732748054e-07, 5.93539198235e-07, 2.18091486204e-06, 6.57088003209e-06, 2.09238464777e-06, 1.04262994682e-06, 6.18473308123e-08, 1.43240219685e-08, 1.96704785793e-09, 7.09232284013e-10, 5.75503793926e-12, 1.57512161053e-15],
        "cov": [[5.77685729114e-12, 6.21826548586e-11, 2.69368943817e-10, 8.66343552453e-10, 4.20262891154e-09, 2.23638751962e-09, 3.23952309422e-10, 5.75807845848e-10, 1.29138422178e-09, 3.94588917096e-10, 5.8075133591e-10, 2.72913580623e-10, 2.07583727985e-10, 1.57348467589e-10, 7.77227393556e-10, 8.56282655892e-10, 1.24257304446e-09, 2.37661956781e-09, 4.41298597664e-09, 2.35537367388e-09, 1.44136591551e-09, 3.79235892689e-10, 1.98430535892e-10, 6.54848952841e-11, 3.7540276443e-11, 3.66119591241e-12, 5.1405328426e-14], [6.21826548586e-11, 4.37092717576e-09, 1.33735333918e-08, 2.40756126146e-08, 1.16094248881e-07, 5.58925989935e-08, 9.22226739419e-09, 1.22761250054e-08, 4.16172909468e-08, 9.81881687068e-09, 1.98584046984e-08, 6.95195767619e-09, 5.9217630799e-09, 2.97100344326e-09, 1.38450104714e-08, 2.22019966856e-08, 3.0564649478e-08, 4.86771760677e-08, 7.4723608634e-08, 5.49269607575e-08, 4.26911554996e-08, 1.07618705059e-08, 4.25761959022e-09, 2.1097279479e-09, 1.30214838912e-09, 1.08348559291e-10, 1.46025650339e-12], [2.69368943817e-10, 1.33735333918e-08, 4.41488481329e-08, 9.4050541577e-08, 4.54670413319e-07, 2.25319070069e-07, 3.51664866116e-08, 5.49384431281e-08, 1.5744421944e-07, 3.92958625639e-08, 7.34716607553e-08, 2.7619472931e-08, 2.21566995862e-08, 1.26683818991e-08, 5.70355425111e-08, 8.85242386062e-08, 1.24824325098e-07, 2.04053606012e-07, 3.40457290804e-07, 2.22955776508e-07, 1.60353692991e-07, 4.05005167181e-08, 1.7373400496e-08, 7.73642749863e-09, 4.68263028353e-09, 4.03589744957e-10, 5.6384254904e-12], [8.66343552453e-10, 2.40756126146e-08, 9.4050541577e-08, 2.81658230961e-07, 1.37479378282e-06, 6.97904965818e-07, 9.49404821426e-08, 1.82601198162e-07, 4.36645024138e-07, 1.1871414074e-07, 2.08016757597e-07, 8.72326921808e-08, 6.18255171503e-08, 4.19500132409e-08, 1.75224570853e-07, 2.6470442549e-07, 3.65316395801e-07, 6.76273032241e-07, 1.11897134047e-06, 6.65436402869e-07, 4.78457820918e-07, 1.12519757067e-07, 5.64396778202e-08, 2.13411439631e-08, 1.25151036201e-08, 1.1694066826e-09, 1.66634900323e-11], [4.20262891154e-09, 1.16094248881e-07, 4.54670413319e-07, 1.37479378282e-06, 7.81106427894e-06, 3.92913398173e-06, 5.48752666418e-07, 1.09247434921e-06, 2.29791135098e-06, 5.85513021178e-07, 9.67556957221e-07, 4.59580604684e-07, 3.24217666048e-07, 2.31539686979e-07, 8.80391837654e-07, 1.36622747959e-06, 1.73590979102e-06, 3.78928893952e-06, 5.9718599914e-06, 3.29309091285e-06, 2.37859990193e-06, 5.86019723414e-07, 3.16367305686e-07, 1.08832210799e-07, 5.64117641488e-08, 5.77736569696e-09, 7.39963229579e-11], [2.23638751962e-09, 5.58925989935e-08, 2.25319070069e-07, 6.97904965818e-07, 3.92913398173e-06, 1.99781470656e-06, 2.84993888044e-07, 5.62236493806e-07, 1.15983164051e-06, 2.94366600428e-07, 4.81252641293e-07, 2.32567799685e-07, 1.64105884437e-07, 1.16882105772e-07, 4.64255833776e-07, 6.9456740448e-07, 8.9569488182e-07, 1.92514494302e-06, 3.12079100695e-06, 1.68411736468e-06, 1.19151059153e-06, 2.94671679058e-07, 1.59318119586e-07, 5.39727835758e-08, 2.77888361211e-08, 2.84413737006e-09, 3.63492187738e-11], [3.23952309422e-10, 9.22226739419e-09, 3.51664866116e-08, 9.49404821426e-08, 5.48752666418e-07, 2.84993888044e-07, 5.25191872214e-08, 9.13085713705e-08, 1.70199996319e-07, 4.13800371746e-08, 6.55169785091e-08, 3.24848627997e-08, 2.45863631676e-08, 1.66798450607e-08, 6.94208068808e-08, 9.50903711328e-08, 1.199418449e-07, 2.64880583245e-07, 4.73703465786e-07, 2.48012582915e-07, 1.69392038174e-07, 4.38044303053e-08, 2.2025119506e-08, 7.7305184476e-09, 3.62213947724e-09, 3.62205432314e-10, 4.05314453875e-12], [5.75807845848e-10, 1.22761250054e-08, 5.49384431281e-08, 1.82601198162e-07, 1.09247434921e-06, 5.62236493806e-07, 9.13085713705e-08, 1.87718484312e-07, 3.26884702417e-07, 8.19642238525e-08, 1.25534640461e-07, 6.26721359254e-08, 4.44129568677e-08, 3.44646835515e-08, 1.20088685662e-07, 1.86492286502e-07, 2.28701452443e-07, 5.4185971976e-07, 9.53436142481e-07, 4.75901458685e-07, 3.20732283399e-07, 8.35887377093e-08, 4.4013486189e-08, 1.45837715237e-08, 6.75924693994e-09, 7.33355653981e-10, 8.64651059085e-12], [1.29138422178e-09, 4.16172909468e-08, 1.5744421944e-07, 4.36645024138e-07, 2.29791135098e-06, 1.15983164051e-06, 1.70199996319e-07, 3.26884702417e-07, 7.38467690553e-07, 1.96017396092e-07, 3.27306139525e-07, 1.43611572412e-07, 1.04448858451e-07, 7.25401889667e-08, 2.71284534392e-07, 4.2856279947e-07, 5.76244246986e-07, 1.14171825771e-06, 1.90405467038e-06, 1.09854704533e-06, 7.72494161083e-07, 1.94293861e-07, 9.32345187721e-08, 3.52071367615e-08, 1.94589642177e-08, 1.85731685587e-09, 2.51885214075e-11], [3.94588917096e-10, 9.81881687068e-09, 3.92958625639e-08, 1.1871414074e-07, 5.85513021178e-07, 2.94366600428e-07, 4.13800371746e-08, 8.19642238525e-08, 1.96017396092e-07, 7.67989192241e-08, 1.02247007305e-07, 4.4423227763e-08, 3.24524194184e-08, 2.51204372859e-08, 7.84816549526e-08, 1.16198357603e-07, 1.67717374211e-07, 3.23488734466e-07, 5.42183840935e-07, 3.46120032191e-07, 2.32584710602e-07, 5.62373720925e-08, 2.67236206497e-08, 1.02520747447e-08, 5.8381401935e-09, 5.39466415983e-10, 8.32442274834e-12], [5.8075133591e-10, 1.98584046984e-08, 7.34716607553e-08, 2.08016757597e-07, 9.67556957221e-07, 4.81252641293e-07, 6.55169785091e-08, 1.25534640461e-07, 3.27306139525e-07, 1.02247007305e-07, 1.80847663955e-07, 7.08727938559e-08, 5.03854344913e-08, 3.54924658552e-08, 1.1998056948e-07, 1.94126485553e-07, 2.71756988468e-07, 5.08024470491e-07, 8.04486376182e-07, 5.39368500085e-07, 4.01850570597e-07, 9.28660455202e-08, 4.21654746674e-08, 1.76006285102e-08, 1.06057891358e-08, 9.57057877393e-10, 1.42539331033e-11], [2.72913580623e-10, 6.95195767619e-09, 2.7619472931e-08, 8.72326921808e-08, 4.59580604684e-07, 2.32567799685e-07, 3.24848627997e-08, 6.26721359254e-08, 1.43611572412e-07, 4.4423227763e-08, 7.08727938559e-08, 3.71670942911e-08, 2.43857289917e-08, 1.7268359187e-08, 5.76566847599e-08, 8.85191582256e-08, 1.22951448134e-07, 2.56475829019e-07, 4.01134627737e-07, 2.47633863637e-07, 1.78796057071e-07, 4.26575503809e-08, 2.10647641552e-08, 7.66529417717e-09, 4.16959844429e-09, 3.94227317457e-10, 5.44893600726e-12], [2.07583727985e-10, 5.9217630799e-09, 2.21566995862e-08, 6.18255171503e-08, 3.24217666048e-07, 1.64105884437e-07, 2.45863631676e-08, 4.44129568677e-08, 1.04448858451e-07, 3.24524194184e-08, 5.03854344913e-08, 2.43857289917e-08, 1.82916810587e-08, 1.25140360296e-08, 4.31181064187e-08, 6.27979375167e-08, 8.80291750605e-08, 1.77548315605e-07, 2.90839437866e-07, 1.78491305292e-07, 1.24808167357e-07, 3.10204768539e-08, 1.45759964099e-08, 5.50319123604e-09, 3.01589730967e-09, 2.78232104023e-10, 3.8478257039e-12], [1.57348467589e-10, 2.97100344326e-09, 1.26683818991e-08, 4.19500132409e-08, 2.31539686979e-07, 1.16882105772e-07, 1.66798450607e-08, 3.44646835515e-08, 7.25401889667e-08, 2.51204372859e-08, 3.54924658552e-08, 1.7268359187e-08, 1.25140360296e-08, 1.13483338282e-08, 3.11954728716e-08, 4.44386074605e-08, 6.04393974868e-08, 1.39483418593e-07, 2.22709033437e-07, 1.35718025263e-07, 9.20852443187e-08, 2.31241532589e-08, 1.12810054631e-08, 3.95106702911e-09, 2.04789296632e-09, 2.00042746257e-10, 2.96206678976e-12], [7.77227393556e-10, 1.38450104714e-08, 5.70355425111e-08, 1.75224570853e-07, 8.80391837654e-07, 4.64255833776e-07, 6.94208068808e-08, 1.20088685662e-07, 2.71284534392e-07, 7.84816549526e-08, 1.1998056948e-07, 5.76566847599e-08, 4.31181064187e-08, 3.11954728716e-08, 1.45636050775e-07, 1.72742943505e-07, 2.48258942293e-07, 4.75931329902e-07, 8.28283134524e-07, 4.6210809046e-07, 3.03333791862e-07, 7.45909929378e-08, 3.88121748074e-08, 1.30658168729e-08, 7.10020264805e-09, 6.71540045794e-10, 9.52052499337e-12], [8.56282655892e-10, 2.22019966856e-08, 8.85242386062e-08, 2.6470442549e-07, 1.36622747959e-06, 6.9456740448e-07, 9.50903711328e-08, 1.86492286502e-07, 4.2856279947e-07, 1.16198357603e-07, 1.94126485553e-07, 8.85191582256e-08, 6.27979375167e-08, 4.44386074605e-08, 1.72742943505e-07, 2.69743026138e-07, 3.7830844235e-07, 6.98092321727e-07, 1.18431205465e-06, 6.88367663315e-07, 4.64551902724e-07, 1.15783542753e-07, 5.79498582454e-08, 2.10977528781e-08, 1.19883267757e-08, 1.12097053862e-09, 1.57968412656e-11], [1.24257304446e-09, 3.0564649478e-08, 1.24824325098e-07, 3.65316395801e-07, 1.73590979102e-06, 8.9569488182e-07, 1.199418449e-07, 2.28701452443e-07, 5.76244246986e-07, 1.67717374211e-07, 2.71756988468e-07, 1.22951448134e-07, 8.80291750605e-08, 6.04393974868e-08, 2.48258942293e-07, 3.7830844235e-07, 5.95770586642e-07, 9.31395447878e-07, 1.69536440353e-06, 1.0207465948e-06, 6.24474580491e-07, 1.61034350299e-07, 7.6467536303e-08, 2.89878361315e-08, 1.75617849152e-08, 1.52366697037e-09, 2.38842660927e-11], [2.37661956781e-09, 4.86771760677e-08, 2.04053606012e-07, 6.76273032241e-07, 3.78928893952e-06, 1.92514494302e-06, 2.64880583245e-07, 5.4185971976e-07, 1.14171825771e-06, 3.23488734466e-07, 5.08024470491e-07, 2.56475829019e-07, 1.77548315605e-07, 1.39483418593e-07, 4.75931329902e-07, 6.98092321727e-07, 9.31395447878e-07, 2.1891137294e-06, 3.47750028595e-06, 1.9192173113e-06, 1.35659774969e-06, 3.34732050078e-07, 1.70751064843e-07, 5.70710199099e-08, 2.92220025955e-08, 2.96500357599e-09, 3.94348581567e-11], [4.41298597664e-09, 7.4723608634e-08, 3.40457290804e-07, 1.11897134047e-06, 5.9718599914e-06, 3.12079100695e-06, 4.73703465786e-07, 9.53436142481e-07, 1.90405467038e-06, 5.42183840935e-07, 8.04486376182e-07, 4.01134627737e-07, 2.90839437866e-07, 2.22709033437e-07, 8.28283134524e-07, 1.18431205465e-06, 1.69536440353e-06, 3.47750028595e-06, 6.59558281768e-06, 3.40187807524e-06, 2.10601069739e-06, 5.55630663257e-07, 2.6842192824e-07, 9.08046615677e-08, 4.71903724986e-08, 4.54844606423e-09, 6.22040960407e-11], [2.35537367388e-09, 5.49269607575e-08, 2.22955776508e-07, 6.65436402869e-07, 3.29309091285e-06, 1.68411736468e-06, 2.48012582915e-07, 4.75901458685e-07, 1.09854704533e-06, 3.46120032191e-07, 5.39368500085e-07, 2.47633863637e-07, 1.78491305292e-07, 1.35718025263e-07, 4.6210809046e-07, 6.88367663315e-07, 1.0207465948e-06, 1.9192173113e-06, 3.40187807524e-06, 2.10025086744e-06, 1.35116363253e-06, 3.38485193652e-07, 1.55904245958e-07, 5.89436410792e-08, 3.34129417467e-08, 2.9882221142e-09, 4.53056828165e-11], [1.44136591551e-09, 4.26911554996e-08, 1.60353692991e-07, 4.78457820918e-07, 2.37859990193e-06, 1.19151059153e-06, 1.69392038174e-07, 3.20732283399e-07, 7.72494161083e-07, 2.32584710602e-07, 4.01850570597e-07, 1.78796057071e-07, 1.24808167357e-07, 9.20852443187e-08, 3.03333791862e-07, 4.64551902724e-07, 6.24474580491e-07, 1.35659774969e-06, 2.10601069739e-06, 1.35116363253e-06, 1.04654952793e-06, 2.35984686014e-07, 1.10400712572e-07, 4.24607087268e-08, 2.38754918058e-08, 2.19684825886e-09, 3.07508567221e-11], [3.79235892689e-10, 1.07618705059e-08, 4.05005167181e-08, 1.12519757067e-07, 5.86019723414e-07, 2.94671679058e-07, 4.38044303053e-08, 8.35887377093e-08, 1.94293861e-07, 5.62373720925e-08, 9.28660455202e-08, 4.26575503809e-08, 3.10204768539e-08, 2.31241532589e-08, 7.45909929378e-08, 1.15783542753e-07, 1.61034350299e-07, 3.34732050078e-07, 5.55630663257e-07, 3.38485193652e-07, 2.35984686014e-07, 6.20798346063e-08, 2.70143267755e-08, 1.05067305967e-08, 5.77599257312e-09, 5.34854882606e-10, 7.59774014536e-12], [1.98430535892e-10, 4.25761959022e-09, 1.7373400496e-08, 5.64396778202e-08, 3.16367305686e-07, 1.59318119586e-07, 2.2025119506e-08, 4.4013486189e-08, 9.32345187721e-08, 2.67236206497e-08, 4.21654746674e-08, 2.10647641552e-08, 1.45759964099e-08, 1.12810054631e-08, 3.88121748074e-08, 5.79498582454e-08, 7.6467536303e-08, 1.70751064843e-07, 2.6842192824e-07, 1.55904245958e-07, 1.10400712572e-07, 2.70143267755e-08, 1.43778722261e-08, 4.91127716273e-09, 2.5555477734e-09, 2.53447984822e-10, 3.43633259868e-12], [6.54848952841e-11, 2.1097279479e-09, 7.73642749863e-09, 2.13411439631e-08, 1.08832210799e-07, 5.39727835758e-08, 7.7305184476e-09, 1.45837715237e-08, 3.52071367615e-08, 1.02520747447e-08, 1.76006285102e-08, 7.66529417717e-09, 5.50319123604e-09, 3.95106702911e-09, 1.30658168729e-08, 2.10977528781e-08, 2.89878361315e-08, 5.70710199099e-08, 9.08046615677e-08, 5.89436410792e-08, 4.24607087268e-08, 1.05067305967e-08, 4.91127716273e-09, 1.97444260941e-09, 1.11845122053e-09, 1.02649451439e-10, 1.51410850004e-12], [3.7540276443e-11, 1.30214838912e-09, 4.68263028353e-09, 1.25151036201e-08, 5.64117641488e-08, 2.77888361211e-08, 3.62213947724e-09, 6.75924693994e-09, 1.94589642177e-08, 5.8381401935e-09, 1.06057891358e-08, 4.16959844429e-09, 3.01589730967e-09, 2.04789296632e-09, 7.10020264805e-09, 1.19883267757e-08, 1.75617849152e-08, 2.92220025955e-08, 4.71903724986e-08, 3.34129417467e-08, 2.38754918058e-08, 5.77599257312e-09, 2.5555477734e-09, 1.11845122053e-09, 7.11898595629e-10, 6.14035974844e-11, 9.5092022364e-13], [3.66119591241e-12, 1.08348559291e-10, 4.03589744957e-10, 1.1694066826e-09, 5.77736569696e-09, 2.84413737006e-09, 3.62205432314e-10, 7.33355653981e-10, 1.85731685587e-09, 5.39466415983e-10, 9.57057877393e-10, 3.94227317457e-10, 2.78232104023e-10, 2.00042746257e-10, 6.71540045794e-10, 1.12097053862e-09, 1.52366697037e-09, 2.96500357599e-09, 4.54844606423e-09, 2.9882221142e-09, 2.19684825886e-09, 5.34854882606e-10, 2.53447984822e-10, 1.02649451439e-10, 6.14035974844e-11, 5.77667341045e-12, 8.49766153169e-14], [5.1405328426e-14, 1.46025650339e-12, 5.6384254904e-12, 1.66634900323e-11, 7.39963229579e-11, 3.63492187738e-11, 4.05314453875e-12, 8.64651059085e-12, 2.51885214075e-11, 8.32442274834e-12, 1.42539331033e-11, 5.44893600726e-12, 3.8478257039e-12, 2.96206678976e-12, 9.52052499337e-12, 1.57968412656e-11, 2.38842660927e-11, 3.94348581567e-11, 6.22040960407e-11, 4.53056828165e-11, 3.07508567221e-11, 7.59774014536e-12, 3.43633259868e-12, 1.51410850004e-12, 9.5092022364e-13, 8.49766153169e-14, 1.58104311198e-15]]
    },
    "mfcc": {
        "kurt": [-0.973551988602, -1.17430841923, -1.16813087463, 0.398636817932, -0.83583521843, -0.818373441696, -0.503115177155, -0.214691162109, -0.675069093704, -0.676275730133, -0.193466901779, 0.0143930912018, 0.476966619492],
        "max": [-477.944885254, 110.77155304, 41.5051002502, 65.9630813599, 19.5637283325, 14.4662246704, 36.5290298462, 18.0923862457, 28.4161262512, 25.38920784, 17.9857597351, 21.9042987823, 16.5154800415],
        "mean": [-844.128112793, 57.0681304932, -54.4722061157, 23.0647716522, -45.0675392151, -19.4420070648, 8.62861728668, -1.80504882336, 0.447152882814, 0.84929972887, -3.82478141785, 0.918263614178, -3.70999288559],
        "median": [-815.396728516, 60.3881607056, -82.306350708, 25.0231056213, -47.7889556885, -19.8656158447, 8.25748825073, -2.21732330322, -0.544240951538, -1.41624832153, -3.73793411255, 1.08148956299, -2.75805664062],
        "min": [-1138.42004395, -19.2270946503, -122.65486145, -28.6507949829, -85.5962677002, -55.7907676697, -23.5153198242, -17.8209075928, -27.097442627, -19.3339080811, -23.7618236542, -24.856710434, -28.2953701019],
        "skew": [-0.186987623572, -0.186030909419, 0.692831754684, -0.57404088974, 0.389488726854, 0.135398313403, -0.0564156807959, 0.233380496502, 0.146537810564, 0.373530596495, -0.0850274935365, -0.279500752687, -0.524907946587],
        "var": [26297.8085938, 934.134216309, 2639.67211914, 242.25, 565.305725098, 268.712097168, 141.296676636, 48.2744102478, 142.818450928, 93.7813415527, 53.5829658508, 71.8728408813, 51.6717529297],
        "cov": [[26396.6738281, -268.032409668, -5934.09375, 392.955078125, -2192.29248047, -1166.80029297, -1366.01953125, 36.5401687622, -1560.68725586, -1200.07019043, -54.3174819946, -841.469055176, -549.268676758], [-268.032409668, 937.645996094, -328.610626221, -164.623626709, -237.807510376, -253.283859253, 3.61025667191, -28.7393264771, 15.1532592773, -37.2308082581, 67.9262313843, 36.0968894958, 32.017036438], [-5934.09375, -328.610626221, 2649.59570312, 210.960342407, 1070.2845459, 643.361938477, 376.932403564, 46.0350074768, 443.299194336, 356.587310791, -119.205619812, 128.529327393, 108.375358582], [392.955078125, -164.623626709, 210.960342407, 243.160720825, 115.225242615, 137.267044067, -22.5136737823, -4.91266107559, -21.3012828827, -2.54253292084, -52.2219772339, -48.389919281, -20.7067070007], [-2192.29248047, -237.807510376, 1070.2845459, 115.225242615, 567.430908203, 275.930328369, 143.445236206, 22.7359619141, 177.88104248, 142.676818848, -53.4083175659, 32.5373077393, 47.4217720032], [-1166.80029297, -253.283859253, 643.361938477, 137.267044067, 275.930328369, 269.722290039, 101.660148621, 14.6590080261, 89.0179519653, 79.7655029297, -45.8515586853, 10.4114360809, -4.09303569794], [-1366.01953125, 3.61025667191, 376.932403564, -22.5136737823, 143.445236206, 101.660148621, 141.827865601, 21.4052581787, 105.431243896, 71.2324752808, 3.02889108658, 44.3921928406, 16.4816608429], [36.5401687622, -28.7393264771, 46.0350074768, -4.91266107559, 22.7359619141, 14.6590080261, 21.4052581787, 48.4558944702, 13.5428104401, 10.3972043991, -0.916530668736, 3.376973629, -3.76770544052], [-1560.68725586, 15.1532592773, 443.299194336, -21.3012828827, 177.88104248, 89.0179519653, 105.431243896, 13.5428104401, 143.355361938, 87.4455337524, 2.85877990723, 47.6391716003, 32.5941200256], [-1200.07019043, -37.2308082581, 356.587310791, -2.54253292084, 142.676818848, 79.7655029297, 71.2324752808, 10.3972043991, 87.4455337524, 94.1339035034, 1.99658501148, 43.1305389404, 28.5391750336], [-54.3174819946, 67.9262313843, -119.205619812, -52.2219772339, -53.4083175659, -45.8515586853, 3.02889108658, -0.916530668736, 2.85877990723, 1.99658501148, 53.7844085693, 27.8880119324, 11.9141759872], [-841.469055176, 36.0968894958, 128.529327393, -48.389919281, 32.5373077393, 10.4114360809, 44.3921928406, 3.376973629, 47.6391716003, 43.1305389404, 27.8880119324, 72.1430435181, 36.7652511597], [-549.268676758, 32.017036438, 108.375358582, -20.7067070007, 47.4217720032, -4.09303569794, 16.4816608429, -3.76770544052, 32.5941200256, 28.5391750336, 11.9141759872, 36.7652511597, 51.8660087585]]
    },
    "sccoeffs": {
        "kurt": [3.65758275986, -0.184894800186, 0.553553104401, -0.151542901993, 0.24480676651, -0.969436407089],
        "max": [-0.386214286089, -0.683622837067, -0.695633113384, -0.722941875458, -0.698309838772, -0.550804495811],
        "mean": [-0.788073301315, -0.825823068619, -0.835108220577, -0.845930099487, -0.81944257021, -0.712215721607],
        "median": [-0.803132653236, -0.822106122971, -0.836101174355, -0.841575920582, -0.819753050804, -0.729975938797],
        "min": [-0.92282897234, -0.988362431526, -0.941809475422, -0.931273698807, -0.904919028282, -0.863129019737],
        "skew": [1.53224146366, 0.0207767896354, 0.358919024467, 0.141005262733, 0.218109473586, 0.407181441784],
        "var": [0.00637773796916, 0.00283425441012, 0.0014327627141, 0.00150004168972, 0.00110759818926, 0.00560277793556],
        "cov": [[0.00640171440318, 0.00110151898116, 0.00148521282244, 0.00120366667397, 0.00136684218887, 0.000940454949159], [0.00110151898116, 0.00284490943886, 0.000956255360506, 0.00110472575761, 0.000266556075076, 0.00188543647528], [0.00148521282244, 0.000956255360506, 0.00143814901821, 0.000732265471015, 0.000388151907828, 0.00121033599135], [0.00120366667397, 0.00110472575761, 0.000732265471015, 0.00150568084791, 0.000483061739942, 0.00136933580507], [0.00136684218887, 0.000266556075076, 0.000388151907828, 0.000483061739942, 0.0011117621325, 0.000246656331001], [0.000940454949159, 0.00188543647528, 0.00121033599135, 0.00136933580507, 0.000246656331001, 0.00562384119257]]
    },
    "scvalleys": {
        "kurt": [4.08929109573, -0.175746679306, -0.0121142864227, -0.677553415298, -0.871695041656, -1.18076479435],
        "max": [-4.67605257034, -3.97540926933, -4.48110723495, -5.02905321121, -4.65790605545, -6.56275367737],
        "mean": [-9.1031999588, -7.83822441101, -7.58499240875, -8.5534362793, -8.03528404236, -11.3735589981],
        "median": [-9.27767753601, -7.39543819427, -6.84341192245, -7.83767080307, -7.43429422379, -12.0877323151],
        "min": [-14.3307619095, -13.3029241562, -14.6785135269, -15.1051101685, -14.7953214645, -15.9415712357],
        "skew": [1.05565392971, -0.420440077782, -0.988281369209, -0.689423561096, -0.580011844635, 0.389249712229],
        "var": [1.27091515064, 2.55394935608, 3.42116069794, 3.99178743362, 4.08147716522, 4.66813182831],
        "cov": [[1.27569305897, 1.16031527519, 1.14893174171, 1.33092391491, 1.37326896191, 1.75591731071], [1.16031527519, 2.56355071068, 2.79211115837, 3.01992678642, 3.01665949821, 2.37564992905], [1.14893174171, 2.79211115837, 3.43402218819, 3.60535979271, 3.59298396111, 2.69374442101], [1.33092391491, 3.01992678642, 3.60535979271, 4.00679397583, 4.00040721893, 3.23903369904], [1.37326896191, 3.01665949821, 3.59298396111, 4.00040721893, 4.0968208313, 3.46249222755], [1.75591731071, 2.37564992905, 2.69374442101, 3.23903369904, 3.46249222755, 4.68568134308]]
    }
},
"rhythm": {
    "beats_loudness": {
        "kurt": 1.05797815323,
        "max": 0.00987579301,
        "mean": 0.00243944209069,
        "median": 0.0012531458633,
        "min": 1.13732676255e-06,
        "skew": 1.46418476105,
        "var": 9.38630546443e-06
    },
    "bpm": 97.5386123657,
    "confidence": 0,
    "first_peak_bpm": {
        "kurt": 0,
        "max": 96,
        "mean": 96,
        "median": 96,
        "min": 96,
        "skew": 0,
        "var": 0
    },
    "first_peak_spread": {
        "kurt": 0,
        "max": 0.571428537369,
        "mean": 0.571428537369,
        "median": 0.571428537369,
        "min": 0.571428537369,
        "skew": 0,
        "var": 0
    },
    "first_peak_weight": {
        "kurt": 0,
        "max": 0.375,
        "mean": 0.375,
        "median": 0.375,
        "min": 0.375,
        "skew": 0,
        "var": 0
    },
    "onset_rate": 1.62338268757,
    "second_peak_bpm": {
        "kurt": 0,
        "max": 103,
        "mean": 103,
        "median": 103,
        "min": 103,
        "skew": 0,
        "var": 0
    },
    "second_peak_spread": {
        "kurt": 0,
        "max": 0,
        "mean": 0,
        "median": 0,
        "min": 0,
        "skew": 0,
        "var": 0
    },
    "second_peak_weight": {
        "kurt": 0,
        "max": 0.125,
        "mean": 0.125,
        "median": 0.125,
        "min": 0.125,
        "skew": 0,
        "var": 0
    },
    "beats_loudness_band_ratio": {
        "kurt": [0.44362950325, 2.72306442261, -1.00615334511, 2.56892156601, -1.26455557346, -1.33849644661],
        "max": [0.603978574276, 0.182140350342, 0.295764178038, 0.301905840635, 0.303950846195, 0.655383884907],
        "mean": [0.134031355381, 0.0455146171153, 0.123654231429, 0.10464232415, 0.183737576008, 0.43033438921],
        "median": [0.0163780339062, 0.0280426666141, 0.0773593112826, 0.0905559137464, 0.192754000425, 0.498827248812],
        "min": [0.00320426537655, 0.00908943265676, 0.0171031411737, 0.0424779988825, 0.012204380706, 0.105996496975],
        "skew": [1.39795672894, 2.01282286644, 0.704984426498, 1.90003693104, -0.468974500895, -0.494206160307],
        "var": [0.0417079739273, 0.00261804414913, 0.00960869621485, 0.00555956736207, 0.0116150407121, 0.0378040447831],
        "cov": [[0.0469214692712, 0.0109555236995, -0.000132423927425, -0.00606820080429, -0.0169297289103, -0.0324315913022], [0.0109555236995, 0.00294529972598, -0.00132508622482, -0.00149843154941, -0.00274256872945, -0.00767763331532], [-0.000132423927425, -0.00132508622482, 0.0108097828925, 0.00539392977953, -0.0055357418023, -0.00957591738552], [-0.00606820080429, -0.00149843154941, 0.00539392977953, 0.00625451328233, 0.00104650482535, -0.00518428720534], [-0.0169297289103, -0.00274256872945, -0.0055357418023, 0.00104650482535, 0.0130669204518, 0.0105624916032], [-0.0324315913022, -0.00767763331532, -0.00957591738552, -0.00518428720534, 0.0105624916032, 0.0425295494497]]
    },
    "beats_position": [0.626938760281, 1.20743763447, 1.8111563921, 2.43809509277, 3.04181408882, 3.64553284645, 4.27247142792, 4.8994102478, 5.51473903656],
    "bpm_estimates": [99.3840255737, 95.7031326294, 99.3839874268, 99.3840255737, 95.7031555176, 95.7031173706, 97.5088424683],
    "bpm_intervals": [0.580498874187, 0.603718757629, 0.626938700676, 0.603718996048, 0.603718757629, 0.626938581467, 0.626938819885, 0.615328788757],
    "onset_times": [0.0348299331963, 0.638548731804, 0.743038535118, 1.20743763447, 1.79954648018, 2.43809533119, 3.04181408882, 3.64553284645, 3.76163268089, 4.3073015213],
    "histogram": [[0, 0, 0, 0, 0, 0, 0, 0, 0, 0, 0, 0, 0, 0, 0, 0, 0, 0, 0, 0, 0, 0, 0, 0, 0, 0, 0, 0, 0, 0, 0, 0, 0, 0, 0, 0, 0, 0, 0, 0, 0, 0, 0, 0, 0, 0, 0, 0, 0, 0, 0, 0, 0, 0, 0, 0, 0, 0, 0, 0, 0, 0, 0, 0, 0, 0, 0, 0, 0, 0, 0, 0, 0, 0, 0, 0, 0, 0, 0, 0, 0, 0, 0, 0, 0, 0, 0, 0, 0, 0, 0, 0, 0, 0, 0, 0, 0.375, 0, 0.125, 0.375, 0, 0, 0, 0.125, 0, 0, 0, 0, 0, 0, 0, 0, 0, 0, 0, 0, 0, 0, 0, 0, 0, 0, 0, 0, 0, 0, 0, 0, 0, 0, 0, 0, 0, 0, 0, 0, 0, 0, 0, 0, 0, 0, 0, 0, 0, 0, 0, 0, 0, 0, 0, 0, 0, 0, 0, 0, 0, 0, 0, 0, 0, 0, 0, 0, 0, 0, 0, 0, 0, 0, 0, 0, 0, 0, 0, 0, 0, 0, 0, 0, 0, 0, 0, 0, 0, 0, 0, 0, 0, 0, 0, 0, 0, 0, 0, 0, 0, 0, 0, 0, 0, 0, 0, 0, 0, 0, 0, 0, 0, 0, 0, 0, 0, 0, 0, 0, 0, 0, 0, 0, 0, 0, 0, 0, 0, 0, 0, 0, 0, 0, 0, 0, 0, 0, 0, 0, 0, 0, 0, 0, 0, 0, 0, 0, 0, 0, 0, 0, 0, 0]]
},
"sfx": {
    "inharmonicity": {
        "kurt": 7.54617023468,
        "max": 0.328415066004,
        "mean": 0.0266960542649,
        "median": 0,
        "min": 0,
        "skew": 2.86684703827,
        "var": 0.00452476833016
    },
    "oddtoevenharmonicenergyratio": {
        "kurt": 10.5765295029,
        "max": 2.66769313812,
        "mean": 0.170461654663,
        "median": 0,
        "min": 0,
        "skew": 3.14215946198,
        "var": 0.189482301474
    },
    "pitch_after_max_to_before_max_energy_ratio": 0.483352035284,
    "pitch_centroid": 138.433547974,
    "pitch_max_to_total": 0.797752797604,
    "pitch_min_to_total": 0.382022470236,
    "tristimulus": {
        "kurt": [0.712936162949, 1.51640367508, 3.81189203262],
        "max": [1, 0.631569325924, 0.974798440933],
        "mean": [0.819810688496, 0.0772707164288, 0.102918624878],
        "median": [1, 0, 0],
        "min": [0, 0, 0],
        "skew": [-1.54214787483, 1.72427940369, 2.17249917984],
        "var": [0.115035243332, 0.0229748841375, 0.0471503138542],
        "cov": [[0.115467712283, -0.0456006675959, -0.0698669850826], [-0.0456006675959, 0.0230612549931, 0.0225394740701], [-0.0698669850826, 0.0225394740701, 0.0473275706172]]
    }
},
"tonal": {
    "chords_changes_rate": 0.119402982295,
    "chords_number_rate": 0.0373134315014,
    "chords_strength": {
        "kurt": 0.302970170975,
        "max": 0.447717815638,
        "mean": 0.381525695324,
        "median": 0.389264494181,
        "min": 0.264800339937,
        "skew": -0.76219367981,
        "var": 0.00133736163843
    },
    "key_strength": 0.257341116667,
    "tuning_diatonic_strength": 0.265331596136,
    "tuning_equal_tempered_deviation": 0.23960532248,
    "tuning_frequency": 436.204162598,
    "tuning_nontempered_energy_ratio": 0.890335977077,
    "hpcp": {
        "kurt": [-1.05138218403, -1.15608978271, -0.982178688049, -0.977082252502, -0.645638227463, -0.516319274902, -0.138094425201, -0.419643163681, -0.0195815563202, 0.0936410427094, -0.157012701035, 0.513056993484, 0.284246444702, 0.508948564529, -0.0813167095184, -0.472254276276, 1.04621505737, 0.676094293594, 1.64439201355, 4.83674097061, 5.08384990692, 2.74712276459, 0.995247602463, 0.419272422791, -0.0270841121674, 1.10938549042, 0.573284864426, 0.355093479156, -0.138352394104, -0.164279460907, -0.997558116913, -1.08354234695, -1.25299870968, -1.21259844303, -1.09054863453, -0.929472923279],
        "max": [1, 1, 1, 1, 1, 1, 1, 1, 1, 1, 1, 1, 0.952032983303, 1, 0.924873888493, 0.835647404194, 1, 1, 1, 1, 1, 1, 1, 1, 1, 1, 1, 1, 1, 1, 1, 1, 1, 1, 1, 1],
        "mean": [0.458763718605, 0.468731880188, 0.500427901745, 0.495760113001, 0.481537491083, 0.473646938801, 0.4600943923, 0.465237259865, 0.474167793989, 0.438918739557, 0.410998284817, 0.414782583714, 0.388830929995, 0.39224037528, 0.413114666939, 0.384617805481, 0.396654397249, 0.413502961397, 0.347570896149, 0.260871917009, 0.228424429893, 0.276856660843, 0.328331559896, 0.366322547197, 0.383076429367, 0.341402053833, 0.318838179111, 0.32421028614, 0.360411554575, 0.411331146955, 0.43310290575, 0.46198323369, 0.479646354914, 0.531529724598, 0.569135665894, 0.511181175709],
        "median": [0.478193163872, 0.478848695755, 0.488026201725, 0.47269192338, 0.487813442945, 0.455198407173, 0.421354800463, 0.411038756371, 0.435997605324, 0.402178108692, 0.382776558399, 0.401106834412, 0.37478518486, 0.37378051877, 0.402078688145, 0.347573816776, 0.352022409439, 0.366647005081, 0.303941935301, 0.220009997487, 0.199439018965, 0.244558975101, 0.28858679533, 0.33076775074, 0.354463338852, 0.305550396442, 0.294998109341, 0.306039214134, 0.355969727039, 0.400752544403, 0.424650877714, 0.458861470222, 0.527527391911, 0.530961036682, 0.632084906101, 0.537516951561],
