{
"metadata": {
    "version": {
        "essentia": "2.1-beta3"
    }
},
"lowLevel": {
    "average_loudness": 0.99068403244,
    "barkbands_kurtosis": {
        "kurt": 10.6257429123,
        "max": 7.73586273193,
        "mean": -0.219264954329,
        "median": -0.822682738304,
        "min": -1.58610606194,
        "skew": 2.92801499367,
        "var": 2.89287209511
    },
    "barkbands_skewness": {
        "kurt": 4.51940774918,
        "max": 1.72408473492,
        "mean": 0.596889555454,
        "median": 0.558791279793,
        "min": -2.19563293457,
        "skew": -1.58418393135,
        "var": 0.501638948917
    },
    "barkbands_spread": {
        "kurt": 3.27960968018,
        "max": 54.6464195251,
        "mean": 21.1793308258,
        "median": 19.7893238068,
        "min": 6.83067560196,
        "skew": 1.58841967583,
        "var": 84.3374862671
    },
    "dissonance": {
        "kurt": 0.579108953476,
        "max": 0.499999970198,
        "mean": 0.48200199008,
        "median": 0.486847102642,
        "min": 0.43876761198,
        "skew": -1.1651160717,
        "var": 0.000248190277489
    },
    "hfc": {
        "kurt": 7.39749908447,
        "max": 554.862243652,
        "mean": 54.7075195312,
        "median": 0.669474422932,
        "min": 2.16680784426e-09,
        "skew": 2.79133558273,
        "var": 14844.7519531
    },
    "pitch": {
        "kurt": 4.37481689453,
        "max": 4312.23974609,
        "mean": 776.157836914,
        "median": 503.018127441,
        "min": 78.8008346558,
        "skew": 2.39664125443,
        "var": 1070469.125
    },
    "pitch_instantaneous_confidence": {
        "kurt": 0.978842735291,
        "max": 0.437860846519,
        "mean": 0.241145685315,
        "median": 0.232377916574,
        "min": 0.136405646801,
        "skew": 1.04918134212,
        "var": 0.00450681615621
    },
    "pitch_salience": {
        "kurt": 1.05434894562,
        "max": 0.910656809807,
        "mean": 0.786123931408,
        "median": 0.791514277458,
        "min": 0.681284785271,
        "skew": -0.000949565262999,
        "var": 0.00191257835831
    },
    "silence_rate_20dB": {
        "kurt": 0,
        "max": 1,
        "mean": 1,
        "median": 1,
        "min": 1,
        "skew": 0,
        "var": 0
    },
    "silence_rate_30dB": {
        "kurt": 7.09090614319,
        "max": 1,
        "mean": 0.916666686535,
        "median": 1,
        "min": 0,
        "skew": -3.01511740685,
        "var": 0.0763888657093
    },
    "silence_rate_60dB": {
        "kurt": -1.88571345806,
        "max": 1,
        "mean": 0.583333313465,
        "median": 1,
        "min": 0,
        "skew": -0.338062047958,
        "var": 0.243055507541
    },
    "spectral_centroid": {
        "kurt": 18.245256424,
        "max": 7497.11621094,
        "mean": 1603.30444336,
        "median": 1386.38183594,
        "min": 843.364746094,
        "skew": 4.10267591476,
        "var": 1264747.75
    },
    "spectral_complexity": {
        "kurt": -1.17788922787,
        "max": 62,
        "mean": 18.8055553436,
        "median": 2.5,
        "min": 0,
        "skew": 0.746122956276,
        "var": 559.434143066
    },
    "spectral_crest": {
        "kurt": -0.790571689606,
        "max": 10.3524856567,
        "mean": 6.17557525635,
        "median": 6.22434282303,
        "min": 2.89901590347,
        "skew": 0.256531149149,
        "var": 3.46684241295
    },
    "spectral_decrease": {
        "kurt": 3.47664928436,
        "max": -2.45035535142e-20,
        "mean": -6.00899552339e-09,
        "median": -1.27412580486e-10,
        "min": -4.59165399036e-08,
        "skew": -2.12624502182,
        "var": 1.37530463245e-16
    },
    "spectral_energy": {
        "kurt": 3.8782377243,
        "max": 0.211327344179,
        "mean": 0.0276414584368,
        "median": 0.000541607267223,
        "min": 2.89017941524e-13,
        "skew": 2.20874118805,
        "var": 0.00302209355868
    },
    "spectral_energyband_high": {
        "kurt": 19.0580711365,
        "max": 0.070546798408,
        "mean": 0.00419745827094,
        "median": 1.14735012176e-05,
        "min": 2.56655319827e-13,
        "skew": 4.2952914238,
        "var": 0.000157635033247
    },
    "spectral_energyband_low": {
        "kurt": 8.62287330627,
        "max": 0.00870712660253,
        "mean": 0.000701194861904,
        "median": 1.45122248796e-06,
        "min": 4.50223554803e-17,
        "skew": 3.15356898308,
        "var": 4.06432809541e-06
    },
    "spectral_energyband_middle_high": {
        "kurt": 3.67166900635,
        "max": 0.101195178926,
        "mean": 0.0128450822085,
        "median": 0.000202668044949,
        "min": 3.07982907569e-14,
        "skew": 2.16632914543,
        "var": 0.000642652215902
    },
    "spectral_energyband_middle_low": {
        "kurt": 3.76624679565,
        "max": 0.0814093276858,
        "mean": 0.0104892998934,
        "median": 0.000329145404976,
        "min": 1.21204877274e-15,
        "skew": 2.14664840698,
        "var": 0.000397853524191
    },
    "spectral_flatness_db": {
        "kurt": 0.593647003174,
        "max": 0.212200015783,
        "mean": 0.163828849792,
        "median": 0.174264714122,
        "min": 0.0514784827828,
        "skew": -1.24106955528,
        "var": 0.00165252515581
    },
    "spectral_flux": {
        "kurt": 1.68782138824,
        "max": 0.448343813419,
        "mean": 0.0785691589117,
        "median": 0.018305785954,
        "min": 6.66697133056e-06,
        "skew": 1.60718536377,
        "var": 0.0127536309883
    },
    "spectral_kurtosis": {
        "kurt": 0.887294769287,
        "max": 22.2657718658,
        "mean": 6.65882253647,
        "median": 4.06175136566,
        "min": 0.0746948719025,
        "skew": 1.4215695858,
        "var": 35.5855522156
    },
    "spectral_rms": {
        "kurt": 0.82527089119,
        "max": 0.0143587263301,
        "mean": 0.00301139638759,
        "median": 0.00072690739762,
        "min": 1.67919242955e-08,
        "skew": 1.44943523407,
        "var": 1.78987684194e-05
    },
    "spectral_rolloff": {
        "kurt": 6.77881717682,
        "max": 9302.34375,
        "mean": 2990.125,
        "median": 2788.54980469,
        "min": 1012.06054688,
        "skew": 2.42105650902,
        "var": 2557192.75
    },
    "spectral_skewness": {
        "kurt": 0.737951040268,
        "max": 3.52791142464,
        "mean": 1.66522812843,
        "median": 1.40360069275,
        "min": 0.75830668211,
        "skew": 1.31900525093,
        "var": 0.540160655975
    },
    "spectral_spread": {
        "kurt": 9.65287971497,
        "max": 26090152,
        "mean": 4707920,
        "median": 2783266.5,
        "min": 2264986,
        "skew": 3.22144389153,
        "var": 2.56132786422e+13
    },
    "spectral_strongpeak": {
        "kurt": 8.0284318924,
        "max": 2.6047949791,
        "mean": 0.352534085512,
        "median": 0.0897339954972,
        "min": 1.84193038422e-06,
        "skew": 2.54422831535,
        "var": 0.262149006128
    },
    "zerocrossingrate": {
        "kurt": 15.9420223236,
        "max": 0.4619140625,
        "mean": 0.0939534530044,
        "median": 0.078369140625,
        "min": 0.03271484375,
        "skew": 3.95027160645,
        "var": 0.00537916505709
    },
    "barkbands": {
        "kurt": [28.2365665436, 21.9714069366, 12.52734375, 16.5266742706, 9.17949485779, 17.6142177582, 14.936876297, 9.25528144836, 0.407534599304, 8.04524612427, 18.3004837036, 6.48822593689, 4.70247268677, 11.1385173798, 2.48413705826, 3.73155450821, 6.58981704712, 3.60798215866, 11.2225961685, 15.7784767151, 21.029756546, 8.55278968811, 22.2456512451, 20.5836715698, 23.3986339569, 24.1866416931, 28.5914325714],
        "max": [0.000284101202851, 0.00475799664855, 0.00361028010957, 0.0100663630292, 0.0201209802181, 0.0152868032455, 0.029357727617, 0.0194784216583, 0.012722237967, 0.0177059210837, 0.0154583277181, 0.0067412010394, 0.00390651961789, 0.00719724176452, 0.00432112440467, 0.00866083055735, 0.015732197091, 0.0141089810058, 0.0207711458206, 0.0445231683552, 0.0374254584312, 0.00415893690661, 0.00232955091633, 0.00100976263639, 0.000610631715972, 4.55088666058e-05, 1.11027338789e-06],
        "mean": [1.06236775537e-05, 0.000216545347939, 0.000253152596997, 0.000543046218809, 0.00156868295744, 0.00107282563113, 0.00204716948792, 0.00187574326992, 0.00261867954396, 0.00181277887896, 0.00105072383303, 0.00068315374665, 0.000452820095234, 0.000600397936068, 0.000661106081679, 0.00116067018826, 0.00164412148297, 0.00191567302682, 0.00185042084195, 0.0029188701883, 0.00212328811176, 0.000359755154932, 0.000120082353533, 5.08159246237e-05, 2.82949513348e-05, 2.00466183742e-06, 4.1575063392e-08],
        "median": [3.15782644478e-09, 3.06950255435e-07, 7.13859435564e-07, 6.70882798204e-07, 1.02044614323e-05, 4.01297947974e-05, 9.84350626823e-05, 8.20342902443e-05, 0.000102544421679, 3.7906527723e-05, 1.66463796631e-05, 8.32680507301e-06, 7.53660879127e-06, 1.58058592206e-05, 2.10353737202e-05, 1.78158079507e-05, 1.93197556655e-05, 3.57807221008e-05, 2.51225792454e-05, 1.6873502318e-05, 5.8081836869e-06, 7.48889874558e-07, 7.2743468138e-08, 7.87965692695e-09, 1.72690794997e-09, 1.18855397746e-10, 1.03113802219e-11],
        "min": [3.95110264211e-19, 1.2076089172e-17, 1.53986503539e-17, 4.79568878912e-17, 1.38333728411e-16, 1.15822067598e-16, 2.85200228505e-16, 1.5022016823e-16, 4.08650674826e-16, 3.50940705473e-16, 1.05546763854e-15, 2.03066355286e-16, 5.3410880099e-16, 1.08767956037e-15, 2.51332060802e-15, 2.57742702608e-15, 5.07563021357e-15, 1.07507310549e-14, 6.47020728079e-15, 5.00039494725e-16, 9.79646543059e-15, 6.037264601e-14, 5.43113595547e-14, 9.0371524012e-14, 2.8794065114e-14, 4.27804239109e-15, 8.59422836987e-15],
        "skew": [5.40188312531, 4.72214317322, 3.49803066254, 4.15979862213, 3.19222688675, 4.03015518188, 3.8015332222, 3.13732361794, 1.46515405178, 2.77267837524, 4.1405916214, 2.59668517113, 2.36285614967, 3.3624689579, 1.83862924576, 2.22966170311, 2.68746805191, 2.18335080147, 3.15923428535, 3.93528795242, 4.50920772552, 3.0356528759, 4.67197322845, 4.51661348343, 4.83014154434, 4.92070674896, 5.44158935547],
        "var": [2.23095630858e-09, 6.95001801887e-07, 4.91837454319e-07, 3.60494482265e-06, 1.89382299141e-05, 7.45042689232e-06, 2.99776020256e-05, 1.78528189281e-05, 1.88198282558e-05, 1.33546009238e-05, 7.53289896238e-06, 2.1573473532e-06, 8.79350523064e-07, 2.11596579902e-06, 1.29939894578e-06, 5.55206133868e-06, 1.29668151203e-05, 1.44166242535e-05, 1.60585059348e-05, 6.83670805302e-05, 4.25251018896e-05, 8.19219110326e-07, 1.62429969919e-07, 3.18457722415e-08, 1.1035862002e-08, 6.0617490194e-11, 3.38720886192e-14],
        "cov": [[2.29469798718e-09, 3.86447212009e-08, 1.66178448779e-08, 2.47122553532e-08, 1.38435652275e-07, 4.76985348996e-08, 1.72273963983e-08, 2.88960571027e-08, 3.93728143422e-08, 2.62310670962e-08, 2.26020038241e-08, 3.92169496877e-08, 3.39876287114e-08, 2.05333847703e-08, 1.79378414344e-08, 4.08419005282e-08, 5.46579492777e-08, 1.21996464486e-07, 8.22714483206e-08, 8.87143656314e-08, 7.87835503502e-08, 2.10807460377e-08, 4.94196417122e-09, 2.54915666353e-09, 1.40724421005e-09, 1.22837059968e-10, 2.00811199266e-12], [3.86447212009e-08, 7.14858970241e-07, 4.05253331337e-07, 5.33397042091e-07, 2.16621151594e-06, 8.06247612672e-07, 8.21289347641e-07, 3.47690672697e-07, 9.84483222055e-07, 1.09435825379e-06, 4.98576071095e-07, 7.22479285287e-07, 6.15755141098e-07, 3.12415124881e-07, 3.37074055778e-07, 8.9468699116e-07, 1.0248096487e-06, 2.31409126172e-06, 1.37399740652e-06, 3.00067904391e-06, 2.68397661785e-06, 4.81019867493e-07, 1.67747998603e-07, 7.83868685517e-08, 4.58676332471e-08, 3.75159681099e-09, 7.67262989254e-11], [1.66178448779e-08, 4.05253331337e-07, 5.0588994327e-07, 1.03082436453e-06, 1.72596253378e-06, 1.2451891962e-06, 2.162982355e-06, 1.34650258587e-06, 1.9307567527e-06, 2.05884975912e-06, 7.68085499203e-07, 8.31615352581e-07, 5.27595659605e-07, 5.31364094059e-07, 5.00492262745e-07, 1.34100969262e-06, 1.67067264556e-06, 2.26146289606e-06, 1.85880401204e-06, 5.49782225789e-06, 4.41033625975e-06, 6.24187123321e-07, 2.70476817832e-07, 1.21644163187e-07, 7.15799046702e-08, 5.29697041785e-09, 1.19521892383e-10], [2.47122553532e-08, 5.33397042091e-07, 1.03082436453e-06, 3.70794327864e-06, 6.25714483249e-06, 4.92840808874e-06, 2.69522411145e-06, 5.44229169464e-06, 4.75497972729e-06, 4.00074122808e-06, 2.00999670597e-06, 2.4670446237e-06, 1.238764753e-06, 2.20970741793e-06, 1.49757454437e-06, 3.627844535e-06, 5.52854680791e-06, 5.71118289372e-06, 6.65569814373e-06, 1.31978249556e-05, 9.15133477974e-06, 1.54740007474e-06, 5.64711626794e-07, 2.71343878921e-07, 1.49855281961e-07, 1.04210231555e-08, 2.15909651269e-10], [1.38435652275e-07, 2.16621151594e-06, 1.72596253378e-06, 6.25714483249e-06, 1.9479321054e-05, 1.04945702333e-05, 4.93889228892e-06, 1.27803277792e-05, 1.07289170046e-05, 6.09784319749e-06, 7.68982317823e-06, 5.98390806772e-06, 3.59093246516e-06, 5.85894122196e-06, 4.07151583204e-06, 8.4670364231e-06, 1.39680460052e-05, 1.44726400322e-05, 1.60504423548e-05, 1.9431081455e-05, 1.25852593555e-05, 2.9226564493e-06, 7.5560183177e-07, 3.66614045788e-07, 1.83794156783e-07, 1.26414549939e-08, 1.90160651115e-10], [4.76985348996e-08, 8.06247612672e-07, 1.2451891962e-06, 4.92840808874e-06, 1.04945702333e-05, 7.66329594626e-06, 4.52867197964e-06, 9.61706155067e-06, 8.39523363538e-06, 5.74098248762e-06, 3.77368041882e-06, 3.85358225685e-06, 2.06707773032e-06, 3.65780465472e-06, 2.62838602794e-06, 5.45443981537e-06, 8.82560379978e-06, 9.05042179511e-06, 1.08696958705e-05, 1.58464372362e-05, 1.02030089693e-05, 2.04722664421e-06, 6.10859501649e-07, 2.98150155231e-07, 1.56938980922e-07, 1.05627924185e-08, 1.9446241839e-10], [1.72273963983e-08, 8.21289347641e-07, 2.162982355e-06, 2.69522411145e-06, 4.93889228892e-06, 4.52867197964e-06, 3.08341041091e-05, 1.56744990818e-05, 1.70137736859e-05, 1.19324495245e-05, 5.3450858104e-06, 3.89041815652e-06, 2.67524364972e-06, 2.98478926197e-06, 3.57455155608e-06, 7.29933208277e-06, 9.79670312518e-06, 9.60511715675e-06, 1.01653276943e-05, 2.10034631891e-05, 1.70457115019e-05, 2.30787190958e-06, 9.29775922032e-07, 3.70037554376e-07, 2.30775754062e-07, 1.5791089325e-08, 3.71726510684e-10], [2.88960571027e-08, 3.47690672697e-07, 1.34650258587e-06, 5.44229169464e-06, 1.27803277792e-05, 9.61706155067e-06, 1.56744990818e-05, 1.83628981176e-05, 1.4836592527e-05, 7.52536743676e-06, 5.64522360946e-06, 5.06837750436e-06, 2.82369956039e-06, 5.24613278685e-06, 4.0886370698e-06, 7.53324957259e-06, 1.2668092495e-05, 1.12922853077e-05, 1.54191766342e-05, 1.63946224347e-05, 9.64486298471e-06, 2.23362462748e-06, 5.07278400619e-07, 2.40875408508e-07, 1.21750218796e-07, 6.762935989e-09, 9.31351315514e-11], [3.93728143422e-08, 9.84483222055e-07, 1.9307567527e-06, 4.75497972729e-06, 1.07289170046e-05, 8.39523363538e-06, 1.70137736859e-05, 1.4836592527e-05, 1.93575378944e-05, 1.37347187774e-05, 7.83470750321e-06, 4.98571398566e-06, 3.0186922686e-06, 4.67809513793e-06, 4.6715526878e-06, 8.88722388481e-06, 1.28389556266e-05, 1.29608688439e-05, 1.42303324537e-05, 2.44906332227e-05, 1.7603402739e-05, 2.79548930848e-06, 9.98610630631e-07, 4.22525062049e-07, 2.36771697359e-07, 1.61503042051e-08, 3.4622091305e-10], [2.62310670962e-08, 1.09435825379e-06, 2.05884975912e-06, 4.00074122808e-06, 6.09784319749e-06, 5.74098248762e-06, 1.19324495245e-05, 7.52536743676e-06, 1.37347187774e-05, 1.37361603265e-05, 6.37124139757e-06, 3.68060591427e-06, 2.1956332148e-06, 2.81448228634e-06, 3.1710917483e-06, 7.08312290953e-06, 9.00731083675e-06, 1.02831018012e-05, 8.88676095201e-06, 2.6811094358e-05, 2.10653015529e-05, 2.70894770438e-06, 1.26027646274e-06, 5.3241990372e-07, 3.12044733164e-07, 2.25679066546e-08, 5.32070110193e-10], [2.26020038241e-08, 4.98576071095e-07, 7.68085499203e-07, 2.00999670597e-06, 7.68982317823e-06, 3.77368041882e-06, 5.3450858104e-06, 5.64522360946e-06, 7.83470750321e-06, 6.37124139757e-06, 7.74812451709e-06, 2.56176463154e-06, 1.38430061725e-06, 3.13498890137e-06, 2.57601732301e-06, 5.35720300832e-06, 8.33390822663e-06, 6.05528430242e-06, 6.56179918224e-06, 1.29867448777e-05, 9.40951304074e-06, 1.36300207032e-06, 5.5366763263e-07, 2.12480330219e-07, 1.11830821936e-07, 7.37746130852e-09, 1.51384613178e-10], [3.92169496877e-08, 7.22479285287e-07, 8.31615352581e-07, 2.4670446237e-06, 5.98390806772e-06, 3.85358225685e-06, 3.89041815652e-06, 5.06837750436e-06, 4.98571398566e-06, 3.68060591427e-06, 2.56176463154e-06, 2.21898585551e-06, 1.32301295253e-06, 1.96031851374e-06, 1.52914492446e-06, 3.29387671627e-06, 5.02208058606e-06, 5.50663980903e-06, 5.83278642807e-06, 9.54272854869e-06, 6.74605598761e-06, 1.23557822462e-06, 4.02757365237e-07, 1.86880285469e-07, 1.02170211846e-07, 7.17684223162e-09, 1.40297232165e-10], [3.39876287114e-08, 6.15755141098e-07, 5.27595659605e-07, 1.238764753e-06, 3.59093246516e-06, 2.06707773032e-06, 2.67524364972e-06, 2.82369956039e-06, 3.0186922686e-06, 2.1956332148e-06, 1.38430061725e-06, 1.32301295253e-06, 9.0447480261e-07, 1.028116003e-06, 8.90438570877e-07, 1.87661873952e-06, 2.71839780908e-06, 3.57991325473e-06, 3.31969977196e-06, 5.16619184054e-06, 3.86026249544e-06, 7.33757929083e-07, 2.27759457516e-07, 1.05341207757e-07, 5.87302118049e-08, 4.30305657773e-09, 8.34770447211e-11], [2.05333847703e-08, 3.12415124881e-07, 5.31364094059e-07, 2.20970741793e-06, 5.85894122196e-06, 3.65780465472e-06, 2.98478926197e-06, 5.24613278685e-06, 4.67809513793e-06, 2.81448228634e-06, 3.13498890137e-06, 1.96031851374e-06, 1.028116003e-06, 2.17642195821e-06, 1.56067119406e-06, 3.15070451506e-06, 5.25513951288e-06, 4.37915969087e-06, 5.61249180464e-06, 7.5463531175e-06, 4.74261287309e-06, 9.54888264459e-07, 2.77595603393e-07, 1.26629757347e-07, 6.35404475702e-08, 3.98988930783e-09, 6.54233126007e-11], [1.79378414344e-08, 3.37074055778e-07, 5.00492262745e-07, 1.49757454437e-06, 4.07151583204e-06, 2.62838602794e-06, 3.57455155608e-06, 4.0886370698e-06, 4.6715526878e-06, 3.1710917483e-06, 2.57601732301e-06, 1.52914492446e-06, 8.90438570877e-07, 1.56067119406e-06, 1.33652463319e-06, 2.60240017269e-06, 4.01656143367e-06, 3.77639207727e-06, 4.27271879744e-06, 6.55004396322e-06, 4.4998910198e-06, 7.95867492798e-07, 2.59288754023e-07, 1.1202059369e-07, 5.97208682507e-08, 3.9920680095e-09, 7.70805017036e-11], [4.08419005282e-08, 8.9468699116e-07, 1.34100969262e-06, 3.627844535e-06, 8.4670364231e-06, 5.45443981537e-06, 7.29933208277e-06, 7.53324957259e-06, 8.88722388481e-06, 7.08312290953e-06, 5.35720300832e-06, 3.29387671627e-06, 1.87661873952e-06, 3.15070451506e-06, 2.60240017269e-06, 5.71069176658e-06, 8.43505131343e-06, 8.1070475062e-06, 8.58708062879e-06, 1.71768551809e-05, 1.25641972772e-05, 1.96960718313e-06, 7.50718584186e-07, 3.28043284981e-07, 1.82344365385e-07, 1.27102230962e-08, 2.67658645248e-10], [5.46579492777e-08, 1.0248096487e-06, 1.67067264556e-06, 5.52854680791e-06, 1.39680460052e-05, 8.82560379978e-06, 9.79670312518e-06, 1.2668092495e-05, 1.28389556266e-05, 9.00731083675e-06, 8.33390822663e-06, 5.02208058606e-06, 2.71839780908e-06, 5.25513951288e-06, 4.01656143367e-06, 8.43505131343e-06, 1.33372950586e-05, 1.16268665806e-05, 1.37737806654e-05, 2.25496842177e-05, 1.54324025061e-05, 2.68914322987e-06, 9.12385132779e-07, 4.03185083542e-07, 2.14730548009e-07, 1.43129845753e-08, 2.76583644876e-10], [1.21996464486e-07, 2.31409126172e-06, 2.26146289606e-06, 5.71118289372e-06, 1.44726400322e-05, 9.05042179511e-06, 9.60511715675e-06, 1.12922853077e-05, 1.29608688439e-05, 1.02831018012e-05, 6.05528430242e-06, 5.50663980903e-06, 3.57991325473e-06, 4.37915969087e-06, 3.77639207727e-06, 8.1070475062e-06, 1.16268665806e-05, 1.48285280375e-05, 1.39025532917e-05, 2.44281145569e-05, 1.81109935511e-05, 3.21279162563e-06, 1.08279903088e-06, 4.97857513437e-07, 2.77981939689e-07, 2.02136654082e-08, 4.09026368331e-10], [8.22714483206e-08, 1.37399740652e-06, 1.85880401204e-06, 6.65569814373e-06, 1.60504423548e-05, 1.08696958705e-05, 1.01653276943e-05, 1.54191766342e-05, 1.42303324537e-05, 8.88676095201e-06, 6.56179918224e-06, 5.83278642807e-06, 3.31969977196e-06, 5.61249180464e-06, 4.27271879744e-06, 8.58708062879e-06, 1.37737806654e-05, 1.39025532917e-05, 1.6517320546e-05, 2.24249415623e-05, 1.46206448335e-05, 2.98363374895e-06, 8.54361474012e-07, 4.06124314623e-07, 2.13326046605e-07, 1.42614258181e-08, 2.53581683429e-10], [8.87143656314e-08, 3.00067904391e-06, 5.49782225789e-06, 1.31978249556e-05, 1.9431081455e-05, 1.58464372362e-05, 2.10034631891e-05, 1.63946224347e-05, 2.44906332227e-05, 2.6811094358e-05, 1.29867448777e-05, 9.54272854869e-06, 5.16619184054e-06, 7.5463531175e-06, 6.55004396322e-06, 1.71768551809e-05, 2.25496842177e-05, 2.44281145569e-05, 2.24249415623e-05, 7.0320427767e-05, 5.45390721527e-05, 7.29403200239e-06, 3.35392769557e-06, 1.48260141941e-06, 8.60102943534e-07, 6.20483433522e-08, 1.42257228219e-09], [7.87835503502e-08, 2.68397661785e-06, 4.41033625975e-06, 9.15133477974e-06, 1.25852593555e-05, 1.02030089693e-05, 1.70457115019e-05, 9.64486298471e-06, 1.7603402739e-05, 2.10653015529e-05, 9.40951304074e-06, 6.74605598761e-06, 3.86026249544e-06, 4.74261287309e-06, 4.4998910198e-06, 1.25641972772e-05, 1.54324025061e-05, 1.81109935511e-05, 1.46206448335e-05, 5.45390721527e-05, 4.37401031377e-05, 5.57594921702e-06, 2.69647216555e-06, 1.18025661777e-06, 6.94701384418e-07, 5.08392083987e-08, 1.1855205706e-09], [2.10807460377e-08, 4.81019867493e-07, 6.24187123321e-07, 1.54740007474e-06, 2.9226564493e-06, 2.04722664421e-06, 2.30787190958e-06, 2.23362462748e-06, 2.79548930848e-06, 2.70894770438e-06, 1.36300207032e-06, 1.23557822462e-06, 7.33757929083e-07, 9.54888264459e-07, 7.95867492798e-07, 1.96960718313e-06, 2.68914322987e-06, 3.21279162563e-06, 2.98363374895e-06, 7.29403200239e-06, 5.57594921702e-06, 8.4262535438e-07, 3.4141973515e-07, 1.54865645641e-07, 8.87143656314e-08, 6.44280806483e-09, 1.4083570421e-10], [4.94196417122e-09, 1.67747998603e-07, 2.70476817832e-07, 5.64711626794e-07, 7.5560183177e-07, 6.10859501649e-07, 9.29775922032e-07, 5.07278400619e-07, 9.98610630631e-07, 1.26027646274e-06, 5.5366763263e-07, 4.02757365237e-07, 2.27759457516e-07, 2.77595603393e-07, 2.59288754023e-07, 7.50718584186e-07, 9.12385132779e-07, 1.08279903088e-06, 8.54361474012e-07, 3.35392769557e-06, 2.69647216555e-06, 3.4141973515e-07, 1.67070822954e-07, 7.33619174298e-08, 4.31784634713e-08, 3.16922932342e-09, 7.3973424608e-11], [2.54915666353e-09, 7.83868685517e-08, 1.21644163187e-07, 2.71343878921e-07, 3.66614045788e-07, 2.98150155231e-07, 3.70037554376e-07, 2.40875408508e-07, 4.22525062049e-07, 5.3241990372e-07, 2.12480330219e-07, 1.86880285469e-07, 1.05341207757e-07, 1.26629757347e-07, 1.1202059369e-07, 3.28043284981e-07, 4.03185083542e-07, 4.97857513437e-07, 4.06124314623e-07, 1.48260141941e-06, 1.18025661777e-06, 1.54865645641e-07, 7.33619174298e-08, 3.2755654189e-08, 1.92041174074e-08, 1.4102661261e-09, 3.25601420825e-11], [1.40724421005e-09, 4.58676332471e-08, 7.15799046702e-08, 1.49855281961e-07, 1.83794156783e-07, 1.56938980922e-07, 2.30775754062e-07, 1.21750218796e-07, 2.36771697359e-07, 3.12044733164e-07, 1.11830821936e-07, 1.02170211846e-07, 5.87302118049e-08, 6.35404475702e-08, 5.97208682507e-08, 1.82344365385e-07, 2.14730548009e-07, 2.77981939689e-07, 2.13326046605e-07, 8.60102943534e-07, 6.94701384418e-07, 8.87143656314e-08, 4.31784634713e-08, 1.92041174074e-08, 1.13511715583e-08, 8.37356906036e-10, 1.95361192501e-11], [1.22837059968e-10, 3.75159681099e-09, 5.29697041785e-09, 1.04210231555e-08, 1.26414549939e-08, 1.05627924185e-08, 1.5791089325e-08, 6.762935989e-09, 1.61503042051e-08, 2.25679066546e-08, 7.37746130852e-09, 7.17684223162e-09, 4.30305657773e-09, 3.98988930783e-09, 3.9920680095e-09, 1.27102230962e-08, 1.43129845753e-08, 2.02136654082e-08, 1.42614258181e-08, 6.20483433522e-08, 5.08392083987e-08, 6.44280806483e-09, 3.16922932342e-09, 1.4102661261e-09, 8.37356906036e-10, 6.23494242347e-11, 1.45836500428e-12], [2.00811199266e-12, 7.67262989254e-11, 1.19521892383e-10, 2.15909651269e-10, 1.90160651115e-10, 1.9446241839e-10, 3.71726510684e-10, 9.31351315514e-11, 3.4622091305e-10, 5.32070110193e-10, 1.51384613178e-10, 1.40297232165e-10, 8.34770447211e-11, 6.54233126007e-11, 7.70805017036e-11, 2.67658645248e-10, 2.76583644876e-10, 4.09026368331e-10, 2.53581683429e-10, 1.42257228219e-09, 1.1855205706e-09, 1.4083570421e-10, 7.3973424608e-11, 3.25601420825e-11, 1.95361192501e-11, 1.45836500428e-12, 3.48398610309e-14]]
    },
    "mfcc": {
        "kurt": [-1.33246386051, -0.487544059753, -1.26024091244, -1.29618251324, -0.869239091873, -0.866070747375, -0.76525759697, -0.28012752533, -0.373257875443, -0.792478322983, 0.907238721848, 0.22611951828, 3.4541425705],
        "max": [-446.773468018, 146.927490234, 8.51510620117, 45.3732299805, -6.103515625e-05, 2.69760131836, 4.4967956543, 5.4521484375, 14.1755409241, 11.2616825104, 17.3213844299, 9.01242828369, 9.4490737915],
        "mean": [-820.541625977, 87.6019363403, -52.6286621094, 15.4506950378, -30.7802124023, -24.4134750366, -11.220451355, -5.59123039246, 2.10931301117, 0.744949877262, -0.529624819756, -2.6490316391, -2.13596391678],
        "median": [-829.440917969, 103.351905823, -58.7640914917, 23.7003707886, -30.6946544647, -23.9651966095, -13.0981760025, -3.77556991577, 0.287410736084, 0.600238800049, -0.330089569092, -2.85848999023, -1.70304489136],
        "min": [-1138.42004395, 1.14440917969e-05, -110.632171631, -30.3445510864, -64.4159851074, -50.8976860046, -25.3972091675, -23.3085174561, -4.33283996582, -11.2177047729, -18.1132354736, -17.7763633728, -25.089214325],
        "skew": [0.0877644792199, -0.814717590809, 0.333365768194, -0.34985858202, 0.156910136342, 0.0766825526953, 0.45360738039, -0.865390181541, 0.755785703659, -0.210430145264, 0.0921617373824, -0.240605413914, -1.28483855724],
        "var": [53022.8671875, 1951.75561523, 1310.11181641, 505.978393555, 307.827453613, 224.981216431, 59.8039360046, 55.3217582703, 24.4698467255, 32.210647583, 43.2165679932, 29.882232666, 37.4509010315],
        "cov": [[54537.8085938, 6683.20898438, -5599.10400391, 4689.09619141, -2810.0456543, 370.765075684, -195.513000488, -77.9452133179, 271.208099365, -658.555664062, -672.098693848, -615.237243652, -723.693847656], [6683.20898438, 2007.5201416, -1523.46374512, 597.938720703, -655.606872559, -376.395751953, -158.500274658, -141.767272949, 33.7726898193, -51.1522750854, -23.4776916504, -117.483451843, -97.125289917], [-5599.10400391, -1523.46374512, 1347.5435791, -590.606567383, 554.407409668, 219.573028564, 122.726913452, 93.4881820679, -39.0828170776, 38.4850845337, 44.4156150818, 127.972457886, 116.148139954], [4689.09619141, 597.938720703, -590.606567383, 520.434936523, -266.975189209, 80.4698104858, -7.05369615555, -17.4534988403, 31.8864402771, -63.7078742981, -50.1723022461, -61.6341934204, -76.804649353], [-2810.0456543, -655.606872559, 554.407409668, -266.975189209, 316.622528076, 90.0118179321, 90.1678390503, 31.0938301086, -30.9399414062, 12.9281339645, 14.2986412048, 46.8010177612, 38.5392799377], [370.765075684, -376.395751953, 219.573028564, 80.4698104858, 90.0118179321, 231.409255981, 63.9991073608, 74.5257110596, 11.2171087265, -17.2520999908, -9.09208106995, 1.41588139534, -6.3058757782], [-195.513000488, -158.500274658, 122.726913452, -7.05369615555, 90.1678390503, 63.9991073608, 61.5126190186, 16.4113063812, 0.273187845945, -7.73050546646, -7.20364713669, 10.8007526398, 7.26303482056], [-77.9452133179, -141.767272949, 93.4881820679, -17.4534988403, 31.0938301086, 74.5257110596, 16.4113063812, 56.9023780823, 10.1313562393, 7.03194618225, -5.31784725189, -4.25145196915, 1.35723006725], [271.208099365, 33.7726898193, -39.0828170776, 31.8864402771, -30.9399414062, 11.2171087265, 0.273187845945, 10.1313562393, 25.1689853668, 11.5245275497, 3.76683831215, 0.977573513985, -0.579118311405], [-658.555664062, -51.1522750854, 38.4850845337, -63.7078742981, 12.9281339645, -17.2520999908, -7.73050546646, 7.03194618225, 11.5245275497, 33.1309509277, 17.7360248566, 8.59455013275, 8.75680065155], [-672.098693848, -23.4776916504, 44.4156150818, -50.1723022461, 14.2986412048, -9.09208106995, -7.20364713669, -5.31784725189, 3.76683831215, 17.7360248566, 44.4513244629, 19.2815914154, 16.7547569275], [-615.237243652, -117.483451843, 127.972457886, -61.6341934204, 46.8010177612, 1.41588139534, 10.8007526398, -4.25145196915, 0.977573513985, 8.59455013275, 19.2815914154, 30.7360115051, 24.7662353516], [-723.693847656, -97.125289917, 116.148139954, -76.804649353, 38.5392799377, -6.3058757782, 7.26303482056, 1.35723006725, -0.579118311405, 8.75680065155, 16.7547569275, 24.7662353516, 38.5209274292]]
    },
    "sccoeffs": {
        "kurt": [-0.685900449753, -0.684314727783, -0.63737988472, -0.918810367584, -0.544898271561, -0.206038236618],
        "max": [-0.497175037861, -0.586880922318, -0.691925406456, -0.743785083294, -0.721304059029, -0.651510298252],
        "mean": [-0.741201221943, -0.803532958031, -0.814706206322, -0.844574928284, -0.833066225052, -0.74741768837],
        "median": [-0.751719117165, -0.823749780655, -0.803006410599, -0.846763908863, -0.843358278275, -0.716120004654],
        "min": [-0.928965806961, -0.955124437809, -0.950919270515, -0.954222083092, -0.925012052059, -0.927643537521],
        "skew": [0.376939684153, 0.488340973854, -0.0799008756876, 0.182300016284, 0.314025193453, -0.954418599606],
        "var": [0.0115432459861, 0.00873664580286, 0.00406148377806, 0.00329084857367, 0.00248122424819, 0.00673475535586],
        "cov": [[0.0118730524555, 0.00800296198577, 0.00601370213553, 0.00545307341963, 0.00455927290022, 0.00643921736628], [0.00800296198577, 0.00898626446724, 0.00482745235786, 0.00436854502186, 0.00332943466492, 0.00589298224077], [0.00601370213553, 0.00482745235786, 0.0041775261052, 0.00297961663455, 0.00255902204663, 0.00471395999193], [0.00545307341963, 0.00436854502186, 0.00297961663455, 0.00338487280533, 0.00270717311651, 0.00379748898558], [0.00455927290022, 0.00332943466492, 0.00255902204663, 0.00270717311651, 0.00255211628973, 0.00322840339504], [0.00643921736628, 0.00589298224077, 0.00471395999193, 0.00379748898558, 0.00322840339504, 0.00692717684433]]
    },
    "scvalleys": {
        "kurt": [1.46895551682, 3.35319423676, 2.1236076355, 1.498087883, 0.763365030289, -0.978083133698],
        "max": [-4.10349607468, -3.97755360603, -3.89778208733, -4.6389374733, -4.36029195786, -6.16304636002],
        "mean": [-9.34020614624, -7.38072633743, -7.78583097458, -8.40034675598, -8.61246776581, -12.0520019531],
        "median": [-8.81393051147, -6.44758224487, -7.10162639618, -7.70992565155, -7.81854724884, -12.3747959137],
        "min": [-20.4402427673, -19.4429893494, -19.2501487732, -18.9361896515, -19.2103118896, -18.3611335754],
        "skew": [-1.08701014519, -1.66844916344, -1.38348734379, -1.28119432926, -1.04706656933, 0.138860791922],
        "var": [11.5916137695, 10.6290025711, 11.2245388031, 10.6969041824, 12.2679977417, 9.84581661224],
        "cov": [[11.9228029251, 11.1910381317, 11.5568799973, 11.2999591827, 12.0923900604, 10.2106733322], [11.1910381317, 10.9326887131, 11.1574373245, 10.8594932556, 11.5589408875, 9.27341747284], [11.5568799973, 11.1574373245, 11.5452404022, 11.223241806, 11.9843873978, 9.81289958954], [11.2999591827, 10.8594932556, 11.223241806, 11.002530098, 11.7364959717, 9.6091003418], [12.0923900604, 11.5589408875, 11.9843873978, 11.7364959717, 12.6185121536, 10.5369520187], [10.2106733322, 9.27341747284, 9.81289958954, 9.6091003418, 10.5369520187, 10.1271257401]]
    }
},
"rhythm": {
    "bpm": 0,
    "confidence": 0,
    "first_peak_bpm": {
        "kurt": 0,
        "max": 0,
        "mean": 0,
        "median": 0,
        "min": 0,
        "skew": 0,
        "var": 0
    },
    "first_peak_spread": {
        "kurt": 0,
        "max": 0,
        "mean": 0,
        "median": 0,
        "min": 0,
        "skew": 0,
        "var": 0
    },
    "first_peak_weight": {
        "kurt": 0,
        "max": 0,
        "mean": 0,
        "median": 0,
        "min": 0,
        "skew": 0,
        "var": 0
    },
    "onset_rate": 1.25010633469,
    "second_peak_bpm": {
        "kurt": 0,
        "max": 0,
        "mean": 0,
        "median": 0,
        "min": 0,
        "skew": 0,
        "var": 0
    },
    "second_peak_spread": {
        "kurt": 0,
        "max": 0,
        "mean": 0,
        "median": 0,
        "min": 0,
        "skew": 0,
        "var": 0
    },
    "second_peak_weight": {
        "kurt": 0,
        "max": 0,
        "mean": 0,
        "median": 0,
        "min": 0,
        "skew": 0,
        "var": 0
    },
    "beats_position": [],
    "bpm_estimates": [],
    "bpm_intervals": [],
    "onset_times": [0.0116099771112],
    "histogram": [[0, 0, 0, 0, 0, 0, 0, 0, 0, 0, 0, 0, 0, 0, 0, 0, 0, 0, 0, 0, 0, 0, 0, 0, 0, 0, 0, 0, 0, 0, 0, 0, 0, 0, 0, 0, 0, 0, 0, 0, 0, 0, 0, 0, 0, 0, 0, 0, 0, 0, 0, 0, 0, 0, 0, 0, 0, 0, 0, 0, 0, 0, 0, 0, 0, 0, 0, 0, 0, 0, 0, 0, 0, 0, 0, 0, 0, 0, 0, 0, 0, 0, 0, 0, 0, 0, 0, 0, 0, 0, 0, 0, 0, 0, 0, 0, 0, 0, 0, 0, 0, 0, 0, 0, 0, 0, 0, 0, 0, 0, 0, 0, 0, 0, 0, 0, 0, 0, 0, 0, 0, 0, 0, 0, 0, 0, 0, 0, 0, 0, 0, 0, 0, 0, 0, 0, 0, 0, 0, 0, 0, 0, 0, 0, 0, 0, 0, 0, 0, 0, 0, 0, 0, 0, 0, 0, 0, 0, 0, 0, 0, 0, 0, 0, 0, 0, 0, 0, 0, 0, 0, 0, 0, 0, 0, 0, 0, 0, 0, 0, 0, 0, 0, 0, 0, 0, 0, 0, 0, 0, 0, 0, 0, 0, 0, 0, 0, 0, 0, 0, 0, 0, 0, 0, 0, 0, 0, 0, 0, 0, 0, 0, 0, 0, 0, 0, 0, 0, 0, 0, 0, 0, 0, 0, 0, 0, 0, 0, 0, 0, 0, 0, 0, 0, 0, 0, 0, 0, 0, 0, 0, 0, 0, 0, 0, 0, 0, 0, 0, 0]]
},
"sfx": {
    "inharmonicity": {
        "kurt": 0.124724388123,
        "max": 0.388388752937,
        "mean": 0.104981273413,
        "median": 0.0657378360629,
        "min": 0,
        "skew": 1.03471589088,
        "var": 0.0105286324397
    },
    "oddtoevenharmonicenergyratio": {
        "kurt": 2.03429937363,
        "max": 2.82730555534,
        "mean": 0.631541490555,
        "median": 0.438159316778,
        "min": 0,
        "skew": 1.38557386398,
        "var": 0.401361942291
    },
    "pitch_after_max_to_before_max_energy_ratio": 3.23865151405,
    "pitch_centroid": 12.9132184982,
    "pitch_max_to_total": 0,
    "pitch_min_to_total": 0.777777791023,
    "tristimulus": {
        "kurt": [0.378070354462, -0.279090642929, -0.750281333923],
        "max": [1, 0.505087316036, 0.914724349976],
        "mean": [0.318075895309, 0.273844659328, 0.408079475164],
        "median": [0.274318933487, 0.328629910946, 0.3803165555],
        "min": [0, 0, 0],
        "skew": [1.07109463215, -0.768422603607, 0.221393540502],
        "var": [0.0887940302491, 0.0181274544448, 0.0620681978762],
        "cov": [[0.0913310050964, -0.0230674035847, -0.0682635977864], [-0.0230674035847, 0.018645381555, 0.00442202202976], [-0.0682635977864, 0.00442202202976, 0.063841573894]]
    }
},
"tonal": {
    "chords_changes_rate": 0,
    "chords_number_rate": 0.0526315793395,
    "chords_strength": {
        "kurt": -2,
        "max": 0.570527911186,
        "mean": 0.570527970791,
        "median": 0.570527911186,
        "min": 0.570527911186,
        "skew": -1,
        "var": 3.5527136788e-15
    },
    "key_strength": 0.50200855732,
    "tuning_diatonic_strength": 0.513915300369,
    "tuning_equal_tempered_deviation": 0.276240497828,
    "tuning_frequency": 450.284484863,
    "tuning_nontempered_energy_ratio": 0.894201815128,
    "hpcp": {
        "kurt": [0.165966272354, -1.1394661665, -0.46911072731, -0.317211151123, -0.879903078079, 0.702357530594, -0.0783154964447, 1.4136929512, -0.869411945343, -0.512604475021, -0.667815685272, -0.919693470001, 0.0859975814819, -0.229848861694, 0.0434539318085, -0.40607714653, -0.756428480148, -0.750490188599, -0.592042684555, -0.708745002747, -0.22122836113, -0.706897974014, -0.0360898971558, -0.378931045532, 1.8788690567, -0.852853536606, -0.41435956955, 0.554329872131, 0.201148986816, 0.0643362998962, -0.070408821106, -0.646325588226, -1.19732129574, -0.239329338074, -0.916815042496, -0.7142598629],
        "max": [0.927848160267, 0.727240562439, 0.902620136738, 0.974132716656, 1, 1, 0.709157407284, 1, 0.747074782848, 1, 1, 0.68531692028, 1, 0.818054676056, 0.665959477425, 0.738229334354, 1, 1, 1, 0.876711249352, 0.79839104414, 0.572939991951, 0.636595845222, 0.764380335808, 0.963264465332, 0.802923321724, 0.802155911922, 1, 0.857717692852, 1, 1, 0.843617975712, 0.697790324688, 0.817765772343, 0.772936940193, 1],
        "mean": [0.332381218672, 0.34491917491, 0.34331831336, 0.388523757458, 0.429661601782, 0.329070657492, 0.259662002325, 0.29331099987, 0.318993151188, 0.385243713856, 0.414477407932, 0.35577994585, 0.348350226879, 0.304040879011, 0.251292228699, 0.285382181406, 0.394139736891, 0.426954358816, 0.376018941402, 0.359016001225, 0.288924872875, 0.255498737097, 0.294492065907, 0.319131851196, 0.314809679985, 0.300592452288, 0.304993182421, 0.324582010508, 0.358372479677, 0.414381593466, 0.387928694487, 0.318984597921, 0.297363221645, 0.319120377302, 0.368462592363, 0.359108358622],
        "median": [0.281941592693, 0.302148729563, 0.373690396547, 0.379480868578, 0.372761636972, 0.26195037365, 0.194048762321, 0.20459985733, 0.333650618792, 0.457319945097, 0.46830034256, 0.340735286474, 0.262428730726, 0.236195147038, 0.240531072021, 0.226738899946, 0.452374607325, 0.471553862095, 0.236321136355, 0.347882777452, 0.280846148729, 0.226529181004, 0.312187552452, 0.295642495155, 0.30518424511, 0.207074031234, 0.264469593763, 0.23691034317, 0.342538177967, 0.393438637257, 0.324548393488, 0.224730327725, 0.270904093981, 0.337017297745, 0.378883719444, 0.268787592649],
        "min": [0, 0, 0, 0, 0, 0, 0, 0, 0, 0, 0, 0, 0, 0, 0, 0, 0, 0, 0, 0, 0, 0, 0, 0, 0, 0, 0, 0, 0, 0, 0, 0, 0, 0, 0, 0],
        "skew": [0.943386852741, -0.0825150460005, 0.374428749084, 0.228141769767, 0.50602042675, 1.04166305065, 0.826869666576, 1.24891936779, 0.149949610233, 0.248675435781, 0.268296390772, -0.144766584039, 0.970415592194, 0.757764995098, 0.722209990025, 0.619466722012, 0.26956191659, 0.0763730481267, 0.948513329029, 0.396605551243, 0.564093351364, 0.298547804356, -0.0873788744211, 0.336556822062, 1.12113034725, 0.660695314407, 0.629445850849, 1.04988026619, 0.398250877857, 0.476432919502, 0.608000218868, 0.507171988487, 0.278764694929, 0.255420267582, 0.0416132360697, 0.688249826431],
        "var": [0.0651081874967, 0.045597653836, 0.0598241463304, 0.0644395574927, 0.108361497521, 0.0646019801497, 0.0349445268512, 0.0585128068924, 0.0489034093916, 0.0726428627968, 0.0822267234325, 0.0410906076431, 0.0816233977675, 0.0500310212374, 0.0333635620773, 0.0395619161427, 0.0835578367114, 0.0744938254356, 0.110360510647, 0.0604374520481, 0.0430065132678, 0.0292786583304, 0.0241739656776, 0.0380029566586, 0.0472553931177, 0.0590017586946, 0.0475896708667, 0.0643931627274, 0.0436897315085, 0.0614610463381, 0.0662379264832, 0.0534829795361, 0.0459161065519, 0.045139465481, 0.0586172714829, 0.0853846147656],
