{
"metadata": {
    "version": {
        "essentia": "2.1-beta3"
    }
},
"lowLevel": {
    "average_loudness": 0.887054920197,
    "barkbands_kurtosis": {
        "kurt": 18.4605693817,
        "max": 28.8244686127,
        "mean": 0.959628224373,
        "median": -0.612953186035,
        "min": -1.69193780422,
        "skew": 3.42107844353,
        "var": 14.0172920227
    },
    "barkbands_skewness": {
        "kurt": 1.38116502762,
        "max": 4.95265197754,
        "mean": -0.0461209341884,
        "median": -0.0156739018857,
        "min": -3.00991535187,
        "skew": 0.691802084446,
        "var": 1.48599636555
    },
    "barkbands_spread": {
        "kurt": -0.755682706833,
        "max": 61.7637176514,
        "mean": 26.7401866913,
        "median": 28.4501152039,
        "min": 2.7046918869,
        "skew": -0.0334378778934,
        "var": 181.703384399
    },
    "dissonance": {
        "kurt": 60.6829833984,
        "max": 0.499944895506,
        "mean": 0.479370653629,
        "median": 0.486529827118,
        "min": 0.087882950902,
        "skew": -6.73322916031,
        "var": 0.00126654596534
    },
    "hfc": {
        "kurt": 15.9730319977,
        "max": 248.455612183,
        "mean": 10.4494485855,
        "median": 8.37147672428e-05,
        "min": 1.12736683913e-16,
        "skew": 4.04557704926,
        "var": 1465.67016602
    },
    "pitch": {
        "kurt": -1.7202091217,
        "max": 4490.98828125,
        "mean": 1801.19519043,
        "median": 726.946777344,
        "min": 103.07233429,
        "skew": 0.305581897497,
        "var": 2561050
    },
    "pitch_instantaneous_confidence": {
        "kurt": 0.0394401550293,
        "max": 0.758068203926,
        "mean": 0.329839348793,
        "median": 0.303766101599,
        "min": 0.124164581299,
        "skew": 0.756826937199,
        "var": 0.0168183520436
    },
    "pitch_salience": {
        "kurt": 1.68672418594,
        "max": 0.950155615807,
        "mean": 0.712653696537,
        "median": 0.749174714088,
        "min": 0.236967653036,
        "skew": -1.31802153587,
        "var": 0.0142006166279
    },
    "silence_rate_20dB": {
        "kurt": 0,
        "max": 1,
        "mean": 1,
        "median": 1,
        "min": 1,
        "skew": 0,
        "var": 0
    },
    "silence_rate_30dB": {
        "kurt": 279.003601074,
        "max": 1,
        "mean": 0.99647885561,
        "median": 1,
        "min": 0,
        "skew": -16.7630882263,
        "var": 0.00350872776471
    },
    "silence_rate_60dB": {
        "kurt": 3.25484275818,
        "max": 1,
        "mean": 0.876760542393,
        "median": 1,
        "min": 0,
        "skew": -2.29234409332,
        "var": 0.108051598072
    },
    "spectral_centroid": {
        "kurt": 8.70919132233,
        "max": 11045.8212891,
        "mean": 2071.22802734,
        "median": 1780.14160156,
        "min": 211.738830566,
        "skew": 1.63725149632,
        "var": 1480198.75
    },
    "spectral_complexity": {
        "kurt": 6.7659702301,
        "max": 70,
        "mean": 5.29929590225,
        "median": 0,
        "min": 0,
        "skew": 2.86567807198,
        "var": 239.463378906
    },
    "spectral_crest": {
        "kurt": 3.23177862167,
        "max": 21.1760826111,
        "mean": 7.06999778748,
        "median": 6.0874786377,
        "min": 2.35574436188,
        "skew": 1.67434132099,
        "var": 11.4631567001
    },
    "spectral_decrease": {
        "kurt": 14.4142551422,
        "max": 3.27939587025e-29,
        "mean": -1.24004173596e-09,
        "median": -1.76741335732e-14,
        "min": -2.8023450227e-08,
        "skew": -3.899050951,
        "var": 1.98939799364e-17
    },
    "spectral_energy": {
        "kurt": 14.5506839752,
        "max": 0.128302574158,
        "mean": 0.00562799302861,
        "median": 7.41876675647e-08,
        "min": 1.01017711708e-20,
        "skew": 3.90996694565,
        "var": 0.000410906417528
    },
    "spectral_energyband_high": {
        "kurt": 20.3379459381,
        "max": 0.0173102188855,
        "mean": 0.000662022212055,
        "median": 2.09209560786e-09,
        "min": 7.29379187478e-21,
        "skew": 4.53657150269,
        "var": 7.14175303074e-06
    },
    "spectral_energyband_low": {
        "kurt": 34.2557754517,
        "max": 0.00252822460607,
        "mean": 6.4733059844e-05,
        "median": 5.12637932104e-10,
        "min": 1.09019251815e-22,
        "skew": 5.80014657974,
        "var": 1.05674352824e-07
    },
    "spectral_energyband_middle_high": {
        "kurt": 14.8773784637,
        "max": 0.0656821727753,
        "mean": 0.002870722441,
        "median": 2.44715590014e-08,
        "min": 1.37787893264e-21,
        "skew": 3.91950845718,
        "var": 0.000105934370367
    },
    "spectral_energyband_middle_low": {
        "kurt": 16.5559692383,
        "max": 0.051922313869,
        "mean": 0.00212391582318,
        "median": 6.64570309894e-09,
        "min": 2.43560463699e-22,
        "skew": 4.09619426727,
        "var": 6.04309498158e-05
    },
    "spectral_flatness_db": {
        "kurt": -0.780752420425,
        "max": 0.277933716774,
        "mean": 0.150010332465,
        "median": 0.157392859459,
        "min": 0.0447438545525,
        "skew": -0.027297552675,
        "var": 0.00262168166228
    },
    "spectral_flux": {
        "kurt": 7.58417510986,
        "max": 0.27730384469,
        "mean": 0.021137367934,
        "median": 0.000237649990595,
        "min": 1.00507567546e-10,
        "skew": 2.94579195976,
        "var": 0.00317926821299
    },
    "spectral_kurtosis": {
        "kurt": 0.651052474976,
        "max": 11.7947788239,
        "mean": 3.75825095177,
        "median": 3.09827303886,
        "min": -1.2013078928,
        "skew": 1.0264582634,
        "var": 4.89326095581
    },
    "spectral_rms": {
        "kurt": 9.32883739471,
        "max": 0.011188085191,
        "mean": 0.000771329505369,
        "median": 8.50712876854e-06,
        "min": 3.13932907448e-12,
        "skew": 3.2289993763,
        "var": 4.89577723783e-06
    },
    "spectral_rolloff": {
        "kurt": 29.272895813,
        "max": 19121.484375,
        "mean": 3501.94970703,
        "median": 3499.14550781,
        "min": 129.19921875,
        "skew": 2.79978251457,
        "var": 2604577.25
    },
    "spectral_skewness": {
        "kurt": 1.23893356323,
        "max": 2.68080329895,
        "mean": 1.41301846504,
        "median": 1.3282302618,
        "min": -0.00756227038801,
        "skew": 0.651634991169,
        "var": 0.146619752049
    },
    "spectral_spread": {
        "kurt": 70.2076034546,
        "max": 40317384,
        "mean": 5607792.5,
        "median": 5545780,
        "min": 2074340.75,
        "skew": 6.21176481247,
        "var": 8.41034288333e+12
    },
    "spectral_strongpeak": {
        "kurt": 21.3485622406,
        "max": 2.09117650986,
        "mean": 0.0938339307904,
        "median": 0.00118267000653,
        "min": 0,
        "skew": 4.2696890831,
        "var": 0.0699837505817
    },
    "zerocrossingrate": {
        "kurt": 12.9129934311,
        "max": 0.498046875,
        "mean": 0.112327039242,
        "median": 0.09814453125,
        "min": 0.025390625,
        "skew": 2.36974477768,
        "var": 0.00317108421586
    },
    "barkbands": {
        "kurt": [65.9920883179, 58.6751670837, 75.7826080322, 39.5256767273, 25.9438323975, 51.7465553284, 32.0417175293, 58.3828125, 75.384979248, 34.8494224548, 25.870508194, 27.3290214539, 29.866317749, 25.4927768707, 72.0340270996, 28.4377651215, 26.8091278076, 22.9988269806, 27.7601680756, 27.1593494415, 32.2944526672, 26.6777458191, 21.6587867737, 28.0152626038, 35.284538269, 24.836687088, 44.7375831604],
        "max": [9.92484056042e-05, 0.00149081775453, 0.00110102421604, 0.00163022382185, 0.00948383100331, 0.0222537200898, 0.0150981014594, 0.0190469361842, 0.0193939413875, 0.0136889182031, 0.00555284228176, 0.00756304292008, 0.00711842160672, 0.00641932664439, 0.011070292443, 0.00863670744002, 0.00804505404085, 0.00990961771458, 0.0120985833928, 0.0115538435057, 0.0116350632161, 0.00475308345631, 0.000941561651416, 0.000487898360007, 0.00024150146055, 6.43918701826e-06, 1.76829686893e-07],
        "mean": [1.54696635946e-06, 2.6069685191e-05, 1.68618589669e-05, 3.56761265721e-05, 0.000325279164826, 0.000529943907168, 0.000424793630373, 0.000375022966182, 0.00033746988629, 0.000339442573022, 0.000173481792444, 0.00022948764672, 0.000211997394217, 0.000217958819121, 0.000217014996451, 0.000291182630463, 0.000250529876212, 0.000344129715813, 0.000419897260144, 0.000359569123248, 0.000302896747598, 0.000143779514474, 3.43264546245e-05, 1.33835628731e-05, 6.04857314102e-06, 2.06702623018e-07, 3.8213858744e-09],
        "median": [1.06173945504e-12, 7.39059508037e-11, 7.47102518739e-11, 1.31474608978e-10, 1.07251540982e-09, 1.83794635067e-09, 8.99910868046e-10, 6.26558915862e-10, 5.3668258726e-10, 8.60978177641e-10, 6.52139342527e-10, 3.01197511376e-10, 6.41689257286e-10, 1.10905085116e-09, 1.09364084455e-09, 1.62730662279e-09, 5.30577537461e-09, 3.7899257066e-09, 3.30302984963e-09, 2.08983652605e-09, 7.61571694596e-10, 2.23957463685e-10, 5.25634397119e-11, 7.92781205267e-12, 4.06721271246e-12, 1.20939662365e-13, 4.64140427887e-15],
        "min": [1.98055315838e-23, 5.27102278719e-23, 1.43812656238e-23, 5.28458740823e-23, 3.11039903211e-23, 6.51933458519e-23, 3.62345712547e-23, 1.38494581999e-23, 4.20466585906e-23, 7.5096484775e-23, 1.13338322069e-22, 7.7523437438e-23, 3.73924297369e-23, 7.80751667551e-23, 1.64348239146e-22, 6.09962902917e-23, 2.21299616747e-22, 1.69419138019e-22, 2.66564783655e-22, 2.84455315948e-22, 4.11713271706e-22, 8.1019498576e-22, 4.76539588978e-22, 6.51775156223e-22, 1.33974148373e-21, 1.38778389541e-21, 2.30171648834e-21],
        "skew": [7.99941778183, 7.66255140305, 8.09808349609, 5.97876691818, 5.05383253098, 6.2732219696, 5.45628213882, 6.89964914322, 7.6975941658, 5.57552623749, 4.94076871872, 5.01155757904, 5.23499536514, 4.90875577927, 7.48285722733, 5.09835004807, 4.95697832108, 4.62969827652, 4.97170066833, 4.94915342331, 5.36118507385, 4.98575401306, 4.69365024567, 5.16093540192, 5.73729801178, 4.99295949936, 6.47608613968],
        "var": [1.06438628744e-10, 3.02195779511e-08, 8.84038087179e-09, 2.89880048854e-08, 1.89008596863e-06, 4.1615835471e-06, 3.28400392391e-06, 2.93209973279e-06, 2.55621898759e-06, 2.23587744586e-06, 5.04528543388e-07, 9.13163319183e-07, 7.56429471949e-07, 7.45349950648e-07, 8.5666420091e-07, 1.31530407543e-06, 9.55875520958e-07, 1.70568057456e-06, 2.53960365626e-06, 1.98608017854e-06, 1.66043230365e-06, 3.67375434962e-07, 2.14014210798e-08, 3.53126838881e-09, 8.2020706893e-10, 8.80528614432e-13, 3.84016018574e-16],
        "cov": [[1.0681473761e-10, 1.76375170025e-09, 3.44930639606e-10, 1.2844927344e-09, 5.68775249121e-09, 1.41776226315e-08, 3.62705687706e-09, 4.78349804212e-09, 5.19492537876e-09, 1.02469668306e-08, 3.01435787442e-09, 4.0188732342e-09, 2.70310129835e-09, 2.45246956077e-09, 2.15892970168e-09, 3.2807674355e-09, 3.83310050367e-09, 7.52313411567e-09, 9.15395759193e-09, 1.04399777712e-08, 7.55343965153e-09, 3.47589668159e-09, 8.91819729176e-10, 4.9458986906e-10, 2.6514654361e-10, 8.0958044088e-12, 1.88946582447e-13], [1.76375170025e-09, 3.03263618662e-08, 6.40633501803e-09, 2.05685761756e-08, 9.35455659601e-08, 2.53424246921e-07, 6.23085156803e-08, 8.13873555217e-08, 8.62231246401e-08, 1.73076301735e-07, 5.22873726538e-08, 6.76618086004e-08, 4.54118982418e-08, 4.11972465031e-08, 3.9984264788e-08, 6.10313719562e-08, 6.47598810133e-08, 1.28177859438e-07, 1.55036630645e-07, 1.75507850031e-07, 1.28563556245e-07, 5.79932439848e-08, 1.55817154734e-08, 8.1963076326e-09, 4.46576819968e-09, 1.37825417745e-10, 3.21130535358e-12], [3.44930639606e-10, 6.40633501803e-09, 8.87161899499e-09, 1.15411209478e-08, 8.87155806595e-08, 8.33919671095e-08, 1.08528482201e-07, 8.86620554752e-08, 1.08904707474e-07, 8.73783747579e-08, 3.35694743114e-08, 6.74229241326e-08, 4.88307172475e-08, 4.96307173137e-08, 4.47104184786e-08, 6.65944810407e-08, 6.02548908546e-08, 8.78394246229e-08, 8.70581757795e-08, 8.83998012569e-08, 1.01967444266e-07, 4.63513991633e-08, 1.05434869724e-08, 3.99058075473e-09, 1.75893588583e-09, 6.41132702484e-11, 1.09940355431e-12], [1.2844927344e-09, 2.05685761756e-08, 1.15411209478e-08, 2.90904349498e-08, 1.71894114942e-07, 2.26375192369e-07, 1.91776877045e-07, 1.60541148375e-07, 1.92647334529e-07, 2.18955079845e-07, 7.7761754369e-08, 1.27088071622e-07, 8.62101003918e-08, 9.44429956462e-08, 7.21200592579e-08, 1.12326517865e-07, 1.10419293264e-07, 1.55420650572e-07, 1.88803866763e-07, 1.89120370919e-07, 1.88217200048e-07, 9.15545825819e-08, 2.13375521696e-08, 9.32440080703e-09, 4.27413882065e-09, 1.40975328633e-10, 2.7693997269e-12], [5.68775249121e-09, 9.35455659601e-08, 8.87155806595e-08, 1.71894114942e-07, 1.89676472928e-06, 1.61533216669e-06, 1.93609412236e-06, 1.41955240451e-06, 1.57094791575e-06, 1.53764244715e-06, 7.99048905264e-07, 1.09270388293e-06, 9.59361159403e-07, 8.95635309917e-07, 8.36334663745e-07, 1.24006453461e-06, 1.00627448774e-06, 1.45967624121e-06, 1.58145849127e-06, 1.60691229212e-06, 1.4875222405e-06, 7.2125845918e-07, 1.76836081778e-07, 6.31420320474e-08, 2.80292358212e-08, 1.02288655324e-09, 1.65783897027e-11], [1.41776226315e-08, 2.53424246921e-07, 8.33919671095e-08, 2.26375192369e-07, 1.61533216669e-06, 4.17628871219e-06, 2.28313524531e-06, 2.14761803363e-06, 1.62712592555e-06, 2.54089673035e-06, 1.08602557702e-06, 1.31630179112e-06, 1.08109088615e-06, 1.03206355107e-06, 9.40895461099e-07, 1.38315419917e-06, 1.33061212182e-06, 1.92372567653e-06, 1.97609551833e-06, 2.21461618821e-06, 1.65061442203e-06, 8.168557315e-07, 1.99992996386e-07, 9.1966469995e-08, 4.50718111722e-08, 1.38967404251e-09, 3.03752821507e-11], [3.62705687706e-09, 6.23085156803e-08, 1.08528482201e-07, 1.91776877045e-07, 1.93609412236e-06, 2.28313524531e-06, 3.29560816681e-06, 2.34074673244e-06, 2.00551266971e-06, 1.82884855349e-06, 9.34491367843e-07, 1.5346266764e-06, 1.26638190068e-06, 1.18996342735e-06, 1.06864638383e-06, 1.50733774262e-06, 1.33168816774e-06, 1.79261087396e-06, 1.87886951153e-06, 1.69856934917e-06, 1.72113982444e-06, 8.18071157482e-07, 2.01371094022e-07, 6.82585863387e-08, 2.73222724445e-08, 9.82984138531e-10, 1.53693533594e-11], [4.78349804212e-09, 8.13873555217e-08, 8.86620554752e-08, 1.60541148375e-07, 1.41955240451e-06, 2.14761803363e-06, 2.34074673244e-06, 2.94246069643e-06, 2.12723034565e-06, 1.84528812497e-06, 9.09958941975e-07, 1.16704359243e-06, 1.03403476714e-06, 1.19149478905e-06, 1.02081639852e-06, 1.56533701556e-06, 1.39547034905e-06, 1.77289916792e-06, 1.96416976905e-06, 1.63066840742e-06, 1.59840351444e-06, 6.6697867851e-07, 1.55074943109e-07, 6.34058068272e-08, 2.54564227475e-08, 8.42238889742e-10, 1.51434576684e-11], [5.19492537876e-09, 8.62231246401e-08, 1.08904707474e-07, 1.92647334529e-07, 1.57094791575e-06, 1.62712592555e-06, 2.00551266971e-06, 2.12723034565e-06, 2.56525140685e-06, 1.50891287376e-06, 8.7569247853e-07, 1.12971406452e-06, 9.71764052338e-07, 1.15008890589e-06, 1.0798448784e-06, 1.58917282533e-06, 1.41304576573e-06, 1.6892097392e-06, 2.1122787075e-06, 1.60024001161e-06, 1.84407747383e-06, 7.48282673158e-07, 1.81435950708e-07, 7.16484649388e-08, 2.80809100417e-08, 9.49543110806e-10, 1.66526879092e-11], [1.02469668306e-08, 1.73076301735e-07, 8.73783747579e-08, 2.18955079845e-07, 1.53764244715e-06, 2.54089673035e-06, 1.82884855349e-06, 1.84528812497e-06, 1.50891287376e-06, 2.24377799896e-06, 8.09676350855e-07, 1.09534107651e-06, 8.58759449329e-07, 9.14122210816e-07, 7.59053079946e-07, 1.14151532671e-06, 9.97711936179e-07, 1.4434649529e-06, 1.53268911163e-06, 1.76194077994e-06, 1.52690540745e-06, 7.83398149906e-07, 1.77985683081e-07, 7.57832623322e-08, 3.58791965027e-08, 1.17481202544e-09, 2.33406211025e-11], [3.01435787442e-09, 5.22873726538e-08, 3.35694743114e-08, 7.7761754369e-08, 7.99048905264e-07, 1.08602557702e-06, 9.34491367843e-07, 9.09958941975e-07, 8.7569247853e-07, 8.09676350855e-07, 5.06311323534e-07, 5.20073626831e-07, 4.93404968438e-07, 5.03095805016e-07, 4.37065580172e-07, 7.18738704109e-07, 6.21163508185e-07, 7.22290508293e-07, 8.81473681602e-07, 7.75952912591e-07, 7.23932373603e-07, 3.26768713421e-07, 8.23095902547e-08, 3.24071542934e-08, 1.38678100114e-08, 4.57877846749e-10, 8.29226704663e-12], [4.0188732342e-09, 6.76618086004e-08, 6.74229241326e-08, 1.27088071622e-07, 1.09270388293e-06, 1.31630179112e-06, 1.5346266764e-06, 1.16704359243e-06, 1.12971406452e-06, 1.09534107651e-06, 5.20073626831e-07, 9.16390035854e-07, 7.09631194695e-07, 6.14097245943e-07, 6.18379715434e-07, 7.93115759734e-07, 7.73353235672e-07, 1.01714476841e-06, 1.14018837394e-06, 1.05497360892e-06, 9.84897042144e-07, 5.16201623668e-07, 1.20101717016e-07, 4.49144827996e-08, 1.92523383902e-08, 6.84036050025e-10, 1.16021610722e-11], [2.70310129835e-09, 4.54118982418e-08, 4.88307172475e-08, 8.62101003918e-08, 9.59361159403e-07, 1.08109088615e-06, 1.26638190068e-06, 1.03403476714e-06, 9.71764052338e-07, 8.58759449329e-07, 4.93404968438e-07, 7.09631194695e-07, 7.5910236319e-07, 6.24799156412e-07, 6.8931694841e-07, 8.50236801853e-07, 7.1668154078e-07, 9.2680426178e-07, 1.06396703359e-06, 9.63031993706e-07, 8.02146587375e-07, 4.3299789354e-07, 9.24839227423e-08, 3.38625980589e-08, 1.46181697858e-08, 5.29810695316e-10, 8.72502591009e-12], [2.45246956077e-09, 4.11972465031e-08, 4.96307173137e-08, 9.44429956462e-08, 8.95635309917e-07, 1.03206355107e-06, 1.18996342735e-06, 1.19149478905e-06, 1.15008890589e-06, 9.14122210816e-07, 5.03095805016e-07, 6.14097245943e-07, 6.24799156412e-07, 7.47983733618e-07, 5.93340189425e-07, 8.95286689229e-07, 7.53882147819e-07, 8.8759998107e-07, 1.0789622138e-06, 8.67626738454e-07, 8.75054809057e-07, 4.19341233737e-07, 9.26907546273e-08, 3.30295364392e-08, 1.32625865845e-08, 4.89197404807e-10, 7.58955485264e-12], [2.15892970168e-09, 3.9984264788e-08, 4.47104184786e-08, 7.21200592579e-08, 8.36334663745e-07, 9.40895461099e-07, 1.06864638383e-06, 1.02081639852e-06, 1.0798448784e-06, 7.59053079946e-07, 4.37065580172e-07, 6.18379715434e-07, 6.8931694841e-07, 5.93340189425e-07, 8.59691283495e-07, 8.96238191217e-07, 6.82802806296e-07, 9.25641131744e-07, 1.20286131278e-06, 9.52552341005e-07, 7.79208789936e-07, 3.94649191549e-07, 8.88113760311e-08, 3.0051957367e-08, 1.30528485798e-08, 4.78237449641e-10, 8.00770560971e-12], [3.2807674355e-09, 6.10313719562e-08, 6.65944810407e-08, 1.12326517865e-07, 1.24006453461e-06, 1.38315419917e-06, 1.50733774262e-06, 1.56533701556e-06, 1.58917282533e-06, 1.14151532671e-06, 7.18738704109e-07, 7.93115759734e-07, 8.50236801853e-07, 8.95286689229e-07, 8.96238191217e-07, 1.31995182073e-06, 1.00074930742e-06, 1.23724873902e-06, 1.577975695e-06, 1.24341102037e-06, 1.2444437516e-06, 5.32576507339e-07, 1.31164156869e-07, 4.68908361029e-08, 1.95644176415e-08, 6.86419809881e-10, 1.16463678979e-11], [3.83310050367e-09, 6.47598810133e-08, 6.02548908546e-08, 1.10419293264e-07, 1.00627448774e-06, 1.33061212182e-06, 1.33168816774e-06, 1.39547034905e-06, 1.41304576573e-06, 9.97711936179e-07, 6.21163508185e-07, 7.73353235672e-07, 7.1668154078e-07, 7.53882147819e-07, 6.82802806296e-07, 1.00074930742e-06, 9.59253156907e-07, 1.11648023449e-06, 1.34139747843e-06, 1.06821232748e-06, 1.05323147181e-06, 4.69935343972e-07, 1.09196967912e-07, 4.44329657512e-08, 1.81126669219e-08, 6.15025697037e-10, 1.07747265971e-11], [7.52313411567e-09, 1.28177859438e-07, 8.78394246229e-08, 1.55420650572e-07, 1.45967624121e-06, 1.92372567653e-06, 1.79261087396e-06, 1.77289916792e-06, 1.6892097392e-06, 1.4434649529e-06, 7.22290508293e-07, 1.01714476841e-06, 9.2680426178e-07, 8.8759998107e-07, 9.25641131744e-07, 1.23724873902e-06, 1.11648023449e-06, 1.71170779595e-06, 1.82015457995e-06, 1.72380509866e-06, 1.46326203776e-06, 6.31074897228e-07, 1.53631049216e-07, 6.44815614237e-08, 2.95293673958e-08, 9.95022286787e-10, 1.87799810425e-11], [9.15395759193e-09, 1.55036630645e-07, 8.70581757795e-08, 1.88803866763e-07, 1.58145849127e-06, 1.97609551833e-06, 1.87886951153e-06, 1.96416976905e-06, 2.1122787075e-06, 1.53268911163e-06, 8.81473681602e-07, 1.14018837394e-06, 1.06396703359e-06, 1.0789622138e-06, 1.20286131278e-06, 1.577975695e-06, 1.34139747843e-06, 1.82015457995e-06, 2.54857764048e-06, 1.86265913271e-06, 1.74475428594e-06, 7.4409052786e-07, 1.94727604708e-07, 7.65005694348e-08, 3.425765982e-08, 1.16861165189e-09, 2.1888407753e-11], [1.04399777712e-08, 1.75507850031e-07, 8.83998012569e-08, 1.89120370919e-07, 1.60691229212e-06, 2.21461618821e-06, 1.69856934917e-06, 1.63066840742e-06, 1.60024001161e-06, 1.76194077994e-06, 7.75952912591e-07, 1.05497360892e-06, 9.63031993706e-07, 8.67626738454e-07, 9.52552341005e-07, 1.24341102037e-06, 1.06821232748e-06, 1.72380509866e-06, 1.86265913271e-06, 1.99309829441e-06, 1.55000088853e-06, 7.09672917765e-07, 1.70844074887e-07, 7.4795998728e-08, 3.64473464742e-08, 1.19353615879e-09, 2.39110172634e-11], [7.55343965153e-09, 1.28563556245e-07, 1.01967444266e-07, 1.88217200048e-07, 1.4875222405e-06, 1.65061442203e-06, 1.72113982444e-06, 1.59840351444e-06, 1.84407747383e-06, 1.52690540745e-06, 7.23932373603e-07, 9.84897042144e-07, 8.02146587375e-07, 8.75054809057e-07, 7.79208789936e-07, 1.2444437516e-06, 1.05323147181e-06, 1.46326203776e-06, 1.74475428594e-06, 1.55000088853e-06, 1.66629945397e-06, 6.98505743912e-07, 1.76339227664e-07, 7.05598637296e-08, 3.12597698837e-08, 1.05691999597e-09, 1.97103063038e-11], [3.47589668159e-09, 5.79932439848e-08, 4.63513991633e-08, 9.15545825819e-08, 7.2125845918e-07, 8.168557315e-07, 8.18071157482e-07, 6.6697867851e-07, 7.48282673158e-07, 7.83398149906e-07, 3.26768713421e-07, 5.16201623668e-07, 4.3299789354e-07, 4.19341233737e-07, 3.94649191549e-07, 5.32576507339e-07, 4.69935343972e-07, 6.31074897228e-07, 7.4409052786e-07, 7.09672917765e-07, 6.98505743912e-07, 3.6867359654e-07, 8.21775714144e-08, 3.13760999404e-08, 1.40790827885e-08, 5.0290427378e-10, 8.81964033056e-12], [8.91819729176e-10, 1.55817154734e-08, 1.05434869724e-08, 2.13375521696e-08, 1.76836081778e-07, 1.99992996386e-07, 2.01371094022e-07, 1.55074943109e-07, 1.81435950708e-07, 1.77985683081e-07, 8.23095902547e-08, 1.20101717016e-07, 9.24839227423e-08, 9.26907546273e-08, 8.88113760311e-08, 1.31164156869e-07, 1.09196967912e-07, 1.53631049216e-07, 1.94727604708e-07, 1.70844074887e-07, 1.76339227664e-07, 8.21775714144e-08, 2.14770441431e-08, 7.88700038612e-09, 3.59182839027e-09, 1.26155169644e-10, 2.27120362448e-12], [4.9458986906e-10, 8.1963076326e-09, 3.99058075473e-09, 9.32440080703e-09, 6.31420320474e-08, 9.1966469995e-08, 6.82585863387e-08, 6.34058068272e-08, 7.16484649388e-08, 7.57832623322e-08, 3.24071542934e-08, 4.49144827996e-08, 3.38625980589e-08, 3.30295364392e-08, 3.0051957367e-08, 4.68908361029e-08, 4.44329657512e-08, 6.44815614237e-08, 7.65005694348e-08, 7.4795998728e-08, 7.05598637296e-08, 3.13760999404e-08, 7.88700038612e-09, 3.54374640743e-09, 1.65895708282e-09, 5.31984213625e-11, 1.08940515029e-12], [2.6514654361e-10, 4.46576819968e-09, 1.75893588583e-09, 4.27413882065e-09, 2.80292358212e-08, 4.50718111722e-08, 2.73222724445e-08, 2.54564227475e-08, 2.80809100417e-08, 3.58791965027e-08, 1.38678100114e-08, 1.92523383902e-08, 1.46181697858e-08, 1.32625865845e-08, 1.30528485798e-08, 1.95644176415e-08, 1.81126669219e-08, 2.95293673958e-08, 3.425765982e-08, 3.64473464742e-08, 3.12597698837e-08, 1.40790827885e-08, 3.59182839027e-09, 1.65895708282e-09, 8.23105306136e-10, 2.62108269117e-11, 5.56435973686e-13], [8.0958044088e-12, 1.37825417745e-10, 6.41132702484e-11, 1.40975328633e-10, 1.02288655324e-09, 1.38967404251e-09, 9.82984138531e-10, 8.42238889742e-10, 9.49543110806e-10, 1.17481202544e-09, 4.57877846749e-10, 6.84036050025e-10, 5.29810695316e-10, 4.89197404807e-10, 4.78237449641e-10, 6.86419809881e-10, 6.15025697037e-10, 9.95022286787e-10, 1.16861165189e-09, 1.19353615879e-09, 1.05691999597e-09, 5.0290427378e-10, 1.26155169644e-10, 5.31984213625e-11, 2.62108269117e-11, 8.83640057826e-13, 1.74626277522e-14], [1.88946582447e-13, 3.21130535358e-12, 1.09940355431e-12, 2.7693997269e-12, 1.65783897027e-11, 3.03752821507e-11, 1.53693533594e-11, 1.51434576684e-11, 1.66526879092e-11, 2.33406211025e-11, 8.29226704663e-12, 1.16021610722e-11, 8.72502591009e-12, 7.58955485264e-12, 8.00770560971e-12, 1.16463678979e-11, 1.07747265971e-11, 1.87799810425e-11, 2.1888407753e-11, 2.39110172634e-11, 1.97103063038e-11, 8.81964033056e-12, 2.27120362448e-12, 1.08940515029e-12, 5.56435973686e-13, 1.74626277522e-14, 3.85372965356e-16]]
    },
    "mfcc": {
        "kurt": [2.1245174408, 0.0169811248779, -0.253875732422, -0.534923791885, 1.38533878326, 1.28777503967, 1.74777603149, 0.504804611206, 2.56297492981, 1.97275733948, 1.75056266785, 1.67691278458, 2.64035320282],
        "max": [-475.438690186, 133.73348999, 25.3168373108, 54.2051200867, 32.5195655823, 9.22737121582, 19.4638996124, 9.41443824768, 7.88351821899, 14.2678470612, 12.1331672668, 11.0148353577, 13.1984634399],
        "mean": [-1030.89794922, 19.7445392609, -18.5991001129, 12.0925388336, -5.38080501556, -5.84917831421, -4.49336385727, -5.11428451538, -3.2232298851, -2.23019838333, -1.64885473251, -1.95309400558, -0.598578095436],
        "median": [-1135.37756348, 1.14440917969e-05, -6.103515625e-05, 1.12523269653, -6.103515625e-05, 2.28881835938e-05, -2.67028808594e-05, -5.34057617188e-05, -4.57763671875e-05, -2.28881835938e-05, -2.67028808594e-05, -3.0517578125e-05, -3.81469726562e-05],
        "min": [-1138.42004395, -54.1110191345, -100.044433594, -14.8206291199, -52.0553970337, -42.6291007996, -42.3483734131, -31.9066162109, -31.7601985931, -24.8050861359, -18.6450214386, -20.1052055359, -15.8772087097],
        "skew": [1.83400726318, 1.06971359253, -1.06100285053, 0.909139096737, -1.17215764523, -1.40382552147, -1.47874712944, -1.27929985523, -1.66186463833, -1.21489858627, -1.04491424561, -1.16946423054, -0.582415938377],
        "var": [34581.9570312, 1794.64648438, 897.26171875, 242.737594604, 197.761566162, 94.017364502, 103.53162384, 79.423576355, 45.7577209473, 36.2178535461, 18.5943183899, 26.2201137543, 17.2208080292],
        "cov": [[34704.15625, 5737.90283203, -4147.71826172, 1754.58752441, -2136.76318359, -930.577087402, -1282.2623291, -1169.73327637, -840.104003906, -709.210571289, -433.96484375, -552.320861816, -395.042114258], [5737.90283203, 1800.98791504, -586.312072754, 311.597198486, -269.239074707, -270.83001709, -323.865753174, -257.366729736, -197.504974365, -159.44039917, -94.698677063, -149.734085083, -93.4182434082], [-4147.71826172, -586.312072754, 900.432250977, -357.556365967, 306.856292725, 176.552520752, 185.853225708, 209.995513916, 117.198669434, 77.3873443604, 65.0913085938, 85.3559646606, 36.9819145203], [1754.58752441, 311.597198486, -357.556365967, 243.595321655, -92.2146911621, -90.693862915, -64.4768829346, -87.4744644165, -45.1491203308, -29.5422744751, -21.3255195618, -34.8016929626, -14.6659431458], [-2136.76318359, -269.239074707, 306.856292725, -92.2146911621, 198.460372925, 50.0430603027, 90.3151397705, 83.673324585, 54.6806907654, 54.6272087097, 30.2799015045, 29.3680114746, 19.7119579315], [-930.577087402, -270.83001709, 176.552520752, -90.693862915, 50.0430603027, 94.3495788574, 66.7317199707, 60.3725967407, 41.3512420654, 26.7611103058, 21.7098331451, 25.0690956116, 15.7635269165], [-1282.2623291, -323.865753174, 185.853225708, -64.4768829346, 90.3151397705, 66.7317199707, 103.897460938, 73.3620758057, 55.1549720764, 44.1273231506, 24.6144676208, 30.9293289185, 15.587685585], [-1169.73327637, -257.366729736, 209.995513916, -87.4744644165, 83.673324585, 60.3725967407, 73.3620758057, 79.7042236328, 48.5825462341, 30.7226352692, 20.3314495087, 25.4617938995, 12.3031263351], [-840.104003906, -197.504974365, 117.198669434, -45.1491203308, 54.6806907654, 41.3512420654, 55.1549720764, 48.5825462341, 45.9194068909, 27.620054245, 15.5429859161, 20.1682510376, 10.0215415955], [-709.210571289, -159.44039917, 77.3873443604, -29.5422744751, 54.6272087097, 26.7611103058, 44.1273231506, 30.7226352692, 27.620054245, 36.34582901, 16.6145839691, 15.2733774185, 9.1448802948], [-433.96484375, -94.698677063, 65.0913085938, -21.3255195618, 30.2799015045, 21.7098331451, 24.6144676208, 20.3314495087, 15.5429859161, 16.6145839691, 18.6600227356, 12.481877327, 4.66159582138], [-552.320861816, -149.734085083, 85.3559646606, -34.8016929626, 29.3680114746, 25.0690956116, 30.9293289185, 25.4617938995, 20.1682510376, 15.2733774185, 12.481877327, 26.3127632141, 10.677447319], [-395.042114258, -93.4182434082, 36.9819145203, -14.6659431458, 19.7119579315, 15.7635269165, 15.587685585, 12.3031263351, 10.0215415955, 9.1448802948, 4.66159582138, 10.677447319, 17.2816581726]]
    },
    "sccoeffs": {
        "kurt": [0.377783060074, 1.52363729477, 2.49771690369, 1.79972314835, 0.379861116409, -0.300126791],
        "max": [-0.468135416508, -0.615122675896, -0.694427967072, -0.682630002499, -0.734373688698, -0.650863587856],
        "mean": [-0.78568816185, -0.859602928162, -0.886167705059, -0.881765365601, -0.874198079109, -0.830000579357],
        "median": [-0.809613585472, -0.876168489456, -0.894463419914, -0.894003808498, -0.885611176491, -0.845465064049],
        "min": [-0.997875034809, -0.980608761311, -0.982028543949, -0.971970379353, -0.956116735935, -0.95821672678],
        "skew": [0.956488072872, 1.26575231552, 1.44339454174, 1.33840048313, 0.953594446182, 0.821164786816],
        "var": [0.0123958028853, 0.00460880761966, 0.00226587825455, 0.00235729920678, 0.0019654140342, 0.00417240383103],
        "cov": [[0.0124396039173, 0.00527453562245, 0.00382590875961, 0.00428383983672, 0.00376766780391, 0.00553428009152], [0.00527453562245, 0.00462509319186, 0.00233303406276, 0.00241519720294, 0.00227977661416, 0.00325073977001], [0.00382590875961, 0.00233303406276, 0.00227388506755, 0.00176256487612, 0.00169551430736, 0.00240211561322], [0.00428383983672, 0.00241519720294, 0.00176256487612, 0.00236562895589, 0.00182530167513, 0.00267785461619], [0.00376766780391, 0.00227977661416, 0.00169551430736, 0.00182530167513, 0.00197235890664, 0.00248550763354], [0.00553428009152, 0.00325073977001, 0.00240211561322, 0.00267785461619, 0.00248550763354, 0.00418714713305]]
    },
    "scvalleys": {
        "kurt": [1.8607134819, 1.14463710785, 0.904990911484, 0.450753688812, 0.651137828827, 0.202615022659],
        "max": [-4.67029333115, -3.88112235069, -4.26526784897, -4.58093547821, -4.86466932297, -6.70516681671],
        "mean": [-12.5241851807, -11.4283475876, -11.8811435699, -11.958404541, -11.775891304, -14.2041215897],
        "median": [-13.6388177872, -12.1811904907, -12.3487529755, -12.5071926117, -12.5221662521, -15.5688018799],
        "min": [-26.9346122742, -27.0978527069, -27.3633804321, -27.1919498444, -27.5083198547, -27.2582454681],
        "skew": [0.578425168991, 0.392414957285, 0.346658796072, 0.272632926702, 0.146432131529, 0.520526587963],
        "var": [8.46955680847, 11.2202672958, 11.5274524689, 11.9279184341, 11.280957222, 10.3076133728],
        "cov": [[8.49948501587, 9.01527023315, 8.77252483368, 8.57101917267, 7.94420051575, 6.71323394775], [9.01527023315, 11.2599143982, 11.1758804321, 11.2189235687, 10.6260442734, 9.43389415741], [8.77252483368, 11.1758804321, 11.5681858063, 11.6497993469, 11.1748552322, 10.0999002457], [8.57101917267, 11.2189235687, 11.6497993469, 11.9700660706, 11.5256261826, 10.484664917], [7.94420051575, 10.6260442734, 11.1748552322, 11.5256261826, 11.3208189011, 10.4711236954], [6.71323394775, 9.43389415741, 10.0999002457, 10.484664917, 10.4711236954, 10.3440361023]]
    }
},
"rhythm": {
    "beats_loudness": {
        "kurt": -0.20303273201,
        "max": 0.0896179303527,
        "mean": 0.0194579362869,
        "median": 4.36375967183e-06,
        "min": 5.0927501799e-11,
        "skew": 1.33893811703,
        "var": 0.00132498284802
    },
    "bpm": 90.9217681885,
    "confidence": 3.69052577019,
    "first_peak_bpm": {
        "kurt": 0,
        "max": 91,
        "mean": 91,
        "median": 91,
        "min": 91,
        "skew": 0,
        "var": 0
    },
    "first_peak_spread": {
        "kurt": 0,
        "max": 0.428571403027,
        "mean": 0.428571403027,
        "median": 0.428571403027,
        "min": 0.428571403027,
        "skew": 0,
        "var": 0
    },
    "first_peak_weight": {
        "kurt": 0,
        "max": 0.5,
        "mean": 0.5,
        "median": 0.5,
        "min": 0.5,
        "skew": 0,
        "var": 0
    },
    "onset_rate": 1.22148394585,
    "second_peak_bpm": {
        "kurt": 0,
        "max": 98,
        "mean": 98,
        "median": 98,
        "min": 98,
        "skew": 0,
        "var": 0
    },
    "second_peak_spread": {
        "kurt": 0,
        "max": 0,
        "mean": 0,
        "median": 0,
        "min": 0,
        "skew": 0,
        "var": 0
    },
    "second_peak_weight": {
        "kurt": 0,
        "max": 0.125,
        "mean": 0.125,
        "median": 0.125,
        "min": 0.125,
        "skew": 0,
        "var": 0
    },
    "beats_loudness_band_ratio": {
        "kurt": [-0.726492881775, -1.36895906925, 0.724680185318, 0.419679164886, -0.878186225891, -1.43784832954],
        "max": [0.450613796711, 0.427168518305, 0.394706785679, 0.285758256912, 0.35940900445, 0.670561075211],
        "mean": [0.12355620414, 0.160373345017, 0.101846456528, 0.0754592567682, 0.194522961974, 0.258113473654],
        "median": [0.0201473813504, 0.109334930778, 0.0771936401725, 0.0399684719741, 0.186578437686, 0.124785557389],
        "min": [0, 0, 0, 0, 0, 0],
        "skew": [0.999031364918, 0.517208456993, 1.36809051037, 1.41700959206, -0.231960609555, 0.628524661064],
        "var": [0.0289385188371, 0.0282346773893, 0.0153852505609, 0.00852800533175, 0.012522501871, 0.0742488801479],
        "cov": [[0.0325558334589, 0.0282848011702, -0.00115554989316, -0.00452107889578, -0.00844020396471, -0.0291587822139], [0.0282848011702, 0.0317640118301, 0.00500182900578, 0.000626522640232, -0.00915263779461, -0.0335344485939], [-0.00115554989316, 0.00500182900578, 0.0173084065318, 0.0104957772419, -0.00248281448148, -0.0151035375893], [-0.00452107889578, 0.000626522640232, 0.0104957772419, 0.00959400646389, 0.000185350218089, -0.00557161541656], [-0.00844020396471, -0.00915263779461, -0.00248281448148, 0.000185350218089, 0.0140878148377, 0.0291102398187], [-0.0291587822139, -0.0335344485939, -0.0151035375893, -0.00557161541656, 0.0291102398187, 0.0835299938917]]
    },
    "beats_position": [0.603718817234, 1.21904754639, 1.8575963974, 2.50775504112, 3.16952371597, 3.83129239082, 4.5046710968, 5.16644001007, 5.83981847763],
    "bpm_estimates": [93.9630508423, 92.2851715088, 90.6661224365, 90.6661224365, 89.1029052734, 90.6660919189, 89.102935791],
    "bpm_intervals": [0.615328729153, 0.638548851013, 0.650158643723, 0.66176867485, 0.66176867485, 0.673378705978, 0.661768913269, 0.67337846756],
    "onset_times": [0.0580498874187, 1.2190476656, 1.82276642323, 3.49460315704, 4.5046710968, 5.16644001007, 5.36380958557, 5.52634906769],
    "histogram": [[0, 0, 0, 0, 0, 0, 0, 0, 0, 0, 0, 0, 0, 0, 0, 0, 0, 0, 0, 0, 0, 0, 0, 0, 0, 0, 0, 0, 0, 0, 0, 0, 0, 0, 0, 0, 0, 0, 0, 0, 0, 0, 0, 0, 0, 0, 0, 0, 0, 0, 0, 0, 0, 0, 0, 0, 0, 0, 0, 0, 0, 0, 0, 0, 0, 0, 0, 0, 0, 0, 0, 0, 0, 0, 0, 0, 0, 0, 0, 0, 0, 0, 0, 0, 0, 0, 0, 0, 0, 0.25, 0, 0.375, 0.125, 0, 0.125, 0, 0, 0, 0.125, 0, 0, 0, 0, 0, 0, 0, 0, 0, 0, 0, 0, 0, 0, 0, 0, 0, 0, 0, 0, 0, 0, 0, 0, 0, 0, 0, 0, 0, 0, 0, 0, 0, 0, 0, 0, 0, 0, 0, 0, 0, 0, 0, 0, 0, 0, 0, 0, 0, 0, 0, 0, 0, 0, 0, 0, 0, 0, 0, 0, 0, 0, 0, 0, 0, 0, 0, 0, 0, 0, 0, 0, 0, 0, 0, 0, 0, 0, 0, 0, 0, 0, 0, 0, 0, 0, 0, 0, 0, 0, 0, 0, 0, 0, 0, 0, 0, 0, 0, 0, 0, 0, 0, 0, 0, 0, 0, 0, 0, 0, 0, 0, 0, 0, 0, 0, 0, 0, 0, 0, 0, 0, 0, 0, 0, 0, 0, 0, 0, 0, 0, 0, 0, 0, 0, 0, 0, 0, 0, 0, 0, 0, 0, 0, 0, 0, 0, 0, 0, 0, 0]]
},
"sfx": {
    "inharmonicity": {
        "kurt": 0.47292804718,
        "max": 0.352560371161,
        "mean": 0.0699559226632,
        "median": 0.0254542604089,
        "min": 0,
        "skew": 1.22319030762,
        "var": 0.00796632654965
    },
    "oddtoevenharmonicenergyratio": {
        "kurt": 36.7354164124,
        "max": 12.8669557571,
        "mean": 0.616408586502,
        "median": 0.153321698308,
        "min": 0,
        "skew": 4.898396492,
        "var": 1.51624190807
    },
    "pitch_after_max_to_before_max_energy_ratio": 9.8003320694,
    "pitch_centroid": 142.716171265,
    "pitch_max_to_total": 0.14084507525,
    "pitch_min_to_total": 0.471830993891,
    "tristimulus": {
        "kurt": [-1.72026264668, 2.05650424957, -1.36220264435],
        "max": [1, 0.929055094719, 0.95959353447],
        "mean": [0.554214715958, 0.171677306294, 0.274108052254],
        "median": [0.443459391594, 0.115926608443, 0.146870404482],
        "min": [0, 0, 0],
        "skew": [0.0361483432353, 1.47955536842, 0.382669210434],
        "var": [0.156506210566, 0.0420570895076, 0.0847458615899],
        "cov": [[0.157059237361, -0.0571098066866, -0.0999494194984], [-0.0571098066866, 0.0422056987882, 0.0149041200057], [-0.0999494194984, 0.0149041200057, 0.0850453227758]]
    }
},
"tonal": {
    "chords_changes_rate": 0.118881121278,
    "chords_number_rate": 0.048951048404,
    "chords_strength": {
        "kurt": 0.702933311462,
        "max": 0.625147998333,
        "mean": 0.427494347095,
        "median": 0.424392461777,
        "min": 0.297034710646,
        "skew": 0.642539262772,
        "var": 0.00487899873406
    },
    "key_strength": 0.499210953712,
    "tuning_diatonic_strength": 0.550531327724,
    "tuning_equal_tempered_deviation": 0.259586662054,
    "tuning_frequency": 456.570251465,
    "tuning_nontempered_energy_ratio": 0.885338068008,
    "hpcp": {
        "kurt": [-0.158344984055, 0.181356191635, 0.748243331909, 0.742367267609, 0.575766324997, 0.151776790619, 0.003014087677, -0.57538318634, -0.476589918137, -0.502633571625, -0.940282821655, -0.50146651268, 1.72446775436, 0.948775053024, 0.353224515915, -0.552010536194, -0.08802485466, 2.07103538513, 4.842856884, 5.8299779892, 3.72108507156, 2.07592010498, 0.69975399971, 1.45455741882, 2.330722332, 2.2086763382, 0.416821479797, 0.493667125702, 1.78468465805, 1.75690460205, 0.116333723068, 0.129536867142, 0.232863664627, -0.388656616211, 0.523141384125, 0.0192635059357],
        "max": [1, 1, 1, 1, 1, 1, 1, 1, 1, 1, 1, 1, 1, 1, 1, 1, 1, 0.851110875607, 0.930256783962, 1, 1, 1, 1, 1, 1, 1, 1, 1, 1, 1, 1, 1, 1, 1, 1, 1],
        "mean": [0.220172792673, 0.22498075664, 0.21567389369, 0.210651054978, 0.223922327161, 0.245535463095, 0.261269927025, 0.27344596386, 0.269309610128, 0.306928306818, 0.340366542339, 0.267768740654, 0.210561931133, 0.211240470409, 0.246857538819, 0.308722615242, 0.266656845808, 0.166294395924, 0.123769201338, 0.132904082537, 0.161959141493, 0.189603954554, 0.209308519959, 0.211389437318, 0.196877375245, 0.205221250653, 0.271064132452, 0.266969650984, 0.205902293324, 0.210326880217, 0.245667248964, 0.249846428633, 0.227461323142, 0.234256669879, 0.243187591434, 0.223902106285],
        "median": [0.152434051037, 0.139735117555, 0.117735147476, 0.096078671515, 0.112768560648, 0.120855860412, 0.153053924441, 0.129299223423, 0.181321978569, 0.257262557745, 0.260088413954, 0.189768448472, 0.13752168417, 0.16198156774, 0.186830371618, 0.230427309871, 0.184640362859, 0.112908050418, 0.0775668248534, 0.0823324397206, 0.114199288189, 0.120086178184, 0.135868340731, 0.123519606888, 0.106797866523, 0.154371008277, 0.224054694176, 0.218420475721, 0.179515630007, 0.159548148513, 0.181654751301, 0.176803320646, 0.174544602633, 0.176075935364, 0.185030266643, 0.164583101869],
        "min": [0, 0, 0, 0, 0, 0, 0, 0, 0, 0, 0, 0, 0, 0, 0, 0, 0, 0, 0, 0, 0, 0, 0, 0, 0, 0, 0, 0, 0, 0, 0, 0, 0, 0, 0, 0],
