{
"metadata": {
    "version": {
        "essentia": "2.1-beta3"
    }
},
"lowLevel": {
    "average_loudness": 0.986941158772,
    "barkbands_kurtosis": {
        "kurt": 28.7193222046,
        "max": 8.50604915619,
        "mean": -0.831872224808,
        "median": -1.07996511459,
        "min": -1.71991860867,
        "skew": 4.65562772751,
        "var": 1.21487486362
    },
    "barkbands_skewness": {
        "kurt": 2.72548627853,
        "max": 2.40543031693,
        "mean": 0.372371345758,
        "median": 0.36791074276,
        "min": -1.89917349815,
        "skew": 0.216094389558,
        "var": 0.298321574926
    },
    "barkbands_spread": {
        "kurt": 2.42154407501,
        "max": 60.320690155,
        "mean": 26.8611164093,
        "median": 25.12774086,
        "min": 5.19336557388,
        "skew": 1.40820908546,
        "var": 73.1053237915
    },
    "dissonance": {
        "kurt": 36.1725845337,
        "max": 0.499999940395,
        "mean": 0.477869927883,
        "median": 0.485081344843,
        "min": 0.21757787466,
        "skew": -5.35711622238,
        "var": 0.000937361211982
    },
    "hfc": {
        "kurt": 11.3166217804,
        "max": 179.587387085,
        "mean": 10.228471756,
        "median": 0.00633751275018,
        "min": 1.17173839537e-16,
        "skew": 3.43308854103,
        "var": 906.312866211
    },
    "pitch": {
        "kurt": 2.53352928162,
        "max": 4331.27197266,
        "mean": 823.328979492,
        "median": 391.858551025,
        "min": 95.2818450928,
        "skew": 2.05171942711,
        "var": 1338553
    },
    "pitch_instantaneous_confidence": {
        "kurt": 2.94691705704,
        "max": 0.567726135254,
        "mean": 0.23559743166,
        "median": 0.225724577904,
        "min": 0.0798152089119,
        "skew": 1.28840851784,
        "var": 0.00526050617918
    },
    "pitch_salience": {
        "kurt": 3.13295316696,
        "max": 0.961965799332,
        "mean": 0.768556773663,
        "median": 0.775228977203,
        "min": 0.496683776379,
        "skew": -0.777002692223,
        "var": 0.00354439904913
    },
    "silence_rate_20dB": {
        "kurt": 0,
        "max": 1,
        "mean": 1,
        "median": 1,
        "min": 1,
        "skew": 0,
        "var": 0
    },
    "silence_rate_30dB": {
        "kurt": 0,
        "max": 1,
        "mean": 1,
        "median": 1,
        "min": 1,
        "skew": 0,
        "var": 0
    },
    "silence_rate_60dB": {
        "kurt": 0.295787334442,
        "max": 1,
        "mean": 0.801932394505,
        "median": 1,
        "min": 0,
        "skew": -1.51518201828,
        "var": 0.15883654356
    },
    "spectral_centroid": {
        "kurt": 102.17754364,
        "max": 11363.4316406,
        "mean": 1502.75915527,
        "median": 1405.7064209,
        "min": 299.547943115,
        "skew": 8.69679355621,
        "var": 660168.5625
    },
    "spectral_complexity": {
        "kurt": 3.10716772079,
        "max": 63,
        "mean": 7.48792266846,
        "median": 0,
        "min": 0,
        "skew": 2.13329386711,
        "var": 270.559295654
    },
    "spectral_crest": {
        "kurt": 0.69100689888,
        "max": 11.6191301346,
        "mean": 5.33225011826,
        "median": 4.84288644791,
        "min": 2.20596861839,
        "skew": 0.963303923607,
        "var": 3.32698535919
    },
    "spectral_decrease": {
        "kurt": 9.09116268158,
        "max": 2.88740382551e-30,
        "mean": -1.1503941133e-09,
        "median": -9.21983518178e-13,
        "min": -1.67721943001e-08,
        "skew": -3.16279506683,
        "var": 1.0200012937e-17
    },
    "spectral_energy": {
        "kurt": 9.42287063599,
        "max": 0.0795912072062,
        "mean": 0.00526960380375,
        "median": 3.90107788917e-06,
        "min": 1.06171143859e-20,
        "skew": 3.20532774925,
        "var": 0.000218192319153
    },
    "spectral_energyband_high": {
        "kurt": 17.8176803589,
        "max": 0.0143827274442,
        "mean": 0.000666451407596,
        "median": 1.11017399718e-07,
        "min": 7.65744438274e-21,
        "skew": 4.07843780518,
        "var": 4.64716640636e-06
    },
    "spectral_energyband_low": {
        "kurt": 25.4250278473,
        "max": 0.00559776555747,
        "mean": 0.000195237968001,
        "median": 1.75758501086e-08,
        "min": 3.99555177041e-23,
        "skew": 5.02597618103,
        "var": 7.03444527517e-07
    },
    "spectral_energyband_middle_high": {
        "kurt": 10.8443393707,
        "max": 0.0461248606443,
        "mean": 0.003132175887,
        "median": 2.09534755413e-06,
        "min": 1.3562674255e-21,
        "skew": 3.41969060898,
        "var": 8.36883409647e-05
    },
    "spectral_energyband_middle_low": {
        "kurt": 13.6057109833,
        "max": 0.0245624203235,
        "mean": 0.00138370168861,
        "median": 2.21290224545e-06,
        "min": 4.47962376934e-22,
        "skew": 3.53254413605,
        "var": 1.41424188769e-05
    },
    "spectral_flatness_db": {
        "kurt": -0.310237407684,
        "max": 0.225689575076,
        "mean": 0.151213914156,
        "median": 0.166882500052,
        "min": 0.0451226010919,
        "skew": -0.924547493458,
        "var": 0.00183438439853
    },
    "spectral_flux": {
        "kurt": 3.13255882263,
        "max": 0.268939256668,
        "mean": 0.0320869609714,
        "median": 0.00175998394843,
        "min": 1.03039382582e-10,
        "skew": 2.06416273117,
        "var": 0.0035463378299
    },
    "spectral_kurtosis": {
        "kurt": 8.11361789703,
        "max": 27.2046813965,
        "mean": 5.21432828903,
        "median": 4.18397665024,
        "min": -1.17142093182,
        "skew": 1.98958265781,
        "var": 11.1564445496
    },
    "spectral_rms": {
        "kurt": 4.56590127945,
        "max": 0.00881192181259,
        "mean": 0.00101791427005,
        "median": 6.16922188783e-05,
        "min": 3.21840947989e-12,
        "skew": 2.36324119568,
        "var": 4.10492748415e-06
    },
    "spectral_rolloff": {
        "kurt": 99.4359283447,
        "max": 19035.3515625,
        "mean": 3007.26196289,
        "median": 2863.91601562,
        "min": 409.130859375,
        "skew": 8.38309383392,
        "var": 1768050.375
    },
    "spectral_skewness": {
        "kurt": 8.72089385986,
        "max": 4.30897378922,
        "mean": 1.55289614201,
        "median": 1.48031008244,
        "min": -0.0114135928452,
        "skew": 1.81710338593,
        "var": 0.18410795927
    },
    "spectral_spread": {
        "kurt": 59.051612854,
        "max": 40795140,
        "mean": 4365663.5,
        "median": 3231466.25,
        "min": 2020843.125,
        "skew": 6.32353591919,
        "var": 1.19028423066e+13
    },
    "spectral_strongpeak": {
        "kurt": 17.3214263916,
        "max": 2.72821187973,
        "mean": 0.145057469606,
        "median": 0.00398133136332,
        "min": 0,
        "skew": 4.06124162674,
        "var": 0.161481842399
    },
    "zerocrossingrate": {
        "kurt": 81.3850479126,
        "max": 0.5146484375,
        "mean": 0.0876924842596,
        "median": 0.080078125,
        "min": 0.0302734375,
        "skew": 7.50771427155,
        "var": 0.00138395652175
    },
    "barkbands": {
        "kurt": [22.303445816, 24.0358486176, 36.6292495728, 41.3481407166, 25.3330898285, 15.2962169647, 15.1472225189, 9.91585159302, 7.93170261383, 11.8960800171, 16.1307315826, 12.3977985382, 16.7641944885, 19.0880088806, 16.2255458832, 11.2213716507, 14.1949214935, 20.1590633392, 24.5854587555, 18.3554668427, 21.463891983, 14.4356460571, 12.8863506317, 16.4672546387, 19.8580093384, 20.871471405, 27.0501651764],
        "max": [0.000112936162623, 0.00249837292358, 0.00174367323052, 0.00554205896333, 0.00713763851672, 0.0035576436203, 0.0044799298048, 0.00219094520435, 0.00420009996742, 0.00479566585273, 0.00830263737589, 0.00415124371648, 0.0052714087069, 0.00809492170811, 0.00310941739008, 0.00388652225956, 0.00530686462298, 0.00661039724946, 0.0100210839882, 0.00996297039092, 0.00652501545846, 0.00233809184283, 0.000509942532517, 0.000227023367188, 0.00019634142518, 7.02507668393e-06, 1.29231892743e-07],
        "mean": [4.2422034312e-06, 8.75923433341e-05, 4.41394622612e-05, 0.000130533589981, 0.000245956529398, 0.000196744687855, 0.000264497415628, 0.000145807440276, 0.000313556898618, 0.00028747561737, 0.000441879965365, 0.000247893040068, 0.000265616894467, 0.000377428834327, 0.000162779702805, 0.000233111233683, 0.0002851797326, 0.000286043767119, 0.000377391057555, 0.000463709671749, 0.000248513330007, 0.000113839312689, 2.73528949037e-05, 1.04295359051e-05, 7.61157070883e-06, 2.78163525991e-07, 4.08476008573e-09],
        "median": [1.42187919425e-11, 8.60644533418e-09, 7.04330238577e-09, 5.20452525521e-09, 3.9920186623e-07, 7.41615508559e-07, 4.52515791949e-07, 3.39926714332e-07, 2.20670131057e-07, 1.45901282167e-07, 1.87115801964e-07, 1.27896143454e-07, 1.23741116909e-07, 1.66398365309e-07, 8.46287733225e-08, 2.04919388125e-07, 3.12004317493e-07, 2.76933462828e-07, 3.32638109057e-07, 1.70154024204e-07, 3.41497568002e-08, 1.46922998212e-08, 1.21558663135e-09, 1.65425034782e-10, 2.35280527699e-11, 4.41546213654e-13, 8.68447430939e-14],
        "min": [3.70723683573e-24, 1.97230640647e-23, 1.50185768828e-23, 1.69185720388e-23, 1.3122385614e-22, 7.87488097919e-23, 3.14586274742e-23, 7.78267134353e-23, 7.14259528483e-23, 6.39184835202e-23, 6.37943357463e-23, 4.5776894666e-23, 1.16246694455e-22, 5.68035829329e-23, 8.52547539366e-23, 9.31750183992e-23, 2.13800566143e-22, 2.55950502403e-22, 2.82264175898e-22, 2.39746264424e-22, 5.51928286765e-22, 5.4639404255e-22, 8.26592084452e-22, 7.86836675516e-22, 1.04122732854e-21, 1.79911964984e-21, 2.29040798425e-21],
        "skew": [4.67808437347, 4.90626907349, 5.85270929337, 6.13480091095, 4.98169755936, 3.76636719704, 3.54409170151, 3.05536389351, 2.97688317299, 3.53885436058, 4.12192249298, 3.40227341652, 3.8017449379, 4.4023475647, 3.8381061554, 3.41241168976, 3.85388898849, 4.23016023636, 4.58642148972, 4.1913819313, 4.34103298187, 3.73572492599, 3.60942983627, 3.99429702759, 4.3357667923, 4.49695491791, 4.95479249954],
        "var": [2.8303748234e-10, 1.44249241885e-07, 4.20758361486e-08, 3.77728213152e-07, 9.28777183162e-07, 3.02625068116e-07, 4.43596917421e-07, 1.27045737486e-07, 7.25935421997e-07, 7.2917646321e-07, 2.26238103096e-06, 4.597022496e-07, 5.47515014659e-07, 1.73143007487e-06, 2.18023998855e-07, 4.55395763765e-07, 8.62589160988e-07, 7.92593823462e-07, 1.56045337008e-06, 2.29440274779e-06, 6.85023053393e-07, 1.22369570477e-07, 7.04261227114e-09, 1.14783116345e-09, 7.28629323543e-10, 1.06826971314e-12, 2.51388499666e-16],
        "cov": [[2.84411438845e-10, 6.23713036774e-09, 2.98904034857e-09, 9.49693124142e-09, 1.51170453933e-08, 8.23333046185e-09, 8.44275671597e-09, 3.56401974599e-09, 8.92193163793e-09, 8.39205060998e-09, 1.11960556382e-08, 6.00740346357e-09, 8.49681658366e-09, 9.79830794279e-09, 4.83436402021e-09, 8.06321676095e-09, 9.96856819313e-09, 1.22057457475e-08, 1.73520664504e-08, 2.36470736326e-08, 1.27832038288e-08, 4.84409223844e-09, 1.12473819147e-09, 5.11613029719e-10, 4.39361963478e-10, 1.71862316045e-11, 2.6161261742e-13], [6.23713036774e-09, 1.44949481751e-07, 7.42498968975e-08, 2.03484290751e-07, 3.18694617363e-07, 1.77607461183e-07, 1.74000163611e-07, 7.97951358322e-08, 1.96520829832e-07, 1.86726779816e-07, 2.58868453784e-07, 1.36828163022e-07, 1.91222738977e-07, 2.27658475183e-07, 1.18998400467e-07, 1.80839506925e-07, 2.24450786845e-07, 2.7921862511e-07, 3.96059419927e-07, 5.21429114997e-07, 2.73167387377e-07, 1.12323398582e-07, 2.53655603188e-08, 1.16615925805e-08, 9.62104440561e-09, 3.81757098156e-10, 5.7692119311e-12], [2.98904034857e-09, 7.42498968975e-08, 4.22800852107e-08, 9.58872945489e-08, 1.4417152272e-07, 8.86877273842e-08, 8.53325659023e-08, 4.09891143249e-08, 1.10133079545e-07, 1.04149826541e-07, 1.59053357152e-07, 7.73309452029e-08, 1.00310366236e-07, 1.4260032799e-07, 7.12413239512e-08, 9.4978496179e-08, 1.24609741192e-07, 1.48513436216e-07, 2.08568863513e-07, 2.57760433442e-07, 1.29581437136e-07, 6.0382888023e-08, 1.36885773827e-08, 6.26081853028e-09, 4.72798244999e-09, 1.88814061608e-10, 2.8232772023e-12], [9.49693124142e-09, 2.03484290751e-07, 9.58872945489e-08, 3.79561839736e-07, 5.75596800445e-07, 2.84241707504e-07, 3.08028774043e-07, 1.10727519598e-07, 2.47497524697e-07, 2.17594944729e-07, 2.12818576983e-07, 1.46852812577e-07, 2.55589668541e-07, 1.81876302463e-07, 1.26513612031e-07, 2.05924635566e-07, 2.44517337933e-07, 3.54082601461e-07, 5.42806844805e-07, 6.93162689913e-07, 3.96492879418e-07, 1.38663409643e-07, 3.27099449748e-08, 1.65109010908e-08, 1.45630760784e-08, 5.58913526572e-10, 8.93311726674e-12], [1.51170453933e-08, 3.18694617363e-07, 1.4417152272e-07, 5.75596800445e-07, 9.33285832616e-07, 4.42317087845e-07, 5.06688195401e-07, 2.00857058985e-07, 4.18092128029e-07, 3.59631286528e-07, 3.92755993062e-07, 2.76229940255e-07, 4.24171048508e-07, 3.26209004697e-07, 2.16177312495e-07, 3.61527355608e-07, 4.20419922875e-07, 5.96060942826e-07, 8.77617935657e-07, 1.1451733144e-06, 6.65716356707e-07, 2.27241201856e-07, 5.22716305795e-08, 2.57142858118e-08, 2.37085568955e-08, 8.86552165014e-10, 1.39627901255e-11], [8.23333046185e-09, 1.77607461183e-07, 8.86877273842e-08, 2.84241707504e-07, 4.42317087845e-07, 3.04094129433e-07, 3.27721920712e-07, 1.4462275999e-07, 3.84733624514e-07, 3.8789539758e-07, 5.51053688014e-07, 2.50226321441e-07, 3.48721243881e-07, 4.57405207044e-07, 1.99949809598e-07, 2.99813706306e-07, 3.98326761797e-07, 4.14246756009e-07, 6.06670539582e-07, 7.5466442695e-07, 4.05841660722e-07, 1.72174537738e-07, 4.24834745161e-08, 1.76652168449e-08, 1.34843585187e-08, 5.24929599788e-10, 7.93371618402e-12], [8.44275671597e-09, 1.74000163611e-07, 8.53325659023e-08, 3.08028774043e-07, 5.06688195401e-07, 3.27721920712e-07, 4.45750316658e-07, 1.94214322846e-07, 4.68646447871e-07, 4.3545810513e-07, 6.48929528779e-07, 3.40492562145e-07, 3.93508912566e-07, 5.30135650934e-07, 2.34974748992e-07, 3.40567112289e-07, 4.71972839478e-07, 4.91900493671e-07, 7.27310293769e-07, 8.21495575565e-07, 4.70856207357e-07, 1.76168370558e-07, 4.56360638168e-08, 1.91245241865e-08, 1.51791148539e-08, 5.4642906866e-10, 7.98025968224e-12], [3.56401974599e-09, 7.97951358322e-08, 4.09891143249e-08, 1.10727519598e-07, 2.00857058985e-07, 1.4462275999e-07, 1.94214322846e-07, 1.27662460159e-07, 2.26871719633e-07, 2.11800511352e-07, 3.23505133792e-07, 1.91059427834e-07, 2.15091787936e-07, 2.33609611655e-07, 1.2704082053e-07, 1.73939525894e-07, 2.14688242295e-07, 2.46166621309e-07, 3.52097941914e-07, 3.82606401672e-07, 2.07382129247e-07, 8.83294219989e-08, 2.04529087e-08, 8.26388291131e-09, 6.5034870822e-09, 2.35412855876e-10, 3.31092857124e-12], [8.92193163793e-09, 1.96520829832e-07, 1.10133079545e-07, 2.47497524697e-07, 4.18092128029e-07, 3.84733624514e-07, 4.68646447871e-07, 2.26871719633e-07, 7.29459372906e-07, 6.80670723341e-07, 1.14852309707e-06, 5.20590219821e-07, 5.44255271961e-07, 1.02275942027e-06, 3.65470299357e-07, 5.36506661319e-07, 7.33662659513e-07, 6.53823747143e-07, 8.70176052103e-07, 1.04128810108e-06, 5.49561548269e-07, 2.65659082288e-07, 6.59495640321e-08, 2.4709173374e-08, 1.68098512887e-08, 6.28099128264e-10, 8.70571236627e-12], [8.39205060998e-09, 1.86726779816e-07, 1.04149826541e-07, 2.17594944729e-07, 3.59631286528e-07, 3.8789539758e-07, 4.3545810513e-07, 2.11800511352e-07, 6.80670723341e-07, 7.32716102902e-07, 1.21517757634e-06, 4.72868265433e-07, 5.67020947528e-07, 1.0079694448e-06, 3.65859250451e-07, 5.17098442288e-07, 7.43670057091e-07, 6.27081135463e-07, 8.72434952726e-07, 1.02569038063e-06, 5.27201564182e-07, 2.64814758566e-07, 6.71417339504e-08, 2.41102888765e-08, 1.5560646105e-08, 6.04910233015e-10, 8.23566475433e-12], [1.11960556382e-08, 2.58868453784e-07, 1.59053357152e-07, 2.12818576983e-07, 3.92755993062e-07, 5.51053688014e-07, 6.48929528779e-07, 3.23505133792e-07, 1.14852309707e-06, 1.21517757634e-06, 2.27336340686e-06, 8.7170445795e-07, 9.10552671485e-07, 1.85543422049e-06, 6.35141532257e-07, 8.84652138211e-07, 1.30073112814e-06, 1.0749510011e-06, 1.33929256663e-06, 1.56523140049e-06, 8.14372015157e-07, 4.34203712985e-07, 1.07366709301e-07, 3.70828807661e-08, 2.35671446802e-08, 8.52220793934e-10, 1.06373677228e-11], [6.00740346357e-09, 1.36828163022e-07, 7.73309452029e-08, 1.46852812577e-07, 2.76229940255e-07, 2.50226321441e-07, 3.40492562145e-07, 1.91059427834e-07, 5.20590219821e-07, 4.72868265433e-07, 8.7170445795e-07, 4.61933808538e-07, 4.12340710909e-07, 7.43943985526e-07, 2.78748956362e-07, 4.20792076739e-07, 5.46685669178e-07, 5.3269639011e-07, 6.5453531306e-07, 7.50197898469e-07, 4.18798862256e-07, 1.91897370883e-07, 4.43581136267e-08, 1.67893148273e-08, 1.23381331818e-08, 4.24078216987e-10, 5.31627866729e-12], [8.49681658366e-09, 1.91222738977e-07, 1.00310366236e-07, 2.55589668541e-07, 4.24171048508e-07, 3.48721243881e-07, 3.93508912566e-07, 2.15091787936e-07, 5.44255271961e-07, 5.67020947528e-07, 9.10552671485e-07, 4.12340710909e-07, 5.50172842395e-07, 6.78136188981e-07, 2.98239797303e-07, 4.34314756603e-07, 5.56781913019e-07, 5.75486239995e-07, 7.89303442161e-07, 9.05428350961e-07, 4.73730324302e-07, 2.30239507459e-07, 5.36380326821e-08, 2.06773407285e-08, 1.51271972726e-08, 5.6648380431e-10, 8.08278704384e-12], [9.79830794279e-09, 2.27658475183e-07, 1.4260032799e-07, 1.81876302463e-07, 3.26209004697e-07, 4.57405207044e-07, 5.30135650934e-07, 2.33609611655e-07, 1.02275942027e-06, 1.0079694448e-06, 1.85543422049e-06, 7.43943985526e-07, 6.78136188981e-07, 1.73983505647e-06, 5.33612308118e-07, 7.75629644068e-07, 1.15164664294e-06, 8.82116239609e-07, 1.10329290237e-06, 1.35330765261e-06, 7.06211210399e-07, 3.7467938796e-07, 9.37840809456e-08, 3.29851346237e-08, 1.99788861011e-08, 7.55267182129e-10, 9.45735330327e-12], [4.83436402021e-09, 1.18998400467e-07, 7.12413239512e-08, 1.26513612031e-07, 2.16177312495e-07, 1.99949809598e-07, 2.34974748992e-07, 1.2704082053e-07, 3.65470299357e-07, 3.65859250451e-07, 6.35141532257e-07, 2.78748956362e-07, 2.98239797303e-07, 5.33612308118e-07, 2.19082366471e-07, 2.88671202497e-07, 3.92514863279e-07, 3.70694635876e-07, 4.90549950882e-07, 5.60337809929e-07, 2.87672378363e-07, 1.50020014189e-07, 3.54371358924e-08, 1.3593195014e-08, 9.04329766627e-09, 3.41932065995e-10, 4.63115266622e-12], [8.06321676095e-09, 1.80839506925e-07, 9.4978496179e-08, 2.05924635566e-07, 3.61527355608e-07, 2.99813706306e-07, 3.40567112289e-07, 1.73939525894e-07, 5.36506661319e-07, 5.17098442288e-07, 8.84652138211e-07, 4.20792076739e-07, 4.34314756603e-07, 7.75629644068e-07, 2.88671202497e-07, 4.57606404325e-07, 5.7906913753e-07, 5.55565463856e-07, 7.0668340868e-07, 8.98958546713e-07, 4.7979926876e-07, 2.20954234464e-07, 5.14208338132e-08, 1.9501582571e-08, 1.44601868257e-08, 5.4609011757e-10, 7.43991413615e-12], [9.96856819313e-09, 2.24450786845e-07, 1.24609741192e-07, 2.44517337933e-07, 4.20419922875e-07, 3.98326761797e-07, 4.71972839478e-07, 2.14688242295e-07, 7.33662659513e-07, 7.43670057091e-07, 1.30073112814e-06, 5.46685669178e-07, 5.56781913019e-07, 1.15164664294e-06, 3.92514863279e-07, 5.7906913753e-07, 8.66776474595e-07, 7.3212731877e-07, 1.00464626485e-06, 1.18776506497e-06, 6.38022356725e-07, 2.8884582548e-07, 7.23132131952e-08, 2.7000380598e-08, 1.87738269375e-08, 7.06388558758e-10, 9.22606956111e-12], [1.22057457475e-08, 2.7921862511e-07, 1.48513436216e-07, 3.54082601461e-07, 5.96060942826e-07, 4.14246756009e-07, 4.91900493671e-07, 2.46166621309e-07, 6.53823747143e-07, 6.27081135463e-07, 1.0749510011e-06, 5.3269639011e-07, 5.75486239995e-07, 8.82116239609e-07, 3.70694635876e-07, 5.55565463856e-07, 7.3212731877e-07, 7.96441383955e-07, 1.03321860934e-06, 1.2529877722e-06, 6.81383710344e-07, 2.88512723046e-07, 6.72654962841e-08, 2.76710334646e-08, 2.16719673318e-08, 7.93366705665e-10, 1.08483682107e-11], [1.73520664504e-08, 3.96059419927e-07, 2.08568863513e-07, 5.42806844805e-07, 8.77617935657e-07, 6.06670539582e-07, 7.27310293769e-07, 3.52097941914e-07, 8.70176052103e-07, 8.72434952726e-07, 1.33929256663e-06, 6.5453531306e-07, 7.89303442161e-07, 1.10329290237e-06, 4.90549950882e-07, 7.0668340868e-07, 1.00464626485e-06, 1.03321860934e-06, 1.56802832407e-06, 1.75207833308e-06, 9.45954525378e-07, 3.77144147024e-07, 9.34513906259e-08, 3.89409748891e-08, 3.00659728225e-08, 1.15024056946e-09, 1.61344635569e-11], [2.36470736326e-08, 5.21429114997e-07, 2.57760433442e-07, 6.93162689913e-07, 1.1451733144e-06, 7.5466442695e-07, 8.21495575565e-07, 3.82606401672e-07, 1.04128810108e-06, 1.02569038063e-06, 1.56523140049e-06, 7.50197898469e-07, 9.05428350961e-07, 1.35330765261e-06, 5.60337809929e-07, 8.98958546713e-07, 1.18776506497e-06, 1.2529877722e-06, 1.75207833308e-06, 2.30554064728e-06, 1.21745119941e-06, 4.83320889089e-07, 1.17673906175e-07, 4.82341455665e-08, 3.86424687804e-08, 1.50855616887e-09, 2.16267281861e-11], [1.27832038288e-08, 2.73167387377e-07, 1.29581437136e-07, 3.96492879418e-07, 6.65716356707e-07, 4.05841660722e-07, 4.70856207357e-07, 2.07382129247e-07, 5.49561548269e-07, 5.27201564182e-07, 8.14372015157e-07, 4.18798862256e-07, 4.73730324302e-07, 7.06211210399e-07, 2.87672378363e-07, 4.7979926876e-07, 6.38022356725e-07, 6.81383710344e-07, 9.45954525378e-07, 1.21745119941e-06, 6.88348393396e-07, 2.51611169233e-07, 6.07182073509e-08, 2.5490793476e-08, 2.16122408858e-08, 8.08985378686e-10, 1.14552109118e-11], [4.84409223844e-09, 1.12323398582e-07, 6.0382888023e-08, 1.38663409643e-07, 2.27241201856e-07, 1.72174537738e-07, 1.76168370558e-07, 8.83294219989e-08, 2.65659082288e-07, 2.64814758566e-07, 4.34203712985e-07, 1.91897370883e-07, 2.30239507459e-07, 3.7467938796e-07, 1.50020014189e-07, 2.20954234464e-07, 2.8884582548e-07, 2.88512723046e-07, 3.77144147024e-07, 4.83320889089e-07, 2.51611169233e-07, 1.22963598415e-07, 2.8130358487e-08, 1.12190985391e-08, 8.13902278907e-09, 3.16172615866e-10, 4.52229356393e-12], [1.12473819147e-09, 2.53655603188e-08, 1.36885773827e-08, 3.27099449748e-08, 5.22716305795e-08, 4.24834745161e-08, 4.56360638168e-08, 2.04529087e-08, 6.59495640321e-08, 6.71417339504e-08, 1.07366709301e-07, 4.43581136267e-08, 5.36380326821e-08, 9.37840809456e-08, 3.54371358924e-08, 5.14208338132e-08, 7.23132131952e-08, 6.72654962841e-08, 9.34513906259e-08, 1.17673906175e-07, 6.07182073509e-08, 2.8130358487e-08, 7.07679959078e-09, 2.73610023527e-09, 1.92248506004e-09, 7.5463545135e-11, 1.07745409816e-12], [5.11613029719e-10, 1.16615925805e-08, 6.26081853028e-09, 1.65109010908e-08, 2.57142858118e-08, 1.76652168449e-08, 1.91245241865e-08, 8.26388291131e-09, 2.4709173374e-08, 2.41102888765e-08, 3.70828807661e-08, 1.67893148273e-08, 2.06773407285e-08, 3.29851346237e-08, 1.3593195014e-08, 1.9501582571e-08, 2.7000380598e-08, 2.76710334646e-08, 3.89409748891e-08, 4.82341455665e-08, 2.5490793476e-08, 1.12190985391e-08, 2.73610023527e-09, 1.15340315077e-09, 8.51070658392e-10, 3.30122769399e-11, 4.81956325977e-13], [4.39361963478e-10, 9.62104440561e-09, 4.72798244999e-09, 1.45630760784e-08, 2.37085568955e-08, 1.34843585187e-08, 1.51791148539e-08, 6.5034870822e-09, 1.68098512887e-08, 1.5560646105e-08, 2.35671446802e-08, 1.23381331818e-08, 1.51271972726e-08, 1.99788861011e-08, 9.04329766627e-09, 1.44601868257e-08, 1.87738269375e-08, 2.16719673318e-08, 3.00659728225e-08, 3.86424687804e-08, 2.16122408858e-08, 8.13902278907e-09, 1.92248506004e-09, 8.51070658392e-10, 7.32166327566e-10, 2.72782438998e-11, 4.03521481637e-13], [1.71862316045e-11, 3.81757098156e-10, 1.88814061608e-10, 5.58913526572e-10, 8.86552165014e-10, 5.24929599788e-10, 5.4642906866e-10, 2.35412855876e-10, 6.28099128264e-10, 6.04910233015e-10, 8.52220793934e-10, 4.24078216987e-10, 5.6648380431e-10, 7.55267182129e-10, 3.41932065995e-10, 5.4609011757e-10, 7.06388558758e-10, 7.93366705665e-10, 1.15024056946e-09, 1.50855616887e-09, 8.08985378686e-10, 3.16172615866e-10, 7.5463545135e-11, 3.30122769399e-11, 2.72782438998e-11, 1.07345545213e-12, 1.61162265309e-14], [2.6161261742e-13, 5.7692119311e-12, 2.8232772023e-12, 8.93311726674e-12, 1.39627901255e-11, 7.93371618402e-12, 7.98025968224e-12, 3.31092857124e-12, 8.70571236627e-12, 8.23566475433e-12, 1.06373677228e-11, 5.31627866729e-12, 8.08278704384e-12, 9.45735330327e-12, 4.63115266622e-12, 7.43991413615e-12, 9.22606956111e-12, 1.08483682107e-11, 1.61344635569e-11, 2.16267281861e-11, 1.14552109118e-11, 4.52229356393e-12, 1.07745409816e-12, 4.81956325977e-13, 4.03521481637e-13, 1.61162265309e-14, 2.52608835915e-16]]
    },
    "mfcc": {
        "kurt": [-0.691650390625, -1.6481307745, -1.33144140244, 3.39178991318, -0.575500011444, -1.23730409145, -0.94348692894, -0.625267028809, -0.80718755722, -0.9191198349, 0.161292314529, 0.276482105255, 2.02470779419],
        "max": [-494.777984619, 114.70010376, 12.2959289551, 55.5975875854, 4.76275634766, 10.6382255554, 14.5706348419, 7.33262825012, 6.56568908691, 3.73848342896, 9.45476150513, 4.15337371826, 7.63514709473],
        "mean": [-950.424316406, 51.3167266846, -31.5578784943, 4.75741577148, -16.7561645508, -14.2354974747, -10.1077690125, -10.7579526901, -9.50439929962, -7.45939826965, -4.62915468216, -4.06508922577, -1.38635981083],
        "median": [-1034.32312012, 68.5672073364, -19.269443512, 0.143543243408, -10.0259304047, -11.1053009033, -8.14064788818, -10.6649150848, -7.28993988037, -6.27519226074, -3.11397743225, -2.69277572632, -0.165100097656],
        "min": [-1138.42004395, 1.14440917969e-05, -97.2096099854, -17.4872550964, -61.521736145, -48.555065155, -36.8437042236, -40.5092697144, -35.0749588013, -24.425743103, -23.7508907318, -22.7713546753, -16.09141922],
        "skew": [0.815219581127, -0.119602516294, -0.512904882431, 1.7950373888, -0.883564710617, -0.40993231535, -0.326816946268, -0.53899949789, -0.558293521404, -0.545491158962, -0.789649605751, -0.865552723408, -1.09562003613],
        "var": [42755.375, 1663.79125977, 1321.44213867, 153.340194702, 357.087799072, 214.877838135, 134.201629639, 118.285888672, 103.084136963, 51.0814590454, 30.7705402374, 26.1056251526, 14.5041885376],
        "cov": [[42962.9257812, 6429.59423828, -5760.38085938, 1252.70117188, -3037.73022461, -376.492553711, -586.641479492, -1019.28509521, -685.622436523, -741.55847168, -455.098937988, -576.321777344, -321.264678955], [6429.59423828, 1671.86791992, -1252.45043945, 215.906112671, -585.203369141, -384.851196289, -250.002212524, -343.478149414, -268.996368408, -233.174591064, -149.53855896, -142.413116455, -58.4115371704], [-5760.38085938, -1252.45043945, 1327.85693359, -90.4701690674, 635.162902832, 247.632080078, 232.082687378, 283.114685059, 239.356063843, 201.627197266, 116.46522522, 127.29875946, 70.8387069702], [1252.70117188, 215.906112671, -90.4701690674, 154.084579468, -21.3035144806, 20.6355648041, 31.3899250031, -21.0041637421, 21.3099155426, -11.573589325, -5.45433139801, -14.8949871063, -6.32815408707], [-3037.73022461, -585.203369141, 635.162902832, -21.3035144806, 358.821228027, 116.125328064, 140.741668701, 149.366851807, 131.123458862, 100.556480408, 53.5728721619, 57.5484352112, 35.42162323], [-376.492553711, -384.851196289, 247.632080078, 20.6355648041, 116.125328064, 215.920928955, 121.44619751, 108.57434845, 111.771606445, 69.0798568726, 48.3731689453, 31.1802616119, 3.07725977898], [-586.641479492, -250.002212524, 232.082687378, 31.3899250031, 140.741668701, 121.44619751, 134.853088379, 104.68522644, 100.15448761, 56.8522529602, 37.8014602661, 29.3862895966, 8.95279121399], [-1019.28509521, -343.478149414, 283.114685059, -21.0041637421, 149.366851807, 108.57434845, 104.68522644, 118.860092163, 92.9446411133, 63.5663223267, 40.9001159668, 32.4177894592, 11.3197784424], [-685.622436523, -268.996368408, 239.356063843, 21.3099155426, 131.123458862, 111.771606445, 100.15448761, 92.9446411133, 103.584541321, 57.3706245422, 37.5557937622, 26.2354106903, 9.61927700043], [-741.55847168, -233.174591064, 201.627197266, -11.573589325, 100.556480408, 69.0798568726, 56.8522529602, 63.5663223267, 57.3706245422, 51.3294296265, 27.2051086426, 20.6942501068, 12.3687362671], [-455.098937988, -149.53855896, 116.46522522, -5.45433139801, 53.5728721619, 48.3731689453, 37.8014602661, 40.9001159668, 37.5557937622, 27.2051086426, 30.9199123383, 18.8509159088, 3.86101675034], [-576.321777344, -142.413116455, 127.29875946, -14.8949871063, 57.5484352112, 31.1802616119, 29.3862895966, 32.4177894592, 26.2354106903, 20.6942501068, 18.8509159088, 26.2323513031, 9.28787899017], [-321.264678955, -58.4115371704, 70.8387069702, -6.32815408707, 35.42162323, 3.07725977898, 8.95279121399, 11.3197784424, 9.61927700043, 12.3687362671, 3.86101675034, 9.28787899017, 14.574596405]]
    },
    "sccoeffs": {
        "kurt": [-0.923115253448, 0.0179266929626, 0.577587127686, -0.480109214783, 0.860531330109, -0.448623657227],
        "max": [-0.547240555286, -0.674698650837, -0.71456193924, -0.754329264164, -0.732878267765, -0.701196491718],
        "mean": [-0.745262086391, -0.848142743111, -0.873323202133, -0.869511008263, -0.859084844589, -0.797254562378],
        "median": [-0.75715470314, -0.85923987627, -0.887273669243, -0.880664050579, -0.862719535828, -0.773646652699],
        "min": [-0.956433415413, -0.959612548351, -0.960039317608, -0.962139189243, -0.96843200922, -0.959087908268],
        "skew": [0.0104206921533, 0.568606436253, 0.879803419113, 0.686957120895, 0.285799771547, -0.85596871376],
        "var": [0.0105321975425, 0.0032167211175, 0.00243777432479, 0.00251091667451, 0.00156960461754, 0.00349042098969],
        "cov": [[0.0105833243579, 0.00324334506877, 0.00280756573193, 0.0031170162838, 0.00240480317734, 0.00453165685758], [0.00324334506877, 0.00323233613744, 0.00202074437402, 0.00183280545752, 0.00162447209004, 0.00198743864894], [0.00280756573193, 0.00202074437402, 0.00244960817508, 0.00199809600599, 0.00165381014813, 0.00203947722912], [0.0031170162838, 0.00183280545752, 0.00199809600599, 0.00252310559154, 0.00167267455254, 0.00216866331175], [0.00240480317734, 0.00162447209004, 0.00165381014813, 0.00167267455254, 0.00157722411677, 0.00174082256854], [0.00453165685758, 0.00198743864894, 0.00203947722912, 0.00216866331175, 0.00174082256854, 0.00350736477412]]
    },
    "scvalleys": {
        "kurt": [4.53727769852, 2.85548400879, 1.75860500336, 1.31349611282, 1.52431964874, -0.326964139938],
        "max": [-4.13450098038, -4.4263420105, -4.36632108688, -4.77167415619, -4.8331155777, -7.07517957687],
        "mean": [-10.9668731689, -9.32784080505, -9.73934650421, -10.1310539246, -10.4053916931, -13.5937490463],
        "median": [-11.3912591934, -8.82264900208, -9.51702594757, -10.0986404419, -10.2993097305, -14.4109220505],
        "min": [-27.681722641, -27.491853714, -27.3878612518, -27.3299503326, -27.3980293274, -27.2620220184],
        "skew": [-0.380361646414, -0.988425374031, -0.733090877533, -0.662402510643, -0.630836009979, 0.186927929521],
        "var": [8.45530128479, 11.1060848236, 12.2377576828, 12.3848981857, 11.4854860306, 12.5114650726],
        "cov": [[8.49634647369, 8.96196269989, 9.53374958038, 9.54866218567, 9.28059864044, 9.57837200165], [8.96196269989, 11.1599969864, 11.5948095322, 11.6578388214, 11.1869525909, 11.0110826492], [9.53374958038, 11.5948095322, 12.2971639633, 12.3167886734, 11.8346061707, 11.7483053207], [9.54866218567, 11.6578388214, 12.3167886734, 12.4450187683, 11.9357185364, 11.8738384247], [9.28059864044, 11.1869525909, 11.8346061707, 11.9357185364, 11.5412406921, 11.5598888397], [9.57837200165, 11.0110826492, 11.7483053207, 11.8738384247, 11.5598888397, 12.5722007751]]
    }
},
"rhythm": {
    "beats_loudness": {
        "kurt": -0.543094396591,
        "max": 0.0513605922461,
        "mean": 0.0272389277816,
        "median": 0.0330524668097,
        "min": 1.16862182153e-07,
        "skew": -0.595707654953,
        "var": 0.000239985994995
    },
    "bpm": 111.550361633,
    "confidence": 0,
    "first_peak_bpm": {
        "kurt": 0,
        "max": 112,
        "mean": 112,
        "median": 112,
        "min": 112,
        "skew": 0,
        "var": 0
    },
    "first_peak_spread": {
        "kurt": 0,
        "max": 0.333333313465,
        "mean": 0.333333313465,
        "median": 0.333333313465,
        "min": 0.333333313465,
        "skew": 0,
        "var": 0
    },
    "first_peak_weight": {
        "kurt": 0,
        "max": 0.25,
        "mean": 0.25,
        "median": 0.25,
        "min": 0.25,
        "skew": 0,
        "var": 0
    },
    "onset_rate": 1.88328289986,
    "second_peak_bpm": {
        "kurt": 0,
        "max": 120,
        "mean": 120,
        "median": 120,
        "min": 120,
        "skew": 0,
        "var": 0
    },
    "second_peak_spread": {
        "kurt": 0,
        "max": 0,
        "mean": 0,
        "median": 0,
        "min": 0,
        "skew": 0,
        "var": 0
    },
    "second_peak_weight": {
        "kurt": 0,
        "max": 0.25,
        "mean": 0.25,
        "median": 0.25,
        "min": 0.25,
        "skew": 0,
        "var": 0
    },
    "beats_loudness_band_ratio": {
        "kurt": [3.87589120865, 3.79088306427, 1.15370750427, 3.24197149277, -0.287552595139, 0.47722697258],
        "max": [0.0736988410354, 0.364173650742, 0.365599393845, 0.347491443157, 0.35723850131, 0.186564058065],
        "mean": [0.0141914952546, 0.0994051098824, 0.212229564786, 0.2887596488, 0.281011372805, 0.149306297302],
        "median": [0.00628268159926, 0.0653497502208, 0.194575205445, 0.306860268116, 0.307974249125, 0.162979394197],
        "min": [0.00277157709934, 0.0396298021078, 0.141346678138, 0.102606534958, 0.141842663288, 0.0681379288435],
        "skew": [2.39197325706, 2.36010193825, 1.385212183, -2.13264727592, -1.03381359577, -1.31442141533],
        "var": [0.000450903200544, 0.00898672454059, 0.00399814220145, 0.00465825386345, 0.00452053546906, 0.00125517358538],
        "cov": [[0.000507266086061, 0.00217346008867, -0.000627588538919, -0.0015644885134, 1.75041495822e-05, -0.000628988316748], [0.00217346008867, 0.010110065341, -0.00130815210287, -0.00684581836686, -0.00129199773073, -0.00336043559946], [-0.000627588538919, -0.00130815210287, 0.00449790991843, 0.00234358455054, -0.00420729955658, -0.000467060395749], [-0.0015644885134, -0.00684581836686, 0.00234358455054, 0.00524053582922, -0.000782930641435, 0.00202691787854], [1.75041495822e-05, -0.00129199773073, -0.00420729955658, -0.000782930641435, 0.00508560240269, 0.00112461484969], [-0.000628988316748, -0.00336043559946, -0.000467060395749, 0.00202691787854, 0.00112461484969, 0.00141207023989]]
    },
    "beats_position": [0.429569154978, 0.882358253002, 1.34675729275, 1.8111563921, 2.31038546562, 2.85605430603, 3.39011335373, 3.92417216301, 4.42340135574],
    "bpm_estimates": [109.956802368, 112.347129822, 112.347175598],
    "bpm_intervals": [0.452789098024, 0.464399039745, 0.46439909935, 0.499229073524, 0.545668840408, 0.534059047699, 0.53405880928, 0.499229192734],
    "onset_times": [0.0580498874187, 0.777868509293, 1.33514738083, 1.78793644905, 2.27555561066, 2.85605430603, 3.39011335373, 3.92417240143, 4.36535167694],
    "histogram": [[0, 0, 0, 0, 0, 0, 0, 0, 0, 0, 0, 0, 0, 0, 0, 0, 0, 0, 0, 0, 0, 0, 0, 0, 0, 0, 0, 0, 0, 0, 0, 0, 0, 0, 0, 0, 0, 0, 0, 0, 0, 0, 0, 0, 0, 0, 0, 0, 0, 0, 0, 0, 0, 0, 0, 0, 0, 0, 0, 0, 0, 0, 0, 0, 0, 0, 0, 0, 0, 0, 0, 0, 0, 0, 0, 0, 0, 0, 0, 0, 0, 0, 0, 0, 0, 0, 0, 0, 0, 0, 0, 0, 0, 0, 0, 0, 0, 0, 0, 0, 0, 0, 0, 0, 0, 0, 0, 0, 0, 0, 0.125, 0, 0.25, 0, 0, 0, 0, 0, 0, 0, 0.25, 0, 0, 0, 0, 0, 0, 0, 0, 0.25, 0, 0, 0, 0.125, 0, 0, 0, 0, 0, 0, 0, 0, 0, 0, 0, 0, 0, 0, 0, 0, 0, 0, 0, 0, 0, 0, 0, 0, 0, 0, 0, 0, 0, 0, 0, 0, 0, 0, 0, 0, 0, 0, 0, 0, 0, 0, 0, 0, 0, 0, 0, 0, 0, 0, 0, 0, 0, 0, 0, 0, 0, 0, 0, 0, 0, 0, 0, 0, 0, 0, 0, 0, 0, 0, 0, 0, 0, 0, 0, 0, 0, 0, 0, 0, 0, 0, 0, 0, 0, 0, 0, 0, 0, 0, 0, 0, 0, 0, 0, 0, 0, 0, 0, 0, 0, 0, 0, 0, 0, 0, 0, 0, 0, 0, 0, 0, 0, 0, 0, 0]]
},
"sfx": {
    "inharmonicity": {
        "kurt": -0.389720678329,
        "max": 0.343648701906,
        "mean": 0.108258865774,
        "median": 0.0973430275917,
        "min": 0,
        "skew": 0.620219349861,
        "var": 0.0076149944216
    },
    "oddtoevenharmonicenergyratio": {
        "kurt": 7.24270915985,
        "max": 5.92219352722,
        "mean": 0.803554594517,
        "median": 0.5797560215,
        "min": 0,
        "skew": 2.04979944229,
        "var": 0.674206256866
    },
    "pitch_after_max_to_before_max_energy_ratio": 0.722139835358,
    "pitch_centroid": 96.0192260742,
    "pitch_max_to_total": 0.473429948092,
    "pitch_min_to_total": 0.3188405931,
    "tristimulus": {
        "kurt": [0.823867559433, -0.472816705704, -0.37549328804],
        "max": [1, 0.636598229408, 0.906574070454],
        "mean": [0.298153430223, 0.275918930769, 0.425927549601],
        "median": [0.204001739621, 0.273966670036, 0.468455582857],
        "min": [0, 0, 0],
        "skew": [1.46502304077, 0.031844355166, -0.544251561165],
        "var": [0.097718462348, 0.0270684882998, 0.0520323775709],
        "cov": [[0.0981928259134, -0.0365538522601, -0.0616389326751], [-0.0365538522601, 0.0271998886019, 0.00935396086425], [-0.0616389326751, 0.00935396086425, 0.052284963429]]
    }
},
"tonal": {
    "chords_changes_rate": 0.25,
    "chords_number_rate": 0.0576923079789,
    "chords_strength": {
        "kurt": 1.54294300079,
        "max": 0.489717453718,
        "mean": 0.359013080597,
        "median": 0.35528627038,
        "min": 0.30293944478,
        "skew": 0.963704645634,
        "var": 0.00111157912761
    },
    "key_strength": 0.451583892107,
    "tuning_diatonic_strength": 0.376658320427,
    "tuning_equal_tempered_deviation": 0.293060719967,
    "tuning_frequency": 436.456207275,
    "tuning_nontempered_energy_ratio": 0.909763157368,
    "hpcp": {
        "kurt": [0.783303976059, -0.658542633057, -0.855457782745, 0.00583124160767, -0.572822093964, -0.323123216629, -0.411804199219, -0.0314214229584, -0.61963057518, -0.210643529892, 0.720203876495, 0.00315499305725, -0.619409561157, -0.763948202133, 0.762038946152, -1.13356494904, 0.133572340012, -0.773201704025, -0.39479136467, -0.291730165482, -0.702838897705, -0.212297677994, -0.598284006119, -0.789963245392, -0.331559896469, -0.76135969162, -0.146929979324, -0.0199282169342, -1.08261752129, -0.887271404266, -0.378193378448, -0.748902320862, -1.09555959702, -0.765114307404, 0.130039930344, 0.041166305542],
        "max": [1, 1, 1, 1, 0.908149778843, 1, 1, 1, 0.825352370739, 0.981199502945, 1, 1, 1, 1, 1, 0.589361131191, 1, 1, 1, 0.858621418476, 0.706351220608, 0.936659693718, 0.923765778542, 0.894917070866, 1, 1, 1, 1, 1, 1, 1, 1, 1, 1, 1, 0.955892920494],
        "mean": [0.341073513031, 0.394583553076, 0.37980812788, 0.323859900236, 0.33564811945, 0.363035142422, 0.360543936491, 0.332578986883, 0.302996307611, 0.296942293644, 0.296154052019, 0.335240840912, 0.445555359125, 0.441348105669, 0.314569801092, 0.249104961753, 0.34495395422, 0.435355007648, 0.36496847868, 0.268892347813, 0.246391907334, 0.286078453064, 0.305268794298, 0.295972138643, 0.331472843885, 0.375312685966, 0.361593216658, 0.382859915495, 0.448234409094, 0.444316446781, 0.38953512907, 0.394789814949, 0.479040771723, 0.440807551146, 0.373572379351, 0.360302776098],
        "median": [0.307004034519, 0.375867307186, 0.331136077642, 0.268922030926, 0.300596237183, 0.295033991337, 0.322763651609, 0.293503940105, 0.27052628994, 0.268749058247, 0.251179039478, 0.293871462345, 0.450766503811, 0.415334403515, 0.310095518827, 0.22268652916, 0.301340550184, 0.412096679211, 0.335682243109, 0.215754538774, 0.216236919165, 0.27548211813, 0.322120904922, 0.312374591827, 0.296694487333, 0.281218886375, 0.313630640507, 0.366108834743, 0.40958327055, 0.437805235386, 0.348527312279, 0.364038109779, 0.446487396955, 0.471858918667, 0.37109708786, 0.365713834763],
