{
"metadata": {
    "version": {
        "essentia": "2.1-beta3"
    }
},
"lowLevel": {
    "average_loudness": 0.99068403244,
    "barkbands_kurtosis": {
        "kurt": -0.631865739822,
        "max": 4.23620843887,
        "mean": 0.303284734488,
        "median": -0.669645905495,
        "min": -1.48335325718,
        "skew": 0.912959933281,
        "var": 2.99718022346
    },
    "barkbands_skewness": {
        "kurt": -0.58850312233,
        "max": 1.44835269451,
        "mean": -0.384287118912,
        "median": -0.402478188276,
        "min": -1.93388688564,
        "skew": 0.215319529176,
        "var": 0.761800765991
    },
    "barkbands_spread": {
        "kurt": -0.62669467926,
        "max": 35.357460022,
        "mean": 20.9890384674,
        "median": 20.9774742126,
        "min": 6.55265855789,
        "skew": 0.110760033131,
        "var": 49.053817749
    },
    "dissonance": {
        "kurt": 18.6727714539,
        "max": 0.499449789524,
        "mean": 0.480614095926,
        "median": 0.489486098289,
        "min": 0.292295247316,
        "skew": -4.18899440765,
        "var": 0.00116379500832
    },
    "hfc": {
        "kurt": 16.9228019714,
        "max": 16.9875812531,
        "mean": 1.05002903938,
        "median": 0.00368665158749,
        "min": 1.10951745569e-08,
        "skew": 4.00514316559,
        "var": 8.76803874969
    },
    "pitch": {
        "kurt": -1.41644120216,
        "max": 4147.42626953,
        "mean": 1611.9822998,
        "median": 637.554382324,
        "min": 127.347976685,
        "skew": 0.682494699955,
        "var": 2426574
    },
    "pitch_instantaneous_confidence": {
        "kurt": 0.427793264389,
        "max": 0.612806797028,
        "mean": 0.296138346195,
        "median": 0.289852082729,
        "min": 0.152272820473,
        "skew": 0.839190781116,
        "var": 0.0108766024932
    },
    "pitch_salience": {
        "kurt": 0.762906312943,
        "max": 0.925575196743,
        "mean": 0.759982585907,
        "median": 0.768486857414,
        "min": 0.562316060066,
        "skew": -0.614330708981,
        "var": 0.00500013399869
    },
    "silence_rate_20dB": {
        "kurt": 0,
        "max": 1,
        "mean": 1,
        "median": 1,
        "min": 1,
        "skew": 0,
        "var": 0
    },
    "silence_rate_30dB": {
        "kurt": 0,
        "max": 1,
        "mean": 1,
        "median": 1,
        "min": 1,
        "skew": 0,
        "var": 0
    },
    "silence_rate_60dB": {
        "kurt": 18.0455036163,
        "max": 1,
        "mean": 0.956521749496,
        "median": 1,
        "min": 0,
        "skew": -4.47722768784,
        "var": 0.0415878556669
    },
    "spectral_centroid": {
        "kurt": -0.643025636673,
        "max": 3916.66992188,
        "mean": 2196.94213867,
        "median": 2046.11865234,
        "min": 741.967895508,
        "skew": 0.694850564003,
        "var": 857979.625
    },
    "spectral_complexity": {
        "kurt": 12.7032432556,
        "max": 30,
        "mean": 1.91304349899,
        "median": 0,
        "min": 0,
        "skew": 3.62820672989,
        "var": 34.8185653687
    },
    "spectral_crest": {
        "kurt": 0.960784196854,
        "max": 13.1939430237,
        "mean": 5.98292589188,
        "median": 5.27450037003,
        "min": 3.17965865135,
        "skew": 1.30210542679,
        "var": 6.32425403595
    },
    "spectral_decrease": {
        "kurt": 17.3740978241,
        "max": -4.99071719464e-19,
        "mean": -1.04959325953e-10,
        "median": -4.88713724437e-13,
        "min": -1.67745572988e-09,
        "skew": -3.9927008152,
        "var": 8.27677373285e-20
    },
    "spectral_energy": {
        "kurt": 17.3214168549,
        "max": 0.00787193048745,
        "mean": 0.000491381448228,
        "median": 2.17890692511e-06,
        "min": 2.8899797052e-12,
        "skew": 3.99668383598,
        "var": 1.83041345281e-06
    },
    "spectral_energyband_high": {
        "kurt": 10.636469841,
        "max": 0.000675286573824,
        "mean": 5.50897857465e-05,
        "median": 6.18029716293e-08,
        "min": 1.10132465213e-12,
        "skew": 3.35168504715,
        "var": 2.18618261272e-08
    },
    "spectral_energyband_low": {
        "kurt": 25.3655700684,
        "max": 0.000288372655632,
        "mean": 1.28395467982e-05,
        "median": 2.18422435694e-08,
        "min": 4.10648825548e-16,
        "skew": 4.94956207275,
        "var": 2.13183182218e-09
    },
    "spectral_energyband_middle_high": {
        "kurt": 18.3964710236,
        "max": 0.00494373729452,
        "mean": 0.000300519343,
        "median": 1.61461957759e-06,
        "min": 1.67608190781e-12,
        "skew": 4.13029670715,
        "var": 7.05414265667e-07
    },
    "spectral_energyband_middle_low": {
        "kurt": 17.8731422424,
        "max": 0.00219155428931,
        "mean": 0.000134016619995,
        "median": 5.2240795867e-07,
        "min": 1.57206347007e-13,
        "skew": 4.03411340714,
        "var": 1.39451515224e-07
    },
    "spectral_flatness_db": {
        "kurt": -0.0930151939392,
        "max": 0.275490731001,
        "mean": 0.159959197044,
        "median": 0.162453442812,
        "min": 0.100769855082,
        "skew": 0.353729993105,
        "var": 0.00146020157263
    },
    "spectral_flux": {
        "kurt": 6.26464748383,
        "max": 0.0822037830949,
        "mean": 0.00953427981585,
        "median": 0.00159496674314,
        "min": 5.55453880224e-06,
        "skew": 2.49446177483,
        "var": 0.000292620330583
    },
    "spectral_kurtosis": {
        "kurt": 0.369181871414,
        "max": 12.1966485977,
        "mean": 4.00146007538,
        "median": 2.83118104935,
        "min": 0.743361473083,
        "skew": 1.22215092182,
        "var": 9.71377658844
    },
    "spectral_rms": {
        "kurt": 4.9096326828,
        "max": 0.0027712690644,
        "mean": 0.000345695472788,
        "median": 4.52535969089e-05,
        "min": 5.30988906178e-08,
        "skew": 2.26173663139,
        "var": 3.59891288326e-07
    },
    "spectral_rolloff": {
        "kurt": -0.347054243088,
        "max": 5577.09960938,
        "mean": 3597.44946289,
        "median": 3596.04492188,
        "min": 1055.12695312,
        "skew": -0.16248601675,
        "var": 1269581.125
    },
    "spectral_skewness": {
        "kurt": 0.370081424713,
        "max": 2.95142531395,
        "mean": 1.35007154942,
        "median": 1.20357954502,
        "min": 0.555280506611,
        "skew": 1.0647854805,
        "var": 0.328116059303
    },
    "spectral_spread": {
        "kurt": -0.967507839203,
        "max": 12354355,
        "mean": 5123066.5,
        "median": 3725983,
        "min": 1441137.25,
        "skew": 0.754875659943,
        "var": 9.6488873001e+12
    },
    "spectral_strongpeak": {
        "kurt": 16.7947025299,
        "max": 0.511263549328,
        "mean": 0.0389882661402,
        "median": 0.00412797601894,
        "min": 1.01643872767e-05,
        "skew": 3.90300369263,
        "var": 0.00766932824627
    },
    "zerocrossingrate": {
        "kurt": 8.34783267975,
        "max": 0.42431640625,
        "mean": 0.121178671718,
        "median": 0.106201171875,
        "min": 0.01904296875,
        "skew": 2.35062003136,
        "var": 0.00417544785887
    },
    "barkbands": {
        "kurt": [12.1160402298, 37.7505912781, 23.5363712311, 14.1642818451, 26.2533149719, 33.9051818848, 3.52093648911, 10.0978860855, 11.6202840805, 14.6914520264, 7.63889026642, 8.4230260849, 5.71354484558, 7.76924037933, 20.7522563934, 27.2913646698, 17.6326351166, 32.4342575073, 15.5229282379, 17.0964736938, 11.3719463348, 8.18113899231, 6.60522651672, 11.6993923187, 19.7707443237, 29.7523155212, 29.0352325439],
        "max": [6.27775076367e-09, 3.01967793348e-05, 0.000146953971125, 0.000201743721846, 0.000708173785824, 0.00086154602468, 0.000149652507389, 0.000186379184015, 0.00021732217283, 0.000273477751762, 0.000202492534299, 0.000337990029948, 7.6784461271e-05, 0.000105480823549, 0.000365843967302, 0.000665920728352, 0.000288888084469, 0.000972099951468, 0.000990293803625, 0.0011843375396, 0.00031846264028, 6.91235036356e-05, 7.27479209672e-06, 5.34444552613e-06, 2.98684290101e-06, 2.19630095444e-07, 3.32895666588e-09],
        "mean": [4.31090413366e-10, 9.13939686598e-07, 6.25739039606e-06, 1.26843578983e-05, 3.3691925637e-05, 3.32872114086e-05, 1.73806147359e-05, 1.5592231648e-05, 1.6589421648e-05, 1.80505012395e-05, 1.84651889867e-05, 2.86073918687e-05, 8.43750876811e-06, 1.01726445791e-05, 2.11103542824e-05, 3.11207550112e-05, 1.9870358301e-05, 3.99207128794e-05, 6.19470301899e-05, 6.72634632792e-05, 2.31450430874e-05, 5.71676855543e-06, 6.81860342411e-07, 3.33036410893e-07, 1.33868056196e-07, 7.76743114272e-09, 1.21847490431e-10],
        "median": [1.02076702126e-12, 5.8851745699e-10, 4.91514651202e-09, 6.22613782753e-08, 8.19434760047e-08, 1.22750887233e-09, 1.294670815e-09, 7.21765314182e-09, 9.22389915559e-08, 1.3938642951e-07, 1.27221625235e-07, 1.96541364517e-07, 1.21605054915e-07, 9.94280782152e-08, 1.29863053644e-07, 8.93853027151e-08, 1.04466764128e-07, 1.29524693193e-07, 2.16983877976e-07, 8.89892390887e-08, 2.29320882283e-08, 4.70597427693e-09, 4.48471371151e-10, 3.16784896925e-11, 7.1796457668e-12, 3.02214091426e-13, 2.63697992207e-14],
        "min": [2.16196970699e-18, 9.6774811243e-17, 2.90763580607e-17, 1.35217946832e-15, 2.92677801482e-14, 3.55701084635e-14, 6.55462809002e-15, 4.79010133628e-15, 4.7564027234e-14, 7.89427659527e-14, 9.8011266529e-15, 7.46595846127e-15, 6.3330410523e-14, 1.02723236276e-13, 6.38088892705e-14, 3.49681052072e-14, 1.97857084449e-13, 3.83326942237e-13, 5.21905327115e-13, 4.79793559483e-13, 3.02914106558e-13, 2.93107010017e-13, 8.07994147392e-14, 3.0688698246e-14, 1.06369225223e-13, 6.05165738484e-15, 7.34010217668e-16],
        "skew": [3.53251981735, 6.20912027359, 4.81788253784, 3.70723080635, 4.98687696457, 5.77296543121, 2.27309775352, 3.16242170334, 3.36570501328, 3.9189350605, 2.94487404823, 3.00317883492, 2.52297639847, 2.9139881134, 4.39547204971, 5.08243465424, 3.92239427567, 5.63184022903, 3.9073138237, 4.17777729034, 3.37456583977, 3.02593922615, 2.88653826714, 3.56365537643, 4.41820335388, 5.39454030991, 5.32382011414],
        "var": [1.50074892567e-18, 1.98122143691e-11, 5.82244585878e-10, 1.3533154597e-09, 1.24839045768e-08, 1.66585252259e-08, 1.74013803367e-09, 1.41630540629e-09, 1.71849934283e-09, 2.88973245333e-09, 2.08967709803e-09, 5.04945596447e-09, 3.05240971388e-10, 5.7759441674e-10, 3.66884722602e-09, 1.08433502177e-08, 2.37743025266e-09, 2.15565449935e-08, 3.15626955683e-08, 4.57537687737e-08, 3.76052788909e-09, 2.40891667724e-10, 3.6741425874e-12, 1.21182599545e-12, 2.61409708983e-13, 1.16188832864e-15, 2.69431543867e-19],
        "cov": [[1.53409888341e-18, 4.53806075359e-15, 2.65714794595e-14, 3.56587419911e-14, 1.19574584067e-13, 1.36750406463e-13, 4.07652935659e-14, 2.19101775297e-14, 3.18542359103e-14, 6.25512147504e-14, 5.0641186123e-14, 7.2392233267e-14, 1.20046430546e-14, 2.5527304676e-14, 7.17292029809e-14, 1.19305688375e-13, 5.41715584608e-14, 1.59887131746e-13, 1.86160128654e-13, 2.59606653666e-13, 6.56492818007e-14, 1.78274668655e-14, 2.10317200836e-15, 1.08816787487e-15, 3.61454078414e-16, 2.27748978087e-17, 3.28894688821e-19], [4.53806075359e-15, 2.02524854526e-11, 1.03796665707e-10, 1.37909086928e-10, 4.84610018781e-10, 5.72031366719e-10, 1.08798768605e-10, 4.30628067927e-11, 1.07172562491e-10, 1.86279242032e-10, 1.28270977173e-10, 1.90697568847e-10, 2.86505454777e-11, 7.34230523602e-11, 2.5558230532e-10, 4.54685372686e-10, 1.93952368055e-10, 6.58522014696e-10, 6.95316748622e-10, 8.54366632996e-10, 1.67547614671e-10, 5.19806107879e-11, 5.45773842786e-12, 3.11676921251e-12, 7.82388422712e-13, 4.32061308118e-14, 5.88779960235e-16], [2.65714794595e-14, 1.03796665707e-10, 5.95183347052e-10, 7.63243912516e-10, 2.6729909397e-09, 2.91628032834e-09, 7.12439329753e-10, 3.59975077524e-10, 7.13809400477e-10, 1.2035803465e-09, 7.53052786795e-10, 1.21472498726e-09, 2.02767663771e-10, 4.17147844045e-10, 1.44434353366e-09, 2.45082687478e-09, 1.04743613782e-09, 3.50331208487e-09, 4.14445455732e-09, 5.04365260667e-09, 1.22333720931e-09, 3.37499389547e-10, 3.62675792176e-11, 1.81312239528e-11, 4.8344895795e-12, 2.39266776964e-13, 3.35803946126e-15], [3.56587419911e-14, 1.37909086928e-10, 7.63243912516e-10, 1.38338918099e-09, 3.79618736446e-09, 4.2921346477e-09, 1.39689027012e-09, 1.0084615365e-09, 1.32036159783e-09, 1.53705614903e-09, 1.31588662189e-09, 2.30622099195e-09, 4.69735972342e-10, 7.96534616043e-10, 2.04200234499e-09, 3.47079431862e-09, 1.59198521033e-09, 4.85531836958e-09, 5.96716587253e-09, 6.33020258434e-09, 1.66985136829e-09, 4.89369433865e-10, 5.12746199666e-11, 2.74972111053e-11, 8.58253312169e-12, 4.35908985774e-13, 6.50314923914e-15], [1.19574584067e-13, 4.84610018781e-10, 2.6729909397e-09, 3.79618736446e-09, 1.27613244416e-08, 1.41639402429e-08, 3.50649842495e-09, 2.04476524601e-09, 3.69438857284e-09, 5.16576559306e-09, 3.65606922514e-09, 5.74411007648e-09, 1.12982301292e-09, 2.09278749885e-09, 6.71498678884e-09, 1.1455146165e-08, 5.04182340322e-09, 1.64506968048e-08, 1.96426164223e-08, 2.22054339361e-08, 5.32411492671e-09, 1.53885759691e-09, 1.6781712131e-10, 9.05523156458e-11, 2.70357052717e-11, 1.39136391211e-12, 2.02763339837e-14], [1.36750406463e-13, 5.72031366719e-10, 2.91628032834e-09, 4.2921346477e-09, 1.41639402429e-08, 1.70287144385e-08, 3.73634634343e-09, 1.87790938355e-09, 3.55938878371e-09, 5.28433785618e-09, 4.47342562993e-09, 6.31167296206e-09, 1.07983566533e-09, 2.48739628894e-09, 7.56026796722e-09, 1.3457518655e-08, 5.95747584597e-09, 1.90982962778e-08, 2.07308232802e-08, 2.4685437694e-08, 5.07302067021e-09, 1.6068838482e-09, 1.80001361039e-10, 1.08227829476e-10, 3.37699625208e-11, 2.00387818318e-12, 2.88788734408e-14], [4.07652935659e-14, 1.08798768605e-10, 7.12439329753e-10, 1.39689027012e-09, 3.50649842495e-09, 3.73634634343e-09, 1.77880776775e-09, 1.35951838676e-09, 1.5237039408e-09, 1.799607241e-09, 1.67255853611e-09, 2.82511214422e-09, 5.90234972009e-10, 9.21062726089e-10, 2.05501504702e-09, 3.25584448291e-09, 1.57312174398e-09, 4.27381907642e-09, 6.07240169259e-09, 6.76282585488e-09, 2.21389773181e-09, 5.85036130651e-10, 6.73888514435e-11, 3.36373186249e-11, 1.26895707483e-11, 7.03173847275e-13, 1.07230644177e-14], [2.19101775297e-14, 4.30628067927e-11, 3.59975077524e-10, 1.0084615365e-09, 2.04476524601e-09, 1.87790938355e-09, 1.35951838676e-09, 1.44777878575e-09, 1.33311583994e-09, 1.04409980661e-09, 1.1109452247e-09, 2.29389973683e-09, 6.37074060172e-10, 7.08424763296e-10, 1.19000054255e-09, 1.71053737841e-09, 9.53244594371e-10, 2.11226192093e-09, 3.98478539054e-09, 3.29481530947e-09, 1.52440926549e-09, 3.96528004876e-10, 4.17878821823e-11, 1.8898731538e-11, 7.78504691268e-12, 3.54938544918e-13, 5.87800504275e-15], [3.18542359103e-14, 1.07172562491e-10, 7.13809400477e-10, 1.32036159783e-09, 3.69438857284e-09, 3.55938878371e-09, 1.5237039408e-09, 1.33311583994e-09, 1.75668823932e-09, 1.56248058936e-09, 1.24200083551e-09, 2.288544243e-09, 6.21029727643e-10, 7.47596651252e-10, 1.90274129785e-09, 2.97403945915e-09, 1.44086587106e-09, 4.1807104445e-09, 6.61163657156e-09, 5.79548897761e-09, 2.06823336235e-09, 5.49601752997e-10, 6.17761120036e-11, 3.094390022e-11, 1.18076373332e-11, 5.31578849949e-13, 8.54876641752e-15], [6.25512147504e-14, 1.86279242032e-10, 1.2035803465e-09, 1.53705614903e-09, 5.16576559306e-09, 5.28433785618e-09, 1.799607241e-09, 1.04409980661e-09, 1.56248058936e-09, 2.95394886329e-09, 1.85460702351e-09, 3.14106918253e-09, 5.43388778418e-10, 9.77740555186e-10, 3.03913139099e-09, 4.82098316823e-09, 2.11841122422e-09, 6.61210597386e-09, 8.45446468389e-09, 1.12048370582e-08, 3.1866189687e-09, 8.0000717162e-10, 8.7927068404e-11, 3.86224038862e-11, 1.07840481336e-11, 5.56772781091e-13, 7.86513205503e-15], [5.0641186123e-14, 1.28270977173e-10, 7.53052786795e-10, 1.31588662189e-09, 3.65606922514e-09, 4.47342562993e-09, 1.67255853611e-09, 1.1109452247e-09, 1.24200083551e-09, 1.85460702351e-09, 2.13611439648e-09, 2.88170154406e-09, 5.3315729609e-10, 1.06177666659e-09, 2.31458296973e-09, 3.91211507633e-09, 1.93613036714e-09, 4.92244689454e-09, 6.01445959703e-09, 8.00181787497e-09, 2.17932716318e-09, 6.21345086493e-10, 7.96088056587e-11, 4.54720323895e-11, 1.8504572874e-11, 1.21288352625e-12, 1.80881463372e-14], [7.2392233267e-14, 1.90697568847e-10, 1.21472498726e-09, 2.30622099195e-09, 5.74411007648e-09, 6.31167296206e-09, 2.82511214422e-09, 2.29389973683e-09, 2.288544243e-09, 3.14106918253e-09, 2.88170154406e-09, 5.16166620557e-09, 1.05311104281e-09, 1.65446922828e-09, 3.54763529664e-09, 5.69605296263e-09, 2.72882827446e-09, 7.3089236885e-09, 9.6117389603e-09, 1.17032872282e-08, 3.64157259902e-09, 9.80709624621e-10, 1.05424467767e-10, 5.02178194861e-11, 1.68977453557e-11, 9.48958576649e-13, 1.41526152708e-14], [1.20046430546e-14, 2.86505454777e-11, 2.02767663771e-10, 4.69735972342e-10, 1.12982301292e-09, 1.07983566533e-09, 5.90234972009e-10, 6.37074060172e-10, 6.21029727643e-10, 5.43388778418e-10, 5.3315729609e-10, 1.05311104281e-09, 3.12024101001e-10, 3.4133876281e-10, 6.49144960008e-10, 9.56725698664e-10, 5.34926325457e-10, 1.23330257118e-09, 2.05767491934e-09, 1.84281956361e-09, 7.34868499386e-10, 1.94799829045e-10, 2.04443718899e-11, 9.54014384852e-12, 3.66621403375e-12, 1.72006872179e-13, 2.7920302348e-15], [2.5527304676e-14, 7.34230523602e-11, 4.17147844045e-10, 7.96534616043e-10, 2.09278749885e-09, 2.48739628894e-09, 9.21062726089e-10, 7.08424763296e-10, 7.47596651252e-10, 9.77740555186e-10, 1.06177666659e-09, 1.65446922828e-09, 3.4133876281e-10, 5.90429871661e-10, 1.26207455597e-09, 2.11844475295e-09, 1.04070529972e-09, 2.74172662351e-09, 3.35227623438e-09, 4.0512020405e-09, 1.11089637489e-09, 3.24738513857e-10, 3.73538665277e-11, 2.06514493006e-11, 7.67303755256e-12, 4.74707350252e-13, 7.08401690579e-15], [7.17292029809e-14, 2.5558230532e-10, 1.44434353366e-09, 2.04200234499e-09, 6.71498678884e-09, 7.56026796722e-09, 2.05501504702e-09, 1.19000054255e-09, 1.90274129785e-09, 3.03913139099e-09, 2.31458296973e-09, 3.54763529664e-09, 6.49144960008e-10, 1.26207455597e-09, 3.75037734202e-09, 6.33951291462e-09, 2.84087109392e-09, 8.82403394797e-09, 1.04091490982e-08, 1.28260202459e-08, 3.16449333404e-09, 8.9052859531e-10, 9.94937396359e-11, 5.2370434378e-11, 1.62208892152e-11, 9.18002761481e-13, 1.32756566496e-14], [1.19305688375e-13, 4.54685372686e-10, 2.45082687478e-09, 3.47079431862e-09, 1.1455146165e-08, 1.3457518655e-08, 3.25584448291e-09, 1.71053737841e-09, 2.97403945915e-09, 4.82098316823e-09, 3.91211507633e-09, 5.69605296263e-09, 9.56725698664e-10, 2.11844475295e-09, 6.33951291462e-09, 1.10843139112e-08, 4.94570651099e-09, 1.54617225689e-08, 1.73234422363e-08, 2.14904964935e-08, 4.84325957117e-09, 1.43686518239e-09, 1.61752167216e-10, 9.07159763974e-11, 2.83103054888e-11, 1.67151557352e-12, 2.40613007085e-14], [5.41715584608e-14, 1.93952368055e-10, 1.04743613782e-09, 1.59198521033e-09, 5.04182340322e-09, 5.95747584597e-09, 1.57312174398e-09, 9.53244594371e-10, 1.44086587106e-09, 2.11841122422e-09, 1.93613036714e-09, 2.72882827446e-09, 5.34926325457e-10, 1.04070529972e-09, 2.84087109392e-09, 4.94570651099e-09, 2.43026199165e-09, 6.79044420693e-09, 7.86370613071e-09, 9.49473122347e-09, 2.24025509254e-09, 6.58550713961e-10, 7.64370164386e-11, 4.35665739595e-11, 1.48303817143e-11, 9.00943273978e-13, 1.32088587843e-14], [1.59887131746e-13, 6.58522014696e-10, 3.50331208487e-09, 4.85531836958e-09, 1.64506968048e-08, 1.90982962778e-08, 4.27381907642e-09, 2.11226192093e-09, 4.1807104445e-09, 6.61210597386e-09, 4.92244689454e-09, 7.3089236885e-09, 1.23330257118e-09, 2.74172662351e-09, 8.82403394797e-09, 1.54617225689e-08, 6.79044420693e-09, 2.20355786951e-08, 2.46019258299e-08, 2.9583295813e-08, 6.46670628157e-09, 1.93346272326e-09, 2.11870895828e-10, 1.18759710399e-10, 3.4579759195e-11, 1.93610730746e-12, 2.75975717837e-14], [1.86160128654e-13, 6.95316748622e-10, 4.14445455732e-09, 5.96716587253e-09, 1.96426164223e-08, 2.07308232802e-08, 6.07240169259e-09, 3.98478539054e-09, 6.61163657156e-09, 8.45446468389e-09, 6.01445959703e-09, 9.6117389603e-09, 2.05767491934e-09, 3.35227623438e-09, 1.04091490982e-08, 1.73234422363e-08, 7.86370613071e-09, 2.46019258299e-08, 3.22640865136e-08, 3.48871154188e-08, 9.56148138442e-09, 2.62342791935e-09, 2.95824448271e-10, 1.53090790045e-10, 5.05594975608e-11, 2.52522612196e-12, 3.79923347014e-14], [2.59606653666e-13, 8.54366632996e-10, 5.04365260667e-09, 6.33020258434e-09, 2.22054339361e-08, 2.4685437694e-08, 6.76282585488e-09, 3.29481530947e-09, 5.79548897761e-09, 1.12048370582e-08, 8.00181787497e-09, 1.17032872282e-08, 1.84281956361e-09, 4.0512020405e-09, 1.28260202459e-08, 2.14904964935e-08, 9.49473122347e-09, 2.9583295813e-08, 3.48871154188e-08, 4.67705163487e-08, 1.16908456249e-08, 3.13821679754e-09, 3.61324192788e-10, 1.82143577998e-10, 5.61252537501e-11, 3.2992900946e-12, 4.70602493064e-14], [6.56492818007e-14, 1.67547614671e-10, 1.22333720931e-09, 1.66985136829e-09, 5.32411492671e-09, 5.07302067021e-09, 2.21389773181e-09, 1.52440926549e-09, 2.06823336235e-09, 3.1866189687e-09, 2.17932716318e-09, 3.64157259902e-09, 7.34868499386e-10, 1.11089637489e-09, 3.16449333404e-09, 4.84325957117e-09, 2.24025509254e-09, 6.46670628157e-09, 9.56148138442e-09, 1.16908456249e-08, 3.84409526433e-09, 9.38490507529e-10, 1.09243343538e-10, 4.86958424972e-11, 1.69293815078e-11, 8.76105069568e-13, 1.3182910777e-14], [1.78274668655e-14, 5.19806107879e-11, 3.37499389547e-10, 4.89369433865e-10, 1.53885759691e-09, 1.6068838482e-09, 5.85036130651e-10, 3.96528004876e-10, 5.49601752997e-10, 8.0000717162e-10, 6.21345086493e-10, 9.80709624621e-10, 1.94799829045e-10, 3.24738513857e-10, 8.9052859531e-10, 1.43686518239e-09, 6.58550713961e-10, 1.93346272326e-09, 2.62342791935e-09, 3.13821679754e-09, 9.38490507529e-10, 2.46244802327e-10, 2.88163954504e-11, 1.4253455187e-11, 5.0663752707e-12, 2.7900248843e-13, 4.18235731421e-15], [2.10317200836e-15, 5.45773842786e-12, 3.62675792176e-11, 5.12746199666e-11, 1.6781712131e-10, 1.80001361039e-10, 6.73888514435e-11, 4.17878821823e-11, 6.17761120036e-11, 8.7927068404e-11, 7.96088056587e-11, 1.05424467767e-10, 2.04443718899e-11, 3.73538665277e-11, 9.94937396359e-11, 1.61752167216e-10, 7.64370164386e-11, 2.11870895828e-10, 2.95824448271e-10, 3.61324192788e-10, 1.09243343538e-10, 2.88163954504e-11, 3.75578994988e-12, 2.01287576017e-12, 8.23099075876e-13, 4.94562581806e-14, 7.47459724442e-16], [1.08816787487e-15, 3.11676921251e-12, 1.81312239528e-11, 2.74972111053e-11, 9.05523156458e-11, 1.08227829476e-10, 3.36373186249e-11, 1.8898731538e-11, 3.094390022e-11, 3.86224038862e-11, 4.54720323895e-11, 5.02178194861e-11, 9.54014384852e-12, 2.06514493006e-11, 5.2370434378e-11, 9.07159763974e-11, 4.35665739595e-11, 1.18759710399e-10, 1.53090790045e-10, 1.82143577998e-10, 4.86958424972e-11, 1.4253455187e-11, 2.01287576017e-12, 1.23875551743e-12, 5.41250204378e-13, 3.43830832675e-14, 5.20195649556e-16], [3.61454078414e-16, 7.82388422712e-13, 4.8344895795e-12, 8.58253312169e-12, 2.70357052717e-11, 3.37699625208e-11, 1.26895707483e-11, 7.78504691268e-12, 1.18076373332e-11, 1.07840481336e-11, 1.8504572874e-11, 1.68977453557e-11, 3.66621403375e-12, 7.67303755256e-12, 1.62208892152e-11, 2.83103054888e-11, 1.48303817143e-11, 3.4579759195e-11, 5.05594975608e-11, 5.61252537501e-11, 1.69293815078e-11, 5.0663752707e-12, 8.23099075876e-13, 5.41250204378e-13, 2.67218810013e-13, 1.73472500064e-14, 2.65922738008e-16], [2.27748978087e-17, 4.32061308118e-14, 2.39266776964e-13, 4.35908985774e-13, 1.39136391211e-12, 2.00387818318e-12, 7.03173847275e-13, 3.54938544918e-13, 5.31578849949e-13, 5.56772781091e-13, 1.21288352625e-12, 9.48958576649e-13, 1.72006872179e-13, 4.74707350252e-13, 9.18002761481e-13, 1.67151557352e-12, 9.00943273978e-13, 1.93610730746e-12, 2.52522612196e-12, 3.2992900946e-12, 8.76105069568e-13, 2.7900248843e-13, 4.94562581806e-14, 3.43830832675e-14, 1.73472500064e-14, 1.18770801045e-15, 1.80483563557e-17], [3.28894688821e-19, 5.88779960235e-16, 3.35803946126e-15, 6.50314923914e-15, 2.02763339837e-14, 2.88788734408e-14, 1.07230644177e-14, 5.87800504275e-15, 8.54876641752e-15, 7.86513205503e-15, 1.80881463372e-14, 1.41526152708e-14, 2.7920302348e-15, 7.08401690579e-15, 1.32756566496e-14, 2.40613007085e-14, 1.32088587843e-14, 2.75975717837e-14, 3.79923347014e-14, 4.70602493064e-14, 1.3182910777e-14, 4.18235731421e-15, 7.47459724442e-16, 5.20195649556e-16, 2.65922738008e-16, 1.80483563557e-17, 2.75418909786e-19]]
    },
    "mfcc": {
        "kurt": [-0.941573143005, -1.58460044861, -1.69814062119, -0.597234964371, 0.160405158997, -0.601622104645, 1.49275636673, -0.11400270462, 0.770082235336, 1.44887590408, -0.27874994278, -1.187312603, -0.0435001850128],
        "max": [-650.819702148, 121.385826111, 3.2707824707, 59.3898124695, 29.7340583801, 16.1296386719, 34.2884140015, 16.9457798004, 8.52881240845, 1.98854064941, 0.770793914795, 0.407646179199, 5.79825592041],
        "mean": [-997.442321777, 44.2121658325, -35.2508811951, 12.2166061401, -9.21560382843, -5.15033245087, 4.29407215118, -2.94496011734, -2.57170963287, -5.25379657745, -8.25299835205, -7.46534395218, -5.00577688217],
        "median": [-1065.64404297, 35.9082450867, -33.0005149841, 8.01086425781e-05, -6.103515625e-05, -0.228935241699, -2.67028808594e-05, -5.34057617188e-05, -4.57763671875e-05, -0.176448822021, -7.56114006042, -2.69260406494, -0.333568572998],
        "min": [-1138.42004395, 1.14440917969e-05, -93.1545410156, -22.1348381042, -52.8151702881, -21.3945083618, -9.3972454071, -22.9309310913, -17.1913299561, -29.9582748413, -31.6646175385, -24.7297058105, -25.6910972595],
        "skew": [0.698840916157, 0.262908965349, -0.202693715692, 0.832160592079, -0.841828286648, -0.273621052504, 1.35636520386, -0.180501416326, -1.00031507015, -1.28637051582, -0.86034232378, -0.513826787472, -0.876436591148],
        "var": [25704.0996094, 1973.31640625, 1298.62854004, 416.738250732, 300.468353271, 73.1638259888, 84.7416152954, 90.0766296387, 25.7477436066, 50.0583648682, 85.1930847168, 65.8333129883, 51.5100898743],
        "cov": [[26275.3027344, 6756.66650391, -5104.43847656, 2903.08007812, -2244.17871094, -786.724060059, -60.1529769897, -997.708618164, -456.275695801, -889.305969238, -997.932556152, -636.198059082, -237.892974854], [6756.66650391, 2017.16784668, -1572.55334473, 731.982116699, -551.063598633, -229.396911621, 83.1555633545, -231.943496704, -115.400001526, -245.776306152, -302.380157471, -231.721359253, -139.902053833], [-5104.43847656, -1572.55334473, 1327.48693848, -518.627441406, 376.003570557, 185.320144653, -116.67036438, 156.849746704, 73.5635528564, 196.433074951, 257.815704346, 194.731292725, 132.349502563], [2903.08007812, 731.982116699, -518.627441406, 425.999084473, -293.917999268, -95.3214263916, -54.4030723572, -153.592895508, -48.0060806274, -108.531036377, -81.106048584, -30.9464092255, 8.2301902771], [-2244.17871094, -551.063598633, 376.003570557, -293.917999268, 307.14541626, 80.0946578979, 75.480178833, 135.823379517, 31.3089485168, 65.8356781006, 25.9459819794, 6.54190587997, -10.6091365814], [-786.724060059, -229.396911621, 185.320144653, -95.3214263916, 80.0946578979, 74.7896881104, 1.44551360607, 42.7323226929, 14.0588579178, 35.349029541, 34.5512275696, 20.7440280914, 5.73723602295], [-60.1529769897, 83.1555633545, -116.67036438, -54.4030723572, 75.480178833, 1.44551360607, 86.6247634888, 52.5613212585, 5.65542173386, 0.0157039221376, -46.3109207153, -53.7596244812, -47.6906318665], [-997.708618164, -231.943496704, 156.849746704, -153.592895508, 135.823379517, 42.7323226929, 52.5613212585, 92.0783309937, 21.783033371, 41.5219955444, 8.45806598663, -8.54910087585, -11.5670833588], [-456.275695801, -115.400001526, 73.5635528564, -48.0060806274, 31.3089485168, 14.0588579178, 5.65542173386, 21.783033371, 26.3199157715, 23.7357521057, 23.812538147, 18.9279060364, -0.280534863472], [-889.305969238, -245.776306152, 196.433074951, -108.531036377, 65.8356781006, 35.349029541, 0.0157039221376, 41.5219955444, 23.7357521057, 51.1707725525, 44.7124900818, 23.4643211365, 4.82087421417], [-997.932556152, -302.380157471, 257.815704346, -81.106048584, 25.9459819794, 34.5512275696, -46.3109207153, 8.45806598663, 23.812538147, 44.7124900818, 87.086265564, 61.7976074219, 30.0436382294], [-636.198059082, -231.721359253, 194.731292725, -30.9464092255, 6.54190587997, 20.7440280914, -53.7596244812, -8.54910087585, 18.9279060364, 23.4643211365, 61.7976074219, 67.2962799072, 42.9513206482], [-237.892974854, -139.902053833, 132.349502563, 8.2301902771, -10.6091365814, 5.73723602295, -47.6906318665, -11.5670833588, -0.280534863472, 4.82087421417, 30.0436382294, 42.9513206482, 52.6547584534]]
    },
    "sccoeffs": {
        "kurt": [-0.895264148712, -1.02964472771, -0.537567615509, 0.372178316116, -1.00738024712, -1.67174816132],
        "max": [-0.563365638256, -0.747661232948, -0.805380582809, -0.732889056206, -0.792898595333, -0.661697268486],
        "mean": [-0.727594196796, -0.850711226463, -0.883554279804, -0.87790620327, -0.876958191395, -0.800196170807],
        "median": [-0.726112484932, -0.840045332909, -0.88359439373, -0.881749391556, -0.878897190094, -0.800092101097],
        "min": [-0.900848209858, -0.95492374897, -0.956154465675, -0.952059745789, -0.953287422657, -0.914517045021],
        "skew": [-0.135799542069, -0.227437406778, 0.246419996023, 0.63593518734, 0.185435667634, 0.0799639075994],
        "var": [0.00817048829049, 0.00331986276433, 0.00134694424924, 0.0020896915812, 0.00185781018808, 0.0092546865344],
        "cov": [[0.00835205428302, 0.00327771902084, 0.00246550887823, 0.00305244256742, 0.00334153673612, 0.00706182513386], [0.00327771902084, 0.00339363748208, 0.000993203604594, 0.00172069633845, 0.00148505158722, 0.00328353606164], [0.00246550887823, 0.000993203604594, 0.00137687637471, 0.00105745322071, 0.00104674336035, 0.00215918361209], [0.00305244256742, 0.00172069633845, 0.00105745322071, 0.00213612918742, 0.00167703034822, 0.00306079559959], [0.00334153673612, 0.00148505158722, 0.00104674336035, 0.00167703034822, 0.00189909490291, 0.00366460182704], [0.00706182513386, 0.00328353606164, 0.00215918361209, 0.00306079559959, 0.00366460182704, 0.00946034584194]]
    },
    "scvalleys": {
        "kurt": [-1.4245249033, -1.23407769203, -1.39070820808, -1.55503094196, -1.58918476105, -0.535139083862],
        "max": [-6.42694807053, -5.45596551895, -5.52473211288, -6.56844758987, -6.04487609863, -8.9030418396],
        "mean": [-12.7490987778, -11.2703762054, -10.7745771408, -11.166809082, -11.1896152496, -14.3144083023],
        "median": [-12.0750389099, -11.7416009903, -9.70449447632, -10.2017259598, -10.5823898315, -15.0642118454],
        "min": [-19.626367569, -17.5320014954, -17.5944499969, -17.0094528198, -16.6207828522, -18.1120815277],
        "skew": [-0.150619491935, 0.141952052712, -0.286658883095, -0.193294867873, -0.00855788588524, 0.789077818394],
        "var": [13.288028717, 11.5068187714, 12.8802251816, 11.6708927155, 10.9066991806, 5.79649019241],
        "cov": [[13.5833187103, 12.0972318649, 13.1297636032, 12.5434913635, 12.1226158142, 8.06941986084], [12.0972318649, 11.7625255585, 11.9969043732, 11.3767108917, 11.0947227478, 7.8959813118], [13.1297636032, 11.9969043732, 13.1664524078, 12.4427127838, 11.8737888336, 7.77246379852], [12.5434913635, 11.3767108917, 12.4427127838, 11.9302463531, 11.431763649, 7.46459007263], [12.1226158142, 11.0947227478, 11.8737888336, 11.431763649, 11.1490697861, 7.52071046829], [8.06941986084, 7.8959813118, 7.77246379852, 7.46459007263, 7.52071046829, 5.92530107498]]
    }
},
"rhythm": {
    "bpm": 0,
    "confidence": 0,
    "first_peak_bpm": {
        "kurt": 0,
        "max": 0,
        "mean": 0,
        "median": 0,
        "min": 0,
        "skew": 0,
        "var": 0
    },
    "first_peak_spread": {
        "kurt": 0,
        "max": 0,
        "mean": 0,
        "median": 0,
        "min": 0,
        "skew": 0,
        "var": 0
    },
    "first_peak_weight": {
        "kurt": 0,
        "max": 0,
        "mean": 0,
        "median": 0,
        "min": 0,
        "skew": 0,
        "var": 0
    },
    "onset_rate": 0.966808438301,
    "second_peak_bpm": {
        "kurt": 0,
        "max": 0,
        "mean": 0,
        "median": 0,
        "min": 0,
        "skew": 0,
        "var": 0
    },
    "second_peak_spread": {
        "kurt": 0,
        "max": 0,
        "mean": 0,
        "median": 0,
        "min": 0,
        "skew": 0,
        "var": 0
    },
    "second_peak_weight": {
        "kurt": 0,
        "max": 0,
        "mean": 0,
        "median": 0,
        "min": 0,
        "skew": 0,
        "var": 0
    },
    "beats_position": [],
    "bpm_estimates": [],
    "bpm_intervals": [],
    "onset_times": [0.0812698379159],
    "histogram": [[0, 0, 0, 0, 0, 0, 0, 0, 0, 0, 0, 0, 0, 0, 0, 0, 0, 0, 0, 0, 0, 0, 0, 0, 0, 0, 0, 0, 0, 0, 0, 0, 0, 0, 0, 0, 0, 0, 0, 0, 0, 0, 0, 0, 0, 0, 0, 0, 0, 0, 0, 0, 0, 0, 0, 0, 0, 0, 0, 0, 0, 0, 0, 0, 0, 0, 0, 0, 0, 0, 0, 0, 0, 0, 0, 0, 0, 0, 0, 0, 0, 0, 0, 0, 0, 0, 0, 0, 0, 0, 0, 0, 0, 0, 0, 0, 0, 0, 0, 0, 0, 0, 0, 0, 0, 0, 0, 0, 0, 0, 0, 0, 0, 0, 0, 0, 0, 0, 0, 0, 0, 0, 0, 0, 0, 0, 0, 0, 0, 0, 0, 0, 0, 0, 0, 0, 0, 0, 0, 0, 0, 0, 0, 0, 0, 0, 0, 0, 0, 0, 0, 0, 0, 0, 0, 0, 0, 0, 0, 0, 0, 0, 0, 0, 0, 0, 0, 0, 0, 0, 0, 0, 0, 0, 0, 0, 0, 0, 0, 0, 0, 0, 0, 0, 0, 0, 0, 0, 0, 0, 0, 0, 0, 0, 0, 0, 0, 0, 0, 0, 0, 0, 0, 0, 0, 0, 0, 0, 0, 0, 0, 0, 0, 0, 0, 0, 0, 0, 0, 0, 0, 0, 0, 0, 0, 0, 0, 0, 0, 0, 0, 0, 0, 0, 0, 0, 0, 0, 0, 0, 0, 0, 0, 0, 0, 0, 0, 0, 0, 0]]
},
"sfx": {
    "inharmonicity": {
        "kurt": -0.780783414841,
        "max": 0.293062210083,
        "mean": 0.079623170197,
        "median": 0.0223770216107,
        "min": 0,
        "skew": 0.945277571678,
        "var": 0.0104171698913
    },
    "oddtoevenharmonicenergyratio": {
        "kurt": 2.3428735733,
        "max": 3.26576972008,
        "mean": 0.606111705303,
        "median": 0.206903919578,
        "min": 0,
        "skew": 1.5544975996,
        "var": 0.580582380295
    },
    "pitch_after_max_to_before_max_energy_ratio": 0.584873139858,
    "pitch_centroid": 27.1972827911,
    "pitch_max_to_total": 0.869565188885,
    "pitch_min_to_total": 0.391304343939,
    "tristimulus": {
        "kurt": [-1.57750344276, -0.863873004913, -0.565590620041],
        "max": [1, 0.863939344883, 0.925910294056],
        "mean": [0.479675292969, 0.273707598448, 0.246617168188],
        "median": [0.383954048157, 0.259001553059, 0.194742321968],
        "min": [0, 0, 0],
        "skew": [0.33320966363, 0.392541050911, 0.806319534779],
        "var": [0.155234083533, 0.0602358579636, 0.0748907476664],
        "cov": [[0.158683717251, -0.0718515887856, -0.0868321433663], [-0.0718515887856, 0.0615744329989, 0.0102771874517], [-0.0868321433663, 0.0102771874517, 0.0765549838543]]
    }
},
"tonal": {
    "chords_changes_rate": 0,
    "chords_number_rate": 0.0416666679084,
    "chords_strength": {
        "kurt": 7.75743293762,
        "max": 0.425557762384,
        "mean": 0.420034319162,
        "median": 0.425557672977,
        "min": 0.351511150599,
        "skew": -3.09435725212,
        "var": 0.000340610509738
    },
    "key_strength": 0.341138154268,
    "tuning_diatonic_strength": 0.31678596139,
    "tuning_equal_tempered_deviation": 0.278137415648,
    "tuning_frequency": 435.700531006,
    "tuning_nontempered_energy_ratio": 0.92790222168,
    "hpcp": {
        "kurt": [-1.19481313229, -1.21887075901, -0.894596099854, -1.10438120365, -0.954160690308, -1.4806804657, -1.43004846573, -1.31423532963, -1.52518725395, -1.13629925251, -0.994052886963, -1.15458440781, -0.879550933838, -1.4952507019, -1.73774123192, -1.61052596569, -1.52375757694, -0.778815507889, -0.54358291626, -0.751529216766, -1.37142539024, -1.26143741608, -1.20382273197, -0.729021787643, 0.149266958237, -0.694971561432, -0.407066345215, 0.611105442047, -1.19633173943, -1.0158008337, 0.439353704453, 0.050886631012, 0.118766784668, -1.03713583946, -0.446089744568, -1.44475734234],
        "max": [1, 0.952810168266, 1, 0.980756223202, 1, 0.846971809864, 0.823599755764, 1, 1, 1, 0.928292751312, 0.853837192059, 1, 0.985001504421, 1, 1, 0.769385278225, 0.873571515083, 1, 1, 0.726087272167, 0.754702329636, 0.849569141865, 0.888936698437, 1, 0.948628008366, 1, 0.936896502972, 0.612818002701, 0.682540714741, 0.93863761425, 0.950809061527, 0.958338022232, 0.793357372284, 1, 0.90171200037],
        "mean": [0.335854411125, 0.321581363678, 0.341753721237, 0.313936144114, 0.307813346386, 0.319956749678, 0.332898139954, 0.392299562693, 0.41269376874, 0.340648978949, 0.291776478291, 0.29546764493, 0.326408773661, 0.414131313562, 0.481610685587, 0.416426092386, 0.309536546469, 0.282589286566, 0.316580146551, 0.313492745161, 0.276147246361, 0.277514487505, 0.299739301205, 0.287863761187, 0.264408707619, 0.31149277091, 0.328919827938, 0.250092446804, 0.209534332156, 0.222776055336, 0.228352531791, 0.244156673551, 0.243432059884, 0.239768490195, 0.27529746294, 0.338562935591],
        "median": [0.295670628548, 0.334106087685, 0.45901453495, 0.327063769102, 0.250688523054, 0.378531605005, 0.305528998375, 0.374977827072, 0.43702596426, 0.343012362719, 0.321062207222, 0.269310921431, 0.294710814953, 0.554602980614, 0.671381890774, 0.56227004528, 0.313005328178, 0.252339303493, 0.330775767565, 0.336642980576, 0.287291884422, 0.248966366053, 0.22541809082, 0.246230170131, 0.200695604086, 0.318018138409, 0.25271204114, 0.268858581781, 0.19546315074, 0.223781138659, 0.193444132805, 0.181218773127, 0.212045878172, 0.126332402229, 0.205595731735, 0.263386547565],
        "min": [0, 0, 0, 0, 0, 0, 0, 0, 0, 0, 0, 0, 0, 0, 0, 0, 0, 0, 0, 0, 0, 0, 0, 0, 0, 0, 0, 0, 0, 0, 0, 0, 0, 0, 0, 0],
        "skew": [0.423239082098, 0.271322697401, 0.367999255657, 0.358852237463, 0.490112185478, 0.0727454870939, 0.181000262499, 0.241637378931, 0.0536857992411, 0.443665295839, 0.491542130709, 0.533473432064, 0.528536319733, 0.0330997854471, -0.113667331636, -0.0620733462274, 0.161050394177, 0.718319773674, 0.633366644382, 0.458970993757, 0.283925235271, 0.365876197815, 0.392757445574, 0.551897227764, 0.862859904766, 0.479443758726, 0.751016259193, 0.849664747715, 0.363342255354, 0.466382652521, 0.923530161381, 0.911976695061, 0.934693694115, 0.55795019865, 0.743691444397, 0.353162318468],
        "var": [0.110449977219, 0.0892341509461, 0.101172335446, 0.0911499857903, 0.0933438017964, 0.0792754516006, 0.0888176485896, 0.12567538023, 0.12986806035, 0.110736906528, 0.0864895805717, 0.0896671414375, 0.0992810726166, 0.123337976635, 0.164597898722, 0.125193953514, 0.0759878456593, 0.0833565592766, 0.097736120224, 0.0850907340646, 0.0642421767116, 0.0644115060568, 0.0775004848838, 0.0713193193078, 0.0723341330886, 0.0762251988053, 0.093300126493, 0.0560010932386, 0.0408763177693, 0.0494499243796, 0.0612940303981, 0.0744301304221, 0.0746823474765, 0.0638079121709, 0.084430962801, 0.109844565392],
