{
"metadata": {
    "version": {
        "essentia": "2.1-beta3"
    }
},
"lowLevel": {
    "average_loudness": 0.0352206639946,
    "barkbands_kurtosis": {
        "kurt": 2.31473445892,
        "max": 31.807220459,
        "mean": 4.08822011948,
        "median": 0.532013893127,
        "min": -1.74589276314,
        "skew": 1.67878651619,
        "var": 54.5568466187
    },
    "barkbands_skewness": {
        "kurt": -0.948365211487,
        "max": 4.95902490616,
        "mean": 1.09355974197,
        "median": 0.894160211086,
        "min": -2.09436583519,
        "skew": 0.233198165894,
        "var": 2.73181772232
    },
    "barkbands_spread": {
        "kurt": -0.801171064377,
        "max": 63.0661506653,
        "mean": 23.7960796356,
        "median": 24.1795845032,
        "min": 3.54238700867,
        "skew": 0.271953314543,
        "var": 185.555053711
    },
    "dissonance": {
        "kurt": 73.3011856079,
        "max": 0.499895989895,
        "mean": 0.472217142582,
        "median": 0.479422867298,
        "min": 0.0774885565042,
        "skew": -7.17095518112,
        "var": 0.00131935055833
    },
    "hfc": {
        "kurt": 173.101882935,
        "max": 213.666030884,
        "mean": 1.48502731323,
        "median": 2.44462455612e-07,
        "min": 1.21450469183e-16,
        "skew": 13.1369981766,
        "var": 250.113876343
    },
    "pitch": {
        "kurt": -0.868504524231,
        "max": 4486.56054688,
        "mean": 1275.62243652,
        "median": 308.650756836,
        "min": 68.034538269,
        "skew": 1.01703107357,
        "var": 2649781.5
    },
    "pitch_instantaneous_confidence": {
        "kurt": 3.69292783737,
        "max": 0.786333799362,
        "mean": 0.290062636137,
        "median": 0.269650310278,
        "min": 0.134461045265,
        "skew": 1.42702293396,
        "var": 0.00938644167036
    },
    "pitch_salience": {
        "kurt": 1.25589561462,
        "max": 0.983752846718,
        "mean": 0.726546406746,
        "median": 0.741196036339,
        "min": 0.447440981865,
        "skew": -0.793419003487,
        "var": 0.00599296716973
    },
    "silence_rate_20dB": {
        "kurt": 0,
        "max": 1,
        "mean": 1,
        "median": 1,
        "min": 1,
        "skew": 0,
        "var": 0
    },
    "silence_rate_30dB": {
        "kurt": 0,
        "max": 1,
        "mean": 1,
        "median": 1,
        "min": 1,
        "skew": 0,
        "var": 0
    },
    "silence_rate_60dB": {
        "kurt": 31.8274078369,
        "max": 1,
        "mean": 0.972826063633,
        "median": 1,
        "min": 0,
        "skew": -5.81613111496,
        "var": 0.0264356583357
    },
    "spectral_centroid": {
        "kurt": 14.6344165802,
        "max": 10499.21875,
        "mean": 1470.32885742,
        "median": 1218.06176758,
        "min": 208.024459839,
        "skew": 2.40870332718,
        "var": 1464678.375
    },
    "spectral_complexity": {
        "kurt": 48.0752983093,
        "max": 35,
        "mean": 0.646739125252,
        "median": 0,
        "min": 0,
        "skew": 6.79322862625,
        "var": 14.7392883301
    },
    "spectral_crest": {
        "kurt": -0.110607624054,
        "max": 19.2084999084,
        "mean": 7.82526779175,
        "median": 6.66144227982,
        "min": 2.57730269432,
        "skew": 0.867036044598,
        "var": 12.9376726151
    },
    "spectral_decrease": {
        "kurt": 168.053512573,
        "max": 3.79310969675e-29,
        "mean": -1.04016663338e-10,
        "median": -8.63016458969e-17,
        "min": -1.36948337115e-08,
        "skew": -12.8747844696,
        "var": 1.0413223703e-18
    },
    "spectral_energy": {
        "kurt": 169.583908081,
        "max": 0.0710674896836,
        "mean": 0.000527278578375,
        "median": 3.5704653123e-10,
        "min": 1.08727592394e-20,
        "skew": 12.9536867142,
        "var": 2.79262440017e-05
    },
    "spectral_energyband_high": {
        "kurt": 174.247451782,
        "max": 0.017870971933,
        "mean": 0.000120437449368,
        "median": 8.60241045064e-12,
        "min": 7.46201246171e-21,
        "skew": 13.197974205,
        "var": 1.74475815129e-06
    },
    "spectral_energyband_low": {
        "kurt": 110.465019226,
        "max": 8.91429881449e-05,
        "mean": 1.04279672541e-06,
        "median": 4.09487582731e-11,
        "min": 6.98657753044e-23,
        "skew": 10.0976343155,
        "var": 5.48068986028e-11
    },
    "spectral_energyband_middle_high": {
        "kurt": 168.789611816,
        "max": 0.038491204381,
        "mean": 0.000286706141196,
        "median": 3.07149965184e-11,
        "min": 1.53237470297e-21,
        "skew": 12.9134721756,
        "var": 8.21076355351e-06
    },
    "spectral_energyband_middle_low": {
        "kurt": 162.899215698,
        "max": 0.0146906441078,
        "mean": 0.000120978911582,
        "median": 2.57456361785e-10,
        "min": 4.38712029876e-22,
        "skew": 12.6093053818,
        "var": 1.21541097542e-06
    },
    "spectral_flatness_db": {
        "kurt": -1.30624008179,
        "max": 0.262775868177,
        "mean": 0.148930773139,
        "median": 0.149865731597,
        "min": 0.0597998388112,
        "skew": 0.164912879467,
        "var": 0.00355777074583
    },
    "spectral_flux": {
        "kurt": 76.9636077881,
        "max": 0.261058390141,
        "mean": 0.00437393644825,
        "median": 1.26371633087e-05,
        "min": 1.04272521173e-10,
        "skew": 8.5491437912,
        "var": 0.000636167009361
    },
    "spectral_kurtosis": {
        "kurt": 0.732235193253,
        "max": 18.327331543,
        "mean": 5.24611330032,
        "median": 3.65578246117,
        "min": -1.14123165607,
        "skew": 1.23199892044,
        "var": 14.6100234985
    },
    "spectral_rms": {
        "kurt": 98.7075958252,
        "max": 0.00832671206445,
        "mean": 0.000134644316859,
        "median": 5.90197657857e-07,
        "min": 3.25692641259e-12,
        "skew": 9.24107170105,
        "var": 4.96289317198e-07
    },
    "spectral_rolloff": {
        "kurt": 16.349067688,
        "max": 19530.6152344,
        "mean": 2604.34741211,
        "median": 2960.81542969,
        "min": 172.265625,
        "skew": 2.3378264904,
        "var": 4877213
    },
    "spectral_skewness": {
        "kurt": -0.617574453354,
        "max": 3.07894325256,
        "mean": 1.7237547636,
        "median": 1.52517569065,
        "min": 0.04218153283,
        "skew": 0.54100471735,
        "var": 0.37380194664
    },
    "spectral_spread": {
        "kurt": 45.0487327576,
        "max": 39047152,
        "mean": 6142988,
        "median": 6241367.5,
        "min": 2168830.25,
        "skew": 4.82269477844,
        "var": 1.15671962747e+13
    },
    "spectral_strongpeak": {
        "kurt": 95.4562911987,
        "max": 1.57037174702,
        "mean": 0.0213835779577,
        "median": 6.23054220341e-05,
        "min": 8.04869573767e-11,
        "skew": 9.50472831726,
        "var": 0.0190759021789
    },
    "zerocrossingrate": {
        "kurt": 11.5864887238,
        "max": 0.50244140625,
        "mean": 0.0879702344537,
        "median": 0.0859375,
        "min": 0.01708984375,
        "skew": 2.12165379524,
        "var": 0.00365797569975
    },
    "barkbands": {
        "kurt": [178.423187256, 178.063720703, 142.105651855, 64.3489837646, 162.936828613, 172.07673645, 114.649993896, 149.715423584, 169.622070312, 79.4364547729, 164.310653687, 145.319107056, 167.387985229, 108.64730072, 129.519500732, 158.581451416, 154.109970093, 167.141372681, 176.886535645, 174.362548828, 154.576889038, 177.266906738, 162.567626953, 171.941680908, 178.841079712, 178.967895508, 178.51008606],
        "max": [1.18214799727e-07, 2.49908316619e-05, 4.75584420201e-05, 6.24024687568e-05, 0.0019949071575, 0.00460437498987, 0.0014719091123, 0.00271282740869, 0.00380116980523, 0.00061049091164, 0.00259335152805, 0.00109114253428, 0.00152605958283, 0.000380698096706, 0.000696716830134, 0.00141606468242, 0.00278305914253, 0.00592072447762, 0.016891438514, 0.0103969890624, 0.00387862673961, 0.00805607810616, 0.000363432453014, 0.00010459934856, 0.000291460950393, 1.56283549586e-05, 1.01936038277e-07],
        "mean": [6.92157997584e-10, 1.56714108357e-07, 4.77116543607e-07, 1.06479012629e-06, 1.66952413565e-05, 3.1725900044e-05, 1.60812087415e-05, 2.45315477514e-05, 2.92887179967e-05, 9.30839178181e-06, 2.02322353289e-05, 9.86988925433e-06, 1.08573467514e-05, 4.6118921091e-06, 6.93747688274e-06, 1.23353775052e-05, 2.3247590434e-05, 4.44219658675e-05, 0.000107674888568, 7.06363862264e-05, 3.25427208736e-05, 4.93131301482e-05, 2.82154610431e-06, 7.19883587408e-07, 1.64002506153e-06, 8.64645670617e-08, 5.85170079059e-10],
        "median": [1.26203640095e-13, 9.05702509518e-12, 2.31255604943e-11, 2.46949509453e-11, 6.41543901336e-11, 4.61215510228e-11, 1.10143569612e-11, 4.36763646083e-12, 1.0593788867e-11, 2.6820312464e-12, 1.08880363493e-12, 1.67321885514e-12, 2.3308531754e-12, 1.1594900387e-12, 1.14469273903e-12, 2.11851629989e-12, 2.69142173825e-12, 3.28120408448e-12, 5.36784202157e-12, 5.24436310351e-12, 4.01863958777e-12, 1.01817838015e-12, 2.22283739267e-13, 1.02734450992e-13, 8.72539074413e-14, 8.6583081064e-15, 4.91931060079e-16],
        "min": [7.98353110721e-24, 3.69157684236e-23, 8.40525456942e-24, 4.66357780207e-23, 4.44628417246e-23, 4.14536876254e-23, 2.30648287428e-22, 1.33924411008e-23, 5.92860777145e-23, 6.01761557848e-24, 7.34890639292e-23, 1.48736252691e-22, 6.5026441817e-23, 1.22611047533e-22, 2.32118926104e-22, 1.27855659888e-22, 1.58653079929e-22, 1.78567930279e-22, 2.96888596852e-22, 3.93057809392e-22, 4.34601168414e-22, 4.51354453583e-22, 6.89240975268e-22, 8.84669362203e-22, 9.68674339585e-22, 1.59840728323e-21, 2.59212857503e-21],
        "skew": [13.4219484329, 13.4018697739, 11.5868215561, 7.96787595749, 12.6094446182, 13.0893526077, 10.3689918518, 11.9552736282, 12.9528551102, 8.3766078949, 12.6868572235, 11.7649812698, 12.8603010178, 9.89052295685, 11.0432157516, 12.3781499863, 12.1866464615, 12.8302001953, 13.3381433487, 13.2032938004, 12.2014799118, 13.359457016, 12.5988197327, 13.0787754059, 13.4446611404, 13.4516277313, 13.4266357422],
        "var": [7.55941237396e-17, 3.3788820266e-12, 1.36127159892e-11, 4.7709301787e-11, 2.24031513341e-08, 1.16508772408e-07, 1.47616461277e-08, 4.31855013971e-08, 7.98362123078e-08, 3.05325875694e-09, 3.77490962933e-08, 7.09943348554e-09, 1.2971752561e-08, 9.99530791468e-10, 3.07911007802e-09, 1.14327090017e-08, 4.48599770664e-08, 1.95201650399e-07, 1.54836027377e-06, 5.90286504121e-07, 8.69735643505e-08, 3.52005258719e-07, 7.45379202804e-10, 6.01499058894e-11, 4.59202814662e-10, 1.3200836908e-12, 5.62077034815e-17],
        "cov": [[7.60072045027e-17, 1.6055684004e-14, 3.05874540919e-14, 4.00709840472e-14, 1.28548571527e-12, 2.9593990019e-12, 9.5883045427e-13, 1.75394258579e-12, 2.44839131608e-12, 3.97269429809e-13, 1.67339460431e-12, 7.06653106256e-13, 9.85399153768e-13, 9.70732419144e-14, 1.86765926617e-13, 9.12133649861e-13, 1.79978926727e-12, 3.81762937235e-12, 1.085651187e-11, 6.68787508012e-12, 2.50053493536e-12, 5.1831069818e-12, 2.34066645189e-13, 6.73892365521e-14, 1.87198048946e-13, 1.00379053959e-14, 6.55383802004e-17], [1.6055684004e-14, 3.39734577276e-12, 6.49359862756e-12, 8.59404127723e-12, 2.72175698646e-10, 6.2633653819e-10, 2.02220962198e-10, 3.71169012192e-10, 5.17861975524e-10, 8.39534067265e-11, 3.53548218479e-10, 1.48959455881e-10, 2.07912631556e-10, 2.01442213604e-11, 3.84743417681e-11, 1.92995869286e-10, 3.80046827342e-10, 8.06868183378e-10, 2.29554886211e-09, 1.41347467064e-09, 5.29192689669e-10, 1.09497055867e-09, 4.95176746829e-11, 1.42392217808e-11, 3.95670510245e-11, 2.12128231647e-12, 1.38420294649e-14], [3.05874540919e-14, 6.49359862756e-12, 1.36871026665e-11, 2.19256314493e-11, 5.46747591645e-10, 1.23902288429e-09, 4.1855510724e-10, 7.5305833791e-10, 1.02120989443e-09, 1.84498888389e-10, 7.03492597509e-10, 2.98069763316e-10, 4.04820843514e-10, 5.63489914451e-11, 9.5844568393e-11, 3.92490873136e-10, 7.6713535524e-10, 1.60351387724e-09, 4.45327064114e-09, 2.76091260965e-09, 1.08612363547e-09, 2.10752504337e-09, 1.00164376793e-10, 2.79714810342e-11, 7.54991277829e-11, 4.03400099783e-12, 2.63507342032e-14], [4.00709840472e-14, 8.59404127723e-12, 2.19256314493e-11, 4.79700064393e-11, 7.89149912084e-10, 1.77958603409e-09, 6.100390193e-10, 1.09188824648e-09, 1.4319538888e-09, 3.06868669364e-10, 9.94573423618e-10, 4.25802365589e-10, 5.46398981616e-10, 1.11836942485e-10, 1.5507657658e-10, 5.89535920081e-10, 1.11548925652e-09, 2.28914665001e-09, 6.11883610446e-09, 3.8514840206e-09, 1.66242197785e-09, 2.82091394688e-09, 1.49842208086e-10, 3.90338143752e-11, 9.98853222356e-11, 5.29172582489e-12, 3.4473360039e-14], [1.28548571527e-12, 2.72175698646e-10, 5.46747591645e-10, 7.89149912084e-10, 2.25255725184e-08, 5.09879818367e-08, 1.73882721555e-08, 3.1101624387e-08, 4.23943262717e-08, 7.37707761544e-09, 2.91657826779e-08, 1.23855432577e-08, 1.69887623969e-08, 2.26157559347e-09, 4.09156752923e-09, 1.59957043167e-08, 3.16786703536e-08, 6.63115926614e-08, 1.85111318274e-07, 1.14461649048e-07, 4.41340120005e-08, 8.82216610876e-08, 4.08968281462e-09, 1.16186005261e-09, 3.16228598862e-09, 1.6927441393e-10, 1.10762928777e-12], [2.9593990019e-12, 6.2633653819e-10, 1.23902288429e-09, 1.77958603409e-09, 5.09879818367e-08, 1.1714543291e-07, 3.80669185063e-08, 6.96444644177e-08, 9.64860547015e-08, 1.61005146992e-08, 6.60522943008e-08, 2.7844977879e-08, 3.85558003302e-08, 4.21178114607e-09, 7.63765406475e-09, 3.63494052635e-08, 7.13812866593e-08, 1.50880339334e-07, 4.25923417424e-07, 2.62784681127e-07, 1.00231382305e-07, 2.02563796847e-07, 9.33178245788e-09, 2.65314081815e-09, 7.30263227666e-09, 3.91016080625e-10, 2.55139225719e-12], [9.5883045427e-13, 2.02220962198e-10, 4.1855510724e-10, 6.100390193e-10, 1.73882721555e-08, 3.80669185063e-08, 1.48423113799e-08, 2.47892764094e-08, 3.250997338e-08, 6.39809938363e-09, 2.27220251503e-08, 1.00185211238e-08, 1.32616060355e-08, 2.74190536942e-09, 4.94746199564e-09, 1.23392016604e-08, 2.51608103241e-08, 5.1145796931e-08, 1.38002349104e-07, 8.62264286638e-08, 3.40870016657e-08, 6.62940422558e-08, 3.12274672787e-09, 8.8687407418e-10, 2.33172459119e-09, 1.24787791211e-10, 8.25092489991e-13], [1.75394258579e-12, 3.71169012192e-10, 7.5305833791e-10, 1.09188824648e-09, 3.1101624387e-08, 6.96444644177e-08, 2.47892764094e-08, 4.34214904033e-08, 5.83719028668e-08, 1.05381179338e-08, 4.03672224536e-08, 1.72865313175e-08, 2.35001156312e-08, 3.67037000792e-09, 6.62855281774e-09, 2.20440874443e-08, 4.40899334819e-08, 9.14483919701e-08, 2.52543173929e-07, 1.5653625951e-07, 6.09253021366e-08, 1.20658981473e-07, 5.62300561668e-09, 1.59730784155e-09, 4.30074020841e-09, 2.30176946947e-10, 1.51063471628e-12], [2.44839131608e-12, 5.17861975524e-10, 1.02120989443e-09, 1.4319538888e-09, 4.23943262717e-08, 9.64860547015e-08, 3.250997338e-08, 5.83719028668e-08, 8.02724713367e-08, 1.37943692025e-08, 5.50855503434e-08, 2.34620927131e-08, 3.2220690116e-08, 4.0343235419e-09, 7.37710648124e-09, 3.01647631318e-08, 5.96736100533e-08, 1.25329577827e-07, 3.5162469203e-07, 2.1737714917e-07, 8.29436785921e-08, 1.67700264342e-07, 7.7115123176e-09, 2.20036677767e-09, 6.02204419664e-09, 3.22557536236e-10, 2.11004846408e-12], [3.97269429809e-13, 8.39534067265e-11, 1.84498888389e-10, 3.06868669364e-10, 7.37707761544e-09, 1.61005146992e-08, 6.39809938363e-09, 1.05381179338e-08, 1.37943692025e-08, 3.06994318855e-09, 9.66243973721e-09, 4.37871250369e-09, 5.56127499607e-09, 1.28800181631e-09, 2.18164020183e-09, 5.41343192495e-09, 1.07585966802e-08, 2.17195559316e-08, 5.8069204556e-08, 3.67366297382e-08, 1.47224268332e-08, 2.75994374022e-08, 1.34393995932e-09, 3.73350877991e-10, 9.65840407652e-10, 5.15984199811e-11, 3.4149744664e-13], [1.67339460431e-12, 3.53548218479e-10, 7.03492597509e-10, 9.94573423618e-10, 2.91657826779e-08, 6.60522943008e-08, 2.27220251503e-08, 4.03672224536e-08, 5.50855503434e-08, 9.66243973721e-09, 3.79553775076e-08, 1.62073483523e-08, 2.21663807309e-08, 3.03144620517e-09, 5.53180878882e-09, 2.07505070904e-08, 4.12352676449e-08, 8.61829789756e-08, 2.40436236254e-07, 1.48824966573e-07, 5.71400775584e-08, 1.14787084726e-07, 5.30046007086e-09, 1.51076562371e-09, 4.11056166882e-09, 2.20130913497e-10, 1.44202835436e-12], [7.06653106256e-13, 1.48959455881e-10, 2.98069763316e-10, 4.25802365589e-10, 1.23855432577e-08, 2.7844977879e-08, 1.00185211238e-08, 1.72865313175e-08, 2.34620927131e-08, 4.37871250369e-09, 1.62073483523e-08, 7.13822823073e-09, 9.52251699715e-09, 1.55821233694e-09, 2.81153056392e-09, 8.89237572466e-09, 1.77811276814e-08, 3.67952495139e-08, 1.01577406042e-07, 6.33392076566e-08, 2.43584370452e-08, 4.85673403716e-08, 2.25512231111e-09, 6.41960484771e-10, 1.72721992264e-09, 9.25206994351e-11, 6.08599271239e-13], [9.85399153768e-13, 2.07912631556e-10, 4.04820843514e-10, 5.46398981616e-10, 1.69887623969e-08, 3.85558003302e-08, 1.32616060355e-08, 2.35001156312e-08, 3.2220690116e-08, 5.56127499607e-09, 2.21663807309e-08, 9.52251699715e-09, 1.30426363043e-08, 1.73890557509e-09, 3.25024496206e-09, 1.20610055276e-08, 2.40857289668e-08, 5.03953785369e-08, 1.40986770703e-07, 8.72563035159e-08, 3.31569189882e-08, 6.74730742389e-08, 3.08373304669e-09, 8.84733342144e-10, 2.41697217795e-09, 1.29542321314e-10, 8.49218698834e-13], [9.70732419144e-14, 2.01442213604e-11, 5.63489914451e-11, 1.11836942485e-10, 2.26157559347e-09, 4.21178114607e-09, 2.74190536942e-09, 3.67037000792e-09, 4.0343235419e-09, 1.28800181631e-09, 3.03144620517e-09, 1.55821233694e-09, 1.73890557509e-09, 1.00499264466e-09, 1.72886882588e-09, 1.62985025476e-09, 3.7054077584e-09, 6.5980492181e-09, 1.44527732004e-08, 9.64364410549e-09, 4.66095517737e-09, 7.13985137679e-09, 3.9846059785e-10, 1.07342169875e-10, 2.21860058103e-10, 1.1759039055e-11, 8.28462800207e-14], [1.86765926617e-13, 3.84743417681e-11, 9.5844568393e-11, 1.5507657658e-10, 4.09156752923e-09, 7.63765406475e-09, 4.94746199564e-09, 6.62855281774e-09, 7.37710648124e-09, 2.18164020183e-09, 5.53180878882e-09, 2.81153056392e-09, 3.25024496206e-09, 1.72886882588e-09, 3.09593573e-09, 2.86688006668e-09, 6.68238486767e-09, 1.19950698263e-08, 2.69338737979e-08, 1.7736995872e-08, 8.16473022525e-09, 1.35278437341e-08, 7.04579172783e-10, 1.97805424818e-10, 4.26235491346e-10, 2.27293184274e-11, 1.59702437906e-13], [9.12133649861e-13, 1.92995869286e-10, 3.92490873136e-10, 5.89535920081e-10, 1.59957043167e-08, 3.63494052635e-08, 1.23392016604e-08, 2.20440874443e-08, 3.01647631318e-08, 5.41343192495e-09, 2.07505070904e-08, 8.89237572466e-09, 1.20610055276e-08, 1.62985025476e-09, 2.86688006668e-09, 1.14951834718e-08, 2.25749783311e-08, 4.72432191145e-08, 1.31866428887e-07, 8.18255756485e-08, 3.15762704872e-08, 6.26449363494e-08, 2.9267603896e-09, 8.26390622599e-10, 2.24500351642e-09, 1.20133319959e-10, 7.85916579212e-13], [1.79978926727e-12, 3.80046827342e-10, 7.6713535524e-10, 1.11548925652e-09, 3.16786703536e-08, 7.13812866593e-08, 2.51608103241e-08, 4.40899334819e-08, 5.96736100533e-08, 1.07585966802e-08, 4.12352676449e-08, 1.77811276814e-08, 2.40857289668e-08, 3.7054077584e-09, 6.68238486767e-09, 2.25749783311e-08, 4.51051107575e-08, 9.3665541101e-08, 2.59101540223e-07, 1.60824427553e-07, 6.23482847573e-08, 1.23753480352e-07, 5.76358649695e-09, 1.63662483565e-09, 4.41324177203e-09, 2.36246910923e-10, 1.55054007828e-12], [3.81762937235e-12, 8.06868183378e-10, 1.60351387724e-09, 2.28914665001e-09, 6.63115926614e-08, 1.50880339334e-07, 5.1145796931e-08, 9.14483919701e-08, 1.25329577827e-07, 2.17195559316e-08, 8.61829789756e-08, 3.67952495139e-08, 5.03953785369e-08, 6.5980492181e-09, 1.19950698263e-08, 4.72432191145e-08, 9.3665541101e-08, 1.96268317154e-07, 5.48905973119e-07, 3.39672823202e-07, 1.30236443852e-07, 2.61763346998e-07, 1.20911272106e-08, 3.44175932199e-09, 9.38693389685e-09, 5.02672403702e-10, 3.2900774119e-12], [1.085651187e-11, 2.29554886211e-09, 4.45327064114e-09, 6.11883610446e-09, 1.85111318274e-07, 4.25923417424e-07, 1.38002349104e-07, 2.52543173929e-07, 3.5162469203e-07, 5.8069204556e-08, 2.40436236254e-07, 1.01577406042e-07, 1.40986770703e-07, 1.44527732004e-08, 2.69338737979e-08, 1.31866428887e-07, 2.59101540223e-07, 5.48905973119e-07, 1.55682130298e-06, 9.60215515988e-07, 3.61913294e-07, 7.41519215808e-07, 3.38062839944e-08, 9.67123181539e-09, 2.67644555407e-08, 1.4342388388e-09, 9.36009776631e-12], [6.68787508012e-12, 1.41347467064e-09, 2.76091260965e-09, 3.8514840206e-09, 1.14461649048e-07, 2.62784681127e-07, 8.62264286638e-08, 1.5653625951e-07, 2.1737714917e-07, 3.67366297382e-08, 1.48824966573e-07, 6.33392076566e-08, 8.72563035159e-08, 9.64364410549e-09, 1.7736995872e-08, 8.18255756485e-08, 1.60824427553e-07, 3.39672823202e-07, 9.60215515988e-07, 5.93512083924e-07, 2.24287660444e-07, 4.57212792071e-07, 2.09284927166e-08, 5.97481353282e-09, 1.64720503903e-08, 8.82589890061e-10, 5.76510931008e-12], [2.50053493536e-12, 5.29192689669e-10, 1.08612363547e-09, 1.66242197785e-09, 4.41340120005e-08, 1.00231382305e-07, 3.40870016657e-08, 6.09253021366e-08, 8.29436785921e-08, 1.47224268332e-08, 5.71400775584e-08, 2.43584370452e-08, 3.31569189882e-08, 4.66095517737e-09, 8.16473022525e-09, 3.15762704872e-08, 6.23482847573e-08, 1.30236443852e-07, 3.61913294e-07, 2.24287660444e-07, 8.74488321756e-08, 1.72017550426e-07, 8.08296185539e-09, 2.27633067951e-09, 6.15790529679e-09, 3.2934405203e-10, 2.154765949e-12], [5.1831069818e-12, 1.09497055867e-09, 2.10752504337e-09, 2.82091394688e-09, 8.82216610876e-08, 2.02563796847e-07, 6.62940422558e-08, 1.20658981473e-07, 1.67700264342e-07, 2.75994374022e-08, 1.14787084726e-07, 4.85673403716e-08, 6.74730742389e-08, 7.13985137679e-09, 1.35278437341e-08, 6.26449363494e-08, 1.23753480352e-07, 2.61763346998e-07, 7.41519215808e-07, 4.57212792071e-07, 1.72017550426e-07, 3.5392878317e-07, 1.60696735918e-08, 4.61387550388e-09, 1.27625900959e-08, 6.84124146222e-10, 4.46879816138e-12], [2.34066645189e-13, 4.95176746829e-11, 1.00164376793e-10, 1.49842208086e-10, 4.08968281462e-09, 9.33178245788e-09, 3.12274672787e-09, 5.62300561668e-09, 7.7115123176e-09, 1.34393995932e-09, 5.30046007086e-09, 2.25512231111e-09, 3.08373304669e-09, 3.9846059785e-10, 7.04579172783e-10, 2.9267603896e-09, 5.76358649695e-09, 1.20911272106e-08, 3.38062839944e-08, 2.09284927166e-08, 8.08296185539e-09, 1.60696735918e-08, 7.49452278015e-10, 2.118014375e-10, 5.76744652037e-10, 3.08613273825e-11, 2.01733852605e-13], [6.73892365521e-14, 1.42392217808e-11, 2.79714810342e-11, 3.90338143752e-11, 1.16186005261e-09, 2.65314081815e-09, 8.8687407418e-10, 1.59730784155e-09, 2.20036677767e-09, 3.73350877991e-10, 1.51076562371e-09, 6.41960484771e-10, 8.84733342144e-10, 1.07342169875e-10, 1.97805424818e-10, 8.26390622599e-10, 1.63662483565e-09, 3.44175932199e-09, 9.67123181539e-09, 5.97481353282e-09, 2.27633067951e-09, 4.61387550388e-09, 2.118014375e-10, 6.04785943548e-11, 1.65815819408e-10, 8.88254487325e-12, 5.80893026823e-14], [1.87198048946e-13, 3.95670510245e-11, 7.54991277829e-11, 9.98853222356e-11, 3.16228598862e-09, 7.30263227666e-09, 2.33172459119e-09, 4.30074020841e-09, 6.02204419664e-09, 9.65840407652e-10, 4.11056166882e-09, 1.72721992264e-09, 2.41697217795e-09, 2.21860058103e-10, 4.26235491346e-10, 2.24500351642e-09, 4.41324177203e-09, 9.38693389685e-09, 2.67644555407e-08, 1.64720503903e-08, 6.15790529679e-09, 1.27625900959e-08, 5.76744652037e-10, 1.65815819408e-10, 4.61712112987e-10, 2.4753714703e-11, 1.61433800355e-13], [1.00379053959e-14, 2.12128231647e-12, 4.03400099783e-12, 5.29172582489e-12, 1.6927441393e-10, 3.91016080625e-10, 1.24787791211e-10, 2.30176946947e-10, 3.22557536236e-10, 5.15984199811e-11, 2.20130913497e-10, 9.25206994351e-11, 1.29542321314e-10, 1.1759039055e-11, 2.27293184274e-11, 1.20133319959e-10, 2.36246910923e-10, 5.02672403702e-10, 1.4342388388e-09, 8.82589890061e-10, 3.2934405203e-10, 6.84124146222e-10, 3.08613273825e-11, 8.88254487325e-12, 2.4753714703e-11, 1.32729721311e-12, 8.656472586e-15], [6.55383802004e-17, 1.38420294649e-14, 2.63507342032e-14, 3.4473360039e-14, 1.10762928777e-12, 2.55139225719e-12, 8.25092489991e-13, 1.51063471628e-12, 2.11004846408e-12, 3.4149744664e-13, 1.44202835436e-12, 6.08599271239e-13, 8.49218698834e-13, 8.28462800207e-14, 1.59702437906e-13, 7.85916579212e-13, 1.55054007828e-12, 3.2900774119e-12, 9.36009776631e-12, 5.76510931008e-12, 2.154765949e-12, 4.46879816138e-12, 2.01733852605e-13, 5.80893026823e-14, 1.61433800355e-13, 8.656472586e-15, 5.65148455691e-17]]
    },
    "mfcc": {
        "kurt": [9.30129909515, 1.59378194809, 5.24022579193, 5.27879905701, 5.73455047607, 2.83490657806, 4.10654783249, 2.08804416656, 2.67010545731, 5.35274124146, 6.7641916275, 3.38903427124, 3.66299247742],
        "max": [-522.387512207, 100.97833252, 37.156955719, 41.6614303589, 4.37298583984, 1.3519821167, 0.990055084229, 1.92684555054, 2.44078445435, 0.0215148925781, 3.2424621582, -3.0517578125e-05, 9.51760864258],
        "mean": [-1097.16345215, 14.8450174332, -3.23899912834, 4.37786722183, -5.23999929428, -4.59815073013, -2.96498775482, -2.36889576912, -2.18129301071, -2.62802648544, -2.13040995598, -2.18655252457, -1.55130684376],
        "median": [-1138.42004395, 1.14440917969e-05, -6.103515625e-05, 8.01086425781e-05, -6.103515625e-05, 2.28881835938e-05, -2.67028808594e-05, -5.34057617188e-05, -4.57763671875e-05, -2.28881835938e-05, -2.67028808594e-05, -3.0517578125e-05, -3.81469726562e-05],
        "min": [-1138.42004395, 1.14440917969e-05, -75.3180389404, -2.83695602417, -56.4038238525, -39.3489646912, -30.7750377655, -20.4792175293, -19.654384613, -28.4275817871, -24.5258235931, -19.3968544006, -16.4929504395],
        "skew": [3.09988594055, 1.7818441391, -2.14460802078, 2.50507998466, -2.64804959297, -2.03528499603, -2.20422387123, -1.78607547283, -1.92529201508, -2.27019333839, -2.56961464882, -2.07447600365, -1.69025611877],
        "var": [11827.1572266, 863.666442871, 366.657012939, 98.1520233154, 196.916122437, 97.8491439819, 39.9399719238, 21.2228050232, 18.7321033478, 27.6705684662, 21.4650020599, 19.1239204407, 12.5883321762],
        "cov": [[11891.7871094, 2506.47094727, -1754.67712402, 977.345397949, -1489.48718262, -738.799926758, -503.139434814, -307.267425537, -293.540893555, -440.881225586, -285.158203125, -380.026306152, -204.369400024], [2506.47094727, 868.385925293, -306.545288086, 242.232833862, -340.633483887, -272.345062256, -150.536956787, -115.021827698, -93.6529312134, -127.262313843, -107.754707336, -114.406600952, -82.6322555542], [-1754.67712402, -306.545288086, 368.660614014, -143.197723389, 235.046859741, 78.3099746704, 44.8471336365, 24.6378955841, 19.5249900818, 48.5922813416, 29.4193115234, 45.7986946106, 20.1018753052], [977.345397949, 242.232833862, -143.197723389, 98.6883773804, -127.439620972, -69.1042938232, -42.7686386108, -31.3374500275, -26.2621593475, -43.9959716797, -27.4391651154, -35.1781654358, -20.7583007812], [-1489.48718262, -340.633483887, 235.046859741, -127.439620972, 197.992172241, 101.502670288, 62.5615119934, 38.8978233337, 35.9014778137, 57.3284873962, 37.0739440918, 48.7815666199, 27.1076488495], [-738.799926758, -272.345062256, 78.3099746704, -69.1042938232, 101.502670288, 98.3838348389, 45.399936676, 35.344078064, 31.1687526703, 42.7327919006, 35.3596763611, 33.9641609192, 23.7025814056], [-503.139434814, -150.536956787, 44.8471336365, -42.7686386108, 62.5615119934, 45.399936676, 40.1582221985, 24.4808349609, 22.2587509155, 23.722864151, 19.034570694, 22.5098571777, 16.0423126221], [-307.267425537, -115.021827698, 24.6378955841, -31.3374500275, 38.8978233337, 35.344078064, 24.4808349609, 21.3387756348, 16.3588218689, 17.9662055969, 14.2058982849, 15.3416156769, 12.1748409271], [-293.540893555, -93.6529312134, 19.5249900818, -26.2621593475, 35.9014778137, 31.1687526703, 22.2587509155, 16.3588218689, 18.8344650269, 17.317232132, 12.7157526016, 14.2827615738, 9.65561676025], [-440.881225586, -127.262313843, 48.5922813416, -43.9959716797, 57.3284873962, 42.7327919006, 23.722864151, 17.9662055969, 17.317232132, 27.8217754364, 17.5871009827, 17.9151382446, 10.865436554], [-285.158203125, -107.754707336, 29.4193115234, -27.4391651154, 37.0739440918, 35.3596763611, 19.034570694, 14.2058982849, 12.7157526016, 17.5871009827, 21.5822982788, 17.3343448639, 12.305560112], [-380.026306152, -114.406600952, 45.7986946106, -35.1781654358, 48.7815666199, 33.9641609192, 22.5098571777, 15.3416156769, 14.2827615738, 17.9151382446, 17.3343448639, 19.2284221649, 12.936870575], [-204.369400024, -82.6322555542, 20.1018753052, -20.7583007812, 27.1076488495, 23.7025814056, 16.0423126221, 12.1748409271, 9.65561676025, 10.865436554, 12.305560112, 12.936870575, 12.6571207047]]
    },
    "sccoeffs": {
        "kurt": [1.43986558914, 0.299993038177, 0.794625997543, 7.89318466187, 4.81267261505, 0.0679490566254],
        "max": [-0.507253468037, -0.778258800507, -0.79319435358, -0.742456495762, -0.783681809902, -0.674488604069],
        "mean": [-0.81841135025, -0.890740692616, -0.90238147974, -0.909616947174, -0.911836147308, -0.854656040668],
        "median": [-0.845330238342, -0.89685690403, -0.906257987022, -0.914264321327, -0.920747995377, -0.888157129288],
        "min": [-0.952602028847, -0.989032506943, -0.970530390739, -0.954769849777, -0.957052350044, -0.96398550272],
        "skew": [1.36220395565, 0.721620857716, 0.807430386543, 2.17067718506, 2.10772252083, 1.21935939789],
        "var": [0.0082750255242, 0.00167287723161, 0.00107902241871, 0.000788480043411, 0.000827504496556, 0.00428683077917],
        "cov": [[0.00832024402916, 0.00234955642372, 0.00213703536429, 0.00166745006572, 0.00220280326903, 0.00518299126998], [0.00234955642372, 0.00168201862834, 0.000755625369493, 0.00064718601061, 0.000722185126506, 0.0015736419009], [0.00213703536429, 0.000755625369493, 0.00108491873834, 0.000536981911864, 0.000683200254571, 0.00156066718046], [0.00166745006572, 0.00064718601061, 0.000536981911864, 0.000792788690887, 0.000605478300713, 0.00126119353808], [0.00220280326903, 0.000722185126506, 0.000683200254571, 0.000605478300713, 0.000832026358694, 0.00159252376761], [0.00518299126998, 0.0015736419009, 0.00156066718046, 0.00126119353808, 0.00159252376761, 0.00431025633588]]
    },
    "scvalleys": {
        "kurt": [2.23306417465, 1.9885058403, 2.00378084183, 2.49941062927, 3.21552705765, 6.13010215759],
        "max": [-6.42412376404, -4.34944868088, -4.88707685471, -5.94864416122, -4.63256692886, -6.93873262405],
        "mean": [-13.9965276718, -13.2988767624, -14.0486268997, -14.545091629, -14.3362426758, -16.8374118805],
        "median": [-14.3273563385, -14.3543014526, -15.3481349945, -15.9058494568, -15.5942554474, -17.6978225708],
        "min": [-27.1396369934, -27.6838245392, -27.1053009033, -27.5086193085, -27.3833675385, -27.0653762817],
        "skew": [-0.15753620863, 0.45473203063, 0.861423969269, 0.868991017342, 0.977429866791, 1.76790356636],
        "var": [6.96991109848, 9.7865152359, 9.52714252472, 8.6198720932, 8.28476238251, 5.47531795502],
        "cov": [[7.00799798965, 7.86690139771, 7.51012563705, 6.9978222847, 6.7222495079, 4.7657251358], [7.86690139771, 9.83999347687, 9.50523471832, 8.9805688858, 8.68976783752, 6.3009595871], [7.51012563705, 9.50523471832, 9.57920265198, 9.00283908844, 8.78937625885, 6.584004879], [6.9978222847, 8.9805688858, 9.00283908844, 8.66697597504, 8.42301750183, 6.3444237709], [6.7222495079, 8.68976783752, 8.78937625885, 8.42301750183, 8.33003520966, 6.40505743027], [4.7657251358, 6.3009595871, 6.584004879, 6.3444237709, 6.40505743027, 5.50523757935]]
    }
},
"rhythm": {
    "beats_loudness": {
        "kurt": 0.25,
        "max": 0.00402261549607,
        "mean": 0.000804588838946,
        "median": 1.20007903615e-09,
        "min": 7.05398309209e-11,
        "skew": 1.5,
        "var": 2.58892373495e-06
    },
    "bpm": 85.4268035889,
    "confidence": 0,
    "first_peak_bpm": {
        "kurt": 0,
        "max": 85,
        "mean": 85,
        "median": 85,
        "min": 85,
        "skew": 0,
        "var": 0
    },
    "first_peak_spread": {
        "kurt": 0,
        "max": 0,
        "mean": 0,
        "median": 0,
        "min": 0,
        "skew": 0,
        "var": 0
    },
    "first_peak_weight": {
        "kurt": 0,
        "max": 1,
        "mean": 1,
        "median": 1,
        "min": 1,
        "skew": 0,
        "var": 0
    },
    "onset_rate": 0.235539183021,
    "second_peak_bpm": {
        "kurt": 0,
        "max": 0,
        "mean": 0,
        "median": 0,
        "min": 0,
        "skew": 0,
        "var": 0
    },
    "second_peak_spread": {
        "kurt": 0,
        "max": 0,
        "mean": 0,
        "median": 0,
        "min": 0,
        "skew": 0,
        "var": 0
    },
    "second_peak_weight": {
        "kurt": 0,
        "max": 0,
        "mean": 0,
        "median": 0,
        "min": 0,
        "skew": 0,
        "var": 0
    },
    "beats_loudness_band_ratio": {
        "kurt": [-1.1872497797, -0.746671915054, -0.532572031021, -0.192173480988, -1.6458991766, -1.82764458656],
        "max": [0.346938997507, 0.68047940731, 0.40781340003, 0.174848586321, 0.295745134354, 0.349514424801],
        "mean": [0.118597902358, 0.257035106421, 0.175824463367, 0.061001021415, 0.11478998512, 0.142713427544],
        "median": [0.0260194018483, 0.166648507118, 0.158876240253, 0.0519777424634, 0.0388297960162, 0.0182351041585],
        "min": [0, 0, 0, 0, 0, 0],
        "skew": [0.700818419456, 0.78900295496, 0.584000647068, 1.10843336582, 0.456543713808, 0.40614131093],
        "var": [0.018704533577, 0.0575799718499, 0.0176935959607, 0.00361400330439, 0.0153526840732, 0.0269099567086],
        "cov": [[0.0233806669712, 0.0400966778398, 0.00704606901854, -0.00317742675543, -0.011624135077, -0.0160644184798], [0.0400966778398, 0.0719749629498, 0.010107498616, -0.00444334559143, -0.0144665623084, -0.0203911662102], [0.00704606901854, 0.010107498616, 0.0221169944853, 0.00317138200626, 0.00187232065946, 0.000890926457942], [-0.00317742675543, -0.00444334559143, 0.00317138200626, 0.00451750401407, 0.00578632578254, 0.00872177071869], [-0.011624135077, -0.0144665623084, 0.00187232065946, 0.00578632578254, 0.0191908553243, 0.0250870324671], [-0.0160644184798, -0.0203911662102, 0.000890926457942, 0.00872177071869, 0.0250870324671, 0.03363744542]]
    },
    "beats_position": [0.673378646374, 1.369977355, 2.07818579674, 2.7863945961, 3.48299312592],
    "bpm_estimates": [86.1328048706, 84.7208175659, 84.7207794189, 86.1328277588],
    "bpm_intervals": [0.69659870863, 0.708208441734, 0.708208799362, 0.696598529816],
    "onset_times": [0.603718817234],
    "histogram": [[0, 0, 0, 0, 0, 0, 0, 0, 0, 0, 0, 0, 0, 0, 0, 0, 0, 0, 0, 0, 0, 0, 0, 0, 0, 0, 0, 0, 0, 0, 0, 0, 0, 0, 0, 0, 0, 0, 0, 0, 0, 0, 0, 0, 0, 0, 0, 0, 0, 0, 0, 0, 0, 0, 0, 0, 0, 0, 0, 0, 0, 0, 0, 0, 0, 0, 0, 0, 0, 0, 0, 0, 0, 0, 0, 0, 0, 0, 0, 0, 0, 0, 0, 0, 0, 0.5, 0.5, 0, 0, 0, 0, 0, 0, 0, 0, 0, 0, 0, 0, 0, 0, 0, 0, 0, 0, 0, 0, 0, 0, 0, 0, 0, 0, 0, 0, 0, 0, 0, 0, 0, 0, 0, 0, 0, 0, 0, 0, 0, 0, 0, 0, 0, 0, 0, 0, 0, 0, 0, 0, 0, 0, 0, 0, 0, 0, 0, 0, 0, 0, 0, 0, 0, 0, 0, 0, 0, 0, 0, 0, 0, 0, 0, 0, 0, 0, 0, 0, 0, 0, 0, 0, 0, 0, 0, 0, 0, 0, 0, 0, 0, 0, 0, 0, 0, 0, 0, 0, 0, 0, 0, 0, 0, 0, 0, 0, 0, 0, 0, 0, 0, 0, 0, 0, 0, 0, 0, 0, 0, 0, 0, 0, 0, 0, 0, 0, 0, 0, 0, 0, 0, 0, 0, 0, 0, 0, 0, 0, 0, 0, 0, 0, 0, 0, 0, 0, 0, 0, 0, 0, 0, 0, 0, 0, 0, 0, 0, 0, 0, 0, 0]]
},
"sfx": {
    "inharmonicity": {
        "kurt": 2.29602766037,
        "max": 0.341588973999,
        "mean": 0.0617328770459,
        "median": 0.0390395559371,
        "min": 0,
        "skew": 1.59901964664,
        "var": 0.00521201593801
    },
    "oddtoevenharmonicenergyratio": {
        "kurt": 11.736374855,
        "max": 5.81490468979,
        "mean": 0.571754932404,
        "median": 0.217055380344,
        "min": 0,
        "skew": 3.01970505714,
        "var": 0.773635268211
    },
    "pitch_after_max_to_before_max_energy_ratio": 1.03913593292,
    "pitch_centroid": 84.4103622437,
    "pitch_max_to_total": 0.581521749496,
    "pitch_min_to_total": 0.429347813129,
    "tristimulus": {
        "kurt": [-1.16877913475, -0.598687410355, -0.86838054657],
        "max": [1, 0.863952755928, 0.82225894928],
        "mean": [0.463639467955, 0.264783680439, 0.271576821804],
        "median": [0.365429490805, 0.260673582554, 0.282658219337],
        "min": [0, 0, 0],
        "skew": [0.499441951513, 0.370603144169, 0.173526152968],
        "var": [0.126909434795, 0.0444745793939, 0.0449682362378],
        "cov": [[0.127602919936, -0.0635531768203, -0.0640495866537], [-0.0635531768203, 0.0447176098824, 0.0188356079161], [-0.0640495866537, 0.0188356079161, 0.0452139638364]]
    }
},
"tonal": {
    "chords_changes_rate": 0.193548381329,
    "chords_number_rate": 0.0967741906643,
    "chords_strength": {
        "kurt": 0.456352233887,
        "max": 0.57076472044,
        "mean": 0.358019113541,
        "median": 0.349374681711,
        "min": 0.252725571394,
        "skew": 0.668911039829,
        "var": 0.00452384958044
    },
    "key_strength": 0.347409427166,
    "tuning_diatonic_strength": 0.340063661337,
    "tuning_equal_tempered_deviation": 0.209732487798,
    "tuning_frequency": 452.631469727,
    "tuning_nontempered_energy_ratio": 0.867125034332,
    "hpcp": {
        "kurt": [2.99531078339, 2.30150508881, 4.25042581558, 5.88289833069, 4.75685071945, 4.72685146332, 5.17907905579, 4.25966691971, 3.84114027023, 2.00403118134, 2.07653903961, 3.85196208954, 6.23715686798, 4.8486123085, 6.05874156952, 4.11451768875, 5.28615570068, 9.23715782166, 5.93171691895, 3.64175081253, 6.02658367157, 3.70995378494, 4.75426530838, 6.36906719208, 7.24086666107, 3.09798669815, 4.40864038467, 1.70301532745, 6.05764198303, 3.08378887177, 1.86285877228, 3.61750936508, 5.24244022369, 7.88104629517, 4.53790855408, 2.44808101654],
        "max": [1, 1, 1, 1, 1, 0.881026804447, 1, 1, 1, 1, 1, 1, 1, 1, 1, 0.681329727173, 0.7817029953, 1, 1, 0.887551665306, 1, 1, 1, 0.917998373508, 0.674111545086, 0.704636394978, 1, 0.773014783859, 1, 0.935547232628, 1, 1, 1, 1, 1, 1],
        "mean": [0.139380812645, 0.133273467422, 0.121879078448, 0.106383129954, 0.099655367434, 0.0946844443679, 0.108857132494, 0.11150971055, 0.111856848001, 0.142828598619, 0.143878653646, 0.108644217253, 0.102868460119, 0.118518292904, 0.0936501398683, 0.0748503506184, 0.0853564590216, 0.0897288173437, 0.102508984506, 0.102743200958, 0.104066975415, 0.122396796942, 0.120610512793, 0.090108551085, 0.0583429075778, 0.0846979990602, 0.120236866176, 0.115150161088, 0.111244075, 0.121392965317, 0.138649553061, 0.132557734847, 0.103479273617, 0.0997000336647, 0.118568204343, 0.135921835899],
        "median": [0, 0, 0, 0, 0, 0, 0, 0, 0, 0, 0, 0, 0, 0, 0, 0, 0, 0, 0, 0, 0, 0, 0, 0, 0, 0, 0, 0, 0, 0, 0, 0, 0, 0, 0, 0],
        "min": [0, 0, 0, 0, 0, 0, 0, 0, 0, 0, 0, 0, 0, 0, 0, 0, 0, 0, 0, 0, 0, 0, 0, 0, 0, 0, 0, 0, 0, 0, 0, 0, 0, 0, 0, 0],
        "skew": [2.00723195076, 1.87602007389, 2.20864677429, 2.45039319992, 2.25814318657, 2.3420791626, 2.4478905201, 2.25072932243, 2.09924125671, 1.78269553185, 1.75434684753, 2.06494450569, 2.63232493401, 2.40331029892, 2.48053073883, 2.23288273811, 2.50840592384, 2.88829255104, 2.44130516052, 2.11576533318, 2.54657888412, 2.06363868713, 2.27780413628, 2.58120155334, 2.6624546051, 2.03847837448, 2.26154232025, 1.62852561474, 2.47127008438, 1.90502107143, 1.69838964939, 2.06636476517, 2.40138840675, 2.7766866684, 2.31798362732, 1.85322368145],
