{
"metadata": {
    "version": {
        "essentia": "2.1-beta3"
    }
},
"lowLevel": {
    "average_loudness": 0.0415257178247,
    "barkbands_kurtosis": {
        "kurt": 93.928237915,
        "max": 73.9085540771,
        "mean": 0.97656917572,
        "median": -0.412365555763,
        "min": -1.97118127346,
        "skew": 7.66005182266,
        "var": 19.57447052
    },
    "barkbands_skewness": {
        "kurt": 5.53332328796,
        "max": 3.96699571609,
        "mean": 0.419552892447,
        "median": 0.434848308563,
        "min": -8.40592861176,
        "skew": -1.35130953789,
        "var": 1.58498692513
    },
    "barkbands_spread": {
        "kurt": -0.251643896103,
        "max": 47.1201477051,
        "mean": 22.503118515,
        "median": 20.8592014313,
        "min": 2.13990426064,
        "skew": 0.62978219986,
        "var": 73.4587097168
    },
    "dissonance": {
        "kurt": 51.5716705322,
        "max": 0.500000059605,
        "mean": 0.477652788162,
        "median": 0.4821626544,
        "min": 0.141219481826,
        "skew": -4.37192630768,
        "var": 0.000467419828055
    },
    "hfc": {
        "kurt": 230.228652954,
        "max": 28.2185611725,
        "mean": 0.126015648246,
        "median": 1.27416224132e-05,
        "min": 1.18853638221e-16,
        "skew": 14.2860469818,
        "var": 1.8358310461
    },
    "pitch": {
        "kurt": -0.684612512589,
        "max": 4565.14941406,
        "mean": 1168.28857422,
        "median": 546.232543945,
        "min": 71.8782348633,
        "skew": 1.06019735336,
        "var": 1746037.25
    },
    "pitch_instantaneous_confidence": {
        "kurt": 0.0886888504028,
        "max": 0.992283761501,
        "mean": 0.394917279482,
        "median": 0.298318475485,
        "min": 0.114618897438,
        "skew": 1.14695489407,
        "var": 0.0556395463645
    },
    "pitch_salience": {
        "kurt": 3.25017166138,
        "max": 0.961577951908,
        "mean": 0.714799284935,
        "median": 0.747607946396,
        "min": 0.188620626926,
        "skew": -1.72149288654,
        "var": 0.0130672622472
    },
    "silence_rate_20dB": {
        "kurt": 0,
        "max": 1,
        "mean": 1,
        "median": 1,
        "min": 1,
        "skew": 0,
        "var": 0
    },
    "silence_rate_30dB": {
        "kurt": 0,
        "max": 1,
        "mean": 1,
        "median": 1,
        "min": 1,
        "skew": 0,
        "var": 0
    },
    "silence_rate_60dB": {
        "kurt": 92.6756439209,
        "max": 1,
        "mean": 0.98976111412,
        "median": 1,
        "min": 0,
        "skew": -9.73018741608,
        "var": 0.0101341400295
    },
    "spectral_centroid": {
        "kurt": 28.6784477234,
        "max": 11613.2705078,
        "mean": 1478.62463379,
        "median": 1321.57666016,
        "min": 441.869720459,
        "skew": 2.85210752487,
        "var": 555664.4375
    },
    "spectral_complexity": {
        "kurt": 257.314331055,
        "max": 45,
        "mean": 0.16467577219,
        "median": 0,
        "min": 0,
        "skew": 15.21849823,
        "var": 4.41414403915
    },
    "spectral_crest": {
        "kurt": 2.50039482117,
        "max": 26.4452610016,
        "mean": 7.88759183884,
        "median": 6.43618202209,
        "min": 2.48759055138,
        "skew": 1.67886257172,
        "var": 21.768781662
    },
    "spectral_decrease": {
        "kurt": 205.674057007,
        "max": 6.19535130626e-29,
        "mean": -1.23856506648e-11,
        "median": -1.95169435355e-15,
        "min": -2.51911536076e-09,
        "skew": -13.7267398834,
        "var": 1.75552121349e-20
    },
    "spectral_energy": {
        "kurt": 195.704696655,
        "max": 0.0111742895097,
        "mean": 5.81761669309e-05,
        "median": 8.50493897531e-09,
        "min": 1.05465439243e-20,
        "skew": 13.4505529404,
        "var": 3.804284745e-07
    },
    "spectral_energyband_high": {
        "kurt": 186.592224121,
        "max": 0.00135047896765,
        "mean": 7.16109116183e-06,
        "median": 1.3897842599e-10,
        "min": 7.42156462223e-21,
        "skew": 13.2459774017,
        "var": 5.84112580526e-09
    },
    "spectral_energyband_low": {
        "kurt": 370.173980713,
        "max": 0.00141248176806,
        "mean": 4.28392650065e-06,
        "median": 3.84880127768e-10,
        "min": 5.13571862691e-23,
        "skew": 18.5937652588,
        "var": 4.13144896072e-09
    },
    "spectral_energyband_middle_high": {
        "kurt": 218.167037964,
        "max": 0.00811358820647,
        "mean": 3.7922829506e-05,
        "median": 3.86079967996e-09,
        "min": 1.50413262429e-21,
        "skew": 14.0232791901,
        "var": 1.64347710552e-07
    },
    "spectral_energyband_middle_low": {
        "kurt": 382.963348389,
        "max": 0.0035138707608,
        "mean": 1.08862832349e-05,
        "median": 3.94431154405e-09,
        "min": 2.7926360145e-22,
        "skew": 18.8418521881,
        "var": 2.21527578503e-08
    },
    "spectral_flatness_db": {
        "kurt": 1.66291666031,
        "max": 0.322966307402,
        "mean": 0.133588224649,
        "median": 0.124615028501,
        "min": 0.0655672103167,
        "skew": 1.0710157156,
        "var": 0.00155308726244
    },
    "spectral_flux": {
        "kurt": 91.9081192017,
        "max": 0.0989474058151,
        "mean": 0.00126184010878,
        "median": 6.47406995995e-05,
        "min": 1.02696365301e-10,
        "skew": 9.22198009491,
        "var": 5.17732041772e-05
    },
    "spectral_kurtosis": {
        "kurt": 0.625932693481,
        "max": 19.2438201904,
        "mean": 5.60022783279,
        "median": 4.22837734222,
        "min": -1.21747839451,
        "skew": 1.25247335434,
        "var": 13.340631485
    },
    "spectral_rms": {
        "kurt": 110.820732117,
        "max": 0.00330177904107,
        "mean": 4.39340728917e-05,
        "median": 2.88053820441e-06,
        "min": 3.20769561087e-12,
        "skew": 9.98808288574,
        "var": 5.48271792411e-08
    },
    "spectral_rolloff": {
        "kurt": 35.7913246155,
        "max": 19422.9492188,
        "mean": 2443.7980957,
        "median": 2713.18359375,
        "min": 495.263671875,
        "skew": 2.32420754433,
        "var": 1375290.375
    },
    "spectral_skewness": {
        "kurt": 0.286748409271,
        "max": 3.33315873146,
        "mean": 1.91548252106,
        "median": 1.81112015247,
        "min": -0.0649300143123,
        "skew": 0.557264328003,
        "var": 0.250780880451
    },
    "spectral_spread": {
        "kurt": 12.1754865646,
        "max": 42326092,
        "mean": 7100307,
        "median": 7382524,
        "min": 2235945.5,
        "skew": 1.11792874336,
        "var": 9.74958205338e+12
    },
    "spectral_strongpeak": {
        "kurt": 947.752502441,
        "max": 2.75253129005,
        "mean": 0.00950074382126,
        "median": 0.000869092822541,
        "min": 2.85339196715e-09,
        "skew": 29.52825737,
        "var": 0.00713266758248
    },
    "zerocrossingrate": {
        "kurt": 32.7232589722,
        "max": 0.5078125,
        "mean": 0.088314332068,
        "median": 0.080078125,
        "min": 0.033203125,
        "skew": 3.3261320591,
        "var": 0.00109184044413
    },
    "barkbands": {
        "kurt": [174.800064087, 336.811553955, 374.541015625, 351.37713623, 398.355285645, 313.306732178, 394.921173096, 362.953491211, 453.289093018, 481.292724609, 224.552932739, 270.563476562, 342.723815918, 320.330749512, 190.836395264, 317.754547119, 460.528259277, 265.631713867, 414.211883545, 258.659332275, 207.956161499, 154.022491455, 273.883575439, 289.248687744, 198.40524292, 304.719055176, 446.605072021],
        "max": [2.57428439454e-07, 0.000159251503646, 0.000711033935659, 0.00114845926873, 0.00107289117295, 0.000235724975937, 0.000370029854821, 0.000140046235174, 0.000388631480746, 0.00041541462997, 0.000280528474832, 0.00102041871287, 0.00134732516017, 0.000462923606392, 0.000228069489822, 0.000727310369257, 0.00262039457448, 0.000924764026422, 0.00161051005125, 0.00138517236337, 0.000780820671935, 0.00012465659529, 7.16024223948e-05, 2.06004351639e-05, 8.29088730825e-06, 6.17774730927e-07, 1.21405392406e-08],
        "mean": [1.26181376459e-09, 5.09433959905e-07, 2.13029215956e-06, 3.39201233146e-06, 3.07743857775e-06, 9.52093955675e-07, 1.15279351576e-06, 6.18473848135e-07, 1.21463858704e-06, 1.29859097342e-06, 1.38936388794e-06, 4.20481273977e-06, 4.64905542685e-06, 1.88836315829e-06, 1.43559350363e-06, 2.86569479613e-06, 6.85894428898e-06, 4.38604956798e-06, 5.34628270543e-06, 5.86242640566e-06, 3.67604820894e-06, 8.51901916121e-07, 2.91449993028e-07, 7.97250478968e-08, 4.12237461944e-08, 2.12766093632e-09, 3.39084663126e-11],
        "median": [4.32018163648e-13, 1.13292021597e-10, 1.51843287943e-10, 1.65049418577e-10, 4.71524597145e-10, 5.65130942043e-10, 7.2169287213e-10, 8.73181971173e-10, 5.13269426961e-10, 1.94041199775e-10, 1.26018195878e-10, 1.05270243911e-10, 7.94404264592e-11, 7.99119104222e-11, 4.9894186005e-11, 5.02309027706e-11, 1.53879020637e-10, 2.64356203594e-10, 6.7021677097e-10, 6.90327517372e-11, 5.15279971469e-11, 2.38639212558e-11, 9.07963461361e-12, 7.74788046221e-12, 1.06032830086e-11, 7.29692890312e-13, 1.15893717691e-13],
        "min": [1.64309629138e-23, 1.99379765966e-23, 7.19047661742e-24, 1.8368280657e-23, 1.41301191328e-23, 2.82963680951e-23, 3.65419051525e-23, 9.4127438569e-23, 4.66384128161e-23, 1.44821495739e-22, 6.37171977716e-23, 1.00339831794e-22, 1.01660290286e-22, 8.49560028454e-23, 1.90782135043e-22, 1.12391285086e-22, 1.57788046615e-22, 1.77709939915e-22, 2.76575542138e-22, 2.41735355109e-22, 5.65013936704e-22, 6.11064379933e-22, 5.09603387466e-22, 8.78307583966e-22, 1.0935448867e-21, 1.76241876081e-21, 2.11387944242e-21],
        "skew": [12.9156742096, 17.3692550659, 18.6898136139, 18.1198406219, 19.2939662933, 16.8221035004, 19.6271495819, 18.4179573059, 20.7711715698, 20.5102901459, 14.3171415329, 15.7885560989, 18.0012798309, 17.0342063904, 13.2291049957, 16.6892032623, 20.6639900208, 15.4826831818, 18.6580715179, 15.5151195526, 13.8889198303, 12.1385755539, 15.6197929382, 15.8338251114, 13.7060699463, 16.2331485748, 20.3251647949],
        "var": [2.16858381008e-16, 4.82155253223e-11, 1.02225550247e-09, 2.5533291037e-09, 2.09314410249e-09, 1.16606252432e-10, 2.66694472062e-10, 3.87699455873e-11, 2.77711020846e-10, 2.45941794708e-10, 2.07894354509e-10, 2.53062770739e-09, 4.01096933444e-09, 4.9385551204e-10, 1.77973261128e-10, 1.0426999264e-09, 1.06668522903e-08, 2.2791069032e-09, 3.90273768858e-09, 4.77461536974e-09, 1.67117841787e-09, 6.77564879203e-11, 1.08055283471e-11, 8.22560173187e-13, 2.20048764908e-13, 7.04281849379e-16, 2.55521855633e-19],
        "cov": [[2.17043576821e-16, 9.00651962407e-14, 3.649083531e-13, 5.63934966433e-13, 4.223847834e-13, 1.11205180264e-13, 1.28366908032e-13, 4.78327569068e-14, 1.28001911371e-13, 1.38829296366e-13, 1.28763929315e-13, 4.66965713059e-13, 5.51775205387e-13, 2.3238006029e-13, 1.50445221602e-13, 2.22226195236e-13, 3.20108685652e-13, 3.6464605749e-13, 4.42125177615e-13, 4.99457680075e-13, 3.26408984477e-13, 8.29089062486e-14, 2.38091423882e-14, 6.23206015602e-15, 3.69057887888e-15, 1.730072471e-16, 1.9554839194e-18], [9.00651962407e-14, 4.82567007187e-11, 2.1590004784e-10, 3.34007960179e-10, 2.52379117605e-10, 6.41474026675e-11, 7.88472134805e-11, 2.6765104022e-11, 7.74313738128e-11, 8.04009497868e-11, 6.22245727167e-11, 2.5708676854e-10, 3.14512332844e-10, 1.26774035714e-10, 6.67125729659e-11, 1.00257122049e-10, 1.24909999011e-10, 1.79829540148e-10, 2.18892279302e-10, 2.29820704134e-10, 1.50148365963e-10, 3.80794284993e-11, 1.07498072943e-11, 2.93141834591e-12, 1.76112358204e-12, 8.06147141229e-14, 8.84625010607e-16], [3.649083531e-13, 2.1590004784e-10, 1.02312858186e-09, 1.60642343872e-09, 1.29577282237e-09, 3.17497195201e-10, 4.18936052515e-10, 1.39360772922e-10, 4.17048895418e-10, 4.17804707498e-10, 3.04642616689e-10, 1.29992505649e-09, 1.63018765154e-09, 6.25008045319e-10, 2.76813405531e-10, 4.4232509322e-10, 5.3839438463e-10, 8.4358120489e-10, 1.03373409832e-09, 1.07242792424e-09, 7.03329117169e-10, 1.73538378112e-10, 5.00311840568e-11, 1.37079366955e-11, 8.42036596699e-12, 3.87381804152e-13, 4.20696192726e-15], [5.63934966433e-13, 3.34007960179e-10, 1.60642343872e-09, 2.55550958173e-09, 2.15167661466e-09, 5.18066145538e-10, 7.10837388951e-10, 2.39678582536e-10, 7.10699221695e-10, 6.92353840925e-10, 5.17709930481e-10, 2.16542161979e-09, 2.75221623269e-09, 1.03328134937e-09, 4.4221781792e-10, 7.05820069058e-10, 8.59914306428e-10, 1.3577394764e-09, 1.67182911959e-09, 1.70485847661e-09, 1.15397369438e-09, 2.80128004126e-10, 8.07896319288e-11, 2.20875141094e-11, 1.37725724922e-11, 6.36551304289e-13, 6.92877609535e-15], [4.223847834e-13, 2.52379117605e-10, 1.29577282237e-09, 2.15167661466e-09, 2.09493156156e-09, 4.8286541432e-10, 7.30767557577e-10, 2.55568233243e-10, 7.43516359591e-10, 6.88734791421e-10, 5.58274926288e-10, 2.19473195173e-09, 2.84140799778e-09, 9.95835969242e-10, 3.73962055766e-10, 6.79661493752e-10, 1.09996189934e-09, 1.3222655193e-09, 1.68478442308e-09, 1.7194614621e-09, 1.2115153325e-09, 2.71964284426e-10, 8.48352776917e-11, 2.27452223722e-11, 1.43308446707e-11, 6.97345718496e-13, 8.18462356537e-15], [1.11205180264e-13, 6.41474026675e-11, 3.17497195201e-10, 5.18066145538e-10, 4.8286541432e-10, 1.16705839437e-10, 1.63183744295e-10, 5.71062537535e-11, 1.67229771697e-10, 1.6096809996e-10, 1.3657618092e-10, 5.214569887e-10, 6.53807230577e-10, 2.36467179171e-10, 1.04831421321e-10, 2.08154368742e-10, 4.04332761716e-10, 3.70354774626e-10, 4.57759996575e-10, 4.76250927584e-10, 3.26392718408e-10, 7.13937173269e-11, 2.33463248733e-11, 6.45139193803e-12, 3.79435285275e-12, 1.89907429517e-13, 2.56778821466e-15], [1.28366908032e-13, 7.88472134805e-11, 4.18936052515e-10, 7.10837388951e-10, 7.30767557577e-10, 1.63183744295e-10, 2.66922234315e-10, 9.68664315426e-11, 2.64764987712e-10, 2.36309721791e-10, 1.95533769731e-10, 7.6705580776e-10, 1.01120056772e-09, 3.40243277996e-10, 1.15432538528e-10, 1.9311290067e-10, 2.82015771846e-10, 4.03270999927e-10, 5.37068112205e-10, 5.18664000637e-10, 3.87058385343e-10, 9.0819990417e-11, 2.63967441655e-11, 6.92676862049e-12, 4.71029248592e-12, 2.20811745082e-13, 2.40811466904e-15], [4.78327569068e-14, 2.6765104022e-11, 1.39360772922e-10, 2.39678582536e-10, 2.55568233243e-10, 5.71062537535e-11, 9.68664315426e-11, 3.88030545195e-11, 9.33987123752e-11, 8.05717992325e-11, 7.62076998728e-11, 2.80741208059e-10, 3.66902702664e-10, 1.20989343544e-10, 4.34521064963e-11, 6.53409062967e-11, 9.60367410596e-11, 1.3313006253e-10, 1.90156279611e-10, 1.80646428372e-10, 1.41655381869e-10, 3.58359140973e-11, 9.69398346318e-12, 2.41316970746e-12, 1.71926231932e-12, 7.91744938383e-14, 8.11505950227e-16], [1.28001911371e-13, 7.74313738128e-11, 4.17048895418e-10, 7.10699221695e-10, 7.43516359591e-10, 1.67229771697e-10, 2.64764987712e-10, 9.33987123752e-11, 2.77948164484e-10, 2.51195536594e-10, 1.99692901104e-10, 7.73272224031e-10, 1.01961439292e-09, 3.50287437945e-10, 1.19357732031e-10, 2.17787773926e-10, 3.10030279227e-10, 4.41205405544e-10, 5.37692890212e-10, 5.68324776129e-10, 4.15916356911e-10, 9.08240774256e-11, 2.83852420735e-11, 7.4838954478e-12, 4.91690152135e-12, 2.35493888929e-13, 2.68014840566e-15], [1.38829296366e-13, 8.04009497868e-11, 4.17804707498e-10, 6.92353840925e-10, 6.88734791421e-10, 1.6096809996e-10, 2.36309721791e-10, 8.05717992325e-11, 2.51195536594e-10, 2.46151821148e-10, 1.8924377343e-10, 7.42246153429e-10, 9.41075328775e-10, 3.29768795604e-10, 1.23299856436e-10, 2.66468735965e-10, 5.22715259965e-10, 5.13045883554e-10, 6.25176466151e-10, 6.99379110181e-10, 4.62079124963e-10, 9.73337938026e-11, 3.36626282404e-11, 9.03123669599e-12, 5.48812210954e-12, 2.73404102092e-13, 3.52681543468e-15], [1.28763929315e-13, 6.22245727167e-11, 3.04642616689e-10, 5.17709930481e-10, 5.58274926288e-10, 1.3657618092e-10, 1.95533769731e-10, 7.62076998728e-11, 1.99692901104e-10, 1.8924377343e-10, 2.08071893049e-10, 6.91720736246e-10, 8.37680924626e-10, 2.87529916543e-10, 1.44994002915e-10, 3.3701230695e-10, 8.62629800924e-10, 5.45370415495e-10, 7.00568103529e-10, 7.45985384576e-10, 5.23763199478e-10, 1.09495447431e-10, 3.83578585561e-11, 1.04137219681e-11, 5.9392135307e-12, 3.14609964599e-13, 4.80914348397e-15], [4.66965713059e-13, 2.5708676854e-10, 1.29992505649e-09, 2.16542161979e-09, 2.19473195173e-09, 5.214569887e-10, 7.6705580776e-10, 2.80741208059e-10, 7.73272224031e-10, 7.42246153429e-10, 6.91720736246e-10, 2.53278886753e-09, 3.13890424763e-09, 1.07674624772e-09, 4.54444787357e-10, 1.01368757832e-09, 2.40583730715e-09, 1.79198333949e-09, 2.37250152857e-09, 2.51365706028e-09, 1.69042968512e-09, 3.6359298905e-10, 1.25267740625e-10, 3.35870047052e-11, 1.97416544917e-11, 1.02354236198e-12, 1.41101848494e-14], [5.51775205387e-13, 3.14512332844e-10, 1.63018765154e-09, 2.75221623269e-09, 2.84140799778e-09, 6.53807230577e-10, 1.01120056772e-09, 3.66902702664e-10, 1.01961439292e-09, 9.41075328775e-10, 8.37680924626e-10, 3.13890424763e-09, 4.01439459452e-09, 1.36727296152e-09, 5.21355902894e-10, 1.05105213422e-09, 2.19833395931e-09, 1.96831684285e-09, 2.64118193982e-09, 2.7050544027e-09, 1.88253879152e-09, 4.11454564864e-10, 1.35949765334e-10, 3.60272367494e-11, 2.20575311488e-11, 1.12238115937e-12, 1.41127327245e-14], [2.3238006029e-13, 1.26774035714e-10, 6.25008045319e-10, 1.03328134937e-09, 9.95835969242e-10, 2.36467179171e-10, 3.40243277996e-10, 1.20989343544e-10, 3.50287437945e-10, 3.29768795604e-10, 2.87529916543e-10, 1.07674624772e-09, 1.36727296152e-09, 4.94277285767e-10, 2.13837517138e-10, 3.95885157989e-10, 7.53676676624e-10, 7.19899306834e-10, 9.40141742234e-10, 9.72111835473e-10, 6.63093968623e-10, 1.4325764186e-10, 4.80403147818e-11, 1.28126771345e-11, 7.51599997517e-12, 3.89518305848e-13, 4.75871876558e-15], [1.50445221602e-13, 6.67125729659e-11, 2.76813405531e-10, 4.4221781792e-10, 3.73962055766e-10, 1.04831421321e-10, 1.15432538528e-10, 4.34521064963e-11, 1.19357732031e-10, 1.23299856436e-10, 1.44994002915e-10, 4.54444787357e-10, 5.21355902894e-10, 2.13837517138e-10, 1.78125250661e-10, 3.49952622436e-10, 7.82318598791e-10, 5.06921615795e-10, 5.2549437024e-10, 5.27244636839e-10, 4.09966477433e-10, 8.57465418114e-11, 2.71101838895e-11, 8.3614105223e-12, 4.57138363621e-12, 2.23842510283e-13, 4.34984537403e-15], [2.22226195236e-13, 1.00257122049e-10, 4.4232509322e-10, 7.05820069058e-10, 6.79661493752e-10, 2.08154368742e-10, 1.9311290067e-10, 6.53409062967e-11, 2.17787773926e-10, 2.66468735965e-10, 3.3701230695e-10, 1.01368757832e-09, 1.05105213422e-09, 3.95885157989e-10, 3.49952622436e-10, 1.04359032527e-09, 3.01954772297e-09, 1.49061818444e-09, 1.5979930712e-09, 1.72320335778e-09, 1.19359422346e-09, 2.17523277168e-10, 8.61793622575e-11, 2.69642017048e-11, 1.35338840829e-11, 7.29772958643e-13, 1.55891755261e-14], [3.20108685652e-13, 1.24909999011e-10, 5.3839438463e-10, 8.59914306428e-10, 1.09996189934e-09, 4.04332761716e-10, 2.82015771846e-10, 9.60367410596e-11, 3.10030279227e-10, 5.22715259965e-10, 8.62629800924e-10, 2.40583730715e-09, 2.19833395931e-09, 7.53676676624e-10, 7.82318598791e-10, 3.01954772297e-09, 1.06759614482e-08, 4.30125268736e-09, 5.4669504479e-09, 5.72768898977e-09, 3.55860385604e-09, 5.87516146844e-10, 2.84578360876e-10, 8.61653248752e-11, 3.9515838518e-11, 2.42121578863e-12, 5.00108242036e-14], [3.6464605749e-13, 1.79829540148e-10, 8.4358120489e-10, 1.3577394764e-09, 1.3222655193e-09, 3.70354774626e-10, 4.03270999927e-10, 1.3313006253e-10, 4.41205405544e-10, 5.13045883554e-10, 5.45370415495e-10, 1.79198333949e-09, 1.96831684285e-09, 7.19899306834e-10, 5.06921615795e-10, 1.49061818444e-09, 4.30125268736e-09, 2.28105334621e-09, 2.56244492292e-09, 2.72301448057e-09, 1.84986248541e-09, 3.38120503818e-10, 1.35498653964e-10, 4.1310340565e-11, 2.11441489317e-11, 1.14455916533e-12, 2.25932333687e-14], [4.42125177615e-13, 2.18892279302e-10, 1.03373409832e-09, 1.67182911959e-09, 1.68478442308e-09, 4.57759996575e-10, 5.37068112205e-10, 1.90156279611e-10, 5.37692890212e-10, 6.25176466151e-10, 7.00568103529e-10, 2.37250152857e-09, 2.64118193982e-09, 9.40141742234e-10, 5.2549437024e-10, 1.5979930712e-09, 5.4669504479e-09, 2.56244492292e-09, 3.9060705781e-09, 3.9927141593e-09, 2.29437269184e-09, 4.15500828188e-10, 1.94046514967e-10, 5.33821598037e-11, 2.49825802406e-11, 1.59298442493e-12, 2.47984209664e-14], [4.99457680075e-13, 2.29820704134e-10, 1.07242792424e-09, 1.70485847661e-09, 1.7194614621e-09, 4.76250927584e-10, 5.18664000637e-10, 1.80646428372e-10, 5.68324776129e-10, 6.99379110181e-10, 7.45985384576e-10, 2.51365706028e-09, 2.7050544027e-09, 9.72111835473e-10, 5.27244636839e-10, 1.72320335778e-09, 5.72768898977e-09, 2.72301448057e-09, 3.9927141593e-09, 4.77869255278e-09, 2.57565480055e-09, 4.72124062068e-10, 2.23972604352e-10, 5.88473020313e-11, 2.83898321518e-11, 1.76728369352e-12, 2.6125367535e-14], [3.26408984477e-13, 1.50148365963e-10, 7.03329117169e-10, 1.15397369438e-09, 1.2115153325e-09, 3.26392718408e-10, 3.87058385343e-10, 1.41655381869e-10, 4.15916356911e-10, 4.62079124963e-10, 5.23763199478e-10, 1.69042968512e-09, 1.88253879152e-09, 6.63093968623e-10, 4.09966477433e-10, 1.19359422346e-09, 3.55860385604e-09, 1.84986248541e-09, 2.29437269184e-09, 2.57565480055e-09, 1.67260560957e-09, 3.14217069031e-10, 1.28433638724e-10, 3.61192464826e-11, 1.87996129081e-11, 1.05092648993e-12, 1.82680967928e-14], [8.29089062486e-14, 3.80794284993e-11, 1.73538378112e-10, 2.80128004126e-10, 2.71964284426e-10, 7.13937173269e-11, 9.0819990417e-11, 3.58359140973e-11, 9.08240774256e-11, 9.73337938026e-11, 1.09495447431e-10, 3.6359298905e-10, 4.11454564864e-10, 1.4325764186e-10, 8.57465418114e-11, 2.17523277168e-10, 5.87516146844e-10, 3.38120503818e-10, 4.15500828188e-10, 4.72124062068e-10, 3.14217069031e-10, 6.78143513566e-11, 2.36207494536e-11, 6.50801938382e-12, 3.68258418551e-12, 1.88841767202e-13, 3.1517611041e-15], [2.38091423882e-14, 1.07498072943e-11, 5.00311840568e-11, 8.07896319288e-11, 8.48352776917e-11, 2.33463248733e-11, 2.63967441655e-11, 9.69398346318e-12, 2.83852420735e-11, 3.36626282404e-11, 3.83578585561e-11, 1.25267740625e-10, 1.35949765334e-10, 4.80403147818e-11, 2.71101838895e-11, 8.61793622575e-11, 2.84578360876e-10, 1.35498653964e-10, 1.94046514967e-10, 2.23972604352e-10, 1.28433638724e-10, 2.36207494536e-11, 1.08147562086e-11, 2.88320474266e-12, 1.4111427955e-12, 8.62913730813e-14, 1.33354336705e-15], [6.23206015602e-15, 2.93141834591e-12, 1.37079366955e-11, 2.20875141094e-11, 2.27452223722e-11, 6.45139193803e-12, 6.92676862049e-12, 2.41316970746e-12, 7.4838954478e-12, 9.03123669599e-12, 1.04137219681e-11, 3.35870047052e-11, 3.60272367494e-11, 1.28126771345e-11, 8.3614105223e-12, 2.69642017048e-11, 8.61653248752e-11, 4.1310340565e-11, 5.33821598037e-11, 5.88473020313e-11, 3.61192464826e-11, 6.50801938382e-12, 2.88320474266e-12, 8.23262627774e-13, 4.0311376741e-13, 2.37014031855e-14, 4.20324985831e-16], [3.69057887888e-15, 1.76112358204e-12, 8.42036596699e-12, 1.37725724922e-11, 1.43308446707e-11, 3.79435285275e-12, 4.71029248592e-12, 1.71926231932e-12, 4.91690152135e-12, 5.48812210954e-12, 5.9392135307e-12, 1.97416544917e-11, 2.20575311488e-11, 7.51599997517e-12, 4.57138363621e-12, 1.35338840829e-11, 3.9515838518e-11, 2.11441489317e-11, 2.49825802406e-11, 2.83898321518e-11, 1.87996129081e-11, 3.68258418551e-12, 1.4111427955e-12, 4.0311376741e-13, 2.20236670697e-13, 1.160848151e-14, 2.10020469313e-16], [1.730072471e-16, 8.06147141229e-14, 3.87381804152e-13, 6.36551304289e-13, 6.97345718496e-13, 1.89907429517e-13, 2.20811745082e-13, 7.91744938383e-14, 2.35493888929e-13, 2.73404102092e-13, 3.14609964599e-13, 1.02354236198e-12, 1.12238115937e-12, 3.89518305848e-13, 2.23842510283e-13, 7.29772958643e-13, 2.42121578863e-12, 1.14455916533e-12, 1.59298442493e-12, 1.76728369352e-12, 1.05092648993e-12, 1.88841767202e-13, 8.62913730813e-14, 2.37014031855e-14, 1.160848151e-14, 7.04883295711e-16, 1.15471667273e-17], [1.9554839194e-18, 8.84625010607e-16, 4.20696192726e-15, 6.92877609535e-15, 8.18462356537e-15, 2.56778821466e-15, 2.40811466904e-15, 8.11505950227e-16, 2.68014840566e-15, 3.52681543468e-15, 4.80914348397e-15, 1.41101848494e-14, 1.41127327245e-14, 4.75871876558e-15, 4.34984537403e-15, 1.55891755261e-14, 5.00108242036e-14, 2.25932333687e-14, 2.47984209664e-14, 2.6125367535e-14, 1.82680967928e-14, 3.1517611041e-15, 1.33354336705e-15, 4.20324985831e-16, 2.10020469313e-16, 1.15471667273e-17, 2.55740076218e-19]]
    },
    "mfcc": {
        "kurt": [15.4160556793, 6.36309623718, 6.16131019592, 12.7738990784, 7.45632553101, 6.59981822968, 5.95949935913, 12.1655578613, 12.717499733, 23.3291072845, 18.727891922, 9.06967735291, 10.8336305618],
        "max": [-619.013427734, 106.044830322, 3.40631103516, 58.7255935669, 10.1941375732, 29.3726272583, 17.8002643585, 9.72249794006, 13.5648765564, 11.2357120514, 17.1350669861, 15.8176136017, 14.2045555115],
        "mean": [-1113.51538086, 7.8175535202, -7.3877453804, -0.346446573734, -3.35071539879, -2.96996760368, -1.39440095425, -0.82080757618, -0.48228135705, 0.0998293161392, 0.811868429184, 0.578969299793, 0.408918619156],
        "median": [-1138.42004395, 1.14440917969e-05, -6.103515625e-05, 8.01086425781e-05, -6.103515625e-05, 2.28881835938e-05, -2.67028808594e-05, -5.34057617188e-05, -4.57763671875e-05, -2.28881835938e-05, -2.67028808594e-05, -3.0517578125e-05, -3.81469726562e-05],
        "min": [-1138.42004395, -3.46846389771, -94.4275665283, -27.08228302, -42.5776519775, -39.6487998962, -21.3995437622, -21.3662719727, -20.0093364716, -36.1098556519, -30.2465209961, -21.0990142822, -16.2626113892],
        "skew": [3.75458836555, 2.6465909481, -2.70107388496, 1.87392914295, -2.82393121719, -2.24655175209, -1.55766749382, -3.10415935516, -2.54741692543, -2.89267230034, -0.596713244915, 0.0448353141546, 1.00258409977],
        "var": [5342.34619141, 355.216644287, 383.8046875, 63.4109420776, 67.4342041016, 59.1829338074, 17.610118866, 10.4154624939, 8.95985507965, 11.1638746262, 10.458987236, 9.79207801819, 5.60711669922],
        "cov": [[5346.90869141, 1241.12451172, -1268.34729004, 323.622528076, -466.067626953, -188.412902832, -79.2866821289, -112.141815186, -118.795219421, -129.636871338, -32.1889533997, -32.583442688, 7.02874803543], [1241.12451172, 355.519989014, -335.502227783, 35.2402191162, -134.291122437, -92.5410690308, -41.832408905, -39.5188751221, -26.1689186096, -17.1412315369, 10.0451059341, 6.12625837326, 9.61042785645], [-1268.34729004, -335.502227783, 384.132446289, -42.6087341309, 140.812088013, 93.3770980835, 38.3947601318, 37.5297088623, 29.2362728119, 24.3837928772, -2.99840164185, 0.527634084225, -9.3118391037], [323.622528076, 35.2402191162, -42.6087341309, 63.46509552, -11.5174016953, 25.5291118622, 11.9461326599, -0.174258470535, -8.45544719696, -18.0476951599, -15.1716432571, -15.5283966064, -7.1436715126], [-466.067626953, -134.291122437, 140.812088013, -11.5174016953, 67.4917907715, 42.8260688782, 21.0030097961, 15.958615303, 10.1346225739, 5.05721902847, -5.3825507164, -1.96830487251, -4.46598148346], [-188.412902832, -92.5410690308, 93.3770980835, 25.5291118622, 42.8260688782, 59.2334747314, 24.9259624481, 14.2627496719, 4.67158460617, -5.72315979004, -12.712266922, -12.5294332504, -9.28153896332], [-79.2866821289, -41.832408905, 38.3947601318, 11.9461326599, 21.0030097961, 24.9259624481, 17.6251564026, 7.89771032333, 1.03387463093, -3.97027540207, -7.21549749374, -6.01095342636, -5.02658605576], [-112.141815186, -39.5188751221, 37.5297088623, -0.174258470535, 15.958615303, 14.2627496719, 7.89771032333, 10.4243564606, 3.98173427582, 0.689405918121, -2.33227849007, -3.00191426277, -2.65260219574], [-118.795219421, -26.1689186096, 29.2362728119, -8.45544719696, 10.1346225739, 4.67158460617, 1.03387463093, 3.98173427582, 8.96750640869, 5.32623338699, 2.26651620865, 1.31473219395, -0.853629171848], [-129.636871338, -17.1412315369, 24.3837928772, -18.0476951599, 5.05721902847, -5.72315979004, -3.97027540207, 0.689405918121, 5.32623338699, 11.1734085083, 7.23531484604, 4.73023366928, 1.32682454586], [-32.1889533997, 10.0451059341, -2.99840164185, -15.1716432571, -5.3825507164, -12.712266922, -7.21549749374, -2.33227849007, 2.26651620865, 7.23531484604, 10.4679193497, 5.99400854111, 2.3623354435], [-32.583442688, 6.12625837326, 0.527634084225, -15.5283966064, -1.96830487251, -12.5294332504, -6.01095342636, -3.00191426277, 1.31473219395, 4.73023366928, 5.99400854111, 9.80043983459, 4.9832239151], [7.02874803543, 9.61042785645, -9.3118391037, -7.1436715126, -4.46598148346, -9.28153896332, -5.02658605576, -2.65260219574, -0.853629171848, 1.32682454586, 2.3623354435, 4.9832239151, 5.61190462112]]
    },
    "sccoeffs": {
        "kurt": [3.60574674606, 1.71982574463, 1.44926786423, 6.0880317688, 0.958929538727, 1.14473247528],
        "max": [-0.629255115986, -0.72260838747, -0.79975271225, -0.73032271862, -0.739973604679, -0.732550621033],
        "mean": [-0.844887197018, -0.891300737858, -0.904377162457, -0.901191294193, -0.876672327518, -0.883111715317],
        "median": [-0.852154135704, -0.895041048527, -0.907371044159, -0.905235946178, -0.879745364189, -0.907717704773],
        "min": [-0.953558504581, -0.962461054325, -0.961292147636, -0.945581912994, -0.957852482796, -0.960950374603],
        "skew": [1.44217562675, 0.90657633543, 0.842409133911, 1.75447022915, 0.928258836269, 1.63554084301],
        "var": [0.00167078583036, 0.000874207296874, 0.000485336146085, 0.000545300950762, 0.00137571664527, 0.00282702641562],
        "cov": [[0.00167221261654, 0.000376742507797, 0.000250322307693, 0.00039488566108, 0.000344760948792, 0.00115698738955], [0.000376742507797, 0.000874953810126, 0.00015871982032, 0.000198911802727, 0.000117602583487, 0.000794631254394], [0.000250322307693, 0.00015871982032, 0.000485750613734, 0.000229091267101, 8.16022438812e-05, 0.000460208015284], [0.00039488566108, 0.000198911802727, 0.000229091267101, 0.000545766612049, 0.000189461919945, 0.000610794988461], [0.000344760948792, 0.000117602583487, 8.16022438812e-05, 0.000189461919945, 0.0013768915087, 0.000338641053531], [0.00115698738955, 0.000794631254394, 0.000460208015284, 0.000610794988461, 0.000338641053531, 0.00282944063656]]
    },
    "scvalleys": {
        "kurt": [31.8264732361, 14.1059627533, 6.14496517181, 3.2331237793, 5.25239753723, 17.0890579224],
        "max": [-5.88129711151, -5.36176395416, -5.29180717468, -5.52860164642, -5.50181818008, -8.25892543793],
        "mean": [-12.9275941849, -11.7052688599, -12.2865791321, -12.99259758, -13.2771778107, -15.1873664856],
        "median": [-13.1379404068, -12.1636323929, -13.068655014, -13.948223114, -14.0670156479, -15.5493068695],
        "min": [-27.4260673523, -27.0315437317, -27.0974788666, -27.5281639099, -27.3803501129, -27.3214931488],
        "skew": [0.70298832655, 0.407564342022, 0.881008803844, 0.914869785309, 1.3471930027, 2.26641511917],
        "var": [1.30281484127, 1.98782813549, 2.94373178482, 3.90760159492, 3.40164899826, 1.57872354984],
        "cov": [[1.30392742157, 1.33751857281, 1.53752088547, 1.69573712349, 1.71053683758, 1.30121207237], [1.33751857281, 1.98952567577, 2.29457116127, 2.60446047783, 2.47587513924, 1.53196763992], [1.53752088547, 2.29457116127, 2.94624567032, 3.32295513153, 3.07509374619, 1.80044078827], [1.69573712349, 2.60446047783, 3.32295513153, 3.91093850136, 3.52728319168, 1.98271942139], [1.71053683758, 2.47587513924, 3.07509374619, 3.52728319168, 3.40455389023, 2.03378367424], [1.30121207237, 1.53196763992, 1.80044078827, 1.98271942139, 2.03378367424, 1.58007180691]]
    }
},
"rhythm": {
    "beats_loudness": {
        "kurt": 23.0681743622,
        "max": 0.0114991506562,
        "mean": 0.000396258285036,
        "median": 2.95226811886e-08,
        "min": 2.07702388622e-09,
        "skew": 4.99237203598,
        "var": 4.06673825637e-06
    },
    "bpm": 133.6743927,
    "confidence": 0.509575307369,
    "first_peak_bpm": {
        "kurt": 0,
        "max": 133,
        "mean": 133,
        "median": 133,
        "min": 133,
        "skew": 0,
        "var": 0
    },
    "first_peak_spread": {
        "kurt": 0,
        "max": 0.333333313465,
        "mean": 0.333333313465,
        "median": 0.333333313465,
        "min": 0.333333313465,
        "skew": 0,
        "var": 0
    },
    "first_peak_weight": {
        "kurt": 0,
        "max": 0.148148149252,
        "mean": 0.148148149252,
        "median": 0.148148149252,
        "min": 0.148148149252,
        "skew": 0,
        "var": 0
    },
    "onset_rate": 0.294415354729,
    "second_peak_bpm": {
        "kurt": 0,
        "max": 99,
        "mean": 99,
        "median": 99,
        "min": 99,
        "skew": 0,
        "var": 0
    },
    "second_peak_spread": {
        "kurt": 0,
        "max": 0.16666662693,
        "mean": 0.16666662693,
        "median": 0.16666662693,
        "min": 0.16666662693,
        "skew": 0,
        "var": 0
    },
    "second_peak_weight": {
        "kurt": 0,
        "max": 0.0925925895572,
        "mean": 0.0925925895572,
        "median": 0.0925925895572,
        "min": 0.0925925895572,
        "skew": 0,
        "var": 0
    },
    "beats_loudness_band_ratio": {
        "kurt": [1.21163606644, 2.98903560638, -0.187701702118, 4.41284132004, 0.695141792297, 0.269696950912],
        "max": [0.320254266262, 0.552668690681, 0.65049803257, 0.766376376152, 0.724470674992, 0.964762628078],
        "mean": [0.0687324851751, 0.107300274074, 0.232261195779, 0.14972665906, 0.218087494373, 0.265145242214],
        "median": [0.019895022735, 0.0711030364037, 0.223749250174, 0.0991685688496, 0.183188527822, 0.164744019508],
        "min": [0.000556132057682, 0.00466639641672, 0.0105641316622, 0.0018923265161, 0.00399188371375, 0.017492890358],
        "skew": [1.49403750896, 1.73064088821, 0.549354195595, 1.78587734699, 1.01474428177, 1.14796125889],
        "var": [0.00786034669727, 0.0130605967715, 0.0216190870851, 0.0209690332413, 0.0284707024693, 0.0673297122121],
        "cov": [[0.00800590869039, 0.0048493873328, 0.00244302651845, -0.00218872586265, -0.0062560569495, -0.00616104295477], [0.0048493873328, 0.0133024593815, 0.00435318099335, -0.00436634523794, -0.00881150458008, -0.00794412009418], [0.00244302651845, 0.00435318099335, 0.0220194421709, 0.00230233091861, -0.00637764343992, -0.0255726017058], [-0.00218872586265, -0.00436634523794, 0.00230233091861, 0.0213573481888, 0.00119831995107, -0.0202252138406], [-0.0062560569495, -0.00881150458008, -0.00637764343992, 0.00119831995107, 0.0289979372174, -0.00759887788445], [-0.00616104295477, -0.00794412009418, -0.0255726017058, -0.0202252138406, -0.00759887788445, 0.0685765594244]]
    },
    "beats_position": [0.417959183455, 0.859138309956, 1.30031740665, 1.71827661991, 2.11301589012, 2.55419492722, 3.00698399544, 3.45977306366, 3.9125623703, 4.3653512001, 4.81814050674, 5.27092981339, 5.71210861206, 6.13006782532, 6.54802703857, 6.96598625183, 7.36072540283, 7.74385452271, 8.19664382935, 8.64943313599, 9.0093421936, 9.41569137573, 9.89170074463, 10.2632198334, 10.6695690155, 11.0759181976, 11.4822673798, 11.9814968109, 12.4807252884, 12.9683446884, 13.5140132904, 14.0364627838, 14.5589113235, 15.0465307236, 15.5225391388, 15.9985485077, 16.4977779388, 16.9737873077, 17.4730148315, 18.0186843872, 18.575963974, 19.1100215912, 19.667301178, 20.2245807648, 20.7818584442, 21.2926979065, 21.8035373688, 22.3724250793, 22.9413146973, 23.5218143463, 24.1255321503, 24.7292518616, 25.3329696655, 25.9366893768, 26.5404071808],
    "bpm_estimates": [135.999176025, 135.999191284, 135.999206543, 132.512039185, 132.512039185, 132.511962891, 132.51210022, 132.511962891, 132.511962891, 135.999282837, 132.511962891, 132.511962891],
    "bpm_intervals": [0.441179126501, 0.441179096699, 0.417959213257, 0.39473927021, 0.441179037094, 0.452789068222, 0.452789068222, 0.452789306641, 0.452788829803, 0.452789306641, 0.452789306641, 0.441178798676, 0.417959213257, 0.417959213257, 0.417959213257, 0.394739151001, 0.383129119873, 0.452789306641, 0.452789306641, 0.359909057617, 0.406349182129, 0.476009368896, 0.371519088745, 0.406349182129, 0.406349182129, 0.406349182129, 0.499229431152, 0.499228477478, 0.487619400024, 0.54566860199, 0.522449493408, 0.522448539734, 0.487619400024, 0.476008415222, 0.476009368896, 0.499229431152, 0.476009368896, 0.499227523804, 0.545669555664, 0.557279586792, 0.534057617188, 0.557279586792, 0.557279586792, 0.557277679443, 0.51083946228, 0.51083946228, 0.568887710571, 0.56888961792, 0.580499649048, 0.603717803955, 0.603719711304, 0.603717803955, 0.603719711304, 0.603717803955],
    "onset_times": [0.232199549675, 0.53405892849, 5.30575942993, 5.59600925446, 9.91492080688, 10.2051696777, 14.9304304123, 15.2322902679],
    "histogram": [[0, 0, 0, 0, 0, 0, 0, 0, 0, 0, 0, 0, 0, 0, 0, 0, 0, 0, 0, 0, 0, 0, 0, 0, 0, 0, 0, 0, 0, 0, 0, 0, 0, 0, 0, 0, 0, 0, 0, 0, 0, 0, 0, 0, 0, 0, 0, 0, 0, 0, 0, 0, 0, 0, 0, 0, 0, 0, 0, 0, 0, 0, 0, 0, 0, 0, 0, 0, 0, 0, 0, 0, 0, 0, 0, 0, 0, 0, 0, 0, 0, 0, 0, 0, 0, 0, 0, 0, 0, 0, 0, 0, 0, 0, 0, 0, 0, 0, 0, 0.0925925895572, 0, 0, 0, 0.0185185186565, 0, 0.037037037313, 0, 0, 0.074074074626, 0, 0.037037037313, 0, 0.0185185186565, 0, 0, 0.037037037313, 0, 0.037037037313, 0, 0, 0.074074074626, 0, 0, 0.037037037313, 0, 0, 0.074074074626, 0, 0, 0, 0, 0, 0, 0.148148149252, 0, 0, 0.074074074626, 0, 0, 0, 0, 0, 0, 0, 0.074074074626, 0, 0, 0, 0.074074074626, 0, 0, 0, 0.037037037313, 0, 0, 0, 0, 0.0185185186565, 0, 0, 0, 0.0185185186565, 0, 0, 0, 0, 0, 0.0185185186565, 0, 0, 0, 0, 0, 0, 0, 0, 0, 0, 0, 0, 0, 0, 0, 0, 0, 0, 0, 0, 0, 0, 0, 0, 0, 0, 0, 0, 0, 0, 0, 0, 0, 0, 0, 0, 0, 0, 0, 0, 0, 0, 0, 0, 0, 0, 0, 0, 0, 0, 0, 0, 0, 0, 0, 0, 0, 0, 0, 0, 0, 0, 0, 0, 0, 0, 0, 0, 0, 0, 0, 0, 0, 0, 0, 0, 0, 0, 0, 0, 0, 0]]
},
"sfx": {
    "inharmonicity": {
        "kurt": 0.296663761139,
        "max": 0.449639230967,
        "mean": 0.0883161202073,
        "median": 0.0534478537738,
        "min": 0,
        "skew": 1.14048314095,
        "var": 0.00990441534668
    },
    "oddtoevenharmonicenergyratio": {
        "kurt": 198.111557007,
        "max": 55.6977310181,
        "mean": 0.874830961227,
        "median": 0.336166322231,
        "min": 0,
        "skew": 12.8268928528,
        "var": 9.07385635376
    },
    "pitch_after_max_to_before_max_energy_ratio": 14.6602554321,
    "pitch_centroid": 564.614257812,
    "pitch_max_to_total": 0.0930034145713,
    "pitch_min_to_total": 0.960750877857,
    "tristimulus": {
        "kurt": [-1.1493165493, -0.449375629425, -0.597084283829],
        "max": [1, 0.941734373569, 1],
        "mean": [0.432817995548, 0.258335113525, 0.308846443892],
        "median": [0.306757926941, 0.264514923096, 0.29480355978],
        "min": [0, 0, 0],
        "skew": [0.607860505581, 0.355245649815, 0.510428369045],
        "var": [0.133500277996, 0.0426277257502, 0.0691435709596],
        "cov": [[0.13361428678, -0.0535376444459, -0.0800761654973], [-0.0535376444459, 0.042664129287, 0.0108736427501], [-0.0800761654973, 0.0108736427501, 0.0692026168108]]
    }
},
"tonal": {
    "chords_changes_rate": 0.170357748866,
    "chords_number_rate": 0.027257239446,
    "chords_strength": {
        "kurt": -0.174847602844,
        "max": 0.628148317337,
        "mean": 0.446121603251,
        "median": 0.455416887999,
        "min": 0.22491531074,
        "skew": -0.457141965628,
        "var": 0.0068429899402
    },
    "key_strength": 0.599323868752,
    "tuning_diatonic_strength": 0.539744198322,
    "tuning_equal_tempered_deviation": 0.220591381192,
    "tuning_frequency": 436.708374023,
    "tuning_nontempered_energy_ratio": 0.899435043335,
    "hpcp": {
