{
"metadata": {
    "version": {
        "essentia": "2.1-beta3"
    }
},
"lowLevel": {
    "average_loudness": 0.0633696988225,
    "barkbands_kurtosis": {
        "kurt": 9.21994018555,
        "max": 17.1601963043,
        "mean": 0.215325176716,
        "median": -0.545496821404,
        "min": -1.7512550354,
        "skew": 2.46639633179,
        "var": 4.41445350647
    },
    "barkbands_skewness": {
        "kurt": -0.437889814377,
        "max": 3.32547259331,
        "mean": 0.352167755365,
        "median": 0.370908677578,
        "min": -2.48544716835,
        "skew": -0.106510207057,
        "var": 1.13740503788
    },
    "barkbands_spread": {
        "kurt": -0.475259065628,
        "max": 65.8826675415,
        "mean": 31.5758838654,
        "median": 29.7889175415,
        "min": 4.83563899994,
        "skew": 0.267501920462,
        "var": 146.885543823
    },
    "dissonance": {
        "kurt": 51.6538581848,
        "max": 0.499999880791,
        "mean": 0.48256033659,
        "median": 0.487332224846,
        "min": 0.228821083903,
        "skew": -5.11720514297,
        "var": 0.00035853261943
    },
    "hfc": {
        "kurt": 230.067672729,
        "max": 79.5253829956,
        "mean": 0.347915351391,
        "median": 2.0158913685e-06,
        "min": 1.16763121202e-16,
        "skew": 14.6164369583,
        "var": 18.1442718506
    },
    "pitch": {
        "kurt": -1.33048701286,
        "max": 4600.19384766,
        "mean": 1475.09179688,
        "median": 495.522766113,
        "min": 76.4907913208,
        "skew": 0.696529388428,
        "var": 2542674.75
    },
    "pitch_instantaneous_confidence": {
        "kurt": 4.82885217667,
        "max": 0.874272167683,
        "mean": 0.263943403959,
        "median": 0.232709795237,
        "min": 0.068728685379,
        "skew": 1.92260730267,
        "var": 0.0123622482643
    },
    "pitch_salience": {
        "kurt": 0.924597978592,
        "max": 0.987929344177,
        "mean": 0.725807547569,
        "median": 0.750193119049,
        "min": 0.37357622385,
        "skew": -0.988391816616,
        "var": 0.00717879505828
    },
    "silence_rate_20dB": {
        "kurt": 0,
        "max": 1,
        "mean": 1,
        "median": 1,
        "min": 1,
        "skew": 0,
        "var": 0
    },
    "silence_rate_30dB": {
        "kurt": 0,
        "max": 1,
        "mean": 1,
        "median": 1,
        "min": 1,
        "skew": 0,
        "var": 0
    },
    "silence_rate_60dB": {
        "kurt": 72.1251144409,
        "max": 1,
        "mean": 0.987031698227,
        "median": 1,
        "min": 0,
        "skew": -8.60965633392,
        "var": 0.0128000350669
    },
    "spectral_centroid": {
        "kurt": 62.1633758545,
        "max": 11262.5859375,
        "mean": 1553.36560059,
        "median": 1530.19921875,
        "min": 213.528366089,
        "skew": 4.62333631516,
        "var": 448108.625
    },
    "spectral_complexity": {
        "kurt": 203.846832275,
        "max": 60,
        "mean": 0.329971194267,
        "median": 0,
        "min": 0,
        "skew": 14.0824451447,
        "var": 14.9298553467
    },
    "spectral_crest": {
        "kurt": 2.17702102661,
        "max": 17.415895462,
        "mean": 5.8646440506,
        "median": 5.29630374908,
        "min": 2.2484395504,
        "skew": 1.36431634426,
        "var": 6.20407056808
    },
    "spectral_decrease": {
        "kurt": 251.281082153,
        "max": -1.28279603304e-29,
        "mean": -4.21515461424e-11,
        "median": -3.3989904867e-16,
        "min": -9.6641690206e-09,
        "skew": -15.3880243301,
        "var": 2.73591486867e-19
    },
    "spectral_energy": {
        "kurt": 247.228729248,
        "max": 0.0436879843473,
        "mean": 0.000190646329429,
        "median": 1.46334566686e-09,
        "min": 1.06391833062e-20,
        "skew": 15.2426862717,
        "var": 5.5521518334e-06
    },
    "spectral_energyband_high": {
        "kurt": 277.768035889,
        "max": 0.0037127234973,
        "mean": 1.46226102515e-05,
        "median": 8.53788012511e-11,
        "min": 7.71699573229e-21,
        "skew": 16.0289802551,
        "var": 3.51019942002e-08
    },
    "spectral_energyband_low": {
        "kurt": 210.356216431,
        "max": 0.000502650451381,
        "mean": 2.59103194367e-06,
        "median": 2.16331202951e-10,
        "min": 5.57265921598e-23,
        "skew": 13.85658741,
        "var": 7.80104647546e-10
    },
    "spectral_energyband_middle_high": {
        "kurt": 255.176849365,
        "max": 0.0238480921835,
        "mean": 9.72575799096e-05,
        "median": 3.79189735167e-10,
        "min": 1.62003827839e-21,
        "skew": 15.2826089859,
        "var": 1.49086508827e-06
    },
    "spectral_energyband_middle_low": {
        "kurt": 277.666168213,
        "max": 0.0179452262819,
        "mean": 7.7620105003e-05,
        "median": 6.38369690442e-10,
        "min": 3.10854337882e-22,
        "skew": 16.2642059326,
        "var": 9.76518776952e-07
    },
    "spectral_flatness_db": {
        "kurt": -0.179409980774,
        "max": 0.219295814633,
        "mean": 0.10618288815,
        "median": 0.100921079516,
        "min": 0.0473952777684,
        "skew": 0.65897578001,
        "var": 0.00120260263793
    },
    "spectral_flux": {
        "kurt": 87.5587615967,
        "max": 0.171702265739,
        "mean": 0.00199738400988,
        "median": 2.57657848124e-05,
        "min": 1.0314641502e-10,
        "skew": 9.1427230835,
        "var": 0.000197482208023
    },
    "spectral_kurtosis": {
        "kurt": -0.434897184372,
        "max": 12.3827695847,
        "mean": 3.33731412888,
        "median": 1.77391791344,
        "min": -1.23175191879,
        "skew": 0.939271509647,
        "var": 8.95490550995
    },
    "spectral_rms": {
        "kurt": 149.848419189,
        "max": 0.00652858521789,
        "mean": 5.61955166631e-05,
        "median": 1.19484320749e-06,
        "min": 3.22175294255e-12,
        "skew": 11.722287178,
        "var": 1.8283908787e-07
    },
    "spectral_rolloff": {
        "kurt": 40.0934524536,
        "max": 18583.1542969,
        "mean": 2928.32885742,
        "median": 3090.01464844,
        "min": 258.3984375,
        "skew": 2.59097337723,
        "var": 1450924.5
    },
    "spectral_skewness": {
        "kurt": -0.25613117218,
        "max": 2.94424080849,
        "mean": 1.46742081642,
        "median": 1.30267596245,
        "min": -0.0199361275882,
        "skew": 0.843158006668,
        "var": 0.210735797882
    },
    "spectral_spread": {
        "kurt": 7.27493095398,
        "max": 40638136,
        "mean": 8042438.5,
        "median": 9520452,
        "min": 2319832.75,
        "skew": 0.696592032909,
        "var": 1.3356671959e+13
    },
    "spectral_strongpeak": {
        "kurt": 156.756835938,
        "max": 0.555921733379,
        "mean": 0.00699715083465,
        "median": 0.000113676636829,
        "min": 0,
        "skew": 11.6979284286,
        "var": 0.00133941846434
    },
    "zerocrossingrate": {
        "kurt": 76.1692504883,
        "max": 0.4833984375,
        "mean": 0.0984252542257,
        "median": 0.09619140625,
        "min": 0.0263671875,
        "skew": 6.02259588242,
        "var": 0.000799473491497
    },
    "barkbands": {
        "kurt": [492.736419678, 550.62689209, 223.547088623, 212.416168213, 284.558929443, 333.645812988, 281.480560303, 322.84677124, 435.147491455, 307.955810547, 422.787628174, 496.338592529, 345.725616455, 227.814666748, 227.651824951, 311.311737061, 295.688415527, 244.910491943, 210.899642944, 249.102157593, 260.374572754, 241.429779053, 279.026885986, 229.936203003, 226.922607422, 243.370941162, 280.977722168],
        "max": [1.95099983102e-05, 0.000256449973676, 0.000227162905503, 0.000636757700704, 0.00467365887016, 0.0041847047396, 0.00309813162312, 0.00395888835192, 0.0037641224917, 0.00145215669181, 0.00214009638876, 0.00125137309078, 0.00145837117452, 0.00114375900012, 0.00167440320365, 0.00138713163324, 0.0026539079845, 0.00439483067021, 0.00499164499342, 0.00307321082801, 0.00159158243332, 0.00044770288514, 0.000136000846396, 8.48444615258e-05, 7.1717920946e-05, 2.94303413284e-06, 5.2990539956e-08],
        "mean": [5.41362545903e-08, 6.54670827771e-07, 1.21229072647e-06, 3.29864792548e-06, 1.95299980987e-05, 1.55392626766e-05, 1.34062493089e-05, 1.40747033583e-05, 1.07526311695e-05, 5.13097984367e-06, 6.35317110209e-06, 3.57410340257e-06, 4.74327634947e-06, 5.10938389198e-06, 7.46227760828e-06, 4.94016921948e-06, 1.00806610135e-05, 1.84383479791e-05, 2.36693977058e-05, 1.28970341393e-05, 6.54978612147e-06, 1.92826018974e-06, 5.31153034444e-07, 3.87217454545e-07, 3.15457981515e-07, 1.33677202641e-08, 2.03643019114e-10],
        "median": [5.39194557059e-13, 4.09593158002e-11, 1.06458598881e-10, 6.96473573258e-11, 8.6962451129e-11, 9.62281226924e-11, 1.4621620581e-10, 1.08905863494e-10, 4.47068181086e-11, 1.62276095339e-11, 1.87917251204e-11, 2.10707631898e-11, 1.65477510167e-11, 2.0074697113e-11, 2.4281628791e-11, 2.48845145878e-11, 3.68068353573e-11, 5.10392700326e-11, 6.11560802e-11, 4.20610699048e-11, 3.13368775373e-11, 1.2275054237e-11, 4.48162080363e-12, 3.43914003179e-12, 3.16726853078e-12, 2.43350858128e-13, 5.62184830345e-15],
        "min": [1.48004221326e-23, 4.19247890471e-23, 2.95168420172e-24, 5.31107901403e-24, 1.85067336345e-23, 2.74364655322e-23, 5.66388245997e-23, 5.33135423813e-23, 1.05602083079e-22, 9.2788564908e-23, 7.83477276642e-23, 1.36990580818e-22, 1.09381383147e-22, 1.03945752857e-22, 1.45798408463e-22, 1.06436382372e-22, 1.12683050025e-22, 3.50505213282e-22, 3.35601144293e-22, 2.55619206066e-22, 3.4466178608e-22, 6.58764236651e-22, 6.60089018101e-22, 6.40018932546e-22, 1.36543638735e-21, 1.76026215394e-21, 2.33828025441e-21],
        "skew": [21.2000293732, 22.6787414551, 14.3300333023, 14.4542579651, 16.3244361877, 17.2502307892, 16.3679409027, 17.755153656, 20.082239151, 16.9614849091, 19.6361103058, 21.2842845917, 17.8733692169, 15.1101074219, 15.0146684647, 16.8905487061, 16.2480926514, 15.0482749939, 14.1053495407, 15.0561218262, 15.5748577118, 15.240571022, 15.8343296051, 14.8321390152, 14.7979764938, 15.2484273911, 15.9907913208],
        "var": [6.49005697274e-13, 1.05834119246e-10, 1.80117143422e-10, 1.63428581779e-09, 5.80890748836e-08, 3.76137663238e-08, 2.93597341994e-08, 4.17819130405e-08, 2.62537014351e-08, 4.99135621723e-09, 8.57770565688e-09, 2.65929922527e-09, 4.54892212787e-09, 5.15914244659e-09, 1.0207318546e-08, 4.41057634859e-09, 1.63400244446e-08, 5.363168043e-08, 8.37576550339e-08, 2.50994478534e-08, 6.94041046856e-09, 6.24072737931e-10, 4.46441945912e-11, 2.35196757903e-11, 1.62994565761e-11, 2.85610565146e-14, 6.84667029664e-18],
        "cov": [[6.49942231111e-13, 8.21591492756e-12, 5.91339434017e-12, 2.64869896849e-11, 1.61411078947e-10, 1.0008635587e-10, 1.22236137878e-10, 1.47156606345e-10, 1.27427998708e-10, 5.41137863685e-11, 7.30768848212e-11, 2.22828231561e-11, 5.1963044978e-11, 4.85010538676e-11, 6.99809932225e-11, 5.12449839507e-11, 9.77370892552e-11, 1.7252324569e-10, 2.06332048669e-10, 1.18042020603e-10, 5.39526999466e-11, 1.44279137249e-11, 5.12594784327e-12, 3.26368142581e-12, 2.93108614637e-12, 1.1961090484e-13, 1.56976222131e-15], [8.21591492756e-12, 1.05986844301e-10, 7.21792348113e-11, 3.24658938622e-10, 1.97490090947e-09, 1.18756526835e-09, 1.52473633719e-09, 1.83160853151e-09, 1.62311875052e-09, 6.76370182084e-10, 9.22048548624e-10, 2.68756239485e-10, 6.63041177518e-10, 6.04149674732e-10, 8.700688503e-10, 6.27850882395e-10, 1.2255797488e-09, 2.09782813343e-09, 2.48216025511e-09, 1.44912382094e-09, 6.59497401134e-10, 1.74659897656e-10, 6.38088679117e-11, 4.00419836177e-11, 3.60756216566e-11, 1.4885381339e-12, 1.88964122805e-14], [5.91339434017e-12, 7.21792348113e-11, 1.80377046632e-10, 4.9061904539e-10, 2.67197530768e-09, 2.4335113924e-09, 1.81555792622e-09, 1.83206727566e-09, 1.34940203456e-09, 7.04807212593e-10, 7.24194815227e-10, 5.68053326599e-10, 6.48954723292e-10, 8.343709057e-10, 1.15074494378e-09, 5.85495985028e-10, 1.18478193922e-09, 2.20182361232e-09, 2.83769674425e-09, 1.47526291183e-09, 9.11017650207e-10, 3.09196918069e-10, 6.52477516461e-11, 5.50594327076e-11, 4.44815330403e-11, 1.85060885886e-12, 2.93543469154e-14], [2.64869896849e-11, 3.24658938622e-10, 4.9061904539e-10, 1.63664404251e-09, 9.13414677228e-09, 7.32659355407e-09, 6.44286579643e-09, 7.07930647437e-09, 5.53297718753e-09, 2.67656474762e-09, 3.1214222318e-09, 1.73572423101e-09, 2.49901188631e-09, 2.86948265149e-09, 4.03905797697e-09, 2.37687491911e-09, 4.67485961053e-09, 8.56155590867e-09, 1.07213020684e-08, 5.76024206111e-09, 3.16799386724e-09, 9.9483532523e-10, 2.51591081302e-10, 1.91185622889e-10, 1.6025952787e-10, 6.5971611854e-12, 9.87074259677e-14], [1.61411078947e-10, 1.97490090947e-09, 2.67197530768e-09, 9.13414677228e-09, 5.81728976101e-08, 4.41855831923e-08, 4.09146458935e-08, 4.76769983493e-08, 3.5215890648e-08, 1.6223420829e-08, 1.98944007934e-08, 7.32921678903e-09, 1.40725315845e-08, 1.62246998059e-08, 2.20332871947e-08, 1.48877630224e-08, 2.60303139044e-08, 5.25492716008e-08, 6.58153425093e-08, 3.14746344543e-08, 1.57671973255e-08, 5.26088728137e-09, 1.43150724607e-09, 9.98863214363e-10, 8.97195873151e-10, 3.48338337341e-11, 4.82083015001e-13], [1.0008635587e-10, 1.18756526835e-09, 2.4335113924e-09, 7.32659355407e-09, 4.41855831923e-08, 3.76680411307e-08, 2.99033224849e-08, 3.3018210388e-08, 2.29971757193e-08, 1.1521603227e-08, 1.26703056935e-08, 6.92563872917e-09, 9.81698367042e-09, 1.27376100778e-08, 1.71112315428e-08, 1.01457411361e-08, 1.78735959366e-08, 3.70444084297e-08, 4.75263988164e-08, 2.20904485815e-08, 1.25486643299e-08, 4.45753434164e-09, 1.00454344842e-09, 7.87698795079e-10, 6.77601252885e-10, 2.65124415477e-11, 3.99974541335e-13], [1.22236137878e-10, 1.52473633719e-09, 1.81555792622e-09, 6.44286579643e-09, 4.09146458935e-08, 2.99033224849e-08, 2.940210031e-08, 3.44582282708e-08, 2.6263448305e-08, 1.17989653603e-08, 1.48932475241e-08, 5.09618924838e-09, 1.05105595338e-08, 1.15761364938e-08, 1.58538302486e-08, 1.07989084341e-08, 1.94719476099e-08, 3.78624278596e-08, 4.69543621762e-08, 2.31668693118e-08, 1.13303677551e-08, 3.66535068963e-09, 1.05600739264e-09, 7.15616732538e-10, 6.44707787156e-10, 2.53510146903e-11, 3.40702374082e-13], [1.47156606345e-10, 1.83160853151e-09, 1.83206727566e-09, 7.07930647437e-09, 4.76769983493e-08, 3.3018210388e-08, 3.44582282708e-08, 4.18422025916e-08, 3.15740216195e-08, 1.37967850478e-08, 1.80659434079e-08, 4.59595606017e-09, 1.19878711402e-08, 1.28957262646e-08, 1.74886984894e-08, 1.29424035933e-08, 2.22452740672e-08, 4.47530190684e-08, 5.52285825961e-08, 2.62561243858e-08, 1.19543566157e-08, 3.88363607939e-09, 1.21075727222e-09, 7.72205022148e-10, 7.2384681582e-10, 2.76853973774e-11, 3.51902209629e-13], [1.27427998708e-10, 1.62311875052e-09, 1.34940203456e-09, 5.53297718753e-09, 3.5215890648e-08, 2.29971757193e-08, 2.6263448305e-08, 3.15740216195e-08, 2.62915857974e-08, 1.1193008298e-08, 1.47671057604e-08, 4.1709520282e-09, 1.04268220724e-08, 1.02631876331e-08, 1.43119764928e-08, 1.03503667859e-08, 1.89170652476e-08, 3.47476714069e-08, 4.17258938512e-08, 2.23769838215e-08, 1.032862329e-08, 3.00407521081e-09, 1.00831099026e-09, 6.44204412037e-10, 5.91553750429e-10, 2.35621973321e-11, 3.00235449566e-13], [5.41137863685e-11, 6.76370182084e-10, 7.04807212593e-10, 2.67656474762e-09, 1.6223420829e-08, 1.1521603227e-08, 1.17989653603e-08, 1.37967850478e-08, 1.1193008298e-08, 4.99855890013e-09, 6.30425578407e-09, 2.34124053478e-09, 4.6282999655e-09, 4.85232565239e-09, 6.78833700363e-09, 4.58239934886e-09, 8.49875281261e-09, 1.57488475594e-08, 1.92252134212e-08, 1.02595771878e-08, 5.06960118329e-09, 1.5257454189e-09, 4.55849191727e-10, 3.11993042512e-10, 2.76918932229e-10, 1.11135484496e-11, 1.52177478518e-13], [7.30768848212e-11, 9.22048548624e-10, 7.24194815227e-10, 3.1214222318e-09, 1.98944007934e-08, 1.26703056935e-08, 1.48932475241e-08, 1.80659434079e-08, 1.47671057604e-08, 6.30425578407e-09, 8.59008331133e-09, 2.32769759023e-09, 5.83885473304e-09, 5.68026381487e-09, 8.06035860279e-09, 5.99893734687e-09, 1.11282165705e-08, 2.05511341278e-08, 2.49393874441e-08, 1.32693189769e-08, 5.94412208343e-09, 1.69802449879e-09, 5.88533111134e-10, 3.68363450853e-10, 3.3659494636e-10, 1.34438493324e-11, 1.72520350328e-13], [2.22828231561e-11, 2.68756239485e-10, 5.68053326599e-10, 1.73572423101e-09, 7.32921678903e-09, 6.92563872917e-09, 5.09618924838e-09, 4.59595606017e-09, 4.1709520282e-09, 2.34124053478e-09, 2.32769759023e-09, 2.66313660013e-09, 2.50833953608e-09, 2.92529778179e-09, 4.378156504e-09, 1.92774729513e-09, 4.82530948531e-09, 7.35691774167e-09, 9.29869337085e-09, 6.2399676537e-09, 3.98809962832e-09, 1.15907783371e-09, 2.51363124759e-10, 2.24404134164e-10, 1.6714349349e-10, 7.55510237704e-12, 1.28510890081e-13], [5.1963044978e-11, 6.63041177518e-10, 6.48954723292e-10, 2.49901188631e-09, 1.40725315845e-08, 9.81698367042e-09, 1.05105595338e-08, 1.19878711402e-08, 1.04268220724e-08, 4.6282999655e-09, 5.83885473304e-09, 2.50833953608e-09, 4.55548621048e-09, 4.55933202304e-09, 6.52861720241e-09, 4.137862053e-09, 8.33911339981e-09, 1.41802773967e-08, 1.70628400298e-08, 9.99242466548e-09, 5.08364284002e-09, 1.44508127686e-09, 4.37828551192e-10, 3.05080849472e-10, 2.62461385958e-10, 1.09721988439e-11, 1.51953821162e-13], [4.85010538676e-11, 6.04149674732e-10, 8.343709057e-10, 2.86948265149e-09, 1.62246998059e-08, 1.27376100778e-08, 1.15761364938e-08, 1.28957262646e-08, 1.02631876331e-08, 4.85232565239e-09, 5.68026381487e-09, 2.92529778179e-09, 4.55933202304e-09, 5.1665871581e-09, 7.18875181605e-09, 4.23710888597e-09, 8.24444246206e-09, 1.49589389764e-08, 1.85009181308e-08, 9.93712223618e-09, 5.45339862157e-09, 1.72614711413e-09, 4.43711123399e-10, 3.32551458593e-10, 2.83087692177e-10, 1.15877168971e-11, 1.68250775725e-13], [6.99809932225e-11, 8.700688503e-10, 1.15074494378e-09, 4.03905797697e-09, 2.20332871947e-08, 1.71112315428e-08, 1.58538302486e-08, 1.74886984894e-08, 1.43119764928e-08, 6.78833700363e-09, 8.06035860279e-09, 4.378156504e-09, 6.52861720241e-09, 7.18875181605e-09, 1.02220480969e-08, 6.00109428817e-09, 1.21291918731e-08, 2.13196571508e-08, 2.63417252455e-08, 1.48030672165e-08, 8.06860001035e-09, 2.44658404647e-09, 6.45050735049e-10, 4.83230400139e-10, 4.0449760208e-10, 1.6857487628e-11, 2.48918263389e-13], [5.12449839507e-11, 6.27850882395e-10, 5.85495985028e-10, 2.37687491911e-09, 1.48877630224e-08, 1.01457411361e-08, 1.07989084341e-08, 1.29424035933e-08, 1.03503667859e-08, 4.58239934886e-09, 5.99893734687e-09, 1.92774729513e-09, 4.137862053e-09, 4.23710888597e-09, 6.00109428817e-09, 4.41694059106e-09, 7.91861332061e-09, 1.5193934999e-08, 1.86463697815e-08, 9.79015979397e-09, 4.56189264142e-09, 1.32662869579e-09, 4.25517121538e-10, 2.79960471472e-10, 2.52344173335e-10, 9.96788415697e-12, 1.36429184464e-13], [9.77370892552e-11, 1.2255797488e-09, 1.18478193922e-09, 4.67485961053e-09, 2.60303139044e-08, 1.78735959366e-08, 1.94719476099e-08, 2.22452740672e-08, 1.89170652476e-08, 8.49875281261e-09, 1.11282165705e-08, 4.82530948531e-09, 8.33911339981e-09, 8.24444246206e-09, 1.21291918731e-08, 7.91861332061e-09, 1.63636020289e-08, 2.79814589277e-08, 3.42354553595e-08, 1.99586036587e-08, 9.86039072615e-09, 2.72961631076e-09, 8.5098617042e-10, 5.83831372136e-10, 4.94993879219e-10, 2.08629155618e-11, 2.96020694936e-13], [1.7252324569e-10, 2.09782813343e-09, 2.20182361232e-09, 8.56155590867e-09, 5.25492716008e-08, 3.70444084297e-08, 3.78624278596e-08, 4.47530190684e-08, 3.47476714069e-08, 1.57488475594e-08, 2.05511341278e-08, 7.35691774167e-09, 1.41802773967e-08, 1.49589389764e-08, 2.13196571508e-08, 1.5193934999e-08, 2.79814589277e-08, 5.37090727448e-08, 6.68118715907e-08, 3.46917019556e-08, 1.64847193673e-08, 4.89271378967e-09, 1.4987187047e-09, 1.00670394243e-09, 8.89547491223e-10, 3.54757195842e-11, 4.98090230085e-13], [2.06332048669e-10, 2.48216025511e-09, 2.83769674425e-09, 1.07213020684e-08, 6.58153425093e-08, 4.75263988164e-08, 4.69543621762e-08, 5.52285825961e-08, 4.17258938512e-08, 1.92252134212e-08, 2.49393874441e-08, 9.29869337085e-09, 1.70628400298e-08, 1.85009181308e-08, 2.63417252455e-08, 1.86463697815e-08, 3.42354553595e-08, 6.68118715907e-08, 8.38785183532e-08, 4.27045492302e-08, 2.04505425927e-08, 6.19185680506e-09, 1.84009019133e-09, 1.25011023755e-09, 1.09853814934e-09, 4.36706226736e-11, 6.22989995095e-13], [1.18042020603e-10, 1.44912382094e-09, 1.47526291183e-09, 5.76024206111e-09, 3.14746344543e-08, 2.20904485815e-08, 2.31668693118e-08, 2.62561243858e-08, 2.23769838215e-08, 1.02595771878e-08, 1.32693189769e-08, 6.2399676537e-09, 9.99242466548e-09, 9.93712223618e-09, 1.48030672165e-08, 9.79015979397e-09, 1.99586036587e-08, 3.46917019556e-08, 4.27045492302e-08, 2.51356677694e-08, 1.25079875346e-08, 3.39048034093e-09, 1.04345787566e-09, 7.30644156288e-10, 6.12675410405e-10, 2.58084248417e-11, 3.80436811611e-13], [5.39526999466e-11, 6.59497401134e-10, 9.11017650207e-10, 3.16799386724e-09, 1.57671973255e-08, 1.25486643299e-08, 1.13303677551e-08, 1.19543566157e-08, 1.032862329e-08, 5.06960118329e-09, 5.94412208343e-09, 3.98809962832e-09, 5.08364284002e-09, 5.45339862157e-09, 8.06860001035e-09, 4.56189264142e-09, 9.86039072615e-09, 1.64847193673e-08, 2.04505425927e-08, 1.25079875346e-08, 6.95042556842e-09, 1.96932559149e-09, 5.17121290233e-10, 4.01309235842e-10, 3.21850629481e-10, 1.38791721171e-11, 2.1707539466e-13], [1.44279137249e-11, 1.74659897656e-10, 3.09196918069e-10, 9.9483532523e-10, 5.26088728137e-09, 4.45753434164e-09, 3.66535068963e-09, 3.88363607939e-09, 3.00407521081e-09, 1.5257454189e-09, 1.69802449879e-09, 1.15907783371e-09, 1.44508127686e-09, 1.72614711413e-09, 2.44658404647e-09, 1.32662869579e-09, 2.72961631076e-09, 4.89271378967e-09, 6.19185680506e-09, 3.39048034093e-09, 1.96932559149e-09, 6.24973239827e-10, 1.46567910586e-10, 1.17406639966e-10, 9.55087051113e-11, 3.99477196114e-12, 6.23293666571e-14], [5.12594784327e-12, 6.38088679117e-11, 6.52477516461e-11, 2.51591081302e-10, 1.43150724607e-09, 1.00454344842e-09, 1.05600739264e-09, 1.21075727222e-09, 1.00831099026e-09, 4.55849191727e-10, 5.88533111134e-10, 2.51363124759e-10, 4.37828551192e-10, 4.43711123399e-10, 6.45050735049e-10, 4.25517121538e-10, 8.5098617042e-10, 1.4987187047e-09, 1.84009019133e-09, 1.04345787566e-09, 5.17121290233e-10, 1.46567910586e-10, 4.47086152822e-11, 3.08547978833e-11, 2.63931897171e-11, 1.09661466106e-12, 1.5600073452e-14], [3.26368142581e-12, 4.00419836177e-11, 5.50594327076e-11, 1.91185622889e-10, 9.98863214363e-10, 7.87698795079e-10, 7.15616732538e-10, 7.72205022148e-10, 6.44204412037e-10, 3.11993042512e-10, 3.68363450853e-10, 2.24404134164e-10, 3.05080849472e-10, 3.32551458593e-10, 4.83230400139e-10, 2.79960471472e-10, 5.83831372136e-10, 1.00670394243e-09, 1.25011023755e-09, 7.30644156288e-10, 4.01309235842e-10, 1.17406639966e-10, 3.08547978833e-11, 2.35536156551e-11, 1.92625446843e-11, 8.1626854798e-13, 1.24846667902e-14], [2.93108614637e-12, 3.60756216566e-11, 4.44815330403e-11, 1.6025952787e-10, 8.97195873151e-10, 6.77601252885e-10, 6.44707787156e-10, 7.2384681582e-10, 5.91553750429e-10, 2.76918932229e-10, 3.3659494636e-10, 1.6714349349e-10, 2.62461385958e-10, 2.83087692177e-10, 4.0449760208e-10, 2.52344173335e-10, 4.94993879219e-10, 8.89547491223e-10, 1.09853814934e-09, 6.12675410405e-10, 3.21850629481e-10, 9.55087051113e-11, 2.63931897171e-11, 1.92625446843e-11, 1.6322975957e-11, 6.73397101969e-13, 9.89539972586e-15], [1.1961090484e-13, 1.4885381339e-12, 1.85060885886e-12, 6.5971611854e-12, 3.48338337341e-11, 2.65124415477e-11, 2.53510146903e-11, 2.76853973774e-11, 2.35621973321e-11, 1.11135484496e-11, 1.34438493324e-11, 7.55510237704e-12, 1.09721988439e-11, 1.15877168971e-11, 1.6857487628e-11, 9.96788415697e-12, 2.08629155618e-11, 3.54757195842e-11, 4.36706226736e-11, 2.58084248417e-11, 1.38791721171e-11, 3.99477196114e-12, 1.09661466106e-12, 8.1626854798e-13, 6.73397101969e-13, 2.86022697497e-14, 4.27055059643e-16], [1.56976222131e-15, 1.88964122805e-14, 2.93543469154e-14, 9.87074259677e-14, 4.82083015001e-13, 3.99974541335e-13, 3.40702374082e-13, 3.51902209629e-13, 3.00235449566e-13, 1.52177478518e-13, 1.72520350328e-13, 1.28510890081e-13, 1.51953821162e-13, 1.68250775725e-13, 2.48918263389e-13, 1.36429184464e-13, 2.96020694936e-13, 4.98090230085e-13, 6.22989995095e-13, 3.80436811611e-13, 2.1707539466e-13, 6.23293666571e-14, 1.5600073452e-14, 1.24846667902e-14, 9.89539972586e-15, 4.27055059643e-16, 6.85655014188e-18]]
    },
    "mfcc": {
        "kurt": [31.1601524353, 13.7855701447, 7.77917671204, 9.2890663147, 9.09788322449, 6.52706050873, 12.0377902985, 21.2183666229, 7.54785633087, 25.715839386, 15.8723812103, 13.800239563, 14.1621303558],
        "max": [-535.258300781, 119.873092651, 8.14804077148, 53.4018096924, 25.2060279846, 1.48853302002, 13.200630188, 11.0551548004, 3.54829025269, 5.41148376465, 5.51481246948, 8.77099609375, 8.64948272705],
        "mean": [-1117.24694824, 6.25180530548, -5.88836145401, 2.90310406685, 0.753152608871, -2.41582345963, -0.352216392756, -0.948691308498, -1.39432919025, -1.19073700905, -1.21875047684, -1.19976627827, -0.834936201572],
        "median": [-1138.42004395, 1.14440917969e-05, -6.103515625e-05, 8.01086425781e-05, -6.103515625e-05, 2.28881835938e-05, -2.67028808594e-05, -5.34057617188e-05, -4.57763671875e-05, -2.28881835938e-05, -2.67028808594e-05, -3.0517578125e-05, -3.81469726562e-05],
        "min": [-1138.42004395, -0.0770149230957, -87.5657653809, -8.16343307495, -28.0547389984, -38.8243217468, -13.7501182556, -29.2379302979, -21.3429298401, -39.8729705811, -28.3034572601, -26.5314331055, -21.8653831482],
        "skew": [5.10088014603, 3.60994172096, -2.93188595772, 3.07938218117, 0.781469404697, -2.71768856049, -1.1552811861, -3.96226429939, -2.85865712166, -4.35163736343, -3.79875016212, -3.57745528221, -3.39576911926],
        "var": [4861.43457031, 328.434875488, 280.544189453, 68.6923141479, 26.0864105225, 41.4103279114, 5.88222694397, 11.1410579681, 14.5312347412, 14.8300542831, 15.7740945816, 16.0827331543, 11.3998317719],
        "cov": [[4868.44970703, 1146.69677734, -770.129394531, 472.619598389, -87.0278015137, -346.201019287, -54.7099456787, -163.669876099, -164.770599365, -176.408447266, -145.018386841, -152.692962646, -115.788574219], [1146.69677734, 328.908813477, -193.486038208, 123.172859192, -19.0618343353, -95.5171585083, -19.1003513336, -48.1042518616, -49.0189285278, -53.9161872864, -48.7210617065, -51.7891235352, -41.0727233887], [-770.129394531, -193.486038208, 280.949035645, -104.909172058, -29.4904308319, 94.6585693359, 0.166272416711, 25.9986915588, 40.4618606567, 31.4859428406, 35.3168029785, 33.3431625366, 23.1444568634], [472.619598389, 123.172859192, -104.909172058, 68.7914352417, 5.85747432709, -44.8827972412, -3.04800105095, -19.7876052856, -24.4690570831, -21.6253738403, -22.579832077, -23.6384811401, -18.7368049622], [-87.0278015137, -19.0618343353, -29.4904308319, 5.85747432709, 26.1240539551, -3.45763993263, 3.22071290016, 2.23304200172, -6.27065420151, 0.743272662163, -3.60418605804, -2.93154740334, -1.0910474062], [-346.201019287, -95.5171585083, 94.6585693359, -44.8827972412, -3.45763993263, 41.4700813293, 3.84499287605, 12.5814332962, 17.9511528015, 16.0914173126, 17.1623020172, 16.9992980957, 11.7874193192], [-54.7099456787, -19.1003513336, 0.166272416711, -3.04800105095, 3.22071290016, 3.84499287605, 5.89071464539, 3.78755950928, 1.34012973309, 3.3963701725, 1.6083227396, 2.10554456711, 1.44914674759], [-163.669876099, -48.1042518616, 25.9986915588, -19.7876052856, 2.23304200172, 12.5814332962, 3.78755950928, 11.1571340561, 8.56889533997, 7.55365753174, 7.05323553085, 7.71516370773, 6.47365617752], [-164.770599365, -49.0189285278, 40.4618606567, -24.4690570831, -6.27065420151, 17.9511528015, 1.34012973309, 8.56889533997, 14.5522031784, 10.8686857224, 11.0020999908, 10.0711936951, 6.45272922516], [-176.408447266, -53.9161872864, 31.4859428406, -21.6253738403, 0.743272662163, 16.0914173126, 3.3963701725, 7.55365753174, 10.8686857224, 14.8514537811, 12.5956678391, 9.29417705536, 6.50983476639], [-145.018386841, -48.7210617065, 35.3168029785, -22.579832077, -3.60418605804, 17.1623020172, 1.6083227396, 7.05323553085, 11.0020999908, 12.5956678391, 15.7968568802, 12.8350820541, 8.02290630341], [-152.692962646, -51.7891235352, 33.3431625366, -23.6384811401, -2.93154740334, 16.9992980957, 2.10554456711, 7.71516370773, 10.0711936951, 9.29417705536, 12.8350820541, 16.1059417725, 11.3646860123], [-115.788574219, -41.0727233887, 23.1444568634, -18.7368049622, -1.0910474062, 11.7874193192, 1.44914674759, 6.47365617752, 6.45272922516, 6.50983476639, 8.02290630341, 11.3646860123, 11.4162817001]]
    },
    "sccoeffs": {
        "kurt": [4.33965110779, 3.98001432419, 10.7662677765, 5.85208415985, 3.04553604126, 0.996567487717],
        "max": [-0.548741459846, -0.728287339211, -0.732301414013, -0.764210045338, -0.756943881512, -0.751897335052],
        "mean": [-0.842858374119, -0.897170364857, -0.915259182453, -0.913021624088, -0.902580678463, -0.888856649399],
        "median": [-0.856009960175, -0.90120869875, -0.919968426228, -0.919474482536, -0.911608755589, -0.907295107841],
        "min": [-0.973813354969, -0.968087852001, -0.970348775387, -0.968721926212, -0.961868941784, -0.957461774349],
        "skew": [1.80117464066, 1.30025351048, 2.43271112442, 1.91202485561, 1.33944523335, 1.50964021683],
        "var": [0.00328316399828, 0.000862960529048, 0.000621649669483, 0.000589601928368, 0.000701668846887, 0.00157862168271],
        "cov": [[0.00328790163621, 0.000706071208697, 0.000855150166899, 0.000991417095065, 0.000994945410639, 0.00157814414706], [0.000706071208697, 0.000864205765538, 0.00031811548979, 0.000300408311887, 0.000255985796684, 0.0004057669139], [0.000855150166899, 0.00031811548979, 0.000622546707746, 0.000370970577933, 0.000403351936257, 0.000569924886804], [0.000991417095065, 0.000300408311887, 0.000370970577933, 0.000590452749748, 0.00047662583529, 0.000704816658981], [0.000994945410639, 0.000255985796684, 0.000403351936257, 0.00047662583529, 0.000702681369148, 0.000772264436819], [0.00157814414706, 0.0004057669139, 0.000569924886804, 0.000704816658981, 0.000772264436819, 0.00158089958131]]
    },
    "scvalleys": {
        "kurt": [22.4745407104, 11.5638780594, 4.59062576294, 2.23471212387, 4.46496772766, 12.0205907822],
        "max": [-5.43561792374, -4.20655632019, -5.20207929611, -5.25221776962, -5.30867624283, -7.46894884109],
        "mean": [-13.2798271179, -12.6924629211, -13.3814163208, -13.5827531815, -13.6092214584, -15.4321146011],
        "median": [-13.6247520447, -13.180109024, -14.0467529297, -14.3241825104, -14.3279714584, -15.9889011383],
        "min": [-27.8141746521, -27.1521453857, -27.1536006927, -26.9686183929, -27.2141704559, -27.3478393555],
        "skew": [0.594185650349, 0.837180316448, 0.795766234398, 0.659597694874, 1.04441964626, 1.67273831367],
        "var": [2.00636196136, 2.85134005547, 3.98280739784, 4.82064723969, 4.0913105011, 2.26133418083],
        "cov": [[2.00925731659, 2.20312833786, 2.45399880409, 2.56389474869, 2.5290954113, 1.92767500877], [2.20312833786, 2.85545444489, 3.23071742058, 3.46958518028, 3.2701716423, 2.27332091331], [2.45399880409, 3.23071742058, 3.98855471611, 4.31045055389, 3.92708992958, 2.55222463608], [2.56389474869, 3.46958518028, 4.31045055389, 4.82760334015, 4.29898929596, 2.68290376663], [2.5290954113, 3.2701716423, 3.92708992958, 4.29898929596, 4.09721469879, 2.74241781235], [1.92767500877, 2.27332091331, 2.55222463608, 2.68290376663, 2.74241781235, 2.26459741592]]
    }
},
"rhythm": {
    "beats_loudness": {
        "kurt": 12.6296081543,
        "max": 0.0165460985154,
        "mean": 0.00091843464179,
        "median": 1.60814950245e-09,
        "min": 1.82618462019e-10,
        "skew": 3.8224029541,
        "var": 1.38883324325e-05
    },
    "bpm": 122.744415283,
    "confidence": 1.24318671227,
    "first_peak_bpm": {
        "kurt": 0,
        "max": 123,
        "mean": 123,
        "median": 123,
        "min": 123,
        "skew": 0,
        "var": 0
    },
    "first_peak_spread": {
        "kurt": 0,
        "max": 0.33333337307,
        "mean": 0.33333337307,
        "median": 0.33333337307,
        "min": 0.33333337307,
        "skew": 0,
        "var": 0
    },
    "first_peak_weight": {
        "kurt": 0,
        "max": 0.176470592618,
        "mean": 0.176470592618,
        "median": 0.176470592618,
        "min": 0.176470592618,
        "skew": 0,
        "var": 0
    },
    "onset_rate": 0.186648756266,
    "second_peak_bpm": {
        "kurt": 0,
        "max": 129,
        "mean": 129,
        "median": 129,
        "min": 129,
        "skew": 0,
        "var": 0
    },
    "second_peak_spread": {
        "kurt": 0,
        "max": 0.200000047684,
        "mean": 0.200000047684,
        "median": 0.200000047684,
        "min": 0.200000047684,
        "skew": 0,
        "var": 0
    },
    "second_peak_weight": {
        "kurt": 0,
        "max": 0.117647059262,
        "mean": 0.117647059262,
        "median": 0.117647059262,
        "min": 0.117647059262,
        "skew": 0,
        "var": 0
    },
    "beats_loudness_band_ratio": {
        "kurt": [-0.248037099838, 0.737683534622, 2.08058309555, 0.65712761879, -0.842291116714, 2.19739580154],
        "max": [0.472007006407, 0.553157866001, 0.711998164654, 0.339130014181, 0.650366187096, 0.47886633873],
        "mean": [0.143277660012, 0.160205066204, 0.217494130135, 0.0972707718611, 0.237028047442, 0.17382581532],
        "median": [0.0859707072377, 0.113624408841, 0.189230367541, 0.0626964047551, 0.154326081276, 0.15759241581],
        "min": [0.00359849026427, 0.00586841069162, 0.00638244859874, 0.00870503950864, 0.0215450637043, 0.0421195030212],
        "skew": [0.906756579876, 1.08999943733, 1.31258893013, 1.08766186237, 0.656123518944, 1.42525339127],
        "var": [0.0152865508571, 0.0161035582423, 0.0214235689491, 0.00647906912491, 0.0356933623552, 0.00926718488336],
        "cov": [[0.0157361552119, 0.00259604351595, 0.00823307503015, -0.00567317986861, -0.0178640764207, -0.0024507958442], [0.00259604351595, 0.0165771935135, -0.0012677666964, -0.00224580219947, -0.0133741647005, -0.00142072967719], [0.00823307503015, -0.0012677666964, 0.0220536738634, -0.00478709349409, -0.0179617516696, -0.00635846750811], [-0.00567317986861, -0.00224580219947, -0.00478709349409, 0.00666962983087, 0.00803604070097, -0.00223066890612], [-0.0178640764207, -0.0133741647005, -0.0179617516696, 0.00803604070097, 0.0367431677878, 0.00330475717783], [-0.0024507958442, -0.00142072967719, -0.00635846750811, -0.00223066890612, 0.00330475717783, 0.00953974854201]]
    },
    "beats_position": [0.394739210606, 0.812698423862, 1.25387752056, 1.64861679077, 2.06657600403, 2.46131515503, 2.85605430603, 3.26240348816, 3.64553284645, 4.04027223587, 4.41179132462, 4.76009082794, 5.0967798233, 5.47990942001, 5.85142850876, 6.37387752533, 6.83827638626, 7.36072540283, 7.87156438828, 8.33596324921, 8.82358264923, 9.31120204926, 9.79882049561, 10.2864398956, 10.7392292023, 11.2384576797, 11.7260770798, 12.1672563553, 12.6084346771, 13.0728340149, 13.5488433838, 14.0480718613, 14.5589113235, 15.0465307236, 15.5109291077],
    "bpm_estimates": [123.046783447, 123.046783447, 123.047027588, 123.046783447, 120.185455322, 123.046783447, 126.047935486, 120.185455322, 123.046783447],
    "bpm_intervals": [0.417959213257, 0.441179096699, 0.39473927021, 0.417959213257, 0.394739151001, 0.394739151001, 0.406349182129, 0.383129358292, 0.39473938942, 0.371519088745, 0.348299503326, 0.336688995361, 0.38312959671, 0.371519088745, 0.522449016571, 0.464398860931, 0.522449016571, 0.510838985443, 0.464398860931, 0.487619400024, 0.487619400024, 0.48761844635, 0.487619400024, 0.452789306641, 0.499228477478, 0.487619400024, 0.441179275513, 0.441178321838, 0.464399337769, 0.476009368896, 0.499228477478, 0.51083946228, 0.487619400024, 0.464398384094],
    "onset_times": [0.197369620204, 4.446621418, 10.2980499268],
    "histogram": [[0, 0, 0, 0, 0, 0, 0, 0, 0, 0, 0, 0, 0, 0, 0, 0, 0, 0, 0, 0, 0, 0, 0, 0, 0, 0, 0, 0, 0, 0, 0, 0, 0, 0, 0, 0, 0, 0, 0, 0, 0, 0, 0, 0, 0, 0, 0, 0, 0, 0, 0, 0, 0, 0, 0, 0, 0, 0, 0, 0, 0, 0, 0, 0, 0, 0, 0, 0, 0, 0, 0, 0, 0, 0, 0, 0, 0, 0, 0, 0, 0, 0, 0, 0, 0, 0, 0, 0, 0, 0, 0, 0, 0, 0, 0, 0, 0, 0, 0, 0, 0, 0, 0, 0, 0, 0, 0, 0, 0, 0, 0, 0, 0, 0, 0, 0.0588235296309, 0, 0.0588235296309, 0, 0, 0.0588235296309, 0, 0, 0.176470592618, 0, 0, 0.0294117648154, 0, 0, 0.117647059262, 0, 0, 0, 0.0294117648154, 0, 0, 0.088235296309, 0, 0, 0, 0, 0, 0, 0, 0.0588235296309, 0, 0, 0, 0.0294117648154, 0, 0, 0, 0.117647059262, 0, 0, 0, 0, 0.0588235296309, 0, 0, 0, 0.0588235296309, 0, 0, 0, 0, 0, 0, 0, 0, 0, 0, 0.0294117648154, 0, 0, 0, 0, 0, 0.0294117648154, 0, 0, 0, 0, 0, 0, 0, 0, 0, 0, 0, 0, 0, 0, 0, 0, 0, 0, 0, 0, 0, 0, 0, 0, 0, 0, 0, 0, 0, 0, 0, 0, 0, 0, 0, 0, 0, 0, 0, 0, 0, 0, 0, 0, 0, 0, 0, 0, 0, 0, 0, 0, 0, 0, 0, 0, 0, 0, 0, 0, 0, 0, 0, 0, 0, 0, 0, 0, 0, 0, 0]]
},
"sfx": {
    "inharmonicity": {
        "kurt": -0.209771633148,
        "max": 0.345454990864,
        "mean": 0.0790555849671,
        "median": 0.0472764782608,
        "min": 0,
        "skew": 0.953643321991,
        "var": 0.00803380366415
    },
    "oddtoevenharmonicenergyratio": {
        "kurt": 67.7453765869,
        "max": 12.9209413528,
        "mean": 0.516387879848,
        "median": 0.186285287142,
        "min": 0,
        "skew": 6.81897878647,
        "var": 1.0299949646
    },
    "pitch_after_max_to_before_max_energy_ratio": 4.82113933563,
    "pitch_centroid": 338.625457764,
    "pitch_max_to_total": 0.185878962278,
    "pitch_min_to_total": 0.8876080513,
    "tristimulus": {
        "kurt": [-1.59271478653, -0.184637546539, -1.20121276379],
        "max": [1, 0.847134411335, 0.910180985928],
        "mean": [0.498012840748, 0.193661406636, 0.30832529068],
        "median": [0.354653775692, 0.177504703403, 0.309622049332],
        "min": [0, 0, 0],
        "skew": [0.312462061644, 0.676052987576, 0.293280154467],
        "var": [0.150614976883, 0.0333593897521, 0.0780495107174],
        "cov": [[0.150832310319, -0.0530388578773, -0.0977930054069], [-0.0530388578773, 0.0334075279534, 0.0196313355118], [-0.0977930054069, 0.0196313355118, 0.0781621411443]]
    }
},
"tonal": {
    "chords_changes_rate": 0.227011486888,
    "chords_number_rate": 0.0373563207686,
    "chords_strength": {
        "kurt": 13.3269386292,
        "max": 0.605861902237,
        "mean": 0.33881470561,
        "median": 0.40764388442,
        "min": -1,
        "skew": -3.76051735878,
        "var": 0.0981411635876
    },
    "key_strength": 0.546176493168,
    "tuning_diatonic_strength": 0.544928610325,
    "tuning_equal_tempered_deviation": 0.205598369241,
    "tuning_frequency": 432.690917969,
    "tuning_nontempered_energy_ratio": 0.894122183323,
    "hpcp": {
        "kurt": [1.32794189453, 1.30175113678, 1.58965730667, 1.70013666153, 1.04637336731, 1.07475757599, 0.66047668457, 1.04837846756, 1.36983919144, 1.54172897339, 1.41294384003, 1.41991710663, 2.18560218811, 2.75478124619, 2.09507274628, 1.9022693634, 1.88438081741, 2.50169610977, 1.91516256332, 2.0052189827, 1.86533021927, 1.51809310913, 1.88505458832, 2.73471546173, 2.29517745972, 2.23542261124, 1.66049337387, 0.945326328278, 1.00467777252, 1.20145797729, 2.39895391464, 2.50971508026, 2.02087211609, 2.17101144791, 1.49436759949, 1.65930652618],
        "max": [1, 1, 1, 1, 1, 1, 1, 1, 1, 1, 1, 1, 1, 1, 1, 1, 1, 1, 1, 1, 1, 1, 0.998639047146, 1, 1, 1, 1, 1, 1, 1, 1, 1, 1, 1, 1, 1],
