{
"metadata": {
    "version": {
        "essentia": "2.1-beta3"
    }
},
"lowLevel": {
    "average_loudness": 0.00736408727244,
    "barkbands_kurtosis": {
        "kurt": 10.3633413315,
        "max": 162.920181274,
        "mean": 10.140581131,
        "median": 2.42407417297,
        "min": -1.72176802158,
        "skew": 2.57215261459,
        "var": 278.693389893
    },
    "barkbands_skewness": {
        "kurt": 0.294467687607,
        "max": 11.6754207611,
        "mean": 2.17663741112,
        "median": 1.59935045242,
        "min": -2.1899023056,
        "skew": 0.83125692606,
        "var": 3.58353853226
    },
    "barkbands_spread": {
        "kurt": -0.177173137665,
        "max": 62.1076660156,
        "mean": 20.0939846039,
        "median": 18.6349315643,
        "min": 1.15056943893,
        "skew": 0.704708218575,
        "var": 160.794021606
    },
    "dissonance": {
        "kurt": 47.3925666809,
        "max": 0.499995976686,
        "mean": 0.4739138484,
        "median": 0.478354752064,
        "min": 0.13673299551,
        "skew": -4.2859992981,
        "var": 0.000510885322001
    },
    "hfc": {
        "kurt": 629.470825195,
        "max": 13.7763214111,
        "mean": 0.0301228091121,
        "median": 2.45086107498e-06,
        "min": 2.94866353556e-09,
        "skew": 23.8601379395,
        "var": 0.23054663837
    },
    "pitch": {
        "kurt": 0.912668704987,
        "max": 4371.30615234,
        "mean": 897.599975586,
        "median": 263.912384033,
        "min": 43.615814209,
        "skew": 1.65700614452,
        "var": 1786748.5
    },
    "pitch_instantaneous_confidence": {
        "kurt": 3.94246435165,
        "max": 0.896369338036,
        "mean": 0.275570422411,
        "median": 0.24250793457,
        "min": 0.0667026042938,
        "skew": 1.76725268364,
        "var": 0.0142411915585
    },
    "pitch_salience": {
        "kurt": -0.206345319748,
        "max": 0.980929017067,
        "mean": 0.616715788841,
        "median": 0.634576976299,
        "min": 0.155355349183,
        "skew": -0.547863423824,
        "var": 0.0203834325075
    },
    "silence_rate_20dB": {
        "kurt": 0,
        "max": 1,
        "mean": 1,
        "median": 1,
        "min": 1,
        "skew": 0,
        "var": 0
    },
    "silence_rate_30dB": {
        "kurt": 0,
        "max": 1,
        "mean": 1,
        "median": 1,
        "min": 1,
        "skew": 0,
        "var": 0
    },
    "silence_rate_60dB": {
        "kurt": 571.516906738,
        "max": 1,
        "mean": 0.998265385628,
        "median": 1,
        "min": 0,
        "skew": -23.9484272003,
        "var": 0.00173157360405
    },
    "spectral_centroid": {
        "kurt": 0.967545747757,
        "max": 3339.42138672,
        "mean": 703.938659668,
        "median": 504.266174316,
        "min": 70.1937789917,
        "skew": 1.08060479164,
        "var": 322295.46875
    },
    "spectral_complexity": {
        "kurt": 603.963562012,
        "max": 19,
        "mean": 0.0338248051703,
        "median": 0,
        "min": 0,
        "skew": 24.0209617615,
        "var": 0.475017338991
    },
    "spectral_crest": {
        "kurt": -0.376902341843,
        "max": 22.4832134247,
        "mean": 9.44429397583,
        "median": 8.6151676178,
        "min": 2.59215831757,
        "skew": 0.628565907478,
        "var": 19.1072731018
    },
    "spectral_decrease": {
        "kurt": 629.081848145,
        "max": -8.19411163553e-19,
        "mean": -3.74017743859e-12,
        "median": -2.64741693499e-15,
        "min": -1.75755743292e-09,
        "skew": -24.092540741,
        "var": 3.81448846483e-21
    },
    "spectral_energy": {
        "kurt": 631.348022461,
        "max": 0.00788297317922,
        "mean": 1.68485112226e-05,
        "median": 1.0228445646e-08,
        "min": 3.36009974185e-12,
        "skew": 24.1027965546,
        "var": 7.63708882801e-08
    },
    "spectral_energyband_high": {
        "kurt": 370.883789062,
        "max": 0.000291162723443,
        "mean": 9.71383315118e-07,
        "median": 7.11039421786e-11,
        "min": 1.89531970305e-13,
        "skew": 18.4706344604,
        "var": 1.70711472736e-10
    },
    "spectral_energyband_low": {
        "kurt": 303.640991211,
        "max": 3.73134716938e-05,
        "mean": 1.37392206057e-07,
        "median": 4.38208846987e-09,
        "min": 1.63360579404e-12,
        "skew": 16.7490997314,
        "var": 3.07169437455e-12
    },
    "spectral_energyband_middle_high": {
        "kurt": 695.844360352,
        "max": 0.00635337969288,
        "mean": 1.23035342767e-05,
        "median": 2.64979843623e-10,
        "min": 6.62559417053e-13,
        "skew": 25.3321800232,
        "var": 4.63646934179e-08
    },
    "spectral_energyband_middle_low": {
        "kurt": 434.874786377,
        "max": 0.00135623931419,
        "mean": 3.79370180781e-06,
        "median": 2.16113393847e-09,
        "min": 6.32375716462e-13,
        "skew": 20.130645752,
        "var": 3.16891601848e-09
    },
    "spectral_flatness_db": {
        "kurt": -0.11044383049,
        "max": 0.352694123983,
        "mean": 0.153708457947,
        "median": 0.147265046835,
        "min": 0.0468101687729,
        "skew": 0.429015278816,
        "var": 0.00333542795852
    },
    "spectral_flux": {
        "kurt": 184.563613892,
        "max": 0.088174469769,
        "mean": 0.00068183010444,
        "median": 6.81525052642e-05,
        "min": 1.18406687761e-05,
        "skew": 12.57949543,
        "var": 2.40578992816e-05
    },
    "spectral_kurtosis": {
        "kurt": -0.0700330734253,
        "max": 18.5627670288,
        "mean": 5.12322711945,
        "median": 4.329164505,
        "min": 1.2438158989,
        "skew": 0.799820542336,
        "var": 8.57425785065
    },
    "spectral_rms": {
        "kurt": 270.213226318,
        "max": 0.00277321203612,
        "mean": 1.90273149201e-05,
        "median": 3.1589511309e-06,
        "min": 5.72550966638e-08,
        "skew": 14.9591941833,
        "var": 1.60756030709e-08
    },
    "spectral_rolloff": {
        "kurt": -1.01578009129,
        "max": 4651.171875,
        "mean": 1345.87182617,
        "median": 645.99609375,
        "min": 43.06640625,
        "skew": 0.702968716621,
        "var": 1664742.25
    },
    "spectral_skewness": {
        "kurt": -0.524836301804,
        "max": 3.94479298592,
        "mean": 1.9346344471,
        "median": 1.90472412109,
        "min": 0.978915989399,
        "skew": 0.358885496855,
        "var": 0.236270025373
    },
    "spectral_spread": {
        "kurt": -1.06008398533,
        "max": 14399609,
        "mean": 6909595.5,
        "median": 7485762.5,
        "min": 2289198.75,
        "skew": -0.404427587986,
        "var": 5.92820201062e+12
    },
    "spectral_strongpeak": {
        "kurt": 124.800765991,
        "max": 0.187018483877,
        "mean": 0.00209155515768,
        "median": 0.000122193654533,
        "min": 0,
        "skew": 10.3041858673,
        "var": 0.000146036720253
    },
    "zerocrossingrate": {
        "kurt": 14.7759723663,
        "max": 0.42333984375,
        "mean": 0.0535724572837,
        "median": 0.04638671875,
        "min": 0.00439453125,
        "skew": 1.91067433357,
        "var": 0.00102811306715
    },
    "barkbands": {
        "kurt": [9.18804931641, 316.353118896, 318.735839844, 256.234985352, 232.286865234, 389.910400391, 385.449920654, 480.898529053, 450.537506104, 547.82421875, 970.434326172, 806.397644043, 931.988464355, 641.021728516, 777.40612793, 645.517700195, 945.793701172, 514.457519531, 923.061706543, 264.730987549, 581.737670898, 326.564758301, 831.966125488, 265.989807129, 372.865661621, 746.52130127, 338.5],
        "max": [1.20431051798e-08, 4.53863776784e-06, 2.17957312998e-05, 1.83488718903e-05, 8.42866757012e-06, 1.48937924678e-05, 0.000100975536043, 0.000261427776422, 0.000736593909096, 0.00103437970392, 0.00115105882287, 0.000656722637359, 0.000489940110128, 0.000811302219518, 0.000365529907867, 0.000470078986837, 0.00060522404965, 0.000433308188803, 0.000890268071089, 0.000184697608347, 0.000196613516891, 4.56173474959e-05, 2.37782533077e-05, 1.21746813875e-06, 5.28383850451e-07, 2.70961297844e-08, 2.53192772304e-10],
        "mean": [1.15564913195e-09, 1.89119564453e-08, 7.44053920698e-08, 7.40943448818e-08, 4.00122566191e-08, 5.88857318462e-08, 3.40498047535e-07, 7.12686130555e-07, 1.9761052954e-06, 2.20632819037e-06, 1.60784748005e-06, 1.11991960239e-06, 7.31983959668e-07, 1.32665934416e-06, 6.94201389706e-07, 9.38546179441e-07, 9.71660938376e-07, 1.05064134459e-06, 1.49846573549e-06, 7.45393492707e-07, 4.59122389884e-07, 1.5490870453e-07, 3.97452772916e-08, 4.81553064091e-09, 1.46851386607e-09, 4.89834492412e-11, 8.65258548404e-13],
        "median": [5.38537991979e-10, 2.19390416945e-09, 5.99779392818e-10, 2.83674195245e-10, 2.49845949485e-10, 1.81627157758e-10, 2.01776456654e-10, 1.48564049951e-10, 7.04473354651e-11, 3.54932576385e-11, 2.32357761504e-11, 2.07683991532e-11, 1.13937253729e-11, 9.68925373962e-12, 1.08618522163e-11, 1.37031115621e-11, 1.99906931286e-11, 2.92507754129e-11, 4.81116917139e-11, 4.14258731485e-11, 2.76011592054e-11, 1.29395574117e-11, 4.39440411143e-12, 3.3998396546e-12, 3.12021719226e-12, 2.57847860901e-13, 6.90533572909e-15],
        "min": [2.01512201023e-13, 8.91034533483e-13, 3.33071352616e-13, 9.97531660681e-14, 5.52586879791e-14, 1.91061915096e-13, 2.30842119508e-13, 1.3823779293e-14, 3.16905450991e-14, 8.21949523418e-14, 8.84031414153e-14, 1.97400638722e-14, 2.01212778264e-14, 3.85959507084e-14, 7.66711269262e-15, 1.89662365945e-14, 3.18230379927e-14, 7.06886331696e-14, 5.64330991605e-14, 3.19986170807e-13, 3.47490319939e-14, 1.59830170474e-14, 4.82151651774e-15, 1.072404867e-14, 1.25868638564e-14, 1.55437417376e-15, 4.4746638315e-16],
        "skew": [2.69190907478, 17.0259609222, 17.1116790771, 15.3984098434, 14.5666599274, 18.5551948547, 18.7801799774, 20.5487918854, 20.7369537354, 22.7290554047, 30.3564052582, 27.2053203583, 29.6643543243, 24.9960689545, 26.5387630463, 24.6577911377, 29.7812671661, 21.8564167023, 29.3069038391, 15.9040746689, 22.8910179138, 17.2654399872, 27.6841888428, 16.0958499908, 18.5476169586, 25.9158744812, 18.0866165161],
        "var": [2.70333935877e-18, 4.11412406692e-14, 9.80668237588e-13, 8.78016084317e-13, 2.06100124489e-13, 3.85067222249e-13, 1.79901336883e-11, 9.72840696889e-11, 1.0336692613e-09, 1.51636081469e-09, 1.24976262672e-09, 4.49242809619e-10, 2.31427307873e-10, 8.42431291392e-10, 1.41719955216e-10, 2.72008859881e-10, 3.49682754974e-10, 2.73098321735e-10, 7.65945362691e-10, 8.75109082421e-11, 4.93770892229e-11, 4.17786421777e-12, 5.78993775667e-13, 4.3582204123e-15, 4.91096520868e-16, 7.95408191635e-19, 1.67977226502e-22],
        "cov": [[2.70568607017e-18, 6.19930113031e-17, 2.71305473569e-16, 2.48349557209e-16, 9.76152532151e-17, 1.37503808177e-16, 9.13329369003e-16, 2.00836382233e-15, 6.24213984809e-15, 6.34838615528e-15, 3.52906261309e-15, 2.75840387383e-15, 2.63885216135e-15, 3.74127845945e-15, 1.38659738158e-15, 2.92558340191e-15, 1.88036316796e-15, 1.57086135244e-15, 2.69734063339e-15, 1.20604045041e-15, 1.30381272236e-15, 3.07077713104e-16, 6.0949658618e-17, 8.27952372065e-18, 2.96213273958e-18, 9.14675835716e-20, 1.73699285245e-21], [6.19930113031e-17, 4.11769549664e-14, 1.9976655421e-13, 1.81832888048e-13, 6.52223365377e-14, 7.92043907132e-14, 6.15336557749e-13, 1.10607551763e-12, 2.9661871917e-12, 2.64494719529e-12, 1.31186912462e-12, 1.25638095847e-12, 1.05963978911e-12, 1.32087396576e-12, 5.15359185448e-13, 1.1297460363e-12, 6.07300559667e-13, 5.63188167976e-13, 9.04981168129e-13, 4.42822970133e-13, 4.98540553458e-13, 1.19229685803e-13, 1.86185888619e-14, 3.04955366176e-15, 9.89164969924e-16, 2.87539032056e-17, 2.74489960108e-19], [2.71305473569e-16, 1.9976655421e-13, 9.81519553134e-13, 9.05149869987e-13, 3.31874799994e-13, 3.87439673443e-13, 3.06358150653e-12, 5.43268641878e-12, 1.39185919734e-11, 1.2579071465e-11, 6.89531678283e-12, 6.302060436e-12, 4.52070846035e-12, 6.1942738265e-12, 2.69982929242e-12, 5.09693892994e-12, 3.47627981089e-12, 3.08442659434e-12, 4.95366421494e-12, 2.42575707785e-12, 2.28428062056e-12, 5.89613481736e-13, 1.12920726914e-13, 1.52022762868e-14, 5.02283464997e-15, 1.5287735029e-16, 1.40377068424e-18], [2.48349557209e-16, 1.81832888048e-13, 9.05149869987e-13, 8.78778224234e-13, 3.66670561101e-13, 3.99520152204e-13, 3.15209035089e-12, 6.25000528762e-12, 1.67569378512e-11, 1.69055117127e-11, 1.16939496281e-11, 9.01166641309e-12, 5.19314582656e-12, 9.61666510313e-12, 4.3320355983e-12, 6.44803698283e-12, 6.11514051202e-12, 5.24117554912e-12, 8.85573905873e-12, 3.48037072252e-12, 2.84777952088e-12, 8.23526631003e-13, 2.22852498174e-13, 2.20709376068e-14, 7.67994270067e-15, 2.77121254724e-16, 2.51426013961e-18], [9.76152532151e-17, 6.52223365377e-14, 3.31874799994e-13, 3.66670561101e-13, 2.062790314e-13, 2.08958094968e-13, 1.53286812497e-12, 3.83215551306e-12, 1.13245021e-11, 1.3039734223e-11, 1.06296655505e-11, 7.09632136039e-12, 3.77610659755e-12, 8.79504281903e-12, 3.86334670852e-12, 5.00516685389e-12, 5.54305776626e-12, 5.11717404561e-12, 8.5021304233e-12, 2.80638099565e-12, 2.15099856329e-12, 6.79561767102e-13, 2.25949657205e-13, 1.9844796108e-14, 6.77291144515e-15, 2.76387485964e-16, 2.47203236254e-18], [1.37503808177e-16, 7.92043907132e-14, 3.87439673443e-13, 3.99520152204e-13, 2.08958094968e-13, 3.85401481779e-13, 2.50252271163e-12, 5.43500400935e-12, 1.54723196061e-11, 1.8886179079e-11, 1.71264617072e-11, 1.05545858511e-11, 4.57383610153e-12, 1.33383104908e-11, 5.80985043061e-12, 6.44726806664e-12, 8.92470299052e-12, 7.3540973658e-12, 1.34495158066e-11, 3.74738998513e-12, 2.72917799471e-12, 9.18204965186e-13, 3.5323518199e-13, 2.55128729287e-14, 9.76448061947e-15, 4.27225154447e-16, 3.92397566752e-18], [9.13329369003e-16, 6.15336557749e-13, 3.06358150653e-12, 3.15209035089e-12, 1.53286812497e-12, 2.50252271163e-12, 1.8005749669e-11, 3.69461579386e-11, 1.00222018184e-10, 1.19991350189e-10, 1.13160182613e-10, 7.13801240337e-11, 2.34269582899e-11, 8.14449827025e-11, 3.70153005469e-11, 3.62321006531e-11, 5.89780932425e-11, 4.4329689225e-11, 8.63579069366e-11, 2.26782551072e-11, 1.5120807384e-11, 5.4239039475e-12, 2.25282899974e-12, 1.39910408562e-13, 5.79620715573e-14, 2.63876703454e-15, 2.44582699122e-17], [2.00836382233e-15, 1.10607551763e-12, 5.43268641878e-12, 6.25000528762e-12, 3.83215551306e-12, 5.43500400935e-12, 3.69461579386e-11, 9.73685160277e-11, 3.01664138114e-10, 3.66827623832e-10, 3.14933967793e-10, 1.98410843311e-10, 1.0381603216e-10, 2.61569627069e-10, 1.07133399374e-10, 1.35153943592e-10, 1.59049828863e-10, 1.2340516109e-10, 2.39166575433e-10, 6.33957192298e-11, 5.64346833154e-11, 1.7106406569e-11, 6.03697430587e-12, 4.5461946924e-13, 1.82404655616e-13, 7.66981980992e-15, 7.17738463289e-17], [6.24213984809e-15, 2.9661871917e-12, 1.39185919734e-11, 1.67569378512e-11, 1.13245021e-11, 1.54723196061e-11, 1.00222018184e-10, 3.01664138114e-10, 1.03456654355e-09, 1.22698551319e-09, 9.60977519782e-10, 6.21659168587e-10, 4.10740275125e-10, 8.71241356837e-10, 3.31047106394e-10, 4.92187957057e-10, 4.66388927478e-10, 3.76470743468e-10, 7.20718762448e-10, 1.92653087927e-10, 2.0510937393e-10, 5.67221443426e-11, 1.75791742274e-11, 1.52527599925e-12, 5.90943797802e-13, 2.38058880876e-14, 2.23702513101e-16], [6.34838615528e-15, 2.64494719529e-12, 1.2579071465e-11, 1.69055117127e-11, 1.3039734223e-11, 1.8886179079e-11, 1.19991350189e-10, 3.66827623832e-10, 1.22698551319e-09, 1.51767709511e-09, 1.27260169069e-09, 7.90781606863e-10, 4.64533855826e-10, 1.10189768421e-09, 4.36857466868e-10, 5.85498816097e-10, 6.35201669041e-10, 5.01118591067e-10, 9.66676072522e-10, 2.57562388084e-10, 2.44923081816e-10, 7.18188633564e-11, 2.41849353044e-11, 1.9467676169e-12, 7.7307013872e-13, 3.16865674324e-14, 2.9677008976e-16], [3.52906261309e-15, 1.31186912462e-12, 6.89531678283e-12, 1.16939496281e-11, 1.06296655505e-11, 1.71264617072e-11, 1.13160182613e-10, 3.14933967793e-10, 9.60977519782e-10, 1.27260169069e-09, 1.25084753666e-09, 7.37994221289e-10, 2.74663014554e-10, 9.54746059989e-10, 4.12733236477e-10, 4.16699619255e-10, 6.48039344409e-10, 4.83214301905e-10, 9.62013024797e-10, 2.3185510456e-10, 1.70516725739e-10, 5.91669213623e-11, 2.51154114866e-11, 1.56426325885e-12, 6.65500098605e-13, 3.02726729318e-14, 2.8246621791e-16], [2.75840387383e-15, 1.25638095847e-12, 6.302060436e-12, 9.01166641309e-12, 7.09632136039e-12, 1.05545858511e-11, 7.13801240337e-11, 1.98410843311e-10, 6.21659168587e-10, 7.90781606863e-10, 7.37994221289e-10, 4.49632775457e-10, 1.90358326324e-10, 5.80221815039e-10, 2.43546460776e-10, 2.69089722726e-10, 3.76045333761e-10, 2.83945200685e-10, 5.62518198688e-10, 1.35974689841e-10, 1.10056838643e-10, 3.60563003066e-11, 1.44793161835e-11, 9.45747061394e-13, 3.94067184483e-13, 1.77481642528e-14, 1.662948551e-16], [2.63885216135e-15, 1.05963978911e-12, 4.52070846035e-12, 5.19314582656e-12, 3.77610659755e-12, 4.57383610153e-12, 2.34269582899e-11, 1.0381603216e-10, 4.10740275125e-10, 4.64533855826e-10, 2.74663014554e-10, 1.90358326324e-10, 2.31628202729e-10, 3.42920303265e-10, 1.05179816245e-10, 2.40266528895e-10, 1.17028109425e-10, 1.15372746079e-10, 2.03932148946e-10, 5.86622764254e-11, 1.0047392085e-10, 2.23133820448e-11, 4.3659845704e-12, 6.29764307109e-13, 2.1942197408e-13, 7.57253976999e-15, 7.36788896017e-17], [3.74127845945e-15, 1.32087396576e-12, 6.1942738265e-12, 9.61666510313e-12, 8.79504281903e-12, 1.33383104908e-11, 8.14449827025e-11, 2.61569627069e-10, 8.71241356837e-10, 1.10189768421e-09, 9.54746059989e-10, 5.80221815039e-10, 3.42920303265e-10, 8.43162595299e-10, 3.24262922069e-10, 4.33912711317e-10, 4.7087866939e-10, 3.761301548e-10, 7.30251359382e-10, 1.71016464878e-10, 1.76264933205e-10, 5.10100919837e-11, 1.83370957307e-11, 1.37333634048e-12, 5.47937726008e-13, 2.38556106157e-14, 2.24556587009e-16], [1.38659738158e-15, 5.15359185448e-13, 2.69982929242e-12, 4.3320355983e-12, 3.86334670852e-12, 5.80985043061e-12, 3.70153005469e-11, 1.07133399374e-10, 3.31047106394e-10, 4.36857466868e-10, 4.12733236477e-10, 2.43546460776e-10, 1.05179816245e-10, 3.24262922069e-10, 1.41842967927e-10, 1.53291268568e-10, 2.16823725641e-10, 1.73041664331e-10, 3.24113957895e-10, 8.96817897722e-11, 6.48565576244e-11, 2.20854255023e-11, 8.55944828904e-12, 6.19460917024e-13, 2.45090785774e-13, 1.04512650975e-14, 9.63177377063e-17], [2.92558340191e-15, 1.1297460363e-12, 5.09693892994e-12, 6.44803698283e-12, 5.00516685389e-12, 6.44726806664e-12, 3.62321006531e-11, 1.35153943592e-10, 4.92187957057e-10, 5.85498816097e-10, 4.16699619255e-10, 2.69089722726e-10, 2.40266528895e-10, 4.33912711317e-10, 1.53291268568e-10, 2.72244976562e-10, 1.98345964653e-10, 1.81557935353e-10, 3.20990400926e-10, 9.28876212059e-11, 1.1413476414e-10, 2.91723173396e-11, 7.75008095893e-12, 8.28704563739e-13, 2.96927928209e-13, 1.12071073247e-14, 1.05784641146e-16], [1.88036316796e-15, 6.07300559667e-13, 3.47627981089e-12, 6.11514051202e-12, 5.54305776626e-12, 8.92470299052e-12, 5.89780932425e-11, 1.59049828863e-10, 4.66388927478e-10, 6.35201669041e-10, 6.48039344409e-10, 3.76045333761e-10, 1.17028109425e-10, 4.7087866939e-10, 2.16823725641e-10, 1.98345964653e-10, 3.49986317705e-10, 2.62974697574e-10, 5.08899034024e-10, 1.36010827601e-10, 8.38682734372e-11, 3.14215424513e-11, 1.36640282422e-11, 8.51848756464e-13, 3.57438362762e-13, 1.59587715764e-14, 1.49168537121e-16], [1.57086135244e-15, 5.63188167976e-13, 3.08442659434e-12, 5.24117554912e-12, 5.11717404561e-12, 7.3540973658e-12, 4.4329689225e-11, 1.2340516109e-10, 3.76470743468e-10, 5.01118591067e-10, 4.83214301905e-10, 2.83945200685e-10, 1.15372746079e-10, 3.761301548e-10, 1.73041664331e-10, 1.81557935353e-10, 2.62974697574e-10, 2.73335382106e-10, 4.15927486896e-10, 1.3428108625e-10, 7.87465856411e-11, 2.99529845371e-11, 1.19979061408e-11, 9.80089382048e-13, 3.09355568506e-13, 1.38611012588e-14, 1.20026739148e-16], [2.69734063339e-15, 9.04981168129e-13, 4.95366421494e-12, 8.85573905873e-12, 8.5021304233e-12, 1.34495158066e-11, 8.63579069366e-11, 2.39166575433e-10, 7.20718762448e-10, 9.66676072522e-10, 9.62013024797e-10, 5.62518198688e-10, 2.03932148946e-10, 7.30251359382e-10, 3.24113957895e-10, 3.20990400926e-10, 5.08899034024e-10, 4.15927486896e-10, 7.66610219749e-10, 2.0138327117e-10, 1.33621239073e-10, 4.85180055854e-11, 2.06458131841e-11, 1.375133514e-12, 5.3516278865e-13, 2.44067783426e-14, 2.31296851687e-16], [1.20604045041e-15, 4.42822970133e-13, 2.42575707785e-12, 3.48037072252e-12, 2.80638099565e-12, 3.74738998513e-12, 2.26782551072e-11, 6.33957192298e-11, 1.92653087927e-10, 2.57562388084e-10, 2.3185510456e-10, 1.35974689841e-10, 5.86622764254e-11, 1.71016464878e-10, 8.96817897722e-11, 9.28876212059e-11, 1.36010827601e-10, 1.3428108625e-10, 2.0138327117e-10, 8.75868752526e-11, 4.54852197573e-11, 1.74174390188e-11, 5.82860105666e-12, 5.733458955e-13, 1.90000996165e-13, 6.89625468886e-15, 6.11062935388e-17], [1.30381272236e-15, 4.98540553458e-13, 2.28428062056e-12, 2.84777952088e-12, 2.15099856329e-12, 2.72917799471e-12, 1.5120807384e-11, 5.64346833154e-11, 2.0510937393e-10, 2.44923081816e-10, 1.70516725739e-10, 1.10056838643e-10, 1.0047392085e-10, 1.76264933205e-10, 6.48565576244e-11, 1.1413476414e-10, 8.38682734372e-11, 7.87465856411e-11, 1.33621239073e-10, 4.54852197573e-11, 4.941995424e-11, 1.29875788943e-11, 3.2769316774e-12, 3.81563351878e-13, 1.34183734003e-13, 4.74775561815e-15, 4.45176826624e-17], [3.07077713104e-16, 1.19229685803e-13, 5.89613481736e-13, 8.23526631003e-13, 6.79561767102e-13, 9.18204965186e-13, 5.4239039475e-12, 1.7106406569e-11, 5.67221443426e-11, 7.18188633564e-11, 5.91669213623e-11, 3.60563003066e-11, 2.23133820448e-11, 5.10100919837e-11, 2.20854255023e-11, 2.91723173396e-11, 3.14215424513e-11, 2.99529845371e-11, 4.85180055854e-11, 1.74174390188e-11, 1.29875788943e-11, 4.1814906572e-12, 1.30653159732e-12, 1.28423747331e-13, 4.4160394742e-14, 1.66376096148e-15, 1.49825917406e-17], [6.0949658618e-17, 1.86185888619e-14, 1.12920726914e-13, 2.22852498174e-13, 2.25949657205e-13, 3.5323518199e-13, 2.25282899974e-12, 6.03697430587e-12, 1.75791742274e-11, 2.41849353044e-11, 2.51154114866e-11, 1.44793161835e-11, 4.3659845704e-12, 1.83370957307e-11, 8.55944828904e-12, 7.75008095893e-12, 1.36640282422e-11, 1.19979061408e-11, 2.06458131841e-11, 5.82860105666e-12, 3.2769316774e-12, 1.30653159732e-12, 5.79496357584e-13, 3.91280297008e-14, 1.42156472276e-14, 6.60736256137e-16, 5.89428845375e-18], [8.27952372065e-18, 3.04955366176e-15, 1.52022762868e-14, 2.20709376068e-14, 1.9844796108e-14, 2.55128729287e-14, 1.39910408562e-13, 4.5461946924e-13, 1.52527599925e-12, 1.9467676169e-12, 1.56426325885e-12, 9.45747061394e-13, 6.29764307109e-13, 1.37333634048e-12, 6.19460917024e-13, 8.28704563739e-13, 8.51848756464e-13, 9.80089382048e-13, 1.375133514e-12, 5.733458955e-13, 3.81563351878e-13, 1.28423747331e-13, 3.91280297008e-14, 4.36200368496e-15, 1.33303493552e-15, 4.92307989741e-17, 4.28347983886e-19], [2.96213273958e-18, 9.89164969924e-16, 5.02283464997e-15, 7.67994270067e-15, 6.77291144515e-15, 9.76448061947e-15, 5.79620715573e-14, 1.82404655616e-13, 5.90943797802e-13, 7.7307013872e-13, 6.65500098605e-13, 3.94067184483e-13, 2.1942197408e-13, 5.47937726008e-13, 2.45090785774e-13, 2.96927928209e-13, 3.57438362762e-13, 3.09355568506e-13, 5.3516278865e-13, 1.90000996165e-13, 1.34183734003e-13, 4.4160394742e-14, 1.42156472276e-14, 1.33303493552e-15, 4.91522843138e-16, 1.81651310971e-17, 1.67586649932e-19], [9.14675835716e-20, 2.87539032056e-17, 1.5287735029e-16, 2.77121254724e-16, 2.76387485964e-16, 4.27225154447e-16, 2.63876703454e-15, 7.66981980992e-15, 2.38058880876e-14, 3.16865674324e-14, 3.02726729318e-14, 1.77481642528e-14, 7.57253976999e-15, 2.38556106157e-14, 1.04512650975e-14, 1.12071073247e-14, 1.59587715764e-14, 1.38611012588e-14, 2.44067783426e-14, 6.89625468886e-15, 4.74775561815e-15, 1.66376096148e-15, 6.60736256137e-16, 4.92307989741e-17, 1.81651310971e-17, 7.96098680651e-19, 7.37863443311e-21], [1.73699285245e-21, 2.74489960108e-19, 1.40377068424e-18, 2.51426013961e-18, 2.47203236254e-18, 3.92397566752e-18, 2.44582699122e-17, 7.17738463289e-17, 2.23702513101e-16, 2.9677008976e-16, 2.8246621791e-16, 1.662948551e-16, 7.36788896017e-17, 2.24556587009e-16, 9.63177377063e-17, 1.05784641146e-16, 1.49168537121e-16, 1.20026739148e-16, 2.31296851687e-16, 6.11062935388e-17, 4.45176826624e-17, 1.49825917406e-17, 5.89428845375e-18, 4.28347983886e-19, 1.67586649932e-19, 7.37863443311e-21, 1.68123033241e-22]]
    },
    "mfcc": {
        "kurt": [39.0009918213, 24.1461772919, 30.1585731506, 21.9035243988, 21.02592659, 13.0419750214, 8.97529125214, 11.0746545792, 20.5469093323, 9.02692127228, 8.63681030273, 10.6784229279, 8.75185394287],
        "max": [-677.956970215, 141.603149414, 15.3836975098, 48.9199943542, 13.1533966064, 11.6282653809, 13.2978858948, 15.8976078033, 23.552028656, 15.2491016388, 16.8513450623, 18.0180988312, 15.8551177979],
        "mean": [-1127.19873047, 5.59469842911, -1.54314422607, 0.719026148319, -0.92997020483, -1.12309789658, -0.108709923923, 0.267807006836, 0.745493888855, 1.03464627266, 1.31559419632, 1.27803790569, 1.12225842476],
        "median": [-1138.18933105, 0.323986053467, -6.103515625e-05, 8.01086425781e-05, -6.103515625e-05, 2.28881835938e-05, -2.67028808594e-05, -5.34057617188e-05, -4.57763671875e-05, -2.28881835938e-05, 0.0232048034668, -3.0517578125e-05, -3.81469726562e-05],
        "min": [-1138.42004395, 1.14440917969e-05, -123.821914673, -26.9131851196, -58.8499145508, -49.3118858337, -28.4593048096, -19.804397583, -16.4006958008, -11.3293075562, -14.3342685699, -19.2163543701, -14.8790988922],
        "skew": [5.84381723404, 4.53940057755, -5.27975845337, 1.13478398323, -3.97292637825, -3.35841846466, -2.34111070633, -1.94203364849, 1.42042553425, 1.29274666309, 2.08346319199, 1.31454658508, 1.97588813305],
        "var": [1975.63269043, 230.443649292, 223.349090576, 25.3502826691, 51.7851753235, 51.5944061279, 16.5955276489, 9.29052066803, 7.15315961838, 4.14187383652, 6.06092214584, 8.20519256592, 6.32849407196],
        "cov": [[1977.34765625, 577.514221191, -608.542724609, 41.8618888855, -272.179992676, -185.788391113, -57.2703399658, -34.6130561829, 18.5391712189, 9.80774688721, 32.2133255005, 10.510184288, 24.1005420685], [577.514221191, 230.643692017, -155.300125122, -3.00065517426, -84.0633392334, -79.7152709961, -25.5535068512, -15.7516365051, 4.91887712479, 9.06916904449, 19.3377857208, 17.7046260834, 17.12059021], [-608.542724609, -155.300125122, 223.54296875, -8.02160644531, 88.689994812, 63.4932861328, 19.2807235718, 18.539773941, 1.61597204208, 3.28142762184, -6.33839321136, -1.26183998585, -5.54454088211], [41.8618888855, -3.00065517426, -8.02160644531, 25.3722896576, 8.10007286072, 15.8299674988, 11.8592424393, 7.35319328308, 7.09378194809, 0.931091308594, -2.10293149948, -5.59783411026, -4.31885719299], [-272.179992676, -84.0633392334, 88.689994812, 8.10007286072, 51.8301277161, 39.9536857605, 18.5935268402, 11.6628036499, 1.17761266232, -0.189850226045, -6.26406145096, -4.56676435471, -6.21751451492], [-185.788391113, -79.7152709961, 63.4932861328, 15.8299674988, 39.9536857605, 51.6391944885, 23.4400062561, 15.7913856506, 7.54314088821, -1.29983568192, -8.08372306824, -11.6577186584, -10.4250078201], [-57.2703399658, -25.5535068512, 19.2807235718, 11.8592424393, 18.5935268402, 23.4400062561, 16.6099319458, 9.21144866943, 5.08690834045, -0.113186731935, -3.54191112518, -5.49395370483, -5.36655282974], [-34.6130561829, -15.7516365051, 18.539773941, 7.35319328308, 11.6628036499, 15.7913856506, 9.21144866943, 9.29858589172, 4.96346521378, 1.60911297798, -1.60894346237, -3.48427939415, -2.4737303257], [18.5391712189, 4.91887712479, 1.61597204208, 7.09378194809, 1.17761266232, 7.54314088821, 5.08690834045, 4.96346521378, 7.15936851501, 2.91711139679, 1.28718042374, -1.06293725967, -0.761762261391], [9.80774688721, 9.06916904449, 3.28142762184, 0.931091308594, -0.189850226045, -1.29983568192, -0.113186731935, 1.60911297798, 2.91711139679, 4.14546918869, 3.56310749054, 2.51514005661, 1.96679854393], [32.2133255005, 19.3377857208, -6.33839321136, -2.10293149948, -6.26406145096, -8.08372306824, -3.54191112518, -1.60894346237, 1.28718042374, 3.56310749054, 6.06618309021, 5.60248947144, 3.9217236042], [10.510184288, 17.7046260834, -1.26183998585, -5.59783411026, -4.56676435471, -11.6577186584, -5.49395370483, -3.48427939415, -1.06293725967, 2.51514005661, 5.60248947144, 8.21231460571, 6.10417032242], [24.1005420685, 17.12059021, -5.54454088211, -4.31885719299, -6.21751451492, -10.4250078201, -5.36655282974, -2.4737303257, -0.761762261391, 1.96679854393, 3.9217236042, 6.10417032242, 6.33398723602]]
    },
    "sccoeffs": {
        "kurt": [0.433551311493, 4.25231647491, 3.14303398132, 4.00348520279, 0.963359117508, 5.09597206116],
        "max": [-0.694633603096, -0.701778054237, -0.782122612, -0.816465139389, -0.80259513855, -0.664343178272],
        "mean": [-0.862625598907, -0.897046983242, -0.913306474686, -0.916425466537, -0.907812774181, -0.88917696476],
        "median": [-0.864460468292, -0.90149730444, -0.915105760098, -0.919624626637, -0.913778781891, -0.905067920685],
        "min": [-0.957162737846, -0.964531242847, -0.990769743919, -0.980796933174, -0.96834141016, -0.92234224081],
        "skew": [0.496287226677, 1.42050766945, 0.973192870617, 1.44386172295, 0.990074396133, 2.42525005341],
        "var": [0.00180838501547, 0.000912542978767, 0.000370655296138, 0.000305223715259, 0.000383620004868, 0.00175897951704],
        "cov": [[0.00180995487608, 0.000125108228531, 5.7808458223e-05, 7.27090227883e-05, 7.42149422877e-05, 0.00014428695431], [0.000125108228531, 0.000913335126825, 0.000164249911904, 0.00021201823256, 0.000235812272877, 0.000700013304595], [5.7808458223e-05, 0.000164249911904, 0.000370977038983, 0.00013362208847, 0.00014068587916, 0.000381454941817], [7.27090227883e-05, 0.00021201823256, 0.00013362208847, 0.000305488647427, 0.000191920611542, 0.000490639940836], [7.42149422877e-05, 0.000235812272877, 0.00014068587916, 0.000191920611542, 0.000383953010896, 0.000552945712116], [0.00014428695431, 0.000700013304595, 0.000381454941817, 0.000490639940836, 0.000552945712116, 0.0017605064204]]
    },
    "scvalleys": {
        "kurt": [1.7328286171, 3.01564121246, 4.22706604004, 3.29206705093, 7.02927303314, 26.5820827484],
        "max": [-7.90541028976, -6.33002471924, -4.59810018539, -5.72399711609, -6.29630088806, -9.65198802948],
        "mean": [-12.2155656815, -12.4432601929, -13.2262487411, -13.8827953339, -13.9395236969, -15.8174409866],
        "median": [-12.242855072, -12.920173645, -13.8778419495, -14.6529541016, -14.5081644058, -15.9974870682],
        "min": [-16.1176509857, -17.1296443939, -16.6781234741, -17.5904541016, -17.12748909, -19.240354538],
        "skew": [0.543125391006, 1.61782050133, 1.88521742821, 1.82153272629, 2.57489466667, 4.805311203],
        "var": [0.813002288342, 1.66843271255, 2.35552406311, 2.66469740868, 1.93815898895, 0.613403558731],
        "cov": [[0.81370806694, 0.698776781559, 0.779707968235, 0.767131149769, 0.686518907547, 0.376371890306], [0.698776781559, 1.66988098621, 1.89290511608, 2.00038075447, 1.65699124336, 0.736919403076], [0.779707968235, 1.89290511608, 2.35756874084, 2.44327259064, 2.02581143379, 0.91771453619], [0.767131149769, 2.00038075447, 2.44327259064, 2.66701054573, 2.18806266785, 0.970896601677], [0.686518907547, 1.65699124336, 2.02581143379, 2.18806266785, 1.93984138966, 0.931893646717], [0.376371890306, 0.736919403076, 0.91771453619, 0.970896601677, 0.931893646717, 0.613936066628]]
    }
},
"rhythm": {
    "beats_loudness": {
        "kurt": 36.6336288452,
        "max": 0.000173477237695,
        "mean": 4.71870544061e-06,
        "median": 1.05609938572e-08,
        "min": 5.2631599079e-10,
        "skew": 5.94131374359,
        "var": 5.63963542533e-10
    },
    "bpm": 153.32762146,
    "confidence": 0.439451217651,
    "first_peak_bpm": {
        "kurt": 0,
        "max": 152,
        "mean": 152,
        "median": 152,
        "min": 152,
        "skew": 0,
        "var": 0
    },
    "first_peak_spread": {
        "kurt": 0,
        "max": 0.0714285969734,
        "mean": 0.0714285969734,
        "median": 0.0714285969734,
        "min": 0.0714285969734,
        "skew": 0,
        "var": 0
    },
    "first_peak_weight": {
        "kurt": 0,
        "max": 0.194029852748,
        "mean": 0.194029852748,
        "median": 0.194029852748,
        "min": 0.194029852748,
        "skew": 0,
        "var": 0
    },
    "onset_rate": 0.187030360103,
    "second_peak_bpm": {
        "kurt": 0,
        "max": 172,
        "mean": 172,
        "median": 172,
        "min": 172,
        "skew": 0,
        "var": 0
    },
    "second_peak_spread": {
        "kurt": 0,
        "max": 0,
        "mean": 0,
        "median": 0,
        "min": 0,
        "skew": 0,
        "var": 0
    },
    "second_peak_weight": {
        "kurt": 0,
        "max": 0.179104477167,
        "mean": 0.179104477167,
        "median": 0.179104477167,
        "min": 0.179104477167,
        "skew": 0,
        "var": 0
    },
    "beats_loudness_band_ratio": {
        "kurt": [-1.65234494209, 7.62322902679, -0.509950876236, 0.588559627533, 1.82483434677, 4.90023231506],
        "max": [0.985836267471, 0.549362123013, 0.644119799137, 0.286021590233, 0.512317419052, 0.533898949623],
        "mean": [0.502933442593, 0.097825191915, 0.183871522546, 0.0664202645421, 0.0922350287437, 0.0878272503614],
        "median": [0.563237190247, 0.0732707381248, 0.149305611849, 0.0307545997202, 0.0338264703751, 0.034631088376],
        "min": [0.00097363058012, 0.00182022096124, 0.00530153047293, 0.00117592909373, 0.00115952279884, 0.0030398699455],
        "skew": [-0.117789812386, 2.39708971977, 0.661299824715, 1.29659640789, 1.55380856991, 2.27621912956],
        "var": [0.126993760467, 0.00833024270833, 0.0257217679173, 0.00578804500401, 0.0135320946574, 0.014866492711],
        "cov": [[0.12888918817, -0.0111145414412, -0.042368657887, -0.0211658719927, -0.0338663682342, -0.0243521779776], [-0.0111145414412, 0.00845457427204, 0.00323504139669, 0.000231362020713, -0.000545780174434, 0.000941550009884], [-0.042368657887, 0.00323504139669, 0.0261056739837, 0.00856625754386, 0.00682049198076, -0.000454934168374], [-0.0211658719927, 0.000231362020713, 0.00856625754386, 0.00587443355471, 0.00600619567558, 0.00114666181616], [-0.0338663682342, -0.000545780174434, 0.00682049198076, 0.00600619567558, 0.0137340668589, 0.00814333278686], [-0.0243521779776, 0.000941550009884, -0.000454934168374, 0.00114666181616, 0.00814333278686, 0.0150883803144]]
    },
    "beats_position": [0.325079351664, 0.696598649025, 1.04489791393, 1.369977355, 1.71827661991, 2.0549659729, 2.43809509277, 2.7863945961, 3.13469386101, 3.50621318817, 3.90095233917, 4.31891155243, 4.71365070343, 5.06195020676, 5.41024923325, 5.75854873657, 6.17650794983, 6.60607719421, 6.98920631409, 7.40716552734, 7.80190467834, 8.23147392273, 8.6146030426, 9.0093421936, 9.4040813446, 9.81043052673, 10.1935596466, 10.5882987976, 10.9830379486, 11.354557991, 11.7725172043, 12.2136955261, 12.6780948639, 13.1657142639, 13.6068935394, 14.0945119858, 14.5356912613, 15.0117006302, 15.4064397812, 15.8592290878, 16.3004074097, 16.6719264984, 17.0666656494, 17.4381847382, 17.8213157654, 18.1696147919, 18.5295238495, 18.8546028137, 19.2029018402, 19.5512008667, 19.9227199554, 20.247800827, 20.5728797913, 20.8979587555, 21.2694778442, 21.640996933, 21.9892959595, 22.3840351105, 22.7555541992, 23.1154651642, 23.5102043152, 23.8933334351, 24.3112926483, 24.7060317993, 25.1007709503, 25.4722900391, 25.8554191589, 26.2037181854],
    "bpm_estimates": [156.605163574, 151.99911499, 151.99911499, 156.605163574, 151.99911499, 156.605163574, 151.99911499, 151.99911499, 147.656265259, 156.605163574, 151.99911499, 151.99911499, 151.99911499, 151.99911499, 156.604385376, 151.99911499, 151.99911499, 156.605163574, 151.99911499, 151.99911499, 156.605163574],
    "bpm_intervals": [0.371519297361, 0.348299264908, 0.325079441071, 0.348299264908, 0.336689352989, 0.383129119873, 0.348299503326, 0.348299264908, 0.371519327164, 0.394739151001, 0.417959213257, 0.394739151001, 0.348299503326, 0.348299026489, 0.348299503326, 0.417959213257, 0.429569244385, 0.383129119873, 0.417959213257, 0.394739151001, 0.429569244385, 0.383129119873, 0.394739151001, 0.394739151001, 0.406349182129, 0.383129119873, 0.394739151001, 0.394739151001, 0.371520042419, 0.417959213257, 0.441178321838, 0.464399337769, 0.487619400024, 0.441179275513, 0.48761844635, 0.441179275513, 0.476009368896, 0.394739151001, 0.452789306641, 0.441178321838, 0.371519088745, 0.394739151001, 0.371519088745, 0.383131027222, 0.348299026489, 0.359909057617, 0.325078964233, 0.348299026489, 0.348299026489, 0.371519088745, 0.325080871582, 0.325078964233, 0.325078964233, 0.371519088745, 0.371519088745, 0.348299026489, 0.394739151001, 0.371519088745, 0.359910964966, 0.394739151001, 0.383129119873, 0.417959213257, 0.394739151001, 0.394739151001, 0.371519088745, 0.383129119873, 0.348299026489],
    "onset_times": [0.348299324512, 5.42185926437, 10.0426301956, 15.0465307236, 15.15102005],
    "histogram": [[0, 0, 0, 0, 0, 0, 0, 0, 0, 0, 0, 0, 0, 0, 0, 0, 0, 0, 0, 0, 0, 0, 0, 0, 0, 0, 0, 0, 0, 0, 0, 0, 0, 0, 0, 0, 0, 0, 0, 0, 0, 0, 0, 0, 0, 0, 0, 0, 0, 0, 0, 0, 0, 0, 0, 0, 0, 0, 0, 0, 0, 0, 0, 0, 0, 0, 0, 0, 0, 0, 0, 0, 0, 0, 0, 0, 0, 0, 0, 0, 0, 0, 0, 0, 0, 0, 0, 0, 0, 0, 0, 0, 0, 0, 0, 0, 0, 0, 0, 0, 0, 0, 0, 0, 0, 0, 0, 0, 0, 0, 0, 0, 0, 0, 0, 0, 0, 0, 0, 0, 0, 0, 0, 0.0298507455736, 0, 0, 0.0149253727868, 0, 0, 0.0149253727868, 0, 0, 0, 0.0149253727868, 0, 0, 0.0597014911473, 0, 0, 0, 0.0298507455736, 0, 0, 0, 0.0746268630028, 0, 0, 0, 0.0149253727868, 0, 0, 0, 0.194029852748, 0, 0, 0, 0, 0.104477614164, 0, 0, 0, 0.149253726006, 0, 0, 0, 0, 0, 0.0298507455736, 0, 0, 0, 0, 0.179104477167, 0, 0, 0, 0, 0, 0.0149253727868, 0, 0, 0, 0, 0, 0, 0.0746268630028, 0, 0, 0, 0, 0, 0, 0, 0, 0, 0, 0, 0, 0, 0, 0, 0, 0, 0, 0, 0, 0, 0, 0, 0, 0, 0, 0, 0, 0, 0, 0, 0, 0, 0, 0, 0, 0, 0, 0, 0, 0, 0, 0, 0, 0, 0, 0, 0, 0, 0, 0, 0, 0, 0, 0, 0, 0, 0, 0, 0, 0, 0, 0, 0]]
},
"sfx": {
    "inharmonicity": {
        "kurt": 1.9717001915,
        "max": 0.392525136471,
        "mean": 0.0656981766224,
        "median": 0.0431939586997,
        "min": 0,
        "skew": 1.53185760975,
        "var": 0.00542514538392
    },
    "oddtoevenharmonicenergyratio": {
        "kurt": 627.123779297,
        "max": 459.618896484,
        "mean": 1.70616388321,
        "median": 0.213692054152,
        "min": 0,
        "skew": 23.3213882446,
        "var": 251.240325928
    },
    "pitch_after_max_to_before_max_energy_ratio": 0.2487552315,
    "pitch_centroid": 688.01373291,
    "pitch_max_to_total": 0.875975728035,
    "pitch_min_to_total": 0.724197745323,
    "tristimulus": {
        "kurt": [-0.804807901382, -0.00641632080078, -0.382663249969],
        "max": [1, 0.881737828255, 1],
        "mean": [0.432405173779, 0.259745389223, 0.307849466801],
        "median": [0.39363026619, 0.26891720295, 0.293318539858],
        "min": [0, 0, 0],
        "skew": [0.492391109467, 0.224670231342, 0.373179227114],
        "var": [0.107382670045, 0.0302168019116, 0.048836980015],
        "cov": [[0.107475884259, -0.0444198548794, -0.0630558878183], [-0.0444198548794, 0.0302430316806, 0.0141766518354], [-0.0630558878183, 0.0141766518354, 0.0488793738186]]
    }
},
"tonal": {
    "chords_changes_rate": 0.150779902935,
    "chords_number_rate": 0.0173310227692,
    "chords_strength": {
        "kurt": -0.260403394699,
        "max": 0.589634954929,
        "mean": 0.430776536465,
        "median": 0.427470505238,
        "min": 0.211322978139,
        "skew": -0.15503321588,
