{
"metadata": {
    "version": {
        "essentia": "2.1-beta3"
    }
},
"lowLevel": {
    "average_loudness": 0.00383018981665,
    "barkbands_kurtosis": {
        "kurt": 61.6335830688,
        "max": 73.8302459717,
        "mean": 1.97885000706,
        "median": 0.619217157364,
        "min": -1.89347779751,
        "skew": 5.84643793106,
        "var": 25.9548454285
    },
    "barkbands_skewness": {
        "kurt": 4.14649963379,
        "max": 8.21664428711,
        "mean": 1.26550114155,
        "median": 1.22614204884,
        "min": -5.25293493271,
        "skew": 0.125680655241,
        "var": 1.31588089466
    },
    "barkbands_spread": {
        "kurt": 0.0343923568726,
        "max": 53.3017158508,
        "mean": 21.179315567,
        "median": 18.3344249725,
        "min": 2.27212953568,
        "skew": 0.811152815819,
        "var": 99.6328430176
    },
    "dissonance": {
        "kurt": 39.0305213928,
        "max": 0.500000178814,
        "mean": 0.474221199751,
        "median": 0.477479070425,
        "min": 0.205565243959,
        "skew": -3.95568966866,
        "var": 0.000460670940811
    },
    "hfc": {
        "kurt": 811.874328613,
        "max": 5.14880514145,
        "mean": 0.0110141932964,
        "median": 1.76648097749e-06,
        "min": 1.25812702097e-16,
        "skew": 26.84025383,
        "var": 0.0266075357795
    },
    "pitch": {
        "kurt": 3.69388103485,
        "max": 4841.90234375,
        "mean": 747.451477051,
        "median": 296.350463867,
        "min": 65.8213348389,
        "skew": 2.32486438751,
        "var": 1305975.5
    },
    "pitch_instantaneous_confidence": {
        "kurt": 2.53203439713,
        "max": 0.975291132927,
        "mean": 0.33994102478,
        "median": 0.29050385952,
        "min": 0.0048919916153,
        "skew": 1.60724151134,
        "var": 0.0275872796774
    },
    "pitch_salience": {
        "kurt": 3.58100509644,
        "max": 0.986831307411,
        "mean": 0.703123867512,
        "median": 0.733572840691,
        "min": 0.140637397766,
        "skew": -1.55444347858,
        "var": 0.0131367100403
    },
    "silence_rate_20dB": {
        "kurt": 0,
        "max": 1,
        "mean": 1,
        "median": 1,
        "min": 1,
        "skew": 0,
        "var": 0
    },
    "silence_rate_30dB": {
        "kurt": 0,
        "max": 1,
        "mean": 1,
        "median": 1,
        "min": 1,
        "skew": 0,
        "var": 0
    },
    "silence_rate_60dB": {
        "kurt": 0,
        "max": 1,
        "mean": 1,
        "median": 1,
        "min": 1,
        "skew": 0,
        "var": 0
    },
    "spectral_centroid": {
        "kurt": 83.9196548462,
        "max": 11136.0224609,
        "mean": 1115.60119629,
        "median": 987.330322266,
        "min": 297.622924805,
        "skew": 5.58791351318,
        "var": 313908.71875
    },
    "spectral_complexity": {
        "kurt": 1014.27429199,
        "max": 10,
        "mean": 0.0114472610876,
        "median": 0,
        "min": 0,
        "skew": 31.1157302856,
        "var": 0.0898104310036
    },
    "spectral_crest": {
        "kurt": 0.884582519531,
        "max": 25.772693634,
        "mean": 8.89459991455,
        "median": 8.01157188416,
        "min": 2.68816208839,
        "skew": 1.02449977398,
        "var": 16.8389949799
    },
    "spectral_decrease": {
        "kurt": 863.145141602,
        "max": 1.07483790932e-28,
        "mean": -1.67282051926e-12,
        "median": -4.96936071885e-16,
        "min": -8.65691629492e-10,
        "skew": -27.9212245941,
        "var": 7.28307437265e-22
    },
    "spectral_energy": {
        "kurt": 858.621337891,
        "max": 0.00373433134519,
        "mean": 7.31264117348e-06,
        "median": 2.0458832406e-09,
        "min": 1.10059248167e-20,
        "skew": 27.806060791,
        "var": 1.35977522575e-08
    },
    "spectral_energyband_high": {
        "kurt": 704.060546875,
        "max": 3.41030790878e-05,
        "mean": 9.24828640336e-08,
        "median": 6.04426855788e-11,
        "min": 8.00883458437e-21,
        "skew": 24.4167671204,
        "var": 1.25284288152e-12
    },
    "spectral_energyband_low": {
        "kurt": 314.765777588,
        "max": 1.94416998056e-06,
        "mean": 6.52302478699e-09,
        "median": 2.20099615617e-11,
        "min": 2.93695186933e-23,
        "skew": 17.0463294983,
        "var": 7.65287745691e-15
    },
    "spectral_energyband_middle_high": {
        "kurt": 886.12322998,
        "max": 0.00318220374174,
        "mean": 5.93778850089e-06,
        "median": 3.14732129247e-10,
        "min": 1.44645091295e-21,
        "skew": 28.3639698029,
        "var": 9.71601377131e-09
    },
    "spectral_energyband_middle_low": {
        "kurt": 629.109130859,
        "max": 0.000578982697334,
        "mean": 1.42148758187e-06,
        "median": 1.48718770632e-09,
        "min": 2.6039278642e-22,
        "skew": 23.2646389008,
        "var": 3.86660758966e-10
    },
    "spectral_flatness_db": {
        "kurt": -0.517909049988,
        "max": 0.350460350513,
        "mean": 0.159221574664,
        "median": 0.151255637407,
        "min": 0.0738501399755,
        "skew": 0.479293465614,
        "var": 0.00205753231421
    },
    "spectral_flux": {
        "kurt": 232.609054565,
        "max": 0.0587712861598,
        "mean": 0.000463927281089,
        "median": 3.03390152112e-05,
        "min": 1.04909123055e-10,
        "skew": 13.8898220062,
        "var": 8.77372804098e-06
    },
    "spectral_kurtosis": {
        "kurt": 1.32345247269,
        "max": 30.4522361755,
        "mean": 5.50779485703,
        "median": 2.89370918274,
        "min": -1.16497170925,
        "skew": 1.50358474255,
        "var": 26.7248764038
    },
    "spectral_rms": {
        "kurt": 259.701660156,
        "max": 0.00190872990061,
        "mean": 1.55032448674e-05,
        "median": 1.41279281252e-06,
        "min": 3.27681068044e-12,
        "skew": 14.0471830368,
        "var": 6.89391166375e-09
    },
    "spectral_rolloff": {
        "kurt": 32.3608589172,
        "max": 19056.8847656,
        "mean": 1993.46887207,
        "median": 1894.921875,
        "min": 258.3984375,
        "skew": 2.57709360123,
        "var": 1429126
    },
    "spectral_skewness": {
        "kurt": 0.703387737274,
        "max": 4.08372926712,
        "mean": 1.85703837872,
        "median": 1.61529052258,
        "min": 0.0247915852815,
        "skew": 1.24621474743,
        "var": 0.36848205328
    },
    "spectral_spread": {
        "kurt": 8.41928863525,
        "max": 39477784,
        "mean": 7271487,
        "median": 8649696,
        "min": 1629062,
        "skew": 0.52045750618,
        "var": 1.06636215583e+13
    },
    "spectral_strongpeak": {
        "kurt": 457.409606934,
        "max": 0.379687339067,
        "mean": 0.00253400788642,
        "median": 0.000230799909332,
        "min": 0,
        "skew": 18.3842887878,
        "var": 0.000191922474187
    },
    "zerocrossingrate": {
        "kurt": 75.6585006714,
        "max": 0.5107421875,
        "mean": 0.0734062790871,
        "median": 0.06982421875,
        "min": 0.013671875,
        "skew": 5.74449110031,
        "var": 0.000867125752848
    },
    "barkbands": {
        "kurt": [nan, 321.345336914, 330.814300537, 273.710968018, 293.429351807, 98.9949264526, 309.578948975, 634.490539551, 647.664001465, 722.956359863, 1032.46020508, 1128.89941406, 633.23236084, 830.235046387, 760.99786377, 247.655075073, 319.844543457, 374.485717773, 972.608459473, 611.414733887, 537.390625, 342.41204834, 230.873779297, 547.974304199, 251.903518677, 242.072723389, nan],
        "max": [1.40209900981e-11, 6.20778237703e-08, 9.31793522341e-07, 1.81951418199e-06, 2.26659358304e-06, 1.55975340022e-06, 1.8141390683e-05, 7.60382317821e-05, 0.00035967543954, 0.000601444975473, 0.000817642023321, 0.00062056054594, 0.000181069641258, 0.000309794850182, 0.000179868889973, 6.52955786791e-05, 0.000110551642138, 0.00012235873146, 0.000199241432711, 5.75328194827e-05, 9.90191892924e-06, 1.55954444381e-06, 2.40093100956e-07, 3.28942064698e-07, 9.54207663995e-08, 1.34222777337e-09, 2.07831321597e-11],
        "mean": [1.03768840851e-13, 2.09859726819e-10, 3.04676595064e-09, 6.62631283177e-09, 9.2837844079e-09, 1.76928018902e-08, 9.97396867319e-08, 2.23359307938e-07, 7.94390302872e-07, 1.13449266337e-06, 1.10044618395e-06, 7.92339506006e-07, 3.89156753045e-07, 5.62164643725e-07, 4.18343461206e-07, 3.33253439067e-07, 4.29814747349e-07, 4.31630979847e-07, 3.70223830259e-07, 1.54107240746e-07, 3.2765829161e-08, 6.81864742447e-09, 1.31491351141e-09, 9.30925170284e-10, 4.25961904638e-10, 6.06476717804e-12, 9.99100840038e-14],
        "median": [6.39245982062e-15, 1.44674983799e-12, 7.22011166132e-12, 3.80688917889e-11, 4.77363371054e-10, 3.17626480673e-10, 1.99798705358e-10, 1.04469877193e-10, 7.39572014741e-11, 3.0273922258e-11, 2.3114465203e-11, 1.993764355e-11, 1.31368249612e-11, 1.10929382e-11, 1.33849901648e-11, 1.59626513396e-11, 1.97440813698e-11, 2.68947190907e-11, 3.96803284675e-11, 3.28420866891e-11, 2.27390987984e-11, 1.10310155108e-11, 4.00848711862e-12, 3.26951790294e-12, 3.02687063782e-12, 2.58205783144e-13, 6.81178475171e-15],
        "min": [1.20376056283e-23, 1.48445478562e-23, 5.2191601525e-24, 2.35153085516e-24, 5.13236596806e-23, 6.42342929395e-23, 4.9314651836e-23, 3.10161774805e-23, 5.09657661097e-23, 6.57500797026e-23, 1.45499095703e-22, 5.25941643447e-23, 4.67260868171e-23, 1.1243989154e-22, 1.25382801832e-22, 9.83485512314e-23, 9.6433727068e-23, 2.26545958286e-22, 3.45171453334e-22, 2.707563235e-22, 4.51580635782e-22, 4.5226680593e-22, 8.02310112753e-22, 9.78939982182e-22, 1.07838946769e-21, 1.91322251065e-21, 2.60219651015e-21],
        "skew": [12.5645475388, 17.5984573364, 17.6085987091, 15.7248315811, 16.2643299103, 9.10702514648, 15.4559173584, 23.0598983765, 23.7065544128, 25.2972640991, 31.312877655, 33.1273612976, 23.9867172241, 27.4892978668, 25.922794342, 14.8736686707, 16.9923248291, 17.8003044128, 29.9992408752, 22.954656601, 21.0111694336, 16.5890769958, 14.1404294968, 21.6508922577, 14.9102048874, 14.5122346878, 15.9180641174],
        "var": [4.40879568786e-25, 9.0037517798e-18, 1.78103373182e-15, 6.85818394601e-15, 1.01211983808e-14, 9.78062930261e-15, 5.6248137658e-13, 6.59294710839e-12, 1.47120052252e-10, 3.87914977917e-10, 5.93608218136e-10, 3.26560084529e-10, 3.86075268977e-11, 9.56740520142e-11, 3.37323259603e-11, 1.13223310935e-11, 2.46380086472e-11, 2.36847434026e-11, 3.62750211813e-11, 3.91567117272e-12, 1.22749832759e-13, 3.99256941798e-15, 1.40741154866e-16, 1.36968403945e-16, 2.09426083795e-17, 4.00161020954e-21, 8.74207963772e-25],
        "cov": [[4.41240324739e-25, 1.09103254773e-21, 1.52972142422e-20, 2.80559727433e-20, 2.27115684991e-20, 2.34162213678e-20, 1.84175421074e-19, 4.07835455659e-19, 1.42748771016e-18, 1.72295197208e-18, 1.23628749651e-18, 8.95616263159e-19, 3.9604213487e-19, 5.0650771128e-19, 6.19249378542e-19, 4.85354479969e-19, 6.45893486458e-19, 5.70685604779e-19, 4.16116593415e-19, 2.18625878e-19, 3.87112384116e-20, 9.09907882655e-21, 1.7364280028e-21, 1.13935122481e-21, 6.45098792879e-22, 9.16345718442e-24, 2.0709916041e-25], [1.09103254773e-21, 9.01111947751e-18, 1.26039495168e-16, 2.30089300342e-16, 1.72016747948e-16, 1.31613686645e-16, 1.30466091998e-15, 2.82859558835e-15, 1.06414798983e-14, 1.16713144141e-14, 8.96293672961e-15, 7.30070402733e-15, 2.73912434516e-15, 3.77561802217e-15, 3.72642700727e-15, 2.41012997218e-15, 3.4055940085e-15, 2.69845490523e-15, 2.53946999741e-15, 1.15568000065e-15, 1.90789856795e-16, 3.83474546145e-17, 5.91540926992e-18, 5.25620215641e-18, 2.07641834534e-18, 2.55284997634e-20, 3.57172085051e-22], [1.52972142422e-20, 1.26039495168e-16, 1.78249126376e-15, 3.32525123939e-15, 2.63349001928e-15, 1.92751791565e-15, 1.96023837489e-14, 4.56518910131e-14, 1.7446779427e-13, 2.10564381144e-13, 1.87424687857e-13, 1.46799402061e-13, 5.20204776336e-14, 7.66757737489e-14, 6.79972639067e-14, 4.04634415167e-14, 6.24874568864e-14, 5.19755306773e-14, 5.1384708256e-14, 2.13213676586e-14, 3.57153263331e-15, 6.85717428274e-16, 1.04661164438e-16, 1.03079489228e-16, 3.89662518872e-17, 5.13673576926e-19, 6.22109210107e-21], [2.80559727433e-20, 2.30089300342e-16, 3.32525123939e-15, 6.8637959628e-15, 6.76918407666e-15, 4.55127150296e-15, 4.56493261974e-14, 1.33332364247e-13, 5.61026214634e-13, 7.98681433489e-13, 8.72363542081e-13, 6.51990343225e-13, 2.15455488194e-13, 3.43619718183e-13, 2.54511310031e-13, 1.35354414851e-13, 2.05757530155e-13, 1.92475308153e-13, 2.2666593537e-13, 8.15976111549e-14, 1.35669572094e-14, 2.45374708677e-15, 3.66974642118e-16, 4.31084157145e-16, 1.40246289102e-16, 1.93249491581e-18, 2.1891738808e-20], [2.27115684991e-20, 1.72016747948e-16, 2.63349001928e-15, 6.76918407666e-15, 1.0129481516e-14, 6.38957270882e-15, 5.76214897736e-14, 2.02819911473e-13, 8.99717203951e-13, 1.45580953976e-12, 1.77699424186e-12, 1.30254249227e-12, 3.87848363452e-13, 6.51026704334e-13, 4.87277048138e-13, 2.28347993726e-13, 3.55257002201e-13, 3.62579351309e-13, 4.64673601246e-13, 1.60650613363e-13, 2.4426300758e-14, 4.2070555244e-15, 6.04275369214e-16, 8.03262255007e-16, 2.5517714569e-16, 3.83626557126e-18, 4.48141478904e-20], [2.34162213678e-20, 1.31613686645e-16, 1.92751791565e-15, 4.55127150296e-15, 6.38957270882e-15, 9.78863291692e-15, 5.7567537163e-14, 1.75392672933e-13, 7.40902944465e-13, 1.16396302319e-12, 1.31211578061e-12, 9.44036732467e-13, 3.47239950552e-13, 5.3984887307e-13, 3.53056749417e-13, 2.06675212426e-13, 2.84983381294e-13, 2.91265655258e-13, 3.42709232303e-13, 1.24688399796e-13, 2.09112021183e-14, 3.92367853431e-15, 6.0971512068e-16, 6.56417764535e-16, 2.35355515933e-16, 3.21601990537e-18, 4.12618595239e-20], [1.84175421074e-19, 1.30466091998e-15, 1.96023837489e-14, 4.56493261974e-14, 5.76214897736e-14, 5.7567537163e-14, 5.62941674612e-13, 1.70902213822e-12, 7.42951360155e-12, 1.15186150548e-11, 1.36557345293e-11, 1.02364436372e-11, 3.43994689504e-12, 5.51224951101e-12, 3.35967365039e-12, 1.63048220758e-12, 2.52487505729e-12, 2.57302751154e-12, 3.43856605516e-12, 1.14625897749e-12, 1.96788548998e-13, 3.32766820555e-14, 5.36072159834e-15, 6.13614934485e-15, 1.72965451318e-15, 2.4172879366e-17, 2.53595222739e-19], [4.07835455659e-19, 2.82859558835e-15, 4.56518910131e-14, 1.33332364247e-13, 2.02819911473e-13, 1.75392672933e-13, 1.70902213822e-12, 6.5983420984e-12, 3.0475195284e-11, 4.89867174602e-11, 5.81455335269e-11, 4.25530236048e-11, 1.50198430082e-11, 2.3884508954e-11, 1.37623714508e-11, 7.08192315554e-12, 1.04761416556e-11, 1.09269520515e-11, 1.42927909091e-11, 4.74372928091e-12, 8.07835406642e-13, 1.38140082598e-13, 2.11153438349e-14, 2.66523677179e-14, 7.81983442707e-15, 1.07131575733e-16, 1.09558717624e-18], [1.42748771016e-18, 1.06414798983e-14, 1.7446779427e-13, 5.61026214634e-13, 8.99717203951e-13, 7.40902944465e-13, 7.42951360155e-12, 3.0475195284e-11, 1.47240442061e-10, 2.3516760761e-10, 2.75772238378e-10, 2.01681893408e-10, 7.23719625895e-11, 1.14245446436e-10, 6.39188493801e-11, 3.33729467672e-11, 4.8831730326e-11, 5.13882478237e-11, 6.69887617599e-11, 2.23002536576e-11, 3.73236381038e-12, 6.35952065748e-13, 9.51569213508e-14, 1.25909821306e-13, 3.61129989844e-14, 4.89242789263e-16, 4.87238911142e-18], [1.72295197208e-18, 1.16713144141e-14, 2.10564381144e-13, 7.98681433489e-13, 1.45580953976e-12, 1.16396302319e-12, 1.15186150548e-11, 4.89867174602e-11, 2.3516760761e-10, 3.88232446191e-10, 4.64707827774e-10, 3.368512691e-10, 1.15792146704e-10, 1.85652396234e-10, 1.08064085458e-10, 5.38701513952e-11, 8.09773845201e-11, 8.55491649743e-11, 1.1265884059e-10, 3.74678378601e-11, 6.06207705561e-12, 1.04254788396e-12, 1.52123187094e-13, 2.08563662217e-13, 6.2345019826e-14, 8.59551141303e-16, 8.79194308497e-18], [1.23628749651e-18, 8.96293672961e-15, 1.87424687857e-13, 8.72363542081e-13, 1.77699424186e-12, 1.31211578061e-12, 1.36557345293e-11, 5.81455335269e-11, 2.75772238378e-10, 4.64707827774e-10, 5.94093940709e-10, 4.37808289622e-10, 1.35861474848e-10, 2.2685407719e-10, 1.36169228671e-10, 5.79271873524e-11, 9.30600388416e-11, 1.00025820959e-10, 1.4476267407e-10, 4.53575371706e-11, 7.42932798614e-12, 1.2428224682e-12, 1.84893306178e-13, 2.54238687394e-13, 6.61736494051e-14, 9.55533844391e-16, 9.61839412422e-18], [8.95616263159e-19, 7.30070402733e-15, 1.46799402061e-13, 6.51990343225e-13, 1.30254249227e-12, 9.44036732467e-13, 1.02364436372e-11, 4.25530236048e-11, 2.01681893408e-10, 3.368512691e-10, 4.37808289622e-10, 3.26827342967e-10, 9.92534249233e-11, 1.66779062782e-10, 9.92283755163e-11, 3.96892033128e-11, 6.57628465572e-11, 7.11556369382e-11, 1.06852741932e-10, 3.26914918747e-11, 5.43596938296e-12, 8.9037897064e-13, 1.34783785695e-13, 1.83229232026e-13, 4.31420476871e-14, 6.39088264528e-16, 6.26325195239e-18], [3.9604213487e-19, 2.73912434516e-15, 5.20204776336e-14, 2.15455488194e-13, 3.87848363452e-13, 3.47239950552e-13, 3.43994689504e-12, 1.50198430082e-11, 7.23719625895e-11, 1.15792146704e-10, 1.35861474848e-10, 9.92534249233e-11, 3.86391231511e-11, 5.98270183394e-11, 3.06741333722e-11, 1.73333465636e-11, 2.35032531631e-11, 2.55389702442e-11, 3.30699981288e-11, 1.07646730071e-11, 1.92946418391e-12, 3.2550500381e-13, 5.04564008034e-14, 6.433888795e-14, 1.76895868423e-14, 2.33081497167e-16, 2.10042622864e-18], [5.0650771128e-19, 3.77561802217e-15, 7.66757737489e-14, 3.43619718183e-13, 6.51026704334e-13, 5.3984887307e-13, 5.51224951101e-12, 2.3884508954e-11, 1.14245446436e-10, 1.85652396234e-10, 2.2685407719e-10, 1.66779062782e-10, 5.98270183394e-11, 9.57523435541e-11, 5.16357928637e-11, 2.65305850206e-11, 3.82240211705e-11, 4.12077733047e-11, 5.56539120344e-11, 1.76644289474e-11, 3.1643630858e-12, 5.29139774531e-13, 8.36121875404e-14, 1.05504289387e-13, 2.78124674306e-14, 3.77459930623e-16, 3.38554746999e-18], [6.19249378542e-19, 3.72642700727e-15, 6.79972639067e-14, 2.54511310031e-13, 4.87277048138e-13, 3.53056749417e-13, 3.35967365039e-12, 1.37623714508e-11, 6.39188493801e-11, 1.08064085458e-10, 1.36169228671e-10, 9.92283755163e-11, 3.06741333722e-11, 5.16357928637e-11, 3.37599288802e-11, 1.55361903897e-11, 2.47473604109e-11, 2.59965573374e-11, 3.44396212937e-11, 1.12846051947e-11, 1.85658411388e-12, 3.2439448263e-13, 5.01740305119e-14, 6.32372301225e-14, 1.93537982136e-14, 2.80478946267e-16, 3.01584281752e-18], [4.85354479969e-19, 2.41012997218e-15, 4.04634415167e-14, 1.35354414851e-13, 2.28347993726e-13, 2.06675212426e-13, 1.63048220758e-12, 7.08192315554e-12, 3.33729467672e-11, 5.38701513952e-11, 5.79271873524e-11, 3.96892033128e-11, 1.73333465636e-11, 2.65305850206e-11, 1.55361903897e-11, 1.13315962516e-11, 1.36763499831e-11, 1.44930690713e-11, 1.51938930187e-11, 5.64871370165e-12, 1.01829590766e-12, 1.89059488551e-13, 3.16176358912e-14, 3.47506481327e-14, 1.35876646238e-14, 1.75193399432e-16, 1.93111807368e-18], [6.45893486458e-19, 3.4055940085e-15, 6.24874568864e-14, 2.05757530155e-13, 3.55257002201e-13, 2.84983381294e-13, 2.52487505729e-12, 1.04761416556e-11, 4.8831730326e-11, 8.09773845201e-11, 9.30600388416e-11, 6.57628465572e-11, 2.35032531631e-11, 3.82240211705e-11, 2.47473604109e-11, 1.36763499831e-11, 2.46581696034e-11, 2.34112035313e-11, 2.40535889817e-11, 8.7764413792e-12, 1.51036746044e-12, 2.74486840592e-13, 4.26398892865e-14, 4.9221806237e-14, 1.89794350619e-14, 2.74935803841e-16, 2.69166784033e-18], [5.70685604779e-19, 2.69845490523e-15, 5.19755306773e-14, 1.92475308153e-13, 3.62579351309e-13, 2.91265655258e-13, 2.57302751154e-12, 1.09269520515e-11, 5.13882478237e-11, 8.55491649743e-11, 1.00025820959e-10, 7.11556369382e-11, 2.55389702442e-11, 4.12077733047e-11, 2.59965573374e-11, 1.44930690713e-11, 2.34112035313e-11, 2.3704125468e-11, 2.58588567226e-11, 9.13434779204e-12, 1.56148596657e-12, 2.83412562082e-13, 4.46230000921e-14, 5.28387859996e-14, 1.91311911788e-14, 2.73576183612e-16, 2.75397191125e-18], [4.16116593415e-19, 2.53946999741e-15, 5.1384708256e-14, 2.2666593537e-13, 4.64673601246e-13, 3.42709232303e-13, 3.43856605516e-12, 1.42927909091e-11, 6.69887617599e-11, 1.1265884059e-10, 1.4476267407e-10, 1.06852741932e-10, 3.30699981288e-11, 5.56539120344e-11, 3.44396212937e-11, 1.51938930187e-11, 2.40535889817e-11, 2.58588567226e-11, 3.63047057694e-11, 1.1465143071e-11, 1.93764600719e-12, 3.27157111081e-13, 5.1712804774e-14, 6.52602429561e-14, 1.77864941878e-14, 2.59352224026e-16, 2.68011047281e-18], [2.18625878e-19, 1.15568000065e-15, 2.13213676586e-14, 8.15976111549e-14, 1.60650613363e-13, 1.24688399796e-13, 1.14625897749e-12, 4.74372928091e-12, 2.23002536576e-11, 3.74678378601e-11, 4.53575371706e-11, 3.26914918747e-11, 1.07646730071e-11, 1.76644289474e-11, 1.12846051947e-11, 5.64871370165e-12, 8.7764413792e-12, 9.13434779204e-12, 1.1465143071e-11, 3.91887520698e-12, 6.35567716078e-13, 1.11344601887e-13, 1.7183706579e-14, 2.14749432023e-14, 7.10488017432e-15, 1.01476664663e-16, 1.1141443529e-18], [3.87112384116e-20, 1.90789856795e-16, 3.57153263331e-15, 1.35669572094e-14, 2.4426300758e-14, 2.09112021183e-14, 1.96788548998e-13, 8.07835406642e-13, 3.73236381038e-12, 6.06207705561e-12, 7.42932798614e-12, 5.43596938296e-12, 1.92946418391e-12, 3.1643630858e-12, 1.85658411388e-12, 1.01829590766e-12, 1.51036746044e-12, 1.56148596657e-12, 1.93764600719e-12, 6.35567716078e-13, 1.22850284091e-13, 2.13345441031e-14, 3.78132067148e-15, 3.93263717828e-15, 1.21655922319e-15, 1.68649255969e-17, 1.71252455912e-19], [9.09907882655e-21, 3.83474546145e-17, 6.85717428274e-16, 2.45374708677e-15, 4.2070555244e-15, 3.92367853431e-15, 3.32766820555e-14, 1.38140082598e-13, 6.35952065748e-13, 1.04254788396e-12, 1.2428224682e-12, 8.9037897064e-13, 3.2550500381e-13, 5.29139774531e-13, 3.2439448263e-13, 1.89059488551e-13, 2.74486840592e-13, 2.83412562082e-13, 3.27157111081e-13, 1.11344601887e-13, 2.13345441031e-14, 3.99583642406e-15, 6.9552649332e-16, 7.14749482541e-16, 2.49105957631e-16, 3.37942199076e-18, 3.63748538467e-20], [1.7364280028e-21, 5.91540926992e-18, 1.04661164438e-16, 3.66974642118e-16, 6.04275369214e-16, 6.0971512068e-16, 5.36072159834e-15, 2.11153438349e-14, 9.51569213508e-14, 1.52123187094e-13, 1.84893306178e-13, 1.34783785695e-13, 5.04564008034e-14, 8.36121875404e-14, 5.01740305119e-14, 3.16176358912e-14, 4.26398892865e-14, 4.46230000921e-14, 5.1712804774e-14, 1.7183706579e-14, 3.78132067148e-15, 6.9552649332e-16, 1.40856324877e-16, 1.20697801e-16, 4.1346794972e-17, 5.56761932022e-19, 6.29287384912e-21], [1.13935122481e-21, 5.25620215641e-18, 1.03079489228e-16, 4.31084157145e-16, 8.03262255007e-16, 6.56417764535e-16, 6.13614934485e-15, 2.66523677179e-14, 1.25909821306e-13, 2.08563662217e-13, 2.54238687394e-13, 1.83229232026e-13, 6.433888795e-14, 1.05504289387e-13, 6.32372301225e-14, 3.47506481327e-14, 4.9221806237e-14, 5.28387859996e-14, 6.52602429561e-14, 2.14749432023e-14, 3.93263717828e-15, 7.14749482541e-16, 1.20697801e-16, 1.37080490226e-16, 4.38354472542e-17, 5.9331421611e-19, 6.10662775264e-21], [6.45098792879e-22, 2.07641834534e-18, 3.89662518872e-17, 1.40246289102e-16, 2.5517714569e-16, 2.35355515933e-16, 1.72965451318e-15, 7.81983442707e-15, 3.61129989844e-14, 6.2345019826e-14, 6.61736494051e-14, 4.31420476871e-14, 1.76895868423e-14, 2.78124674306e-14, 1.93537982136e-14, 1.35876646238e-14, 1.89794350619e-14, 1.91311911788e-14, 1.77864941878e-14, 7.10488017432e-15, 1.21655922319e-15, 2.49105957631e-16, 4.1346794972e-17, 4.38354472542e-17, 2.09597475617e-17, 2.81149332726e-19, 3.3190335312e-21], [9.16345718442e-24, 2.55284997634e-20, 5.13673576926e-19, 1.93249491581e-18, 3.83626557126e-18, 3.21601990537e-18, 2.4172879366e-17, 1.07131575733e-16, 4.89242789263e-16, 8.59551141303e-16, 9.55533844391e-16, 6.39088264528e-16, 2.33081497167e-16, 3.77459930623e-16, 2.80478946267e-16, 1.75193399432e-16, 2.74935803841e-16, 2.73576183612e-16, 2.59352224026e-16, 1.01476664663e-16, 1.68649255969e-17, 3.37942199076e-18, 5.56761932022e-19, 5.9331421611e-19, 2.81149332726e-19, 4.00488500466e-21, 4.82343573134e-23], [2.0709916041e-25, 3.57172085051e-22, 6.22109210107e-21, 2.1891738808e-20, 4.48141478904e-20, 4.12618595239e-20, 2.53595222739e-19, 1.09558717624e-18, 4.87238911142e-18, 8.79194308497e-18, 9.61839412422e-18, 6.26325195239e-18, 2.10042622864e-18, 3.38554746999e-18, 3.01584281752e-18, 1.93111807368e-18, 2.69166784033e-18, 2.75397191125e-18, 2.68011047281e-18, 1.1141443529e-18, 1.71252455912e-19, 3.63748538467e-20, 6.29287384912e-21, 6.10662775264e-21, 3.3190335312e-21, 4.82343573134e-23, 8.74923362006e-25]]
    },
    "mfcc": {
        "kurt": [24.5212135315, 17.7256336212, 21.6048431396, 10.4875097275, 18.4734306335, 9.96539306641, 7.33172130585, 15.7651748657, 18.6869354248, 10.1657171249, 12.6948127747, 10.3937168121, 12.2660131454],
        "max": [-771.747497559, 128.385070801, 8.85046386719, 16.2676887512, 3.51893615723, 2.08075714111, 17.8046760559, 18.103143692, 14.0027275085, 12.8458652496, 16.4216880798, 15.2819213867, 17.2262306213],
        "mean": [-1127.22729492, 5.39037466049, -4.66437768936, -2.38512444496, -2.13697576523, -3.14024996758, -1.71947205067, -0.867886006832, -0.173318132758, 0.676807582378, 1.07464456558, 1.00286972523, 0.743817746639],
        "median": [-1138.42004395, 1.14440917969e-05, -6.103515625e-05, 8.01086425781e-05, -6.103515625e-05, 2.28881835938e-05, -2.67028808594e-05, -5.34057617188e-05, -4.57763671875e-05, -2.28881835938e-05, -2.67028808594e-05, -3.0517578125e-05, -3.81469726562e-05],
        "min": [-1138.42004395, 1.14440917969e-05, -147.723983765, -50.3676834106, -54.2920913696, -49.6077079773, -26.7116165161, -24.9200744629, -18.0992279053, -8.12763977051, -26.798582077, -21.5860519409, -16.5199432373],
        "skew": [4.68740367889, 3.93920922279, -4.53905153275, -3.2323346138, -3.75731539726, -3.1611392498, -2.36318421364, -2.74690127373, -1.89847445488, 2.74552941322, 1.28396952152, 1.2484664917, 1.38717365265],
        "var": [1539.48583984, 241.07598877, 382.743713379, 48.0883674622, 30.867433548, 65.7684860229, 19.4380130768, 8.58545875549, 5.66351890564, 4.3055229187, 8.86758995056, 8.41161823273, 6.31829690933],
        "cov": [[1540.74572754, 574.15020752, -747.502441406, -197.141830444, -179.27053833, -279.06842041, -66.5444717407, -46.0286521912, -19.2916660309, 25.0111579895, 28.7297306061, 16.3959560394, 11.0254364014], [574.15020752, 241.273269653, -262.91998291, -89.5734100342, -73.5504608154, -117.780830383, -38.5106430054, -20.7264595032, -8.5414390564, 14.3973712921, 17.9306602478, 13.6136054993, 10.3990573883], [-747.502441406, -262.91998291, 383.056915283, 94.7529449463, 80.9505310059, 130.639602661, 26.6864891052, 20.1808166504, 11.0616130829, -9.20617961884, -12.092335701, -5.98488235474, -4.55606937408], [-197.141830444, -89.5734100342, 94.7529449463, 48.1277198792, 31.2286052704, 46.092666626, 20.039232254, 7.28743362427, 3.32592844963, -7.43431377411, -12.7951812744, -10.262629509, -8.06058883667], [-179.27053833, -73.5504608154, 80.9505310059, 31.2286052704, 30.8926925659, 38.9396209717, 14.1666049957, 7.04658746719, 0.274372309446, -6.48634958267, -8.93743133545, -6.94142246246, -4.37706327438], [-279.06842041, -117.780830383, 130.639602661, 46.092666626, 38.9396209717, 65.822303772, 25.4876041412, 13.0534553528, 5.71349525452, -8.83565425873, -12.9149303436, -11.2760057449, -9.02150726318], [-66.5444717407, -38.5106430054, 26.6864891052, 20.039232254, 14.1666049957, 25.4876041412, 19.453918457, 9.30792045593, 3.00049877167, -5.34289073944, -10.2812175751, -10.1819047928, -8.10444545746], [-46.0286521912, -20.7264595032, 20.1808166504, 7.28743362427, 7.04658746719, 13.0534553528, 9.30792045593, 8.59248447418, 3.98620390892, -2.02154493332, -4.19934225082, -4.90009689331, -3.91344404221], [-19.2916660309, -8.5414390564, 11.0616130829, 3.32592844963, 0.274372309446, 5.71349525452, 3.00049877167, 3.98620390892, 5.66815328598, 1.12956738472, -1.15818703175, -1.67671644688, -2.09964466095], [25.0111579895, 14.3973712921, -9.20617961884, -7.43431377411, -6.48634958267, -8.83565425873, -5.34289073944, -2.02154493332, 1.12956738472, 4.30904626846, 4.4067697525, 3.25598430634, 2.09647274017], [28.7297306061, 17.9306602478, -12.092335701, -12.7951812744, -8.93743133545, -12.9149303436, -10.2812175751, -4.19934225082, -1.15818703175, 4.4067697525, 8.87484645844, 7.39117002487, 4.60609197617], [16.3959560394, 13.6136054993, -5.98488235474, -10.262629509, -6.94142246246, -11.2760057449, -10.1819047928, -4.90009689331, -1.67671644688, 3.25598430634, 7.39117002487, 8.41850185394, 5.90284729004], [11.0254364014, 10.3990573883, -4.55606937408, -8.06058883667, -4.37706327438, -9.02150726318, -8.10444545746, -3.91344404221, -2.09964466095, 2.09647274017, 4.60609197617, 5.90284729004, 6.32346725464]]
    },
    "sccoeffs": {
        "kurt": [0.87278342247, 2.69286298752, 1.14073038101, 2.54387998581, -0.214408397675, 2.87735176086],
        "max": [-0.57609796524, -0.71299380064, -0.80462962389, -0.805606544018, -0.761133313179, -0.783225655556],
        "mean": [-0.762444555759, -0.88746792078, -0.911227524281, -0.913125872612, -0.897649168968, -0.894760727882],
        "median": [-0.76377928257, -0.892219662666, -0.914223253727, -0.917048513889, -0.909135043621, -0.90733987093],
        "min": [-0.997893631458, -0.991011083126, -0.97294062376, -0.961383938789, -0.962842166424, -0.965237557888],
        "skew": [0.185279920697, 1.00473034382, 0.705555737019, 1.25893688202, 0.805170536041, 2.00542235374],
        "var": [0.00225545139983, 0.00103700056206, 0.000430883985246, 0.000344433297869, 0.000860470579937, 0.00104452425148],
        "cov": [[0.00225729704835, 0.00032178251422, 0.000193800777197, 6.30453796475e-05, 0.000149713479914, 0.000143513039802], [0.00032178251422, 0.00103784911335, 0.00014610242215, 0.000219179622945, 0.000326101842802, 0.000478924397612], [0.000193800777197, 0.00014610242215, 0.000431236578152, 0.000129612410092, 0.000251421064604, 0.000272347038845], [6.30453796475e-05, 0.000219179622945, 0.000129612410092, 0.000344715168467, 0.000315644283546, 0.00037599663483], [0.000149713479914, 0.000326101842802, 0.000251421064604, 0.000315644283546, 0.000861174718011, 0.000613606418483], [0.000143513039802, 0.000478924397612, 0.000272347038845, 0.00037599663483, 0.000613606418483, 0.00104537908919]]
    },
    "scvalleys": {
        "kurt": [23.1194000244, 10.1763105392, 4.95815563202, 3.48803758621, 9.2678527832, 37.9435882568],
        "max": [-9.6108751297, -7.46983289719, -4.8360414505, -6.28145980835, -7.07263612747, -10.6968040466],
        "mean": [-14.826294899, -12.4163188934, -13.1149072647, -13.6643247604, -13.991189003, -15.8420791626],
        "median": [-14.8874673843, -12.95291996, -13.9034938812, -14.5956287384, -14.5952539444, -16.0246334076],
        "min": [-27.58735466, -27.2069644928, -27.0532188416, -27.3502254486, -27.1057167053, -27.0515213013],
        "skew": [-0.763778150082, 0.108048141003, 0.933507978916, 0.975796341896, 1.28780329227, 1.15513908863],
        "var": [1.01119959354, 1.9913867712, 2.99365496635, 3.42107200623, 2.12901186943, 0.72001183033],
        "cov": [[1.01202714443, 1.04803931713, 1.28198766708, 1.3281648159, 1.07069289684, 0.578075051308], [1.04803931713, 1.99301636219, 2.329621315, 2.49461150169, 1.87430119514, 0.855263888836], [1.28198766708, 2.329621315, 2.99610471725, 3.13875365257, 2.36326742172, 1.08736312389], [1.3281648159, 2.49461150169, 3.13875365257, 3.4238717556, 2.56200122833, 1.1529263258], [1.07069289684, 1.87430119514, 2.36326742172, 2.56200122833, 2.13075399399, 1.05629909039], [0.578075051308, 0.855263888836, 1.08736312389, 1.1529263258, 1.05629909039, 0.720601022243]]
    }
},
"rhythm": {
    "beats_loudness": {
        "kurt": 19.607755661,
        "max": 0.000136808448588,
        "mean": 5.45378452443e-06,
        "median": 2.32046848403e-09,
        "min": 3.49414941425e-10,
        "skew": 4.54066991806,
        "var": 5.54778833983e-10
    },
    "bpm": 143.771347046,
    "confidence": 0.392202198505,
    "first_peak_bpm": {
        "kurt": 0,
        "max": 144,
        "mean": 144,
        "median": 144,
        "min": 144,
        "skew": 0,
        "var": 0
    },
    "first_peak_spread": {
        "kurt": 0,
        "max": 0.318181753159,
        "mean": 0.318181753159,
        "median": 0.318181753159,
        "min": 0.318181753159,
        "skew": 0,
        "var": 0
    },
    "first_peak_weight": {
        "kurt": 0,
        "max": 0.24590164423,
        "mean": 0.24590164423,
        "median": 0.24590164423,
        "min": 0.24590164423,
        "skew": 0,
        "var": 0
    },
    "onset_rate": 0.176352456212,
    "second_peak_bpm": {
        "kurt": 0,
        "max": 136,
        "mean": 136,
        "median": 136,
        "min": 136,
        "skew": 0,
        "var": 0
    },
    "second_peak_spread": {
        "kurt": 0,
        "max": 0,
        "mean": 0,
        "median": 0,
        "min": 0,
        "skew": 0,
        "var": 0
    },
    "second_peak_weight": {
        "kurt": 0,
        "max": 0.180327862501,
        "mean": 0.180327862501,
        "median": 0.180327862501,
        "min": 0.180327862501,
        "skew": 0,
        "var": 0
    },
    "beats_loudness_band_ratio": {
        "kurt": [3.78420829773, -0.96812582016, 0.536256551743, 0.358526706696, 2.26660919189, 8.29289054871],
        "max": [0.37957200408, 0.92870593071, 0.802083194256, 0.427605777979, 0.58281069994, 0.759904623032],
        "mean": [0.062650308013, 0.342163443565, 0.279494732618, 0.122533939779, 0.132053747773, 0.116019003093],
        "median": [0.0326261855662, 0.31752127409, 0.226736366749, 0.0906109660864, 0.0832410231233, 0.0698771774769],
        "min": [0.000167391015566, 0.000673851114698, 0.0340754576027, 0.00229825056158, 0.00200921483338, 0.00344251142815],
        "skew": [1.87954223156, 0.411086589098, 1.00939464569, 1.09680140018, 1.6106710434, 2.88187527657],
        "var": [0.00592054892331, 0.0675191581249, 0.0337197072804, 0.0122494483367, 0.0177467819303, 0.0244581848383],
        "cov": [[0.00601760717109, 0.00772361271083, -0.00368173746392, -0.00287054805085, -0.00371665158309, -0.000531567959115], [0.00772361271083, 0.0686260312796, -0.0240324400365, -0.0206988938153, -0.0232891477644, -0.00599545519799], [-0.00368173746392, -0.0240324400365, 0.0342724919319, 0.00461146049201, 8.15945168142e-05, -0.0112007688731], [-0.00287054805085, -0.0206988938153, 0.00461146049201, 0.0124502591789, 0.0109990146011, -0.00512237893417], [-0.00371665158309, -0.0232891477644, 8.15945168142e-05, 0.0109990146011, 0.0180377122015, -0.00332218478434], [-0.000531567959115, -0.00599545519799, -0.0112007688731, -0.00512237893417, -0.00332218478434, 0.0248591396958]]
    },
    "beats_position": [0.383129239082, 0.743038535118, 1.13777780533, 1.50929701328, 1.92725622654, 2.32199549675, 2.71673464775, 3.13469386101, 3.59909296036, 4.04027223587, 4.45823097229, 4.87619018555, 5.31736946106, 5.79337835312, 6.19972801208, 6.64090681076, 7.05886602402, 7.59292507172, 8.15020370483, 8.73070240021, 9.31120204926, 9.85687065125, 10.4257593155, 10.95981884, 11.4590473175, 12.051156044, 12.6548748016, 13.2121543884, 13.6765527725, 14.1641721725, 14.6517915726, 15.0929698944, 15.5341491699, 15.9521083832, 16.3700675964, 16.7880268097, 17.2292060852, 17.6471652985, 18.0186843872, 18.4134235382, 18.8313827515, 19.2029018402, 19.6324710846, 20.0388202667, 20.4335594177, 20.8747386932, 21.2926979065, 21.6758270264, 22.0821762085, 22.5581855774, 22.9993648529, 23.4985942841, 23.9397735596, 24.3577327728, 24.7756919861, 25.1936511993, 25.6348285675, 26.0643978119, 26.470746994, 26.8887062073, 27.3182754517, 27.7594547272],
    "bpm_estimates": [143.554672241, 143.554672241, 143.554840088, 143.554672241, 147.656082153, 143.554672241, 143.554672241, 143.554672241, 143.554672241, 143.554672241, 143.554672241, 139.674804688, 147.656265259, 143.554672241, 147.656265259, 143.554672241, 143.554672241, 143.554672241, 139.674804688, 147.656265259, 143.554672241, 139.674804688],
    "bpm_intervals": [0.359909296036, 0.39473927021, 0.371519207954, 0.417959213257, 0.39473927021, 0.394739151001, 0.417959213257, 0.46439909935, 0.441179275513, 0.41795873642, 0.417959213257, 0.441179275513, 0.476008892059, 0.406349658966, 0.441178798676, 0.417959213257, 0.534059047699, 0.557278633118, 0.580498695374, 0.580499649048, 0.54566860199, 0.568888664246, 0.534059524536, 0.499228477478, 0.592108726501, 0.603718757629, 0.557279586792, 0.464398384094, 0.487619400024, 0.487619400024, 0.441178321838, 0.441179275513, 0.417959213257, 0.417959213257, 0.417959213257, 0.441179275513, 0.417959213257, 0.371519088745, 0.394739151001, 0.417959213257, 0.371519088745, 0.429569244385, 0.406349182129, 0.394739151001, 0.441179275513, 0.417959213257, 0.383129119873, 0.406349182129, 0.476009368896, 0.441179275513, 0.499229431152, 0.441179275513, 0.417959213257, 0.417959213257, 0.417959213257, 0.441177368164, 0.429569244385, 0.406349182129, 0.417959213257, 0.429569244385, 0.441179275513],
    "onset_times": [0.754648506641, 5.83981847763, 10.4489793777, 15.4644899368, 15.5689792633],
    "histogram": [[0, 0, 0, 0, 0, 0, 0, 0, 0, 0, 0, 0, 0, 0, 0, 0, 0, 0, 0, 0, 0, 0, 0, 0, 0, 0, 0, 0, 0, 0, 0, 0, 0, 0, 0, 0, 0, 0, 0, 0, 0, 0, 0, 0, 0, 0, 0, 0, 0, 0, 0, 0, 0, 0, 0, 0, 0, 0, 0, 0, 0, 0, 0, 0, 0, 0, 0, 0, 0, 0, 0, 0, 0, 0, 0, 0, 0, 0, 0, 0, 0, 0, 0, 0, 0, 0, 0, 0, 0, 0, 0, 0, 0, 0, 0, 0, 0, 0, 0, 0.0163934417069, 0, 0.0163934417069, 0, 0.0327868834138, 0, 0.0163934417069, 0, 0, 0.0327868834138, 0, 0.0163934417069, 0, 0.0327868834138, 0, 0, 0, 0, 0, 0, 0, 0.0327868834138, 0, 0, 0.0327868834138, 0, 0, 0.0327868834138, 0, 0, 0.0327868834138, 0, 0, 0, 0, 0, 0, 0.180327862501, 0, 0, 0, 0.049180328846, 0, 0, 0, 0.24590164423, 0, 0, 0, 0.0655737668276, 0, 0, 0, 0.0819672122598, 0, 0, 0, 0, 0.0163934417069, 0, 0, 0, 0.049180328846, 0, 0, 0, 0, 0, 0.0163934417069, 0, 0, 0, 0, 0, 0, 0, 0, 0, 0, 0, 0, 0, 0, 0, 0, 0, 0, 0, 0, 0, 0, 0, 0, 0, 0, 0, 0, 0, 0, 0, 0, 0, 0, 0, 0, 0, 0, 0, 0, 0, 0, 0, 0, 0, 0, 0, 0, 0, 0, 0, 0, 0, 0, 0, 0, 0, 0, 0, 0, 0, 0, 0, 0, 0, 0, 0, 0, 0, 0, 0, 0, 0, 0, 0, 0, 0, 0, 0, 0, 0, 0]]
},
"sfx": {
    "inharmonicity": {
        "kurt": 1.69474363327,
        "max": 0.422801315784,
        "mean": 0.0790792778134,
        "median": 0.0521831922233,
        "min": 0,
        "skew": 1.46274518967,
        "var": 0.00684413081035
    },
    "oddtoevenharmonicenergyratio": {
        "kurt": 19.3432483673,
        "max": 8.38345146179,
        "mean": 0.617368221283,
        "median": 0.296535342932,
        "min": 0,
        "skew": 3.65169429779,
        "var": 0.826503753662
    },
    "pitch_after_max_to_before_max_energy_ratio": 0.314924746752,
    "pitch_centroid": 693.595703125,
    "pitch_max_to_total": 0.834014713764,
    "pitch_min_to_total": 0.304170072079,
    "tristimulus": {
        "kurt": [0.319442987442, -0.109011650085, 0.183844804764],
        "max": [1, 0.883844673634, 1],
        "mean": [0.371913641691, 0.295349001884, 0.332737773657],
        "median": [0.338003605604, 0.294550418854, 0.34900021553],
        "min": [0, 0, 0],
        "skew": [0.946576476097, 0.18558883667, 0.241594657302],
        "var": [0.0810715034604, 0.0309295840561, 0.0405329093337],
        "cov": [[0.0811378508806, -0.0357633531094, -0.0453744865954], [-0.0357633531094, 0.0309548955411, 0.00480837654322], [-0.0453744865954, 0.00480837654322, 0.0405660793185]]
    }
},
"tonal": {
    "chords_changes_rate": 0.186274513602,
    "chords_number_rate": 0.026143791154,
    "chords_strength": {
        "kurt": 0.250070810318,
        "max": 0.625088453293,
        "mean": 0.36225232482,
        "median": 0.357356548309,
        "min": 0.207844436169,
        "skew": 0.774150013924,
        "var": 0.00763778109103
    },
    "key_strength": 0.271297901869,
    "tuning_diatonic_strength": 0.205609455705,
    "tuning_equal_tempered_deviation": 0.228762894869,
