{
"metadata": {
    "version": {
        "essentia": "2.1-beta3"
    }
},
"lowLevel": {
    "average_loudness": 0.88777256012,
    "barkbands_kurtosis": {
        "kurt": 0.730134010315,
        "max": 20.1798744202,
        "mean": 3.23221635818,
        "median": 0.77526807785,
        "min": -1.67089605331,
        "skew": 1.34213578701,
        "var": 26.5124950409
    },
    "barkbands_skewness": {
        "kurt": -0.150470495224,
        "max": 2.46079301834,
        "mean": -0.849808812141,
        "median": -0.684152245522,
        "min": -3.65027856827,
        "skew": -0.212821483612,
        "var": 1.13341343403
    },
    "barkbands_spread": {
        "kurt": 0.76668548584,
        "max": 61.1663246155,
        "mean": 14.9809494019,
        "median": 8.64825439453,
        "min": 2.05434536934,
        "skew": 1.47493720055,
        "var": 221.653549194
    },
    "dissonance": {
        "kurt": 109.146720886,
        "max": 0.499998211861,
        "mean": 0.493867218494,
        "median": 0.498001903296,
        "min": 0.308082640171,
        "skew": -8.57150745392,
        "var": 0.000167877136846
    },
    "hfc": {
        "kurt": 39.0181236267,
        "max": 816.404846191,
        "mean": 19.737154007,
        "median": 0.0139579903334,
        "min": 7.84712392488e-06,
        "skew": 6.18970584869,
        "var": 10369.3759766
    },
    "pitch": {
        "kurt": -1.65404880047,
        "max": 4695.12402344,
        "mean": 2367.59179688,
        "median": 2976.11401367,
        "min": 82.3722915649,
        "skew": -0.194851130247,
        "var": 2570047.5
    },
    "pitch_instantaneous_confidence": {
        "kurt": -0.579480409622,
        "max": 0.604759573936,
        "mean": 0.296922624111,
        "median": 0.26107198,
        "min": 0.125724077225,
        "skew": 0.734420776367,
        "var": 0.0133181568235
    },
    "pitch_salience": {
        "kurt": 7.87438774109,
        "max": 0.911484003067,
        "mean": 0.785260736942,
        "median": 0.797751009464,
        "min": 0.413513183594,
        "skew": -2.28408002853,
        "var": 0.00375263323076
    },
    "silence_rate_20dB": {
        "kurt": 0,
        "max": 1,
        "mean": 1,
        "median": 1,
        "min": 1,
        "skew": 0,
        "var": 0
    },
    "silence_rate_30dB": {
        "kurt": 43.8956222534,
        "max": 1,
        "mean": 0.979539632797,
        "median": 1,
        "min": 0,
        "skew": -6.77463197708,
        "var": 0.0200417563319
    },
    "silence_rate_60dB": {
        "kurt": 8.11648082733,
        "max": 1,
        "mean": 0.923273682594,
        "median": 1,
        "min": 0,
        "skew": -3.18064284325,
        "var": 0.0708392038941
    },
    "spectral_centroid": {
        "kurt": -0.929587125778,
        "max": 4539.47802734,
        "mean": 2662.95654297,
        "median": 2714.04760742,
        "min": 429.577026367,
        "skew": -0.00736566446722,
        "var": 951420.125
    },
    "spectral_complexity": {
        "kurt": 15.4344177246,
        "max": 59,
        "mean": 2.83631706238,
        "median": 0,
        "min": 0,
        "skew": 3.95318102837,
        "var": 99.1034622192
    },
    "spectral_crest": {
        "kurt": 2.26774024963,
        "max": 16.9994239807,
        "mean": 6.18749856949,
        "median": 5.87193202972,
        "min": 2.67211699486,
        "skew": 1.00575149059,
        "var": 4.18009853363
    },
    "spectral_decrease": {
        "kurt": 34.204662323,
        "max": -8.2287662639e-16,
        "mean": -8.42112379829e-10,
        "median": -9.79073050932e-13,
        "min": -3.08611909361e-08,
        "skew": -5.82505273819,
        "var": 1.74251717171e-17
    },
    "spectral_energy": {
        "kurt": 35.7539100647,
        "max": 0.186987921596,
        "mean": 0.00496854027733,
        "median": 5.03590490553e-06,
        "min": 3.8174676753e-09,
        "skew": 5.94178724289,
        "var": 0.000619542086497
    },
    "spectral_energyband_high": {
        "kurt": 42.2979888916,
        "max": 0.129699185491,
        "mean": 0.00279152998701,
        "median": 8.02597526217e-07,
        "min": 4.32505004033e-10,
        "skew": 6.40122842789,
        "var": 0.000216366111999
    },
    "spectral_energyband_low": {
        "kurt": 102.232528687,
        "max": 0.00244014314376,
        "mean": 2.52408499364e-05,
        "median": 6.45979758573e-09,
        "min": 1.03137194965e-11,
        "skew": 9.51622962952,
        "var": 3.34285559234e-08
    },
    "spectral_energyband_middle_high": {
        "kurt": 36.5495262146,
        "max": 0.0706938132644,
        "mean": 0.00184472871479,
        "median": 4.20523292632e-06,
        "min": 1.84800719172e-09,
        "skew": 6.00803899765,
        "var": 8.60488071339e-05
    },
    "spectral_energyband_middle_low": {
        "kurt": 94.1764221191,
        "max": 0.0318132415414,
        "mean": 0.000350151996827,
        "median": 4.21380121907e-08,
        "min": 2.48051301721e-10,
        "skew": 9.39486980438,
        "var": 6.96769620845e-06
    },
    "spectral_flatness_db": {
        "kurt": -0.98587012291,
        "max": 0.330666750669,
        "mean": 0.185389757156,
        "median": 0.204521596432,
        "min": 0.061468090862,
        "skew": -0.349520504475,
        "var": 0.00435917731375
    },
    "spectral_flux": {
        "kurt": 13.8518276215,
        "max": 0.384876579046,
        "mean": 0.0217707268894,
        "median": 0.00164625153411,
        "min": 4.79066220578e-05,
        "skew": 3.82672548294,
        "var": 0.00436883699149
    },
    "spectral_kurtosis": {
        "kurt": 6.05846500397,
        "max": 22.7797641754,
        "mean": 4.93580961227,
        "median": 4.01589107513,
        "min": 1.50592851639,
        "skew": 1.84123516083,
        "var": 6.39509820938
    },
    "spectral_rms": {
        "kurt": 22.0272579193,
        "max": 0.0135065633804,
        "mean": 0.000655274256133,
        "median": 7.00933524058e-05,
        "min": 1.92985976355e-06,
        "skew": 4.64774608612,
        "var": 4.41797283202e-06
    },
    "spectral_rolloff": {
        "kurt": 0.0222210884094,
        "max": 5577.09960938,
        "mean": 3901.64135742,
        "median": 3811.37695312,
        "min": 236.865234375,
        "skew": -0.20557937026,
        "var": 753387.5625
    },
    "spectral_skewness": {
        "kurt": 2.16878700256,
        "max": 3.92410063744,
        "mean": 1.41599941254,
        "median": 1.29103982449,
        "min": 0.693812072277,
        "skew": 1.22900545597,
        "var": 0.202711954713
    },
    "spectral_spread": {
        "kurt": 2.92859077454,
        "max": 14936273,
        "mean": 3925637,
        "median": 3249009.5,
        "min": 1865798,
        "skew": 1.53929376602,
        "var": 3.43680168755e+12
    },
    "spectral_strongpeak": {
        "kurt": 39.6128730774,
        "max": 15.2901496887,
        "mean": 0.437332451344,
        "median": 0.0290159732103,
        "min": 3.74977207684e-05,
        "skew": 5.89587163925,
        "var": 2.52661705017
    },
    "zerocrossingrate": {
        "kurt": -0.96538567543,
        "max": 0.20947265625,
        "mean": 0.134322300553,
        "median": 0.134765625,
        "min": 0.02099609375,
        "skew": 0.0878732651472,
        "var": 0.00147304497659
    },
    "barkbands": {
        "kurt": [125.125289917, 129.232925415, 137.179855347, 83.2396621704, 105.673408508, 104.175857544, 91.2087783813, 83.0795440674, 53.6379623413, 80.0902633667, 43.5352592468, 44.7938270569, 85.5043487549, 41.4395713806, 66.0633163452, 46.4116516113, 57.0579414368, 46.6878089905, 44.2869338989, 41.8835716248, 49.0906257629, 38.2770271301, 38.4448051453, 43.4954299927, 30.8219184875, 35.156085968, 43.2347183228],
        "max": [0.000104681959783, 0.000847783288918, 0.000977495452389, 0.00163919501938, 0.0111047979444, 0.00977575406432, 0.00492619955912, 0.00160574133042, 0.00214285543188, 0.003216851037, 0.00147235428449, 0.00105374504346, 0.00120632664766, 0.00102658791002, 0.00164436083287, 0.00239816890098, 0.00687937997282, 0.0158856045455, 0.0280002821237, 0.0548132658005, 0.0741607993841, 0.0281156413257, 0.00284420279786, 0.00131092406809, 0.00028686504811, 2.99180592265e-05, 4.75148567602e-07],
        "mean": [9.80646973403e-07, 7.81875496614e-06, 8.35402352095e-06, 1.90517512237e-05, 0.000110119755846, 9.53082490014e-05, 5.60639236937e-05, 2.12355480471e-05, 3.53069262928e-05, 4.07755796914e-05, 2.75567053905e-05, 2.14068022615e-05, 1.69584618561e-05, 2.20647398237e-05, 2.67849354714e-05, 4.91214814247e-05, 0.000128921645228, 0.000335660704877, 0.000639833742753, 0.00111825461499, 0.0014190399088, 0.000666417647153, 6.50344154565e-05, 2.73157274933e-05, 8.42155350256e-06, 7.31134605303e-07, 9.93911619673e-09],
        "median": [5.41561448464e-11, 1.06514153053e-09, 2.68384892088e-09, 2.61423682701e-09, 3.89741305895e-09, 2.73642486448e-09, 1.72231551243e-09, 2.21992713101e-09, 8.1025604004e-09, 2.94353661445e-08, 5.72143399324e-08, 8.81056081425e-08, 8.61211972847e-08, 1.59965139801e-07, 2.52550989899e-07, 4.66972494451e-07, 5.42844134088e-07, 5.76064678626e-07, 7.70995939092e-07, 4.71885670095e-07, 4.46668025234e-07, 1.28304648683e-07, 9.11667275005e-09, 2.40717268341e-09, 1.64197905272e-10, 2.5170304209e-12, 1.32413895929e-13],
        "min": [9.90481785132e-13, 4.58734352587e-12, 2.6993706749e-12, 2.40635462945e-12, 7.05908335258e-12, 1.10775104367e-11, 2.95164001747e-12, 7.71315129822e-12, 9.59818613477e-11, 1.15247160773e-11, 2.98590284442e-11, 2.76663310317e-11, 2.58404391634e-11, 2.92344412567e-11, 4.43146699891e-11, 9.55743678643e-11, 1.01918848361e-10, 1.90531423971e-10, 2.88939455695e-10, 1.816844869e-10, 2.33271263417e-10, 2.38571367522e-11, 2.75027700267e-12, 3.93172994162e-12, 3.30911188208e-12, 4.42666438444e-13, 3.54030938951e-14],
        "skew": [10.3850698471, 10.7348861694, 10.8479261398, 8.8923368454, 9.91344451904, 9.84228134155, 9.34191799164, 8.96481513977, 7.07635211945, 8.46145153046, 6.43751764297, 6.41909694672, 8.5947227478, 6.21665239334, 7.5029797554, 6.63864994049, 7.20161628723, 6.66204929352, 6.58116817474, 6.31212759018, 6.84860992432, 6.08532238007, 6.10146760941, 6.49926233292, 5.58599567413, 5.82240390778, 6.40647602081],
        "var": [5.20279513916e-11, 3.6344101062e-09, 4.24741664062e-09, 2.06598933516e-08, 7.67720507611e-07, 5.76134652874e-07, 1.88701463344e-07, 2.32446950577e-08, 4.44136958322e-08, 6.91097312711e-08, 2.4085007766e-08, 1.27309123243e-08, 9.83266890131e-09, 1.20282104277e-08, 1.90361557628e-08, 6.18758377868e-08, 4.60047715478e-07, 3.15896159009e-06, 1.16992205221e-05, 3.33392817993e-05, 6.08420850767e-05, 1.16796281873e-05, 1.11110026069e-07, 2.17386393331e-08, 1.73581182761e-09, 1.29529069762e-11, 2.83133044597e-15],
        "cov": [[5.21613550963e-11, 3.62507690532e-10, 2.93131352525e-10, 5.28238730535e-10, 2.55416243711e-09, 2.05528816188e-09, 1.17180143366e-09, 5.09213560207e-10, 1.01277297659e-09, 1.00032993e-09, 7.96651022927e-10, 5.2746457202e-10, 5.47425382802e-10, 5.7940457987e-10, 6.08615546849e-10, 1.33468536223e-09, 2.95725954835e-09, 9.63968904699e-09, 1.70796603527e-08, 2.80222867133e-08, 3.96824333393e-08, 1.70002660838e-08, 1.69223846047e-09, 7.93631993457e-10, 2.31492436331e-10, 2.04642049834e-11, 3.07006563184e-13], [3.62507690532e-10, 3.64372909623e-09, 3.6325005226e-09, 6.30170005067e-09, 3.08796437309e-08, 2.58957832955e-08, 1.50892613959e-08, 6.57826859651e-09, 9.89750859048e-09, 1.08865947368e-08, 7.19263582027e-09, 4.86636109187e-09, 3.78755471431e-09, 4.32444435816e-09, 4.73928984945e-09, 9.16322839828e-09, 1.98210194924e-08, 6.17903452849e-08, 9.48945100276e-08, 1.49916289161e-07, 2.17805151692e-07, 9.09992934339e-08, 9.69346469759e-09, 5.00680563675e-09, 1.72014158473e-09, 1.48124193466e-10, 2.60199674307e-12], [2.93131352525e-10, 3.6325005226e-09, 4.25830704032e-09, 8.08130273811e-09, 4.2328125005e-08, 3.63269307968e-08, 2.07977386424e-08, 8.12821276952e-09, 1.14531397699e-08, 1.41205136472e-08, 7.63938601267e-09, 5.21123633135e-09, 3.94365606837e-09, 4.16631706912e-09, 5.49409584494e-09, 9.10761599471e-09, 1.9981598598e-08, 5.38062145949e-08, 6.98796611687e-08, 1.13731736917e-07, 1.46879955309e-07, 7.04378066985e-08, 7.93227084017e-09, 4.3293733043e-09, 1.69269442907e-09, 1.349806239e-10, 2.77940257615e-12], [5.28238730535e-10, 6.30170005067e-09, 8.08130273811e-09, 2.07128678653e-08, 1.23288913301e-07, 1.06061179395e-07, 6.02791629944e-08, 2.06518571133e-08, 2.84438872455e-08, 3.68216213076e-08, 1.8474306529e-08, 1.05346371626e-08, 1.0055503985e-08, 1.1038306269e-08, 1.53334696051e-08, 2.53014054152e-08, 5.90384594545e-08, 1.28350677642e-07, 1.75692321136e-07, 2.82354818637e-07, 3.58915343668e-07, 1.52352839677e-07, 1.96990654899e-08, 1.1652903531e-08, 3.99808008922e-09, 3.13236908633e-10, 6.55479837075e-12], [2.55416243711e-09, 3.08796437309e-08, 4.2328125005e-08, 1.23288913301e-07, 7.69688995206e-07, 6.64415324536e-07, 3.77033757104e-07, 1.24279850411e-07, 1.68866137074e-07, 2.22836632702e-07, 1.09320367869e-07, 5.92681352884e-08, 5.91543738437e-08, 6.73735343071e-08, 9.47430081055e-08, 1.53284588578e-07, 3.74171037265e-07, 7.41975213714e-07, 1.07085145373e-06, 1.73229193479e-06, 2.14632132156e-06, 8.66343327743e-07, 1.17854042969e-07, 7.13179986178e-08, 2.35436221629e-08, 1.81670212207e-09, 3.7862480512e-11], [2.05528816188e-09, 2.58957832955e-08, 3.63269307968e-08, 1.06061179395e-07, 6.64415324536e-07, 5.77611956487e-07, 3.28225695512e-07, 1.08331846604e-07, 1.44808097957e-07, 1.93760712364e-07, 9.36006543384e-08, 5.10946485122e-08, 5.01694685795e-08, 5.74485454763e-08, 8.12004117279e-08, 1.27441623476e-07, 3.19326261433e-07, 6.21686695013e-07, 8.9915369017e-07, 1.4678083744e-06, 1.78348079771e-06, 7.16499130249e-07, 9.92450566173e-08, 6.0173960037e-08, 1.99829557346e-08, 1.53480039788e-09, 3.2126495908e-11], [1.17180143366e-09, 1.50892613959e-08, 2.07977386424e-08, 6.02791629944e-08, 3.77033757104e-07, 3.28225695512e-07, 1.89185314525e-07, 6.27978238299e-08, 8.36578379904e-08, 1.09874186194e-07, 5.49474172828e-08, 2.96587359117e-08, 2.67542326071e-08, 3.4078883715e-08, 4.49770887201e-08, 7.2224956682e-08, 1.79797041255e-07, 3.50218215317e-07, 5.27857650923e-07, 8.63691298036e-07, 1.04438231574e-06, 4.13334788618e-07, 5.51669465665e-08, 3.40883232752e-08, 1.16338982892e-08, 8.92000640018e-10, 1.82790935166e-11], [5.09213560207e-10, 6.57826859651e-09, 8.12821276952e-09, 2.06518571133e-08, 1.24279850411e-07, 1.08331846604e-07, 6.27978238299e-08, 2.33042971587e-08, 2.94909305865e-08, 3.74467603592e-08, 2.06396251201e-08, 1.22830714488e-08, 9.56481382985e-09, 1.24479173635e-08, 1.60446340658e-08, 2.51317686661e-08, 6.88292942641e-08, 1.44950007552e-07, 2.27765994509e-07, 3.57317986754e-07, 4.71914319178e-07, 1.72120465436e-07, 2.22498055535e-08, 1.34667805796e-08, 4.40334391172e-09, 3.63576807549e-10, 6.66171978692e-12], [1.01277297659e-09, 9.89750859048e-09, 1.14531397699e-08, 2.84438872455e-08, 1.68866137074e-07, 1.44808097957e-07, 8.36578379904e-08, 2.94909305865e-08, 4.45275780692e-08, 5.32192956371e-08, 3.14413242108e-08, 1.93484464006e-08, 1.63149014298e-08, 2.04681089855e-08, 2.50659173417e-08, 4.46774777174e-08, 1.0935164596e-07, 2.66613767508e-07, 4.49374141454e-07, 7.19405875316e-07, 9.64190576269e-07, 3.99376830273e-07, 4.42042455973e-08, 2.35220216638e-08, 7.52597983933e-09, 6.17022322125e-10, 1.07250701376e-11], [1.00032993e-09, 1.08865947368e-08, 1.41205136472e-08, 3.68216213076e-08, 2.22836632702e-07, 1.93760712364e-07, 1.09874186194e-07, 3.74467603592e-08, 5.32192956371e-08, 6.92869335239e-08, 3.56274618696e-08, 2.17570494954e-08, 2.0126977418e-08, 2.22900027325e-08, 3.06503693537e-08, 4.94115006688e-08, 1.24759267806e-07, 2.75813789585e-07, 4.30061817269e-07, 7.17113209703e-07, 8.87899716417e-07, 3.88327492828e-07, 4.62052547334e-08, 2.49771350269e-08, 8.2163964521e-09, 6.50962672655e-10, 1.24838949941e-11], [7.96651022927e-10, 7.19263582027e-09, 7.63938601267e-09, 1.8474306529e-08, 1.09320367869e-07, 9.36006543384e-08, 5.49474172828e-08, 2.06396251201e-08, 3.14413242108e-08, 3.56274618696e-08, 2.41467645878e-08, 1.53323593821e-08, 1.18403002958e-08, 1.61696949164e-08, 1.85990991497e-08, 3.41956578609e-08, 8.93546712177e-08, 2.21481158746e-07, 3.97162693844e-07, 6.28065606634e-07, 8.58985174546e-07, 3.48026219399e-07, 3.67145673863e-08, 1.93581630725e-08, 5.91843374309e-09, 4.9962489701e-10, 7.7755865982e-12], [5.2746457202e-10, 4.86636109187e-09, 5.21123633135e-09, 1.05346371626e-08, 5.92681352884e-08, 5.10946485122e-08, 2.96587359117e-08, 1.22830714488e-08, 1.93484464006e-08, 2.17570494954e-08, 1.53323593821e-08, 1.27635555458e-08, 8.13762834895e-09, 1.05192006217e-08, 1.26803527678e-08, 2.22875726763e-08, 6.03385430509e-08, 1.61164919632e-07, 3.07568626567e-07, 5.16157797392e-07, 6.85302893544e-07, 3.05872163153e-07, 3.07539842481e-08, 1.34098199212e-08, 4.29119673129e-09, 3.57815221896e-10, 5.27868113803e-12], [5.47425382802e-10, 3.78755471431e-09, 3.94365606837e-09, 1.0055503985e-08, 5.91543738437e-08, 5.01694685795e-08, 2.67542326071e-08, 9.56481382985e-09, 1.63149014298e-08, 2.0126977418e-08, 1.18403002958e-08, 8.13762834895e-09, 9.85788162211e-09, 8.45257908111e-09, 1.26787034205e-08, 2.19605471585e-08, 5.76798662166e-08, 1.51292667283e-07, 2.51612021884e-07, 4.22860324534e-07, 5.6027829487e-07, 2.54141269806e-07, 2.72846421012e-08, 1.26391768163e-08, 3.46615425251e-09, 2.99056862607e-10, 4.7231394143e-12], [5.7940457987e-10, 4.32444435816e-09, 4.16631706912e-09, 1.1038306269e-08, 6.73735343071e-08, 5.74485454763e-08, 3.4078883715e-08, 1.24479173635e-08, 2.04681089855e-08, 2.22900027325e-08, 1.61696949164e-08, 1.05192006217e-08, 8.45257908111e-09, 1.20590524233e-08, 1.29274191352e-08, 2.502883234e-08, 6.45712177061e-08, 1.66855301131e-07, 3.18983609304e-07, 5.26698784142e-07, 7.14365285148e-07, 2.95706172437e-07, 3.04123339845e-08, 1.47702134967e-08, 4.35536851029e-09, 3.70038999442e-10, 5.32240527693e-12], [6.08615546849e-10, 4.73928984945e-09, 5.49409584494e-09, 1.53334696051e-08, 9.47430081055e-08, 8.12004117279e-08, 4.49770887201e-08, 1.60446340658e-08, 2.50659173417e-08, 3.06503693537e-08, 1.85990991497e-08, 1.26803527678e-08, 1.26787034205e-08, 1.29274191352e-08, 1.90849664961e-08, 3.19301065588e-08, 8.84235547005e-08, 2.16614125748e-07, 3.7289188981e-07, 6.0310213712e-07, 8.00787518074e-07, 3.54104429334e-07, 3.75126312235e-08, 1.82722299513e-08, 5.16923392979e-09, 4.3456260812e-10, 6.72338183391e-12], [1.33468536223e-09, 9.16322839828e-09, 9.10761599471e-09, 2.53014054152e-08, 1.53284588578e-07, 1.27441623476e-07, 7.2224956682e-08, 2.51317686661e-08, 4.46774777174e-08, 4.94115006688e-08, 3.41956578609e-08, 2.22875726763e-08, 2.19605471585e-08, 2.502883234e-08, 3.19301065588e-08, 6.20344948743e-08, 1.52953816723e-07, 4.02127625421e-07, 7.11359177785e-07, 1.14694057629e-06, 1.58233694947e-06, 6.87904616825e-07, 7.06283458385e-08, 3.37212817669e-08, 9.63564250611e-09, 8.13889733386e-10, 1.22974486497e-11], [2.95725954835e-09, 1.98210194924e-08, 1.9981598598e-08, 5.90384594545e-08, 3.74171037265e-07, 3.19326261433e-07, 1.79797041255e-07, 6.88292942641e-08, 1.0935164596e-07, 1.24759267806e-07, 8.93546712177e-08, 6.03385430509e-08, 5.76798662166e-08, 6.45712177061e-08, 8.84235547005e-08, 1.52953816723e-07, 4.61227330106e-07, 1.12257055207e-06, 2.06891991184e-06, 3.33754610438e-06, 4.44031911684e-06, 1.88118440292e-06, 1.93230306422e-07, 9.55849515094e-08, 2.54212260131e-08, 2.24395568793e-09, 3.00372504647e-11], [9.63968904699e-09, 6.17903452849e-08, 5.38062145949e-08, 1.28350677642e-07, 7.41975213714e-07, 6.21686695013e-07, 3.50218215317e-07, 1.44950007552e-07, 2.66613767508e-07, 2.75813789585e-07, 2.21481158746e-07, 1.61164919632e-07, 1.51292667283e-07, 1.66855301131e-07, 2.16614125748e-07, 4.02127625421e-07, 1.12257055207e-06, 3.1670615499e-06, 5.78666777074e-06, 9.20086040423e-06, 1.30293337861e-05, 5.49182732357e-06, 5.54544783427e-07, 2.55739934119e-07, 6.8022295352e-08, 6.1351328462e-09, 7.96255630875e-11], [1.70796603527e-08, 9.48945100276e-08, 6.98796611687e-08, 1.75692321136e-07, 1.07085145373e-06, 8.9915369017e-07, 5.27857650923e-07, 2.27765994509e-07, 4.49374141454e-07, 4.30061817269e-07, 3.97162693844e-07, 3.07568626567e-07, 2.51612021884e-07, 3.18983609304e-07, 3.7289188981e-07, 7.11359177785e-07, 2.06891991184e-06, 5.78666777074e-06, 1.17292183859e-05, 1.91298368009e-05, 2.62381381617e-05, 1.10539476736e-05, 1.08014842226e-06, 4.81581366785e-07, 1.29023078443e-07, 1.1649165188e-08, 1.37379288501e-10], [2.80222867133e-08, 1.49916289161e-07, 1.13731736917e-07, 2.82354818637e-07, 1.73229193479e-06, 1.4678083744e-06, 8.63691298036e-07, 3.57317986754e-07, 7.19405875316e-07, 7.17113209703e-07, 6.28065606634e-07, 5.16157797392e-07, 4.22860324534e-07, 5.26698784142e-07, 6.0310213712e-07, 1.14694057629e-06, 3.33754610438e-06, 9.20086040423e-06, 1.91298368009e-05, 3.34247670253e-05, 4.27657869295e-05, 1.9178043658e-05, 1.83456654668e-06, 7.75478042669e-07, 2.17139316305e-07, 1.89994384669e-08, 2.26291277383e-10], [3.96824333393e-08, 2.17805151692e-07, 1.46879955309e-07, 3.58915343668e-07, 2.14632132156e-06, 1.78348079771e-06, 1.04438231574e-06, 4.71914319178e-07, 9.64190576269e-07, 8.87899716417e-07, 8.58985174546e-07, 6.85302893544e-07, 5.6027829487e-07, 7.14365285148e-07, 8.00787518074e-07, 1.58233694947e-06, 4.44031911684e-06, 1.30293337861e-05, 2.62381381617e-05, 4.27657869295e-05, 6.09980888839e-05, 2.49321074079e-05, 2.5143235689e-06, 1.08109657049e-06, 2.84370742065e-07, 2.6195756675e-08, 3.0489655245e-10], [1.70002660838e-08, 9.09992934339e-08, 7.04378066985e-08, 1.52352839677e-07, 8.66343327743e-07, 7.16499130249e-07, 4.13334788618e-07, 1.72120465436e-07, 3.99376830273e-07, 3.88327492828e-07, 3.48026219399e-07, 3.05872163153e-07, 2.54141269806e-07, 2.95706172437e-07, 3.54104429334e-07, 6.87904616825e-07, 1.88118440292e-06, 5.49182732357e-06, 1.10539476736e-05, 1.9178043658e-05, 2.49321074079e-05, 1.17095760288e-05, 1.09508664536e-06, 4.4447227765e-07, 1.27180570075e-07, 1.09026156991e-08, 1.33766941968e-10], [1.69223846047e-09, 9.69346469759e-09, 7.93227084017e-09, 1.96990654899e-08, 1.17854042969e-07, 9.92450566173e-08, 5.51669465665e-08, 2.22498055535e-08, 4.42042455973e-08, 4.62052547334e-08, 3.67145673863e-08, 3.07539842481e-08, 2.72846421012e-08, 3.04123339845e-08, 3.75126312235e-08, 7.06283458385e-08, 1.93230306422e-07, 5.54544783427e-07, 1.08014842226e-06, 1.83456654668e-06, 2.5143235689e-06, 1.09508664536e-06, 1.11394918179e-07, 4.59853204404e-08, 1.25008448038e-08, 1.10759257321e-09, 1.40962111775e-11], [7.93631993457e-10, 5.00680563675e-09, 4.3293733043e-09, 1.1652903531e-08, 7.13179986178e-08, 6.0173960037e-08, 3.40883232752e-08, 1.34667805796e-08, 2.35220216638e-08, 2.49771350269e-08, 1.93581630725e-08, 1.34098199212e-08, 1.26391768163e-08, 1.47702134967e-08, 1.82722299513e-08, 3.37212817669e-08, 9.55849515094e-08, 2.55739934119e-07, 4.81581366785e-07, 7.75478042669e-07, 1.08109657049e-06, 4.4447227765e-07, 4.59853204404e-08, 2.17943796343e-08, 5.7561311273e-09, 5.15700482318e-10, 6.74504896381e-12], [2.31492436331e-10, 1.72014158473e-09, 1.69269442907e-09, 3.99808008922e-09, 2.35436221629e-08, 1.99829557346e-08, 1.16338982892e-08, 4.40334391172e-09, 7.52597983933e-09, 8.2163964521e-09, 5.91843374309e-09, 4.29119673129e-09, 3.46615425251e-09, 4.35536851029e-09, 5.16923392979e-09, 9.63564250611e-09, 2.54212260131e-08, 6.8022295352e-08, 1.29023078443e-07, 2.17139316305e-07, 2.84370742065e-07, 1.27180570075e-07, 1.25008448038e-08, 5.7561311273e-09, 1.74026260069e-09, 1.44647446798e-10, 2.0802654304e-12], [2.04642049834e-11, 1.48124193466e-10, 1.349806239e-10, 3.13236908633e-10, 1.81670212207e-09, 1.53480039788e-09, 8.92000640018e-10, 3.63576807549e-10, 6.17022322125e-10, 6.50962672655e-10, 4.9962489701e-10, 3.57815221896e-10, 2.99056862607e-10, 3.70038999442e-10, 4.3456260812e-10, 8.13889733386e-10, 2.24395568793e-09, 6.1351328462e-09, 1.1649165188e-08, 1.89994384669e-08, 2.6195756675e-08, 1.09026156991e-08, 1.10759257321e-09, 5.15700482318e-10, 1.44647446798e-10, 1.29861191245e-11, 1.73194168425e-13], [3.07006563184e-13, 2.60199674307e-12, 2.77940257615e-12, 6.55479837075e-12, 3.7862480512e-11, 3.2126495908e-11, 1.82790935166e-11, 6.66171978692e-12, 1.07250701376e-11, 1.24838949941e-11, 7.7755865982e-12, 5.27868113803e-12, 4.7231394143e-12, 5.32240527693e-12, 6.72338183391e-12, 1.22974486497e-11, 3.00372504647e-11, 7.96255630875e-11, 1.37379288501e-10, 2.26291277383e-10, 3.0489655245e-10, 1.33766941968e-10, 1.40962111775e-11, 6.74504896381e-12, 2.0802654304e-12, 1.73194168425e-13, 2.83859036537e-15]]
    },
    "mfcc": {
        "kurt": [3.18933057785, 2.8614397049, -1.35229074955, -0.964702606201, 1.28943824768, 2.43495607376, -0.115901708603, 0.0123107433319, 0.323072195053, -0.467111825943, -0.65682053566, 0.923054456711, 0.397346019745],
        "max": [-475.124694824, 81.1017150879, 5.94052124023, 80.87134552, 24.7100105286, 24.0737686157, 31.4315109253, 20.6797885895, 13.8506278992, 6.98357582092, 7.53719520569, 8.6448059082, 7.81690216064],
        "mean": [-1016.0380249, -8.42107963562, -51.4773368835, 19.4984512329, -3.93482255936, 0.0831621661782, 3.32978153229, -2.83515644073, -0.993652641773, -6.52375793457, -5.83174800873, -2.34222698212, -3.01637268066],
        "median": [-1051.97668457, 1.14440917969e-05, -60.6129112244, 11.5734596252, -6.103515625e-05, 0.0475387573242, 1.63274002075, -5.34057617188e-05, -4.57763671875e-05, -5.31764984131, -5.44609260559, -1.07233428955, -1.86354827881],
        "min": [-1138.42004395, -71.9199371338, -125.407714844, -24.881111145, -60.3329849243, -27.5094070435, -26.9587650299, -30.0956115723, -24.4735012054, -25.9682559967, -22.3990745544, -16.713973999, -22.4490718842],
        "skew": [1.82916164398, -0.225614443421, 0.074758656323, 0.508829832077, -1.37904667854, -0.393425405025, -0.210518240929, -0.510478258133, -0.649481236935, -0.573744952679, -0.430569171906, -0.877402961254, -0.717190206051],
        "var": [21500.9902344, 458.086547852, 1556.44299316, 702.846374512, 271.103607178, 34.0055236816, 122.324661255, 83.8999557495, 48.7946090698, 42.3169555664, 32.3955841064, 17.6518192291, 23.9007854462],
        "cov": [[21556.1210938, -1102.44604492, -2408.86694336, 2776.04003906, -1826.78771973, -170.961853027, -621.52746582, -625.268188477, -433.878814697, -496.377258301, -363.345001221, -203.154785156, -411.935821533], [-1102.44604492, 459.261138916, 392.718536377, -366.870819092, 149.062393188, -7.89036273956, 114.582756042, 119.152526855, 71.1244659424, 54.1964530945, 31.0422744751, 7.48913145065, 33.6538696289], [-2408.86694336, 392.718536377, 1560.43383789, -529.784240723, 22.1994724274, -29.0409374237, -74.9905471802, 124.306518555, 8.04423427582, 135.744537354, 116.354354858, 48.076335907, 97.9786834717], [2776.04003906, -366.870819092, -529.784240723, 704.64855957, -239.558395386, -35.0776100159, -152.725372314, -195.749221802, -103.735946655, -108.298446655, -65.9769897461, -35.379322052, -69.5113296509], [-1826.78771973, 149.062393188, 22.1994724274, -239.558395386, 271.79876709, 32.1403808594, 105.770080566, 57.8518981934, 70.293838501, 41.2384796143, 28.3313694, 17.53698349, 29.562582016], [-170.961853027, -7.89036273956, -29.0409374237, -35.0776100159, 32.1403808594, 34.092716217, 18.185716629, 2.02046394348, 11.7121334076, 5.02361392975, 4.69168710709, 3.46794486046, 2.84335207939], [-621.52746582, 114.582756042, -74.9905471802, -152.725372314, 105.770080566, 18.185716629, 122.638313293, 63.0798912048, 53.183429718, 9.19157505035, 4.22975826263, 2.30232524872, 9.07895565033], [-625.268188477, 119.152526855, 124.306518555, -195.749221802, 57.8518981934, 2.02046394348, 63.0798912048, 84.1150817871, 36.6638565063, 20.9026546478, 15.5521383286, 10.0272045135, 18.3188591003], [-433.878814697, 71.1244659424, 8.04423427582, -103.735946655, 70.293838501, 11.7121334076, 53.183429718, 36.6638565063, 48.919719696, 17.1272125244, 9.21321582794, 3.33849382401, 6.80873823166], [-496.377258301, 54.1964530945, 135.744537354, -108.298446655, 41.2384796143, 5.02361392975, 9.19157505035, 20.9026546478, 17.1272125244, 42.4254608154, 22.6534900665, 9.16799354553, 13.1267242432], [-363.345001221, 31.0422744751, 116.354354858, -65.9769897461, 28.3313694, 4.69168710709, 4.22975826263, 15.5521383286, 9.21321582794, 22.6534900665, 32.4786491394, 12.2593297958, 9.73037338257], [-203.154785156, 7.48913145065, 48.076335907, -35.379322052, 17.53698349, 3.46794486046, 2.30232524872, 10.0272045135, 3.33849382401, 9.16799354553, 12.2593297958, 17.6970806122, 8.82263469696], [-411.935821533, 33.6538696289, 97.9786834717, -69.5113296509, 29.562582016, 2.84335207939, 9.07895565033, 18.3188591003, 6.80873823166, 13.1267242432, 9.73037338257, 8.82263469696, 23.9620685577]]
    },
    "sccoeffs": {
        "kurt": [1.66688728333, 3.83112096786, 1.42927217484, 0.766508340836, 3.85139131546, -0.610825061798],
        "max": [-0.52925491333, -0.70088583231, -0.748322486877, -0.753092467785, -0.677326261997, -0.560580193996],
        "mean": [-0.831497788429, -0.884717226028, -0.878008186817, -0.873640239239, -0.86647516489, -0.765769720078],
        "median": [-0.842137098312, -0.890779078007, -0.878369688988, -0.877417504787, -0.874179303646, -0.749267280102],
        "min": [-0.986091792583, -0.954993605614, -0.942411243916, -0.954183697701, -0.93061631918, -0.888406991959],
        "skew": [1.0861787796, 1.35619187355, 0.665744483471, 0.800629854202, 1.67043995857, -0.0745251253247],
        "var": [0.00425474485382, 0.00121170096099, 0.000940732250456, 0.0012532674009, 0.00191860855557, 0.00520569179207],
        "cov": [[0.00426565436646, 0.00117730011698, 0.000676806084812, 0.00129433278926, 0.00174058519769, 0.00245218561031], [0.00117730011698, 0.00121480796952, 0.000346686400007, 0.000468709709821, 0.000812830170617, 0.00100810534786], [0.000676806084812, 0.000346686400007, 0.000943144375924, 0.00057804066455, 0.000701844284777, 0.00135885120835], [0.00129433278926, 0.000468709709821, 0.00057804066455, 0.00125648092944, 0.00116668269038, 0.00186485692393], [0.00174058519769, 0.000812830170617, 0.000701844284777, 0.00116668269038, 0.00192352803424, 0.00255333469249], [0.00245218561031, 0.00100810534786, 0.00135885120835, 0.00186485692393, 0.00255333469249, 0.00521903950721]]
    },
    "scvalleys": {
        "kurt": [9.93289089203, 3.21783781052, 1.66008329391, -0.276094436646, -0.638487100601, 0.11087846756],
        "max": [-4.48397159576, -4.08161687851, -4.51294469833, -5.11759662628, -4.41932964325, -6.39988660812],
        "mean": [-11.3734178543, -11.1014785767, -10.4070682526, -10.0925102234, -9.86187553406, -12.9958839417],
        "median": [-11.7097702026, -11.5486001968, -10.3534832001, -9.78429412842, -9.62940979004, -13.2571172714],
        "min": [-13.7269706726, -14.4133424759, -13.8012828827, -13.8908157349, -13.354801178, -15.7448711395],
        "skew": [3.01137304306, 1.72343039513, 0.741176605225, -0.137532532215, 0.200449571013, 1.00265872478],
        "var": [1.92557036877, 3.14403319359, 2.9405040741, 3.68888640404, 5.2765083313, 5.88138246536],
        "cov": [[1.93050765991, 2.15450429916, 1.83786952496, 1.74889171124, 2.19082832336, 2.63795423508], [2.15450429916, 3.152094841, 2.74354863167, 2.86532974243, 3.56494474411, 3.9384803772], [1.83786952496, 2.74354863167, 2.94804382324, 3.1135995388, 3.54348492622, 3.41645693779], [1.74889171124, 2.86532974243, 3.1135995388, 3.69834518433, 4.25665998459, 3.96199798584], [2.19082832336, 3.56494474411, 3.54348492622, 4.25665998459, 5.29003763199, 5.2330789566], [2.63795423508, 3.9384803772, 3.41645693779, 3.96199798584, 5.2330789566, 5.89646291733]]
    }
},
"rhythm": {
    "beats_loudness": {
        "kurt": 0.0586078166962,
        "max": 0.0810842961073,
        "mean": 0.0174382962286,
        "median": 1.24747039081e-05,
        "min": 1.06621422802e-08,
        "skew": 1.2746809721,
        "var": 0.000820555083919
    },
    "bpm": 112.734169006,
    "confidence": 2.40878033638,
    "first_peak_bpm": {
        "kurt": 0,
        "max": 115,
        "mean": 115,
        "median": 115,
        "min": 115,
        "skew": 0,
        "var": 0
    },
    "first_peak_spread": {
        "kurt": 0,
        "max": 0.399999976158,
        "mean": 0.399999976158,
        "median": 0.399999976158,
        "min": 0.399999976158,
        "skew": 0,
        "var": 0
    },
    "first_peak_weight": {
        "kurt": 0,
        "max": 0.1875,
        "mean": 0.1875,
        "median": 0.1875,
        "min": 0.1875,
        "skew": 0,
        "var": 0
    },
    "onset_rate": 1.43793773651,
    "second_peak_bpm": {
        "kurt": 0,
        "max": 101,
        "mean": 101,
        "median": 101,
        "min": 101,
        "skew": 0,
        "var": 0
    },
    "second_peak_spread": {
        "kurt": 0,
        "max": 0.333333313465,
        "mean": 0.333333313465,
        "median": 0.333333313465,
        "min": 0.333333313465,
        "skew": 0,
        "var": 0
    },
    "second_peak_weight": {
        "kurt": 0,
        "max": 0.125,
        "mean": 0.125,
        "median": 0.125,
        "min": 0.125,
        "skew": 0,
        "var": 0
    },
    "beats_loudness_band_ratio": {
        "kurt": [3.68417167664, 3.59969568253, -0.00885891914368, 2.61800718307, -1.55971217155, -1.47676622868],
        "max": [0.542239427567, 0.16467101872, 0.0889010429382, 0.57971405983, 0.647530794144, 0.914564430714],
        "mean": [0.0645981729031, 0.0209559034556, 0.0205938201398, 0.114181488752, 0.318336337805, 0.476289629936],
        "median": [0.00101281318348, 0.0010663648136, 0.00334542244673, 0.0555214323103, 0.233165115118, 0.332673192024],
        "min": [0.000134233647259, 0.000246675917879, 0.000722353637684, 0.00665236683562, 0.0737190917134, 0.077823318541],
        "skew": [2.37505269051, 2.31526756287, 1.26587891579, 1.90585613251, 0.292668610811, 0.379273086786],
        "var": [0.0275534205139, 0.00234148115851, 0.000857695238665, 0.024152206257, 0.0435453429818, 0.0896278247237],
        "cov": [[0.0292755085975, 0.00838664080948, 0.00263870856725, -0.00280784163624, -0.0139652555808, -0.0227143839002], [0.00838664080948, 0.00248782383278, 0.000851020449772, -9.48212909861e-05, -0.00423861620948, -0.00717609422281], [0.00263870856725, 0.000851020449772, 0.000911301176529, 0.0035711848177, -0.00143891072366, -0.00627523101866], [-0.00280784163624, -9.48212909861e-05, 0.0035711848177, 0.025661719963, 0.00459779705852, -0.0300160013139], [-0.0139652555808, -0.00423861620948, -0.00143891072366, 0.00459779705852, 0.0462669283152, -0.0311557464302], [-0.0227143839002, -0.00717609422281, -0.00627523101866, -0.0300160013139, -0.0311557464302, 0.0952295660973]]
    },
    "beats_position": [0.441179126501, 0.905578196049, 1.35836732388, 1.83437633514, 2.31038546562, 2.77478456497, 3.27401351929, 3.86612248421, 4.45823097229, 5.02712011337, 5.54956912994, 6.09523820877, 6.6176867485, 7.1517457962, 7.67419481277, 8.20825386047, 8.75392246246],
    "bpm_estimates": [114.843742371, 109.956756592, 114.843849182, 112.347129822, 114.843742371, 112.347129822, 109.956848145],
    "bpm_intervals": [0.464399069548, 0.452789127827, 0.476009011269, 0.476009130478, 0.46439909935, 0.499228954315, 0.59210896492, 0.592108488083, 0.568889141083, 0.522449016571, 0.545669078827, 0.522448539734, 0.534059047699, 0.522449016571, 0.534059047699, 0.54566860199],
    "onset_times": [1.33514738083, 1.54412698746, 3.25079369545, 3.45977330208, 5.05034017563, 5.25931978226, 5.89786863327, 6.09523820877, 6.3042178154, 7.1517457962, 7.37233543396, 7.98766422272, 8.19664382935],
    "histogram": [[0, 0, 0, 0, 0, 0, 0, 0, 0, 0, 0, 0, 0, 0, 0, 0, 0, 0, 0, 0, 0, 0, 0, 0, 0, 0, 0, 0, 0, 0, 0, 0, 0, 0, 0, 0, 0, 0, 0, 0, 0, 0, 0, 0, 0, 0, 0, 0, 0, 0, 0, 0, 0, 0, 0, 0, 0, 0, 0, 0, 0, 0, 0, 0, 0, 0, 0, 0, 0, 0, 0, 0, 0, 0, 0, 0, 0, 0, 0, 0, 0, 0, 0, 0, 0, 0, 0, 0, 0, 0, 0, 0, 0, 0, 0, 0, 0, 0, 0, 0, 0, 0.125, 0, 0, 0, 0.0625, 0, 0, 0, 0, 0.125, 0, 0.125, 0, 0, 0.1875, 0, 0, 0, 0, 0.0625, 0, 0, 0, 0, 0, 0.125, 0, 0, 0.125, 0, 0, 0, 0.0625, 0, 0, 0, 0, 0, 0, 0, 0, 0, 0, 0, 0, 0, 0, 0, 0, 0, 0, 0, 0, 0, 0, 0, 0, 0, 0, 0, 0, 0, 0, 0, 0, 0, 0, 0, 0, 0, 0, 0, 0, 0, 0, 0, 0, 0, 0, 0, 0, 0, 0, 0, 0, 0, 0, 0, 0, 0, 0, 0, 0, 0, 0, 0, 0, 0, 0, 0, 0, 0, 0, 0, 0, 0, 0, 0, 0, 0, 0, 0, 0, 0, 0, 0, 0, 0, 0, 0, 0, 0, 0, 0, 0, 0, 0, 0, 0, 0, 0, 0, 0, 0, 0, 0, 0, 0, 0, 0, 0, 0, 0, 0, 0, 0, 0, 0, 0]]
},
"sfx": {
    "inharmonicity": {
        "kurt": 1.73600053787,
        "max": 0.388740539551,
        "mean": 0.0573226362467,
        "median": 0,
        "min": 0,
        "skew": 1.71720385551,
        "var": 0.00941927917302
    },
    "oddtoevenharmonicenergyratio": {
        "kurt": 19.610868454,
        "max": 7.68452262878,
        "mean": 0.451387763023,
        "median": 0,
        "min": 0,
        "skew": 3.47117304802,
        "var": 0.644873261452
    },
    "pitch_after_max_to_before_max_energy_ratio": 0.12992221117,
    "pitch_centroid": 201.490936279,
    "pitch_max_to_total": 0.884910464287,
    "pitch_min_to_total": 0.248081848025,
    "tristimulus": {
        "kurt": [-1.57585740089, -0.028534412384, 0.0331089496613],
        "max": [1, 0.887310624123, 1],
        "mean": [0.633465766907, 0.172466412187, 0.194067895412],
        "median": [1, 0, 0],
        "min": [0, 0, 0],
        "skew": [-0.434963792562, 1.14496612549, 1.2973524332],
        "var": [0.172955408692, 0.0578719489276, 0.106495887041],
        "cov": [[0.173398882151, -0.0623254105449, -0.111074015498], [-0.0623254105449, 0.0580203384161, 0.00430507352576], [-0.111074015498, 0.00430507352576, 0.106768958271]]
    }
},
"tonal": {
    "chords_changes_rate": 0.183673471212,
    "chords_number_rate": 0.0306122452021,
    "chords_strength": {
        "kurt": 0.407053232193,
        "max": 0.656487464905,
        "mean": 0.482182472944,
        "median": 0.493297070265,
        "min": 0.29719799757,
        "skew": -0.485741436481,
        "var": 0.00432551046833
    },
    "key_strength": 0.387702554464,
    "tuning_diatonic_strength": 0.431035131216,
    "tuning_equal_tempered_deviation": 0.232470244169,
    "tuning_frequency": 456.04309082,
    "tuning_nontempered_energy_ratio": 0.900087058544,
    "hpcp": {
        "kurt": [-0.348867416382, -0.201411724091, -0.0392055511475, -0.416558980942, -0.405508041382, -0.260930299759, -0.556595563889, -0.542057275772, -0.672241926193, -0.606464385986, -0.635348320007, -0.604356765747, -0.491148233414, -0.353767156601, -0.293390512466, -0.289981365204, -0.114348649979, 0.624221801758, 0.314781904221, 0.745270490646, 0.84557890892, 1.45285224915, 1.30975818634, -0.148410558701, 0.301798343658, -0.0920147895813, -0.356155157089, -0.167246341705, -0.61841750145, -0.87052822113, -0.933128833771, -0.897641420364, -0.587237596512, -0.179724216461, -0.492671728134, -0.589762449265],
        "max": [1, 1, 1, 1, 1, 1, 1, 1, 1, 1, 1, 1, 1, 1, 1, 1, 1, 1, 1, 1, 1, 1, 1, 0.860959351063, 0.998358368874, 1, 0.986667454243, 1, 1, 1, 1, 1, 1, 1, 1, 1],
        "mean": [0.478156536818, 0.466280400753, 0.473777770996, 0.504931807518, 0.512286424637, 0.492406874895, 0.495190322399, 0.512686431408, 0.517184615135, 0.512760400772, 0.524393379688, 0.53065520525, 0.514280498028, 0.514174103737, 0.543173670769, 0.536246955395, 0.438251972198, 0.332804381847, 0.300328284502, 0.299402356148, 0.297207653522, 0.33037173748, 0.342771559954, 0.313568651676, 0.307182222605, 0.330285489559, 0.370808929205, 0.408815026283, 0.45736554265, 0.485412240028, 0.481806904078, 0.490494906902, 0.478822290897, 0.439124137163, 0.448285073042, 0.480851978064],
