{
"metadata": {
    "version": {
        "essentia": "2.1-beta3"
    }
},
"lowLevel": {
    "average_loudness": 0.99068403244,
    "barkbands_kurtosis": {
        "kurt": 1.66893100739,
        "max": 3.01448059082,
        "mean": -0.37688973546,
        "median": -0.618711948395,
        "min": -1.6544034481,
        "skew": 1.21964466572,
        "var": 0.804860711098
    },
    "barkbands_skewness": {
        "kurt": -0.707923173904,
        "max": 1.45501434803,
        "mean": 0.252848535776,
        "median": 0.258588939905,
        "min": -0.717133820057,
        "skew": 0.184388354421,
        "var": 0.278729408979
    },
    "barkbands_spread": {
        "kurt": -0.556658267975,
        "max": 36.0302352905,
        "mean": 17.8032779694,
        "median": 17.5525131226,
        "min": 4.96186971664,
        "skew": 0.44223177433,
        "var": 51.1707382202
    },
    "dissonance": {
        "kurt": 35.3206634521,
        "max": 0.49958139658,
        "mean": 0.483060270548,
        "median": 0.488265216351,
        "min": 0.285556346178,
        "skew": -5.52807664871,
        "var": 0.000779279274866
    },
    "hfc": {
        "kurt": 4.14179229736,
        "max": 450.725463867,
        "mean": 57.9235839844,
        "median": 0.32357698679,
        "min": 2.28976104744e-09,
        "skew": 2.26643610001,
        "var": 13577.9804688
    },
    "pitch": {
        "kurt": 10.7454071045,
        "max": 3179.76391602,
        "mean": 525.127258301,
        "median": 314.433959961,
        "min": 85.7116088867,
        "skew": 2.71657633781,
        "var": 242460.328125
    },
    "pitch_instantaneous_confidence": {
        "kurt": 3.07814121246,
        "max": 0.565555930138,
        "mean": 0.235567957163,
        "median": 0.216362118721,
        "min": 0.128357946873,
        "skew": 1.57898068428,
        "var": 0.00656964443624
    },
    "pitch_salience": {
        "kurt": 1.57253456116,
        "max": 0.85619944334,
        "mean": 0.786858856678,
        "median": 0.789059281349,
        "min": 0.637226819992,
        "skew": -0.956845939159,
        "var": 0.00164997938555
    },
    "silence_rate_20dB": {
        "kurt": 0,
        "max": 1,
        "mean": 1,
        "median": 1,
        "min": 1,
        "skew": 0,
        "var": 0
    },
    "silence_rate_30dB": {
        "kurt": 0.72221326828,
        "max": 1,
        "mean": 0.818181812763,
        "median": 1,
        "min": 0,
        "skew": -1.64991140366,
        "var": 0.148760586977
    },
    "silence_rate_60dB": {
        "kurt": -1.75024521351,
        "max": 1,
        "mean": 0.621212124825,
        "median": 1,
        "min": 0,
        "skew": -0.499756455421,
        "var": 0.235307618976
    },
    "spectral_centroid": {
        "kurt": 0.106334209442,
        "max": 2275.88427734,
        "mean": 1443.00073242,
        "median": 1452.58862305,
        "min": 827.204650879,
        "skew": 0.273716270924,
        "var": 91052.625
    },
    "spectral_complexity": {
        "kurt": -1.34373891354,
        "max": 60,
        "mean": 18.6666660309,
        "median": 0,
        "min": 0,
        "skew": 0.712297558784,
        "var": 608.040893555
    },
    "spectral_crest": {
        "kurt": 3.92463779449,
        "max": 14.1044607162,
        "mean": 5.293841362,
        "median": 4.69726753235,
        "min": 2.58623075485,
        "skew": 1.55671453476,
        "var": 3.98129558563
    },
    "spectral_decrease": {
        "kurt": 2.41147327423,
        "max": -4.52117328981e-19,
        "mean": -1.03328403611e-08,
        "median": -5.9360204252e-11,
        "min": -7.12629812938e-08,
        "skew": -1.91280388832,
        "var": 3.89863801693e-16
    },
    "spectral_energy": {
        "kurt": 2.56946563721,
        "max": 0.308565378189,
        "mean": 0.0442523732781,
        "median": 0.000253388483543,
        "min": 1.91409171499e-12,
        "skew": 1.94555544853,
        "var": 0.00720507884398
    },
    "spectral_energyband_high": {
        "kurt": 5.76428985596,
        "max": 0.0235703233629,
        "mean": 0.00230423081666,
        "median": 5.54696543986e-06,
        "min": 5.37331172666e-14,
        "skew": 2.55165743828,
        "var": 2.57290357695e-05
    },
    "spectral_energyband_low": {
        "kurt": 42.6619338989,
        "max": 0.0351847968996,
        "mean": 0.00131690455601,
        "median": 1.36395169648e-06,
        "min": 5.31808195978e-15,
        "skew": 6.24730300903,
        "var": 2.09275094676e-05
    },
    "spectral_energyband_middle_high": {
        "kurt": 4.21803236008,
        "max": 0.132203817368,
        "mean": 0.0168775543571,
        "median": 0.000148665712913,
        "min": 1.04902046251e-12,
        "skew": 2.27978372574,
        "var": 0.00111818010919
    },
    "spectral_energyband_middle_low": {
        "kurt": 2.19441366196,
        "max": 0.173168227077,
        "mean": 0.0246799513698,
        "median": 0.000103386882984,
        "min": 8.17500581118e-13,
        "skew": 1.87418723106,
        "var": 0.00229768268764
    },
    "spectral_flatness_db": {
        "kurt": -0.447712659836,
        "max": 0.289341390133,
        "mean": 0.194562211633,
        "median": 0.19482216239,
        "min": 0.126352414489,
        "skew": 0.0975036323071,
        "var": 0.00136687420309
    },
    "spectral_flux": {
        "kurt": 0.124943494797,
        "max": 0.396340578794,
        "mean": 0.0853650346398,
        "median": 0.0137844141573,
        "min": 4.66381679871e-05,
        "skew": 1.27865099907,
        "var": 0.0151276439428
    },
    "spectral_kurtosis": {
        "kurt": 0.852508544922,
        "max": 25.4700431824,
        "mean": 7.75796031952,
        "median": 5.36539697647,
        "min": 1.14031124115,
        "skew": 1.32471621037,
        "var": 41.2264823914
    },
    "spectral_rms": {
        "kurt": 0.328573465347,
        "max": 0.017350487411,
        "mean": 0.00367271108553,
        "median": 0.000494946667459,
        "min": 4.32135003336e-08,
        "skew": 1.34870576859,
        "var": 2.96842463285e-05
    },
    "spectral_rolloff": {
        "kurt": -0.602738618851,
        "max": 3574.51171875,
        "mean": 2519.38525391,
        "median": 2627.05078125,
        "min": 1356.59179688,
        "skew": -0.375117570162,
        "var": 315414.03125
    },
    "spectral_skewness": {
        "kurt": 0.472479104996,
        "max": 3.15856933594,
        "mean": 1.6279296875,
        "median": 1.48538398743,
        "min": 0.766191840172,
        "skew": 1.08510446548,
        "var": 0.341911256313
    },
    "spectral_spread": {
        "kurt": 4.90379047394,
        "max": 7321637.5,
        "mean": 2523266,
        "median": 2193798.5,
        "min": 1235016.25,
        "skew": 1.85631155968,
        "var": 1.09221635686e+12
    },
    "spectral_strongpeak": {
        "kurt": 5.97532558441,
        "max": 3.43347454071,
        "mean": 0.438407182693,
        "median": 0.0706692039967,
        "min": 3.68445057575e-06,
        "skew": 2.44118356705,
        "var": 0.548058450222
    },
    "zerocrossingrate": {
        "kurt": 46.8708534241,
        "max": 0.39697265625,
        "mean": 0.0818167030811,
        "median": 0.079345703125,
        "min": 0.0302734375,
        "skew": 6.50581026077,
        "var": 0.00173242972232
    },
    "barkbands": {
        "kurt": [12.4726963043, 21.0788059235, 48.8891105652, 17.1191482544, 5.54100990295, 4.74372625351, 7.78551006317, 12.0054388046, 6.73496627808, 8.81234836578, 21.664188385, 9.56269836426, 3.34003973007, 8.34928131104, 4.46422100067, 7.97861099243, 15.8620166779, 8.76130390167, 7.97131347656, 8.26496315002, 5.07528018951, 6.05710506439, 11.7278118134, 6.81978034973, 7.54916191101, 14.1803245544, 13.3682689667],
        "max": [3.36321027135e-05, 0.00287481443956, 0.0236028004438, 0.016432415694, 0.0661711767316, 0.0381611697376, 0.0449955798686, 0.0543908588588, 0.0406940728426, 0.0229189265519, 0.0262171030045, 0.0112490272149, 0.00767614273354, 0.013572005555, 0.0110702672973, 0.0196246355772, 0.0309819281101, 0.0222647096962, 0.0284160356969, 0.0205270722508, 0.00998134445399, 0.00373183377087, 0.000827954208944, 0.000268456147751, 5.76352649659e-05, 5.11187749908e-08, 3.02227221027e-08],
        "mean": [2.29271086027e-06, 0.00014758281759, 0.000710998894647, 0.00102771259844, 0.00640930747613, 0.00440812809393, 0.00400687614456, 0.00425359001383, 0.00373880937696, 0.00193393591326, 0.00138215941843, 0.000955847615842, 0.000943741935771, 0.00126467016526, 0.00132392940577, 0.00186767149717, 0.00222832546569, 0.00192800955847, 0.00253129354678, 0.00175854424015, 0.000992926536128, 0.000348701520124, 5.76824968448e-05, 2.4974333428e-05, 4.67510699309e-06, 3.38144801049e-09, 1.94842963985e-09],
        "median": [2.43837283698e-10, 5.24788923428e-08, 6.43691180358e-07, 1.67901180248e-06, 8.45173235575e-06, 1.501666884e-05, 1.29037571241e-05, 2.05002797884e-05, 1.00160686998e-05, 1.04016371552e-05, 1.92302941286e-05, 1.97780773306e-05, 1.32114255393e-05, 1.37660917972e-05, 9.88609190244e-06, 1.34838637678e-05, 9.74472641246e-06, 9.15806322155e-06, 1.17807157949e-05, 6.3195934672e-06, 2.13485645872e-06, 1.86587328699e-07, 2.90011925586e-08, 6.14653883346e-09, 7.08933245441e-10, 1.51415750597e-12, 1.09040760362e-12],
        "min": [1.3416345434e-16, 7.75666450981e-16, 2.29658097044e-15, 4.23911275684e-15, 1.13910515406e-14, 3.10494699071e-14, 1.75200552308e-13, 1.78048304182e-13, 4.01409103439e-13, 1.10748785359e-13, 3.11203157428e-13, 2.44725192802e-13, 9.48368580932e-14, 6.59568250643e-15, 2.45054797038e-14, 7.27255305673e-14, 1.14932260757e-13, 4.22452701889e-14, 2.54096263886e-14, 1.87397637013e-14, 2.75598551006e-14, 1.03093243984e-14, 2.51640592553e-15, 1.44415845842e-15, 9.0949379206e-16, 5.79579514832e-17, 5.58955784579e-17],
        "skew": [3.39145946503, 4.4126791954, 6.85303783417, 4.05444145203, 2.51201796532, 2.38567996025, 2.89297676086, 3.35429048538, 2.64105892181, 3.01189684868, 4.38713312149, 3.1154229641, 1.92016708851, 2.81912517548, 2.22809433937, 2.71622681618, 3.6132774353, 2.91427540779, 2.99419426918, 2.8141605854, 2.40213274956, 2.69186329842, 3.33587217331, 2.80679154396, 2.91461753845, 3.51759529114, 3.57106351852],
        "var": [3.56129709056e-11, 2.004812103e-07, 8.96810615814e-06, 8.10360234027e-06, 0.000208834680961, 8.96884594113e-05, 9.08853326109e-05, 0.000102491918369, 6.79708900861e-05, 2.07242228498e-05, 1.59198916663e-05, 4.78342144561e-06, 2.74096942121e-06, 6.85114446242e-06, 6.11554560237e-06, 1.39982230394e-05, 2.45331084443e-05, 1.81739160325e-05, 4.01457182306e-05, 1.49221386891e-05, 4.57164105683e-06, 7.31434454337e-07, 2.19505853494e-08, 3.96655952528e-09, 1.58960455909e-10, 7.24158906854e-17, 2.77370203001e-17],
        "cov": [[3.61608624988e-11, 1.8109596045e-09, 6.69904709483e-09, 9.75541514237e-09, 6.37550598981e-08, 2.7617561571e-08, 4.45987247133e-08, 5.01950374598e-08, 3.23577857841e-08, 1.9472286894e-08, 1.6132213787e-08, 1.17388365695e-08, 5.99926686107e-09, 9.99120253198e-09, 1.0700755837e-08, 1.7430911825e-08, 1.75638117383e-08, 1.82847710306e-08, 3.38244703357e-08, 2.10944204326e-08, 1.18486083167e-08, 4.68850158697e-09, 7.05671576728e-10, 3.28727489673e-10, 6.17568080008e-11, 3.05128846994e-14, 1.2577314407e-14], [1.8109596045e-09, 2.03565534207e-07, 3.37107991299e-07, 3.42814701071e-07, 4.1831613089e-06, 1.41150553645e-06, 2.79893333754e-06, 1.58537966399e-06, 1.33955154524e-06, 1.39326550652e-06, 7.91647210008e-07, 7.50503488689e-07, 3.97782883965e-07, 6.12136489053e-07, 7.53480378535e-07, 9.25859751533e-07, 1.543364192e-06, 1.40089900924e-06, 2.06391177926e-06, 1.05021797481e-06, 6.22613583801e-07, 2.71395720119e-07, 3.64966510347e-08, 2.1006758999e-08, 3.72970232476e-09, 1.35702289249e-12, 4.24010300612e-13], [6.69904709483e-09, 3.37107991299e-07, 9.10607741389e-06, 5.52532219444e-06, 1.4953576283e-05, 6.92520552548e-06, 6.71057887303e-06, 1.18871739687e-05, 1.31895358209e-05, 3.38658355759e-06, 3.41724012287e-06, 1.35078403218e-06, 2.26275051318e-06, 1.54232554905e-06, 2.03843751478e-06, 3.53728432856e-06, 5.38772837899e-06, 5.29840326635e-06, 4.4455182433e-06, 4.22557150159e-06, 2.5469830689e-06, 1.06146706003e-06, 1.13422657932e-07, 5.89300235276e-08, 1.51559778061e-08, 7.94662252668e-12, 5.80436046449e-12], [9.75541514237e-09, 3.42814701071e-07, 5.52532219444e-06, 8.22827314551e-06, 2.20906658797e-05, 1.6566238628e-05, 1.72171257873e-05, 1.86470169865e-05, 1.76622215804e-05, 7.97716620582e-06, 9.4675751825e-06, 3.48756634594e-06, 3.29126828547e-06, 3.71075930161e-06, 3.54673943548e-06, 6.35233391222e-06, 5.89250521443e-06, 7.2329107752e-06, 9.4165570772e-06, 7.59429440222e-06, 4.30326053902e-06, 1.75631862476e-06, 3.41903643175e-07, 1.19634464113e-07, 2.88582526764e-08, 1.63156519545e-11, 7.96383618773e-12], [6.37550598981e-08, 4.1831613089e-06, 1.4953576283e-05, 2.20906658797e-05, 0.000212047525565, 0.000103855410998, 8.4876359324e-05, 0.000105403596535, 7.80033951742e-05, 4.94382729812e-05, 3.63075560017e-05, 2.50767516263e-05, 1.62455999089e-05, 2.74944541161e-05, 2.41789821303e-05, 4.31094413216e-05, 5.69630901737e-05, 5.54984435439e-05, 7.34190398362e-05, 4.34554895037e-05, 2.51002784353e-05, 9.94645688479e-06, 1.5627990706e-06, 6.86110354309e-07, 1.29281886529e-07, 6.54264489808e-11, 2.72824089709e-11], [2.7617561571e-08, 1.41150553645e-06, 6.92520552548e-06, 1.6566238628e-05, 0.000103855410998, 9.10682792892e-05, 4.95192689414e-05, 4.90464626637e-05, 5.55847473152e-05, 2.95505069516e-05, 1.96771561605e-05, 1.26216882563e-05, 1.03044612842e-05, 1.75520508492e-05, 1.44342166095e-05, 2.54025781032e-05, 2.81025277218e-05, 2.80828735413e-05, 3.51647504431e-05, 2.45148494287e-05, 1.449593492e-05, 5.05457410327e-06, 8.97352833817e-07, 3.43090732713e-07, 7.02579470158e-08, 5.31385768721e-11, 2.82550562808e-11], [4.45987247133e-08, 2.79893333754e-06, 6.71057887303e-06, 1.72171257873e-05, 8.4876359324e-05, 4.95192689414e-05, 9.22835752135e-05, 6.8183595431e-05, 4.88770710945e-05, 2.76175669569e-05, 2.76776863757e-05, 1.67157650139e-05, 9.90411535895e-06, 1.47755745274e-05, 1.75656568899e-05, 2.71343869827e-05, 3.36249322572e-05, 3.10061113851e-05, 5.2738301747e-05, 3.3218988392e-05, 1.76655175892e-05, 7.23334505892e-06, 1.24037057958e-06, 5.53342033527e-07, 1.02284232639e-07, 5.5462183457e-11, 2.23558949131e-11], [5.01950374598e-08, 1.58537966399e-06, 1.18871739687e-05, 1.86470169865e-05, 0.000105403596535, 4.90464626637e-05, 6.8183595431e-05, 0.000104068712972, 6.07946021773e-05, 2.58172785834e-05, 2.95950412692e-05, 1.51605790961e-05, 1.05528824861e-05, 1.46417041833e-05, 1.42553190017e-05, 2.57001738646e-05, 2.35843817791e-05, 2.53522448475e-05, 4.43756653112e-05, 3.19415157719e-05, 1.69903669303e-05, 6.4221253524e-06, 1.13636792776e-06, 4.56211466826e-07, 8.7583480024e-08, 5.70329998506e-11, 2.77341673932e-11], [3.23577857841e-08, 1.33955154524e-06, 1.31895358209e-05, 1.76622215804e-05, 7.80033951742e-05, 5.55847473152e-05, 4.88770710945e-05, 6.07946021773e-05, 6.90165979904e-05, 2.32105940086e-05, 2.02227147383e-05, 1.11394056148e-05, 9.0614948931e-06, 1.25461110656e-05, 1.12382231237e-05, 2.20135098061e-05, 2.27754608204e-05, 2.31208105106e-05, 3.26672998199e-05, 2.4578304874e-05, 1.35467898872e-05, 5.11764937983e-06, 8.7270569793e-07, 3.72138487137e-07, 7.77151072384e-08, 6.47682255051e-11, 3.52760112787e-11], [1.9472286894e-08, 1.39326550652e-06, 3.38658355759e-06, 7.97716620582e-06, 4.94382729812e-05, 2.95505069516e-05, 2.76175669569e-05, 2.58172785834e-05, 2.32105940086e-05, 2.10430571315e-05, 1.40391548484e-05, 8.39378208184e-06, 5.7236838984e-06, 9.30178339331e-06, 8.82129006641e-06, 1.21032253446e-05, 1.33056018967e-05, 1.51691328938e-05, 2.12820123124e-05, 1.2872365005e-05, 7.91625552665e-06, 3.07274058287e-06, 5.45169086763e-07, 2.17379025003e-07, 4.74417021223e-08, 2.06740631559e-11, 6.67398167981e-12], [1.6132213787e-08, 7.91647210008e-07, 3.41724012287e-06, 9.4675751825e-06, 3.63075560017e-05, 1.96771561605e-05, 2.76776863757e-05, 2.95950412692e-05, 2.02227147383e-05, 1.40391548484e-05, 1.61648131325e-05, 6.64964136377e-06, 4.21530876338e-06, 6.3257293732e-06, 5.85101361139e-06, 9.67902906268e-06, 7.9531882875e-06, 1.08445610749e-05, 1.66317477124e-05, 1.14488557301e-05, 6.2227250055e-06, 2.68354892796e-06, 5.55379301659e-07, 1.97500412469e-07, 4.5287070094e-08, 2.05265943132e-11, 6.1873123812e-12], [1.17388365695e-08, 7.50503488689e-07, 1.35078403218e-06, 3.48756634594e-06, 2.50767516263e-05, 1.26216882563e-05, 1.67157650139e-05, 1.51605790961e-05, 1.11394056148e-05, 8.39378208184e-06, 6.64964136377e-06, 4.85701229991e-06, 2.5135220767e-06, 4.83538678964e-06, 4.76771492686e-06, 7.24835035726e-06, 7.43235750633e-06, 7.73431474954e-06, 1.28094825413e-05, 7.75020453148e-06, 4.20980450144e-06, 1.74657634489e-06, 2.79018962601e-07, 1.29059159804e-07, 2.47496192429e-08, 1.17593226823e-11, 3.93705467533e-12], [5.99926686107e-09, 3.97782883965e-07, 2.26275051318e-06, 3.29126828547e-06, 1.62455999089e-05, 1.03044612842e-05, 9.90411535895e-06, 1.05528824861e-05, 9.0614948931e-06, 5.7236838984e-06, 4.21530876338e-06, 2.5135220767e-06, 2.78313814306e-06, 3.40231622431e-06, 3.41424993167e-06, 4.57364194517e-06, 5.1499437177e-06, 4.94107644045e-06, 6.22339575784e-06, 4.44324587079e-06, 2.5665267458e-06, 9.44692089888e-07, 1.65016501796e-07, 6.71720812306e-08, 1.3653687958e-08, 7.91352313539e-12, 4.24860710849e-12], [9.99120253198e-09, 6.12136489053e-07, 1.54232554905e-06, 3.71075930161e-06, 2.74944541161e-05, 1.75520508492e-05, 1.47755745274e-05, 1.46417041833e-05, 1.25461110656e-05, 9.30178339331e-06, 6.3257293732e-06, 4.83538678964e-06, 3.40231622431e-06, 6.9565467129e-06, 6.00252315053e-06, 8.97836980585e-06, 8.89092916623e-06, 8.71017709869e-06, 1.24860371216e-05, 7.97848406364e-06, 4.32067508882e-06, 1.65395147178e-06, 2.69847049594e-07, 1.19734465898e-07, 2.30629506603e-08, 1.13121118375e-11, 3.6414447846e-12], [1.0700755837e-08, 7.53480378535e-07, 2.03843751478e-06, 3.54673943548e-06, 2.41789821303e-05, 1.44342166095e-05, 1.75656568899e-05, 1.42553190017e-05, 1.12382231237e-05, 8.82129006641e-06, 5.85101361139e-06, 4.76771492686e-06, 3.41424993167e-06, 6.00252315053e-06, 6.20963101028e-06, 8.25474853627e-06, 9.24553023651e-06, 8.45957220008e-06, 1.26431359604e-05, 7.92849368736e-06, 4.30097588833e-06, 1.68551150637e-06, 2.5752879651e-07, 1.23760571569e-07, 2.30268941692e-08, 1.11141209083e-11, 4.26145924104e-12], [1.7430911825e-08, 9.25859751533e-07, 3.53728432856e-06, 6.35233391222e-06, 4.31094413216e-05, 2.54025781032e-05, 2.71343869827e-05, 2.57001738646e-05, 2.20135098061e-05, 1.21032253446e-05, 9.67902906268e-06, 7.24835035726e-06, 4.57364194517e-06, 8.97836980585e-06, 8.25474853627e-06, 1.42135804708e-05, 1.50218675117e-05, 1.39919393405e-05, 2.12907234527e-05, 1.34711754072e-05, 7.190202723e-06, 2.85533678834e-06, 4.45418919526e-07, 2.0277383328e-07, 3.81969549323e-08, 1.98377165389e-11, 7.29739619426e-12], [1.75638117383e-08, 1.543364192e-06, 5.38772837899e-06, 5.89250521443e-06, 5.69630901737e-05, 2.81025277218e-05, 3.36249322572e-05, 2.35843817791e-05, 2.27754608204e-05, 1.33056018967e-05, 7.9531882875e-06, 7.43235750633e-06, 5.1499437177e-06, 8.89092916623e-06, 9.24553023651e-06, 1.50218675117e-05, 2.49105414696e-05, 2.00461527129e-05, 2.65053495241e-05, 1.46763886733e-05, 8.22956644697e-06, 3.33033835886e-06, 4.63376636617e-07, 2.4161781198e-07, 4.10585379029e-08, 1.96397880597e-11, 7.81370974867e-12], [1.82847710306e-08, 1.40089900924e-06, 5.29840326635e-06, 7.2329107752e-06, 5.54984435439e-05, 2.80828735413e-05, 3.10061113851e-05, 2.53522448475e-05, 2.31208105106e-05, 1.51691328938e-05, 1.08445610749e-05, 7.73431474954e-06, 4.94107644045e-06, 8.71017709869e-06, 8.45957220008e-06, 1.39919393405e-05, 2.00461527129e-05, 1.84535165317e-05, 2.44909497269e-05, 1.41484752021e-05, 7.9779256339e-06, 3.30949865202e-06, 5.05869024892e-07, 2.3569580776e-07, 4.48869776903e-08, 2.00375029069e-11, 6.79463690173e-12], [3.38244703357e-08, 2.06391177926e-06, 4.4455182433e-06, 9.4165570772e-06, 7.34190398362e-05, 3.51647504431e-05, 5.2738301747e-05, 4.43756653112e-05, 3.26672998199e-05, 2.12820123124e-05, 1.66317477124e-05, 1.28094825413e-05, 6.22339575784e-06, 1.24860371216e-05, 1.26431359604e-05, 2.12907234527e-05, 2.65053495241e-05, 2.44909497269e-05, 4.07633451687e-05, 2.36437172134e-05, 1.29914433273e-05, 5.28734199179e-06, 8.13296594515e-07, 3.85493621025e-07, 6.9783233414e-08, 3.19561148376e-11, 9.91391517491e-12], [2.10944204326e-08, 1.05021797481e-06, 4.22557150159e-06, 7.59429440222e-06, 4.34554895037e-05, 2.45148494287e-05, 3.3218988392e-05, 3.19415157719e-05, 2.4578304874e-05, 1.2872365005e-05, 1.14488557301e-05, 7.75020453148e-06, 4.44324587079e-06, 7.97848406364e-06, 7.92849368736e-06, 1.34711754072e-05, 1.46763886733e-05, 1.41484752021e-05, 2.36437172134e-05, 1.51517106133e-05, 8.14365375845e-06, 3.24361189996e-06, 5.20590617725e-07, 2.35519024727e-07, 4.43495196123e-08, 2.43613566819e-11, 9.73729603893e-12], [1.18486083167e-08, 6.22613583801e-07, 2.5469830689e-06, 4.30326053902e-06, 2.51002784353e-05, 1.449593492e-05, 1.76655175892e-05, 1.69903669303e-05, 1.35467898872e-05, 7.91625552665e-06, 6.2227250055e-06, 4.20980450144e-06, 2.5665267458e-06, 4.32067508882e-06, 4.30097588833e-06, 7.190202723e-06, 8.22956644697e-06, 7.9779256339e-06, 1.29914433273e-05, 8.14365375845e-06, 4.64197410111e-06, 1.79214816853e-06, 2.86576806729e-07, 1.26187615024e-07, 2.4220963013e-08, 1.24749134633e-11, 5.06967167899e-12], [4.68850158697e-09, 2.71395720119e-07, 1.06146706003e-06, 1.75631862476e-06, 9.94645688479e-06, 5.05457410327e-06, 7.23334505892e-06, 6.4221253524e-06, 5.11764937983e-06, 3.07274058287e-06, 2.68354892796e-06, 1.74657634489e-06, 9.44692089888e-07, 1.65395147178e-06, 1.68551150637e-06, 2.85533678834e-06, 3.33033835886e-06, 3.30949865202e-06, 5.28734199179e-06, 3.24361189996e-06, 1.79214816853e-06, 7.42687291222e-07, 1.18371112023e-07, 5.32661132979e-08, 1.03997788159e-08, 4.92304287614e-12, 1.75493929284e-12], [7.05671576728e-10, 3.64966510347e-08, 1.13422657932e-07, 3.41903643175e-07, 1.5627990706e-06, 8.97352833817e-07, 1.24037057958e-06, 1.13636792776e-06, 8.7270569793e-07, 5.45169086763e-07, 5.55379301659e-07, 2.79018962601e-07, 1.65016501796e-07, 2.69847049594e-07, 2.5752879651e-07, 4.45418919526e-07, 4.63376636617e-07, 5.05869024892e-07, 8.13296594515e-07, 5.20590617725e-07, 2.86576806729e-07, 1.18371112023e-07, 2.22882867718e-08, 8.72263594687e-09, 1.80957593354e-09, 8.88571930879e-13, 2.97741594834e-13], [3.28727489673e-10, 2.1006758999e-08, 5.89300235276e-08, 1.19634464113e-07, 6.86110354309e-07, 3.43090732713e-07, 5.53342033527e-07, 4.56211466826e-07, 3.72138487137e-07, 2.17379025003e-07, 1.97500412469e-07, 1.29059159804e-07, 6.71720812306e-08, 1.19734465898e-07, 1.23760571569e-07, 2.0277383328e-07, 2.4161781198e-07, 2.3569580776e-07, 3.85493621025e-07, 2.35519024727e-07, 1.26187615024e-07, 5.32661132979e-08, 8.72263594687e-09, 4.02758359996e-09, 7.68058838752e-10, 3.93998608695e-13, 1.41751180563e-13], [6.17568080008e-11, 3.72970232476e-09, 1.51559778061e-08, 2.88582526764e-08, 1.29281886529e-07, 7.02579470158e-08, 1.02284232639e-07, 8.7583480024e-08, 7.77151072384e-08, 4.74417021223e-08, 4.5287070094e-08, 2.47496192429e-08, 1.3653687958e-08, 2.30629506603e-08, 2.30268941692e-08, 3.81969549323e-08, 4.10585379029e-08, 4.48869776903e-08, 6.9783233414e-08, 4.43495196123e-08, 2.4220963013e-08, 1.03997788159e-08, 1.80957593354e-09, 7.68058838752e-10, 1.61405999677e-10, 7.84849480328e-14, 2.67812336164e-14], [3.05128846994e-14, 1.35702289249e-12, 7.94662252668e-12, 1.63156519545e-11, 6.54264489808e-11, 5.31385768721e-11, 5.5462183457e-11, 5.70329998506e-11, 6.47682255051e-11, 2.06740631559e-11, 2.05265943132e-11, 1.17593226823e-11, 7.91352313539e-12, 1.13121118375e-11, 1.11141209083e-11, 1.98377165389e-11, 1.96397880597e-11, 2.00375029069e-11, 3.19561148376e-11, 2.43613566819e-11, 1.24749134633e-11, 4.92304287614e-12, 8.88571930879e-13, 3.93998608695e-13, 7.84849480328e-14, 7.35299772391e-17, 4.04606132207e-17], [1.2577314407e-14, 4.24010300612e-13, 5.80436046449e-12, 7.96383618773e-12, 2.72824089709e-11, 2.82550562808e-11, 2.23558949131e-11, 2.77341673932e-11, 3.52760112787e-11, 6.67398167981e-12, 6.1873123812e-12, 3.93705467533e-12, 4.24860710849e-12, 3.6414447846e-12, 4.26145924104e-12, 7.29739619426e-12, 7.81370974867e-12, 6.79463690173e-12, 9.91391517491e-12, 9.73729603893e-12, 5.06967167899e-12, 1.75493929284e-12, 2.97741594834e-13, 1.41751180563e-13, 2.67812336164e-14, 4.04606132207e-17, 2.81637429258e-17]]
    },
    "mfcc": {
        "kurt": [-1.39057385921, -1.18243145943, -0.827266454697, -1.28523254395, -0.805669784546, -0.776250600815, -0.513087511063, -0.777920246124, -0.727585554123, 0.300128221512, -0.0652265548706, -0.516840696335, -0.233664751053],
        "max": [-444.727905273, 157.554626465, -6.103515625e-05, 56.4384040833, 14.7656402588, 8.65059661865, 18.3790168762, 21.440820694, 7.83765029907, 9.68293952942, 13.0556602478, 7.75402069092, 4.50705718994],
        "mean": [-828.046936035, 89.1539916992, -60.5136947632, 8.9225320816, -19.4320774078, -12.9277095795, -6.05273914337, -6.95457553864, -5.43700265884, -4.20676708221, -6.47087907791, -3.99403429031, -4.8349275589],
        "median": [-862.052490234, 105.771270752, -59.4741439819, 9.20346450806, -21.3110198975, -11.5714740753, -2.87772750854, -7.09090805054, -4.54975128174, -3.50919723511, -6.32263183594, -3.88338851929, -5.13132190704],
        "min": [-1138.42004395, 1.14440917969e-05, -125.207199097, -39.2544937134, -55.1791381836, -35.3725242615, -45.2050323486, -35.7520141602, -19.8392791748, -21.9915084839, -21.7628593445, -15.8274307251, -22.2026367188],
        "skew": [0.248183056712, -0.489344477654, 0.167195051908, -0.057926774025, 0.149370014668, -0.244834020734, -0.438364595175, -0.136453747749, -0.139511182904, -0.362869471312, 0.260247528553, -0.239586010575, -0.531361222267],
        "var": [56571.8789062, 2365.87109375, 1167.7989502, 795.424682617, 238.404541016, 121.610351562, 225.177017212, 195.384689331, 48.2004432678, 38.9248390198, 58.5523986816, 30.703420639, 39.2601509094],
        "cov": [[57442.2148438, 9615.11425781, -3997.48217773, 6066.21728516, -2671.96630859, -557.533508301, -2662.70117188, -1918.6138916, -653.640625, -494.8019104, -955.807434082, -445.676757812, -1014.73822021], [9615.11425781, 2402.26904297, -1361.6315918, 1050.85705566, -540.760437012, -278.581268311, -468.494354248, -517.10546875, -194.820922852, -144.045639038, -225.659973145, -94.5540237427, -178.533309937], [-3997.48217773, -1361.6315918, 1185.76513672, -451.72869873, 248.498245239, 185.559997559, 218.832687378, 311.194274902, 124.684928894, 77.3418960571, 127.496871948, 75.9597167969, 75.8003463745], [6066.21728516, 1050.85705566, -451.72869873, 807.661987305, -285.276916504, -52.7611503601, -319.593475342, -256.447296143, -79.639541626, -63.526134491, -120.4165802, -47.9102783203, -112.934410095], [-2671.96630859, -540.760437012, 248.498245239, -285.276916504, 242.072296143, 56.0539321899, 172.466949463, 134.347305298, 33.6097755432, 52.5880661011, 63.2531166077, 20.1835517883, 38.2159004211], [-557.533508301, -278.581268311, 185.559997559, -52.7611503601, 56.0539321899, 123.481277466, 30.6319122314, 80.5808105469, 24.7960624695, 24.2225589752, 25.4175395966, 13.2768220901, 7.84747076035], [-2662.70117188, -468.494354248, 218.832687378, -319.593475342, 172.466949463, 30.6319122314, 228.641281128, 153.026443481, 53.8355102539, 34.6277084351, 47.7379646301, 14.8198947906, 42.0195960999], [-1918.6138916, -517.10546875, 311.194274902, -256.447296143, 134.347305298, 80.5808105469, 153.026443481, 198.390609741, 70.2634887695, 42.3911895752, 51.8463821411, 13.2695388794, 32.0057830811], [-653.640625, -194.820922852, 124.684928894, -79.639541626, 33.6097755432, 24.7960624695, 53.8355102539, 70.2634887695, 48.9419898987, 20.3124542236, 14.9862804413, 4.46089315414, 11.864607811], [-494.8019104, -144.045639038, 77.3418960571, -63.526134491, 52.5880661011, 24.2225589752, 34.6277084351, 42.3911895752, 20.3124542236, 39.5236816406, 23.3299808502, 4.53068256378, 8.03042507172], [-955.807434082, -225.659973145, 127.496871948, -120.4165802, 63.2531166077, 25.4175395966, 47.7379646301, 51.8463821411, 14.9862804413, 23.3299808502, 59.4532051086, 17.8573226929, 20.3368186951], [-445.676757812, -94.5540237427, 75.9597167969, -47.9102783203, 20.1835517883, 13.2768220901, 14.8198947906, 13.2695388794, 4.46089315414, 4.53068256378, 17.8573226929, 31.17578125, 15.0614452362], [-1014.73822021, -178.533309937, 75.8003463745, -112.934410095, 38.2159004211, 7.84747076035, 42.0195960999, 32.0057830811, 11.864607811, 8.03042507172, 20.3368186951, 15.0614452362, 39.864151001]]
    },
    "sccoeffs": {
        "kurt": [-1.04427087307, 0.163969278336, 0.173761844635, -0.923388719559, -0.768536567688, -0.584608078003],
        "max": [-0.39189478755, -0.537751078606, -0.637492656708, -0.694931864738, -0.707607030869, -0.621453523636],
        "mean": [-0.666801929474, -0.801659226418, -0.830195426941, -0.830601871014, -0.819471359253, -0.73483133316],
        "median": [-0.708410322666, -0.823179721832, -0.860386610031, -0.846195697784, -0.837654471397, -0.738007605076],
        "min": [-0.921360373497, -0.92956340313, -0.952379882336, -0.919502198696, -0.93040317297, -0.902445793152],
        "skew": [0.440042763948, 1.00955581665, 1.03392457962, 0.522064268589, 0.461855322123, -0.446606189013],
        "var": [0.0204882062972, 0.00855784676969, 0.00571553269401, 0.00348698161542, 0.00256428914145, 0.00499332975596],
        "cov": [[0.0208034086972, 0.0110677974299, 0.00910633336753, 0.00751175405458, 0.0062988861464, 0.00856899563223], [0.0110677974299, 0.00868950597942, 0.00551526620984, 0.00453610904515, 0.00388352782466, 0.0049301260151], [0.00910633336753, 0.00551526620984, 0.00580346398056, 0.00365491490811, 0.00306380586699, 0.00400004442781], [0.00751175405458, 0.00453610904515, 0.00365491490811, 0.00354062765837, 0.0025447839871, 0.00333918118849], [0.0062988861464, 0.00388352782466, 0.00306380586699, 0.0025447839871, 0.00260373973288, 0.00302777532488], [0.00856899563223, 0.0049301260151, 0.00400004442781, 0.00333918118849, 0.00302777532488, 0.00507015036419]]
    },
    "scvalleys": {
        "kurt": [-0.511632919312, -0.727630138397, 0.421978473663, 0.757028579712, -0.0810053348541, -1.11022830009],
        "max": [-4.67946863174, -3.09258294106, -3.72344350815, -4.34385728836, -4.35269451141, -7.28848361969],
        "mean": [-9.45811462402, -7.56133556366, -7.45867586136, -7.8500995636, -8.53689289093, -12.5741043091],
        "median": [-9.58529472351, -7.05937576294, -7.20089244843, -7.69164323807, -8.32967281342, -12.6570425034],
        "min": [-18.1785869598, -16.3355789185, -16.0164871216, -17.5443077087, -17.827703476, -19.9606342316],
        "skew": [-0.215412124991, -0.302825629711, -0.644243955612, -0.814539194107, -0.596234738827, 0.0450760759413],
        "var": [9.69467163086, 9.20185565948, 6.27148485184, 7.35302448273, 8.85627937317, 10.8485822678],
        "cov": [[9.8438205719, 9.27481937408, 7.71349716187, 8.29235553741, 9.21088123322, 10.2280521393], [9.27481937408, 9.34342193604, 7.53021526337, 8.13605499268, 8.97019767761, 9.93178939819], [7.71349716187, 7.53021526337, 6.3679690361, 6.82629585266, 7.48577165604, 8.11238288879], [8.29235553741, 8.13605499268, 6.82629585266, 7.46614789963, 8.13063430786, 8.69976329803], [9.21088123322, 8.97019767761, 7.48577165604, 8.13063430786, 8.99252986908, 9.70302677155], [10.2280521393, 9.93178939819, 8.11238288879, 8.69976329803, 9.70302677155, 11.0154829025]]
    }
},
"rhythm": {
    "beats_loudness": {
        "kurt": -1.99999988079,
        "max": 0.00788031984121,
        "mean": 0.00394656462595,
        "median": 0.00394656462595,
        "min": 1.28095643959e-05,
        "skew": 0,
        "var": 1.54744302563e-05
    },
    "bpm": 123.046875,
    "confidence": 0,
    "first_peak_bpm": {
        "kurt": 0,
        "max": 123,
        "mean": 123,
        "median": 123,
        "min": 123,
        "skew": 0,
        "var": 0
    },
    "first_peak_spread": {
        "kurt": 0,
        "max": 0,
        "mean": 0,
        "median": 0,
        "min": 0,
        "skew": 0,
        "var": 0
    },
    "first_peak_weight": {
        "kurt": 0,
        "max": 1,
        "mean": 1,
        "median": 1,
        "min": 1,
        "skew": 0,
        "var": 0
    },
    "onset_rate": 1.3358373642,
    "second_peak_bpm": {
        "kurt": 0,
        "max": 0,
        "mean": 0,
        "median": 0,
        "min": 0,
        "skew": 0,
        "var": 0
    },
    "second_peak_spread": {
        "kurt": 0,
        "max": 0,
        "mean": 0,
        "median": 0,
        "min": 0,
        "skew": 0,
        "var": 0
    },
    "second_peak_weight": {
        "kurt": 0,
        "max": 0,
        "mean": 0,
        "median": 0,
        "min": 0,
        "skew": 0,
        "var": 0
    },
    "beats_loudness_band_ratio": {
        "kurt": [-2, -2, -2, -2, -2, -2],
        "max": [0.0344475694001, 0.14457668364, 0.177012443542, 0.420779168606, 0.457616984844, 0.135564863682],
        "mean": [0.0184420868754, 0.0840662643313, 0.168654471636, 0.295930981636, 0.355906039476, 0.113229595125],
        "median": [0.0184420868754, 0.0840662643313, 0.168654471636, 0.295930981636, 0.355906039476, 0.113229595125],
        "min": [0.0024366050493, 0.0235558412969, 0.160296499729, 0.171082779765, 0.254195094109, 0.0908943265676],
        "skew": [0, -9.85192016856e-08, 0, -1.79466994155e-07, 0, 0],
        "var": [0.000256175466347, 0.00366151100025, 6.98556978023e-05, 0.0155870718881, 0.0103451162577, 0.000498864217661],
        "cov": [[0.000512350932695, -0.00193699705414, 0.000267546740361, 0.00399651098996, -0.00325586553663, 0.000714973488357], [-0.00193699705414, 0.00732302200049, -0.00101148872636, -0.0151092335582, 0.012309144251, -0.002703032922], [0.000267546740361, -0.00101148872636, 0.000139711395605, 0.00208695558831, -0.00170019443613, 0.000373355083866], [0.00399651098996, -0.0151092335582, 0.00208695558831, 0.0311741437763, -0.025396855548, 0.0055770361796], [-0.00325586553663, 0.012309144251, -0.00170019443613, -0.025396855548, 0.0206902325153, -0.00454348279163], [0.000714973488357, -0.002703032922, 0.000373355083866, 0.0055770361796, -0.00454348279163, 0.000997728435323]]
    },
    "beats_position": [0.487619042397, 0.975238084793],
    "bpm_estimates": [123.046875],
    "bpm_intervals": [0.487619042397],
    "onset_times": [0.0116099771112, 0.522448956966],
    "histogram": [[0, 0, 0, 0, 0, 0, 0, 0, 0, 0, 0, 0, 0, 0, 0, 0, 0, 0, 0, 0, 0, 0, 0, 0, 0, 0, 0, 0, 0, 0, 0, 0, 0, 0, 0, 0, 0, 0, 0, 0, 0, 0, 0, 0, 0, 0, 0, 0, 0, 0, 0, 0, 0, 0, 0, 0, 0, 0, 0, 0, 0, 0, 0, 0, 0, 0, 0, 0, 0, 0, 0, 0, 0, 0, 0, 0, 0, 0, 0, 0, 0, 0, 0, 0, 0, 0, 0, 0, 0, 0, 0, 0, 0, 0, 0, 0, 0, 0, 0, 0, 0, 0, 0, 0, 0, 0, 0, 0, 0, 0, 0, 0, 0, 0, 0, 0, 0, 0, 0, 0, 0, 0, 0, 1, 0, 0, 0, 0, 0, 0, 0, 0, 0, 0, 0, 0, 0, 0, 0, 0, 0, 0, 0, 0, 0, 0, 0, 0, 0, 0, 0, 0, 0, 0, 0, 0, 0, 0, 0, 0, 0, 0, 0, 0, 0, 0, 0, 0, 0, 0, 0, 0, 0, 0, 0, 0, 0, 0, 0, 0, 0, 0, 0, 0, 0, 0, 0, 0, 0, 0, 0, 0, 0, 0, 0, 0, 0, 0, 0, 0, 0, 0, 0, 0, 0, 0, 0, 0, 0, 0, 0, 0, 0, 0, 0, 0, 0, 0, 0, 0, 0, 0, 0, 0, 0, 0, 0, 0, 0, 0, 0, 0, 0, 0, 0, 0, 0, 0, 0, 0, 0, 0, 0, 0, 0, 0, 0, 0, 0, 0]]
},
"sfx": {
    "inharmonicity": {
        "kurt": -1.12734651566,
        "max": 0.344400525093,
        "mean": 0.127544566989,
        "median": 0.0899296700954,
        "min": 0,
        "skew": 0.51381367445,
        "var": 0.0116498367861
    },
    "oddtoevenharmonicenergyratio": {
        "kurt": 3.1500749588,
        "max": 4.07050657272,
        "mean": 0.891885221004,
        "median": 0.741215705872,
        "min": 0,
        "skew": 1.474396348,
        "var": 0.58709603548
    },
    "pitch_after_max_to_before_max_energy_ratio": 3.16191411018,
    "pitch_centroid": 36.9377479553,
    "pitch_max_to_total": 0.0757575780153,
    "pitch_min_to_total": 0.484848499298,
    "tristimulus": {
        "kurt": [0.513889312744, -0.283457994461, -1.20523452759],
        "max": [1, 0.663156807423, 0.905294299126],
        "mean": [0.231106340885, 0.336538314819, 0.432355344296],
        "median": [0.12279945612, 0.319374531507, 0.495610237122],
        "min": [0, 0, 0],
        "skew": [1.18696272373, 0.238347753882, -0.290610134602],
        "var": [0.0586816519499, 0.0198327098042, 0.079655893147],
        "cov": [[0.0595844462514, 0.000579545914661, -0.0601640045643], [0.000579545914661, 0.0201378297061, -0.0207173805684], [-0.0601640045643, -0.0207173805684, 0.0808813646436]]
    }
},
"tonal": {
    "chords_changes_rate": 0.205882355571,
    "chords_number_rate": 0.147058829665,
    "chords_strength": {
        "kurt": 1.07490301132,
        "max": 0.414809495211,
        "mean": 0.339814126492,
        "median": 0.332430690527,
        "min": 0.277987807989,
        "skew": 0.562641978264,
        "var": 0.000781320501119
    },
    "key_strength": 0.535203635693,
    "tuning_diatonic_strength": 0.461767613888,
    "tuning_equal_tempered_deviation": 0.282839596272,
    "tuning_frequency": 435.197479248,
    "tuning_nontempered_energy_ratio": 0.921094119549,
    "hpcp": {
        "kurt": [-0.403110742569, -0.323561429977, -0.0342772006989, 0.134108066559, -0.594293832779, -0.45614361763, -0.81036901474, -0.947794675827, -0.78965139389, -0.988128423691, -0.877923488617, -0.359921455383, -0.45362496376, 0.0122134685516, 0.00191783905029, 1.28590393066, -0.1147544384, 0.152063846588, 0.459862947464, -0.342811584473, -0.31533241272, -0.976615667343, -0.250224113464, 1.19051170349, 0.410302639008, -0.212472915649, -0.793797969818, -0.51952958107, -0.0617046356201, -0.333525419235, 0.217224597931, -0.48636841774, -0.803319692612, -0.330908298492, -0.820316791534, -0.358222007751],
        "max": [0.822145342827, 1, 0.9183421731, 1, 1, 1, 0.86226695776, 1, 0.887977898121, 1, 1, 1, 0.921870589256, 1, 1, 0.920823693275, 1, 1, 1, 0.85022854805, 1, 1, 1, 0.985103368759, 0.959367573261, 1, 0.984913766384, 1, 1, 0.859535872936, 0.995239973068, 1, 0.979525864124, 1, 1, 1],
        "mean": [0.37057107687, 0.399095952511, 0.406616091728, 0.407425940037, 0.442333966494, 0.436290025711, 0.432801365852, 0.447816818953, 0.431486964226, 0.479309976101, 0.504302203655, 0.456526517868, 0.403062492609, 0.40984031558, 0.391071468592, 0.350933879614, 0.401980996132, 0.425094366074, 0.416581749916, 0.422053933144, 0.457846313715, 0.454214602709, 0.366065859795, 0.321967720985, 0.365615963936, 0.419619172812, 0.439506113529, 0.426277309656, 0.379822403193, 0.343276113272, 0.366349190474, 0.419793963432, 0.418260455132, 0.435343295336, 0.493758320808, 0.433153152466],
        "median": [0.335397422314, 0.313350498676, 0.390099287033, 0.423879802227, 0.381883203983, 0.361389905214, 0.440680801868, 0.405063211918, 0.396031439304, 0.430267453194, 0.44675424695, 0.46989685297, 0.336291521788, 0.369716227055, 0.329601287842, 0.315549552441, 0.351488560438, 0.431768417358, 0.427475869656, 0.407150268555, 0.427718758583, 0.371236056089, 0.318357527256, 0.284798443317, 0.326870799065, 0.340101271868, 0.398084521294, 0.397432327271, 0.312060177326, 0.310675978661, 0.306590735912, 0.361368834972, 0.415968835354, 0.451371490955, 0.492813408375, 0.396688371897],
        "min": [0, 0, 0, 0, 0, 0, 0, 0, 0, 0, 0, 0, 0, 0, 0, 0, 0, 0, 0, 0, 0, 0, 0, 0, 0, 0, 0, 0, 0, 0, 0, 0, 0, 0, 0, 0],
