{
"metadata": {
    "version": {
        "essentia": "2.1-beta3"
    }
},
"lowLevel": {
    "average_loudness": 0.989290416241,
    "barkbands_kurtosis": {
        "kurt": 107.171463013,
        "max": 36.2470817566,
        "mean": 0.141577780247,
        "median": -0.456669449806,
        "min": -1.78535485268,
        "skew": 9.5559463501,
        "var": 9.48598670959
    },
    "barkbands_skewness": {
        "kurt": 8.2941570282,
        "max": 2.57528734207,
        "mean": 0.128659829497,
        "median": 0.295137226582,
        "min": -5.76787233353,
        "skew": -1.67897999287,
        "var": 0.900026023388
    },
    "barkbands_spread": {
        "kurt": 5.37857341766,
        "max": 48.1683425903,
        "mean": 17.8500080109,
        "median": 16.2271308899,
        "min": 4.33871030807,
        "skew": 2.02334165573,
        "var": 44.2622795105
    },
    "dissonance": {
        "kurt": 36.3468780518,
        "max": 0.499903619289,
        "mean": 0.481359183788,
        "median": 0.487884759903,
        "min": 0.264107525349,
        "skew": -5.04235839844,
        "var": 0.000608180416748
    },
    "hfc": {
        "kurt": 54.0833473206,
        "max": 243.939056396,
        "mean": 7.24007558823,
        "median": 0.366131603718,
        "min": 2.20395013457e-05,
        "skew": 6.67144393921,
        "var": 593.91204834
    },
    "pitch": {
        "kurt": 2.86251354218,
        "max": 5465.19580078,
        "mean": 919.590087891,
        "median": 465.547637939,
        "min": 75.1476593018,
        "skew": 2.00497102737,
        "var": 1455134.5
    },
    "pitch_instantaneous_confidence": {
        "kurt": 9.21861076355,
        "max": 0.859563648701,
        "mean": 0.250187903643,
        "median": 0.214860498905,
        "min": 0.126048207283,
        "skew": 2.66592860222,
        "var": 0.0120014464483
    },
    "pitch_salience": {
        "kurt": 5.00436210632,
        "max": 0.933390438557,
        "mean": 0.775804579258,
        "median": 0.785239219666,
        "min": 0.504128217697,
        "skew": -1.73634302616,
        "var": 0.00334611535072
    },
    "silence_rate_20dB": {
        "kurt": 0,
        "max": 1,
        "mean": 1,
        "median": 1,
        "min": 1,
        "skew": 0,
        "var": 0
    },
    "silence_rate_30dB": {
        "kurt": 0,
        "max": 1,
        "mean": 1,
        "median": 1,
        "min": 1,
        "skew": 0,
        "var": 0
    },
    "silence_rate_60dB": {
        "kurt": -0.0772738456726,
        "max": 1,
        "mean": 0.784883737564,
        "median": 1,
        "min": 0,
        "skew": -1.3866263628,
        "var": 0.168841034174
    },
    "spectral_centroid": {
        "kurt": 3.90524578094,
        "max": 4798.70117188,
        "mean": 1614.03173828,
        "median": 1341.33422852,
        "min": 581.467773438,
        "skew": 1.71397864819,
        "var": 524330.875
    },
    "spectral_complexity": {
        "kurt": 1.85058832169,
        "max": 59,
        "mean": 8.70348834991,
        "median": 0,
        "min": 0,
        "skew": 1.75214266777,
        "var": 229.417678833
    },
    "spectral_crest": {
        "kurt": 4.70757007599,
        "max": 17.7091464996,
        "mean": 5.60788583755,
        "median": 4.61979579926,
        "min": 2.41031694412,
        "skew": 2.00701093674,
        "var": 7.16133356094
    },
    "spectral_decrease": {
        "kurt": 34.8749351501,
        "max": -2.51232725013e-15,
        "mean": -7.47863770911e-10,
        "median": -6.75259917426e-11,
        "min": -1.87609483504e-08,
        "skew": -5.44036483765,
        "var": 4.59970736813e-18
    },
    "spectral_energy": {
        "kurt": 38.4071960449,
        "max": 0.0929340720177,
        "mean": 0.00347930681892,
        "median": 0.000279704632703,
        "min": 1.14811529173e-08,
        "skew": 5.67629146576,
        "var": 0.000105635779619
    },
    "spectral_energyband_high": {
        "kurt": 57.5818099976,
        "max": 0.0106488186866,
        "mean": 0.000269365118584,
        "median": 6.0506695263e-06,
        "min": 2.44016185036e-09,
        "skew": 7.09712123871,
        "var": 1.16115950277e-06
    },
    "spectral_energyband_low": {
        "kurt": 80.3076782227,
        "max": 0.000547658361029,
        "mean": 9.28665849642e-06,
        "median": 1.94441918211e-06,
        "min": 5.6216198363e-10,
        "skew": 9.03761482239,
        "var": 3.20652926433e-09
    },
    "spectral_energyband_middle_high": {
        "kurt": 39.1390037537,
        "max": 0.0744482502341,
        "mean": 0.00265740184113,
        "median": 0.000129606487462,
        "min": 3.59827589946e-09,
        "skew": 5.74247455597,
        "var": 6.7702960223e-05
    },
    "spectral_energyband_middle_low": {
        "kurt": 17.4944400787,
        "max": 0.00786784663796,
        "mean": 0.000577770755626,
        "median": 0.000140349933645,
        "min": 5.00961760963e-09,
        "skew": 3.9878911972,
        "var": 1.50939604282e-06
    },
    "spectral_flatness_db": {
        "kurt": 0.516404628754,
        "max": 0.290446937084,
        "mean": 0.18050417304,
        "median": 0.187074422836,
        "min": 0.0451062992215,
        "skew": -0.449065864086,
        "var": 0.00119021581486
    },
    "spectral_flux": {
        "kurt": 13.3497753143,
        "max": 0.299661636353,
        "mean": 0.0283644497395,
        "median": 0.0115595664829,
        "min": 0.00183281756472,
        "skew": 3.25740361214,
        "var": 0.00171883148141
    },
    "spectral_kurtosis": {
        "kurt": 1.19253873825,
        "max": 21.8037033081,
        "mean": 6.71412277222,
        "median": 6.22927474976,
        "min": -0.240775823593,
        "skew": 0.956425130367,
        "var": 12.9731884003
    },
    "spectral_rms": {
        "kurt": 9.40480995178,
        "max": 0.00952194258571,
        "mean": 0.00112959474791,
        "median": 0.000522381509654,
        "min": 3.34680817105e-06,
        "skew": 2.7669839859,
        "var": 2.11846327147e-06
    },
    "spectral_rolloff": {
        "kurt": 0.287272691727,
        "max": 6115.4296875,
        "mean": 2700.16357422,
        "median": 2465.55175781,
        "min": 602.9296875,
        "skew": 0.631287634373,
        "var": 985126.25
    },
    "spectral_skewness": {
        "kurt": 0.746870040894,
        "max": 3.10248732567,
        "mean": 1.71024239063,
        "median": 1.67612028122,
        "min": -0.410548239946,
        "skew": -0.492770344019,
        "var": 0.365610361099
    },
    "spectral_spread": {
        "kurt": 85.8007583618,
        "max": 19976972,
        "mean": 3119552,
        "median": 2879750.5,
        "min": 1858943.875,
        "skew": 8.06528663635,
        "var": 2.30431627674e+12
    },
    "spectral_strongpeak": {
        "kurt": 5.75718593597,
        "max": 1.77298605442,
        "mean": 0.242874518037,
        "median": 0.112153440714,
        "min": 2.41221259785e-05,
        "skew": 2.40538406372,
        "var": 0.119614377618
    },
    "zerocrossingrate": {
        "kurt": 2.08974981308,
        "max": 0.208984375,
        "mean": 0.0849211961031,
        "median": 0.077392578125,
        "min": 0.01318359375,
        "skew": 1.12588226795,
        "var": 0.000988986575976
    },
    "barkbands": {
        "kurt": [160.808517456, 128.961090088, 81.1040115356, 97.3905181885, 76.0375137329, 22.9183712006, 29.525352478, 19.4721698761, 29.0486564636, 27.4605464935, 75.4885787964, 44.8748931885, 38.5654563904, 53.4077262878, 22.5923461914, 29.9281845093, 76.2800292969, 24.7841339111, 124.270187378, 34.4355697632, 72.9631118774, 75.4918060303, 137.297622681, 131.284484863, 107.964454651, 162.959274292, 103.969642639],
        "max": [2.88806063509e-06, 0.000161183954333, 0.000248567492235, 0.000555954640731, 0.00283384136856, 0.00127467350103, 0.00174619071186, 0.00201210915111, 0.00334189063869, 0.00345401605591, 0.0091089932248, 0.00492017157376, 0.00430925609544, 0.0121823837981, 0.00342459487729, 0.00561109418049, 0.0158049929887, 0.00734651600942, 0.0212473124266, 0.00683432817459, 0.00630948180333, 0.00109571346547, 0.000381240999559, 7.8569384641e-05, 3.74343508156e-05, 2.9939246815e-06, 3.04192901979e-08],
        "mean": [2.02384242698e-08, 1.45709543631e-06, 4.05091122957e-06, 9.81275388767e-06, 6.11986615695e-05, 7.76003435021e-05, 8.9453838882e-05, 0.000119864518638, 0.00017150081112, 0.000176761925104, 0.000248029769864, 0.000187557889149, 0.000164637720445, 0.000332032825099, 0.000175062159542, 0.000224315706873, 0.000350095302565, 0.000319252896588, 0.000373151502572, 0.000233821803704, 0.00013075354218, 2.29785218835e-05, 4.60798264612e-06, 8.73017370395e-07, 3.9760439563e-07, 2.03831387324e-08, 3.58546609069e-10],
        "median": [5.85925891139e-11, 6.80799985275e-08, 7.20923424069e-07, 2.09642121263e-06, 7.98615656095e-06, 1.68458936969e-05, 2.02320516109e-05, 1.95248212549e-05, 3.43179199263e-05, 2.56727144006e-05, 1.79159069376e-05, 1.4295863366e-05, 9.41934013099e-06, 1.35782684083e-05, 1.03864040284e-05, 7.60848615755e-06, 8.37466723169e-06, 7.65618642617e-06, 8.99569204194e-06, 5.19491186424e-06, 2.75539605354e-06, 6.86966870944e-07, 1.17270161581e-07, 1.3049429981e-08, 5.74130343267e-09, 3.03215702546e-10, 1.25103573334e-11],
        "min": [9.93928246998e-13, 1.88779381016e-10, 2.19065987572e-10, 2.62114940863e-10, 1.00865649166e-09, 1.62183011465e-09, 1.18599885468e-09, 6.88753165612e-10, 2.09593994938e-10, 1.04430492032e-10, 5.04922659239e-10, 1.35825628522e-10, 5.00895491751e-10, 2.14542050792e-10, 2.28583790784e-10, 5.23533216779e-10, 2.79920142621e-10, 5.27935417605e-10, 3.72148672989e-10, 5.82653758574e-10, 1.57274593349e-09, 3.21004306469e-10, 8.11338565776e-11, 2.67981678514e-11, 2.67293947392e-11, 1.90103106867e-11, 2.47457978587e-12],
        "skew": [12.6661396027, 11.1468467712, 9.07252120972, 9.56590080261, 8.6212387085, 4.17938709259, 4.97843551636, 3.99592971802, 4.77537298203, 4.98379087448, 7.91052865982, 6.25928926468, 5.65745782852, 7.04208946228, 4.38862991333, 4.99454307556, 8.11362171173, 4.83290576935, 10.5984010696, 5.48087882996, 8.13902664185, 8.29302120209, 11.4051971436, 11.1697101593, 10.1808786392, 12.7796010971, 9.95785713196],
        "var": [4.90035427872e-14, 1.70973332714e-10, 6.33701424668e-10, 2.36391328734e-09, 8.01835042807e-08, 2.43075888307e-08, 4.6218648464e-08, 7.08277170247e-08, 1.53489864374e-07, 2.18652928652e-07, 6.9113588097e-07, 3.28776678771e-07, 2.37657275193e-07, 1.85939995845e-06, 1.99699130121e-07, 4.39707605437e-07, 2.11804945138e-06, 1.05081960555e-06, 2.94815845336e-06, 6.32902754205e-07, 3.62418489885e-07, 1.07468736132e-08, 9.1464580354e-10, 3.99228115844e-11, 1.02552411008e-11, 5.23366580922e-14, 6.90207402689e-18],
        "cov": [[4.9290114362e-14, 2.83188251494e-12, 4.61663303072e-12, 6.18162248819e-12, 4.5142566768e-11, 2.19710517141e-11, 1.44556554227e-11, 8.90549006066e-12, 1.75004333941e-11, 1.80710776204e-11, 3.67689420577e-11, 1.32375863743e-11, 2.43380680193e-11, 2.24886470557e-10, 4.36474190124e-11, 4.99678944055e-11, 7.43412831294e-11, 1.31885016796e-10, 1.01082253678e-10, 8.93495416543e-11, 8.13725614668e-11, 1.41775298099e-11, 2.32928216645e-12, 5.91874639577e-13, 4.02735787428e-13, 1.17610728014e-14, 3.33041787567e-16], [2.83188251494e-12, 1.71973171814e-10, 3.07879249872e-10, 4.71669814317e-10, 3.16533932398e-09, 1.39187650294e-09, 1.20090859479e-09, 6.92520985002e-10, 1.13446563255e-09, 1.30287136635e-09, 2.20577178744e-09, 9.85245218743e-10, 2.36651942487e-09, 1.50522776465e-08, 3.21672954939e-09, 4.15451184566e-09, 7.90710696918e-09, 8.733578305e-09, 1.05409538875e-08, 6.62727295264e-09, 5.99912475252e-09, 1.0438483411e-09, 2.18634263471e-10, 5.1265176132e-11, 3.10256993707e-11, 1.34346114962e-12, 2.54607143338e-14], [4.61663303072e-12, 3.07879249872e-10, 6.37407293613e-10, 1.14180331856e-09, 6.99956492767e-09, 2.77241651858e-09, 3.25216653607e-09, 1.8180642547e-09, 2.46337772403e-09, 3.29747451566e-09, 4.53761561658e-09, 2.50266629642e-09, 7.02145053211e-09, 3.16208499385e-08, 7.57844009769e-09, 1.05425996821e-08, 2.4092997819e-08, 1.80507626624e-08, 3.21512771961e-08, 1.53518335821e-08, 1.39425573309e-08, 2.41876585427e-09, 6.16273199139e-10, 1.36174765908e-10, 7.51427045587e-11, 4.26749781346e-12, 6.15296794635e-14], [6.18162248819e-12, 4.71669814317e-10, 1.14180331856e-09, 2.37773734035e-09, 1.34604709601e-08, 5.01264096897e-09, 7.87155318704e-09, 5.09720843311e-09, 5.82539927407e-09, 9.01695518252e-09, 1.25498580417e-08, 8.4192546268e-09, 1.78203620749e-08, 6.00787117833e-08, 1.64962905558e-08, 2.4281899158e-08, 6.00021223818e-08, 3.56695117887e-08, 7.73222055273e-08, 3.25885629593e-08, 2.84695609309e-08, 4.90544582732e-09, 1.39876599192e-09, 2.96802304955e-10, 1.52927809305e-10, 1.01170721106e-11, 1.24667217196e-13], [4.5142566768e-11, 3.16533932398e-09, 6.99956492767e-09, 1.34604709601e-08, 8.06524127483e-08, 3.29235554375e-08, 4.38555467497e-08, 2.83372916243e-08, 3.750762545e-08, 5.2734783651e-08, 7.02619402659e-08, 4.43137118111e-08, 9.69510693949e-08, 3.65012112979e-07, 9.69907603121e-08, 1.38440626074e-07, 3.17721401188e-07, 2.17713250095e-07, 4.1241554527e-07, 1.89741399481e-07, 1.6440620243e-07, 2.85069390316e-08, 7.56359064269e-09, 1.63367985806e-09, 8.68741634186e-10, 5.28886309747e-11, 7.09640462712e-13], [2.19710517141e-11, 1.39187650294e-09, 2.77241651858e-09, 5.01264096897e-09, 3.29235554375e-08, 2.4449738234e-08, 2.40243824834e-08, 2.4948018762e-08, 3.82448206437e-08, 4.10990672606e-08, 5.67601290413e-08, 3.7487957627e-08, 4.69317917862e-08, 1.69094946045e-07, 5.38587912047e-08, 6.99201123666e-08, 1.24681122315e-07, 1.19695698686e-07, 1.54660725116e-07, 9.04402597257e-08, 6.68930582037e-08, 1.17305720693e-08, 2.51839238352e-09, 5.44897293953e-10, 2.97896401991e-10, 1.48594227201e-11, 2.4349180441e-13], [1.44556554227e-11, 1.20090859479e-09, 3.25216653607e-09, 7.87155318704e-09, 4.38555467497e-08, 2.40243824834e-08, 4.64889318152e-08, 4.35993605663e-08, 5.61602178095e-08, 8.14236003066e-08, 1.25807346762e-07, 8.43518392912e-08, 9.48153839886e-08, 2.36385261587e-07, 8.39271478981e-08, 1.18639107427e-07, 2.66580627795e-07, 1.71902641455e-07, 2.94244841825e-07, 1.45331313206e-07, 1.02608488817e-07, 1.72898513284e-08, 4.59399895902e-09, 9.17625142538e-10, 4.42894221298e-10, 3.02551560194e-11, 3.56973104505e-13], [8.90549006066e-12, 6.92520985002e-10, 1.8180642547e-09, 5.09720843311e-09, 2.83372916243e-08, 2.4948018762e-08, 4.35993605663e-08, 7.12419137017e-08, 8.41670626528e-08, 9.68510676103e-08, 1.43987037404e-07, 1.12339051839e-07, 8.1740090252e-08, 1.80653287885e-07, 8.66984635195e-08, 1.18344182454e-07, 1.98237188442e-07, 1.80480000722e-07, 2.10383873878e-07, 1.21683896737e-07, 7.21306605556e-08, 1.25810108997e-08, 2.60782639927e-09, 5.11419850913e-10, 2.32143332335e-10, 1.45990025624e-11, 1.85880038575e-13], [1.75004333941e-11, 1.13446563255e-09, 2.46337772403e-09, 5.82539927407e-09, 3.750762545e-08, 3.82448206437e-08, 5.61602178095e-08, 8.41670626528e-08, 1.5438746459e-07, 1.53521938273e-07, 1.40943413385e-07, 1.18754307721e-07, 8.95815404078e-08, 2.4057334258e-07, 1.2181446607e-07, 1.61875107096e-07, 2.0347779639e-07, 2.32200363826e-07, 2.35931992165e-07, 1.49011341932e-07, 8.42340455165e-08, 1.62542654891e-08, 2.62406119056e-09, 5.50908485497e-10, 2.69116839924e-10, 1.34534475574e-11, 2.21883668665e-13], [1.80710776204e-11, 1.30287136635e-09, 3.29747451566e-09, 9.01695518252e-09, 5.2734783651e-08, 4.10990672606e-08, 8.14236003066e-08, 9.68510676103e-08, 1.53521938273e-07, 2.19931607148e-07, 2.9350937325e-07, 2.07916301065e-07, 1.61013375077e-07, 3.63768577927e-07, 1.63416004284e-07, 2.24250868541e-07, 3.83705923923e-07, 3.39903806434e-07, 3.70701116026e-07, 2.40256639472e-07, 1.34504688276e-07, 2.33802630589e-08, 4.47859083152e-09, 8.50354953119e-10, 3.86073978342e-10, 2.22480766449e-11, 3.08875836149e-13], [3.67689420577e-11, 2.20577178744e-09, 4.53761561658e-09, 1.25498580417e-08, 7.02619402659e-08, 5.67601290413e-08, 1.25807346762e-07, 1.43987037404e-07, 1.40943413385e-07, 2.9350937325e-07, 6.95177618582e-07, 4.13110910813e-07, 2.77709148122e-07, 6.00018552177e-07, 2.14705636381e-07, 2.81963508542e-07, 6.29043768186e-07, 5.26694634573e-07, 4.59510033579e-07, 3.77159949494e-07, 2.02356915224e-07, 2.9700826687e-08, 5.02816854819e-09, 8.10208344859e-10, 3.76676828617e-10, 1.19309085181e-11, 2.92715856979e-13], [1.32375863743e-11, 9.85245218743e-10, 2.50266629642e-09, 8.4192546268e-09, 4.43137118111e-08, 3.7487957627e-08, 8.43518392912e-08, 1.12339051839e-07, 1.18754307721e-07, 2.07916301065e-07, 4.13110910813e-07, 3.3069935057e-07, 1.99591241312e-07, 3.51387967612e-07, 1.80541363193e-07, 2.50420299608e-07, 4.79985089896e-07, 4.50027158649e-07, 3.99522321004e-07, 2.89107646267e-07, 1.52655928787e-07, 2.34764705453e-08, 4.59987026247e-09, 7.81219811063e-10, 2.96717816983e-10, 1.51310231705e-11, 2.24520841372e-13], [2.43380680193e-11, 2.36651942487e-09, 7.02145053211e-09, 1.78203620749e-08, 9.69510693949e-08, 4.69317917862e-08, 9.48153839886e-08, 8.1740090252e-08, 8.95815404078e-08, 1.61013375077e-07, 2.77709148122e-07, 1.99591241312e-07, 2.39047068362e-07, 5.24026972926e-07, 1.89009526252e-07, 2.81347382725e-07, 6.67698657253e-07, 4.02417214218e-07, 7.14211239483e-07, 3.43256147062e-07, 2.41149251679e-07, 3.97623409754e-08, 1.14248122074e-08, 2.23952723033e-09, 1.03764219439e-09, 7.44280262421e-11, 8.3489346079e-13], [2.24886470557e-10, 1.50522776465e-08, 3.16208499385e-08, 6.00787117833e-08, 3.65012112979e-07, 1.69094946045e-07, 2.36385261587e-07, 1.80653287885e-07, 2.4057334258e-07, 3.63768577927e-07, 6.00018552177e-07, 3.51387967612e-07, 5.24026972926e-07, 1.87027353604e-06, 5.11061045927e-07, 7.06370883563e-07, 1.56564578901e-06, 1.15814339097e-06, 1.82557675998e-06, 9.66731022345e-07, 7.71506620367e-07, 1.32060904434e-07, 3.23445839001e-08, 6.9255263746e-09, 3.72353503586e-09, 2.09530309769e-10, 3.03760922665e-12], [4.36474190124e-11, 3.21672954939e-09, 7.57844009769e-09, 1.64962905558e-08, 9.69907603121e-08, 5.38587912047e-08, 8.39271478981e-08, 8.66984635195e-08, 1.2181446607e-07, 1.63416004284e-07, 2.14705636381e-07, 1.80541363193e-07, 1.89009526252e-07, 5.11061045927e-07, 2.00866963951e-07, 2.77010570926e-07, 5.35178287464e-07, 4.19975975774e-07, 6.18725437107e-07, 3.25257758504e-07, 2.28456030982e-07, 3.9663365925e-08, 9.76378800033e-09, 2.01485050866e-09, 9.89953785613e-10, 6.11982547971e-11, 7.99723893878e-13], [4.99678944055e-11, 4.15451184566e-09, 1.05425996821e-08, 2.4281899158e-08, 1.38440626074e-07, 6.99201123666e-08, 1.18639107427e-07, 1.18344182454e-07, 1.61875107096e-07, 2.24250868541e-07, 2.81963508542e-07, 2.50420299608e-07, 2.81347382725e-07, 7.06370883563e-07, 2.77010570926e-07, 4.42279002755e-07, 8.39567462663e-07, 5.82671702887e-07, 9.54366669248e-07, 4.9882771691e-07, 3.3549540035e-07, 5.85390793617e-08, 1.54994967971e-08, 3.17451287479e-09, 1.48737999695e-09, 9.88282997105e-11, 1.18509314775e-12], [7.43412831294e-11, 7.90710696918e-09, 2.4092997819e-08, 6.00021223818e-08, 3.17721401188e-07, 1.24681122315e-07, 2.66580627795e-07, 1.98237188442e-07, 2.0347779639e-07, 3.83705923923e-07, 6.29043768186e-07, 4.79985089896e-07, 6.67698657253e-07, 1.56564578901e-06, 5.35178287464e-07, 8.39567462663e-07, 2.13043585973e-06, 1.10617327209e-06, 2.3545123895e-06, 1.04431535419e-06, 7.79832816988e-07, 1.30302780121e-07, 4.01043074305e-08, 8.00775001863e-09, 3.73145558896e-09, 2.75585304577e-10, 2.98528974978e-12], [1.31885016796e-10, 8.733578305e-09, 1.80507626624e-08, 3.56695117887e-08, 2.17713250095e-07, 1.19695698686e-07, 1.71902641455e-07, 1.80480000722e-07, 2.32200363826e-07, 3.39903806434e-07, 5.26694634573e-07, 4.50027158649e-07, 4.02417214218e-07, 1.15814339097e-06, 4.19975975774e-07, 5.82671702887e-07, 1.10617327209e-06, 1.05696472019e-06, 1.22659002955e-06, 7.25615507235e-07, 5.15590727446e-07, 8.68688516675e-08, 1.9677282026e-08, 4.09334965923e-09, 2.09546979768e-09, 1.1111121051e-10, 1.69097646042e-12], [1.01082253678e-10, 1.05409538875e-08, 3.21512771961e-08, 7.73222055273e-08, 4.1241554527e-07, 1.54660725116e-07, 2.94244841825e-07, 2.10383873878e-07, 2.35931992165e-07, 3.70701116026e-07, 4.59510033579e-07, 3.99522321004e-07, 7.14211239483e-07, 1.82557675998e-06, 6.18725437107e-07, 9.54366669248e-07, 2.3545123895e-06, 1.22659002955e-06, 2.9653990623e-06, 1.16701426123e-06, 9.49838124598e-07, 1.63128817121e-07, 5.08089250673e-08, 1.0410268203e-08, 4.98618257794e-09, 3.7180275525e-10, 4.03566373028e-12], [8.93495416543e-11, 6.62727295264e-09, 1.53518335821e-08, 3.25885629593e-08, 1.89741399481e-07, 9.04402597257e-08, 1.45331313206e-07, 1.21683896737e-07, 1.49011341932e-07, 2.40256639472e-07, 3.77159949494e-07, 2.89107646267e-07, 3.43256147062e-07, 9.66731022345e-07, 3.25257758504e-07, 4.9882771691e-07, 1.04431535419e-06, 7.25615507235e-07, 1.16701426123e-06, 6.36603886051e-07, 4.46742660642e-07, 7.60904370622e-08, 1.98299865417e-08, 4.08604394764e-09, 2.00370320336e-09, 1.24241589239e-10, 1.59899838596e-12], [8.13725614668e-11, 5.99912475252e-09, 1.39425573309e-08, 2.84695609309e-08, 1.6440620243e-07, 6.68930582037e-08, 1.02608488817e-07, 7.21306605556e-08, 8.42340455165e-08, 1.34504688276e-07, 2.02356915224e-07, 1.52655928787e-07, 2.41149251679e-07, 7.71506620367e-07, 2.28456030982e-07, 3.3549540035e-07, 7.79832816988e-07, 5.15590727446e-07, 9.49838124598e-07, 4.46742660642e-07, 3.64537896758e-07, 6.20782287797e-08, 1.69833285213e-08, 3.57680063345e-09, 1.82804293924e-09, 1.15895792963e-10, 1.48151814167e-12], [1.41775298099e-11, 1.0438483411e-09, 2.41876585427e-09, 4.90544582732e-09, 2.85069390316e-08, 1.17305720693e-08, 1.72898513284e-08, 1.25810108997e-08, 1.62542654891e-08, 2.33802630589e-08, 2.9700826687e-08, 2.34764705453e-08, 3.97623409754e-08, 1.32060904434e-07, 3.9663365925e-08, 5.85390793617e-08, 1.30302780121e-07, 8.68688516675e-08, 1.63128817121e-07, 7.60904370622e-08, 6.20782287797e-08, 1.08097211182e-08, 2.91925927876e-09, 6.19656270739e-10, 3.17511766879e-10, 2.01235902941e-11, 2.57613076921e-13], [2.32928216645e-12, 2.18634263471e-10, 6.16273199139e-10, 1.39876599192e-09, 7.56359064269e-09, 2.51839238352e-09, 4.59399895902e-09, 2.60782639927e-09, 2.62406119056e-09, 4.47859083152e-09, 5.02816854819e-09, 4.59987026247e-09, 1.14248122074e-08, 3.23445839001e-08, 9.76378800033e-09, 1.54994967971e-08, 4.01043074305e-08, 1.9677282026e-08, 5.08089250673e-08, 1.98299865417e-08, 1.69833285213e-08, 2.91925927876e-09, 9.19994636028e-10, 1.90861354499e-10, 9.31250909719e-11, 6.76459019008e-12, 7.52982677837e-14], [5.91874639577e-13, 5.1265176132e-11, 1.36174765908e-10, 2.96802304955e-10, 1.63367985806e-09, 5.44897293953e-10, 9.17625142538e-10, 5.11419850913e-10, 5.50908485497e-10, 8.50354953119e-10, 8.10208344859e-10, 7.81219811063e-10, 2.23952723033e-09, 6.9255263746e-09, 2.01485050866e-09, 3.17451287479e-09, 8.00775001863e-09, 4.09334965923e-09, 1.0410268203e-08, 4.08604394764e-09, 3.57680063345e-09, 6.19656270739e-10, 1.90861354499e-10, 4.01562776087e-11, 1.99564930553e-11, 1.40842957956e-12, 1.61843720256e-14], [4.02735787428e-13, 3.10256993707e-11, 7.51427045587e-11, 1.52927809305e-10, 8.68741634186e-10, 2.97896401991e-10, 4.42894221298e-10, 2.32143332335e-10, 2.69116839924e-10, 3.86073978342e-10, 3.76676828617e-10, 2.96717816983e-10, 1.03764219439e-09, 3.72353503586e-09, 9.89953785613e-10, 1.48737999695e-09, 3.73145558896e-09, 2.09546979768e-09, 4.98618257794e-09, 2.00370320336e-09, 1.82804293924e-09, 3.17511766879e-10, 9.31250909719e-11, 1.99564930553e-11, 1.03152130934e-11, 6.85391576393e-13, 8.4287342256e-15], [1.17610728014e-14, 1.34346114962e-12, 4.26749781346e-12, 1.01170721106e-11, 5.28886309747e-11, 1.48594227201e-11, 3.02551560194e-11, 1.45990025624e-11, 1.34534475574e-11, 2.22480766449e-11, 1.19309085181e-11, 1.51310231705e-11, 7.44280262421e-11, 2.09530309769e-10, 6.11982547971e-11, 9.88282997105e-11, 2.75585304577e-10, 1.1111121051e-10, 3.7180275525e-10, 1.24241589239e-10, 1.15895792963e-10, 2.01235902941e-11, 6.76459019008e-12, 1.40842957956e-12, 6.85391576393e-13, 5.26427215892e-14, 5.575030569e-16], [3.33041787567e-16, 2.54607143338e-14, 6.15296794635e-14, 1.24667217196e-13, 7.09640462712e-13, 2.4349180441e-13, 3.56973104505e-13, 1.85880038575e-13, 2.21883668665e-13, 3.08875836149e-13, 2.92715856979e-13, 2.24520841372e-13, 8.3489346079e-13, 3.03760922665e-12, 7.99723893878e-13, 1.18509314775e-12, 2.98528974978e-12, 1.69097646042e-12, 4.03566373028e-12, 1.59899838596e-12, 1.48151814167e-12, 2.57613076921e-13, 7.52982677837e-14, 1.61843720256e-14, 8.4287342256e-15, 5.575030569e-16, 6.94243671847e-18]]
    },
    "mfcc": {
        "kurt": [0.177961111069, 0.203783035278, -0.937623500824, 0.184008836746, -0.678602218628, 1.60800933838, -0.366020917892, 0.0776543617249, 1.25281095505, 0.409373760223, 0.763601303101, 0.357044458389, -0.110424757004],
        "max": [-514.121276855, 154.87008667, -6.103515625e-05, 68.7632751465, 11.9103088379, 32.9235153198, 19.8339729309, 8.37964820862, 23.0480461121, 4.29398345947, 12.3135719299, 9.78726196289, 4.5214176178],
        "mean": [-832.747375488, 109.87399292, -79.2483673096, 11.387802124, -30.59516716, -20.1773548126, -8.46159172058, -14.3220996857, -8.36277484894, -10.5166158676, -8.14624404907, -10.7679538727, -8.82413959503],
        "median": [-857.777954102, 120.87878418, -72.8361282349, 9.20118331909, -28.9314689636, -21.7621154785, -9.65050506592, -14.6093902588, -9.10088729858, -10.2834510803, -8.47963142395, -11.2309379578, -8.83776855469],
        "min": [-1138.42004395, 1.14440917969e-05, -141.630691528, -23.7163505554, -67.5337219238, -51.9652366638, -33.9551773071, -35.7350997925, -28.5848617554, -36.8910293579, -32.80128479, -24.8634643555, -27.3093776703],
        "skew": [0.640152513981, -0.958264350891, -0.0845723003149, 0.751165390015, -0.00139594939537, 0.7429074049, 0.255744695663, 0.0285920836031, 0.436372280121, -0.433960735798, 0.114336304367, 0.37660074234, -0.270052433014],
        "var": [10786.9521484, 953.781066895, 1060.51220703, 369.476989746, 318.77835083, 175.37840271, 123.142585754, 57.7678451538, 66.1373519897, 49.3425674438, 49.9054107666, 42.1701545715, 35.052696228],
        "cov": [[10850.0332031, 460.395751953, -2914.23754883, 341.335998535, -1326.39123535, -55.5787010193, -653.500793457, -161.766921997, -366.191436768, -211.978164673, -196.889343262, -127.7682724, -32.8322944641], [460.395751953, 959.358764648, -253.094894409, -433.608551025, -81.441734314, -306.542053223, -79.399810791, -69.100151062, -60.3088722229, 29.1967830658, -27.2373561859, -45.4336395264, -11.8875494003], [-2914.23754883, -253.094894409, 1066.71398926, -9.58903694153, 431.211395264, 103.340782166, 181.557983398, 43.5873336792, 107.267120361, 64.6021881104, 68.3300933838, 52.268447876, 4.70249557495], [341.335998535, -433.608551025, -9.58903694153, 371.637664795, -25.9748287201, 144.926116943, 8.09341907501, 9.97301483154, 22.601146698, -39.0689506531, 2.38756084442, 15.9901313782, 0.0533714517951], [-1326.39123535, -81.441734314, 431.211395264, -25.9748287201, 320.642547607, 15.1110830307, 121.636299133, 37.9474029541, 28.6291294098, 54.3258743286, 14.9783744812, 20.5958652496, -2.18430137634], [-55.5787010193, -306.542053223, 103.340782166, 144.926116943, 15.1110830307, 176.404006958, 32.9230232239, 24.8618469238, 31.7698287964, -18.4679450989, 18.6745262146, 7.13916921616, 3.61155295372], [-653.500793457, -79.399810791, 181.557983398, 8.09341907501, 121.636299133, 32.9230232239, 123.862724304, 43.5031738281, 38.3330039978, 24.2335300446, 3.50259876251, 12.650683403, -7.19282960892], [-161.766921997, -69.100151062, 43.5873336792, 9.97301483154, 37.9474029541, 24.8618469238, 43.5031738281, 58.1056671143, 18.9784832001, 9.42668914795, 4.1926484108, 0.979783713818, 0.450243145227], [-366.191436768, -60.3088722229, 107.267120361, 22.601146698, 28.6291294098, 31.7698287964, 38.3330039978, 18.9784832001, 66.5241241455, 10.7312278748, 21.2233753204, 8.29049110413, -7.18113803864], [-211.978164673, 29.1967830658, 64.6021881104, -39.0689506531, 54.3258743286, -18.4679450989, 24.2335300446, 9.42668914795, 10.7312278748, 49.6311225891, 12.7393579483, 8.7438955307, -1.62671864033], [-196.889343262, -27.2373561859, 68.3300933838, 2.38756084442, 14.9783744812, 18.6745262146, 3.50259876251, 4.1926484108, 21.2233753204, 12.7393579483, 50.1972541809, 13.2893295288, 0.702173054218], [-127.7682724, -45.4336395264, 52.268447876, 15.9901313782, 20.5958652496, 7.13916921616, 12.650683403, 0.979783713818, 8.29049110413, 8.7438955307, 13.2893295288, 42.4167633057, 13.2502679825], [-32.8322944641, -11.8875494003, 4.70249557495, 0.0533714517951, -2.18430137634, 3.61155295372, -7.19282960892, 0.450243145227, -7.18113803864, -1.62671864033, 0.702173054218, 13.2502679825, 35.2576828003]]
    },
    "sccoeffs": {
        "kurt": [0.24903011322, -0.0829181671143, 1.96044778824, 1.52307939529, 0.115531206131, -0.445292711258],
        "max": [-0.468163013458, -0.690186083317, -0.643924415112, -0.689726650715, -0.719486713409, -0.564999818802],
        "mean": [-0.650392651558, -0.82410722971, -0.840439021587, -0.838815629482, -0.829677045345, -0.738970398903],
        "median": [-0.657542109489, -0.824137210846, -0.842389881611, -0.843434333801, -0.832809448242, -0.748211026192],
        "min": [-0.937213897705, -0.948973417282, -0.935042858124, -0.931498765945, -0.944358885288, -0.87286734581],
        "skew": [0.00309183448553, 0.357440859079, 0.769816040993, 0.863193929195, 0.343147009611, 0.443412363529],
        "var": [0.00621145544574, 0.00241559790447, 0.00189237110317, 0.00133981124964, 0.00128397636581, 0.00367076531984],
        "cov": [[0.00624777982011, 0.0013056138996, 0.00182880403008, 0.00149967276957, 0.00184440857265, 0.00236467923969], [0.0013056138996, 0.00242972420529, 0.000612857751548, 0.000619914673734, 0.000623495667242, 0.000249888485996], [0.00182880403008, 0.000612857751548, 0.00190343754366, 0.000832582591102, 0.0009016279364, 0.00119031977374], [0.00149967276957, 0.000619914673734, 0.000832582591102, 0.00134764635004, 0.000746494391933, 0.000976432929747], [0.00184440857265, 0.000623495667242, 0.0009016279364, 0.000746494391933, 0.00129148503765, 0.00117702491116], [0.00236467923969, 0.000249888485996, 0.00119031977374, 0.000976432929747, 0.00117702491116, 0.00369223160669]]
    },
    "scvalleys": {
        "kurt": [10.602684021, 0.235450744629, 1.25955724716, 0.583153486252, 0.409489393234, 3.10126161575],
        "max": [-5.3885602951, -4.85995864868, -4.40332317352, -4.95116186142, -4.60903310776, -7.5236825943],
        "mean": [-9.58239746094, -7.16825628281, -7.11012458801, -7.58768415451, -8.12701702118, -11.6677894592],
        "median": [-9.62573051453, -7.07638931274, -7.07765293121, -7.81912994385, -8.45809173584, -11.9353256226],
        "min": [-11.9106826782, -11.5187149048, -12.6103496552, -12.7368803024, -12.6976690292, -14.7075386047],
        "skew": [1.97981822491, -0.450393497944, -0.598051726818, -0.0371890030801, 0.53358155489, 1.45559859276],
        "var": [0.496504813433, 1.3640037775, 1.56845605373, 1.5237801075, 1.57409930229, 0.948947191238],
        "cov": [[0.499408334494, 0.396932333708, 0.418545454741, 0.466059595346, 0.495642721653, 0.426669418812], [0.396932333708, 1.37198030949, 1.35883700848, 1.31386196613, 1.16714322567, 0.727336764336], [0.418545454741, 1.35883700848, 1.5776283741, 1.45536720753, 1.29363751411, 0.82656109333], [0.466059595346, 1.31386196613, 1.45536720753, 1.5326911211, 1.43077814579, 0.947720110416], [0.495642721653, 1.16714322567, 1.29363751411, 1.43077814579, 1.58330464363, 1.09886014462], [0.426669418812, 0.727336764336, 0.82656109333, 0.947720110416, 1.09886014462, 0.954496622086]]
    }
},
"rhythm": {
    "beats_loudness": {
        "kurt": -1.27699065208,
        "max": 0.00877912063152,
        "mean": 0.00277912407182,
        "median": 0.000416741037043,
        "min": 0.000118212672533,
        "skew": 0.783078551292,
        "var": 1.28901929202e-05
    },
    "bpm": 105.46875,
    "confidence": 0,
    "first_peak_bpm": {
        "kurt": 0,
        "max": 105,
        "mean": 105,
        "median": 105,
        "min": 105,
        "skew": 0,
        "var": 0
    },
    "first_peak_spread": {
        "kurt": 0,
        "max": 0,
        "mean": 0,
        "median": 0,
        "min": 0,
        "skew": 0,
        "var": 0
    },
    "first_peak_weight": {
        "kurt": 0,
        "max": 1,
        "mean": 1,
        "median": 1,
        "min": 1,
        "skew": 0,
        "var": 0
    },
    "onset_rate": 2.78297281265,
    "second_peak_bpm": {
        "kurt": 0,
        "max": 0,
        "mean": 0,
        "median": 0,
        "min": 0,
        "skew": 0,
        "var": 0
    },
    "second_peak_spread": {
        "kurt": 0,
        "max": 0,
        "mean": 0,
        "median": 0,
        "min": 0,
        "skew": 0,
        "var": 0
    },
    "second_peak_weight": {
        "kurt": 0,
        "max": 0,
        "mean": 0,
        "median": 0,
        "min": 0,
        "skew": 0,
        "var": 0
    },
    "beats_loudness_band_ratio": {
        "kurt": [-0.745834350586, 0.863947868347, -0.831183671951, -1.2107937336, -1.61594843864, -0.13889336586],
        "max": [0.0776265636086, 0.482143998146, 0.465056210756, 0.365249842405, 0.484043866396, 0.292612433434],
        "mean": [0.0274488478899, 0.121876083314, 0.228965386748, 0.256264895201, 0.304416716099, 0.10660687089],
        "median": [0.0201336890459, 0.0431853607297, 0.207650601864, 0.281260251999, 0.286976635456, 0.0811253339052],
        "min": [0.00054366979748, 0.0131144477054, 0.0788695886731, 0.103814527392, 0.150368243456, 0.0204759351909],
        "skew": [0.747102618217, 1.62087523937, 0.616686999798, -0.476598054171, 0.162259832025, 1.06196916103],
        "var": [0.000743495940696, 0.0271962955594, 0.0171106047928, 0.00850907433778, 0.0156046142802, 0.00869213510305],
        "cov": [[0.000892195093911, 0.00184848881327, -0.000984355341643, -0.0019426390063, -0.00121424195822, 0.0016727829352], [0.00184848881327, 0.0326355546713, 0.00664038071409, -0.0122161814943, -0.0161862354726, -0.00728843128309], [-0.000984355341643, 0.00664038071409, 0.0205327253789, 0.00252609467134, -0.0152115505189, -0.0118460999802], [-0.0019426390063, -0.0122161814943, 0.00252609467134, 0.0102108893916, 0.00239156116731, -0.00293497834355], [-0.00121424195822, -0.0161862354726, -0.0152115505189, 0.00239156116731, 0.0187255367637, 0.00849281158298], [0.0016727829352, -0.00728843128309, -0.0118460999802, -0.00293497834355, 0.00849281158298, 0.0104305623099]]
    },
    "beats_position": [0.545668900013, 1.11455774307, 1.68344664574, 2.2523355484, 2.82122445107, 3.39011335373],
    "bpm_estimates": [105.468757629, 105.46875, 105.46875, 105.46875, 105.46875],
    "bpm_intervals": [0.56888884306, 0.568888902664, 0.568888902664, 0.568888902664, 0.568888902664],
    "onset_times": [0.31346938014, 0.429569154978, 1.48607707024, 1.78793644905, 2.02013611794, 2.14784574509, 2.38004541397, 2.70512461662, 3.32045340538, 3.81968259811, 3.9125623703],
    "histogram": [[0, 0, 0, 0, 0, 0, 0, 0, 0, 0, 0, 0, 0, 0, 0, 0, 0, 0, 0, 0, 0, 0, 0, 0, 0, 0, 0, 0, 0, 0, 0, 0, 0, 0, 0, 0, 0, 0, 0, 0, 0, 0, 0, 0, 0, 0, 0, 0, 0, 0, 0, 0, 0, 0, 0, 0, 0, 0, 0, 0, 0, 0, 0, 0, 0, 0, 0, 0, 0, 0, 0, 0, 0, 0, 0, 0, 0, 0, 0, 0, 0, 0, 0, 0, 0, 0, 0, 0, 0, 0, 0, 0, 0, 0, 0, 0, 0, 0, 0, 0, 0, 0, 0, 0, 0, 1, 0, 0, 0, 0, 0, 0, 0, 0, 0, 0, 0, 0, 0, 0, 0, 0, 0, 0, 0, 0, 0, 0, 0, 0, 0, 0, 0, 0, 0, 0, 0, 0, 0, 0, 0, 0, 0, 0, 0, 0, 0, 0, 0, 0, 0, 0, 0, 0, 0, 0, 0, 0, 0, 0, 0, 0, 0, 0, 0, 0, 0, 0, 0, 0, 0, 0, 0, 0, 0, 0, 0, 0, 0, 0, 0, 0, 0, 0, 0, 0, 0, 0, 0, 0, 0, 0, 0, 0, 0, 0, 0, 0, 0, 0, 0, 0, 0, 0, 0, 0, 0, 0, 0, 0, 0, 0, 0, 0, 0, 0, 0, 0, 0, 0, 0, 0, 0, 0, 0, 0, 0, 0, 0, 0, 0, 0, 0, 0, 0, 0, 0, 0, 0, 0, 0, 0, 0, 0, 0, 0, 0, 0, 0, 0]]
},
"sfx": {
    "inharmonicity": {
        "kurt": -1.00586152077,
        "max": 0.399737149477,
        "mean": 0.12077447027,
        "median": 0.0848225131631,
        "min": 0,
        "skew": 0.570826590061,
        "var": 0.0119650084525
    },
    "oddtoevenharmonicenergyratio": {
        "kurt": 9.09648895264,
        "max": 7.62185430527,
        "mean": 1.01034545898,
        "median": 0.742426872253,
        "min": 0,
        "skew": 2.58570408821,
        "var": 1.31172513962
    },
    "pitch_after_max_to_before_max_energy_ratio": 0.378404527903,
    "pitch_centroid": 76.1915664673,
    "pitch_max_to_total": 0.953488349915,
    "pitch_min_to_total": 0.633720934391,
    "tristimulus": {
        "kurt": [0.286032915115, -0.564979314804, -1.12679314613],
        "max": [1, 0.810604095459, 0.958639204502],
        "mean": [0.30349317193, 0.34293499589, 0.353571802378],
        "median": [0.157015800476, 0.370789885521, 0.354611158371],
        "min": [0, 0, 0],
        "skew": [1.24660301208, -0.304231792688, 0.229218408465],
        "var": [0.103474847972, 0.0382475107908, 0.0768229141831],
        "cov": [[0.104079969227, -0.0326395146549, -0.0714405030012], [-0.0326395146549, 0.0384711809456, -0.0058316886425], [-0.0714405030012, -0.0058316886425, 0.077272169292]]
    }
},
"tonal": {
    "chords_changes_rate": 0.045977011323,
    "chords_number_rate": 0.0344827584922,
    "chords_strength": {
        "kurt": -0.516013383865,
        "max": 0.61475288868,
        "mean": 0.500582635403,
        "median": 0.49394056201,
        "min": 0.380307793617,
        "skew": 0.218754440546,
        "var": 0.00319975824095
    },
    "key_strength": 0.532760620117,
    "tuning_diatonic_strength": 0.45092779398,
    "tuning_equal_tempered_deviation": 0.220764383674,
    "tuning_frequency": 448.208557129,
    "tuning_nontempered_energy_ratio": 0.888302385807,
    "hpcp": {
        "kurt": [-0.522892713547, -0.535322904587, -0.644411802292, -0.869866609573, -0.921029806137, -0.391057491302, -0.863170862198, -0.862033843994, -0.656793117523, -0.294801712036, -0.412086725235, -0.114982843399, -0.577048540115, -0.498364686966, -0.572664499283, -0.462753534317, -0.0992541313171, -0.24037528038, 0.0219871997833, 0.167507171631, 0.142102479935, 0.172523975372, -0.302681684494, -0.646866083145, -0.390355110168, -0.780854701996, -0.710286140442, -0.249332427979, -0.696784734726, -0.572638750076, -0.555527687073, -0.69632601738, -0.973288059235, -0.47994351387, -0.193188428879, -0.431890249252],
        "max": [1, 1, 1, 1, 1, 1, 1, 1, 1, 1, 1, 1, 0.975547432899, 1, 1, 1, 1, 1, 1, 1, 1, 1, 1, 0.921873092651, 1, 1, 1, 1, 1, 1, 1, 1, 1, 1, 1, 0.995932936668],
        "mean": [0.418410211802, 0.434217602015, 0.492436110973, 0.508451342583, 0.453310698271, 0.431558847427, 0.454838901758, 0.446320414543, 0.425855964422, 0.421754330397, 0.405277520418, 0.399951159954, 0.404233783484, 0.424333065748, 0.460445135832, 0.465389996767, 0.439835250378, 0.407050907612, 0.371064424515, 0.360418051481, 0.373410731554, 0.398740381002, 0.401185452938, 0.394235193729, 0.403937339783, 0.427716344595, 0.430941075087, 0.431500047445, 0.452418923378, 0.475026369095, 0.512288868427, 0.498578518629, 0.479163825512, 0.448273152113, 0.400795072317, 0.406333208084],
        "median": [0.401353150606, 0.40669387579, 0.502404630184, 0.504277527332, 0.427810937166, 0.396654963493, 0.421271264553, 0.428770035505, 0.397353589535, 0.400351405144, 0.38482567668, 0.371614605188, 0.363797932863, 0.39594990015, 0.431755959988, 0.451280474663, 0.400351971388, 0.398114740849, 0.340828806162, 0.340061098337, 0.339976400137, 0.377053260803, 0.388420581818, 0.388520270586, 0.38609457016, 0.385424613953, 0.402401655912, 0.429500877857, 0.459730476141, 0.474359065294, 0.511715292931, 0.486860126257, 0.463778138161, 0.470028162003, 0.362883061171, 0.395631790161],
        "min": [0, 0, 0, 0, 0, 0, 0, 0, 0, 0, 0, 0, 0, 0, 0, 0, 0, 0, 0, 0, 0, 0, 0, 0, 0, 0, 0, 0, 0, 0, 0, 0, 0, 0, 0, 0],
