{
"metadata": {
    "version": {
        "essentia": "2.1-beta3"
    }
},
"lowLevel": {
    "average_loudness": 0.966490626335,
    "barkbands_kurtosis": {
        "kurt": 6.15100288391,
        "max": 13.8754882812,
        "mean": -0.2593793571,
        "median": -1.27675795555,
        "min": -1.65039241314,
        "skew": 2.48183941841,
        "var": 6.22417497635
    },
    "barkbands_skewness": {
        "kurt": 1.57299947739,
        "max": 0.768747091293,
        "mean": -0.187978237867,
        "median": 0.0360554233193,
        "min": -2.78025341034,
        "skew": -1.51610863209,
        "var": 0.471847862005
    },
    "barkbands_spread": {
        "kurt": 1.51217365265,
        "max": 27.5234699249,
        "mean": 16.613779068,
        "median": 17.8465442657,
        "min": 2.13485693932,
        "skew": -1.30487430096,
        "var": 18.1346359253
    },
    "dissonance": {
        "kurt": 1.70486879349,
        "max": 0.500000059605,
        "mean": 0.490163654089,
        "median": 0.492502868176,
        "min": 0.455763876438,
        "skew": -1.35715866089,
        "var": 8.32600708236e-05
    },
    "hfc": {
        "kurt": -1.35647428036,
        "max": 349.974243164,
        "mean": 158.683013916,
        "median": 188.988189697,
        "min": 1.20045294463e-16,
        "skew": -0.270395815372,
        "var": 11434.4902344
    },
    "pitch": {
        "kurt": 1.97361660004,
        "max": 4396.48339844,
        "mean": 970.420898438,
        "median": 569.359130859,
        "min": 81.479850769,
        "skew": 1.88202011585,
        "var": 1548293.75
    },
    "pitch_instantaneous_confidence": {
        "kurt": 7.01763153076,
        "max": 0.896568477154,
        "mean": 0.25396874547,
        "median": 0.216340959072,
        "min": 0.123961389065,
        "skew": 2.56232953072,
        "var": 0.0151138473302
    },
    "pitch_salience": {
        "kurt": 8.71965789795,
        "max": 0.850462019444,
        "mean": 0.769964933395,
        "median": 0.786809325218,
        "min": 0.426014155149,
        "skew": -2.86362099648,
        "var": 0.00498887756839
    },
    "silence_rate_20dB": {
        "kurt": 0,
        "max": 1,
        "mean": 1,
        "median": 1,
        "min": 1,
        "skew": 0,
        "var": 0
    },
    "silence_rate_30dB": {
        "kurt": -1.99798989296,
        "max": 1,
        "mean": 0.488789230585,
        "median": 0,
        "min": 0,
        "skew": 0.0448544360697,
        "var": 0.249874383211
    },
    "silence_rate_60dB": {
        "kurt": 0.793591022491,
        "max": 1,
        "mean": 0.179372191429,
        "median": 0,
        "min": 0,
        "skew": 1.67139792442,
        "var": 0.147197633982
    },
    "spectral_centroid": {
        "kurt": 22.2114887238,
        "max": 11552.3271484,
        "mean": 2217.06225586,
        "median": 1847.9510498,
        "min": 1365.15625,
        "skew": 3.8257317543,
        "var": 1232432.875
    },
    "spectral_complexity": {
        "kurt": 0.260327339172,
        "max": 64,
        "mean": 43.9103126526,
        "median": 54,
        "min": 0,
        "skew": -1.40797221661,
        "var": 452.879882812
    },
    "spectral_crest": {
        "kurt": 11.1567144394,
        "max": 17.2348117828,
        "mean": 5.04359817505,
        "median": 4.51178073883,
        "min": 2.84636092186,
        "skew": 2.89070296288,
        "var": 3.90706729889
    },
    "spectral_decrease": {
        "kurt": -1.39160680771,
        "max": -9.35200585559e-30,
        "mean": -1.95242684242e-08,
        "median": -2.28521965795e-08,
        "min": -4.55007089784e-08,
        "skew": 0.256869614124,
        "var": 1.7684930914e-16
    },
    "spectral_energy": {
        "kurt": -1.40678346157,
        "max": 0.195999488235,
        "mean": 0.0880820900202,
        "median": 0.10459395498,
        "min": 1.09237584785e-20,
        "skew": -0.282568722963,
        "var": 0.00355800287798
    },
    "spectral_energyband_high": {
        "kurt": -0.0309019088745,
        "max": 0.018506526947,
        "mean": 0.0049593038857,
        "median": 0.00470428494737,
        "min": 7.88417345773e-21,
        "skew": 0.588356137276,
        "var": 1.68953883986e-05
    },
    "spectral_energyband_low": {
        "kurt": 90.4873809814,
        "max": 1.59693463502e-05,
        "mean": 3.65889889054e-07,
        "median": 2.02686294415e-08,
        "min": 6.19680911963e-23,
        "skew": 8.40297698975,
        "var": 1.70566523145e-12
    },
    "spectral_energyband_middle_high": {
        "kurt": -1.41019022465,
        "max": 0.115343727171,
        "mean": 0.0594835057855,
        "median": 0.0726473480463,
        "min": 1.62703952621e-21,
        "skew": -0.364830583334,
        "var": 0.00154870771803
    },
    "spectral_energyband_middle_low": {
        "kurt": -0.330991744995,
        "max": 0.0977417230606,
        "mean": 0.0256264992058,
        "median": 0.0245345905423,
        "min": 3.58360248414e-22,
        "skew": 0.558710873127,
        "var": 0.000437810260337
    },
    "spectral_flatness_db": {
        "kurt": 0.667711019516,
        "max": 0.546323001385,
        "mean": 0.29035410285,
        "median": 0.290922284126,
        "min": 0.0688652023673,
        "skew": -0.145323470235,
        "var": 0.00611279113218
    },
    "spectral_flux": {
        "kurt": -0.74276804924,
        "max": 0.2973485291,
        "mean": 0.170103758574,
        "median": 0.209890559316,
        "min": 1.04516784116e-10,
        "skew": -0.806929588318,
        "var": 0.00861601252109
    },
    "spectral_kurtosis": {
        "kurt": 25.4941387177,
        "max": 56.8638343811,
        "mean": 4.59154605865,
        "median": 2.86823606491,
        "min": -1.19605314732,
        "skew": 4.44048023224,
        "var": 43.5068435669
    },
    "spectral_rms": {
        "kurt": -0.81057882309,
        "max": 0.0138281965628,
        "mean": 0.00811446178705,
        "median": 0.0101016275585,
        "min": 3.26455594328e-12,
        "skew": -0.815906643867,
        "var": 2.00893518922e-05
    },
    "spectral_rolloff": {
        "kurt": 49.8793411255,
        "max": 18970.7519531,
        "mean": 3644.32543945,
        "median": 3251.51367188,
        "min": 2454.78515625,
        "skew": 5.75036811829,
        "var": 2200412.25
    },
    "spectral_skewness": {
        "kurt": 18.9662246704,
        "max": 5.2622885704,
        "mean": 1.11659276485,
        "median": 1.00113582611,
        "min": -0.0213227439672,
        "skew": 3.76460289955,
        "var": 0.317471653223
    },
    "spectral_spread": {
        "kurt": 27.4317913055,
        "max": 40814464,
        "mean": 3757420.25,
        "median": 2506705.25,
        "min": 735118.625,
        "skew": 4.26024580002,
        "var": 1.74172342845e+13
    },
    "spectral_strongpeak": {
        "kurt": 2.83284044266,
        "max": 6.95084571838,
        "mean": 1.50968635082,
        "median": 1.32978320122,
        "min": 3.79318843002e-09,
        "skew": 1.22295439243,
        "var": 1.43272006512
    },
    "zerocrossingrate": {
        "kurt": 13.7912006378,
        "max": 0.498046875,
        "mean": 0.108709357679,
        "median": 0.09033203125,
        "min": 0.0654296875,
        "skew": 3.26906919479,
        "var": 0.003185918089
    },
    "barkbands": {
        "kurt": [11.8572559357, 47.8007278442, 25.5461559296, 17.8838558197, 5.35209274292, 3.31788825989, 1.20804738998, 4.02603912354, -0.216681480408, 0.579569101334, 2.71749639511, 7.54438686371, 0.138364076614, -0.199271440506, -0.40354681015, -0.218126058578, -0.526072740555, -0.1400141716, -0.25786614418, -0.555274963379, -0.69210934639, 0.502431631088, 0.371738195419, -0.227557182312, 5.1177444458, 0.508293390274, 2.91430950165],
        "max": [5.77871261953e-08, 4.33039701875e-07, 1.42659428093e-06, 7.33483320801e-05, 0.0026226490736, 0.00499304756522, 0.0222549829632, 0.0431102588773, 0.0379105731845, 0.037006765604, 0.0362329259515, 0.0357954651117, 0.0115893110633, 0.0084986621514, 0.0137130692601, 0.018627403304, 0.0227282494307, 0.025723548606, 0.0273856632411, 0.0167129449546, 0.00685009360313, 0.00231994735077, 0.000344583851984, 5.01779913975e-06, 3.46005492702e-07, 1.82979356111e-08, 1.81205415117e-08],
        "mean": [4.88082196881e-09, 1.89301871956e-08, 6.68621851219e-08, 3.48161165675e-06, 0.000268822506769, 0.000612118456047, 0.00457407161593, 0.00664409156889, 0.0100036272779, 0.0091286431998, 0.00742789916694, 0.00496185431257, 0.00290886312723, 0.00227277679369, 0.00395122496411, 0.00543762929738, 0.00727879488841, 0.00730289146304, 0.00776027515531, 0.00499026104808, 0.00200539804064, 0.000477856287034, 7.04404810676e-05, 1.04352614017e-06, 3.87623373399e-08, 4.07891587173e-09, 2.69455902036e-09],
        "median": [1.52994861224e-09, 4.90082152638e-09, 5.76715208922e-09, 1.4080454136e-08, 3.15415354635e-06, 0.000136274451506, 0.00319473445415, 0.00409418158233, 0.00926217623055, 0.00718872668222, 0.00573543971404, 0.00384162319824, 0.00212533515878, 0.00194662285503, 0.00395082077011, 0.00525797205046, 0.00727657834068, 0.00683712586761, 0.00780320493504, 0.00506547419354, 0.00193425628822, 0.000362164661055, 4.42809177912e-05, 4.34700041296e-07, 7.67498420373e-09, 2.42628650504e-09, 9.21730913817e-10],
        "min": [1.77906167488e-23, 2.69250817172e-23, 1.59290864504e-23, 1.34161227052e-23, 3.67005482359e-23, 4.09255957364e-23, 6.89374942782e-23, 5.87456322638e-23, 9.72955544515e-23, 8.99080109136e-23, 4.22787036036e-23, 1.90257927505e-22, 2.07481323286e-22, 2.26953666845e-22, 8.22231930322e-23, 1.26519569329e-22, 2.14095107872e-22, 1.03298950023e-22, 2.11955717097e-22, 2.43789498419e-22, 4.86477115925e-22, 5.68907249261e-22, 7.03066059243e-22, 9.46794342056e-22, 1.37958539655e-21, 1.26294899218e-21, 2.64036495813e-21],
        "skew": [2.91150832176, 5.93959712982, 4.76256752014, 4.21873092651, 2.28677010536, 1.8464307785, 1.18849635124, 1.90234148502, 0.642238974571, 0.960078835487, 1.50511705875, 2.22513127327, 0.941811025143, 0.656661391258, 0.380565792322, 0.522366940975, 0.267679303885, 0.617154061794, 0.408101588488, 0.417421251535, 0.410555154085, 0.898024380207, 0.957990109921, 0.917132616043, 2.25343036652, 1.17052388191, 1.75901031494],
        "var": [6.12741384112e-17, 1.72604318821e-15, 3.56469207993e-14, 1.35741126672e-10, 2.30273471402e-07, 8.10075221125e-07, 2.12264840229e-05, 6.32325609331e-05, 7.13169501978e-05, 6.8669403845e-05, 5.381066876e-05, 2.96104517474e-05, 7.34108652978e-06, 3.57571798304e-06, 8.7852422439e-06, 1.72906220541e-05, 2.75957809208e-05, 3.36797056661e-05, 3.39306570822e-05, 1.53634737217e-05, 2.70284135695e-06, 2.21419853119e-07, 5.55414736425e-09, 1.44397926775e-12, 4.00599150206e-15, 2.12334566634e-17, 1.38795497025e-17],
        "cov": [[6.15501454206e-17, 1.37636289423e-16, 3.16123813223e-16, 1.21197565262e-14, 9.26418772425e-13, 1.69722222387e-12, 1.1063544178e-11, 1.25132074841e-11, 2.00653781784e-11, 2.78777435164e-11, 1.26160982702e-11, 1.28134369434e-11, 6.25186838063e-12, 4.28486933435e-12, 6.25423757922e-12, 1.02163503352e-11, 1.20727221622e-11, 1.72750806715e-11, 1.45373635005e-11, 8.84575225568e-12, 4.40162056109e-12, 1.30802302583e-12, 2.01935581971e-13, 2.73039799998e-15, 1.65924026723e-16, 1.23782582498e-17, 6.27201841253e-18], [1.37636289423e-16, 1.73381810364e-15, 5.49954479268e-15, 1.66357148868e-13, 7.79409609769e-12, 1.04608032306e-11, 5.31511605562e-11, 1.17184123516e-10, 1.18287935003e-10, 1.33702590666e-10, 1.02795223722e-10, 5.40655610559e-11, 3.33539237896e-11, 2.05497407285e-11, 3.25394780565e-11, 5.30880617244e-11, 6.3404073658e-11, 8.48358397421e-11, 5.82883394329e-11, 5.2152844543e-11, 2.39341064329e-11, 6.42300405571e-12, 1.19462697113e-12, 1.63283930376e-14, 1.62029874804e-15, 7.87380718118e-17, 2.18665939391e-17], [3.16123813223e-16, 5.49954479268e-15, 3.58074945292e-14, 1.09988743374e-12, 4.02929807575e-11, 4.42398270795e-11, 3.12096348765e-10, 4.63439786547e-10, 4.47884479504e-10, 4.19287715658e-10, 4.54809662154e-10, 2.400278587e-10, 1.6635656741e-10, 7.10212097466e-11, 1.44544556879e-10, 1.7984821965e-10, 2.13657480597e-10, 3.24233195848e-10, 1.81421933032e-10, 1.80537126915e-10, 1.05315443866e-10, 2.47915316748e-11, 4.81606117833e-12, 8.13245074039e-14, 5.89996056025e-15, 3.09208450953e-16, 9.12893332324e-17], [1.21197565262e-14, 1.66357148868e-13, 1.09988743374e-12, 1.36352568125e-10, 2.25839413837e-09, 2.97949775963e-09, 1.50951500189e-08, 1.84947452908e-08, 1.72978946722e-08, 1.20812782001e-08, 2.38710953226e-08, 1.75412537828e-08, 9.87367609895e-09, 2.21841300885e-09, 7.96267141112e-09, 7.64315721824e-09, 1.61670161702e-08, 1.21124497099e-08, 1.50179122471e-08, 1.04696562531e-08, 6.08535932756e-09, 1.31157529282e-09, 2.75176714748e-10, 4.7564265894e-12, 2.85577795136e-13, 1.63865096622e-14, 3.11142073647e-15], [9.26418772425e-13, 7.79409609769e-12, 4.02929807575e-11, 2.25839413837e-09, 2.31310735899e-07, 3.09593133352e-07, 8.62009244429e-07, 1.69874806488e-06, 1.65540643593e-06, 1.36219614433e-06, 1.55919008193e-06, 1.02130002233e-06, 7.1467638918e-07, 3.08145700956e-07, 4.94804169193e-07, 7.60420618917e-07, 9.66184870776e-07, 1.10010171284e-06, 1.0480241599e-06, 7.1084832598e-07, 3.96082384668e-07, 1.09513791813e-07, 1.83711748036e-08, 3.25251992006e-10, 1.60743536537e-11, 9.5384475058e-13, 3.14929397664e-13], [1.69722222387e-12, 1.04608032306e-11, 4.42398270795e-11, 2.97949775963e-09, 3.09593133352e-07, 8.13724227555e-07, 1.76978244326e-06, 3.24900156556e-06, 3.50634195456e-06, 2.47761772698e-06, 3.82656116926e-06, 2.41834277404e-06, 1.39066116844e-06, 7.02306920175e-07, 9.38351320201e-07, 1.56912926741e-06, 1.86187503459e-06, 2.17866909225e-06, 2.17631554733e-06, 1.57530371325e-06, 7.58542228141e-07, 2.05568355227e-07, 3.03561300541e-08, 4.91882312659e-10, 2.57971734252e-11, 1.66416988696e-12, 5.94906502532e-13], [1.1063544178e-11, 5.31511605562e-11, 3.12096348765e-10, 1.50951500189e-08, 8.62009244429e-07, 1.76978244326e-06, 2.13220992009e-05, 1.73570915649e-05, 2.5468363674e-05, 1.97197659872e-05, 1.05210046968e-05, 1.37399347295e-05, 8.37189418235e-06, 4.80877133668e-06, 8.52451285027e-06, 1.19214464576e-05, 1.38277036967e-05, 1.45593476191e-05, 1.36045691761e-05, 9.78205025604e-06, 4.50496827398e-06, 1.11023064164e-06, 1.47261758343e-07, 2.54866461269e-09, 1.25000690354e-10, 1.04190597122e-11, 5.49090157023e-12], [1.25132074841e-11, 1.17184123516e-10, 4.63439786547e-10, 1.84947452908e-08, 1.69874806488e-06, 3.24900156556e-06, 1.73570915649e-05, 6.35173928458e-05, 4.11206965509e-05, 3.27786146954e-05, 1.96067503566e-05, 1.41759501275e-05, 9.45625924942e-06, 5.27724387211e-06, 9.75279544946e-06, 1.72357376869e-05, 2.17297401832e-05, 1.89649999811e-05, 2.15276068047e-05, 1.68763690453e-05, 6.64135404804e-06, 1.51578581153e-06, 2.79603341369e-07, 4.30333457757e-09, 1.8782531086e-10, 1.53479659537e-11, 7.25457888207e-12], [2.00653781784e-11, 1.18287935003e-10, 4.47884479504e-10, 1.72978946722e-08, 1.65540643593e-06, 3.50634195456e-06, 2.5468363674e-05, 4.11206965509e-05, 7.16381982784e-05, 4.09749081882e-05, 2.39406417677e-05, 2.26491574722e-05, 1.6163516193e-05, 1.00134993772e-05, 1.74857013917e-05, 2.51971159742e-05, 3.11540497933e-05, 3.15057768603e-05, 3.06337751681e-05, 2.27914770221e-05, 9.03718955669e-06, 2.41157295022e-06, 3.20725945357e-07, 4.81100492777e-09, 2.28307525663e-10, 1.92636705199e-11, 1.03906900445e-11], [2.78777435164e-11, 1.33702590666e-10, 4.19287715658e-10, 1.20812782001e-08, 1.36219614433e-06, 2.47761772698e-06, 1.97197659872e-05, 3.27786146954e-05, 4.09749081882e-05, 6.8978726631e-05, 2.51621640928e-05, 1.69588984136e-05, 1.13892692752e-05, 9.65081835602e-06, 1.24053867694e-05, 1.99144596991e-05, 2.28525768762e-05, 2.50118828262e-05, 2.91359301627e-05, 1.78621594387e-05, 7.82390452514e-06, 2.10528219213e-06, 3.16062966021e-07, 4.7357073818e-09, 2.89837265299e-10, 1.98042120897e-11, 9.18699318009e-12], [1.26160982702e-11, 1.02795223722e-10, 4.54809662154e-10, 2.38710953226e-08, 1.55919008193e-06, 3.82656116926e-06, 1.05210046968e-05, 1.96067503566e-05, 2.39406417677e-05, 2.51621640928e-05, 5.40530600119e-05, 2.07114117075e-05, 9.70594101091e-06, 6.20311539024e-06, 8.20776949695e-06, 1.23806485135e-05, 1.90063019545e-05, 2.11175720324e-05, 2.17141750909e-05, 1.57337817654e-05, 7.01640874468e-06, 1.71865508491e-06, 2.77847192365e-07, 4.11829637059e-09, 1.78428036235e-10, 1.29515634328e-11, 6.79803912815e-12], [1.28134369434e-11, 5.40655610559e-11, 2.400278587e-10, 1.75412537828e-08, 1.02130002233e-06, 2.41834277404e-06, 1.37399347295e-05, 1.41759501275e-05, 2.26491574722e-05, 1.69588984136e-05, 2.07114117075e-05, 2.97438309644e-05, 9.92673722067e-06, 4.66630126539e-06, 6.46946091365e-06, 9.55697851168e-06, 1.44097784869e-05, 1.74621127371e-05, 1.58882012329e-05, 1.06866600618e-05, 5.12210272063e-06, 1.38057839649e-06, 1.87277564123e-07, 3.54564799743e-09, 1.35773031706e-10, 1.01269305441e-11, 4.76317336268e-12], [6.25186838063e-12, 3.33539237896e-11, 1.6635656741e-10, 9.87367609895e-09, 7.1467638918e-07, 1.39066116844e-06, 8.37189418235e-06, 9.45625924942e-06, 1.6163516193e-05, 1.13892692752e-05, 9.70594101091e-06, 9.92673722067e-06, 7.37415439289e-06, 2.96130042443e-06, 5.1520719353e-06, 6.38391520624e-06, 8.38720188767e-06, 9.65505751083e-06, 9.83758218354e-06, 6.66883397571e-06, 3.08531889459e-06, 8.15599776161e-07, 1.22606437003e-07, 2.10674655499e-09, 8.97905499953e-11, 6.19520710773e-12, 2.51367134572e-12], [4.28486933435e-12, 2.05497407285e-11, 7.10212097466e-11, 2.21841300885e-09, 3.08145700956e-07, 7.02306920175e-07, 4.80877133668e-06, 5.27724387211e-06, 1.00134993772e-05, 9.65081835602e-06, 6.20311539024e-06, 4.66630126539e-06, 2.96130042443e-06, 3.59182490683e-06, 3.38728591487e-06, 4.92565777677e-06, 6.413697065e-06, 7.19029321772e-06, 7.07490880814e-06, 4.81813458464e-06, 1.90894797925e-06, 5.41110125596e-07, 7.59630225389e-08, 1.19288201539e-09, 4.8405539993e-11, 4.08692350795e-12, 2.44722276298e-12], [6.25423757922e-12, 3.25394780565e-11, 1.44544556879e-10, 7.96267141112e-09, 4.94804169193e-07, 9.38351320201e-07, 8.52451285027e-06, 9.75279544946e-06, 1.74857013917e-05, 1.24053867694e-05, 8.20776949695e-06, 6.46946091365e-06, 5.1520719353e-06, 3.38728591487e-06, 8.82481526787e-06, 8.5431165644e-06, 1.10388828034e-05, 1.08277836262e-05, 1.11684958028e-05, 8.08517597761e-06, 3.31578007717e-06, 7.95326229763e-07, 1.21001136222e-07, 1.79870984773e-09, 6.26128315862e-11, 6.24903340879e-12, 3.90827214342e-12], [1.02163503352e-11, 5.30880617244e-11, 1.7984821965e-10, 7.64315721824e-09, 7.60420618917e-07, 1.56912926741e-06, 1.19214464576e-05, 1.72357376869e-05, 2.51971159742e-05, 1.99144596991e-05, 1.23806485135e-05, 9.55697851168e-06, 6.38391520624e-06, 4.92565777677e-06, 8.5431165644e-06, 1.73685075424e-05, 1.59399442055e-05, 1.49693159983e-05, 1.57455197041e-05, 1.06115812741e-05, 4.49078879683e-06, 1.10736812076e-06, 1.55992708528e-07, 2.39143904679e-09, 1.09698139461e-10, 8.97387459481e-12, 4.89893108718e-12], [1.20727221622e-11, 6.3404073658e-11, 2.13657480597e-10, 1.61670161702e-08, 9.66184870776e-07, 1.86187503459e-06, 1.38277036967e-05, 2.17297401832e-05, 3.11540497933e-05, 2.28525768762e-05, 1.90063019545e-05, 1.44097784869e-05, 8.38720188767e-06, 6.413697065e-06, 1.10388828034e-05, 1.59399442055e-05, 2.77200870187e-05, 2.31332141993e-05, 2.33305308939e-05, 1.63077293109e-05, 6.7486826083e-06, 1.70770715613e-06, 2.56425096268e-07, 3.6212048915e-09, 1.23324406243e-10, 1.20273244489e-11, 7.47386354194e-12], [1.72750806715e-11, 8.48358397421e-11, 3.24233195848e-10, 1.21124497099e-08, 1.10010171284e-06, 2.17866909225e-06, 1.45593476191e-05, 1.89649999811e-05, 3.15057768603e-05, 2.50118828262e-05, 2.11175720324e-05, 1.74621127371e-05, 9.65505751083e-06, 7.19029321772e-06, 1.08277836262e-05, 1.49693159983e-05, 2.31332141993e-05, 3.38314130204e-05, 2.70293348876e-05, 1.80851748155e-05, 7.3602741395e-06, 2.14013243749e-06, 3.08819181782e-07, 4.64336169514e-09, 1.81786377618e-10, 1.51017063438e-11, 8.53514741522e-12], [1.45373635005e-11, 5.82883394329e-11, 1.81421933032e-10, 1.50179122471e-08, 1.0480241599e-06, 2.17631554733e-06, 1.36045691761e-05, 2.15276068047e-05, 3.06337751681e-05, 2.91359301627e-05, 2.17141750909e-05, 1.58882012329e-05, 9.83758218354e-06, 7.07490880814e-06, 1.11684958028e-05, 1.57455197041e-05, 2.33305308939e-05, 2.70293348876e-05, 3.40834958479e-05, 1.90143928194e-05, 8.34013280837e-06, 2.30724685935e-06, 3.45206473185e-07, 5.21644816232e-09, 1.72571831825e-10, 1.38562182561e-11, 7.21269571846e-12], [8.84575225568e-12, 5.2152844543e-11, 1.80537126915e-10, 1.04696562531e-08, 7.1084832598e-07, 1.57530371325e-06, 9.78205025604e-06, 1.68763690453e-05, 2.27914770221e-05, 1.78621594387e-05, 1.57337817654e-05, 1.06866600618e-05, 6.66883397571e-06, 4.81813458464e-06, 8.08517597761e-06, 1.06115812741e-05, 1.63077293109e-05, 1.80851748155e-05, 1.90143928194e-05, 1.54326771735e-05, 5.61392289455e-06, 1.55292923409e-06, 2.456018251e-07, 3.54863871621e-09, 1.16708115394e-10, 9.57725912465e-12, 5.2410354702e-12], [4.40162056109e-12, 2.39341064329e-11, 1.05315443866e-10, 6.08535932756e-09, 3.96082384668e-07, 7.58542228141e-07, 4.50496827398e-06, 6.64135404804e-06, 9.03718955669e-06, 7.82390452514e-06, 7.01640874468e-06, 5.12210272063e-06, 3.08531889459e-06, 1.90894797925e-06, 3.31578007717e-06, 4.49078879683e-06, 6.7486826083e-06, 7.3602741395e-06, 8.34013280837e-06, 5.61392289455e-06, 2.71501630777e-06, 6.85058068939e-07, 1.05909414572e-07, 1.58239477077e-09, 5.79831425929e-11, 4.14765227372e-12, 1.88512226662e-12], [1.30802302583e-12, 6.42300405571e-12, 2.47915316748e-11, 1.31157529282e-09, 1.09513791813e-07, 2.05568355227e-07, 1.11023064164e-06, 1.51578581153e-06, 2.41157295022e-06, 2.10528219213e-06, 1.71865508491e-06, 1.38057839649e-06, 8.15599776161e-07, 5.41110125596e-07, 7.95326229763e-07, 1.10736812076e-06, 1.70770715613e-06, 2.14013243749e-06, 2.30724685935e-06, 1.55292923409e-06, 6.85058068939e-07, 2.22417241957e-07, 3.06302858633e-08, 4.70277650155e-10, 1.75238590999e-11, 1.12618595005e-12, 4.7228594733e-13], [2.01935581971e-13, 1.19462697113e-12, 4.81606117833e-12, 2.75176714748e-10, 1.83711748036e-08, 3.03561300541e-08, 1.47261758343e-07, 2.79603341369e-07, 3.20725945357e-07, 3.16062966021e-07, 2.77847192365e-07, 1.87277564123e-07, 1.22606437003e-07, 7.59630225389e-08, 1.21001136222e-07, 1.55992708528e-07, 2.56425096268e-07, 3.08819181782e-07, 3.45206473185e-07, 2.456018251e-07, 1.05909414572e-07, 3.06302858633e-08, 5.57916601807e-09, 7.56463017226e-11, 2.77562629998e-12, 1.77114697691e-13, 7.38480389578e-14], [2.73039799998e-15, 1.63283930376e-14, 8.13245074039e-14, 4.7564265894e-12, 3.25251992006e-10, 4.91882312659e-10, 2.54866461269e-09, 4.30333457757e-09, 4.81100492777e-09, 4.7357073818e-09, 4.11829637059e-09, 3.54564799743e-09, 2.10674655499e-09, 1.19288201539e-09, 1.79870984773e-09, 2.39143904679e-09, 3.6212048915e-09, 4.64336169514e-09, 5.21644816232e-09, 3.54863871621e-09, 1.58239477077e-09, 4.70277650155e-10, 7.56463017226e-11, 1.45048361343e-12, 4.37183011418e-14, 2.71026910902e-15, 1.05187621884e-15], [1.65924026723e-16, 1.62029874804e-15, 5.89996056025e-15, 2.85577795136e-13, 1.60743536537e-11, 2.57971734252e-11, 1.25000690354e-10, 1.8782531086e-10, 2.28307525663e-10, 2.89837265299e-10, 1.78428036235e-10, 1.35773031706e-10, 8.97905499953e-11, 4.8405539993e-11, 6.26128315862e-11, 1.09698139461e-10, 1.23324406243e-10, 1.81786377618e-10, 1.72571831825e-10, 1.16708115394e-10, 5.79831425929e-11, 1.75238590999e-11, 2.77562629998e-12, 4.37183011418e-14, 4.02403626845e-15, 1.98169538704e-16, 5.43493264301e-17], [1.23782582498e-17, 7.87380718118e-17, 3.09208450953e-16, 1.63865096622e-14, 9.5384475058e-13, 1.66416988696e-12, 1.04190597122e-11, 1.53479659537e-11, 1.92636705199e-11, 1.98042120897e-11, 1.29515634328e-11, 1.01269305441e-11, 6.19520710773e-12, 4.08692350795e-12, 6.24903340879e-12, 8.97387459481e-12, 1.20273244489e-11, 1.51017063438e-11, 1.38562182561e-11, 9.57725912465e-12, 4.14765227372e-12, 1.12618595005e-12, 1.77114697691e-13, 2.71026910902e-15, 1.98169538704e-16, 2.13291019032e-17, 1.45479678857e-17], [6.27201841253e-18, 2.18665939391e-17, 9.12893332324e-17, 3.11142073647e-15, 3.14929397664e-13, 5.94906502532e-13, 5.49090157023e-12, 7.25457888207e-12, 1.03906900445e-11, 9.18699318009e-12, 6.79803912815e-12, 4.76317336268e-12, 2.51367134572e-12, 2.44722276298e-12, 3.90827214342e-12, 4.89893108718e-12, 7.47386354194e-12, 8.53514741522e-12, 7.21269571846e-12, 5.2410354702e-12, 1.88512226662e-12, 4.7228594733e-13, 7.38480389578e-14, 1.05187621884e-15, 5.43493264301e-17, 1.45479678857e-17, 1.39420696676e-17]]
    },
    "mfcc": {
        "kurt": [0.65584564209, -0.263061761856, 0.801409006119, -0.635096073151, 0.655616760254, -0.553467988968, -0.59577703476, 1.82562685013, -0.817936897278, -0.411510229111, -0.816457986832, -0.545784473419, -0.719425916672],
        "max": [-533.276855469, 116.649421692, -6.103515625e-05, 29.2993049622, 21.9166870117, 2.28881835938e-05, 20.8857002258, 31.7863101959, 42.7301979065, 38.5408630371, 30.6949043274, 27.426027298, 36.4990348816],
        "mean": [-694.322570801, 65.6373062134, -161.972610474, -1.17612504959, -93.2547988892, -33.0517959595, -40.5480384827, -6.4218211174, -10.8995294571, -2.47045731544, -3.82106518745, -1.90937972069, 5.31394290924],
        "median": [-603.258666992, 71.9353790283, -183.629989624, 8.01086425781e-05, -111.935653687, -34.6256065369, -49.0071868896, -6.41284179688, -13.7820587158, -1.76409912109, -3.55176925659, -3.0517578125e-05, 2.34758377075],
        "min": [-1138.42004395, -3.15996170044, -243.693771362, -40.8943252563, -136.314819336, -78.404510498, -73.9582595825, -26.9763946533, -46.4674072266, -31.5700073242, -35.2030334473, -30.9119682312, -25.9828453064],
        "skew": [-1.49844253063, -0.877510368824, 1.44484448433, -0.202138468623, 1.52330076694, 0.246694505215, 0.863975286484, 0.721656322479, 0.390792518854, 0.218636035919, 0.3482375741, 0.145017430186, 0.397175431252],
        "var": [40640.71875, 1116.1081543, 5212.81542969, 232.56211853, 1952.4420166, 340.78338623, 576.803466797, 80.2308349609, 439.602661133, 163.350265503, 268.029571533, 143.94102478, 169.887649536],
        "cov": [[40823.7851562, 6147.43994141, -11955.9326172, 700.602539062, -8435.71191406, -1896.20092773, -4275.20556641, -861.876953125, -2111.83789062, -904.840209961, -1085.05993652, -598.842712402, -20.2083854675], [6147.43994141, 1121.13574219, -1597.91479492, 168.674438477, -1159.33215332, -264.7918396, -615.525085449, -161.187988281, -365.472686768, -201.768035889, -232.189071655, -136.83140564, -75.0014419556], [-11955.9326172, -1597.91479492, 5236.296875, 366.337127686, 2902.45776367, 1153.35241699, 1019.00634766, 216.125183105, -51.1891326904, -143.228118896, -233.070770264, -221.906433105, -432.165863037], [700.602539062, 168.674438477, 366.337127686, 233.609695435, 19.0186748505, 168.912384033, -144.628067017, -17.900182724, -253.652679443, -149.507659912, -203.258682251, -149.116928101, -154.796508789], [-8435.71191406, -1159.33215332, 2902.45776367, 19.0186748505, 1961.23681641, 529.216125488, 884.776489258, 196.309158325, 287.277770996, 94.6339111328, 62.919380188, -2.84670901299, -148.310211182], [-1896.20092773, -264.7918396, 1153.35241699, 168.912384033, 529.216125488, 342.318450928, 118.42766571, 42.4357833862, -134.807861328, -89.8902282715, -135.488357544, -107.675132751, -145.496520996], [-4275.20556641, -615.525085449, 1019.00634766, -144.628067017, 884.776489258, 118.42766571, 579.401672363, 125.727378845, 360.182281494, 159.21913147, 188.067138672, 120.451004028, 33.7452392578], [-861.876953125, -161.187988281, 216.125183105, -17.900182724, 196.309158325, 42.4357833862, 125.727378845, 80.5922393799, 78.7953948975, 52.4900398254, 32.3990783691, 16.2579402924, 2.07957530022], [-2111.83789062, -365.472686768, -51.1891326904, -253.652679443, 287.277770996, -134.807861328, 360.182281494, 78.7953948975, 441.582855225, 233.54536438, 302.652313232, 208.276931763, 178.735549927], [-904.840209961, -201.768035889, -143.228118896, -149.507659912, 94.6339111328, -89.8902282715, 159.21913147, 52.4900398254, 233.54536438, 164.086074829, 175.268386841, 115.8150177, 109.271408081], [-1085.05993652, -232.189071655, -233.070770264, -203.258682251, 62.919380188, -135.488357544, 188.067138672, 32.3990783691, 302.652313232, 175.268386841, 269.236907959, 176.737380981, 174.662094116], [-598.842712402, -136.83140564, -221.906433105, -149.116928101, -2.84670901299, -107.675132751, 120.451004028, 16.2579402924, 208.276931763, 115.8150177, 176.737380981, 144.589401245, 131.773773193], [-20.2083854675, -75.0014419556, -432.165863037, -154.796508789, -148.310211182, -145.496520996, 33.7452392578, 2.07957530022, 178.735549927, 109.271408081, 174.662094116, 131.773773193, 170.652908325]]
    },
    "sccoeffs": {
        "kurt": [-1.54876554012, -0.214351177216, 0.394060611725, 0.946339130402, 2.11856269836, 0.816851377487],
        "max": [-0.242107018828, -0.365851908922, -0.570174634457, -0.610667169094, -0.611070513725, -0.314830541611],
        "mean": [-0.674983799458, -0.6398203969, -0.756654798985, -0.780713140965, -0.761490941048, -0.527683258057],
        "median": [-0.706376075745, -0.612302720547, -0.735181808472, -0.76449739933, -0.742092728615, -0.464361548424],
        "min": [-0.994533777237, -0.971212029457, -0.980224013329, -0.957277774811, -0.958220779896, -0.958130657673],
        "skew": [0.112981900573, -0.765738129616, -0.984841763973, -1.15318286419, -1.58211922646, -1.53362762928],
        "var": [0.0530383549631, 0.020789925009, 0.00716782780364, 0.00403166329488, 0.00414990074933, 0.0309844538569],
        "cov": [[0.0532772652805, -0.00124511064496, 0.00870329327881, 0.00578772695735, 0.00388842262328, 0.0163072105497], [-0.00124511064496, 0.0208835732192, 0.00833557453007, 0.00571050960571, 0.00633721705526, 0.0180973559618], [0.00870329327881, 0.00833557453007, 0.00720011536032, 0.00390799203888, 0.00386308762245, 0.011566770263], [0.00578772695735, 0.00571050960571, 0.00390799203888, 0.00404982408509, 0.00328432302922, 0.00892832130194], [0.00388842262328, 0.00633721705526, 0.00386308762245, 0.00328432302922, 0.00416859425604, 0.0082217939198], [0.0163072105497, 0.0180973559618, 0.011566770263, 0.00892832130194, 0.0082217939198, 0.031124021858]]
    },
    "scvalleys": {
        "kurt": [3.6767334938, 2.25134563446, 3.22286701202, 3.63935518265, 3.85095691681, 6.33225345612],
        "max": [-8.56819725037, -3.78823566437, -3.41544079781, -4.3023815155, -4.46916007996, -9.64194011688],
        "mean": [-11.5607738495, -7.22521543503, -6.16724157333, -6.69691944122, -6.76073789597, -12.336432457],
        "median": [-10.3917551041, -5.38932323456, -4.24498796463, -4.86959838867, -5.01021575928, -11.6327648163],
        "min": [-28.3509025574, -27.5250282288, -27.0675354004, -27.4009895325, -27.2678661346, -27.2626495361],
        "skew": [-1.91396486759, -1.76133358479, -2.07919549942, -2.13235878944, -2.11444616318, -1.80764710903],
        "var": [9.82427787781, 18.7309303284, 19.2447452545, 17.1796016693, 15.3161678314, 5.38665056229],
        "cov": [[9.86853122711, 13.0464353561, 13.2107419968, 12.4812831879, 11.851474762, 6.5631275177], [13.0464353561, 18.8153038025, 18.5311107635, 17.4975948334, 16.666891098, 9.29187965393], [13.2107419968, 18.5311107635, 19.3314323425, 18.2113342285, 17.1559944153, 8.96335983276], [12.4812831879, 17.4975948334, 18.2113342285, 17.2569885254, 16.2221012115, 8.47038269043], [11.851474762, 16.666891098, 17.1559944153, 16.2221012115, 15.3851594925, 8.15059280396], [6.5631275177, 9.29187965393, 8.96335983276, 8.47038269043, 8.15059280396, 5.41091442108]]
    }
},
"rhythm": {
    "beats_loudness": {
        "kurt": 0.41953587532,
        "max": 0.191059365869,
        "mean": 0.12956623733,
        "median": 0.145637854934,
        "min": 0.00905215088278,
        "skew": -1.30511438847,
        "var": 0.00280283088796
    },
    "bpm": 130.671569824,
    "confidence": 0,
    "first_peak_bpm": {
        "kurt": 0,
        "max": 129,
        "mean": 129,
        "median": 129,
        "min": 129,
        "skew": 0,
        "var": 0
    },
    "first_peak_spread": {
        "kurt": 0,
        "max": 0.444444417953,
        "mean": 0.444444417953,
        "median": 0.444444417953,
        "min": 0.444444417953,
        "skew": 0,
        "var": 0
    },
    "first_peak_weight": {
        "kurt": 0,
        "max": 0.555555582047,
        "mean": 0.555555582047,
        "median": 0.555555582047,
        "min": 0.555555582047,
        "skew": 0,
        "var": 0
    },
    "onset_rate": 1.55382919312,
    "second_peak_bpm": {
        "kurt": 0,
        "max": 0,
        "mean": 0,
        "median": 0,
        "min": 0,
        "skew": 0,
        "var": 0
    },
    "second_peak_spread": {
        "kurt": 0,
        "max": 0,
        "mean": 0,
        "median": 0,
        "min": 0,
        "skew": 0,
        "var": 0
    },
    "second_peak_weight": {
        "kurt": 0,
        "max": 0,
        "mean": 0,
        "median": 0,
        "min": 0,
        "skew": 0,
        "var": 0
    },
    "beats_loudness_band_ratio": {
        "kurt": [3.43674945831, -1.3476858139, -1.13842785358, -1.57482683659, 0.688684463501, 1.31404733658],
        "max": [0.00310905114748, 0.0316970571876, 0.479886770248, 0.48146802187, 0.394088745117, 0.240973472595],
        "mean": [0.000551381439436, 0.0140967871994, 0.29459014535, 0.322746276855, 0.260921299458, 0.134568914771],
        "median": [0.000105995000922, 0.0133121227846, 0.275430858135, 0.306280851364, 0.251988142729, 0.12719604373],
        "min": [1.09321987907e-07, 7.07603294359e-06, 0.170470446348, 0.182066291571, 0.198011577129, 0.0770804360509],
        "skew": [2.15932154655, 0.22878344357, 0.392368972301, 0.185223519802, 1.13065636158, 1.19136250019],
        "var": [8.19197964574e-07, 0.000123602250824, 0.010624807328, 0.0121631287038, 0.00307201035321, 0.00183005724102],
        "cov": [[9.10219966954e-07, -6.14163582213e-07, 2.32494639931e-05, -6.37245011603e-06, -7.45073748476e-06, -1.34579113364e-05], [-6.14163582213e-07, 0.000137335824547, -0.000726784172002, 0.000999123905785, -0.000440827367129, 1.17946974569e-05], [2.32494639931e-05, -0.000726784172002, 0.011805341579, -0.010881411843, 0.000898561440408, -0.0010649478063], [-6.37245011603e-06, 0.000999123905785, -0.010881411843, 0.0135145876557, -0.00322553166188, -0.000442638382083], [-7.45073748476e-06, -0.000440827367129, 0.000898561440408, -0.00322553166188, 0.00341334473342, -0.000552221317776], [-1.34579113364e-05, 1.17946974569e-05, -0.0010649478063, -0.000442638382083, -0.000552221317776, 0.00203339685686]]
    },
    "beats_position": [0.452789098024, 0.905578196049, 1.369977355, 1.83437633514, 2.29877543449, 2.76317453384, 3.21596360207, 3.66875267029, 4.12154197693, 4.58594083786],
    "bpm_estimates": [132.512023926, 129.199203491, 129.199249268, 129.19921875, 129.19921875, 132.512039185, 132.512039185, 132.511962891, 129.199279785],
    "bpm_intervals": [0.452789098024, 0.464399158955, 0.464398980141, 0.46439909935, 0.46439909935, 0.452789068222, 0.452789068222, 0.452789306641, 0.464398860931],
    "onset_times": [0.383129239082, 1.19582772255, 1.75310659409, 2.26394557953, 2.72834467888, 3.20435380936, 3.62231302261, 4.04027223587],
    "histogram": [[0, 0, 0, 0, 0, 0, 0, 0, 0, 0, 0, 0, 0, 0, 0, 0, 0, 0, 0, 0, 0, 0, 0, 0, 0, 0, 0, 0, 0, 0, 0, 0, 0, 0, 0, 0, 0, 0, 0, 0, 0, 0, 0, 0, 0, 0, 0, 0, 0, 0, 0, 0, 0, 0, 0, 0, 0, 0, 0, 0, 0, 0, 0, 0, 0, 0, 0, 0, 0, 0, 0, 0, 0, 0, 0, 0, 0, 0, 0, 0, 0, 0, 0, 0, 0, 0, 0, 0, 0, 0, 0, 0, 0, 0, 0, 0, 0, 0, 0, 0, 0, 0, 0, 0, 0, 0, 0, 0, 0, 0, 0, 0, 0, 0, 0, 0, 0, 0, 0, 0, 0, 0, 0, 0, 0, 0, 0, 0, 0, 0.555555582047, 0, 0, 0, 0.444444447756, 0, 0, 0, 0, 0, 0, 0, 0, 0, 0, 0, 0, 0, 0, 0, 0, 0, 0, 0, 0, 0, 0, 0, 0, 0, 0, 0, 0, 0, 0, 0, 0, 0, 0, 0, 0, 0, 0, 0, 0, 0, 0, 0, 0, 0, 0, 0, 0, 0, 0, 0, 0, 0, 0, 0, 0, 0, 0, 0, 0, 0, 0, 0, 0, 0, 0, 0, 0, 0, 0, 0, 0, 0, 0, 0, 0, 0, 0, 0, 0, 0, 0, 0, 0, 0, 0, 0, 0, 0, 0, 0, 0, 0, 0, 0, 0, 0, 0, 0, 0, 0, 0, 0, 0, 0, 0, 0, 0, 0, 0, 0, 0, 0, 0, 0, 0]]
},
"sfx": {
    "inharmonicity": {
        "kurt": -0.748913049698,
        "max": 0.37834867835,
        "mean": 0.117284812033,
        "median": 0.0779953822494,
        "min": 0,
        "skew": 0.725743591785,
        "var": 0.0110789947212
    },
    "oddtoevenharmonicenergyratio": {
        "kurt": 214.48135376,
        "max": 176.022659302,
        "mean": 1.5856359005,
        "median": 0.619475126266,
        "min": 0,
        "skew": 14.6570749283,
        "var": 138.170852661
    },
    "pitch_after_max_to_before_max_energy_ratio": 0.138109922409,
    "pitch_centroid": 102.04485321,
    "pitch_max_to_total": 0.982062757015,
    "pitch_min_to_total": 0.412556052208,
    "tristimulus": {
        "kurt": [0.388978004456, 0.297101020813, -1.44250774384],
        "max": [1, 0.975891411304, 1],
        "mean": [0.267700046301, 0.310303360224, 0.421996533871],
        "median": [0.12937939167, 0.314379572868, 0.397923111916],
        "min": [0, 0, 0],
        "skew": [1.28933775425, 0.527733385563, 0.111816868186],
        "var": [0.113296948373, 0.0500405952334, 0.111001260579],
        "cov": [[0.113807290792, -0.0262861344963, -0.0875213369727], [-0.0262861344963, 0.0502660050988, -0.0239798873663], [-0.0875213369727, -0.0239798873663, 0.111501261592]]
    }
},
"tonal": {
    "chords_changes_rate": 0.0357142873108,
    "chords_number_rate": 0.0267857145518,
    "chords_strength": {
        "kurt": -0.871381282806,
        "max": 0.474185347557,
        "mean": 0.413438558578,
        "median": 0.412123203278,
        "min": 0.349561423063,
        "skew": -0.0415491648018,
        "var": 0.000839818152599
    },
    "key_strength": 0.400487244129,
    "tuning_diatonic_strength": 0.36144387722,
    "tuning_equal_tempered_deviation": 0.267733722925,
    "tuning_frequency": 434.444000244,
    "tuning_nontempered_energy_ratio": 0.913466989994,
    "hpcp": {
        "kurt": [-0.69399189949, -0.798669338226, -0.52540063858, -0.956904888153, -0.695202350616, -0.554787158966, -0.658332586288, -0.835599422455, -0.887397527695, 0.469323635101, -0.187263965607, -0.291932106018, -0.0152721405029, 0.0140817165375, 0.296504974365, -0.473871469498, -0.374705791473, -0.432473659515, -0.0249767303467, -0.513857126236, -0.878105163574, -0.808562278748, -0.22195649147, 0.0457766056061, -0.675028562546, -0.597973108292, -0.31333065033, -0.294040679932, -0.343519926071, -0.251972675323, -0.250076770782, -0.935542106628, -0.965429544449, -0.328704595566, -0.0330288410187, -0.20191192627],
        "max": [1, 1, 1, 1, 1, 1, 1, 1, 1, 1, 0.967119932175, 1, 1, 1, 1, 1, 1, 1, 1, 0.713705897331, 0.967390716076, 1, 0.984126627445, 0.998590290546, 0.892946362495, 0.982085049152, 1, 1, 1, 1, 1, 1, 1, 1, 0.990463137627, 1],
        "mean": [0.465461790562, 0.464904934168, 0.451623380184, 0.476874619722, 0.459661692381, 0.429884374142, 0.458663225174, 0.52825152874, 0.481948882341, 0.374641388655, 0.3799662292, 0.418079406023, 0.402427941561, 0.371000140905, 0.3774484694, 0.419567614794, 0.438078910112, 0.453138679266, 0.39113765955, 0.323612213135, 0.416797310114, 0.451958835125, 0.347985774279, 0.324539870024, 0.363050162792, 0.401802837849, 0.418440133333, 0.375614821911, 0.368363916874, 0.382650077343, 0.463019430637, 0.535568773746, 0.490714281797, 0.444027274847, 0.40954208374, 0.408214151859],
