{
"metadata": {
    "version": {
        "essentia": "2.1-beta3"
    }
},
"lowLevel": {
    "average_loudness": 0.69371420145,
    "barkbands_kurtosis": {
        "kurt": 0.372708559036,
        "max": 18.6133785248,
        "mean": 6.78152132034,
        "median": 7.17050170898,
        "min": -1.61641323566,
        "skew": 0.153230115771,
        "var": 18.481010437
    },
    "barkbands_skewness": {
        "kurt": 3.97089147568,
        "max": 3.65999007225,
        "mean": 1.65490043163,
        "median": 1.81843793392,
        "min": -1.94063699245,
        "skew": -1.38776910305,
        "var": 0.790721714497
    },
    "barkbands_spread": {
        "kurt": 2.41582918167,
        "max": 46.7626838684,
        "mean": 11.1041116714,
        "median": 7.47545528412,
        "min": 2.25925278664,
        "skew": 1.57248723507,
        "var": 76.7384185791
    },
    "dissonance": {
        "kurt": 0.599452018738,
        "max": 0.499942064285,
        "mean": 0.454568117857,
        "median": 0.464866667986,
        "min": 0.343348830938,
        "skew": -1.04210877419,
        "var": 0.00132262671832
    },
    "hfc": {
        "kurt": 18.1485157013,
        "max": 27.9851226807,
        "mean": 1.45835137367,
        "median": 0.0117104360834,
        "min": 3.46108963711e-09,
        "skew": 4.22094678879,
        "var": 21.6942634583
    },
    "pitch": {
        "kurt": 10.3847827911,
        "max": 4163.97119141,
        "mean": 552.467041016,
        "median": 400.980865479,
        "min": 56.6698760986,
        "skew": 3.45200991631,
        "var": 779120.1875
    },
    "pitch_instantaneous_confidence": {
        "kurt": 0.238579750061,
        "max": 0.71918463707,
        "mean": 0.363899022341,
        "median": 0.366024374962,
        "min": 0.152044534683,
        "skew": 0.490053772926,
        "var": 0.0129647571594
    },
    "pitch_salience": {
        "kurt": 0.832132101059,
        "max": 0.927269160748,
        "mean": 0.722812712193,
        "median": 0.736609518528,
        "min": 0.450364738703,
        "skew": -0.861141562462,
        "var": 0.00782905798405
    },
    "silence_rate_20dB": {
        "kurt": 0,
        "max": 1,
        "mean": 1,
        "median": 1,
        "min": 1,
        "skew": 0,
        "var": 0
    },
    "silence_rate_30dB": {
        "kurt": 0,
        "max": 1,
        "mean": 1,
        "median": 1,
        "min": 1,
        "skew": 0,
        "var": 0
    },
    "silence_rate_60dB": {
        "kurt": 5.6602191925,
        "max": 1,
        "mean": 0.905263185501,
        "median": 1,
        "min": 0,
        "skew": -2.7677128315,
        "var": 0.0857617408037
    },
    "spectral_centroid": {
        "kurt": 17.8069438934,
        "max": 4778.296875,
        "mean": 740.585021973,
        "median": 498.362915039,
        "min": 259.652008057,
        "skew": 4.13718509674,
        "var": 600229.5625
    },
    "spectral_complexity": {
        "kurt": 11.4276247025,
        "max": 46,
        "mean": 3.35789465904,
        "median": 0,
        "min": 0,
        "skew": 3.33353352547,
        "var": 67.2192153931
    },
    "spectral_crest": {
        "kurt": 0.713457107544,
        "max": 19.9243831635,
        "mean": 9.47666549683,
        "median": 9.39761543274,
        "min": 2.90703368187,
        "skew": 0.58313959837,
        "var": 9.59428882599
    },
    "spectral_decrease": {
        "kurt": 17.0154876709,
        "max": -1.08739198772e-19,
        "mean": -2.85285961521e-10,
        "median": -6.40474045327e-12,
        "min": -4.71249839151e-09,
        "skew": -4.1217007637,
        "var": 7.08355910765e-19
    },
    "spectral_energy": {
        "kurt": 17.1012878418,
        "max": 0.0203243698925,
        "mean": 0.00120901095215,
        "median": 2.52351273957e-05,
        "min": 7.24338015783e-13,
        "skew": 4.1264667511,
        "var": 1.29020909299e-05
    },
    "spectral_energyband_high": {
        "kurt": 25.3701782227,
        "max": 0.00191692076623,
        "mean": 7.53376662033e-05,
        "median": 5.6577931673e-08,
        "min": 3.73949108441e-13,
        "skew": 4.85686302185,
        "var": 7.33983682721e-08
    },
    "spectral_energyband_low": {
        "kurt": 37.0368041992,
        "max": 0.00113266753033,
        "mean": 3.9100072172e-05,
        "median": 2.13466728383e-06,
        "min": 8.15250365249e-16,
        "skew": 5.86626148224,
        "var": 2.12273096878e-08
    },
    "spectral_energyband_middle_high": {
        "kurt": 17.2261486053,
        "max": 0.00705434661359,
        "mean": 0.000367042957805,
        "median": 2.34952540268e-06,
        "min": 3.51468772706e-13,
        "skew": 4.0598282814,
        "var": 1.28868896354e-06
    },
    "spectral_energyband_middle_low": {
        "kurt": 17.3591079712,
        "max": 0.0117898089811,
        "mean": 0.000746068602894,
        "median": 2.26159518206e-05,
        "min": 9.47481652733e-15,
        "skew": 4.19957828522,
        "var": 4.75478418593e-06
    },
    "spectral_flatness_db": {
        "kurt": -1.02321398258,
        "max": 0.276728451252,
        "mean": 0.188123002648,
        "median": 0.184157028794,
        "min": 0.100689888,
        "skew": 0.110915072262,
        "var": 0.0020366946701
    },
    "spectral_flux": {
        "kurt": 7.40214729309,
        "max": 0.110143989325,
        "mean": 0.0131597304717,
        "median": 0.0035753173288,
        "min": 3.63603498954e-06,
        "skew": 2.71459174156,
        "var": 0.000478433503304
    },
    "spectral_kurtosis": {
        "kurt": -0.15197968483,
        "max": 30.1588134766,
        "mean": 9.40110588074,
        "median": 6.87355899811,
        "min": 0.75682091713,
        "skew": 0.996569812298,
        "var": 63.2648391724
    },
    "spectral_rms": {
        "kurt": 7.02316188812,
        "max": 0.00445293774828,
        "mean": 0.000580581370741,
        "median": 0.000156906462507,
        "min": 2.65832884594e-08,
        "skew": 2.63995218277,
        "var": 8.42448287131e-07
    },
    "spectral_rolloff": {
        "kurt": 6.31098365784,
        "max": 6589.16015625,
        "mean": 1155.9934082,
        "median": 645.99609375,
        "min": 387.59765625,
        "skew": 2.54074406624,
        "var": 1690477.625
    },
    "spectral_skewness": {
        "kurt": -1.00536394119,
        "max": 4.65666484833,
        "mean": 2.45257139206,
        "median": 2.19362473488,
        "min": 0.982358276844,
        "skew": 0.368933737278,
        "var": 1.01873731613
    },
    "spectral_spread": {
        "kurt": 0.569819927216,
        "max": 13076019,
        "mean": 5121874.5,
        "median": 4573645,
        "min": 1903357.875,
        "skew": 0.989723026752,
        "var": 6.89468709274e+12
    },
    "spectral_strongpeak": {
        "kurt": 5.68510055542,
        "max": 0.687534987926,
        "mean": 0.085247695446,
        "median": 0.0320750065148,
        "min": 2.49516278927e-06,
        "skew": 2.40440797806,
        "var": 0.0180267374963
    },
    "zerocrossingrate": {
        "kurt": 28.4390277863,
        "max": 0.45703125,
        "mean": 0.0505807958543,
        "median": 0.033203125,
        "min": 0.01904296875,
        "skew": 4.96088218689,
        "var": 0.00332836573943
    },
    "barkbands": {
        "kurt": [48.9187316895, 37.3775215149, 55.5440635681, 32.6019325256, 35.3620414734, 19.8481235504, 36.4401702881, 17.7207565308, 20.3984222412, 15.077287674, 11.9779443741, 58.1858291626, 14.9638652802, 12.9219293594, 18.5992889404, 17.8857688904, 16.4600505829, 41.3465881348, 12.1371383667, 32.1523399353, 22.4449577332, 18.2185287476, 22.9892635345, 24.4453659058, 24.2111034393, 26.9768619537, 26.0722503662],
        "max": [3.3948028431e-05, 0.00037890765816, 0.000762549228966, 0.00040206979611, 0.00190607795957, 0.00367054576054, 0.00776316644624, 0.00114475679584, 0.0017752693966, 0.00136806152295, 0.000728945189621, 0.00120853085537, 0.000134677597089, 0.000148769293446, 0.000298222934362, 0.000284012639895, 0.000370422145352, 0.00197152653709, 0.000830059638247, 0.00204866728745, 0.000752801541239, 0.000223766328418, 4.28507191828e-05, 1.63925760717e-05, 3.96191035179e-06, 3.80278208922e-08, 1.68751657093e-09],
        "mean": [8.07150456694e-07, 1.34301608341e-05, 1.94082294911e-05, 1.43762690641e-05, 7.1900394687e-05, 0.000201634451514, 0.000277656217804, 6.43972016405e-05, 9.21347455005e-05, 8.5071013018e-05, 4.5832235628e-05, 3.19166319969e-05, 7.69222788222e-06, 9.1979991339e-06, 1.60951221915e-05, 1.3786967429e-05, 1.98441830435e-05, 6.00182902417e-05, 5.02898947161e-05, 6.85440536472e-05, 3.19890386891e-05, 1.0466387721e-05, 1.72606041815e-06, 6.45054910819e-07, 1.50740021354e-07, 1.53832979688e-09, 6.57437507212e-11],
        "median": [4.0092910325e-08, 1.15549050861e-06, 3.98116185352e-07, 4.97762471241e-07, 1.57974079684e-06, 6.9454408731e-06, 6.50434776617e-06, 2.10524831346e-06, 1.98498673853e-06, 1.20254458125e-06, 6.24085714662e-07, 1.26950737922e-07, 4.41560885633e-08, 6.15223854084e-08, 4.65411069683e-08, 2.26618190879e-08, 2.20647358162e-08, 3.13991321832e-08, 3.19676978222e-08, 3.14539398971e-08, 2.21314131466e-08, 1.03651833783e-08, 3.22447557544e-09, 2.35107067148e-09, 2.02641325941e-09, 1.75734718444e-10, 2.48660185324e-12],
        "min": [1.45040416174e-16, 3.44020313945e-16, 2.6233388588e-16, 2.46568643968e-16, 9.25126102738e-16, 2.5957155262e-15, 5.30593137803e-16, 2.03364563823e-15, 2.98237039651e-15, 1.06736156931e-15, 8.20871593525e-16, 1.26938390355e-15, 2.46068301606e-15, 1.45538852711e-15, 3.28226262325e-15, 1.17758569145e-14, 1.00030855655e-14, 4.18734667708e-14, 9.70969927182e-14, 2.51298629258e-13, 6.89087120156e-14, 1.28517625687e-13, 2.39500056614e-14, 3.01111674657e-14, 3.58906121782e-14, 4.1331506292e-15, 3.0440720351e-16],
        "skew": [6.82839107513, 5.80889797211, 7.15642929077, 5.55182266235, 5.63732337952, 4.40966558456, 5.72165155411, 4.0787858963, 4.29079532623, 3.82019114494, 3.5270960331, 7.22445201874, 3.93672847748, 3.5923140049, 4.30040311813, 4.10206699371, 4.07564401627, 6.05871486664, 3.574685812, 5.51392555237, 4.59517097473, 4.22881174088, 4.66635990143, 4.7209777832, 4.82101964951, 5.0715174675, 4.90994691849],
        "var": [1.63500914196e-11, 2.28067187358e-09, 7.51503659302e-09, 2.93980662036e-09, 5.88114161815e-08, 3.47665746858e-07, 9.59831254477e-07, 3.28059499566e-08, 6.90894594868e-08, 5.64914728329e-08, 1.76019252507e-08, 1.82348163236e-08, 5.94270688214e-10, 7.09017844436e-10, 2.7293058924e-09, 1.91619320411e-09, 3.98474009344e-09, 5.77946401847e-08, 2.38901947114e-08, 7.64305170264e-08, 1.22694787663e-08, 1.27113330972e-09, 3.89448091831e-11, 5.33548942874e-12, 3.30516457302e-13, 3.02456341049e-17, 5.48863223127e-20],
        "cov": [[1.65240286731e-11, 1.03558293885e-10, 3.18729070914e-10, 1.67528227402e-10, 8.45331304955e-10, 1.60678759187e-09, 2.14649387154e-09, 3.76626618781e-10, 5.89551851782e-10, 4.31888691477e-10, 3.09764575102e-10, 2.09138553697e-10, 7.79320913358e-11, 5.42682877802e-11, 1.4776126156e-10, 1.38306838204e-10, 2.11729148103e-10, 9.21319520675e-10, 5.01101271588e-10, 8.67002636351e-10, 4.05105726742e-10, 1.27830218632e-10, 2.2407744063e-11, 8.40534759849e-12, 2.15799166731e-12, 1.96390416408e-14, 5.64231992512e-16], [1.03558293885e-10, 2.30493424347e-09, 3.26938831563e-09, 1.88987336891e-09, 9.33466282049e-09, 2.5588507313e-08, 3.15079375923e-08, 7.38051797455e-09, 1.16370504344e-08, 8.50225934101e-09, 4.48124781727e-09, 3.0115516747e-09, 9.14241571337e-10, 8.04065425353e-10, 1.83037396351e-09, 1.46052092642e-09, 2.03919658937e-09, 8.32075031099e-09, 5.99172755855e-09, 8.21109313875e-09, 4.24607016214e-09, 1.32698130262e-09, 2.47154879895e-10, 8.93436921667e-11, 2.0853384991e-11, 1.86261962343e-13, 5.70627885357e-15], [3.18729070914e-10, 3.26938831563e-09, 7.59498330893e-09, 4.10129041839e-09, 1.99950562774e-08, 4.32122106986e-08, 5.13926465828e-08, 1.01125774421e-08, 1.72299792212e-08, 1.15846541249e-08, 6.51531939511e-09, 4.27685842297e-09, 1.72103364893e-09, 1.17784315634e-09, 3.35428862464e-09, 2.69260991281e-09, 4.24540669286e-09, 1.99170351323e-08, 1.07928803672e-08, 1.73432113115e-08, 8.72515126815e-09, 2.67112088004e-09, 4.97603014349e-10, 1.84386866886e-10, 4.50689520426e-11, 4.12508352129e-13, 1.02386242524e-14], [1.67528227402e-10, 1.88987336891e-09, 4.10129041839e-09, 2.97108115888e-09, 1.13152909265e-08, 2.37884165699e-08, 2.83116250444e-08, 5.62836444118e-09, 9.31991817055e-09, 6.37408215098e-09, 3.41768235934e-09, 2.44270426109e-09, 9.37806499124e-10, 6.93127721885e-10, 1.8582827499e-09, 1.40500711066e-09, 2.45596276649e-09, 1.07047180009e-08, 6.3351719426e-09, 9.36637523097e-09, 4.61495330839e-09, 1.49122070248e-09, 2.77996847764e-10, 1.03726027767e-10, 2.44726530707e-11, 2.40956234999e-13, 6.11296817067e-15], [8.45331304955e-10, 9.33466282049e-09, 1.99950562774e-08, 1.13152909265e-08, 5.94370703766e-08, 1.29704886831e-07, 1.96313038714e-07, 3.13041113031e-08, 5.24617931319e-08, 4.28181898826e-08, 2.18726192713e-08, 2.09603818746e-08, 5.41189004721e-09, 4.46039294388e-09, 1.0946839879e-08, 8.07060906993e-09, 1.34949997843e-08, 5.67519720107e-08, 3.34353416065e-08, 5.93033320229e-08, 2.50548826131e-08, 8.00827137937e-09, 1.4661828418e-09, 5.4475540745e-10, 1.31874858256e-10, 1.28439695945e-12, 3.39260615586e-14], [1.60678759187e-09, 2.5588507313e-08, 4.32122106986e-08, 2.37884165699e-08, 1.29704886831e-07, 3.5136432075e-07, 4.52744188806e-07, 9.7263132659e-08, 1.42353741239e-07, 1.0671842432e-07, 5.54104566675e-08, 4.51635280285e-08, 1.17675567068e-08, 1.17581322456e-08, 2.83141936563e-08, 1.97114502498e-08, 3.16589705562e-08, 1.18350961031e-07, 8.07754005905e-08, 1.20870495834e-07, 5.66937394808e-08, 1.82258172998e-08, 3.2341263001e-09, 1.22018717352e-09, 2.86338897038e-10, 2.69052163361e-12, 9.90089900257e-14], [2.14649387154e-09, 3.15079375923e-08, 5.13926465828e-08, 2.83116250444e-08, 1.96313038714e-07, 4.52744188806e-07, 9.7004226518e-07, 1.15787074151e-07, 1.94583918756e-07, 2.06668133274e-07, 9.12160800226e-08, 1.26041769022e-07, 2.03525232223e-08, 2.06155039706e-08, 4.27239719158e-08, 2.78893423911e-08, 4.99191550318e-08, 1.76260215312e-07, 1.22246120782e-07, 2.54295002833e-07, 8.1307803157e-08, 2.77622334011e-08, 4.94872809398e-09, 1.82694082085e-09, 4.40998487727e-10, 4.6593419227e-12, 1.39340511243e-13], [3.76626618781e-10, 7.38051797455e-09, 1.01125774421e-08, 5.62836444118e-09, 3.13041113031e-08, 9.7263132659e-08, 1.15787074151e-07, 3.31549507848e-08, 4.14350225242e-08, 3.13845269773e-08, 1.95213853971e-08, 1.23210508463e-08, 3.33620397974e-09, 3.98295751936e-09, 8.39311020684e-09, 6.66975807917e-09, 9.36524457984e-09, 2.85336643202e-08, 2.42916140536e-08, 3.0572181231e-08, 1.59080730811e-08, 5.20229637146e-09, 8.58206283816e-10, 3.26911747672e-10, 7.65361662936e-11, 6.69712874567e-13, 3.37681576766e-14], [5.89551851782e-10, 1.16370504344e-08, 1.72299792212e-08, 9.31991817055e-09, 5.24617931319e-08, 1.42353741239e-07, 1.94583918756e-07, 4.14350225242e-08, 6.98244519981e-08, 5.52494370254e-08, 2.79018532723e-08, 2.11449311394e-08, 5.20109288971e-09, 5.47563594466e-09, 1.09917746016e-08, 8.73970407156e-09, 1.21405765441e-08, 4.8965922872e-08, 3.44015234077e-08, 5.01983272727e-08, 2.42916939897e-08, 7.55172901989e-09, 1.38447109332e-09, 5.06895081465e-10, 1.16572751452e-10, 1.0650062646e-12, 3.39886776222e-14], [4.31888691477e-10, 8.50225934101e-09, 1.15846541249e-08, 6.37408215098e-09, 4.28181898826e-08, 1.0671842432e-07, 2.06668133274e-07, 3.13845269773e-08, 5.52494370254e-08, 5.70924463261e-08, 2.67803983434e-08, 2.75414198114e-08, 4.91143703485e-09, 5.47326095557e-09, 9.29555188378e-09, 7.41705630247e-09, 1.08752518102e-08, 4.02195290405e-08, 2.99905913437e-08, 5.27517514115e-08, 1.99511216437e-08, 6.45830855461e-09, 1.16281095863e-09, 4.21873980194e-10, 9.85720532976e-11, 9.62581576947e-13, 2.89511422919e-14], [3.09764575102e-10, 4.48124781727e-09, 6.51531939511e-09, 3.41768235934e-09, 2.18726192713e-08, 5.54104566675e-08, 9.12160800226e-08, 1.95213853971e-08, 2.79018532723e-08, 2.67803983434e-08, 1.77891799069e-08, 1.23897345716e-08, 2.88380030966e-09, 3.12982106898e-09, 5.08880715344e-09, 5.41809885846e-09, 6.5838827723e-09, 2.24972271923e-08, 1.80669523786e-08, 2.73244520343e-08, 1.23803793883e-08, 3.97965926879e-09, 6.69338362513e-10, 2.43857017912e-10, 6.00669791684e-11, 5.19934410196e-13, 1.90734387784e-14], [2.09138553697e-10, 3.0115516747e-09, 4.27685842297e-09, 2.44270426109e-09, 2.09603818746e-08, 4.51635280285e-08, 1.26041769022e-07, 1.23210508463e-08, 2.11449311394e-08, 2.75414198114e-08, 1.23897345716e-08, 1.84288051486e-08, 2.51291698561e-09, 2.81650347489e-09, 4.91764851063e-09, 3.39241279512e-09, 5.94569060652e-09, 1.9028535192e-08, 1.4459820008e-08, 3.29492877427e-08, 8.99240237828e-09, 3.2053144583e-09, 5.56064583268e-10, 2.03889100048e-10, 4.97016802714e-11, 5.49484340407e-13, 1.63028397477e-14], [7.79320913358e-11, 9.14241571337e-10, 1.72103364893e-09, 9.37806499124e-10, 5.41189004721e-09, 1.17675567068e-08, 2.03525232223e-08, 3.33620397974e-09, 5.20109288971e-09, 4.91143703485e-09, 2.88380030966e-09, 2.51291698561e-09, 6.00592686695e-10, 5.27058618971e-10, 1.05822306473e-09, 9.52025791534e-10, 1.37784783583e-09, 5.32121147145e-09, 3.54378104639e-09, 6.24032203689e-09, 2.57974330786e-09, 8.27803658954e-10, 1.46466477835e-10, 5.34697217058e-11, 1.32895795063e-11, 1.23748559143e-13, 3.51244530897e-15], [5.42682877802e-11, 8.04065425353e-10, 1.17784315634e-09, 6.93127721885e-10, 4.46039294388e-09, 1.17581322456e-08, 2.06155039706e-08, 3.98295751936e-09, 5.47563594466e-09, 5.47326095557e-09, 3.12982106898e-09, 2.81650347489e-09, 5.27058618971e-10, 7.16560588643e-10, 1.20736454168e-09, 9.6990182552e-10, 1.3915592012e-09, 4.30188284994e-09, 3.4636686852e-09, 5.61249846598e-09, 2.22016360851e-09, 7.50692563667e-10, 1.24168189619e-10, 4.70457041379e-11, 1.09549713051e-11, 1.07458394396e-13, 4.41713705949e-15], [1.4776126156e-10, 1.83037396351e-09, 3.35428862464e-09, 1.8582827499e-09, 1.0946839879e-08, 2.83141936563e-08, 4.27239719158e-08, 8.39311020684e-09, 1.09917746016e-08, 9.29555188378e-09, 5.08880715344e-09, 4.91764851063e-09, 1.05822306473e-09, 1.20736454168e-09, 2.75834111108e-09, 1.88552085056e-09, 3.15777315407e-09, 1.02493187271e-08, 7.35195948565e-09, 1.20836434192e-08, 4.9411421621e-09, 1.67034341914e-09, 2.78361889094e-10, 1.07552737549e-10, 2.56710156604e-11, 2.5157407082e-13, 1.06112204933e-14], [1.38306838204e-10, 1.46052092642e-09, 2.69260991281e-09, 1.40500711066e-09, 8.07060906993e-09, 1.97114502498e-08, 2.78893423911e-08, 6.66975807917e-09, 8.73970407156e-09, 7.41705630247e-09, 5.41809885846e-09, 3.39241279512e-09, 9.52025791534e-10, 9.6990182552e-10, 1.88552085056e-09, 1.93657823111e-09, 2.500518681e-09, 8.54997406208e-09, 6.3926228755e-09, 9.50849621262e-09, 4.5338368615e-09, 1.47009382445e-09, 2.41848929772e-10, 8.99990082459e-11, 2.26871403608e-11, 1.95641598625e-13, 7.94452614724e-15], [2.11729148103e-10, 2.03919658937e-09, 4.24540669286e-09, 2.45596276649e-09, 1.34949997843e-08, 3.16589705562e-08, 4.99191550318e-08, 9.36524457984e-09, 1.21405765441e-08, 1.08752518102e-08, 6.5838827723e-09, 5.94569060652e-09, 1.37784783583e-09, 1.3915592012e-09, 3.15777315407e-09, 2.500518681e-09, 4.02713107306e-09, 1.34202924329e-08, 9.46539646662e-09, 1.57090056518e-08, 6.48878284437e-09, 2.18682116859e-09, 3.61322249898e-10, 1.38157346674e-10, 3.42583322821e-11, 3.26641003742e-13, 1.31665960754e-14], [9.21319520675e-10, 8.32075031099e-09, 1.99170351323e-08, 1.07047180009e-08, 5.67519720107e-08, 1.18350961031e-07, 1.76260215312e-07, 2.85336643202e-08, 4.8965922872e-08, 4.02195290405e-08, 2.24972271923e-08, 1.9028535192e-08, 5.32121147145e-09, 4.30188284994e-09, 1.02493187271e-08, 8.54997406208e-09, 1.34202924329e-08, 5.84094763667e-08, 3.33953948939e-08, 5.83729509174e-08, 2.58093848515e-08, 8.13110911935e-09, 1.46777845433e-09, 5.45972711485e-10, 1.34845010158e-10, 1.26728109343e-12, 3.42188537434e-14], [5.01101271588e-10, 5.99172755855e-09, 1.07928803672e-08, 6.3351719426e-09, 3.34353416065e-08, 8.07754005905e-08, 1.22246120782e-07, 2.42916140536e-08, 3.44015234077e-08, 2.99905913437e-08, 1.80669523786e-08, 1.4459820008e-08, 3.54378104639e-09, 3.4636686852e-09, 7.35195948565e-09, 6.3926228755e-09, 9.46539646662e-09, 3.33953948939e-08, 2.41443469662e-08, 3.77724447276e-08, 1.66278919522e-08, 5.48364154085e-09, 9.31826615869e-10, 3.48270634554e-10, 8.57048876313e-11, 7.91687950006e-13, 2.97311410517e-14], [8.67002636351e-10, 8.21109313875e-09, 1.73432113115e-08, 9.36637523097e-09, 5.93033320229e-08, 1.20870495834e-07, 2.54295002833e-07, 3.0572181231e-08, 5.01983272727e-08, 5.27517514115e-08, 2.73244520343e-08, 3.29492877427e-08, 6.24032203689e-09, 5.61249846598e-09, 1.20836434192e-08, 9.50849621262e-09, 1.57090056518e-08, 5.83729509174e-08, 3.77724447276e-08, 7.72436052898e-08, 2.67651500963e-08, 9.0043865697e-09, 1.57346646823e-09, 5.80802017591e-10, 1.46257089773e-10, 1.46754461881e-12, 4.29965477556e-14], [4.05105726742e-10, 4.24607016214e-09, 8.72515126815e-09, 4.61495330839e-09, 2.50548826131e-08, 5.66937394808e-08, 8.1307803157e-08, 1.59080730811e-08, 2.42916939897e-08, 1.99511216437e-08, 1.23803793883e-08, 8.99240237828e-09, 2.57974330786e-09, 2.22016360851e-09, 4.9411421621e-09, 4.5338368615e-09, 6.48878284437e-09, 2.58093848515e-08, 1.66278919522e-08, 2.67651500963e-08, 1.24000045787e-08, 3.93089560902e-09, 6.87383039377e-10, 2.54423954127e-10, 6.3421538854e-11, 5.69581220296e-13, 1.83659731439e-14], [1.27830218632e-10, 1.32698130262e-09, 2.67112088004e-09, 1.49122070248e-09, 8.00827137937e-09, 1.82258172998e-08, 2.77622334011e-08, 5.20229637146e-09, 7.55172901989e-09, 6.45830855461e-09, 3.97965926879e-09, 3.2053144583e-09, 8.27803658954e-10, 7.50692563667e-10, 1.67034341914e-09, 1.47009382445e-09, 2.18682116859e-09, 8.13110911935e-09, 5.48364154085e-09, 9.0043865697e-09, 3.93089560902e-09, 1.28465593718e-09, 2.20543860951e-10, 8.21735873791e-11, 2.04999003883e-11, 1.89343685045e-13, 6.56443927265e-15], [2.2407744063e-11, 2.47154879895e-10, 4.97603014349e-10, 2.77996847764e-10, 1.4661828418e-09, 3.2341263001e-09, 4.94872809398e-09, 8.58206283816e-10, 1.38447109332e-09, 1.16281095863e-09, 6.69338362513e-10, 5.56064583268e-10, 1.46466477835e-10, 1.24168189619e-10, 2.78361889094e-10, 2.41848929772e-10, 3.61322249898e-10, 1.46777845433e-09, 9.31826615869e-10, 1.57346646823e-09, 6.87383039377e-10, 2.20543860951e-10, 3.93591131909e-11, 1.44887270584e-11, 3.57963159982e-12, 3.34129323873e-14, 9.74916499323e-16], [8.40534759849e-12, 8.93436921667e-11, 1.84386866886e-10, 1.03726027767e-10, 5.4475540745e-10, 1.22018717352e-09, 1.82694082085e-09, 3.26911747672e-10, 5.06895081465e-10, 4.21873980194e-10, 2.43857017912e-10, 2.03889100048e-10, 5.34697217058e-11, 4.70457041379e-11, 1.07552737549e-10, 8.99990082459e-11, 1.38157346674e-10, 5.45972711485e-10, 3.48270634554e-10, 5.80802017591e-10, 2.54423954127e-10, 8.21735873791e-11, 1.44887270584e-11, 5.39225001456e-12, 1.32743241312e-12, 1.24591253587e-14, 3.90386923947e-16], [2.15799166731e-12, 2.0853384991e-11, 4.50689520426e-11, 2.44726530707e-11, 1.31874858256e-10, 2.86338897038e-10, 4.40998487727e-10, 7.65361662936e-11, 1.16572751452e-10, 9.85720532976e-11, 6.00669791684e-11, 4.97016802714e-11, 1.32895795063e-11, 1.09549713051e-11, 2.56710156604e-11, 2.26871403608e-11, 3.42583322821e-11, 1.34845010158e-10, 8.57048876313e-11, 1.46257089773e-10, 6.3421538854e-11, 2.04999003883e-11, 3.57963159982e-12, 1.32743241312e-12, 3.34032606263e-13, 3.08934451676e-15, 9.74995141038e-17], [1.96390416408e-14, 1.86261962343e-13, 4.12508352129e-13, 2.40956234999e-13, 1.28439695945e-12, 2.69052163361e-12, 4.6593419227e-12, 6.69712874567e-13, 1.0650062646e-12, 9.62581576947e-13, 5.19934410196e-13, 5.49484340407e-13, 1.23748559143e-13, 1.07458394396e-13, 2.5157407082e-13, 1.95641598625e-13, 3.26641003742e-13, 1.26728109343e-12, 7.91687950006e-13, 1.46754461881e-12, 5.69581220296e-13, 1.89343685045e-13, 3.34129323873e-14, 1.24591253587e-14, 3.08934451676e-15, 3.0567397437e-17, 9.08672585345e-19], [5.64231992512e-16, 5.70627885357e-15, 1.02386242524e-14, 6.11296817067e-15, 3.39260615586e-14, 9.90089900257e-14, 1.39340511243e-13, 3.37681576766e-14, 3.39886776222e-14, 2.89511422919e-14, 1.90734387784e-14, 1.63028397477e-14, 3.51244530897e-15, 4.41713705949e-15, 1.06112204933e-14, 7.94452614724e-15, 1.31665960754e-14, 3.42188537434e-14, 2.97311410517e-14, 4.29965477556e-14, 1.83659731439e-14, 6.56443927265e-15, 9.74916499323e-16, 3.90386923947e-16, 9.74995141038e-17, 9.08672585345e-19, 5.54702213523e-20]]
    },
    "mfcc": {
        "kurt": [-0.0808808803558, 1.00736474991, -1.33967447281, -0.584031820297, -0.791649103165, -0.248803853989, 0.330201864243, 0.473592996597, 0.0257999897003, 0.143269538879, 0.569647312164, 0.380498886108, 1.69425106049],
        "max": [-594.918151855, 165.360931396, 68.6745910645, 70.2539825439, 17.4924926758, 11.1508636475, 10.483417511, 9.67730712891, 14.225643158, 14.7317752838, 14.9914970398, 13.6904907227, 17.3237915039],
        "mean": [-957.072631836, 114.46836853, 20.6754550934, 16.2331523895, -20.0475730896, -20.9715633392, -10.1164836884, -4.67648172379, -0.964805662632, -0.688038647175, -1.74533879757, -0.853916823864, 2.37346196175],
        "median": [-1015.3684082, 118.612007141, 43.6106300354, 19.0766334534, -21.0721244812, -20.5071182251, -9.999168396, -3.61487579346, -0.889198303223, -0.479553222656, -2.09288406372, -1.11334609985, 2.57006072998],
        "min": [-1138.42004395, 1.14440917969e-05, -51.220161438, -20.1778068542, -54.5159072876, -48.9882621765, -24.0417785645, -24.8408203125, -15.8975830078, -15.0698699951, -13.3954677582, -15.3295021057, -16.2846164703],
        "skew": [1.01929163933, -0.920702338219, -0.504751980305, 0.146717041731, -0.0229577943683, -0.112035758793, 0.195571556687, -0.591748178005, -0.384371608496, 0.228858873248, 0.558423399925, 0.231304898858, -0.546404361725],
        "var": [19896.4121094, 1358.46972656, 1568.61083984, 379.234619141, 287.668151855, 143.901031494, 39.88904953, 42.5602760315, 37.6407775879, 34.5097885132, 33.3462982178, 24.4733276367, 25.485326767],
        "cov": [[20108.0761719, 2583.40454102, -4897.84960938, 1485.45129395, -1961.26464844, -424.303894043, 48.3347434998, -196.849151611, -234.753204346, -425.647247314, -466.394897461, -325.45022583, -259.523620605], [2583.40454102, 1372.92150879, -546.012939453, -137.126205444, -412.963806152, -371.547821045, -93.7909545898, -102.19241333, -63.7714424133, -95.2098236084, -118.273956299, -91.7147293091, -21.9839363098], [-4897.84960938, -546.012939453, 1585.29821777, -341.77456665, 479.283355713, 115.426719666, -37.456237793, 87.1204681396, 72.2623443604, 129.248062134, 141.211608887, 108.607040405, 93.9316711426], [1485.45129395, -137.126205444, -341.77456665, 383.269042969, -49.2602577209, 94.8454360962, 48.9961624146, 3.82272982597, 16.6423397064, -9.87516975403, -4.07590150833, -3.30627179146, -27.9450206757], [-1961.26464844, -412.963806152, 479.283355713, -49.2602577209, 290.72845459, 99.3172607422, 17.6977367401, 24.2546977997, 14.200009346, 54.4131813049, 62.0387878418, 45.1051635742, 27.5215263367], [-424.303894043, -371.547821045, 115.426719666, 94.8454360962, 99.3172607422, 145.431884766, 40.764629364, 40.317401886, 25.1663093567, 22.6565074921, 33.5925292969, 27.2573394775, 7.09483671188], [48.3347434998, -93.7909545898, -37.456237793, 48.9961624146, 17.6977367401, 40.764629364, 40.3134002686, 22.0850524902, 12.2132387161, 6.22872447968, 2.40272641182, 1.86056029797, -5.19279432297], [-196.849151611, -102.19241333, 87.1204681396, 3.82272982597, 24.2546977997, 40.317401886, 22.0850524902, 43.01304245, 23.261095047, 19.2567481995, 14.1162939072, 7.20620012283, -1.77029204369], [-234.753204346, -63.7714424133, 72.2623443604, 16.6423397064, 14.200009346, 25.1663093567, 12.2132387161, 23.261095047, 38.0412139893, 19.9125671387, 14.4972887039, 8.88346672058, 0.056667175144], [-425.647247314, -95.2098236084, 129.248062134, -9.87516975403, 54.4131813049, 22.6565074921, 6.22872447968, 19.2567481995, 19.9125671387, 34.876914978, 26.1823711395, 16.5174617767, 9.04735851288], [-466.394897461, -118.273956299, 141.211608887, -4.07590150833, 62.0387878418, 33.5925292969, 2.40272641182, 14.1162939072, 14.4972887039, 26.1823711395, 33.70104599, 23.3509044647, 12.8309574127], [-325.45022583, -91.7147293091, 108.607040405, -3.30627179146, 45.1051635742, 27.2573394775, 1.86056029797, 7.20620012283, 8.88346672058, 16.5174617767, 23.3509044647, 24.7336807251, 16.0965766907], [-259.523620605, -21.9839363098, 93.9316711426, -27.9450206757, 27.5215263367, 7.09483671188, -5.19279432297, -1.77029204369, 0.056667175144, 9.04735851288, 12.8309574127, 16.0965766907, 25.7564468384]]
    },
    "sccoeffs": {
        "kurt": [-0.00071907043457, 2.59858369827, 1.02550125122, 0.166623353958, 0.16847205162, -0.951977729797],
        "max": [-0.665723323822, -0.556785285473, -0.691483616829, -0.801648437977, -0.794595360756, -0.713096559048],
        "mean": [-0.799365103245, -0.814153313637, -0.833225905895, -0.879459559917, -0.878657698631, -0.837297916412],
        "median": [-0.800455451012, -0.820696234703, -0.836801111698, -0.878440797329, -0.88857126236, -0.87415677309],
        "min": [-0.97990334034, -0.954144477844, -0.954844772816, -0.959098935127, -0.933818757534, -0.938403189182],
        "skew": [0.161168679595, 0.929135918617, 0.240160033107, 0.357828736305, 0.857847630978, 0.817348837852],
        "var": [0.00348778627813, 0.00359333935194, 0.00201683305204, 0.000903442094568, 0.000957392388955, 0.00404829438776],
        "cov": [[0.00352489040233, 0.00187790056225, 0.00154893577565, 0.00106707029045, 0.00126458099112, 0.00277502043173], [0.00187790056225, 0.00363156641833, 0.00119770353194, 0.00109168922063, 0.00111963890959, 0.00231454498135], [0.00154893577565, 0.00119770353194, 0.00203828886151, 0.000880859384779, 0.000828842748888, 0.00177572609391], [0.00106707029045, 0.00109168922063, 0.000880859384779, 0.000913053168915, 0.000705469457898, 0.00144836783875], [0.00126458099112, 0.00111963890959, 0.000828842748888, 0.000705469457898, 0.000967577390838, 0.00169297098182], [0.00277502043173, 0.00231454498135, 0.00177572609391, 0.00144836783875, 0.00169297098182, 0.00409136153758]]
    },
    "scvalleys": {
        "kurt": [14.0630226135, 8.62164306641, 4.74885511398, 2.10848808289, 1.34667682648, 3.43036317825],
        "max": [-5.13165140152, -4.7450504303, -5.04221439362, -6.35626316071, -5.89223003387, -8.48726654053],
        "mean": [-8.66063117981, -7.90481042862, -8.99070549011, -10.1941213608, -10.2627048492, -12.360118866],
        "median": [-8.60473251343, -7.83091163635, -9.06272029877, -10.5921792984, -11.1312713623, -12.748295784],
        "min": [-18.4740524292, -18.3841381073, -19.1589660645, -18.4103279114, -17.4035701752, -18.2234191895],
        "skew": [-3.16777443886, -2.37069106102, -1.3931324482, -0.642359137535, 0.00939664710313, 0.0911574810743],
        "var": [3.8173327446, 4.66874456406, 5.04019498825, 4.5126657486, 4.05050420761, 2.20795631409],
        "cov": [[3.85794258118, 3.98883700371, 4.01189136505, 3.66849136353, 3.36736869812, 2.52602910995], [3.98883700371, 4.71841192245, 4.75997066498, 4.32995557785, 3.84016776085, 2.59183001518], [4.01189136505, 4.75997066498, 5.09381437302, 4.71269607544, 4.2663936615, 2.84370231628], [3.66849136353, 4.32995557785, 4.71269607544, 4.56067276001, 4.20544862747, 2.78626322746], [3.36736869812, 3.84016776085, 4.2663936615, 4.20544862747, 4.09359502792, 2.81593608856], [2.52602910995, 2.59183001518, 2.84370231628, 2.78626322746, 2.81593608856, 2.23144507408]]
    }
},
"rhythm": {
    "beats_loudness": {
        "kurt": -0.710748672485,
        "max": 0.000800517620519,
        "mean": 0.000233513492276,
        "median": 6.35413234704e-05,
        "min": 6.45370300845e-06,
        "skew": 1.10306692123,
        "var": 1.08844425029e-07
    },
    "bpm": 140.96812439,
    "confidence": 0,
    "first_peak_bpm": {
        "kurt": 0,
        "max": 140,
        "mean": 140,
        "median": 140,
        "min": 140,
        "skew": 0,
        "var": 0
    },
    "first_peak_spread": {
        "kurt": 0,
        "max": 0.333333313465,
        "mean": 0.333333313465,
        "median": 0.333333313465,
        "min": 0.333333313465,
        "skew": 0,
        "var": 0
    },
    "first_peak_weight": {
        "kurt": 0,
        "max": 0.666666686535,
        "mean": 0.666666686535,
        "median": 0.666666686535,
        "min": 0.666666686535,
        "skew": 0,
        "var": 0
    },
    "onset_rate": 0.460829496384,
    "second_peak_bpm": {
        "kurt": 0,
        "max": 0,
        "mean": 0,
        "median": 0,
        "min": 0,
        "skew": 0,
        "var": 0
    },
    "second_peak_spread": {
        "kurt": 0,
        "max": 0,
        "mean": 0,
        "median": 0,
        "min": 0,
        "skew": 0,
        "var": 0
    },
    "second_peak_weight": {
        "kurt": 0,
        "max": 0,
        "mean": 0,
        "median": 0,
        "min": 0,
        "skew": 0,
        "var": 0
    },
    "beats_loudness_band_ratio": {
        "kurt": [-0.801768541336, -0.673346042633, -1.00157487392, -0.932188987732, -0.686679601669, -1.74749314785],
        "max": [0.384520560503, 0.37841925025, 0.781273782253, 0.108491189778, 0.0357486046851, 0.0195184983313],
        "mean": [0.130292281508, 0.334585040808, 0.517434477806, 0.0695559382439, 0.013641516678, 0.00997886061668],
        "median": [0.060481518507, 0.320954233408, 0.532613396645, 0.0757337510586, 0.0068817990832, 0.00955002009869],
        "min": [0.0156855285168, 0.318012416363, 0.223237246275, 0.0182650666684, 0.00505386339501, 0.00129690498579],
        "skew": [1.00622844696, 1.14580869675, -0.226863920689, -0.549570143223, 1.13014626503, 0.0842193514109],
        "var": [0.0225806944072, 0.000642119674012, 0.0392868556082, 0.00105591246393, 0.00016409230011, 5.58600804652e-05],
        "cov": [[0.0301075931638, 0.00496641499922, -0.035312589258, -0.00602636672556, -0.000874896533787, 0.000467350968393], [0.00496641499922, 0.000856159545947, -0.00590085471049, -0.000981240766123, -9.38587545534e-05, 0.000105487801193], [-0.035312589258, -0.00590085471049, 0.0523824729025, 0.00558193214238, -0.000237123225816, -0.00130690762307], [-0.00602636672556, -0.000981240766123, 0.00558193214238, 0.00140788324643, 0.000349288078723, 1.0930719327e-05], [-0.000874896533787, -9.38587545534e-05, -0.000237123225816, 0.000349288078723, 0.000218789733481, 0.000100368888525], [0.000467350968393, 0.000105487801193, -0.00130690762307, 1.0930719327e-05, 0.000100368888525, 7.44801072869e-05]]
    },
    "beats_position": [0.406349211931, 0.824308395386, 1.25387752056, 1.68344664574],
    "bpm_estimates": [143.5546875, 139.674835205, 139.674835205],
    "bpm_intervals": [0.417959183455, 0.429569125175, 0.429569125175],
    "onset_times": [0.0116099771112],
    "histogram": [[0, 0, 0, 0, 0, 0, 0, 0, 0, 0, 0, 0, 0, 0, 0, 0, 0, 0, 0, 0, 0, 0, 0, 0, 0, 0, 0, 0, 0, 0, 0, 0, 0, 0, 0, 0, 0, 0, 0, 0, 0, 0, 0, 0, 0, 0, 0, 0, 0, 0, 0, 0, 0, 0, 0, 0, 0, 0, 0, 0, 0, 0, 0, 0, 0, 0, 0, 0, 0, 0, 0, 0, 0, 0, 0, 0, 0, 0, 0, 0, 0, 0, 0, 0, 0, 0, 0, 0, 0, 0, 0, 0, 0, 0, 0, 0, 0, 0, 0, 0, 0, 0, 0, 0, 0, 0, 0, 0, 0, 0, 0, 0, 0, 0, 0, 0, 0, 0, 0, 0, 0, 0, 0, 0, 0, 0, 0, 0, 0, 0, 0, 0, 0, 0, 0, 0, 0, 0, 0, 0, 0.666666686535, 0, 0, 0, 0.333333343267, 0, 0, 0, 0, 0, 0, 0, 0, 0, 0, 0, 0, 0, 0, 0, 0, 0, 0, 0, 0, 0, 0, 0, 0, 0, 0, 0, 0, 0, 0, 0, 0, 0, 0, 0, 0, 0, 0, 0, 0, 0, 0, 0, 0, 0, 0, 0, 0, 0, 0, 0, 0, 0, 0, 0, 0, 0, 0, 0, 0, 0, 0, 0, 0, 0, 0, 0, 0, 0, 0, 0, 0, 0, 0, 0, 0, 0, 0, 0, 0, 0, 0, 0, 0, 0, 0, 0, 0, 0, 0, 0, 0, 0, 0, 0, 0, 0, 0, 0, 0, 0, 0, 0, 0, 0]]
},
"sfx": {
    "inharmonicity": {
        "kurt": 3.12348508835,
        "max": 0.422754049301,
        "mean": 0.065966963768,
        "median": 0.0271839145571,
        "min": 0,
        "skew": 2.02358055115,
        "var": 0.00907964073122
    },
    "oddtoevenharmonicenergyratio": {
        "kurt": 10.0577707291,
        "max": 4.74022340775,
        "mean": 0.527149915695,
        "median": 0.190543413162,
        "min": 0,
        "skew": 2.98879623413,
        "var": 0.769574642181
    },
    "pitch_after_max_to_before_max_energy_ratio": 1.14903950691,
    "pitch_centroid": 53.6726112366,
    "pitch_max_to_total": 0.947368443012,
    "pitch_min_to_total": 0.473684221506,
    "tristimulus": {
        "kurt": [-0.946713209152, -0.0711705684662, 1.83122205734],
        "max": [1, 0.863331437111, 0.897713303566],
        "mean": [0.437285125256, 0.306142598391, 0.256572216749],
        "median": [0.512572050095, 0.25739979744, 0.221191778779],
        "min": [0, 0, 0],
        "skew": [-0.0388075262308, 0.746283769608, 1.27187263966],
        "var": [0.0836616232991, 0.0388767309487, 0.0351562686265],
        "cov": [[0.0845516398549, -0.0441558472812, -0.0403958074749], [-0.0441558472812, 0.0392903126776, 0.00486552482471], [-0.0403958074749, 0.00486552482471, 0.0355302728713]]
    }
},
"tonal": {
    "chords_changes_rate": 0.145833328366,
    "chords_number_rate": 0.0833333358169,
    "chords_strength": {
        "kurt": -1.60842943192,
        "max": 0.488168478012,
        "mean": 0.370758265257,
        "median": 0.364340513945,
        "min": 0.255265295506,
        "skew": 0.0545108243823,
        "var": 0.0065658618696
    },
    "key_strength": 0.291175603867,
    "tuning_diatonic_strength": 0.412274211645,
    "tuning_equal_tempered_deviation": 0.243635907769,
    "tuning_frequency": 443.572570801,
    "tuning_nontempered_energy_ratio": 0.901955604553,
    "hpcp": {
        "kurt": [-0.525267839432, 0.190442323685, 1.48929929733, -0.0957026481628, 0.798839569092, 2.35195112228, 0.479068040848, 1.94849443436, 1.63107967377, 8.5093421936, 4.90955305099, 4.08947849274, 5.92233181, 1.33083295822, 4.98748207092, 3.1332654953, 2.2779841423, 2.3998966217, 2.64841365814, 7.94343948364, 9.24510860443, 1.72987556458, 2.27480077744, 1.03657197952, 1.19514369965, 1.64867305756, 0.902097702026, 0.652236461639, 0.172302722931, -0.251943826675, 0.194093227386, -0.306306123734, -0.650614023209, 0.396722316742, 3.19603061676, 0.166091918945],
        "max": [1, 1, 0.980729818344, 1, 1, 0.825772166252, 0.599433064461, 0.632215321064, 0.730719506741, 1, 0.713484287262, 0.783384740353, 1, 0.726759314537, 0.797828435898, 1, 1, 0.716822683811, 0.656279504299, 1, 1, 0.754094064236, 0.971386194229, 1, 1, 1, 1, 1, 1, 1, 1, 1, 1, 1, 0.933952510357, 1],
        "mean": [0.328703194857, 0.279802858829, 0.236488878727, 0.297121703625, 0.267553716898, 0.187968030572, 0.177893340588, 0.169179067016, 0.162061527371, 0.147867456079, 0.14217235148, 0.156423047185, 0.175468847156, 0.174860402942, 0.155317425728, 0.189470410347, 0.202633857727, 0.160250723362, 0.151207610965, 0.159134864807, 0.140123859048, 0.156877234578, 0.228158310056, 0.274964332581, 0.256785005331, 0.216587588191, 0.245561912656, 0.270121395588, 0.286919891834, 0.298261493444, 0.289890855551, 0.333958268166, 0.348891347647, 0.262029737234, 0.204615876079, 0.265569150448],
        "median": [0.174588784575, 0.157826930285, 0.185287564993, 0.172637119889, 0.169607907534, 0.132620036602, 0.139314457774, 0.126209259033, 0.110283702612, 0.0941409021616, 0.100295893848, 0.119936823845, 0.103245571256, 0.106046207249, 0.111562415957, 0.0967897921801, 0.11475880444, 0.126266807318, 0.122907936573, 0.0967762172222, 0.0791451483965, 0.0896786525846, 0.157453805208, 0.181414216757, 0.157092988491, 0.14341083169, 0.132968604565, 0.11859177053, 0.181285321712, 0.143700137734, 0.175114184618, 0.247006684542, 0.252631425858, 0.154350891709, 0.122673258185, 0.150832533836],
        "min": [0, 0, 0, 0, 0, 0, 0, 0, 0, 0, 0, 0, 0, 0, 0, 0, 0, 0, 0, 0, 0, 0, 0, 0, 0, 0, 0, 0, 0, 0, 0, 0, 0, 0, 0, 0],
