{
"metadata": {
    "version": {
        "essentia": "2.1-beta3"
    }
},
"lowLevel": {
    "average_loudness": 0.0565360598266,
    "barkbands_kurtosis": {
        "kurt": 0.951757669449,
        "max": 12.735663414,
        "mean": 1.53480637074,
        "median": 1.22533321381,
        "min": -1.68960833549,
        "skew": 0.947696149349,
        "var": 7.63722372055
    },
    "barkbands_skewness": {
        "kurt": -0.328377723694,
        "max": 0.127521395683,
        "mean": -1.14523363113,
        "median": -1.13345623016,
        "min": -3.05253624916,
        "skew": -0.334689617157,
        "var": 0.40561440587
    },
    "barkbands_spread": {
        "kurt": -1.41687202454,
        "max": 52.0973472595,
        "mean": 21.7787437439,
        "median": 22.6977157593,
        "min": 2.60234689713,
        "skew": 0.0855598002672,
        "var": 175.367126465
    },
    "dissonance": {
        "kurt": 83.6422729492,
        "max": 0.499999910593,
        "mean": 0.493277817965,
        "median": 0.494662642479,
        "min": 0.396741241217,
        "skew": -7.63984870911,
        "var": 6.88653963152e-05
    },
    "hfc": {
        "kurt": 104.95841217,
        "max": 839.21496582,
        "mean": 18.0049037933,
        "median": 0.0729123353958,
        "min": 0.00146270135883,
        "skew": 9.11000347137,
        "var": 4464.29296875
    },
    "pitch": {
        "kurt": 0.154978513718,
        "max": 3996.296875,
        "mean": 2759.77514648,
        "median": 3356.81933594,
        "min": 92.936164856,
        "skew": -1.30632972717,
        "var": 1496444.375
    },
    "pitch_instantaneous_confidence": {
        "kurt": 0.142832517624,
        "max": 0.644110321999,
        "mean": 0.301818907261,
        "median": 0.29045766592,
        "min": 0.128445804119,
        "skew": 0.581426084042,
        "var": 0.00894758943468
    },
    "pitch_salience": {
        "kurt": 1.58837127686,
        "max": 0.947778701782,
        "mean": 0.790780603886,
        "median": 0.790576696396,
        "min": 0.69311863184,
        "skew": 0.467960566282,
        "var": 0.00138286710717
    },
    "silence_rate_20dB": {
        "kurt": 0,
        "max": 1,
        "mean": 1,
        "median": 1,
        "min": 1,
        "skew": 0,
        "var": 0
    },
    "silence_rate_30dB": {
        "kurt": 208.003631592,
        "max": 1,
        "mean": 0.99530518055,
        "median": 1,
        "min": 0,
        "skew": -14.4914360046,
        "var": 0.00467280624434
    },
    "silence_rate_60dB": {
        "kurt": 0.556191444397,
        "max": 1,
        "mean": 0.812206566334,
        "median": 1,
        "min": 0,
        "skew": -1.59881651402,
        "var": 0.152527421713
    },
    "spectral_centroid": {
        "kurt": 5.1820526123,
        "max": 5299.94042969,
        "mean": 2614.42407227,
        "median": 2642.92260742,
        "min": 1662.50305176,
        "skew": 0.842031180859,
        "var": 193150.390625
    },
    "spectral_complexity": {
        "kurt": 1.52978467941,
        "max": 51,
        "mean": 7.36619710922,
        "median": 0,
        "min": 0,
        "skew": 1.82150149345,
        "var": 244.777359009
    },
    "spectral_crest": {
        "kurt": 0.403803825378,
        "max": 11.4590806961,
        "mean": 5.73029088974,
        "median": 5.54533529282,
        "min": 2.58976697922,
        "skew": 0.80614066124,
        "var": 3.02524423599
    },
    "spectral_decrease": {
        "kurt": 79.3355407715,
        "max": -1.75642554429e-13,
        "mean": -1.25375632098e-09,
        "median": -4.46036740528e-12,
        "min": -4.86211391149e-08,
        "skew": -7.62962961197,
        "var": 1.70649593757e-17
    },
    "spectral_energy": {
        "kurt": 86.4482879639,
        "max": 0.259626150131,
        "mean": 0.00636506034061,
        "median": 2.32372694882e-05,
        "min": 7.95585833657e-07,
        "skew": 8.04776668549,
        "var": 0.000467477540951
    },
    "spectral_energyband_high": {
        "kurt": 185.774581909,
        "max": 0.0709474012256,
        "mean": 0.000718125200365,
        "median": 5.5845011957e-06,
        "min": 6.86427839014e-08,
        "skew": 13.3732099533,
        "var": 2.4600962206e-05
    },
    "spectral_energyband_low": {
        "kurt": 207.947891235,
        "max": 0.00173887074925,
        "mean": 8.8152837634e-06,
        "median": 3.95324889269e-07,
        "min": 1.9159024367e-10,
        "skew": 14.4886655807,
        "var": 1.412025874e-08
    },
    "spectral_energyband_middle_high": {
        "kurt": 54.0515556335,
        "max": 0.181559160352,
        "mean": 0.00559351406991,
        "median": 1.44761788761e-05,
        "min": 3.82110243891e-07,
        "skew": 6.1128153801,
        "var": 0.000285805086605
    },
    "spectral_energyband_middle_low": {
        "kurt": 177.091918945,
        "max": 0.00660823658109,
        "mean": 8.21553912829e-05,
        "median": 2.9949128475e-06,
        "min": 2.04575442808e-07,
        "skew": 12.9295024872,
        "var": 2.17516372913e-07
    },
    "spectral_flatness_db": {
        "kurt": 1.42973089218,
        "max": 0.463810771704,
        "mean": 0.209792003036,
        "median": 0.184369564056,
        "min": 0.102292858064,
        "skew": 1.46815764904,
        "var": 0.00482971919701
    },
    "spectral_flux": {
        "kurt": 20.0238609314,
        "max": 0.454142719507,
        "mean": 0.0270664636046,
        "median": 0.00357628264464,
        "min": 0.00151654414367,
        "skew": 3.74245285988,
        "var": 0.00305356015451
    },
    "spectral_kurtosis": {
        "kurt": 9.68514442444,
        "max": 22.3768901825,
        "mean": 2.49555039406,
        "median": 1.2559709549,
        "min": -0.82711315155,
        "skew": 2.85528159142,
        "var": 12.8176612854
    },
    "spectral_rms": {
        "kurt": 9.78291511536,
        "max": 0.0159152075648,
        "mean": 0.00114930374548,
        "median": 0.000150567284436,
        "min": 2.78600309684e-05,
        "skew": 2.76670002937,
        "var": 4.88891464556e-06
    },
    "spectral_rolloff": {
        "kurt": 11.3112812042,
        "max": 7105.95703125,
        "mean": 3935.21923828,
        "median": 3940.57617188,
        "min": 2950.04882812,
        "skew": 1.7000143528,
        "var": 201945.859375
    },
    "spectral_skewness": {
        "kurt": 4.51307582855,
        "max": 2.24540710449,
        "mean": 0.63490152359,
        "median": 0.569066107273,
        "min": -0.46200504899,
        "skew": 1.47934234142,
        "var": 0.121818721294
    },
    "spectral_spread": {
        "kurt": 0.493368864059,
        "max": 5412051,
        "mean": 2847909,
        "median": 3074621.5,
        "min": 1005085,
        "skew": -0.369598418474,
        "var": 668405137408
    },
    "spectral_strongpeak": {
        "kurt": 7.73923206329,
        "max": 7.07561540604,
        "mean": 0.584441184998,
        "median": 0.0673340857029,
        "min": 0,
        "skew": 2.80527472496,
        "var": 1.5832875967
    },
    "zerocrossingrate": {
        "kurt": 8.50003910065,
        "max": 0.15966796875,
        "mean": 0.129124030471,
        "median": 0.12939453125,
        "min": 0.037109375,
        "skew": -1.79640269279,
        "var": 0.000220581510803
    },
    "barkbands": {
        "kurt": [206.264312744, 207.961807251, 207.964187622, 207.723739624, 206.455047607, 189.790527344, 123.29434967, 74.2072372437, 30.0942687988, 101.982055664, 13.7427482605, 13.7638378143, 19.0646419525, 14.7276668549, 11.3235664368, 30.6010284424, 46.857383728, 83.750289917, 29.6519165039, 157.205734253, 197.448928833, 180.257492065, 191.984359741, 192.299545288, 207.80279541, 206.133468628, 59.3711776733],
        "max": [3.66987364941e-06, 0.00039538188139, 0.000846961396746, 0.000856184749864, 0.00211279606447, 0.00142356031574, 0.000989182270132, 0.000739130831789, 0.000334927579388, 0.000787909491919, 0.000590978597756, 0.000799770816229, 0.00152871280443, 0.00258827093057, 0.00492212083191, 0.0304076336324, 0.0416160486639, 0.047619856894, 0.0251032225788, 0.0610506869853, 0.0329366847873, 0.00412633130327, 0.00093583407579, 9.16099597816e-05, 5.96153176957e-06, 4.19336146251e-07, 1.3605998106e-08],
        "mean": [1.91780635816e-08, 1.96216433324e-06, 4.26707856604e-06, 4.59049260826e-06, 1.28863102873e-05, 1.40215443025e-05, 1.79835260496e-05, 1.73568496393e-05, 1.26053446365e-05, 1.71580068127e-05, 3.43328683812e-05, 5.06614123879e-05, 7.107075362e-05, 0.000154914465384, 0.000332134019118, 0.00112011306919, 0.00131715543102, 0.00111839734018, 0.000924580963328, 0.000821284134872, 0.000268945877906, 4.04791608162e-05, 7.45383840695e-06, 6.59728925712e-07, 2.88910797508e-08, 2.24204499411e-09, 2.5136148718e-10],
        "median": [5.1548604274e-10, 5.1487678121e-08, 1.82752117439e-07, 2.61523155132e-07, 8.36490755773e-07, 6.38587835056e-07, 4.49921856216e-07, 2.83012838054e-07, 3.40978999702e-07, 2.52123072642e-07, 2.24753065936e-07, 2.50691954307e-07, 2.31654837535e-07, 2.84409850337e-07, 5.02352406784e-07, 1.4055833617e-06, 2.40595159084e-06, 2.67801488008e-06, 3.76967432203e-06, 4.16545117332e-06, 1.7212568082e-06, 5.24688289261e-07, 9.67618092318e-08, 9.11012865146e-09, 1.21650866464e-12, 4.30265876096e-13, 3.8733331321e-13],
        "min": [1.4879472654e-11, 4.8123754981e-11, 5.08566938562e-11, 7.51088968798e-09, 1.04732976069e-07, 3.01275520087e-08, 7.37350847047e-09, 1.11158193761e-08, 1.42760026023e-08, 2.32587105131e-09, 1.78591950117e-08, 1.19101946083e-08, 1.14820988273e-08, 9.19783094133e-09, 9.11142361559e-09, 3.32995178098e-08, 1.33516229184e-08, 4.64763019181e-08, 1.63348630622e-07, 6.99628444067e-08, 2.61452584027e-08, 1.22941790082e-08, 2.59461983149e-11, 1.27048957292e-12, 3.54608080096e-13, 4.48191085482e-14, 2.45509323388e-15],
        "skew": [14.4045886993, 14.4893131256, 14.4894952774, 14.4770441055, 14.4127645493, 13.5774488449, 10.1917924881, 7.77235126495, 4.98254346848, 9.01717376709, 3.51998281479, 3.6116900444, 3.91946959496, 3.694886446, 3.33743166924, 4.7874288559, 5.70706701279, 7.98347854614, 4.81956481934, 11.9426746368, 13.9589290619, 13.1197881699, 13.7033510208, 13.7483997345, 14.4811439514, 14.3971405029, 7.58785629272],
        "var": [6.31272039308e-14, 7.30164206875e-10, 3.35000893692e-09, 3.42309469659e-09, 2.08769446175e-08, 9.80577574694e-09, 5.77270409252e-09, 4.23179402631e-09, 1.45956291497e-09, 3.99774435778e-09, 8.23292189978e-09, 1.83890911387e-08, 3.74417794546e-08, 1.83856357694e-07, 8.10513256511e-07, 1.11756935439e-05, 1.61912030308e-05, 1.60626677825e-05, 7.97687334853e-06, 1.96592791326e-05, 5.1649553825e-06, 8.45374970027e-08, 4.23019708151e-09, 4.05804938264e-11, 1.66099434012e-13, 8.24267772127e-16, 2.15121367069e-18],
        "cov": [[6.34249732812e-14, 6.81079671827e-12, 1.4587712982e-11, 1.47472260098e-11, 3.63890965971e-11, 2.44455775067e-11, 1.68546374774e-11, 1.25174575566e-11, 5.59893234206e-12, 1.33659515747e-11, 5.63199053366e-12, 1.26873546391e-11, 1.09840938428e-11, 9.99964867854e-12, 7.50628795232e-11, 5.06876429718e-10, 6.96871005346e-10, 8.05587319075e-10, 4.19357604198e-10, 1.04390085465e-09, 5.65570423827e-10, 7.07356673235e-11, 1.60762410328e-11, 1.57672659651e-12, 1.02783585679e-13, 7.24406886337e-15, 2.42452143253e-16], [6.81079671827e-12, 7.33608340742e-10, 1.57134927292e-09, 1.58803215022e-09, 3.9166190291e-09, 2.62979127363e-09, 1.81277792777e-09, 1.34709676747e-09, 6.02093208624e-10, 1.43814893327e-09, 6.09338746127e-10, 1.36959588115e-09, 1.19039178514e-09, 1.08559794487e-09, 8.09285705117e-09, 5.46562688442e-08, 7.51769420049e-08, 8.67833520601e-08, 4.51645369992e-08, 1.12378771178e-07, 6.09299206644e-08, 7.6216215561e-09, 1.73187708619e-09, 1.69700226094e-10, 1.1063685558e-11, 7.7814556014e-13, 2.51164208518e-14], [1.4587712982e-11, 1.57134927292e-09, 3.36581096327e-09, 3.4015588124e-09, 8.38896863087e-09, 5.63295854406e-09, 3.88365517523e-09, 2.88545409788e-09, 1.28952371004e-09, 3.08096859136e-09, 1.30457045167e-09, 2.93165980381e-09, 2.55101517688e-09, 2.31991981181e-09, 1.73464140829e-08, 1.17086976559e-07, 1.61102946095e-07, 1.85945850717e-07, 9.67923980966e-08, 2.40767633386e-07, 1.30523019948e-07, 1.63292792621e-08, 3.71029540425e-09, 3.634623158e-10, 2.36978440343e-11, 1.66668740441e-12, 5.37447656637e-14], [1.47472260098e-11, 1.58803215022e-09, 3.4015588124e-09, 3.43924133617e-09, 8.48170245149e-09, 5.70333291705e-09, 3.9469103541e-09, 2.93162916165e-09, 1.31609290133e-09, 3.13382431116e-09, 1.35378752653e-09, 3.00513813833e-09, 2.64040900255e-09, 2.49367526628e-09, 1.80004313677e-08, 1.19448898772e-07, 1.63943781217e-07, 1.89201912804e-07, 9.89058293044e-08, 2.44325065069e-07, 1.32079762238e-07, 1.65547469066e-08, 3.75577213774e-09, 3.67587960071e-10, 2.39512385619e-11, 1.68502581679e-12, 5.47158042344e-14], [3.63890965971e-11, 3.9166190291e-09, 8.38896863087e-09, 8.48170245149e-09, 2.09754205116e-08, 1.41661180564e-08, 9.84594006326e-09, 7.3489774266e-09, 3.35292105191e-09, 7.80694175972e-09, 3.55481821757e-09, 7.93429677515e-09, 7.00322866365e-09, 8.13961964496e-09, 4.73097436782e-08, 3.02798355278e-07, 4.10753557389e-07, 4.731952572e-07, 2.52152176472e-07, 6.07653532825e-07, 3.27221783891e-07, 4.10803124851e-08, 9.31863741727e-09, 9.14164799415e-10, 5.90771875864e-11, 4.16259301333e-12, 1.41387918626e-13], [2.44455775067e-11, 2.62979127363e-09, 5.63295854406e-09, 5.70333291705e-09, 1.41661180564e-08, 9.8520294145e-09, 7.09390901577e-09, 5.44744738207e-09, 2.63001442846e-09, 5.62184343522e-09, 3.4895295542e-09, 6.63998767081e-09, 6.54666987288e-09, 1.03516795136e-08, 4.34592770659e-08, 2.28839169836e-07, 3.01334608821e-07, 3.3841749314e-07, 1.91048940223e-07, 4.21682244678e-07, 2.22945701012e-07, 2.81934813273e-08, 6.35645358571e-09, 6.23230633767e-10, 3.96746836773e-11, 2.80349051265e-12, 1.03174725165e-13], [1.68546374774e-11, 1.81277792777e-09, 3.88365517523e-09, 3.9469103541e-09, 9.84594006326e-09, 7.09390901577e-09, 5.79993386651e-09, 4.57248816588e-09, 2.31572117038e-09, 4.62009808189e-09, 3.64349284077e-09, 7.14606018803e-09, 7.85697640282e-09, 1.39038531799e-08, 4.3922398163e-08, 2.01412674983e-07, 2.48605118713e-07, 2.66780716629e-07, 1.57623389896e-07, 3.10025086492e-07, 1.57317501248e-07, 2.02174614827e-08, 4.49439241379e-09, 4.37050756696e-10, 2.73524258798e-11, 1.93999330489e-12, 7.87164523017e-14], [1.25174575566e-11, 1.34709676747e-09, 2.88545409788e-09, 2.93162916165e-09, 7.3489774266e-09, 5.44744738207e-09, 4.57248816588e-09, 4.2517553922e-09, 2.06579819917e-09, 3.75119757479e-09, 3.36307537374e-09, 6.93388679807e-09, 6.86883883105e-09, 1.50009871192e-08, 3.95715389345e-08, 1.75817490344e-07, 2.00871355105e-07, 2.05136274189e-07, 1.2489518042e-07, 2.31392206729e-07, 1.17279874701e-07, 1.48829455426e-08, 3.30866178899e-09, 3.23404553138e-10, 2.03191283243e-11, 1.44104173039e-12, 5.89133844248e-14], [5.59893234206e-12, 6.02093208624e-10, 1.28952371004e-09, 1.31609290133e-09, 3.35292105191e-09, 2.63001442846e-09, 2.31572117038e-09, 2.06579819917e-09, 1.46644762999e-09, 1.88126403344e-09, 2.43509168385e-09, 4.00899802244e-09, 4.83428141962e-09, 9.99618521291e-09, 2.65406168154e-08, 9.93039535047e-08, 1.21342068837e-07, 1.15589216421e-07, 8.09079097053e-08, 1.18298650875e-07, 5.56634311977e-08, 7.27048776739e-09, 1.56748070079e-09, 1.50867415782e-10, 9.09015831357e-12, 6.52602537982e-13, 3.46733987279e-14], [1.33659515747e-11, 1.43814893327e-09, 3.08096859136e-09, 3.13382431116e-09, 7.80694175972e-09, 5.62184343522e-09, 4.62009808189e-09, 3.75119757479e-09, 1.88126403344e-09, 4.01660171789e-09, 3.32562311023e-09, 6.37189945252e-09, 6.91746837589e-09, 1.28449748615e-08, 3.98184560879e-08, 1.77109654942e-07, 2.14553793398e-07, 2.20679041263e-07, 1.34657994977e-07, 2.49613009373e-07, 1.25202660683e-07, 1.60820814443e-08, 3.52743856347e-09, 3.40798000931e-10, 2.16988007423e-11, 1.53803098729e-12, 6.17743567887e-14], [5.63199053366e-12, 6.09338746127e-10, 1.30457045167e-09, 1.35378752653e-09, 3.55481821757e-09, 3.4895295542e-09, 3.64349284077e-09, 3.36307537374e-09, 2.43509168385e-09, 3.32562311023e-09, 8.271756613e-09, 8.99101770813e-09, 1.44360683407e-08, 2.81343393027e-08, 6.96836011116e-08, 2.11288238461e-07, 2.47793337849e-07, 1.95854724439e-07, 1.54153312337e-07, 1.57995415861e-07, 6.43234514541e-08, 8.5273903494e-09, 1.70879799199e-09, 1.58424606767e-10, 9.19782045666e-12, 6.69672650666e-13, 4.53884739309e-14], [1.26873546391e-11, 1.36959588115e-09, 2.93165980381e-09, 3.00513813833e-09, 7.93429677515e-09, 6.63998767081e-09, 7.14606018803e-09, 6.93388679807e-09, 4.00899802244e-09, 6.37189945252e-09, 8.99101770813e-09, 1.84758306432e-08, 1.97958218706e-08, 4.71522589862e-08, 9.75074101461e-08, 3.73366418671e-07, 3.96682679593e-07, 3.51203794935e-07, 2.60582254441e-07, 3.14787001798e-07, 1.35755357178e-07, 1.79843020476e-08, 3.77833808685e-09, 3.67917030175e-10, 2.06371447709e-11, 1.4995897319e-12, 1.0142871921e-13], [1.09840938428e-11, 1.19039178514e-09, 2.55101517688e-09, 2.64040900255e-09, 7.00322866365e-09, 6.54666987288e-09, 7.85697640282e-09, 6.86883883105e-09, 4.83428141962e-09, 6.91746837589e-09, 1.44360683407e-08, 1.97958218706e-08, 3.7618391957e-08, 6.03668226518e-08, 1.32963890564e-07, 4.40974019966e-07, 5.20084370237e-07, 4.15171598434e-07, 3.11073591774e-07, 3.22062788882e-07, 1.27355363588e-07, 1.69860143728e-08, 3.37292660468e-09, 3.07400688238e-10, 1.79688919993e-11, 1.30292456511e-12, 8.40689551394e-14], [9.99964867854e-12, 1.08559794487e-09, 2.31991981181e-09, 2.49367526628e-09, 8.13961964496e-09, 1.03516795136e-08, 1.39038531799e-08, 1.50009871192e-08, 9.99618521291e-09, 1.28449748615e-08, 2.81343393027e-08, 4.71522589862e-08, 6.03668226518e-08, 1.84723603525e-07, 3.08802214022e-07, 1.03475247215e-06, 1.01590217128e-06, 8.37424295241e-07, 7.22374579709e-07, 5.81234644415e-07, 1.79359986419e-07, 2.66756359224e-08, 4.81961581755e-09, 4.65071425815e-10, 1.63379240692e-11, 1.31464728426e-12, 2.23153079674e-13], [7.50628795232e-11, 8.09285705117e-09, 1.73464140829e-08, 1.80004313677e-08, 4.73097436782e-08, 4.34592770659e-08, 4.3922398163e-08, 3.95715389345e-08, 2.65406168154e-08, 3.98184560879e-08, 6.96836011116e-08, 9.75074101461e-08, 1.32963890564e-07, 3.08802214022e-07, 8.14336431176e-07, 2.32978300119e-06, 2.80093286165e-06, 2.48643641498e-06, 2.03072295335e-06, 2.17843671635e-06, 8.80706579665e-07, 1.22046387219e-07, 2.41894575481e-08, 2.28087326803e-09, 1.22203830388e-10, 8.99618574079e-12, 7.27214349936e-13], [5.06876429718e-10, 5.46562688442e-08, 1.17086976559e-07, 1.19448898772e-07, 3.02798355278e-07, 2.28839169836e-07, 2.01412674983e-07, 1.75817490344e-07, 9.93039535047e-08, 1.77109654942e-07, 2.11288238461e-07, 3.73366418671e-07, 4.40974019966e-07, 1.03475247215e-06, 2.32978300119e-06, 1.12284096758e-05, 1.19389269457e-05, 1.17165900519e-05, 7.73836109147e-06, 1.10415157906e-05, 5.12224823979e-06, 6.75332159972e-07, 1.41293796219e-07, 1.34017259512e-08, 8.24439794211e-10, 5.87256215878e-11, 2.69755940675e-12], [6.96871005346e-10, 7.51769420049e-08, 1.61102946095e-07, 1.63943781217e-07, 4.10753557389e-07, 3.01334608821e-07, 2.48605118713e-07, 2.00871355105e-07, 1.21342068837e-07, 2.14553793398e-07, 2.47793337849e-07, 3.96682679593e-07, 5.20084370237e-07, 1.01590217128e-06, 2.80093286165e-06, 1.19389269457e-05, 1.62675769388e-05, 1.52740594785e-05, 1.03629199657e-05, 1.51610565808e-05, 7.00130431142e-06, 9.185139902e-07, 1.94114875285e-07, 1.80950827655e-08, 1.1339337247e-09, 8.04631222762e-11, 3.36975174327e-12], [8.05587319075e-10, 8.67833520601e-08, 1.85945850717e-07, 1.89201912804e-07, 4.731952572e-07, 3.3841749314e-07, 2.66780716629e-07, 2.05136274189e-07, 1.15589216421e-07, 2.20679041263e-07, 1.95854724439e-07, 3.51203794935e-07, 4.15171598434e-07, 8.37424295241e-07, 2.48643641498e-06, 1.17165900519e-05, 1.52740594785e-05, 1.61384341482e-05, 1.03700822365e-05, 1.67541184055e-05, 7.94091101852e-06, 1.04079504126e-06, 2.23178432179e-07, 2.12036894709e-08, 1.30882227278e-09, 9.29114493675e-11, 3.91306258229e-12], [4.19357604198e-10, 4.51645369992e-08, 9.67923980966e-08, 9.89058293044e-08, 2.52152176472e-07, 1.91048940223e-07, 1.57623389896e-07, 1.2489518042e-07, 8.09079097053e-08, 1.34657994977e-07, 1.54153312337e-07, 2.60582254441e-07, 3.11073591774e-07, 7.22374579709e-07, 2.03072295335e-06, 7.73836109147e-06, 1.03629199657e-05, 1.03700822365e-05, 8.01450005383e-06, 1.03075572042e-05, 4.47599813924e-06, 6.10620304542e-07, 1.26185469185e-07, 1.19336558413e-08, 6.81241951739e-10, 4.90308939283e-11, 2.78667453696e-12], [1.04390085465e-09, 1.12378771178e-07, 2.40767633386e-07, 2.44325065069e-07, 6.07653532825e-07, 4.21682244678e-07, 3.10025086492e-07, 2.31392206729e-07, 1.18298650875e-07, 2.49613009373e-07, 1.57995415861e-07, 3.14787001798e-07, 3.22062788882e-07, 5.81234644415e-07, 2.17843671635e-06, 1.10415157906e-05, 1.51610565808e-05, 1.67541184055e-05, 1.03075572042e-05, 1.97520112124e-05, 9.8664786492e-06, 1.27583848553e-06, 2.80619673276e-07, 2.70845337269e-08, 1.69524005944e-09, 1.20019327809e-10, 4.68560086564e-12], [5.65570423827e-10, 6.09299206644e-08, 1.30523019948e-07, 1.32079762238e-07, 3.27221783891e-07, 2.22945701012e-07, 1.57317501248e-07, 1.17279874701e-07, 5.56634311977e-08, 1.25202660683e-07, 6.43234514541e-08, 1.35755357178e-07, 1.27355363588e-07, 1.79359986419e-07, 8.80706579665e-07, 5.12224823979e-06, 7.00130431142e-06, 7.94091101852e-06, 4.47599813924e-06, 9.8664786492e-06, 5.18931847182e-06, 6.57646353375e-07, 1.47637422288e-07, 1.4385846292e-08, 9.18950804341e-10, 6.4829183688e-11, 2.30252080423e-12], [7.07356673235e-11, 7.6216215561e-09, 1.63292792621e-08, 1.65547469066e-08, 4.10803124851e-08, 2.81934813273e-08, 2.02174614827e-08, 1.48829455426e-08, 7.27048776739e-09, 1.60820814443e-08, 8.5273903494e-09, 1.79843020476e-08, 1.69860143728e-08, 2.66756359224e-08, 1.22046387219e-07, 6.75332159972e-07, 9.185139902e-07, 1.04079504126e-06, 6.10620304542e-07, 1.27583848553e-06, 6.57646353375e-07, 8.49362606914e-08, 1.88716597904e-08, 1.82251091996e-09, 1.14964010534e-10, 8.12311416049e-12, 3.01623634923e-13], [1.60762410328e-11, 1.73187708619e-09, 3.71029540425e-09, 3.75577213774e-09, 9.31863741727e-09, 6.35645358571e-09, 4.49439241379e-09, 3.30866178899e-09, 1.56748070079e-09, 3.52743856347e-09, 1.70879799199e-09, 3.77833808685e-09, 3.37292660468e-09, 4.81961581755e-09, 2.41894575481e-08, 1.41293796219e-07, 1.94114875285e-07, 2.23178432179e-07, 1.26185469185e-07, 2.80619673276e-07, 1.47637422288e-07, 1.88716597904e-08, 4.25015089789e-09, 4.12717499065e-10, 2.61239727767e-11, 1.84478279007e-12, 6.71147233383e-14], [1.57672659651e-12, 1.69700226094e-10, 3.634623158e-10, 3.67587960071e-10, 9.14164799415e-10, 6.23230633767e-10, 4.37050756696e-10, 3.23404553138e-10, 1.50867415782e-10, 3.40798000931e-10, 1.58424606767e-10, 3.67917030175e-10, 3.07400688238e-10, 4.65071425815e-10, 2.28087326803e-09, 1.34017259512e-08, 1.80950827655e-08, 2.12036894709e-08, 1.19336558413e-08, 2.70845337269e-08, 1.4385846292e-08, 1.82251091996e-09, 4.12717499065e-10, 4.07719101536e-11, 2.5594134017e-12, 1.80973427433e-13, 6.84252484792e-15], [1.02783585679e-13, 1.1063685558e-11, 2.36978440343e-11, 2.39512385619e-11, 5.90771875864e-11, 3.96746836773e-11, 2.73524258798e-11, 2.03191283243e-11, 9.09015831357e-12, 2.16988007423e-11, 9.19782045666e-12, 2.06371447709e-11, 1.79688919993e-11, 1.63379240692e-11, 1.22203830388e-10, 8.24439794211e-10, 1.1339337247e-09, 1.30882227278e-09, 6.81241951739e-10, 1.69524005944e-09, 9.18950804341e-10, 1.14964010534e-10, 2.61239727767e-11, 2.5594134017e-12, 1.66882919159e-13, 1.17429047917e-14, 3.82134705459e-16], [7.24406886337e-15, 7.7814556014e-13, 1.66668740441e-12, 1.68502581679e-12, 4.16259301333e-12, 2.80349051265e-12, 1.93999330489e-12, 1.44104173039e-12, 6.52602537982e-13, 1.53803098729e-12, 6.69672650666e-13, 1.4995897319e-12, 1.30292456511e-12, 1.31464728426e-12, 8.99618574079e-12, 5.87256215878e-11, 8.04631222762e-11, 9.29114493675e-11, 4.90308939283e-11, 1.20019327809e-10, 6.4829183688e-11, 8.12311416049e-12, 1.84478279007e-12, 1.80973427433e-13, 1.17429047917e-14, 8.28155812173e-16, 2.83583652891e-17], [2.42452143253e-16, 2.51164208518e-14, 5.37447656637e-14, 5.47158042344e-14, 1.41387918626e-13, 1.03174725165e-13, 7.87164523017e-14, 5.89133844248e-14, 3.46733987279e-14, 6.17743567887e-14, 4.53884739309e-14, 1.0142871921e-13, 8.40689551394e-14, 2.23153079674e-13, 7.27214349936e-13, 2.69755940675e-12, 3.36975174327e-12, 3.91306258229e-12, 2.78667453696e-12, 4.68560086564e-12, 2.30252080423e-12, 3.01623634923e-13, 6.71147233383e-14, 6.84252484792e-15, 3.82134705459e-16, 2.83583652891e-17, 2.16136090206e-18]]
    },
    "mfcc": {
        "kurt": [-0.0532820224762, 2.55599069595, 0.00964450836182, 0.960206747055, -0.0281662940979, 0.795250177383, 1.24177980423, 4.3330411911, 1.13760757446, 0.439990520477, -0.118056535721, 0.346932888031, 1.05552768707],
        "max": [-494.937957764, 115.509254456, 14.5211791992, 93.2168121338, 14.0534057617, 10.0307388306, 15.9776954651, 17.0988636017, 14.868221283, 7.27550697327, 6.84939193726, 14.520614624, 24.7504348755],
        "mean": [-902.547912598, 53.5636978149, -72.3136520386, 43.600025177, -13.6086359024, -14.5464706421, -9.1102180481, -9.86178398132, -4.75852823257, -9.34403610229, -8.4036989212, -3.52240610123, -1.44726777077],
        "median": [-955.502807617, 53.6034660339, -45.5469474792, 42.0255317688, -9.38377380371, -15.0548477173, -5.89305877686, -8.82400512695, -3.76765441895, -9.25377655029, -8.55450630188, -3.37703323364, -1.57096862793],
        "min": [-1096.64099121, -6.86502456665, -221.331390381, 18.5292320251, -62.5373001099, -46.3648490906, -50.2137527466, -57.4183731079, -31.8174877167, -31.7289810181, -26.8879928589, -25.452545166, -17.5257453918],
        "skew": [1.07100689411, 0.659545361996, -1.11650943756, 0.745565831661, -0.814529776573, -0.221916615963, -1.18167567253, -1.39479851723, -0.811727523804, -0.295683801174, -0.0140165109187, -0.218320131302, 0.359474480152],
        "var": [13472.71875, 304.923217773, 3362.34838867, 147.753067017, 283.537567139, 89.3680343628, 148.949890137, 89.5563964844, 57.3635978699, 45.9843101501, 31.8368721008, 39.9776535034, 37.5079231262],
        "cov": [[13536.2685547, 203.497970581, -6343.70361328, 410.12399292, -1689.82971191, 6.2660946846, -1045.65649414, -323.170959473, -396.406066895, -67.8731918335, -106.394515991, 85.4452819824, 303.620452881], [203.497970581, 306.361541748, -142.911682129, -91.6293411255, 41.1046218872, -77.2042388916, 56.9402046204, -78.8625259399, 42.7794342041, -20.9511947632, -1.8977445364, 26.3839187622, -19.6825485229], [-6343.70361328, -142.911682129, 3378.20849609, -112.547462463, 835.029602051, 96.0049209595, 483.905395508, 253.615264893, 169.121124268, 90.8391036987, 34.5148849487, -20.0246105194, -134.849899292], [410.12399292, -91.6293411255, -112.547462463, 148.450012207, -34.6320114136, 18.2306118011, -32.4623222351, 11.2639293671, -8.48961925507, 2.30110669136, -1.07702124119, -10.1121816635, 12.5269441605], [-1689.82971191, 41.1046218872, 835.029602051, -34.6320114136, 284.875030518, -5.36924362183, 158.699859619, 38.1312217712, 68.9970550537, 13.4188938141, 6.97987413406, 4.73279428482, -45.3945732117], [6.2660946846, -77.2042388916, 96.0049209595, 18.2306118011, -5.36924362183, 89.7895812988, -17.0723400116, 56.476398468, -14.396522522, 22.2151145935, 3.66818785667, -0.447232455015, 21.0540332794], [-1045.65649414, 56.9402046204, 483.905395508, -32.4623222351, 158.699859619, -17.0723400116, 149.652496338, 19.0261421204, 49.6711349487, 9.1939458847, 9.29829120636, 5.52049970627, -28.4181861877], [-323.170959473, -78.8625259399, 253.615264893, 11.2639293671, 38.1312217712, 56.476398468, 19.0261421204, 89.9788284302, -2.07785010338, 30.5064678192, 3.72451448441, 5.42277145386, 10.1438989639], [-396.406066895, 42.7794342041, 169.121124268, -8.48961925507, 68.9970550537, -14.396522522, 49.6711349487, -2.07785010338, 57.6341819763, -2.66192722321, 9.30024242401, 1.53161227703, -12.4524946213], [-67.8731918335, -20.9511947632, 90.8391036987, 2.30110669136, 13.4188938141, 22.2151145935, 9.1939458847, 30.5064678192, -2.66192722321, 46.2012176514, 6.40570306778, 12.5545225143, 4.4792509079], [-106.394515991, -1.8977445364, 34.5148849487, -1.07702124119, 6.97987413406, 3.66818785667, 9.29829120636, 3.72451448441, 9.30024242401, 6.40570306778, 31.9870471954, 7.98988246918, 4.61263275146], [85.4452819824, 26.3839187622, -20.0246105194, -10.1121816635, 4.73279428482, -0.447232455015, 5.52049970627, 5.42277145386, 1.53161227703, 12.5545225143, 7.98988246918, 40.166229248, 13.2970571518], [303.620452881, -19.6825485229, -134.849899292, 12.5269441605, -45.3945732117, 21.0540332794, -28.4181861877, 10.1438989639, -12.4524946213, 4.4792509079, 4.61263275146, 13.2970571518, 37.6848449707]]
    },
    "sccoeffs": {
        "kurt": [2.64945077896, 0.468401670456, 0.715682506561, 1.33839035034, 1.15582942963, 1.99478912354],
        "max": [-0.492129504681, -0.72178196907, -0.726606428623, -0.634771347046, -0.656243443489, -0.279070526361],
        "mean": [-0.757976472378, -0.857342422009, -0.866350114346, -0.844406604767, -0.838639676571, -0.52702409029],
        "median": [-0.771248757839, -0.864344835281, -0.877561748028, -0.865854084492, -0.861588478088, -0.533459067345],
        "min": [-0.953312456608, -0.936154782772, -0.9460029006, -0.919099152088, -0.90291595459, -0.787212371826],
        "skew": [1.31426286697, 0.551227033138, 1.0651730299, 1.43220424652, 1.52560329437, 0.247203111649],
        "var": [0.00458520837128, 0.00135526747908, 0.00170814350713, 0.00292827864178, 0.00304881925695, 0.00515525089577],
        "cov": [[0.00460683647543, 0.0004363450862, 0.00149332254659, 0.00227888650261, 0.00264390488155, 0.00191179674584], [0.0004363450862, 0.00136166019365, 0.000557832128834, 0.000676349445712, 0.00089718302479, 0.000635060365312], [0.00149332254659, 0.000557832128834, 0.00171620072797, 0.00152322847862, 0.00172402011231, 0.00128666800447], [0.00227888650261, 0.000676349445712, 0.00152322847862, 0.00294209108688, 0.00252316985279, 0.00183255644515], [0.00264390488155, 0.00089718302479, 0.00172402011231, 0.00252316985279, 0.00306320050731, 0.00209431280382], [0.00191179674584, 0.000635060365312, 0.00128666800447, 0.00183255644515, 0.00209431280382, 0.00517956819385]]
    },
    "scvalleys": {
        "kurt": [13.3055610657, 0.182327747345, -0.445006370544, -0.480439186096, -0.303387880325, 1.45678520203],
        "max": [-5.02175807953, -4.78746843338, -5.43116617203, -5.06776809692, -3.9325106144, -8.15214920044],
        "mean": [-9.80232334137, -8.52039241791, -8.74189567566, -8.54619598389, -8.20358276367, -15.0431108475],
        "median": [-9.78159236908, -8.94287872314, -9.36423397064, -9.43530273438, -8.72735500336, -15.6152143478],
        "min": [-12.4653635025, -10.812292099, -10.7974815369, -10.979136467, -10.559715271, -16.7204170227],
        "skew": [0.930577754974, 1.03097617626, 0.955033004284, 1.00416266918, 0.963785469532, 1.19560277462],
        "var": [0.470440775156, 1.18655085564, 1.58627486229, 2.53827857971, 2.25316238403, 2.37712454796],
        "cov": [[0.472659856081, 0.0855573788285, 0.0646008625627, 0.0295127294958, 0.038188342005, 0.202075704932], [0.0855573788285, 1.19214773178, 1.29393720627, 1.63225650787, 1.51243960857, 1.11678051949], [0.0646008625627, 1.29393720627, 1.59375739098, 1.96172726154, 1.80401206017, 1.26739001274], [0.0295127294958, 1.63225650787, 1.96172726154, 2.55025148392, 2.32858729362, 1.61425304413], [0.038188342005, 1.51243960857, 1.80401206017, 2.32858729362, 2.26379060745, 1.62837815285], [0.202075704932, 1.11678051949, 1.26739001274, 1.61425304413, 1.62837815285, 2.38833737373]]
    }
},
"rhythm": {
    "beats_loudness": {
        "kurt": 2.76686191559,
        "max": 0.0353873074055,
        "mean": 0.0047631720081,
        "median": 2.28076914937e-05,
        "min": 7.16364911568e-06,
        "skew": 2.10164856911,
        "var": 0.000115386596008
    },
    "bpm": 172.265609741,
    "confidence": 0,
    "first_peak_bpm": {
        "kurt": 0,
        "max": 172,
        "mean": 172,
        "median": 172,
        "min": 172,
        "skew": 0,
        "var": 0
    },
    "first_peak_spread": {
        "kurt": 0,
        "max": 0,
        "mean": 0,
        "median": 0,
        "min": 0,
        "skew": 0,
        "var": 0
    },
    "first_peak_weight": {
        "kurt": 0,
        "max": 0.75,
        "mean": 0.75,
        "median": 0.75,
        "min": 0.75,
        "skew": 0,
        "var": 0
    },
    "onset_rate": 1.01742780209,
    "second_peak_bpm": {
        "kurt": 0,
        "max": 178,
        "mean": 178,
        "median": 178,
        "min": 178,
        "skew": 0,
        "var": 0
    },
    "second_peak_spread": {
        "kurt": 0,
        "max": 0,
        "mean": 0,
        "median": 0,
        "min": 0,
        "skew": 0,
        "var": 0
    },
    "second_peak_weight": {
        "kurt": 0,
        "max": 0.25,
        "mean": 0.25,
        "median": 0.25,
        "min": 0.25,
        "skew": 0,
        "var": 0
    },
    "beats_loudness_band_ratio": {
        "kurt": [-1.05982065201, -0.546311378479, -0.0124378204346, -1.34178304672, 0.499202489853, -0.818135499954],
        "max": [0.0999860540032, 0.18757969141, 0.155663043261, 0.101859599352, 0.800733625889, 0.463038116693],
        "mean": [0.0358853787184, 0.0641172975302, 0.0568825379014, 0.0618299618363, 0.468491226435, 0.337380051613],
        "median": [0.0279469080269, 0.0616911388934, 0.0401917174459, 0.0513707883656, 0.398555368185, 0.357575505972],
        "min": [1.26201421153e-05, 0.000382642698241, 0.00459761079401, 0.031162051484, 0.321654111147, 0.12591072917],
        "skew": [0.533441126347, 0.604337334633, 0.915898919106, 0.519216179848, 1.23803925514, -0.412551909685],
        "var": [0.00109446467832, 0.00323514873162, 0.00176724535413, 0.000618977705017, 0.0186620727181, 0.0106536308303],
        "cov": [[0.00118567002937, 0.00147854012903, 0.00120668218005, 0.000263483962044, -0.00360217154957, -0.000215601510718], [0.00147854012903, 0.00350474449806, 0.00216727145016, 0.000715853006113, -0.00603317841887, -0.00120227271691], [0.00120668218005, 0.00216727145016, 0.0019145157421, 0.000661030644551, -0.00415433803573, -0.00123574142344], [0.000263483962044, 0.000715853006113, 0.000661030644551, 0.000670559180435, -0.00057465682039, -0.00159087695647], [-0.00360217154957, -0.00603317841887, -0.00415433803573, -0.00057465682039, 0.0202172454447, -0.00723709352314], [-0.000215601510718, -0.00120227271691, -0.00123574142344, -0.00159087695647, -0.00723709352314, 0.0115414336324]]
    },
    "beats_position": [0.336689323187, 0.673378646374, 1.01006805897, 1.34675729275, 1.69505667686, 2.04335594177, 2.39165520668, 2.73995471001, 3.08825397491, 3.43655323982, 3.78485250473, 4.13315200806, 4.48145103455],
    "bpm_estimates": [172.265594482, 172.265655518, 172.265655518, 172.265533447, 172.265655518, 172.265655518, 172.265655518, 172.265533447, 172.265777588],
    "bpm_intervals": [0.336689323187, 0.336689412594, 0.33668923378, 0.348299384117, 0.348299264908, 0.348299264908, 0.348299503326, 0.348299264908, 0.348299264908, 0.348299264908, 0.348299503326, 0.348299026489],
    "onset_times": [0.127709746361, 0.824308395386, 1.03328800201, 1.48607707024, 1.71827661991],
    "histogram": [[0, 0, 0, 0, 0, 0, 0, 0, 0, 0, 0, 0, 0, 0, 0, 0, 0, 0, 0, 0, 0, 0, 0, 0, 0, 0, 0, 0, 0, 0, 0, 0, 0, 0, 0, 0, 0, 0, 0, 0, 0, 0, 0, 0, 0, 0, 0, 0, 0, 0, 0, 0, 0, 0, 0, 0, 0, 0, 0, 0, 0, 0, 0, 0, 0, 0, 0, 0, 0, 0, 0, 0, 0, 0, 0, 0, 0, 0, 0, 0, 0, 0, 0, 0, 0, 0, 0, 0, 0, 0, 0, 0, 0, 0, 0, 0, 0, 0, 0, 0, 0, 0, 0, 0, 0, 0, 0, 0, 0, 0, 0, 0, 0, 0, 0, 0, 0, 0, 0, 0, 0, 0, 0, 0, 0, 0, 0, 0, 0, 0, 0, 0, 0, 0, 0, 0, 0, 0, 0, 0, 0, 0, 0, 0, 0, 0, 0, 0, 0, 0, 0, 0, 0, 0, 0, 0, 0, 0, 0, 0, 0, 0, 0, 0, 0, 0, 0, 0, 0, 0, 0, 0, 0.75, 0, 0, 0, 0, 0, 0.25, 0, 0, 0, 0, 0, 0, 0, 0, 0, 0, 0, 0, 0, 0, 0, 0, 0, 0, 0, 0, 0, 0, 0, 0, 0, 0, 0, 0, 0, 0, 0, 0, 0, 0, 0, 0, 0, 0, 0, 0, 0, 0, 0, 0, 0, 0, 0, 0, 0, 0, 0, 0, 0, 0, 0, 0, 0, 0, 0, 0, 0, 0, 0, 0, 0, 0, 0, 0, 0, 0, 0]]
},
"sfx": {
    "inharmonicity": {
        "kurt": 6.12435913086,
        "max": 0.379353791475,
        "mean": 0.0290905348957,
        "median": 0,
        "min": 0,
        "skew": 2.58785963058,
        "var": 0.004862556234
    },
    "oddtoevenharmonicenergyratio": {
        "kurt": 6.98344421387,
        "max": 2.94428920746,
        "mean": 0.255039006472,
        "median": 0,
        "min": 0,
        "skew": 2.62562274933,
        "var": 0.3198800385
    },
    "pitch_after_max_to_before_max_energy_ratio": 0.65518116951,
    "pitch_centroid": 103.493415833,
    "pitch_max_to_total": 0.582159638405,
    "pitch_min_to_total": 0.0187793429941,
    "tristimulus": {
        "kurt": [0.249877691269, 8.44886398315, 2.20470142365],
        "max": [1, 0.922908484936, 0.980703473091],
        "mean": [0.803615808487, 0.0800388306379, 0.116345383227],
        "median": [1, 0, 0],
        "min": [0, 0, 0],
        "skew": [-1.44231045246, 2.85781908035, 1.98861765862],
        "var": [0.126257181168, 0.0305934324861, 0.0724208131433],
        "cov": [[0.126852720976, -0.042414162308, -0.0844387188554], [-0.042414162308, 0.0307377427816, 0.011676418595], [-0.0844387188554, 0.011676418595, 0.072762414813]]
    }
},
"tonal": {
    "chords_changes_rate": 0.242990657687,
    "chords_number_rate": 0.0560747645795,
    "chords_strength": {
        "kurt": -0.894196748734,
        "max": 0.588900148869,
        "mean": 0.417762875557,
        "median": 0.42735478282,
        "min": 0.232452854514,
        "skew": -0.0672641992569,
        "var": 0.00869182962924
    },
    "key_strength": 0.491896957159,
    "tuning_diatonic_strength": 0.36126640439,
    "tuning_equal_tempered_deviation": 0.239607051015,
    "tuning_frequency": 439.745910645,
    "tuning_nontempered_energy_ratio": 0.893846571445,
    "hpcp": {
        "kurt": [0.0154416561127, -0.3438372612, 0.267841339111, 0.21483874321, -0.281390190125, -0.602899074554, -0.927942752838, -1.03051614761, -0.96337890625, -1.00826454163, -0.825437307358, -0.675712347031, -0.641982555389, -0.405456781387, -0.987884521484, -1.01681756973, -0.582920074463, -0.265378236771, -0.732399940491, -0.771660089493, -0.0363967418671, -0.50160241127, -0.114602565765, -0.00253486633301, 0.0141634941101, 0.16281914711, 0.224127531052, 0.963348388672, 0.115233421326, -0.354036569595, 0.23247551918, -0.241437673569, -0.447764635086, -0.27520608902, -0.280372858047, -0.0977714061737],
        "max": [0.971004068851, 0.933988749981, 1, 1, 1, 1, 1, 1, 1, 1, 1, 1, 1, 1, 1, 1, 1, 1, 0.950757026672, 1, 1, 1, 1, 1, 1, 1, 1, 1, 1, 1, 1, 1, 1, 1, 0.993876516819, 1],
        "mean": [0.473932057619, 0.465062826872, 0.47452968359, 0.481611847878, 0.510201156139, 0.543081641197, 0.589959919453, 0.623941779137, 0.631288528442, 0.617050886154, 0.591487646103, 0.583202600479, 0.553852021694, 0.543669462204, 0.590483784676, 0.599869847298, 0.548822939396, 0.507656097412, 0.505419969559, 0.491929024458, 0.458933889866, 0.455894768238, 0.46466511488, 0.455907046795, 0.433784812689, 0.426037997007, 0.431807607412, 0.429171025753, 0.441184103489, 0.498719781637, 0.511533498764, 0.491170793772, 0.507691562176, 0.508038759232, 0.499807089567, 0.497369706631],
