{
"metadata": {
    "version": {
        "essentia": "2.1-beta3"
    }
},
"lowLevel": {
    "average_loudness": 0.87531465292,
    "barkbands_kurtosis": {
        "kurt": 9.9182138443,
        "max": 29.0999526978,
        "mean": 2.48419260979,
        "median": 2.41989278793,
        "min": -1.76864790916,
        "skew": 1.76597249508,
        "var": 9.97008228302
    },
    "barkbands_skewness": {
        "kurt": 1.88396263123,
        "max": 0.809570252895,
        "mean": -1.12774693966,
        "median": -1.13073933125,
        "min": -4.88497924805,
        "skew": -0.393070042133,
        "var": 0.428628116846
    },
    "barkbands_spread": {
        "kurt": -0.223088741302,
        "max": 49.7244033813,
        "mean": 14.9457015991,
        "median": 9.52025222778,
        "min": 2.3305208683,
        "skew": 1.05713760853,
        "var": 161.423522949
    },
    "dissonance": {
        "kurt": 84.1672134399,
        "max": 0.499999970198,
        "mean": 0.494327515364,
        "median": 0.496443897486,
        "min": 0.382890284061,
        "skew": -6.71440505981,
        "var": 5.50252952962e-05
    },
    "hfc": {
        "kurt": 41.1500244141,
        "max": 843.528564453,
        "mean": 37.4941902161,
        "median": 1.75508594513,
        "min": 0.000261453329585,
        "skew": 5.32296133041,
        "var": 6562.10205078
    },
    "pitch": {
        "kurt": -0.609810590744,
        "max": 4532.27197266,
        "mean": 2474.12890625,
        "median": 2961.07958984,
        "min": 84.7743301392,
        "skew": -0.92830657959,
        "var": 1459332.875
    },
    "pitch_instantaneous_confidence": {
        "kurt": 0.435442686081,
        "max": 0.815053999424,
        "mean": 0.316341370344,
        "median": 0.31812953949,
        "min": 0.128190457821,
        "skew": 0.56405466795,
        "var": 0.0116791827604
    },
    "pitch_salience": {
        "kurt": 3.8556394577,
        "max": 0.928258419037,
        "mean": 0.798395097256,
        "median": 0.800000548363,
        "min": 0.598619580269,
        "skew": -1.00527834892,
        "var": 0.00150918285362
    },
    "silence_rate_20dB": {
        "kurt": 0,
        "max": 1,
        "mean": 1,
        "median": 1,
        "min": 1,
        "skew": 0,
        "var": 0
    },
    "silence_rate_30dB": {
        "kurt": 51.653678894,
        "max": 1,
        "mean": 0.982343494892,
        "median": 1,
        "min": 0,
        "skew": -7.32481431961,
        "var": 0.0173448175192
    },
    "silence_rate_60dB": {
        "kurt": -1.71373903751,
        "max": 1,
        "mean": 0.629213511944,
        "median": 1,
        "min": 0,
        "skew": -0.535031318665,
        "var": 0.233303681016
    },
    "spectral_centroid": {
        "kurt": 0.0432546138763,
        "max": 3897.71044922,
        "mean": 2586.51171875,
        "median": 2602.10131836,
        "min": 1082.21691895,
        "skew": -0.455552786589,
        "var": 192105.40625
    },
    "spectral_complexity": {
        "kurt": -1.34472286701,
        "max": 57,
        "mean": 15.7913322449,
        "median": 0,
        "min": 0,
        "skew": 0.666826486588,
        "var": 390.032165527
    },
    "spectral_crest": {
        "kurt": 1.75819635391,
        "max": 18.1369190216,
        "mean": 6.31222248077,
        "median": 6.29183626175,
        "min": 2.5932033062,
        "skew": 0.729979813099,
        "var": 3.91070342064
    },
    "spectral_decrease": {
        "kurt": 27.4930400848,
        "max": -2.41939172689e-14,
        "mean": -2.59861376861e-09,
        "median": -1.28198160421e-10,
        "min": -4.78583004337e-08,
        "skew": -4.15045166016,
        "var": 2.47342272907e-17
    },
    "spectral_energy": {
        "kurt": 31.1124191284,
        "max": 0.257138758898,
        "mean": 0.013208608143,
        "median": 0.000656695396174,
        "min": 1.15027908976e-07,
        "skew": 4.47196245193,
        "var": 0.000679427292198
    },
    "spectral_energyband_high": {
        "kurt": 114.127311707,
        "max": 0.0769070535898,
        "mean": 0.0013970938744,
        "median": 8.53820820339e-05,
        "min": 8.94483065395e-09,
        "skew": 9.87692451477,
        "var": 3.0902952858e-05
    },
    "spectral_energyband_low": {
        "kurt": 106.924758911,
        "max": 0.000215019128518,
        "mean": 2.91520314022e-06,
        "median": 5.49169158148e-07,
        "min": 4.63076688106e-10,
        "skew": 9.94120025635,
        "var": 2.60782728745e-10
    },
    "spectral_energyband_middle_high": {
        "kurt": 20.9660625458,
        "max": 0.202657192945,
        "mean": 0.0117404935881,
        "median": 0.000528820150066,
        "min": 8.36611491195e-08,
        "skew": 3.54763889313,
        "var": 0.000466613244498
    },
    "spectral_energyband_middle_low": {
        "kurt": 17.1451854706,
        "max": 0.00205503264442,
        "mean": 0.000136952192406,
        "median": 2.38145603362e-05,
        "min": 1.59121196219e-08,
        "skew": 3.5121524334,
        "var": 5.83412607114e-08
    },
    "spectral_flatness_db": {
        "kurt": -0.775875329971,
        "max": 0.434300154448,
        "mean": 0.243395805359,
        "median": 0.231309279799,
        "min": 0.0759192183614,
        "skew": 0.442297130823,
        "var": 0.005495082587
    },
    "spectral_flux": {
        "kurt": 6.72621440887,
        "max": 0.501841247082,
        "mean": 0.0513150058687,
        "median": 0.0188204180449,
        "min": 0.00147953478154,
        "skew": 2.05552196503,
        "var": 0.00420882785693
    },
    "spectral_kurtosis": {
        "kurt": 3.97242355347,
        "max": 30.3671150208,
        "mean": 4.44364500046,
        "median": 2.57740449905,
        "min": -0.591649055481,
        "skew": 1.96184027195,
        "var": 27.7357254028
    },
    "spectral_rms": {
        "kurt": 1.78147697449,
        "max": 0.0158387832344,
        "mean": 0.00228573358618,
        "median": 0.000800423906185,
        "min": 1.05935050669e-05,
        "skew": 1.36449015141,
        "var": 7.66185894463e-06
    },
    "spectral_rolloff": {
        "kurt": 0.184599637985,
        "max": 5318.70117188,
        "mean": 3724.5871582,
        "median": 3768.31054688,
        "min": 2562.45117188,
        "skew": -0.0685214698315,
        "var": 161918.765625
    },
    "spectral_skewness": {
        "kurt": 3.30642747879,
        "max": 3.07582497597,
        "mean": 0.825767576694,
        "median": 0.726049661636,
        "min": -0.0619446858764,
        "skew": 1.43578016758,
        "var": 0.189987674356
    },
    "spectral_spread": {
        "kurt": 1.5235376358,
        "max": 7492449,
        "mean": 2384123,
        "median": 2352023.25,
        "min": 1055777,
        "skew": 0.624282002449,
        "var": 684355551232
    },
    "spectral_strongpeak": {
        "kurt": 3.38272666931,
        "max": 11.1782178879,
        "mean": 1.28620553017,
        "median": 0.352154016495,
        "min": 0.00117636274081,
        "skew": 1.86015498638,
        "var": 3.38588237762
    },
    "zerocrossingrate": {
        "kurt": 3.0054397583,
        "max": 0.1552734375,
        "mean": 0.12521083653,
        "median": 0.1259765625,
        "min": 0.0341796875,
        "skew": -0.726350545883,
        "var": 0.000215366031625
    },
    "barkbands": {
        "kurt": [242.937026978, 151.907897949, 112.611579895, 77.9903564453, 89.9690704346, 35.3784065247, 18.5927066803, 21.0721988678, 7.83444023132, 79.185585022, 13.0646972656, 7.13053035736, 3.39489984512, 10.197063446, 4.87449550629, 6.89559078217, 13.2683849335, 27.0231876373, 26.2074947357, 85.9072647095, 97.7032089233, 86.4970397949, 93.542755127, 178.378875732, 171.133712769, 356.447387695, 51.7590904236],
        "max": [6.54631094221e-07, 4.81125680381e-05, 0.000106349165435, 0.000120250275359, 0.000300696003251, 0.000548410462216, 0.000560542044695, 0.000657139171381, 0.000355656375177, 0.00110137893353, 0.000849823874887, 0.0011988155311, 0.00140048225876, 0.0041355965659, 0.00791022926569, 0.0280036572367, 0.0448916517198, 0.0508068688214, 0.0462578162551, 0.0771822184324, 0.0231654774398, 0.00500524044037, 0.000792393286247, 0.000131575463456, 6.39844483885e-06, 1.11483825549e-06, 1.77662311529e-08],
        "mean": [4.86106843667e-09, 4.52978781595e-07, 1.33314028972e-06, 2.38689858634e-06, 8.07266860647e-06, 2.29254383157e-05, 3.13808268402e-05, 3.37960227625e-05, 2.98799586744e-05, 3.57744575012e-05, 5.63307548873e-05, 9.84521393548e-05, 0.000150373656652, 0.000310009869281, 0.000748151855078, 0.00216796854511, 0.00276933750138, 0.00241847219877, 0.00206334888935, 0.00169339473359, 0.000458573224023, 9.44738494582e-05, 1.25951601149e-05, 1.07755045065e-06, 4.14087146794e-08, 4.55925830423e-09, 4.69233096823e-10],
        "median": [6.48739284514e-10, 6.48272475701e-08, 2.07878599667e-07, 5.30971931312e-07, 1.79727703653e-06, 3.61446245734e-06, 4.64605500383e-06, 4.81614551973e-06, 4.02192517868e-06, 4.62219304609e-06, 7.23169023331e-06, 1.03833535832e-05, 1.31174083435e-05, 1.80824354175e-05, 3.12532247335e-05, 6.55614567222e-05, 7.93885046733e-05, 9.1395500931e-05, 9.23530751606e-05, 8.38347477838e-05, 3.46110427927e-05, 6.3291195147e-06, 3.96732019681e-07, 1.42260780933e-08, 1.14192327469e-11, 6.77013610104e-12, 6.30495222004e-12],
        "min": [4.76926102235e-14, 2.5080102925e-12, 6.59202553654e-12, 1.14415268926e-10, 1.26590249394e-09, 1.57372515019e-09, 4.41860681377e-09, 4.62219329478e-09, 1.83598403147e-09, 2.22044516107e-09, 1.48514645026e-09, 1.26511845444e-09, 2.04362793355e-09, 7.24030835286e-09, 3.62826746425e-09, 9.72644187414e-09, 2.05188985802e-08, 1.94180191926e-08, 1.27395392013e-08, 6.82119560835e-09, 3.22737592207e-09, 1.47046486099e-09, 5.79265455047e-11, 1.96241872578e-12, 3.33812242171e-13, 3.44863569125e-14, 1.81805351854e-15],
        "skew": [14.1661529541, 11.7898406982, 10.214348793, 8.45500850677, 8.40150928497, 5.35607433319, 3.86834073067, 3.91194272041, 2.5271115303, 6.58507728577, 3.2241768837, 2.37798905373, 1.90472042561, 2.75568008423, 2.09351110458, 2.27216458321, 2.8783864975, 4.29318475723, 4.1437125206, 8.57851982117, 8.99179553986, 8.6413936615, 8.98683929443, 12.586224556, 12.4880828857, 17.9444198608, 6.24903345108],
        "var": [1.12148115129e-15, 9.24214958037e-12, 6.09525346862e-11, 1.08617392858e-10, 5.08440067826e-10, 3.05261371736e-09, 4.2101251374e-09, 4.63631710801e-09, 2.45054931902e-09, 5.19582243896e-09, 1.08379287767e-08, 2.60391743723e-08, 5.65424755905e-08, 3.06633467062e-07, 1.57775923526e-06, 1.38497880471e-05, 2.54385213339e-05, 2.68015683105e-05, 1.95228931261e-05, 3.74098090106e-05, 2.80092876892e-06, 1.37928154231e-07, 3.39403571914e-09, 5.92509305508e-11, 1.62803540722e-13, 2.68581145619e-15, 2.246618201e-18],
        "cov": [[1.12328416679e-15, 8.34265179183e-14, 2.08201728427e-13, 2.56180737431e-13, 4.13814924168e-13, 9.94040245082e-13, 5.90657243168e-13, 6.18968526607e-13, 2.64038601096e-13, 1.03080250499e-12, 8.55346717933e-13, 4.95459142463e-13, 1.39593480004e-12, 2.85207404568e-12, 1.1734510065e-11, 5.53625478794e-11, 8.35643360064e-11, 1.10189288249e-10, 8.62800178525e-11, 1.76304221222e-10, 4.90384503837e-11, 9.69270757406e-12, 1.33786373906e-12, 1.84058836423e-13, 9.05926131637e-15, 9.69923557736e-16, 2.46514993033e-17], [8.34265179183e-14, 9.2570083543e-12, 2.25960968686e-11, 2.54289592855e-11, 4.03298471008e-11, 8.47805506354e-11, 5.28850747916e-11, 7.05801389556e-11, 2.3575108879e-11, 1.03239437832e-10, 7.09363193185e-11, 4.50994623591e-11, 1.29228516776e-10, 1.72753769623e-10, 1.07403974603e-09, 4.74912420501e-09, 7.48723749666e-09, 9.00429331097e-09, 7.32411642446e-09, 1.42220848431e-08, 3.60213681105e-09, 8.23663082183e-10, 1.16766943337e-10, 1.72810064869e-11, 8.21172557036e-13, 8.62732330237e-14, 1.82601372242e-15], [2.08201728427e-13, 2.25960968686e-11, 6.10505257459e-11, 7.23405640946e-11, 1.14478787561e-10, 2.41675096602e-10, 1.64183847073e-10, 1.98569549692e-10, 6.73955405373e-11, 2.82055212519e-10, 2.06062736319e-10, 1.44724759954e-10, 3.63449687013e-10, 5.55133439217e-10, 3.00366886918e-09, 1.29311521491e-08, 1.99341041451e-08, 2.41471056484e-08, 1.94916847107e-08, 3.72160862128e-08, 9.42895184153e-09, 2.19204632224e-09, 3.17563975116e-10, 4.71080327524e-11, 2.28007933714e-12, 2.42256464455e-13, 5.15149133136e-15], [2.56180737431e-13, 2.54289592855e-11, 7.23405640946e-11, 1.08792024001e-10, 1.48485709839e-10, 2.94710256199e-10, 2.09067860246e-10, 2.27695542976e-10, 1.12997201873e-10, 3.7116262841e-10, 3.1703856207e-10, 2.60733878932e-10, 5.7525917363e-10, 9.14548270448e-10, 3.87358012333e-09, 1.69140559336e-08, 2.41625617292e-08, 3.23159916604e-08, 2.36096955319e-08, 4.85537796635e-08, 1.29663284554e-08, 2.83294143699e-09, 4.27888335874e-10, 5.78169317977e-11, 2.9105732581e-12, 3.22630946481e-13, 6.51215108178e-15], [4.13814924168e-13, 4.03298471008e-11, 1.14478787561e-10, 1.48485709839e-10, 5.09257469528e-10, 8.43925429539e-10, 8.84699757897e-10, 8.76616057521e-10, 4.16938206182e-10, 9.2009500019e-10, 9.46925871048e-10, 1.25598598189e-09, 2.2802204569e-09, 4.83568518561e-09, 1.44723486528e-08, 4.37401297404e-08, 6.28857250717e-08, 7.2771101145e-08, 6.07987686863e-08, 9.38449531418e-08, 2.36843469281e-08, 5.47407186247e-09, 1.05475939094e-09, 1.21199481007e-10, 6.24923116727e-12, 4.54884177201e-13, 1.47230352096e-14], [9.94040245082e-13, 8.47805506354e-11, 2.41675096602e-10, 2.94710256199e-10, 8.43925429539e-10, 3.05752134722e-09, 2.89811175058e-09, 2.85495538321e-09, 1.38393896343e-09, 2.5811144333e-09, 3.61470919863e-09, 4.73206673846e-09, 7.2374422011e-09, 2.01991632309e-08, 4.16029948269e-08, 1.11564084193e-07, 1.51568414708e-07, 1.58874016165e-07, 1.31577422735e-07, 1.93596321196e-07, 5.05303603404e-08, 1.12984963607e-08, 1.60078339473e-09, 2.23394733267e-10, 1.09847894669e-11, 1.06925861394e-12, 4.26688916946e-14], [5.90657243168e-13, 5.28850747916e-11, 1.64183847073e-10, 2.09067860246e-10, 8.84699757897e-10, 2.89811175058e-09, 4.21689394514e-09, 3.52977314044e-09, 1.88064297468e-09, 2.96763058572e-09, 4.91844875938e-09, 6.32615781981e-09, 1.00207957487e-08, 2.62220574143e-08, 5.09857649433e-08, 1.2641982039e-07, 1.59601029281e-07, 1.50093597995e-07, 1.31080000187e-07, 1.51865464204e-07, 3.84691283273e-08, 8.97143248579e-09, 1.39838585156e-09, 1.79899400932e-10, 8.63298321718e-12, 7.63008200459e-13, 4.30498633974e-14], [6.18968526607e-13, 7.05801389556e-11, 1.98569549692e-10, 2.27695542976e-10, 8.76616057521e-10, 2.85495538321e-09, 3.52977314044e-09, 4.6437711454e-09, 2.26879959264e-09, 3.48707573927e-09, 5.36964073206e-09, 7.30600291377e-09, 1.02572208505e-08, 2.54650913689e-08, 5.83281227762e-08, 1.46667460399e-07, 1.90837425862e-07, 1.70248611653e-07, 1.47331505218e-07, 1.77289450676e-07, 4.08826785758e-08, 1.04021840031e-08, 1.68577141135e-09, 2.33341873601e-10, 1.08770136995e-11, 1.08037895036e-12, 4.51758788256e-14], [2.64038601096e-13, 2.3575108879e-11, 6.73955405373e-11, 1.12997201873e-10, 4.16938206182e-10, 1.38393896343e-09, 1.88064297468e-09, 2.26879959264e-09, 2.45448905645e-09, 2.15274753579e-09, 3.60331009475e-09, 6.16184925306e-09, 8.46540881838e-09, 1.93810087978e-08, 4.26479012106e-08, 1.18651577452e-07, 1.42163557371e-07, 1.22609520758e-07, 9.69806777107e-08, 9.44677935877e-08, 2.43306335079e-08, 4.71226480059e-09, 8.15132905618e-10, 7.751520259e-11, 3.73918734517e-12, 3.1789675059e-13, 2.5421974435e-14], [1.03080250499e-12, 1.03239437832e-10, 2.82055212519e-10, 3.7116262841e-10, 9.2009500019e-10, 2.5811144333e-09, 2.96763058572e-09, 3.48707573927e-09, 2.15274753579e-09, 5.204175757e-09, 5.32978061685e-09, 6.68536515036e-09, 1.14213678515e-08, 2.28363798982e-08, 6.32406980117e-08, 1.9158076725e-07, 2.35078516653e-07, 2.49274762609e-07, 1.911542995e-07, 2.60734850599e-07, 6.64259687255e-08, 1.60282116468e-08, 2.18177786948e-09, 3.74146796878e-10, 1.82115798136e-11, 2.43348006676e-12, 5.69245510646e-14], [8.55346717933e-13, 7.09363193185e-11, 2.06062736319e-10, 3.1703856207e-10, 9.46925871048e-10, 3.61470919863e-09, 4.91844875938e-09, 5.36964073206e-09, 3.60331009475e-09, 5.32978061685e-09, 1.08553530609e-08, 1.15268665724e-08, 1.78519208305e-08, 4.24470343319e-08, 9.08989150616e-08, 2.42913273496e-07, 2.96129570643e-07, 2.73168353715e-07, 2.09224793934e-07, 2.46836378892e-07, 6.4939790434e-08, 1.36562885444e-08, 1.95896432409e-09, 2.61370231014e-10, 1.22461095084e-11, 1.51541442155e-12, 6.32213601132e-14], [4.95459142463e-13, 4.50994623591e-11, 1.44724759954e-10, 2.60733878932e-10, 1.25598598189e-09, 4.73206673846e-09, 6.32615781981e-09, 7.30600291377e-09, 6.16184925306e-09, 6.68536515036e-09, 1.15268665724e-08, 2.60810377739e-08, 2.88172277152e-08, 6.61763053245e-08, 1.44596370433e-07, 4.02956743528e-07, 4.5557689532e-07, 3.57263189699e-07, 2.88070651777e-07, 2.3104607294e-07, 6.05909917795e-08, 1.14000382467e-08, 1.58579216425e-09, 1.23253504625e-10, 4.51501596527e-12, 5.33201141659e-13, 7.09941681181e-14], [1.39593480004e-12, 1.29228516776e-10, 3.63449687013e-10, 5.7525917363e-10, 2.2802204569e-09, 7.2374422011e-09, 1.00207957487e-08, 1.02572208505e-08, 8.46540881838e-09, 1.14213678515e-08, 1.78519208305e-08, 2.88172277152e-08, 5.66333824281e-08, 9.83522880915e-08, 2.43490461571e-07, 6.35033757135e-07, 7.58188718919e-07, 6.58980695789e-07, 5.18087006185e-07, 4.70742804737e-07, 1.22981631989e-07, 2.40915127847e-08, 3.51050188918e-09, 4.54762755231e-10, 2.36493498396e-11, 2.04898034303e-12, 1.3212506447e-13], [2.85207404568e-12, 1.72753769623e-10, 5.55133439217e-10, 9.14548270448e-10, 4.83568518561e-09, 2.01991632309e-08, 2.62220574143e-08, 2.54650913689e-08, 1.93810087978e-08, 2.28363798982e-08, 4.24470343319e-08, 6.61763053245e-08, 9.83522880915e-08, 3.07126441612e-07, 5.30844999957e-07, 1.36192556965e-06, 1.67302391674e-06, 1.45808849084e-06, 1.18469108656e-06, 1.01862781321e-06, 2.6925158636e-07, 4.82296158566e-08, 7.05551039815e-09, 5.37628275232e-10, 2.33492721685e-11, 1.93152221648e-12, 3.61943493839e-13], [1.1734510065e-11, 1.07403974603e-09, 3.00366886918e-09, 3.87358012333e-09, 1.44723486528e-08, 4.16029948269e-08, 5.09857649433e-08, 5.83281227762e-08, 4.26479012106e-08, 6.32406980117e-08, 9.08989150616e-08, 1.44596370433e-07, 2.43490461571e-07, 5.30844999957e-07, 1.58029592967e-06, 3.6633525724e-06, 4.86434601044e-06, 4.41408246843e-06, 3.61807474292e-06, 3.61889237865e-06, 9.09377888547e-07, 1.88541420698e-07, 2.80979932654e-08, 3.46938477946e-09, 1.64210187115e-10, 1.68524465216e-11, 8.90854447502e-13], [5.53625478794e-11, 4.74912420501e-09, 1.29311521491e-08, 1.69140559336e-08, 4.37401297404e-08, 1.11564084193e-07, 1.2641982039e-07, 1.46667460399e-07, 1.18651577452e-07, 1.9158076725e-07, 2.42913273496e-07, 4.02956743528e-07, 6.35033757135e-07, 1.36192556965e-06, 3.6633525724e-06, 1.38720542964e-05, 1.6209529349e-05, 1.58834991453e-05, 1.29348054543e-05, 1.45644517033e-05, 3.72136628357e-06, 7.57700490794e-07, 1.08006958044e-07, 1.32552626653e-08, 6.23925244803e-10, 7.93801066545e-11, 3.0727349918e-12], [8.35643360064e-11, 7.48723749666e-09, 1.99341041451e-08, 2.41625617292e-08, 6.28857250717e-08, 1.51568414708e-07, 1.59601029281e-07, 1.90837425862e-07, 1.42163557371e-07, 2.35078516653e-07, 2.96129570643e-07, 4.5557689532e-07, 7.58188718919e-07, 1.67302391674e-06, 4.86434601044e-06, 1.6209529349e-05, 2.54794194916e-05, 2.28222852456e-05, 1.95985685423e-05, 2.22881189984e-05, 5.53682593818e-06, 1.16022658858e-06, 1.70393761323e-07, 1.99436325232e-08, 8.97561247548e-10, 9.54197693082e-11, 4.12897971022e-12], [1.10189288249e-10, 9.00429331097e-09, 2.41471056484e-08, 3.23159916604e-08, 7.2771101145e-08, 1.58874016165e-07, 1.50093597995e-07, 1.70248611653e-07, 1.22609520758e-07, 2.49274762609e-07, 2.73168353715e-07, 3.57263189699e-07, 6.58980695789e-07, 1.45808849084e-06, 4.41408246843e-06, 1.58834991453e-05, 2.28222852456e-05, 2.68446583505e-05, 2.1068535716e-05, 2.74392932624e-05, 7.09420874045e-06, 1.47334185385e-06, 2.23349815087e-07, 2.62077151092e-08, 1.23805043994e-09, 1.45043199673e-10, 4.90405632769e-12], [8.62800178525e-11, 7.32411642446e-09, 1.94916847107e-08, 2.36096955319e-08, 6.07987686863e-08, 1.31577422735e-07, 1.31080000187e-07, 1.47331505218e-07, 9.69806777107e-08, 1.911542995e-07, 2.09224793934e-07, 2.88070651777e-07, 5.18087006185e-07, 1.18469108656e-06, 3.61807474292e-06, 1.29348054543e-05, 1.95985685423e-05, 2.1068535716e-05, 1.95542816073e-05, 2.18681871047e-05, 5.51387165615e-06, 1.16711692044e-06, 1.82580151886e-07, 2.01239984676e-08, 8.99234908758e-10, 9.96252871865e-11, 3.77463945517e-12], [1.76304221222e-10, 1.42220848431e-08, 3.72160862128e-08, 4.85537796635e-08, 9.38449531418e-08, 1.93596321196e-07, 1.51865464204e-07, 1.77289450676e-07, 9.44677935877e-08, 2.60734850599e-07, 2.46836378892e-07, 2.3104607294e-07, 4.70742804737e-07, 1.01862781321e-06, 3.61889237865e-06, 1.45644517033e-05, 2.22881189984e-05, 2.74392932624e-05, 2.18681871047e-05, 3.74699520762e-05, 9.73341138888e-06, 2.06450977203e-06, 3.07102766328e-07, 3.83080198674e-08, 1.80626158475e-09, 2.01781827358e-10, 5.41619396902e-12], [4.90384503837e-11, 3.60213681105e-09, 9.42895184153e-09, 1.29663284554e-08, 2.36843469281e-08, 5.05303603404e-08, 3.84691283273e-08, 4.08826785758e-08, 2.43306335079e-08, 6.64259687255e-08, 6.4939790434e-08, 6.05909917795e-08, 1.22981631989e-07, 2.6925158636e-07, 9.09377888547e-07, 3.72136628357e-06, 5.53682593818e-06, 7.09420874045e-06, 5.51387165615e-06, 9.73341138888e-06, 2.80543190456e-06, 5.69189523958e-07, 8.1778530614e-08, 9.84351800071e-09, 4.68682259669e-10, 5.28579922887e-11, 1.42868529507e-12], [9.69270757406e-12, 8.23663082183e-10, 2.19204632224e-09, 2.83294143699e-09, 5.47407186247e-09, 1.12984963607e-08, 8.97143248579e-09, 1.04021840031e-08, 4.71226480059e-09, 1.60282116468e-08, 1.36562885444e-08, 1.14000382467e-08, 2.40915127847e-08, 4.82296158566e-08, 1.88541420698e-07, 7.57700490794e-07, 1.16022658858e-06, 1.47334185385e-06, 1.16711692044e-06, 2.06450977203e-06, 5.69189523958e-07, 1.38149900408e-07, 1.88668263235e-08, 2.39871011942e-09, 1.12563632026e-10, 1.29582386488e-11, 3.03467456242e-13], [1.33786373906e-12, 1.16766943337e-10, 3.17563975116e-10, 4.27888335874e-10, 1.05475939094e-09, 1.60078339473e-09, 1.39838585156e-09, 1.68577141135e-09, 8.15132905618e-10, 2.18177786948e-09, 1.95896432409e-09, 1.58579216425e-09, 3.51050188918e-09, 7.05551039815e-09, 2.80979932654e-08, 1.08006958044e-07, 1.70393761323e-07, 2.23349815087e-07, 1.82580151886e-07, 3.07102766328e-07, 8.1778530614e-08, 1.88668263235e-08, 3.39949224326e-09, 3.65159485982e-10, 1.76864373841e-11, 1.60135620042e-12, 4.01168627397e-14], [1.84058836423e-13, 1.72810064869e-11, 4.71080327524e-11, 5.78169317977e-11, 1.21199481007e-10, 2.23394733267e-10, 1.79899400932e-10, 2.33341873601e-10, 7.751520259e-11, 3.74146796878e-10, 2.61370231014e-10, 1.23253504625e-10, 4.54762755231e-10, 5.37628275232e-10, 3.46938477946e-09, 1.32552626653e-08, 1.99436325232e-08, 2.62077151092e-08, 2.01239984676e-08, 3.83080198674e-08, 9.84351800071e-09, 2.39871011942e-09, 3.65159485982e-10, 5.93461946252e-11, 2.97575657691e-12, 3.30720151785e-13, 5.8783921368e-15], [9.05926131637e-15, 8.21172557036e-13, 2.28007933714e-12, 2.9105732581e-12, 6.24923116727e-12, 1.09847894669e-11, 8.63298321718e-12, 1.08770136995e-11, 3.73918734517e-12, 1.82115798136e-11, 1.22461095084e-11, 4.51501596527e-12, 2.36493498396e-11, 2.33492721685e-11, 1.64210187115e-10, 6.23925244803e-10, 8.97561247548e-10, 1.23805043994e-09, 8.99234908758e-10, 1.80626158475e-09, 4.68682259669e-10, 1.12563632026e-10, 1.76864373841e-11, 2.97575657691e-12, 1.63065280679e-13, 1.67148924774e-14, 3.03405666459e-16], [9.69923557736e-16, 8.62732330237e-14, 2.42256464455e-13, 3.22630946481e-13, 4.54884177201e-13, 1.06925861394e-12, 7.63008200459e-13, 1.08037895036e-12, 3.1789675059e-13, 2.43348006676e-12, 1.51541442155e-12, 5.33201141659e-13, 2.04898034303e-12, 1.93152221648e-12, 1.68524465216e-11, 7.93801066545e-11, 9.54197693082e-11, 1.45043199673e-10, 9.96252871865e-11, 2.01781827358e-10, 5.28579922887e-11, 1.29582386488e-11, 1.60135620042e-12, 3.30720151785e-13, 1.67148924774e-14, 2.69012941839e-15, 3.74042834278e-17], [2.46514993033e-17, 1.82601372242e-15, 5.15149133136e-15, 6.51215108178e-15, 1.47230352096e-14, 4.26688916946e-14, 4.30498633974e-14, 4.51758788256e-14, 2.5421974435e-14, 5.69245510646e-14, 6.32213601132e-14, 7.09941681181e-14, 1.3212506447e-13, 3.61943493839e-13, 8.90854447502e-13, 3.0727349918e-12, 4.12897971022e-12, 4.90405632769e-12, 3.77463945517e-12, 5.41619396902e-12, 1.42868529507e-12, 3.03467456242e-13, 4.01168627397e-14, 5.8783921368e-15, 3.03405666459e-16, 3.74042834278e-17, 2.25023008514e-18]]
    },
    "mfcc": {
        "kurt": [-1.28590297699, 0.133492231369, -1.1817663908, 0.559277296066, -0.726470947266, 0.569111347198, -0.923118591309, 1.05909156799, 0.0916748046875, 0.203489542007, 0.0720613002777, 0.309033155441, -0.0656952857971],
        "max": [-519.424377441, 119.537513733, 0.24853515625, 100.838096619, 17.2590942383, 27.7377090454, 15.1422309875, 26.9431629181, 16.0560951233, 8.54279518127, 9.88635635376, 16.1877479553, 18.9444770813],
        "mean": [-820.575500488, 59.7620506287, -109.131858826, 44.1680030823, -25.474319458, -12.8403692245, -15.5336456299, -12.3652334213, -5.9217748642, -10.4272661209, -7.36678552628, -4.1502494812, -1.07804346085],
        "median": [-815.608947754, 60.9912796021, -109.305725098, 40.8190956116, -27.1136627197, -13.5409011841, -12.9222106934, -10.6718139648, -5.07595062256, -9.1003112793, -6.76498222351, -4.02509307861, -1.32153701782],
        "min": [-1137.90490723, 0.475475311279, -217.163543701, 0.435871124268, -79.7759933472, -52.4758262634, -55.2816467285, -49.432220459, -32.6101989746, -37.3563461304, -28.4891529083, -25.0721893311, -19.0140304565],
        "skew": [-0.0386741608381, -0.0792799443007, -0.0472773835063, 0.761016011238, 0.130476176739, -0.0322739854455, -0.310970038176, -0.710286557674, -0.361059993505, -0.553494572639, -0.272122472525, -0.243122592568, 0.0359624251723],
        "var": [15725.3837891, 428.45690918, 3721.19140625, 252.916625977, 346.745910645, 136.26524353, 223.328582764, 134.530502319, 65.4961242676, 68.8962402344, 45.0122108459, 43.8678436279, 42.5388298035],
        "cov": [[15750.6660156, -235.789093018, -7074.66650391, 948.817932129, -1943.98596191, 215.074081421, -1541.31188965, -322.265045166, -461.418395996, -210.516983032, -134.145462036, -71.2752685547, 219.643707275], [-235.789093018, 429.145751953, 2.67329263687, -181.356903076, 83.9820404053, -105.52771759, 60.9616775513, -127.622627258, 53.8004341125, -42.3381690979, 1.73292040825, 26.2263450623, -34.1828384399], [-7074.66650391, 2.67329263687, 3727.17407227, -338.736022949, 956.791320801, 74.9852981567, 696.574951172, 313.397521973, 174.935882568, 213.375747681, 19.6551265717, 81.7235870361, -94.2705383301], [948.817932129, -181.356903076, -338.736022949, 253.323257446, -92.1061401367, 56.7352485657, -66.4261474609, 42.6401367188, -31.5932636261, 2.94163990021, 2.04880213737, -21.0615272522, 26.8903141022], [-1943.98596191, 83.9820404053, 956.791320801, -92.1061401367, 347.303375244, -21.663312912, 219.471130371, 60.7371253967, 66.046081543, 49.7091255188, -3.33246684074, 25.9731311798, -36.9613189697], [215.074081421, -105.52771759, 74.9852981567, 56.7352485657, -21.663312912, 136.484313965, -33.3805160522, 79.1478652954, -18.8575954437, 45.5389137268, -3.00369381905, 10.0266151428, 25.9204597473], [-1541.31188965, 60.9616775513, 696.574951172, -66.4261474609, 219.471130371, -33.3805160522, 223.68762207, 29.1280956268, 65.6236877441, 18.9374485016, 18.175567627, 12.4773073196, -31.2871932983], [-322.265045166, -127.622627258, 313.397521973, 42.6401367188, 60.7371253967, 79.1478652954, 29.1280956268, 134.746780396, -7.82677793503, 64.714225769, -4.1414937973, 11.4115533829, 12.8266468048], [-461.418395996, 53.8004341125, 174.935882568, -31.5932636261, 66.046081543, -18.8575954437, 65.6236877441, -7.82677793503, 65.6014251709, -2.48496508598, 16.9371185303, 0.763776302338, -8.89246749878], [-210.516983032, -42.3381690979, 213.375747681, 2.94163990021, 49.7091255188, 45.5389137268, 18.9374485016, 64.714225769, -2.48496508598, 69.0070114136, -2.85932183266, 20.6982269287, 7.37470006943], [-134.145462036, 1.73292040825, 19.6551265717, 2.04880213737, -3.33246684074, -3.00369381905, 18.175567627, -4.1414937973, 16.9371185303, -2.85932183266, 45.0845794678, -0.563296377659, 10.2350769043], [-71.2752685547, 26.2263450623, 81.7235870361, -21.0615272522, 25.9731311798, 10.0266151428, 12.4773073196, 11.4115533829, 0.763776302338, 20.6982269287, -0.563296377659, 43.938369751, 2.13516402245], [219.643707275, -34.1828384399, -94.2705383301, 26.8903141022, -36.9613189697, 25.9204597473, -31.2871932983, 12.8266468048, -8.89246749878, 7.37470006943, 10.2350769043, 2.13516402245, 42.607219696]]
    },
    "sccoeffs": {
        "kurt": [1.78044366837, -0.0288774967194, -0.34450340271, -0.494371652603, -1.1500300169, 0.706481218338],
        "max": [-0.344297885895, -0.707488656044, -0.709601223469, -0.60659122467, -0.652634084225, -0.245896294713],
        "mean": [-0.727920114994, -0.846590816975, -0.853869020939, -0.814125776291, -0.807686269283, -0.49273788929],
        "median": [-0.742367565632, -0.850171089172, -0.855798482895, -0.833346366882, -0.828783035278, -0.498881906271],
        "min": [-0.918440341949, -0.939695000648, -0.96006578207, -0.914670944214, -0.908385455608, -0.832733511925],
        "skew": [1.09103953838, 0.435258835554, 0.37835881114, 0.689316153526, 0.44991338253, 0.184547513723],
        "var": [0.00616910448298, 0.00163554400206, 0.00152701698244, 0.00431586243212, 0.00401895167306, 0.00530584109947],
        "cov": [[0.00617902260274, 0.00132406468038, 0.00158736202866, 0.00320233474486, 0.00334975495934, 0.00183623016346], [0.00132406468038, 0.00163817347493, 0.000660520920064, 0.00134965637699, 0.00130593799986, 0.00103381380904], [0.00158736202866, 0.000660520920064, 0.00152947194874, 0.00158929091413, 0.00163499871269, 0.00128035247326], [0.00320233474486, 0.00134965637699, 0.00158929091413, 0.0043228007853, 0.00356769398786, 0.0022372934036], [0.00334975495934, 0.00130593799986, 0.00163499871269, 0.00356769398786, 0.00402541272342, 0.00207396410406], [0.00183623016346, 0.00103381380904, 0.00128035247326, 0.0022372934036, 0.00207396410406, 0.00531437108293]]
    },
    "scvalleys": {
        "kurt": [7.01717948914, -1.01606249809, -1.29326868057, -1.4553886652, -1.24735879898, 0.147239685059],
        "max": [-6.47332620621, -5.02280092239, -5.26954603195, -4.71301412582, -4.00719881058, -8.02418041229],
        "mean": [-9.64904308319, -7.74153327942, -7.78328084946, -7.42420578003, -7.22296094894, -14.3301877975],
        "median": [-9.62626171112, -7.78912210464, -7.72968769073, -7.31414175034, -7.19330978394, -14.4164791107],
        "min": [-14.3472824097, -11.1477384567, -11.3384904861, -11.5807552338, -11.4987859726, -16.6692352295],
        "skew": [-0.5660546422, 0.0462887585163, -0.136745214462, -0.124604895711, -0.0482826046646, 0.593612074852],
        "var": [0.62609487772, 1.2075330019, 1.67237186432, 2.75973916054, 2.66439437866, 2.89492678642],
        "cov": [[0.627101421356, 0.0977591574192, 0.0706669688225, 0.063629604876, 0.0980248972774, 0.207154765725], [0.0977591574192, 1.20947432518, 1.33893406391, 1.72221934795, 1.59675037861, 1.38824653625], [0.0706669688225, 1.33893406391, 1.67506062984, 2.09453058243, 1.97387242317, 1.70361578465], [0.063629604876, 1.72221934795, 2.09453058243, 2.76417613029, 2.60554146767, 2.22600030899], [0.0980248972774, 1.59675037861, 1.97387242317, 2.60554146767, 2.66867804527, 2.29965138435], [0.207154765725, 1.38824653625, 1.70361578465, 2.22600030899, 2.29965138435, 2.89958119392]]
    }
},
"rhythm": {
    "beats_loudness": {
        "kurt": -0.044903755188,
        "max": 0.0869170427322,
        "mean": 0.0209925565869,
        "median": 0.00221546343528,
        "min": 8.15113617136e-06,
        "skew": 1.23300981522,
        "var": 0.000926642271224
    },
    "bpm": 74.1540603638,
    "confidence": 2.16461706161,
    "first_peak_bpm": {
        "kurt": 0,
        "max": 74,
        "mean": 74,
        "median": 74,
        "min": 74,
        "skew": 0,
        "var": 0
    },
    "first_peak_spread": {
        "kurt": 0,
        "max": 0.272727310658,
        "mean": 0.272727310658,
        "median": 0.272727310658,
        "min": 0.272727310658,
        "skew": 0,
        "var": 0
    },
    "first_peak_weight": {
        "kurt": 0,
        "max": 0.470588237047,
        "mean": 0.470588237047,
        "median": 0.470588237047,
        "min": 0.470588237047,
        "skew": 0,
        "var": 0
    },
    "onset_rate": 1.52444827557,
    "second_peak_bpm": {
        "kurt": 0,
        "max": 82,
        "mean": 82,
        "median": 82,
        "min": 82,
        "skew": 0,
        "var": 0
    },
    "second_peak_spread": {
        "kurt": 0,
        "max": 0.16666662693,
        "mean": 0.16666662693,
        "median": 0.16666662693,
        "min": 0.16666662693,
        "skew": 0,
        "var": 0
    },
    "second_peak_weight": {
        "kurt": 0,
        "max": 0.29411765933,
        "mean": 0.29411765933,
        "median": 0.29411765933,
        "min": 0.29411765933,
        "skew": 0,
        "var": 0
    },
    "beats_loudness_band_ratio": {
        "kurt": [4.11009407043, 0.400334119797, 0.497676610947, 0.270603656769, -1.15431892872, -0.91598534584],
        "max": [0.187478095293, 0.186632305384, 0.15365241468, 0.227847442031, 0.754182577133, 0.525796711445],
        "mean": [0.0257626008242, 0.0410071276128, 0.042737826705, 0.0786624774337, 0.526674151421, 0.304189711809],
        "median": [0.00144423823804, 0.00578108243644, 0.0303046293557, 0.0722307264805, 0.522221088409, 0.27957367897],
        "min": [2.39427718043e-05, 0.000743817654438, 0.00240737083368, 0.0102114630863, 0.296140044928, 0.109865821898],
        "skew": [2.22989368439, 1.30107140541, 1.0767724514, 1.09282672405, -0.148982867599, 0.255611777306],
        "var": [0.00239635678008, 0.00311055127531, 0.00171505659819, 0.00369689823128, 0.0223338529468, 0.0139495981857],
        "cov": [[0.00253731897101, 0.00225293613039, 0.00157736835536, 6.46468542982e-05, -0.00525318458676, -0.000702634511981], [0.00225293613039, 0.00329352496192, 0.00192986032926, 0.000279579136986, -0.00683275563642, -0.000109578715637], [0.00157736835536, 0.00192986032926, 0.0018159422325, 0.00121715932619, -0.00468827970326, -0.00116621167399], [6.46468542982e-05, 0.000279579136986, 0.00121715932619, 0.00391436275095, -0.000509685429279, -0.00459104776382], [-0.00525318458676, -0.00683275563642, -0.00468827970326, -0.000509685429279, 0.0236476082355, -0.00828234106302], [-0.000702634511981, -0.000109578715637, -0.00116621167399, -0.00459104776382, -0.00828234106302, 0.0147701622918]]
    },
    "beats_position": [0.754648506641, 1.50929701328, 2.27555561066, 3.00698399544, 3.72680258751, 4.45823097229, 5.18965959549, 5.93269824982, 6.73378658295, 7.56970500946, 8.38240337372, 9.17188167572, 9.98458003998, 10.7972784042, 11.6215867996, 12.445895195, 13.2585935593, 14.0712919235],
    "bpm_estimates": [78.3025436401, 74.898109436, 71.7773361206, 73.8281326294, 75.9995574951, 73.8281326294, 73.8281326294, 72.7882919312, 72.7882919312, 73.8281326294, 73.8281326294],
    "bpm_intervals": [0.754648506641, 0.766258597374, 0.731428384781, 0.719818592072, 0.731428384781, 0.731428623199, 0.743038654327, 0.80108833313, 0.835918426514, 0.812698364258, 0.789478302002, 0.812698364258, 0.812698364258, 0.824308395386, 0.824308395386, 0.812698364258, 0.812698364258],
    "onset_times": [0.31346938014, 1.63700675964, 3.41333341599, 4.36535167694, 4.66721105576, 5.630838871, 6.29260778427, 6.86149644852, 6.8963265419, 7.00081634521, 7.47682523727, 7.60453510284, 8.25469398499, 9.06739234924, 9.19510173798, 10.4954195023, 10.6347389221, 10.8204984665, 11.9466667175, 12.2253065109, 12.3297958374, 12.6084356308],
    "histogram": [[0, 0, 0, 0, 0, 0, 0, 0, 0, 0, 0, 0, 0, 0, 0, 0, 0, 0, 0, 0, 0, 0, 0, 0, 0, 0, 0, 0, 0, 0, 0, 0, 0, 0, 0, 0, 0, 0, 0, 0, 0, 0, 0, 0, 0, 0, 0, 0, 0, 0, 0, 0, 0, 0, 0, 0, 0, 0, 0, 0, 0, 0, 0, 0, 0, 0, 0, 0, 0, 0, 0, 0, 0.0588235296309, 0.117647059262, 0.29411765933, 0.0588235296309, 0.0588235296309, 0, 0.0588235296309, 0, 0.0588235296309, 0.0588235296309, 0.176470592618, 0.0588235296309, 0, 0, 0, 0, 0, 0, 0, 0, 0, 0, 0, 0, 0, 0, 0, 0, 0, 0, 0, 0, 0, 0, 0, 0, 0, 0, 0, 0, 0, 0, 0, 0, 0, 0, 0, 0, 0, 0, 0, 0, 0, 0, 0, 0, 0, 0, 0, 0, 0, 0, 0, 0, 0, 0, 0, 0, 0, 0, 0, 0, 0, 0, 0, 0, 0, 0, 0, 0, 0, 0, 0, 0, 0, 0, 0, 0, 0, 0, 0, 0, 0, 0, 0, 0, 0, 0, 0, 0, 0, 0, 0, 0, 0, 0, 0, 0, 0, 0, 0, 0, 0, 0, 0, 0, 0, 0, 0, 0, 0, 0, 0, 0, 0, 0, 0, 0, 0, 0, 0, 0, 0, 0, 0, 0, 0, 0, 0, 0, 0, 0, 0, 0, 0, 0, 0, 0, 0, 0, 0, 0, 0, 0, 0, 0, 0, 0, 0, 0, 0, 0, 0, 0, 0, 0, 0, 0, 0, 0, 0, 0, 0, 0, 0, 0, 0, 0]]
},
"sfx": {
    "inharmonicity": {
        "kurt": 3.47543334961,
        "max": 0.386752814054,
        "mean": 0.0389551334083,
        "median": 0,
        "min": 0,
        "skew": 2.13547086716,
        "var": 0.00661048013717
    },
    "oddtoevenharmonicenergyratio": {
        "kurt": 604.084472656,
        "max": 240.787063599,
        "mean": 0.710036695004,
        "median": 0,
        "min": 0,
        "skew": 24.4903144836,
        "var": 93.7212295532
    },
    "pitch_after_max_to_before_max_energy_ratio": 1.09819638729,
    "pitch_centroid": 292.155181885,
    "pitch_max_to_total": 0.434991985559,
    "pitch_min_to_total": 0.940609931946,
    "tristimulus": {
        "kurt": [-0.63601231575, 4.94502258301, 1.35620546341],
        "max": [1, 0.941780090332, 1],
        "mean": [0.749282240868, 0.116045601666, 0.134672388434],
        "median": [1, 0, 0],
        "min": [0, 0, 0],
        "skew": [-1.08418750763, 2.27892684937, 1.75179338455],
        "var": [0.139752879739, 0.0401094555855, 0.0786786600947],
        "cov": [[0.139977559447, -0.0506733953953, -0.0893041715026], [-0.0506733953953, 0.0401739366353, 0.010499432683], [-0.0893041715026, 0.010499432683, 0.0788051560521]]
    }
},
"tonal": {
    "chords_changes_rate": 0.0993589758873,
    "chords_number_rate": 0.0384615398943,
    "chords_strength": {
        "kurt": 0.785331487656,
        "max": 0.614924371243,
        "mean": 0.456723958254,
        "median": 0.458844602108,
        "min": 0.23166154325,
        "skew": -0.563193976879,
        "var": 0.00464215036482
    },
    "key_strength": 0.518546462059,
    "tuning_diatonic_strength": 0.400785028934,
    "tuning_equal_tempered_deviation": 0.301465034485,
    "tuning_frequency": 441.017791748,
    "tuning_nontempered_energy_ratio": 0.903689622879,
    "hpcp": {
        "kurt": [0.0934677124023, -0.193148851395, -0.110645294189, -0.0365452766418, -0.265932798386, -0.352013111115, -0.438403367996, -0.685366868973, -0.544205665588, -0.522739171982, -0.730437040329, -0.697491884232, -0.422446489334, -0.516802787781, -0.56910276413, -0.52824640274, -0.673173666, -0.825734138489, -0.54372215271, -0.130004405975, -0.0286333560944, -0.0355036258698, -0.0196890830994, -0.305908918381, -0.114397287369, -0.0575151443481, 0.550046682358, 0.0240306854248, 0.0844876766205, -0.163717746735, -0.480191230774, -0.357253551483, -0.329806089401, -0.357119321823, 0.312124013901, 0.344366550446],
        "max": [1, 1, 1, 1, 1, 1, 1, 1, 1, 1, 1, 1, 1, 1, 1, 1, 1, 1, 1, 1, 1, 1, 1, 1, 1, 1, 1, 1, 1, 1, 1, 1, 1, 1, 1, 1],
