{
"metadata": {
    "version": {
        "essentia": "2.1-beta3"
    }
},
"lowLevel": {
    "average_loudness": 0.0055449870415,
    "barkbands_kurtosis": {
        "kurt": 0.774415493011,
        "max": 8.68922042847,
        "mean": 2.09595775604,
        "median": 2.12668037415,
        "min": -1.57167208195,
        "skew": 0.320567548275,
        "var": 3.18513178825
    },
    "barkbands_skewness": {
        "kurt": 4.34930229187,
        "max": 2.68109917641,
        "mean": 0.992981553078,
        "median": 1.02820801735,
        "min": -1.90822684765,
        "skew": -1.17771267891,
        "var": 0.370905131102
    },
    "barkbands_spread": {
        "kurt": 7.68569278717,
        "max": 46.9292564392,
        "mean": 12.6773529053,
        "median": 10.9686355591,
        "min": 4.77108573914,
        "skew": 2.57044911385,
        "var": 33.1629562378
    },
    "dissonance": {
        "kurt": 84.1914520264,
        "max": 0.500000059605,
        "mean": 0.470066159964,
        "median": 0.475635051727,
        "min": 0.063549503684,
        "skew": -6.49604082108,
        "var": 0.000817825668491
    },
    "hfc": {
        "kurt": 202.535873413,
        "max": 561.421447754,
        "mean": 2.82356905937,
        "median": 3.18036727549e-05,
        "min": 4.90063989389e-09,
        "skew": 13.9106416702,
        "var": 1151.68945312
    },
    "pitch": {
        "kurt": 31.017074585,
        "max": 4154.23925781,
        "mean": 366.209869385,
        "median": 251.593811035,
        "min": 66.3095779419,
        "skew": 5.34689903259,
        "var": 252923.328125
    },
    "pitch_instantaneous_confidence": {
        "kurt": 0.102550268173,
        "max": 0.530843019485,
        "mean": 0.279244214296,
        "median": 0.269105792046,
        "min": 0.125886976719,
        "skew": 0.655116796494,
        "var": 0.00570315076038
    },
    "pitch_salience": {
        "kurt": 0.870812892914,
        "max": 0.959066033363,
        "mean": 0.757534682751,
        "median": 0.764863371849,
        "min": 0.528235554695,
        "skew": -0.460404038429,
        "var": 0.00292705930769
    },
    "silence_rate_20dB": {
        "kurt": 0,
        "max": 1,
        "mean": 1,
        "median": 1,
        "min": 1,
        "skew": 0,
        "var": 0
    },
    "silence_rate_30dB": {
        "kurt": 154.005935669,
        "max": 1,
        "mean": 0.993710696697,
        "median": 1,
        "min": 0,
        "skew": -12.490234375,
        "var": 0.00624976027757
    },
    "silence_rate_60dB": {
        "kurt": 54.6418495178,
        "max": 1,
        "mean": 0.983228504658,
        "median": 1,
        "min": 0,
        "skew": -7.52607393265,
        "var": 0.0164902210236
    },
    "spectral_centroid": {
        "kurt": 15.8083171844,
        "max": 4052.6965332,
        "mean": 903.240356445,
        "median": 782.19329834,
        "min": 344.448699951,
        "skew": 3.53673958778,
        "var": 195112.828125
    },
    "spectral_complexity": {
        "kurt": 85.0675735474,
        "max": 67,
        "mean": 0.712788283825,
        "median": 0,
        "min": 0,
        "skew": 9.1176071167,
        "var": 36.5819969177
    },
    "spectral_crest": {
        "kurt": 1.57782888412,
        "max": 14.1859350204,
        "mean": 6.44911718369,
        "median": 6.07702875137,
        "min": 2.76565861702,
        "skew": 1.17086172104,
        "var": 4.30191755295
    },
    "spectral_decrease": {
        "kurt": 196.644256592,
        "max": -1.5864291207e-18,
        "mean": -3.33323341151e-10,
        "median": -1.09880900155e-14,
        "min": -6.22432310138e-08,
        "skew": -13.8292255402,
        "var": 1.61598831649e-17
    },
    "spectral_energy": {
        "kurt": 193.394760132,
        "max": 0.272695064545,
        "mean": 0.00151414435823,
        "median": 4.42531309375e-08,
        "min": 6.43206668482e-12,
        "skew": 13.7306098938,
        "var": 0.000331357907271
    },
    "spectral_energyband_high": {
        "kurt": 279.29776001,
        "max": 0.0394257344306,
        "mean": 0.00015767889272,
        "median": 4.36583713626e-10,
        "min": 1.00312051959e-13,
        "skew": 16.1537075043,
        "var": 4.36964683104e-06
    },
    "spectral_energyband_low": {
        "kurt": 471.84085083,
        "max": 0.0348054505885,
        "mean": 7.49177415855e-05,
        "median": 1.11808307057e-09,
        "min": 9.65406953598e-14,
        "skew": 21.7660827637,
        "var": 2.53448433796e-06
    },
    "spectral_energyband_middle_high": {
        "kurt": 189.646743774,
        "max": 0.149308487773,
        "mean": 0.000783580879215,
        "median": 1.43636018635e-08,
        "min": 8.87804315741e-13,
        "skew": 13.4564466476,
        "var": 8.39549975353e-05
    },
    "spectral_energyband_middle_low": {
        "kurt": 262.32421875,
        "max": 0.128563821316,
        "mean": 0.000543289992493,
        "median": 2.94812600998e-08,
        "min": 5.40566333015e-12,
        "skew": 15.7228240967,
        "var": 4.89554986416e-05
    },
    "spectral_flatness_db": {
        "kurt": 3.00289821625,
        "max": 0.249687761068,
        "mean": 0.141006305814,
        "median": 0.137675821781,
        "min": 0.0741097778082,
        "skew": 1.17674708366,
        "var": 0.00064098223811
    },
    "spectral_flux": {
        "kurt": 131.482650757,
        "max": 0.480581372976,
        "mean": 0.00418064976111,
        "median": 0.000140162548632,
        "min": 7.86706441431e-05,
        "skew": 11.0848445892,
        "var": 0.00112701673061
    },
    "spectral_kurtosis": {
        "kurt": 9.76239204407,
        "max": 27.6636772156,
        "mean": 7.91847419739,
        "median": 7.79364967346,
        "min": 0.36941409111,
        "skew": 2.27207422256,
        "var": 11.1921405792
    },
    "spectral_rms": {
        "kurt": 141.219451904,
        "max": 0.0163108538836,
        "mean": 0.000149489773321,
        "median": 6.57067630527e-06,
        "min": 7.92160790297e-08,
        "skew": 11.5471801758,
        "var": 1.45486671954e-06
    },
    "spectral_rolloff": {
        "kurt": 6.49000549316,
        "max": 6029.296875,
        "mean": 1397.62658691,
        "median": 1098.19335938,
        "min": 452.197265625,
        "skew": 2.58592414856,
        "var": 685094.1875
    },
    "spectral_skewness": {
        "kurt": 1.80608272552,
        "max": 3.97161984444,
        "mean": 2.41398286819,
        "median": 2.5068602562,
        "min": 0.688231527805,
        "skew": -0.902891635895,
        "var": 0.202026546001
    },
    "spectral_spread": {
        "kurt": 51.14585495,
        "max": 24948998,
        "mean": 5516200.5,
        "median": 5678646.5,
        "min": 1535383.5,
        "skew": 3.69292187691,
        "var": 2.45355433165e+12
    },
    "spectral_strongpeak": {
        "kurt": 237.736846924,
        "max": 2.29117536545,
        "mean": 0.0155610702932,
        "median": 0.00103312765714,
        "min": 1.04076730167e-06,
        "skew": 14.4956550598,
        "var": 0.0158507339656
    },
    "zerocrossingrate": {
        "kurt": 8.65085411072,
        "max": 0.1650390625,
        "mean": 0.0525337383151,
        "median": 0.046875,
        "min": 0.00146484375,
        "skew": 2.58181118965,
        "var": 0.000348519854015
    },
    "barkbands": {
        "kurt": [465.181976318, 471.576049805, 471.667907715, 470.482147217, 341.805480957, 414.653656006, 235.104385376, 195.540786743, 240.559783936, 274.510528564, 345.371276855, 289.534973145, 128.430175781, 186.840438843, 166.005645752, 151.544692993, 216.025619507, 181.789703369, 192.28036499, 244.065979004, 267.896392822, 216.546264648, 261.596374512, 200.342544556, 208.609375, 239.526626587, 340.661224365],
        "max": [1.69449594978e-05, 0.00178528577089, 0.0171795468777, 0.0300573855639, 0.0331968218088, 0.0331971310079, 0.0168220419437, 0.0143604082987, 0.0167982056737, 0.0226446446031, 0.0106723476201, 0.0136939482763, 0.00261049042456, 0.00811713375151, 0.00788813084364, 0.0119702024385, 0.0191205944866, 0.024472720921, 0.0269563421607, 0.0233836956322, 0.0166769381613, 0.00431517558172, 0.00202383100986, 0.00074911484262, 0.000270440388704, 1.78615573532e-05, 3.56912636335e-07],
        "mean": [3.88755125869e-08, 3.89773686038e-06, 3.73108741769e-05, 6.62328675389e-05, 0.000114196373033, 0.000106537219835, 8.03701186669e-05, 7.51858096919e-05, 7.62891795603e-05, 8.95988850971e-05, 3.81879144697e-05, 5.30572397111e-05, 2.08505098271e-05, 4.81492061226e-05, 4.9943842896e-05, 7.67159290262e-05, 9.22672406887e-05, 0.000132606350235, 0.000147281927639, 0.000102937643533, 6.87897627358e-05, 2.02977735171e-05, 8.25816641736e-06, 3.75868603442e-06, 1.30929845454e-06, 7.61122080917e-08, 1.16527454352e-09],
        "median": [1.45748170477e-11, 4.18284185066e-10, 4.1395958883e-10, 4.66322591652e-10, 4.79601425241e-09, 5.00243402257e-09, 5.22646725898e-09, 5.05989339317e-09, 4.39838565569e-09, 3.74382835844e-09, 4.49035830741e-09, 2.46539211268e-09, 1.30306199164e-09, 6.19470419405e-10, 3.16821346935e-10, 2.07934086616e-10, 1.86948886927e-10, 2.02958150286e-10, 2.62732391398e-10, 2.50510334698e-10, 1.86823972959e-10, 8.0165291072e-11, 2.4094332432e-11, 1.62473506871e-11, 1.46171616477e-11, 1.35564422101e-12, 5.40334887022e-14],
        "min": [8.00556778834e-16, 1.81537981669e-14, 4.17320800312e-14, 8.52978440918e-14, 5.33143787364e-13, 1.12269742114e-12, 1.4941255698e-12, 1.29796228019e-12, 8.14510785208e-13, 1.09153063378e-13, 1.6958344993e-13, 2.44912353202e-13, 9.53680765001e-14, 3.47412663958e-14, 2.1187641485e-14, 7.59450164025e-15, 1.17760627435e-14, 5.47822082294e-14, 1.03104577285e-13, 8.02734614891e-14, 2.34928772264e-14, 9.35853838543e-15, 1.46842749819e-14, 1.46144167867e-14, 1.2790878518e-14, 7.15175497762e-15, 7.02667785746e-15],
        "skew": [21.5483226776, 21.7570476532, 21.7601718903, 21.7204627991, 17.9166584015, 19.9405117035, 14.6268644333, 13.7176103592, 14.9755802155, 16.1320133209, 17.9531612396, 16.4943580627, 11.0757198334, 13.4392652512, 12.7395019531, 12.1853103638, 14.3393754959, 13.2514734268, 13.6783075333, 15.0481729507, 15.8197011948, 14.4689092636, 15.7853221893, 13.9679851532, 14.2405481339, 15.187289238, 18.0027103424],
        "var": [6.04825217687e-13, 6.66967991947e-09, 6.17562363914e-07, 1.8926739358e-06, 2.73192813438e-06, 2.45535511567e-06, 8.71657391599e-07, 8.04670492016e-07, 8.75644104781e-07, 1.47670164097e-06, 2.7989000273e-07, 5.16993964084e-07, 3.79895119806e-08, 2.99502914913e-07, 3.14976148275e-07, 7.00850932844e-07, 1.26743077544e-06, 2.42383202931e-06, 3.13787995765e-06, 1.66345171237e-06, 8.03842965524e-07, 6.71216326964e-08, 1.22809806768e-08, 2.24157870043e-09, 2.79112927215e-10, 1.0408191236e-12, 3.18062221653e-16],
        "cov": [[6.06095902633e-13, 6.34451657877e-11, 6.10579198312e-10, 1.07106756797e-09, 1.21793408692e-09, 1.19816234712e-09, 3.59825474971e-10, 4.57929333342e-10, 4.05862010666e-10, 2.25821666922e-10, 1.67003577634e-10, 2.96383917409e-10, 9.9524867514e-11, 3.11416697985e-10, 2.02866889953e-10, 3.59379720427e-10, 5.43317002499e-10, 7.5966483104e-10, 9.67806612628e-10, 5.20019471928e-10, 3.76697728566e-10, 1.32854727219e-10, 7.5624367879e-11, 2.85238759695e-11, 1.02740671873e-11, 6.7185048757e-13, 1.31360851016e-14], [6.34451657877e-11, 6.68369182222e-09, 6.4311876713e-08, 1.12516659101e-07, 1.24804714119e-07, 1.24591991835e-07, 3.33936114316e-08, 4.43942766992e-08, 3.81563793894e-08, 1.78411116991e-08, 1.45908343185e-08, 2.73704081621e-08, 9.92491511198e-09, 3.07272856048e-08, 1.94929494768e-08, 3.49323094895e-08, 5.20469001231e-08, 7.36225587161e-08, 9.47534104512e-08, 4.84441855519e-08, 3.50560753759e-08, 1.28118760045e-08, 7.62122187581e-09, 2.83299184112e-09, 1.02178931982e-09, 6.73298430898e-11, 1.34016159715e-12], [6.10579198312e-10, 6.4311876713e-08, 6.18859758106e-07, 1.08277424715e-06, 1.20109177715e-06, 1.19909464047e-06, 3.21819811688e-07, 4.2745597284e-07, 3.67491935549e-07, 1.7134291852e-07, 1.40711648555e-07, 2.63813149104e-07, 9.55022798621e-08, 2.95840123954e-07, 1.87245987604e-07, 3.35973766141e-07, 5.0118433137e-07, 7.08473294253e-07, 9.12149118903e-07, 4.66415229994e-07, 3.37773030878e-07, 1.2336687405e-07, 7.33620240112e-08, 2.72603415397e-08, 9.83396919452e-09, 6.48020359595e-10, 1.29002641902e-11], [1.07106756797e-09, 1.12516659101e-07, 1.08277424715e-06, 1.89665013295e-06, 2.12319946513e-06, 2.10722350857e-06, 5.90746140006e-07, 7.71556130985e-07, 6.7207434995e-07, 3.35830236509e-07, 2.65757307716e-07, 4.86677663503e-07, 1.70041545289e-07, 5.30229442575e-07, 3.37551966823e-07, 6.03821092682e-07, 9.09429957119e-07, 1.27809266814e-06, 1.64027699157e-06, 8.55777273046e-07, 6.20682044428e-07, 2.23366768637e-07, 1.30548272637e-07, 4.87571334418e-08, 1.7582403089e-08, 1.15572673653e-09, 2.28588554335e-11], [1.21793408692e-09, 1.24804714119e-07, 1.20109177715e-06, 2.12319946513e-06, 2.7376675007e-06, 2.54364772445e-06, 1.15659850053e-06, 1.28470151139e-06, 1.2290020095e-06, 1.08739379812e-06, 5.85415307341e-07, 9.10296137135e-07, 2.72153386049e-07, 8.26185328151e-07, 6.62907439164e-07, 1.08712549718e-06, 1.56457997491e-06, 2.18082459469e-06, 2.62479329649e-06, 1.63625873029e-06, 1.15393265787e-06, 3.70740480093e-07, 1.80543182182e-07, 7.3497609776e-08, 2.61686050607e-08, 1.64141777947e-09, 2.93932586604e-11], [1.19816234712e-09, 1.24591991835e-07, 1.19909464047e-06, 2.10722350857e-06, 2.54364772445e-06, 2.46051331487e-06, 9.17827492231e-07, 1.07558116724e-06, 9.8867565157e-07, 7.37631864922e-07, 4.34485173173e-07, 7.16099748388e-07, 2.40717412225e-07, 7.12815960924e-07, 5.35635251708e-07, 9.02920362478e-07, 1.28650719944e-06, 1.81400889687e-06, 2.22881385525e-06, 1.29203669985e-06, 9.14835595722e-07, 3.07893429863e-07, 1.62271248882e-07, 6.37610142462e-08, 2.28088943288e-08, 1.45510925531e-09, 2.71906351601e-11], [3.59825474971e-10, 3.33936114316e-08, 3.21819811688e-07, 5.90746140006e-07, 1.15659850053e-06, 9.17827492231e-07, 8.73488602338e-07, 8.21437993181e-07, 8.67211326749e-07, 1.07072162336e-06, 4.81369170302e-07, 6.58244630358e-07, 1.67662022932e-07, 4.87795318804e-07, 4.91398054692e-07, 7.52049515995e-07, 1.03796185158e-06, 1.4272172848e-06, 1.59802482358e-06, 1.19839501167e-06, 8.28270742659e-07, 2.35818632177e-07, 8.81550974441e-08, 4.10448777188e-08, 1.43686875731e-08, 8.36716917973e-10, 1.23854468348e-11], [4.57929333342e-10, 4.43942766992e-08, 4.2745597284e-07, 7.71556130985e-07, 1.28470151139e-06, 1.07558116724e-06, 8.21437993181e-07, 8.06361015293e-07, 8.31445333915e-07, 9.62800413618e-07, 4.45591268772e-07, 6.26508210644e-07, 1.65340139802e-07, 4.88230170959e-07, 4.67456800379e-07, 7.24213293779e-07, 1.00905560885e-06, 1.39439816849e-06, 1.58874968292e-06, 1.13989335659e-06, 7.90197248079e-07, 2.31956050811e-07, 9.33550197146e-08, 4.1861678568e-08, 1.47155159169e-08, 8.75664873945e-10, 1.37552183185e-11], [4.05862010666e-10, 3.81563793894e-08, 3.67491935549e-07, 6.7207434995e-07, 1.2290020095e-06, 9.8867565157e-07, 8.67211326749e-07, 8.31445333915e-07, 8.77483671502e-07, 1.05148535567e-06, 4.84915744892e-07, 6.68070811116e-07, 1.6609477882e-07, 4.95180643156e-07, 4.81638096517e-07, 7.40735572435e-07, 1.05005062778e-06, 1.43634372307e-06, 1.62427033956e-06, 1.20561389849e-06, 8.38086521071e-07, 2.40642350491e-07, 9.22540692727e-08, 4.22142107936e-08, 1.48139980283e-08, 8.7324453224e-10, 1.32677341336e-11], [2.25821666922e-10, 1.78411116991e-08, 1.7134291852e-07, 3.35830236509e-07, 1.08739379812e-06, 7.37631864922e-07, 1.07072162336e-06, 9.62800413618e-07, 1.05148535567e-06, 1.4798039274e-06, 6.05395541697e-07, 7.93105471075e-07, 1.92826163925e-07, 5.49714172848e-07, 6.38084543425e-07, 9.30787848574e-07, 1.23042855193e-06, 1.71144711203e-06, 1.8397228132e-06, 1.48511890075e-06, 1.00272370673e-06, 2.7559224236e-07, 9.02738364061e-08, 4.6038742596e-08, 1.5896508998e-08, 8.87204532063e-10, 1.13962034254e-11], [1.67003577634e-10, 1.45908343185e-08, 1.40711648555e-07, 2.65757307716e-07, 5.85415307341e-07, 4.34485173173e-07, 4.81369170302e-07, 4.45591268772e-07, 4.84915744892e-07, 6.05395541697e-07, 2.80478019477e-07, 3.77250955808e-07, 8.43157081931e-08, 2.58996124103e-07, 2.55154191109e-07, 3.90498485103e-07, 5.71771181512e-07, 7.6750535527e-07, 8.60815248416e-07, 6.69624853344e-07, 4.68858928571e-07, 1.3039687019e-07, 4.64640521614e-08, 2.18878906111e-08, 7.66906449456e-09, 4.45935177673e-10, 6.43872411984e-12], [2.96383917409e-10, 2.73704081621e-08, 2.63813149104e-07, 4.86677663503e-07, 9.10296137135e-07, 7.16099748388e-07, 6.58244630358e-07, 6.26508210644e-07, 6.68070811116e-07, 7.93105471075e-07, 3.77250955808e-07, 5.18080071288e-07, 1.19901756079e-07, 3.70692845308e-07, 3.49274785094e-07, 5.425287668e-07, 7.980665373e-07, 1.07448704512e-06, 1.22244728118e-06, 9.17298280001e-07, 6.44756084967e-07, 1.83214297067e-07, 6.93014712283e-08, 3.16190025273e-08, 1.11205684661e-08, 6.57209175969e-10, 9.98406132074e-12], [9.9524867514e-11, 9.92491511198e-09, 9.55022798621e-08, 1.70041545289e-07, 2.72153386049e-07, 2.40717412225e-07, 1.67662022932e-07, 1.65340139802e-07, 1.6609477882e-07, 1.92826163925e-07, 8.43157081931e-08, 1.19901756079e-07, 3.80693236934e-08, 1.02205611086e-07, 1.02902355081e-07, 1.58197266842e-07, 2.03107319408e-07, 2.89621908678e-07, 3.26646301119e-07, 2.27228341032e-07, 1.54080410653e-07, 4.62625493469e-08, 1.92641689267e-08, 8.63150440011e-09, 3.02596259161e-09, 1.79071452111e-10, 2.82965339528e-12], [3.11416697985e-10, 3.07272856048e-08, 2.95840123954e-07, 5.30229442575e-07, 8.26185328151e-07, 7.12815960924e-07, 4.87795318804e-07, 4.88230170959e-07, 4.95180643156e-07, 5.49714172848e-07, 2.58996124103e-07, 3.70692845308e-07, 1.02205611086e-07, 3.00132114717e-07, 2.79274644299e-07, 4.37123446773e-07, 6.06966409578e-07, 8.42215683861e-07, 9.68583549366e-07, 6.75336764289e-07, 4.68814874921e-07, 1.40011849226e-07, 5.86629020916e-08, 2.57855319319e-08, 9.08569841584e-09, 5.45853195977e-10, 8.82555573761e-12], [2.02866889953e-10, 1.94929494768e-08, 1.87245987604e-07, 3.37551966823e-07, 6.62907439164e-07, 5.35635251708e-07, 4.91398054692e-07, 4.67456800379e-07, 4.81638096517e-07, 6.38084543425e-07, 2.55154191109e-07, 3.49274785094e-07, 1.02902355081e-07, 2.79274644299e-07, 3.15637862514e-07, 4.66328145876e-07, 5.81459119076e-07, 8.35528396692e-07, 9.11996892228e-07, 6.76496938468e-07, 4.49940444014e-07, 1.30960771116e-07, 4.9304105687e-08, 2.36732091707e-08, 8.20890555531e-09, 4.70613437109e-10, 6.76992186269e-12], [3.59379720427e-10, 3.49323094895e-08, 3.35973766141e-07, 6.03821092682e-07, 1.08712549718e-06, 9.02920362478e-07, 7.52049515995e-07, 7.24213293779e-07, 7.40735572435e-07, 9.30787848574e-07, 3.90498485103e-07, 5.425287668e-07, 1.58197266842e-07, 4.37123446773e-07, 4.66328145876e-07, 7.0232329108e-07, 9.00272652871e-07, 1.28043143377e-06, 1.42026806316e-06, 1.03135027985e-06, 6.95142375662e-07, 2.03913273822e-07, 7.95792587382e-08, 3.70861279464e-08, 1.29299753127e-08, 7.5200040639e-10, 1.12700439259e-11], [5.43317002499e-10, 5.20469001231e-08, 5.0118433137e-07, 9.09429957119e-07, 1.56457997491e-06, 1.28650719944e-06, 1.03796185158e-06, 1.00905560885e-06, 1.05005062778e-06, 1.23042855193e-06, 5.71771181512e-07, 7.980665373e-07, 2.03107319408e-07, 6.06966409578e-07, 5.81459119076e-07, 9.00272652871e-07, 1.27009343487e-06, 1.74330341451e-06, 1.9834565137e-06, 1.44259831814e-06, 1.00291117633e-06, 2.91617510584e-07, 1.15169854098e-07, 5.19848590841e-08, 1.82703576712e-08, 1.08436748469e-09, 1.68483040019e-11], [7.5966483104e-10, 7.36225587161e-08, 7.08473294253e-07, 1.27809266814e-06, 2.18082459469e-06, 1.81400889687e-06, 1.4272172848e-06, 1.39439816849e-06, 1.43634372307e-06, 1.71144711203e-06, 7.6750535527e-07, 1.07448704512e-06, 2.89621908678e-07, 8.42215683861e-07, 8.35528396692e-07, 1.28043143377e-06, 1.74330341451e-06, 2.42892406277e-06, 2.7441462862e-06, 1.9802589577e-06, 1.36088760883e-06, 3.99242566118e-07, 1.58938178174e-07, 7.21815709426e-08, 2.53036951392e-08, 1.49599932442e-09, 2.3155435902e-11], [9.67806612628e-10, 9.47534104512e-08, 9.12149118903e-07, 1.64027699157e-06, 2.62479329649e-06, 2.22881385525e-06, 1.59802482358e-06, 1.58874968292e-06, 1.62427033956e-06, 1.8397228132e-06, 8.60815248416e-07, 1.22244728118e-06, 3.26646301119e-07, 9.68583549366e-07, 9.11996892228e-07, 1.42026806316e-06, 1.9834565137e-06, 2.7441462862e-06, 3.14447220262e-06, 2.22285348173e-06, 1.54274005126e-06, 4.57272079757e-07, 1.88226650266e-07, 8.34576283637e-08, 2.93769311099e-08, 1.75921532897e-09, 2.810945747e-11], [5.20019471928e-10, 4.84441855519e-08, 4.66415229994e-07, 8.55777273046e-07, 1.63625873029e-06, 1.29203669985e-06, 1.19839501167e-06, 1.13989335659e-06, 1.20561389849e-06, 1.48511890075e-06, 6.69624853344e-07, 9.17298280001e-07, 2.27228341032e-07, 6.75336764289e-07, 6.76496938468e-07, 1.03135027985e-06, 1.44259831814e-06, 1.9802589577e-06, 2.22285348173e-06, 1.66694633208e-06, 1.15255340916e-06, 3.29415229317e-07, 1.23985685718e-07, 5.754641208e-08, 2.01471337391e-08, 1.17940202049e-09, 1.75879623365e-11], [3.76697728566e-10, 3.50560753759e-08, 3.37773030878e-07, 6.20682044428e-07, 1.15393265787e-06, 9.14835595722e-07, 8.28270742659e-07, 7.90197248079e-07, 8.38086521071e-07, 1.00272370673e-06, 4.68858928571e-07, 6.44756084967e-07, 1.54080410653e-07, 4.68814874921e-07, 4.49940444014e-07, 6.95142375662e-07, 1.00291117633e-06, 1.36088760883e-06, 1.54274005126e-06, 1.15255340916e-06, 8.05531726655e-07, 2.29909431937e-07, 8.7347117983e-08, 3.99716171273e-08, 1.40400642223e-08, 8.28007495901e-10, 1.25553413152e-11], [1.32854727219e-10, 1.28118760045e-08, 1.2336687405e-07, 2.23366768637e-07, 3.70740480093e-07, 3.07893429863e-07, 2.35818632177e-07, 2.31956050811e-07, 2.40642350491e-07, 2.7559224236e-07, 1.3039687019e-07, 1.83214297067e-07, 4.62625493469e-08, 1.40011849226e-07, 1.30960771116e-07, 2.03913273822e-07, 2.91617510584e-07, 3.99242566118e-07, 4.57272079757e-07, 3.29415229317e-07, 2.29909431937e-07, 6.72626470077e-08, 2.70300581917e-08, 1.2062645105e-08, 4.24678958666e-09, 2.53793680516e-10, 4.00655073354e-12], [7.5624367879e-11, 7.62122187581e-09, 7.33620240112e-08, 1.30548272637e-07, 1.80543182182e-07, 1.62271248882e-07, 8.81550974441e-08, 9.33550197146e-08, 9.22540692727e-08, 9.02738364061e-08, 4.64640521614e-08, 6.93014712283e-08, 1.92641689267e-08, 5.86629020916e-08, 4.9304105687e-08, 7.95792587382e-08, 1.15169854098e-07, 1.58938178174e-07, 1.88226650266e-07, 1.23985685718e-07, 8.7347117983e-08, 2.70300581917e-08, 1.23067804836e-08, 5.15645215415e-09, 1.82994275288e-09, 1.13028662818e-10, 1.94714253401e-12], [2.85238759695e-11, 2.83299184112e-09, 2.72603415397e-08, 4.87571334418e-08, 7.3497609776e-08, 6.37610142462e-08, 4.10448777188e-08, 4.1861678568e-08, 4.22142107936e-08, 4.6038742596e-08, 2.18878906111e-08, 3.16190025273e-08, 8.63150440011e-09, 2.57855319319e-08, 2.36732091707e-08, 3.70861279464e-08, 5.19848590841e-08, 7.21815709426e-08, 8.34576283637e-08, 5.754641208e-08, 3.99716171273e-08, 1.2062645105e-08, 5.15645215415e-09, 2.24628782242e-09, 7.92134080552e-10, 4.79425700528e-11, 7.86663702929e-13], [1.02740671873e-11, 1.02178931982e-09, 9.83396919452e-09, 1.7582403089e-08, 2.61686050607e-08, 2.28088943288e-08, 1.43686875731e-08, 1.47155159169e-08, 1.48139980283e-08, 1.5896508998e-08, 7.66906449456e-09, 1.11205684661e-08, 3.02596259161e-09, 9.08569841584e-09, 8.20890555531e-09, 1.29299753127e-08, 1.82703576712e-08, 2.53036951392e-08, 2.93769311099e-08, 2.01471337391e-08, 1.40400642223e-08, 4.24678958666e-09, 1.82994275288e-09, 7.92134080552e-10, 2.79699291506e-10, 1.69825629254e-11, 2.80767379832e-13], [6.7185048757e-13, 6.73298430898e-11, 6.48020359595e-10, 1.15572673653e-09, 1.64141777947e-09, 1.45510925531e-09, 8.36716917973e-10, 8.75664873945e-10, 8.7324453224e-10, 8.87204532063e-10, 4.45935177673e-10, 6.57209175969e-10, 1.79071452111e-10, 5.45853195977e-10, 4.70613437109e-10, 7.5200040639e-10, 1.08436748469e-09, 1.49599932442e-09, 1.75921532897e-09, 1.17940202049e-09, 8.28007495901e-10, 2.53793680516e-10, 1.13028662818e-10, 4.79425700528e-11, 1.69825629254e-11, 1.04300563412e-12, 1.76968442206e-14], [1.31360851016e-14, 1.34016159715e-12, 1.29002641902e-11, 2.28588554335e-11, 2.93932586604e-11, 2.71906351601e-11, 1.23854468348e-11, 1.37552183185e-11, 1.32677341336e-11, 1.13962034254e-11, 6.43872411984e-12, 9.98406132074e-12, 2.82965339528e-12, 8.82555573761e-12, 6.76992186269e-12, 1.12700439259e-11, 1.68483040019e-11, 2.3155435902e-11, 2.810945747e-11, 1.75879623365e-11, 1.25553413152e-11, 4.00655073354e-12, 1.94714253401e-12, 7.86663702929e-13, 2.80767379832e-13, 1.76968442206e-14, 3.18730424769e-16]]
    },
    "mfcc": {
        "kurt": [26.3987941742, 6.7747335434, 12.6097316742, 9.5583782196, 12.4555940628, 8.86274147034, 7.56146812439, 12.3996124268, 9.26512527466, 7.47936439514, 7.97894001007, 6.14352321625, 7.75700283051],
        "max": [-432.055511475, 106.814826965, 27.9054603577, 42.4179077148, 9.99111938477, 5.79793548584, 15.2855110168, 11.6497879028, 9.32080459595, 15.9672031403, 9.06116104126, 7.11898803711, 8.67610168457],
        "mean": [-1111.91259766, 10.9643650055, -3.87101244926, -0.540096521378, -2.97354269028, -3.67292284966, -2.8837146759, -2.62550354004, -1.5602555275, -0.63111281395, -0.658511638641, -0.572217583656, -0.324746578932],
        "median": [-1136.36462402, 2.4451713562, 0.907928466797, 0.0336494445801, -0.665634155273, -1.26656341553, -1.24073410034, -1.16722869873, -0.67032623291, -0.263862609863, -0.208469390869, -0.0741424560547, -3.81469726562e-05],
        "min": [-1138.42004395, -4.50300979614, -126.80708313, -44.8378677368, -46.9030303955, -50.1795158386, -28.0858039856, -33.0553588867, -22.8546676636, -15.610004425, -19.313451767, -17.0660018921, -16.7082138062],
        "skew": [4.87534761429, 2.82706332207, -3.56517934799, -1.67305219173, -3.28887081146, -2.8029654026, -2.45291399956, -3.09402918816, -2.0981798172, -0.388016849756, -1.91607904434, -1.82575333118, -1.89866733551],
        "var": [8050.453125, 558.843566895, 414.382995605, 84.506980896, 54.7782936096, 45.6880912781, 27.7405567169, 23.5065898895, 12.3947935104, 8.74727153778, 10.6209869385, 8.60510540009, 8.41436576843],
        "cov": [[8067.36621094, 1720.42907715, -1477.61779785, 192.358901978, -478.905212402, -406.469451904, -247.159759521, -277.751464844, -174.54234314, -65.6120758057, -144.003952026, -130.682159424, -105.124168396], [1720.42907715, 560.017578125, -416.942810059, -38.5686225891, -127.608200073, -138.8359375, -77.9238204956, -86.5432662964, -42.4088058472, -1.81269931793, -32.4856681824, -35.0863418579, -15.9879970551], [-1477.61779785, -416.942810059, 415.253540039, 0.228543400764, 103.656593323, 103.419502258, 46.3496437073, 72.0087051392, 28.2975883484, -2.3633377552, 22.6830863953, 25.6655349731, 10.7759342194], [192.358901978, -38.5686225891, 0.228543400764, 84.6845092773, 13.0513162613, 20.3426437378, 13.8308925629, 0.41003844142, -8.41880130768, -14.8400306702, -7.81723642349, -4.41073942184, -9.42730236053], [-478.905212402, -127.608200073, 103.656593323, 13.0513162613, 54.8933753967, 37.0952148438, 28.3525161743, 24.2212257385, 6.38024616241, -1.2450428009, 4.00259828568, 5.73956537247, 3.73377466202], [-406.469451904, -138.8359375, 103.419502258, 20.3426437378, 37.0952148438, 45.784072876, 26.2494449615, 23.4701442719, 10.4093999863, -1.95559871197, 5.31723451614, 5.72716140747, 0.468542218208], [-247.159759521, -77.9238204956, 46.3496437073, 13.8308925629, 28.3525161743, 26.2494449615, 27.798833847, 17.9517440796, 6.46955251694, 1.97039091587, 2.25868082047, 1.97752988338, -0.293570786715], [-277.751464844, -86.5432662964, 72.0087051392, 0.41003844142, 24.2212257385, 23.4701442719, 17.9517440796, 23.555973053, 9.77238368988, 1.84353792667, 4.78451299667, 5.42028617859, 1.53264343739], [-174.54234314, -42.4088058472, 28.2975883484, -8.41880130768, 6.38024616241, 10.4093999863, 6.46955251694, 9.77238368988, 12.420832634, 5.55676317215, 5.49171066284, 4.59285974503, 2.94608235359], [-65.6120758057, -1.81269931793, -2.3633377552, -14.8400306702, -1.2450428009, -1.95559871197, 1.97039091587, 1.84353792667, 5.55676317215, 8.76564884186, 5.92674827576, 3.70139622688, 3.90201616287], [-144.003952026, -32.4856681824, 22.6830863953, -7.81723642349, 4.00259828568, 5.31723451614, 2.25868082047, 4.78451299667, 5.49171066284, 5.92674827576, 10.6433000565, 8.08102989197, 4.9114408493], [-130.682159424, -35.0863418579, 25.6655349731, -4.41073942184, 5.73956537247, 5.72716140747, 1.97752988338, 5.42028617859, 4.59285974503, 3.70139622688, 8.08102989197, 8.62318325043, 5.89232301712], [-105.124168396, -15.9879970551, 10.7759342194, -9.42730236053, 3.73377466202, 0.468542218208, -0.293570786715, 1.53264343739, 2.94608235359, 3.90201616287, 4.9114408493, 5.89232301712, 8.43204307556]]
    },
    "sccoeffs": {
        "kurt": [14.700056076, 4.15071201324, 7.82094478607, 5.40051174164, 9.1199131012, 8.02944946289],
        "max": [-0.399855613708, -0.717344403267, -0.72158229351, -0.748691916466, -0.734135448933, -0.68522387743],
        "mean": [-0.834840655327, -0.883360803127, -0.896290898323, -0.881666719913, -0.90555781126, -0.88205909729],
        "median": [-0.842944860458, -0.885563254356, -0.899407207966, -0.882830560207, -0.914465367794, -0.894008338451],
        "min": [-0.93285882473, -0.985677778721, -0.956528484821, -0.932269394398, -0.939320623875, -0.94906270504],
        "skew": [2.88384008408, 1.11400461197, 1.85772192478, 1.42775344849, 2.67344307899, 2.89419817924],
        "var": [0.00332905887626, 0.000927739660256, 0.00064870796632, 0.000494772975799, 0.000782648916356, 0.00134368683212],
        "cov": [[0.00333605264314, 0.000704294478055, 0.000673516187817, 0.000549481308553, 0.000957522832323, 0.00129438121803], [0.000704294478055, 0.000929688685574, 0.000279733794741, 0.000250567652984, 0.000394690810936, 0.000494044856168], [0.000673516187817, 0.000279733794741, 0.000650070782285, 0.000202253999305, 0.000431928550825, 0.000544406939298], [0.000549481308553, 0.000250567652984, 0.000202253999305, 0.00049581239, 0.000244692113483, 0.000333563046297], [0.000957522832323, 0.000394690810936, 0.000431928550825, 0.000244692113483, 0.000784293108154, 0.000845963018946], [0.00129438121803, 0.000494044856168, 0.000544406939298, 0.000333563046297, 0.000845963018946, 0.00134650978725]]
    },
    "scvalleys": {
        "kurt": [16.9222202301, 12.8202667236, 12.6092586517, 8.50318431854, 11.1242017746, 22.2730178833],
        "max": [-4.27464437485, -3.5198841095, -3.57410478592, -4.49513578415, -4.27770376205, -6.50119543076],
        "mean": [-12.041009903, -10.9421796799, -11.1498413086, -12.3616428375, -12.9621095657, -14.8387975693],
        "median": [-12.1733875275, -11.2352027893, -11.4848966599, -12.8781709671, -13.5200052261, -15.206193924],
        "min": [-16.7657928467, -14.6301383972, -15.9316940308, -17.5243797302, -17.5827770233, -18.7333011627],
        "skew": [3.04412460327, 3.22093009949, 3.15724945068, 2.78577280045, 3.14049720764, 4.30355787277],
        "var": [0.974876701832, 1.48388385773, 1.44855880737, 2.38029909134, 2.33981966972, 1.38964545727],
        "cov": [[0.976924717426, 1.00788402557, 1.00963068008, 1.26387214661, 1.27884066105, 0.959233343601], [1.00788402557, 1.48700129986, 1.3813726902, 1.77948999405, 1.75094366074, 1.23530232906], [1.00963068008, 1.3813726902, 1.45160198212, 1.78122293949, 1.72410607338, 1.1954331398], [1.26387214661, 1.77948999405, 1.78122293949, 2.38529992104, 2.27704906464, 1.53002810478], [1.27884066105, 1.75094366074, 1.72410607338, 2.27704906464, 2.34473538399, 1.67078018188], [0.959233343601, 1.23530232906, 1.1954331398, 1.53002810478, 1.67078018188, 1.39256489277]]
    }
},
"rhythm": {
    "beats_loudness": {
        "kurt": 14.0555496216,
        "max": 0.231128364801,
        "mean": 0.0121681950986,
        "median": 3.8927563395e-08,
        "min": 2.60574459787e-08,
        "skew": 4.00693702698,
        "var": 0.00266353110783
    },
    "bpm": 117.784286499,
    "confidence": 1.90661048889,
    "first_peak_bpm": {
        "kurt": 0,
        "max": 117,
        "mean": 117,
        "median": 117,
        "min": 117,
        "skew": 0,
        "var": 0
    },
    "first_peak_spread": {
        "kurt": 0,
        "max": 0.555555582047,
        "mean": 0.555555582047,
        "median": 0.555555582047,
        "min": 0.555555582047,
        "skew": 0,
        "var": 0
    },
    "first_peak_weight": {
        "kurt": 0,
        "max": 0.222222223878,
        "mean": 0.222222223878,
        "median": 0.222222223878,
        "min": 0.222222223878,
        "skew": 0,
        "var": 0
    },
    "onset_rate": 0.0906448736787,
    "second_peak_bpm": {
        "kurt": 0,
        "max": 123,
        "mean": 123,
        "median": 123,
        "min": 123,
        "skew": 0,
        "var": 0
    },
    "second_peak_spread": {
        "kurt": 0,
        "max": 0,
        "mean": 0,
        "median": 0,
        "min": 0,
        "skew": 0,
        "var": 0
    },
    "second_peak_weight": {
        "kurt": 0,
        "max": 0.166666671634,
        "mean": 0.166666671634,
        "median": 0.166666671634,
        "min": 0.166666671634,
        "skew": 0,
        "var": 0
    },
    "beats_loudness_band_ratio": {
        "kurt": [10.8885622025, -0.846403360367, -0.736124038696, -0.665161371231, 0.913718223572, 5.330119133],
        "max": [0.488399088383, 0.372514009476, 0.516074836254, 0.373067587614, 0.291489422321, 0.269744634628],
        "mean": [0.0625578314066, 0.197363868356, 0.361861944199, 0.295458465815, 0.0741845145822, 0.0491868704557],
        "median": [0.0286971516907, 0.214908719063, 0.372541993856, 0.322996556759, 0.0341106504202, 0.0226135700941],
        "min": [0.00899491086602, 0.0810514315963, 0.176786884665, 0.163271650672, 0.0091603603214, 0.00663740886375],
        "skew": [3.41575336456, 0.310040920973, -0.268997490406, -0.863951027393, 1.5481235981, 2.44612574577],
        "var": [0.0111804036424, 0.0071236458607, 0.00834046676755, 0.00435214070603, 0.00702628586441, 0.00397581327707],
        "cov": [[0.0118015371263, 0.00204387214035, -0.00232108030468, -0.00296583306044, -0.00260733719915, -0.0014710262185], [0.00204387214035, 0.0075194039382, 0.000575051468331, -0.00165401073173, -0.0048838602379, -0.00265586841851], [-0.00232108030468, 0.000575051468331, 0.00880382582545, 0.000368985231034, -0.00483805499971, -0.00360559672117], [-0.00296583306044, -0.00165401073173, 0.000368985231034, 0.00459392601624, 6.70466215524e-06, -0.00143612758256], [-0.00260733719915, -0.0048838602379, -0.00483805499971, 6.70466215524e-06, 0.0074166348204, 0.00430148653686], [-0.0014710262185, -0.00265586841851, -0.00360559672117, -0.00143612758256, 0.00430148653686, 0.00419669179246]]
    },
    "beats_position": [0.650158703327, 1.30031740665, 1.95047616959, 2.61224484444, 3.16952371597, 3.72680258751, 4.29569149017, 4.80653047562, 5.31736946106, 5.8282084465, 6.33904743195, 6.86149644852, 7.38394546509, 7.87156438828, 8.35918331146, 8.85841274261, 9.34603118896, 9.84526062012, 10.3444900513],
    "bpm_estimates": [117.453842163, 117.453842163, 117.453842163, 117.453842163, 114.843742371, 114.843742371, 120.185218811, 120.185218811, 120.185218811],
    "bpm_intervals": [0.650158703327, 0.650158762932, 0.66176867485, 0.557278871536, 0.557278871536, 0.568888902664, 0.510838985443, 0.510838985443, 0.510838985443, 0.510838985443, 0.522449016571, 0.522449016571, 0.487618923187, 0.487618923187, 0.499229431152, 0.48761844635, 0.499229431152, 0.499229431152],
    "onset_times": [7.37233543396],
    "histogram": [[0, 0, 0, 0, 0, 0, 0, 0, 0, 0, 0, 0, 0, 0, 0, 0, 0, 0, 0, 0, 0, 0, 0, 0, 0, 0, 0, 0, 0, 0, 0, 0, 0, 0, 0, 0, 0, 0, 0, 0, 0, 0, 0, 0, 0, 0, 0, 0, 0, 0, 0, 0, 0, 0, 0, 0, 0, 0, 0, 0, 0, 0, 0, 0, 0, 0, 0, 0, 0, 0, 0, 0, 0, 0, 0, 0, 0, 0, 0, 0, 0, 0, 0, 0, 0, 0, 0, 0, 0, 0, 0, 0.0555555559695, 0.111111111939, 0, 0, 0, 0, 0, 0, 0, 0, 0, 0, 0, 0, 0.0555555559695, 0, 0, 0.111111111939, 0, 0, 0, 0, 0, 0, 0.111111111939, 0, 0.222222223878, 0, 0, 0.166666671634, 0, 0, 0.166666671634, 0, 0, 0, 0, 0, 0, 0, 0, 0, 0, 0, 0, 0, 0, 0, 0, 0, 0, 0, 0, 0, 0, 0, 0, 0, 0, 0, 0, 0, 0, 0, 0, 0, 0, 0, 0, 0, 0, 0, 0, 0, 0, 0, 0, 0, 0, 0, 0, 0, 0, 0, 0, 0, 0, 0, 0, 0, 0, 0, 0, 0, 0, 0, 0, 0, 0, 0, 0, 0, 0, 0, 0, 0, 0, 0, 0, 0, 0, 0, 0, 0, 0, 0, 0, 0, 0, 0, 0, 0, 0, 0, 0, 0, 0, 0, 0, 0, 0, 0, 0, 0, 0, 0, 0, 0, 0, 0, 0, 0, 0, 0, 0, 0, 0, 0, 0, 0, 0, 0, 0, 0, 0, 0, 0, 0, 0]]
},
"sfx": {
    "inharmonicity": {
        "kurt": -0.401461601257,
        "max": 0.399509817362,
        "mean": 0.127032622695,
        "median": 0.0982024744153,
        "min": 0,
        "skew": 0.779612898827,
        "var": 0.00943301804364
    },
    "oddtoevenharmonicenergyratio": {
        "kurt": 6.46663188934,
        "max": 6.65641832352,
        "mean": 0.995064795017,
        "median": 0.751884639263,
        "min": 0,
        "skew": 2.13504552841,
        "var": 0.824905872345
    },
    "pitch_after_max_to_before_max_energy_ratio": 0.465135216713,
    "pitch_centroid": 256.601776123,
    "pitch_max_to_total": 0.90775680542,
    "pitch_min_to_total": 0.903563916683,
    "tristimulus": {
        "kurt": [3.47362041473, 0.759585142136, -0.0117063522339],
        "max": [1, 0.930245578289, 1],
        "mean": [0.213596016169, 0.409203857183, 0.377199977636],
        "median": [0.16887691617, 0.427832424641, 0.340224534273],
        "min": [0, 0, 0],
        "skew": [1.61470472813, -0.554340064526, 0.556601047516],
        "var": [0.0392336733639, 0.0206084735692, 0.041127845645],
        "cov": [[0.0393160954118, -0.00937683414668, -0.0299392640591], [-0.00937683414668, 0.020651768893, -0.0112749468535], [-0.0299392640591, -0.0112749468535, 0.0412142500281]]
    }
},
"tonal": {
    "chords_changes_rate": 0.100418411195,
    "chords_number_rate": 0.0460251048207,
    "chords_strength": {
        "kurt": -1.06792759895,
        "max": 0.677180051804,
        "mean": 0.464145749807,
        "median": 0.453240007162,
        "min": 0.280145823956,
        "skew": 0.150047764182,
        "var": 0.0106991836801
    },
    "key_strength": 0.327921181917,
    "tuning_diatonic_strength": 0.456221431494,
    "tuning_equal_tempered_deviation": 0.264999419451,
    "tuning_frequency": 454.465301514,
    "tuning_nontempered_energy_ratio": 0.910199642181,
    "hpcp": {
        "kurt": [0.495260953903, 0.377831459045, 0.364963293076, 0.209363222122, -0.258657455444, -0.682828187943, -0.785274505615, -0.481658220291, -0.605931282043, -0.527752637863, 0.586759567261, 1.5857219696, 1.08941984177, 1.30120897293, 0.171207427979, -0.0571799278259, -0.0831394195557, 1.36942481995, 2.78647661209, 1.82481813431, 1.05825424194, 1.93859148026, 1.00988101959, 3.1545176506, 1.04353809357, 0.986190319061, 1.22885513306, 0.800407171249, 1.32473611832, 1.35169410706, 0.946145057678, 1.50055122375, 2.24345493317, 1.56338119507, 0.0878329277039, -0.444790124893],
        "max": [1, 1, 1, 1, 1, 1, 1, 1, 1, 1, 1, 1, 1, 1, 1, 1, 1, 1, 1, 1, 1, 1, 0.820532858372, 1, 1, 1, 1, 1, 1, 1, 1, 1, 1, 1, 1, 1],
        "mean": [0.342480927706, 0.334021478891, 0.339746981859, 0.346985310316, 0.386634498835, 0.417302727699, 0.424462735653, 0.41783079505, 0.425930440426, 0.397653132677, 0.317169547081, 0.264681458473, 0.260259658098, 0.284459799528, 0.323394864798, 0.347147792578, 0.336300760508, 0.282893627882, 0.234853252769, 0.251941591501, 0.256686627865, 0.217766344547, 0.206710129976, 0.234131708741, 0.276761084795, 0.292885780334, 0.280606895685, 0.278463333845, 0.268667757511, 0.268108010292, 0.296192288399, 0.26585316658, 0.220895528793, 0.251511365175, 0.339067071676, 0.383183658123],
