{
"metadata": {
    "version": {
        "essentia": "2.1-beta3"
    }
},
"lowLevel": {
    "average_loudness": 0.990683615208,
    "barkbands_kurtosis": {
        "kurt": -0.343374252319,
        "max": 7.41913127899,
        "mean": 1.66911196709,
        "median": 1.65674972534,
        "min": -1.28703999519,
        "skew": 0.407260388136,
        "var": 2.88919091225
    },
    "barkbands_skewness": {
        "kurt": -1.65280163288,
        "max": 0.134752899408,
        "mean": -1.0547811985,
        "median": -0.998791396618,
        "min": -2.13562774658,
        "skew": 0.0393208153546,
        "var": 0.537909924984
    },
    "barkbands_spread": {
        "kurt": -0.802547931671,
        "max": 46.1832351685,
        "mean": 19.2133865356,
        "median": 20.9847774506,
        "min": 4.53072404861,
        "skew": 0.330041617155,
        "var": 80.6724243164
    },
    "dissonance": {
        "kurt": 1.67725229263,
        "max": 0.499999970198,
        "mean": 0.48978421092,
        "median": 0.491670757532,
        "min": 0.45994246006,
        "skew": -1.39557814598,
        "var": 8.43484012876e-05
    },
    "hfc": {
        "kurt": 9.79587745667,
        "max": 67.8951339722,
        "mean": 5.14011192322,
        "median": 0.000304527173284,
        "min": 1.07653222297e-16,
        "skew": 3.09673428535,
        "var": 161.153518677
    },
    "pitch": {
        "kurt": 3.26721000671,
        "max": 4519.20361328,
        "mean": 719.117492676,
        "median": 180.658752441,
        "min": 119.711456299,
        "skew": 2.20466423035,
        "var": 1483179.625
    },
    "pitch_instantaneous_confidence": {
        "kurt": -1.51267158985,
        "max": 0.495992839336,
        "mean": 0.262770086527,
        "median": 0.281214177608,
        "min": 0.100183963776,
        "skew": 0.080858848989,
        "var": 0.0146217439324
    },
    "pitch_salience": {
        "kurt": 5.36382293701,
        "max": 0.999131679535,
        "mean": 0.781872272491,
        "median": 0.790012836456,
        "min": 0.634868383408,
        "skew": -0.0510593913496,
        "var": 0.00213495478965
    },
    "silence_rate_20dB": {
        "kurt": 0,
        "max": 1,
        "mean": 1,
        "median": 1,
        "min": 1,
        "skew": 0,
        "var": 0
    },
    "silence_rate_30dB": {
        "kurt": 0,
        "max": 1,
        "mean": 1,
        "median": 1,
        "min": 1,
        "skew": 0,
        "var": 0
    },
    "silence_rate_60dB": {
        "kurt": 0.647236347198,
        "max": 1,
        "mean": 0.815533995628,
        "median": 1,
        "min": 0,
        "skew": -1.62703239918,
        "var": 0.150438413024
    },
    "spectral_centroid": {
        "kurt": -1.84082770348,
        "max": 11496.2246094,
        "mean": 5955.49707031,
        "median": 3405.40454102,
        "min": 1113.5369873,
        "skew": 0.25810521841,
        "var": 18837778
    },
    "spectral_complexity": {
        "kurt": 2.23434638977,
        "max": 48,
        "mean": 5.96116495132,
        "median": 0,
        "min": 0,
        "skew": 1.92231786251,
        "var": 155.901290894
    },
    "spectral_crest": {
        "kurt": 0.0885310173035,
        "max": 9.68439388275,
        "mean": 5.88621044159,
        "median": 6.04198408127,
        "min": 3.10195446014,
        "skew": 0.0883639380336,
        "var": 1.43447184563
    },
    "spectral_decrease": {
        "kurt": 5.73711395264,
        "max": 1.94996410565e-28,
        "mean": -2.89727380975e-10,
        "median": -5.73140439188e-14,
        "min": -3.13712189559e-09,
        "skew": -2.51197743416,
        "var": 4.1978692304e-19
    },
    "spectral_energy": {
        "kurt": 6.86644744873,
        "max": 0.0179985035211,
        "mean": 0.00155972188804,
        "median": 2.44042581699e-07,
        "min": 1.01293710536e-20,
        "skew": 2.67809462547,
        "var": 1.28291603687e-05
    },
    "spectral_energyband_high": {
        "kurt": 12.3649768829,
        "max": 0.00732403993607,
        "mean": 0.000513516890351,
        "median": 4.60513804867e-09,
        "min": 6.74982005172e-21,
        "skew": 3.51279115677,
        "var": 1.99802730094e-06
    },
    "spectral_energyband_low": {
        "kurt": 51.1985397339,
        "max": 0.000236075458815,
        "mean": 4.36441769125e-06,
        "median": 4.00065118811e-08,
        "min": 1.74745533162e-23,
        "skew": 7.21077251434,
        "var": 8.12361788949e-10
    },
    "spectral_energyband_middle_high": {
        "kurt": 6.39283561707,
        "max": 0.0119361747056,
        "mean": 0.00101553602144,
        "median": 1.67006263041e-07,
        "min": 1.19166050308e-21,
        "skew": 2.54358863831,
        "var": 5.00467558595e-06
    },
    "spectral_energyband_middle_low": {
        "kurt": 62.7876281738,
        "max": 0.00164989160839,
        "mean": 4.58790527773e-05,
        "median": 4.30252207195e-08,
        "min": 1.83535015057e-22,
        "skew": 7.48009729385,
        "var": 3.14154036118e-08
    },
    "spectral_flatness_db": {
        "kurt": -1.42568838596,
        "max": 0.214135408401,
        "mean": 0.121705017984,
        "median": 0.0947648361325,
        "min": 0.0535508170724,
        "skew": 0.415067583323,
        "var": 0.00271013937891
    },
    "spectral_flux": {
        "kurt": 1.73201370239,
        "max": 0.0900324806571,
        "mean": 0.0136281652376,
        "median": 0.000330117210979,
        "min": 6.3314471721e-11,
        "skew": 1.74409365654,
        "var": 0.000582377018873
    },
    "spectral_kurtosis": {
        "kurt": -0.367010593414,
        "max": 12.4226045609,
        "mean": 2.59182286263,
        "median": 1.79196119308,
        "min": -1.24156248569,
        "skew": 0.89153188467,
        "var": 17.76770401
    },
    "spectral_rms": {
        "kurt": 1.88783502579,
        "max": 0.00419040769339,
        "mean": 0.000604946399108,
        "median": 1.54301760631e-05,
        "min": 3.14361470882e-12,
        "skew": 1.77160441875,
        "var": 1.1557194739e-06
    },
    "spectral_rolloff": {
        "kurt": -1.85391843319,
        "max": 19422.9492188,
        "mean": 9846.52832031,
        "median": 4844.97070312,
        "min": 1851.85546875,
        "skew": 0.289257794619,
        "var": 57847604
    },
    "spectral_skewness": {
        "kurt": -1.27316594124,
        "max": 2.86322307587,
        "mean": 1.03777372837,
        "median": 1.24613392353,
        "min": -0.0582359395921,
        "skew": 0.274656057358,
        "var": 0.955278098583
    },
    "spectral_spread": {
        "kurt": -1.8770570755,
        "max": 41900156,
        "mean": 20152260,
        "median": 7965384,
        "min": 2801185.25,
        "skew": 0.273124247789,
        "var": 3.03500206539e+14
    },
    "spectral_strongpeak": {
        "kurt": 6.57970619202,
        "max": 4.99088335037,
        "mean": 0.478418022394,
        "median": 0.00123108457774,
        "min": 1.73922196089e-11,
        "skew": 2.68722867966,
        "var": 1.13561010361
    },
    "zerocrossingrate": {
        "kurt": -1.86135864258,
        "max": 0.52490234375,
        "mean": 0.279562354088,
        "median": 0.1689453125,
        "min": 0.0595703125,
        "skew": 0.205308452249,
        "var": 0.0369542315602
    },
    "barkbands": {
        "kurt": [62.4769744873, 48.5207290649, 46.9577217102, 96.1893005371, 90.1086883545, 95.2834091187, 62.5263977051, 21.8211097717, 21.7099132538, 7.19328689575, 61.7115859985, 11.0760412216, 5.58220100403, 30.0013198853, 5.44125652313, 10.538228035, 5.51988983154, 14.4009075165, 20.6298961639, 14.6907539368, 14.0201435089, 30.3499565125, 12.235953331, 21.3305416107, 15.6437072754, 20.2320537567, 20.9370651245],
        "max": [5.3063638461e-07, 3.1565046811e-05, 0.000136498158099, 0.000164739845786, 0.000705412239768, 0.000399742217269, 9.66195002547e-05, 0.000113269794383, 0.000329653092194, 0.000207454373594, 0.000884921872057, 0.000562881003134, 0.000329183734721, 0.00125671329442, 0.00102120474912, 0.00158458913211, 0.00138445186894, 0.00276253069751, 0.00363523815759, 0.00435704691336, 0.00401468062773, 0.00154328346252, 0.000382831582101, 0.000292728684144, 0.00013982555538, 9.36546348385e-06, 5.91822377771e-08],
        "mean": [9.07490793622e-09, 5.97239079525e-07, 2.75955039797e-06, 1.91516619452e-06, 9.39905385167e-06, 5.07797994942e-06, 2.66747429123e-06, 5.53620429855e-06, 1.66013069247e-05, 1.90889168152e-05, 2.78555235127e-05, 4.00543904107e-05, 3.45188745996e-05, 6.0451344325e-05, 0.000104198414192, 0.000112464957056, 0.000139680065331, 0.000171215229784, 0.000187333163922, 0.000267673080089, 0.000238485386944, 6.65707702865e-05, 2.34579329117e-05, 1.40713482324e-05, 7.57183806854e-06, 4.66108616592e-07, 2.52719911664e-09],
        "median": [6.32968191749e-11, 2.40122544071e-09, 2.87213026695e-08, 4.74676475903e-09, 7.09755543227e-09, 1.0736697087e-09, 3.06758263235e-09, 2.6896409544e-09, 8.82529604951e-09, 2.94341724327e-08, 2.17510258693e-08, 1.55106683053e-08, 2.49001370634e-08, 8.23776602488e-09, 1.28545032396e-08, 8.83347262004e-09, 8.3376736626e-09, 3.57603968659e-09, 3.81892384382e-09, 3.18262127763e-09, 1.90583815396e-09, 8.05690236749e-10, 2.43676495648e-10, 2.37488695376e-10, 1.94077962035e-10, 2.84075037799e-11, 1.3532228723e-12],
        "min": [2.05140825538e-25, 4.87853001362e-24, 1.83295322038e-24, 1.03869601353e-24, 1.12227651669e-23, 6.51645808278e-24, 7.23610827648e-24, 1.04980102542e-23, 7.6062441798e-24, 1.63951076079e-23, 2.74775336309e-23, 2.76237411111e-23, 2.93068926038e-23, 3.14002296791e-23, 2.21096996246e-23, 4.67874412629e-23, 5.00909446093e-23, 1.00619599736e-22, 1.55033445308e-22, 1.92324036257e-22, 2.58545261558e-22, 3.8412537959e-22, 4.07719085927e-22, 5.75670450413e-22, 8.80861120406e-22, 1.16602911223e-21, 2.04747255082e-21],
        "skew": [7.81906080246, 7.06708240509, 6.98281812668, 9.86955165863, 9.44861888885, 9.80209922791, 7.46111345291, 4.26053905487, 4.33769845963, 2.72598648071, 7.33929586411, 3.23369717598, 2.48120903969, 4.96169900894, 2.4207098484, 3.10755586624, 2.49783325195, 3.58395290375, 4.40828800201, 3.7360599041, 3.65042757988, 4.91658830643, 3.46798729897, 4.46384716034, 3.83410763741, 4.48199796677, 4.55269002914],
        "var": [3.43334280785e-15, 1.57698992753e-11, 3.20845378043e-10, 2.62300514642e-10, 4.94857665956e-09, 1.54812818121e-09, 1.07993565479e-10, 2.45793663201e-10, 2.16075801696e-09, 1.77022330128e-09, 9.02959840232e-09, 9.35032495875e-09, 5.30327470827e-09, 2.63153747682e-08, 4.92486655901e-08, 7.06944476292e-08, 9.64528084069e-08, 1.92578781366e-07, 3.33386282136e-07, 5.62965055906e-07, 4.41644232296e-07, 3.83521587821e-08, 4.27627089294e-09, 2.0144002022e-09, 4.97104524211e-10, 2.51316632435e-12, 8.81840508907e-17],
        "cov": [[3.46700305014e-15, 2.15999717028e-13, 1.02553924554e-12, 5.16664781704e-13, 2.487098201e-12, 1.16422149699e-12, 4.01575935048e-13, 5.9807454128e-13, 5.62252338871e-13, 7.71924353864e-13, 1.80476280079e-13, 1.58672716893e-12, 1.68837307416e-12, 1.75670686765e-12, 2.80167555822e-12, 2.78411451879e-12, 2.57628532223e-12, 1.9922620411e-12, 4.38911537323e-12, 8.74451639571e-12, 5.68234305096e-12, 3.56936724101e-12, 1.06888478103e-12, 7.94230837781e-13, 4.53304223585e-13, 2.32416557245e-14, 1.57035368854e-16], [2.15999717028e-13, 1.59245065051e-11, 7.09195618898e-11, 5.36823259456e-11, 2.43040754189e-10, 1.25848442778e-10, 3.59460031185e-11, 4.77893141726e-11, 4.18550680226e-11, 6.57299770168e-11, 1.57894947117e-11, 1.0067974926e-10, 1.02055246198e-10, 1.27173577225e-10, 2.19785370459e-10, 1.81522769038e-10, 1.23359891746e-10, 8.09039085725e-11, 1.70486069706e-10, 4.03237665481e-10, 2.86404844285e-10, 1.87744569891e-10, 5.92487517381e-11, 4.19288527509e-11, 2.39021823167e-11, 1.11682169589e-12, 7.49901392204e-15], [1.02553924554e-12, 7.09195618898e-11, 3.23990917428e-10, 2.14049680758e-10, 9.86589920871e-10, 4.96291285845e-10, 1.50211829086e-10, 2.06147557358e-10, 1.84596074537e-10, 2.73248340621e-10, 5.78327628842e-11, 4.69238425893e-10, 4.82323958551e-10, 5.64759350397e-10, 9.51106193803e-10, 8.23197954247e-10, 5.89986004496e-10, 3.62109925378e-10, 9.11836717243e-10, 2.05549754995e-09, 1.41198819303e-09, 8.96416052498e-10, 2.84952866858e-10, 2.01518468579e-10, 1.15847512139e-10, 5.65059934607e-12, 3.89218449408e-14], [5.16664781704e-13, 5.36823259456e-11, 2.14049680758e-10, 2.64872096478e-10, 1.1418841428e-09, 6.40591801826e-10, 1.56760812664e-10, 1.84354226329e-10, 1.52829388034e-10, 2.79125333957e-10, 7.63666768711e-11, 2.66095284696e-10, 2.4333446369e-10, 4.67346605859e-10, 8.8229568096e-10, 5.3928639332e-10, 1.63583743773e-10, 1.70963868062e-10, 9.89401616192e-11, 5.01166053102e-10, 5.74836567235e-10, 3.36057098815e-10, 1.25938509621e-10, 7.58754725716e-11, 4.14271186799e-11, 1.49604851077e-12, 8.37112666783e-15], [2.487098201e-12, 2.43040754189e-10, 9.86589920871e-10, 1.1418841428e-09, 4.99709207347e-09, 2.77292699913e-09, 6.86047607612e-10, 8.20463919027e-10, 6.79899858635e-10, 1.25792309902e-09, 3.8625661003e-10, 1.31982114127e-09, 1.29031973994e-09, 2.2605721739e-09, 4.55198456706e-09, 2.87784884812e-09, 1.22637866529e-09, 1.53816426263e-09, 1.34042343891e-09, 3.89206933349e-09, 3.15345971558e-09, 1.93828286754e-09, 6.5620864298e-10, 4.18873463692e-10, 2.30521671196e-10, 9.13186453538e-12, 5.26341597802e-14], [1.16422149699e-12, 1.25848442778e-10, 4.96291285845e-10, 6.40591801826e-10, 2.77292699913e-09, 1.56330592915e-09, 3.78398340439e-10, 4.43114350768e-10, 3.71111169573e-10, 6.96539270706e-10, 2.18914067429e-10, 6.64257204797e-10, 6.37991715013e-10, 1.2145454642e-09, 2.46597675613e-09, 1.52791168606e-09, 6.44183206777e-10, 9.40106548164e-10, 6.008455955e-10, 1.75043346484e-09, 1.68215208429e-09, 9.44177513951e-10, 3.27830457225e-10, 2.04445238516e-10, 1.08521171216e-10, 4.20164944503e-12, 2.15959113656e-14], [4.01575935048e-13, 3.59460031185e-11, 1.50211829086e-10, 1.56760812664e-10, 6.86047607612e-10, 3.78398340439e-10, 1.09052322728e-10, 1.42768102895e-10, 2.18255455375e-10, 2.75438699626e-10, 1.85241225137e-10, 4.2193309957e-10, 3.42060157976e-10, 7.43052064323e-10, 1.10530751218e-09, 9.17874443118e-10, 9.59286317048e-10, 1.25724453071e-09, 1.1295689939e-09, 2.09056927325e-09, 1.94635130235e-09, 6.62675858631e-10, 2.33127739335e-10, 1.40534431314e-10, 7.53464998726e-11, 4.03394114987e-12, 2.19846740774e-14], [5.9807454128e-13, 4.77893141726e-11, 2.06147557358e-10, 1.84354226329e-10, 8.20463919027e-10, 4.43114350768e-10, 1.42768102895e-10, 2.48203402275e-10, 4.47168274631e-10, 4.92832052945e-10, 4.77566486357e-10, 9.17645459619e-10, 7.15412618035e-10, 1.41685030375e-09, 2.15648587876e-09, 2.29204055735e-09, 2.34266495092e-09, 3.01280489445e-09, 3.58658280852e-09, 5.71847857955e-09, 5.58304469322e-09, 1.41000611187e-09, 6.12990880278e-10, 3.44776873717e-10, 1.92861879245e-10, 1.15118808583e-11, 7.23782809403e-14], [5.62252338871e-13, 4.18550680226e-11, 1.84596074537e-10, 1.52829388034e-10, 6.79899858635e-10, 3.71111169573e-10, 2.18255455375e-10, 4.47168274631e-10, 2.18194196044e-09, 1.63669244824e-09, 1.74618297599e-09, 4.00361566122e-09, 2.55551380057e-09, 4.77015404954e-09, 7.52367146362e-09, 8.75143424395e-09, 9.55236334477e-09, 1.23112267048e-08, 9.72697922208e-09, 2.14542730248e-08, 2.24758149869e-08, 4.10581524335e-09, 1.97090521681e-09, 1.04515007759e-09, 4.8955101084e-10, 3.13161406529e-11, 1.60490341177e-13], [7.71924353864e-13, 6.57299770168e-11, 2.73248340621e-10, 2.79125333957e-10, 1.25792309902e-09, 6.96539270706e-10, 2.75438699626e-10, 4.92832052945e-10, 1.63669244824e-09, 1.78757841862e-09, 1.77107262189e-09, 3.45309358885e-09, 2.25461627146e-09, 5.22106180512e-09, 7.9176221135e-09, 8.32569924114e-09, 9.7738848126e-09, 1.22177876705e-08, 9.41288380574e-09, 1.85257480467e-08, 1.73896044231e-08, 4.40560166126e-09, 1.64175339989e-09, 9.44298306216e-10, 4.71408689862e-10, 2.5948706725e-11, 1.23174961984e-13], [1.80476280079e-13, 1.57894947117e-11, 5.78327628842e-11, 7.63666768711e-11, 3.8625661003e-10, 2.18914067429e-10, 1.85241225137e-10, 4.77566486357e-10, 1.74618297599e-09, 1.77107262189e-09, 9.11812314541e-09, 5.18091480828e-09, 2.87651924502e-09, 7.00290625488e-09, 1.05229540637e-08, 1.61334750004e-08, 2.0344437246e-08, 1.89134112816e-08, 2.14599715775e-08, 3.6056331254e-08, 3.54410047976e-08, 7.70854047261e-09, 3.57357321512e-09, 1.7573597022e-09, 8.99800955967e-10, 4.77637582263e-11, 2.16623011304e-13], [1.58672716893e-12, 1.0067974926e-10, 4.69238425893e-10, 2.66095284696e-10, 1.31982114127e-09, 6.64257204797e-10, 4.2193309957e-10, 9.17645459619e-10, 4.00361566122e-09, 3.45309358885e-09, 5.18091480828e-09, 9.44199474162e-09, 6.0281246661e-09, 1.1921493126e-08, 1.83978414725e-08, 2.38944011244e-08, 2.41253452771e-08, 2.65389648035e-08, 2.07283736842e-08, 4.37831992883e-08, 4.16198773223e-08, 9.45666833729e-09, 3.80410991596e-09, 2.00791427929e-09, 9.86690729121e-10, 5.30157480416e-11, 2.32834991521e-13], [1.68837307416e-12, 1.02055246198e-10, 4.82323958551e-10, 2.4333446369e-10, 1.29031973994e-09, 6.37991715013e-10, 3.42060157976e-10, 7.15412618035e-10, 2.55551380057e-09, 2.25461627146e-09, 2.87651924502e-09, 6.0281246661e-09, 5.35526734069e-09, 6.92788271195e-09, 1.37798972233e-08, 1.58298423258e-08, 1.73671885761e-08, 2.1594798838e-08, 2.26204743825e-08, 3.56830582859e-08, 3.13527230844e-08, 9.33777588585e-09, 3.10508507795e-09, 1.93501747958e-09, 1.00887698196e-09, 5.85880857717e-11, 3.03494994977e-13], [1.75670686765e-12, 1.27173577225e-10, 5.64759350397e-10, 4.67346605859e-10, 2.2605721739e-09, 1.2145454642e-09, 7.43052064323e-10, 1.41685030375e-09, 4.77015404954e-09, 5.22106180512e-09, 7.00290625488e-09, 1.1921493126e-08, 6.92788271195e-09, 2.65733692828e-08, 3.02603844204e-08, 3.28593010579e-08, 3.78995039796e-08, 5.11786204527e-08, 3.34089378384e-08, 5.96149902776e-08, 5.59005357559e-08, 1.46860053007e-08, 4.86374851505e-09, 2.76626166418e-09, 1.37488165297e-09, 8.19002227148e-11, 3.55691740167e-13], [2.80167555822e-12, 2.19785370459e-10, 9.51106193803e-10, 8.8229568096e-10, 4.55198456706e-09, 2.46597675613e-09, 1.10530751218e-09, 2.15648587876e-09, 7.52367146362e-09, 7.9176221135e-09, 1.05229540637e-08, 1.83978414725e-08, 1.37798972233e-08, 3.02603844204e-08, 4.97314971426e-08, 5.17413845103e-08, 5.64951463389e-08, 7.15250649819e-08, 5.89134252493e-08, 9.92448221382e-08, 9.02857166807e-08, 2.30970869097e-08, 8.20071655028e-09, 4.61978100219e-09, 2.3819992645e-09, 1.38139499839e-10, 6.62502171178e-13], [2.78411451879e-12, 1.81522769038e-10, 8.23197954247e-10, 5.3928639332e-10, 2.87784884812e-09, 1.52791168606e-09, 9.17874443118e-10, 2.29204055735e-09, 8.75143424395e-09, 8.32569924114e-09, 1.61334750004e-08, 2.38944011244e-08, 1.58298423258e-08, 3.28593010579e-08, 5.17413845103e-08, 7.13875323299e-08, 7.21091240052e-08, 8.02913433517e-08, 7.41943964044e-08, 1.27553548168e-07, 1.1716190329e-07, 2.89494668237e-08, 1.10387716745e-08, 6.16246786933e-09, 3.0784010896e-09, 1.7782118833e-10, 8.19172691919e-13], [2.57628532223e-12, 1.23359891746e-10, 5.89986004496e-10, 1.63583743773e-10, 1.22637866529e-09, 6.44183206777e-10, 9.59286317048e-10, 2.34266495092e-09, 9.55236334477e-09, 9.7738848126e-09, 2.0344437246e-08, 2.41253452771e-08, 1.73671885761e-08, 3.78995039796e-08, 5.64951463389e-08, 7.21091240052e-08, 9.73984199959e-08, 1.18663002979e-07, 1.20097411127e-07, 1.75844832029e-07, 1.64772643529e-07, 4.69916905388e-08, 1.59906896613e-08, 1.02035988547e-08, 5.07408870476e-09, 3.1035157777e-10, 1.51461818348e-12], [1.9922620411e-12, 8.09039085725e-11, 3.62109925378e-10, 1.70963868062e-10, 1.53816426263e-09, 9.40106548164e-10, 1.25724453071e-09, 3.01280489445e-09, 1.23112267048e-08, 1.22177876705e-08, 1.89134112816e-08, 2.65389648035e-08, 2.1594798838e-08, 5.11786204527e-08, 7.15250649819e-08, 8.02913433517e-08, 1.18663002979e-07, 1.94466807102e-07, 2.01867649707e-07, 2.8181068501e-07, 2.45940611876e-07, 7.72086181655e-08, 2.34552288703e-08, 1.69831153585e-08, 8.12597988897e-09, 5.59759738561e-10, 2.82910001849e-12], [4.38911537323e-12, 1.70486069706e-10, 9.11836717243e-10, 9.89401616192e-11, 1.34042343891e-09, 6.008455955e-10, 1.1295689939e-09, 3.58658280852e-09, 9.72697922208e-09, 9.41288380574e-09, 2.14599715775e-08, 2.07283736842e-08, 2.26204743825e-08, 3.34089378384e-08, 5.89134252493e-08, 7.41943964044e-08, 1.20097411127e-07, 2.01867649707e-07, 3.36654778721e-07, 3.9511874661e-07, 3.1946936474e-07, 9.80164216458e-08, 3.2370444103e-08, 2.24320846343e-08, 1.18678329386e-08, 8.4915435794e-10, 4.71010166633e-12], [8.74451639571e-12, 4.03237665481e-10, 2.05549754995e-09, 5.01166053102e-10, 3.89206933349e-09, 1.75043346484e-09, 2.09056927325e-09, 5.71847857955e-09, 2.14542730248e-08, 1.85257480467e-08, 3.6056331254e-08, 4.37831992883e-08, 3.56830582859e-08, 5.96149902776e-08, 9.92448221382e-08, 1.27553548168e-07, 1.75844832029e-07, 2.8181068501e-07, 3.9511874661e-07, 5.68484324504e-07, 4.59965718846e-07, 1.3114072317e-07, 4.54675870287e-08, 3.04273086726e-08, 1.53550452353e-08, 1.0781071591e-09, 5.67587513448e-12], [5.68234305096e-12, 2.86404844285e-10, 1.41198819303e-09, 5.74836567235e-10, 3.15345971558e-09, 1.68215208429e-09, 1.94635130235e-09, 5.58304469322e-09, 2.24758149869e-08, 1.73896044231e-08, 3.54410047976e-08, 4.16198773223e-08, 3.13527230844e-08, 5.59005357559e-08, 9.02857166807e-08, 1.1716190329e-07, 1.64772643529e-07, 2.45940611876e-07, 3.1946936474e-07, 4.59965718846e-07, 4.45974080776e-07, 1.03081326586e-07, 4.26564099598e-08, 2.68574034124e-08, 1.31130777348e-08, 9.46414946412e-10, 5.31336650025e-12], [3.56936724101e-12, 1.87744569891e-10, 8.96416052498e-10, 3.36057098815e-10, 1.93828286754e-09, 9.44177513951e-10, 6.62675858631e-10, 1.41000611187e-09, 4.10581524335e-09, 4.40560166126e-09, 7.70854047261e-09, 9.45666833729e-09, 9.33777588585e-09, 1.46860053007e-08, 2.30970869097e-08, 2.89494668237e-08, 4.69916905388e-08, 7.72086181655e-08, 9.80164216458e-08, 1.3114072317e-07, 1.03081326586e-07, 3.87281602343e-08, 1.09329292286e-08, 8.38145020055e-09, 4.14893541745e-09, 2.73629563452e-10, 1.3971990882e-12], [1.06888478103e-12, 5.92487517381e-11, 2.84952866858e-10, 1.25938509621e-10, 6.5620864298e-10, 3.27830457225e-10, 2.33127739335e-10, 6.12990880278e-10, 1.97090521681e-09, 1.64175339989e-09, 3.57357321512e-09, 3.80410991596e-09, 3.10508507795e-09, 4.86374851505e-09, 8.20071655028e-09, 1.10387716745e-08, 1.59906896613e-08, 2.34552288703e-08, 3.2370444103e-08, 4.54675870287e-08, 4.26564099598e-08, 1.09329292286e-08, 4.3181951348e-09, 2.78611489435e-09, 1.38768907476e-09, 9.62861179676e-11, 5.46560680829e-13], [7.94230837781e-13, 4.19288527509e-11, 2.01518468579e-10, 7.58754725716e-11, 4.18873463692e-10, 2.04445238516e-10, 1.40534431314e-10, 3.44776873717e-10, 1.04515007759e-09, 9.44298306216e-10, 1.7573597022e-09, 2.00791427929e-09, 1.93501747958e-09, 2.76626166418e-09, 4.61978100219e-09, 6.16246786933e-09, 1.02035988547e-08, 1.69831153585e-08, 2.24320846343e-08, 3.04273086726e-08, 2.68574034124e-08, 8.38145020055e-09, 2.78611489435e-09, 2.03414929345e-09, 9.84607062549e-10, 6.86498496938e-11, 3.76582364467e-13], [4.53304223585e-13, 2.39021823167e-11, 1.15847512139e-10, 4.14271186799e-11, 2.30521671196e-10, 1.08521171216e-10, 7.53464998726e-11, 1.92861879245e-10, 4.8955101084e-10, 4.71408689862e-10, 8.99800955967e-10, 9.86690729121e-10, 1.00887698196e-09, 1.37488165297e-09, 2.3819992645e-09, 3.0784010896e-09, 5.07408870476e-09, 8.12597988897e-09, 1.18678329386e-08, 1.53550452353e-08, 1.31130777348e-08, 4.14893541745e-09, 1.38768907476e-09, 9.84607062549e-10, 5.01978125733e-10, 3.42636856387e-11, 1.91963957751e-13], [2.32416557245e-14, 1.11682169589e-12, 5.65059934607e-12, 1.49604851077e-12, 9.13186453538e-12, 4.20164944503e-12, 4.03394114987e-12, 1.15118808583e-11, 3.13161406529e-11, 2.5948706725e-11, 4.77637582263e-11, 5.30157480416e-11, 5.85880857717e-11, 8.19002227148e-11, 1.38139499839e-10, 1.7782118833e-10, 3.1035157777e-10, 5.59759738561e-10, 8.4915435794e-10, 1.0781071591e-09, 9.46414946412e-10, 2.73629563452e-10, 9.62861179676e-11, 6.86498496938e-11, 3.42636856387e-11, 2.5378052524e-12, 1.4522798315e-14], [1.57035368854e-16, 7.49901392204e-15, 3.89218449408e-14, 8.37112666783e-15, 5.26341597802e-14, 2.15959113656e-14, 2.19846740774e-14, 7.23782809403e-14, 1.60490341177e-13, 1.23174961984e-13, 2.16623011304e-13, 2.32834991521e-13, 3.03494994977e-13, 3.55691740167e-13, 6.62502171178e-13, 8.19172691919e-13, 1.51461818348e-12, 2.82910001849e-12, 4.71010166633e-12, 5.67587513448e-12, 5.31336650025e-12, 1.3971990882e-12, 5.46560680829e-13, 3.76582364467e-13, 1.91963957751e-13, 1.4522798315e-14, 8.90486002146e-17]]
    },
    "mfcc": {
        "kurt": [-0.866916418076, -0.387321233749, -1.27579092979, 1.3536438942, -0.181389808655, 0.833328962326, 0.618536233902, 3.52663135529, 0.243690490723, 3.08760404587, 2.12621545792, 5.68611431122, 0.996245145798],
        "max": [-622.380737305, 80.8048477173, 4.44311523438, 29.2720775604, 13.0709533691, 17.352935791, 23.3851051331, 17.0679416656, 19.8024024963, 13.8724002838, 8.93318939209, 9.53982543945, 5.44100952148],
        "mean": [-993.034423828, 14.0959262848, -41.103515625, -2.61282491684, -7.53743934631, 1.79013860226, 2.51357936859, 0.817910432816, 4.308634758, 0.17942930758, -2.61318588257, -1.31435382366, -3.0411593914],
        "median": [-1120.96557617, 1.14440917969e-05, -6.103515625e-05, 8.01086425781e-05, -6.103515625e-05, 2.28881835938e-05, -2.67028808594e-05, -5.34057617188e-05, -4.57763671875e-05, -2.28881835938e-05, -2.67028808594e-05, -3.0517578125e-05, -3.81469726562e-05],
        "min": [-1138.42004395, -47.5119476318, -135.825363159, -32.6738967896, -43.7002792358, -17.2025299072, -12.7368564606, -24.4222412109, -18.4403095245, -14.9500656128, -23.3405418396, -22.9595470428, -17.9737854004],
        "skew": [0.857777416706, 0.611398398876, -0.633942782879, -0.652120947838, -1.09332275391, 0.219248175621, 0.40058028698, -0.607923209667, 0.411836653948, -0.433686643839, -1.2000297308, -1.35155320168, -1.2075971365],
        "var": [33842.3984375, 907.081970215, 2480.30566406, 129.94178772, 189.701202393, 44.0104484558, 46.4685287476, 36.8787727356, 44.2966957092, 18.8487033844, 29.1089668274, 18.4143753052, 20.5722389221],
        "cov": [[34174.1875, -273.797058105, -7876.37792969, 484.937072754, -2169.17504883, -261.574035645, -217.312332153, -424.941986084, 346.69744873, -183.07875061, -496.710662842, -183.862686157, -534.679199219], [-273.797058105, 915.974975586, -377.306488037, -156.47883606, 120.169174194, 132.705215454, 132.686157227, 73.5431518555, 128.435256958, 42.425163269, -15.1766328812, -10.7446260452, -22.4977455139], [-7876.37792969, -377.306488037, 2504.62231445, -15.1961565018, 557.054382324, 15.184296608, -26.0694141388, 35.8552284241, -192.781555176, 10.9106998444, 117.918388367, 27.0347537994, 148.062988281], [484.937072754, -156.47883606, -15.1961565018, 131.21572876, -46.1491088867, -25.0511722565, -30.8217182159, -47.1082649231, -36.2173309326, -21.3830871582, -1.27415573597, -9.0140209198, -0.224075615406], [-2169.17504883, 120.169174194, 557.054382324, -46.1491088867, 191.561019897, 37.9732627869, 25.9793052673, 30.0053653717, -21.2469406128, 10.7077865601, 24.0994091034, 4.99566650391, 34.8161506653], [-261.574035645, 132.705215454, 15.184296608, -25.0511722565, 37.9732627869, 44.4419250488, 24.390504837, 15.4933767319, 15.6150684357, 3.84179210663, -4.55671977997, -7.44892454147, -2.28118085861], [-217.312332153, 132.686157227, -26.0694141388, -30.8217182159, 25.9793052673, 24.390504837, 46.9241027832, 26.8360786438, 26.4961395264, 15.0363588333, 3.95065164566, 1.78400206566, 1.86983394623], [-424.941986084, 73.5431518555, 35.8552284241, -47.1082649231, 30.0053653717, 15.4933767319, 26.8360786438, 37.2403297424, 22.0515537262, 12.6182870865, 6.26025772095, 5.56477308273, 2.80655360222], [346.69744873, 128.435256958, -192.781555176, -36.2173309326, -21.2469406128, 15.6150684357, 26.4961395264, 22.0515537262, 44.7309761047, 15.997587204, -2.4799990654, 5.14213418961, -6.96252393723], [-183.07875061, 42.425163269, 10.9106998444, -21.3830871582, 10.7077865601, 3.84179210663, 15.0363588333, 12.6182870865, 15.997587204, 19.0334949493, 11.4010629654, 6.32380485535, 3.29239726067], [-496.710662842, -15.1766328812, 117.918388367, -1.27415573597, 24.0994091034, -4.55671977997, 3.95065164566, 6.26025772095, -2.4799990654, 11.4010629654, 29.3943500519, 10.7742271423, 12.423869133], [-183.862686157, -10.7446260452, 27.0347537994, -9.0140209198, 4.99566650391, -7.44892454147, 1.78400206566, 5.56477308273, 5.14213418961, 6.32380485535, 10.7742271423, 18.5949077606, 9.12889766693], [-534.679199219, -22.4977455139, 148.062988281, -0.224075615406, 34.8161506653, -2.28118085861, 1.86983394623, 2.80655360222, -6.96252393723, 3.29239726067, 12.423869133, 9.12889766693, 20.7739276886]]
    },
    "sccoeffs": {
        "kurt": [-0.458938121796, -1.05681228638, -0.249852895737, -1.38379955292, -1.4085290432, -1.64161539078],
        "max": [-0.546093404293, -0.648732841015, -0.661350250244, -0.751134097576, -0.747613310814, -0.718060553074],
        "mean": [-0.860038459301, -0.874723494053, -0.895006716251, -0.888063073158, -0.886952459812, -0.866801977158],
        "median": [-0.844455301762, -0.881946086884, -0.888211607933, -0.878136694431, -0.885352551937, -0.886882722378],
        "min": [-0.973237812519, -0.977130293846, -0.983714878559, -0.983564257622, -0.986707031727, -0.964082419872],
        "skew": [0.47141250968, 0.444533854723, 0.534572601318, 0.239416643977, 0.251114577055, 0.277744442225],
        "var": [0.00887788832188, 0.00761380745098, 0.00442996947095, 0.00482883164659, 0.0050773001276, 0.00860925205052],
        "cov": [[0.00896492600441, 0.00687282858416, 0.00531384395435, 0.00591683899984, 0.00603585829958, 0.00762039935216], [0.00687282858416, 0.00768845295534, 0.00518801109865, 0.0056636496447, 0.00571875460446, 0.0076482212171], [0.00531384395435, 0.00518801109865, 0.00447340076789, 0.00425893813372, 0.00445091305301, 0.00562645448372], [0.00591683899984, 0.0056636496447, 0.00425893813372, 0.00487617310137, 0.00478390138596, 0.00614751223475], [0.00603585829958, 0.00571875460446, 0.00445091305301, 0.00478390138596, 0.00512707745656, 0.0063618440181], [0.00762039935216, 0.0076482212171, 0.00562645448372, 0.00614751223475, 0.0063618440181, 0.00869365688413]]
    },
    "scvalleys": {
        "kurt": [-1.87107288837, -1.85260403156, -1.86053240299, -1.84744143486, -1.81644046307, -1.76363539696],
        "max": [-6.28215503693, -5.55600786209, -5.99441432953, -5.85668945312, -5.46228885651, -7.02398109436],
        "mean": [-17.4963474274, -17.0523509979, -16.3491287231, -16.3203430176, -16.6146240234, -17.9394378662],
        "median": [-11.2557735443, -11.4037151337, -10.852894783, -11.2480068207, -12.2850217819, -13.8742866516],
        "min": [-28.3887290955, -27.711353302, -27.6837749481, -27.64270401, -27.4721088409, -27.412191391],
        "skew": [-0.258842468262, -0.238791748881, -0.242204889655, -0.222876310349, -0.189846009016, -0.147130861878],
        "var": [72.458694458, 77.9545059204, 88.9020309448, 89.8248062134, 85.8406982422, 66.4691925049],
        "cov": [[73.1690750122, 75.6745376587, 80.7300262451, 81.0125045776, 78.8705596924, 69.0659484863], [75.6745376587, 78.7187652588, 83.9562301636, 84.3585357666, 82.3176574707, 72.2106933594], [80.7300262451, 83.9562301636, 89.7736206055, 90.1784057617, 87.9667282104, 77.0326004028], [81.0125045776, 84.3585357666, 90.1784057617, 90.7054443359, 88.5552825928, 77.5921478271], [78.8705596924, 82.3176574707, 87.9667282104, 88.5552825928, 86.6822738647, 76.1008682251], [69.0659484863, 72.2106933594, 77.0326004028, 77.5921478271, 76.1008682251, 67.1208496094]]
    }
},
"rhythm": {
    "beats_loudness": {
        "kurt": -1.49974310398,
        "max": 0.010021510534,
        "mean": 0.00335121527314,
        "median": 7.59723261581e-05,
        "min": 0,
        "skew": 0.706814050674,
        "var": 2.19582871068e-05
    },
    "bpm": 191.406280518,
    "confidence": 0,
    "first_peak_bpm": {
        "kurt": 0,
        "max": 191,
        "mean": 191,
        "median": 191,
        "min": 191,
        "skew": 0,
        "var": 0
    },
    "first_peak_spread": {
        "kurt": 0,
        "max": 0,
        "mean": 0,
        "median": 0,
        "min": 0,
        "skew": 0,
        "var": 0
    },
    "first_peak_weight": {
        "kurt": 0,
        "max": 0.40000000596,
        "mean": 0.40000000596,
        "median": 0.40000000596,
        "min": 0.40000000596,
        "skew": 0,
        "var": 0
    },
    "onset_rate": 0.852750599384,
    "second_peak_bpm": {
        "kurt": 0,
        "max": 167,
        "mean": 167,
        "median": 167,
        "min": 167,
        "skew": 0,
        "var": 0
    },
    "second_peak_spread": {
        "kurt": 0,
        "max": 0,
        "mean": 0,
        "median": 0,
        "min": 0,
        "skew": 0,
        "var": 0
    },
    "second_peak_weight": {
        "kurt": 0,
        "max": 0.20000000298,
        "mean": 0.20000000298,
        "median": 0.20000000298,
        "min": 0.20000000298,
        "skew": 0,
        "var": 0
    },
    "beats_loudness_band_ratio": {
        "kurt": [0.975967407227, -1.18330514431, -0.0658195018768, -0.972002267838, -1.51131439209, -0.20269536972],
        "max": [0.0460071973503, 0.00772893289104, 0.0779954344034, 0.571820735931, 0.474349200726, 0.706649243832],
        "mean": [0.00974989682436, 0.00252652144991, 0.0242417510599, 0.191776439548, 0.241818234324, 0.202954605222],
        "median": [0.00238203210756, 0.000864286324941, 0.0163572356105, 0.109862208366, 0.257400393486, 0.0929085761309],
        "min": [0, 0, 0, 0, 0, 0],
        "skew": [1.67020618916, 0.778630852699, 1.10044586658, 0.711506724358, -0.118326000869, 1.09940063953],
        "var": [0.000271273573162, 9.24292817217e-06, 0.000717433111276, 0.045358736068, 0.0368128195405, 0.0641230866313],
        "cov": [[0.000325528264511, 3.57599346898e-05, 0.000489533296786, 0.00340249342844, 0.000548024545424, -0.000902717176359], [3.57599346898e-05, 1.10915134428e-05, 4.76574168715e-05, 0.000215200270759, 0.000110785149445, 0.000585514237173], [0.000489533296786, 4.76574168715e-05, 0.000860919710249, 0.00660683074966, 0.00293539674021, -0.00115226139314], [0.00340249342844, 0.000215200270759, 0.00660683074966, 0.0544304847717, 0.0289096683264, -0.0157497487962], [0.000548024545424, 0.000110785149445, 0.00293539674021, 0.0289096683264, 0.0441753827035, 0.021473871544], [-0.000902717176359, 0.000585514237173, -0.00115226139314, -0.0157497487962, 0.021473871544, 0.0769477039576]]
    },
    "beats_position": [0.336689323187, 0.696598649025, 1.04489791393, 1.33514738083, 1.64861679077, 1.9620860815],
    "bpm_estimates": [191.406234741, 191.406311035],
    "bpm_intervals": [0.359909325838, 0.348299264908, 0.290249466896, 0.313469409943, 0.313469290733],
    "onset_times": [0.99845802784, 1.31192743778],
    "histogram": [[0, 0, 0, 0, 0, 0, 0, 0, 0, 0, 0, 0, 0, 0, 0, 0, 0, 0, 0, 0, 0, 0, 0, 0, 0, 0, 0, 0, 0, 0, 0, 0, 0, 0, 0, 0, 0, 0, 0, 0, 0, 0, 0, 0, 0, 0, 0, 0, 0, 0, 0, 0, 0, 0, 0, 0, 0, 0, 0, 0, 0, 0, 0, 0, 0, 0, 0, 0, 0, 0, 0, 0, 0, 0, 0, 0, 0, 0, 0, 0, 0, 0, 0, 0, 0, 0, 0, 0, 0, 0, 0, 0, 0, 0, 0, 0, 0, 0, 0, 0, 0, 0, 0, 0, 0, 0, 0, 0, 0, 0, 0, 0, 0, 0, 0, 0, 0, 0, 0, 0, 0, 0, 0, 0, 0, 0, 0, 0, 0, 0, 0, 0, 0, 0, 0, 0, 0, 0, 0, 0, 0, 0, 0, 0, 0, 0, 0, 0, 0, 0, 0, 0, 0, 0, 0, 0, 0, 0, 0, 0, 0, 0, 0, 0, 0, 0, 0, 0.20000000298, 0, 0, 0, 0, 0.20000000298, 0, 0, 0, 0, 0, 0, 0, 0, 0, 0, 0, 0, 0, 0, 0, 0, 0, 0, 0.40000000596, 0, 0, 0, 0, 0, 0, 0, 0, 0, 0, 0, 0, 0, 0, 0, 0.20000000298, 0, 0, 0, 0, 0, 0, 0, 0, 0, 0, 0, 0, 0, 0, 0, 0, 0, 0, 0, 0, 0, 0, 0, 0, 0, 0, 0, 0, 0, 0, 0, 0, 0, 0, 0, 0, 0, 0, 0, 0, 0, 0]]
},
"sfx": {
    "inharmonicity": {
        "kurt": -1.42745947838,
        "max": 0.379829913378,
        "mean": 0.166574582458,
        "median": 0.159339085221,
        "min": 0,
        "skew": 0.0751210078597,
        "var": 0.0143100880086
    },
    "oddtoevenharmonicenergyratio": {
        "kurt": 9.44075679779,
        "max": 5.20245456696,
        "mean": 0.909310638905,
        "median": 0.773300230503,
        "min": 0,
        "skew": 2.70582842827,
        "var": 0.763516902924
    },
    "pitch_after_max_to_before_max_energy_ratio": 0.0991264507174,
    "pitch_centroid": 46.0251731873,
    "pitch_max_to_total": 0.990291237831,
    "pitch_min_to_total": 0.262135922909,
    "tristimulus": {
        "kurt": [2.54487228394, 6.16380500793, 0.155500650406],
        "max": [1, 0.897706627846, 0.98643475771],
        "mean": [0.187881946564, 0.135063365102, 0.67705476284],
        "median": [0.0618745945394, 0.0778088197112, 0.790389657021],
        "min": [0, 0, 0],
        "skew": [2.04338431358, 2.25558829308, -1.27820026875],
        "var": [0.0942814871669, 0.0247348938137, 0.108291983604],
        "cov": [[0.0952058136463, -0.00541474996135, -0.0897910371423], [-0.00541474996135, 0.0249773915857, -0.0195626374334], [-0.0897910371423, -0.0195626374334, 0.109353676438]]
    }
},
"tonal": {
    "chords_changes_rate": 0.173076927662,
    "chords_number_rate": 0.0961538478732,
    "chords_strength": {
        "kurt": 42.8414306641,
        "max": 0.470572024584,
        "mean": 0.387020140886,
        "median": 0.428013265133,
        "min": -1,
        "skew": -6.55093955994,
        "var": 0.039405874908
    },
    "key_strength": 0.350961834192,
    "tuning_diatonic_strength": 0.472548037767,
    "tuning_equal_tempered_deviation": 0.177013888955,
    "tuning_frequency": 446.142181396,
    "tuning_nontempered_energy_ratio": 0.82338309288,
    "hpcp": {
        "kurt": [-1.33074617386, 0.364521503448, -0.744282960892, -0.610174894333, -0.492169618607, -1.37736308575, -1.7704911232, -1.24965250492, -0.0177114009857, -0.650431632996, -0.698537111282, -0.944210529327, -1.02918684483, -0.638994216919, -0.374604701996, -0.542009115219, -0.903296232224, -0.964443922043, -0.797690868378, -0.126815080643, -0.0515193939209, 0.119232416153, -0.0089099407196, 1.39903068542, -0.701837301254, -0.681044578552, 0.536992073059, -0.335400104523, -0.928987026215, 3.47172784805, 0.903879880905, 0.0186989307404, 0.131069660187, 0.967797040939, -0.343345880508, -1.17226719856],
        "max": [0.858982086182, 1, 0.993078291416, 1, 0.824301838875, 1, 1, 1, 1, 1, 0.92460501194, 1, 1, 0.954173266888, 0.970656216145, 0.977764546871, 0.809449911118, 0.988328099251, 1, 0.824347198009, 0.716121673584, 0.703449964523, 0.93158608675, 1, 0.615141868591, 0.621059954166, 0.952363193035, 0.945286870003, 0.724839508533, 0.965829908848, 0.883752346039, 0.934413433075, 0.836399197578, 0.793803632259, 1, 1],
        "mean": [0.277714312077, 0.21976955235, 0.260643661022, 0.249099418521, 0.216402769089, 0.361207991838, 0.457269132137, 0.337037533522, 0.257772088051, 0.26788148284, 0.250577479601, 0.288262099028, 0.320298999548, 0.258414030075, 0.241236433387, 0.244488030672, 0.228651747108, 0.296087771654, 0.283594578505, 0.191706091166, 0.167863696814, 0.170874029398, 0.223115235567, 0.217306852341, 0.165523082018, 0.168217644095, 0.210871085525, 0.24216195941, 0.206532508135, 0.165366724133, 0.18036057055, 0.219334259629, 0.18860283494, 0.16619592905, 0.265979886055, 0.339598864317],
        "median": [0.3066162467, 0.184024810791, 0.13500918448, 0.132860705256, 0.189651876688, 0.34449249506, 0.465198040009, 0.27575391531, 0.171134710312, 0.143795371056, 0.107698015869, 0.136147588491, 0.180859982967, 0.181403517723, 0.133065491915, 0.128161221743, 0.199897766113, 0.2713752985, 0.21771594882, 0.104248456657, 0.0672086179256, 0.101779378951, 0.140556901693, 0.158753663301, 0.0736754089594, 0.14096018672, 0.151592716575, 0.185338914394, 0.162483155727, 0.105660438538, 0.109071075916, 0.193781584501, 0.164417803288, 0.137887358665, 0.233277320862, 0.315794050694],
