{
"metadata": {
    "version": {
        "essentia": "2.1-beta3"
    }
},
"lowLevel": {
    "average_loudness": 0.911842226982,
    "barkbands_kurtosis": {
        "kurt": 3.25844430923,
        "max": 64.5085906982,
        "mean": 8.75725460052,
        "median": 3.22399950027,
        "min": -1.65645611286,
        "skew": 1.94605529308,
        "var": 195.050720215
    },
    "barkbands_skewness": {
        "kurt": -0.714943885803,
        "max": 6.91953516006,
        "mean": 0.802337169647,
        "median": 0.148596376181,
        "min": -2.23404622078,
        "skew": 0.659968852997,
        "var": 6.28654193878
    },
    "barkbands_spread": {
        "kurt": 2.67479848862,
        "max": 67.5800857544,
        "mean": 17.5339832306,
        "median": 18.3889884949,
        "min": 2.30048704147,
        "skew": 0.842905282974,
        "var": 100.948738098
    },
    "dissonance": {
        "kurt": 14.0771713257,
        "max": 0.499721497297,
        "mean": 0.470538496971,
        "median": 0.478671908379,
        "min": 0.257044792175,
        "skew": -2.66577649117,
        "var": 0.000906480767298
    },
    "hfc": {
        "kurt": 33.9470062256,
        "max": 56.1035423279,
        "mean": 1.66186881065,
        "median": 8.79556318978e-05,
        "min": 1.07218846597e-16,
        "skew": 5.45711374283,
        "var": 44.3418769836
    },
    "pitch": {
        "kurt": 8.01751708984,
        "max": 4184.12207031,
        "mean": 475.520812988,
        "median": 125.376487732,
        "min": 66.4728622437,
        "skew": 3.10618925095,
        "var": 973920.3125
    },
    "pitch_instantaneous_confidence": {
        "kurt": -1.09959805012,
        "max": 0.512535810471,
        "mean": 0.255198001862,
        "median": 0.256233930588,
        "min": 0.0972774624825,
        "skew": 0.156500086188,
        "var": 0.0104941977188
    },
    "pitch_salience": {
        "kurt": -0.55050945282,
        "max": 0.879873275757,
        "mean": 0.673071563244,
        "median": 0.728679060936,
        "min": 0.323300242424,
        "skew": -0.839821636677,
        "var": 0.0186715517193
    },
    "silence_rate_20dB": {
        "kurt": 0,
        "max": 1,
        "mean": 1,
        "median": 1,
        "min": 1,
        "skew": 0,
        "var": 0
    },
    "silence_rate_30dB": {
        "kurt": 0,
        "max": 1,
        "mean": 1,
        "median": 1,
        "min": 1,
        "skew": 0,
        "var": 0
    },
    "silence_rate_60dB": {
        "kurt": 9.70966911316,
        "max": 1,
        "mean": 0.931677043438,
        "median": 1,
        "min": 0,
        "skew": -3.42194914818,
        "var": 0.0636550858617
    },
    "spectral_centroid": {
        "kurt": -0.966331720352,
        "max": 11790.0927734,
        "mean": 3640.37841797,
        "median": 1125.25366211,
        "min": 114.400482178,
        "skew": 0.949206709862,
        "var": 20877690
    },
    "spectral_complexity": {
        "kurt": 15.636095047,
        "max": 49,
        "mean": 2.13664603233,
        "median": 0,
        "min": 0,
        "skew": 3.95263528824,
        "var": 58.9379501343
    },
    "spectral_crest": {
        "kurt": 0.0681538581848,
        "max": 20.3895950317,
        "mean": 8.55487251282,
        "median": 6.88918590546,
        "min": 3.22889709473,
        "skew": 1.02198421955,
        "var": 17.21027565
    },
    "spectral_decrease": {
        "kurt": 65.585647583,
        "max": 1.50204203217e-28,
        "mean": -1.39200456717e-10,
        "median": -1.23501198417e-13,
        "min": -6.70149891135e-09,
        "skew": -7.4816827774,
        "var": 4.23127026655e-19
    },
    "spectral_energy": {
        "kurt": 50.709728241,
        "max": 0.0283813308924,
        "mean": 0.000676110619679,
        "median": 4.75426844559e-07,
        "min": 1.00523867111e-20,
        "skew": 6.61515378952,
        "var": 8.89054899744e-06
    },
    "spectral_energyband_high": {
        "kurt": 44.7685928345,
        "max": 0.00580414058641,
        "mean": 0.000144959922181,
        "median": 1.29432109475e-09,
        "min": 7.19174654464e-21,
        "skew": 6.16222047806,
        "var": 3.91675513356e-07
    },
    "spectral_energyband_low": {
        "kurt": 116.568710327,
        "max": 0.00257472740486,
        "mean": 2.90241241601e-05,
        "median": 2.74500763453e-07,
        "min": 1.96765370485e-23,
        "skew": 10.444776535,
        "var": 4.69258019109e-08
    },
    "spectral_energyband_middle_high": {
        "kurt": 26.253818512,
        "max": 0.00909365713596,
        "mean": 0.000326095469063,
        "median": 1.10746283255e-08,
        "min": 1.19205198004e-21,
        "skew": 4.89299345016,
        "var": 1.47730258959e-06
    },
    "spectral_energyband_middle_low": {
        "kurt": 126.650588989,
        "max": 0.0179655179381,
        "mean": 0.000194522828679,
        "median": 1.1323232485e-07,
        "min": 1.64244652243e-22,
        "skew": 10.9910163879,
        "var": 2.19282242142e-06
    },
    "spectral_flatness_db": {
        "kurt": -0.862046480179,
        "max": 0.284243911505,
        "mean": 0.143408074975,
        "median": 0.139115363359,
        "min": 0.0609820075333,
        "skew": 0.382169634104,
        "var": 0.00330997561105
    },
    "spectral_flux": {
        "kurt": 19.7438335419,
        "max": 0.141354009509,
        "mean": 0.00709684146568,
        "median": 0.000461559538962,
        "min": 6.53535559003e-11,
        "skew": 4.27880096436,
        "var": 0.000469629390864
    },
    "spectral_kurtosis": {
        "kurt": -0.684208869934,
        "max": 20.0685405731,
        "mean": 5.2370634079,
        "median": 4.50990724564,
        "min": -1.24106407166,
        "skew": 0.485615819693,
        "var": 30.0781955719
    },
    "spectral_rms": {
        "kurt": 16.6088485718,
        "max": 0.00526204379275,
        "mean": 0.000270914460998,
        "median": 2.15367381315e-05,
        "min": 3.1316459842e-12,
        "skew": 3.89586997032,
        "var": 5.86225382904e-07
    },
    "spectral_rolloff": {
        "kurt": -0.956946372986,
        "max": 19422.9492188,
        "mean": 6106.19970703,
        "median": 2002.58789062,
        "min": 107.666015625,
        "skew": 0.959630310535,
        "var": 59662792
    },
    "spectral_skewness": {
        "kurt": -1.33784353733,
        "max": 3.61654567719,
        "mean": 1.66899681091,
        "median": 1.90107417107,
        "min": -0.0563815794885,
        "skew": -0.237692922354,
        "var": 1.43177866936
    },
    "spectral_spread": {
        "kurt": -0.912293672562,
        "max": 42487024,
        "mean": 15012592,
        "median": 6529157,
        "min": 2519119.25,
        "skew": 1.00763487816,
        "var": 2.40441899352e+14
    },
    "spectral_strongpeak": {
        "kurt": 20.8700027466,
        "max": 3.13376402855,
        "mean": 0.127963885665,
        "median": 0.000709773332346,
        "min": 0,
        "skew": 4.5285859108,
        "var": 0.214773118496
    },
    "zerocrossingrate": {
        "kurt": -1.05388510227,
        "max": 0.51513671875,
        "mean": 0.176099687815,
        "median": 0.06201171875,
        "min": 0.0068359375,
        "skew": 0.892955899239,
        "var": 0.0404737554491
    },
    "barkbands": {
        "kurt": [62.2625808716, 125.347625732, 73.5765838623, 150.877624512, 127.065887451, 119.582641602, 128.039978027, 37.624382019, 75.0758590698, 27.5156936646, 21.9481067657, 31.7702522278, 31.4197807312, 21.7385978699, 28.2952880859, 27.049118042, 47.11668396, 34.3175048828, 48.0926132202, 34.9589881897, 39.9068183899, 61.4912414551, 34.4043769836, 38.0300559998, 35.0946731567, 55.3011245728, 58.027217865],
        "max": [3.45508374267e-06, 0.000379988719942, 0.000972210546024, 0.0033522429876, 0.00752480933443, 0.00465197023004, 0.00128475984093, 0.000438671093434, 0.00127496651839, 0.00058212748263, 0.000452770618722, 0.000450593826827, 0.000302337895846, 0.000213376246393, 0.000363527331501, 0.000656782940496, 0.00118356279563, 0.00180340791121, 0.00381881045178, 0.00305996043608, 0.00211703614332, 0.00125736685004, 0.000302527390886, 0.00015037425328, 7.80734990258e-05, 5.74937257625e-06, 3.81485705248e-08],
        "mean": [8.17612999526e-08, 3.96289215132e-06, 1.46566162584e-05, 2.53508587775e-05, 6.94014961482e-05, 4.44946490461e-05, 1.45196527228e-05, 1.19269134302e-05, 2.29935812968e-05, 1.95035863726e-05, 1.81450177479e-05, 1.46765378304e-05, 9.40271820582e-06, 8.06943171483e-06, 1.21587518152e-05, 2.24780815188e-05, 3.23151325574e-05, 5.44693139091e-05, 9.4863542472e-05, 8.59831561684e-05, 5.57588828087e-05, 2.60965443886e-05, 8.69334144227e-06, 3.85770772482e-06, 2.13270004679e-06, 1.17928372845e-07, 7.11450176549e-10],
        "median": [7.07953873302e-09, 1.28510350805e-07, 4.49107702138e-08, 1.26092469799e-08, 3.8721488238e-08, 9.89870585499e-09, 5.92298032842e-09, 4.2681524981e-09, 6.01821925628e-09, 3.96533872404e-09, 2.44644349223e-09, 1.01678754305e-09, 5.43120992624e-10, 2.63069149797e-10, 2.48284282023e-10, 2.34824798495e-10, 2.80957895837e-10, 4.54989962373e-10, 5.14053966061e-10, 5.47285994301e-10, 4.48687559329e-10, 2.70959366055e-10, 1.01439655287e-10, 7.51470205507e-11, 6.8966971023e-11, 6.90009724705e-12, 2.56356540813e-13],
        "min": [3.17445738737e-25, 3.70127304729e-24, 1.50292931637e-24, 3.27968664966e-24, 1.09617468705e-23, 7.31604118543e-24, 8.76417997041e-24, 6.04879057259e-24, 2.12464223148e-23, 1.19011066593e-23, 1.3328909399e-23, 1.88078355311e-23, 3.35758828121e-23, 2.9588594833e-23, 6.1575213222e-23, 6.74455942234e-23, 5.94919325455e-23, 1.1144073925e-22, 1.40625146999e-22, 1.37427988413e-22, 1.89768404604e-22, 3.71962179417e-22, 3.84250082722e-22, 6.89042762921e-22, 8.08726518029e-22, 1.15470485616e-21, 1.92271085389e-21],
        "skew": [7.69625711441, 10.9428319931, 8.23935317993, 12.2819776535, 11.074587822, 10.7231826782, 11.0473918915, 5.84867858887, 8.2248468399, 5.0703830719, 4.67741632462, 5.27912044525, 5.4170627594, 4.4288520813, 5.01766729355, 4.97841501236, 6.50381231308, 5.39584779739, 6.41166496277, 5.48175573349, 5.87724161148, 7.30413532257, 5.69230413437, 5.94102668762, 5.77241849899, 7.15952777863, 7.44040393829],
        "var": [1.32575076134e-13, 9.87380288642e-10, 8.70407124154e-09, 7.03259956936e-08, 3.86036788314e-07, 1.52556793864e-07, 1.11356426302e-08, 2.70092459509e-09, 1.46003360513e-08, 5.7787716834e-09, 4.87805484894e-09, 2.98996916115e-09, 1.42884393206e-09, 8.04880051497e-10, 2.0413268853e-09, 7.23452675544e-09, 1.84770261313e-08, 4.39055369839e-08, 1.64960894722e-07, 1.24479427654e-07, 5.63830724332e-08, 1.5616141269e-08, 1.49117518333e-09, 3.13084919101e-10, 9.50492601293e-11, 3.77918453909e-13, 1.70764224447e-17],
        "cov": [[1.33403677645e-13, 4.19019853537e-12, 1.99034139864e-11, 2.22928689397e-11, 6.82100625982e-11, 4.34512807679e-11, 1.3560381984e-11, 8.42686077168e-12, 1.17419875906e-11, 1.94536539655e-11, 1.49405522676e-11, 1.27234594388e-11, 8.30941999236e-12, 5.13646980851e-12, 9.65958649873e-12, 8.859564124e-12, 2.15171960111e-11, 5.6867406617e-11, 1.1440413894e-10, 1.0633288694e-10, 7.76703770744e-11, 3.6615394744e-11, 1.08712613564e-11, 5.73063471676e-12, 3.04707062533e-12, 2.16889684381e-13, 1.48841815338e-15], [4.19019853537e-12, 9.93551352302e-10, 2.75533929006e-09, 8.19028755927e-09, 1.95629823452e-08, 1.22630963162e-08, 3.31656835328e-09, 9.67298796617e-10, 1.74284620069e-09, 1.36763311787e-09, 1.28816413092e-09, 1.36540700968e-09, 8.12111433657e-10, 5.79908121523e-10, 6.54749143791e-10, 1.64961377891e-09, 3.06911340786e-09, 2.98265456777e-09, 6.1094795889e-09, 4.80496442634e-09, 3.10267322945e-09, 1.49906009828e-09, 7.21643911294e-10, 3.16057680028e-10, 1.39266528865e-10, 8.41728683282e-12, 5.63189733293e-14], [1.99034139864e-11, 2.75533929006e-09, 8.75847128157e-09, 2.14523048214e-08, 5.28775672137e-08, 3.32994751773e-08, 9.13697650873e-09, 3.25291571457e-09, 5.41678657484e-09, 5.33351762755e-09, 4.71222660892e-09, 4.5546828531e-09, 2.61466692741e-09, 1.8592644091e-09, 2.39543185288e-09, 4.9923452039e-09, 9.13070863362e-09, 1.28750032857e-08, 2.6292260813e-08, 2.08166603954e-08, 1.39399105592e-08, 7.36341343455e-09, 2.72363109843e-09, 1.23516918915e-09, 5.74316705304e-10, 3.68536277884e-11, 2.45849402034e-13], [2.22928689397e-11, 8.19028755927e-09, 2.14523048214e-08, 7.07655303245e-08, 1.62533652315e-07, 1.01118544649e-07, 2.75971920871e-08, 7.38621963592e-09, 1.43506779793e-08, 8.72676597652e-09, 9.48539913281e-09, 1.01222488169e-08, 6.42976161203e-09, 4.55989912496e-09, 4.8738670877e-09, 1.38534046457e-08, 2.48910563272e-08, 1.90375519793e-08, 3.93065064941e-08, 3.0533382045e-08, 1.77494889897e-08, 7.24686088915e-09, 4.92160312504e-09, 2.17214668474e-09, 9.06663466527e-10, 5.30088646589e-11, 3.47298226419e-13], [6.82100625982e-11, 1.95629823452e-08, 5.28775672137e-08, 1.62533652315e-07, 3.88449507227e-07, 2.43871227212e-07, 6.54456044913e-08, 1.83962143296e-08, 3.33283978193e-08, 2.49365292859e-08, 2.38227535476e-08, 2.6045530177e-08, 1.53820725046e-08, 1.10049054314e-08, 1.19702621149e-08, 3.20733875014e-08, 5.8783218293e-08, 5.12691080701e-08, 1.0402228412e-07, 8.08956528431e-08, 5.19014342615e-08, 2.4627727413e-08, 1.29513253455e-08, 5.56991519574e-09, 2.37307240525e-09, 1.40493186529e-10, 9.45409982939e-13], [4.34512807679e-11, 1.22630963162e-08, 3.32994751773e-08, 1.01118544649e-07, 2.43871227212e-07, 1.53510285372e-07, 4.09999678652e-08, 1.15285079261e-08, 2.06035828398e-08, 1.59959814283e-08, 1.49019836471e-08, 1.65069771185e-08, 9.54574197465e-09, 6.88060319831e-09, 7.42678363252e-09, 1.993094223e-08, 3.63985535046e-08, 3.19464064091e-08, 6.48022648875e-08, 5.03573929223e-08, 3.28593152688e-08, 1.58731143785e-08, 8.12416978135e-09, 3.47021722469e-09, 1.47321888022e-09, 8.73622979514e-11, 5.91658341244e-13], [1.3560381984e-11, 3.31656835328e-09, 9.13697650873e-09, 2.75971920871e-08, 6.54456044913e-08, 4.09999678652e-08, 1.12052402912e-08, 3.3428648738e-09, 6.10761574649e-09, 4.63627802816e-09, 4.47498127443e-09, 4.65925653614e-09, 2.86103962743e-09, 2.07530570506e-09, 2.32974928238e-09, 5.86447779227e-09, 1.06252810994e-08, 1.01944337416e-08, 2.0409704149e-08, 1.65907803051e-08, 1.04042428006e-08, 4.79088768657e-09, 2.40864750367e-09, 1.0582408283e-09, 4.68700800393e-10, 2.81005461955e-11, 1.85968943153e-13], [8.42686077168e-12, 9.67298796617e-10, 3.25291571457e-09, 7.38621963592e-09, 1.83962143296e-08, 1.15285079261e-08, 3.3428648738e-09, 2.71780531413e-09, 5.88543924707e-09, 3.32083516241e-09, 3.49902551378e-09, 2.10527195676e-09, 1.44392364732e-09, 1.19840448676e-09, 2.1055135413e-09, 3.90908949655e-09, 6.61870824814e-09, 8.97542395961e-09, 1.68849947357e-08, 1.34473552293e-08, 8.71070060526e-09, 4.63678606621e-09, 1.76222181292e-09, 7.07976566261e-10, 3.93771737439e-10, 1.85630816274e-11, 1.14534046852e-13], [1.17419875906e-11, 1.74284620069e-09, 5.41678657484e-09, 1.43506779793e-08, 3.33283978193e-08, 2.06035828398e-08, 6.10761574649e-09, 5.88543924707e-09, 1.46915883903e-08, 6.08339201236e-09, 7.0182819556e-09, 3.3797351584e-09, 2.3773298885e-09, 2.35583286212e-09, 4.66924943154e-09, 8.57405169086e-09, 1.46506717869e-08, 1.65390652285e-08, 3.2477377232e-08, 2.476771499e-08, 1.57845274629e-08, 8.14644707248e-09, 3.48647266613e-09, 1.3396388443e-09, 7.99101784743e-10, 3.13804572605e-11, 1.8355456044e-13], [1.94536539655e-11, 1.36763311787e-09, 5.33351762755e-09, 8.72676597652e-09, 2.49365292859e-08, 1.59959814283e-08, 4.63627802816e-09, 3.32083516241e-09, 6.08339201236e-09, 5.81488901474e-09, 4.73535566314e-09, 3.57073726143e-09, 2.07628692017e-09, 1.78323067423e-09, 2.83182521876e-09, 4.39361791393e-09, 8.25009927041e-09, 1.47785810256e-08, 2.84105450277e-08, 2.34834249824e-08, 1.58888369128e-08, 8.85690720764e-09, 2.77370282298e-09, 1.17198439842e-09, 6.30282659397e-10, 3.58520366173e-11, 2.30845019749e-13], [1.49405522676e-11, 1.28816413092e-09, 4.71222660892e-09, 9.48539913281e-09, 2.38227535476e-08, 1.49019836471e-08, 4.47498127443e-09, 3.49902551378e-09, 7.0182819556e-09, 4.73535566314e-09, 4.90854246138e-09, 3.16064729944e-09, 2.21747886719e-09, 1.63992075475e-09, 2.75966405283e-09, 5.01128383235e-09, 8.47920489377e-09, 1.32414808007e-08, 2.50342502284e-08, 2.06767314381e-08, 1.3439861668e-08, 7.02098068572e-09, 2.49584042322e-09, 1.06447106685e-09, 5.78104897286e-10, 3.047892147e-11, 1.92472014889e-13], [1.27234594388e-11, 1.36540700968e-09, 4.5546828531e-09, 1.01222488169e-08, 2.6045530177e-08, 1.65069771185e-08, 4.65925653614e-09, 2.10527195676e-09, 3.3797351584e-09, 3.57073726143e-09, 3.16064729944e-09, 3.0086564351e-09, 1.8366268506e-09, 1.32460609148e-09, 1.69913094705e-09, 3.47865136696e-09, 5.74882186299e-09, 9.28187215976e-09, 1.73047212115e-08, 1.50383847597e-08, 9.99112081956e-09, 5.02181540796e-09, 1.74103842454e-09, 7.84996512238e-10, 3.88810900143e-10, 2.39578027555e-11, 1.55636462919e-13], [8.30941999236e-12, 8.12111433657e-10, 2.61466692741e-09, 6.42976161203e-09, 1.53820725046e-08, 9.54574197465e-09, 2.86103962743e-09, 1.44392364732e-09, 2.3773298885e-09, 2.07628692017e-09, 2.21747886719e-09, 1.8366268506e-09, 1.437774233e-09, 9.00940821946e-10, 1.1856226001e-09, 2.4761417361e-09, 3.98826349723e-09, 6.1927152295e-09, 1.09546629545e-08, 1.04105737364e-08, 6.54546372658e-09, 2.84196488565e-09, 1.12094933336e-09, 5.2996712574e-10, 2.7052993179e-10, 1.65863121848e-11, 1.06819596029e-13], [5.13646980851e-12, 5.79908121523e-10, 1.8592644091e-09, 4.55989912496e-09, 1.10049054314e-08, 6.88060319831e-09, 2.07530570506e-09, 1.19840448676e-09, 2.35583286212e-09, 1.78323067423e-09, 1.63992075475e-09, 1.32460609148e-09, 9.00940821946e-10, 8.09910527533e-10, 1.07057218646e-09, 2.13372342017e-09, 3.42122707941e-09, 4.92289631282e-09, 8.90191564906e-09, 8.0225968091e-09, 4.93145124736e-09, 2.29418573028e-09, 8.86115902876e-10, 3.79191483768e-10, 2.04937150583e-10, 1.1282263318e-11, 6.81387590665e-14], [9.65958649873e-12, 6.54749143791e-10, 2.39543185288e-09, 4.8738670877e-09, 1.19702621149e-08, 7.42678363252e-09, 2.32974928238e-09, 2.1055135413e-09, 4.66924943154e-09, 2.83182521876e-09, 2.75966405283e-09, 1.69913094705e-09, 1.1856226001e-09, 1.07057218646e-09, 2.05408512421e-09, 3.2333606903e-09, 5.51207568478e-09, 8.28351431892e-09, 1.54652983753e-08, 1.31138220283e-08, 8.59722248947e-09, 4.16499457145e-09, 1.52339918458e-09, 6.71295574683e-10, 3.79009101881e-10, 2.01704573183e-11, 1.24905321546e-13], [8.859564124e-12, 1.64961377891e-09, 4.9923452039e-09, 1.38534046457e-08, 3.20733875014e-08, 1.993094223e-08, 5.86447779227e-09, 3.90908949655e-09, 8.57405169086e-09, 4.39361791393e-09, 5.01128383235e-09, 3.47865136696e-09, 2.4761417361e-09, 2.13372342017e-09, 3.2333606903e-09, 7.27974258652e-09, 1.0394965777e-08, 1.2912887648e-08, 2.30847696514e-08, 1.93570190987e-08, 1.1850949555e-08, 5.36422817277e-09, 2.3774762159e-09, 9.79689218639e-10, 5.38284472551e-10, 2.46162500106e-11, 1.39154394388e-13], [2.15171960111e-11, 3.06911340786e-09, 9.13070863362e-09, 2.48910563272e-08, 5.8783218293e-08, 3.63985535046e-08, 1.06252810994e-08, 6.61870824814e-09, 1.46506717869e-08, 8.25009927041e-09, 8.47920489377e-09, 5.74882186299e-09, 3.98826349723e-09, 3.42122707941e-09, 5.51207568478e-09, 1.0394965777e-08, 1.85925070895e-08, 2.24962324324e-08, 4.2939486633e-08, 3.55006477548e-08, 2.22529976668e-08, 1.08999840265e-08, 4.52776571791e-09, 1.86533899438e-09, 1.02679453828e-09, 4.99484828498e-11, 3.04500484072e-13], [5.6867406617e-11, 2.98265456777e-09, 1.28750032857e-08, 1.90375519793e-08, 5.12691080701e-08, 3.19464064091e-08, 1.01944337416e-08, 8.97542395961e-09, 1.65390652285e-08, 1.47785810256e-08, 1.32414808007e-08, 9.28187215976e-09, 6.1927152295e-09, 4.92289631282e-09, 8.28351431892e-09, 1.2912887648e-08, 2.24962324324e-08, 4.41799485884e-08, 8.2647794386e-08, 6.98681006384e-08, 4.63021905261e-08, 2.43303581726e-08, 7.68864882872e-09, 3.43167050332e-09, 1.87521842498e-09, 1.09854257635e-10, 6.94433334621e-13], [1.1440413894e-10, 6.1094795889e-09, 2.6292260813e-08, 3.93065064941e-08, 1.0402228412e-07, 6.48022648875e-08, 2.0409704149e-08, 1.68849947357e-08, 3.2477377232e-08, 2.84105450277e-08, 2.50342502284e-08, 1.73047212115e-08, 1.09546629545e-08, 8.90191564906e-09, 1.54652983753e-08, 2.30847696514e-08, 4.2939486633e-08, 8.2647794386e-08, 1.65991906442e-07, 1.38730285926e-07, 9.17738063322e-08, 4.8596643154e-08, 1.52479131543e-08, 6.83327883166e-09, 3.75479558556e-09, 2.19433610171e-10, 1.39323524505e-12], [1.0633288694e-10, 4.80496442634e-09, 2.08166603954e-08, 3.0533382045e-08, 8.08956528431e-08, 5.03573929223e-08, 1.65907803051e-08, 1.34473552293e-08, 2.476771499e-08, 2.34834249824e-08, 2.06767314381e-08, 1.50383847597e-08, 1.04105737364e-08, 8.0225968091e-09, 1.31138220283e-08, 1.93570190987e-08, 3.55006477548e-08, 6.98681006384e-08, 1.38730285926e-07, 1.25257415107e-07, 8.20907288812e-08, 4.00501569686e-08, 1.27850769971e-08, 5.96804028419e-09, 3.31213634297e-09, 2.01140326617e-10, 1.28537013932e-12], [7.76703770744e-11, 3.10267322945e-09, 1.39399105592e-08, 1.77494889897e-08, 5.19014342615e-08, 3.28593152688e-08, 1.04042428006e-08, 8.71070060526e-09, 1.57845274629e-08, 1.58888369128e-08, 1.3439861668e-08, 9.99112081956e-09, 6.54546372658e-09, 4.93145124736e-09, 8.59722248947e-09, 1.1850949555e-08, 2.22529976668e-08, 4.63021905261e-08, 9.17738063322e-08, 8.20907288812e-08, 5.6735466103e-08, 2.79299463557e-08, 8.65770743985e-09, 4.0857246475e-09, 2.26886021082e-09, 1.39804529065e-10, 9.13177628133e-13], [3.6615394744e-11, 1.49906009828e-09, 7.36341343455e-09, 7.24686088915e-09, 2.4627727413e-08, 1.58731143785e-08, 4.79088768657e-09, 4.63678606621e-09, 8.14644707248e-09, 8.85690720764e-09, 7.02098068572e-09, 5.02181540796e-09, 2.84196488565e-09, 2.29418573028e-09, 4.16499457145e-09, 5.36422817277e-09, 1.08999840265e-08, 2.43303581726e-08, 4.8596643154e-08, 4.00501569686e-08, 2.79299463557e-08, 1.57137414192e-08, 4.50517889661e-09, 1.98478034008e-09, 1.09173126095e-09, 6.49948359022e-11, 4.23222356683e-13], [1.08712613564e-11, 7.21643911294e-10, 2.72363109843e-09, 4.92160312504e-09, 1.29513253455e-08, 8.12416978135e-09, 2.40864750367e-09, 1.76222181292e-09, 3.48647266613e-09, 2.77370282298e-09, 2.49584042322e-09, 1.74103842454e-09, 1.12094933336e-09, 8.86115902876e-10, 1.52339918458e-09, 2.3774762159e-09, 4.52776571791e-09, 7.68864882872e-09, 1.52479131543e-08, 1.27850769971e-08, 8.65770743985e-09, 4.50517889661e-09, 1.50049506153e-09, 6.60821564136e-10, 3.63085950195e-10, 2.05882151605e-11, 1.32888356352e-13], [5.73063471676e-12, 3.16057680028e-10, 1.23516918915e-09, 2.17214668474e-09, 5.56991519574e-09, 3.47021722469e-09, 1.0582408283e-09, 7.07976566261e-10, 1.3396388443e-09, 1.17198439842e-09, 1.06447106685e-09, 7.84996512238e-10, 5.2996712574e-10, 3.79191483768e-10, 6.71295574683e-10, 9.79689218639e-10, 1.86533899438e-09, 3.43167050332e-09, 6.83327883166e-09, 5.96804028419e-09, 4.0857246475e-09, 1.98478034008e-09, 6.60821564136e-10, 3.15041714938e-10, 1.70237976493e-10, 1.05025389427e-11, 6.89740894066e-14], [3.04707062533e-12, 1.39266528865e-10, 5.74316705304e-10, 9.06663466527e-10, 2.37307240525e-09, 1.47321888022e-09, 4.68700800393e-10, 3.93771737439e-10, 7.99101784743e-10, 6.30282659397e-10, 5.78104897286e-10, 3.88810900143e-10, 2.7052993179e-10, 2.04937150583e-10, 3.79009101881e-10, 5.38284472551e-10, 1.02679453828e-09, 1.87521842498e-09, 3.75479558556e-09, 3.31213634297e-09, 2.26886021082e-09, 1.09173126095e-09, 3.63085950195e-10, 1.70237976493e-10, 9.56433127142e-11, 5.65932196939e-12, 3.68246726786e-14], [2.16889684381e-13, 8.41728683282e-12, 3.68536277884e-11, 5.30088646589e-11, 1.40493186529e-10, 8.73622979514e-11, 2.81005461955e-11, 1.85630816274e-11, 3.13804572605e-11, 3.58520366173e-11, 3.047892147e-11, 2.39578027555e-11, 1.65863121848e-11, 1.1282263318e-11, 2.01704573183e-11, 2.46162500106e-11, 4.99484828498e-11, 1.09854257635e-10, 2.19433610171e-10, 2.01140326617e-10, 1.39804529065e-10, 6.49948359022e-11, 2.05882151605e-11, 1.05025389427e-11, 5.65932196939e-12, 3.80280442552e-13, 2.53612273496e-15], [1.48841815338e-15, 5.63189733293e-14, 2.45849402034e-13, 3.47298226419e-13, 9.45409982939e-13, 5.91658341244e-13, 1.85968943153e-13, 1.14534046852e-13, 1.8355456044e-13, 2.30845019749e-13, 1.92472014889e-13, 1.55636462919e-13, 1.06819596029e-13, 6.81387590665e-14, 1.24905321546e-13, 1.39154394388e-13, 3.04500484072e-13, 6.94433334621e-13, 1.39323524505e-12, 1.28537013932e-12, 9.13177628133e-13, 4.23222356683e-13, 1.32888356352e-13, 6.89740894066e-14, 3.68246726786e-14, 2.53612273496e-15, 1.71831502504e-17]]
    },
    "mfcc": {
        "kurt": [2.31578874588, -1.1340457201, 0.278113603592, -0.050407409668, 0.495876789093, -0.285537242889, -0.443819761276, -0.477630853653, 1.03826713562, 3.1782708168, 2.24857759476, 3.68670940399, 3.20765733719],
        "max": [-568.308349609, 101.016151428, 42.6057472229, 52.2424850464, 24.8655738831, 19.9652557373, 23.6112251282, 25.9514255524, 21.6713218689, 14.117975235, 7.94103622437, 10.0193634033, 13.713470459],
        "mean": [-1047.46240234, 34.850933075, -1.34263885021, 9.11790657043, -0.226548567414, 1.57710838318, 5.29486894608, 5.71700286865, 3.81101346016, 0.692775011063, -0.366840153933, -0.527362167835, 0.0514875613153],
        "median": [-1115.78015137, 28.0274429321, -6.103515625e-05, 3.55247879028, -6.103515625e-05, 2.28881835938e-05, 3.82960891724, 4.45185089111, 2.71825027466, -2.28881835938e-05, -2.67028808594e-05, -3.0517578125e-05, -3.81469726562e-05],
        "min": [-1138.42004395, 1.14440917969e-05, -87.8886871338, -21.8909416199, -35.3796463013, -18.1912231445, -9.7176322937, -8.94440460205, -15.2316513062, -24.7485866547, -18.474363327, -18.8316440582, -16.9108600616],
        "skew": [1.87044930458, 0.513595461845, -1.05987274647, 0.516104757786, -0.773212432861, -0.098767913878, 0.462963670492, 0.479789912701, 0.260074019432, -1.00733184814, -0.928027927876, -1.46402132511, -0.0736361071467],
        "var": [21504.3691406, 1151.62316895, 1041.95983887, 179.886398315, 190.615570068, 79.0527496338, 44.7914848328, 43.5883026123, 32.8524284363, 30.1371078491, 17.7385025024, 17.3803462982, 14.5611000061],
        "cov": [[21638.7714844, 2351.45825195, -3353.87646484, 1032.87609863, -1594.13879395, -760.981811523, -148.453872681, -62.2285346985, -174.306411743, -431.541992188, -349.855926514, -348.20135498, -176.967102051], [2351.45825195, 1158.82080078, -271.606903076, 37.594619751, -110.52104187, -80.8458938599, 87.0909881592, 126.505577087, 69.1539306641, -26.0204372406, -50.9366722107, -27.6093654633, 0.954960048199], [-3353.87646484, -271.606903076, 1048.4720459, -37.9890213013, 352.133789062, 241.8253479, 94.8228378296, 78.6592483521, 65.5255584717, 99.9078369141, 63.7250289917, 61.8751296997, 39.3719558716], [1032.87609863, 37.594619751, -37.9890213013, 181.010681152, -18.6619930267, 22.312702179, 12.2961511612, -4.61706829071, -6.6163687706, -12.963766098, -5.21010971069, -12.8495807648, -10.8147525787], [-1594.13879395, -110.52104187, 352.133789062, -18.6619930267, 191.806915283, 96.9856948853, 39.7997436523, 25.4157333374, 24.3903274536, 45.1820487976, 30.5845184326, 29.9628562927, 14.3040952682], [-760.981811523, -80.8458938599, 241.8253479, 22.312702179, 96.9856948853, 79.5468292236, 33.1751441956, 20.9414710999, 16.6767730713, 23.2951927185, 18.3651313782, 17.2358970642, 9.99788188934], [-148.453872681, 87.0909881592, 94.8228378296, 12.2961511612, 39.7997436523, 33.1751441956, 45.071434021, 31.7341918945, 21.0326042175, 13.3318758011, 5.88627338409, 6.83682394028, 6.69381427765], [-62.2285346985, 126.505577087, 78.6592483521, -4.61706829071, 25.4157333374, 20.9414710999, 31.7341918945, 43.8607292175, 29.0617275238, 16.1324501038, 5.97170972824, 5.01059675217, 5.25290679932], [-174.306411743, 69.1539306641, 65.5255584717, -6.6163687706, 24.3903274536, 16.6767730713, 21.0326042175, 29.0617275238, 33.0577545166, 21.8925952911, 10.5559062958, 6.94426250458, 4.17741060257], [-431.541992188, -26.0204372406, 99.9078369141, -12.963766098, 45.1820487976, 23.2951927185, 13.3318758011, 16.1324501038, 21.8925952911, 30.3254642487, 17.8900184631, 10.6958179474, 5.58253574371], [-349.855926514, -50.9366722107, 63.7250289917, -5.21010971069, 30.5845184326, 18.3651313782, 5.88627338409, 5.97170972824, 10.5559062958, 17.8900184631, 17.8493690491, 12.0035934448, 4.86786985397], [-348.20135498, -27.6093654633, 61.8751296997, -12.8495807648, 29.9628562927, 17.2358970642, 6.83682394028, 5.01059675217, 6.94426250458, 10.6958179474, 12.0035934448, 17.4889736176, 11.0153741837], [-176.967102051, 0.954960048199, 39.3719558716, -10.8147525787, 14.3040952682, 9.99788188934, 6.69381427765, 5.25290679932, 4.17741060257, 5.58253574371, 4.86786985397, 11.0153741837, 14.6521072388]]
    },
    "sccoeffs": {
        "kurt": [0.173958063126, 0.106964588165, -0.526926755905, -0.904443740845, -0.464237928391, -0.515895843506],
        "max": [-0.594839990139, -0.703778207302, -0.765473842621, -0.773326873779, -0.762823164463, -0.730346083641],
        "mean": [-0.860256493092, -0.887332618237, -0.898529708385, -0.898779094219, -0.899777173996, -0.886780142784],
        "median": [-0.858231127262, -0.892219722271, -0.896650671959, -0.902784347534, -0.91096419096, -0.901381075382],
        "min": [-0.979377985001, -0.976646304131, -0.973720490932, -0.974184274673, -0.96658962965, -0.963804543018],
        "skew": [0.474204450846, 0.598972797394, 0.2804659307, 0.257654726505, 0.708941340446, 0.805324018002],
        "var": [0.00611988641322, 0.00376086030155, 0.00238459650427, 0.00245895073749, 0.00285948766395, 0.00453676143661],
        "cov": [[0.00615813583136, 0.00374523317441, 0.00296037620865, 0.00302341766655, 0.00325507041998, 0.00387958320789], [0.00374523317441, 0.00378436548635, 0.00254940683953, 0.00262689520605, 0.00287121394649, 0.0035854303278], [0.00296037620865, 0.00254940683953, 0.0023995002266, 0.00218149460852, 0.002334210556, 0.00284693483263], [0.00302341766655, 0.00262689520605, 0.00218149460852, 0.00247431918979, 0.0024664294906, 0.00298102153465], [0.00325507041998, 0.00287121394649, 0.002334210556, 0.0024664294906, 0.00287735951133, 0.00345199787989], [0.00387958320789, 0.0035854303278, 0.00284693483263, 0.00298102153465, 0.00345199787989, 0.00456511648372]]
    },
    "scvalleys": {
        "kurt": [-0.963700294495, -1.00844395161, -1.05187249184, -1.04783070087, -1.00263166428, -0.953034162521],
        "max": [-5.09213733673, -5.00446033478, -5.41920423508, -6.12491416931, -5.64821338654, -7.30809736252],
        "mean": [-14.3908205032, -14.7842054367, -14.9176673889, -15.572016716, -15.7823810577, -17.1406650543],
        "median": [-9.88018512726, -11.0895166397, -11.6353178024, -13.0013017654, -13.2040700912, -14.4065675735],
        "min": [-27.902557373, -28.3033599854, -27.8387107849, -27.6798362732, -27.4702110291, -27.3651847839],
        "skew": [-0.950440466404, -0.85744279623, -0.781615138054, -0.720238804817, -0.690436184406, -0.679386615753],
        "var": [62.6712684631, 60.5503692627, 60.7463798523, 55.1903076172, 53.6547088623, 41.5553092957],
        "cov": [[63.0629653931, 61.6669082642, 61.4014091492, 58.1606445312, 57.1686401367, 50.3418922424], [61.6669082642, 60.9288101196, 60.8454284668, 57.8225021362, 56.874206543, 49.9893569946], [61.4014091492, 60.8454284668, 61.1260452271, 58.158782959, 57.152141571, 50.0797386169], [58.1606445312, 57.8225021362, 58.158782959, 55.5352478027, 54.6444396973, 47.8304710388], [57.1686401367, 56.874206543, 57.152141571, 54.6444396973, 53.9900512695, 47.3543167114], [50.3418922424, 49.9893569946, 50.0797386169, 47.8304710388, 47.3543167114, 41.8150291443]]
    }
},
"rhythm": {
    "beats_loudness": {
        "kurt": 1.19988012314,
        "max": 0.0123356264085,
        "mean": 0.00206507882103,
        "median": 1.34891524795e-06,
        "min": 0,
        "skew": 1.78878760338,
        "var": 2.10971775232e-05
    },
    "bpm": 117.453842163,
    "confidence": 0,
    "first_peak_bpm": {
        "kurt": 0,
        "max": 117,
        "mean": 117,
        "median": 117,
        "min": 117,
        "skew": 0,
        "var": 0
    },
    "first_peak_spread": {
        "kurt": 0,
        "max": 0,
        "mean": 0,
        "median": 0,
        "min": 0,
        "skew": 0,
        "var": 0
    },
    "first_peak_weight": {
        "kurt": 0,
        "max": 0.800000011921,
        "mean": 0.800000011921,
        "median": 0.800000011921,
        "min": 0.800000011921,
        "skew": 0,
        "var": 0
    },
    "onset_rate": 0.27040117979,
    "second_peak_bpm": {
        "kurt": 0,
        "max": 110,
        "mean": 110,
        "median": 110,
        "min": 110,
        "skew": 0,
        "var": 0
    },
    "second_peak_spread": {
        "kurt": 0,
        "max": 0,
        "mean": 0,
        "median": 0,
        "min": 0,
        "skew": 0,
        "var": 0
    },
    "second_peak_weight": {
        "kurt": 0,
        "max": 0.20000000298,
        "mean": 0.20000000298,
        "median": 0.20000000298,
        "min": 0.20000000298,
        "skew": 0,
        "var": 0
    },
    "beats_loudness_band_ratio": {
        "kurt": [-1.56488215923, -0.66502571106, -1.45445227623, -1.08534562588, -1.17801690102, 0.807607889175],
        "max": [0.893677830696, 0.23470903933, 0.279877781868, 0.266724795103, 0.36910700798, 0.475508213043],
        "mean": [0.349761098623, 0.0853338167071, 0.119211502373, 0.0912009254098, 0.117598257959, 0.0998955443501],
        "median": [0.168599113822, 0.0540197715163, 0.101131781936, 0.0431789048016, 0.032541193068, 0.00516061671078],
        "min": [0, 0, 0, 0, 0, 0],
        "skew": [0.496319979429, 0.84081351757, 0.302419990301, 0.726330459118, 0.767372727394, 1.60132491589],
        "var": [0.148489609361, 0.00641543185338, 0.0105912163854, 0.0100940307602, 0.0215176474303, 0.0297768358141],
        "cov": [[0.178187519312, 0.0158748980612, -0.0185975842178, -0.0212832428515, -0.0420833788812, -0.0383901149035], [0.0158748980612, 0.00769851822406, 0.00505606364459, 0.0022200003732, -0.00465641822666, -0.00628954637796], [-0.0185975842178, 0.00505606364459, 0.0127094592899, 0.0107859959826, 0.0104404343292, 0.00559725472704], [-0.0212832428515, 0.0022200003732, 0.0107859959826, 0.0121128363535, 0.0130655290559, 0.00225655431859], [-0.0420833788812, -0.00465641822666, 0.0104404343292, 0.0130655290559, 0.0258211754262, 0.0197080485523], [-0.0383901149035, -0.00628954637796, 0.00559725472704, 0.00225655431859, 0.0197080485523, 0.0357322022319]]
    },
    "beats_position": [0.522448956966, 1.06811785698, 1.57895684242, 2.08979582787, 2.60063481331, 3.11147379875],
    "bpm_estimates": [117.453842163, 117.453842163, 117.453842163, 117.453842163],
    "bpm_intervals": [0.545668900013, 0.510838985443, 0.510838985443, 0.510838985443, 0.510838985443],
    "onset_times": [0.99845802784],
    "histogram": [[0, 0, 0, 0, 0, 0, 0, 0, 0, 0, 0, 0, 0, 0, 0, 0, 0, 0, 0, 0, 0, 0, 0, 0, 0, 0, 0, 0, 0, 0, 0, 0, 0, 0, 0, 0, 0, 0, 0, 0, 0, 0, 0, 0, 0, 0, 0, 0, 0, 0, 0, 0, 0, 0, 0, 0, 0, 0, 0, 0, 0, 0, 0, 0, 0, 0, 0, 0, 0, 0, 0, 0, 0, 0, 0, 0, 0, 0, 0, 0, 0, 0, 0, 0, 0, 0, 0, 0, 0, 0, 0, 0, 0, 0, 0, 0, 0, 0, 0, 0, 0, 0, 0, 0, 0, 0, 0, 0, 0, 0, 0.20000000298, 0, 0, 0, 0, 0, 0, 0.800000011921, 0, 0, 0, 0, 0, 0, 0, 0, 0, 0, 0, 0, 0, 0, 0, 0, 0, 0, 0, 0, 0, 0, 0, 0, 0, 0, 0, 0, 0, 0, 0, 0, 0, 0, 0, 0, 0, 0, 0, 0, 0, 0, 0, 0, 0, 0, 0, 0, 0, 0, 0, 0, 0, 0, 0, 0, 0, 0, 0, 0, 0, 0, 0, 0, 0, 0, 0, 0, 0, 0, 0, 0, 0, 0, 0, 0, 0, 0, 0, 0, 0, 0, 0, 0, 0, 0, 0, 0, 0, 0, 0, 0, 0, 0, 0, 0, 0, 0, 0, 0, 0, 0, 0, 0, 0, 0, 0, 0, 0, 0, 0, 0, 0, 0, 0, 0, 0, 0, 0, 0, 0, 0, 0, 0, 0, 0, 0, 0, 0, 0, 0, 0]]
},
"sfx": {
    "inharmonicity": {
        "kurt": -1.15584719181,
        "max": 0.389648795128,
        "mean": 0.131902456284,
        "median": 0.0984156876802,
        "min": 0,
        "skew": 0.367075264454,
        "var": 0.0100222164765
    },
    "oddtoevenharmonicenergyratio": {
        "kurt": 27.3550624847,
        "max": 11.9999866486,
        "mean": 1.03170239925,
        "median": 0.740025520325,
        "min": 0,
        "skew": 4.31417655945,
        "var": 1.84781968594
    },
    "pitch_after_max_to_before_max_energy_ratio": 6.94233560562,
    "pitch_centroid": 75.2086486816,
    "pitch_max_to_total": 0.267080754042,
    "pitch_min_to_total": 0.813664615154,
    "tristimulus": {
        "kurt": [0.777807712555, 1.16684246063, -1.24252891541],
        "max": [1, 0.811702430248, 0.971520006657],
        "mean": [0.240163981915, 0.224664658308, 0.535171627998],
        "median": [0.0876011997461, 0.18259742856, 0.627678155899],
        "min": [0, 0, 0],
        "skew": [1.36935973167, 1.17122888565, -0.409538030624],
        "var": [0.0875594839454, 0.0287459157407, 0.0889639109373],
        "cov": [[0.0881067365408, -0.0137561829761, -0.0743505358696], [-0.0137561829761, 0.0289255771786, -0.0151693951339], [-0.0743505358696, -0.0151693951339, 0.0895199328661]]
    }
},
"tonal": {
    "chords_changes_rate": 0.111111111939,
    "chords_number_rate": 0.0987654328346,
    "chords_strength": {
        "kurt": 19.4994850159,
        "max": 0.729617476463,
        "mean": 0.487722218037,
        "median": 0.538465082645,
        "min": -1,
        "skew": -3.42226743698,
        "var": 0.0523035265505
    },
    "key_strength": 0.496165364981,
    "tuning_diatonic_strength": 0.472534149885,
    "tuning_equal_tempered_deviation": 0.225646212697,
    "tuning_frequency": 453.416503906,
    "tuning_nontempered_energy_ratio": 0.904024124146,
    "hpcp": {
        "kurt": [1.50962638855, 1.88963937759, 1.24575567245, 1.10056591034, 0.465734958649, -0.399786710739, -0.347373723984, 0.256537437439, 1.68635129929, 2.7265329361, 0.81006193161, 0.274749994278, 0.619054555893, 3.23772192001, 2.1172337532, 2.1811299324, 1.02906227112, 1.18436813354, 3.09771585464, 0.988168478012, 2.93241930008, 0.0462605953217, 1.29870796204, 1.06054878235, 2.03720998764, 0.544772624969, 0.62024307251, 0.821854114532, 1.63573551178, 2.10900163651, 1.0738530159, 1.88581752777, 1.39794111252, 0.0462377071381, 0.277148962021, 0.736933469772],
        "max": [1, 1, 0.757376849651, 1, 1, 1, 1, 1, 1, 1, 1, 1, 1, 1, 1, 1, 1, 1, 0.91645616293, 0.656568229198, 0.816346228123, 0.874858379364, 1, 0.710073769093, 1, 1, 1, 1, 1, 1, 0.955332636833, 1, 1, 0.945522606373, 1, 1],
        "mean": [0.183488592505, 0.160410523415, 0.129903659225, 0.177167892456, 0.224522456527, 0.252948820591, 0.261569589376, 0.215628430247, 0.171779945493, 0.161876484752, 0.183263137937, 0.210827842355, 0.197236075997, 0.164648830891, 0.162250429392, 0.170219019055, 0.192757189274, 0.190263792872, 0.146045669913, 0.125531747937, 0.127506434917, 0.184687361121, 0.195697188377, 0.140866369009, 0.166204184294, 0.208005830646, 0.220527738333, 0.208195656538, 0.187742367387, 0.169566676021, 0.172073230147, 0.174340590835, 0.170775324106, 0.210816070437, 0.231785297394, 0.199126586318],
        "median": [0.0250261146575, 0.0290966648608, 0.0198228489608, 0.0277650356293, 0.0463316887617, 0.0574483275414, 0.0949061736465, 0.0707560330629, 0.0634476467967, 0.0345537252724, 0.022793488577, 0.0395123846829, 0.0450709238648, 0.0659295171499, 0.0515835508704, 0.0383921563625, 0.024537185207, 0.0198766589165, 0.027798159048, 0.0319622866809, 0.0340439304709, 0.0543390698731, 0.0318860560656, 0.0523664839566, 0.0162031706423, 0.0510187111795, 0.0404119603336, 0.0488269887865, 0.0335747636855, 0.0495713837445, 0.0293722525239, 0.0334919020534, 0.0345941483974, 0.0303065571934, 0.0330045595765, 0.0404294840991],
        "min": [0, 0, 0, 0, 0, 0, 0, 0, 0, 0, 0, 0, 0, 0, 0, 0, 0, 0, 0, 0, 0, 0, 0, 0, 0, 0, 0, 0, 0, 0, 0, 0, 0, 0, 0, 0],
