{
"metadata": {
    "version": {
        "essentia": "2.1-beta3"
    }
},
"lowLevel": {
    "average_loudness": 0.9832072258,
    "barkbands_kurtosis": {
        "kurt": 4.62597990036,
        "max": 31.3847770691,
        "mean": 2.89578270912,
        "median": 0.492126226425,
        "min": -1.86225235462,
        "skew": 1.81408619881,
        "var": 33.4902153015
    },
    "barkbands_skewness": {
        "kurt": -0.380081415176,
        "max": 3.58646440506,
        "mean": -0.482248336077,
        "median": -0.311065137386,
        "min": -4.97126150131,
        "skew": -0.113226749003,
        "var": 2.71369218826
    },
    "barkbands_spread": {
        "kurt": -1.43278717995,
        "max": 77.8656845093,
        "mean": 36.3913421631,
        "median": 40.755405426,
        "min": 3.11366009712,
        "skew": -0.0935411676764,
        "var": 551.332946777
    },
    "dissonance": {
        "kurt": 27.4481391907,
        "max": 0.499967634678,
        "mean": 0.490871429443,
        "median": 0.49291574955,
        "min": 0.399644881487,
        "skew": -4.55094385147,
        "var": 0.000152877822984
    },
    "hfc": {
        "kurt": 62.9959716797,
        "max": 92.821762085,
        "mean": 1.86547482014,
        "median": 9.2916743597e-06,
        "min": 1.42986232277e-06,
        "skew": 7.57897472382,
        "var": 99.0288619995
    },
    "pitch": {
        "kurt": -0.0839486122131,
        "max": 5470.51416016,
        "mean": 3187.6809082,
        "median": 3705.48974609,
        "min": 118.506736755,
        "skew": -0.960773944855,
        "var": 1933353.5
    },
    "pitch_instantaneous_confidence": {
        "kurt": -0.518773794174,
        "max": 0.614206373692,
        "mean": 0.345515877008,
        "median": 0.335813373327,
        "min": 0.0973566770554,
        "skew": 0.241926476359,
        "var": 0.011132880114
    },
    "pitch_salience": {
        "kurt": 0.331003665924,
        "max": 0.939576625824,
        "mean": 0.724296569824,
        "median": 0.731401145458,
        "min": 0.40068769455,
        "skew": -0.626757919788,
        "var": 0.0127627383918
    },
    "silence_rate_20dB": {
        "kurt": 0,
        "max": 1,
        "mean": 1,
        "median": 1,
        "min": 1,
        "skew": 0,
        "var": 0
    },
    "silence_rate_30dB": {
        "kurt": 0,
        "max": 1,
        "mean": 1,
        "median": 1,
        "min": 1,
        "skew": 0,
        "var": 0
    },
    "silence_rate_60dB": {
        "kurt": 13.0588283539,
        "max": 1,
        "mean": 0.944444417953,
        "median": 1,
        "min": 0,
        "skew": -3.88056945801,
        "var": 0.0524691306055
    },
    "spectral_centroid": {
        "kurt": -0.855034589767,
        "max": 5205.54052734,
        "mean": 2353.29858398,
        "median": 2150.03027344,
        "min": 292.425048828,
        "skew": 0.282777279615,
        "var": 1531831.375
    },
    "spectral_complexity": {
        "kurt": 50.1033706665,
        "max": 37,
        "mean": 0.731481492519,
        "median": 0,
        "min": 0,
        "skew": 7.07449531555,
        "var": 19.9556789398
    },
    "spectral_crest": {
        "kurt": 1.40708684921,
        "max": 18.6332492828,
        "mean": 7.80511474609,
        "median": 6.75190734863,
        "min": 3.51246714592,
        "skew": 1.32430207729,
        "var": 10.612165451
    },
    "spectral_decrease": {
        "kurt": 48.324054718,
        "max": -2.63483044891e-16,
        "mean": -1.32873184677e-10,
        "median": -2.16163612821e-15,
        "min": -6.34231156482e-09,
        "skew": -7.02708721161,
        "var": 6.49697173107e-19
    },
    "spectral_energy": {
        "kurt": 50.2268180847,
        "max": 0.0323565043509,
        "mean": 0.000670697423629,
        "median": 9.44185352125e-09,
        "min": 1.14126874617e-09,
        "skew": 7.05323600769,
        "var": 1.49696070366e-05
    },
    "spectral_energyband_high": {
        "kurt": 52.0453300476,
        "max": 0.0111117847264,
        "mean": 0.00024574395502,
        "median": 1.13733911178e-09,
        "min": 1.05646894011e-10,
        "skew": 6.88364028931,
        "var": 1.5731258145e-06
    },
    "spectral_energyband_low": {
        "kurt": 61.67237854,
        "max": 0.006080633495,
        "mean": 9.09410955501e-05,
        "median": 2.90145640847e-09,
        "min": 1.38954070472e-10,
        "skew": 7.80955505371,
        "var": 4.53599170669e-07
    },
    "spectral_energyband_middle_high": {
        "kurt": 75.9940490723,
        "max": 0.0122556099668,
        "mean": 0.000193191721337,
        "median": 1.42105904821e-09,
        "min": 2.55002741145e-10,
        "skew": 8.57203483582,
        "var": 1.59473256645e-06
    },
    "spectral_energyband_middle_low": {
        "kurt": 64.9967498779,
        "max": 0.0115045588464,
        "mean": 0.000166920814081,
        "median": 1.97828864401e-09,
        "min": 1.7413560871e-10,
        "skew": 7.99036073685,
        "var": 1.56167072873e-06
    },
    "spectral_flatness_db": {
        "kurt": -0.686550140381,
        "max": 0.269663125277,
        "mean": 0.143409714103,
        "median": 0.136639267206,
        "min": 0.0658447295427,
        "skew": 0.531420946121,
        "var": 0.00225159712136
    },
    "spectral_flux": {
        "kurt": 17.4613323212,
        "max": 0.17300863564,
        "mean": 0.00946126971394,
        "median": 6.42548038741e-05,
        "min": 1.77517849806e-05,
        "skew": 4.22138166428,
        "var": 0.000896872254089
    },
    "spectral_kurtosis": {
        "kurt": 31.5348892212,
        "max": 15.1794071198,
        "mean": 3.20993328094,
        "median": 3.04687428474,
        "min": 1.44939613342,
        "skew": 4.40224170685,
        "var": 2.36366248131
    },
    "spectral_rms": {
        "kurt": 30.7041625977,
        "max": 0.00561848049983,
        "mean": 0.000230744946748,
        "median": 3.03384854305e-06,
        "min": 1.05519325189e-06,
        "skew": 5.35578870773,
        "var": 6.01095848651e-07
    },
    "spectral_rolloff": {
        "kurt": 1.81325674057,
        "max": 6029.296875,
        "mean": 3975.66821289,
        "median": 4242.04101562,
        "min": 215.33203125,
        "skew": -1.23863899708,
        "var": 1730875.125
    },
    "spectral_skewness": {
        "kurt": 3.96447038651,
        "max": 3.1152882576,
        "mean": 1.21024036407,
        "median": 1.24236345291,
        "min": 0.272006630898,
        "skew": 0.773591458797,
        "var": 0.151951238513
    },
    "spectral_spread": {
        "kurt": 13.0696144104,
        "max": 22916954,
        "mean": 6459576.5,
        "median": 6980314,
        "min": 2628589,
        "skew": 2.22697067261,
        "var": 6.73321477734e+12
    },
    "spectral_strongpeak": {
        "kurt": 71.9913406372,
        "max": 2.07725214958,
        "mean": 0.0588597133756,
        "median": 0.000176299436134,
        "min": 0,
        "skew": 8.01667022705,
        "var": 0.0453282594681
    },
    "zerocrossingrate": {
        "kurt": -0.984125137329,
        "max": 0.20166015625,
        "mean": 0.126541703939,
        "median": 0.12060546875,
        "min": 0.03857421875,
        "skew": 0.0164538770914,
        "var": 0.00160492444411
    },
    "barkbands": {
        "kurt": [33.852016449, 54.725189209, 58.8591995239, 79.7701873779, 66.3018493652, 56.6694602966, 61.1058807373, 66.5456314087, 56.7166938782, 48.6881904602, 60.2108345032, 54.035030365, 84.8771743774, 40.9407997131, 86.0173187256, 78.6248626709, 59.0807723999, 84.0813293457, 76.9587860107, 82.1507720947, 77.5832672119, 32.0227928162, 90.5546340942, 79.1912002563, 87.6583023071, 54.840221405, 57.1739196777],
        "max": [4.29158644693e-05, 0.00154414377175, 0.00269578187726, 0.00374743063003, 0.0060819434002, 0.00105780758895, 0.000539830652997, 0.000163695498486, 0.000202451818041, 0.000153174740262, 0.000417409173679, 0.000587733578868, 0.000342551851645, 0.000134942616569, 0.000453364045825, 0.000956986506935, 0.000945477397181, 0.00302361743525, 0.00303989113308, 0.00528430985287, 0.00448250072077, 0.00376243842766, 0.000477315013995, 0.000180164992344, 8.76353733474e-05, 4.0094500946e-06, 1.01228430083e-07],
        "mean": [1.12428620014e-06, 2.52287918556e-05, 4.09955682699e-05, 4.80860544485e-05, 8.66239352035e-05, 1.67434609466e-05, 8.30365570437e-06, 2.66566303253e-06, 3.38062682204e-06, 3.05690650748e-06, 6.61168223814e-06, 9.93470166577e-06, 4.85033888253e-06, 3.37751089319e-06, 6.54568020764e-06, 1.48846138472e-05, 1.68497608684e-05, 4.33993955085e-05, 4.89061385451e-05, 8.59248393681e-05, 7.61512346799e-05, 0.000105816827272, 7.01697899785e-06, 2.85943633571e-06, 1.28060980842e-06, 7.82459608217e-08, 1.69906611003e-09],
        "median": [2.41547559732e-10, 8.71756555831e-10, 5.1939513801e-10, 5.13405651326e-10, 1.01810271325e-09, 8.58716708851e-11, 3.21425733252e-11, 2.81673764174e-11, 3.97544705488e-11, 1.6666484165e-11, 1.46391024303e-11, 1.82786320801e-11, 2.15393779202e-11, 2.4087971201e-11, 6.67059948944e-11, 2.30611682528e-10, 1.81250459086e-10, 3.65115104817e-10, 3.55111495765e-10, 5.34794153406e-10, 4.81863715596e-10, 2.44445297337e-10, 3.81333922772e-11, 1.82928810988e-11, 8.12135515088e-12, 5.03740170237e-13, 2.51971464798e-14],
        "min": [3.23605075028e-13, 2.6468783762e-11, 5.85210092191e-12, 1.51763983325e-11, 3.83474051124e-11, 2.87055253699e-12, 2.32772308373e-12, 1.49766646567e-12, 6.50012335623e-12, 2.22662882056e-12, 8.56710590056e-13, 1.69824918017e-12, 2.50669819103e-12, 3.15390010115e-12, 4.32369157838e-12, 1.92388101977e-11, 2.69332316866e-11, 3.45872740171e-11, 5.01142738418e-11, 6.17088879995e-11, 2.68723428926e-11, 2.09708431176e-11, 2.78597674444e-12, 2.20759196513e-12, 2.10949595465e-12, 2.66150897979e-13, 1.58369682386e-14],
        "skew": [5.90978288651, 7.43244600296, 7.66061258316, 8.8122844696, 8.06153774261, 7.54369974136, 7.77909898758, 8.03723812103, 7.53435564041, 7.10377311707, 7.72536039352, 7.39899396896, 9.07228183746, 6.37637472153, 9.1516828537, 8.70943164825, 7.63803958893, 9.04778862, 8.61981487274, 8.87836456299, 8.57068729401, 5.72557401657, 9.39601230621, 8.71870517731, 9.20876789093, 7.15438175201, 7.53930234909],
        "var": [4.10805313378e-11, 3.26379208104e-08, 9.27482517454e-08, 1.46056265748e-07, 4.30544105257e-07, 1.47910084181e-08, 3.59890339752e-09, 3.08624376055e-10, 5.38933342398e-10, 4.09433015269e-10, 2.17438156369e-09, 4.80078421461e-09, 1.17461973481e-09, 3.11301873168e-10, 2.04284988925e-09, 9.5327301608e-09, 1.12408145014e-08, 9.20273208749e-08, 9.73012959093e-08, 2.82890539438e-07, 2.09209602531e-07, 2.88712243446e-07, 2.20186802125e-09, 3.3592928439e-10, 7.54526996438e-11, 2.01781882761e-13, 1.33052107408e-16],
        "cov": [[4.14644603375e-11, 1.05177988541e-09, 1.72262482057e-09, 2.01824090773e-09, 3.63297081307e-09, 6.92907786704e-10, 3.38102962294e-10, 1.00324588914e-10, 1.32970773281e-10, 1.19809162591e-10, 2.63905480802e-10, 3.98729355089e-10, 1.75991485274e-10, 9.98283053444e-11, 2.34096131368e-10, 5.34866928525e-10, 6.07366601457e-10, 1.58601709543e-09, 1.690762641e-09, 2.76612821537e-09, 2.41403408374e-09, 1.37945022072e-09, 2.25131260856e-10, 9.72952135525e-11, 4.26347186722e-11, 2.3623642105e-12, 6.5747368216e-14], [1.05177988541e-09, 3.29429461488e-08, 5.54144072851e-08, 6.72977407135e-08, 1.18506925162e-07, 2.21535305656e-08, 9.99183757955e-09, 2.82765566517e-09, 3.94396648673e-09, 3.61879681776e-09, 7.79171838161e-09, 1.19509451224e-08, 4.85888262958e-09, 2.9582145622e-09, 6.42159836417e-09, 1.46136356349e-08, 1.7716436318e-08, 4.4079285999e-08, 4.7269953285e-08, 7.56073248454e-08, 6.53847607168e-08, 3.08448697695e-08, 6.02486149859e-09, 2.69347011361e-09, 1.15087084307e-09, 6.53316428734e-11, 2.09300762485e-12], [1.72262482057e-09, 5.54144072851e-08, 9.36150570396e-08, 1.14939510354e-07, 2.0104386067e-07, 3.73691086963e-08, 1.64416320558e-08, 4.61757121428e-09, 6.50866072149e-09, 6.02611471834e-09, 1.28275559064e-08, 1.97742409114e-08, 7.84362796935e-09, 4.91745977271e-09, 1.03540633845e-08, 2.36362165396e-08, 2.91515593887e-08, 7.12491541321e-08, 7.67448042893e-08, 1.21950790799e-07, 1.05565298725e-07, 4.89592828501e-08, 9.62118384962e-09, 4.36117764124e-09, 1.84571180561e-09, 1.06619005291e-10, 3.5337976035e-12], [2.01824090773e-09, 6.72977407135e-08, 1.14939510354e-07, 1.47421275187e-07, 2.5104947099e-07, 4.56145983208e-08, 1.80226908952e-08, 4.95627983099e-09, 7.23769399968e-09, 7.01278546344e-09, 1.40963729578e-08, 2.22344400669e-08, 7.83255327264e-09, 5.63854207769e-09, 1.03315471733e-08, 2.43010234158e-08, 3.20820063848e-08, 7.19537496252e-08, 7.95002605969e-08, 1.2227452828e-07, 1.06698074376e-07, 4.44382060039e-08, 9.09845354613e-09, 4.45073977673e-09, 1.78038939147e-09, 1.12442402611e-10, 4.32906098122e-12], [3.63297081307e-09, 1.18506925162e-07, 2.0104386067e-07, 2.5104947099e-07, 4.34567880347e-07, 8.00742014917e-08, 3.38629924101e-08, 9.43926004027e-09, 1.34739401858e-08, 1.26830208558e-08, 2.64428301477e-08, 4.10998630684e-08, 1.56428150433e-08, 1.02937649515e-08, 2.06439949579e-08, 4.76011834394e-08, 6.01241154641e-08, 1.42633254541e-07, 1.54968915922e-07, 2.43539261646e-07, 2.11378235804e-07, 9.46445908312e-08, 1.88475315355e-08, 8.76156391882e-09, 3.63903773781e-09, 2.16622497717e-10, 7.58255958022e-12], [6.92907786704e-10, 2.21535305656e-08, 3.73691086963e-08, 4.56145983208e-08, 8.00742014917e-08, 1.49292418428e-08, 6.65573107739e-09, 1.87458271128e-09, 2.63104094067e-09, 2.42285813634e-09, 5.19200815674e-09, 7.98205945785e-09, 3.21044857365e-09, 1.9842960608e-09, 4.23738333311e-09, 9.64049018393e-09, 1.18010285988e-08, 2.91133517294e-08, 3.12811003766e-08, 4.99103371965e-08, 4.31902229536e-08, 2.0581506277e-08, 3.96158927884e-09, 1.78133052753e-09, 7.58615670282e-10, 4.34718892828e-11, 1.41178063164e-12], [3.38102962294e-10, 9.99183757955e-09, 1.64416320558e-08, 1.80226908952e-08, 3.38629924101e-08, 6.65573107739e-09, 3.63253804814e-09, 1.0578435905e-09, 1.40294686979e-09, 1.19224563555e-09, 2.82236345406e-09, 4.17708800882e-09, 1.99787808519e-09, 1.00404506931e-09, 2.64016319917e-09, 5.78184700117e-09, 6.40191855084e-09, 1.78672205919e-08, 1.85685227194e-08, 3.09242231822e-08, 2.6489201943e-08, 1.42464182673e-08, 2.62816945984e-09, 1.07875841593e-09, 4.92084983872e-10, 2.51609809376e-11, 6.24504950791e-13], [1.00324588914e-10, 2.82765566517e-09, 4.61757121428e-09, 4.95627983099e-09, 9.43926004027e-09, 1.87458271128e-09, 1.0578435905e-09, 3.11508707718e-10, 4.07638867106e-10, 3.4291211537e-10, 8.21817447427e-10, 1.20947363236e-09, 5.93900484347e-10, 2.91429824717e-10, 7.85427112238e-10, 1.71656977521e-09, 1.86873383434e-09, 5.29926502679e-09, 5.49544054707e-09, 9.21280651767e-09, 7.90023158004e-09, 4.47562786832e-09, 7.88669907159e-10, 3.20259874176e-10, 1.47261702832e-10, 7.46237793781e-12, 1.7604846617e-13], [1.32970773281e-10, 3.94396648673e-09, 6.50866072149e-09, 7.23769399968e-09, 1.34739401858e-08, 2.63104094067e-09, 1.40294686979e-09, 4.07638867106e-10, 5.43970091194e-10, 4.66434169066e-10, 1.09150688488e-09, 1.62189950359e-09, 7.64698915301e-10, 3.95499022421e-10, 1.00908204015e-09, 2.21489004915e-09, 2.47975573409e-09, 6.82833256604e-09, 7.12374514933e-09, 1.18443548303e-08, 1.01829700228e-08, 5.76919578776e-09, 1.0007839002e-09, 4.13904160945e-10, 1.88042345584e-10, 9.79514212796e-12, 2.4780099305e-13], [1.19809162591e-10, 3.61879681776e-09, 6.02611471834e-09, 7.01278546344e-09, 1.26830208558e-08, 2.42285813634e-09, 1.19224563555e-09, 3.4291211537e-10, 4.66434169066e-10, 4.1325948219e-10, 9.28836452196e-10, 1.40087375033e-09, 6.19185314132e-10, 3.4604055732e-10, 8.1741469149e-10, 1.82138137905e-09, 2.11442285902e-09, 5.55816104253e-09, 5.87518877992e-09, 9.60425694529e-09, 8.29352675424e-09, 4.48864279079e-09, 7.9107992379e-10, 3.38531036537e-10, 1.49928083837e-10, 8.15563849094e-12, 2.28958318233e-13], [2.63905480802e-10, 7.79171838161e-09, 1.28275559064e-08, 1.40963729578e-08, 2.64428301477e-08, 5.19200815674e-09, 2.82236345406e-09, 8.21817447427e-10, 1.09150688488e-09, 9.28836452196e-10, 2.19470286389e-09, 3.24973403742e-09, 1.55284451964e-09, 7.87245768574e-10, 2.04983408025e-09, 4.48862724767e-09, 4.9806483382e-09, 1.38660620763e-08, 1.44185827722e-08, 2.40576749633e-08, 2.06439967343e-08, 1.16064242661e-08, 2.04376138235e-09, 8.39163627475e-10, 3.82995357651e-10, 1.9701415846e-11, 4.88103643875e-13], [3.98729355089e-10, 1.19509451224e-08, 1.97742409114e-08, 2.22344400669e-08, 4.10998630684e-08, 7.98205945785e-09, 4.17708800882e-09, 1.20947363236e-09, 1.62189950359e-09, 1.40087375033e-09, 3.24973403742e-09, 4.84565143566e-09, 2.24905338797e-09, 1.18013299133e-09, 2.9688700387e-09, 6.53893339475e-09, 7.38139371848e-09, 2.01227567942e-08, 2.10436432724e-08, 3.48214825863e-08, 2.99348243971e-08, 1.63923221663e-08, 2.92635116139e-09, 1.2195757737e-09, 5.50690382184e-10, 2.88759727934e-11, 7.51622234504e-13], [1.75991485274e-10, 4.85888262958e-09, 7.84362796935e-09, 7.83255327264e-09, 1.56428150433e-08, 3.21044857365e-09, 1.99787808519e-09, 5.93900484347e-10, 7.64698915301e-10, 6.19185314132e-10, 1.55284451964e-09, 2.24905338797e-09, 1.18559750906e-09, 5.47210610158e-10, 1.56167234699e-09, 3.34520944278e-09, 3.53279516752e-09, 1.04532125178e-08, 1.07124140669e-08, 1.83078565641e-08, 1.572420949e-08, 1.03219939263e-08, 1.60352875422e-09, 6.31769803139e-10, 2.98883612304e-10, 1.48481175272e-11, 3.02428817666e-13], [9.98283053444e-11, 2.9582145622e-09, 4.91745977271e-09, 5.63854207769e-09, 1.02937649515e-08, 1.9842960608e-09, 1.00404506931e-09, 2.91429824717e-10, 3.95499022421e-10, 3.4604055732e-10, 7.87245768574e-10, 1.18013299133e-09, 5.47210610158e-10, 3.1421124036e-10, 7.14071801688e-10, 1.55857349249e-09, 1.80786485782e-09, 4.79407269438e-09, 5.06413799783e-09, 8.50109849182e-09, 7.46798889395e-09, 6.0964615578e-09, 7.10201675247e-10, 2.97993629772e-10, 1.35731162421e-10, 7.67861642326e-12, 1.91265419843e-13], [2.34096131368e-10, 6.42159836417e-09, 1.03540633845e-08, 1.03315471733e-08, 2.06439949579e-08, 4.23738333311e-09, 2.64016319917e-09, 7.85427112238e-10, 1.00908204015e-09, 8.1741469149e-10, 2.04983408025e-09, 2.9688700387e-09, 1.56167234699e-09, 7.14071801688e-10, 2.06194195052e-09, 4.42780478949e-09, 4.66271776745e-09, 1.38157130181e-08, 1.41602622961e-08, 2.41234303644e-08, 2.0667123124e-08, 1.28195569715e-08, 2.1106663084e-09, 8.32369562165e-10, 3.92758908729e-10, 1.93582927466e-11, 3.97743524314e-13], [5.34866928525e-10, 1.46136356349e-08, 2.36362165396e-08, 2.43010234158e-08, 4.76011834394e-08, 9.64049018393e-09, 5.78184700117e-09, 1.71656977521e-09, 2.21489004915e-09, 1.82138137905e-09, 4.48862724767e-09, 6.53893339475e-09, 3.34520944278e-09, 1.55857349249e-09, 4.42780478949e-09, 9.62182067354e-09, 1.0204615819e-08, 2.9801189072e-08, 3.06649212689e-08, 5.19288576584e-08, 4.44053185333e-08, 2.5671281989e-08, 4.50585080358e-09, 1.79444836768e-09, 8.36624880485e-10, 4.12512558834e-11, 9.02034143994e-13], [6.07366601457e-10, 1.7716436318e-08, 2.91515593887e-08, 3.20820063848e-08, 6.01241154641e-08, 1.18010285988e-08, 6.40191855084e-09, 1.86873383434e-09, 2.47975573409e-09, 2.11442285902e-09, 4.9806483382e-09, 7.38139371848e-09, 3.53279516752e-09, 1.80786485782e-09, 4.66271776745e-09, 1.0204615819e-08, 1.13458691331e-08, 3.14790860045e-08, 3.2807037087e-08, 5.46755494213e-08, 4.70534473607e-08, 2.75596345745e-08, 4.63580196453e-09, 1.9076618063e-09, 8.7124102377e-10, 4.53476700635e-11, 1.11322322888e-12], [1.58601709543e-09, 4.4079285999e-08, 7.12491541321e-08, 7.19537496252e-08, 1.42633254541e-07, 2.91133517294e-08, 1.78672205919e-08, 5.29926502679e-09, 6.82833256604e-09, 5.55816104253e-09, 1.38660620763e-08, 2.01227567942e-08, 1.04532125178e-08, 4.79407269438e-09, 1.38157130181e-08, 2.9801189072e-08, 3.14790860045e-08, 9.2887390224e-08, 9.52376169039e-08, 1.61934437415e-07, 1.38318085874e-07, 8.16460214992e-08, 1.4130368875e-08, 5.58899060366e-09, 2.62284549635e-09, 1.2850624731e-10, 2.72342500114e-12], [1.690762641e-09, 4.7269953285e-08, 7.67448042893e-08, 7.95002605969e-08, 1.54968915922e-07, 3.12811003766e-08, 1.85685227194e-08, 5.49544054707e-09, 7.12374514933e-09, 5.87518877992e-09, 1.44185827722e-08, 2.10436432724e-08, 1.07124140669e-08, 5.06413799783e-09, 1.41602622961e-08, 3.06649212689e-08, 3.2807037087e-08, 9.52376169039e-08, 9.8210655608e-08, 1.65989504808e-07, 1.42126935998e-07, 8.43585397092e-08, 1.43741951675e-08, 5.74377345686e-09, 2.67665800635e-09, 1.33461561247e-10, 2.93584319182e-12], [2.76612821537e-09, 7.56073248454e-08, 1.21950790799e-07, 1.2227452828e-07, 2.43539261646e-07, 4.99103371965e-08, 3.09242231822e-08, 9.21280651767e-09, 1.18443548303e-08, 9.60425694529e-09, 2.40576749633e-08, 3.48214825863e-08, 1.83078565641e-08, 8.50109849182e-09, 2.41234303644e-08, 5.19288576584e-08, 5.46755494213e-08, 1.61934437415e-07, 1.65989504808e-07, 2.85534383693e-07, 2.44815083761e-07, 1.65878034863e-07, 2.50141152236e-08, 9.82428005614e-09, 4.63575844378e-09, 2.28744703734e-10, 4.69639995296e-12], [2.41403408374e-09, 6.53847607168e-08, 1.05565298725e-07, 1.06698074376e-07, 2.11378235804e-07, 4.31902229536e-08, 2.6489201943e-08, 7.90023158004e-09, 1.01829700228e-08, 8.29352675424e-09, 2.06439967343e-08, 2.99348243971e-08, 1.572420949e-08, 7.46798889395e-09, 2.0667123124e-08, 4.44053185333e-08, 4.70534473607e-08, 1.38318085874e-07, 1.42126935998e-07, 2.44815083761e-07, 2.11164831398e-07, 1.54321654122e-07, 2.14093578421e-08, 8.43317682353e-09, 3.98702404425e-09, 2.00763627944e-10, 4.09308437838e-12], [1.37945022072e-09, 3.08448697695e-08, 4.89592828501e-08, 4.44382060039e-08, 9.46445908312e-08, 2.0581506277e-08, 1.42464182673e-08, 4.47562786832e-09, 5.76919578776e-09, 4.48864279079e-09, 1.16064242661e-08, 1.63923221663e-08, 1.03219939263e-08, 6.0964615578e-09, 1.28195569715e-08, 2.5671281989e-08, 2.75596345745e-08, 8.16460214992e-08, 8.43585397092e-08, 1.65878034863e-07, 1.54321654122e-07, 2.91410486852e-07, 1.50808610044e-08, 5.59154411661e-09, 2.88977775043e-09, 1.74623440707e-10, 2.27296762141e-12], [2.25131260856e-10, 6.02486149859e-09, 9.62118384962e-09, 9.09845354613e-09, 1.88475315355e-08, 3.96158927884e-09, 2.62816945984e-09, 7.88669907159e-10, 1.0007839002e-09, 7.9107992379e-10, 2.04376138235e-09, 2.92635116139e-09, 1.60352875422e-09, 7.10201675247e-10, 2.1106663084e-09, 4.50585080358e-09, 4.63580196453e-09, 1.4130368875e-08, 1.43741951675e-08, 2.50141152236e-08, 2.14093578421e-08, 1.50808610044e-08, 2.22244622705e-09, 8.56560988804e-10, 4.0995018491e-10, 1.97576781324e-11, 3.71983151747e-13], [9.72952135525e-11, 2.69347011361e-09, 4.36117764124e-09, 4.45073977673e-09, 8.76156391882e-09, 1.78133052753e-09, 1.07875841593e-09, 3.20259874176e-10, 4.13904160945e-10, 3.38531036537e-10, 8.39163627475e-10, 1.2195757737e-09, 6.31769803139e-10, 2.97993629772e-10, 8.32369562165e-10, 1.79444836768e-09, 1.9076618063e-09, 5.58899060366e-09, 5.74377345686e-09, 9.82428005614e-09, 8.43317682353e-09, 5.59154411661e-09, 8.56560988804e-10, 3.39068800814e-10, 1.59270929778e-10, 7.94017369216e-12, 1.67810969114e-13], [4.26347186722e-11, 1.15087084307e-09, 1.84571180561e-09, 1.78038939147e-09, 3.63903773781e-09, 7.58615670282e-10, 4.92084983872e-10, 1.47261702832e-10, 1.88042345584e-10, 1.49928083837e-10, 3.82995357651e-10, 5.50690382184e-10, 2.98883612304e-10, 1.35731162421e-10, 3.92758908729e-10, 8.36624880485e-10, 8.7124102377e-10, 2.62284549635e-09, 2.67665800635e-09, 4.63575844378e-09, 3.98702404425e-09, 2.88977775043e-09, 4.0995018491e-10, 1.59270929778e-10, 7.61578647368e-11, 3.75571579045e-12, 7.16908628816e-14], [2.3623642105e-12, 6.53316428734e-11, 1.06619005291e-10, 1.12442402611e-10, 2.16622497717e-10, 4.34718892828e-11, 2.51609809376e-11, 7.46237793781e-12, 9.79514212796e-12, 8.15563849094e-12, 1.9701415846e-11, 2.88759727934e-11, 1.48481175272e-11, 7.67861642326e-12, 1.93582927466e-11, 4.12512558834e-11, 4.53476700635e-11, 1.2850624731e-10, 1.33461561247e-10, 2.28744703734e-10, 2.00763627944e-10, 1.74623440707e-10, 1.97576781324e-11, 7.94017369216e-12, 3.75571579045e-12, 2.0366768981e-13, 4.20960043489e-15], [6.5747368216e-14, 2.09300762485e-12, 3.5337976035e-12, 4.32906098122e-12, 7.58255958022e-12, 1.41178063164e-12, 6.24504950791e-13, 1.7604846617e-13, 2.4780099305e-13, 2.28958318233e-13, 4.88103643875e-13, 7.51622234504e-13, 3.02428817666e-13, 1.91265419843e-13, 3.97743524314e-13, 9.02034143994e-13, 1.11322322888e-12, 2.72342500114e-12, 2.93584319182e-12, 4.69639995296e-12, 4.09308437838e-12, 2.27296762141e-12, 3.71983151747e-13, 1.67810969114e-13, 7.16908628816e-14, 4.20960043489e-15, 1.3429559148e-16]]
    },
    "mfcc": {
        "kurt": [3.66361761093, 14.3559436798, 0.433326005936, -0.432326793671, 3.0908331871, 4.93171167374, 3.35958051682, 1.07341337204, 7.49444580078, 2.77846384048, 3.29161119461, 4.41457605362, 6.20511245728],
        "max": [-548.910766602, 83.2177276611, 5.46713256836, 75.4960632324, 19.7265167236, 33.9172706604, 15.441532135, 9.49690628052, 19.2130050659, 6.2877368927, 16.1874485016, 11.8847579956, 10.4705047607],
        "mean": [-1067.96057129, -1.16910767555, -18.0916118622, 15.4648990631, -4.04870939255, -0.685468137264, -1.80888807774, -2.6691827774, -0.951124846935, -2.22694301605, -2.02368354797, -0.73096883297, -0.141396924853],
        "median": [-1138.42004395, 1.14440917969e-05, -6.103515625e-05, 8.01086425781e-05, -6.103515625e-05, 2.28881835938e-05, -2.67028808594e-05, -5.34057617188e-05, -4.57763671875e-05, -2.28881835938e-05, -2.67028808594e-05, -3.0517578125e-05, -3.81469726562e-05],
        "min": [-1138.42004395, -58.6892089844, -101.488388062, 8.01086425781e-05, -50.4109306335, -26.2036705017, -27.1455879211, -20.5328979492, -25.5719680786, -21.6875267029, -24.397901535, -17.8217506409, -16.0658569336],
        "skew": [2.02300477028, 1.6958206892, -1.34684360027, 1.04195642471, -1.82590711117, 0.59744489193, -1.64406704903, -1.34590470791, -1.67637825012, -1.91085469723, -1.16765022278, -1.1621607542, -1.17740440369],
        "var": [16259.2412109, 202.923477173, 853.60168457, 495.501556396, 179.263565063, 72.1635055542, 48.7089118958, 36.1500396729, 31.8802204132, 33.1060295105, 36.0176696777, 16.4104480743, 11.3325891495],
        "cov": [[16411.1953125, 344.031921387, -2263.76367188, 2483.43701172, -1181.33911133, 254.818908691, -413.900512695, -412.505279541, -246.064880371, -463.432220459, -232.893310547, -197.587417603, -88.7255249023], [344.031921387, 204.819961548, 152.71774292, -17.9099273682, 33.5532341003, 37.8787498474, 45.0464096069, 15.5325527191, 19.7568149567, 0.866152405739, 1.93762147427, 10.0922222137, 4.58715057373], [-2263.76367188, 152.71774292, 861.579284668, -532.369689941, 193.579330444, 71.1010971069, 116.12940979, 132.517349243, 58.1595001221, 80.3843002319, 99.51222229, 30.0750045776, 18.300283432], [2483.43701172, -17.9099273682, -532.369689941, 500.132415771, -146.092071533, -14.4255599976, -77.3908920288, -84.5763931274, -39.8088989258, -74.0505828857, -72.7308120728, -31.7393360138, -14.1503286362], [-1181.33911133, 33.5532341003, 193.579330444, -146.092071533, 180.938919067, -29.0102539062, 63.6198616028, 47.3228912354, 40.6280670166, 37.9442329407, 4.22376346588, 28.9013214111, 15.5777902603], [254.818908691, 37.8787498474, 71.1010971069, -14.4255599976, -29.0102539062, 72.837928772, 15.5490350723, 1.0706461668, 19.1402225494, -7.61202812195, 31.7902946472, -4.21471071243, 5.7555232048], [-413.900512695, 45.0464096069, 116.12940979, -77.3908920288, 63.6198616028, 15.5490350723, 49.1641349792, 24.1963787079, 27.1933860779, 8.81183433533, 12.4052391052, 11.7923116684, 10.486199379], [-412.505279541, 15.5325527191, 132.517349243, -84.5763931274, 47.3228912354, 1.0706461668, 24.1963787079, 36.4878921509, 13.8087091446, 14.636967659, 11.0953798294, 7.53896093369, 5.22683572769], [-246.064880371, 19.7568149567, 58.1595001221, -39.8088989258, 40.6280670166, 19.1402225494, 27.1933860779, 13.8087091446, 32.1781654358, 12.2714529037, 15.0203762054, 10.4060268402, 7.84362268448], [-463.432220459, 0.866152405739, 80.3843002319, -74.0505828857, 37.9442329407, -7.61202812195, 8.81183433533, 14.636967659, 12.2714529037, 33.4154319763, 8.66061210632, 11.8169775009, -1.61121571064], [-232.893310547, 1.93762147427, 99.51222229, -72.7308120728, 4.22376346588, 31.7902946472, 12.4052391052, 11.0953798294, 15.0203762054, 8.66061210632, 36.3542861938, 4.29842090607, 8.17933177948], [-197.587417603, 10.0922222137, 30.0750045776, -31.7393360138, 28.9013214111, -4.21471071243, 11.7923116684, 7.53896093369, 10.4060268402, 11.8169775009, 4.29842090607, 16.5638160706, 3.39794540405], [-88.7255249023, 4.58715057373, 18.300283432, -14.1503286362, 15.5777902603, 5.7555232048, 10.486199379, 5.22683572769, 7.84362268448, -1.61121571064, 8.17933177948, 3.39794540405, 11.438501358]]
    },
    "sccoeffs": {
        "kurt": [2.29950857162, 3.68993711472, 2.00542926788, 1.3213353157, 1.28923845291, -0.141381025314],
        "max": [-0.659066438675, -0.744054019451, -0.802094221115, -0.760583877563, -0.768923163414, -0.620567500591],
        "mean": [-0.860180974007, -0.898563086987, -0.90434384346, -0.888929486275, -0.891316235065, -0.819631934166],
        "median": [-0.876457750797, -0.904805541039, -0.908195912838, -0.8966178298, -0.902071714401, -0.856619238853],
        "min": [-0.934824943542, -0.94712883234, -0.960586309433, -0.978728830814, -0.947910070419, -0.902747631073],
        "skew": [1.55402398109, 1.45280826092, 1.21258068085, 1.03089392185, 1.28868353367, 0.837925374508],
        "var": [0.00323462625965, 0.00103250797838, 0.000767641991843, 0.00133202120196, 0.00116791506298, 0.00428323121741],
        "cov": [[0.00326485629193, 0.000887473812327, 0.000774911954068, 0.00135121715721, 0.00128454528749, 0.00211843312718], [0.000887473812327, 0.00104215752799, 0.000399557204219, 0.000583665794693, 0.000598216312937, 0.0011655818671], [0.000774911954068, 0.000399557204219, 0.000774816260673, 0.000605330278631, 0.000658164382912, 0.00123865203932], [0.00135121715721, 0.000583665794693, 0.000605330278631, 0.00134446995798, 0.000898516213056, 0.00165920739528], [0.00128454528749, 0.000598216312937, 0.000658164382912, 0.000898516213056, 0.00117883016355, 0.00200209463947], [0.00211843312718, 0.0011655818671, 0.00123865203932, 0.00165920739528, 0.00200209463947, 0.00432326132432]]
    },
    "scvalleys": {
        "kurt": [7.04804801941, 0.204726457596, -0.27076458931, -0.799284696579, -0.859887599945, -0.110819101334],
        "max": [-4.28924512863, -5.14527893066, -5.54546165466, -5.87648677826, -5.38971328735, -7.34694910049],
        "mean": [-11.5859594345, -12.3045463562, -12.641954422, -12.4154701233, -11.728392601, -14.0425548553],
        "median": [-11.9461269379, -13.5862312317, -14.0432472229, -13.9741210938, -13.3597869873, -15.2777986526],
        "min": [-13.6698970795, -14.8045854568, -15.0321292877, -15.1463832855, -14.3189382553, -16.146522522],
        "skew": [2.37269568443, 1.10239064693, 0.969340980053, 0.810577988625, 0.81473171711, 1.09467852116],
        "var": [2.53327322006, 5.2173409462, 5.95317792892, 6.50817537308, 6.68579530716, 6.01340579987],
        "cov": [[2.5569486618, 3.06378173828, 3.18906664848, 3.20255994797, 3.16285800934, 3.207269907], [3.06378173828, 5.26610136032, 5.52964925766, 5.72160625458, 5.76334381104, 5.48030233383], [3.18906664848, 5.52964925766, 6.00881528854, 6.20099258423, 6.24476575851, 5.87957000732], [3.20255994797, 5.72160625458, 6.20099258423, 6.56899929047, 6.59121274948, 6.12824058533], [3.16285800934, 5.76334381104, 6.24476575851, 6.59121274948, 6.74827957153, 6.24548721313], [3.207269907, 5.48030233383, 5.87957000732, 6.12824058533, 6.24548721313, 6.06960582733]]
    }
},
"rhythm": {
    "beats_loudness": {
        "kurt": 0.23012638092,
        "max": 0.0107016470283,
        "mean": 0.00227602431551,
        "median": 6.31816817531e-07,
        "min": 1.50188117498e-09,
        "skew": 1.48583638668,
        "var": 1.78166410478e-05
    },
    "bpm": 151.999084473,
    "confidence": 0,
    "first_peak_bpm": {
        "kurt": 0,
        "max": 152,
        "mean": 152,
        "median": 152,
        "min": 152,
        "skew": 0,
        "var": 0
    },
    "first_peak_spread": {
        "kurt": 0,
        "max": 0,
        "mean": 0,
        "median": 0,
        "min": 0,
        "skew": 0,
        "var": 0
    },
    "first_peak_weight": {
        "kurt": 0,
        "max": 0.5,
        "mean": 0.5,
        "median": 0.5,
        "min": 0.5,
        "skew": 0,
        "var": 0
    },
    "onset_rate": 1.21296024323,
    "second_peak_bpm": {
        "kurt": 0,
        "max": 129,
        "mean": 129,
        "median": 129,
        "min": 129,
        "skew": 0,
        "var": 0
    },
    "second_peak_spread": {
        "kurt": 0,
        "max": 0.5,
        "mean": 0.5,
        "median": 0.5,
        "min": 0.5,
        "skew": 0,
        "var": 0
    },
    "second_peak_weight": {
        "kurt": 0,
        "max": 0.25,
        "mean": 0.25,
        "median": 0.25,
        "min": 0.25,
        "skew": 0,
        "var": 0
    },
    "beats_loudness_band_ratio": {
        "kurt": [-0.198389530182, 0.0742201805115, -0.552073478699, -0.267663478851, -0.836506605148, -1.06164419651],
        "max": [0.407015681267, 0.11923648417, 0.0445522293448, 0.029527220875, 0.465627193451, 0.947656035423],
        "mean": [0.116120539606, 0.0316843762994, 0.0183021854609, 0.0180352386087, 0.188815295696, 0.643575549126],
        "median": [0.0443246923387, 0.00589216221124, 0.0157942697406, 0.0166865773499, 0.156341597438, 0.77278470993],
        "min": [0.000841735687573, 0.00264055118896, 0.00378791312687, 0.0111491801217, 0.0308871343732, 0.21398717165],
        "skew": [1.20569491386, 1.3841124773, 0.885794818401, 0.990884780884, 0.717762172222, -0.565156638622],
        "var": [0.0231793690473, 0.00198228703812, 0.000209614940104, 3.80418823624e-05, 0.0253151748329, 0.0672130361199],
        "cov": [[0.0289742108434, 0.0083983130753, 0.00260716234334, -0.000251089717494, 0.00116375554353, -0.0378370732069], [0.0083983130753, 0.00247785868123, 0.000745207944419, -4.10291795561e-05, 0.00101025472395, -0.0116973370314], [0.00260716234334, 0.000745207944419, 0.000262018671492, -2.11241713259e-05, 0.000212373866816, -0.00350402877666], [-0.000251089717494, -4.10291795561e-05, -2.11241713259e-05, 4.75523520436e-05, 0.00116688990965, -0.000909343943931], [0.00116375554353, 0.00101025472395, 0.000212373866816, 0.00116688990965, 0.0316439680755, -0.0345756225288], [-0.0378370732069, -0.0116973370314, -0.00350402877666, -0.000909343943931, -0.0345756225288, 0.0840162932873]]
    },
    "beats_position": [0.429569154978, 0.882358253002, 1.34675729275, 1.74149656296, 2.13623571396],
    "bpm_estimates": [151.999069214, 151.99911499],
    "bpm_intervals": [0.452789098024, 0.464399039745, 0.39473927021, 0.394739151001],
    "onset_times": [0.31346938014, 1.35836732388, 2.13623571396],
    "histogram": [[0, 0, 0, 0, 0, 0, 0, 0, 0, 0, 0, 0, 0, 0, 0, 0, 0, 0, 0, 0, 0, 0, 0, 0, 0, 0, 0, 0, 0, 0, 0, 0, 0, 0, 0, 0, 0, 0, 0, 0, 0, 0, 0, 0, 0, 0, 0, 0, 0, 0, 0, 0, 0, 0, 0, 0, 0, 0, 0, 0, 0, 0, 0, 0, 0, 0, 0, 0, 0, 0, 0, 0, 0, 0, 0, 0, 0, 0, 0, 0, 0, 0, 0, 0, 0, 0, 0, 0, 0, 0, 0, 0, 0, 0, 0, 0, 0, 0, 0, 0, 0, 0, 0, 0, 0, 0, 0, 0, 0, 0, 0, 0, 0, 0, 0, 0, 0, 0, 0, 0, 0, 0, 0, 0, 0, 0, 0, 0, 0, 0.25, 0, 0, 0, 0.25, 0, 0, 0, 0, 0, 0, 0, 0, 0, 0, 0, 0, 0, 0, 0, 0, 0, 0, 0.5, 0, 0, 0, 0, 0, 0, 0, 0, 0, 0, 0, 0, 0, 0, 0, 0, 0, 0, 0, 0, 0, 0, 0, 0, 0, 0, 0, 0, 0, 0, 0, 0, 0, 0, 0, 0, 0, 0, 0, 0, 0, 0, 0, 0, 0, 0, 0, 0, 0, 0, 0, 0, 0, 0, 0, 0, 0, 0, 0, 0, 0, 0, 0, 0, 0, 0, 0, 0, 0, 0, 0, 0, 0, 0, 0, 0, 0, 0, 0, 0, 0, 0, 0, 0, 0, 0, 0, 0, 0, 0, 0, 0, 0, 0, 0, 0, 0]]
},
"sfx": {
    "inharmonicity": {
        "kurt": 9.45321750641,
        "max": 0.252048164606,
        "mean": 0.0217453036457,
        "median": 0,
        "min": 0,
        "skew": 3.07613658905,
        "var": 0.00279021565802
    },
    "oddtoevenharmonicenergyratio": {
        "kurt": 66.4308853149,
        "max": 38.8490982056,
        "mean": 0.897552073002,
        "median": 0,
        "min": 0,
        "skew": 7.80049467087,
        "var": 16.8102626801
    },
    "pitch_after_max_to_before_max_energy_ratio": 0.788309633732,
    "pitch_centroid": 53.428565979,
    "pitch_max_to_total": 0.555555582047,
    "pitch_min_to_total": 0.722222208977,
    "tristimulus": {
        "kurt": [-0.0619738101959, 1.7451376915, 8.16281032562],
        "max": [1, 0.928431272507, 0.950170278549],
        "mean": [0.795890569687, 0.133673980832, 0.0704354271293],
        "median": [1, 0, 0],
        "min": [0, 0, 0],
        "skew": [-1.25450372696, 1.76853358746, 3.03204441071],
        "var": [0.112992472947, 0.0655379220843, 0.0425510555506],
        "cov": [[0.114048473537, -0.0686251819134, -0.0454234220088], [-0.0686251819134, 0.0661504268646, 0.00247469032183], [-0.0454234220088, 0.00247469032183, 0.0429487265646]]
    }
},
"tonal": {
    "chords_changes_rate": 0.109090909362,
    "chords_number_rate": 0.0727272704244,
    "chords_strength": {
        "kurt": -0.825463533401,
        "max": 0.438319385052,
        "mean": 0.334440231323,
        "median": 0.324898481369,
        "min": 0.251477628946,
        "skew": 0.283586889505,
        "var": 0.00204728893004
    },
    "key_strength": 0.415989220142,
    "tuning_diatonic_strength": 0.342408269644,
    "tuning_equal_tempered_deviation": 0.321001678705,
    "tuning_frequency": 447.691040039,
    "tuning_nontempered_energy_ratio": 0.938479959965,
    "hpcp": {
        "kurt": [-0.361696243286, 0.475375175476, -0.833553552628, -0.420067310333, -1.05322730541, -1.08366525173, -0.710529327393, -1.21601104736, -1.08275818825, -0.968847751617, -0.78364610672, -0.72554397583, -0.615953922272, -0.39688539505, -0.929228782654, -0.489011049271, -0.297814369202, 0.479377269745, 0.0872435569763, 4.68502950668, 4.89782810211, 3.00035858154, 0.539013147354, 0.00858283042908, 1.37304639816, 1.92659044266, 1.8389878273, 0.376518964767, 0.30578494072, 1.30384302139, 1.89737224579, 1.02969312668, 0.256093740463, 0.620668411255, -0.407117128372, 0.130103826523],
        "max": [0.751809418201, 1, 1, 1, 1, 1, 1, 1, 1, 1, 1, 1, 0.946602523327, 1, 1, 1, 1, 1, 0.663650929928, 1, 0.944411933422, 0.79160618782, 1, 1, 1, 1, 1, 0.828354418278, 0.680680453777, 0.834881365299, 1, 1, 0.875148415565, 1, 1, 1],
        "mean": [0.177921324968, 0.23683051765, 0.307502806187, 0.31640547514, 0.337097585201, 0.325311243534, 0.27597168088, 0.284712284803, 0.305887371302, 0.299551099539, 0.300760656595, 0.277086615562, 0.244955286384, 0.260331660509, 0.255630612373, 0.250921338797, 0.242131635547, 0.200057685375, 0.159809499979, 0.140750169754, 0.122423902154, 0.152182936668, 0.274814099073, 0.292776763439, 0.231054857373, 0.216840878129, 0.204670369625, 0.181762158871, 0.148751169443, 0.149095490575, 0.163810506463, 0.179004535079, 0.189575478435, 0.208407819271, 0.257684856653, 0.228424891829],
        "median": [0.074391849339, 0.177770644426, 0.238667577505, 0.300372898579, 0.286645323038, 0.249165460467, 0.167035982013, 0.0512902587652, 0.0923053026199, 0.0808453634381, 0.0408787280321, 0.184295654297, 0.116954237223, 0.00167790986598, 0.0256495140493, 0.0562893003225, 0.0956127122045, 0.0942552164197, 0.0256511196494, 0.00247387541458, 0.0254490152001, 0.093932017684, 0.220476016402, 0.26585650444, 0.143672630191, 0.148533314466, 0.169810146093, 0.130967885256, 0.0824448242784, 0.0528764128685, 0.00863363686949, 0.0220561213791, 0, 0.0895035341382, 0.00573312910274, 0.0342907235026],
        "min": [0, 0, 0, 0, 0, 0, 0, 0, 0, 0, 0, 0, 0, 0, 0, 0, 0, 0, 0, 0, 0, 0, 0, 0, 0, 0, 0, 0, 0, 0, 0, 0, 0, 0, 0, 0],
