{
"metadata": {
    "version": {
        "essentia": "2.1-beta3"
    }
},
"lowLevel": {
    "average_loudness": 0.946481764317,
    "barkbands_kurtosis": {
        "kurt": 6.65989208221,
        "max": 21.4481163025,
        "mean": 2.29973459244,
        "median": 1.65514850616,
        "min": -1.82789933681,
        "skew": 2.31278133392,
        "var": 13.7391290665
    },
    "barkbands_skewness": {
        "kurt": 1.23804235458,
        "max": 2.59873270988,
        "mean": -0.905562877655,
        "median": -0.898482978344,
        "min": -3.8472635746,
        "skew": 0.128522008657,
        "var": 1.01351070404
    },
    "barkbands_spread": {
        "kurt": 0.491027116776,
        "max": 60.1501655579,
        "mean": 17.2243385315,
        "median": 9.37265777588,
        "min": 2.97192144394,
        "skew": 1.46984100342,
        "var": 259.105499268
    },
    "dissonance": {
        "kurt": 26.4539527893,
        "max": 0.499998867512,
        "mean": 0.491726368666,
        "median": 0.497192978859,
        "min": 0.369202494621,
        "skew": -4.5137257576,
        "var": 0.000231979662203
    },
    "hfc": {
        "kurt": 23.1892528534,
        "max": 157.820404053,
        "mean": 5.89177131653,
        "median": 0.00635327072814,
        "min": 1.19799575499e-16,
        "skew": 4.67789506912,
        "var": 445.887023926
    },
    "pitch": {
        "kurt": -1.18645834923,
        "max": 5277.95410156,
        "mean": 2501.30371094,
        "median": 2201.17944336,
        "min": 96.4767150879,
        "skew": -0.0913568362594,
        "var": 2164563.5
    },
    "pitch_instantaneous_confidence": {
        "kurt": 0.817190170288,
        "max": 0.681800186634,
        "mean": 0.316264122725,
        "median": 0.300591766834,
        "min": 0.112399280071,
        "skew": 0.805198132992,
        "var": 0.00978012941778
    },
    "pitch_salience": {
        "kurt": 2.15440607071,
        "max": 0.941606342793,
        "mean": 0.801229715347,
        "median": 0.807828068733,
        "min": 0.521173775196,
        "skew": -1.01810348034,
        "var": 0.0043788482435
    },
    "silence_rate_20dB": {
        "kurt": 0,
        "max": 1,
        "mean": 1,
        "median": 1,
        "min": 1,
        "skew": 0,
        "var": 0
    },
    "silence_rate_30dB": {
        "kurt": 0,
        "max": 1,
        "mean": 1,
        "median": 1,
        "min": 1,
        "skew": 0,
        "var": 0
    },
    "silence_rate_60dB": {
        "kurt": 3.59824037552,
        "max": 1,
        "mean": 0.881856560707,
        "median": 1,
        "min": 0,
        "skew": -2.36605858803,
        "var": 0.104185678065
    },
    "spectral_centroid": {
        "kurt": 15.361782074,
        "max": 11009.2802734,
        "mean": 2948.19140625,
        "median": 2857.12817383,
        "min": 681.782897949,
        "skew": 1.93012940884,
        "var": 1035308.0625
    },
    "spectral_complexity": {
        "kurt": 10.9430494308,
        "max": 43,
        "mean": 2.6244726181,
        "median": 0,
        "min": 0,
        "skew": 3.46906232834,
        "var": 74.1248321533
    },
    "spectral_crest": {
        "kurt": 4.63941955566,
        "max": 19.8417434692,
        "mean": 6.69996595383,
        "median": 6.15992689133,
        "min": 3.00693225861,
        "skew": 1.80006551743,
        "var": 6.50094938278
    },
    "spectral_decrease": {
        "kurt": 21.6853981018,
        "max": 7.42309613647e-29,
        "mean": -3.31953076138e-10,
        "median": -4.15916812709e-13,
        "min": -8.85681306073e-09,
        "skew": -4.65591001511,
        "var": 1.60726032026e-18
    },
    "spectral_energy": {
        "kurt": 21.7155799866,
        "max": 0.0477424487472,
        "mean": 0.00178726704326,
        "median": 2.32704587688e-06,
        "min": 1.05860207959e-20,
        "skew": 4.62329387665,
        "var": 4.43114404334e-05
    },
    "spectral_energyband_high": {
        "kurt": 29.7279510498,
        "max": 0.0252012014389,
        "mean": 0.000802978291176,
        "median": 5.21984588886e-07,
        "min": 7.89178368093e-21,
        "skew": 5.12619113922,
        "var": 8.68960341904e-06
    },
    "spectral_energyband_low": {
        "kurt": 28.1755580902,
        "max": 0.00431419722736,
        "mean": 0.000125942300656,
        "median": 1.31579003249e-09,
        "min": 6.74851382428e-23,
        "skew": 5.35695791245,
        "var": 3.85856765206e-07
    },
    "spectral_energyband_middle_high": {
        "kurt": 18.7958335876,
        "max": 0.0143104372546,
        "mean": 0.000626101973467,
        "median": 1.60631577728e-06,
        "min": 1.25879289428e-21,
        "skew": 4.37893295288,
        "var": 5.21411175214e-06
    },
    "spectral_energyband_middle_low": {
        "kurt": 29.8395042419,
        "max": 0.00961873773485,
        "mean": 0.000270619493676,
        "median": 4.08904305971e-08,
        "min": 3.04185067976e-22,
        "skew": 5.49069166183,
        "var": 1.81475422778e-06
    },
    "spectral_flatness_db": {
        "kurt": -0.555081367493,
        "max": 0.263393163681,
        "mean": 0.161804363132,
        "median": 0.174306362867,
        "min": 0.0510206930339,
        "skew": -0.577186465263,
        "var": 0.00239995005541
    },
    "spectral_flux": {
        "kurt": 5.95921039581,
        "max": 0.206005468965,
        "mean": 0.0198904443532,
        "median": 0.0014661467867,
        "min": 1.0288839225e-10,
        "skew": 2.62796545029,
        "var": 0.00188374344725
    },
    "spectral_kurtosis": {
        "kurt": 10.0801076889,
        "max": 17.8172645569,
        "mean": 3.4892616272,
        "median": 2.970246315,
        "min": -1.16867434978,
        "skew": 2.38604140282,
        "var": 4.46438360214
    },
    "spectral_rms": {
        "kurt": 10.8594179153,
        "max": 0.00682480772957,
        "mean": 0.000505486386828,
        "median": 4.7647547035e-05,
        "min": 3.21369341728e-12,
        "skew": 3.31728196144,
        "var": 1.48815900047e-06
    },
    "spectral_rolloff": {
        "kurt": 69.466545105,
        "max": 19078.4179688,
        "mean": 4440.47314453,
        "median": 4349.70703125,
        "min": 624.462890625,
        "skew": 5.86357116699,
        "var": 1651666.5
    },
    "spectral_skewness": {
        "kurt": 6.93995571136,
        "max": 3.36256074905,
        "mean": 1.19158446789,
        "median": 1.16138625145,
        "min": -0.00838857516646,
        "skew": 1.42513656616,
        "var": 0.124055057764
    },
    "spectral_spread": {
        "kurt": 44.3039512634,
        "max": 39507960,
        "mean": 5080656,
        "median": 4155687.5,
        "min": 2217158.25,
        "skew": 5.12560176849,
        "var": 1.14588647424e+13
    },
    "spectral_strongpeak": {
        "kurt": 13.2714233398,
        "max": 3.149122715,
        "mean": 0.19292986393,
        "median": 0.0153486952186,
        "min": 0,
        "skew": 3.68250370026,
        "var": 0.278498262167
    },
    "zerocrossingrate": {
        "kurt": 36.9464073181,
        "max": 0.51904296875,
        "mean": 0.146698638797,
        "median": 0.14453125,
        "min": 0.02392578125,
        "skew": 3.62929368019,
        "var": 0.00145124003757
    },
    "barkbands": {
        "kurt": [32.3996810913, 27.7938480377, 28.8352985382, 30.7548065186, 31.6254730225, 29.2831954956, 31.8021011353, 41.8152236938, 51.613899231, 80.4884185791, 36.4422950745, 18.6499786377, 27.1895561218, 32.6018218994, 44.582649231, 36.2895393372, 39.9053649902, 26.8298740387, 26.8875465393, 28.6973304749, 36.3317260742, 12.4749011993, 23.9727573395, 15.8214054108, 27.2889099121, 46.8753318787, 25.3987598419],
        "max": [8.31732395454e-05, 0.00144813861698, 0.00200386578217, 0.00167171307839, 0.0034380001016, 0.00197720550932, 0.00164270249661, 0.000687015941367, 0.000768677098677, 0.000777324836235, 0.000268861826044, 0.00015644278028, 0.000290001742542, 0.000462570460513, 0.000771984574385, 0.00163346063346, 0.00282063451596, 0.00289020268247, 0.00517543079332, 0.0131877977401, 0.0123311430216, 0.00367718259804, 0.000472035142593, 0.000196482564206, 0.000112177040137, 9.71265944827e-06, 7.23894402199e-08],
        "mean": [2.52106951848e-06, 4.32021988672e-05, 5.60232765565e-05, 4.40389812866e-05, 9.07092180569e-05, 5.7335357269e-05, 4.4094183977e-05, 1.53284163389e-05, 1.66024929058e-05, 1.41623413583e-05, 7.93860090198e-06, 7.68850259192e-06, 1.04674318209e-05, 1.42181743286e-05, 2.09925656236e-05, 4.73688342026e-05, 7.50891995267e-05, 9.37732329476e-05, 0.000171940788277, 0.000394187256461, 0.000325545115629, 0.000202971728868, 1.80172719411e-05, 9.13391613722e-06, 3.68213045476e-06, 2.35306032437e-07, 2.56241183827e-09],
        "median": [3.45422405956e-11, 2.0592245964e-10, 4.3220974022e-10, 1.03776653937e-09, 4.71483696529e-09, 3.71549191414e-09, 5.29948307459e-09, 4.34577573927e-09, 1.26077299711e-08, 1.67864016021e-08, 1.99026732872e-08, 3.9622555903e-08, 6.92031676408e-08, 8.58729976017e-08, 1.9420474473e-07, 2.53967186836e-07, 2.67599716608e-07, 1.49001920136e-07, 2.25439663382e-07, 2.89260896125e-07, 2.14527020148e-07, 5.21876515336e-08, 6.94174051574e-09, 2.13310058506e-09, 2.41056702377e-10, 1.24162694015e-11, 1.65219048295e-13],
        "min": [9.82252207174e-24, 1.98922273972e-23, 3.02677220309e-23, 3.32847047857e-23, 7.20998735642e-23, 5.34684683522e-23, 2.40877210128e-23, 2.33960335716e-23, 7.94596491982e-23, 8.07771163297e-23, 3.24697388954e-23, 7.13986077739e-23, 6.50230339379e-23, 8.32714882011e-23, 6.62725959226e-23, 1.7789043129e-22, 2.02186122859e-22, 1.44378168532e-22, 1.66165661076e-22, 2.98692652322e-22, 5.16712425239e-22, 4.73591899765e-22, 8.13182610267e-22, 9.63899673759e-22, 1.22089626883e-21, 1.67452940709e-21, 2.37584588644e-21],
        "skew": [5.4842505455, 5.31773471832, 5.40966939926, 5.55655860901, 5.61262130737, 5.45447158813, 5.65120601654, 6.25783872604, 6.83796691895, 8.07535362244, 5.66845941544, 4.25173377991, 5.12567806244, 5.4334154129, 6.2311668396, 5.71227073669, 5.9326043129, 5.03124713898, 4.88150835037, 5.14461040497, 5.71555376053, 3.50839948654, 4.69880723953, 3.92767453194, 4.96085548401, 6.38522863388, 5.0364689827],
        "var": [1.19275131438e-10, 4.45357741796e-08, 7.8130511838e-08, 5.00730550357e-08, 2.10889837149e-07, 8.21783103788e-08, 5.1136478163e-08, 6.11077988211e-09, 6.94222634934e-09, 4.2871750594e-09, 9.1160945459e-10, 6.08606831598e-10, 1.69883329626e-09, 3.10627279454e-09, 6.64122623562e-09, 3.49038806746e-08, 9.6823363549e-08, 1.39638430596e-07, 3.84434400758e-07, 2.53646703641e-06, 1.88271962998e-06, 3.71997145976e-07, 3.94177224194e-09, 8.69702032613e-10, 1.83780532459e-10, 1.03335298218e-12, 1.10931054515e-16],
        "cov": [[1.19780532715e-10, 2.18015872022e-09, 2.7538540337e-09, 2.11960826668e-09, 4.28712398914e-09, 2.56271981414e-09, 2.0323465133e-09, 6.93515134209e-10, 7.64840080159e-10, 5.14913056637e-10, 2.77688122496e-10, 2.38248282214e-10, 4.13342499117e-10, 5.07447139864e-10, 6.91733059721e-10, 1.68576252957e-09, 3.04863445599e-09, 3.76050035555e-09, 5.34226751725e-09, 1.57311035309e-08, 1.38210562994e-08, 4.66268001986e-09, 6.38286701271e-10, 2.72730060757e-10, 1.23571763933e-10, 9.10106625479e-12, 1.08106713414e-13], [2.18015872022e-09, 4.47244872248e-08, 5.87368162996e-08, 4.5917776248e-08, 9.25703673715e-08, 5.72385943087e-08, 4.48377619477e-08, 1.4852541419e-08, 1.61318869374e-08, 1.11284075288e-08, 5.69373925785e-09, 4.64059546346e-09, 7.72122188408e-09, 1.01795425422e-08, 1.40816016625e-08, 3.43676305192e-08, 5.82941694915e-08, 7.06455409727e-08, 8.7674159488e-08, 2.88681775373e-07, 2.47218821414e-07, 8.0442831063e-08, 1.19925509523e-08, 5.438650863e-09, 2.59831023364e-09, 1.95074748022e-10, 2.15790384693e-12], [2.7538540337e-09, 5.87368162996e-08, 7.84615750149e-08, 6.19287163772e-08, 1.24585824324e-07, 7.76317108375e-08, 6.06032557471e-08, 2.00897058988e-08, 2.15223714406e-08, 1.51516950098e-08, 7.60346186013e-09, 5.98878591163e-09, 9.75940750436e-09, 1.3712961433e-08, 1.91173761266e-08, 4.58676971959e-08, 7.45461719021e-08, 9.05923656092e-08, 1.09779954016e-07, 3.64988665069e-07, 3.077533961e-07, 9.9927731867e-08, 1.53568802119e-08, 7.18867587679e-09, 3.44189277079e-09, 2.624879758e-10, 2.8366530045e-12], [2.11960826668e-09, 4.5917776248e-08, 6.19287163772e-08, 5.0285230202e-08, 1.02049938278e-07, 6.29457233003e-08, 4.96487757573e-08, 1.66735762974e-08, 1.66397757795e-08, 1.12476659098e-08, 5.79687453595e-09, 4.51872672613e-09, 7.41409911242e-09, 1.09177777929e-08, 1.53052148733e-08, 3.71225858942e-08, 5.5300191093e-08, 6.93207979907e-08, 8.02170418979e-08, 2.64096030378e-07, 2.22404864303e-07, 7.26079036895e-08, 1.1493536789e-08, 5.55119195056e-09, 2.68422217786e-09, 2.01106756248e-10, 2.2536176484e-12], [4.28712398914e-09, 9.25703673715e-08, 1.24585824324e-07, 1.02049938278e-07, 2.11783444115e-07, 1.30417902255e-07, 1.03325596967e-07, 3.50944304728e-08, 3.39829959728e-08, 2.14395630138e-08, 1.13413216596e-08, 9.09175312813e-09, 1.52992516433e-08, 2.19138076574e-08, 3.01005940173e-08, 7.67551426861e-08, 1.10652230489e-07, 1.36623555136e-07, 1.60716865594e-07, 5.33519369128e-07, 4.52724350453e-07, 1.44390568835e-07, 2.30303154325e-08, 1.11628546406e-08, 5.50533796329e-09, 3.90800253269e-10, 4.52469312018e-12], [2.56271981414e-09, 5.72385943087e-08, 7.76317108375e-08, 6.29457233003e-08, 1.30417902255e-07, 8.25265260573e-08, 6.46400053483e-08, 2.1465424993e-08, 2.11617070534e-08, 1.40019702499e-08, 7.13497438909e-09, 5.83412784749e-09, 9.67268398711e-09, 1.33941560065e-08, 1.81084303108e-08, 4.73904577802e-08, 6.98155275813e-08, 8.41344345304e-08, 9.88815216374e-08, 3.36936011536e-07, 2.79572759609e-07, 8.98908467661e-08, 1.42653933111e-08, 7.08144609618e-09, 3.53913542916e-09, 2.5088339739e-10, 2.77678878155e-12], [2.0323465133e-09, 4.48377619477e-08, 6.06032557471e-08, 4.96487757573e-08, 1.03325596967e-07, 6.46400053483e-08, 5.13531581703e-08, 1.71892917677e-08, 1.60787507753e-08, 1.01035579902e-08, 5.37026245695e-09, 4.44357350915e-09, 7.55878470926e-09, 1.04946948909e-08, 1.41818743415e-08, 3.81768288094e-08, 5.41658202735e-08, 6.64591652821e-08, 7.63845733331e-08, 2.5811255e-07, 2.15284742922e-07, 6.95745043799e-08, 1.10661808606e-08, 5.42440892204e-09, 2.75052558507e-09, 1.91752461132e-10, 2.20250423802e-12], [6.93515134209e-10, 1.4852541419e-08, 2.00897058988e-08, 1.66735762974e-08, 3.50944304728e-08, 2.1465424993e-08, 1.71892917677e-08, 6.13667294758e-09, 5.57698109915e-09, 3.24517568373e-09, 1.85020387899e-09, 1.40518219283e-09, 2.45088260797e-09, 3.60842089542e-09, 4.84970552606e-09, 1.2984262554e-08, 1.76992980272e-08, 2.13302744356e-08, 2.5658961178e-08, 8.38447036244e-08, 7.02994427115e-08, 2.22982112774e-08, 3.6527247893e-09, 1.77104719778e-09, 8.72568628463e-10, 6.30540897273e-11, 7.37797084711e-13], [7.64840080159e-10, 1.61318869374e-08, 2.15223714406e-08, 1.66397757795e-08, 3.39829959728e-08, 2.11617070534e-08, 1.60787507753e-08, 5.57698109915e-09, 6.97164237451e-09, 4.74867745126e-09, 2.29278263042e-09, 1.67116387395e-09, 2.55175591768e-09, 3.73255337749e-09, 5.30691135481e-09, 1.12725757617e-08, 2.08697077397e-08, 2.25729159808e-08, 3.05883425256e-08, 1.05713212406e-07, 9.17454485716e-08, 2.73385882821e-08, 4.4492840523e-09, 2.0087183028e-09, 9.12422803978e-10, 7.33857141721e-11, 7.35114768537e-13], [5.14913056637e-10, 1.11284075288e-08, 1.51516950098e-08, 1.12476659098e-08, 2.14395630138e-08, 1.40019702499e-08, 1.01035579902e-08, 3.24517568373e-09, 4.74867745126e-09, 4.30534141671e-09, 1.81848247571e-09, 1.31675081949e-09, 1.83526904785e-09, 2.99928526459e-09, 4.34937508231e-09, 7.618843334e-09, 1.51050976172e-08, 1.80180634857e-08, 2.76685785394e-08, 8.19950187747e-08, 6.8507354456e-08, 2.44846010133e-08, 3.36377103949e-09, 1.63253599528e-09, 6.77103983993e-10, 5.83414636046e-11, 5.31333603417e-13], [2.77688122496e-10, 5.69373925785e-09, 7.60346186013e-09, 5.79687453595e-09, 1.13413216596e-08, 7.13497438909e-09, 5.37026245695e-09, 1.85020387899e-09, 2.29278263042e-09, 1.81848247571e-09, 9.1547225356e-10, 6.51191822687e-10, 9.4308871823e-10, 1.4413539251e-09, 2.03756078676e-09, 4.37387948082e-09, 8.06720823476e-09, 9.23414233966e-09, 1.34122961626e-08, 3.95969124156e-08, 3.27680638179e-08, 1.24349401887e-08, 1.67937086459e-09, 7.89682319535e-10, 3.3892849638e-10, 2.91493947036e-11, 2.7504005475e-13], [2.38248282214e-10, 4.64059546346e-09, 5.98878591163e-09, 4.51872672613e-09, 9.09175312813e-09, 5.83412784749e-09, 4.44357350915e-09, 1.40518219283e-09, 1.67116387395e-09, 1.31675081949e-09, 6.51191822687e-10, 6.1118565764e-10, 9.43185196611e-10, 1.09905640144e-09, 1.48435586045e-09, 3.59049878718e-09, 6.60649535078e-09, 8.08111177975e-09, 1.18752963019e-08, 3.50525048987e-08, 2.98438784796e-08, 1.24098047394e-08, 1.43012413023e-09, 6.81700307315e-10, 3.10815539972e-10, 2.1179547699e-11, 2.30865700905e-13], [4.13342499117e-10, 7.72122188408e-09, 9.75940750436e-09, 7.41409911242e-09, 1.52992516433e-08, 9.67268398711e-09, 7.55878470926e-09, 2.45088260797e-09, 2.55175591768e-09, 1.83526904785e-09, 9.4308871823e-10, 9.43185196611e-10, 1.70603176031e-09, 1.79199144412e-09, 2.26865726205e-09, 6.21936502299e-09, 1.06911208775e-08, 1.37182514237e-08, 2.01166532321e-08, 5.91715973997e-08, 5.06694135538e-08, 1.86275386227e-08, 2.28011476366e-09, 1.03370600968e-09, 4.97931251786e-10, 3.1681993834e-11, 3.92483029583e-13], [5.07447139864e-10, 1.01795425422e-08, 1.3712961433e-08, 1.09177777929e-08, 2.19138076574e-08, 1.33941560065e-08, 1.04946948909e-08, 3.60842089542e-09, 3.73255337749e-09, 2.99928526459e-09, 1.4413539251e-09, 1.09905640144e-09, 1.79199144412e-09, 3.11943515463e-09, 4.40619940534e-09, 9.3487875219e-09, 1.35903945875e-08, 1.85896347205e-08, 2.86623613732e-08, 7.36216492214e-08, 6.10936368162e-08, 2.29492567172e-08, 3.04365488368e-09, 1.43862122215e-09, 6.13632755719e-10, 4.84895665287e-11, 5.41068275253e-13], [6.91733059721e-10, 1.40816016625e-08, 1.91173761266e-08, 1.53052148733e-08, 3.01005940173e-08, 1.81084303108e-08, 1.41818743415e-08, 4.84970552606e-09, 5.30691135481e-09, 4.34937508231e-09, 2.03756078676e-09, 1.48435586045e-09, 2.26865726205e-09, 4.40619940534e-09, 6.66936683658e-09, 1.26417187829e-08, 1.85467285974e-08, 2.58872159264e-08, 3.81137787997e-08, 9.94204185645e-08, 8.28650073004e-08, 3.24647437822e-08, 4.31826041591e-09, 1.99966332382e-09, 8.23301149477e-10, 6.96063970351e-11, 7.52259962222e-13], [1.68576252957e-09, 3.43676305192e-08, 4.58676971959e-08, 3.71225858942e-08, 7.67551426861e-08, 4.73904577802e-08, 3.81768288094e-08, 1.2984262554e-08, 1.12725757617e-08, 7.618843334e-09, 4.37387948082e-09, 3.59049878718e-09, 6.21936502299e-09, 9.3487875219e-09, 1.26417187829e-08, 3.50517801451e-08, 4.94457061961e-08, 6.21947435775e-08, 8.33298017255e-08, 2.3731904264e-07, 1.88957017144e-07, 7.0958421361e-08, 9.70453761795e-09, 4.5945145466e-09, 2.16426720989e-09, 1.60467167332e-10, 1.79962197488e-12], [3.04863445599e-09, 5.82941694915e-08, 7.45461719021e-08, 5.5300191093e-08, 1.10652230489e-07, 6.98155275813e-08, 5.41658202735e-08, 1.76992980272e-08, 2.08697077397e-08, 1.51050976172e-08, 8.06720823476e-09, 6.60649535078e-09, 1.06911208775e-08, 1.35903945875e-08, 1.85467285974e-08, 4.94457061961e-08, 9.72336309246e-08, 1.06685298817e-07, 1.46164950365e-07, 4.64098548036e-07, 3.82821809808e-07, 1.28780484943e-07, 1.8115624556e-08, 7.78592301742e-09, 3.45528383683e-09, 2.87267681864e-10, 2.80814607678e-12], [3.76050035555e-09, 7.06455409727e-08, 9.05923656092e-08, 6.93207979907e-08, 1.36623555136e-07, 8.41344345304e-08, 6.64591652821e-08, 2.13302744356e-08, 2.25729159808e-08, 1.80180634857e-08, 9.23414233966e-09, 8.08111177975e-09, 1.37182514237e-08, 1.85896347205e-08, 2.58872159264e-08, 6.21947435775e-08, 1.06685298817e-07, 1.40230113743e-07, 1.96082041271e-07, 5.44998158603e-07, 4.56654305481e-07, 1.71598841803e-07, 2.1770423686e-08, 9.62190860321e-09, 4.23294999052e-09, 3.31126653874e-10, 3.70564820149e-12], [5.34226751725e-09, 8.7674159488e-08, 1.09779954016e-07, 8.02170418979e-08, 1.60716865594e-07, 9.88815216374e-08, 7.63845733331e-08, 2.5658961178e-08, 3.05883425256e-08, 2.76685785394e-08, 1.34122961626e-08, 1.18752963019e-08, 2.01166532321e-08, 2.86623613732e-08, 3.81137787997e-08, 8.33298017255e-08, 1.46164950365e-07, 1.96082041271e-07, 3.86063362612e-07, 8.6406794253e-07, 7.24682536202e-07, 2.89904846795e-07, 3.2940398853e-08, 1.43349643267e-08, 5.72525715725e-09, 4.24457829995e-10, 4.81822698059e-12], [1.57311035309e-08, 2.88681775373e-07, 3.64988665069e-07, 2.64096030378e-07, 5.33519369128e-07, 3.36936011536e-07, 2.5811255e-07, 8.38447036244e-08, 1.05713212406e-07, 8.19950187747e-08, 3.95969124156e-08, 3.50525048987e-08, 5.91715973997e-08, 7.36216492214e-08, 9.94204185645e-08, 2.3731904264e-07, 4.64098548036e-07, 5.44998158603e-07, 8.6406794253e-07, 2.54721476267e-06, 2.14254282582e-06, 7.49959610857e-07, 9.5706816694e-08, 4.08984810463e-08, 1.78919705718e-08, 1.33999988883e-09, 1.42393831101e-11], [1.38210562994e-08, 2.47218821414e-07, 3.077533961e-07, 2.22404864303e-07, 4.52724350453e-07, 2.79572759609e-07, 2.15284742922e-07, 7.02994427115e-08, 9.17454485716e-08, 6.8507354456e-08, 3.27680638179e-08, 2.98438784796e-08, 5.06694135538e-08, 6.10936368162e-08, 8.28650073004e-08, 1.88957017144e-07, 3.82821809808e-07, 4.56654305481e-07, 7.24682536202e-07, 2.14254282582e-06, 1.89069726275e-06, 6.50044398753e-07, 8.17706791167e-08, 3.43256374435e-08, 1.50000172283e-08, 1.07362407853e-09, 1.20895862765e-11], [4.66268001986e-09, 8.0442831063e-08, 9.9927731867e-08, 7.26079036895e-08, 1.44390568835e-07, 8.98908467661e-08, 6.95745043799e-08, 2.22982112774e-08, 2.73385882821e-08, 2.44846010133e-08, 1.24349401887e-08, 1.24098047394e-08, 1.86275386227e-08, 2.29492567172e-08, 3.24647437822e-08, 7.0958421361e-08, 1.28780484943e-07, 1.71598841803e-07, 2.89904846795e-07, 7.49959610857e-07, 6.50044398753e-07, 3.73573413981e-07, 3.21532773739e-08, 1.52346455451e-08, 6.27876994841e-09, 3.89020732294e-10, 4.46859042824e-12], [6.38286701271e-10, 1.19925509523e-08, 1.53568802119e-08, 1.1493536789e-08, 2.30303154325e-08, 1.42653933111e-08, 1.10661808606e-08, 3.6527247893e-09, 4.4492840523e-09, 3.36377103949e-09, 1.67937086459e-09, 1.43012413023e-09, 2.28011476366e-09, 3.04365488368e-09, 4.31826041591e-09, 9.70453761795e-09, 1.8115624556e-08, 2.1770423686e-08, 3.2940398853e-08, 9.5706816694e-08, 8.17706791167e-08, 3.21532773739e-08, 3.95847443713e-09, 1.7190159296e-09, 7.4896694402e-10, 5.64564679728e-11, 5.99528944285e-13], [2.72730060757e-10, 5.438650863e-09, 7.18867587679e-09, 5.55119195056e-09, 1.11628546406e-08, 7.08144609618e-09, 5.42440892204e-09, 1.77104719778e-09, 2.0087183028e-09, 1.63253599528e-09, 7.89682319535e-10, 6.81700307315e-10, 1.03370600968e-09, 1.43862122215e-09, 1.99966332382e-09, 4.5945145466e-09, 7.78592301742e-09, 9.62190860321e-09, 1.43349643267e-08, 4.08984810463e-08, 3.43256374435e-08, 1.52346455451e-08, 1.7190159296e-09, 8.73387195899e-10, 3.70897257351e-10, 2.61899685966e-11, 2.7897728073e-13], [1.23571763933e-10, 2.59831023364e-09, 3.44189277079e-09, 2.68422217786e-09, 5.50533796329e-09, 3.53913542916e-09, 2.75052558507e-09, 8.72568628463e-10, 9.12422803978e-10, 6.77103983993e-10, 3.3892849638e-10, 3.10815539972e-10, 4.97931251786e-10, 6.13632755719e-10, 8.23301149477e-10, 2.16426720989e-09, 3.45528383683e-09, 4.23294999052e-09, 5.72525715725e-09, 1.78919705718e-08, 1.50000172283e-08, 6.27876994841e-09, 7.4896694402e-10, 3.70897257351e-10, 1.84559256766e-10, 1.17181342754e-11, 1.29051757887e-13], [9.10106625479e-12, 1.95074748022e-10, 2.624879758e-10, 2.01106756248e-10, 3.90800253269e-10, 2.5088339739e-10, 1.91752461132e-10, 6.30540897273e-11, 7.33857141721e-11, 5.83414636046e-11, 2.91493947036e-11, 2.1179547699e-11, 3.1681993834e-11, 4.84895665287e-11, 6.96063970351e-11, 1.60467167332e-10, 2.87267681864e-10, 3.31126653874e-10, 4.24457829995e-10, 1.33999988883e-09, 1.07362407853e-09, 3.89020732294e-10, 5.64564679728e-11, 2.61899685966e-11, 1.17181342754e-11, 1.03773153265e-12, 9.56759797527e-15], [1.08106713414e-13, 2.15790384693e-12, 2.8366530045e-12, 2.2536176484e-12, 4.52469312018e-12, 2.77678878155e-12, 2.20250423802e-12, 7.37797084711e-13, 7.35114768537e-13, 5.31333603417e-13, 2.7504005475e-13, 2.30865700905e-13, 3.92483029583e-13, 5.41068275253e-13, 7.52259962222e-13, 1.79962197488e-12, 2.80814607678e-12, 3.70564820149e-12, 4.81822698059e-12, 1.42393831101e-11, 1.20895862765e-11, 4.46859042824e-12, 5.99528944285e-13, 2.7897728073e-13, 1.29051757887e-13, 9.56759797527e-15, 1.11401098244e-16]]
    },
    "mfcc": {
        "kurt": [0.771480083466, 6.32746887207, -1.36537945271, 1.12820577621, 0.480810165405, 1.41580343246, 1.51978731155, 0.860474348068, 0.920874357224, 0.315023183823, -0.230256319046, 2.4942483902, 1.06384754181],
        "max": [-541.245178223, 80.945274353, 8.97929382324, 78.1158752441, 25.6088447571, 23.7867946625, 23.5498390198, 15.0240650177, 18.7097053528, 10.9727287292, 6.74421310425, 10.2400817871, 13.6581687927],
        "mean": [-1007.69830322, 0.888373315334, -39.4981040955, 15.594408989, -7.01326990128, 2.32022190094, -1.86757600307, -3.59315538406, 2.20380187035, -2.48235177994, -4.78972673416, -1.70197021961, -0.0896749198437],
        "median": [-1078.15722656, 1.14440917969e-05, -34.8607139587, 7.5756111145, -6.103515625e-05, 0.521675109863, -2.67028808594e-05, -1.15092468262, 1.11948394775, -2.28881835938e-05, -2.99793624878, -3.0517578125e-05, -3.81469726562e-05],
        "min": [-1138.42004395, -59.6619377136, -123.099151611, -7.22822189331, -66.6776275635, -22.6723861694, -27.5329113007, -27.9799880981, -12.4371433258, -20.9019260406, -20.0459041595, -26.2157039642, -14.6325683594],
        "skew": [1.33520746231, 1.99932646751, -0.308096945286, 1.31684160233, -0.934257864952, 0.477014660835, -0.440347969532, -0.643839240074, 0.332358896732, -0.768130064011, -0.784096777439, -1.27908456326, -0.482036113739],
        "var": [26550.8945312, 333.883605957, 1336.1451416, 411.989807129, 273.086853027, 43.3531684875, 61.2989387512, 62.214302063, 20.41588974, 40.3821792603, 29.8932876587, 36.3619995117, 19.5204467773],
        "cov": [[26663.3984375, 902.656982422, -2130.78295898, 3056.69458008, -1836.23022461, 447.020843506, -350.018737793, 23.6163673401, 78.463180542, -387.418518066, -334.231231689, -345.642272949, -260.369384766], [902.656982422, 335.298370361, 200.183319092, 130.333679199, 43.3928489685, -39.4726295471, -30.3029098511, -42.0231361389, 5.4190030098, 18.2661685944, 4.42500686646, 46.2381286621, -12.5065870285], [-2130.78295898, 200.183319092, 1341.8067627, -247.957366943, 267.785430908, -66.8094558716, 19.8462677002, 84.4903945923, -45.6159591675, 108.087944031, 120.141220093, 48.7376251221, 20.5478458405], [3056.69458008, 130.333679199, -247.957366943, 413.735534668, -210.886352539, 34.820690155, -34.6720352173, -1.30553793907, 16.558380127, -37.2600059509, -32.856464386, -30.0250587463, -38.1489105225], [-1836.23022461, 43.3928489685, 267.785430908, -210.886352539, 274.243988037, -36.7918548584, 34.9476509094, -25.8555831909, 1.17284178734, 54.4283866882, 35.5294952393, 59.8538589478, 30.7157764435], [447.020843506, -39.4726295471, -66.8094558716, 34.820690155, -36.7918548584, 43.5368690491, -1.55912292004, 3.08245158195, -4.25883483887, -13.8062620163, -7.3485417366, -21.5726413727, -0.824734449387], [-350.018737793, -30.3029098511, 19.8462677002, -34.6720352173, 34.9476509094, -1.55912292004, 61.558681488, 7.18535232544, 3.85429167747, 4.91936779022, 6.26285457611, 7.51206684113, 0.166198477149], [23.6163673401, -42.0231361389, 84.4903945923, -1.30553793907, -25.8555831909, 3.08245158195, 7.18535232544, 62.4779243469, -9.32331848145, -8.3447933197, -0.726064860821, -13.4359340668, -1.81863558292], [78.463180542, 5.4190030098, -45.6159591675, 16.558380127, 1.17284178734, -4.25883483887, 3.85429167747, -9.32331848145, 20.5023975372, 2.28986430168, -2.4766702652, 5.04573488235, -3.74119615555], [-387.418518066, 18.2661685944, 108.087944031, -37.2600059509, 54.4283866882, -13.8062620163, 4.91936779022, -8.3447933197, 2.28986430168, 40.5532875061, 15.9130420685, 12.2302837372, 2.62288308144], [-334.231231689, 4.42500686646, 120.141220093, -32.856464386, 35.5294952393, -7.3485417366, 6.26285457611, -0.726064860821, -2.4766702652, 15.9130420685, 30.019952774, 9.14671707153, 3.10547351837], [-345.642272949, 46.2381286621, 48.7376251221, -30.0250587463, 59.8538589478, -21.5726413727, 7.51206684113, -13.4359340668, 5.04573488235, 12.2302837372, 9.14671707153, 36.5160751343, 5.49348640442], [-260.369384766, -12.5065870285, 20.5478458405, -38.1489105225, 30.7157764435, -0.824734449387, 0.166198477149, -1.81863558292, -3.74119615555, 2.62288308144, 3.10547351837, 5.49348640442, 19.6031589508]]
    },
    "sccoeffs": {
        "kurt": [-0.417986869812, 4.89519309998, 0.376727104187, -0.231790781021, 1.01872301102, -0.16039276123],
        "max": [-0.685949146748, -0.659862756729, -0.774328947067, -0.792633056641, -0.738305449486, -0.644691288471],
        "mean": [-0.843346059322, -0.888591527939, -0.883748650551, -0.878657341003, -0.873632252216, -0.77482008934],
        "median": [-0.842647314072, -0.894917607307, -0.885199189186, -0.882193446159, -0.883269488811, -0.760680496693],
        "min": [-0.95494222641, -0.972706675529, -0.969521403313, -0.964501261711, -0.961910307407, -0.959558129311],
        "skew": [0.145693317056, 1.43621075153, 0.437101066113, 0.482033252716, 1.03844928741, -0.620387613773],
        "var": [0.00242540845647, 0.00158304569777, 0.00109092448838, 0.00105531082954, 0.00147990998812, 0.00401155510917],
        "cov": [[0.00243568583392, 0.000555078790057, 0.000613348209299, 0.000673846458085, 0.000846841488965, 0.00170380051713], [0.000555078790057, 0.00158975354861, 0.000443544617156, 0.000469672435429, 0.000704289355781, 0.000770842016209], [0.000613348209299, 0.000443544617156, 0.00109554699156, 0.000654181290884, 0.00078937591752, 0.00121726642828], [0.000673846458085, 0.000469672435429, 0.000654181290884, 0.00105978245847, 0.00095198553754, 0.00144317932427], [0.000846841488965, 0.000704289355781, 0.00078937591752, 0.00095198553754, 0.00148618081585, 0.00185496779159], [0.00170380051713, 0.000770842016209, 0.00121726642828, 0.00144317932427, 0.00185496779159, 0.00402855314314]]
    },
    "scvalleys": {
        "kurt": [7.7110452652, 6.75630664825, 5.77770900726, 5.46682548523, 5.22609329224, 1.58629179001],
        "max": [-4.2367515564, -4.6444849968, -5.52668905258, -5.73877954483, -5.12642526627, -7.10864686966],
        "mean": [-11.5164251328, -10.9916620255, -10.6709671021, -10.3145275116, -10.1356554031, -12.8777675629],
        "median": [-12.1681613922, -11.2505121231, -10.6155805588, -9.95888137817, -10.0340394974, -13.1714868546],
        "min": [-27.3255786896, -27.5616550446, -27.2439918518, -27.1061897278, -27.2074222565, -27.2270374298],
        "skew": [0.214931488037, -0.572802245617, -1.01817524433, -1.33411574364, -1.0375123024, -0.0311612356454],
        "var": [6.12690401077, 6.45143461227, 6.67212820053, 7.01941585541, 7.36832952499, 7.96273708344],
        "cov": [[6.15286588669, 5.86352396011, 5.53653430939, 5.28427696228, 5.71840333939, 6.21909809113], [5.86352396011, 6.47877120972, 6.30317831039, 6.19081163406, 6.54253673553, 6.79857444763], [5.53653430939, 6.30317831039, 6.70040035248, 6.71284675598, 6.95156860352, 6.89937782288], [5.28427696228, 6.19081163406, 6.71284675598, 7.04915904999, 7.10146665573, 6.76279020309], [5.71840333939, 6.54253673553, 6.95156860352, 7.10146665573, 7.39955091476, 7.29969263077], [6.21909809113, 6.79857444763, 6.89937782288, 6.76279020309, 7.29969263077, 7.99647760391]]
    }
},
"rhythm": {
    "beats_loudness": {
        "kurt": -1.08491623402,
        "max": 0.00686821667477,
        "mean": 0.00409091217443,
        "median": 0.00528287468478,
        "min": 2.69809792286e-08,
        "skew": -0.729369878769,
        "var": 6.53281131235e-06
    },
    "bpm": 100.376754761,
    "confidence": 0,
    "first_peak_bpm": {
        "kurt": 0,
        "max": 101,
        "mean": 101,
        "median": 101,
        "min": 101,
        "skew": 0,
        "var": 0
    },
    "first_peak_spread": {
        "kurt": 0,
        "max": 0.25,
        "mean": 0.25,
        "median": 0.25,
        "min": 0.25,
        "skew": 0,
        "var": 0
    },
    "first_peak_weight": {
        "kurt": 0,
        "max": 0.428571432829,
        "mean": 0.428571432829,
        "median": 0.428571432829,
        "min": 0.428571432829,
        "skew": 0,
        "var": 0
    },
    "onset_rate": 2.56126236916,
    "second_peak_bpm": {
        "kurt": 0,
        "max": 89,
        "mean": 89,
        "median": 89,
        "min": 89,
        "skew": 0,
        "var": 0
    },
    "second_peak_spread": {
        "kurt": 0,
        "max": 0.5,
        "mean": 0.5,
        "median": 0.5,
        "min": 0.5,
        "skew": 0,
        "var": 0
    },
    "second_peak_weight": {
        "kurt": 0,
        "max": 0.142857149243,
        "mean": 0.142857149243,
        "median": 0.142857149243,
        "min": 0.142857149243,
        "skew": 0,
        "var": 0
    },
    "beats_loudness_band_ratio": {
        "kurt": [3.13892602921, 3.12582778931, 3.13762569427, 2.31992006302, 0.732591152191, -0.686769723892],
        "max": [0.0694462731481, 0.310856461525, 0.281462728977, 0.116803690791, 0.526760399342, 0.866423606873],
        "mean": [0.0115053253248, 0.0417719781399, 0.040609266609, 0.0376550890505, 0.222061634064, 0.667723596096],
        "median": [0.00347062340006, 0.0020367547404, 0.00682906247675, 0.0251911077648, 0.219320416451, 0.761648416519],
        "min": [0.00225542974658, 0.000796077714767, 0.00360080949031, 0.0162579510361, 0.0886974558234, 0.261419802904],
        "skew": [2.26621055603, 2.26120829582, 2.26571297646, 1.95916104317, 1.2227435112, -1.00588083267],
        "var": [0.000479759066366, 0.0103590777144, 0.00829099304974, 0.000966019695625, 0.017669621855, 0.0478559918702],
        "cov": [[0.000548296084162, 0.00254578073509, 0.0022779959254, 5.93078257225e-05, -0.00115359795745, -0.00387446652167], [0.00254578073509, 0.0118389455602, 0.0105859274045, 0.00040335234371, -0.0050567924045, -0.0184685569257], [0.0022779959254, 0.0105859274045, 0.00947542022914, 0.00027209831751, -0.00493092834949, -0.0160204917192], [5.93078257225e-05, 0.00040335234371, 0.00027209831751, 0.00110402249265, 0.00354741467163, -0.00546570215374], [-0.00115359795745, -0.0050567924045, -0.00493092834949, 0.00354741467163, 0.0201938543469, -0.0134642142802], [-0.00387446652167, -0.0184685569257, -0.0160204917192, -0.00546570215374, -0.0134642142802, 0.0546925626695]]
    },
    "beats_position": [0.650158703327, 1.3235373497, 1.91564619541, 2.50775504112, 3.15791368484, 3.7151927948, 4.3073015213, 4.92263031006],
    "bpm_estimates": [101.332717896, 101.332717896, 101.332740784, 97.5088424683],
    "bpm_intervals": [0.673378646374, 0.592108845711, 0.592108845711, 0.650158643723, 0.557279109955, 0.592108726501, 0.615328788757],
    "onset_times": [0.267029464245, 0.487619042397, 1.33514738083, 1.54412698746, 2.29877543449, 2.49614500999, 3.16952371597, 3.70358276367, 4.2492518425, 4.45823144913, 4.52789115906, 4.72526073456, 4.91102027893, 5.29414987564],
    "histogram": [[0, 0, 0, 0, 0, 0, 0, 0, 0, 0, 0, 0, 0, 0, 0, 0, 0, 0, 0, 0, 0, 0, 0, 0, 0, 0, 0, 0, 0, 0, 0, 0, 0, 0, 0, 0, 0, 0, 0, 0, 0, 0, 0, 0, 0, 0, 0, 0, 0, 0, 0, 0, 0, 0, 0, 0, 0, 0, 0, 0, 0, 0, 0, 0, 0, 0, 0, 0, 0, 0, 0, 0, 0, 0, 0, 0, 0, 0, 0, 0, 0, 0, 0, 0, 0, 0, 0, 0, 0, 0.142857149243, 0, 0, 0.142857149243, 0, 0, 0, 0, 0, 0.142857149243, 0, 0, 0.428571432829, 0, 0, 0, 0, 0, 0, 0.142857149243, 0, 0, 0, 0, 0, 0, 0, 0, 0, 0, 0, 0, 0, 0, 0, 0, 0, 0, 0, 0, 0, 0, 0, 0, 0, 0, 0, 0, 0, 0, 0, 0, 0, 0, 0, 0, 0, 0, 0, 0, 0, 0, 0, 0, 0, 0, 0, 0, 0, 0, 0, 0, 0, 0, 0, 0, 0, 0, 0, 0, 0, 0, 0, 0, 0, 0, 0, 0, 0, 0, 0, 0, 0, 0, 0, 0, 0, 0, 0, 0, 0, 0, 0, 0, 0, 0, 0, 0, 0, 0, 0, 0, 0, 0, 0, 0, 0, 0, 0, 0, 0, 0, 0, 0, 0, 0, 0, 0, 0, 0, 0, 0, 0, 0, 0, 0, 0, 0, 0, 0, 0, 0, 0, 0, 0, 0, 0, 0, 0, 0, 0, 0, 0, 0, 0, 0, 0, 0, 0, 0, 0]]
},
"sfx": {
    "inharmonicity": {
        "kurt": 7.09349727631,
        "max": 0.370204389095,
        "mean": 0.0352095626295,
        "median": 0.00276595819741,
        "min": 0,
        "skew": 2.7752969265,
        "var": 0.00566924596205
    },
    "oddtoevenharmonicenergyratio": {
        "kurt": 45.9444503784,
        "max": 16.2405891418,
        "mean": 0.761390984058,
        "median": 0.158477291465,
        "min": 0,
        "skew": 5.41828536987,
        "var": 2.28249883652
    },
    "pitch_after_max_to_before_max_energy_ratio": 1.68046438694,
    "pitch_centroid": 115.648139954,
    "pitch_max_to_total": 0.291139245033,
    "pitch_min_to_total": 0.978902935982,
    "tristimulus": {
        "kurt": [-1.31813883781, -0.773324251175, 3.31497907639],
        "max": [1, 0.897523164749, 0.993612349033],
        "mean": [0.63385283947, 0.247495949268, 0.11865106225],
        "median": [0.679783701897, 0.198636397719, 0],
        "min": [0, 0, 0],
        "skew": [-0.412773400545, 0.682157456875, 2.15377831459],
        "var": [0.132182776928, 0.0708041191101, 0.0702486783266],
        "cov": [[0.132742866874, -0.0666503682733, -0.0660924911499], [-0.0666503682733, 0.0711041390896, -0.00445377174765], [-0.0660924911499, -0.00445377174765, 0.0705463439226]]
    }
},
"tonal": {
    "chords_changes_rate": 0.0840336158872,
    "chords_number_rate": 0.0420168079436,
    "chords_strength": {
        "kurt": 0.379673719406,
        "max": 0.519127905369,
        "mean": 0.405371874571,
        "median": 0.400054514408,
        "min": 0.276406705379,
        "skew": 0.103723973036,
        "var": 0.00206596008502
    },
    "key_strength": 0.292181432247,
    "tuning_diatonic_strength": 0.338790774345,
    "tuning_equal_tempered_deviation": 0.253097325563,
    "tuning_frequency": 432.690917969,
    "tuning_nontempered_energy_ratio": 0.912504971027,
    "hpcp": {
        "kurt": [-0.229779243469, -0.210739135742, -0.444281816483, -0.618698596954, -0.46342921257, -0.698305845261, -0.665933132172, -0.598281621933, -0.504585981369, -0.548510551453, -0.471345901489, -0.4760222435, -0.401175022125, -0.797110557556, -0.861394405365, -0.83493065834, -1.07624876499, -1.00502157211, -0.952985048294, -0.34963965416, 0.206829786301, 0.319466114044, 1.53447389603, 0.249847888947, -0.0324919223785, 2.98483276367, -0.0988721847534, 0.304698228836, 0.14711856842, -0.106836557388, 1.03079462051, -0.15145277977, 0.0360863208771, 0.108470678329, -0.750656366348, -0.744137048721],
        "max": [1, 1, 1, 0.90471047163, 1, 1, 1, 1, 1, 1, 1, 1, 1, 1, 1, 1, 1, 1, 1, 1, 0.993568539619, 0.905939936638, 0.802791535854, 0.643967449665, 0.704845309258, 1, 0.784921884537, 0.853576242924, 0.888435602188, 0.862693667412, 0.97654312849, 0.96652251482, 1, 1, 0.860825955868, 0.861931741238],
        "mean": [0.357411563396, 0.368645936251, 0.373225152493, 0.398265898228, 0.429924935102, 0.482739627361, 0.534999549389, 0.560038268566, 0.600756168365, 0.605238974094, 0.602966248989, 0.605860769749, 0.582651734352, 0.540638029575, 0.496159762144, 0.492507487535, 0.505508422852, 0.49596375227, 0.450090229511, 0.36473056674, 0.28511890769, 0.237586796284, 0.196661144495, 0.178308412433, 0.19135043025, 0.214452773333, 0.233399197459, 0.262358933687, 0.283870875835, 0.280500471592, 0.280725687742, 0.317217260599, 0.332050591707, 0.324520528316, 0.342419415712, 0.349715083838],
