{
"metadata": {
    "version": {
        "essentia": "2.1-beta3"
    }
},
"lowLevel": {
    "average_loudness": 0.60533618927,
    "barkbands_kurtosis": {
        "kurt": 16.814907074,
        "max": 41.6896972656,
        "mean": 1.13722574711,
        "median": -0.964174032211,
        "min": -1.76546728611,
        "skew": 3.89914655685,
        "var": 39.9950714111
    },
    "barkbands_skewness": {
        "kurt": 2.92140817642,
        "max": 1.60988616943,
        "mean": -0.44794896245,
        "median": -0.133718505502,
        "min": -5.01612949371,
        "skew": -1.61866831779,
        "var": 1.39186167717
    },
    "barkbands_spread": {
        "kurt": -1.46052670479,
        "max": 66.1174926758,
        "mean": 32.5688438416,
        "median": 26.1214828491,
        "min": 1.45965254307,
        "skew": 0.0568636730313,
        "var": 366.647064209
    },
    "dissonance": {
        "kurt": 26.1290626526,
        "max": 0.499999940395,
        "mean": 0.489073485136,
        "median": 0.492132455111,
        "min": 0.387909471989,
        "skew": -4.38525342941,
        "var": 0.000193750776816
    },
    "hfc": {
        "kurt": 98.0623168945,
        "max": 215.429016113,
        "mean": 2.52514624596,
        "median": 1.9419401724e-05,
        "min": 1.16452405694e-16,
        "skew": 9.83480548859,
        "var": 404.255889893
    },
    "pitch": {
        "kurt": -1.63638675213,
        "max": 4895.20263672,
        "mean": 2610.42089844,
        "median": 3630.22216797,
        "min": 114.03212738,
        "skew": -0.33674749732,
        "var": 2781011.75
    },
    "pitch_instantaneous_confidence": {
        "kurt": 1.61690235138,
        "max": 0.836706280708,
        "mean": 0.294398188591,
        "median": 0.255623966455,
        "min": 0.121616184711,
        "skew": 1.28782320023,
        "var": 0.0166331585497
    },
    "pitch_salience": {
        "kurt": 2.23483848572,
        "max": 0.961729645729,
        "mean": 0.766124665737,
        "median": 0.773702919483,
        "min": 0.473895937204,
        "skew": -0.591555655003,
        "var": 0.00531385233626
    },
    "silence_rate_20dB": {
        "kurt": 0,
        "max": 1,
        "mean": 1,
        "median": 1,
        "min": 1,
        "skew": 0,
        "var": 0
    },
    "silence_rate_30dB": {
        "kurt": 0,
        "max": 1,
        "mean": 1,
        "median": 1,
        "min": 1,
        "skew": 0,
        "var": 0
    },
    "silence_rate_60dB": {
        "kurt": 27.3176612854,
        "max": 1,
        "mean": 0.969026565552,
        "median": 1,
        "min": 0,
        "skew": -5.41457509995,
        "var": 0.0300141125917
    },
    "spectral_centroid": {
        "kurt": 15.7344474792,
        "max": 11116.0039062,
        "mean": 2410.15209961,
        "median": 2111.73144531,
        "min": 775.570556641,
        "skew": 2.70857381821,
        "var": 1222570.75
    },
    "spectral_complexity": {
        "kurt": 46.7821846008,
        "max": 50,
        "mean": 0.982300877571,
        "median": 0,
        "min": 0,
        "skew": 6.87238931656,
        "var": 38.4863929749
    },
    "spectral_crest": {
        "kurt": 3.80505371094,
        "max": 20.1926326752,
        "mean": 6.18057918549,
        "median": 5.06992197037,
        "min": 2.68066191673,
        "skew": 1.84864449501,
        "var": 9.32430362701
    },
    "spectral_decrease": {
        "kurt": 101.704078674,
        "max": -4.77895411483e-29,
        "mean": -1.80865447619e-10,
        "median": -9.56664633376e-16,
        "min": -1.67955427344e-08,
        "skew": -10.045006752,
        "var": 2.30052101202e-18
    },
    "spectral_energy": {
        "kurt": 100.44103241,
        "max": 0.0819571763277,
        "mean": 0.000911664916202,
        "median": 5.62246960101e-09,
        "min": 1.07429492366e-20,
        "skew": 9.98366737366,
        "var": 5.68742580072e-05
    },
    "spectral_energyband_high": {
        "kurt": 91.4564590454,
        "max": 0.0181765966117,
        "mean": 0.000233820290305,
        "median": 9.08887576312e-10,
        "min": 7.51753938371e-21,
        "skew": 9.39772796631,
        "var": 2.92839831673e-06
    },
    "spectral_energyband_low": {
        "kurt": 176.606307983,
        "max": 0.00676435604692,
        "mean": 4.24581266998e-05,
        "median": 1.995189014e-10,
        "min": 4.9320726065e-23,
        "skew": 13.0325813293,
        "var": 2.25832494039e-07
    },
    "spectral_energyband_middle_high": {
        "kurt": 101.890480042,
        "max": 0.0504292920232,
        "mean": 0.000521390058566,
        "median": 2.25838570067e-09,
        "min": 1.52187318466e-21,
        "skew": 10.0364179611,
        "var": 2.00741433218e-05
    },
    "spectral_energyband_middle_low": {
        "kurt": 143.73928833,
        "max": 0.0170098822564,
        "mean": 0.000139575175126,
        "median": 2.81373729871e-10,
        "min": 4.28052739377e-22,
        "skew": 11.6428251266,
        "var": 1.60352760759e-06
    },
    "spectral_flatness_db": {
        "kurt": 0.0115950107574,
        "max": 0.33269828558,
        "mean": 0.121272042394,
        "median": 0.114872142673,
        "min": 0.0414740070701,
        "skew": 0.727882564068,
        "var": 0.00377613585442
    },
    "spectral_flux": {
        "kurt": 42.1653442383,
        "max": 0.27530425787,
        "mean": 0.00735583947971,
        "median": 9.51405672822e-05,
        "min": 1.03648201133e-10,
        "skew": 6.35586690903,
        "var": 0.00106979289558
    },
    "spectral_kurtosis": {
        "kurt": 4.76430749893,
        "max": 14.593711853,
        "mean": 3.55658197403,
        "median": 2.67122840881,
        "min": -1.21383142471,
        "skew": 2.19805955887,
        "var": 7.03649997711
    },
    "spectral_rms": {
        "kurt": 65.8967437744,
        "max": 0.00894193630666,
        "mean": 0.000193803396542,
        "median": 2.34202070715e-06,
        "min": 3.23742573548e-12,
        "skew": 7.76753330231,
        "var": 8.51869060625e-07
    },
    "spectral_rolloff": {
        "kurt": 75.1531829834,
        "max": 19186.0839844,
        "mean": 4181.15478516,
        "median": 4155.90820312,
        "min": 2002.58789062,
        "skew": 6.80599021912,
        "var": 1707707.75
    },
    "spectral_skewness": {
        "kurt": 3.45254564285,
        "max": 2.74451994896,
        "mean": 1.33774602413,
        "median": 1.31087648869,
        "min": -0.0345915928483,
        "skew": 1.33563733101,
        "var": 0.157395660877
    },
    "spectral_spread": {
        "kurt": 17.8249797821,
        "max": 40883208,
        "mean": 7141772.5,
        "median": 6809650,
        "min": 2288669.25,
        "skew": 2.46867156029,
        "var": 1.68555582587e+13
    },
    "spectral_strongpeak": {
        "kurt": 115.905059814,
        "max": 3.10957312584,
        "mean": 0.0464816838503,
        "median": 0.000925509724766,
        "min": 0,
        "skew": 10.1669111252,
        "var": 0.059346113354
    },
    "zerocrossingrate": {
        "kurt": 28.9476566315,
        "max": 0.51220703125,
        "mean": 0.130684375763,
        "median": 0.125,
        "min": 0.04541015625,
        "skew": 3.6846165657,
        "var": 0.00174974813126
    },
    "barkbands": {
        "kurt": [105.255508423, 174.449569702, 185.66734314, 158.361221313, 172.277496338, 123.342063904, 71.7554779053, 88.7468948364, 132.665939331, 77.2617492676, 130.973937988, 133.170562744, 115.066741943, 159.928131104, 148.525268555, 124.212677002, 111.856559753, 110.738113403, 95.3331298828, 97.575843811, 86.9312133789, 88.4232406616, 97.7215957642, 90.9917068481, 100.984931946, 96.7094726562, 106.286643982],
        "max": [3.31997507601e-05, 0.000646979955491, 0.00411338312551, 0.00278093107045, 0.00522658508271, 0.00256225094199, 0.00103858497459, 0.000850864627864, 0.00287152966484, 0.00275797909126, 0.00232939119451, 0.00397639209405, 0.00436695525423, 0.00293214758858, 0.00255963555537, 0.00388397811912, 0.00407313043252, 0.00910565443337, 0.0118799442425, 0.0111724575981, 0.00875282660127, 0.00363992596976, 0.000399867305532, 0.000348171335645, 0.000128540283185, 7.73427836975e-06, 1.28771972641e-07],
        "mean": [3.13858208756e-07, 4.32309298048e-06, 2.47111329372e-05, 1.88394587894e-05, 3.42223029293e-05, 2.38598186115e-05, 1.40338770507e-05, 1.10627506729e-05, 2.38504289882e-05, 3.42765270034e-05, 2.17631550186e-05, 3.29839567712e-05, 3.95013557863e-05, 2.2728318072e-05, 1.99574988073e-05, 3.38307509082e-05, 3.85428465961e-05, 8.19114575279e-05, 0.000133467488922, 0.000122370707686, 0.000118860960356, 4.5809243602e-05, 4.89595049658e-06, 4.07193283536e-06, 1.38945188155e-06, 8.6736562821e-08, 1.27521393445e-09],
        "median": [4.07480342871e-12, 6.6361027784e-11, 8.83920020511e-11, 8.04571687052e-11, 7.33573896072e-11, 3.50135545557e-11, 2.1332748068e-11, 1.72712018298e-11, 3.47534605261e-11, 1.59268639943e-11, 1.66756851383e-11, 1.8925387299e-11, 1.87506520727e-11, 3.06769679104e-11, 4.86495149721e-11, 8.33394742106e-11, 2.27065685698e-10, 5.54773893491e-10, 8.06029687439e-10, 5.32585753277e-10, 4.96950036677e-10, 7.54241807899e-11, 1.26000217204e-11, 5.23173778605e-12, 3.29075178565e-12, 3.96119714721e-13, 2.19453734427e-14],
        "min": [5.76305785576e-25, 2.34666429335e-23, 2.35812265577e-23, 7.43551180294e-24, 7.77347559195e-24, 7.73984313835e-23, 6.67355247454e-23, 1.19355311292e-22, 8.82524316873e-23, 9.58222399596e-23, 5.76618257325e-23, 1.28385282167e-22, 9.45619620883e-23, 9.68199344345e-23, 1.67779796706e-22, 1.48822055514e-22, 2.09070707616e-22, 1.72977405573e-22, 2.25441275339e-22, 3.87244775423e-22, 4.76764054615e-22, 6.358997912e-22, 8.22992455344e-22, 7.17166095954e-22, 1.19459309665e-21, 1.62000364425e-21, 2.16849840445e-21],
        "skew": [10.2492055893, 12.8855228424, 13.4000968933, 12.3189029694, 12.8442363739, 10.6961936951, 8.21293258667, 9.26160049438, 11.2819004059, 8.69169521332, 10.913351059, 11.270283699, 10.6390037537, 12.207865715, 11.8657979965, 10.867433548, 10.495516777, 10.5648040771, 9.71655273438, 9.7678194046, 9.11347866058, 9.25189971924, 9.80593395233, 9.14562892914, 9.99683761597, 9.74303722382, 10.3488254547],
        "var": [8.63444385435e-12, 2.07370498551e-09, 8.12812430695e-08, 4.06758751126e-08, 1.36581164156e-07, 3.97729600365e-08, 9.27839849396e-09, 6.57393872672e-09, 4.86890670004e-08, 6.74926425859e-08, 3.11765191441e-08, 9.27302110654e-08, 1.29610739918e-07, 4.4422929335e-08, 3.56562495085e-08, 9.24230505461e-08, 1.16080038026e-07, 6.21170613613e-07, 1.27686075757e-06, 9.93494950308e-07, 7.03441173755e-07, 1.18150921935e-07, 1.41925360353e-09, 8.78737804744e-10, 1.35548100522e-10, 5.02423894589e-13, 1.35991669077e-16],
        "cov": [[8.67281940709e-12, 1.2394535398e-10, 7.63792584735e-10, 5.66569957616e-10, 1.01652908313e-09, 5.62344504296e-10, 2.37980996021e-10, 2.28039684358e-10, 6.28948448878e-10, 6.77059575072e-10, 4.3205711231e-10, 8.27282520266e-10, 1.04091324449e-09, 4.98420804629e-10, 4.99924934783e-10, 8.57985404945e-10, 9.86330572772e-10, 2.27196594871e-09, 3.20440962653e-09, 2.79262235559e-09, 2.31564678543e-09, 9.53787160363e-10, 1.07920346271e-10, 6.67853272684e-11, 3.34141256331e-11, 1.9981798334e-12, 3.40915413033e-14], [1.2394535398e-10, 2.08292139092e-09, 1.29661481552e-08, 9.14251074846e-09, 1.68599694206e-08, 8.76011885254e-09, 3.60587626425e-09, 3.19533421944e-09, 9.72247438114e-09, 9.88158799231e-09, 4.80274753301e-09, 9.97522331403e-09, 1.53861456909e-08, 5.1598334494e-09, 5.78000491913e-09, 1.32056188207e-08, 1.44791938439e-08, 3.02324778545e-08, 4.45804104743e-08, 3.71262203203e-08, 3.16340909023e-08, 1.34414026576e-08, 1.50334455995e-09, 7.64514063167e-10, 4.73292960379e-10, 2.70218847298e-11, 4.64107864553e-13], [7.63792584735e-10, 1.29661481552e-08, 8.16424972072e-08, 5.73203244869e-08, 1.0558774477e-07, 5.43499005801e-08, 2.24174865338e-08, 1.98220693193e-08, 6.1093750503e-08, 6.15922530756e-08, 2.9494243492e-08, 6.18001507746e-08, 9.65613367043e-08, 3.14951158487e-08, 3.56470941654e-08, 8.29077109188e-08, 9.06702766201e-08, 1.88510810517e-07, 2.78359095773e-07, 2.31161095599e-07, 1.97387507228e-07, 8.40623570753e-08, 9.36298505394e-09, 4.7038848372e-09, 2.95943203277e-09, 1.68435460024e-10, 2.87145047323e-12], [5.66569957616e-10, 9.14251074846e-09, 5.73203244869e-08, 4.08566549481e-08, 7.46752846226e-08, 3.92255579129e-08, 1.63274584963e-08, 1.47940175665e-08, 4.41025669318e-08, 4.53427446701e-08, 2.39450468342e-08, 4.85478075518e-08, 7.06839315967e-08, 2.63193093986e-08, 2.84652870164e-08, 5.99371787757e-08, 6.65358541596e-08, 1.4288728778e-07, 2.07926674989e-07, 1.75399307523e-07, 1.48381047893e-07, 6.25251672659e-08, 6.99445878993e-09, 3.77579922883e-09, 2.19703744087e-09, 1.27027027785e-10, 2.16301824542e-12], [1.01652908313e-09, 1.68599694206e-08, 1.0558774477e-07, 7.46752846226e-08, 1.37188195026e-07, 7.14130123924e-08, 2.95625000035e-08, 2.6405844622e-08, 7.9946033793e-08, 8.14589853348e-08, 4.08051299416e-08, 8.40699954097e-08, 1.27112940618e-07, 4.41800018791e-08, 4.8888693982e-08, 1.0858192212e-07, 1.19557839184e-07, 2.52148282698e-07, 3.7002067188e-07, 3.0955553143e-07, 2.63247670773e-07, 1.11572539652e-07, 1.2459025811e-08, 6.48366382805e-09, 3.92363252999e-09, 2.24980242769e-10, 3.84084777871e-12], [5.62344504296e-10, 8.76011885254e-09, 5.43499005801e-08, 3.92255579129e-08, 7.14130123924e-08, 3.99497288583e-08, 1.80444743592e-08, 1.55390935674e-08, 4.36219522726e-08, 4.91816862791e-08, 2.73083973212e-08, 5.08708133395e-08, 7.04811213836e-08, 2.99970217554e-08, 3.02416438558e-08, 6.01419571922e-08, 6.67458763814e-08, 1.43475517689e-07, 2.15789214053e-07, 1.84666532732e-07, 1.53323512109e-07, 6.28602023767e-08, 7.17528525485e-09, 4.01260047411e-09, 2.17865547825e-09, 1.27407542849e-10, 2.17377439833e-12], [2.37980996021e-10, 3.60587626425e-09, 2.24174865338e-08, 1.63274584963e-08, 2.95625000035e-08, 1.80444743592e-08, 9.31963572981e-09, 7.40419059397e-09, 1.92019875556e-08, 2.45960993794e-08, 1.39960896206e-08, 2.35558665906e-08, 3.11734318359e-08, 1.51597596698e-08, 1.40665363801e-08, 2.7108120193e-08, 2.97549433981e-08, 6.27242755513e-08, 1.00679834247e-07, 8.74426930864e-08, 7.1932497292e-08, 2.87681416467e-08, 3.29373750496e-09, 2.00518068816e-09, 9.60585166965e-10, 5.6787095859e-11, 9.44772905742e-13], [2.28039684358e-10, 3.19533421944e-09, 1.98220693193e-08, 1.47940175665e-08, 2.6405844622e-08, 1.55390935674e-08, 7.40419059397e-09, 6.60315624401e-09, 1.7159186072e-08, 2.04017904792e-08, 1.30408341903e-08, 2.32828654134e-08, 2.84811871865e-08, 1.48061092275e-08, 1.40651534863e-08, 2.38319781687e-08, 2.71330033996e-08, 6.15067747844e-08, 9.10421817935e-08, 8.01276129891e-08, 6.64047732357e-08, 2.70014801629e-08, 3.03231284526e-09, 2.01743421968e-09, 9.1650076417e-10, 5.5229938678e-11, 9.16631570994e-13], [6.28948448878e-10, 9.72247438114e-09, 6.1093750503e-08, 4.41025669318e-08, 7.9946033793e-08, 4.36219522726e-08, 1.92019875556e-08, 1.7159186072e-08, 4.89054627906e-08, 5.31738670873e-08, 3.01043066031e-08, 5.77745780106e-08, 7.92798857674e-08, 3.34428023052e-08, 3.42489556715e-08, 6.70271234071e-08, 7.48909769754e-08, 1.63409978882e-07, 2.40380529704e-07, 2.05794279395e-07, 1.72378662455e-07, 7.15042460797e-08, 8.03036392938e-09, 4.64188820715e-09, 2.48209985898e-09, 1.45455508749e-10, 2.45083749302e-12], [6.77059575072e-10, 9.88158799231e-09, 6.15922530756e-08, 4.53427446701e-08, 8.14589853348e-08, 4.91816862791e-08, 2.45960993794e-08, 2.04017904792e-08, 5.31738670873e-08, 6.77926053072e-08, 4.00296222836e-08, 6.8740241943e-08, 8.70138663345e-08, 4.48046257873e-08, 4.14112690805e-08, 7.55070175273e-08, 8.34228046642e-08, 1.81405937383e-07, 2.84714531062e-07, 2.47245225182e-07, 2.00346235602e-07, 7.91168162095e-08, 9.22822884775e-09, 5.47800382833e-09, 2.6891286975e-09, 1.60463864418e-10, 2.70401691489e-12], [4.3205711231e-10, 4.80274753301e-09, 2.9494243492e-08, 2.39450468342e-08, 4.08051299416e-08, 2.73083973212e-08, 1.39960896206e-08, 1.30408341903e-08, 3.01043066031e-08, 4.00296222836e-08, 3.1315082083e-08, 5.22311758289e-08, 5.28001464772e-08, 3.69944963552e-08, 3.26526112815e-08, 4.25587209918e-08, 5.08002955257e-08, 1.26515885768e-07, 1.8273966873e-07, 1.67572949294e-07, 1.33698193849e-07, 5.17441876013e-08, 6.00348615265e-09, 4.47940573522e-09, 1.75084968745e-09, 1.10839976086e-10, 1.83696374084e-12], [8.27282520266e-10, 9.97522331403e-09, 6.18001507746e-08, 4.85478075518e-08, 8.40699954097e-08, 5.08708133395e-08, 2.35558665906e-08, 2.32828654134e-08, 5.77745780106e-08, 6.8740241943e-08, 5.22311758289e-08, 9.31423471684e-08, 9.96804487841e-08, 6.21188789296e-08, 5.75376439826e-08, 8.01052024713e-08, 9.52887688754e-08, 2.35364268519e-07, 3.2897750657e-07, 2.97212721989e-07, 2.41983855176e-07, 9.67659374851e-08, 1.09699058726e-08, 7.96746757459e-09, 3.32346083987e-09, 2.06849343209e-10, 3.43756099974e-12], [1.04091324449e-09, 1.53861456909e-08, 9.65613367043e-08, 7.06839315967e-08, 1.27112940618e-07, 7.04811213836e-08, 3.11734318359e-08, 2.84811871865e-08, 7.92798857674e-08, 8.70138663345e-08, 5.28001464772e-08, 9.96804487841e-08, 1.30186791125e-07, 5.95317857233e-08, 5.97327840524e-08, 1.08562495882e-07, 1.23037708022e-07, 2.75766751656e-07, 3.99562310349e-07, 3.46281041175e-07, 2.88458551267e-07, 1.18832502949e-07, 1.33666038238e-08, 8.10620104374e-09, 4.12281986328e-09, 2.44672254679e-10, 4.11017357302e-12], [4.98420804629e-10, 5.1598334494e-09, 3.14951158487e-08, 2.63193093986e-08, 4.41800018791e-08, 2.99970217554e-08, 1.51597596698e-08, 1.48061092275e-08, 3.34428023052e-08, 4.48046257873e-08, 3.69944963552e-08, 6.21188789296e-08, 5.95317857233e-08, 4.46203642923e-08, 3.90755978685e-08, 4.74563783825e-08, 5.75458791729e-08, 1.48209124973e-07, 2.09853610045e-07, 1.93752811128e-07, 1.53019030336e-07, 5.87394595186e-08, 6.87676138256e-09, 5.26133270284e-09, 2.00079242063e-09, 1.27912153092e-10, 2.13854866975e-12], [4.99924934783e-10, 5.78000491913e-09, 3.56470941654e-08, 2.84652870164e-08, 4.8888693982e-08, 3.02416438558e-08, 1.40665363801e-08, 1.40651534863e-08, 3.42489556715e-08, 4.14112690805e-08, 3.26526112815e-08, 5.75376439826e-08, 5.97327840524e-08, 3.90755978685e-08, 3.58147218549e-08, 4.7536417469e-08, 5.71534393146e-08, 1.43718366985e-07, 1.99447697469e-07, 1.8148585923e-07, 1.46216720509e-07, 5.7790703778e-08, 6.63243948651e-09, 4.84262585587e-09, 1.99289895697e-09, 1.24972504567e-10, 2.09144095271e-12], [8.57985404945e-10, 1.32056188207e-08, 8.29077109188e-08, 5.99371787757e-08, 1.0858192212e-07, 6.01419571922e-08, 2.7108120193e-08, 2.38319781687e-08, 6.70271234071e-08, 7.55070175273e-08, 4.25587209918e-08, 8.01052024713e-08, 1.08562495882e-07, 4.74563783825e-08, 4.7536417469e-08, 9.28338224071e-08, 1.0302878195e-07, 2.23774705432e-07, 3.350183988e-07, 2.86660764459e-07, 2.38607526626e-07, 9.79212444463e-08, 1.10940607811e-08, 6.37115649127e-09, 3.38825811852e-09, 1.99157565439e-10, 3.35351451469e-12], [9.86330572772e-10, 1.44791938439e-08, 9.06702766201e-08, 6.65358541596e-08, 1.19557839184e-07, 6.67458763814e-08, 2.97549433981e-08, 2.71330033996e-08, 7.48909769754e-08, 8.34228046642e-08, 5.08002955257e-08, 9.52887688754e-08, 1.23037708022e-07, 5.75458791729e-08, 5.71534393146e-08, 1.0302878195e-07, 1.16595948896e-07, 2.61686523118e-07, 3.81058725907e-07, 3.30427013751e-07, 2.746970722e-07, 1.12683281372e-07, 1.27143611195e-08, 7.75357644756e-09, 3.90301391207e-09, 2.32141514345e-10, 3.90075818868e-12], [2.27196594871e-09, 3.02324778545e-08, 1.88510810517e-07, 1.4288728778e-07, 2.52148282698e-07, 1.43475517689e-07, 6.27242755513e-08, 6.15067747844e-08, 1.63409978882e-07, 1.81405937383e-07, 1.26515885768e-07, 2.35364268519e-07, 2.75766751656e-07, 1.48209124973e-07, 1.43718366985e-07, 2.23774705432e-07, 2.61686523118e-07, 6.23931327937e-07, 8.71005681802e-07, 7.71868769789e-07, 6.35857304587e-07, 2.58516195117e-07, 2.9230502463e-08, 1.94350118221e-08, 8.99356322748e-09, 5.4736837285e-10, 9.1919119885e-12], [3.20440962653e-09, 4.45804104743e-08, 2.78359095773e-07, 2.07926674989e-07, 3.7002067188e-07, 2.15789214053e-07, 1.00679834247e-07, 9.10421817935e-08, 2.40380529704e-07, 2.84714531062e-07, 1.8273966873e-07, 3.2897750657e-07, 3.99562310349e-07, 2.09853610045e-07, 1.99447697469e-07, 3.350183988e-07, 3.81058725907e-07, 8.71005681802e-07, 1.28253566345e-06, 1.12472969249e-06, 9.21487412597e-07, 3.69891779428e-07, 4.23433554886e-08, 2.67876689719e-08, 1.27305330722e-08, 7.67628294263e-10, 1.28919670078e-11], [2.79262235559e-09, 3.71262203203e-08, 2.31161095599e-07, 1.75399307523e-07, 3.0955553143e-07, 1.84666532732e-07, 8.74426930864e-08, 8.01276129891e-08, 2.05794279395e-07, 2.47245225182e-07, 1.67572949294e-07, 2.97212721989e-07, 3.46281041175e-07, 1.93752811128e-07, 1.8148585923e-07, 2.86660764459e-07, 3.30427013751e-07, 7.71868769789e-07, 1.12472969249e-06, 9.97910547085e-07, 8.16538431536e-07, 3.2641770531e-07, 3.726409048e-08, 2.48308147377e-08, 1.11799272062e-08, 6.81821654691e-10, 1.13777025995e-11], [2.31564678543e-09, 3.16340909023e-08, 1.97387507228e-07, 1.48381047893e-07, 2.63247670773e-07, 1.53323512109e-07, 7.1932497292e-08, 6.64047732357e-08, 1.72378662455e-07, 2.00346235602e-07, 1.33698193849e-07, 2.41983855176e-07, 2.88458551267e-07, 1.53019030336e-07, 1.46216720509e-07, 2.38607526626e-07, 2.746970722e-07, 6.35857304587e-07, 9.21487412597e-07, 8.16538431536e-07, 7.06567618636e-07, 2.83473866602e-07, 3.11530286012e-08, 2.19646896227e-08, 9.55070511566e-09, 5.81469539185e-10, 9.42215923339e-12], [9.53787160363e-10, 1.34414026576e-08, 8.40623570753e-08, 6.25251672659e-08, 1.11572539652e-07, 6.28602023767e-08, 2.87681416467e-08, 2.70014801629e-08, 7.15042460797e-08, 7.91168162095e-08, 5.17441876013e-08, 9.67659374851e-08, 1.18832502949e-07, 5.87394595186e-08, 5.7790703778e-08, 9.79212444463e-08, 1.12683281372e-07, 2.58516195117e-07, 3.69891779428e-07, 3.2641770531e-07, 2.83473866602e-07, 1.18676034333e-07, 1.26508776788e-08, 9.23708309841e-09, 3.98492616682e-09, 2.41637126974e-10, 3.8538373881e-12], [1.07920346271e-10, 1.50334455995e-09, 9.36298505394e-09, 6.99445878993e-09, 1.2459025811e-08, 7.17528525485e-09, 3.29373750496e-09, 3.03231284526e-09, 8.03036392938e-09, 9.22822884775e-09, 6.00348615265e-09, 1.09699058726e-08, 1.33666038238e-08, 6.87676138256e-09, 6.63243948651e-09, 1.10940607811e-08, 1.27143611195e-08, 2.9230502463e-08, 4.23433554886e-08, 3.726409048e-08, 3.11530286012e-08, 1.26508776788e-08, 1.42556144667e-09, 9.36633548498e-10, 4.33069052841e-10, 2.6163800293e-11, 4.3389079764e-13], [6.67853272684e-11, 7.64514063167e-10, 4.7038848372e-09, 3.77579922883e-09, 6.48366382805e-09, 4.01260047411e-09, 2.00518068816e-09, 2.01743421968e-09, 4.64188820715e-09, 5.47800382833e-09, 4.47940573522e-09, 7.96746757459e-09, 8.10620104374e-09, 5.26133270284e-09, 4.84262585587e-09, 6.37115649127e-09, 7.75357644756e-09, 1.94350118221e-08, 2.67876689719e-08, 2.48308147377e-08, 2.19646896227e-08, 9.23708309841e-09, 9.36633548498e-10, 8.826433473e-10, 2.97958741013e-10, 1.89075092388e-11, 2.86178253404e-13], [3.34141256331e-11, 4.73292960379e-10, 2.95943203277e-09, 2.19703744087e-09, 3.92363252999e-09, 2.17865547825e-09, 9.60585166965e-10, 9.1650076417e-10, 2.48209985898e-09, 2.6891286975e-09, 1.75084968745e-09, 3.32346083987e-09, 4.12281986328e-09, 2.00079242063e-09, 1.99289895697e-09, 3.38825811852e-09, 3.90301391207e-09, 8.99356322748e-09, 1.27305330722e-08, 1.11799272062e-08, 9.55070511566e-09, 3.98492616682e-09, 4.33069052841e-10, 2.97958741013e-10, 1.3615053529e-10, 8.22205758338e-12, 1.33931142001e-13], [1.9981798334e-12, 2.70218847298e-11, 1.68435460024e-10, 1.27027027785e-10, 2.24980242769e-10, 1.27407542849e-10, 5.6787095859e-11, 5.5229938678e-11, 1.45455508749e-10, 1.60463864418e-10, 1.10839976086e-10, 2.06849343209e-10, 2.44672254679e-10, 1.27912153092e-10, 1.24972504567e-10, 1.99157565439e-10, 2.32141514345e-10, 5.4736837285e-10, 7.67628294263e-10, 6.81821654691e-10, 5.81469539185e-10, 2.41637126974e-10, 2.6163800293e-11, 1.89075092388e-11, 8.22205758338e-12, 5.04656917383e-13, 8.11949943722e-15], [3.40915413033e-14, 4.64107864553e-13, 2.87145047323e-12, 2.16301824542e-12, 3.84084777871e-12, 2.17377439833e-12, 9.44772905742e-13, 9.16631570994e-13, 2.45083749302e-12, 2.70401691489e-12, 1.83696374084e-12, 3.43756099974e-12, 4.11017357302e-12, 2.13854866975e-12, 2.09144095271e-12, 3.35351451469e-12, 3.90075818868e-12, 9.1919119885e-12, 1.28919670078e-11, 1.13777025995e-11, 9.42215923339e-12, 3.8538373881e-12, 4.3389079764e-13, 2.86178253404e-13, 1.33931142001e-13, 8.11949943722e-15, 1.3659606679e-16]]
    },
    "mfcc": {
        "kurt": [7.90111637115, 3.4923043251, 1.19464683533, 7.28863430023, 3.82967805862, 2.38864850998, 3.57744550705, 3.24527406693, 8.23117446899, 4.59638834, 6.88951969147, 5.32471084595, 13.3293628693],
        "max": [-496.185058594, 96.5045013428, 1.83288574219, 75.3729782104, 15.7241363525, 15.3603973389, 21.4004249573, 15.5207309723, 22.4444847107, 6.23903846741, 10.3839454651, 9.31537055969, 5.99320983887],
        "mean": [-1084.06030273, 6.93990325928, -14.8842105865, 3.68977451324, -7.81940889359, -3.26988172531, 0.588591217995, -0.366105645895, 0.504415392876, -2.52973294258, -2.18853163719, -1.45272815228, -1.31118631363],
        "median": [-1138.42004395, 1.14440917969e-05, -6.103515625e-05, 8.01086425781e-05, -6.103515625e-05, 2.28881835938e-05, -2.67028808594e-05, -5.34057617188e-05, -4.57763671875e-05, -2.28881835938e-05, -2.67028808594e-05, -3.0517578125e-05, -3.81469726562e-05],
        "min": [-1138.42004395, -81.4305267334, -94.6014709473, -21.9232597351, -59.4742889404, -28.7120323181, -17.3798446655, -25.0858192444, -17.324256897, -30.3927268982, -30.3402462006, -18.8949947357, -27.7358169556],
        "skew": [2.75161194801, 0.386684566736, -1.65896630287, 2.56665349007, -2.12120676041, -1.48010027409, 0.311207890511, -0.603707611561, 0.966605305672, -2.04143643379, -2.22889494896, -2.03981947899, -3.04019761086],
        "var": [13789.8027344, 549.881652832, 758.141601562, 229.907867432, 226.451797485, 52.4047431946, 23.6023654938, 34.606010437, 19.3677024841, 27.8423805237, 23.1965332031, 14.5644426346, 15.4372959137],
        "cov": [[13851.0908203, 1343.11181641, -2486.48071289, 1056.86010742, -1421.66821289, -339.178894043, -140.689620972, -367.147338867, -83.2916183472, -428.264129639, -265.444244385, -166.815658569, -264.618133545], [1343.11181641, 552.325561523, -246.2915802, -48.0776977539, -172.341903687, -101.234230042, -16.919380188, -31.0487766266, -50.5554351807, -34.3099212646, -72.6925201416, -23.0229072571, -9.23843574524], [-2486.48071289, -246.2915802, 761.511108398, -233.01789856, 353.622131348, 131.674880981, 26.5035305023, 75.6741867065, 0.438123703003, 109.752403259, 77.6337814331, 55.987285614, 50.9864349365], [1056.86010742, -48.0776977539, -233.01789856, 230.9296875, -76.692024231, 6.15676307678, -16.1680545807, -36.7505340576, 17.943939209, -31.0274543762, -2.3155298233, -19.5293960571, -27.127571106], [-1421.66821289, -172.341903687, 353.622131348, -76.692024231, 227.458251953, 71.505241394, 17.31001091, 39.5494041443, 11.918920517, 56.3863182068, 35.8874473572, 18.8876495361, 27.47016716], [-339.178894043, -101.234230042, 131.674880981, 6.15676307678, 71.505241394, 52.6376533508, 2.78737688065, 10.7252187729, 4.16221857071, 20.671333313, 22.2053985596, 7.66310787201, 3.85188412666], [-140.689620972, -16.919380188, 26.5035305023, -16.1680545807, 17.31001091, 2.78737688065, 23.7072658539, 14.6127004623, 4.21180772781, 3.82578277588, 0.715437531471, 0.742360293865, 1.65895605087], [-367.147338867, -31.0487766266, 75.6741867065, -36.7505340576, 39.5494041443, 10.7252187729, 14.6127004623, 34.7598152161, 4.00182437897, 11.1291236877, 9.45013237, 1.40266656876, 5.23413515091], [-83.2916183472, -50.5554351807, 0.438123703003, 17.943939209, 11.918920517, 4.16221857071, 4.21180772781, 4.00182437897, 19.4537811279, 0.735525965691, 2.30915546417, -3.62520670891, -2.35668206215], [-428.264129639, -34.3099212646, 109.752403259, -31.0274543762, 56.3863182068, 20.671333313, 3.82578277588, 11.1291236877, 0.735525965691, 27.9661235809, 13.3177633286, 6.06464576721, 9.46369838715], [-265.444244385, -72.6925201416, 77.6337814331, -2.3155298233, 35.8874473572, 22.2053985596, 0.715437531471, 9.45013237, 2.30915546417, 13.3177633286, 23.2996292114, 10.3502149582, 5.05321359634], [-166.815658569, -23.0229072571, 55.987285614, -19.5293960571, 18.8876495361, 7.66310787201, 0.742360293865, 1.40266656876, -3.62520670891, 6.06464576721, 10.3502149582, 14.6291732788, 7.52949047089], [-264.618133545, -9.23843574524, 50.9864349365, -27.127571106, 27.47016716, 3.85188412666, 1.65895605087, 5.23413515091, -2.35668206215, 9.46369838715, 5.05321359634, 7.52949047089, 15.505906105]]
    },
    "sccoeffs": {
        "kurt": [0.977510690689, 1.3621506691, 4.45559501648, 1.84031963348, 4.89376688004, -1.09773397446],
        "max": [-0.611117124557, -0.770281016827, -0.768597960472, -0.78403455019, -0.746507763863, -0.656011521816],
        "mean": [-0.848244607449, -0.899237155914, -0.904075920582, -0.90072876215, -0.898162722588, -0.833361268044],
        "median": [-0.876275658607, -0.905811309814, -0.912013411522, -0.909985303879, -0.90494287014, -0.848232448101],
        "min": [-0.952440857887, -0.963464736938, -0.963038444519, -0.961705446243, -0.956173479557, -0.95747178793],
        "skew": [1.32552576065, 1.07228803635, 1.81724131107, 1.33933782578, 1.87724232674, 0.490113228559],
        "var": [0.00566345220432, 0.00109584792517, 0.000943400023971, 0.00106102961581, 0.0010960297659, 0.00495351199061],
        "cov": [[0.0056886235252, 0.00146687484812, 0.00157566636335, 0.00158187979832, 0.00144354812801, 0.00393573474139], [0.00146687484812, 0.00110071827658, 0.000613861717284, 0.000665935920551, 0.000620957231149, 0.00129837403074], [0.00157566636335, 0.000613861717284, 0.000947592896409, 0.00067394413054, 0.000678219657857, 0.00131830922328], [0.00158187979832, 0.000665935920551, 0.00067394413054, 0.00106574536767, 0.000884204462636, 0.00183345889673], [0.00144354812801, 0.000620957231149, 0.000678219657857, 0.000884204462636, 0.00110090093222, 0.0018656788161], [0.00393573474139, 0.00129837403074, 0.00131830922328, 0.00183345889673, 0.0018656788161, 0.00497552752495]]
    },
    "scvalleys": {
        "kurt": [21.6968650818, 4.25578784943, 2.13826084137, 2.27679681778, 3.18246030807, 5.00852394104],
        "max": [-4.90584993362, -4.73454427719, -4.5878443718, -4.83565092087, -4.80883932114, -6.95415019989],
        "mean": [-12.9098815918, -12.5644922256, -12.4736423492, -12.7846689224, -12.418296814, -14.7731246948],
        "median": [-13.346244812, -13.7992210388, -14.0994873047, -13.9893722534, -13.292842865, -15.7953567505],
        "min": [-27.4131679535, -27.1194496155, -27.3757648468, -27.1272125244, -27.3311042786, -27.3455295563],
        "skew": [-0.635619103909, 0.209626182914, 0.0714152380824, 0.130783811212, 0.0799655541778, 0.780831515789],
        "var": [3.25953412056, 6.65239810944, 8.25922584534, 7.68365192413, 7.40124511719, 5.33097839355],
        "cov": [[3.27402091026, 4.13183879852, 4.36502218246, 4.24338102341, 4.16709184647, 3.54278755188], [4.13183879852, 6.68196439743, 7.26868915558, 6.96737098694, 6.65219402313, 5.12424230576], [4.36502218246, 7.26868915558, 8.29593372345, 7.89302539825, 7.51158237457, 5.55647516251], [4.24338102341, 6.96737098694, 7.89302539825, 7.71780157089, 7.44791412354, 5.6818523407], [4.16709184647, 6.65219402313, 7.51158237457, 7.44791412354, 7.43413972855, 5.89040088654], [3.54278755188, 5.12424230576, 5.55647516251, 5.6818523407, 5.89040088654, 5.35467195511]]
    }
},
"rhythm": {
    "beats_loudness": {
        "kurt": 2.29335594177,
        "max": 0.0196522325277,
        "mean": 0.00291336001828,
        "median": 8.06858281521e-07,
        "min": 4.34242058978e-10,
        "skew": 1.95269751549,
        "var": 3.91009634768e-05
    },
    "bpm": 131.849456787,
    "confidence": 0,
    "first_peak_bpm": {
        "kurt": 0,
        "max": 133,
        "mean": 133,
        "median": 133,
        "min": 133,
        "skew": 0,
        "var": 0
    },
    "first_peak_spread": {
        "kurt": 0,
        "max": 0.200000047684,
        "mean": 0.200000047684,
        "median": 0.200000047684,
        "min": 0.200000047684,
        "skew": 0,
        "var": 0
    },
    "first_peak_weight": {
        "kurt": 0,
        "max": 0.444444447756,
        "mean": 0.444444447756,
        "median": 0.444444447756,
        "min": 0.444444447756,
        "skew": 0,
        "var": 0
    },
    "onset_rate": 0.957401096821,
    "second_peak_bpm": {
        "kurt": 0,
        "max": 117,
        "mean": 117,
        "median": 117,
        "min": 117,
        "skew": 0,
        "var": 0
    },
    "second_peak_spread": {
        "kurt": 0,
        "max": 0,
        "mean": 0,
        "median": 0,
        "min": 0,
        "skew": 0,
        "var": 0
    },
    "second_peak_weight": {
        "kurt": 0,
        "max": 0.222222223878,
        "mean": 0.222222223878,
        "median": 0.222222223878,
        "min": 0.222222223878,
        "skew": 0,
        "var": 0
    },
    "beats_loudness_band_ratio": {
        "kurt": [-0.0751965045929, 2.43771362305, 0.680645704269, -0.138884067535, -0.829638004303, -1.32096540928],
        "max": [0.40814858675, 0.184273034334, 0.278992086649, 0.47300991416, 0.333558440208, 0.820717215538],
        "mean": [0.0944263190031, 0.0447366274893, 0.0849089995027, 0.140986144543, 0.198594003916, 0.458043336868],
        "median": [0.00796449743211, 0.0358296483755, 0.0805705413222, 0.05253469944, 0.180439978838, 0.451213866472],
        "min": [0.000242122696363, 8.25060342322e-05, 0.000375455332687, 0.00405669258907, 0.119367614388, 0.0830653235316],
        "skew": [1.23662269115, 1.76080358028, 1.11912214756, 1.00729620457, 0.527115762234, 0.0385126136243],
        "var": [0.0202255882323, 0.00268273451366, 0.00655664643273, 0.0219448469579, 0.00460113491863, 0.0625439509749],
        "cov": [[0.0224728770554, 0.00712219625711, -0.0010723277228, -0.00816936977208, -0.00310519244522, -0.0167619790882], [0.00712219625711, 0.00298081617802, 0.00036839369568, -0.000664645282086, -0.00147204962559, -0.00804464239627], [-0.0010723277228, 0.00036839369568, 0.00728516280651, 0.0100992890075, 0.000852561730426, -0.0169686935842], [-0.00816936977208, -0.000664645282086, 0.0100992890075, 0.0243831630796, 0.00241175387055, -0.0266731269658], [-0.00310519244522, -0.00147204962559, 0.000852561730426, 0.00241175387055, 0.00511237233877, -0.00367838609964], [-0.0167619790882, -0.00804464239627, -0.0169686935842, -0.0266731269658, -0.00367838609964, 0.069493278861]]
    },
    "beats_position": [0.429569154978, 0.882358253002, 1.34675729275, 1.82276642323, 2.29877543449, 2.80961441994, 3.32045340538, 3.7732424736, 4.22603178024, 4.67882061005],
    "bpm_estimates": [132.512023926, 129.199234009, 132.512039185, 132.511962891, 132.51210022],
    "bpm_intervals": [0.452789098024, 0.464399039745, 0.476009130478, 0.476009011269, 0.510838985443, 0.510838985443, 0.452789068222, 0.452789306641, 0.452788829803],
    "onset_times": [0.31346938014, 1.82276642323, 2.27555561066, 3.30884361267, 4.63238096237],
    "histogram": [[0, 0, 0, 0, 0, 0, 0, 0, 0, 0, 0, 0, 0, 0, 0, 0, 0, 0, 0, 0, 0, 0, 0, 0, 0, 0, 0, 0, 0, 0, 0, 0, 0, 0, 0, 0, 0, 0, 0, 0, 0, 0, 0, 0, 0, 0, 0, 0, 0, 0, 0, 0, 0, 0, 0, 0, 0, 0, 0, 0, 0, 0, 0, 0, 0, 0, 0, 0, 0, 0, 0, 0, 0, 0, 0, 0, 0, 0, 0, 0, 0, 0, 0, 0, 0, 0, 0, 0, 0, 0, 0, 0, 0, 0, 0, 0, 0, 0, 0, 0, 0, 0, 0, 0, 0, 0, 0, 0, 0, 0, 0, 0, 0, 0, 0, 0, 0, 0.222222223878, 0, 0, 0, 0, 0, 0, 0, 0, 0.222222223878, 0, 0, 0.111111111939, 0, 0, 0, 0.444444447756, 0, 0, 0, 0, 0, 0, 0, 0, 0, 0, 0, 0, 0, 0, 0, 0, 0, 0, 0, 0, 0, 0, 0, 0, 0, 0, 0, 0, 0, 0, 0, 0, 0, 0, 0, 0, 0, 0, 0, 0, 0, 0, 0, 0, 0, 0, 0, 0, 0, 0, 0, 0, 0, 0, 0, 0, 0, 0, 0, 0, 0, 0, 0, 0, 0, 0, 0, 0, 0, 0, 0, 0, 0, 0, 0, 0, 0, 0, 0, 0, 0, 0, 0, 0, 0, 0, 0, 0, 0, 0, 0, 0, 0, 0, 0, 0, 0, 0, 0, 0, 0, 0, 0, 0, 0, 0, 0, 0, 0, 0, 0, 0, 0, 0, 0, 0]]
},
"sfx": {
    "inharmonicity": {
        "kurt": 3.15360164642,
        "max": 0.321594357491,
        "mean": 0.0414408184588,
        "median": 0,
        "min": 0,
        "skew": 2.02154135704,
        "var": 0.0054930835031
    },
    "oddtoevenharmonicenergyratio": {
        "kurt": 10.5119524002,
        "max": 4.44812345505,
        "mean": 0.370502233505,
        "median": 0,
        "min": 0,
        "skew": 3.00876069069,
        "var": 0.533232450485
    },
    "pitch_after_max_to_before_max_energy_ratio": 0.80825316906,
    "pitch_centroid": 93.928527832,
    "pitch_max_to_total": 0.433628320694,
    "pitch_min_to_total": 0.296460181475,
    "tristimulus": {
        "kurt": [-1.45533871651, 0.321117162704, 1.48898077011],
        "max": [1, 0.932030081749, 1],
        "mean": [0.679855287075, 0.18278567493, 0.13735923171],
        "median": [1, 0, 0],
        "min": [0, 0, 0],
        "skew": [-0.55920702219, 1.23357319832, 1.69817483425],
        "var": [0.153428092599, 0.068158686161, 0.0651248469949],
        "cov": [[0.154109984636, -0.0785785540938, -0.0755313634872], [-0.0785785540938, 0.068461611867, 0.0101170139387], [-0.0755313634872, 0.0101170139387, 0.0654142946005]]
    }
},
"tonal": {
    "chords_changes_rate": 0.078947365284,
    "chords_number_rate": 0.0263157896698,
    "chords_strength": {
        "kurt": -1.05979216099,
        "max": 0.721235871315,
        "mean": 0.522877991199,
        "median": 0.50151860714,
        "min": 0.374607026577,
        "skew": 0.420676618814,
        "var": 0.0101920096204
    },
    "key_strength": 0.392919570208,
    "tuning_diatonic_strength": 0.425908148289,
    "tuning_equal_tempered_deviation": 0.264732152224,
    "tuning_frequency": 431.443084717,
    "tuning_nontempered_energy_ratio": 0.898219048977,
    "hpcp": {
        "kurt": [0.11483168602, -0.507955551147, 0.0274019241333, 0.504388809204, -0.237778425217, -0.612550020218, -0.383244276047, -0.356605052948, -0.718822479248, -0.733712911606, -1.14387691021, -0.8458507061, -0.831880092621, -1.02936756611, -1.06064772606, -0.94983124733, -1.05995476246, -0.854307413101, -0.901302337646, -1.02085888386, -0.0862860679626, 0.230713129044, -0.285940170288, -0.416470766068, 0.198751449585, 0.337797880173, -0.958871364594, 0.907779216766, 0.557359933853, 0.354614019394, 0.236853599548, -0.0334551334381, -0.00227904319763, -0.203279733658, 0.279468774796, 0.057192325592],
        "max": [1, 0.940436422825, 1, 1, 1, 1, 1, 1, 1, 1, 1, 1, 1, 1, 1, 1, 1, 1, 1, 0.889306306839, 0.991136431694, 0.939545631409, 0.775415182114, 0.781585454941, 1, 0.996634721756, 0.76679110527, 1, 1, 1, 1, 1, 1, 1, 1, 1],
        "mean": [0.229344069958, 0.211561560631, 0.193893879652, 0.19853836298, 0.212659463286, 0.236000150442, 0.239194497466, 0.237128078938, 0.254367798567, 0.27377307415, 0.27585709095, 0.274914950132, 0.279221534729, 0.29214656353, 0.29825335741, 0.289750486612, 0.283033251762, 0.274833410978, 0.267088800669, 0.24379748106, 0.198434710503, 0.173560634255, 0.176075473428, 0.184806451201, 0.191894829273, 0.190428435802, 0.184535980225, 0.184678971767, 0.193018734455, 0.199180692434, 0.206171095371, 0.219430118799, 0.238625362515, 0.23547334969, 0.209536984563, 0.211204141378],
        "median": [0, 0, 0, 0, 0, 0, 0, 0, 0.00864291191101, 0.0344165675342, 0.0446039400995, 0.00672517251223, 0, 0, 0.00220045121387, 0.0404272265732, 0.0823364257812, 0.0609885901213, 0.150833666325, 0.0846998691559, 0.0221344046295, 0.00206608767621, 0, 0, 0, 0, 0.00169372500386, 0.0305146835744, 0.00202280119993, 0.000245343806455, 0.0105413608253, 0.0348775163293, 0.0620753541589, 0.00856846012175, 0, 0],
        "min": [0, 0, 0, 0, 0, 0, 0, 0, 0, 0, 0, 0, 0, 0, 0, 0, 0, 0, 0, 0, 0, 0, 0, 0, 0, 0, 0, 0, 0, 0, 0, 0, 0, 0, 0, 0],
