{
"metadata": {
    "version": {
        "essentia": "2.1-beta3"
    }
},
"lowLevel": {
    "average_loudness": 0.952774465084,
    "barkbands_kurtosis": {
        "kurt": 10.511423111,
        "max": 12.0731916428,
        "mean": -0.238118976355,
        "median": -1.0133459568,
        "min": -1.78209173679,
        "skew": 2.93470311165,
        "var": 4.17428684235
    },
    "barkbands_skewness": {
        "kurt": 0.281640768051,
        "max": 2.80738067627,
        "mean": -0.143844112754,
        "median": 0.151227623224,
        "min": -3.4714050293,
        "skew": -0.746329903603,
        "var": 1.12370443344
    },
    "barkbands_spread": {
        "kurt": -0.68031835556,
        "max": 58.0680274963,
        "mean": 33.7112083435,
        "median": 30.6619606018,
        "min": 11.9381732941,
        "skew": 0.487599074841,
        "var": 114.583343506
    },
    "dissonance": {
        "kurt": 58.3368301392,
        "max": 0.500000178814,
        "mean": 0.481496185064,
        "median": 0.488835722208,
        "min": 0.16858805716,
        "skew": -7.32011461258,
        "var": 0.00130796490703
    },
    "hfc": {
        "kurt": 53.5817298889,
        "max": 38.6740570068,
        "mean": 0.712644994259,
        "median": 1.41894724948e-05,
        "min": 1.15603255165e-16,
        "skew": 7.13378620148,
        "var": 17.0831832886
    },
    "pitch": {
        "kurt": -1.90892493725,
        "max": 4293.07177734,
        "mean": 2318.0690918,
        "median": 3723.19873047,
        "min": 101.506187439,
        "skew": -0.250073164701,
        "var": 3272254.75
    },
    "pitch_instantaneous_confidence": {
        "kurt": 0.15084862709,
        "max": 0.764196753502,
        "mean": 0.314037919044,
        "median": 0.240067124367,
        "min": 0.121675670147,
        "skew": 1.22466945648,
        "var": 0.0311759542674
    },
    "pitch_salience": {
        "kurt": 3.68914604187,
        "max": 0.947105824947,
        "mean": 0.756906867027,
        "median": 0.76512169838,
        "min": 0.541930913925,
        "skew": -0.678746581078,
        "var": 0.00285913329571
    },
    "silence_rate_20dB": {
        "kurt": 0,
        "max": 1,
        "mean": 1,
        "median": 1,
        "min": 1,
        "skew": 0,
        "var": 0
    },
    "silence_rate_30dB": {
        "kurt": 0,
        "max": 1,
        "mean": 1,
        "median": 1,
        "min": 1,
        "skew": 0,
        "var": 0
    },
    "silence_rate_60dB": {
        "kurt": 22.5377826691,
        "max": 1,
        "mean": 0.963636338711,
        "median": 1,
        "min": 0,
        "skew": -4.95355558395,
        "var": 0.0350412912667
    },
    "spectral_centroid": {
        "kurt": 31.4651260376,
        "max": 11404.6162109,
        "mean": 2067.85351562,
        "median": 1781.11450195,
        "min": 533.848632812,
        "skew": 4.03855085373,
        "var": 1165579.125
    },
    "spectral_complexity": {
        "kurt": 44.6395759583,
        "max": 46,
        "mean": 0.927272737026,
        "median": 0,
        "min": 0,
        "skew": 6.68952178955,
        "var": 32.0310974121
    },
    "spectral_crest": {
        "kurt": 0.879169464111,
        "max": 15.7200775146,
        "mean": 6.28804397583,
        "median": 4.9562087059,
        "min": 2.51051259041,
        "skew": 1.3066431284,
        "var": 10.4160871506
    },
    "spectral_decrease": {
        "kurt": 58.3067245483,
        "max": -1.06560560302e-29,
        "mean": -9.50524034482e-11,
        "median": -8.2352630066e-16,
        "min": -5.71903857605e-09,
        "skew": -7.59201574326,
        "var": 3.87281180659e-19
    },
    "spectral_energy": {
        "kurt": 53.9173431396,
        "max": 0.0238557942212,
        "mean": 0.000423388672061,
        "median": 4.23110790848e-09,
        "min": 1.05257779751e-20,
        "skew": 7.33272361755,
        "var": 7.23270613889e-06
    },
    "spectral_energyband_high": {
        "kurt": 62.9775695801,
        "max": 0.00333797582425,
        "mean": 5.76499223826e-05,
        "median": 8.65693683405e-10,
        "min": 8.02136750156e-21,
        "skew": 7.54689502716,
        "var": 1.09346103727e-07
    },
    "spectral_energyband_low": {
        "kurt": 60.3746490479,
        "max": 0.00218856427819,
        "mean": 3.3057465771e-05,
        "median": 3.1115029997e-10,
        "min": 7.17787062015e-23,
        "skew": 7.78463029861,
        "var": 6.21667268774e-08
    },
    "spectral_energyband_middle_high": {
        "kurt": 65.1117401123,
        "max": 0.0100743472576,
        "mean": 0.000162585172802,
        "median": 2.79099787726e-09,
        "min": 1.45335078267e-21,
        "skew": 7.80420398712,
        "var": 1.00729630503e-06
    },
    "spectral_energyband_middle_low": {
        "kurt": 84.4019622803,
        "max": 0.0155216520652,
        "mean": 0.000184162927326,
        "median": 1.13450737693e-09,
        "min": 1.54921995039e-22,
        "skew": 9.15815925598,
        "var": 2.20247989091e-06
    },
    "spectral_flatness_db": {
        "kurt": -1.22813260555,
        "max": 0.185772016644,
        "mean": 0.120577342808,
        "median": 0.134015485644,
        "min": 0.0449005812407,
        "skew": -0.480637788773,
        "var": 0.00157357088756
    },
    "spectral_flux": {
        "kurt": 26.2738513947,
        "max": 0.143414065242,
        "mean": 0.00522691570222,
        "median": 9.3910828582e-05,
        "min": 1.02595217044e-10,
        "skew": 5.16466188431,
        "var": 0.000447430036729
    },
    "spectral_kurtosis": {
        "kurt": 0.303521633148,
        "max": 12.5829591751,
        "mean": 3.74147844315,
        "median": 2.55748319626,
        "min": -1.15835082531,
        "skew": 1.00645315647,
        "var": 6.11570501328
    },
    "spectral_rms": {
        "kurt": 37.2783927917,
        "max": 0.00482430774719,
        "mean": 0.000154050489073,
        "median": 2.03172589863e-06,
        "min": 3.20453624574e-12,
        "skew": 5.96882295609,
        "var": 3.89330352846e-07
    },
    "spectral_rolloff": {
        "kurt": 71.4552078247,
        "max": 18561.6210938,
        "mean": 3844.26318359,
        "median": 3875.9765625,
        "min": 495.263671875,
        "skew": 6.79599380493,
        "var": 1960458.5
    },
    "spectral_skewness": {
        "kurt": 0.0713074207306,
        "max": 2.56176590919,
        "mean": 1.3373529911,
        "median": 1.36025679111,
        "min": -0.0353949926794,
        "skew": 0.0643118917942,
        "var": 0.181187421083
    },
    "spectral_spread": {
        "kurt": 20.9794216156,
        "max": 39479684,
        "mean": 6728168.5,
        "median": 5179105,
        "min": 3032741.75,
        "skew": 3.27963471413,
        "var": 1.75115044127e+13
    },
    "spectral_strongpeak": {
        "kurt": 49.0373001099,
        "max": 0.956193387508,
        "mean": 0.0229128915817,
        "median": 0.000802383990958,
        "min": 2.36923414221e-09,
        "skew": 6.79668617249,
        "var": 0.0111835151911
    },
    "zerocrossingrate": {
        "kurt": 35.0455780029,
        "max": 0.4873046875,
        "mean": 0.119975142181,
        "median": 0.111328125,
        "min": 0.02880859375,
        "skew": 4.19124746323,
        "var": 0.00171726127155
    },
    "barkbands": {
        "kurt": [87.6293869019, 52.43699646, 62.7653121948, 72.7289428711, 90.0701675415, 85.7195053101, 95.8980407715, 79.9430618286, 38.0661010742, 53.86120224, 65.949508667, 95.5355224609, 58.2854003906, 52.7557144165, 144.074234009, 103.738258362, 49.0127487183, 45.4560928345, 69.2350692749, 53.0310211182, 66.7461776733, 69.7277526855, 49.0248451233, 54.5892677307, 63.3013000488, 62.5102157593, 56.0464935303],
        "max": [2.11326405406e-05, 0.000492163759191, 0.00104070152156, 0.00128231476992, 0.00431678816676, 0.00319813773967, 0.00332482508384, 0.0029445134569, 0.000348322209902, 0.00072225369513, 0.000419949035859, 0.000753985834308, 0.000554486934561, 0.000708217732608, 0.00170976796653, 0.00175913865678, 0.000529602752067, 0.00107262888923, 0.00182226090692, 0.00183569197543, 0.00144484778866, 0.000504688359797, 6.07159272477e-05, 2.06764088944e-05, 8.398045793e-06, 2.03322386483e-07, 4.28525748219e-09],
        "mean": [2.46095765988e-07, 8.02068188932e-06, 1.53642031364e-05, 1.69713694049e-05, 4.79765112686e-05, 3.66434724128e-05, 3.52043389285e-05, 3.47697896359e-05, 8.97189329407e-06, 1.4020089111e-05, 7.47082003727e-06, 9.98232371785e-06, 9.18273508432e-06, 1.20646391224e-05, 1.44855157487e-05, 1.96674027393e-05, 1.12743282443e-05, 2.14434585359e-05, 3.03311917378e-05, 3.4547465475e-05, 2.47944080911e-05, 8.24362450658e-06, 1.17275953926e-06, 4.06275972864e-07, 1.30433988943e-07, 3.26371929482e-09, 7.33151317434e-11],
        "median": [8.64993027292e-13, 5.67949923203e-11, 1.50918277875e-10, 2.16246257012e-10, 5.56849621969e-10, 2.43504827413e-10, 2.96613400508e-10, 6.16174472556e-11, 2.23863691473e-10, 1.70178052206e-10, 1.79704820469e-10, 5.47006467899e-11, 1.08435593837e-10, 6.35288766038e-11, 4.56100400503e-11, 1.70071498551e-10, 1.06141498368e-10, 2.06950123705e-10, 1.77284009695e-09, 7.67855001804e-10, 5.02760832966e-10, 9.3021944314e-11, 7.48754877544e-12, 3.59965486238e-12, 3.0500092469e-12, 3.75218546554e-13, 2.16596963347e-14],
        "min": [5.53289447324e-24, 1.95034767432e-23, 3.75007624273e-23, 2.24860541184e-23, 2.73432631939e-23, 1.66895609849e-23, 2.05585166727e-23, 3.46429023834e-23, 2.68094378639e-23, 7.73523240413e-23, 8.59887038119e-23, 7.06867018277e-23, 9.37439890602e-23, 1.23151612891e-22, 1.34234843552e-22, 1.99606686538e-22, 2.07408684974e-22, 1.34132594557e-22, 1.76845916343e-22, 3.3475909523e-22, 5.22555246596e-22, 6.05156531194e-22, 5.19536219114e-22, 9.97855175371e-22, 1.52812661758e-21, 1.4639172274e-21, 2.40480892089e-21],
        "skew": [9.12639808655, 7.33855962753, 7.92562484741, 8.54182910919, 9.38492584229, 9.24637508392, 9.6823682785, 9.01370334625, 6.10814237595, 7.29961872101, 7.95668125153, 9.34280872345, 7.64293289185, 7.34355115891, 11.8613796234, 9.8282995224, 6.95688915253, 6.64387845993, 7.88837242126, 7.01617527008, 7.71517562866, 7.92500162125, 6.88393688202, 7.2972407341, 7.84534072876, 7.65001296997, 7.44235181808],
        "var": [3.7590130661e-12, 3.49751316797e-09, 1.36963826947e-08, 1.83862312042e-08, 1.58471678446e-07, 9.26424306158e-08, 8.97344207829e-08, 8.82765931465e-08, 2.08273931435e-09, 7.51795870002e-09, 1.93148697036e-09, 4.42046488303e-09, 3.92596533061e-09, 6.92341872721e-09, 1.8459974882e-08, 2.31410446361e-08, 4.13670209198e-09, 1.475556477e-08, 3.08714831476e-08, 3.73349315907e-08, 1.96648972661e-08, 2.35582953145e-09, 4.5776899632e-11, 5.80015159166e-12, 7.64357110591e-13, 4.21641592668e-16, 2.25826252588e-19],
        "cov": [[3.78193396738e-12, 1.06232564412e-10, 1.73537240133e-10, 1.71133399118e-10, 4.20926071776e-10, 2.96508262387e-10, 2.78045864111e-10, 2.88170654006e-10, 7.36368604981e-11, 1.33404884362e-10, 7.45691425275e-11, 1.27180960208e-10, 1.15036632997e-10, 1.48347306661e-10, 2.47980441737e-10, 2.88422619121e-10, 1.0048659127e-10, 2.10527220657e-10, 3.16888681962e-10, 3.37272570983e-10, 2.49772369454e-10, 8.95130566891e-11, 1.09492033495e-11, 3.56759175153e-12, 1.67079989167e-12, 3.76673722053e-14, 7.6025902755e-16], [1.06232564412e-10, 3.51883944205e-09, 6.63646027022e-09, 7.1939969537e-09, 1.9335525181e-08, 1.434788377e-08, 1.37082798446e-08, 1.40436560159e-08, 2.47077736049e-09, 4.91411178416e-09, 2.26417773419e-09, 3.49233930663e-09, 3.69732533478e-09, 4.94550356223e-09, 6.06125682978e-09, 7.91846233028e-09, 3.62462571069e-09, 6.39822106407e-09, 9.05470276535e-09, 9.80831416086e-09, 6.97722546406e-09, 2.52637488707e-09, 3.7942471387e-10, 1.33857369633e-10, 5.03249213135e-11, 1.1230039251e-12, 2.74268065534e-14], [1.73537240133e-10, 6.63646027022e-09, 1.37798972233e-08, 1.57479558283e-08, 4.42768381959e-08, 3.3573574143e-08, 3.23746967013e-08, 3.29109859365e-08, 4.73912775689e-09, 1.00091392952e-08, 4.03221767087e-09, 5.60780755166e-09, 6.81050016382e-09, 9.37849797822e-09, 8.43316794175e-09, 1.26933725753e-08, 7.29709004332e-09, 1.13758238385e-08, 1.52465400305e-08, 1.67809908191e-08, 1.14842544363e-08, 4.18542134284e-09, 7.4305966935e-10, 2.76253575571e-10, 8.8018106692e-11, 1.95928971831e-12, 5.5060445e-14], [1.71133399118e-10, 7.1939969537e-09, 1.57479558283e-08, 1.84983424134e-08, 5.33836193028e-08, 4.07477926956e-08, 3.95797670194e-08, 3.98391897249e-08, 5.23622079029e-09, 1.13513207722e-08, 4.31987245975e-09, 5.50848922032e-09, 7.24938731267e-09, 1.01937995822e-08, 7.39094785374e-09, 1.25280994467e-08, 8.23484924695e-09, 1.19844827395e-08, 1.56000581342e-08, 1.72500573825e-08, 1.15112168686e-08, 4.19757695269e-09, 8.20497725318e-10, 3.15536402562e-10, 9.10669942233e-11, 2.04717861586e-12, 6.17543803637e-14], [4.20926071776e-10, 1.9335525181e-08, 4.42768381959e-08, 5.33836193028e-08, 1.59437973934e-07, 1.21411176224e-07, 1.19573698498e-07, 1.17453090809e-07, 1.47002596762e-08, 3.19307815744e-08, 1.23225660786e-08, 1.39214648698e-08, 1.8947373448e-08, 2.74271556577e-08, 1.70090892482e-08, 3.23286144521e-08, 2.31617534041e-08, 3.2173861797e-08, 4.17457606261e-08, 4.54630502134e-08, 2.98443936231e-08, 1.07423154816e-08, 2.22364082703e-09, 8.94401275264e-10, 2.35031744067e-10, 5.51928901887e-12, 1.70462046713e-13], [2.96508262387e-10, 1.434788377e-08, 3.3573574143e-08, 4.07477926956e-08, 1.21411176224e-07, 9.32073263016e-08, 9.13620041842e-08, 9.06834003445e-08, 1.0856871846e-08, 2.40665389839e-08, 8.68203287041e-09, 9.61003188138e-09, 1.40902498558e-08, 2.04173442597e-08, 1.03103863225e-08, 2.19970228699e-08, 1.73928036418e-08, 2.32232544306e-08, 2.9196199236e-08, 3.23463709151e-08, 2.08372714638e-08, 7.56301954397e-09, 1.67961111686e-09, 6.7594324582e-10, 1.70477146288e-10, 3.92399480964e-12, 1.28801483368e-13], [2.78045864111e-10, 1.37082798446e-08, 3.23746967013e-08, 3.95797670194e-08, 1.19573698498e-07, 9.13620041842e-08, 9.02815884274e-08, 8.8323687919e-08, 1.05485398194e-08, 2.33285586404e-08, 8.7037310692e-09, 9.21012954791e-09, 1.32829480748e-08, 1.94898621686e-08, 9.94589477443e-09, 2.14723137049e-08, 1.6904007083e-08, 2.27317524804e-08, 2.8801869334e-08, 3.16466177708e-08, 2.03759356054e-08, 7.30888327638e-09, 1.60833357743e-09, 6.56460774628e-10, 1.62040769691e-10, 3.85358108271e-12, 1.23760973258e-13], [2.88170654006e-10, 1.40436560159e-08, 3.29109859365e-08, 3.98391897249e-08, 1.17453090809e-07, 9.06834003445e-08, 8.8323687919e-08, 8.88148647959e-08, 1.04223021324e-08, 2.34758879003e-08, 8.02065613925e-09, 9.0983105494e-09, 1.39080915673e-08, 2.00080148005e-08, 9.20786558112e-09, 2.05294963251e-08, 1.6908666467e-08, 2.22796092686e-08, 2.73844467102e-08, 3.08772136748e-08, 1.97083931397e-08, 7.23245152656e-09, 1.65626778958e-09, 6.58565091349e-10, 1.6624032706e-10, 3.72361429885e-12, 1.26498610848e-13], [7.36368604981e-11, 2.47077736049e-09, 4.73912775689e-09, 5.23622079029e-09, 1.47002596762e-08, 1.0856871846e-08, 1.05485398194e-08, 1.04223021324e-08, 2.09543893348e-09, 3.7392737795e-09, 1.82892401224e-09, 2.59043875239e-09, 2.59021359916e-09, 3.50885343003e-09, 4.36209823818e-09, 5.79990278027e-09, 2.79646861223e-09, 5.03516872641e-09, 7.16456050043e-09, 7.79995357192e-09, 5.54797718877e-09, 1.93575955265e-09, 2.83792850331e-10, 1.02464974006e-10, 3.60776408748e-11, 8.59450911047e-13, 1.98802698479e-14], [1.33404884362e-10, 4.91411178416e-09, 1.00091392952e-08, 1.13513207722e-08, 3.19307815744e-08, 2.40665389839e-08, 2.33285586404e-08, 2.34758879003e-08, 3.7392737795e-09, 7.56379936462e-09, 3.2067570821e-09, 4.46765824336e-09, 5.0895248016e-09, 6.97339253009e-09, 6.88554369077e-09, 1.00195984842e-08, 5.58799317929e-09, 9.34856458912e-09, 1.25722436906e-08, 1.40662548276e-08, 9.69996527544e-09, 3.44964101728e-09, 5.74564673617e-10, 2.09056646994e-10, 6.78888681382e-11, 1.56866099971e-12, 4.10520074423e-14], [7.45691425275e-11, 2.26417773419e-09, 4.03221767087e-09, 4.31987245975e-09, 1.23225660786e-08, 8.68203287041e-09, 8.7037310692e-09, 8.02065613925e-09, 1.82892401224e-09, 3.2067570821e-09, 1.94326443825e-09, 2.7265381064e-09, 2.34233343832e-09, 3.17828408036e-09, 5.08534903076e-09, 6.27827390076e-09, 2.4510480312e-09, 4.8742085923e-09, 7.43970218764e-09, 7.7295307932e-09, 5.67192692813e-09, 1.95784854995e-09, 2.43422143553e-10, 8.87179357756e-11, 3.46554243635e-11, 8.69169428271e-13, 1.71386850838e-14], [1.27180960208e-10, 3.49233930663e-09, 5.60780755166e-09, 5.50848922032e-09, 1.39214648698e-08, 9.61003188138e-09, 9.21012954791e-09, 9.0983105494e-09, 2.59043875239e-09, 4.46765824336e-09, 2.7265381064e-09, 4.44741887762e-09, 3.77692188636e-09, 4.8886299453e-09, 8.6991258641e-09, 1.00521191371e-08, 3.4206535382e-09, 7.42345651616e-09, 1.13797016255e-08, 1.20152252592e-08, 8.95310758864e-09, 3.14948023217e-09, 3.66471353264e-10, 1.20961837768e-10, 5.62837866591e-11, 1.32233644607e-12, 2.4985930344e-14], [1.15036632997e-10, 3.69732533478e-09, 6.81050016382e-09, 7.24938731267e-09, 1.8947373448e-08, 1.40902498558e-08, 1.32829480748e-08, 1.39080915673e-08, 2.59021359916e-09, 5.0895248016e-09, 2.34233343832e-09, 3.77692188636e-09, 3.94990395947e-09, 5.2080197932e-09, 6.59163168493e-09, 8.42439806803e-09, 3.76996700524e-09, 6.84724321687e-09, 9.67863389434e-09, 1.06018012147e-08, 7.58079199414e-09, 2.74493516805e-09, 4.03794331305e-10, 1.38589265064e-10, 5.40142409966e-11, 1.18850816775e-12, 2.86451431694e-14], [1.48347306661e-10, 4.94550356223e-09, 9.37849797822e-09, 1.01937995822e-08, 2.74271556577e-08, 2.04173442597e-08, 1.94898621686e-08, 2.00080148005e-08, 3.50885343003e-09, 6.97339253009e-09, 3.17828408036e-09, 4.8886299453e-09, 5.2080197932e-09, 6.96563473568e-09, 8.3695290698e-09, 1.10162474698e-08, 5.15127007716e-09, 9.06566732795e-09, 1.27586785581e-08, 1.38953879514e-08, 9.86198056552e-09, 3.56308516025e-09, 5.40437805618e-10, 1.90493620877e-10, 7.07283190349e-11, 1.57906196799e-12, 3.88922157283e-14], [2.47980441737e-10, 6.06125682978e-09, 8.43316794175e-09, 7.39094785374e-09, 1.70090892482e-08, 1.03103863225e-08, 9.94589477443e-09, 9.20786558112e-09, 4.36209823818e-09, 6.88554369077e-09, 5.08534903076e-09, 8.6991258641e-09, 6.59163168493e-09, 8.3695290698e-09, 1.85725355095e-08, 2.0178838156e-08, 5.35088817699e-09, 1.33303013072e-08, 2.15187387909e-08, 2.20955520547e-08, 1.69197811317e-08, 5.95130700276e-09, 5.77535297364e-10, 1.80124581917e-10, 1.0371120629e-10, 2.4685843647e-12, 3.90312748213e-14], [2.88422619121e-10, 7.91846233028e-09, 1.26933725753e-08, 1.25280994467e-08, 3.23286144521e-08, 2.19970228699e-08, 2.14723137049e-08, 2.05294963251e-08, 5.79990278027e-09, 1.00195984842e-08, 6.27827390076e-09, 1.00521191371e-08, 8.42439806803e-09, 1.10162474698e-08, 2.0178838156e-08, 2.32821495416e-08, 7.64242447104e-09, 1.66430922377e-08, 2.57266776771e-08, 2.68241713286e-08, 2.00120009453e-08, 7.04902758386e-09, 8.01115174198e-10, 2.68213562471e-10, 1.26736579564e-10, 3.01848628557e-12, 5.57358250265e-14], [1.0048659127e-10, 3.62462571069e-09, 7.29709004332e-09, 8.23484924695e-09, 2.31617534041e-08, 1.73928036418e-08, 1.6904007083e-08, 1.6908666467e-08, 2.79646861223e-09, 5.58799317929e-09, 2.4510480312e-09, 3.4206535382e-09, 3.76996700524e-09, 5.15127007716e-09, 5.35088817699e-09, 7.64242447104e-09, 4.16192591501e-09, 7.16737202922e-09, 9.69827862463e-09, 1.08723003933e-08, 7.53585993607e-09, 2.65966093593e-09, 4.29085267317e-10, 1.550429507e-10, 5.10052278191e-11, 1.19525700101e-12, 3.02907418386e-14], [2.10527220657e-10, 6.39822106407e-09, 1.13758238385e-08, 1.19844827395e-08, 3.2173861797e-08, 2.32232544306e-08, 2.27317524804e-08, 2.22796092686e-08, 5.03516872641e-09, 9.34856458912e-09, 4.8742085923e-09, 7.42345651616e-09, 6.84724321687e-09, 9.06566732795e-09, 1.33303013072e-08, 1.66430922377e-08, 7.16737202922e-09, 1.48455381321e-08, 2.08839878724e-08, 2.34801049714e-08, 1.67838791754e-08, 5.80611558831e-09, 7.69150354518e-10, 2.57102145129e-10, 1.00814467885e-10, 2.45799994941e-12, 5.07327808778e-14], [3.16888681962e-10, 9.05470276535e-09, 1.52465400305e-08, 1.56000581342e-08, 4.17457606261e-08, 2.9196199236e-08, 2.8801869334e-08, 2.73844467102e-08, 7.16456050043e-09, 1.25722436906e-08, 7.43970218764e-09, 1.13797016255e-08, 9.67863389434e-09, 1.27586785581e-08, 2.15187387909e-08, 2.57266776771e-08, 9.69827862463e-09, 2.08839878724e-08, 3.10597236819e-08, 3.35213314884e-08, 2.45501841079e-08, 8.47224690403e-09, 1.0265571726e-09, 3.44921313733e-10, 1.45798942364e-10, 3.59135659579e-12, 6.84181308613e-14], [3.37272570983e-10, 9.80831416086e-09, 1.67809908191e-08, 1.72500573825e-08, 4.54630502134e-08, 3.23463709151e-08, 3.16466177708e-08, 3.08772136748e-08, 7.79995357192e-09, 1.40662548276e-08, 7.7295307932e-09, 1.20152252592e-08, 1.06018012147e-08, 1.38953879514e-08, 2.20955520547e-08, 2.68241713286e-08, 1.08723003933e-08, 2.34801049714e-08, 3.35213314884e-08, 3.75625823779e-08, 2.70950533121e-08, 9.33720567531e-09, 1.17838661051e-09, 3.86614323888e-10, 1.58962093488e-10, 3.89550197655e-12, 7.64407525992e-14], [2.49772369454e-10, 6.97722546406e-09, 1.14842544363e-08, 1.15112168686e-08, 2.98443936231e-08, 2.08372714638e-08, 2.03759356054e-08, 1.97083931397e-08, 5.54797718877e-09, 9.69996527544e-09, 5.67192692813e-09, 8.95310758864e-09, 7.58079199414e-09, 9.86198056552e-09, 1.69197811317e-08, 2.00120009453e-08, 7.53585993607e-09, 1.67838791754e-08, 2.45501841079e-08, 2.70950533121e-08, 1.97848049055e-08, 6.81401424174e-09, 8.18664636082e-10, 2.65936106469e-10, 1.15177783977e-10, 2.82471160178e-12, 5.29344905582e-14], [8.95130566891e-11, 2.52637488707e-09, 4.18542134284e-09, 4.19757695269e-09, 1.07423154816e-08, 7.56301954397e-09, 7.30888327638e-09, 7.23245152656e-09, 1.93575955265e-09, 3.44964101728e-09, 1.95784854995e-09, 3.14948023217e-09, 2.74493516805e-09, 3.56308516025e-09, 5.95130700276e-09, 7.04902758386e-09, 2.65966093593e-09, 5.80611558831e-09, 8.47224690403e-09, 9.33720567531e-09, 6.81401424174e-09, 2.37019426308e-09, 2.8987923173e-10, 9.41730166071e-11, 4.10744389889e-11, 9.84575702218e-13, 1.90249224252e-14], [1.09492033495e-11, 3.7942471387e-10, 7.4305966935e-10, 8.20497725318e-10, 2.22364082703e-09, 1.67961111686e-09, 1.60833357743e-09, 1.65626778958e-09, 2.83792850331e-10, 5.74564673617e-10, 2.43422143553e-10, 3.66471353264e-10, 4.03794331305e-10, 5.40437805618e-10, 5.77535297364e-10, 8.01115174198e-10, 4.29085267317e-10, 7.69150354518e-10, 1.0265571726e-09, 1.17838661051e-09, 8.18664636082e-10, 2.8987923173e-10, 4.60560270477e-11, 1.59107258618e-11, 5.48996568692e-12, 1.25577201632e-13, 3.1618492665e-15], [3.56759175153e-12, 1.33857369633e-10, 2.76253575571e-10, 3.15536402562e-10, 8.94401275264e-10, 6.7594324582e-10, 6.56460774628e-10, 6.58565091349e-10, 1.02464974006e-10, 2.09056646994e-10, 8.87179357756e-11, 1.20961837768e-10, 1.38589265064e-10, 1.90493620877e-10, 1.80124581917e-10, 2.68213562471e-10, 1.550429507e-10, 2.57102145129e-10, 3.44921313733e-10, 3.86614323888e-10, 2.65936106469e-10, 9.41730166071e-11, 1.59107258618e-11, 5.83551826652e-12, 1.84051385244e-12, 4.28167158846e-14, 1.13409368363e-15], [1.67079989167e-12, 5.03249213135e-11, 8.8018106692e-11, 9.10669942233e-11, 2.35031744067e-10, 1.70477146288e-10, 1.62040769691e-10, 1.6624032706e-10, 3.60776408748e-11, 6.78888681382e-11, 3.46554243635e-11, 5.62837866591e-11, 5.40142409966e-11, 7.07283190349e-11, 1.0371120629e-10, 1.26736579564e-10, 5.10052278191e-11, 1.00814467885e-10, 1.45798942364e-10, 1.58962093488e-10, 1.15177783977e-10, 4.10744389889e-11, 5.48996568692e-12, 1.84051385244e-12, 7.6901782468e-13, 1.75124587005e-14, 3.80374729813e-16], [3.76673722053e-14, 1.1230039251e-12, 1.95928971831e-12, 2.04717861586e-12, 5.51928901887e-12, 3.92399480964e-12, 3.85358108271e-12, 3.72361429885e-12, 8.59450911047e-13, 1.56866099971e-12, 8.69169428271e-13, 1.32233644607e-12, 1.18850816775e-12, 1.57906196799e-12, 2.4685843647e-12, 3.01848628557e-12, 1.19525700101e-12, 2.45799994941e-12, 3.59135659579e-12, 3.89550197655e-12, 2.82471160178e-12, 9.84575702218e-13, 1.25577201632e-13, 4.28167158846e-14, 1.75124587005e-14, 4.24212575891e-16, 8.56900550218e-18], [7.6025902755e-16, 2.74268065534e-14, 5.5060445e-14, 6.17543803637e-14, 1.70462046713e-13, 1.28801483368e-13, 1.23760973258e-13, 1.26498610848e-13, 1.98802698479e-14, 4.10520074423e-14, 1.71386850838e-14, 2.4985930344e-14, 2.86451431694e-14, 3.88922157283e-14, 3.90312748213e-14, 5.57358250265e-14, 3.02907418386e-14, 5.07327808778e-14, 6.84181308613e-14, 7.64407525992e-14, 5.29344905582e-14, 1.90249224252e-14, 3.1618492665e-15, 1.13409368363e-15, 3.80374729813e-16, 8.56900550218e-18, 2.27203223964e-19]]
    },
    "mfcc": {
        "kurt": [5.96021652222, 3.63630104065, 2.46833562851, 3.93571329117, 3.58576250076, 0.893874883652, 6.78817176819, 4.04961967468, 0.65763258934, 0.407563209534, 0.376804351807, 2.57576179504, 9.27522468567],
        "max": [-588.613098145, 119.585281372, 18.3611450195, 51.4562950134, 3.94261169434, 23.3702964783, 16.4472084045, 2.46437072754, 8.51002120972, 0.935852050781, 3.04784011841, 5.01440048218, 15.070892334],
        "mean": [-1084.3182373, 15.1632127762, -8.1992483139, 5.66072893143, -8.74725627899, -4.70339155197, -1.34797048569, -3.40189123154, -3.99874591827, -4.58943557739, -3.47528529167, -1.62125706673, -1.6700450182],
        "median": [-1138.42004395, 1.14440917969e-05, -6.103515625e-05, 8.01086425781e-05, -6.103515625e-05, 2.28881835938e-05, -2.67028808594e-05, -5.34057617188e-05, -4.57763671875e-05, -2.28881835938e-05, -2.67028808594e-05, -3.0517578125e-05, -3.81469726562e-05],
        "min": [-1138.42004395, 1.14440917969e-05, -78.0680999756, -5.83613204956, -67.7904891968, -29.4637718201, -35.2629089355, -31.3987045288, -22.8644485474, -26.9300918579, -20.8711967468, -13.4987258911, -25.1862831116],
        "skew": [2.54371500015, 1.92775452137, -1.9298415184, 2.22286176682, -2.1965444088, -1.10274124146, -1.77816176414, -2.06366658211, -1.36198031902, -1.34663295746, -1.29987502098, -1.71257448196, -1.95267081261],
        "var": [13709.1201172, 645.80291748, 444.974700928, 151.264541626, 324.363037109, 71.4867019653, 44.0252494812, 40.555141449, 45.1679496765, 53.9277420044, 30.0943183899, 11.0675992966, 18.456451416],
        "cov": [[13792.7119141, 2658.3190918, -2167.42602539, 1368.44885254, -1679.67358398, -517.455200195, -404.943939209, -514.153198242, -418.387298584, -480.470458984, -365.411315918, -145.090301514, -299.394866943], [2658.3190918, 649.740783691, -397.696655273, 283.141876221, -321.855773926, -141.038482666, -82.1581039429, -136.998336792, -111.922409058, -125.683509827, -93.8948440552, -37.3787574768, -67.8586654663], [-2167.42602539, -397.696655273, 447.687988281, -222.547637939, 352.089141846, 119.699157715, 60.7063407898, 97.2965240479, 79.8977508545, 102.642044067, 63.5345001221, 25.4088973999, 52.1531181335], [1368.44885254, 283.141876221, -222.547637939, 152.18687439, -163.800704956, -57.1398506165, -47.7423095703, -63.4822006226, -43.1905326843, -51.7658042908, -34.455657959, -15.0368156433, -30.7424945831], [-1679.67358398, -321.855773926, 352.089141846, -163.800704956, 326.340881348, 123.073280334, 47.797504425, 80.3796539307, 87.2458190918, 105.462417603, 69.5087127686, 30.6698417664, 48.1077880859], [-517.455200195, -141.038482666, 119.699157715, -57.1398506165, 123.073280334, 71.9225921631, 18.2072353363, 39.178527832, 45.9591255188, 53.3753318787, 35.3141479492, 14.0877790451, 20.6579284668], [-404.943939209, -82.1581039429, 60.7063407898, -47.7423095703, 47.797504425, 18.2072353363, 44.2936935425, 22.1968917847, 8.15434455872, 7.73134565353, 7.05538845062, 5.0719037056, 11.7707366943], [-514.153198242, -136.998336792, 97.2965240479, -63.4822006226, 80.3796539307, 39.178527832, 22.1968917847, 40.8024291992, 28.9916667938, 34.3030967712, 20.1005172729, 8.26570224762, 13.8248786926], [-418.387298584, -111.922409058, 79.8977508545, -43.1905326843, 87.2458190918, 45.9591255188, 8.15434455872, 28.9916667938, 45.4433670044, 46.1635246277, 31.0054035187, 10.8728218079, 10.3337631226], [-480.470458984, -125.683509827, 102.642044067, -51.7658042908, 105.462417603, 53.3753318787, 7.73134565353, 34.3030967712, 46.1635246277, 54.2565689087, 34.9493942261, 14.1823005676, 15.206073761], [-365.411315918, -93.8948440552, 63.5345001221, -34.455657959, 69.5087127686, 35.3141479492, 7.05538845062, 20.1005172729, 31.0054035187, 34.9493942261, 30.2778205872, 13.1296491623, 13.4887619019], [-145.090301514, -37.3787574768, 25.4088973999, -15.0368156433, 30.6698417664, 14.0877790451, 5.0719037056, 8.26570224762, 10.8728218079, 14.1823005676, 13.1296491623, 11.1350841522, 8.87321662903], [-299.394866943, -67.8586654663, 52.1531181335, -30.7424945831, 48.1077880859, 20.6579284668, 11.7707366943, 13.8248786926, 10.3337631226, 15.206073761, 13.4887619019, 8.87321662903, 18.5689907074]]
    },
    "sccoeffs": {
        "kurt": [-0.667585372925, 5.56134986877, 2.50657606125, 1.37667417526, 1.66426801682, -1.16670572758],
        "max": [-0.524706602097, -0.684837937355, -0.77158677578, -0.802575230598, -0.79181432724, -0.680635690689],
        "mean": [-0.802276134491, -0.893211901188, -0.901009678841, -0.907082498074, -0.896272301674, -0.828553557396],
        "median": [-0.826239109039, -0.900010228157, -0.905643284321, -0.914130270481, -0.899932026863, -0.84032356739],
        "min": [-0.962049365044, -0.968043923378, -0.954727172852, -0.964025616646, -0.961245775223, -0.96300303936],
        "skew": [0.583768188953, 1.76927423477, 1.29713344574, 1.14802598953, 1.0829321146, 0.34618768096],
        "var": [0.00912210624665, 0.00146731804125, 0.000948687025812, 0.000806892116088, 0.000797220505774, 0.00449682585895],
        "cov": [[0.0091777285561, 0.0018820555415, 0.00165321771055, 0.00200661527924, 0.00123825622723, 0.00548270251602], [0.0018820555415, 0.00147626514081, 0.000699653290212, 0.000711455242708, 0.000556735205464, 0.00144979311153], [0.00165321771055, 0.000699653290212, 0.000954471703153, 0.000561372668017, 0.000482130883029, 0.00126032542903], [0.00200661527924, 0.000711455242708, 0.000561372668017, 0.000811812176835, 0.000529500714038, 0.00152035464998], [0.00123825622723, 0.000556735205464, 0.000482130883029, 0.000529500714038, 0.00080208160216, 0.00137342279777], [0.00548270251602, 0.00144979311153, 0.00126032542903, 0.00152035464998, 0.00137342279777, 0.00452424539253]]
    },
    "scvalleys": {
        "kurt": [18.5451145172, 5.62723636627, 3.79328393936, 3.47727489471, 4.76316547394, 6.85066795349],
        "max": [-4.80046987534, -4.47759103775, -5.23312950134, -5.04085206985, -5.67078876495, -8.26853466034],
        "mean": [-12.8473844528, -11.9139585495, -12.3077468872, -12.8499908447, -12.485657692, -15.0576486588],
        "median": [-13.2759637833, -13.1301317215, -12.6565113068, -13.7928276062, -13.4246206284, -15.9376344681],
        "min": [-27.1997623444, -27.3029079437, -27.4071540833, -27.2212867737, -27.2345256805, -27.2189331055],
        "skew": [-0.648196816444, -0.405521273613, -0.293598562479, -0.10285910219, -0.212926745415, 0.420160859823],
        "var": [4.01501846313, 7.16984796524, 7.9456448555, 7.67302322388, 7.11687898636, 4.70514678955],
        "cov": [[4.03950023651, 4.81073331833, 4.88239479065, 4.92545890808, 4.76432180405, 4.03982067108], [4.81073331833, 7.21356630325, 7.46438217163, 7.3643450737, 7.05022001266, 5.35445404053], [4.88239479065, 7.46438217163, 7.99409389496, 7.77543067932, 7.42291116714, 5.50699853897], [4.92545890808, 7.3643450737, 7.77543067932, 7.719810009, 7.30491018295, 5.50535154343], [4.76432180405, 7.05022001266, 7.42291116714, 7.30491018295, 7.16027450562, 5.45874881744], [4.03982067108, 5.35445404053, 5.50699853897, 5.50535154343, 5.45874881744, 4.73383665085]]
    }
},
"rhythm": {
    "beats_loudness": {
        "kurt": 0.224970817566,
        "max": 4.37651397078e-05,
        "mean": 9.37501954468e-06,
        "median": 3.72301078855e-09,
        "min": 6.27909113593e-10,
        "skew": 1.4822665453,
        "var": 2.97112140446e-10
    },
    "bpm": 95.7195358276,
    "confidence": 0,
    "first_peak_bpm": {
        "kurt": 0,
        "max": 96,
        "mean": 96,
        "median": 96,
        "min": 96,
        "skew": 0,
        "var": 0
    },
    "first_peak_spread": {
        "kurt": 0,
        "max": 0.5,
        "mean": 0.5,
        "median": 0.5,
        "min": 0.5,
        "skew": 0,
        "var": 0
    },
    "first_peak_weight": {
        "kurt": 0,
        "max": 0.5,
        "mean": 0.5,
        "median": 0.5,
        "min": 0.5,
        "skew": 0,
        "var": 0
    },
    "onset_rate": 0.526133716106,
    "second_peak_bpm": {
        "kurt": 0,
        "max": 0,
        "mean": 0,
        "median": 0,
        "min": 0,
        "skew": 0,
        "var": 0
    },
    "second_peak_spread": {
        "kurt": 0,
        "max": 0,
        "mean": 0,
        "median": 0,
        "min": 0,
        "skew": 0,
        "var": 0
    },
    "second_peak_weight": {
        "kurt": 0,
        "max": 0,
        "mean": 0,
        "median": 0,
        "min": 0,
        "skew": 0,
        "var": 0
    },
    "beats_loudness_band_ratio": {
        "kurt": [-1.82120525837, -1.19557976723, -1.68065178394, -0.610811710358, -0.577279567719, -0.872523069382],
        "max": [0.297160685062, 0.111195743084, 0.138775721192, 0.299465417862, 0.209827497602, 0.816372811794],
        "mean": [0.135875493288, 0.0668170452118, 0.0731275528669, 0.103924795985, 0.113266207278, 0.535867631435],
        "median": [0.0411337204278, 0.072524279356, 0.0709607675672, 0.0543041974306, 0.106045216322, 0.468330830336],
        "min": [0.0104500344023, 0.0349458307028, 0.0124643659219, 0.0129186091945, 0.0475939996541, 0.348132282495],
        "skew": [0.388677477837, 0.30201202631, 0.0574770607054, 0.957515120506, 0.72065526247, 0.669343948364],
        "var": [0.0171652473509, 0.000786187243648, 0.00260977586731, 0.011565621011, 0.00296773109585, 0.0266852173954],
        "cov": [[0.02145656012, 0.000953851791564, -0.00443765474483, -0.00943844486028, -0.00700364680961, -0.000911362469196], [0.000953851791564, 0.000982734025456, 0.00103733001743, 0.00116155459546, 0.000421403412474, -0.00428207777441], [-0.00443765474483, 0.00103733001743, 0.00326221995056, 0.00615775678307, 0.00243399944156, -0.00858070142567], [-0.00943844486028, 0.00116155459546, 0.00615775678307, 0.0144570264965, 0.00329891219735, -0.0163514409214], [-0.00700364680961, 0.000421403412474, 0.00243399944156, 0.00329891219735, 0.00370966386981, -0.00295476056635], [-0.000911362469196, -0.00428207777441, -0.00858070142567, -0.0163514409214, -0.00295476056635, 0.0333565212786]]
    },
    "beats_position": [0.592108845711, 1.20743763447, 1.83437633514, 2.46131515503, 3.09986400604],
    "bpm_estimates": [97.5088424683, 95.7031326294, 95.7031173706, 93.9630508423],
    "bpm_intervals": [0.615328788757, 0.626938700676, 0.626938819885, 0.638548851013],
    "onset_times": [1.01006805897, 2.79800462723],
    "histogram": [[0, 0, 0, 0, 0, 0, 0, 0, 0, 0, 0, 0, 0, 0, 0, 0, 0, 0, 0, 0, 0, 0, 0, 0, 0, 0, 0, 0, 0, 0, 0, 0, 0, 0, 0, 0, 0, 0, 0, 0, 0, 0, 0, 0, 0, 0, 0, 0, 0, 0, 0, 0, 0, 0, 0, 0, 0, 0, 0, 0, 0, 0, 0, 0, 0, 0, 0, 0, 0, 0, 0, 0, 0, 0, 0, 0, 0, 0, 0, 0, 0, 0, 0, 0, 0, 0, 0, 0, 0, 0, 0, 0, 0, 0, 0.25, 0, 0.5, 0, 0.25, 0, 0, 0, 0, 0, 0, 0, 0, 0, 0, 0, 0, 0, 0, 0, 0, 0, 0, 0, 0, 0, 0, 0, 0, 0, 0, 0, 0, 0, 0, 0, 0, 0, 0, 0, 0, 0, 0, 0, 0, 0, 0, 0, 0, 0, 0, 0, 0, 0, 0, 0, 0, 0, 0, 0, 0, 0, 0, 0, 0, 0, 0, 0, 0, 0, 0, 0, 0, 0, 0, 0, 0, 0, 0, 0, 0, 0, 0, 0, 0, 0, 0, 0, 0, 0, 0, 0, 0, 0, 0, 0, 0, 0, 0, 0, 0, 0, 0, 0, 0, 0, 0, 0, 0, 0, 0, 0, 0, 0, 0, 0, 0, 0, 0, 0, 0, 0, 0, 0, 0, 0, 0, 0, 0, 0, 0, 0, 0, 0, 0, 0, 0, 0, 0, 0, 0, 0, 0, 0, 0, 0, 0, 0, 0, 0, 0, 0, 0, 0, 0, 0]]
},
"sfx": {
    "inharmonicity": {
        "kurt": -0.191743850708,
        "max": 0.286371976137,
        "mean": 0.0618044175208,
        "median": 0,
        "min": 0,
        "skew": 1.04650139809,
        "var": 0.00685690389946
    },
    "oddtoevenharmonicenergyratio": {
        "kurt": 6.53656768799,
        "max": 3.56575679779,
        "mean": 0.357253670692,
        "median": 0,
        "min": 0,
        "skew": 2.17528891563,
        "var": 0.314062416553
    },
    "pitch_after_max_to_before_max_energy_ratio": 0.107562758029,
    "pitch_centroid": 82.0014953613,
    "pitch_max_to_total": 0.806060612202,
    "pitch_min_to_total": 0.0909090936184,
    "tristimulus": {
        "kurt": [-1.82605183125, 0.14041185379, -1.51724159718],
        "max": [1, 0.790785610676, 0.8290771842],
        "mean": [0.638516545296, 0.127223357558, 0.234260126948],
        "median": [1, 0, 0],
        "min": [0, 0, 0],
        "skew": [-0.315664857626, 0.893778860569, 0.483630210161],
        "var": [0.172244787216, 0.0254857894033, 0.077973484993],
        "cov": [[0.173295050859, -0.0602435953915, -0.113051459193], [-0.0602435953915, 0.0256411917508, 0.0346024334431], [-0.113051459193, 0.0346024334431, 0.0784489363432]]
    }
},
"tonal": {
    "chords_changes_rate": 0.216867476702,
    "chords_number_rate": 0.108433738351,
    "chords_strength": {
        "kurt": 1.22370910645,
        "max": 0.539812386036,
        "mean": 0.326433837414,
        "median": 0.324932724237,
        "min": 0.201531991363,
        "skew": 0.784886658192,
        "var": 0.00374888372608
    },
    "key_strength": 0.279947757721,
    "tuning_diatonic_strength": 0.265397787094,
    "tuning_equal_tempered_deviation": 0.24314558506,
    "tuning_frequency": 436.708374023,
    "tuning_nontempered_energy_ratio": 0.909868001938,
    "hpcp": {
        "kurt": [0.0488321781158, -0.5769302845, -0.826757907867, -0.513593912125, -0.633391141891, -1.04253351688, -0.607229948044, -0.297828912735, -0.759712457657, -0.743666648865, -0.651700496674, -0.542935848236, -0.149317979813, -0.307770252228, 0.0101084709167, -0.326405763626, 0.504649877548, -0.113608598709, -0.223829269409, 0.024165391922, 2.51634788513, 2.11683607101, 1.69525527954, 0.560973167419, 0.241288423538, 0.114637613297, 1.63515615463, 0.891275167465, -0.483627796173, 0.428785085678, 0.813158512115, 0.698153018951, 0.402771949768, 0.321553468704, -0.845551013947, 0.218869447708],
        "max": [1, 1, 1, 1, 1, 1, 1, 0.990636408329, 1, 1, 1, 0.986139714718, 1, 0.995148837566, 1, 0.965508818626, 1, 1, 1, 1, 1, 1, 0.933749318123, 0.830943763256, 0.70435667038, 0.771344542503, 1, 0.976366996765, 0.780040740967, 0.817870795727, 1, 1, 0.978011786938, 1, 0.758982658386, 1],
        "mean": [0.261444330215, 0.309474647045, 0.327978074551, 0.274848878384, 0.276857167482, 0.294844716787, 0.259397149086, 0.243355482817, 0.257385551929, 0.259731322527, 0.250082075596, 0.247566610575, 0.236681461334, 0.231469079852, 0.223340854049, 0.206815809011, 0.217029348016, 0.242580071092, 0.246508777142, 0.214366689324, 0.173029974103, 0.166447669268, 0.174825295806, 0.16583673656, 0.149199232459, 0.149049088359, 0.168086320162, 0.184357300401, 0.176808953285, 0.170072555542, 0.194182679057, 0.208344817162, 0.21498285234, 0.222395166755, 0.218332588673, 0.234596118331],
        "median": [0.196605399251, 0.264924407005, 0.299852788448, 0.261095553637, 0.0695341005921, 0, 0, 0.0678073614836, 0.0744431093335, 0.101514533162, 0.0582730583847, 0, 0, 0, 0, 0, 0.000724044744857, 0.0619739480317, 0.0375308170915, 0.0400155372918, 0.0111141931266, 0.0802805572748, 0.00119967095088, 0, 0, 0, 0, 0, 0, 0, 0, 0.0132356509566, 0.0164986327291, 0.0322282500565, 0.123467110097, 0.206464976072],
        "min": [0, 0, 0, 0, 0, 0, 0, 0, 0, 0, 0, 0, 0, 0, 0, 0, 0, 0, 0, 0, 0, 0, 0, 0, 0, 0, 0, 0, 0, 0, 0, 0, 0, 0, 0, 0],
