{
"metadata": {
    "version": {
        "essentia": "2.1-beta3"
    }
},
"lowLevel": {
    "average_loudness": 0.910477817059,
    "barkbands_kurtosis": {
        "kurt": 67.3164825439,
        "max": 12.7145690918,
        "mean": -1.03870415688,
        "median": -1.38042628765,
        "min": -1.79686594009,
        "skew": 7.31790161133,
        "var": 1.79145526886
    },
    "barkbands_skewness": {
        "kurt": 7.29324913025,
        "max": 3.29177379608,
        "mean": 0.500275731087,
        "median": 0.479297846556,
        "min": -0.877829909325,
        "skew": 1.37210214138,
        "var": 0.227695196867
    },
    "barkbands_spread": {
        "kurt": -0.92507147789,
        "max": 58.456199646,
        "mean": 41.7934761047,
        "median": 47.0889053345,
        "min": 7.53109741211,
        "skew": -0.627087295055,
        "var": 153.621963501
    },
    "dissonance": {
        "kurt": 84.0146789551,
        "max": 0.5,
        "mean": 0.480202257633,
        "median": 0.48512762785,
        "min": 0.113526940346,
        "skew": -8.50353240967,
        "var": 0.00114307098556
    },
    "hfc": {
        "kurt": 146.317977905,
        "max": 193.544967651,
        "mean": 1.63029658794,
        "median": 1.54765584739e-05,
        "min": 2.16217603821e-08,
        "skew": 11.949924469,
        "var": 232.718719482
    },
    "pitch": {
        "kurt": -1.7522482872,
        "max": 4717.07568359,
        "mean": 2876.09643555,
        "median": 4407.67382812,
        "min": 77.3638839722,
        "skew": -0.48568597436,
        "var": 4296926.5
    },
    "pitch_instantaneous_confidence": {
        "kurt": -1.3182258606,
        "max": 0.53369230032,
        "mean": 0.311326265335,
        "median": 0.335152596235,
        "min": 0.118837475777,
        "skew": -0.161966368556,
        "var": 0.0125828366727
    },
    "pitch_salience": {
        "kurt": 0.561655759811,
        "max": 0.915487468243,
        "mean": 0.749076485634,
        "median": 0.754750967026,
        "min": 0.592671751976,
        "skew": -0.362953335047,
        "var": 0.00292194006033
    },
    "silence_rate_20dB": {
        "kurt": 0,
        "max": 1,
        "mean": 1,
        "median": 1,
        "min": 1,
        "skew": 0,
        "var": 0
    },
    "silence_rate_30dB": {
        "kurt": 0,
        "max": 1,
        "mean": 1,
        "median": 1,
        "min": 1,
        "skew": 0,
        "var": 0
    },
    "silence_rate_60dB": {
        "kurt": 28.6305923462,
        "max": 1,
        "mean": 0.970238089561,
        "median": 1,
        "min": 0,
        "skew": -5.53448820114,
        "var": 0.0288762059063
    },
    "spectral_centroid": {
        "kurt": -0.405997514725,
        "max": 3199.60546875,
        "mean": 1606.60095215,
        "median": 1622.796875,
        "min": 418.3465271,
        "skew": 0.111241646111,
        "var": 252499.859375
    },
    "spectral_complexity": {
        "kurt": 51.9476661682,
        "max": 47,
        "mean": 0.869047641754,
        "median": 0,
        "min": 0,
        "skew": 7.06797933578,
        "var": 28.0305175781
    },
    "spectral_crest": {
        "kurt": 2.19167041779,
        "max": 13.1345310211,
        "mean": 5.72851467133,
        "median": 5.39784860611,
        "min": 2.71753168106,
        "skew": 1.27625000477,
        "var": 3.51928210258
    },
    "spectral_decrease": {
        "kurt": 99.2782440186,
        "max": -7.21881844064e-18,
        "mean": -2.43511349973e-10,
        "median": -2.00396518024e-15,
        "min": -2.34259971421e-08,
        "skew": -9.82555103302,
        "var": 4.31355581574e-18
    },
    "spectral_energy": {
        "kurt": 84.7837982178,
        "max": 0.0919024422765,
        "mean": 0.00106694013812,
        "median": 8.76208794409e-09,
        "min": 2.92066856811e-11,
        "skew": 9.20094871521,
        "var": 7.7583375969e-05
    },
    "spectral_energyband_high": {
        "kurt": 158.099227905,
        "max": 0.0231029074639,
        "mean": 0.000165978752193,
        "median": 1.95411908877e-09,
        "min": 4.50010417385e-13,
        "skew": 12.5748338699,
        "var": 3.19816581396e-06
    },
    "spectral_energyband_low": {
        "kurt": 81.7791900635,
        "max": 0.00627243844792,
        "mean": 6.97070208844e-05,
        "median": 1.6353904897e-09,
        "min": 2.38185041352e-13,
        "skew": 9.11371994019,
        "var": 3.91372026343e-07
    },
    "spectral_energyband_middle_high": {
        "kurt": 144.212905884,
        "max": 0.0263903103769,
        "mean": 0.000235566360061,
        "median": 1.5004595344e-09,
        "min": 4.97209782027e-12,
        "skew": 11.8280038834,
        "var": 4.35300171375e-06
    },
    "spectral_energyband_middle_low": {
        "kurt": 151.366409302,
        "max": 0.084383264184,
        "mean": 0.000636860553641,
        "median": 4.5337462673e-09,
        "min": 2.36505051654e-11,
        "skew": 12.2291975021,
        "var": 4.3576448661e-05
    },
    "spectral_flatness_db": {
        "kurt": -0.471297502518,
        "max": 0.198167353868,
        "mean": 0.119163163006,
        "median": 0.111934587359,
        "min": 0.0802498310804,
        "skew": 0.683413922787,
        "var": 0.000704173929989
    },
    "spectral_flux": {
        "kurt": 37.5513038635,
        "max": 0.288870036602,
        "mean": 0.00734808528796,
        "median": 6.20296341367e-05,
        "min": 4.21934782935e-05,
        "skew": 6.21023035049,
        "var": 0.00150662392844
    },
    "spectral_kurtosis": {
        "kurt": 10.7000665665,
        "max": 16.471075058,
        "mean": 2.97196006775,
        "median": 2.0856628418,
        "min": 0.80489730835,
        "skew": 2.68696403503,
        "var": 4.19654560089
    },
    "spectral_rms": {
        "kurt": 64.9646682739,
        "max": 0.00946894474328,
        "mean": 0.000187455036212,
        "median": 2.92375284516e-06,
        "min": 1.68802628764e-07,
        "skew": 7.88404130936,
        "var": 1.00577733519e-06
    },
    "spectral_rolloff": {
        "kurt": -0.47608089447,
        "max": 5103.36914062,
        "mean": 3784.97216797,
        "median": 4403.54003906,
        "min": 473.73046875,
        "skew": -0.895156681538,
        "var": 1309686.625
    },
    "spectral_skewness": {
        "kurt": 6.20174121857,
        "max": 3.33925938606,
        "mean": 1.19574058056,
        "median": 1.03655660152,
        "min": 0.808433294296,
        "skew": 2.2301158905,
        "var": 0.156257927418
    },
    "spectral_spread": {
        "kurt": 1.05498170853,
        "max": 13649012,
        "mean": 5846799.5,
        "median": 6770926.5,
        "min": 2998607.25,
        "skew": -0.0243077967316,
        "var": 2.84923212595e+12
    },
    "spectral_strongpeak": {
        "kurt": 155.715255737,
        "max": 2.72747802734,
        "mean": 0.0234771892428,
        "median": 0.000290377472993,
        "min": 3.88242369809e-06,
        "skew": 12.4351634979,
        "var": 0.0447788946331
    },
    "zerocrossingrate": {
        "kurt": -0.0549936294556,
        "max": 0.1669921875,
        "mean": 0.103605724871,
        "median": 0.11328125,
        "min": 0.00244140625,
        "skew": -0.692631900311,
        "var": 0.000786700926255
    },
    "barkbands": {
        "kurt": [143.796615601, 105.744194031, 86.8194503784, 83.7694396973, 155.547637939, 161.839874268, 157.296203613, 75.7485275269, 143.685348511, 146.47744751, 81.4483947754, 48.4844169617, 143.802978516, 58.8692588806, 114.831237793, 74.9970932007, 151.946472168, 142.616607666, 158.84942627, 161.185287476, 156.194198608, 149.857635498, 157.456817627, 150.566757202, 160.603637695, 161.996887207, 162.251037598],
        "max": [1.74129418156e-05, 0.000567296752706, 0.0028148854617, 0.00756772700697, 0.0423914715648, 0.0176916662604, 0.0110825356096, 0.00125748012215, 0.00348843680695, 0.00204299390316, 0.000426845246693, 0.000296231795801, 0.000915193522815, 0.000528494245373, 0.00121945410501, 0.00085505482275, 0.00306086661294, 0.00218179449439, 0.00988058838993, 0.0157334264368, 0.0101835737005, 0.00266405846924, 0.000630789552815, 0.000205834163353, 9.80794502539e-05, 7.79091351433e-06, 1.28596539639e-07],
        "mean": [1.43474025549e-07, 5.31428895556e-06, 2.93854336633e-05, 8.21738140075e-05, 0.000303709588479, 0.000118088719319, 7.9168647062e-05, 1.78120608325e-05, 2.92305521725e-05, 1.7260093955e-05, 6.1187506617e-06, 5.99282248004e-06, 8.5630463218e-06, 9.21284208744e-06, 1.35980289997e-05, 1.30179269036e-05, 2.56335370068e-05, 2.05054548132e-05, 7.24847050151e-05, 0.000106422630779, 7.47801459511e-05, 2.12496179302e-05, 4.66092114948e-06, 1.67733776379e-06, 6.84760493641e-07, 5.11500850564e-08, 8.33684787871e-10],
        "median": [9.31926302621e-13, 2.3229122792e-10, 1.10902398376e-09, 8.75806094314e-10, 1.87283832886e-09, 1.14706621979e-09, 6.17521367374e-10, 4.17457013402e-10, 2.98857050218e-10, 1.93063148801e-10, 1.17837628544e-10, 1.06018110957e-10, 8.71812066983e-11, 6.99777735758e-11, 8.72223057669e-11, 9.79071962393e-11, 9.07053598898e-11, 1.78217329783e-10, 3.76859460305e-10, 7.76103736833e-10, 1.00541241999e-09, 4.16945200588e-10, 6.30998309159e-11, 1.32338142181e-11, 4.64816293094e-12, 4.31805361866e-13, 2.19710249885e-14],
        "min": [7.80882723392e-15, 5.22251919445e-14, 8.95713489274e-14, 2.51567104821e-13, 3.5182204372e-12, 9.46783363515e-12, 7.82284133305e-12, 2.21109372131e-12, 3.67042062976e-13, 1.61154035537e-13, 1.13616025767e-13, 3.67243019848e-13, 8.98592669458e-13, 6.84060067705e-13, 4.81264930251e-13, 4.65968626531e-13, 9.03152552745e-13, 5.22507926683e-13, 2.61464623823e-13, 2.34313572234e-13, 1.64776463416e-13, 1.16006474717e-13, 1.54326760247e-14, 7.1036816227e-15, 6.30846591599e-15, 6.1081718466e-15, 7.32813773042e-15],
        "skew": [11.8272886276, 10.1277770996, 9.32546234131, 9.19632720947, 12.4434785843, 12.7786636353, 12.5328989029, 8.71691989899, 11.8342924118, 11.9659547806, 8.61536121368, 6.95733594894, 11.7921648026, 7.63201999664, 10.3305883408, 8.21993350983, 12.2308034897, 11.7289714813, 12.611281395, 12.7421426773, 12.4743919373, 12.1470680237, 12.5385398865, 12.1657915115, 12.7084932327, 12.7874794006, 12.8019313812],
        "var": [1.90130983874e-12, 2.42254594163e-09, 7.14665873147e-08, 5.43883459159e-07, 1.08560752778e-05, 1.85581836831e-06, 7.37873335765e-07, 1.73058953834e-08, 7.63430350048e-08, 2.59191743623e-08, 1.54827095589e-09, 1.32985933377e-09, 5.23684295928e-09, 3.56898688381e-09, 1.04177582116e-08, 6.49218501181e-09, 5.71091334223e-08, 2.98835125534e-08, 5.83405665111e-07, 1.47038963405e-06, 6.24954850537e-07, 4.3613745504e-08, 2.38796649121e-09, 2.59573473826e-10, 5.72165752277e-11, 3.59801815078e-13, 9.79676520084e-17],
        "cov": [[1.91269482891e-12, 6.5418517825e-11, 3.37048722265e-10, 7.82836351298e-10, 1.60925406334e-09, 4.24506235719e-10, 3.94777599499e-10, 1.48308643144e-10, 1.67885830238e-10, 9.25710272326e-11, 3.13837775212e-11, 3.80095746544e-11, 9.89444706723e-11, 6.89401244425e-11, 1.38899350355e-10, 1.01851055367e-10, 3.27766397357e-10, 2.37494662825e-10, 1.04518149691e-09, 1.65031965871e-09, 1.07552100559e-09, 2.84449602761e-10, 6.67135929833e-11, 2.21842284126e-11, 1.03265243578e-11, 8.16046015484e-13, 1.34338688516e-14], [6.5418517825e-11, 2.43705211567e-09, 1.30928015096e-08, 3.32970628847e-08, 9.61842587799e-08, 3.20821058608e-08, 2.42784565785e-08, 6.05998140557e-09, 8.97237306674e-09, 5.05897324032e-09, 1.00782171497e-09, 1.34255750961e-09, 3.3237412822e-09, 2.63713628712e-09, 4.83136552987e-09, 3.70222141832e-09, 1.081353318e-08, 7.92602783406e-09, 3.42881314452e-08, 5.3828362212e-08, 3.4700097018e-08, 9.18056919375e-09, 2.16960338584e-09, 7.32884752885e-10, 3.39327649312e-10, 2.6781929105e-11, 4.39105511934e-13], [3.37048722265e-10, 1.30928015096e-08, 7.18945329936e-08, 1.90780156117e-07, 6.209625667e-07, 2.18993989165e-07, 1.57960087677e-07, 3.42431007994e-08, 5.62976723018e-08, 3.19900301804e-08, 5.43213474202e-09, 7.3109895915e-09, 1.68704126224e-08, 1.46883696317e-08, 2.53101184455e-08, 1.98220657666e-08, 5.44368745636e-08, 4.02790973908e-08, 1.71741405097e-07, 2.6836124789e-07, 1.7255896978e-07, 4.5849692043e-08, 1.08312612213e-08, 3.70265751393e-09, 1.69775105086e-09, 1.33762903531e-10, 2.1872234926e-12], [7.82836351298e-10, 3.32970628847e-08, 1.90780156117e-07, 5.47140245999e-07, 2.12433110391e-06, 8.02452632342e-07, 5.46266505808e-07, 9.63020454492e-08, 1.85734606362e-07, 1.06714672654e-07, 1.42764218225e-08, 1.95041085504e-08, 3.81083538059e-08, 4.03230124846e-08, 6.1240811533e-08, 5.07757214052e-08, 1.20027550565e-07, 9.10633701778e-08, 3.72259421511e-07, 5.73541001359e-07, 3.67247679378e-07, 9.87225021731e-08, 2.32747368045e-08, 8.22013124235e-09, 3.66833718957e-09, 2.87189272363e-10, 4.66405169694e-12], [1.60925406334e-09, 9.61842587799e-08, 6.209625667e-07, 2.12433110391e-06, 1.09210814117e-05, 4.47182719654e-06, 2.8457618555e-06, 3.58962637392e-07, 9.09937455162e-07, 5.30781733232e-07, 4.52134827356e-08, 6.41603534746e-08, 6.78823752764e-08, 1.42531519032e-07, 1.49550686501e-07, 1.49408876382e-07, 1.84687593219e-07, 1.63069543646e-07, 5.09267010784e-07, 7.01634519373e-07, 4.3285274387e-07, 1.28449428871e-07, 2.97822158046e-08, 1.3242104302e-08, 4.89751350585e-09, 3.64863111946e-10, 5.5916183142e-12], [4.24506235719e-10, 3.20821058608e-08, 2.18993989165e-07, 8.02452632342e-07, 4.47182719654e-06, 1.86693102933e-06, 1.1695080957e-06, 1.342613416e-07, 3.68443522802e-07, 2.15826489125e-07, 1.61622502048e-08, 2.32073062989e-08, 1.5829250799e-08, 5.23434451338e-08, 4.54630679769e-08, 5.12330906588e-08, 3.44084334358e-08, 3.79346651869e-08, 7.26504083559e-08, 6.84944581053e-08, 3.65748107356e-08, 1.59841526681e-08, 3.4947584826e-09, 2.63259281041e-09, 6.53367804304e-10, 4.11108924681e-11, 4.99723905919e-13], [3.94777599499e-10, 2.42784565785e-08, 1.57960087677e-07, 5.46266505808e-07, 2.8457618555e-06, 1.1695080957e-06, 7.4229171787e-07, 9.22841607576e-08, 2.36792374153e-07, 1.38228784863e-07, 1.17134693056e-08, 1.65635274385e-08, 1.64919224943e-08, 3.66170169741e-08, 3.73672435217e-08, 3.81019233942e-08, 4.39656666629e-08, 3.95952213239e-08, 1.18383042036e-07, 1.59341837502e-07, 9.80861685207e-08, 2.96709448122e-08, 6.84269707563e-09, 3.1637354958e-09, 1.13270037794e-09, 8.34037561237e-11, 1.26483827752e-12], [1.48308643144e-10, 6.05998140557e-09, 3.42431007994e-08, 9.63020454492e-08, 3.58962637392e-07, 1.342613416e-07, 9.22841607576e-08, 1.74095227123e-08, 3.19650261815e-08, 1.83666646336e-08, 3.10946224324e-09, 3.9041729849e-09, 7.41843253493e-09, 7.56021467652e-09, 1.17399334698e-08, 9.79184466843e-09, 2.3439890029e-08, 1.77884427188e-08, 7.21556290273e-08, 1.10947496523e-07, 7.21125701375e-08, 1.94719902424e-08, 4.54241311232e-09, 1.5977267287e-09, 7.0817374187e-10, 5.52054200964e-11, 8.98699300741e-13], [1.67885830238e-10, 8.97237306674e-09, 5.62976723018e-08, 1.85734606362e-07, 9.09937455162e-07, 3.68443522802e-07, 2.36792374153e-07, 3.19650261815e-08, 7.68001768847e-08, 4.47230199541e-08, 4.80276618475e-09, 6.27193141867e-09, 7.46559347675e-09, 1.31610020659e-08, 1.50823780132e-08, 1.43842306954e-08, 2.15904005785e-08, 1.81136510236e-08, 6.17165696326e-08, 8.86241693365e-08, 5.67511087013e-08, 1.63279043619e-08, 3.74250008761e-09, 1.52332801928e-09, 5.94824189903e-10, 4.49526527113e-11, 7.06658527267e-13], [9.25710272326e-11, 5.05897324032e-09, 3.19900301804e-08, 1.06714672654e-07, 5.30781733232e-07, 2.15826489125e-07, 1.38228784863e-07, 1.83666646336e-08, 4.47230199541e-08, 2.60743799885e-08, 2.79805267844e-09, 3.62750940397e-09, 4.09134326418e-09, 7.56959206427e-09, 8.45665493188e-09, 8.1822895126e-09, 1.16550671336e-08, 9.93201165755e-09, 3.28481775114e-08, 4.65702676422e-08, 2.99221660782e-08, 8.71611760545e-09, 1.98421767905e-09, 8.26081980598e-10, 3.15259263139e-10, 2.36552513688e-11, 3.6980412222e-13], [3.13837775212e-11, 1.00782171497e-09, 5.43213474202e-09, 1.42764218225e-08, 4.52134827356e-08, 1.61622502048e-08, 1.17134693056e-08, 3.10946224324e-09, 4.80276618475e-09, 2.79805267844e-09, 1.55754198428e-09, 1.35603095419e-09, 1.61995439285e-09, 1.88904003551e-09, 2.80419398813e-09, 2.32183716697e-09, 5.38180344734e-09, 4.2067918038e-09, 1.57508583953e-08, 2.36276900267e-08, 1.72177294644e-08, 4.95622520802e-09, 1.04524144895e-09, 3.74674152814e-10, 1.47641482373e-10, 1.11309624712e-11, 1.82418533404e-13], [3.80095746544e-11, 1.34255750961e-09, 7.3109895915e-09, 1.95041085504e-08, 6.41603534746e-08, 2.32073062989e-08, 1.65635274385e-08, 3.9041729849e-09, 6.27193141867e-09, 3.62750940397e-09, 1.35603095419e-09, 1.33782251943e-09, 1.97585636741e-09, 2.05275618725e-09, 3.16446913118e-09, 2.62485078117e-09, 6.37052410823e-09, 4.89433693573e-09, 1.90856788151e-08, 2.90035320205e-08, 2.01329442007e-08, 5.60883650635e-09, 1.23740051539e-09, 4.38198893837e-10, 1.83175488666e-10, 1.40304773008e-11, 2.29822373155e-13], [9.89444706723e-11, 3.3237412822e-09, 1.68704126224e-08, 3.81083538059e-08, 6.78823752764e-08, 1.5829250799e-08, 1.64919224943e-08, 7.41843253493e-09, 7.46559347675e-09, 4.09134326418e-09, 1.61995439285e-09, 1.97585636741e-09, 5.26820143065e-09, 3.46461459522e-09, 7.18727255489e-09, 5.36527533512e-09, 1.72916649888e-08, 1.25329027156e-08, 5.48788570143e-08, 8.65374971681e-08, 5.65549846954e-08, 1.4920496838e-08, 3.50320994436e-09, 1.16235188141e-09, 5.42524691838e-10, 4.27826489513e-11, 7.05176910788e-13], [6.89401244425e-11, 2.63713628712e-09, 1.46883696317e-08, 4.03230124846e-08, 1.42531519032e-07, 5.23434451338e-08, 3.66170169741e-08, 7.56021467652e-09, 1.31610020659e-08, 7.56959206427e-09, 1.88904003551e-09, 2.05275618725e-09, 3.46461459522e-09, 3.5903580109e-09, 5.57886714603e-09, 4.56761606316e-09, 1.11439133477e-08, 8.48445402823e-09, 3.40607364535e-08, 5.22322487484e-08, 3.4923530734e-08, 9.57880885721e-09, 2.17575446548e-09, 7.65050467422e-10, 3.30713512131e-10, 2.56398634962e-11, 4.18430752287e-13], [1.38899350355e-10, 4.83136552987e-09, 2.53101184455e-08, 6.1240811533e-08, 1.49550686501e-07, 4.54630679769e-08, 3.73672435217e-08, 1.17399334698e-08, 1.50823780132e-08, 8.45665493188e-09, 2.80419398813e-09, 3.16446913118e-09, 7.18727255489e-09, 5.57886714603e-09, 1.04801403111e-08, 7.97714871936e-09, 2.36891786187e-08, 1.73937610981e-08, 7.45705079908e-08, 1.1683976453e-07, 7.68437615761e-08, 2.05423020816e-08, 4.76887507261e-09, 1.60524538106e-09, 7.3266170908e-10, 5.75639536038e-11, 9.45941892525e-13], [1.01851055367e-10, 3.70222141832e-09, 1.98220657666e-08, 5.07757214052e-08, 1.49408876382e-07, 5.12330906588e-08, 3.81019233942e-08, 9.79184466843e-09, 1.43842306954e-08, 8.1822895126e-09, 2.32183716697e-09, 2.62485078117e-09, 5.36527533512e-09, 4.56761606316e-09, 7.97714871936e-09, 6.53106013715e-09, 1.73331038411e-08, 1.29212711641e-08, 5.33926609592e-08, 8.26211490335e-08, 5.46299325777e-08, 1.46942698009e-08, 3.40077899175e-09, 1.16572707043e-09, 5.23012688713e-10, 4.07300235206e-11, 6.67861274097e-13], [3.27766397357e-10, 1.081353318e-08, 5.44368745636e-08, 1.20027550565e-07, 1.84687593219e-07, 3.44084334358e-08, 4.39656666629e-08, 2.3439890029e-08, 2.15904005785e-08, 1.16550671336e-08, 5.38180344734e-09, 6.37052410823e-09, 1.72916649888e-08, 1.11439133477e-08, 2.36891786187e-08, 1.73331038411e-08, 5.74511034301e-08, 4.14298142459e-08, 1.83057537129e-07, 2.89381176799e-07, 1.89150256347e-07, 4.99169416912e-08, 1.17060814375e-08, 3.86672516228e-09, 1.80888792833e-09, 1.42874503894e-10, 2.3561337343e-12], [2.37494662825e-10, 7.92602783406e-09, 4.02790973908e-08, 9.10633701778e-08, 1.63069543646e-07, 3.79346651869e-08, 3.95952213239e-08, 1.77884427188e-08, 1.81136510236e-08, 9.93201165755e-09, 4.2067918038e-09, 4.89433693573e-09, 1.25329027156e-08, 8.48445402823e-09, 1.73937610981e-08, 1.29212711641e-08, 4.14298142459e-08, 3.0062455636e-08, 1.31395964331e-07, 2.07097826888e-07, 1.35801627721e-07, 3.59729384058e-08, 8.40617797593e-09, 2.7923192647e-09, 1.29618393796e-09, 1.02159856963e-10, 1.68345589205e-12], [1.04518149691e-09, 3.42881314452e-08, 1.71741405097e-07, 3.72259421511e-07, 5.09267010784e-07, 7.26504083559e-08, 1.18383042036e-07, 7.21556290273e-08, 6.17165696326e-08, 3.28481775114e-08, 1.57508583953e-08, 1.90856788151e-08, 5.48788570143e-08, 3.40607364535e-08, 7.45705079908e-08, 5.33926609592e-08, 1.83057537129e-07, 1.31395964331e-07, 5.86899091104e-07, 9.30861631332e-07, 6.06175490248e-07, 1.59492785201e-07, 3.75220743365e-08, 1.23329906287e-08, 5.80894132796e-09, 4.60017801629e-10, 7.58844636434e-12], [1.65031965871e-09, 5.3828362212e-08, 2.6836124789e-07, 5.73541001359e-07, 7.01634519373e-07, 6.84944581053e-08, 1.59341837502e-07, 1.10947496523e-07, 8.86241693365e-08, 4.65702676422e-08, 2.36276900267e-08, 2.90035320205e-08, 8.65374971681e-08, 5.22322487484e-08, 1.1683976453e-07, 8.26211490335e-08, 2.89381176799e-07, 2.07097826888e-07, 9.30861631332e-07, 1.47919433857e-06, 9.61466867011e-07, 2.52513530086e-07, 5.95113007762e-08, 1.94986533586e-08, 9.22193521546e-09, 7.31306515345e-10, 1.20671935985e-11], [1.07552100559e-09, 3.4700097018e-08, 1.7255896978e-07, 3.67247679378e-07, 4.3285274387e-07, 3.65748107356e-08, 9.80861685207e-08, 7.21125701375e-08, 5.67511087013e-08, 2.99221660782e-08, 1.72177294644e-08, 2.01329442007e-08, 5.65549846954e-08, 3.4923530734e-08, 7.68437615761e-08, 5.46299325777e-08, 1.89150256347e-07, 1.35801627721e-07, 6.06175490248e-07, 9.61466867011e-07, 6.28697080174e-07, 1.65761633752e-07, 3.88448704314e-08, 1.27619763646e-08, 5.9918368045e-09, 4.74243255777e-10, 7.82719115217e-12], [2.84449602761e-10, 9.18056919375e-09, 4.5849692043e-08, 9.87225021731e-08, 1.28449428871e-07, 1.59841526681e-08, 2.96709448122e-08, 1.94719902424e-08, 1.63279043619e-08, 8.71611760545e-09, 4.95622520802e-09, 5.60883650635e-09, 1.4920496838e-08, 9.57880885721e-09, 2.05423020816e-08, 1.46942698009e-08, 4.99169416912e-08, 3.59729384058e-08, 1.59492785201e-07, 2.52513530086e-07, 1.65761633752e-07, 4.38749054865e-08, 1.02357873288e-08, 3.37429373332e-09, 1.57334845152e-09, 1.24342328101e-10, 2.05151976136e-12], [6.67135929833e-11, 2.16960338584e-09, 1.08312612213e-08, 2.32747368045e-08, 2.97822158046e-08, 3.4947584826e-09, 6.84269707563e-09, 4.54241311232e-09, 3.74250008761e-09, 1.98421767905e-09, 1.04524144895e-09, 1.23740051539e-09, 3.50320994436e-09, 2.17575446548e-09, 4.76887507261e-09, 3.40077899175e-09, 1.17060814375e-08, 8.40617797593e-09, 3.75220743365e-08, 5.95113007762e-08, 3.88448704314e-08, 1.02357873288e-08, 2.40226571968e-09, 7.89469323248e-10, 3.71058100912e-10, 2.93752487612e-11, 4.84671601898e-13], [2.21842284126e-11, 7.32884752885e-10, 3.70265751393e-09, 8.22013124235e-09, 1.3242104302e-08, 2.63259281041e-09, 3.1637354958e-09, 1.5977267287e-09, 1.52332801928e-09, 8.26081980598e-10, 3.74674152814e-10, 4.38198893837e-10, 1.16235188141e-09, 7.65050467422e-10, 1.60524538106e-09, 1.16572707043e-09, 3.86672516228e-09, 2.7923192647e-09, 1.23329906287e-08, 1.94986533586e-08, 1.27619763646e-08, 3.37429373332e-09, 7.89469323248e-10, 2.61127813816e-10, 1.21774895723e-10, 9.6201839897e-12, 1.58605496358e-13], [1.03265243578e-11, 3.39327649312e-10, 1.69775105086e-09, 3.66833718957e-09, 4.89751350585e-09, 6.53367804304e-10, 1.13270037794e-09, 7.0817374187e-10, 5.94824189903e-10, 3.15259263139e-10, 1.47641482373e-10, 1.83175488666e-10, 5.42524691838e-10, 3.30713512131e-10, 7.3266170908e-10, 5.23012688713e-10, 1.80888792833e-09, 1.29618393796e-09, 5.80894132796e-09, 9.22193521546e-09, 5.9918368045e-09, 1.57334845152e-09, 3.71058100912e-10, 1.21774895723e-10, 5.75591900531e-11, 4.56182617722e-12, 7.52588299297e-14], [8.16046015484e-13, 2.6781929105e-11, 1.33762903531e-10, 2.87189272363e-10, 3.64863111946e-10, 4.11108924681e-11, 8.34037561237e-11, 5.52054200964e-11, 4.49526527113e-11, 2.36552513688e-11, 1.11309624712e-11, 1.40304773008e-11, 4.27826489513e-11, 2.56398634962e-11, 5.75639536038e-11, 4.07300235206e-11, 1.42874503894e-10, 1.02159856963e-10, 4.60017801629e-10, 7.31306515345e-10, 4.74243255777e-10, 1.24342328101e-10, 2.93752487612e-11, 9.6201839897e-12, 4.56182617722e-12, 3.6195631453e-13, 5.97200579462e-15], [1.34338688516e-14, 4.39105511934e-13, 2.1872234926e-12, 4.66405169694e-12, 5.5916183142e-12, 4.99723905919e-13, 1.26483827752e-12, 8.98699300741e-13, 7.06658527267e-13, 3.6980412222e-13, 1.82418533404e-13, 2.29822373155e-13, 7.05176910788e-13, 4.18430752287e-13, 9.45941892525e-13, 6.67861274097e-13, 2.3561337343e-12, 1.68345589205e-12, 7.58844636434e-12, 1.20671935985e-11, 7.82719115217e-12, 2.05151976136e-12, 4.84671601898e-13, 1.58605496358e-13, 7.52588299297e-14, 5.97200579462e-15, 9.85542818814e-17]]
    },
    "mfcc": {
        "kurt": [8.3815612793, 1.33533573151, 5.8654794693, 7.83052444458, 10.0669755936, 2.87101364136, 10.295009613, 3.57864332199, 0.978741168976, 1.3156671524, 0.866266489029, 1.0911359787, 1.0494351387],
        "max": [-521.591552734, 147.99887085, 19.5063476562, 68.1418151855, 8.46517944336, 6.58641815186, 5.70495986938, 4.54597473145, 3.40489768982, 3.6620349884, 2.21671676636, 3.25713539124, 1.88143157959],
        "mean": [-1088.69506836, 18.9955444336, -3.29896593094, 5.26908969879, -2.82821393013, -2.13749241829, -1.99617409706, -2.92129850388, -3.36610770226, -4.59054470062, -4.11446666718, -3.26468849182, -2.8485326767],
        "median": [-1138.42004395, 1.14440917969e-05, -6.103515625e-05, 8.01086425781e-05, -6.103515625e-05, 2.28881835938e-05, -2.67028808594e-05, -5.34057617188e-05, -4.57763671875e-05, -2.28881835938e-05, -2.67028808594e-05, -3.0517578125e-05, -3.81469726562e-05],
        "min": [-1138.42004395, 1.14440917969e-05, -75.621421814, -12.8450737, -52.8921813965, -22.0653495789, -32.859752655, -27.390335083, -21.7684383392, -31.8999557495, -25.5014095306, -21.2924728394, -18.1900882721],
        "skew": [2.9039068222, 1.54206299782, -2.3082280159, 2.81463217735, -3.04490065575, -1.90597486496, -3.07804322243, -2.14788532257, -1.50253474712, -1.53618717194, -1.43775212765, -1.42634737492, -1.41607153416],
        "var": [12969.3613281, 984.755004883, 233.264068604, 157.684158325, 74.2157669067, 28.2645835876, 30.9589729309, 39.4432983398, 32.0645675659, 56.8636245728, 43.3838920593, 26.6397209167, 19.766916275],
        "cov": [[13047.0224609, 2885.49169922, -1356.76904297, 1274.9440918, -842.25012207, -252.666687012, -472.920288086, -556.446716309, -389.344909668, -457.809967041, -399.586364746, -308.821166992, -316.532592773], [2885.49169922, 990.651733398, -286.108795166, 303.672393799, -174.483428955, -116.958587646, -117.497505188, -167.668182373, -156.055603027, -203.98324585, -168.184936523, -129.432113647, -118.665679932], [-1356.76904297, -286.108795166, 234.660858154, -129.753128052, 112.529457092, 25.2528572083, 54.3763618469, 71.2875213623, 44.3627738953, 54.026473999, 35.1384010315, 27.9754695892, 27.0299987793], [1274.9440918, 303.672393799, -129.753128052, 158.628387451, -76.859916687, -16.6356983185, -45.6290206909, -63.3440704346, -42.3743553162, -50.1910972595, -36.5552940369, -31.7924842834, -34.5168075562], [-842.25012207, -174.483428955, 112.529457092, -76.859916687, 74.6601715088, 14.8151578903, 36.2646598816, 37.1075286865, 23.2755241394, 28.1325149536, 20.1186618805, 16.9326457977, 16.102809906], [-252.666687012, -116.958587646, 25.2528572083, -16.6356983185, 14.8151578903, 28.4338340759, 14.590139389, 17.4587688446, 19.4020519257, 26.2204456329, 25.8141746521, 17.6937141418, 14.9774131775], [-472.920288086, -117.497505188, 54.3763618469, -45.6290206909, 36.2646598816, 14.590139389, 31.1443557739, 26.070892334, 19.3025131226, 21.115732193, 17.4545707703, 15.2341604233, 13.9912004471], [-556.446716309, -167.668182373, 71.2875213623, -63.3440704346, 37.1075286865, 17.4587688446, 26.070892334, 39.679485321, 28.7451267242, 34.8745422363, 26.3055114746, 20.5524215698, 20.6776752472], [-389.344909668, -156.055603027, 44.3627738953, -42.3743553162, 23.2755241394, 19.4020519257, 19.3025131226, 28.7451267242, 32.2565689087, 39.7636032104, 31.4836616516, 23.6211261749, 21.1647472382], [-457.809967041, -203.98324585, 54.026473999, -50.1910972595, 28.1325149536, 26.2204456329, 21.115732193, 34.8745422363, 39.7636032104, 57.2041244507, 44.4665527344, 31.3768043518, 27.3349895477], [-399.586364746, -168.184936523, 35.1384010315, -36.5552940369, 20.1186618805, 25.8141746521, 17.4545707703, 26.3055114746, 31.4836616516, 44.4665527344, 43.6436767578, 30.5032253265, 25.0681304932], [-308.821166992, -129.432113647, 27.9754695892, -31.7924842834, 16.9326457977, 17.6937141418, 15.2341604233, 20.5524215698, 23.6211261749, 31.3768043518, 30.5032253265, 26.7992401123, 21.0911407471], [-316.532592773, -118.665679932, 27.0299987793, -34.5168075562, 16.102809906, 14.9774131775, 13.9912004471, 20.6776752472, 21.1647472382, 27.3349895477, 25.0681304932, 21.0911407471, 19.8852825165]]
    },
    "sccoeffs": {
        "kurt": [2.17424631119, 5.60097694397, 13.3142299652, 8.65382766724, 14.3418693542, 0.720381259918],
        "max": [-0.405900210142, -0.676298856735, -0.704423069954, -0.749311327934, -0.74269336462, -0.68796402216],
        "mean": [-0.788284003735, -0.886355102062, -0.904324650764, -0.904659092426, -0.895121991634, -0.812271773815],
        "median": [-0.81424677372, -0.891674220562, -0.908614516258, -0.910547852516, -0.900301575661, -0.828187346458],
        "min": [-0.919048070908, -0.958595097065, -0.960533559322, -0.961082041264, -0.933109343052, -0.891643881798],
        "skew": [1.39060294628, 1.89256846905, 2.65073513985, 2.432690382, 3.0979912281, 1.17445516586],
        "var": [0.00809352099895, 0.00156735861674, 0.000838912150357, 0.000788021367043, 0.000505584117491, 0.00123336666729],
        "cov": [[0.00814198516309, 0.00238239392638, 0.00167847122066, 0.00171750923619, 0.00130673882086, 0.00237681576982], [0.00238239392638, 0.00157674401999, 0.000769479200244, 0.000752123014536, 0.000610559363849, 0.0008284781361], [0.00167847122066, 0.000769479200244, 0.000843935587909, 0.00059237901587, 0.000460145587567, 0.000608365400694], [0.00171750923619, 0.000752123014536, 0.00059237901587, 0.000792740087491, 0.000512638420332, 0.000708951905835], [0.00130673882086, 0.000610559363849, 0.000460145587567, 0.000512638420332, 0.000508611556143, 0.000579247425776], [0.00237681576982, 0.0008284781361, 0.000608365400694, 0.000708951905835, 0.000579247425776, 0.00124075205531]]
    },
    "scvalleys": {
        "kurt": [5.82729244232, 1.98731994629, 0.715393066406, 0.765646457672, 2.12179946899, 5.96494102478],
        "max": [-4.72649335861, -4.10981845856, -5.47373008728, -5.60266780853, -4.90340805054, -7.14358901978],
        "mean": [-12.1028995514, -11.3330221176, -11.8627853394, -12.4045238495, -12.3461580276, -14.7796545029],
        "median": [-12.5823326111, -12.2171993256, -13.0446052551, -13.6462965012, -13.3883008957, -15.4355545044],
        "min": [-16.0914154053, -14.5093860626, -16.1044750214, -15.6517801285, -16.6366558075, -19.0276966095],
        "skew": [2.0561773777, 1.54778718948, 1.18822228909, 1.28602302074, 1.60702598095, 2.45104146004],
        "var": [2.43522405624, 3.52805972099, 4.11879491806, 4.45363092422, 3.85130596161, 2.97578310966],
        "cov": [[2.44980621338, 2.76127028465, 2.90682268143, 3.03020977974, 2.88862919807, 2.48835754395], [2.76127028465, 3.54918599129, 3.73742198944, 3.89139580727, 3.62474298477, 2.94312667847], [2.90682268143, 3.73742198944, 4.14345836639, 4.26065349579, 3.9122376442, 3.02604365349], [3.03020977974, 3.89139580727, 4.26065349579, 4.48029899597, 4.09170818329, 3.19543266296], [2.88862919807, 3.62474298477, 3.9122376442, 4.09170818329, 3.87436771393, 3.16950774193], [2.48835754395, 2.94312667847, 3.02604365349, 3.19543266296, 3.16950774193, 2.99360227585]]
    }
},
"rhythm": {
    "beats_loudness": {
        "kurt": 2.16663408279,
        "max": 0.00461066467687,
        "mean": 0.000659983954392,
        "median": 9.98555282905e-09,
        "min": 5.32439248246e-09,
        "skew": 2.04122638702,
        "var": 2.60132196672e-06
    },
    "bpm": 126.04801178,
    "confidence": 0,
    "first_peak_bpm": {
        "kurt": 0,
        "max": 126,
        "mean": 126,
        "median": 126,
        "min": 126,
        "skew": 0,
        "var": 0
    },
    "first_peak_spread": {
        "kurt": 0,
        "max": 0,
        "mean": 0,
        "median": 0,
        "min": 0,
        "skew": 0,
        "var": 0
    },
    "first_peak_weight": {
        "kurt": 0,
        "max": 1,
        "mean": 1,
        "median": 1,
        "min": 1,
        "skew": 0,
        "var": 0
    },
    "onset_rate": 0.259135872126,
    "second_peak_bpm": {
        "kurt": 0,
        "max": 0,
        "mean": 0,
        "median": 0,
        "min": 0,
        "skew": 0,
        "var": 0
    },
    "second_peak_spread": {
        "kurt": 0,
        "max": 0,
        "mean": 0,
        "median": 0,
        "min": 0,
        "skew": 0,
        "var": 0
    },
    "second_peak_weight": {
        "kurt": 0,
        "max": 0,
        "mean": 0,
        "median": 0,
        "min": 0,
        "skew": 0,
        "var": 0
    },
    "beats_loudness_band_ratio": {
        "kurt": [-1.0880471468, -1.34977078438, -1.48890662193, 0.519695043564, -1.55054497719, -1.52636170387],
        "max": [0.341125309467, 0.431933879852, 0.172215759754, 0.198961928487, 0.20185571909, 0.391331583261],
        "mean": [0.206560179591, 0.293266624212, 0.118603877723, 0.0901052579284, 0.109206780791, 0.243988662958],
        "median": [0.2284296453, 0.246741339564, 0.114071205258, 0.0797081962228, 0.0815214514732, 0.237796455622],
        "min": [0.102099359035, 0.206104964018, 0.0627050772309, 0.0208656340837, 0.0472267903388, 0.100463666022],
        "skew": [0.239672541618, 0.484784007072, 0.00106685748324, 1.02771687508, 0.379072964191, -0.0357716009021],
        "var": [0.006115490105, 0.00672140112147, 0.00145810446702, 0.00258044269867, 0.00346482219175, 0.0124425655231],
        "cov": [[0.00713473884389, 0.00120248144958, -0.00184857659042, -0.000765706412494, -0.00111463072244, -0.00338281248696], [0.00120248144958, 0.0078416345641, -0.00190273916814, -0.0013242213754, 0.00320286024362, -0.00529591972008], [-0.00184857659042, -0.00190273916814, 0.00170112180058, 0.000769692938775, -0.000232386999414, 0.000573158496991], [-0.000765706412494, -0.0013242213754, 0.000769692938775, 0.00301051628776, 0.00205671135336, -0.00376376439817], [-0.00111463072244, 0.00320286024362, -0.000232386999414, 0.00205671135336, 0.00404229247943, -0.00611690012738], [-0.00338281248696, -0.00529591972008, 0.000573158496991, -0.00376376439817, -0.00611690012738, 0.0145163265988]]
    },
    "beats_position": [0.46439909935, 0.940408170223, 1.4164172411, 1.89242625237, 2.36843538284, 2.8444442749, 3.32045340538],
    "bpm_estimates": [126.048019409, 126.048019409, 126.048034668, 126.04800415, 126.048065186, 126.04800415],
    "bpm_intervals": [0.476009070873, 0.476009070873, 0.476009011269, 0.476009130478, 0.476008892059, 0.476009130478],
    "onset_times": [2.35682535172],
    "histogram": [[0, 0, 0, 0, 0, 0, 0, 0, 0, 0, 0, 0, 0, 0, 0, 0, 0, 0, 0, 0, 0, 0, 0, 0, 0, 0, 0, 0, 0, 0, 0, 0, 0, 0, 0, 0, 0, 0, 0, 0, 0, 0, 0, 0, 0, 0, 0, 0, 0, 0, 0, 0, 0, 0, 0, 0, 0, 0, 0, 0, 0, 0, 0, 0, 0, 0, 0, 0, 0, 0, 0, 0, 0, 0, 0, 0, 0, 0, 0, 0, 0, 0, 0, 0, 0, 0, 0, 0, 0, 0, 0, 0, 0, 0, 0, 0, 0, 0, 0, 0, 0, 0, 0, 0, 0, 0, 0, 0, 0, 0, 0, 0, 0, 0, 0, 0, 0, 0, 0, 0, 0, 0, 0, 0, 0, 0, 1, 0, 0, 0, 0, 0, 0, 0, 0, 0, 0, 0, 0, 0, 0, 0, 0, 0, 0, 0, 0, 0, 0, 0, 0, 0, 0, 0, 0, 0, 0, 0, 0, 0, 0, 0, 0, 0, 0, 0, 0, 0, 0, 0, 0, 0, 0, 0, 0, 0, 0, 0, 0, 0, 0, 0, 0, 0, 0, 0, 0, 0, 0, 0, 0, 0, 0, 0, 0, 0, 0, 0, 0, 0, 0, 0, 0, 0, 0, 0, 0, 0, 0, 0, 0, 0, 0, 0, 0, 0, 0, 0, 0, 0, 0, 0, 0, 0, 0, 0, 0, 0, 0, 0, 0, 0, 0, 0, 0, 0, 0, 0, 0, 0, 0, 0, 0, 0, 0, 0, 0, 0, 0, 0]]
},
"sfx": {
    "inharmonicity": {
        "kurt": 1.03990888596,
        "max": 0.303245484829,
        "mean": 0.0503694005311,
        "median": 0,
        "min": 0,
        "skew": 1.44839692116,
        "var": 0.00604203110561
    },
    "oddtoevenharmonicenergyratio": {
        "kurt": 10.3903512955,
        "max": 3.58631062508,
        "mean": 0.283204317093,
        "median": 0,
        "min": 0,
        "skew": 2.8651175499,
        "var": 0.285537093878
    },
    "pitch_after_max_to_before_max_energy_ratio": 1.30859541893,
    "pitch_centroid": 54.8153343201,
    "pitch_max_to_total": 0.267857134342,
    "pitch_min_to_total": 0.785714268684,
    "tristimulus": {
        "kurt": [-1.55737626553, -0.486955165863, -1.31287956238],
        "max": [1, 0.457850366831, 0.86382907629],
        "mean": [0.68815612793, 0.0944648832083, 0.217378973961],
        "median": [1, 0, 0],
        "min": [0, 0, 0],
        "skew": [-0.577373802662, 0.962798595428, 0.674570202827],
        "var": [0.162839710712, 0.0171598345041, 0.0818880721927],
        "cov": [[0.163814797997, -0.0493495054543, -0.11446531117], [-0.0493495054543, 0.0172625873238, 0.0320869125426], [-0.11446531117, 0.0320869125426, 0.0823784247041]]
    }
},
"tonal": {
    "chords_changes_rate": 0.0823529437184,
    "chords_number_rate": 0.0705882385373,
    "chords_strength": {
        "kurt": -0.589703559875,
        "max": 0.568224668503,
        "mean": 0.437458187342,
        "median": 0.44597402215,
        "min": 0.257788389921,
        "skew": -0.581785202026,
        "var": 0.00653167907149
    },
    "key_strength": 0.421468913555,
    "tuning_diatonic_strength": 0.356963157654,
    "tuning_equal_tempered_deviation": 0.252918362617,
    "tuning_frequency": 437.465789795,
    "tuning_nontempered_energy_ratio": 0.891543269157,
    "hpcp": {
        "kurt": [1.5331864357, 1.86490869522, 1.97341632843, 1.41435861588, 0.0408341884613, -0.33406829834, 0.327324151993, 0.339500904083, 3.15995454788, 1.54443216324, 2.64177131653, 0.00978589057922, -0.260780334473, -0.020751953125, 0.94131064415, 0.248451948166, -0.351631641388, -0.263400316238, 1.20287418365, 1.12268543243, 2.47331523895, 2.40104293823, 2.21160268784, 2.07664203644, 0.990010738373, 0.405318260193, 1.08505105972, 1.71407651901, 0.468051195145, 1.74332523346, 1.66732501984, 1.47567367554, 0.235858917236, 2.1126074791, 1.38076496124, 0.573053359985],
        "max": [1, 1, 1, 0.963715910912, 1, 1, 1, 0.905190885067, 1, 1, 1, 0.892160415649, 1, 1, 1, 1, 1, 1, 0.840223371983, 0.888370037079, 1, 1, 1, 0.957932651043, 1, 1, 1, 1, 0.844776213169, 1, 1, 1, 1, 1, 1, 1],
        "mean": [0.197518900037, 0.193148449063, 0.193779110909, 0.206848219037, 0.27837100625, 0.306362688541, 0.275635004044, 0.215015411377, 0.191600054502, 0.205527320504, 0.193459138274, 0.236091658473, 0.286183804274, 0.244860902429, 0.230079308152, 0.276185929775, 0.321019619703, 0.284492611885, 0.18607288599, 0.172757819295, 0.188473626971, 0.185728549957, 0.164347141981, 0.1765306741, 0.221892103553, 0.236290290952, 0.235425457358, 0.219237610698, 0.18920378387, 0.181355297565, 0.19967931509, 0.221786975861, 0.241029068828, 0.214312300086, 0.202848255634, 0.22008498013],
        "median": [0.130860120058, 0.108912795782, 0.111635804176, 0.117509074509, 0.167890384793, 0.208251491189, 0.185597226024, 0.162457540631, 0.126702904701, 0.129116714001, 0.145979732275, 0.191673323512, 0.168773829937, 0.168522298336, 0.135779038072, 0.203878998756, 0.192882597446, 0.140234306455, 0.140889212489, 0.0970040857792, 0.0995317623019, 0.0821235775948, 0.0822490677238, 0.0927884876728, 0.125623360276, 0.193866208196, 0.194643989205, 0.138229355216, 0.104861706495, 0.100629858673, 0.111865349114, 0.130975171924, 0.166508108377, 0.110461391509, 0.107027545571, 0.129174008965],
        "min": [0, 0, 0, 0, 0, 0, 0, 0, 0, 0, 0, 0, 0, 0, 0, 0, 0, 0, 0, 0, 0, 0, 0, 0, 0, 0, 0, 0, 0, 0, 0, 0, 0, 0, 0, 0],
