{
"metadata": {
    "version": {
        "essentia": "2.1-beta3"
    }
},
"lowLevel": {
    "average_loudness": 0.91163867712,
    "barkbands_kurtosis": {
        "kurt": 17.5666389465,
        "max": 116.827796936,
        "mean": 5.57603740692,
        "median": -0.744619727135,
        "min": -1.78065502644,
        "skew": 4.14906787872,
        "var": 385.506469727
    },
    "barkbands_skewness": {
        "kurt": 3.57724809647,
        "max": 9.39350795746,
        "mean": 0.371232926846,
        "median": -0.184889703989,
        "min": -3.6110765934,
        "skew": 1.80386173725,
        "var": 5.46037769318
    },
    "barkbands_spread": {
        "kurt": -0.637784957886,
        "max": 60.721370697,
        "mean": 32.6449127197,
        "median": 35.8244857788,
        "min": 1.15770554543,
        "skew": -0.412978947163,
        "var": 238.629638672
    },
    "dissonance": {
        "kurt": 14.7019195557,
        "max": 0.499496877193,
        "mean": 0.488756269217,
        "median": 0.491632550955,
        "min": 0.419871926308,
        "skew": -3.00519800186,
        "var": 0.000107674030005
    },
    "hfc": {
        "kurt": 74.043510437,
        "max": 384.309631348,
        "mean": 5.62209653854,
        "median": 4.38595634478e-05,
        "min": 6.46361013423e-06,
        "skew": 8.44532680511,
        "var": 1454.77087402
    },
    "pitch": {
        "kurt": -0.433667898178,
        "max": 5142.55419922,
        "mean": 3139.79833984,
        "median": 3920.78271484,
        "min": 76.781211853,
        "skew": -1.19273173809,
        "var": 2597299
    },
    "pitch_instantaneous_confidence": {
        "kurt": 0.668296337128,
        "max": 0.758480608463,
        "mean": 0.32064679265,
        "median": 0.284883469343,
        "min": 0.145354092121,
        "skew": 1.05920994282,
        "var": 0.0171791240573
    },
    "pitch_salience": {
        "kurt": 0.472544670105,
        "max": 0.951272666454,
        "mean": 0.678725838661,
        "median": 0.751470506191,
        "min": 0.185564413667,
        "skew": -1.22076845169,
        "var": 0.0275417994708
    },
    "silence_rate_20dB": {
        "kurt": 0,
        "max": 1,
        "mean": 1,
        "median": 1,
        "min": 1,
        "skew": 0,
        "var": 0
    },
    "silence_rate_30dB": {
        "kurt": 0,
        "max": 1,
        "mean": 1,
        "median": 1,
        "min": 1,
        "skew": 0,
        "var": 0
    },
    "silence_rate_60dB": {
        "kurt": 16.4775352478,
        "max": 1,
        "mean": 0.953333318233,
        "median": 1,
        "min": 0,
        "skew": -4.29855108261,
        "var": 0.044488877058
    },
    "spectral_centroid": {
        "kurt": -0.59324836731,
        "max": 4986.94238281,
        "mean": 2001.66247559,
        "median": 2108.35766602,
        "min": 112.33127594,
        "skew": -0.0324276834726,
        "var": 1172968.875
    },
    "spectral_complexity": {
        "kurt": 24.2517585754,
        "max": 64,
        "mean": 2.22000002861,
        "median": 0,
        "min": 0,
        "skew": 4.9615945816,
        "var": 101.89163208
    },
    "spectral_crest": {
        "kurt": 0.344812631607,
        "max": 22.670999527,
        "mean": 8.01033973694,
        "median": 6.04135942459,
        "min": 2.697483778,
        "skew": 1.15407431126,
        "var": 24.0498905182
    },
    "spectral_decrease": {
        "kurt": 63.8600921631,
        "max": -1.13705713427e-15,
        "mean": -3.65515867573e-10,
        "median": -7.41405567039e-15,
        "min": -2.19691571601e-08,
        "skew": -7.90397787094,
        "var": 5.5600301449e-18
    },
    "spectral_energy": {
        "kurt": 66.3214035034,
        "max": 0.117774665356,
        "mean": 0.00188948155846,
        "median": 3.57810563401e-08,
        "min": 4.8777808459e-09,
        "skew": 8.03890323639,
        "var": 0.000152391003212
    },
    "spectral_energyband_high": {
        "kurt": 83.9926681519,
        "max": 0.0443154647946,
        "mean": 0.000591544376221,
        "median": 3.54414653181e-09,
        "min": 5.88897597353e-10,
        "skew": 8.95075702667,
        "var": 1.75464574568e-05
    },
    "spectral_energyband_low": {
        "kurt": 34.0424957275,
        "max": 0.00195426493883,
        "mean": 4.78033362015e-05,
        "median": 4.07948164138e-09,
        "min": 1.17087645135e-10,
        "skew": 5.96979665756,
        "var": 7.85779263879e-08
    },
    "spectral_energyband_middle_high": {
        "kurt": 66.3407974243,
        "max": 0.0607743114233,
        "mean": 0.000972067238763,
        "median": 5.84899506606e-09,
        "min": 1.08055397963e-09,
        "skew": 8.04153633118,
        "var": 4.05841674365e-05
    },
    "spectral_energyband_middle_low": {
        "kurt": 61.8265609741,
        "max": 0.0183558817953,
        "mean": 0.000313573196763,
        "median": 5.58530155459e-09,
        "min": 1.77326664463e-09,
        "skew": 7.65055418015,
        "var": 3.6800252019e-06
    },
    "spectral_flatness_db": {
        "kurt": 2.2687625885,
        "max": 0.39093953371,
        "mean": 0.13974159956,
        "median": 0.115415081382,
        "min": 0.0714217871428,
        "skew": 1.57129955292,
        "var": 0.00421108771116
    },
    "spectral_flux": {
        "kurt": 34.8506126404,
        "max": 0.283596307039,
        "mean": 0.00874579139054,
        "median": 0.000144935838762,
        "min": 5.66001290281e-05,
        "skew": 5.72360134125,
        "var": 0.00125729478896
    },
    "spectral_kurtosis": {
        "kurt": 23.4472122192,
        "max": 14.7496185303,
        "mean": 3.10546112061,
        "median": 2.83786416054,
        "min": 0.879178762436,
        "skew": 4.25639867783,
        "var": 2.85443663597
    },
    "spectral_rms": {
        "kurt": 39.6957244873,
        "max": 0.0107192406431,
        "mean": 0.000318173348205,
        "median": 5.90682429902e-06,
        "min": 2.18146988118e-06,
        "skew": 6.07900238037,
        "var": 1.74216245341e-06
    },
    "spectral_rolloff": {
        "kurt": 0.518206834793,
        "max": 5857.03125,
        "mean": 3519.38574219,
        "median": 4198.97460938,
        "min": 107.666015625,
        "skew": -1.38905715942,
        "var": 2390725.75
    },
    "spectral_skewness": {
        "kurt": 7.74392318726,
        "max": 3.25096178055,
        "mean": 1.16939151287,
        "median": 1.15942573547,
        "min": 0.362356811762,
        "skew": 2.07067513466,
        "var": 0.171207606792
    },
    "spectral_spread": {
        "kurt": 1.04679107666,
        "max": 9239649,
        "mean": 5199625,
        "median": 5518313,
        "min": 2533387.5,
        "skew": -0.348144173622,
        "var": 1.02594982707e+12
    },
    "spectral_strongpeak": {
        "kurt": 51.2117500305,
        "max": 7.09744358063,
        "mean": 0.150877043605,
        "median": 0.000547191360965,
        "min": 4.80111011711e-05,
        "skew": 7.0795750618,
        "var": 0.708496510983
    },
    "zerocrossingrate": {
        "kurt": -0.582840919495,
        "max": 0.18896484375,
        "mean": 0.113030597568,
        "median": 0.12109375,
        "min": 0.0107421875,
        "skew": -0.602903306484,
        "var": 0.00205296115018
    },
    "barkbands": {
        "kurt": [80.5597305298, 55.1953430176, 47.1811408997, 60.9841957092, 52.6574058533, 40.5719184875, 49.9885139465, 95.3768844604, 71.4235458374, 97.5718078613, 96.5127258301, 79.660484314, 68.8319473267, 78.5443572998, 88.5112380981, 76.4474334717, 83.2221679688, 99.2884140015, 58.5756759644, 97.0357208252, 75.9639205933, 63.3112564087, 80.0729141235, 110.898544312, 95.056312561, 86.7805709839, 104.979621887],
        "max": [3.96676587116e-05, 0.00040798127884, 0.000894259486813, 0.00243874266744, 0.00376510992646, 0.00199973070994, 0.00164355523884, 0.00358799262904, 0.00516643468291, 0.00202335813083, 0.0023194886744, 0.00300107290968, 0.00155254895799, 0.00249898666516, 0.00330222235061, 0.00674239080399, 0.00543004414067, 0.0164404958487, 0.0140414759517, 0.02802830562, 0.0204598382115, 0.00423137517646, 0.00119844381697, 0.000563943118323, 0.000116804636491, 4.76422383144e-06, 1.29374484459e-07],
        "mean": [4.64543347789e-07, 7.09660980647e-06, 1.79932612809e-05, 4.08733649238e-05, 7.39000679459e-05, 4.64510048914e-05, 3.44855834555e-05, 4.10926477343e-05, 7.01919052517e-05, 2.51702331298e-05, 2.87644634227e-05, 4.06180370192e-05, 2.37164822465e-05, 3.46308697772e-05, 4.31054686487e-05, 9.58151576924e-05, 8.1117847003e-05, 0.000202414026717, 0.000248568394454, 0.000353743089363, 0.000285028130747, 7.06015562173e-05, 1.61285151989e-05, 6.07490574112e-06, 1.3721129335e-06, 6.29392289397e-08, 1.40859990339e-09],
        "median": [3.765446982e-11, 1.17381127041e-09, 1.60181456987e-09, 1.22411902836e-09, 1.16837739483e-09, 8.00208566076e-10, 6.68441024754e-10, 5.90936244382e-10, 8.10401967755e-10, 5.53926737812e-10, 3.96019300686e-10, 4.14638684498e-10, 2.43761455465e-10, 2.38906283645e-10, 3.03560565573e-10, 5.18579568176e-10, 6.34210128858e-10, 8.67249161374e-10, 1.46902134901e-09, 2.19682183555e-09, 1.64220437249e-09, 5.18900478141e-10, 7.30888960465e-11, 2.53670712907e-11, 6.27445664869e-12, 5.54331212009e-13, 2.40009394466e-14],
        "min": [3.1552563432e-14, 8.52173540067e-12, 3.37108813087e-11, 3.77184047884e-11, 9.52457349102e-11, 8.92537432851e-11, 7.3598800665e-11, 9.70434912984e-11, 9.98262236762e-11, 6.91622037419e-11, 6.34225658103e-11, 6.11046629961e-11, 2.49209333725e-11, 1.37574569792e-11, 6.39960168192e-11, 8.22845264148e-11, 6.34549357503e-11, 1.45000400575e-10, 1.97905608568e-10, 2.70261646396e-10, 2.41964143166e-10, 1.28708127489e-10, 1.23412217945e-11, 7.84577611213e-12, 1.54831215123e-12, 2.23129715117e-13, 9.24993775016e-15],
        "skew": [8.93531417847, 7.35067653656, 6.84107255936, 7.46304655075, 7.13948917389, 6.27568626404, 6.9517288208, 9.58658409119, 8.49649143219, 9.55463790894, 9.49481773376, 8.67324447632, 8.10065841675, 8.67310428619, 9.13024711609, 8.56321334839, 8.70831680298, 9.66504859924, 7.55832290649, 9.53699970245, 8.62255859375, 7.94172620773, 8.78378009796, 10.2911558151, 9.52857875824, 8.98264217377, 9.95765018463],
        "var": [1.50028219015e-11, 2.14009654442e-09, 1.26842136794e-08, 6.17876594333e-08, 1.88148916891e-07, 6.05307448609e-08, 3.8663046098e-08, 1.06676040446e-07, 2.96591053939e-07, 3.29513660802e-08, 4.35439062585e-08, 8.24682189204e-08, 2.4552868183e-08, 5.85554076338e-08, 9.33916766144e-08, 4.35642419916e-07, 2.57288860439e-07, 2.16030207412e-06, 2.42487317337e-06, 6.35306059849e-06, 4.12331019106e-06, 2.24254890213e-07, 1.33664466162e-08, 2.39929964785e-09, 1.12795169038e-10, 1.9511521847e-13, 1.29826791234e-16],
        "cov": [[1.51035104562e-11, 1.64756416843e-10, 2.9569660609e-10, 5.11662157088e-10, 6.47128350906e-10, 6.78888167904e-10, 4.76624850698e-10, 5.40186895215e-10, 1.24008370239e-09, 5.60787916104e-10, 2.89910651041e-10, 4.94759788694e-10, 4.42889974694e-10, 7.1256794909e-10, 9.170957882e-10, 1.3356404871e-09, 1.58044033416e-09, 4.47611991916e-09, 3.3256921661e-09, 7.66426033749e-09, 5.74383030028e-09, 1.19302867585e-09, 3.37841948861e-10, 1.54632071037e-10, 3.39320099796e-11, 1.52577505751e-12, 4.2657588887e-14], [1.64756416843e-10, 2.15445972174e-09, 4.55272219924e-09, 8.92377727268e-09, 1.27612507228e-08, 8.81764705696e-09, 6.28712726325e-09, 8.49786641055e-09, 1.654840176e-08, 6.12259132282e-09, 5.31105426305e-09, 7.91455789795e-09, 5.33657384949e-09, 8.28130808372e-09, 1.02424184689e-08, 1.99165128834e-08, 1.78626482494e-08, 4.78466652964e-08, 4.65152929507e-08, 8.21612999857e-08, 6.68390782721e-08, 1.51425361139e-08, 3.88870846635e-09, 1.61261037857e-09, 3.73442693435e-10, 1.73440393991e-11, 4.55516050227e-13], [2.9569660609e-10, 4.55272219924e-09, 1.27693429164e-08, 2.14271924648e-08, 3.79498281688e-08, 1.79209997953e-08, 1.35806468293e-08, 1.55386974399e-08, 2.99406117676e-08, 1.19355050288e-08, 1.18854348585e-08, 1.71122440662e-08, 1.09750795119e-08, 1.57943311763e-08, 1.94908196249e-08, 3.98796160539e-08, 3.49401929611e-08, 8.69706937578e-08, 9.9485319538e-08, 1.4854209951e-07, 1.21128834962e-07, 3.01387323987e-08, 7.23446857975e-09, 2.85111689813e-09, 6.51573239807e-10, 3.14057044259e-11, 7.92800016174e-13], [5.11662157088e-10, 8.92377727268e-09, 2.14271924648e-08, 6.22023392793e-08, 1.01497455773e-07, 5.10086266559e-08, 4.20597956463e-08, 7.25019972947e-08, 1.17909678465e-07, 3.10322150199e-08, 4.84116569055e-08, 6.60357173388e-08, 3.14234398502e-08, 4.68278891219e-08, 5.52268879517e-08, 1.52006293774e-07, 9.20098059964e-08, 2.45641871288e-07, 3.44944993458e-07, 4.23216334866e-07, 3.94245972757e-07, 1.00139715187e-07, 2.20965805653e-08, 7.74484831823e-09, 1.88542159663e-09, 8.16582357288e-11, 1.71443913753e-12], [6.47128350906e-10, 1.27612507228e-08, 3.79498281688e-08, 1.01497455773e-07, 1.89411665019e-07, 8.48185379709e-08, 7.35642942118e-08, 1.14540796403e-07, 1.86591606166e-07, 5.28955723667e-08, 8.13436216163e-08, 1.11460970231e-07, 5.3929525734e-08, 7.74518937874e-08, 9.27971228748e-08, 2.47507074391e-07, 1.55831529014e-07, 4.09838150972e-07, 5.94813059251e-07, 7.06880541657e-07, 6.40737823687e-07, 1.68206938156e-07, 3.62530556686e-08, 1.26734569506e-08, 2.94944468848e-09, 1.24428259363e-10, 2.43134874213e-12], [6.78888167904e-10, 8.81764705696e-09, 1.79209997953e-08, 5.10086266559e-08, 8.48185379709e-08, 6.09369905646e-08, 4.65308644948e-08, 6.53357403735e-08, 1.16017204732e-07, 3.84955214372e-08, 4.1479768953e-08, 6.05350933824e-08, 3.55786688999e-08, 5.41041487168e-08, 6.72961348869e-08, 1.44261932178e-07, 1.1691166435e-07, 3.17674789585e-07, 3.53615803306e-07, 5.55000497116e-07, 4.53773111531e-07, 1.06629734375e-07, 2.56539891552e-08, 1.01833066424e-08, 2.28488783449e-09, 9.80746941992e-11, 2.26027811918e-12], [4.76624850698e-10, 6.28712726325e-09, 1.35806468293e-08, 4.20597956463e-08, 7.35642942118e-08, 4.65308644948e-08, 3.89225291997e-08, 5.73697107598e-08, 1.00806282433e-07, 3.28129985405e-08, 3.6747490384e-08, 5.31267296822e-08, 3.01625355803e-08, 4.57564937051e-08, 5.68744340512e-08, 1.23331247437e-07, 9.50809280198e-08, 2.67371575546e-07, 3.039093599e-07, 4.6168079848e-07, 3.8435098304e-07, 9.17880882412e-08, 2.17610569564e-08, 8.56920223669e-09, 1.90384685794e-09, 7.8214483501e-11, 1.7411604927e-12], [5.40186895215e-10, 8.49786641055e-09, 1.55386974399e-08, 7.25019972947e-08, 1.14540796403e-07, 6.53357403735e-08, 5.73697107598e-08, 1.07391983306e-07, 1.74377802864e-07, 4.42553442781e-08, 6.72777602517e-08, 9.27795156258e-08, 4.35500489004e-08, 6.7024394923e-08, 7.97815360443e-08, 2.13980470676e-07, 1.26652693666e-07, 3.65208279618e-07, 4.8382719342e-07, 6.28624377441e-07, 5.82563529861e-07, 1.43466252212e-07, 3.21640136747e-08, 1.16197256261e-08, 2.76045941661e-09, 1.10257053487e-10, 2.22622116054e-12], [1.24008370239e-09, 1.654840176e-08, 2.99406117676e-08, 1.17909678465e-07, 1.86591606166e-07, 1.16017204732e-07, 1.00806282433e-07, 1.74377802864e-07, 2.9858159678e-07, 8.65155342922e-08, 1.07559039009e-07, 1.52595831082e-07, 8.03082045309e-08, 1.24575862515e-07, 1.51874743892e-07, 3.56267378265e-07, 2.42931093908e-07, 7.08187144483e-07, 8.28012161946e-07, 1.21487641991e-06, 1.06610514194e-06, 2.54013372114e-07, 5.97213016817e-08, 2.30290275738e-08, 5.28292476432e-09, 2.12670991928e-10, 4.67972058674e-12], [5.60787916104e-10, 6.12259132282e-09, 1.19355050288e-08, 3.10322150199e-08, 5.28955723667e-08, 3.84955214372e-08, 3.28129985405e-08, 4.42553442781e-08, 8.65155342922e-08, 3.31725154012e-08, 2.67939128662e-08, 4.1185980848e-08, 2.79806471326e-08, 4.35272369259e-08, 5.55316965745e-08, 9.80759367053e-08, 9.1139256142e-08, 2.66992145725e-07, 2.49978256761e-07, 4.56213427924e-07, 3.60049284609e-07, 8.12717289023e-08, 2.07620072246e-08, 8.88837536905e-09, 1.91068583177e-09, 7.79776521131e-11, 1.92361274479e-12], [2.89910651041e-10, 5.31105426305e-09, 1.18854348585e-08, 4.84116569055e-08, 8.13436216163e-08, 4.1479768953e-08, 3.6747490384e-08, 6.72777602517e-08, 1.07559039009e-07, 2.67939128662e-08, 4.38361453803e-08, 5.98311018507e-08, 2.72585207739e-08, 4.09692937353e-08, 4.84951137025e-08, 1.35739796292e-07, 7.76494246679e-08, 2.1820464724e-07, 3.10063057896e-07, 3.76163768578e-07, 3.53593605951e-07, 8.96907579317e-08, 1.9546618546e-08, 6.83158551951e-09, 1.63011060206e-09, 6.53563730912e-11, 1.25022648484e-12], [4.94759788694e-10, 7.91455789795e-09, 1.71122440662e-08, 6.60357173388e-08, 1.11460970231e-07, 6.05350933824e-08, 5.31267296822e-08, 9.27795156258e-08, 1.52595831082e-07, 4.1185980848e-08, 5.98311018507e-08, 8.30216961845e-08, 4.03469861965e-08, 6.10431598602e-08, 7.33858058766e-08, 1.8959141812e-07, 1.18241963776e-07, 3.35095165838e-07, 4.40592430095e-07, 5.77374976274e-07, 5.23000096564e-07, 1.29819383687e-07, 2.91255020102e-08, 1.06362811891e-08, 2.47681719578e-09, 9.95303700568e-11, 2.01659587466e-12], [4.42889974694e-10, 5.33657384949e-09, 1.09750795119e-08, 3.14234398502e-08, 5.3929525734e-08, 3.55786688999e-08, 3.01625355803e-08, 4.35500489004e-08, 8.03082045309e-08, 2.79806471326e-08, 2.72585207739e-08, 4.03469861965e-08, 2.47176519252e-08, 3.79780615845e-08, 4.77179966651e-08, 9.46844807004e-08, 7.85532279224e-08, 2.26089781563e-07, 2.34963323464e-07, 3.88014086639e-07, 3.16619804153e-07, 7.36456939876e-08, 1.80912493875e-08, 7.41882022481e-09, 1.62590774178e-09, 6.65062102612e-11, 1.56259662328e-12], [7.1256794909e-10, 8.28130808372e-09, 1.57943311763e-08, 4.68278891219e-08, 7.74518937874e-08, 5.41041487168e-08, 4.57564937051e-08, 6.7024394923e-08, 1.24575862515e-07, 4.35272369259e-08, 4.09692937353e-08, 6.10431598602e-08, 3.79780615845e-08, 5.89483981628e-08, 7.41404022619e-08, 1.44629112242e-07, 1.21441630085e-07, 3.53117400209e-07, 3.56562253501e-07, 6.0529981738e-07, 4.92952551667e-07, 1.13256177769e-07, 2.81487455567e-08, 1.16541647444e-08, 2.55781884562e-09, 1.04484178254e-10, 2.49133656413e-12], [9.170957882e-10, 1.02424184689e-08, 1.94908196249e-08, 5.52268879517e-08, 9.27971228748e-08, 6.72961348869e-08, 5.68744340512e-08, 7.97815360443e-08, 1.51874743892e-07, 5.55316965745e-08, 4.84951137025e-08, 7.33858058766e-08, 4.77179966651e-08, 7.41404022619e-08, 9.40184676779e-08, 1.74462130076e-07, 1.54430253474e-07, 4.50518655271e-07, 4.37979650769e-07, 7.71915267705e-07, 6.17472949216e-07, 1.40452300457e-07, 3.5401665599e-08, 1.49124268489e-08, 3.234200463e-09, 1.31895230848e-10, 3.19211540881e-12], [1.3356404871e-09, 1.99165128834e-08, 3.98796160539e-08, 1.52006293774e-07, 2.47507074391e-07, 1.44261932178e-07, 1.23331247437e-07, 2.13980470676e-07, 3.56267378265e-07, 9.80759367053e-08, 1.35739796292e-07, 1.8959141812e-07, 9.46844807004e-08, 1.44629112242e-07, 1.74462130076e-07, 4.38566218008e-07, 2.82940192164e-07, 8.02755835139e-07, 1.01500154415e-06, 1.38441566833e-06, 1.23929760321e-06, 3.02640899008e-07, 6.90875765486e-08, 2.56695944501e-08, 5.97850213779e-09, 2.43244091536e-10, 5.12041320802e-12], [1.58044033416e-09, 1.78626482494e-08, 3.49401929611e-08, 9.20098059964e-08, 1.55831529014e-07, 1.1691166435e-07, 9.50809280198e-08, 1.26652693666e-07, 2.42931093908e-07, 9.1139256142e-08, 7.76494246679e-08, 1.18241963776e-07, 7.85532279224e-08, 1.21441630085e-07, 1.54430253474e-07, 2.82940192164e-07, 2.59015649817e-07, 7.41214478239e-07, 7.18166916158e-07, 1.27607870581e-06, 1.00732995634e-06, 2.28715606454e-07, 5.7826301969e-08, 2.44208830935e-08, 5.28727106541e-09, 2.19438245352e-10, 5.34583054906e-12], [4.47611991916e-09, 4.78466652964e-08, 8.69706937578e-08, 2.45641871288e-07, 4.09838150972e-07, 3.17674789585e-07, 2.67371575546e-07, 3.65208279618e-07, 7.08187144483e-07, 2.66992145725e-07, 2.1820464724e-07, 3.35095165838e-07, 2.26089781563e-07, 3.53117400209e-07, 4.50518655271e-07, 8.02755835139e-07, 7.41214478239e-07, 2.17480078391e-06, 2.03822992262e-06, 3.72511567548e-06, 2.93991593026e-06, 6.60547982534e-07, 1.6882982834e-07, 7.21452906305e-08, 1.55347272823e-08, 6.32457808347e-10, 1.55151915621e-11], [3.3256921661e-09, 4.65152929507e-08, 9.9485319538e-08, 3.44944993458e-07, 5.94813059251e-07, 3.53615803306e-07, 3.039093599e-07, 4.8382719342e-07, 8.28012161946e-07, 2.49978256761e-07, 3.10063057896e-07, 4.40592430095e-07, 2.34963323464e-07, 3.56562253501e-07, 4.37979650769e-07, 1.01500154415e-06, 7.18166916158e-07, 2.03822992262e-06, 2.44114744419e-06, 3.51299559043e-06, 3.02212583847e-06, 7.31712418656e-07, 1.69976630104e-07, 6.52041904914e-08, 1.47145273743e-08, 5.95669125136e-10, 1.27935231853e-11], [7.66426033749e-09, 8.21612999857e-08, 1.4854209951e-07, 4.23216334866e-07, 7.06880541657e-07, 5.55000497116e-07, 4.6168079848e-07, 6.28624377441e-07, 1.21487641991e-06, 4.56213427924e-07, 3.76163768578e-07, 5.77374976274e-07, 3.88014086639e-07, 6.0529981738e-07, 7.71915267705e-07, 1.38441566833e-06, 1.27607870581e-06, 3.72511567548e-06, 3.51299559043e-06, 6.3956986196e-06, 5.04409536006e-06, 1.13396413326e-06, 2.89294661115e-07, 1.23400482721e-07, 2.65898645324e-08, 1.08541120536e-09, 2.65497606539e-11], [5.74383030028e-09, 6.68390782721e-08, 1.21128834962e-07, 3.94245972757e-07, 6.40737823687e-07, 4.53773111531e-07, 3.8435098304e-07, 5.82563529861e-07, 1.06610514194e-06, 3.60049284609e-07, 3.53593605951e-07, 5.23000096564e-07, 3.16619804153e-07, 4.92952551667e-07, 6.17472949216e-07, 1.23929760321e-06, 1.00732995634e-06, 2.93991593026e-06, 3.02212583847e-06, 5.04409536006e-06, 4.15098338635e-06, 9.5560869795e-07, 2.35876953525e-07, 9.67857403111e-08, 2.13730313448e-08, 8.68332628023e-10, 2.04467519305e-11], [1.19302867585e-09, 1.51425361139e-08, 3.01387323987e-08, 1.00139715187e-07, 1.68206938156e-07, 1.06629734375e-07, 9.17880882412e-08, 1.43466252212e-07, 2.54013372114e-07, 8.12717289023e-08, 8.96907579317e-08, 1.29819383687e-07, 7.36456939876e-08, 1.13256177769e-07, 1.40452300457e-07, 3.02640899008e-07, 2.28715606454e-07, 6.60547982534e-07, 7.31712418656e-07, 1.13396413326e-06, 9.5560869795e-07, 2.25759947625e-07, 5.40853442033e-08, 2.15016342509e-08, 4.79803174969e-09, 1.94285837418e-10, 4.39281467104e-12], [3.37841948861e-10, 3.88870846635e-09, 7.23446857975e-09, 2.20965805653e-08, 3.62530556686e-08, 2.56539891552e-08, 2.17610569564e-08, 3.21640136747e-08, 5.97213016817e-08, 2.07620072246e-08, 1.9546618546e-08, 2.91255020102e-08, 1.80912493875e-08, 2.81487455567e-08, 3.5401665599e-08, 6.90875765486e-08, 5.7826301969e-08, 1.6882982834e-07, 1.69976630104e-07, 2.89294661115e-07, 2.35876953525e-07, 5.40853442033e-08, 1.34561544129e-08, 5.57430013259e-09, 1.22387533441e-09, 4.98380052505e-11, 1.18777242816e-12], [1.54632071037e-10, 1.61261037857e-09, 2.85111689813e-09, 7.74484831823e-09, 1.26734569506e-08, 1.01833066424e-08, 8.56920223669e-09, 1.16197256261e-08, 2.30290275738e-08, 8.88837536905e-09, 6.83158551951e-09, 1.06362811891e-08, 7.41882022481e-09, 1.16541647444e-08, 1.49124268489e-08, 2.56695944501e-08, 2.44208830935e-08, 7.21452906305e-08, 6.52041904914e-08, 1.23400482721e-07, 9.67857403111e-08, 2.15016342509e-08, 5.57430013259e-09, 2.4154023226e-09, 5.18696030571e-10, 2.1133043232e-11, 5.28192669724e-13], [3.39320099796e-11, 3.73442693435e-10, 6.51573239807e-10, 1.88542159663e-09, 2.94944468848e-09, 2.28488783449e-09, 1.90384685794e-09, 2.76045941661e-09, 5.28292476432e-09, 1.91068583177e-09, 1.63011060206e-09, 2.47681719578e-09, 1.62590774178e-09, 2.55781884562e-09, 3.234200463e-09, 5.97850213779e-09, 5.28727106541e-09, 1.55347272823e-08, 1.47145273743e-08, 2.65898645324e-08, 2.13730313448e-08, 4.79803174969e-09, 1.22387533441e-09, 5.18696030571e-10, 1.13552181547e-10, 4.66207931635e-12, 1.14977024754e-13], [1.52577505751e-12, 1.73440393991e-11, 3.14057044259e-11, 8.16582357288e-11, 1.24428259363e-10, 9.80746941992e-11, 7.8214483501e-11, 1.10257053487e-10, 2.12670991928e-10, 7.79776521131e-11, 6.53563730912e-11, 9.95303700568e-11, 6.65062102612e-11, 1.04484178254e-10, 1.31895230848e-10, 2.43244091536e-10, 2.19438245352e-10, 6.32457808347e-10, 5.95669125136e-10, 1.08541120536e-09, 8.68332628023e-10, 1.94285837418e-10, 4.98380052505e-11, 2.1133043232e-11, 4.66207931635e-12, 1.96424717854e-13, 4.92188695738e-15], [4.2657588887e-14, 4.55516050227e-13, 7.92800016174e-13, 1.71443913753e-12, 2.43134874213e-12, 2.26027811918e-12, 1.7411604927e-12, 2.22622116054e-12, 4.67972058674e-12, 1.92361274479e-12, 1.25022648484e-12, 2.01659587466e-12, 1.56259662328e-12, 2.49133656413e-12, 3.19211540881e-12, 5.12041320802e-12, 5.34583054906e-12, 1.55151915621e-11, 1.27935231853e-11, 2.65497606539e-11, 2.04467519305e-11, 4.39281467104e-12, 1.18777242816e-12, 5.28192669724e-13, 1.14977024754e-13, 4.92188695738e-15, 1.30698110204e-16]]
    },
    "mfcc": {
        "kurt": [5.4123506546, 0.477138757706, 0.446808099747, 0.5502140522, 2.67417430878, 1.60874557495, 1.4723482132, 2.28400707245, 3.72618103027, 1.14676237106, 1.41922998428, 5.48809242249, 2.04694986343],
        "max": [-482.01272583, 84.7743225098, 41.370639801, 77.299079895, 34.2730293274, 29.4936981201, 33.4698791504, 18.7714939117, 14.551738739, 12.2114963531, 10.954875946, 17.4520874023, 10.9648780823],
        "mean": [-1068.70861816, 13.3328924179, -10.0897731781, 14.7491321564, -1.98639321327, 3.11341571808, 3.94232058525, -0.0465689450502, 0.627545595169, -0.780768573284, -1.5341771841, -0.504233181477, -0.418967187405],
        "median": [-1135.64599609, 0.215709686279, -6.103515625e-05, 3.01393508911, -6.103515625e-05, 2.28881835938e-05, 0.00222396850586, -5.34057617188e-05, -4.57763671875e-05, -2.28881835938e-05, -2.67028808594e-05, -3.0517578125e-05, -3.81469726562e-05],
        "min": [-1138.42004395, -27.1401138306, -93.0896453857, -5.47047042847, -67.5941925049, -15.2327651978, -23.2231521606, -31.4721603394, -27.8461303711, -23.3174133301, -26.7247695923, -27.7105522156, -17.3430290222],
        "skew": [2.42496919632, 1.26376926899, -1.17309188843, 1.35757148266, -1.38037323952, 0.909472703934, 0.526172637939, -0.637097716331, -1.03822362423, -0.992602646351, -1.28126037121, -1.67314481735, -1.07573747635],
        "var": [19718.1542969, 590.180908203, 727.395080566, 444.982543945, 278.269256592, 53.5854568481, 82.637336731, 61.1209487915, 38.4371147156, 47.1622848511, 51.651309967, 33.7505874634, 20.4545516968],
        "cov": [[19850.4921875, 2504.75390625, -2791.60229492, 2443.6784668, -1372.86730957, -163.835006714, -409.927032471, -545.727722168, -435.706695557, -579.181213379, -682.757141113, -333.916534424, -344.133483887], [2504.75390625, 594.141845703, -253.631744385, 442.845001221, 6.89679908752, 24.6460876465, -24.8070430756, -33.8458633423, -18.1130828857, -86.3414382935, -118.621238708, -77.598236084, -69.4825973511], [-2791.60229492, -253.631744385, 732.276916504, -361.314422607, 357.701538086, 66.5643768311, 36.8766441345, 160.548675537, 109.37789917, 135.281433105, 131.390792847, 66.9879684448, 42.0931587219], [2443.6784668, 442.845001221, -361.314422607, 447.969024658, -108.310966492, 10.8300189972, -3.11542320251, -61.510761261, -40.2134590149, -87.5018310547, -105.189788818, -68.6318435669, -58.3374176025], [-1372.86730957, 6.89679908752, 357.701538086, -108.310966492, 280.136810303, 54.3846931458, 48.7478981018, 91.7655792236, 70.9179458618, 55.8304519653, 38.9429092407, 9.70680236816, 4.90891933441], [-163.835006714, 24.6460876465, 66.5643768311, 10.8300189972, 54.3846931458, 53.9450912476, 35.1752853394, 33.8015098572, 29.8112506866, 16.3186740875, 17.4817047119, 15.2615842819, 12.5639228821], [-409.927032471, -24.8070430756, 36.8766441345, -3.11542320251, 48.7478981018, 35.1752853394, 83.191947937, 30.5336513519, 29.4748916626, 24.2142791748, 16.472568512, 10.5164794922, 13.021818161], [-545.727722168, -33.8458633423, 160.548675537, -61.510761261, 91.7655792236, 33.8015098572, 30.5336513519, 61.5311584473, 37.2881393433, 39.908115387, 28.3448181152, 15.9836568832, 14.9627876282], [-435.706695557, -18.1130828857, 109.37789917, -40.2134590149, 70.9179458618, 29.8112506866, 29.4748916626, 37.2881393433, 38.6950836182, 28.8796958923, 25.9085159302, 15.4141378403, 11.1682424545], [-579.181213379, -86.3414382935, 135.281433105, -87.5018310547, 55.8304519653, 16.3186740875, 24.2142791748, 39.908115387, 28.8796958923, 47.4788093567, 39.4191246033, 24.0147953033, 18.9299602509], [-682.757141113, -118.621238708, 131.390792847, -105.189788818, 38.9429092407, 17.4817047119, 16.472568512, 28.3448181152, 25.9085159302, 39.4191246033, 51.9979629517, 31.0313777924, 23.0152988434], [-333.916534424, -77.598236084, 66.9879684448, -68.6318435669, 9.70680236816, 15.2615842819, 10.5164794922, 15.9836568832, 15.4141378403, 24.0147953033, 31.0313777924, 33.9771003723, 19.164680481], [-344.133483887, -69.4825973511, 42.0931587219, -58.3374176025, 4.90891933441, 12.5639228821, 13.021818161, 14.9627876282, 11.1682424545, 18.9299602509, 23.0152988434, 19.164680481, 20.5918292999]]
    },
    "sccoeffs": {
        "kurt": [2.17432069778, 3.17106485367, 2.30905866623, 3.68566513062, 4.34677696228, 0.344326734543],
        "max": [-0.518520712852, -0.720371901989, -0.791275799274, -0.744560837746, -0.710317850113, -0.643278837204],
        "mean": [-0.804928719997, -0.891883015633, -0.900085866451, -0.895775556564, -0.890097022057, -0.804667413235],
        "median": [-0.820498347282, -0.903455376625, -0.908125162125, -0.906319499016, -0.905344963074, -0.832166790962],
        "min": [-0.923234939575, -0.955605328083, -0.943385481834, -0.940460562706, -0.928928852081, -0.862513899803],
        "skew": [1.30647015572, 1.72083258629, 1.49046874046, 1.6851143837, 1.94113981724, 1.32242190838],
        "var": [0.00541426474229, 0.00182669516653, 0.000880739768036, 0.00105868093669, 0.00131791317835, 0.0030070526991],
        "cov": [[0.00545060215518, 0.00200903648511, 0.00122707465198, 0.00135012401734, 0.00156629784033, 0.00250135967508], [0.00200903648511, 0.00183895486407, 0.000802564667538, 0.00102260673884, 0.00109015207272, 0.00182001199573], [0.00122707465198, 0.000802564667538, 0.000886650814209, 0.000731770356651, 0.000832634861581, 0.00123566330876], [0.00135012401734, 0.00102260673884, 0.000731770356651, 0.00106578611303, 0.000989124644548, 0.00154233723879], [0.00156629784033, 0.00109015207272, 0.000832634861581, 0.000989124644548, 0.00132675818168, 0.0016723126173], [0.00250135967508, 0.00182001199573, 0.00123566330876, 0.00154233723879, 0.0016723126173, 0.00302723422647]]
    },
    "scvalleys": {
        "kurt": [2.06944561005, 3.54335355759, 1.94594621658, 1.15051937103, 1.06156682968, 2.40330457687],
        "max": [-4.90475273132, -4.53944635391, -4.52759933472, -5.01402664185, -4.70814323425, -6.79153442383],
        "mean": [-11.544254303, -11.3391056061, -11.517660141, -11.8898944855, -11.5143127441, -14.1610240936],
        "median": [-12.1246318817, -12.0751409531, -12.4475870132, -13.0230865479, -12.6788396835, -15.240240097],
        "min": [-13.5853948593, -12.8866243362, -13.3734273911, -14.0338792801, -13.6022100449, -15.9385700226],
        "skew": [1.56715834141, 2.04384756088, 1.67138183117, 1.5102211237, 1.48619794846, 1.79709208012],
        "var": [3.29592561722, 3.35613656044, 3.90928554535, 4.61431503296, 4.77472019196, 4.09064292908],
        "cov": [[3.31804609299, 2.81854081154, 2.89243364334, 3.15086245537, 3.16531991959, 2.77285027504], [2.81854081154, 3.3786611557, 3.53337931633, 3.80358195305, 3.86215567589, 3.5580945015], [2.89243364334, 3.53337931633, 3.93552231789, 4.20423078537, 4.2614812851, 3.88579797745], [3.15086245537, 3.80358195305, 4.20423078537, 4.64528369904, 4.68584156036, 4.24101352692], [3.16531991959, 3.86215567589, 4.2614812851, 4.68584156036, 4.8067650795, 4.35635519028], [2.77285027504, 3.5580945015, 3.88579797745, 4.24101352692, 4.35635519028, 4.11809682846]]
    }
},
"rhythm": {
    "beats_loudness": {
        "kurt": 0.250000476837,
        "max": 0.0197931285948,
        "mean": 0.0039596860297,
        "median": 1.17461399896e-06,
        "min": 1.39594877879e-08,
        "skew": 1.5,
        "var": 6.26744804322e-05
    },
    "bpm": 102.683830261,
    "confidence": 0,
    "first_peak_bpm": {
        "kurt": 0,
        "max": 103,
        "mean": 103,
        "median": 103,
        "min": 103,
        "skew": 0,
        "var": 0
    },
    "first_peak_spread": {
        "kurt": 0,
        "max": 0.333333313465,
        "mean": 0.333333313465,
        "median": 0.333333313465,
        "min": 0.333333313465,
        "skew": 0,
        "var": 0
    },
    "first_peak_weight": {
        "kurt": 0,
        "max": 0.5,
        "mean": 0.5,
        "median": 0.5,
        "min": 0.5,
        "skew": 0,
        "var": 0
    },
    "onset_rate": 0.579036474228,
    "second_peak_bpm": {
        "kurt": 0,
        "max": 110,
        "mean": 110,
        "median": 110,
        "min": 110,
        "skew": 0,
        "var": 0
    },
    "second_peak_spread": {
        "kurt": 0,
        "max": 0,
        "mean": 0,
        "median": 0,
        "min": 0,
        "skew": 0,
        "var": 0
    },
    "second_peak_weight": {
        "kurt": 0,
        "max": 0.25,
        "mean": 0.25,
        "median": 0.25,
        "min": 0.25,
        "skew": 0,
        "var": 0
    },
    "beats_loudness_band_ratio": {
        "kurt": [-0.758344888687, -1.5868884325, -1.61321294308, -0.692692279816, -1.09628641605, -1.62853038311],
        "max": [0.513394713402, 0.104133889079, 0.108813978732, 0.0852243974805, 0.284030497074, 0.811384260654],
        "mean": [0.168068930507, 0.0555550344288, 0.0592910647392, 0.0659039616585, 0.164785012603, 0.503929436207],
        "median": [0.0443278588355, 0.0677230656147, 0.0574268400669, 0.0724327042699, 0.117403253913, 0.509485125542],
        "min": [0.0010220031254, 0.000741213618312, 0.00815511029214, 0.0363013893366, 0.0988040268421, 0.175084799528],
        "skew": [0.909235656261, -0.221554711461, 0.00367390643805, -0.75222837925, 0.725120127201, -0.0507075898349],
        "var": [0.0372936762869, 0.00157156097703, 0.00152732757851, 0.00028202435351, 0.0049610780552, 0.0621723532677],
        "cov": [[0.0466170944273, 0.00679558562115, 0.00754266371951, -0.00328818918206, -0.00277588353492, -0.0538392774761], [0.00679558562115, 0.00196445127949, 0.00190416653641, -0.000475019798614, 0.00176166661549, -0.0117116058245], [0.00754266371951, 0.00190416653641, 0.00190915947314, -0.000477770285215, 0.00118386757094, -0.0118417013437], [-0.00328818918206, -0.000475019798614, -0.000477770285215, 0.000352530449163, -0.000176811605343, 0.00393686676398], [-0.00277588353492, 0.00176166661549, 0.00118386757094, -0.000176811605343, 0.00620134733617, -0.00588967232034], [-0.0538392774761, -0.0117116058245, -0.0118417013437, 0.00393686676398, -0.00588967232034, 0.0777154415846]]
    },
    "beats_position": [0.557278871536, 1.10294783115, 1.68344664574, 2.26394557953, 2.85605430603],
    "bpm_estimates": [103.359382629, 103.359359741, 101.332740784],
    "bpm_intervals": [0.545668959618, 0.580498814583, 0.580498933792, 0.592108726501],
    "onset_times": [0.731428563595, 2.83283448219],
    "histogram": [[0, 0, 0, 0, 0, 0, 0, 0, 0, 0, 0, 0, 0, 0, 0, 0, 0, 0, 0, 0, 0, 0, 0, 0, 0, 0, 0, 0, 0, 0, 0, 0, 0, 0, 0, 0, 0, 0, 0, 0, 0, 0, 0, 0, 0, 0, 0, 0, 0, 0, 0, 0, 0, 0, 0, 0, 0, 0, 0, 0, 0, 0, 0, 0, 0, 0, 0, 0, 0, 0, 0, 0, 0, 0, 0, 0, 0, 0, 0, 0, 0, 0, 0, 0, 0, 0, 0, 0, 0, 0, 0, 0, 0, 0, 0, 0, 0, 0, 0, 0, 0, 0.25, 0, 0.5, 0, 0, 0, 0, 0, 0, 0.25, 0, 0, 0, 0, 0, 0, 0, 0, 0, 0, 0, 0, 0, 0, 0, 0, 0, 0, 0, 0, 0, 0, 0, 0, 0, 0, 0, 0, 0, 0, 0, 0, 0, 0, 0, 0, 0, 0, 0, 0, 0, 0, 0, 0, 0, 0, 0, 0, 0, 0, 0, 0, 0, 0, 0, 0, 0, 0, 0, 0, 0, 0, 0, 0, 0, 0, 0, 0, 0, 0, 0, 0, 0, 0, 0, 0, 0, 0, 0, 0, 0, 0, 0, 0, 0, 0, 0, 0, 0, 0, 0, 0, 0, 0, 0, 0, 0, 0, 0, 0, 0, 0, 0, 0, 0, 0, 0, 0, 0, 0, 0, 0, 0, 0, 0, 0, 0, 0, 0, 0, 0, 0, 0, 0, 0, 0, 0, 0, 0, 0, 0, 0, 0, 0, 0, 0, 0, 0, 0]]
},
"sfx": {
    "inharmonicity": {
        "kurt": 6.41878414154,
        "max": 0.302241593599,
        "mean": 0.0244411695749,
        "median": 0,
        "min": 0,
        "skew": 2.77067089081,
        "var": 0.00437915371731
    },
    "oddtoevenharmonicenergyratio": {
        "kurt": 11.6284151077,
        "max": 2.86905097961,
        "mean": 0.174187287688,
        "median": 0,
        "min": 0,
        "skew": 3.40661168098,
        "var": 0.251682162285
    },
    "pitch_after_max_to_before_max_energy_ratio": 7.59338283539,
    "pitch_centroid": 74.5544509888,
    "pitch_max_to_total": 0.166666671634,
    "pitch_min_to_total": 0.706666648388,
    "tristimulus": {
        "kurt": [1.75582122803, 10.9349927902, 3.56170511246],
        "max": [1, 0.889844954014, 0.901416182518],
        "mean": [0.849645912647, 0.056535333395, 0.0938187390566],
        "median": [1, 0, 0],
        "min": [0, 0, 0],
        "skew": [-1.85735070705, 3.0246784687, 2.22970461845],
        "var": [0.096449829638, 0.017990604043, 0.0458031892776],
        "cov": [[0.0970971435308, -0.0345490537584, -0.0625481754541], [-0.0345490537584, 0.0181113462895, 0.016437754035], [-0.0625481754541, 0.016437754035, 0.0461105965078]]
    }
},
"tonal": {
    "chords_changes_rate": 0.289473682642,
    "chords_number_rate": 0.105263158679,
    "chords_strength": {
        "kurt": 0.911906957626,
        "max": 0.424428224564,
        "mean": 0.2958150208,
        "median": 0.286897659302,
        "min": 0.212819248438,
        "skew": 0.90402328968,
        "var": 0.0018813945353
    },
    "key_strength": 0.236783385277,
    "tuning_diatonic_strength": 0.259590387344,
    "tuning_equal_tempered_deviation": 0.221839785576,
    "tuning_frequency": 432.690917969,
    "tuning_nontempered_energy_ratio": 0.902344584465,
    "hpcp": {
        "kurt": [0.639811515808, 0.582371711731, 0.295456409454, -0.125239372253, 0.189538478851, 0.0773451328278, -0.44255065918, -0.0147941112518, -0.851088285446, -0.903375387192, -1.03930747509, -1.30954730511, -1.00638818741, -1.16672062874, -0.327576875687, 0.546232700348, 0.613914489746, 0.0855793952942, 0.72883439064, 0.629301071167, 3.94199895859, 4.25692987442, 2.94367456436, 3.37236642838, 2.85449695587, 2.35417890549, 3.80613470078, 2.45201635361, 1.80178022385, 1.3500161171, 0.594146966934, 0.509525537491, 1.10237455368, 2.29481744766, 0.0324172973633, 0.0273025035858],
        "max": [1, 1, 1, 1, 1, 1, 1, 1, 0.845115661621, 1, 1, 1, 1, 1, 1, 1, 1, 0.925110399723, 1, 1, 1, 1, 0.813808083534, 0.873189389706, 1, 1, 1, 1, 1, 1, 1, 1, 1, 1, 0.893319010735, 1],
        "mean": [0.237674281001, 0.235892102122, 0.276099205017, 0.290520697832, 0.305813014507, 0.316516786814, 0.288471728563, 0.26891091466, 0.272855520248, 0.319928973913, 0.351330339909, 0.339595228434, 0.340607255697, 0.323471307755, 0.28558781743, 0.257340043783, 0.241610303521, 0.229372322559, 0.225155636668, 0.197497084737, 0.184055685997, 0.179450705647, 0.155497357249, 0.165894150734, 0.206599518657, 0.199627056718, 0.171506091952, 0.174497619271, 0.195209443569, 0.224170506001, 0.258404016495, 0.272034436464, 0.237231135368, 0.202525496483, 0.227770403028, 0.26423317194],
        "median": [0.158505603671, 0.165716856718, 0.206151723862, 0.215710192919, 0.250286996365, 0.270470023155, 0.259867787361, 0.186624735594, 0.229833140969, 0.266172170639, 0.245065450668, 0.222708284855, 0.245640844107, 0.249747574329, 0.255381941795, 0.216244935989, 0.153030395508, 0.131800800562, 0.11161313951, 0.126915588975, 0.138579159975, 0.100359857082, 0.0937812328339, 0.106710657477, 0.122881770134, 0.109533578157, 0.0971473753452, 0.101336404681, 0.0977362245321, 0.121466383338, 0.171720951796, 0.203354656696, 0.189745903015, 0.122892022133, 0.166748851538, 0.186533853412],
        "min": [0, 0, 0, 0, 0, 0, 0, 0, 0, 0, 0, 0, 0, 0, 0, 0, 0, 0, 0, 0, 0, 0, 0, 0, 0, 0, 0, 0, 0, 0, 0, 0, 0, 0, 0, 0],
