{
"metadata": {
    "version": {
        "essentia": "2.1-beta3"
    }
},
"lowLevel": {
    "average_loudness": 0.99068403244,
    "barkbands_kurtosis": {
        "kurt": -0.0970237255096,
        "max": 0.713603496552,
        "mean": -0.803678691387,
        "median": -0.762046575546,
        "min": -1.82378149033,
        "skew": -0.00762115325779,
        "var": 0.323670327663
    },
    "barkbands_skewness": {
        "kurt": -0.71417427063,
        "max": 0.532144188881,
        "mean": -0.384009033442,
        "median": -0.435071438551,
        "min": -1.20023739338,
        "skew": 0.276979506016,
        "var": 0.182066366076
    },
    "barkbands_spread": {
        "kurt": -0.033579826355,
        "max": 86.8329620361,
        "mean": 36.3126907349,
        "median": 25.1134757996,
        "min": 17.3487415314,
        "skew": 1.21435809135,
        "var": 467.8621521
    },
    "dissonance": {
        "kurt": 14.8669452667,
        "max": 0.499711751938,
        "mean": 0.489348560572,
        "median": 0.493209332228,
        "min": 0.411955654621,
        "skew": -3.60770773888,
        "var": 0.000205694013857
    },
    "hfc": {
        "kurt": 4.46587085724,
        "max": 448.500854492,
        "mean": 47.8979873657,
        "median": 0.112142786384,
        "min": 6.40220878267e-06,
        "skew": 2.41349840164,
        "var": 13164.8388672
    },
    "pitch": {
        "kurt": -1.17858362198,
        "max": 4209.1875,
        "mean": 1742.96850586,
        "median": 1098.32055664,
        "min": 132.191421509,
        "skew": 0.75110578537,
        "var": 1922489.375
    },
    "pitch_instantaneous_confidence": {
        "kurt": 0.216336727142,
        "max": 0.429308474064,
        "mean": 0.24729090929,
        "median": 0.236928284168,
        "min": 0.147140324116,
        "skew": 0.746194183826,
        "var": 0.00410736817867
    },
    "pitch_salience": {
        "kurt": 4.48960065842,
        "max": 0.835917532444,
        "mean": 0.752301871777,
        "median": 0.774834275246,
        "min": 0.472174853086,
        "skew": -2.0404920578,
        "var": 0.00491874059662
    },
    "silence_rate_20dB": {
        "kurt": 0,
        "max": 1,
        "mean": 1,
        "median": 1,
        "min": 1,
        "skew": 0,
        "var": 0
    },
    "silence_rate_30dB": {
        "kurt": 5.11107444763,
        "max": 1,
        "mean": 0.899999976158,
        "median": 1,
        "min": 0,
        "skew": -2.66666150093,
        "var": 0.0900001451373
    },
    "silence_rate_60dB": {
        "kurt": -0.66666674614,
        "max": 1,
        "mean": 0.75,
        "median": 1,
        "min": 0,
        "skew": -1.15470063686,
        "var": 0.1875
    },
    "spectral_centroid": {
        "kurt": 0.870414733887,
        "max": 3914.7434082,
        "mean": 2392.72680664,
        "median": 2356.95214844,
        "min": 1336.26000977,
        "skew": 0.687080800533,
        "var": 270606.96875
    },
    "spectral_complexity": {
        "kurt": 0.408903598785,
        "max": 65,
        "mean": 12.0166664124,
        "median": 0,
        "min": 0,
        "skew": 1.48211872578,
        "var": 482.183105469
    },
    "spectral_crest": {
        "kurt": 3.07164049149,
        "max": 11.6138772964,
        "mean": 5.03094959259,
        "median": 4.5875711441,
        "min": 2.69972229004,
        "skew": 1.71676743031,
        "var": 3.39926075935
    },
    "spectral_decrease": {
        "kurt": 4.94831418991,
        "max": -5.76163933881e-16,
        "mean": -3.94249477509e-09,
        "median": -1.41831320993e-11,
        "min": -4.0690164127e-08,
        "skew": -2.47960877419,
        "var": 9.02789751275e-17
    },
    "spectral_energy": {
        "kurt": 4.53198480606,
        "max": 0.192552760243,
        "mean": 0.0192243549973,
        "median": 6.37020857539e-05,
        "min": 2.7552757853e-09,
        "skew": 2.41350126266,
        "var": 0.00211052643135
    },
    "spectral_energyband_high": {
        "kurt": 4.86566448212,
        "max": 0.037896476686,
        "mean": 0.00372695806436,
        "median": 4.85196414957e-06,
        "min": 4.94187801792e-10,
        "skew": 2.48765540123,
        "var": 8.30574936117e-05
    },
    "spectral_energyband_low": {
        "kurt": 38.6051521301,
        "max": 0.00297457864508,
        "mean": 0.000102920552308,
        "median": 2.74879562312e-06,
        "min": 1.24870780382e-10,
        "skew": 6.04932403564,
        "var": 1.65864577184e-07
    },
    "spectral_energyband_middle_high": {
        "kurt": 6.05220508575,
        "max": 0.141108497977,
        "mean": 0.0124566126615,
        "median": 4.65490775241e-05,
        "min": 1.63555069488e-09,
        "skew": 2.61175942421,
        "var": 0.000912948860787
    },
    "spectral_energyband_middle_low": {
        "kurt": 20.3186473846,
        "max": 0.0615214817226,
        "mean": 0.00333651551045,
        "median": 1.18786892926e-05,
        "min": 5.15258946621e-10,
        "skew": 4.20219326019,
        "var": 9.28513763938e-05
    },
    "spectral_flatness_db": {
        "kurt": 0.704907894135,
        "max": 0.151262909174,
        "mean": 0.112974815071,
        "median": 0.117138050497,
        "min": 0.037018943578,
        "skew": -0.915782928467,
        "var": 0.000501940783579
    },
    "spectral_flux": {
        "kurt": 2.83729457855,
        "max": 0.373232781887,
        "mean": 0.0495081394911,
        "median": 0.00526527035981,
        "min": 0.000318334758049,
        "skew": 2.00614309311,
        "var": 0.00815023388714
    },
    "spectral_kurtosis": {
        "kurt": 4.94399642944,
        "max": 9.73559761047,
        "mean": 2.16274857521,
        "median": 2.37920713425,
        "min": -0.372306346893,
        "skew": 1.07756376266,
        "var": 2.81167078018
    },
    "spectral_rms": {
        "kurt": 2.21552419662,
        "max": 0.0137060694396,
        "mean": 0.00207832688466,
        "median": 0.000249259406701,
        "min": 1.63953461652e-06,
        "skew": 1.93187725544,
        "var": 1.44360292325e-05
    },
    "spectral_rolloff": {
        "kurt": -0.446900844574,
        "max": 7235.15625,
        "mean": 4546.37695312,
        "median": 4317.40722656,
        "min": 2777.78320312,
        "skew": 0.787191390991,
        "var": 1365448.5
    },
    "spectral_skewness": {
        "kurt": 0.722016334534,
        "max": 2.35300898552,
        "mean": 0.990277528763,
        "median": 1.08430039883,
        "min": 0.300811707973,
        "skew": 0.133013188839,
        "var": 0.168180495501
    },
    "spectral_spread": {
        "kurt": 5.80347251892,
        "max": 16801764,
        "mean": 5472181,
        "median": 4562105,
        "min": 3078514.75,
        "skew": 2.04142570496,
        "var": 5.85233124557e+12
    },
    "spectral_strongpeak": {
        "kurt": 15.6282062531,
        "max": 8.53681087494,
        "mean": 0.585093677044,
        "median": 0.061396881938,
        "min": 0.000167263409821,
        "skew": 3.96164560318,
        "var": 2.64115810394
    },
    "zerocrossingrate": {
        "kurt": -0.0197384357452,
        "max": 0.1953125,
        "mean": 0.133048504591,
        "median": 0.1298828125,
        "min": 0.05859375,
        "skew": 0.146142601967,
        "var": 0.000761814939324
    },
    "barkbands": {
        "kurt": [19.3403644562, 31.5239219666, 31.4361991882, 45.6480789185, 49.1026687622, 45.3254737854, 23.3512172699, 7.4346036911, 5.71419906616, 20.0495910645, 11.2216567993, 6.22974967957, 19.9460964203, 5.51670742035, 10.9337949753, 5.55320644379, 4.89371728897, 4.99075555801, 7.99562358856, 7.21998596191, 4.24414491653, 7.6267080307, 6.02607154846, 5.8191318512, 6.02624893188, 6.39241027832, 8.47194004059],
        "max": [6.22931565886e-06, 0.000224079660256, 0.00102861202322, 0.0045585394837, 0.0263193566352, 0.0179612152278, 0.00702675106004, 0.00643221382052, 0.00701313093305, 0.0354843214154, 0.0109101952985, 0.00937376264483, 0.0158568285406, 0.00530874729156, 0.007167854812, 0.00897802878171, 0.0124459844083, 0.0144290262833, 0.0284850802273, 0.0297579672188, 0.016149206087, 0.00746636698022, 0.000965884653851, 0.00041608887841, 0.000108001775516, 7.29896464691e-06, 1.41551979027e-07],
        "mean": [4.03502696145e-07, 9.18014484341e-06, 3.83162478101e-05, 0.000134117872221, 0.000725449761376, 0.000546269642655, 0.000355877127731, 0.000531398749445, 0.000650599016808, 0.00171738385689, 0.000797143497039, 0.000837833678816, 0.000830470700748, 0.000501825066749, 0.000505117350258, 0.000867689377628, 0.00126733153593, 0.00137644412462, 0.0024552536197, 0.00260719400831, 0.00168830738403, 0.000643460487481, 8.78341015778e-05, 3.91616085835e-05, 9.6249532362e-06, 6.86972896347e-07, 1.04480646357e-08],
        "median": [5.61032607038e-08, 9.19909552977e-07, 3.8067287278e-07, 6.22991649379e-07, 8.98189227883e-07, 4.54442613318e-07, 8.99285282685e-07, 1.44946648106e-06, 5.22184109286e-06, 6.5272242864e-06, 7.59150771046e-06, 6.14177406533e-06, 3.45623766407e-06, 1.1997611864e-06, 2.57823967331e-06, 3.92427455154e-06, 4.69224960398e-06, 3.70604493583e-06, 4.42097007181e-06, 3.59255545845e-06, 2.40953249886e-06, 4.80917776713e-07, 1.24314965433e-07, 4.03163973317e-08, 3.04756397895e-09, 2.71431349619e-10, 2.20003572651e-12],
        "min": [4.18076406827e-11, 8.14327216769e-11, 1.36247749194e-11, 2.18571619137e-11, 5.94060078907e-11, 8.53904360415e-12, 1.35781299399e-11, 1.00209465725e-10, 2.51328541312e-10, 9.31362209577e-11, 3.08347292144e-10, 1.13655501677e-10, 7.31976007584e-11, 4.56008182603e-11, 2.49972143679e-11, 1.37658773269e-10, 1.36786054705e-10, 2.94083785102e-10, 3.72571806739e-10, 2.1653340232e-10, 2.78791517649e-10, 4.79005932141e-11, 1.41504811341e-11, 4.38425207597e-12, 1.26267800469e-12, 2.73019427162e-13, 3.72230288855e-14],
        "skew": [4.36507749557, 5.49165153503, 5.45033025742, 6.66925764084, 6.9821639061, 6.62890481949, 4.52406406403, 2.77057647705, 2.63108539581, 4.4072675705, 3.33659124374, 2.62071156502, 4.31839418411, 2.61106538773, 3.19930648804, 2.55960917473, 2.4637336731, 2.48826336861, 2.95640277863, 2.83761548996, 2.37633228302, 2.89179468155, 2.64668083191, 2.67690491676, 2.6932258606, 2.74721717834, 3.0380756855],
        "var": [1.13493687105e-12, 1.04278063962e-09, 2.20084874769e-08, 3.62645920404e-07, 1.17180570669e-05, 5.63642242923e-06, 1.13980627248e-06, 1.68041856341e-06, 2.6381733278e-06, 3.32901581714e-05, 4.2986034714e-06, 3.87397130908e-06, 6.58953149468e-06, 1.59911701303e-06, 1.69572388131e-06, 4.17442015532e-06, 8.94220465852e-06, 1.09287730083e-05, 4.0361595893e-05, 4.57684254798e-05, 1.62956730492e-05, 2.75793854598e-06, 4.79955168942e-08, 1.02039612315e-08, 6.2583943583e-10, 3.24920060475e-12, 8.67176078954e-16],
        "cov": [[1.15417300283e-12, 2.39900235094e-11, 1.23478574587e-10, 4.78729000886e-10, 2.53600318523e-09, 1.78075099111e-09, 9.63443658186e-10, 7.28378579673e-10, 1.00214103682e-09, 5.16181497545e-09, 1.96168903344e-09, 1.51155166161e-09, 1.91300775221e-09, 9.17517117838e-10, 8.83788209283e-10, 1.29019783746e-09, 1.76838999e-09, 1.80338732836e-09, 4.00175581561e-09, 3.25742632867e-09, 2.12438422409e-09, 6.61506127653e-10, 1.08149489364e-10, 5.91113130666e-11, 1.47673383938e-11, 1.00621117341e-12, 2.13350184416e-14], [2.39900235094e-11, 1.06045494608e-09, 4.42972147852e-09, 1.73424599126e-08, 1.0493723579e-07, 7.17151351637e-08, 1.80638970448e-08, 3.14345278696e-08, 2.73331934864e-08, 1.27436834418e-07, 5.21773451112e-08, 3.46180186739e-08, 4.13268210764e-08, 3.05376737231e-08, 2.41561384229e-08, 3.07048679815e-08, 4.80273101289e-08, 4.1570807241e-08, 7.07930780663e-08, 9.12285358368e-08, 4.3980691089e-08, 2.26753851251e-08, 3.10458814212e-09, 1.30541044641e-09, 4.41932740403e-10, 2.8392239948e-11, 4.48585423364e-13], [1.23478574587e-10, 4.42972147852e-09, 2.2381511755e-08, 8.39287039867e-08, 4.73877321383e-07, 3.32469795694e-07, 9.30370518404e-08, 1.28475733163e-07, 1.51304519136e-07, 5.51413734229e-07, 2.65409568101e-07, 1.71951867856e-07, 1.64376828593e-07, 1.40989868669e-07, 1.24294203374e-07, 1.27551331275e-07, 2.49342434699e-07, 2.1675133155e-07, 4.76333354982e-07, 3.8808127556e-07, 2.56242088881e-07, 1.02453228124e-07, 1.46589549388e-08, 6.39982777884e-09, 2.06482675402e-09, 1.38441841324e-10, 2.30780845822e-12], [4.78729000886e-10, 1.73424599126e-08, 8.39287039867e-08, 3.68792456129e-07, 2.05829496736e-06, 1.41378984608e-06, 2.87677124788e-07, 4.42092613184e-07, 4.41951925723e-07, 1.85762655747e-06, 1.01568389255e-06, 6.4385199039e-07, 5.71772829971e-07, 4.68844632451e-07, 4.49585826345e-07, 4.65366355229e-07, 6.94450761785e-07, 6.8845952228e-07, 1.29398097215e-06, 1.10669554942e-06, 8.90310161594e-07, 2.5238989565e-07, 4.20876133944e-08, 1.907252134e-08, 6.02937033634e-09, 3.73636205309e-10, 7.09369325433e-12], [2.53600318523e-09, 1.0493723579e-07, 4.73877321383e-07, 2.05829496736e-06, 1.19166679724e-05, 8.12849975773e-06, 1.48898425323e-06, 2.74500803243e-06, 2.41739621742e-06, 1.06555098682e-05, 5.49673313799e-06, 3.30841066898e-06, 3.15671900353e-06, 2.69922725238e-06, 2.4472358291e-06, 2.53611460721e-06, 3.7460367821e-06, 3.47912509824e-06, 5.91437310504e-06, 6.25753455097e-06, 4.2008005039e-06, 1.4840267113e-06, 2.35617136468e-07, 9.63152189115e-08, 3.36337713236e-08, 2.07033989952e-09, 3.60559013202e-11], [1.78075099111e-09, 7.17151351637e-08, 3.32469795694e-07, 1.41378984608e-06, 8.12849975773e-06, 5.73195484321e-06, 1.10325743208e-06, 1.91508661374e-06, 1.97536041924e-06, 7.30055671738e-06, 4.03879857913e-06, 2.50870562013e-06, 2.1524604108e-06, 2.02904470825e-06, 2.02895284929e-06, 1.97252779799e-06, 3.05976345771e-06, 3.12982683681e-06, 5.54128700969e-06, 5.68720088268e-06, 3.55206361746e-06, 1.40815325267e-06, 2.10092366615e-07, 8.46917842523e-08, 2.79758598509e-08, 1.82288451001e-09, 3.05901311226e-11], [9.63443658186e-10, 1.80638970448e-08, 9.30370518404e-08, 2.87677124788e-07, 1.48898425323e-06, 1.10325743208e-06, 1.15912507681e-06, 9.55645873546e-07, 1.34237768634e-06, 5.93091726842e-06, 1.90018988633e-06, 1.86076874797e-06, 2.54831593338e-06, 1.12476232061e-06, 1.02049386896e-06, 1.8537645019e-06, 2.65224412033e-06, 2.73747605206e-06, 5.68368295717e-06, 5.53841209694e-06, 3.21877109855e-06, 1.22854464735e-06, 1.75428397142e-07, 9.12646598294e-08, 2.1922801352e-08, 1.55478396824e-09, 2.87667528687e-11], [7.28378579673e-10, 3.14345278696e-08, 1.28475733163e-07, 4.42092613184e-07, 2.74500803243e-06, 1.91508661374e-06, 9.55645873546e-07, 1.7089001858e-06, 1.67196105849e-06, 5.64337415199e-06, 2.06294566851e-06, 2.03950162359e-06, 2.48318269769e-06, 1.5095257595e-06, 1.25056828892e-06, 2.19289813685e-06, 3.34673745783e-06, 3.32467880071e-06, 5.61319666303e-06, 6.99200791132e-06, 3.96510631617e-06, 1.75706520622e-06, 2.34331935189e-07, 1.00632959743e-07, 2.73291504982e-08, 1.91716109654e-09, 2.75731156657e-11], [1.00214103682e-09, 2.73331934864e-08, 1.51304519136e-07, 4.41951925723e-07, 2.41739621742e-06, 1.97536041924e-06, 1.34237768634e-06, 1.67196105849e-06, 2.68288795269e-06, 6.50074616715e-06, 2.82882479041e-06, 2.6562097446e-06, 2.76053106063e-06, 1.82932126336e-06, 1.91176422959e-06, 2.58300087808e-06, 4.47719685326e-06, 4.58426893601e-06, 9.73513670033e-06, 9.57483644015e-06, 5.68911809751e-06, 2.38450047618e-06, 3.20446929436e-07, 1.42007280601e-07, 3.65151677784e-08, 2.68903144196e-09, 4.18263305935e-11], [5.16181497545e-09, 1.27436834418e-07, 5.51413734229e-07, 1.85762655747e-06, 1.06555098682e-05, 7.30055671738e-06, 5.93091726842e-06, 5.64337415199e-06, 6.50074616715e-06, 3.38543977705e-05, 9.99211533781e-06, 9.43937811826e-06, 1.41704658745e-05, 6.17084288024e-06, 4.99599991599e-06, 9.45787905948e-06, 1.31094193421e-05, 1.27627790789e-05, 2.50949105975e-05, 2.80394324363e-05, 1.46894362842e-05, 6.04233855483e-06, 8.69606481047e-07, 4.485179943e-07, 1.124043294e-07, 7.70778907366e-09, 1.42899359012e-10], [1.96168903344e-09, 5.21773451112e-08, 2.65409568101e-07, 1.01568389255e-06, 5.49673313799e-06, 4.03879857913e-06, 1.90018988633e-06, 2.06294566851e-06, 2.82882479041e-06, 9.99211533781e-06, 4.37146081822e-06, 3.65506775779e-06, 3.97195071855e-06, 2.36489267991e-06, 2.41342468144e-06, 3.35653066941e-06, 4.968918347e-06, 5.33340107722e-06, 1.06735478766e-05, 1.02280291685e-05, 6.43703788228e-06, 2.3717041131e-06, 3.41680390648e-07, 1.63058885505e-07, 4.19310346444e-08, 2.93363022763e-09, 5.18644953373e-11], [1.51155166161e-09, 3.46180186739e-08, 1.71951867856e-07, 6.4385199039e-07, 3.30841066898e-06, 2.50870562013e-06, 1.86076874797e-06, 2.03950162359e-06, 2.6562097446e-06, 9.43937811826e-06, 3.65506775779e-06, 3.93963182432e-06, 4.52638096249e-06, 2.29650891015e-06, 2.25648500418e-06, 3.80488268092e-06, 5.47746367374e-06, 6.1524042394e-06, 1.1298409845e-05, 1.20577824418e-05, 7.55932478569e-06, 2.76200489679e-06, 3.90803080563e-07, 1.91676221561e-07, 4.57110971297e-08, 3.21105408929e-09, 5.55506751709e-11], [1.91300775221e-09, 4.13268210764e-08, 1.64376828593e-07, 5.71772829971e-07, 3.15671900353e-06, 2.1524604108e-06, 2.54831593338e-06, 2.48318269769e-06, 2.76053106063e-06, 1.41704658745e-05, 3.97195071855e-06, 4.52638096249e-06, 6.7012188083e-06, 2.64310824605e-06, 2.17895444621e-06, 4.73975660498e-06, 6.13660040472e-06, 6.50777428746e-06, 1.17331146612e-05, 1.41072559927e-05, 7.82706047175e-06, 2.99282805827e-06, 4.28597928703e-07, 2.24549722816e-07, 5.24543004587e-08, 3.60658103382e-09, 6.62655486039e-11], [9.17517117838e-10, 3.05376737231e-08, 1.40989868669e-07, 4.68844632451e-07, 2.69922725238e-06, 2.02904470825e-06, 1.12476232061e-06, 1.5095257595e-06, 1.82932126336e-06, 6.17084288024e-06, 2.36489267991e-06, 2.29650891015e-06, 2.64310824605e-06, 1.62622063726e-06, 1.49027880525e-06, 2.22495123126e-06, 3.62571790902e-06, 3.74393289349e-06, 6.88952877681e-06, 7.71142003941e-06, 4.30515638072e-06, 1.8989713908e-06, 2.57408572679e-07, 1.1583984616e-07, 3.06891223545e-08, 2.16552997756e-09, 3.41938907744e-11], [8.83788209283e-10, 2.41561384229e-08, 1.24294203374e-07, 4.49585826345e-07, 2.4472358291e-06, 2.02895284929e-06, 1.02049386896e-06, 1.25056828892e-06, 1.91176422959e-06, 4.99599991599e-06, 2.41342468144e-06, 2.25648500418e-06, 2.17895444621e-06, 1.49027880525e-06, 1.72446493707e-06, 2.18444461098e-06, 3.39999155585e-06, 3.95161532651e-06, 7.39346160117e-06, 7.8163238868e-06, 4.52851963928e-06, 1.90021353319e-06, 2.63847311999e-07, 1.15058440997e-07, 2.919350095e-08, 2.1335124778e-09, 3.44246610384e-11], [1.29019783746e-09, 3.07048679815e-08, 1.27551331275e-07, 4.65366355229e-07, 2.53611460721e-06, 1.97252779799e-06, 1.8537645019e-06, 2.19289813685e-06, 2.58300087808e-06, 9.45787905948e-06, 3.35653066941e-06, 3.80488268092e-06, 4.73975660498e-06, 2.22495123126e-06, 2.18444461098e-06, 4.24517293141e-06, 5.42892848898e-06, 6.3339011831e-06, 1.08776866909e-05, 1.28662377392e-05, 7.52111418478e-06, 2.94658548228e-06, 4.03563177542e-07, 1.95201053543e-07, 4.61552893682e-08, 3.27980753667e-09, 5.45555614573e-11], [1.76838999e-09, 4.80273101289e-08, 2.49342434699e-07, 6.94450761785e-07, 3.7460367821e-06, 3.05976345771e-06, 2.65224412033e-06, 3.34673745783e-06, 4.47719685326e-06, 1.31094193421e-05, 4.968918347e-06, 5.47746367374e-06, 6.13660040472e-06, 3.62571790902e-06, 3.39999155585e-06, 5.42892848898e-06, 9.0937674031e-06, 9.53078961174e-06, 1.80985516636e-05, 1.90874980035e-05, 1.13252453957e-05, 4.76127206639e-06, 6.39881875486e-07, 2.9201498819e-07, 7.36667473689e-08, 5.3216333562e-09, 8.2725715167e-11], [1.80338732836e-09, 4.1570807241e-08, 2.1675133155e-07, 6.8845952228e-07, 3.47912509824e-06, 3.12982683681e-06, 2.73747605206e-06, 3.32467880071e-06, 4.58426893601e-06, 1.27627790789e-05, 5.33340107722e-06, 6.1524042394e-06, 6.50777428746e-06, 3.74393289349e-06, 3.95161532651e-06, 6.3339011831e-06, 9.53078961174e-06, 1.11140061563e-05, 1.98593861569e-05, 2.16516382352e-05, 1.30138778331e-05, 5.27778320247e-06, 7.15632324955e-07, 3.28967644236e-07, 7.96304959749e-08, 5.79358916397e-09, 9.19630829821e-11], [4.00175581561e-09, 7.07930780663e-08, 4.76333354982e-07, 1.29398097215e-06, 5.91437310504e-06, 5.54128700969e-06, 5.68368295717e-06, 5.61319666303e-06, 9.73513670033e-06, 2.50949105975e-05, 1.06735478766e-05, 1.1298409845e-05, 1.17331146612e-05, 6.88952877681e-06, 7.39346160117e-06, 1.08776866909e-05, 1.80985516636e-05, 1.98593861569e-05, 4.10456887039e-05, 3.87617583328e-05, 2.42292662733e-05, 9.49081095314e-06, 1.28874899019e-06, 6.08541881775e-07, 1.47422113628e-07, 1.08749533823e-08, 1.7845554201e-10], [3.25742632867e-09, 9.12285358368e-08, 3.8808127556e-07, 1.10669554942e-06, 6.25753455097e-06, 5.68720088268e-06, 5.53841209694e-06, 6.99200791132e-06, 9.57483644015e-06, 2.80394324363e-05, 1.02280291685e-05, 1.20577824418e-05, 1.41072559927e-05, 7.71142003941e-06, 7.8163238868e-06, 1.28662377392e-05, 1.90874980035e-05, 2.16516382352e-05, 3.87617583328e-05, 4.65441589768e-05, 2.52015615843e-05, 1.11314593596e-05, 1.47791035943e-06, 6.78507035445e-07, 1.66961058312e-07, 1.20542305027e-08, 1.89849455601e-10], [2.12438422409e-09, 4.3980691089e-08, 2.56242088881e-07, 8.90310161594e-07, 4.2008005039e-06, 3.55206361746e-06, 3.21877109855e-06, 3.96510631617e-06, 5.68911809751e-06, 1.46894362842e-05, 6.43703788228e-06, 7.55932478569e-06, 7.82706047175e-06, 4.30515638072e-06, 4.52851963928e-06, 7.52111418478e-06, 1.13252453957e-05, 1.30138778331e-05, 2.42292662733e-05, 2.52015615843e-05, 1.65718702192e-05, 6.02245972914e-06, 8.2866580442e-07, 3.92382446535e-07, 9.2015817188e-08, 6.65315758042e-09, 1.07573158714e-10], [6.61506127653e-10, 2.26753851251e-08, 1.02453228124e-07, 2.5238989565e-07, 1.4840267113e-06, 1.40815325267e-06, 1.22854464735e-06, 1.75706520622e-06, 2.38450047618e-06, 6.04233855483e-06, 2.3717041131e-06, 2.76200489679e-06, 2.99282805827e-06, 1.8989713908e-06, 1.90021353319e-06, 2.94658548228e-06, 4.76127206639e-06, 5.27778320247e-06, 9.49081095314e-06, 1.11314593596e-05, 6.02245972914e-06, 2.80468339042e-06, 3.63847874496e-07, 1.60114723258e-07, 4.09264480083e-08, 2.98756197559e-09, 4.42081440899e-11], [1.08149489364e-10, 3.10458814212e-09, 1.46589549388e-08, 4.20876133944e-08, 2.35617136468e-07, 2.10092366615e-07, 1.75428397142e-07, 2.34331935189e-07, 3.20446929436e-07, 8.69606481047e-07, 3.41680390648e-07, 3.90803080563e-07, 4.28597928703e-07, 2.57408572679e-07, 2.63847311999e-07, 4.03563177542e-07, 6.39881875486e-07, 7.15632324955e-07, 1.28874899019e-06, 1.47791035943e-06, 8.2866580442e-07, 3.63847874496e-07, 4.88089995088e-08, 2.16660787089e-08, 5.40807754135e-09, 3.943629312e-10, 6.05943203599e-12], [5.91113130666e-11, 1.30541044641e-09, 6.39982777884e-09, 1.907252134e-08, 9.63152189115e-08, 8.46917842523e-08, 9.12646598294e-08, 1.00632959743e-07, 1.42007280601e-07, 4.485179943e-07, 1.63058885505e-07, 1.91676221561e-07, 2.24549722816e-07, 1.1583984616e-07, 1.15058440997e-07, 1.95201053543e-07, 2.9201498819e-07, 3.28967644236e-07, 6.08541881775e-07, 6.78507035445e-07, 3.92382446535e-07, 1.60114723258e-07, 2.16660787089e-08, 1.03769099979e-08, 2.49495646365e-09, 1.79040893222e-10, 2.94797411309e-12], [1.47673383938e-11, 4.41932740403e-10, 2.06482675402e-09, 6.02937033634e-09, 3.36337713236e-08, 2.79758598509e-08, 2.1922801352e-08, 2.73291504982e-08, 3.65151677784e-08, 1.124043294e-07, 4.19310346444e-08, 4.57110971297e-08, 5.24543004587e-08, 3.06891223545e-08, 2.919350095e-08, 4.61552893682e-08, 7.36667473689e-08, 7.96304959749e-08, 1.47422113628e-07, 1.66961058312e-07, 9.2015817188e-08, 4.09264480083e-08, 5.40807754135e-09, 2.49495646365e-09, 6.36446839675e-10, 4.55255659559e-11, 7.16933294415e-13], [1.00621117341e-12, 2.8392239948e-11, 1.38441841324e-10, 3.73636205309e-10, 2.07033989952e-09, 1.82288451001e-09, 1.55478396824e-09, 1.91716109654e-09, 2.68903144196e-09, 7.70778907366e-09, 2.93363022763e-09, 3.21105408929e-09, 3.60658103382e-09, 2.16552997756e-09, 2.1335124778e-09, 3.27980753667e-09, 5.3216333562e-09, 5.79358916397e-09, 1.08749533823e-08, 1.20542305027e-08, 6.65315758042e-09, 2.98756197559e-09, 3.943629312e-10, 1.79040893222e-10, 4.55255659559e-11, 3.30427178674e-12, 5.13880150726e-14], [2.13350184416e-14, 4.48585423364e-13, 2.30780845822e-12, 7.09369325433e-12, 3.60559013202e-11, 3.05901311226e-11, 2.87667528687e-11, 2.75731156657e-11, 4.18263305935e-11, 1.42899359012e-10, 5.18644953373e-11, 5.55506751709e-11, 6.62655486039e-11, 3.41938907744e-11, 3.44246610384e-11, 5.45555614573e-11, 8.2725715167e-11, 9.19630829821e-11, 1.7845554201e-10, 1.89849455601e-10, 1.07573158714e-10, 4.42081440899e-11, 6.05943203599e-12, 2.94797411309e-12, 7.16933294415e-13, 5.13880150726e-14, 8.81873953474e-16]]
    },
    "mfcc": {
        "kurt": [-1.00562489033, -1.15898156166, -1.31219923496, 1.99090051651, -1.12495851517, -0.624337911606, -0.608972072601, 0.0363290309906, -0.613652467728, -0.349181890488, -0.677967071533, 0.477791309357, 0.0623109340668],
        "max": [-462.092163086, 108.842407227, 29.4687843323, 60.9098205566, 19.3983612061, 17.6918945312, 36.0166244507, 25.2707004547, 28.9943885803, 14.6071338654, 8.25840377808, 13.7141494751, 12.7881469727],
        "mean": [-870.036865234, 57.4254379272, -40.2825775146, 23.943687439, -20.1018314362, -0.276282578707, 7.22384691238, 6.58449316025, 4.97615146637, -2.02157306671, -4.36540412903, -0.235673770308, -0.246209591627],
        "median": [-902.063964844, 58.6689071655, -61.3413352966, 24.6527290344, -21.5061454773, -1.94458293915, 7.74884414673, 7.60041809082, 3.53942680359, -0.8362159729, -3.35936355591, -0.477331161499, 1.05049133301],
        "min": [-1138.42004395, 1.14440917969e-05, -92.9142608643, -1.4952507019, -55.0737838745, -13.7228012085, -17.4088916779, -13.39868927, -18.2525215149, -22.0468654633, -20.1208076477, -16.1396484375, -17.8560829163],
        "skew": [0.474493563175, -0.256578981876, 0.525629043579, 0.208484649658, 0.327700793743, 0.353969842196, 0.165766209364, -0.443167150021, 0.190331697464, -0.218982219696, -0.420680224895, -0.00735299941152, -0.530928313732],
        "var": [47513.984375, 829.895690918, 1692.89575195, 106.134475708, 487.027435303, 64.071647644, 147.102371216, 63.8503227234, 102.923629761, 67.3001556396, 55.2739944458, 36.3892478943, 42.2873420715],
        "cov": [[48319.3046875, 3261.45727539, -7437.40234375, 685.979003906, -4334.18505859, -1086.81347656, -1677.44641113, -937.267333984, -961.779785156, -1442.53491211, -1332.59533691, -547.114318848, -942.975280762], [3261.45727539, 843.961730957, -923.012329102, 113.847427368, -399.381866455, -83.372505188, 18.6755599976, 42.0695419312, 103.059371948, -100.590538025, -89.4843215942, -12.6382303238, -16.4526748657], [-7437.40234375, -923.012329102, 1721.58886719, -125.123771667, 848.820800781, 199.766342163, 173.002258301, 39.2042160034, 2.33913803101, 228.637283325, 212.307617188, 44.8121032715, 109.855575562], [685.979003906, 113.847427368, -125.123771667, 107.933364868, -59.7866172791, 13.7662286758, -34.7194976807, -2.63379192352, -9.74338912964, -22.2375144958, -26.8629226685, -15.0620269775, -17.7806549072], [-4334.18505859, -399.381866455, 848.820800781, -59.7866172791, 495.28213501, 128.388519287, 132.686569214, 57.4741363525, 41.3086433411, 131.887496948, 126.245765686, 28.067943573, 74.2463531494], [-1086.81347656, -83.372505188, 199.766342163, 13.7662286758, 128.388519287, 65.1576080322, 31.7818126678, 26.2591819763, 9.63551902771, 32.5812988281, 26.1595668793, 2.1729528904, 17.5736541748], [-1677.44641113, 18.6755599976, 173.002258301, -34.7194976807, 132.686569214, 31.7818126678, 149.59564209, 76.6512374878, 102.441917419, 69.0583267212, 59.813533783, 43.8139915466, 53.8673744202], [-937.267333984, 42.0695419312, 39.2042160034, -2.63379192352, 57.4741363525, 26.2591819763, 76.6512374878, 64.9325332642, 65.1775436401, 39.0686607361, 34.4776000977, 24.7890319824, 33.2447166443], [-961.779785156, 103.059371948, 2.33913803101, -9.74338912964, 41.3086433411, 9.63551902771, 102.441917419, 65.1775436401, 104.66809845, 48.0779647827, 37.9747848511, 32.8026313782, 41.1342773438], [-1442.53491211, -100.590538025, 228.637283325, -22.2375144958, 131.887496948, 32.5812988281, 69.0583267212, 39.0686607361, 48.0779647827, 68.4408416748, 51.3759498596, 28.5053215027, 37.1213188171], [-1332.59533691, -89.4843215942, 212.307617188, -26.8629226685, 126.245765686, 26.1595668793, 59.813533783, 34.4776000977, 37.9747848511, 51.3759498596, 56.2108421326, 22.7524013519, 33.4423484802], [-547.114318848, -12.6382303238, 44.8121032715, -15.0620269775, 28.067943573, 2.1729528904, 43.8139915466, 24.7890319824, 32.8026313782, 28.5053215027, 22.7524013519, 37.0060157776, 27.0885276794], [-942.975280762, -16.4526748657, 109.855575562, -17.7806549072, 74.2463531494, 17.5736541748, 53.8673744202, 33.2447166443, 41.1342773438, 37.1213188171, 33.4423484802, 27.0885276794, 43.0040740967]]
    },
    "sccoeffs": {
        "kurt": [1.45691680908, 0.141789674759, 0.976068019867, -0.845879077911, -0.373357534409, -1.05089080334],
        "max": [-0.407879382372, -0.652441620827, -0.678340137005, -0.728362679482, -0.744442284107, -0.630585312843],
        "mean": [-0.772266924381, -0.835160315037, -0.853851258755, -0.847912847996, -0.849317133427, -0.740138351917],
        "median": [-0.805322051048, -0.850673437119, -0.865271449089, -0.854569494724, -0.862277984619, -0.742662668228],
        "min": [-0.930637896061, -0.952940523624, -0.931361675262, -0.932165563107, -0.913221955299, -0.852692067623],
        "skew": [1.39489018917, 0.794596791267, 1.04244101048, 0.47771281004, 0.784218549728, 0.0683672279119],
        "var": [0.0134295886382, 0.00494710169733, 0.0032460258808, 0.0029072300531, 0.0022323592566, 0.00330876279622],
        "cov": [[0.0136572094634, 0.00643601687625, 0.00527040520683, 0.00516616972163, 0.00477913534269, 0.00527106272057], [0.00643601687625, 0.00503095053136, 0.00275760609657, 0.00308800861239, 0.00289388489909, 0.00341740762815], [0.00527040520683, 0.00275760609657, 0.00330104329623, 0.00257344963029, 0.00222868053243, 0.00263528036885], [0.00516616972163, 0.00308800861239, 0.00257344963029, 0.00295650493354, 0.00236395490356, 0.00283976178616], [0.00477913534269, 0.00289388489909, 0.00222868053243, 0.00236395490356, 0.002270195866, 0.00251158117317], [0.00527106272057, 0.00341740762815, 0.00263528036885, 0.00283976178616, 0.00251158117317, 0.00336484354921]]
    },
    "scvalleys": {
        "kurt": [0.142517566681, -0.768137216568, -1.11331486702, -1.04689872265, -0.999091386795, -0.325129508972],
        "max": [-5.20869207382, -3.88222360611, -3.77026176453, -4.47022151947, -4.34800672531, -6.91894865036],
        "mean": [-8.75413036346, -8.43005752563, -8.04877758026, -8.68021583557, -8.44682025909, -11.104016304],
        "median": [-8.66028022766, -8.50523662567, -7.62474346161, -8.51900100708, -8.68829250336, -11.9086236954],
        "min": [-13.2361059189, -13.7787675858, -13.1492643356, -13.8899297714, -13.4658212662, -16.1067848206],
        "skew": [-0.149658724666, 0.14856530726, -0.0754960104823, 0.0724941790104, 0.217171400785, 0.601924002171],
        "var": [2.31607317924, 5.11904335022, 6.27763986588, 5.93619012833, 5.47802639008, 4.48624610901],
        "cov": [[2.35532855988, 3.31880927086, 3.52420973778, 3.50192689896, 3.35682797432, 2.98412108421], [3.31880927086, 5.20580673218, 5.60178422928, 5.5043554306, 5.30318641663, 4.60423088074], [3.52420973778, 5.60178422928, 6.38404035568, 6.14446544647, 5.85719823837, 4.78175401688], [3.50192689896, 5.5043554306, 6.14446544647, 6.03680372238, 5.76062393188, 4.82097911835], [3.35682797432, 5.30318641663, 5.85719823837, 5.76062393188, 5.57087421417, 4.75185632706], [2.98412108421, 4.60423088074, 4.78175401688, 4.82097911835, 4.75185632706, 4.5622844696]]
    }
},
"rhythm": {
    "beats_loudness": {
        "kurt": -1.49999988079,
        "max": 0.198690205812,
        "mean": 0.066618733108,
        "median": 0.0011178458808,
        "min": 4.81579445477e-05,
        "skew": 0.707037270069,
        "var": 0.00872162636369
    },
    "bpm": 156.605117798,
    "confidence": 0,
    "first_peak_bpm": {
        "kurt": 0,
        "max": 157,
        "mean": 157,
        "median": 157,
        "min": 157,
        "skew": 0,
        "var": 0
    },
    "first_peak_spread": {
        "kurt": 0,
        "max": 0.5,
        "mean": 0.5,
        "median": 0.5,
        "min": 0.5,
        "skew": 0,
        "var": 0
    },
    "first_peak_weight": {
        "kurt": 0,
        "max": 0.5,
        "mean": 0.5,
        "median": 0.5,
        "min": 0.5,
        "skew": 0,
        "var": 0
    },
    "onset_rate": 0.730253398418,
    "second_peak_bpm": {
        "kurt": 0,
        "max": 0,
        "mean": 0,
        "median": 0,
        "min": 0,
        "skew": 0,
        "var": 0
    },
    "second_peak_spread": {
        "kurt": 0,
        "max": 0,
        "mean": 0,
        "median": 0,
        "min": 0,
        "skew": 0,
        "var": 0
    },
    "second_peak_weight": {
        "kurt": 0,
        "max": 0,
        "mean": 0,
        "median": 0,
        "min": 0,
        "skew": 0,
        "var": 0
    },
    "beats_loudness_band_ratio": {
        "kurt": [-1.49999988079, -1.49999988079, -1.50000083447, -1.49999988079, -1.5000013113, -1.49999988079],
        "max": [0.0501366890967, 0.0323148332536, 0.165948390961, 0.425216197968, 0.255303025246, 0.386010438204],
        "mean": [0.0294246282429, 0.0231158584356, 0.133413925767, 0.329889088869, 0.223257362843, 0.286825031042],
        "median": [0.0324590653181, 0.0228599905968, 0.121234767139, 0.345162063837, 0.210307762027, 0.330734014511],
        "min": [0.00567813171074, 0.0141727551818, 0.113058596849, 0.219288989902, 0.204161271453, 0.14373062551],
        "skew": [-0.244467079639, 0.0517639182508, 0.642066657543, -0.264435142279, 0.668752908707, -0.559342622757],
        "var": [0.000334031094098, 5.48885691387e-05, 0.000540387583897, 0.00718430103734, 0.000519759138115, 0.0107472511008],
        "cov": [[0.0005010466557, -0.000125440114061, 0.000560133368708, 0.000638066092506, 0.000141246448038, -0.00185274635442], [-0.000125440114061, 8.23328518891e-05, -4.33266031905e-05, 0.000552606361452, -0.000229469369515, -0.000223247217946], [0.000560133368708, -4.33266031905e-05, 0.000810581375845, 0.00206877314486, -0.000211445163586, -0.00337863829918], [0.000638066092506, 0.000552606361452, 0.00206877314486, 0.0107764517888, -0.00253517786041, -0.0119700357318], [0.000141246448038, -0.000229469369515, -0.000211445163586, -0.00253517786041, 0.000779638707172, 0.00209649372846], [-0.00185274635442, -0.000223247217946, -0.00337863829918, -0.0119700357318, 0.00209649372846, 0.0161208771169]]
    },
    "beats_position": [0.371519267559, 0.743038535118, 1.1261677742],
    "bpm_estimates": [156.605117798],
    "bpm_intervals": [0.371519267559, 0.383129239082],
    "onset_times": [0.348299324512],
    "histogram": [[0, 0, 0, 0, 0, 0, 0, 0, 0, 0, 0, 0, 0, 0, 0, 0, 0, 0, 0, 0, 0, 0, 0, 0, 0, 0, 0, 0, 0, 0, 0, 0, 0, 0, 0, 0, 0, 0, 0, 0, 0, 0, 0, 0, 0, 0, 0, 0, 0, 0, 0, 0, 0, 0, 0, 0, 0, 0, 0, 0, 0, 0, 0, 0, 0, 0, 0, 0, 0, 0, 0, 0, 0, 0, 0, 0, 0, 0, 0, 0, 0, 0, 0, 0, 0, 0, 0, 0, 0, 0, 0, 0, 0, 0, 0, 0, 0, 0, 0, 0, 0, 0, 0, 0, 0, 0, 0, 0, 0, 0, 0, 0, 0, 0, 0, 0, 0, 0, 0, 0, 0, 0, 0, 0, 0, 0, 0, 0, 0, 0, 0, 0, 0, 0, 0, 0, 0, 0, 0, 0, 0, 0, 0, 0, 0, 0, 0, 0, 0, 0, 0, 0, 0, 0, 0, 0, 0, 0.5, 0, 0, 0, 0.5, 0, 0, 0, 0, 0, 0, 0, 0, 0, 0, 0, 0, 0, 0, 0, 0, 0, 0, 0, 0, 0, 0, 0, 0, 0, 0, 0, 0, 0, 0, 0, 0, 0, 0, 0, 0, 0, 0, 0, 0, 0, 0, 0, 0, 0, 0, 0, 0, 0, 0, 0, 0, 0, 0, 0, 0, 0, 0, 0, 0, 0, 0, 0, 0, 0, 0, 0, 0, 0, 0, 0, 0, 0, 0, 0, 0, 0, 0, 0, 0, 0, 0, 0, 0, 0, 0, 0, 0]]
},
"sfx": {
    "inharmonicity": {
        "kurt": 0.578499794006,
        "max": 0.299361675978,
        "mean": 0.0666623935103,
        "median": 0.0333132147789,
        "min": 0,
        "skew": 1.35143971443,
        "var": 0.00701932050288
    },
    "oddtoevenharmonicenergyratio": {
        "kurt": 1.28700351715,
        "max": 3.13247466087,
        "mean": 0.678340733051,
        "median": 0.383306324482,
        "min": 0,
        "skew": 1.45914685726,
        "var": 0.678689420223
    },
    "pitch_after_max_to_before_max_energy_ratio": 0.68674582243,
    "pitch_centroid": 20.5066146851,
    "pitch_max_to_total": 0.233333334327,
    "pitch_min_to_total": 0.383333325386,
    "tristimulus": {
        "kurt": [-1.31724917889, -1.54655110836, 0.485864877701],
        "max": [1, 0.86896944046, 0.829074382782],
        "mean": [0.465887546539, 0.388826429844, 0.14528606832],
        "median": [0.284201174974, 0.381515711546, 0],
        "min": [0.0213458705693, 0, 0],
        "skew": [0.619737446308, -0.0147732254118, 1.45189428329],
        "var": [0.133271306753, 0.0982200354338, 0.0627760961652],
        "cov": [[0.135530143976, -0.085787422955, -0.0497426986694], [-0.085787422955, 0.0998847857118, -0.0140973469242], [-0.0497426986694, -0.0140973469242, 0.0638400912285]]
    }
},
"tonal": {
    "chords_changes_rate": 0.0645161271095,
    "chords_number_rate": 0.0645161271095,
    "chords_strength": {
        "kurt": 1.44568634033,
        "max": 0.559895455837,
        "mean": 0.407061129808,
        "median": 0.382284849882,
        "min": 0.352916866541,
        "skew": 1.63498306274,
        "var": 0.00329970242456
    },
    "key_strength": 0.292297303677,
    "tuning_diatonic_strength": 0.394063949585,
    "tuning_equal_tempered_deviation": 0.230443686247,
    "tuning_frequency": 432.191345215,
    "tuning_nontempered_energy_ratio": 0.865672826767,
    "hpcp": {
        "kurt": [-0.193674087524, -0.777047157288, -0.428536891937, -1.09804189205, -1.02250015736, -0.549008369446, -0.771094560623, -1.1828584671, -1.23669779301, -1.12157726288, -1.20776891708, -1.24277603626, -1.27632689476, -1.16820454597, -1.14524412155, -0.964073181152, -0.709930181503, -0.898590087891, -0.839896440506, -0.342990875244, -0.882516860962, 1.26600694656, 2.8434419632, 1.87954568863, 0.0772397518158, -0.0715034008026, 0.362607717514, -0.293250799179, -1.08483028412, -1.19087171555, -1.29990804195, 0.47750878334, -0.707260370255, -0.705510616302, -0.791098594666, -0.46350979805],
        "max": [1, 0.871895611286, 1, 0.852673172951, 0.845131933689, 1, 1, 0.829100966454, 0.976946175098, 1, 0.975560486317, 1, 1, 1, 1, 1, 1, 0.97929918766, 0.905113935471, 0.923861324787, 0.6980022192, 0.904855072498, 0.928117513657, 0.875021100044, 1, 1, 0.880853831768, 0.7720053792, 0.624089062214, 0.715986132622, 0.714247107506, 1, 0.919008374214, 1, 1, 1],
        "mean": [0.472628742456, 0.425556629896, 0.423324972391, 0.376021772623, 0.36909237504, 0.425399899483, 0.444318532944, 0.41714912653, 0.474974453449, 0.539110660553, 0.473429173231, 0.462800979614, 0.513903260231, 0.505853116512, 0.488084435463, 0.500494420528, 0.520924806595, 0.481328368187, 0.431883841753, 0.373796761036, 0.297521173954, 0.272940516472, 0.250894248486, 0.290486305952, 0.397680103779, 0.388213157654, 0.305474936962, 0.277899801731, 0.282465875149, 0.322572588921, 0.359943300486, 0.361456543207, 0.390514999628, 0.455236673355, 0.45688778162, 0.477629572153],
        "median": [0.40972211957, 0.39077064395, 0.396294921637, 0.382656931877, 0.318083465099, 0.444729328156, 0.460084199905, 0.433543235064, 0.486413270235, 0.589292407036, 0.503676235676, 0.54155087471, 0.477440237999, 0.524116575718, 0.508693397045, 0.516733288765, 0.536874711514, 0.510862588882, 0.431155055761, 0.375296294689, 0.309313714504, 0.261189818382, 0.231745943427, 0.289355605841, 0.357913643122, 0.312968790531, 0.245200663805, 0.195904523134, 0.314654380083, 0.290995121002, 0.390046060085, 0.380759865046, 0.337445050478, 0.446459621191, 0.391689985991, 0.473329424858],
        "min": [0, 0, 0, 0, 0, 0, 0, 0, 0, 0, 0, 0, 0, 0, 0, 0, 0, 0, 0, 0, 0, 0, 0, 0, 0, 0, 0, 0, 0, 0, 0, 0, 0, 0, 0, 0],
