{
"metadata": {
    "version": {
        "essentia": "2.1-beta3"
    }
},
"lowLevel": {
    "average_loudness": 0.00872316863388,
    "barkbands_kurtosis": {
        "kurt": 4.94436740875,
        "max": 15.5706634521,
        "mean": 0.683314442635,
        "median": -0.505753040314,
        "min": -1.73303318024,
        "skew": 1.88626658916,
        "var": 7.09758043289
    },
    "barkbands_skewness": {
        "kurt": 0.927567720413,
        "max": 3.5737426281,
        "mean": 0.888622462749,
        "median": 0.884352087975,
        "min": -2.45708060265,
        "skew": -0.518450438976,
        "var": 0.953818619251
    },
    "barkbands_spread": {
        "kurt": -1.31585514545,
        "max": 55.6296386719,
        "mean": 31.7199459076,
        "median": 30.3518810272,
        "min": 6.50806713104,
        "skew": 0.0953884273767,
        "var": 185.169296265
    },
    "dissonance": {
        "kurt": 16.6116409302,
        "max": 0.499960929155,
        "mean": 0.478476941586,
        "median": 0.482173234224,
        "min": 0.326942563057,
        "skew": -2.94246840477,
        "var": 0.000334688200383
    },
    "hfc": {
        "kurt": 23.4209651947,
        "max": 66.8007736206,
        "mean": 2.07072162628,
        "median": 0.014216738753,
        "min": 2.11927194543e-11,
        "skew": 4.67728376389,
        "var": 69.2875900269
    },
    "pitch": {
        "kurt": -1.83361244202,
        "max": 4410.54492188,
        "mean": 1735.50537109,
        "median": 371.911773682,
        "min": 61.212436676,
        "skew": 0.348123520613,
        "var": 3105812.25
    },
    "pitch_instantaneous_confidence": {
        "kurt": 0.21179318428,
        "max": 0.548449635506,
        "mean": 0.270912379026,
        "median": 0.251183390617,
        "min": 0.129910409451,
        "skew": 0.82367926836,
        "var": 0.00712232431397
    },
    "pitch_salience": {
        "kurt": 1.64259147644,
        "max": 0.966285705566,
        "mean": 0.746554017067,
        "median": 0.750043153763,
        "min": 0.501646697521,
        "skew": -0.466277241707,
        "var": 0.00279012485407
    },
    "silence_rate_20dB": {
        "kurt": 0,
        "max": 1,
        "mean": 1,
        "median": 1,
        "min": 1,
        "skew": 0,
        "var": 0
    },
    "silence_rate_30dB": {
        "kurt": 0,
        "max": 1,
        "mean": 1,
        "median": 1,
        "min": 1,
        "skew": 0,
        "var": 0
    },
    "silence_rate_60dB": {
        "kurt": 10.8047351837,
        "max": 1,
        "mean": 0.936454832554,
        "median": 1,
        "min": 0,
        "skew": -3.57838177681,
        "var": 0.0595070309937
    },
    "spectral_centroid": {
        "kurt": 1.7604265213,
        "max": 3359.95654297,
        "mean": 1320.40515137,
        "median": 1263.09777832,
        "min": 443.16885376,
        "skew": 1.21928536892,
        "var": 355468.21875
    },
    "spectral_complexity": {
        "kurt": 14.4377689362,
        "max": 57,
        "mean": 2.60869574547,
        "median": 0,
        "min": 0,
        "skew": 3.91520595551,
        "var": 100.752685547
    },
    "spectral_crest": {
        "kurt": 0.535880088806,
        "max": 16.0609302521,
        "mean": 6.95744943619,
        "median": 6.46720314026,
        "min": 2.74775457382,
        "skew": 0.923062324524,
        "var": 6.74070119858
    },
    "spectral_decrease": {
        "kurt": 37.4881095886,
        "max": -2.84042977722e-21,
        "mean": -1.6564204175e-10,
        "median": -4.80317261659e-12,
        "min": -6.11644201953e-09,
        "skew": -5.74314880371,
        "var": 4.8068168499e-19
    },
    "spectral_energy": {
        "kurt": 32.2209320068,
        "max": 0.0273645147681,
        "mean": 0.000812991056591,
        "median": 1.98032830667e-05,
        "min": 1.26426816336e-14,
        "skew": 5.37614345551,
        "var": 1.11861263576e-05
    },
    "spectral_energyband_high": {
        "kurt": 22.3284778595,
        "max": 0.0054110432975,
        "mean": 0.000169999242644,
        "median": 5.65449738588e-07,
        "min": 1.22193343548e-15,
        "skew": 4.64668321609,
        "var": 4.99486191075e-07
    },
    "spectral_energyband_low": {
        "kurt": 153.809127808,
        "max": 0.00210419856012,
        "mean": 1.86847246368e-05,
        "median": 8.46849673053e-07,
        "min": 1.14810974956e-15,
        "skew": 11.7182369232,
        "var": 2.07096100269e-08
    },
    "spectral_energyband_middle_high": {
        "kurt": 23.517583847,
        "max": 0.0134573290125,
        "mean": 0.000421507953433,
        "median": 3.0338360375e-06,
        "min": 5.0041863726e-15,
        "skew": 4.64339780807,
        "var": 2.7063347261e-06
    },
    "spectral_energyband_middle_low": {
        "kurt": 86.3775787354,
        "max": 0.0137406410649,
        "mean": 0.000216125612496,
        "median": 1.42919498103e-05,
        "min": 5.43275158611e-15,
        "skew": 8.76685142517,
        "var": 1.36447033583e-06
    },
    "spectral_flatness_db": {
        "kurt": 0.808051347733,
        "max": 0.231800690293,
        "mean": 0.11171464622,
        "median": 0.105658359826,
        "min": 0.0538427233696,
        "skew": 0.911471545696,
        "var": 0.000994871370494
    },
    "spectral_flux": {
        "kurt": 18.4800205231,
        "max": 0.15160086751,
        "mean": 0.00810000114143,
        "median": 0.00276563200168,
        "min": 6.97670429872e-06,
        "skew": 4.09652280807,
        "var": 0.000367582309991
    },
    "spectral_kurtosis": {
        "kurt": 1.52482509613,
        "max": 12.069480896,
        "mean": 3.36180472374,
        "median": 2.46026182175,
        "min": 1.18050336838,
        "skew": 1.47035324574,
        "var": 4.45787477493
    },
    "spectral_rms": {
        "kurt": 14.6407222748,
        "max": 0.00516692223027,
        "mean": 0.000359631259926,
        "median": 0.000138997405884,
        "min": 3.51202555926e-09,
        "skew": 3.81814289093,
        "var": 6.63828075176e-07
    },
    "spectral_rolloff": {
        "kurt": -1.42694020271,
        "max": 4672.70507812,
        "mean": 2686.46337891,
        "median": 3208.44726562,
        "min": 430.6640625,
        "skew": -0.38087567687,
        "var": 1602063
    },
    "spectral_skewness": {
        "kurt": -0.394303798676,
        "max": 2.76192951202,
        "mean": 1.55801963806,
        "median": 1.43317675591,
        "min": 0.695256710052,
        "skew": 0.480519682169,
        "var": 0.166554316878
    },
    "spectral_spread": {
        "kurt": -0.31366610527,
        "max": 11117264,
        "mean": 8179410.5,
        "median": 9035657,
        "min": 2651063,
        "skew": -0.992170453072,
        "var": 5.05413317427e+12
    },
    "spectral_strongpeak": {
        "kurt": 31.7275505066,
        "max": 2.94033241272,
        "mean": 0.0955412834883,
        "median": 0.0105563057587,
        "min": 6.49659384067e-08,
        "skew": 5.53983306885,
        "var": 0.13844422996
    },
    "zerocrossingrate": {
        "kurt": 23.8867378235,
        "max": 0.3916015625,
        "mean": 0.0893913954496,
        "median": 0.091796875,
        "min": 0.0302734375,
        "skew": 2.82849645615,
        "var": 0.00104655267205
    },
    "barkbands": {
        "kurt": [95.9187469482, 150.448120117, 100.336967468, 128.28503418, 162.013214111, 54.7397346497, 151.273086548, 64.2989196777, 67.4278488159, 75.3908843994, 62.8333129883, 66.8111495972, 55.9608383179, 50.1619529724, 69.5820770264, 183.585906982, 27.2634372711, 16.9209880829, 43.6155815125, 16.5505657196, 22.0044689178, 61.1041793823, 83.1016769409, 89.2592697144, 93.2455444336, 92.3266677856, 122.504310608],
        "max": [2.27213831749e-06, 0.000375126954168, 0.000708895851858, 0.00175468018278, 0.00702850520611, 0.00189151358791, 0.00484608672559, 0.000765834993217, 0.00109777692705, 0.000996355549432, 0.000796569569502, 0.000737310096156, 0.000529982324224, 0.000649588473607, 0.000834601058159, 0.00144533126149, 0.00103483663406, 0.00224630814046, 0.00564903579652, 0.00331367226318, 0.00218802061863, 0.00131226470694, 0.000304845074425, 9.17157012736e-05, 4.89003614348e-05, 3.07009077005e-06, 5.22764942446e-08],
        "mean": [2.30302443782e-08, 2.94016012958e-06, 7.64925698604e-06, 1.7598948034e-05, 6.78548531141e-05, 4.41134543507e-05, 4.73571490147e-05, 1.46408938235e-05, 1.97685239982e-05, 1.73482148966e-05, 1.54519057105e-05, 1.43694023791e-05, 1.13083297038e-05, 1.36863836815e-05, 1.57421309268e-05, 1.54931403813e-05, 3.11363692163e-05, 9.14911870495e-05, 0.000126100712805, 0.000138056566357, 7.15493879397e-05, 2.30814057431e-05, 4.36777145296e-06, 1.2094384374e-06, 6.16626039118e-07, 3.6561058181e-08, 5.30953669919e-10],
        "median": [1.56594237577e-10, 1.10478652005e-07, 1.96977822498e-07, 7.14531495305e-07, 2.57855299424e-06, 2.78843549495e-06, 1.4670957853e-06, 6.23471294148e-07, 6.41710357741e-07, 7.29014288936e-07, 3.96354607801e-07, 2.9279144087e-07, 1.4616253452e-07, 7.51481650241e-08, 6.24611828925e-08, 7.25614555108e-08, 1.25952965391e-07, 1.80900599389e-07, 2.57952990523e-07, 2.98103429941e-07, 2.13065547428e-07, 9.63184092484e-08, 2.87727015547e-08, 1.98274321406e-08, 3.20048165747e-08, 1.56823187769e-09, 6.48716150242e-11],
        "min": [3.56765711347e-17, 5.56913680787e-16, 4.72263007983e-16, 1.18560247183e-16, 1.27993507533e-15, 2.11639313388e-15, 6.99964310688e-16, 4.5662519159e-16, 6.16213504512e-16, 3.68574634416e-16, 1.25948121489e-16, 1.46581288219e-16, 1.7564943403e-16, 3.32472263789e-16, 4.97166517787e-16, 5.33732400724e-16, 6.17125176661e-16, 1.01263709993e-15, 1.1302301546e-15, 3.14792648007e-16, 6.38060390046e-16, 1.79810231921e-16, 8.10294547528e-17, 7.25974866084e-17, 5.0338241613e-17, 1.29795854679e-17, 3.91280831566e-19],
        "skew": [9.66001605988, 11.8598632812, 9.7721786499, 10.6481733322, 11.9791727066, 7.02721452713, 11.5405797958, 7.71301317215, 7.48971557617, 7.9766960144, 7.18038082123, 7.448741436, 6.90527486801, 6.66152429581, 7.79121351242, 12.5539598465, 4.94089651108, 4.15376377106, 5.8917093277, 4.16851711273, 4.66489362717, 7.31825065613, 8.77813911438, 9.38163948059, 9.48452568054, 9.58681678772, 10.8895425797],
        "var": [3.83688001889e-14, 6.8821975896e-10, 3.33888650061e-09, 1.59477444583e-08, 2.22892168722e-07, 3.74895527955e-08, 1.09845885277e-07, 5.50131673549e-09, 8.86779805143e-09, 6.92677115666e-09, 4.80111062018e-09, 4.11120559818e-09, 2.38447772638e-09, 3.99546706831e-09, 6.11754291668e-09, 8.69059224584e-09, 1.49741659072e-08, 1.22954816106e-07, 2.89814011012e-07, 3.01161463767e-07, 9.08223256602e-08, 1.46957495062e-08, 7.17882864265e-10, 7.22974805023e-11, 1.78102289861e-11, 7.84616038048e-14, 1.64073127384e-17],
        "cov": [[3.8497552585e-14, 3.396986685e-12, 8.52282220493e-12, 1.26338583692e-11, 6.03550057154e-11, 2.77741822596e-11, 5.98839727806e-11, 1.11900523569e-11, 1.47326300465e-11, 1.27388629159e-11, 7.68281965824e-12, 9.51335451388e-12, 8.17758100818e-12, 8.91275074577e-12, 1.25854049404e-11, 8.9598380798e-12, 1.12689467133e-11, 3.47519131527e-11, 5.79412663682e-11, 5.28906675401e-11, 3.57553674168e-11, 1.56209385704e-11, 4.20362963188e-12, 1.33547621746e-12, 6.9322531656e-13, 4.36471402098e-14, 5.49965046004e-16], [3.396986685e-12, 6.90529244896e-10, 1.44857448259e-09, 2.57163623729e-09, 1.04414832336e-08, 3.6286500471e-09, 5.89818283103e-09, 1.22500221078e-09, 1.51680812355e-09, 1.31483191002e-09, 9.75099556655e-10, 1.36271072204e-09, 8.66911542552e-10, 1.17873022454e-09, 1.68653868649e-09, 1.454037446e-09, 1.27675425787e-09, 3.99160304809e-09, 8.14518763548e-09, 6.95763224812e-09, 4.55552751077e-09, 2.61817678648e-09, 5.68846525439e-10, 2.09296871501e-10, 1.04282436852e-10, 6.77795493342e-12, 1.05390285529e-13], [8.52282220493e-12, 1.44857448259e-09, 3.35009087138e-09, 5.72262992549e-09, 2.32024710556e-08, 9.05285268971e-09, 1.59768589469e-08, 3.17581139164e-09, 4.16025258687e-09, 3.64180263723e-09, 2.28493335364e-09, 2.92617041708e-09, 2.21923723842e-09, 2.66093103107e-09, 4.08055900181e-09, 3.27375748732e-09, 3.09798653397e-09, 1.06676623091e-08, 1.93576283891e-08, 1.70497997942e-08, 1.11461471164e-08, 6.01409189116e-09, 1.39786848763e-09, 4.77816730626e-10, 2.39129188673e-10, 1.54382045342e-11, 2.23461277694e-13], [1.26338583692e-11, 2.57163623729e-09, 5.72262992549e-09, 1.60012607608e-08, 5.53676997583e-08, 1.91752391743e-08, 2.27255512186e-08, 4.94628782377e-09, 8.59504645234e-09, 5.83796433418e-09, 5.52973000723e-09, 5.9157212462e-09, 3.44683415143e-09, 4.03783095848e-09, 7.81052644783e-09, 3.28629345958e-09, 5.27660537486e-09, 2.29271908125e-08, 3.15301953435e-08, 3.515074809e-08, 2.13449027342e-08, 1.06163478009e-08, 2.22368945479e-09, 7.54575901762e-10, 4.02119892939e-10, 2.27298613958e-11, 3.65331327473e-13], [6.03550057154e-11, 1.04414832336e-08, 2.32024710556e-08, 5.53676997583e-08, 2.23640128638e-07, 7.36630170195e-08, 9.63603383752e-08, 1.87244975081e-08, 3.21085913413e-08, 2.18208615621e-08, 1.90689615209e-08, 2.48028193539e-08, 1.48593732874e-08, 1.77176229244e-08, 3.12625054733e-08, 1.28705526237e-08, 2.27973480094e-08, 8.21875190127e-08, 1.16526756244e-07, 1.24020658632e-07, 7.63383312119e-08, 3.89915904009e-08, 8.3263760331e-09, 3.06201308753e-09, 1.62596691666e-09, 9.33722751895e-11, 1.50279116408e-12], [2.77741822596e-11, 3.6286500471e-09, 9.05285268971e-09, 1.91752391743e-08, 7.36630170195e-08, 3.76153543868e-08, 4.99115415664e-08, 1.20135394965e-08, 1.68749014762e-08, 1.3840951496e-08, 1.09631237422e-08, 1.03809068008e-08, 8.0246502776e-09, 8.51962056458e-09, 1.42109355394e-08, 8.60726334651e-09, 1.39534588328e-08, 5.06186097482e-08, 6.91399009156e-08, 7.38759666774e-08, 4.54901645242e-08, 1.8786359135e-08, 4.2385237542e-09, 1.31564392714e-09, 6.80600742431e-10, 3.99954687424e-11, 5.47259557549e-13], [5.98839727806e-11, 5.89818283103e-09, 1.59768589469e-08, 2.27255512186e-08, 9.63603383752e-08, 4.99115415664e-08, 1.10214493532e-07, 2.04645420609e-08, 2.71973714661e-08, 2.43937101629e-08, 1.3025455381e-08, 1.43611043057e-08, 1.44690135429e-08, 1.4875918275e-08, 2.24776712798e-08, 1.75621099885e-08, 1.92595770443e-08, 6.79786111846e-08, 1.11547230119e-07, 1.00311972062e-07, 6.61248122924e-08, 2.95644255743e-08, 8.1324609269e-09, 2.44544162697e-09, 1.23372101424e-09, 7.95458282576e-11, 9.66907001514e-13], [1.11900523569e-11, 1.22500221078e-09, 3.17581139164e-09, 4.94628782377e-09, 1.87244975081e-08, 1.20135394965e-08, 2.04645420609e-08, 5.51977752394e-09, 5.84431347761e-09, 5.99380989286e-09, 4.31581792526e-09, 3.55441476252e-09, 3.11322922997e-09, 3.64240770878e-09, 4.91226348487e-09, 5.17407050538e-09, 5.51600898291e-09, 1.81098442908e-08, 3.02347729075e-08, 2.83642798138e-08, 1.8102019439e-08, 7.55061968505e-09, 1.7888068804e-09, 5.14994935585e-10, 2.55375026681e-10, 1.69137568534e-11, 2.05247656978e-13], [1.47326300465e-11, 1.51680812355e-09, 4.16025258687e-09, 8.59504645234e-09, 3.21085913413e-08, 1.68749014762e-08, 2.71973714661e-08, 5.84431347761e-09, 8.8975555812e-09, 6.94496105069e-09, 4.76536143879e-09, 4.65658533955e-09, 4.16231937805e-09, 4.17151690968e-09, 6.66637944846e-09, 4.34777325253e-09, 6.76539135824e-09, 2.58179788659e-08, 3.6403598358e-08, 3.77874620483e-08, 2.29063328305e-08, 8.87707329866e-09, 2.16477769044e-09, 6.2268784573e-10, 3.20312831814e-10, 1.91965020269e-11, 2.37678285256e-13], [1.27388629159e-11, 1.31483191002e-09, 3.64180263723e-09, 5.83796433418e-09, 2.18208615621e-08, 1.3840951496e-08, 2.43937101629e-08, 5.99380989286e-09, 6.94496105069e-09, 6.95001522999e-09, 4.68072292037e-09, 3.83208531574e-09, 3.56799612078e-09, 3.93554833167e-09, 5.66520075296e-09, 5.26416377156e-09, 6.2527880651e-09, 2.16164774969e-08, 3.3026140045e-08, 3.27868434624e-08, 2.06684411808e-08, 8.4436111436e-09, 2.01217376095e-09, 5.68353031305e-10, 2.84497675418e-10, 1.83744928994e-11, 2.16118654006e-13], [7.68281965824e-12, 9.75099556655e-10, 2.28493335364e-09, 5.52973000723e-09, 1.90689615209e-08, 1.09631237422e-08, 1.3025455381e-08, 4.31581792526e-09, 4.76536143879e-09, 4.68072292037e-09, 4.81722173262e-09, 3.49222473162e-09, 2.38720709866e-09, 3.06545033801e-09, 4.30385771466e-09, 3.35631922255e-09, 5.5848650149e-09, 1.78967169973e-08, 2.51448479816e-08, 2.78495306816e-08, 1.63727289504e-08, 6.03938188348e-09, 1.27323518395e-09, 3.67863267625e-10, 1.89918344939e-10, 1.12265492042e-11, 1.5070654143e-13], [9.51335451388e-12, 1.36271072204e-09, 2.92617041708e-09, 5.9157212462e-09, 2.48028193539e-08, 1.03809068008e-08, 1.43611043057e-08, 3.55441476252e-09, 4.65658533955e-09, 3.83208531574e-09, 3.49222473162e-09, 4.12500167357e-09, 2.65010857703e-09, 3.54051143958e-09, 4.47222792133e-09, 3.72434838525e-09, 5.76963987697e-09, 1.66061173701e-08, 2.70109374867e-08, 2.66318949116e-08, 1.56336614765e-08, 6.56031584612e-09, 1.33186484064e-09, 4.49536213809e-10, 2.28187677087e-10, 1.41400415682e-11, 2.08771381801e-13], [8.17758100818e-12, 8.66911542552e-10, 2.21923723842e-09, 3.44683415143e-09, 1.48593732874e-08, 8.0246502776e-09, 1.44690135429e-08, 3.11322922997e-09, 4.16231937805e-09, 3.56799612078e-09, 2.38720709866e-09, 2.65010857703e-09, 2.39247932576e-09, 2.67215161109e-09, 3.4628682144e-09, 3.2040057274e-09, 4.52417436847e-09, 1.39159297419e-08, 2.22308251807e-08, 2.11750759149e-08, 1.25703651932e-08, 4.94083396418e-09, 1.18112775116e-09, 3.54475615527e-10, 1.75381251188e-10, 1.12832165486e-11, 1.41770059234e-13], [8.91275074577e-12, 1.17873022454e-09, 2.66093103107e-09, 4.03783095848e-09, 1.77176229244e-08, 8.51962056458e-09, 1.4875918275e-08, 3.64240770878e-09, 4.17151690968e-09, 3.93554833167e-09, 3.06545033801e-09, 3.54051143958e-09, 2.67215161109e-09, 4.00887500973e-09, 4.06060074454e-09, 4.8865431701e-09, 5.99919225408e-09, 1.70964700175e-08, 3.05264862277e-08, 2.85281238632e-08, 1.58845345766e-08, 6.64889077129e-09, 1.41129929965e-09, 4.42166636638e-10, 2.12864365023e-10, 1.43965750779e-11, 1.93198742052e-13], [1.25854049404e-11, 1.68653868649e-09, 4.08055900181e-09, 7.81052644783e-09, 3.12625054733e-08, 1.42109355394e-08, 2.24776712798e-08, 4.91226348487e-09, 6.66637944846e-09, 5.66520075296e-09, 4.30385771466e-09, 4.47222792133e-09, 3.4628682144e-09, 4.06060074454e-09, 6.13807182859e-09, 4.26981383583e-09, 6.29974028499e-09, 2.04954204719e-08, 3.08179828323e-08, 3.08660403903e-08, 1.86119901713e-08, 8.09400013679e-09, 1.90816118462e-09, 6.05092975725e-10, 3.07383979381e-10, 1.8860062817e-11, 2.60296341772e-13], [8.9598380798e-12, 1.454037446e-09, 3.27375748732e-09, 3.28629345958e-09, 1.28705526237e-08, 8.60726334651e-09, 1.75621099885e-08, 5.17407050538e-09, 4.34777325253e-09, 5.26416377156e-09, 3.35631922255e-09, 3.72434838525e-09, 3.2040057274e-09, 4.8865431701e-09, 4.26981383583e-09, 8.71975558425e-09, 6.99143454241e-09, 1.96713738632e-08, 4.31088551522e-08, 3.45251400802e-08, 2.07401722463e-08, 9.55333678831e-09, 1.95314875384e-09, 5.83818271505e-10, 2.61813765112e-10, 2.03256890485e-11, 2.57406753247e-13], [1.12689467133e-11, 1.27675425787e-09, 3.09798653397e-09, 5.27660537486e-09, 2.27973480094e-08, 1.39534588328e-08, 1.92595770443e-08, 5.51600898291e-09, 6.76539135824e-09, 6.2527880651e-09, 5.5848650149e-09, 5.76963987697e-09, 4.52417436847e-09, 5.99919225408e-09, 6.29974028499e-09, 6.99143454241e-09, 1.50244137131e-08, 3.77357807224e-08, 5.58140591522e-08, 5.92098281516e-08, 3.05260421385e-08, 9.85256498609e-09, 1.94168170431e-09, 5.46222900244e-10, 2.57529025882e-10, 1.6444966916e-11, 2.07685011224e-13], [3.47519131527e-11, 3.99160304809e-09, 1.06676623091e-08, 2.29271908125e-08, 8.21875190127e-08, 5.06186097482e-08, 6.79786111846e-08, 1.81098442908e-08, 2.58179788659e-08, 2.16164774969e-08, 1.78967169973e-08, 1.66061173701e-08, 1.39159297419e-08, 1.70964700175e-08, 2.04954204719e-08, 1.96713738632e-08, 3.77357807224e-08, 1.23367414062e-07, 1.66989750028e-07, 1.81620137596e-07, 9.81235714903e-08, 3.23734496988e-08, 6.50988463136e-09, 1.7652165285e-09, 8.51021975112e-10, 5.17878240291e-11, 6.3127167339e-13], [5.79412663682e-11, 8.14518763548e-09, 1.93576283891e-08, 3.15301953435e-08, 1.16526756244e-07, 6.91399009156e-08, 1.11547230119e-07, 3.02347729075e-08, 3.6403598358e-08, 3.3026140045e-08, 2.51448479816e-08, 2.70109374867e-08, 2.22308251807e-08, 3.05264862277e-08, 3.08179828323e-08, 4.31088551522e-08, 5.58140591522e-08, 1.66989750028e-07, 2.90786545065e-07, 2.73284172181e-07, 1.5174850887e-07, 5.74620635518e-08, 1.159162899e-08, 3.33769412109e-09, 1.54934298724e-09, 1.07750149081e-10, 1.36836841771e-12], [5.28906675401e-11, 6.95763224812e-09, 1.70497997942e-08, 3.515074809e-08, 1.24020658632e-07, 7.38759666774e-08, 1.00311972062e-07, 2.83642798138e-08, 3.77874620483e-08, 3.27868434624e-08, 2.78495306816e-08, 2.66318949116e-08, 2.11750759149e-08, 2.85281238632e-08, 3.08660403903e-08, 3.45251400802e-08, 5.92098281516e-08, 1.81620137596e-07, 2.73284172181e-07, 3.02172082911e-07, 1.60293694762e-07, 5.42482823107e-08, 1.02231112464e-08, 2.86028711827e-09, 1.3615825134e-09, 8.6288289014e-11, 1.09940322904e-12], [3.57553674168e-11, 4.55552751077e-09, 1.11461471164e-08, 2.13449027342e-08, 7.63383312119e-08, 4.54901645242e-08, 6.61248122924e-08, 1.8102019439e-08, 2.29063328305e-08, 2.06684411808e-08, 1.63727289504e-08, 1.56336614765e-08, 1.25703651932e-08, 1.58845345766e-08, 1.86119901713e-08, 2.07401722463e-08, 3.05260421385e-08, 9.81235714903e-08, 1.5174850887e-07, 1.60293694762e-07, 9.11270987558e-08, 3.27423599344e-08, 6.38303632172e-09, 1.83578585666e-09, 8.87039275366e-10, 5.7177051288e-11, 7.26471129347e-13], [1.56209385704e-11, 2.61817678648e-09, 6.01409189116e-09, 1.06163478009e-08, 3.89915904009e-08, 1.8786359135e-08, 2.95644255743e-08, 7.55061968505e-09, 8.87707329866e-09, 8.4436111436e-09, 6.03938188348e-09, 6.56031584612e-09, 4.94083396418e-09, 6.64889077129e-09, 8.09400013679e-09, 9.55333678831e-09, 9.85256498609e-09, 3.23734496988e-08, 5.74620635518e-08, 5.42482823107e-08, 3.27423599344e-08, 1.47450638366e-08, 2.95821189766e-09, 9.28193299998e-10, 4.50014858711e-10, 3.02546286635e-11, 4.14294006002e-13], [4.20362963188e-12, 5.68846525439e-10, 1.39786848763e-09, 2.22368945479e-09, 8.3263760331e-09, 4.2385237542e-09, 8.1324609269e-09, 1.7888068804e-09, 2.16477769044e-09, 2.01217376095e-09, 1.27323518395e-09, 1.33186484064e-09, 1.18112775116e-09, 1.41129929965e-09, 1.90816118462e-09, 1.95314875384e-09, 1.94168170431e-09, 6.50988463136e-09, 1.159162899e-08, 1.02231112464e-08, 6.38303632172e-09, 2.95821189766e-09, 7.20291881695e-10, 2.18678283814e-10, 1.07062816945e-10, 7.14719472841e-12, 9.28507894486e-14], [1.33547621746e-12, 2.09296871501e-10, 4.77816730626e-10, 7.54575901762e-10, 3.06201308753e-09, 1.31564392714e-09, 2.44544162697e-09, 5.14994935585e-10, 6.2268784573e-10, 5.68353031305e-10, 3.67863267625e-10, 4.49536213809e-10, 3.54475615527e-10, 4.42166636638e-10, 6.05092975725e-10, 5.83818271505e-10, 5.46222900244e-10, 1.7652165285e-09, 3.33769412109e-09, 2.86028711827e-09, 1.83578585666e-09, 9.28193299998e-10, 2.18678283814e-10, 7.25400919888e-11, 3.56959670156e-11, 2.36665786794e-12, 3.32354247747e-14], [6.9322531656e-13, 1.04282436852e-10, 2.39129188673e-10, 4.02119892939e-10, 1.62596691666e-09, 6.80600742431e-10, 1.23372101424e-09, 2.55375026681e-10, 3.20312831814e-10, 2.84497675418e-10, 1.89918344939e-10, 2.28187677087e-10, 1.75381251188e-10, 2.12864365023e-10, 3.07383979381e-10, 2.61813765112e-10, 2.57529025882e-10, 8.51021975112e-10, 1.54934298724e-09, 1.3615825134e-09, 8.87039275366e-10, 4.50014858711e-10, 1.07062816945e-10, 3.56959670156e-11, 1.7869995414e-11, 1.15797161356e-12, 1.63618135696e-14], [4.36471402098e-14, 6.77795493342e-12, 1.54382045342e-11, 2.27298613958e-11, 9.33722751895e-11, 3.99954687424e-11, 7.95458282576e-11, 1.69137568534e-11, 1.91965020269e-11, 1.83744928994e-11, 1.12265492042e-11, 1.41400415682e-11, 1.12832165486e-11, 1.43965750779e-11, 1.8860062817e-11, 2.03256890485e-11, 1.6444966916e-11, 5.17878240291e-11, 1.07750149081e-10, 8.6288289014e-11, 5.7177051288e-11, 3.02546286635e-11, 7.14719472841e-12, 2.36665786794e-12, 1.15797161356e-12, 7.87248955261e-14, 1.09186062088e-15], [5.49965046004e-16, 1.05390285529e-13, 2.23461277694e-13, 3.65331327473e-13, 1.50279116408e-12, 5.47259557549e-13, 9.66907001514e-13, 2.05247656978e-13, 2.37678285256e-13, 2.16118654006e-13, 1.5070654143e-13, 2.08771381801e-13, 1.41770059234e-13, 1.93198742052e-13, 2.60296341772e-13, 2.57406753247e-13, 2.07685011224e-13, 6.3127167339e-13, 1.36836841771e-12, 1.09940322904e-12, 7.26471129347e-13, 4.14294006002e-13, 9.28507894486e-14, 3.32354247747e-14, 1.63618135696e-14, 1.09186062088e-15, 1.64623715344e-17]]
    },
    "mfcc": {
        "kurt": [1.32058095932, -1.04660153389, 0.270939588547, 0.0240437984467, -0.662916183472, -0.513342618942, 0.493137598038, -0.576199293137, 0.291203975677, -0.860874891281, -0.289387702942, 0.295320749283, 1.12987470627],
        "max": [-557.700256348, 139.13848877, 38.7200965881, 68.3231506348, 16.9302368164, 9.43424987793, 13.5755310059, 9.54470252991, 13.0730476379, 8.67596626282, 5.40938186646, 5.92840576172, 5.05158233643],
        "mean": [-980.34564209, 76.4681396484, -4.9130525589, 22.9372196198, -13.138092041, -14.179599762, -0.326025247574, -8.7173871994, -9.0869512558, -10.7985048294, -7.19774103165, -6.37387132645, -5.18474388123],
        "median": [-989.024291992, 85.8007888794, 5.97384643555, 21.5072555542, -13.3268241882, -15.7210540771, 0.00693511962891, -7.97698974609, -8.59824371338, -11.1375236511, -6.50586128235, -5.81211853027, -4.7227191925],
        "min": [-1138.42004395, 1.14440917969e-05, -109.771514893, -2.31383895874, -59.2681427002, -41.5647850037, -19.9595165253, -28.8876647949, -32.5293502808, -33.5448112488, -27.8194789886, -24.6953048706, -25.2190361023],
        "skew": [1.09494829178, -0.419525235891, -1.13795053959, 0.494995743036, -0.221002399921, 0.207233086228, -0.504876971245, -0.337106257677, -0.473416686058, -0.143682926893, -0.350926846266, -0.574817895889, -0.670786440372],
        "var": [15935.6123047, 1497.05749512, 1191.45239258, 199.529098511, 272.472564697, 110.935798645, 34.7191162109, 58.1040382385, 53.5976257324, 70.5956268311, 36.2976913452, 29.0302867889, 23.0825328827],
        "cov": [[15989.0869141, 2795.90258789, -3409.07446289, 810.716674805, -1656.3536377, -678.587768555, -333.399780273, -591.255615234, -566.18359375, -606.894165039, -223.767623901, -334.706634521, -224.372329712], [2795.90258789, 1502.08117676, -518.6484375, -4.90070152283, -391.255187988, -308.088562012, -21.2283916473, -196.183319092, -127.562606812, -226.775527954, -97.6834030151, -94.2654647827, -58.5445137024], [-3409.07446289, -518.6484375, 1195.45056152, -93.2250137329, 315.54586792, 177.671966553, 98.3306655884, 145.16178894, 153.71925354, 145.201675415, 34.2138557434, 74.6669845581, 60.8081550598], [810.716674805, -4.90070152283, -93.2250137329, 200.198654175, -51.6948471069, -22.0554122925, -7.24209308624, -3.80611419678, -22.8676509857, 3.38732266426, 1.9952352047, -5.71587467194, -1.83268916607], [-1656.3536377, -391.255187988, 315.54586792, -51.6948471069, 273.386901855, 105.412826538, 38.9412841797, 82.065032959, 66.5544281006, 96.3912734985, 50.4408340454, 39.4466247559, 26.1825885773], [-678.587768555, -308.088562012, 177.671966553, -22.0554122925, 105.412826538, 111.308067322, 16.8189239502, 47.4395523071, 40.082321167, 50.7464294434, 26.4648075104, 21.0039863586, 17.3593502045], [-333.399780273, -21.2283916473, 98.3306655884, -7.24209308624, 38.9412841797, 16.8189239502, 34.8356246948, 24.9363193512, 20.2224273682, 17.8307285309, 3.68612122536, 8.50575733185, 7.90949583054], [-591.255615234, -196.183319092, 145.16178894, -3.80611419678, 82.065032959, 47.4395523071, 24.9363193512, 58.2990188599, 40.7100105286, 47.7678565979, 20.4655361176, 21.3821678162, 14.7479743958], [-566.18359375, -127.562606812, 153.71925354, -22.8676509857, 66.5544281006, 40.082321167, 20.2224273682, 40.7100105286, 53.7774848938, 43.1671409607, 20.8081569672, 18.1103210449, 14.7911748886], [-606.894165039, -226.775527954, 145.201675415, 3.38732266426, 96.3912734985, 50.7464294434, 17.8307285309, 47.7678565979, 43.1671409607, 70.8325195312, 33.1848526001, 25.7811126709, 17.7631549835], [-223.767623901, -97.6834030151, 34.2138557434, 1.9952352047, 50.4408340454, 26.4648075104, 3.68612122536, 20.4655361176, 20.8081569672, 33.1848526001, 36.4194946289, 18.5969982147, 12.935634613], [-334.706634521, -94.2654647827, 74.6669845581, -5.71587467194, 39.4466247559, 21.0039863586, 8.50575733185, 21.3821678162, 18.1103210449, 25.7811126709, 18.5969982147, 29.127702713, 18.1680030823], [-224.372329712, -58.5445137024, 60.8081550598, -1.83268916607, 26.1825885773, 17.3593502045, 7.90949583054, 14.7479743958, 14.7911748886, 17.7631549835, 12.935634613, 18.1680030823, 23.1599903107]]
    },
    "sccoeffs": {
        "kurt": [-0.12908577919, 0.253347396851, -0.208621263504, 0.970700740814, 1.55617189407, 5.52167224884],
        "max": [-0.466229259968, -0.672975599766, -0.778119027615, -0.743917703629, -0.760617136955, -0.653150737286],
        "mean": [-0.733529925346, -0.840765595436, -0.875154018402, -0.877987682819, -0.876030862331, -0.846198022366],
        "median": [-0.750337958336, -0.844463229179, -0.876675128937, -0.880609154701, -0.88665831089, -0.860400617123],
        "min": [-0.943090319633, -0.96513158083, -0.960379838943, -0.962610781193, -0.94915753603, -0.930052280426],
        "skew": [0.63202381134, 0.35558745265, 0.203677535057, 0.549853205681, 1.36713814735, 2.48836231232],
        "var": [0.00718317693099, 0.00235074944794, 0.00100293522701, 0.000866008747835, 0.00114583375398, 0.00249340059236],
        "cov": [[0.00720728142187, 0.00251172063872, 0.00166740978602, 0.00170277291909, 0.00187051994726, 0.0025986013934], [0.00251172063872, 0.00235863775015, 0.000785887415987, 0.000852313241921, 0.000899163482245, 0.00126758613624], [0.00166740978602, 0.000785887415987, 0.00100630079396, 0.00051962811267, 0.000573849421926, 0.000775656895712], [0.00170277291909, 0.000852313241921, 0.00051962811267, 0.000868914823513, 0.000668977270834, 0.000911105715204], [0.00187051994726, 0.000899163482245, 0.000573849421926, 0.000668977270834, 0.00114967883565, 0.00139950867742], [0.0025986013934, 0.00126758613624, 0.000775656895712, 0.000911105715204, 0.00139950867742, 0.0025017678272]]
    },
    "scvalleys": {
        "kurt": [9.67679405212, 2.91738319397, 1.94633769989, 2.02085542679, 4.25156402588, 8.98802375793],
        "max": [-5.16048717499, -4.77055835724, -5.35174608231, -5.54370212555, -5.29206991196, -7.36956310272],
        "mean": [-9.78159332275, -8.9049282074, -9.41796016693, -10.1132793427, -9.91494846344, -11.7523031235],
        "median": [-9.58080101013, -8.52824878693, -8.95978069305, -10.1451339722, -10.0741682053, -11.6364307404],
        "min": [-18.9117603302, -18.4973373413, -19.3439178467, -19.5239295959, -19.7196769714, -21.3940296173],
        "skew": [-1.53485286236, -0.954150676727, -0.762374997139, -0.372738450766, -0.197996675968, -1.23934185505],
        "var": [1.68092250824, 3.04502725601, 3.66679668427, 3.35125088692, 2.92859721184, 1.93400931358],
        "cov": [[1.68656313419, 2.02521681786, 2.18978118896, 2.02541351318, 1.90100753307, 1.68427789211], [2.02521681786, 3.05524539948, 3.2748568058, 3.07815670967, 2.80127549171, 2.29389119148], [2.18978118896, 3.2748568058, 3.67910122871, 3.42363381386, 3.09682106972, 2.48527884483], [2.02541351318, 3.07815670967, 3.42363381386, 3.36249685287, 3.05227589607, 2.34969496727], [1.90100753307, 2.80127549171, 3.09682106972, 3.05227589607, 2.93842482567, 2.23779654503], [1.68427789211, 2.29389119148, 2.48527884483, 2.34969496727, 2.23779654503, 1.94049930573]]
    }
},
"rhythm": {
    "beats_loudness": {
        "kurt": 2.14061784744,
        "max": 0.000384265731554,
        "mean": 7.44960489101e-05,
        "median": 2.84324978566e-05,
        "min": 1.66650920619e-07,
        "skew": 1.81205272675,
        "var": 1.30292274747e-08
    },
    "bpm": 104.436027527,
    "confidence": 3.14967393875,
    "first_peak_bpm": {
        "kurt": 0,
        "max": 103,
        "mean": 103,
        "median": 103,
        "min": 103,
        "skew": 0,
        "var": 0
    },
    "first_peak_spread": {
        "kurt": 0,
        "max": 0,
        "mean": 0,
        "median": 0,
        "min": 0,
        "skew": 0,
        "var": 0
    },
    "first_peak_weight": {
        "kurt": 0,
        "max": 0.600000023842,
        "mean": 0.600000023842,
        "median": 0.600000023842,
        "min": 0.600000023842,
        "skew": 0,
        "var": 0
    },
    "onset_rate": 0.289485007524,
    "second_peak_bpm": {
        "kurt": 0,
        "max": 108,
        "mean": 108,
        "median": 108,
        "min": 108,
        "skew": 0,
        "var": 0
    },
    "second_peak_spread": {
        "kurt": 0,
        "max": 0.5,
        "mean": 0.5,
        "median": 0.5,
        "min": 0.5,
        "skew": 0,
        "var": 0
    },
    "second_peak_weight": {
        "kurt": 0,
        "max": 0.20000000298,
        "mean": 0.20000000298,
        "median": 0.20000000298,
        "min": 0.20000000298,
        "skew": 0,
        "var": 0
    },
    "beats_loudness_band_ratio": {
        "kurt": [-1.24937236309, -0.245683193207, -1.02893340588, -0.397913455963, 2.06052684784, -1.68527817726],
        "max": [0.323372840881, 0.620684981346, 0.25823777914, 0.207773685455, 0.538744628429, 0.249238789082],
        "mean": [0.189514547586, 0.326947182417, 0.156747952104, 0.0978634431958, 0.132608473301, 0.142823711038],
        "median": [0.229648560286, 0.29693543911, 0.145905941725, 0.0746989399195, 0.0795340761542, 0.108403362334],
        "min": [0.00744508625939, 0.0612750723958, 0.0852793157101, 0.0334165170789, 0.022863490507, 0.0243653524667],
        "skew": [-0.536479532719, 0.561533391476, 0.290540456772, 0.855707585812, 1.85386133194, 0.00270241103135],
        "var": [0.0125542124733, 0.0240966845304, 0.00297317141667, 0.00301238452084, 0.0228611510247, 0.00732161151245],
        "cov": [[0.0138096334413, 0.000320210296195, -0.0012622596696, -0.0038153945934, -0.0121417846531, 0.00299821677618], [0.000320210296195, 0.0265063531697, 0.00219497503713, -0.00241087283939, -0.0182506293058, -0.00808847043663], [-0.0012622596696, 0.00219497503713, 0.00327048869804, 0.000636524346191, -0.0021983133629, -0.00213806470856], [-0.0038153945934, -0.00241087283939, 0.000636524346191, 0.00331362290308, 0.0048147989437, -0.00216961838305], [-0.0121417846531, -0.0182506293058, -0.0021983133629, 0.0048147989437, 0.0251472648233, 0.00172953831498], [0.00299821677618, -0.00808847043663, -0.00213806470856, -0.00216961838305, 0.00172953831498, 0.00805377308279]]
    },
    "beats_position": [0.557278871536, 1.11455774307, 1.69505667686, 2.24072551727, 2.82122445107, 3.40172338486, 3.94739222527, 4.52789115906, 5.10838985443, 5.6888885498, 6.24616765976],
    "bpm_estimates": [107.666023254, 103.359359741, 103.359359741, 103.359359741, 103.359359741, 103.359405518, 103.359405518, 107.665977478],
    "bpm_intervals": [0.557278871536, 0.580498933792, 0.545668840408, 0.580498933792, 0.580498933792, 0.545668840408, 0.580498933792, 0.580498695374, 0.580498695374, 0.557279109955],
    "onset_times": [0.0232199542224, 1.16099774837],
    "histogram": [[0, 0, 0, 0, 0, 0, 0, 0, 0, 0, 0, 0, 0, 0, 0, 0, 0, 0, 0, 0, 0, 0, 0, 0, 0, 0, 0, 0, 0, 0, 0, 0, 0, 0, 0, 0, 0, 0, 0, 0, 0, 0, 0, 0, 0, 0, 0, 0, 0, 0, 0, 0, 0, 0, 0, 0, 0, 0, 0, 0, 0, 0, 0, 0, 0, 0, 0, 0, 0, 0, 0, 0, 0, 0, 0, 0, 0, 0, 0, 0, 0, 0, 0, 0, 0, 0, 0, 0, 0, 0, 0, 0, 0, 0, 0, 0, 0, 0, 0, 0, 0, 0, 0, 0.600000023842, 0, 0, 0, 0, 0.20000000298, 0, 0.20000000298, 0, 0, 0, 0, 0, 0, 0, 0, 0, 0, 0, 0, 0, 0, 0, 0, 0, 0, 0, 0, 0, 0, 0, 0, 0, 0, 0, 0, 0, 0, 0, 0, 0, 0, 0, 0, 0, 0, 0, 0, 0, 0, 0, 0, 0, 0, 0, 0, 0, 0, 0, 0, 0, 0, 0, 0, 0, 0, 0, 0, 0, 0, 0, 0, 0, 0, 0, 0, 0, 0, 0, 0, 0, 0, 0, 0, 0, 0, 0, 0, 0, 0, 0, 0, 0, 0, 0, 0, 0, 0, 0, 0, 0, 0, 0, 0, 0, 0, 0, 0, 0, 0, 0, 0, 0, 0, 0, 0, 0, 0, 0, 0, 0, 0, 0, 0, 0, 0, 0, 0, 0, 0, 0, 0, 0, 0, 0, 0, 0, 0, 0, 0, 0, 0, 0, 0, 0, 0, 0]]
},
"sfx": {
    "inharmonicity": {
        "kurt": 1.10145187378,
        "max": 0.365980416536,
        "mean": 0.0641826540232,
        "median": 0.0310427565128,
        "min": 0,
        "skew": 1.35317802429,
        "var": 0.00661317119375
    },
    "oddtoevenharmonicenergyratio": {
        "kurt": 11.3104810715,
        "max": 5.30843067169,
        "mean": 0.441988378763,
        "median": 0.141105100513,
        "min": 0,
        "skew": 2.96987843513,
        "var": 0.536965191364
    },
    "pitch_after_max_to_before_max_energy_ratio": 2.01202630997,
    "pitch_centroid": 172.147720337,
    "pitch_max_to_total": 0.628762543201,
    "pitch_min_to_total": 0.525083601475,
    "tristimulus": {
        "kurt": [-1.72852659225, -0.848787069321, -1.133715868],
        "max": [1, 0.732437551022, 0.87066078186],
        "mean": [0.550494968891, 0.193365588784, 0.256139546633],
        "median": [0.390599668026, 0.198345199227, 0.309983938932],
        "min": [0, 0, 0],
        "skew": [0.106772594154, 0.472945988178, 0.281987726688],
        "var": [0.157351285219, 0.0364654436707, 0.0586514882743],
        "cov": [[0.157879307866, -0.0678093209863, -0.0900699719787], [-0.0678093209863, 0.0365878120065, 0.0312217380852], [-0.0900699719787, 0.0312217380852, 0.0588483028114]]
    }
},
"tonal": {
    "chords_changes_rate": 0.186666667461,
    "chords_number_rate": 0.0533333346248,
    "chords_strength": {
        "kurt": -1.25271701813,
        "max": 0.658521711826,
        "mean": 0.47450247407,
        "median": 0.496460020542,
        "min": 0.289231091738,
        "skew": -0.0793927311897,
        "var": 0.0117701552808
    },
    "key_strength": 0.714592337608,
    "tuning_diatonic_strength": 0.647949337959,
    "tuning_equal_tempered_deviation": 0.212265789509,
    "tuning_frequency": 446.399932861,
    "tuning_nontempered_energy_ratio": 0.881662487984,
    "hpcp": {
        "kurt": [0.714756250381, 1.37137174606, 1.10738706589, 1.1043009758, 1.33309602737, 0.377648591995, -0.366618156433, 0.444661855698, 1.39729404449, 1.80893564224, 0.558791637421, 2.91991138458, 1.65157985687, 2.33038234711, 1.14068889618, 2.12803030014, 2.90225028992, 2.0605430603, 0.591229438782, 0.493826150894, -0.403537273407, -0.96427154541, -0.988717317581, -0.624106407166, 0.46858549118, 0.588575363159, 0.513320684433, 1.0350522995, 1.54070520401, 0.589248180389, 0.575578927994, 1.60209417343, 1.39029073715, 1.72106838226, 1.23841667175, 0.573291778564],
        "max": [1, 1, 1, 1, 1, 1, 1, 1, 1, 1, 0.951555728912, 1, 1, 1, 0.950306355953, 1, 1, 1, 1, 1, 1, 1, 1, 1, 1, 1, 1, 1, 1, 1, 0.973485887051, 1, 1, 0.9943998456, 1, 1],
        "mean": [0.276273369789, 0.257598280907, 0.271614104509, 0.282897502184, 0.276128053665, 0.351316183805, 0.39950093627, 0.324011653662, 0.26305013895, 0.25587412715, 0.242747962475, 0.236994430423, 0.250366061926, 0.248917818069, 0.23636457324, 0.22292470932, 0.220567569137, 0.245623812079, 0.277757406235, 0.321351915598, 0.389418184757, 0.437368273735, 0.432360649109, 0.364800155163, 0.284488230944, 0.266014546156, 0.262807667255, 0.250721812248, 0.262899756432, 0.275064915419, 0.259113639593, 0.253936171532, 0.271020561457, 0.265038311481, 0.264258056879, 0.280282109976],
        "median": [0.193845838308, 0.18844768405, 0.183682024479, 0.185832440853, 0.200206890702, 0.299448132515, 0.353825688362, 0.246187984943, 0.180629432201, 0.174143493176, 0.185501754284, 0.165959894657, 0.152905225754, 0.162557154894, 0.177449673414, 0.154491975904, 0.15558193624, 0.178183764219, 0.176412895322, 0.235198929906, 0.324675917625, 0.352472096682, 0.356009781361, 0.282817363739, 0.216210186481, 0.168640077114, 0.166158244014, 0.178892761469, 0.186358362436, 0.179124951363, 0.173804745078, 0.167138040066, 0.210979491472, 0.199288323522, 0.168828725815, 0.184409022331],
