{
"metadata": {
    "version": {
        "essentia": "2.1-beta3"
    }
},
"lowLevel": {
    "average_loudness": 0.668440282345,
    "barkbands_kurtosis": {
        "kurt": 22.3007946014,
        "max": 71.8246765137,
        "mean": 4.30879592896,
        "median": 2.02904129028,
        "min": -1.81951642036,
        "skew": 4.20668268204,
        "var": 86.543006897
    },
    "barkbands_skewness": {
        "kurt": -0.103219270706,
        "max": 5.97512817383,
        "mean": 0.256877720356,
        "median": 0.36131721735,
        "min": -2.14843344688,
        "skew": 0.539946317673,
        "var": 3.03769183159
    },
    "barkbands_spread": {
        "kurt": 9.12167549133,
        "max": 105.424530029,
        "mean": 17.0871334076,
        "median": 15.2080497742,
        "min": 0.725133836269,
        "skew": 1.95634293556,
        "var": 179.067169189
    },
    "dissonance": {
        "kurt": 5.25079727173,
        "max": 0.499998509884,
        "mean": 0.441781491041,
        "median": 0.478687465191,
        "min": 0.0740860030055,
        "skew": -2.18804144859,
        "var": 0.00659133959562
    },
    "hfc": {
        "kurt": 55.3583831787,
        "max": 14.2079906464,
        "mean": 0.340741336346,
        "median": 1.26522468236e-06,
        "min": 1.06486255742e-16,
        "skew": 6.85529613495,
        "var": 2.0170481205
    },
    "pitch": {
        "kurt": 7.01390457153,
        "max": 4268.96386719,
        "mean": 646.14263916,
        "median": 380.04989624,
        "min": 63.9005126953,
        "skew": 2.62101960182,
        "var": 622777.1875
    },
    "pitch_instantaneous_confidence": {
        "kurt": 0.56237244606,
        "max": 0.884962499142,
        "mean": 0.298713028431,
        "median": 0.279344588518,
        "min": 0.0707283616066,
        "skew": 0.936353206635,
        "var": 0.0275982096791
    },
    "pitch_salience": {
        "kurt": 0.506101846695,
        "max": 0.968983232975,
        "mean": 0.706505894661,
        "median": 0.764167070389,
        "min": 0.244853779674,
        "skew": -0.974365711212,
        "var": 0.0183541998267
    },
    "silence_rate_20dB": {
        "kurt": 0,
        "max": 1,
        "mean": 1,
        "median": 1,
        "min": 1,
        "skew": 0,
        "var": 0
    },
    "silence_rate_30dB": {
        "kurt": 0,
        "max": 1,
        "mean": 1,
        "median": 1,
        "min": 1,
        "skew": 0,
        "var": 0
    },
    "silence_rate_60dB": {
        "kurt": 41.0223808289,
        "max": 1,
        "mean": 0.978260874748,
        "median": 1,
        "min": 0,
        "skew": -6.55915307999,
        "var": 0.0212665088475
    },
    "spectral_centroid": {
        "kurt": -0.857372283936,
        "max": 11537.5742188,
        "mean": 3568.25244141,
        "median": 1024.00061035,
        "min": 107.499183655,
        "skew": 1.03783619404,
        "var": 19867856
    },
    "spectral_complexity": {
        "kurt": 21.8759326935,
        "max": 20,
        "mean": 0.728260874748,
        "median": 0,
        "min": 0,
        "skew": 4.44314336777,
        "var": 6.88269901276
    },
    "spectral_crest": {
        "kurt": 1.78329610825,
        "max": 21.0003032684,
        "mean": 8.36267471313,
        "median": 7.15486907959,
        "min": 3.09474253654,
        "skew": 1.42592203617,
        "var": 13.1816158295
    },
    "spectral_decrease": {
        "kurt": 90.6971282959,
        "max": 2.58141875651e-28,
        "mean": -6.80122763663e-11,
        "median": -4.70520237694e-16,
        "min": -4.17072243408e-09,
        "skew": -9.19787216187,
        "var": 1.3787790247e-19
    },
    "spectral_energy": {
        "kurt": 84.277130127,
        "max": 0.0165435541421,
        "mean": 0.000287600269075,
        "median": 1.89060989086e-09,
        "min": 1.02704675481e-20,
        "skew": 8.86263275146,
        "var": 2.29406305152e-06
    },
    "spectral_energyband_high": {
        "kurt": 128.882141113,
        "max": 3.17328454003e-06,
        "mean": 3.56254830081e-08,
        "median": 1.18103565122e-11,
        "min": 7.12912396395e-21,
        "skew": 10.8981666565,
        "var": 6.35324515978e-14
    },
    "spectral_energyband_low": {
        "kurt": 178.808135986,
        "max": 0.00232338742353,
        "mean": 1.31884244183e-05,
        "median": 1.07123740434e-10,
        "min": 1.43691092772e-23,
        "skew": 13.4428749084,
        "var": 2.91798603058e-08
    },
    "spectral_energyband_middle_high": {
        "kurt": 81.305305481,
        "max": 0.00823616515845,
        "mean": 0.000167016492924,
        "median": 2.4952553912e-10,
        "min": 1.09099680287e-21,
        "skew": 8.16224765778,
        "var": 5.30178454028e-07
    },
    "spectral_energyband_middle_low": {
        "kurt": 155.295547485,
        "max": 0.0128203965724,
        "mean": 0.000112378482299,
        "median": 1.23975574251e-09,
        "min": 1.56478133615e-22,
        "skew": 12.2717199326,
        "var": 9.48095078002e-07
    },
    "spectral_flatness_db": {
        "kurt": -1.38483059406,
        "max": 0.450160622597,
        "mean": 0.205977484584,
        "median": 0.202524602413,
        "min": 0.0349639430642,
        "skew": 0.252819001675,
        "var": 0.01388390176
    },
    "spectral_flux": {
        "kurt": 25.6965484619,
        "max": 0.110932119191,
        "mean": 0.00530073419213,
        "median": 5.51609773538e-05,
        "min": 6.36394617559e-11,
        "skew": 4.80625247955,
        "var": 0.000236618376221
    },
    "spectral_kurtosis": {
        "kurt": 0.118971347809,
        "max": 131.128097534,
        "mean": 24.9584560394,
        "median": 8.70898723602,
        "min": -1.27174019814,
        "skew": 1.03696346283,
        "var": 895.270202637
    },
    "spectral_rms": {
        "kurt": 26.8496246338,
        "max": 0.00401746854186,
        "mean": 0.000189088634215,
        "median": 1.35750906338e-06,
        "min": 3.16543341018e-12,
        "skew": 4.57502889633,
        "var": 2.44830971496e-07
    },
    "spectral_rolloff": {
        "kurt": -0.89577794075,
        "max": 19638.28125,
        "mean": 6071.31054688,
        "median": 1894.921875,
        "min": 129.19921875,
        "skew": 1.02024590969,
        "var": 58181700
    },
    "spectral_skewness": {
        "kurt": -0.793231964111,
        "max": 9.39811134338,
        "mean": 2.65532445908,
        "median": 2.32524895668,
        "min": -0.0665815025568,
        "skew": 0.353122204542,
        "var": 4.6785326004
    },
    "spectral_spread": {
        "kurt": -0.95627784729,
        "max": 46930496,
        "mean": 13322399,
        "median": 5287706.5,
        "min": 525602.5,
        "skew": 0.977142214775,
        "var": 2.81619764085e+14
    },
    "spectral_strongpeak": {
        "kurt": 16.1980609894,
        "max": 0.97679233551,
        "mean": 0.0513624437153,
        "median": 0.00011100537813,
        "min": 1.17592819163e-11,
        "skew": 4.03158426285,
        "var": 0.0261633154005
    },
    "zerocrossingrate": {
        "kurt": -1.24900066853,
        "max": 0.53662109375,
        "mean": 0.190748125315,
        "median": 0.06201171875,
        "min": 0.00732421875,
        "skew": 0.764202535152,
        "var": 0.040285743773
    },
    "barkbands": {
        "kurt": [174.836303711, 178.967147827, 178.901092529, 165.314453125, 176.124252319, 174.526535034, 51.8512191772, 148.167388916, 132.231323242, 86.3005371094, 158.324584961, 112.990730286, 148.635360718, 43.5327033997, 15.8066158295, 46.6522674561, 47.6615943909, 45.6747894287, 141.152282715, 48.6125259399, 131.436264038, 153.773834229, 20.5410747528, 36.1236228943, 16.2068748474, 17.2222213745, 22.6000003815],
        "max": [2.97700626106e-06, 0.000597567413934, 0.00156574102584, 0.000191210609046, 0.0023019167129, 0.00169426784851, 0.000166781130247, 0.00321333901957, 0.00427903980017, 0.00181392033119, 0.0010025849333, 0.000936965632718, 0.00156708131544, 0.000762393698096, 0.000627806701232, 0.00113882846199, 0.000580088992137, 0.000225836556638, 6.81111050653e-05, 2.31889862334e-06, 1.21786206364e-06, 4.64867255801e-08, 1.12318931933e-09, 1.1409866385e-09, 3.50093759538e-10, 6.78556100198e-11, 6.64072338785e-11],
        "mean": [1.90694411373e-08, 3.38783115694e-06, 8.76202739164e-06, 1.32875391046e-06, 1.56860169227e-05, 1.24453345052e-05, 4.42114514954e-06, 2.87387192657e-05, 4.03754020226e-05, 2.43660560955e-05, 1.05154849734e-05, 1.38206523843e-05, 1.90674763871e-05, 2.13055645872e-05, 3.14180288115e-05, 3.00193260045e-05, 1.58803468366e-05, 5.23278004039e-06, 7.49821765567e-07, 4.64651286336e-08, 1.34733841861e-08, 5.28782295728e-10, 5.80657258387e-11, 3.97180240086e-11, 2.06804677549e-11, 3.90540507919e-12, 2.66363884074e-12],
        "median": [1.09302877079e-12, 5.25490068126e-11, 3.22211944626e-11, 1.81583012515e-11, 2.96020083446e-11, 6.35040631192e-11, 5.42803163528e-11, 3.71186692494e-11, 5.46924172617e-11, 2.50801410889e-11, 1.3202645574e-11, 5.29250601677e-12, 3.91800611052e-12, 2.82859044347e-12, 3.78366001724e-12, 3.09571205476e-12, 4.06160955563e-12, 5.55287760218e-12, 4.82443078542e-12, 7.77347457237e-12, 4.02035913241e-12, 1.80098731067e-12, 5.14191120238e-13, 3.11028384038e-13, 2.85636043897e-13, 2.23348832376e-14, 9.01280325328e-16],
        "min": [3.80873458872e-25, 4.60270755913e-24, 2.83323658889e-25, 7.55199125711e-25, 9.49283343362e-24, 6.98684637423e-24, 1.45017593939e-23, 1.00045312152e-23, 1.99272733318e-23, 1.71868352337e-23, 6.75520525802e-24, 3.9426116306e-23, 3.91315714212e-23, 4.51381003485e-23, 5.01543974251e-23, 5.64560360616e-23, 5.90166596273e-23, 6.51652308492e-23, 1.20362491031e-22, 1.48684402442e-22, 2.3024542563e-22, 3.72572517944e-22, 4.37184946625e-22, 5.26300278547e-22, 9.31194131717e-22, 1.27165650196e-21, 1.97963202759e-21],
        "skew": [13.2343902588, 13.451669693, 13.447977066, 12.7615652084, 13.2964687347, 13.2102375031, 6.58433294296, 11.936964035, 11.2528848648, 9.35315418243, 12.3564310074, 10.0749130249, 11.8539018631, 5.9053144455, 4.05310058594, 6.47880840302, 6.51207780838, 6.41514968872, 11.4689130783, 6.76181030273, 11.019990921, 12.1431980133, 4.39550065994, 5.40059804916, 3.74984431267, 3.80429720879, 4.70668077469],
        "var": [4.83705686182e-14, 1.92943483412e-09, 1.32507054218e-08, 2.05009786924e-10, 2.87909589503e-08, 1.56504089688e-08, 2.86641044234e-10, 6.1028458731e-08, 1.15395231148e-07, 3.26465183775e-08, 5.71502045688e-09, 5.90385829113e-09, 1.43637581829e-08, 6.30107610533e-09, 1.20380656554e-08, 1.70335017202e-08, 4.71773642374e-09, 5.95879623422e-10, 2.79048121415e-11, 6.28703293311e-14, 9.26070608002e-15, 1.24504429931e-17, 3.12210727285e-20, 1.57958312838e-20, 2.96734262842e-21, 1.15206433045e-22, 8.12323648026e-23],
        "cov": [[4.86348869435e-14, 9.66330574587e-12, 2.53476371836e-11, 3.15172757684e-12, 3.7366172656e-11, 2.74248800752e-11, 2.75556921031e-12, 5.23299494015e-11, 6.94642815491e-11, 2.92838392424e-11, 6.42964197509e-13, 1.20541695115e-12, 2.32267005108e-12, 1.65719347966e-12, 1.77997482205e-12, 1.82126644495e-12, 3.29223492001e-13, 1.19180097106e-13, -6.95888811663e-15, 3.98695316602e-15, 3.85781844041e-16, 1.66392310211e-17, 1.31193880904e-17, 1.82098170482e-17, 5.50542836625e-18, 2.9633262061e-19, 2.85798171779e-20], [9.66330574587e-12, 1.93997840015e-09, 5.08360598062e-09, 6.20748008551e-10, 7.46798711759e-09, 5.49338663447e-09, 5.32500210593e-10, 1.04046904426e-08, 1.38466837996e-08, 5.84555648331e-09, 1.24543375613e-10, 2.34292141243e-10, 4.19975998422e-10, 2.99581776053e-10, 3.50166368124e-10, 3.52333717757e-10, 6.31162136444e-11, 2.34015654077e-11, -1.27412761331e-12, 8.13920708175e-13, 7.99594629874e-14, 3.11666471744e-15, 2.60831365898e-15, 3.60947801528e-15, 1.08124507459e-15, 4.92269641647e-17, -7.95114645915e-19], [2.53476371836e-11, 5.08360598062e-09, 1.33231132793e-08, 1.62980084983e-09, 1.95756015842e-08, 1.43964165034e-08, 1.3989376324e-09, 2.72887525909e-08, 3.63074050824e-08, 1.53251971113e-08, 3.26501853332e-10, 6.15436257512e-10, 1.11034847983e-09, 7.90991105948e-10, 9.18360665292e-10, 9.25119647555e-10, 1.65402733177e-10, 6.15783396496e-11, -3.37114450938e-12, 2.13351190013e-12, 2.09382072227e-13, 8.17883240111e-15, 6.82258569234e-15, 9.46135039753e-15, 2.83244852947e-15, 1.30542176732e-16, -1.03687999682e-18], [3.15172757684e-12, 6.20748008551e-10, 1.62980084983e-09, 2.06130057467e-10, 2.41072872775e-09, 1.7656281992e-09, 1.83118492592e-10, 3.39086048129e-09, 4.49147652404e-09, 1.89114990334e-09, 4.22449991655e-11, 7.94548801752e-11, 1.62777041846e-10, 1.14586104494e-10, 1.16731777022e-10, 1.17699169855e-10, 2.04970034001e-11, 7.6253092382e-12, -4.92809135513e-13, 2.52446772254e-13, 2.45436300678e-14, 1.28547795306e-15, 8.54793780754e-16, 1.19302600093e-15, 3.60761761329e-16, 2.35584016305e-17, 5.26451035848e-18], [3.7366172656e-11, 7.46798711759e-09, 1.95756015842e-08, 2.41072872775e-09, 2.89482873228e-08, 2.12721218418e-08, 2.14714113156e-09, 4.04298212686e-08, 5.37112399002e-08, 2.27392487062e-08, 5.90756166208e-10, 1.01409591835e-09, 1.87389059825e-09, 1.28338040195e-09, 1.40857214781e-09, 1.45906509097e-09, 2.80532097552e-10, 1.08243226882e-10, 2.95795939825e-13, 3.26124218776e-12, 4.12316665185e-13, 1.8221442218e-14, 1.02156620362e-14, 1.42812228243e-14, 4.25531946173e-15, 2.34042932502e-16, 2.98479124315e-17], [2.74248800752e-11, 5.49338663447e-09, 1.43964165034e-08, 1.7656281992e-09, 2.12721218418e-08, 1.57359298925e-08, 1.60718582887e-09, 2.97052498155e-08, 3.94864692055e-08, 1.67151910091e-08, 4.37377689622e-10, 7.49394879485e-10, 1.37386602095e-09, 9.38881528079e-10, 1.05527730998e-09, 1.0916314519e-09, 2.14175427393e-10, 8.02915997578e-11, 2.10696030393e-13, 2.39045827403e-12, 2.97059116671e-13, 1.37176621584e-14, 7.67227281733e-15, 1.05781836673e-14, 3.14575669929e-15, 1.72370291559e-16, 1.86504660867e-17], [2.75556921031e-12, 5.32500210593e-10, 1.3989376324e-09, 1.83118492592e-10, 2.14714113156e-09, 1.60718582887e-09, 2.88207402388e-10, 3.56093265985e-09, 4.94272178742e-09, 2.60763433069e-09, 6.24301166319e-10, 6.34762242768e-10, 1.11510001233e-09, 5.99345684194e-10, 5.0782594796e-10, 8.34738833611e-10, 4.14946077498e-10, 1.44221204423e-10, 3.91195374705e-11, 1.55309012179e-12, 7.13674995836e-13, 2.86245501043e-14, 1.41803924458e-15, 1.56544828251e-15, 4.74009854618e-16, 6.05448099564e-17, 2.89756604017e-17], [5.23299494015e-11, 1.04046904426e-08, 2.72887525909e-08, 3.39086048129e-09, 4.04298212686e-08, 2.97052498155e-08, 3.56093265985e-09, 6.13619448586e-08, 8.3873160861e-08, 4.01562800789e-08, 5.88173598715e-09, 6.15511153157e-09, 1.06174322667e-08, 5.75909053779e-09, 5.02815566961e-09, 7.33457072855e-09, 3.3651286202e-09, 1.2923918602e-09, 3.43821138227e-10, 1.63290769795e-11, 6.71795778728e-12, 2.58693782541e-13, 1.75993829156e-14, 2.26939438921e-14, 6.60819699471e-15, 4.07973551394e-16, 6.25449260601e-17], [6.94642815491e-11, 1.38466837996e-08, 3.63074050824e-08, 4.49147652404e-09, 5.37112399002e-08, 3.94864692055e-08, 4.94272178742e-09, 8.3873160861e-08, 1.16025809405e-07, 5.77338532537e-08, 1.04563948611e-08, 1.06623918583e-08, 1.82076558275e-08, 9.64913571266e-09, 8.25735479992e-09, 1.27295649577e-08, 6.12983397374e-09, 2.34771002638e-09, 6.39987562945e-10, 2.79638395773e-11, 1.21551935184e-11, 4.66448602833e-13, 2.51374391273e-14, 3.15985607092e-14, 9.18117476847e-15, 5.72350326855e-16, 8.85156841419e-17], [2.92838392424e-11, 5.84555648331e-09, 1.53251971113e-08, 1.89114990334e-09, 2.27392487062e-08, 1.67151910091e-08, 2.60763433069e-09, 4.01562800789e-08, 5.77338532537e-08, 3.28249178949e-08, 9.5051797544e-09, 9.33947053028e-09, 1.56708601651e-08, 8.22915868781e-09, 7.08338587785e-09, 1.1102214259e-08, 5.76559955334e-09, 2.20132889694e-09, 6.19824302994e-10, 2.44017393097e-11, 1.14484654395e-11, 4.34874738216e-13, 1.4138196229e-14, 1.63828521739e-14, 4.6915782755e-15, 3.35448525807e-16, 7.83881810302e-17], [6.42964197509e-13, 1.24543375613e-10, 3.26501853332e-10, 4.22449991655e-11, 5.90756166208e-10, 4.37377689622e-10, 6.24301166319e-10, 5.88173598715e-09, 1.04563948611e-08, 9.5051797544e-09, 5.74625014238e-09, 5.64486812848e-09, 8.90683704569e-09, 4.94870810996e-09, 4.36741576237e-09, 6.88844847829e-09, 3.77747522151e-09, 1.49005863204e-09, 3.94051985486e-10, 1.50348119371e-11, 7.070394617e-12, 2.57529837299e-13, 4.61156246111e-15, 3.93691892983e-15, 1.0769031837e-15, 1.82599286423e-16, 1.07494072748e-16], [1.20541695115e-12, 2.34292141243e-10, 6.15436257512e-10, 7.94548801752e-11, 1.01409591835e-09, 7.49394879485e-10, 6.34762242768e-10, 6.15511153157e-09, 1.06623918583e-08, 9.33947053028e-09, 5.64486812848e-09, 5.93611959587e-09, 8.76250538795e-09, 5.49321432786e-09, 5.57549517666e-09, 7.8682420579e-09, 4.27173674211e-09, 1.65644475913e-09, 3.89985183036e-10, 1.65191714474e-11, 7.05613605739e-12, 2.49376989328e-13, 5.54792985573e-15, 4.72267200796e-15, 1.54821984412e-15, 2.97588641224e-16, 2.06080574968e-16], [2.32267005108e-12, 4.19975998422e-10, 1.11034847983e-09, 1.62777041846e-10, 1.87389059825e-09, 1.37386602095e-09, 1.11510001233e-09, 1.06174322667e-08, 1.82076558275e-08, 1.56708601651e-08, 8.90683704569e-09, 8.76250538795e-09, 1.44422491744e-08, 7.85480036569e-09, 6.93073065605e-09, 1.1964816693e-08, 6.54177556569e-09, 2.30509322741e-09, 6.20439255528e-10, 2.27098444217e-11, 1.09118243954e-11, 4.06481055412e-13, 8.39775992479e-15, 6.99243443299e-15, 1.97284624855e-15, 3.198111594e-16, 1.72087157561e-16], [1.65719347966e-12, 2.99581776053e-10, 7.90991105948e-10, 1.14586104494e-10, 1.28338040195e-09, 9.38881528079e-10, 5.99345684194e-10, 5.75909053779e-09, 9.64913571266e-09, 8.22915868781e-09, 4.94870810996e-09, 5.49321432786e-09, 7.85480036569e-09, 6.33550856222e-09, 7.66932028995e-09, 8.93983287398e-09, 4.77749306782e-09, 1.79251247179e-09, 3.61240037883e-10, 1.81152055162e-11, 6.60678109443e-12, 2.19787702578e-13, 8.19135408917e-15, 5.495452353e-15, 2.35976136973e-15, 4.4789042902e-16, 3.25356419408e-16], [1.77997482205e-12, 3.50166368124e-10, 9.18360665292e-10, 1.16731777022e-10, 1.40857214781e-09, 1.05527730998e-09, 5.0782594796e-10, 5.02815566961e-09, 8.25735479992e-09, 7.08338587785e-09, 4.36741576237e-09, 5.57549517666e-09, 6.93073065605e-09, 7.66932028995e-09, 1.21038477019e-08, 1.06696367297e-08, 5.70686298218e-09, 2.20540763429e-09, 3.40851818992e-10, 2.20812899215e-11, 6.56200354471e-12, 2.06635788124e-13, 1.08746850094e-14, 7.53527116734e-15, 3.78501924085e-15, 7.15483224832e-16, 5.60893570969e-16], [1.82126644495e-12, 3.52333717757e-10, 9.25119647555e-10, 1.17699169855e-10, 1.45906509097e-09, 1.0916314519e-09, 8.34738833611e-10, 7.33457072855e-09, 1.27295649577e-08, 1.1102214259e-08, 6.88844847829e-09, 7.8682420579e-09, 1.1964816693e-08, 8.93983287398e-09, 1.06696367297e-08, 1.71265810422e-08, 8.83934703211e-09, 2.799250165e-09, 5.45677447672e-10, 2.56954110767e-11, 9.24703889849e-12, 3.02258001614e-13, 1.12512199535e-14, 7.69041880416e-15, 3.07011581007e-15, 5.88953337292e-16, 4.0287700709e-16], [3.29223492001e-13, 6.31162136444e-11, 1.65402733177e-10, 2.04970034001e-11, 2.80532097552e-10, 2.14175427393e-10, 4.14946077498e-10, 3.3651286202e-09, 6.12983397374e-09, 5.76559955334e-09, 3.77747522151e-09, 4.27173674211e-09, 6.54177556569e-09, 4.77749306782e-09, 5.70686298218e-09, 8.83934703211e-09, 4.74351669055e-09, 1.43561518229e-09, 2.92755930609e-10, 1.30453070221e-11, 4.91035727704e-12, 1.6538146178e-13, 6.10613600291e-15, 4.06523722156e-15, 1.59352107197e-15, 3.23385109042e-16, 2.26316403836e-16], [1.19180097106e-13, 2.34015654077e-11, 6.15783396496e-11, 7.6253092382e-12, 1.08243226882e-10, 8.02915997578e-11, 1.44221204423e-10, 1.2923918602e-09, 2.34771002638e-09, 2.20132889694e-09, 1.49005863204e-09, 1.65644475913e-09, 2.30509322741e-09, 1.79251247179e-09, 2.20540763429e-09, 2.799250165e-09, 1.43561518229e-09, 5.99135796531e-10, 1.12010387077e-10, 5.69612499529e-12, 2.01950869222e-12, 6.54691077284e-14, 1.92426552089e-15, 1.43499843237e-15, 5.77728139037e-16, 1.11332329756e-16, 7.99710010585e-17], [-6.95888811663e-15, -1.27412761331e-12, -3.37114450938e-12, -4.92809135513e-13, 2.95795939825e-13, 2.10696030393e-13, 3.91195374705e-11, 3.43821138227e-10, 6.39987562945e-10, 6.19824302994e-10, 3.94051985486e-10, 3.89985183036e-10, 6.20439255528e-10, 3.61240037883e-10, 3.40851818992e-10, 5.45677447672e-10, 2.92755930609e-10, 1.12010387077e-10, 2.80572960698e-11, 1.10891970519e-12, 4.97187469146e-13, 1.77818795523e-14, 3.53821702755e-16, 2.61163603984e-16, 7.60360168578e-17, 1.28939673114e-17, 7.53848817863e-18], [3.98695316602e-15, 8.13920708175e-13, 2.13351190013e-12, 2.52446772254e-13, 3.26124218776e-12, 2.39045827403e-12, 1.55309012179e-12, 1.63290769795e-11, 2.79638395773e-11, 2.44017393097e-11, 1.50348119371e-11, 1.65191714474e-11, 2.27098444217e-11, 1.81152055162e-11, 2.20812899215e-11, 2.56954110767e-11, 1.30453070221e-11, 5.69612499529e-12, 1.10891970519e-12, 6.32138858945e-14, 2.18108917158e-14, 6.39697651793e-16, 1.81983159289e-17, 1.35004983227e-17, 5.01653856804e-18, 9.4738432782e-19, 6.78437718587e-19], [3.85781844041e-16, 7.99594629874e-14, 2.09382072227e-13, 2.45436300678e-14, 4.12316665185e-13, 2.97059116671e-13, 7.13674995836e-13, 6.71795778728e-12, 1.21551935184e-11, 1.14484654395e-11, 7.070394617e-12, 7.05613605739e-12, 1.09118243954e-11, 6.60678109443e-12, 6.56200354471e-12, 9.24703889849e-12, 4.91035727704e-12, 2.01950869222e-12, 4.97187469146e-13, 2.18108917158e-14, 9.31131036939e-15, 3.16865311159e-16, 5.77016834848e-18, 4.792118264e-18, 1.38465919318e-18, 2.30156336299e-19, 1.3824373602e-19], [1.66392310211e-17, 3.11666471744e-15, 8.17883240111e-15, 1.28547795306e-15, 1.8221442218e-14, 1.37176621584e-14, 2.86245501043e-14, 2.58693782541e-13, 4.66448602833e-13, 4.34874738216e-13, 2.57529837299e-13, 2.49376989328e-13, 4.06481055412e-13, 2.19787702578e-13, 2.06635788124e-13, 3.02258001614e-13, 1.6538146178e-13, 6.54691077284e-14, 1.77818795523e-14, 6.39697651793e-16, 3.16865311159e-16, 1.25184777713e-17, 2.20447019516e-19, 1.91529896825e-19, 6.35061194445e-20, 9.26066581271e-21, 5.45873894175e-21], [1.31193880904e-17, 2.60831365898e-15, 6.82258569234e-15, 8.54793780754e-16, 1.02156620362e-14, 7.67227281733e-15, 1.41803924458e-15, 1.75993829156e-14, 2.51374391273e-14, 1.4138196229e-14, 4.61156246111e-15, 5.54792985573e-15, 8.39775992479e-15, 8.19135408917e-15, 1.08746850094e-14, 1.12512199535e-14, 6.10613600291e-15, 1.92426552089e-15, 3.53821702755e-16, 1.81983159289e-17, 5.77016834848e-18, 2.20447019516e-19, 3.13916787298e-20, 1.49489146588e-20, 6.51080080151e-21, 1.09215568371e-21, 7.13848336314e-22], [1.82098170482e-17, 3.60947801528e-15, 9.46135039753e-15, 1.19302600093e-15, 1.42812228243e-14, 1.05781836673e-14, 1.56544828251e-15, 2.26939438921e-14, 3.15985607092e-14, 1.63828521739e-14, 3.93691892983e-15, 4.72267200796e-15, 6.99243443299e-15, 5.495452353e-15, 7.53527116734e-15, 7.69041880416e-15, 4.06523722156e-15, 1.43499843237e-15, 2.61163603984e-16, 1.35004983227e-17, 4.792118264e-18, 1.91529896825e-19, 1.49489146588e-20, 1.58821472576e-20, 4.83263834285e-21, 7.88045336641e-22, 4.7369514588e-22], [5.50542836625e-18, 1.08124507459e-15, 2.83244852947e-15, 3.60761761329e-16, 4.25531946173e-15, 3.14575669929e-15, 4.74009854618e-16, 6.60819699471e-15, 9.18117476847e-15, 4.6915782755e-15, 1.0769031837e-15, 1.54821984412e-15, 1.97284624855e-15, 2.35976136973e-15, 3.78501924085e-15, 3.07011581007e-15, 1.59352107197e-15, 5.77728139037e-16, 7.60360168578e-17, 5.01653856804e-18, 1.38465919318e-18, 6.35061194445e-20, 6.51080080151e-21, 4.83263834285e-21, 2.98355767064e-21, 3.90212886667e-22, 2.83452995593e-22], [2.9633262061e-19, 4.92269641647e-17, 1.30542176732e-16, 2.35584016305e-17, 2.34042932502e-16, 1.72370291559e-16, 6.05448099564e-17, 4.07973551394e-16, 5.72350326855e-16, 3.35448525807e-16, 1.82599286423e-16, 2.97588641224e-16, 3.198111594e-16, 4.4789042902e-16, 7.15483224832e-16, 5.88953337292e-16, 3.23385109042e-16, 1.11332329756e-16, 1.28939673114e-17, 9.4738432782e-19, 2.30156336299e-19, 9.26066581271e-21, 1.09215568371e-21, 7.88045336641e-22, 3.90212886667e-22, 1.15835969291e-22, 9.32147012582e-23], [2.85798171779e-20, -7.95114645915e-19, -1.03687999682e-18, 5.26451035848e-18, 2.98479124315e-17, 1.86504660867e-17, 2.89756604017e-17, 6.25449260601e-17, 8.85156841419e-17, 7.83881810302e-17, 1.07494072748e-16, 2.06080574968e-16, 1.72087157561e-16, 3.25356419408e-16, 5.60893570969e-16, 4.0287700709e-16, 2.26316403836e-16, 7.99710010585e-17, 7.53848817863e-18, 6.78437718587e-19, 1.3824373602e-19, 5.45873894175e-21, 7.13848336314e-22, 4.7369514588e-22, 2.83452995593e-22, 9.32147012582e-23, 8.16762536785e-23]]
    },
    "mfcc": {
        "kurt": [0.642363548279, 1.11536026001, 5.08311843872, 0.330293416977, 3.24428939819, 4.45631027222, 1.17940664291, 5.41043567657, 4.3013086319, 2.98429107666, 5.41066455841, 4.97629499435, 4.24884271622],
        "max": [-762.551513672, 274.677215576, 41.8853187561, 32.8157234192, 46.4268684387, 19.6412506104, 15.7310371399, 41.8452110291, 34.5650367737, 24.7012424469, 31.015422821, 25.432641983, 15.6136779785],
        "mean": [-1081.52868652, 38.0800094604, -16.3085079193, -12.6140623093, 3.46229982376, -2.51248979568, -5.93047904968, 0.213915660977, 2.58224463463, 1.40473759174, 1.48357737064, 0.883513748646, -0.587001919746],
        "median": [-1138.42004395, 1.14440917969e-05, -6.103515625e-05, 8.01086425781e-05, -6.103515625e-05, 2.28881835938e-05, -2.67028808594e-05, -5.34057617188e-05, -4.57763671875e-05, -2.28881835938e-05, -2.67028808594e-05, -3.0517578125e-05, -3.81469726562e-05],
        "min": [-1138.42004395, 1.14440917969e-05, -193.346359253, -93.2239761353, -30.5568351746, -47.7812156677, -49.6960067749, -25.3125686646, -15.5263366699, -21.503074646, -19.7791957855, -16.4475021362, -22.4977684021],
        "skew": [1.46271049976, 1.50309431553, -2.42547988892, -1.27031171322, 1.18227887154, -1.72420942783, -1.45320618153, 0.66826736927, 1.73487401009, 0.870573401451, 1.41822683811, 0.958819150925, -0.966822564602],
        "var": [9424.390625, 3821.10058594, 2173.7487793, 761.32598877, 118.555473328, 117.721862793, 198.326278687, 76.7788391113, 49.4969787598, 49.7120399475, 44.0653915405, 24.4221725464, 25.8880348206],
        "cov": [[9475.88964844, 5737.49169922, -3659.17749023, -2411.59399414, 425.172119141, -746.179138184, -1118.47094727, -1.35699605942, 245.229141235, 19.6672115326, 159.152496338, 147.167617798, -100.110023499], [5737.49169922, 3841.98095703, -1700.55187988, -1400.37475586, 234.052383423, -373.729095459, -743.801208496, -79.3934783936, 161.589202881, -1.45738077164, 57.6686401367, 61.989528656, -100.936798096], [-3659.17749023, -1700.55187988, 2185.62719727, 1092.68029785, -186.477478027, 401.274597168, 370.240905762, -106.397155762, -83.5517044067, -30.2375602722, -128.354644775, -103.620025635, -27.2537841797], [-2411.59399414, -1400.37475586, 1092.68029785, 765.48626709, -47.9188690186, 228.40083313, 330.315490723, 18.5801200867, -60.8046379089, -12.8123397827, -55.1356925964, -50.0419654846, 4.36965751648], [425.172119141, 234.052383423, -186.477478027, -47.9188690186, 119.203315735, 10.8800067902, -16.0986042023, 57.7585258484, 35.2911453247, 8.05746746063, 29.4535541534, 17.6894741058, -2.98923516273], [-746.179138184, -373.729095459, 401.274597168, 228.40083313, 10.8800067902, 118.365150452, 105.656135559, 16.0026016235, 10.1100635529, 15.6632556915, -5.24007844925, -11.2814502716, 2.31488347054], [-1118.47094727, -743.801208496, 370.240905762, 330.315490723, -16.0986042023, 105.656135559, 199.41003418, 52.8061904907, -10.4311332703, 20.7794685364, -0.841181755066, -14.0800476074, 14.2056827545], [-1.35699605942, -79.3934783936, -106.397155762, 18.5801200867, 57.7585258484, 16.0026016235, 52.8061904907, 77.1983947754, 32.6533508301, 24.1278305054, 37.1915550232, 15.9293527603, 5.57767009735], [245.229141235, 161.589202881, -83.5517044067, -60.8046379089, 35.2911453247, 10.1100635529, -10.4311332703, 32.6533508301, 49.7674560547, 38.2999763489, 31.5253105164, 16.729724884, 3.49100589752], [19.6672115326, -1.45738077164, -30.2375602722, -12.8123397827, 8.05746746063, 15.6632556915, 20.7794685364, 24.1278305054, 38.2999763489, 49.9836921692, 33.2866172791, 13.6311225891, 13.4837417603], [159.152496338, 57.6686401367, -128.354644775, -55.1356925964, 29.4535541534, -5.24007844925, -0.841181755066, 37.1915550232, 31.5253105164, 33.2866172791, 44.306186676, 24.8572864532, 10.7088394165], [147.167617798, 61.989528656, -103.620025635, -50.0419654846, 17.6894741058, -11.2814502716, -14.0800476074, 15.9293527603, 16.729724884, 13.6311225891, 24.8572864532, 24.5556259155, 14.0877428055], [-100.110023499, -100.936798096, -27.2537841797, 4.36965751648, -2.98923516273, 2.31488347054, 14.2056827545, 5.57767009735, 3.49100589752, 13.4837417603, 10.7088394165, 14.0877428055, 26.029499054]]
    },
    "sccoeffs": {
        "kurt": [-0.315892696381, 0.38870215416, -0.0970253944397, -0.985809326172, -0.246113061905, 0.635329246521],
        "max": [-0.575446307659, -0.596489310265, -0.646019518375, -0.741697013378, -0.509269535542, -0.69037091732],
        "mean": [-0.851724028587, -0.877571940422, -0.888012170792, -0.895355403423, -0.851402342319, -0.895766377449],
        "median": [-0.867849349976, -0.887135386467, -0.887976467609, -0.9054043293, -0.916796565056, -0.898288190365],
        "min": [-0.980180263519, -0.98005849123, -0.984869837761, -0.984181284904, -0.981014788151, -0.978009879589],
        "skew": [0.671319484711, 0.795222043991, 0.541774213314, 0.44468075037, 1.120439291, 0.66635632515],
        "var": [0.00952536519617, 0.0059697185643, 0.00438120821491, 0.00351074244827, 0.0178406257182, 0.00275636883453],
        "cov": [[0.00957741588354, 0.00488523906097, 0.00432671559975, 0.00413644034415, 0.00876694358885, 0.00340475304984], [0.00488523906097, 0.00600234000012, 0.00346051901579, 0.00363967940211, 0.00720812985674, 0.00312458490953], [0.00432671559975, 0.00346051901579, 0.00440514925867, 0.00298316823319, 0.00568463839591, 0.00246016634628], [0.00413644034415, 0.00363967940211, 0.00298316823319, 0.00352992676198, 0.00583938090131, 0.00240425230004], [0.00876694358885, 0.00720812985674, 0.00568463839591, 0.00583938090131, 0.0179381165653, 0.00570082804188], [0.00340475304984, 0.00312458490953, 0.00246016634628, 0.00240425230004, 0.00570082804188, 0.00277143088169]]
    },
    "scvalleys": {
        "kurt": [-1.10149168968, -1.12085688114, -1.14176940918, -1.13639855385, -1.01204538345, -1.05523824692],
        "max": [-5.248234272, -5.35908079147, -4.73417568207, -5.35565900803, -8.575340271, -13.8090248108],
        "mean": [-16.4868221283, -15.9152145386, -16.0666446686, -16.490852356, -17.8183307648, -19.5542736053],
        "median": [-14.1369056702, -13.8358783722, -14.4036312103, -15.37383461, -15.4175701141, -17.1895256042],
        "min": [-28.3850345612, -28.2004871368, -27.6525020599, -27.736164093, -27.5814342499, -27.3639431],
        "skew": [-0.685477077961, -0.587398469448, -0.490460783243, -0.354178011417, -0.694846332073, -0.813850343227],
        "var": [48.4423942566, 55.6944351196, 55.0034751892, 53.7364883423, 36.4127998352, 23.4485607147],
        "cov": [[48.7071075439, 51.2854003906, 50.2713241577, 48.913433075, 40.7096824646, 33.101436615], [51.2854003906, 55.9987792969, 55.2116775513, 54.1577987671, 44.3412513733, 35.6924972534], [50.2713241577, 55.2116775513, 55.3040428162, 54.328994751, 44.2899665833, 35.3945045471], [48.913433075, 54.1577987671, 54.328994751, 54.030128479, 43.5127334595, 34.5692863464], [40.7096824646, 44.3412513733, 44.2899665833, 43.5127334595, 36.6117782593, 29.1938018799], [33.101436615, 35.6924972534, 35.3945045471, 34.5692863464, 29.1938018799, 23.5766944885]]
    }
},
"rhythm": {
    "beats_loudness": {
        "kurt": -0.0945370197296,
        "max": 0.00214848550968,
        "mean": 0.000447074562544,
        "median": 4.72943071372e-08,
        "min": 0,
        "skew": 1.3638188839,
        "var": 6.8784783025e-07
    },
    "bpm": 136.046295166,
    "confidence": 0,
    "first_peak_bpm": {
        "kurt": 0,
        "max": 136,
        "mean": 136,
        "median": 136,
        "min": 136,
        "skew": 0,
        "var": 0
    },
    "first_peak_spread": {
        "kurt": 0,
        "max": 0.5,
        "mean": 0.5,
        "median": 0.5,
        "min": 0.5,
        "skew": 0,
        "var": 0
    },
    "first_peak_weight": {
        "kurt": 0,
        "max": 0.25,
        "mean": 0.25,
        "median": 0.25,
        "min": 0.25,
        "skew": 0,
        "var": 0
    },
    "onset_rate": 0.473252117634,
    "second_peak_bpm": {
        "kurt": 0,
        "max": 144,
        "mean": 144,
        "median": 144,
        "min": 144,
        "skew": 0,
        "var": 0
    },
    "second_peak_spread": {
        "kurt": 0,
        "max": 0.5,
        "mean": 0.5,
        "median": 0.5,
        "min": 0.5,
        "skew": 0,
        "var": 0
    },
    "second_peak_weight": {
        "kurt": 0,
        "max": 0.125,
        "mean": 0.125,
        "median": 0.125,
        "min": 0.125,
        "skew": 0,
        "var": 0
    },
    "beats_loudness_band_ratio": {
        "kurt": [3.77816057205, 1.8781170845, -1.3275731802, -1.22017276287, 3.11145782471, 4.09567737579],
        "max": [0.772926747799, 0.304874360561, 0.713172972202, 0.515204966068, 0.701537370682, 0.115444377065],
        "mean": [0.100743748248, 0.059747941792, 0.245838806033, 0.185400992632, 0.121707901359, 0.0135407242924],
        "median": [0.00010899596964, 0.00881527177989, 0.0799663960934, 0.203240215778, 0.0215487778187, 0.000207235163543],
        "min": [0, 0, 0, 0, 0, 0],
        "skew": [2.36458182335, 1.76432693005, 0.553636848927, 0.355473965406, 2.13575458527, 2.46484804153],
        "var": [0.0579461865127, 0.00915849395096, 0.0705972760916, 0.0332551412284, 0.0455268509686, 0.00130084343255],
        "cov": [[0.0651894584298, 0.0239908900112, -0.0109659731388, -0.0167526677251, -0.0123389707878, -0.00145038310438], [0.0239908900112, 0.010303305462, 0.00460479687899, -0.00330323283561, -0.00642899144441, -0.000762551673688], [-0.0109659731388, 0.00460479687899, 0.0794219374657, 0.0368814170361, -0.00726458616555, 0.000761050148867], [-0.0167526677251, -0.00330323283561, 0.0368814170361, 0.037412032485, 0.0158100333065, 0.00481100939214], [-0.0123389707878, -0.00642899144441, -0.00726458616555, 0.0158100333065, 0.0512177087367, 0.000731481355615], [-0.00145038310438, -0.000762551673688, 0.000761050148867, 0.00481100939214, 0.000731481355615, 0.00146344886161]]
    },
    "beats_position": [0.371519267559, 0.777868449688, 1.16099774837, 1.55573689938, 1.97369611263, 2.40326523781, 2.8444442749, 3.28562355042, 3.73841261864],
    "bpm_estimates": [139.674835205, 135.999206543, 135.999130249, 132.512039185],
    "bpm_intervals": [0.406349182129, 0.383129298687, 0.394739151001, 0.417959213257, 0.429569125175, 0.441179037094, 0.441179275513, 0.452789068222],
    "onset_times": [1.14938771725, 1.54412698746],
    "histogram": [[0, 0, 0, 0, 0, 0, 0, 0, 0, 0, 0, 0, 0, 0, 0, 0, 0, 0, 0, 0, 0, 0, 0, 0, 0, 0, 0, 0, 0, 0, 0, 0, 0, 0, 0, 0, 0, 0, 0, 0, 0, 0, 0, 0, 0, 0, 0, 0, 0, 0, 0, 0, 0, 0, 0, 0, 0, 0, 0, 0, 0, 0, 0, 0, 0, 0, 0, 0, 0, 0, 0, 0, 0, 0, 0, 0, 0, 0, 0, 0, 0, 0, 0, 0, 0, 0, 0, 0, 0, 0, 0, 0, 0, 0, 0, 0, 0, 0, 0, 0, 0, 0, 0, 0, 0, 0, 0, 0, 0, 0, 0, 0, 0, 0, 0, 0, 0, 0, 0, 0, 0, 0, 0, 0, 0, 0, 0, 0, 0, 0, 0, 0, 0, 0.125, 0, 0, 0.25, 0, 0, 0, 0.125, 0, 0, 0, 0.125, 0, 0, 0, 0.125, 0, 0, 0, 0.125, 0, 0, 0, 0, 0.125, 0, 0, 0, 0, 0, 0, 0, 0, 0, 0, 0, 0, 0, 0, 0, 0, 0, 0, 0, 0, 0, 0, 0, 0, 0, 0, 0, 0, 0, 0, 0, 0, 0, 0, 0, 0, 0, 0, 0, 0, 0, 0, 0, 0, 0, 0, 0, 0, 0, 0, 0, 0, 0, 0, 0, 0, 0, 0, 0, 0, 0, 0, 0, 0, 0, 0, 0, 0, 0, 0, 0, 0, 0, 0, 0, 0, 0, 0, 0, 0, 0, 0, 0, 0, 0, 0, 0, 0, 0, 0, 0, 0]]
},
"sfx": {
    "inharmonicity": {
        "kurt": -0.350687026978,
        "max": 0.364918023348,
        "mean": 0.096948646009,
        "median": 0.0668712630868,
        "min": 0,
        "skew": 0.886264383793,
        "var": 0.0091265598312
    },
    "oddtoevenharmonicenergyratio": {
        "kurt": 81.4871902466,
        "max": 72.9449386597,
        "mean": 1.48519968987,
        "median": 0.527083516121,
        "min": 0,
        "skew": 8.98689651489,
        "var": 52.3649787903
    },
    "pitch_after_max_to_before_max_energy_ratio": 0.112882480025,
    "pitch_centroid": 89.622253418,
    "pitch_max_to_total": 0.869565188885,
    "pitch_min_to_total": 0.614130437374,
    "tristimulus": {
        "kurt": [-0.923745632172, -0.558339118958, -1.11985874176],
        "max": [1, 0.875146389008, 1],
        "mean": [0.365399926901, 0.293605774641, 0.340994179249],
        "median": [0.313613951206, 0.27681851387, 0.297189235687],
        "min": [0, 0, 0],
        "skew": [0.586530327797, 0.34126418829, 0.454799622297],
        "var": [0.109462924302, 0.0388456247747, 0.0898503214121],
        "cov": [[0.110061079264, -0.0293888114393, -0.0806723088026], [-0.0293888114393, 0.0390578955412, -0.00966906547546], [-0.0806723088026, -0.00966906547546, 0.0903413072228]]
    }
},
"tonal": {
    "chords_changes_rate": 0.172043010592,
    "chords_number_rate": 0.0752688199282,
    "chords_strength": {
        "kurt": 3.17857789993,
        "max": 0.584054350853,
        "mean": 0.253670245409,
        "median": 0.3950920403,
        "min": -1,
        "skew": -2.20964288712,
        "var": 0.218209311366
    },
    "key_strength": 0.573050141335,
    "tuning_diatonic_strength": 0.373603194952,
    "tuning_equal_tempered_deviation": 0.216658219695,
    "tuning_frequency": 433.191070557,
    "tuning_nontempered_energy_ratio": 0.877568244934,
    "hpcp": {
        "kurt": [1.21600055695, 2.53497409821, 3.25248432159, 2.87601900101, 4.42052030563, 1.68529033661, 1.60567378998, 1.11642074585, 2.24132156372, 1.93009519577, 1.5699968338, 4.83376502991, 1.87435054779, 0.798809289932, 0.570323467255, 0.395421266556, 0.712978601456, 1.6543264389, 3.3835811615, 1.1457824707, 1.64521217346, 4.98981285095, 4.60905504227, 2.42817974091, 2.22057819366, 3.33805894852, 4.5975484848, 3.85209751129, 2.41790103912, 2.28787231445, 0.82578587532, 2.72354507446, 2.31224107742, 3.73615694046, 3.08001947403, 1.66513442993],
        "max": [1, 1, 1, 0.835297822952, 0.825648903847, 0.895051658154, 1, 1, 1, 1, 0.725909054279, 1, 0.965629935265, 1, 1, 1, 1, 1, 1, 0.736446738243, 0.730914235115, 0.876779675484, 1, 1, 1, 1, 0.99431014061, 0.942372202873, 1, 1, 0.995540738106, 1, 0.998898684978, 1, 1, 1],
        "mean": [0.175493568182, 0.151851385832, 0.132309913635, 0.111696630716, 0.101950317621, 0.125561162829, 0.17273786664, 0.175817757845, 0.14829801023, 0.143209993839, 0.123584531248, 0.122008278966, 0.148865476251, 0.184177681804, 0.204244658351, 0.196363955736, 0.168436318636, 0.148179158568, 0.137993350625, 0.115260235965, 0.104551531374, 0.0984032675624, 0.123307608068, 0.164812788367, 0.170517757535, 0.141514152288, 0.120832830667, 0.119370415807, 0.134492844343, 0.163856074214, 0.167017608881, 0.157786637545, 0.141820371151, 0.122213222086, 0.122867889702, 0.157239824533],
        "median": [0, 0, 0, 0, 0, 0, 0, 0, 0, 0, 0, 0, 0, 0, 0, 0, 0, 0, 0, 0, 0, 0, 0, 0, 0, 0, 0, 0, 0, 0, 0, 0, 0, 0, 0, 0],
        "min": [0, 0, 0, 0, 0, 0, 0, 0, 0, 0, 0, 0, 0, 0, 0, 0, 0, 0, 0, 0, 0, 0, 0, 0, 0, 0, 0, 0, 0, 0, 0, 0, 0, 0, 0, 0],
