{
"metadata": {
    "version": {
        "essentia": "2.1-beta3"
    }
},
"lowLevel": {
    "average_loudness": 0.0581279397011,
    "barkbands_kurtosis": {
        "kurt": 77.2772750854,
        "max": 26.8130626678,
        "mean": -0.564668476582,
        "median": -0.95660173893,
        "min": -1.77933657169,
        "skew": 5.37376403809,
        "var": 1.50391471386
    },
    "barkbands_skewness": {
        "kurt": 1.24239301682,
        "max": 4.80709409714,
        "mean": 0.489518761635,
        "median": 0.493123948574,
        "min": -2.96538424492,
        "skew": -0.0343481861055,
        "var": 0.404343873262
    },
    "barkbands_spread": {
        "kurt": 0.266847848892,
        "max": 45.2486915588,
        "mean": 24.9783287048,
        "median": 25.5048427582,
        "min": 3.65534758568,
        "skew": -0.428979098797,
        "var": 31.8170166016
    },
    "dissonance": {
        "kurt": 6.69598484039,
        "max": 0.500000119209,
        "mean": 0.478376984596,
        "median": 0.482637017965,
        "min": 0.319085091352,
        "skew": -1.9313647747,
        "var": 0.00030864981818
    },
    "hfc": {
        "kurt": 108.756057739,
        "max": 110.970710754,
        "mean": 3.01921415329,
        "median": 1.51486730576,
        "min": 4.10655559335e-07,
        "skew": 8.54434299469,
        "var": 34.7240104675
    },
    "pitch": {
        "kurt": 3.836561203,
        "max": 4800.71435547,
        "mean": 706.552001953,
        "median": 370.543548584,
        "min": 67.4436340332,
        "skew": 2.349152565,
        "var": 1040892.5625
    },
    "pitch_instantaneous_confidence": {
        "kurt": 3.08513212204,
        "max": 0.942873358727,
        "mean": 0.289511620998,
        "median": 0.243121236563,
        "min": 0.11707252264,
        "skew": 1.75421416759,
        "var": 0.0198231078684
    },
    "pitch_salience": {
        "kurt": 3.0793299675,
        "max": 0.919753909111,
        "mean": 0.739606678486,
        "median": 0.760647177696,
        "min": 0.272151052952,
        "skew": -1.54512476921,
        "var": 0.00592679623514
    },
    "silence_rate_20dB": {
        "kurt": 0,
        "max": 1,
        "mean": 1,
        "median": 1,
        "min": 1,
        "skew": 0,
        "var": 0
    },
    "silence_rate_30dB": {
        "kurt": 0,
        "max": 1,
        "mean": 1,
        "median": 1,
        "min": 1,
        "skew": 0,
        "var": 0
    },
    "silence_rate_60dB": {
        "kurt": 5.77135181427,
        "max": 1,
        "mean": 0.906266450882,
        "median": 1,
        "min": 0,
        "skew": -2.78769803047,
        "var": 0.0849500074983
    },
    "spectral_centroid": {
        "kurt": 0.216415882111,
        "max": 3613.04052734,
        "mean": 1517.02758789,
        "median": 1446.20825195,
        "min": 575.038452148,
        "skew": 0.651077330112,
        "var": 210243.421875
    },
    "spectral_complexity": {
        "kurt": 9.14067077637,
        "max": 48,
        "mean": 5.97919940948,
        "median": 4,
        "min": 0,
        "skew": 2.7399494648,
        "var": 46.3375244141
    },
    "spectral_crest": {
        "kurt": 4.34356880188,
        "max": 21.4701004028,
        "mean": 6.10586977005,
        "median": 5.40152454376,
        "min": 2.39769339561,
        "skew": 1.78735172749,
        "var": 7.13978767395
    },
    "spectral_decrease": {
        "kurt": 121.171226501,
        "max": -1.10355793412e-16,
        "mean": -3.84812570697e-10,
        "median": -2.58837562495e-10,
        "min": -1.15013287783e-08,
        "skew": -8.70703792572,
        "var": 3.1051005687e-19
    },
    "spectral_energy": {
        "kurt": 118.074928284,
        "max": 0.0534740239382,
        "mean": 0.00172622594982,
        "median": 0.00111818592995,
        "min": 4.53755560903e-10,
        "skew": 8.64634037018,
        "var": 6.85271697876e-06
    },
    "spectral_energyband_high": {
        "kurt": 246.781799316,
        "max": 0.0101200081408,
        "mean": 0.00014734864817,
        "median": 5.97039179411e-05,
        "min": 1.33224230259e-11,
        "skew": 12.0133323669,
        "var": 1.20466992826e-07
    },
    "spectral_energyband_low": {
        "kurt": 29.3099327087,
        "max": 0.000231409212574,
        "mean": 1.27507046273e-05,
        "median": 7.32780245016e-06,
        "min": 8.76178817e-12,
        "skew": 4.2416343689,
        "var": 2.9427105197e-10
    },
    "spectral_energyband_middle_high": {
        "kurt": 188.268478394,
        "max": 0.0514916926622,
        "mean": 0.000952078087721,
        "median": 0.000445009674877,
        "min": 1.47920925508e-10,
        "skew": 11.4346666336,
        "var": 5.02505372424e-06
    },
    "spectral_energyband_middle_low": {
        "kurt": 16.096282959,
        "max": 0.00679816119373,
        "mean": 0.000642326602247,
        "median": 0.000518155982718,
        "min": 2.87186913139e-10,
        "skew": 2.79999089241,
        "var": 2.59868699004e-07
    },
    "spectral_flatness_db": {
        "kurt": 4.25475311279,
        "max": 0.305714070797,
        "mean": 0.131920352578,
        "median": 0.128360420465,
        "min": 0.0742607042193,
        "skew": 1.33518886566,
        "var": 0.000501318310853
    },
    "spectral_flux": {
        "kurt": 27.1396865845,
        "max": 0.229931488633,
        "mean": 0.0257031600922,
        "median": 0.0225484780967,
        "min": 4.72418360005e-05,
        "skew": 3.58493185043,
        "var": 0.000225691750529
    },
    "spectral_kurtosis": {
        "kurt": 0.569509983063,
        "max": 10.4603834152,
        "mean": 3.95785284042,
        "median": 3.90561032295,
        "min": 0.0678231716156,
        "skew": 0.333156824112,
        "var": 1.40773069859
    },
    "spectral_rms": {
        "kurt": 14.6697216034,
        "max": 0.00722286524251,
        "mean": 0.00115354603622,
        "median": 0.00104446779005,
        "min": 6.6534829557e-07,
        "skew": 2.6389439106,
        "var": 3.53451071078e-07
    },
    "spectral_rolloff": {
        "kurt": 0.280512332916,
        "max": 5706.29882812,
        "mean": 2946.79931641,
        "median": 3036.18164062,
        "min": 516.796875,
        "skew": -0.585091590881,
        "var": 631697.75
    },
    "spectral_skewness": {
        "kurt": 0.402070045471,
        "max": 2.50960636139,
        "mean": 1.60391414165,
        "median": 1.60588550568,
        "min": 0.496990442276,
        "skew": -0.137105152011,
        "var": 0.054052837193
    },
    "spectral_spread": {
        "kurt": 4.11037969589,
        "max": 10480779,
        "mean": 5309926,
        "median": 5267648.5,
        "min": 2260131.5,
        "skew": 0.875964045525,
        "var": 457515073536
    },
    "spectral_strongpeak": {
        "kurt": 60.8701629639,
        "max": 9.25819301605,
        "mean": 0.307969301939,
        "median": 0.151603907347,
        "min": 4.46086669399e-05,
        "skew": 6.49894475937,
        "var": 0.321503430605
    },
    "zerocrossingrate": {
        "kurt": 1.96336507797,
        "max": 0.27294921875,
        "mean": 0.0879079774022,
        "median": 0.0869140625,
        "min": 0.02783203125,
        "skew": 0.499225586653,
        "var": 0.000366993801435
    },
    "barkbands": {
        "kurt": [569.42364502, 147.514633179, 30.9828453064, 31.8564796448, 16.3778934479, 94.2813186646, 32.1578483582, 120.579551697, 117.328048706, 438.566558838, 200.16456604, 709.807495117, 240.329391479, 157.768341064, 330.709625244, 639.516357422, 352.245605469, 220.172119141, 165.237243652, 994.823608398, 90.6424255371, 142.368881226, 89.2007751465, 84.1022567749, 564.009094238, 625.719604492, 232.149017334],
        "max": [1.14825688797e-05, 6.11339855823e-05, 0.000120682860143, 0.000295684643788, 0.0010893791914, 0.00388989713974, 0.00241793435998, 0.0035003144294, 0.0041070189327, 0.0114114480093, 0.00766880670562, 0.0208379738033, 0.00330913555808, 0.00238122721203, 0.00562971644104, 0.0149434646592, 0.0104617448524, 0.00792799890041, 0.00673095183447, 0.017338020727, 0.00232342071831, 0.00105938420165, 0.000243389222305, 0.000122083540191, 0.000123902500491, 5.18073784406e-06, 3.00272375853e-08],
        "mean": [5.19691489842e-08, 1.25836345433e-06, 5.73541638005e-06, 1.41759037433e-05, 9.41768012126e-05, 0.000138886083732, 0.00014047336299, 0.00010138253856, 0.000119721684314, 0.000125837657833, 9.9380260508e-05, 8.18469561636e-05, 4.65077391709e-05, 4.01760516979e-05, 5.48077878193e-05, 8.92703901627e-05, 0.000107482956082, 0.000129612686578, 0.000129961088533, 0.000115840317449, 5.962960131e-05, 2.05104643101e-05, 5.58011015528e-06, 2.63413380708e-06, 1.23699703636e-06, 4.79820698729e-08, 7.55337070668e-10],
        "median": [2.88824963945e-09, 5.71480029521e-07, 3.01293539451e-06, 7.37331720302e-06, 6.08123082202e-05, 9.463900642e-05, 9.31605609367e-05, 6.26834080322e-05, 7.46624136809e-05, 5.64208967262e-05, 3.39143407473e-05, 2.43074791797e-05, 1.66470817931e-05, 1.74495871761e-05, 2.04810421565e-05, 2.87023776764e-05, 4.016607636e-05, 5.36804145668e-05, 5.06537180627e-05, 4.3666925194e-05, 2.33003884205e-05, 7.72873318056e-06, 1.97307622329e-06, 9.22698347949e-07, 4.29609173125e-07, 1.88433020298e-08, 4.80014916704e-10],
        "min": [4.35856693348e-14, 3.19385251753e-13, 1.59349703571e-12, 2.31909652072e-12, 1.24887877817e-10, 5.74853879776e-11, 4.31593892569e-11, 2.58353078514e-11, 2.72099339588e-11, 7.55215334713e-12, 5.65472217662e-11, 5.00398247144e-12, 7.81105735648e-12, 3.66711565628e-12, 4.070311449e-11, 4.48120316895e-12, 1.29514704083e-12, 2.56648695351e-12, 5.31433707804e-12, 9.8040161059e-12, 4.02322749768e-12, 1.24880975786e-12, 7.12413309768e-13, 4.59078521725e-13, 5.88650710207e-13, 4.28465077274e-14, 3.18061142745e-14],
        "skew": [20.1123199463, 9.63427352905, 4.55095767975, 4.41243505478, 3.27818655968, 6.28414773941, 4.22439670563, 7.57807016373, 7.76800680161, 17.0312252045, 12.343006134, 25.9636211395, 14.1551132202, 10.7071762085, 16.2102870941, 22.0569763184, 16.9604511261, 12.25694561, 10.0656852722, 26.6134471893, 8.18465518951, 8.98488521576, 7.51006126404, 7.17122268677, 19.749382019, 19.9575786591, 11.496679306],
        "var": [1.05854791621e-13, 7.03641962405e-12, 7.6883423239e-11, 4.33496072372e-10, 1.13615072905e-08, 2.68172968276e-08, 2.68812279103e-08, 1.96528606722e-08, 2.83991106187e-08, 1.15369466869e-07, 1.21036762835e-07, 4.90123738928e-07, 2.5387409508e-08, 1.06776063546e-08, 4.26370796447e-08, 1.96965089572e-07, 1.76661643536e-07, 1.05468352274e-07, 8.35032452073e-08, 1.63275231557e-07, 1.96600726809e-08, 1.92280436018e-09, 1.51856818786e-10, 3.25631084597e-11, 1.44853695011e-11, 1.84173812675e-14, 1.29305183547e-18],
        "cov": [[1.05882669169e-13, 5.06142924881e-13, 6.96726273138e-14, 2.93639522691e-14, -3.04545370042e-13, 1.66448913029e-13, 7.2526002131e-13, -2.80354624065e-13, 2.43646118905e-12, 2.84084734903e-12, 6.31214969616e-13, -3.98645228156e-13, 2.69077647533e-13, 3.33288951992e-13, 2.79453218378e-13, -5.67410972808e-14, 6.99888877322e-13, 2.53029238187e-12, 2.34177087444e-12, 1.29546644679e-12, 9.14619833862e-13, 7.18079025061e-13, 2.91768020334e-13, 9.68327455437e-14, 4.05251665016e-14, 1.62002907393e-15, 1.97606450391e-17], [5.06142924881e-13, 7.0382727424e-12, 7.29468655619e-12, 8.8992008207e-12, 4.66092789364e-11, 5.52281449739e-11, 3.70298201824e-11, 1.51811514748e-11, 4.89685410276e-11, 1.93504864909e-11, -1.40730222614e-11, 6.29518659423e-12, -6.24662864837e-13, 2.37490365915e-12, -2.33776295848e-13, 1.19798376948e-12, 1.00280998783e-11, 1.83864139192e-11, 2.92459806372e-11, 8.19277284902e-12, 1.03905694812e-11, 6.8037845323e-12, 1.76952061944e-12, 5.73672457194e-13, 4.13620770663e-13, 6.85103710552e-15, 8.53948772745e-17], [6.96726273138e-14, 7.29468655619e-12, 7.69036709314e-11, 9.07773925474e-11, 3.45741463237e-10, 3.96875698971e-10, 2.65135552402e-10, 1.28892799212e-10, 2.02423786066e-10, 1.41470238302e-10, 8.51336449254e-12, 2.49036791189e-10, 2.2421156945e-11, 3.84549232735e-11, 1.005810088e-10, 7.71717273418e-11, 4.96304330966e-10, 1.67418842678e-10, 1.63638672057e-10, 1.02447536565e-10, 7.98275265335e-11, 2.70098370753e-11, 6.18762983559e-12, 3.20829582519e-12, 1.71407766453e-12, 3.57352358425e-14, 1.17412319017e-15], [2.93639522691e-14, 8.8992008207e-12, 9.07773925474e-11, 4.3361025881e-10, 9.87491310944e-10, 9.70418745361e-10, 6.55518361814e-10, 3.27852217596e-10, 4.87440587893e-10, 6.11447115162e-10, 1.35624400599e-10, 3.78022779746e-10, 1.45226247694e-10, 1.19185619707e-10, 2.48716713891e-10, 2.04452385577e-10, 6.38747221782e-10, 5.69718161536e-10, 5.30048172021e-10, 3.26398463812e-10, 2.5842819551e-10, 9.22063397857e-11, 2.84784557048e-11, 1.07673271341e-11, 5.01286902613e-12, 1.80147265378e-13, 2.42840957846e-15], [-3.04545370042e-13, 4.66092789364e-11, 3.45741463237e-10, 9.87491310944e-10, 1.13644995636e-08, 7.89766652076e-09, 4.12651246506e-09, 2.57219334721e-09, 3.69441099934e-09, 3.18689186152e-09, 1.27142762985e-09, 1.42223532951e-09, 1.34017963394e-09, 7.40910943708e-10, 1.40141720451e-09, 1.54127910434e-09, 2.65695065949e-09, 3.83110165814e-09, 4.55959048296e-09, 2.28173102634e-09, 2.03376604446e-09, 8.47168557527e-10, 2.15432532924e-10, 9.5101926334e-11, 4.7884477633e-11, 1.56373666186e-12, 1.6104761093e-14], [1.66448913029e-13, 5.52281449739e-11, 3.96875698971e-10, 9.70418745361e-10, 7.89766652076e-09, 2.68243596224e-08, 8.70138716635e-09, 4.8580339751e-09, 6.96638169373e-09, 6.42849817822e-09, 2.27593477398e-09, 2.15682094407e-09, 2.31314700727e-09, 1.6198710151e-09, 2.65698774093e-09, 3.69676156353e-09, 6.18424778054e-09, 9.32216082106e-09, 1.0229640246e-08, 6.62523591544e-09, 4.74809258577e-09, 2.12855355564e-09, 5.84208958987e-10, 2.38067093816e-10, 1.02720526529e-10, 3.5732326386e-12, 3.46945474466e-14], [7.2526002131e-13, 3.70298201824e-11, 2.65135552402e-10, 6.55518361814e-10, 4.12651246506e-09, 8.70138716635e-09, 2.68883084686e-08, 7.46773487492e-09, 4.3198373767e-09, 6.00803273798e-09, 8.10523204109e-09, 4.51845849625e-09, 3.93973431656e-09, 2.56987475744e-09, 4.26247215302e-09, 7.08816116912e-09, 7.21309723062e-09, 1.03159427667e-08, 1.15336211692e-08, 7.70520092175e-09, 4.86026818791e-09, 1.99011807034e-09, 5.37920430421e-10, 2.60178961708e-10, 1.66172367533e-10, 4.07306957259e-12, 4.07292065742e-14], [-2.80354624065e-13, 1.51811514748e-11, 1.28892799212e-10, 3.27852217596e-10, 2.57219334721e-09, 4.8580339751e-09, 7.46773487492e-09, 1.9658036976e-08, 6.20803985996e-09, 5.69377966997e-09, 5.90896576114e-09, 3.51386941766e-09, 2.95345770063e-09, 3.36778072096e-09, 2.66432653717e-09, 6.70197808361e-09, 6.86261447669e-09, 8.64630766984e-09, 9.25854948264e-09, 7.26490156921e-09, 4.18799483981e-09, 1.61560231859e-09, 4.83127482465e-10, 2.30856903038e-10, 1.10979357648e-10, 3.44055144617e-12, 3.69205737489e-14], [2.43646118905e-12, 4.89685410276e-11, 2.02423786066e-10, 4.87440587893e-10, 3.69441099934e-09, 6.96638169373e-09, 4.3198373767e-09, 6.20803985996e-09, 2.8406589081e-08, 1.00975201534e-08, 7.99644794824e-09, 5.68898261832e-09, 4.41260317174e-09, 2.89538726328e-09, 4.57328885872e-09, 8.73153105374e-09, 8.71333760699e-09, 1.26872237161e-08, 1.44487595222e-08, 9.80247172322e-09, 5.53786616564e-09, 2.58516652529e-09, 6.4244842779e-10, 2.99383046132e-10, 1.23867235913e-10, 4.52937687356e-12, 4.81138769776e-14], [2.84084734903e-12, 1.93504864909e-11, 1.41470238302e-10, 6.11447115162e-10, 3.18689186152e-09, 6.42849817822e-09, 6.00803273798e-09, 5.69377966997e-09, 1.00975201534e-08, 1.15399856782e-07, 1.47517749127e-08, 9.33998478558e-09, 6.50424247794e-09, 4.64271554534e-09, 9.45710620925e-09, 1.73802732206e-08, 1.37774245346e-08, 1.66612448282e-08, 1.76057923795e-08, 1.27649837367e-08, 8.56769233337e-09, 3.0587259392e-09, 1.24228571874e-09, 5.3465498695e-10, 1.8464116347e-10, 1.40840238777e-11, 6.73316179829e-14], [6.31214969616e-13, -1.40730222614e-11, 8.51336449254e-12, 1.35624400599e-10, 1.27142762985e-09, 2.27593477398e-09, 8.10523204109e-09, 5.90896576114e-09, 7.99644794824e-09, 1.47517749127e-08, 1.21068637782e-07, 1.14018634534e-08, 1.71339600286e-08, 1.29090320655e-08, 2.70690101445e-08, 2.97631412849e-08, 4.03927309378e-08, 3.02435196886e-08, 2.70461661955e-08, 2.73674629625e-08, 1.44294673987e-08, 3.19307291718e-09, 6.77922717962e-10, 4.8685794285e-10, 2.05481076598e-10, 8.01147950064e-12, 7.47425057501e-14], [-3.98645228156e-13, 6.29518659423e-12, 2.49036791189e-10, 3.78022779746e-10, 1.42223532951e-09, 2.15682094407e-09, 4.51845849625e-09, 3.51386941766e-09, 5.68898261832e-09, 9.33998478558e-09, 1.14018634534e-08, 4.90252830332e-07, 5.80412606865e-09, 1.31070976295e-08, 1.99430658654e-08, 1.68769290099e-07, 1.63584545021e-07, 1.47623609337e-07, 8.93049829642e-08, 3.99278903274e-08, 1.67022005115e-08, 2.85057755178e-09, 1.11292308702e-09, 4.97638097396e-10, 2.50545278968e-10, 1.20889053976e-11, 1.61521376786e-13], [2.69077647533e-13, -6.24662864837e-13, 2.2421156945e-11, 1.45226247694e-10, 1.34017963394e-09, 2.31314700727e-09, 3.93973431656e-09, 2.95345770063e-09, 4.41260317174e-09, 6.50424247794e-09, 1.71339600286e-08, 5.80412606865e-09, 2.53940957151e-08, 3.89353926877e-09, 2.64010378004e-08, 1.424500784e-08, 1.38115483495e-08, 1.53283288284e-08, 1.51086894107e-08, 8.78185435482e-09, 5.10378406204e-09, 1.96586169565e-09, 5.61334201343e-10, 3.26406179862e-10, 1.39197472993e-10, 5.46463698944e-12, 4.91076092551e-14], [3.33288951992e-13, 2.37490365915e-12, 3.84549232735e-11, 1.19185619707e-10, 7.40910943708e-10, 1.6198710151e-09, 2.56987475744e-09, 3.36778072096e-09, 2.89538726328e-09, 4.64271554534e-09, 1.29090320655e-08, 1.31070976295e-08, 3.89353926877e-09, 1.06804192157e-08, 5.15266496137e-09, 2.25510969898e-08, 1.19037490975e-08, 1.4201296139e-08, 1.28182522374e-08, 1.42229135136e-08, 5.35168087623e-09, 1.32858857249e-09, 3.83018644579e-10, 2.14127701681e-10, 9.53717452234e-11, 4.12867569993e-12, 3.95219982771e-14], [2.79453218378e-13, -2.33776295848e-13, 1.005810088e-10, 2.48716713891e-10, 1.40141720451e-09, 2.65698774093e-09, 4.26247215302e-09, 2.66432653717e-09, 4.57328885872e-09, 9.45710620925e-09, 2.70690101445e-08, 1.99430658654e-08, 2.64010378004e-08, 5.15266496137e-09, 4.26483097726e-08, 2.30547456681e-08, 2.75137210792e-08, 2.08452579642e-08, 1.93586906505e-08, 1.38950762008e-08, 7.69897212649e-09, 2.24051244224e-09, 6.73703870469e-10, 4.07629152654e-10, 1.72477906957e-10, 7.16191992864e-12, 7.0415360012e-14], [-5.67410972808e-14, 1.19798376948e-12, 7.71717273418e-11, 2.04452385577e-10, 1.54127910434e-09, 3.69676156353e-09, 7.08816116912e-09, 6.70197808361e-09, 8.73153105374e-09, 1.73802732206e-08, 2.97631412849e-08, 1.68769290099e-07, 1.424500784e-08, 2.25510969898e-08, 2.30547456681e-08, 1.97016959191e-07, 5.85733701541e-08, 9.62694102213e-08, 7.91876431094e-08, 7.48804183104e-08, 2.48980587259e-08, 3.73386654928e-09, 1.22399934632e-09, 7.44780459527e-10, 3.12937592506e-10, 1.33332893337e-11, 1.59857668552e-13], [6.99888877322e-13, 1.00280998783e-11, 4.96304330966e-10, 6.38747221782e-10, 2.65695065949e-09, 6.18424778054e-09, 7.21309723062e-09, 6.86261447669e-09, 8.71333760699e-09, 1.37774245346e-08, 4.03927309378e-08, 1.63584545021e-07, 1.38115483495e-08, 1.19037490975e-08, 2.75137210792e-08, 5.85733701541e-08, 1.76708169874e-07, 8.50731254332e-08, 5.56714248034e-08, 3.99439414878e-08, 2.04984687002e-08, 6.29091756466e-09, 1.58253987692e-09, 8.39854963353e-10, 4.1907202708e-10, 1.64637279504e-11, 2.1891444549e-13], [2.53029238187e-12, 1.83864139192e-11, 1.67418842678e-10, 5.69718161536e-10, 3.83110165814e-09, 9.32216082106e-09, 1.03159427667e-08, 8.64630766984e-09, 1.26872237161e-08, 1.66612448282e-08, 3.02435196886e-08, 1.47623609337e-07, 1.53283288284e-08, 1.4201296139e-08, 2.08452579642e-08, 9.62694102213e-08, 8.50731254332e-08, 1.05496127389e-07, 7.48822444052e-08, 4.19325729695e-08, 1.9675873375e-08, 6.46912745594e-09, 1.79076264928e-09, 8.56432480489e-10, 4.26469248804e-10, 1.62984487018e-11, 1.74916504891e-13], [2.34177087444e-12, 2.92459806372e-11, 1.63638672057e-10, 5.30048172021e-10, 4.55959048296e-09, 1.0229640246e-08, 1.15336211692e-08, 9.25854948264e-09, 1.44487595222e-08, 1.76057923795e-08, 2.70461661955e-08, 8.93049829642e-08, 1.51086894107e-08, 1.28182522374e-08, 1.93586906505e-08, 7.91876431094e-08, 5.56714248034e-08, 7.48822444052e-08, 8.3525236505e-08, 4.94230540937e-08, 2.05454888658e-08, 7.08703717933e-09, 1.88952320457e-09, 9.05591546196e-10, 4.76159722762e-10, 1.56109500327e-11, 1.64118176514e-13], [1.29546644679e-12, 8.19277284902e-12, 1.02447536565e-10, 3.26398463812e-10, 2.28173102634e-09, 6.62523591544e-09, 7.70520092175e-09, 7.26490156921e-09, 9.80247172322e-09, 1.27649837367e-08, 2.73674629625e-08, 3.99278903274e-08, 8.78185435482e-09, 1.42229135136e-08, 1.38950762008e-08, 7.48804183104e-08, 3.99439414878e-08, 4.19325729695e-08, 4.94230540937e-08, 1.63318233604e-07, 3.85959779692e-08, 5.2777684445e-09, 1.39341016503e-09, 6.404478059e-10, 3.42324307789e-10, 1.2129390374e-11, 1.29074241529e-13], [9.14619833862e-13, 1.03905694812e-11, 7.98275265335e-11, 2.5842819551e-10, 2.03376604446e-09, 4.74809258577e-09, 4.86026818791e-09, 4.18799483981e-09, 5.53786616564e-09, 8.56769233337e-09, 1.44294673987e-08, 1.67022005115e-08, 5.10378406204e-09, 5.35168087623e-09, 7.69897212649e-09, 2.48980587259e-08, 2.04984687002e-08, 1.9675873375e-08, 2.05454888658e-08, 3.85959779692e-08, 1.96652507611e-08, 3.87671228452e-09, 9.49605172273e-10, 4.13508421948e-10, 2.49078258019e-10, 8.6771692262e-12, 8.18551701572e-14], [7.18079025061e-13, 6.8037845323e-12, 2.70098370753e-11, 9.22063397857e-11, 8.47168557527e-10, 2.12855355564e-09, 1.99011807034e-09, 1.61560231859e-09, 2.58516652529e-09, 3.0587259392e-09, 3.19307291718e-09, 2.85057755178e-09, 1.96586169565e-09, 1.32858857249e-09, 2.24051244224e-09, 3.73386654928e-09, 6.29091756466e-09, 6.46912745594e-09, 7.08703717933e-09, 5.2777684445e-09, 3.87671228452e-09, 1.92331084392e-09, 4.38739267139e-10, 1.80830753149e-10, 9.62210727762e-11, 3.21218312366e-12, 2.97711548881e-14], [2.91768020334e-13, 1.76952061944e-12, 6.18762983559e-12, 2.84784557048e-11, 2.15432532924e-10, 5.84208958987e-10, 5.37920430421e-10, 4.83127482465e-10, 6.4244842779e-10, 1.24228571874e-09, 6.77922717962e-10, 1.11292308702e-09, 5.61334201343e-10, 3.83018644579e-10, 6.73703870469e-10, 1.22399934632e-09, 1.58253987692e-09, 1.79076264928e-09, 1.88952320457e-09, 1.39341016503e-09, 9.49605172273e-10, 4.38739267139e-10, 1.51896814571e-10, 5.66481306308e-11, 2.78321150848e-11, 1.06538291644e-12, 9.20466214507e-15], [9.68327455437e-14, 5.73672457194e-13, 3.20829582519e-12, 1.07673271341e-11, 9.5101926334e-11, 2.38067093816e-10, 2.60178961708e-10, 2.30856903038e-10, 2.99383046132e-10, 5.3465498695e-10, 4.8685794285e-10, 4.97638097396e-10, 3.26406179862e-10, 2.14127701681e-10, 4.07629152654e-10, 7.44780459527e-10, 8.39854963353e-10, 8.56432480489e-10, 9.05591546196e-10, 6.404478059e-10, 4.13508421948e-10, 1.80830753149e-10, 5.66481306308e-11, 3.25716849325e-11, 1.45290819306e-11, 4.64939013938e-13, 4.44631480343e-15], [4.05251665016e-14, 4.13620770663e-13, 1.71407766453e-12, 5.01286902613e-12, 4.7884477633e-11, 1.02720526529e-10, 1.66172367533e-10, 1.10979357648e-10, 1.23867235913e-10, 1.8464116347e-10, 2.05481076598e-10, 2.50545278968e-10, 1.39197472993e-10, 9.53717452234e-11, 1.72477906957e-10, 3.12937592506e-10, 4.1907202708e-10, 4.26469248804e-10, 4.76159722762e-10, 3.42324307789e-10, 2.49078258019e-10, 9.62210727762e-11, 2.78321150848e-11, 1.45290819306e-11, 1.44891850254e-11, 3.72065090326e-13, 2.90098027116e-15], [1.62002907393e-15, 6.85103710552e-15, 3.57352358425e-14, 1.80147265378e-13, 1.56373666186e-12, 3.5732326386e-12, 4.07306957259e-12, 3.44055144617e-12, 4.52937687356e-12, 1.40840238777e-11, 8.01147950064e-12, 1.20889053976e-11, 5.46463698944e-12, 4.12867569993e-12, 7.16191992864e-12, 1.33332893337e-11, 1.64637279504e-11, 1.62984487018e-11, 1.56109500327e-11, 1.2129390374e-11, 8.6771692262e-12, 3.21218312366e-12, 1.06538291644e-12, 4.64939013938e-13, 3.72065090326e-13, 1.84222313782e-14, 1.13703704371e-16], [1.97606450391e-17, 8.53948772745e-17, 1.17412319017e-15, 2.42840957846e-15, 1.6104761093e-14, 3.46945474466e-14, 4.07292065742e-14, 3.69205737489e-14, 4.81138769776e-14, 6.73316179829e-14, 7.47425057501e-14, 1.61521376786e-13, 4.91076092551e-14, 3.95219982771e-14, 7.0415360012e-14, 1.59857668552e-13, 2.1891444549e-13, 1.74916504891e-13, 1.64118176514e-13, 1.29074241529e-13, 8.18551701572e-14, 2.97711548881e-14, 9.20466214507e-15, 4.44631480343e-15, 2.90098027116e-15, 1.13703704371e-16, 1.29339242709e-18]]
    },
    "mfcc": {
        "kurt": [7.74612998962, 0.334342956543, 2.63398218155, 1.82679700851, 0.680673122406, 0.732356548309, 0.129660606384, 0.585084915161, 0.173238992691, 0.395933389664, 0.539406061172, 0.969209432602, 0.456110715866],
        "max": [-585.280639648, 150.22593689, 16.716796875, 93.5049133301, -6.103515625e-05, 15.7494907379, 11.9241943359, 17.5469150543, 16.410697937, 15.0542182922, 15.1897163391, 23.935836792, 20.9022903442],
        "mean": [-761.173706055, 95.7590789795, -51.5082473755, 23.0546340942, -35.0205459595, -24.4528579712, -14.9316396713, -11.4335651398, -9.40637588501, -11.6812734604, -10.4118747711, -7.96449375153, -6.2714266777],
        "median": [-760.413146973, 97.8806304932, -50.8222351074, 23.3059997559, -35.106918335, -24.4954376221, -15.0574293137, -11.3847236633, -9.63039779663, -11.6193323135, -10.3245792389, -7.92082500458, -6.28921794891],
        "min": [-1138.42004395, 1.14440917969e-05, -120.733299255, -35.5423355103, -68.5929870605, -56.2887840271, -42.0958938599, -43.7716789246, -33.6993675232, -36.9830474854, -47.344291687, -43.4321899414, -40.7312927246],
        "skew": [-1.67044556141, -0.502132713795, -0.162858173251, -0.108400642872, -0.00628881203011, 0.133576273918, 0.0669322088361, -0.125856712461, 0.133929714561, 0.00529104284942, -0.116894796491, 0.119475781918, 0.0818483233452],
        "var": [3677.01245117, 437.8828125, 183.290603638, 121.676246643, 74.5432052612, 63.9230499268, 51.8703117371, 54.1624069214, 53.2310562134, 43.6631317139, 48.1198501587, 44.8147354126, 40.0180511475],
        "cov": [[3677.98071289, -353.291534424, -430.292114258, 39.7729911804, -136.617477417, 47.3550453186, -17.1120605469, 5.44172430038, -75.9430465698, -44.5843963623, 13.6089744568, -6.3205037117, -11.7824831009], [-353.291534424, 437.998138428, 84.2897109985, 86.9222640991, 14.0338582993, -9.76577281952, -1.23499500751, -8.35475349426, 24.7485599518, 4.68338251114, -16.9680252075, -3.34565281868, -11.1032352448], [-430.292114258, 84.2897109985, 183.338867188, 22.3614444733, 30.320936203, -0.514607012272, -5.51632452011, 8.9316368103, 7.61086034775, 9.72882175446, 8.17305469513, -1.91592049599, -4.36380910873], [39.7729911804, 86.9222640991, 22.3614444733, 121.7082901, 9.5838508606, -1.26154637337, 0.284754574299, -2.41275858879, 9.34156799316, 1.09374928474, 0.115793868899, 6.93722200394, -0.64523178339], [-136.617477417, 14.0338582993, 30.320936203, 9.5838508606, 74.5628356934, 15.0718984604, 4.75773239136, 6.80356454849, 1.29363274574, 5.23210668564, 3.54115343094, 1.97372043133, 2.2936501503], [47.3550453186, -9.76577281952, -0.514607012272, -1.26154637337, 15.0718984604, 63.9398880005, 16.8390750885, 0.0670993700624, 3.59364199638, 1.38081920147, 2.69424581528, 1.62053966522, 2.17531728745], [-17.1120605469, -1.23499500751, -5.51632452011, 0.284754574299, 4.75773239136, 16.8390750885, 51.883972168, 14.377702713, 5.95355224609, 2.94000983238, -1.76785242558, 3.49534916878, 1.78064513206], [5.44172430038, -8.35475349426, 8.9316368103, -2.41275858879, 6.80356454849, 0.0670993700624, 14.377702713, 54.1766738892, 16.4765968323, 2.82691717148, 5.90013170242, -1.45846056938, 0.285923093557], [-75.9430465698, 24.7485599518, 7.61086034775, 9.34156799316, 1.29363274574, 3.59364199638, 5.95355224609, 16.4765968323, 53.2450752258, 15.9482517242, -2.35302066803, 3.47252249718, 0.705235898495], [-44.5843963623, 4.68338251114, 9.72882175446, 1.09374928474, 5.23210668564, 1.38081920147, 2.94000983238, 2.82691717148, 15.9482517242, 43.6746330261, 14.2134923935, 1.49072945118, 1.66307318211], [13.6089744568, -16.9680252075, 8.17305469513, 0.115793868899, 3.54115343094, 2.69424581528, -1.76785242558, 5.90013170242, -2.35302066803, 14.2134923935, 48.132522583, 14.9655990601, 2.76064682007], [-6.3205037117, -3.34565281868, -1.91592049599, 6.93722200394, 1.97372043133, 1.62053966522, 3.49534916878, -1.45846056938, 3.47252249718, 1.49072945118, 14.9655990601, 44.8265380859, 18.0559444427], [-11.7824831009, -11.1032352448, -4.36380910873, -0.64523178339, 2.2936501503, 2.17531728745, 1.78064513206, 0.285923093557, 0.705235898495, 1.66307318211, 2.76064682007, 18.0559444427, 40.028591156]]
    },
    "sccoeffs": {
        "kurt": [0.160546541214, 0.425097942352, 2.86788368225, 7.17105579376, 10.7615919113, 2.31218147278],
        "max": [-0.383984953165, -0.548025667667, -0.518472313881, -0.549414277077, -0.512318432331, -0.647645652294],
        "mean": [-0.645877063274, -0.804503858089, -0.810776054859, -0.834704041481, -0.830357253551, -0.796131134033],
        "median": [-0.645668148994, -0.807112574577, -0.819283127785, -0.840504050255, -0.834827780724, -0.79807138443],
        "min": [-0.885799050331, -0.924427032471, -0.933600902557, -0.910964787006, -0.919690072536, -0.919978559017],
        "skew": [-0.0622748620808, 0.430604726076, 1.22304022312, 1.93851554394, 2.0482378006, 0.678949713707],
        "var": [0.00440769363195, 0.00200599711388, 0.00225387024693, 0.00122104701586, 0.000857201113831, 0.000628961483017],
        "cov": [[0.00440885452554, 0.000256401312072, 9.16983844945e-05, 0.000147233353346, 0.000137833121698, 0.000176855843165], [0.000256401312072, 0.00200652540661, 0.000117088602565, 6.1824794102e-05, 0.000118517898954, 0.000137072071084], [9.16983844945e-05, 0.000117088602565, 0.00225446373224, 0.000437554757809, 0.000344674394, 0.000196084743948], [0.000147233353346, 6.1824794102e-05, 0.000437554757809, 0.00122136855498, 0.000368969602278, 0.000210616257391], [0.000137833121698, 0.000118517898954, 0.000344674394, 0.000368969602278, 0.00085742684314, 0.000273813464446], [0.000176855843165, 0.000137072071084, 0.000196084743948, 0.000210616257391, 0.000273813464446, 0.000629127083812]]
    },
    "scvalleys": {
        "kurt": [7.90853214264, 19.0599994659, 17.4847698212, 15.7062301636, 15.1463985443, 9.22712516785],
        "max": [-6.46719169617, -4.77863788605, -5.13113880157, -5.58698654175, -5.44366931915, -7.55105829239],
        "mean": [-8.5011806488, -6.39406490326, -6.86346530914, -7.47482347488, -7.47489261627, -9.76726055145],
        "median": [-8.4542427063, -6.33093357086, -6.83854293823, -7.46512794495, -7.47330951691, -9.80096817017],
        "min": [-15.2644710541, -13.653550148, -14.4664735794, -15.3824834824, -15.583117485, -16.8078327179],
        "skew": [-1.48768830299, -2.87635993958, -2.50260853767, -2.27382349968, -2.18210244179, -1.4848074913],
        "var": [0.507847964764, 0.373433887959, 0.398640424013, 0.453929811716, 0.479348748922, 0.547776460648],
        "cov": [[0.507981717587, 0.254545092583, 0.246130779386, 0.252969235182, 0.252464979887, 0.247410520911], [0.254545092583, 0.373532235622, 0.293086588383, 0.308245390654, 0.315444141626, 0.313653677702], [0.246130779386, 0.293086588383, 0.398745417595, 0.371792405844, 0.378913998604, 0.393117517233], [0.252969235182, 0.308245390654, 0.371792405844, 0.454049348831, 0.430849820375, 0.448981165886], [0.252464979887, 0.315444141626, 0.378913998604, 0.430849820375, 0.47947499156, 0.478196769953], [0.247410520911, 0.313653677702, 0.393117517233, 0.448981165886, 0.478196769953, 0.547920763493]]
    }
},
"rhythm": {
    "beats_loudness": {
        "kurt": 47.5346565247,
        "max": 0.0357590466738,
        "mean": 0.00204048957676,
        "median": 0.00112912384793,
        "min": 2.32797337958e-05,
        "skew": 6.21812152863,
        "var": 1.35796326504e-05
    },
    "bpm": 79.1159667969,
    "confidence": -0.0535811893642,
    "first_peak_bpm": {
        "kurt": 0,
        "max": 110,
        "mean": 110,
        "median": 110,
        "min": 110,
        "skew": 0,
        "var": 0
    },
    "first_peak_spread": {
        "kurt": 0,
        "max": 0.5625,
        "mean": 0.5625,
        "median": 0.5625,
        "min": 0.5625,
        "skew": 0,
        "var": 0
    },
    "first_peak_weight": {
        "kurt": 0,
        "max": 0.0915032699704,
        "mean": 0.0915032699704,
        "median": 0.0915032699704,
        "min": 0.0915032699704,
        "skew": 0,
        "var": 0
    },
    "onset_rate": 1.8601244688,
    "second_peak_bpm": {
        "kurt": 0,
        "max": 123,
        "mean": 123,
        "median": 123,
        "min": 123,
        "skew": 0,
        "var": 0
    },
    "second_peak_spread": {
        "kurt": 0,
        "max": 0.517241358757,
        "mean": 0.517241358757,
        "median": 0.517241358757,
        "min": 0.517241358757,
        "skew": 0,
        "var": 0
    },
    "second_peak_weight": {
        "kurt": 0,
        "max": 0.0915032699704,
        "mean": 0.0915032699704,
        "median": 0.0915032699704,
        "min": 0.0915032699704,
        "skew": 0,
        "var": 0
    },
    "beats_loudness_band_ratio": {
        "kurt": [2.1123342514, -0.658698558807, 0.404374599457, 5.0862197876, 4.54289960861, 4.75003767014],
        "max": [0.122594289482, 0.572652041912, 0.745280683041, 0.744474709034, 0.662813425064, 0.638716220856],
        "mean": [0.029623163864, 0.203095778823, 0.290007323027, 0.185594812036, 0.186668664217, 0.156997933984],
        "median": [0.0211090408266, 0.192785099149, 0.275402605534, 0.148099675775, 0.167174190283, 0.124611653388],
        "min": [0.000225427429541, 0.00699178874493, 0.0223432295024, 0.00884758215398, 0.0354414880276, 0.0414281412959],
        "skew": [1.5420088768, 0.438788086176, 0.597375094891, 2.04968237877, 1.62941002846, 1.81021809578],
        "var": [0.000661683501676, 0.0161724779755, 0.0166428610682, 0.0155962547287, 0.00834576226771, 0.00972030777484],
        "cov": [[0.000666008214466, 0.00174250127748, 0.000402852892876, -0.000789412646554, -0.000706456776243, -0.000922391889617], [0.00174250127748, 0.0162781812251, 0.00278792809695, -0.00737029267475, -0.00504872808233, -0.0059422836639], [0.000402852892876, 0.00278792809695, 0.0167516376823, -0.00509218964726, -0.0065356111154, -0.00631491653621], [-0.000789412646554, -0.00737029267475, -0.00509218964726, 0.0156981907785, -0.00135115836747, -0.00217800959945], [-0.000706456776243, -0.00504872808233, -0.0065356111154, -0.00135115836747, 0.00840030889958, 0.0042181503959], [-0.000922391889617, -0.0059422836639, -0.00631491653621, -0.00217800959945, 0.0042181503959, 0.00978383887559]]
    },
    "beats_position": [0.406349211931, 0.824308395386, 1.24226760864, 1.64861679077, 2.0549659729, 2.46131515503, 2.86766433716, 3.27401351929, 3.68036270142, 4.08671188354, 4.60916090012, 5.14321994781, 5.67727899551, 6.21133756638, 6.73378658295, 7.25623559952, 7.77868461609, 8.3011341095, 8.82358264923, 9.33442115784, 9.84526062012, 10.3444900513, 10.9133787155, 11.4822673798, 12.051156044, 12.6084346771, 13.177324295, 13.7462129593, 14.3383216858, 15.0117006302, 15.6734695435, 16.3236274719, 17.0202255249, 17.7168254852, 18.4134235382, 19.1100215912, 19.7834014893, 20.4683895111, 21.1649875641, 21.8499774933, 22.4885253906, 23.1386852264, 23.8701133728, 24.6015415192, 25.3329696655, 26.0527877808, 26.7958278656, 27.5388660431, 28.2935142517, 29.0481624603, 29.8144207001, 30.5806789398, 31.3469390869, 32.1131973267, 32.8794555664, 33.6457138062, 34.3887519836, 35.1317901611, 35.8980484009, 36.6643066406, 37.4305648804, 38.1968231201, 38.9746932983, 39.7525634766, 40.5304298401, 41.3083000183, 41.9584579468, 42.6086158752, 43.2587738037, 43.9089317322, 44.5590934753, 45.2092514038, 45.8594093323, 46.4515190125, 47.0436286926, 47.5660743713, 48.0885238647, 48.6109733582, 49.1218147278, 49.6326522827, 50.1551017761, 50.6659393311, 51.1767807007, 51.6876182556, 52.210067749, 52.720905304, 53.2433547974, 53.8006324768, 54.3579139709, 54.9151916504, 55.4724693298, 56.029750824, 56.5870285034, 57.1443061829, 57.701587677, 58.2588653564, 58.8161430359, 59.37342453, 59.8494338989, 60.3254394531, 60.801448822, 61.2890701294, 61.7766876221, 62.2643089294, 62.8099746704, 63.3556442261, 63.9013137817, 64.4469833374, 64.9926528931, 65.5383224487, 66.0839920044, 66.6296615601, 67.1288909912, 67.6281204224, 68.1273422241, 68.6149673462, 69.1025848389, 69.5902023315, 70.0778198242, 70.5654373169, 71.0414505005, 71.5174560547, 71.9818572998, 72.4462585449, 72.9222640991, 73.3982772827, 73.8858947754, 74.3735122681, 74.8611297607, 75.3487548828, 75.8828125, 76.4168701172, 76.9509277344, 77.49659729, 78.0422668457, 78.5879364014, 79.133605957, 79.6792755127, 80.2249450684, 80.6893386841, 81.1537399292, 81.6181411743, 82.08253479, 82.5469360352, 83.0113372803, 83.4757385254, 83.9401321411, 84.4045333862, 84.8805389404, 85.3681640625, 85.8441696167, 86.3201828003, 86.7961883545, 87.2838058472],
    "bpm_estimates": [82.0312957764, 82.0312957764, 82.0312957764, 80.7493438721, 80.7495498657, 79.5072479248, 79.5072479248, 78.3025817871, 78.3025817871, 78.3023910522, 78.3025817871, 78.3025817871, 78.3025817871, 80.7495498657, 80.7495498657, 78.3025817871, 78.3025817871, 78.3025817871, 78.3025817871, 77.1336898804, 77.1336898804, 77.1340713501, 77.1336898804],
