{
"metadata": {
    "version": {
        "essentia": "2.1-beta3"
    }
},
"lowLevel": {
    "average_loudness": 0.890302300453,
    "barkbands_kurtosis": {
        "kurt": 15.7102584839,
        "max": 198.987945557,
        "mean": 11.229344368,
        "median": -0.429050922394,
        "min": -1.87331211567,
        "skew": 3.84750533104,
        "var": 1109.01586914
    },
    "barkbands_skewness": {
        "kurt": 4.1357998848,
        "max": 13.7460365295,
        "mean": 1.2406539917,
        "median": 0.269334256649,
        "min": -5.03848600388,
        "skew": 1.90298390388,
        "var": 9.28261375427
    },
    "barkbands_spread": {
        "kurt": -1.02278137207,
        "max": 56.4820022583,
        "mean": 24.9777450562,
        "median": 27.6278190613,
        "min": 0.40341886878,
        "skew": -0.175093829632,
        "var": 206.320404053
    },
    "dissonance": {
        "kurt": 4.1590089798,
        "max": 0.499999970198,
        "mean": 0.446642369032,
        "median": 0.475099027157,
        "min": 0.146557211876,
        "skew": -2.1238348484,
        "var": 0.00522949453443
    },
    "hfc": {
        "kurt": 22.7679309845,
        "max": 8.30170154572,
        "mean": 0.403798162937,
        "median": 0.00886205397546,
        "min": 4.44665060328e-09,
        "skew": 4.27044582367,
        "var": 1.21071743965
    },
    "pitch": {
        "kurt": -1.35405755043,
        "max": 4191.21630859,
        "mean": 1502.91491699,
        "median": 689.39630127,
        "min": 95.0026550293,
        "skew": 0.695309102535,
        "var": 2151344.25
    },
    "pitch_instantaneous_confidence": {
        "kurt": -1.1656743288,
        "max": 0.988045930862,
        "mean": 0.513950645924,
        "median": 0.456199496984,
        "min": 0.105898320675,
        "skew": 0.417973607779,
        "var": 0.0656029060483
    },
    "pitch_salience": {
        "kurt": -0.083340883255,
        "max": 0.848169147968,
        "mean": 0.596504688263,
        "median": 0.678790569305,
        "min": 0.0695480108261,
        "skew": -1.05746459961,
        "var": 0.0414868704975
    },
    "silence_rate_20dB": {
        "kurt": 0,
        "max": 1,
        "mean": 1,
        "median": 1,
        "min": 1,
        "skew": 0,
        "var": 0
    },
    "silence_rate_30dB": {
        "kurt": 0,
        "max": 1,
        "mean": 1,
        "median": 1,
        "min": 1,
        "skew": 0,
        "var": 0
    },
    "silence_rate_60dB": {
        "kurt": 8.6352481842,
        "max": 1,
        "mean": 0.926229536533,
        "median": 1,
        "min": 0,
        "skew": -3.26117610931,
        "var": 0.0683282464743
    },
    "spectral_centroid": {
        "kurt": -0.76500248909,
        "max": 3513.06054688,
        "mean": 1589.56982422,
        "median": 1502.44995117,
        "min": 374.377258301,
        "skew": 0.431919634342,
        "var": 709824.75
    },
    "spectral_complexity": {
        "kurt": 5.96001148224,
        "max": 4,
        "mean": 0.385245889425,
        "median": 0,
        "min": 0,
        "skew": 2.53618526459,
        "var": 0.745028316975
    },
    "spectral_crest": {
        "kurt": -0.611778736115,
        "max": 26.6383876801,
        "mean": 10.9641876221,
        "median": 9.04354667664,
        "min": 2.62513160706,
        "skew": 0.750763356686,
        "var": 43.6565628052
    },
    "spectral_decrease": {
        "kurt": 46.7211303711,
        "max": -2.30278939976e-19,
        "mean": -1.58846158449e-10,
        "median": -1.10139371581e-12,
        "min": -4.89162221839e-09,
        "skew": -6.16690444946,
        "var": 2.93121712268e-19
    },
    "spectral_energy": {
        "kurt": 45.7822685242,
        "max": 0.0192150697112,
        "mean": 0.000636147102341,
        "median": 4.87647866976e-06,
        "min": 1.27245100307e-12,
        "skew": 6.09399938583,
        "var": 4.5634064918e-06
    },
    "spectral_energyband_high": {
        "kurt": 20.6316356659,
        "max": 7.79036708991e-05,
        "mean": 4.01173883802e-06,
        "median": 2.64754817181e-07,
        "min": 4.17173348817e-13,
        "skew": 4.46183681488,
        "var": 1.53969906269e-10
    },
    "spectral_energyband_low": {
        "kurt": 44.9674339294,
        "max": 9.91736033029e-06,
        "mean": 3.59480651468e-07,
        "median": 8.57618687178e-08,
        "min": 8.8822083911e-14,
        "skew": 6.29021406174,
        "var": 1.26275021255e-12
    },
    "spectral_energyband_middle_high": {
        "kurt": 22.9647541046,
        "max": 0.00109971500933,
        "mean": 4.68449579785e-05,
        "median": 1.83478255167e-06,
        "min": 5.87619959202e-13,
        "skew": 4.60501527786,
        "var": 2.369501928e-08
    },
    "spectral_energyband_middle_low": {
        "kurt": 48.2725372314,
        "max": 0.0189302936196,
        "mean": 0.00058637233451,
        "median": 1.25226688397e-06,
        "min": 2.18943502109e-13,
        "skew": 6.28353261948,
        "var": 4.33034847447e-06
    },
    "spectral_flatness_db": {
        "kurt": 0.587118625641,
        "max": 0.517922222614,
        "mean": 0.181663230062,
        "median": 0.132729142904,
        "min": 0.0585375465453,
        "skew": 1.27809858322,
        "var": 0.0134564051405
    },
    "spectral_flux": {
        "kurt": 6.57420444489,
        "max": 0.121821552515,
        "mean": 0.0123309856281,
        "median": 0.00225417222828,
        "min": 2.77459057543e-05,
        "skew": 2.42787837982,
        "var": 0.000457572401501
    },
    "spectral_kurtosis": {
        "kurt": 6.13846206665,
        "max": 25.9055900574,
        "mean": 4.86061811447,
        "median": 3.61645078659,
        "min": 0.832784891129,
        "skew": 2.18270230293,
        "var": 16.3957881927
    },
    "spectral_rms": {
        "kurt": 9.28325176239,
        "max": 0.00432971259579,
        "mean": 0.000366600521374,
        "median": 6.8955210736e-05,
        "min": 3.52337288234e-08,
        "skew": 2.8449473381,
        "var": 4.86235535391e-07
    },
    "spectral_rolloff": {
        "kurt": -1.14665400982,
        "max": 5361.76757812,
        "mean": 2695.71020508,
        "median": 3197.68066406,
        "min": 322.998046875,
        "skew": -0.419958561659,
        "var": 2171866
    },
    "spectral_skewness": {
        "kurt": 2.58928394318,
        "max": 4.39358901978,
        "mean": 1.67594003677,
        "median": 1.53855466843,
        "min": 0.881793677807,
        "skew": 1.4784989357,
        "var": 0.392581492662
    },
    "spectral_spread": {
        "kurt": 3.49106359482,
        "max": 14089342,
        "mean": 5861312.5,
        "median": 5749900,
        "min": 2079381.375,
        "skew": 1.05034697056,
        "var": 2.90044903424e+12
    },
    "spectral_strongpeak": {
        "kurt": 10.4867448807,
        "max": 1.62913382053,
        "mean": 0.132569938898,
        "median": 0.0186629686505,
        "min": 9.07659796212e-06,
        "skew": 3.23762845993,
        "var": 0.086309030652
    },
    "zerocrossingrate": {
        "kurt": 12.0308084488,
        "max": 0.41162109375,
        "mean": 0.0944343954325,
        "median": 0.090576171875,
        "min": 0.0185546875,
        "skew": 2.18436646461,
        "var": 0.00247798883356
    },
    "barkbands": {
        "kurt": [15.1441421509, 94.5372009277, 31.2360153198, 44.3280677795, 38.5186882019, 46.2539291382, 51.8568344116, 109.950332642, 41.7128334045, 33.4848480225, 46.9249916077, 44.5714836121, 41.7492637634, 25.6326141357, 82.9991378784, 13.4405937195, 25.7894897461, 19.8527946472, 76.5573883057, 27.6501617432, 29.9039344788, 63.5893554688, 23.8098258972, 23.2170772552, 33.1188659668, 38.0305328369, 11.3417453766],
        "max": [4.1660939587e-08, 5.03191949974e-06, 4.28063276559e-06, 4.66557639811e-06, 8.04119772511e-05, 0.0111814206466, 0.00773064047098, 0.000463059754111, 0.0035203138832, 0.000193002415472, 1.9038652681e-05, 1.22459587146e-05, 1.12363622975e-05, 8.28047086543e-06, 1.58124912559e-05, 5.35537265023e-06, 3.45471562468e-05, 0.000761144270655, 0.000152823049575, 5.31757068529e-05, 6.83592370478e-05, 2.37524927797e-05, 2.62335515799e-06, 2.20307720156e-06, 1.03859485989e-06, 5.76140450903e-08, 7.66167462807e-10],
        "mean": [3.75893716154e-09, 9.89309043575e-08, 1.91330798316e-07, 1.5785906271e-07, 2.5826154797e-06, 0.000315822631819, 0.000176684712642, 5.38005861017e-06, 8.10096680652e-05, 6.91570221534e-06, 4.94677976803e-07, 3.59758729473e-07, 3.01967872929e-07, 3.66990889233e-07, 3.76976231564e-07, 4.14147649508e-07, 1.41237273965e-06, 3.37788987963e-05, 4.21028380515e-06, 2.29984630096e-06, 2.333141083e-06, 6.59006786918e-07, 1.30830386524e-07, 1.16094462044e-07, 4.37291127753e-08, 2.16686357746e-09, 5.57260626532e-11],
        "median": [1.57642432441e-09, 1.31459474417e-08, 3.84682614651e-08, 2.10753956509e-08, 6.36728927361e-08, 7.93861758552e-08, 7.06607892198e-08, 5.95552123173e-08, 7.88560328147e-08, 4.49687433957e-08, 1.36862219335e-08, 1.50847725422e-08, 1.18736682708e-08, 3.45208945873e-08, 2.4455886205e-08, 4.2300641212e-08, 7.43780930179e-08, 2.88600460863e-07, 3.03218484987e-07, 1.47100251979e-07, 8.49447943096e-08, 2.69891522464e-08, 7.56735030194e-09, 3.74459752095e-09, 2.50580867167e-09, 1.53011131543e-10, 2.06500615219e-12],
        "min": [3.98187732109e-15, 3.66798334327e-14, 2.76790207779e-14, 3.86428390643e-14, 7.30125256586e-14, 6.6019855327e-14, 1.25521922568e-14, 1.31020936694e-14, 1.26937111335e-14, 6.04850345767e-15, 5.17131740804e-15, 6.77802328898e-15, 9.76212417381e-15, 1.02988804822e-14, 8.33343285464e-15, 3.96116482443e-14, 2.70626789479e-14, 2.17465307643e-14, 2.35498686524e-13, 2.42141051134e-13, 1.81150911329e-13, 6.61975899444e-14, 3.66305395033e-14, 5.47909597738e-14, 3.21854122401e-14, 4.24988023966e-15, 4.05591641807e-16],
        "skew": [3.46610069275, 9.44219970703, 5.36057186127, 6.16074752808, 6.06541347504, 6.23474931717, 6.77125120163, 10.4589242935, 6.5190038681, 5.6878657341, 6.4819278717, 6.26792955399, 6.42306375504, 4.94790697098, 8.65641975403, 3.72094845772, 5.00730752945, 4.40875387192, 8.1710691452, 5.08568429947, 5.26414203644, 7.41722249985, 4.65553617477, 4.60485219955, 5.55714464188, 5.67932128906, 3.33504343033],
        "var": [3.50525824765e-17, 2.23318366295e-13, 3.17727642156e-13, 2.77740558417e-13, 1.10351103255e-10, 1.56191879341e-06, 7.18620583484e-07, 1.78496928349e-09, 2.31666092532e-07, 7.53355933192e-10, 4.61619804881e-12, 1.95715991157e-12, 2.1094790411e-12, 1.45118747748e-12, 2.3307217701e-12, 1.04766867924e-12, 2.43437110747e-11, 1.46987524374e-08, 2.24563798112e-10, 5.37193796391e-11, 7.75818229104e-11, 5.9777781683e-12, 1.32557457849e-13, 1.13663235996e-13, 2.14297472183e-14, 4.63360307896e-17, 1.90421565277e-20],
        "cov": [[3.53422743619e-17, -4.69769700329e-17, -1.32908627968e-16, 7.4937918051e-17, 1.57003689292e-14, 4.07556193655e-12, 1.87464106738e-12, 2.54035125048e-14, 7.23564708583e-13, 2.64409821756e-14, 1.07472885012e-15, 2.52242261231e-15, 1.47380185872e-15, -1.62993107437e-16, 8.05651999649e-16, 2.39424789266e-15, 4.96177373887e-15, 1.39791851055e-13, 1.78899745089e-14, 4.87565716967e-15, 7.16893619392e-15, 1.18814370303e-15, 4.5127358449e-16, 3.66852113508e-16, 8.5591309509e-17, 4.57133093721e-18, 3.50846433766e-19], [-4.69769700329e-17, 2.25163962995e-13, 1.76817599191e-13, 2.17050620641e-13, 3.25017291726e-12, -2.12393054533e-11, -9.62856357145e-12, 9.39177772011e-13, -5.32925006208e-12, -1.90643223322e-13, 1.33627824585e-14, 2.16129367279e-14, 4.77802730513e-15, -1.47475432609e-14, 8.88006726122e-15, 1.72089244439e-14, 3.31322256685e-14, 1.45766089628e-13, -1.18342889741e-13, 1.29805061556e-13, 2.13014135953e-13, 2.62630832338e-14, 3.25089106398e-15, 3.17106032628e-15, 3.01407674555e-15, 8.85183311199e-17, -1.73192760551e-18], [-1.32908627968e-16, 1.76817599191e-13, 3.20353471398e-13, 2.45334514423e-13, 2.27391174466e-12, -3.80572170999e-11, -1.17497929789e-11, 1.23130086856e-12, -1.06682475354e-11, -4.54025190924e-13, 2.2456446018e-14, 2.34229465251e-13, 1.63010785968e-13, 6.74956035615e-14, 1.10306559622e-13, 1.86382024181e-13, 1.65264300183e-13, -1.17862262918e-12, 5.89751554883e-13, 1.57426187971e-12, 1.41448788446e-12, 2.47918656091e-13, 6.01764731795e-14, 7.27272178569e-14, 3.74278448403e-14, 1.99587686263e-15, 1.19468943137e-17], [7.4937918051e-17, 2.17050620641e-13, 2.45334514423e-13, 2.80035922836e-13, 3.18755807339e-12, -1.29211901595e-11, 1.53076325487e-12, -3.67590615065e-13, -9.26780440585e-12, -4.86847378817e-13, 3.99950661782e-14, 2.14682221653e-13, 2.35024320968e-13, 3.27411946025e-14, 7.34703232497e-14, 5.01188683383e-14, -1.6066097427e-14, -1.25389423237e-12, 3.03586664271e-13, 6.44056531197e-13, 3.80727892789e-13, 9.23703117033e-14, 2.36107520254e-14, 2.61040053641e-14, 1.53677373968e-14, 7.80367219141e-16, 4.67204679424e-18], [1.57003689292e-14, 3.25017291726e-12, 2.27391174466e-12, 3.18755807339e-12, 1.11263095959e-10, 1.67053049172e-09, 9.91487558721e-10, -9.62215637029e-12, -1.91771779012e-10, -9.39021777002e-12, 2.50837263287e-12, 1.45535645167e-12, 6.78995379887e-13, -2.51423041457e-13, -2.00977391196e-13, -6.45571175185e-14, -1.5184719801e-12, -1.58071559314e-11, 4.30791470205e-12, 1.85669188357e-12, -7.10157247678e-13, -6.74168227212e-14, 2.45262225243e-13, 1.02881367163e-13, 2.08054195617e-14, 4.32008360088e-15, 2.48131816802e-16], [4.07556193655e-12, -2.12393054533e-11, -3.80572170999e-11, -1.29211901595e-11, 1.67053049172e-09, 1.57482725172e-06, 9.27362293623e-07, -1.21530574493e-09, -1.49312349151e-08, 5.85803006103e-09, 2.32120794807e-10, 1.98293242937e-10, -1.349729703e-11, -2.62143501351e-11, 8.59732966242e-13, 1.71339428756e-10, 6.34772345798e-10, 3.88566974152e-08, 4.64903360253e-09, 8.73483563257e-10, 4.78330763887e-10, 4.34454777709e-10, 2.06453826257e-10, 1.54098636629e-10, 3.14164007309e-11, 2.84757005302e-12, 1.23626708371e-13], [1.87464106738e-12, -9.62856357145e-12, -1.17497929789e-11, 1.53076325487e-12, 9.91487558721e-10, 9.27362293623e-07, 7.24559583887e-07, -6.35159772e-11, -1.17220491092e-08, 7.40671080024e-09, -5.78444098176e-11, 9.45218348036e-11, 4.86563254964e-11, -6.49674238018e-12, -2.49152625614e-11, 5.15379926236e-11, 6.71979083489e-10, 3.99378734528e-08, 5.84535797543e-09, 1.72553726863e-09, 1.14759080017e-09, 1.55590249018e-10, 1.96048538514e-10, 1.52966250777e-10, 4.09889483466e-11, 1.92662856155e-12, 7.4897682186e-14], [2.54035125048e-14, 9.39177772011e-13, 1.23130086856e-12, -3.67590615065e-13, -9.62215637029e-12, -1.21530574493e-09, -6.35159772e-11, 1.79972114989e-09, 3.30093626044e-11, 4.07789413348e-10, 3.73700766512e-12, 3.37853313034e-12, 1.18021684006e-12, 4.32032621484e-12, 5.5678022956e-12, 1.94254282798e-11, 6.84242107418e-11, 1.37597433447e-09, 6.32255706123e-11, 1.29981830854e-10, 2.73690320407e-10, 1.55421196746e-11, 2.56543614477e-12, 2.56976644825e-12, 7.30071873182e-13, 2.84090412056e-14, 5.4242211173e-16], [7.23564708583e-13, -5.32925006208e-12, -1.06682475354e-11, -9.26780440585e-12, -1.91771779012e-10, -1.49312349151e-08, -1.17220491092e-08, 3.30093626044e-11, 2.33580678355e-07, 6.02692740159e-09, -2.14432221979e-11, -2.31682225488e-11, 7.72664311005e-12, -1.47460117034e-11, -1.90244243969e-11, 1.11492155785e-10, -6.02417005169e-11, -1.25413446295e-09, 3.6611461085e-10, -5.10441446055e-11, -7.19911630309e-11, -2.59840825072e-12, -4.62937934514e-12, -5.05162925379e-12, -2.43072250695e-12, -1.07925197642e-13, -7.57024367543e-16], [2.64409821756e-14, -1.90643223322e-13, -4.54025190924e-13, -4.86847378817e-13, -9.39021777002e-12, 5.85803006103e-09, 7.40671080024e-09, 4.07789413348e-10, 6.02692740159e-09, 7.59582008403e-10, 1.94590133937e-12, 1.19243981009e-12, 7.75949074959e-13, 1.68785005503e-12, 1.24390417671e-12, 1.17597910576e-11, 5.08456124426e-11, 1.63764990457e-09, 2.63190469418e-10, 1.13788908851e-10, 1.25789934025e-10, 9.53095241618e-12, 4.89709705079e-12, 4.2874094032e-12, 1.7983344848e-12, 2.48451873495e-14, 8.92245342517e-16], [1.07472885012e-15, 1.33627824585e-14, 2.2456446018e-14, 3.99950661782e-14, 2.50837263287e-12, 2.32120794807e-10, -5.78444098176e-11, 3.73700766512e-12, -2.14432221979e-11, 1.94590133937e-12, 4.65434852118e-12, 2.17606111624e-13, 1.68377627379e-13, 4.89188632094e-15, 1.51525601962e-12, 2.51997262033e-13, 1.55581114398e-12, 6.945323483e-11, 2.61098976641e-12, 1.69254053047e-12, 9.20755442377e-13, 2.05581688825e-12, 5.25786215239e-14, 6.0068174935e-14, 3.19955989329e-14, 2.06773680853e-15, 2.94234265022e-17], [2.52242261231e-15, 2.16129367279e-14, 2.34229465251e-13, 2.14682221653e-13, 1.45535645167e-12, 1.98293242937e-10, 9.45218348036e-11, 3.37853313034e-12, -2.31682225488e-11, 1.19243981009e-12, 2.17606111624e-13, 1.9733346901e-12, 1.79676759582e-12, 4.84978539533e-13, 2.97434494569e-13, 4.1342431323e-13, 4.46622014545e-13, -5.84043393075e-13, 3.69403639622e-12, 2.87966807518e-12, 2.20268183034e-12, 5.01863849957e-13, 8.95021158424e-14, 1.00770696583e-13, 4.82086193068e-14, 2.54149419439e-15, 3.14388553734e-17], [1.47380185872e-15, 4.77802730513e-15, 1.63010785968e-13, 2.35024320968e-13, 6.78995379887e-13, -1.349729703e-11, 4.86563254964e-11, 1.18021684006e-12, 7.72664311005e-12, 7.75949074959e-13, 1.68377627379e-13, 1.79676759582e-12, 2.12691279519e-12, 4.2547904219e-13, 2.42393046824e-13, 1.34309054221e-13, 1.49723644398e-13, -4.32509236759e-12, 3.13407134446e-12, 1.96162920976e-12, 1.11017369343e-12, 2.06930704668e-13, 3.55831934285e-14, 5.13641626248e-14, 2.43653109977e-14, 1.1171347076e-15, 3.81463893415e-18], [-1.62993107437e-16, -1.47475432609e-14, 6.74956035615e-14, 3.27411946025e-14, -2.51423041457e-13, -2.62143501351e-11, -6.49674238018e-12, 4.32032621484e-12, -1.47460117034e-11, 1.68785005503e-12, 4.89188632094e-15, 4.84978539533e-13, 4.2547904219e-13, 1.46318081349e-12, 7.51440196959e-14, 1.76509035252e-13, 4.37204526055e-13, 3.56173163879e-12, 1.80827217349e-12, 1.68648049085e-12, 1.80377099975e-12, 3.46630601826e-13, 5.78254756361e-14, 6.2830864372e-14, 3.19390645659e-14, 1.58896265828e-15, 1.08858217655e-17], [8.05651999649e-16, 8.88006726122e-15, 1.10306559622e-13, 7.34703232497e-14, -2.00977391196e-13, 8.59732966242e-13, -2.49152625614e-11, 5.5678022956e-12, -1.90244243969e-11, 1.24390417671e-12, 1.51525601962e-12, 2.97434494569e-13, 2.42393046824e-13, 7.51440196959e-14, 2.34998392273e-12, 5.29162651197e-13, 1.74335730314e-12, 1.20940757409e-10, 2.27631303563e-12, 4.18519342446e-12, 3.01547198669e-12, 1.21983846635e-12, 1.34252174265e-13, 1.34290690547e-13, 6.51099860876e-14, 3.33779791492e-15, 3.68938468154e-17], [2.39424789266e-15, 1.72089244439e-14, 1.86382024181e-13, 5.01188683383e-14, -6.45571175185e-14, 1.71339428756e-10, 5.15379926236e-11, 1.94254282798e-11, 1.11492155785e-10, 1.17597910576e-11, 2.51997262033e-13, 4.1342431323e-13, 1.34309054221e-13, 1.76509035252e-13, 5.29162651197e-13, 1.05632711779e-12, 3.12519302971e-12, 5.80886866386e-11, 4.76044594369e-12, 4.349594903e-12, 6.66115513442e-12, 9.73193747811e-13, 1.56117252372e-13, 1.86330714313e-13, 7.69914866453e-14, 3.3267682754e-15, 4.31188242936e-17], [4.96177373887e-15, 3.31322256685e-14, 1.65264300183e-13, -1.6066097427e-14, -1.5184719801e-12, 6.34772345798e-10, 6.71979083489e-10, 6.84242107418e-11, -6.02417005169e-11, 5.08456124426e-11, 1.55581114398e-12, 4.46622014545e-13, 1.49723644398e-13, 4.37204526055e-13, 1.74335730314e-12, 3.12519302971e-12, 2.45448990993e-11, 4.23789670023e-10, 3.45299899784e-11, 1.72121171482e-11, 3.01067816511e-11, 3.18067816009e-12, 7.09244349448e-13, 9.09956463478e-13, 3.30137908114e-13, 9.40326765427e-15, 2.03101163046e-16], [1.39791851055e-13, 1.45766089628e-13, -1.17862262918e-12, -1.25389423237e-12, -1.58071559314e-11, 3.88566974152e-08, 3.99378734528e-08, 1.37597433447e-09, -1.25413446295e-09, 1.63764990457e-09, 6.945323483e-11, -5.84043393075e-13, -4.32509236759e-12, 3.56173163879e-12, 1.20940757409e-10, 5.80886866386e-11, 4.23789670023e-10, 1.48202294881e-08, 1.15237452913e-09, 5.69284508423e-10, 6.41842523574e-10, 8.39064651093e-11, 2.55911680735e-11, 2.49799469304e-11, 9.52989076541e-12, 2.21306358113e-13, 5.74763904887e-15], [1.78899745089e-14, -1.18342889741e-13, 5.89751554883e-13, 3.03586664271e-13, 4.30791470205e-12, 4.64903360253e-09, 5.84535797543e-09, 6.32255706123e-11, 3.6611461085e-10, 2.63190469418e-10, 2.61098976641e-12, 3.69403639622e-12, 3.13407134446e-12, 1.80827217349e-12, 2.27631303563e-12, 4.76044594369e-12, 3.45299899784e-11, 1.15237452913e-09, 2.26419702432e-10, 8.52159384723e-11, 7.67301916449e-11, 1.45028563811e-11, 4.28805602137e-12, 3.84155641325e-12, 1.66187343834e-12, 2.87245846954e-14, 5.50227679157e-16], [4.87565716967e-15, 1.29805061556e-13, 1.57426187971e-12, 6.44056531197e-13, 1.85669188357e-12, 8.73483563257e-10, 1.72553726863e-09, 1.29981830854e-10, -5.10441446055e-11, 1.13788908851e-10, 1.69254053047e-12, 2.87966807518e-12, 1.96162920976e-12, 1.68648049085e-12, 4.18519342446e-12, 4.349594903e-12, 1.72121171482e-11, 5.69284508423e-10, 8.52159384723e-11, 5.41633404794e-11, 5.43621953009e-11, 6.84041451954e-12, 2.29429019186e-12, 2.20184309153e-12, 9.8746651047e-13, 3.21295317825e-14, 3.71971183594e-16], [7.16893619392e-15, 2.13014135953e-13, 1.41448788446e-12, 3.80727892789e-13, -7.10157247678e-13, 4.78330763887e-10, 1.14759080017e-09, 2.73690320407e-10, -7.19911630309e-11, 1.25789934025e-10, 9.20755442377e-13, 2.20268183034e-12, 1.11017369343e-12, 1.80377099975e-12, 3.01547198669e-12, 6.66115513442e-12, 3.01067816511e-11, 6.41842523574e-10, 7.67301916449e-11, 5.43621953009e-11, 7.82229975238e-11, 8.2167458601e-12, 2.00157078412e-12, 2.10546337309e-12, 8.7683462921e-13, 2.78628387859e-14, 3.47329221684e-16], [1.18814370303e-15, 2.62630832338e-14, 2.47918656091e-13, 9.23703117033e-14, -6.74168227212e-14, 4.34454777709e-10, 1.55590249018e-10, 1.55421196746e-11, -2.59840825072e-12, 9.53095241618e-12, 2.05581688825e-12, 5.01863849957e-13, 2.06930704668e-13, 3.46630601826e-13, 1.21983846635e-12, 9.73193747811e-13, 3.18067816009e-12, 8.39064651093e-11, 1.45028563811e-11, 6.84041451954e-12, 8.2167458601e-12, 6.02718135817e-12, 3.20281046693e-13, 3.26299724003e-13, 1.46835560204e-13, 6.8627494536e-15, 7.48206833971e-17], [4.5127358449e-16, 3.25089106398e-15, 6.01764731795e-14, 2.36107520254e-14, 2.45262225243e-13, 2.06453826257e-10, 1.96048538514e-10, 2.56543614477e-12, -4.62937934514e-12, 4.89709705079e-12, 5.25786215239e-14, 8.95021158424e-14, 3.55831934285e-14, 5.78254756361e-14, 1.34252174265e-13, 1.56117252372e-13, 7.09244349448e-13, 2.55911680735e-11, 4.28805602137e-12, 2.29429019186e-12, 2.00157078412e-12, 3.20281046693e-13, 1.33652976382e-13, 1.18281618766e-13, 4.87397225173e-14, 1.77013167663e-15, 2.97233324138e-17], [3.66852113508e-16, 3.17106032628e-15, 7.27272178569e-14, 2.61040053641e-14, 1.02881367163e-13, 1.54098636629e-10, 1.52966250777e-10, 2.56976644825e-12, -5.05162925379e-12, 4.2874094032e-12, 6.0068174935e-14, 1.00770696583e-13, 5.13641626248e-14, 6.2830864372e-14, 1.34290690547e-13, 1.86330714313e-13, 9.09956463478e-13, 2.49799469304e-11, 3.84155641325e-12, 2.20184309153e-12, 2.10546337309e-12, 3.26299724003e-13, 1.18281618766e-13, 1.14602595534e-13, 4.71786882293e-14, 1.77668506467e-15, 2.64402790323e-17], [8.5591309509e-17, 3.01407674555e-15, 3.74278448403e-14, 1.53677373968e-14, 2.08054195617e-14, 3.14164007309e-11, 4.09889483466e-11, 7.30071873182e-13, -2.43072250695e-12, 1.7983344848e-12, 3.19955989329e-14, 4.82086193068e-14, 2.43653109977e-14, 3.19390645659e-14, 6.51099860876e-14, 7.69914866453e-14, 3.30137908114e-13, 9.52989076541e-12, 1.66187343834e-12, 9.8746651047e-13, 8.7683462921e-13, 1.46835560204e-13, 4.87397225173e-14, 4.71786882293e-14, 2.16068516432e-14, 7.68289164588e-16, 8.86784352361e-18], [4.57133093721e-18, 8.85183311199e-17, 1.99587686263e-15, 7.80367219141e-16, 4.32008360088e-15, 2.84757005302e-12, 1.92662856155e-12, 2.84090412056e-14, -1.07925197642e-13, 2.48451873495e-14, 2.06773680853e-15, 2.54149419439e-15, 1.1171347076e-15, 1.58896265828e-15, 3.33779791492e-15, 3.3267682754e-15, 9.40326765427e-15, 2.21306358113e-13, 2.87245846954e-14, 3.21295317825e-14, 2.78628387859e-14, 6.8627494536e-15, 1.77013167663e-15, 1.77668506467e-15, 7.68289164588e-16, 4.67189723998e-17, 6.52897121307e-19], [3.50846433766e-19, -1.73192760551e-18, 1.19468943137e-17, 4.67204679424e-18, 2.48131816802e-16, 1.23626708371e-13, 7.4897682186e-14, 5.4242211173e-16, -7.57024367543e-16, 8.92245342517e-16, 2.94234265022e-17, 3.14388553734e-17, 3.81463893415e-18, 1.08858217655e-17, 3.68938468154e-17, 4.31188242936e-17, 2.03101163046e-16, 5.74763904887e-15, 5.50227679157e-16, 3.71971183594e-16, 3.47329221684e-16, 7.48206833971e-17, 2.97233324138e-17, 2.64402790323e-17, 8.86784352361e-18, 6.52897121307e-19, 1.91995308704e-20]]
    },
    "mfcc": {
        "kurt": [-0.378908634186, 0.996873617172, -0.546124219894, -0.838250398636, 0.229919672012, 0.117877721786, 0.192966461182, 1.49484348297, 0.973137617111, 0.642837285995, 0.510980367661, 2.36722230911, 1.70419549942],
        "max": [-830.473266602, 156.114685059, 45.8261146545, 75.6789779663, 19.3405914307, 12.6498260498, 17.5768165588, 49.5143890381, 51.3454322815, 42.4609298706, 29.8945274353, 32.8336753845, 14.0447654724],
        "mean": [-1035.70336914, 44.7234268188, -5.17034339905, 23.7252178192, -12.0433187485, -26.9916820526, -9.0215845108, -3.1087641716, -5.79646635056, -2.33569335938, 1.15921747684, -5.75625562668, -7.51527500153],
        "median": [-1058.80639648, 37.7100715637, 0.0466156005859, 19.0744438171, -4.56550598145, -19.9756622314, -4.0599937439, -2.8512878418, -1.99119949341, -1.28308486938, -0.181480407715, -5.23226928711, -4.97052764893],
        "min": [-1138.42004395, -0.567348480225, -62.1360778809, -14.1416435242, -71.2182159424, -105.924591064, -55.049369812, -47.2467422485, -64.7098999023, -49.6086959839, -21.0570735931, -51.9167442322, -50.9684715271],
        "skew": [0.791977882385, 0.977448701859, -0.474826276302, 0.368548154831, -0.970734894276, -0.934454143047, -0.966087937355, 0.563129365444, -0.429496258497, -0.154702350497, 0.628799378872, -0.320073634386, -1.11195135117],
        "var": [6831.04931641, 873.005249023, 560.846008301, 426.193145752, 401.970336914, 806.193603516, 282.511566162, 276.319915771, 378.936309814, 263.803009033, 102.241470337, 136.722595215, 135.116607666],
        "cov": [[6887.50390625, 1563.43774414, -1127.67224121, 1010.3616333, -1400.92895508, -1714.06054688, -759.313659668, -213.426269531, -288.112060547, -427.630401611, 84.0987548828, 18.7496490479, -198.577957153], [1563.43774414, 880.220153809, -11.7820463181, 208.0546875, -334.311981201, -486.069519043, -241.242355347, -200.040161133, -240.261825562, -191.700134277, -8.47174739838, -28.8877792358, -21.6273288727], [-1127.67224121, -11.7820463181, 565.481079102, -19.1989459991, 251.988494873, 234.554992676, 45.1038665771, -117.762954712, -176.160980225, -82.7617263794, -76.4408111572, 32.9529380798, 118.369041443], [1010.3616333, 208.0546875, -19.1989459991, 429.715393066, -145.32699585, -291.790496826, -107.13381958, -44.9895820618, -115.53679657, -146.854522705, -41.5949668884, 18.9972896576, 19.999956131], [-1400.92895508, -334.311981201, 251.988494873, -145.32699585, 405.292419434, 466.312988281, 203.138931274, 25.3179397583, 52.3981323242, 75.5486297607, -52.363067627, 10.2689361572, 72.9634552002], [-1714.06054688, -486.069519043, 234.554992676, -291.790496826, 466.312988281, 812.856323242, 358.878875732, 15.0757160187, 167.692810059, 155.45765686, -58.1715507507, -4.83292913437, 96.7395401001], [-759.313659668, -241.242355347, 45.1038665771, -107.13381958, 203.138931274, 358.878875732, 284.846374512, 103.806747437, 149.087219238, 146.791976929, -19.5330181122, -12.9585361481, 16.4061870575], [-213.426269531, -200.040161133, -117.762954712, -44.9895820618, 25.3179397583, 15.0757160187, 103.806747437, 278.60357666, 247.255813599, 132.816223145, 38.3331794739, -50.1866569519, -90.3092041016], [-288.112060547, -240.261825562, -176.160980225, -115.53679657, 52.3981323242, 167.692810059, 149.087219238, 247.255813599, 382.068023682, 231.17791748, 67.3442306519, -36.9270591736, -96.3661499023], [-427.630401611, -191.700134277, -82.7617263794, -146.854522705, 75.5486297607, 155.45765686, 146.791976929, 132.816223145, 231.17791748, 265.983215332, 99.3429031372, 12.1459274292, -54.9764976501], [84.0987548828, -8.47174739838, -76.4408111572, -41.5949668884, -52.363067627, -58.1715507507, -19.5330181122, 38.3331794739, 67.3442306519, 99.3429031372, 103.08644104, 28.7752285004, -37.1597671509], [18.7496490479, -28.8877792358, 32.9529380798, 18.9972896576, 10.2689361572, -4.83292913437, -12.9585361481, -50.1866569519, -36.9270591736, 12.1459274292, 28.7752285004, 137.852523804, 72.3271026611], [-198.577957153, -21.6273288727, 118.369041443, 19.999956131, 72.9634552002, 96.7395401001, 16.4061870575, -90.3092041016, -96.3661499023, -54.9764976501, -37.1597671509, 72.3271026611, 136.233276367]]
    },
    "sccoeffs": {
        "kurt": [1.34723186493, 1.2970290184, 5.27046966553, 3.51022768021, 3.75328826904, 3.64128875732],
        "max": [-0.57277905941, -0.274171024561, -0.284641325474, -0.621271967888, -0.533822119236, -0.648501753807],
        "mean": [-0.825600028038, -0.770908653736, -0.812467336655, -0.858510792255, -0.842389643192, -0.834591686726],
        "median": [-0.834012031555, -0.834961414337, -0.855168581009, -0.873276233673, -0.860806465149, -0.844896197319],
        "min": [-0.958626151085, -0.92967581749, -0.968839406967, -0.939904630184, -0.915270984173, -0.918248772621],
        "skew": [0.989276230335, 1.5085362196, 2.08336782455, 1.70591902733, 1.7796381712, 1.50150609016],
        "var": [0.00461019994691, 0.0231756288558, 0.0147164408118, 0.00280017638579, 0.00444314070046, 0.00153756001964],
        "cov": [[0.0046483008191, 0.00512907328084, 9.49048626353e-05, 5.75081066927e-05, 0.00107847573236, 0.000984749989584], [0.00512907328084, 0.0233671627939, 0.00721362559125, 0.00175520009361, 0.00591250741854, 0.00294452742673], [9.49048626353e-05, 0.00721362559125, 0.0148380640894, 0.00320705492049, 0.00491898180917, 0.00206890841946], [5.75081066927e-05, 0.00175520009361, 0.00320705492049, 0.00282331835479, 0.00228849239647, 0.000970979861449], [0.00107847573236, 0.00591250741854, 0.00491898180917, 0.00228849239647, 0.00447986088693, 0.00189401232637], [0.000984749989584, 0.00294452742673, 0.00206890841946, 0.000970979861449, 0.00189401232637, 0.00155026721768]]
    },
    "scvalleys": {
        "kurt": [14.3433761597, 5.02544403076, 8.00419139862, 11.4662866592, 7.54514122009, 2.39504528046],
        "max": [-7.72335720062, -6.937915802, -7.88553762436, -8.41585636139, -7.70827722549, -9.45592784882],
        "mean": [-10.2895441055, -9.9677438736, -10.5820159912, -10.907702446, -10.4492740631, -12.5530538559],
        "median": [-10.2898445129, -10.0674362183, -10.6420974731, -10.8924541473, -10.4372644424, -12.7849311829],
        "min": [-16.4543361664, -17.3692989349, -17.6855678558, -18.0254249573, -17.6478385925, -18.4221553802],
        "skew": [-2.42701244354, -1.0491900444, -1.46471738815, -2.00138950348, -1.42906820774, -0.413655370474],
        "var": [0.902488648891, 2.0480287075, 1.55750739574, 1.32538747787, 1.59687042236, 1.65498840809],
        "cov": [[0.909947216511, 1.06071805954, 0.957842350006, 0.849450588226, 0.915674984455, 0.87428599596], [1.06071805954, 2.06495475769, 1.58540391922, 1.36279773712, 1.58079385757, 1.55175793171], [0.957842350006, 1.58540391922, 1.57037937641, 1.29543733597, 1.41043841839, 1.28711974621], [0.849450588226, 1.36279773712, 1.29543733597, 1.33634102345, 1.3123062849, 1.16465675831], [0.915674984455, 1.58079385757, 1.41043841839, 1.3123062849, 1.61006772518, 1.53679013252], [0.87428599596, 1.55175793171, 1.28711974621, 1.16465675831, 1.53679013252, 1.66866600513]]
    }
},
"rhythm": {
    "beats_loudness": {
        "kurt": -1.50000011921,
        "max": 0.00117348064668,
        "mean": 0.000427424558438,
        "median": 9.09525042516e-05,
        "min": 1.78405207407e-05,
        "skew": 0.696966648102,
        "var": 2.79190743413e-07
    },
    "bpm": 89.8845214844,
    "confidence": 0,
    "first_peak_bpm": {
        "kurt": 0,
        "max": 89,
        "mean": 89,
        "median": 89,
        "min": 89,
        "skew": 0,
        "var": 0
    },
    "first_peak_spread": {
        "kurt": 0,
        "max": 0.5,
        "mean": 0.5,
        "median": 0.5,
        "min": 0.5,
        "skew": 0,
        "var": 0
    },
    "first_peak_weight": {
        "kurt": 0,
        "max": 0.5,
        "mean": 0.5,
        "median": 0.5,
        "min": 0.5,
        "skew": 0,
        "var": 0
    },
    "onset_rate": 5.36239719391,
    "second_peak_bpm": {
        "kurt": 0,
        "max": 0,
        "mean": 0,
        "median": 0,
        "min": 0,
        "skew": 0,
        "var": 0
    },
    "second_peak_spread": {
        "kurt": 0,
        "max": 0,
        "mean": 0,
        "median": 0,
        "min": 0,
        "skew": 0,
        "var": 0
    },
    "second_peak_weight": {
        "kurt": 0,
        "max": 0,
        "mean": 0,
        "median": 0,
        "min": 0,
        "skew": 0,
        "var": 0
    },
    "beats_loudness_band_ratio": {
        "kurt": [-1.49999988079, -1.50000011921, -1.50000035763, -1.50000011921, -1.50000011921, -1.49999976158],
        "max": [0.0446529462934, 0.934875369072, 0.872165560722, 0.0491350255907, 0.151617348194, 0.452661335468],
        "mean": [0.0168163012713, 0.328432589769, 0.441554635763, 0.0257917642593, 0.0709996819496, 0.161872372031],
        "median": [0.00526233576238, 0.0490278601646, 0.289837002754, 0.0280689466745, 0.0460843518376, 0.0265142284334],
        "min": [0.000533622282092, 0.00139449140988, 0.162661239505, 0.000171317980858, 0.0152973560616, 0.0064415531233],
        "skew": [0.67691141367, 0.700582146645, 0.618270099163, -0.168863847852, 0.56247317791, 0.702064216137],
        "var": [0.000391166191548, 0.184264600277, 0.0954085215926, 0.000402166886488, 0.00340757705271, 0.0423462577164],
        "cov": [[0.000586749287322, -0.0069368085824, -0.00232872087508, 0.000105425686343, 0.00171948969364, 0.00609467085451], [-0.0069368085824, 0.276396900415, -0.133784234524, -0.0119038634002, -0.0240784846246, -0.0656202211976], [-0.00232872087508, -0.133784234524, 0.143112778664, 0.00842587463558, -0.00371246226132, -0.0295279361308], [0.000105425686343, -0.0119038634002, 0.00842587463558, 0.000603250344284, 0.000514547224157, 0.000742343021557], [0.00171948969364, -0.0240784846246, -0.00371246226132, 0.000514547224157, 0.00511136557907, 0.0177365392447], [0.00609467085451, -0.0656202211976, -0.0295279361308, 0.000742343021557, 0.0177365392447, 0.0635193884373]]
    },
    "beats_position": [0.696598649025, 1.35836732388, 2.03174591064],
    "bpm_estimates": [90.6661224365, 89.1029205322],
    "bpm_intervals": [0.66176867485, 0.673378586769],
    "onset_times": [0.174149662256, 0.267029464245, 0.487619042397, 0.684988677502, 0.824308395386, 0.9287981987, 1.09133791924, 1.19582772255, 1.34675741196, 1.60217690468, 1.86920630932, 2.03174614906, 2.17106580734, 2.32199549675, 2.55419492722],
    "histogram": [[0, 0, 0, 0, 0, 0, 0, 0, 0, 0, 0, 0, 0, 0, 0, 0, 0, 0, 0, 0, 0, 0, 0, 0, 0, 0, 0, 0, 0, 0, 0, 0, 0, 0, 0, 0, 0, 0, 0, 0, 0, 0, 0, 0, 0, 0, 0, 0, 0, 0, 0, 0, 0, 0, 0, 0, 0, 0, 0, 0, 0, 0, 0, 0, 0, 0, 0, 0, 0, 0, 0, 0, 0, 0, 0, 0, 0, 0, 0, 0, 0, 0, 0, 0, 0, 0, 0, 0, 0, 0.5, 0, 0.5, 0, 0, 0, 0, 0, 0, 0, 0, 0, 0, 0, 0, 0, 0, 0, 0, 0, 0, 0, 0, 0, 0, 0, 0, 0, 0, 0, 0, 0, 0, 0, 0, 0, 0, 0, 0, 0, 0, 0, 0, 0, 0, 0, 0, 0, 0, 0, 0, 0, 0, 0, 0, 0, 0, 0, 0, 0, 0, 0, 0, 0, 0, 0, 0, 0, 0, 0, 0, 0, 0, 0, 0, 0, 0, 0, 0, 0, 0, 0, 0, 0, 0, 0, 0, 0, 0, 0, 0, 0, 0, 0, 0, 0, 0, 0, 0, 0, 0, 0, 0, 0, 0, 0, 0, 0, 0, 0, 0, 0, 0, 0, 0, 0, 0, 0, 0, 0, 0, 0, 0, 0, 0, 0, 0, 0, 0, 0, 0, 0, 0, 0, 0, 0, 0, 0, 0, 0, 0, 0, 0, 0, 0, 0, 0, 0, 0, 0, 0, 0, 0, 0, 0, 0, 0, 0, 0, 0, 0]]
},
"sfx": {
    "inharmonicity": {
        "kurt": 3.84463500977,
        "max": 0.307790279388,
        "mean": 0.0382432676852,
        "median": 0.00406833831221,
        "min": 0,
        "skew": 2.09967660904,
        "var": 0.00421578716487
    },
    "oddtoevenharmonicenergyratio": {
        "kurt": 32.1650848389,
        "max": 16.8080348969,
        "mean": 0.682319402695,
        "median": 0.0293999742717,
        "min": 0,
        "skew": 5.36674070358,
        "var": 4.59353065491
    },
    "pitch_after_max_to_before_max_energy_ratio": 1.33405208588,
    "pitch_centroid": 64.0102005005,
    "pitch_max_to_total": 0.483606547117,
    "pitch_min_to_total": 0.836065590382,
    "tristimulus": {
        "kurt": [-1.48594295979, 0.586809873581, -0.430880069733],
        "max": [1, 0.887987673283, 0.804537832737],
        "mean": [0.606974720955, 0.189747184515, 0.20327809453],
        "median": [0.675325155258, 0.0975988209248, 0.117033138871],
        "min": [0, 0, 0],
        "skew": [-0.263646394014, 1.21400535107, 0.906220972538],
        "var": [0.130406811833, 0.04949080199, 0.053402736783],
        "cov": [[0.131484553218, -0.0637701451778, -0.0677144601941], [-0.0637701451778, 0.0498998202384, 0.0138703454286], [-0.0677144601941, 0.0138703454286, 0.0538440831006]]
    }
},
"tonal": {
    "chords_changes_rate": 0.0967741906643,
    "chords_number_rate": 0.112903222442,
    "chords_strength": {
        "kurt": -0.577199459076,
        "max": 0.608527839184,
        "mean": 0.428364396095,
        "median": 0.433033704758,
        "min": 0.246314555407,
        "skew": -0.190409243107,
        "var": 0.00769427232444
    },
    "key_strength": 0.400610804558,
    "tuning_diatonic_strength": 0.351594686508,
    "tuning_equal_tempered_deviation": 0.24115639925,
    "tuning_frequency": 439.491973877,
    "tuning_nontempered_energy_ratio": 0.905873656273,
    "hpcp": {
        "kurt": [1.51145219803, 2.7973613739, 3.98016786575, 2.87203025818, 1.00114965439, 3.86043024063, 4.09655809402, 2.45523262024, 4.7646279335, 1.49540519714, 4.11594867706, 0.731621742249, 0.374107122421, 2.64241170883, 9.53906154633, 5.35429191589, 1.30812549591, 0.813781261444, 1.7687587738, 2.18812227249, 5.47332954407, 3.67684698105, 0.754382371902, 0.886695861816, 1.70270729065, 1.44543266296, -0.278262615204, 0.280362844467, 0.980812072754, -0.707944154739, -0.742532491684, -0.34724354744, 0.561050415039, 1.05841398239, 1.25063514709, 1.28757476807],
        "max": [1, 1, 1, 1, 0.7268242836, 0.947733342648, 0.925762712955, 0.981280088425, 1, 0.701064765453, 0.790095448494, 0.561635375023, 0.56173068285, 0.688200771809, 1, 1, 1, 1, 0.704216837883, 0.518790602684, 1, 1, 0.742056667805, 1, 1, 1, 1, 1, 1, 1, 1, 1, 1, 1, 1, 1],
        "mean": [0.198683187366, 0.173890143633, 0.177202820778, 0.181258261204, 0.16162148118, 0.155169293284, 0.165172204375, 0.18622353673, 0.171288490295, 0.141853541136, 0.137519776821, 0.135339409113, 0.132836356759, 0.127154707909, 0.130295857787, 0.148816674948, 0.216421917081, 0.228908255696, 0.13897202909, 0.10223107785, 0.14244312048, 0.153686225414, 0.175126045942, 0.23506167531, 0.231105282903, 0.224201977253, 0.305379748344, 0.308890551329, 0.261884301901, 0.323712736368, 0.367280423641, 0.327255427837, 0.264573156834, 0.234594404697, 0.227799206972, 0.217357352376],
        "median": [0.0904298946261, 0.102301448584, 0.0976716578007, 0.0992521122098, 0.0874076336622, 0.0770041644573, 0.109943009913, 0.0884344279766, 0.0902073830366, 0.0909399613738, 0.0909730046988, 0.0759148821235, 0.0653210878372, 0.0684751868248, 0.0789768397808, 0.101033404469, 0.0843561738729, 0.101838499308, 0.0753267407417, 0.052150785923, 0.0417491979897, 0.0445930883288, 0.115852497518, 0.149611234665, 0.16017845273, 0.131991893053, 0.19325569272, 0.210561990738, 0.163954436779, 0.257065176964, 0.283996045589, 0.279089391232, 0.221691995859, 0.187167569995, 0.125801593065, 0.120742298663],
