{
"metadata": {
    "version": {
        "essentia": "2.1-beta3"
    }
},
"lowLevel": {
    "average_loudness": 0.829055070877,
    "barkbands_kurtosis": {
        "kurt": 44.4083518982,
        "max": 440.207397461,
        "mean": 14.3332738876,
        "median": 1.06329345703,
        "min": -1.76989066601,
        "skew": 5.98541927338,
        "var": 1898.02392578
    },
    "barkbands_skewness": {
        "kurt": 6.60112476349,
        "max": 15.415225029,
        "mean": 2.02127456665,
        "median": 1.52602946758,
        "min": -2.17833709717,
        "skew": 2.1292181015,
        "var": 7.05180311203
    },
    "barkbands_spread": {
        "kurt": -1.24093127251,
        "max": 54.1782913208,
        "mean": 22.1718101501,
        "median": 22.234418869,
        "min": 0.250317662954,
        "skew": 0.0747025087476,
        "var": 211.032089233
    },
    "dissonance": {
        "kurt": 1.38642024994,
        "max": 0.499999880791,
        "mean": 0.444470852613,
        "median": 0.472246617079,
        "min": 0.221402078867,
        "skew": -1.47349476814,
        "var": 0.00381576060317
    },
    "hfc": {
        "kurt": 32.512096405,
        "max": 4.40425682068,
        "mean": 0.15440350771,
        "median": 0.00721943564713,
        "min": 5.37898126041e-09,
        "skew": 5.25896167755,
        "var": 0.25066024065
    },
    "pitch": {
        "kurt": 0.00531053543091,
        "max": 4128.44433594,
        "mean": 1035.5501709,
        "median": 411.625213623,
        "min": 89.4374542236,
        "skew": 1.32966804504,
        "var": 1606882.5
    },
    "pitch_instantaneous_confidence": {
        "kurt": -0.84294295311,
        "max": 0.969260931015,
        "mean": 0.44621810317,
        "median": 0.357262194157,
        "min": 0.088267147541,
        "skew": 0.705738306046,
        "var": 0.0565293543041
    },
    "pitch_salience": {
        "kurt": 0.193506479263,
        "max": 0.932432591915,
        "mean": 0.608661770821,
        "median": 0.663161039352,
        "min": 0.0562965832651,
        "skew": -0.934068799019,
        "var": 0.0348099023104
    },
    "silence_rate_20dB": {
        "kurt": 0,
        "max": 1,
        "mean": 1,
        "median": 1,
        "min": 1,
        "skew": 0,
        "var": 0
    },
    "silence_rate_30dB": {
        "kurt": 0,
        "max": 1,
        "mean": 1,
        "median": 1,
        "min": 1,
        "skew": 0,
        "var": 0
    },
    "silence_rate_60dB": {
        "kurt": 30.3149757385,
        "max": 1,
        "mean": 0.971659898758,
        "median": 1,
        "min": 0,
        "skew": -5.68463039398,
        "var": 0.0275368373841
    },
    "spectral_centroid": {
        "kurt": 0.80465388298,
        "max": 4237.2109375,
        "mean": 1111.5723877,
        "median": 940.019042969,
        "min": 208.300720215,
        "skew": 1.06593048573,
        "var": 517240.8125
    },
    "spectral_complexity": {
        "kurt": 5.93697929382,
        "max": 4,
        "mean": 0.344129562378,
        "median": 0,
        "min": 0,
        "skew": 2.54447031021,
        "var": 0.679144501686
    },
    "spectral_crest": {
        "kurt": -0.350347995758,
        "max": 26.5733222961,
        "mean": 11.1140222549,
        "median": 9.17659950256,
        "min": 3.12954998016,
        "skew": 0.862304270267,
        "var": 40.3936271667
    },
    "spectral_decrease": {
        "kurt": 26.6570014954,
        "max": -2.07080478751e-19,
        "mean": -9.44900824251e-11,
        "median": -1.65270238901e-12,
        "min": -2.53284060392e-09,
        "skew": -4.91432666779,
        "var": 1.04414976411e-19
    },
    "spectral_energy": {
        "kurt": 26.8164730072,
        "max": 0.00995900202543,
        "mean": 0.000370631867554,
        "median": 7.2931889008e-06,
        "min": 1.26945849666e-12,
        "skew": 4.92335891724,
        "var": 1.5988132418e-06
    },
    "spectral_energyband_high": {
        "kurt": 125.230789185,
        "max": 0.000113746871648,
        "mean": 2.02673095373e-06,
        "median": 1.97042226091e-07,
        "min": 5.91878705335e-13,
        "skew": 10.3708810806,
        "var": 7.14055065076e-11
    },
    "spectral_energyband_low": {
        "kurt": 64.6751251221,
        "max": 3.72616013919e-05,
        "mean": 1.12672421437e-06,
        "median": 2.47077650783e-07,
        "min": 3.89445996339e-14,
        "skew": 7.45365810394,
        "var": 1.23989291057e-11
    },
    "spectral_energyband_middle_high": {
        "kurt": 45.0562286377,
        "max": 0.000269774725894,
        "mean": 8.98521193449e-06,
        "median": 1.26133227241e-06,
        "min": 6.01816936129e-13,
        "skew": 6.09906291962,
        "var": 7.23181015072e-10
    },
    "spectral_energyband_middle_low": {
        "kurt": 26.0776138306,
        "max": 0.00957874860615,
        "mean": 0.00035956109059,
        "median": 3.38523454957e-06,
        "min": 4.35142610692e-14,
        "skew": 4.87482500076,
        "var": 1.53790119839e-06
    },
    "spectral_flatness_db": {
        "kurt": -0.0285365581512,
        "max": 0.445107847452,
        "mean": 0.179016977549,
        "median": 0.146584689617,
        "min": 0.0394428037107,
        "skew": 1.02316176891,
        "var": 0.00898275524378
    },
    "spectral_flux": {
        "kurt": 5.52826213837,
        "max": 0.0872820541263,
        "mean": 0.00966702960432,
        "median": 0.00216375454329,
        "min": 1.09630109364e-05,
        "skew": 2.43337702751,
        "var": 0.000300096697174
    },
    "spectral_kurtosis": {
        "kurt": 4.47056007385,
        "max": 29.7653541565,
        "mean": 5.56762123108,
        "median": 3.55028009415,
        "min": 0.304503440857,
        "skew": 2.16867208481,
        "var": 29.3386573792
    },
    "spectral_rms": {
        "kurt": 9.52507305145,
        "max": 0.00311706587672,
        "mean": 0.000281436427031,
        "median": 8.4352272097e-05,
        "min": 3.51922722075e-08,
        "skew": 3.03840112686,
        "var": 2.82385997252e-07
    },
    "spectral_rolloff": {
        "kurt": -1.36250817776,
        "max": 6244.62890625,
        "mean": 1997.53137207,
        "median": 2110.25390625,
        "min": 150.732421875,
        "skew": 0.246677443385,
        "var": 2152031
    },
    "spectral_skewness": {
        "kurt": 1.83233451843,
        "max": 4.4554567337,
        "mean": 1.85550808907,
        "median": 1.62400639057,
        "min": 0.90159714222,
        "skew": 1.54317653179,
        "var": 0.550086855888
    },
    "spectral_spread": {
        "kurt": 1.17794466019,
        "max": 13420689,
        "mean": 5970974,
        "median": 6025833.5,
        "min": 2284068,
        "skew": 0.484410911798,
        "var": 3.15232406733e+12
    },
    "spectral_strongpeak": {
        "kurt": 13.3960647583,
        "max": 0.915422022343,
        "mean": 0.065842486918,
        "median": 0.0146865211427,
        "min": 0,
        "skew": 3.44093203545,
        "var": 0.0179819278419
    },
    "zerocrossingrate": {
        "kurt": 14.2497062683,
        "max": 0.4091796875,
        "mean": 0.0728448405862,
        "median": 0.06640625,
        "min": 0.01611328125,
        "skew": 2.32036209106,
        "var": 0.00182752741966
    },
    "barkbands": {
        "kurt": [195.249298096, 80.7315368652, 81.9456176758, 91.3190841675, 25.7590007782, 63.2229537964, 22.476890564, 62.1729812622, 18.6441497803, 64.8475646973, 76.4286880493, 32.7746925354, 70.1930084229, 129.294403076, 58.4677391052, 69.5001449585, 38.502456665, 28.5990905762, 37.7037887573, 138.656494141, 146.099502563, 226.233642578, 187.423614502, 169.664077759, 44.1838378906, 25.2150363922, 18.9468784332],
        "max": [1.85997350854e-06, 1.95275715669e-05, 2.13500898099e-05, 3.84800805477e-05, 0.00485870381817, 0.00270414445549, 0.00167513883207, 0.00308403302915, 5.80527739658e-05, 0.000210564830923, 2.59239932348e-05, 1.46883166963e-06, 3.20821436617e-06, 1.08825888674e-05, 2.06488039112e-05, 1.89594647964e-05, 2.00233807846e-05, 3.3910091588e-05, 1.2209326087e-05, 0.000101104444184, 5.22264017491e-05, 9.92930017674e-06, 1.8007598328e-06, 1.52219308802e-06, 9.28066583583e-07, 1.54257104867e-08, 5.3467136274e-10],
        "mean": [1.81639876473e-08, 3.34634336241e-07, 5.64751587717e-07, 7.61372234592e-07, 0.000177324705874, 5.55305960006e-05, 6.50889487588e-05, 5.63935027458e-05, 3.05219236907e-06, 3.73726629732e-06, 5.01861734392e-07, 7.904566246e-08, 8.04528710319e-08, 1.92001223809e-07, 5.47563331565e-07, 4.81059316826e-07, 8.92410241704e-07, 1.74199863068e-06, 6.27619328952e-07, 1.60647675784e-06, 8.68277368227e-07, 1.08204922356e-07, 3.2132653871e-08, 3.00305593726e-08, 3.65932137925e-08, 7.54437956552e-10, 2.77044550495e-11],
        "median": [1.48581025261e-09, 3.62014063171e-08, 1.24407506519e-07, 7.23226776245e-08, 3.26735488443e-07, 3.1756380281e-07, 4.33377124409e-07, 2.34174194702e-07, 1.18334639865e-07, 6.94114348221e-08, 2.34871162519e-08, 2.40740796187e-08, 1.78967862752e-08, 2.43918876208e-08, 4.24632560225e-08, 5.55941710445e-08, 1.59386374321e-07, 2.74028337799e-07, 1.62196414522e-07, 1.64241910738e-07, 7.05886762375e-08, 1.82545001337e-08, 4.73915440224e-09, 2.94172908255e-09, 3.20262194542e-09, 9.01397081976e-11, 1.3702914671e-12],
        "min": [1.72084043656e-14, 2.19166522496e-14, 7.1537751512e-15, 1.8386595008e-15, 1.52008172725e-15, 5.39804568165e-15, 8.29247627054e-15, 1.7827826431e-15, 1.05494811088e-14, 3.0036903005e-14, 1.20307782562e-14, 5.67165892295e-15, 2.25913152626e-15, 5.03937805046e-15, 3.64096815916e-15, 3.25902770482e-14, 3.17231592557e-14, 1.00481458549e-13, 1.5843819041e-13, 3.60892414043e-13, 2.21367439353e-13, 6.51392121124e-14, 6.71451758668e-14, 3.32940631716e-14, 5.80118838709e-14, 5.42613583527e-15, 5.50437849207e-16],
        "skew": [13.5434865952, 8.78286361694, 7.98799514771, 8.70085430145, 5.00897550583, 7.58908557892, 4.6301112175, 7.43184041977, 4.29535388947, 7.44817113876, 8.26391124725, 5.20081806183, 7.62355852127, 10.4489803314, 6.94241905212, 7.63678646088, 5.53736639023, 4.83016681671, 5.24799346924, 10.9321308136, 11.2722949982, 14.8718547821, 13.0058927536, 12.1269321442, 6.01398420334, 4.44562196732, 4.19507169724],
        "var": [1.53650743252e-14, 3.17103071232e-12, 3.06963330622e-12, 9.69647973026e-12, 4.85124985516e-07, 7.83325901921e-08, 5.33772244182e-08, 8.41253253725e-08, 9.1351252951e-11, 3.59998086896e-10, 5.24522526107e-12, 3.13835261489e-14, 7.75567557767e-14, 6.39439402036e-13, 3.70474831368e-12, 2.85543528926e-12, 4.47944459303e-12, 1.65321541179e-11, 1.56921036495e-12, 5.34407761099e-11, 1.38554185486e-11, 4.0536226719e-13, 1.44281627119e-14, 1.07873076316e-14, 9.80569639565e-15, 3.04959323408e-18, 5.86048133978e-21],
        "cov": [[1.54275345347e-14, 1.54913828618e-13, 6.90878560958e-14, 6.95366446444e-15, 2.46473653119e-12, 3.29308005561e-13, 3.4088437368e-12, 5.70791189921e-13, 9.30689851358e-14, -2.94225906659e-14, 4.82861137159e-16, 1.31115120405e-15, 1.01488963582e-14, 2.67530104786e-15, 5.87574854697e-15, 4.42373036396e-15, 5.5346737901e-15, 2.95141388339e-15, 1.00757978384e-15, 1.99136302405e-15, 6.43817757692e-15, 2.27079813456e-15, 5.84653639233e-16, 4.30151785629e-16, 2.96795580158e-16, 7.1975896774e-18, 7.69898406833e-19], [1.54913828618e-13, 3.18392100879e-12, 2.30331964439e-12, 2.11332606146e-13, -1.63625710203e-11, -7.00822342867e-12, 1.89807994625e-13, -7.89661565304e-12, -3.01709341104e-13, -7.48440263758e-13, -5.95570549258e-14, 1.3727493458e-15, 8.58982549261e-14, -2.51481795051e-15, -4.83378697583e-14, -4.61613000157e-14, -8.58930710845e-14, -1.54283839393e-13, -4.15912624978e-14, -1.8417846458e-13, -4.7309947843e-14, 7.75933848695e-15, 2.35244956957e-15, 1.00193886204e-15, -2.31532051561e-15, -1.12402744482e-17, 5.22725538447e-18], [6.90878560958e-14, 2.30331964439e-12, 3.08211160586e-12, 7.03192061871e-13, 2.85516298104e-11, -4.46421458827e-12, 4.24048920977e-11, -3.52142056834e-12, -1.2663295705e-13, 8.94868272365e-13, -6.49384204111e-15, 1.66684970947e-14, 4.13584300813e-14, 1.80347019464e-14, -2.74804152686e-14, -6.61960720613e-14, -6.13041857404e-14, 6.79675161096e-14, 7.38813781746e-14, 3.09494420923e-14, 4.03312535549e-14, 6.67790475695e-14, 1.42536569841e-14, 1.24151075976e-14, 7.83734768029e-15, 2.63127158705e-16, 7.1039040284e-18], [6.95366446444e-15, 2.11332606146e-13, 7.03192061871e-13, 9.73589611708e-12, 6.92549184667e-10, 1.51413923066e-10, 8.92958276766e-11, 5.45625732096e-11, 2.40070810453e-12, 1.50514312385e-13, 3.22681307672e-13, 7.64194276978e-14, -4.46310500815e-16, 9.14117550101e-14, 3.68410786903e-13, 3.64371042832e-14, 4.87984273215e-13, 1.64272360905e-12, 6.3097232517e-13, 2.7191018534e-12, 1.33097591108e-12, 5.22450409757e-13, 9.66610553535e-14, 7.48390810586e-14, 6.55439447834e-14, 7.8681070465e-16, 2.47382076839e-17], [2.46473653119e-12, -1.63625710203e-11, 2.85516298104e-11, 6.92549184667e-10, 4.87097054247e-07, 1.41636533613e-07, 4.43781438264e-08, 1.55895818921e-07, 1.31927713198e-09, 4.28008473108e-09, 2.72566774706e-10, 8.0498448185e-11, 5.29350695222e-11, 3.41247502478e-10, 8.14238398927e-10, 6.03302463542e-10, 8.0013495829e-10, 1.8244948885e-09, 4.21477852619e-10, 3.33039196221e-09, 1.62458402286e-09, 1.7239175365e-11, 1.84155728861e-12, 2.90977040639e-13, 4.96499508174e-11, 3.45883735607e-14, 6.26772066661e-15], [3.29308005561e-13, -7.00822342867e-12, -4.46421458827e-12, 1.51413923066e-10, 1.41636533613e-07, 7.86510199191e-08, 5.8172284767e-09, 5.47128067296e-08, 6.17579543061e-10, 2.44400877314e-09, 7.34802566016e-11, 3.67790069233e-11, 2.80663461222e-11, 1.6480317111e-10, 3.59392987592e-10, 3.19960419271e-10, 3.11745324e-10, 7.05816682878e-10, 1.92977134272e-10, 1.64507441003e-09, 8.40417124781e-10, 1.35850298025e-11, 2.3365441526e-12, 1.4979899916e-12, 2.16408575088e-11, 1.6848721989e-14, 2.7093032797e-15], [3.4088437368e-12, 1.89807994625e-13, 4.24048920977e-11, 8.92958276766e-11, 4.43781438264e-08, 5.8172284767e-09, 5.35942064062e-08, 1.17793366172e-08, 1.58267277062e-09, 2.27455998481e-10, 2.18495915805e-10, 1.05263749106e-11, 8.8000171386e-12, 3.18880061245e-11, 1.3091645823e-10, 6.48992110053e-11, 1.61538782351e-10, 3.58785529064e-10, 8.23059884136e-11, 2.4914606489e-10, 1.28194316273e-10, 2.81281421766e-11, 3.91244849018e-12, 3.15887138495e-12, 4.839431373e-12, 3.62189695824e-14, 4.75223981057e-15], [5.70791189921e-13, -7.89661565304e-12, -3.52142056834e-12, 5.45625732096e-11, 1.55895818921e-07, 5.47128067296e-08, 1.17793366172e-08, 8.44673024858e-08, 6.729169999e-10, 2.23160467883e-09, 1.43041009593e-10, 3.88251895911e-11, 2.80339692432e-11, 1.70982047965e-10, 4.1167208531e-10, 2.94267055168e-10, 4.1550357599e-10, 9.20104492597e-10, 1.85101656225e-10, 1.47420409213e-09, 7.52737872034e-10, 7.75302044786e-12, 5.40224657543e-13, -4.41541571914e-14, 1.62366578516e-11, 4.67173949333e-15, 1.58133745593e-15], [9.30689851358e-14, -3.01709341104e-13, -1.2663295705e-13, 2.40070810453e-12, 1.31927713198e-09, 6.17579543061e-10, 1.58267277062e-09, 6.729169999e-10, 9.17225947972e-11, 3.50658009574e-11, 1.3575936382e-11, 5.17650158849e-13, 2.81384616128e-13, 1.55104130494e-12, 8.24924070025e-12, 3.93576013794e-12, 9.91253780447e-12, 1.81665620047e-11, 3.37900020464e-12, 1.39618750589e-11, 7.74392962949e-12, 4.58148276261e-13, 4.06416504725e-14, 2.35313562391e-14, 1.69263298581e-13, 6.48531623098e-16, 2.35414093555e-16], [-2.94225906659e-14, -7.48440263758e-13, 8.94868272365e-13, 1.50514312385e-13, 4.28008473108e-09, 2.44400877314e-09, 2.27455998481e-10, 2.23160467883e-09, 3.50658009574e-11, 3.61461499621e-10, 7.97277695253e-12, 2.00330529075e-12, 1.12316894067e-12, 8.55923752013e-12, 1.78549900559e-11, 1.47766313074e-11, 1.82901124801e-11, 3.33772419425e-11, 1.10621642055e-11, 6.63406066193e-11, 3.38035086034e-11, 1.10350931951e-12, 3.01657814396e-13, 2.7925957987e-13, 1.0142633261e-12, 1.12287828978e-14, 2.13692635072e-16], [4.82861137159e-16, -5.95570549258e-14, -6.49384204111e-15, 3.22681307672e-13, 2.72566774706e-10, 7.34802566016e-11, 2.18495915805e-10, 1.43041009593e-10, 1.3575936382e-11, 7.97277695253e-12, 5.266547181e-12, 1.03441398242e-13, 5.58861937034e-14, 2.88376744359e-13, 2.48021286668e-12, 8.75550120686e-13, 2.4872805638e-12, 5.15706097617e-12, 6.50007771132e-13, 2.65540779469e-12, 1.5818522707e-12, 7.98243917255e-14, 5.23534378149e-15, 2.16133373744e-15, 4.64878718745e-14, -7.4843632696e-18, 3.71862750142e-17], [1.31115120405e-15, 1.3727493458e-15, 1.66684970947e-14, 7.64194276978e-14, 8.0498448185e-11, 3.67790069233e-11, 1.05263749106e-11, 3.88251895911e-11, 5.17650158849e-13, 2.00330529075e-12, 1.03441398242e-13, 3.15110994752e-14, 1.91268289591e-14, 1.08142336232e-13, 2.4950806937e-13, 1.93335121133e-13, 2.47311882345e-13, 5.57406930942e-13, 1.51876734388e-13, 9.72359128978e-13, 4.98465960348e-13, 2.5781333245e-14, 4.8655956888e-15, 4.06087500188e-15, 1.3132957856e-14, 7.17000419659e-17, 2.02360761951e-18], [1.01488963582e-14, 8.58982549261e-14, 4.13584300813e-14, -4.46310500815e-16, 5.29350695222e-11, 2.80663461222e-11, 8.8000171386e-12, 2.80339692432e-11, 2.81384616128e-13, 1.12316894067e-12, 5.58861937034e-14, 1.91268289591e-14, 7.78720282159e-14, 1.04483763763e-13, 2.35286372633e-13, 2.1739480062e-13, 2.47176872069e-13, 4.32073972954e-13, 1.71472807741e-13, 7.73785603734e-13, 3.97314017624e-13, 1.17309099582e-14, 3.20154271271e-15, 2.55249376424e-15, 9.59382973862e-15, 4.44143181731e-17, 1.20560436906e-18], [2.67530104786e-15, -2.51481795051e-15, 1.80347019464e-14, 9.14117550101e-14, 3.41247502478e-10, 1.6480317111e-10, 3.18880061245e-11, 1.70982047965e-10, 1.55104130494e-12, 8.55923752013e-12, 2.88376744359e-13, 1.08142336232e-13, 1.04483763763e-13, 6.42038776744e-13, 1.24650691245e-12, 1.10208391892e-12, 1.10647938294e-12, 2.42487692252e-12, 7.31839990085e-13, 5.35527221526e-12, 2.75032449072e-12, 5.01440726506e-14, 9.75361403379e-15, 6.56482297858e-15, 5.30392786982e-14, 1.44703191182e-16, 9.70475343453e-18], [5.87574854697e-15, -4.83378697583e-14, -2.74804152686e-14, 3.68410786903e-13, 8.14238398927e-10, 3.59392987592e-10, 1.3091645823e-10, 4.1167208531e-10, 8.24924070025e-12, 1.78549900559e-11, 2.48021286668e-12, 2.4950806937e-13, 2.35286372633e-13, 1.24650691245e-12, 3.71980831554e-12, 2.56379683108e-12, 3.59918236707e-12, 6.65190819094e-12, 1.7022847975e-12, 1.1400386711e-11, 5.83922276851e-12, 1.19884679441e-13, 1.87933876631e-14, 1.12263697009e-14, 1.24573528576e-13, 1.32375354553e-16, 1.60850894939e-17], [4.42373036396e-15, -4.61613000157e-14, -6.61960720613e-14, 3.64371042832e-14, 6.03302463542e-10, 3.19960419271e-10, 6.48992110053e-11, 2.94267055168e-10, 3.93576013794e-12, 1.47766313074e-11, 8.75550120686e-13, 1.93335121133e-13, 2.1739480062e-13, 1.10208391892e-12, 2.56379683108e-12, 2.86704254088e-12, 2.59980860624e-12, 4.69518477916e-12, 1.55933360842e-12, 9.81826078772e-12, 5.01337556538e-12, 7.90799175275e-14, 1.84434207544e-14, 1.39639192001e-14, 1.08576410124e-13, 3.48608506132e-16, 1.27124822306e-17], [5.5346737901e-15, -8.58930710845e-14, -6.13041857404e-14, 4.87984273215e-13, 8.0013495829e-10, 3.11745324e-10, 1.61538782351e-10, 4.1550357599e-10, 9.91253780447e-12, 1.82901124801e-11, 2.4872805638e-12, 2.47311882345e-13, 2.47176872069e-13, 1.10647938294e-12, 3.59918236707e-12, 2.59980860624e-12, 4.49765398536e-12, 6.94893838651e-12, 1.86468158622e-12, 1.00053940827e-11, 5.08661298845e-12, 1.18933264929e-13, 2.40853395035e-14, 1.64899256088e-14, 1.17756065315e-13, 3.95196853478e-16, 1.78918240053e-17], [2.95141388339e-15, -1.54283839393e-13, 6.79675161096e-14, 1.64272360905e-12, 1.8244948885e-09, 7.05816682878e-10, 3.58785529064e-10, 9.20104492597e-10, 1.81665620047e-11, 3.33772419425e-11, 5.15706097617e-12, 5.57406930942e-13, 4.32073972954e-13, 2.42487692252e-12, 6.65190819094e-12, 4.69518477916e-12, 6.94893838651e-12, 1.65993573054e-11, 3.90267592548e-12, 2.29029920029e-11, 1.1707719863e-11, 7.23556956538e-13, 1.31294850209e-13, 9.98791300317e-14, 2.67826369806e-13, 1.47671755788e-15, 5.20949581671e-17], [1.00757978384e-15, -4.15912624978e-14, 7.38813781746e-14, 6.3097232517e-13, 4.21477852619e-10, 1.92977134272e-10, 8.23059884136e-11, 1.85101656225e-10, 3.37900020464e-12, 1.10621642055e-11, 6.50007771132e-13, 1.51876734388e-13, 1.71472807741e-13, 7.31839990085e-13, 1.7022847975e-12, 1.55933360842e-12, 1.86468158622e-12, 3.90267592548e-12, 1.57558926843e-12, 7.46294519238e-12, 3.7359676984e-12, 4.2059823506e-13, 8.48181659456e-14, 7.18363628131e-14, 9.47452497859e-14, 1.07901716618e-15, 1.59292999517e-17], [1.99136302405e-15, -1.8417846458e-13, 3.09494420923e-14, 2.7191018534e-12, 3.33039196221e-09, 1.64507441003e-09, 2.4914606489e-10, 1.47420409213e-09, 1.39618750589e-11, 6.63406066193e-11, 2.65540779469e-12, 9.72359128978e-13, 7.73785603734e-13, 5.35527221526e-12, 1.1400386711e-11, 9.81826078772e-12, 1.00053940827e-11, 2.29029920029e-11, 7.46294519238e-12, 5.36580155308e-11, 2.70527628077e-11, 1.28885465668e-12, 2.35501966235e-13, 1.79883546752e-13, 5.73767108044e-13, 2.03518173248e-15, 3.95429125794e-17], [6.43817757692e-15, -4.7309947843e-14, 4.03312535549e-14, 1.33097591108e-12, 1.62458402286e-09, 8.40417124781e-10, 1.28194316273e-10, 7.52737872034e-10, 7.74392962949e-12, 3.38035086034e-11, 1.5818522707e-12, 4.98465960348e-13, 3.97314017624e-13, 2.75032449072e-12, 5.83922276851e-12, 5.01337556538e-12, 5.08661298845e-12, 1.1707719863e-11, 3.7359676984e-12, 2.70527628077e-11, 1.39117415504e-11, 7.02611580028e-13, 1.29344424711e-13, 1.00330374976e-13, 2.86741144067e-13, 1.14122919505e-15, 2.35359023179e-17], [2.27079813456e-15, 7.75933848695e-15, 6.67790475695e-14, 5.22450409757e-13, 1.7239175365e-11, 1.35850298025e-11, 2.81281421766e-11, 7.75302044786e-12, 4.58148276261e-13, 1.10350931951e-12, 7.98243917255e-14, 2.5781333245e-14, 1.17309099582e-14, 5.01440726506e-14, 1.19884679441e-13, 7.90799175275e-14, 1.18933264929e-13, 7.23556956538e-13, 4.2059823506e-13, 1.28885465668e-12, 7.02611580028e-13, 4.07010064757e-13, 7.50774700113e-14, 6.34604402448e-14, 2.38526510826e-14, 7.18415176439e-16, 4.93247840624e-18], [5.84653639233e-16, 2.35244956957e-15, 1.42536569841e-14, 9.66610553535e-14, 1.84155728861e-12, 2.3365441526e-12, 3.91244849018e-12, 5.40224657543e-13, 4.06416504725e-14, 3.01657814396e-13, 5.23534378149e-15, 4.8655956888e-15, 3.20154271271e-15, 9.75361403379e-15, 1.87933876631e-14, 1.84434207544e-14, 2.40853395035e-14, 1.31294850209e-13, 8.48181659456e-14, 2.35501966235e-13, 1.29344424711e-13, 7.50774700113e-14, 1.44868129672e-14, 1.23182205809e-14, 4.94113705165e-15, 1.58394287634e-16, 1.21072523744e-18], [4.30151785629e-16, 1.00193886204e-15, 1.24151075976e-14, 7.48390810586e-14, 2.90977040639e-13, 1.4979899916e-12, 3.15887138495e-12, -4.41541571914e-14, 2.35313562391e-14, 2.7925957987e-13, 2.16133373744e-15, 4.06087500188e-15, 2.55249376424e-15, 6.56482297858e-15, 1.12263697009e-14, 1.39639192001e-14, 1.64899256088e-14, 9.98791300317e-14, 7.18363628131e-14, 1.79883546752e-13, 1.00330374976e-13, 6.34604402448e-14, 1.23182205809e-14, 1.08311585273e-14, 4.34172359862e-15, 1.43265935089e-16, 1.23200569947e-18], [2.96795580158e-16, -2.31532051561e-15, 7.83734768029e-15, 6.55439447834e-14, 4.96499508174e-11, 2.16408575088e-11, 4.839431373e-12, 1.62366578516e-11, 1.69263298581e-13, 1.0142633261e-12, 4.64878718745e-14, 1.3132957856e-14, 9.59382973862e-15, 5.30392786982e-14, 1.24573528576e-13, 1.08576410124e-13, 1.17756065315e-13, 2.67826369806e-13, 9.47452497859e-14, 5.73767108044e-13, 2.86741144067e-13, 2.38526510826e-14, 4.94113705165e-15, 4.34172359862e-15, 9.84555691911e-15, 8.01461118854e-17, 1.51904967634e-18], [7.1975896774e-18, -1.12402744482e-17, 2.63127158705e-16, 7.8681070465e-16, 3.45883735607e-14, 1.6848721989e-14, 3.62189695824e-14, 4.67173949333e-15, 6.48531623098e-16, 1.12287828978e-14, -7.4843632696e-18, 7.17000419659e-17, 4.44143181731e-17, 1.44703191182e-16, 1.32375354553e-16, 3.48608506132e-16, 3.95196853478e-16, 1.47671755788e-15, 1.07901716618e-15, 2.03518173248e-15, 1.14122919505e-15, 7.18415176439e-16, 1.58394287634e-16, 1.43265935089e-16, 8.01461118854e-17, 3.06198998312e-18, 5.13688272307e-20], [7.69898406833e-19, 5.22725538447e-18, 7.1039040284e-18, 2.47382076839e-17, 6.26772066661e-15, 2.7093032797e-15, 4.75223981057e-15, 1.58133745593e-15, 2.35414093555e-16, 2.13692635072e-16, 3.71862750142e-17, 2.02360761951e-18, 1.20560436906e-18, 9.70475343453e-18, 1.60850894939e-17, 1.27124822306e-17, 1.78918240053e-17, 5.20949581671e-17, 1.59292999517e-17, 3.95429125794e-17, 2.35359023179e-17, 4.93247840624e-18, 1.21072523744e-18, 1.23200569947e-18, 1.51904967634e-18, 5.13688272307e-20, 5.88430438376e-21]]
    },
    "mfcc": {
        "kurt": [-0.311718463898, 0.115468740463, -0.445191144943, -0.315656900406, -0.134151697159, -0.491704702377, -0.461735248566, 0.496172189713, 0.740334749222, 0.386057853699, 1.42729949951, 0.257818698883, 0.137404203415],
        "max": [-795.852294922, 169.437530518, 62.9659767151, 73.4940414429, 38.2045326233, 7.61850738525, 13.4986152649, 18.2970981598, 37.4195899963, 26.2729206085, 18.0926933289, 21.1905632019, 22.9647598267],
        "mean": [-1028.66503906, 67.8112182617, 7.32762956619, 28.8412971497, -6.30225896835, -28.7721214294, -14.0171632767, -10.6068582535, -3.73843598366, -3.93521475792, -4.51475429535, -0.388504832983, -4.44891119003],
        "median": [-1039.7845459, 63.6185188293, 9.30078125, 29.5495033264, -2.85076522827, -26.0272026062, -11.297416687, -7.5263671875, -3.38117599487, -3.7434463501, -2.31415176392, -0.211494445801, -4.93910217285],
        "min": [-1138.42004395, 1.14440917969e-05, -60.9394416809, -32.69165802, -47.2748031616, -83.7503356934, -53.072013855, -60.8800239563, -29.6665725708, -26.4701690674, -41.7110481262, -32.7218475342, -27.1623935699],
        "skew": [0.625969290733, 0.713624060154, -0.242541640997, -0.100939579308, -0.386138349771, -0.502202451229, -0.523484766483, -0.892187595367, 0.330564975739, -0.0684859976172, -1.14730918407, -0.261728346348, 0.395758360624],
        "var": [5679.55908203, 1422.38745117, 582.302368164, 322.771057129, 250.61126709, 493.932250977, 183.57119751, 229.942337036, 105.475502014, 75.1531906128, 116.923683167, 81.2555770874, 89.3496322632],
        "cov": [[5702.64697266, 2417.34936523, -898.97857666, 893.399169922, -759.878295898, -1371.31945801, -615.056335449, -759.669189453, -19.8092594147, -237.197494507, -490.862518311, -180.689819336, -365.491729736], [2417.34936523, 1428.16943359, -43.7051010132, 397.565063477, -302.956512451, -635.872192383, -323.786895752, -382.61529541, -64.7581787109, -101.469604492, -231.326950073, -108.01209259, -159.75479126], [-898.97857666, -43.7051010132, 584.669433594, -26.6589260101, 160.618484497, 226.262481689, 75.8089904785, 64.8499908447, -85.2339706421, 12.5965690613, 67.277961731, -10.5686578751, 47.9015388489], [893.399169922, 397.565063477, -26.6589260101, 324.083129883, -21.1224403381, -169.009033203, -51.2465286255, -120.877159119, -49.5422821045, -66.5851287842, -66.0552215576, -8.16075801849, -68.770652771], [-759.878295898, -302.956512451, 160.618484497, -21.1224403381, 251.630020142, 287.670166016, 136.175613403, 140.268005371, 4.18649864197, 26.3219604492, 79.3511276245, 27.6000270844, 32.3313102722], [-1371.31945801, -635.872192383, 226.262481689, -169.009033203, 287.670166016, 495.940093994, 243.118423462, 235.851257324, 29.5786190033, 58.7069702148, 133.735595703, 31.111114502, 65.2163467407], [-615.056335449, -323.786895752, 75.8089904785, -51.2465286255, 136.175613403, 243.118423462, 184.317428589, 160.686965942, 27.4676456451, 42.2694549561, 70.2200088501, 9.3493013382, 21.5703315735], [-759.669189453, -382.61529541, 64.8499908447, -120.877159119, 140.268005371, 235.851257324, 160.686965942, 230.877059937, 70.4254074097, 61.3758125305, 92.8559799194, 18.4944152832, 33.3817825317], [-19.8092594147, -64.7581787109, -85.2339706421, -49.5422821045, 4.18649864197, 29.5786190033, 27.4676456451, 70.4254074097, 105.904266357, 42.961101532, -2.59685134888, -2.34782576561, -14.0203886032], [-237.197494507, -101.469604492, 12.5965690613, -66.5851287842, 26.3219604492, 58.7069702148, 42.2694549561, 61.3758125305, 42.961101532, 75.4586868286, 52.5182952881, 9.88535881042, 26.2759056091], [-490.862518311, -231.326950073, 67.277961731, -66.0552215576, 79.3511276245, 133.735595703, 70.2200088501, 92.8559799194, -2.59685134888, 52.5182952881, 117.398986816, 58.3651161194, 57.0026664734], [-180.689819336, -108.01209259, -10.5686578751, -8.16075801849, 27.6000270844, 31.111114502, 9.3493013382, 18.4944152832, -2.34782576561, 9.88535881042, 58.3651161194, 81.5858840942, 48.9834632874], [-365.491729736, -159.75479126, 47.9015388489, -68.770652771, 32.3313102722, 65.2163467407, 21.5703315735, 33.3817825317, -14.0203886032, 26.2759056091, 57.0026664734, 48.9834632874, 89.7128448486]]
    },
    "sccoeffs": {
        "kurt": [1.94956970215, 0.230794906616, 3.2659945488, 1.9066119194, 0.648067951202, 2.79954576492],
        "max": [-0.297413319349, -0.449120104313, -0.583348155022, -0.71041482687, -0.786050021648, -0.698278725147],
        "mean": [-0.759568035603, -0.798604667187, -0.84911942482, -0.873240053654, -0.872458279133, -0.847763359547],
        "median": [-0.804089784622, -0.830831050873, -0.868031203747, -0.881052494049, -0.872439682484, -0.857854545116],
        "min": [-0.990025520325, -0.968811154366, -0.960089325905, -0.98160558939, -0.943544507027, -0.924750030041],
        "skew": [1.60267317295, 1.00327348709, 1.67129969597, 1.17559015751, 0.236106514931, 1.48496377468],
        "var": [0.0188920982182, 0.0104166865349, 0.00397998653352, 0.00154486054089, 0.000601329200435, 0.00120296014939],
        "cov": [[0.0189688969404, 0.00765884201974, 0.00446308078244, 0.00295137008652, 0.00167541811243, 0.00329531030729], [0.00765884201974, 0.0104590309784, 0.00314722093754, 0.00171299395151, 0.00119910878129, 0.00173897307832], [0.00446308078244, 0.00314722093754, 0.00399616546929, 0.00148978258949, 0.000823533744551, 0.0010675865924], [0.00295137008652, 0.00171299395151, 0.00148978258949, 0.00155114044901, 0.000567533250432, 0.000771697261371], [0.00167541811243, 0.00119910878129, 0.000823533744551, 0.000567533250432, 0.000603773631155, 0.000470877683256], [0.00329531030729, 0.00173897307832, 0.0010675865924, 0.000771697261371, 0.000470877683256, 0.00120785017498]]
    },
    "scvalleys": {
        "kurt": [12.2988233566, 4.37916755676, 6.70941257477, 7.12349414825, 3.74388551712, 1.88656377792],
        "max": [-7.94786596298, -5.2691617012, -7.84393644333, -8.79661846161, -7.81313657761, -9.50249576569],
        "mean": [-10.0007658005, -9.2743473053, -10.3857984543, -10.8590717316, -10.4106225967, -12.6174221039],
        "median": [-9.96887779236, -9.32367992401, -10.3199262619, -10.7680244446, -10.371632576, -12.6969680786],
        "min": [-17.8764057159, -17.8266429901, -17.5269088745, -18.1631507874, -17.1680755615, -18.1935443878],
        "skew": [-2.15254282951, -0.606562018394, -1.52239835262, -1.80856347084, -1.29454660416, -0.842506229877],
        "var": [1.1525131464, 2.24836349487, 1.34337973595, 1.34652662277, 1.64404988289, 1.53255999088],
        "cov": [[1.15719819069, 1.19271624088, 0.904585897923, 0.919811010361, 0.9714179039, 0.840847730637], [1.19271624088, 2.25750303268, 1.55873191357, 1.48026406765, 1.64740121365, 1.27511632442], [0.904585897923, 1.55873191357, 1.34884059429, 1.25338852406, 1.35765063763, 1.13076758385], [0.919811010361, 1.48026406765, 1.25338852406, 1.35200023651, 1.4253692627, 1.27825856209], [0.9714179039, 1.64740121365, 1.35765063763, 1.4253692627, 1.65073299408, 1.44479835033], [0.840847730637, 1.27511632442, 1.13076758385, 1.27825856209, 1.44479835033, 1.53878998756]]
    }
},
"rhythm": {
    "beats_loudness": {
        "kurt": 3.96572828293,
        "max": 0.00153771962505,
        "mean": 0.000247229327215,
        "median": 4.59261209471e-05,
        "min": 2.34856827319e-07,
        "skew": 2.174888134,
        "var": 1.70874855598e-07
    },
    "bpm": 161.499008179,
    "confidence": 0,
    "first_peak_bpm": {
        "kurt": 0,
        "max": 161,
        "mean": 161,
        "median": 161,
        "min": 161,
        "skew": 0,
        "var": 0
    },
    "first_peak_spread": {
        "kurt": 0,
        "max": 0.384615361691,
        "mean": 0.384615361691,
        "median": 0.384615361691,
        "min": 0.384615361691,
        "skew": 0,
        "var": 0
    },
    "first_peak_weight": {
        "kurt": 0,
        "max": 0.615384638309,
        "mean": 0.615384638309,
        "median": 0.615384638309,
        "min": 0.615384638309,
        "skew": 0,
        "var": 0
    },
    "onset_rate": 3.33313441277,
    "second_peak_bpm": {
        "kurt": 0,
        "max": 0,
        "mean": 0,
        "median": 0,
        "min": 0,
        "skew": 0,
        "var": 0
    },
    "second_peak_spread": {
        "kurt": 0,
        "max": 0,
        "mean": 0,
        "median": 0,
        "min": 0,
        "skew": 0,
        "var": 0
    },
    "second_peak_weight": {
        "kurt": 0,
        "max": 0,
        "mean": 0,
        "median": 0,
        "min": 0,
        "skew": 0,
        "var": 0
    },
    "beats_loudness_band_ratio": {
        "kurt": [-0.155668973923, -1.38446938992, -1.09736943245, 1.51900100708, 0.278084993362, 0.292894124985],
        "max": [0.265240520239, 0.952991187572, 0.875150859356, 0.12349294126, 0.390139520168, 0.303086578846],
        "mean": [0.0769952610135, 0.454664856195, 0.334916651249, 0.0292207133025, 0.0933664813638, 0.0779196247458],
        "median": [0.0506463348866, 0.393957495689, 0.210149198771, 0.0155045129359, 0.023209925741, 0.0379258058965],
        "min": [0.002515375847, 0.0527257993817, 0.0102103790268, 0.000581608328503, 0.00124043703545, 0.00202558329329],
        "skew": [0.95963203907, 0.403765439987, 0.743410587311, 1.51347792149, 1.23878955841, 1.30646061897],
        "var": [0.00638200482354, 0.109921701252, 0.0909838452935, 0.00117832014803, 0.0143810007721, 0.00917612295598],
        "cov": [[0.00687292870134, -0.00342101231217, -0.0121546396986, 0.000645015796181, 0.00350860273466, 0.00420327344909], [-0.00342101231217, 0.11837721616, -0.0623171143234, -0.00457463599741, -0.0235285293311, -0.0210389029235], [-0.0121546396986, -0.0623171143234, 0.0979826003313, -0.000501397589687, -0.0112113868818, -0.00801590271294], [0.000645015796181, -0.00457463599741, -0.000501397589687, 0.00126896006986, 0.00265453360043, 0.0013105198741], [0.00350860273466, -0.0235285293311, -0.0112113868818, 0.00265453360043, 0.0154872322455, 0.0114242341369], [0.00420327344909, -0.0210389029235, -0.00801590271294, 0.0013105198741, 0.0114242341369, 0.00988197885454]]
    },
    "beats_position": [0.359909296036, 0.731428563595, 1.11455774307, 1.48607707024, 1.8575963974, 2.22911548615, 2.60063481331, 2.97215414047, 3.34367346764, 3.72680258751, 4.1099319458, 4.49306106567, 4.87619018555, 5.24770975113],
    "bpm_estimates": [161.499023438, 161.49899292, 161.49899292, 161.499099731, 161.49899292, 161.49899292, 161.49899292, 161.498901367],
    "bpm_intervals": [0.371519267559, 0.383129179478, 0.371519327164, 0.371519327164, 0.371519088745, 0.371519327164, 0.371519327164, 0.371519327164, 0.383129119873, 0.383129358292, 0.383129119873, 0.383129119873, 0.371519565582],
    "onset_times": [0.0464399084449, 0.27863946557, 0.49922901392, 0.917188227177, 1.1261677742, 1.38158726692, 1.68344676495, 2.08979582787, 2.60063481331, 2.72834467888, 2.83283448219, 2.94893431664, 3.07664394379, 3.1811337471, 3.30884361267, 3.54104304314, 4.57433128357, 4.95746040344, 5.27092981339],
    "histogram": [[0, 0, 0, 0, 0, 0, 0, 0, 0, 0, 0, 0, 0, 0, 0, 0, 0, 0, 0, 0, 0, 0, 0, 0, 0, 0, 0, 0, 0, 0, 0, 0, 0, 0, 0, 0, 0, 0, 0, 0, 0, 0, 0, 0, 0, 0, 0, 0, 0, 0, 0, 0, 0, 0, 0, 0, 0, 0, 0, 0, 0, 0, 0, 0, 0, 0, 0, 0, 0, 0, 0, 0, 0, 0, 0, 0, 0, 0, 0, 0, 0, 0, 0, 0, 0, 0, 0, 0, 0, 0, 0, 0, 0, 0, 0, 0, 0, 0, 0, 0, 0, 0, 0, 0, 0, 0, 0, 0, 0, 0, 0, 0, 0, 0, 0, 0, 0, 0, 0, 0, 0, 0, 0, 0, 0, 0, 0, 0, 0, 0, 0, 0, 0, 0, 0, 0, 0, 0, 0, 0, 0, 0, 0, 0, 0, 0, 0, 0, 0, 0, 0, 0, 0, 0, 0, 0, 0, 0.384615391493, 0, 0, 0, 0.615384638309, 0, 0, 0, 0, 0, 0, 0, 0, 0, 0, 0, 0, 0, 0, 0, 0, 0, 0, 0, 0, 0, 0, 0, 0, 0, 0, 0, 0, 0, 0, 0, 0, 0, 0, 0, 0, 0, 0, 0, 0, 0, 0, 0, 0, 0, 0, 0, 0, 0, 0, 0, 0, 0, 0, 0, 0, 0, 0, 0, 0, 0, 0, 0, 0, 0, 0, 0, 0, 0, 0, 0, 0, 0, 0, 0, 0, 0, 0, 0, 0, 0, 0, 0, 0, 0, 0, 0, 0]]
},
"sfx": {
    "inharmonicity": {
        "kurt": 4.81344032288,
        "max": 0.41576808691,
        "mean": 0.0480585098267,
        "median": 0.0126498695463,
        "min": 0,
        "skew": 2.11125993729,
        "var": 0.00523062003776
    },
    "oddtoevenharmonicenergyratio": {
        "kurt": 31.4558982849,
        "max": 24.995010376,
        "mean": 1.02980351448,
        "median": 0.122562117875,
        "min": 0,
        "skew": 5.12005805969,
        "var": 7.59468746185
    },
    "pitch_after_max_to_before_max_energy_ratio": 10.1344175339,
    "pitch_centroid": 122.52696228,
    "pitch_max_to_total": 0.0647773295641,
    "pitch_min_to_total": 0.817813754082,
    "tristimulus": {
        "kurt": [-1.27849268913, 0.00544404983521, -0.50243973732],
        "max": [1, 0.925157546997, 0.877594172955],
        "mean": [0.519984722137, 0.245073005557, 0.234942063689],
        "median": [0.489102572203, 0.210512027144, 0.201212778687],
        "min": [0, 0, 0],
        "skew": [0.127698376775, 0.776858150959, 0.554597914219],
        "var": [0.107715137303, 0.0458239018917, 0.0402001924813],
        "cov": [[0.108153000474, -0.0568997375667, -0.0512531884015], [-0.0568997375667, 0.0460101775825, 0.0108895618469], [-0.0512531884015, 0.0108895618469, 0.0403636060655]]
    }
},
"tonal": {
    "chords_changes_rate": 0.0403225794435,
    "chords_number_rate": 0.0403225794435,
    "chords_strength": {
        "kurt": -0.977802276611,
        "max": 0.727060556412,
        "mean": 0.532420992851,
        "median": 0.541294813156,
        "min": 0.259237766266,
        "skew": -0.274858504534,
        "var": 0.0150462770835
    },
    "key_strength": 0.553833603859,
    "tuning_diatonic_strength": 0.641278505325,
    "tuning_equal_tempered_deviation": 0.261018842459,
    "tuning_frequency": 448.985931396,
    "tuning_nontempered_energy_ratio": 0.893180429935,
    "hpcp": {
        "kurt": [1.70982456207, 0.989496231079, -0.0575478076935, -0.0874950885773, 1.36958217621, 2.44738769531, 1.30172204971, 1.61675834656, 0.65660905838, 0.946054697037, 1.13676929474, 1.16547441483, 0.958165884018, 2.32595586777, 2.14672660828, 1.86505460739, 1.46971940994, 1.89041948318, 2.48864221573, 3.66050624847, 3.42796468735, 1.05515480042, 0.151449918747, 0.599800825119, 0.679910182953, 3.85765218735, 3.74094486237, 4.08406448364, 3.30669212341, 2.52705287933, 3.20048046112, 3.2562789917, 2.59460163116, 3.35572767258, 0.447952270508, 0.770065784454],
        "max": [1, 1, 1, 1, 1, 1, 1, 1, 1, 1, 1, 1, 1, 1, 1, 1, 1, 1, 1, 0.984219670296, 1, 1, 1, 1, 1, 1, 1, 1, 1, 1, 1, 1, 1, 1, 1, 1],
        "mean": [0.206910416484, 0.238622024655, 0.295282810926, 0.287793070078, 0.223570019007, 0.208196371794, 0.225069195032, 0.213269427419, 0.207218572497, 0.222536504269, 0.225363269448, 0.227381408215, 0.221306279302, 0.18996052444, 0.185405954719, 0.204261079431, 0.213320150971, 0.188606411219, 0.154493376613, 0.140817686915, 0.162158831954, 0.218319013715, 0.252257585526, 0.232664108276, 0.19367235899, 0.154576167464, 0.142006039619, 0.157594144344, 0.165925040841, 0.184325605631, 0.180679038167, 0.172948896885, 0.184265986085, 0.196507751942, 0.231957376003, 0.232482373714],
